{"lowlevel": {"erbbands": {"mean": [0.146152481437, 1.2327671051, 2.68353581429, 3.6341676712, 2.31936001778, 7.41312646866, 14.5506601334, 17.7630233765, 17.9393482208, 19.7445850372, 26.7374649048, 30.9089431763, 47.7666893005, 55.531085968, 55.6770248413, 34.9018821716, 41.280872345, 90.1448440552, 35.9560623169, 33.1009979248, 14.5580425262, 11.9476394653, 10.544090271, 9.90240383148, 5.884308815, 8.90626811981, 11.3524875641, 8.02889156342, 5.72655963898, 6.69464969635, 4.37004041672, 2.54581570625, 1.75881814957, 1.28440344334, 0.690197110176, 0.405054062605, 0.0993781834841, 0.0123568875715, 0.00158634711988, 7.99978297437e-05], "dvar": [0.123983077705, 10.8156814575, 55.6857528687, 44.7655715942, 12.884519577, 96.5986862183, 322.503387451, 631.990478516, 1037.61132812, 999.620239258, 2678.0559082, 4284.87060547, 6662.81542969, 9172.64550781, 7011.84667969, 2204.78100586, 4277.0078125, 13883.3476562, 2659.96337891, 4788.14355469, 607.891174316, 183.793197632, 132.979202271, 140.577331543, 53.8319129944, 155.46786499, 199.95135498, 131.269546509, 71.1714248657, 77.1758880615, 44.2245521545, 28.0765323639, 13.8299064636, 6.38581848145, 2.15770745277, 1.93768012524, 0.0972304567695, 0.00172175548505, 3.6370507587e-05, 3.89230550013e-08], "min": [2.09366259088e-22, 4.43571968411e-21, 1.47197032342e-20, 3.81008695924e-20, 2.74908151607e-19, 7.14748931225e-19, 3.32273980117e-19, 1.38021004716e-19, 8.39804009086e-19, 1.3584571099e-18, 1.20763995715e-18, 6.49762572074e-19, 2.23817082579e-18, 2.26497168443e-18, 5.21304979822e-18, 4.34212870205e-18, 3.90145526175e-18, 9.65735598543e-18, 4.57359203542e-18, 6.84786226391e-18, 7.50024761891e-18, 8.19721594097e-18, 1.06572643176e-17, 9.26841731577e-18, 1.36175567871e-17, 2.43053920458e-17, 1.8318409319e-17, 1.78572164228e-17, 1.88739735969e-17, 1.70295775522e-17, 2.04434148059e-17, 1.85399448306e-17, 1.61659232377e-17, 9.7902400693e-18, 7.87484380393e-18, 6.56445612397e-18, 3.34403086145e-18, 1.5147503017e-18, 3.53516391838e-19, 3.481255847e-20], "dmean": [0.113468050957, 1.00183451176, 2.14326524734, 2.18161439896, 1.45085334778, 4.52466917038, 8.09700965881, 10.3466682434, 11.7751426697, 11.6723632812, 16.7818069458, 21.5892410278, 25.7836551666, 25.7161521912, 24.7611885071, 16.7474861145, 19.1904525757, 33.5822067261, 16.0134525299, 17.6167488098, 8.56265830994, 6.18976259232, 5.80810213089, 5.61051607132, 3.51245141029, 4.74849081039, 6.70928907394, 5.06554508209, 3.81822776794, 3.98664307594, 2.64978718758, 1.89409840107, 1.28782761097, 0.93766605854, 0.537339866161, 0.402512609959, 0.0960748419166, 0.0127087915316, 0.00171471666545, 6.24956592219e-05], "dmean2": [0.196473002434, 1.73125433922, 3.89639210701, 3.87095594406, 2.55532956123, 7.75937795639, 13.2180376053, 16.4216518402, 18.8004493713, 18.4569377899, 25.5003147125, 33.5926208496, 37.4315719604, 36.6955947876, 35.5737953186, 23.87657547, 26.603105545, 46.0713233948, 23.5091629028, 25.7789840698, 12.9820775986, 9.11761474609, 8.96189212799, 8.59614753723, 5.72723340988, 7.31933259964, 10.451915741, 7.80406951904, 5.84630012512, 5.92085027695, 3.84972023964, 2.82673716545, 1.91785180569, 1.38344562054, 0.803166806698, 0.642099261284, 0.149126425385, 0.0198403634131, 0.00272606918588, 9.89613181446e-05], "dvar2": [0.342482119799, 29.8274745941, 161.058883667, 130.492752075, 36.9189949036, 266.981842041, 814.063903809, 1378.92126465, 2396.24682617, 2304.0859375, 5546.42675781, 10170.8271484, 14087.4501953, 18875.2558594, 14525.9902344, 3772.23266602, 7508.78320312, 26698.828125, 5531.90625, 10686.5751953, 1308.51733398, 325.926513672, 301.719299316, 300.697723389, 142.472396851, 304.729003906, 456.03225708, 299.632232666, 162.70854187, 167.90461731, 89.1957015991, 61.3107872009, 31.1800498962, 14.6407060623, 4.90784978867, 4.90234279633, 0.227484121919, 0.00415261648595, 8.87758724275e-05, 9.57914494393e-08], "max": [3.27460598946, 29.2373943329, 71.2216339111, 80.9720993042, 44.3148536682, 182.731933594, 368.527313232, 734.638183594, 880.9921875, 837.502685547, 1205.40612793, 1579.52001953, 3108.23291016, 2994.91430664, 2795.94799805, 1732.47119141, 2265.66552734, 3739.8996582, 2877.01464844, 3900.84228516, 755.393676758, 431.666687012, 292.889343262, 324.900665283, 240.716598511, 532.618896484, 316.810577393, 229.179626465, 162.738464355, 147.322402954, 180.880218506, 147.45640564, 103.704193115, 73.5545349121, 33.2201576233, 18.1618671417, 4.62659645081, 0.833341956139, 0.149938210845, 0.00516619393602], "median": [0.0781246498227, 0.669973134995, 1.42525362968, 2.44474983215, 1.43479728699, 2.95840549469, 5.11229705811, 7.29884958267, 7.18808269501, 6.61355304718, 6.64252519608, 9.1021938324, 11.381606102, 10.4268159866, 12.3222122192, 10.1163387299, 7.44776964188, 9.15242195129, 6.65328836441, 6.85012245178, 5.26529979706, 5.00994348526, 4.78714370728, 4.22007989883, 3.15702819824, 2.72208833694, 3.48005151749, 2.8179693222, 1.82526659966, 1.65565311909, 0.963445603848, 0.567873835564, 0.416151344776, 0.273923844099, 0.112855747342, 0.0497739836574, 0.010656259954, 0.000984004349448, 4.69156002509e-05, 2.89230029011e-05], "var": [0.0913137421012, 7.31560564041, 32.7780036926, 30.5409431458, 11.0531749725, 155.464263916, 697.834228516, 1373.45898438, 1391.82958984, 2114.31713867, 5760.92041016, 5563.62011719, 19638.0839844, 28808.03125, 26360.8554688, 9356.98925781, 16498.4316406, 105449.5625, 19217.4023438, 9965.46289062, 1130.41711426, 611.480102539, 279.781860352, 330.637756348, 72.5908660889, 709.792785645, 478.180236816, 243.038543701, 102.340164185, 153.310073853, 91.1669769287, 40.8704910278, 20.0495643616, 9.28109931946, 2.88788986206, 1.69217348099, 0.0982338264585, 0.00168831238989, 3.44287545886e-05, 3.62052254843e-08]}, "gfcc": {"icov": [[0.000114097638289, 7.33833294362e-05, 7.72007697378e-05, -8.29278797028e-05, 0.000141593263834, -6.95142807672e-05, -1.26595368783e-05, -9.58963864832e-05, 0.000122723533423, -0.000127190636704, 4.30179970863e-05, -1.43244915307e-05, 4.48310893262e-05], [7.33833294362e-05, 0.00153016904369, -7.29448584025e-05, -0.000229953380767, -0.000421626027673, 0.000383440317819, -0.000465232791612, 0.000302376574837, -0.000587589922361, 0.00183467729948, -0.00169286050368, 0.00164394173771, -0.00127055542544], [7.72007697378e-05, -7.29448584025e-05, 0.00138297281228, -0.000617107667495, 0.000143629004015, -2.02392711799e-05, 0.000482463918161, -0.000927811255679, 0.000415859045461, -4.2347717681e-05, -0.000481752562337, -0.00016246123414, 0.000707081169821], [-8.29278797028e-05, -0.000229953380767, -0.000617107667495, 0.00390141899697, -0.00180119345896, 0.000404939928558, -5.48856369278e-05, -0.000108792148239, -0.000973896181677, 0.000284003763227, 0.000421845616074, 0.000577318714932, -0.0003232814488], [0.000141593263834, -0.000421626027673, 0.000143629004015, -0.00180119345896, 0.00637411791831, -0.000592299737036, -0.00198546145111, 0.000562558474485, -0.00109517318197, -0.000947519612964, -0.000177168854862, -6.18960548309e-05, 0.00116781622637], [-6.95142807672e-05, 0.000383440317819, -2.02392711799e-05, 0.000404939928558, -0.000592299737036, 0.00537994550541, -0.00222425884567, 0.000142685807077, 0.000470458297059, -0.000821534951683, -0.000422926503234, -0.00038236239925, 0.000751057697926], [-1.26595368783e-05, -0.000465232791612, 0.000482463918161, -5.48856369278e-05, -0.00198546145111, -0.00222425884567, 0.00704721547663, -0.000462400290417, 0.000305559195112, 0.00098200829234, -0.00014287319209, -0.000247316085733, 0.000906893284991], [-9.58963864832e-05, 0.000302376574837, -0.000927811255679, -0.000108792148239, 0.000562558474485, 0.000142685807077, -0.000462400290417, 0.00930664874613, -0.00476031703874, 0.00116653263103, 0.000583766435739, -0.00116415566299, -0.00126543070655], [0.000122723533423, -0.000587589922361, 0.000415859045461, -0.000973896181677, -0.00109517318197, 0.000470458297059, 0.000305559195112, -0.00476031703874, 0.0131843378767, -0.00309869274497, 0.000860198750161, -0.000464361102786, 2.64744312517e-06], [-0.000127190636704, 0.00183467729948, -4.2347717681e-05, 0.000284003763227, -0.000947519612964, -0.000821534951683, 0.00098200829234, 0.00116653263103, -0.00309869274497, 0.0146549427882, -0.00465899845585, 0.000195808301214, 0.0014119084226], [4.30179970863e-05, -0.00169286050368, -0.000481752562337, 0.000421845616074, -0.000177168854862, -0.000422926503234, -0.00014287319209, 0.000583766435739, 0.000860198750161, -0.00465899845585, 0.0131400944665, -0.00178277119994, -0.000265625480097], [-1.43244915307e-05, 0.00164394173771, -0.00016246123414, 0.000577318714932, -6.18960548309e-05, -0.00038236239925, -0.000247316085733, -0.00116415566299, -0.000464361102786, 0.000195808301214, -0.00178277119994, 0.014855013229, -0.00489714089781], [4.48310893262e-05, -0.00127055542544, 0.000707081169821, -0.0003232814488, 0.00116781622637, 0.000751057697926, 0.000906893284991, -0.00126543070655, 2.64744312517e-06, 0.0014119084226, -0.000265625480097, -0.00489714089781, 0.0140274632722]], "mean": [-11.7997493744, 90.6577301025, -108.411010742, 28.7496433258, -60.2717857361, 22.4629116058, -32.0071792603, 9.7635974884, -21.3748874664, 7.73296070099, -14.5950222015, 4.78028392792, -7.26749753952], "cov": [[11063.6230469, -1439.54589844, -640.999816895, -199.283981323, -359.098999023, 244.46572876, -64.5303955078, 30.290140152, -125.657783508, 206.570587158, -141.74369812, 121.738380432, -95.2705230713], [-1439.54589844, 1392.03930664, 141.712585449, 201.695465088, 171.035461426, -111.958702087, 98.9436645508, -12.0280179977, 50.2831344604, -151.985061646, 111.855407715, -116.824867249, 89.0865783691], [-640.999816895, 141.712585449, 926.341064453, 164.265792847, 28.3322563171, -47.0503616333, -52.2038345337, 89.1163711548, 27.8703022003, -8.74187374115, 37.0306625366, -7.91580677032, -17.6367492676], [-199.283981323, 201.695465088, 164.265792847, 371.129577637, 129.824493408, -25.4568309784, 34.44373703, 29.9296474457, 48.9109535217, -18.6646442413, 7.00356388092, -29.0367908478, 2.07174158096], [-359.098999023, 171.035461426, 28.3322563171, 129.824493408, 256.338378906, 41.4075279236, 95.0361938477, -6.72546482086, 33.1194419861, 2.08908200264, 21.1130332947, -23.967710495, -20.2895393372], [244.46572876, -111.958702087, -47.0503616333, -25.4568309784, 41.4075279236, 251.365310669, 87.0248413086, -15.4512519836, -13.6226415634, 30.9169979095, 6.57352161407, 9.10026741028, -32.8709602356], [-64.5303955078, 98.9436645508, -52.2038345337, 34.44373703, 95.0361938477, 87.0248413086, 209.24331665, -6.85874652863, 3.13175797462, -10.3307666779, 10.8516740799, -11.3559055328, -16.8443546295], [30.290140152, -12.0280179977, 89.1163711548, 29.9296474457, -6.72546482086, -15.4512519836, -6.85874652863, 150.840209961, 53.2858734131, -4.93021917343, -9.03984260559, 18.8123893738, 17.3321094513], [-125.657783508, 50.2831344604, 27.8703022003, 48.9109535217, 33.1194419861, -13.6226415634, 3.13175797462, 53.2858734131, 106.980964661, 11.0303764343, 1.39088475704, 2.40362000465, 6.99006748199], [206.570587158, -151.985061646, -8.74187374115, -18.6646442413, 2.08908200264, 30.9169979095, -10.3307666779, -4.93021917343, 11.0303764343, 102.305625916, 17.8670864105, 11.8311214447, -21.8528289795], [-141.74369812, 111.855407715, 37.0306625366, 7.00356388092, 21.1130332947, 6.57352161407, 10.8516740799, -9.03984260559, 1.39088475704, 17.8670864105, 99.6185302734, 0.984021782875, 5.68380403519], [121.738380432, -116.824867249, -7.91580677032, -29.0367908478, -23.967710495, 9.10026741028, -11.3559055328, 18.8123893738, 2.40362000465, 11.8311214447, 0.984021782875, 90.4818878174, 23.1141204834], [-95.2705230713, 89.0865783691, -17.6367492676, 2.07174158096, -20.2895393372, -32.8709602356, -16.8443546295, 17.3321094513, 6.99006748199, -21.8528289795, 5.68380403519, 23.1141204834, 97.0760345459]]}, "spectral_skewness": {"mean": 1.61539137363, "dvar": 0.0737192109227, "min": -0.212675780058, "dmean": 0.225587666035, "dmean2": 0.355368793011, "dvar2": 0.168227538466, "max": 5.18809318542, "median": 1.54842066765, "var": 0.239807620645}, "spectral_energyband_low": {"mean": 0.00872066803277, "dvar": 0.000325545144733, "min": 3.21366565777e-23, "dmean": 0.00583100412041, "dmean2": 0.009855392389, "dvar2": 0.000867959286552, "max": 0.141614079475, "median": 0.00574567681178, "var": 0.000244316208409}, "spectral_energyband_middle_low": {"mean": 0.00935868825763, "dvar": 5.4482206906e-05, "min": 3.96688866719e-22, "dmean": 0.00410299142823, "dmean2": 0.00660153152421, "dvar2": 0.000138970426633, "max": 0.0851617977023, "median": 0.00639677932486, "var": 9.25646527321e-05}, "mfcc": {"icov": [[0.000138952207635, 3.19824175676e-05, 7.08421357558e-05, 3.16762052535e-05, 0.000203538904316, -5.7656710851e-05, 9.39780002227e-05, 3.21024999721e-05, -6.37584016658e-05, -2.97331680486e-05, -1.79312519322e-05, -6.30346039543e-05, -2.67039231403e-05], [3.19824175676e-05, 0.00110255938489, 3.34805299644e-05, -0.000494129257277, -0.000326949812006, 0.000287252594717, -0.000721089018043, -0.000156855894602, 0.000134085465106, 0.000484294490889, -0.000382438418455, 0.000348450557794, 0.000168230282725], [7.08421357558e-05, 3.34805299644e-05, 0.00187956530135, -3.96145078412e-05, -0.00102709466591, 0.000538309221156, -0.000457959307823, 6.43565590508e-06, 0.000176435263711, 0.000283628847683, -0.000223613315029, -0.000510517274961, -0.000218762535951], [3.16762052535e-05, -0.000494129257277, -3.96145078412e-05, 0.00369959417731, -0.00131581386086, -0.000373185786884, 5.5132968555e-06, -0.000148655846715, -0.0010350412922, -0.000249399017775, 0.00128095888067, -0.00169379706495, 7.82389179221e-05], [0.000203538904316, -0.000326949812006, -0.00102709466591, -0.00131581386086, 0.00714107649401, -0.000210402693483, 0.000825690396596, 0.000149947518366, -0.000781163398642, -0.00108945055399, -9.54445204115e-05, -0.00115170388017, -0.00041188969044], [-5.7656710851e-05, 0.000287252594717, 0.000538309221156, -0.000373185786884, -0.000210402693483, 0.00560459354892, -0.00239167967811, -0.00115317921154, 0.00153243821114, -0.00166988396086, -0.000595903547946, 0.0010739385616, -0.000650330272038], [9.39780002227e-05, -0.000721089018043, -0.000457959307823, 5.5132968555e-06, 0.000825690396596, -0.00239167967811, 0.00802442617714, -0.00122561922763, 0.000508143450134, -0.000361582817277, -0.000596460246015, -0.000833265366964, 0.000507956836373], [3.21024999721e-05, -0.000156855894602, 6.43565590508e-06, -0.000148655846715, 0.000149947518366, -0.00115317921154, -0.00122561922763, 0.00935093034059, -0.00327226053923, -0.00134166807402, 4.11201290262e-05, 0.000417453062255, -0.00139399874024], [-6.37584016658e-05, 0.000134085465106, 0.000176435263711, -0.0010350412922, -0.000781163398642, 0.00153243821114, 0.000508143450134, -0.00327226053923, 0.0103827239946, -0.00040627742419, -3.44332329405e-05, 0.000920504215173, -0.000283634610241], [-2.97331680486e-05, 0.000484294490889, 0.000283628847683, -0.000249399017775, -0.00108945055399, -0.00166988396086, -0.000361582817277, -0.00134166807402, -0.00040627742419, 0.0102729871869, -0.0015238536289, -0.0011436479399, 0.000518753833603], [-1.79312519322e-05, -0.000382438418455, -0.000223613315029, 0.00128095888067, -9.54445204115e-05, -0.000595903547946, -0.000596460246015, 4.11201290262e-05, -3.44332329405e-05, -0.0015238536289, 0.0114302737638, -0.00106034672353, 0.000316874065902], [-6.30346039543e-05, 0.000348450557794, -0.000510517274961, -0.00169379706495, -0.00115170388017, 0.0010739385616, -0.000833265366964, 0.000417453062255, 0.000920504215173, -0.0011436479399, -0.00106034672353, 0.0112726800144, -0.00215457612649], [-2.67039231403e-05, 0.000168230282725, -0.000218762535951, 7.82389179221e-05, -0.00041188969044, -0.000650330272038, 0.000507956836373, -0.00139399874024, -0.000283634610241, 0.000518753833603, 0.000316874065902, -0.00215457612649, 0.0147277098149]], "mean": [-656.873657227, 120.308326721, 10.1223526001, 15.8654346466, -0.759312808514, 10.7353458405, 1.24130117893, 4.35752534866, 3.12010455132, 0.307861685753, 1.46270430088, 1.37665247917, 0.431351572275], "cov": [[8421.48535156, -588.929016113, -614.33972168, -328.719787598, -406.652557373, 98.00730896, -126.13533783, -38.952545166, -7.49151277542, 18.1363506317, 9.77651786804, -67.8248672485, -2.67969202995], [-588.929016113, 1133.09460449, 100.999328613, 192.276184082, 102.995697021, -21.1114292145, 102.950042725, 30.8498001099, 12.3883056641, -33.1818847656, 19.221862793, 9.70493602753, -9.8009929657], [-614.33972168, 100.999328613, 681.45513916, 97.6903076172, 143.892532349, -69.6928710938, 24.4484500885, -2.4386548996, 6.57290077209, -10.7686367035, 7.75480079651, 64.5696182251, 16.9936065674], [-328.719787598, 192.276184082, 97.6903076172, 398.343383789, 121.873779297, 3.04195284843, 21.6032180786, 29.6895542145, 45.6283187866, 19.8366031647, -25.9310855865, 67.4408035278, 12.7545595169], [-406.652557373, 102.995697021, 143.892532349, 121.873779297, 212.321060181, -11.7307415009, 1.75791692734, 11.6491117477, 24.3744068146, 20.3806533813, -0.265953719616, 44.2778816223, 12.2729148865], [98.00730896, -21.1114292145, -69.6928710938, 3.04195284843, -11.7307415009, 258.157287598, 81.3914642334, 42.9285011292, -23.6577625275, 52.9011230469, 20.8445568085, -12.2412691116, 7.13665342331], [-126.13533783, 102.950042725, 24.4484500885, 21.6032180786, 1.75791692734, 81.3914642334, 169.859649658, 33.9684028625, -9.73334693909, 21.7424411774, 17.9987430573, 8.84391212463, -0.203129157424], [-38.952545166, 30.8498001099, -2.4386548996, 29.6895542145, 11.6491117477, 42.9285011292, 33.9684028625, 137.636611938, 40.0785865784, 28.259054184, 4.75529336929, 0.252544164658, 13.1714763641], [-7.49151277542, 12.3883056641, 6.57290077209, 45.6283187866, 24.3744068146, -23.6577625275, -9.73334693909, 40.0785865784, 119.338233948, 7.75333070755, -4.94247865677, 0.942327558994, 5.73575401306], [18.1363506317, -33.1818847656, -10.7686367035, 19.8366031647, 20.3806533813, 52.9011230469, 21.7424411774, 28.259054184, 7.75333070755, 119.406158447, 17.6935825348, 14.8879318237, 2.71818518639], [9.77651786804, 19.221862793, 7.75480079651, -25.9310855865, -0.265953719616, 20.8445568085, 17.9987430573, 4.75529336929, -4.94247865677, 17.6935825348, 96.1491394043, 6.0886797905, -1.10294628143], [-67.8248672485, 9.70493602753, 64.5696182251, 67.4408035278, 44.2778816223, -12.2412691116, 8.84391212463, 0.252544164658, 0.942327558994, 14.8879318237, 6.0886797905, 112.605644226, 16.6199436188], [-2.67969202995, -9.8009929657, 16.9936065674, 12.7545595169, 12.2729148865, 7.13665342331, -0.203129157424, 13.1714763641, 5.73575401306, 2.71818518639, -1.10294628143, 16.6199436188, 72.5728988647]]}, "silence_rate_20dB": {"mean": 1, "dvar": 0, "min": 1, "dmean": 0, "dmean2": 0, "dvar2": 0, "max": 1, "median": 1, "var": 0}, "dynamic_complexity": 4.05929279327, "silence_rate_60dB": {"mean": 0.0507099404931, "dvar": 0.0107022505254, "min": 0, "dmean": 0.0108195831999, "dmean2": 0.021642094478, "dvar2": 0.0257740598172, "max": 1, "median": 0, "var": 0.0481381416321}, "dissonance": {"mean": 0.447160691023, "dvar": 0.000597170495894, "min": 0.195803135633, "dmean": 0.0253997780383, "dmean2": 0.0421988219023, "dvar2": 0.00153801217675, "max": 0.499993979931, "median": 0.455690920353, "var": 0.00141075009014}, "barkbands": {"mean": [0.000244872266194, 0.00538516044617, 0.00238506798632, 0.000961375655606, 0.00184752291534, 0.00218563573435, 0.00126503920183, 0.00101462157909, 0.00150138954632, 0.00146835262422, 0.00172968616243, 0.000758063630201, 0.000986921018921, 0.00145366333891, 0.000710484979209, 0.000261181761744, 0.000236204024986, 0.00021425151499, 0.000132708330057, 0.000168634898728, 0.000253338483162, 0.000172927902895, 0.000170598214027, 0.000112819761853, 0.000104908147478, 6.80874290993e-05, 7.56735016694e-06], "dvar": [2.51626261161e-07, 0.000184531585546, 4.12329100072e-05, 2.58643353845e-06, 5.19957347933e-06, 6.51301706966e-06, 5.11144980919e-06, 3.48107118953e-06, 1.05935851025e-05, 9.80702589004e-06, 6.7243850026e-06, 1.33253433887e-06, 3.03482056552e-06, 4.81822326037e-06, 1.11971189654e-06, 6.63196317419e-07, 1.05859378152e-07, 6.3237827419e-08, 2.7824448523e-08, 5.26619921004e-08, 9.0809670894e-08, 6.07674195408e-08, 6.06872632147e-08, 5.43705276357e-08, 4.26284607613e-08, 5.27390220384e-08, 8.41313352318e-10], "min": [5.41755995206e-25, 1.63845195169e-23, 1.0827882697e-23, 2.17620596677e-23, 1.70053281213e-22, 1.09570602479e-23, 7.78161931862e-23, 5.79072498264e-23, 2.71239030643e-23, 7.49035167758e-23, 1.13483283149e-22, 1.00124384414e-22, 8.85829454739e-23, 1.73462170065e-22, 1.05361398461e-22, 1.47699954519e-22, 1.25873170392e-22, 2.26533513216e-22, 1.90647776254e-22, 4.84752729095e-22, 4.3207277455e-22, 4.98370714995e-22, 6.45385509109e-22, 9.57503463321e-22, 9.6452803618e-22, 1.94745276305e-21, 2.42260582486e-21], "dmean": [0.000203861505724, 0.00421982817352, 0.00185228104237, 0.000564525718801, 0.00111285899766, 0.0011774423765, 0.000811829115264, 0.00066141190473, 0.00108411139809, 0.000833732949104, 0.000733963504899, 0.000402906618547, 0.000523317197803, 0.000607172551099, 0.000363005266991, 0.000193153246073, 0.00012999457249, 0.000123717516544, 8.28008705867e-05, 0.000101112615084, 0.000149455096107, 0.000114718546683, 0.000102554724435, 8.43442394398e-05, 7.68101599533e-05, 6.78015712765e-05, 8.239003364e-06], "dmean2": [0.000332716008415, 0.00723205460235, 0.00339540489949, 0.000988963991404, 0.00190377410036, 0.00185143598355, 0.00129873177502, 0.0010337322019, 0.00168929784559, 0.00121985876467, 0.00106937345117, 0.000598930753767, 0.000746757548768, 0.00086390163051, 0.000542668043636, 0.000300229643472, 0.000192645165953, 0.000193444444449, 0.000130939704832, 0.000159318224178, 0.000229291967116, 0.000173593187355, 0.000150292675244, 0.00012547094957, 0.000113567424705, 0.000106915416836, 1.3061626305e-05], "dvar2": [5.98301937771e-07, 0.000504885334522, 0.000121059689263, 7.45885336073e-06, 1.43224515341e-05, 1.46218708323e-05, 1.21692592074e-05, 7.58697206038e-06, 2.48504438787e-05, 2.12104132515e-05, 1.29416675918e-05, 2.63506626652e-06, 5.78042818233e-06, 9.19386457099e-06, 2.3282566417e-06, 1.52217467075e-06, 2.00261183636e-07, 1.48339211137e-07, 6.48529265845e-08, 1.11273330106e-07, 2.04674591942e-07, 1.38249987458e-07, 1.25419276742e-07, 1.17757181783e-07, 9.7284647893e-08, 1.28787490894e-07, 2.05980410506e-09], "max": [0.0101755000651, 0.115964867175, 0.0653790310025, 0.0183055996895, 0.0408276244998, 0.058801099658, 0.0541323795915, 0.0510327480733, 0.0764842703938, 0.0921068042517, 0.0916545316577, 0.0353222116828, 0.0470738112926, 0.0712385773659, 0.0445166938007, 0.0367080569267, 0.0114844311029, 0.00675293290988, 0.00491236615926, 0.00833718571812, 0.00556445913389, 0.00422046286985, 0.00617028027773, 0.00689814891666, 0.00566731626168, 0.0029259850271, 0.000745412369724], "median": [3.93709815398e-05, 0.00292612425983, 0.00123174581677, 0.000539210159332, 0.000835974118672, 0.00090384716168, 0.000453088228824, 0.000258160405792, 0.000369999033865, 0.000205195654416, 0.000216999455006, 0.000176920133526, 0.000126698156237, 0.000143287659739, 0.000131802022224, 6.51414302411e-05, 9.737595974e-05, 8.6155043391e-05, 6.09673079452e-05, 5.22614609508e-05, 8.51542426972e-05, 5.27130832779e-05, 3.78780932806e-05, 2.64931077254e-05, 2.09926292882e-05, 7.59876593293e-06, 1.40221288802e-07], "var": [3.01217767174e-07, 0.000130881497171, 2.3592798243e-05, 2.22548260354e-06, 7.95620690042e-06, 1.53535511345e-05, 7.20665002518e-06, 7.27638371245e-06, 1.40092051879e-05, 2.31072626775e-05, 3.33789212164e-05, 4.62702564619e-06, 1.1174471183e-05, 3.12614101858e-05, 5.2847999541e-06, 8.04043224889e-07, 2.83539975499e-07, 1.30819060473e-07, 4.95370287013e-08, 1.96246119799e-07, 2.17467629682e-07, 9.2813387198e-08, 1.25346190316e-07, 7.98885437803e-08, 6.04050427455e-08, 4.90391229846e-08, 8.00253918687e-10]}, "spectral_complexity": {"mean": 14.9711971283, "dvar": 23.4303588867, "min": 0, "dmean": 3.37571001053, "dmean2": 5.02718782425, "dvar2": 46.6882095337, "max": 54, "median": 14, "var": 67.1771621704}, "spectral_energyband_high": {"mean": 0.0010024117073, "dvar": 1.58996886057e-06, "min": 7.94692770878e-21, "dmean": 0.000576278369408, "dmean2": 0.000839770887978, "dvar2": 3.46368869941e-06, "max": 0.0166321992874, "median": 0.000333862641128, "var": 2.78418315247e-06}, "hfc": {"mean": 22.3439693451, "dvar": 230.194702148, "min": 1.23517679561e-16, "dmean": 8.35655117035, "dmean2": 11.9631662369, "dvar2": 506.502197266, "max": 202.646682739, "median": 11.3632802963, "var": 645.131164551}, "melbands_kurtosis": {"mean": 16.6132488251, "dvar": 1265.28771973, "min": -1.54323232174, "dmean": 11.6713523865, "dmean2": 18.9977455139, "dvar2": 3303.09375, "max": 637.681213379, "median": 8.36097335815, "var": 1225.99572754}, "spectral_strongpeak": {"mean": 1.56438970566, "dvar": 1.01609635353, "min": 0, "dmean": 0.606295228004, "dmean2": 0.962729811668, "dvar2": 2.16322088242, "max": 16.1383800507, "median": 0.420526832342, "var": 6.01627016068}, "silence_rate_30dB": {"mean": 1, "dvar": 0, "min": 1, "dmean": 0, "dmean2": 0, "dvar2": 0, "max": 1, "median": 1, "var": 0}, "melbands_spread": {"mean": 20.8498096466, "dvar": 86.8739242554, "min": 0.442571848631, "dmean": 5.94960594177, "dmean2": 8.85362529755, "dvar2": 196.398651123, "max": 206.132873535, "median": 17.9352207184, "var": 224.511154175}, "melbands_crest": {"mean": 13.5173797607, "dvar": 8.89432907104, "min": 3.19595575333, "dmean": 2.780990839, "dmean2": 4.30765485764, "dvar2": 19.9491348267, "max": 32.5255317688, "median": 12.5474643707, "var": 27.0759220123}, "average_loudness": 0.888904154301, "spectral_flux": {"mean": 0.0785288289189, "dvar": 0.00185054622125, "min": 1.04940126033e-10, "dmean": 0.0303947832435, "dmean2": 0.0462160743773, "dvar2": 0.00350259430707, "max": 0.363918244839, "median": 0.0567740835249, "var": 0.00385943287984}, "spectral_rolloff": {"mean": 1252.32629395, "dvar": 1182130.125, "min": 64.599609375, "dmean": 481.5965271, "dmean2": 791.745178223, "dvar2": 2771247.5, "max": 19035.3515625, "median": 947.4609375, "var": 1740787.25}, "melbands": {"mean": [0.00143676390871, 0.00153961998876, 0.000568044022657, 0.000306780450046, 0.000493277038913, 0.000403561920393, 0.000276199454674, 0.000203083691304, 0.000225649389904, 0.000202840543352, 0.000236388630583, 0.00021552859107, 0.000235664934735, 8.95577541087e-05, 7.21666947356e-05, 0.000126587765408, 0.000167261590832, 5.4831863963e-05, 4.36954724137e-05, 3.14068274747e-05, 1.56130263349e-05, 1.39963231049e-05, 7.57666384743e-06, 1.20185359265e-05, 7.4848485383e-06, 4.57370924778e-06, 3.76830939786e-06, 6.21578647042e-06, 7.94821244199e-06, 5.33708634975e-06, 4.32688921137e-06, 3.0844671528e-06, 3.46371120941e-06, 3.80795017918e-06, 2.67845894086e-06, 1.93232676793e-06, 1.36315134114e-06, 1.19922060549e-06, 1.23700556287e-06, 1.02163096471e-06], "dvar": [1.22506135085e-05, 1.58456623467e-05, 1.19410742627e-06, 1.34934126095e-07, 3.67140728486e-07, 2.73657008165e-07, 2.23536758881e-07, 1.12568528721e-07, 2.59449905116e-07, 1.58728141741e-07, 1.77187871486e-07, 1.68646721477e-07, 1.25094572923e-07, 2.06883932208e-08, 1.95717237972e-08, 3.3975126712e-08, 5.26542933699e-08, 9.09722874809e-09, 5.33142952008e-09, 6.82109968508e-09, 7.85848497387e-10, 3.64694191513e-10, 1.05370719095e-10, 2.36459712921e-10, 1.10968532974e-10, 3.31906412077e-11, 3.19453734299e-11, 9.34134714026e-11, 1.15171705506e-10, 5.91601281852e-11, 5.73647414293e-11, 2.48903987699e-11, 2.64029145769e-11, 2.74335033856e-11, 1.79442415787e-11, 1.45238708213e-11, 9.02438280354e-12, 7.22718499629e-12, 7.22458291108e-12, 4.05189076735e-12], "min": [3.10882746341e-24, 7.37849845874e-24, 1.3299191431e-23, 3.49833715947e-23, 1.86304301799e-23, 2.67542530993e-24, 1.36582761818e-23, 1.41646128647e-23, 9.41453346675e-24, 3.65923543851e-24, 1.12653297347e-23, 8.24800619202e-24, 1.73977214195e-23, 1.31940843928e-23, 1.09927948581e-23, 6.99361322308e-24, 2.0010602287e-23, 6.44312675632e-24, 7.91407190451e-24, 1.16265688648e-23, 7.34611966288e-24, 7.6641797024e-24, 8.74244133045e-24, 1.06966217644e-23, 6.64953576205e-24, 9.31601736147e-24, 9.85346514075e-24, 1.86537283978e-23, 1.16880534726e-23, 8.53365430352e-24, 1.12236786678e-23, 1.12456626435e-23, 8.99727890157e-24, 9.5244146911e-24, 1.1025258062e-23, 1.38473061874e-23, 9.47554949119e-24, 1.07418597818e-23, 9.85707891256e-24, 7.70535508621e-24], "dmean": [0.00110099150334, 0.00119322910905, 0.00034855355625, 0.000185745637282, 0.000278372084722, 0.000227873882977, 0.000176722445758, 0.000125509570353, 0.000153011598741, 0.000138941701152, 0.000130341053591, 0.000106650986709, 0.000101726887806, 4.80942908325e-05, 4.19600219175e-05, 5.41636400158e-05, 6.38628116576e-05, 2.70624150289e-05, 2.41365050897e-05, 1.89534512174e-05, 1.00737306639e-05, 7.65509594203e-06, 4.86784711029e-06, 7.02726902091e-06, 4.65278935735e-06, 2.82686528408e-06, 2.58576187662e-06, 3.42391808772e-06, 4.92593289891e-06, 3.30219745592e-06, 3.09225151796e-06, 2.23521192311e-06, 2.25646590479e-06, 2.31116177929e-06, 1.66528388945e-06, 1.39462315474e-06, 1.06861602944e-06, 9.11092570277e-07, 9.41152336509e-07, 7.58527789912e-07], "dmean2": [0.00189280812629, 0.00209300452843, 0.000621191342361, 0.000322167703416, 0.000460536772152, 0.000360244011972, 0.000280079460936, 0.000199318281375, 0.000231908285059, 0.000214432133362, 0.000189463258721, 0.000152530512423, 0.000144668927533, 7.24163328414e-05, 5.96355166635e-05, 7.3795170465e-05, 8.88097347342e-05, 3.97293042624e-05, 3.53312316292e-05, 2.83159115497e-05, 1.53490309458e-05, 1.12382149382e-05, 7.74407362769e-06, 1.09642523967e-05, 7.15814894647e-06, 4.61059789814e-06, 4.1781654545e-06, 5.29615226696e-06, 7.79086894909e-06, 5.18155320606e-06, 4.85302871311e-06, 3.51800326825e-06, 3.38264726452e-06, 3.47173454429e-06, 2.46273930316e-06, 2.09725385503e-06, 1.61017680966e-06, 1.36734956868e-06, 1.42266344483e-06, 1.12405825803e-06], "dvar2": [3.35305230692e-05, 4.44253455498e-05, 3.49163201463e-06, 3.72468605292e-07, 9.64631908573e-07, 5.99785039412e-07, 5.19260652254e-07, 2.61205002516e-07, 5.50040226699e-07, 3.65066114227e-07, 3.77160773724e-07, 3.57016290309e-07, 2.47188012281e-07, 4.36011440286e-08, 3.61258827297e-08, 6.1766854742e-08, 1.00607259412e-07, 1.85719617463e-08, 1.13709415217e-08, 1.52998893554e-08, 1.60474145083e-09, 6.27858598445e-10, 2.49067322322e-10, 5.53088352895e-10, 2.32371039077e-10, 8.40801941959e-11, 7.34234131827e-11, 1.85527995744e-10, 2.59368720945e-10, 1.35770367171e-10, 1.3984495506e-10, 5.82016032591e-11, 6.05626104822e-11, 5.95714588769e-11, 3.69764358021e-11, 3.05960742852e-11, 2.01640093511e-11, 1.61699559992e-11, 1.70467008564e-11, 9.242942349e-12], "max": [0.0303954966366, 0.0348065979779, 0.0128882601857, 0.00547067681327, 0.0102944541723, 0.0142585840076, 0.0112900668755, 0.00860349275172, 0.013502586633, 0.00938988383859, 0.0159626118839, 0.0114101730287, 0.0135399512947, 0.00437705731019, 0.0038913784083, 0.00603067176417, 0.00859022513032, 0.00491519132629, 0.00277438107878, 0.00439397804439, 0.000843946880195, 0.000633470364846, 0.000241449844907, 0.000431173306424, 0.000333206233336, 0.000175381079316, 0.000254899467109, 0.000459353206679, 0.000251586199738, 0.000195286454982, 0.000112347981485, 7.95909800217e-05, 0.000109260523459, 9.68138629105e-05, 0.000102677186078, 0.000113735884952, 7.30914980522e-05, 8.24199596536e-05, 8.49425196066e-05, 5.55846745556e-05], "median": [0.000806311087217, 0.000947183463722, 0.000401784520363, 0.000133779787575, 0.000192837935174, 0.000170418177731, 0.000113121372124, 6.86189596308e-05, 5.30243778485e-05, 5.38181375305e-05, 4.98656736454e-05, 3.39002654073e-05, 3.50415357389e-05, 2.2323896701e-05, 1.62721680681e-05, 1.27956545839e-05, 1.53466535266e-05, 7.16658723832e-06, 8.74134639162e-06, 6.51217260383e-06, 5.15384590472e-06, 5.07416780238e-06, 3.40676115229e-06, 4.42331793238e-06, 2.76951277556e-06, 2.21559594138e-06, 1.63940364928e-06, 1.57038243742e-06, 2.13160251405e-06, 1.81031145985e-06, 1.4402872921e-06, 9.37354627695e-07, 9.01888824956e-07, 8.53166625348e-07, 5.4562991636e-07, 3.92174229091e-07, 2.89451975277e-07, 2.64301547759e-07, 2.48351881282e-07, 1.95606304487e-07], "var": [8.88647991815e-06, 1.01049809018e-05, 7.68625852743e-07, 2.23356806828e-07, 6.8570386702e-07, 6.3601663669e-07, 3.07929354904e-07, 2.18673662289e-07, 4.6262516662e-07, 2.38380067685e-07, 5.08943912791e-07, 4.77429182411e-07, 5.8875087916e-07, 6.21775839704e-08, 4.99347088123e-08, 1.88736379414e-07, 4.25282280503e-07, 5.77887746545e-08, 1.41864830994e-08, 1.08356914552e-08, 1.72229541739e-09, 1.20313659036e-09, 1.64221275467e-10, 5.04944086543e-10, 2.53375931347e-10, 6.01338909223e-11, 5.21064545678e-11, 4.95085916707e-10, 3.02480096526e-10, 1.18706058871e-10, 7.56743487318e-11, 3.32711531936e-11, 4.18826223703e-11, 5.54471572822e-11, 3.71703848256e-11, 2.46457732694e-11, 1.21477498199e-11, 1.04811489349e-11, 9.87814691156e-12, 5.97520080289e-12]}, "spectral_energy": {"mean": 0.025801030919, "dvar": 0.000386606843676, "min": 1.10124299783e-20, "dmean": 0.0101202102378, "dmean2": 0.0165502205491, "dvar2": 0.00102482025977, "max": 0.152161255479, "median": 0.0193752981722, "var": 0.000435554946307}, "spectral_decrease": {"mean": -6.29912433325e-09, "dvar": 2.5617106937e-17, "min": -3.96790476032e-08, "dmean": 2.5192534725e-09, "dmean2": 4.15778478313e-09, "dvar2": 6.82333875757e-17, "max": 5.06025514158e-29, "median": -4.80687756266e-09, "var": 2.66931895046e-17}, "erbbands_spread": {"mean": 36.619934082, "dvar": 153.735580444, "min": 2.0883140564, "dmean": 9.1127948761, "dmean2": 13.7409009933, "dvar2": 336.45199585, "max": 165.381820679, "median": 34.0301055908, "var": 417.675415039}, "spectral_contrast_coeffs": {"mean": [-0.674022734165, -0.708150684834, -0.721158266068, -0.737223863602, -0.777636706829, -0.75559848547], "dvar": [0.0017569657648, 0.00202249619178, 0.00137258484028, 0.00107294565532, 0.000564013316762, 0.0006470347289], "min": [-0.943368434906, -0.962053477764, -0.96673065424, -0.95019698143, -0.960320532322, -0.958892643452], "dmean": [0.0452667549253, 0.0487135984004, 0.0416811108589, 0.0361351333559, 0.0257207602262, 0.0229450520128], "dmean2": [0.0741525739431, 0.0780418589711, 0.0638871341944, 0.0542193688452, 0.0390179939568, 0.0358173400164], "dvar2": [0.0046418691054, 0.00479012867436, 0.00281085283495, 0.00212761084549, 0.00112852267921, 0.00160325423349], "max": [-0.311100453138, -0.318693429232, -0.398017764091, -0.436597883701, -0.567611217499, -0.531421244144], "median": [-0.687611103058, -0.715249061584, -0.735281169415, -0.751215040684, -0.786191403866, -0.76258790493], "var": [0.00574892619625, 0.00700059626251, 0.0083839809522, 0.00688482820988, 0.00300633511506, 0.00254031294025]}, "spectral_energyband_middle_high": {"mean": 0.00769999902695, "dvar": 2.89804102067e-05, "min": 1.44792473231e-21, "dmean": 0.00250433129258, "dmean2": 0.00348227960058, "dvar2": 5.79140032642e-05, "max": 0.104363813996, "median": 0.00236033042893, "var": 0.000159057832207}, "erbbands_crest": {"mean": 10.3988723755, "dvar": 7.03834581375, "min": 2.46578812599, "dmean": 2.63300681114, "dmean2": 4.10446739197, "dvar2": 16.2151584625, "max": 33.2976074219, "median": 8.83837985992, "var": 30.8299045563}, "barkbands_crest": {"mean": 10.3761692047, "dvar": 8.24821949005, "min": 2.46535301208, "dmean": 2.48392391205, "dmean2": 3.93199825287, "dvar2": 21.5088634491, "max": 25.7562522888, "median": 9.4787530899, "var": 20.0092964172}, "pitch_salience": {"mean": 0.532740116119, "dvar": 0.00552151119336, "min": 0.0865074694157, "dmean": 0.0684719160199, "dmean2": 0.105377055705, "dvar2": 0.0131363784894, "max": 0.890318036079, "median": 0.532840311527, "var": 0.0145887220278}, "melbands_skewness": {"mean": 2.46769070625, "dvar": 1.94268894196, "min": -2.84294199944, "dmean": 0.841950535774, "dmean2": 1.26642596722, "dvar2": 4.37730789185, "max": 21.2917556763, "median": 2.30321478844, "var": 4.38611841202}, "spectral_spread": {"mean": 5168964, "dvar": 894503354368, "min": 1806555.375, "dmean": 641902.5625, "dmean2": 912447.25, "dvar2": 1622150217730.0, "max": 40499504, "median": 4864833, "var": 2580817903620.0}, "spectral_entropy": {"mean": 7.43969964981, "dvar": 0.0476140826941, "min": 5.29107522964, "dmean": 0.193074181676, "dmean2": 0.262633621693, "dvar2": 0.0866336897016, "max": 9.79570007324, "median": 7.46329116821, "var": 0.245008230209}, "erbbands_flatness_db": {"mean": 0.153662875295, "dvar": 0.000434308749391, "min": 0.0412090197206, "dmean": 0.0191566888243, "dmean2": 0.0256135985255, "dvar2": 0.000745183147956, "max": 0.379668265581, "median": 0.148622214794, "var": 0.00242497259751}, "spectral_kurtosis": {"mean": 4.12420272827, "dvar": 3.79405641556, "min": -1.19291555882, "dmean": 1.39153218269, "dmean2": 2.257584095, "dvar2": 9.20816802979, "max": 40.7908592224, "median": 3.4689116478, "var": 9.62222194672}, "erbbands_skewness": {"mean": 0.732445716858, "dvar": 0.149727076292, "min": -3.58892512321, "dmean": 0.357314676046, "dmean2": 0.548354148865, "dvar2": 0.345809370279, "max": 6.59277772903, "median": 0.675307631493, "var": 0.539202272892}, "erbbands_kurtosis": {"mean": 1.42479944229, "dvar": 3.42978096008, "min": -1.85309588909, "dmean": 1.1383074522, "dmean2": 1.74246442318, "dvar2": 8.01063346863, "max": 56.6836013794, "median": 0.400678157806, "var": 11.3549890518}, "barkbands_spread": {"mean": 19.5349502563, "dvar": 66.1987838745, "min": 0.712732791901, "dmean": 5.72999286652, "dmean2": 8.4935798645, "dvar2": 150.038986206, "max": 106.362442017, "median": 17.172794342, "var": 171.00894165}, "zerocrossingrate": {"mean": 0.0567951314151, "dvar": 0.00024657137692, "min": 0.0029296875, "dmean": 0.0115190530196, "dmean2": 0.0130051365122, "dvar2": 0.0002912991622, "max": 0.51953125, "median": 0.048828125, "var": 0.00124655058607}, "spectral_centroid": {"mean": 1189.91040039, "dvar": 96619.6953125, "min": 164.2603302, "dmean": 219.965164185, "dmean2": 330.727264404, "dvar2": 204151.96875, "max": 10928.8574219, "median": 1124.73620605, "var": 326618.71875}, "barkbands_skewness": {"mean": 1.64859843254, "dvar": 1.22590184212, "min": -2.90688514709, "dmean": 0.646217405796, "dmean2": 0.981595873833, "dvar2": 3.03260231018, "max": 17.5034809113, "median": 1.48579216003, "var": 2.43264269829}, "melbands_flatness_db": {"mean": 0.208132594824, "dvar": 0.00115712371189, "min": 0.00770430034027, "dmean": 0.0277284886688, "dmean2": 0.0384259186685, "dvar2": 0.00247743842192, "max": 0.536744236946, "median": 0.196624562144, "var": 0.00538428127766}, "spectral_contrast_valleys": {"mean": [-7.30306339264, -7.00363969803, -7.61597728729, -8.28379440308, -8.1150970459, -10.3174571991], "dvar": [0.197345495224, 0.243256628513, 0.165198028088, 0.165844902396, 0.192837610841, 0.192701742053], "min": [-27.4574623108, -27.0942878723, -27.2615203857, -27.4235973358, -27.2465400696, -27.3209838867], "dmean": [0.396003454924, 0.415301829576, 0.360713511705, 0.346677213907, 0.352256566286, 0.350711375475], "dmean2": [0.617012917995, 0.66347360611, 0.567822813988, 0.526841044426, 0.508235275745, 0.442372560501], "dvar2": [0.375846087933, 0.493885546923, 0.306607395411, 0.299347162247, 0.364343672991, 0.314691275358], "max": [-5.15999126434, -4.35940980911, -5.02881240845, -5.77718544006, -5.84299993515, -7.4049654007], "median": [-7.01551485062, -6.91315507889, -7.50011825562, -8.16484069824, -7.97304582596, -10.2132816315], "var": [1.24689626694, 1.18299341202, 1.17526578903, 1.21997201443, 1.27225852013, 1.57687628269]}, "barkbands_flatness_db": {"mean": 0.139346763492, "dvar": 0.00073344015982, "min": 0.0164008494467, "dmean": 0.0233879964799, "dmean2": 0.0330542773008, "dvar2": 0.00162051792722, "max": 0.411061614752, "median": 0.133197382092, "var": 0.00332590541802}, "barkbands_kurtosis": {"mean": 6.707