{"lowlevel": {"erbbands": {"mean": [0.385191619396, 1.58837628365, 2.29544758797, 6.99428701401, 14.3763284683, 7.59243392944, 9.56311321259, 13.7741136551, 15.8592996597, 9.4537563324, 17.3406543732, 16.4448394775, 16.9005088806, 15.0559597015, 23.6596088409, 27.9812850952, 26.6405639648, 45.6988868713, 17.5035839081, 28.7419452667, 16.8108711243, 15.3008546829, 19.2357635498, 12.5346240997, 8.09298610687, 8.53625965118, 5.26115226746, 4.00036144257, 2.93815422058, 2.49184513092, 2.14670825005, 1.73018908501, 1.38639342785, 0.713422954082, 0.319738328457, 0.14824052155, 0.043643347919, 0.00901249796152, 0.000763875024859, 5.28039308847e-05], "dvar": [0.504515051842, 10.3039207458, 34.6394195557, 133.499862671, 1315.11975098, 172.812454224, 1727.54956055, 871.499694824, 1283.61535645, 816.509277344, 2462.63574219, 319.876953125, 1788.52844238, 227.697463989, 441.061889648, 1195.28088379, 611.22467041, 919.692932129, 136.847763062, 894.953735352, 257.323944092, 344.948944092, 325.144592285, 123.929695129, 70.4035644531, 82.9300460815, 39.9865913391, 18.9642696381, 7.50473403931, 7.12414503098, 5.8212518692, 3.88985085487, 1.92358779907, 0.551236748695, 0.177370429039, 0.0978683978319, 0.0100806895643, 0.000610490387771, 3.89100705434e-06, 3.74944741921e-09], "min": [8.709230381e-22, 3.41500708099e-21, 3.15086383526e-21, 3.31579193639e-20, 1.09157545367e-19, 2.18556136335e-19, 9.60403943867e-19, 7.15945189487e-19, 1.74694444914e-19, 1.54220018693e-19, 6.84932792455e-19, 9.56362546189e-19, 2.5407687967e-18, 4.63623442321e-18, 3.10204723826e-18, 7.6200920276e-18, 6.15396650422e-18, 5.74830803284e-18, 4.82845754908e-18, 5.89040525437e-18, 1.12277707861e-17, 1.00359135384e-17, 1.29637300699e-17, 1.83056806637e-17, 1.50164399713e-17, 8.37298851242e-18, 1.22066141368e-17, 2.12234130364e-17, 2.14695538625e-17, 1.99616184951e-17, 1.77831275097e-17, 1.59933402747e-17, 1.37134973305e-17, 1.31916042666e-17, 8.80840149762e-18, 5.34050095982e-18, 2.92406733535e-18, 1.14245781469e-18, 3.28935324069e-19, 3.68177250542e-20], "dmean": [0.258995443583, 1.12661159039, 2.06840848923, 5.90327596664, 13.3764848709, 4.83708143234, 6.95350027084, 10.1318473816, 11.5545806885, 6.02152681351, 10.8021306992, 8.97510528564, 9.96883296967, 8.17175483704, 12.435377121, 17.3605575562, 12.2655630112, 21.0994243622, 7.93447160721, 15.3315191269, 8.76528358459, 9.250831604, 10.6712036133, 6.2279291153, 4.40605354309, 4.75338459015, 3.02021598816, 2.10412526131, 1.52395689487, 1.37377357483, 1.21542799473, 1.04889929295, 0.783957898617, 0.416563421488, 0.162716731429, 0.0781066715717, 0.0237955302, 0.00526136532426, 0.000425232312409, 2.3953807613e-05], "dmean2": [0.381256073713, 1.72016537189, 3.70426821709, 9.74900627136, 21.8639259338, 7.65840864182, 10.5118980408, 15.968744278, 19.2845611572, 9.76682758331, 16.7396717072, 13.7830476761, 15.0156421661, 13.2248783112, 19.0763339996, 26.9475917816, 18.3393135071, 32.6925430298, 12.8025588989, 24.0523147583, 13.1174001694, 14.1627149582, 16.8401088715, 9.23959541321, 6.73903656006, 7.33970737457, 3.96710014343, 3.01608610153, 2.06332993507, 1.78898775578, 1.57898700237, 1.36840105057, 1.11084997654, 0.594107627869, 0.208896428347, 0.0952443927526, 0.0289750546217, 0.00670524640009, 0.000536684703548, 3.24234424625e-05], "dvar2": [1.0861697197, 22.6968307495, 96.4218063354, 338.141876221, 3312.53515625, 369.652404785, 3707.84912109, 2153.84912109, 3594.74121094, 1803.29455566, 5037.07568359, 707.552246094, 3370.47314453, 481.539489746, 990.583374023, 2512.47314453, 1399.81384277, 2230.66381836, 324.656005859, 2032.90893555, 490.195129395, 732.27331543, 757.074890137, 259.073699951, 161.570404053, 188.204925537, 72.6860046387, 35.5663528442, 12.2930431366, 12.2312526703, 9.57708644867, 7.07733821869, 3.64856171608, 1.05368316174, 0.273415535688, 0.154679223895, 0.0163300260901, 0.001078903093, 6.23566938884e-06, 6.11831385555e-09], "max": [11.8632965088, 55.0508270264, 57.4291877747, 174.15272522, 430.534851074, 282.343048096, 900.511901855, 522.518859863, 704.251281738, 1282.22058105, 3372.20629883, 433.625335693, 2282.42138672, 703.588684082, 1000.9005127, 546.3125, 777.077270508, 574.757202148, 271.763671875, 456.585662842, 526.352172852, 423.984832764, 233.262664795, 207.437988281, 118.415679932, 116.647941589, 74.6533889771, 45.8843193054, 33.8224411011, 37.9761657715, 44.4484710693, 20.3839225769, 18.4457950592, 13.086104393, 10.2941427231, 7.61074924469, 2.52037572861, 0.777309656143, 0.0577226355672, 0.00148592074402], "median": [0.0240398421884, 0.113014012575, 0.38954654336, 1.38562917709, 2.41761851311, 1.94941151142, 2.09145689011, 3.11499071121, 3.04264497757, 3.45118379593, 8.04111671448, 9.3049030304, 8.9287443161, 8.67217540741, 13.9027004242, 16.0810623169, 10.6835451126, 26.4021320343, 11.8340835571, 10.9096393585, 7.60069131851, 7.12977695465, 9.34154510498, 6.5643787384, 3.59867358208, 3.55655813217, 2.17451238632, 1.53217673302, 1.05839014053, 0.772685289383, 0.513628840446, 0.363904118538, 0.233270645142, 0.0894531160593, 0.0281807184219, 0.00749010685831, 0.00230836449191, 0.000439685391029, 3.88963380828e-05, 2.38870125031e-05], "var": [0.821636140347, 17.0582904816, 29.1606445313, 178.327636719, 1383.63757324, 418.460510254, 2394.86621094, 1278.51391602, 1682.08642578, 1821.9140625, 4475.03857422, 577.286743164, 2429.33032227, 591.467346191, 1078.06628418, 2197.21655273, 1548.5579834, 3037.61743164, 414.210388184, 2396.27197266, 783.829467773, 666.739562988, 617.873840332, 271.40826416, 136.73538208, 153.187408447, 80.0986709595, 41.6488647461, 21.23620224, 17.7757225037, 13.9544124603, 9.04629039764, 4.75705528259, 1.3825725317, 0.50022995472, 0.251585662365, 0.0240092724562, 0.00129791640211, 9.47119042394e-06, 1.02966319915e-08]}, "gfcc": {"icov": [[6.87975843903e-05, -0.00020015204791, 0.000203640258405, -0.000206376498681, 0.000152463937411, -0.000260424421867, 0.000182933101314, -0.000240245441091, 0.000280666718027, -0.000426580285421, 0.000415910675656, -0.000431019085227, 0.000276047998341], [-0.00020015204791, 0.00198187562637, -0.00024616214796, 0.00123135652393, -0.00124623987358, 0.000474897678941, -0.000549813266844, 0.00174113828689, -0.00214183214121, 0.00347648467869, -0.00271852035075, 0.00173387711402, -0.00140097027179], [0.000203640258405, -0.00024616214796, 0.00197224714793, -0.000806252763141, -1.3279626728e-05, -0.00164081540424, 0.000987829756923, -0.00036651417031, 0.000316702935379, -0.0012222508667, 0.00250021764077, -0.00353752425872, 0.0010447447421], [-0.000206376498681, 0.00123135652393, -0.000806252763141, 0.00442381063476, -0.00153670867439, -0.000925262924284, 0.000365937099559, 0.0013902845094, -0.00297177024186, 0.00407514395192, -0.00174894474912, 0.00207639345899, -0.00147056556307], [0.000152463937411, -0.00124623987358, -1.3279626728e-05, -0.00153670867439, 0.00558931473643, -0.000709610292688, -0.00208895327523, -0.00048252986744, 0.000491158163641, -0.00436140503734, 0.00258904322982, -0.000384458020562, 0.00066621293081], [-0.000260424421867, 0.000474897678941, -0.00164081540424, -0.000925262924284, -0.000709610292688, 0.00937466416508, -0.00319927069359, -0.00476676598191, 0.00324715906754, -0.000539293687325, -0.00237087346613, 0.00434545706958, 0.000248874974204], [0.000182933101314, -0.000549813266844, 0.000987829756923, 0.000365937099559, -0.00208895327523, -0.00319927069359, 0.00910165254027, -0.00299952877685, -0.00110259279609, 0.00121407501865, -0.00124603766017, 0.000390513829188, -0.0006374931545], [-0.000240245441091, 0.00174113828689, -0.00036651417031, 0.0013902845094, -0.00048252986744, -0.00476676598191, -0.00299952877685, 0.0154455965385, -0.00530825089663, -0.000582267006394, 0.000758456182666, -0.00144482718315, -0.00411310140043], [0.000280666718027, -0.00214183214121, 0.000316702935379, -0.00297177024186, 0.000491158163641, 0.00324715906754, -0.00110259279609, -0.00530825089663, 0.0159392636269, -0.00687056640163, -0.0019292589277, 0.00199789158069, 0.000664722872898], [-0.000426580285421, 0.00347648467869, -0.0012222508667, 0.00407514395192, -0.00436140503734, -0.000539293687325, 0.00121407501865, -0.000582267006394, -0.00687056640163, 0.0232653636485, -0.0109399678186, -0.00289187277667, 0.00371382152662], [0.000415910675656, -0.00271852035075, 0.00250021764077, -0.00174894474912, 0.00258904322982, -0.00237087346613, -0.00124603766017, 0.000758456182666, -0.0019292589277, -0.0109399678186, 0.0215605013072, -0.00720411539078, -0.00180895009544], [-0.000431019085227, 0.00173387711402, -0.00353752425872, 0.00207639345899, -0.000384458020562, 0.00434545706958, 0.000390513829188, -0.00144482718315, 0.00199789158069, -0.00289187277667, -0.00720411539078, 0.0250193998218, -0.0112409535795], [0.000276047998341, -0.00140097027179, 0.0010447447421, -0.00147056556307, 0.00066621293081, 0.000248874974204, -0.0006374931545, -0.00411310140043, 0.000664722872898, 0.00371382152662, -0.00180895009544, -0.0112409535795, 0.0217060372233]], "mean": [-65.1563949585, 89.91771698, -121.646484375, 32.1485214233, -49.4468460083, 19.9479179382, -33.2545700073, 6.90686321259, -21.792383194, -0.619709670544, -11.5654478073, -3.43437242508, -10.2409934998], "cov": [[34565.3242188, 1769.69091797, -2350.64941406, 367.07800293, -258.978546143, 691.892089844, -130.619049072, 288.634063721, -265.999755859, 66.484703064, -81.640663147, -72.7855072021, -184.210006714], [1769.69091797, 1808.45336914, -916.878356934, -146.546066284, 84.8665924072, -214.586090088, 135.391860962, -182.584609985, 151.805892944, -174.004684448, 148.799407959, -149.94480896, 57.5239906311], [-2350.64941406, -916.878356934, 1534.3404541, 178.21987915, 103.741600037, 253.773269653, -64.2307662964, 159.518478394, -65.2032089233, 128.804840088, -108.489059448, 179.587890625, -4.89119577408], [367.07800293, -146.546066284, 178.21987915, 386.944458008, 86.4009399414, 117.040512085, 25.8066768646, 41.3567276001, 22.4192123413, -19.506937027, -27.1003952026, -20.1703472137, -1.94200730324], [-258.978546143, 84.8665924072, 103.741600037, 86.4009399414, 335.778045654, 121.615745544, 145.011306763, 80.230506897, 61.6232757568, 61.5455856323, 24.6559906006, -5.1964097023, 4.33939695358], [691.892089844, -214.586090088, 253.773269653, 117.040512085, 121.615745544, 326.426055908, 125.23815155, 158.763336182, -6.34625482559, 64.5589294434, -2.59214568138, 9.52035236359, -6.78441953659], [-130.619049072, 135.391860962, -64.2307662964, 25.8066768646, 145.011306763, 125.23815155, 249.328369141, 95.8751296997, 64.7256469727, 26.6466331482, 52.106590271, -17.141664505, 23.7670555115], [288.634063721, -182.584609985, 159.518478394, 41.3567276001, 80.230506897, 158.763336182, 95.8751296997, 183.631896973, 35.5491981506, 72.7616195679, 18.5526218414, 40.2437210083, 21.8477134705], [-265.999755859, 151.805892944, -65.2032089233, 22.4192123413, 61.6232757568, -6.34625482559, 64.7256469727, 35.5491981506, 132.070419312, 37.2079353333, 58.4117012024, -5.1211233139, 16.461889267], [66.484703064, -174.004684448, 128.804840088, -19.506937027, 61.5455856323, 64.5589294434, 26.6466331482, 72.7616195679, 37.2079353333, 133.909408569, 47.7543487549, 52.5895576477, -0.492764949799], [-81.640663147, 148.799407959, -108.489059448, -27.1003952026, 24.6559906006, -2.59214568138, 52.106590271, 18.5526218414, 58.4117012024, 47.7543487549, 116.43372345, 24.4847869873, 30.7708206177], [-72.7855072021, -149.94480896, 179.587890625, -20.1703472137, -5.1964097023, 9.52035236359, -17.141664505, 40.2437210083, -5.1211233139, 52.5895576477, 24.4847869873, 107.263275146, 37.158290863], [-184.210006714, 57.5239906311, -4.89119577408, -1.94200730324, 4.33939695358, -6.78441953659, 23.7670555115, 21.8477134705, 16.461889267, -0.492764949799, 30.7708206177, 37.158290863, 78.399848938]]}, "spectral_skewness": {"mean": 1.50472128391, "dvar": 0.0818352252245, "min": 0.0647337436676, "dmean": 0.243559405208, "dmean2": 0.376859396696, "dvar2": 0.190490067005, "max": 6.22990989685, "median": 1.4845893383, "var": 0.200556248426}, "spectral_energyband_low": {"mean": 0.0133005389944, "dvar": 0.00034524203511, "min": 3.87265796988e-23, "dmean": 0.00754053518176, "dmean2": 0.0116186402738, "dvar2": 0.000728312006686, "max": 0.295048892498, "median": 0.00221156678163, "var": 0.000710261927452}, "spectral_energyband_middle_low": {"mean": 0.0106285149232, "dvar": 0.00017176567053, "min": 2.891569017e-22, "dmean": 0.00627844594419, "dmean2": 0.00994376465678, "dvar2": 0.000407427171012, "max": 0.201659485698, "median": 0.00455638300627, "var": 0.000279317551758}, "mfcc": {"icov": [[6.2162784161e-05, -7.16781069059e-05, 1.99203441298e-05, -3.55277115887e-05, -4.78351612401e-05, -3.41053419106e-05, -8.26824543765e-05, 9.6464791568e-06, 0.000151311382069, -0.000138192001032, 0.000196438923012, -0.000131263121148, 8.46779876156e-05], [-7.16781069059e-05, 0.000778360641561, 0.000415597314714, -5.38476797374e-07, -6.82396712364e-05, -0.000238942491706, 0.000235430736211, -0.000622243736871, 0.000459107395727, 0.000329734262777, -0.000441567826783, 0.000660101766698, -0.000647935084999], [1.99203441298e-05, 0.000415597314714, 0.00187696097419, 0.000357809185516, -0.00132456107531, -0.000947628752328, 0.000363437458873, -0.000377559073968, -0.00105323176831, 0.00173873442691, 0.000852903467603, -0.000286746537313, -0.0010451967828], [-3.55277115887e-05, -5.38476797374e-07, 0.000357809185516, 0.00549192773178, -0.00191825954244, -0.00257476931438, 0.00254065776244, -0.00178612198215, -0.000363808241673, 0.000566333474126, 0.00077640771633, -0.000762464827858, 0.000809720659163], [-4.78351612401e-05, -6.82396712364e-05, -0.00132456107531, -0.00191825954244, 0.00789196882397, -0.00246730190702, -0.000589414965361, 0.00229694670998, -0.00218199472874, -0.00116766651627, -0.000220973583055, 0.000686437357217, -0.00189397158101], [-3.41053419106e-05, -0.000238942491706, -0.000947628752328, -0.00257476931438, -0.00246730190702, 0.0142880883068, -0.00455435598269, -0.00218464480713, 0.0032761413604, -0.00362396007404, -0.00169778545387, -3.46922861354e-05, 0.00308189168572], [-8.26824543765e-05, 0.000235430736211, 0.000363437458873, 0.00254065776244, -0.000589414965361, -0.00455435598269, 0.0099820708856, -0.00400337111205, -0.00404555443674, 0.00187851127703, -0.00200630491599, -0.00125417683739, 0.000337305798894], [9.6464791568e-06, -0.000622243736871, -0.000377559073968, -0.00178612198215, 0.00229694670998, -0.00218464480713, -0.00400337111205, 0.0199875719845, -0.011593978852, 0.000751935585868, 0.00211733952165, -0.00185776979197, -0.000562582921702], [0.000151311382069, 0.000459107395727, -0.00105323176831, -0.000363808241673, -0.00218199472874, 0.0032761413604, -0.00404555443674, -0.011593978852, 0.0292092915624, -0.014921925962, 0.00439648004249, 0.00179125601426, -0.00277384603396], [-0.000138192001032, 0.000329734262777, 0.00173873442691, 0.000566333474126, -0.00116766651627, -0.00362396007404, 0.00187851127703, 0.000751935585868, -0.014921925962, 0.027524670586, -0.0132365757599, 0.0028134281747, 0.000295242323773], [0.000196438923012, -0.000441567826783, 0.000852903467603, 0.00077640771633, -0.000220973583055, -0.00169778545387, -0.00200630491599, 0.00211733952165, 0.00439648004249, -0.0132365757599, 0.0254655536264, -0.0165147278458, 0.00398114649579], [-0.000131263121148, 0.000660101766698, -0.000286746537313, -0.000762464827858, 0.000686437357217, -3.46922861354e-05, -0.00125417683739, -0.00185776979197, 0.00179125601426, 0.0028134281747, -0.0165147278458, 0.0328606888652, -0.0144048565999], [8.46779876156e-05, -0.000647935084999, -0.0010451967828, 0.000809720659163, -0.00189397158101, 0.00308189168572, 0.000337305798894, -0.000562582921702, -0.00277384603396, 0.000295242323773, 0.00398114649579, -0.0144048565999, 0.0202894993126]], "mean": [-690.989929199, 114.15019989, -7.96113348007, 16.4934253693, 7.50138807297, 9.823802948, 5.28694820404, 5.47373533249, -1.36700749397, 2.32355427742, 0.896119296551, 1.31949770451, -3.95382237434], "cov": [[20129.7519531, 2317.29760742, -843.935668945, 261.866271973, 76.9370651245, 205.864196777, 117.284461975, 22.8447132111, -132.973098755, 71.2889862061, -5.44465923309, -17.0745792389, -119.609870911], [2317.29760742, 1875.62963867, -569.231933594, 34.5705299377, -85.3606338501, 0.0758841559291, -49.622882843, -4.97939682007, -84.270324707, -4.81514167786, 29.1637153625, -22.4781246185, -20.90184021], [-843.935668945, -569.231933594, 1020.38537598, 41.2867507935, 219.313583374, 77.1029891968, 67.8513031006, 71.0932312012, 96.3874435425, -31.4274806976, -63.0276145935, 25.1153488159, 89.6975250244], [261.866271973, 34.5705299377, 41.2867507935, 261.074829102, 88.4742050171, 65.5309524536, -15.7831287384, 29.5003623962, 18.7023162842, 13.0893630981, -6.06131792068, -2.13604545593, -6.85659599304], [76.9370651245, -85.3606338501, 219.313583374, 88.4742050171, 236.319290161, 88.9744415283, 67.58618927, 42.7357444763, 65.0329208374, 43.134601593, 18.6039772034, 23.3995380402, 34.551815033], [205.864196777, 0.0758841559291, 77.1029891968, 65.5309524536, 88.9744415283, 151.641326904, 100.712966919, 57.7921714783, 49.3069496155, 54.871925354, 42.0852928162, 21.6443138123, -1.24879097939], [117.284461975, -49.622882843, 67.8513031006, -15.7831287384, 67.58618927, 100.712966919, 234.930267334, 98.9954376221, 93.9439849854, 68.7298736572, 57.8991165161, 43.1242828369, 23.0006732941], [22.8447132111, -4.97939682007, 71.0932312012, 29.5003623962, 42.7357444763, 57.7921714783, 98.9954376221, 122.347961426, 83.3343048096, 46.0374031067, 18.5253238678, 21.6861515045, 21.6726398468], [-132.973098755, -84.270324707, 96.3874435425, 18.7023162842, 65.0329208374, 49.3069496155, 93.9439849854, 83.3343048096, 117.331726074, 67.339630127, 24.4657611847, 21.311006546, 26.8032073975], [71.2889862061, -4.81514167786, -31.4274806976, 13.0893630981, 43.134601593, 54.871925354, 68.7298736572, 46.0374031067, 67.339630127, 107.616699219, 67.9856414795, 29.9249687195, 8.77897167206], [-5.44465923309, 29.1637153625, -63.0276145935, -6.06131792068, 18.6039772034, 42.0852928162, 57.8991165161, 18.5253238678, 24.4657611847, 67.9856414795, 114.862518311, 58.3679428101, 14.1010713577], [-17.0745792389, -22.4781246185, 25.1153488159, -2.13604545593, 23.3995380402, 21.6443138123, 43.1242828369, 21.6861515045, 21.311006546, 29.9249687195, 58.3679428101, 79.6381607056, 47.0791130066], [-119.609870911, -20.90184021, 89.6975250244, -6.85659599304, 34.551815033, -1.24879097939, 23.0006732941, 21.6726398468, 26.8032073975, 8.77897167206, 14.1010713577, 47.0791130066, 91.8404846191]]}, "silence_rate_20dB": {"mean": 1, "dvar": 0, "min": 1, "dmean": 0, "dmean2": 0, "dvar2": 0, "max": 1, "median": 1, "var": 0}, "dynamic_complexity": 6.32513904572, "silence_rate_60dB": {"mean": 0.203323811293, "dvar": 0.0600360669196, "min": 0, "dmean": 0.0641475096345, "dmean2": 0.128311693668, "dvar2": 0.118085563183, "max": 1, "median": 0, "var": 0.161976099014}, "dissonance": {"mean": 0.469702035189, "dvar": 0.000326522218529, "min": 0.177396938205, "dmean": 0.015696041286, "dmean2": 0.0257131997496, "dvar2": 0.000791738624685, "max": 0.500000238419, "median": 0.476645201445, "var": 0.000749117287342}, "barkbands": {"mean": [0.000779735273682, 0.00917695369571, 0.00206985604018, 0.00332296662964, 0.00320863421075, 0.00166923564393, 0.000819568405859, 0.000732643296942, 0.00063490687171, 0.000449855258921, 0.000606728019193, 0.000632129842415, 0.000581806525588, 0.000772021827288, 0.00039525522152, 0.000348013621988, 0.000268990959739, 0.000344391330145, 0.00018493612879, 0.000173308813828, 0.000110002154543, 8.18770349724e-05, 7.42737174733e-05, 8.55327016325e-05, 5.29077660758e-05, 2.78560182778e-05, 4.56941097582e-06], "dvar": [2.52945392276e-06, 0.000274487771094, 2.71040971711e-05, 4.73506042908e-05, 3.71314308723e-05, 2.99768598779e-05, 4.52160384157e-06, 6.56674183119e-06, 8.7719200792e-07, 1.37789879773e-06, 3.32785702994e-07, 5.1757450592e-07, 3.14779526889e-07, 2.9208482033e-07, 1.04487213548e-07, 1.76473307079e-07, 1.46415118252e-07, 9.7089952078e-08, 2.89851609381e-08, 3.32483267584e-08, 1.31918769242e-08, 6.67553434752e-09, 6.88614498756e-09, 8.70661054364e-09, 3.28474403233e-09, 4.10102884985e-09, 1.65684937992e-10], "min": [1.45071836015e-23, 1.97966221887e-23, 2.00925653294e-24, 2.26023385268e-23, 7.99495381312e-23, 1.03559873656e-22, 8.86475736924e-24, 2.30163500848e-23, 3.68508357047e-23, 1.65176896506e-22, 5.04141156786e-23, 1.82329799677e-22, 1.43575751841e-22, 7.60781874616e-23, 7.67698607033e-23, 1.89481297099e-22, 2.09814205864e-22, 2.71657694903e-22, 3.25510389003e-22, 1.65133944608e-22, 4.60158949079e-22, 6.04384028108e-22, 6.3677816573e-22, 7.19442256278e-22, 1.34779296416e-21, 1.50558402738e-21, 2.35270825531e-21], "dmean": [0.000637694844045, 0.00575501937419, 0.0019885126967, 0.00303647085093, 0.00246097706258, 0.00129409274086, 0.000625489512458, 0.000456707522972, 0.000364525069017, 0.00027568283258, 0.000349990383256, 0.00037821472506, 0.000299673905829, 0.000378013472073, 0.000193690619199, 0.000206496682949, 0.000178965739906, 0.000190283943084, 9.69298343989e-05, 9.49063469307e-05, 5.78865037824e-05, 4.38610186393e-05, 4.16007678723e-05, 5.01291433466e-05, 2.86650338239e-05, 1.52085303853e-05, 2.69736756309e-06], "dmean2": [0.00105400313623, 0.0086124362424, 0.00356644880958, 0.00483353156596, 0.00406666705385, 0.00206466345116, 0.00104364135768, 0.000715166563168, 0.000560105603654, 0.000415278977016, 0.000559952866752, 0.000576949736569, 0.000446795544121, 0.000604849075899, 0.000312598596793, 0.0003205780813, 0.000276089645922, 0.000302246393403, 0.000140997042763, 0.000146192120155, 7.77693785494e-05, 5.81261847401e-05, 5.24144234078e-05, 6.9682886533e-05, 3.86513347621e-05, 1.81303785212e-05, 3.56016516889e-06], "dvar2": [7.1927074714e-06, 0.000570581411012, 7.49570463086e-05, 0.000111204222776, 9.79868927971e-05, 7.43381096981e-05, 1.26039494717e-05, 1.45443573274e-05, 2.0454604055e-06, 2.96370990327e-06, 8.57420275224e-07, 1.00180693607e-06, 7.00262546616e-07, 7.57312648147e-07, 2.46510580837e-07, 4.00277912149e-07, 2.99240639379e-07, 2.24226511136e-07, 5.78625005687e-08, 7.49591535509e-08, 2.0597147099e-08, 1.09668745196e-08, 1.11895221977e-08, 1.70830833923e-08, 5.44677014602e-09, 6.68699096096e-09, 2.79087419841e-10], "max": [0.02417624183, 0.276656031609, 0.0460439771414, 0.0941798090935, 0.0738866180182, 0.0965547859669, 0.0391613990068, 0.148181319237, 0.0379464700818, 0.0722498074174, 0.0222134515643, 0.0118521302938, 0.0144550679252, 0.0101630743593, 0.00451013864949, 0.00958463642746, 0.00961067713797, 0.00377591070719, 0.0033620968461, 0.00226701120846, 0.00146997894626, 0.000952357368078, 0.00147045729682, 0.00110078463331, 0.00124713941477, 0.00157723680604, 0.000407316460041], "median": [8.76890408108e-05, 0.000621508748736, 0.000275673897704, 0.000519266235642, 0.000725388992578, 0.000401691853767, 0.000182606105227, 0.000297765771393, 0.000338453683071, 0.000213744016946, 0.000322613574099, 0.000380447367206, 0.000194568681763, 0.000448812264949, 0.000192981271539, 0.000139519252116, 0.000103170401417, 0.000173272797838, 8.80128718563e-05, 7.07005528966e-05, 4.40190851805e-05, 2.92585536954e-05, 1.81100112968e-05, 1.51702879521e-05, 5.98488350079e-06, 1.35509026222e-06, 1.60565718943e-07], "var": [2.7559233331e-06, 0.0004919047351, 2.46388644882e-05, 5.60285043321e-05, 4.90864404128e-05, 3.11096882797e-05, 5.05474554302e-06, 1.23566860566e-05, 1.20364165923e-06, 1.79995788585e-06, 7.32621856514e-07, 1.12116049422e-06, 8.07757544408e-07, 8.19429772037e-07, 3.04855177546e-07, 4.1651611582e-07, 2.64083524826e-07, 1.91831617258e-07, 6.59007284298e-08, 6.2429883485e-08, 3.30670317794e-08, 1.75735834773e-08, 1.70538054789e-08, 1.982235176e-08, 9.16566023079e-09, 1.00040518092e-08, 3.69790531529e-10]}, "spectral_complexity": {"mean": 17.2759017944, "dvar": 29.4519691467, "min": 0, "dmean": 4.16673135757, "dmean2": 5.82597398758, "dvar2": 44.6708221436, "max": 62, "median": 17, "var": 158.503890991}, "spectral_energyband_high": {"mean": 0.000525228562765, "dvar": 2.09178509181e-07, "min": 7.43075892861e-21, "dmean": 0.000254636193858, "dmean2": 0.000301062915241, "dvar2": 2.98999964343e-07, "max": 0.00540226278827, "median": 0.000231689802604, "var": 6.30084912245e-07}, "hfc": {"mean": 15.2633981705, "dvar": 63.087928772, "min": 1.09282483554e-16, "dmean": 5.07224273682, "dmean2": 6.68308353424, "dvar2": 101.234512329, "max": 142.855606079, "median": 11.7309093475, "var": 243.558578491}, "melbands_kurtosis": {"mean": 22.9620914459, "dvar": 3185.3894043, "min": -1.68763840199, "dmean": 16.1799125671, "dmean2": 24.0080471039, "dvar2": 4651.65966797, "max": 2686.08837891, "median": 7.80197477341, "var": 7815.62939453}, "spectral_strongpeak": {"mean": 0.612972080708, "dvar": 0.276147633791, "min": 0, "dmean": 0.376027107239, "dmean2": 0.632387042046, "dvar2": 0.706023037434, "max": 8.88175487518, "median": 0.349725753069, "var": 0.522273659706}, "silence_rate_30dB": {"mean": 0.972734332085, "dvar": 0.0250491704792, "min": 0, "dmean": 0.025710945949, "dmean2": 0.0514285713434, "dvar2": 0.0591746047139, "max": 1, "median": 1, "var": 0.0265228804201}, "melbands_spread": {"mean": 23.2232990265, "dvar": 135.27722168, "min": 0.107276074588, "dmean": 7.96569490433, "dmean2": 12.3431949615, "dvar2": 298.566864014, "max": 233.539718628, "median": 19.7844944, "var": 289.305053711}, "melbands_crest": {"mean": 15.5867137909, "dvar": 14.0725059509, "min": 1.00317251682, "dmean": 4.08340930939, "dmean2": 6.20563364029, "dvar2": 28.8334159851, "max": 35.8429679871, "median": 14.5594749451, "var": 48.2476158142}, "average_loudness": 0.676680803299, "spectral_flux": {"mean": 0.0804543569684, "dvar": 0.00200856779702, "min": 1.0138417883e-10, "dmean": 0.03296905756, "dmean2": 0.054148979485, "dvar2": 0.00469179544598, "max": 0.40291211009, "median": 0.0674326345325, "var": 0.00408015074208}, "spectral_rolloff": {"mean": 1523.09240723, "dvar": 1094545.875, "min": 64.599609375, "dmean": 576.650939941, "dmean2": 945.082397461, "dvar2": 2546697.5, "max": 18755.4199219, "median": 1184.32617188, "var": 3043288}, "melbands": {"mean": [0.00295031489804, 0.00147610832937, 0.00152804574464, 0.000786232354585, 0.000319265818689, 0.000326922687236, 0.000220704489038, 0.000107933199615, 0.000138087169034, 9.97758397716e-05, 8.12323996797e-05, 5.62513559998e-05, 8.38961568661e-05, 7.11599132046e-05, 5.2359799156e-05, 6.96855277056e-05, 8.83933171281e-05, 2.73856767308e-05, 3.22397172567e-05, 3.3633034036e-05, 1.71411684278e-05, 1.56256937771e-05, 1.74097094714e-05, 1.55734633154e-05, 9.88547344605e-06, 5.89336877965e-06, 5.86642636335e-06, 5.54529151486e-06, 3.50359709955e-06, 2.4226453661e-06, 2.28745625463e-06, 1.67591633726e-06, 1.49090158175e-06, 1.33203184305e-06, 1.27603618694e-06, 1.14345039037e-06, 9.97564711724e-07, 1.01081138837e-06, 8.18868841179e-07, 5.27569397946e-07], "dvar": [2.80518088402e-05, 9.77712534223e-06, 8.49336174724e-06, 2.54220708484e-06, 1.07082883005e-06, 5.57819760161e-07, 2.54967233104e-07, 1.5585639801e-07, 1.19606824001e-07, 1.46270835444e-08, 4.65478713352e-08, 4.7504622458e-09, 6.11326056443e-09, 6.40246877737e-09, 4.44964332047e-09, 3.89295351511e-09, 3.7441263423e-09, 4.84236872822e-10, 9.6845620412e-10, 1.42322820196e-09, 4.23862528409e-10, 5.33245281265e-10, 3.58411661461e-10, 1.83877080229e-10, 9.08933969757e-11, 4.32467082978e-11, 5.16855967747e-11, 3.42938316633e-11, 2.37250254165e-11, 6.00461477415e-12, 7.32113068086e-12, 2.88225758364e-12, 2.49364526424e-12, 2.2711973361e-12, 2.26515312583e-12, 1.93540170869e-12, 1.17643926285e-12, 9.90313300114e-13, 7.91695918892e-13, 3.6821218817e-13], "min": [8.00527211376e-24, 2.63930573566e-24, 8.86903457307e-24, 9.39900789528e-24, 3.01647315065e-23, 1.63682468941e-23, 2.34088340231e-24, 1.918285685e-24, 5.94488220859e-24, 5.78556149358e-24, 1.48905258252e-23, 2.12277341999e-23, 8.84225905623e-24, 1.81593050923e-23, 1.51650951741e-23, 1.52361494536e-23, 9.53420129949e-24, 7.49234686458e-24, 5.87018457504e-24, 1.08855728838e-23, 1.37547317824e-23, 8.82447182054e-24, 1.3754348396e-23, 1.25867190826e-23, 1.48648373587e-23, 1.07546109295e-23, 9.66086396188e-24, 4.07242934218e-24, 6.20704119777e-24, 8.51880794129e-24, 1.39411080599e-23, 1.05482464944e-23, 1.40276681893e-23, 1.00200055108e-23, 9.74062489915e-24, 1.0700883191e-23, 9.43098042777e-24, 8.35974991697e-24, 1.21452677869e-23, 1.1072670969e-23], "dmean": [0.00187555328012, 0.00112341926433, 0.0013355910778, 0.000639725534711, 0.000204354379093, 0.000241007670411, 0.000160764815519, 6.69205037411e-05, 8.6557425675e-05, 5.60126900382e-05, 4.98416557093e-05, 3.17391313729e-05, 4.67599820695e-05, 4.11095970776e-05, 3.19005230267e-05, 3.43264400726e-05, 4.20511896664e-05, 1.46513793879e-05, 1.68487167684e-05, 1.87982823263e-05, 9.94024321699e-06, 1.05929484562e-05, 1.00686465885e-05, 8.49215302878e-06, 5.29542921868e-06, 3.41667077919e-06, 3.72566455553e-06, 3.17902367897e-06, 2.19293542614e-06, 1.27002510908e-06, 1.30608464133e-06, 9.18990622267e-07, 8.52366667914e-07, 7.63092145917e-07, 7.42148699828e-07, 7.29316582238e-07, 5.95638653067e-07, 5.64925130675e-07, 5.10622612637e-07, 3.17858109611e-07], "dmean2": [0.00276186433621, 0.00188083923422, 0.00216775946319, 0.00103846902493, 0.000297319493257, 0.00038241330185, 0.000268242496531, 0.000107483218017, 0.000133809822728, 8.67554190336e-05, 7.53520216676e-05, 5.20945868629e-05, 7.34977729735e-05, 6.20437203906e-05, 5.13954182679e-05, 5.02165639773e-05, 6.6203152528e-05, 2.42957776209e-05, 2.68980802502e-05, 2.96344696835e-05, 1.49730785779e-05, 1.63786917255e-05, 1.6126783521e-05, 1.33605062729e-05, 7.9761393863e-06, 5.102599971e-06, 6.11532368566e-06, 4.80369999423e-06, 3.05932917399e-06, 1.79789526555e-06, 1.91483104572e-06, 1.30203693516e-06, 1.20305730889e-06, 9.90711782833e-07, 1.01531566088e-06, 9.44697035266e-07, 8.02783802101e-07, 7.91195532202e-07, 7.76356102961e-07, 4.57222853356e-07], "dvar2": [5.79119041504e-05, 2.57070551015e-05, 2.05476044357e-05, 6.46018088446e-06, 2.23703227675e-06, 1.40626684697e-06, 7.15688656783e-07, 3.5639681073e-07, 2.50832954407e-07, 3.33199849933e-08, 8.84458728478e-08, 1.01879162884e-08, 1.48272576439e-08, 1.26061676653e-08, 9.83613368533e-09, 8.41940739349e-09, 9.48759382169e-09, 1.2157133078e-09, 2.27536456343e-09, 3.25426197101e-09, 7.72351071987e-10, 1.13990816786e-09, 8.65277571815e-10, 4.14422052231e-10, 1.9242095417e-10, 9.49416448237e-11, 1.3298891155e-10, 7.64294391664e-11, 4.79574886747e-11, 9.96577820267e-12, 1.44843434122e-11, 5.22479412166e-12, 4.78733242285e-12, 3.80389166346e-12, 4.08749379829e-12, 3.20237066032e-12, 2.2146201973e-12, 1.86116747014e-12, 1.60953032586e-12, 7.33483477948e-13], "max": [0.0911374092102, 0.0396104231477, 0.0385715588927, 0.0200824923813, 0.0250281374902, 0.0108424928039, 0.00934061966836, 0.0202229749411, 0.0221828743815, 0.00441067619249, 0.0119545450434, 0.00348401791416, 0.0035442551598, 0.00159713602625, 0.00129014614504, 0.0016684315633, 0.00120945891831, 0.000540083739907, 0.00041290972149, 0.00056434929138, 0.000685231992975, 0.00056240032427, 0.000436340895249, 0.000140620017191, 0.000184037795407, 0.000134247689857, 8.60213986016e-05, 6.94621776347e-05, 5.24726929143e-05, 3.02069984173e-05, 3.07333757519e-05, 1.90608425328e-05, 2.09486297535e-05, 2.5175166229e-05, 2.91488413495e-05, 1.75599416252e-05, 1.23156241898e-05, 1.45337371578e-05, 1.07510350063e-05, 1.18388315968e-05], "median": [0.000211224527447, 0.000206768308999, 0.000328492867993, 0.000162318145158, 7.47128360672e-05, 7.48900056351e-05, 4.48037317256e-05, 3.83254955523e-05, 6.25233224127e-05, 5.36016668775e-05, 4.07805237046e-05, 2.99187558994e-05, 4.67055615445e-05, 4.41580195911e-05, 2.9959861422e-05, 2.31944977713e-05, 4.95706408401e-05, 1.67345424416e-05, 1.38708937811e-05, 1.34439560497e-05, 6.82590962242e-06, 5.81597396376e-06, 7.95949472376e-06, 7.78016692493e-06, 4.81683173348e-06, 2.50411176239e-06, 2.32936145039e-06, 2.30155046665e-06, 1.43718000345e-06, 9.1466779395e-07, 8.4775842879e-07, 6.05244736107e-07, 5.05767843606e-07, 3.71031660507e-07, 2.99137468573e-07, 2.59415770643e-07, 1.90256486121e-07, 1.76092981974e-07, 1.20634382483e-07, 6.041717171e-08], "var": [4.98886620335e-05, 1.14935382953e-05, 1.01543764686e-05, 3.09143956656e-06, 2.03330728255e-06, 7.31870557047e-07, 3.17336827038e-07, 3.23830903426e-07, 2.14293763179e-07, 2.32939303402e-08, 6.22788860483e-08, 1.03834629783e-08, 1.44720937456e-08, 1.38923423876e-08, 8.37377100993e-09, 1.08212612204e-08, 1.1465341565e-08, 1.15218146135e-09, 2.57882715182e-09, 3.45212503028e-09, 1.09408027082e-09, 9.55589829488e-10, 5.61592328197e-10, 3.84737325332e-10, 1.8743304131e-10, 8.44918995879e-11, 7.97754015625e-11, 6.45088496509e-11, 3.91032900504e-11, 1.51699416917e-11, 1.48198901068e-11, 7.33559393784e-12, 5.69964735131e-12, 5.63139248774e-12, 4.95335326575e-12, 4.4661136768e-12, 2.8348350143e-12, 2.54631255317e-12, 1.66085493882e-12, 8.69268415929e-13]}, "spectral_energy": {"mean": 0.0276089794934, "dvar": 0.000503794290125, "min": 1.02787522789e-20, "dmean": 0.012638291344, "dmean2": 0.019144995138, "dvar2": 0.00108227343298, "max": 0.305600523949, "median": 0.015467684716, "var": 0.0011668408988}, "spectral_decrease": {"mean": -6.9483192533e-09, "dvar": 3.40333702304e-17, "min": -8.01657265015e-08, "dmean": 3.24761950665e-09, "dmean2": 4.95117769006e-09, "dvar2": 7.36454185654e-17, "max": 1.01646947272e-28, "median": -3.78514908306e-09, "var": 7.71051709605e-17}, "erbbands_spread": {"mean": 40.0748558044, "dvar": 156.603179932, "min": 4.97586965561, "dmean": 10.4869279861, "dmean2": 15.5422697067, "dvar2": 318.532348633, "max": 196.039581299, "median": 33.3086166382, "var": 540.156494141}, "spectral_contrast_coeffs": {"mean": [-0.656429350376, -0.752264559269, -0.78863042593, -0.788115799427, -0.817221403122, -0.783568739891], "dvar": [0.00298581412062, 0.00191420037299, 0.00114593445323, 0.000788654782809, 0.000298526196275, 0.000489081197884], "min": [-0.953842163086, -0.993623971939, -0.990626037121, -0.992685556412, -0.958311975002, -0.959656238556], "dmean": [0.0610213577747, 0.0508376918733, 0.0394590012729, 0.0325518734753, 0.0203838273883, 0.0223374404013], "dmean2": [0.0985692664981, 0.0823341831565, 0.063809491694, 0.0532039999962, 0.0327399075031, 0.0314226932824], "dvar2": [0.00691833067685, 0.0047935009934, 0.00278863846324, 0.00195307494141, 0.000714883906767, 0.000864428526256], "max": [-0.295725107193, -0.206846728921, -0.437766462564, -0.536493480206, -0.595116019249, -0.560226738453], "median": [-0.667231678963, -0.760677218437, -0.784804821014, -0.788560390472, -0.812570691109, -0.787452936172], "var": [0.0121259232983, 0.00817657355219, 0.0044910190627, 0.00389054953121, 0.00171958655119, 0.00274197245017]}, "spectral_energyband_middle_high": {"mean": 0.0045520523563, "dvar": 5.54116695639e-06, "min": 1.81137731137e-21, "dmean": 0.00149613770191, "dmean2": 0.00208707898855, "dvar2": 1.06151637738e-05, "max": 0.0989820733666, "median": 0.00340184965171, "var": 2.3111635528e-05}, "erbbands_crest": {"mean": 8.17599105835, "dvar": 7.27398586273, "min": 2.29736161232, "dmean": 2.60728549957, "dmean2": 4.12660598755, "dvar2": 17.501247406, "max": 28.3202228546, "median": 7.06161117554, "var": 17.0147342682}, "barkbands_crest": {"mean": 10.1805076599, "dvar": 7.89463329315, "min": 2.5929851532, "dmean": 2.89612102509, "dmean2": 4.53427505493, "dvar2": 16.5766239166, "max": 25.7759857178, "median": 9.11631202698, "var": 24.0265579224}, "pitch_salience": {"mean": 0.53873705864, "dvar": 0.00790705997497, "min": 0.0181177891791, "dmean": 0.0906951501966, "dmean2": 0.141848906875, "dvar2": 0.0184986852109, "max": 0.995985805988, "median": 0.559281289577, "var": 0.0196636039764}, "melbands_skewness": {"mean": 3.04858517647, "dvar": 2.3969078064, "min": -1.23744463921, "dmean": 1.12399291992, "dmean2": 1.6622531414, "dvar2": 4.49086093903, "max": 38.4297103882, "median": 2.54033946991, "var": 7.40844917297}, "spectral_spread": {"mean": 4761654, "dvar": 829844029440, "min": 973365.875, "dmean": 705788.375, "dmean2": 971604.75, "dvar2": 1476661346300.0, "max": 40597156, "median": 4429571.5, "var": 4064595410940.0}, "spectral_entropy": {"mean": 7.73108482361, "dvar": 0.0425893701613, "min": 5.06977415085, "dmean": 0.187051653862, "dmean2": 0.278506457806, "dvar2": 0.0932765081525, "max": 9.79705047607, "median": 7.75808763504, "var": 0.152927622199}, "erbbands_flatness_db": {"mean": 0.150255128741, "dvar": 0.000601417035796, "min": 0.0327653735876, "dmean": 0.0225187968463, "dmean2": 0.0306094624102, "dvar2": 0.00113186088856, "max": 0.36768206954, "median": 0.143269091845, "var": 0.00310511211865}, "spectral_kurtosis": {"mean": 4.34928417206, "dvar": 8.6923122406, "min": -1.22754478455, "dmean": 1.86440062523, "dmean2": 3.06406569481, "dvar2": 21.2429885864, "max": 60.4546508789, "median": 3.72208118439, "var": 12.7749471664}, "erbbands_skewness": {"mean": 0.0952397882938, "dvar": 0.144372597337, "min": -2.58859443665, "dmean": 0.357156813145, "dmean2": 0.547812461853, "dvar2": 0.33371207118, "max": 5.77672624588, "median": 0.0327798128128, "var": 0.436399191618}, "erbbands_kurtosis": {"mean": 0.305213719606, "dvar": 1.88228774071, "min": -1.84661900997, "dmean": 0.858559608459, "dmean2": 1.32233929634, "dvar2": 4.37237787247, "max": 33.9916419983, "median": -0.0319790653884, "var": 2.95701646805}, "barkbands_spread": {"mean": 23.575428009, "dvar": 72.9159927368, "min": 0.103405028582, "dmean": 6.73168945313, "dmean2": 10.5133228302, "dvar2": 171.734786987, "max": 117.914611816, "median": 20.1672210693, "var": 245.921829224}, "zerocrossingrate": {"mean": 0.0621320456266, "dvar": 0.000170161234564, "min": 0.001953125, "dmean": 0.0112218456343, "dmean2": 0.0133871501312, "dvar2": 0.000233397848206, "max": 0.50146484375, "median": 0.052734375, "var": 0.00214105355553}, "spectral_centroid": {"mean": 1361.921875, "dvar": 118764.585938, "min": 99.4964752197, "dmean": 298.285217285, "dmean2": 463.908630371, "dvar2": 258899.46875, "max": 10573.8164063, "median": 1299.83215332, "var": 368155.84375}, "barkbands_skewness": {"mean": 1.67531871796, "dvar": 0.995132088661, "min": -2.45845866203, "dmean": 0.7269744277, "dmean2": 1.09071063995, "dvar2": 1.90524041653, "max": 29.3461418152, "median": 1.39278817177, "var": 3.14560508728}, "melbands_flatness_db": {"mean": 0.196952328086, "dvar": 0.00120125710964, "min": -2.847450844e-07, "dmean": 0.0345726981759, "dmean2": 0.0518358647823, "dvar2": 0.00269843451679, "max": 0.710232794285, "median": 0.192782729864, "var": 0.00469851493835}, "spectral_contrast_valleys": {"mean": [-7.91347932816, -7.51284503937, -7.73111581802, -8.02696990967, -7.96297264099, -10.6325874329], "dvar": [0.208982124925, 0.232706561685, 0.264115989208, 0.259865999222, 0.225288212299, 0.365669608116], "min": [-27.7504806519, -27.111530304, -27.3602085114, -27.4061145782, -27.2216625214, -27.2049827576], "dmean": [0.457324713469, 0.4491969347, 0.459326118231, 0.43664264679, 0.381802678108, 0.518043577671], "dmean2": [0.719477117062, 0.696020305157, 0.689887225628, 0.625843703747, 0.496638149023, 0.608799755573], "dvar2": [0.406751275063, 0.443818867207, 0.499800890684, 0.462427943945, 0.351104825735, 0.721484065056], "max": [-5.18626260757, -5.09609889984, -5.1023888588, -5.63190984726, -5.71222639084, -8.18242740631], "median": [-7.63994598389, -6.94654655457, -7.11235713959, -7.41222000122, -7.48473834991, -10.3379535675], "var": [3.31795239449, 3.18305635452, 3.67221355438, 3.55772614479, 3.30644488335, 3.05245828629]}, "barkbands_flatness_db": {"mean": 0.127232298255, "dvar": 0.000801948248409, "min": 0.0190384816378, "dmean": 0.0281854756176, "dmean2": 0.0417656488717, "dvar2": 0.00182073086035, "max": 0.596821188927, "median": 0.122041195631, "var": 0.00307408696972}, "barkbands_kurtosis": {"mean": 6.71726131439, "dvar": 760.589416504, "min