{"metadata": {"version": {"essentia_git_sha": "v2.1_beta1-28-g21ef5f4-dirty", "essentia_build_sha": "ca57ba49d9b1854bd80e60cf9ccf267278fb7d6b", "extractor": "music 1.0", "essentia": "2.1-beta1"}, "audio_properties": {"analysis_sample_rate": 44100, "md5_encoded": "1bba4d56550fde67b0ede4dd3cb8d83c", "downmix": "mix", "sample_rate": 44100, "equal_loudness": 0, "lossless": true, "codec": "flac", "bit_rate": 0, "length": 196.933334351, "replay_gain": -6.66787719727}, "tags": {"script": ["Latn"], "releasecountry": ["AT"], "releasestatus": ["official"], "musicbrainz_artistid": ["dcd95aa4-f3ff-492d-a621-8518ada0f58b"], "replaygain_track_peak": ["0.50640869140625"], "album artist": ["Falco"], "date": ["1992"], "replaygain_track_gain": ["-1.13999998569489 dB"], "disctotal": ["1"], "replaygain_album_gain": ["+0.0299999993294477 dB"], "musicbrainz_albumid": ["5901c528-ccdc-41d4-9b39-971b29d0f758"], "ensemble": ["Falco"], "tracktotal": ["10"], "acoustid_id": ["279d4db9-0a3f-4404-8596-9e1536d64c41"], "file_name": "04. Falco - Psychos.flac", "album": ["Nachtflug"], "discnumber": ["1"], "artistsort": ["Falco"], "encoder": ["reference libFLAC 1.2.1 20070917"], "genre": ["New Wave"], "artist": ["Falco"], "asin": ["B000006YM8"], "totaltracks": ["10"], "originaldate": ["1992"], "albumartist": ["Falco"], "tracknumber": ["4"], "musicbrainz_recordingid": ["39446705-6936-44c1-9de5-4f497a5fea4a"], "totaldiscs": ["1"], "releasetype": ["album"], "albumartistsort": ["Falco"], "title": ["Psychos"], "disc": ["1"], "musicbrainz_albumartistid": ["dcd95aa4-f3ff-492d-a621-8518ada0f58b"]}}, "rhythm": {"beats_loudness": {"var": 0.000128298139316, "mean": 0.0253828763962, "dmean2": 0.0182755310088, "dvar": 0.000110167879029, "dmean": 0.0103693772107, "max": 0.0790683105588, "min": 0, "median": 0.0233446247876, "dvar2": 0.000322775071254}, "beats_position": [0.650158703327, 1.31192743778, 1.98530614376, 2.67029476166, 3.30884337425, 3.94739222527, 4.58594083786, 5.22448968887, 5.85142850876, 6.47836732864, 7.10530614853, 7.73224496841, 8.37079334259, 9.0093421936, 9.63628101349, 10.2632198334, 10.8901586533, 11.5170974731, 12.1556463242, 12.7941951752, 13.4211339951, 14.0480718613, 14.6750106812, 15.3135595322, 15.9521083832, 16.5790481567, 17.2059860229, 17.8329238892, 18.4714736938, 19.1100215912, 19.7369613647, 20.363899231, 20.9908390045, 21.6177768707, 22.2447166443, 22.8716545105, 23.4985942841, 24.1371421814, 24.7756919861, 25.4026298523, 26.0295696259, 26.6681175232, 27.3066654205, 27.9336051941, 28.5721530914, 29.199092865, 29.8260307312, 30.4529705048, 31.0915184021, 31.7184581757, 32.357006073, 32.9839439392, 33.6108856201, 34.2494316101, 34.8763694763, 35.5033111572, 36.1302490234, 36.7687988281, 37.4073448181, 38.034286499, 38.6612243652, 39.2881622314, 39.9151000977, 40.5420417786, 41.1805877686, 41.8191375732, 42.4460754395, 43.0730133057, 43.6999549866, 44.3385009766, 44.9770507812, 45.6039886475, 46.2309303284, 46.8578681946, 47.4964179993, 48.1349639893, 48.7619056702, 49.3888435364, 50.0157814026, 50.6427192688, 51.2812690735, 51.9198188782, 52.5467567444, 53.1736946106, 53.8006324768, 54.4391822815, 55.0777320862, 55.7046699524, 56.3316078186, 56.9585494995, 57.5970954895, 58.2356452942, 58.8625831604, 59.4895210266, 60.1164627075, 60.7434005737, 61.3819503784, 62.0204963684, 62.6474380493, 63.2743759155, 63.9013137817, 64.5398635864, 65.1784133911, 65.8053512573, 66.4322891235, 67.0592269897, 67.686164856, 68.3247146606, 68.9632644653, 69.5902023315, 70.2171401978, 70.844078064, 71.4710159302, 72.1095657349, 72.7365036011, 73.3750534058, 74.001991272, 74.6405410767, 75.2790908813, 75.9060287476, 76.5329666138, 77.15990448, 77.7868499756, 78.4137878418, 79.0523376465, 79.6908798218, 80.3062133789, 80.9447631836, 81.5717010498, 82.2102508545, 82.8487930298, 83.4757385254, 84.1026763916, 84.7296142578, 85.3681640625, 86.0067138672, 86.6336517334, 87.2605895996, 87.8875274658, 88.514465332, 89.1530151367, 89.7915649414, 90.4185028076, 91.0454406738, 91.67237854, 92.2993164062, 92.9378662109, 93.5764160156, 94.2033538818, 94.830291748, 95.4572296143, 96.0957794189, 96.7227172852, 97.3612670898, 97.9882049561, 98.6151428223, 99.2420806885, 99.8690261841, 100.507568359, 101.146118164, 101.77305603, 102.400001526, 103.038543701, 103.677093506, 104.304031372, 104.930976868, 105.557914734, 106.1848526, 106.811790466, 107.450340271, 108.088890076, 108.715827942, 109.342765808, 109.981315613, 110.619865417, 111.246803284, 111.87374115, 112.500679016, 113.15083313, 113.777778625, 114.404716492, 115.031654358, 115.658592224, 116.28553009, 116.924079895, 117.5626297, 118.189567566, 118.816505432, 119.443443298, 120.070381165, 120.708930969, 121.347480774, 121.97441864, 122.601356506, 123.228294373, 123.866844177, 124.505393982, 125.132331848, 125.759269714, 126.386207581, 127.013153076, 127.651695251, 128.290252686, 128.917190552, 129.544128418, 130.171066284, 130.809616089, 131.448165894, 132.07510376, 132.702041626, 133.340591431, 133.979141235, 134.606079102, 135.233016968, 135.859954834, 136.4868927, 137.113830566, 137.752380371, 138.390930176, 139.017868042, 139.644805908, 140.271743774, 140.910293579, 141.548843384, 142.17578125, 142.802719116, 143.429656982, 144.079818726, 144.706756592, 145.333694458, 145.960632324, 146.58757019, 147.214508057, 147.841445923, 148.479995728, 149.118545532, 149.745483398, 150.372421265, 150.999359131, 151.637908936, 152.27645874, 152.903396606, 153.530334473, 154.157272339, 154.795822144, 155.42276001, 156.061309814, 156.688247681, 157.315185547, 157.942123413, 158.580673218, 159.219223022, 159.846160889, 160.473098755, 161.100036621, 161.726974487, 162.365524292, 163.004074097, 163.631011963, 164.257949829, 164.884887695, 165.51184082, 166.138778687, 166.777328491, 167.415863037, 168.042816162, 168.681350708, 169.319900513, 169.946838379, 170.573776245, 171.20072937, 171.827667236, 172.466217041, 173.104751587, 173.731704712, 174.358642578, 174.985580444, 175.624130249, 176.262680054, 176.88961792, 177.516555786, 178.143493652, 178.770431519, 179.397369385, 180.035919189, 180.674468994, 181.30140686, 181.928344727, 182.57850647, 183.205444336, 183.832382202, 184.459320068, 185.086257935, 185.713195801, 186.351745605, 186.99029541, 187.617233276, 188.244171143, 188.871109009, 189.509658813, 190.148208618, 190.775146484, 191.402084351, 192.029022217, 192.690795898, 193.387390137, 194.083984375, 194.780578613, 195.47718811, 196.173782349], "bpm_histogram_first_peak_spread": {"var": 0, "mean": 0.363333284855, "dmean2": 0, "dvar": 0, "dmean": 0, "max": 0.363333284855, "min": 0.363333284855, "median": 0.363333284855, "dvar2": 0}, "danceability": 1.33949053288, "bpm_histogram_second_peak_weight": {"var": 0, "mean": 0.016181230545, "dmean2": 0, "dvar": 0, "dmean": 0, "max": 0.016181230545, "min": 0.016181230545, "median": 0.016181230545, "dvar2": 0}, "bpm_histogram_first_peak_weight": {"var": 0, "mean": 0.6181229949, "dmean2": 0, "dvar": 0, "dmean": 0, "max": 0.6181229949, "min": 0.6181229949, "median": 0.6181229949, "dvar2": 0}, "bpm": 95.0658721924, "bpm_histogram_second_peak_spread": {"var": 0, "mean": 0.28571420908, "dmean2": 0, "dvar": 0, "dmean": 0, "max": 0.28571420908, "min": 0.28571420908, "median": 0.28571420908, "dvar2": 0}, "bpm_histogram_second_peak_bpm": {"var": 0, "mean": 86, "dmean2": 0, "dvar": 0, "dmean": 0, "max": 86, "min": 86, "median": 86, "dvar2": 0}, "beats_count": 310, "beats_loudness_band_ratio": {"var": [0.0504030175507, 0.00462052738294, 0.00137085560709, 0.00270411721431, 0.00714334985241, 0.0124271139503], "mean": [0.4356161654, 0.0715986788273, 0.0461812391877, 0.0671893134713, 0.141746342182, 0.249491095543], "dmean2": [0.649163007736, 0.144613817334, 0.0697578340769, 0.107117265463, 0.191273182631, 0.269621968269], "dvar": [0.03184902668, 0.00431092316285, 0.00119810900651, 0.00236830464564, 0.00616689538583, 0.0080575812608], "dmean": [0.333342790604, 0.0754834413528, 0.0376371257007, 0.056736163795, 0.100985601544, 0.142502918839], "max": [0.941977262497, 0.757387578487, 0.24374961853, 0.469890058041, 0.618290364742, 0.577780604362], "min": [0, 0, 0, 0, 0, 0], "median": [0.409757196903, 0.0541586130857, 0.0393746979535, 0.0579461976886, 0.130836904049, 0.245272517204], "dvar2": [0.10744048655, 0.0110315009952, 0.00356450141408, 0.0065935626626, 0.0192550849169, 0.0260485298932]}, "onset_rate": 4.97076272964, "bpm_histogram_first_peak_bpm": {"var": 0, "mean": 96, "dmean2": 0, "dvar": 0, "dmean": 0, "max": 96, "min": 96, "median": 96, "dvar2": 0}}, "lowlevel": {"hfc": {"var": 538.447998047, "mean": 30.7789802551, "dmean2": 18.0932044983, "dvar": 249.83152771, "dmean": 12.7682514191, "max": 199.695587158, "min": 1.04944007268e-16, "median": 26.4473228455, "dvar2": 551.730407715}, "barkbands_spread": {"var": 307.31149292, "mean": 55.3383178711, "dmean2": 17.9158649445, "dvar": 111.814353943, "dmean": 11.2020759583, "max": 139.725997925, "min": 4.27450847626, "median": 56.2245826721, "dvar2": 265.734344482}, "spectral_spread": {"var": 15853873528800.0, "mean": 5645792, "dmean2": 900371.1875, "dvar": 588170526720, "dmean": 608674.125, "max": 42877656, "min": 1876851.5, "median": 5141266, "dvar2": 1206891184130.0}, "spectral_energy": {"var": 0.000161586824106, "mean": 0.0178353004158, "dmean2": 0.0133961904794, "dvar": 0.000112424837425, "dmean": 0.00874236319214, "max": 0.1161929667, "min": 1.00938394457e-20, "median": 0.0148520022631, "dvar2": 0.000268754083663}, "gfcc": {"icov": [[0.000188049190911, 2.55921495409e-05, 0.000403639307478, -0.000313050550176, 0.000373989809304, -0.000481931259856, 0.000840442196932, -0.000762188341469, 0.000632759183645, -0.000363216589903, 0.000588877184782, -0.00043034213013, 0.000752601888962], [2.55921495409e-05, 0.00219746353105, 0.000792651553638, -0.00048786555999, -8.77058482729e-06, 0.000491145881824, -0.00014498415112, -8.71591109899e-05, 0.000460260576801, 0.000261578214122, -0.000933066010475, 0.00130364822689, -0.00100784702227], [0.000403639307478, 0.000792651553638, 0.00343001587316, -0.000457135611214, -0.000179627895704, -0.00138013763353, 0.0020096974913, -4.79330919916e-05, -0.0008301899652, -0.000215025691432, 0.00120652362239, -0.00137060857378, 0.00117982923985], [-0.000313050550176, -0.00048786555999, -0.000457135611214, 0.00455279834569, -0.00118311343249, 4.62923708255e-06, -0.000118654679682, 0.000721778196748, -0.000896359619219, -0.00106638879515, -0.000520619738381, 0.000917928118724, -0.00269773043692], [0.000373989809304, -8.77058482729e-06, -0.000179627895704, -0.00118311343249, 0.00823745410889, 9.57142838161e-05, -0.00120398635045, -0.00118824047968, 0.00179012923036, -0.00108010612894, -0.000525011913851, 0.002004645532, 0.000616199453361], [-0.000481931259856, 0.000491145881824, -0.00138013763353, 4.62923708255e-06, 9.57142838161e-05, 0.00911237020046, -0.00437578046694, 0.000788605888374, -0.00162557384465, -5.48054231331e-05, -0.000120336611872, 0.000597680860665, -0.000520131085068], [0.000840442196932, -0.00014498415112, 0.0020096974913, -0.000118654679682, -0.00120398635045, -0.00437578046694, 0.0151075134054, -0.00750843947753, 0.00239932094701, 0.000391126173781, 0.00065662455745, -0.00084136048099, 0.00345910619944], [-0.000762188341469, -8.71591109899e-05, -4.79330919916e-05, 0.000721778196748, -0.00118824047968, 0.000788605888374, -0.00750843947753, 0.0183941330761, -0.0048295208253, -3.21206607623e-05, -0.00318777095526, 0.00266000814736, -0.0031014396809], [0.000632759183645, 0.000460260576801, -0.0008301899652, -0.000896359619219, 0.00179012923036, -0.00162557384465, 0.00239932094701, -0.0048295208253, 0.0156382955611, -0.00652031879872, 0.00165034516249, 0.00151111849118, 0.000439492345322], [-0.000363216589903, 0.000261578214122, -0.000215025691432, -0.00106638879515, -0.00108010612894, -5.48054231331e-05, 0.000391126173781, -3.21206607623e-05, -0.00652031879872, 0.0211806483567, -0.0046570119448, 0.000544201873709, -4.51612731922e-06], [0.000588877184782, -0.000933066010475, 0.00120652362239, -0.000520619738381, -0.000525011913851, -0.000120336611872, 0.00065662455745, -0.00318777095526, 0.00165034516249, -0.0046570119448, 0.0171271748841, -0.00788685679436, 0.00427770521492], [-0.00043034213013, 0.00130364822689, -0.00137060857378, 0.000917928118724, 0.002004645532, 0.000597680860665, -0.00084136048099, 0.00266000814736, 0.00151111849118, 0.000544201873709, -0.00788685679436, 0.0261168256402, -0.010418289341], [0.000752601888962, -0.00100784702227, 0.00117982923985, -0.00269773043692, 0.000616199453361, -0.000520131085068, 0.00345910619944, -0.0031014396809, 0.000439492345322, -4.51612731922e-06, 0.00427770521492, -0.010418289341, 0.021503334865]], "mean": [9.96670341492, 29.6782207489, -105.114105225, 60.9758071899, -44.4003677368, 22.6395969391, -30.2192668915, 21.1690254211, -30.2980728149, 10.808968544, -15.3368415833, 8.67326259613, -9.80660533905], "cov": [[21162.0761719, 292.392120361, -1902.24658203, 737.759887695, -818.151245117, 418.795135498, -550.155822754, 303.612670898, -521.407714844, 111.584243774, -337.29876709, 30.5646324158, -271.572662354], [292.392120361, 615.122375488, -237.181808472, 73.9517745972, 13.7077178955, -52.0593757629, 18.5484828949, 22.7008247375, -46.4815826416, -7.50781726837, 33.1705360413, -19.9967250824, 24.187828064], [-1902.24658203, -237.181808472, 605.861633301, -46.6361045837, 58.566444397, 19.4429473877, -11.3094272614, -53.4827423096, 94.9715576172, 5.16203689575, -4.65451812744, 12.8362503052, 14.4705123901], [737.759887695, 73.9517745972, -46.6361045837, 292.950469971, 5.95540094376, 15.3235521317, -27.4807167053, 11.571557045, 1.73647809029, 26.4279766083, -4.45373106003, 0.58023250103, 24.3830699921], [-818.151245117, 13.7077178955, 58.566444397, 5.95540094376, 171.932495117, -11.4053564072, 47.2334861755, 6.15980529785, 10.455783844, 2.81673002243, 20.9094734192, -16.7260074615, 2.42210316658], [418.795135498, -52.0593757629, 19.4429473877, 15.3235521317, -11.4053564072, 150.673736572, 27.7142295837, 19.7978534698, 11.0329666138, 9.04475402832, -11.6274681091, -3.41379594803, -13.4377336502], [-550.155822754, 18.5484828949, -11.3094272614, -27.4807167053, 47.2334861755, 27.7142295837, 128.306045532, 37.776714325, 6.43221950531, -4.66178226471, 18.4603023529, -11.4575223923, -7.93299055099], [303.612670898, 22.7008247375, -53.4827423096, 11.571557045, 6.15980529785, 19.7978534698, 37.776714325, 86.4140472412, 11.3756427765, 10.4783496857, 9.16899394989, -7.65760135651, -4.25145816803], [-521.407714844, -46.4815826416, 94.9715576172, 1.73647809029, 10.455783844, 11.0329666138, 6.43221950531, 11.3756427765, 105.182266235, 26.4957695007, 3.63283443451, -6.68338632584, 5.54567623138], [111.584243774, -7.50781726837, 5.16203689575, 26.4279766083, 2.81673002243, 9.04475402832, -4.66178226471, 10.4783496857, 26.4957695007, 61.9662284851, 13.4151449203, 0.415013641119, -1.82180094719], [-337.29876709, 33.1705360413, -4.65451812744, -4.45373106003, 20.9094734192, -11.6274681091, 18.4603023529, 9.16899394989, 3.63283443451, 13.4151449203, 84.0480804443, 16.6275806427, 1.79366743565], [30.5646324158, -19.9967250824, 12.8362503052, 0.58023250103, -16.7260074615, -3.41379594803, -11.4575223923, -7.65760135651, -6.68338632584, 0.415013641119, 16.6275806427, 56.7130241394, 22.8030776978], [-271.572662354, 24.187828064, 14.4705123901, 24.3830699921, 2.42210316658, -13.4377336502, -7.93299055099, -4.25145816803, 5.54567623138, -1.82180094719, 1.79366743565, 22.8030776978, 70.2539520264]]}, "silence_rate_60dB": {"var": 0.0319191850722, "mean": 0.0330071896315, "dmean2": 0.0160358455032, "dvar": 0.00795254390687, "dmean": 0.00801697745919, "max": 1, "min": 0, "median": 0, "dvar2": 0.0193168353289}, "spectral_centroid": {"var": 994890.9375, "mean": 2999.40283203, "dmean2": 468.149688721, "dvar": 109306.867188, "dmean": 299.984222412, "max": 11748.1796875, "min": 326.650878906, "median": 2976.25073242, "dvar2": 240677.953125}, "spectral_complexity": {"var": 207.007949829, "mean": 25.9936351776, "dmean2": 10.6369533539, "dvar": 56.5933952332, "dmean": 7.89790153503, "max": 63, "min": 0, "median": 27, "dvar2": 103.976615906}, "melbands_spread": {"var": 1176.2532959, "mean": 59.0586204529, "dmean2": 33.4548797607, "dvar": 421.411468506, "dmean": 21.1229896545, "max": 243.971481323, "min": 0.67443048954, "median": 55.5752029419, "dvar2": 970.482421875}, "spectral_strongpeak": {"var": 0.412287652493, "mean": 0.299558848143, "dmean2": 0.46327829361, "dvar": 0.52931445837, "dmean": 0.260241806507, "max": 10.8147039413, "min": 0, "median": 0.164145186543, "dvar2": 1.45637488365}, "zerocrossingrate": {"var": 0.00378730869852, "mean": 0.128740936518, "dmean2": 0.0225472394377, "dvar": 0.000353369105142, "dmean": 0.0189687646925, "max": 0.5341796875, "min": 0.01171875, "median": 0.119140625, "dvar2": 0.000469036749564}, "erbbands_kurtosis": {"var": 7.50929117203, "mean": 1.63183534145, "dmean2": 1.97699666023, "dvar": 2.96087193489, "dmean": 1.28012609482, "max": 32.6900138855, "min": -1.8633223772, "median": 0.904053211212, "dvar2": 6.16450023651}, "spectral_energyband_middle_low": {"var": 6.22783181825e-06, "mean": 0.00241341604851, "dmean2": 0.00248640775681, "dvar": 6.08554455539e-06, "dmean": 0.00150678108912, "max": 0.0267949085683, "min": 1.50510344069e-22, "median": 0.00175367901102, "dvar2": 1.61938387464e-05}, "erbbands": {"var": [0.0248346515, 2.45959663391, 29.0039730072, 7.31265640259, 10.721613884, 36.4182701111, 34.9122848511, 17.384765625, 13.344291687, 47.2992782593, 95.1911010742, 114.174537659, 138.774414062, 177.222503662, 358.346313477, 429.452484131, 641.257751465, 509.466400146, 641.67578125, 618.763000488, 1152.79602051, 1253.38134766, 2758.04125977, 3878.6496582, 6860.77636719, 3006.74536133, 1348.0526123, 459.818908691, 301.626556396, 322.675628662, 220.379592896, 115.863876343, 38.6004142761, 9.90700244904, 5.16298675537, 1.36226844788, 0.101102307439, 0.00283456640318, 1.49875786519e-05, 1.21238858952e-08], "mean": [0.163566082716, 1.28314995766, 2.66752243042, 1.46304023266, 1.94839799404, 3.76266884804, 3.91080236435, 2.74935150146, 2.28224301338, 3.05023527145, 4.6910905838, 5.96008396149, 7.21132659912, 7.68211698532, 10.4747991562, 13.2040691376, 14.7444829941, 14.200299263, 14.2986154556, 17.6726894379, 24.4213485718, 28.1650676727, 40.9972648621, 46.9224815369, 62.3729057312, 41.0822792053, 30.6617031097, 20.4497947693, 14.9511098862, 14.2025747299, 9.55250930786, 6.12031269073, 3.98953056335, 2.87486553192, 2.2189002037, 0.858378469944, 0.211521029472, 0.0292585231364, 0.00178417330608, 7.93565050117e-05], "dmean2": [0.169207409024, 1.7758667469, 4.8980050087, 2.56715297699, 3.21465039253, 5.01017570496, 4.7558631897, 3.46557116508, 2.81095051765, 4.19678449631, 6.57456064224, 7.94092607498, 9.98180484772, 10.515460968, 13.6812572479, 16.2340373993, 17.6391963959, 17.5788249969, 17.0817127228, 20.5890731812, 32.8545265198, 26.5149936676, 37.647567749, 40.9978866577, 56.4837799072, 35.7543067932, 26.2095851898, 17.9354801178, 11.8038549423, 11.8409328461, 7.71237707138, 4.59590482712, 3.10855722427, 2.09485769272, 1.79911983013, 0.870750486851, 0.221223250031, 0.0286372713745, 0.00173688994255, 6.10445204074e-05], "dvar": [0.0152293043211, 2.31454753876, 37.6231384277, 9.77062702179, 14.4661874771, 30.3351478577, 30.6892967224, 15.8982868195, 11.7741193771, 49.6732711792, 97.664100647, 102.999038696, 132.699325562, 158.062652588, 321.278442383, 311.843902588, 554.339233398, 422.117370605, 518.30078125, 432.497009277, 1090.07775879, 693.942443848, 1715.73962402, 2541.76196289, 4104.21191406, 1690.6192627, 813.410583496, 304.105407715, 155.161193848, 195.799316406, 121.80645752, 46.127155304, 14.7484312057, 3.91546154022, 2.43803048134, 0.930930733681, 0.0650063976645, 0.00156851252541, 8.2552069216e-06, 6.04615868482e-09], "dmean": [0.108922839165, 1.06421589851, 2.86538219452, 1.50057017803, 1.84025704861, 2.95388746262, 2.82908201218, 2.09226751328, 1.73945701122, 2.54038453102, 3.94834423065, 4.86933612823, 6.0973649025, 6.31861448288, 8.29944133759, 9.85919475555, 10.9171180725, 10.9937095642, 10.6335220337, 12.7594919205, 20.0349140167, 16.5014190674, 23.7775993347, 26.4926052094, 36.8639945984, 22.9364109039, 16.9506149292, 11.5127134323, 7.95050907135, 7.55574703217, 5.13521909714, 3.09103226662, 2.02814054489, 1.37247014046, 1.15344142914, 0.544390678406, 0.137147471309, 0.018275173381, 0.00112315139268, 4.04006168537e-05], "max": [1.4169588089, 17.1706314087, 69.6546478271, 40.3086624146, 48.048740387, 146.499389648, 80.7845611572, 84.8769683838, 60.0976142883, 141.135070801, 193.959564209, 200.040847778, 260.155761719, 378.739379883, 533.984924316, 364.373931885, 563.982849121, 571.282714844, 469.766326904, 458.440246582, 648.837585449, 818.750671387, 912.244750977, 1668.16894531, 1479.83679199, 1564.07800293, 468.122344971, 426.863830566, 284.911712646, 276.4090271, 237.908935547, 175.59602356, 81.2526245117, 35.7145805359, 26.8998298645, 13.2318172455, 5.83011817932, 0.774081885815, 0.0577787645161, 0.00144278455991], "min": [7.1061278229e-23, 6.58585512325e-22, 1.2866263304e-21, 5.80960650093e-21, 7.35243930332e-21, 1.5323769648e-20, 5.69556180126e-20, 4.33122980907e-20, 1.41027845016e-19, 1.5989834218e-19, 1.27034288422e-19, 2.42455452183e-19, 4.16886465921e-19, 3.48920447108e-19, 5.95838616243e-19, 1.27914051872e-18, 1.87360255133e-18, 2.24776467332e-18, 2.20147440548e-18, 2.79649002871e-18, 3.62025024943e-18, 3.93689912382e-18, 5.70985654207e-18, 6.79903834184e-18, 5.51392557909e-18, 8.72959269194e-18, 7.78691698635e-18, 9.11102387036e-18, 1.12356819415e-17, 1.04105783794e-17, 1.18576522789e-17, 1.17208076543e-17, 9.72053355908e-18, 7.79950915682e-18, 6.7395681917e-18, 4.03456475233e-18, 2.37463577452e-18, 9.31058160673e-19, 2.54547850461e-19, 2.6802798962e-20], "median": [0.117723569274, 0.761105954647, 0.997651576996, 0.657462954521, 1.00565671921, 2.05417895317, 2.02540707588, 1.48515915871, 1.1931501627, 1.38646423817, 2.02033138275, 2.6834499836, 3.36007165909, 3.72703003883, 4.92762184143, 6.01990890503, 6.34134101868, 7.14305353165, 6.67866230011, 9.53216266632, 13.0625743866, 18.0390262604, 24.6895027161, 27.6853141785, 35.677570343, 27.2708530426, 20.137966156, 14.2287015915, 9.55156517029, 8.52378559113, 5.39803028107, 3.13293910027, 2.11107110977, 1.92639493942, 1.56940090656, 0.460840582848, 0.095026165247, 0.0116163613275, 0.000519029155839, 4.44027027697e-05], "dvar2": [0.0386295616627, 6.1247344017, 98.5278625488, 26.2144851685, 40.5091362, 79.7663803101, 83.0370559692, 40.96118927, 29.8997745514, 130.385635376, 261.270263672, 273.570251465, 343.126800537, 402.619689941, 851.717773438, 784.452148438, 1444.48986816, 1036.43945312, 1327.69274902, 1071.67895508, 2684.79003906, 1657.19140625, 4321.78857422, 6351.96679688, 9483.02246094, 3637.92358398, 1856.06604004, 735.69909668, 339.902069092, 459.221862793, 270.068389893, 93.8120727539, 31.7769241333, 8.85163784027, 5.71755027771, 2.31196284294, 0.155790120363, 0.0035872394219, 1.84449254448e-05, 1.33697293236e-08]}, "barkbands_crest": {"var": 22.3942012787, "mean": 9.84790897369, "dmean2": 5.61743974686, "dvar": 8.84638786316, "dmean": 3.48795676231, "max": 25.606760025, "min": 2.03849577904, "median": 8.94793128967, "dvar2": 22.007648468}, "melbands_crest": {"var": 38.684261322, "mean": 16.5451087952, "dmean2": 8.29139518738, "dvar": 16.8384246826, "dmean": 5.00194215775, "max": 37.416595459, "min": 1.68104505539, "median": 16.6518173218, "dvar2": 43.4460678101}, "spectral_flux": {"var": 0.00140128482599, "mean": 0.0835158824921, "dmean2": 0.0365431457758, "dvar": 0.000661106023472, "dmean": 0.0241573732346, "max": 0.277437567711, "min": 6.34857583171e-11, "median": 0.0778492540121, "dvar2": 0.00135018338915}, "spectral_contrast_valleys": {"var": [5.08997917175, 5.14283275604, 5.12136983871, 5.05829811096, 5.36404657364, 4.37198495865], "mean": [-7.33778762817, -7.55631494522, -7.68863964081, -7.7264122963, -6.91485643387, -9.38614177704], "dmean2": [0.667499959469, 0.690538108349, 0.673380494118, 0.566970527172, 0.405042231083, 0.402303010225], "dvar": [0.131251960993, 0.167844817042, 0.187608256936, 0.148412555456, 0.0995419174433, 0.121693052351], "dmean": [0.417696535587, 0.444587796926, 0.453684657812, 0.394045591354, 0.290420949459, 0.292201578617], "max": [-5.63742113113, -5.37004613876, -5.31109380722, -5.92963171005, -5.12895298004, -7.68739652634], "min": [-28.4697322845, -28.059425354, -27.8107910156, -27.6306934357, -27.6021995544, -27.387172699], "median": [-7.03042411804, -7.25807952881, -7.38239431381, -7.41501140594, -6.57437992096, -9.0335149765], "dvar2": [0.301112651825, 0.357562452555, 0.386929064989, 0.291077792645, 0.188149005175, 0.243841558695]}, "mfcc": {"icov": [[0.000145619094837, -8.19813139969e-05, 0.00011713992717, -7.93992658146e-05, 5.19674249517e-05, -0.000151218351675, 6.41139486106e-05, -0.000182039933861, 0.000122235069284, -0.000151147236465, 0.000119995413115, 2.69964730251e-05, 0.000151665502926], [-8.19813139969e-05, 0.00244317180477, 0.0005066228332, -0.000512493075803, 6.86353087076e-05, 0.00067086139461, -0.00077212927863, 0.000140146468766, 0.000125120190205, 0.000272395409411, -0.000185536060599, 0.000247917079832, -0.000531466444954], [0.00011713992717, 0.0005066228332, 0.0036400789395, 0.000157600035891, -0.00110034400132, -0.00168796512298, 0.00205496139824, -0.000997540308163, 0.000244263821514, -0.000371663278202, 0.00109225162305, -0.00108919932973, -8.69120631251e-05], [-7.93992658146e-05, -0.000512493075803, 0.000157600035891, 0.00466696359217, -0.00212976010516, -8.17011023173e-05, -0.00029989509494, 0.00103772210423, -0.00130442390218, 0.00168951565865, -0.00136038428172, 0.000440021511167, -0.00132486911025], [5.19674249517e-05, 6.86353087076e-05, -0.00110034400132, -0.00212976010516, 0.0102070206776, -0.00179215706885, -0.000475627661217, 0.00150433904491, 0.00088715745369, -0.00316020939499, 0.00244329450652, -0.00065667880699, -0.00115955655929], [-0.000151218351675, 0.00067086139461, -0.00168796512298, -8.17011023173e-05, -0.00179215706885, 0.0108494339511, -0.00151028507389, -0.000217605498619, -0.00229064119048, 0.00142828200478, -0.00305711873807, 0.00239616492763, -0.000691116438247], [6.41139486106e-05, -0.00077212927863, 0.00205496139824, -0.00029989509494, -0.000475627661217, -0.00151028507389, 0.0108505245298, -0.00525676878169, 0.00119362084661, 0.00041462975787, -0.0005340478383, -0.0023851073347, 0.0012279835064], [-0.000182039933861, 0.000140146468766, -0.000997540308163, 0.00103772210423, 0.00150433904491, -0.000217605498619, -0.00525676878169, 0.0170640908182, -0.00360195431858, -0.000106706844235, -0.00151361769531, 0.000363647617633, -0.00185786606744], [0.000122235069284, 0.000125120190205, 0.000244263821514, -0.00130442390218, 0.00088715745369, -0.00229064119048, 0.00119362084661, -0.00360195431858, 0.0143607594073, -0.00536978058517, 0.00321532576345, 0.000409675063565, -0.00017849568394], [-0.000151147236465, 0.000272395409411, -0.000371663278202, 0.00168951565865, -0.00316020939499, 0.00142828200478, 0.00041462975787, -0.000106706844235, -0.00536978058517, 0.0181051660329, -0.00890946108848, 0.00293620396405, 0.000391575682443], [0.000119995413115, -0.000185536060599, 0.00109225162305, -0.00136038428172, 0.00244329450652, -0.00305711873807, -0.0005340478383, -0.00151361769531, 0.00321532576345, -0.00890946108848, 0.0205458048731, -0.00811086501926, -0.000784056494012], [2.69964730251e-05, 0.000247917079832, -0.00108919932973, 0.000440021511167, -0.00065667880699, 0.00239616492763, -0.0023851073347, 0.000363647617633, 0.000409675063565, 0.00293620396405, -0.00811086501926, 0.0216306205839, -0.00459081120789], [0.000151665502926, -0.000531466444954, -8.69120631251e-05, -0.00132486911025, -0.00115955655929, -0.000691116438247, 0.0012279835064, -0.00185786606744, -0.00017849568394, 0.000391575682443, -0.000784056494012, -0.00459081120789, 0.0222035963088]], "mean": [-625.743530273, 58.9260978699, 1.86069607735, 42.4375228882, 11.6713075638, 11.6455669403, 14.1544132233, 10.4411172867, 2.86205124855, 3.47689151764, 2.38743019104, 0.221701830626, 3.57653570175], "cov": [[7618.11914062, 355.305603027, -334.157592773, 121.467132568, -49.8339042664, 36.6748352051, 82.0037384033, 73.5399398804, -18.9028015137, 29.5987453461, -0.0716124996543, -44.3696899414, -47.2856254578], [355.305603027, 500.491088867, -142.980499268, 66.7399597168, -16.201210022, -40.5877304077, 61.4290847778, 5.42027616501, -16.1424026489, -15.3692579269, 10.1954545975, 4.13371896744, 9.27816295624], [-334.157592773, -142.980499268, 402.375183105, -14.1375350952, 58.4478225708, 62.1208152771, -79.1775360107, -4.02352714539, 16.2214241028, 11.3629150391, -18.2757091522, 1.89294660091, 8.29588603973], [121.467132568, 66.7399597168, -14.1375350952, 267.524871826, 54.1537666321, 14.6104755402, 10.4800987244, -12.2933588028, 12.3209686279, -10.0276346207, 9.12134933472, 3.01929140091, 19.5723228455], [-49.8339042664, -16.201210022, 58.4478225708, 54.1537666321, 128.871536255, 27.7893695831, -9.53152751923, -12.3270845413, 5.71584510803, 15.0982027054, -5.72098779678, -0.0875978767872, 10.0630817413], [36.6748352051, -40.5877304077, 62.1208152771, 14.6104755402, 27.7893695831, 118.037979126, 4.19960021973, 9.79683303833, 20.4767131805, 8.43821430206, 10.7963657379, -5.11908817291, 4.94438743591], [82.0037384033, 61.4290847778, -79.1775360107, 10.4800987244, -9.53152751923, 4.19960021973, 134.965423584, 37.92370224, -5.03373718262, -2.38313889503, 19.2281208038, 16.2407474518, 0.605954527855], [73.5399398804, 5.42027616501, -4.02352714539, -12.2933588028, -12.3270845413, 9.79683303833, 37.92370224, 77.8776397705, 17.3436336517, 8.25092029572, 11.7558851242, 5.20938444138, 4.4443821907], [-18.9028015137, -16.1424026489, 16.2214241028, 12.3209686279, 5.71584510803, 20.4767131805, -5.03373718262, 17.3436336517, 88.6828613281, 25.136806488, -2.57829022408, -7.8512005806, 1.76214873791], [29.5987453461, -15.3692579269, 11.3629150391, -10.0276346207, 15.0982027054, 8.43821430206, -2.38313889503, 8.25092029572, 25.136806488, 80.9661865234, 29.5237998962, -0.249385237694, 0.514572143555], [-0.0716124996543, 10.1954545975, -18.2757091522, 9.12134933472, -5.72098779678, 10.7963657379, 19.2281208038, 11.7558851242, -2.57829022408, 29.5237998962, 77.9224243164, 26.359172821, 8.33499908447], [-44.3696899414, 4.13371896744, 1.89294660091, 3.01929140091, -0.0875978767872, -5.11908817291, 16.2407474518, 5.20938444138, -7.8512005806, -0.249385237694, 26.359172821, 61.4820365906, 13.5474557877], [-47.2856254578, 9.27816295624, 8.29588603973, 19.5723228455, 10.0630817413, 4.94438743591, 0.605954527855, 4.4443821907, 1.76214873791, 0.514572143555, 8.33499908447, 13.5474557877, 50.9014472961]]}, "erbbands_flatness_db": {"var": 0.00088963098824, "mean": 0.117656782269, "dmean2": 0.0222860760987, "dvar": 0.000206292694202, "dmean": 0.0146815143526, "max": 0.269804090261, "min": 0.0325344316661, "median": 0.112340658903, "dvar2": 0.000416932132794}, "barkbands": {"var": [5.42390061753e-08, 3.63573053619e-05, 1.98197030841e-05, 3.71224984974e-07, 2.19447247218e-06, 2.88548108074e-07, 9.89909310078e-08, 1.70942612954e-07, 2.16968160771e-07, 1.91395528759e-07, 1.93743659338e-07, 2.66201652721e-07, 3.02805887031e-07, 2.10219866403e-07, 2.55917115055e-07, 3.2062771993e-07, 3.93690527289e-07, 1.03122533801e-06, 2.31648186855e-06, 1.37371796427e-06, 4.81200515878e-07, 2.51034890653e-07, 2.93527307349e-07, 1.95328041741e-07, 8.06727200597e-08, 4.06452436152e-08, 5.6713961305e-10], "mean": [0.000237695290707, 0.00584512483329, 0.00192562036682, 0.000359051162377, 0.000997245777398, 0.000370710680727, 0.000171373001649, 0.000179909970029, 0.000268536736257, 0.00023699439771, 0.00023273442639, 0.000311735086143, 0.000312472926453, 0.000266069691861, 0.0003106034128, 0.000394640228478, 0.000471932376968, 0.000773071602453, 0.00113458943088, 0.000911142793484, 0.000616772973444, 0.000424383790232, 0.000379714067094, 0.000264058588073, 0.00028537059552, 0.000143111479701, 1.06240868263e-05], "dmean2": [0.000249806558713, 0.00699704419822, 0.00392996147275, 0.000704075442627, 0.00130124692805, 0.000449212559033, 0.000222762013436, 0.000269479613053, 0.000354637799319, 0.000369919172954, 0.000318558333674, 0.000405552680604, 0.00038925211993, 0.00034417086863, 0.000383297650842, 0.00054423866095, 0.000472271931358, 0.000727435923181, 0.00102045550011, 0.000807684788015, 0.000542755413335, 0.000326430075802, 0.000301729160128, 0.000197083470994, 0.000207906428841, 0.000147832222865, 1.05925373646e-05], "dvar": [3.13363130999e-08, 3.0478957342e-05, 2.73843998002e-05, 5.24399183632e-07, 2.27254599849e-06, 2.53152677487e-07, 9.57472892082e-08, 1.84218009736e-07, 1.866857815e-07, 2.05943294418e-07, 1.70910951169e-07, 1.98063631274e-07, 2.53732252986e-07, 1.75576616357e-07, 2.03425727818e-07, 2.92167470661e-07, 2.38201394609e-07, 6.55456233289e-07, 1.370620339e-06, 7.64681090004e-07, 3.17935956673e-07, 1.17375414277e-07, 1.63730717873e-07, 7.31946059318e-08, 3.29310623215e-08, 2.70950692993e-08, 3.27358529173e-10], "dmean": [0.000168753889739, 0.00424040388316, 0.00226990249939, 0.000394746923121, 0.000768385943957, 0.000272178731393, 0.00013780608424, 0.000158855007612, 0.000219097419176, 0.000219079302042, 0.000192632578546, 0.000245299364906, 0.000239733257331, 0.000213466002606, 0.000234668579651, 0.000333433941705, 0.000290012889309, 0.000458611903014, 0.000666099716909, 0.00051585433539, 0.000349516165443, 0.000218378554564, 0.000199904592591, 0.000131182605401, 0.00013659337128, 9.22676772461e-05, 6.81881965647e-06], "max": [0.00172160612419, 0.0578681454062, 0.0532328188419, 0.00817668158561, 0.0254515185952, 0.0087162181735, 0.00696914922446, 0.0104946773499, 0.00983188208193, 0.00840551964939, 0.0143086602911, 0.0073337610811, 0.0105957593769, 0.0125692235306, 0.00890649948269, 0.0103124752641, 0.0151117937639, 0.0148497745395, 0.0267875846475, 0.0286930762231, 0.00938389729708, 0.00851623807102, 0.00876048393548, 0.0068062809296, 0.00320366141386, 0.0029934537597, 0.000389223103411], "min": [1.52990352756e-25, 3.73484617855e-24, 5.57075821897e-25, 9.34622185945e-25, 7.71341093377e-24, 9.6449731478e-24, 8.86809898404e-24, 4.95410052176e-24, 1.15795495994e-23, 8.5855952721e-24, 1.09756781541e-23, 2.25341304574e-23, 2.84398461165e-23, 3.65193153316e-23, 4.10919475687e-23, 4.98300998624e-23, 7.08018818307e-23, 8.44249164405e-23, 1.1047167727e-22, 1.83498348802e-22, 2.48736527197e-22, 3.34003227643e-22, 4.01113227816e-22, 6.0237378333e-22, 9.22356668146e-22, 1.18043812998e-21, 1.89255349666e-21], "median": [0.000166427678778, 0.00399767793715, 0.000603616586886, 0.000161336211022, 0.000584991183132, 0.000201588176424, 8.59695792315e-05, 7.27220322005e-05, 0.000121141521959, 0.000101445810287, 0.000104509213998, 0.000135642956593, 0.000123910664115, 0.000123732243082, 0.000144745674334, 0.000201790317078, 0.000297127728118, 0.000456445210148, 0.000626246677712, 0.000592653697822, 0.000430935877375, 0.000258065119851, 0.000227193202591, 0.000138183648232, 0.000201424962142, 7.02935649315e-05, 3.00211308968e-06], "dvar2": [6.73960940389e-08, 8.17667969386e-05, 7.29022867745e-05, 1.47537616613e-06, 6.1838863985e-06, 6.63362072828e-07, 2.51132860285e-07, 4.94710320709e-07, 4.86125600219e-07, 5.37582593552e-07, 4.48042612788e-07, 4.93269965318e-07, 6.51902439586e-07, 4.36470770637e-07, 5.29181647835e-07, 7.19428498996e-07, 5.79360630582e-07, 1.64463028796e-06, 3.25702512782e-06, 1.66474035268e-06, 7.44287092402e-07, 2.54527122934e-07, 3.64117511253e-07, 1.50921366071e-07, 7.48269286532e-08, 6.62908234972e-08, 7.41438577201e-10]}, "spectral_energyband_low": {"var": 8.55323378346e-05, "mean": 0.00819167587906, "dmean2": 0.00997193623334, "dvar": 8.23892987682e-05, "dmean": 0.0060587967746, "max": 0.11084061861, "min": 1.91938930141e-23, "median": 0.00537526188418, "dvar2": 0.000215508523979}, "erbbands_spread": {"var": 298.131561279, "mean": 38.8244934082, "dmean2": 14.1582660675, "dvar": 89.5786895752, "dmean": 9.10561943054, "max": 206.283706665, "min": 3.54562449455, "median": 35.9797210693, "dvar2": 201.913208008}, "average_loudness": 0.970383524895, "spectral_energyband_middle_high": {"var": 2.15839572775e-05, "mean": 0.00496178353205, "dmean2": 0.00367860752158, "dvar": 1.11101335278e-05, "dmean": 0.00248764804564, "max": 0.0539052672684, "min": 1.21392581814e-21, "median": 0.00373859447427, "dvar2": 2.5017414373e-05}, "barkbands_flatness_db": {"var": 0.00139422155917, "mean": 0.0809145495296, "dmean2": 0.0369493402541, "dvar": 0.000485961092636, "dmean": 0.0232258494943, "max": 0.366887778044, "min": 0.0175431706011, "median": 0.0735010206699, "dvar2": 0.00119089242071}, "spectral_entropy": {"var": 0.0881613567472, "mean": 8.14723110199, "dmean2": 0.161770105362, "dvar": 0.0119646647945, "dmean": 0.106622688472, "max": 9.82802200317, "min": 6.18278074265, "median": 8.14720153809, "dvar2": 0.0248299594969}, "melbands_skewness": {"var": 3.92462229729, "mean": 2.68148422241, "dmean2": 1.69506621361, "dvar": 1.32350003719, "dmean": 1.08760249615, "max": 24.1230621338, "min": -1.86025547981, "median": 2.23603892326, "dvar2": 3.06725549698}, "spectral_contrast_coeffs": {"var": [0.00452910363674, 0.00323767773807, 0.0021437748801, 0.00173271785025, 0.00175077281892, 0.00199336349033], "mean": [-0.728502571583, -0.788990080357, -0.823742449284, -0.81005436182, -0.792523741722, -0.753824770451], "dmean2": [0.0892884582281, 0.0747734904289, 0.0586723312736, 0.0494591370225, 0.0372905284166, 0.0308597125113], "dvar": [0.00203350791708, 0.00133937201463, 0.000816621992271, 0.000563476991374, 0.000405037309974, 0.000328126305249], "dmean": [0.0546446815133, 0.0449259318411, 0.0353389270604, 0.0297032613307, 0.0235175304115, 0.0205009710044], "max": [-0.445345550776, -0.549453258514, -0.565297603607, -0.603503108025, -0.585037529469, -0.568030774593], "min": [-0.983629107475, -0.988229990005, -0.982516467571, -0.974303483963, -0.968941926956, -0.963491201401], "median": [-0.731856703758, -0.791338264942, -0.82743537426, -0.8120906353, -0.795892834663, -0.751971840858], "dvar2": [0.00526749156415, 0.00360279669985, 0.00215341313742, 0.00149265979417, 0.000941886333749, 0.000696035916917]}, "pitch_salience": {"var": 0.0203995797783, "mean": 0.541049301624, "dmean2": 0.177705556154, "dvar": 0.00896604079753, "dmean": 0.10889749229, "max": 0.980325222015, "min": 0.0639814585447, "median": 0.555805265903, "dvar2": 0.0230539292097}, "spectral_rolloff": {"var": 6690473, "mean": 4006.60668945, "dmean2": 1740.22314453, "dvar": 1864084, "dmean": 1075.0769043, "max": 19552.1484375, "min": 21.533203125, "median": 3725.24414062, "dvar2": 4152302.25}, "melbands_kurtosis": {"var": 854.955627441, "mean": 11.4229078293, "dmean2": 14.4260578156, "dvar": 403.172729492, "dmean": 9.04336547852, "max": 875.680114746, "min": -1.8978676796, "median": 4.10393857956, "dvar2": 873.660522461}, "silence_rate_30dB": {"var": 0, "mean": 1, "dmean2": 0, "dvar": 0, "dmean": 0, "max": 1, "min": 1, "median": 1, "dvar2": 0}, "spectral_decrease": {"var": 9.18183797542e-18, "mean": -3.98584676375e-09, "dmean2": 3.26766480541e-09, "dvar": 6.90411881737e-18, "dmean": 2.10276285273e-09, "max": 2.04997836988e-28, "min": -2.99736555576e-08, "median": -3.23581739181e-09, "dvar2": 1.6920287141e-17}, "spectral_rms": {"var": 2.06436880035e-06, "mean": 0.00391611270607, "dmean2": 0.00140133383684, "dvar": 8.81383300566e-07, "dmean": 0.000955640221946, "max": 0.0106470175087, "min": 3.13809633661e-12, "median": 0.00380654144101, "dvar2": 1.9754954792e-06}, "spectral_skewness": {"var": 0.0733930021524, "mean": 1.15405333042, "dmean2": 0.213600277901, "dvar": 0.0168984960765, "dmean": 0.137191712856, "max": 2.63502216339, "min": -0.0940545201302, "median": 1.17107307911, "dvar2": 0.040777772665}, "erbbands_crest": {"var": 7.51079702377, "mean": 6