{"metadata": {"audio_properties": {"downmix": "mix", "bit_rate": 320000, "lossless": false, "md5_encoded": "35466315cb206e17c9c385c79c8c4464", "analysis_sample_rate": 44100, "sample_rate": 44100, "replay_gain": -11.7017383575, "equal_loudness": 0, "codec": "mp3", "length": 248.502853394}, "tags": {"album": ["Tibet, Tibet"], "artist": ["Yungchen Lhamo"], "musicbrainz_recordingid": ["4cddbb84-7a93-4f1b-a850-eafbfff23378"], "encodedby": ["iTunes v4.6.0.15"], "title": ["Gi Pai Pa Yul Chola"], "discnumber": ["1/1"], "tracknumber": ["10/10"], "genre": ["World"], "date": ["1996"], "file_name": "1540761.mp3"}, "version": {"essentia_build_sha": "70f2e5ece6736b2c40cc944ad0e695b16b925413", "essentia_git_sha": "v2.1_beta2", "extractor": "music 1.0", "essentia": "2.1-beta2"}}, "tonal": {"chords_scale": "major", "hpcp": {"dmean": [0.0883565545082, 0.0806994140148, 0.0450397618115, 0.0288308952004, 0.0356921590865, 0.0585186481476, 0.069328263402, 0.0726044848561, 0.0776786506176, 0.0541217327118, 0.0573813393712, 0.0495166704059, 0.0519251227379, 0.0695021674037, 0.109989538789, 0.104916445911, 0.121038518846, 0.0809397697449, 0.0465368181467, 0.0515821240842, 0.0734113231301, 0.0706708952785, 0.0786323621869, 0.0667295381427, 0.0511046312749, 0.0436980575323, 0.0704165622592, 0.0807302296162, 0.0737904459238, 0.0987504571676, 0.0978174805641, 0.0854295045137, 0.0538757108152, 0.0368998646736, 0.050560247153, 0.0882701426744], "dvar2": [0.0700976252556, 0.072727560997, 0.0459355451167, 0.0298027712852, 0.0349309071898, 0.0446492470801, 0.0454518720508, 0.0528375804424, 0.0651605650783, 0.0428019277751, 0.050205077976, 0.0555236153305, 0.0578965805471, 0.066148608923, 0.0810343176126, 0.0746832117438, 0.0872644633055, 0.0712680593133, 0.0587508156896, 0.0668656677008, 0.0717570483685, 0.0502709895372, 0.0735179260373, 0.0859397724271, 0.0622512735426, 0.0387339666486, 0.0508449152112, 0.0512628369033, 0.0512388981879, 0.0927835404873, 0.0950346291065, 0.0856607407331, 0.0696787163615, 0.0358932502568, 0.052873365581, 0.0814245715737], "mean": [0.19488824904, 0.120426617563, 0.0432423837483, 0.0330783203244, 0.0360776111484, 0.104392647743, 0.168804228306, 0.120470605791, 0.138965770602, 0.185032486916, 0.0988560989499, 0.0432050079107, 0.0577670894563, 0.0709840878844, 0.213474884629, 0.384565144777, 0.27155393362, 0.0801492184401, 0.0321625955403, 0.0380971804261, 0.114006429911, 0.171458855271, 0.108458355069, 0.0524221919477, 0.0400327481329, 0.0457938276231, 0.123482555151, 0.166134417057, 0.108978778124, 0.131252765656, 0.178998678923, 0.106790967286, 0.0437324382365, 0.0327807255089, 0.0426768511534, 0.129123672843], "var": [0.0920683592558, 0.0480234324932, 0.0154954139143, 0.0139271942899, 0.0156530737877, 0.0389245040715, 0.080865137279, 0.041872151196, 0.0560915768147, 0.115673981607, 0.0380502194166, 0.0147670358419, 0.0257592927665, 0.02733030729, 0.0695696845651, 0.1623377949, 0.100414380431, 0.0289260838181, 0.0144792236388, 0.0173833072186, 0.0474196486175, 0.0852540507913, 0.0383873321116, 0.024491738528, 0.0169508028775, 0.017218016088, 0.0484602563083, 0.0717129707336, 0.0362113602459, 0.0559172406793, 0.0893970727921, 0.0422250702977, 0.0175681021065, 0.0100993514061, 0.0162444766611, 0.0510525256395], "dmean2": [0.145567208529, 0.136140570045, 0.0787045583129, 0.0514808855951, 0.0634318962693, 0.0963745489717, 0.109136849642, 0.121563322842, 0.133033141494, 0.0901409164071, 0.100197464228, 0.0906659811735, 0.0931484401226, 0.122195735574, 0.185341641307, 0.173353970051, 0.201468527317, 0.140324681997, 0.0856039822102, 0.0949498489499, 0.127346158028, 0.114213578403, 0.138822942972, 0.124466709793, 0.0944648310542, 0.0767974033952, 0.11713540554, 0.129307538271, 0.12350795418, 0.168782547116, 0.166455462575, 0.14587880671, 0.0980099141598, 0.0662883147597, 0.0909469872713, 0.151119887829], "dvar": [0.0286451429129, 0.0284333247691, 0.0168647859246, 0.0109110558406, 0.0129463579506, 0.0174306556582, 0.0198092088103, 0.0206810757518, 0.0244603268802, 0.0173343494534, 0.017685893923, 0.0187628753483, 0.0205202270299, 0.0241836216301, 0.0300616398454, 0.0296792648733, 0.0340477116406, 0.0260167233646, 0.0200596023351, 0.0222553480417, 0.02489714697, 0.0204051416367, 0.0245963092893, 0.0286599267274, 0.0207666847855, 0.0141988433897, 0.0200958289206, 0.0219004787505, 0.0205822996795, 0.0357480980456, 0.0370425544679, 0.0309508200735, 0.0245211981237, 0.0130706913769, 0.0194885730743, 0.0304937865585], "min": [0, 0, 0, 0, 0, 0, 0, 0, 0, 0, 0, 0, 0, 0, 0, 0, 0, 0, 0, 0, 0, 0, 0, 0, 0, 0, 0, 0, 0, 0, 0, 0, 0, 0, 0, 0], "median": [0.0437834523618, 0.0222081597894, 0.00577701907605, 0.00312510714866, 0.00255517894402, 0.0163598936051, 0.029038477689, 0.0280740689486, 0.0138885453343, 0.00693062180653, 0.00261823297478, 0.00562205398455, 0.00621758541092, 0.00995243061334, 0.0843994021416, 0.179958984256, 0.107333749533, 0.00865701865405, 0.0012160356855, 0.00180632388219, 0.0171513967216, 0.0316982641816, 0.02116846852, 0.00259587820619, 0.00142054515891, 0.00371133373119, 0.0281967315823, 0.0394118353724, 0.0268752500415, 0.0185030419379, 0.0202400200069, 0.0138252861798, 0.00531274219975, 0.00402190629393, 0.00635073380545, 0.0275627914816], "max": [1, 1, 1, 1, 1, 1, 1, 1, 1, 1, 1, 1, 1, 1, 1, 1, 1, 1, 1, 1, 1, 1, 1, 1, 1, 1, 1, 1, 1, 1, 1, 1, 1, 1, 1, 1]}, "tuning_equal_tempered_deviation": 0.00945563800633, "chords_key": "D", "chords_strength": {"dmean": 0.00860433187336, "dvar2": 0.00094977003755, "mean": 0.502758085728, "var": 0.01429156214, "dmean2": 0.00740194134414, "dvar": 0.000459427828901, "min": -1, "median": 0.508076488972, "max": 0.775790095329}, "tuning_diatonic_strength": 0.644777834415, "thpcp": [1, 0.706132471561, 0.208415195346, 0.0836336761713, 0.0990656092763, 0.296455442905, 0.445851266384, 0.28202855587, 0.136315509677, 0.10409874469, 0.119079507887, 0.321096599102, 0.432005912066, 0.283381849527, 0.341301769018, 0.465457350016, 0.2776927948, 0.113719195127, 0.0852410197258, 0.110974311829, 0.335765421391, 0.506775617599, 0.313150107861, 0.112444885075, 0.0860148668289, 0.0938140451908, 0.271456331015, 0.438948333263, 0.313264489174, 0.361358195543, 0.481147319078, 0.257059425116, 0.112347692251, 0.150214061141, 0.184582740068, 0.555107235909], "chords_histogram": [13.5624885559, 16.7943210602, 27.834859848, 3.23183250427, 1.40108346939, 0.0934055671096, 1.12086677551, 0.803287863731, 0, 0.0373622253537, 0.429665595293, 0.224173367023, 0.915374577045, 0, 0, 0.354941159487, 0.0934055671096, 0.410984486341, 0.168130025268, 2.20437145233, 0.560433387756, 3.66149830818, 16.8316841125, 9.26583194733], "tuning_nontempered_energy_ratio": 0.651380896568, "tuning_frequency": 440, "key_strength": 0.849512696266, "chords_changes_rate": 0.0453951060772, "key_scale": "major", "hpcp_entropy": {"dmean": 0.508864581585, "dvar2": 0.54047191143, "mean": 1.44984841347, "var": 0.584114193916, "dmean2": 0.861845135689, "dvar": 0.213553771377, "min": 0, "median": 1.53516411781, "max": 3.56174182892}, "key_key": "G", "chords_number_rate": 0.00186811131425}, "lowlevel": {"melbands_skewness": {"dmean": 0.408130407333, "dvar2": 0.591408729553, "mean": 1.98660159111, "var": 1.45163476467, "dmean2": 0.627508401871, "dvar": 0.268590807915, "min": -2.29364728928, "median": 1.81227171421, "max": 30.9318408966}, "melbands_kurtosis": {"dmean": 3.42471528053, "dvar2": 299.593566895, "mean": 9.48287677765, "var": 265.754425049, "dmean2": 5.32400941849, "dvar": 142.043869019, "min": -1.66692554951, "median": 6.19320058823, "max": 1013.60131836}, "barkbands_kurtosis": {"dmean": 2.2774105072, "dvar2": 95.9304046631, "mean": 5.93204593658, "var": 104.20362854, "dmean2": 3.5529229641, "dvar": 50.0826568604, "min": -1.56956279278, "median": 3.97464299202, "max": 532.802307129}, "hfc": {"dmean": 1.61153209209, "dvar2": 16.4174461365, "mean": 9.76651287079, "var": 109.038131714, "dmean2": 2.34029793739, "dvar": 7.46399307251, "min": 1.10768808001e-16, "median": 5.93880462646, "max": 102.863067627}, "silence_rate_20dB": {"dmean": 0, "dvar2": 0, "mean": 1, "var": 0, "dmean2": 0, "dvar": 0, "min": 1, "median": 1, "max": 1}, "erbbands_flatness_db": {"dmean": 0.0115873143077, "dvar2": 0.000302648550132, "mean": 0.236831665039, "var": 0.00160880701151, "dmean2": 0.0171831939369, "dvar": 0.000150325140567, "min": 0.0248540844768, "median": 0.236712232232, "max": 0.446499079466}, "spectral_flux": {"dmean": 0.0134619325399, "dvar2": 0.000625236774795, "mean": 0.0481916740537, "var": 0.00101646594703, "dmean2": 0.0220938120037, "dvar": 0.000240788416704, "min": 6.55584544984e-11, "median": 0.0416205972433, "max": 0.235868096352}, "spectral_energyband_low": {"dmean": 0.00205336418003, "dvar2": 3.29643189616e-05, "mean": 0.00688209570944, "var": 6.37351113255e-05, "dmean2": 0.00323417293839, "dvar": 1.18183015729e-05, "min": 1.84001159277e-23, "median": 0.00383336399682, "max": 0.0536551512778}, "spectral_rolloff": {"dmean": 90.4066543579, "dvar2": 231667.34375, "mean": 664.227478027, "var": 1444751.875, "dmean2": 156.460006714, "dvar": 119038.195312, "min": 21.533203125, "median": 516.796875, "max": 20542.6757812}, "spectral_entropy": {"dmean": 0.117460004985, "dvar2": 0.0322161130607, "mean": 6.48663043976, "var": 0.186986297369, "dmean2": 0.181287407875, "dvar": 0.0149310976267, "min": 4.2490363121, "median": 6.49084663391, "max": 9.8282585144}, "spectral_energy": {"dmean": 0.00409764517099, "dvar2": 8.62882807269e-05, "mean": 0.0233978442848, "var": 0.000447333877673, "dmean2": 0.00637563178316, "dvar": 3.24906141032e-05, "min": 1.01905016395e-20, "median": 0.0166416484863, "max": 0.125823974609}, "spectral_centroid": {"dmean": 65.7905349731, "dvar2": 35504.7460938, "mean": 616.820983887, "var": 479253.53125, "dmean2": 99.5491485596, "dvar": 23270.234375, "min": 174.455245972, "median": 536.780151367, "max": 11605.1298828}, "barkbands_flatness_db": {"dmean": 0.014007919468, "dvar2": 0.000465635268483, "mean": 0.230244457722, "var": 0.00197188626043, "dmean2": 0.0215170606971, "dvar": 0.000194659354747, "min": 0.0381204076111, "median": 0.226638555527, "max": 0.462666809559}, "spectral_rms": {"dmean": 0.000397130497731, "dvar2": 5.34982916633e-07, "mean": 0.00426229182631, "var": 4.65999664812e-06, "dmean2": 0.000616347824689, "dvar": 2.00290912744e-07, "min": 3.15308608216e-12, "median": 0.00402936153114, "max": 0.0110794901848}, "melbands": {"dmean": [0.000309407798341, 0.000419142801547, 0.000327326124534, 0.000211299673538, 0.000332840485498, 0.00026570726186, 0.000198149005882, 0.000107305393612, 0.00011285051005, 4.43220378656e-05, 5.25499672221e-05, 3.61719212378e-05, 1.96640921786e-05, 1.56597907335e-05, 1.00383012978e-05, 9.76459341473e-06, 1.40564434332e-05, 9.89343516267e-06, 7.98962901172e-06, 4.94662208439e-06, 3.4657159631e-06, 1.6702326775e-06, 1.20248819258e-06, 1.27882481138e-06, 1.1236421642e-06, 9.95139657789e-07, 4.72141607588e-07, 4.23963001595e-07, 3.88323456946e-07, 9.76179634904e-08, 3.76287552228e-08, 2.99771230061e-08, 4.54722410836e-08, 4.90535221331e-08, 2.99352187483e-08, 4.36776694812e-08, 5.16353786395e-08, 5.05284205587e-08, 5.00156360772e-08, 3.3061787974e-08], "dvar2": [1.09070765575e-06, 1.64253594903e-06, 9.18911212011e-07, 5.07582228693e-07, 1.76403216301e-06, 6.94014261171e-07, 4.11237493836e-07, 1.74064680891e-07, 3.87509629718e-07, 5.15348439478e-08, 1.19203086513e-07, 1.62998841091e-08, 7.47302131288e-09, 6.31083052482e-09, 1.35205591167e-09, 2.02682159944e-09, 7.1537455959e-09, 3.20014659216e-09, 2.74731215555e-09, 5.43326938995e-10, 1.99180089089e-10, 5.6142167304e-11, 1.97583754913e-11, 1.96510949874e-11, 2.20349589269e-11, 1.87543019309e-11, 3.30263008781e-12, 2.68198679411e-12, 4.04868673309e-12, 2.72299272974e-13, 9.04780943093e-14, 1.69442666278e-13, 1.16415189121e-12, 1.05870704998e-12, 2.51266482664e-13, 9.83101078843e-13, 1.93830758735e-12, 1.54602372571e-12, 1.82698105776e-12, 3.73408660763e-13], "mean": [0.000835186627228, 0.00116528465878, 0.0010162985418, 0.000645943800919, 0.000925264612306, 0.000750627194066, 0.000605562585406, 0.000313860946335, 0.000317059981171, 0.000118141826533, 0.00016250347835, 0.000102403188066, 5.61508604733e-05, 3.38556128554e-05, 2.47858624789e-05, 2.40586232394e-05, 3.10307004838e-05, 1.94115382328e-05, 1.49192437675e-05, 9.55304949457e-06, 7.5676148299e-06, 3.78048866878e-06, 2.60148567577e-06, 2.74911099041e-06, 2.54312635661e-06, 2.33929881688e-06, 1.08322478809e-06, 1.04045216176e-06, 8.91203058018e-07, 1.82641088031e-07, 6.92356110221e-08, 5.11737461295e-08, 6.18302564703e-08, 7.22568032074e-08, 4.88016311806e-08, 6.16530329012e-08, 7.24265944996e-08, 7.05239813215e-08, 7.5003015354e-08, 4.86594622373e-08], "var": [1.43730494528e-06, 2.23378947339e-06, 2.20948595597e-06, 8.7164494289e-07, 2.19754906539e-06, 1.56292787779e-06, 1.07761252366e-06, 4.32067423617e-07, 7.74582304075e-07, 1.08288318756e-07, 2.48432939998e-07, 4.93833987036e-08, 3.78330504702e-08, 6.70719924045e-09, 3.3914837605e-09, 6.34726227133e-09, 1.44926932677e-08, 4.4778305508e-09, 2.5247621771e-09, 6.54533982569e-10, 5.98771199289e-10, 1.30518193475e-10, 4.24691115608e-11, 3.39239851488e-11, 4.25194671139e-11, 3.3363638241e-11, 4.51043022376e-12, 6.20601573603e-12, 8.58632262513e-12, 2.45346521962e-13, 5.88598316137e-14, 1.22513571553e-13, 4.64861276642e-13, 1.14924476186e-12, 4.4637010017e-13, 1.35012606563e-12, 1.34599113539e-12, 1.57066818319e-12, 1.26671015257e-12, 2.59859462507e-13], "dmean2": [0.000473003659863, 0.000661619706079, 0.000529242912307, 0.000342604384059, 0.000507531105541, 0.000393684895243, 0.000288987590466, 0.000151701184222, 0.00015595748846, 6.14824675722e-05, 7.59124886827e-05, 5.10753889102e-05, 2.61164441326e-05, 2.40244171437e-05, 1.49587158376e-05, 1.44053374243e-05, 2.04779462365e-05, 1.4132781871e-05, 1.17386634884e-05, 7.670121704e-06, 5.20178673469e-06, 2.50418929681e-06, 1.88878152585e-06, 2.03513354791e-06, 1.69880570411e-06, 1.47683465457e-06, 7.40181633319e-07, 5.96180200318e-07, 5.3745520745e-07, 1.49547318529e-07, 6.21809874701e-08, 4.6943544163e-08, 7.11760606009e-08, 7.27699500658e-08, 4.31546141044e-08, 5.90720077298e-08, 7.47704831383e-08, 7.15700991805e-08, 7.41720782571e-08, 4.97519252463e-08], "dvar": [4.02397688504e-07, 5.98329734203e-07, 3.10520078983e-07, 1.74690413246e-07, 6.44999374799e-07, 3.02060442436e-07, 1.9474227031e-07, 8.12238383219e-08, 1.6654503554e-07, 2.30410748259e-08, 4.58153017746e-08, 8.07469024977e-09, 4.55011051059e-09, 2.49022691357e-09, 6.19245710265e-10, 9.68669255919e-10, 3.58866159011e-09, 1.57504176368e-09, 1.30180621838e-09, 2.4017760003e-10, 1.10270785558e-10, 3.51784990027e-11, 8.92805187419e-12, 8.13844738129e-12, 1.05181757401e-11, 9.36363573484e-12, 1.32099366168e-12, 1.40769047894e-12, 2.19330651731e-12, 1.21433340271e-13, 3.90314408398e-14, 7.49247059252e-14, 4.60485761935e-13, 5.45250368293e-13, 1.58501345187e-13, 6.03098896778e-13, 8.58119510779e-13, 7.77012080979e-13, 8.21235657603e-13, 1.62605416328e-13], "min": [1.58163702572e-24, 1.82271794735e-24, 1.38544534644e-24, 2.79675034222e-24, 9.50579362944e-25, 2.98706638826e-24, 1.95718481067e-24, 1.43122097262e-24, 2.3241735534e-24, 2.61564286674e-24, 2.22614417529e-24, 3.69911630157e-24, 3.71191990849e-24, 3.79832147686e-24, 3.71341046117e-24, 3.29963635031e-24, 2.81004225404e-24, 3.40747718592e-24, 5.02579535627e-24, 4.84889014283e-24, 5.19993364008e-24, 4.41574791902e-24, 4.39588321813e-24, 4.31860877044e-24, 4.06840694042e-24, 5.23499574631e-24, 5.38229382668e-24, 6.56189370991e-24, 4.33863282123e-24, 5.52128835717e-24, 5.97046417888e-24, 5.7821409927e-24, 5.6601771803e-24, 5.13435602746e-24, 5.53871153355e-24, 6.40820861721e-24, 7.82242677771e-24, 6.41695037934e-24, 5.60397517953e-24, 6.69044293315e-24], "median": [0.000351628230419, 0.000622774416115, 0.000477509747725, 0.000300483108731, 0.000350177637301, 0.000271923723631, 0.000173543405253, 8.15933308331e-05, 5.0490067224e-05, 3.11796466121e-05, 3.19735263474e-05, 3.09606912197e-05, 1.09494485514e-05, 8.39659514895e-06, 6.676895282e-06, 5.15959482073e-06, 4.38448023488e-06, 4.22639732278e-06, 3.36631137543e-06, 2.45718592851e-06, 1.92239872376e-06, 9.83173208624e-07, 5.90665194977e-07, 6.40660573481e-07, 4.08804964991e-07, 4.39386838025e-07, 2.20923837446e-07, 1.66582466932e-07, 9.22879337395e-08, 3.34634435717e-08, 1.36324640465e-08, 8.19979639743e-09, 6.06001959724e-09, 4.32726299238e-09, 4.46718662062e-09, 4.34745306421e-09, 4.62468108253e-09, 2.71168243415e-09, 6.00540506213e-09, 4.20445989135e-09], "max": [0.00997567269951, 0.0124486535788, 0.0149138104171, 0.0116301886737, 0.0196286272258, 0.013680499047, 0.0125846294686, 0.00920283980668, 0.0144747821614, 0.00637898733839, 0.00852765049785, 0.00378906982951, 0.00293151219375, 0.00167483533733, 0.000858309969772, 0.00117443327326, 0.00266604847275, 0.00218385690823, 0.00192789093126, 0.00051967514446, 0.000574960373342, 0.000342592858942, 0.000106066196167, 7.69463295001e-05, 0.000124581099954, 0.000144725461723, 3.4304750443e-05, 3.56887758244e-05, 6.75402043271e-05, 1.12614916361e-05, 9.50509274844e-06, 1.54742992891e-05, 5.09963319928e-05, 5.21574729646e-05, 3.49650399585e-05, 7.63536663726e-05, 7.13030312909e-05, 6.25120374025e-05, 8.6787098553e-05, 2.01013572223e-05]}, "barkbands_crest": {"dmean": 1.9089243412, "dvar2": 9.13053131104, "mean": 11.2697649002, "var": 15.9935770035, "dmean2": 3.01628899574, "dvar": 3.36313819885, "min": 3.04029035568, "median": 10.5238552094, "max": 26.8685321808}, "mfcc": {"icov": [[0.000203824965865, -0.000100486788142, 0.00034298124956, -0.000211205842788, 3.68689179595e-05, -8.81511732587e-06, -0.000274048710708, 0.000113679598144, -6.88383952365e-05, -9.33733463171e-05, 0.000173341526533, -0.000127740480821, 0.000132000874146], [-0.000100486788142, 0.000944632571191, 0.000115300652396, 0.000342174898833, -0.000482079660287, -0.000119868018373, -5.07918084622e-05, -0.000276634964393, -0.000149028957821, 0.000306662230287, -0.000523501890711, 0.000220796093345, 6.72087917337e-05], [0.00034298124956, 0.000115300652396, 0.00293364794925, -0.000133810317493, -0.000719237374142, -0.00033256172901, -0.000292214128422, -4.41989359388e-05, 0.000433687033365, -0.000656873453408, -0.000655259180348, -0.000344781350577, 0.000611677241977], [-0.000211205842788, 0.000342174898833, -0.000133810317493, 0.0038112429902, -0.000814531871583, 3.88312182622e-05, 0.000770281301811, -0.00151960784569, 0.000721261487342, -0.000907035777345, 7.58984460845e-05, -0.000400296208682, 0.000728707003873], [3.68689179595e-05, -0.000482079660287, -0.000719237374142, -0.000814531871583, 0.00634777592495, -0.000415173184592, 0.000226446136367, -0.000409439584473, -0.000283729692455, -0.000469134072773, 0.00138744700234, -0.00097454583738, 0.000342607876519], [-8.81511732587e-06, -0.000119868018373, -0.00033256172901, 3.88312182622e-05, -0.000415173184592, 0.00558820180595, -0.000133512599859, -0.00144329038449, -0.00171211152337, 0.000825085327961, -0.00140222848859, 0.000406160601415, 0.00104938575532], [-0.000274048710708, -5.07918084622e-05, -0.000292214128422, 0.000770281301811, 0.000226446136367, -0.000133512599859, 0.00712085654959, -0.000446884601843, 0.000803602684755, -0.00243772217073, -0.000159585499205, 2.87832444883e-05, -0.00050591857871], [0.000113679598144, -0.000276634964393, -4.41989359388e-05, -0.00151960784569, -0.000409439584473, -0.00144329038449, -0.000446884601843, 0.00855076126754, -0.00250439741649, 0.00247446028516, -0.00187710113823, 0.000702140212525, -0.000372793729184], [-6.88383952365e-05, -0.000149028957821, 0.000433687033365, 0.000721261487342, -0.000283729692455, -0.00171211152337, 0.000803602684755, -0.00250439741649, 0.0125643620268, -0.00385736930184, 0.00169601966627, -0.000487445533508, -0.00196084333584], [-9.33733463171e-05, 0.000306662230287, -0.000656873453408, -0.000907035777345, -0.000469134072773, 0.000825085327961, -0.00243772217073, 0.00247446028516, -0.00385736930184, 0.0114367278293, -0.00303780217655, -0.000912539486308, 0.000210860089283], [0.000173341526533, -0.000523501890711, -0.000655259180348, 7.58984460845e-05, 0.00138744700234, -0.00140222848859, -0.000159585499205, -0.00187710113823, 0.00169601966627, -0.00303780217655, 0.00963575392962, -0.00157020275947, 0.00114163989201], [-0.000127740480821, 0.000220796093345, -0.000344781350577, -0.000400296208682, -0.00097454583738, 0.000406160601415, 2.87832444883e-05, 0.000702140212525, -0.000487445533508, -0.000912539486308, -0.00157020275947, 0.0118739204481, -0.00536433979869], [0.000132000874146, 6.72087917337e-05, 0.000611677241977, 0.000728707003873, 0.000342607876519, 0.00104938575532, -0.00050591857871, -0.000372793729184, -0.00196084333584, 0.000210860089283, 0.00114163989201, -0.00536433979869, 0.0128338793293]], "mean": [-750.862854004, 204.291275024, -6.52384567261, 21.0660552979, 9.6389799118, -11.2664794922, 4.54506874084, -8.7587518692, -3.02084493637, 4.28221797943, -5.06291627884, -3.98198103905, 0.993343234062], "cov": [[7678.53222656, 684.565063477, -938.483154297, 252.459213257, -34.1768188477, -84.5358734131, 239.811203003, -82.7735900879, 69.7894439697, 65.5045394897, -171.527801514, 43.3075523376, 5.65370035172], [684.565063477, 1280.81445312, -102.171646118, -57.2331542969, 68.2880096436, 78.3915863037, 27.3379077911, 69.0646209717, 29.8303432465, -29.5591945648, 49.8672294617, -26.6566696167, -21.3127059937], [-938.483154297, -102.171646118, 502.441741943, 9.52354335785, 50.248500824, 47.3423118591, -4.56317090988, 23.1684741974, -14.7137966156, 30.9384746552, 65.9554367065, 7.23283910751, -24.6196098328], [252.459213257, -57.2331542969, 9.52354335785, 323.994812012, 44.0085296631, 14.515955925, -18.4778003693, 49.87292099, -2.39984178543, 17.4625778198, 5.27553319931, 7.80230426788, -20.6503238678], [-34.1768188477, 68.2880096436, 50.248500824, 44.0085296631, 182.453262329, 23.0795097351, -7.15068721771, 21.3287658691, 11.4343004227, 6.4649310112, -9.00351715088, 12.3417787552, -3.7196149826], [-84.5358734131, 78.3915863037, 47.3423118591, 14.515955925, 23.0795097351, 230.048751831, -1.48896944523, 67.5486984253, 30.2171535492, -8.18376064301, 44.7962722778, -15.641626358, -25.9162502289], [239.811203003, 27.3379077911, -4.56317090988, -18.4778003693, -7.15068721771, -1.48896944523, 165.935379028, -6.17126989365, 3.14602184296, 40.9274749756, 12.2795829773, 9.20870399475, 7.89657258987], [-82.7735900879, 69.0646209717, 23.1684741974, 49.87292099, 21.3287658691, 67.5486984253, -6.17126989365, 162.898284912, 26.9510650635, -20.5866184235, 32.9189987183, -9.50785541534, -7.49687433243], [69.7894439697, 29.8303432465, -14.7137966156, -2.39984178543, 11.4343004227, 30.2171535492, 3.14602184296, 26.9510650635, 102.33719635, 26.362985611, -2.46789050102, 12.3263845444, 18.6687355042], [65.5045394897, -29.5591945648, 30.9384746552, 17.4625778198, 6.4649310112, -8.18376064301, 40.9274749756, -20.5866184235, 26.362985611, 124.847473145, 31.2983531952, 22.7521419525, 7.22946023941], [-171.527801514, 49.8672294617, 65.9554367065, 5.27553319931, -9.00351715088, 44.7962722778, 12.2795829773, 32.9189987183, -2.46789050102, 31.2983531952, 141.975082397, 10.1967763901, -13.1808195114], [43.3075523376, -26.6566696167, 7.23283910751, 7.80230426788, 12.3417787552, -15.641626358, 9.20870399475, -9.50785541534, 12.3263845444, 22.7521419525, 10.1967763901, 112.911567688, 47.7402687073], [5.65370035172, -21.3127059937, -24.6196098328, -20.6503238678, -3.7196149826, -25.9162502289, 7.89657258987, -7.49687433243, 18.6687355042, 7.22946023941, -13.1808195114, 47.7402687073, 106.490715027]]}, "spectral_decrease": {"dmean": 1.05430064679e-09, "dvar2": 5.73568815183e-18, "mean": -5.96466387393e-09, "var": 2.89185055301e-17, "dmean2": 1.64273949999e-09, "dvar": 2.15236820803e-18, "min": -3.25058451267e-08, "median": -4.24316670689e-09, "max": 1.28953527076e-22}, "zerocrossingrate": {"dmean": 0.00313297449611, "dvar2": 5.23129856447e-05, "mean": 0.026797125116, "var": 0.00104311434552, "dmean2": 0.00401269365102, "dvar": 4.82095383632e-05, "min": 0, "median": 0.0234375, "max": 0.5244140625}, "spectral_contrast_coeffs": {"dmean": [0.0394721180201, 0.0366322658956, 0.0294493939728, 0.0250541027635, 0.019031021744, 0.0124959442765], "dvar2": [0.00320574478246, 0.00237774220295, 0.00145047192927, 0.00103915226646, 0.000648673798423, 0.000284036330413], "mean": [-0.624904513359, -0.664343416691, -0.728584766388, -0.757423102856, -0.762228906155, -0.798548936844], "var": [0.00837029796094, 0.00816300977021, 0.00467073358595, 0.00318109616637, 0.00247849011794, 0.0013490265701], "dmean2": [0.0652718618512, 0.0586294271052, 0.0471707396209, 0.0402603745461, 0.0307719185948, 0.0202558934689], "dvar": [0.00113577651791, 0.000932988768909, 0.000577235128731, 0.000409429776482, 0.000265763519565, 0.000115565439046], "min": [-0.977546930313, -0.977990031242, -0.978241086006, -0.977408349514, -0.966387748718, -0.963508486748], "median": [-0.628943264484, -0.662698864937, -0.731784403324, -0.759812951088, -0.763206660748, -0.798485636711], "max": [-0.25888672471, -0.384282469749, -0.50911706686, -0.559062242508, -0.591511666775, -0.654484212399]}, "spectral_skewness": {"dmean": 0.469953298569, "dvar2": 0.508945167065, "mean": 3.00650334358, "var": 0.971260666847, "dmean2": 0.798054516315, "dvar": 0.177967563272, "min": -0.0863363072276, "median": 2.87194013596, "max": 8.04421424866}, "spectral_energyband_middle_high": {"dmean": 0.000582659966312, "dvar2": 3.70353905055e-06, "mean": 0.00253810361028, "var": 1.61860862136e-05, "dmean2": 0.000807103991974, "dvar": 1.71065732957e-06, "min": 1.15086450457e-21, "median": 0.00107842008583, "max": 0.0423119105399}, "gfcc": {"icov": [[0.00031256605871, -0.000880825682543, 0.000877678045072, -0.000896226672921, 0.00070608779788, -0.000968154403381, 0.000955699651968, -0.000977620948106, 0.000927323184442, -0.00076230650302, 0.000545935879927, -0.000363494065823, 0.000133730456582], [-0.000880825682543, 0.00443683192134, -0.00239836773835, 0.00349471671507, -0.00353939295746, 0.00330038322136, -0.00378942163661, 0.00395673792809, -0.00377404177561, 0.00375607656315, -0.00271721277386, 0.00231950660236, -0.00102632585913], [0.000877678045072, -0.00239836773835, 0.00432619778439, -0.00268697575666, 0.00170284032356, -0.00347153679468, 0.00308133196086, -0.002968396293, 0.00226713484153, -0.00226429803297, 0.00100690172985, -0.00170019234065, 0.0011668560328], [-0.000896226672921, 0.00349471671507, -0.00268697575666, 0.00593532947823, -0.00331576238386, 0.00341750471853, -0.0034181016963, 0.0030617036391, -0.00406452314928, 0.00360307539813, -0.00221709208563, 0.00206792517565, -0.000782206712756], [0.00070608779788, -0.00353939295746, 0.00170284032356, -0.00331576238386, 0.00888941250741, -0.00368951703422, 0.00169266958255, -0.00247088749893, 0.0011238072766, -0.00159099628218, 0.00202407175675, -0.00248825736344, -6.01571846346e-05], [-0.000968154403381, 0.00330038322136, -0.00347153679468, 0.00341750471853, -0.00368951703422, 0.00952216237783, -0.00478779477999, 0.00302667869255, -0.00236449367367, 0.000801420304924, -0.000634675147012, 0.00146283418871, -0.00125301349908], [0.000955699651968, -0.00378942163661, 0.00308133196086, -0.0034181016963, 0.00169266958255, -0.00478779477999, 0.0101496288553, -0.0039838058874, 0.00230306317098, -0.00294183031656, 0.00176035799086, -0.0022606246639, 0.00279491953552], [-0.000977620948106, 0.00395673792809, -0.002968396293, 0.0030617036391, -0.00247088749893, 0.00302667869255, -0.0039838058874, 0.0118176098913, -0.00401639007032, 0.00183950224891, -0.00476075569168, 0.00340910069644, -0.00131876429077], [0.000927323184442, -0.00377404177561, 0.00226713484153, -0.00406452314928, 0.0011238072766, -0.00236449367367, 0.00230306317098, -0.00401639007032, 0.0123388422653, -0.00502597121522, 0.00380183686502, -0.00342461932451, 0.00134566088673], [-0.00076230650302, 0.00375607656315, -0.00226429803297, 0.00360307539813, -0.00159099628218, 0.000801420304924, -0.00294183031656, 0.00183950224891, -0.00502597121522, 0.0135154109448, -0.00716097280383, 0.00400481466204, -0.00234808470123], [0.000545935879927, -0.00271721277386, 0.00100690172985, -0.00221709208563, 0.00202407175675, -0.000634675147012, 0.00176035799086, -0.00476075569168, 0.00380183686502, -0.00716097280383, 0.0154402852058, -0.00467096315697, 0.000421591452323], [-0.000363494065823, 0.00231950660236, -0.00170019234065, 0.00206792517565, -0.00248825736344, 0.00146283418871, -0.0022606246639, 0.00340910069644, -0.00342461932451, 0.00400481466204, -0.00467096315697, 0.0139640765265, -0.0043117441237], [0.000133730456582, -0.00102632585913, 0.0011668560328, -0.000782206712756, -6.01571846346e-05, -0.00125301349908, 0.00279491953552, -0.00131876429077, 0.00134566088673, -0.00234808470123, 0.000421591452323, -0.0043117441237, 0.0117733441293]], "mean": [-103.390029907, 167.139434814, -107.505058289, 3.1793410778, -38.1227111816, -11.8897447586, -31.9173622131, 3.31988191605, -21.1687450409, -0.583320856094, -5.45844078064, -9.24025058746, -2.42645192146], "cov": [[13895.5361328, 911.610290527, -1620.35913086, 297.018859863, -172.03692627, 147.305740356, -217.667755127, 166.827835083, -271.362182617, 34.3373794556, -60.3692321777, -202.378234863, 153.027267456], [911.610290527, 1045.39440918, -72.8531646729, -85.6365203857, 219.220962524, -37.5103874207, 139.809463501, -125.620445251, 97.5468902588, -131.050369263, -24.7450122833, 2.3850748539, -3.35253763199], [-1620.35913086, -72.8531646729, 628.357910156, 45.2963829041, 42.1453094482, 81.1280136108, 4.66425704956, 35.6449127197, 37.3478393555, 38.4282150269, 38.1485824585, 35.3528747559, -20.5010852814], [297.018859863, -85.6365203857, 45.2963829041, 384.717651367, 58.3700065613, -15.0668268204, 25.5161056519, 7.29316186905, 50.9751014709, -28.6799030304, -7.64521837234, 0.738827228546, -7.3157954216], [-172.03692627, 219.220962524, 42.1453094482, 58.3700065613, 222.72694397, 37.8867301941, 61.3437995911, -21.9996070862, 57.9395332336, -30.2507553101, -11.1703529358, 27.8844356537, 6.86535024643], [147.305740356, -37.5103874207, 81.1280136108, -15.0668268204, 37.8867301941, 198.327453613, 45.4265937805, 17.6364536285, 5.21891880035, 39.7797851562, 2.39055681229, 4.11162900925, 7.26534605026], [-217.667755127, 139.809463501, 4.66425704956, 25.5161056519, 61.3437995911, 45.4265937805, 189.984390259, 4.11604070663, 38.6667747498, -3.65312218666, 0.527797758579, 6.36877965927, -26.4334030151], [166.827835083, -125.620445251, 35.6449127197, 7.29316186905, -21.9996070862, 17.6364536285, 4.11604070663, 153.790725708, 4.28707551956, 52.6039428711, 40.5842437744, -12.7900810242, 5.98401212692], [-271.362182617, 97.5468902588, 37.3478393555, 50.9751014709, 57.9395332336, 5.21891880035, 38.6667747498, 4.28707551956, 141.494644165, 9.06097602844, -3.81804776192, 18.2778949738, -4.11122226715], [34.3373794556, -131.050369263, 38.4282150269, -28.6799030304, -30.2507553101, 39.7797851562, -3.65312218666, 52.6039428711, 9.06097602844, 151.214385986, 56.2257843018, -8.38423538208, 17.3491268158], [-60.3692321777, -24.7450122833, 38.1485824585, -7.64521837234, -11.1703529358, 2.39055681229, 0.527797758579, 40.5842437744, -3.81804776192, 56.2257843018, 105.242324829, 18.5756645203, 13.5422000885], [-202.378234863, 2.3850748539, 35.3528747559, 0.738827228546, 27.8844356537, 4.11162900925, 6.36877965927, -12.7900810242, 18.2778949738, -8.38423538208, 18.5756645203, 100.962722778, 29.2365169525], [153.027267456, -3.35253763199, -20.5010852814, -7.3157954216, 6.86535024643, 7.26534605026, -26.4334030151, 5.98401212692, -4.11122226715, 17.3491268158, 13.5422000885, 29.2365169525, 106.359085083]]}, "erbbands_spread": {"dmean": 3.41368031502, "dvar2": 36.4174308777, "mean": 21.2031021118, "var": 125.831314087, "dmean2": 5.13656282425, "dvar": 18.305316925, "min": 0.838674008846, "median": 18.8835830688, "max": 139.289169312}, "erbbands_kurtosis": {"dmean": 1.17071545124, "dvar2": 11.3501386642, "mean": 1.75952255726, "var": 21.4194393158, "dmean2": 1.77609837055, "dvar": 5.86854887009, "min": -1.7206120491, "median": 0.661615729332, "max": 119.928794861}, "dynamic_complexity": 4.60062217712, "erbbands_crest": {"dmean": 2.33386039734, "dvar2": 11.5994949341, "mean": 12.6065778732, "var": 28.6571121216, "dmean2": 3.58994555473, "dvar": 4.89171695709, "min": 2.21703720093, "median": 11.4930515289, "max": 32.2719230652}, "erbbands": {"dmean": [0.026126973331, 0.332963228226, 0.791261076927, 1.99343347549, 2.21105408669, 4.86566972733, 9.87634849548, 11.8465003967, 13.6861658096, 9.99810028076, 14.477807045, 7.45186948776, 10.296040535, 8.52935409546, 4.71030330658, 5.70537662506, 3.81153273582, 6.91281557083, 5.83762931824, 5.06371116638, 2.60018157959, 1.27585756779, 1.04397594929, 1.25092768669, 0.917226493359, 0.600035965443, 0.419954895973, 0.0802916288376, 0.0578590482473, 0.0785319209099, 0.0574479401112, 0.0747522711754, 0.0660644546151, 0.042743537575, 0.0142071433365, 0.00710662081838, 0.00140698789619, 0.000220627422095, 2.22776598093e-05, 4.96628172186e-06], "dvar2": [0.0106609677896, 1.13012397289, 6.79879283905, 38.4492988586, 43.9612541199, 394.939697266, 1466.9140625, 1461.78125, 2094.55224609, 1644.44812012, 6918.75976562, 1602.75634766, 4692.97363281, 968.737060547, 384.065673828, 854.850769043, 241.7137146, 1533.99450684, 1460.53173828, 666.150817871, 105.245559692, 24.5006160736, 11.0176000595, 22.8325920105, 12.8816823959, 4.5739068985, 3.88047766685, 0.286607563496, 0.898000776768, 2.40487146378, 1.09550285339, 3.30641078949, 2.36678385735, 0.504073083401, 0.0755543634295, 0.01504519023, 0.000279095285805, 6.26861492492e-06, 1.01006534692e-07, 1.85798737506e-10], "mean": [0.0708772167563, 0.869920194149, 2.06653928757, 5.95784425735, 6.56503343582, 13.5692996979, 26.9164848328, 32.4294281006, 39.896030426, 31.0778942108, 41.8716049194, 20.675907135, 32.7126960754, 25.1635284424, 14.0282268524, 13.079949379, 10.6468677521, 16.294719696, 12.2270069122, 10.1221876144, 6.33141899109, 3.46032953262, 2.71838760376, 3.2437479496, 2.47485303879, 1.63327944279, 1.05730557442, 0.183949142694, 0.102575041354, 0.120244204998, 0.0911337956786, 0.113464891911, 0.099463313818, 0.0674886107445, 0.0212329234928, 0.0107345758006, 0.00251060933806, 0.000478000787552, 6.18801568635e-05, 2.84517682303e-05], "var": [0.011153194122, 1.63584434986, 8.82509422302, 97.4272994995, 101.777381897, 514.834960938, 1930.09655762, 3020.15258789, 4980.11621094, 4735.51806641, 13555.5302734, 3184.42382812, 9952.82421875, 2720.86767578, 1652.90661621, 944.705932617, 890.401733398, 3664.03735352, 1884.82421875, 820.366516113, 330.616882324, 78.5204620361, 29.2536144257, 55.6189918518, 26.5408287048, 12.5835990906, 9.84888362885, 0.238548398018, 0.564867913723, 2.40992927551, 1.81479978561, 3.3423936367, 2.64421010017, 0.552818536758, 0.094039529562, 0.0220473483205, 0.000494049629197, 1.31162414618e-05, 2.0812355217e-07, 8.49349035548e-10], "dmean2": [0.0406455993652, 0.505139112473, 1.2811152935, 3.2352399826, 3.5342361927, 7.81636095047, 14.8203754425, 17.5256996155, 19.9340381622, 13.9881563187, 20.3519229889, 10.4180173874, 14.9578104019, 12.0613832474, 6.40387821198, 8.84098339081, 5.60720157623, 10.1277017593, 8.19191074371, 7.71934652328, 3.89734721184, 1.91513943672, 1.63053798676, 1.8751449585, 1.3876427412, 0.841053187847, 0.579582512379, 0.125933006406, 0.0889732390642, 0.116126805544, 0.0754142999649, 0.106486521661, 0.0917088314891, 0.0605697967112, 0.0190395414829, 0.00892292801291, 0.00181968219113, 0.000285174406599, 2.93234224955e-05, 7.53451058699e-06], "dvar": [0.00351257063448, 0.451798200607, 2.38615989685, 12.8728160858, 15.7657842636, 135.254257202, 564.732055664, 642.821289062, 993.248168945, 803.28515625, 2916.56274414, 714.944763184, 1802.85559082, 458.609771729, 216.243255615, 334.107025146, 110.26373291, 791.274291992, 709.773803711, 284.502380371, 56.9253005981, 14.4141387939, 4.76693916321, 10.9669351578, 5.78036737442, 2.36388921738, 2.17912125587, 0.127013519406, 0.386151224375, 1.21532809734, 0.689196944237, 1.62905502319, 1.22447347641, 0.262010753155, 0.0458081178367, 0.0101050687954, 0.000203522606171, 5.07293361807e-06, 7.92693910512e-08, 1.05328946953e-10], "min": [1.32553963979e-22, 9.65508495621e-22, 2.29888436409e-21, 8.05943719678e-21, 2.24463553308e-20, 2.87352398914e-20, 2.11465282399e-20, 1.08311268515e-19, 1.31173513132e-19, 1.52996049881e-19, 2.46529445946e-19, 4.25656855161e-19, 6.28003069073e-19, 9.9643034788e-19, 8.76284121666e-19, 1.139381013e-18, 1.68868353366e-18, 1.7018911265e-18, 2.68307922403e-18, 4.79326390915e-18, 5.11925578856e-18, 5.09544498104e-18, 6.00915778465e-18, 5.73565051511e-18, 9.94619587481e-18, 1.12417509656e-17, 9.92240450603e-18, 1.06763564733e-17, 1.13932755646e-17, 1.19211367366e-17, 1.20457026922e-17, 1.19903279133e-17, 9.1886522893e-18, 8.69686280946e-18, 6.85123674721e-18, 4.56659946411e-18, 1.82557892651e-18, 9.02523221274e-19, 2.63570736583e-19, 2.55930731656e-20], "median": [0.0248189643025, 0.369530558586, 0.974098443985, 2.47521686554, 3.06886935234, 5.31497430801, 9.85325813293, 11.9245319366, 11.88813591, 7.76965236664, 7.55760574341, 5.88121986389, 7.00425338745, 7.95992279053, 3.96320438385, 3.43169617653, 2.8609187603, 2.7216091156, 3.02796316147, 2.45184707642, 1.92474293709, 1.04966163635, 0.728942394257, 0.697181820869, 0.541634082794, 0.296341717243, 0.14303329587, 0.0397848188877, 0.015853792429, 0.00932011567056, 0.00847967714071, 0.00819686800241, 0.00599951809272, 0.00635603442788, 0.00148290989455, 0.00062651000917, 0.00027245428646, 7.35659705242e-05, 1.80027236638e-05, 1.97296212718e-05], "max": [1.03108823299, 12.3489751816, 31.552154541, 106.532585144, 152.675811768, 269.371124268, 569.466552734, 682.69934082, 937.230651855, 1042.42102051, 1996.69445801, 1182.08959961, 1672.95227051, 930.008300781, 608.204223633, 641.044555664, 440.867584229, 1259.01208496, 1662.16674805, 494.905731201, 424.841827393, 222.812011719, 55.0459976196, 132.451202393, 96.6155014038, 45.5835838318, 66.6292724609, 16.1695709229, 38.0439186096, 65.0397949219, 84.1079483032, 100.378997803, 96.2923126221, 38.6353645325, 11.8849821091, 5.93460559845, 0.751437306404, 0.1774956882, 0.0202181302011, 0.000639358826447]}, "silence_rate_30dB": {"dmean": 0.000560590473469, "dvar2": 0.00149376760237, "mean": 0.999439477921, "var": 0.000560255779419, "dmean2": 0.00112128572073, "dvar": 0.00056028587278, "min": 0, "median": 1, "max": 1}, "silence_rate_60dB": {"dmean": 0.016817715019, "dvar2": 0.0381113551557, "mean": 0.119114346802, "var": 0.104904107749, "dmean2": 0.0336385704577, "dvar": 0.0165406689048, "min": 0, "median": 0, "max": 1}, "spectral_energyband_middle_low": {"dmean": 0.00326658599079, "dvar2": 6.50089787086e-05, "mean": 0.0155428713188, "var": 0.000229641751503, "dmean2": 0.00505418144166, "dvar": 2.48290434683e-05, "min": 1.6623682264e-22, "median": 0.0101921772584, "max": 0.0933372378349}, "spectral_spread": {"dmean": 246346.859375, "dvar2": 448409731072, "mean": 2527257.75, "var": 6962095325180.0, "dmean2": 384243, "dvar": 330718511104, "min": 680681.75, "median": 2241200.5, "max": 42327084}, "barkbands": {"dmean": [1.22918509078e-05, 0.00130853406154, 0.000788344303146, 0.00078350113472, 0.00128855695948, 0.00141455128323, 0.000854860350955, 0.000590513052884, 0.000321242434438, 0.000359294121154, 0.000148508377606, 0.000126832659589, 0.000100465054857, 0.000131843393319, 0.000131138818688, 4.95415406476e-05, 3.53604300471e-05, 2.23963161261e-05, 2.41447123699e-05, 1.32321765705e-05, 6.79050162944e-06, 1.76219384684e-06, 2.26551969718e-06, 4.02325258619e-06, 2.90246384793e-06, 1.09984875962e-06, 1.20145770666e-07], "dvar2": [3.26371596415e-09, 1.8134187485e-05, 7.35640833227e-06, 6.11763880443e-06, 2.68064450211e-05, 1.73857224581e-05, 8.10690744402e-06, 1.00589022622e-05, 2.62600929091e-06, 3.63791900782e-06, 4.43604761813e-07, 4.05384213309e-07, 