{"tonal": {"hpcp": {"dvar": [0.0426118373871, 0.040091406554, 0.0332667194307, 0.0316545590758, 0.0289233103395, 0.0214097984135, 0.0306693594903, 0.0335530005395, 0.0299477744848, 0.0343374311924, 0.0369404032826, 0.0248124487698, 0.0216327290982, 0.0232762377709, 0.0178266055882, 0.023958645761, 0.0291040465236, 0.0232551805675, 0.0205933451653, 0.0192392636091, 0.0202371384948, 0.0255114268512, 0.0284201465547, 0.0341576635838, 0.0846374109387, 0.0359923988581, 0.0276881512254, 0.0305514782667, 0.0320040285587, 0.0300548858941, 0.0432527698576, 0.0503118596971, 0.0409997217357, 0.0421860776842, 0.0396072790027, 0.0400747805834], "var": [0.0917961597443, 0.10047750175, 0.0338098481297, 0.0305024497211, 0.0301357712597, 0.0166437383741, 0.0425720475614, 0.106059230864, 0.0538939274848, 0.104059055448, 0.116010084748, 0.0234355330467, 0.0166349876672, 0.0184579323977, 0.0156474579126, 0.0417706742883, 0.0697317123413, 0.0308909509331, 0.0268754586577, 0.0230297651142, 0.0147683881223, 0.0252798311412, 0.029108883813, 0.0415092594922, 0.119037769735, 0.0619390532374, 0.0253964550793, 0.0382318012416, 0.0403160080314, 0.0276042707264, 0.0889002382755, 0.124870173633, 0.0463653467596, 0.0297585390508, 0.0299113187939, 0.0351048335433], "median": [0.0352087840438, 0.0434055887163, 0.0208643302321, 0.00511143635958, 0.00372515618801, 0.00714439619333, 0.0137416841462, 0.0155247673392, 0.0310030579567, 0.0280810724944, 0.0192397087812, 0.0103176245466, 0.00278744893149, 0.00236627785489, 0.00522608729079, 0.0206006858498, 0.0246118381619, 0.0125595740974, 0.00418372172862, 0.00278539466672, 0.0047751236707, 0.0102126300335, 0.0118549223989, 0.0143120698631, 0.00646778661758, 0.00583185162395, 0.00814390182495, 0.0199267417192, 0.0200724396855, 0.0306100025773, 0.084880515933, 0.100583970547, 0.033646915108, 0.00199999380857, 0.00164195429534, 0.00767562165856], "max": [1, 1, 1, 1, 1, 1, 1, 1, 1, 1, 1, 1, 1, 1, 1, 1, 1, 1, 1, 1, 1, 1, 1, 1, 1, 1, 1, 1, 1, 1, 1, 1, 1, 1, 1, 1], "dmean": [0.118712596595, 0.114381767809, 0.092388227582, 0.075236953795, 0.0666041523218, 0.0614587366581, 0.0855321958661, 0.0810700878501, 0.0942980200052, 0.0992340892553, 0.0915307477117, 0.0711943134665, 0.0525436960161, 0.0530387982726, 0.0514868348837, 0.0721688792109, 0.0797578766942, 0.066123098135, 0.051726564765, 0.0480718612671, 0.0508706718683, 0.0651861205697, 0.0699390918016, 0.109023585916, 0.15695258975, 0.108784742653, 0.0742173418403, 0.0894129648805, 0.0919078886509, 0.0964322164655, 0.140925556421, 0.143127784133, 0.121088393033, 0.0878027826548, 0.0828735232353, 0.0979190990329], "dmean2": [0.208123937249, 0.199141442776, 0.16478818655, 0.136573523283, 0.12092076242, 0.112348869443, 0.152056112885, 0.141262024641, 0.167597204447, 0.17222777009, 0.160398259759, 0.128831908107, 0.0956051275134, 0.0965210348368, 0.0919491946697, 0.123683862388, 0.135008066893, 0.116523623466, 0.0946387425065, 0.0885464921594, 0.0933367088437, 0.115813650191, 0.125415697694, 0.195664465427, 0.289901435375, 0.195354700089, 0.132947936654, 0.153580322862, 0.162169024348, 0.172905445099, 0.243833377957, 0.246704116464, 0.217258393764, 0.165088996291, 0.15485316515, 0.177373334765], "mean": [0.193916738033, 0.208998844028, 0.0988850444555, 0.0687569156289, 0.065630979836, 0.0505759604275, 0.114055097103, 0.179524153471, 0.143230646849, 0.196470409632, 0.2018917799, 0.0760727077723, 0.0396971218288, 0.0406020097435, 0.0451515465975, 0.10509391129, 0.138357669115, 0.082656621933, 0.0535034276545, 0.0476552508771, 0.0400066897273, 0.0640701428056, 0.072299964726, 0.119693666697, 0.193725854158, 0.135887473822, 0.0669068843126, 0.105041190982, 0.111305505037, 0.0953928828239, 0.231749236584, 0.281332492828, 0.133723095059, 0.0586299151182, 0.0566990450025, 0.084282130003], "dvar2": [0.112644217908, 0.102672703564, 0.0899412259459, 0.0857673361897, 0.0778718590736, 0.0601203255355, 0.0856187343597, 0.0862185880542, 0.0834840834141, 0.0888520404696, 0.0937239602208, 0.0697413831949, 0.0600721091032, 0.0637493804097, 0.0488171353936, 0.0623600333929, 0.072220467031, 0.063663199544, 0.0573449730873, 0.0539668537676, 0.0571264177561, 0.0681249350309, 0.0764672085643, 0.0929388925433, 0.232365190983, 0.0970927476883, 0.0760589689016, 0.0773288458586, 0.0856397971511, 0.0841078907251, 0.114452339709, 0.124983653426, 0.117940552533, 0.122504390776, 0.112385585904, 0.11182513088], "min": [0, 0, 0, 0, 0, 0, 0, 0, 0, 0, 0, 0, 0, 0, 0, 0, 0, 0, 0, 0, 0, 0, 0, 0, 0, 0, 0, 0, 0, 0, 0, 0, 0, 0, 0, 0]}, "key_key": "C", "thpcp": [1, 0.475320488214, 0.208400800824, 0.201537489891, 0.29958191514, 0.689279556274, 0.742889106274, 0.351488173008, 0.244397357106, 0.233286172152, 0.179772913456, 0.405410319567, 0.638120949268, 0.509115219116, 0.698356628418, 0.717626929283, 0.270401418209, 0.141103938222, 0.144320368767, 0.160491764545, 0.373557686806, 0.491794139147, 0.293804049492, 0.190178632736, 0.169391214848, 0.142204299569, 0.227738156915, 0.256991177797, 0.425452679396, 0.688601076603, 0.483013778925, 0.237821385264, 0.373370289803, 0.395636856556, 0.339075237513, 0.823755681515], "chords_key": "C", "tuning_equal_tempered_deviation": 0.209143802524, "tuning_frequency": 434.193115234, "tuning_diatonic_strength": 0.562173426151, "chords_histogram": [14.3334302902, 6.38977622986, 11.8356084824, 11.5015974045, 9.06186485291, 0.304966598749, 0.493755459785, 0, 1.10368859768, 0.145222187042, 0.624455392361, 0, 0, 0.0871333107352, 0, 2.2364218235, 0.0726110935211, 5.88149881363, 1.91693294048, 5.59105443954, 0.479233235121, 4.16787672043, 13.9122858047, 9.86058712006], "key_strength": 0.75148242712, "key_scale": "major", "chords_strength": {"dvar": 0.000333387812134, "var": 0.013786171563, "median": 0.46385204792, "max": 0.722774982452, "dmean": 0.00965350773185, "dmean2": 0.00888929981738, "mean": 0.457674443722, "dvar2": 0.000583719986025, "min": -1}, "chords_number_rate": 0.00188788841479, "tuning_nontempered_energy_ratio": 0.952507674694, "hpcp_entropy": {"dvar": 0.21247792244, "var": 0.421420603991, "median": 1.88018083572, "max": 4.0610871315, "dmean": 0.519258320332, "dmean2": 0.876498878002, "mean": 1.85067093372, "dvar2": 0.555393815041, "min": 0}, "chords_changes_rate": 0.0689805373549, "chords_scale": "major"}, "rhythm": {"bpm_histogram_first_peak_spread": {"dvar": 0, "var": 0, "median": 0.343362808228, "max": 0.343362808228, "dmean": 0, "dmean2": 0, "mean": 0.343362808228, "dvar2": 0, "min": 0.343362808228}, "bpm_histogram_first_peak_weight": {"dvar": 0, "var": 0, "median": 0.557057082653, "max": 0.557057082653, "dmean": 0, "dmean2": 0, "mean": 0.557057082653, "dvar2": 0, "min": 0.557057082653}, "bpm_histogram_first_peak_bpm": {"dvar": 0, "var": 0, "median": 123, "max": 123, "dmean": 0, "dmean2": 0, "mean": 123, "dvar2": 0, "min": 123}, "bpm": 123.973869324, "bpm_histogram_second_peak_weight": {"dvar": 0, "var": 0, "median": 0.0180180184543, "max": 0.0180180184543, "dmean": 0, "dmean2": 0, "mean": 0.0180180184543, "dvar2": 0, "min": 0.0180180184543}, "beats_loudness": {"dvar": 0.0016807083739, "var": 0.00186104862951, "median": 0.028737641871, "max": 0.2837485075, "dmean": 0.0371561720967, "dmean2": 0.0688263177872, "mean": 0.0442561246455, "dvar2": 0.00499660940841, "min": 1.07086327653e-11}, "beats_loudness_band_ratio": {"dvar": [0.0375711098313, 0.0194906387478, 0.0154299875721, 0.0212575159967, 0.0042623844929, 0.00368629745208], "var": [0.0727244988084, 0.0343389138579, 0.0194251742214, 0.0179365873337, 0.00347066787072, 0.0029274544213], "median": [0.61000674963, 0.122544638813, 0.0955041572452, 0.0322911031544, 0.0102410735562, 0.0102218193933], "max": [0.992327153683, 0.998299121857, 0.67943584919, 0.822687506676, 0.750272810459, 0.649478673935], "dmean": [0.237764924765, 0.134708553553, 0.123959593475, 0.0977641940117, 0.0330328270793, 0.0318091437221], "dmean2": [0.391278445721, 0.236492097378, 0.208829790354, 0.172013252974, 0.0582293793559, 0.0563559271395], "mean": [0.582913458347, 0.184231773019, 0.141295716166, 0.0848067775369, 0.0287968721241, 0.0270538385957], "dvar2": [0.0987529978156, 0.0541142113507, 0.0414567291737, 0.0597823634744, 0.0119852712378, 0.00960024539381], "min": [0, 0, 0, 0, 0, 0]}, "bpm_histogram_second_peak_bpm": {"dvar": 0, "var": 0, "median": 148, "max": 148, "dmean": 0, "dmean2": 0, "mean": 148, "dvar2": 0, "min": 148}, "onset_rate": 3.84077453613, "beats_count": 667, "beats_position": [0.522448956966, 1.05650794506, 1.55573689938, 2.04335594177, 2.51936507225, 3.00698399544, 3.49460315704, 3.98222208023, 4.46984100342, 4.95746040344, 5.4334692955, 5.92108821869, 6.40870714188, 6.88471651077, 7.36072540283, 7.84834432602, 8.33596324921, 8.84680271149, 9.34603118896, 9.84526062012, 10.4025392532, 10.95981884, 11.4938774109, 12.0859861374, 12.6780948639, 13.2585935593, 13.8158731461, 14.3847618103, 14.9420404434, 15.4993190765, 16.0565986633, 16.6138763428, 17.1711559296, 17.7284355164, 18.3205432892, 18.9358730316, 19.5279808044, 20.1200904846, 20.7121982574, 21.3159179688, 21.8964176178, 22.3724250793, 22.8484344482, 23.3360538483, 23.8236732483, 24.3112926483, 24.7989120483, 25.2749195099, 25.7509288788, 26.2385482788, 26.7261676788, 27.2137870789, 27.7014045715, 28.1890239716, 28.6766433716, 29.1526527405, 29.6286621094, 30.1162815094, 30.5922889709, 31.0682983398, 31.5559177399, 32.0435371399, 32.5195465088, 33.0071640015, 33.4947853088, 33.9824028015, 34.4584121704, 34.9460296631, 35.4336509705, 35.9212684631, 36.397277832, 36.8732872009, 37.3609046936, 37.848526001, 38.3361434937, 38.823764801, 39.3113822937, 39.7989997864, 40.2866210938, 40.7626304626, 41.2386398315, 41.7262573242, 42.2022666931, 42.678276062, 43.1658935547, 43.6535148621, 44.129524231, 44.6171417236, 45.1047592163, 45.5923805237, 46.0799980164, 46.5560073853, 47.0436286926, 47.5312461853, 48.018863678, 48.5064849854, 48.994102478, 49.4701118469, 49.9461212158, 50.4337387085, 50.9213600159, 51.4089775085, 51.8849868774, 52.3726081848, 52.8486175537, 53.3362350464, 53.8238525391, 54.3114738464, 54.7874832153, 55.2634925842, 55.7511100769, 56.2387275696, 56.726348877, 57.2139663696, 57.6899757385, 58.1775970459, 58.6536026001, 59.1412239075, 59.6288414001, 60.1164627075, 60.5924720764, 61.0800895691, 61.556098938, 62.0437164307, 62.531337738, 63.0189552307, 63.5065765381, 63.9825820923, 64.4585952759, 64.9462127686, 65.4338302612, 65.9214477539, 66.409072876, 66.8850784302, 67.3610839844, 67.8487091064, 68.3363265991, 68.8239440918, 69.3115615845, 69.7991790771, 70.2868041992, 70.7744216919, 71.2504272461, 71.7264404297, 72.2024459839, 72.6900634766, 73.1660766602, 73.6536941528, 74.1413116455, 74.6289291382, 75.1165542603, 75.6041717529, 76.0917892456, 76.5678024292, 77.0438079834, 77.5314254761, 78.0190429688, 78.5066680908, 78.9942855835, 79.4702911377, 79.9463043213, 80.433921814, 80.9099273682, 81.3975524902, 81.8735580444, 82.3611755371, 82.8487930298, 83.3364181519, 83.8240356445, 84.3116531372, 84.7992706299, 85.2868881226, 85.7745132446, 86.2621307373, 86.7381362915, 87.2141494751, 87.7017669678, 88.1893844604, 88.665397644, 89.1414031982, 89.6290206909, 90.1050338745, 90.5926513672, 91.0918807983, 91.579498291, 92.0671157837, 92.5547409058, 93.0423583984, 93.5299758911, 93.9943771362, 94.4703826904, 94.946395874, 95.4340133667, 95.9216308594, 96.3976364136, 96.8736495972, 97.3612670898, 97.8488845825, 98.3248977661, 98.8125152588, 99.3001327515, 99.7761459351, 100.263763428, 100.75138092, 101.238998413, 101.726615906, 102.202629089, 102.701858521, 103.189476013, 103.677093506, 104.153106689, 104.629112244, 105.116729736, 105.604354858, 106.080360413, 106.556373596, 107.03237915, 107.508384705, 107.996009827, 108.483627319, 108.971244812, 109.458862305, 109.946479797, 110.434104919, 110.921722412, 111.409339905, 111.896957397, 112.38457489, 112.860588074, 113.336593628, 113.82421875, 114.311836243, 114.799453735, 115.27545929, 115.763084412, 116.250701904, 116.738319397, 117.214332581, 117.690338135, 118.177955627, 118.653968811, 119.141586304, 119.629203796, 120.116821289, 120.604438782, 121.080451965, 121.55645752, 122.044082642, 122.531700134, 123.019317627, 123.50693512, 123.994552612, 124.470565796, 124.94657135, 125.434196472, 125.921813965, 126.409431458, 126.885437012, 127.361450195, 127.849067688, 128.336685181, 128.812698364, 129.300308228, 129.776321411, 130.263946533, 130.751556396, 131.239181519, 131.726806641, 132.214416504, 132.702041626, 133.17805481, 133.654052734, 134.130065918, 134.61769104, 135.105300903, 135.592926025, 136.080535889, 136.556549072, 137.032562256, 137.520172119, 138.007797241, 138.495422363, 138.983032227, 139.470657349, 139.958267212, 140.434280396, 140.910293579, 141.386306763, 141.873916626, 142.361541748, 142.849151611, 143.336776733, 143.824401855, 144.312011719, 144.788024902, 145.264038086, 145.751647949, 146.239273071, 146.726898193, 147.214508057, 147.702133179, 148.189743042, 148.665756226, 149.153381348, 149.629379272, 150.105392456, 150.58140564, 151.069015503, 151.556640625, 152.044265747, 152.53187561, 153.019500732, 153.507110596, 153.994735718, 154.48236084, 154.969970703, 155.457595825, 155.933609009, 156.409606934, 156.885620117, 157.361633301, 157.849243164, 158.336868286, 158.824493408, 159.312103271, 159.799728394, 160.287338257, 160.76335144, 161.250976562, 161.726974487, 162.202987671, 162.679000854, 163.166610718, 163.65423584, 164.141860962, 164.629470825, 165.105484009, 165.593109131, 166.080718994, 166.568344116, 167.0443573, 167.531967163, 168.019592285, 168.49559021, 168.971603394, 169.447616577, 169.923629761, 170.411239624, 170.898864746, 171.386474609, 171.874099731, 172.361724854, 172.849334717, 173.336959839, 173.812973022, 174.300582886, 174.788208008, 175.264221191, 175.751831055, 176.239456177, 176.715454102, 177.203079224, 177.690704346, 178.178314209, 178.665939331, 179.153549194, 179.629562378, 180.105575562, 180.581588745, 181.069198608, 181.55682373, 182.044433594, 182.532058716, 183.019683838, 183.495681763, 183.971694946, 184.459320068, 184.946929932, 185.422943115, 185.898956299, 186.386566162, 186.874191284, 187.361816406, 187.84942627, 188.337051392, 188.824661255, 189.312286377, 189.799911499, 190.275909424, 190.751922607, 191.239547729, 191.715545654, 192.203170776, 192.67918396, 193.166793823, 193.654418945, 194.142044067, 194.629653931, 195.117279053, 195.604888916, 196.0809021, 196.568527222, 197.044525146, 197.532150269, 198.019775391, 198.507385254, 198.983398438, 199.459411621, 199.947021484, 200.434646606, 200.91065979, 201.398269653, 201.885894775, 202.373504639, 202.849517822, 203.337142944, 203.813140869, 204.300765991, 204.776779175, 205.264389038, 205.75201416, 206.228027344, 206.715637207, 207.203262329, 207.679275513, 208.166885376, 208.654510498, 209.142120361, 209.629745483, 210.117370605, 210.604980469, 211.080993652, 211.568618774, 212.044616699, 212.532241821, 213.019866943, 213.507476807, 213.995101929, 214.482711792, 214.958724976, 215.434738159, 215.922348022, 216.409973145, 216.897598267, 217.38520813, 217.872833252, 218.348846436, 218.82484436, 219.300857544, 219.776870728, 220.264480591, 220.752105713, 221.239730835, 221.727340698, 222.203353882, 222.690963745, 223.166976929, 223.654602051, 224.142211914, 224.629837036, 225.117462158, 225.605072021, 226.092697144, 226.580307007, 227.05632019, 227.543945312, 228.019943237, 228.507568359, 228.995193481, 229.482803345, 229.958816528, 230.434829712, 230.922439575, 231.410064697, 231.886077881, 232.362075806, 232.849700928, 233.33732605, 233.824935913, 234.312561035, 234.800170898, 235.287796021, 235.752197266, 236.239807129, 236.715820312, 237.191833496, 237.691055298, 238.190292358, 238.677902222, 239.165527344, 239.641540527, 240.117553711, 240.605163574, 241.092788696, 241.568786621, 242.056411743, 242.544036865, 243.02003479, 243.507659912, 243.995285034, 244.471282959, 244.947296143, 245.434921265, 245.922531128, 246.398544312, 246.874557495, 247.362167358, 247.84979248, 248.337417603, 248.825027466, 249.312652588, 249.800262451, 250.287887573, 250.763900757, 251.239898682, 251.727523804, 252.203536987, 252.679534912, 253.167160034, 253.654785156, 254.14239502, 254.630020142, 255.117630005, 255.605255127, 256.09286499, 256.580505371, 257.056488037, 257.532501221, 258.020141602, 258.507751465, 258.995361328, 259.483001709, 259.970611572, 260.446624756, 260.922637939, 261.410247803, 261.897857666, 262.385467529, 262.861480713, 263.337493896, 263.825134277, 264.312744141, 264.800354004, 265.276367188, 265.752380371, 266.239990234, 266.716003418, 267.192016602, 267.679626465, 268.167236328, 268.654876709, 269.142486572, 269.618499756, 270.106109619, 270.582122803, 271.069732666, 271.557373047, 272.04498291, 272.532592773, 273.020233154, 273.49621582, 273.972229004, 274.459869385, 274.947479248, 275.423492432, 275.899505615, 276.387115479, 276.874725342, 277.362365723, 277.849975586, 278.32598877, 278.802001953, 279.289611816, 279.77722168, 280.264862061, 280.764068604, 281.240081787, 281.72769165, 282.203704834, 282.691345215, 283.167327881, 283.654968262, 284.154174805, 284.630187988, 285.106201172, 285.582214355, 286.069824219, 286.5574646, 287.06829834, 287.59072876, 288.113189697, 288.658874512, 289.204528809, 289.750213623, 290.237823486, 290.72543335, 291.22467041, 291.619415283, 291.990936279, 292.374053955, 292.815246582, 293.244812012, 293.674377441, 294.103942871, 294.521911621, 294.951477051, 295.369415283, 295.787384033, 296.205352783, 296.623291016, 297.052886963, 297.424407959, 297.795898438, 298.167419434, 298.53894043, 298.910461426, 299.281982422, 299.641906738, 300.001800537, 300.39654541, 300.81451416, 301.232452393, 301.638824463, 302.045166016, 302.451507568, 302.857849121, 303.264221191, 303.670562744, 304.076904297, 304.48324585, 304.877990723, 305.261138916, 305.644256592, 306.039001465, 306.445343018, 306.85168457, 307.258056641, 307.641174316, 308.024291992, 308.407440186, 308.790557861, 309.162078857, 309.545196533, 309.916717529, 310.288238525, 310.671386719, 311.054504395, 311.449249268, 311.843994141, 312.28515625, 312.726348877, 313.167510986, 313.608703613, 314.049865723, 314.49105835, 314.932250977, 315.338592529, 315.733337402, 316.128051758, 316.522796631, 316.882720947, 317.231018066, 317.579315186, 317.939208984, 318.299133301, 318.6590271, 319.018951416], "danceability": 1.09876024723, "bpm_histogram_second_peak_spread": {"dvar": 0, "var": 0, "median": 0.571428537369, "max": 0.571428537369, "dmean": 0, "dmean2": 0, "mean": 0.571428537369, "dvar2": 0, "min": 0.571428537369}}, "lowlevel": {"spectral_flux": {"dvar": 0.00193564861547, "var": 0.00488468958065, "median": 0.0586798973382, "max": 0.510572314262, "dmean": 0.0298134665936, "dmean2": 0.0465119220316, "mean": 0.077639259398, "dvar2": 0.00400266377255, "min": 6.56144513722e-11}, "spectral_rolloff": {"dvar": 678848.0625, "var": 2452567.5, "median": 430.6640625, "max": 19875.1464844, "dmean": 271.153503418, "dmean2": 462.773834229, "mean": 842.172912598, "dvar2": 1530464.75, "min": 43.06640625}, "barkbands_flatness_db": {"dvar": 0.000794112449512, "var": 0.00677403435111, "median": 0.194138944149, "max": 0.549403905869, "dmean": 0.0256280060858, "dmean2": 0.0374496728182, "mean": 0.205559328198, "dvar2": 0.00165296206251, "min": 0.0256873909384}, "spectral_centroid": {"dvar": 82182.2734375, "var": 519225.03125, "median": 654.166259766, "max": 11951.1660156, "dmean": 173.866928101, "dmean2": 251.676147461, "mean": 838.212585449, "dvar2": 151613.765625, "min": 119.218452454}, "melbands_skewness": {"dvar": 1.12086689472, "var": 4.25998830795, "median": 2.46576690674, "max": 16.5174865723, "dmean": 0.848694086075, "dmean2": 1.31845629215, "mean": 2.88240408897, "dvar2": 2.61056566238, "min": -2.87196707726}, "melbands": {"dvar": [3.43872161466e-05, 3.36526572937e-05, 2.02917635761e-06, 2.93643665827e-07, 4.1661337491e-07, 4.43985499032e-07, 4.51474960528e-07, 3.77722557232e-07, 1.78673488449e-07, 1.15314335858e-07, 1.60358453627e-07, 1.15687669222e-07, 3.72950559324e-08, 6.06619892096e-08, 5.45994467416e-08, 4.10768947745e-08, 1.88524751366e-08, 2.03414831645e-08, 8.71296013116e-09, 2.85378720655e-09, 1.54611223824e-09, 3.75859843249e-10, 2.23119953069e-10, 2.29743418734e-10, 2.64814142836e-10, 7.62227850282e-11, 4.49428480542e-11, 4.50977276356e-11, 1.88799149925e-11, 3.10094033784e-11, 1.30498814879e-11, 8.85422637986e-12, 4.97006298963e-12, 4.49078491407e-12, 4.87245573749e-12, 6.07595831287e-12, 8.51643321836e-12, 8.60374185091e-12, 4.51285103037e-12, 1.71529760881e-12], "var": [3.55500051228e-05, 2.58766158368e-05, 2.16921375795e-06, 4.88354430672e-07, 1.00630666111e-06, 1.16442015496e-06, 9.13648818823e-07, 6.30188367268e-07, 2.97762198898e-07, 2.62719453303e-07, 3.69412390455e-07, 2.49760148563e-07, 6.61837518123e-08, 1.35252420819e-07, 1.57431216508e-07, 1.06634665542e-07, 4.81380482142e-08, 5.04125736711e-08, 2.39999202734e-08, 1.28386181686e-08, 5.70068303674e-09, 8.64615934404e-10, 5.51532652882e-10, 5.96852955947e-10, 6.48741116382e-10, 1.64358693322e-10, 9.32710991774e-11, 8.96886592772e-11, 2.95909720338e-11, 4.4217032813e-11, 2.51965011355e-11, 1.78497164965e-11, 1.20766964137e-11, 8.57191140985e-12, 8.52189846468e-12, 1.18769378013e-11, 1.66202208246e-11, 1.62419643707e-11, 9.56276724473e-12, 3.59388473842e-12], "median": [0.00230626855046, 0.0015277848579, 0.000341645267326, 0.000190868318896, 0.000131748733111, 0.000184616525075, 0.000193329527974, 6.02787695243e-05, 1.9713454094e-05, 2.10752186831e-05, 2.9652404919e-05, 1.21076573123e-05, 6.27637245998e-06, 6.63582704874e-06, 6.32332921668e-06, 3.55650990969e-06, 2.20813444685e-06, 1.95354414245e-06, 1.48033200276e-06, 1.11662131985e-06, 1.1171814549e-06, 8.03358261692e-07, 8.15016335309e-07, 1.00394129277e-06, 7.51653942643e-07, 6.27106715001e-07, 4.58180721807e-07, 3.53633254235e-07, 2.29045355127e-07, 1.66705333982e-07, 1.15420036195e-07, 1.08221442474e-07, 1.06658760046e-07, 9.34980164402e-08, 1.25826886688e-07, 1.46989918903e-07, 1.5768131334e-07, 1.29637456325e-07, 1.13255438805e-07, 9.89099433468e-08], "max": [0.072940826416, 0.0671062096953, 0.0233726035804, 0.0121396956965, 0.0156424380839, 0.0149012040347, 0.0171139780432, 0.0216781068593, 0.0137496544048, 0.0163829047233, 0.013060788624, 0.00974845699966, 0.0051996554248, 0.00724432617426, 0.0121209239587, 0.0102724023163, 0.00769842090085, 0.00784464925528, 0.0057815448381, 0.0034039686434, 0.00176928262226, 0.00144713534974, 0.000814855156932, 0.000665686442517, 0.000736834830604, 0.000272898294497, 0.000177396737854, 0.000262205605395, 0.000139136289363, 0.000291882664897, 0.000131603243062, 0.000110273278551, 6.89815933583e-05, 4.97295804962e-05, 6.83087782818e-05, 9.52191403485e-05, 0.000105627310404, 0.000178097630851, 0.000115779053885, 4.6988541726e-05], "dmean": [0.00202129967511, 0.00167474197224, 0.000469643448014, 0.00024152630067, 0.0002321745269, 0.000270299438853, 0.000250361830695, 0.000160865369253, 8.8037297246e-05, 7.50755498302e-05, 0.000106401021185, 8.7059008365e-05, 4.97084874951e-05, 5.98441874899e-05, 5.51792691112e-05, 3.8699596189e-05, 2.52701101999e-05, 2.5129171263e-05, 1.59223836818e-05, 1.04809887489e-05, 8.63903096615e-06, 4.53945767731e-06, 4.45915156888e-06, 4.85903274239e-06, 4.61507443106e-06, 2.7284022508e-06, 1.99878581952e-06, 1.80160384389e-06, 1.27225689539e-06, 1.27746898215e-06, 9.58507030191e-07, 7.80960760949e-07, 6.71548320952e-07, 5.99470013185e-07, 6.35643402802e-07, 6.59478530451e-07, 7.33646004392e-07, 6.24490553491e-07, 5.1563785064e-07, 3.90802398442e-07], "dmean2": [0.0033178369049, 0.00294865341857, 0.000797416840214, 0.000394573289668, 0.000362696242519, 0.000418648065533, 0.000383605685784, 0.000249352480751, 0.00013444693468, 0.000108207976155, 0.000153337561642, 0.000128733998281, 7.70365950302e-05, 9.32836264838e-05, 7.92589562479e-05, 5.58742904104e-05, 3.75243216695e-05, 3.68086912204e-05, 2.33181381191e-05, 1.48726221596e-05, 1.25095875774e-05, 6.65753714202e-06, 6.89705211698e-06, 7.52682353777e-06, 7.10728681952e-06, 4.16138755099e-06, 3.06172842102e-06, 2.81647771772e-06, 2.03079753192e-06, 2.08690971704e-06, 1.5082673599e-06, 1.20681556837e-06, 1.01912144146e-06, 9.2183495326e-07, 9.71988811216e-07, 9.71099439084e-07, 1.07330379251e-06, 9.11398785775e-07, 7.39170843644e-07, 5.8161066363e-07], "mean": [0.00353194144554, 0.0025806997437, 0.00074631505413, 0.00041144649731, 0.000416136230342, 0.000545936229173, 0.000506950891577, 0.00028136826586, 0.000152212305693, 0.000138448667713, 0.000193470317754, 0.000145283804159, 6.81793680997e-05, 8.62322194735e-05, 8.62204033183e-05, 6.11896102782e-05, 3.57961544069e-05, 3.54978874384e-05, 2.20755246119e-05, 1.69117083715e-05, 1.435379545e-05, 6.80382618157e-06, 6.89941134624e-06, 7.89812747826e-06, 7.1697054409e-06, 4.27794429925e-06, 3.32113199875e-06, 2.894748377e-06, 1.86913109701e-06, 1.78166840215e-06, 1.38507141401e-06, 1.21267544273e-06, 1.07306630071e-06, 8.85924634986e-07, 9.83546328825e-07, 1.03757110992e-06, 1.15660282063e-06, 9.79326500783e-07, 7.86944269748e-07, 6.01349825047e-07], "dvar2": [8.63161258167e-05, 9.43378108786e-05, 5.42394855074e-06, 7.4913947401e-07, 9.23453683299e-07, 9.76981482381e-07, 1.0494786693e-06, 9.20440811569e-07, 3.9130148366e-07, 2.3470371957e-07, 3.33599842861e-07, 2.51456356182e-07, 8.70702336897e-08, 1.33494225452e-07, 1.01176532041e-07, 8.40056699758e-08, 3.80029128166e-08, 3.85149760973e-08, 1.40828921857e-08, 4.70373207051e-09, 2.72980149596e-09, 6.8330530123e-10, 4.85845697007e-10, 5.17558551572e-10, 5.61594493131e-10, 1.63788343999e-10, 1.0659743227e-10, 1.05393686833e-10, 4.57645796259e-11, 8.02559199653e-11, 3.07667641364e-11, 1.99683568292e-11, 1.07761881016e-11, 1.05191072866e-11, 1.13095375079e-11, 1.24622560535e-11, 1.78273645846e-11, 1.75215970205e-11, 8.2062048129e-12, 3.48400019771e-12], "min": [1.82212472395e-24, 2.27525688031e-24, 4.21973333901e-24, 1.49918272011e-24, 2.66602662389e-24, 1.68190588133e-24, 3.59946463101e-24, 2.47270659552e-24, 3.33244901966e-24, 1.92394477592e-24, 3.39518357758e-24, 1.81012575515e-24, 2.52388434118e-24, 3.9342599602e-24, 1.63381968156e-24, 2.4608744708e-24, 4.5719364618e-24, 4.07418140225e-24, 4.52698835071e-24, 4.71669519892e-24, 4.70078584661e-24, 4.60326528379e-24, 5.41908984918e-24, 4.3959100394e-24, 4.51320892285e-24, 3.11543989273e-24, 6.3443732039e-24, 5.50579473456e-24, 5.37579519055e-24, 5.50095191746e-24, 4.11438135955e-24, 5.25916526115e-24, 5.05412374581e-24, 5.76103620247e-24, 6.19151404858e-24, 7.88039701019e-24, 7.65044878948e-24, 6.10893885003e-24, 6.69314241517e-24, 5.71893351267e-24]}, "spectral_decrease": {"dvar": 5.59009782929e-17, "var": 7.98472018993e-17, "median": -5.68655877942e-09, "max": 1.31368909287e-28, "dmean": 3.1623734742e-09, "dmean2": 5.01551200571e-09, "mean": -7.97519383866e-09, "dvar2": 1.39949086416e-16, "min": -8.11650906485e-08}, "barkbands_kurtosis": {"dvar": 2712.59692383, "var": 5302.17480469, "median": 6.05940151215, "max": 2917.15893555, "dmean": 9.4834356308, "dmean2": 15.3011598587, "mean": 17.2587718964, "dvar2": 7582.81982422, "min": -1.95360052586}, "silence_rate_30dB": {"dvar": 0.0349912270904, "var": 0.0366754345596, "median": 1, "max": 1, "dmean": 0.0363134592772, "dmean2": 0.0726321935654, "mean": 0.961873650551, "dvar2": 0.0737403556705, "min": 0}, "gfcc": {"mean": [-66.2828598022, 111.923019409, -73.6869659424, 21.8756561279, -51.2429656982, 14.4886474609, -32.1400108337, 14.4814167023, -19.978269577, 5.82187271118, -2.56591129303, 3.40631318092, -6.32051324844], "cov": [[20904.6464844, -1397.21813965, -1789.4954834, 369.301483154, -448.025115967, 774.120178223, 85.2786254883, 756.653381348, 12.8683519363, 265.396820068, -58.4595184326, 20.7874889374, -404.025665283], [-1397.21813965, 1696.47937012, 43.1491317749, -211.052230835, 189.046722412, -123.153839111, 112.123939514, -37.8259620667, 48.4000549316, -115.362182617, 116.646614075, -97.9813232422, 104.873168945], [-1789.4954834, 43.1491317749, 1282.22009277, 177.456085205, 46.0087661743, 18.4829483032, 27.2190532684, -46.9847984314, 38.9989814758, 21.3608989716, -23.0636253357, 67.9367523193, 30.6950035095], [369.301483154, -211.052230835, 177.456085205, 504.099365234, 6.43553686142, -12.7283124924, 6.82694673538, 41.6684265137, 60.0666313171, -12.1728811264, -40.6681900024, 10.7494573593, -27.1091861725], [-448.025115967, 189.046722412, 46.0087661743, 6.43553686142, 381.736358643, 65.8623962402, 48.6051635742, 34.7868003845, 44.2268180847, -8.26106357574, 2.66552591324, -24.0656452179, -2.72843742371], [774.120178223, -123.153839111, 18.4829483032, -12.7283124924, 65.8623962402, 336.603485107, 81.5367736816, 64.0940551758, -18.1581001282, 40.3689117432, 18.1902351379, -24.5288925171, -20.6626052856], [85.2786254883, 112.123939514, 27.2190532684, 6.82694673538, 48.6051635742, 81.5367736816, 268.740692139, 21.0864601135, -13.3517770767, 1.89758360386, -9.2622051239, -13.5375242233, -17.8574428558], [756.653381348, -37.8259620667, -46.9847984314, 41.6684265137, 34.7868003845, 64.0940551758, 21.0864601135, 223.458129883, 62.4517173767, 9.43264579773, 20.8421936035, -2.21990919113, -18.0663223267], [12.8683519363, 48.4000549316, 38.9989814758, 60.0666313171, 44.2268180847, -18.1581001282, -13.3517770767, 62.4517173767, 163.335189819, 28.4118461609, 2.36159586906, 11.9596223831, -4.56035995483], [265.396820068, -115.362182617, 21.3608989716, -12.1728811264, -8.26106357574, 40.3689117432, 1.89758360386, 9.43264579773, 28.4118461609, 139.73664856, 37.3172454834, 18.4230060577, 1.63007974625], [-58.4595184326, 116.646614075, -23.0636253357, -40.6681900024, 2.66552591324, 18.1902351379, -9.2622051239, 20.8421936035, 2.36159586906, 37.3172454834, 156.749298096, 38.5624046326, 28.5346775055], [20.7874889374, -97.9813232422, 67.9367523193, 10.7494573593, -24.0656452179, -24.5288925171, -13.5375242233, -2.21990919113, 11.9596223831, 18.4230060577, 38.5624046326, 133.691162109, 32.8700332642], [-404.025665283, 104.873168945, 30.6950035095, -27.1091861725, -2.72843742371, -20.6626052856, -17.8574428558, -18.0663223267, -4.56035995483, 1.63007974625, 28.5346775055, 32.8700332642, 126.602958679]], "icov": [[8.21319190436e-05, -2.74739522865e-05, 0.000124685873743, -9.21545870369e-05, 0.000118908770673, -0.000183192038094, 4.18088566221e-05, -0.000225764946663, 8.82884851308e-05, -0.000166244179127, 0.00014230736997, -0.000175823282916, 0.000200141628738], [-2.74739522865e-05, 0.00109353964217, -0.000178004527697, 0.000479372567497, -0.000410252192523, 0.000601730309427, -0.00065919192275, 0.000330959883286, -0.000762294861488, 0.00114829745144, -0.00129891198594, 0.00133913871832, -0.0009012731025], [0.000124685873743, -0.000178004527697, 0.0010866234079, -0.000501268717926, 0.000116467948828, -0.000475972949062, 6.10003553447e-05, -5.80801133765e-05, 5.85825546295e-05, -0.000496830791235, 0.00056818977464, -0.000874483434018, 0.000207202654565], [-9.21545870369e-05, 0.000479372567497, -0.000501268717926, 0.00256748264655, -0.000194786203792, 0.000503747432958, -0.000352962262696, 8.44859187055e-07, -0.00107677606866, 0.000921538739931, -0.000174268396222, 0.000486980890855, -0.000129340201966], [0.000118908770673, -0.000410252192523, 0.000116467948828, -0.000194786203792, 0.00324486359023, -0.000994350295514, -0.000121851524455, -0.000443628639914, -0.000649464025628, -5.36839688721e-05, 0.000411086832173, -0.000130953776534, 0.000395156268496], [-0.000183192038094, 0.000601730309427, -0.000475972949062, 0.000503747432958, -0.000994350295514, 0.00448654172942, -0.00125823798589, -0.000548762502149, 0.000581710133702, -0.000350288639311, -0.00119415775407, 0.00165170920081, -0.000538999331184], [4.18088566221e-05, -0.00065919192275, 6.10003553447e-05, -0.000352962262696, -0.000121851524455, -0.00125823798589, 0.00454059476033, -0.00049236085033, 0.000957771146204, -0.000723855104297, 0.00109223427717, -0.000831630371977, 0.000964880164247], [-0.000225764946663, 0.000330959883286, -5.80801133765e-05, 8.44859187055e-07, -0.000443628639914, -0.000548762502149, -0.00049236085033, 0.00641159620136, -0.00276325666346, 0.00130076135974, -0.00156687537674, 0.000750261708163, -0.000191924584215], [8.82884851308e-05, -0.000762294861488, 5.85825546295e-05, -0.00107677606866, -0.000649464025628, 0.000581710133702, 0.000957771146204, -0.00276325666346, 0.00871830526739, -0.00290904659778, 0.00146253011189, -0.00149702699855, 0.000900694227312], [-0.000166244179127, 0.00114829745144, -0.000496830791235, 0.000921538739931, -5.36839688721e-05, -0.000350288639311, -0.000723855104297, 0.00130076135974, -0.00290904659778, 0.0099586583674, -0.00333465379663, 0.000985315185972, -0.000876002246514], [0.00014230736997, -0.00129891198594, 0.00056818977464, -0.000174268396222, 0.000411086832173, -0.00119415775407, 0.00109223427717, -0.00156687537674, 0.00146253011189, -0.00333465379663, 0.00952943880111, -0.00373342307284, 1.65851506608e-05], [-0.000175823282916, 0.00133913871832, -0.000874483434018, 0.000486980890855, -0.000130953776534, 0.00165170920081, -0.000831630371977, 0.000750261708163, -0.00149702699855, 0.000985315185972, -0.00373342307284, 0.0109553532675, -0.00316708115861], [0.000200141628738, -0.0009012731025, 0.000207202654565, -0.000129340201966, 0.000395156268496, -0.000538999331184, 0.000964880164247, -0.000191924584215, 0.000900694227312, -0.000876002246514, 1.65851506608e-05, -0.00316708115861, 0.0100975800306]]}, "silence_rate_20dB": {"dvar": 0, "var": 0, "median": 1, "max": 1, "dmean": 0, "dmean2": 0, "mean": 1, "dvar2": 0, "min": 1}, "barkbands_skewness": {"dvar": 1.6270532608, "var": 4.65008640289, "median": 1.96502959728, "max": 37.0913581848, "dmean": 0.773297131062, "dmean2": 1.20026612282, "mean": 2.3231575489, "dvar2": 4.28401041031, "min": -4.36483812332}, "erbbands_skewness": {"dvar": 0.263454139233, "var": 1.94866669178, "median": 0.905882120132, "max": 11.8279762268, "dmean": 0.476356685162, "dmean2": 0.708256900311, "mean": 1.0943723917, "dvar2": 0.563188552856, "min": -5.90006446838}, "spectral_contrast_valleys": {"dvar": [0.115906886756, 0.124279119074, 0.186196416616, 0.168096572161, 0.182935446501, 0.190651267767], "var": [2.62596082687, 2.4820971489, 2.43948054314, 2.41216516495, 2.59848356247, 2.82159805298], "median": [-6.73504734039, -7.2036318779, -8.13412857056, -8.83831977844, -8.81598091125, -10.732837677], "max": [-4.83826780319, -4.2206697464, -4.90191507339, -5.8042845726, -5.77429580688, -7.31689786911], "dmean": [0.337989896536, 0.34230786562, 0.380419671535, 0.356786072254, 0.334956079721, 0.355301082134], "dmean2": [0.563129544258, 0.549785077572, 0.592410862446, 0.537496447563, 0.480784147978, 0.460238069296], "mean": [-7.13606500626, -7.42215538025, -8.32786273956, -9.05233383179, -9.02273464203, -11.0254421234], "dvar2": [0.2617225945, 0.267994403839, 0.382239878178, 0.322844862938, 0.352451562881, 0.314350485802], "min": [-28.0097293854, -27.8594245911, -27.579044342, -27.6461391449, -27.3898906708, -27.3733692169]}, "spectral_strongpeak": {"dvar": 1.00636780262, "var": 2.54605436325, "median": 0.278449714184, "max": 17.2605876923, "dmean": 0.451677262783, "dmean2": 0.753810346127, "mean": 0.864127576351, "dvar2": 2.29785609245, "min": 0}, "erbbands_crest": {"dvar": 8.71041870117, "var": 33.3445205688, "median": 10.9266529083, "max": 33.9984207153, "dmean": 2.9397778511, "dmean2": 4.67501401901, "mean": 12.2051620483, "dvar2": 21.0001888275, "min": 2.2516310215}, "barkbands_crest": {"dvar": 6.14842891693, "var": 21.6519908905, "median": 12.4086408615, "max": 26.9671936035, "dmean": 2.48136782646, "dmean2": 4.07414627075, "mean": 12.9716911316, "dvar2": 16.4757003784, "min": 3.08599090576}, "spectral_energyband_middle_low": {"dvar": 4.79324771732e-05, "var": 0.000148453036672, "median": 0.00652912352234, "max": 0.120736822486, "dmean": 0.00389395584352, "dmean2": 0.00608328124508, "mean": 0.0106184426695, "dvar2": 0.000113567250082, "min": 1.71061887212e-22}, "spectral_contrast_coeffs": {"dvar": [0.00146768637933, 0.00157490419224, 0.00139285658952, 0.00096720905276, 0.000573412864469, 0.000327352667227], "var": [0.0071065351367, 0.00893417466432, 0.00825975742191, 0.00649807648733, 0.00423410488293, 0.0023454176262], "median": [-0.716336071491, -0.67238765955, -0.729328751564, -0.774260044098, -0.787616968155, -0.81158798933], "max": [-0.315228909254, -0.310941815376, -0.384182214737, -0.438070982695, -0.529175698757, -0.550261795521], "dmean": [0.0435503646731, 0.0446402654052, 0.039837911725, 0.0337771326303, 0.0257202349603, 0.0183396488428], "dmean2": [0.0727996081114, 0.071729823947, 0.0618767477572, 0.0518694035709, 0.038933262229, 0.0279740709811], "mean": [-0.703249514103, -0.665325582027, -0.722688615322, -0.763237416744, -0.780698180199, -0.805033862591], "dvar2": [0.00389279657975, 0.00378773384728, 0.00301861134358, 0.00206346786581, 0.00117680768017, 0.000735094828997], "min": [-0.996860921383, -0.997523367405, -0.993551313877, -0.984960138798, -0.992541432381, -0.963640332222]}, "hfc": {"dvar": 80.820930481, "var": 371.373962402, "median": 7.21309280396, "max": 198.567153931, "dmean": 4.90605974197, "dmean2": 7.06543016434, "mean": 14.8055372238, "dvar2": 166.841201782, "min": 1.0813024743e-16}, "spectral_energyband_high": {"dvar": 3.82182577141e-07, "var": 1.03082527403e-06, "median": 8.76596750459e-05, "max": 0.023165807128, "dmean": 0.000215341322473, "dmean2": 0.000305362482322, "mean": 0.000411966728279, "dvar2": 7.12965402272e-07, "min": 7.30187384941e-21}, "erbbands_spread": {"dvar": 145.942337036, "var": 522.707214355, "median": 25.4228591919, "max": 166.086761475, "dmean": 8.35854053497, "dmean2": 12.583398819, "mean": 31.2938671112, "dvar2": 296.471435547, "min": 0.379069000483}, "dissonance": {"dvar": 0.000965421146248, "var": 0.00289953895845, "median": 0.434610068798, "max": 0.499999076128, "dmean": 0.0326679311693, "dmean2": 0.0538548268378, "mean": 0.422624260187, "dvar2": 0.00257465546019, "min": 0.116742961109}, "spectral_kurtosis": {"dvar": 24.258846283, "var": 89.5316619873, "median": 6.53941440582, "max": 163.170501709, "dmean": 3.03927206993, "dmean2": 4.70515584946, "mean": 9.18922328949, "dvar2": 54.862953186, "min": -1.44863820076}, "spectral_skewness": {"dvar": 0.174142792821, "var": 0.985709011555, "median": 2.18381285667, "max": 10.5539169312, "dmean": 0.341114044189, "dmean2": 0.505361139774, "mean": 2.34435868263, "dvar2": 0.359675854445, "min": -0.237233042717}, "pitch_salience": {"dvar": 0.00388936582021, "var": 0.0131555804983, "median": 0.460113048553, "max": 0.995957612991, "dmean": 0.0634741410613, "dmean2": 0.104032292962, "mean": 0.460383325815, "dvar2": 0.0102565782145, "min": 0.0239808019251}, "spectral_complexity": {"dvar": 10.0024633408, "var": 45.9635314941, "median": 9, "max": 56, "dmean": 2.0646378994, "dmean2": 3.24026727676, "mean": 10.5117645264, "dvar2": 22.355348587, "min": 0}, "spectral_spread": {"dvar": 1297940742140.0, "var": 7089751588860.0, "median": 4438396, "max": 42305036, "dmean": 771799.4375, "dmean2": 1083644.25, "mean": 4862080, "dvar2": 2260973387780.0, "min": 702049.1875}, "dynamic_complexity": 4.89290189743, "melbands_crest": {"dvar": 8.69952583313, "var": 29.4359741211, "median": 16.3050098419, "max": 34.5377731323, "dmean": 2.91438865662, "dmean2": 4.78684997559, "mean": 16.7531394958, "dvar2": 23.3489627838, "min": 1.00276613235}, "zerocrossingrate": {"dvar": 0.000149197934661, "var": 0.00182253890671, "median": 0.0302734375, "max": 0.521484375, "dmean": 0.00836993288249, "dmean2": 0.0098319798708, "mean": 0.0392969250679, "dvar2": 0.00017402395315, "min": 0.001953125}, "spectral_energyband_low": {"dvar": 0.000757627654821, "var": 0.000770800572354, "median": 0.0108335576952, "max": 0.296928286552, "dmean": 0.00919130723923, "dmean2": 0.0151097867638, "mean": 0.0167255420238, "dvar2": 0.00194195599761, "min": 1.9296891427e-23}, "melbands_kurtosis": {"dvar": 541.553833008, "var": 1389