{"tonal": {"hpcp": {"dvar": [0.050531681627, 0.0446321517229, 0.0434409491718, 0.031616717577, 0.0337290540338, 0.0291179530323, 0.0308454893529, 0.0366483777761, 0.0373383574188, 0.039894733578, 0.0372264571488, 0.0377829968929, 0.0416018478572, 0.0431520566344, 0.0426248423755, 0.0394839197397, 0.0388137847185, 0.0314207337797, 0.0271777901798, 0.0241399090737, 0.0225266292691, 0.0217721760273, 0.0258529726416, 0.0359538085759, 0.0767219141126, 0.043183285743, 0.0489740855992, 0.0412704534829, 0.0320862606168, 0.0323692075908, 0.0435558222234, 0.0454088263214, 0.0505998954177, 0.0534339100122, 0.0541909784079, 0.0548709630966], "var": [0.0518164895475, 0.0407505184412, 0.034356944263, 0.0249036494642, 0.0251089315861, 0.0254146251827, 0.033671874553, 0.0457944683731, 0.0404376722872, 0.0416424237192, 0.0490172617137, 0.0397063419223, 0.0431368462741, 0.0637339651585, 0.067967325449, 0.0522162988782, 0.0438983216882, 0.0320427715778, 0.0263379979879, 0.032438505441, 0.0303513798863, 0.0257869288325, 0.0259167179465, 0.0518551617861, 0.1552606076, 0.0952734574676, 0.0750492662191, 0.0580620318651, 0.031776484102, 0.0287564694881, 0.0442645810544, 0.0609759911895, 0.0815119892359, 0.0678225234151, 0.0567799210548, 0.067300029099], "median": [0.0620843879879, 0.0445704460144, 0.0330064110458, 0.027137003839, 0.0251112896949, 0.0293352026492, 0.0488978736103, 0.061487019062, 0.059626635164, 0.0606341175735, 0.0580352246761, 0.0542829595506, 0.0659980326891, 0.079475402832, 0.0793492048979, 0.0780149549246, 0.0715214237571, 0.0527803339064, 0.0470995604992, 0.0570332407951, 0.0612815767527, 0.0528638772666, 0.0505257323384, 0.235345959663, 0.415120184422, 0.345132052898, 0.103032529354, 0.0662477165461, 0.0421738699079, 0.0334214270115, 0.0394211523235, 0.0672996416688, 0.0888451039791, 0.0874539911747, 0.0773913562298, 0.0671378448606], "max": [1, 1, 1, 1, 1, 1, 1, 1, 1, 1, 1, 1, 1, 1, 1, 1, 1, 1, 1, 1, 1, 1, 1, 1, 1, 1, 1, 1, 1, 1, 1, 1, 1, 1, 1, 1], "dmean": [0.15204153955, 0.1265514642, 0.110165588558, 0.0921899825335, 0.088031232357, 0.0864688381553, 0.104435935616, 0.125387206674, 0.127929866314, 0.140397936106, 0.133632719517, 0.131370872259, 0.144188284874, 0.149441227317, 0.144122034311, 0.139030560851, 0.134462580085, 0.109183564782, 0.0935282334685, 0.0955249890685, 0.0984370857477, 0.0923738032579, 0.0984575748444, 0.171724915504, 0.234427884221, 0.203237101436, 0.185403615236, 0.14842826128, 0.111529499292, 0.101964794099, 0.126415893435, 0.146486833692, 0.161593228579, 0.176085099578, 0.17423170805, 0.168447062373], "dmean2": [0.269497066736, 0.227451086044, 0.201542511582, 0.168398618698, 0.162251293659, 0.155379682779, 0.183073222637, 0.218075439334, 0.2254447788, 0.24854823947, 0.235213801265, 0.233056798577, 0.256885111332, 0.260809779167, 0.247058168054, 0.240478694439, 0.235529467463, 0.192714378238, 0.166376397014, 0.165138617158, 0.168306708336, 0.16058459878, 0.17395465076, 0.300616830587, 0.419150829315, 0.354713976383, 0.320627331734, 0.260664910078, 0.198198094964, 0.183308064938, 0.228464543819, 0.257683515549, 0.281323343515, 0.311504751444, 0.311840951443, 0.295485556126], "mean": [0.158192873001, 0.121895447373, 0.0986851453781, 0.0830994173884, 0.0777440220118, 0.0825106799603, 0.117310136557, 0.147514566779, 0.139354243875, 0.143020957708, 0.148928493261, 0.134264051914, 0.146505817771, 0.186876103282, 0.191841632128, 0.172234505415, 0.155440568924, 0.12121783942, 0.104884281754, 0.122432358563, 0.125508919358, 0.110430203378, 0.106700107455, 0.284757494926, 0.494403988123, 0.386699587107, 0.226687595248, 0.169941678643, 0.113347418606, 0.0963571220636, 0.123623609543, 0.176079452038, 0.218644142151, 0.202286362648, 0.178709805012, 0.184895306826], "dvar2": [0.142027914524, 0.122496649623, 0.123289756477, 0.0926969572902, 0.0999871864915, 0.0828127935529, 0.0854877233505, 0.0999663248658, 0.104923903942, 0.112216554582, 0.0978474318981, 0.107305347919, 0.118659615517, 0.118475802243, 0.112476631999, 0.108540512621, 0.109820730984, 0.088875874877, 0.0768173784018, 0.0650713443756, 0.0588386580348, 0.0582109130919, 0.0714742764831, 0.0996553525329, 0.205829307437, 0.115186177194, 0.130918592215, 0.110881611705, 0.0884030237794, 0.0912555977702, 0.122850477695, 0.125577673316, 0.139535829425, 0.151698812842, 0.153781220317, 0.147229462862], "min": [0, 0, 0, 0, 0, 0, 0, 0, 0, 0, 0, 0, 0, 0, 0, 0, 0, 0, 0, 0, 0, 0, 0, 0, 0, 0, 0, 0, 0, 0, 0, 0, 0, 0, 0, 0]}, "key_key": "F", "thpcp": [1, 0.782153069973, 0.458506822586, 0.343730390072, 0.229260727763, 0.194895520806, 0.250045746565, 0.356144875288, 0.442237824202, 0.40915197134, 0.361465126276, 0.373976171017, 0.319966822863, 0.246550291777, 0.199604272842, 0.168079987168, 0.157247960567, 0.166889190674, 0.237275868654, 0.298368483782, 0.281863093376, 0.289279550314, 0.30122834444, 0.271567493677, 0.296328157187, 0.377982586622, 0.388026058674, 0.348367959261, 0.314399898052, 0.245179742575, 0.21214286983, 0.247636273503, 0.253859043121, 0.223360255361, 0.215815633535, 0.575961172581], "chords_key": "C#", "tuning_equal_tempered_deviation": 0.262796849012, "tuning_frequency": 434.193115234, "tuning_diatonic_strength": 0.285034567118, "chords_histogram": [4.8127374649, 2.80441474915, 4.3061337471, 0.379952967167, 1.51981186867, 7.03817605972, 17.8396968842, 4.61371469498, 0, 1.50171887875, 2.89487957954, 11.2538452148, 0.741812944412, 0.253301978111, 0, 0.777998924255, 6.38682842255, 2.26162481308, 1.10367286205, 0.814184904099, 0, 0, 2.51492667198, 26.1805686951], "key_strength": 0.53366881609, "key_scale": "minor", "chords_strength": {"dvar": 0.0004263977753, "var": 0.0134307537228, "median": 0.458296149969, "max": 0.784716069698, "dmean": 0.0107422964647, "dmean2": 0.0133801335469, "mean": 0.458638489246, "dvar2": 0.000781265611295, "min": -1}, "chords_number_rate": 0.00271394965239, "tuning_nontempered_energy_ratio": 0.842391908169, "hpcp_entropy": {"dvar": 0.270354628563, "var": 0.53354126215, "median": 2.75575852394, "max": 4.43176031113, "dmean": 0.64754319191, "dmean2": 1.09868347645, "mean": 2.68922758102, "dvar2": 0.749552965164, "min": 0}, "chords_changes_rate": 0.0767143145204, "chords_scale": "major"}, "rhythm": {"bpm_histogram_first_peak_spread": {"dvar": 0, "var": 0, "median": 0.260489523411, "max": 0.260489523411, "dmean": 0, "dmean2": 0, "mean": 0.260489523411, "dvar2": 0, "min": 0.260489523411}, "bpm_histogram_first_peak_weight": {"dvar": 0, "var": 0, "median": 0.691176474094, "max": 0.691176474094, "dmean": 0, "dmean2": 0, "mean": 0.691176474094, "dvar2": 0, "min": 0.691176474094}, "bpm_histogram_first_peak_bpm": {"dvar": 0, "var": 0, "median": 144, "max": 144, "dmean": 0, "dmean2": 0, "mean": 144, "dvar2": 0, "min": 144}, "bpm": 144.009140015, "bpm_histogram_second_peak_weight": {"dvar": 0, "var": 0, "median": 0.026143791154, "max": 0.026143791154, "dmean": 0, "dmean2": 0, "mean": 0.026143791154, "dvar2": 0, "min": 0.026143791154}, "beats_loudness": {"dvar": 0.00068045972148, "var": 0.00122717255726, "median": 0.0588100813329, "max": 0.26615151763, "dmean": 0.0253183692694, "dmean2": 0.0425664223731, "mean": 0.0645869001746, "dvar2": 0.0017082587583, "min": 2.71952438347e-09}, "beats_loudness_band_ratio": {"dvar": [0.0170654077083, 0.00686344271526, 0.00800978485495, 0.00552513403818, 0.00045363031677, 0.00524786394089], "var": [0.0421533919871, 0.00796863622963, 0.00678072450683, 0.0115416198969, 0.000951001944486, 0.0111985811964], "median": [0.495238423347, 0.0787556096911, 0.0461724251509, 0.127006158233, 0.040314629674, 0.160095080733], "max": [0.969719529152, 0.654529809952, 0.691482245922, 0.760450899601, 0.170601889491, 0.804599821568], "dmean": [0.163831040263, 0.0752596929669, 0.0599205866456, 0.072014130652, 0.0234301798046, 0.0793348252773], "dmean2": [0.273964703083, 0.130807101727, 0.109585888684, 0.126005128026, 0.0415225252509, 0.130333259702], "mean": [0.502718985081, 0.100969657302, 0.0680227279663, 0.139765411615, 0.0447280816734, 0.174251660705], "dvar2": [0.0498123280704, 0.0192360226065, 0.0227480959147, 0.0164294615388, 0.00137817743234, 0.0152416434139], "min": [0.048707742244, 0.00131586298812, 0.0011266261572, 0.00112276722211, 0.000495844113175, 0.00136026996188]}, "bpm_histogram_second_peak_bpm": {"dvar": 0, "var": 0, "median": 136, "max": 136, "dmean": 0, "dmean2": 0, "mean": 136, "dvar2": 0, "min": 136}, "onset_rate": 2.02229952812, "beats_count": 613, "beats_position": [0.441179126501, 0.893968224525, 1.34675729275, 1.8111563921, 2.26394557953, 2.71673464775, 3.15791368484, 3.59909296036, 4.04027223587, 4.48145103455, 4.91102027893, 5.34058952332, 5.7701587677, 6.18811798096, 6.60607719421, 7.02403593063, 7.45360517502, 7.87156438828, 8.28952407837, 8.6958732605, 9.11383247375, 9.52018165588, 9.93814086914, 10.3560991287, 10.774058342, 11.1920175552, 11.6099767685, 12.0279359818, 12.4342851639, 12.840634346, 13.2585935593, 13.6765527725, 14.0945119858, 14.512471199, 14.9304304123, 15.3483896255, 15.7547388077, 16.1610889435, 16.5790481567, 16.99700737, 17.4149665833, 17.8329238892, 18.2508831024, 18.6688423157, 19.0868015289, 19.5047607422, 19.9227199554, 20.3406791687, 20.758638382, 21.1765975952, 21.5945568085, 22.0125160217, 22.430475235, 22.8484344482, 23.2547836304, 23.6611328125, 24.0790920258, 24.497051239, 24.9150104523, 25.3329696655, 25.7509288788, 26.168888092, 26.5984573364, 27.0048065186, 27.4227657318, 27.8407249451, 28.2586841583, 28.6766433716, 29.0946025848, 29.5125617981, 29.9305210114, 30.3484802246, 30.7664394379, 31.1843986511, 31.6023578644, 32.0087051392, 32.4266662598, 32.8446235657, 33.2625846863, 33.6921539307, 34.0985031128, 34.5048522949, 34.9228096008, 35.3407707214, 35.7471199036, 36.1534690857, 36.5714263916, 36.9893875122, 37.4073448181, 37.8253059387, 38.2432632446, 38.6612243652, 39.0791816711, 39.4971427917, 39.9151000977, 40.3330612183, 40.7510185242, 41.1805877686, 41.6101570129, 42.0281181335, 42.4460754395, 42.8640365601, 43.281993866, 43.6999549866, 44.1179122925, 44.5358734131, 44.9654426575, 45.3833999634, 45.801361084, 46.2077102661, 46.625667572, 47.0436286926, 47.4615859985, 47.8679351807, 48.2858963013, 48.6922454834, 49.1102027893, 49.5281639099, 49.9461212158, 50.3640823364, 50.7820396423, 51.2000007629, 51.6179580688, 52.0359191895, 52.4538764954, 52.871837616, 53.2897949219, 53.7077522278, 54.1141014099, 54.5204544067, 54.9268035889, 55.333152771, 55.7511100769, 56.1690673828, 56.5870285034, 57.0049858093, 57.4229469299, 57.8409042358, 58.2588653564, 58.6768226624, 59.094783783, 59.5127410889, 59.9307022095, 60.3486595154, 60.766620636, 61.1845779419, 61.6025390625, 62.0204963684, 62.438457489, 62.8564147949, 63.2743759155, 63.6923332214, 64.1102905273, 64.5282516479, 64.9462127686, 65.3525619507, 65.7589111328, 66.1768722534, 66.5832214355, 67.0127868652, 67.4307479858, 67.8487091064, 68.2666625977, 68.6846237183, 69.1025848389, 69.5205459595, 69.9268951416, 70.3448486328, 70.7511978149, 71.1691589355, 71.5871200562, 72.0050811768, 72.423034668, 72.8409957886, 73.2589569092, 73.6769180298, 74.094871521, 74.5128326416, 74.9307937622, 75.3371429443, 75.7551040649, 76.1614532471, 76.5794067383, 76.9973678589, 77.4153289795, 77.8332901001, 78.2512435913, 78.6692047119, 79.075553894, 79.4819030762, 79.8998641968, 80.3178253174, 80.7357788086, 81.1537399292, 81.5717010498, 81.9896621704, 82.4076156616, 82.8255767822, 83.2435379028, 83.661491394, 84.0794525146, 84.4974136353, 84.9153747559, 85.3333282471, 85.7512893677, 86.1692504883, 86.5755996704, 86.9819488525, 87.3999099731, 87.8178634644, 88.235824585, 88.6537857056, 89.0717468262, 89.4897003174, 89.907661438, 90.3256225586, 90.7435836792, 91.1615371704, 91.579498291, 91.9974594116, 92.4038085938, 92.8101577759, 93.2281188965, 93.6460723877, 94.0640335083, 94.4936065674, 94.9231719971, 95.3411331177, 95.7706985474, 96.2002716064, 96.6182327271, 97.0361862183, 97.4541473389, 97.8721084595, 98.2900695801, 98.7080230713, 99.1259841919, 99.5439453125, 99.9619064331, 100.379859924, 100.797821045, 101.204170227, 101.622131348, 102.02848053, 102.44644165, 102.864395142, 103.282356262, 103.700317383, 104.118278503, 104.536231995, 104.954193115, 105.372154236, 105.790107727, 106.196456909, 106.61441803, 107.03237915, 107.450340271, 107.856689453, 108.263038635, 108.669387817, 109.087341309, 109.505302429, 109.92326355, 110.34122467, 110.759178162, 111.177139282, 111.595100403, 112.013061523, 112.431015015, 112.848976135, 113.266937256, 113.684898376, 114.091247559, 114.50920105, 114.92716217, 115.333511353, 115.751472473, 116.169433594, 116.587387085, 117.005348206, 117.423309326, 117.841270447, 118.259223938, 118.677185059, 119.095146179, 119.5131073, 119.931060791, 120.349021912, 120.766983032, 121.184944153, 121.614509583, 122.032470703, 122.450431824, 122.856781006, 123.274734497, 123.692695618, 124.110656738, 124.51700592, 124.934967041, 125.352920532, 125.770881653, 126.188842773, 126.595191956, 127.013153076, 127.419502258, 127.83745575, 128.25541687, 128.661773682, 129.079727173, 129.497680664, 129.915649414, 130.321990967, 130.728347778, 131.157913208, 131.575866699, 131.993835449, 132.41178894, 132.818145752, 133.236099243, 133.654052734, 134.072021484, 134.489974976, 134.907928467, 135.325897217, 135.743850708, 136.15020752, 136.568161011, 136.986114502, 137.392471313, 137.810424805, 138.228393555, 138.646347046, 139.052688599, 139.45904541, 139.876998901, 140.294967651, 140.712921143, 141.142486572, 141.560455322, 141.966796875, 142.384765625, 142.802719116, 143.220672607, 143.638641357, 144.056594849, 144.47454834, 144.89251709, 145.310470581, 145.728439331, 146.146392822, 146.564346313, 146.982315063, 147.400268555, 147.818222046, 148.236190796, 148.654144287, 149.072113037, 149.490066528, 149.90802002, 150.32598877, 150.743942261, 151.161895752, 151.579864502, 151.997817993, 152.415786743, 152.833740234, 153.251693726, 153.658050537, 154.06439209, 154.48236084, 154.900314331, 155.318267822, 155.736236572, 156.154190063, 156.572158813, 156.990112305, 157.408065796, 157.826034546, 158.243988037, 158.661941528, 159.079910278, 159.49786377, 159.915817261, 160.333786011, 160.751739502, 161.169708252, 161.576049805, 161.994003296, 162.400360107, 162.818313599, 163.236282349, 163.65423584, 164.060592651, 164.490158081, 164.908111572, 165.326080322, 165.744033813, 166.161987305, 166.579956055, 166.997909546, 167.415863037, 167.822219849, 168.24017334, 168.65814209, 169.076095581, 169.494049072, 169.912017822, 170.329971313, 170.759536743, 171.20072937, 171.641906738, 172.071472168, 172.501037598, 172.942214966, 173.383392334, 173.824569702, 174.254150391, 174.695327759, 175.124893188, 175.554458618, 175.984039307, 176.413604736, 176.843170166, 177.272735596, 177.702316284, 178.131881714, 178.573059082, 179.01423645, 179.44380188, 179.884979248, 180.326171875, 180.767349243, 181.208526611, 181.626480103, 182.044433594, 182.474014282, 182.903579712, 183.321533203, 183.739501953, 184.157455444, 184.563812256, 184.970153809, 185.3881073, 185.794464111, 186.212417603, 186.630386353, 187.048339844, 187.454696655, 187.872650146, 188.290603638, 188.708572388, 189.126525879, 189.54447937, 189.96244812, 190.380401611, 190.798370361, 191.216323853, 191.634277344, 192.040634155, 192.446975708, 192.864944458, 193.282897949, 193.70085144, 194.11882019, 194.536773682, 194.954742432, 195.372695923, 195.790649414, 196.208618164, 196.626571655, 197.044525146, 197.462493896, 197.868835449, 198.275192261, 198.693145752, 199.111114502, 199.529067993, 199.947021484, 200.364990234, 200.782943726, 201.200897217, 201.607254028, 202.013595581, 202.419952393, 202.826293945, 203.244262695, 203.662216187, 204.080184937, 204.498138428, 204.916091919, 205.334060669, 205.75201416, 206.169967651, 206.587936401, 207.005889893, 207.423858643, 207.841812134, 208.259765625, 208.677734375, 209.095687866, 209.513641357, 209.943222046, 210.372787476, 210.790740967, 211.208709717, 211.626663208, 212.033004761, 212.439361572, 212.845703125, 213.252059937, 213.670013428, 214.087982178, 214.505935669, 214.92388916, 215.34185791, 215.748199463, 216.154556274, 216.572509766, 216.990478516, 217.408432007, 217.826385498, 218.244354248, 218.650695801, 219.057052612, 219.475006104, 219.892959595, 220.299316406, 220.728881836, 221.146850586, 221.564804077, 221.982757568, 222.38911438, 222.795455933, 223.201812744, 223.608154297, 224.014511108, 224.420852661, 224.838821411, 225.245162964, 225.651519775, 226.057861328, 226.46421814, 226.882171631, 227.288528442, 227.671646118, 228.066390991, 228.472732544, 228.867477417, 229.273834229, 229.680175781, 230.086532593, 230.492874146, 230.887619019, 231.293960571, 231.688705444, 232.083435059, 232.478179932, 232.872924805, 233.267654419, 233.685623169, 234.091964722, 234.498321533, 234.893051147, 235.287796021, 235.682540894, 236.065658569, 236.518447876, 236.982849121, 237.447250366, 237.92326355, 238.399276733, 238.875274658, 239.293243408, 239.711196899, 240.117553711, 240.535507202, 240.953460693, 241.371429443, 241.777770996, 242.195739746, 242.613693237, 243.031646729, 243.449615479, 243.86756897, 244.273925781, 244.691879272, 245.109832764, 245.527801514, 245.945755005, 246.363708496, 246.781677246, 247.199630737, 247.617584229, 248.035552979, 248.45350647, 248.87147522, 249.289428711, 249.707382202, 250.125350952, 250.543304443, 250.949661255, 251.367614746, 251.785568237, 252.203536987, 252.621490479, 253.051055908, 253.480636597, 253.910202026, 254.339767456, 254.769332886, 255.198913574, 255.628479004, 256.058044434], "danceability": 0.9525796175, "bpm_histogram_second_peak_spread": {"dvar": 0, "var": 0, "median": 0.238095268607, "max": 0.238095268607, "dmean": 0, "dmean2": 0, "mean": 0.238095268607, "dvar2": 0, "min": 0.238095268607}}, "lowlevel": {"spectral_flux": {"dvar": 0.000843311834615, "var": 0.00286567094736, "median": 0.118398703635, "max": 0.46227055788, "dmean": 0.0254975222051, "dmean2": 0.0410109125078, "mean": 0.120535567403, "dvar2": 0.00192010821775, "min": 1.00715963347e-10}, "spectral_rolloff": {"dvar": 53859936, "var": 94722168, "median": 17915.625, "max": 22050, "dmean": 4247.27441406, "dmean2": 8167.14990234, "mean": 11516.0341797, "dvar2": 128802432, "min": 43.06640625}, "barkbands_flatness_db": {"dvar": 0.000504756928422, "var": 0.00359224993736, "median": 0.13190703094, "max": 0.453783363104, "dmean": 0.0235629882663, "dmean2": 0.0362820960581, "mean": 0.148218855262, "dvar2": 0.00112608610652, "min": 0.0428373813629}, "spectral_centroid": {"dvar": 42752.859375, "var": 280918.71875, "median": 1033.54418945, "max": 10546.8681641, "dmean": 172.341812134, "dmean2": 256.471282959, "mean": 1063.37915039, "dvar2": 74227.765625, "min": 114.459510803}, "melbands_skewness": {"dvar": 0.738278388977, "var": 5.35394477844, "median": 2.19291234016, "max": 19.7329063416, "dmean": 0.785716474056, "dmean2": 1.24526751041, "mean": 2.89475607872, "dvar2": 1.6467012167, "min": -1.22632944584}, "melbands": {"dvar": [2.34449053096e-05, 7.4968033914e-06, 1.20341678667e-06, 8.27000292247e-07, 3.40770156981e-07, 1.0735483329e-06, 2.13367798096e-07, 1.99282638391e-07, 3.55162512733e-07, 2.05434304235e-07, 8.9125464342e-08, 4.47668675463e-08, 3.71727111315e-08, 4.78527866221e-08, 4.31979536586e-08, 1.50548267186e-08, 6.55389520432e-09, 3.44955441989e-09, 7.96387122914e-10, 3.83307163787e-10, 2.21265686329e-10, 9.15332601381e-11, 8.02233834918e-11, 6.92147519854e-11, 6.29059929147e-11, 6.50429987648e-11, 8.58197471421e-11, 9.78127856488e-11, 5.04177810612e-11, 1.97429590038e-11, 8.56390999782e-12, 5.03766646454e-12, 3.46584544918e-12, 1.02355916711e-12, 3.47499129081e-13, 8.25973743069e-14, 1.20475808488e-14, 3.33808505909e-15, 2.40590179547e-15, 1.87955806314e-15], "var": [3.44605359714e-05, 1.36745202326e-05, 1.95253846869e-06, 1.26692805225e-06, 4.2526343691e-07, 1.5124279571e-06, 3.91713541603e-07, 4.26748840709e-07, 3.11409280584e-07, 1.92640214891e-07, 1.28833434587e-07, 6.04145427019e-08, 6.93526374107e-08, 9.6069022959e-08, 9.08657966647e-08, 2.73675269113e-08, 1.3607421856e-08, 7.60019158719e-09, 1.84481863119e-09, 7.92828636076e-10, 3.93321764047e-10, 1.87618851011e-10, 1.52240331452e-10, 1.24438112592e-10, 9.83802275756e-11, 1.11785428136e-10, 1.69131472716e-10, 2.18235485239e-10, 1.05238096015e-10, 4.52820697605e-11, 2.00852251497e-11, 1.41606492157e-11, 8.23109202325e-12, 2.63062228251e-12, 7.12302937987e-13, 1.80222495456e-13, 2.24634255695e-14, 3.87884550393e-15, 2.43110187268e-15, 1.90568352385e-15], "median": [0.0038299553562, 0.00211902195588, 0.00093853182625, 0.000473866472021, 0.000172899060999, 0.000158542694408, 0.000113946458441, 9.44411222008e-05, 5.62600325793e-05, 4.76327259094e-05, 5.34940772923e-05, 7.2234099207e-05, 0.00010404126806, 0.000215415711864, 0.000207874181797, 0.000104118284071, 9.66140360106e-05, 7.15501082595e-05, 3.4140815842e-05, 2.15438249143e-05, 1.56326714205e-05, 1.18559619295e-05, 8.26931227493e-06, 4.87944134875e-06, 2.37818676396e-06, 2.2889171305e-06, 2.09515246752e-06, 2.01879038286e-06, 1.72193801973e-06, 1.63743050052e-06, 1.16806324968e-06, 9.04872024421e-07, 5.98020335474e-07, 3.29578483615e-07, 1.83775796359e-07, 1.00886353493e-07, 4.14525089809e-08, 1.73044405472e-08, 1.23056960177e-08, 1.0945251816e-08], "max": [0.0815798863769, 0.0352453887463, 0.0233095809817, 0.0223412197083, 0.0145678054541, 0.0319446437061, 0.0116961728781, 0.0131104849279, 0.0198348015547, 0.0219182185829, 0.00776371406391, 0.00765834841877, 0.00604940485209, 0.00573464622721, 0.0041913962923, 0.00499728973955, 0.00119654380251, 0.00110071897507, 0.000464651326183, 0.000243486327236, 0.000207943972782, 0.000124034646433, 0.000260251516011, 0.000389577791793, 0.00030532447272, 0.000316971418215, 0.000354464602424, 0.000393268564949, 0.000436594709754, 0.000223054681555, 0.000125597201986, 0.000110412081995, 6.49233988952e-05, 3.08407106786e-05, 2.19922712859e-05, 1.39552548717e-05, 4.43253657068e-06, 1.08278527478e-06, 9.61136038313e-07, 8.57005090893e-07], "dmean": [0.00306321843527, 0.00194536079653, 0.000800425361376, 0.000554025929887, 0.00024928280618, 0.000285618676571, 0.000171219668118, 0.000171706327819, 0.000121374352602, 9.09235386644e-05, 9.82787969406e-05, 8.76901758602e-05, 9.33758783503e-05, 0.000161080402904, 0.000150047620991, 7.42752163205e-05, 6.12128351349e-05, 4.48422360932e-05, 2.09262270801e-05, 1.42847284224e-05, 1.02179110399e-05, 7.06019500285e-06, 5.41105418961e-06, 4.14187115894e-06, 3.03448450722e-06, 2.74849344351e-06, 2.91841479338e-06, 2.80680501419e-06, 2.03206741389e-06, 1.75664376911e-06, 1.20626327771e-06, 1.02742546915e-06, 8.01630847036e-07, 4.35294026602e-07, 2.37327057562e-07, 1.15796702005e-07, 5.56033583621e-08, 3.50162387974e-08, 2.89424111344e-08, 2.56232155493e-08], "dmean2": [0.00511536048725, 0.00321888411418, 0.00134559196886, 0.000926794251427, 0.000407695799368, 0.000453489687061, 0.000274341524346, 0.000280366803054, 0.000200595022761, 0.00014813146845, 0.00016007341037, 0.00014644980547, 0.000154856825247, 0.000272725592367, 0.000251413497608, 0.000123547564726, 0.000103602869785, 7.57354137022e-05, 3.54180847353e-05, 2.4353939807e-05, 1.7324806322e-05, 1.19051328511e-05, 9.02929969016e-06, 6.7431565185e-06, 4.91346554554e-06, 4.39876293967e-06, 4.59562807009e-06, 4.27672102887e-06, 3.11110511575e-06, 2.62243702309e-06, 1.78266009243e-06, 1.47100547565e-06, 1.19429182632e-06, 6.3195363964e-07, 3.53321979674e-07, 1.73618275312e-07, 8.87213076339e-08, 5.85155710553e-08, 4.88297793311e-08, 4.31942268619e-08], "mean": [0.00555370701477, 0.00337498006411, 0.0013626050204, 0.000833518861327, 0.0003501593892, 0.000421881268267, 0.000279911619145, 0.00026742531918, 0.000156433088705, 0.000121930730529, 0.000138093600981, 0.000135991023853, 0.000160780822625, 0.000289974617772, 0.000281553482637, 0.000142328164657, 0.000118465541163, 8.95723642316e-05, 4.37805756519e-05, 2.79825198959e-05, 1.98944926524e-05, 1.45320254887e-05, 1.08918238766e-05, 7.43199689168e-06, 4.94099776915e-06, 4.78618312627e-06, 5.04724448547e-06, 5.10062636749e-06, 3.88565240428e-06, 3.43071792486e-06, 2.41039606408e-06, 1.99788610189e-06, 1.44299792737e-06, 7.92815683326e-07, 4.19834947252e-07, 2.05194851333e-07, 8.03662558724e-08, 3.73719721836e-08, 2.89600183834e-08, 2.57280383664e-08], "dvar2": [6.28306443105e-05, 2.00601571123e-05, 3.21908601109e-06, 2.10277107726e-06, 8.28164104405e-07, 2.36048185798e-06, 5.12217184223e-07, 4.85820123686e-07, 9.17826298519e-07, 5.16795523708e-07, 2.21589985472e-07, 1.17409662437e-07, 9.51381480263e-08, 1.33259447921e-07, 1.14966226761e-07, 3.88953829145e-08, 1.78933401429e-08, 9.38855659882e-09, 2.18556350795e-09, 1.05363751057e-09, 6.03390504228e-10, 2.49613107961e-10, 2.08290815151e-10, 1.57855742366e-10, 1.4955731098e-10, 1.41713848989e-10, 1.88093207676e-10, 2.2415033718e-10, 1.12620780757e-10, 4.1558739089e-11, 1.7647022732e-11, 9.55201282654e-12, 7.47336394158e-12, 1.99855388315e-12, 7.34949536126e-13, 1.63879069278e-13, 2.73345646655e-14, 8.31291263446e-15, 6.12127121113e-15, 4.77702187703e-15], "min": [1.61810028696e-23, 1.48086925503e-23, 1.77256398537e-23, 2.13180098642e-23, 1.09040866604e-23, 7.21929449515e-24, 1.37493769946e-23, 1.31557268201e-23, 6.92514167423e-24, 6.98842409604e-24, 9.35150190271e-24, 1.31969448024e-23, 7.53780891855e-24, 7.05144619376e-24, 7.16317887466e-24, 6.10906546221e-24, 8.43973725731e-24, 4.55701870765e-24, 5.4361611936e-24, 7.0948587871e-24, 7.47572398758e-24, 7.83004796291e-24, 6.77747322366e-24, 5.068241595e-24, 5.18255424548e-24, 1.09491377178e-23, 1.72636276874e-23, 8.95487447247e-24, 9.4897426766e-24, 9.67251938175e-24, 9.22402986903e-24, 1.22173641516e-23, 1.06145399983e-23, 1.31073025935e-23, 1.35994192697e-23, 1.40561728893e-23, 1.09412183432e-23, 8.1974441523e-24, 1.13817829593e-23, 8.99406902655e-24]}, "spectral_decrease": {"dvar": 3.40039226006e-17, "var": 6.67414052135e-17, "median": -8.41009129005e-09, "max": 4.16903578326e-09, "dmean": 4.32431290776e-09, "dmean2": 6.97460267318e-09, "mean": -1.022597651e-08, "dvar2": 8.40438861934e-17, "min": -8.99747973904e-08}, "barkbands_kurtosis": {"dvar": 220.142501831, "var": 754.32800293, "median": 3.28109169006, "max": 366.496276855, "dmean": 5.87531900406, "dmean2": 8.71492290497, "mean": 12.2159061432, "dvar2": 437.764984131, "min": -1.92584955692}, "silence_rate_30dB": {"dvar": 0.0484272763133, "var": 0.0576574839652, "median": 1, "max": 1, "dmean": 0.0510314889252, "dmean2": 0.10207220912, "mean": 0.938568711281, "dvar2": 0.111018240452, "min": 0}, "gfcc": {"mean": [7.05909538269, 102.031959534, -90.1186065674, -4.49085283279, 0.355607479811, -2.67681360245, 8.56114768982, -29.013792038, -0.395372629166, -5.08242082596, -3.47626876831, 0.500171303749, -8.49708366394], "cov": [[12667.6279297, 328.551025391, -1155.5579834, 201.419067383, 62.6986122131, -906.322937012, 622.438110352, -679.447387695, 194.475616455, 4.77726602554, -43.6929244995, 18.2434864044, -355.291809082], [328.551025391, 980.680786133, 5.45581960678, -323.038574219, 158.280456543, 67.7601928711, -133.280151367, -23.4303951263, 41.3688278198, -56.4902610779, 52.715587616, -70.4375991821, 62.2171096802], [-1155.5579834, 5.45581960678, 535.67388916, 179.12399292, -39.3910064697, 213.217651367, -55.1145172119, 176.386077881, -58.5699729919, 2.98238110542, -9.39514350891, -9.25341033936, 62.0780105591], [201.419067383, -323.038574219, 179.12399292, 395.119598389, -50.9514732361, -32.3694458008, 163.79107666, 3.70143580437, -20.4763641357, 9.21384239197, -43.4924697876, 43.564491272, -46.6503372192], [62.6986122131, 158.280456543, -39.3910064697, -50.9514732361, 211.423858643, 41.152961731, 19.9781322479, -32.0755157471, 21.194694519, -40.4738731384, 25.317029953, -8.22072792053, 20.0891494751], [-906.322937012, 67.7601928711, 213.217651367, -32.3694458008, 41.152961731, 253.630569458, -95.2095031738, 125.463523865, -56.5789031982, -1.81181037426, 5.70531511307, -33.6993598938, 51.0069580078], [622.438110352, -133.280151367, -55.1145172119, 163.79107666, 19.9781322479, -95.2095031738, 259.094696045, -76.175743103, 54.9324798584, -8.46211910248, -28.8124809265, 38.4114379883, -69.1213607788], [-679.447387695, -23.4303951263, 176.386077881, 3.70143580437, -32.0755157471, 125.463523865, -76.175743103, 191.644241333, -14.3591928482, 21.5644989014, 13.4377326965, -29.5945625305, 48.0242156982], [194.475616455, 41.3688278198, -58.5699729919, -20.4763641357, 21.194694519, -56.5789031982, 54.9324798584, -14.3591928482, 96.2444076538, 23.8806152344, 17.9703388214, 18.2299175262, -21.7555465698], [4.77726602554, -56.4902610779, 2.98238110542, 9.21384239197, -40.4738731384, -1.81181037426, -8.46211910248, 21.5644989014, 23.8806152344, 68.9001235962, 28.7521572113, 8.9888792038, -1.54679882526], [-43.6929244995, 52.715587616, -9.39514350891, -43.4924697876, 25.317029953, 5.70531511307, -28.8124809265, 13.4377326965, 17.9703388214, 28.7521572113, 62.2974624634, 16.5902786255, 26.3033027649], [18.2434864044, -70.4375991821, -9.25341033936, 43.564491272, -8.22072792053, -33.6993598938, 38.4114379883, -29.5945625305, 18.2299175262, 8.9888792038, 16.5902786255, 61.6608009338, 4.93849086761], [-355.291809082, 62.2171096802, 62.0780105591, -46.6503372192, 20.0891494751, 51.0069580078, -69.1213607788, 48.0242156982, -21.7555465698, -1.54679882526, 26.3033027649, 4.93849086761, 87.2572479248]], "icov": [[0.000141421434819, -0.000184497970622, 0.000262116431259, -0.000245111295953, -2.2811062081e-05, 0.000275324244285, -0.000164149241755, 3.98209303967e-05, 0.000232332633459, -0.000270210963208, -2.72030829365e-05, 0.000196122215129, 0.000132463203045], [-0.000184497970622, 0.00241475272924, -0.00154913286678, 0.0017493943451, -0.000126905477373, -0.000407711573644, 0.00030700842035, 0.00173816620372, -0.0023126238957, 0.00257556885481, -0.00219231471419, 0.00271848612465, -0.00090547115542], [0.000262116431259, -0.00154913286678, 0.0066172410734, -0.00513541279361, 0.00205312343314, -0.00383915891871, 0.000866923073772, -0.00176839402411, -0.00113647256512, 0.0013121307129, -0.000183616430149, -8.0852121755e-05, -0.00205005914904], [-0.000245111295953, 0.0017493943451, -0.00513541279361, 0.00956481508911, -0.00251618819311, 0.00368466996588, -0.00390214007348, -0.00133389874827, 0.00512299360707, -0.00366627541371, 0.00347428955138, -0.00414290186018, 0.0029896562919], [-2.2811062081e-05, -0.000126905477373, 0.00205312343314, -0.00251618819311, 0.0109519707039, -0.00601672520861, -0.00102704321034, 0.00440463935956, -0.00679037207738, 0.0102911842987, -0.00941160134971, 0.0062393983826, -0.00407704291865], [0.000275324244285, -0.000407711573644, -0.00383915891871, 0.00368466996588, -0.00601672520861, 0.0129366349429, -0.000682251760736, -0.00551207968965, 0.00860856845975, -0.00673431996256, 0.00467130355537, -0.0027559674345, 0.00320409191772], [-0.000164149241755, 0.00030700842035, 0.000866923073772, -0.00390214007348, -0.00102704321034, -0.000682251760736, 0.00959349796176, 0.00112198106945, -0.00564623810351, 0.00248004263267, 0.00178032100666, -0.0020119198598, 0.00224046735093], [3.98209303967e-05, 0.00173816620372, -0.00176839402411, -0.00133389874827, 0.00440463935956, -0.00551207968965, 0.00112198106945, 0.014630666934, -0.00797597598284, 0.00345399184152, -0.00604669284075, 0.0105258142576, -0.00618815422058], [0.000232332633459, -0.0023126238957, -0.00113647256512, 0.00512299360707, -0.00679037207738, 0.00860856845975, -0.00564623810351, -0.00797597598284, 0.0263106003404, -0.0141458278522, 0.00502509996295, -0.0107205053791, 0.00799174141139], [-0.000270210963208, 0.00257556885481, 0.0013121307129, -0.00366627541371, 0.0102911842987, -0.00673431996256, 0.00248004263267, 0.00345399184152, -0.0141458278522, 0.0350475646555, -0.0218698997051, 0.0086511913687, -0.00100212730467], [-2.72030829365e-05, -0.00219231471419, -0.000183616430149, 0.00347428955138, -0.00941160134971, 0.00467130355537, 0.00178032100666, -0.00604669284075, 0.00502509996295, -0.0218698997051, 0.0399687886238, -0.0165320187807, -0.00263261422515], [0.000196122215129, 0.00271848612465, -8.0852121755e-05, -0.00414290186018, 0.0062393983826, -0.0027559674345, -0.0020119198598, 0.0105258142576, -0.0107205053791, 0.0086511913687, -0.0165320187807, 0.0349702611566, -0.0100248185918], [0.000132463203045, -0.00090547115542, -0.00205005914904, 0.0029896562919, -0.00407704291865, 0.00320409191772, 0.00224046735093, -0.00618815422058, 0.00799174141139, -0.00100212730467, -0.00263261422515, -0.0100248185918, 0.0232842341065]]}, "silence_rate_20dB": {"dvar": 0, "var": 0, "median": 1, "max": 1, "dmean": 0, "dmean2": 0, "mean": 1, "dvar2": 0, "min": 1}, "barkbands_skewness": {"dvar": 0.533219575882, "var": 3.70614242554, "median": 1.76660084724, "max": 14.7258758545, "dmean": 0.604309201241, "dmean2": 0.93653690815, "mean": 2.39210939407, "dvar2": 1.13504719734, "min": -2.10029530525}, "erbbands_skewness": {"dvar": 0.0854284986854, "var": 0.458143800497, "median": -0.287700176239, "max": 3.85366177559, "dmean": 0.320416510105, "dmean2": 0.48869857192, "mean": -0.257144987583, "dvar2": 0.182463109493, "min": -4.3317155838}, "spectral_contrast_valleys": {"dvar": [0.0986104607582, 0.106313437223, 0.0716738477349, 0.0711987167597, 0.140395760536, 0.292272537947], "var": [1.3710283041, 1.39206337929, 1.3352959156, 1.49497890472, 1.55529427528, 0.97964912653], "median": [-6.40027999878, -6.40867567062, -6.44375658035, -6.570707798, -7.40816020966, -11.0168495178], "max": [-4.92308616638, -4.41266012192, -4.89656543732, -5.46861028671, -5.42897796631, -8.7813873291], "dmean": [0.3648878932, 0.371165364981, 0.297664314508, 0.253367960453, 0.302926599979, 0.633051276207], "dmean2": [0.613994538784, 0.602585732937, 0.483374834061, 0.396112561226, 0.464842557907, 1.03300988674], "mean": [-6.55711984634, -6.60719871521, -6.70561361313, -6.96652841568, -7.70928430557, -11.1303892136], "dvar2": [0.250350296497, 0.247796058655, 0.15796661377, 0.136287510395, 0.298274219036, 0.749031305313], "min": [-27.3854866028, -27.1446399689, -26.7988853455, -27.282831192, -27.1272373199, -27.2809352875]}, "spectral_strongpeak": {"dvar": 184.263198853, "var": 241.236984253, "median": 0.219287663698, "max": 231.405517578, "dmean": 2.81281518936, "dmean2": 5.16175699234, "mean": 3.25894904137, "dvar2": 459.450805664, "min": 0}, "erbbands_crest": {"dvar": 4.87171554565, "var": 10.159573555, "median": 8.16815090179, "max": 26.9578533173, "dmean": 2.49815797806, "dmean2": 4.17914772034, "mean": 8.75873470306, "dvar2": 12.8788776398, "min": 2.55190372467}, "barkbands_crest": {"dvar": 4.52743291855, "var": 19.6269989014, "median": 9.36985397339, "max": 25.6968460083, "dmean": 2.4192905426, "dmean2": 3.96470761299, "mean": 10.1334342957, "dvar2": 11.8670215607, "min": 2.33694386482}, "spectral_energyband_middle_low": {"dvar": 7.95117884991e-05, "var": 0.000159239352797, "median": 0.00778116192669, "max": 0.201075494289, "dmean": 0.00511538144201, "dmean2": 0.00823890883476, "mean": 0.0113224219531, "dvar2": 0.000188018573681, "min": 3.46377590103e-22}, "spectral_contrast_coeffs": {"dvar": [0.00172943226062, 0.00141527678352, 0.000922471750528, 0.000507420685608, 0.000469457998406, 0.00165183015633], "var": [0.00466935103759, 0.00459707388654, 0.00214767153375, 0.00153649575077, 0.00144295382779, 0.00881746411324], "median": [-0.694352865219, -0.782800316811, -0.798442482948, -0.799016356468, -0.818808853626, -0.711948275566], "max": [-0.375498771667, -0.450292795897, -0.553214430809, -0.600017905235, -0.642374932766, -0.410694092512], "dmean": [0.0524625480175, 0.0475255846977, 0.0386785082519, 0.0287984814495, 0.0229608081281, 0.0460964664817], "dmean2": [0.0878620818257, 0.079292960465, 0.065151900053, 0.0487859509885, 0.0377054214478, 0.0713056102395], "mean": [-0.692150473595, -0.775084555149, -0.796351969242, -0.799229681492, -0.821117758751, -0.717743098736], "dvar2": [0.00493331812322, 0.00387261738069, 0.00256913900375, 0.00142650643829, 0.00121092400514, 0.0038742988836], "min": [-0.956803202629, -0.967288672924, -0.969104707241, -0.956775188446, -0.966132044792, -0.957759022713]}, "hfc": {"dvar": 1878.34130859, "var": 14859.5234375, "median": 196.455383301, "max": 996.168579102, "dmean": 38.8951835632, "dmean2": 59.4441986084, "mean": 201.034637451, "dvar2": 3891.2746582, "min": 1.10300359076e-16}, "spectral_energyband_high": {"dvar": 2.0354363528e-07, "var": 9.06534864953e-07, "median": 0.000663162500132, "max": 0.0182466208935, "dmean": 0.000249793432886, "dmean2": 0.000333678093739, "mean": 0.000869091891218, "dvar2": 3.5020030964e-07, "min": 7.68954852248e-21}, "erbbands_spread": {"dvar": 37.1914787292, "var": 237.654571533, "median": 23.1875267029, "max": 124.601837158, "dmean": 5.90366697311, "dmean2": 9.11572551727, "mean": 27.4222316742, "dvar2": 80.6557617188, "min": 2.94066476822}, "dissonance": {"dvar": 0.000225797819439, "var": 0.00042546846089, "median": 0.482349038124, "max": 0.500000119209, "dmean": 0.0141305848956, "dmean2": 0.0240215603262, "mean": 0.476512312889, "dvar2": 0.000605611247011, "min": 0.272702783346}, "spectral_kurtosis": {"dvar": 60.1684875488, "var": 150.968139648, "median": 18.4822177887, "max": 133.982894897, "dmean": 5.27593708038, "dmean2": 8.23137950897, "mean": 21.021490097, "dvar2": 155.32925415, "min": -1.22379827499}, "spectral_skewness": {"dvar": 0.21834641695, "var": 0.97608178854, "median": 3.02468419075, "max": 8.37881374359, "dmean": 0.393713891506, "dmean2": 0.598186016083, "mean": 3.12786197662, "dvar2": 0.524377524853, "min": 0.0465951301157}, "pitch_salience": {"dvar": 0.00384287699126, "var": 0.0161549896002, "median": 0.56454539299, "max": 0.828290939331, "dmean": 0.0713017731905, "dmean2": 0.116183713078, "mean": 0.544318974018, "dvar2": 0.0098513988778, "min": 0.0353230535984}, "spectral_complexity": {"dvar": 12.2266607285, "var": 111.600601196, "median": 25, "max": 60, "dmean": 3.36283016205, "dmean2": 5.16441965103, "mean": 22.8191432953, "dvar2": 24.2041664124, "min": 0}, "spectral_spread": {"dvar": 253248471040, "var": 1313063043070.0, "median": 3848662.5, "max": 41327088, "dmean": 445471.96875, "dmean2": 687574.125, "mean": 3965024.5, "dvar2": 493472546816, "min": 605777.9375}, "dynamic_complexity": 2.60506772995, "melbands_crest": {"dvar": 12.2468566895, "var": 38.0630531311, "median": 16.1525230408, "max": 39.4377784729, "dmean": 3.93551564217, "dmean2": 6.6194229126, "mean": 16.7244262695, "dvar2": 33.8602485657, "min": 2.10076022148}, "zerocrossingrate": {"dvar": 0.000984216341749, "var": 0.0110102593899, "median": 0.2548828125, "max": 0.80615234375, "dmean": 0.0333232954144, "dmean2": 0.0413508079946, "mean": 0.255098700523, "dvar2": 0.00141324044671, "min": 0.0048828125}, "spectral_energyband_low": {"dvar": 0.000341456761817, "var": 0.000603199470788, "median": 0.0204925108701, "max": 0.294339239597, "dmean": 0.0127789601684, "dmean2": 0.0212365034968, "mean": 0.02703361772, "dvar2": 0.000889053044375, "min": 1.16157660457e-22}, "melbands_kurtosis": {"dvar": 433.750030518, "var": 1558.67053223, "median": 4.69154691696, "max": 473.1300354, "dmean": 9.09442806244, "dmean2": 13.7825574875, "mean": 18.5049476624, "dvar2": 904.027648926, "min": -1.86207270622}, "spectral_energyband_middle_high": {"dvar": 1.33787807499e-05, "var": 6.24753447482e-05, "median": 0.00857867114246, "max": 0.0814437717199, "dmean": 0.00273527158424, "dmean2": 0.00436730170622, "mean": 0.00928169582039, "dvar2": 3.29541508108e-05, "min": 1.24361374634e-21}, "barkbands_spread": {"dvar": 37.994934082, "var": 295.000152588, "median": 29.571313858, "max": 138.910476685, "dmean": 6.30184984207, "dmean2": 9.8623790741, "mean": 29.5682258606, "dvar2": 89.4940261841, "min": 0.376650840044}, "mfcc": {"mean": [-657.032592773, 167.997528076, -22.3466739655, 25.1339530945, 1.82850027084, 39.114692688, 6.26615524292, 8.01294231415, -0.234589368105, 0.728555321693, 2.38161110878, 5.7058134079, 3.86468434334], "cov": [[