{"lowlevel": {"erbbands": {"mean": [0.0249527338892, 0.434201151133, 1.09596598148, 2.12279701233, 8.68558120728, 8.342918396, 9.95317745209, 8.93043708801, 11.9893245697, 18.5261726379, 20.8434658051, 17.9620609283, 15.248506546, 17.0745296478, 23.4159355164, 15.1235046387, 17.6481285095, 16.9100646973, 23.2572422028, 27.5422210693, 32.7513618469, 27.1736888885, 21.2813186646, 27.8386726379, 19.6955471039, 15.6036291122, 7.435983181, 5.43710136414, 5.03119897842, 4.02859306335, 2.97427177429, 2.65608978271, 2.26110744476, 1.36437916756, 0.644075810909, 0.173246100545, 0.02244374156, 0.00189043756109, 0.000108925836685, 2.58271047642e-05], "dvar": [0.000559062114917, 0.172189846635, 1.41632628441, 8.79332637787, 457.920532227, 84.5728759766, 145.749328613, 295.897338867, 398.640686035, 1229.93164063, 1406.32373047, 2078.42260742, 712.263366699, 550.294616699, 1093.91003418, 403.112030029, 497.75579834, 312.568267822, 501.29901123, 861.05065918, 795.374633789, 543.525024414, 394.223236084, 1459.78796387, 251.29498291, 174.977478027, 47.7336006165, 23.9647445679, 22.0070781708, 24.8157215118, 72.1153564453, 252.733108521, 487.437225342, 46.2883796692, 23.8663005829, 0.89916819334, 0.00193692999892, 1.0040912457e-05, 2.84096515202e-08, 4.00810717949e-10], "min": [7.08538406276e-22, 1.57754126858e-21, 4.99032570557e-21, 2.62696261273e-20, 1.62704177592e-19, 2.56410867996e-19, 8.16787656843e-19, 3.24404364715e-19, 5.63768565401e-19, 7.80538637847e-19, 1.50178145387e-18, 1.63070985665e-18, 2.305573638e-18, 7.19822029922e-19, 2.32471211583e-18, 3.45918184735e-18, 4.24186779437e-18, 2.97712621536e-18, 1.91017530814e-18, 2.98588564446e-18, 7.57882150529e-18, 7.97466299717e-18, 1.31847667916e-17, 6.87867970481e-18, 1.36345288789e-17, 9.13253056628e-18, 1.77181921773e-17, 2.89609167345e-17, 2.3993948619e-17, 2.60699056043e-17, 2.15517458369e-17, 1.40864391542e-17, 1.91769284962e-17, 1.57208620179e-17, 8.81161178557e-18, 5.90539500784e-18, 4.03329668445e-18, 1.7012211102e-18, 3.74546063045e-19, 4.4059077394e-20], "dmean": [0.00853989925236, 0.15433678031, 0.436631709337, 1.21354782581, 5.69321060181, 4.24756813049, 4.71472740173, 5.85605287552, 6.81042909622, 9.94062709808, 11.0241365433, 10.231426239, 7.40893697739, 6.74413633347, 9.72922515869, 6.20257472992, 6.97854852676, 7.45772695541, 9.95983886719, 11.0425662994, 12.5579519272, 9.59517192841, 8.43897342682, 12.169880867, 6.66796207428, 5.13067579269, 2.85571718216, 2.02749443054, 1.75827896595, 1.50008904934, 1.25998961926, 1.58508718014, 1.74753344059, 0.840057134628, 0.407979130745, 0.101893998682, 0.0117837637663, 0.00100685027428, 5.23031339981e-05, 7.83219365985e-06], "dmean2": [0.0126211801544, 0.234638139606, 0.688879370689, 1.92272365093, 8.5287361145, 6.4928817749, 7.13210058212, 9.17156505585, 10.0424795151, 14.523194313, 15.8627500534, 15.0184659958, 10.4575052261, 8.87125682831, 13.3543834686, 8.54308319092, 9.90931224823, 11.2623357773, 14.9379835129, 16.8054084778, 19.1567573547, 14.96687603, 12.7521915436, 19.726348877, 10.2280197144, 7.94081497192, 4.53228282928, 3.17901206017, 2.66042685509, 2.28880810738, 1.90868639946, 2.45535898209, 2.76649975777, 1.2694401741, 0.646287560463, 0.153720647097, 0.0181091930717, 0.0015926406486, 8.17069449113e-05, 1.12614152386e-05], "dvar2": [0.00124549283646, 0.379838496447, 3.59544157982, 21.1292991638, 933.921447754, 189.98046875, 308.531829834, 766.750366211, 785.82623291, 2490.51879883, 2902.1159668, 4671.68359375, 1369.3104248, 973.5546875, 2093.61474609, 716.051452637, 910.349182129, 682.61151123, 1015.34228516, 1621.375, 1740.72167969, 1218.21777344, 830.297485352, 3901.54443359, 547.790405273, 376.973999023, 114.460411072, 51.7256202698, 43.516620636, 56.8127555847, 166.223999023, 639.788146973, 1208.98510742, 92.4598693848, 62.6324615479, 2.18314266205, 0.0043196734041, 2.23266997637e-05, 6.46460449616e-08, 8.9244339696e-10], "max": [0.699087977409, 13.9478855133, 41.5756835938, 56.6420593262, 375.019989014, 240.118255615, 410.769683838, 421.383422852, 537.635253906, 1324.28955078, 1264.44287109, 1659.08886719, 933.198059082, 962.936584473, 1040.39733887, 803.165283203, 982.31427002, 442.434417725, 623.884216309, 1209.65551758, 765.36529541, 549.467834473, 805.305541992, 1472.25488281, 394.14755249, 483.807373047, 217.561065674, 110.336791992, 136.833389282, 159.004592896, 451.56552124, 861.199890137, 904.623596191, 371.128387451, 292.353515625, 68.9289779663, 2.57832336426, 0.134809359908, 0.00729877408594, 0.000920893158764], "median": [0.0114451935515, 0.254410982132, 0.655440688133, 1.01875555515, 1.96887993813, 2.31714057922, 2.16722154617, 1.75614690781, 1.46259045601, 1.82671928406, 2.44994783401, 2.08411335945, 1.32638573647, 1.40354478359, 2.76904392242, 2.24375653267, 2.79463124275, 4.63202571869, 6.90520477295, 8.0097951889, 8.7709236145, 6.93192768097, 5.26148033142, 4.34302139282, 2.85550642014, 1.58977949619, 1.05113482475, 0.98285317421, 0.767526388168, 0.587869167328, 0.524163722992, 0.419548690319, 0.313411355019, 0.194889068604, 0.092501334846, 0.0239162184298, 0.0027128662914, 0.00019703459111, 2.29428260354e-05, 1.77177207661e-05], "var": [0.00117146561388, 0.373529732227, 2.26468420029, 13.1225891113, 800.405334473, 234.612869263, 466.896087646, 433.15234375, 982.228637695, 3321.88769531, 3656.84472656, 4145.75683594, 2389.79956055, 3169.66967773, 5456.60302734, 1861.10168457, 3025.07788086, 1092.44140625, 2072.18603516, 3822.22900391, 4097.82128906, 3013.5324707, 1750.66162109, 4320.01904297, 1497.96044922, 1399.26196289, 219.890625, 142.855789185, 143.057479858, 98.4865341187, 100.796463013, 247.523376465, 420.218200684, 60.9013175964, 19.9221057892, 0.875168442726, 0.00435950281098, 2.77022700175e-05, 7.28197022681e-08, 9.77868896967e-10]}, "gfcc": {"icov": [[0.00020181472064, -0.000476113287732, 0.000442842952907, -0.000565842667129, 0.000701859069522, -0.000674472656101, 0.000751839776058, -0.000689355249051, 0.00064961478347, -0.000507480755914, 0.000774958461989, -0.000573405995965, 0.000365094194422], [-0.000476113287732, 0.00188383564819, -0.00117541512009, 0.00174874812365, -0.00196066871285, 0.00193859648425, -0.0017487682635, 0.00195613037795, -0.00203078705817, 0.00229697255418, -0.00298872054555, 0.00226882193238, -0.00132223556284], [0.000442842952907, -0.00117541512009, 0.00167385477107, -0.00120760197751, 0.00148361001629, -0.00159851042554, 0.00200992450118, -0.00158275302965, 0.00152909033932, -0.00121133879293, 0.00184766040184, -0.00174261443317, 0.000638753117528], [-0.000565842667129, 0.00174874812365, -0.00120760197751, 0.00385056505911, -0.00394291523844, 0.00164094229694, -0.000906404631678, 0.00175810838118, -0.00126224092674, 0.00104169244878, -0.00249978317879, 0.00253708101809, -0.00145127356518], [0.000701859069522, -0.00196066871285, 0.00148361001629, -0.00394291523844, 0.00649743387476, -0.00241322210059, 0.000530618708581, -0.00128917384427, 0.000898409518413, -0.00184866169002, 0.00297523266636, -0.00124444300309, 0.000291970092803], [-0.000674472656101, 0.00193859648425, -0.00159851042554, 0.00164094229694, -0.00241322210059, 0.00786039419472, -0.00507214106619, 0.000297077203868, -0.000404051097576, 0.0011206768686, -0.00232225796208, 0.00180311372969, -0.000817994761746], [0.000751839776058, -0.0017487682635, 0.00200992450118, -0.000906404631678, 0.000530618708581, -0.00507214106619, 0.00839119870216, -0.00441118888557, 0.0028623486869, -0.000820371613372, 0.00141826900654, -0.00190151191782, 0.00100300891791], [-0.000689355249051, 0.00195613037795, -0.00158275302965, 0.00175810838118, -0.00128917384427, 0.000297077203868, -0.00441118888557, 0.0131727494299, -0.00610028812662, 0.000346637039911, -0.00117653410416, 0.000658704491798, 0.000345051055774], [0.00064961478347, -0.00203078705817, 0.00152909033932, -0.00126224092674, 0.000898409518413, -0.000404051097576, 0.0028623486869, -0.00610028812662, 0.011944340542, -0.00462517794222, 0.00100604258478, -0.000560631917324, 0.000442960736109], [-0.000507480755914, 0.00229697255418, -0.00121133879293, 0.00104169244878, -0.00184866169002, 0.0011206768686, -0.000820371613372, 0.000346637039911, -0.00462517794222, 0.0123460264876, -0.005027519539, 0.00178776250686, -0.00151059078053], [0.000774958461989, -0.00298872054555, 0.00184766040184, -0.00249978317879, 0.00297523266636, -0.00232225796208, 0.00141826900654, -0.00117653410416, 0.00100604258478, -0.005027519539, 0.0171665810049, -0.00838831532747, 0.0018639373593], [-0.000573405995965, 0.00226882193238, -0.00174261443317, 0.00253708101809, -0.00124444300309, 0.00180311372969, -0.00190151191782, 0.000658704491798, -0.000560631917324, 0.00178776250686, -0.00838831532747, 0.019437417388, -0.00776228960603], [0.000365094194422, -0.00132223556284, 0.000638753117528, -0.00145127356518, 0.000291970092803, -0.000817994761746, 0.00100300891791, 0.000345051055774, 0.000442960736109, -0.00151059078053, 0.0018639373593, -0.00776228960603, 0.0165403299034]], "mean": [-72.6486358643, 83.5885848999, -116.611869812, 43.1815414429, -48.9375228882, 13.7638511658, -48.643989563, 11.1776456833, -24.3558883667, -1.13906288147, -16.0007648468, -5.08005094528, -9.0259885788], "cov": [[27010.3867188, 505.888977051, -2563.83056641, 739.330566406, -1222.55786133, 370.766693115, -950.908203125, 257.658355713, -444.289367676, 83.9225463867, -350.935028076, -87.459236145, -281.608276367], [505.888977051, 2660.47924805, 380.463745117, -516.238830566, 18.6427555084, -345.729156494, -53.5901107788, -186.974105835, 117.768974304, -231.755065918, 166.393432617, -34.5004882813, 71.9860076904], [-2563.83056641, 380.463745117, 1595.56384277, -95.1594696045, -64.0016174316, -83.5088500977, -150.485687256, -43.1599884033, -1.36866104603, -15.8148298264, 23.3324584961, 55.7439460754, 46.1879043579], [739.330566406, -516.238830566, -95.1594696045, 979.215332031, 442.667022705, 78.7725906372, -22.6716651917, 2.37113785744, -3.17357087135, 85.5532302856, -36.7686767578, -52.6884918213, 16.7277622223], [-1222.55786133, 18.6427555084, -64.0016174316, 442.667022705, 577.83203125, 77.969329834, 156.779891968, -1.21875786781, 51.5393714905, 25.2977085114, 8.25601577759, -39.8065567017, 35.2807159424], [370.766693115, -345.729156494, -83.5088500977, 78.7725906372, 77.969329834, 346.40637207, 200.947143555, 97.5498809814, -37.8823928833, 31.6010818481, -17.4841480255, 4.78642892838, -16.0332889557], [-950.908203125, -53.5901107788, -150.485687256, -22.6716651917, 156.779891968, 200.947143555, 377.853240967, 83.8022994995, 3.33452320099, -4.44311237335, 21.0494251251, 3.50578427315, 1.81462550163], [257.658355713, -186.974105835, -43.1599884033, 2.37113785744, -1.21875786781, 97.5498809814, 83.8022994995, 154.208938599, 39.9444274902, 42.4054946899, -6.83294439316, 7.3236079216, -15.2021894455], [-444.289367676, 117.768974304, -1.36866104603, -3.17357087135, 51.5393714905, -37.8823928833, 3.33452320099, 39.9444274902, 155.474273682, 41.992149353, 28.9443874359, -3.73487639427, 9.83375644684], [83.9225463867, -231.755065918, -15.8148298264, 85.5532302856, 25.2977085114, 31.6010818481, -4.44311237335, 42.4054946899, 41.992149353, 139.452682495, 16.2988166809, 10.3184347153, 2.85641384125], [-350.935028076, 166.393432617, 23.3324584961, -36.7686767578, 8.25601577759, -17.4841480255, 21.0494251251, -6.83294439316, 28.9443874359, 16.2988166809, 107.280502319, 35.1328468323, 19.8877468109], [-87.459236145, -34.5004882813, 55.7439460754, -52.6884918213, -39.8065567017, 4.78642892838, 3.50578427315, 7.3236079216, -3.73487639427, 10.3184347153, 35.1328468323, 88.6110305786, 31.6387710571], [-281.608276367, 71.9860076904, 46.1879043579, 16.7277622223, 35.2807159424, -16.0332889557, 1.81462550163, -15.2021894455, 9.83375644684, 2.85641384125, 19.8877468109, 31.6387710571, 83.5084915161]]}, "spectral_skewness": {"mean": 1.80346536636, "dvar": 0.0976316481829, "min": -0.589495122433, "dmean": 0.269295156002, "dmean2": 0.410199642181, "dvar2": 0.202598616481, "max": 6.34691905975, "median": 1.56785917282, "var": 0.586863338947}, "spectral_energyband_low": {"mean": 0.00281449966133, "dvar": 4.67620657219e-06, "min": 2.37518666378e-23, "dmean": 0.000967891130131, "dmean2": 0.00146788090933, "dvar2": 9.89755790215e-06, "max": 0.0678620114923, "median": 0.00193471997045, "var": 1.05312956293e-05}, "spectral_energyband_middle_low": {"mean": 0.00801901519299, "dvar": 4.95236745337e-05, "min": 3.9112720801e-22, "dmean": 0.00336120766588, "dmean2": 0.00487156398594, "dvar2": 0.000103808706626, "max": 0.108268141747, "median": 0.00340922339819, "var": 0.000130820029881}, "mfcc": {"icov": [[8.24786402518e-05, 2.89802519546e-05, 8.21617795737e-05, -1.06313691504e-05, 4.35487418144e-05, 1.33374733196e-05, 7.63573916629e-05, -2.9340157198e-05, 3.76973707716e-06, -8.9565946837e-06, -1.20277782116e-05, -6.45011823508e-05, 4.4849839469e-05], [2.89802519546e-05, 0.000508889846969, -7.44294229662e-05, 0.000109350796265, -0.00030931722722, 0.000326853682054, 0.000169030536199, -0.000370490946807, 0.000139804440551, 0.000756981200539, -0.000463719945401, -0.000222324277274, 1.848419015e-05], [8.21617795737e-05, -7.44294229662e-05, 0.00106896238867, 0.000152955049998, -0.000485011230921, 0.000403350539273, -7.37619557185e-05, 0.000250078650424, -0.000199343834538, 0.000412779889302, 0.000525454932358, -0.000542003661394, 0.000235900006373], [-1.06313691504e-05, 0.000109350796265, 0.000152955049998, 0.00327355600893, -0.0025604350958, -0.000677691597957, -0.000264656177023, 0.000671766116284, 0.000421418779297, -0.000905548920855, 0.000613448268268, 0.00118985539302, -0.00159723730758], [4.35487418144e-05, -0.00030931722722, -0.000485011230921, -0.0025604350958, 0.00602536974475, -0.00244187470526, 0.00155496108346, -0.000140331918374, 8.1355092334e-06, -0.00184327771422, 0.00118360412307, -0.000145892161527, 0.000245601200731], [1.33374733196e-05, 0.000326853682054, 0.000403350539273, -0.000677691597957, -0.00244187470526, 0.00927216466516, -0.00481643574312, 0.000319137674524, -0.00113268138375, 0.000714252062608, -0.00164715538267, 0.000266490329523, 0.000331222545356], [7.63573916629e-05, 0.000169030536199, -7.37619557185e-05, -0.000264656177023, 0.00155496108346, -0.00481643574312, 0.00766540085897, -0.00321437022649, -0.00101407512557, 0.000434734014561, 0.00111151265446, -0.00237663532607, 0.000529245415237], [-2.9340157198e-05, -0.000370490946807, 0.000250078650424, 0.000671766116284, -0.000140331918374, 0.000319137674524, -0.00321437022649, 0.00891548208892, -0.0028643864207, 0.000391074543586, -0.001511141425, 0.00188265042379, -0.0010935314931], [3.76973707716e-06, 0.000139804440551, -0.000199343834538, 0.000421418779297, 8.1355092334e-06, -0.00113268138375, -0.00101407512557, -0.0028643864207, 0.0119133358821, -0.00508661335334, 3.32226591127e-05, 0.000308037939249, 0.000357422308298], [-8.9565946837e-06, 0.000756981200539, 0.000412779889302, -0.000905548920855, -0.00184327771422, 0.000714252062608, 0.000434734014561, 0.000391074543586, -0.00508661335334, 0.0142269795761, -0.00625953823328, -0.000227544966037, -5.07868135173e-05], [-1.20277782116e-05, -0.000463719945401, 0.000525454932358, 0.000613448268268, 0.00118360412307, -0.00164715538267, 0.00111151265446, -0.001511141425, 3.32226591127e-05, -0.00625953823328, 0.0166802797467, -0.00748881977051, 0.00266962987371], [-6.45011823508e-05, -0.000222324277274, -0.000542003661394, 0.00118985539302, -0.000145892161527, 0.000266490329523, -0.00237663532607, 0.00188265042379, 0.000308037939249, -0.000227544966037, -0.00748881977051, 0.0184936653823, -0.0071774115786], [4.4849839469e-05, 1.848419015e-05, 0.000235900006373, -0.00159723730758, 0.000245601200731, 0.000331222545356, 0.000529245415237, -0.0010935314931, 0.000357422308298, -5.07868135173e-05, 0.00266962987371, -0.0071774115786, 0.0128919836134]], "mean": [-704.032531738, 107.615707397, -0.465407669544, 28.701379776, 19.6432609558, 2.01730728149, -2.4891397953, 2.40497875214, -0.911461532116, 0.880674421787, -2.87609553337, -3.67919063568, -1.11944699287], "cov": [[14222.9492188, -1190.20153809, -1374.68603516, -113.765411377, -291.430847168, -39.2375907898, -98.0192871094, 25.2315349579, 44.3194656372, 138.888626099, 116.915473938, 18.8449821472, -38.3904495239], [-1190.20153809, 2742.03564453, 454.260803223, -283.770141602, -52.0854644775, -250.791702271, -191.085235596, 12.7673892975, -145.121795654, -218.146392822, -0.596653819084, 35.7921981812, -3.68296289444], [-1374.68603516, 454.260803223, 1233.6463623, -37.4918212891, 80.3200531006, -106.896133423, -90.0306396484, -74.3625946045, -60.2433853149, -97.9234924316, -76.7930603027, 4.18172502518, -4.96823549271], [-113.765411377, -283.770141602, -37.4918212891, 755.719604492, 401.657897949, 179.746139526, 35.4387283325, -42.6491088867, 26.7554168701, 98.8441696167, -40.3332672119, -33.5834579468, 67.0779266357], [-291.430847168, -52.0854644775, 80.3200531006, 401.657897949, 420.745147705, 133.15423584, 1.38058149815, -24.9242019653, 24.9094429016, 72.4233779907, -24.0580272675, -18.6510734558, 29.9673175812], [-39.2375907898, -250.791702271, -106.896133423, 179.746139526, 133.15423584, 275.802307129, 191.257217407, 66.7284240723, 80.4035415649, 65.3917770386, 29.1052284241, 12.9717340469, 12.1306905746], [-98.0192871094, -191.085235596, -90.0306396484, 35.4387283325, 1.38058149815, 191.257217407, 325.396392822, 129.700653076, 92.7635955811, 40.8753662109, 34.273727417, 34.7062988281, 9.17029380798], [25.2315349579, 12.7673892975, -74.3625946045, -42.6491088867, -24.9242019653, 66.7284240723, 129.700653076, 188.185623169, 72.7900466919, 24.5970287323, 34.8148345947, 11.3363008499, 2.54977250099], [44.3194656372, -145.121795654, -60.2433853149, 26.7554168701, 24.9094429016, 80.4035415649, 92.7635955811, 72.7900466919, 148.267486572, 74.817276001, 36.5264663696, 11.4361114502, -0.715925812721], [138.888626099, -218.146392822, -97.9234924316, 98.8441696167, 72.4233779907, 65.3917770386, 40.8753662109, 24.5970287323, 74.817276001, 146.861526489, 55.7280540466, 17.1337623596, 7.7194442749], [116.915473938, -0.596653819084, -76.7930603027, -40.3332672119, -24.0580272675, 29.1052284241, 34.273727417, 34.8148345947, 36.5264663696, 55.7280540466, 110.826904297, 45.5055809021, -1.1494204998], [18.8449821472, 35.7921981812, 4.18172502518, -33.5834579468, -18.6510734558, 12.9717340469, 34.7062988281, 11.3363008499, 11.4361114502, 17.1337623596, 45.5055809021, 92.6818771362, 37.1311531067], [-38.3904495239, -3.68296289444, -4.96823549271, 67.0779266357, 29.9673175812, 12.1306905746, 9.17029380798, 2.54977250099, -0.715925812721, 7.7194442749, -1.1494204998, 37.1311531067, 106.025596619]]}, "silence_rate_20dB": {"mean": 1, "dvar": 0, "min": 1, "dmean": 0, "dmean2": 0, "dvar2": 0, "max": 1, "median": 1, "var": 0}, "dynamic_complexity": 4.39626121521, "silence_rate_60dB": {"mean": 0.133266076446, "dvar": 0.040776707232, "min": 0, "dmean": 0.0425961203873, "dmean2": 0.085201792419, "dvar2": 0.0878108069301, "max": 1, "median": 0, "var": 0.115506634116}, "dissonance": {"mean": 0.453013628721, "dvar": 0.000629542686511, "min": 0.145004585385, "dmean": 0.0199284162372, "dmean2": 0.032554667443, "dvar2": 0.00162545172498, "max": 0.499999970198, "median": 0.469247430563, "var": 0.00214196857996}, "barkbands": {"mean": [2.76323385151e-06, 0.0016068557743, 0.000883259344846, 0.00100392312743, 0.003049723804, 0.00106823502574, 0.000881538609974, 0.00106729264371, 0.000767025921959, 0.000500534311868, 0.000549231714103, 0.000398762407713, 0.000393035326852, 0.000373579881852, 0.000466248893645, 0.000596910482273, 0.000486758013722, 0.000346905959304, 0.000521190173458, 0.000332686176989, 0.000141311204061, 0.00013046960521, 0.000112407877168, 0.000136140850373, 0.000103638660221, 2.02339724638e-05, 4.67011460614e-07], "dvar": [6.21947632284e-12, 2.42822648033e-06, 1.39048052006e-06, 3.91497496821e-06, 2.11855985981e-05, 2.5825247576e-06, 2.49541540143e-06, 4.15201748183e-06, 3.35458048539e-06, 7.89460898432e-07, 6.48966874905e-07, 4.02584419135e-07, 2.40239131699e-07, 1.63231106853e-07, 3.26454909327e-07, 4.62092430098e-07, 1.62122717029e-07, 1.34737064172e-07, 3.31968323053e-07, 7.59807363693e-08, 1.85506685568e-08, 1.46429943726e-08, 7.80041915505e-08, 1.07170967567e-06, 3.03495340859e-07, 3.23673132741e-09, 6.2118094956e-13], "min": [9.16588135399e-24, 1.31114725122e-23, 4.67427972576e-24, 1.34578566025e-23, 1.02125560448e-22, 6.0475604229e-23, 4.53072195049e-23, 6.37878860196e-23, 7.93578293434e-23, 4.1640505665e-23, 3.68098843574e-23, 8.30415068482e-23, 9.15409466766e-23, 5.17669711103e-23, 3.08102342972e-23, 1.20251684472e-22, 1.29647459616e-22, 2.16898631177e-22, 2.16939323778e-22, 1.87617654232e-22, 6.16256624546e-22, 7.69830904371e-22, 6.87498968441e-22, 9.07499930811e-22, 1.388035927e-21, 1.9285366611e-21, 2.96478959685e-21], "dmean": [1.30637715756e-06, 0.000567604845855, 0.000405927363317, 0.000665778468829, 0.00165241945069, 0.000631848874036, 0.000503781833686, 0.000592928612605, 0.00044772104593, 0.000248481024755, 0.000248966389336, 0.000191076702322, 0.00015809564502, 0.000183043084689, 0.00021626916714, 0.000261686916929, 0.000178207148565, 0.000155542860739, 0.000208565761568, 0.000111512614239, 5.67162132938e-05, 4.67899953946e-05, 4.67524405394e-05, 9.78856405709e-05, 6.26991022727e-05, 1.1032947441e-05, 2.62036849108e-07], "dmean2": [2.12188933801e-06, 0.000865750364028, 0.000658157048747, 0.00105404213537, 0.00246975314803, 0.000976051320322, 0.000741572410334, 0.000845310918521, 0.000657289463561, 0.000332606170559, 0.000348089990439, 0.000264372967649, 0.00023332569981, 0.000280647538602, 0.000327475630911, 0.000404030433856, 0.000274434016319, 0.000241824644036, 0.000333749485435, 0.000171381878317, 9.04452608665e-05, 7.09297455614e-05, 7.05355414539e-05, 0.000152110180352, 9.78532116278e-05, 1.70021266968e-05, 4.27497752753e-07], "dvar2": [1.48697078955e-11, 5.39688699064e-06, 3.74318096874e-06, 9.4139477369e-06, 4.39285613538e-05, 6.35870355836e-06, 5.23416474607e-06, 7.99608278612e-06, 7.45928673496e-06, 1.30413707211e-06, 1.27765565594e-06, 6.88374257152e-07, 4.7827745675e-07, 3.66111066796e-07, 6.27330962288e-07, 9.78642674454e-07, 3.54017203108e-07, 3.09986432967e-07, 8.59316514834e-07, 1.56550100883e-07, 4.57936408793e-08, 2.9637122978e-08, 1.79274820766e-07, 2.63607262241e-06, 7.18294586477e-07, 6.33071772782e-09, 1.49799075054e-12], "max": [5.21127331012e-05, 0.0520966947079, 0.0430064722896, 0.0359975621104, 0.0799098387361, 0.0345813073218, 0.040604621172, 0.0695542320609, 0.0586654022336, 0.0282957665622, 0.025547709316, 0.0327731631696, 0.0198674928397, 0.00786776840687, 0.0216073803604, 0.0177999697626, 0.00891995988786, 0.0117321936414, 0.0200243536383, 0.00861911475658, 0.00393512798473, 0.00339571991935, 0.0154881998897, 0.039160810411, 0.0264914501458, 0.00353141571395, 1.99512560357e-05], "median": [7.12329665475e-07, 0.000933719566092, 0.000392870802898, 0.00035464001121, 0.000826186849736, 0.000200468741241, 8.10865458334e-05, 8.82062377059e-05, 8.01210771897e-05, 3.27698944602e-05, 4.50929182989e-05, 4.91781029268e-05, 5.06521973875e-05, 7.60542025091e-05, 0.000107861138531, 0.000128552492242, 0.00010756503616, 7.85671800259e-05, 7.18675219105e-05, 3.56780692528e-05, 2.5717441531e-05, 2.11038750422e-05, 1.78644077096e-05, 2.05316373467e-05, 1.53494656843e-05, 2.73928890238e-06, 5.17059390859e-08], "var": [2.34303739605e-11, 5.17124954058e-06, 1.95468442143e-06, 5.26404392076e-06, 4.4158212404e-05, 5.00648775414e-06, 5.63296771361e-06, 1.14736776595e-05, 6.92678122505e-06, 2.95634640679e-06, 3.10445693685e-06, 1.70424357293e-06, 1.5463406271e-06, 5.51132757209e-07, 1.30081218686e-06, 1.99140322366e-06, 9.82932192528e-07, 5.05712819177e-07, 1.28271653921e-06, 5.17597754879e-07, 8.88901396934e-08, 9.42489251088e-08, 1.26706027004e-07, 9.88344027064e-07, 3.27410759837e-07, 5.29717913977e-09, 1.53571372199e-12]}, "spectral_complexity": {"mean": 12.949338913, "dvar": 6.93652439117, "min": 0, "dmean": 2.18787121773, "dmean2": 3.32062768936, "dvar2": 14.142873764, "max": 43, "median": 12, "var": 73.4546279907}, "spectral_energyband_high": {"mean": 0.000822230591439, "dvar": 1.88502679066e-06, "min": 9.01257382905e-21, "dmean": 0.000313852360705, "dmean2": 0.000464459648356, "dvar2": 4.15130489273e-06, "max": 0.0452682487667, "median": 0.000154730136273, "var": 4.16624970967e-06}, "hfc": {"mean": 17.7060394287, "dvar": 178.606399536, "min": 1.3468529281e-16, "dmean": 4.6945066452, "dmean2": 6.69895172119, "dvar2": 382.655792236, "max": 449.123016357, "median": 9.66688537598, "var": 607.626037598}, "melbands_kurtosis": {"mean": 17.362657547, "dvar": 559.664978027, "min": -1.92499876022, "dmean": 9.29585933685, "dmean2": 14.3292684555, "dvar2": 1282.23181152, "max": 798.953979492, "median": 4.50842428207, "var": 1404.6373291}, "spectral_strongpeak": {"mean": 1.32071840763, "dvar": 1.63331103325, "min": 0, "dmean": 0.644786179066, "dmean2": 1.07591438293, "dvar2": 3.98693943024, "max": 39.3734321594, "median": 0.483771592379, "var": 3.56007885933}, "silence_rate_30dB": {"mean": 0.99943959713, "dvar": 0.000672123685945, "min": 0, "dmean": 0.000672570313327, "dmean2": 0.00134529150091, "dvar2": 0.00156771962065, "max": 1, "median": 1, "var": 0.000560094544198}, "melbands_spread": {"mean": 34.6816673279, "dvar": 269.161865234, "min": 0.325757861137, "dmean": 8.73412322998, "dmean2": 13.1834192276, "dvar2": 564.333679199, "max": 313.344909668, "median": 20.6140403748, "var": 1250.52758789}, "melbands_crest": {"mean": 13.276424408, "dvar": 7.28435659409, "min": 1.54597604275, "dmean": 2.67293715477, "dmean2": 4.2557182312, "dvar2": 17.4796962738, "max": 35.7822303772, "median": 12.7677984238, "var": 26.9495506287}, "average_loudness": 0.666246175766, "spectral_flux": {"mean": 0.0537106655538, "dvar": 0.000528184173163, "min": 1.07745048994e-10, "dmean": 0.0186012759805, "dmean2": 0.0291930120438, "dvar2": 0.0012610766571, "max": 0.327573597431, "median": 0.048088286072, "var": 0.00125296448823}, "spectral_rolloff": {"mean": 2142.54516602, "dvar": 1064933, "min": 21.533203125, "dmean": 447.548187256, "dmean2": 750.870239258, "dvar2": 2224543.75, "max": 19595.2148438, "median": 1313.52539063, "var": 7978980.5}, "melbands": {"mean": [0.000351524096914, 0.000598935235757, 0.000581719563343, 0.000634467229247, 0.000360784644727, 0.000201307178941, 0.000180816772627, 0.000217656895984, 0.000167585269082, 0.00010858362657, 7.37113077776e-05, 6.64873878122e-05, 7.43737909943e-05, 5.25485920662e-05, 3.50487607648e-05, 4.05183891417e-05, 2.98941686196e-05, 3.63773579011e-05, 3.91613211832e-05, 4.42011078121e-05, 3.49287984136e-05, 2.99464736599e-05, 1.76680041477e-05, 1.81544946827e-05, 2.39789824263e-05, 1.65736491908e-05, 1.12811903819e-05, 1.02964986581e-05, 5.19375407748e-06, 3.67302232007e-06, 2.80105564343e-06, 2.86642966785e-06, 2.50546486313e-06, 2.15894897337e-06, 1.74625211002e-06, 1.70430712387e-06, 1.57436852533e-06, 1.67296707332e-06, 1.38205143685e-06, 1.09642735424e-06], "dvar": [1.14577510146e-07, 2.95864026612e-07, 1.21964524169e-06, 1.29742034005e-06, 1.55467589025e-07, 1.21993068092e-07, 9.06226205188e-08, 1.74557058585e-07, 1.03992817913e-07, 8.35795859189e-08, 1.79708603554e-08, 1.03333306356e-08, 1.16934382177e-08, 6.63209354101e-09, 2.09782879956e-09, 3.91150445367e-09, 1.38189859555e-09, 1.6578289852e-09, 2.85995560567e-09, 3.21309578943e-09, 8.27944823811e-10, 7.38231864528e-10, 2.0384052779e-10, 4.25301766027e-10, 1.36740052614e-09, 3.38452016413e-10, 1.1750353468e-10, 9.59952603519e-11, 3.12597725483e-11, 1.87370865351e-11, 9.90029933035e-12, 9.19581164688e-12, 8.17058313368e-12, 1.34040174793e-11, 1.56556781428e-11, 1.66551744618e-10, 9.28661383903e-11, 3.51066953286e-10, 1.92290988688e-10, 3.41046670072e-11], "min": [4.47368975251e-24, 2.30545723678e-24, 7.4546172252e-24, 1.57226636397e-23, 2.48259386256e-23, 7.73580906145e-24, 9.31646622332e-24, 9.43845094054e-24, 1.15053722196e-23, 1.16826702858e-23, 1.10718726418e-23, 2.44743484478e-24, 5.67308057812e-24, 1.12538194653e-23, 6.86874364153e-24, 9.63848555572e-24, 5.14654432288e-24, 3.27270089191e-24, 2.32619974263e-24, 6.97841818432e-24, 8.95165670884e-24, 8.69362898421e-24, 8.89350503835e-24, 1.11734077177e-23, 4.22315896749e-24, 1.03047693092e-23, 6.39674922928e-24, 6.11198266983e-24, 8.5803430362e-24, 1.57654451443e-23, 1.7061138137e-23, 1.32864734154e-23, 1.47444761172e-23, 1.31839956507e-23, 1.24987681914e-23, 8.96571421017e-24, 8.50279090947e-24, 1.3859303184e-23, 1.4906571256e-23, 1.15610705327e-23], "dmean": [0.000121902463434, 0.00021849226323, 0.000351752154529, 0.000373519113054, 0.000164360986673, 0.000127825303935, 0.00010320272122, 0.000117257419333, 8.99424703675e-05, 6.32422452327e-05, 3.6721030483e-05, 2.82446708297e-05, 3.23873318848e-05, 2.32632391999e-05, 1.54253939399e-05, 1.72641994141e-05, 1.49740772031e-05, 1.69007034856e-05, 1.79136332008e-05, 1.96850123757e-05, 1.35795489768e-05, 1.12793823064e-05, 7.03775458533e-06, 8.11365134723e-06, 1.12945162982e-05, 6.18630474492e-06, 4.01083252655e-06, 3.74422279492e-06, 2.19571234084e-06, 1.5211481923e-06, 1.15192221983e-06, 1.0635661738e-06, 9.74514250629e-07, 8.7148066541e-07, 7.30794340598e-07, 9.96872017822e-07, 1.04432456283e-06, 1.33482330966e-06, 1.05507001535e-06, 6.78687229083e-07], "dmean2": [0.000183464973816, 0.000335333490511, 0.000539138505701, 0.000560036976822, 0.000248875934631, 0.000199303191039, 0.000152190652443, 0.000169785664184, 0.000130941189127, 9.24336709431e-05, 5.20081375726e-05, 3.70446468878e-05, 4.3697305955e-05, 3.16048608511e-05, 2.21352693188e-05, 2.47805619438e-05, 2.29690122069e-05, 2.56439052464e-05, 2.71449353022e-05, 3.06810288748e-05, 2.07620250876e-05, 1.75431341631e-05, 1.06252382466e-05, 1.27005760078e-05, 1.83254524018e-05, 9.70311702986e-06, 6.12169969827e-06, 5.84894087297e-06, 3.44322620549e-06, 2.44781631409e-06, 1.79590756488e-06, 1.62359253864e-06, 1.47303319409e-06, 1.33677224312e-06, 1.10951543775e-06, 1.54948486397e-06, 1.61668253895e-06, 2.16275930143e-06, 1.62680873927e-06, 1.07326752641e-06], "dvar2": [2.53535887396e-07, 6.80939820086e-07, 2.62729463429e-06, 2.74196008831e-06, 3.36814736102e-07, 3.11360764726e-07, 1.82686605399e-07, 3.40966892054e-07, 2.15193878716e-07, 1.87473474966e-07, 3.43293571348e-08, 1.7615098713e-08, 2.22844427356e-08, 1.22339356423e-08, 4.28123847485e-09, 7.59710250264e-09, 3.10471781617e-09, 3.35688543629e-09, 5.32370458828e-09, 6.69922295415e-09, 1.91258764382e-09, 1.6425250049e-09, 4.29958568748e-10, 9.74378133733e-10, 3.67542751789e-09, 7.93191512471e-10, 2.36025476941e-10, 2.10246597909e-10, 7.09095837603e-11, 4.77588489589e-11, 2.05860172658e-11, 1.87940565888e-11, 1.61981261737e-11, 3.24086001091e-11, 3.44515423134e-11, 4.40919217803e-10, 2.20934187611e-10, 8.95381935262e-10, 4.6624726302e-10, 7.40808456245e-11], "max": [0.0111202867702, 0.016472607851, 0.0190942101181, 0.0198087655008, 0.0135374544188, 0.00823639240116, 0.00691062025726, 0.0165520776063, 0.0105757284909, 0.0113610560074, 0.0045680841431, 0.00400963006541, 0.00396179547533, 0.0041290554218, 0.00136135949288, 0.00262035871856, 0.000979324104264, 0.0011057110969, 0.0020939540118, 0.00146338564809, 0.000730312487576, 0.000564648595173, 0.000405835133279, 0.000714691530447, 0.00141562439967, 0.000569408235606, 0.000477465160657, 0.000323385407683, 0.000197660934646, 0.000146554913954, 9.71066401689e-05, 0.000101329453173, 9.54621355049e-05, 0.000139095282066, 0.000203706789762, 0.000878456630744, 0.000414228707086, 0.000933665200137, 0.000787865777966, 0.000343096151482], "median": [0.000191424289369, 0.000397664087359, 0.000230801699217, 0.000169436330907, 8.34518796182e-05, 3.84387894883e-05, 2.08456967812e-05, 1.89658021554e-05, 1.80966235348e-05, 1.14135618787e-05, 5.764992693e-06, 4.92427989229e-06, 7.61240971769e-06, 6.64844719722e-06, 3.76234697796e-06, 4.62558045911e-06, 7.13865529178e-06, 8.14879967947e-06, 7.95023061073e-06, 9.31610520638e-06, 8.48077797855e-06, 6.53102324577e-06, 4.5453812163e-06, 3.80975734515e-06, 3.16789237331e-06, 2.08159281101e-06, 1.53810299253e-06, 9.28577946979e-07, 6.16962097411e-07, 6.07201286584e-07, 5.1284195024e-07, 4.39447376266e-07, 3.43444241935e-07, 3.00143426557e-07, 2.8870832125e-07, 2.5904097356e-07, 2.44282347239e-07, 2.23411888101e-07, 1.75553822146e-07, 1.56441331001e-07], "var": [2.43282357815e-07, 5.59732598049e-07, 1.99423539016e-06, 2.3847542252e-06, 5.55869235086e-07, 1.96698678678e-07, 2.16770089878e-07, 4.94576852361e-07, 2.691052714e-07, 1.66733087781e-07, 6.08430710258e-08, 5.34641664274e-08, 5.75911371925e-08, 3.13342560787e-08, 9.40464861543e-09, 2.15570139517e-08, 4.0837613291e-09, 6.84630263592e-09, 1.15649276822e-08, 1.23299610522e-08, 4.2678065526e-09, 4.02092581453e-09, 1.0595744282e-09, 1.61163316026e-09, 3.96141697223e-09, 1.9259973616e-09, 6.61492305376e-10, 6.42214781355e-10, 1.16434556441e-10, 9.02316138474e-11, 5.19302101321e-11, 5.5333047172e-11, 4.74374498016e-11, 3.36683840529e-11, 2.81013684544e-11, 1.42304890094e-10, 1.00008959447e-10, 2.8662111573e-10, 1.72454023284e-10, 3.93325025327e-11]}, "spectral_energy": {"mean": 0.015941074118, "dvar": 5.74873884034e-05, "min": 1.1608995221e-20, "dmean": 0.00449531152844, "dmean2": 0.00640468485653, "dvar2": 0.000117847564979, "max": 0.149255886674, "median": 0.0122278295457, "var": 0.000213955630898}, "spectral_decrease": {"mean": -3.79815245921e-09, "dvar": 3.64688836028e-18, "min": -3.08882768252e-08, "dmean": 1.10288667088e-09, "dmean2": 1.57145496615e-09, "dvar2": 7.50911085917e-18, "max": 1.18890214493e-18, "median": -2.88497359335e-09, "var": 1.264868179e-17}, "erbbands_spread": {"mean": 32.3418617249, "dvar": 162.241973877, "min": 0.551732778549, "dmean": 8.76315879822, "dmean2": 13.1977100372, "dvar2": 356.886657715, "max": 173.12538147, "median": 26.2705402374, "var": 492.231506348}, "spectral_contrast_coeffs": {"mean": [-0.629564642906, -0.697440981865, -0.735826790333, -0.716418087482, -0.732420086861, -0.778504312038], "dvar": [0.00174992356915, 0.00173545104917, 0.00108120695222, 0.00083347177133, 0.000767778023146, 0.000411710498156], "min": [-0.960615694523, -0.973189115524, -0.960388183594, -0.971606791019, -0.959589838982, -0.958244025707], "dmean": [0.0451919808984, 0.0449750199914, 0.0368795320392, 0.0326180495322, 0.028725432232, 0.0204565450549], "dmean2": [0.0719736963511, 0.0707431435585, 0.056095071137, 0.0497847795486, 0.0422270037234, 0.0305736381561], "dvar2": [0.00408151792362, 0.0039891237393, 0.00235422118567, 0.00179984082934, 0.00150158710312, 0.000912598508876], "max": [-0.217014119029, -0.343053370714, -0.421968817711, -0.474623084068, -0.54194188118, -0.594511032104], "median": [-0.636782824993, -0.706134438515, -0.743166804314, -0.714703440666, -0.732851028442, -0.783371925354], "var": [0.0108881955966, 0.0100445495918, 0.008710000664, 0.00767190707847, 0.00668342132121, 0.00364739494398]}, "spectral_energyband_middle_high": {"mean": 0.00471214205027, "dvar": 3.62774494533e-06, "min": 1.06337309015e-21, "dmean": 0.00117554794997, "dmean2": 0.00160619360395, "dvar2": 6.23321921012e-06, "max": 0.0482986420393, "median": 0.00205024518073, "var": 3.97308394895e-05}, "erbbands_crest": {"mean": 10.4207572937, "dvar": 7.4771771431, "min": 2.46902942657, "dmean": 2.70619034767, "dmean2": 4.37509679794, "dvar2": 18.6059494019, "max": 30.142370224, "median": 9.39444160461, "var": 21.5482292175}, "barkbands_crest": {"mean": 10.2368879318, "dvar": 5.4064245224, "min": 2.6139895916, "dmean": 2.34155726433, "dmean2": 3.71234893799, "dvar2": 13.312128067, "max": 25.8422966003, "median": 9.28635406494, "var": 19.853351593}, "pitch_salience": {"mean": 0.517509400845, "dvar": 0.00439549563453, "min": 0.09290137887, "dmean": 0.0654943063855, "dmean2": 0.104440018535, "dvar2": 0.010696483776, "max": 0.903737068176, "median": 0.514385402203, "var": 0.0145146148279}, "melbands_skewness": {"mean": 2.39188408852, "dvar": 1.16409599781, "min": -3.50132250786, "dmean": 0.799722909927, "dmean2": 1.17612278461, "dvar2": 2.47894334793, "max": 20.1578369141, "median": 1.85097062588, "var": 5.36926651001}, "spectral_spread": {"mean": 4491519.5, "dvar": 1035410145280.0, "min": 1320871.875, "dmean": 707131.6875, "dmean2": 989589.375, "dvar2": 1933272154110.0, "max": 39946732, "median": 3923467.5, "var": 4270024032260.0}, "spectral_entropy": {"mean": 7.17888259888, "dvar": 0.0632180199027, "min": 3.36226463318, "dmean": 0.213462337852, "dmean2": 0.303795367479, "dvar2": 0.119191043079, "max": 9.80931186676, "median": 7.22382736206, "var": 0.373909413815}, "erbbands_flatness_db": {"mean": 0.180585101247, "dvar": 0.000402861507609, "min": 0.0404892340302, "dmean": 0.0190220475197, "dmean2": 0.027134867385, "dvar2": 0.000800298119429, "max": 0.474677294493, "median": 0.179820552468, "var": 0.0023638852872}, "spectral_kurtosis": {"mean": 6.33859920502, "dvar": 8.1876335144, "min": -1.57013273239, "dmean": 2.20025324821, "dmean2": 3.48821496964, "dvar2": 19.3409175873, "max": 53.8448753357, "median": 4.82404136658, "var": 29.9815483093}, "erbbands_skewness": {"mean": 0.191604077816, "dvar": 0.323227614164, "min": -10.3374767303, "dmean": 0.457625538111, "dmean2": 0.671695351601, "dvar2": 0.62787258625, "max": 17.1491127014, "median": 0.011816913262, "var": 1.86584663391}, "erbbands_kurtosis": {"mean": 2.74707055092, "dvar": 26.2798805237, "min": -1.83527994156, "dmean": 1.85143589973, "dmean2": 2.80787229538, "dvar2": 43.5158195496, "max": 459.355926514, "median": 1.37463665009, "var": 138.047134399}, "barkbands_spread": {"mean": 23.3863945007, "dvar": 78.1985244751, "min": 0.304889202118, "dmean": 5.8477730751, "dmean2": 8.883934021, "dvar2": 169.264709473, "max": 136.180038452, "median": 18.375995636, "var": 333.653198242}, "zerocrossingrate": {"mean": 0.0681404098868, "dvar": 0.000277885032119, "min": 0.0029296875, "dmean": 0.0099457539618, "dmean2": 0.0113270301372, "dvar2": 0.000260697444901, "max": 0.52685546875, "median": 0.05078125, "var": 0.0051507060416}, "spectral_centroid": {"mean": 1560.89758301, "dvar": 156996.0625, "min": 141.11656189, "dmean": 235.747390747, "dmean2": 347.867340088, "dvar2": 308839.4375, "max": 10989.8076172, "median": 1217.90527344, "var": 1090290}, "barkbands_skewness": {"mean": 1.29169166088, "dvar": 0.667646110058, "min": -9.98757171631, "dmean": 0.6184694767, "dmean2": 0.894235789776, "dvar2": 1.42144024372, "max": 17.2577915192, "median": 0.980992674828, "var": 3.63817286491}, "melbands_flatness_db": {"mean": 0.211092442274, "dvar": 0.00104719551746, "min": 0.00313394982368, "dmean": 0.0264503359795, "dmean2": 0.03725111112, "dvar2": 0.0020481008105, "max": 0.714519321918, "median": 0.201818048954, "var": 0.010617217049}, "spectral_contrast_valleys": {"mean": [-8.09847831726, -7.9822435379, -8.75175571442, -8.83032608032, -8.68199062347, -10.8625240326], "dvar": [0.155131995678, 0.173116728663, 0.126110568643, 0.140434220433, 0.200847625732, 0.225804165006], "min": [-27.0968933105, -26.7878684998, -27.4492893219, -27.2271747589, -27.2563724518, -27.2598133087], "dmean": [0.393519639969, 0.405313789845, 0.341713726521, 0.337241023779, 0.352982789278, 0.413907378912], "dmean2": [0.611082851887, 0.631376326084, 0.522889256477, 0.50070053339, 0.49921771884, 0.519949316978], "dvar2": [0.309407174587, 0.368553638458, 0.25014179945, 0.275604218245, 0.385604739189, 0.370041579008], "max": [-5.734790802, -5.32674360275, -5.81475496292, -6.26056432724, -6.04951477051, -7.63978099823], "median": [-7.68630123138, -7.68976783752, -8.49714756012, -8.48621940613, -8.37824440002, -10.5841732025], "var": [3.10137534142, 2.73652672768, 2.37556529045, 2.36364197731, 2.48748993874, 2.4467625618]}, "barkbands_flatness_db": {"mean": 0.162882566452, "dvar": 0.000632701849099, "min": 0.040295291692, "dmean": 0.0214545540512, "dmean2": 0.0316606573761, "dvar2": 0.00127410970163, "max": 0.587502777576, "median": 0.14959551394, "var": 0.00493279704824}, "ba