{"tonal": {"chords_number_rate": 0.00309818866663, "thpcp": [1, 0.67484331131, 0.443560928106, 0.440918773413, 0.294236451387, 0.195620402694, 0.187205255032, 0.224585562944, 0.336307585239, 0.365140259266, 0.251258730888, 0.238776981831, 0.232837125659, 0.196537062526, 0.350917756557, 0.434126168489, 0.275758743286, 0.207515448332, 0.266456007957, 0.300857901573, 0.355305373669, 0.451911687851, 0.400209993124, 0.45757201314, 0.490486294031, 0.282456487417, 0.216834187508, 0.22283385694, 0.596699476242, 0.925112009048, 0.632755219936, 0.361543893814, 0.28547552228, 0.294219106436, 0.417413562536, 0.75914734602], "hpcp": {"dvar": [0.00902624055743, 0.00971800182015, 0.0228812936693, 0.025385921821, 0.0132854711264, 0.0140863098204, 0.0113040292636, 0.00935985706747, 0.0173821803182, 0.0252162646502, 0.0159541834146, 0.015008659102, 0.0179819948971, 0.0181587934494, 0.0217729695141, 0.0259149279445, 0.0186493396759, 0.0219459272921, 0.0238009411842, 0.014063690789, 0.016830181703, 0.015673039481, 0.0225361585617, 0.0387623086572, 0.0274978764355, 0.028711900115, 0.0343003869057, 0.0233736485243, 0.0368922241032, 0.0484803877771, 0.0559375546873, 0.044925507158, 0.0404445491731, 0.0433473028243, 0.0330698043108, 0.0139269884676], "mean": [0.0712868273258, 0.0855210572481, 0.128064244986, 0.139043584466, 0.0956780686975, 0.0909250825644, 0.088663212955, 0.0748403295875, 0.133627727628, 0.165313079953, 0.10500755161, 0.0790208429098, 0.101465113461, 0.114565186203, 0.135298505425, 0.17208571732, 0.152397960424, 0.174241140485, 0.186774730682, 0.107558019459, 0.0825693756342, 0.0848540216684, 0.22722017765, 0.352278023958, 0.240950033069, 0.137674108148, 0.108707651496, 0.112037166953, 0.158949002624, 0.289079517126, 0.380795001984, 0.25697696209, 0.168905779719, 0.167899668217, 0.112043768167, 0.0744912698865], "min": [0, 0, 0, 0, 0, 0, 0, 0, 0, 0, 0, 0, 0, 0, 0, 0, 0, 0, 0, 0, 0, 0, 0, 0, 0, 0, 0, 0, 0, 0, 0, 0, 0, 0, 0, 0], "median": [0.0214037597179, 0.0256313811988, 0.0376203283668, 0.046780154109, 0.0348389074206, 0.029383443296, 0.0335913337767, 0.0236310400069, 0.0352970212698, 0.0406623855233, 0.0319574028254, 0.0214260928333, 0.0288092456758, 0.0322010293603, 0.0321421846747, 0.046293348074, 0.049627892673, 0.0528628453612, 0.0551223158836, 0.0340188369155, 0.012904420495, 0.0227585099638, 0.080748707056, 0.159988790751, 0.141857028008, 0.0397869162261, 0.021659526974, 0.0241816975176, 0.0494096875191, 0.197944968939, 0.196127206087, 0.12082144618, 0.0575569197536, 0.0366222150624, 0.0268883947283, 0.0129345543683], "dvar2": [0.0237726885825, 0.025085195899, 0.0579075179994, 0.0642172396183, 0.0359874516726, 0.039147246629, 0.0309692658484, 0.0241619776934, 0.0438276790082, 0.0621906705201, 0.0396656058729, 0.0401858910918, 0.0479352623224, 0.0469805635512, 0.0584311410785, 0.069010913372, 0.0469921417534, 0.052524022758, 0.0536856427789, 0.035878688097, 0.0446788966656, 0.0431116223335, 0.0555191412568, 0.0873563215137, 0.0644611939788, 0.0712124705315, 0.0904663428664, 0.0541981160641, 0.0916161835194, 0.121497161686, 0.137122943997, 0.119023412466, 0.0977461412549, 0.107576467097, 0.0912177786231, 0.0383518226445], "var": [0.0152344433591, 0.0188105031848, 0.0458315908909, 0.0476387925446, 0.0202575977892, 0.0222329199314, 0.0194255243987, 0.0151806995273, 0.0425709336996, 0.0644047558308, 0.0268739145249, 0.0183985121548, 0.0300558004528, 0.0355582199991, 0.040632031858, 0.0716519355774, 0.0569589994848, 0.06131112203, 0.0829953476787, 0.026085536927, 0.027555456385, 0.0232107099146, 0.0776991695166, 0.153174623847, 0.0743802934885, 0.045337151736, 0.0369006432593, 0.0361733548343, 0.0632646083832, 0.0845162272453, 0.150729656219, 0.0819715335965, 0.0627310574055, 0.0757042244077, 0.0367105081677, 0.019220976159], "dmean2": [0.0743639394641, 0.0860821828246, 0.136930435896, 0.154437065125, 0.112762182951, 0.106770969927, 0.0943572223186, 0.0857118740678, 0.128136456013, 0.153540953994, 0.115835674107, 0.114604920149, 0.127962693572, 0.136047050357, 0.154689997435, 0.159049466252, 0.129457786679, 0.143329799175, 0.137131512165, 0.10359621048, 0.0997933894396, 0.0970534607768, 0.144422769547, 0.192144408822, 0.161918237805, 0.159012511373, 0.157732367516, 0.130954042077, 0.181979760528, 0.292672842741, 0.270699948072, 0.254387974739, 0.204101458192, 0.19498641789, 0.156656622887, 0.0984661728144], "max": [1, 1, 1, 1, 1, 1, 1, 1, 1, 1, 1, 1, 1, 1, 1, 1, 1, 1, 1, 1, 1, 1, 1, 1, 1, 1, 1, 1, 1, 1, 1, 1, 1, 1, 1, 1], "dmean": [0.0441891625524, 0.0513975434005, 0.0805929973722, 0.0907386243343, 0.0659598484635, 0.0621160082519, 0.0559248514473, 0.0507220588624, 0.0786317437887, 0.093706227839, 0.0707225948572, 0.0667812302709, 0.0746907070279, 0.0798494517803, 0.0907172560692, 0.0930790305138, 0.0779600068927, 0.0870442837477, 0.0841396972537, 0.0617398396134, 0.0577329620719, 0.0561570227146, 0.0851944684982, 0.114811301231, 0.0996711030602, 0.0957631617785, 0.0915312692523, 0.0822010189295, 0.107375398278, 0.173385292292, 0.155381575227, 0.147647842765, 0.118794128299, 0.112783387303, 0.089027158916, 0.0559589453042]}, "key_strength": 0.525128304958, "chords_strength": {"dvar": 0.000541212735698, "mean": 0.464940160513, "min": -1, "median": 0.467164814472, "dvar2": 0.00103533396032, "var": 0.0190851744264, "dmean2": 0.00869601499289, "max": 0.716880619526, "dmean": 0.00844628922641}, "tuning_equal_tempered_deviation": 0.185875013471, "chords_key": "F", "tuning_frequency": 444.341888428, "chords_scale": "minor", "chords_changes_rate": 0.0579122975469, "key_scale": "minor", "tuning_diatonic_strength": 0.499853104353, "hpcp_entropy": {"dvar": 0.257838219404, "mean": 2.06068301201, "min": 0, "median": 1.99506163597, "dvar2": 0.688067913055, "var": 0.878704845905, "dmean2": 0.944248437881, "max": 4.58652973175, "dmean": 0.558871984482}, "chords_histogram": [16.9923744202, 10.8198280334, 4.38512849808, 1.95424211025, 0.309818863869, 0.405147761106, 0.619637727737, 11.0581502914, 4.9094376564, 2.47855091095, 0.357483327389, 0.0476644411683, 0.54814106226, 12.8932313919, 2.21639657021, 0.333651095629, 0, 0.667302191257, 0.905624389648, 0.238322213292, 1.83508098125, 1.97807431221, 17.8503341675, 6.19637727737], "tuning_nontempered_energy_ratio": 0.79642277956, "key_key": "C"}, "metadata": {"version": {"extractor": "music 1.0", "essentia_build_sha": "70f2e5ece6736b2c40cc944ad0e695b16b925413", "essentia": "2.1-beta2", "essentia_git_sha": "v2.1_beta2"}, "audio_properties": {"sample_rate": 44100, "length": 194.78666687, "lossless": true, "analysis_sample_rate": 44100, "downmix": "mix", "bit_rate": 0, "equal_loudness": 0, "md5_encoded": "6671e19652693f274bd89cb70fdcfdd8", "codec": "flac", "replay_gain": -6.16097259521}, "tags": {"disctotal": ["1"], "genre": ["Crescens Collective; Female Vocal; Gothic; Industrial; Male Vocal"], "catalognumber": ["CMI132"], "releasecountry": ["SE"], "musicbrainz_recordingid": ["a3a23077-84cf-4e86-a3a3-bfeeb089670b"], "language": ["mul"], "title": ["A Pose"], "musicbrainz_releasetrackid": ["68250719-3263-3996-9982-abe9cc83ced7"], "discnumber": ["1"], "artistsort": ["Sanctum"], "releasetype": ["album"], "originaldate": ["2004-05-18"], "musicbrainz_artistid": ["4de02a3b-5949-4a1a-8de2-b2c62ef92ea7"], "tracknumber": ["4"], "musicbrainz_albumartistid": ["4de02a3b-5949-4a1a-8de2-b2c62ef92ea7"], "totaltracks": ["10"], "barcode": ["7350020545009"], "tracktotal": ["10"], "date": ["2004-05-18"], "acoustid_id": ["cb3031ff-ad4d-43e6-a92c-195985aea00d"], "albumartistsort": ["Sanctum"], "musicbrainz_releasegroupid": ["1d48a431-2309-39cc-b450-669048500846"], "media": ["CD"], "label": ["Cold Meat Industry"], "albumartist": ["Sanctum"], "asin": ["B0006IGJ24"], "script": ["Latn"], "musicbrainz_albumid": ["d4d60804-bd58-4739-be05-0caeaab737b7"], "file_name": "04_A_Pose.flac", "releasestatus": ["official"], "totaldiscs": ["1"], "album": ["Let's Eat"], "artist": ["Sanctum"]}}, "lowlevel": {"melbands": {"dvar": [1.1811702052e-06, 9.51864603849e-06, 4.51302838655e-07, 8.01054156341e-08, 8.20151626613e-08, 1.33944894287e-07, 8.61045137412e-08, 2.72562203918e-08, 2.42283437757e-08, 2.18055404844e-07, 5.99501888132e-08, 5.65815527764e-09, 4.18727736928e-08, 8.33168201098e-08, 4.54670168182e-09, 3.21419619809e-08, 8.4314164539e-09, 2.20459384082e-09, 9.0087493021e-09, 3.641114521e-09, 3.48234441283e-09, 4.83573237009e-10, 5.41856337577e-10, 3.21802001713e-10, 2.08158879023e-10, 5.65728922042e-11, 5.5416338185e-11, 4.81325326818e-11, 1.33726571483e-11, 1.16139813044e-10, 7.77201802915e-10, 4.3123156955e-12, 5.50819210122e-13, 1.73259984918e-12, 3.54682407576e-12, 1.51719931648e-13, 1.41987279139e-13, 1.21902650734e-13, 1.8917652167e-11, 1.19325870799e-12], "mean": [0.00161220238078, 0.00611200137064, 0.000854631711263, 0.000288290088065, 0.000291637814371, 0.000306057889247, 0.000213460123632, 0.000102364276245, 0.000113628942927, 0.000203430216061, 0.000124242520542, 3.86032152164e-05, 8.09862103779e-05, 0.000100677898445, 4.12389890698e-05, 6.74932744005e-05, 5.23703529325e-05, 2.79824453173e-05, 4.22086814069e-05, 3.01895670418e-05, 2.10176713153e-05, 1.73524003912e-05, 1.2212942238e-05, 1.13007672553e-05, 1.21697530631e-05, 6.14596092419e-06, 5.11538974024e-06, 4.11914743381e-06, 2.96070857075e-06, 4.65108360004e-06, 6.15917770119e-06, 8.97159964097e-07, 5.38835308816e-07, 6.87900467256e-07, 7.38328537864e-07, 2.77581477803e-07, 2.47549110099e-07, 1.84410438919e-07, 6.75037142628e-07, 2.99832123574e-07], "min": [8.02237715718e-16, 2.90729765464e-16, 4.66937500086e-16, 8.13280484251e-16, 6.34678716883e-16, 5.07784022841e-16, 9.11765534424e-16, 7.74139197638e-16, 4.66882813521e-16, 8.37054475619e-16, 6.58741864124e-16, 7.71656861707e-16, 9.01622314881e-16, 6.82153801846e-16, 1.09570604458e-15, 9.40409012327e-16, 7.63553615138e-16, 8.096500481e-16, 5.33441497846e-16, 5.36052212208e-16, 4.77560352036e-16, 3.31378691314e-16, 2.7965703314e-16, 1.48238574354e-16, 7.43016176366e-17, 9.75866989404e-17, 1.24934050998e-16, 1.35353284168e-16, 2.90522268862e-16, 3.12239426006e-16, 4.27820274502e-16, 8.32196741667e-16, 3.18685325559e-15, 7.8677434576e-15, 1.00271726415e-14, 2.23119032337e-14, 3.79866460282e-14, 3.51530294403e-14, 2.52937793865e-14, 3.60051445852e-14], "median": [0.000135962516651, 4.17684859713e-05, 3.06097936118e-05, 1.76127523446e-05, 4.03927806474e-05, 4.24048521381e-05, 3.71543283109e-05, 1.00233355624e-05, 8.41384280648e-06, 1.06156621769e-05, 7.27730730432e-06, 4.54227028968e-06, 6.83834423398e-06, 1.32560198836e-05, 1.02771855381e-05, 8.81121377461e-06, 1.07442210719e-05, 5.92901142227e-06, 8.02734120953e-06, 8.31751276564e-06, 5.07394179294e-06, 5.22382470081e-06, 3.93787786379e-06, 3.37538222084e-06, 2.84318548438e-06, 2.02509477276e-06, 1.31414742555e-06, 1.29839145302e-06, 9.78089701675e-07, 1.13161070203e-06, 6.00343696533e-07, 2.33087320112e-07, 9.27282144403e-08, 1.01032881616e-07, 6.56872245486e-08, 3.42142385534e-08, 3.18207824535e-08, 2.2691319046e-08, 1.19911049978e-08, 7.42280636956e-09], "dvar2": [2.16696321331e-06, 1.87285895663e-05, 1.11155304694e-06, 2.19022155079e-07, 2.20414449359e-07, 2.79556104488e-07, 2.33467929434e-07, 6.11740489376e-08, 3.37435075437e-08, 4.75378953979e-07, 1.2151086537e-07, 1.24365637788e-08, 1.0825370822e-07, 1.73222886701e-07, 1.03403783314e-08, 7.88528708995e-08, 1.94036982037e-08, 5.27778309944e-09, 2.08513313282e-08, 7.32289295868e-09, 6.60386234586e-09, 1.20105814183e-09, 1.51442680618e-09, 6.7215416566e-10, 6.05449690383e-10, 1.49996112753e-10, 1.44713657724e-10, 1.04032164827e-10, 3.1896742192e-11, 3.58281015966e-10, 2.37050623575e-09, 1.26288684371e-11, 1.59507227305e-12, 4.21293642333e-12, 8.53056340844e-12, 4.34418289102e-13, 3.7248898627e-13, 2.95358220303e-13, 5.78884613855e-11, 3.47557703104e-12], "var": [7.26972575649e-06, 0.000129326901515, 2.17062938646e-06, 2.52770831821e-07, 2.20716486865e-07, 4.79464631553e-07, 1.54945411168e-07, 5.87544448649e-08, 1.57512289434e-07, 5.28550231138e-07, 1.73778829549e-07, 1.39589593218e-08, 1.02903861432e-07, 2.13543685845e-07, 9.2846033084e-09, 6.20326829903e-08, 2.07153245668e-08, 4.84351847518e-09, 1.96639788896e-08, 7.87351250864e-09, 7.75497532857e-09, 1.08368769514e-09, 7.1199218743e-10, 7.6303963148e-10, 4.36713221141e-10, 1.11119641266e-10, 1.01453276335e-10, 1.0568886738e-10, 3.0136216439e-11, 1.32587690826e-10, 6.44752973233e-10, 3.59528227502e-12, 8.13843838241e-13, 1.99636574633e-12, 3.57849774119e-12, 2.15137369725e-13, 1.81566038788e-13, 2.06085962098e-13, 1.2827764892e-11, 1.13329582264e-12], "dmean2": [0.000692721572705, 0.00207659858279, 0.000445658399258, 0.000187931480468, 0.000181914743735, 0.000204649244552, 0.000144877267303, 7.83080395195e-05, 5.32692647539e-05, 0.000150316467625, 9.19070007512e-05, 3.42123603332e-05, 7.65277436585e-05, 8.67747294251e-05, 3.62180289812e-05, 6.61350713926e-05, 4.85262135044e-05, 2.52705103776e-05, 4.26918268204e-05, 2.82016208075e-05, 1.90715454664e-05, 1.54491717694e-05, 1.05862391138e-05, 9.45423289522e-06, 1.12130737762e-05, 5.49437118025e-06, 4.90757838634e-06, 3.67213056052e-06, 2.45977685154e-06, 5.5636273828e-06, 1.00463457784e-05, 9.43434088185e-07, 4.74824560115e-07, 7.9391060126e-07, 9.82393657978e-07, 2.76802836652e-07, 2.53767382219e-07, 1.80616154921e-07, 1.36981270771e-06, 4.57329520032e-07], "max": [0.0209642164409, 0.0582716464996, 0.00955433398485, 0.00370732997544, 0.00735587719828, 0.00904342345893, 0.0106026539579, 0.00459577376023, 0.00699893618003, 0.0161322001368, 0.00631434563547, 0.00187662255485, 0.00612853979692, 0.00971993431449, 0.00186933600344, 0.00426459172741, 0.00249272957444, 0.00149030564353, 0.0036893368233, 0.00330877490342, 0.00238241581246, 0.000593397475313, 0.00103331857827, 0.000641051505227, 0.000223757218919, 0.000132271059556, 0.000190232211025, 0.000277883227682, 0.000146801467054, 0.000152125780005, 0.000409459928051, 3.69012886949e-05, 1.25353353724e-05, 1.27736493596e-05, 1.89534021047e-05, 4.88197201776e-06, 5.81535414312e-06, 1.85915887414e-05, 6.64818362566e-05, 3.62252612831e-05], "dmean": [0.00049977801973, 0.00145371467806, 0.000298765109619, 0.000117226540169, 0.000113210197014, 0.000138259085361, 9.24782216316e-05, 5.20760695508e-05, 4.20204378315e-05, 0.000101003111922, 6.40263169771e-05, 2.20738729695e-05, 4.80223898194e-05, 5.71510790905e-05, 2.31533213082e-05, 4.15290269302e-05, 3.04470067931e-05, 1.59021074069e-05, 2.7282303563e-05, 1.74659617187e-05, 1.21981893244e-05, 9.34942727326e-06, 6.48651348456e-06, 5.97774442213e-06, 6.61830290483e-06, 3.32084800903e-06, 2.93090261039e-06, 2.2572164653e-06, 1.49073753164e-06, 3.23686163028e-06, 5.7501106312e-06, 5.28152156676e-07, 2.71232693194e-07, 4.92313859013e-07, 6.16522584096e-07, 1.58732831324e-07, 1.51804911752e-07, 1.06934216149e-07, 7.59202350764e-07, 2.61564082393e-07]}, "spectral_decrease": {"dvar": 9.60727268088e-18, "mean": -8.1437585564e-09, "min": -5.82620067746e-08, "median": -1.39130129639e-09, "dvar2": 2.02886327697e-17, "var": 1.3239491572e-16, "dmean2": 2.43372455522e-09, "max": 1.3181238734e-14, "dmean": 1.70386760256e-09}, "spectral_rolloff": {"dvar": 872527.625, "mean": 2126.94042969, "min": 21.533203125, "median": 1184.32617188, "dvar2": 1814151.75, "var": 13481786, "dmean2": 662.29510498, "max": 21834.6679688, "dmean": 394.496124268}, "melbands_crest": {"dvar": 10.7335605621, "mean": 18.2090682983, "min": 2.72205018997, "median": 18.0755939484, "dvar2": 24.6133956909, "var": 78.4898300171, "dmean2": 4.32780599594, "max": 39.6633453369, "dmean": 2.7999150753}, "barkbands_skewness": {"dvar": 1.54184925556, "mean": 1.02305209637, "min": -86.6569366455, "median": 1.09399914742, "dvar2": 3.41735339165, "var": 34.9197158813, "dmean2": 0.889670968056, "max": 14.2952728271, "dmean": 0.585695683956}, "spectral_centroid": {"dvar": 95018.7421875, "mean": 1623.7635498, "min": 153.361999512, "median": 1433.98388672, "dvar2": 222964.859375, "var": 1481520.125, "dmean2": 368.685943604, "max": 12143.6240234, "dmean": 233.631362915}, "spectral_energyband_middle_low": {"dvar": 2.01255370484e-05, "mean": 0.00668136868626, "min": 5.97739766755e-14, "median": 0.00166893191636, "dvar2": 4.67490899609e-05, "var": 9.2006768682e-05, "dmean2": 0.00306837819517, "max": 0.0890592783689, "dmean": 0.00200111069717}, "erbbands_crest": {"dvar": 6.43980312347, "mean": 9.01704788208, "min": 2.3846347332, "median": 7.43559360504, "dvar2": 17.4284076691, "var": 22.519071579, "dmean2": 3.65511894226, "max": 31.8954811096, "dmean": 2.21412873268}, "dynamic_complexity": 9.65919303894, "spectral_energyband_low": {"dvar": 0.000101146812085, "mean": 0.0211564134806, "min": 5.19870410081e-15, "median": 0.000672625028528, "dvar2": 0.00020725291688, "var": 0.00131333770696, "dmean2": 0.00710186036304, "max": 0.189317882061, "dmean": 0.00499952211976}, "silence_rate_60dB": {"dvar": 0.03115045093, "mean": 0.415017873049, "min": 0, "median": 0, "dvar2": 0.0685825720429, "var": 0.242772862315, "dmean2": 0.0643776804209, "max": 1, "dmean": 0.0321850031614}, "erbbands_kurtosis": {"dvar": 3.98604607582, "mean": 0.756719827652, "min": -1.76545655727, "median": -0.0152417421341, "dvar2": 10.1068248749, "var": 9.16419315338, "dmean2": 1.48766958714, "max": 87.6325454712, "dmean": 0.915041089058}, "spectral_complexity": {"dvar": 9.28746509552, "mean": 12.2615013123, "min": 0, "median": 9, "dvar2": 22.0216236115, "var": 121.735031128, "dmean2": 3.72699093819, "max": 53, "dmean": 2.34569072723}, "barkbands_crest": {"dvar": 4.03059768677, "mean": 10.3386878967, "min": 2.24206280708, "median": 9.95191764832, "dvar2": 10.2569532394, "var": 25.1691265106, "dmean2": 2.90619254112, "max": 26.9289150238, "dmean": 1.8190612793}, "spectral_energy": {"dvar": 0.000147281811223, "mean": 0.0320592969656, "min": 6.9687451365e-09, "median": 0.00570675358176, "dvar2": 0.00031141799991, "var": 0.00200044759549, "dmean2": 0.00956619624048, "max": 0.233349382877, "dmean": 0.00668140361086}, "spectral_spread": {"dvar": 544962641920, "mean": 3742570, "min": 437352.625, "median": 3236688.75, "dvar2": 1166065270780.0, "var": 15018217177100.0, "dmean2": 638534.0625, "max": 42289112, "dmean": 395028.96875}, "spectral_contrast_valleys": {"dvar": [0.223885208368, 0.232399240136, 0.286438465118, 0.381556749344, 0.360656648874, 0.4036013484], "mean": [-8.86942958832, -8.19875240326, -8.48370361328, -8.37408256531, -8.56929397583, -12.0134334564], "min": [-27.0225582123, -26.9876079559, -27.2388706207, -27.3624954224, -27.155002594, -27.2068595886], "median": [-8.1696767807, -7.68389701843, -7.88952159882, -7.80068206787, -7.84417676926, -11.7024803162], "dvar2": [0.428178340197, 0.491409093142, 0.583885610104, 0.739721417427, 0.704435646534, 0.854830622673], "var": [7.3515086174, 4.36557531357, 3.59739995003, 3.87866330147, 4.37228012085, 4.78398323059], "dmean2": [0.709024012089, 0.640712738037, 0.611043930054, 0.58159583807, 0.520575344563, 0.581086874008], "max": [-5.18081617355, -4.81336164474, -5.02729701996, -5.57480669022, -5.65185260773, -8.46971416473], "dmean": [0.444870740175, 0.39614418149, 0.380672425032, 0.367507308722, 0.338284045458, 0.369563549757]}, "spectral_rms": {"dvar": 6.04795559411e-07, "mean": 0.00411334307864, "min": 2.60744627667e-06, "median": 0.00235956860706, "dvar2": 1.19208016258e-06, "var": 1.43579509313e-05, "dmean2": 0.0007319796714, "max": 0.0150883374736, "dmean": 0.00052530731773}, "barkbands_spread": {"dvar": 52.7900924683, "mean": 21.205493927, "min": 0.0115697421134, "median": 17.0240421295, "dvar2": 116.544837952, "var": 392.267333984, "dmean2": 7.73101091385, "max": 165.005340576, "dmean": 4.93522405624}, "pitch_salience": {"dvar": 0.00518685998395, "mean": 0.494863271713, "min": 0.022664103657, "median": 0.486752301455, "dvar2": 0.0127429608256, "var": 0.0336156338453, "dmean2": 0.100754730403, "max": 0.951960265636, "dmean": 0.0633271336555}, "erbbands_skewness": {"dvar": 0.125355660915, "mean": -0.00542665738612, "min": -3.39481139183, "median": -0.125677078962, "dvar2": 0.303533017635, "var": 0.817151486874, "dmean2": 0.510150372982, "max": 5.54032897949, "dmean": 0.323174387217}, "spectral_energyband_middle_high": {"dvar": 1.45470012285e-05, "mean": 0.00432182336226, "min": 1.24209778747e-13, "median": 0.00127157429233, "dvar2": 3.18028469337e-05, "var": 6.87767023919e-05, "dmean2": 0.00216672127135, "max": 0.0913879051805, "dmean": 0.00144344009459}, "erbbands": {"dvar": [0.0129537731409, 2.37513971329, 49.0736961365, 16.6239128113, 12.9110527039, 24.2840824127, 97.9666137695, 317.285125732, 324.955291748, 259.487518311, 302.980621338, 4380.92138672, 2390.95678711, 346.746337891, 6332.78222656, 4066.765625, 2457.64501953, 2467.09545898, 1214.68969727, 1057.8762207, 2785.92382812, 473.503845215, 262.400054932, 248.652984619, 90.4697418213, 89.7733688354, 38.921962738, 1909.0111084, 20.8548297882, 2.34853792191, 4.3563580513, 0.403817772865, 2.82791447639, 5.39497804642, 0.105614125729, 0.0548455938697, 0.000701927638147, 3.07558548229e-05, 1.1980423551e-05, 7.04619026237e-07], "mean": [0.102258361876, 2.59857082367, 14.2204608917, 4.83228731155, 2.45933461189, 6.12183380127, 8.03127574921, 14.0227947235, 14.1481714249, 9.95576190948, 12.6558914185, 29.4369087219, 25.1674919128, 10.4028453827, 31.2320899963, 25.5555591583, 23.6380939484, 29.4552021027, 20.4442234039, 24.6072883606, 20.153087616, 16.3933544159, 12.8377285004, 14.5105342865, 7.97200536728, 6.44168138504, 5.22247219086, 10.667924881, 1.98213386536, 1.09185898304, 0.994664669037, 0.436284422874, 0.440061926842, 0.492308795452, 0.137719601393, 0.0517480485141, 0.00560619775206, 0.00196930277161, 0.00105517439079, 0.000179826878593], "min": [5.22663780745e-14, 3.38227384468e-13, 5.26072512375e-13, 1.97478968941e-12, 8.2839004753e-12, 1.0495607855e-11, 1.7166254529e-11, 2.34524986237e-11, 5.85220968907e-11, 6.99771976476e-11, 8.63842469778e-11, 1.54868687319e-10, 1.49123893789e-10, 2.07660832974e-10, 3.1838123804e-10, 2.94119256727e-10, 4.89829621309e-10, 4.69834449124e-10, 5.30155808143e-10, 5.69185976129e-10, 4.41823022612e-10, 4.12800238436e-10, 2.5182653185e-10, 1.19038889856e-10, 1.74110476037e-10, 2.58487425908e-10, 5.56816370789e-10, 8.46630487938e-10, 2.86653412118e-09, 1.30062565162e-08, 2.16674997944e-08, 5.4908230851e-08, 4.41437535414e-08, 4.10064551204e-08, 1.29535617788e-08, 1.33386972578e-08, 3.87767968846e-08, 2.57790503611e-07, 3.49022116097e-07, 6.66065034238e-08], "median": [0.0153200384229, 0.03640704602, 0.0754371657968, 0.184841752052, 0.177032589912, 0.415450274944, 1.2802965641, 1.72383999825, 2.59423661232, 1.25573277473, 1.44024586678, 1.72441506386, 1.75933146477, 1.49149370193, 2.64189720154, 5.44475841522, 4.67412853241, 6.03558444977, 4.50327539444, 7.27521944046, 5.2483997345, 4.95023488998, 4.23175811768, 3.7247004509, 2.64853239059, 2.06177830696, 1.90306138992, 1.38259041309, 0.454304099083, 0.221113562584, 0.110492184758, 0.0590389594436, 0.0336511842906, 0.0124561171979, 0.00613892357796, 0.000883464992512, 8.20525892777e-05, 2.18754394155e-05, 1.13812238851e-05, 1.13915784823e-05], "dvar2": [0.0139255467802, 5.75048875809, 90.2872772217, 40.6066665649, 37.038482666, 64.2988815308, 263.57409668, 647.706726074, 882.302978516, 598.166442871, 427.686035156, 9644.59765625, 4826.34619141, 764.484741211, 16425.9746094, 8958.67871094, 5968.78564453, 5686.20361328, 2842.86914062, 2484.14257812, 5292.65478516, 1169.99304199, 538.310058594, 707.941955566, 235.471374512, 193.958465576, 103.859260559, 5836.56884766, 62.3982429504, 5.99911832809, 10.5916929245, 1.06940960884, 8.43811988831, 16.2731018066, 0.254497170448, 0.150314003229, 0.00201186304912, 7.96478561824e-05, 3.12425145239e-05, 2.08269989344e-06], "var": [0.0600492469966, 21.5209217072, 723.794006348, 70.6237640381, 22.5695228577, 111.107429504, 193.875762939, 1163.24169922, 613.172424316, 515.40020752, 2038.61340332, 10381.5175781, 7020.88037109, 905.569030762, 15971.1328125, 9053.37304688, 5204.078125, 6325.10839844, 2905.25756836, 2632.94799805, 6454.92041016, 1074.59960938, 742.908996582, 573.353515625, 175.359268188, 206.397949219, 80.1143112183, 1633.56787109, 20.1955966949, 3.40453886986, 4.71712350845, 0.537646949291, 2.32551884651, 4.16486740112, 0.147717148066, 0.0440870597959, 0.00048590725055, 2.82472119579e-05, 1.01402747532e-05, 4.34731049381e-07], "dmean2": [0.0457145273685, 1.06989777088, 4.74777793884, 2.77055978775, 2.16133928299, 3.56045985222, 5.57689476013, 9.41280841827, 9.43234825134, 7.47896718979, 5.92250156403, 21.1119003296, 18.2414054871, 8.56783771515, 28.2120475769, 21.3441829681, 20.5987052917, 25.6615562439, 16.8089599609, 20.6665382385, 17.0513706207, 13.5156555176, 9.62162399292, 12.267282486, 6.56734228134, 5.21230506897, 4.49330663681, 16.3499584198, 2.25978732109, 1.04920256138, 1.18141078949, 0.431439310312, 0.651177406311, 0.859358966351, 0.169389784336, 0.081881634891, 0.00768808135763, 0.00246330350637, 0.00164125231095, 0.000366618129192], "max": [2.76658916473, 26.1584949493, 131.101074219, 57.0159378052, 47.3276557922, 55.7201881409, 265.599639893, 469.690582275, 634.443969727, 397.775909424, 917.66003418, 2476.65258789, 1294.28430176, 498.276885986, 2466.98388672, 2249.46630859, 1260.32653809, 1373.27441406, 1394.1496582, 1050.55773926, 2383.67871094, 609.601318359, 597.250549316, 243.252029419, 240.455444336, 422.658172607, 172.042739868, 641.970947266, 56.6412010193, 18.4566764832, 21.9532794952, 8.61385059357, 28.2956485748, 35.3314819336, 11.2936000824, 4.19636201859, 0.429433256388, 0.0735062807798, 0.0440210103989, 0.011462032795], "dmean": [0.0387496314943, 0.696599841118, 3.36213755608, 1.83991658688, 1.31555318832, 2.28267097473, 3.46537923813, 6.4308719635, 6.02255821228, 4.93526935577, 4.57057905197, 14.3628072739, 12.6901359558, 5.50568532944, 18.0723495483, 14.2131767273, 13.057767868, 16.1739997864, 10.7126836777, 13.0299949646, 11.0332317352, 8.30988025665, 6.08036470413, 7.34550523758, 3.97720837593, 3.20812940598, 2.68800592422, 9.37091732025, 1.28157973289, 0.640052199364, 0.737447440624, 0.258069813251, 0.368639141321, 0.485132992268, 0.106760554016, 0.0489949509501, 0.00427450519055, 0.00151578057557, 0.00101298152003, 0.000196459921426]}, "dissonance": {"dvar": 0.000652220856864, "mean": 0.460762917995, "min": 0.144599363208, "median": 0.477563947439, "dvar2": 0.00163466355298, "var": 0.00230704271235, "dmean2": 0.029621032998, "max": 0.500000119209, "dmean": 0.0179124642164}, "erbbands_flatness_db": {"dvar": 0.000654849631246, "mean": 0.209458783269, "min": 0.0191235244274, "median": 0.213776409626, "dvar2": 0.00125362945255, "var": 0.00621563661844, "dmean2": 0.0269269756973, "max": 0.527943253517, "dmean": 0.0180660057813}, "melbands_kurtosis": {"dvar": 4907.22363281, "mean": 22.0406150818, "min": -1.8977380991, "median": 4.73911476135, "dvar2": 9221.52148438, "var": 10582.4599609, "dmean2": 15.6910858154, "max": 3418.49536133, "dmean": 10.3270893097}, "melbands_spread": {"dvar": 106.985725403, "mean": 25.5707778931, "min": 0.111232563853, "median": 19.9864883423, "dvar2": 252.393005371, "var": 544.24432373, "dmean2": 10.5161743164, "max": 308.375946045, "dmean": 6.74080038071}, "melbands_skewness": {"dvar": 1.31884014606, "mean": 2.77281498909, "min": -3.4533700943, "median": 1.96657657623, "dvar2": 2.33077692986, "var": 9.54179573059, "dmean2": 1.01894319057, "max": 53.2803459167, "dmean": 0.690272629261}, "spectral_entropy": {"dvar": 0.0966724976897, "mean": 7.3315076828, "min": 3.74255394936, "median": 7.49155187607, "dvar2": 0.214228376746, "var": 0.518217265606, "dmean2": 0.273820728064, "max": 9.81180858612, "dmean": 0.173762887716}, "zerocrossingrate": {"dvar": 0.000247984018642, "mean": 0.0702484846115, "min": 0, "median": 0.04541015625, "dvar2": 0.000232601436437, "var": 0.0117231272161, "dmean2": 0.00981120485812, "max": 0.9033203125, "dmean": 0.00860589183867}, "average_loudness": 0.485618650913, "spectral_contrast_coeffs": {"dvar": [0.00141645770054, 0.00165112805553, 0.00149432767648, 0.00128230522387, 0.000637157878373, 0.000649084395263], "mean": [-0.696801006794, -0.705576002598, -0.761840105057, -0.777088999748, -0.79399305582, -0.734291017056], "min": [-0.969367861748, -0.973493754864, -0.972226858139, -0.976057112217, -0.964309751987, -0.960564792156], "median": [-0.699276328087, -0.71945977211, -0.790878415108, -0.793830871582, -0.801023721695, -0.740069150925], "dvar2": [0.00379735254683, 0.00393833126873, 0.00325435609557, 0.00300081493333, 0.00142904790118, 0.00144153973088], "var": [0.0124498652294, 0.0164519827813, 0.0116304904222, 0.00673504685983, 0.00354714668356, 0.0060775373131], "dmean2": [0.0737009942532, 0.0684973448515, 0.0612593442202, 0.0540890358388, 0.0384253896773, 0.0354507006705], "max": [-0.308035492897, -0.25951525569, -0.326389461756, -0.322963029146, -0.396085500717, -0.471188336611], "dmean": [0.0447524338961, 0.0421890802681, 0.0383092463017, 0.0330310799181, 0.0236889384687, 0.0222252905369]}, "barkbands_flatness_db": {"dvar": 0.00100717158057, "mean": 0.185809060931, "min": 0.0179102048278, "median": 0.1705558002, "dvar2": 0.00208213692531, "var": 0.00805111974478, "dmean2": 0.0349128097296, "max": 0.693406045437, "dmean": 0.0233263950795}, "silence_rate_30dB": {"dvar": 0.0196252204478, "mean": 0.866626918316, "min": 0, "median": 1, "dvar2": 0.0446544624865, "var": 0.115576073527, "dmean2": 0.0400572232902, "max": 1, "dmean": 0.0200262255967}, "spectral_energyband_high": {"dvar": 9.68022277448e-07, "mean": 0.000438865157776, "min": 2.49464315871e-09, "median": 0.000116275106848, "dvar2": 2.90375419354e-06, "var": 9.97769461719e-07, "dmean2": 0.000492133374792, "max": 0.0143654095009, "dmean": 0.000291987118544}, "melbands_flatness_db": {"dvar": 0.00139593565837, "mean": 0.243128314614, "min": 0.0087598990649, "median": 0.232691466808, "dvar2": 0.00292768678628, "var": 0.0103753646836, "dmean2": 0.040906239301, "max": 0.721502482891, "dmean": 0.0273920372128}, "barkbands": {"dvar": [8.02236172603e-06, 2.69450338237e-05, 3.24653956341e-05, 1.47619732616e-06, 1.48198239458e-06, 2.96330995297e-06, 2.05835226552e-06, 5.24332392615e-07, 7.49013270251e-06, 9.25013807773e-07, 2.13919111047e-06, 4.41234897153e-06, 1.90883793039e-06, 6.55936958083e-07, 1.01926752905e-06, 9.13692531412e-07, 1.70462072902e-07, 6.96350497265e-08, 5.25254471029e-08, 3.24634576998e-08, 5.21596575709e-07, 4.95900387421e-09, 6.03922600817e-09, 9.88744641717e-10, 2.8481707659e-08, 1.01797748009e-09, 1.33731892227e-09], "mean": [0.00084522808902, 0.00886665377766, 0.0110076311976, 0.000807077332865, 0.00140627485234, 0.00152812618762, 0.000881760090124, 0.000434610585216, 0.00139669911005, 0.000458507041913, 0.000519356690347, 0.000769610924181, 0.00056185212452, 0.000464902288513, 0.000485691329231, 0.000386991887353, 0.000291168689728, 0.000215541003854, 0.000222567730816, 0.000141962926136, 0.00022227037698, 3.55631018465e-05, 3.67609754903e-05, 1.86039214896e-05, 4.00716926379e-05, 5.09297615281e-06, 8.35752234707e-06], "min": [2.39325304585e-17, 1.97010355587e-15, 5.59011940216e-16, 1.7996342577e-16, 3.817441968e-15, 3.96745404406e-15, 4.47661147789e-15, 3.60055113505e-15, 4.63862812839e-15, 5.8713659985e-15, 3.02095232374e-15, 5.53547465975e-15, 8.04957178523e-15, 8.47403270059e-15, 7.048389853e-15, 7.8300877609e-15, 5.23838251219e-15, 3.8402224956e-15, 2.78368738379e-15, 6.26637811939e-15, 1.44371243205e-14, 1.14173441209e-13, 7.53777791053e-13, 2.8671713441e-12, 2.55758348527e-12, 1.57550118784e-11, 3.56210905217e-09], "median": [1.05470971903e-05, 0.000344140746165, 6.5238084062e-05, 5.53693025722e-05, 0.000109749431431, 0.000215890293475, 0.000137417518999, 4.40867916041e-05, 6.58569042571e-05, 3.73331859009e-05, 4.53423053841e-05, 0.000122877012473, 9.53784110607e-05, 9.3566653959e-05, 9.91431952571e-05, 9.73524583969e-05, 8.75742480275e-05, 6.99623924447e-05, 6.19638158241e-05, 4.08603445976e-05, 4.30447253166e-05, 8.8610813691e-06, 4.23113851866e-06, 2.36054711422e-06, 1.24355494791e-06, 5.91027102814e-08, 4.04521109942e-08], "dvar2": [1.0101854059e-05, 6.72029418638e-05, 6.0414091422e-05, 4.07816469306e-06, 4.06652588936e-06, 6.48875402476e-06, 5.46225419384e-06, 9.05227352632e-07, 1.61337902682e-05, 1.82687949746e-06, 5.49028891328e-06, 8.88634167495e-06, 4.57742726212e-06, 1.50333096371e-06, 2.36302685153e-06, 1.72262173237e-06, 4.59993742652e-07, 1.464438526e-07, 1.43574951039e-07, 7.70594184019e-08, 1.5866173726e-06, 1.45035610188e-08, 1.45862548706e-08, 2.6551700838e-09, 8.5533059746e-08, 2.91193447133e-09, 3.84857301583e-09], "var": [2.19701832975e-05, 0.000217095133848, 0.000435141875641, 2.32549155044e-06, 5.55771612198e-06, 9.7081401691e-06, 3.48412254425e-06, 2.52935478784e-06, 2.08034198295e-05, 2.52701806858e-06, 4.42994451078e-06, 1.07951827886e-05, 3.77302762899e-06, 1.5674684164e-06, 2.28325143325e-06, 2.15280601878e-06, 3.04337334001e-07, 1.91236864566e-07, 1.18874375232e-07, 7.78025395221e-08, 4.91247419632e-07, 4.65482763445e-09, 6.53812159968e-09, 1.37613154205e-09, 2.20493099334e-08, 7.25397242274e-10, 8.78794315096e-10], "dmean2": [0.000560753571335, 0.00373125611804, 0.00394986476749, 0.000824986957014, 0.000861220760271, 0.00101367780007, 0.000623430067208, 0.000273032550467, 0.000966821913607, 0.000355269206921, 0.000547495787032, 0.000657829106785, 0.000538661901373, 0.000439574563643, 0.000472014478873, 0.000358322489774, 0.000259971420746, 0.000176271947566, 0.00019342842279, 0.000116432405775, 0.000298464525258, 3.3058830013e-05, 4.3298190576e-05, 1.89292550203e-05, 6.76186464261e-05, 8.62441174831e-06, 1.74515971594e-05], "max": [0.0606454312801, 0.0839367359877, 0.101670123637, 0.0166139565408, 0.0154013354331, 0.0369785018265, 0.0522378236055, 0.0334103517234, 0.082608692348, 0.0284990910441, 0.0431177020073, 0.0713297426701, 0.0314834788442, 0.0244502089918, 0.0417471453547, 0.0478392653167, 0.0137609746307, 0.00902607943863, 0.00476121343672, 0.0061137098819, 0.0106079382822, 0.00125971646048, 0.000776065338869, 0.00101890100632, 0.00258110463619, 0.000613109732512, 0.000485497614136], "dmean": [0.00051850033924, 0.00243119872175, 0.00280261505395, 0.0004792897671, 0.000547067262232, 0.00067280814983, 0.000397234078264, 0.000197720190044, 0.000662330538034, 0.000246898591286, 0.00033844425343, 0.000443693337729, 0.000340499187587, 0.000276841310551, 0.000297538470477, 0.000229451878113, 0.000156227804837, 0.000111414592538, 0.000115419825306, 7.05837956048e-05, 0.000173633656232, 1.84982018254e-05, 2.71459066425e-05, 1.10955706987e-05, 3.90839813917e-05, 4.69324595542e-06, 9.81741141004e-06]}, "erbbands_spread": {"dvar": 46.7663574219, "mean": 31.7983837128, "min": 1.20454967022, "median": 25.6906585693, "dvar2": 105.497772217, "var": 358.959442139, "dmean2": 8.82343292236, "max": 116.580696106, "dmean": 5.70883464813}, "barkbands_kurtosis": {"dvar": 42250.3945312, "mean": 64.1339797974, "min": -1.97948098183, "median": 1.09964704514, "dvar2": 100054.632812, "var": 421272.0625, "dmean2": 28.5751361847, "max": 11628.3710938, "dmean": 18.0205879211}, "spectral_flux": {"dvar": 0.000506540352944, "mean": 0.0509199090302, "min": 8.8316759502e-05, "median": 0.0344551429152, "dvar2": 0.00112765841186, "var": 0.00225399434566, "dmean2": 0.0228619333357, "max": 0.354198604822, "dmean": 0.0142198959365}, "silence_rate_20dB": {"dvar": 0, "mean": 1, "min": 1, "median": 1, "dvar2": 0, "var": 0, "dmean2": 0, "max": 1, "dmean": 0}, "gfcc": {"cov": [[38870.8867188, 2433.55688477, 203.749420166, 4058.58911133, -1428.36901855, 1367.7956543, -1161.52966309, 488.688812256, -1469.76904297, 562.729125977, -810.797424316, -354.140411377, -606.623046875], [2433.55688477, 4405.58300781, 129.118148804, 289.1590271, 713.517700195, -240.374023438, 604.626037598, -78.363571167, 64.181137085, 44.7094154358, 14.9932889938, -71.7711029053, 219.632995605], [203.749420166, 129.118148804, 3364.7175293, 706.624816895, 1011.92108154, 718.402832031, 130.865997314, 285.034545898, 105.505577087, 88.3732299805, -116.623840332, -8.28631687164, -240.625045776], [4058.58911133, 289.1590271, 706.624816895, 1537.41308594, 309.692657471, 351.711853027, 120.477867126, -63.9189338684, -137.786712646, 19.2579860687, -229.092208862, -85.358253479, -168.368682861], [-1428.36901855, 713.517700195, 1011.92108154, 309.692657471, 1064.22680664, 206.329238892, 324.384216309, 101.365447998, 146.426818848, 3.79073882103, -25.0432453156, 4.95464229584, -105.364875793], [1367.7956543, -240.374023438, 718.402832031, 351.711853027, 206.329238892, 447.761993408, 28.9890842438, 139.384033203, -4.43144989014, 57.4195556641, -53.074962616, -12.2755737305, -107.598136902], [-1161.52966309, 604.626037598, 130.865997314, 120.477867126, 324.384216309, 28.9890842438, 455.984466553, -20.503162384, 124.630180359, 3.10719490051, -26.6666793823, 1.40604448318, 21.4076290131], [488.688812256, -78.363571167, 285.034545898, -63.9189338684, 101.365447998, 139.384033203, -20.503162384, 291.481262207, 37.8467178345, 42.0391578674, 21.2932224274, -14.6956129074, -9.76427268982], [-1469.76904297, 64.181137085, 105.505577087, -137.786712646, 146.426818848, -4.43144989014, 124.630180359, 37.8467178345, 211.677246094, 12.3606367111, 23.6718673706, 34.604434967, -21.8284549713], [562.729125977, 44.7094154358, 88.3732299805, 19.2579860687, 3.79073882103, 57.4195556641, 3.10719490051, 42.0391578674, 12.3606367111, 104.104736328, 10.9548568726, 8.50100135803, 3.98311829567], [-810.797424316, 14.9932889938, -116.623840332, -229.092208862, -25.0432453156, -53.074962616, -26.6666793823, 21.2932224274, 23.6718673706, 10.9548568726, 136.700027466, 36.2170333862, 66.5716934204], [-354.140411377, -71.7711029053, -8.28631687164, -85.358253479, 4.95464229584, -12.2755737305, 1.40604448318, -14.6956129074, 34.604434967, 8.50100135803, 36.2170333862, 106.319404602, 22.8696670532], [-606.623046875, 219.632995605, -240.625045776, -168.368682861, -105.364875793, -107.598136902, 21.4076290131, -9.76427268982, -21.8284549713, 3.98311829567, 66.5716934204, 22.8696670532, 226.017303467]], "mean": [-128.318496704, 98.5218734741, -147.095565796, 17.4605045319, -38.8477210999, -2.76779723167, -26.6389331818, -2.27327919006, -10.1406822205, 1.18510174751, -2.35949230194, -3.95084452629, -0.318684667349], "icov": [[0.000151632339112, -0.000226409989409, 9.75822476903e-05, -0.000284122448647, 0.000317066442221, -0.000330505834427, 0.000344757718267, -0.000443172320956, 0.0006309748278, -0.00051723967772, 0.000415819056798, -0.00038834483712, 0.000444768200396], [-0.000226409989409, 0.000697280513123, -0.000163264325238, 0.000337791192578, -0.000694942194968, 0.000874957302585, -0.000862756511196, 0.000667179818265, -0.000784038042184, 0.000432636617916, -0.000714775756933, 0.000884052366018, -0.000966606137808], [9.75822476903e-05, -0.000163264325238, 0.00067010341445, -0.000212266138988, -0.000273490877589, -0.000926617474761, 0.000528661883436, -0.000349957117578, 0.000220225352678, -0.000404261547374, 0.000518213724717, -0.000322721956763, 0.000250445533311], [-0.000284122448647, 0.000337791192578, -0.000212266138988, 0.00177632644773, -0.000779792782851, -0.000189402577234, -0.000794427643996, 0.0013936542673, -0.000378591939807, 0.000772334227804, 0.000545597926248, 0.000916823802982, -0.000615442462731], [0.000317066442221, -0.000694942194968, -0.000273490877589, -0.000779792782851, 0.00270332372747, -0.00064413738437, -0.000245834788075, -0.0013528423151, 0.000912094314117, -0.000325861357851, 0.000148207633174, -0.00113964464981, 0.00173816608731], [-0.000330505834427, 0.000874957302585, -0.000926617474761, -0.000189402577234, -0.00064413738437, 0.00594905670732, -0.00157879514154, -0.000831256213132, -0.000486947770696, -0.000501959060784, -0.00117210345343, 0.000477800698718, 3.92564907088e-05], [0.000344757718267, -0.000862756511196, 0.000528661883436, -0.000794427643996, -0.000245834788075, -0.00157879514154, 0.00494911568239, -0.00023186733597, -0.000972020323388, -0.00102135248017, 0.00212844647467, -0