{"tonal": {"chords_key": "B", "hpcp_entropy": {"dmean": 0.566193938255, "dmean2": 0.957528233528, "max": 4.53855514526, "dvar": 0.251511394978, "mean": 1.75767672062, "dvar2": 0.677287518978, "min": 0, "var": 0.678890645504, "median": 1.75186753273}, "key_key": "E", "chords_strength": {"dmean": 0.0101312277839, "dmean2": 0.00944108422846, "max": 0.811741232872, "dvar": 0.000203739633434, "mean": 0.472644895315, "dvar2": 0.000353349751094, "min": -1, "var": 0.0226911399513, "median": 0.474346935749}, "key_scale": "minor", "chords_number_rate": 0.00151795137208, "thpcp": [1, 0.797935366631, 0.5310562253, 0.447819322348, 0.338779747486, 0.35200715065, 0.367979556322, 0.288413137197, 0.316163092852, 0.441259890795, 0.453376233578, 0.511401712894, 0.57584798336, 0.468227535486, 0.437470525503, 0.473732769489, 0.413988500834, 0.52428227663, 0.662877380848, 0.545578718185, 0.548379182816, 0.622848272324, 0.512592732906, 0.499157249928, 0.461191505194, 0.331099480391, 0.340351372957, 0.350061058998, 0.29676514864, 0.356636404991, 0.436986267567, 0.396885693073, 0.426678717136, 0.463354945183, 0.42336088419, 0.673146665096], "key_strength": 0.627472996712, "tuning_nontempered_energy_ratio": 0.802536547184, "tuning_frequency": 441.017791748, "chords_changes_rate": 0.0808474123478, "tuning_diatonic_strength": 0.457570791245, "chords_scale": "minor", "chords_histogram": [4.96304130554, 4.10506868362, 13.9387540817, 3.2602956295, 2.58051753044, 2.58711719513, 0.732576549053, 3.79487848282, 4.11166858673, 13.3513727188, 3.62988376617, 2.3627243042, 2.57391762733, 1.80174231529, 2.0789334774, 2.00633573532, 2.31652593613, 4.91684246063, 3.76187968254, 7.20696926117, 4.83764505386, 3.94007396698, 3.29989433289, 1.84134101868], "tuning_equal_tempered_deviation": 0.0800402686, "hpcp": {"dmean": [0.0929979160428, 0.0865531563759, 0.0890582874417, 0.0918571352959, 0.0860916525126, 0.102249965072, 0.124745577574, 0.115206614137, 0.103008672595, 0.0839027836919, 0.0671561062336, 0.0655524805188, 0.0648004338145, 0.0567768067122, 0.0587877109647, 0.0701849684119, 0.0779004991055, 0.0816984474659, 0.0870523676276, 0.0825720205903, 0.0818194523454, 0.0873394086957, 0.0928533673286, 0.0980427265167, 0.110742211342, 0.112277269363, 0.107623614371, 0.105340406299, 0.104827448726, 0.0956422537565, 0.0925829857588, 0.084645293653, 0.0763957798481, 0.0761660784483, 0.0784325227141, 0.0865532234311], "dmean2": [0.161512449384, 0.151214405894, 0.154432371259, 0.160775110126, 0.149726480246, 0.173906341195, 0.210242494941, 0.193440541625, 0.174872100353, 0.142130002379, 0.113926142454, 0.110795162618, 0.108016885817, 0.0966953113675, 0.0986726731062, 0.117349497974, 0.131542697549, 0.136005565524, 0.146225005388, 0.140093460679, 0.138946831226, 0.147376507521, 0.159240230918, 0.167182356119, 0.188208296895, 0.193356916308, 0.183540701866, 0.179079517722, 0.18118815124, 0.166114896536, 0.162838608027, 0.149491965771, 0.133898898959, 0.133445546031, 0.138905525208, 0.152499824762], "max": [1, 1, 1, 1, 1, 1, 1, 1, 1, 1, 1, 1, 1, 1, 1, 1, 1, 1, 1, 1, 1, 1, 1, 1, 1, 1, 1, 1, 1, 1, 1, 1, 1, 1, 1, 1], "dvar": [0.0349135957658, 0.0283695273101, 0.0282957851887, 0.0304918047041, 0.0247826427221, 0.0253077298403, 0.0364508740604, 0.0291989333928, 0.0301749892533, 0.0238088592887, 0.0180700942874, 0.0184511691332, 0.0184680018574, 0.0144920544699, 0.014863409102, 0.0205827094615, 0.0223644655198, 0.021203989163, 0.0264624673873, 0.0219314210117, 0.021950462833, 0.0268019381911, 0.0287241339684, 0.0316538251936, 0.0394186601043, 0.0371892340481, 0.0326465182006, 0.0320489108562, 0.0304032061249, 0.0302351955324, 0.0310988239944, 0.0287313237786, 0.0250380057842, 0.0274852886796, 0.0280275065452, 0.031687002629], "mean": [0.121440649033, 0.110296502709, 0.118576131761, 0.128768637776, 0.117654085159, 0.187070801854, 0.277904957533, 0.221750199795, 0.147583156824, 0.124451212585, 0.094148568809, 0.0978245288134, 0.102263338864, 0.0801514387131, 0.0878632888198, 0.122628308833, 0.125995501876, 0.142121076584, 0.16003100574, 0.130122750998, 0.12157522887, 0.13165268302, 0.11504945904, 0.145700648427, 0.184216916561, 0.151619032025, 0.152397289872, 0.173092618585, 0.142452061176, 0.138718277216, 0.128167405725, 0.0920141860843, 0.0945853367448, 0.097283706069, 0.0824725031853, 0.0991110280156], "dvar2": [0.0921244472265, 0.076382599771, 0.0755291432142, 0.0821522921324, 0.0681910738349, 0.0659158974886, 0.0916729047894, 0.075259424746, 0.0772491022944, 0.0607116855681, 0.04840580374, 0.0476640015841, 0.0464330203831, 0.0378846786916, 0.0389221273363, 0.0510114319623, 0.0586119927466, 0.0536277368665, 0.0645263269544, 0.0571769699454, 0.0564693771303, 0.0666354298592, 0.0761689096689, 0.0821449235082, 0.097873263061, 0.0935900509357, 0.0838422775269, 0.0814743861556, 0.082310192287, 0.0790938735008, 0.082860685885, 0.0788425281644, 0.0665820613503, 0.0737142562866, 0.0765088796616, 0.085520260036], "min": [0, 0, 0, 0, 0, 0, 0, 0, 0, 0, 0, 0, 0, 0, 0, 0, 0, 0, 0, 0, 0, 0, 0, 0, 0, 0, 0, 0, 0, 0, 0, 0, 0, 0, 0, 0], "var": [0.0557149574161, 0.0421053096652, 0.0455953553319, 0.0556424222887, 0.0409068614244, 0.0675468072295, 0.121585033834, 0.0850745663047, 0.0578927211463, 0.0500608608127, 0.0332496091723, 0.0378987267613, 0.0428631193936, 0.0276888553053, 0.0296706221998, 0.0545535311103, 0.0511592887342, 0.0543964840472, 0.0743314176798, 0.0481728091836, 0.0464088506997, 0.0574910677969, 0.0422779843211, 0.0604807585478, 0.0904127955437, 0.0599134266376, 0.0593164712191, 0.0748146623373, 0.0505199693143, 0.059707891196, 0.0581061244011, 0.0326859988272, 0.0383176729083, 0.0443966574967, 0.0304841473699, 0.038612049073], "median": [0.0186589732766, 0.0223251208663, 0.0258721336722, 0.027025192976, 0.0270973760635, 0.0622318387032, 0.0893853753805, 0.0727103203535, 0.0341444835067, 0.0219907239079, 0.0169145073742, 0.0172758735716, 0.017622563988, 0.0156063232571, 0.0173655189574, 0.02058987692, 0.0264562573284, 0.0343212559819, 0.0321936458349, 0.0291567016393, 0.0268568657339, 0.0221735313535, 0.0216514617205, 0.028042467311, 0.0318489149213, 0.0359515883029, 0.0412686541677, 0.0456817820668, 0.0428487807512, 0.0293866991997, 0.0227088332176, 0.0185763835907, 0.0151287466288, 0.013864104636, 0.0134515874088, 0.0162028968334]}}, "lowlevel": {"melbands_flatness_db": {"dmean": 0.0226077307016, "dmean2": 0.0334019362926, "max": 0.550243079662, "dvar": 0.000572772754822, "mean": 0.220058754086, "dvar2": 0.00111491931602, "min": 0.00307655357756, "var": 0.00585540337488, "median": 0.214943006635}, "melbands_crest": {"dmean": 2.99044728279, "dmean2": 4.77335214615, "max": 34.7182502747, "dvar": 7.81060695648, "mean": 14.3793964386, "dvar2": 19.130361557, "min": 1.63359928131, "var": 34.0313911438, "median": 13.2686414719}, "spectral_entropy": {"dmean": 0.160885423422, "dmean2": 0.24405311048, "max": 9.79762554169, "dvar": 0.0313347764313, "mean": 7.26904773712, "dvar2": 0.0659210979939, "min": 4.71207809448, "var": 0.273104220629, "median": 7.29473400116}, "melbands": {"dmean": [0.000243129456067, 0.00101057125721, 0.000392344489228, 0.000282545021037, 0.000244173075771, 0.000236734820646, 0.000206991462619, 0.0002366205008, 0.000178102520294, 0.000142873948789, 6.12459189142e-05, 4.65258090117e-05, 3.62353603123e-05, 2.24305949814e-05, 2.70431282843e-05, 1.72641430254e-05, 1.76284956979e-05, 9.74085924099e-06, 9.2429236247e-06, 1.19370943139e-05, 8.78470473253e-06, 5.9827534642e-06, 4.18001582148e-06, 3.60140620614e-06, 3.00792748931e-06, 2.46289710049e-06, 2.40438816945e-06, 1.7987067622e-06, 2.22974608732e-06, 1.38762243296e-06, 1.20937852444e-06, 9.48526576394e-07, 5.42939915249e-07, 4.53968652891e-07, 2.9987197081e-07, 2.07885179293e-07, 1.89233986703e-07, 1.61451481517e-07, 1.74475303538e-07, 1.534483971e-07], "dmean2": [0.00036254627048, 0.00151300849393, 0.00064229988493, 0.000450123130577, 0.000389045104384, 0.000370277935872, 0.000324838940287, 0.000362324470188, 0.000261358101852, 0.000209250691114, 9.23434417928e-05, 6.80856683175e-05, 5.36343577551e-05, 3.40898914146e-05, 4.13750603911e-05, 2.64992013399e-05, 2.70572691079e-05, 1.48935278048e-05, 1.40729571285e-05, 1.78546979441e-05, 1.32503000714e-05, 9.10836024559e-06, 6.37807261228e-06, 5.64610400033e-06, 4.72196825285e-06, 3.87557975046e-06, 3.86277224607e-06, 2.83324447992e-06, 3.5236171243e-06, 2.21323807637e-06, 1.92634547602e-06, 1.55864211138e-06, 8.81279220266e-07, 7.49913795062e-07, 4.85174666665e-07, 3.32883331566e-07, 3.03735504303e-07, 2.59214203879e-07, 2.73860678135e-07, 2.41934657197e-07], "max": [0.0134673248976, 0.0638048127294, 0.0273761935532, 0.025204423815, 0.0235853549093, 0.016883386299, 0.0170894581825, 0.0148301385343, 0.0197836142033, 0.0175384283066, 0.00761881098151, 0.0145917581394, 0.00706206820905, 0.0038333456032, 0.00835241004825, 0.00202340399846, 0.00584678258747, 0.00866803061217, 0.00323794502765, 0.00156297965441, 0.00229034596123, 0.00134149182122, 0.000779281719588, 0.000870787596796, 0.000792676175479, 0.000545733142644, 0.000666882959194, 0.000163380187587, 0.000555587001145, 0.000257066247286, 0.000164022188983, 0.0002930535411, 9.0961701062e-05, 0.000102779828012, 8.6301821284e-05, 5.53432219021e-05, 3.84687446058e-05, 4.65954908577e-05, 5.40108921996e-05, 5.34158134542e-05], "dvar": [4.08742351965e-07, 7.91632737673e-06, 1.77821380021e-06, 3.9288016751e-07, 2.53385792348e-07, 2.85675440637e-07, 1.96688304754e-07, 2.81382313005e-07, 2.93293709319e-07, 2.06434819461e-07, 3.01811162728e-08, 3.07368210883e-08, 1.56127963891e-08, 4.48551507048e-09, 9.10171849e-09, 2.27529817209e-09, 5.06057817873e-09, 2.91150947795e-09, 9.10340969273e-10, 1.54552981524e-09, 1.13357279119e-09, 4.35482983008e-10, 1.90355869956e-10, 1.7655799045e-10, 7.44222045101e-11, 6.29539476105e-11, 4.78124519143e-11, 1.81306740454e-11, 6.20753587421e-11, 1.84100720779e-11, 1.24668469992e-11, 1.24402519536e-11, 3.60093487146e-12, 3.82339255742e-12, 1.42235225334e-12, 6.43212750857e-13, 4.32701400752e-13, 3.69984208201e-13, 5.41126117439e-13, 3.85092104689e-13], "mean": [0.00047826897935, 0.00174899271224, 0.000589379225858, 0.000519371940754, 0.000466101046186, 0.000468666403322, 0.000447738188086, 0.000494668085594, 0.000372758891899, 0.000294838071568, 0.000120231678011, 9.91106790025e-05, 7.2196839028e-05, 4.39103787357e-05, 5.49893375137e-05, 3.44929430867e-05, 3.42214189004e-05, 1.88929861906e-05, 1.8848639229e-05, 2.50102293649e-05, 1.91560884559e-05, 1.29190575535e-05, 8.90781575436e-06, 7.59096337788e-06, 6.36000913801e-06, 5.36260176887e-06, 4.96446273246e-06, 4.00242424803e-06, 5.00342912346e-06, 3.04762420456e-06, 2.67557516054e-06, 1.78530262929e-06, 1.01798673313e-06, 7.64793071539e-07, 5.71203543132e-07, 4.14544444993e-07, 3.47472450812e-07, 2.84571370912e-07, 2.88544242721e-07, 2.52694263736e-07], "dvar2": [8.60382328938e-07, 1.6657055312e-05, 4.79126720165e-06, 1.01559896848e-06, 6.1164945464e-07, 6.93078277436e-07, 4.97330290727e-07, 7.42472195725e-07, 5.57219493658e-07, 3.87949739888e-07, 6.72949838076e-08, 5.97395910518e-08, 3.14504013943e-08, 9.58932222517e-09, 1.92625684292e-08, 4.97807750577e-09, 1.12030855703e-08, 6.64529409278e-09, 2.00940286632e-09, 3.29692584344e-09, 2.57096810508e-09, 9.41069666638e-10, 4.23512919179e-10, 4.20709522775e-10, 1.76992726031e-10, 1.6207082898e-10, 1.1394851035e-10, 4.23013499229e-11, 1.58574903208e-10, 4.67397995307e-11, 2.93434651577e-11, 3.32351403343e-11, 9.41177170921e-12, 1.03421889108e-11, 3.7902576043e-12, 1.62188383383e-12, 1.07631069855e-12, 9.0632931932e-13, 1.28546489859e-12, 9.54410270433e-13], "min": [1.09733447036e-23, 4.76932957623e-24, 4.8253296286e-24, 1.45531505264e-24, 1.11666314026e-23, 1.82023232552e-23, 2.09958706249e-23, 2.848958143e-24, 6.93416703184e-24, 1.31432494072e-23, 1.4642539511e-23, 1.50090458653e-23, 6.07369096706e-24, 4.81948377487e-24, 4.27654434039e-24, 5.22236450549e-24, 4.21658381185e-24, 7.26012751333e-24, 9.38695646723e-24, 1.27285081529e-23, 9.18461522276e-24, 1.09076262793e-23, 8.10128043023e-24, 1.12429268739e-23, 2.02179938189e-23, 1.22517561205e-23, 8.97635909923e-24, 9.40494486245e-24, 1.10994882955e-23, 6.16394769867e-24, 1.1763021291e-23, 1.11794148935e-23, 1.08872263363e-23, 8.1263646293e-24, 1.10872412299e-23, 8.60160362645e-24, 9.84771907792e-24, 1.08190308887e-23, 1.16838622546e-23, 1.02976750831e-23], "var": [1.12154395993e-06, 1.75230270543e-05, 1.83230690709e-06, 8.25468646326e-07, 6.73274485052e-07, 9.16395549666e-07, 7.88048339473e-07, 8.46991383696e-07, 1.02656144918e-06, 6.8756435212e-07, 9.19948917044e-08, 1.50611001004e-07, 5.34773150207e-08, 1.34286839426e-08, 3.26237703518e-08, 6.71233069127e-09, 1.39359661588e-08, 7.83747378108e-09, 3.40707884128e-09, 6.09261441298e-09, 5.34653521456e-09, 1.73089531597e-09, 6.44628128654e-10, 6.21533324807e-10, 2.53157911301e-10, 1.57046251004e-10, 1.44444331496e-10, 6.06234090705e-11, 1.81701209634e-10, 4.67971147944e-11, 3.90693033481e-11, 1.82302957452e-11, 6.83260956494e-12, 4.66489173678e-12, 2.31149301089e-12, 1.48866672028e-12, 8.42305175261e-13, 8.25207469631e-13, 1.03270929135e-12, 6.75816661747e-13], "median": [0.000109133776277, 0.000334181386279, 0.000175427310751, 0.000205990363611, 0.000209846941289, 0.000127090112073, 0.000151631844346, 0.000140765623655, 7.67756573623e-05, 5.54212783754e-05, 1.90767314052e-05, 1.04603186628e-05, 1.17713252621e-05, 9.6182748166e-06, 1.1093376088e-05, 8.03269358585e-06, 6.03401258559e-06, 3.29281783706e-06, 3.88734633816e-06, 3.12108750222e-06, 2.09305972021e-06, 2.20373749471e-06, 1.98938573703e-06, 1.84420071037e-06, 1.92855782188e-06, 1.70390808307e-06, 1.65495112014e-06, 1.33827882109e-06, 1.33955347792e-06, 7.70595420363e-07, 7.72002181293e-07, 5.74978571422e-07, 2.87480759198e-07, 2.16615788418e-07, 1.59142629741e-07, 1.09907581702e-07, 9.14117066486e-08, 6.65252173349e-08, 5.97489133725e-08, 5.3892240004e-08]}, "silence_rate_60dB": {"dmean": 0.0163685567677, "dmean2": 0.0327381938696, "max": 1, "dvar": 0.0161059927195, "mean": 0.179619178176, "dvar2": 0.0361017584801, "min": 0, "var": 0.147325336933, "median": 0}, "spectral_energyband_middle_high": {"dmean": 0.00103727157693, "dmean2": 0.00151475763414, "max": 0.104659460485, "dvar": 5.19277409694e-06, "mean": 0.00343616958708, "dvar2": 1.10163337013e-05, "min": 1.48860804362e-21, "var": 2.93545053864e-05, "median": 0.00156225159299}, "erbbands_skewness": {"dmean": 0.345540195704, "dmean2": 0.528808176517, "max": 8.52750396729, "dvar": 0.113296307623, "mean": 0.892736673355, "dvar2": 0.257719963789, "min": -2.74059939384, "var": 0.950533330441, "median": 0.815501391888}, "dynamic_complexity": 5.59605360031, "dissonance": {"dmean": 0.0238924697042, "dmean2": 0.0403139255941, "max": 0.500000178814, "dvar": 0.000529324752279, "mean": 0.442828685045, "dvar2": 0.00144451973028, "min": 0.138887882233, "var": 0.00189033837523, "median": 0.452568024397}, "spectral_skewness": {"dmean": 0.199189200997, "dmean2": 0.326397389174, "max": 7.08610010147, "dvar": 0.0435308851302, "mean": 1.69228768349, "dvar2": 0.107679180801, "min": 0.0224004928023, "var": 0.299022376537, "median": 1.59883737564}, "spectral_kurtosis": {"dmean": 1.53549706936, "dmean2": 2.60283255577, "max": 72.1622619629, "dvar": 3.77756619453, "mean": 5.21374750137, "dvar2": 10.4814329147, "min": -1.19880461693, "var": 15.0380191803, "median": 4.26932907104}, "gfcc": {"cov": [[18282.5703125, 1785.09936523, 181.585708618, 422.723175049, 103.838874817, -107.752960205, -209.516998291, 230.837936401, -20.8016338348, 114.191268921, -277.414794922, 223.883544922, -77.4025344849], [1785.09936523, 1437.86206055, 209.455734253, 73.0525741577, 193.326644897, -32.6184425354, 107.417861938, -37.1944122314, 58.7983703613, -45.8369026184, 58.4659919739, -39.769241333, 45.9026679993], [181.585708618, 209.455734253, 1675.09985352, 382.324371338, 338.802154541, 207.068267822, 129.43812561, 135.797866821, -76.9451446533, 76.303237915, -35.7083930969, 147.77722168, -77.8043670654], [422.723175049, 73.0525741577, 382.324371338, 545.092285156, 214.661315918, 154.703521729, 81.4584274292, 48.2447929382, -0.288907945156, 7.30222511292, -18.9009742737, 10.153219223, -6.80826759338], [103.838874817, 193.326644897, 338.802154541, 214.661315918, 409.00579834, 130.516174316, 116.113983154, 66.8423614502, 34.2610473633, 23.3706798553, -23.3931007385, 12.7175827026, -20.7204799652], [-107.752960205, -32.6184425354, 207.068267822, 154.703521729, 130.516174316, 221.453231812, 76.4668807983, 58.5571212769, 9.48300647736, 16.5687294006, -13.6988191605, 13.4778633118, -14.0592002869], [-209.516998291, 107.417861938, 129.43812561, 81.4584274292, 116.113983154, 76.4668807983, 158.172088623, 63.194278717, 42.4629745483, -0.839179039001, 5.73039388657, -11.2221336365, -2.20841550827], [230.837936401, -37.1944122314, 135.797866821, 48.2447929382, 66.8423614502, 58.5571212769, 63.194278717, 135.706832886, 43.8571281433, 24.3235492706, -27.2610034943, 10.104552269, -22.5850543976], [-20.8016338348, 58.7983703613, -76.9451446533, -0.288907945156, 34.2610473633, 9.48300647736, 42.4629745483, 43.8571281433, 115.313682556, 20.1895179749, 5.90889930725, -29.4816913605, 7.67168426514], [114.191268921, -45.8369026184, 76.303237915, 7.30222511292, 23.3706798553, 16.5687294006, -0.839179039001, 24.3235492706, 20.1895179749, 92.6999359131, 26.483833313, 24.8804645538, -19.0584030151], [-277.414794922, 58.4659919739, -35.7083930969, -18.9009742737, -23.3931007385, -13.6988191605, 5.73039388657, -27.2610034943, 5.90889930725, 26.483833313, 99.7869415283, 26.6606674194, 14.3700065613], [223.883544922, -39.769241333, 147.77722168, 10.153219223, 12.7175827026, 13.4778633118, -11.2221336365, 10.104552269, -29.4816913605, 24.8804645538, 26.6606674194, 111.070625305, 24.7938747406], [-77.4025344849, 45.9026679993, -77.8043670654, -6.80826759338, -20.7204799652, -14.0592002869, -2.20841550827, -22.5850543976, 7.67168426514, -19.0584030151, 14.3700065613, 24.7938747406, 100.55116272]], "mean": [-61.3328704834, 91.7749404907, -118.817993164, 19.6313400269, -69.2358093262, -0.52320420742, -35.7684898376, 5.18262004852, -25.8248119354, 9.71602344513, -18.7487621307, -2.36383700371, -15.1654548645], "icov": [[0.00010072535224, -0.000221024107304, 0.00010941792425, -0.000154338864377, 0.000103067432065, 5.14449020557e-05, 0.000199520858587, -0.000245108210947, 6.99828015058e-05, -0.000274792662822, 0.000540040433407, -0.000486910750624, 0.000215871739783], [-0.000221024107304, 0.00142603460699, -0.000481621158542, 0.000398730713641, -0.000714987167157, 0.00035143335117, -0.000749110244215, 0.000962023157626, -0.000630702998023, 0.00127053959295, -0.00197354820557, 0.00165989436209, -0.000903694075532], [0.00010941792425, -0.000481621158542, 0.00124044739641, -0.000597663223743, -0.000135776150273, -0.000116074799735, -0.000251956837019, -0.000696049130056, 0.00102231837809, -0.00094262388302, 0.0012581476476, -0.00197936990298, 0.00106897763908], [-0.000154338864377, 0.000398730713641, -0.000597663223743, 0.00299149914645, -0.00103658891749, -0.00124555476941, -0.000219285619096, 0.000415588758187, 9.78696771199e-05, 0.000689689593855, -0.00105557753704, 0.00152503151912, -0.000961902725976], [0.000103067432065, -0.000714987167157, -0.000135776150273, -0.00103658891749, 0.00448836712167, -0.000949775741901, -0.00163436250295, 0.000262030836893, -0.000795108848251, -0.00120008923113, 0.00216610194184, -0.00144472613465, 0.000925442378502], [5.14449020557e-05, 0.00035143335117, -0.000116074799735, -0.00124555476941, -0.000949775741901, 0.00717830657959, -0.00197560433298, -0.00105961540248, 0.000528277421836, -0.000584558118135, 0.000471346953418, -0.000444447970949, 0.000122712255688], [0.000199520858587, -0.000749110244215, -0.000251956837019, -0.000219285619096, -0.00163436250295, -0.00197560433298, 0.0121577484533, -0.00491886259988, -0.00150355882943, 0.00229685218073, -0.00270828139037, 0.00166670768522, -0.000638951198198], [-0.000245108210947, 0.000962023157626, -0.000696049130056, 0.000415588758187, 0.000262030836893, -0.00105961540248, -0.00491886259988, 0.0145159149542, -0.00550596043468, -0.00112710415851, 0.00374677614309, -0.00259889708832, 0.00223178882152], [6.99828015058e-05, -0.000630702998023, 0.00102231837809, 9.78696771199e-05, -0.000795108848251, 0.000528277421836, -0.00150355882943, -0.00550596043468, 0.0147279826924, -0.00448668049648, -0.00101254507899, 0.00450264848769, -0.00315989437513], [-0.000274792662822, 0.00127053959295, -0.00094262388302, 0.000689689593855, -0.00120008923113, -0.000584558118135, 0.00229685218073, -0.00112710415851, -0.00448668049648, 0.0170619748533, -0.00685349851847, -0.00126367958728, 0.00286130071618], [0.000540040433407, -0.00197354820557, 0.0012581476476, -0.00105557753704, 0.00216610194184, 0.000471346953418, -0.00270828139037, 0.00374677614309, -0.00101254507899, -0.00685349851847, 0.0184157695621, -0.00779958302155, 0.00158269924577], [-0.000486910750624, 0.00165989436209, -0.00197936990298, 0.00152503151912, -0.00144472613465, -0.000444447970949, 0.00166670768522, -0.00259889708832, 0.00450264848769, -0.00126367958728, -0.00779958302155, 0.018734395504, -0.00755582284182], [0.000215871739783, -0.000903694075532, 0.00106897763908, -0.000961902725976, 0.000925442378502, 0.000122712255688, -0.000638951198198, 0.00223178882152, -0.00315989437513, 0.00286130071618, 0.00158269924577, -0.00755582284182, 0.0144013883546]]}, "spectral_complexity": {"dmean": 1.97544717789, "dmean2": 3.13765215874, "max": 55, "dvar": 6.42335987091, "mean": 11.9037055969, "dvar2": 13.7418651581, "min": 0, "var": 67.1852493286, "median": 11}, "spectral_flux": {"dmean": 0.0180718209594, "dmean2": 0.0296379812062, "max": 0.391868889332, "dvar": 0.000682457175571, "mean": 0.057488180697, "dvar2": 0.00166691769846, "min": 1.01791908236e-10, "var": 0.00191707734484, "median": 0.0498929433525}, "spectral_energyband_low": {"dmean": 0.00347742484882, "dmean2": 0.00523991789669, "max": 0.197129592299, "dvar": 9.13482581382e-05, "mean": 0.00638339342549, "dvar2": 0.000197115601622, "min": 5.63080646884e-23, "var": 0.000201231887331, "median": 0.00158715562429}, "spectral_decrease": {"dmean": 1.74500447425e-09, "dmean2": 2.62138866169e-09, "max": 7.05144009805e-18, "dvar": 9.77097586001e-18, "mean": -5.53905143974e-09, "dvar2": 2.22812595802e-17, "min": -5.67758746683e-08, "var": 3.38784790063e-17, "median": -3.95941102127e-09}, "barkbands_spread": {"dmean": 3.80744886398, "dmean2": 5.93414783478, "max": 108.873794556, "dvar": 28.9641361237, "mean": 15.6240167618, "dvar2": 67.675201416, "min": 0.219339817762, "var": 118.463546753, "median": 13.2252054214}, "spectral_rms": {"dmean": 0.000611132767517, "dmean2": 0.000903572421521, "max": 0.0145721668378, "dvar": 6.69441021728e-07, "mean": 0.00401147408411, "dvar2": 1.43556155763e-06, "min": 3.17944498854e-12, "var": 5.54325561097e-06, "median": 0.00395058374852}, "spectral_centroid": {"dmean": 175.447265625, "dmean2": 270.385009766, "max": 10839.4541016, "dvar": 47927.375, "mean": 1133.81408691, "dvar2": 105796, "min": 132.740905762, "var": 456875.6875, "median": 949.168701172}, "barkbands_skewness": {"dmean": 0.472098827362, "dmean2": 0.718541562557, "max": 15.0220079422, "dvar": 0.2743011415, "mean": 1.75731241703, "dvar2": 0.609751582146, "min": -2.80636334419, "var": 2.11388087273, "median": 1.55706214905}, "spectral_rolloff": {"dmean": 303.58114624, "dmean2": 515.625, "max": 20994.8730469, "dvar": 512263.40625, "mean": 1324.60778809, "dvar2": 1266802.25, "min": 86.1328125, "var": 3583937, "median": 796.728515625}, "erbbands_spread": {"dmean": 6.0698018074, "dmean2": 9.37732028961, "max": 152.280517578, "dvar": 55.2822303772, "mean": 32.075592041, "dvar2": 125.906967163, "min": 0.698496162891, "var": 330.423980713, "median": 29.018032074}, "barkbands": {"dmean": [2.60042884292e-06, 0.0014477946097, 0.00216584047303, 0.000700317497831, 0.0013595179189, 0.00116466602776, 0.00121139991097, 0.000803485163487, 0.00111559184734, 0.000335722696036, 0.000286066700937, 0.000225805677474, 0.000181698385859, 0.000176430563442, 0.000118638643471, 0.000155301007908, 0.000101104917121, 7.14839188731e-05, 6.63837854518e-05, 6.07598994975e-05, 6.15978278802e-05, 3.43204192177e-05, 1.84040036402e-05, 1.35993059303e-05, 1.62530122907e-05, 2.85725636786e-05, 3.52873848897e-06], "dmean2": [4.36623577116e-06, 0.00215434725396, 0.0033345988486, 0.00119076913688, 0.00215643877164, 0.00183491886128, 0.00187374663074, 0.00125012989156, 0.00162293110043, 0.000503119372297, 0.000424108700827, 0.000347606110154, 0.000278705236269, 0.000270320859272, 0.000180716247996, 0.000232542428421, 0.000154128370923, 0.000111704677693, 0.000103885191493, 9.58504824666e-05, 9.64670616668e-05, 5.52482706553e-05, 2.98455470329e-05, 2.14597439481e-05, 2.44870461756e-05, 4.6749602916e-05, 6.01613646722e-06], "max": [0.000768288271502, 0.0879519805312, 0.161557123065, 0.0617543384433, 0.11957988888, 0.073360979557, 0.0721235945821, 0.0619545206428, 0.139722675085, 0.0901778936386, 0.0455473586917, 0.0436677373946, 0.0554199367762, 0.0945023074746, 0.0325134545565, 0.0230081267655, 0.0270527210087, 0.0129508115351, 0.0117409583181, 0.00772784743458, 0.0111367795616, 0.00922674871981, 0.00525296712294, 0.00324039673433, 0.00436842860654, 0.00637071020901, 0.000975512259174], "dvar": [3.14872794505e-10, 1.55938050739e-05, 4.30875516031e-05, 7.34233299227e-06, 8.53011897561e-06, 6.37816083326e-06, 5.92515880271e-06, 3.89442311644e-06, 1.27248267745e-05, 1.43916918205e-06, 9.04324906514e-07, 4.90787158469e-07, 3.21216845123e-07, 6.66649555114e-07, 1.25676137941e-07, 2.70925085033e-07, 1.19077711247e-07, 5.30551780287e-08, 3.87421295045e-08, 2.15511093415e-08, 3.86943916908e-08, 1.47514258586e-08, 5.52988144165e-09, 2.39150388381e-09, 4.06066558156e-09, 2.30926495703e-08, 4.09229261589e-10], "mean": [3.54649182555e-06, 0.00279030855745, 0.00318206730299, 0.000883818254806, 0.0025855419226, 0.0023030845914, 0.00255613191985, 0.00160878791939, 0.00229764031246, 0.000682898797095, 0.000555521808565, 0.000431296793977, 0.000373064744053, 0.000342814426403, 0.000238002481638, 0.000334096577717, 0.000220359521336, 0.000153670524014, 0.000149986401084, 0.000139470634167, 0.000152462569531, 6.98906078469e-05, 3.61114362022e-05, 2.59785720118e-05, 2.71301523753e-05, 2.95076879411e-05, 2.84598968392e-06], "dvar2": [8.45745529165e-10, 3.21660409099e-05, 9.53652415774e-05, 1.99807527679e-05, 2.10549278563e-05, 1.56914902618e-05, 1.46360480358e-05, 9.67027699517e-06, 2.37237600231e-05, 2.8224549169e-06, 1.85904934824e-06, 1.05570290998e-06, 6.86525879701e-07, 1.50503933583e-06, 2.82757071091e-07, 6.02959005391e-07, 2.64730147137e-07, 1.21534625919e-07, 9.65829158872e-08, 5.09157018769e-08, 9.6271300265e-08, 3.92550596473e-08, 1.46066962969e-08, 5.69972735676e-09, 9.47417788666e-09, 6.07588077628e-08, 1.06500119834e-09], "min": [2.57478945651e-23, 2.94717739993e-23, 4.91008484426e-24, 1.36933647149e-23, 9.1449804843e-24, 9.40705648532e-23, 7.69121270344e-23, 2.82791677719e-23, 1.05394953448e-22, 9.30226420267e-23, 4.77311397866e-23, 4.40107360735e-23, 4.21581435692e-23, 5.41868682014e-23, 1.13472958538e-22, 1.47806696866e-22, 1.81868284493e-22, 2.5274212306e-22, 3.84656907757e-22, 2.95803856309e-22, 4.42610391143e-22, 5.15870451907e-22, 5.44385110436e-22, 9.03117953633e-22, 1.09696841681e-21, 1.55678057001e-21, 2.36012642558e-21], "var": [2.48652820556e-10, 4.2786810809e-05, 7.34421846573e-05, 6.57935788695e-06, 2.18515851884e-05, 1.96767923626e-05, 2.28890712606e-05, 1.0964541616e-05, 4.20931792178e-05, 6.25877964922e-06, 3.14862450068e-06, 1.26454233396e-06, 1.26358111174e-06, 1.79071957973e-06, 4.54715575415e-07, 1.14733643386e-06, 4.64127339228e-07, 1.77480487196e-07, 1.14607487944e-07, 6.44096758151e-08, 1.27107526282e-07, 2.39459332363e-08, 9.28092358521e-09, 5.42996581032e-09, 7.49539985634e-09, 2.04584331698e-08, 3.81081721734e-10], "median": [2.26720061391e-07, 0.000559258798603, 0.000483740295749, 0.000194228283362, 0.00108607462607, 0.000673751579598, 0.000740094517823, 0.000409518950619, 0.000427626800956, 6.85115519445e-05, 7.22407785361e-05, 0.000103968042822, 8.11958379927e-05, 5.28944838152e-05, 5.10575628141e-05, 3.73193688574e-05, 3.80363053409e-05, 4.20343421865e-05, 4.9246216804e-05, 5.15510037076e-05, 4.108034409e-05, 2.30685418501e-05, 1.0644655049e-05, 6.74079865348e-06, 5.59847012482e-06, 4.31203579865e-06, 1.0882341428e-07]}, "melbands_kurtosis": {"dmean": 6.06152200699, "dmean2": 9.35431957245, "max": 537.571105957, "dvar": 160.305984497, "mean": 15.6251983643, "dvar2": 363.082733154, "min": -1.64138329029, "var": 1035.97290039, "median": 7.26006698608}, "erbbands_crest": {"dmean": 2.56982040405, "dmean2": 4.04269742966, "max": 32.8059501648, "dvar": 5.91828250885, "mean": 11.4898576736, "dvar2": 14.2292900085, "min": 2.18557620049, "var": 30.6082172394, "median": 10.3190803528}, "melbands_skewness": {"dmean": 0.586959421635, "dmean2": 0.897041559219, "max": 19.0953235626, "dvar": 0.439718365669, "mean": 2.38619065285, "dvar2": 0.967396080494, "min": -2.2638258934, "var": 3.50773882866, "median": 2.02144932747}, "spectral_energyband_middle_low": {"dmean": 0.00423160521314, "dmean2": 0.00649848300964, "max": 0.144308567047, "dvar": 5.02966577187e-05, "mean": 0.0124232564121, "dvar2": 0.000119004631415, "min": 3.4094144232e-22, "var": 0.000185543962289, "median": 0.00859234761447}, "spectral_contrast_coeffs": {"dmean": [0.0485714115202, 0.0453888103366, 0.0365438833833, 0.028920263052, 0.0200050845742, 0.0139095522463], "dmean2": [0.0804443508387, 0.07475412637, 0.0590049214661, 0.0466509610415, 0.0323561541736, 0.0224345698953], "max": [-0.24272082746, -0.331576555967, -0.38527533412, -0.439457982779, -0.510125637054, -0.567388534546], "dvar": [0.00157934939489, 0.00139134796336, 0.000949594133999, 0.00064356677467, 0.000345738662872, 0.000171088133357], "mean": [-0.619193613529, -0.691182553768, -0.746664524078, -0.761051356792, -0.790222525597, -0.760273337364], "dvar2": [0.0042130285874, 0.00366205186583, 0.00238738395274, 0.00154001521878, 0.000792715582065, 0.000392690883018], "min": [-0.979759216309, -0.98101824522, -0.961951255798, -0.961891114712, -0.957129478455, -0.958919405937], "var": [0.00932993460447, 0.0108485817909, 0.0089796455577, 0.00601272890344, 0.00346251414157, 0.0018309049774], "median": [-0.625830888748, -0.696054875851, -0.755010306835, -0.768263757229, -0.798308253288, -0.760497570038]}, "spectral_contrast_valleys": {"dmean": [0.421665251255, 0.333185642958, 0.291122287512, 0.255695581436, 0.199090868235, 0.205109745264], "dmean2": [0.703605055809, 0.564020991325, 0.486914873123, 0.419066995382, 0.318800419569, 0.299445927143], "max": [-5.393471241, -4.47464370728, -5.16905832291, -5.65444850922, -5.53546619415, -7.57884454727], "dvar": [0.138742983341, 0.0812421664596, 0.070344850421, 0.0618139989674, 0.0529498420656, 0.0883916988969], "mean": [-8.29386901855, -7.131046772, -8.02311229706, -8.53290557861, -8.31405544281, -10.8807630539], "dvar2": [0.340771853924, 0.209124699235, 0.16728246212, 0.137535110116, 0.109687268734, 0.170502841473], "min": [-27.2779998779, -27.2654876709, -27.3978061676, -27.2804641724, -27.3552532196, -27.260181427], "var": [3.27392244339, 1.93875133991, 1.54390382767, 1.49122941494, 1.37360596657, 1.36269700527], "median": [-7.73450040817, -6.87328338623, -7.90544509888, -8.42791748047, -8.14502811432, -10.7384157181]}, "silence_rate_20dB": {"dmean": 0, "dmean2": 0, "max": 1, "dvar": 0, "mean": 1, "dvar2": 0, "min": 1, "var": 0, "median": 1}, "silence_rate_30dB": {"dmean": 0.00891030300409, "dmean2": 0.017821194604, "max": 1, "dvar": 0.00883023906499, "mean": 0.992410004139, "dvar2": 0.0229090508074, "min": 0, "var": 0.00753439636901, "median": 1}, "spectral_strongpeak": {"dmean": 0.467739075422, "dmean2": 0.766134977341, "max": 16.041759491, "dvar": 0.619936704636, "mean": 1.1315267086, "dvar2": 1.5007443428, "min": 0, "var": 1.64312267303, "median": 0.721391201019}, "spectral_spread": {"dmean": 422752.28125, "dmean2": 644479.25, "max": 40200640, "dvar": 415770148864, "mean": 4535574, "dvar2": 822676226048, "min": 1114681.5, "var": 2199657644030.0, "median": 4223605.5}, "barkbands_flatness_db": {"dmean": 0.0200552754104, "dmean2": 0.0300171561539, "max": 0.431481182575, "dvar": 0.00039991599624, "mean": 0.165905505419, "dvar2": 0.000794322171714, "min": 0.0204134508967, "var": 0.0035958182998, "median": 0.159667313099}, "pitch_salience": {"dmean": 0.0626535192132, "dmean2": 0.0999636650085, "max": 0.926383733749, "dvar": 0.00328391348012, "mean": 0.515809237957, "dvar2": 0.00806115660816, "min": 0.0442186743021, "var": 0.0170954428613, "median": 0.513875603676}, "erbbands_kurtosis": {"dmean": 1.24802160263, "dmean2": 1.92388308048, "max": 111.579750061, "dvar": 4.38910150528, "mean": 1.90949630737, "dvar2": 9.66170978546, "min": -1.80005002022, "var": 27.4162006378, "median": 0.538175821304}, "average_loudness": 0.515562772751, "barkbands_crest": {"dmean": 2.26049518585, "dmean2": 3.5822353363, "max": 26.7902679443, "dvar": 4.26100730896, "mean": 10.749671936, "dvar2": 10.5236091614, "min": 2.13927173615, "var": 19.6163520813, "median": 9.88602256775}, "hfc": {"dmean": 3.70227098465, "dmean2": 5.49840259552, "max": 223.515136719, "dvar": 46.6008758545, "mean": 14.0072383881, "dvar2": 105.451560974, "min": 1.15748150738e-16, "var": 236.814804077, "median": 9.42221450806}, "barkbands_kurtosis": {"dmean": 3.25161314011, "dmean2": 4.97922229767, "max": 408.352752686, "dvar": 49.606502533, "mean": 7.36494493484, "dvar2": 110.344871521, "min": -1.81642687321, "var": 210.95098877, "median": 3.48368215561}, "erbbands": {"dmean": [0.0113654984161, 0.439835131168, 2.41349196434, 2.06065821648, 3.07897281647, 5.58189296722, 6.54215717316, 10.7914962769, 12.5347204208, 23.4515762329, 19.1014118195, 23.623840332, 12.4783830643, 11.3372793198, 10.0255746841, 8.81383991241, 7.82649755478, 9.13264560699, 5.44570684433, 7.69940805435, 7.60742998123, 5.11934185028, 3.89879965782, 3.47048950195, 3.11048173904, 2.58252477646, 2.98285055161, 1.95087349415, 1.40779924393, 0.796460807323, 0.469657331705, 0.303787320852, 0.227740213275, 0.183865129948, 0.118338614702, 0.113328970969, 0.0565021373332, 0.0092580281198, 0.000587086891755, 2.52048321272e-05], "dmean2": [0.0169856064022, 0.651468276978, 3.66212701797, 3.40308189392, 5.04839277267, 8.77133369446, 10.565279007, 16.8474349976, 19.7331123352, 35.844455719, 28.4332790375, 34.413143158, 18.737985611, 16.6107025146, 14.8119878769, 13.4127597809, 11.9323396683, 14.0056095123, 8.25617790222, 11.6494092941, 11.4187393188, 7.78028535843, 6.01146793365, 5.43645954132, 4.94247293472, 4.07739925385, 4.68554735184, 3.08449220657, 2.28555583954, 1.29442667961, 0.752855539322, 0.484224706888, 0.358565926552, 0.28423050046, 0.180032625794, 0.178840965033, 0.0953850224614, 0.0157289467752, 0.00100090855267, 4.18101517425e-05], "max": [0.598734080791, 27.2173614502, 171.406768799, 155.305145264, 357.495880127, 531.532897949, 494.916595459, 859.322570801, 1142.75, 1412.72998047, 1742.59936523, 3272.53735352, 1512.64575195, 3244.50610352, 2327.00341797, 2230.82348633, 1772.62414551, 3084.62548828, 3672.63183594, 1660.66760254, 1444.38793945, 808.544494629, 650.251708984, 804.216674805, 786.235961914, 222.91468811, 734.354675293, 312.197998047, 402.0496521, 175.001861572, 141.637176514, 55.0457382202, 68.1341934204, 60.6162643433, 24.4282226562, 24.560503006, 16.7804374695, 2.30796766281, 0.166871666908, 0.00621078861877], "dvar": [0.000750076724216, 1.40427327156, 49.4371032715, 55.8036193848, 86.8684005737, 150.098190308, 193.580734253, 638.906860352, 872.912353516, 2744.30932617, 2666.63500977, 6603.01171875, 1191.73925781, 1685.77941895, 1317.61291504, 832.017272949, 482.420166016, 1163.22180176, 535.952636719, 555.688720703, 706.810180664, 250.384231567, 153.853408813, 88.8859100342, 81.6703567505, 36.1454048157, 107.524803162, 31.7487545013, 25.3416690826, 10.6303739548, 3.57149934769, 1.15758013725, 0.793325185776, 0.550549447536, 0.221639454365, 0.302865505219, 0.110087007284, 0.00248683663085, 1.12289590106e-05, 1.34118449679e-08], "mean": [0.023517973721, 0.838719844818, 3.82461118698, 2.93727731705, 4.72282743454, 10.4772529602, 12.239522934, 21.3635444641, 26.7160396576, 49.3783607483, 41.6325759888, 49.2389678955, 25.4803600311, 24.791513443, 20.759595871, 18.4953365326, 17.3350906372, 18.5789604187, 11.8925285339, 16.4941139221, 17.5928611755, 12.0821018219, 8.99524879456, 8.02453708649, 7.28311014175, 6.34431409836, 7.15469741821, 4.71234893799, 2.89652085304, 1.51191437244, 0.958350479603, 0.601368308067, 0.415959298611, 0.31213709712, 0.184597194195, 0.133176863194, 0.0530288815498, 0.00825339369476, 0.000485109136207, 4.06238323194e-05], "dvar2": [0.00169128552079, 2.88782024384, 106.283500671, 153.381195068, 230.995880127, 354.284637451, 488.380981445, 1533.91296387, 2217.43115234, 7104.4609375, 5321.07519531, 12193.4667969, 2663.26000977, 3345.24902344, 2648.2175293, 1663.75183105, 1052.3236084, 2459.67285156, 1226.18408203, 1206.92785645, 1640.9753418, 558.165222168, 337.646270752, 215.137039185, 207.399734497, 87.2308578491, 279.342132568, 75.4854888916, 67.3577651978, 28.6090698242, 9.37257289886, 2.86724424362, 1.91011798382, 1.33087897301, 0.519151806831, 0.763696372509, 0.298272401094, 0.00664335116744, 2.90313819278e-05, 3.51412268174e-08], "min": [1.21174740084e-21, 5.51687019021e-21, 7.17550343159e-21, 3.20627386953e-20, 1.92634014922e-20, 3.97272488483e-20, 4.35394994019e-19, 6.89035298101e-19, 1.5602834925e-18, 3.00354450297e-19, 8.18634647753e-19, 1.6830925165e-18, 2.85879244526e-18, 3.5817797335e-18, 1.64941116953e-18, 1.9888141282e-18, 2.23259604205e-18, 2.40545052709e-18, 5.05661216e-18, 7.52679349913e-18, 7.74809160994e-18, 9.27273602575e-18, 1.16182976425e-17, 2.24796257629e-17, 1.34669776556e-17, 1.43478232647e-17, 1.51522481386e-17, 1.76732746157e-17, 2.09817720727e-17, 1.54292113688e-17, 1.77258187825e-17, 1.63853494388e-17, 1.68419547913e-17, 1.24962017974e-17, 7.19292024284e-18, 5.75728376967e-18, 3.13101365575e-18, 1.22054107958e-18, 3.22739508636e-19, 3.49684303167e-20], "var": [0.00208155508153, 3.83164310455, 96.712310791, 52.1902275085, 124.560852051, 401.098632812, 493.301147461, 2066.6184082, 3402.62255859, 8542.01660156, 9352.52441406, 21604.4804688, 3624.62036133, 8056.76855469, 4755.04345703, 2366.34350586, 1907.8248291, 3290.36328125, 1711.73193359, 1714.10327148, 3239.53466797, 1138.32226562, 544.515563965, 327.477661133, 262.41305542, 122.624893188, 303.223968506, 99.1255264282, 40.7226791382, 14.7566690445, 6.83977794647, 2.41610646248, 1.80198979378, 1.01881718636, 0.365739583969, 0.313431382179, 0.084867015481, 0.00222305371426, 1.06073275674e-05, 1.24967582948e-08], "median": [0.00613036705181, 0.165279641747, 0.624638140202, 0.812908470631, 1.4249612093, 3.84430217743, 5.18669700623, 5.7639169693, 8.44126796722, 14.2662811279, 11.8039512634, 10.1220827103, 5.22267580032, 3.7233850956, 4.10301351547, 5.28797483444, 5.46886634827, 4.28627252579, 3.15457868576, 3.55698537827, 2.53742456436, 2.64141631126, 2.48232698441, 2.71498608589, 2.61929678917, 2.36676239967, 1.9752676487, 1.42429709435, 0.954911470413, 0.462205171585, 0.27483394742, 0.168453380466, 0.0989141464233, 0.0668229088187, 0.0362780503929, 0.0216265637428, 0.00718934042379, 0.000805784307886, 3.46070482919e-05, 2.18677050725e-05]}, "spectral_energy": {"dmean": 0.00684040458873, "dmean2": 0.0102681955323, "max": 0.217656746507, "dvar": 0.00014598290727, "mean": 0.0221760012209, "dvar2": 0.00033266027458, "min": 1.0361592317e-20, "var": 0.000525400566403, "median": 0.0159972906113}, "zerocrossingrate": {"dmean": 0.00778665347025, "dmean2": 0.00952421594411, "max": 0.5595703125, "dvar": 9.52959817369e-05, "mean": 0.0554601959884, "dvar2": 0.000129827443743, "min": 0.00390625, "var": 0.00249613146298, "median": 0.044921875}, "spectral_energyband