{"tonal": {"chords_key": "A#", "hpcp_entropy": {"dmean": 0.591951847076, "dmean2": 0.994521617889, "max": 4.30778837204, "dvar": 0.243818491697, "mean": 1.96950423717, "dvar2": 0.653231084347, "min": 0, "var": 0.467179119587, "median": 2.00676727295}, "key_key": "F", "chords_strength": {"dmean": 0.00943335425109, "dmean2": 0.00840351451188, "max": 0.789517045021, "dvar": 5.76832790102e-05, "mean": 0.494826376438, "dvar2": 5.60345797567e-05, "min": 0.239723995328, "var": 0.0082785198465, "median": 0.500475049019}, "key_scale": "major", "chords_number_rate": 0.00245012249798, "thpcp": [1, 0.579196274281, 0.246844276786, 0.216659873724, 0.231573149562, 0.488418757915, 0.767884969711, 0.617576122284, 0.423049837351, 0.341629445553, 0.252554804087, 0.453866958618, 0.727125406265, 0.616390168667, 0.623350441456, 0.725855886936, 0.440860301256, 0.268407702446, 0.322076410055, 0.373410493135, 0.649858534336, 0.848837971687, 0.560981571674, 0.27932882309, 0.226245611906, 0.300966143608, 0.696658432484, 0.880214214325, 0.591971933842, 0.645511507988, 0.826445817947, 0.546839892864, 0.422534912825, 0.52118653059, 0.443394213915, 0.749108731747], "key_strength": 0.746914505959, "tuning_nontempered_energy_ratio": 0.667413592339, "tuning_frequency": 440.763122559, "chords_changes_rate": 0.0532026588917, "tuning_diatonic_strength": 0.54734814167, "chords_scale": "major", "chords_histogram": [12.7056350708, 9.99300003052, 12.3206157684, 9.27546405792, 9.15295791626, 1.41757082939, 6.98284912109, 0, 2.11760592461, 0.0525026246905, 1.41757082939, 0, 0.89254462719, 0.0700035020709, 0, 0.175008744001, 0, 0.560028016567, 0.192509621382, 4.39271974564, 2.15260767937, 5.11025571823, 13.9306964874, 7.08785438538], "tuning_equal_tempered_deviation": 0.0132145965472, "hpcp": {"dmean": [0.121525458992, 0.124119736254, 0.123272351921, 0.10903403163, 0.107608526945, 0.099448159337, 0.100995525718, 0.106758244336, 0.129861161113, 0.126312464476, 0.111980773509, 0.0730225518346, 0.066424228251, 0.0744853392243, 0.10246129334, 0.117344453931, 0.125132635236, 0.101280145347, 0.0777235105634, 0.0742479935288, 0.099781870842, 0.112979024649, 0.121420621872, 0.130583524704, 0.116790466011, 0.100231721997, 0.0764142498374, 0.0858360826969, 0.105810858309, 0.136711895466, 0.135141029954, 0.11744531244, 0.08399874717, 0.0723957419395, 0.0874936133623, 0.120609432459], "dmean2": [0.208787873387, 0.216044411063, 0.217434167862, 0.193447098136, 0.190092667937, 0.174327373505, 0.176348522305, 0.187130838633, 0.223300278187, 0.216525614262, 0.193170130253, 0.130765080452, 0.120675578713, 0.136165097356, 0.180094480515, 0.204835519195, 0.220270872116, 0.17903894186, 0.137866184115, 0.133556604385, 0.174604415894, 0.194036275148, 0.211366280913, 0.228581294417, 0.200877070427, 0.176297649741, 0.138088613749, 0.154293641448, 0.189119115472, 0.239515081048, 0.233972355723, 0.203060880303, 0.150648340583, 0.132252961397, 0.156105622649, 0.207826122642], "max": [1, 1, 1, 1, 1, 1, 1, 1, 1, 1, 1, 1, 1, 1, 1, 1, 1, 1, 1, 1, 1, 1, 1, 1, 1, 1, 1, 1, 1, 1, 1, 1, 1, 1, 1, 1], "dvar": [0.0410425066948, 0.0373131819069, 0.0387491956353, 0.042236212641, 0.0336012169719, 0.0286911837757, 0.0336539447308, 0.0312562435865, 0.034511141479, 0.0391027107835, 0.0325192436576, 0.0254434291273, 0.0257637593895, 0.0302540045232, 0.0335988998413, 0.0394692271948, 0.0430019535124, 0.0362262167037, 0.0297422055155, 0.0274956058711, 0.0315438844264, 0.0350784063339, 0.0369909964502, 0.0395025648177, 0.0378022156656, 0.0329759530723, 0.0255569349974, 0.0293099749833, 0.0377500168979, 0.044349450618, 0.0421462804079, 0.038560193032, 0.0301580280066, 0.0289530809969, 0.0311366152018, 0.0395352914929], "mean": [0.227101132274, 0.152732700109, 0.166546270251, 0.213228523731, 0.141088336706, 0.109016820788, 0.134469598532, 0.114398658276, 0.193275049329, 0.25800666213, 0.149436503649, 0.063687466085, 0.0558996908367, 0.0597474165261, 0.126015290618, 0.198119431734, 0.159338757396, 0.109149679542, 0.088142670691, 0.0651608258486, 0.117100700736, 0.187603205442, 0.159032776952, 0.160828560591, 0.187275648117, 0.11374489218, 0.0692509785295, 0.0830978602171, 0.0963423922658, 0.167667835951, 0.219005852938, 0.144736990333, 0.0720686987042, 0.0583728738129, 0.0776512697339, 0.179742515087], "dvar2": [0.104039572179, 0.100263528526, 0.104598268867, 0.107266917825, 0.0918873399496, 0.0781090632081, 0.0878220424056, 0.0843930467963, 0.0912742614746, 0.101765029132, 0.0885112807155, 0.0699619501829, 0.070872887969, 0.0847824066877, 0.0914355143905, 0.106554292142, 0.117142736912, 0.0995581820607, 0.0802452042699, 0.0766515061259, 0.0884479284286, 0.087908834219, 0.0989131331444, 0.109998621047, 0.094099111855, 0.0921155586839, 0.0718399584293, 0.0802339464426, 0.10125516355, 0.116792544723, 0.107681967318, 0.100258149207, 0.081392839551, 0.0800144895911, 0.0855745077133, 0.103465005755], "min": [0, 0, 0, 0, 0, 0, 0, 0, 0, 0, 0, 0, 0, 0, 0, 0, 0, 0, 0, 0, 0, 0, 0, 0, 0, 0, 0, 0, 0, 0, 0, 0, 0, 0, 0, 0], "var": [0.106744967401, 0.048191383481, 0.0649744719267, 0.119607284665, 0.052909668535, 0.0326988212764, 0.0554431080818, 0.0342157259583, 0.0687595680356, 0.111109592021, 0.0446217693388, 0.0197472739965, 0.0191571675241, 0.0217263903469, 0.0405793786049, 0.081770285964, 0.0563726872206, 0.0409847199917, 0.0387494079769, 0.0227931253612, 0.035241432488, 0.0786329433322, 0.056476611644, 0.0533319525421, 0.0799155905843, 0.0365617349744, 0.0202914476395, 0.0281296521425, 0.0341532863677, 0.0575916953385, 0.0834950357676, 0.0484122559428, 0.0234330110252, 0.0204847306013, 0.026687623933, 0.0762275606394], "median": [0.0486707389355, 0.0521863177419, 0.0309874080122, 0.024223189801, 0.0237437821925, 0.0327233672142, 0.0322415530682, 0.0363260731101, 0.0678377747536, 0.0946609228849, 0.0555839538574, 0.0162120722234, 0.0116470064968, 0.0135197555646, 0.0423906706274, 0.0679844990373, 0.0560736358166, 0.0287937093526, 0.0173833277076, 0.0141275003552, 0.0401449799538, 0.0572776198387, 0.055282317102, 0.0608608722687, 0.0533606410027, 0.034523524344, 0.0193058177829, 0.0197747722268, 0.0240563191473, 0.0649522691965, 0.0913161635399, 0.0538658834994, 0.0199879184365, 0.0137654542923, 0.0170583724976, 0.0380103737116]}}, "lowlevel": {"melbands_flatness_db": {"dmean": 0.0220632497221, "dmean2": 0.0330369397998, "max": 0.474774360657, "dvar": 0.00048667791998, "mean": 0.194263041019, "dvar2": 0.00115169549827, "min": 0.00436754990369, "var": 0.00279278843664, "median": 0.186348453164}, "melbands_crest": {"dmean": 2.73025107384, "dmean2": 4.528403759, "max": 30.1561565399, "dvar": 6.28511047363, "mean": 13.3260669708, "dvar2": 16.4832687378, "min": 2.04149222374, "var": 18.6934204102, "median": 12.7471599579}, "spectral_entropy": {"dmean": 0.129832908511, "dmean2": 0.176279604435, "max": 9.81787204742, "dvar": 0.0182744320482, "mean": 7.62317180634, "dvar2": 0.0311004389077, "min": 6.12406015396, "var": 0.113029129803, "median": 7.62483358383}, "melbands": {"dmean": [0.00139563390985, 0.00191967189312, 0.0006966664223, 0.00043619205826, 0.000353047915269, 0.000368568376871, 0.00035332198604, 0.000262101297267, 0.000185815079021, 0.000141169934068, 9.48210654315e-05, 6.11321229371e-05, 6.83715843479e-05, 4.43603894382e-05, 3.62638165825e-05, 4.16378388763e-05, 3.75151721528e-05, 2.76262599073e-05, 2.45055380219e-05, 1.96812452486e-05, 1.32253699121e-05, 1.40594711411e-05, 1.35386717375e-05, 8.03822331363e-06, 7.98852670414e-06, 5.19600325788e-06, 3.37673986905e-06, 2.04007960747e-06, 1.58162538355e-06, 2.06025833904e-06, 2.40171607402e-06, 2.29356624004e-06, 2.46538411375e-06, 2.04348634725e-06, 1.25229109926e-06, 1.06379229692e-06, 6.5109213665e-07, 5.52906499252e-07, 6.89831779255e-07, 6.1830883169e-07], "dmean2": [0.00237779924646, 0.00334735051729, 0.0012220707722, 0.000734680332243, 0.000578880310059, 0.000599484250415, 0.000559379172046, 0.000417970790295, 0.000294631492579, 0.000224771472858, 0.000149819927174, 9.56987350946e-05, 0.000107881307486, 7.05834463588e-05, 5.68502073293e-05, 6.64682593197e-05, 5.95251622144e-05, 4.26185797551e-05, 3.86951760447e-05, 3.14544522553e-05, 2.10563102883e-05, 2.19965168071e-05, 2.17213510041e-05, 1.30687230921e-05, 1.29993422888e-05, 8.35841819935e-06, 5.32152307642e-06, 3.23027961713e-06, 2.50687435255e-06, 3.11811368192e-06, 3.61375896318e-06, 3.41861368724e-06, 3.57596468348e-06, 2.97093265544e-06, 1.82555913852e-06, 1.5374830582e-06, 9.3710764304e-07, 7.98776852662e-07, 9.69206553236e-07, 8.69203404363e-07], "max": [0.0461163856089, 0.0446967743337, 0.0204618964344, 0.0101170269772, 0.0128355603665, 0.0129450019449, 0.00990044139326, 0.0103164371103, 0.00956857856363, 0.010668091476, 0.00591661036015, 0.00446874275804, 0.0029114773497, 0.00161885155831, 0.00136674952228, 0.00265428144485, 0.00210344465449, 0.0016057100147, 0.0020560764242, 0.00122744089458, 0.000762181531172, 0.000578372390009, 0.00078127119923, 0.000303915381664, 0.000380320852855, 0.000252443976933, 0.000227730779443, 0.000160957089975, 0.000116233430163, 0.000115218994324, 0.000134206507937, 0.000155974397785, 0.000113594309369, 8.26641116873e-05, 0.000111871231638, 9.32347320486e-05, 6.85653430992e-05, 7.21617034287e-05, 7.68902755226e-05, 7.34741915949e-05], "dvar": [1.46265256262e-05, 1.79034013854e-05, 2.14663896259e-06, 3.31649346208e-07, 3.13695721843e-07, 5.42200439213e-07, 5.15315605298e-07, 2.74440623116e-07, 1.43618834159e-07, 9.41304776347e-08, 4.0645780075e-08, 1.70377845166e-08, 1.32502000483e-08, 5.83307713242e-09, 3.77333320145e-09, 8.13023071089e-09, 6.38253361274e-09, 3.28005378414e-09, 3.89700050007e-09, 1.56217139224e-09, 6.20633044957e-10, 5.69737923506e-10, 5.99245986166e-10, 1.64666863478e-10, 2.02266828286e-10, 9.14135919738e-11, 3.22863472069e-11, 1.20578928786e-11, 8.85059647099e-12, 1.48616136758e-11, 2.72306708432e-11, 3.11130843311e-11, 2.24923257103e-11, 1.46981836424e-11, 1.00292439284e-11, 9.18546922551e-12, 3.40904518156e-12, 4.55502345911e-12, 6.03993677989e-12, 4.34475979499e-12], "mean": [0.00214834231883, 0.00346389692277, 0.00117448193487, 0.000803694478236, 0.000709202839062, 0.000690723012667, 0.000666943029501, 0.000477368244901, 0.000331654853653, 0.000252463069046, 0.000178671005415, 0.000124907470308, 0.000141494921991, 9.18168079806e-05, 7.05155252945e-05, 7.34487985028e-05, 6.71243105899e-05, 5.63854882785e-05, 4.79092814203e-05, 3.6228539102e-05, 2.83890040009e-05, 3.32720119331e-05, 2.79361011053e-05, 1.76461435331e-05, 1.65438050317e-05, 1.18328298413e-05, 7.55589917389e-06, 4.43685485152e-06, 3.40786186825e-06, 4.09515814681e-06, 4.59859802504e-06, 4.92574690725e-06, 5.88495595366e-06, 4.59991315438e-06, 2.62775893134e-06, 2.16941180042e-06, 1.28392400711e-06, 1.02590524875e-06, 1.33537355396e-06, 1.23546931263e-06], "dvar2": [3.87625113945e-05, 5.03450355609e-05, 6.15302769802e-06, 9.00123723113e-07, 8.27228006983e-07, 1.41243856433e-06, 1.30516298213e-06, 7.04491355918e-07, 3.30763214151e-07, 2.31582575339e-07, 9.12060329483e-08, 4.07763174337e-08, 3.21856923335e-08, 1.43882115111e-08, 8.73009931013e-09, 1.96713685341e-08, 1.49768641933e-08, 7.59973506348e-09, 1.00586312612e-08, 3.63561381e-09, 1.45028578036e-09, 1.35104771815e-09, 1.44699707771e-09, 4.24986185132e-10, 4.99228214323e-10, 2.18913567829e-10, 7.19668977189e-11, 2.72640261062e-11, 2.03327545772e-11, 3.22985006795e-11, 6.00482094604e-11, 7.36152458436e-11, 4.76353227696e-11, 3.17756029822e-11, 2.05700595446e-11, 1.89554327096e-11, 6.85328313196e-12, 9.46830461257e-12, 1.17651626289e-11, 8.89427333867e-12], "min": [5.15383497537e-24, 3.17686750535e-24, 2.89914054341e-24, 2.93639094979e-24, 3.96350342839e-24, 4.84628492969e-24, 1.11192981705e-24, 3.30289710686e-24, 2.2552519594e-24, 1.2595072528e-24, 1.69091270072e-24, 2.81084570887e-24, 4.30503720743e-24, 2.37077235593e-24, 5.54363126459e-24, 1.94517026187e-24, 4.71438896406e-24, 2.87161659478e-24, 3.74591981351e-24, 3.07259094052e-24, 6.73853189393e-24, 5.12295264865e-24, 4.93629159239e-24, 6.97010674583e-24, 6.62041259515e-24, 5.43582592771e-24, 5.7708997248e-24, 6.59866646101e-24, 7.13152977514e-24, 6.05401007077e-24, 7.57059318891e-24, 6.12912540617e-24, 5.97186046268e-24, 7.52841516289e-24, 6.16630678721e-24, 7.27304747723e-24, 6.02906155578e-24, 8.24118412291e-24, 7.36912600232e-24, 6.54961785093e-24], "var": [1.45657386383e-05, 1.8565559003e-05, 1.94467884285e-06, 7.57660473027e-07, 9.06473758278e-07, 1.3048929759e-06, 1.3447092897e-06, 6.04534193371e-07, 3.50118966708e-07, 1.65016416531e-07, 8.43923828597e-08, 5.47298597553e-08, 3.87705618721e-08, 1.44113725398e-08, 9.26218213237e-09, 1.76866716828e-08, 1.47013468066e-08, 9.44548617099e-09, 1.01914841011e-08, 3.97201427305e-09, 1.65150104703e-09, 2.15403961334e-09, 1.40478118027e-09, 4.07715111672e-10, 4.51499559961e-10, 2.631042606e-10, 9.30734239679e-11, 3.44900497051e-11, 2.30830077275e-11, 3.59013929696e-11, 6.00198432621e-11, 6.89369950013e-11, 7.61611537725e-11, 4.0015841335e-11, 2.5512654489e-11, 2.48700296468e-11, 8.703800701e-12, 9.48411141288e-12, 1.39602652355e-11, 9.42409518478e-12], "median": [0.00116923137102, 0.00256320391782, 0.000860018481035, 0.000536259321962, 0.000390415894799, 0.00028040248435, 0.000217074426473, 0.000208388693864, 0.000148799852468, 0.000128887477331, 9.99059921014e-05, 6.12933581579e-05, 7.75527441874e-05, 5.47634263057e-05, 3.95298047806e-05, 3.16762416332e-05, 2.99400981021e-05, 2.42128953687e-05, 1.99697224161e-05, 1.68891128851e-05, 1.50801797645e-05, 1.63860458997e-05, 1.68093574757e-05, 1.18336383821e-05, 1.02655058072e-05, 6.93724950906e-06, 4.92030449095e-06, 2.99554176308e-06, 2.0776499241e-06, 2.22463222599e-06, 2.11498468161e-06, 2.29652550843e-06, 2.51501796811e-06, 2.33704122365e-06, 1.18812454275e-06, 7.81453877607e-07, 4.70562241617e-07, 3.51898250983e-07, 4.60796115931e-07, 4.21330668132e-07]}, "silence_rate_60dB": {"dmean": 0.00455102417618, "dmean2": 0.00910284463316, "max": 1, "dvar": 0.0045287553221, "mean": 0.0723724514246, "dvar2": 0.0107715548947, "min": 0, "var": 0.0671447515488, "median": 0}, "spectral_energyband_middle_high": {"dmean": 0.00153093691915, "dmean2": 0.00230615166947, "max": 0.0481699742377, "dvar": 3.90932746086e-06, "mean": 0.00650707818568, "dvar2": 9.11229653866e-06, "min": 1.31989056267e-21, "var": 2.82826986222e-05, "median": 0.00536855775863}, "erbbands_skewness": {"dmean": 0.286167114973, "dmean2": 0.440885484219, "max": 3.38753890991, "dvar": 0.0730166062713, "mean": 0.333369493484, "dvar2": 0.16337646544, "min": -3.08921551704, "var": 0.395893633366, "median": 0.318952530622}, "dynamic_complexity": 3.07589554787, "dissonance": {"dmean": 0.0162523984909, "dmean2": 0.0272673033178, "max": 0.5, "dvar": 0.000207006538403, "mean": 0.466820716858, "dvar2": 0.000563554873224, "min": 0.317935585976, "var": 0.000486825214466, "median": 0.471058487892}, "spectral_skewness": {"dmean": 0.183736354113, "dmean2": 0.284390479326, "max": 4.20078754425, "dvar": 0.0421782918274, "mean": 1.561221838, "dvar2": 0.106189966202, "min": -0.0660125315189, "var": 0.162645787001, "median": 1.55776154995}, "spectral_kurtosis": {"dmean": 1.37664723396, "dmean2": 2.28333234787, "max": 39.2394294739, "dvar": 4.06754398346, "mean": 4.385846138, "dvar2": 12.250371933, "min": -1.27354001999, "var": 7.18135690689, "median": 3.89268255234}, "gfcc": {"cov": [[10765.3222656, -1267.30664063, 389.857727051, 254.280609131, -759.768920898, 681.854492188, -459.032867432, 184.637191772, -59.4710731506, 243.553543091, -202.235778809, 134.306167603, -213.799331665], [-1267.30664063, 1167.58740234, -498.91506958, -114.379592896, 237.314605713, -304.662231445, 128.619110107, -60.0609855652, 47.2735137939, -82.2386016846, 159.374053955, -69.7070999146, 118.006072998], [389.857727051, -498.91506958, 758.305908203, 43.4882011414, -85.4895935059, 179.550811768, -46.7546920776, 44.1914405823, -16.7156505585, 75.7821502686, -57.4847373962, 56.0798416138, -66.4338684082], [254.280609131, -114.379592896, 43.4882011414, 229.520431519, -36.6151390076, 62.1954421997, -21.1454658508, 29.5461044312, 28.1026515961, -1.53939926624, -9.48866844177, -6.44988965988, 18.7204380035], [-759.768920898, 237.314605713, -85.4895935059, -36.6151390076, 286.039031982, -83.1243591309, 100.076965332, 7.10110902786, 31.7310657501, -4.83603239059, 10.9826126099, -5.87263059616, 33.5095062256], [681.854492188, -304.662231445, 179.550811768, 62.1954421997, -83.1243591309, 252.203170776, -29.0209751129, 45.9881515503, 1.5793402195, 24.2908878326, -42.4860916138, 13.4969205856, -41.2217750549], [-459.032867432, 128.619110107, -46.7546920776, -21.1454658508, 100.076965332, -29.0209751129, 158.429336548, -6.76589632034, 9.62931632996, -4.40566158295, 18.3131599426, 1.06837642193, 1.01765286922], [184.637191772, -60.0609855652, 44.1914405823, 29.5461044312, 7.10110902786, 45.9881515503, -6.76589632034, 107.480712891, 34.4892272949, 19.3215045929, -9.03279876709, -0.314505249262, 1.15307343006], [-59.4710731506, 47.2735137939, -16.7156505585, 28.1026515961, 31.7310657501, 1.5793402195, 9.62931632996, 34.4892272949, 87.1248321533, 23.526517868, 4.49914550781, -3.51047062874, 4.75961875916], [243.553543091, -82.2386016846, 75.7821502686, -1.53939926624, -4.83603239059, 24.2908878326, -4.40566158295, 19.3215045929, 23.526517868, 81.7822113037, 14.211025238, 11.278336525, -20.1053524017], [-202.235778809, 159.374053955, -57.4847373962, -9.48866844177, 10.9826126099, -42.4860916138, 18.3131599426, -9.03279876709, 4.49914550781, 14.211025238, 98.2495956421, 8.99003505707, 18.33319664], [134.306167603, -69.7070999146, 56.0798416138, -6.44988965988, -5.87263059616, 13.4969205856, 1.06837642193, -0.314505249262, -3.51047062874, 11.278336525, 8.99003505707, 71.8739318848, 7.28918218613], [-213.799331665, 118.006072998, -66.4338684082, 18.7204380035, 33.5095062256, -41.2217750549, 1.01765286922, 1.15307343006, 4.75961875916, -20.1053524017, 18.33319664, 7.28918218613, 83.6569366455]], "mean": [24.0243453979, 100.189575195, -113.616218567, 31.2906227112, -54.1203193665, 14.893705368, -34.3516197205, 11.3307247162, -19.6367282867, 2.36382722855, -15.8306970596, 3.82541656494, -14.9332504272], "icov": [[0.000165194695001, -0.00012120440806, 0.00012895425607, -0.000149915285874, 0.000285380636342, -0.000291988748359, 0.000266985705821, -0.000197152665351, 0.000314898323268, -0.000618570600636, 0.000440634408733, -0.000434518617112, 0.000245106144575], [-0.00012120440806, 0.00276597379707, 0.000383119360777, 0.00108755182009, -0.00106856517959, 0.00127889902797, -0.000784832751378, 0.000652525981423, -0.00197867513634, 0.00260141934268, -0.00371735729277, 0.00253341183998, -0.00176011573058], [0.00012895425607, 0.000383119360777, 0.0021306714043, -0.000224706993322, 6.7605447839e-05, -0.000788953737356, 0.000296022510156, -0.000389831955545, 0.000795966130681, -0.00163500243798, 0.0006221884978, -0.00125295983162, 0.000651967362501], [-0.000149915285874, 0.00108755182009, -0.000224706993322, 0.00585951237008, 0.000131833949126, -0.000634917290881, -0.000367263739463, 2.01467555598e-05, -0.00286895921454, 0.00212911027484, -0.00169171171729, 0.00220459024422, -0.00291480193846], [0.000285380636342, -0.00106856517959, 6.7605447839e-05, 0.000131833949126, 0.0061826701276, 0.000391897861846, -0.00249800737947, -0.00115456315689, -0.000357137381798, -0.00207137758844, 0.00280852080323, -0.00109179061837, -0.000974124413915], [-0.000291988748359, 0.00127889902797, -0.000788953737356, -0.000634917290881, 0.000391897861846, 0.00717517593876, -0.00106589926872, -0.00150702905376, -0.000785519892816, 0.00147177034523, -0.000476765504573, 0.000746057194192, 0.000815511040855], [0.000266985705821, -0.000784832751378, 0.000296022510156, -0.000367263739463, -0.00249800737947, -0.00106589926872, 0.00911398697644, 0.000134279645863, 0.000591494434047, -0.000517544860486, -0.000163555436302, -0.0017860949738, 0.00250276480801], [-0.000197152665351, 0.000652525981423, -0.000389831955545, 2.01467555598e-05, -0.00115456315689, -0.00150702905376, 0.000134279645863, 0.0124365100637, -0.00481327809393, -0.000155658926815, -0.000634464900941, 0.00161547120661, -0.00195683329366], [0.000314898323268, -0.00197867513634, 0.000795966130681, -0.00286895921454, -0.000357137381798, -0.000785519892816, 0.000591494434047, -0.00481327809393, 0.0174987129867, -0.0073759094812, 0.00337870791554, -0.0018436149694, 0.00133708678186], [-0.000618570600636, 0.00260141934268, -0.00163500243798, 0.00212911027484, -0.00207137758844, 0.00147177034523, -0.000517544860486, -0.000155658926815, -0.0073759094812, 0.0214995015413, -0.008579980582, 0.00185939820949, 0.00184302579146], [0.000440634408733, -0.00371735729277, 0.0006221884978, -0.00169171171729, 0.00280852080323, -0.000476765504573, -0.000163555436302, -0.000634464900941, 0.00337870791554, -0.008579980582, 0.0183421168476, -0.00554051203653, 0.000102156140201], [-0.000434518617112, 0.00253341183998, -0.00125295983162, 0.00220459024422, -0.00109179061837, 0.000746057194192, -0.0017860949738, 0.00161547120661, -0.0018436149694, 0.00185939820949, -0.00554051203653, 0.0190064702183, -0.00525815552101], [0.000245106144575, -0.00176011573058, 0.000651967362501, -0.00291480193846, -0.000974124413915, 0.000815511040855, 0.00250276480801, -0.00195683329366, 0.00133708678186, 0.00184302579146, 0.000102156140201, -0.00525815552101, 0.017823997885]]}, "spectral_complexity": {"dmean": 3.01312804222, "dmean2": 4.69356679916, "max": 52, "dvar": 8.19154548645, "mean": 22.2525596619, "dvar2": 17.4229564667, "min": 0, "var": 76.3662719727, "median": 23}, "spectral_flux": {"dmean": 0.0241464097053, "dmean2": 0.0381028093398, "max": 0.383576184511, "dvar": 0.0010945610702, "mean": 0.0911526605487, "dvar2": 0.00234143645503, "min": 6.44206285538e-11, "var": 0.00266655511223, "median": 0.084197409451}, "spectral_energyband_low": {"dmean": 0.00817390996963, "dmean2": 0.0139899374917, "max": 0.207501426339, "dvar": 0.000379055272788, "mean": 0.0158554799855, "dvar2": 0.000989231397398, "min": 2.99209829532e-23, "var": 0.000430827698437, "median": 0.0116550186649}, "spectral_decrease": {"dmean": 2.98422841993e-09, "dmean2": 4.99810193233e-09, "max": 1.02188891921e-28, "dvar": 2.78062586261e-17, "mean": -9.59764179242e-09, "dvar2": 7.12475609359e-17, "min": -5.92452842341e-08, "var": 4.46073523495e-17, "median": -8.71547545245e-09}, "barkbands_spread": {"dmean": 4.89622354507, "dmean2": 7.2862663269, "max": 106.515449524, "dvar": 37.7367401123, "mean": 23.3980426788, "dvar2": 71.7027130127, "min": 2.15975594521, "var": 162.007156372, "median": 21.5095901489}, "spectral_rms": {"dmean": 0.000799061381258, "dmean2": 0.00130745000206, "max": 0.0148742068559, "dvar": 1.23262520901e-06, "mean": 0.00576129043475, "dvar2": 3.02606645164e-06, "min": 3.21180517078e-12, "var": 4.39124278273e-06, "median": 0.00587389664724}, "spectral_centroid": {"dmean": 202.032318115, "dmean2": 306.552215576, "max": 11579.4541016, "dvar": 60975.5195313, "mean": 1266.49353027, "dvar2": 120013.59375, "min": 271.411224365, "var": 361548.0625, "median": 1202.4029541}, "barkbands_skewness": {"dmean": 0.408868074417, "dmean2": 0.649894714355, "max": 8.57732200623, "dvar": 0.262415647507, "mean": 1.47727262974, "dvar2": 0.655173897743, "min": -2.14829015732, "var": 0.804880023003, "median": 1.36721169949}, "spectral_rolloff": {"dmean": 375.61618042, "dmean2": 620.200561523, "max": 19466.015625, "dvar": 515373.40625, "mean": 1304.75012207, "dvar2": 1075485.25, "min": 86.1328125, "var": 1572182.625, "median": 1033.59375}, "erbbands_spread": {"dmean": 6.26905488968, "dmean2": 9.51058483124, "max": 140.636779785, "dvar": 47.4514198303, "mean": 38.5527229309, "dvar2": 99.0428237915, "min": 5.50480079651, "var": 218.791549683, "median": 35.8269577026}, "barkbands": {"dmean": [4.79791160615e-05, 0.00590372318402, 0.0032961233519, 0.00133124133572, 0.00207443581894, 0.00177514308598, 0.00167236395646, 0.00115913560148, 0.00095129449619, 0.000573427707423, 0.000501099741086, 0.000341696984833, 0.000414332345827, 0.000355170865078, 0.000369489367586, 0.000219852954615, 0.000266266230028, 0.000176227593329, 0.000149260667968, 7.03654513927e-05, 7.91766360635e-05, 0.000112851448648, 8.03328948678e-05, 4.97492510476e-05, 5.61024680792e-05, 2.88602677756e-05, 6.36426102574e-06], "dmean2": [7.72887069616e-05, 0.0101459044963, 0.00580954365432, 0.00235479744151, 0.00346403592266, 0.00284306728281, 0.00263111200184, 0.00181231740862, 0.00153186009265, 0.000900618790183, 0.000791178143118, 0.000544202863239, 0.000660724006593, 0.000559456238989, 0.000580148189329, 0.000353623676347, 0.000425035250373, 0.000280729000224, 0.000239062428591, 0.000109105880256, 0.000116780298413, 0.000162412863574, 0.000113668815175, 6.9669156801e-05, 7.61006594985e-05, 3.96831819671e-05, 9.03062118596e-06], "max": [0.00172481837217, 0.183602571487, 0.0829170420766, 0.0341081321239, 0.0501857809722, 0.0548160560429, 0.0444973371923, 0.0452114418149, 0.0543104149401, 0.0309079252183, 0.021109174937, 0.0127443205565, 0.0196355991066, 0.0216370001435, 0.0199430119246, 0.012616796419, 0.0111521780491, 0.00830753613263, 0.0059191850014, 0.00606796238571, 0.0042670359835, 0.00607355078682, 0.00495392642915, 0.00439579691738, 0.00527621991932, 0.00206399871968, 0.000341496575857], "dvar": [1.28998536297e-08, 0.000228335600696, 5.62036912015e-05, 6.45653699394e-06, 7.42267957321e-06, 1.11403842311e-05, 1.13819678518e-05, 5.59532873012e-06, 3.76730713469e-06, 1.22836991068e-06, 7.07834772129e-07, 3.52080888888e-07, 6.51493905934e-07, 5.37796665867e-07, 6.24866174803e-07, 2.07064204005e-07, 1.88265914858e-07, 8.36553439854e-08, 6.2092034625e-08, 1.3218742545e-08, 2.22249241233e-08, 5.49476197875e-08, 3.35278329544e-08, 2.37442741025e-08, 3.37952172913e-08, 4.85279194606e-09, 2.94420460234e-10], "mean": [6.51822774671e-05, 0.00917240977287, 0.00567738572136, 0.0017649239162, 0.0040215854533, 0.00336683704518, 0.00293013476767, 0.0020995461382, 0.00166132871527, 0.00112962245476, 0.00103038188536, 0.00066851376323, 0.000718109018635, 0.000646457949188, 0.000729921390302, 0.000408190040616, 0.000610110815614, 0.000398119795136, 0.000357243203325, 0.000163840712048, 0.000172164436663, 0.00027726078406, 0.000182528572623, 0.000103470760223, 0.00011640923185, 4.41082702309e-05, 7.40919904274e-06], "dvar2": [3.00371958417e-08, 0.000612599716987, 0.000164745521033, 1.86263150681e-05, 2.01371403818e-05, 2.83188837784e-05, 2.86546055577e-05, 1.36424896482e-05, 9.29821089812e-06, 2.73978321275e-06, 1.70951648215e-06, 8.47588864872e-07, 1.56065289048e-06, 1.27342514133e-06, 1.56953524311e-06, 4.85930115701e-07, 4.67549540417e-07, 1.98706999299e-07, 1.48801518662e-07, 2.78270313459e-08, 4.64344651618e-08, 1.20478958365e-07, 6.72699727033e-08, 4.5323599096e-08, 6.46876117116e-08, 9.98925564488e-09, 5.7911186957e-10], "min": [1.76984434796e-24, 1.49853910822e-23, 2.67098954506e-24, 3.24012547248e-24, 2.24419552161e-23, 1.72744981906e-23, 6.01634866786e-24, 1.42364986036e-23, 8.12764021738e-24, 1.62791166559e-23, 3.17435924321e-23, 2.91922648034e-23, 2.95540427254e-23, 3.69091703909e-23, 4.5534834275e-23, 8.88688349769e-23, 8.25474905949e-23, 1.59699462899e-22, 1.78421164286e-22, 2.12664126812e-22, 3.56144975531e-22, 3.23774061974e-22, 4.43814205506e-22, 6.40927952745e-22, 1.07856364818e-21, 1.3387903068e-21, 2.26891784809e-21], "var": [1.76085119818e-08, 0.000232041216805, 5.51088160137e-05, 6.25404754828e-06, 1.91188828467e-05, 2.77470935544e-05, 2.43739650614e-05, 1.34692018037e-05, 6.79141521687e-06, 3.39351299772e-06, 2.08302549254e-06, 8.94970753507e-07, 1.38237737701e-06, 1.27681835238e-06, 1.71918304659e-06, 4.98531505855e-07, 5.97307405314e-07, 2.18742641778e-07, 1.82168150786e-07, 4.34094609147e-08, 6.05972303447e-08, 1.59177602654e-07, 9.41871576288e-08, 6.29548040365e-08, 7.86411291642e-08, 8.10434830356e-09, 4.15453282887e-10], "median": [2.22036160267e-05, 0.00536335119978, 0.00362763972953, 0.00101167033426, 0.00263122003525, 0.00142595986836, 0.00104914174881, 0.000812981044874, 0.000834116013721, 0.000595792138483, 0.000532810459845, 0.000368781271391, 0.000320990831824, 0.00028556981124, 0.000311228795908, 0.000203797215363, 0.000322046224028, 0.000262490939349, 0.000235516592511, 0.000112485111458, 9.45504070842e-05, 0.000135254202178, 8.87088754098e-05, 3.99600503442e-05, 4.40052535851e-05, 1.17754552775e-05, 5.80400069339e-07]}, "melbands_kurtosis": {"dmean": 5.08585453033, "dmean2": 8.45111846924, "max": 343.089263916, "dvar": 122.458633423, "mean": 10.5128698349, "dvar2": 339.494781494, "min": -1.44844305515, "var": 181.446228027, "median": 6.9613032341}, "erbbands_crest": {"dmean": 2.28834891319, "dmean2": 3.66403031349, "max": 26.6157360077, "dvar": 4.94328308105, "mean": 8.29146766663, "dvar2": 12.2823839188, "min": 2.53962564468, "var": 14.3725767136, "median": 7.28878116608}, "melbands_skewness": {"dmean": 0.56576615572, "dmean2": 0.909828424454, "max": 15.5099802017, "dvar": 0.508874118328, "mean": 2.47413516045, "dvar2": 1.25548171997, "min": -0.412221282721, "var": 1.59412205219, "median": 2.21064400673}, "spectral_energyband_middle_low": {"dmean": 0.00564408442006, "dmean2": 0.00932696927339, "max": 0.0858969911933, "dvar": 5.27976335434e-05, "mean": 0.0163873173296, "dvar2": 0.000142865537782, "min": 1.87841438293e-22, "var": 0.000135218753712, "median": 0.014499053359}, "spectral_contrast_coeffs": {"dmean": [0.0464774370193, 0.0468531884253, 0.0361459627748, 0.0295231603086, 0.0211695898324, 0.0178088732064], "dmean2": [0.0783578529954, 0.0774532407522, 0.0590132549405, 0.0476823747158, 0.0339327156544, 0.0272196233273], "max": [-0.287937641144, -0.4549074471, -0.505050957203, -0.563667714596, -0.582809627056, -0.597568690777], "dvar": [0.00137504783925, 0.00149828440044, 0.000834841514006, 0.000564953661524, 0.00031879846938, 0.000249690900091], "mean": [-0.648375809193, -0.722400724888, -0.764703154564, -0.7639939785, -0.774617731571, -0.742375433445], "dvar2": [0.00388462934643, 0.00393473030999, 0.00213706097566, 0.00139693787787, 0.000742258038372, 0.000548158539459], "min": [-0.966601908207, -0.973437428474, -0.970798552036, -0.971471309662, -0.965710580349, -0.963444173336], "var": [0.00536295911297, 0.00594424596056, 0.00325288251042, 0.00279337726533, 0.00164326501545, 0.00141193671152], "median": [-0.652795851231, -0.727959215641, -0.769638478756, -0.767700254917, -0.776182413101, -0.741538345814]}, "spectral_contrast_valleys": {"dmean": [0.371620625257, 0.342945516109, 0.289658337831, 0.257287740707, 0.210912436247, 0.276543587446], "dmean2": [0.626203358173, 0.569105684757, 0.470901161432, 0.402682155371, 0.309878528118, 0.349607080221], "max": [-4.92454957962, -4.43061685562, -5.19747018814, -5.74573421478, -5.91238117218, -7.46617507935], "dvar": [0.109151691198, 0.102011829615, 0.0812873840332, 0.0732712969184, 0.0658253654838, 0.100529409945], "mean": [-6.86479949951, -6.39925861359, -6.94955205917, -7.54065275192, -7.48795080185, -10.1695375443], "dvar2": [0.264652788639, 0.238059327006, 0.165574893355, 0.135430544615, 0.107997715473, 0.151208326221], "min": [-27.7897052765, -27.5883235931, -27.6993808746, -27.4730243683, -27.4110889435, -27.3700733185], "var": [1.35416400433, 1.25296115875, 1.23407351971, 1.21232891083, 1.22373914719, 2.05183696747], "median": [-6.64962148666, -6.2325053215, -6.77132892609, -7.37179708481, -7.29308366776, -9.89476776123]}, "silence_rate_20dB": {"dmean": 0, "dmean2": 0, "max": 1, "dvar": 0, "mean": 1, "dvar2": 0, "min": 1, "var": 0, "median": 1}, "silence_rate_30dB": {"dmean": 0.0336075611413, "dmean2": 0.0672210082412, "max": 1, "dvar": 0.0324779711664, "mean": 0.973308801651, "dvar2": 0.0786304175854, "min": 0, "var": 0.0259777158499, "median": 1}, "spectral_strongpeak": {"dmean": 0.474374204874, "dmean2": 0.826332628727, "max": 10.5034694672, "dvar": 0.668297171593, "mean": 0.8269328475, "dvar2": 1.69019329548, "min": 0, "var": 0.943201541901, "median": 0.442312628031}, "spectral_spread": {"dmean": 447260.1875, "dmean2": 609592.5625, "max": 43024556, "dvar": 462884110336, "mean": 4650209, "dvar2": 741346902016, "min": 1322548.75, "var": 3378456035330.0, "median": 4450006}, "barkbands_flatness_db": {"dmean": 0.0179477427155, "dmean2": 0.0267653446645, "max": 0.348567634821, "dvar": 0.000303623382933, "mean": 0.122560165823, "dvar2": 0.000716049456969, "min": 0.0245156362653, "var": 0.00166445423383, "median": 0.116423845291}, "pitch_salience": {"dmean": 0.0633779838681, "dmean2": 0.105022348464, "max": 0.926886260509, "dvar": 0.00347932078876, "mean": 0.539319038391, "dvar2": 0.00952640455216, "min": 0.125870376825, "var": 0.00938303396106, "median": 0.540597856045}, "erbbands_kurtosis": {"dmean": 0.592587828636, "dmean2": 0.934890270233, "max": 19.0616493225, "dvar": 0.588626205921, "mean": 0.15070040524, "dvar2": 1.37075674534, "min": -1.67256295681, "var": 1.74282431602, "median": -0.155461266637}, "average_loudness": 0.93168759346, "barkbands_crest": {"dmean": 2.21801185608, "dmean2": 3.64006233215, "max": 25.4071464539, "dvar": 5.0649728775, "mean": 9.08326721191, "dvar2": 13.5728569031, "min": 2.53079128265, "var": 12.8892784119, "median": 8.32625961304}, "hfc": {"dmean": 5.41560173035, "dmean2": 7.89028787613, "max": 140.449539185, "dvar": 51.8716888428, "mean": 25.351650238, "dvar2": 105.088294983, "min": 1.14633230386e-16, "var": 260.79083252, "median": 24.0054798126}, "barkbands_kurtosis": {"dmean": 2.12142848969, "dmean2": 3.47964000702, "max": 100.339881897, "dvar": 19.6790924072, "mean": 3.08719587326, "dvar2": 54.2692184448, "min": -1.92686605453, "var": 29.3972492218, "median": 1.62780463696}, "erbbands": {"dmean": [0.118358485401, 1.52543115616, 3.77698612213, 3.92500257492, 5.30166101456, 8.09070968628, 9.69883346558, 16.6789951324, 23.3022251129, 24.3172855377, 22.8096752167, 22.5376567841, 19.1311092377, 14.9265890121, 20.2535057068, 14.2970609665, 18.2906780243, 18.836774826, 17.4162483215, 13.8441400528, 10.599366188, 11.5900602341, 10.2584114075, 8.70029354095, 5.57907056808, 3.13232803345, 2.47767901421, 3.7564496994, 3.84097671509, 3.69997286797, 1.9899160862, 1.18877458572, 0.814035892487, 0.715448796749, 0.36466729641, 0.145025596023, 0.0513155087829, 0.0115048121661, 0.00110174145084, 3.50617556251e-05], "dmean2": [0.198710143566, 2.64624357224, 6.67784261703, 6.9007692337, 9.15133857727, 13.393362999, 15.8270940781, 27.2081832886, 36.6593360901, 39.0592002869, 36.0042381287, 35.9536743164, 30.1908836365, 23.3334407806, 31.84907341, 22.5606803894, 29.2848472595, 29.7844715118, 27.0339450836, 21.6343383789, 16.8504676819, 18.1554050446, 16.3914279938, 14.0783948898, 8.82774448395, 4.87193536758, 3.76139092445, 5.54705905914, 5.57938528061, 5.2898850441, 2.80598807335, 1.65873038769, 1.14935922623, 0.97886300087, 0.504986643791, 0.202819108963, 0.0706529840827, 0.0159381330013, 0.00157081254292, 5.05567550135e-05], "max": [4.25673675537, 44.7552146912, 85.5971984863, 138.044494629, 108.481498718, 265.962524414, 333.342224121, 649.136535645, 699.176513672, 814.222229004, 1232.02880859, 1717.18408203, 1187.91333008, 1150.96276855, 1081.89611816, 534.204956055, 871.871887207, 1189.23217773, 997.54083252, 884.83782959, 593.550476074, 663.407775879, 368.952789307, 400.158111572, 244.09677124, 275.904205322, 158.926651001, 204.792221069, 239.306289673, 130.416091919, 153.680175781, 110.50479126, 98.0759735107, 75.2991104126, 43.1047325134, 9.30591392517, 4.41768360138, 0.584164083004, 0.0536011494696, 0.00128067366313], "dvar": [0.120399393141, 14.1731300354, 67.001121521, 87.0726928711, 56.5291442871, 132.686935425, 269.387573242, 1191.32116699, 2356.4597168, 2399.01733398, 2193.84887695, 2332.05615234, 1670.08081055, 948.232910156, 1264.20227051, 610.220031738, 1221.7088623, 1615.14074707, 1317.94030762, 810.823974609, 396.599304199, 343.650848389, 261.994537354, 218.735092163, 91.6934661865, 26.7237911224, 19.9286270142, 60.3927230835, 74.2213668823, 45.9929237366, 25.7190093994, 10.9698572159, 9.0918302536, 5.81615591049, 1.40410470963, 0.132347136736, 0.0166697856039, 0.000855861697346, 9.00320173969e-06, 5.84306070195e-09], "mean": [0.180967584252, 2.36515498161, 6.56536006927, 6.37796115875, 7.87093687057, 15.0471086502, 19.1453552246, 30.4032611847, 44.5399589539, 44.5441589355, 41.7309341431, 41.6894264221, 37.2189865112, 32.3832778931, 42.8158950806, 30.4633216858, 34.2307090759, 36.7316322327, 37.044002533, 29.716753006, 24.7733573914, 29.7438678741, 24.6819438934, 20.3113574982, 14.1292171478, 7.75661468506, 5.91000699997, 7.79777002335, 9.18151473999, 9.09381580353, 4.56937360764, 2.5589056015, 1.6359937191, 1.49257719517, 0.687730848789, 0.239853307605, 0.0742502361536, 0.0150583293289, 0.00128910387866, 7.60342591093e-05], "dvar2": [0.310775130987, 38.7796859741, 197.259689331, 247.814682007, 159.418487549, 355.926361084, 686.664855957, 3095.42651367, 5881.48779297, 6167.43261719, 5054.64355469, 5733.64746094, 3763.19995117, 2277.56542969, 3096.82519531, 1492.11828613, 2943.953125, 3820.44995117, 3146.45922852, 1953.74597168, 921.819763184, 825.361572266, 628.934326172, 536.745544434, 214.720108032, 57.0301971436, 41.8624954224, 126.654624939, 167.509231567, 95.5100784302, 50.7575149536, 21.2541427612, 17.8580265045, 11.1785068512, 2.88302302361, 0.272602975368, 0.0350723415613, 0.00168273586314, 1.78542395588e-05, 1.1719972548e-08], "min": [3.91778415843e-22, 3.38525584197e-21, 4.65596944689e-21, 1.07398982003e-20, 2.08731418162e-20, 6.58177790639e-20, 9.35718793512e-20, 2.17381203823e-19, 9.11678339972e-20, 2.69934288734e-19, 3.4394293947e-19, 1.98795166317e-19, 4.27228886066e-19, 8.47502320553e-19, 1.51866452036e-18, 1.44536970065e-18, 1.60775466407e-18, 2.86956998826e-18, 2.50472212676e-18, 2.47620362758e-18, 6.17418776148e-18, 5.77540357458e-18, 7.53268467945e-18, 8.85662199142e-18, 8.70054376318e-18, 1.11130226371e-17, 1.1875646766e-17, 1.43532876199e-17, 1.20632596007e-17, 1.36192880761e-17, 1.31706749427e-17, 1.25870601431e-17, 1.20433394372e-17, 9.31718705751e-18, 6.73988706983e-18, 4.44107646052e-18, 2.51318046211e-18, 1.11073430083e-18, 2.75504135238e-19, 3.18720671017e-20], "var": [0.12145653367, 14.134308815, 65.2376022339, 75.2452392578, 79.2945785522, 338.051818848, 795.462158203, 2553.41186523, 6494.76025391, 4925.40917969, 5338.64550781, 4258.05322266, 3450.91943359, 2983.61279297, 3275.38183594, 1565.53552246, 2644.18408203, 3979.78710938, 3784.765625, 2330.23779297, 1173.07006836, 1365.65759277, 739.560668945, 566.090332031, 285.710845947, 92.5522537231, 62.3803825378, 146.312347412, 195.938369751, 147.999588013, 72.923324585, 31.2216320038, 21.1157035828, 13.828338623, 2.84950137138, 0.247069045901, 0.0250648930669, 0.00127639994025, 1.25603164634e-05, 8.79805028831e-09], "median": [0.0842787697911, 1.41636312008, 4.5463476181, 4.33118391037, 4.99526786804, 8.74625301361, 9.86571311951, 12.4366292953, 13.9931573868, 20.2861328125, 18.9974040985, 22.0599079132, 21.5290699005, 17.5950946808, 24.3648700714, 18.5386981964, 17.0856933594, 18.0141868591, 17.060213089, 14.7481250763, 14.1788759232, 17.0196819305, 17.1745872498, 13.6668157578, 9.34963321686, 5.44113254547, 3.69646000862, 3.91133260727, 4.42764854431, 4.58213853836, 2.13490438461, 0.982274472713, 0.621480226517, 0.538605153561, 0.247096046805, 0.0749283730984, 0.0174724832177, 0.00251599727198, 0.000117746050819, 5.18177948834e-05]}, "spectral_energy": {"dmean": 0.0115737477317, "dmean2": 0.0193249359727, "max": 0.226773068309, "dvar": 0.000405197410146, "mean": 0.0385232493281, "dvar2": 0.0010362152243, "min": 1.05735840062e-20, "var": 0.00067294301698, "median": 0.0353652276099}, "zerocrossingrate": {"dmean": 0.00884384755045, "dmean2": 0.0103704957291, "max": 0.5224609375, "dvar": 0.000137976297992, "mean": 0.0561042279005, "dvar2": 0.000192320148926, "min": 0.005859375, "var": 0.000962190446444, "median": 0.0517578125}, "spectral_energyband_high": {"dmean": 0.000344316184055, "dmean2": 0.000451340922154, "m