{"lowlevel": {"erbbands": {"mean": [0.110819324851, 1.66005706787, 3.92573428154, 4.36628007889, 9.01175689697, 6.4358458519, 12.5677890778, 15.8783502579, 17.2599887848, 20.3933792114, 23.6553649902, 35.7697486877, 30.9588871002, 33.5806541443, 44.5977287292, 46.0213394165, 54.6315879822, 44.2132987976, 56.2890510559, 61.289855957, 55.2816925049, 44.9566802979, 26.7741527557, 15.2404193878, 14.8216915131, 10.561299324, 9.00625514984, 6.17048931122, 5.7610206604, 5.10930490494, 2.28771543503, 1.00556492805, 0.46507614851, 0.223902359605, 0.0959938541055, 0.0475670658052, 0.0168773736805, 0.00257522030734, 0.00014001360978, 3.74697701773e-05], "dvar": [0.012498064898, 2.08543014526, 13.4721927643, 14.8302564621, 52.8976173401, 38.4958343506, 165.387359619, 306.260498047, 371.485046387, 634.234436035, 523.742675781, 1929.51342773, 1161.6229248, 1352.80273438, 2062.43041992, 2786.05395508, 3412.34301758, 1261.67565918, 2934.93896484, 2917.54394531, 1953.06506348, 1027.66137695, 342.444824219, 107.881706238, 110.958122253, 59.5608901978, 45.5049057007, 19.8344554901, 28.5530128479, 15.853802681, 5.32532453537, 1.79141032696, 0.841563940048, 0.169010281563, 0.0197542048991, 0.00330788618885, 0.000502915412653, 2.286308154e-05, 6.75121441418e-07, 2.17448656303e-10], "min": [1.97803602945e-22, 1.2596165408e-21, 2.90569566041e-21, 5.85592174899e-21, 3.32444566732e-20, 4.27598028339e-20, 6.19710790228e-20, 1.07686695453e-19, 9.55741346473e-20, 2.79041521429e-19, 5.44951188742e-19, 6.94475716688e-19, 7.88709579637e-19, 9.92435789305e-19, 9.38600807088e-19, 1.57693649939e-18, 2.37571793356e-18, 1.68066649916e-18, 3.0273848822e-18, 3.77772724008e-18, 3.56965078418e-18, 3.80046891667e-18, 5.99040932247e-18, 5.59507489232e-18, 9.01292190407e-18, 9.77088569733e-18, 8.91409946347e-18, 1.22997199321e-17, 1.144228188e-17, 1.28775907896e-17, 1.2023022227e-17, 1.30903019385e-17, 9.2571693138e-18, 8.83237815485e-18, 7.15187057776e-18, 4.87877908165e-18, 2.31947151306e-18, 1.13042688627e-18, 2.72095582428e-19, 2.8536913646e-20], "dmean": [0.0564707517624, 0.913279175758, 2.34461569786, 2.67420721054, 5.50716638565, 3.92447519302, 7.89069366455, 9.69313144684, 10.3076581955, 12.6117801666, 13.1781768799, 21.5925064087, 17.3165245056, 17.568649292, 23.561662674, 24.3436222076, 28.00233078, 21.8175411224, 28.8145809174, 29.6820316315, 24.0374603271, 18.750213623, 11.1975402832, 6.21564245224, 6.5627579689, 4.46667432785, 3.76885461807, 2.50697731972, 2.48605489731, 2.16814374924, 1.00026929379, 0.457189917564, 0.229808151722, 0.113994687796, 0.0492358580232, 0.0258226003498, 0.0099657708779, 0.00181648065336, 0.000136973656481, 1.01969917523e-05], "dmean2": [0.0924173519015, 1.49016284943, 3.87524271011, 4.36840391159, 9.02806282043, 6.47971439362, 13.0017566681, 15.4638319016, 16.8430118561, 20.3978767395, 20.8276767731, 34.8161849976, 27.9113044739, 27.624704361, 37.2189674377, 37.82371521, 43.9574012756, 34.3823127747, 45.0551834106, 46.4774703979, 37.8832054138, 29.1946220398, 17.5110664368, 9.48491191864, 10.3390579224, 6.77833271027, 5.81976985931, 3.72187376022, 3.61087441444, 3.17641687393, 1.45119678974, 0.644452393055, 0.311297118664, 0.15303824842, 0.0640914365649, 0.0347069650888, 0.013383179903, 0.00254248548299, 0.000229225537623, 1.54031695274e-05], "dvar2": [0.0313634313643, 5.38745355606, 35.6517028809, 36.6718673706, 138.761047363, 105.374534607, 436.881317139, 783.333251953, 939.131652832, 1708.19360352, 1303.34594727, 4917.61035156, 3054.53198242, 3447.44750977, 5125.71630859, 6672.30761719, 8150.21630859, 3017.94921875, 6931.83251953, 6990.95898438, 4859.83691406, 2417.74438477, 821.190917969, 241.26449585, 280.052368164, 131.295944214, 111.095603943, 42.0446739197, 62.5448150635, 34.6949424744, 11.7750720978, 3.71842575073, 1.53055608273, 0.278959661722, 0.0343710817397, 0.00631641084328, 0.00099020509515, 4.92300569022e-05, 1.86784734524e-06, 5.18046217035e-10], "max": [1.71107375622, 17.0347156525, 40.0189094543, 51.5076560974, 137.336532593, 140.485931396, 345.958953857, 318.223175049, 414.224609375, 576.900024414, 452.577850342, 931.821105957, 666.055786133, 1264.51855469, 937.729492188, 2295.97387695, 1842.69958496, 889.505187988, 1376.90893555, 1113.73669434, 1302.09204102, 1125.59680176, 463.910797119, 323.41784668, 219.505371094, 218.987762451, 250.088272095, 150.160919189, 245.345687866, 95.1062011719, 89.2119140625, 42.9200439453, 44.2366294861, 19.4382514954, 5.53880357742, 1.37097907066, 0.464363247156, 0.10426196456, 0.0233893375844, 0.000398114905693], "median": [0.0415829606354, 0.848458468914, 1.88494229317, 2.71747922897, 5.76414299011, 3.82845783234, 6.01003789902, 6.66624259949, 7.94468593597, 9.41452693939, 12.474360466, 15.8825330734, 14.5363731384, 15.6686468124, 19.1116828918, 19.2614021301, 23.2606372833, 24.3237686157, 27.6158771515, 29.7616844177, 27.6768455505, 23.3967514038, 15.1141138077, 8.79523086548, 8.82813644409, 6.43993663788, 4.46881389618, 2.92403864861, 2.36743092537, 1.55166065693, 0.811476111412, 0.351696014404, 0.136669918895, 0.0627914071083, 0.0265995692462, 0.0107130035758, 0.00252995220944, 0.000258578715147, 2.49141794484e-05, 3.36856137437e-05], "var": [0.0259960368276, 4.34717130661, 22.7148551941, 26.9838237762, 101.912101746, 64.0015029907, 411.524169922, 589.106933594, 742.525817871, 1086.95715332, 1041.47680664, 3488.50463867, 2222.86279297, 2716.87963867, 5512.07861328, 7356.35693359, 8699.84765625, 3424.35620117, 6842.34960938, 7623.48779297, 5940.41308594, 4117.28222656, 1184.27282715, 392.312988281, 334.633117676, 186.601150513, 144.95916748, 75.2373580933, 82.2809829712, 58.5926551819, 15.4408121109, 4.82215118408, 2.38444519043, 0.551278829575, 0.0660991743207, 0.00927065964788, 0.00118836911861, 3.81574973289e-05, 5.04517458921e-07, 6.156507526e-10]}, "gfcc": {"icov": [[0.000230635036132, -0.000424878584454, 0.000421262084274, -0.000428133062087, 0.000375517265638, -0.000455744448118, 0.000265610724455, -0.000438852672232, 0.000297607417451, -0.000565171416383, 0.000823320413474, -0.000743395590689, 0.000599434075411], [-0.000424878584454, 0.00343921710737, -0.00148891180288, 0.00213778926991, -0.00171981961466, 0.00209783785976, -0.00179815443698, 0.00217429781333, -0.00270587485284, 0.00369135988876, -0.00390330818482, 0.003430967452, -0.00253664585762], [0.000421262084274, -0.00148891180288, 0.00230091507547, -0.00159132748377, 0.000551549892407, -0.00118851533625, 0.000762123730965, -0.00132012518588, 0.00168645137455, -0.00204064440913, 0.00229047168978, -0.0026393532753, 0.00185997504741], [-0.000428133062087, 0.00213778926991, -0.00159132748377, 0.00425231084228, -0.00125696579926, 0.0012795421062, -0.00114376936108, 0.000702534103766, -0.00205496163107, 0.00160352746025, -0.00285568879917, 0.00249463715591, -0.00230930256657], [0.000375517265638, -0.00171981961466, 0.000551549892407, -0.00125696579926, 0.00583615526557, -0.00187695585191, 0.000676600902807, -0.000259560765699, -0.00125471968204, -0.000285949296085, 0.00201501860283, -0.00113523553591, 0.00103260530159], [-0.000455744448118, 0.00209783785976, -0.00118851533625, 0.0012795421062, -0.00187695585191, 0.0088329538703, -0.00451708259061, 0.00125643098727, 6.26686596661e-05, -0.000572206336074, -0.000628570793197, 0.00179714697879, -0.00112174160313], [0.000265610724455, -0.00179815443698, 0.000762123730965, -0.00114376936108, 0.000676600902807, -0.00451708259061, 0.0083315866068, -0.00323864771053, 0.000689943146426, -0.000376165902708, -0.000416490220232, -0.0012519225711, 0.00204107048921], [-0.000438852672232, 0.00217429781333, -0.00132012518588, 0.000702534103766, -0.000259560765699, 0.00125643098727, -0.00323864771053, 0.0116736991331, -0.00536406319588, 0.00205306662247, -0.00139024888631, 0.00151815789286, -0.00180757930502], [0.000297607417451, -0.00270587485284, 0.00168645137455, -0.00205496163107, -0.00125471968204, 6.26686596661e-05, 0.000689943146426, -0.00536406319588, 0.0144886551425, -0.00588401779532, 0.00234127719887, -0.000487723678816, -0.000771207560319], [-0.000565171416383, 0.00369135988876, -0.00204064440913, 0.00160352746025, -0.000285949296085, -0.000572206336074, -0.000376165902708, 0.00205306662247, -0.00588401779532, 0.01716786623, -0.00659092608839, 0.00169039412867, 0.000694728107192], [0.000823320413474, -0.00390330818482, 0.00229047168978, -0.00285568879917, 0.00201501860283, -0.000628570793197, -0.000416490220232, -0.00139024888631, 0.00234127719887, -0.00659092608839, 0.0170664805919, -0.00575778353959, 0.000393808557419], [-0.000743395590689, 0.003430967452, -0.0026393532753, 0.00249463715591, -0.00113523553591, 0.00179714697879, -0.0012519225711, 0.00151815789286, -0.000487723678816, 0.00169039412867, -0.00575778353959, 0.0172595288604, -0.00573619501665], [0.000599434075411, -0.00253664585762, 0.00185997504741, -0.00230930256657, 0.00103260530159, -0.00112174160313, 0.00204107048921, -0.00180757930502, -0.000771207560319, 0.000694728107192, 0.000393808557419, -0.00573619501665, 0.018460534513]], "mean": [-3.7040541172, 115.48122406, -138.301513672, 36.0573730469, -47.6867141724, 13.7057056427, -32.436290741, 1.8789691925, -16.0230464935, -0.910364151001, -17.6264858246, -0.186602964997, -11.2714157104], "cov": [[8858.82910156, -652.741088867, -792.651367188, 291.21472168, -380.408813477, 319.459503174, 30.2533893585, 199.787139893, -22.5231361389, 192.257202148, -224.89515686, 123.659301758, -169.103134155], [-652.741088867, 1229.49316406, 7.23573303223, -217.037963867, 229.017349243, -169.709960938, 65.9981536865, -71.3300628662, 118.384109497, -163.311019897, 121.643791199, -102.605430603, 101.469917297], [-792.651367188, 7.23573303223, 874.160522461, 154.002471924, 34.6162338257, 56.7040176392, 24.3920936584, 25.2508544922, -31.9172229767, 42.2766304016, -11.4548616409, 54.0279312134, -26.6851577759], [291.21472168, -217.037963867, 154.002471924, 422.247314453, 12.5598974228, 36.4815406799, 28.1981391907, 54.8653793335, 32.3513717651, 43.2060546875, 8.05018043518, 13.6833744049, 5.59949111938], [-380.408813477, 229.017349243, 34.6162338257, 12.5598974228, 259.231964111, 3.68176651001, 25.8007526398, -3.28557801247, 55.1308822632, -28.851266861, 10.4258413315, -25.1615009308, 19.8019657135], [319.459503174, -169.709960938, 56.7040176392, 36.4815406799, 3.68176651001, 209.369354248, 87.4302444458, 27.0230770111, -14.6648435593, 42.9807167053, -20.5691738129, 12.786362648, -27.1651248932], [30.2533893585, 65.9981536865, 24.3920936584, 28.1981391907, 25.8007526398, 87.4302444458, 198.966445923, 47.230178833, 20.9331188202, 5.33357810974, 22.0453681946, -3.61878991127, -5.26924324036], [199.787139893, -71.3300628662, 25.2508544922, 54.8653793335, -3.28557801247, 27.0230770111, 47.230178833, 130.816574097, 41.4077835083, 18.230304718, -3.62213754654, 5.91528367996, 0.402471959591], [-22.5231361389, 118.384109497, -31.9172229767, 32.3513717651, 55.1308822632, -14.6648435593, 20.9331188202, 41.4077835083, 121.746772766, 11.7492389679, 16.5983581543, -16.1227893829, 21.3063602448], [192.257202148, -163.311019897, 42.2766304016, 43.2060546875, -28.851266861, 42.9807167053, 5.33357810974, 18.230304718, 11.7492389679, 105.415229797, 7.62177801132, 19.3655319214, -19.7385673523], [-224.89515686, 121.643791199, -11.4548616409, 8.05018043518, 10.4258413315, -20.5691738129, 22.0453681946, -3.62213754654, 16.5983581543, 7.62177801132, 101.619476318, 9.10307121277, 22.6209411621], [123.659301758, -102.605430603, 54.0279312134, 13.6833744049, -25.1615009308, 12.786362648, -3.61878991127, 5.91528367996, -16.1227893829, 19.3655319214, 9.10307121277, 89.3488464355, 7.48420286179], [-169.103134155, 101.469917297, -26.6851577759, 5.59949111938, 19.8019657135, -27.1651248932, -5.26924324036, 0.402471959591, 21.3063602448, -19.7385673523, 22.6209411621, 7.48420286179, 78.3321685791]]}, "spectral_skewness": {"mean": 1.55469346046, "dvar": 0.059836987406, "min": -0.0580917485058, "dmean": 0.240425616503, "dmean2": 0.382656902075, "dvar2": 0.154592961073, "max": 6.05393981934, "median": 1.46119403839, "var": 0.323172718287}, "spectral_energyband_low": {"mean": 0.0101333418861, "dvar": 5.51974662812e-05, "min": 2.04798845954e-23, "dmean": 0.00501504866406, "dmean2": 0.00810660049319, "dvar2": 0.000141589305713, "max": 0.0778398066759, "median": 0.00695869140327, "var": 0.000109264074126}, "spectral_energyband_middle_low": {"mean": 0.0104537792504, "dvar": 1.8080285372e-05, "min": 2.22885668929e-22, "dmean": 0.00373138161376, "dmean2": 0.0057984655723, "dvar2": 4.30599902757e-05, "max": 0.0719578117132, "median": 0.00875112880021, "var": 5.95245655859e-05}, "mfcc": {"icov": [[0.000222429618589, 0.000115553819342, 0.000158306473168, -4.43436583737e-05, 0.000287410774035, -0.000216574873775, 0.000285700778477, -0.000274731719401, -4.68256876047e-05, -0.00021217612084, -7.46650039218e-06, -4.56267189293e-05, -0.000107494430267], [0.000115553819342, 0.000919487094507, 0.000254205748206, 0.000209703473956, -0.00044299379806, 0.000237290849327, -5.36560582987e-05, -0.000398580625188, -0.000169516017195, 0.000546247756574, -0.000516835891176, 8.80730585777e-05, 0.000198301815544], [0.000158306473168, 0.000254205748206, 0.00195581838489, -0.000790471327491, 9.19602025533e-05, -0.00054616125999, -0.000491142622195, 2.9837639886e-05, -0.00054944830481, 0.00118146580644, -0.00121982360724, 9.20790625969e-05, 0.000522412126884], [-4.43436583737e-05, 0.000209703473956, -0.000790471327491, 0.00400220882148, -0.0016162910033, 0.00049607938854, 0.000233872939134, -0.000839291082229, 0.000353126815753, -0.000691959983669, -0.000418577023083, 0.000575446872972, -0.00157525960822], [0.000287410774035, -0.00044299379806, 9.19602025533e-05, -0.0016162910033, 0.00608389219269, -0.00122544937767, 0.00134158297442, 0.000614689663053, -0.00171781121753, 0.000183359006769, 0.000584625813644, -0.000784067844506, 0.000415022514062], [-0.000216574873775, 0.000237290849327, -0.00054616125999, 0.00049607938854, -0.00122544937767, 0.00711179804057, -0.0029684137553, 6.46051921649e-05, 0.00057173386449, -0.00159444089513, 0.000428616884165, 0.000526167976204, -0.000649054883979], [0.000285700778477, -5.36560582987e-05, -0.000491142622195, 0.000233872939134, 0.00134158297442, -0.0029684137553, 0.0100690340623, -0.0038702711463, 0.00120629859157, -0.000841057277285, -0.00152283010539, -0.000199914284167, -2.65801190835e-05], [-0.000274731719401, -0.000398580625188, 2.9837639886e-05, -0.000839291082229, 0.000614689663053, 6.46051921649e-05, -0.0038702711463, 0.0121377855539, -0.00491476012394, 0.00113982672337, -0.000165782985277, -0.00124994770158, -0.000346811604686], [-4.68256876047e-05, -0.000169516017195, -0.00054944830481, 0.000353126815753, -0.00171781121753, 0.00057173386449, 0.00120629859157, -0.00491476012394, 0.0142796812579, -0.00636585894972, 0.00152871315368, 0.000927525805309, -0.00149671453983], [-0.00021217612084, 0.000546247756574, 0.00118146580644, -0.000691959983669, 0.000183359006769, -0.00159444089513, -0.000841057277285, 0.00113982672337, -0.00636585894972, 0.0153361260891, -0.00640126271173, 0.000393313006498, 0.000609378912486], [-7.46650039218e-06, -0.000516835891176, -0.00121982360724, -0.000418577023083, 0.000584625813644, 0.000428616884165, -0.00152283010539, -0.000165782985277, 0.00152871315368, -0.00640126271173, 0.0174641963094, -0.00588195258752, 0.0025102738291], [-4.56267189293e-05, 8.80730585777e-05, 9.20790625969e-05, 0.000575446872972, -0.000784067844506, 0.000526167976204, -0.000199914284167, -0.00124994770158, 0.000927525805309, 0.000393313006498, -0.00588195258752, 0.0194341279566, -0.00730546098202], [-0.000107494430267, 0.000198301815544, 0.000522412126884, -0.00157525960822, 0.000415022514062, -0.000649054883979, -2.65801190835e-05, -0.000346811604686, -0.00149671453983, 0.000609378912486, 0.0025102738291, -0.00730546098202, 0.0181303862482]], "mean": [-635.817871094, 138.707717896, -22.2992668152, 26.5458869934, 3.65469694138, 15.5288877487, -6.04336261749, 7.50330972672, 1.11345529556, 1.79620480537, -1.05846524239, -0.190333902836, 0.319670170546], "cov": [[6387.09716797, -918.231201172, -488.108184814, -36.8194236755, -321.879180908, 149.960632324, -61.7339401245, 135.466812134, 95.0410690308, 202.172912598, 10.5586833954, 42.2228927612, 90.61693573], [-918.231201172, 1379.69812012, -108.042297363, -63.7413482666, 115.728118896, -77.168296814, -5.56323194504, 19.301115036, 4.14033985138, -60.8669624329, 8.80256462097, -5.25397062302, -28.9585533142], [-488.108184814, -108.042297363, 700.010192871, 142.027404785, 36.7163009644, 58.2126502991, 68.3878707886, 19.0430107117, 8.51866912842, -18.6593208313, 47.7084693909, 3.69774651527, -11.6195802689], [-36.8194236755, -63.7413482666, 142.027404785, 331.967651367, 85.3524017334, 7.43881893158, 2.32486271858, 25.8526000977, 24.2578392029, 19.8990821838, 17.5584621429, 8.25758552551, 26.2698879242], [-321.879180908, 115.728118896, 36.7163009644, 85.3524017334, 226.047927856, 10.3144178391, -23.480758667, -5.5604634285, 26.5613365173, -0.897607684135, -4.11804246902, 2.53569126129, 2.05249071121], [149.960632324, -77.168296814, 58.2126502991, 7.43881893158, 10.3144178391, 185.412780762, 63.1957702637, 21.9816627502, 10.7406988144, 31.3999996185, 13.5031700134, 3.18380641937, 6.86135435104], [-61.7339401245, -5.56323194504, 68.3878707886, 2.32486271858, -23.480758667, 63.1957702637, 150.159286499, 49.412815094, 6.52895736694, 19.2039718628, 26.9014644623, 9.73972702026, 1.98485302925], [135.466812134, 19.301115036, 19.0430107117, 25.8526000977, -5.5604634285, 21.9816627502, 49.412815094, 121.963806152, 45.1327362061, 20.6458511353, 13.9901762009, 13.0703248978, 11.9706697464], [95.0410690308, 4.14033985138, 8.51866912842, 24.2578392029, 26.5613365173, 10.7406988144, 6.52895736694, 45.1327362061, 109.150856018, 47.9151000977, 8.91346359253, 3.73819494247, 10.7021741867], [202.172912598, -60.8669624329, -18.6593208313, 19.8990821838, -0.897607684135, 31.3999996185, 19.2039718628, 20.6458511353, 47.9151000977, 110.357307434, 37.3507232666, 9.38551616669, 4.55538415909], [10.5586833954, 8.80256462097, 47.7084693909, 17.5584621429, -4.11804246902, 13.5031700134, 26.9014644623, 13.9901762009, 8.91346359253, 37.3507232666, 84.6992645264, 23.7004451752, -1.69494628906], [42.2228927612, -5.25397062302, 3.69774651527, 8.25758552551, 2.53569126129, 3.18380641937, 9.73972702026, 13.0703248978, 3.73819494247, 9.38551616669, 23.7004451752, 68.7165985107, 25.6392822266], [90.61693573, -28.9585533142, -11.6195802689, 26.2698879242, 2.05249071121, 6.86135435104, 1.98485302925, 11.9706697464, 10.7021741867, 4.55538415909, -1.69494628906, 25.6392822266, 70.3539886475]]}, "silence_rate_20dB": {"mean": 1, "dvar": 0, "min": 1, "dmean": 0, "dmean2": 0, "dvar2": 0, "max": 1, "median": 1, "var": 0}, "dynamic_complexity": 2.81724452972, "silence_rate_60dB": {"mean": 0.0334901511669, "dvar": 0.00994614232332, "min": 0, "dmean": 0.0100478464738, "dmean2": 0.020097296685, "dvar2": 0.0220838915557, "max": 1, "median": 0, "var": 0.0323718562722}, "dissonance": {"mean": 0.469953984022, "dvar": 0.000274749239907, "min": 0.201743423939, "dmean": 0.0155554972589, "dmean2": 0.0260963607579, "dvar2": 0.000740983698051, "max": 0.500000178814, "median": 0.477007597685, "var": 0.000667136919219}, "barkbands": {"mean": [0.000134058631375, 0.0064683095552, 0.00268666818738, 0.00188442924991, 0.00244311778806, 0.00204833806492, 0.00128988735378, 0.000964143662713, 0.00152521394193, 0.000933372648433, 0.00115723535419, 0.000972674170043, 0.00110763811972, 0.000819412292913, 0.00114549091086, 0.00105653260835, 0.000842788780574, 0.000445557583589, 0.000284236302832, 0.000229809025768, 0.000183311814908, 0.00017570797354, 8.85953995748e-05, 3.44856161973e-05, 1.63827880897e-05, 9.66311108641e-06, 8.30527937978e-07], "dvar": [5.14264506535e-08, 2.98305058095e-05, 7.79131732997e-06, 3.4237791624e-06, 3.68796190742e-06, 4.17554383603e-06, 1.83116037533e-06, 1.20444667573e-06, 2.83341410068e-06, 1.2435325516e-06, 1.83031340839e-06, 1.36210030632e-06, 1.50006280819e-06, 6.01567762715e-07, 1.11242127332e-06, 8.87506757863e-07, 4.54995330301e-07, 1.1156062385e-07, 3.82031366541e-08, 2.77962008965e-08, 1.81438171154e-08, 2.10839203874e-08, 6.2092069264e-09, 2.79564793537e-09, 7.05055069883e-10, 1.42627243349e-10, 1.64548843301e-11], "min": [8.64316831312e-25, 4.11766065433e-24, 7.4026293194e-25, 3.43998456611e-24, 1.35806144034e-23, 1.3150821683e-23, 1.0458668972e-23, 9.67466429456e-24, 2.83896335422e-23, 9.78882272273e-24, 2.39343617197e-23, 3.27195459005e-23, 4.5982941979e-23, 4.11218390861e-23, 3.62732569935e-23, 5.80934273109e-23, 5.63206107323e-23, 9.46939164296e-23, 1.32895698523e-22, 1.85835207239e-22, 2.56323400108e-22, 3.09193842475e-22, 3.99682196268e-22, 6.04490707346e-22, 1.0245690096e-21, 1.42700287893e-21, 2.11238886135e-21], "dmean": [8.20711211418e-05, 0.00344726559706, 0.00174404145218, 0.00127401633654, 0.00140226213261, 0.00122305913828, 0.000765230681282, 0.000586656969972, 0.000904066371731, 0.000556029786821, 0.000660904974211, 0.000551250588614, 0.000598767364863, 0.000458014226751, 0.000598992570303, 0.000518501852639, 0.000383333535865, 0.000203187533771, 0.000124858997879, 0.000101037629065, 7.54301945562e-05, 7.37684240448e-05, 3.86258325307e-05, 1.61110583576e-05, 8.22873334982e-06, 5.47073432244e-06, 8.72371117566e-07], "dmean2": [0.000134295070893, 0.00560115650296, 0.00289516057819, 0.00209306832403, 0.00228986353613, 0.00198197597638, 0.00123338133562, 0.000939677760471, 0.00145435845479, 0.000896206125617, 0.0010568149155, 0.000855568563566, 0.000948374450672, 0.000726499827579, 0.000939328689128, 0.000816706800833, 0.000602605810855, 0.000319599232171, 0.000197534885956, 0.000154452747665, 0.000114448514068, 0.000106529209006, 5.57086204935e-05, 2.20089405047e-05, 1.06936695374e-05, 7.14979933036e-06, 1.43074112202e-06], "dvar2": [1.25794414885e-07, 7.68030658946e-05, 2.03106301342e-05, 8.50836295285e-06, 9.85302813206e-06, 1.08534350147e-05, 4.58216800325e-06, 3.13186387757e-06, 7.1716031016e-06, 3.16415184898e-06, 4.73079944641e-06, 3.22372966366e-06, 3.54535245606e-06, 1.46884997321e-06, 2.61551713265e-06, 2.16525722863e-06, 1.11771248612e-06, 2.68170566642e-07, 9.20317475561e-08, 6.18028792587e-08, 4.23587955822e-08, 4.5056985698e-08, 1.32052528912e-08, 4.89183493713e-09, 1.12111042672e-09, 2.70954592096e-10, 4.3956990825e-11], "max": [0.00439148861915, 0.0629347115755, 0.0312137492001, 0.0321830697358, 0.0315419360995, 0.0380390062928, 0.0348044149578, 0.0251251962036, 0.0332219302654, 0.020484097302, 0.0274541005492, 0.0468350946903, 0.0418129935861, 0.0152698196471, 0.0266862027347, 0.0204917602241, 0.0166959799826, 0.00817620940506, 0.00511632347479, 0.00539876986295, 0.00521950703114, 0.00587689038366, 0.00269359978847, 0.00209875940345, 0.00119816674851, 0.00024482171284, 0.00012084224727], "median": [9.71059125732e-06, 0.00352337467484, 0.00130894500762, 0.000950140762143, 0.0015325237764, 0.000931088754442, 0.000626891909633, 0.000459578674054, 0.000688468047883, 0.000374565977836, 0.000426083686762, 0.000378740398446, 0.000442833377747, 0.000393653521314, 0.00053957500495, 0.000473428168334, 0.000402875302825, 0.000234855266172, 0.000171944659087, 0.000137412833283, 8.53988240124e-05, 6.59727593302e-05, 3.08860289806e-05, 1.13493124445e-05, 4.58783233626e-06, 1.74463957592e-06, 3.03605460772e-08], "var": [1.03755226633e-07, 6.09448834439e-05, 1.2289161532e-05, 6.90234764988e-06, 7.49369110054e-06, 9.24669075175e-06, 3.64256061403e-06, 2.13529347093e-06, 5.53764448341e-06, 2.38883694692e-06, 4.33228160546e-06, 3.41105146617e-06, 3.88758371628e-06, 1.37417259793e-06, 2.82693395093e-06, 2.39393216361e-06, 1.57548913648e-06, 3.64647576134e-07, 1.25930824879e-07, 8.58988684627e-08, 6.41528075107e-08, 7.03549005721e-08, 2.02746441857e-08, 8.58082405131e-09, 2.51673881735e-09, 3.70410507822e-10, 1.3829058558e-11]}, "spectral_complexity": {"mean": 23.6070480347, "dvar": 12.1038789749, "min": 0, "dmean": 3.62870812416, "dmean2": 5.16388845444, "dvar2": 21.2247314453, "max": 58, "median": 24, "var": 124.946495056}, "spectral_energyband_high": {"mean": 0.000623043917585, "dvar": 1.18799228233e-07, "min": 7.31106573241e-21, "dmean": 0.000201641014428, "dmean2": 0.00026532963966, "dvar2": 2.07321377843e-07, "max": 0.010041333735, "median": 0.00031742072315, "var": 6.54915027098e-07}, "hfc": {"mean": 23.1043872833, "dvar": 30.8805713654, "min": 1.11854088817e-16, "dmean": 4.66404294968, "dmean2": 6.5473279953, "dvar2": 57.6576538086, "max": 100.01927948, "median": 18.6670799255, "var": 297.795196533}, "melbands_kurtosis": {"mean": 9.12836742401, "dvar": 143.812988281, "min": -1.82998275757, "dmean": 5.06086540222, "dmean2": 7.73655128479, "dvar2": 299.006134033, "max": 283.000335693, "median": 2.98229598999, "var": 398.521728516}, "spectral_strongpeak": {"mean": 0.948722481728, "dvar": 1.08462905884, "min": 0, "dmean": 0.572610676289, "dmean2": 0.992513656616, "dvar2": 2.72265601158, "max": 11.6928358078, "median": 0.456366747618, "var": 1.73050189018}, "silence_rate_30dB": {"mean": 1, "dvar": 0, "min": 1, "dmean": 0, "dmean2": 0, "dvar2": 0, "max": 1, "median": 1, "var": 0}, "melbands_spread": {"mean": 28.884967804, "dvar": 59.7476615906, "min": 0.562290608883, "dmean": 6.5151309967, "dmean2": 10.0084552765, "dvar2": 127.462638855, "max": 227.679504395, "median": 27.4686279297, "var": 339.365814209}, "melbands_crest": {"mean": 12.6107988358, "dvar": 7.38996219635, "min": 1.00333762169, "dmean": 3.01390743256, "dmean2": 4.90930747986, "dvar2": 18.9550247192, "max": 36.1006851196, "median": 11.960351944, "var": 25.6775169373}, "average_loudness": 0.919754087925, "spectral_flux": {"mean": 0.0843500718474, "dvar": 0.000432422966696, "min": 6.4382686682e-11, "dmean": 0.0199230667204, "dmean2": 0.0307538118213, "dvar2": 0.00101247546263, "max": 0.245979830623, "median": 0.0808992311358, "var": 0.00148432131391}, "spectral_rolloff": {"mean": 1570.50939941, "dvar": 263647.125, "min": 86.1328125, "dmean": 328.508361816, "dmean2": 530.263671875, "dvar2": 543044.3125, "max": 19466.015625, "median": 1550.390625, "var": 1664644.75}, "melbands": {"mean": [0.00139856163878, 0.0022201789543, 0.000931590679102, 0.000578237697482, 0.000391868466977, 0.000372841634089, 0.000256801111391, 0.000213316030568, 0.000204035488423, 0.000223031718633, 0.000150761203258, 0.000129664840642, 0.000168590268004, 0.000102846344816, 0.000119412528875, 0.000113644600788, 7.68149766373e-05, 8.51048462209e-05, 8.34251695778e-05, 7.89284240454e-05, 6.14158707322e-05, 5.00649039168e-05, 3.2707626815e-05, 1.87232235476e-05, 1.11915869638e-05, 1.14114582175e-05, 9.00007944438e-06, 6.55696385365e-06, 5.7969905356e-06, 4.62673642687e-06, 3.27424504576e-06, 3.18201091432e-06, 3.51649941877e-06, 2.44717170972e-06, 1.3586084151e-06, 8.76911315117e-07, 4.99728287195e-07, 3.43010611914e-07, 2.37708320583e-07, 1.70209858652e-07], "dvar": [1.47387765992e-06, 3.57084354619e-06, 4.91495768529e-07, 2.32918168308e-07, 1.37206242812e-07, 1.4634109391e-07, 7.79893838398e-08, 7.02633684568e-08, 4.11420479907e-08, 7.27713356241e-08, 3.08576417751e-08, 2.24117258085e-08, 3.62107250851e-08, 1.35381519328e-08, 1.64462914398e-08, 1.5040098944e-08, 5.13115683276e-09, 7.74994113328e-09, 5.31096278067e-09, 5.26011945112e-09, 3.33622085513e-09, 1.93284077632e-09, 6.6805366794e-10, 2.74893691143e-10, 8.2463258444e-11, 8.65166410735e-11, 5.53971903072e-11, 2.90335897685e-11, 2.25269160964e-11, 1.58478126455e-11, 7.35383021838e-12, 1.20744794371e-11, 9.11294303907e-12, 4.1985082945e-12, 2.35578548856e-12, 9.30984456193e-13, 6.83160776213e-13, 6.47454366596e-13, 2.33017706693e-13, 1.05477014926e-13], "min": [1.84368626464e-24, 2.68961967863e-24, 1.46660079257e-24, 3.43930259585e-24, 2.26609899406e-24, 2.28825967461e-24, 1.51696926555e-24, 2.81050196273e-24, 5.49249296198e-24, 4.07204990008e-24, 3.72005937531e-24, 2.98363366003e-24, 2.91405257832e-24, 3.36124914802e-24, 3.81507412147e-24, 4.42630603337e-24, 2.77672786915e-24, 3.84591858287e-24, 3.49296880324e-24, 3.55065070706e-24, 4.2015974268e-24, 3.23036686865e-24, 4.39102146837e-24, 4.4291455382e-24, 3.51212431817e-24, 5.32593799804e-24, 6.00489322423e-24, 6.12261651484e-24, 5.19148888409e-24, 5.0472693334e-24, 6.25027077538e-24, 5.31827500321e-24, 7.55730088265e-24, 5.85442313415e-24, 6.69664890189e-24, 5.75396682547e-24, 6.9718446064e-24, 6.59542976471e-24, 6.18796220235e-24, 5.98683501482e-24], "dmean": [0.000729498511646, 0.00123744213488, 0.000530608871486, 0.000346729299054, 0.000237711239606, 0.000222050628508, 0.000151826592628, 0.000132813656819, 0.000117239091196, 0.000135551978019, 8.81055166246e-05, 7.1826398198e-05, 9.45861829678e-05, 5.76257516514e-05, 6.41062433715e-05, 6.01731844654e-05, 4.29891733802e-05, 4.64116747025e-05, 4.21396907768e-05, 3.95606584789e-05, 2.89802483167e-05, 2.34250510402e-05, 1.581264587e-05, 9.29140878725e-06, 5.17929174748e-06, 5.47082754565e-06, 4.34116145698e-06, 3.0823398447e-06, 2.66827873929e-06, 2.18070408664e-06, 1.5027713971e-06, 1.54484303039e-06, 1.62029675721e-06, 1.11564702365e-06, 6.5865998522e-07, 4.18359007881e-07, 2.50100583798e-07, 1.8443222416e-07, 1.25810757368e-07, 9.22709588735e-08], "dmean2": [0.00118894746993, 0.00202464940958, 0.000861152075231, 0.000569209223613, 0.000389705295675, 0.000355466501787, 0.000246693758527, 0.000215188381844, 0.000185783559573, 0.000218593369937, 0.000142707998748, 0.00011343863298, 0.000150539111928, 8.91471281648e-05, 0.000101098623418, 9.47102962527e-05, 6.84686092427e-05, 7.31256659492e-05, 6.56851552776e-05, 6.17510522716e-05, 4.59277580376e-05, 3.66645945178e-05, 2.52868321695e-05, 1.47984992509e-05, 8.01928854344e-06, 8.82670519786e-06, 6.73874637869e-06, 4.78707033835e-06, 4.21621598434e-06, 3.40230872098e-06, 2.29352531278e-06, 2.32185993809e-06, 2.44749594458e-06, 1.66840140992e-06, 9.88599595075e-07, 6.20788171091e-07, 3.61202580734e-07, 2.6051191071e-07, 1.76867004598e-07, 1.26243662635e-07], "dvar2": [3.79205266654e-06, 9.39904202824e-06, 1.21636878703e-06, 6.37819141502e-07, 3.60031378932e-07, 3.75868438596e-07, 1.95169477024e-07, 1.88966268411e-07, 1.02590533402e-07, 1.83191474434e-07, 8.11258260569e-08, 5.67329081491e-08, 9.2623928083e-08, 3.21565210015e-08, 3.9898896631e-08, 3.36766632358e-08, 1.24488392927e-08, 1.85265438546e-08, 1.23160299736e-08, 1.27146115858e-08, 8.43228598058e-09, 4.65463001476e-09, 1.71760106138e-09, 6.63837651516e-10, 1.87517890105e-10, 2.1652994675e-10, 1.26815974388e-10, 6.77279066164e-11, 5.67039019905e-11, 3.87368435939e-11, 1.61661135867e-11, 2.73345686364e-11, 2.11184004312e-11, 9.58345555691e-12, 5.51613095479e-12, 2.00822041288e-12, 1.42984072932e-12, 1.2762967766e-12, 4.15670644606e-13, 1.80546346645e-13], "max": [0.0154552813619, 0.0190621055663, 0.0112435603514, 0.00799850560725, 0.00916252005845, 0.00695860153064, 0.00706415437162, 0.00624344497919, 0.00303773209453, 0.00633581215516, 0.00341181596741, 0.00475960643962, 0.00417070509866, 0.00368860200979, 0.00428574439138, 0.00578369852155, 0.0018453663215, 0.00184461451136, 0.00173449655995, 0.00166580849327, 0.00194886967074, 0.00138613895979, 0.000481953000417, 0.000413246627431, 0.000257974839769, 0.00029234495014, 0.000169406470377, 0.000148299819557, 0.000161115560331, 0.000141308963066, 8.45477043185e-05, 0.000151360451127, 9.395134839e-05, 4.37135749962e-05, 6.10615170444e-05, 3.26437730109e-05, 2.99306866509e-05, 4.56243360532e-05, 2.46656054514e-05, 1.68097631104e-05], "median": [0.000713292392902, 0.00115116732195, 0.000642154947855, 0.000364543579053, 0.000206273442018, 0.000163815377164, 0.000120581469673, 9.86910235952e-05, 0.0001021542339, 9.60285833571e-05, 6.68271968607e-05, 5.6901579228e-05, 6.35835240246e-05, 4.14562309743e-05, 4.91656792292e-05, 4.82844261569e-05, 3.85659004678e-05, 3.89197193726e-05, 4.02832447435e-05, 3.56418786396e-05, 2.77626877505e-05, 2.24260093091e-05, 1.75723216671e-05, 9.19588273973e-06, 5.89726869293e-06, 6.35444166619e-06, 4.99471570947e-06, 3.80802134714e-06, 2.82313703792e-06, 2.02067894861e-06, 1.47785783611e-06, 1.33962771542e-06, 1.0817235534e-06, 7.27560745872e-07, 4.65741180733e-07, 3.1743743989e-07, 1.61566973134e-07, 9.49396081751e-08, 6.4685224288e-08, 4.60780107403e-08], "var": [2.86735939881e-06, 6.69367727824e-06, 9.91618207991e-07, 4.25149238481e-07, 3.28676122763e-07, 2.98443353586e-07, 1.57330688921e-07, 1.20535887049e-07, 8.0102338984e-08, 1.38491571988e-07, 5.65986546519e-08, 4.40818652692e-08, 9.30894898943e-08, 3.2034158437e-08, 4.29897006882e-08, 4.2798170341e-08, 1.18615117728e-08, 1.67290306052e-08, 1.42629978939e-08, 1.393707727e-08, 9.11161901485e-09, 6.64559607344e-09, 1.86649540268e-09, 7.71231856156e-10, 2.57612653431e-10, 2.37124569979e-10, 1.48474760264e-10, 8.09770930865e-11, 6.1890409464e-11, 4.61618000769e-11, 2.35344382871e-11, 2.92669811996e-11, 2.90862559732e-11, 1.38349748324e-11, 5.87066202942e-12, 2.57853894486e-12, 1.66228174888e-12, 1.56470789017e-12, 6.61331015991e-13, 3.2813248646e-13]}, "spectral_energy": {"mean": 0.0289478674531, "dvar": 8.14689119579e-05, "min": 1.01290657076e-20, "dmean": 0.00766667397693, "dmean2": 0.0117455804721, "dvar2": 0.000185162614798, "max": 0.105589985847, "median": 0.02682816796, "var": 0.00030397620867}, "spectral_decrease": {"mean": -7.11464309688e-09, "dvar": 5.4205811421e-18, "min": -2.67258659647e-08, "dmean": 1.95574845208e-09, "dmean2": 3.01149127857e-09, "dvar2": 1.24820652807e-17, "max": 3.19084052807e-28, "median": -6.5849654618e-09, "var": 1.876393376e-17}, "erbbands_spread": {"mean": 31.0732364655, "dvar": 42.4936904907, "min": 2.78709459305, "dmean": 5.88493013382, "dmean2": 8.83578109741, "dvar2": 92.2035369873, "max": 129.750106812, "median": 28.4534416199, "var": 226.802612305}, "spectral_contrast_coeffs": {"mean": [-0.645225703716, -0.735220611095, -0.771602511406, -0.77131485939, -0.778401196003, -0.722772121429], "dvar": [0.00154178810772, 0.00144971662667, 0.000926400476601, 0.000565532653127, 0.000348391447915, 0.000224720322876], "min": [-0.981107354164, -0.986354708672, -0.997187674046, -0.987874150276, -0.989595472813, -0.96400976181], "dmean": [0.0497954115272, 0.0481756590307, 0.0379634089768, 0.0302548371255, 0.0224314350635, 0.0175860226154], "dmean2": [0.0830398499966, 0.0791814178228, 0.0621147379279, 0.0486720204353, 0.0361803919077, 0.0271871350706], "dvar2": [0.00420885672793, 0.00384452426806, 0.00235651247203, 0.00142097426578, 0.000842251873109, 0.000522507179994], "max": [-0.302167415619, -0.438169389963, -0.47658842802, -0.555712580681, -0.617730677128, -0.604270875454], "median": [-0.64726370573, -0.741829454899, -0.777332782745, -0.772801399231, -0.779718399048, -0.716877639294], "var": [0.00543678784743, 0.00521787721664, 0.00397829385474, 0.00277573545463, 0.00186538882554, 0.00189836230129]}, "spectral_energyband_middle_high": {"mean": 0.00874613039196, "dvar": 8.15352814243e-06, "min": 1.20978951118e-21, "dmean": 0.00219805538654, "dmean2": 0.00326805724762, "dvar2": 1.81607356353e-05, "max": 0.0552398003638, "median": 0.00654208194464, "var": 6.16434554104e-05}, "erbbands_crest": {"mean": 8.4758272171, "dvar": 4.80741167068, "min": 2.46176314354, "dmean": 2.35562252998, "dmean2": 3.78532576561, "dvar2": 11.6447706223, "max": 28.0603160858, "median": 7.65215110779, "var": 13.4274291992}, "barkbands_crest": {"mean": 8.71447181702, "dvar": 4.26787137985, "min": 2.45350027084, "dmean": 2.21635556221, "dmean2": 3.54991197586, "dvar2": 10.1403646469, "max": 24.1415157318, "median": 7.77608442307, "var": 15.782286644}, "pitch_salience": {"mean": 0.568049550056, "dvar": 0.00359621457756, "min": 0.120810680091, "dmean": 0.0676665902138, "dmean2": 0.108747579157, "dvar2": 0.00884542800486, "max": 0.99596363306, "median": 0.578632891178, "var": 0.012193871662}, "melbands_skewness": {"mean": 2.07325744629, "dvar": 0.504031956196, "min": -2.50032186508, "dmean": 0.614625155926, "dmean2": 0.93957734108, "dvar2": 1.06820952892, "max": 13.8112440109, "median": 1.74498164654, "var": 2.7755150795}, "spectral_spread": {"mean": 3500694.75, "dvar": 280263032832, "min": 1195600.625, "dmean": 331684.8125, "dmean2": 465622.9375, "dvar2": 508690432000, "max": 41938788, "median": 3291786, "var": 4047192457220.0}, "spectral_entropy": {"mean": 7.54335165024, "dvar": 0.0193276442587, "min": 5.03796339035, "dmean": 0.126448512077, "dmean2": 0.176952823997, "dvar2": 0.0364860072732, "max": 9.81719398499, "median": 7.61514139175, "var": 0.169514253736}, "erbbands_flatness_db": {"mean": 0.177396580577, "dvar": 0.000224079427426, "min": 0.0514892823994, "dmean": 0.0153946066275, "dmean2": 0.0215385947376, "dvar2": 0.000396534393076, "max": 0.337055951357, "median": 0.1762881428, "var": 0.00182067614514}, "spectral_kurtosis": {"mean": 5.6781668663, "dvar": 7.28132247925, "min": -1.27023363113, "dmean": 2.14456558228, "dmean2": 3.61998534203, "dvar2": 20.5842018127, "max": 56.9664230347, "median": 4.48744058609, "var": 19.9415073395}, "erbbands_skewness": {"mean": -0.0965731814504, "dvar": 0.0958202779293, "min": -3.6105992794, "dmean": 0.32993966341, "dmean2": 0.500015974045, "dvar2": 0.208215266466, "max": 5.16239690781, "median": -0.110128097236, "var": 0.494785994291}, "erbbands_kurtosis": {"mean": 0.479796081781, "dvar": 1.38639390469, "min": -1.80558145046, "dmean": 0.804647624493, "dmean2": 1.26043963432, "dvar2": 3.24634170532, "max": 39.2067565918, "median": 0.0228519439697, "var": 3.35500526428}, "barkbands_spread": {"mean": 22.857843399, "dvar": 23.3281173706, "min": 0.641549885273, "dmean": 4.4615483284, "dmean2": 6.72556829453, "dvar2": 50.3626976013, "max": 103.436065674, "median": 22.3382797241, "var": 125.516578674}, "zerocrossingrate": {"mean": 0.0566570572555, "dvar": 6.77052230458e-05, "min": 0.00341796875, "dmean": 0.00724836764857, "dmean2": 0.00835958216339, "dvar2": 7.18607116141e-05, "max": 0.52197265625, "median": 0.0556640625, "var": 0.00120503630023}, "spectral_centroid": {"mean": 1442.9107666, "dvar": 57195.3984375, "min": 146.34046936, "dmean": 206.919433594, "dmean2": 305.629119873, "dvar2": 109359.75, "max": 11661.1103516, "median": 1438.6003418, "var": 579172.8125}, "barkbands_skewness": {"mean": 1.03100776672, "dvar": 0.248064488173, "min": -2.86214327812, "dmean": 0.449172049761, "dmean2": 0.680763304234, "dvar2": 0.530053675175, "max": 9.32508277893, "median": 0.812485396862, "var": 1.51184475422}, "melbands_flatness_db": {"mean": 0.196407020092, "dvar": 0.000584418594372, "min": 1.81202011618e-07, "dmean": 0.02374099195, "dmean2": 0.0346186906099, "dvar2": 0.00120510475244, "max": 0.59988963604, "median": 0.180315420032, "var": 0.00536705227569}, "spectral_contrast_valleys": {"mean": [-7.21460962296, -6.65617704391, -7.04120063782, -7.21133375168, -7.4877076149, -10.7052459717], "dvar": [0.124206222594, 0.107403293252, 0.0978219136596, 0.0794806554914, 0.0678948387504, 0.083787702024], "min": [-28.0495624542, -27.7643890381, -27.8296928406, -27.7080440521, -27.5769824982, -27.3896102905], "dmean": [0.416441917419, 0.373015761375, 0.336597979069, 0.285427600145, 0.237266406417, 0.262545257807], "dmean2": [0.683453202248, 0.584654271603, 0.505334913731, 0.41919696331, 0.330966174603, 0.318415910006], "dvar2": [0.308797836304, 0.225131556392, 0.183072715998, 0.139699071646, 0.108905605972, 0.119720242918], "max": [-5.43129205704, -4.79580307007, -5.03596019745, -5.27481508255, -5.73985958099, -7.913875103], "median": [-7.047123909, -6.53997659683, -6.89953947067, -7.0316362381, -7.24076890945, -10.5370588303], "var": [1.69031441212, 1.56408905983, 1.64479148388, 1.6364814043, 1.69661915302, 1.58214271069]}, "barkbands_flatness_db": {"mean": 0.139509037137, "dvar": 0.000381167017622, "min": 0.0227449145168, "dmean": 0.0193392615765, "dmean2": 0.0278417430818, "dvar2": 0.000753842003178, "max": 0.470994353294, "median": 0.129185780883, "var": 0.00299335899763}, "barkbands_kurtosis": {"mean": 2.44713973999, "dvar": 