{"tonal": {"chords_number_rate": 0.00179791438859, "thpcp": [1, 0.414648801088, 0.0407768040895, 0.0235658399761, 0.0588955394924, 0.383284270763, 0.612891793251, 0.307523101568, 0.0459663532674, 0.0251611825079, 0.0900736749172, 0.375594228506, 0.491820007563, 0.212197646499, 0.0319907367229, 0.0186288505793, 0.0118261659518, 0.0265170242637, 0.0425236858428, 0.158600717783, 0.573421299458, 0.614035904408, 0.218015015125, 0.083887077868, 0.111172318459, 0.254867583513, 0.762954950333, 0.87672495842, 0.33120033145, 0.045835133642, 0.0422837436199, 0.0890319272876, 0.402167290449, 0.673397123814, 0.495598912239, 0.780076622963], "hpcp": {"dvar": [0.0233033969998, 0.0192996896803, 0.00605807406828, 0.00747529603541, 0.0145603492856, 0.0288909301162, 0.0423162765801, 0.0372191928327, 0.0445114783943, 0.0372241400182, 0.0250313635916, 0.00658487668261, 0.0046385936439, 0.00933073740453, 0.0171227436513, 0.0250700637698, 0.0147976959124, 0.00633331062272, 0.00582304084674, 0.0115264169872, 0.0216292701662, 0.0243203658611, 0.0134168434888, 0.00437753880396, 0.00249777780846, 0.00141948601231, 0.00352288596332, 0.00588904554024, 0.0115251177922, 0.0281431581825, 0.0331661887467, 0.0159056540579, 0.0124168070033, 0.0183396674693, 0.0297631230205, 0.0346646979451], "mean": [0.246104374528, 0.0929708331823, 0.0128663238138, 0.0118694175035, 0.0249920412898, 0.112891882658, 0.189028471708, 0.139118954539, 0.218974336982, 0.280708760023, 0.116395547986, 0.0114464061335, 0.00661513768137, 0.0165324937552, 0.107591249049, 0.172044098377, 0.0863244310021, 0.0129031576216, 0.00706296414137, 0.0252844691277, 0.105432592332, 0.138058185577, 0.0595657378435, 0.00898007955402, 0.00522928172722, 0.00331970839761, 0.00744356121868, 0.0119367707521, 0.0445206128061, 0.160964384675, 0.172365263104, 0.0611987225711, 0.0235478375107, 0.0312070436776, 0.0715435668826, 0.214168146253], "min": [0, 0, 0, 0, 0, 0, 0, 0, 0, 0, 0, 0, 0, 0, 0, 0, 0, 0, 0, 0, 0, 0, 0, 0, 0, 0, 0, 0, 0, 0, 0, 0, 0, 0, 0, 0], "median": [0.0185901522636, 0.00775658152997, 0.000415677932324, 0.00017370749265, 0.000234292790992, 0.00516042672098, 0.00899467151612, 0.0227872803807, 0.00568464817479, 0.00229623774067, 0.00120849488303, 0.000220875750529, 0.00018809287576, 0.000271966157015, 0.00156544754282, 0.00203978829086, 0.00104808073957, 0.000185150725883, 9.64669452514e-05, 0.000296930491459, 0.0133747141808, 0.0226128324866, 0.00962145254016, 0.000331836927217, 0.000124032289023, 7.26731814211e-05, 0.000523655442521, 0.000843378657009, 0.00242879753932, 0.00588717125356, 0.00975034013391, 0.00577214220539, 0.000396522111259, 0.000324885040754, 0.00284328637645, 0.0144314961508], "dvar2": [0.0513807237148, 0.0545866377652, 0.0177864916623, 0.0205273814499, 0.0382445342839, 0.072026796639, 0.094962246716, 0.100441329181, 0.112590782344, 0.0769277587533, 0.0654856190085, 0.018317759037, 0.0133520802483, 0.0263910014182, 0.0403176508844, 0.0520084798336, 0.0342807248235, 0.0158795490861, 0.0171591900289, 0.0315715894103, 0.05509544909, 0.0584321916103, 0.0357561148703, 0.0126042580232, 0.00750612094998, 0.00406542699784, 0.0100645199418, 0.0171841364354, 0.0328346826136, 0.0636431723833, 0.074144333601, 0.0416762046516, 0.0345978178084, 0.0494804494083, 0.0759855508804, 0.0937646403909], "var": [0.14477711916, 0.0288336183876, 0.0035325451754, 0.00533769000322, 0.0119403908029, 0.0480337627232, 0.113647803664, 0.0558274872601, 0.101069942117, 0.173444077373, 0.041207652539, 0.00424762256444, 0.00271004252136, 0.00693679088727, 0.0493503026664, 0.113559409976, 0.0348212085664, 0.00654136622325, 0.00345851411112, 0.0110601168126, 0.0505367964506, 0.0660174563527, 0.0179393794388, 0.00379941100255, 0.00221603619866, 0.00100908358581, 0.00216577458195, 0.00340704177506, 0.0114587852731, 0.0940698385239, 0.0970920398831, 0.0185666624457, 0.00847916677594, 0.0139542315155, 0.0301120243967, 0.10963138938], "dmean2": [0.103927798569, 0.107532024384, 0.0367551073432, 0.033462382853, 0.0610677860677, 0.128627732396, 0.151486754417, 0.177910670638, 0.185307055712, 0.129887208343, 0.110361620784, 0.0342435464263, 0.0205740146339, 0.0393559522927, 0.0783730819821, 0.086159221828, 0.0682048648596, 0.0283529292792, 0.0216020848602, 0.0493115857244, 0.0950631573796, 0.105316966772, 0.0702623799443, 0.0226620081812, 0.0127514684573, 0.00895092263818, 0.0166324023157, 0.0274060703814, 0.0674964040518, 0.120328813791, 0.145263105631, 0.0941409319639, 0.0634438246489, 0.0797201916575, 0.138791158795, 0.167011886835], "max": [1, 1, 1, 1, 1, 1, 1, 1, 1, 1, 1, 1, 1, 1, 1, 1, 1, 1, 1, 1, 1, 1, 1, 1, 1, 1, 1, 1, 1, 1, 1, 1, 1, 1, 1, 1], "dmean": [0.0613559298217, 0.0599744282663, 0.019556581974, 0.0176799390465, 0.0331713408232, 0.0753212571144, 0.0874695107341, 0.101677075028, 0.104989357293, 0.0749314650893, 0.0633413642645, 0.0182817578316, 0.0106837805361, 0.0217773411423, 0.0474621318281, 0.0524138621986, 0.041433814913, 0.0157032944262, 0.0114402677864, 0.0276670977473, 0.0552643090487, 0.0627980753779, 0.0414640195668, 0.0120716569945, 0.00681259576231, 0.00484585994855, 0.00899417325854, 0.0146726239473, 0.0381680466235, 0.0707567706704, 0.0858478397131, 0.0538592077792, 0.0347724743187, 0.0441658943892, 0.0801294744015, 0.0948772355914]}, "key_strength": 0.720027506351, "chords_strength": {"dvar": 0.000434099260019, "mean": 0.466562509537, "min": -1, "median": 0.475305378437, "dvar2": 0.000852706260048, "var": 0.0275784563273, "dmean2": 0.0067593883723, "max": 0.746204853058, "dmean": 0.00998791493475}, "tuning_equal_tempered_deviation": 0.0619455836713, "chords_key": "A", "tuning_frequency": 441.527557373, "chords_scale": "minor", "chords_changes_rate": 0.0551959723234, "key_scale": "major", "tuning_diatonic_strength": 0.513245105743, "hpcp_entropy": {"dvar": 0.26037338376, "mean": 1.19221746922, "min": 0, "median": 1.16330063343, "dvar2": 0.585690140724, "var": 0.767378032207, "dmean2": 0.69678658247, "max": 4.0003194809, "dmean": 0.416763842106}, "chords_histogram": [12.3516721725, 2.15749740601, 20.6760158539, 16.7565631866, 6.31067943573, 6.02301311493, 4.60266113281, 0.197770580649, 0.12585401535, 0.539374351501, 3.61380791664, 1.29449832439, 0.395541161299, 0, 0, 0.557353496552, 0.251708030701, 0.287666320801, 0, 0.233728870749, 0, 0.0539374314249, 0.647249162197, 22.9234085083], "tuning_nontempered_energy_ratio": 0.655729055405, "key_key": "C"}, "metadata": {"version": {"extractor": "music 1.0", "essentia_build_sha": "70f2e5ece6736b2c40cc944ad0e695b16b925413", "essentia": "2.1-beta2", "essentia_git_sha": "v2.1_beta2"}, "audio_properties": {"sample_rate": 44100, "length": 258.220397949, "lossless": false, "analysis_sample_rate": 44100, "downmix": "mix", "bit_rate": 192000, "equal_loudness": 0, "md5_encoded": "d9967cea5e14f7fadca6ade25eacbaaa", "codec": "mp3", "replay_gain": -9.972448349}, "tags": {"tracknumber": ["11"], "length": ["258253"], "genre": ["Rock"], "musicbrainz_recordingid": ["4441fe04-5371-456c-ae61-290009210e4a"], "file_name": "1544812.mp3", "title": ["Papercuts"], "artist": ["Anika Moa"], "album": ["Stolen Hill"], "albumartist": ["Anika Moa"]}}, "lowlevel": {"melbands": {"dvar": [4.99530337095e-08, 8.97843676739e-07, 3.38559175361e-07, 1.54778638262e-06, 1.26005579659e-06, 3.85264797842e-07, 1.91690530116e-09, 3.92540355776e-09, 1.01924815255e-08, 4.23619717083e-08, 1.06913755626e-10, 1.51268930715e-09, 9.58375423465e-09, 4.64158989022e-11, 4.28770005612e-11, 2.52754223801e-11, 4.91313587037e-11, 1.32739597092e-10, 1.45782635963e-10, 3.3780644948e-11, 1.46207056878e-11, 7.7829721834e-12, 7.6668593349e-12, 3.01308479035e-12, 4.96271339995e-12, 2.18293091936e-12, 1.93248108488e-12, 1.78255622069e-11, 1.46712746119e-11, 6.53663971908e-12, 1.99023991732e-11, 1.49364184215e-11, 3.06305198219e-12, 1.32703364356e-12, 1.16945179669e-12, 6.2716959447e-13, 1.34053217745e-12, 4.29705663413e-12, 3.9890126792e-12, 3.50853547604e-12], "mean": [0.0001010625856, 0.000963969738223, 0.000443427503342, 0.00128713808954, 0.0017562021967, 0.000494442007039, 4.73325126222e-05, 5.49260730622e-05, 9.2292415502e-05, 0.000108070635179, 8.85538702278e-06, 2.3931155738e-05, 4.99071320519e-05, 1.82691553618e-06, 2.39020118897e-06, 1.39508688335e-06, 2.07158700505e-06, 2.84686143459e-06, 3.78292406822e-06, 1.94808308152e-06, 1.31178956053e-06, 7.69737880546e-07, 4.88132457122e-07, 5.29024021034e-07, 1.12168254418e-06, 6.73622253089e-07, 3.38022147162e-07, 4.99083284922e-07, 6.59652357626e-07, 4.57268498621e-07, 6.70270253522e-07, 7.78000696755e-07, 4.00376393372e-07, 2.38369565864e-07, 2.40386469841e-07, 1.99181172889e-07, 3.24573278476e-07, 6.5060032739e-07, 8.97304687442e-07, 7.17781347248e-07], "min": [1.6301468438e-24, 1.33714467511e-24, 1.36991287243e-24, 9.97706110637e-25, 6.32479140826e-25, 1.98186373244e-24, 2.31501211728e-24, 1.48776612788e-24, 1.76509185543e-24, 1.45175334565e-24, 2.14210208989e-24, 2.45774821504e-24, 2.50925807113e-24, 2.55307140581e-24, 3.53392646143e-24, 1.67209876256e-24, 2.61064365796e-24, 3.51307095125e-24, 2.54998360701e-24, 2.59463313425e-24, 3.3641490007e-24, 2.98729377742e-24, 3.56849197972e-24, 3.00501652373e-24, 3.33797380701e-24, 4.50645390691e-24, 4.23534647405e-24, 4.77305023869e-24, 5.10136034238e-24, 4.69529931901e-24, 5.16226237642e-24, 5.23632892124e-24, 4.35190422267e-24, 4.49502804556e-24, 5.70385561976e-24, 6.17132630915e-24, 6.44307153606e-24, 6.09819298678e-24, 4.75009083648e-24, 6.27277973802e-24], "median": [2.15534637391e-05, 0.000322074920405, 0.000236523133935, 0.000453839485999, 0.000622913416009, 5.25936338818e-05, 1.72373875102e-05, 1.48784038174e-05, 3.49639071828e-06, 1.63922959473e-06, 1.20494428302e-06, 4.68966788958e-07, 3.78813780344e-07, 2.02808394079e-07, 1.6135692249e-07, 9.27754584268e-08, 1.85929053487e-07, 1.82372829727e-07, 1.8729214446e-07, 1.25260740447e-07, 7.69245929177e-08, 5.60681243655e-08, 3.14364640985e-08, 2.57985739438e-08, 2.73537885676e-08, 2.91644610684e-08, 2.31878196644e-08, 2.50580249883e-08, 1.2864784793e-08, 9.28901755515e-09, 7.57154960951e-09, 4.15662881892e-09, 2.9581652683e-09, 2.47943265919e-09, 2.9422106973e-09, 2.03879491067e-09, 1.56344759361e-09, 1.28224852958e-09, 1.29382282665e-09, 9.93003235195e-10], "dvar2": [1.19678574606e-07, 9.56681560638e-07, 5.56093993964e-07, 3.45565240423e-06, 2.53764187619e-06, 7.32852129204e-07, 3.59074592282e-09, 7.85484211008e-09, 1.4891629263e-08, 8.07827831295e-08, 2.17332735142e-10, 2.06303929495e-09, 1.1160113722e-08, 1.06090532193e-10, 7.4031961117e-11, 5.90221829744e-11, 1.22079013565e-10, 3.31123184427e-10, 3.53447632273e-10, 7.87564527482e-11, 2.82001522828e-11, 1.87179646782e-11, 2.14805690596e-11, 7.62552521127e-12, 1.17902692817e-11, 5.21224079522e-12, 4.7486849522e-12, 4.64609184458e-11, 3.55072395097e-11, 1.59017365248e-11, 4.83046068422e-11, 3.27259885857e-11, 6.38010391046e-12, 2.62502649825e-12, 2.43645685225e-12, 1.30416272399e-12, 2.90534718679e-12, 1.02649555522e-11, 8.14213453604e-12, 6.47537145432e-12], "var": [7.1975094329e-08, 3.85125258617e-06, 7.45615238884e-07, 4.66869732918e-06, 8.91254057933e-06, 2.4438957098e-06, 9.0942897657e-09, 1.81920931652e-08, 1.11204080611e-07, 2.65615113904e-07, 5.88037285532e-10, 1.54707020528e-08, 8.98293492924e-08, 6.63867780193e-11, 2.5803786885e-10, 8.25938414883e-11, 9.74781505514e-11, 2.22071958045e-10, 4.38760389132e-10, 9.15573381e-11, 5.52214177163e-11, 1.53438060868e-11, 6.73041310184e-12, 4.52075573157e-12, 1.6420639154e-11, 5.90220927688e-12, 2.61973710954e-12, 1.75551986142e-11, 2.49681299941e-11, 1.27967280869e-11, 4.24766784246e-11, 3.48951631479e-11, 8.97761899543e-12, 3.78730900807e-12, 3.49085235544e-12, 2.01414948088e-12, 2.88715492486e-12, 6.8653012962e-12, 1.04143629484e-11, 1.03290631256e-11], "dmean2": [4.44173128926e-05, 0.00037524101208, 0.000259116786765, 0.000781542796176, 0.000678884971421, 0.000175453402335, 1.64349348779e-05, 2.56746661762e-05, 2.51953733823e-05, 3.72466347471e-05, 3.95140796172e-06, 7.07378831066e-06, 1.44337536767e-05, 1.28023953039e-06, 1.31260674152e-06, 1.07291316453e-06, 1.66205131791e-06, 2.39768473875e-06, 3.26837584907e-06, 1.68343922269e-06, 9.8580244412e-07, 6.47830347589e-07, 5.26921894561e-07, 4.78295930861e-07, 8.8815147592e-07, 5.51511220692e-07, 3.63976027984e-07, 6.36074901195e-07, 7.39465917832e-07, 4.58169068906e-07, 6.49227047234e-07, 6.62718321109e-07, 3.36875331186e-07, 2.16168203337e-07, 2.07261379614e-07, 1.66907440757e-07, 2.69340404202e-07, 5.02027546645e-07, 6.43202213269e-07, 5.09266840254e-07], "max": [0.0141901811585, 0.0317853167653, 0.0214528571814, 0.0319444797933, 0.0390489958227, 0.0321853458881, 0.00197060313076, 0.00311436667107, 0.00504978233948, 0.0095736766234, 0.000388791610021, 0.00158062472474, 0.00682515185326, 0.000392977934098, 0.000609561102465, 0.000307052687276, 0.000428125145845, 0.000668491062243, 0.000526818039361, 0.000265257316642, 0.000235280997003, 0.000136915623443, 0.000163680873811, 7.4102448707e-05, 8.14828454168e-05, 4.92422223033e-05, 5.60392254556e-05, 0.0002075007651, 0.000215789536014, 0.00015190319391, 0.000258310639765, 0.000184381045983, 7.41260300856e-05, 5.14130733791e-05, 4.3514493882e-05, 3.31649425789e-05, 5.31144396518e-05, 0.000131272754516, 0.000105011058622, 0.000104663136881], "dmean": [3.78890836146e-05, 0.000322368956404, 0.000187499026651, 0.000526833056938, 0.000479003996588, 0.000130443382659, 1.20989361676e-05, 1.80000315595e-05, 2.08527490031e-05, 2.95997378998e-05, 2.80575432043e-06, 6.21823801339e-06, 1.38542154673e-05, 9.21725529679e-07, 9.69174038801e-07, 7.19451236364e-07, 1.07938831206e-06, 1.58631621616e-06, 2.05162041311e-06, 1.07966570795e-06, 6.71442990097e-07, 4.21878127099e-07, 3.23388690049e-07, 2.99013947824e-07, 5.6693119177e-07, 3.4880585531e-07, 2.21549754542e-07, 3.83921388902e-07, 4.59406408027e-07, 2.93427689257e-07, 4.30846341715e-07, 4.59277487153e-07, 2.38323323742e-07, 1.47450293753e-07, 1.45027811982e-07, 1.11528002833e-07, 1.80794515359e-07, 3.29395589915e-07, 4.34697710716e-07, 3.56356423481e-07]}, "spectral_decrease": {"dvar": 4.65483027056e-18, "mean": -4.32803837214e-09, "min": -5.1126651357e-08, "median": -2.23601448468e-09, "dvar2": 8.64682830857e-18, "var": 2.91802552544e-17, "dmean2": 1.50738033167e-09, "max": 1.24249672462e-25, "dmean": 1.11670916958e-09}, "spectral_rolloff": {"dvar": 690820.125, "mean": 731.813903809, "min": 21.533203125, "median": 279.931640625, "dvar2": 1457391.875, "var": 5297811, "dmean2": 248.967987061, "max": 19724.4140625, "dmean": 146.813079834}, "melbands_crest": {"dvar": 5.08526468277, "mean": 19.4976463318, "min": 1.4918769598, "median": 19.1107788086, "dvar2": 12.2804841995, "var": 33.234539032, "dmean2": 2.95889210701, "max": 37.6439285278, "dmean": 1.92089533806}, "barkbands_skewness": {"dvar": 1.26195335388, "mean": 3.36672663689, "min": -2.14797520638, "median": 2.79665827751, "dvar2": 2.84759092331, "var": 7.19181013107, "dmean2": 1.19013786316, "max": 31.734916687, "dmean": 0.808377623558}, "spectral_centroid": {"dvar": 68557.546875, "mean": 514.442749023, "min": 122.585502625, "median": 291.32989502, "dvar2": 133265.75, "var": 1371486.5, "dmean2": 110.501541138, "max": 11726.9902344, "dmean": 75.4922866821}, "spectral_energyband_middle_low": {"dvar": 5.81752792641e-05, "mean": 0.0131104839966, "min": 1.68321232966e-22, "median": 0.0057200267911, "dvar2": 0.000118024086987, "var": 0.000365473679267, "dmean2": 0.00518556125462, "max": 0.195463985205, "dmean": 0.00367371714674}, "erbbands_crest": {"dvar": 5.71968460083, "mean": 15.4878282547, "min": 2.42566418648, "median": 15.263343811, "dvar2": 14.0393648148, "var": 27.6515350342, "dmean2": 3.04213833809, "max": 31.6932201385, "dmean": 1.97118401527}, "dynamic_complexity": 5.57260227203, "spectral_energyband_low": {"dvar": 8.77348156791e-06, "mean": 0.00330431153998, "min": 2.34720371644e-23, "median": 0.00144881522283, "dvar2": 1.01830701169e-05, "var": 3.61369311577e-05, "dmean2": 0.00125801935792, "max": 0.0970016643405, "dmean": 0.00105407647789}, "silence_rate_60dB": {"dvar": 0.0442517437041, "mean": 0.180453151464, "min": 0, "median": 0, "dvar2": 0.0966013744473, "var": 0.147901251912, "dmean2": 0.0928057581186, "max": 1, "dmean": 0.0463987067342}, "erbbands_kurtosis": {"dvar": 78.0870742798, "mean": 14.6212472916, "min": -1.91793906689, "median": 8.89686584473, "dvar2": 171.437606812, "var": 323.512176514, "dmean2": 7.51982927322, "max": 230.285675049, "dmean": 5.00643396378}, "spectral_complexity": {"dvar": 1.2111376524, "mean": 4.97167778015, "min": 0, "median": 5, "dvar2": 2.61271929741, "var": 7.36618375778, "dmean2": 1.22086334229, "max": 34, "dmean": 0.725654184818}, "barkbands_crest": {"dvar": 4.36960887909, "mean": 15.9416122437, "min": 4.22992086411, "median": 15.6954746246, "dvar2": 10.4334793091, "var": 24.6759490967, "dmean2": 2.64849042892, "max": 26.7840919495, "dmean": 1.72073233128}, "spectral_energy": {"dvar": 6.97931827744e-05, "mean": 0.0169354565442, "min": 9.75047305762e-21, "median": 0.0087666772306, "dvar2": 0.000129872802063, "var": 0.000447129801614, "dmean2": 0.0058581167832, "max": 0.199528977275, "dmean": 0.00433832360432}, "spectral_spread": {"dvar": 759520690176, "mean": 4189225.75, "min": 310849.09375, "median": 2737846, "dvar2": 1494486614020.0, "var": 22021996019700.0, "dmean2": 944631.8125, "max": 42539344, "dmean": 629519.75}, "spectral_contrast_valleys": {"dvar": [0.166732981801, 0.0994816720486, 0.114690296352, 0.131717085838, 0.166450828314, 0.171671926975], "mean": [-8.6809835434, -8.73237133026, -10.0937290192, -10.5306329727, -10.6449604034, -12.7463407516], "min": [-27.9491786957, -28.1845054626, -28.1098918915, -27.5971469879, -27.6146507263, -27.3951587677], "median": [-8.38050460815, -8.47840309143, -9.94180297852, -10.359582901, -10.6231365204, -13.0149726868], "dvar2": [0.375545680523, 0.223219335079, 0.259120076895, 0.282774657011, 0.344230353832, 0.345824152231], "var": [4.71476602554, 4.67107772827, 4.25020456314, 4.46096134186, 5.17842006683, 5.09586668015], "dmean2": [0.675889730453, 0.485233187675, 0.505795836449, 0.4954880476, 0.46787083149, 0.49272942543], "max": [-5.72964668274, -5.71941804886, -6.32685804367, -6.51034879684, -6.45261049271, -7.61970376968], "dmean": [0.425425887108, 0.299751371145, 0.315658688545, 0.321533799171, 0.323512911797, 0.339568167925]}, "spectral_rms": {"dvar": 5.07524930526e-07, "mean": 0.0034607835114, "min": 3.08425941037e-12, "median": 0.00292452657595, "dvar2": 9.51878746491e-07, "var": 4.54535211247e-06, "dmean2": 0.000635862234049, "max": 0.0139521472156, "dmean": 0.0004702397855}, "barkbands_spread": {"dvar": 43.7297325134, "mean": 6.03996038437, "min": 0.145297542214, "median": 2.12200307846, "dvar2": 84.7685546875, "var": 183.298568726, "dmean2": 3.03318953514, "max": 159.084381104, "dmean": 2.04396343231}, "pitch_salience": {"dvar": 0.00381783000194, "mean": 0.435968071222, "min": 0.0735817179084, "median": 0.441783189774, "dvar2": 0.00916267000139, "var": 0.0180110987276, "dmean2": 0.0800721272826, "max": 0.950418591499, "dmean": 0.0518816709518}, "erbbands_skewness": {"dvar": 0.543597996235, "mean": 2.5824072361, "min": -4.42083644867, "median": 2.42168068886, "dvar2": 1.18921720982, "var": 3.16734147072, "dmean2": 0.816853761673, "max": 11.649438858, "dmean": 0.556496798992}, "spectral_energyband_middle_high": {"dvar": 5.81593440074e-07, "mean": 0.000587792659644, "min": 1.17966072964e-21, "median": 3.43497049471e-05, "dvar2": 7.95314065272e-07, "var": 6.64686513119e-06, "dmean2": 0.000182453630259, "max": 0.0466172993183, "dmean": 0.000153439788846}, "erbbands": {"dvar": [0.000525930896401, 0.0847446173429, 6.19466114044, 2.00101947784, 208.556762695, 655.782958984, 1051.62121582, 799.063903809, 10.9791250229, 36.4795150757, 59.5286521912, 1347.97290039, 10.5000705719, 104.069618225, 482.033050537, 2.80414938927, 10.3430509567, 10.0465764999, 45.7259788513, 54.5536079407, 6.61689472198, 5.4176402092, 3.53054285049, 5.67389535904, 2.17578291893, 23.195930481, 27.7493095398, 32.2979431152, 28.6238231659, 4.72961616516, 2.76009464264, 2.54538869858, 7.66842794418, 4.20129060745, 0.714947164059, 0.0499377511442, 0.0014562648721, 1.50598616528e-05, 1.31918964641e-08, 1.17968454449e-10], "mean": [0.00379970157519, 0.256606221199, 2.49418950081, 2.09313869476, 6.00381565094, 34.0871658325, 43.9682540894, 20.9684276581, 3.80519843102, 5.24487161636, 7.93402147293, 19.8195209503, 2.76882171631, 6.66189146042, 10.0336065292, 1.09886348248, 0.926553070545, 1.00478899479, 1.83293735981, 2.51344823837, 1.07232618332, 0.679135322571, 0.544837653637, 1.25829708576, 0.684926271439, 0.717068970203, 0.98039150238, 1.01491117477, 1.18948030472, 0.513397991657, 0.409564107656, 0.479219287634, 1.03246724606, 0.894433677197, 0.304987877607, 0.0829693675041, 0.0147030791268, 0.00144855014514, 4.84197043988e-05, 2.13122730202e-05], "min": [8.0558595548e-23, 4.60101090864e-22, 1.41196448901e-21, 9.30047145631e-21, 5.73498657019e-21, 2.51810935997e-20, 2.28530163838e-20, 7.3561999055e-20, 1.39241845752e-19, 1.80606149656e-19, 2.88862197402e-19, 2.20393718065e-19, 4.7662586335e-19, 7.64777848648e-19, 8.74836038606e-19, 1.65898754287e-18, 9.62477478867e-19, 2.10900719352e-18, 2.09167900046e-18, 2.30628025704e-18, 3.29547143039e-18, 4.04639260791e-18, 4.53958498607e-18, 5.26721399832e-18, 6.67532975892e-18, 8.30180548481e-18, 9.56224510424e-18, 9.85499424919e-18, 1.16878287904e-17, 8.42937079733e-18, 1.11104674762e-17, 1.157536366e-17, 9.68600290441e-18, 8.054548792e-18, 6.77455462289e-18, 4.04313020757e-18, 2.37873879716e-18, 9.65713306026e-19, 2.5291807201e-19, 2.75899437098e-20], "median": [0.00089113553986, 0.0587012656033, 0.821747779846, 1.32410442829, 1.64390993118, 12.0267066956, 12.1381797791, 2.77631282806, 1.43448078632, 1.65081429482, 0.695056676865, 0.329161345959, 0.284312129021, 0.149131268263, 0.129884183407, 0.0911069437861, 0.0550590232015, 0.103731997311, 0.127991437912, 0.122722372413, 0.080939039588, 0.0561446286738, 0.0352057218552, 0.0414099059999, 0.0386702492833, 0.0419873669744, 0.0232623741031, 0.0157408379018, 0.00837136991322, 0.00633847992867, 0.00593528943136, 0.00323300296441, 0.0020680623129, 0.00138474442065, 0.000599475344643, 0.000190519174794, 3.93734153477e-05, 3.50374421032e-06, 5.01750218973e-06, 1.02664362203e-05], "dvar2": [0.00141968834214, 0.118181452155, 6.61012601852, 3.36734652519, 384.230041504, 1529.61242676, 2041.2199707, 1526.55310059, 21.0891532898, 72.467086792, 83.3226776123, 2505.77270508, 22.1994285583, 138.211212158, 612.762878418, 4.50820493698, 22.4102687836, 25.6387195587, 113.616470337, 127.400886536, 13.7089643478, 13.9646587372, 9.21901226044, 13.3748102188, 4.87350702286, 57.7312011719, 67.2568588257, 74.5925369263, 60.101348877, 8.71590709686, 5.44217586517, 5.30631446838, 17.1649341583, 7.66942024231, 1.22162163258, 0.09492508322, 0.00271525327116, 2.45810115302e-05, 2.3276182759e-08, 2.14459811021e-10], "var": [0.000379814649932, 0.304572165012, 26.76679039, 6.82251262665, 367.438049316, 3188.55859375, 6883.61962891, 4604.16748047, 50.0373878479, 149.12286377, 594.882873535, 9008.09375, 53.7231674194, 1158.15197754, 3651.31298828, 14.4529762268, 50.7677726746, 20.4308280945, 90.8152618408, 179.416610718, 24.5474281311, 9.22709846497, 4.61801481247, 19.2869377136, 5.72427606583, 26.0812492371, 48.9274520874, 80.4390029907, 77.2875976562, 16.0456752777, 9.52833271027, 6.38553285599, 14.9911088943, 13.129652977, 1.94982218742, 0.138533502817, 0.00423985160887, 4.74479784316e-05, 3.69992072535e-08, 7.57887752556e-10], "dmean2": [0.0023220537696, 0.0989609435201, 0.982838153839, 0.93386477232, 5.53843545914, 17.3267650604, 16.5586338043, 7.46077013016, 1.261089921, 2.41274833679, 2.32886624336, 6.60699701309, 1.08213496208, 1.8402826786, 3.16989731789, 0.480274170637, 0.566278755665, 0.765157699585, 1.46532893181, 2.08918023109, 0.758518993855, 0.554967582226, 0.455171525478, 0.957152068615, 0.532416820526, 0.826139807701, 1.03737986088, 0.923020422459, 0.940243065357, 0.410732775927, 0.320745289326, 0.359836995602, 0.717427134514, 0.578271150589, 0.204192340374, 0.0531383827329, 0.00913451239467, 0.000913396070246, 2.82629061985e-05, 7.33847400625e-06], "max": [1.66076493263, 9.02859306335, 84.9906768799, 39.6629600525, 507.608856201, 817.065429688, 1474.71557617, 1484.15881348, 147.654327393, 326.916351318, 293.881988525, 1614.2052002, 166.749526978, 436.89239502, 1550.76391602, 76.333770752, 243.864776611, 189.702087402, 342.453369141, 359.170959473, 146.146881104, 109.506134033, 69.4971313477, 84.1936721802, 56.0369682312, 227.559402466, 273.260131836, 295.425445557, 246.333831787, 96.4272079468, 67.5093383789, 67.2051544189, 178.09147644, 103.241340637, 37.1184959412, 8.48650074005, 1.80484056473, 0.19154766202, 0.00498239789158, 0.000229738507187], "dmean": [0.00172481208574, 0.0883207470179, 0.840069532394, 0.674069404602, 3.79464292526, 11.6718912125, 11.8162679672, 5.54672241211, 0.926624238491, 1.68653655052, 1.88986086845, 5.2876534462, 0.800213992596, 1.64203047752, 2.97140860558, 0.390794843435, 0.40100312233, 0.500874459743, 0.962984085083, 1.320982337, 0.511021792889, 0.358249902725, 0.286931961775, 0.613871634007, 0.338203698397, 0.511100709438, 0.650346875191, 0.611709177494, 0.671076118946, 0.293235361576, 0.229621469975, 0.247036263347, 0.485040843487, 0.411632150412, 0.149059727788, 0.0387520939112, 0.00679785851389, 0.000690414686687, 2.06295262615e-05, 5.50400818611e-06]}, "dissonance": {"dvar": 0.00114209926687, "mean": 0.365612387657, "min": 0.121438115835, "median": 0.373759031296, "dvar2": 0.00274201482534, "var": 0.0053020589985, "dmean2": 0.0548349171877, "max": 0.500000059605, "dmean": 0.0336932726204}, "erbbands_flatness_db": {"dvar": 0.000642859085929, "mean": 0.274226427078, "min": 0.0389579050243, "median": 0.276458501816, "dvar2": 0.00132542627398, "var": 0.00629180716351, "dmean2": 0.0296398568898, "max": 0.468170136213, "dmean": 0.0209821183234}, "melbands_kurtosis": {"dvar": 886.386047363, "mean": 49.2120170593, "min": -1.74422252178, "median": 23.2479820251, "dvar2": 2017.72253418, "var": 4453.3203125, "dmean2": 24.8911190033, "max": 541.653930664, "dmean": 16.6627750397}, "melbands_spread": {"dvar": 61.3263130188, "mean": 6.32543325424, "min": 0.278222024441, "median": 2.17139005661, "dvar2": 119.346473694, "var": 344.612762451, "dmean2": 2.84678673744, "max": 221.220016479, "dmean": 1.95367634296}, "melbands_skewness": {"dvar": 1.21412444115, "mean": 3.61144089699, "min": -1.09922814369, "median": 2.75034546852, "dvar2": 2.67839598656, "var": 8.28718662262, "dmean2": 1.17962861061, "max": 18.5066795349, "dmean": 0.800844490528}, "spectral_entropy": {"dvar": 0.105670489371, "mean": 5.77173185349, "min": 3.78290486336, "median": 5.55917787552, "dvar2": 0.208210408688, "var": 1.09307968616, "dmean2": 0.343711972237, "max": 9.82156658173, "dmean": 0.24118681252}, "zerocrossingrate": {"dvar": 0.000154180481331, "mean": 0.029764521867, "min": 0.00390625, "median": 0.013671875, "dvar2": 0.000162549273227, "var": 0.00360235036351, "dmean2": 0.00593507615849, "max": 0.52001953125, "dmean": 0.00507920514792}, "average_loudness": 0.373095452785, "spectral_contrast_coeffs": {"dvar": [0.00143307144754, 0.00100036838558, 0.000789462006651, 0.000582445820328, 0.000462320778752, 0.000323159008985], "mean": [-0.510800719261, -0.625292003155, -0.738694906235, -0.789779424667, -0.800990641117, -0.809317946434], "min": [-0.980031847954, -0.979084849358, -0.976985812187, -0.973400652409, -0.967275202274, -0.964876055717], "median": [-0.506562590599, -0.629782557487, -0.747294008732, -0.792000710964, -0.806422770023, -0.811973452568], "dvar2": [0.00353343086317, 0.00228639808483, 0.00169563037343, 0.00137430045288, 0.000961646845099, 0.000681231671479], "var": [0.0130368862301, 0.00968111958355, 0.00783725921065, 0.00377724063583, 0.00405735569075, 0.00307236914523], "dmean2": [0.0649381354451, 0.0497548542917, 0.0438783690333, 0.0398505292833, 0.0317216739058, 0.0275873858482], "max": [-0.199260652065, -0.263779163361, -0.411787629128, -0.591505169868, -0.553984880447, -0.583713948727], "dmean": [0.0404205434024, 0.0314044617116, 0.0280714873224, 0.0250039957464, 0.0206185635179, 0.0180303491652]}, "barkbands_flatness_db": {"dvar": 0.000905355147552, "mean": 0.335746765137, "min": 0.0519654564559, "median": 0.336796939373, "dvar2": 0.00182637874968, "var": 0.00976795889437, "dmean2": 0.0362188518047, "max": 0.613895356655, "dmean": 0.0252606645226}, "silence_rate_30dB": {"dvar": 0.00536669511348, "mean": 0.99361628294, "min": 0, "median": 1, "dvar2": 0.0126541163772, "var": 0.0063426992856, "dmean2": 0.0107913669199, "max": 1, "dmean": 0.00539519824088}, "spectral_energyband_high": {"dvar": 2.01677963219e-07, "mean": 0.000194318665308, "min": 7.06684146435e-21, "median": 2.33843093156e-06, "dvar2": 3.52602370413e-07, "var": 7.56203633046e-07, "dmean2": 0.00010868741083, "max": 0.0157148037106, "dmean": 8.29414930195e-05}, "melbands_flatness_db": {"dvar": 0.00116288010031, "mean": 0.426075100899, "min": 0.00327771482989, "median": 0.426722586155, "dvar2": 0.00226888828911, "var": 0.0149001469836, "dmean2": 0.0370916724205, "max": 0.753031313419, "dmean": 0.0269173868001}, "barkbands": {"dvar": [3.46562833986e-10, 9.45314297951e-07, 5.01277372678e-06, 5.20413664162e-07, 3.66610838682e-05, 1.33458861455e-05, 5.01026029553e-08, 6.96259903066e-08, 1.52754091687e-06, 1.76019394615e-08, 4.15863411263e-07, 1.12354348047e-09, 4.32547420104e-09, 9.53973611217e-09, 2.24392291415e-08, 2.79607936804e-09, 2.56467247439e-09, 1.2095530133e-09, 1.77906356313e-09, 1.03375654703e-08, 1.37499949204e-08, 1.68510467802e-08, 3.32406191461e-09, 1.36545468266e-08, 2.05082368865e-08, 8.81913486683e-10, 1.03603952674e-12], "mean": [1.29288696371e-06, 0.000702376710251, 0.00234686862677, 0.000526123389136, 0.00801408663392, 0.00330837140791, 0.000236241452512, 0.000239723536652, 0.000767405377701, 5.4292166169e-05, 0.000365508021787, 1.37893312058e-05, 1.8782020561e-05, 2.66483348241e-05, 5.01993563375e-05, 1.73506759893e-05, 1.41632244777e-05, 1.02293106465e-05, 2.25489002332e-05, 1.49178813444e-05, 2.33688224398e-05, 2.9833850931e-05, 1.37024126161e-05, 4.42987693532e-05, 6.16593315499e-05, 1.14136182674e-05, 2.61895962694e-07], "min": [1.65055906345e-25, 3.287620421e-24, 6.56887138183e-25, 7.75986991071e-25, 6.18782849043e-24, 9.8084850808e-24, 7.52871256345e-24, 8.35588370967e-24, 1.08710680984e-23, 1.63548473028e-23, 2.02724252214e-23, 2.85953905544e-23, 1.60114245963e-23, 2.61412253456e-23, 3.25263885747e-23, 3.73688491067e-23, 5.08846901413e-23, 8.89892467054e-23, 1.06751636433e-22, 1.77067049832e-22, 2.49251899493e-22, 3.1119944244e-22, 3.95267629668e-22, 5.68091024349e-22, 9.17199209144e-22, 1.25186424691e-21, 1.91332752382e-21], "median": [3.12800693791e-07, 0.000151135667693, 0.000875727564562, 0.000240781722823, 0.00304211210459, 0.00034139532363, 8.65994297783e-05, 4.07494517276e-05, 1.00745874079e-05, 4.18875151809e-06, 2.58973295786e-06, 1.55711836669e-06, 8.66850484726e-07, 1.74009505827e-06, 2.81495545096e-06, 1.41947339216e-06, 9.26182622152e-07, 5.85486588989e-07, 7.94303787188e-07, 8.00408997748e-07, 4.78576794194e-07, 2.11460786659e-07, 1.9695026765e-07, 1.31864396735e-07, 1.10209199988e-07, 2.71150781828e-08, 4.83479978275e-10], "dvar2": [8.49730008579e-10, 1.71934675564e-06, 5.64282254345e-06, 9.461244872e-07, 7.9783370893e-05, 2.56106304732e-05, 8.60544204784e-08, 1.11152502313e-07, 2.73477735391e-06, 2.7048921325e-08, 4.71130221058e-07, 2.25998708636e-09, 8.94930352047e-09, 2.34281340994e-08, 5.38783453408e-08, 6.19836360016e-09, 6.03371663743e-09, 3.10627079614e-09, 4.08657818696e-09, 2.61835069182e-08, 3.06131227035e-08, 3.4698459217e-08, 6.58474563764e-09, 2.93526571937e-08, 3.55568765542e-08, 1.72797842701e-09, 2.23590742275e-12], "var": [2.82903478421e-10, 2.60706269728e-06, 2.2077052563e-05, 1.13772546229e-06, 0.000170275568962, 8.86660272954e-05, 2.07392005791e-07, 5.07764468693e-07, 1.25106289488e-05, 1.02159866344e-07, 4.6424042921e-06, 3.09588799041e-09, 2.32091696972e-08, 1.81044832459e-08, 6.95593200817e-08, 6.3395630967e-09, 5.31525490288e-09, 1.72281278132e-09, 6.35211527822e-09, 1.17895462282e-08, 3.34211733843e-08, 4.93150338343e-08, 1.09988382846e-08, 2.97485289735e-08, 6.30383993894e-08, 2.46423370598e-09, 2.20706872917e-12], "dmean2": [2.30789055422e-06, 0.000279462779872, 0.000941738137044, 0.000357256707503, 0.00406674528494, 0.00119691388682, 9.28742083488e-05, 0.000101541896584, 0.000231980870012, 2.3956379664e-05, 9.97416645987e-05, 8.33791091281e-06, 1.24327198137e-05, 2.18162040255e-05, 4.19587013312e-05, 1.49768866322e-05, 1.22940291476e-05, 9.62784088188e-06, 1.68250317074e-05, 1.75852273969e-05, 2.29635716096e-05, 2.35727093241e-05, 1.09781740321e-05, 3.13003729389e-05, 3.90014283767e-05, 7.41593930798e-06, 2.51650135397e-07], "max": [0.00133969902527, 0.0460959374905, 0.0774396210909, 0.0277320183814, 0.177425548434, 0.162312030792, 0.0113650904968, 0.0102202920243, 0.0597209446132, 0.00775045715272, 0.042208686471, 0.00168826547451, 0.00527125922963, 0.00514586688951, 0.00599545193836, 0.00251370016485, 0.00230765365995, 0.0013500826899, 0.00142421887722, 0.00467449659482, 0.0058506638743, 0.00641915481538, 0.00239553721622, 0.00637976778671, 0.00639731483534, 0.00106905819848, 4.10771644965e-05], "dmean": [1.37699544212e-06, 0.000249477889156, 0.000778336892836, 0.000238274762523, 0.00280034472235, 0.000876529084053, 6.76448107697e-05, 7.6516676927e-05, 0.000187401528819, 1.77743277163e-05, 9.58789969445e-05, 6.15511498836e-06, 8.56587485032e-06, 1.41613863889e-05, 2.65259059233e-05, 9.771670193e-06, 8.00328598416e-06, 5.96985637458e-06, 1.09316233647e-05, 1.07308342194e-05, 1.4738135178e-05, 1.68708047568e-05, 7.80673599365e-06, 2.12128416024e-05, 2.85110600089e-05, 5.37137202627e-06, 1.6797207536e-07]}, "erbbands_spread": {"dvar": 141.88520813, "mean": 19.2554798126, "min": 0.921989500523, "median": 10.4043884277, "dvar2": 297.145690918, "var": 548.551025391, "dmean2": 8.41212368011, "max": 178.013595581, "dmean": 5.63427877426}, "barkbands_kurtosis": {"dvar": 855.274169922, "mean": 34.5368614197, "min": -1.98048901558, "median": 20.0410270691, "dvar2": 1878.46313477, "var": 2657.0144043, "dmean2": 19.900724411, "max": 1331.06005859, "dmean": 13.0558795929}, "spectral_flux": {"dvar": 0.000521405774634, "mean": 0.0312677435577, "min": 6.32537286438e-11, "median": 0.0202305242419, "dvar2": 0.00129265268333, "var": 0.00104284135159, "dmean2": 0.0244112852961, "max": 0.289087235928, "dmean": 0.0152194257826}, "silence_rate_20dB": {"dvar": 0, "mean": 1, "min": 1, "median": 1, "dvar2": 0, "var": 0, "dmean2": 0, "max": 1, "dmean": 0}, "gfcc": {"cov": [[25065.6992188, -2793.04711914, -1791.07702637, 165.581314087, -2118.13720703, 265.059753418, -1862.55053711, 719.745788574, -1751.28063965, 178.416778564, -965.062133789, 90.5375900269, 428.423828125], [-2793.04711914, 4107.69628906, -16.9764213562, -539.163452148, 915.03302002, -604.662963867, 682.975646973, -717.1953125, 608.373413086, -468.266082764, 390.615875244, -310.0440979, -71.9356002808], [-1791.07702637, -16.9764213562, 1111.87817383, 113.891265869, 175.551101685, 228.320877075, 18.6257858276, 108.340461731, 105.338562012, 63.162979126, 37.5119514465, 10.6628932953, -29.542930603], [165.581314087, -539.163452148, 113.891265869, 716.124633789, -17.8933982849, 86.2527313232, -55.3961143494, 32.3452224731, 41.8750915527, 25.4291706085, -52.5874137878, 34.9786949158, -61.9690856934], [-2118.13720703, 915.03302002, 175.551101685, -17.8933982849, 625.715637207, -64.7928009033, 258.70803833, -174.469543457, 210.139373779, -94.7381439209, 126.40763092, -47.1612052917, -74.8012313843], [265.059753418, -604.662963867, 228.320877075, 86.2527313232, -64.7928009033, 370.924346924, -40.3722419739, 149.463134766, -79.535194397, 151.876831055, -24.3046340942, 46.023563385, -20.1035785675], [-1862.55053711, 682.975646973, 18.6257858276, -55.3961143494, 258.70803833, -40.3722419739, 403.217529297, -116.531402588, 192.438858032, -52.0894203186, 112.263175964, -20.0861816406, -42.9502410889], [719.745788574, -717.1953125, 108.340461731, 32.3452224731, -174.469543457, 149.463134766, -116.531402588, 358.240234375, -117.058097839, 112.691955566, -63.0980110168, 53.2703399658, 28.3309497833], [-1751.28063965, 608.373413086, 105.338562012, 41.8750915527, 210.139373779, -79.535194397, 192.438858032, -117.058097839, 293.081604004, -47.2300109863, 86.985168457, -25.7906970978, -44.1228942871], [178.416778564, -468.266082764, 63.162979126, 25.4291706085, -94.7381439209, 151.876831055, -52.0894203186, 112.691955566, -47.2300109863, 182.056854248, -11.0215177536, 32.0693130493, -10.6176338196], [-965.062133789, 390.615875244, 37.5119514465, -52.5874137878, 126.40763092, -24.3046340942, 112.263175964, -63.0980110168, 86.985168457, -11.0215177536, 149.380386353, -9.80517578125, -32.3212394714], [90.5375900269, -310.0440979, 10.6628932953, 34.9786949158, -47.1612052917, 46.023563385, -20.0861816406, 53.2703399658, -25.7906970978, 32.0693130493, -9.80517578125, 113.808830261, 3.42117214203], [428.423828125, -71.9356002808, -29.542930603, -61.9690856934, -74.8012313843, -20.1035785675, -42.9502410889, 28.3309497833, -44.1228942871, -10.6176338196, -32.3212394714, 3.42117214203, 108.68572998]], "mean": [-199.45866394, 150.217041016, -57.8529815674, 24.9182224274, -57.4834518433, -12.753657341, -51.1953125, -8.23535251617, -26.8821792603, -7.78320264816, -14.1396074295, -14.9142847061, 1.10675907135], "icov": [[0.000174081593286, -0.000383740494726, 0.00024446399766, -0.000252858764725, 0.000299621809972, -0.00030216522282, 0.000497888133395, -0.000226729767746, 0.000784552947152, -0.000208180383197, 0.000686167448293, -0.000390237895772, -9.72342095338e-05], [-0.000383740494726, 0.00200920947827, -0.000641337072011, 0.00115646177437, -0.00111313245725, 0.00114830723032, -0.00153256044723, 0.00117741513532, -0.00253578112461, 0.00165950774681, -0.00259475735947, 0.00246612774208, 0.00014469861344], [0.00024446399766, -0.000641337072011, 0.00160548766144, -0.000457835907582, 3.5356686567e-05, -0.00139591342304, 0.00116680341307, -0.000800207257271, 0.000411705725128, -0.000130102911498, 0.000857275037561, -0.000577395316213, -0.000349403853761], [-0.000252858764725, 0.00115646177437, -0.000457835907582, 0.00236985017546, -0.00059996265918, 0.000281842862023, -0.000558184226975, 0.000677983334754, -0.00227572978474, 0.00119308393914, -0.000718793249689, 0.000938422454055, 0.00118021317758], [0.000299621809972, -0.00111313245725, 3.5356686567e-05, -0.00059996265918, 0.00356614799239, -0.000812425743788, 6.85772029101e-05, -0.000139585390571, 0.00110687629785, 0.00010863312491, 0.000854076875839, -0.000938043114729, 0.000860757601913], [-0.00030216522282, 0.00114830723032, -0.00139591342304, 0.000281842862023, -0.000812425743788, 0.00610240269452, -0.00190488575026, 0.000151081025251, -2.79794276139e-05, -0.00263440678827, -0.0012735981727, 0.000802574446425, 0.000837124884129], [0.000497888133395, -0.00153256044723, 0.00116680341307, -0.000558184226975, 6.85772029101e-05, -0.00190488575026, 0.00618264218792, -0.000834055361338, 0.000302479544189, -0.000372236041585, 0.000996904447675, -0.00196394440718, -0.000177831971087], [-0.000226729767746, 0.00117741513532, -0.000800207257271, 0.000677983334754, -0.000139585390571, 0.000151081025251, -0.000834055361338, 0.00512435100973, -0.000737089430913, -0.000539880886208, -0.000858058687299, 0.000516496773344, -0.000514803396072], [0.000784552947152, -0.00253578112461, 0.000411705725128, -0.00227572978474, 0.00110687629785, -2.79794276139e-05, 0.000302479544189, -0.000737089430913, 0.0108355497941, -0.00253331521526, 0.0026779549662, -0.0026071947068, 0.000141543248901], [-0.000208180383197, 0.00165950774681, -0.000130102911498, 0.00119308393914, 0.00010863312491, -0.00263440678827, -0.000372236041585, -0.000539880886208, -0