{"tonal": {"chords_number_rate": 0.00103680661414, "thpcp": [1, 0.761851072311, 0.248771250248, 0.126118004322, 0.105086088181, 0.0979911759496, 0.122140966356, 0.153365582228, 0.186092793941, 0.216735288501, 0.230069339275, 0.263974457979, 0.465864062309, 0.576121389866, 0.384121865034, 0.24853143096, 0.229521900415, 0.191569685936, 0.193592116237, 0.211401343346, 0.229302346706, 0.370056033134, 0.457273304462, 0.352449029684, 0.285634696484, 0.305219262838, 0.325822174549, 0.441727727652, 0.507657647133, 0.335259705782, 0.171270519495, 0.125710323453, 0.121543109417, 0.199612051249, 0.250975459814, 0.537047028542], "hpcp": {"dvar": [0.0639019459486, 0.0693736150861, 0.051042586565, 0.0430634170771, 0.039217337966, 0.0348021388054, 0.0325481779873, 0.0338828004897, 0.0354079529643, 0.0452185161412, 0.0522113181651, 0.0495404005051, 0.0522643066943, 0.0588522702456, 0.0576458536088, 0.0558316893876, 0.0580417104065, 0.0411389172077, 0.0300187803805, 0.0238218419254, 0.0209724139422, 0.0220234375447, 0.0251570753753, 0.0284064356238, 0.0783639699221, 0.0413902290165, 0.025064734742, 0.0167157072574, 0.0123341148719, 0.0136360069737, 0.0196619182825, 0.0306421387941, 0.0438631363213, 0.056014738977, 0.0584074854851, 0.0586532019079], "mean": [0.193853795528, 0.239733695984, 0.159839510918, 0.103418067098, 0.0955078825355, 0.079715333879, 0.0805569067597, 0.0879676192999, 0.0954165235162, 0.153986483812, 0.19027903676, 0.146659910679, 0.118857353926, 0.127006813884, 0.135580033064, 0.183810263872, 0.211244791746, 0.13950714469, 0.0712685137987, 0.0523101612926, 0.0505761131644, 0.0830618962646, 0.104435063899, 0.22347420454, 0.416116654873, 0.317018926144, 0.103517860174, 0.0524798035622, 0.0437280721962, 0.0407757610083, 0.0508248917758, 0.0638179704547, 0.0774363130331, 0.0901871621609, 0.0957356840372, 0.109844170511], "min": [0, 0, 0, 0, 0, 0, 0, 0, 0, 0, 0, 0, 0, 0, 0, 0, 0, 0, 0, 0, 0, 0, 0, 0, 0, 0, 0, 0, 0, 0, 0, 0, 0, 0, 0, 0], "median": [0.0745419859886, 0.0908323526382, 0.0530444867909, 0.0217579454184, 0.0173520594835, 0.0168175492436, 0.0173335690051, 0.0191467404366, 0.0261878538877, 0.0552536807954, 0.0697912424803, 0.0463146530092, 0.0195355098695, 0.017371557653, 0.0235612597317, 0.0491695441306, 0.0516033992171, 0.0305131264031, 0.0108989961445, 0.00613206066191, 0.00659540528432, 0.0146807627752, 0.0226606018841, 0.104903198779, 0.211833566427, 0.22733527422, 0.0268841199577, 0.0111968340352, 0.0085415923968, 0.0060925418511, 0.00706629781052, 0.00909081753343, 0.0115786790848, 0.0121657894924, 0.013174825348, 0.0238753799349], "dvar2": [0.167683064938, 0.174963310361, 0.130109593272, 0.114955246449, 0.106681242585, 0.0977738648653, 0.0891958251595, 0.0918161794543, 0.0941675677896, 0.116226732731, 0.131474226713, 0.132731691003, 0.141775667667, 0.157271340489, 0.15337510407, 0.14793741703, 0.142809569836, 0.108451202512, 0.0802068337798, 0.0633444711566, 0.0572155416012, 0.0549468770623, 0.059801094234, 0.0634774193168, 0.157028585672, 0.0872379988432, 0.0642771720886, 0.0457787550986, 0.0338970273733, 0.0363440811634, 0.0514253936708, 0.0812514349818, 0.118852689862, 0.151933848858, 0.154762223363, 0.156147181988], "var": [0.0655077919364, 0.0929376408458, 0.0549073927104, 0.0384950935841, 0.0384188294411, 0.0272708963603, 0.026276351884, 0.0289407055825, 0.0308240335435, 0.0511483959854, 0.0675817728043, 0.0524485148489, 0.0517754927278, 0.0590454004705, 0.0605022087693, 0.0702389627695, 0.0952980518341, 0.0506423786283, 0.026576763019, 0.019252454862, 0.016421565786, 0.0299774296582, 0.0450375974178, 0.0542723312974, 0.175555735826, 0.0964010879397, 0.0323533266783, 0.0136674400419, 0.0101164923981, 0.0111343571916, 0.017187230289, 0.0266443472356, 0.0345209240913, 0.0429761372507, 0.0456613376737, 0.0460562035441], "dmean2": [0.319695413113, 0.349238485098, 0.267943710089, 0.21098741889, 0.183247730136, 0.169046610594, 0.167779758573, 0.173351079226, 0.186968103051, 0.237334042788, 0.274534374475, 0.25178655982, 0.240911960602, 0.255478799343, 0.262971132994, 0.283449113369, 0.278341889381, 0.219579979777, 0.144166648388, 0.11483694613, 0.110416404903, 0.125528439879, 0.137688457966, 0.20930352807, 0.326787382364, 0.258807748556, 0.149595499039, 0.105495139956, 0.0871006250381, 0.0899095311761, 0.107686474919, 0.135059118271, 0.180002093315, 0.223323240876, 0.231115669012, 0.251922219992], "max": [1, 1, 1, 1, 1, 1, 1, 1, 1, 1, 1, 1, 1, 1, 1, 1, 1, 1, 1, 1, 1, 1, 1, 1, 1, 1, 1, 1, 1, 1, 1, 1, 1, 1, 1, 1], "dmean": [0.181562393904, 0.199738547206, 0.152650341392, 0.118396863341, 0.102547712624, 0.0934742316604, 0.0941482260823, 0.0988110005856, 0.106288164854, 0.13683436811, 0.159847065806, 0.144520670176, 0.135384753346, 0.143627628684, 0.148150295019, 0.163794606924, 0.161063909531, 0.12691475451, 0.082684352994, 0.0656087547541, 0.0630293190479, 0.0740940794349, 0.0813868716359, 0.120299354196, 0.184122428298, 0.149889931083, 0.0881101936102, 0.0603472292423, 0.0499721430242, 0.0506709218025, 0.0605956949294, 0.0750930979848, 0.099319986999, 0.12294088304, 0.126373708248, 0.140715196729]}, "key_strength": 0.684554517269, "chords_strength": {"dvar": 6.66388659738e-05, "mean": 0.590438783169, "min": 0.375871539116, "median": 0.588464558125, "dvar2": 0.000106187369965, "var": 0.00551565270871, "dmean2": 0.0109927253798, "max": 0.822648406029, "dmean": 0.00960381422192}, "tuning_equal_tempered_deviation": 0.239463478327, "chords_key": "D", "tuning_frequency": 434.193115234, "chords_scale": "minor", "chords_changes_rate": 0.0594435818493, "key_scale": "major", "tuning_diatonic_strength": 0.582858502865, "hpcp_entropy": {"dvar": 0.392326951027, "mean": 1.85362553596, "min": 0, "median": 1.80013692379, "dvar2": 1.05680406094, "var": 0.575578153133, "dmean2": 1.23312866688, "max": 4.54465293884, "dmean": 0.727029919624}, "chords_histogram": [16.4679450989, 35.0095024109, 20.1486091614, 14.6535339355, 0.0172801110893, 0, 0.0691204443574, 0, 0, 0, 5.01123189926, 0.0345602221787, 0, 0, 0, 0, 0, 7.32676696777, 0.760324895382, 0.501123189926, 0, 0, 0, 0], "tuning_nontempered_energy_ratio": 0.877624094486, "key_key": "A#"}, "metadata": {"version": {"extractor": "music 1.0", "essentia_build_sha": "70f2e5ece6736b2c40cc944ad0e695b16b925413", "essentia": "2.1-beta2", "essentia_git_sha": "v2.1_beta2"}, "audio_properties": {"sample_rate": 44100, "length": 268.669372559, "lossless": false, "analysis_sample_rate": 44100, "downmix": "mix", "bit_rate": 157513, "equal_loudness": 0, "md5_encoded": "60922ea185924320321f20c6974b296c", "codec": "mp3", "replay_gain": -14.2988681793}, "tags": {"tracknumber": ["15"], "genre": ["Hip-Hop"], "albumartist": ["Wise Intelligent"], "date": ["2007"], "musicbrainz_recordingid": ["3b03ec45-c650-40ba-aabf-0ea7481544d5"], "file_name": "214339.mp3", "encodedby": ["Lame 3.97 V2"], "title": ["Passing Tha Time"], "language": ["English"], "album": ["The Talented Timothy Taylor"], "artist": ["Wise Intelligent"]}}, "lowlevel": {"melbands": {"dvar": [0.000131516906549, 2.76277787634e-05, 3.85199382436e-06, 1.43539764963e-07, 2.49059382895e-07, 2.99497457945e-08, 7.14169035021e-09, 2.14877047711e-07, 5.73444367546e-07, 7.40517549502e-08, 1.74947540899e-08, 2.64933870397e-08, 3.12253796153e-08, 1.50112555275e-07, 2.53281022822e-08, 2.10137045542e-08, 1.82706116902e-08, 1.78371344361e-08, 9.93293003404e-09, 9.6722807541e-09, 2.6564230815e-09, 2.10388417798e-09, 1.26096222353e-09, 4.55550819289e-10, 2.94912677612e-10, 5.24525922696e-10, 5.76886871606e-10, 6.92928547874e-10, 4.59595500546e-10, 4.08021366693e-10, 2.42521724925e-10, 1.52452536706e-10, 7.91677487455e-11, 5.43507149009e-11, 3.35025340803e-11, 3.1365774561e-11, 2.48565699273e-11, 2.1533663741e-11, 2.01415065182e-11, 6.67219751671e-12], "mean": [0.00827916432172, 0.00230595213361, 0.000341545441188, 0.000209266800084, 0.000301138992654, 0.000107870808279, 7.13387344149e-05, 0.000207255026908, 0.000304302055156, 8.76718186191e-05, 6.12687726971e-05, 7.1184222179e-05, 8.02585782367e-05, 0.000158274968271, 6.22685765848e-05, 7.08781153662e-05, 4.63639153168e-05, 5.56833874725e-05, 3.91876528738e-05, 4.14823553001e-05, 2.17491597141e-05, 1.84902946785e-05, 2.05770629691e-05, 1.43724146255e-05, 9.9039007182e-06, 1.39166249937e-05, 1.43659144669e-05, 1.49544957821e-05, 1.09599341158e-05, 9.63482034422e-06, 7.93678736954e-06, 6.37582706986e-06, 4.23128358307e-06, 3.3790404359e-06, 2.61567856796e-06, 2.49879008152e-06, 2.06939262171e-06, 1.7389407958e-06, 1.40164718232e-06, 9.45566227983e-07], "min": [1.70834266872e-13, 5.63919896023e-13, 7.85537542132e-13, 8.99867908053e-13, 6.60754383066e-13, 2.08026982142e-13, 2.25328639753e-13, 9.07616064011e-14, 1.79996398645e-13, 5.05334272691e-13, 2.2683035463e-13, 8.70319170464e-14, 5.32929311846e-14, 1.54170855363e-14, 1.31625557283e-14, 1.45752991111e-14, 1.10330527266e-13, 1.50203024389e-13, 2.6435440886e-14, 2.10409845065e-14, 1.00505792111e-13, 2.96310935857e-13, 2.64680231942e-13, 4.80021804369e-14, 1.8102744103e-14, 1.25804856983e-14, 8.00500260561e-15, 7.29548291624e-15, 1.75174121492e-14, 1.17850861855e-14, 1.26149972087e-14, 1.12538169566e-14, 5.06847278516e-15, 9.19111639417e-16, 1.91304042852e-15, 3.95205202046e-15, 8.28397544788e-15, 2.56875531452e-15, 2.16221634577e-15, 4.7881607838e-15], "median": [0.000213945968426, 0.000107114814455, 4.67039426439e-05, 8.30349890748e-05, 0.000101685218397, 5.07131626364e-05, 3.15701217914e-05, 4.29107749369e-05, 4.25688485848e-05, 2.121806574e-05, 8.7852604338e-06, 1.4019664377e-05, 1.22228748296e-05, 1.6923127987e-05, 1.24056277855e-05, 1.79890612344e-05, 6.07736683378e-06, 1.11549234134e-05, 8.56177211972e-06, 9.65479648585e-06, 4.54730889032e-06, 3.33349316861e-06, 7.68318113842e-06, 4.96215670864e-06, 2.62815638052e-06, 4.41374868387e-06, 4.67552399641e-06, 5.69070107304e-06, 3.28226610691e-06, 2.34556250689e-06, 1.80585197995e-06, 1.26957593238e-06, 7.38056826322e-07, 6.41290057501e-07, 5.23281528331e-07, 5.69333565181e-07, 3.5746322169e-07, 2.83888141439e-07, 1.68556141489e-07, 1.41607159776e-07], "dvar2": [0.000242088513914, 5.85127345403e-05, 1.11792478492e-05, 3.79376302817e-07, 5.80617552259e-07, 7.8220111277e-08, 1.86290467497e-08, 5.20407411386e-07, 1.41434702527e-06, 2.02069287525e-07, 3.96610886355e-08, 6.62100561044e-08, 7.28967322061e-08, 3.31637465933e-07, 6.29816838682e-08, 4.8292520205e-08, 4.702654266e-08, 4.55307720415e-08, 2.41303599324e-08, 2.39505535404e-08, 6.12449468917e-09, 5.33275690273e-09, 3.32401839387e-09, 1.00512453916e-09, 6.42571607035e-10, 1.20506626899e-09, 1.45747669489e-09, 1.64160429694e-09, 1.0593798061e-09, 9.02700192373e-10, 5.49114975712e-10, 3.49344303485e-10, 1.83051823699e-10, 1.23084625825e-10, 7.83805867433e-11, 7.51625914286e-11, 5.83824585898e-11, 4.57734614101e-11, 4.44519802911e-11, 1.46208253837e-11], "var": [0.000334703276167, 4.2084902816e-05, 2.25483881877e-06, 1.39601240789e-07, 3.38107128073e-07, 2.99949896032e-08, 1.14143965391e-08, 2.53408217077e-07, 6.01002739131e-07, 6.37116315261e-08, 2.76240239572e-08, 3.28605018751e-08, 4.68515395369e-08, 2.20868173528e-07, 2.87268822063e-08, 3.34057865814e-08, 1.94567881806e-08, 1.99595184824e-08, 1.05630570957e-08, 1.05641184689e-08, 3.67466324036e-09, 2.17888929122e-09, 1.31658972613e-09, 7.5888123563e-10, 4.99498609141e-10, 7.56592621887e-10, 7.21323833996e-10, 8.41573477572e-10, 5.91939164352e-10, 5.30588295522e-10, 3.56489671116e-10, 2.09128978024e-10, 9.75909353329e-11, 6.64172536413e-11, 3.96487113974e-11, 3.66864177925e-11, 3.07027944735e-11, 3.01820582416e-11, 2.69467746727e-11, 9.4563142039e-12], "dmean2": [0.00652978988364, 0.00234598014504, 0.00082911766367, 0.000290971423965, 0.000374531402485, 0.000135458976729, 6.93226538715e-05, 0.000287755101454, 0.000474569387734, 0.00011046842701, 7.84927033237e-05, 0.000104645005194, 0.000108375388663, 0.000199397865799, 8.56368642417e-05, 9.00480736163e-05, 7.67608580645e-05, 8.20013228804e-05, 5.54852413188e-05, 5.73038123548e-05, 2.91403575829e-05, 3.04433742713e-05, 2.84918805846e-05, 1.59733153851e-05, 1.15723141789e-05, 1.67393609445e-05, 1.86166253116e-05, 1.93119867617e-05, 1.39246203616e-05, 1.30324024212e-05, 1.03349602796e-05, 8.52443736221e-06, 5.99537224844e-06, 4.79258778796e-06, 3.65884420717e-06, 3.42943917531e-06, 2.76446621683e-06, 2.14952683564e-06, 1.88863896255e-06, 1.26932741296e-06], "max": [0.100285299122, 0.055497340858, 0.0207298267633, 0.0048893247731, 0.00798746012151, 0.00417883973569, 0.00182679586578, 0.0094346050173, 0.00949284806848, 0.0117960860953, 0.00278099975549, 0.00314810313284, 0.00445717852563, 0.00802704598755, 0.00417186925188, 0.00329079991207, 0.00240592518821, 0.0020582084544, 0.00331521080807, 0.00203488115221, 0.00133655907121, 0.000716094276868, 0.000446455727797, 0.000433417852037, 0.000388553569792, 0.00045615437557, 0.000375759147573, 0.000284582667518, 0.000254763785051, 0.000226735050092, 0.000170597064425, 0.000139200637932, 0.000107531712274, 0.00010988303984, 8.602613525e-05, 0.000136214919621, 0.000144967256347, 0.000100635559647, 0.000116304996482, 7.67315214034e-05], "dmean": [0.00464439531788, 0.00161157327238, 0.000449471874163, 0.000176085930434, 0.000233604238019, 8.14090453787e-05, 4.22645280196e-05, 0.000177756839548, 0.000296741171042, 6.75182382111e-05, 4.92165709147e-05, 6.36417826172e-05, 6.77471907693e-05, 0.000129721913254, 5.3663203289e-05, 5.63578469155e-05, 4.61867020931e-05, 4.98286899528e-05, 3.46011256624e-05, 3.52850074705e-05, 1.83019510587e-05, 1.81358482223e-05, 1.70127095771e-05, 1.01843470475e-05, 7.45985062167e-06, 1.05541994344e-05, 1.13734704428e-05, 1.18570414998e-05, 8.97159134183e-06, 8.43217731017e-06, 6.48785862722e-06, 5.36985362487e-06, 3.77181800104e-06, 3.07453115056e-06, 2.29331726587e-06, 2.14413148569e-06, 1.76672892849e-06, 1.41893576711e-06, 1.21764662708e-06, 8.14127474769e-07]}, "spectral_decrease": {"dvar": 8.89535670884e-17, "mean": -1.01922719153e-08, "min": -8.44811509637e-08, "median": -4.19687928854e-09, "dvar2": 1.47730023714e-16, "var": 2.62184225746e-16, "dmean2": 7.09549174971e-09, "max": -6.16622862962e-18, "dmean": 5.09183362141e-09}, "spectral_rolloff": {"dvar": 1704402.375, "mean": 1974.20446777, "min": 43.06640625, "median": 1507.32421875, "dvar2": 3362816.25, "var": 3937450.25, "dmean2": 1296.2232666, "max": 12037.0605469, "dmean": 799.071899414}, "melbands_crest": {"dvar": 17.6919822693, "mean": 19.167509079, "min": 2.33221530914, "median": 17.7300567627, "dvar2": 40.0924720764, "var": 89.9521331787, "dmean2": 6.81396818161, "max": 37.2881278992, "dmean": 4.41936540604}, "barkbands_skewness": {"dvar": 2.25149035454, "mean": 1.97686803341, "min": -4.11316204071, "median": 1.01510846615, "dvar2": 4.05606269836, "var": 8.20844745636, "dmean2": 1.57822024822, "max": 19.5869960785, "dmean": 1.12046217918}, "spectral_centroid": {"dvar": 218117.203125, "mean": 1898.76342773, "min": 168.866714478, "median": 1834.35888672, "dvar2": 430506.09375, "var": 631334.8125, "dmean2": 654.664367676, "max": 5707.21533203, "dmean": 442.738800049}, "spectral_energyband_middle_low": {"dvar": 4.36235932284e-05, "mean": 0.00552939204499, "min": 1.24968776646e-11, "median": 0.00297551555559, "dvar2": 0.000115161208669, "var": 4.83407638967e-05, "dmean2": 0.00603268621489, "max": 0.0714152231812, "dmean": 0.00370757677592}, "erbbands_crest": {"dvar": 9.36377334595, "mean": 9.38058757782, "min": 2.63694238663, "median": 8.27592468262, "dvar2": 22.0196933746, "var": 21.2844409943, "dmean2": 5.19797182083, "max": 30.0513439178, "dmean": 3.25215554237}, "dynamic_complexity": 4.0344171524, "spectral_energyband_low": {"dvar": 0.00132825481705, "mean": 0.0282664764673, "min": 2.90028851629e-12, "median": 0.00139457080513, "dvar2": 0.00223479233682, "var": 0.00372356455773, "dmean2": 0.020717702806, "max": 0.312978684902, "dmean": 0.0152231566608}, "silence_rate_60dB": {"dvar": 0.0452723987401, "mean": 0.130055308342, "min": 0, "median": 0, "dvar2": 0.102451607585, "var": 0.113134272397, "dmean2": 0.0950734689832, "max": 1, "dmean": 0.0475326254964}, "erbbands_kurtosis": {"dvar": 2.91327357292, "mean": 0.337475568056, "min": -1.85113382339, "median": -0.300643444061, "dvar2": 7.00050640106, "var": 4.11873626709, "dmean2": 1.85311067104, "max": 24.2138233185, "dmean": 1.16420400143}, "spectral_complexity": {"dvar": 47.4916496277, "mean": 15.7382478714, "min": 0, "median": 13, "dvar2": 89.526222229, "var": 137.209060669, "dmean2": 7.270008564, "max": 68, "dmean": 4.90346574783}, "barkbands_crest": {"dvar": 10.2457990646, "mean": 12.0503959656, "min": 1.99878311157, "median": 10.4004764557, "dvar2": 22.0689182281, "var": 41.3343734741, "dmean2": 4.95469141006, "max": 26.294052124, "dmean": 3.13640379906}, "spectral_energy": {"dvar": 0.00128670199774, "mean": 0.0404543988407, "min": 2.92157374682e-11, "median": 0.0177431311458, "dvar2": 0.00214848830365, "var": 0.00379211362451, "dmean2": 0.028137082234, "max": 0.321071505547, "dmean": 0.0201010983437}, "spectral_spread": {"dvar": 917208694784, "mean": 4701113, "min": 1794594.5, "median": 4318717, "dvar2": 1872539680770.0, "var": 2434218065920.0, "dmean2": 1170065.875, "max": 15819031, "dmean": 776641.9375}, "spectral_contrast_valleys": {"dvar": [0.252041250467, 0.169550657272, 0.28401657939, 0.289007127285, 0.250596523285, 0.223215326667], "mean": [-7.96734046936, -7.39683389664, -7.99259185791, -8.15405750275, -7.67837190628, -10.1353664398], "min": [-16.0961837769, -16.4545021057, -16.8932800293, -17.3301753998, -16.5083580017, -18.93501091], "median": [-7.93297672272, -7.34938383102, -8.01793956757, -8.16262626648, -7.62155389786, -10.0792179108], "dvar2": [0.48104351759, 0.410532772541, 0.631377518177, 0.63690495491, 0.492394030094, 0.390699535608], "var": [1.62648522854, 0.715384423733, 1.00233709812, 0.995585024357, 0.99156409502, 1.26191389561], "dmean2": [0.70144701004, 0.714915931225, 0.799056112766, 0.745405256748, 0.698185145855, 0.667181193829], "max": [-4.87991476059, -4.82964277267, -4.90432596207, -5.20135879517, -5.09594249725, -7.3072218895], "dmean": [0.446929931641, 0.44745066762, 0.511659741402, 0.49387088418, 0.482564508915, 0.471096634865]}, "spectral_rms": {"dvar": 3.37475626111e-06, "mean": 0.00505560450256, "min": 1.68828790947e-07, "median": 0.00416057370603, "dvar2": 5.94355788053e-06, "var": 1.39085595947e-05, "dmean2": 0.00196636538021, "max": 0.0176986008883, "dmean": 0.00138532556593}, "barkbands_spread": {"dvar": 112.025817871, "mean": 24.8272094727, "min": 0.296934604645, "median": 22.897228241, "dvar2": 245.972167969, "var": 284.476013184, "dmean2": 13.4854488373, "max": 118.902854919, "dmean": 8.79348278046}, "pitch_salience": {"dvar": 0.00819405075163, "mean": 0.46265873313, "min": 0.0387451313436, "median": 0.494778931141, "dvar2": 0.0179952997714, "var": 0.0354142002761, "dmean2": 0.146294385195, "max": 0.894368648529, "dmean": 0.0934870839119}, "erbbands_skewness": {"dvar": 0.240197435021, "mean": 0.0174746792763, "min": -3.96663999557, "median": -0.00790174398571, "dvar2": 0.510130524635, "var": 0.655827224255, "dmean2": 0.744736254215, "max": 3.80636191368, "dmean": 0.495214700699}, "spectral_energyband_middle_high": {"dvar": 4.37611925008e-05, "mean": 0.00558308837935, "min": 1.14985460389e-11, "median": 0.00216403324157, "dvar2": 0.000101652010926, "var": 7.14771158528e-05, "dmean2": 0.00533409370109, "max": 0.0685424134135, "dmean": 0.0035049202852}, "erbbands": {"dvar": [2.18811249733, 52.1783218384, 88.2261886597, 150.980331421, 45.2178039551, 46.7422866821, 266.1199646, 48.8744697571, 24.0104675293, 1023.85150146, 9230.52636719, 2370.80102539, 652.069091797, 1495.51379395, 4704.88134766, 12528.5576172, 2805.56933594, 4709.875, 4946.88574219, 5082.63330078, 1818.21203613, 1798.71936035, 811.784118652, 413.116149902, 956.425109863, 1320.94213867, 1047.80078125, 717.647766113, 384.87322998, 189.356292725, 90.7387008667, 65.9757003784, 42.7800254822, 11.7481079102, 1.36575591564, 0.132219657302, 0.00273568788543, 3.4073342249e-05, 3.26946064888e-07, 1.93982940822e-09], "mean": [1.11869442463, 3.88428282738, 1.90071487427, 1.95918738842, 2.11529827118, 4.38168144226, 8.84603881836, 4.75601911545, 4.6960811615, 14.0977735519, 40.0784072876, 16.4513339996, 12.439286232, 17.6400356293, 32.8133926392, 45.6811447144, 29.3285083771, 27.3025436401, 34.2925872803, 30.352355957, 21.6865921021, 18.661441803, 20.0753574371, 13.3587255478, 19.7518596649, 22.0390605927, 17.1865921021, 14.2026309967, 10.2838258743, 6.56346559525, 4.58744239807, 3.60117387772, 2.41467690468, 1.26082527637, 0.529679477215, 0.17181558907, 0.0242937728763, 0.00298672006465, 0.000318463076837, 5.66231137782e-05], "min": [1.34732988655e-11, 2.25109542118e-10, 1.31756372479e-09, 3.72389696857e-09, 9.07767372382e-09, 1.53941819292e-08, 1.80566370744e-08, 8.57606963223e-09, 1.43641631922e-08, 1.05686313034e-08, 1.58467443612e-08, 7.56060813956e-08, 4.85073456957e-08, 2.35237163082e-08, 1.16327365518e-08, 5.59678969836e-09, 7.76482345088e-09, 5.06473440964e-08, 7.48028341491e-08, 1.92606037785e-08, 7.48243920157e-08, 3.0275631957e-07, 1.28433597979e-07, 2.79786736002e-08, 1.43339793368e-08, 1.26637713649e-08, 2.54753196316e-08, 1.96197849078e-08, 1.80490609125e-08, 3.33456173784e-09, 4.06799749442e-09, 1.18330740762e-08, 4.30759605763e-09, 4.35664126996e-09, 2.44983899833e-09, 1.52294254985e-09, 4.88647566854e-10, 2.30066660167e-10, 6.94270613222e-11, 1.06873199526e-11], "median": [0.0193330049515, 0.11051748693, 0.133906468749, 0.226731687784, 0.600915670395, 1.6286277771, 2.83008694649, 2.36466407776, 2.25542020798, 3.83846950531, 5.38094520569, 4.8408703804, 2.26702690125, 3.98649168015, 4.84849214554, 6.01573610306, 8.35739517212, 5.02721500397, 8.07373428345, 6.79688644409, 5.22262573242, 4.49967384338, 7.9445438385, 4.05859708786, 6.58268165588, 8.57646179199, 5.12654209137, 3.58335590363, 2.09561300278, 1.2491209507, 1.00048685074, 0.699688911438, 0.380695819855, 0.182215616107, 0.0766326338053, 0.0187166593969, 0.00424729380757, 0.00063611328369, 7.18623414286e-05, 2.82044366031e-05], "dvar2": [4.1670999527, 94.7156677246, 247.343521118, 442.12689209, 122.102386475, 116.99646759, 620.67175293, 128.957885742, 61.9557304382, 2511.37255859, 22417.6972656, 6458.05126953, 1485.66967773, 3742.41357422, 10594.5371094, 28753.5429688, 6624.29931641, 12010.1513672, 12239.7070312, 12414.9228516, 4122.4609375, 4617.93310547, 2004.42871094, 866.767089844, 2285.10571289, 3119.50878906, 2314.08496094, 1537.95227051, 872.503479004, 425.911407471, 208.952911377, 153.446289062, 90.3912887573, 25.0817260742, 2.87241220474, 0.266093730927, 0.0051969862543, 6.58281642245e-05, 6.12730104876e-07, 3.39079342382e-09], "var": [5.73714637756, 105.353393555, 60.379650116, 84.7624740601, 35.1806259155, 57.9750099182, 338.360046387, 51.839630127, 44.2374305725, 1187.45056152, 10064.8398438, 1947.78723145, 1037.78527832, 1822.23901367, 7735.98632812, 16991.2167969, 4152.42529297, 5477.34277344, 6414.20068359, 5474.55029297, 2687.64038086, 1846.52209473, 1109.71179199, 748.801818848, 1341.45251465, 1682.78710938, 1432.39733887, 1089.41162109, 531.679382324, 236.630905151, 112.774497986, 83.3865356445, 60.5887107849, 17.2953491211, 2.04580354691, 0.221401900053, 0.00491713732481, 6.31173606962e-05, 6.08815696523e-07, 5.48292966585e-09], "dmean2": [0.899392545223, 3.4280693531, 3.87150931358, 5.13696098328, 3.50144410133, 5.62546873093, 11.5732784271, 5.69210529327, 4.17644309998, 19.2716407776, 61.0225105286, 21.2018909454, 15.3571424484, 25.0652542114, 39.7494049072, 58.0031814575, 35.649017334, 40.2854957581, 46.0113563538, 41.7243309021, 26.769525528, 28.7364997864, 23.0186195374, 14.2281227112, 23.6908893585, 26.7655296326, 20.9534511566, 17.6887016296, 13.5152168274, 9.09589004517, 6.09925127029, 4.71133184433, 3.00244188309, 1.65402305126, 0.74763250351, 0.216630190611, 0.0280444696546, 0.00329318270087, 0.000347651017364, 4.03314224968e-05], "max": [13.860657692, 62.7247810364, 101.462112427, 125.548118591, 83.9330749512, 115.71521759, 237.988525391, 196.898880005, 120.430374146, 806.871643066, 1253.97839355, 1942.94433594, 547.466247559, 790.376586914, 1599.96142578, 2203.47338867, 1289.26159668, 1343.22875977, 1047.82202148, 1556.15075684, 1042.8692627, 520.046203613, 433.218017578, 453.486633301, 613.370910645, 382.040893555, 378.103210449, 281.192901611, 219.924957275, 201.915084839, 152.144775391, 215.1875, 145.99836731, 89.9281234741, 22.2512531281, 7.80220746994, 1.43570113182, 0.155081734061, 0.0166549906135, 0.000524513132405], "dmean": [0.623798787594, 2.51037526131, 2.22364163399, 2.72756099701, 2.06336855888, 3.45202684402, 7.19136142731, 3.41422319412, 2.57822060585, 11.7965936661, 38.2489395142, 13.0326776505, 9.62332725525, 15.2711601257, 25.6136436462, 37.2647743225, 22.3033275604, 24.5106735229, 28.4621582031, 26.0766086578, 16.8942127228, 17.1989498138, 14.3150234222, 9.28545951843, 14.7716932297, 16.6934814453, 13.8102931976, 11.28166008, 8.51997947693, 5.84682607651, 3.87597084045, 3.01846647263, 1.97222006321, 1.06654644012, 0.475128829479, 0.143384441733, 0.0187979172915, 0.00221725506708, 0.00023424300889, 2.85463192995e-05]}, "dissonance": {"dvar": 0.000454042077763, "mean": 0.462516874075, "min": 0.260003983974, "median": 0.469367980957, "dvar2": 0.00115029537119, "var": 0.000837114057504, "dmean2": 0.0343195796013, "max": 0.500000178814, "dmean": 0.0209491383284}, "erbbands_flatness_db": {"dvar": 0.000504204130266, "mean": 0.161735147238, "min": 0.0425135493279, "median": 0.156484156847, "dvar2": 0.000980132259429, "var": 0.00219685374759, "dmean2": 0.0343279242516, "max": 0.34336695075, "dmean": 0.0236094910651}, "melbands_kurtosis": {"dvar": 3611.35571289, "mean": 37.9539146423, "min": -1.91538524628, "median": 4.85323619843, "dvar2": 6892.54638672, "var": 7920.90771484, "dmean2": 37.9911346436, "max": 914.540527344, "dmean": 26.4760665894}, "melbands_spread": {"dvar": 426.515289307, "mean": 32.0585708618, "min": 0.303442537785, "median": 25.3957920074, "dvar2": 860.907104492, "var": 949.643981934, "dmean2": 20.2289047241, "max": 266.674713135, "dmean": 13.2233181}, "melbands_skewness": {"dvar": 3.60416960716, "mean": 3.4916768074, "min": -1.67159163952, "median": 2.03139543533, "dvar2": 6.60853433609, "var": 15.0974006653, "dmean2": 2.05936336517, "max": 23.8601512909, "dmean": 1.45875704288}, "spectral_entropy": {"dvar": 0.0528399683535, "mean": 7.69118261337, "min": 5.88482379913, "median": 7.68327522278, "dvar2": 0.102903857827, "var": 0.171704873443, "dmean2": 0.343940168619, "max": 8.87282466888, "dmean": 0.233455747366}, "zerocrossingrate": {"dvar": 0.000481844705064, "mean": 0.0689730197191, "min": 0.001953125, "median": 0.06103515625, "dvar2": 0.000526005227584, "var": 0.00259293615818, "dmean2": 0.0189443845302, "max": 0.4013671875, "dmean": 0.0168354697526}, "average_loudness": 0.921442806721, "spectral_contrast_coeffs": {"dvar": [0.00210535898805, 0.00263788062148, 0.00189475168008, 0.00169630430173, 0.000775658991188, 0.00058160541812], "mean": [-0.665167987347, -0.705601155758, -0.734275817871, -0.741093814373, -0.776919662952, -0.749265313148], "min": [-0.915668725967, -0.931132853031, -0.943877339363, -0.90917801857, -0.916148126125, -0.901159524918], "median": [-0.672039151192, -0.714037597179, -0.742740035057, -0.746830224991, -0.785277366638, -0.749057650566], "dvar2": [0.00494902580976, 0.00564378360286, 0.00413777958602, 0.00365172605962, 0.0016427859664, 0.00137219449971], "var": [0.0111797591671, 0.00692737242207, 0.00641988450661, 0.00499500706792, 0.00227011553943, 0.00189496437088], "dmean2": [0.0831434652209, 0.0883751958609, 0.0772807151079, 0.0723567977548, 0.0485480763018, 0.0426500625908], "max": [-0.311485230923, -0.350537955761, -0.419305235147, -0.458180546761, -0.5690305233, -0.533333420753], "dmean": [0.0528352335095, 0.0569727197289, 0.0496640652418, 0.0470836497843, 0.0313124656677, 0.0278380606323]}, "barkbands_flatness_db": {"dvar": 0.0011015876662, "mean": 0.147960826755, "min": 0.0242812205106, "median": 0.134768486023, "dvar2": 0.00217454857193, "var": 0.00521955592558, "dmean2": 0.047894526273, "max": 0.423592865467, "dmean": 0.0324373282492}, "silence_rate_30dB": {"dvar": 0.0440242029727, "mean": 0.892412722111, "min": 0, "median": 1, "dvar2": 0.0882911160588, "var": 0.0960205793381, "dmean2": 0.0923076942563, "max": 1, "dmean": 0.0461498573422}, "spectral_energyband_high": {"dvar": 4.60600085717e-06, "mean": 0.00135590264108, "min": 2.92124332536e-12, "median": 0.000412469671573, "dvar2": 9.78597654466e-06, "var": 7.10591211828e-06, "dmean2": 0.0015361609403, "max": 0.0212231054902, "dmean": 0.00101803266443}, "melbands_flatness_db": {"dvar": 0.00180704740342, "mean": 0.198356479406, "min": 0.0147591680288, "median": 0.179723694921, "dvar2": 0.0033188269008, "var": 0.00993326492608, "dmean2": 0.0581577345729, "max": 0.541634142399, "dmean": 0.0398696549237}, "barkbands": {"dvar": [8.58225848788e-06, 0.0013077830663, 7.20443931641e-05, 1.30130347316e-05, 3.18888305628e-06, 1.84576708762e-06, 3.77684898467e-07, 1.5275349142e-05, 4.58854856333e-06, 1.27821817841e-06, 1.30797798192e-06, 8.53528581501e-06, 1.6715489437e-06, 2.50729635809e-06, 1.59594753768e-06, 1.17952720302e-06, 5.929530289e-07, 2.2508999109e-07, 2.55285215189e-07, 5.58051624466e-07, 5.12063763836e-07, 2.98667998777e-07, 1.23199100699e-07, 1.35971049531e-07, 5.03683317277e-08, 2.10333994666e-09, 8.91867829589e-12], "mean": [0.00234256288968, 0.0245982203633, 0.0011234752601, 0.00067699624924, 0.00126483174972, 0.000723367964383, 0.000362841004971, 0.00177204667125, 0.00060778943589, 0.000528767763171, 0.000467612670036, 0.00121296779253, 0.00063930748729, 0.000491429411341, 0.000608379545156, 0.000490250997245, 0.000318995851558, 0.000337268720614, 0.000328805792378, 0.000457046728116, 0.000377630640287, 0.000280791893601, 0.00017213713727, 0.00015451310901, 9.23188054003e-05, 2.22773232963e-05, 1.47152093177e-06], "min": [2.49530112556e-14, 7.94022183073e-13, 1.35900839193e-12, 1.54988088336e-12, 4.33705935748e-12, 1.40781808954e-12, 1.12263095955e-12, 2.41913992094e-13, 3.40125822472e-12, 7.43527364244e-13, 5.02167968666e-13, 1.07303333157e-13, 1.2929540522e-13, 1.71998494006e-12, 5.06431539499e-13, 7.52267172166e-13, 5.56041757777e-12, 1.27881960663e-12, 3.46215162659e-13, 2.60135256435e-13, 5.90735847825e-13, 4.25904347597e-13, 1.06154383786e-13, 4.23974223784e-13, 3.60104795375e-13, 3.23742389233e-13, 5.69504187732e-13], "median": [0.000397829746362, 0.000682116660755, 8.05635500001e-05, 9.06316490727e-05, 0.000483766954858, 0.000317682744935, 0.000154205743456, 0.000249324075412, 0.000125754915643, 8.97368299775e-05, 7.37595619285e-05, 0.000120691416669, 0.000161689036759, 5.61808847124e-05, 0.000146614882397, 0.000108877808088, 6.85869599693e-05, 0.000126062746858, 0.000106577448605, 0.000167009289726, 0.000101520869066, 5.66456474189e-05, 3.66018648492e-05, 2.65229118668e-05, 1.36071121233e-05, 2.86250588033e-06, 2.32196342154e-07], "dvar2": [2.10661710298e-05, 0.00235516414978, 0.000212737009861, 3.75761956093e-05, 7.92137052485e-06, 4.62943125967e-06, 9.88331521512e-07, 3.67969369108e-05, 1.24688331198e-05, 3.06508422909e-06, 3.15651823257e-06, 1.91829749383e-05, 3.88641865356e-06, 6.63340324536e-06, 3.83533370041e-06, 2.85082455775e-06, 1.50703010604e-06, 5.17697969826e-07, 5.83318183089e-07, 1.30529872422e-06, 1.10136500098e-06, 6.65385641696e-07, 2.81097129573e-07, 2.89971183065e-07, 1.04997617711e-07, 4.09860279049e-09, 1.70003490452e-11], "var": [1.52741686179e-05, 0.00323225418106, 3.8522437535e-05, 7.87422777648e-06, 4.28679231845e-06, 1.83448321422e-06, 4.3408542183e-07, 1.76378416654e-05, 3.60582862413e-06, 1.79246853804e-06, 1.7029465198e-06, 1.24355665321e-05, 2.52345512308e-06, 2.22021367335e-06, 2.02583782993e-06, 1.44923194512e-06, 6.08908635513e-07, 3.49782197873e-07, 3.92051788367e-07, 7.3204120099e-07, 7.46542127672e-07, 4.06446559964e-07, 1.56327033096e-07, 1.95442595441e-07, 7.68608998669e-08, 3.71396824406e-09, 1.62854001118e-11], "dmean2": [0.00220327917486, 0.0195666402578, 0.00351508823223, 0.00155301170889, 0.0015520604793, 0.000966919120401, 0.000432831468061, 0.00258083897643, 0.000883116736077, 0.000718598719686, 0.000708249979652, 0.001566953375, 0.000831252196804, 0.000899077102076, 0.000820460205432, 0.000657699943986, 0.000519497902133, 0.000376655370928, 0.000377332733478, 0.000558013096452, 0.000465557910502, 0.000373041402781, 0.000227229436859, 0.000192240055185, 0.000122519864817, 2.64037244051e-05, 1.7128837726e-06], "max": [0.0323539040983, 0.308296948671, 0.0800377056003, 0.0406821034849, 0.0244234539568, 0.0250463373959, 0.0151574406773, 0.0488451011479, 0.0657247006893, 0.0244657583535, 0.0323362797499, 0.0540371201932, 0.0280705802143, 0.0239885840565, 0.0297717880458, 0.0217852257192, 0.0138814393431, 0.00718909827992, 0.0085212122649, 0.00798271596432, 0.00746589479968, 0.00538222724572, 0.00524519756436, 0.00819122511894, 0.00578080862761, 0.00112479447853, 8.00001434982e-05], "dmean": [0.00147404614836, 0.0141882253811, 0.00181972782593, 0.000852768134791, 0.000960795092396, 0.00058600079501, 0.000255348451901, 0.00162429909687, 0.000528301286977, 0.000444957637228, 0.000428334722528, 0.00100629380904, 0.000515503576025, 0.000534088467248, 0.000511158432346, 0.000405843835324, 0.000310173723847, 0.00023753545247, 0.00024150594254, 0.000349264242686, 0.000303829699988, 0.000235468454775, 0.000146927210153, 0.00012571127445, 7.9021716374e-05, 1.77647489181e-05, 1.14216345537e-06]}, "erbbands_spread": {"dvar": 170.827438354, "mean": 40.5870399475, "min": 3.2343890667, "median": 36.1503295898, "dvar2": 375.717681885, "var": 485.117492676, "dmean2": 17.8251285553, "max": 202.35887146, "dmean": 11.8780136108}, "barkbands_kurtosis": {"dvar": 945.479919434, "mean": 13.6559944153, "min": -1.93537282944, "median": 0.733708024025, "dvar2": 1962.73486328, "var": 1532.28344727, "dmean2": 16.9691047668, "max": 495.97946167, "dmean": 11.5281305313}, "spectral_flux": {"dvar": 0.00399714335799, "mean": 0.097855091095, "min": 9.33210540097e-05, "median": 0.0831208527088, "dvar2": 0.00903416145593, "var": 0.00620668567717, "dmean2": 0.0686433762312, "max": 0.522514939308, "dmean": 0.0425434783101}, "silence_rate_20dB": {"dvar": 0, "mean": 1, "min": 1, "median": 1, "dvar2": 0, "var": 0, "dmean2": 0, "max": 1, "dmean": 0}, "gfcc": {"cov": [[6630.27978516, -855.649719238, 150.647491455, 196.955841064, -31.1870326996, 403.884399414, 113.832221985, 166.207000732, 75.3942565918, 85.6353759766, -0.547228395939, 58.9241409302, 42.0961074829], [-855.649719238, 1274.38049316, 77.6263809204, 71.9188842773, 396.436187744, -45.5510215759, 307.538208008, 24.4122161865, 206.453308105, 11.3742685318, 198.200653076, -21.6778430939, 88.3866653442], [150.647491455, 77.6263809204, 1380.45019531, 515.045166016, 276.73348999, 311.894805908, 188.714828491, 200.392791748, 190.229476929, 129.061050415, 128.141784668, 109.76537323, 62.681640625], [196.955841064, 71.9188842773, 515.045166016, 529.382202148, 227.003341675, 110.978675842, 111.127876282, 114.471786499, 177.737762451, 57.2514190674, 70.4664535522, 70.0513381958, 73.1000823975], [-31.1870326996, 396.436187744, 276.73348999, 227.003341675, 477.325073242, 192.466903687, 216.83303833, 99.8550720215, 182.660400391, 74.887802124, 114.065742493, 36.6186294556, 92.6947555542], [403.884399414, -45.5510215759, 311.894805908, 110.978675842, 192.466903687, 385.949920654, 188.305953979, 108.852149963, 65.8537368774, 82.4855422974, 89.6774902344, 44.3745994568, 52.5149765015], [113.832221985, 307.538208008, 188.714828491, 111.127876282, 216.83303833, 188.305953979, 351.264709473, 119.339256287, 104.501426697, 59.0619926453, 136.945358276, 44.1675758362, 60.9040260315], [166.207000732, 24.4122161865, 200.392791748, 114.471786499, 99.8550720215, 108.852149963, 119.339256287, 175.98588562, 121.107711792, 59.0735397339, 51.2223320007, 27.7291660309, 35.9868927002], [75.3942565918, 206.453308105, 190.229476929, 177.737762451, 182.660400391, 65.8537368774, 104.501426697, 121.107711792, 257.299468994, 79.3392181396, 68.3527755737, 24.2729930878, 63.7388801575], [85.6353759766, 11.3742685318, 129.061050415, 57.2514190674, 74.887802124, 82.4855422974, 59.0619926453, 59.0735397339, 79.3392181396, 121.614044189, 59.2879180908, 25.2929763794, 24.4277477264], [-0.547228395939, 198.200653076, 128.141784668, 70.4664535522, 114.065742493, 89.6774902344, 136.945358276, 51.2223320007, 68.3527755737, 59.2879180908, 161.061218262, 43.0181503296, 37.7685012817], [58.9241409302, -21.6778430939, 109.76537323, 70.0513381958, 36.6186294556, 44.3745994568, 44.1675758362, 27.7291660309, 24.2729930878, 25.2929763794, 43.0181503296, 112.741798401, 51.5542945862], [42.0961074829, 88.3866653442, 62.681640625, 73.1000823975, 92.6947555542, 52.5149765015, 60.9040260315, 35.9868927002, 63.7388801575, 24.4277477264, 37.7685012817, 51.5542945862, 109.658790588]], "mean": [-26.4961662292, 71.3269119263, -130.072189331, 39.1094436646, -61.8326873779, 14.7227020264, -32.3230018616, 8.31818008423, -20.8421840668, 9.82310771942, -8.23422336578, -0.0426270738244, -4.56908607483], "icov": [[0.000183935539098, 0.000170351544512, 4.1720297304e-05, -5.59486397833e-05, 3.62771352229e-05, -0.000134774832986, -0.000125633378047, 2.43961567321e-05, -0.000135652007884, 5.86521964578e-05, -3.98586817028e-05, 7.04863268766e-05, -5.24471506651e-05], [0.000170351544512, 0.00242759007961, -0.000328471884131, 0.000797754270025, -0.00150806992315, 0.00174706522375, -0.00180923717562, 0.00140724726953, -0.00141166918911, 0.00130699586589, -0.00197077449411, 0.00154169229791, -0.000901618856005], [4.1720297304e-05, -0.000328471884131, 0.00147014204413, -0.00130297371652, 0.000232192411204, -0.00100969022606, 0.000450259569334, -0.000771812628955, 0.000345064356225, -0.00054104073206, 0.000129057181766, -0.000733716005925, 0.000787903089076], [-5.59486397833e-05, 0.000797754270025, -0.00130297371652, 0.00415796367452, -0.00143103545997, 0.00116194749717, -0.00041827451787, 0.000295663223369, -0.00179576221853, 0.00120448425878, -0.000547809409909, -0.000380400422728, -0.000717023096513], [3.62771352229e-05, -0.00150806992315, 0.000232192411204, -0.00143103545997, 0.00538867199793, -0.00238030427136, -0.000274238467682, 0.000326422683429, -0.00101130956318, -0.000767945137341, 0.000846392824315, 4.75217784697e-05, -0.000902089232113], [-0.000134774832986, 0.00174706522375, -0.00100969022606, 0.00116194749717, -0.00238030427136, 0.00636464683339, -0.0025972716976, -0.000236312465859, 0.000629289774224, -0.000705652462784, -0.00144205940887, 0.00119941378944, -0.00134549662471], [-0.000125633378047, -0.00180923717562, 0.000450259569334, -0.00041827451787, -0.000274238467682, -0.0025972716976, 0.00756956497207, -0.00357987708412, 0.00141425186303, 0.000222584465519, -0.00206163409166, -0.00116744206753, 0.000361605692888], [2.43961567321e-05, 0.00140724726953, -0.000771812628955, 0.000295663223369, 0.000326422683429, -0.000236312465859, -0.00357987708412, 0.0121206911281, -0.00505194114521, -0.000453427783214, 8.11146092019e-05, 0.000524358649272, -0.000288744980935], [-0.000135652007884, -0.00141166918911, 0.000345064356225, -0.00179576221853, -0.00101130956318, 0.000629289774224, 0.00141425186303, -0.00505194114521, 0.00980115588754, -0.00374390278012, 0.00045672809938, 0.00069594377419, -0.00173171784263], [5.86521964578e-05, 0.00130699586589, -0.00054104073206, 0.00120448425878, -0.000767945137341, -0.000705652462784, 0.000222584465519, -0.000453427783214, -0.00374390278012, 0.0136445462704, -0.00423442292958, -0.000135094538564, 0.000101200377685], [-3.98586817028e-05, -0.00197077449411, 0.000129057181766, -0.000547809409909, 0.000846392824315, -0.00144205940887, -0.00206163409166, 8.11146092019e-05, 0.00045672809938, -0.00423442292958, 0.0127898249775, -0.0035079002846, 0.000910648959689], [7.04863268766e-05, 0.00154169229791, -0.000733716005925, -0.00038040