{"tonal": {"hpcp": {"dvar": [0.0427272506058, 0.038696359843, 0.0399626679718, 0.033464409411, 0.0285318642855, 0.0256573855877, 0.0263263080269, 0.0286211408675, 0.0234586857259, 0.0230276305228, 0.0208407882601, 0.0119770737365, 0.00769890844822, 0.00440913252532, 0.00358421099372, 0.0067357160151, 0.0117674786597, 0.00626598810777, 0.00494372146204, 0.0045859226957, 0.00449379254133, 0.0107346745208, 0.0194179657847, 0.0199522990733, 0.0516849122941, 0.0175058543682, 0.00510066188872, 0.00362637359649, 0.00580680323765, 0.00947597436607, 0.0193027276546, 0.0269965566695, 0.0227603632957, 0.0229575354606, 0.0248653851449, 0.0311944987625], "var": [0.128875985742, 0.160636171699, 0.0556562878191, 0.0269931741059, 0.0198675058782, 0.0270203873515, 0.0461016148329, 0.0618640258908, 0.0245213713497, 0.0405423305929, 0.0664665624499, 0.0174441747367, 0.00694367708638, 0.00612618448213, 0.00434905895963, 0.0167978182435, 0.0402633659542, 0.0132767027244, 0.0056177075021, 0.00392197305337, 0.00299571850337, 0.0369312688708, 0.0834989696741, 0.0670748576522, 0.198152378201, 0.0742702335119, 0.00724899023771, 0.0039559174329, 0.00395626481622, 0.00615344848484, 0.0462006218731, 0.113173812628, 0.0443096011877, 0.0155979860574, 0.0166438315064, 0.0258419774473], "median": [0.0336406566203, 0.0426735170186, 0.0177807174623, 0.00109869241714, 0.000530764111318, 0.00234841555357, 0.0184139944613, 0.0260517857969, 0.0192481707782, 0.016249936074, 0.0183630082756, 0.00961673073471, 0.00130021315999, 0.000900520244613, 0.00207028933801, 0.00680153211579, 0.00815917365253, 0.00493174046278, 0.00137084210292, 0.000746913370676, 0.0028893337585, 0.0320478752255, 0.0506733246148, 0.0997697860003, 0.0124375345185, 0.0103970142081, 0.00136241514701, 0.00246143504046, 0.00288000889122, 0.00437596533448, 0.0119414674118, 0.0155582716689, 0.00942849833518, 0.00240779784508, 0.00145963812247, 0.00788142718375], "max": [1, 1, 1, 1, 1, 1, 1, 1, 1, 1, 1, 1, 1, 1, 1, 1, 1, 1, 1, 1, 1, 1, 1, 1, 1, 1, 1, 1, 1, 1, 1, 1, 1, 1, 1, 1], "dmean": [0.102570198476, 0.0952298864722, 0.0935505256057, 0.0629342868924, 0.0507642105222, 0.0517710484564, 0.0689028725028, 0.073986582458, 0.06180979684, 0.0640754923224, 0.0609902963042, 0.0393931381404, 0.0183902513236, 0.0124897193164, 0.0122742196545, 0.0286353696138, 0.0377455428243, 0.0244994554669, 0.0136903226376, 0.0122584728524, 0.0171364378184, 0.0521189011633, 0.0675389319658, 0.0775655582547, 0.0887480080128, 0.0605226568878, 0.0227910745889, 0.0167423877865, 0.02118999511, 0.0330418981612, 0.0618015564978, 0.0652883499861, 0.0640544146299, 0.0482168197632, 0.0482181943953, 0.0738682150841], "dmean2": [0.180051609874, 0.16505587101, 0.166855320334, 0.115531951189, 0.0946507379413, 0.0963032320142, 0.118280984461, 0.125527918339, 0.109267510474, 0.109377585351, 0.0985275506973, 0.0677444413304, 0.0348067097366, 0.0229493137449, 0.0218123868108, 0.0466336719692, 0.0594181418419, 0.0401648953557, 0.0249766390771, 0.0229558385909, 0.0310977306217, 0.0799339562654, 0.10178257525, 0.129764482379, 0.160429954529, 0.103967167437, 0.0401750802994, 0.0307994484901, 0.0390293262899, 0.0617865771055, 0.105727374554, 0.110461913049, 0.113100223243, 0.0899228304625, 0.0914002582431, 0.136753246188], "mean": [0.2539498806, 0.305155396461, 0.139390349388, 0.0498736090958, 0.0349353589118, 0.0484656691551, 0.11053802073, 0.132811248302, 0.0767428800464, 0.10781545192, 0.137408703566, 0.0615964755416, 0.0165837425739, 0.0136781763285, 0.0133110592142, 0.0555568523705, 0.0848567858338, 0.04434812814, 0.01439439971, 0.0101500693709, 0.0155550101772, 0.119445718825, 0.184839695692, 0.239464730024, 0.347585767508, 0.208313554525, 0.0315871722996, 0.0180877987295, 0.0188978686929, 0.0272452067584, 0.116789571941, 0.185519650578, 0.10647431761, 0.0370170734823, 0.0342711023986, 0.0735680833459], "dvar2": [0.114766664803, 0.103882960975, 0.112760089338, 0.0901035368443, 0.0792745426297, 0.0730443969369, 0.0711266845465, 0.0751804485917, 0.0678313970566, 0.0647084265947, 0.0509264916182, 0.0334100350738, 0.0227497760206, 0.0127581479028, 0.0100533347577, 0.0170728508383, 0.0262641981244, 0.0161682162434, 0.0142622040585, 0.0133691979572, 0.0130517566577, 0.0244475603104, 0.0391362681985, 0.0516390949488, 0.139372214675, 0.0453905761242, 0.014258778654, 0.0104936547577, 0.0169286206365, 0.0288689937443, 0.0527927428484, 0.0612528175116, 0.0615896098316, 0.0667575150728, 0.0722540393472, 0.0896789059043], "min": [0, 0, 0, 0, 0, 0, 0, 0, 0, 0, 0, 0, 0, 0, 0, 0, 0, 0, 0, 0, 0, 0, 0, 0, 0, 0, 0, 0, 0, 0, 0, 0, 0, 0, 0, 0]}, "key_key": "A", "thpcp": [1, 0.599315524101, 0.0908759087324, 0.0520383752882, 0.0543689355254, 0.0783841237426, 0.33600217104, 0.533737778664, 0.306325316429, 0.10649766773, 0.0985975414515, 0.211654469371, 0.730610728264, 0.877928316593, 0.401024341583, 0.143485769629, 0.100508600473, 0.139435142279, 0.318016529083, 0.382096350193, 0.22078832984, 0.310183733702, 0.39532315731, 0.177212312818, 0.0477112233639, 0.0393519476056, 0.0382957533002, 0.159836381674, 0.244131937623, 0.127589017153, 0.0414125099778, 0.029201624915, 0.044751573354, 0.34364387393, 0.531781554222, 0.68893712759], "chords_key": "A", "tuning_equal_tempered_deviation": 0.230130150914, "tuning_frequency": 434.193115234, "tuning_diatonic_strength": 0.504217326641, "chords_histogram": [30.8002891541, 7.84426832199, 8.69502544403, 12.0259552002, 0.591204047203, 0.0144196106121, 0.0865176618099, 1.44196105003, 0, 3.67700076103, 0, 0.0865176618099, 0, 0.0144196106121, 1.09589040279, 0, 2.37923574448, 0, 0, 0, 0.692141294479, 3.01369857788, 9.05551528931, 18.4859409332], "key_strength": 0.684253156185, "key_scale": "minor", "chords_strength": {"dvar": 0.00029562934651, "var": 0.0111302314326, "median": 0.500450074673, "max": 0.757129013538, "dmean": 0.00696335686371, "dmean2": 0.00541500700638, "mean": 0.502894878387, "dvar2": 0.000255142105743, "min": -1}, "chords_number_rate": 0.00158615713008, "tuning_nontempered_energy_ratio": 0.921727895737, "hpcp_entropy": {"dvar": 0.164832189679, "var": 0.382469773293, "median": 1.65601325035, "max": 4.08168792725, "dmean": 0.42138504982, "dmean2": 0.706220448017, "mean": 1.67592549324, "dvar2": 0.435250818729, "min": 0}, "chords_changes_rate": 0.0408074967563, "chords_scale": "minor"}, "rhythm": {"bpm_histogram_first_peak_spread": {"dvar": 0, "var": 0, "median": 0.040685236454, "max": 0.040685236454, "dmean": 0, "dmean2": 0, "mean": 0.040685236454, "dvar2": 0, "min": 0.040685236454}, "bpm_histogram_first_peak_weight": {"dvar": 0, "var": 0, "median": 0.545675992966, "max": 0.545675992966, "dmean": 0, "dmean2": 0, "mean": 0.545675992966, "dvar2": 0, "min": 0.545675992966}, "bpm_histogram_first_peak_bpm": {"dvar": 0, "var": 0, "median": 152, "max": 152, "dmean": 0, "dmean2": 0, "mean": 152, "dvar2": 0, "min": 152}, "bpm": 153.777938843, "bpm_histogram_second_peak_weight": {"dvar": 0, "var": 0, "median": 0.393422663212, "max": 0.393422663212, "dmean": 0, "dmean2": 0, "mean": 0.393422663212, "dvar2": 0, "min": 0.393422663212}, "beats_loudness": {"dvar": 0.00255668559112, "var": 0.00313728558831, "median": 0.0662300437689, "max": 0.317306280136, "dmean": 0.0548643991351, "dmean2": 0.0948655977845, "mean": 0.0774849355221, "dvar2": 0.00690313661471, "min": 0}, "beats_loudness_band_ratio": {"dvar": [0.0377330593765, 0.0110948868096, 0.0263305176049, 0.0139460442588, 0.00212351791561, 0.0024138467852], "var": [0.0740306079388, 0.0135921211913, 0.0347973071039, 0.0153711214662, 0.00536638405174, 0.0176825113595], "median": [0.673273921013, 0.0603542029858, 0.0794355422258, 0.0296357497573, 0.0112727321684, 0.00323355477303], "max": [0.993956267834, 0.764206528664, 0.804798841476, 0.892977058887, 0.910517573357, 0.999628782272], "dmean": [0.228049337864, 0.0895416513085, 0.143094688654, 0.0699193701148, 0.026679335162, 0.0159553419799], "dmean2": [0.391638249159, 0.155908897519, 0.249470293522, 0.124210774899, 0.0473101586103, 0.0278065428138], "mean": [0.626148164272, 0.103691600263, 0.166577994823, 0.0702102780342, 0.0291827842593, 0.0322778560221], "dvar2": [0.0955981686711, 0.0316913612187, 0.0680531039834, 0.0404325425625, 0.00576199684292, 0.00547022977844], "min": [0, 0, 0, 0, 0, 0]}, "bpm_histogram_second_peak_bpm": {"dvar": 0, "var": 0, "median": 157, "max": 157, "dmean": 0, "dmean2": 0, "mean": 157, "dvar2": 0, "min": 157}, "onset_rate": 3.44096469879, "beats_count": 822, "beats_position": [0.406349211931, 0.824308395386, 1.24226760864, 1.64861679077, 2.06657600403, 2.47292518616, 2.87927436829, 3.27401351929, 3.66875267029, 4.06349182129, 4.45823097229, 4.85297060013, 5.24770975113, 5.64244890213, 6.03718805313, 6.43192720413, 6.81505680084, 7.19818592072, 7.59292507172, 7.97605419159, 8.35918331146, 8.75392246246, 9.14866161346, 9.54340076447, 9.93814086914, 10.3328800201, 10.71600914, 11.0991382599, 11.4938774109, 11.8886165619, 12.2717456818, 12.6548748016, 13.0496139526, 13.4443531036, 13.8274831772, 14.2106122971, 14.5937414169, 14.9768705368, 15.3716096878, 15.7663488388, 16.1610889435, 16.5558280945, 16.9389572144, 17.3220863342, 17.7168254852, 18.1115646362, 18.4946937561, 18.877822876, 19.272562027, 19.667301178, 20.0504302979, 20.4335594177, 20.8282985687, 21.2230377197, 21.6177768707, 22.0125160217, 22.4072551727, 22.7903842926, 23.1735134125, 23.5566444397, 23.9397735596, 24.3345127106, 24.7292518616, 25.1239910126, 25.5187301636, 25.9134693146, 26.2965984344, 26.6797275543, 27.0744667053, 27.4692058563, 27.8523349762, 28.2354640961, 28.6302032471, 29.0249423981, 29.4080715179, 29.7912006378, 30.1859397888, 30.5806789398, 30.9754180908, 31.358549118, 31.7416782379, 32.1364173889, 32.5311546326, 32.9142837524, 33.2974128723, 33.6921539307, 34.0868911743, 34.4816322327, 34.8763694763, 35.2711105347, 35.6542396545, 36.0373687744, 36.4204978943, 36.8152389526, 37.1983680725, 37.5931053162, 37.9878463745, 38.3825836182, 38.765712738, 39.1488418579, 39.5435829163, 39.9383201599, 40.3330612183, 40.7045783997, 41.099319458, 41.4940567017, 41.8771858215, 42.2603149414, 42.6550559998, 43.0497932434, 43.432926178, 43.8160552979, 44.2107925415, 44.6055335999, 45.0002708435, 45.3833999634, 45.7665290833, 46.1612701416, 46.5560073853, 46.9507484436, 47.3338775635, 47.7170066833, 48.111743927, 48.5064849854, 48.8896141052, 49.2843513489, 49.6674804688, 50.0622215271, 50.445350647, 50.8284797668, 51.2232208252, 51.6179580688, 52.0126991272, 52.4074363708, 52.7905654907, 53.1736946106, 53.5684356689, 53.9631729126, 54.3463020325, 54.7294311523, 55.1241722107, 55.5189094543, 55.9020385742, 56.2851676941, 56.6799087524, 57.0746459961, 57.457775116, 57.8409042358, 58.2356452942, 58.6303825378, 59.0251235962, 59.4082527161, 59.7913818359, 60.1861228943, 60.5808601379, 60.9756011963, 61.3587303162, 61.7534675598, 62.1365966797, 62.531337738, 62.9144668579, 63.2975959778, 63.6923332214, 64.0870742798, 64.4818115234, 64.8765487671, 65.2596817017, 65.6428070068, 66.0375518799, 66.4322891235, 66.8154220581, 67.1985473633, 67.5932846069, 67.98802948, 68.3711547852, 68.7542877197, 69.1490249634, 69.543762207, 69.9268951416, 70.3100204468, 70.7047576904, 71.0995025635, 71.4826278687, 71.8657608032, 72.2604980469, 72.6552352905, 73.0499725342, 73.4331054688, 73.8162307739, 74.210975647, 74.6057128906, 75.0004501343, 75.3835830688, 75.766708374, 76.1614532471, 76.5561904907, 76.9393157959, 77.3224487305, 77.7171859741, 78.1119232178, 78.5066680908, 78.9014053345, 79.2845306396, 79.6676635742, 80.0624008179, 80.4571380615, 80.8402709961, 81.2233963013, 81.6181411743, 82.012878418, 82.3960113525, 82.7791366577, 83.1738739014, 83.5686187744, 83.9633560181, 84.3464813232, 84.7296142578, 85.1243515015, 85.5190887451, 85.9022216797, 86.2853469849, 86.6800918579, 87.0632171631, 87.4463500977, 87.8410873413, 88.235824585, 88.6305618286, 89.0253067017, 89.4084320068, 89.7915649414, 90.1863021851, 90.5810394287, 90.9757843018, 91.3705215454, 91.7536468506, 92.1367797852, 92.5315170288, 92.9146499634, 93.2977752686, 93.6925125122, 94.0872573853, 94.4819946289, 94.8651199341, 95.2482528687, 95.6429901123, 96.037727356, 96.4208602905, 96.8039855957, 97.1987304688, 97.5934677124, 97.976600647, 98.3597259521, 98.7544631958, 99.1492080688, 99.532333374, 99.9154663086, 100.310203552, 100.704940796, 101.09967804, 101.494422913, 101.877548218, 102.260681152, 102.655418396, 103.05015564, 103.444892883, 103.839637756, 104.222763062, 104.605895996, 104.989021301, 105.383758545, 105.766891479, 106.161628723, 106.556373596, 106.95111084, 107.334236145, 107.71736908, 108.112106323, 108.506843567, 108.889976501, 109.273101807, 109.66784668, 110.062583923, 110.445709229, 110.828842163, 111.223579407, 111.61831665, 112.001449585, 112.38457489, 112.779319763, 113.174057007, 113.56879425, 113.963539124, 114.346664429, 114.729797363, 115.124534607, 115.519271851, 115.914009094, 116.308753967, 116.691879272, 117.075012207, 117.469749451, 117.852874756, 118.23600769, 118.630744934, 119.025482178, 119.420227051, 119.803352356, 120.186485291, 120.581222534, 120.975959778, 121.359092712, 121.742218018, 122.136962891, 122.531700134, 122.914825439, 123.297958374, 123.692695618, 124.087432861, 124.470565796, 124.853691101, 125.248435974, 125.643173218, 126.037910461, 126.421043396, 126.804168701, 127.198905945, 127.593650818, 127.988388062, 128.383132935, 128.777862549, 129.160995483, 129.544128418, 129.950469971, 130.333602905, 130.728347778, 131.099868774, 131.48298645, 131.877731323, 132.272476196, 132.655593872, 133.038726807, 133.43347168, 133.828201294, 134.211334229, 134.606079102, 135.000808716, 135.395553589, 135.790298462, 136.185028076, 136.556549072, 136.939682007, 137.334411621, 137.729156494, 138.112289429, 138.495422363, 138.878540039, 139.273284912, 139.668029785, 140.062759399, 140.457504272, 140.852249146, 141.24697876, 141.630111694, 142.013244629, 142.407974243, 142.791107178, 143.185852051, 143.568969727, 143.9637146, 144.358459473, 144.753189087, 145.136322021, 145.519454956, 145.890975952, 146.285705566, 146.680450439, 147.075195312, 147.469924927, 147.853057861, 148.236190796, 148.63092041, 149.025665283, 149.408798218, 149.791931152, 150.186660767, 150.58140564, 150.964538574, 151.34765625, 151.742401123, 152.137145996, 152.520263672, 152.903396606, 153.298141479, 153.692871094, 154.076004028, 154.459136963, 154.853881836, 155.24861145, 155.643356323, 156.038085938, 156.432830811, 156.827575684, 157.222305298, 157.605438232, 157.988571167, 158.383300781, 158.766433716, 159.14956665, 159.544311523, 159.939041138, 160.322174072, 160.705307007, 161.100036621, 161.494781494, 161.889526367, 162.261047363, 162.655776978, 163.050521851, 163.433654785, 163.816772461, 164.211517334, 164.606262207, 165.000991821, 165.384124756, 165.778869629, 166.185211182, 166.568344116, 166.951477051, 167.346206665, 167.7293396, 168.124084473, 168.507202148, 168.890335083, 169.285079956, 169.67980957, 170.062942505, 170.446075439, 170.829208374, 171.223937988, 171.618682861, 172.013427734, 172.408157349, 172.779678345, 173.174423218, 173.545944214, 173.940673828, 174.335418701, 174.730148315, 175.124893188, 175.519638062, 175.902755737, 176.285888672, 176.680633545, 177.075378418, 177.458496094, 177.841629028, 178.236373901, 178.642715454, 179.025848389, 179.408981323, 179.792098999, 180.186843872, 180.569976807, 180.953109741, 181.347839355, 181.742584229, 182.137313843, 182.532058716, 182.91519165, 183.298324585, 183.693054199, 184.087799072, 184.482528687, 184.87727356, 185.260406494, 185.643539429, 186.038269043, 186.421401978, 186.804534912, 187.187667847, 187.570785522, 187.965530396, 188.360275269, 188.755004883, 189.149749756, 189.54447937, 189.927612305, 190.310745239, 190.705490112, 191.100219727, 191.483352661, 191.866485596, 192.26121521, 192.655960083, 193.039093018, 193.422225952, 193.805343628, 194.188476562, 194.583221436, 194.97795105, 195.372695923, 195.767440796, 196.16217041, 196.545303345, 196.928436279, 197.323165894, 197.717910767, 198.11265564, 198.507385254, 198.890518188, 199.273651123, 199.668380737, 200.06312561, 200.457870483, 200.840988159, 201.224121094, 201.618865967, 202.013595581, 202.396728516, 202.77986145, 203.174606323, 203.569335938, 203.952468872, 204.335601807, 204.730331421, 205.113464355, 205.49659729, 205.891326904, 206.286071777, 206.68081665, 207.075546265, 207.458679199, 207.841812134, 208.236557007, 208.631286621, 209.014419556, 209.39755249, 209.792282104, 210.187026978, 210.581771851, 210.964889526, 211.348022461, 211.742767334, 212.137496948, 212.532241821, 212.926986694, 213.31010437, 213.693237305, 214.087982178, 214.482711792, 214.865844727, 215.248977661, 215.643707275, 216.038452148, 216.421585083, 216.804718018, 217.199447632, 217.594192505, 217.988937378, 218.372055054, 218.766799927, 219.149932861, 219.533050537, 219.916183472, 220.310928345, 220.705657959, 221.100402832, 221.471923828, 221.855056763, 222.261398315, 222.656143188, 223.050872803, 223.434005737, 223.817138672, 224.211883545, 224.606613159, 224.989746094, 225.372879028, 225.767608643, 226.162353516, 226.557098389, 226.940216064, 227.334960938, 227.718093872, 228.112823486, 228.507568359, 228.890701294, 229.273834229, 229.668563843, 230.051696777, 230.434829712, 230.829559326, 231.224304199, 231.619049072, 232.002166748, 232.385299683, 232.780044556, 233.17477417, 233.569519043, 233.952651978, 234.335784912, 234.730514526, 235.125259399, 235.508392334, 235.89151001, 236.286254883, 236.680999756, 237.07572937, 237.458862305, 237.853607178, 238.236724854, 238.631469727, 239.0262146, 239.420944214, 239.804077148, 240.187210083, 240.581939697, 240.97668457, 241.359817505, 241.742950439, 242.137680054, 242.520812988, 242.903945923, 243.298675537, 243.69342041, 244.088165283, 244.471282959, 244.854415894, 245.249160767, 245.643890381, 246.038635254, 246.41015625, 246.804885864, 247.199630737, 247.59437561, 247.977508545, 248.360626221, 248.755371094, 249.138504028, 249.533233643, 249.916366577, 250.31111145, 250.705841064, 251.100585938, 251.483718872, 251.878448486, 252.273193359, 252.656326294, 253.051055908, 253.445800781, 253.828933716, 254.212051392, 254.606796265, 255.001541138, 255.373062134, 255.767791748, 256.162536621, 256.557281494, 256.94039917, 257.323547363, 257.718261719, 258.113006592, 258.507751465, 258.879272461, 259.274017334, 259.668762207, 260.051879883, 260.434997559, 260.829742432, 261.224487305, 261.60760498, 261.990753174, 262.385467529, 262.780212402, 263.174957275, 263.569702148, 263.952819824, 264.335968018, 264.730712891, 265.125427246, 265.508575439, 265.903320312, 266.286437988, 266.681182861, 267.075927734, 267.47064209, 267.853790283, 268.236907959, 268.631652832, 269.026397705, 269.409515381, 269.792633057, 270.18737793, 270.570526123, 270.965270996, 271.348388672, 271.743133545, 272.137878418, 272.520996094, 272.90411377, 273.298858643, 273.693603516, 274.076721191, 274.459869385, 274.85458374, 275.249328613, 275.644073486, 276.027191162, 276.410339355, 276.805084229, 277.199798584, 277.594543457, 277.98928833, 278.384033203, 278.767150879, 279.150299072, 279.545043945, 279.928161621, 280.311279297, 280.70602417, 281.100769043, 281.495513916, 281.878631592, 282.261749268, 282.644897461, 283.028015137, 283.434356689, 283.817504883, 284.212249756, 284.606964111, 284.990112305, 285.37322998, 285.767974854, 286.162719727, 286.545837402, 286.928985596, 287.323699951, 287.718444824, 288.101593018, 288.484710693, 288.879455566, 289.274200439, 289.668914795, 290.063659668, 290.458404541, 290.853149414, 291.23626709, 291.619415283, 292.014129639, 292.397277832, 292.792022705, 293.175140381, 293.569885254, 293.964630127, 294.347747803, 294.730865479, 295.125610352, 295.508758545, 295.891876221, 296.286621094, 296.681365967, 297.076080322, 297.459228516, 297.842346191, 298.237091064, 298.62020874, 299.003356934, 299.398101807, 299.792816162, 300.187561035, 300.570709229, 300.953826904, 301.348571777, 301.74331665, 302.138031006, 302.521179199, 302.904296875, 303.299041748, 303.693786621, 304.088531494, 304.47164917, 304.854766846, 305.249511719, 305.644256592, 306.039001465, 306.433746338, 306.85168457, 307.258056641, 307.734039307, 308.198455811, 308.662841797, 309.104034424, 309.545196533, 309.98638916, 310.427581787, 310.822296143, 311.217041016, 311.611785889, 312.006530762, 312.424468994, 312.830841064, 313.237182617, 313.63192749, 314.026672363, 314.421386719, 314.816131592, 315.234100342, 315.652069092, 316.070007324, 316.487976074, 316.905944824, 317.323883057, 317.730255127, 318.13659668, 318.542938232, 318.949279785, 319.355651855, 319.761993408, 320.168334961, 320.586303711, 320.992645264, 321.433837891], "danceability": 1.19077277184, "bpm_histogram_second_peak_spread": {"dvar": 0, "var": 0, "median": 0.0329341292381, "max": 0.0329341292381, "dmean": 0, "dmean2": 0, "mean": 0.0329341292381, "dvar2": 0, "min": 0.0329341292381}}, "lowlevel": {"spectral_flux": {"dvar": 0.002291418612, "var": 0.0039875106886, "median": 0.0423567332327, "max": 0.499449878931, "dmean": 0.0284044798464, "dmean2": 0.0451646596193, "mean": 0.0637240707874, "dvar2": 0.00517588853836, "min": 6.48380654722e-11}, "spectral_rolloff": {"dvar": 257714.421875, "var": 3588428.5, "median": 452.197265625, "max": 19853.6132812, "dmean": 144.994827271, "dmean2": 257.043273926, "mean": 824.350402832, "dvar2": 671145.6875, "min": 43.06640625}, "barkbands_flatness_db": {"dvar": 0.000815151026472, "var": 0.00439472217113, "median": 0.232421606779, "max": 0.464868873358, "dmean": 0.0252768602222, "dmean2": 0.0366031266749, "mean": 0.233478292823, "dvar2": 0.00185512087774, "min": 0.0269429441541}, "spectral_centroid": {"dvar": 40739.0039062, "var": 853136.75, "median": 531.874389648, "max": 11829.953125, "dmean": 88.5869522095, "dmean2": 136.567886353, "mean": 736.016845703, "dvar2": 92544.875, "min": 152.841598511}, "melbands_skewness": {"dvar": 0.640947461128, "var": 4.30437850952, "median": 2.44282197952, "max": 19.1939201355, "dmean": 0.630131065845, "dmean2": 0.931900203228, "mean": 2.75423955917, "dvar2": 1.41589713097, "min": -7.46728038788}, "melbands": {"dvar": [7.4814313848e-05, 2.09190384339e-05, 7.40098130336e-07, 3.05098353692e-07, 1.465017192e-07, 1.94445618718e-07, 3.7587548718e-07, 1.6080875298e-07, 1.06618287532e-07, 4.04931626008e-07, 1.32538716002e-07, 4.1196480538e-07, 1.27273295902e-07, 3.03649017042e-08, 6.06736438868e-09, 7.25501436705e-09, 1.78933046158e-09, 4.69727923225e-10, 2.69507111073e-10, 2.913299324e-10, 1.24839860671e-10, 2.31795610484e-10, 8.20421369729e-11, 2.99358766942e-11, 1.80799143018e-11, 1.20529896827e-11, 7.76972583494e-12, 4.05017209007e-12, 8.44089294988e-12, 1.75350337549e-12, 9.00140097009e-13, 1.20971125912e-12, 9.14034256269e-13, 4.00096974865e-13, 4.21543469619e-13, 1.19155488428e-12, 7.57536503145e-13, 8.79263635099e-14, 1.52119622779e-13, 1.2278496091e-13], "var": [0.00013774013496, 2.22916787607e-05, 8.78882076449e-07, 7.29774797037e-07, 6.09884239111e-07, 7.29576925096e-07, 9.8777400126e-07, 8.67321034548e-07, 1.03878880964e-06, 2.1585117338e-06, 6.44742783606e-07, 1.08006588562e-06, 3.31762748829e-07, 6.91714916456e-08, 1.22031034167e-08, 1.74890182336e-08, 5.98847549327e-09, 1.44700951221e-09, 6.95682567109e-10, 8.50031212085e-10, 2.19806964297e-10, 4.26362029016e-10, 1.34269206864e-10, 4.03657489378e-11, 2.03359499379e-11, 2.19115073308e-11, 1.25937897263e-11, 5.60402245442e-12, 1.37340321407e-11, 3.01486049667e-12, 1.11878063237e-12, 1.39190026692e-12, 8.90537535207e-13, 3.84505063422e-13, 3.67468127324e-13, 9.51367348616e-13, 6.43574332281e-13, 1.05090286787e-13, 1.46437563139e-13, 1.15370956061e-13], "median": [0.00566307362169, 0.00223809480667, 0.000627325614914, 0.000439350958914, 0.000243034242885, 0.000144490535604, 0.000110568369564, 0.000138815245009, 7.25172212697e-05, 4.96352695336e-05, 3.46927627106e-05, 2.89081835945e-05, 3.10407776851e-05, 1.27305465867e-05, 9.44742532738e-06, 6.54329778627e-06, 4.09678523283e-06, 4.38273582404e-06, 3.74244018531e-06, 2.72309694083e-06, 1.4081728068e-06, 9.96829271571e-07, 5.66999119656e-07, 2.98612405913e-07, 2.34857225223e-07, 1.59584629955e-07, 1.20194243891e-07, 1.04454016991e-07, 6.63062564854e-08, 5.21079073224e-08, 5.33436690375e-08, 7.08199507926e-08, 7.29916536102e-08, 5.23085361692e-08, 3.74823940774e-08, 3.62140255561e-08, 2.26365965972e-08, 1.98573388843e-08, 1.9225097958e-08, 1.82317254627e-08], "max": [0.126010492444, 0.0666029602289, 0.0236496925354, 0.0202104784548, 0.0139282355085, 0.0264442190528, 0.0309096053243, 0.0164035018533, 0.00991319306195, 0.0149496989325, 0.0146222030744, 0.0300099663436, 0.0192914698273, 0.0117832850665, 0.00575204519555, 0.00811293907464, 0.00207746285014, 0.000590995245147, 0.00053849152755, 0.000452071457403, 0.000436148984591, 0.00089250568999, 0.000422365381382, 0.000176542424015, 8.7117034127e-05, 0.000190391088836, 0.000108141539386, 9.09619702725e-05, 0.000166513025761, 9.17012075661e-05, 3.53629875463e-05, 3.62782229786e-05, 5.27861557202e-05, 1.83646898222e-05, 1.33667763293e-05, 3.72318863811e-05, 6.88233121764e-05, 5.77739865548e-06, 6.86042903908e-06, 4.84325755679e-06], "dmean": [0.00331495655701, 0.00167760998011, 0.000376833835617, 0.000256221101154, 0.000162829441251, 0.000134740039357, 0.000144171877764, 0.000151355474372, 0.000111504967208, 0.000139171781484, 6.85305421939e-05, 7.15487039997e-05, 6.01767715125e-05, 2.92728909699e-05, 1.86972574738e-05, 1.5400673874e-05, 1.09099219117e-05, 7.42926795283e-06, 5.99753138886e-06, 6.28116231383e-06, 3.4867271097e-06, 3.31220508087e-06, 2.43631416197e-06, 1.34341121338e-06, 1.1290094335e-06, 7.77535319685e-07, 6.43679641144e-07, 4.96995596677e-07, 4.18942391889e-07, 2.98159818612e-07, 2.37557870264e-07, 3.11377107209e-07, 2.45224981654e-07, 1.89364428138e-07, 2.40657413997e-07, 3.66681973674e-07, 1.98777897253e-07, 1.27018154217e-07, 1.37235360853e-07, 1.33330772201e-07], "dmean2": [0.00490692257881, 0.00271503184922, 0.000617568497546, 0.000407254294259, 0.000243915477768, 0.000206587545108, 0.000199830668862, 0.000226972420933, 0.000154569774168, 0.000187119221664, 9.38581142691e-05, 0.000110235814645, 9.1233967396e-05, 4.41298107035e-05, 2.86096146738e-05, 2.26435495279e-05, 1.59511546372e-05, 1.07544710772e-05, 8.78737318999e-06, 9.01580460777e-06, 5.34310311195e-06, 5.21627362104e-06, 3.89488968722e-06, 2.0633206077e-06, 1.72816874056e-06, 1.14715874133e-06, 9.68631638898e-07, 7.92426931184e-07, 6.41331382667e-07, 4.40730104856e-07, 3.65057417184e-07, 4.82129166812e-07, 3.91881513906e-07, 3.14732801598e-07, 4.18329335616e-07, 6.27678275578e-07, 3.177435417e-07, 1.95261719682e-07, 2.12794020626e-07, 2.14215589267e-07], "mean": [0.00917589757591, 0.00350925722159, 0.000871693075169, 0.000648000859655, 0.000464025099063, 0.00037125532981, 0.000388516345993, 0.000461885792902, 0.000460467796074, 0.000449257728178, 0.00018737357459, 0.000170719911694, 0.000132130458951, 6.28700508969e-05, 3.82966172765e-05, 3.2610794733e-05, 2.41881989496e-05, 1.70425209944e-05, 1.3064031009e-05, 1.29662175823e-05, 6.16126317254e-06, 5.16264344697e-06, 3.22912023876e-06, 1.75143725301e-06, 1.3847899254e-06, 1.1322000546e-06, 8.89081263722e-07, 6.5026148377e-07, 5.49926767235e-07, 3.9795105522e-07, 2.98410810728e-07, 3.61926879577e-07, 2.84556080032e-07, 2.15722792518e-07, 2.23970374691e-07, 3.11491703542e-07, 1.89926410599e-07, 1.39431250545e-07, 1.40751666322e-07, 1.41118775332e-07], "dvar2": [0.000175960551132, 5.61929373362e-05, 2.0490604129e-06, 7.58263695388e-07, 3.00598230751e-07, 3.79850007448e-07, 7.13366887339e-07, 3.24162073184e-07, 2.02493197321e-07, 7.79767049153e-07, 2.29119606843e-07, 9.89999762169e-07, 2.99887773281e-07, 7.19774035929e-08, 1.43307374856e-08, 1.26290373714e-08, 3.41904837775e-09, 8.96875296252e-10, 5.67285163289e-10, 5.71977298858e-10, 2.93621738034e-10, 5.17459408655e-10, 1.94179561319e-10, 7.00333124826e-11, 4.26013738175e-11, 2.57374295487e-11, 1.74944642106e-11, 9.30121778209e-12, 1.78405953205e-11, 3.66296229459e-12, 2.09585170399e-12, 2.9428334769e-12, 2.33669984404e-12, 1.10894626815e-12, 1.17462268211e-12, 3.22847456234e-12, 1.90148027532e-12, 2.00059397217e-13, 3.77398985544e-13, 3.15854872639e-13], "min": [6.54259146685e-25, 1.00561700501e-24, 1.7527712286e-24, 1.27614285017e-24, 1.20175602782e-24, 2.70721482669e-24, 2.98450692905e-24, 1.64597563368e-24, 2.75756249346e-24, 2.78998073236e-24, 2.76633442951e-24, 2.71500265876e-24, 2.53047803505e-24, 3.73953832322e-24, 4.01045642946e-24, 3.34827041397e-24, 2.49754131732e-24, 3.42910932967e-24, 4.35430393754e-24, 3.21315017661e-24, 3.80274895869e-24, 4.41085106495e-24, 4.77412387839e-24, 4.79091044402e-24, 5.73673652558e-24, 6.51807248662e-24, 6.11585518802e-24, 6.57667065239e-24, 5.13038647939e-24, 6.92752166758e-24, 3.80209302085e-24, 5.12314434185e-24, 5.17829124115e-24, 4.53544415075e-24, 4.42746763106e-24, 5.25126876349e-24, 6.71696049248e-24, 6.41043596598e-24, 7.02393466969e-24, 5.56623134066e-24]}, "spectral_decrease": {"dvar": 5.79030862475e-17, "var": 1.34311036596e-16, "median": -1.03619175462e-08, "max": 1.31193721251e-13, "dmean": 3.62804364329e-09, "dmean2": 5.26906518417e-09, "mean": -1.33507152e-08, "dvar2": 1.24475197368e-16, "min": -1.07968084251e-07}, "barkbands_kurtosis": {"dvar": 240.131378174, "var": 453.263946533, "median": 5.028465271, "max": 484.631347656, "dmean": 6.03879356384, "dmean2": 9.0802488327, "mean": 11.8691539764, "dvar2": 545.850769043, "min": -1.83693242073}, "silence_rate_30dB": {"dvar": 0.0544971264899, "var": 0.0906973853707, "median": 1, "max": 1, "dmean": 0.0578351467848, "dmean2": 0.11567863822, "mean": 0.899120271206, "dvar2": 0.11182411015, "min": 0}, "gfcc": {"mean": [-65.181930542, 140.14906311, -78.5187149048, 8.55635166168, -37.9216804504, 19.720872879, -24.4034194946, 10.0380897522, -8.83177661896, 5.61639213562, -12.7352705002, 3.01681995392, -6.34724283218], "cov": [[16370.6396484, 3520.4765625, -551.489013672, -773.213439941, -363.048095703, 174.202148438, -139.768341064, 336.388977051, -152.735473633, -72.1255493164, 202.948120117, 422.251495361, -268.589752197], [3520.4765625, 3604.91162109, -366.208190918, -700.541381836, 294.007110596, -224.801620483, 337.606842041, -144.611831665, 310.484985352, -238.285369873, 271.82043457, 3.01265120506, 111.696083069], [-551.489013672, -366.208190918, 687.312683105, 45.6563568115, -79.251335144, 155.139923096, -37.6950645447, 64.0851211548, -47.5577659607, 14.4692735672, 2.50586748123, 115.974090576, -32.8766555786], [-773.213439941, -700.541381836, 45.6563568115, 367.244293213, -55.9383049011, 1.40479135513, -14.161564827, -32.5667686462, -66.4479980469, 37.7039451599, 4.23639297485, -3.38849544525, 22.9683246613], [-363.048095703, 294.007110596, -79.251335144, -55.9383049011, 225.570159912, -42.4982528687, 62.8625259399, -30.3594303131, 81.9625244141, -0.842998325825, 17.3849925995, -37.0468559265, 40.0641403198], [174.202148438, -224.801620483, 155.139923096, 1.40479135513, -42.4982528687, 168.910171509, -31.9039611816, 39.187625885, -28.3419265747, 11.4607381821, -6.99399089813, 28.7063922882, -3.52432489395], [-139.768341064, 337.606842041, -37.6950645447, -14.161564827, 62.8625259399, -31.9039611816, 216.568267822, -8.86141204834, 21.7009963989, -52.3746948242, 37.965549469, 7.01877117157, 50.0108985901], [336.388977051, -144.611831665, 64.0851211548, -32.5667686462, -30.3594303131, 39.187625885, -8.86141204834, 151.744171143, 8.21737861633, -7.66350460052, -24.2901268005, 0.818753182888, -30.549118042], [-152.735473633, 310.484985352, -47.5577659607, -66.4479980469, 81.9625244141, -28.3419265747, 21.7009963989, 8.21737861633, 180.095932007, 21.2895908356, 14.9390125275, -53.0851211548, 20.5605716705], [-72.1255493164, -238.285369873, 14.4692735672, 37.7039451599, -0.842998325825, 11.4607381821, -52.3746948242, -7.66350460052, 21.2895908356, 133.752212524, -7.51178121567, 3.07032322884, -15.7202730179], [202.948120117, 271.82043457, 2.50586748123, 4.23639297485, 17.3849925995, -6.99399089813, 37.965549469, -24.2901268005, 14.9390125275, -7.51178121567, 161.031326294, 30.2779216766, 28.9638328552], [422.251495361, 3.01265120506, 115.974090576, -3.38849544525, -37.0468559265, 28.7063922882, 7.01877117157, 0.818753182888, -53.0851211548, 3.07032322884, 30.2779216766, 153.753189087, -4.11988449097], [-268.589752197, 111.696083069, -32.8766555786, 22.9683246613, 40.0641403198, -3.52432489395, 50.0108985901, -30.549118042, 20.5605716705, -15.7202730179, 28.9638328552, -4.11988449097, 130.418304443]], "icov": [[0.000240335590206, -0.000605698907748, 0.000409519183449, -0.000557284743991, 0.00030312142917, -0.000712976383511, 0.000543299131095, -0.00107250350993, 0.000726614205632, -0.000664768158458, 0.00031854439294, -0.000571223150473, 0.000359672209015], [-0.000605698907748, 0.00256633386016, -0.000911121838726, 0.00312739727087, -0.000724194745999, 0.00242269644514, -0.00209506019019, 0.00373301585205, -0.00296539627016, 0.00286345626228, -0.00202303356491, 0.00110981287435, -0.00096304906765], [0.000409519183449, -0.000911121838726, 0.0028502130881, -0.0011555586243, 0.000602265412454, -0.00279285456054, 0.000919675920159, -0.00211836071685, 0.000738864182495, -0.000816810352262, 0.000448511040304, -0.00243521481752, 0.00104488956276], [-0.000557284743991, 0.00312739727087, -0.0011555586243, 0.00756477518007, 0.000113149129902, 0.00320783397183, -0.00267556426115, 0.00469688978046, -0.00205581728369, 0.00209655798972, -0.00298952776939, 0.00181717588566, -0.00197343970649], [0.00030312142917, -0.000724194745999, 0.000602265412454, 0.000113149129902, 0.00666305981576, -0.000310847244691, -0.000700211094227, -0.000278680206975, -0.00109295547009, -0.00131469243206, 0.00035744116758, -9.10917970032e-06, -0.000541487068404], [-0.000712976383511, 0.00242269644514, -0.00279285456054, 0.00320783397183, -0.000310847244691, 0.0107403844595, -0.00130456720944, 0.00225718412548, -0.00175315048546, 0.00188093085308, -0.00170690019149, 0.00168254121672, -0.00246218033135], [0.000543299131095, -0.00209506019019, 0.000919675920159, -0.00267556426115, -0.000700211094227, -0.00130456720944, 0.00792244728655, -0.0036224022042, 0.00211230339482, -0.000109533684736, 0.000792325008661, -0.00191376649309, -0.000673033529893], [-0.00107250350993, 0.00373301585205, -0.00211836071685, 0.00469688978046, -0.000278680206975, 0.00225718412548, -0.0036224022042, 0.013830001466, -0.00558306369931, 0.00488509749994, -0.00167965935543, 0.00248045288026, -7.14802445145e-05], [0.000726614205632, -0.00296539627016, 0.000738864182495, -0.00205581728369, -0.00109295547009, -0.00175315048546, 0.00211230339482, -0.00558306369931, 0.0119344126433, -0.00560942618176, 0.00119594659191, 0.00145366741344, -2.22528669838e-05], [-0.000664768158458, 0.00286345626228, -0.000816810352262, 0.00209655798972, -0.00131469243206, 0.00188093085308, -0.000109533684736, 0.00488509749994, -0.00560942618176, 0.0125780543312, -0.0019470450934, -5.95617784711e-05, 7.53814747441e-05], [0.00031854439294, -0.00202303356491, 0.000448511040304, -0.00298952776939, 0.00035744116758, -0.00170690019149, 0.000792325008661, -0.00167965935543, 0.00119594659191, -0.0019470450934, 0.00900997780263, -0.00219281436875, -0.000318479927955], [-0.000571223150473, 0.00110981287435, -0.00243521481752, 0.00181717588566, -9.10917970032e-06, 0.00168254121672, -0.00191376649309, 0.00248045288026, 0.00145366741344, -5.95617784711e-05, -0.00219281436875, 0.0105907497928, -0.00111246353481], [0.000359672209015, -0.00096304906765, 0.00104488956276, -0.00197343970649, -0.000541487068404, -0.00246218033135, -0.000673033529893, -7.14802445145e-05, -2.22528669838e-05, 7.53814747441e-05, -0.000318479927955, -0.00111246353481, 0.0102334404364]]}, "silence_rate_20dB": {"dvar": 0, "var": 0, "median": 1, "max": 1, "dmean": 0, "dmean2": 0, "mean": 1, "dvar2": 0, "min": 1}, "barkbands_skewness": {"dvar": 0.646525204182, "var": 3.74905085564, "median": 1.8682115078, "max": 19.8198375702, "dmean": 0.589034795761, "dmean2": 0.859734892845, "mean": 2.15752363205, "dvar2": 1.37868762016, "min": -6.98401927948}, "erbbands_skewness": {"dvar": 0.134081885219, "var": 0.590835690498, "median": 0.605964422226, "max": 6.1710524559, "dmean": 0.3299947083, "dmean2": 0.488477528095, "mean": 0.604142606258, "dvar2": 0.299023240805, "min": -9.48753833771}, "spectral_contrast_valleys": {"dvar": [0.0753564685583, 0.0865155830979, 0.101907469332, 0.141408860683, 0.164626136422, 0.249687790871], "var": [3.98298072815, 3.47815585136, 3.167532444, 2.74376583099, 2.10761618614, 2.07507920265], "median": [-6.23556756973, -6.67244720459, -7.45417404175, -8.5059928894, -9.09276390076, -11.4182929993], "max": [-4.79634809494, -4.78130674362, -5.27593898773, -5.8090429306, -6.24922370911, -8.54061222076], "dmean": [0.252382040024, 0.297636926174, 0.298182249069, 0.310840010643, 0.29056417942, 0.454759925604], "dmean2": [0.40628862381, 0.488510876894, 0.488540053368, 0.499378293753, 0.445436924696, 0.569669604301], "mean": [-6.6699090004, -7.01781368256, -7.75539922714, -8.75479888916, -9.16823005676, -11.4798307419], "dvar2": [0.17404872179, 0.202337905765, 0.228300780058, 0.297674387693, 0.338946908712, 0.473173081875], "min": [-28.1057815552, -27.8271980286, -28.0743675232, -27.6856918335, -27.4645614624, -27.3847026825]}, "spectral_strongpeak": {"dvar": 0.615226566792, "var": 2.06644439697, "median": 0.344848632812, "max": 13.8608760834, "dmean": 0.308865219355, "dmean2": 0.507746696472, "mean": 0.89849793911, "dvar2": 1.3204293251, "min": 0}, "erbbands_crest": {"dvar": 5.63830375671, "var": 49.4006195068, "median": 10.8969573975, "max": 33.2992248535, "dmean": 2.16476821899, "dmean2": 3.31786298752, "mean": 12.9380111694, "dvar2": 12.8291006088, "min": 2.22477626801}, "barkbands_crest": {"dvar": 5.63366174698, "var": 22.662525177, "median": 14.0195732117, "max": 26.5294837952, "dmean": 1.98766970634, "dmean2": 3.07852387428, "mean": 14.3021888733, "dvar2": 14.2646884918, "min": 2.02529811859}, "spectral_energyband_middle_low": {"dvar": 4.67838654004e-05, "var": 0.000222833026783, "median": 0.00889764539897, "max": 0.20861184597, "dmean": 0.00341615034267, "dmean2": 0.00493062101305, "mean": 0.0140756545588, "dvar2": 9.1239453468e-05, "min": 1.91409348882e-22}, "spectral_contrast_coeffs": {"dvar": [0.00106404919643, 0.00098790472839, 0.000940794998314, 0.000624462612905, 0.000342814688338, 0.000275854632491], "var": [0.00404460076243, 0.0068016750738, 0.00677191559225, 0.00436269445345, 0.002281478839, 0.00191387545783], "median": [-0.732054531574, -0.700625181198, -0.747422337532, -0.758881509304, -0.81081533432, -0.807321488857], "max": [-0.433437228203, -0.390626728535, -0.412738204002, -0.495096623898, -0.573026180267, -0.580155074596], "dmean": [0.0356795154512, 0.0365345291793, 0.0335184819996, 0.027623269707, 0.019396096468, 0.0172412712127], "dmean2": [0.0580292530358, 0.0593314506114, 0.0540336892009, 0.0443164631724, 0.0309077892452, 0.0272047966719], "mean": [-0.726620018482, -0.700018823147, -0.737948954105, -0.753295779228, -0.804152607918, -0.800941884518], "dvar2": [0.00288723222911, 0.00246795197017, 0.0022490338888, 0.00143863458652, 0.000755998597015, 0.000641485210508], "min": [-0.975277483463, -0.977789819241, -0.985919117928, -0.995751440525, -0.966834723949, -0.965793669224]}, "hfc": {"dvar": 83.6017227173, "var": 216.458602905, "median": 8.27890491486, "max": 172.43107605, "dmean": 4.0497546196, "dmean2": 5.79979562759, "mean": 13.4407806396, "dvar2": 188.427780151, "min": 1.02684216009e-16}, "spectral_energyband_high": {"dvar": 1.29083858269e-07, "var": 1.18840326024e-07, "median": 2.75747952401e-05, "max": 0.00499773630872, "dmean": 0.000115505266876, "dmean2": 0.000182644711458, "mean": 0.000120265918667, "dvar2": 3.28884596001e-07, "min": 7.07209858488e-21}, "erbbands_spread": {"dvar": 47.1738090515, "var": 187.049560547, "median": 20.5112018585, "max": 128.708206177, "dmean": 4.8