{"tonal": {"chords_number_rate": 0.00115446781274, "thpcp": [1, 0.588106632233, 0.285231620073, 0.328509360552, 0.232004493475, 0.199473202229, 0.262037366629, 0.261273771524, 0.490763902664, 0.687566995621, 0.414132118225, 0.228949069977, 0.271356403828, 0.247468978167, 0.547235488892, 0.997280538082, 0.778666615486, 0.362745016813, 0.23396538198, 0.162773415446, 0.324325710535, 0.523461580276, 0.459863573313, 0.521826148033, 0.583635210991, 0.343414694071, 0.245869234204, 0.281499445438, 0.219688251615, 0.342657417059, 0.497430503368, 0.32795804739, 0.186696901917, 0.2101790905, 0.247126773, 0.664888560772], "hpcp": {"dvar": [0.0474243499339, 0.0300904233009, 0.0276535563171, 0.0307395458221, 0.0238089263439, 0.0213751029223, 0.0270606484264, 0.0290705040097, 0.0308147724718, 0.0414085499942, 0.0276843905449, 0.0249046646059, 0.0289438981563, 0.0302185900509, 0.0339698195457, 0.050465028733, 0.0444010719657, 0.0358765721321, 0.0251451432705, 0.0189385153353, 0.026059050113, 0.0354663170874, 0.0333325788379, 0.0526841022074, 0.0530087128282, 0.0354061275721, 0.0271146502346, 0.028723532334, 0.0207742322236, 0.0239103771746, 0.0348488129675, 0.0269499327987, 0.0236469265074, 0.0266510043293, 0.0285988897085, 0.0323937572539], "mean": [0.369093000889, 0.217066034675, 0.105276994407, 0.121250502765, 0.085631236434, 0.073624163866, 0.096716158092, 0.0964343175292, 0.181137517095, 0.253776162863, 0.152853265405, 0.0845035016537, 0.100155748427, 0.0913390666246, 0.201980784535, 0.368089258671, 0.287400394678, 0.133886650205, 0.0863549858332, 0.0600785277784, 0.119706347585, 0.193206012249, 0.169732421637, 0.19260238111, 0.215415671468, 0.126751959324, 0.0907486155629, 0.103899478912, 0.0810853987932, 0.126472458243, 0.18359811604, 0.121047019958, 0.0689085200429, 0.0775756314397, 0.0912127643824, 0.245405718684], "min": [0, 0, 0, 0, 0, 0, 0, 0, 0, 0, 0, 0, 0, 0, 0, 0, 0, 0, 0, 0, 0, 0, 0, 0, 0, 0, 0, 0, 0, 0, 0, 0, 0, 0, 0, 0], "median": [0.227276802063, 0.131483331323, 0.0324744842947, 0.021426839754, 0.01739166677, 0.0213597677648, 0.0225429534912, 0.0314322263002, 0.0763589739799, 0.0908844396472, 0.0575130581856, 0.0290697216988, 0.030421718955, 0.0300585255027, 0.112721666694, 0.215809613466, 0.161365941167, 0.0455265566707, 0.0174880586565, 0.0135611621663, 0.0479077324271, 0.0791150256991, 0.0748856142163, 0.0611893311143, 0.0539348311722, 0.0319046899676, 0.0278436504304, 0.0281298272312, 0.0261966083199, 0.0470315329731, 0.0590544864535, 0.0371758341789, 0.0160416811705, 0.0159737057984, 0.0263910479844, 0.139293253422], "dvar2": [0.111672654748, 0.0776235386729, 0.0762733370066, 0.0808349177241, 0.0649517476559, 0.0583534911275, 0.068065777421, 0.0773768350482, 0.0799515768886, 0.0953605398536, 0.0720693469048, 0.0690565034747, 0.0778413936496, 0.0844340473413, 0.0926043912768, 0.121995255351, 0.114655464888, 0.0982661172748, 0.0679527893662, 0.0534543693066, 0.071412332356, 0.0884926989675, 0.0874085649848, 0.144960954785, 0.135696232319, 0.0936601683497, 0.0719877108932, 0.0732995867729, 0.0561067871749, 0.0634184330702, 0.081022568047, 0.0710011795163, 0.0649612024426, 0.0682171806693, 0.0772749185562, 0.0835913494229], "var": [0.129314810038, 0.051109187305, 0.0310523863882, 0.0594224892557, 0.0295607484877, 0.0204794202, 0.035923011601, 0.0300979875028, 0.0545250065625, 0.107980825007, 0.0430048331618, 0.0233358833939, 0.0323015525937, 0.027666894719, 0.0503391250968, 0.127959057689, 0.0887975692749, 0.0430027060211, 0.0355826318264, 0.0173792429268, 0.0319114513695, 0.0687680020928, 0.051080044359, 0.0736609399319, 0.0980070605874, 0.0444896034896, 0.0274764802307, 0.0377279631793, 0.0222716927528, 0.0354119464755, 0.0746790841222, 0.0375548563898, 0.021514987573, 0.0285996161401, 0.0274495892227, 0.0670490860939], "dmean2": [0.273314476013, 0.221021011472, 0.166482821107, 0.154538750648, 0.135050520301, 0.12580858171, 0.140266031027, 0.157952338457, 0.199405118823, 0.213396325707, 0.182365119457, 0.144350633025, 0.157606348395, 0.169078066945, 0.238454580307, 0.29243272543, 0.290742903948, 0.214825987816, 0.136565044522, 0.113396815956, 0.164306998253, 0.209219768643, 0.216542094946, 0.278709203005, 0.263437479734, 0.189712062478, 0.14871904254, 0.151128351688, 0.131443202496, 0.159775406122, 0.187359720469, 0.159124836326, 0.128739446402, 0.139075428247, 0.167930439115, 0.233055308461], "max": [1, 1, 1, 1, 1, 1, 1, 1, 1, 1, 1, 1, 1, 1, 1, 1, 1, 1, 1, 1, 1, 1, 1, 1, 1, 1, 1, 1, 1, 1, 1, 1, 1, 1, 1, 1], "dmean": [0.162482097745, 0.130883455276, 0.0939716175199, 0.0873453840613, 0.0754328891635, 0.0714792460203, 0.0816314890981, 0.0900957807899, 0.116946853697, 0.127392694354, 0.106910347939, 0.0813000947237, 0.0893431976438, 0.0944878235459, 0.139775007963, 0.173985853791, 0.172062978148, 0.12336140126, 0.0764972642064, 0.0633608922362, 0.094803288579, 0.123994037509, 0.125598311424, 0.157201126218, 0.150106653571, 0.109383113682, 0.0853598192334, 0.0873793959618, 0.0749598965049, 0.0925704091787, 0.111816592515, 0.0930246263742, 0.0725957527757, 0.0787925869226, 0.0942554920912, 0.137808859348]}, "key_strength": 0.718164741993, "chords_strength": {"dvar": 0.000279120606137, "mean": 0.507282853127, "min": -1, "median": 0.517804980278, "dvar2": 0.00049713725457, "var": 0.015768930316, "dmean2": 0.00794246140867, "max": 0.759840786457, "dmean": 0.00906860176474}, "tuning_equal_tempered_deviation": 0.00280616548844, "chords_key": "D", "tuning_frequency": 440.763122559, "chords_scale": "minor", "chords_changes_rate": 0.0484876483679, "key_scale": "minor", "tuning_diatonic_strength": 0.502083599567, "hpcp_entropy": {"dvar": 0.238591179252, "mean": 1.84981358051, "min": 0, "median": 1.86896061897, "dvar2": 0.638062179089, "var": 0.485129237175, "dmean2": 0.915552079678, "max": 4.44886779785, "dmean": 0.54294860363}, "chords_histogram": [35.2112693787, 8.25444507599, 8.7277765274, 8.9355802536, 0.71577000618, 2.00877404213, 0.33479565382, 16.0932807922, 0.507965803146, 2.67836523056, 1.72015702724, 0.64650195837, 0.0115446783602, 0, 0, 0, 0.0115446783602, 0, 0.207804203033, 0.0577233880758, 0.992842316628, 2.30893564224, 0.969752967358, 9.60517215729], "tuning_nontempered_energy_ratio": 0.647819638252, "key_key": "D"}, "metadata": {"version": {"extractor": "music 1.0", "essentia_build_sha": "70f2e5ece6736b2c40cc944ad0e695b16b925413", "essentia": "2.1-beta2", "essentia_git_sha": "v2.1_beta2"}, "audio_properties": {"sample_rate": 44100, "length": 402.181213379, "lossless": false, "analysis_sample_rate": 44100, "downmix": "mix", "bit_rate": 160000, "equal_loudness": 0, "md5_encoded": "0c579e62bbeacac669aa6eca3da9a2f9", "codec": "mp3", "replay_gain": -6.77537536621}, "tags": {"genre": ["Rock"], "catalognumber": ["42013"], "musicbrainz_recordingid": ["d3e5f959-08d0-487b-8764-e14a46e72b13"], "title": ["Papa's Home"], "artist": ["Widespread Panic"], "discnumber": ["1/1"], "artistsort": ["Widespread Panic"], "originaldate": ["1993"], "musicbrainz_artistid": ["3797a6d0-7700-44bf-96fb-f44386bc9ab2"], "tracknumber": ["4/11"], "musicbrainz_albumartistid": ["3797a6d0-7700-44bf-96fb-f44386bc9ab2"], "musicbrainz album status": ["official"], "date": ["1993"], "encoding": ["Audiograbber 1.83.01, LAME dll 3.97, 160 Kbit/s, Joint Stereo, Normal quality"], "albumartistsort": ["Widespread Panic"], "musicbrainz_releasegroupid": ["6cf4739d-4deb-3692-ab37-3ff03ea88d98"], "media": ["CD"], "musicbrainz album release country": ["US"], "label": ["Capricorn Records"], "musicbrainz album type": ["album"], "asin": ["B00005ABJF"], "script": ["Latn"], "musicbrainz_albumid": ["d9786609-523d-4a8d-b891-d65fea11f9e9"], "file_name": "Papa's Home - Widespread Panic.mp3", "album": ["Everyday"], "albumartist": ["Widespread Panic"]}}, "lowlevel": {"melbands": {"dvar": [2.8493190257e-05, 3.9337133785e-05, 5.11978942086e-06, 7.61271905958e-07, 9.79251240096e-08, 1.19634634643e-07, 2.1246437143e-07, 8.21000298856e-08, 9.77046923367e-08, 6.3510285031e-08, 5.4606228872e-08, 5.09604305421e-08, 1.28606307825e-08, 1.00717212348e-08, 8.04737876337e-09, 7.49979012227e-09, 5.75524738977e-09, 3.44604189628e-09, 1.14879905588e-09, 9.29231580571e-10, 6.06060701625e-10, 1.68882630103e-09, 9.55000967195e-10, 5.01979458001e-10, 4.14437179019e-10, 2.40376052396e-10, 7.5168711533e-11, 9.31205043631e-11, 6.6793140463e-11, 4.93205129515e-11, 4.08016780085e-11, 2.96850009851e-11, 2.19680645203e-11, 1.68875538553e-11, 8.00498903275e-12, 1.15880421578e-11, 6.6974034825e-12, 8.01720235338e-12, 5.41736924417e-12, 2.11595714908e-12], "mean": [0.00152234453708, 0.00186453049537, 0.00104093516711, 0.000436281698057, 0.000291753356578, 0.00020741361368, 0.000217731343582, 0.000203271862119, 0.000278308027191, 0.000195552100195, 0.000191471117432, 0.000211891645449, 0.000103047954326, 0.000115215087135, 9.59064782364e-05, 7.74961445131e-05, 5.43414207641e-05, 4.12831759604e-05, 2.66011156782e-05, 2.62576213572e-05, 2.37767708313e-05, 3.35336189892e-05, 2.66477400146e-05, 1.89912079804e-05, 1.65372857737e-05, 1.4691884644e-05, 8.8394526756e-06, 8.72281907505e-06, 7.17900047675e-06, 6.79159484207e-06, 6.18739886704e-06, 4.35622723671e-06, 4.13494990426e-06, 4.03109288527e-06, 2.82435394183e-06, 2.30126124734e-06, 2.05132414521e-06, 1.84132079539e-06, 1.28339502226e-06, 1.11674364689e-06], "min": [1.90811904287e-24, 5.28066103057e-25, 9.46044201599e-25, 1.43073552734e-24, 1.50717999475e-24, 1.57322510607e-24, 1.48225060964e-24, 1.77032811691e-24, 1.1168574367e-24, 3.52391739427e-24, 2.72938773458e-24, 1.85846360154e-24, 3.92297569938e-24, 3.40124479034e-24, 3.18429147533e-24, 2.72310504912e-24, 3.00142089572e-24, 2.95977456195e-24, 3.76907366994e-24, 3.71506115262e-24, 3.33527235284e-24, 3.21174699027e-24, 4.65400678936e-24, 2.45777148643e-24, 4.94141129967e-24, 4.17053326764e-24, 5.44101268816e-24, 4.03273425586e-24, 4.6075436709e-24, 4.91831621338e-24, 5.89127437691e-24, 5.33034496949e-24, 5.72028601469e-24, 5.22529196831e-24, 4.41030201776e-24, 5.7223701852e-24, 6.82830663153e-24, 6.53090488697e-24, 5.87602845663e-24, 6.45177937716e-24], "median": [0.000428283645306, 0.000772890052758, 0.000516579370014, 0.0002238455927, 0.000155062909471, 8.94529584912e-05, 7.32143089408e-05, 8.37076004245e-05, 0.000104728016595, 5.2776071243e-05, 7.06730643287e-05, 7.82432034612e-05, 4.32184169767e-05, 5.73185825488e-05, 4.5028009481e-05, 3.39061225532e-05, 2.10122070712e-05, 1.69583563547e-05, 1.21869697978e-05, 1.09760967462e-05, 9.03596628632e-06, 1.03444363049e-05, 7.79409674578e-06, 4.28911789641e-06, 4.46607236881e-06, 4.24529525844e-06, 2.86082922685e-06, 2.92475897368e-06, 2.35506126955e-06, 2.57071815213e-06, 2.42551254814e-06, 1.60751926614e-06, 1.38301106745e-06, 1.32769912398e-06, 1.19216520034e-06, 9.57514885158e-07, 8.4897465058e-07, 6.41004135105e-07, 4.81350980408e-07, 3.69193571714e-07], "dvar2": [7.51686166041e-05, 0.000111913293949, 1.40687852763e-05, 2.05509968509e-06, 2.48610803055e-07, 3.0514868854e-07, 5.59514376164e-07, 2.0450796967e-07, 2.1908967085e-07, 1.47245614812e-07, 1.25237889392e-07, 1.08814987243e-07, 3.03879978958e-08, 2.34107417896e-08, 1.91351876566e-08, 1.55767843069e-08, 1.28167840785e-08, 8.08599232016e-09, 2.55253995718e-09, 2.1233548253e-09, 1.42546785487e-09, 3.97298860477e-09, 2.28305419014e-09, 1.20942811321e-09, 1.03945185792e-09, 5.85121062713e-10, 1.87198340162e-10, 2.47655201902e-10, 1.72751604688e-10, 1.28872579275e-10, 1.05193617705e-10, 7.8656400837e-11, 5.58006765794e-11, 4.16465820163e-11, 1.90306537889e-11, 2.62461701678e-11, 1.46277781554e-11, 1.89496925096e-11, 1.22191449667e-11, 4.70140463019e-12], "var": [2.1065969122e-05, 2.42702662945e-05, 3.80368101105e-06, 6.40926771212e-07, 1.90226813856e-07, 1.44914238831e-07, 2.24746059985e-07, 1.39664749099e-07, 2.78286506727e-07, 1.99565732828e-07, 1.52136038878e-07, 1.53259875901e-07, 3.16121493427e-08, 2.85057595306e-08, 2.3241979008e-08, 2.27496084193e-08, 1.54745389835e-08, 6.67911814745e-09, 2.48519782531e-09, 2.00652938709e-09, 1.41712475088e-09, 3.72801878257e-09, 2.08781947286e-09, 1.24172971905e-09, 8.9990670471e-10, 6.4762523122e-10, 1.84456103169e-10, 2.20123197447e-10, 1.32207106374e-10, 9.93590834608e-11, 8.61408028241e-11, 5.54499363092e-11, 4.63866618727e-11, 4.06371533646e-11, 2.01810408662e-11, 2.2428659624e-11, 1.42549652637e-11, 1.44427074467e-11, 9.16215887881e-12, 4.34878608818e-12], "dmean2": [0.00276470487006, 0.00334140704945, 0.00154997583013, 0.000547212723177, 0.000276704755379, 0.000239558838075, 0.000285421643639, 0.000201902119443, 0.000208607016248, 0.000142818040331, 0.000134703732328, 0.000146659367601, 8.24519302114e-05, 8.3595594333e-05, 7.19213858247e-05, 5.65586597077e-05, 4.70006634714e-05, 3.79961056751e-05, 2.30149234994e-05, 2.30135883612e-05, 1.97327153728e-05, 2.7937177947e-05, 2.34286762861e-05, 1.5866386093e-05, 1.38762252391e-05, 1.19337819342e-05, 7.27653969079e-06, 7.50512572267e-06, 6.17643718215e-06, 5.54869893676e-06, 5.0720004765e-06, 3.62981450053e-06, 3.24589245793e-06, 3.03590309159e-06, 1.96566907107e-06, 1.63343622717e-06, 1.4705274225e-06, 1.42546377901e-06, 1.00498641586e-06, 8.73131796197e-07], "max": [0.0497659891844, 0.0704735517502, 0.0343725904822, 0.0155718028545, 0.00737403519452, 0.00703797442839, 0.0083211036399, 0.0113323172554, 0.00737123098224, 0.00665929773822, 0.00782369449735, 0.00636014342308, 0.00339357974008, 0.00225527188741, 0.00203065620735, 0.00339914741926, 0.00347999879159, 0.0029235992115, 0.00160126632545, 0.000875404162798, 0.000716840382665, 0.00133543286938, 0.000842798501253, 0.000481802329887, 0.000920875696465, 0.00044164530118, 0.000205221047509, 0.000284287467366, 0.000278867752058, 0.000177797221113, 0.000189182377653, 0.000135138136102, 0.000114833630505, 8.98798316484e-05, 0.000107794847281, 0.000210076861549, 0.000154653534992, 0.000155873873155, 0.000131313601742, 4.76251043438e-05], "dmean": [0.00160674040671, 0.00184679380618, 0.000888499838766, 0.000320854975143, 0.00017203722382, 0.000145198311657, 0.000171115578269, 0.000125265709357, 0.000136364978971, 9.27363580558e-05, 9.04044427443e-05, 0.00010091016884, 5.17821245012e-05, 5.30545985384e-05, 4.56228590338e-05, 3.73367147404e-05, 2.99646944768e-05, 2.40073459281e-05, 1.46134543684e-05, 1.45048234117e-05, 1.24138459796e-05, 1.77621423063e-05, 1.46205466081e-05, 9.88552619674e-06, 8.51144159242e-06, 7.46923069528e-06, 4.49006074632e-06, 4.56739735455e-06, 3.79377911486e-06, 3.44375234818e-06, 3.12930751534e-06, 2.23180040848e-06, 2.00857971322e-06, 1.89689581021e-06, 1.23933682517e-06, 1.03933928131e-06, 9.45975443756e-07, 9.11715915208e-07, 6.52668404655e-07, 5.70341342154e-07]}, "spectral_decrease": {"dvar": 7.16584447072e-17, "mean": -6.40127062468e-09, "min": -8.29696915616e-08, "median": -4.62434668336e-09, "dvar2": 1.89167907815e-16, "var": 6.61202256607e-17, "dmean2": 5.66471269892e-09, "max": 1.25568176813e-27, "dmean": 3.43169870298e-09}, "spectral_rolloff": {"dvar": 718050.0625, "mean": 1798.546875, "min": 21.533203125, "median": 1313.52539062, "dvar2": 1500528.125, "var": 3585885.5, "dmean2": 757.522705078, "max": 19595.2148438, "dmean": 465.190704346}, "melbands_crest": {"dvar": 9.27565574646, "mean": 12.4129076004, "min": 1.65597772598, "median": 11.3811988831, "dvar2": 22.3728408813, "var": 24.3465671539, "dmean2": 4.97648048401, "max": 38.7672920227, "dmean": 3.07865142822}, "barkbands_skewness": {"dvar": 0.39756166935, "mean": 1.11462247372, "min": -2.57919073105, "median": 0.959926128387, "dvar2": 0.939873635769, "var": 1.20882415771, "dmean2": 0.712402701378, "max": 17.3908214569, "dmean": 0.459485262632}, "spectral_centroid": {"dvar": 66989.7890625, "mean": 1469.95007324, "min": 165.794631958, "median": 1273.1809082, "dvar2": 146605.765625, "var": 875959.3125, "dmean2": 324.784454346, "max": 11752.3037109, "dmean": 209.42805481}, "spectral_energyband_middle_low": {"dvar": 9.75625152932e-05, "mean": 0.00923836417496, "min": 1.63910200463e-22, "median": 0.0064705312252, "dvar2": 0.000248535478022, "var": 0.00011541369895, "dmean2": 0.0072684334591, "max": 0.123240157962, "dmean": 0.00455186143517}, "erbbands_crest": {"dvar": 5.0116891861, "mean": 9.39432525635, "min": 2.09615254402, "median": 8.33362865448, "dvar2": 11.6578369141, "var": 20.4781703949, "dmean2": 3.59034180641, "max": 30.7307357788, "dmean": 2.28424835205}, "dynamic_complexity": 3.85497426987, "spectral_energyband_low": {"dvar": 0.000880719686393, "mean": 0.0103450361639, "min": 1.64064545832e-23, "median": 0.00428742729127, "dvar2": 0.00237889168784, "var": 0.000632094277535, "dmean2": 0.0163284298033, "max": 0.283167928457, "dmean": 0.00942944642156}, "silence_rate_60dB": {"dvar": 0.0135469865054, "mean": 0.0789169818163, "min": 0, "median": 0, "dvar2": 0.030991403386, "var": 0.072686612606, "dmean2": 0.0274826791137, "max": 1, "dmean": 0.01374054607}, "erbbands_kurtosis": {"dvar": 0.91897046566, "mean": 0.673187255859, "min": -1.77170884609, "median": 0.148668885231, "dvar2": 2.07339310646, "var": 3.38822507858, "dmean2": 1.07306814194, "max": 23.918592453, "dmean": 0.699446976185}, "spectral_complexity": {"dvar": 16.54180336, "mean": 19.8932571411, "min": 0, "median": 18, "dvar2": 35.7226142883, "var": 123.126815796, "dmean2": 5.08926105499, "max": 60, "dmean": 3.30211877823}, "barkbands_crest": {"dvar": 5.91737270355, "mean": 8.16501045227, "min": 1.91921973228, "median": 7.34387254715, "dvar2": 14.975769043, "var": 12.4124116898, "dmean2": 3.6315407753, "max": 26.0270004272, "dmean": 2.21355342865}, "spectral_energy": {"dvar": 0.00106218736619, "mean": 0.0262748152018, "min": 1.0029769299e-20, "median": 0.0194178353995, "dvar2": 0.00279622687958, "var": 0.00102260685526, "dmean2": 0.0220740400255, "max": 0.319983571768, "dmean": 0.0134542807937}, "spectral_spread": {"dvar": 678814351360, "mean": 5066060.5, "min": 915306.3125, "median": 4821219, "dvar2": 1229102776320.0, "var": 8837595660290.0, "dmean2": 795656.625, "max": 42987924, "dmean": 580253.625}, "spectral_contrast_valleys": {"dvar": [0.151388302445, 0.11091580987, 0.0930758938193, 0.0976213589311, 0.113951154053, 0.16399089992], "mean": [-7.37823009491, -7.03798007965, -7.50215482712, -8.03582859039, -7.92174577713, -10.2268133163], "min": [-28.4703083038, -27.9116535187, -27.690202713, -27.7016296387, -27.5682258606, -27.4029331207], "median": [-7.07827997208, -6.8054599762, -7.25738716125, -7.79656791687, -7.57944393158, -9.77394294739], "dvar2": [0.331680834293, 0.253907263279, 0.200203076005, 0.200458794832, 0.225396633148, 0.260898351669], "var": [3.11281967163, 3.10111761093, 3.08798384666, 2.99352669716, 3.4798579216, 3.47228765488], "dmean2": [0.649763643742, 0.574033975601, 0.504321753979, 0.470019578934, 0.408663958311, 0.368841916323], "max": [-4.59925365448, -4.39316082001, -5.26184415817, -5.7799706459, -5.47917556763, -7.12867832184], "dmean": [0.406246960163, 0.358100563288, 0.322386026382, 0.307230085135, 0.27501475811, 0.290119111538]}, "spectral_rms": {"dvar": 2.85416217594e-06, "mean": 0.00447728997096, "min": 3.1281210261e-12, "median": 0.00435249693692, "dvar2": 6.96279130352e-06, "var": 5.58785177418e-06, "dmean2": 0.00144750112668, "max": 0.0176685899496, "dmean": 0.000941860897001}, "barkbands_spread": {"dvar": 42.8247337341, "mean": 25.9379081726, "min": 1.0033069849, "median": 23.3021888733, "dvar2": 98.2706756592, "var": 180.306427002, "dmean2": 8.019780159, "max": 114.900466919, "dmean": 5.22085285187}, "pitch_salience": {"dvar": 0.003611397231, "mean": 0.539342164993, "min": 0.0468564666808, "median": 0.543458819389, "dvar2": 0.00920499581844, "var": 0.0102870445698, "dmean2": 0.103726834059, "max": 0.987887084484, "dmean": 0.0638997405767}, "erbbands_skewness": {"dvar": 0.0728953555226, "mean": 0.318161308765, "min": -3.46227550507, "median": 0.288428664207, "dvar2": 0.162593260407, "var": 0.426050007343, "dmean2": 0.426894873381, "max": 3.89558649063, "dmean": 0.283253967762}, "spectral_energyband_middle_high": {"dvar": 6.47485148875e-06, "mean": 0.00673923734576, "min": 1.25610173001e-21, "median": 0.00483248010278, "dvar2": 1.4365048628e-05, "var": 3.85524981539e-05, "dmean2": 0.00256506749429, "max": 0.0546454414725, "dmean": 0.00170968123712}, "erbbands": {"dvar": [0.318429499865, 23.7793331146, 136.291564941, 147.021530151, 332.455596924, 61.5527687073, 99.4457778931, 271.097167969, 871.816589355, 740.23034668, 1479.52868652, 1694.20861816, 2144.95458984, 2602.00268555, 1134.55200195, 1666.1619873, 1501.26428223, 1287.55529785, 1016.82641602, 400.397155762, 330.215393066, 1017.41357422, 509.133087158, 467.751678467, 238.497879028, 162.520812988, 126.767669678, 110.81893158, 73.7150344849, 54.7706451416, 21.9853076935, 18.9609966278, 13.8882856369, 3.30579018593, 1.27252721786, 0.820622742176, 0.168005272746, 0.00750087574124, 2.05500291486e-05, 9.10898201312e-09], "mean": [0.156210049987, 1.30207848549, 3.55192828178, 5.68965101242, 6.50641059875, 5.87421321869, 8.72429561615, 9.37939929962, 14.3397827148, 16.6478214264, 35.3258018494, 32.2633666992, 38.5752372742, 50.5228500366, 36.0493545532, 42.5644111633, 40.7960357666, 30.4607982635, 26.1294784546, 19.0733795166, 20.3395690918, 30.6845741272, 23.3518753052, 21.0464801788, 17.0491390228, 13.3738431931, 11.5331201553, 11.0812292099, 7.65732526779, 7.49610996246, 4.7817363739, 3.45523571968, 2.43320274353, 1.36580741405, 0.76615023613, 0.341501951218, 0.112700082362, 0.0245347116143, 0.00131427205633, 5.68756877328e-05], "min": [1.1486262853e-22, 5.49592400204e-22, 1.33739262198e-21, 4.47737234769e-21, 1.59870150185e-20, 2.19444311824e-20, 4.32083544457e-20, 7.23165623205e-20, 9.70881918234e-20, 1.46428339215e-19, 1.64085323646e-19, 5.61967327918e-19, 6.61453684358e-19, 7.60906436586e-19, 1.25351105123e-18, 1.65909786809e-18, 1.60735585962e-18, 1.6205060668e-18, 2.07357966827e-18, 4.0234218023e-18, 3.84515445413e-18, 4.20516165468e-18, 5.28115157805e-18, 6.4943339555e-18, 7.60931800012e-18, 8.06661322124e-18, 8.61106267324e-18, 9.84213572657e-18, 1.26411197048e-17, 1.12145474768e-17, 9.25326171259e-18, 1.21187427403e-17, 1.07931585117e-17, 8.56289594617e-18, 6.56196093366e-18, 4.34033206576e-18, 2.43545960573e-18, 9.61016677905e-19, 2.21837303331e-19, 2.69276289175e-20], "median": [0.0333184152842, 0.448546141386, 1.42866802216, 2.74046516418, 2.95287871361, 3.15297555923, 4.29788970947, 3.82514572144, 5.06623458862, 6.64111948013, 13.7771091461, 10.5494718552, 15.2211093903, 21.0593204498, 17.8589477539, 20.8579902649, 20.530134201, 13.7353515625, 11.9856891632, 9.19394302368, 8.90428447723, 10.3159236908, 6.47298383713, 5.93953609467, 5.52934503555, 4.63743114471, 4.19380378723, 4.4964799881, 2.96195411682, 2.54032945633, 2.02528762817, 1.48512196541, 0.899658799171, 0.481003344059, 0.224359601736, 0.0502432584763, 0.00981828011572, 0.00144604290836, 6.19045022177e-05, 2.99434304907e-05], "dvar2": [0.820175290108, 66.1649780273, 393.553863525, 411.445678711, 896.573181152, 169.20413208, 247.712966919, 686.26574707, 2292.625, 1917.63256836, 3305.86279297, 4015.65673828, 4936.45361328, 5546.15820312, 2644.63085938, 3931.31787109, 3327.83764648, 2839.10913086, 2413.8190918, 877.668395996, 781.670410156, 2432.08569336, 1221.71899414, 1164.67114258, 588.120544434, 422.458892822, 327.62512207, 286.652954102, 192.005142212, 135.113372803, 49.5259437561, 40.4221916199, 31.6865119934, 7.11729764938, 2.79933166504, 1.94596874714, 0.435239881277, 0.0191665403545, 5.07753939019e-05, 2.25063274684e-08], "var": [0.247101575136, 15.1683368683, 82.6258163452, 107.456077576, 245.999832153, 75.6072616577, 212.198760986, 325.619384766, 954.255859375, 978.551757812, 4417.65136719, 5021.47119141, 6019.83105469, 7868.27685547, 3188.00976562, 4809.01806641, 4801.30029297, 3812.18139648, 2130.77734375, 950.301574707, 850.751159668, 2491.65405273, 1374.46606445, 1218.70422363, 705.06072998, 440.054656982, 287.718963623, 251.07649231, 152.418884277, 136.889556885, 59.1404762268, 42.0580749512, 26.0009346008, 6.87973594666, 2.19837546349, 0.867124974728, 0.135832026601, 0.00642808573321, 1.82290295925e-05, 9.08275854528e-09], "dmean2": [0.288800626993, 2.55963182449, 6.27299928665, 8.48978710175, 9.93061542511, 6.22189092636, 8.34519195557, 11.128736496, 18.0571975708, 18.3517208099, 26.1722106934, 23.0265312195, 26.4610004425, 33.6892318726, 26.0893821716, 30.4454345703, 29.0276641846, 23.1869411469, 22.6991405487, 15.0080451965, 14.9506063461, 23.5643177032, 16.9037742615, 15.3919334412, 12.5499601364, 10.4300851822, 8.82339096069, 8.17334365845, 5.58539819717, 5.42125511169, 3.03670406342, 2.21503186226, 1.72622966766, 0.988426804543, 0.648483157158, 0.463706761599, 0.206369385123, 0.0459811910987, 0.00247334130108, 6.38433193672e-05], "max": [5.4665389061, 45.8235054016, 159.684066772, 188.439025879, 270.365509033, 145.042434692, 264.199371338, 355.970550537, 521.975219727, 879.987182617, 889.890625, 1175.3894043, 1582.57922363, 1452.3449707, 791.432250977, 834.687255859, 1052.03051758, 1900.40563965, 1341.17199707, 674.159362793, 467.989562988, 942.903625488, 613.06048584, 943.53894043, 339.050231934, 312.830871582, 300.692169189, 307.687561035, 213.435180664, 158.87550354, 201.743942261, 294.133758545, 215.652832031, 79.5068817139, 24.5705566406, 15.4047670364, 6.36093950272, 2.09844446182, 0.0681835785508, 0.00118431495503], "dmean": [0.170738741755, 1.42381858826, 3.43962407112, 4.836769104, 5.76943159103, 3.67756056786, 5.24236917496, 6.73739242554, 10.8804273605, 11.1792459488, 17.0184783936, 14.9305419922, 17.7154121399, 23.1693725586, 16.4723453522, 19.3486995697, 18.725440979, 14.9527368546, 14.3152265549, 9.5331735611, 9.44925498962, 14.9433374405, 10.6725139618, 9.48168087006, 7.86603689194, 6.41168785095, 5.46826553345, 5.09798336029, 3.49433684349, 3.39616584778, 1.94715619087, 1.45174086094, 1.13033640385, 0.661380767822, 0.443076372147, 0.308551222086, 0.125985607505, 0.0280287005007, 0.00152056291699, 4.02631085308e-05]}, "dissonance": {"dvar": 0.000391446985304, "mean": 0.456803828478, "min": 0.159878581762, "median": 0.464897334576, "dvar2": 0.00105472409632, "var": 0.00112019455992, "dmean2": 0.0342484414577, "max": 0.500000059605, "dmean": 0.0203054528683}, "erbbands_flatness_db": {"dvar": 0.000353298411937, "mean": 0.152672335505, "min": 0.030476430431, "median": 0.1445325315, "dvar2": 0.00062290369533, "var": 0.00240728026256, "dmean2": 0.0236977897584, "max": 0.36968895793, "dmean": 0.0173179730773}, "melbands_kurtosis": {"dvar": 730.751953125, "mean": 8.99813652039, "min": -1.67059266567, "median": 3.85073590279, "dvar2": 1649.07348633, "var": 1537.00830078, "dmean2": 9.22318172455, "max": 1553.27563477, "dmean": 5.65068101883}, "melbands_spread": {"dvar": 91.4004669189, "mean": 29.637090683, "min": 0.415796071291, "median": 25.3506889343, "dvar2": 198.274536133, "var": 385.552093506, "dmean2": 10.8368635178, "max": 218.19682312, "dmean": 6.99460124969}, "melbands_skewness": {"dvar": 0.940243721008, "mean": 2.02518320084, "min": -1.48729503155, "median": 1.73498058319, "dvar2": 2.14360618591, "var": 2.68483710289, "dmean2": 1.00308930874, "max": 35.9603691101, "dmean": 0.643097758293}, "spectral_entropy": {"dvar": 0.0240445565432, "mean": 7.61248064041, "min": 5.57430839539, "median": 7.69495201111, "dvar2": 0.0458956770599, "var": 0.237545788288, "dmean2": 0.198641508818, "max": 9.82290649414, "dmean": 0.137193828821}, "zerocrossingrate": {"dvar": 0.000174839544343, "mean": 0.0717326104641, "min": 0.00537109375, "median": 0.06396484375, "dvar2": 0.000212783983443, "var": 0.00234937132336, "dmean2": 0.012110051699, "max": 0.52294921875, "dmean": 0.0102132838219}, "average_loudness": 0.771601974964, "spectral_contrast_coeffs": {"dvar": [0.00182420655619, 0.00133773486596, 0.001102903625, 0.000748895399738, 0.0003938433656, 0.000277850020211], "mean": [-0.660852372646, -0.725248038769, -0.720689058304, -0.747525155544, -0.776968300343, -0.76097869873], "min": [-0.986370146275, -0.996818423271, -0.988160967827, -0.972664475441, -0.9668623209, -0.963509380817], "median": [-0.668196797371, -0.730308651924, -0.72239780426, -0.750630319118, -0.779182314873, -0.757568955421], "dvar2": [0.00494994549081, 0.00365897733718, 0.0026111791376, 0.00177807942964, 0.000935073476285, 0.000656442716718], "var": [0.00560250831768, 0.00492980889976, 0.00512691400945, 0.00378793664277, 0.00232861074619, 0.00168495974503], "dmean2": [0.0799845904112, 0.0721039772034, 0.0607931576669, 0.0507573150098, 0.036342266947, 0.0275397021323], "max": [-0.332430064678, -0.387533515692, -0.439560979605, -0.530470013618, -0.602102518082, -0.611548960209], "dmean": [0.047817453742, 0.0436073951423, 0.0381096750498, 0.0318983122706, 0.0226325597614, 0.0172230862081]}, "barkbands_flatness_db": {"dvar": 0.000422611250542, "mean": 0.116031013429, "min": 0.019048595801, "median": 0.103676751256, "dvar2": 0.000985413673334, "var": 0.00291944039054, "dmean2": 0.028454368934, "max": 0.395570427179, "dmean": 0.0187087934464}, "silence_rate_30dB": {"dvar": 0.0419571325183, "mean": 0.964726924896, "min": 0, "median": 1, "dvar2": 0.0974855273962, "var": 0.0340287573636, "dmean2": 0.0877598151565, "max": 1, "dmean": 0.0438773743808}, "spectral_energyband_high": {"dvar": 8.81068160652e-07, "mean": 0.00117643433623, "min": 7.02004194405e-21, "median": 0.000545579998288, "dvar2": 2.02538149097e-06, "var": 2.62703133558e-06, "dmean2": 0.000659098266624, "max": 0.0260720998049, "dmean": 0.000445720361313}, "melbands_flatness_db": {"dvar": 0.000777605455369, "mean": 0.176356643438, "min": 0.00328100123443, "median": 0.164626777172, "dvar2": 0.0017941610422, "var": 0.00497076148167, "dmean2": 0.0362604372203, "max": 0.520848989487, "dmean": 0.023599639535}, "barkbands": {"dvar": [7.19573051811e-07, 0.000414145906689, 0.000104166436358, 2.24727064051e-05, 1.04378523247e-05, 2.64589607468e-06, 5.04939862367e-06, 2.48977562478e-06, 2.39524320023e-06, 3.04406921714e-06, 6.49638764116e-07, 8.26074767701e-07, 7.24549806819e-07, 5.89554588259e-07, 2.60866130475e-07, 1.34024901399e-07, 3.50380418013e-07, 1.59470829431e-07, 1.27512464587e-07, 6.17442381667e-08, 6.80016398746e-08, 5.24571426297e-08, 2.93066850787e-08, 4.54875177525e-08, 2.21018652269e-08, 4.60289939497e-08, 1.08882769467e-09], "mean": [0.000437899492681, 0.00566896004602, 0.00325480033644, 0.00199400284328, 0.0018919466529, 0.0011485402938, 0.000989586929791, 0.00151055748574, 0.0012210883433, 0.00174259382766, 0.000690787157509, 0.000920691411011, 0.000828700081911, 0.000514258281328, 0.000441236799816, 0.000328968540998, 0.000614011485595, 0.000385433668271, 0.000390165252611, 0.000257572479313, 0.000295977661153, 0.000223221359192, 0.000177712034201, 0.000156221736688, 0.000113879876153, 6.66904161335e-05, 9.23677453102e-06], "min": [2.61128810802e-25, 1.76604736321e-24, 9.83577611824e-25, 9.76417713033e-25, 8.97438300266e-24, 3.94781416827e-24, 6.54894968575e-24, 7.29137034948e-24, 2.33803226178e-23, 1.10110104452e-23, 2.05380883307e-23, 3.41827598174e-23, 2.86162795911e-23, 3.60464657941e-23, 3.93354130791e-23, 6.06749714678e-23, 4.92642373133e-23, 9.72055359559e-23, 1.11548137929e-22, 1.83775825892e-22, 2.55530449748e-22, 3.41018157466e-22, 3.34968036085e-22, 6.38337358776e-22, 8.34691578113e-22, 1.25411809194e-21, 2.13533948827e-21], "median": [2.31066078413e-05, 0.00178999686614, 0.00129301450215, 0.000883468892425, 0.00104952417314, 0.000533171813004, 0.000300064217299, 0.000603775901254, 0.000322735926602, 0.000661858473904, 0.000271669763606, 0.000403546204325, 0.000363435392501, 0.000196230248548, 0.000192354345927, 0.000135197959025, 0.000203612478799, 0.000100717908936, 0.000108814114355, 9.55873110797e-05, 0.000111792047392, 8.44626629259e-05, 7.02072138665e-05, 6.34416355751e-05, 3.71759888367e-05, 6.71154430165e-06, 2.4206721605e-07], "dvar2": [1.29195836962e-06, 0.00111370510422, 0.000300705956761, 6.12634466961e-05, 2.82570199488e-05, 6.5618737608e-06, 1.34095798785e-05, 5.62427840123e-06, 5.53766449229e-06, 6.78170499668e-06, 1.53215603405e-06, 1.93531991499e-06, 1.60050421982e-06, 1.34719630296e-06, 6.20230764525e-07, 3.10449735252e-07, 8.35994626414e-07, 3.8661482904e-07, 3.1904505704e-07, 1.59866473837e-07, 1.76293738718e-07, 1.33927258616e-07, 6.65716086701e-08, 1.0043056875e-07, 4.72036738586e-08, 1.15472275297e-07, 2.73121214533e-09], "var": [1.43233864947e-06, 0.00028845257475, 6.43479215796e-05, 1.70642051671e-05, 9.46909221966e-06, 3.77691026188e-06, 4.95263293487e-06, 7.44438602851e-06, 7.21011656424e-06, 8.86742964212e-06, 1.50616608607e-06, 2.27461214308e-06, 2.24891778089e-06, 1.45251840422e-06, 5.88370824062e-07, 2.91862420454e-07, 9.18267289762e-07, 4.1289089836e-07, 3.94750827581e-07, 1.54498863481e-07, 1.69859916355e-07, 1.19860985137e-07, 7.99580277544e-08, 9.35423827286e-08, 4.44921397502e-08, 4.0993505479e-08, 9.30117483033e-10], "dmean2": [0.000452046806458, 0.0106485411525, 0.00558584323153, 0.0031390353106, 0.00218888302334, 0.00120044709183, 0.00141069386154, 0.00113502226304, 0.000929207599256, 0.00118816457689, 0.000590001116507, 0.000709740270395, 0.000635829113889, 0.000462909287307, 0.000393545895349, 0.000286738504656, 0.00048245684593, 0.00030385129503, 0.000284527079202, 0.000208817684324, 0.000210489568417, 0.00015946518397, 0.000115585062304, 0.000100851124444, 8.54439495015e-05, 0.000110616936581, 1.77892961801e-05], "max": [0.012342184782, 0.190141171217, 0.148559466004, 0.0858907997608, 0.0578440316021, 0.0305267609656, 0.0393162406981, 0.0499881543219, 0.0387860909104, 0.0404643192887, 0.0283846855164, 0.0171848386526, 0.0256759673357, 0.0341842472553, 0.014669441618, 0.0108166076243, 0.0147851770744, 0.00951293669641, 0.0124545274302, 0.00661266408861, 0.00622881669551, 0.00443497207016, 0.00564164994285, 0.0137361157686, 0.00383132183924, 0.00316840643063, 0.000437680253526], "dmean": [0.000328070513206, 0.00609447900206, 0.00307363830507, 0.00180373270996, 0.00129304395523, 0.000740294053685, 0.000838429958094, 0.000734891218599, 0.0006012529484, 0.000808429089375, 0.000371358066332, 0.000449904211564, 0.000410674867453, 0.000294361758279, 0.000246995943598, 0.000180808274308, 0.000303975073621, 0.000190595223103, 0.00017749214021, 0.00012831944332, 0.000131226770463, 9.98612740659e-05, 7.39144670661e-05, 6.68012071401e-05, 5.92344549659e-05, 6.9660054578e-05, 1.09091206468e-05]}, "erbbands_spread": {"dvar": 64.7950592041, "mean": 34.5613594055, "min": 3.02966380119, "median": 31.8968658447, "dvar2": 138.294586182, "var": 278.233184814, "dmean2": 10.1449270248, "max": 167.963058472, "dmean": 6.72701787949}, "barkbands_kurtosis": {"dvar": 47.2904663086, "mean": 2.37167167664, "min": -1.88168811798, "median": 0.635982275009, "dvar2": 120.17301178, "var": 90.9747467041, "dmean2": 3.28929519653, "max": 361.61416626, "dmean": 2.02429747581}, "spectral_flux": {"dvar": 0.00255115400068, "mean": 0.0809778943658, "min": 6.38963187916e-11, "median": 0.0643839538097, "dvar2": 0.00489968154579, "var": 0.00502897193655, "dmean2": 0.0463988222182, "max": 0.499859362841, "dmean": 0.0302505902946}, "silence_rate_20dB": {"dvar": 0, "mean": 1, "min": 1, "median": 1, "dvar2": 0, "var": 0, "dmean2": 0, "max": 1, "dmean": 0}, "gfcc": {"cov": [[18352.7871094, -1720.47058105, -772.19152832, 680.509887695, -864.011047363, 337.543762207, -442.917663574, 567.569396973, -450.824157715, 140.05632019, -414.963348389, 237.763473511, -294.744384766], [-1720.47058105, 1894.4979248, -444.973388672, -144.682250977, 298.886962891, -117.236618042, 178.886672974, -200.974960327, 202.444915771, -175.105743408, 194.069839478, -157.892318726, 140.712036133], [-772.19152832, -444.973388672, 779.448364258, -74.6088485718, 5.4157166481, 72.9352416992, 2.91749095917, 48.7535018921, -12.4546508789, 94.589630127, -47.4077377319, 77.288444519, -52.5155296326], [680.509887695, -144.682250977, -74.6088485718, 387.782073975, -18.1895809174, 53.2423591614, 4.97950124741, 48.8381576538, -17.5229682922, -17.5928325653, 14.896903038, 4.42804527283, 18.371295929], [-864.011047363, 298.886962891, 5.4157166481, -18.1895809174, 402.350921631, -51.9982032776, 130.975723267, -3.49205851555, 51.0116386414, 13.7575521469, 43.1795883179, 0.129504427314, 24.8858890533], [337.543762207, -117.236618042, 72.9352416992, 53.2423591614, -51.9982032776, 180.135757446, 12.1186952591, 48.3651008606, -3.75696349144, 9.16341590881, -6.81709671021, -2.12226724625, -1.7057094574], [-442.917663574, 178.886672974, 2.91749095917, 4.97950124741, 130.975723267, 12.1186952591, 172.03855896, 17.9939575195, 32.9962272644, -10.0859966278, 29.7749252319, -2.94526982307, 15.9441070557], [567.569396973, -200.974960327, 48.7535018921, 48.8381576538, -3.49205851555, 48.3651008606, 17.9939575195, 144.594070435, 10.0944414139, 20.6109580994, -23.4602069855, 29.8250236511, -8.21845817566], [-450.824157715, 202.444915771, -12.4546508789, -17.5229682922, 51.0116386414, -3.75696349144, 32.9962272644, 10.0944414139, 132.391876221, 13.8271951675, 17.213060379, -27.0564880371, 18.3595256805], [140.05632019, -175.105743408, 94.589630127, -17.5928325653, 13.7575521469, 9.16341590881, -10.0859966278, 20.6109580994, 13.8271951675, 114.903083801, 0.624130606651, 18.1814308167, -35.0729370117], [-414.963348389, 194.069839478, -47.4077377319, 14.896903038, 43.1795883179, -6.81709671021, 29.7749252319, -23.4602069855, 17.213060379, 0.624130606651, 100.832435608, 3.04574108124, 14.6548690796], [237.763473511, -157.892318726, 77.288444519, 4.42804527283, 0.129504427314, -2.12226724625, -2.94526982307, 29.8250236511, -27.0564880371, 18.1814308167, 3.04574108124, 84.6996612549, 5.22785234451], [-294.744384766, 140.712036133, -52.5155296326, 18.371295929, 24.8858890533, -1.7057094574, 15.9441070557, -8.21845817566, 18.3595256805, -35.0729370117, 14.6548690796, 5.22785234451, 86.4420318604]], "mean": [-8.19543361664, 91.5157394409, -119.298187256, 29.0715942383, -59.0146026611, 24.8333740234, -31.5698795319, 8.79193687439, -25.0472621918, -1.07276880741, -15.7801408768, -1.1073217392, -12.3371248245], "icov": [[0.00012339076784, -0.000157833477715, 0.000223758979701, -0.000188235950191, 0.000162004042068, -0.000176909001311, 0.000169919701875, -0.000412572757341, 0.000362154853065, -0.000344254571246, 0.00060910708271, -0.000548291718587, 0.000446200254373], [-0.000157833477715, 0.00193009886425, 6.64449107717e-05, 0.000885425833985, -0.000816220825072, 0.0003575613664, -0.000779326830525, 0.00170833175071, -0.0021555274725, 0.00235849828459, -0.00296086235903, 0.00232009985484, -0.00150322797708], [0.000223758979701, 6.64449107717e-05, 0.00222576037049, 0.000106114923256, 2.01585862669e-05, -0.00114234664943, 4.23762867285e-05, -0.000233838931308, 9.58361051744e-05, -0.00108878698666, 0.00153699645307, -0.00235967407934, 0.00134607066866], [-0.000188235950191, 0.000885425833985, 0.000106114923256, 0.00349532067776, -0.000477080757264, -0.000421792035922, -0.000326625799062, -5.32556769031e-05, -0.000561922381166, 0.00145332259126, -0.00242067780346, 0.00158845144324, -0.00155398715287], [0.000162004042068, -0.000816220825072, 2.01585862669e-05, -0.000477080757264, 0.00417611282319, 0.00105613749474, -0.00231837504543, -0.000946233398281, 0.000659386336338, -0.00203564972617, 0.000985930673778, -0.00109013635665, 8.37125990074e-05], [-0.000176909001311, 0.0003575613664, -0.00114234664943, -0.000421792035922, 0.00105613749474, 0.00749078951776, -0.00147540471517, -0.00158913689665, 5.98085352976e-05, 5.24959468748e-05, -0.0016237644013, 0.00309483450837, -0.00172809918877], [0.000169919701875, -0.000779326830525, 4.23762867285e-05, -0.000326625799062, -0.00231837504543, -0.00147540471517, 0.00910212937742, -0.00219223229215, 9.24568594201e-05, 0.000566938193515, -0.000169961189386, -0.0010438861791, 0.000996510498226], [-0.000412572757341, 0.00170833175071, -0.000233838931308, -5.32556769031e-05, -0.000946233398281, -0.00158913689665, -0.00219223229215, 0.0120539227501, -0.00443753786385, 0.00173732161056, -0.000441802520072, -0.00153084751219, -0.000712053908501], [