{"metadata": {"version": {"essentia_git_sha": "v2.1_beta2", "essentia_build_sha": "70f2e5ece6736b2c40cc944ad0e695b16b925413", "extractor": "music 1.0", "essentia": "2.1-beta2"}, "audio_properties": {"analysis_sample_rate": 44100, "md5_encoded": "2c9615b6a3819c454a081aae2af00573", "downmix": "mix", "sample_rate": 44100, "equal_loudness": 0, "lossless": false, "codec": "mp3", "bit_rate": 201959, "length": 170.971435547, "replay_gain": -12.1943473816}, "tags": {"album": ["Revl9n"], "title": ["Miss It"], "language": ["eng"], "file_name": "228163.mp3", "genre": ["Indie"], "artist": ["Revl9n"], "tracknumber": ["7"], "label": ["Waner Music"], "date": ["2006"], "albumartist": ["Revl9n"], "musicbrainz_recordingid": ["eee1c391-79e7-498b-a74f-32ebd7004e84"], "encoding": ["LAME 3.90.3"]}}, "rhythm": {"beats_loudness": {"var": 0.00242395000532, "mean": 0.0821021869779, "dmean2": 0.0748508647084, "dvar": 0.00160264177248, "dmean": 0.0420345850289, "max": 0.221918672323, "min": 2.1094068714e-09, "median": 0.0717491358519, "dvar2": 0.00399151351303}, "beats_position": [0.417959183455, 0.847528338432, 1.27709746361, 1.70666658878, 2.13623571396, 2.57741498947, 3.01859402657, 3.45977306366, 3.90095233917, 4.34213161469, 4.78331041336, 5.23609972, 5.6888885498, 6.13006782532, 6.57124710083, 7.01242637634, 7.45360517502, 7.89478445053, 8.33596324921, 8.78875255585, 9.24154186249, 9.682721138, 10.1239004135, 10.5766887665, 11.0294780731, 11.4706573486, 11.9118366241, 12.3530158997, 12.7941951752, 13.235373497, 13.6881628036, 14.1409521103, 14.5821313858, 15.0233106613, 15.4644899368, 15.9056682587, 16.3584575653, 16.8112468719, 17.2524261475, 17.693605423, 18.1347846985, 18.575963974, 19.0287532806, 19.4699325562, 19.9227199554, 20.363899231, 20.8050785065, 21.246257782, 21.6990470886, 22.1518363953, 22.5930156708, 23.0341949463, 23.4753742218, 23.9165534973, 24.3577327728, 24.8105201721, 25.2633094788, 25.7044887543, 26.1456680298, 26.5868473053, 27.0280265808, 27.4692058563, 27.9103851318, 28.3631744385, 28.8159637451, 29.2571430206, 29.6983222961, 30.1394996643, 30.5806789398, 31.0334682465, 31.4862575531, 31.9274368286, 32.3686180115, 32.8097953796, 33.2509727478, 33.6921539307, 34.1449432373, 34.5977325439, 35.0389099121, 35.480091095, 35.9212684631, 36.3740577698, 36.8152389526, 37.2564163208, 37.7092056274, 38.1503829956, 38.5915641785, 39.0327415466, 39.4855308533, 39.9383201599, 40.3795013428, 40.8206787109, 41.2618598938, 41.703037262, 42.1442184448, 42.5970077515, 43.0497932434, 43.4909744263, 43.9321517944, 44.3733329773, 44.8145103455, 45.2672996521, 45.7200889587, 46.1612701416, 46.6024475098, 47.0436286926, 47.4848060608, 47.9375953674, 48.3903846741, 48.8315620422, 49.2727432251, 49.7139205933, 50.1551017761, 50.6078910828, 51.0606803894, 51.5018577576, 51.9430389404, 52.3842163086, 52.8253974915, 53.2781867981, 53.73097229, 54.1721534729, 54.6133308411, 55.0545120239, 55.4956893921, 55.9484786987, 56.4012680054, 56.8424491882, 57.2836265564, 57.7248077393, 58.1543769836, 58.5955543518, 59.0251235962, 59.4895210266, 59.9539222717, 60.3950996399, 60.8362808228, 61.2774581909, 61.7302474976, 62.1830368042, 62.6242179871, 63.0653953552, 63.5065765381, 63.95936203, 64.4121551514, 64.8533325195, 65.2945098877, 65.7356872559, 66.1768722534, 66.6180496216, 67.0592269897, 67.5120162964, 67.964805603, 68.4059829712, 68.8471679688, 69.2883453369, 69.7295227051, 70.1823120117, 70.6351013184, 71.0762786865, 71.5174560547, 71.9586410522, 72.3998184204, 72.8526077271, 73.3053970337, 73.7465744019, 74.18775177, 74.6289291382, 75.0701141357, 75.5229034424, 75.975692749, 76.4168701172, 76.8580474854, 77.2992248535, 77.7404098511, 78.1931991577, 78.6459884644, 79.0871658325, 79.5283432007, 79.9695205688, 80.410697937, 80.8634872437, 81.3162765503, 81.7574615479, 82.198638916, 82.6398162842, 83.0809936523, 83.533782959, 83.9865722656, 84.4277572632, 84.8689346313, 85.3101119995, 85.7512893677, 86.1924667358, 86.6452560425, 87.0980453491, 87.5392303467, 87.9804077148, 88.421585083, 88.8627624512, 89.3155517578, 89.7683410645, 90.2095184326, 90.6507034302, 91.0918807983, 91.5330581665, 91.9742355347, 92.4154205322, 92.8682098389, 93.3209991455, 93.7621765137, 94.2033538818, 94.6561431885, 95.1089324951, 95.5501098633, 95.9912872314, 96.432472229, 96.8736495972, 97.3148269653, 97.767616272, 98.2204055786, 98.6615829468, 99.1027679443, 99.5439453125, 99.9851226807, 100.426300049, 100.879089355, 101.331878662, 101.77305603, 102.214241028, 102.655418396, 103.096595764, 103.549385071, 104.002174377, 104.443351746, 104.884536743, 105.325714111, 105.766891479, 106.208068848, 106.649246216, 107.090431213, 107.54322052, 107.996009827, 108.437187195, 108.889976501, 109.33115387, 109.783943176, 110.225120544, 110.666305542, 111.10748291, 111.560272217, 112.013061523, 112.454238892, 112.89541626, 113.336593628, 113.777778625, 114.230567932, 114.683357239, 115.124534607, 115.565711975, 116.006889343, 116.448066711, 116.889251709, 117.342041016, 117.794830322, 118.23600769, 118.677185059, 119.118362427, 119.559547424, 120.012336731, 120.465126038, 120.906303406, 121.347480774, 121.788658142, 122.22983551, 122.682624817, 123.135414124, 123.576599121, 124.017776489, 124.458953857, 124.900131226, 125.352920532, 125.79410553, 126.246894836, 126.688072205, 127.129249573, 127.570426941, 128.023223877, 128.464401245, 128.917190552, 129.35836792, 129.799545288, 130.240722656, 130.681900024, 131.134689331, 131.587478638, 132.028656006, 132.469833374, 132.911010742, 133.352203369, 133.793380737, 134.246170044, 134.698959351, 135.140136719, 135.581314087, 136.022491455, 136.475280762, 136.928070068, 137.369247437, 137.810424805, 138.251602173, 138.692779541, 139.133972168, 139.586761475, 140.027938843, 140.480728149, 140.921905518, 141.363082886, 141.804260254, 142.257049561, 142.709838867, 143.151016235, 143.592193604, 144.04498291, 144.486160278, 144.927337646, 145.368530273, 145.809707642, 146.239273071, 146.692062378, 147.144851685, 147.586029053, 148.038818359, 148.491607666, 148.932785034, 149.373962402, 149.815139771, 150.256317139, 150.697509766, 151.150299072, 151.603088379, 152.044265747, 152.485443115, 152.926620483, 153.367797852, 153.820587158, 154.273376465, 154.714553833, 155.155731201, 155.596908569, 156.038085938, 156.490875244, 156.943664551, 157.384857178, 157.826034546, 158.267211914, 158.708389282, 159.14956665, 159.590744019, 160.043533325, 160.496322632, 160.9375, 161.378677368, 161.819854736, 162.272644043, 162.72543335, 163.166610718, 163.607803345, 164.048980713, 164.490158081, 164.942947388, 165.395736694, 165.836914062, 166.278091431, 166.719268799, 167.172058105, 167.624847412, 168.089248657, 168.553649902, 169.018051147, 169.494049072, 169.958450317, 170.422851562], "bpm_histogram_first_peak_spread": {"var": 0, "mean": 0.331550776958, "dmean2": 0, "dvar": 0, "dmean": 0, "max": 0.331550776958, "min": 0.331550776958, "median": 0.331550776958, "dvar2": 0}, "danceability": 1.29957544804, "bpm_histogram_second_peak_weight": {"var": 0, "mean": 0.0183246079832, "dmean2": 0, "dvar": 0, "dmean": 0, "max": 0.0183246079832, "min": 0.0183246079832, "median": 0.0183246079832, "dvar2": 0}, "bpm_histogram_first_peak_weight": {"var": 0, "mean": 0.654450237751, "dmean2": 0, "dvar": 0, "dmean": 0, "max": 0.654450237751, "min": 0.654450237751, "median": 0.654450237751, "dvar2": 0}, "bpm": 134.977142334, "bpm_histogram_second_peak_spread": {"var": 0, "mean": 0.125, "dmean2": 0, "dvar": 0, "dmean": 0, "max": 0.125, "min": 0.125, "median": 0.125, "dvar2": 0}, "bpm_histogram_second_peak_bpm": {"var": 0, "mean": 129, "dmean2": 0, "dvar": 0, "dmean": 0, "max": 129, "min": 129, "median": 129, "dvar2": 0}, "beats_count": 383, "beats_loudness_band_ratio": {"var": [0.0449561476707, 0.00742230890319, 0.00231640483253, 0.00499674072489, 0.00171718676575, 0.0110568301752], "mean": [0.763036370277, 0.076423831284, 0.0326346829534, 0.0415159650147, 0.0285168215632, 0.0800291746855], "dmean2": [0.324953228235, 0.190220847726, 0.0566768087447, 0.0889673009515, 0.0548266768456, 0.199933797121], "dvar": [0.0243886522949, 0.00585653539747, 0.00218450534157, 0.00637078052387, 0.00172415480483, 0.008694938384], "dmean": [0.177940547466, 0.0983518362045, 0.0322490260005, 0.0487940721214, 0.0299527924508, 0.103562161326], "max": [0.999270558357, 0.498089194298, 0.351229578257, 0.55803501606, 0.305965155363, 0.899226665497], "min": [0.0148809785023, 0.00074938160833, 3.60726553481e-05, 7.90533340478e-06, 3.9139213186e-06, 4.01867100663e-06], "median": [0.824556291103, 0.0456882491708, 0.0166446883231, 0.0154863577336, 0.0154679976404, 0.0451222993433], "dvar2": [0.0682483464479, 0.0192139595747, 0.00567225320265, 0.0182633958757, 0.00497551495209, 0.0271493904293]}, "onset_rate": 4.58501672745, "bpm_histogram_first_peak_bpm": {"var": 0, "mean": 136, "dmean2": 0, "dvar": 0, "dmean": 0, "max": 136, "min": 136, "median": 136, "dvar2": 0}}, "lowlevel": {"hfc": {"var": 889.90447998, "mean": 24.9016952515, "dmean2": 15.7818470001, "dvar": 370.699249268, "dmean": 11.6382493973, "max": 381.789581299, "min": 1.12431619703e-16, "median": 14.5952720642, "dvar2": 782.156311035}, "barkbands_spread": {"var": 551.183898926, "mean": 28.3386249542, "dmean2": 18.5689888, "dvar": 198.195892334, "dmean": 11.8166627884, "max": 161.265274048, "min": 0.0108459386975, "median": 23.4858207703, "dvar2": 465.110412598}, "spectral_spread": {"var": 6211837100030.0, "mean": 6300249, "dmean2": 1615841, "dvar": 1738645176320.0, "dmean": 1140205.625, "max": 41175100, "min": 392023.875, "median": 6155866, "dvar2": 3196015083520.0}, "spectral_energy": {"var": 0.00178780267015, "mean": 0.0384141542017, "dmean2": 0.0321197174489, "dvar": 0.00114413874689, "dmean": 0.0206914022565, "max": 0.257696986198, "min": 1.03675045581e-20, "median": 0.0260300356895, "dvar2": 0.00259281182662}, "gfcc": {"icov": [[0.000104806837044, -0.000148020102642, 0.000137587470817, -0.000195058295503, 0.000252759316936, -0.000374793162337, 0.000281625165371, -0.000291085190838, 0.000320104387356, -0.000313249853207, 0.000368505570805, -0.000268305593636, 0.000245372328209], [-0.000148020102642, 0.00082874490181, -0.000209867066587, 0.000318509788485, -0.000548742187675, 0.000781287730206, -0.00073122989852, 0.000724965997506, -0.000902632076759, 0.00122904870659, -0.00144045986235, 0.00116034259554, -0.000439385679783], [0.000137587470817, -0.000209867066587, 0.000710094522219, -0.000642563099973, 0.000241765272222, -0.000596806872636, 0.000456923502497, -0.000135939946631, -9.43061750149e-05, -8.70718504302e-05, 0.000456114154076, -0.000678755575791, 0.000644860381726], [-0.000195058295503, 0.000318509788485, -0.000642563099973, 0.00215986021794, -0.0010984481778, 0.000448560313089, -0.000362135178875, -0.000446580379503, 9.43568520597e-05, -0.000161017786013, -0.000243657807005, 0.00062963104574, -0.000878920138348], [0.000252759316936, -0.000548742187675, 0.000241765272222, -0.0010984481778, 0.00338252959773, -0.00225123367272, 0.000461872958113, 0.000273237528745, -0.00103675888386, 0.00114848394878, -3.5032069718e-05, -0.000124255064293, 0.000837427913211], [-0.000374793162337, 0.000781287730206, -0.000596806872636, 0.000448560313089, -0.00225123367272, 0.00636889599264, -0.00388215156272, -0.000131141001475, 0.00110682961531, -0.00145775079727, -0.000447519705631, 0.000338766461937, 0.000128953819512], [0.000281625165371, -0.00073122989852, 0.000456923502497, -0.000362135178875, 0.000461872958113, -0.00388215156272, 0.00668569561094, -0.00234443647787, -9.02325555217e-05, 0.000811712117866, -0.00195827893913, 0.00194450758863, -0.00120372697711], [-0.000291085190838, 0.000724965997506, -0.000135939946631, -0.000446580379503, 0.000273237528745, -0.000131141001475, -0.00234443647787, 0.00973190739751, -0.00619031349197, 0.00112952606287, 0.00161355058663, -0.0019160809461, 0.000652688147966], [0.000320104387356, -0.000902632076759, -9.43061750149e-05, 9.43568520597e-05, -0.00103675888386, 0.00110682961531, -9.02325555217e-05, -0.00619031349197, 0.0127593791112, -0.00634096283466, 0.00120636902284, 0.00145169743337, -0.00119857431855], [-0.000313249853207, 0.00122904870659, -8.70718504302e-05, -0.000161017786013, 0.00114848394878, -0.00145775079727, 0.000811712117866, 0.00112952606287, -0.00634096283466, 0.0157390553504, -0.00767336320132, 0.00317638437264, -0.000988684361801], [0.000368505570805, -0.00144045986235, 0.000456114154076, -0.000243657807005, -3.5032069718e-05, -0.000447519705631, -0.00195827893913, 0.00161355058663, 0.00120636902284, -0.00767336320132, 0.0179035402834, -0.0102921966463, 0.00212955358438], [-0.000268305593636, 0.00116034259554, -0.000678755575791, 0.00062963104574, -0.000124255064293, 0.000338766461937, 0.00194450758863, -0.0019160809461, 0.00145169743337, 0.00317638437264, -0.0102921966463, 0.0186630561948, -0.00665784208104], [0.000245372328209, -0.000439385679783, 0.000644860381726, -0.000878920138348, 0.000837427913211, 0.000128953819512, -0.00120372697711, 0.000652688147966, -0.00119857431855, -0.000988684361801, 0.00212955358438, -0.00665784208104, 0.0115585559979]], "mean": [-50.6351318359, 41.6774368286, -84.0584945679, 48.9416656494, -53.0385551453, 21.9555950165, -20.00025177, 14.0820512772, -18.2350845337, 6.73816776276, -12.519320488, 0.968372642994, -10.2731695175], "cov": [[26849.9902344, -481.8699646, -2669.68164062, 750.278198242, -1347.44702148, 690.166442871, -519.014709473, 482.982086182, -522.879089355, 299.114196777, -368.1847229, 54.2558135986, -303.260009766], [-481.8699646, 2538.39819336, 239.694274902, -46.5542793274, 449.436218262, -8.72253131866, 299.544799805, -85.229019165, 139.289382935, -108.217628479, 129.192138672, -107.961585999, 12.551897049], [-2669.68164062, 239.694274902, 2675.71289062, 733.55670166, 481.446899414, 242.81262207, 137.505783081, 93.8889694214, 153.662704468, -6.49181938171, 20.4811420441, -2.64251351357, -46.2030105591], [750.278198242, -46.5542793274, 733.55670166, 926.929748535, 332.03112793, 252.088790894, 135.160308838, 149.82119751, 78.2334518433, 41.9406356812, -11.054898262, -12.2690458298, -2.72147655487], [-1347.44702148, 449.436218262, 481.446899414, 332.03112793, 739.096008301, 283.645782471, 252.411804199, 54.8607215881, 119.548835754, -22.1837463379, 43.5253219604, -48.79895401, -15.0757436752], [690.166442871, -8.72253131866, 242.81262207, 252.088790894, 283.645782471, 477.349304199, 268.629455566, 116.132774353, 45.9521331787, 52.9851570129, 25.6652469635, -17.3561115265, -19.2474441528], [-519.014709473, 299.544799805, 137.505783081, 135.160308838, 252.411804199, 268.629455566, 406.931671143, 106.908538818, 96.9317550659, 20.6802768707, 56.4029693604, -31.985786438, 23.0726509094], [482.982086182, -85.229019165, 93.8889694214, 149.82119751, 54.8607215881, 116.132774353, 106.908538818, 222.009155273, 105.828971863, 40.1565628052, -13.2549686432, -1.06880486012, 2.22365999222], [-522.879089355, 139.289382935, 153.662704468, 78.2334518433, 119.548835754, 45.9521331787, 96.9317550659, 105.828971863, 188.291046143, 53.135761261, 18.1633663177, -19.7242622375, 18.0777797699], [299.114196777, -108.217628479, -6.49181938171, 41.9406356812, -22.1837463379, 52.9851570129, 20.6802768707, 40.1565628052, 53.135761261, 119.395820618, 37.965511322, 9.67722225189, 8.29214954376], [-368.1847229, 129.192138672, 20.4811420441, -11.054898262, 43.5253219604, 25.6652469635, 56.4029693604, -13.2549686432, 18.1633663177, 37.965511322, 120.920265198, 47.8779983521, 24.3571834564], [54.2558135986, -107.961585999, -2.64251351357, -12.2690458298, -48.79895401, -17.3561115265, -31.985786438, -1.06880486012, -19.7242622375, 9.67722225189, 47.8779983521, 107.389884949, 46.2361335754], [-303.260009766, 12.551897049, -46.2030105591, -2.72147655487, -15.0757436752, -19.2474441528, 23.0726509094, 2.22365999222, 18.0777797699, 8.29214954376, 24.3571834564, 46.2361335754, 124.114707947]]}, "silence_rate_60dB": {"var": 0.127993807197, "mean": 0.150712832808, "dmean2": 0.116256959736, "dvar": 0.0547436252236, "dmean": 0.058120585978, "max": 1, "min": 0, "median": 0, "dvar2": 0.116046093404}, "spectral_centroid": {"var": 1264236.5, "mean": 1890.53210449, "dmean2": 727.912902832, "dvar": 307186.3125, "dmean": 493.981079102, "max": 10993.4296875, "min": 62.0154876709, "median": 1829.57397461, "dvar2": 603339.5625}, "spectral_complexity": {"var": 165.705291748, "mean": 13.8116769791, "dmean2": 6.64919185638, "dvar": 47.3318901062, "dmean": 4.86854982376, "max": 62, "min": 0, "median": 10, "dvar2": 76.26978302}, "melbands_spread": {"var": 1342.81958008, "mean": 28.5464344025, "dmean2": 22.8058490753, "dvar": 587.146606445, "dmean": 14.7057580948, "max": 298.69430542, "min": 0.021327437833, "median": 16.3357372284, "dvar2": 1304.81652832}, "spectral_strongpeak": {"var": 1.25131034851, "mean": 0.778249561787, "dmean2": 0.721888899803, "dvar": 0.726696312428, "dmean": 0.42373663187, "max": 11.4576368332, "min": 0, "median": 0.493339568377, "dvar2": 1.83876168728}, "zerocrossingrate": {"var": 0.00713189737871, "mean": 0.0843814313412, "dmean2": 0.0253117755055, "dvar": 0.000723764009308, "dmean": 0.0223857462406, "max": 0.72021484375, "min": 0.001953125, "median": 0.06396484375, "dvar2": 0.000844022608362}, "erbbands_kurtosis": {"var": 632.147460938, "mean": 3.38468766212, "dmean2": 8.42151737213, "dvar": 840.124511719, "dmean": 4.98564291, "max": 572.342041016, "min": -1.91683721542, "median": -0.218755960464, "dvar2": 2179.46069336}, "spectral_energyband_middle_low": {"var": 0.000133783643832, "mean": 0.00601193867624, "dmean2": 0.00901672244072, "dvar": 0.00014922147966, "dmean": 0.00550801306963, "max": 0.101406559348, "min": 2.21897686909e-22, "median": 0.00184158375487, "dvar2": 0.000387681240682}, "erbbands": {"var": [0.33885923028, 51.2498970032, 242.841079712, 354.521484375, 223.067779541, 120.364753723, 246.243682861, 251.71321106, 258.361938477, 615.252624512, 2013.48242188, 2465.92089844, 3024.81542969, 8989.49707031, 3338.52954102, 3625.91821289, 1082.3293457, 4950.87890625, 4312.36083984, 1174.625, 436.661895752, 407.091949463, 582.798095703, 1519.17932129, 1606.3347168, 721.121276855, 557.939453125, 567.915527344, 345.778594971, 531.798522949, 362.053466797, 215.148971558, 100.081611633, 72.7741394043, 18.4052696228, 2.34666895866, 0.160870537162, 0.00503151817247, 4.43169446953e-05, 3.73255311104e-08], "mean": [0.3837659657, 5.27264261246, 8.78597354889, 6.20014858246, 5.35374498367, 4.25723648071, 5.25144958496, 6.50382423401, 6.99595069885, 9.04801654816, 13.8487091064, 14.0556783676, 16.9739952087, 31.2238807678, 16.5000286102, 16.6081428528, 11.5389766693, 18.345041275, 19.0432872772, 13.4811000824, 9.54788208008, 9.40008068085, 12.0982475281, 20.5378608704, 22.5677680969, 17.0732707977, 15.2115736008, 15.8633127213, 11.4558134079, 12.1697015762, 8.89752197266, 6.75446224213, 4.55200338364, 3.02900004387, 1.6131503582, 0.61023914814, 0.169255524874, 0.0324373207986, 0.00332691171207, 0.000132762506837], "dmean2": [0.374183624983, 5.57869720459, 11.6369228363, 14.2146167755, 10.9484205246, 6.91521263123, 5.45984554291, 7.20009899139, 9.98515129089, 16.6082134247, 17.8704776764, 17.055305481, 18.333612442, 30.8907489777, 17.0313053131, 16.759355545, 13.2245750427, 20.0713558197, 20.7949028015, 18.6553039551, 11.178396225, 11.4412317276, 13.7742080688, 18.4358119965, 19.8886260986, 14.4104537964, 14.5756549835, 16.5301570892, 10.2319498062, 11.6888999939, 9.26009178162, 5.91087532043, 4.36311435699, 3.08126044273, 1.50307190418, 0.565154790878, 0.194825127721, 0.0431637391448, 0.00415278412402, 0.00012582493946], "dvar": [0.203909352422, 37.7106323242, 243.831848145, 520.832214355, 288.763153076, 138.119308472, 110.870162964, 142.864303589, 258.683654785, 803.85345459, 818.774291992, 1750.8828125, 1544.69580078, 3686.45825195, 1405.43591309, 1632.84130859, 667.504150391, 1860.5559082, 1513.69421387, 1028.5357666, 313.496673584, 408.408599854, 408.396911621, 681.090332031, 753.349731445, 398.957702637, 332.008880615, 324.539611816, 192.409698486, 339.257781982, 235.708511353, 115.855377197, 49.2047348022, 34.7857170105, 9.06069564819, 1.17465102673, 0.113198198378, 0.0043916660361, 3.26582667185e-05, 2.26344223364e-08], "dmean": [0.245120823383, 3.36253023148, 6.93884515762, 8.13616085052, 6.4061422348, 4.14678144455, 3.5075802803, 4.61610412598, 6.02540969849, 9.69905185699, 11.051109314, 10.5964279175, 11.8443527222, 20.1411018372, 11.1942815781, 11.3067951202, 8.44207954407, 12.402756691, 13.1220493317, 11.2701282501, 7.07246685028, 7.26595163345, 8.87832164764, 12.3565454483, 12.9735832214, 9.81888580322, 9.55560112, 10.8446550369, 6.90891981125, 7.98367500305, 6.21303844452, 4.08752155304, 2.88693284988, 2.00312209129, 1.04081475735, 0.399783551693, 0.126955673099, 0.0269070025533, 0.00260372576304, 8.22208821774e-05], "max": [5.28419303894, 49.8536491394, 149.922515869, 184.317169189, 158.049163818, 241.975402832, 409.374511719, 379.622680664, 289.434661865, 306.828460693, 789.577880859, 1086.06091309, 836.481384277, 1117.02624512, 1393.31396484, 1890.3371582, 598.041320801, 1524.18725586, 1517.25219727, 664.408081055, 371.009429932, 636.871276855, 431.220031738, 665.418762207, 740.275085449, 582.020019531, 377.066680908, 341.205230713, 410.960754395, 486.483581543, 542.940551758, 493.773956299, 172.991958618, 153.582641602, 92.6287689209, 30.7216873169, 6.33702230453, 0.821259021759, 0.0814981982112, 0.00230187131092], "min": [7.86577070859e-22, 5.38768784298e-21, 1.8762149428e-20, 2.46202021364e-20, 7.00858048424e-20, 4.73277365145e-20, 1.51181383638e-19, 3.01967116449e-19, 5.37099538669e-19, 3.13513911566e-19, 4.91604708376e-19, 1.32041507353e-18, 2.28452437295e-18, 1.03567117575e-18, 2.28494623506e-18, 2.66032844846e-18, 2.54045694961e-18, 4.02274640933e-18, 2.7507783737e-18, 6.31208745499e-18, 5.08646717626e-18, 4.51744963288e-18, 8.38263674708e-18, 7.52359810042e-18, 2.18494150521e-17, 1.91620359365e-17, 1.58850639869e-17, 1.2245823325e-17, 2.02436672316e-17, 1.75951540242e-17, 1.47281327862e-17, 1.52365841652e-17, 1.54030972768e-17, 1.13222951962e-17, 9.20249267531e-18, 5.72544558789e-18, 2.88521548916e-18, 1.05351035964e-18, 2.7082446432e-19, 3.44969890663e-20], "median": [0.135267093778, 2.38771128654, 1.99203956127, 0.722605824471, 0.573201656342, 0.66933375597, 0.864142656326, 1.220225811, 1.45643055439, 1.27792239189, 2.1999399662, 2.51259255409, 2.40282440186, 2.84744429588, 2.51666760445, 2.15612220764, 1.75740098953, 2.34040570259, 3.01880478859, 2.78084897995, 2.45161700249, 2.5139298439, 3.13833785057, 7.36586856842, 7.33349990845, 6.96824789047, 6.49536323547, 6.23134422302, 5.15218305588, 3.98766326904, 2.4570453167, 1.67744874954, 1.25399494171, 0.528883695602, 0.215560570359, 0.0771078839898, 0.0239106100053, 0.00701223686337, 0.000724443001673, 6.20246937615e-05], "dvar2": [0.50152939558, 100.450073242, 619.175537109, 1419.91809082, 755.546569824, 355.763763428, 228.35559082, 322.75289917, 674.153625488, 2168.57348633, 1936.00024414, 4023.11767578, 3474.07641602, 7704.75732422, 3071.94604492, 3351.76831055, 1548.69555664, 4755.31005859, 3664.89306641, 2736.2644043, 760.463317871, 1055.0369873, 986.75982666, 1458.63964844, 1700.26623535, 908.317382812, 809.334289551, 740.181884766, 415.255859375, 757.831848145, 487.302124023, 218.388442993, 103.668586731, 67.2652053833, 18.1562576294, 2.33204984665, 0.29037335515, 0.0118704084307, 8.47912306199e-05, 5.3745079498e-08]}, "barkbands_crest": {"var": 42.1973686218, "mean": 14.3513183594, "dmean2": 5.33167743683, "dvar": 11.6482601166, "dmean": 3.44006609917, "max": 26.820394516, "min": 2.03992605209, "median": 14.1226739883, "dvar2": 24.9706134796}, "melbands_crest": {"var": 44.8755989075, "mean": 18.5900878906, "dmean2": 5.95810556412, "dvar": 15.8009643555, "dmean": 3.74390435219, "max": 39.7257881165, "min": 1.82505536079, "median": 19.2638607025, "dvar2": 37.7335395813}, "spectral_flux": {"var": 0.00701150111854, "mean": 0.0984619036317, "dmean2": 0.0679942891002, "dvar": 0.00322841992602, "dmean": 0.0452265627682, "max": 0.455178529024, "min": 1.01820940568e-10, "median": 0.076300188899, "dvar2": 0.0063788453117}, "spectral_contrast_valleys": {"var": [3.15923428535, 2.93699431419, 2.84131217003, 2.92757773399, 3.0967476368, 3.12596344948], "mean": [-8.15343666077, -7.86820363998, -8.41918849945, -8.72194194794, -8.04970550537, -9.88715076447], "dmean2": [0.925894320011, 1.00538372993, 0.930833518505, 0.831258237362, 0.711498916149, 0.808413684368], "dvar": [0.435374796391, 0.533586919308, 0.484077066183, 0.448370337486, 0.457755535841, 0.494540333748], "dmean": [0.642656207085, 0.677858769894, 0.615161776543, 0.569332361221, 0.524480819702, 0.620280325413], "max": [-4.79939699173, -4.79926776886, -5.3136267662, -5.70069503784, -5.24234962463, -6.95355415344], "min": [-27.7484302521, -27.6010303497, -27.227022171, -27.5411815643, -27.3281784058, -27.2516708374], "median": [-7.87930774689, -7.60787820816, -8.0998840332, -8.38376045227, -7.64338064194, -9.54065418243], "dvar2": [0.748021304607, 1.05673491955, 0.973101437092, 0.888411641121, 0.864993274212, 0.910370707512]}, "mfcc": {"icov": [[6.6104461439e-05, -6.29708347333e-06, 4.34941794083e-05, -6.73571994412e-05, 0.000100529170595, -6.16038232693e-05, 9.46305808611e-05, -0.000132353481604, 0.000131970125949, -9.60942415986e-05, 4.40265721409e-05, 1.72543677763e-05, -9.05500019144e-06], [-6.29708347333e-06, 0.000529248733073, -2.21172849706e-05, -2.4908576961e-05, -1.7993246729e-05, -1.69693321368e-05, -0.000166923215147, -7.38953604014e-05, 7.10660315235e-05, 0.000215263455175, -0.000318151811371, -6.53222523397e-05, 8.63496388774e-05], [4.34941794083e-05, -2.21172849706e-05, 0.000877293408848, -0.000525654118974, -0.000254811166087, -2.87784750981e-05, -1.62970154634e-05, 8.64982503117e-05, -0.000223124734475, 0.00029663395253, -0.000216835644096, -0.000326925975969, 0.000331692805048], [-6.73571994412e-05, -2.4908576961e-05, -0.000525654118974, 0.00273979920894, -0.00131773680914, -0.000157900198246, 0.000107385239971, -0.00022093966254, -0.000300321553368, -0.000732608488761, 0.00106011808384, -0.000127296007122, -0.000410719512729], [0.000100529170595, -1.7993246729e-05, -0.000254811166087, -0.00131773680914, 0.0039751296863, -0.00190076860599, 0.00114971247967, -0.000946041080169, -0.000422223063651, 0.000937056553084, -0.00112230249215, 0.000532126694452, -0.000680956116412], [-6.16038232693e-05, -1.69693321368e-05, -2.87784750981e-05, -0.000157900198246, -0.00190076860599, 0.00782274268568, -0.0061086374335, 0.00139860005584, -0.000228934062761, -0.00118758366443, 0.000786730088294, -0.00145910202991, 0.00135155895259], [9.46305808611e-05, -0.000166923215147, -1.62970154634e-05, 0.000107385239971, 0.00114971247967, -0.0061086374335, 0.0104139419273, -0.00531661370769, 0.00155064533465, -0.00048601187882, -0.00140084594022, 0.00155986193568, -0.00159814720973], [-0.000132353481604, -7.38953604014e-05, 8.64982503117e-05, -0.00022093966254, -0.000946041080169, 0.00139860005584, -0.00531661370769, 0.0119915530086, -0.00617660256103, 0.00238228146918, -0.00222800835036, 0.000322673615301, -0.000929400033783], [0.000131970125949, 7.10660315235e-05, -0.000223124734475, -0.000300321553368, -0.000422223063651, -0.000228934062761, 0.00155064533465, -0.00617660256103, 0.013144614175, -0.00814527738839, 0.00398207968101, -0.00314161856659, 0.000815692415927], [-9.60942415986e-05, 0.000215263455175, 0.00029663395253, -0.000732608488761, 0.000937056553084, -0.00118758366443, -0.00048601187882, 0.00238228146918, -0.00814527738839, 0.0146323703229, -0.0101669663563, 0.00690579926595, -0.00227674539201], [4.40265721409e-05, -0.000318151811371, -0.000216835644096, 0.00106011808384, -0.00112230249215, 0.000786730088294, -0.00140084594022, -0.00222800835036, 0.00398207968101, -0.0101669663563, 0.0205202717334, -0.010848694481, 0.00306779122911], [1.72543677763e-05, -6.53222523397e-05, -0.000326925975969, -0.000127296007122, 0.000532126694452, -0.00145910202991, 0.00155986193568, 0.000322673615301, -0.00314161856659, 0.00690579926595, -0.010848694481, 0.0147810149938, -0.00618923641741], [-9.05500019144e-06, 8.63496388774e-05, 0.000331692805048, -0.000410719512729, -0.000680956116412, 0.00135155895259, -0.00159814720973, -0.000929400033783, 0.000815692415927, -0.00227674539201, 0.00306779122911, -0.00618923641741, 0.0140650738031]], "mean": [-694.467224121, 69.9874801636, 26.699640274, 33.360496521, 3.20536017418, 14.2943754196, 10.9779014587, 10.3122577667, 5.63020944595, 9.65122413635, 4.6752204895, 0.672915458679, 1.66061425209], "cov": [[17452.6757812, -25.4495449066, -1280.96411133, -105.473442078, -646.168212891, -161.489379883, -162.282806396, -34.7434921265, -190.018676758, 61.7101974487, -122.179206848, -199.343612671, -38.0419845581], [-25.4495449066, 2028.35656738, 195.719772339, 99.6030578613, 121.715438843, 140.808898926, 151.012420654, 99.7669830322, 22.9777240753, 1.25325453281, 87.3790206909, 81.364982605, 17.5529651642], [-1280.96411133, 195.719772339, 1731.69104004, 535.043273926, 438.567626953, 219.689971924, 142.319351196, 139.711517334, 147.401123047, 43.6300544739, 90.6078338623, 123.728515625, 31.4822387695], [-105.473442078, 99.6030578613, 535.043273926, 687.360900879, 359.641540527, 191.223937988, 126.64012146, 134.352218628, 138.102401733, 87.2713851929, 41.570148468, 46.5586204529, 46.617061615], [-646.168212891, 121.715438843, 438.567626953, 359.641540527, 536.862670898, 234.834823608, 147.717056274, 143.755020142, 123.638153076, 62.9442596436, 71.5877075195, 67.8839950562, 45.9818840027], [-161.489379883, 140.808898926, 219.689971924, 191.223937988, 234.834823608, 396.38772583, 281.291564941, 150.310882568, 109.536003113, 100.33039093, 79.9971618652, 52.832244873, 30.2962932587], [-162.282806396, 151.012420654, 142.319351196, 126.64012146, 147.717056274, 281.291564941, 339.98147583, 181.015060425, 102.830307007, 95.7414627075, 81.00365448, 41.0164718628, 39.9386367798], [-34.7434921265, 99.7669830322, 139.711517334, 134.352218628, 143.755020142, 150.310882568, 181.015060425, 228.177383423, 137.146453857, 81.538772583, 68.9191513062, 48.5897827148, 39.7496490479], [-190.018676758, 22.9777240753, 147.401123047, 138.102401733, 123.638153076, 109.536003113, 102.830307007, 137.146453857, 211.348129272, 129.528778076, 57.498210907, 35.7947654724, 28.4202671051], [61.7101974487, 1.25325453281, 43.6300544739, 87.2713851929, 62.9442596436, 100.33039093, 95.7414627075, 81.538772583, 129.528778076, 197.329116821, 80.3556213379, -0.84583824873, 17.7558231354], [-122.179206848, 87.3790206909, 90.6078338623, 41.570148468, 71.5877075195, 79.9971618652, 81.00365448, 68.9191513062, 57.498210907, 80.3556213379, 129.109100342, 77.4814910889, 23.6063175201], [-199.343612671, 81.364982605, 123.728515625, 46.5586204529, 67.8839950562, 52.832244873, 41.0164718628, 48.5897827148, 35.7947654724, -0.84583824873, 77.4814910889, 156.012542725, 53.4344711304], [-38.0419845581, 17.5529651642, 31.4822387695, 46.617061615, 45.9818840027, 30.2962932587, 39.9386367798, 39.7496490479, 28.4202671051, 17.7558231354, 23.6063175201, 53.4344711304, 97.6548080444]]}, "erbbands_flatness_db": {"var": 0.00465315580368, "mean": 0.144197806716, "dmean2": 0.0430706441402, "dvar": 0.00135553942528, "dmean": 0.0306464359164, "max": 0.494247943163, "min": 0.0223180335015, "median": 0.132256254554, "dvar2": 0.00267778313719}, "barkbands": {"var": [5.13929762747e-07, 0.000774891581386, 0.000149212675751, 4.43310418632e-05, 1.0953286619e-05, 4.39460018242e-06, 1.59337423611e-06, 2.90438538286e-06, 5.0997582548e-06, 6.35147216599e-06, 5.40728115084e-06, 2.26506494982e-06, 4.07285767778e-07, 3.74289606953e-06, 6.26736607501e-07, 2.27434441058e-07, 1.40813881444e-07, 2.66131650051e-07, 6.66212827127e-07, 3.25281973801e-07, 3.25016713987e-07, 3.29100316776e-07, 4.5933430215e-07, 3.81188073106e-07, 4.55780849506e-07, 6.3463780009e-08, 1.27596211374e-09], "mean": [0.000297237274935, 0.020774576813, 0.00556073570624, 0.00202707340941, 0.00130613183137, 0.000849581731018, 0.000537360494491, 0.000504853145685, 0.000671873742249, 0.000729524588678, 0.000621866027359, 0.000430609594332, 0.000209644043935, 0.000465908728074, 0.00028047215892, 0.000177036126843, 0.000160745563335, 0.000245438248385, 0.000468535523396, 0.000362680322723, 0.000380156212486, 0.000354759104084, 0.000325144297676, 0.000296193058603, 0.000251496821875, 0.000106578161649, 1.7854899852e-05], "dmean2": [0.0004996911739, 0.0211242213845, 0.00915608275682, 0.00500223087147, 0.00220916140825, 0.000849773408845, 0.000832929916214, 0.000900916347746, 0.000787581899203, 0.000795324274804, 0.000670157955028, 0.000490144419018, 0.000287304923404, 0.000504410360008, 0.000372405280359, 0.00024543364998, 0.000198830472073, 0.000293675722787, 0.000408772903029, 0.000315189536195, 0.000388366577681, 0.000325623404933, 0.000326223467709, 0.000259000225924, 0.000244614988333, 0.000111435852887, 2.37861404457e-05], "dvar": [5.55607357455e-07, 0.000538858992513, 0.00017955385556, 6.48076602374e-05, 1.20354861792e-05, 1.93256141756e-06, 1.6357395225e-06, 2.45531578003e-06, 3.07207324113e-06, 2.42118585447e-06, 2.47107959694e-06, 1.13477301511e-06, 3.02313537759e-07, 1.18145362649e-06, 4.85390160065e-07, 1.71202032107e-07, 1.48059726257e-07, 1.87020930298e-07, 2.99816349525e-07, 1.82517510439e-07, 1.81324963933e-07, 1.88152100122e-07, 2.88930294801e-07, 1.86394856883e-07, 2.12569418068e-07, 3.706760765e-08, 1.03368902327e-09], "dmean": [0.000294756377116, 0.0129160471261, 0.00535356765613, 0.00285151600838, 0.00131567916833, 0.000543591275346, 0.000492029357702, 0.000532754231244, 0.000493390019983, 0.0005108009791, 0.00043454580009, 0.00031582871452, 0.00017685945204, 0.000313334719976, 0.000228378732572, 0.000148339895532, 0.000124977319501, 0.000185840865015, 0.000271690340014, 0.000215283449506, 0.000249033328146, 0.000223146838835, 0.000221521157073, 0.000176789864781, 0.000162444543093, 7.51180996303e-05, 1.47571472553e-05], "max": [0.00870929658413, 0.18615758419, 0.139120087028, 0.0663328021765, 0.0513069778681, 0.0336921550333, 0.020728122443, 0.0229071229696, 0.0490312725306, 0.04433779791, 0.0412779226899, 0.0401201918721, 0.0115175321698, 0.0361694656312, 0.0196487847716, 0.0133654084057, 0.012993096374, 0.0103701548651, 0.0103059457615, 0.0117600550875, 0.00850914046168, 0.012632724829, 0.0165656227618, 0.0166246108711, 0.0127251073718, 0.00462877750397, 0.000417952978751], "min": [1.2016663935e-24, 3.33904058361e-23, 1.41463507348e-23, 8.89610354617e-24, 1.96465177357e-23, 3.60837946921e-23, 3.41941351917e-23, 2.15703948668e-23, 7.28319301733e-23, 5.10833253172e-23, 4.61231698936e-23, 5.72537385199e-23, 6.0446719298e-23, 7.58611308058e-23, 6.937075562e-23, 1.35418614537e-22, 9.27518481661e-23, 1.34637579132e-22, 3.30741735873e-22, 3.85547878818e-22, 3.56808754651e-22, 4.91316102314e-22, 5.98041333995e-22, 8.14550861108e-22, 1.22177625895e-21, 1.64245697326e-21, 2.11526238501e-21], "median": [3.17907470162e-05, 0.00991218071431, 0.000723651843145, 9.39001984079e-05, 0.000209212186746, 0.000157371134264, 8.60957807163e-05, 5.9834903368e-05, 0.000112522946438, 6.27937843092e-05, 5.21532710991e-05, 5.12310143677e-05, 3.2088784792e-05, 4.26921760663e-05, 4.29922438343e-05, 3.56160053343e-05, 4.0895807615e-05, 6.33158851997e-05, 0.000158110822667, 0.000141190597787, 0.000158438080689, 0.000153774337377, 9.15736309253e-05, 7.92822684161e-05, 3.71260539396e-05, 1.50393470904e-05, 4.1061293814e-06], "dvar2": [1.5227097947e-06, 0.00141797959805, 0.000470669096103, 0.000176003566594, 2.99010716844e-05, 4.0934428398e-06, 4.3262066356e-06, 6.34633261143e-06, 6.95984772392e-06, 4.88791783937e-06, 5.16279806106e-06, 2.49014624387e-06, 7.53949507271e-07, 2.89342438009e-06, 1.30213641114e-06, 4.15662441355e-07, 3.89383899346e-07, 4.43830231234e-07, 6.77228115364e-07, 4.2105861553e-07, 4.34788972825e-07, 3.8592833107e-07, 6.13987026554e-07, 3.64340962733e-07, 4.11866636796e-07, 8.5215162926e-08, 2.75129274918e-09]}, "spectral_energyband_low": {"var": 0.00135946564842, "mean": 0.0278080571443, "dmean2": 0.0274591688067, "dvar": 0.000939358025789, "dmean": 0.01716417633, "max": 0.238527953625, "min": 5.25964015542e-23, "median": 0.0136905815452, "dvar2": 0.00226136902347}, "erbbands_spread": {"var": 1128.22180176, "mean": 56.1707077026, "dmean2": 27.4088821411, "dvar": 451.737670898, "dmean": 18.1001243591, "max": 202.265975952, "min": 0.514977395535, "median": 52.6518516541, "dvar2": 999.22052002}, "average_loudness": 0.87999945879, "spectral_energyband_middle_high": {"var": 3.8136891817e-05, "mean": 0.0039032404311, "dmean2": 0.00265749613754, "dvar": 1.03053534986e-05, "dmean": 0.00183145329356, "max": 0.0508510172367, "min": 1.18071015446e-21, "median": 0.00132692081388, "dvar2": 2.19115299842e-05}, "barkbands_flatness_db": {"var": 0.0134369954467, "mean": 0.180750131607, "dmean2": 0.0694323554635, "dvar": 0.00295575521886, "dmean": 0.0477001518011, "max": 0.773168563843, "min": 0.013787355274, "median": 0.154957994819, "dvar2": 0.00607132632285}, "spectral_entropy": {"var": 0.592210888863, "mean": 7.7229642868, "dmean2": 0.469367623329, "dvar": 0.207027882338, "dmean": 0.326228559017, "max": 9.80115127563, "min": 2.71254324913, "median": 7.90703630447, "dvar2": 0.440488368273}, "melbands_skewness": {"var": 22.6762008667, "mean": 5.09402656555, "dmean2": 3.36160707474, "dvar": 9.80308151245, "dmean": 2.21394872665, "max": 76.1125335693, "min": -4.33438110352, "median": 3.80316758156, "dvar2": 23.2663383484}, "spectral_contrast_coeffs": {"var": [0.0124920736998, 0.0109269153327, 0.00921147316694, 0.00667373510078, 0.00356750073843, 0.00301545625553], "mean": [-0.644463837147, -0.749466657639, -0.776764750481, -0.788185238838, -0.788059711456, -0.772528767586], "dmean2": [0.0986194610596, 0.0932041481137, 0.0726537629962, 0.0580062940717, 0.0472075492144, 0.0438870415092], "dvar": [0.00360744330101, 0.00287925358862, 0.00183754821774, 0.00124407524709, 0.000840581313241, 0.000710866879672], "dmean": [0.0631138384342, 0.0589497759938, 0.0458825193346, 0.0373854860663, 0.0306929480284, 0.028586441651], "max": [-0.296317398548, -0.338708519936, -0.404128879309, -0.499315708876, -0.546092271805, -0.564139962196], "min": [-0.966543197632, -0.96532958746, -0.968425929546, -0.953733325005, -0.961542129517, -0.959698677063], "median": [-0.654691517353, -0.76913100481, -0.797402143478, -0.805081367493, -0.792999684811, -0.769212961197], "dvar2": [0.00785738695413, 0.00656973524019, 0.00415738439187, 0.00277916365303, 0.00196159235202, 0.00140955497045]}, "pitch_salience": {"var": 0.0434162691236, "mean": 0.430546343327, "dmean2": 0.157004401088, "dvar": 0.0110288150609, "dmean": 0.10211238265, "max": 0.920681834221, "min": 0.0102738570422, "median": 0.422228425741, "dvar2": 0.0246903337538}, "spectral_rolloff": {"var": 9860007, "mean": 2306.79296875, "dmean2": 1783.92175293, "dvar": 3258944.25, "dmean": 1081.9888916, "max": 19487.5488281, "min": 21.533203125, "median": 925.927734375, "dvar2": 7250093}, "melbands_kurtosis": {"var": 61902.09375, "mean": 76.9121246338, "dmean2": 96.2055969238, "dvar": 68003.2421875, "dmean": 59.5747375488, "max": 14232.1728516, "min": -1.87015008926, "median": 18.6648712158, "dvar2": 199788.53125}, "silence_rate_30dB": {"var": 0.066894851625, "mean": 0.92790222168, "dmean2": 0.150482133031, "dvar": 0.0695642977953, "dmean": 0.0752308517694, "max": 1, "min": 0, "median": 1, "dvar2": 0.151743903756}, "spectral_decrease": {"var": 1.18763283628e-16, "mean": -9.57955670344e-09, "dmean2": 8.2878326424e-09, "dvar": 7.74695473291e-17, "dmean": 5.30492316742e-09, "max": 7.87845830241e-11, "min": -6.74559714753e-08, "median": -6.21592421979e-09, "dvar2": 1.77120544971e-16}, "spectral_rms": {"var": 1.06562438305e-05, "mean": 0.00517889577895, "dmean2": 0.00217358791269, "dvar": 3.85764133171e-06, "dmean": 0.00148250884376, "max": 0.015