{"tonal": {"chords_key": "G", "hpcp_entropy": {"dmean": 0.521657764912, "dmean2": 0.885208547115, "max": 4.24547815323, "dvar": 0.200949922204, "mean": 1.84416627884, "dvar2": 0.537247359753, "min": 0, "var": 0.431509017944, "median": 1.89224624634}, "key_key": "A#", "chords_strength": {"dmean": 0.00701922131702, "dmean2": 0.00691019836813, "max": 0.791151940823, "dvar": 0.000406096660299, "mean": 0.485641151667, "dvar2": 0.000714057066943, "min": -1, "var": 0.0316418930888, "median": 0.470928668976}, "key_scale": "major", "chords_number_rate": 0.00197160872631, "thpcp": [1, 0.561787843704, 0.144389495254, 0.0936608985066, 0.0955181643367, 0.220760494471, 0.308928996325, 0.217792063951, 0.417053252459, 0.81335735321, 0.59285402298, 0.166374385357, 0.0881409794092, 0.121833927929, 0.539135098457, 0.863357722759, 0.455123335123, 0.0808421894908, 0.0638960078359, 0.0956388041377, 0.460565179586, 0.889668345451, 0.66146838665, 0.309861898422, 0.238001927733, 0.131082177162, 0.0668691471219, 0.0605829656124, 0.0943426787853, 0.404671341181, 0.706953823566, 0.440112441778, 0.101939000189, 0.0597105883062, 0.134516730905, 0.638602018356], "key_strength": 0.674411952496, "tuning_nontempered_energy_ratio": 0.643062353134, "tuning_frequency": 442.548919678, "chords_changes_rate": 0.0467271283269, "tuning_diatonic_strength": 0.529768705368, "chords_scale": "minor", "chords_histogram": [19.854101181, 1.95189273357, 12.0070981979, 0.611198723316, 3.82492113113, 0.0394321754575, 1.61671924591, 0.63091480732, 0, 0, 0.788643538952, 0, 0, 0, 0.078864350915, 0, 0, 0.236593052745, 0, 2.22791790962, 2.22791790962, 18.0205039978, 3.76577281952, 32.1175079346], "tuning_equal_tempered_deviation": 0.0226313620806, "hpcp": {"dmean": [0.0967301204801, 0.0816930085421, 0.12269730866, 0.162843927741, 0.149069577456, 0.0725650861859, 0.0430135801435, 0.0549482032657, 0.116993479431, 0.146828979254, 0.10653642565, 0.0368187204003, 0.0289508160204, 0.0457147695124, 0.127291440964, 0.185509800911, 0.175405666232, 0.10888633132, 0.0676562413573, 0.0483894683421, 0.0333679951727, 0.0282425619662, 0.044461607933, 0.110070407391, 0.158191204071, 0.125003457069, 0.0456120930612, 0.0292506925762, 0.0621601007879, 0.161741435528, 0.195428088307, 0.152267515659, 0.0654172152281, 0.0409230776131, 0.0447381511331, 0.0762984082103], "dmean2": [0.16607747972, 0.143587470055, 0.2087469697, 0.268308609724, 0.24799670279, 0.129410788417, 0.0785009339452, 0.0978450924158, 0.191615656018, 0.237030014396, 0.173432990909, 0.0669902414083, 0.0537828058004, 0.0833939686418, 0.214035093784, 0.311254233122, 0.296959578991, 0.190577670932, 0.117290899158, 0.0846363827586, 0.0607321225107, 0.0511806569993, 0.0799032449722, 0.180713415146, 0.257341593504, 0.203677013516, 0.0804325565696, 0.0533687919378, 0.109934166074, 0.265464276075, 0.322932034731, 0.252322971821, 0.11558368057, 0.0731921941042, 0.0811402797699, 0.132371872663], "max": [1, 1, 1, 1, 1, 1, 1, 1, 1, 1, 1, 1, 1, 1, 1, 1, 1, 1, 1, 1, 1, 1, 1, 1, 1, 1, 1, 1, 1, 1, 1, 1, 1, 1, 1, 1], "dvar": [0.0290417745709, 0.0197132639587, 0.0285675674677, 0.0456945039332, 0.0374327600002, 0.0183270219713, 0.0123435435817, 0.0122771374881, 0.0247283428907, 0.038530908525, 0.0186721533537, 0.0102796833962, 0.00956605374813, 0.0125633664429, 0.0297245122492, 0.0514137111604, 0.0445616804063, 0.0284193120897, 0.0227818153799, 0.0136836310849, 0.0117165949196, 0.00818992033601, 0.00849245861173, 0.0210090707988, 0.0395501591265, 0.0281845424324, 0.0086185997352, 0.00577150098979, 0.0122131630778, 0.0334357880056, 0.0505493879318, 0.0319446139038, 0.0158339776099, 0.0114781642333, 0.0147925112396, 0.0218920279294], "mean": [0.128040239215, 0.0902671739459, 0.172853961587, 0.337108105421, 0.245717212558, 0.0689563527703, 0.0365313477814, 0.0504958927631, 0.223452597857, 0.357831507921, 0.188632667065, 0.0335062555969, 0.0264826565981, 0.0396389327943, 0.190888121724, 0.368736356497, 0.274155467749, 0.128426894546, 0.0986434593797, 0.0543289668858, 0.0277149192989, 0.0251095164567, 0.0391017347574, 0.167722091079, 0.293007582426, 0.182411178946, 0.0422501415014, 0.0247479453683, 0.0557524673641, 0.264678150415, 0.414464950562, 0.23284137249, 0.0598443858325, 0.0388191603124, 0.0395889319479, 0.0914974883199], "dvar2": [0.0757898166776, 0.0547102540731, 0.080541074276, 0.107279017568, 0.0951209291816, 0.0521890074015, 0.0353358983994, 0.0340750403702, 0.064017906785, 0.0852200165391, 0.0476510748267, 0.0307842306793, 0.0278571080416, 0.036938585341, 0.075813703239, 0.124974839389, 0.11169924587, 0.0772501453757, 0.0583948977292, 0.0364611819386, 0.0328752659261, 0.0228082574904, 0.0241196006536, 0.0551791116595, 0.0907066911459, 0.0702782049775, 0.0241634435952, 0.0158575680107, 0.0345828942955, 0.0846200063825, 0.11470156163, 0.0810287967324, 0.0442673526704, 0.0304749161005, 0.0427706167102, 0.0597051270306], "min": [0, 0, 0, 0, 0, 0, 0, 0, 0, 0, 0, 0, 0, 0, 0, 0, 0, 0, 0, 0, 0, 0, 0, 0, 0, 0, 0, 0, 0, 0, 0, 0, 0, 0, 0, 0], "var": [0.0475205034018, 0.0217954963446, 0.0419859550893, 0.128710195422, 0.0826517865062, 0.0156580582261, 0.00942814629525, 0.0124600306153, 0.0607087537646, 0.134673640132, 0.0419084168971, 0.00900438055396, 0.00964605808258, 0.0104580270126, 0.051381547004, 0.133563220501, 0.0846265628934, 0.0425969958305, 0.0520230345428, 0.0176396481693, 0.0090769296512, 0.00764324981719, 0.0074818120338, 0.039477840066, 0.102937802672, 0.0508268810809, 0.00793233700097, 0.00515184551477, 0.0112405661494, 0.0686307027936, 0.133467406034, 0.0597071908414, 0.0156504623592, 0.0140115004033, 0.0128647238016, 0.0264573600143], "median": [0.0327334776521, 0.0322794020176, 0.0910054296255, 0.186824798584, 0.121377527714, 0.0226865950972, 0.00615303497761, 0.0128098838031, 0.120393902063, 0.21135237813, 0.106887355447, 0.00643941666931, 0.00116369978059, 0.00493336748332, 0.0925884395838, 0.209365174174, 0.156442806125, 0.0354877375066, 0.00514249876142, 0.00301907211542, 0.0032090768218, 0.0029785274528, 0.0101511199027, 0.0903247892857, 0.160906642675, 0.0867129266262, 0.0106779988855, 0.00319062918425, 0.014939904213, 0.173755124211, 0.292280465364, 0.144062846899, 0.0114623978734, 0.00287539418787, 0.00339751923457, 0.0222038291395]}}, "lowlevel": {"melbands_flatness_db": {"dmean": 0.0229246914387, "dmean2": 0.0342057235539, "max": 0.635347902775, "dvar": 0.000617366109509, "mean": 0.314069926739, "dvar2": 0.00130828644615, "min": 0.00288017862476, "var": 0.00828565377742, "median": 0.321369856596}, "melbands_crest": {"dmean": 2.81419825554, "dmean2": 4.50207090378, "max": 32.7935333252, "dvar": 6.58635187149, "mean": 12.1451196671, "dvar2": 16.4787654877, "min": 1.52291285992, "var": 20.5328636169, "median": 11.2761163712}, "spectral_entropy": {"dmean": 0.176437646151, "dmean2": 0.259657293558, "max": 9.82579898834, "dvar": 0.0412043854594, "mean": 6.52254104614, "dvar2": 0.0847986787558, "min": 4.08029317856, "var": 0.530098438263, "median": 6.43192195892}, "melbands": {"dmean": [0.000116049421194, 0.000286407710519, 0.000149622603203, 0.000215930806007, 0.000311752344714, 0.000223284849199, 0.000172299289261, 0.000162342490512, 0.000119399766845, 4.83971052745e-05, 4.87460565637e-05, 4.81945644424e-05, 5.40105284017e-05, 7.02017277945e-05, 3.28692985931e-05, 1.29426225612e-05, 1.62116411957e-05, 8.96405526873e-06, 3.24657912643e-06, 3.91287176171e-06, 2.56214798355e-06, 2.7267542464e-06, 1.69607176304e-06, 3.99750007318e-07, 3.43667807101e-07, 7.02762577021e-07, 4.3894283408e-07, 1.91421420936e-07, 1.86069541996e-07, 1.7525660212e-07, 2.08553188941e-07, 1.81467129323e-07, 1.32845727308e-07, 1.11020739268e-07, 8.87465461119e-08, 6.65120154508e-08, 5.10320674607e-08, 4.63909124448e-08, 3.92694836648e-08, 7.19521722203e-08], "dmean2": [0.000192487990716, 0.000474711996503, 0.000250127457548, 0.000364540610462, 0.000492550781928, 0.00029393346631, 0.000231482947129, 0.000204485069844, 0.000171013380168, 7.11134853191e-05, 7.18253213563e-05, 7.09594824002e-05, 8.51526565384e-05, 0.000108314612589, 5.16338550369e-05, 2.03535910259e-05, 2.70433993137e-05, 1.42325807246e-05, 5.11610733156e-06, 6.11681889495e-06, 3.7907971091e-06, 4.11329847338e-06, 2.68240341939e-06, 6.33527349692e-07, 5.69460667066e-07, 1.08136612198e-06, 7.04513865912e-07, 3.01773297906e-07, 2.96840227065e-07, 2.78714026081e-07, 3.53581896206e-07, 2.99343895449e-07, 2.15274894799e-07, 1.79694467306e-07, 1.41888989447e-07, 1.05927057348e-07, 8.5130700711e-08, 7.35377412298e-08, 5.82883785682e-08, 7.00832032408e-08], "max": [0.00664500659332, 0.0211611315608, 0.00765413697809, 0.0107789477333, 0.023910401389, 0.0281192734838, 0.0124831935391, 0.0122471246868, 0.00594824226573, 0.00455390056595, 0.00306555768475, 0.00507189054042, 0.00641359528527, 0.00640514213592, 0.00320800184272, 0.00151441746857, 0.00189005210996, 0.00275171897374, 0.00109625561163, 0.00171965092886, 0.00261082383804, 0.00212554587051, 0.000953324779402, 0.000105010149127, 0.000136430622661, 0.00128091173247, 0.00027870174381, 4.82189061586e-05, 3.00693300233e-05, 2.65519483946e-05, 0.000291611388093, 0.000147636601469, 2.63767688011e-05, 4.81410970679e-05, 3.29847534886e-05, 2.1237117835e-05, 1.52676839207e-05, 1.49294201037e-05, 7.07454455551e-05, 0.000283555098576], "dvar": [9.52433083512e-08, 5.94485754846e-07, 9.41119253639e-08, 2.02053271892e-07, 4.50079852499e-07, 1.77734705176e-07, 1.00732613362e-07, 1.08419385469e-07, 8.1111977579e-08, 1.3653424169e-08, 1.84954167537e-08, 2.11206891976e-08, 3.32673373293e-08, 5.8407835013e-08, 1.80117591952e-08, 1.98440064381e-09, 3.51066420379e-09, 2.3001052174e-09, 2.43922049226e-10, 5.16070075562e-10, 9.16712705745e-10, 1.16219711632e-09, 3.01825786586e-10, 3.68251653129e-12, 4.84280931329e-12, 1.8462309459e-10, 1.75828986787e-11, 1.03201822088e-12, 7.1422078321e-13, 6.61086474191e-13, 1.61292819378e-11, 4.74609804582e-12, 6.17753298602e-13, 7.76975272315e-13, 5.03321830828e-13, 2.79482247892e-13, 1.94833434325e-13, 1.52214314287e-13, 2.54855896586e-13, 2.59404173489e-12], "mean": [0.000212812563404, 0.000454822031315, 0.000283076835331, 0.000400489254389, 0.000597560021561, 0.000614015967585, 0.00043898037984, 0.000399964832468, 0.000222753864364, 8.80752922967e-05, 9.78919852059e-05, 0.000104165716039, 9.29881425691e-05, 0.000130414875457, 5.6056673202e-05, 2.4719931389e-05, 2.86333033728e-05, 1.68014375959e-05, 5.58895317226e-06, 8.22622223495e-06, 5.19309742231e-06, 4.42766668129e-06, 2.8529532301e-06, 8.62044657879e-07, 6.71202826652e-07, 1.01199407254e-06, 6.75197668443e-07, 3.80992474902e-07, 3.81227778234e-07, 3.54672266667e-07, 3.55391591711e-07, 3.22184519064e-07, 2.4616579708e-07, 1.94321430058e-07, 1.54269557129e-07, 1.13498970222e-07, 8.72170815569e-08, 7.82030724622e-08, 1.13107674338e-07, 2.32144344636e-07], "dvar2": [2.58383124674e-07, 1.41675707255e-06, 2.57601982412e-07, 5.9237527239e-07, 1.12858469947e-06, 2.59458886376e-07, 1.8097675536e-07, 1.60162031193e-07, 1.63676446618e-07, 2.77256475556e-08, 3.93350987338e-08, 5.36062252365e-08, 8.24058759008e-08, 1.37855465709e-07, 4.33755396045e-08, 4.68031080558e-09, 9.47294065412e-09, 5.04739849916e-09, 5.2115128879e-10, 9.97637861211e-10, 1.61662239151e-09, 2.03446637315e-09, 7.24923787665e-10, 9.92018359819e-12, 1.38327517843e-11, 2.84742646128e-10, 3.7202244757e-11, 2.58519204308e-12, 1.75646465688e-12, 1.57921429839e-12, 4.67267093074e-11, 1.33751803036e-11, 1.43626159143e-12, 1.90283314279e-12, 1.1372393912e-12, 6.91370192433e-13, 4.87714306874e-13, 3.67424325557e-13, 4.26938622259e-13, 2.41042277284e-12], "min": [7.01161364843e-25, 1.6601313482e-24, 1.13847646563e-24, 5.69120150198e-25, 9.18552201837e-25, 1.82324510365e-24, 1.56211794452e-24, 1.51148964049e-24, 1.48691573582e-24, 1.99157244082e-24, 1.57271362838e-24, 1.59532721369e-24, 1.2569906879e-24, 2.49920620826e-24, 3.10576727475e-24, 1.04969677746e-24, 2.57773316986e-24, 2.63841747828e-24, 3.16922778191e-24, 3.91782285995e-24, 3.44568132513e-24, 3.72982744547e-24, 3.91445757933e-24, 4.76910317315e-24, 4.21364412168e-24, 3.6809614567e-24, 4.37957706879e-24, 5.2568176111e-24, 4.54021675923e-24, 4.28124910683e-24, 4.74835849793e-24, 4.76416135401e-24, 5.76194181479e-24, 5.15653840169e-24, 6.04303662115e-24, 5.55591698433e-24, 5.68760547954e-24, 5.50966291401e-24, 5.70327777914e-24, 6.52554142167e-24], "var": [2.18731884161e-07, 1.00229681266e-06, 2.25274263244e-07, 5.40771907254e-07, 1.39145151934e-06, 1.44996772633e-06, 5.64966342154e-07, 5.73871432152e-07, 2.16135191522e-07, 4.09496827558e-08, 5.34590576251e-08, 6.65390658128e-08, 6.33802770267e-08, 1.40818684713e-07, 3.70092259061e-08, 8.47879189081e-09, 8.13726597215e-09, 6.52437348592e-09, 4.92204998981e-10, 1.40660671999e-09, 1.61717372826e-09, 2.13133533045e-09, 5.05164465814e-10, 7.09792597961e-12, 5.42991563171e-12, 3.12372822053e-10, 2.24429589496e-11, 1.69826338322e-12, 1.51937707207e-12, 1.3729980694e-12, 9.7859532977e-12, 3.73801900891e-12, 1.24970194783e-12, 1.14174219124e-12, 8.3589683569e-13, 4.47277821334e-13, 3.2739403636e-13, 3.8621073028e-13, 3.12696201397e-12, 3.27825301627e-11], "median": [4.21571603511e-05, 0.000145501675433, 0.000120388889627, 0.000158351584105, 0.000221818525461, 0.000234881808865, 0.000159221133799, 0.000115812232252, 5.6481876527e-05, 2.23842998821e-05, 1.6877625967e-05, 1.08664953586e-05, 1.16434812298e-05, 1.10074179247e-05, 4.37561448052e-06, 2.32463730754e-06, 1.93998539544e-06, 1.21002904052e-06, 8.4904064579e-07, 7.85269605785e-07, 5.07800393734e-07, 3.22694944543e-07, 2.48466676567e-07, 1.54130461283e-07, 1.27384367943e-07, 7.48242356963e-08, 7.23743482922e-08, 5.36725437428e-08, 4.18190744256e-08, 3.60778464881e-08, 2.51101219817e-08, 1.96170883981e-08, 1.30670336773e-08, 9.28813914669e-09, 6.25612672778e-09, 3.8106442446e-09, 2.67314370639e-09, 1.58900914649e-09, 1.02390518286e-09, 6.83233081222e-10]}, "silence_rate_60dB": {"dmean": 0.0477223433554, "dmean2": 0.0954540967941, "max": 1, "dvar": 0.0454519875348, "mean": 0.234151631594, "dvar2": 0.100926205516, "min": 0, "var": 0.179316416383, "median": 0}, "spectral_energyband_middle_high": {"dmean": 0.00105725554749, "dmean2": 0.00163550267462, "max": 0.0751948356628, "dvar": 9.31350859901e-06, "mean": 0.00320874154568, "dvar2": 2.30545592785e-05, "min": 1.1643559698e-21, "var": 4.51810810773e-05, "median": 0.000626001565251}, "erbbands_skewness": {"dmean": 0.436263591051, "dmean2": 0.638109385967, "max": 10.9096384048, "dvar": 0.200498074293, "mean": 0.897920370102, "dvar2": 0.425477713346, "min": -2.85560512543, "var": 1.36102604866, "median": 0.780099630356}, "dynamic_complexity": 5.32516908646, "dissonance": {"dmean": 0.0353872962296, "dmean2": 0.0584080554545, "max": 0.500000178814, "dvar": 0.00105840270407, "mean": 0.415048003197, "dvar2": 0.00284199905582, "min": 0.130971238017, "var": 0.0028876112774, "median": 0.422957926989}, "spectral_skewness": {"dmean": 0.632252931595, "dmean2": 1.05116713047, "max": 10.0372619629, "dvar": 0.441105246544, "mean": 3.39453077316, "dvar2": 1.16211223602, "min": -0.0710328146815, "var": 2.57929754257, "median": 3.18496108055}, "spectral_kurtosis": {"dmean": 9.52000808716, "dmean2": 16.083650589, "max": 142.669204712, "dvar": 129.155548096, "mean": 24.2757282257, "dvar2": 349.84362793, "min": -1.27421426773, "var": 468.663818359, "median": 17.8750343323}, "gfcc": {"cov": [[20470.7871094, 1281.12023926, -3003.76611328, 488.841308594, -1231.83972168, 341.21395874, -155.064941406, -227.537414551, -6.58528423309, -11.9903745651, 60.1272850037, 49.8102378845, 126.777671814], [1281.12023926, 2647.78198242, 48.7482032776, -531.216186523, 327.518768311, -188.410675049, 198.47517395, -176.629043579, 210.286895752, -176.171173096, 161.147857666, -106.434913635, 86.1905212402], [-3003.76611328, 48.7482032776, 1739.39221191, 334.700439453, 50.6879272461, 41.8073692322, 56.0750732422, 88.8857116699, -14.9481334686, 30.2492332458, -59.3887367249, -17.9416332245, -46.7810554504], [488.841308594, -531.216186523, 334.700439453, 779.802124023, -165.453689575, 84.3593521118, 1.85976290703, 41.7543907166, 18.1645431519, 75.0059890747, -34.8529853821, 26.6623783112, 7.26029539108], [-1231.83972168, 327.518768311, 50.6879272461, -165.453689575, 487.184417725, -39.1903572083, 1.31392431259, 17.6655960083, 31.1384983063, -33.282497406, 16.4600429535, -18.0753974915, -11.826625824], [341.21395874, -188.410675049, 41.8073692322, 84.3593521118, -39.1903572083, 229.659957886, 95.2193527222, 21.8537254333, -24.5868625641, 33.0817337036, -1.36297953129, 16.6039924622, 8.3861989975], [-155.064941406, 198.47517395, 56.0750732422, 1.85976290703, 1.31392431259, 95.2193527222, 242.927719116, 27.5507659912, 12.442032814, 3.24262237549, 47.3462562561, -3.71747469902, 25.6716346741], [-227.537414551, -176.629043579, 88.8857116699, 41.7543907166, 17.6655960083, 21.8537254333, 27.5507659912, 133.061950684, 17.1855754852, 15.6501464844, -27.6901473999, 7.82228136063, -19.4466323853], [-6.58528423309, 210.286895752, -14.9481334686, 18.1645431519, 31.1384983063, -24.5868625641, 12.442032814, 17.1855754852, 167.841171265, 17.4329948425, 16.4506053925, -15.7931632996, 26.5949726105], [-11.9903745651, -176.171173096, 30.2492332458, 75.0059890747, -33.282497406, 33.0817337036, 3.24262237549, 15.6501464844, 17.4329948425, 99.7473220825, 21.8891296387, 6.79883718491, -5.41628313065], [60.1272850037, 161.147857666, -59.3887367249, -34.8529853821, 16.4600429535, -1.36297953129, 47.3462562561, -27.6901473999, 16.4506053925, 21.8891296387, 109.799301147, 33.3985176086, 22.7047195435], [49.8102378845, -106.434913635, -17.9416332245, 26.6623783112, -18.0753974915, 16.6039924622, -3.71747469902, 7.82228136063, -15.7931632996, 6.79883718491, 33.3985176086, 77.7002639771, 33.3155059814], [126.777671814, 86.1905212402, -46.7810554504, 7.26029539108, -11.826625824, 8.3861989975, 25.6716346741, -19.4466323853, 26.5949726105, -5.41628313065, 22.7047195435, 33.3155059814, 84.7952575684]], "mean": [-146.425292969, 161.23840332, -109.308387756, -5.69828796387, -62.3515090942, -7.66025972366, -31.6676311493, -10.6347007751, -15.5709018707, -2.87458300591, -7.61344957352, -0.782006919384, -7.56733226776], "icov": [[0.000179029579158, -0.000406066566939, 0.000408272113418, -0.000349361303961, 0.000479734648252, -0.000558045459911, 0.000539543223567, -0.000418118084781, 0.000382087164326, -0.000255164457485, 0.00021909204952, -0.000218343528104, 0.000154085748363], [-0.000406066566939, 0.00187039701268, -0.00113268522546, 0.00117256375961, -0.00133401050698, 0.00168378220405, -0.00186858221423, 0.00187003810424, -0.0018747827271, 0.00202046660706, -0.00174528884236, 0.00178678170778, -0.00089499814203], [0.000408272113418, -0.00113268522546, 0.00165245856624, -0.00118944759015, 0.00096932152519, -0.00125254679006, 0.00109878624789, -0.0013406429207, 0.00120540976059, -0.000998550211079, 0.00108861539047, -0.000802252616268, 0.000755233224481], [-0.000349361303961, 0.00117256375961, -0.00118944759015, 0.00255636894144, -0.00054419162916, 0.000890119525138, -0.00123126222752, 0.00118777446914, -0.00154663331341, 0.000104196398752, -0.000159617746249, 0.000186299177585, -0.000602106330916], [0.000479734648252, -0.00133401050698, 0.00096932152519, -0.00054419162916, 0.00374877639115, -0.00161542894784, 0.00189219403546, -0.00200466951355, 0.000845185248181, -0.000233017228311, 1.72846630448e-05, -0.000337911507813, 0.000718255760148], [-0.000558045459911, 0.00168378220405, -0.00125254679006, 0.000890119525138, -0.00161542894784, 0.00822446215898, -0.00505895819515, 0.0021833369974, -0.000717703253031, -0.000922114646528, 0.00117420859169, -0.000905470107682, -0.000443233904662], [0.000539543223567, -0.00186858221423, 0.00109878624789, -0.00123126222752, 0.00189219403546, -0.00505895819515, 0.00918980315328, -0.00489045772702, 0.00235936581157, 0.000204862095416, -0.00381411239505, 0.00333281676285, -0.00235032662749], [-0.000418118084781, 0.00187003810424, -0.0013406429207, 0.00118777446914, -0.00200466951355, 0.0021833369974, -0.00489045772702, 0.0130210127681, -0.00435029482469, -0.000125445556478, 0.00415085395798, -0.00471748458222, 0.00395268155262], [0.000382087164326, -0.0018747827271, 0.00120540976059, -0.00154663331341, 0.000845185248181, -0.000717703253031, 0.00235936581157, -0.00435029482469, 0.00988573022187, -0.00337101332843, -0.000499019399285, 0.00302944518626, -0.00376379094087], [-0.000255164457485, 0.00202046660706, -0.000998550211079, 0.000104196398752, -0.000233017228311, -0.000922114646528, 0.000204862095416, -0.000125445556478, -0.00337101332843, 0.0159827247262, -0.00731642218307, 0.00376546103507, 0.000293660006719], [0.00021909204952, -0.00174528884236, 0.00108861539047, -0.000159617746249, 1.72846630448e-05, 0.00117420859169, -0.00381411239505, 0.00415085395798, -0.000499019399285, -0.00731642218307, 0.0193676259369, -0.0123141817749, 0.0033951071091], [-0.000218343528104, 0.00178678170778, -0.000802252616268, 0.000186299177585, -0.000337911507813, -0.000905470107682, 0.00333281676285, -0.00471748458222, 0.00302944518626, 0.00376546103507, -0.0123141817749, 0.0266267228872, -0.0118706189096], [0.000154085748363, -0.00089499814203, 0.000755233224481, -0.000602106330916, 0.000718255760148, -0.000443233904662, -0.00235032662749, 0.00395268155262, -0.00376379094087, 0.000293660006719, 0.0033951071091, -0.0118706189096, 0.0196567792445]]}, "spectral_complexity": {"dmean": 1.38631439209, "dmean2": 2.30490088463, "max": 35, "dvar": 1.74569296837, "mean": 9.68746948242, "dvar2": 4.32822608948, "min": 0, "var": 25.6595859528, "median": 9}, "spectral_flux": {"dmean": 0.0118925524876, "dmean2": 0.0197672061622, "max": 0.245668336749, "dvar": 0.000185347918887, "mean": 0.0462077148259, "dvar2": 0.000481166818645, "min": 6.34247585007e-11, "var": 0.000983133795671, "median": 0.0381821766496}, "spectral_energyband_low": {"dmean": 0.00107978470623, "dmean2": 0.00176204158925, "max": 0.0739061534405, "dvar": 7.53500989958e-06, "mean": 0.002029085299, "dvar2": 1.78941409104e-05, "min": 1.55998521962e-23, "var": 1.55528632604e-05, "median": 0.000726061873138}, "spectral_decrease": {"dmean": 9.40800770621e-10, "dmean2": 1.41059608438e-09, "max": 1.85134180728e-28, "dvar": 2.2368775289e-18, "mean": -3.89362231346e-09, "dvar2": 5.22592817317e-18, "min": -4.15581418167e-08, "var": 2.4600611152e-17, "median": -1.97001881475e-09}, "barkbands_spread": {"dmean": 1.8750038147, "dmean2": 2.86100578308, "max": 100.338005066, "dvar": 10.5009994507, "mean": 8.69673633575, "dvar2": 21.4451580048, "min": 0.302727937698, "var": 83.7939224243, "median": 6.49854660034}, "spectral_rms": {"dmean": 0.000432596949395, "dmean2": 0.000634428171907, "max": 0.0127862263471, "dvar": 2.18365414639e-07, "mean": 0.00327191781253, "dvar2": 4.87464092203e-07, "min": 3.08353299491e-12, "var": 4.43904991698e-06, "median": 0.00277769053355}, "spectral_centroid": {"dmean": 81.8094024658, "dmean2": 125.306884766, "max": 11788.1201172, "dvar": 46086.3632812, "mean": 766.410583496, "dvar2": 84893.359375, "min": 138.470062256, "var": 1330767.625, "median": 536.852416992}, "barkbands_skewness": {"dmean": 0.489770591259, "dmean2": 0.741055309772, "max": 9.68680858612, "dvar": 0.306319177151, "mean": 1.14715385437, "dvar2": 0.721563339233, "min": -2.88344073296, "var": 1.42606198788, "median": 0.952144026756}, "spectral_rolloff": {"dmean": 144.685913086, "dmean2": 244.149856567, "max": 19401.4160156, "dvar": 169657.09375, "mean": 1096.59887695, "dvar2": 367579.59375, "min": 43.06640625, "var": 4613560.5, "median": 602.9296875}, "erbbands_spread": {"dmean": 3.53300976753, "dmean2": 5.23723363876, "max": 129.447555542, "dvar": 24.8771762848, "mean": 16.3752841949, "dvar2": 51.7133407593, "min": 0.629827141762, "var": 186.681793213, "median": 12.5011053085}, "barkbands": {"dmean": [1.09797956611e-05, 0.000521185458638, 0.000661886879243, 0.00027446585591, 0.00120278378017, 0.00121247209609, 0.00078153697541, 0.00086411612574, 0.00028073656722, 0.000382696831366, 0.000411226123106, 0.000557198305614, 0.000102286234323, 0.000156606765813, 6.14960226812e-05, 4.50758452644e-05, 5.37187479495e-05, 1.06430297819e-05, 1.45721060107e-05, 7.78063895268e-06, 5.770014468e-06, 8.5108958956e-06, 5.21839501744e-06, 3.62146784028e-06, 7.99921690486e-06, 3.7220604554e-06, 1.96156534571e-07], "dmean2": [1.73286789504e-05, 0.000874875404406, 0.001092515653, 0.000469748396426, 0.00197836430743, 0.0016984238755, 0.00107569096144, 0.00113740866072, 0.000411625194829, 0.000558918400202, 0.000649210065603, 0.000863883178681, 0.000162102296599, 0.000256686937064, 9.76749070105e-05, 7.13892950444e-05, 7.99275294412e-05, 1.7053574993e-05, 2.27457221627e-05, 1.24926145872e-05, 9.06656441657e-06, 1.39812436828e-05, 8.15505882201e-06, 5.72809813093e-06, 7.45852048567e-06, 5.28865166416e-06, 3.33615730597e-07], "max": [0.000527757278178, 0.0301159210503, 0.0537778884172, 0.0193521156907, 0.0681874379516, 0.11513555795, 0.0412806980312, 0.0411727689207, 0.0242467392236, 0.0311466660351, 0.0447128787637, 0.0573601983488, 0.0109411431476, 0.0264546778053, 0.0118514308706, 0.0146142980084, 0.043465282768, 0.00390333612449, 0.0210301149637, 0.00193119724281, 0.00116352865007, 0.00824059452862, 0.00227953353897, 0.00137176434509, 0.0327345840633, 0.0108703644946, 0.000124723752378], "dvar": [7.39001637662e-10, 1.80842619102e-06, 3.66771064364e-06, 3.05645073695e-07, 6.26269775239e-06, 5.45351167602e-06, 2.03434615287e-06, 3.18623165185e-06, 4.30807546081e-07, 1.15435602766e-06, 1.73815556082e-06, 4.60857154394e-06, 1.23915086192e-07, 3.85715424045e-07, 1.09644830104e-07, 5.26007397639e-08, 3.81439036801e-07, 4.52938797579e-09, 5.23496765936e-08, 2.17087525733e-09, 7.77336361946e-10, 1.40445264307e-08, 1.80694181839e-09, 9.17897868824e-10, 2.45317082204e-08, 4.40793757051e-09, 3.47637088387e-12], "mean": [2.03695290111e-05, 0.000899236183614, 0.000942153856158, 0.000464636133984, 0.00236842082813, 0.00315545685589, 0.00179753650445, 0.00191383925267, 0.000500257185195, 0.000840811466333, 0.000718456867617, 0.000985564780422, 0.000195652610273, 0.000273070123512, 0.000106221115857, 9.63140410022e-05, 8.87191272341e-05, 2.10757370951e-05, 2.27943091886e-05, 1.55104862642e-05, 1.37078941407e-05, 1.51423346324e-05, 9.89599629975e-06, 6.91893046678e-06, 3.41374907293e-05, 1.68613332789e-05, 3.4860551068e-07], "dvar2": [1.79351256069e-09, 4.95021367897e-06, 8.33781632537e-06, 8.82312406247e-07, 1.74299584614e-05, 1.09361417344e-05, 3.95143297283e-06, 5.43793339602e-06, 8.69110124313e-07, 2.76361197393e-06, 4.29417559644e-06, 1.08383137558e-05, 2.96945330547e-07, 9.55824020821e-07, 2.55594102327e-07, 1.07743773015e-07, 6.84425231157e-07, 1.18588721065e-08, 8.40308942429e-08, 5.59517099319e-09, 1.80328718624e-09, 3.99482544822e-08, 4.03408639826e-09, 2.20320228728e-09, 2.18790265905e-08, 1.02952384395e-08, 9.37405621876e-12], "min": [2.41845944139e-25, 2.39023316003e-24, 2.50576982682e-25, 4.09624480639e-25, 2.302613196e-24, 7.99321516369e-24, 7.22268896362e-24, 8.8363071007e-24, 1.52032776197e-23, 1.18209165817e-23, 1.06064163087e-23, 1.12902277626e-23, 1.57027559459e-23, 3.26160978369e-23, 3.80484212222e-23, 5.37447148195e-23, 5.9649565887e-23, 9.97807629147e-23, 1.27018533317e-22, 1.77658417832e-22, 2.13545151914e-22, 3.31370199268e-22, 3.57697756715e-22, 5.44901643935e-22, 8.82386133686e-22, 1.06177002382e-21, 1.99061902984e-21], "var": [1.91429827545e-09, 3.68339829038e-06, 5.70006750422e-06, 8.62762590259e-07, 1.8345845092e-05, 3.47493005393e-05, 9.19096964935e-06, 1.34489646371e-05, 1.29308762098e-06, 4.05420769312e-06, 3.49594165527e-06, 1.01599889604e-05, 4.83794110551e-07, 8.88952399691e-07, 2.57909078982e-07, 1.52858532942e-07, 6.87636941166e-07, 5.82242076774e-09, 8.65317488774e-08, 2.954893219e-09, 1.95117988433e-09, 1.02560298032e-08, 3.1696991698e-09, 2.81388201628e-09, 5.6495980516e-07, 9.44932736502e-08, 1.39388440026e-11], "median": [5.14224257131e-06, 0.000208675497561, 0.000256137602264, 0.000151244952576, 0.000940042897128, 0.00128866021987, 0.000649343943223, 0.000470628874609, 0.000131169974338, 9.56876610871e-05, 8.65175534273e-05, 7.71731574787e-05, 2.03154304472e-05, 1.84146974789e-05, 1.2627158867e-05, 9.56309486355e-06, 6.3765505729e-06, 3.26060171574e-06, 2.59635294242e-06, 2.1083392312e-06, 1.43391821439e-06, 8.98359758139e-07, 4.09052915984e-07, 1.70344293338e-07, 7.07518168497e-08, 4.14733918319e-08, 1.23391661333e-08]}, "melbands_kurtosis": {"dmean": 3.72220206261, "dmean2": 5.79196596146, "max": 206.800033569, "dvar": 60.0712203979, "mean": 6.83556032181, "dvar2": 147.825744629, "min": -1.73829388618, "var": 128.906600952, "median": 3.13187599182}, "erbbands_crest": {"dmean": 2.91388082504, "dmean2": 4.52026176453, "max": 31.9366321564, "dvar": 7.29666376114, "mean": 12.1441049576, "dvar2": 16.4700183868, "min": 2.65957546234, "var": 24.4505844116, "median": 11.1887645721}, "melbands_skewness": {"dmean": 0.489852070808, "dmean2": 0.740680336952, "max": 11.329117775, "dvar": 0.278623133898, "mean": 1.36570012569, "dvar2": 0.642515361309, "min": -2.25529193878, "var": 1.25185906887, "median": 1.17306745052}, "spectral_energyband_middle_low": {"dmean": 0.00287269079126, "dmean2": 0.00417455937713, "max": 0.121717445552, "dvar": 1.94275507965e-05, "mean": 0.0105212526396, "dvar2": 4.3554657168e-05, "min": 1.75177216782e-22, "var": 0.000178103204235, "median": 0.00545461848378}, "spectral_contrast_coeffs": {"dmean": [0.0471935681999, 0.0428238809109, 0.0336693301797, 0.0264401827008, 0.0180756766349, 0.0133923441172], "dmean2": [0.0783394277096, 0.0679343640804, 0.0540414042771, 0.0431023538113, 0.0290941782296, 0.0214080139995], "max": [-0.295909583569, -0.380600124598, -0.50697696209, -0.525168061256, -0.5753428936, -0.578942298889], "dvar": [0.0014770446578, 0.00122287182603, 0.000761386298109, 0.000456193520222, 0.00027448948822, 0.000156530717504], "mean": [-0.625334084034, -0.69769769907, -0.739980518818, -0.777341425419, -0.818995118141, -0.785054147243], "dvar2": [0.00401922594756, 0.00305791199207, 0.0018778553931, 0.00117367960047, 0.000650492554996, 0.000370103749447], "min": [-0.976595282555, -0.976832747459, -0.97758513689, -0.976038098335, -0.967458069324, -0.964515030384], "var": [0.00735158612952, 0.00613597966731, 0.00541179534048, 0.00491352984682, 0.00276966835372, 0.00275881681591], "median": [-0.626651346684, -0.698773801327, -0.737378716469, -0.786158919334, -0.826656579971, -0.777096807957]}, "spectral_contrast_valleys": {"dmean": [0.39936542511, 0.339041888714, 0.290349781513, 0.256650269032, 0.231750428677, 0.272832602262], "dmean2": [0.664085447788, 0.544133961201, 0.467597067356, 0.402307033539, 0.342247009277, 0.389020591974], "max": [-5.5382437706, -4.25374317169, -5.21079778671, -6.60508680344, -6.3638086319, -8.01973056793], "dvar": [0.146895244718, 0.124981142581, 0.108192622662, 0.0984125062823, 0.123994529247, 0.186560899019], "mean": [-8.34076690674, -7.13513994217, -8.27379608154, -9.23761177063, -9.70854187012, -12.5347967148], "dvar2": [0.334484964609, 0.260047793388, 0.20860272646, 0.174333006144, 0.201214060187, 0.319951981306], "min": [-28.1245613098, -28.1304187775, -27.7940273285, -27.6033821106, -27.5166034698, -27.4211387634], "var": [5.38669157028, 5.50635910034, 5.20461416245, 4.68701839447, 4.77165746689, 3.68594455719], "median": [-7.93030166626, -6.78079795837, -8.02351093292, -8.93484210968, -9.39476203918, -12.5889549255]}, "silence_rate_20dB": {"dmean": 0, "dmean2": 0, "max": 1, "dvar": 0, "mean": 1, "dvar2": 0, "min": 1, "var": 0, "median": 1}, "silence_rate_30dB": {"dmean": 0.00138039828744, "dmean2": 0.00276106898673, "max": 1, "dvar": 0.00137849303428, "mean": 0.997732400894, "dvar2": 0.00314788497053, "min": 0, "var": 0.00226245052181, "median": 1}, "spectral_strongpeak": {"dmean": 0.441836327314, "dmean2": 0.723229110241, "max": 26.9220752716, "dvar": 0.741229712963, "mean": 0.944856822491, "dvar2": 1.75269961357, "min": 0, "var": 1.63419520855, "median": 0.564308643341}, "spectral_spread": {"dmean": 400540.875, "dmean2": 620804.625, "max": 51024992, "dvar": 728167219200, "mean": 2903878.75, "dvar2": 1205864103940.0, "min": 653549.125, "var": 17532087959600.0, "median": 2041244.75}, "barkbands_flatness_db": {"dmean": 0.0209245234728, "dmean2": 0.03105061315, "max": 0.471906930208, "dvar": 0.000463105359813, "mean": 0.231159865856, "dvar2": 0.000986020197161, "min": 0.0177636444569, "var": 0.0041789081879, "median": 0.235165208578}, "pitch_salience": {"dmean": 0.0660240724683, "dmean2": 0.106490932405, "max": 0.920861303806, "dvar": 0.003467296483, "mean": 0.591097712517, "dvar2": 0.00889491755515, "min": 0.144799947739, "var": 0.0102349938825, "median": 0.5994592309}, "erbbands_kurtosis": {"dmean": 2.23088526726, "dmean2": 3.38537025452, "max": 217.827423096, "dvar": 22.6938381195, "mean": 3.70232510567, "dvar2": 45.8534164429, "min": -1.84282255173, "var": 61.3626327515, "median": 1.43481254578}, "average_loudness": 0.110054060817, "barkbands_crest": {"dmean": 2.26347494125, "dmean2": 3.61487317085, "max": 25.7838554382, "dvar": 4.103099823, "mean": 9.9503326416, "dvar2": 10.3602485657, "min": 2.26041388512, "var": 13.0918092728, "median": 9.22560691833}, "hfc": {"dmean": 2.1747546196, "dmean2": 3.1331140995, "max": 494.170013428, "dvar": 24.0499973297, "mean": 9.1251373291, "dvar2": 48.5929069519, "min": 1.0669329574e-16, "var": 313.227661133, "median": 3.87703633308}, "barkbands_kurtosis": {"dmean": 3.53909301758, "dmean2": 5.54089975357, "max": 231.019226074, "dvar": 69.5608062744, "mean": 6.30863666534, "dvar2": 180.871383667, "min": -1.82250416279, "var": 167.002731323, "median": 2.58744049072}, "erbbands": {"dmean": [0.00959642603993, 0.14198449254, 0.685344219208, 0.7238702178, 1.70288932323, 5.35252475739, 9.44361686707, 9.45567512512, 11.3628463745, 14.3278999329, 15.6544427872, 7.70668935776, 9.66679286957, 11.5126543045, 20.2466506958, 27.0425243378, 5.46799659729, 7.58130311966, 4.78670930862, 1.97986710072, 2.25640439987, 2.32722115517, 0.919155240059, 0.43891119957, 0.855699717999, 0.321491330862, 0.250122189522, 0.302910983562, 0.274983108044, 0.194173172116, 0.13544690609, 0.0848396345973, 0.0621997304261, 0.0709510073066, 0.0634631440043, 0.0238327365369, 0.0041977846995, 0.000538179010618, 3.03483757307e-05, 5.31886507815e-06], "dmean2": [0.01553145051, 0.240460723639, 1.13532841206, 1.18531179428, 2.91047549248, 9.07974910736, 14.7134466171, 12.2353210449, 15.2259674072, 18.3546257019, 22.1832561493, 11.2568311691, 14.1729860306, 17.0531749725, 31.964094162, 41.8761940002, 8.66339683533, 12.5251102448, 7.59550046921, 3.00607872009, 3.41147637367, 3.54102039337, 1.427770257, 0.710155844688, 1.32273638248, 0.505208015442, 0.392516851425, 0.49880567193, 0.441337257624, 0.309886097908, 0.212917149067, 0.138032719493, 0.0962256789207, 0.064795255661, 0.0542239844799, 0.0238683111966, 0.00592329027131, 0.000691076624207, 4.36598347733e-05, 7.78087724029e-06], "max": [0.529138445854, 8.05390930176, 52.9202232361, 41.5867080688, 91.5575332642, 309.623626709, 770.574401855, 1459.31225586, 927.502624512, 1069.40771484, 751.323486328, 650.175415039, 620.09564209, 1192.84033203, 2374.81396484, 2911.85595703, 501.658782959, 823.485656738, 1235.26257324, 1536.34411621, 1433.125, 1842.46325684, 374.477020264, 154.635482788, 1399.93493652, 61.5868911743, 38.2936210632, 291.397827148, 158.124160767, 65.3602752686, 46.2167358398, 26.4149150848, 45.5782279968, 256.31137085, 262.204284668, 93.9362792969, 9.08402061462, 0.478662401438, 0.0177064351737, 0.00149013043847], "dvar": [0.000684819242451, 0.134396195412, 3.73287987709, 2.97599697113, 11.4347038269, 154.150894165, 473.297363281, 351.20223999, 477.171813965, 792.828796387, 1300.87207031, 304.039855957, 719.307189941, 1141.60095215, 4961.70996094, 12018.5947266, 270.731842041, 679.803466797, 634.656311035, 233.119796753, 306.502380371, 712.035400391, 44.9205589294, 7.63751125336, 233.476287842, 3.13503146172, 1.37079775333, 17.1341686249, 6.66288137436, 2.00588393211, 1.19084954262, 0.502741217613, 0.294610023499, 1.90999734402, 1.41367948055, 0.199335411191, 0.00263325241394, 3.16787700285e-05, 4.01160136221e-08, 1.30560617873e-10], "mean": [0.0199340507388, 0.231673464179, 0.991131901741, 1.30397450924, 3.06977844238, 9.25588130951, 17.5415420532, 26.2500152588, 29.3391819, 35.3864212036, 30.9207458496, 15.0274467468, 19.8314189911, 26.1434860229, 35.5052566528, 47.1328010559, 11.645606041, 14.7840518951, 9.38126564026, 4.34104728699, 4.91791057587, 3.98066592216, 1.77904438972, 0.912742912769, 1.27041566372, 0.65819901228, 0.585131108761, 0.601316928864, 0.534024000168, 0.376131772995, 0.254920721054, 0.155843541026, 0.129971072078, 0.236938253045, 0.2950540483, 0.134473249316, 0.0196572896093, 0.0017872962635, 7.92177597759e-05, 2.10738835449e-05], "dvar2": [0.00175928522367, 0.366351515055, 8.71500396729, 7.34104299545, 35.9968833923, 462.889801025, 1174.27868652, 454.615631104, 817.612121582, 1224.41540527, 2615.24121094, 623.74230957, 1507.94299316, 2907.99707031, 12316.96875, 28173.8203125, 648.84362793, 1829.59338379, 1447.51293945, 416.288391113, 551.186035156, 1244.71276855, 110.340858459, 18.2226657867, 376.003326416, 7.4923992157, 3.24398446083, 48.9878692627, 18.0611743927, 4.73985004425, 2.65583992004, 1.22366070747, 0.662101745605, 1.2709864378, 1.19960534573, 0.166671857238, 0.00528362253681, 5.03957307956e-05, 7.24280084796e-08, 2.54160192892e-10], "min": [6.55434864978e-23, 6.60194132239e-22, 1.83517894882e-21, 2.91704637172e-21, 9.83776726943e-21, 1.55365392423e-20, 2.67139739814e-20, 7.17021674582e-20, 8.92261050574e-20, 1.42407582278e-19, 2.20201062531e-19, 2.63090816731e-19, 3.26605957614e-19, 5.06764188968e-19, 4.67197968921e-19, 9.72700810853e-19, 9.73885850478e-19, 1.71991187653e-18, 1.82228716126e-18, 3.26437378206e-18, 3.22336692357e-18, 4.46424289434e-18, 5.65292004614e-18, 6.16781019896e-18, 7.35249909943e-18, 8.58410485708e-18, 7.7238122046e-18, 8.40440152336e-18, 9.77596045038e-18, 1.00363552529e-17, 1.05583442697e-17, 1.03525384246e-17, 9.32803635842e-18, 8.40538090521e-18, 6.49268455736e-18, 3.92089235178e-18, 2.00005220401e-18, 9.41958643387e-19, 2.62518847187e-19, 2.53581167131e-20], "var": [0.00221166550182, 0.238773822784, 5.65572357178, 5.85327529907, 26.1890830994, 361.95425415, 1410.96679688, 3080.62207031, 2703.72998047, 4166.10791016, 3704.06787109, 973.214538574, 2111.92626953, 3763.01733398, 9413.79394531, 25616.9257812, 1110.84484863, 1796.39477539, 1802.10827637, 459.794281006, 622.43359375, 1352.85168457, 74.7163162231, 11.4093647003, 380.744049072, 5.13713979721, 3.33972859383, 12.2778339386, 7.0416059494, 3.50443744659, 2.11023688316, 0.932945668697, 1.64335203171, 28.9679431915, 39.4611968994, 7.80688810349, 0.0884219035506, 0.000412121327827, 4.75480248951e-07, 2.25057417147e-09], "median": [0.00261952588335, 0.0630618780851, 0.300087630749, 0.51117759943, 1.31077516079, 3.03279805183, 6.43935537338, 9.62626647949, 10.5821113586, 10.6979160309, 8.52068138123, 4.41974067688, 3.72803521156, 3.18881225586, 4.29917430878, 3.49580192566, 1.43333399296, 1.19615161419, 0.808892190456, 0.585483074188, 0.517559885979, 0.327141106129, 0.228827044368, 0.167769178748, 0.111751414835, 0.0935787856579, 0.0695952773094, 0.0518308952451, 0.0329418294132, 0.0188564192504, 0.0103777963668, 0.00501363072544, 0.00218537542969, 0.000940604601055, 0.000414915499277, 0.000195818793145, 7.90498888819e-05, 1.72969812411e-05, 7.61686169426e-06, 9.96658582153e-06]}, "spectral_energy": {"dmean": 0.00372173520736, "dmean2": 0.00557185057551, "max": 0.167574763298, "dvar": 3.52010756615e-05, "mean": 0.0155231133103, "dvar2": 8.2214246504e-05, "min": 9.7458799434e-21, "var": 0.000391231675167, "median": 0.00790845416486}, "zerocrossingrate": {"dmean": 0.00390538340434, "dmean2": 0.00495864730328, "max": 0.5283203125, "dvar": 4.2863728595e-05, "mean": 0.0387471355498, "dvar2": 5.87630456721e-05, "min": 0.005859375, "var": 0.00