{"tonal": {"hpcp": {"dvar": [0.0429418571293, 0.0335054434836, 0.0286935307086, 0.0311046522111, 0.0312694422901, 0.0329180173576, 0.04022147879, 0.0547411851585, 0.0731241926551, 0.0916347801685, 0.0865835547447, 0.0901685282588, 0.0951238721609, 0.0829179957509, 0.0810102969408, 0.0904887244105, 0.0873203724623, 0.0834504142404, 0.078135073185, 0.0616329312325, 0.046289280057, 0.0402891710401, 0.040236890316, 0.0424646921456, 0.0702253431082, 0.0338445752859, 0.0242423731834, 0.0221414454281, 0.0275706090033, 0.0517759025097, 0.0635845139623, 0.0417485721409, 0.0298970397562, 0.0261975247413, 0.0303590558469, 0.0385859943926], "var": [0.0300575904548, 0.0236676875502, 0.0187978819013, 0.0219832137227, 0.0235521923751, 0.021540556103, 0.0257998295128, 0.0411286540329, 0.0782581716776, 0.126238673925, 0.107868075371, 0.0840773954988, 0.0824452191591, 0.0704298242927, 0.0665344595909, 0.0828270837665, 0.0862642526627, 0.0880436450243, 0.090407922864, 0.063239723444, 0.0375467501581, 0.0280132889748, 0.0274089165032, 0.0405818447471, 0.0796906203032, 0.0327306129038, 0.0157888252288, 0.0155994817615, 0.0182609725744, 0.0354916602373, 0.0495448857546, 0.0353551506996, 0.0209372937679, 0.0176206510514, 0.0205893982202, 0.0260367840528], "median": [0.0100854970515, 0.0112399244681, 0.0142440786585, 0.0151361376047, 0.0127496998757, 0.0101098399609, 0.0100609371439, 0.0167815499008, 0.0472553856671, 0.0786244049668, 0.080851636827, 0.0514347963035, 0.0276583153754, 0.0230485796928, 0.022171953693, 0.0241842977703, 0.0300111118704, 0.032787039876, 0.0301484111696, 0.0254373140633, 0.0237353462726, 0.0192756857723, 0.013908947818, 0.0194680858403, 0.019072951749, 0.0156932659447, 0.00892320927233, 0.00868085678667, 0.0104238837957, 0.0186486858875, 0.0279060620815, 0.0249695032835, 0.0146053144708, 0.00974297523499, 0.00962466467172, 0.0105161434039], "max": [1, 1, 1, 1, 1, 1, 1, 1, 1, 1, 1, 1, 1, 1, 1, 1, 1, 1, 1, 1, 1, 1, 1, 1, 1, 1, 1, 1, 1, 1, 1, 1, 1, 1, 1, 1], "dmean": [0.0969878137112, 0.0834405049682, 0.0773324891925, 0.0843777507544, 0.0860191956162, 0.0839529111981, 0.0957488939166, 0.139072746038, 0.211185649037, 0.25247630477, 0.254408627748, 0.244456857443, 0.224149152637, 0.197984337807, 0.192584693432, 0.205324470997, 0.211636245251, 0.209442958236, 0.191326931119, 0.1608684659, 0.124240942299, 0.103763408959, 0.0938624739647, 0.126171708107, 0.164936557412, 0.106237597764, 0.0592908896506, 0.0598122738302, 0.0753167718649, 0.119324609637, 0.150177761912, 0.117530994117, 0.0815232843161, 0.0680223479867, 0.074239961803, 0.0907097235322], "dmean2": [0.180548518896, 0.155419379473, 0.144275158644, 0.156226247549, 0.159547552466, 0.158010974526, 0.181347861886, 0.257736414671, 0.375886589289, 0.450805544853, 0.455431103706, 0.4469011724, 0.414562344551, 0.364863425493, 0.356080949306, 0.380909353495, 0.389833539724, 0.384245157242, 0.349891722202, 0.289561629295, 0.225895211101, 0.192144915462, 0.176877692342, 0.228245377541, 0.300451815128, 0.192681849003, 0.110033333302, 0.110130719841, 0.141300603747, 0.22327144444, 0.276892274618, 0.213988989592, 0.150642499328, 0.12659522891, 0.13878570497, 0.168938606977], "mean": [0.0702397823334, 0.0619143806398, 0.0570414364338, 0.0654051452875, 0.0670894607902, 0.0590648464859, 0.0639444887638, 0.0994032248855, 0.191642418504, 0.280754178762, 0.25986713171, 0.197775676847, 0.16942755878, 0.14762571454, 0.144812583923, 0.165093973279, 0.180178016424, 0.190527871251, 0.184527933598, 0.143610626459, 0.100918672979, 0.0794507563114, 0.0680493712425, 0.112131468952, 0.155484005809, 0.0968210399151, 0.0438501425087, 0.0456131137908, 0.0541598238051, 0.0879092216492, 0.118555389345, 0.0982539728284, 0.0629032254219, 0.0498385578394, 0.0527304895222, 0.0642279237509], "dvar2": [0.119653634727, 0.093624047935, 0.0811659395695, 0.0871286019683, 0.0882029384375, 0.0946803018451, 0.115520566702, 0.151766479015, 0.196528539062, 0.233714684844, 0.225511550903, 0.24236010015, 0.252089440823, 0.222387626767, 0.224489957094, 0.24922695756, 0.242987811565, 0.230737432837, 0.213601469994, 0.166038393974, 0.127346485853, 0.116487577558, 0.118255108595, 0.115875303745, 0.179454267025, 0.092366874218, 0.0704504474998, 0.0635037049651, 0.0791332945228, 0.143753662705, 0.175013557076, 0.115150310099, 0.0845648869872, 0.0738440081477, 0.0842702761292, 0.107108235359], "min": [0, 0, 0, 0, 0, 0, 0, 0, 0, 0, 0, 0, 0, 0, 0, 0, 0, 0, 0, 0, 0, 0, 0, 0, 0, 0, 0, 0, 0, 0, 0, 0, 0, 0, 0, 0]}, "key_key": "C", "thpcp": [1, 0.925603806973, 0.704444289207, 0.603472948074, 0.525818407536, 0.515798509121, 0.58803743124, 0.641764342785, 0.678628802299, 0.657258033752, 0.511517345905, 0.359455645084, 0.282990455627, 0.242380619049, 0.399393767118, 0.55380833149, 0.344860553741, 0.156186968088, 0.16246637702, 0.192908346653, 0.313118129969, 0.422274708748, 0.349964410067, 0.22405089438, 0.177516713738, 0.187817290425, 0.228769257665, 0.250182509422, 0.220528796315, 0.203172177076, 0.232962325215, 0.238961577415, 0.210379227996, 0.227759703994, 0.354057878256, 0.682598650455], "chords_key": "C", "tuning_equal_tempered_deviation": 0.106834642589, "tuning_frequency": 434.193115234, "tuning_diatonic_strength": 0.501371085644, "chords_histogram": [56.9289741516, 0.346905231476, 0, 1.11374843121, 0.547745108604, 1.84407520294, 1.49716997147, 8.70914745331, 0, 2.79350018501, 2.59266018867, 0.109549023211, 0, 0.018258171156, 0.474712431431, 0.51122879982, 0, 0, 0.0730326846242, 0, 2.44659495354, 1.04071569443, 4.45499372482, 14.4969873428], "key_strength": 0.509822785854, "key_scale": "minor", "chords_strength": {"dvar": 0.000103073572973, "var": 0.0109014092013, "median": 0.494616746902, "max": 0.809858381748, "dmean": 0.0129072023556, "dmean2": 0.0160905588418, "mean": 0.490674197674, "dvar2": 0.000172208252479, "min": 0.223477035761}, "chords_number_rate": 0.00200839876197, "tuning_nontempered_energy_ratio": 0.850078463554, "hpcp_entropy": {"dvar": 0.408602297306, "var": 0.725722551346, "median": 2.46306443214, "max": 4.83811998367, "dmean": 0.800667405128, "dmean2": 1.35844743252, "mean": 2.44782328606, "dvar2": 1.15075731277, "min": 0}, "chords_changes_rate": 0.0843527466059, "chords_scale": "minor"}, "rhythm": {"bpm_histogram_first_peak_spread": {"dvar": 0, "var": 0, "median": 0.294736862183, "max": 0.294736862183, "dmean": 0, "dmean2": 0, "mean": 0.294736862183, "dvar2": 0, "min": 0.294736862183}, "bpm_histogram_first_peak_weight": {"dvar": 0, "var": 0, "median": 0.680203020573, "max": 0.680203020573, "dmean": 0, "dmean2": 0, "mean": 0.680203020573, "dvar2": 0, "min": 0.680203020573}, "bpm_histogram_first_peak_bpm": {"dvar": 0, "var": 0, "median": 140, "max": 140, "dmean": 0, "dmean2": 0, "mean": 140, "dvar2": 0, "min": 140}, "bpm": 139.95715332, "bpm_histogram_second_peak_weight": {"dvar": 0, "var": 0, "median": 0.0101522840559, "max": 0.0101522840559, "dmean": 0, "dmean2": 0, "mean": 0.0101522840559, "dvar2": 0, "min": 0.0101522840559}, "beats_loudness": {"dvar": 0.000710433814675, "var": 0.00167507026345, "median": 0.0896746665239, "max": 0.190328419209, "dmean": 0.0332378670573, "dmean2": 0.057258669287, "mean": 0.0861182138324, "dvar2": 0.00221658707596, "min": 2.50622127218e-11}, "beats_loudness_band_ratio": {"dvar": [0.0202186442912, 0.00195234594867, 0.00532068032771, 0.00896473415196, 0.000834477657918, 0.00798463542014], "var": [0.0421172007918, 0.00260892044753, 0.00830399058759, 0.0111600486562, 0.00080547912512, 0.00604078220204], "median": [0.837679505348, 0.0422355011106, 0.0302913133055, 0.0160657521337, 0.0140270199627, 0.040488563478], "max": [0.96564656496, 0.380109459162, 0.924234449863, 0.864410758018, 0.285966485739, 0.831555426121], "dmean": [0.127549752593, 0.0422325879335, 0.0470930673182, 0.0417010858655, 0.020057246089, 0.0535487607121], "dmean2": [0.222465649247, 0.0730989649892, 0.0801469534636, 0.0729821249843, 0.0349640212953, 0.0995413288474], "mean": [0.76645731926, 0.0576087720692, 0.0572655275464, 0.0492024160922, 0.0235022585839, 0.0572760477662], "dvar2": [0.0551921017468, 0.00549660809338, 0.0135001866147, 0.0247554238886, 0.00238614296541, 0.0219283029437], "min": [0, 0, 0, 0, 0, 0]}, "bpm_histogram_second_peak_bpm": {"dvar": 0, "var": 0, "median": 133, "max": 133, "dmean": 0, "dmean2": 0, "mean": 133, "dvar2": 0, "min": 133}, "onset_rate": 3.58657312393, "beats_count": 592, "beats_position": [0.441179126501, 0.905578196049, 1.369977355, 1.82276642323, 2.27555561066, 2.71673464775, 3.15791368484, 3.59909296036, 4.02866220474, 4.45823097229, 4.88780021667, 5.31736946106, 5.74693870544, 6.17650794983, 6.60607719421, 7.03564596176, 7.46521520615, 7.89478445053, 8.32435321808, 8.75392246246, 9.18349170685, 9.61306095123, 10.0310201645, 10.4605894089, 10.8901586533, 11.3197278976, 11.749297142, 12.1672563553, 12.6084346771, 13.0263938904, 13.4559631348, 13.8855323792, 14.3151016235, 14.7446708679, 15.1742401123, 15.6038093567, 16.0333786011, 16.4629478455, 16.8925170898, 17.3220863342, 17.7400455475, 18.1696147919, 18.5991840363, 19.0403633118, 19.458322525, 19.8878898621, 20.3174591064, 20.7470283508, 21.1765975952, 21.6061668396, 22.035736084, 22.4536952972, 22.8948745728, 23.312833786, 23.7540130615, 24.1719722748, 24.6015415192, 25.0311107635, 25.4606800079, 25.8902492523, 26.3198184967, 26.7493877411, 27.1673469543, 27.5969161987, 28.0264854431, 28.4560546875, 28.8856239319, 29.3151912689, 29.7447605133, 30.1743297577, 30.6038990021, 31.0334682465, 31.4630374908, 31.8809967041, 32.322177887, 32.7401351929, 33.1697044373, 33.5992736816, 34.028842926, 34.4584121704, 34.8995895386, 35.3175506592, 35.7471199036, 36.1766891479, 36.5946464539, 37.0242156982, 37.4537849426, 37.883354187, 38.3129234314, 38.7424926758, 39.1720619202, 39.6016311646, 40.0312004089, 40.4607696533, 40.8903388977, 41.3083000183, 41.7494773865, 42.1674385071, 42.6086158752, 43.0265769958, 43.467754364, 43.8857116699, 44.3152809143, 44.7448501587, 45.1744194031, 45.6039886475, 46.0335578918, 46.4631271362, 46.8810882568, 47.3106575012, 47.7402267456, 48.16979599, 48.5993652344, 49.0289344788, 49.4585037231, 49.8880729675, 50.3176422119, 50.7355995178, 51.1767807007, 51.5947380066, 52.024307251, 52.4538764954, 52.8834457397, 53.3130149841, 53.7425842285, 54.1721534729, 54.6017227173, 55.0312919617, 55.4608612061, 55.8904304504, 56.3199996948, 56.7495689392, 57.1791381836, 57.608707428, 58.0382766724, 58.4678459167, 58.8858032227, 59.315372467, 59.7449417114, 60.1745109558, 60.6040802002, 61.0220413208, 61.4516105652, 61.8811798096, 62.3223571777, 62.7403144836, 63.1814956665, 63.5994529724, 64.0290222168, 64.4585952759, 64.8881607056, 65.3177337646, 65.7356872559, 66.1652603149, 66.5948257446, 67.0243988037, 67.4539642334, 67.8835372925, 68.3131027222, 68.7542877197, 69.1722412109, 69.60181427, 70.0313796997, 70.4609527588, 70.8905181885, 71.3200912476, 71.7496566772, 72.1676177979, 72.608795166, 73.0267562866, 73.4679336548, 73.8858947754, 74.3154602051, 74.7450332642, 75.1745986938, 75.6041717529, 76.0337371826, 76.4633102417, 76.8812713623, 77.310836792, 77.7404098511, 78.1699752808, 78.5995483398, 79.0291137695, 79.4586868286, 79.8882522583, 80.3178253174, 80.7473907471, 81.1769561768, 81.6065292358, 82.0360946655, 82.4540557861, 82.8836288452, 83.3131942749, 83.7543716431, 84.1723327637, 84.6019058228, 85.0314712524, 85.4610443115, 85.8906097412, 86.3201828003, 86.74974823, 87.1793212891, 87.6088867188, 88.0268478394, 88.456413269, 88.8859863281, 89.3155517578, 89.7451248169, 90.1746902466, 90.6042633057, 91.0222167969, 91.451789856, 91.8813552856, 92.3109283447, 92.7404937744, 93.1700668335, 93.5996322632, 94.0292053223, 94.458770752, 94.888343811, 95.3179092407, 95.7474822998, 96.1770477295, 96.6066207886, 97.0361862183, 97.4657592773, 97.895324707, 98.3132858276, 98.7428588867, 99.1724243164, 99.6019973755, 100.031562805, 100.461128235, 100.890701294, 101.308662415, 101.749839783, 102.167800903, 102.608978271, 103.026939392, 103.456504822, 103.886077881, 104.327255249, 104.74521637, 105.174781799, 105.604354858, 106.02230835, 106.451881409, 106.881446838, 107.311019897, 107.740585327, 108.170158386, 108.599723816, 109.040908813, 109.458862305, 109.888435364, 110.318000793, 110.735961914, 111.177139282, 111.595100403, 112.036277771, 112.454238892, 112.883804321, 113.31337738, 113.754554749, 114.172515869, 114.602081299, 115.031654358, 115.449615479, 115.879180908, 116.308753967, 116.749931335, 117.167892456, 117.609069824, 118.027030945, 118.456596375, 118.886169434, 119.315734863, 119.745300293, 120.174873352, 120.604438782, 121.022399902, 121.463577271, 121.881538391, 122.322715759, 122.74067688, 123.181854248, 123.599815369, 124.040992737, 124.458953857, 124.888526917, 125.318092346, 125.747665405, 126.177230835, 126.595191956, 127.024757385, 127.454330444, 127.883895874, 128.313461304, 128.743041992, 129.172607422, 129.602172852, 130.031738281, 130.46131897, 130.890884399, 131.320449829, 131.750015259, 132.167984009, 132.609161377, 133.038726807, 133.468292236, 133.886260986, 134.327438354, 134.745391846, 135.174957275, 135.604537964, 136.034103394, 136.463668823, 136.881637573, 137.311203003, 137.740768433, 138.170333862, 138.599899292, 139.02947998, 139.45904541, 139.88861084, 140.31817627, 140.747756958, 141.177322388, 141.606887817, 142.036453247, 142.454421997, 142.895599365, 143.313552856, 143.754730225, 144.172698975, 144.602264404, 145.031829834, 145.461410522, 145.890975952, 146.320541382, 146.750106812, 147.168075562, 147.597640991, 148.027206421, 148.456771851, 148.886352539, 149.315917969, 149.745483398, 150.175048828, 150.604629517, 151.034194946, 151.463760376, 151.881713867, 152.322906494, 152.740859985, 153.170425415, 153.599990845, 154.029571533, 154.459136963, 154.888702393, 155.318267822, 155.747848511, 156.17741394, 156.60697937, 157.0365448, 157.45451355, 157.884078979, 158.313644409, 158.743209839, 159.172790527, 159.590744019, 160.031921387, 160.461486816, 160.891067505, 161.320632935, 161.738586426, 162.168167114, 162.597732544, 163.027297974, 163.468475342, 163.886444092, 164.316009521, 164.745574951, 165.175140381, 165.604721069, 166.034286499, 166.463851929, 166.893417358, 167.322982788, 167.740951538, 168.170516968, 168.600082397, 169.041259766, 169.459228516, 169.888793945, 170.318359375, 170.747940063, 171.177505493, 171.595458984, 172.025024414, 172.454605103, 172.884170532, 173.313735962, 173.75491333, 174.17288208, 174.60244751, 175.032012939, 175.461578369, 175.891159058, 176.320724487, 176.750289917, 177.179855347, 177.609436035, 178.027389526, 178.456954956, 178.886520386, 179.316101074, 179.745666504, 180.163619995, 180.604797363, 181.034378052, 181.463943481, 181.881896973, 182.323074341, 182.741043091, 183.182220459, 183.60017395, 184.041351318, 184.459320068, 184.900497437, 185.318450928, 185.748016357, 186.177597046, 186.595550537, 187.025115967, 187.454696655, 187.884262085, 188.313827515, 188.743392944, 189.172973633, 189.602539063, 190.032104492, 190.461669922, 190.89125061, 191.32081604, 191.75038147, 192.168334961, 192.597915649, 193.027481079, 193.457046509, 193.886611938, 194.316192627, 194.745758057, 195.175323486, 195.604888916, 196.034469604, 196.464035034, 196.881988525, 197.311553955, 197.741134644, 198.170700073, 198.600265503, 199.029830933, 199.459411621, 199.888977051, 200.31854248, 200.74810791, 201.177688599, 201.607254028, 202.036819458, 202.477996826, 202.919174194, 203.360351563, 203.720275879, 204.080184937, 204.440093994, 204.800003052, 205.148300171, 205.49659729, 205.856506348, 206.204803467, 206.645980835, 207.098770142, 207.551559448, 208.004348755, 208.445526123, 208.886703491, 209.31628418, 209.745849609, 210.175415039, 210.604980469, 211.034561157, 211.464126587, 211.882080078, 212.311645508, 212.741226196, 213.170791626, 213.600357056, 214.041534424, 214.459503174, 214.889068604, 215.318634033, 215.748199463, 216.177780151, 216.595733643, 217.025299072, 217.454864502, 217.88444519, 218.31401062, 218.74357605, 219.173141479, 219.602722168, 220.032287598, 220.450241089, 220.891418457, 221.320999146, 221.750564575, 222.168518066, 222.609695435, 223.027664185, 223.468841553, 223.886795044, 224.327972412, 224.745941162, 225.163894653, 225.593460083, 226.023040771, 226.452606201, 226.882171631, 227.311737061, 227.741317749, 228.170883179, 228.600448608, 229.041625977, 229.459594727, 229.889160156, 230.318725586, 230.736679077, 231.166259766, 231.595825195, 232.025390625, 232.454956055, 232.896133423, 233.314102173, 233.743667603, 234.173233032, 234.6144104, 235.03237915, 235.450332642, 235.89151001, 236.321090698, 236.750656128, 237.180221558, 237.609786987, 238.027755737, 238.457321167, 238.886886597, 239.316452026, 239.746032715, 240.175598145, 240.605163574, 241.023132324, 241.464309692, 241.882263184, 242.323440552, 242.741394043, 243.18258667, 243.600540161, 244.041717529, 244.459671021, 244.889251709, 245.318817139, 245.748382568, 246.177947998, 246.595916748, 247.025482178, 247.455047607, 247.884628296, 248.314193726, 248.743759155, 249.173324585, 249.602905273, 250.032470703, 250.462036133, 250.891601563, 251.344390869, 251.808792114, 252.284805298, 252.760818481, 253.236816406, 253.71282959], "danceability": 1.14614725113, "bpm_histogram_second_peak_spread": {"dvar": 0, "var": 0, "median": 0.333333343267, "max": 0.333333343267, "dmean": 0, "dmean2": 0, "mean": 0.333333343267, "dvar2": 0, "min": 0.333333343267}}, "lowlevel": {"spectral_flux": {"dvar": 0.0018455182435, "var": 0.00395365338773, "median": 0.122068665922, "max": 0.389111250639, "dmean": 0.0435029193759, "dmean2": 0.0710403099656, "mean": 0.128617569804, "dvar2": 0.00425502797589, "min": 6.54102258468e-11}, "spectral_rolloff": {"dvar": 1939044.375, "var": 3641204.75, "median": 430.6640625, "max": 19336.8164063, "dmean": 854.882751465, "dmean2": 1525.49133301, "mean": 1147.3951416, "dvar2": 4952609, "min": 43.06640625}, "barkbands_flatness_db": {"dvar": 0.00125580851454, "var": 0.0034937413875, "median": 0.142229825258, "max": 0.494115829468, "dmean": 0.0380869060755, "dmean2": 0.0595031306148, "mean": 0.146096602082, "dvar2": 0.00295044947416, "min": 0.0175100825727}, "spectral_centroid": {"dvar": 241931.953125, "var": 811217.875, "median": 1282.66894531, "max": 11599.0820313, "dmean": 424.480133057, "dmean2": 689.604675293, "mean": 1440.82226563, "dvar2": 643966.875, "min": 152.746963501}, "melbands_skewness": {"dvar": 2.4251036644, "var": 8.41873931885, "median": 4.61436414719, "max": 20.119682312, "dmean": 1.63065803051, "dmean2": 2.53195333481, "mean": 4.95304822922, "dvar2": 5.56009101868, "min": -3.76557064056}, "melbands": {"dvar": [3.17012927553e-05, 2.77134877251e-05, 8.75690602697e-06, 2.97860225373e-07, 8.75159571478e-08, 4.14456025055e-08, 7.31316092129e-08, 2.9664261092e-07, 2.08539020718e-07, 4.79890154281e-08, 1.42027660743e-08, 5.40470557198e-09, 6.28640561828e-09, 1.46853631477e-08, 1.30811832477e-08, 5.70395863875e-09, 4.38464997643e-09, 1.86600646046e-09, 1.28991750614e-09, 6.31331098511e-10, 1.1355675289e-09, 1.04906572318e-09, 2.40606867763e-09, 8.19519341277e-10, 3.58353291485e-10, 8.09032896232e-10, 9.21119791553e-10, 2.50292564452e-10, 2.5524549141e-10, 1.38832456642e-09, 3.66100233462e-10, 5.33323329943e-10, 1.09617072364e-10, 1.07925592074e-10, 1.05822628438e-10, 6.23034054903e-11, 2.52408111773e-11, 2.12825538443e-11, 3.05526715039e-11, 2.09992162548e-11], "var": [6.62624952383e-05, 5.77614882786e-05, 9.45094961935e-06, 3.49524214016e-07, 1.15214398022e-07, 5.20270617699e-08, 8.51905781474e-08, 3.11505488071e-07, 2.13167638208e-07, 6.39674340164e-08, 2.25811600529e-08, 1.16621219348e-08, 9.45926537099e-09, 2.26334631037e-08, 2.28127152724e-08, 8.96961438457e-09, 6.69114674778e-09, 3.2145541784e-09, 1.48793544152e-09, 7.21387061198e-10, 1.35876654372e-09, 1.81054615744e-09, 2.23629736951e-09, 7.38449468241e-10, 3.24443888422e-10, 5.45839151656e-10, 6.51802944951e-10, 2.62989602318e-10, 2.12224599005e-10, 8.76754058243e-10, 3.13199133295e-10, 4.14340228794e-10, 1.73091652123e-10, 1.64980029638e-10, 1.55051901873e-10, 8.426880721e-11, 4.25771952417e-11, 3.61926114079e-11, 4.48637099693e-11, 2.52091715558e-11], "median": [0.00632554106414, 0.00647301971912, 0.00162165192887, 0.000408448511735, 0.00021136351279, 0.000110895940452, 9.08224028535e-05, 0.000111532324809, 9.46171639953e-05, 6.00443527219e-05, 4.03281446779e-05, 2.86152026092e-05, 3.06368201564e-05, 3.0206872907e-05, 2.29291472351e-05, 1.60975941981e-05, 1.3775565094e-05, 1.1221593013e-05, 8.82298445504e-06, 8.79687286215e-06, 8.95913035492e-06, 9.18365549296e-06, 1.04923983599e-05, 7.31246291252e-06, 5.94927132624e-06, 5.67544884689e-06, 5.69036137676e-06, 4.91947866976e-06, 4.25673442805e-06, 5.39769007446e-06, 6.22081006441e-06, 5.82416032557e-06, 3.33160915034e-06, 2.40524400397e-06, 2.41827683567e-06, 2.17606452679e-06, 1.69179179466e-06, 1.51588608333e-06, 1.8151599761e-06, 1.57597582984e-06], "max": [0.0532555133104, 0.0487919896841, 0.0359213091433, 0.00699020270258, 0.00816335435957, 0.00786542426795, 0.00823451206088, 0.0116917164996, 0.0112789943814, 0.00695643294603, 0.00423221150413, 0.00352744013071, 0.00249137124047, 0.0028642162215, 0.0025701134, 0.00398221425712, 0.00189784239046, 0.0013623633422, 0.000775717606302, 0.000461321993498, 0.000780518224929, 0.000565645750612, 0.000573681900278, 0.000365870306268, 0.000218587039853, 0.000256284751231, 0.00023028079886, 0.000371399830328, 0.000182038609637, 0.000264557864284, 0.000142575067002, 0.000155016474309, 9.64048522292e-05, 0.000109650332888, 8.59536521602e-05, 6.06373650953e-05, 7.10490057827e-05, 4.28837738582e-05, 8.36694671307e-05, 3.92967340304e-05], "dmean": [0.00515391398221, 0.00463164923713, 0.00189208670054, 0.000385665131034, 0.000218145767576, 0.000122166384244, 0.00011811114382, 0.000226668489631, 0.000176028755959, 8.52404191392e-05, 5.72254102735e-05, 3.54646908818e-05, 4.42295349785e-05, 5.3395426221e-05, 4.41109514213e-05, 2.93295015581e-05, 2.59662047029e-05, 2.05989435926e-05, 1.76649809873e-05, 1.31504930323e-05, 1.74100096046e-05, 1.7078642486e-05, 2.48442192969e-05, 1.44536879816e-05, 1.00955830931e-05, 1.22280353025e-05, 1.35582549774e-05, 7.63833941164e-06, 8.00259476819e-06, 1.56754613272e-05, 9.90093303699e-06, 1.087682449e-05, 5.97613598075e-06, 5.85694488109e-06, 5.60215812584e-06, 4.38431379735e-06, 2.85575538328e-06, 2.86664135274e-06, 3.33137563757e-06, 2.62198341261e-06], "dmean2": [0.00813386030495, 0.00737234996632, 0.00313125224784, 0.000641234044451, 0.000351741357008, 0.00020010326989, 0.000197954737814, 0.000387947482523, 0.000300451094517, 0.000145629310282, 9.950454114e-05, 6.07879810559e-05, 7.60079346946e-05, 9.0394707513e-05, 7.3831222835e-05, 4.87685247208e-05, 4.31628832303e-05, 3.45194348483e-05, 3.10086325044e-05, 2.27088657994e-05, 3.00103856716e-05, 2.86151807813e-05, 4.45754303655e-05, 2.56965904555e-05, 1.78949594556e-05, 2.26393058256e-05, 2.50107914326e-05, 1.30813459691e-05, 1.43939050758e-05, 2.9323517083e-05, 1.78651280294e-05, 1.93805863091e-05, 9.89893487713e-06, 1.01659697975e-05, 9.78659591055e-06, 7.52630921852e-06, 4.69256474389e-06, 4.97584233017e-06, 5.82881011724e-06, 4.43660246674e-06], "mean": [0.00868620537221, 0.00842327903956, 0.00255468557589, 0.000565358786844, 0.000310468953103, 0.000167700069142, 0.000153843182488, 0.000264019501628, 0.0002158057614, 0.000114518952614, 7.75146254455e-05, 4.95306812809e-05, 5.88991133554e-05, 7.55458822823e-05, 6.39559293631e-05, 4.21734221163e-05, 3.86147075915e-05, 2.95416575682e-05, 2.14553365367e-05, 1.70671628439e-05, 2.20533474931e-05, 2.54810038314e-05, 2.88231622108e-05, 1.71455558302e-05, 1.26285067381e-05, 1.27428074848e-05, 1.4164975255e-05, 1.05885646917e-05, 9.44343446463e-06, 1.49531542775e-05, 1.22881929201e-05, 1.26926597659e-05, 9.07984849619e-06, 8.48648778629e-06, 8.29958753457e-06, 6.3819834395e-06, 4.59397278973e-06, 4.24487370765e-06, 4.6995755838e-06, 3.57785665983e-06], "dvar2": [7.65827135183e-05, 7.05177953932e-05, 2.33499376918e-05, 7.88132354046e-07, 2.1976238429e-07, 1.02130897517e-07, 1.86716135886e-07, 8.12923985904e-07, 5.66404764868e-07, 1.26145934587e-07, 3.94884125399e-08, 1.14855414068e-08, 1.74669558817e-08, 4.03897075785e-08, 3.41998642739e-08, 1.40283962224e-08, 1.14602061174e-08, 4.62251703581e-09, 3.40767747353e-09, 1.66075364572e-09, 2.92877122554e-09, 2.60890908876e-09, 6.74159927883e-09, 2.28863639151e-09, 1.01337083169e-09, 2.35164221429e-09, 2.68844657647e-09, 7.26447291211e-10, 7.59201257416e-10, 4.08281497499e-09, 1.08879982808e-09, 1.54053270141e-09, 2.9124988532e-10, 3.03210651031e-10, 2.85719059523e-10, 1.63330876601e-10, 6.46670980653e-11, 5.81614340023e-11, 8.23326545829e-11, 5.49865222799e-11], "min": [7.65314146757e-25, 1.27933142595e-24, 2.36101296324e-24, 2.83549287899e-24, 2.85999134884e-24, 2.66421816027e-24, 2.5574089575e-24, 2.03352938857e-24, 7.59595940574e-25, 3.35385791577e-24, 2.63014568005e-24, 1.24835108327e-24, 3.65484148327e-24, 3.91629089207e-24, 3.52430235839e-24, 2.87606892573e-24, 3.27279673851e-24, 3.69062658051e-24, 4.94057786812e-24, 5.42663530374e-24, 3.04892550779e-24, 4.46941215425e-24, 4.82583528845e-24, 4.64809033257e-24, 5.12966940483e-24, 4.80921477803e-24, 4.01122872429e-24, 4.86942261447e-24, 3.96343519192e-24, 4.91727570584e-24, 4.02963679351e-24, 6.31522637118e-24, 4.57276555461e-24, 4.79090097769e-24, 5.7528079888e-24, 6.4859544093e-24, 6.38605582527e-24, 7.5373860891e-24, 7.04832703774e-24, 7.36451116603e-24]}, "spectral_decrease": {"dvar": 4.11801776356e-17, "var": 1.08918444675e-16, "median": -1.46981768978e-08, "max": 1.30245947685e-28, "dmean": 6.36459596137e-09, "dmean2": 1.00284545113e-08, "mean": -1.57670410061e-08, "dvar2": 1.00632642654e-16, "min": -5.78294923059e-08}, "barkbands_kurtosis": {"dvar": 118.746368408, "var": 214.055969238, "median": 6.01576852798, "max": 198.108505249, "dmean": 7.80662345886, "dmean2": 12.4009943008, "mean": 10.7284183502, "dvar2": 280.770446777, "min": -1.91024136543}, "silence_rate_30dB": {"dvar": 0.122040838003, "var": 0.124366723001, "median": 1, "max": 1, "dmean": 0.142270117998, "dmean2": 0.284566223621, "mean": 0.854455828667, "dvar2": 0.264060378075, "min": 0}, "gfcc": {"mean": [30.6849346161, 72.2884368896, -83.951713562, 41.2394790649, -45.3693084717, 25.7508335114, -23.8122768402, 13.1178007126, -16.0000019073, 4.12117338181, -14.2537221909, 1.54690158367, -14.1220140457], "cov": [[12916.2324219, -1950.0078125, 1496.75476074, 1088.22631836, -92.4402313232, 247.602096558, -322.935089111, 453.034790039, -198.039428711, 286.994293213, -496.339569092, 41.1318244934, -400.936676025], [-1950.0078125, 2340.1953125, -555.163513184, -333.350311279, 39.3644447327, -144.751693726, 45.9287948608, -180.75390625, 165.697814941, -153.700271606, 138.864440918, -66.3449554443, 124.022567749], [1496.75476074, -555.163513184, 1202.50732422, 273.155090332, 100.904678345, 32.1318778992, -73.2658843994, 183.499862671, -79.7216796875, 156.279693604, -172.021408081, 45.3688583374, -96.3326263428], [1088.22631836, -333.350311279, 273.155090332, 464.799346924, 24.0255794525, 36.3351669312, 10.0083551407, 23.8267498016, -22.5484695435, 31.7812976837, -41.7240447998, -41.7267494202, -0.0726710185409], [-92.4402313232, 39.3644447327, 100.904678345, 24.0255794525, 230.778488159, 35.5937194824, -0.252730429173, 20.827205658, -11.8331804276, 35.2388534546, -33.2603225708, 22.8051013947, -6.93438529968], [247.602096558, -144.751693726, 32.1318778992, 36.3351669312, 35.5937194824, 129.954849243, 35.0166091919, 31.3110046387, 0.867556154728, 5.68325471878, -0.809033215046, 16.2599983215, -7.82486820221], [-322.935089111, 45.9287948608, -73.2658843994, 10.0083551407, -0.252730429173, 35.0166091919, 149.335968018, 14.2867479324, -12.9979629517, -28.5646514893, 37.3554725647, -13.9267063141, 24.8661117554], [453.034790039, -180.75390625, 183.499862671, 23.8267498016, 20.827205658, 31.3110046387, 14.2867479324, 133.170562744, 20.5798339844, 41.0810432434, -36.1187171936, 34.5579910278, -42.8558769226], [-198.039428711, 165.697814941, -79.7216796875, -22.5484695435, -11.8331804276, 0.867556154728, -12.9979629517, 20.5798339844, 139.087173462, 1.29660224915, 26.7722949982, -7.20937633514, -1.04687273502], [286.994293213, -153.700271606, 156.279693604, 31.7812976837, 35.2388534546, 5.68325471878, -28.5646514893, 41.0810432434, 1.29660224915, 108.419837952, -20.86236763, 10.304567337, -22.3820648193], [-496.339569092, 138.864440918, -172.021408081, -41.7240447998, -33.2603225708, -0.809033215046, 37.3554725647, -36.1187171936, 26.7722949982, -20.86236763, 102.573677063, 5.66696405411, 30.5480690002], [41.1318244934, -66.3449554443, 45.3688583374, -41.7267494202, 22.8051013947, 16.2599983215, -13.9267063141, 34.5579910278, -7.20937633514, 10.304567337, 5.66696405411, 88.9908065796, 0.893782436848], [-400.936676025, 124.022567749, -96.3326263428, -0.0726710185409, -6.93438529968, -7.82486820221, 24.8661117554, -42.8558769226, -1.04687273502, -22.3820648193, 30.5480690002, 0.893782436848, 90.6149520874]], "icov": [[0.000159476287081, -3.93563786929e-05, 5.37177002116e-05, -0.000366315682186, 0.000279698957456, -0.000294680212392, 0.000329784408677, -0.000345377571648, 0.000273010693491, -0.000138337985845, 0.000403307523811, -0.000125792415929, 0.000392679066863], [-3.93563786929e-05, 0.000754345965106, -0.000109920685645, 0.000543185335118, -0.000627972884104, 0.000774657470174, -0.000346984539647, 0.000663342361804, -0.00101981661282, 0.000757249479648, -0.000447118189186, 0.000462726457044, -0.000573805358727], [5.37177002116e-05, -0.000109920685645, 0.00171811960172, -0.000919593032449, 8.12703365227e-05, -1.99236865228e-06, 0.000532584672328, -0.00163632608019, 0.0010353398975, -0.00133785279468, 0.00152053881902, -0.000578368199058, 0.000474535656394], [-0.000366315682186, 0.000543185335118, -0.000919593032449, 0.00396187230945, -0.00101774686482, 0.00022321761935, -0.000911892391741, 0.00104676990304, -0.00105244026054, 0.000699965457898, -0.00115372624714, 0.00250011309981, -0.00212698243558], [0.000279698957456, -0.000627972884104, 8.12703365227e-05, -0.00101774686482, 0.00604930287227, -0.00218156934716, -0.000126968268887, 0.000195448228624, 0.000830807664897, -0.00240764045157, 0.00311215897091, -0.00222532032058, 0.00097214319976], [-0.000294680212392, 0.000774657470174, -1.99236865228e-06, 0.00022321761935, -0.00218156934716, 0.0105990674347, -0.00325595843606, 0.000274401390925, -0.00179590051994, 0.000963672762737, -0.000978134339675, -0.00136870006099, -3.39378348144e-05], [0.000329784408677, -0.000346984539647, 0.000532584672328, -0.000911892391741, -0.000126968268887, -0.00325595843606, 0.0121786249802, -0.00739480508491, 0.00438841897994, 0.00245193461888, -0.00469834124669, 0.0046900534071, -0.00243669888005], [-0.000345377571648, 0.000663342361804, -0.00163632608019, 0.00104676990304, 0.000195448228624, 0.000274401390925, -0.00739480508491, 0.0188173186034, -0.00674191769212, -0.00263491063379, 0.0047689625062, -0.00717586651444, 0.00452700303867], [0.000273010693491, -0.00101981661282, 0.0010353398975, -0.00105244026054, 0.000830807664897, -0.00179590051994, 0.00438841897994, -0.00674191769212, 0.0114418249577, -0.000765645760112, -0.0030480006244, 0.00272036041133, 0.000163064411026], [-0.000138337985845, 0.000757249479648, -0.00133785279468, 0.000699965457898, -0.00240764045157, 0.000963672762737, 0.00245193461888, -0.00263491063379, -0.000765645760112, 0.0138404695317, -0.00315493578091, 0.00202924292535, -0.000636925105937], [0.000403307523811, -0.000447118189186, 0.00152053881902, -0.00115372624714, 0.00311215897091, -0.000978134339675, -0.00469834124669, 0.0047689625062, -0.0030480006244, -0.00315493578091, 0.0191196706146, -0.00614622002468, 0.000510968500748], [-0.000125792415929, 0.000462726457044, -0.000578368199058, 0.00250011309981, -0.00222532032058, -0.00136870006099, 0.0046900534071, -0.00717586651444, 0.00272036041133, 0.00202924292535, -0.00614622002468, 0.0178687404841, -0.0043436428532], [0.000392679066863, -0.000573805358727, 0.000474535656394, -0.00212698243558, 0.00097214319976, -3.39378348144e-05, -0.00243669888005, 0.00452700303867, 0.000163064411026, -0.000636925105937, 0.000510968500748, -0.0043436428532, 0.0166575890034]]}, "silence_rate_20dB": {"dvar": 0, "var": 0, "median": 1, "max": 1, "dmean": 0, "dmean2": 0, "mean": 1, "dvar2": 0, "min": 1}, "barkbands_skewness": {"dvar": 0.983214557171, "var": 3.01396083832, "median": 2.45270967484, "max": 12.8390007019, "dmean": 1.05681049824, "dmean2": 1.64951729774, "mean": 2.62444019318, "dvar2": 2.31447219849, "min": -3.89105153084}, "erbbands_skewness": {"dvar": 0.183099985123, "var": 0.60165476799, "median": 0.00302651477978, "max": 7.24466133118, "dmean": 0.437268137932, "dmean2": 0.708764374256, "mean": 0.0287938453257, "dvar2": 0.477354675531, "min": -2.93966150284}, "spectral_contrast_valleys": {"dvar": [0.164410114288, 0.151005417109, 0.14883184433, 0.176855564117, 0.281463652849, 0.332560896873], "var": [2.47942447662, 1.90559244156, 1.79408061504, 1.81481444836, 2.31344938278, 2.87326025963], "median": [-6.1975569725, -6.32588481903, -6.88247823715, -7.31030082703, -7.09327316284, -9.10567474365], "max": [-4.87973451614, -4.97269248962, -5.35472822189, -5.65836381912, -5.23950433731, -7.45367622375], "dmean": [0.420500487089, 0.406316578388, 0.37873801589, 0.360578864813, 0.385496497154, 0.440032541752], "dmean2": [0.672193825245, 0.660312652588, 0.612503051758, 0.579465925694, 0.601600468159, 0.641486048698], "mean": [-6.5376200676, -6.55368804932, -7.08943271637, -7.50240087509, -7.39457273483, -9.50009632111], "dvar2": [0.336178600788, 0.328726887703, 0.335295587778, 0.405982702971, 0.64647257328, 0.696431338787], "min": [-29.0968208313, -28.1697845459, -27.9901065826, -27.8757286072, -27.443157196, -27.3572635651]}, "spectral_strongpeak": {"dvar": 0.161679103971, "var": 0.221220359206, "median": 0.464753270149, "max": 6.55967283249, "dmean": 0.30653694272, "dmean2": 0.517985641956, "mean": 0.566158592701, "dvar2": 0.434878051281, "min": 0}, "erbbands_crest": {"dvar": 8.01301574707, "var": 20.3151245117, "median": 5.58620166779, "max": 33.8151512146, "dmean": 2.5546336174, "dmean2": 4.29856395721, "mean": 7.10591506958, "dvar2": 20.7772579193, "min": 1.84606719017}, "barkbands_crest": {"dvar": 10.9887208939, "var": 26.365146637, "median": 13.5282945633, "max": 25.9866027832, "dmean": 3.91271066666, "dmean2": 6.30521392822, "mean": 13.8691148758, "dvar2": 26.8927116394, "min": 2.34876346588}, "spectral_energyband_middle_low": {"dvar": 7.57339439588e-05, "var": 9.11934985197e-05, "median": 0.00895176455379, "max": 0.0889600738883, "dmean": 0.00631003826857, "dmean2": 0.0104126762599, "mean": 0.0110699152574, "dvar2": 0.000201954040676, "min": 1.80396421505e-22}, "spectral_contrast_coeffs": {"dvar": [0.00207199854776, 0.0018015622627, 0.00104413123336, 0.000660880818032, 0.000533413724042, 0.000312794087222], "var": [0.00496944691986, 0.0042344648391, 0.00376701774076, 0.00263959891163, 0.00226535205729, 0.00133808061946], "median": [-0.680699944496, -0.793609917164, -0.821392655373, -0.824997663498, -0.811948895454, -0.766519665718], "max": [-0.411270588636, -0.364472299814, -0.432941704988, -0.509656131268, -0.566445231438, -0.61833012104], "dmean": [0.0560842528939, 0.0507577285171, 0.0383008345962, 0.0299290940166, 0.0243411678821, 0.0198823548853], "dmean2": [0.0928349867463, 0.0856612995267, 0.0649965256453, 0.0499563626945, 0.0396321676672, 0.0323115810752], "mean": [-0.680527925491, -0.784414827824, -0.809290587902, -0.813031256199, -0.801288425922, -0.764761865139], "dvar2": [0.00552933709696, 0.00492163561285, 0.00281477719545, 0.00172527122777, 0.00121234788094, 0.000810732017271], "min": [-0.996048867702, -0.994157671928, -0.994553029537, -0.998085260391, -0.963965237141, -0.985836684704]}, "hfc": {"dvar": 1142.63867188, "var": 1237.36364746, "median": 24.5535736084, "max": 245.435913086, "dmean": 18.1575698853, "dmean2": 31.6580142975, "mean": 35.229637146, "dvar2": 3215.66088867, "min": 1.11395261657e-16}, "spectral_energyband_high": {"dvar": 1.31290671561e-05, "var": 1.34338106363e-05, "median": 0.00132841407321, "max": 0.0239875558764, "dmean": 0.00183767196722, "dmean2": 0.00323115405627, "mean": 0.00271430821158, "dvar2": 3.7447331124e-05, "min": 6.91649654126e-21}, "erbbands_spread": {"dvar": 188.359893799, "var": 862.182128906, "median": 54.4188728333, "max": 157.299667358, "dmean": 13.7255334854, "dmean2": 21.025270462, "mean": 58.1518516541, "dvar2": 412.270050049, "min": 0.825614571571}, "dissonance": {"dvar": 0.000405936298193, "var": 0.000539958360605, "median": 0.484553158283, "max": 0.500000119209, "dmean": 0.0161122400314, "dmean2": 0.0279444586486, "mean": 0.477573513985, "dvar2": 0.00116433016956, "min": 0.236421704292}, "spectral_kurtosis": {"dvar": 7.14307355881, "var": 15.0351495743, "median": 2.26149082184, "max": 60.0713043213, "dmean": 1.39595365524, "dmean2": 2.24768471718, "mean": 3.6422097683, "dvar2": 18.9107913971, "min": -1.24048316479}, "spectral_skewness": {"dvar": 0.0754683315754, "var": 0.331571042538, "median": 1.2854886055, "max": 6.88407802582, "dmean": 0.21731801331, "dmean2": 0.335182160139, "mean": 1.43347120285, "dvar2": 0.177156224847, "min": -0.114445492625}, "pitch_salience": {"dvar": 0.00826747808605, "var": 0.0190819893032, "median": 0.475078523159, "max": 0.995593309402, "dmean": 0.108920738101, "dmean2": 0.175489500165, "mean": 0.472082316875, "dvar2": 0.0209067948163, "min": 0.0911352932453}, "spectral_complexity": {"dvar": 46.9217414856, "var": 147.953186035, "median": 21, "max": 63, "dmean": 5.86101722717, "dmean2": 9.40511417389, "mean": 22.7774829865, "dvar2": 110.868080139, "min": 0}, "spectral_spread": {"dvar": 726937829376, "var": 6886437945340.0, "median": 6214383, "max": 42522716, "dmean": 782530.375, "dmean2": 1090056.75, "mean": 6013823.5, "dvar2": 1387328176130.0, "min": 1350054.375}, "dynamic_complexity": 2.40847468376, "melbands_crest": {"dvar": 9.78063297272, "var": 23.3587856293, "median": 18.2309074402, "max": 36.4870185852, "dmean": 3.7815310955, "dmean2": 6.16297388077, "mean": 18.0373249054, "dvar2": 25.5973510742, "min": 1.51010107994}, "zerocrossingrate": {"dvar": 0.000228930293815, "var": 0.00216082832776, "median": 0.05126953125, "max": 0.52099609375, "dmean": 0.0150977494195, "dmean2": 0.0189799610525, "mean": 0.0600547157228, "dvar2": 0.000315942277666, "min": 0.001953125}, "spectral_energyband_low": {"dvar": 0.00058525725035, "var": 0.00141131004784, "median": 0.0413981601596, "max": 0.212927043438, "dmean": 0.0232813935727, "dmean2": 0.0365480743349, "mean": 0.0477739237249, "dvar2": 0.00142120756209, "min": 2.69400542972e-23}, "melbands_kurtosis": {"dvar": 1245.4987793, "var": 2535.42724609, "median": 27.1268501282, "max": 567.022460938, "dmean": 26.2851448059, "dmean2": 41.6598968506, "mean": 43.4474105835, "dvar2": 2876.45825195, "min": -1.83930706978}, "spectral_energyband_middle_high": {"dvar": 1.34016272568e-05, "var": 1.88037920452e-05, "median": 0.0027090748772, "max": 0.0364347919822, "dmean": 0.00226363516413, "dmean2": 0.00390282343142, "mean": 0.00425247708336, "dvar2": 3.69509471057e-05, "min": 1.24358981546e-21}, "barkbands_spread": {"dvar": 166.186203003, "var": 318.043762207, "median": 18.4061222076, "max": 116.489402771, "dmean": 11.1213054657, "dmean2": 18.1211261749, "mean": 23.6904296875, "dvar2": 418.580047607, "min": 0.466083586216}, "mfcc": {"mean": [-620.298034668, 105.633842468, 23.6359443665, 26.8749923706, 10.9178819656, 16.7924518585, 7.69281959534, 12.6919927597, 7.23711061478, 3.32628393173, 7.68617248535, 7.31005191803, 1.40635156631], "cov": [[8048.53759766, -1527.8548584, 979.587646484, 692.312133789, 359.157440186, 61.4910812378, 36.7410202026, 127.939208984, 213.572509766, 176.771377563, 173.729095459, -34.0424003601, -190.793930054], [-1527.8548584, 2012.03100586, -306.771697998, -191.310058594