{"tonal": {"hpcp": {"dvar": [0.0636741742492, 0.054806523025, 0.0395952984691, 0.0456081442535, 0.0526198782027, 0.0390076041222, 0.0389762818813, 0.0414631739259, 0.0303166341037, 0.0318602062762, 0.0400522388518, 0.0307326819748, 0.0245252177119, 0.0240086372942, 0.0221506282687, 0.0342112779617, 0.0529388152063, 0.0418875738978, 0.0344034954906, 0.022583335638, 0.0243059173226, 0.0352054461837, 0.042829580605, 0.0493213944137, 0.087939158082, 0.06467461586, 0.0452998280525, 0.0436769686639, 0.0305852424353, 0.0329993590713, 0.0577091276646, 0.0710861831903, 0.0496967658401, 0.0602845437825, 0.0658671334386, 0.0772294476628], "var": [0.0585855469108, 0.0702750235796, 0.0377254448831, 0.0558928325772, 0.0970880165696, 0.0519859194756, 0.033763397485, 0.0445765666664, 0.025887934491, 0.0318755358458, 0.0520857088268, 0.0295195430517, 0.0174746345729, 0.0178083144128, 0.0175737272948, 0.0471545308828, 0.101419880986, 0.0663878321648, 0.0283372048289, 0.0181744750589, 0.0181846618652, 0.0343680605292, 0.054051052779, 0.054798386991, 0.105901755393, 0.103901401162, 0.0508709177375, 0.0286554079503, 0.0205784197897, 0.0243570618331, 0.070371709764, 0.11194819212, 0.0607928335667, 0.0436404049397, 0.0504850931466, 0.0561815351248], "median": [0.063009724021, 0.0800502076745, 0.0555909499526, 0.0231560729444, 0.0193319357932, 0.0226118117571, 0.0283895526081, 0.0279556326568, 0.0315674655139, 0.041914485395, 0.0495914593339, 0.0320976674557, 0.02121867612, 0.019949445501, 0.0205613709986, 0.0618696883321, 0.0957093387842, 0.0621134862304, 0.0264734886587, 0.0157272033393, 0.0124346893281, 0.0230468325317, 0.0348575413227, 0.0625785440207, 0.123124212027, 0.146901845932, 0.0603990629315, 0.023549683392, 0.0210390128195, 0.0168944559991, 0.0268722828478, 0.0355116426945, 0.0325047187507, 0.0212484635413, 0.0178512446582, 0.0201325584203], "max": [1, 1, 1, 1, 1, 1, 1, 1, 1, 1, 1, 1, 1, 1, 1, 1, 1, 1, 1, 1, 1, 1, 1, 1, 1, 1, 1, 1, 1, 1, 1, 1, 1, 1, 1, 1], "dmean": [0.176327914, 0.170511513948, 0.131874904037, 0.12377358228, 0.120829127729, 0.112146832049, 0.113436259329, 0.116274185479, 0.0990624576807, 0.107334248722, 0.125647991896, 0.0999694541097, 0.0770738199353, 0.0760144665837, 0.0800335258245, 0.131979525089, 0.166708648205, 0.144641697407, 0.104724504054, 0.0724425166845, 0.0706016346812, 0.098745085299, 0.119030311704, 0.175583228469, 0.259694874287, 0.219332098961, 0.147251158953, 0.108896136284, 0.0875685662031, 0.0951509177685, 0.150473192334, 0.166234716773, 0.142105355859, 0.14009706676, 0.149316042662, 0.164326518774], "dmean2": [0.322386980057, 0.303343802691, 0.235302373767, 0.220433562994, 0.215826615691, 0.198245048523, 0.205250933766, 0.209864884615, 0.180262684822, 0.190313905478, 0.21850733459, 0.178378909826, 0.141573414207, 0.139817297459, 0.145704478025, 0.2289865762, 0.288280844688, 0.250027924776, 0.191553652287, 0.132897779346, 0.129958406091, 0.178799957037, 0.21373449266, 0.316643595695, 0.468365371227, 0.38700184226, 0.259347081184, 0.203827366233, 0.163974821568, 0.177129045129, 0.269760370255, 0.297744631767, 0.254048466682, 0.261841207743, 0.280955463648, 0.308277606964], "mean": [0.169170573354, 0.19789353013, 0.133918762207, 0.130165621638, 0.167828857899, 0.12416985631, 0.104905858636, 0.120418615639, 0.0934196710587, 0.111381560564, 0.144700050354, 0.10047223419, 0.0648349896073, 0.0648114457726, 0.0683831125498, 0.156571492553, 0.24914252758, 0.183746650815, 0.0891124010086, 0.0614787749946, 0.0565970763564, 0.0922626629472, 0.129049226642, 0.170412883162, 0.280685156584, 0.291400194168, 0.157033190131, 0.0820245444775, 0.0691827312112, 0.0739659070969, 0.157543003559, 0.212616756558, 0.150875121355, 0.103987924755, 0.10885386169, 0.117456719279], "dvar2": [0.175069347024, 0.142272651196, 0.106071189046, 0.1241344437, 0.126250326633, 0.104292429984, 0.111642412841, 0.113612838089, 0.0850785598159, 0.0852937176824, 0.101297162473, 0.0839473456144, 0.0703993588686, 0.0694482624531, 0.0629510357976, 0.0906436741352, 0.122823037207, 0.109803117812, 0.0982985347509, 0.0634833574295, 0.0667273402214, 0.0971022173762, 0.112600564957, 0.132875561714, 0.236945345998, 0.162525817752, 0.122598171234, 0.129093185067, 0.088454157114, 0.095057092607, 0.161545485258, 0.179084524512, 0.136171638966, 0.176581397653, 0.179692029953, 0.212250396609], "min": [0, 0, 0, 0, 0, 0, 0, 0, 0, 0, 0, 0, 0, 0, 0, 0, 0, 0, 0, 0, 0, 0, 0, 0, 0, 0, 0, 0, 0, 0, 0, 0, 0, 0, 0, 0]}, "key_key": "A#", "thpcp": [1, 0.538891851902, 0.281484186649, 0.237414836884, 0.253829300404, 0.540641367435, 0.729638338089, 0.517759144306, 0.356856048107, 0.37355452776, 0.40307700634, 0.58054381609, 0.679112553596, 0.459569901228, 0.446690231562, 0.575939416885, 0.426114529371, 0.360006123781, 0.413241356611, 0.32058891654, 0.382228851318, 0.496568143368, 0.34479123354, 0.222494661808, 0.222413867712, 0.23467078805, 0.537307441235, 0.854984104633, 0.630564630032, 0.305807620287, 0.210977122188, 0.194224566221, 0.316618412733, 0.442859083414, 0.584807038307, 0.963229119778], "chords_key": "D", "tuning_equal_tempered_deviation": 0.300132811069, "tuning_frequency": 434.193115234, "tuning_diatonic_strength": 0.531889021397, "chords_histogram": [19.1602115631, 23.8075828552, 16.6938438416, 0.346514463425, 3.36322879791, 0.428047299385, 18.8340816498, 0.570729732513, 0.0611496120691, 0, 0, 0, 0.387280881405, 0, 0, 0, 0, 0, 0, 2.44598460197, 3.13901352882, 0, 0, 10.7623319626], "key_strength": 0.662574112415, "key_scale": "major", "chords_strength": {"dvar": 6.28404523013e-05, "var": 0.00852971151471, "median": 0.567626953125, "max": 0.77379822731, "dmean": 0.00982147734612, "dmean2": 0.00950473826379, "mean": 0.5520606637, "dvar2": 6.80729281157e-05, "min": 0.232008546591}, "chords_number_rate": 0.00163065630477, "tuning_nontempered_energy_ratio": 0.96737241745, "hpcp_entropy": {"dvar": 0.39315277338, "var": 0.679304897785, "median": 2.09176635742, "max": 4.58369922638, "dmean": 0.755870461464, "dmean2": 1.28557980061, "mean": 2.07059550285, "dvar2": 1.07703959942, "min": 0}, "chords_changes_rate": 0.0472890324891, "chords_scale": "minor"}, "rhythm": {"bpm_histogram_first_peak_spread": {"dvar": 0, "var": 0, "median": 0.220408186316, "max": 0.220408186316, "dmean": 0, "dmean2": 0, "mean": 0.220408186316, "dvar2": 0, "min": 0.220408186316}, "bpm_histogram_first_peak_weight": {"dvar": 0, "var": 0, "median": 0.767068266869, "max": 0.767068266869, "dmean": 0, "dmean2": 0, "mean": 0.767068266869, "dvar2": 0, "min": 0.767068266869}, "bpm_histogram_first_peak_bpm": {"dvar": 0, "var": 0, "median": 133, "max": 133, "dmean": 0, "dmean2": 0, "mean": 133, "dvar2": 0, "min": 133}, "bpm": 131.976043701, "bpm_histogram_second_peak_weight": {"dvar": 0, "var": 0, "median": 0.0100401602685, "max": 0.0100401602685, "dmean": 0, "dmean2": 0, "mean": 0.0100401602685, "dvar2": 0, "min": 0.0100401602685}, "beats_loudness": {"dvar": 0.000434196059359, "var": 0.00058801623527, "median": 0.105577521026, "max": 0.183574482799, "dmean": 0.0213039312512, "dmean2": 0.0368155911565, "mean": 0.105153180659, "dvar2": 0.00120714865625, "min": 8.24615042916e-08}, "beats_loudness_band_ratio": {"dvar": [0.01006560307, 0.00123471405823, 0.000709444226231, 0.000700229546055, 0.00076726305997, 0.00219174590893], "var": [0.00935444701463, 0.00116944569163, 0.000671475951094, 0.000526387186255, 0.000550795870367, 0.00146373279858], "median": [0.934566140175, 0.0203059054911, 0.0121692689136, 0.0111996717751, 0.0144678801298, 0.00861249212176], "max": [0.999692976475, 0.444054245949, 0.330152124166, 0.304248571396, 0.303428739309, 0.726558685303], "dmean": [0.0517611168325, 0.0229661427438, 0.0131896762177, 0.0115503622219, 0.0135262683034, 0.0182054415345], "dmean2": [0.0940472185612, 0.0422898344696, 0.022549321875, 0.0207555126399, 0.0241617318243, 0.0355388112366], "mean": [0.917965710163, 0.0265747513622, 0.0184569917619, 0.0149506283924, 0.0177805945277, 0.0157101619989], "dvar2": [0.0262198485434, 0.00318249710836, 0.00164705351926, 0.00201788730919, 0.00219676131383, 0.00632921699435], "min": [0.0264742262661, 0.000257981009781, 1.98362995434e-05, 9.94199945126e-06, 1.61039715749e-05, 2.15259365177e-06]}, "bpm_histogram_second_peak_bpm": {"dvar": 0, "var": 0, "median": 123, "max": 123, "dmean": 0, "dmean2": 0, "mean": 123, "dvar2": 0, "min": 123}, "onset_rate": 5.58882045746, "beats_count": 499, "beats_position": [0.487619042397, 0.975238084793, 1.43963718414, 1.90403628349, 2.36843538284, 2.82122445107, 3.27401351929, 3.72680258751, 4.17959165573, 4.6439909935, 5.0967798233, 5.54956912994, 6.00235795975, 6.45514726639, 6.90793657303, 7.36072540283, 7.8251247406, 8.27791404724, 8.73070240021, 9.18349170685, 9.63628101349, 10.1006803513, 10.5534696579, 11.0062580109, 11.4590473175, 11.9118366241, 12.3646259308, 12.8174142838, 13.2818136215, 13.7346029282, 14.1873922348, 14.6401815414, 15.0929698944, 15.545759201, 15.9985485077, 16.4629478455, 16.9157371521, 17.3685264587, 17.8213157654, 18.2741031647, 18.7385025024, 19.1912918091, 19.6440811157, 20.0968704224, 20.549659729, 21.0024490356, 21.4552383423, 21.9080276489, 22.3608150482, 22.825214386, 23.2780036926, 23.7307929993, 24.1835823059, 24.6363716125, 25.1007709503, 25.553560257, 26.0063495636, 26.4591369629, 26.9119262695, 27.3647155762, 27.8175048828, 28.2702941895, 28.7230834961, 29.1758728027, 29.6402721405, 30.0930614471, 30.5458488464, 30.9986381531, 31.4630374908, 31.9158267975, 32.3686180115, 32.8214035034, 33.2741928101, 33.7385940552, 34.1797714233, 34.6441726685, 35.1085700989, 35.5497512817, 36.0141487122, 36.4669380188, 36.9197273254, 37.3725166321, 37.8253059387, 38.2780952454, 38.730884552, 39.1836738586, 39.6364631653, 40.0776405334, 40.5420417786, 41.006439209, 41.4592285156, 41.9120178223, 42.3764152527, 42.8292045593, 43.281993866, 43.7347831726, 44.1875724792, 44.6403617859, 45.0931510925, 45.5459403992, 45.9987297058, 46.4631271362, 46.9275283813, 47.3687057495, 47.8331069946, 48.2858963013, 48.7386856079, 49.1914749146, 49.6442604065, 50.0970497131, 50.5498390198, 51.0026283264, 51.4554176331, 51.9198188782, 52.3726081848, 52.8253974915, 53.2781867981, 53.73097229, 54.1953735352, 54.6481628418, 55.1009521484, 55.5537414551, 56.0065307617, 56.4709281921, 56.9237174988, 57.3765068054, 57.8292961121, 58.2820854187, 58.7464828491, 59.1992721558, 59.6520614624, 60.104850769, 60.5576400757, 61.0104293823, 61.463218689, 61.9160079956, 62.3687973022, 62.8331947327, 63.2859840393, 63.7387733459, 64.2031707764, 64.6443557739, 65.1087493896, 65.5615386963, 66.0143280029, 66.4671173096, 66.9199066162, 67.3726959229, 67.8254852295, 68.2898864746, 68.7310638428, 69.1954650879, 69.6482543945, 70.1010437012, 70.5654373169, 71.0066223145, 71.4710159302, 71.9238052368, 72.3765945435, 72.8293838501, 73.2821731567, 73.7349624634, 74.18775177, 74.6521530151, 75.1049423218, 75.5577316284, 76.0105209351, 76.4633102417, 76.9277114868, 77.3805007935, 77.8332901001, 78.2860794067, 78.738861084, 79.2032623291, 79.6444396973, 80.0972290039, 80.5500183105, 81.0144195557, 81.4672088623, 81.9199981689, 82.3843994141, 82.8371887207, 83.2899780273, 83.742767334, 84.1955566406, 84.6599502563, 85.1011352539, 85.5655288696, 86.0183181763, 86.4711074829, 86.9238967896, 87.3766860962, 87.8294754028, 88.2822647095, 88.7466659546, 89.1994552612, 89.6522445679, 90.1050338745, 90.5578231812, 91.0106124878, 91.4634017944, 91.9277954102, 92.3805847168, 92.8333740234, 93.2977752686, 93.7389526367, 94.2033538818, 94.6561431885, 95.1089324951, 95.5617218018, 96.0145111084, 96.467300415, 96.9200897217, 97.3844909668, 97.8372802734, 98.2900695801, 98.7428588867, 99.1956481934, 99.6600418091, 100.101219177, 100.565620422, 101.018409729, 101.471199036, 101.923988342, 102.376777649, 102.841178894, 103.293968201, 103.746757507, 104.199546814, 104.652336121, 105.116729736, 105.557914734, 106.02230835, 106.475097656, 106.927886963, 107.38067627, 107.833465576, 108.286254883, 108.739044189, 109.191833496, 109.644622803, 110.109024048, 110.561813354, 111.014602661, 111.479003906, 111.931785583, 112.38457489, 112.837364197, 113.290153503, 113.74294281, 114.195732117, 114.648521423, 115.10131073, 115.554100037, 116.018501282, 116.471290588, 116.935691833, 117.38848114, 117.841270447, 118.294059753, 118.74684906, 119.199638367, 119.652427673, 120.10521698, 120.557998657, 121.022399902, 121.475189209, 121.927978516, 122.380767822, 122.833557129, 123.297958374, 123.750747681, 124.203536987, 124.656326294, 125.109115601, 125.561904907, 126.014694214, 126.467483521, 126.920272827, 127.373062134, 127.82585144, 128.290252686, 128.754638672, 129.207427979, 129.660217285, 130.113006592, 130.565795898, 131.018585205, 131.471374512, 131.924163818, 132.376953125, 132.829742432, 133.282531738, 133.746932983, 134.19972229, 134.652511597, 135.116912842, 135.569702148, 136.022491455, 136.475280762, 136.928070068, 137.392471313, 137.84526062, 138.298049927, 138.750839233, 139.20362854, 139.668029785, 140.120819092, 140.573608398, 141.026397705, 141.479187012, 141.931976318, 142.384765625, 142.849151611, 143.301940918, 143.754730225, 144.207519531, 144.660308838, 145.124710083, 145.57749939, 146.030288696, 146.483078003, 146.93586731, 147.388656616, 147.841445923, 148.294235229, 148.747024536, 149.211425781, 149.664215088, 150.117004395, 150.569793701, 151.022583008, 151.486984253, 151.93977356, 152.392562866, 152.845352173, 153.298141479, 153.762542725, 154.215332031, 154.668121338, 155.120910645, 155.573699951, 156.026489258, 156.479278564, 156.943664551, 157.396453857, 157.849243164, 158.302032471, 158.754821777, 159.207611084, 159.660400391, 160.124801636, 160.577590942, 161.030380249, 161.483169556, 161.935958862, 162.400360107, 162.853149414, 163.305938721, 163.758728027, 164.211517334, 164.664306641, 165.117095947, 165.569885254, 166.022674561, 166.487075806, 166.939865112, 167.392654419, 167.845443726, 168.298233032, 168.762634277, 169.215423584, 169.668212891, 170.121002197, 170.573776245, 171.026565552, 171.479354858, 171.932144165, 172.384933472, 172.849334717, 173.302124023, 173.75491333, 174.207702637, 174.660491943, 175.124893188, 175.577682495, 176.030471802, 176.483261108, 176.936050415, 177.388839722, 177.841629028, 178.306030273, 178.75881958, 179.211608887, 179.664398193, 180.1171875, 180.581588745, 181.022766113, 181.487167358, 181.939956665, 182.392745972, 182.845535278, 183.298324585, 183.762710571, 184.215499878, 184.668289185, 185.121078491, 185.573867798, 186.038269043, 186.49105835, 186.943847656, 187.396636963, 187.84942627, 188.302215576, 188.755004883, 189.207794189, 189.660583496, 190.124984741, 190.577774048, 191.030563354, 191.4949646, 191.936141968, 192.400543213, 192.85333252, 193.306121826, 193.758911133, 194.211700439, 194.664489746, 195.117279053, 195.570068359, 196.022857666, 196.487258911, 196.951644897, 197.404434204, 197.857223511, 198.310012817, 198.762802124, 199.215591431, 199.668380737, 200.121170044, 200.573959351, 201.026748657, 201.479537964, 201.943939209, 202.396728516, 202.849517822, 203.302307129, 203.755096436, 204.219497681, 204.672286987, 205.125076294, 205.577865601, 206.030654907, 206.483444214, 206.936233521, 207.400634766, 207.853424072, 208.306213379, 208.759002686, 209.211791992, 209.664581299, 210.117370605, 210.581771851, 211.034561157, 211.487350464, 211.95173645, 212.404525757, 212.857315063, 213.31010437, 213.762893677, 214.215682983, 214.66847229, 215.132873535, 215.585662842, 216.038452148, 216.491241455, 216.944030762, 217.396820068, 217.849609375, 218.302398682, 218.755187988, 219.219589233, 219.67237854, 220.125167847, 220.589569092, 221.042358398, 221.495147705, 221.947937012, 222.400726318, 222.853515625, 223.306304932, 223.770706177, 224.269927979, 224.76914978, 225.256774902, 225.744400024, 226.220397949, 226.708023071, 227.195648193], "danceability": 1.51864826679, "bpm_histogram_second_peak_spread": {"dvar": 0, "var": 0, "median": 0.375, "max": 0.375, "dmean": 0, "dmean2": 0, "mean": 0.375, "dvar2": 0, "min": 0.375}}, "lowlevel": {"spectral_flux": {"dvar": 0.00512892054394, "var": 0.00761553179473, "median": 0.0871855914593, "max": 0.43422177434, "dmean": 0.0549939833581, "dmean2": 0.0910819992423, "mean": 0.115477629006, "dvar2": 0.0119031416252, "min": 1.03299334364e-10}, "spectral_rolloff": {"dvar": 1251807.25, "var": 2192456.25, "median": 1421.19140625, "max": 18884.6191406, "dmean": 665.260803223, "dmean2": 1089.64294434, "mean": 1580.06799316, "dvar2": 2606073.75, "min": 43.06640625}, "barkbands_flatness_db": {"dvar": 0.00133448466659, "var": 0.00376162701286, "median": 0.0886748284101, "max": 0.735575854778, "dmean": 0.0301105864346, "dmean2": 0.044729039073, "mean": 0.104103401303, "dvar2": 0.00237936829217, "min": 0.0197165329009}, "spectral_centroid": {"dvar": 117079.335938, "var": 314294.6875, "median": 1396.10534668, "max": 10976.6953125, "dmean": 296.826080322, "dmean2": 448.525299072, "mean": 1414.5793457, "dvar2": 239009.390625, "min": 65.6418075562}, "melbands_skewness": {"dvar": 3.48404288292, "var": 8.00459671021, "median": 2.5729136467, "max": 30.8300762177, "dmean": 1.27128136158, "dmean2": 1.87709271908, "mean": 3.42747306824, "dvar2": 5.84225606918, "min": -1.50141739845}, "melbands": {"dvar": [6.12742078374e-05, 7.36742877052e-05, 1.23143627206e-05, 4.33181412518e-06, 6.30135730262e-07, 1.80368303404e-07, 5.60242945369e-08, 1.33916898903e-07, 7.07005867184e-08, 1.95898351762e-07, 3.28108562542e-08, 1.58703326036e-08, 7.41794758952e-09, 4.41093161996e-09, 3.94676913373e-09, 1.04211581586e-08, 4.84676743184e-09, 1.16190959076e-08, 2.18869256052e-09, 1.84001502923e-09, 1.13049725137e-09, 3.63146041016e-10, 4.61025578824e-10, 1.40613853894e-10, 5.68308768101e-11, 4.56739854271e-11, 2.3853505976e-11, 2.38607120173e-11, 1.4058229407e-11, 2.26476181558e-11, 1.88912444715e-11, 1.42116266671e-11, 2.2774306746e-11, 2.07896720672e-11, 2.2223610105e-11, 9.07118651028e-12, 1.28403138816e-11, 6.83428400677e-12, 4.58628144143e-12, 3.29783509528e-12], "var": [8.67978815222e-05, 5.5884665926e-05, 9.8803839137e-06, 3.51869653059e-06, 7.74020520566e-07, 2.32077354667e-07, 8.96637217807e-08, 1.17529040722e-07, 1.03736603307e-07, 3.78262228651e-07, 8.27147843552e-08, 3.46689859043e-08, 1.59452255843e-08, 8.50324255453e-09, 7.55378870565e-09, 2.58292409683e-08, 1.01726014279e-08, 1.60821738149e-08, 3.24549320752e-09, 4.37399849673e-09, 2.41595210504e-09, 8.13537182065e-10, 1.07233344426e-09, 2.93064628121e-10, 9.12168743317e-11, 9.48579270688e-11, 4.72459536771e-11, 2.53197272176e-11, 2.07430496391e-11, 3.54395783553e-11, 2.87686506562e-11, 2.47491645233e-11, 3.55967443022e-11, 3.81939722904e-11, 3.88293668052e-11, 1.90161029284e-11, 1.85163984839e-11, 1.01967323474e-11, 6.75188073854e-12, 4.91774503064e-12], "median": [0.00106016569771, 0.00159618887119, 0.000811214791611, 0.000466412573587, 0.000253669451922, 0.00017865767586, 0.000135318085086, 9.38512821449e-05, 8.50051656016e-05, 6.89881271683e-05, 5.34781975148e-05, 4.70669474453e-05, 4.90914135298e-05, 5.23946073372e-05, 4.57148853457e-05, 4.8075839004e-05, 3.46346096194e-05, 3.71529531549e-05, 3.54825242539e-05, 4.28939019912e-05, 2.79523173958e-05, 1.99372479983e-05, 1.9410650566e-05, 1.1176026419e-05, 6.26923156233e-06, 6.93419769959e-06, 5.62473633181e-06, 3.6113697206e-06, 3.59315549758e-06, 4.28693965659e-06, 3.55565407517e-06, 3.00145802612e-06, 2.84520865534e-06, 3.16115529131e-06, 2.63634319708e-06, 1.83683891919e-06, 1.84335203812e-06, 1.28003898681e-06, 1.03350976133e-06, 1.071696488e-06], "max": [0.0480360276997, 0.0533738955855, 0.0304108057171, 0.0204284284264, 0.0140232425183, 0.0132221318781, 0.00841152202338, 0.00704064266756, 0.00626164721325, 0.0119343642145, 0.00701204314828, 0.00431997235864, 0.00320578040555, 0.00152332754806, 0.00134651258122, 0.00305443699472, 0.00223167822696, 0.0038941539824, 0.00133050314616, 0.000742995936889, 0.00113430456258, 0.000338786689099, 0.000391357694753, 0.000194379215827, 0.000131163556944, 0.000121478748042, 9.0273868409e-05, 0.00010449920228, 7.86171294749e-05, 9.04640764929e-05, 7.66507801018e-05, 8.34798556753e-05, 0.000124899597722, 0.000123508740216, 0.000140812349855, 7.3834307841e-05, 6.29639907856e-05, 5.99023223913e-05, 6.27945555607e-05, 4.05051978305e-05], "dmean": [0.00355767435394, 0.00373473763466, 0.00160752551164, 0.000866195594426, 0.000352129893145, 0.000218493165448, 0.000139150230098, 0.000129251886392, 0.00012425625755, 0.000146570455399, 7.98118198873e-05, 5.63458597753e-05, 4.95422136737e-05, 4.48301361757e-05, 3.94166418118e-05, 4.83164803882e-05, 3.57203898602e-05, 4.36062910012e-05, 2.97200913337e-05, 3.16846490023e-05, 2.19316061703e-05, 1.39963403853e-05, 1.51014492076e-05, 8.39708718559e-06, 5.05988555233e-06, 5.00270880366e-06, 3.81379345527e-06, 2.95291533803e-06, 2.68590383712e-06, 3.51352264261e-06, 2.97963106277e-06, 2.59064290731e-06, 2.98657164421e-06, 2.98468603432e-06, 2.84705083686e-06, 1.70040584635e-06, 2.43326599048e-06, 1.50991388637e-06, 1.0776095678e-06, 1.14008651053e-06], "dmean2": [0.00565650314093, 0.00657063769177, 0.00276428158395, 0.00146540114656, 0.000598088314291, 0.00036137396819, 0.000221411741222, 0.000212152866879, 0.000200684939045, 0.000232883350691, 0.000125064514577, 8.87509522727e-05, 7.9187702795e-05, 7.17836810509e-05, 6.39750942355e-05, 7.66693774494e-05, 5.82184111408e-05, 7.28995219106e-05, 4.94238120154e-05, 5.11632642883e-05, 3.58354918717e-05, 2.27354885283e-05, 2.42509613599e-05, 1.38141422212e-05, 8.4575776782e-06, 8.23167192721e-06, 6.36773029328e-06, 5.09491565026e-06, 4.54049813925e-06, 6.02226737101e-06, 4.94928281114e-06, 4.10130587625e-06, 4.78621404909e-06, 4.54020027973e-06, 4.34242383562e-06, 2.49470758718e-06, 3.84071017834e-06, 2.34837716562e-06, 1.62073718002e-06, 1.79827225111e-06], "mean": [0.00482150865719, 0.00396152259782, 0.00174407369923, 0.000975993578322, 0.000504205876496, 0.000330977432895, 0.000233931277762, 0.000171827967279, 0.000179314622073, 0.000226003292482, 0.000129469844978, 9.38688754104e-05, 8.65028705448e-05, 8.06265743449e-05, 7.15741771273e-05, 8.80815059645e-05, 6.05023778917e-05, 6.66734122206e-05, 5.06549149577e-05, 6.11134164501e-05, 4.25153266406e-05, 2.77307026408e-05, 2.92846707453e-05, 1.60291510838e-05, 8.89496095624e-06, 9.58127748163e-06, 7.35709591027e-06, 4.83565236209e-06, 4.72965393783e-06, 5.8969822021e-06, 4.94086225444e-06, 4.31936223322e-06, 4.46978719992e-06, 4.6747354645e-06, 4.20401465817e-06, 2.86469526145e-06, 3.19507216773e-06, 2.14953570321e-06, 1.66013921898e-06, 1.6065781665e-06], "dvar2": [0.000100787561678, 0.000203179864911, 3.2687366911e-05, 1.16905339382e-05, 1.67042048815e-06, 4.71483616593e-07, 1.43224951898e-07, 3.50848381458e-07, 1.76292132892e-07, 4.91915727707e-07, 7.20867276982e-08, 3.45877673169e-08, 1.79026251601e-08, 1.09389022285e-08, 1.01477768411e-08, 2.49795970575e-08, 1.15436380455e-08, 3.21886730603e-08, 5.93670002047e-09, 4.25088408917e-09, 2.90359625232e-09, 8.87464879362e-10, 1.06702657821e-09, 3.46732004219e-10, 1.50603862714e-10, 1.16328689737e-10, 6.32383520549e-11, 6.74547223634e-11, 3.94293001027e-11, 6.34888114304e-11, 5.12407893893e-11, 3.35810511343e-11, 5.23510679251e-11, 4.410061899e-11, 5.04606877116e-11, 1.86086337312e-11, 2.9982061972e-11, 1.58967630726e-11, 1.0653893566e-11, 7.7635606277e-12], "min": [8.66170299452e-24, 1.55072257264e-23, 1.42439943599e-23, 1.96321352236e-23, 6.2436368496e-24, 9.825781645e-24, 2.2233606007e-23, 3.03499371144e-23, 1.19324173375e-23, 9.26455128715e-24, 7.62906198148e-24, 6.88656874254e-24, 1.07341155343e-23, 7.2256819019e-24, 1.17052222413e-23, 1.72124811017e-23, 2.36723431477e-23, 1.39150914273e-23, 1.59480680216e-23, 1.28354343043e-23, 1.67039166756e-23, 9.65107183146e-24, 1.25839580695e-23, 1.54817470969e-23, 7.25115106508e-24, 3.76448210504e-24, 5.56300647728e-24, 6.52624232459e-24, 1.21728881738e-23, 9.92530197022e-24, 1.14499334417e-23, 1.17696358897e-23, 8.79837866837e-24, 8.8397433788e-24, 8.15923725208e-24, 1.12404395954e-23, 1.24134355296e-23, 8.0008805251e-24, 8.88622069675e-24, 1.36660243737e-23]}, "spectral_decrease": {"dvar": 9.41688680587e-17, "var": 1.28284608934e-16, "median": -7.08162772867e-09, "max": -7.70246250641e-29, "dmean": 5.80576031695e-09, "dmean2": 9.23429421817e-09, "mean": -1.08718962721e-08, "dvar2": 2.09860049214e-16, "min": -5.98149441089e-08}, "barkbands_kurtosis": {"dvar": 1709.9967041, "var": 1903.27722168, "median": 1.04524993896, "max": 1264.796875, "dmean": 9.95718574524, "dmean2": 15.3525772095, "mean": 9.73151874542, "dvar2": 3881.52905273, "min": -1.89732432365}, "silence_rate_30dB": {"dvar": 0.092202231288, "var": 0.0962282270193, "median": 1, "max": 1, "dmean": 0.102762766182, "dmean2": 0.205546498299, "mean": 0.892150878906, "dvar2": 0.165732309222, "min": 0}, "gfcc": {"mean": [36.4443283081, 69.0945129395, -102.65536499, 30.9287395477, -47.0375061035, 22.239610672, -39.02110672, 7.87283802032, -19.8708190918, 3.74224686623, -19.7374019623, 3.1691737175, -13.117685318], "cov": [[8925.36523438, -241.252593994, -221.877075195, -125.434028625, -105.203315735, 195.900222778, -154.687438965, 10.8748464584, -15.8815927505, 79.0590209961, -26.8062591553, 121.992324829, -97.9589996338], [-241.252593994, 903.164428711, -183.029296875, 71.2196502686, 234.127532959, -51.5086860657, 117.565284729, -12.6319255829, 76.8815155029, -0.900094926357, 75.7417144775, -16.1924800873, 64.6561126709], [-221.877075195, -183.029296875, 610.039916992, 127.306770325, 45.2117652893, 130.535751343, 54.2769317627, 68.4752426147, 26.8593387604, 41.7328338623, -2.32365131378, -3.62667894363, -16.8654193878], [-125.434028625, 71.2196502686, 127.306770325, 256.838897705, 133.081787109, 59.7706642151, 67.221321106, 30.1057891846, 50.0833625793, 12.9184064865, 35.7486839294, 1.79509091377, 30.9222869873], [-105.203315735, 234.127532959, 45.2117652893, 133.081787109, 283.226593018, 65.5033111572, 124.572608948, 50.8406982422, 66.1751022339, 42.653842926, 51.0340499878, 16.5128707886, 39.5562705994], [195.900222778, -51.5086860657, 130.535751343, 59.7706642151, 65.5033111572, 172.762710571, 72.1766433716, 57.6935958862, 40.9317207336, 28.888551712, 21.0417518616, 10.8176755905, 4.97738218307], [-154.687438965, 117.565284729, 54.2769317627, 67.221321106, 124.572608948, 72.1766433716, 156.477142334, 54.8419570923, 48.6130104065, 28.9605331421, 27.1099853516, -1.92627024651, 17.0140647888], [10.8748464584, -12.6319255829, 68.4752426147, 30.1057891846, 50.8406982422, 57.6935958862, 54.8419570923, 97.3591690063, 59.6521759033, 35.5630187988, 23.1196231842, 14.2626171112, 14.1090106964], [-15.8815927505, 76.8815155029, 26.8593387604, 50.0833625793, 66.1751022339, 40.9317207336, 48.6130104065, 59.6521759033, 96.2570037842, 46.8711509705, 37.6285667419, 14.3729248047, 20.4514350891], [79.0590209961, -0.900094926357, 41.7328338623, 12.9184064865, 42.653842926, 28.888551712, 28.9605331421, 35.5630187988, 46.8711509705, 69.4144821167, 37.7726516724, 16.5698719025, 6.57175445557], [-26.8062591553, 75.7417144775, -2.32365131378, 35.7486839294, 51.0340499878, 21.0417518616, 27.1099853516, 23.1196231842, 37.6285667419, 37.7726516724, 68.482635498, 30.87541008, 25.7355041504], [121.992324829, -16.1924800873, -3.62667894363, 1.79509091377, 16.5128707886, 10.8176755905, -1.92627024651, 14.2626171112, 14.3729248047, 16.5698719025, 30.87541008, 53.954536438, 26.5007667542], [-97.9589996338, 64.6561126709, -16.8654193878, 30.9222869873, 39.5562705994, 4.97738218307, 17.0140647888, 14.1090106964, 20.4514350891, 6.57175445557, 25.7355041504, 26.5007667542, 62.772567749]], "icov": [[0.00014375372848, -9.63164347922e-05, 0.000137723880471, -0.000106164050521, 6.90740926075e-05, -0.000356824311893, 0.000235781015363, -8.07088654255e-05, 0.000192666528164, -0.00046881637536, 0.000513087434229, -0.000661989324726, 0.000407266925322], [-9.63164347922e-05, 0.00246755685657, 0.00010251513595, 0.000980674405582, -0.00188990635797, 0.00137701188214, -0.00109143625014, 0.00183146027848, -0.00266604917124, 0.00315283681266, -0.00366272684187, 0.00330434762873, -0.00153635244351], [0.000137723880471, 0.00010251513595, 0.00257498165593, -0.00148986035492, 0.000316448276863, -0.00151401699986, 0.000253897218499, -0.00123096024618, 0.00135843385942, -0.00229242420755, 0.0018038561102, -0.000708099920303, 0.00102039170451], [-0.000106164050521, 0.000980674405582, -0.00148986035492, 0.00717325834557, -0.00315141817555, 0.000132134184241, -0.000297822407447, 0.00211136275902, -0.00383872236125, 0.00507932156324, -0.00474290037528, 0.0039946436882, -0.00255113467574], [6.90740926075e-05, -0.00188990635797, 0.000316448276863, -0.00315141817555, 0.00847581960261, -0.00104542006738, -0.00337361963466, -0.000915996904951, 0.0015711892629, -0.00416281959042, 0.00238929176703, -0.00331774307415, -0.000101030986116], [-0.000356824311893, 0.00137701188214, -0.00151401699986, 0.000132134184241, -0.00104542006738, 0.0104839988053, -0.0037090391852, -0.00152230274398, -0.00195643259212, 0.00266817514785, -0.00310905650258, 0.00114251521882, -0.000121707169455], [0.000235781015363, -0.00109143625014, 0.000253897218499, -0.000297822407447, -0.00337361963466, -0.0037090391852, 0.0133083323017, -0.0043380218558, 0.00111416203436, -0.00172091205604, 0.000513442791998, 0.00247417599894, 5.70910742681e-05], [-8.07088654255e-05, 0.00183146027848, -0.00123096024618, 0.00211136275902, -0.000915996904951, -0.00152230274398, -0.0043380218558, 0.0222245659679, -0.0122569836676, 0.00102801574394, -0.000638066849206, -0.000495417858474, -0.0021482615266], [0.000192666528164, -0.00266604917124, 0.00135843385942, -0.00383872236125, 0.0015711892629, -0.00195643259212, 0.00111416203436, -0.0122569836676, 0.0272769462317, -0.0135565632954, 0.0016068846453, -0.00158424372785, -0.000536941108294], [-0.00046881637536, 0.00315283681266, -0.00229242420755, 0.00507932156324, -0.00416281959042, 0.00266817514785, -0.00172091205604, 0.00102801574394, -0.0135565632954, 0.0349408537149, -0.0183773599565, 0.00453995866701, 0.00192640384194], [0.000513087434229, -0.00366272684187, 0.0018038561102, -0.00474290037528, 0.00238929176703, -0.00310905650258, 0.000513442791998, -0.000638066849206, 0.0016068846453, -0.0183773599565, 0.0382696799934, -0.0183969605714, -0.000383192818845], [-0.000661989324726, 0.00330434762873, -0.000708099920303, 0.0039946436882, -0.00331774307415, 0.00114251521882, 0.00247417599894, -0.000495417858474, -0.00158424372785, 0.00453995866701, -0.0183969605714, 0.0381127744913, -0.0136606376618], [0.000407266925322, -0.00153635244351, 0.00102039170451, -0.00255113467574, -0.000101030986116, -0.000121707169455, 5.70910742681e-05, -0.0021482615266, -0.000536941108294, 0.00192640384194, -0.000383192818845, -0.0136606376618, 0.0261175762862]]}, "silence_rate_20dB": {"dvar": 0, "var": 0, "median": 1, "max": 1, "dmean": 0, "dmean2": 0, "mean": 1, "dvar2": 0, "min": 1}, "barkbands_skewness": {"dvar": 2.41296267509, "var": 4.96708965302, "median": 1.32841718197, "max": 30.0267066956, "dmean": 0.943985700607, "dmean2": 1.38799667358, "mean": 1.91932415962, "dvar2": 4.35805463791, "min": -4.62709236145}, "erbbands_skewness": {"dvar": 0.139988541603, "var": 0.36471760273, "median": 0.0509032011032, "max": 10.4055242538, "dmean": 0.342684596777, "dmean2": 0.523538947105, "mean": 0.0707142502069, "dvar2": 0.302688121796, "min": -4.36908721924}, "spectral_contrast_valleys": {"dvar": [0.222187831998, 0.225458621979, 0.184263825417, 0.169465407729, 0.167514547706, 0.239021912217], "var": [1.27863812447, 0.998388648033, 1.01096796989, 1.00820636749, 0.916375398636, 1.20499622822], "median": [-6.67754268646, -6.55821418762, -6.96587705612, -7.04117631912, -7.12122249603, -9.17679405212], "max": [-4.81657028198, -4.37805175781, -5.36768054962, -5.46286249161, -5.71422290802, -7.48764133453], "dmean": [0.461607784033, 0.47991758585, 0.412309646606, 0.360464215279, 0.332402855158, 0.474325925112], "dmean2": [0.717591822147, 0.747399628162, 0.637805819511, 0.553440392017, 0.495925664902, 0.619160950184], "mean": [-6.92281484604, -6.72913265228, -7.13108348846, -7.24179172516, -7.33170700073, -9.49414157867], "dvar2": [0.45043104887, 0.497052699327, 0.395852059126, 0.351421326399, 0.340799093246, 0.483670443296], "min": [-27.5619983673, -27.389175415, -27.0855503082, -27.1355686188, -27.1279716492, -27.3258571625]}, "spectral_strongpeak": {"dvar": 0.52981543541, "var": 0.725867807865, "median": 0.396408379078, "max": 10.4247817993, "dmean": 0.4305357337, "dmean2": 0.737891733646, "mean": 0.654010534286, "dvar2": 1.39103722572, "min": 0}, "erbbands_crest": {"dvar": 5.2673625946, "var": 11.3217668533, "median": 5.84756660461, "max": 28.4358100891, "dmean": 2.16140460968, "dmean2": 3.60593271255, "mean": 6.79704856873, "dvar2": 13.2602434158, "min": 2.23341679573}, "barkbands_crest": {"dvar": 14.1425123215, "var": 31.1860847473, "median": 8.27426338196, "max": 26.1778450012, "dmean": 3.19420742989, "dmean2": 5.04017066956, "mean": 10.0262451172, "dvar2": 23.2550430298, "min": 2.23088741302}, "spectral_energyband_middle_low": {"dvar": 0.000230710604228, "var": 0.000234258302953, "median": 0.00906789209694, "max": 0.133649557829, "dmean": 0.00812527630478, "dmean2": 0.0132996523753, "mean": 0.0130516327918, "dvar2": 0.000596267811488, "min": 4.460548734e-22}, "spectral_contrast_coeffs": {"dvar": [0.00234298175201, 0.00166767882183, 0.00117337598931, 0.000707130297087, 0.000360636273399, 0.000393879978219], "var": [0.00703611318022, 0.00491801882163, 0.00441652862355, 0.00258103245869, 0.00126883503981, 0.00121291750111], "median": [-0.661638498306, -0.741770505905, -0.779773294926, -0.78174585104, -0.793915748596, -0.775080680847], "max": [-0.279317855835, -0.351355075836, -0.413121700287, -0.567130923271, -0.563585340977, -0.570848226547], "dmean": [0.0558582693338, 0.0482072718441, 0.0404317975044, 0.0317500494421, 0.022242764011, 0.0208932403475], "dmean2": [0.0897449031472, 0.0774348527193, 0.0650491043925, 0.0510345473886, 0.0357128642499, 0.0323077850044], "mean": [-0.652397871017, -0.739908695221, -0.772294342518, -0.779468178749, -0.794583439827, -0.771664857864], "dvar2": [0.00552891893312, 0.0041620908305, 0.00281913508661, 0.00168612983543, 0.00083857064601, 0.000936585885938], "min": [-0.94708865881, -0.951529204845, -0.974843561649, -0.959815084934, -0.962901592255, -0.959169983864]}, "hfc": {"dvar": 115.460250854, "var": 265.342132568, "median": 24.2109298706, "max": 132.449707031, "dmean": 9.34548664093, "dmean2": 14.5798358917, "mean": 25.8184089661, "dvar2": 287.804779053, "min": 1.14439828942e-16}, "spectral_energyband_high": {"dvar": 7.45351883324e-07, "var": 1.48556875956e-06, "median": 0.000972648500465, "max": 0.017743838951, "dmean": 0.000677817093674, "dmean2": 0.00103734864388, "mean": 0.00123275455553, "dvar2": 1.67170935583e-06, "min": 7.42565771223e-21}, "erbbands_spread": {"dvar": 115.452262878, "var": 381.538085938, "median": 42.6567459106, "max": 172.956314087, "dmean": 10.9757585526, "dmean2": 15.9983444214, "mean": 46.4417114258, "dvar2": 256.744171143, "min": 1.1932131052}, "dissonance": {"dvar": 0.000183578231372, "var": 0.000384996150387, "median": 0.478274166584, "max": 0.500000119209, "dmean": 0.0130987567827, "dmean2": 0.0219529103488, "mean": 0.473655968904, "dvar2": 0.000494606676511, "min": 0.263966679573}, "spectral_kurtosis": {"dvar": 3.46491146088, "var": 6.27996349335, "median": 3.20793366432, "max": 79.9412841797, "dmean": 1.12640202045, "dmean2": 1.75099432468, "mean": 3.43554520607, "dvar2": 8.03573417664, "min": -1.21534180641}, "spectral_skewness": {"dvar": 0.044240668416, "var": 0.112848713994, "median": 1.49433541298, "max": 7.26373338699, "dmean": 0.184427589178, "dmean2": 0.283160120249, "mean": 1.47899603844, "dvar2": 0.101218722761, "min": -0.0484800338745}, "pitch_salience": {"dvar": 0.0112352138385, "var": 0.0231040809304, "median": 0.567078590393, "max": 0.877546608448, "dmean": 0.0980550721288, "dmean2": 0.153527632356, "mean": 0.537935495377, "dvar2": 0.021567998454, "min": 0.0392852537334}, "spectral_complexity": {"dvar": 19.7036323547, "var": 109.654533386, "median": 25, "max": 53, "dmean": 4.388215065, "dmean2": 6.79180240631, "mean": 23.7656478882, "dvar2": 44.7240600586, "min": 0}, "spectral_spread": {"dvar": 713120546816, "var": 2631203291140.0, "median": 5648907, "max": 40783992, "dmean": 850072.125, "dmean2": 1172197.625, "mean": 5662710, "dvar2": 1414248660990.0, "min": 981563.8125}, "dynamic_complexity": 2.55948758125, "melbands_crest": {"dvar": 17.9600582123, "var": 46.9413871765, "median": 13.5678110123, "max": 37.819732666, "dmean": 4.19728565216, "dmean2": 6.29985523224, "mean": 15.1680049896, "dvar2": 32.8793830872, "min": 2.53705430031}, "zerocrossingrate": {"dvar": 0.000300773914205, "var": 0.0015088430373, "median": 0.06689453125, "max": 0.501953125, "dmean": 0.0168477185071, "dmean2": 0.0188146587461, "mean": 0.0704385787249, "dvar2": 0.000360300327884, "min": 0.001953125}, "spectral_energyband_low": {"dvar": 0.00119093246758, "var": 0.00154617091175, "median": 0.0089837340638, "max": 0.215039864182, "dmean": 0.0171997249126, "dmean2": 0.0280421096832, "mean": 0.0244599878788, "dvar2": 0.00259383674711, "min": 8.80338036206e-23}, "melbands_kurtosis": {"dvar": 3331.3215332, "var": 5932.40039063, "median": 7.89357709885, "max": 1703.87219238, "dmean": 21.0227184296, "dmean2": 32.3302612305, "mean": 28.1688957214, "dvar2": 5735.33984375, "min": -1.88547337055}, "spectral_energyband_middle_high": {"dvar": 7.38574954084e-06, "var": 2.53810321738e-05, "median": 0.00522331893444, "max": 0.0455512292683, "dmean": 0.00196846574545, "dmean2": 0.0030374629423, "mean": 0.00621002167463, "dvar2": 1.7181642761e-05, "min": 1.68654998121e-21}, "barkbands_spread": {"dvar": 87.7905426025, "var": 197.460678101, "median": 27.0516166687, "max": 114.704925537, "dmean": 8.41460037231, "dmean2": 12.7599344254, "mean": 27.3110790253, "dvar2": 176.735656738, "min": 0.0661067441106}, "mfcc": {"mean": [-610.983825684, 105.126037598, 5.40882015228, 16.9740562439, 14.6056957245, 13.7397518158, -2.32676100731, 6.07877969742, 2.63392090797, 1.15009319782, -0.23047670722, 0.816101789474, 0.00275441235863], "cov": [[7111.87011719, 151.364135742, -272.769439697, -128.982208252, -27.3193855286, 48.1613464355, -68.0906906128, -11.0730276108, -39.9996528625, -37.7592086792, -20.1112346649, 15.123711586, -22.3935184479], [151.364135742, 732.354492188, -196.669662476, 103.758750916, 50.6817436218, 39.9318733215, 44.5471076965, 11.8567590714, 39.5999298096, 10.2043066025, 32.5673980713, 35.7628860474, 38.565700531], [-272.769439697, -196.669662476, 499.71081543, 14.4915590286, 56.0278015137, 45.7616233826, 37.9618225098, 33.8736381531, 21.7857971191, 47.4766235352, 30.2056808472, 2.35379576683, -12.5278711319], [-128.982208252, 103.758750916, 14.4915590286, 229.817871094, 91.3829879761, 57.593963623, 52.2295799255, 27.7315444946, 45.009262085, 14.8993368149, 20.5131473541, 36.9477348328, 26.0474090576], [-27.3193855286, 50.6817436218, 56.0278015137, 91.3829879761, 154.390029907, 68.2733230591, 48.6636543274, 42.8200912476, 43.2279014587, 29.8920211792, 29.6428527832, 35.2935409546, 30.1337490082], [48.1613464355, 39.9318733215, 45.7616233826, 57.593963623, 68.2733230591, 121.203521729, 75.3282699585, 42.591545105, 39.3371543884, 31.8524284363, 29.3951377869, 23.8594017029, 12.6732978821], [-68.0906906128, 44.5471076965, 37.9618225098, 52.2295799255, 48.6636543274, 75.3282699585, 116.057090759, 52.2067985535, 45.149974823, 31.6328811646, 25.8924789429, 28.9016304016, 9.05063915253], [-11.0730276108, 11.8567590714, 33.8736381531, 27.7315444946, 42.8200912476, 42.591545105, 52.2067985535, 81.7833786011, 48.0161056519, 29.0207328796, 25.6619663239, 17.4466075897, 13.4200143814], [-39.9996528625, 39.5999298096, 21.7857971191, 45.009262085, 43.2279014587, 39.3371543884, 45.149974823, 48.0161056519, 81.2445983887, 45.8823623657, 31.2442913055, 