{"tonal": {"hpcp": {"dvar": [0.0364606454968, 0.0423394590616, 0.0285981874913, 0.0286873150617, 0.0298491325229, 0.0262464936823, 0.0274545364082, 0.0353104658425, 0.0328584909439, 0.0353007726371, 0.0376660265028, 0.0307937823236, 0.0336794443429, 0.0329644270241, 0.0246263649315, 0.0294011440128, 0.0372653640807, 0.0250860769302, 0.022284090519, 0.025755982846, 0.0363220758736, 0.0449077449739, 0.0379419773817, 0.0412154532969, 0.0738604739308, 0.0344253927469, 0.0167488139123, 0.0191471148282, 0.0197036433965, 0.0129727097228, 0.0213125832379, 0.0247883927077, 0.0200321413577, 0.0227020885795, 0.0264018457383, 0.0275919940323], "var": [0.0828757584095, 0.110472090542, 0.0365908406675, 0.0334687493742, 0.0420696623623, 0.0251499544829, 0.0328627936542, 0.0614044219255, 0.0359321571887, 0.0408836230636, 0.0524667575955, 0.0280671101063, 0.0694810003042, 0.102787174284, 0.0282089076936, 0.064477071166, 0.119395829737, 0.042840205133, 0.0383427403867, 0.0543880239129, 0.0363891609013, 0.0593789890409, 0.0658767968416, 0.0658790096641, 0.138779982924, 0.0586045570672, 0.0177109222859, 0.0443340614438, 0.0527523271739, 0.0164741184562, 0.0281287562102, 0.0430837534368, 0.0227629691362, 0.0333533920348, 0.0548286177218, 0.0404835306108], "median": [0.122892253101, 0.127221018076, 0.0606468431652, 0.0216786377132, 0.0206313263625, 0.0199776943773, 0.0245692525059, 0.0246412754059, 0.025779331103, 0.0256901364774, 0.022286336869, 0.0315346010029, 0.0654991343617, 0.0696116760373, 0.0600859262049, 0.0455097742379, 0.0455189757049, 0.0397817641497, 0.0265858080238, 0.0245062150061, 0.0311088189483, 0.0458558052778, 0.0521354228258, 0.111113548279, 0.108900696039, 0.0912299230695, 0.0306451842189, 0.0539647899568, 0.0630065053701, 0.0382886826992, 0.0194439701736, 0.0143752750009, 0.0187393855304, 0.030323209241, 0.0397936850786, 0.0603130459785], "max": [1, 1, 1, 1, 1, 1, 1, 1, 1, 1, 1, 1, 1, 1, 1, 1, 1, 1, 1, 1, 1, 1, 1, 1, 1, 1, 1, 1, 1, 1, 1, 1, 1, 1, 1, 1], "dmean": [0.146275699139, 0.144346192479, 0.107650719583, 0.0831411778927, 0.0794096216559, 0.072404935956, 0.0815678909421, 0.0896746590734, 0.0881683155894, 0.0930175334215, 0.0930610001087, 0.0881037339568, 0.105823963881, 0.104692198336, 0.0899889171124, 0.0998334512115, 0.0995281264186, 0.0883776172996, 0.0756720751524, 0.0822624489665, 0.102329038084, 0.122990868986, 0.117244496942, 0.137549027801, 0.175781622529, 0.120744809508, 0.0676051527262, 0.0853880792856, 0.0865503624082, 0.0674905925989, 0.0705218166113, 0.0713423490524, 0.0665238052607, 0.0813620314002, 0.0903782472014, 0.107832379639], "dmean2": [0.252961814404, 0.245827272534, 0.189527153969, 0.147840037942, 0.14107914269, 0.129445284605, 0.144319489598, 0.156789988279, 0.157318070531, 0.167165592313, 0.16591219604, 0.158831909299, 0.183725982904, 0.177873626351, 0.157600909472, 0.174635842443, 0.17298348248, 0.153120160103, 0.132681071758, 0.144305348396, 0.181557312608, 0.213260367513, 0.203568473458, 0.243459537625, 0.318013459444, 0.213535562158, 0.119317948818, 0.145490676165, 0.144732609391, 0.117025777698, 0.122899405658, 0.125106498599, 0.117070890963, 0.141052111983, 0.155513763428, 0.190419405699], "mean": [0.251205593348, 0.286230385303, 0.141355991364, 0.0923958271742, 0.0988716706634, 0.0770478695631, 0.100187711418, 0.130223140121, 0.103380441666, 0.108977086842, 0.116681315005, 0.0950128287077, 0.192301571369, 0.232856482267, 0.128112286329, 0.174256250262, 0.233784660697, 0.138296470046, 0.108430102468, 0.127716779709, 0.112906679511, 0.158223301172, 0.173807933927, 0.223394021392, 0.31513428688, 0.201681286097, 0.0784698352218, 0.143879428506, 0.162538990378, 0.0890061184764, 0.0853803381324, 0.0963664129376, 0.0745162814856, 0.107040412724, 0.144288003445, 0.138749405742], "dvar2": [0.100343301892, 0.112721711397, 0.0804588794708, 0.0791477411985, 0.080766916275, 0.0721450820565, 0.0754822492599, 0.0923188775778, 0.0909331217408, 0.0972405970097, 0.103421799839, 0.0857497528195, 0.0892366543412, 0.0830606296659, 0.0695545747876, 0.0809267386794, 0.0924956202507, 0.0689954832196, 0.0606714077294, 0.0699647814035, 0.100971460342, 0.117886468768, 0.106004744768, 0.110789299011, 0.189764112234, 0.0934886038303, 0.0471579842269, 0.0518398173153, 0.0519261956215, 0.0361801497638, 0.0585087090731, 0.0646033063531, 0.0558125562966, 0.0636074766517, 0.0693048536777, 0.077117793262], "min": [0, 0, 0, 0, 0, 0, 0, 0, 0, 0, 0, 0, 0, 0, 0, 0, 0, 0, 0, 0, 0, 0, 0, 0, 0, 0, 0, 0, 0, 0, 0, 0, 0, 0, 0, 0]}, "key_key": "D", "thpcp": [1, 0.639985203743, 0.249004438519, 0.456565439701, 0.51577693224, 0.282438695431, 0.270933181047, 0.305794745684, 0.236458823085, 0.339666038752, 0.457861959934, 0.44028660655, 0.797138273716, 0.908280670643, 0.448557943106, 0.293195098639, 0.313744574785, 0.244492188096, 0.317920684814, 0.413230627775, 0.328052014112, 0.345811575651, 0.370259016752, 0.30149948597, 0.610221028328, 0.738911926746, 0.406532377005, 0.552958726883, 0.741857290268, 0.438849329948, 0.344075858593, 0.405277311802, 0.358281165361, 0.502082169056, 0.551536083221, 0.708885192871], "chords_key": "D", "tuning_equal_tempered_deviation": 0.214009389281, "tuning_frequency": 434.193115234, "tuning_diatonic_strength": 0.332112878561, "chords_histogram": [8.22135543823, 8.45253562927, 2.62967777252, 0.0144487787038, 0, 1.45932674408, 2.91865348816, 12.1803207397, 12.0502815247, 11.8191013336, 4.73919963837, 5.44718980789, 2.71637058258, 0.144487798214, 0.534604847431, 1.18479990959, 1.53157055378, 11.2411499023, 0.11559022963, 1.45932674408, 1.38708281517, 3.14983391762, 4.11790180206, 2.4851899147], "key_strength": 0.632845401764, "key_scale": "minor", "chords_strength": {"dvar": 0.000333386240527, "var": 0.0183930192143, "median": 0.515586614609, "max": 0.789059400558, "dmean": 0.00899574253708, "dmean2": 0.0078253429383, "mean": 0.50960367918, "dvar2": 0.000626667111646, "min": -1}, "chords_number_rate": 0.0027452679351, "tuning_nontempered_energy_ratio": 0.928391754627, "hpcp_entropy": {"dvar": 0.206441402435, "var": 0.459973037243, "median": 2.12013411522, "max": 4.63591814041, "dmean": 0.532613515854, "dmean2": 0.898960351944, "mean": 2.08351349831, "dvar2": 0.566918969154, "min": 0}, "chords_changes_rate": 0.0489813610911, "chords_scale": "major"}, "rhythm": {"bpm_histogram_first_peak_spread": {"dvar": 0, "var": 0, "median": 0.0141175985336, "max": 0.0141175985336, "dmean": 0, "dmean2": 0, "mean": 0.0141175985336, "dvar2": 0, "min": 0.0141175985336}, "bpm_histogram_first_peak_weight": {"dvar": 0, "var": 0, "median": 0.508495151997, "max": 0.508495151997, "dmean": 0, "dmean2": 0, "mean": 0.508495151997, "dvar2": 0, "min": 0.508495151997}, "bpm_histogram_first_peak_bpm": {"dvar": 0, "var": 0, "median": 157, "max": 157, "dmean": 0, "dmean2": 0, "mean": 157, "dvar2": 0, "min": 157}, "bpm": 154.535217285, "bpm_histogram_second_peak_weight": {"dvar": 0, "var": 0, "median": 0.415048539639, "max": 0.415048539639, "dmean": 0, "dmean2": 0, "mean": 0.415048539639, "dvar2": 0, "min": 0.415048539639}, "beats_loudness": {"dvar": 0.000244969531195, "var": 0.000641650171019, "median": 0.0438498333097, "max": 0.114906482399, "dmean": 0.0163279287517, "dmean2": 0.0285704974085, "mean": 0.0420732498169, "dvar2": 0.000688847911078, "min": 0}, "beats_loudness_band_ratio": {"dvar": [0.0182841420174, 0.00626242067665, 0.00685996795073, 0.00703414902091, 0.00308266561478, 0.00441325688735], "var": [0.0702337473631, 0.0255577880889, 0.0145465144888, 0.010684366338, 0.00765218632296, 0.00368173792958], "median": [0.559116184711, 0.0654865726829, 0.0739932581782, 0.103351250291, 0.0683969333768, 0.0151612516493], "max": [0.989143669605, 0.840407550335, 0.814131498337, 0.604616582394, 0.664669692516, 0.613093972206], "dmean": [0.148503243923, 0.0667795166373, 0.0718227997422, 0.0812435597181, 0.0470753721893, 0.025255728513], "dmean2": [0.260037362576, 0.114101566374, 0.124175846577, 0.140472769737, 0.080889031291, 0.0468163900077], "mean": [0.531621813774, 0.126450553536, 0.11574678123, 0.128678679466, 0.0888460129499, 0.0295530930161], "dvar2": [0.0524195916951, 0.0161478426307, 0.0188276916742, 0.0202513150871, 0.0082681151107, 0.0122039439157], "min": [0, 0, 0, 0, 0, 0]}, "bpm_histogram_second_peak_bpm": {"dvar": 0, "var": 0, "median": 152, "max": 152, "dmean": 0, "dmean2": 0, "mean": 152, "dvar2": 0, "min": 152}, "onset_rate": 3.87396931648, "beats_count": 825, "beats_position": [0.383129239082, 0.777868449688, 1.17260766029, 1.5673469305, 1.9620860815, 2.35682535172, 2.75156450272, 3.13469386101, 3.52943301201, 3.92417216301, 4.31891155243, 4.71365070343, 5.10838985443, 5.50312900543, 5.89786815643, 6.28099775314, 6.67573690414, 7.05886602402, 7.44199514389, 7.8251247406, 8.20825386047, 8.59138298035, 8.98612213135, 9.38086128235, 9.77560043335, 10.1703395844, 10.5650787354, 10.9482088089, 11.3313379288, 11.7144670486, 12.0975961685, 12.4807252884, 12.8638544083, 13.2585935593, 13.6417226791, 14.0248527527, 14.4195919037, 14.8027210236, 15.1974601746, 15.5805892944, 15.9753284454, 16.3700675964, 16.7531967163, 17.1363258362, 17.5310649872, 17.9141941071, 18.2973232269, 18.6920623779, 19.0751914978, 19.458322525, 19.8414516449, 20.2245807648, 20.6077098846, 20.9908390045, 21.3855781555, 21.7803173065, 22.1750564575, 22.5697956085, 22.9529247284, 23.3360538483, 23.7307929993, 24.1255321503, 24.5086612701, 24.89179039, 25.286529541, 25.6696586609, 26.0527877808, 26.4475269318, 26.830657959, 27.2137870789, 27.6085262299, 28.0032653809, 28.3863945007, 28.7695236206, 29.1642627716, 29.5590019226, 29.9421310425, 30.3368701935, 30.7199993134, 31.1031284332, 31.4862575531, 31.869386673, 32.2525177002, 32.6472549438, 33.0303840637, 33.4135131836, 33.7966423035, 34.1797714233, 34.5745124817, 34.9692497253, 35.3639907837, 35.7471199036, 36.1418571472, 36.5249862671, 36.9197273254, 37.3144645691, 37.6975975037, 38.0807266235, 38.4638557434, 38.8469848633, 39.2301139832, 39.613243103, 39.9847602844, 40.3795013428, 40.7626304626, 41.1457595825, 41.5288887024, 41.923625946, 42.3067550659, 42.7014961243, 43.0846252441, 43.467754364, 43.8624954224, 44.2456245422, 44.6287536621, 45.0234909058, 45.4066200256, 45.7897491455, 46.1844902039, 46.5792274475, 46.9739685059, 47.3570976257, 47.7402267456, 48.1349639893, 48.5180931091, 48.901222229, 49.2959632874, 49.690700531, 50.0738296509, 50.4569587708, 50.8400878906, 51.2232208252, 51.6179580688, 52.0126991272, 52.3958282471, 52.7789573669, 53.1736946106, 53.5568237305, 53.9399528503, 54.3346939087, 54.7294311523, 55.1125602722, 55.4956893921, 55.8904304504, 56.2735595703, 56.6566886902, 57.0514259338, 57.4461669922, 57.8292961121, 58.2124252319, 58.5955543518, 58.9786834717, 59.37342453, 59.7681617737, 60.1512908936, 60.5344200134, 60.9291610718, 61.3238983154, 61.7070274353, 62.0901565552, 62.4848976135, 62.8680267334, 63.2511558533, 63.6458930969, 64.0406341553, 64.4237594604, 64.806892395, 65.2016296387, 65.5847625732, 65.9678878784, 66.3626327515, 66.7457580566, 67.1288909912, 67.5236282349, 67.90675354, 68.2898864746, 68.6846237183, 69.0793609619, 69.4624938965, 69.8456192017, 70.2403640747, 70.6234893799, 71.0066223145, 71.4013595581, 71.7844848633, 72.1676177979, 72.5623550415, 72.9570999146, 73.3402252197, 73.7233581543, 74.1180953979, 74.5128326416, 74.8959655762, 75.2790908813, 75.673828125, 76.0569610596, 76.4400863647, 76.8348312378, 77.217956543, 77.6010894775, 77.9958267212, 78.3789520264, 78.7620849609, 79.1568222046, 79.5515594482, 79.9346923828, 80.3178253174, 80.712562561, 81.0956878662, 81.4788208008, 81.8735580444, 82.256690979, 82.6398162842, 83.0345535278, 83.4292984009, 83.8124237061, 84.1955566406, 84.5902938843, 84.9850311279, 85.3681640625, 85.7512893677, 86.1344223022, 86.5175476074, 86.9122848511, 87.3070297241, 87.6901550293, 88.0732879639, 88.4680252075, 88.8627624512, 89.2458953857, 89.6290206909, 90.023765564, 90.4185028076, 90.8132400513, 91.1963729858, 91.579498291, 91.9626312256, 92.3457565308, 92.7404937744, 93.1352386475, 93.5299758911, 93.9131011963, 94.2962341309, 94.6793670654, 95.0624923706, 95.4456253052, 95.8287506104, 96.223487854, 96.6182327271, 97.0129699707, 97.3960952759, 97.7792282104, 98.1739654541, 98.5687026978, 98.9518356323, 99.3349609375, 99.7180938721, 100.101219177, 100.49596405, 100.879089355, 101.26222229, 101.656959534, 102.051696777, 102.434829712, 102.829566956, 103.224304199, 103.607437134, 103.990562439, 104.385307312, 104.768432617, 105.151565552, 105.534690857, 105.929428101, 106.312561035, 106.69568634, 107.090431213, 107.485168457, 107.879905701, 108.263038635, 108.64616394, 109.040908813, 109.435646057, 109.818771362, 110.201904297, 110.596641541, 110.979774475, 111.36289978, 111.746032715, 112.140769958, 112.535507202, 112.918640137, 113.31337738, 113.708114624, 114.091247559, 114.474372864, 114.857505798, 115.252243042, 115.635368347, 116.018501282, 116.401634216, 116.784759521, 117.167892456, 117.5626297, 117.957366943, 118.352104187, 118.735237122, 119.118362427, 119.501495361, 119.884620667, 120.267753601, 120.650878906, 121.045623779, 121.440361023, 121.835098267, 122.22983551, 122.612968445, 123.007705688, 123.390838623, 123.773963928, 124.157096863, 124.551834106, 124.94657135, 125.341316223, 125.724441528, 126.107574463, 126.502311707, 126.89704895, 127.291786194, 127.686531067, 128.092880249, 128.499221802, 128.917190552, 129.335144043, 129.753097534, 130.171066284, 130.565795898, 130.960540771, 131.343673706, 131.73840332, 132.121536255, 132.504669189, 132.887802124, 133.282531738, 133.677276611, 134.060409546, 134.44354248, 134.838272095, 135.221405029, 135.616149902, 135.999267578, 136.382400513, 136.765533447, 137.160263062, 137.555007935, 137.938140869, 138.321273804, 138.716003418, 139.110748291, 139.493881226, 139.876998901, 140.271743774, 140.654876709, 141.037994385, 141.432739258, 141.827484131, 142.210617065, 142.60534668, 142.988479614, 143.371612549, 143.754730225, 144.137863159, 144.520996094, 144.915740967, 145.310470581, 145.705215454, 146.099945068, 146.483078003, 146.866210938, 147.260955811, 147.667297363, 148.073654175, 148.491607666, 148.897949219, 149.30430603, 149.710647583, 150.117004395, 150.511749268, 150.906478882, 151.301223755, 151.695953369, 152.090698242, 152.473831177, 152.856964111, 153.251693726, 153.646438599, 154.041183472, 154.435913086, 154.830657959, 155.225387573, 155.608520508, 155.991653442, 156.386398315, 156.78112793, 157.164260864, 157.547393799, 157.942123413, 158.325256348, 158.708389282, 159.103118896, 159.49786377, 159.892608643, 160.275741577, 160.670471191, 161.053604126, 161.436737061, 161.819854736, 162.202987671, 162.586120605, 162.980865479, 163.363983154, 163.747116089, 164.141860962, 164.524978638, 164.908111572, 165.302856445, 165.68598938, 166.069107056, 166.45223999, 166.835372925, 167.230117798, 167.613235474, 167.996368408, 168.391113281, 168.774230957, 169.157363892, 169.540496826, 169.923629761, 170.318359375, 170.70149231, 171.084625244, 171.479354858, 171.862487793, 172.245620728, 172.640365601, 173.035095215, 173.429840088, 173.812973022, 174.196090698, 174.590835571, 174.985580444, 175.380310059, 175.763442993, 176.146575928, 176.541305542, 176.924438477, 177.31918335, 177.702316284, 178.097045898, 178.480178833, 178.863311768, 179.258041382, 179.641174316, 180.024307251, 180.419036865, 180.8021698, 181.196914673, 181.591659546, 181.974777222, 182.357910156, 182.752655029, 183.135772705, 183.530517578, 183.925262451, 184.308380127, 184.703125, 185.086257935, 185.480987549, 185.875732422, 186.270477295, 186.665206909, 187.059951782, 187.454696655, 187.861038208, 188.26739502, 188.662124634, 188.998809814, 189.335510254, 189.672195435, 190.008880615, 190.345581055, 190.693878174, 191.030563354, 191.378860474, 191.703948975, 192.040634155, 192.365707397, 192.702392578, 193.015869141, 193.410614014, 193.793731689, 194.188476562, 194.583221436, 194.966339111, 195.361083984, 195.755828857, 196.150558472, 196.545303345, 196.951644897, 197.358001709, 197.857223511, 198.344848633, 198.832473755, 199.250427246, 199.656768799, 200.06312561, 200.481079102, 200.887435913, 201.293777466, 201.700134277, 202.10647583, 202.501220703, 202.907577515, 203.29069519, 203.685440063, 204.080184937, 204.474914551, 204.858047485, 205.24118042, 205.635910034, 206.030654907, 206.42539978, 206.808517456, 207.203262329, 207.586395264, 207.969512939, 208.352645874, 208.735778809, 209.118911743, 209.513641357, 209.90838623, 210.291519165, 210.6746521, 211.069381714, 211.452514648, 211.835647583, 212.230377197, 212.613510132, 212.996643066, 213.379776001, 213.762893677, 214.15763855, 214.540771484, 214.92388916, 215.318634033, 215.701766968, 216.084899902, 216.479629517, 216.87437439, 217.257507324, 217.640625, 218.035369873, 218.430114746, 218.813232422, 219.196365356, 219.591110229, 219.985839844, 220.380584717, 220.763717651, 221.146850586, 221.529968262, 221.913101196, 222.307846069, 222.702575684, 223.085708618, 223.468841553, 223.863571167, 224.246704102, 224.629837036, 225.024581909, 225.407699585, 225.79083252, 226.185577393, 226.568710327, 226.963439941, 227.346572876, 227.729705811, 228.112823486, 228.507568359, 228.890701294, 229.273834229, 229.656951904, 230.040084839, 230.434829712, 230.817947388, 231.201080322, 231.595825195, 231.97895813, 232.362075806, 232.74520874, 233.128341675, 233.523086548, 233.906204224, 234.289337158, 234.684082031, 235.078811646, 235.473556519, 235.868301392, 236.251419067, 236.634552002, 237.029296875, 237.424026489, 237.818771362, 238.213516235, 238.596633911, 238.991378784, 239.374511719, 239.769241333, 240.140762329, 240.535507202, 240.930252075, 241.324981689, 241.696502686, 242.07963562, 242.462768555, 242.857498169, 243.240631104, 243.623764038, 244.018493652, 244.401626587, 244.784759521, 245.179489136, 245.574234009, 245.968978882, 246.352111816, 246.735229492, 247.118362427, 247.501495361, 247.884628296, 248.267745972, 248.662490845, 249.057235718, 249.451965332, 249.835098267, 250.218231201, 250.612960815, 251.007705688, 251.402450562, 251.797180176, 252.203536987, 252.60987854, 253.02784729, 253.445800781, 253.852142334, 254.270111084, 254.676452637, 255.07119751, 255.477539062, 255.860671997, 256.243804932, 256.626922607, 257.010070801, 257.393188477, 257.78793335, 258.182678223, 258.565795898, 258.948944092, 259.343658447, 259.726806641, 260.109924316, 260.504669189, 260.887786865, 261.270935059, 261.677276611, 262.060394287, 262.44354248, 262.826660156, 263.221405029, 263.616149902, 263.999267578, 264.382385254, 264.765533447, 265.137054443, 265.520172119, 265.903320312, 266.286437988, 266.657958984, 267.052703857, 267.435821533, 267.818939209, 268.202087402, 268.596832275, 268.979949951, 269.363067627, 269.74621582, 270.140960693, 270.524078369, 270.907196045, 271.301940918, 271.696685791, 272.091430664, 272.486175537, 272.880889893, 273.264038086, 273.658782959, 274.041900635, 274.436645508, 274.831390381, 275.226104736, 275.620849609, 276.003997803, 276.387115479, 276.770233154, 277.153381348, 277.548126221, 277.931243896, 278.32598877, 278.709106445, 279.103851318, 279.498596191, 279.893341064, 280.28805542, 280.682800293, 281.077545166, 281.472290039, 281.855407715, 282.238555908, 282.621673584, 283.00479126, 283.399536133, 283.782684326, 284.165802002, 284.560546875, 284.943664551, 285.338409424, 285.7215271, 286.116271973, 286.499420166, 286.882537842, 287.265655518, 287.648803711, 288.031921387, 288.415039062, 288.809783936, 289.204528809, 289.587646484, 289.970794678, 290.353912354, 290.737060547, 291.131774902, 291.514923096, 291.898040771, 292.281188965, 292.664306641, 293.059051514, 293.453796387, 293.848510742, 294.231658936, 294.614776611, 295.009521484, 295.404266357, 295.787384033, 296.170501709, 296.553649902, 296.936767578, 297.319915771, 297.714630127, 298.09777832, 298.492523193, 298.887237549, 299.281982422, 299.676727295, 300.059844971, 300.442993164, 300.82611084, 301.209259033, 301.603973389, 301.987121582, 302.381866455, 302.764984131, 303.159729004, 303.54284668, 303.937591553, 304.320709229, 304.703857422, 305.086975098, 305.481719971, 305.876464844, 306.271209717, 306.654327393, 307.037445068, 307.432189941, 307.826934814, 308.21005249, 308.604797363, 308.987945557, 309.371063232, 309.754180908, 310.148925781, 310.543670654, 310.938415527, 311.3331604, 311.727874756, 312.111022949, 312.494140625, 312.877258301, 313.260406494, 313.64352417, 314.026672363, 314.421386719, 314.816131592, 315.210876465, 315.605621338, 316.011962891, 316.418304443, 316.813049316, 317.207794189, 317.602539062, 318.008880615, 318.391998291, 318.775146484, 319.14666748, 319.529785156, 319.947753906, 320.354095459, 320.772064209], "danceability": 1.02778828144, "bpm_histogram_second_peak_spread": {"dvar": 0, "var": 0, "median": 0.0781670808792, "max": 0.0781670808792, "dmean": 0, "dmean2": 0, "mean": 0.0781670808792, "dvar2": 0, "min": 0.0781670808792}}, "lowlevel": {"spectral_flux": {"dvar": 0.00095563812647, "var": 0.00255998712964, "median": 0.071690633893, "max": 0.337916910648, "dmean": 0.0221153069288, "dmean2": 0.0351489782333, "mean": 0.0790776014328, "dvar2": 0.00217439187691, "min": 6.42174993737e-11}, "spectral_rolloff": {"dvar": 352940.90625, "var": 2872477.75, "median": 1248.92578125, "max": 19810.546875, "dmean": 320.670318604, "dmean2": 525.407592773, "mean": 1416.10742188, "dvar2": 741290.75, "min": 43.06640625}, "barkbands_flatness_db": {"dvar": 0.000374585826648, "var": 0.00238328846171, "median": 0.115107879043, "max": 0.417208194733, "dmean": 0.0186524316669, "dmean2": 0.0274822041392, "mean": 0.124906510115, "dvar2": 0.000828419346362, "min": 0.0235505532473}, "spectral_centroid": {"dvar": 53795.21875, "var": 812254.75, "median": 1167.33288574, "max": 11669.1679688, "dmean": 178.890609741, "dmean2": 273.415374756, "mean": 1266.6159668, "dvar2": 105416.234375, "min": 128.461273193}, "melbands_skewness": {"dvar": 0.633202254772, "var": 2.62873315811, "median": 1.92754459381, "max": 16.091545105, "dmean": 0.62457805872, "dmean2": 0.959706008434, "mean": 2.28989028931, "dvar2": 1.44937384129, "min": -1.80183076859}, "melbands": {"dvar": [1.04653709059e-05, 7.33199112801e-06, 3.5176271922e-06, 3.83744236387e-07, 3.28209850409e-08, 2.27740120096e-08, 5.36012976227e-07, 3.95634316419e-08, 2.34291199774e-08, 3.52654438984e-08, 3.44633939164e-08, 2.69108912931e-08, 1.41726506087e-08, 1.98041281152e-08, 2.19547970914e-08, 1.93103346646e-08, 1.27717045828e-08, 7.20190929115e-09, 3.3585232373e-09, 3.75511888251e-09, 1.45905354465e-09, 8.59788740204e-10, 2.45226311479e-10, 8.76392500238e-11, 4.2631689845e-11, 7.86039427991e-11, 4.06301450817e-11, 1.95472353581e-11, 1.91854952064e-11, 2.82125572904e-11, 3.4986326336e-11, 2.5288621891e-11, 1.32177151169e-11, 1.36328682718e-11, 1.24782649491e-11, 5.40637022997e-12, 2.79469394675e-12, 1.95382295412e-12, 1.63850833942e-12, 2.75790566599e-12], "var": [1.1236791579e-05, 6.86935527483e-06, 7.00572491041e-06, 6.7674471893e-07, 8.52824513231e-08, 7.08931864324e-08, 1.13522560241e-06, 1.09260476222e-07, 7.00915947505e-08, 1.24097297771e-07, 8.78163675111e-08, 7.05450915461e-08, 4.03139672756e-08, 4.29596020979e-08, 4.90458447189e-08, 5.39397539967e-08, 3.33674279318e-08, 1.72612377725e-08, 8.41586089706e-09, 9.2838625676e-09, 5.72145131272e-09, 4.93690111014e-09, 7.45346895314e-10, 2.63600502537e-10, 1.00373855061e-10, 1.54741067182e-10, 9.92046653159e-11, 4.39183064915e-11, 4.002672499e-11, 5.24666629587e-11, 7.26653667793e-11, 6.54545653789e-11, 3.3500001384e-11, 4.05566934203e-11, 4.14400631865e-11, 1.78485958652e-11, 8.76217414597e-12, 5.23642023839e-12, 5.08717937567e-12, 8.2517014055e-12], "median": [0.00200530979782, 0.00129502580967, 0.000615058990661, 0.000246174196946, 0.000207066026633, 0.000125496473629, 0.000143150842632, 8.12670623418e-05, 8.63218374434e-05, 7.80461559771e-05, 6.15697426838e-05, 6.21178405709e-05, 4.80443231936e-05, 6.17356199655e-05, 5.33501588507e-05, 4.21292243118e-05, 4.38017050328e-05, 4.14816968259e-05, 2.3143064027e-05, 1.48930976138e-05, 1.39843132274e-05, 1.16754063129e-05, 8.60187992657e-06, 5.21864376424e-06, 4.05345099352e-06, 3.07027448798e-06, 2.57802048509e-06, 1.90785999621e-06, 1.47927119087e-06, 1.30096361772e-06, 9.60666966421e-07, 6.19276534053e-07, 6.12267797351e-07, 5.54195821678e-07, 4.85686030061e-07, 3.77816377295e-07, 2.94480742014e-07, 2.68598796538e-07, 2.77300500784e-07, 2.14490711414e-07], "max": [0.0304571017623, 0.0283565707505, 0.0230830051005, 0.00938831362873, 0.00324286380783, 0.00412639789283, 0.0197825487703, 0.00521319592372, 0.00315366289578, 0.00760889286175, 0.00565402442589, 0.0045402511023, 0.00412092264742, 0.00413403939456, 0.00324927456677, 0.00352229224518, 0.00261957384646, 0.0019318285631, 0.0014396115439, 0.00211559934542, 0.00077921274351, 0.000699727039319, 0.000373576418497, 0.000245854404056, 0.000157056652824, 0.000309272814775, 0.000339102640282, 0.000139174444485, 0.000170094164787, 0.000270564400125, 0.000255349383224, 0.000247708696406, 0.00016930255515, 0.000142646531458, 0.000131561391754, 8.04923547548e-05, 7.16718641343e-05, 5.4195188568e-05, 5.4322386859e-05, 7.10710155545e-05], "dmean": [0.00143127259798, 0.00112191378139, 0.000875380937941, 0.000293934339425, 0.000127423772938, 8.52907614899e-05, 0.000250897574006, 0.000101405923488, 8.50005744724e-05, 9.13339899853e-05, 7.69395774114e-05, 7.46326695662e-05, 5.93962249695e-05, 7.72825223976e-05, 7.55352157285e-05, 7.02922843629e-05, 6.0092403146e-05, 4.62572024844e-05, 3.09934766847e-05, 2.89631443593e-05, 2.09503377846e-05, 1.62147716765e-05, 9.380114534e-06, 5.50795220988e-06, 3.63086542166e-06, 3.10872997034e-06, 2.40472195401e-06, 1.92035508917e-06, 1.66108509347e-06, 1.63680317655e-06, 1.43839474731e-06, 1.10876374038e-06, 9.59076373874e-07, 9.39179756188e-07, 9.02117960777e-07, 6.60915020489e-07, 4.85907946768e-07, 4.48305542022e-07, 4.44768886609e-07, 4.88606588078e-07], "dmean2": [0.0023183808662, 0.00187479786109, 0.00138739368413, 0.000458316266304, 0.000207408767892, 0.000132434273837, 0.00037322184653, 0.000156900438014, 0.000130390268168, 0.000142739416333, 0.000120216551295, 0.000117227129522, 9.37794611673e-05, 0.000125160353491, 0.000122425932204, 0.000114770708024, 9.87906241789e-05, 7.51916886657e-05, 5.08666598762e-05, 4.73785257782e-05, 3.50228292518e-05, 2.72207980743e-05, 1.57017184392e-05, 9.25007952901e-06, 6.03464422966e-06, 5.08529092258e-06, 3.9160072447e-06, 3.07272034661e-06, 2.65221228801e-06, 2.56775206253e-06, 2.22418452722e-06, 1.62558148986e-06, 1.43100396599e-06, 1.41348289162e-06, 1.33748369535e-06, 9.85326551017e-07, 7.21950982552e-07, 6.77112552694e-07, 6.75377179959e-07, 7.41987435049e-07], "mean": [0.00262392731383, 0.00191295915283, 0.00157542177476, 0.000515388150234, 0.000296301557682, 0.000217871333007, 0.000426502665505, 0.000199331771, 0.000178448492079, 0.000196258304641, 0.00015417484974, 0.000145147627336, 0.000110737237264, 0.000134654314024, 0.000134068381158, 0.000137988448841, 0.000118527350423, 9.02957908693e-05, 6.3041516114e-05, 5.91375282966e-05, 4.9468861107e-05, 4.22902849095e-05, 2.16859407374e-05, 1.21020866573e-05, 7.40618588679e-06, 6.04895785727e-06, 4.84567544845e-06, 3.80366873287e-06, 3.3078999877e-06, 3.02660737361e-06, 2.62146272689e-06, 2.06128675018e-06, 1.8390344394e-06, 1.75642833256e-06, 1.63978256751e-06, 1.21080631743e-06, 8.90880585303e-07, 7.75271303155e-07, 7.85476743204e-07, 7.80772381859e-07], "dvar2": [2.57302017417e-05, 1.97218159883e-05, 8.18358330434e-06, 8.38005973947e-07, 8.75987211657e-08, 5.63802906584e-08, 1.04243224541e-06, 9.14187339163e-08, 5.56891954773e-08, 8.55065636074e-08, 8.59593427549e-08, 6.65848816084e-08, 3.47155832969e-08, 5.12683513421e-08, 5.86942192626e-08, 5.32983008839e-08, 3.40169137303e-08, 1.83627246741e-08, 8.63721716371e-09, 9.72400204802e-09, 3.96668964342e-09, 2.37818786886e-09, 6.80742073822e-10, 2.30836100235e-10, 1.11664566482e-10, 2.04329886344e-10, 9.5596169869e-11, 4.78715643515e-11, 4.48786632856e-11, 6.43290976043e-11, 7.62355456541e-11, 5.07536165872e-11, 2.95535332318e-11, 2.92605592533e-11, 2.32718080917e-11, 1.02613638073e-11, 5.49964154078e-12, 4.22668670896e-12, 3.4035356998e-12, 5.79522324226e-12], "min": [7.05144224946e-25, 1.34439115139e-24, 1.91063767852e-24, 1.98909541757e-24, 1.29367311443e-24, 1.64199454852e-24, 1.52377555744e-24, 2.13304557227e-24, 2.32948357337e-24, 1.77721506983e-24, 1.47439858401e-24, 2.08482585779e-24, 2.76354620064e-24, 1.60564778231e-24, 2.91949335198e-24, 3.33968011315e-24, 3.53101122596e-24, 3.75475939438e-24, 3.08300232674e-24, 3.07677624205e-24, 1.38237815663e-24, 4.48645470524e-24, 4.1960615954e-24, 3.78647081391e-24, 3.93673343357e-24, 4.19883759692e-24, 3.26015524251e-24, 6.06781000902e-24, 4.88213037479e-24, 5.51223933373e-24, 5.97148693704e-24, 4.9341999277e-24, 5.82528734548e-24, 4.84993735568e-24, 3.39848653819e-24, 5.92972030199e-24, 5.93160962386e-24, 5.86997710462e-24, 5.72607546487e-24, 6.10786836578e-24]}, "spectral_decrease": {"dvar": 1.45926786522e-17, "var": 3.64344538642e-17, "median": -7.05833747006e-09, "max": 2.29556089941e-21, "dmean": 2.30179186822e-09, "dmean2": 3.62548502331e-09, "mean": -8.0931066293e-09, "dvar2": 3.41810318959e-17, "min": -3.59694531937e-08}, "barkbands_kurtosis": {"dvar": 32.3931312561, "var": 76.7176055908, "median": 0.675738096237, "max": 191.140274048, "dmean": 2.37347722054, "dmean2": 3.80538415909, "mean": 3.36378240585, "dvar2": 87.4461669922, "min": -1.8584100008}, "silence_rate_30dB": {"dvar": 0.000577695842367, "var": 0.000288909039227, "median": 1, "max": 1, "dmean": 0.000578034669161, "dmean2": 0.00115615292452, "mean": 0.999710977077, "dvar2": 0.00173299701419, "min": 0}, "gfcc": {"mean": [-2.73141646385, 94.9217300415, -112.958374023, 18.1438121796, -39.0176773071, 19.4719772339, -35.7023582458, 7.0068025589, -22.388174057, 5.73845148087, -16.9006481171, 1.5855486393, -12.9480104446], "cov": [[19836.5820312, 265.192779541, -725.084472656, 42.8889770508, -398.434692383, 755.257446289, -204.839950562, 550.582275391, 169.231323242, 298.599884033, -334.928070068, 218.631103516, -285.312866211], [265.192779541, 1124.15771484, -144.059646606, -57.7540092468, -6.29692411423, -63.2856254578, 87.1388931274, -30.2067012787, 77.2395019531, -73.9094238281, 99.2495956421, -64.6866836548, 60.1281433105], [-725.084472656, -144.059646606, 718.225585938, 82.3461074829, -14.1289110184, 86.8769607544, 57.6287536621, 57.9832687378, 23.1044616699, 39.7130355835, 1.07301270962, 48.4358711243, 10.6961765289], [42.8889770508, -57.7540092468, 82.3461074829, 427.855804443, 140.700439453, 89.37084198, 48.2930870056, 40.860824585, 35.7044219971, 0.0758735165, 35.8396568298, 20.886089325, 45.1672172546], [-398.434692383, -6.29692411423, -14.1289110184, 140.700439453, 388.652557373, 119.866287231, 110.886016846, 87.2221832275, 73.6848983765, 36.8953056335, 40.8966445923, 43.5158119202, 19.044090271], [755.257446289, -63.2856254578, 86.8769607544, 89.37084198, 119.866287231, 243.298248291, 96.1085281372, 96.4204330444, 58.8211975098, 46.3859672546, 7.63985013962, 30.7824363708, -3.0957493782], [-204.839950562, 87.1388931274, 57.6287536621, 48.2930870056, 110.886016846, 96.1085281372, 163.344772339, 69.8594284058, 64.9054641724, 21.0973949432, 34.5029144287, 15.4428482056, 13.9134054184], [550.582275391, -30.2067012787, 57.9832687378, 40.860824585, 87.2221832275, 96.4204330444, 69.8594284058, 164.872680664, 95.870223999, 53.7785224915, 12.1753015518, 44.6270904541, -1.10686933994], [169.231323242, 77.2395019531, 23.1044616699, 35.7044219971, 73.6848983765, 58.8211975098, 64.9054641724, 95.870223999, 154.420913696, 57.1757583618, 34.4735488892, 17.3399085999, 8.64528751373], [298.599884033, -73.9094238281, 39.7130355835, 0.0758735165, 36.8953056335, 46.3859672546, 21.0973949432, 53.7785224915, 57.1757583618, 110.021530151, 25.5224456787, 24.8486671448, -6.6427321434], [-334.928070068, 99.2495956421, 1.07301270962, 35.8396568298, 40.8966445923, 7.63985013962, 34.5029144287, 12.1753015518, 34.4735488892, 25.5224456787, 93.2079238892, 22.8526821136, 24.7339458466], [218.631103516, -64.6866836548, 48.4358711243, 20.886089325, 43.5158119202, 30.7824363708, 15.4428482056, 44.6270904541, 17.3399085999, 24.8486671448, 22.8526821136, 83.9190139771, 17.5446720123], [-285.312866211, 60.1281433105, 10.6961765289, 45.1672172546, 19.044090271, -3.0957493782, 13.9134054184, -1.10686933994, 8.64528751373, -6.6427321434, 24.7339458466, 17.5446720123, 70.2876968384]], "icov": [[0.000143294033478, -0.000268146541202, 0.000252785655903, -0.000205139120226, 0.000365804968169, -0.000595280143898, 0.000417426257627, -0.000374083494535, 0.000157760718139, -0.000492400489748, 0.00077320553828, -0.000733399239834, 0.00053559045773], [-0.000268146541202, 0.00191358872689, -0.00032581895357, 0.000780830392614, -0.000569374242332, 0.00129103765357, -0.00142802030314, 0.000815966224764, -0.00129338400438, 0.00232337485068, -0.00303235952742, 0.00261560431682, -0.00187813595403], [0.000252785655903, -0.00032581895357, 0.00207728776149, -0.000674014852848, 0.0011977214599, -0.00131481327116, 1.38277246151e-05, -0.000723584671505, 0.00037120381603, -0.00121981278062, 0.00164586480241, -0.00202654930763, 0.000791026570369], [-0.000205139120226, 0.000780830392614, -0.000674014852848, 0.00347523903474, -0.00143838708755, -2.17441629502e-05, -0.00010098083294, 0.000378277909476, -0.000623660918791, 0.00191281677689, -0.0023597178515, 0.00198540580459, -0.00262431660667], [0.000365804968169, -0.000569374242332, 0.0011977214599, -0.00143838708755, 0.00489173969254, -0.00219929451123, -0.000755867513362, -0.00122761237435, 2.73488331004e-05, -0.00140745728277, 0.00166166655254, -0.00300806434825, 0.00145177613012], [-0.000595280143898, 0.00129103765357, -0.00131481327116, -2.17441629502e-05, -0.00219929451123, 0.0094644119963, -0.00459526153281, -0.000440277188318, -0.000178263042471, 0.000664333114401, -0.00198118644767, 0.00270717148669, -0.00128516822588], [0.000417426257627, -0.00142802030314, 1.38277246151e-05, -0.00010098083294, -0.000755867513362, -0.00459526153281, 0.0123081961647, -0.00308383395895, -0.000762167328503, -0.000143040902913, -0.00011164839816, -0.000651050533634, 0.00077828776557], [-0.000374083494535, 0.000815966224764, -0.000723584671505, 0.000378277909476, -0.00122761237435, -0.000440277188318, -0.00308383395895, 0.0146635612473, -0.00683040730655, -9.70350174612e-06, 0.000740426650736, -0.00333808013238, 0.000216990069021], [0.000157760718139, -0.00129338400438, 0.00037120381603, -0.000623660918791, 2.73488331004e-05, -0.000178263042471, -0.000762167328503, -0.00683040730655, 0.0135175734758, -0.00507313990965, -0.000517612788826, 0.0012381458655, -0.000149859508383], [-0.000492400489748, 0.00232337485068, -0.00121981278062, 0.00191281677689, -0.00140745728277, 0.000664333114401, -0.000143040902913, -9.70350174612e-06, -0.00507313990965, 0.0165227185935, -0.00741845183074, 0.00206000427715, -0.000309266877593], [0.00077320553828, -0.00303235952742, 0.00164586480241, -0.0023597178515, 0.00166166655254, -0.00198118644767, -0.00011164839816, 0.000740426650736, -0.000517612788826, -0.00741845183074, 0.0212324336171, -0.00882401689887, 0.000588390219491], [-0.000733399239834, 0.00261560431682, -0.00202654930763, 0.00198540580459, -0.00300806434825, 0.00270717148669, -0.000651050533634, -0.00333808013238, 0.0012381458655, 0.00206000427715, -0.00882401689887, 0.0220936406404, -0.00753875216469], [0.00053559045773, -0.00187813595403, 0.000791026570369, -0.00262431660667, 0.00145177613012, -0.00128516822588, 0.00077828776557, 0.000216990069021, -0.000149859508383, -0.000309266877593, 0.000588390219491, -0.00753875216469, 0.0206373240799]]}, "silence_rate_20dB": {"dvar": 0, "var": 0, "median": 1, "max": 1, "dmean": 0, "dmean2": 0, "mean": 1, "dvar2": 0, "min": 1}, "barkbands_skewness": {"dvar": 0.333666741848, "var": 1.52074539661, "median": 1.10493886471, "max": 11.0272283554, "dmean": 0.479266911745, "dmean2": 0.734490275383, "mean": 1.32729351521, "dvar2": 0.765415370464, "min": -2.53620219231}, "erbbands_skewness": {"dvar": 0.0712179988623, "var": 0.378346472979, "median": -0.0440505817533, "max": 4.73516941071, "dmean": 0.289460748434, "dmean2": 0.450617790222, "mean": 0.00195285177324, "dvar2": 0.167333319783, "min": -3.18186926842}, "spectral_contrast_valleys": {"dvar": [0.102882906795, 0.0716138482094, 0.0671333447099, 0.052916072309, 0.0518421344459, 0.1607298702], "var": [3.9954957962, 3.65353274345, 3.54708647728, 3.69637107849, 3.55209803581, 3.2470369339], "median": [-6.63184070587, -6.70454454422, -7.06981658936, -7.34118318558, -7.51004266739, -10.0481748581], "max": [-5.26034355164, -5.0347032547, -5.28842639923, -5.56632137299, -5.85226297379, -7.32706403732], "dmean": [0.348486602306, 0.30753237009, 0.285757422447, 0.241950690746, 0.217153608799, 0.364651918411], "dmean2": [0.56830227375, 0.500456869602, 0.457200914621, 0.380123585463, 0.306741416454, 0.43275859952], "mean": [-7.1780257225, -6.98427152634, -7.35514831543, -7.49097585678, -7.85857057571, -10.4311828613], "dvar2": [0.252479612827, 0.169423356652, 0.144575312734, 0.107076965272, 0.0849559009075, 0.219300657511], "min": [-28.1271190643, -27.9632358551, -27.7488651276, -27.6537876129, -27.6309223175, -27.418258667]}, "spectral_strongpeak": {"dvar": 0.835436105728, "var": 1.10081410408, "median": 0.31989005208, "max": 10.2368774414, "dmean": 0.449214190245, "dmean2": 0.790710151196, "mean": 0.702948272228, "dvar2": 2.17791676521, "min": 0}, "erbbands_crest": {"dvar": 4.45413255692, "var": 12.7176179886, "median": 7.89119148254, "max": 27.5104789734, "dmean": 2.20451712608, "dmean2": 3.59765005112, "mean": 8.67822360992, "dvar2": 11.2154655457, "min": 2.40125918388}, "barkbands_crest": {"dvar": 6.06543254852, "var": 14.9478826523, "median": 8.7684431076, "max": 24.877910614, "dmean": 2.27913928032, "dmean2": 3.60129547119, "mean": 9.48534011841, "dvar2": 14.5499820709, "min": 2.50001859665}, "spectral_energyband_middle_low": {"dvar": 4.84115371364e-05, "var": 0.000142100267112, "median": 0.00733074825257, "max": 0.092700958252, "dmean": 0.00397635344416, "dmean2": 0.00606057234108, "mean": 0.0112788742408, "dvar2": 0.00010632048361, "min": 1.55321221766e-22}, "spectral_contrast_coeffs": {"dvar": [0.00157227285672, 0.00114402687177, 0.000830065167975, 0.000525749172084, 0.000278478633845, 0.000258450658293], "var": [0.00872226338834, 0.00487350625917, 0.00406902004033, 0.00263970112428, 0.00182175787631, 0.00143602036405], "median": [-0.67992413044, -0.723089456558, -0.749060988426, -0.76482796669, -0.785564422607, -0.777293860912], "max": [-0.345519959927, -0.410770207644, -0.495101600885, -0.561249792576, -0.540463507175, -0.63863325119], "dmean": [0.0456623733044, 0.0409974120557, 0.0357019603252, 0.0287766642869, 0.020539117977, 0.0183723364025], "dmean2": [0.0745341256261, 0.0667449459434, 0.0582095980644, 0.0474406927824, 0.0334032289684, 0.0275191962719], "mean": [-0.666597008705, -0.723293185234, -0.74837744236, -0.763608932495, -0.784871339798, -0.780068993568], "dvar2": [0.00402516685426, 0.00299370801076, 0.00214845058508, 0.00139513600152, 0.000701462151483, 0.000528957054485], "min": [-0.981320679188, -0.971562623978, -0.978225171566, -0.97076189518, -0.9661257267, -0.964511811733]}, "hfc": {"dvar": 47.7512702942, "var": 415.200012207, "median": 17.1854953766, "max": 194.50479126, "dmean": 5.05224275589, "dmean2": 7.57028055191, "mean": 22.5621109009, "dvar2": 99.0784988403, "min": 1.0933916197e-16}, "spectral_energyband_high": {"dvar": 4.54483569001e-07, "var": 2.05233095585e-06, "median": 0.000262609915808, "max": 0.0237768553197, "dmean": 0.000273714598734, "dmean2": 0.000385112391086, "mean": 0.000594878394622, "dvar2": 7.46417470054e-07, "min": 6.84419336246e-21}, "erbbands_spread": {"dvar": 60.661819458, "var": 231.880722046, "median": 26.6511287689, "max": 136.473892212, "dmean