{"tonal": {"hpcp": {"dvar": [0.0303471535444, 0.0332041680813, 0.0339537002146, 0.0379735417664, 0.0395230799913, 0.0428321436048, 0.0591703653336, 0.0811423361301, 0.0693280026317, 0.0684552043676, 0.0495921038091, 0.0441195592284, 0.0483578555286, 0.0555257573724, 0.0323247611523, 0.0232952889055, 0.0234183892608, 0.0271736290306, 0.0346016772091, 0.0357000716031, 0.0266031697392, 0.0295444782823, 0.0298107601702, 0.031298995018, 0.0596328340471, 0.0214348789304, 0.0144402291626, 0.0432526730001, 0.0522376075387, 0.0394508093596, 0.0747066363692, 0.0864935591817, 0.0650364235044, 0.049491904676, 0.042666003108, 0.0282916445285], "var": [0.0187811776996, 0.0195507686585, 0.0202760603279, 0.024830404669, 0.0277193244547, 0.0335291847587, 0.0863812640309, 0.139208748937, 0.0826441720128, 0.0519435368478, 0.0339342579246, 0.0358893200755, 0.0675944238901, 0.0909902155399, 0.0379229895771, 0.0178909599781, 0.0164528358728, 0.0210506301373, 0.042607087642, 0.0486818142235, 0.0305295344442, 0.0441359691322, 0.0561608076096, 0.0414621308446, 0.07675486058, 0.0232887398452, 0.0115965912119, 0.0667621567845, 0.0891534015536, 0.0389781668782, 0.0517651699483, 0.0574944168329, 0.0424125082791, 0.0526924431324, 0.0546300634742, 0.0230334904045], "median": [0.0119978589937, 0.00649726949632, 0.00832918845117, 0.0228539090604, 0.0283179823309, 0.0446226410568, 0.222717046738, 0.342955559492, 0.174882933497, 0.0207111760974, 0.00978394132107, 0.0164236202836, 0.0921910554171, 0.130317479372, 0.0644497126341, 0.00939636584371, 0.00590325659141, 0.0161919891834, 0.0522058531642, 0.0580405406654, 0.0301356390119, 0.0177277904004, 0.0129832746461, 0.0181244742125, 0.0153959952295, 0.0132816303521, 0.0222135335207, 0.0979285463691, 0.124770343304, 0.0601793900132, 0.0102273141965, 0.00713095907122, 0.0102523388341, 0.0208445265889, 0.0273455027491, 0.0245837513357], "max": [1, 1, 1, 1, 1, 1, 1, 1, 1, 1, 1, 1, 1, 1, 1, 1, 1, 1, 1, 1, 1, 1, 1, 1, 1, 1, 1, 1, 1, 1, 1, 1, 1, 1, 1, 1], "dmean": [0.0706714764237, 0.0688360854983, 0.0749992281199, 0.0915198996663, 0.104972526431, 0.139041870832, 0.239544704556, 0.284760951996, 0.241942971945, 0.166389495134, 0.117253996432, 0.115915112197, 0.167311832309, 0.193262130022, 0.127109572291, 0.0647119656205, 0.0590270906687, 0.0793422013521, 0.121010988951, 0.125146746635, 0.0949818119407, 0.09398984164, 0.0885476246476, 0.109767585993, 0.135277613997, 0.0826958492398, 0.0693556517363, 0.161510169506, 0.181812033057, 0.138106018305, 0.149877354503, 0.159147575498, 0.132539987564, 0.127899259329, 0.119551636279, 0.087260723114], "dmean2": [0.132657930255, 0.131514921784, 0.143693119287, 0.171032994986, 0.194554939866, 0.253590345383, 0.411973953247, 0.492935597897, 0.425782978535, 0.309386610985, 0.220340818167, 0.212570607662, 0.285442829132, 0.324726432562, 0.220513522625, 0.117609284818, 0.110075287521, 0.144771933556, 0.20833748579, 0.216336876154, 0.166112154722, 0.163610413671, 0.154284015298, 0.196534693241, 0.249632030725, 0.152456581593, 0.125467941165, 0.268256336451, 0.304980158806, 0.246243402362, 0.279688745737, 0.300024092197, 0.25013640523, 0.230218976736, 0.209446519613, 0.158314853907], "mean": [0.050241291523, 0.0437286198139, 0.0484210513532, 0.0721701160073, 0.084902100265, 0.11500453949, 0.314781099558, 0.44440433383, 0.279298633337, 0.117426857352, 0.0770824328065, 0.0911345854402, 0.205769106746, 0.264024734497, 0.143967613578, 0.0497345402837, 0.0417863540351, 0.0650647580624, 0.1349542588, 0.146327987313, 0.0966081991792, 0.107773095369, 0.114720411599, 0.122169569135, 0.141324698925, 0.0817756205797, 0.0611072592437, 0.209350720048, 0.257382363081, 0.139146864414, 0.0990908890963, 0.0988202691078, 0.0883048996329, 0.127420142293, 0.135030075908, 0.0792944803834], "dvar2": [0.0866781175137, 0.094607591629, 0.0965972170234, 0.107967481017, 0.112973056734, 0.12040553242, 0.159930184484, 0.189415737987, 0.191203102469, 0.19184564054, 0.139939963818, 0.123727642, 0.122855119407, 0.136304453015, 0.0882168114185, 0.0643455162644, 0.0650993287563, 0.0755405575037, 0.0885744541883, 0.0936824306846, 0.071586586535, 0.0787558481097, 0.0770359709859, 0.0855638831854, 0.161192551255, 0.058774471283, 0.041153986007, 0.10964396596, 0.12241602689, 0.108333662152, 0.198052406311, 0.23071269691, 0.180691555142, 0.136585682631, 0.113797016442, 0.0821769461036], "min": [0, 0, 0, 0, 0, 0, 0, 0, 0, 0, 0, 0, 0, 0, 0, 0, 0, 0, 0, 0, 0, 0, 0, 0, 0, 0, 0, 0, 0, 0, 0, 0, 0, 0, 0, 0]}, "key_key": "B", "thpcp": [1, 0.628478646278, 0.264234274626, 0.173451125622, 0.20507133007, 0.46302229166, 0.594109296799, 0.323956370354, 0.111912816763, 0.0940277799964, 0.14640891552, 0.30367448926, 0.329267680645, 0.217388063669, 0.242511346936, 0.25814422965, 0.274906337261, 0.318009287119, 0.184011757374, 0.137503743172, 0.471081644297, 0.579162597656, 0.313108712435, 0.22297462821, 0.222365677357, 0.198703959584, 0.286721199751, 0.303845077753, 0.178428679705, 0.113053105772, 0.0983982756734, 0.108957201242, 0.162397414446, 0.191046968102, 0.258783578873, 0.708321392536], "chords_key": "B", "tuning_equal_tempered_deviation": 0.266570627689, "tuning_frequency": 434.193115234, "tuning_diatonic_strength": 0.614284455776, "chords_histogram": [42.1162185669, 0, 17.0858631134, 2.49783182144, 7.66695594788, 0, 0, 0, 0, 0, 0, 0, 0, 0, 0, 1.19687771797, 0.0173460543156, 2.93148303032, 0, 1.52645277977, 0.988725066185, 8.30875968933, 14.0503034592, 1.61318302155], "key_strength": 0.769299864769, "key_scale": "major", "chords_strength": {"dvar": 0.000370052061044, "var": 0.0285496134311, "median": 0.501574218273, "max": 0.804956614971, "dmean": 0.00789556093514, "dmean2": 0.00859337579459, "mean": 0.502866983414, "dvar2": 0.000702976132743, "min": -1}, "chords_number_rate": 0.00173460540827, "tuning_nontempered_energy_ratio": 0.974931061268, "hpcp_entropy": {"dvar": 0.246263086796, "var": 0.497316747904, "median": 2.07089304924, "max": 4.50435829163, "dmean": 0.608146488667, "dmean2": 1.01507258415, "mean": 2.04017806053, "dvar2": 0.661024987698, "min": 0}, "chords_changes_rate": 0.0426712930202, "chords_scale": "major"}, "rhythm": {"bpm_histogram_first_peak_spread": {"dvar": 0, "var": 0, "median": 0.157667398453, "max": 0.157667398453, "dmean": 0, "dmean2": 0, "mean": 0.157667398453, "dvar2": 0, "min": 0.157667398453}, "bpm_histogram_first_peak_weight": {"dvar": 0, "var": 0, "median": 0.815899610519, "max": 0.815899610519, "dmean": 0, "dmean2": 0, "mean": 0.815899610519, "dvar2": 0, "min": 0.815899610519}, "bpm_histogram_first_peak_bpm": {"dvar": 0, "var": 0, "median": 108, "max": 108, "dmean": 0, "dmean2": 0, "mean": 108, "dvar2": 0, "min": 108}, "bpm": 108.003013611, "bpm_histogram_second_peak_weight": {"dvar": 0, "var": 0, "median": 0.0083682006225, "max": 0.0083682006225, "dmean": 0, "dmean2": 0, "mean": 0.0083682006225, "dvar2": 0, "min": 0.0083682006225}, "beats_loudness": {"dvar": 0.000423893303378, "var": 0.00061428558547, "median": 0.0436515957117, "max": 0.127555862069, "dmean": 0.0213347095996, "dmean2": 0.0376576781273, "mean": 0.0465738773346, "dvar2": 0.00120802235324, "min": 4.43883610424e-11}, "beats_loudness_band_ratio": {"dvar": [0.0229293704033, 0.0173666942865, 0.00817959289998, 0.00327652622946, 0.000451798987342, 0.00161589984782], "var": [0.0438264757395, 0.0275753699243, 0.0100813899189, 0.0035960895475, 0.000602025887929, 0.00170962314587], "median": [0.567339122295, 0.250837981701, 0.0853456705809, 0.0429134331644, 0.0224460810423, 0.0264790486544], "max": [0.987706363201, 0.830995440483, 0.614374995232, 0.468908876181, 0.198699936271, 0.306028783321], "dmean": [0.206680491567, 0.18212851882, 0.0853875875473, 0.0465028174222, 0.0205397922546, 0.0395586267114], "dmean2": [0.355174571276, 0.299471795559, 0.150522783399, 0.0791188329458, 0.0351388193667, 0.0674666464329], "mean": [0.572015047073, 0.270944267511, 0.113806821406, 0.0605439171195, 0.0276306886226, 0.0395694747567], "dvar2": [0.0622307360172, 0.0467345975339, 0.0247356332839, 0.00921929534525, 0.00128902192228, 0.00375487585552], "min": [0, 0, 0, 0, 0, 0]}, "bpm_histogram_second_peak_bpm": {"dvar": 0, "var": 0, "median": 91, "max": 91, "dmean": 0, "dmean2": 0, "mean": 91, "dvar2": 0, "min": 91}, "onset_rate": 4.84929037094, "beats_count": 479, "beats_position": [0.568888902664, 1.13777780533, 1.70666658878, 2.27555561066, 2.83283448219, 3.39011335373, 3.94739222527, 4.5046710968, 5.06195020676, 5.61922883987, 6.17650794983, 6.73378658295, 7.2910656929, 7.83673477173, 8.38240337372, 8.92807197571, 9.47374153137, 10.0310201645, 10.5882987976, 11.1455783844, 11.7028570175, 12.2601356506, 12.8174142838, 13.3746938705, 13.9319725037, 14.4892511368, 15.0465307236, 15.6038093567, 16.1610889435, 16.7183666229, 17.2640361786, 17.8213157654, 18.3669834137, 18.9242630005, 19.4815406799, 20.0388202667, 20.5960998535, 21.153377533, 21.7106571198, 22.2679367065, 22.825214386, 23.3824939728, 23.9397735596, 24.497051239, 25.0543308258, 25.6000003815, 26.1456680298, 26.7029476166, 27.2602272034, 27.8175048828, 28.3747844696, 28.932062149, 29.4893417358, 30.0466213226, 30.6038990021, 31.1611785889, 31.7184581757, 32.2757377625, 32.8330154419, 33.3786849976, 33.9243545532, 34.4816322327, 35.0389099121, 35.5961914062, 36.1534690857, 36.7107467651, 37.2680282593, 37.8253059387, 38.3825836182, 38.9398651123, 39.4855308533, 40.0312004089, 40.5884780884, 41.1457595825, 41.703037262, 42.2603149414, 42.8175964355, 43.374874115, 43.9321517944, 44.4894332886, 45.046710968, 45.6039886475, 46.1612701416, 46.718547821, 47.2758255005, 47.8331069946, 48.3903846741, 48.9360542297, 49.4933319092, 50.0390014648, 50.5962791443, 51.1535606384, 51.7108383179, 52.2681159973, 52.8253974915, 53.3826751709, 53.9399528503, 54.4972343445, 55.0545120239, 55.6117897034, 56.1690673828, 56.726348877, 57.2720184326, 57.8176841736, 58.3749656677, 58.9322433472, 59.4895210266, 60.0468025208, 60.6040802002, 61.1613578796, 61.7186393738, 62.2759170532, 62.8331947327, 63.3788642883, 63.924533844, 64.4818115234, 65.0390930176, 65.5963668823, 66.1536483765, 66.7109298706, 67.2682037354, 67.8254852295, 68.3827667236, 68.9400405884, 69.4973220825, 70.0546035767, 70.6118774414, 71.1575469971, 71.7032165527, 72.2604980469, 72.817779541, 73.3750534058, 73.9323348999, 74.489616394, 75.0468902588, 75.6041717529, 76.1614532471, 76.7187271118, 77.276008606, 77.8216781616, 78.3673477173, 78.924621582, 79.4819030762, 80.0391845703, 80.5964584351, 81.1537399292, 81.7110214233, 82.2682952881, 82.8255767822, 83.3828582764, 83.9401321411, 84.4974136353, 85.0546951294, 85.6119689941, 86.1576385498, 86.7033081055, 87.2605895996, 87.8178634644, 88.3751449585, 88.9324264526, 89.4897003174, 90.0469818115, 90.6042633057, 91.1615371704, 91.7188186646, 92.2761001587, 92.8333740234, 93.3906555176, 93.9479370117, 94.4936065674, 95.039276123, 95.5965499878, 96.1538314819, 96.7111129761, 97.2683868408, 97.825668335, 98.3829498291, 98.9402236938, 99.497505188, 100.043174744, 100.600448608, 101.146118164, 101.703399658, 102.260681152, 102.817955017, 103.375236511, 103.932518005, 104.48979187, 105.047073364, 105.604354858, 106.161628723, 106.718910217, 107.276191711, 107.821853638, 108.367523193, 108.924804688, 109.482086182, 110.039360046, 110.596641541, 111.153923035, 111.711196899, 112.268478394, 112.825759888, 113.383033752, 113.940315247, 114.497596741, 115.054870605, 115.6121521, 116.169433594, 116.715103149, 117.260765076, 117.81804657, 118.375328064, 118.932601929, 119.489883423, 120.047164917, 120.604438782, 121.161720276, 121.71900177, 122.276275635, 122.833557129, 123.379226685, 123.92489624, 124.482177734, 125.039451599, 125.596733093, 126.154014587, 126.711288452, 127.268569946, 127.82585144, 128.383132935, 128.94039917, 129.497680664, 130.054962158, 130.612243652, 131.169525146, 131.726806641, 132.284072876, 132.829742432, 133.375411987, 133.932693481, 134.489974976, 135.04725647, 135.604537964, 136.161804199, 136.719085693, 137.264755249, 137.810424805, 138.367706299, 138.924987793, 139.482269287, 140.039550781, 140.596817017, 141.154098511, 141.711380005, 142.268661499, 142.825942993, 143.383224487, 143.940490723, 144.497772217, 145.055053711, 145.612335205, 146.169616699, 146.726898193, 147.284164429, 147.829833984, 148.37550354, 148.909561157, 149.432022095, 149.942855835, 150.465301514, 150.987747192, 151.533416748, 152.090698242, 152.647979736, 153.20526123, 153.750930786, 154.296600342, 154.853881836, 155.411148071, 155.968429565, 156.52571106, 157.082992554, 157.640274048, 158.197555542, 158.754821777, 159.300491333, 159.846160889, 160.403442383, 160.960723877, 161.518005371, 162.075286865, 162.632553101, 163.189834595, 163.747116089, 164.304397583, 164.861679077, 165.418960571, 165.976226807, 166.533508301, 167.090789795, 167.636459351, 168.193740845, 168.751022339, 169.296691895, 169.85395813, 170.411239624, 170.968521118, 171.525802612, 172.083084106, 172.640365601, 173.197631836, 173.75491333, 174.312194824, 174.869476318, 175.426757812, 175.972427368, 176.518096924, 177.075378418, 177.632644653, 178.189926147, 178.747207642, 179.304489136, 179.86177063, 180.419036865, 180.976318359, 181.533599854, 182.090881348, 182.636550903, 183.182220459, 183.739501953, 184.296783447, 184.854049683, 185.411331177, 185.968612671, 186.525894165, 187.083175659, 187.640457153, 188.197723389, 188.755004883, 189.312286377, 189.869567871, 190.415237427, 190.960906982, 191.518188477, 192.075454712, 192.632736206, 193.1900177, 193.747299194, 194.304580688, 194.861862183, 195.419128418, 195.976409912, 196.533691406, 197.0909729, 197.648254395, 198.205535889, 198.751205444, 199.296859741, 199.854141235, 200.411422729, 200.968704224, 201.525985718, 202.083267212, 202.640533447, 203.197814941, 203.755096436, 204.31237793, 204.869659424, 205.426940918, 205.984207153, 206.529876709, 207.075546265, 207.632827759, 208.190109253, 208.747390747, 209.304672241, 209.861953735, 210.419219971, 210.976501465, 211.533782959, 212.091064453, 212.648345947, 213.194015503, 213.739685059, 214.296951294, 214.854232788, 215.411514282, 215.968795776, 216.526077271, 217.083358765, 217.640625, 218.197906494, 218.755187988, 219.300857544, 219.8465271, 220.403808594, 220.961090088, 221.518356323, 222.075637817, 222.632919312, 223.190200806, 223.7474823, 224.304763794, 224.862030029, 225.419311523, 225.976593018, 226.522262573, 227.079544067, 227.625213623, 228.182495117, 228.739776611, 229.297042847, 229.854324341, 230.411605835, 230.968887329, 231.526168823, 232.083435059, 232.640716553, 233.197998047, 233.743667603, 234.289337158, 234.846618652, 235.403900146, 235.961181641, 236.518447876, 237.07572937, 237.633010864, 238.190292358, 238.747573853, 239.304855347, 239.862121582, 240.419403076, 240.97668457, 241.533966064, 242.091247559, 242.648529053, 243.205795288, 243.751464844, 244.297134399, 244.854415894, 245.411697388, 245.968978882, 246.526260376, 247.083526611, 247.640808105, 248.1980896, 248.755371094, 249.312652588, 249.869934082, 250.427200317, 250.972869873, 251.518539429, 252.075820923, 252.633102417, 253.190383911, 253.747665405, 254.304931641, 254.862213135, 255.419494629, 255.976776123, 256.534057617, 257.091339111, 257.648620605, 258.2059021, 258.763183594, 259.32043457, 259.877716064, 260.516265869, 261.154815674, 261.758544922, 262.36227417, 262.9659729, 263.604522705, 264.24307251, 264.904846191, 265.566619873, 266.228393555, 266.890167236], "danceability": 1.22726500034, "bpm_histogram_second_peak_spread": {"dvar": 0, "var": 0, "median": 0.5, "max": 0.5, "dmean": 0, "dmean2": 0, "mean": 0.5, "dvar2": 0, "min": 0.5}}, "lowlevel": {"spectral_flux": {"dvar": 0.00258924788795, "var": 0.00430278200656, "median": 0.0832698196173, "max": 0.339049190283, "dmean": 0.0430670157075, "dmean2": 0.0689686909318, "mean": 0.102070182562, "dvar2": 0.00551526481286, "min": 1.01620198367e-10}, "spectral_rolloff": {"dvar": 348471.9375, "var": 3632910.5, "median": 581.396484375, "max": 19099.9511719, "dmean": 308.84979248, "dmean2": 515.595153809, "mean": 955.443603516, "dvar2": 795487.3125, "min": 64.599609375}, "barkbands_flatness_db": {"dvar": 0.000523060560226, "var": 0.00296350778081, "median": 0.129445016384, "max": 0.371974647045, "dmean": 0.0244678966701, "dmean2": 0.0379552617669, "mean": 0.13648468256, "dvar2": 0.0012052685488, "min": 0.0235559344292}, "spectral_centroid": {"dvar": 47350.1171875, "var": 287231.625, "median": 792.527648926, "max": 10827.8935547, "dmean": 183.942184448, "dmean2": 285.195129395, "mean": 895.601928711, "dvar2": 101628.390625, "min": 170.297668457}, "melbands_skewness": {"dvar": 1.10552740097, "var": 3.16583299637, "median": 2.89754533768, "max": 15.5184383392, "dmean": 0.986501991749, "dmean2": 1.54574716091, "mean": 3.1962852478, "dvar2": 2.61593055725, "min": -1.92666387558}, "melbands": {"dvar": [3.40110927937e-05, 6.65795823807e-06, 6.85734494255e-06, 1.6326768673e-05, 6.24253175374e-07, 1.19350815453e-07, 2.17132392066e-08, 5.46633458498e-08, 1.27198745759e-07, 8.89628140044e-08, 2.42295303821e-08, 6.57896492839e-09, 1.78083876534e-08, 1.08012187638e-07, 3.89372374343e-08, 1.07047144482e-08, 5.36055777545e-09, 1.27543653416e-09, 7.49865169958e-10, 3.104239088e-10, 1.73827299776e-10, 4.6277228577e-11, 3.57258701789e-11, 7.89534895795e-11, 2.29969238097e-11, 9.78933687584e-12, 1.06163593541e-11, 1.81445500985e-11, 1.40020347747e-11, 4.98906298219e-12, 3.66533626367e-12, 3.37311754049e-12, 4.95169747219e-12, 5.05031043027e-12, 1.03803190002e-11, 8.25458972009e-12, 2.60147654287e-12, 5.3823688128e-13, 9.64846258444e-13, 9.35009665179e-13], "var": [3.66352905985e-05, 7.45079978515e-06, 5.18582783116e-06, 1.18685320558e-05, 8.00139901003e-07, 1.80933810157e-07, 6.57007390714e-08, 1.50739410287e-07, 3.82361776019e-07, 2.22181796516e-07, 6.17155606619e-08, 1.60306878882e-08, 3.47541408985e-08, 1.77092445597e-07, 1.09041749852e-07, 2.00190619637e-08, 1.00475450182e-08, 2.1693025154e-09, 1.33751187903e-09, 6.15518302993e-10, 3.17966347696e-10, 1.05047338883e-10, 8.97806134992e-11, 1.66645697242e-10, 3.98652638678e-11, 2.03106542002e-11, 2.30092056519e-11, 3.69735977945e-11, 2.61929627293e-11, 1.27634578254e-11, 1.00200655065e-11, 9.3087117875e-12, 9.22482229493e-12, 1.12390192639e-11, 2.2634788141e-11, 2.09735596945e-11, 6.91903999372e-12, 1.55124264128e-12, 1.68414717935e-12, 1.4523641621e-12], "median": [0.00142820610199, 0.000935206655413, 0.000651659443974, 0.000868983217515, 0.000657928874716, 0.000271900615189, 0.000128483166918, 0.000141895929119, 9.28303634282e-05, 5.85147136007e-05, 4.72117899335e-05, 3.67484608432e-05, 4.22240045737e-05, 3.37605597451e-05, 1.89467718883e-05, 2.07941666304e-05, 1.84847758646e-05, 9.27459950617e-06, 9.95244954538e-06, 7.12837982064e-06, 7.03608338881e-06, 4.6972331802e-06, 4.13987163483e-06, 4.58119757241e-06, 2.51573601417e-06, 1.70023895407e-06, 2.13161047213e-06, 1.74476144821e-06, 1.33285834636e-06, 1.11944882519e-06, 9.51898471158e-07, 7.5423696444e-07, 8.1905540128e-07, 9.3880669283e-07, 1.06283937384e-06, 7.67896381149e-07, 3.84042152746e-07, 3.69561121261e-07, 4.45673663307e-07, 3.86042529499e-07], "max": [0.051161006093, 0.0222147349268, 0.0224585346878, 0.0280117858201, 0.0158753078431, 0.00643932353705, 0.00352338212542, 0.00601318199188, 0.00815895851701, 0.00729554658756, 0.0054834857583, 0.00307194911875, 0.00613068137318, 0.0200175438076, 0.00933100748807, 0.00566850183532, 0.00311184651218, 0.00139579013921, 0.0014718248276, 0.000345280073816, 0.000439081894001, 0.000200754977413, 0.000245191011345, 0.000174979999429, 0.000245018105488, 0.000129958512844, 5.51780940441e-05, 6.62213715259e-05, 5.24834722455e-05, 6.21882572887e-05, 7.40929535823e-05, 6.19250931777e-05, 4.41318443336e-05, 8.72996097314e-05, 0.000149297848111, 9.63060592767e-05, 7.48793972889e-05, 1.96159089683e-05, 1.72828640643e-05, 1.28833462441e-05], "dmean": [0.00296048843302, 0.00143260182813, 0.00134052394424, 0.00179446744733, 0.000567019218579, 0.00023434268951, 0.000104337683297, 0.000141869182698, 0.000151775297127, 0.000107531559479, 5.58691717742e-05, 3.62497339665e-05, 5.59093132324e-05, 6.62880411255e-05, 4.79299123981e-05, 2.83430526906e-05, 2.53705893556e-05, 1.27492494357e-05, 1.25588185256e-05, 9.68555923464e-06, 7.61432784202e-06, 4.39436962552e-06, 3.61123215953e-06, 5.14595058121e-06, 2.58922045759e-06, 1.89283798591e-06, 2.17417300519e-06, 2.65879339167e-06, 2.20082256419e-06, 1.39472001592e-06, 1.12195584734e-06, 1.11694782845e-06, 1.26574673232e-06, 1.22204937725e-06, 1.38289453844e-06, 1.1347402733e-06, 5.98625433668e-07, 3.90463270605e-07, 5.26125575107e-07, 5.22440757322e-07], "dmean2": [0.00486896093935, 0.00239856773987, 0.00232615484856, 0.00314696715213, 0.000979136792012, 0.000390323344618, 0.000164119308465, 0.000221115464228, 0.000238052816712, 0.00016806932399, 8.70330841281e-05, 5.87509493926e-05, 8.98306607269e-05, 0.000106215593405, 7.52137930249e-05, 4.59357106593e-05, 4.17699629907e-05, 2.04660827876e-05, 2.06255263038e-05, 1.63148324646e-05, 1.27392495415e-05, 7.30231749912e-06, 5.73072748011e-06, 8.59124702401e-06, 3.98676820623e-06, 2.89838953904e-06, 3.42318980984e-06, 3.98171687266e-06, 3.21107927448e-06, 2.06778918255e-06, 1.69082557022e-06, 1.61993216352e-06, 1.85603278169e-06, 1.7847997924e-06, 2.02744877242e-06, 1.65272410868e-06, 8.88220256456e-07, 5.78867911827e-07, 7.88393833773e-07, 7.77091941018e-07], "mean": [0.00361638399772, 0.00189985684119, 0.0013934035087, 0.00185867387336, 0.000890745141078, 0.000396640156396, 0.000210340775084, 0.000263590773102, 0.000288981798803, 0.000197696092073, 9.92092245724e-05, 6.69440050842e-05, 8.95599805517e-05, 9.64486316661e-05, 8.03057046141e-05, 4.70178165415e-05, 4.02208061132e-05, 1.89753864106e-05, 1.98834823095e-05, 1.63795721164e-05, 1.23658383018e-05, 8.00916222943e-06, 6.80026096234e-06, 9.4160432127e-06, 4.60192313767e-06, 3.2882501273e-06, 3.80012352252e-06, 4.38459392171e-06, 3.47169680026e-06, 2.50130437962e-06, 2.15642398871e-06, 2.02122828341e-06, 2.00913814297e-06, 2.1069313334e-06, 2.42424016506e-06, 1.97993495021e-06, 1.10839323497e-06, 8.01818259788e-07, 8.98313601283e-07, 8.20224784093e-07], "dvar2": [8.45638933242e-05, 1.6733434677e-05, 1.85130484169e-05, 4.40350813733e-05, 1.74972842615e-06, 3.1596667327e-07, 5.01384498364e-08, 1.2759315382e-07, 3.1071820672e-07, 2.17321485252e-07, 5.36622124514e-08, 1.67347273816e-08, 4.39318625922e-08, 2.62197858092e-07, 8.69475726972e-08, 2.67303406076e-08, 1.29563364482e-08, 2.84050205579e-09, 1.78174741627e-09, 8.90373996754e-10, 4.8926795948e-10, 1.25198434953e-10, 9.06856811866e-11, 2.20809148743e-10, 5.6649816782e-11, 2.20792342742e-11, 2.56587199404e-11, 4.12741195388e-11, 3.05468289552e-11, 1.08831008441e-11, 8.31779263522e-12, 7.4857793575e-12, 1.08530727808e-11, 1.07000987931e-11, 2.25535215503e-11, 1.62702195466e-11, 5.51167141441e-12, 1.15759029966e-12, 2.23358354381e-12, 2.20548145718e-12], "min": [5.65737199092e-24, 5.03613732274e-24, 4.49793420914e-24, 4.16717114247e-24, 3.1524907173e-24, 1.53233753816e-23, 7.45690492183e-24, 2.89637933303e-24, 4.62785683921e-24, 5.85243520467e-24, 7.90475151291e-24, 3.2569676528e-24, 6.98334146523e-24, 5.3325431304e-24, 1.70917538288e-23, 1.51384758517e-23, 8.01566456733e-24, 6.66154853591e-24, 1.38808801075e-23, 5.16434023604e-24, 7.68399509947e-24, 4.16183883718e-24, 5.11348789551e-24, 7.22990151888e-24, 1.42842010225e-23, 7.31693102053e-24, 7.82018089071e-24, 6.83839064048e-24, 8.65818309716e-24, 1.0003336091e-23, 1.01676605507e-23, 8.96467685808e-24, 8.77271544541e-24, 6.76389377203e-24, 5.23516495697e-24, 6.10745460824e-24, 7.74445182153e-24, 7.22533164766e-24, 1.09886138953e-23, 1.02998144738e-23]}, "spectral_decrease": {"dvar": 4.87024853343e-17, "var": 6.03585288825e-17, "median": -6.62670185392e-09, "max": 8.81239264407e-18, "dmean": 5.13924636181e-09, "dmean2": 8.40311020767e-09, "mean": -9.14345754666e-09, "dvar2": 1.20466111019e-16, "min": -4.89981779594e-08}, "barkbands_kurtosis": {"dvar": 113.860801697, "var": 242.433441162, "median": 5.09487581253, "max": 371.5887146, "dmean": 5.76991844177, "dmean2": 9.47535228729, "mean": 9.5232629776, "dvar2": 297.587768555, "min": -1.86692559719}, "silence_rate_30dB": {"dvar": 0.0168805141002, "var": 0.0103844339028, "median": 1, "max": 1, "dmean": 0.0171770621091, "dmean2": 0.0343571044505, "mean": 0.989503800869, "dvar2": 0.0468867495656, "min": 0}, "gfcc": {"mean": [-13.0962791443, 92.9589920044, -83.8285827637, 22.1392745972, -51.6925621033, 15.8759031296, -35.9706459045, 4.726770401, -21.9461097717, 1.64041388035, -12.7576799393, 4.1153588295, -9.30435657501], "cov": [[29409.4824219, 1253.37670898, -1482.76184082, 452.41394043, -757.316223145, 301.54486084, -600.655212402, -84.4521942139, -272.356933594, 250.684783936, -259.086700439, 131.923538208, -148.59552002], [1253.37670898, 1155.01428223, -121.220275879, -164.325500488, 113.046485901, 3.28092432022, -23.6178379059, 8.96509361267, 10.4109315872, -64.1641387939, 51.5273857117, -8.55950260162, 28.9485168457], [-1482.76184082, -121.220275879, 524.64642334, 93.0612030029, 68.0746002197, 63.9951782227, 57.4420051575, -2.71606993675, 20.6697845459, -19.060213089, 19.8216171265, 17.3434371948, 18.6526279449], [452.41394043, -164.325500488, 93.0612030029, 258.950195312, 30.5348033905, 14.0656404495, 14.3090782166, -18.41497612, 15.3906383514, 34.4330596924, -17.5459842682, 6.31299543381, 20.2300987244], [-757.316223145, 113.046485901, 68.0746002197, 30.5348033905, 206.796875, 14.6925697327, 44.3992118835, 18.7631931305, 33.6160736084, 5.66030693054, 13.9573822021, 8.26882743835, 34.6454429626], [301.54486084, 3.28092432022, 63.9951782227, 14.0656404495, 14.6925697327, 168.855194092, 58.7544555664, 22.4382400513, 21.7837619781, 5.72512722015, 34.126033783, 16.6413383484, 5.4600019455], [-600.655212402, -23.6178379059, 57.4420051575, 14.3090782166, 44.3992118835, 58.7544555664, 128.440856934, 35.5000724792, 24.7539196014, 10.9304838181, 23.1765937805, -0.480867475271, 2.69276237488], [-84.4521942139, 8.96509361267, -2.71606993675, -18.41497612, 18.7631931305, 22.4382400513, 35.5000724792, 95.7285385132, 48.393661499, 17.11743927, 14.1636648178, 6.47185325623, 6.80204200745], [-272.356933594, 10.4109315872, 20.6697845459, 15.3906383514, 33.6160736084, 21.7837619781, 24.7539196014, 48.393661499, 83.3901062012, 27.9626121521, 19.5692768097, 5.07970952988, 12.9873209], [250.684783936, -64.1641387939, -19.060213089, 34.4330596924, 5.66030693054, 5.72512722015, 10.9304838181, 17.11743927, 27.9626121521, 68.353515625, 9.82241249084, 6.83811426163, 4.10233068466], [-259.086700439, 51.5273857117, 19.8216171265, -17.5459842682, 13.9573822021, 34.126033783, 23.1765937805, 14.1636648178, 19.5692768097, 9.82241249084, 65.2312850952, 20.3764533997, 8.84156322479], [131.923538208, -8.55950260162, 17.3434371948, 6.31299543381, 8.26882743835, 16.6413383484, -0.480867475271, 6.47185325623, 5.07970952988, 6.83811426163, 20.3764533997, 52.9945831299, 22.0773735046], [-148.59552002, 28.9485168457, 18.6526279449, 20.2300987244, 34.6454429626, 5.4600019455, 2.69276237488, 6.80204200745, 12.9873209, 4.10233068466, 8.84156322479, 22.0773735046, 54.1477661133]], "icov": [[9.64954888332e-05, -0.000224913790589, 0.000206347656786, -0.000367749918951, 0.000303691922454, -0.000451042520581, 0.000383274338674, -0.000235381070524, 0.000396712450311, -0.000525127747096, 0.000554889440536, -0.000514384708367, 0.000376797688659], [-0.000224913790589, 0.00172639102675, -0.000140107455081, 0.00139545148704, -0.00150162389036, 0.00090306729544, -0.000401982630137, 0.00063273741398, -0.00117087212857, 0.00237703323364, -0.00239384081215, 0.00193999975454, -0.00150240492076], [0.000206347656786, -0.000140107455081, 0.00289655011147, -0.00152641348541, -3.22931646224e-06, -0.00146019388922, 0.000282874301774, -2.84060042759e-05, 0.000178597620106, 0.000728040235117, 0.000498542212881, -0.00146023475099, 0.000768445373978], [-0.000367749918951, 0.00139545148704, -0.00152641348541, 0.00682819401845, -0.00170991837513, 0.00123568985146, -0.00174256763421, 0.00298064411618, -0.00253373640589, -0.000616452540271, 0.000110210814455, 0.00196569017135, -0.00326384953223], [0.000303691922454, -0.00150162389036, -3.22931646224e-06, -0.00170991837513, 0.00767703540623, -0.000775042630266, -0.000980178825557, -0.00046906908392, -0.000331086746883, -0.00188219093252, 0.00225611054339, -0.00145890354179, -0.00200157705694], [-0.000451042520581, 0.00090306729544, -0.00146019388922, 0.00123568985146, -0.000775042630266, 0.00999324768782, -0.00479408307001, 0.000795842322987, -0.00247789057903, 0.00300219235942, -0.00503379618749, 0.000707081344444, -0.00115205510519], [0.000383274338674, -0.000401982630137, 0.000282874301774, -0.00174256763421, -0.000980178825557, -0.00479408307001, 0.0131327016279, -0.00442288350314, 0.00244799768552, -0.00246230396442, -0.000620329519734, 0.000818587548565, 0.00220031454228], [-0.000235381070524, 0.00063273741398, -2.84060042759e-05, 0.00298064411618, -0.00046906908392, 0.000795842322987, -0.00442288350314, 0.0174793824553, -0.0102469837293, 0.000552366371267, 0.000200219204999, -0.000682542333379, -0.00118248281069], [0.000396712450311, -0.00117087212857, 0.000178597620106, -0.00253373640589, -0.000331086746883, -0.00247789057903, 0.00244799768552, -0.0102469837293, 0.0229441318661, -0.00804932508618, -0.00134414539207, 0.000858204788528, -0.000796796870418], [-0.000525127747096, 0.00237703323364, 0.000728040235117, -0.000616452540271, -0.00188219093252, 0.00300219235942, -0.00246230396442, 0.000552366371267, -0.00804932508618, 0.0235727373511, -0.00616956595331, 0.00138552521821, -0.00119055318646], [0.000554889440536, -0.00239384081215, 0.000498542212881, 0.000110210814455, 0.00225611054339, -0.00503379618749, -0.000620329519734, 0.000200219204999, -0.00134414539207, -0.00616956595331, 0.0260174870491, -0.0109318224713, 0.00265809171833], [-0.000514384708367, 0.00193999975454, -0.00146023475099, 0.00196569017135, -0.00145890354179, 0.000707081344444, 0.000818587548565, -0.000682542333379, 0.000858204788528, 0.00138552521821, -0.0109318224713, 0.0299593023956, -0.0125139076263], [0.000376797688659, -0.00150240492076, 0.000768445373978, -0.00326384953223, -0.00200157705694, -0.00115205510519, 0.00220031454228, -0.00118248281069, -0.000796796870418, -0.00119055318646, 0.00265809171833, -0.0125139076263, 0.0276453923434]]}, "silence_rate_20dB": {"dvar": 0, "var": 0, "median": 1, "max": 1, "dmean": 0, "dmean2": 0, "mean": 1, "dvar2": 0, "min": 1}, "barkbands_skewness": {"dvar": 0.66036427021, "var": 2.05759882927, "median": 2.02242851257, "max": 15.5950307846, "dmean": 0.747860491276, "dmean2": 1.18425965309, "mean": 2.24259018898, "dvar2": 1.62556195259, "min": -3.2215116024}, "erbbands_skewness": {"dvar": 0.104812450707, "var": 0.432807445526, "median": 0.633566260338, "max": 4.80165052414, "dmean": 0.355277866125, "dmean2": 0.564079582691, "mean": 0.707516789436, "dvar2": 0.25137630105, "min": -2.24967455864}, "spectral_contrast_valleys": {"dvar": [0.121027380228, 0.0945041105151, 0.0686676353216, 0.100016370416, 0.131601810455, 0.117785356939], "var": [3.76724600792, 3.07404923439, 2.8402428627, 2.91906356812, 2.84619069099, 2.5834608078], "median": [-6.58574295044, -6.25598430634, -7.08468723297, -7.60760498047, -7.7101984024, -9.87595748901], "max": [-4.96072006226, -4.84538030624, -5.54418182373, -6.08553218842, -6.07196569443, -7.98770427704], "dmean": [0.396430522203, 0.331654936075, 0.284471303225, 0.305640995502, 0.321601629257, 0.310205340385], "dmean2": [0.644346833229, 0.543394446373, 0.448567420244, 0.466660380363, 0.429324448109, 0.368400365114], "mean": [-6.93372392654, -6.64844703674, -7.4623093605, -7.98535108566, -8.07184886932, -10.2246599197], "dvar2": [0.280491024256, 0.219414070249, 0.140078008175, 0.194613456726, 0.223356813192, 0.177815884352], "min": [-27.7379302979, -27.055015564, -26.8145694733, -27.0728321075, -27.2406921387, -27.2946891785]}, "spectral_strongpeak": {"dvar": 0.585744321346, "var": 1.07464158535, "median": 0.350550323725, "max": 13.8408966064, "dmean": 0.44741332531, "dmean2": 0.758759558201, "mean": 0.691678524017, "dvar2": 1.40839719772, "min": 0}, "erbbands_crest": {"dvar": 5.17769479752, "var": 15.9036979675, "median": 6.91084480286, "max": 29.9262294769, "dmean": 2.41815304756, "dmean2": 3.96133303642, "mean": 8.02679252625, "dvar2": 13.0648193359, "min": 2.17689204216}, "barkbands_crest": {"dvar": 10.1523857117, "var": 20.1045951843, "median": 10.530412674, "max": 25.131772995, "dmean": 3.45050168037, "dmean2": 5.74890518188, "mean": 11.4089603424, "dvar2": 25.2202472687, "min": 2.66966605186}, "spectral_energyband_middle_low": {"dvar": 0.000432483648183, "var": 0.00037095497828, "median": 0.0122902337462, "max": 0.155121549964, "dmean": 0.0108984457329, "dmean2": 0.0186491403729, "mean": 0.0172861348838, "dvar2": 0.00116358010564, "min": 2.32556800704e-22}, "spectral_contrast_coeffs": {"dvar": [0.00349273206666, 0.00122782285325, 0.000850678072311, 0.000599985592999, 0.000281570217339, 0.000230044373893], "var": [0.00864351168275, 0.00396003620699, 0.00382260535844, 0.00315745524131, 0.00168770784512, 0.00122406973969], "median": [-0.659923970699, -0.752938747406, -0.784555792809, -0.800811290741, -0.810347557068, -0.789664149284], "max": [-0.28673940897, -0.46561652422, -0.423480212688, -0.53138756752, -0.642254829407, -0.652387499809], "dmean": [0.0633022561669, 0.0442679338157, 0.0358481295407, 0.0294122844934, 0.0201309155673, 0.0160214882344], "dmean2": [0.102684423327, 0.0733557194471, 0.0584189854562, 0.0480697341263, 0.0322843007743, 0.0261159557849], "mean": [-0.650826096535, -0.749555110931, -0.777762293816, -0.79370200634, -0.808112561703, -0.792215585709], "dvar2": [0.00868317298591, 0.00336754950695, 0.00220072432421, 0.0014836845221, 0.000692192174029, 0.000563091249205], "min": [-0.966013789177, -0.97679823637, -0.971702337265, -0.968769788742, -0.960001826286, -0.959459900856]}, "hfc": {"dvar": 53.8596839905, "var": 177.539230347, "median": 13.6489009857, "max": 170.609527588, "dmean": 5.56009149551, "dmean2": 7.93309497833, "mean": 16.5853786469, "dvar2": 110.897102356, "min": 1.15633682176e-16}, "spectral_energyband_high": {"dvar": 2.36281167076e-07, "var": 6.72088219744e-07, "median": 0.000333137519192, "max": 0.00983358919621, "dmean": 0.000303932116367, "dmean2": 0.00039596419083, "mean": 0.000630986120086, "dvar2": 4.31816488344e-07, "min": 7.23008846629e-21}, "erbbands_spread": {"dvar": 91.3601303101, "var": 378.34576416, "median": 39.8794403076, "max": 169.898132324, "dmean": 9.08990097046, "dmean2": 13.1204814911, "mean": 42.2758979797, "dvar2": 184.333587646, "min": 2.08701229095}, "dissonance": {"dvar": 0.000362852879334, "var": 0.000905587978195, "median": 0.467387139797, "max": 0.500000119209, "dmean": 0.0201420597732, "dmean2": 0.0339115969837, "mean": 0.460030347109, "dvar2": 0.00097502337303, "min": 0.242670595646}, "spectral_kurtosis": {"dvar": 4.99866533279, "var": 16.6002597809, "median": 4.15459060669, "max": 46.7372245789, "dmean": 1.48976624012, "dmean2": 2.27971673012, "mean": 5.31179094315, "dvar2": 11.9209814072, "min": -1.26745629311}, "spectral_skewness": {"dvar": 0.0678904131055, "var": 0.322705775499, "median": 1.75509953499, "max": 5.49353647232, "dmean": 0.228488177061, "dmean2": 0.325714290142, "mean": 1.87205219269, "dvar2": 0.140162184834, "min": -0.00597586203367}, "pitch_salience": {"dvar": 0.00665838457644, "var": 0.0134874563664, "median": 0.577017068863, "max": 0.951719880104, "dmean": 0.0868863910437, "dmean2": 0.146762624383, "mean": 0.560523509979, "dvar2": 0.0180243067443, "min": 0.13240763545}, "spectral_complexity": {"dvar": 10.6800737381, "var": 64.0111160278, "median": 17, "max": 51, "dmean": 3.10245513916, "dmean2": 4.69286823273, "mean": 17.0075473785, "dvar2": 21.6767959595, "min": 0}, "spectral_spread": {"dvar": 592222158848, "var": 2561013972990.0, "median": 5180067, "max": 47732888, "dmean": 571083.8125, "dmean2": 805195.625, "mean": 5329833.5, "dvar2": 944350167040, "min": 1292536.375}, "dynamic_complexity": 3.2852537632, "melbands_crest": {"dvar": 12.8487243652, "var": 31.5374984741, "median": 13.2593402863, "max": 36.7506370544, "dmean": 4.01032209396, "dmean2": 6.5209608078, "mean": 14.3758239746, "dvar2": 31.967004776, "min": 1.8476703167}, "zerocrossingrate": {"dvar": 0.000100613353425, "var": 0.00283556291834, "median": 0.04345703125, "max": 0.51220703125, "dmean": 0.00975384935737, "dmean2": 0.0117674255744, "mean": 0.0524727851152, "dvar2": 0.000137242546771, "min": 0.001953125}, "spectral_energyband_low": {"dvar": 0.000399775861297, "var": 0.000485490221763, "median": 0.00712046585977, "max": 0.177686214447, "dmean": 0.0108398739249, "dmean2": 0.0173902977258, "mean": 0.0150382304564, "dvar2": 0.000945855106693, "min": 8.43860413751e-23}, "melbands_kurtosis": {"dvar": 348.552612305, "var": 799.672607422, "median": 13.2165126801, "max": 508.438568115, "dmean": 12.0437746048, "dmean2": 19.6089229584, "mean": 21.6600112915, "dvar2": 873.731201172, "min": -1.73523044586}, "spectral_energyband_middle_high": {"dvar": 9.25023050513e-06, "var": 2.70874315902e-05, "median": 0.00247325189412, "max": 0.135948956013, "dmean": 0.00132622080855, "dmean2": 0.00204389891587, "mean": 0.00367284100503, "dvar2": 2.20725505642e-05, "min": 1.54711067517e-21}, "barkbands_spread": {"dvar": 39.3373527527, "var": 140.338180542, "median": 14.6426877975, "max": 122.583808899, "dmean": 5.05653047562, "dmean2": 7.875248909, "mean": 16.7649822235, "dvar2": 88.0731124878, "min": 0.605380237103}, "mfcc": {"mean": [-656.203979492, 130.769348145, 22.5115299225, 15.486872673, 8.22932243347, 8.80001449585, 1.20351719856, 3.86406207085, -2.71383404732, -0.616562247276, -0.889956593513, -1.22798812389, 1.74399065971], "cov": [[13367.0361328, 825.819702148, -353.549743652, 269.64251709, -85.0903091431, 110.229660034, -113.493995667, -90.5410385132, -37.495098114, 96.3300094604, -33.3965988159, 125.396255493, -87.8291473389], [825.819702148, 1228.0970459, -0.806446254253, -20.1424770355, 150.282714844, 30.9378604889, 65.7567596436, 95.4507369995, 3.14400672913, -18.8261089325, 44.698890686, -20.6872577667, 63.2204551697], [-353.549743652, -0.806446254253, 354.14654541, 49.0252342224, 22.0521221161, 48.23072052, 33.9481544495, 40.2774581909, -9.37914657593, 3.81540989876, -6.40256690979, -5.27394533157, 19.572052002], [269.64251709, -20.1424770355, 49.0252342224, 225.547805786, 48.6242256165, 42.1356506348, -3.59040689468, -26.5209732056, 33.3154754639, -0.997851848602, -15.4040727615, -12.9915142059, 5.17925882339], [-85.0903091431, 150.282714844, 22.0521221161, 48.6242256165, 137.06678772, 28.7253856659, 7.45068836212, 17.6046390533, 24.5038089752, 1.26418554783, 4.85284948349, -4.96362113953, 14.5341100693], [110.229660034, 30.9378604889, 48.23072052, 42.1356506348, 28.7253856659, 113.187301636, 43.1718559265, 14.5138463974, 10.2811870575, 7.0998301506, 10.2393188477, -1.27760910988, 11.4352741241], [-113.493995667, 65.7567596436, 33.9481544495, -3.59040689468, 7.45068836212, 43.1718559265, 91.1274719238, 39.7373771667, 12.4295797348, 6.35235357285, 19.5410270691, 5.40720844269, 16.8187236786], [-90.5410385132, 95.4507369995, 40.2774581909, -26.5209732056, 17.6046390533, 14.5138463974, 39.7373771667, 86.7157745361, 17.713136673, 12.1695308685, 18.042301178, 10.6307029724, 20.1659183502], [-37.495098114, 3.14400672913, -9.37914657593, 33.3154754639, 24.5038089752, 10.2811870575, 12.4295797348, 17.713136673, 79.7100372314, 25.3385257721, 13.3925905228, 9.17673397064, 8.45853328705], [96.3300094604, -18.8261089325, 3.81540989876, -0.997851848602, 1.26418554783, 7.0998301506, 6.35235357285, 12.1695308685, 25.3385257721, 62.0585594177, 26.1213798523, 18.6121692657, -0.917011499405], [-33.3965988159, 44.698890686, -6.40256690979, -15.4040727615, 4.85284948349, 10.2393188477, 19.5410270691, 18.042301178, 13.3925905228, 26.1213798523