{"tonal": {"chords_key": "A#", "hpcp_entropy": {"dmean": 0.557930350304, "dmean2": 0.952850699425, "max": 4.21052789688, "dvar": 0.225679725409, "mean": 2.28228569031, "dvar2": 0.611323297024, "min": 0, "var": 0.448664933443, "median": 2.29098916054}, "key_key": "D#", "chords_strength": {"dmean": 0.00893281772733, "dmean2": 0.00800417829305, "max": 0.777431607246, "dvar": 5.6748449424e-05, "mean": 0.481596946716, "dvar2": 5.23423186678e-05, "min": 0.15177436173, "var": 0.0141474464908, "median": 0.480424642563}, "key_scale": "major", "chords_number_rate": 0.00572737678885, "thpcp": [1, 0.567224681377, 0.194028779864, 0.231853440404, 0.278803944588, 0.160999983549, 0.0739943012595, 0.138452023268, 0.285800606012, 0.358125865459, 0.253551870584, 0.162262767553, 0.161478683352, 0.223770901561, 0.446590930223, 0.546811759472, 0.307305902243, 0.102770835161, 0.088945582509, 0.220901787281, 0.398288756609, 0.383282333612, 0.180803075433, 0.06442848593, 0.0669147819281, 0.083667062223, 0.20557372272, 0.318687260151, 0.220519304276, 0.0937384665012, 0.0916502550244, 0.11243378371, 0.124254204333, 0.125761255622, 0.192997351289, 0.6763266325], "key_strength": 0.709085822105, "tuning_nontempered_energy_ratio": 0.798508882523, "tuning_frequency": 446.91595459, "chords_changes_rate": 0.0588010698557, "tuning_diatonic_strength": 0.399275779724, "chords_scale": "major", "chords_histogram": [3.58915615082, 10.5765562057, 34.8606338501, 0.649102687836, 0, 2.25276827812, 0, 0.916380286217, 3.24551343918, 4.58190155029, 0.420007646084, 0.572737693787, 5.80374193192, 0.114547535777, 2.82550597191, 5.88010692596, 7.02558231354, 3.55097365379, 1.83276057243, 6.18556690216, 0.0763650238514, 0, 3.74188613892, 1.29820537567], "tuning_equal_tempered_deviation": 0.152672156692, "hpcp": {"dmean": [0.0690859407187, 0.106033980846, 0.165895670652, 0.143743485212, 0.161424934864, 0.0986059084535, 0.0818860754371, 0.0781145617366, 0.0612615831196, 0.0446159690619, 0.0687483474612, 0.0902286022902, 0.0925881192088, 0.0958347022533, 0.0756162032485, 0.0777731314301, 0.105359606445, 0.120940871537, 0.10979115963, 0.10728739202, 0.0533275604248, 0.0347936078906, 0.0514828115702, 0.0806773677468, 0.0826355516911, 0.051970526576, 0.0285667981952, 0.0281765628606, 0.0383213236928, 0.0664307847619, 0.0742524638772, 0.0715348124504, 0.0474420599639, 0.0488434135914, 0.0567506812513, 0.0581180304289], "dmean2": [0.126162812114, 0.190601781011, 0.286311894655, 0.249557822943, 0.274389177561, 0.176321178675, 0.140820220113, 0.132791414857, 0.105914831161, 0.0822444036603, 0.122102297843, 0.154094517231, 0.159608617425, 0.167599871755, 0.134953469038, 0.139209389687, 0.189394399524, 0.206331923604, 0.184903815389, 0.183735653758, 0.0969184935093, 0.061503842473, 0.0895587280393, 0.130827993155, 0.127654522657, 0.0875864699483, 0.0510375462472, 0.0503593869507, 0.0690932050347, 0.110651820898, 0.122814334929, 0.122498713434, 0.0859573632479, 0.0885111019015, 0.100857898593, 0.103670686483], "max": [1, 1, 1, 1, 1, 1, 1, 1, 1, 1, 1, 1, 1, 1, 1, 1, 1, 1, 1, 1, 1, 1, 1, 1, 1, 1, 1, 1, 1, 1, 1, 1, 1, 1, 1, 1], "dvar": [0.0299486834556, 0.0354600474238, 0.0418025329709, 0.0475859716535, 0.0378002859652, 0.0329052917659, 0.0245450772345, 0.0251858755946, 0.0176027789712, 0.0157055556774, 0.0263194125146, 0.0293906722218, 0.0316107943654, 0.033764462918, 0.0244129039347, 0.0252053085715, 0.0350434482098, 0.0344555042684, 0.0300324037671, 0.0275000035763, 0.0123484507203, 0.00836922973394, 0.0135217178613, 0.0181889012456, 0.0189242400229, 0.0105443894863, 0.00861670915037, 0.00840052310377, 0.011236647144, 0.0162526853383, 0.0209715105593, 0.0197822209448, 0.0140840243548, 0.0189542714506, 0.0229103416204, 0.0213052276522], "mean": [0.0587534159422, 0.0901649221778, 0.315967768431, 0.467182189226, 0.264997273684, 0.0906467884779, 0.108317799866, 0.130252242088, 0.0752163231373, 0.0345688201487, 0.0646823197603, 0.133520945907, 0.167310029268, 0.118454918265, 0.0758062750101, 0.0754399672151, 0.104541778564, 0.208639323711, 0.255460709333, 0.143567845225, 0.0480127036572, 0.0415537916124, 0.103201381862, 0.186073407531, 0.17906267941, 0.0844679772854, 0.0300998426974, 0.031261395663, 0.0390877611935, 0.0960403829813, 0.148885011673, 0.103022694588, 0.0437929406762, 0.0428173653781, 0.0525270625949, 0.0580493509769], "dvar2": [0.0871529504657, 0.0976257175207, 0.114276520908, 0.118943102658, 0.103912070394, 0.0898615270853, 0.0653583705425, 0.0647190734744, 0.0496739409864, 0.044868785888, 0.0729385763407, 0.074488915503, 0.0791435167193, 0.0922399535775, 0.0683691799641, 0.0701664537191, 0.101523935795, 0.0948017984629, 0.0742300972342, 0.0753527358174, 0.0357448421419, 0.0236470513046, 0.0355299077928, 0.0453871078789, 0.0436875857413, 0.0295778531581, 0.025211699307, 0.0245483182371, 0.0316264741123, 0.0423590354621, 0.0526051111519, 0.0527977123857, 0.0406435877085, 0.0523658841848, 0.0629147440195, 0.0592229291797], "min": [0, 0, 0, 0, 0, 0, 0, 0, 0, 0, 0, 0, 0, 0, 0, 0, 0, 0, 0, 0, 0, 0, 0, 0, 0, 0, 0, 0, 0, 0, 0, 0, 0, 0, 0, 0], "var": [0.0276589412242, 0.034246429801, 0.0972106605768, 0.172397002578, 0.0726043432951, 0.0371336601675, 0.0445738360286, 0.0619785636663, 0.0227988474071, 0.0123510910198, 0.028913622722, 0.0628533363342, 0.089291960001, 0.0516609624028, 0.0257575139403, 0.0246493034065, 0.0375439599156, 0.0805977880955, 0.112397581339, 0.0468459054828, 0.0120435571298, 0.00834711827338, 0.051931578666, 0.0657049715519, 0.0608292929828, 0.0169298630208, 0.00985590834171, 0.0123483249918, 0.0141921276227, 0.0299309734255, 0.0715409964323, 0.0385273732245, 0.0137592311949, 0.0178198777139, 0.0215171054006, 0.024300897494], "median": [0.00583627540618, 0.01661644876, 0.21210475266, 0.347243368626, 0.185347884893, 0.0127385286614, 0.0135105233639, 0.0176564119756, 0.0116419326514, 0.00340396002866, 0.00683910911903, 0.0189207363874, 0.0212752185762, 0.0175070408732, 0.0192727539688, 0.0195625238121, 0.0265079177916, 0.061012674123, 0.0809558182955, 0.0430469885468, 0.00880414899439, 0.00942804664373, 0.0199987441301, 0.0741370245814, 0.0762039497495, 0.0334551408887, 0.00421823281795, 0.00351399788633, 0.00594859942794, 0.0231378246099, 0.0287115313113, 0.0173861179501, 0.00505544664338, 0.00355432648212, 0.00706249335781, 0.00881862081587]}}, "lowlevel": {"melbands_flatness_db": {"dmean": 0.0336114838719, "dmean2": 0.0540889427066, "max": 0.558254241943, "dvar": 0.000894053082447, "mean": 0.346241861582, "dvar2": 0.0022176138591, "min": 0.0782459452748, "var": 0.00463258801028, "median": 0.350643932819}, "melbands_crest": {"dmean": 2.81558489799, "dmean2": 4.78414869308, "max": 38.6115760803, "dvar": 6.05160665512, "mean": 16.2931652069, "dvar2": 17.5000934601, "min": 5.43353033066, "var": 26.2928714752, "median": 15.6591024399}, "spectral_entropy": {"dmean": 0.267763078213, "dmean2": 0.427309393883, "max": 8.86180686951, "dvar": 0.061152972281, "mean": 6.68934440613, "dvar2": 0.148377850652, "min": 5.18121290207, "var": 0.324952930212, "median": 6.67441034317}, "melbands": {"dmean": [0.000867423135787, 0.00196748157032, 0.00150524661876, 0.000714559922926, 0.000362462393241, 0.000251356774243, 0.000110584136564, 6.41942024231e-05, 6.34284588159e-05, 4.4126798457e-05, 1.80484257726e-05, 1.78788541234e-05, 1.04681703306e-05, 8.56988208398e-06, 6.45503678243e-06, 3.90300874642e-06, 2.64972504738e-06, 4.25437792728e-06, 8.50298511068e-06, 6.35897004031e-06, 3.22280334331e-06, 3.24782172356e-06, 2.19205412577e-06, 1.48261551658e-06, 1.78615766799e-06, 1.23127438201e-06, 7.07074718775e-07, 8.09141909031e-07, 7.65096160649e-07, 5.92110325215e-07, 4.211532314e-07, 2.93193153311e-07, 2.1331931066e-07, 1.34007194674e-07, 7.35961052101e-08, 5.0781952865e-08, 3.22934248231e-08, 2.64114792259e-08, 1.74398966379e-08, 1.38328992705e-08], "dmean2": [0.00126977590844, 0.00325884274207, 0.00259231333621, 0.00117058225442, 0.000604158325586, 0.000375270232325, 0.000168944199686, 0.000104037200799, 0.000102684127341, 7.08494699211e-05, 2.899444371e-05, 2.68939365924e-05, 1.70192051883e-05, 1.3730928913e-05, 1.0401226973e-05, 6.32173305348e-06, 4.15735075876e-06, 6.72270152791e-06, 1.34966776386e-05, 9.76408682618e-06, 5.01611793879e-06, 4.95427593705e-06, 3.42213570548e-06, 2.32753222917e-06, 2.84724001176e-06, 1.8389187062e-06, 1.10751591365e-06, 1.29225077217e-06, 1.19063406601e-06, 8.92138984909e-07, 6.4237025299e-07, 4.61403402596e-07, 3.47441130089e-07, 2.23492932605e-07, 1.23446397993e-07, 8.63906990389e-08, 5.5614712835e-08, 4.53212329887e-08, 2.99356166522e-08, 2.37659438795e-08], "max": [0.0725394710898, 0.0651311129332, 0.0763550177217, 0.0623675659299, 0.0168016944081, 0.0423538871109, 0.0206827241927, 0.00636260956526, 0.00796047411859, 0.00554279983044, 0.00116665009409, 0.00588098028675, 0.000919779995456, 0.000671280489769, 0.000407582556363, 0.000240193374339, 0.000242053109105, 0.000798904860858, 0.00153349002358, 0.00150622124784, 0.000271898665233, 0.000407003361033, 0.000430390733527, 0.0001764906483, 0.000233730053878, 0.000288760929834, 0.000129829233629, 6.40374637442e-05, 0.000108049738628, 0.000133246037876, 0.000145442973007, 4.66478850285e-05, 1.80907100003e-05, 1.2395244994e-05, 8.35660921439e-06, 2.62878506874e-06, 2.2091342089e-06, 1.57839679105e-06, 5.93340587329e-07, 5.2248810789e-07], "dvar": [5.49113110537e-06, 1.00644092527e-05, 7.84086660133e-06, 2.10779558074e-06, 4.00234938525e-07, 6.55374492453e-07, 1.36548123919e-07, 3.44721939882e-08, 4.70983643197e-08, 2.66186965803e-08, 2.06692263305e-09, 1.58592676769e-08, 7.10320136044e-10, 4.9578957606e-10, 2.75349271162e-10, 1.02308543581e-10, 5.69433493414e-11, 2.51531739881e-10, 9.69278546314e-10, 7.34968474969e-10, 1.35357877684e-10, 1.87685506026e-10, 7.36158009551e-11, 2.29020899467e-11, 2.97159866158e-11, 1.81487984363e-11, 6.99858790712e-12, 6.95577623278e-12, 1.10947648638e-11, 1.57067449325e-11, 9.28430683028e-12, 1.65146466381e-12, 6.4145265705e-13, 2.23444662295e-13, 5.83662892323e-14, 1.85570248133e-14, 6.12316390625e-15, 3.52842882069e-15, 1.49228581169e-15, 1.08787384855e-15], "mean": [0.00236978405155, 0.00446565588936, 0.00293561886065, 0.0014496576041, 0.00078610581113, 0.000643837731332, 0.000242177207838, 0.000140525429742, 0.000114547357953, 7.77032546466e-05, 3.48599387507e-05, 2.83781610051e-05, 1.91703566088e-05, 1.5356723452e-05, 1.19596825243e-05, 7.0042860898e-06, 4.59361854155e-06, 7.20001071386e-06, 1.54730150825e-05, 1.09674065243e-05, 4.85767941427e-06, 4.67092058898e-06, 3.22501387018e-06, 2.2092403924e-06, 2.90994671559e-06, 2.08134974855e-06, 9.81073071671e-07, 1.03170077637e-06, 1.07045752884e-06, 9.40415532114e-07, 5.98749124947e-07, 3.99966978648e-07, 2.57161161699e-07, 1.6903533151e-07, 1.00424550453e-07, 7.4091587976e-08, 5.36094013626e-08, 4.56997710785e-08, 2.10419379698e-08, 1.23023911058e-08], "dvar2": [1.20489512483e-05, 2.57555402641e-05, 2.16094795178e-05, 4.56777570434e-06, 9.83610675576e-07, 1.52890982008e-06, 2.5893788802e-07, 8.65295533004e-08, 1.17720063031e-07, 6.43461746108e-08, 5.13512476985e-09, 3.22291882071e-08, 1.73655057001e-09, 1.24916377242e-09, 7.09557079759e-10, 2.57769333656e-10, 1.27801491612e-10, 5.26237775578e-10, 2.23294915891e-09, 1.7653175588e-09, 3.29978155911e-10, 4.4440118252e-10, 1.66748961861e-10, 5.26094653952e-11, 6.83789969091e-11, 2.77867659437e-11, 1.43603358371e-11, 1.62803642095e-11, 2.3330700219e-11, 3.24671053931e-11, 2.09545263086e-11, 3.20602572268e-12, 1.5332833744e-12, 5.07611422514e-13, 1.4693946743e-13, 4.85614153056e-14, 1.67066847281e-14, 9.74379014566e-15, 4.02791144419e-15, 2.92494495082e-15], "min": [1.02205612029e-10, 2.14799115994e-11, 1.30250341762e-11, 1.57330103806e-11, 5.0121282992e-12, 6.89053469231e-13, 7.14573040496e-13, 2.85155335759e-13, 2.31282831428e-12, 2.47879256184e-12, 1.81156630495e-12, 9.4977736613e-13, 2.17268789223e-13, 4.21076314008e-13, 6.81187528259e-13, 8.20772418672e-14, 2.21332365413e-13, 4.20560233774e-13, 7.7470186299e-13, 3.7661605605e-13, 4.25358126542e-13, 6.20506358968e-13, 5.12575821631e-13, 3.76759035211e-13, 2.36467800636e-13, 1.83918147639e-13, 4.49606552076e-13, 5.5784527388e-13, 4.015043506e-13, 3.00377751101e-13, 4.53430099457e-13, 2.85676565953e-13, 5.12094110606e-13, 7.98633674384e-13, 4.4525174563e-13, 4.05108211516e-13, 4.13239917545e-13, 8.47767223176e-13, 5.62560794389e-13, 2.55371272089e-13], "var": [3.06884066958e-05, 3.87550462619e-05, 1.87407076737e-05, 5.51875245947e-06, 1.15431953418e-06, 1.17217041407e-06, 3.85824165505e-07, 8.05345194976e-08, 8.95131009315e-08, 4.54015989249e-08, 5.35695932058e-09, 2.98661682052e-08, 1.58879209788e-09, 1.01944797049e-09, 6.50293929816e-10, 1.90710697234e-10, 1.18114074077e-10, 4.53187987137e-10, 2.08890083009e-09, 1.34296340715e-09, 2.41069997298e-10, 3.91455534654e-10, 1.94133500941e-10, 5.84815113003e-11, 8.30287921749e-11, 6.40170139121e-11, 1.78056944189e-11, 1.18344604949e-11, 2.27601930358e-11, 3.12820672144e-11, 1.37508936529e-11, 3.61869215149e-12, 9.46912036628e-13, 3.52661232465e-13, 7.58524102903e-14, 2.14747602432e-14, 5.31983404743e-15, 3.04602936942e-15, 1.38473623843e-15, 1.01005322592e-15], "median": [0.000396198884118, 0.0021330837626, 0.00172817124985, 0.000902471248992, 0.000501076399814, 0.000374038063455, 0.00011851356976, 6.08540249232e-05, 5.06495598529e-05, 2.79189407593e-05, 1.20724107546e-05, 7.9794872363e-06, 7.11652228347e-06, 5.52077290195e-06, 3.48227763425e-06, 2.33065156863e-06, 1.57979798132e-06, 1.7419527012e-06, 2.4281930564e-06, 1.81696771051e-06, 1.00642864709e-06, 6.04963815931e-07, 4.1739366452e-07, 3.03782599076e-07, 2.94328970085e-07, 2.32473823303e-07, 1.48107886844e-07, 1.33877406938e-07, 1.07624515522e-07, 7.73577468749e-08, 6.34451708947e-08, 5.72046978675e-08, 5.13423330517e-08, 4.39793659268e-08, 4.11075795625e-08, 3.87108407551e-08, 3.60791609921e-08, 3.30319913644e-08, 1.08230731044e-08, 2.79443379547e-09]}, "silence_rate_60dB": {"dmean": 0.00267379684374, "dmean2": 0.00534861488268, "max": 1, "dvar": 0.00266641192138, "mean": 0.0406721420586, "dvar2": 0.00646608090028, "min": 0, "var": 0.0390184223652, "median": 0}, "spectral_energyband_middle_high": {"dmean": 0.000421350065153, "dmean2": 0.000610486720689, "max": 0.0405318103731, "dvar": 1.44013324643e-06, "mean": 0.00107009022031, "dvar2": 3.05025423586e-06, "min": 7.35529415152e-11, "var": 4.39262430518e-06, "median": 0.000416744442191}, "erbbands_skewness": {"dmean": 0.386080235243, "dmean2": 0.606798768044, "max": 6.14581108093, "dvar": 0.141476467252, "mean": 1.46426725388, "dvar2": 0.318899691105, "min": -2.39320158958, "var": 1.20189392567, "median": 1.34157896042}, "dynamic_complexity": 3.58329129219, "dissonance": {"dmean": 0.0291843693703, "dmean2": 0.0480585582554, "max": 0.5, "dvar": 0.00071282061981, "mean": 0.428975731134, "dvar2": 0.00187704351265, "min": 0.215763553977, "var": 0.00254185986705, "median": 0.440714836121}, "spectral_skewness": {"dmean": 0.403045207262, "dmean2": 0.626741468906, "max": 5.76873970032, "dvar": 0.147565573454, "mean": 2.96770977974, "dvar2": 0.333295613527, "min": 0.689565658569, "var": 0.659678161144, "median": 2.99152541161}, "spectral_kurtosis": {"dmean": 4.05856084824, "dmean2": 6.5529050827, "max": 52.6020736694, "dvar": 15.5920963287, "mean": 15.5722265244, "dvar2": 39.3400726318, "min": 1.98490476608, "var": 49.9506874084, "median": 14.5659675598}, "gfcc": {"cov": [[8026.06103516, 685.322570801, -1213.35791016, -322.364196777, 528.741333008, -433.267700195, 196.6978302, -35.8720207214, 64.7568283081, -17.7437763214, -32.4459648132, -275.098419189, 98.4194641113], [685.322570801, 616.683349609, 141.235427856, -214.195922852, -39.80052948, 17.1756267548, -73.5978240967, -7.81745386124, 11.7680644989, -21.9196681976, 21.1169033051, -94.8017959595, -3.47809672356], [-1213.35791016, 141.235427856, 642.929260254, 135.697311401, -238.755493164, 122.535980225, -113.643791199, 15.8562517166, -53.6782798767, 32.4770317078, 6.82046031952, 23.9856357574, -44.5095252991], [-322.364196777, -214.195922852, 135.697311401, 341.618255615, 85.0854034424, -18.3188285828, 79.7119369507, -9.2450799942, 6.08890676498, 24.9737472534, -2.57014226913, 41.877456665, -17.0271472931], [528.741333008, -39.80052948, -238.755493164, 85.0854034424, 286.808441162, 6.50736188889, 125.187355042, 8.72270584106, 42.7991676331, -9.50502872467, 12.2585268021, -28.2224464417, 39.9234657288], [-433.267700195, 17.1756267548, 122.535980225, -18.3188285828, 6.50736188889, 195.397064209, 0.610069155693, 44.3283119202, -46.7546463013, 7.37468576431, -2.20508933067, 10.5311889648, 13.8670282364], [196.6978302, -73.5978240967, -113.643791199, 79.7119369507, 125.187355042, 0.610069155693, 165.368789673, 11.5272521973, 33.6080284119, -14.3306283951, 4.68428087234, 3.38140511513, 17.0552387238], [-35.8720207214, -7.81745386124, 15.8562517166, -9.2450799942, 8.72270584106, 44.3283119202, 11.5272521973, 95.8821563721, 19.0586643219, 25.9893856049, 4.96274805069, -9.58883285522, 23.8729553223], [64.7568283081, 11.7680644989, -53.6782798767, 6.08890676498, 42.7991676331, -46.7546463013, 33.6080284119, 19.0586643219, 98.6932907104, 29.4038085938, 9.00643730164, -8.05092716217, 6.23011398315], [-17.7437763214, -21.9196681976, 32.4770317078, 24.9737472534, -9.50502872467, 7.37468576431, -14.3306283951, 25.9893856049, 29.4038085938, 81.5154266357, 29.7131748199, -7.24554538727, 7.09446716309], [-32.4459648132, 21.1169033051, 6.82046031952, -2.57014226913, 12.2585268021, -2.20508933067, 4.68428087234, 4.96274805069, 9.00643730164, 29.7131748199, 54.3239479065, 13.8255672455, 3.20468759537], [-275.098419189, -94.8017959595, 23.9856357574, 41.877456665, -28.2224464417, 10.5311889648, 3.38140511513, -9.58883285522, -8.05092716217, -7.24554538727, 13.8255672455, 76.0307769775, 10.7934770584], [98.4194641113, -3.47809672356, -44.5095252991, -17.0271472931, 39.9234657288, 13.8670282364, 17.0552387238, 23.8729553223, 6.23011398315, 7.09446716309, 3.20468759537, 10.7934770584, 65.068939209]], "mean": [-64.0611038208, 128.475418091, -54.6747169495, 13.8638563156, -33.883430481, -13.4666662216, -23.4346981049, -15.111495018, -8.7734375, -11.5553913116, -11.9020166397, -5.05285692215, -11.5057754517], "icov": [[0.00038839087938, -0.00105444388464, 0.000716184033081, 2.95256941172e-05, -0.000607048277743, 0.00119161966722, -0.00055993325077, -0.000593005388509, 0.00170782639179, -0.0020179792773, 0.00189220160246, -0.00101395661477, 0.00046814410598], [-0.00105444388464, 0.00793976802379, -0.0079648187384, 0.00761758815497, -0.0048074061051, 0.000987382140011, 0.000354155432433, 0.00235747685656, -0.00377271929756, 0.0046804882586, -0.0043217446655, 0.00362155260518, -0.000191115919733], [0.000716184033081, -0.0079648187384, 0.0261041857302, -0.0322101153433, 0.0336250923574, -0.0240678992122, 0.0103125302121, 0.00358441821299, -0.0148535082117, 0.023022511974, -0.0268045533448, 0.0256890710443, -0.015630364418], [2.95256941172e-05, 0.00761758815497, -0.0322101153433, 0.0480272844434, -0.0486528240144, 0.0364973396063, -0.0171846877784, -0.0071884659119, 0.0274130925536, -0.0424014925957, 0.0460422039032, -0.0432909205556, 0.0270238947123], [-0.000607048277743, -0.0048074061051, 0.0336250923574, -0.0486528240144, 0.0593907237053, -0.0422845035791, 0.0146937742829, 0.0109715815634, -0.0341323539615, 0.0499644353986, -0.0555152371526, 0.0524918474257, -0.0325269363821], [0.00119161966722, 0.000987382140011, -0.0240678992122, 0.0364973396063, -0.0422845035791, 0.041114512831, -0.0156693626195, -0.0125480238348, 0.0330491364002, -0.0428561829031, 0.0459287762642, -0.0414959937334, 0.0233598686755], [-0.00055993325077, 0.000354155432433, 0.0103125302121, -0.0171846877784, 0.0146937742829, -0.0156693626195, 0.0175552684814, 0.00285859196447, -0.0159641262144, 0.0227308105677, -0.0219979137182, 0.0178307592869, -0.010727324523], [-0.000593005388509, 0.00235747685656, 0.00358441821299, -0.0071884659119, 0.0109715815634, -0.0125480238348, 0.00285859196447, 0.0184858515859, -0.0125335101038, 0.0102317947894, -0.0137377437204, 0.0154583025724, -0.0117983901873], [0.00170782639179, -0.00377271929756, -0.0148535082117, 0.0274130925536, -0.0341323539615, 0.0330491364002, -0.0159641262144, -0.0125335101038, 0.0431510396302, -0.0455094501376, 0.0432811006904, -0.0378001593053, 0.021878849715], [-0.0020179792773, 0.0046804882586, 0.023022511974, -0.0424014925957, 0.0499644353986, -0.0428561829031, 0.0227308105677, 0.0102317947894, -0.0455094501376, 0.0784621313214, -0.0724823251367, 0.0600345097482, -0.0338654927909], [0.00189220160246, -0.0043217446655, -0.0268045533448, 0.0460422039032, -0.0555152371526, 0.0459287762642, -0.0219979137182, -0.0137377437204, 0.0432811006904, -0.0724823251367, 0.0917749255896, -0.0673072189093, 0.0361032485962], [-0.00101395661477, 0.00362155260518, 0.0256890710443, -0.0432909205556, 0.0524918474257, -0.0414959937334, 0.0178307592869, 0.0154583025724, -0.0378001593053, 0.0600345097482, -0.0673072189093, 0.0754621475935, -0.0378661602736], [0.00046814410598, -0.000191115919733, -0.015630364418, 0.0270238947123, -0.0325269363821, 0.0233598686755, -0.010727324523, -0.0117983901873, 0.021878849715, -0.0338654927909, 0.0361032485962, -0.0378661602736, 0.0392496623099]]}, "spectral_complexity": {"dmean": 1.98395717144, "dmean2": 3.16064953804, "max": 45, "dvar": 5.98829460144, "mean": 10.4122591019, "dvar2": 12.3070745468, "min": 0, "var": 38.8081970215, "median": 9}, "spectral_flux": {"dmean": 0.0173482690006, "dmean2": 0.0279210694134, "max": 0.408873915672, "dvar": 0.00042572064558, "mean": 0.071727283299, "dvar2": 0.00113457627594, "min": 5.54427570023e-05, "var": 0.00192109390628, "median": 0.062183085829}, "spectral_energyband_low": {"dmean": 0.00895150564611, "dmean2": 0.01488170214, "max": 0.314960211515, "dvar": 0.00023066396534, "mean": 0.023198120296, "dvar2": 0.000587017624639, "min": 4.36501890189e-10, "var": 0.00112414360046, "median": 0.011116114445}, "spectral_decrease": {"dmean": 2.76970135715e-09, "dmean2": 4.53923387767e-09, "max": -2.07789238946e-16, "dvar": 2.04677686575e-17, "mean": -9.47307210453e-09, "dvar2": 4.93434642822e-17, "min": -1.061985202e-07, "var": 1.18363934063e-16, "median": -5.69083935531e-09}, "barkbands_spread": {"dmean": 2.3743929863, "dmean2": 3.73587703705, "max": 108.517456055, "dvar": 20.545501709, "mean": 6.67881727219, "dvar2": 45.8833580017, "min": 0.388081252575, "var": 73.1109390259, "median": 4.18684864044}, "spectral_rms": {"dmean": 0.000778501329478, "dmean2": 0.00129260262474, "max": 0.0200675092638, "dvar": 7.21567403161e-07, "mean": 0.00547466706485, "dvar2": 1.83678821486e-06, "min": 1.11874157938e-06, "var": 7.63229672884e-06, "median": 0.00478034233674}, "spectral_centroid": {"dmean": 106.592483521, "dmean2": 166.214477539, "max": 3787.87036133, "dvar": 36830.921875, "mean": 457.047973633, "dvar2": 75491.2578125, "min": 165.777542114, "var": 147468.609375, "median": 343.419952393}, "barkbands_skewness": {"dmean": 0.684309780598, "dmean2": 1.14213943481, "max": 20.5444946289, "dvar": 0.47382324934, "mean": 3.08916139603, "dvar2": 1.20570921898, "min": -0.125456929207, "var": 2.35747098923, "median": 2.82995867729}, "spectral_rolloff": {"dmean": 358.597259521, "dmean2": 665.230773926, "max": 21899.2675781, "dvar": 3906947.5, "mean": 626.306091309, "dvar2": 11185113, "min": 21.533203125, "var": 3376693, "median": 344.53125}, "erbbands_spread": {"dmean": 5.98911428452, "dmean2": 9.29351902008, "max": 128.230117798, "dvar": 52.7428665161, "mean": 26.5063648224, "dvar2": 116.210983276, "min": 3.22958087921, "var": 295.873748779, "median": 22.3169612885}, "barkbands": {"dmean": [0.0002771797881, 0.00363771989942, 0.0053183613345, 0.00313721667044, 0.00296373991296, 0.00127700029407, 0.000512030906975, 0.000311804149533, 0.000306224363158, 0.000132376866532, 7.57055458962e-05, 7.22475888324e-05, 4.61402705696e-05, 2.96700127365e-05, 0.000100471013866, 6.73011600156e-05, 5.12250735483e-05, 3.35984004778e-05, 3.46321430698e-05, 2.42980822804e-05, 2.29668967222e-05, 1.23170893858e-05, 4.98982626596e-06, 2.23329152504e-06, 1.50177174874e-06, 2.46654099101e-06, 1.96162582142e-05], "dmean2": [0.000456873036455, 0.005362869706, 0.00931867212057, 0.00523631414399, 0.0048932232894, 0.00193974282593, 0.000789304787759, 0.000501213595271, 0.000490718986839, 0.000203000323381, 0.000124354628497, 0.000115453789476, 7.46921796235e-05, 4.6635093895e-05, 0.000160364113981, 0.000103647573269, 7.68797835917e-05, 5.29101271241e-05, 5.28311538801e-05, 3.8035952457e-05, 3.39182224707e-05, 1.93127598322e-05, 8.29532655189e-06, 3.83721317121e-06, 2.5799836294e-06, 4.1735142986e-06, 2.82924484054e-05], "max": [0.0230702869594, 0.273380368948, 0.111726760864, 0.208560019732, 0.228538155556, 0.178595796227, 0.0613450743258, 0.0549521557987, 0.0389642491937, 0.0346808694303, 0.00587454205379, 0.00549990637228, 0.00235989247449, 0.0035042911768, 0.0182845387608, 0.01178142149, 0.00578536698595, 0.00414342666045, 0.00603942014277, 0.00213287351653, 0.00554875656962, 0.00153990532272, 0.000480206537759, 0.000137302369694, 5.66774615436e-05, 0.000118801093777, 0.0014687133953], "dvar": [4.76411486261e-07, 8.94301265362e-05, 7.31730324333e-05, 4.56352172478e-05, 3.16285295412e-05, 1.41329701364e-05, 2.1331534299e-06, 1.36259825467e-06, 1.2648546317e-06, 5.69545420603e-07, 3.27749134499e-08, 3.67606354246e-08, 1.46044634164e-08, 7.88649234806e-09, 1.39114135322e-07, 5.84071813137e-08, 4.19466275048e-08, 1.2761291579e-08, 1.15428075986e-08, 6.06590599972e-09, 2.13196305054e-08, 2.3382513703e-09, 2.39424841064e-10, 2.71337362301e-11, 1.2809321312e-11, 3.37977042186e-11, 3.06327718747e-09], "mean": [0.000342031038599, 0.00974873639643, 0.00933321751654, 0.00557152135298, 0.00602142512798, 0.00313774007373, 0.00104057171848, 0.000586883164942, 0.000553197402041, 0.000215709078475, 0.00013281495194, 0.000124039012007, 8.0913581769e-05, 5.09763522132e-05, 0.000182801988558, 0.000112154644739, 7.66276280046e-05, 5.07687982463e-05, 6.12138755969e-05, 3.22666128341e-05, 3.62209757441e-05, 1.67634152604e-05, 6.88414365868e-06, 3.89236720366e-06, 1.33789740175e-06, 3.90732202504e-06, 4.44910765509e-05], "dvar2": [1.04461423689e-06, 0.00018671140424, 0.000223498791456, 0.000114841583127, 7.03869445715e-05, 3.34683682013e-05, 4.62852767669e-06, 3.40834003509e-06, 3.08188577947e-06, 1.20043853258e-06, 8.35010709466e-08, 9.73142135763e-08, 3.65997507856e-08, 1.70199818683e-08, 3.33627298232e-07, 1.30398206011e-07, 9.59456372129e-08, 2.98957729683e-08, 2.07521519968e-08, 1.3223650619e-08, 4.29332729368e-08, 4.67831728912e-09, 5.51400258786e-10, 7.37802458017e-11, 3.4444606889e-11, 8.69401772796e-11, 5.73002267856e-09], "min": [4.52312437504e-10, 1.79961878732e-10, 2.38161660532e-11, 1.49133552729e-11, 6.55861129295e-11, 4.42408739851e-12, 3.08093784859e-12, 2.88710028107e-12, 1.58414895784e-11, 8.44367457897e-12, 1.4930616422e-12, 6.32036610548e-12, 1.07390713076e-12, 3.71580760952e-12, 7.77745142594e-12, 5.65397988844e-12, 1.05924427216e-11, 7.81228467334e-12, 5.24082990547e-12, 1.90356549967e-11, 1.34128159968e-11, 2.12480675416e-11, 3.32963170924e-11, 5.48872683415e-11, 3.86170956324e-11, 8.71426125704e-11, 8.54706860842e-11], "var": [7.57557643283e-07, 0.000521706824657, 0.000156462803716, 0.000116340343084, 8.46511466079e-05, 2.50115972449e-05, 5.89346063862e-06, 2.38815709963e-06, 2.20976221499e-06, 1.08118899789e-06, 7.0972156152e-08, 7.16079284757e-08, 2.90619439625e-08, 1.62162052675e-08, 2.67673044618e-07, 1.20863461461e-07, 1.00497985045e-07, 3.45449109318e-08, 4.35920206598e-08, 1.23467067681e-08, 4.22108570319e-08, 5.09503639279e-09, 3.80235204434e-10, 2.44373861424e-11, 1.18991214451e-11, 4.22228849106e-11, 1.18618697087e-08], "median": [0.000116055569379, 0.001573929796, 0.00522176548839, 0.0022909459658, 0.00381418992765, 0.00192351685837, 0.000468413811177, 0.000265292765107, 0.000203462375794, 5.77834944124e-05, 4.99139569001e-05, 3.96180403186e-05, 2.47524603765e-05, 1.6439031242e-05, 3.24348402501e-05, 2.14300835069e-05, 1.01955183709e-05, 7.09927508069e-06, 6.39361451249e-06, 4.39991936219e-06, 3.30573129759e-06, 2.78978723145e-06, 2.53220650848e-06, 2.67335440185e-06, 3.06530637317e-07, 2.11796918848e-06, 8.78115224623e-06]}, "melbands_kurtosis": {"dmean": 11.65873909, "dmean2": 19.0446014404, "max": 4422.91894531, "dvar": 6382.37304688, "mean": 30.3190822601, "dvar2": 10802.6035156, "min": -0.728787899017, "var": 8221.96777344, "median": 17.9394130707}, "erbbands_crest": {"dmean": 2.21916794777, "dmean2": 3.64479494095, "max": 26.2096443176, "dvar": 4.12410974503, "mean": 10.0575304031, "dvar2": 11.0426111221, "min": 2.07729172707, "var": 16.231420517, "median": 9.26780414581}, "melbands_skewness": {"dmean": 0.728322803974, "dmean2": 1.20217013359, "max": 52.6192855835, "dvar": 1.20330226421, "mean": 3.29917860031, "dvar2": 2.37903738022, "min": -0.149530857801, "var": 4.55316734314, "median": 2.93616676331}, "spectral_energyband_middle_low": {"dmean": 0.00547336647287, "dmean2": 0.00889004394412, "max": 0.288774162531, "dvar": 9.54608840402e-05, "mean": 0.0169674288481, "dvar2": 0.000217937922571, "min": 1.36280667307e-10, "var": 0.00035198481055, "median": 0.012190666981}, "spectral_contrast_coeffs": {"dmean": [0.0478655695915, 0.0404531769454, 0.034724123776, 0.0286079272628, 0.0229204557836, 0.0288794822991], "dmean2": [0.0830620825291, 0.0658649802208, 0.0574139803648, 0.0464877672493, 0.0368521213531, 0.045694693923], "max": [-0.331192791462, -0.518721878529, -0.544810771942, -0.630902409554, -0.683372795582, -0.482199877501], "dvar": [0.0015308392467, 0.00106645852793, 0.00071675266372, 0.000537479878403, 0.000384704093449, 0.000876678794157], "mean": [-0.599594056606, -0.740619003773, -0.808947384357, -0.828176021576, -0.844084620476, -0.785949409008], "dvar2": [0.00456532975659, 0.00288792490028, 0.00201133312657, 0.00141289480962, 0.000980882556178, 0.00198380206712], "min": [-0.94791162014, -0.960748851299, -0.967806577682, -0.985823094845, -0.955609023571, -0.911981940269], "var": [0.00721748871729, 0.0039886943996, 0.00255744694732, 0.00265513011254, 0.00179345766082, 0.00288361823186], "median": [-0.592758893967, -0.74130833149, -0.811789810658, -0.83021479845, -0.847105264664, -0.800379514694]}, "spectral_contrast_valleys": {"dmean": [0.363413244486, 0.298234820366, 0.335590004921, 0.338127106428, 0.379510492086, 0.460177898407], "dmean2": [0.629404067993, 0.490911662579, 0.546592116356, 0.535879135132, 0.590595841408, 0.747563481331], "max": [-4.74085998535, -4.09352874756, -5.77777433395, -6.16373729706, -5.7235121727, -9.04675006866], "dvar": [0.0921825617552, 0.0629959255457, 0.0825645700097, 0.0990935340524, 0.137603834271, 0.155181139708], "mean": [-6.88084936142, -6.62391042709, -7.81998634338, -8.44474601746, -8.63809394836, -11.4344110489], "dvar2": [0.2613055408, 0.160574555397, 0.204205468297, 0.246319025755, 0.304532647133, 0.425147235394], "min": [-15.210650444, -15.6466712952, -15.8296899796, -16.1446399689, -15.2373905182, -16.5084686279], "var": [0.898446381092, 1.03610157967, 1.03992199898, 1.09635949135, 0.984320104122, 0.575051426888], "median": [-6.84522628784, -6.51253080368, -7.67492198944, -8.31256008148, -8.65661430359, -11.4743909836]}, "silence_rate_20dB": {"dmean": 0.000763941963669, "dmean2": 0.00152817578055, "max": 1, "dvar": 0.000763317453675, "mean": 0.9980905056, "dvar2": 0.00152586202603, "min": 0, "var": 0.00190590531565, "median": 1}, "silence_rate_30dB": {"dmean": 0.0271199382842, "dmean2": 0.0542502403259, "max": 1, "dvar": 0.0263825375587, "mean": 0.918082892895, "dvar2": 0.0608529895544, "min": 0, "var": 0.0752087011933, "median": 1}, "spectral_strongpeak": {"dmean": 0.221415519714, "dmean2": 0.378862380981, "max": 5.86312627792, "dvar": 0.0838777422905, "mean": 0.568998873234, "dvar2": 0.206477358937, "min": 0, "var": 0.189031660557, "median": 0.489254266024}, "spectral_spread": {"dmean": 492098.09375, "dmean2": 811458.5, "max": 15322987, "dvar": 187336835072, "mean": 3475455.5, "dvar2": 481044496384, "min": 1644850.125, "var": 907478499328, "median": 3317549}, "barkbands_flatness_db": {"dmean": 0.0293940454721, "dmean2": 0.0474362522364, "max": 0.48492616415, "dvar": 0.000684168189764, "mean": 0.22516644001, "dvar2": 0.0017126891762, "min": 0.0484958179295, "var": 0.00348766031675, "median": 0.225678026676}, "pitch_salience": {"dmean": 0.0765889510512, "dmean2": 0.132313579321, "max": 0.852877020836, "dvar": 0.0045788907446, "mean": 0.576965272427, "dvar2": 0.0140242334455, "min": 0.0422777310014, "var": 0.0170725286007, "median": 0.596475124359}, "erbbands_kurtosis": {"dmean": 2.15683031082, "dmean2": 3.43102097511, "max": 63.9674072266, "dvar": 10.5819139481, "mean": 5.09773206711, "dvar2": 25.8239459991, "min": -1.80375611782, "var": 59.7498397827, "median": 2.11243104935}, "average_loudness": 0.409197956324, "barkbands_crest": {"dmean": 2.37871670723, "dmean2": 4.0369143486, "max": 24.1369724274, "dvar": 4.28176784515, "mean": 12.1642780304, "dvar2": 12.4052152634, "min": 3.71704292297, "var": 14.961180687, "median": 11.566945076}, "hfc": {"dmean": 7.97623586655, "dmean2": 12.4126853943, "max": 339.71182251, "dvar": 171.34046936, "mean": 30.7690029144, "dvar2": 395.305908203, "min": 5.4973661463e-06, "var": 1181.8046875, "median": 19.9726886749}, "barkbands_kurtosis": {"dmean": 8.16924285889, "dmean2": 13.6179409027, "max": 759.504638672, "dvar": 285.973358154, "mean": 23.3361186981, "dvar2": 573.428100586, "min": -1.59661900997, "var": 701.128173828, "median": 17.1793270111}, "erbbands": {"dmean": [0.078120559454, 0.963520288467, 4.56221914291, 10.092924118, 5.98672485352, 14.8707447052, 8.62382888794, 11.7794523239, 7.40163946152, 6.19066143036, 7.52569627762, 7.40569067001, 3.62920618057, 4.21553039551, 3.05730628967, 3.05066299438, 2.07868909836, 1.39397168159, 3.03756046295, 5.81366872787, 2.93440461159, 2.81414008141, 1.83990216255, 2.01473355293, 1.28028178215, 1.10841333866, 1.12165749073, 0.763923943043, 0.484390467405, 0.274676918983, 0.121511891484, 0.058419149369, 0.034158103168, 0.0172182545066, 0.0106027778238, 0.00670259445906, 0.00488977367058, 0.00452316273004, 0.00211104052141, 0.000472990446724], "dmean2": [0.117401584983, 1.42988789082, 7.78864908218, 17.4764690399, 9.62577629089, 25.0689563751, 14.126619339, 17.607252121, 11.3153686523, 9.94195079803, 12.1086912155, 11.8895435333, 5.83288621902, 6.33275413513, 4.95532560349, 4.85430669785, 3.33433032036, 2.17907238007, 4.77996826172, 8.95210361481, 4.45516729355, 4.26629257202, 2.90056037903, 3.18435120583, 1.92184722424, 1.72951686382, 1.69720578194, 1.14761781693, 0.761392951012, 0.445582419634, 0.20206348598, 0.0998340323567, 0.0585494153202, 0.0295499842614, 0.0182063709944, 0.0114596560597, 0.00827142782509, 0.00710451416671, 0.00309522100724, 0.000679021293763], "max": [6.5542216301, 64.7493667603, 91.8151702881, 513.995727539, 270.344665527, 1204.4276123, 404.389404297, 1963.3494873, 1560.67089844, 407.05581665, 1181.50646973, 1020.01409912, 227.359893799, 1356.19775391, 298.024597168, 268.792144775, 105.210624695, 131.188201904, 448.821899414, 1304.05700684, 330.90234375, 338.601623535, 239.180908203, 268.802886963, 297.536346436, 92.9032821655, 190.798553467, 229.503051758, 76.8374328613, 25.9274539948, 12.288233757, 3.4998254776, 1.89783930779, 0.640755772591, 0.398753076792, 0.220369696617, 0.284457474947, 0.478396385908, 0.320377379656, 0.0319727286696], "dvar": [0.045397233218, 5.77226781845, 51.0355949402, 370.432983398, 100.187644958, 964.242919922, 284.523193359, 1472.80407715, 674.25994873, 273.866516113, 779.123779297, 866.543457031, 81.0819625854, 840.72442627, 64.0871810913, 66.1955413818, 26.8290061951, 14.7543668747, 110.291900635, 566.422912598, 101.469642639, 127.123146057, 41.5340995789, 37.0647506714, 20.2345428467, 12.9003562927, 31.8656768799, 25.6548557281, 4.31844425201, 0.9435531497, 0.14368404448, 0.0193982031196, 0.00585856614634, 0.00163666973822, 0.000636470853351, 0.000219879264478, 0.000144603662193, 0.000261237757513, 8.40385109768e-05, 1.05514106963e-06], "mean": [0.200465932488, 2.55838346481, 9.1864156723, 18.1744804382, 14.0280694962, 26.7497291565, 18.4961585999, 30.2220401764, 16.3018684387, 13.6716365814, 14.0578594208, 13.0198278427, 7.35164880753, 7.04043054581, 5.96986865997, 5.60603046417, 3.94634175301, 2.70069408417, 5.65041065216, 10.6566696167, 4.96185827255, 4.28087329865, 2.92397165298, 3.42178988457, 2.1721405983, 1.51681613922, 1.68873786926, 1.17664909363, 0.666908919811, 0.351505368948, 0.172390148044, 0.0968493446708, 0.0571411475539, 0.0171761550009, 0.00966771598905, 0.00902706943452, 0.00824221782386, 0.00668235030025, 0.00390359642915, 0.0015989781823], "dvar2": [0.104928426445, 11.7181386948, 141.144393921, 1028.89428711, 232.025238037, 2128.05883789, 706.494384766, 3533.02685547, 1254.34094238, 667.180725098, 1942.57324219, 2087.39941406, 201.065643311, 1695.13903809, 149.944000244, 171.429138184, 67.2806015015, 32.8622131348, 232.98223877, 1332.50769043, 240.719772339, 293.802154541, 98.9482650757, 81.4866790771, 32.2854537964, 28.3548297882, 64.8089065552, 52.9391899109, 8.51131343842, 2.10954785347, 0.350928038359, 0.0516692213714, 0.0160843804479, 0.00439836038277, 0.00171084632166, 0.000593372329604, 0.000373773509637, 0.00052983086789, 0.000154448003741, 2.03565105039e-06], "min": [1.18532454962e-08, 2.45973748036e-08, 3.17492840907e-08, 5.7612659532e-08, 1.66776771948e-07, 2.36717440316e-07, 1.02600317575e-07, 2.9020599257e-08, 4.92397909113e-08, 2.89773733897e-08, 1.97373950073e-07, 4.09826071746e-07, 3.70175058606e-07, 2.58437751199e-07, 7.43643226997e-08, 2.7108697509e-07, 9.65345705595e-08, 9.77210703468e-08, 2.96529492516e-07, 3.93769539642e-07, 3.67634754639e-07, 5.79956179081e-07, 4.40326743956e-07, 3.15326076361e-07, 3.52516110524e-07, 8.21812250251e-07, 5.67305903587e-07, 6.78131300447e-07, 6.04456943165e-07, 1.30712385271e-06, 7.78425544468e-07, 7.50810158934e-07, 1.15110844945e-06, 3.95458471303e-07, 3.23133292568e-07, 2.75937509286e-07, 1.79735408778e-07, 5.10672606424e-08, 1.39059261883e-08, 1.15202358764e-09], "var": [0.22559542954, 33.8402481079, 137.752044678, 855.71270752, 336.779754639, 2421.57177734, 686.680847168, 2605.140625, 1830.50805664, 688.745422363, 1415.17749023, 1450.12304688, 225.637023926, 1614.15844727, 156.731430054, 137.916046143, 58.7440643311, 33.1708641052, 230.063583374, 1131.9543457, 197.982772827, 302.910552979, 118.068809509, 115.322868347, 72.648765564, 26.7355918884, 68.4483032227, 46.7670402527, 9.14773464203, 1.57243156433, 0.201280102134, 0.0199021156877, 0.00517778145149, 0.00152658193838, 0.000592573487666, 0.000206620068639, 0.000170909421286, 0.00054996216204, 0.000222230082727, 6.84913356963e-06], "median": [0.0379478596151, 0.488466769457, 5.04105615616, 9.6225194931, 7.68634986877, 15.3861961365, 11.3874568939, 16.793088913, 8.01813030243, 6.06040620804, 6.56399250031, 4.77148485184, 2.59962797165, 2.17403650284, 2.21466064453, 1.86663985252, 1.33128499985, 1.00234985352, 1.3481990099, 1.69329440594, 1.12337899208, 0.6250461936, 0.434407413006, 0.377286463976, 0.28082883358, 0.209501624107, 0.163046389818, 0.119693145156, 0.102609731257, 0.083319015801, 0.0720204263926, 0.0602129325271, 0.0398237705231, 0.0056112324819, 0.00238988664933, 0.00507593806833, 0.00481521198526, 0.00162571517285, 0.000595468387473, 0.000734757399186]}, "spectral_energy": {"dmean": 0.010712377727, "dmean2": 0.0175296459347, "max": 0.41277256608, "dvar": 0.000302224740153, "mean": 0.0385443083942, "dvar2": 0.000719292962458, "min": 1.28287236389e-09, "var": 0.00185663776938, "median": 0.0234229657799}, "zerocrossingrate": {"dmean": 0.0154735548422, "dmean2": 0.0206669345498, "max": 0.392578125, "dvar": 0.000288358540274, "mean": 0.083605363965, "dvar2": 0.000506918993779, "min": 0.00244140625, "var": 0.00372190214694, "median": 0.07568359375}, "spectral_energyband_high": {"dmea