{"metadata": {"audio_properties": {"downmix": "mix", "bit_rate": 192000, "lossless": false, "md5_encoded": "2dfb6fcd1db7672e3b71380dcf791567", "analysis_sample_rate": 44100, "sample_rate": 44100, "replay_gain": -5.34921264648, "equal_loudness": 0, "codec": "mp3", "length": 141.426940918}, "tags": {"date": ["2000"], "bpm": ["94.44"], "musicbrainz_albumid": ["37addfa1-9433-4a98-8dfa-4abe3377e08b"], "musicbrainz_recordingid": ["2822ebfd-ea4c-414d-968a-4632ab806103"], "musicbrainz_artistid": ["5ae23016-8069-4a23-91ba-6b7d636ba304"], "musicbrainz album type": ["Album"], "acoustid_id": ["392880a6-1e3d-439d-8167-1898cfccf8fa"], "file_name": "Rhonda Vincent - You're Running Wild.mp3", "musicip_puid": ["1c2ccbae-427d-b6ca-9a37-f2a47e5a1748"], "album": ["Back Home Again"], "artist": ["Rhonda Vincent"], "title": ["You're Running Wild"], "musicbrainz_albumartistid": ["5ae23016-8069-4a23-91ba-6b7d636ba304"], "acoustid_fingerprint": ["AQADtEq0SQslHMkSM0e4bcdzVDrhP0b940yCHz8St0euJPhu_Cm6J8aV8qC2D09O9PhRccmR-oGXSUa5B0KDUG3wiQNzNMf4oJlylImOP0d4iDquwqm25ZjI4zl6cFeD9Ed3lILJEeVTZeAf9CHuwD0iSRwDPT7yHefxxwnWkEYfuESPZylyPkicpISf7Pgj9GFCoTkuBknazAjD6EEdDceT4OLxYIqOZM6Riznu4P3xSE_RRMqJ8D_U-LiZiRCbIvib4JI-oekN5rh09CSexVtwusLOVMZPBvPxUCHqHXEqUdB0NCeHq5qCR5dw1uBZHA0q45x1xD8Y4trwhdEOXygfG_zRZkeYPQ-SpsQWaXimTMGp-Lj0oalzVFNifGI6VHeCPAs05ryQow9cScaVweeJnBn-BOI6mFUQytjxo-fw4zx6_EO7wyTeIv526MhflD-ACEkjfDsePDzq5Hh0PDD_IjxPJGUqfPDIFL8YA02YBvV2_EiF5EpwKVGOv5j6TArc3bhydMcL8hNKwkuS5RncJ-iJ_miKPIcehghTHX0d_AraFZekDXby4ScSPcgpeHyMJ9kV2MZx8sGpHG2OH19I_E7woDuaL1zw3fhK5M4FRfKRKvgPjzQeSdgp_PhYqPqLSVGCP07wUcLhLRc-DvEZJFZEw1O0HD-eBLsFPwoOOQqP93h43E-K5kSd46Ic3EuGpGkQ5jgeNknwHaWP_yiLtGmKZOLD4OTxLhVeifhF7LtQR4c5hkVOHp0xHjrOJDYenDRypgtKZmPQ8DEiH88KLWeC_iiPlHsGR0d_CvnReMqhJzijH6KOI0-PysHIXsHpBN0VhAmRXBF4MvjRD8384NzBMixG-siX5GigPTjxaDaeHo8EPegRRjOu5Aqeo0dzpsg91MnhEsVpJM8e7EejMgcjMTOa60ngM6EQkoF0IkxzTNYXPE7EI81xBRdzPA887kIe-rhM_CEaeRRC8eKRRFl0VGKW44RBssaZLAy-aDseoqdwzsUvfInheKmKS0SvFcmpIbuGF9d1PA9mfaj4o0keicLzIVfg_dDx43GKxooKf0MvfFpzaE-Opj-U30KzxwmYC9_QLA8qOfhI1EnHQFwu_IE_HZoTZsh-_D78HHuU44qWoEyWG02sB79MRJSUQ0-iIfIZnLlgrsd_xLQYJGnD6WhiosZRikidKIE4USZCHNfzCA1jI9ZiKdBMRMejDMcZPDODM5FSIlLUqEdF7kW-Es9J_GiqGn1m4cVvvCmPXEdOHW1s_MiVH9p1hD_8DX2Fp_oxJS_6kAgz8SjzQYOWR8mDiwi544mO_YMvFaHFDnr0IWdygbGaCuXxY2KyL2hO5DW0H2EunDmabCg_ieiPvINcoSeRH5_Q_HgLH_1x1LAu7IQXUEdpPJyL0Dqaxcdcws-FmDOO3NASRUlChKR2XNTRNU_QHL0PV0Gdozt0VA-e9Rip6EFzimB21MoOL8mF-cbx40eYEudivA8ORTmcpkc3ZchyNNeOXfjxJA1y5oGmc0RObOV29MnQH-mSQ2c8gskzXAezClriHHnCFFdWBR-mVh2aC4_wODU-hGygZeyD_JgkZffQdPgR5odGiSnyJIHnJ8EvlM1yNEUiSgnyNGBuNA5xoLkEZxt6_ESkKj60RLKRx8WZD9dRSUkIV_iHl0gYbhHC68SNE4U9WcEVM0OoQ1baIVKURmHQazTuB2d-PJyC6YbHY3oe_OGIS7i6KEd66KiF9EtRizueotzRXEmJm0N-bJ0FPWeFPD7Ki2i44jvCk0KeBTf-DEdt4dGNfw7CH1oQPFIcXGHRzAqmHjkP9U4QblsKj8fhf0j3QlS44LgDG-_gHv0hpS_C7MaXGQ9jIEsOjQwix2OCP5MSofHQI3mG_Mc5MRPuH32WBc2a46zwsgneB3lGJLOPKT_eHI8XY8qiw1UWhKSUG0mf43mKSc7x1HiO_Ej44w2azwreD3myCI4u6Miz4A_i5ym0KImOcj_-HcHT45GdBM9yvFEjhDzMC5egPhTyzgqxb0X14Mej4z6S5kX4JEVTSnhePHfgMceDOOagiYebxQtOHf9xvfiNo5Sp4_iwJzW-4zo6uoOP-8QT9IF-5En04LnQRLFQarlx5gma48yCZEv2IMvR9MeZRuB19BGa6yJePEmCH-jhZGKKStOeIOehZd8yhEy24F_w41cwRQ-uRIMb6Smiv6AixtCDPWGg2caDHDtTBdfx49kUIlOYxjiLXYT-IJ2SI9eDG-IS8Xi84MJrBn486CuP4MsFjxl2Urhj8DmaEZE-fDrUKcdHYDozODsTnIf0I2ZwjdiP4-h3fMmDL0eyPsgnXEcvNcEzCTmR5PgePMvR5DpaPMcDLQ5zo4vEE0c_J3AkmcPVE5dwZ0d-IakDN9NRFxf-MMGd41F0kWCyHH3xIvwDsT9SJYmioRL34EdzoTyeiUKYX4glB08TiYGro2fwxNHAMuqQyyShKezh0FnxfPAeDmm3FCUTHc-CikejSfJxdcfzKEN_-M_wcseH_ogfcYZcKUhzT_iD6z2aRQlq6TieB7G0EbquJMilS0HzREG_Gc-HJ0c-MoKuKwipZUejaTneyMS34A765Doi5UXyHme2Cs-DHs0SC19jXOqMH5UT5RB_HF_FRNh-_ILX0HixXUeeE03F4k9U5FGdIH_R5EHX7FCt4kfIZCFj1AlTPEdfTPmDf0KeJRZK6RB9CmewPcMTHL5F5JmOZngqXKoi9LkQ5gDMFGIGGAAAkxoRowwiBAlCFBGKMCQIscwACRRDwhAkCDBAAAaEFRAR4AwQigkDAFIAIWMdM6RqoyghwBgijDCAEAOgcsIBYAwQyEiACCGGCkAEJAIJgZAAyAAogDAKAKUcMJAJU5wSgCjOCGFCAAMEAFIcBBhwgBAggHGaEIAAA4AoyIBQTkggEBKOEIMEk0gQkgAhTkBngCICEGKQAYIgQRUSgAiHJFKOAfAEAoYwBBDEBDjZGDDGCMAMoQYKQYRCihCklGFAEq8MABIAT4DgMCHAAEDMIGMEAEQTgQRUjBgCMQCAAMMAIgAwBADxFiGEgAAMGACQYgQYpoCQjhDgKBJAISWAUcQoI5gwwBsBiEAACEqBYMQJBhAQRCkjiBCCAGEIEUQIAEoQgDlKCCCAEUCcAAIAwYAghBhBjCAEKAAIAIYBgAgxDgiABJMMMaCEUIQQRSQRwABDFCGiGZCYEYJJgBChwmCCDEKEIEcIGBYwYgRBQAGBkCOCEGmAMAwIAIBB4CDDAYECCgSIkIBJhYBBDkhCBARMAOIIMgAoBgBTRCBgBCCCDEGQQE4ggIBDSCgCDEUIAEIQgoIZZYhA1hpHjHAIOUEEEowYIghwhggiITPAMAAEEBAiA4RSzApggIGKAgOEAQgQ4gQDgCECgKKEEweQNEgQQsAlxjAAhDAAKEOMAYIpwAAQwDAiAELEWCEAQxoIRIg3ggBDBDPAEUSUAQ4pAwWBwGjiDAPEIM4AII4YBJBBAAiFiDGMIEihcMIgARhQgpJBEBNCQOAAIcUIAhwwjgGGgACOCYIAAEgRwgACChAjnIBGCQIgAYABwgAyAgBJCAAEBCKEEEA4BJQRBBCAqBAAEgIYEgQJgRBERBDlEDEKECEMQIoAp4QCVAiEGPAgCKQUMBg"], "tracknumber": ["11"], "language": ["eng"], "genre": ["Bluegrass"]}, "version": {"essentia_build_sha": "2d9f1f26377add8aeb1075a9c2973f962c4f09fd", "essentia_git_sha": "v2.1_beta2-1-ge3940c0", "extractor": "music 1.0", "essentia": "2.1-beta2"}}, "tonal": {"chords_scale": "major", "hpcp": {"dmean": [0.100489735603, 0.0798485502601, 0.0551934242249, 0.0562824755907, 0.0527473911643, 0.0419324450195, 0.0399927571416, 0.0564576201141, 0.129098877311, 0.126699656248, 0.108381807804, 0.0510755367577, 0.0355917625129, 0.042657379061, 0.0688626170158, 0.0742694362998, 0.0631790012121, 0.0356547534466, 0.0283058080822, 0.036010608077, 0.0735727548599, 0.0864732041955, 0.0798716619611, 0.106973558664, 0.101545758545, 0.0899295955896, 0.0385618247092, 0.0330767296255, 0.0453775264323, 0.0886986404657, 0.10463681072, 0.0966174826026, 0.0510630756617, 0.0357855930924, 0.0451394356787, 0.0878605619073], "dvar2": [0.0700097307563, 0.0524854175746, 0.0397156327963, 0.0469539985061, 0.0402027033269, 0.0337170138955, 0.0257362574339, 0.03583503142, 0.069330625236, 0.0735663920641, 0.0514749065042, 0.042431846261, 0.0348208360374, 0.0388143323362, 0.0553459785879, 0.0495198182762, 0.0506098568439, 0.034261777997, 0.0276334322989, 0.0311733409762, 0.0472475998104, 0.0640847310424, 0.0453443601727, 0.0625387132168, 0.0646381378174, 0.0532061830163, 0.034610465169, 0.0319851860404, 0.0400065816939, 0.054176773876, 0.0732760131359, 0.0700572878122, 0.0402145721018, 0.0328851751983, 0.039689283818, 0.0690030828118], "mean": [0.206685334444, 0.12130676955, 0.108111739159, 0.142095670104, 0.0877603143454, 0.0488942526281, 0.0519113428891, 0.0700632929802, 0.323511749506, 0.490678578615, 0.243432924151, 0.0624310933053, 0.0504345260561, 0.0367456898093, 0.100970625877, 0.149104803801, 0.0852214321494, 0.0376849621534, 0.0344846211374, 0.0321328602731, 0.126663640141, 0.191389009356, 0.117696672678, 0.241582974792, 0.35825330019, 0.169278204441, 0.0307001583278, 0.0263405703008, 0.0379130393267, 0.156872287393, 0.254476457834, 0.152739986777, 0.0524315461516, 0.0349716208875, 0.036010608077, 0.142357215285], "var": [0.085347533226, 0.0321219414473, 0.0469878092408, 0.0838932022452, 0.0337816104293, 0.0110741276294, 0.0108874775469, 0.0176999438554, 0.0826068893075, 0.147577151656, 0.0506455972791, 0.0254938416183, 0.0279021654278, 0.0110049508512, 0.033524569124, 0.0642989128828, 0.027233324945, 0.015293543227, 0.0176996961236, 0.0104918312281, 0.0418400913477, 0.0867764875293, 0.027206685394, 0.0765191987157, 0.154239267111, 0.0421983189881, 0.00770761352032, 0.00712937489152, 0.00973399356008, 0.0487164370716, 0.111212752759, 0.0483795888722, 0.0157624986023, 0.0110860513523, 0.0104871327057, 0.0474942959845], "dmean2": [0.164343133569, 0.132271870971, 0.0911622717977, 0.0939163565636, 0.0862806662917, 0.0721345320344, 0.0676570385695, 0.0938984081149, 0.206594064832, 0.200351044536, 0.170266717672, 0.0888689607382, 0.0643209293485, 0.0762171670794, 0.115070350468, 0.116274148226, 0.103721700609, 0.0621800608933, 0.0498236343265, 0.064401909709, 0.120083533227, 0.142731487751, 0.134204149246, 0.173816293478, 0.162382796407, 0.14516402781, 0.0707775577903, 0.0600491315126, 0.0814888626337, 0.145389184356, 0.169490396976, 0.157042637467, 0.0901865363121, 0.0640299916267, 0.0815174654126, 0.146610036492], "dvar": [0.0315301194787, 0.0200974028558, 0.0153345279396, 0.0201794877648, 0.0161196924746, 0.0123098855838, 0.00973195210099, 0.0144569734111, 0.031321182847, 0.0359704419971, 0.0215384662151, 0.0161608029157, 0.0132677126676, 0.0140274018049, 0.021093994379, 0.0240164324641, 0.0203528683633, 0.0133644500747, 0.0109768398106, 0.01154648792, 0.0193653441966, 0.0277338251472, 0.0170213896781, 0.0258056987077, 0.0326135903597, 0.0211883857846, 0.011919785291, 0.0110985571519, 0.0139959864318, 0.0221543367952, 0.0335658490658, 0.0291546639055, 0.0148669080809, 0.0121281892061, 0.0142328105867, 0.0271969977766], "min": [0, 0, 0, 0, 0, 0, 0, 0, 0, 0, 0, 0, 0, 0, 0, 0, 0, 0, 0, 0, 0, 0, 0, 0, 0, 0, 0, 0, 0, 0, 0, 0, 0, 0, 0, 0], "median": [0.0592591874301, 0.0440918542445, 0.0093468381092, 0.00682361284271, 0.010156609118, 0.0181158334017, 0.0142446123064, 0.0238907951862, 0.235689178109, 0.403438925743, 0.176732748747, 0.00956976413727, 0.00290608219802, 0.00422374717891, 0.0178008954972, 0.0251623596996, 0.013949258253, 0.00281893019564, 0.00150453066453, 0.0028885921929, 0.0339775979519, 0.0550892725587, 0.0475865453482, 0.117417484522, 0.162591800094, 0.0723146721721, 0.00354832131416, 0.00214657187462, 0.00725128501654, 0.0539522022009, 0.0827146172523, 0.0470679327846, 0.009715532884, 0.0044098906219, 0.0055442135781, 0.0338825955987], "max": [1, 1, 1, 1, 1, 1, 1, 1, 1, 1, 1, 1, 1, 1, 1, 1, 1, 1, 1, 1, 1, 1, 1, 1, 1, 1, 1, 1, 1, 1, 1, 1, 1, 1, 1, 1]}, "tuning_equal_tempered_deviation": 0.00505838636309, "chords_key": "F", "chords_strength": {"dmean": 0.00789731089026, "dvar2": 0.00127242458984, "mean": 0.569907724857, "var": 0.0188512858003, "dmean2": 0.00647667655721, "dvar": 0.00066368986154, "min": -1, "median": 0.581382215023, "max": 0.75668990612}, "tuning_diatonic_strength": 0.673252046108, "thpcp": [1, 0.496114850044, 0.127234190702, 0.102785259485, 0.0748874917626, 0.205777525902, 0.303874701262, 0.173680767417, 0.0768017247319, 0.0702794492245, 0.0654865801334, 0.2581397295, 0.390049666166, 0.239865109324, 0.492344647646, 0.730118095875, 0.34498795867, 0.0625667348504, 0.0536819249392, 0.0772665441036, 0.319704771042, 0.518621504307, 0.311283171177, 0.106855176389, 0.0712719559669, 0.073389403522, 0.290123164654, 0.421223461628, 0.247222468257, 0.220331072807, 0.289590120316, 0.178854987025, 0.0996461957693, 0.105795003474, 0.1427885741, 0.659314990044], "chords_histogram": [47.5549736023, 2.03478837013, 30.9812927246, 0, 0, 0, 0, 0, 0.722021639347, 0, 0, 0, 0, 0, 0, 0.361010819674, 0, 0.426649153233, 0, 2.49425673485, 1.70659661293, 0.262553334236, 12.9963903427, 0.459468334913], "tuning_nontempered_energy_ratio": 0.625846982002, "tuning_frequency": 440.508636475, "key_strength": 0.91202890873, "chords_changes_rate": 0.0272399075329, "key_scale": "major", "hpcp_entropy": {"dmean": 0.438705712557, "dvar2": 0.529504597187, "mean": 1.52068805695, "var": 0.464645087719, "dmean2": 0.747631490231, "dvar": 0.206534907222, "min": 0, "median": 1.59884428978, "max": 4.04375123978}, "key_key": "F", "chords_number_rate": 0.00196915003471}, "lowlevel": {"melbands_skewness": {"dmean": 0.371009498835, "dvar2": 0.627848565578, "mean": 1.7631200552, "var": 1.5311101675, "dmean2": 0.531104743481, "dvar": 0.281205177307, "min": -1.60233664513, "median": 1.5517103672, "max": 11.4132080078}, "melbands_kurtosis": {"dmean": 2.98205566406, "dvar2": 150.397247314, "mean": 7.6218585968, "var": 182.258926392, "dmean2": 4.47530078888, "dvar": 62.6964797974, "min": -1.79806447029, "median": 4.1612944603, "max": 337.79574585}, "barkbands_kurtosis": {"dmean": 1.62680435181, "dvar2": 51.0086212158, "mean": 3.47069096565, "var": 68.4526672363, "dmean2": 2.42895793915, "dvar": 23.6226005554, "min": -1.84627091885, "median": 1.53360509872, "max": 212.826370239}, "hfc": {"dmean": 3.04566550255, "dvar2": 28.5162887573, "mean": 21.1673069, "var": 298.478851318, "dmean2": 4.07494211197, "dvar": 16.306804657, "min": 1.2019517959e-16, "median": 17.8356018066, "max": 86.0157470703}, "silence_rate_20dB": {"dmean": 0, "dvar2": 0, "mean": 1, "var": 0, "dmean2": 0, "dvar": 0, "min": 1, "median": 1, "max": 1}, "erbbands_flatness_db": {"dmean": 0.011839251034, "dvar2": 0.000329526315909, "mean": 0.205329552293, "var": 0.00210621766746, "dmean2": 0.0162886474282, "dvar": 0.000177503519808, "min": 0.0560383796692, "median": 0.201105102897, "max": 0.371149122715}, "spectral_flux": {"dmean": 0.0161642450839, "dvar2": 0.000848845462315, "mean": 0.0485900007188, "var": 0.00135949195828, "dmean2": 0.0236822050065, "dvar": 0.000427067105193, "min": 6.91238732919e-11, "median": 0.0378927849233, "max": 0.240466877818}, "spectral_energyband_low": {"dmean": 0.000988865620457, "dvar2": 1.46620377564e-05, "mean": 0.00248168897815, "var": 2.15281215787e-05, "dmean2": 0.00140596728306, "dvar": 6.99155771144e-06, "min": 7.20392196269e-23, "median": 0.000559530570172, "max": 0.0325398594141}, "spectral_rolloff": {"dmean": 262.02633667, "dvar2": 776881.3125, "mean": 1777.11181641, "var": 5400247, "dmean2": 425.850402832, "dvar": 425029.53125, "min": 107.666015625, "median": 1367.35839844, "max": 20219.6777344}, "spectral_entropy": {"dmean": 0.121499478817, "dvar2": 0.0371532738209, "mean": 6.94595050812, "var": 0.205187678337, "dmean2": 0.169108957052, "dvar": 0.0217019468546, "min": 5.02361917496, "median": 6.93001937866, "max": 9.80795001984}, "spectral_energy": {"dmean": 0.00357516109943, "dvar2": 5.10455793119e-05, "mean": 0.022161975503, "var": 0.000244667025981, "dmean2": 0.0049276757054, "dvar": 2.65436774498e-05, "min": 1.11162338751e-20, "median": 0.0199748575687, "max": 0.089005202055}, "spectral_centroid": {"dmean": 158.104309082, "dvar2": 96036.046875, "mean": 1450.76660156, "var": 460864.03125, "dmean2": 223.502334595, "dvar": 54392.0898438, "min": 195.082015991, "median": 1412.09362793, "max": 11096.6230469}, "barkbands_flatness_db": {"dmean": 0.0127888359129, "dvar2": 0.00042794001638, "mean": 0.166701942682, "var": 0.00238707568496, "dmean2": 0.0184649471194, "dvar": 0.00021446874598, "min": 0.0379452593625, "median": 0.157580435276, "max": 0.409405052662}, "spectral_rms": {"dmean": 0.000375065079425, "dvar2": 4.41371696525e-07, "mean": 0.00425718398765, "var": 3.49782862941e-06, "dmean2": 0.000500476104207, "dvar": 2.58190539171e-07, "min": 3.29319080686e-12, "median": 0.00441448343918, "max": 0.00931849423796}, "melbands": {"dmean": [0.000165587756783, 0.000221809503273, 0.000176546862349, 0.000137824084959, 9.92204804788e-05, 0.000130165921291, 0.000127980092657, 0.000150788226165, 7.87667377153e-05, 0.000101390214695, 8.9129571279e-05, 4.82096438645e-05, 5.6296816183e-05, 4.0551283746e-05, 3.77850847144e-05, 3.43408355548e-05, 1.93674823095e-05, 3.09363822453e-05, 1.83652027772e-05, 1.18861971714e-05, 5.89628052694e-06, 4.66510709884e-06, 5.8741002249e-06, 4.91800437885e-06, 9.21443643165e-06, 6.1791997723e-06, 4.83805933982e-06, 4.27950317317e-06, 2.30589694183e-06, 4.95394147038e-07, 4.72152294151e-07, 5.17249247878e-07, 3.46167496446e-07, 2.5714521712e-07, 2.47703638934e-07, 2.72579825378e-07, 2.15157996308e-07, 2.24579011388e-07, 2.5730383868e-07, 1.53338632458e-07], "dvar2": [5.10516940722e-07, 8.88121576281e-07, 6.6267409693e-07, 2.27956689969e-07, 9.5150646473e-08, 1.8781686606e-07, 2.95033771636e-07, 3.24881057168e-07, 7.03538276525e-08, 8.29821189541e-08, 1.07946803496e-07, 3.00155633681e-08, 4.41333689594e-08, 2.29851604416e-08, 2.89675305964e-08, 1.59148321188e-08, 6.92153134807e-09, 1.4241607893e-08, 3.5300959933e-09, 2.58351273708e-09, 6.66230182134e-10, 4.24405954824e-10, 5.89220117142e-10, 2.09424741437e-10, 7.38406003009e-10, 5.0068521551e-10, 2.00065325417e-10, 1.34199915069e-10, 5.83249212815e-11, 4.28619943357e-12, 5.14517812036e-12, 7.91378681336e-12, 3.77158634185e-12, 1.67835537135e-12, 6.86300517284e-13, 1.11625465815e-12, 1.53670403225e-12, 2.0021605901e-12, 9.82209647817e-13, 6.06516898337e-13], "mean": [0.000441736134235, 0.000461298186565, 0.000271770288236, 0.000344737578416, 0.000315873097861, 0.000328997557517, 0.000217522087041, 0.000579969142564, 0.000351012306055, 0.000498243782204, 0.000313211407047, 0.000196101260372, 0.000203194882488, 0.000135799797135, 9.53839044087e-05, 0.000126189581351, 6.02301115578e-05, 7.38874514354e-05, 5.19376008015e-05, 2.70665877906e-05, 1.48705776155e-05, 1.1333695511e-05, 1.42698372656e-05, 1.41918362715e-05, 2.56349194387e-05, 1.6863719793e-05, 1.48675871969e-05, 1.36835897138e-05, 6.98793382981e-06, 1.18997479603e-06, 1.27955263451e-06, 1.33026048843e-06, 8.57391796671e-07, 6.3943252826e-07, 6.4390985699e-07, 7.34686636861e-07, 5.64705430861e-07, 5.73491774958e-07, 6.55594590171e-07, 3.6460278352e-07], "var": [8.717644846e-07, 8.79490983152e-07, 3.19129043191e-07, 2.05749344673e-07, 2.14937827536e-07, 2.57769897871e-07, 1.31630400801e-07, 1.47898310843e-06, 2.79233773881e-07, 6.7170026341e-07, 4.52953742069e-07, 2.12505199215e-07, 2.79336376252e-07, 1.05516264171e-07, 4.87788618386e-08, 1.11751567999e-07, 2.32807497724e-08, 2.53613201551e-08, 1.12387557039e-08, 5.21695309175e-09, 1.32129107655e-09, 1.23899346338e-09, 1.16296494657e-09, 4.81739925728e-10, 1.56939994334e-09, 9.18619069701e-10, 4.0732975326e-10, 3.50184492515e-10, 1.70202171801e-10, 6.74140561083e-12, 1.51463980247e-11, 1.62118166114e-11, 5.49905390321e-12, 2.75100905597e-12, 1.01794028935e-12, 1.61950737109e-12, 1.5756137714e-12, 1.96909090595e-12, 1.46161023822e-12, 8.45164812701e-13], "dmean2": [0.000228607241297, 0.000333516654791, 0.000288758805254, 0.000222504808335, 0.000152943175635, 0.000199533373234, 0.000200743132154, 0.000198748835828, 0.000104832426587, 0.000129223626573, 0.0001113381295, 6.3188286731e-05, 7.63094503782e-05, 5.37861851626e-05, 5.57105122425e-05, 4.82286632177e-05, 2.70242107945e-05, 4.44967117801e-05, 2.63041238213e-05, 1.71817282535e-05, 8.27049825602e-06, 6.6281186264e-06, 8.60006821313e-06, 7.31381851438e-06, 1.38942514241e-05, 9.24922005652e-06, 7.36938409318e-06, 6.3513502937e-06, 3.32994432028e-06, 7.613194839e-07, 6.89270279963e-07, 7.53822746447e-07, 5.03612568536e-07, 3.85948908388e-07, 3.76640912236e-07, 4.06765508387e-07, 3.1887032037e-07, 3.35686621611e-07, 3.86330384572e-07, 2.2804616151e-07], "dvar": [2.4660573672e-07, 3.84405154819e-07, 2.57468514064e-07, 8.91968312544e-08, 4.28350048765e-08, 7.68182175648e-08, 1.13155280701e-07, 2.00262164185e-07, 3.68001416007e-08, 4.8763197924e-08, 7.06959752961e-08, 1.93250837555e-08, 2.10800941147e-08, 1.32175470569e-08, 1.2938464522e-08, 7.96445132067e-09, 3.53430507083e-09, 6.84452095001e-09, 1.81109882647e-09, 1.23298149468e-09, 3.46721179545e-10, 2.63907423692e-10, 3.15147297147e-10, 9.74668401543e-11, 3.31262212105e-10, 2.29607929891e-10, 8.75801306477e-11, 6.04378075364e-11, 3.06043142217e-11, 1.89061591903e-12, 2.86217729205e-12, 3.99432006568e-12, 1.97142562691e-12, 9.45773624347e-13, 3.2684000905e-13, 5.29715214834e-13, 6.80740294863e-13, 9.26916312802e-13, 5.09342893383e-13, 3.35967988456e-13], "min": [3.39399279204e-24, 7.828629591e-24, 1.45249211389e-24, 4.47587055848e-24, 2.74144507909e-24, 4.29058961438e-24, 6.86540597104e-24, 1.08639722945e-23, 1.43123886004e-23, 6.45710261055e-24, 8.34504870514e-24, 8.30611526402e-24, 1.65190013685e-23, 8.32320751325e-24, 6.79986425159e-24, 4.32584814697e-24, 8.72676271995e-24, 8.11315357572e-24, 6.51599699358e-24, 8.45233457711e-24, 7.2386665524e-24, 7.50293732223e-24, 7.33961550472e-24, 6.95619755034e-24, 7.40979651515e-24, 1.05623473831e-23, 1.39710484867e-23, 1.499350215e-23, 1.31092187366e-23, 6.8233999167e-24, 9.92177181767e-24, 7.48768548549e-24, 6.50024935776e-24, 9.70545511341e-24, 1.20559214008e-23, 1.10889412252e-23, 9.76739094966e-24, 8.11366791303e-24, 9.84371718654e-24, 1.22520850755e-23], "median": [8.97495629033e-05, 9.01233506738e-05, 6.90803863108e-05, 0.000201080547413, 0.000179856928298, 0.000151528365677, 9.92952118395e-05, 0.000184547709068, 0.000116128619993, 0.000133302310132, 6.47128763376e-05, 2.34393828578e-05, 4.205606092e-05, 3.08603994199e-05, 1.64982011484e-05, 1.17255694931e-05, 6.57512418911e-06, 1.41347154567e-05, 8.81725645741e-06, 4.60261753688e-06, 3.55998031409e-06, 2.92438926408e-06, 3.10512405122e-06, 5.91424759477e-06, 1.03715819932e-05, 7.27641963749e-06, 8.22057700134e-06, 5.44801787328e-06, 1.8760661078e-06, 3.50506354607e-07, 2.81423183424e-07, 3.39357711709e-07, 2.94332522799e-07, 2.21133092282e-07, 3.0777616189e-07, 3.19323135045e-07, 2.03132998422e-07, 2.59268887248e-07, 2.71427410325e-07, 1.22197462815e-07], "max": [0.00698388693854, 0.00863630883396, 0.00722283497453, 0.00560000678524, 0.00694256415591, 0.00539893005043, 0.00448416592553, 0.0166394319385, 0.00589986052364, 0.00709805218503, 0.0086471112445, 0.00512743229046, 0.00521596847102, 0.00341312168166, 0.00399481505156, 0.00339786172844, 0.00197351234965, 0.00181229412556, 0.0014371938305, 0.00111075362656, 0.00065351097146, 0.000830652250443, 0.000839853310026, 0.00022026435181, 0.000392289861338, 0.000478399859276, 0.000285788089968, 0.000144444333273, 0.000163286429597, 4.02469886467e-05, 8.0082056229e-05, 9.78244061116e-05, 6.06789762969e-05, 3.50085647369e-05, 1.64807697729e-05, 2.985530773e-05, 3.77943724743e-05, 4.75652159366e-05, 3.15465549647e-05, 3.10467294184e-05]}, "barkbands_crest": {"dmean": 1.62369430065, "dvar2": 6.99780893326, "mean": 10.1398181915, "var": 16.0610618591, "dmean2": 2.43217039108, "dvar": 3.01852369308, "min": 3.19003033638, "median": 9.20139312744, "max": 26.0321025848}, "mfcc": {"icov": [[0.000136266389745, -6.23016894679e-05, 0.000149690778926, -0.000147085316712, 0.00014822371304, 0.000169045262737, -1.70836374309e-05, -3.82772668672e-05, -3.04056356981e-05, -0.000300994550344, -9.87872954283e-06, 8.91941090231e-05, -6.87621422912e-06], [-6.23016894679e-05, 0.00097633281257, -0.000201760791242, -0.000227174081374, -0.000223952054512, -0.000438828923507, -0.00049182807561, 9.21143946471e-05, 0.000444693287136, -6.56973425066e-05, -0.000152647902723, -3.42747516697e-05, -0.000253790902207], [0.000149690778926, -0.000201760791242, 0.00223979563452, -0.00110486743506, -5.60321022931e-05, -0.000538566033356, -0.000856123806443, -0.00023399105703, 0.00063566636527, 0.000104281716631, -2.8066791856e-05, -0.000503947550897, 0.000762370531447], [-0.000147085316712, -0.000227174081374, -0.00110486743506, 0.00296025630087, -0.00225327257067, 6.32631872577e-06, 0.000587672984693, -0.000736874295399, -0.000669419241603, 0.000408393214457, 0.000314361153869, -0.000167584497831, -0.000460502022179], [0.00014822371304, -0.000223952054512, -5.60321022931e-05, -0.00225327257067, 0.00592997297645, -0.000460370880319, -1.63272343343e-05, 0.000586874899454, -0.00176938576624, -0.000243266156758, 0.00117174175102, -0.000918424397241, 0.000108244355943], [0.000169045262737, -0.000438828923507, -0.000538566033356, 6.32631872577e-06, -0.000460370880319, 0.00485070096329, -0.000608103058767, 0.000302071624901, -0.00152191868983, 0.000481751951156, -0.00227246573195, 0.00157113955356, -0.00022414662817], [-1.70836374309e-05, -0.00049182807561, -0.000856123806443, 0.000587672984693, -1.63272343343e-05, -0.000608103058767, 0.0052223871462, -0.00155899801757, 0.00149684771895, -0.00263517606072, 0.00114876439329, 4.18569798057e-05, -0.000752602703869], [-3.82772668672e-05, 9.21143946471e-05, -0.00023399105703, -0.000736874295399, 0.000586874899454, 0.000302071624901, -0.00155899801757, 0.00852325279266, -0.00296059111133, 0.00138526689261, -0.00198727403767, -0.000211882885196, -0.000636966782622], [-3.04056356981e-05, 0.000444693287136, 0.00063566636527, -0.000669419241603, -0.00176938576624, -0.00152191868983, 0.00149684771895, -0.00296059111133, 0.00763356499374, -0.00174988678191, 0.000174235668965, 0.000586889334954, 0.000179343187483], [-0.000300994550344, -6.56973425066e-05, 0.000104281716631, 0.000408393214457, -0.000243266156758, 0.000481751951156, -0.00263517606072, 0.00138526689261, -0.00174988678191, 0.00697812158614, -0.00255555799231, 0.000746231409721, 0.0002187781065], [-9.87872954283e-06, -0.000152647902723, -2.8066791856e-05, 0.000314361153869, 0.00117174175102, -0.00227246573195, 0.00114876439329, -0.00198727403767, 0.000174235668965, -0.00255555799231, 0.00817116629332, -0.00191112956963, -0.000711553322617], [8.91941090231e-05, -3.42747516697e-05, -0.000503947550897, -0.000167584497831, -0.000918424397241, 0.00157113955356, 4.18569798057e-05, -0.000211882885196, 0.000586889334954, 0.000746231409721, -0.00191112956963, 0.00870210397989, -0.00198967731558], [-6.87621422912e-06, -0.000253790902207, 0.000762370531447, -0.000460502022179, 0.000108244355943, -0.00022414662817, -0.000752602703869, -0.000636966782622, 0.000179343187483, 0.0002187781065, -0.000711553322617, -0.00198967731558, 0.00905538909137]], "mean": [-679.231628418, 119.802680969, -13.4993085861, 7.35340070724, -11.6473369598, -18.5467433929, 5.03250646591, -5.54190969467, -12.3274021149, 8.20942592621, -2.81117963791, -4.76360034943, 2.19580745697], "cov": [[10762.6523438, 329.911315918, -911.849182129, -199.344818115, -383.395507813, -408.780670166, 192.840148926, 11.7964000702, 33.5403060913, 641.16986084, 109.294082642, -153.854675293, 53.9988708496], [329.911315918, 1613.38256836, 528.63671875, 487.630310059, 253.57131958, 263.741790771, 278.650421143, 76.3312606812, 7.44394016266, 96.5664520264, 77.3121261597, 47.2439498901, 71.7606964111], [-911.849182129, 528.63671875, 1008.05895996, 631.267211914, 323.888153076, 236.44229126, 160.891098022, 100.925354004, 50.8911972046, -41.3572654724, 13.7849912643, 78.784324646, 2.19489145279], [-199.344818115, 487.630310059, 631.267211914, 1106.06433105, 526.616638184, 202.118759155, 10.9021816254, 150.373474121, 212.669509888, -62.4702415466, -17.3847694397, 80.9817581177, 40.5331344604], [-383.395507813, 253.57131958, 323.888153076, 526.616638184, 450.065826416, 131.80581665, 1.29149055481, 67.5635299683, 147.878479004, -34.9805259705, -27.5967674255, 49.7345199585, 15.7462625504], [-408.780670166, 263.741790771, 236.44229126, 202.118759155, 131.80581665, 361.545379639, 65.1136322021, 61.3646621704, 97.6181869507, 18.7638645172, 87.1100616455, -12.7241153717, 16.2181930542], [192.840148926, 278.650421143, 160.891098022, 10.9021816254, 1.29149055481, 65.1136322021, 332.111358643, 36.6058769226, -39.1800308228, 120.666915894, 26.7671260834, 0.632808923721, 26.8414020538], [11.7964000702, 76.3312606812, 100.925354004, 150.373474121, 67.5635299683, 61.3646621704, 36.6058769226, 174.689865112, 86.8200531006, 4.30307531357, 46.5248260498, 18.3478412628, 23.2038478851], [33.5403060913, 7.44394016266, 50.8911972046, 212.669509888, 147.878479004, 97.6181869507, -39.1800308228, 86.8200531006, 245.901062012, 26.6502609253, 27.288476944, -4.51370620728, 5.90257453918], [641.16986084, 96.5664520264, -41.3572654724, -62.4702415466, -34.9805259705, 18.7638645172, 120.666915894, 4.30307531357, 26.6502609253, 254.103591919, 73.5019378662, -22.7740821838, 8.81701278687], [109.294082642, 77.3121261597, 13.7849912643, -17.3847694397, -27.5967674255, 87.1100616455, 26.7671260834, 46.5248260498, 27.288476944, 73.5019378662, 190.052536011, 21.4415206909, 25.5173625946], [-153.854675293, 47.2439498901, 78.784324646, 80.9817581177, 49.7345199585, -12.7241153717, 0.632808923721, 18.3478412628, -4.51370620728, -22.7740821838, 21.4415206909, 145.392044067, 33.3968238831], [53.9988708496, 71.7606964111, 2.19489145279, 40.5331344604, 15.7462625504, 16.2181930542, 26.8414020538, 23.2038478851, 5.90257453918, 8.81701278687, 25.5173625946, 33.3968238831, 127.449615479]]}, "spectral_decrease": {"dmean": 8.88337736704e-10, "dvar2": 3.30674093905e-18, "mean": -5.36321209665e-09, "var": 1.44150912465e-17, "dmean2": 1.22681287351e-09, "dvar": 1.7091996808e-18, "min": -2.2087215612e-08, "median": -4.8005253106e-09, "max": 2.8398983993e-18}, "zerocrossingrate": {"dmean": 0.00650405697525, "dvar2": 0.000150625390233, "mean": 0.0641636997461, "var": 0.00347088207491, "dmean2": 0.00748922396451, "dvar": 0.00012384224101, "min": 0.00439453125, "median": 0.05712890625, "max": 0.52685546875}, "spectral_contrast_coeffs": {"dmean": [0.0376128219068, 0.0335442237556, 0.0312782227993, 0.0296252183616, 0.0242389868945, 0.0150848207995], "dvar2": [0.0028872936964, 0.00228204089217, 0.00166779395659, 0.0014930437319, 0.000977489282377, 0.000375506118871], "mean": [-0.628183543682, -0.643853724003, -0.638104438782, -0.671611130238, -0.688988626003, -0.77783626318], "var": [0.0110888043419, 0.00835537910461, 0.0108371470124, 0.008100990206, 0.00632190285251, 0.00215603131801], "dmean2": [0.0612854547799, 0.0526980012655, 0.0463400110602, 0.0448846109211, 0.0352948233485, 0.0230615455657], "dvar": [0.00119305390399, 0.00100601080339, 0.000821239256766, 0.000675059040077, 0.00052154995501, 0.000174651155248], "min": [-0.963707864285, -0.966301202774, -0.984876811504, -0.961133301258, -0.963174819946, -0.962911367416], "median": [-0.632487356663, -0.643812894821, -0.638423383236, -0.666852831841, -0.6741720438, -0.779718399048], "max": [-0.254410088062, -0.348440647125, -0.317731171846, -0.4518904984, -0.461488306522, -0.548376262188]}, "spectral_skewness": {"dmean": 0.196877390146, "dvar2": 0.0868548005819, "mean": 1.79058265686, "var": 0.226737290621, "dmean2": 0.321889281273, "dvar": 0.0359112098813, "min": -0.0536305308342, "median": 1.74910497665, "max": 6.81999254227}, "spectral_energyband_middle_high": {"dmean": 0.00143335072789, "dvar2": 8.96724577615e-06, "mean": 0.00818013213575, "var": 8.79217404872e-05, "dmean2": 0.0019380308222, "dvar": 4.8248020903e-06, "min": 1.54857944582e-21, "median": 0.00458412151784, "max": 0.0562777668238}, "gfcc": {"icov": [[0.000163113101735, -0.000358316319762, 0.000507025397383, -0.000482893228764, 0.000490735867061, -0.000429887411883, 0.000314732635161, -0.000559937150683, 0.000437214039266, -0.000515785824973, 0.000531455560122, -0.000240930981818, 0.000317110709148], [-0.000358316319762, 0.00169349322096, -0.00135399692226, 0.000871875032317, -0.00148872763384, 0.00144310505129, -0.00119862856809, 0.00186517857946, -0.00120580045041, 0.0015815627994, -0.00196759938262, 0.00141650915612, -0.000658654840663], [0.000507025397383, -0.00135399692226, 0.00303606712259, -0.00253001297824, 0.00117633596528, -0.00181077327579, 0.00092864834005, -0.00135021982715, 0.00177598616574, -0.00121724000201, 0.0016120072687, -0.00136412528809, 0.00178267853335], [-0.000482893228764, 0.000871875032317, -0.00253001297824, 0.00444195792079, -0.00278546242043, 0.00208246475086, -0.000546832627151, 0.000390736269765, -0.00173571030609, 0.00196286058053, -0.00123377179261, 0.00118399248458, -0.00120895938016], [0.000490735867061, -0.00148872763384, 0.00117633596528, -0.00278546242043, 0.00588327972218, -0.00198140181601, -0.000133991168696, -0.00144102424383, 0.00062904850347, -0.00271194963716, 0.00344064249657, -0.00196729204617, 0.000242148991674], [-0.000429887411883, 0.00144310505129, -0.00181077327579, 0.00208246475086, -0.00198140181601, 0.00814864225686, -0.00419838540256, 0.00225851172581, -0.00168110325467, 0.000216445609112, -0.00208966317587, 0.00252086203545, -0.00175616203342], [0.000314732635161, -0.00119862856809, 0.00092864834005, -0.000546832627151, -0.000133991168696, -0.00419838540256, 0.00715176481754, -0.00293207913637, 0.00082505348837, -0.00098642136436, -3.93478912883e-05, -0.000452943699202, 0.00217453949153], [-0.000559937150683, 0.00186517857946, -0.00135021982715, 0.000390736269765, -0.00144102424383, 0.00225851172581, -0.00293207913637, 0.00888541154563, -0.00340858567506, 0.00232564983889, -0.00248759821989, 0.00196958146989, -0.00164819823112], [0.000437214039266, -0.00120580045041, 0.00177598616574, -0.00173571030609, 0.00062904850347, -0.00168110325467, 0.00082505348837, -0.00340858567506, 0.00855383090675, -0.00466701528057, 0.00313749630004, -0.00229768990539, 0.00108953157905], [-0.000515785824973, 0.0015815627994, -0.00121724000201, 0.00196286058053, -0.00271194963716, 0.000216445609112, -0.00098642136436, 0.00232564983889, -0.00466701528057, 0.0122293243185, -0.00403605634347, 0.00100061111152, 0.000203419316676], [0.000531455560122, -0.00196759938262, 0.0016120072687, -0.00123377179261, 0.00344064249657, -0.00208966317587, -3.93478912883e-05, -0.00248759821989, 0.00313749630004, -0.00403605634347, 0.0100921839476, -0.00152044545393, 0.000135590264108], [-0.000240930981818, 0.00141650915612, -0.00136412528809, 0.00118399248458, -0.00196729204617, 0.00252086203545, -0.000452943699202, 0.00196958146989, -0.00229768990539, 0.00100061111152, -0.00152044545393, 0.00739220995456, -0.00230555678718], [0.000317110709148, -0.000658654840663, 0.00178267853335, -0.00120895938016, 0.000242148991674, -0.00175616203342, 0.00217453949153, -0.00164819823112, 0.00108953157905, 0.000203419316676, 0.000135590264108, -0.00230555678718, 0.00991537235677]], "mean": [-47.7755203247, 88.8912582397, -140.098831177, 12.6246099472, -73.7878036499, 1.66644191742, -37.6597518921, 13.2806777954, -29.9582233429, 3.20522880554, -3.19786548615, -8.37137699127, -6.93560791016], "cov": [[22053.6269531, 1267.48474121, -2317.83227539, 142.939331055, -902.666870117, -10.4471101761, -206.099899292, 520.512817383, -151.208496094, 163.935791016, -52.0594558716, -484.284118652, -133.693618774], [1267.48474121, 2007.29931641, 811.785095215, 513.186767578, 356.767456055, 34.9631919861, 227.121658325, -60.5343475342, -8.59767055511, -59.6697998047, 83.9113693237, -168.406738281, -91.1046447754], [-2317.83227539, 811.785095215, 1575.4017334, 777.888549805, 487.175231934, 36.8459777832, 135.950454712, -12.9246263504, 28.5772380829, -61.9075546265, -63.7175254822, 40.1810340881, -89.3320541382], [142.939331055, 513.186767578, 777.888549805, 889.045043945, 430.130279541, -46.0393600464, 55.5901908875, 91.1012115479, 98.7193984985, -38.9123535156, -98.5843429565, 26.1293354034, -20.2707061768], [-902.666870117, 356.767456055, 487.175231934, 430.130279541, 546.300292969, 53.6559333801, 121.346481323, 37.7180404663, 123.147987366, 30.2881164551, -90.3216247559, 61.6322288513, -5.34420824051], [-10.4471101761, 34.9631919861, 36.8459777832, -46.0393600464, 53.6559333801, 255.157073975, 159.61529541, 12.5454912186, 25.1646900177, 51.094329834, 38.6069068909, -55.2459793091, -15.8067016602], [-206.099899292, 227.121658325, 135.950454712, 55.5901908875, 121.346481323, 159.61529541, 304.553955078, 56.9140434265, 38.3626365662, 38.2780570984, 43.3862495422, -51.2246055603, -45.5150642395], [520.512817383, -60.5343475342, -12.9246263504, 91.1012115479, 37.7180404663, 12.5454912186, 56.9140434265, 197.278457642, 63.255657196, 12.9403991699, -3.9806034565, -13.3554258347, 4.10817146301], [-151.208496094, -8.59767055511, 28.5772380829, 98.7193984985, 123.147987366, 25.1646900177, 38.3626365662, 63.255657196, 218.351989746, 65.3092651367, -42.0105133057, 46.4975357056, 0.767789304256], [163.935791016, -59.6697998047, -61.9075546265, -38.9123535156, 30.2881164551, 51.094329834, 38.2780570984, 12.9403991699, 65.3092651367, 135.243667603, 23.0924510956, 4.77108955383, -9.91205120087], [-52.0594558716, 83.9113693237, -63.7175254822, -98.5843429565, -90.3216247559, 38.6069068909, 43.3862495422, -3.9806034565, -42.0105133057, 23.0924510956, 172.401901245, -27.6737041473, 0.891644716263], [-484.284118652, -168.406738281, 40.1810340881, 26.1293354034, 61.6322288513, -55.2459793091, -51.2246055603, -13.3554258347, 46.4975357056, 4.77108955383, -27.6737041473, 212.01184082, 42.4561195374], [-133.693618774, -91.1046447754, -89.3320541382, -20.2707061768, -5.34420824051, -15.8067016602, -45.5150642395, 4.10817146301, 0.767789304256, -9.91205120087, 0.891644716263, 42.4561195374, 130.641311646]]}, "erbbands_spread": {"dmean": 4.07843494415, "dvar2": 90.3753967285, "mean": 28.064874649, "var": 183.892623901, "dmean2": 6.01978254318, "dvar": 38.4263763428, "min": 3.10061454773, "median": 25.9283447266, "max": 142.481216431}, "erbbands_kurtosis": {"dmean": 0.731121599674, "dvar2": 2.93518137932, "mean": 1.05188763142, "var": 7.23130607605, "dmean2": 1.06530153751, "dvar": 1.46246707439, "min": -1.79427993298, "median": 0.36750176549, "max": 37.831325531}, "dynamic_complexity": 4.10775327682, "erbbands_crest": {"dmean": 1.96886003017, "dvar2": 9.7728509903, "mean": 11.2572107315, "var": 20.5610389709, "dmean2": 2.9199860096, "dvar": 4.40684700012, "min": 2.60630989075, "median": 10.3115119934, "max": 29.486328125}, "erbbands": {"dmean": [0.0140795763582, 0.178043201566, 0.430314749479, 0.767361044884, 2.05274224281, 2.00553250313, 2.83705925941, 5.99621772766, 8.64416408539, 12.9262332916, 9.8928604126, 16.2423686981, 17.9323406219, 11.8508291245, 18.4985961914, 12.5923452377, 18.133972168, 10.0424375534, 19.3092632294, 9.67838096619, 5.15251302719, 4.087038517, 5.27136421204, 9.91270542145, 6.50717830658, 6.35277986526, 2.38504648209, 0.713093996048, 0.74836987257, 0.484745293856, 0.396472066641, 0.354095548391, 0.317132353783, 0.192806497216, 0.063863761723, 0.0139746582136, 0.00358212948777, 0.000837209925521, 4.19931711804e-05, 4.88780369778e-06], "dvar2": [0.00360038038343, 0.615922629833, 3.79020190239, 19.9228916168, 67.6439056396, 38.962272644, 97.4011001587, 399.149963379, 1413.73120117, 2397.85522461, 1026.01550293, 2204.92553711, 4360.11572266, 1681.62097168, 4935.17089844, 2907.49926758, 4335.46777344, 1359.65356445, 5578.60839844, 1516.35205078, 419.07901001, 274.664581299, 329.362945557, 791.624938965, 384.179748535, 290.95916748, 59.6083641052, 8.15790367126, 14.430352211, 7.56595277786, 1.75768661499, 3.35602068901, 2.80885028839, 0.792888998985, 0.0938270613551, 0.00441880431026, 0.000224985124078, 9.37021195568e-06, 8.12419358454e-08, 1.23241139516e-10], "mean": [0.0406314358115, 0.427494198084, 0.730502188206, 1.12290751934, 3.44634890556, 6.34118318558, 8.26291179657, 15.5440320969, 14.9540710449, 47.4749107361, 43.8772735596, 80.9133605957, 66.5674057007, 51.7820358276, 67.6521224976, 41.6635971069, 58.9016036987, 36.3479347229, 49.5468902588, 25.8509902954, 14.537779808, 11.0987243652, 15.7963209152, 29.8759918213, 21.7208614349, 21.1770076752, 7.90887498856, 2.1978597641, 2.10393428802, 1.31198561192, 1.16541063786, 1.03379976749, 0.879627943039, 0.517551183701, 0.153667032719, 0.0335965715349, 0.00809956341982, 0.00177376694046, 8.09129705885e-05, 2.91353535431e-05], "var": [0.00903067179024, 0.718118488789, 2.94984960556, 7.53949928284, 36.938293457, 67.701789856, 200.319992065, 587.459289551, 603.687805176, 9607.77832031, 4154.50146484, 17086.8828125, 18522.5683594, 12628.7246094, 33498.296875, 12634.0185547, 16338.8984375, 5404.33105469, 10408.9697266, 2662.78662109, 1101.78320313, 795.575195313, 849.665161133, 1785.75292969, 910.544128418, 755.338134766, 182.695968628, 22.3715801239, 30.3824329376, 12.3790435791, 3.03746819496, 3.93683242798, 3.47295451164, 1.26349651814, 0.120266638696, 0.00576288113371, 0.000328147958498, 1.61220395967e-05, 8.57822328726e-08, 4.3506598324e-10], "dmean2": [0.0180622320622, 0.261459589005, 0.677330493927, 1.26203858852, 3.37691521645, 3.1300508976, 4.39350700378, 9.14448165894, 13.6495313644, 17.2826881409, 13.1146812439, 20.7940292358, 22.4425125122, 15.535943985, 24.9158992767, 16.4476776123, 26.091468811, 13.9440155029, 27.6294403076, 13.9826145172, 7.28784370422, 5.75897979736, 7.64229345322, 14.8798236847, 9.59285926819, 9.42510986328, 3.38213443756, 1.03245866299, 1.08149313927, 0.707425713539, 0.586277484894, 0.516342282295, 0.470072001219, 0.285144090652, 0.0941612124443, 0.0208450742066, 0.00538818957284, 0.00130082527176, 6.82174868416e-05, 6.78117976349e-06], "dvar": [0.00204137316905, 0.258857369423, 1.66584515572, 7.44751787186, 26.4037590027, 15.6466665268, 44.9129142761, 163.654968262, 538.72076416, 1407.64013672, 568.223083496, 1257.13244629, 2852.08374023, 1069.67602539, 2477.63598633, 1729.93151855, 2071.57104492, 688.457092285, 2680.46484375, 728.441162109, 222.427597046, 162.384765625, 181.270004272, 354.739654541, 179.940032959, 125.075897217, 31.6414299011, 4.3