{"tonal": {"hpcp": {"dvar": [0.0377581343055, 0.031168891117, 0.0303875058889, 0.0395513549447, 0.0423111654818, 0.0405905209482, 0.055417984724, 0.0554288774729, 0.0545718334615, 0.0517547540367, 0.0426624678075, 0.0471413359046, 0.0480874963105, 0.0364389009774, 0.0280110426247, 0.0247576963156, 0.0286158658564, 0.0288352072239, 0.0354494974017, 0.0433827266097, 0.0321450978518, 0.0193915292621, 0.0201280582696, 0.0369394123554, 0.0377569273114, 0.0376069433987, 0.0445527844131, 0.0455975495279, 0.0459147691727, 0.0407270528376, 0.0435724668205, 0.0466669648886, 0.0639533549547, 0.0629542693496, 0.0569581650198, 0.0470500811934], "var": [0.0328425988555, 0.0271497480571, 0.0351363345981, 0.0701149553061, 0.0683835446835, 0.0507398173213, 0.0504754818976, 0.0423842519522, 0.0485441274941, 0.0552735216916, 0.042875494808, 0.0628041550517, 0.102606706321, 0.0686018764973, 0.0258587952703, 0.0215529296547, 0.025575844571, 0.0283501520753, 0.0400515384972, 0.0473315939307, 0.0343697331846, 0.0173208266497, 0.0212430115789, 0.0491411723197, 0.0708692893386, 0.0526990033686, 0.0502394922078, 0.0739934593439, 0.0626845806837, 0.0388657003641, 0.0401797220111, 0.0529156029224, 0.085544615984, 0.120746724308, 0.106203265488, 0.0533763356507], "median": [0.0328961312771, 0.0247276127338, 0.0348738431931, 0.0574378371239, 0.0598896704614, 0.0378815829754, 0.0232508443296, 0.0216693282127, 0.040999840945, 0.0622875019908, 0.0679331496358, 0.0847086310387, 0.122175142169, 0.0945237278938, 0.0356146022677, 0.0211033374071, 0.0177296213806, 0.0249582268298, 0.0357707589865, 0.0331154689193, 0.0187234450132, 0.0166740007699, 0.0295849181712, 0.0875841453671, 0.130064114928, 0.0882185101509, 0.0526882559061, 0.0432906337082, 0.0411346666515, 0.0326197221875, 0.0287717431784, 0.0521689578891, 0.140164017677, 0.212236076593, 0.144696086645, 0.0708512961864], "max": [1, 1, 1, 1, 1, 1, 1, 1, 1, 1, 1, 1, 1, 1, 1, 1, 1, 1, 1, 1, 1, 1, 1, 1, 1, 1, 1, 1, 1, 1, 1, 1, 1, 1, 1, 1], "dmean": [0.119522571564, 0.0999508798122, 0.109396629035, 0.138734564185, 0.146028012037, 0.129746630788, 0.134634435177, 0.134997665882, 0.150276005268, 0.164941757917, 0.153728112578, 0.165208607912, 0.169674471021, 0.146872699261, 0.0996974781156, 0.0844339802861, 0.0870745554566, 0.0941327884793, 0.113063536584, 0.122231267393, 0.0988923162222, 0.0707941651344, 0.084998510778, 0.142909213901, 0.161630824208, 0.14806894958, 0.149788737297, 0.143878832459, 0.139711335301, 0.129598274827, 0.130699887872, 0.161986023188, 0.226034268737, 0.222483888268, 0.201449215412, 0.162116199732], "dmean2": [0.212853312492, 0.178455963731, 0.189858973026, 0.232616975904, 0.243146687746, 0.2242179811, 0.24114485085, 0.246170669794, 0.268416821957, 0.288718432188, 0.272615581751, 0.286232858896, 0.28493732214, 0.239583209157, 0.172705993056, 0.149851590395, 0.154469564557, 0.162824779749, 0.194155424833, 0.210150212049, 0.171689271927, 0.124247983098, 0.147248849273, 0.243546381593, 0.270517200232, 0.256168365479, 0.265440911055, 0.250213444233, 0.244116485119, 0.229754909873, 0.232253476977, 0.281440526247, 0.389216989279, 0.378112643957, 0.342922449112, 0.285658538342], "mean": [0.104237914085, 0.0866769403219, 0.111219868064, 0.179939806461, 0.186066299677, 0.136411756277, 0.113136216998, 0.102882988751, 0.132459685206, 0.16125741601, 0.152685955167, 0.193696752191, 0.270086288452, 0.210162118077, 0.09657356143, 0.0728203132749, 0.0743163824081, 0.088970400393, 0.117789119482, 0.123742826283, 0.092730872333, 0.0626626014709, 0.0829070433974, 0.172579616308, 0.228090763092, 0.180732935667, 0.152811124921, 0.174454703927, 0.157400801778, 0.118428304791, 0.112683683634, 0.156889244914, 0.25691780448, 0.341897040606, 0.288852661848, 0.166759371758], "dvar2": [0.10320340097, 0.0844698026776, 0.0802992582321, 0.0925833880901, 0.105069749057, 0.104487091303, 0.144616171718, 0.149108469486, 0.149945452809, 0.136993184686, 0.118046954274, 0.124375514686, 0.112407259643, 0.0889599993825, 0.0756517201662, 0.0661762058735, 0.0753901824355, 0.0747462138534, 0.0893994495273, 0.109404012561, 0.0787120684981, 0.0504679232836, 0.0511496812105, 0.093563593924, 0.093173339963, 0.0995756387711, 0.120825193822, 0.116277337074, 0.121113397181, 0.105754159391, 0.111545048654, 0.116775847971, 0.1638700068, 0.150830551982, 0.138832658529, 0.12530747056], "min": [0, 0, 0, 0, 0, 0, 0, 0, 0, 0, 0, 0, 0, 0, 0, 0, 0, 0, 0, 0, 0, 0, 0, 0, 0, 0, 0, 0, 0, 0, 0, 0, 0, 0, 0, 0]}, "key_key": "C#", "thpcp": [1, 0.844852745533, 0.487747341394, 0.304881006479, 0.253517657518, 0.32530221343, 0.526298224926, 0.544217348099, 0.398984909058, 0.330907285213, 0.30091804266, 0.387425661087, 0.471654891968, 0.446584612131, 0.566535353661, 0.789963781834, 0.614694178104, 0.282463878393, 0.212989017367, 0.217364802957, 0.260225713253, 0.344516336918, 0.36193010211, 0.271224558353, 0.183279156685, 0.242491260171, 0.504770696163, 0.667132914066, 0.528618037701, 0.446950703859, 0.510255098343, 0.460374861956, 0.346385866404, 0.329583674669, 0.45887863636, 0.751447856426], "chords_key": "C#", "tuning_equal_tempered_deviation": 0.0801037102938, "tuning_frequency": 438.984558105, "tuning_diatonic_strength": 0.816425383091, "chords_histogram": [47.7886962891, 10.3194103241, 10.6265354156, 0, 0.0614250600338, 0.122850120068, 1.71990168095, 0, 0.982800960541, 0.184275180101, 1.28992629051, 0, 0, 0, 0, 3.19410324097, 1.53562653065, 1.41277647018, 0.0614250600338, 0.307125300169, 0, 0.184275180101, 11.0565109253, 9.15233421326], "key_strength": 0.846105098724, "key_scale": "major", "chords_strength": {"dvar": 0.00133699271828, "var": 0.0477155968547, "median": 0.580268442631, "max": 0.786304116249, "dmean": 0.0142969042063, "dmean2": 0.0162205565721, "mean": 0.556490242481, "dvar2": 0.00296643632464, "min": -1}, "chords_number_rate": 0.00614250591025, "tuning_nontempered_energy_ratio": 0.823319613934, "hpcp_entropy": {"dvar": 0.301977992058, "var": 0.626903951168, "median": 2.25282502174, "max": 4.41885471344, "dmean": 0.664935171604, "dmean2": 1.11453902721, "mean": 2.1864066124, "dvar2": 0.84688359499, "min": 0}, "chords_changes_rate": 0.0718673244119, "chords_scale": "major"}, "rhythm": {"bpm_histogram_first_peak_spread": {"dvar": 0, "var": 0, "median": 0.265822768211, "max": 0.265822768211, "dmean": 0, "dmean2": 0, "mean": 0.265822768211, "dvar2": 0, "min": 0.265822768211}, "bpm_histogram_first_peak_weight": {"dvar": 0, "var": 0, "median": 0.690476179123, "max": 0.690476179123, "dmean": 0, "dmean2": 0, "mean": 0.690476179123, "dvar2": 0, "min": 0.690476179123}, "bpm_histogram_first_peak_bpm": {"dvar": 0, "var": 0, "median": 136, "max": 136, "dmean": 0, "dmean2": 0, "mean": 136, "dvar2": 0, "min": 136}, "bpm": 135.888259888, "bpm_histogram_second_peak_weight": {"dvar": 0, "var": 0, "median": 0.0178571436554, "max": 0.0178571436554, "dmean": 0, "dmean2": 0, "mean": 0.0178571436554, "dvar2": 0, "min": 0.0178571436554}, "beats_loudness": {"dvar": 0.000131191831315, "var": 0.000238989319769, "median": 0.0422943904996, "max": 0.0773628875613, "dmean": 0.0155153591186, "dmean2": 0.0269465111196, "mean": 0.0415582023561, "dvar2": 0.000357373966835, "min": 0}, "beats_loudness_band_ratio": {"dvar": [0.031324673444, 0.0158499386162, 0.0200981106609, 0.0197449065745, 0.00528577947989, 0.000985126127489], "var": [0.0488050207496, 0.0193798039109, 0.022853365168, 0.0171168874949, 0.00604257499799, 0.000981146818958], "median": [0.430455833673, 0.193300023675, 0.159475341439, 0.0430835112929, 0.0548685900867, 0.0315077528358], "max": [0.939831972122, 0.649373233318, 0.760317921638, 0.614457726479, 0.375542134047, 0.210003942251], "dmean": [0.24725535512, 0.163457199931, 0.159876346588, 0.121452465653, 0.0784245505929, 0.0384954549372], "dmean2": [0.427197575569, 0.292512267828, 0.283773452044, 0.218588188291, 0.142077594995, 0.0728803426027], "mean": [0.440799921751, 0.216194018722, 0.187240377069, 0.104602925479, 0.0839325636625, 0.0373816676438], "dvar2": [0.0962951034307, 0.0498549193144, 0.063101388514, 0.0517590679228, 0.0136868814006, 0.00318396138027], "min": [0, 0, 0, 0, 0, 0]}, "bpm_histogram_second_peak_bpm": {"dvar": 0, "var": 0, "median": 126, "max": 126, "dmean": 0, "dmean2": 0, "mean": 126, "dvar2": 0, "min": 126}, "onset_rate": 4.80574989319, "beats_count": 169, "beats_position": [0.46439909935, 0.940408170223, 1.39319729805, 1.83437633514, 2.27555561066, 2.71673464775, 3.16952371597, 3.61070299149, 4.04027223587, 4.48145103455, 4.92263031006, 5.36380958557, 5.80498838425, 6.24616765976, 6.6989569664, 7.1517457962, 7.58131504059, 8.01088428497, 8.45206356049, 8.893242836, 9.33442115784, 9.77560043335, 10.2167797089, 10.6579589844, 11.0991382599, 11.5403175354, 11.9814968109, 12.4226751328, 12.8638544083, 13.3050336838, 13.7462129593, 14.1990022659, 14.6401815414, 15.0813598633, 15.5225391388, 15.9753284454, 16.4165077209, 16.8576869965, 17.298866272, 17.7400455475, 18.181224823, 18.6224040985, 19.0635814667, 19.5047607422, 19.9227199554, 20.363899231, 20.8050785065, 21.246257782, 21.6874370575, 22.128616333, 22.5814056396, 23.0341949463, 23.4753742218, 23.9049434662, 24.3345127106, 24.7873020172, 25.2400894165, 25.681268692, 26.1108379364, 26.5404071808, 26.9815864563, 27.4227657318, 27.8639450073, 28.3051242828, 28.7463035583, 29.1874828339, 29.6286621094, 30.0698413849, 30.5110206604, 30.9521980286, 31.3933773041, 31.8345565796, 32.2873458862, 32.7169151306, 33.1580963135, 33.5992736816, 34.0520629883, 34.4932403564, 34.9344215393, 35.3755989075, 35.8051681519, 36.2463493347, 36.6875267029, 37.1287078857, 37.5698852539, 38.0110664368, 38.4522438049, 38.8934249878, 39.334602356, 39.7757797241, 40.216960907, 40.6581382751, 41.099319458, 41.5404968262, 41.981678009, 42.4228553772, 42.8640365601, 43.3052139282, 43.7463951111, 44.1875724792, 44.6287536621, 45.0583229065, 45.5111083984, 45.9522895813, 46.3818588257, 46.8114280701, 47.2526054382, 47.7053947449, 48.1581840515, 48.5993652344, 49.0173225403, 49.4585037231, 49.8996810913, 50.3408622742, 50.7936515808, 51.2464370728, 51.6992263794, 52.1287956238, 52.5699768066, 53.0227661133, 53.4523353577, 53.8935127258, 54.3346939087, 54.7758712769, 55.2170524597, 55.6582298279, 56.0994110107, 56.5522003174, 56.9933776855, 57.4229469299, 57.8641242981, 58.305305481, 58.7464828491, 59.187664032, 59.6288414001, 60.070022583, 60.5111999512, 60.9407691956, 61.3935585022, 61.8347396851, 62.2759170532, 62.7170982361, 63.1582756042, 63.5994529724, 64.0406341553, 64.4818115234, 64.9229888916, 65.3641738892, 65.8053512573, 66.2465286255, 66.6877059937, 67.1288909912, 67.5584564209, 67.98802948, 68.4292068481, 68.8819961548, 69.3347854614, 69.7759628296, 70.2171401978, 70.6583175659, 71.0995025635, 71.5522918701, 72.0166854858, 72.4926986694, 72.9570999146, 73.4331054688, 73.9439468384, 74.4547805786, 74.9772338867], "danceability": 1.38081085682, "bpm_histogram_second_peak_spread": {"dvar": 0, "var": 0, "median": 0.400000035763, "max": 0.400000035763, "dmean": 0, "dmean2": 0, "mean": 0.400000035763, "dvar2": 0, "min": 0.400000035763}}, "lowlevel": {"spectral_flux": {"dvar": 0.000653505790979, "var": 0.00202148105018, "median": 0.0880199223757, "max": 0.229031220078, "dmean": 0.0263232327998, "dmean2": 0.0406963117421, "mean": 0.0915498360991, "dvar2": 0.00139284075703, "min": 6.37911182211e-11}, "spectral_rolloff": {"dvar": 1457713, "var": 10458981, "median": 1162.79296875, "max": 19595.2148438, "dmean": 555.661254883, "dmean2": 939.542602539, "mean": 1942.98291016, "dvar2": 3145128.75, "min": 86.1328125}, "barkbands_flatness_db": {"dvar": 0.000495275075082, "var": 0.0017548300093, "median": 0.126174688339, "max": 0.308787852526, "dmean": 0.0240264926106, "dmean2": 0.0351034998894, "mean": 0.128451794386, "dvar2": 0.0010386047652, "min": 0.0230848621577}, "spectral_centroid": {"dvar": 92950.078125, "var": 2816073.25, "median": 1191.42431641, "max": 11532.9492188, "dmean": 235.934066772, "dmean2": 348.675201416, "mean": 1456.88903809, "dvar2": 177966.84375, "min": 226.70300293}, "melbands_skewness": {"dvar": 0.652065396309, "var": 3.21207737923, "median": 2.26871180534, "max": 12.1032676697, "dmean": 0.757212400436, "dmean2": 1.08402347565, "mean": 2.4395339489, "dvar2": 1.4311580658, "min": -0.953540325165}, "melbands": {"dvar": [2.92559593618e-06, 3.05587150251e-06, 6.61539047542e-07, 9.28063002448e-07, 1.31333621312e-07, 1.10017921884e-07, 3.06021860297e-07, 4.22739759642e-07, 2.05369417472e-07, 2.57183728536e-07, 1.08254539555e-07, 5.5711719682e-08, 6.22620177637e-08, 3.23844098205e-08, 3.16740731421e-08, 2.18517453021e-08, 1.8137438218e-08, 7.46894190939e-09, 4.91482454734e-09, 2.88911272683e-09, 3.1028830616e-09, 1.02630948184e-09, 1.2131924354e-09, 1.89203430701e-09, 1.15777269716e-10, 2.78092080613e-11, 9.17848991255e-11, 8.12916192694e-11, 1.40535829501e-11, 5.80253249963e-12, 4.75373386488e-12, 6.97645283557e-12, 1.33176880981e-11, 9.38025612046e-12, 1.05032415057e-11, 8.51360301701e-12, 6.16244468649e-12, 7.600935506e-12, 3.44792944196e-12, 1.44010216079e-12], "var": [3.05446474158e-06, 3.02267676489e-06, 1.00813861081e-06, 1.52387531216e-06, 2.12926792642e-07, 1.67752460811e-07, 5.56033626253e-07, 7.2813946872e-07, 3.857333013e-07, 4.99508473695e-07, 2.55563861629e-07, 2.04221350941e-07, 1.74565244038e-07, 8.40343474806e-08, 5.85176174184e-08, 4.82486335329e-08, 4.09204012897e-08, 2.04322123665e-08, 9.64256052782e-09, 5.86869353114e-09, 5.34379518413e-09, 2.39150943493e-09, 3.42743322612e-09, 4.84892082042e-09, 3.51318640845e-10, 7.24125343021e-11, 2.71718342271e-10, 1.87604640156e-10, 1.77579131955e-11, 8.38953212456e-12, 8.66158100105e-12, 1.10087104363e-11, 1.78419241187e-11, 1.39957160444e-11, 1.45063292975e-11, 1.23032504323e-11, 9.32379000396e-12, 9.00018948258e-12, 3.71639481342e-12, 1.98107892938e-12], "median": [0.000383144564694, 0.000825669209007, 0.000840153137688, 0.000712317530997, 0.000241545581957, 0.000161058618687, 0.000143203855259, 9.64309874689e-05, 6.79593940731e-05, 5.51820339751e-05, 4.28357816418e-05, 2.97747519653e-05, 3.51408889401e-05, 3.85101157008e-05, 1.56307160069e-05, 1.07404612208e-05, 1.0059719898e-05, 1.10060791485e-05, 1.04718064904e-05, 9.39997153182e-06, 7.79119545768e-06, 6.47552224109e-06, 1.19457108667e-05, 1.65183137142e-05, 7.26020880393e-06, 4.09222138842e-06, 4.5464885261e-06, 3.14563794745e-06, 1.07236814983e-06, 7.08618188128e-07, 6.5410949901e-07, 8.63689592734e-07, 9.71947201833e-07, 6.9861062002e-07, 3.68392136352e-07, 3.63305844076e-07, 3.25932489886e-07, 2.34746579508e-07, 2.4483534844e-07, 1.46465396256e-07], "max": [0.0117261055857, 0.0164920017123, 0.00994032435119, 0.0161615982652, 0.00499030621722, 0.00694672763348, 0.00949432700872, 0.011624452658, 0.0066855433397, 0.00781268812716, 0.00709421886131, 0.00583044439554, 0.00501359440386, 0.00401095859706, 0.00375294173136, 0.00399822276086, 0.00419276440516, 0.00131513527595, 0.00119383377023, 0.0010688212933, 0.0014758775942, 0.000763624790125, 0.000662654929329, 0.00103200029116, 0.000311508600134, 0.000114105685498, 0.000390015367884, 0.000329102680553, 4.31312873843e-05, 3.89746091969e-05, 3.25826913468e-05, 3.59775949619e-05, 6.40452708467e-05, 6.14459640929e-05, 3.8581834815e-05, 3.83805199817e-05, 3.89195411117e-05, 9.16269782465e-05, 1.7931113689e-05, 3.3329029975e-05], "dmean": [0.000764339929447, 0.000913456722628, 0.000638023484498, 0.000689555658028, 0.000237020329223, 0.000176903413376, 0.00026318669552, 0.000241891553742, 0.000190306585864, 0.00021489377832, 0.00013382875477, 9.63207203313e-05, 9.44030107348e-05, 7.11978937034e-05, 5.49100295757e-05, 4.48828577646e-05, 4.6755951189e-05, 3.80141318601e-05, 2.90190109808e-05, 2.04445841518e-05, 1.86178986041e-05, 1.19933711176e-05, 1.73238749994e-05, 2.00443409994e-05, 6.05747482041e-06, 3.42114958585e-06, 4.75113074572e-06, 3.82529424314e-06, 1.67732468981e-06, 1.25307360577e-06, 1.14028421194e-06, 1.46117065469e-06, 1.90032949376e-06, 1.72769023266e-06, 1.48340518535e-06, 1.45659498685e-06, 1.32592117552e-06, 1.04334492335e-06, 1.05250160232e-06, 5.31381544988e-07], "dmean2": [0.00121818901971, 0.00151060021017, 0.00105179159436, 0.0011028801091, 0.000383746868465, 0.000286832917482, 0.000403966783779, 0.000367444445146, 0.000278863270069, 0.000307435460854, 0.000199431349756, 0.000141651325976, 0.000138949442771, 0.000108254469524, 8.24568705866e-05, 6.5801817982e-05, 7.04056583345e-05, 5.81320928177e-05, 4.33189270552e-05, 3.01370218949e-05, 2.78427032754e-05, 1.83517404366e-05, 2.53019661614e-05, 2.9152533898e-05, 8.95077755558e-06, 5.1439951676e-06, 6.93185074851e-06, 5.57698922421e-06, 2.62947196461e-06, 1.96897008209e-06, 1.76771095539e-06, 2.19979597205e-06, 3.03866818285e-06, 2.75935735772e-06, 2.31199760492e-06, 2.23358483709e-06, 2.05339733839e-06, 1.58030161401e-06, 1.6882121372e-06, 7.92469336375e-07], "mean": [0.000903459789697, 0.00134839687962, 0.00111179263331, 0.00111398834269, 0.000386851228541, 0.000286370224785, 0.000405375671107, 0.00034116875031, 0.000269239506451, 0.00031496110023, 0.00022462279594, 0.000195796252228, 0.000183411961189, 0.000133370820549, 8.39196582092e-05, 7.10874955985e-05, 7.87498429418e-05, 7.11415559635e-05, 4.66308520117e-05, 3.35208205797e-05, 2.95412410196e-05, 2.15694763028e-05, 3.33176139975e-05, 4.01539364248e-05, 1.25266014948e-05, 6.74405100654e-06, 9.15900091059e-06, 6.69859673508e-06, 2.53673033512e-06, 1.84907173661e-06, 1.98376551452e-06, 2.19418029701e-06, 2.61829131887e-06, 2.16071157411e-06, 1.83469830972e-06, 1.72584077518e-06, 1.557386895e-06, 1.20907770906e-06, 1.06625873286e-06, 6.4367077357e-07], "dvar2": [6.26123301117e-06, 8.2029018813e-06, 1.7650073687e-06, 2.27012128562e-06, 3.27535360611e-07, 2.66920551439e-07, 6.87939461841e-07, 9.13394444524e-07, 4.24221838102e-07, 5.16674560913e-07, 2.38597976931e-07, 1.12512097417e-07, 1.48884211626e-07, 7.68492185443e-08, 7.22138295828e-08, 4.74410519757e-08, 4.47126566883e-08, 1.81195609628e-08, 1.09438715867e-08, 6.0605973573e-09, 6.45548370315e-09, 2.30307128923e-09, 2.6218760496e-09, 3.93476762284e-09, 2.27128871266e-10, 6.17642395562e-11, 1.73685552052e-10, 1.46766945819e-10, 3.4817593253e-11, 1.33290279855e-11, 1.09097704828e-11, 1.51259768599e-11, 3.04606756485e-11, 2.16289729182e-11, 2.51393541401e-11, 2.00914736237e-11, 1.38115534634e-11, 1.86084585241e-11, 8.67508669067e-12, 3.60814286435e-12], "min": [1.74237640845e-24, 1.34405677297e-24, 6.38827942695e-25, 1.68420343872e-24, 1.55663615009e-24, 1.36323447462e-24, 1.63078680721e-24, 1.77245567477e-24, 1.27202272827e-24, 1.04474775996e-24, 3.17376787364e-24, 2.24442444905e-24, 1.74269274168e-24, 2.4579511495e-24, 2.28088126135e-24, 2.41303459285e-24, 2.61510407474e-24, 3.37502897031e-24, 2.44493652229e-24, 3.22051320708e-24, 3.05937870364e-24, 4.12147006364e-24, 3.04535295396e-24, 4.2305056291e-24, 4.86302771354e-24, 4.72810646634e-24, 3.25645370992e-24, 2.9526980852e-24, 5.50636231998e-24, 5.11218430286e-24, 5.94196539539e-24, 3.96448437692e-24, 5.29817561621e-24, 5.17544779202e-24, 4.63109787424e-24, 4.67246455682e-24, 6.71399910864e-24, 6.52827837459e-24, 6.01943114185e-24, 6.6149745825e-24]}, "spectral_decrease": {"dvar": 5.72253598009e-18, "var": 1.88761110316e-17, "median": -6.76384637188e-09, "max": 2.18444366896e-28, "dmean": 2.20255635952e-09, "dmean2": 3.17996806665e-09, "mean": -6.98192126336e-09, "dvar2": 1.09149558938e-17, "min": -2.24190372933e-08}, "barkbands_kurtosis": {"dvar": 16.0417156219, "var": 36.167591095, "median": 1.62515425682, "max": 59.3594436646, "dmean": 2.65560054779, "dmean2": 4.06445360184, "mean": 3.62843632698, "dvar2": 38.5741233826, "min": -1.92559909821}, "silence_rate_30dB": {"dvar": 0, "var": 0, "median": 1, "max": 1, "dmean": 0, "dmean2": 0, "mean": 1, "dvar2": 0, "min": 1}, "gfcc": {"mean": [-25.1589336395, 92.1707382202, -105.074081421, 25.3052825928, -49.0431938171, 6.18330287933, -36.4788665771, 8.74165534973, -26.5467414856, -4.78211212158, -16.6359081268, 0.806871235371, -15.2269477844], "cov": [[44671.3046875, 1860.00256348, -3675.94384766, 702.92175293, -1841.40942383, 602.32232666, -1139.07458496, 433.60144043, -947.151306152, -65.6824493408, -671.251220703, -4.45613145828, -670.431213379], [1860.00256348, 1567.32275391, -965.672668457, 32.7738189697, 83.4441680908, -243.433502197, 124.332733154, 13.3100681305, -23.5014247894, -80.0406951904, 32.8969650269, -133.897750854, 4.42059087753], [-3675.94384766, -965.672668457, 1392.1484375, 93.6394577026, 6.3752579689, 135.229187012, -79.4549407959, -30.2831001282, 73.9036254883, 95.2225799561, 65.9000091553, 129.623306274, 28.2989292145], [702.92175293, 32.7738189697, 93.6394577026, 368.384521484, -55.6210899353, -102.999900818, -121.660804749, 28.1345329285, 56.8952903748, -7.49807310104, 1.55013644695, 50.8180084229, 31.2584514618], [-1841.40942383, 83.4441680908, 6.3752579689, -55.6210899353, 327.420715332, -14.1313838959, 125.166488647, 23.866569519, 46.7582359314, -1.84172666073, 18.8344154358, -8.28963375092, 49.1955490112], [602.32232666, -243.433502197, 135.229187012, -102.999900818, -14.1313838959, 384.661804199, 98.02293396, -92.5554656982, -83.767074585, 24.9008350372, -3.33101081848, 16.6776504517, -25.0130195618], [-1139.07458496, 124.332733154, -79.4549407959, -121.660804749, 125.166488647, 98.02293396, 263.251831055, -9.36069393158, -22.1053009033, -9.7486038208, 52.4053192139, -36.7675132751, 7.09439468384], [433.60144043, 13.3100681305, -30.2831001282, 28.1345329285, 23.866569519, -92.5554656982, -9.36069393158, 158.605392456, 56.5757217407, 4.77600288391, -17.8513412476, -6.10273218155, -7.15652132034], [-947.151306152, -23.5014247894, 73.9036254883, 56.8952903748, 46.7582359314, -83.767074585, -22.1053009033, 56.5757217407, 158.698257446, 34.9369316101, -9.07467842102, -14.9408740997, 22.7181472778], [-65.6824493408, -80.0406951904, 95.2225799561, -7.49807310104, -1.84172666073, 24.9008350372, -9.7486038208, 4.77600288391, 34.9369316101, 88.2032241821, 23.9882926941, -1.79479789734, -18.4163608551], [-671.251220703, 32.8969650269, 65.9000091553, 1.55013644695, 18.8344154358, -3.33101081848, 52.4053192139, -17.8513412476, -9.07467842102, 23.9882926941, 98.9128952026, 15.1464958191, -2.43750929832], [-4.45613145828, -133.897750854, 129.623306274, 50.8180084229, -8.28963375092, 16.6776504517, -36.7675132751, -6.10273218155, -14.9408740997, -1.79479789734, 15.1464958191, 88.626373291, 26.667552948], [-670.431213379, 4.42059087753, 28.2989292145, 31.2584514618, 49.1955490112, -25.0130195618, 7.09439468384, -7.15652132034, 22.7181472778, -18.4163608551, -2.43750929832, 26.667552948, 75.2372436523]], "icov": [[0.000124128244352, -0.000126025974168, 0.000314137461828, -0.000304706161842, 0.000330245879013, -0.000521609326825, 0.000456128094811, -0.000704400066752, 0.000659461016767, -0.000444393255748, 0.000456590525573, -0.000306843372528, 0.000438222574303], [-0.000126025974168, 0.00161275733262, 0.000580881198402, -0.000258035841398, -0.000595792487729, 0.00112733268179, -0.000822738802526, 0.00104685744736, -0.000385645718779, 0.000674166774843, -0.00146120099816, 0.00160746369511, -0.000723159697372], [0.000314137461828, 0.000580881198402, 0.00235447194427, -0.00112473149784, 0.000569315685425, -0.00149976555258, 0.00137681583874, -0.00150261120871, 0.00109634152614, -0.0014380478533, -0.000113764464913, -0.0012115794234, 0.00094590842491], [-0.000304706161842, -0.000258035841398, -0.00112473149784, 0.00483143003657, -0.000195328218979, 0.00128501618747, 0.000443042808911, 0.00131002045237, -0.00315900961868, 0.00213987217285, -0.00190721277613, -0.00112903711852, -0.00183046830352], [0.000330245879013, -0.000595792487729, 0.000569315685425, -0.000195328218979, 0.00547707779333, -0.000990687636659, -0.00101230002474, -0.00230022077449, 0.000735582434572, -0.00157326541375, 0.00172478728928, -0.00130153889768, -0.0012792092748], [-0.000521609326825, 0.00112733268179, -0.00149976555258, 0.00128501618747, -0.000990687636659, 0.00748809287325, -0.00522682303563, 0.00551733840257, -0.000941189297009, -0.00071498710895, 0.0014316928573, -0.000517164415214, -0.000190242149984], [0.000456128094811, -0.000822738802526, 0.00137681583874, 0.000443042808911, -0.00101230002474, -0.00522682303563, 0.0106006953865, -0.00453420123085, 0.00224697613157, 0.00128753297031, -0.0045310840942, 0.00285142008215, -0.000616513192654], [-0.000704400066752, 0.00104685744736, -0.00150261120871, 0.00131002045237, -0.00230022077449, 0.00551733840257, -0.00453420123085, 0.0131515432149, -0.0062178648077, 0.00197070650756, 0.000343010586221, -0.000699787575286, 0.00131843658164], [0.000659461016767, -0.000385645718779, 0.00109634152614, -0.00315900961868, 0.000735582434572, -0.000941189297009, 0.00224697613157, -0.0062178648077, 0.0152044780552, -0.00804055668414, 0.00431134365499, 0.00272934837267, -0.00218497612514], [-0.000444393255748, 0.000674166774843, -0.0014380478533, 0.00213987217285, -0.00157326541375, -0.00071498710895, 0.00128753297031, 0.00197070650756, -0.00804055668414, 0.0195549502969, -0.00810815114528, 0.00214302353561, 0.00270156469196], [0.000456590525573, -0.00146120099816, -0.000113764464913, -0.00190721277613, 0.00172478728928, 0.0014316928573, -0.0045310840942, 0.000343010586221, 0.00431134365499, -0.00810815114528, 0.0195406936109, -0.00706449197605, 0.00464825564995], [-0.000306843372528, 0.00160746369511, -0.0012115794234, -0.00112903711852, -0.00130153889768, -0.000517164415214, 0.00285142008215, -0.000699787575286, 0.00272934837267, 0.00214302353561, -0.00706449197605, 0.0219014026225, -0.00985155254602], [0.000438222574303, -0.000723159697372, 0.00094590842491, -0.00183046830352, -0.0012792092748, -0.000190242149984, -0.000616513192654, 0.00131843658164, -0.00218497612514, 0.00270156469196, 0.00464825564995, -0.00985155254602, 0.0235636606812]]}, "silence_rate_20dB": {"dvar": 0, "var": 0, "median": 1, "max": 1, "dmean": 0, "dmean2": 0, "mean": 1, "dvar2": 0, "min": 1}, "barkbands_skewness": {"dvar": 0.268490791321, "var": 1.62065434456, "median": 1.25790071487, "max": 6.50765323639, "dmean": 0.546225726604, "dmean2": 0.772902309895, "mean": 1.31745660305, "dvar2": 0.598653912544, "min": -2.16577529907}, "erbbands_skewness": {"dvar": 0.121890515089, "var": 0.503243327141, "median": 0.305697381496, "max": 5.37786722183, "dmean": 0.397301077843, "dmean2": 0.606727838516, "mean": 0.29194933176, "dvar2": 0.284242361784, "min": -2.89939284325}, "spectral_contrast_valleys": {"dvar": [0.177625000477, 0.146408602595, 0.112478643656, 0.109226368368, 0.133612006903, 0.302409738302], "var": [11.9810400009, 12.2659349442, 11.758646965, 11.1816978455, 11.3111610413, 9.40432357788], "median": [-6.89915275574, -6.68897342682, -7.18009185791, -7.66504001617, -7.53369808197, -10.1733894348], "max": [-5.33552408218, -4.99911928177, -5.34726953506, -5.98990821838, -5.96503353119, -7.88049411774], "dmean": [0.430446654558, 0.379053682089, 0.32275930047, 0.306387662888, 0.32194685936, 0.535697042942], "dmean2": [0.663128435612, 0.588147580624, 0.482839733362, 0.435703784227, 0.423055648804, 0.624607503414], "mean": [-7.60771226883, -7.33632659912, -7.82436752319, -8.32380485535, -8.18065357208, -10.7032814026], "dvar2": [0.322165638208, 0.272044569254, 0.170789554715, 0.151782825589, 0.190472215414, 0.545119166374], "min": [-28.3016433716, -27.9288215637, -27.7443389893, -27.7336959839, -27.4885940552, -27.4253540039]}, "spectral_strongpeak": {"dvar": 1.31520974636, "var": 2.5483853817, "median": 0.536200404167, "max": 13.8485126495, "dmean": 0.757872521877, "dmean2": 1.25585138798, "mean": 1.29074966908, "dvar2": 3.23473739624, "min": 0}, "erbbands_crest": {"dvar": 6.57360935211, "var": 17.1874713898, "median": 8.23933982849, "max": 26.4622116089, "dmean": 2.73437929153, "dmean2": 4.35317468643, "mean": 9.00805473328, "dvar2": 16.4632873535, "min": 2.47081136703}, "barkbands_crest": {"dvar": 6.14109325409, "var": 12.6066646576, "median": 8.48989486694, "max": 23.7011222839, "dmean": 2.81006383896, "dmean2": 4.64573431015, "mean": 9.23057365417, "dvar2": 16.0594539642, "min": 2.79088497162}, "spectral_energyband_middle_low": {"dvar": 3.86703868571e-05, "var": 0.000112646914204, "median": 0.0113596953452, "max": 0.0743308737874, "dmean": 0.00556399533525, "dmean2": 0.00834061764181, "mean": 0.0139496987686, "dvar2": 8.31901197671e-05, "min": 1.57146696388e-22}, "spectral_contrast_coeffs": {"dvar": [0.00188285496552, 0.00180984416511, 0.00106293591671, 0.000791737227701, 0.000543555652257, 0.000308060407406], "var": [0.00801131874323, 0.00772306835279, 0.00818791147321, 0.0062090838328, 0.00451802136377, 0.00199249247089], "median": [-0.626978874207, -0.72808098793, -0.766192436218, -0.77000951767, -0.776421844959, -0.77736634016], "max": [-0.391605079174, -0.440901786089, -0.469339191914, -0.53469401598, -0.528445243835, -0.6574665308], "dmean": [0.0525253377855, 0.0498865507543, 0.0383917577565, 0.0333116389811, 0.0258934143931, 0.0192223172635], "dmean2": [0.0864775106311, 0.0789207369089, 0.058663379401, 0.050246194005, 0.0375646166503, 0.0301690772176], "mean": [-0.63145750761, -0.722018420696, -0.752153813839, -0.763498842716, -0.772867381573, -0.782418191433], "dvar2": [0.00503421667963, 0.00423984788358, 0.00231720111333, 0.00163797638379, 0.00098078045994, 0.000746290083043], "min": [-0.986398518085, -0.982868731022, -0.993522047997, -0.982923030853, -0.97811871767, -0.96418941021]}, "hfc": {"dvar": 79.1647262573, "var": 302.512512207, "median": 21.8599014282, "max": 114.001800537, "dmean": 7.70107841492, "dmean2": 11.0230731964, "mean": 23.3624706268, "dvar2": 159.860351562, "min": 1.09957919538e-16}, "spectral_energyband_high": {"dvar": 5.89919409322e-07, "var": 9.43186478253e-07, "median": 0.000288352370262, "max": 0.00983691215515, "dmean": 0.00045862729894, "dmean2": 0.000675322837196, "mean": 0.000664978346322, "dvar2": 1.34094671012e-06, "min": 6.99790355355e-21}, "erbbands_spread": {"dvar": 164.125762939, "var": 664.971435547, "median": 37.0834846497, "max": 160.088165283, "dmean": 10.2134943008, "dmean2": 14.8046960831, "mean": 41.8201446533, "dvar2": 321.812011719, "min": 2.70538520813}, "dissonance": {"dvar": 0.000402455596486, "var": 0.000866063521244, "median": 0.465794086456, "max": 0.499974250793, "dmean": 0.0200543571264, "dmean2": 0.0334397368133, "mean": 0.459026157856, "dvar2": 0.00110018521082, "min": 0.246979102492}, "spectral_kurtosis": {"dvar": 4.37904310226, "var": 11.0380172729, "median": 4.78388690948, "max": 33.0910873413, "dmean": 1.96175312996, "dmean2": 3.10208773613, "mean": 5.03734064102, "dvar2": 11.4692296982, "min": -1.25536549091}, "spectral_skewness": {"dvar": 0.0579597614706, "var": 0.258468836546, "median": 1.6147005558, "max": 4.55666208267, "dmean": 0.247601151466, "dmean2": 0.384266644716, "mean": 1.59217345715, "dvar2": 0.136013239622, "min": -0.0618109591305}, "pitch_salience": {"dvar": 0.00424364674836, "var": 0.0107981748879, "median": 0.599903821945, "max": 0.985126316547, "dmean": 0.0735269635916, "dmean2": 0.119636975229, "mean": 0.598631322384, "dvar2": 0.0109601570293, "min": 0.250369995832}, "spectral_complexity": {"dvar": 17.2623691559, "var": 81.6426620483, "median": 19, "max": 47, "dmean": 3.57147240639, "dmean2": 5.1199259758, "mean": 18.1140136719, "dvar2": 32.0624275208, "min": 0}, "spectral_spread": {"dvar": 1847230332930.0, "var": 39602379292700.0, "median": 4279323.5, "max": 42517032, "dmean": 1026331, "dmean2": 1351434.25, "mean": 5715754.5, "dvar2": 3199595184130.0, "min": 1753816}, "dynamic_complexity": 2.98274588585, "melbands_crest": {"dvar": 7.96531581879, "var": 20.1621685028, "median": 11.7530288696, "max": 28.9075489044, "dmean": 3.208974123, "dmean2": 5.23198032379, "mean": 12.25552845, "dvar2": 20.0252666473, "min": 1.43615925312}, "zerocrossingrate": {"dvar": 0.000320885825204, "var": 0.00651270290837, "median": 0.0537109375, "max": 0.52587890625, "dmean": 0.0128622259945, "dmean2": 0.0153774060309, "mean": 0.0729108676314, "dvar2": 0.000440948526375, "min": 0.00927734375}, "spectral_energyband_low": {"dvar": 5.04858471686e-05, "var": 7.28787781554e-05, "median": 0.004442257341, "max": 0.0624112300575, "dmean": 0.00414955848828, "dmean2": 0.00615851162001, "mean": 0.0070487242192, "dvar2": 0.000103532067442, "min": 1.04955537414e-23}, "melbands_kurtosis": {"dvar": 144.399078369, "var": 317.960510254, "median": 6.47885942459, "max": 195.416168213, "dmean": 7.19060277939, "dmean2": 10.7316732407, "mean": 12.69231987, "dvar2": 335.944641113, "min": -1.45893442631}, "spectral_energyband_middle_high": {"dvar": 1.3012607269e-05, "var": 8.7247317424e-05, "median": 0.00422316743061, "max": 0.0598941966891, "dmean": 0.00260470504873, "dmean2": 0.00356197264045, "mean": 0.0080110244453, "dvar2": 2.71517801593e-05, "min": 1.10006630514e-21}, "barkbands_spread": {"dvar": 71.2889404297, "var": 182.723571777, "median": 19.4106674194, "max": 105.344070435, "dmean": 6.64277696609, "dmean2": 10.1587944031, "mean": 21.9904003143, "dvar2": 151.065368652, "min": 1.04381036758}, "mfcc": {"mean": [-653.608764648, 126.643226624, -0.357832491398, 22.8490638733, 6.28858041763, -0.19957113266, 0.52304905653, 8.41520214081, -5.34060382843, -2.05051255226, -1.27072656155, -5.5762295723, -1.25122356415], "cov": [[12704.6962891, 1437.00488281, -233.915390015, 45.7445068359, -56.3858375549, 41.6205368042, 85.4571762085, 220.962860107, 2.16718697548, 101.551643372, 95.9415893555, -110.657821655, -189.082962036], [1437.00488281, 1657.89819336, -672.904785156, 186.838623047, -89.2120742798, -67.2319946289, 124.014076233, 57.3389663696, -12.1254806519, 28.5265216827, 83.723449707, -92.8078384399, -6.99139690399], [-233.915390015, -672.904785156, 1043.33276367, 1.54920566082, 123.533798218, 78.2222671509, -85.4692993164, -47.9798927307, -57.369178772, -35.985824585, -94.2805557251, 124.819465637, 72.9360427856], [45.7445068359, 186.838623047, 1.54920566082, 437.339569092, 107.600082397, -186.137207031, -135.098876953, 5.52728796005, 38.0963020325, -40.5165176392, -34.5032310486, 67.5448913574, 108.988288879], [-56.3858375549, -89.2120742798, 123.533798218, 107.600082397, 202.211624146, -17.7509288788, -77.0038070679, -1.05976247787, 40.090171814, -4.06296873093, -34.8671455383, 23.5388469696, 40.9529571533], [41.6205368042, -67.2319946289, 78.2222671509, -186.137207031, -17.7509288788, 303.167572021, 128.184753418, 2.82896757126, -28.5227413177, 5.60956287384, 7.90064001083, -39.4562530518, -57.534034729], [85.4571762085, 124.014076233, -85.4692993164, -135.098876953, -77.0038070679, 128.184753418, 256.031280518, 57.4285850525, -40.3734817505, 1.84664022923, 35.2248268127, -22.3169307709, -46.4061012268], [220.962860107, 57.3389663696, -47.9798927307, 5.52728796005, -1.05976247787, 2.82896757126, 57.4285850525, 102.94972229, 29.0362911224, -2.97540378571, -1.6406481266, -13.3838167191, -2.53394651413], [2.16718697548, -12.1254806519, -57.369178772, 38.0963020325, 40.090171814, -28.5227413177, -40.3734817505, 29.0362911224, 117.383537292, 31.735452652, -3.32811880112, -5.4682765007, 3.11321091652], [101.551643372, 28.5265216827, -35.985824585, -40.5165176392, -4.06296873093, 5.60956287384, 1.84664022923, -2.97540378571, 31.735452652, 110.998474121, 57.0605888367, -13.4676561356, -29.0797920227], [95.9415893555, 83.723449707, -94.2805557251, -34.5032310486, -34.8671455383, 7.90064001083, 35.2248268127, -1.6406481266, -3.32811880112, 57.0605888367, 107.338768005, 9.45191860199, -24.9816799164], [-110.657821655, -92.8078384399, 124.819465637, 67.5448913574, 23.5388469696, -39.4562530518, -22.3169307709, -13.3838167191, -5.4682765007, -13.4676561356, 9.45191860199, 101.472007751, 47.1512260437], [-189.082962036, -6.99139690399, 72.9360427856, 108.988288879, 40.9529571533, -57.534034729, -46.4061012268, -2.53394651413, 3.11321091652, -29.0797920227, -24.9816799164, 47.1512260437, 100.233802795]], "icov": [[9.80064287432e-05, -0.000112850124424, -5.9117191995e-05, 6.62137927065e-06, -4.88683144795e-06, -2.22815615416e-05, 0.000129862470203, -0.00026867116685, 6.2610655732e-05, -3.8723446778e-05, -3.16126897815e-06, -7.17580624041e-05, 0.000275154656265], [-0.000112850124424, 0.00115088105667, 0.000577432103455, -0.000820059096441, 0.00018439325504, -4.6588753321e-05, -0.000663954764605, 0.00025475746952, 0.000434928660979, -0.000294766097795, -0.000338207755703, 0.000924759951886, -0.000682472076733], [-5.9117191995e-05, 0.000577432103455, 0.00195980654098, 3.20865401591e-05, -0.000540855457075, -0.000816872052383, 0.000413478497649, -0.000204196650884, 0.00147787982132, -0.00119102164172, 0.00181442045141, -0.00208810018376, -0.00055079482263], [6.62137927065e-06, -0.000820059096441, 3.20865401591e-05, 0.00513111008331, -0.00164922594558, 0.00158298527822, 0.00130851846188, -0.000740280840546, -0.000471865088912, 0.00109372113366, 0.000282425113255, -0.00190307339653, -0.00218017282896], [-4.88683144795e-06, 0.00018439325504, -0.000540855457075, -0.00164922594558, 0.00724801141769, -0.0012291232124, 0.00115934491623, -0.000320952240145, -0.00173069443554, -0.00079913547961, 0.00106529449113, 0.000103668528027, -0.000909105758183], [-2.22815615416e-05, -4.6588753321e-05, -0.000816872052383, 0.00158298527822, -0.0012291232124, 0.00588075583801, -0.0027608864475, 0.00141387840267, -0.000581124739256, 0.000970037188381, -0.000576302874833, 0.00183525669854, 0.000755636719987], [0.000129862470203, -0.000663954764605, 0.000413478497649, 0.00130851846188, 0.00115934491623, -0.0027608864475, 0.00848236586899, -0.00548602826893, 0.00273493886925, 8.87787246029e-05, -0.000603315827902, -0.00233977590688, 0.00109613209497], [-0.00026867116685, 0.00025475746952, -0.000204196650884, -0.000740280840546, -0.000320952240145, 0.00141387840267, -0.00548602826893, 0.0149807464331, -0.00532285543159, 0.00188752857503, -0.000285373826046, 0.00271296175197, -0.0013884336222], [6.2610655732e-05, 0.000434928660979, 0.00147787982132, -0.000471865088912, -0.00173069443554, -0.000581124739256, 0.00273493886925, -0.00532285543159, 0.0136308073997, -0.00548840779811, 0.00282432953827, -0.00142991554458, 0.000452247390058], [-3.8723446778e-05, -0.000294766097795, -0.00119102164172, 0.00109372113366, -0.00079913547961, 0.000970037188381, 8.87787246029e-05, 0.00188752857503, -0.00548840779811, 0.0164073295891, -0.00958806835115, 0.00331734935753, 0.00153628713451], [-3.16126897815e-06, -0.000338207755703, 0.00181442045141, 0.000282425113255, 0.00106529449113, -0.000576302874833, -0.000603315827902, -0.000285373826046, 0.00282432953827, -0.00958806835115, 0.0182377584279, -0.00731132272631, 0.00240588770248], [-7.17580624041e-05, 0.000924759951886, -0.00208810018376, -0.00190307339653, 0.000103668528027, 0.00183525669854, -0.00233977590688, 0.00271296175197, -0.00142991554458, 0.00331734935753, -0.00731132272631, 0.0189154911786, -0.00619922485203], [0.000275154656265, -0.000682472076733, -0.00055079482263, -0.00218017282896, -0.000909105758183, 0.000755636719987, 0.00109613209497, -0.0013884336222, 0.000452247390058, 0.00153628713451, 0.00240588770248, -0.00619922485203, 0.0184445492923]]}, "silence_rate_60dB": {"dvar": 0.0163239073008, "var": 0.0549804456532, "median": 0, "max": 1, "dmean": 0.016600061208, "dmean2": 0.0332103334367, "mean": 0.0583896748722, "dvar2": 0.0388737246394, "min": 0}, "melbands_flatness_db": {"dvar": 0.000688253901899, "var": 0.00366222299635, "median": 0.198230102658, "max": 0.414762616158, "dmean": 0.0270787421614, "dmean2": 0.0398737974465, "mean": 0.197991639376, "dvar2": 0.00146689533722, "min": 0.00108315132093}, "spectral_rms": {"dvar": 6.93168885846e-07, "var": 3.65898154087e-06, "median": 0.00522381346673, "max": 0.00928039848804, "dmean": 0.000820783141535, "dmean2": 0.00114978058264, "mean": 0.00491092167795, "dvar2": 1.18563582419e-06, "min": 3.10735291664e-12}, "melbands_spread": {"dvar": 75.3579559326, "var": 513.926879883, "median": 20.9221229553, "max": 163.184051514, "dmean": 6.74725055695, "dmean2": 10.2188196182, "mean