{"tonal": {"hpcp": {"dvar": [0.0448524355888, 0.0343823619187, 0.0292597860098, 0.0299605857581, 0.0308106467128, 0.0424748472869, 0.0655321404338, 0.0463792309165, 0.0396131910384, 0.0359968394041, 0.0349045433104, 0.0372300967574, 0.0467806197703, 0.0451772287488, 0.0503370575607, 0.0546029992402, 0.0420956425369, 0.0340448208153, 0.0292805954814, 0.0206530410796, 0.0258850958198, 0.050662510097, 0.0415989384055, 0.0331868752837, 0.0295424200594, 0.0319027900696, 0.0349751412868, 0.0516619458795, 0.0413862094283, 0.0330408290029, 0.0366763733327, 0.0274353977293, 0.0248473398387, 0.0310403592885, 0.0326200425625, 0.0402552559972], "var": [0.0761746764183, 0.0470987595618, 0.0206003095955, 0.019882734865, 0.0204620882869, 0.057265277952, 0.137487247586, 0.0687805488706, 0.0278254412115, 0.0275346059352, 0.0287789497524, 0.0369919650257, 0.0716141164303, 0.0522553287446, 0.0555488057435, 0.0937758311629, 0.061693534255, 0.0273706037551, 0.020230261609, 0.0136715248227, 0.0321615450084, 0.113650277257, 0.0856569036841, 0.0438351780176, 0.0293887015432, 0.0222741495818, 0.0477069653571, 0.115050330758, 0.0767830237746, 0.0349308028817, 0.0600725151598, 0.041321143508, 0.0179560128599, 0.0204030591995, 0.0219680462033, 0.0386249646544], "median": [0.0187817402184, 0.0147658474743, 0.00628885161132, 0.00332634546794, 0.00566395558417, 0.0722212120891, 0.143024161458, 0.0852881222963, 0.0096651930362, 0.0037217666395, 0.0039748577401, 0.0141600854695, 0.0217540152371, 0.0259473044425, 0.0349685251713, 0.0377240255475, 0.0227474458516, 0.00663431501016, 0.00347363040783, 0.00334691442549, 0.0174882113934, 0.0310721583664, 0.0424099415541, 0.0141549129039, 0.00759943388402, 0.00759692210704, 0.0285827275366, 0.0518495999277, 0.0367100425065, 0.0143722835928, 0.0042593604885, 0.00400271825492, 0.00500456057489, 0.00599808245897, 0.0080391401425, 0.014822723344], "max": [1, 1, 1, 1, 1, 1, 1, 1, 1, 1, 1, 1, 1, 1, 1, 1, 1, 1, 1, 1, 1, 1, 1, 1, 1, 1, 1, 1, 1, 1, 1, 1, 1, 1, 1, 1], "dmean": [0.116329714656, 0.0976112484932, 0.073463074863, 0.0689683035016, 0.0829589962959, 0.143861874938, 0.177447259426, 0.154476255178, 0.0982066169381, 0.0823423415422, 0.0828569829464, 0.102347388864, 0.123596504331, 0.129714012146, 0.145354568958, 0.148128792644, 0.122717149556, 0.0866144150496, 0.0653410851955, 0.055674135685, 0.0883039981127, 0.12886993587, 0.123435407877, 0.100465759635, 0.0829281583428, 0.0771026834846, 0.110358051956, 0.134900137782, 0.126433625817, 0.0977464318275, 0.0867234542966, 0.0703868716955, 0.0635583400726, 0.0732775703073, 0.082374624908, 0.107224576175], "dmean2": [0.20119458437, 0.170751526952, 0.134655073285, 0.129611387849, 0.155365765095, 0.247846335173, 0.307189643383, 0.268415898085, 0.181713730097, 0.152427837253, 0.155288115144, 0.184099778533, 0.216927468777, 0.22929006815, 0.255975335836, 0.254096031189, 0.212338089943, 0.156783282757, 0.121528968215, 0.103740550578, 0.152501344681, 0.217984288931, 0.20881845057, 0.173771500587, 0.148466154933, 0.143865287304, 0.190596848726, 0.227774113417, 0.213562428951, 0.172766059637, 0.153277114034, 0.125983849168, 0.117282226682, 0.135945662856, 0.152489542961, 0.193202018738], "mean": [0.148507907987, 0.110425315797, 0.0540210753679, 0.0454912558198, 0.0552693530917, 0.184599518776, 0.319109499454, 0.209398835897, 0.070739261806, 0.0581381805241, 0.0621754489839, 0.0987085700035, 0.148959174752, 0.132646933198, 0.147205606103, 0.197196230292, 0.141455754638, 0.0678910836577, 0.0442929193377, 0.0370840877295, 0.105621926486, 0.218646064401, 0.19289830327, 0.119232580066, 0.083956182003, 0.0556763671339, 0.132142499089, 0.230868950486, 0.176252275705, 0.0981090590358, 0.107598908246, 0.0816680192947, 0.0495822057128, 0.0519807040691, 0.0589700527489, 0.100996978581], "dvar2": [0.113431230187, 0.0897964984179, 0.0823407694697, 0.0851560235023, 0.0889748707414, 0.117695257068, 0.155070081353, 0.123582318425, 0.112869717181, 0.100475043058, 0.0965435653925, 0.101234905422, 0.114794544876, 0.120503626764, 0.134400770068, 0.131478339434, 0.109743669629, 0.0928538441658, 0.0808938965201, 0.057785525918, 0.0679964199662, 0.111047409475, 0.0979194715619, 0.0865597203374, 0.0800137296319, 0.0905759930611, 0.0907908752561, 0.108073920012, 0.0981200933456, 0.0888376161456, 0.0904739648104, 0.0715630427003, 0.0697911307216, 0.0886617079377, 0.0940330550075, 0.112134069204], "min": [0, 0, 0, 0, 0, 0, 0, 0, 0, 0, 0, 0, 0, 0, 0, 0, 0, 0, 0, 0, 0, 0, 0, 0, 0, 0, 0, 0, 0, 0, 0, 0, 0, 0, 0, 0]}, "key_key": "B", "thpcp": [1, 0.656197428703, 0.221677079797, 0.182188808918, 0.194840475917, 0.309325069189, 0.466796427965, 0.415678411722, 0.461301237345, 0.617957890034, 0.443282812834, 0.212751686573, 0.138801634312, 0.116211168468, 0.330989599228, 0.685175657272, 0.604489386082, 0.373641580343, 0.263095200062, 0.174474179745, 0.41409766674, 0.723478794098, 0.552325367928, 0.30744639039, 0.337184906006, 0.255924761295, 0.155376777053, 0.162892997265, 0.184795662761, 0.316496312618, 0.465382277966, 0.346042096615, 0.169286951423, 0.142556890845, 0.173198714852, 0.57848328352], "chords_key": "B", "tuning_equal_tempered_deviation": 0.0494773648679, "tuning_frequency": 440.508575439, "tuning_diatonic_strength": 0.510107696056, "chords_histogram": [51.779876709, 4.90374135971, 2.99673080444, 11.9505996704, 0.526698172092, 1.38031244278, 0, 0.744642198086, 0, 0.653832197189, 0.217944055796, 0.0363240092993, 0.127134039998, 0, 0.199782058597, 0, 0, 0.0363240092993, 0.399564117193, 0.0544860139489, 1.77987647057, 1.03523433208, 17.7987651825, 3.37813305855], "key_strength": 0.679816901684, "key_scale": "minor", "chords_strength": {"dvar": 0.000435113179265, "var": 0.0245063658804, "median": 0.499984353781, "max": 0.831640541553, "dmean": 0.0120272450149, "dmean2": 0.0116170654073, "mean": 0.495521664619, "dvar2": 0.000785963027738, "min": -1}, "chords_number_rate": 0.00163458043244, "tuning_nontempered_energy_ratio": 0.694938898087, "hpcp_entropy": {"dvar": 0.310321897268, "var": 0.607621669769, "median": 1.68028855324, "max": 4.35126256943, "dmean": 0.633184075356, "dmean2": 1.05860888958, "mean": 1.66832864285, "dvar2": 0.781937599182, "min": 0}, "chords_changes_rate": 0.0566654540598, "chords_scale": "minor"}, "rhythm": {"bpm_histogram_first_peak_spread": {"dvar": 0, "var": 0, "median": 0.465838491917, "max": 0.465838491917, "dmean": 0, "dmean2": 0, "mean": 0.465838491917, "dvar2": 0, "min": 0.465838491917}, "bpm_histogram_first_peak_weight": {"dvar": 0, "var": 0, "median": 0.47955390811, "max": 0.47955390811, "dmean": 0, "dmean2": 0, "mean": 0.47955390811, "dvar2": 0, "min": 0.47955390811}, "bpm_histogram_first_peak_bpm": {"dvar": 0, "var": 0, "median": 126, "max": 126, "dmean": 0, "dmean2": 0, "mean": 126, "dvar2": 0, "min": 126}, "bpm": 125.057777405, "bpm_histogram_second_peak_weight": {"dvar": 0, "var": 0, "median": 0.0260223057121, "max": 0.0260223057121, "dmean": 0, "dmean2": 0, "mean": 0.0260223057121, "dvar2": 0, "min": 0.0260223057121}, "beats_loudness": {"dvar": 0.00113417895045, "var": 0.00113052711822, "median": 0.0318737886846, "max": 0.173785820603, "dmean": 0.030061878264, "dmean2": 0.0566727183759, "mean": 0.0381784364581, "dvar2": 0.00341281248257, "min": 0}, "beats_loudness_band_ratio": {"dvar": [0.0513642653823, 0.0334000326693, 0.0273022986948, 0.0177960153669, 0.0100085353479, 0.00631000194699], "var": [0.0769869238138, 0.0464063175023, 0.0374162010849, 0.0176839753985, 0.00934055633843, 0.00600985297933], "median": [0.280174940825, 0.20808377862, 0.149637714028, 0.0455924719572, 0.0211175139993, 0.0267957020551], "max": [0.991143941879, 0.939161479473, 0.973517894745, 0.723097324371, 0.598502278328, 0.514425337315], "dmean": [0.263864070177, 0.229067414999, 0.176189571619, 0.132184132934, 0.0862445086241, 0.0704177618027], "dmean2": [0.43993473053, 0.423802167177, 0.30703702569, 0.238868266344, 0.154759094119, 0.124741226435], "mean": [0.322349339724, 0.269191652536, 0.205507442355, 0.105616152287, 0.0680051222444, 0.0600454732776], "dvar2": [0.135784685612, 0.0965049862862, 0.074835985899, 0.0466063432395, 0.025031298399, 0.0153163224459], "min": [0, 0, 0, 0, 0, 0]}, "bpm_histogram_second_peak_bpm": {"dvar": 0, "var": 0, "median": 120, "max": 120, "dmean": 0, "dmean2": 0, "mean": 120, "dvar2": 0, "min": 120}, "onset_rate": 4.25598335266, "beats_count": 539, "beats_position": [0.487619042397, 0.975238084793, 1.47446703911, 1.98530614376, 2.48453521729, 2.9837641716, 3.48299312592, 3.98222208023, 4.48145103455, 4.98067998886, 5.47990942001, 5.9675283432, 6.47836732864, 6.96598625183, 7.45360517502, 7.94122457504, 8.42884349823, 8.90485286713, 9.38086128235, 9.86848068237, 10.3560991287, 10.8321084976, 11.3081178665, 11.7841272354, 12.2601356506, 12.7361450195, 13.2121543884, 13.6881628036, 14.1641721725, 14.6401815414, 15.1161899567, 15.6038093567, 16.0914287567, 16.5674381256, 17.0434455872, 17.5194549561, 17.995464325, 18.4714736938, 18.9474830627, 19.4467124939, 19.9227199554, 20.3987293243, 20.8747386932, 21.3623580933, 21.8499774933, 22.3259868622, 22.8019943237, 23.2896137238, 23.7656230927, 24.2416324615, 24.7060317993, 25.1936511993, 25.681268692, 26.168888092, 26.6332874298, 27.1209068298, 27.6085262299, 28.0845336914, 28.5605430603, 29.0365524292, 29.5241718292, 30.0001811981, 30.4878005981, 30.9638080597, 31.4398174286, 31.9158267975, 32.391834259, 32.8794555664, 33.3670730591, 33.843082428, 34.3190917969, 34.8067131042, 35.2827186584, 35.7587280273, 36.2347373962, 36.7107467651, 37.1983680725, 37.6743774414, 38.1503829956, 38.6496124268, 39.1256217957, 39.6016311646, 40.0776405334, 40.5652618408, 41.0528793335, 41.5288887024, 42.0048980713, 42.492515564, 42.9569168091, 43.432926178, 43.9089317322, 44.3965530396, 44.8841705322, 45.3601799011, 45.8478012085, 46.3121986389, 46.7882080078, 47.2758255005, 47.7634468079, 48.2394561768, 48.7154655457, 49.1798629761, 49.6674804688, 50.1551017761, 50.6427192688, 51.1187286377, 51.5947380066, 52.0823554993, 52.5583648682, 53.0343742371, 53.5219955444, 54.0096130371, 54.485622406, 54.9616317749, 55.4260292053, 55.9136505127, 56.4012680054, 56.8888893127, 57.3532867432, 57.8525161743, 58.3285255432, 58.8045349121, 59.280544281, 59.7681617737, 60.2441711426, 60.7201805115, 61.1961898804, 61.683807373, 62.1598167419, 62.6358261108, 63.1118354797, 63.5994529724, 64.0870742798, 64.563079834, 65.0390930176, 65.5267105103, 66.0143280029, 66.4903411865, 66.9663467407, 67.4539642334, 67.929977417, 68.4059829712, 68.8703842163, 69.358001709, 69.8456192017, 70.3332443237, 70.7976379395, 71.2852630615, 71.7728805542, 72.2488861084, 72.724899292, 73.2009048462, 73.6769180298, 74.152923584, 74.6289291382, 75.1165542603, 75.6041717529, 76.0801773071, 76.5561904907, 77.0438079834, 77.5314254761, 78.0074386597, 78.4834442139, 78.9594573975, 79.4354629517, 79.9114761353, 80.3874816895, 80.8750991821, 81.3627166748, 81.8387298584, 82.3147354126, 82.8023605347, 83.2899780273, 83.7659835815, 84.2419967651, 84.7296142578, 85.2172317505, 85.6932373047, 86.1692504883, 86.656867981, 87.1444854736, 87.6088867188, 88.0732879639, 88.5609054565, 89.0485229492, 89.5245361328, 90.000541687, 90.4881591797, 90.9641723633, 91.4401779175, 91.9277954102, 92.4038085938, 92.8798141479, 93.3558273315, 93.8318328857, 94.3194503784, 94.795463562, 95.2830810547, 95.7590942383, 96.246711731, 96.7227172852, 97.1987304688, 97.6863479614, 98.1623535156, 98.6383666992, 99.1143722534, 99.590385437, 100.07800293, 100.565620422, 101.041633606, 101.51763916, 102.005256653, 102.492874146, 102.980499268, 103.444892883, 103.932518005, 104.396911621, 104.872924805, 105.348930359, 105.836547852, 106.324172974, 106.811790466, 107.276191711, 107.763809204, 108.239814758, 108.727432251, 109.203445435, 109.679450989, 110.155464172, 110.643081665, 111.119087219, 111.606712341, 112.082717896, 112.558731079, 113.034736633, 113.522354126, 114.009971619, 114.497596741, 114.973602295, 115.449615479, 115.914009094, 116.390022278, 116.866027832, 117.353645325, 117.829658508, 118.305664062, 118.793289185, 119.280906677, 119.76852417, 120.244529724, 120.720542908, 121.2081604, 121.684173584, 122.160179138, 122.647796631, 123.135414124, 123.599815369, 124.075828552, 124.551834106, 125.039451599, 125.527069092, 126.014694214, 126.47908783, 126.966712952, 127.442718506, 127.91872406, 128.406341553, 128.893966675, 129.369979858, 129.845977783, 130.310379028, 130.79800415, 131.285614014, 131.761627197, 132.237640381, 132.725265503, 133.212875366, 133.68888855, 134.164901733, 134.652511597, 135.12852478, 135.604537964, 136.068939209, 136.556549072, 137.044174194, 137.531784058, 137.996185303, 138.483810425, 138.971420288, 139.447433472, 139.923446655, 140.411056519, 140.887069702, 141.363082886, 141.827484131, 142.315093994, 142.802719116, 143.2787323, 143.754730225, 144.242355347, 144.729980469, 145.205978394, 145.681991577, 146.158004761, 146.634017944, 147.110015869, 147.586029053, 148.073654175, 148.561264038, 149.037277222, 149.513290405, 149.98928833, 150.476913452, 150.952926636, 151.440536499, 151.916549683, 152.392562866, 152.86857605, 153.344573975, 153.832199097, 154.31980896, 154.795822144, 155.271835327, 155.759460449, 156.247070312, 156.723083496, 157.19909668, 157.675094604, 158.151107788, 158.63873291, 159.114730835, 159.602355957, 160.078369141, 160.554367065, 161.030380249, 161.518005371, 162.005615234, 162.493240356, 162.957641602, 163.410430908, 163.874832153, 164.362442017, 164.861679077, 165.34928894, 165.836914062, 166.312927246, 166.788925171, 167.276550293, 167.775772095, 168.251785278, 168.716186523, 169.203811646, 169.67980957, 170.167434692, 170.643447876, 171.131057739, 171.607070923, 172.083084106, 172.547485352, 173.035095215, 173.522720337, 173.998733521, 174.474731445, 174.962356567, 175.449981689, 175.925979614, 176.401992798, 176.878005981, 177.354003906, 177.841629028, 178.317642212, 178.793640137, 179.281265259, 179.757278442, 180.233291626, 180.720901489, 181.208526611, 181.684524536, 182.16053772, 182.636550903, 183.112564087, 183.588562012, 184.064575195, 184.552200317, 185.039810181, 185.527435303, 185.991836548, 186.479446411, 186.967071533, 187.443084717, 187.919082642, 188.406707764, 188.894332886, 189.370330811, 189.846343994, 190.333969116, 190.809967041, 191.274368286, 191.75038147, 192.238006592, 192.725616455, 193.201629639, 193.677642822, 194.165252686, 194.652877808, 195.128890991, 195.604888916, 196.092514038, 196.568527222, 197.044525146, 197.508926392, 197.996551514, 198.484161377, 198.960174561, 199.436187744, 199.923812866, 200.411422729, 200.887435913, 201.363449097, 201.85105896, 202.338684082, 202.814697266, 203.29069519, 203.766708374, 204.242721558, 204.718719482, 205.194732666, 205.682357788, 206.169967651, 206.645980835, 207.121994019, 207.609603882, 208.097229004, 208.573242188, 209.049255371, 209.525253296, 210.012878418, 210.488891602, 210.953277588, 211.44090271, 211.928527832, 212.404525757, 212.88053894, 213.368164062, 213.844161987, 214.320175171, 214.796188354, 215.283798218, 215.759811401, 216.235824585, 216.711837769, 217.199447632, 217.675460815, 218.151473999, 218.639083862, 219.126708984, 219.602722168, 220.078720093, 220.566345215, 221.042358398, 221.529968262, 222.005981445, 222.47038269, 222.958007812, 223.445617676, 223.933242798, 224.397644043, 224.885253906, 225.372879028, 225.848892212, 226.324890137, 226.80090332, 227.276916504, 227.752914429, 228.228927612, 228.728164673, 229.215774536, 229.69178772, 230.156188965, 230.643798828, 231.119812012, 231.607437134, 232.083435059, 232.571060181, 233.047073364, 233.523086548, 233.999084473, 234.475097656, 234.962722778, 235.438720703, 235.914733887, 236.402359009, 236.889968872, 237.365982056, 237.841995239, 238.329605103, 238.805618286, 239.28163147, 239.769241333, 240.256866455, 240.732879639, 241.115997314, 241.499130249, 241.882263184, 242.265396118, 242.648529053, 243.031646729, 243.403167725, 243.763076782, 244.12298584, 244.482894897, 244.842803955, 245.202713013, 245.574234009, 245.968978882, 246.352111816, 246.758453369, 247.17640686, 247.59437561, 248.012329102, 248.407073975, 248.801803589, 249.2081604, 249.614501953, 249.986022949, 250.345932007, 250.705841064, 251.077362061, 251.42565918, 251.773956299, 252.122268677, 252.482177734, 252.842086792, 253.20199585, 253.561904907, 253.933425903, 254.304931641, 254.676452637, 255.036361694], "danceability": 1.31947660446, "bpm_histogram_second_peak_spread": {"dvar": 0, "var": 0, "median": 0.125, "max": 0.125, "dmean": 0, "dmean2": 0, "mean": 0.125, "dvar2": 0, "min": 0.125}}, "lowlevel": {"spectral_flux": {"dvar": 0.00269289477728, "var": 0.00642572296783, "median": 0.06161583215, "max": 0.451188147068, "dmean": 0.0358030945063, "dmean2": 0.0544951558113, "mean": 0.0837244093418, "dvar2": 0.00470553804189, "min": 6.29241173056e-11}, "spectral_rolloff": {"dvar": 1935838.625, "var": 6063684, "median": 602.9296875, "max": 19573.6816406, "dmean": 518.537658691, "dmean2": 875.345458984, "mean": 1318.9765625, "dvar2": 4461014.5, "min": 64.599609375}, "barkbands_flatness_db": {"dvar": 0.000965035229456, "var": 0.00494414567947, "median": 0.168618574739, "max": 0.542271018028, "dmean": 0.0302506424487, "dmean2": 0.0431466847658, "mean": 0.179796382785, "dvar2": 0.00179266324267, "min": 0.0108396084979}, "spectral_centroid": {"dvar": 134521.25, "var": 1326522.5, "median": 706.088684082, "max": 11819.6044922, "dmean": 231.478988647, "dmean2": 339.34677124, "mean": 971.819702148, "dvar2": 260172.71875, "min": 111.253875732}, "melbands_skewness": {"dvar": 2.62256169319, "var": 6.68782234192, "median": 2.83250617981, "max": 22.980928421, "dmean": 1.21054148674, "dmean2": 1.80066692829, "mean": 3.41655111313, "dvar2": 5.51812410355, "min": -2.04251670837}, "melbands": {"dvar": [2.39039563894e-05, 7.44225617382e-05, 9.01513431018e-06, 6.6676420829e-07, 1.0276564808e-06, 4.13251541431e-07, 2.41036445914e-07, 2.69883202009e-07, 2.67481027549e-07, 6.51480078773e-08, 2.85127601529e-08, 2.98681612776e-08, 1.06618287532e-07, 6.54090612784e-08, 7.03062630336e-09, 1.16225615798e-08, 8.91453488805e-09, 5.13841902361e-09, 3.4827181139e-09, 4.29416902037e-09, 9.21102083495e-10, 3.25282162317e-10, 1.62437396867e-10, 1.88829285541e-10, 9.5208334272e-11, 3.42621792049e-10, 7.23303639205e-11, 2.08767326343e-11, 2.30021991038e-11, 2.15829732558e-11, 1.98171219018e-11, 3.99016063246e-11, 7.99304858412e-11, 5.63026361644e-11, 3.63321907282e-11, 2.51200865664e-11, 2.57614849591e-11, 1.30185627903e-11, 6.34005695166e-12, 4.07946896749e-12], "var": [2.65904527623e-05, 6.20985520072e-05, 6.1893028942e-06, 1.35092761866e-06, 2.4544444841e-06, 1.10691701138e-06, 1.10145663257e-06, 5.94117011588e-07, 6.07262848007e-07, 2.2155288093e-07, 7.95651899921e-08, 7.73322312853e-08, 1.64895581634e-07, 5.27254258031e-08, 1.23901866544e-08, 1.74902279326e-08, 1.25791235206e-08, 5.90713655768e-09, 4.0008631963e-09, 3.28853588805e-09, 1.04398778511e-09, 3.87057663698e-10, 3.00561325828e-10, 4.24846297031e-10, 1.41540057452e-10, 3.76818853898e-10, 1.63295182931e-10, 3.83132865711e-11, 2.68179523727e-11, 2.48565924788e-11, 2.78478750476e-11, 5.45236078509e-11, 7.26985693866e-11, 5.62300414564e-11, 3.80638957853e-11, 2.92101273724e-11, 2.89626690686e-11, 1.61856014702e-11, 9.86623543281e-12, 5.87772885918e-12], "median": [7.05563870724e-05, 0.000464084674604, 0.000282627006527, 0.000325471395627, 0.000403361278586, 0.000211221398786, 6.16716133663e-05, 6.04181441304e-05, 5.65783338971e-05, 2.96976031677e-05, 1.30567732413e-05, 7.72589555709e-06, 7.64091691963e-06, 5.14291014042e-06, 4.66879328087e-06, 3.94714425056e-06, 2.74945341516e-06, 2.10799612432e-06, 1.4653173821e-06, 1.45536296259e-06, 1.18111677239e-06, 1.01141506548e-06, 1.16897820135e-06, 9.09373397917e-07, 6.74233206155e-07, 9.52613845584e-07, 9.93896037471e-07, 7.97372422312e-07, 6.3240520376e-07, 3.94097867229e-07, 2.5291595307e-07, 3.51656410658e-07, 4.16036471051e-07, 4.5715441388e-07, 4.63310527721e-07, 4.79351342619e-07, 5.14261500939e-07, 4.36230720879e-07, 4.37231904016e-07, 2.87501165985e-07], "max": [0.048104442656, 0.0738001540303, 0.0283005945385, 0.013990085572, 0.020188530907, 0.0180318616331, 0.0158627219498, 0.0160800609738, 0.0126390866935, 0.00987698789686, 0.00742640392855, 0.00607009232044, 0.00575867015868, 0.00310302805156, 0.00287634250708, 0.00346090295352, 0.00446466449648, 0.00133451889269, 0.00123278109822, 0.00119825045113, 0.000764477357734, 0.000397627911298, 0.00026387438993, 0.000347602821421, 0.000217641834752, 0.000408679130487, 0.000368592765881, 0.000164981509442, 0.000130272164824, 0.000127945604618, 0.000193232204765, 0.000306950212689, 0.000283179659164, 0.000238955472014, 0.000225630719797, 0.00019190130115, 0.000250317709288, 6.69345390634e-05, 6.04258020758e-05, 6.38159253867e-05], "dmean": [0.00153889786452, 0.00256939721294, 0.000888988783117, 0.000431432039477, 0.000480589573272, 0.000286740221782, 0.000171664665686, 0.00018909087521, 0.0001707366755, 8.9935354481e-05, 4.65714401798e-05, 5.07936238137e-05, 8.11900827102e-05, 5.72080280108e-05, 2.55288923654e-05, 2.74715966952e-05, 2.57840838458e-05, 1.94286312762e-05, 1.378140405e-05, 1.36045127874e-05, 7.67468100094e-06, 5.06373817188e-06, 4.64394724986e-06, 5.11518419444e-06, 3.296154091e-06, 5.37208507012e-06, 2.96340158457e-06, 1.73228113454e-06, 1.62420462857e-06, 1.40953522987e-06, 1.34416382025e-06, 1.79020605628e-06, 2.2254932901e-06, 1.99907253773e-06, 1.6788276298e-06, 1.44946511682e-06, 1.33506364364e-06, 1.17378601772e-06, 9.78486127678e-07, 7.28842508124e-07], "dmean2": [0.00232262327336, 0.00415984494612, 0.00157658651005, 0.000723147473764, 0.000767448975239, 0.000441015203251, 0.000254632410361, 0.00029032342718, 0.000256609113421, 0.000128261162899, 6.67512867949e-05, 7.51879269956e-05, 0.000133396883029, 9.62737030932e-05, 3.98009397031e-05, 4.24831705459e-05, 4.13354500779e-05, 3.10116447508e-05, 2.13732164411e-05, 2.2702739443e-05, 1.24367261378e-05, 8.12123198557e-06, 7.14591851647e-06, 7.88031593402e-06, 5.09268966198e-06, 8.65942274686e-06, 4.67623704026e-06, 2.67204768534e-06, 2.57577198681e-06, 2.20455331146e-06, 2.05898936656e-06, 2.7154712825e-06, 3.64242282558e-06, 3.19464379572e-06, 2.6646043807e-06, 2.26118800128e-06, 2.08813662539e-06, 1.85618785054e-06, 1.53749897436e-06, 1.15935790745e-06], "mean": [0.00182843429502, 0.00277487188578, 0.00104734755587, 0.000764559372328, 0.000953016453423, 0.000550461525563, 0.000368417677237, 0.000315710669383, 0.000301992637105, 0.000170945437276, 7.90995472926e-05, 8.48314448376e-05, 0.000117930467241, 5.92236610828e-05, 3.72819122276e-05, 4.06283179473e-05, 3.25065157085e-05, 2.27907203225e-05, 1.69028735399e-05, 1.42615972436e-05, 9.51832043938e-06, 6.78951573718e-06, 6.99367274137e-06, 7.98294786364e-06, 4.63265678263e-06, 6.40996131551e-06, 4.34903040514e-06, 2.70643226941e-06, 2.14849228541e-06, 1.69052316323e-06, 1.62867911513e-06, 2.21283244173e-06, 2.40051554101e-06, 2.25503777074e-06, 1.99415330826e-06, 1.90211619611e-06, 1.80134486527e-06, 1.56048838562e-06, 1.41880593674e-06, 1.01342709513e-06], "dvar2": [4.96763059346e-05, 0.000189075944945, 2.53492962656e-05, 1.78516245342e-06, 2.63369929598e-06, 9.91103092929e-07, 4.76324402143e-07, 6.13742940914e-07, 6.05595914749e-07, 1.21518155538e-07, 5.2199347067e-08, 6.2098983733e-08, 2.71887074632e-07, 1.74702989852e-07, 1.58563722152e-08, 2.83271610613e-08, 2.14735358384e-08, 1.25654979755e-08, 8.45567527108e-09, 1.1771609465e-08, 2.42030151476e-09, 8.32310331766e-10, 3.73926473118e-10, 4.27464175168e-10, 2.2458658544e-10, 8.46733627657e-10, 1.71907196811e-10, 4.64004633327e-11, 5.44773254285e-11, 5.04784027078e-11, 4.17257686736e-11, 8.33039054404e-11, 2.11369727277e-10, 1.41768943807e-10, 9.0255379559e-11, 5.92741689065e-11, 6.05554148492e-11, 3.10436502893e-11, 1.48032124753e-11, 9.82260106586e-12], "min": [8.17189393366e-25, 1.62219088575e-24, 1.5398022528e-24, 1.54153399971e-24, 8.01954172007e-25, 9.70450670538e-25, 1.08069901103e-24, 1.88763449453e-24, 1.49633621414e-24, 1.64701712729e-24, 1.57959722864e-24, 1.72825343167e-24, 3.28316276524e-24, 2.11826586878e-24, 2.85511855502e-24, 2.23331570978e-24, 2.37671030918e-24, 3.55069488327e-24, 3.26379642723e-24, 3.05394167707e-24, 2.99027271341e-24, 3.86995241364e-24, 2.68460843973e-24, 3.67412794911e-24, 2.4435702152e-24, 3.10488513104e-24, 3.1666320351e-24, 4.59049047029e-24, 5.00178361361e-24, 4.30972737994e-24, 4.10681342245e-24, 4.99603439533e-24, 5.61538841911e-24, 4.92479749457e-24, 5.2927861185e-24, 5.54833642546e-24, 5.48040248531e-24, 6.72345676203e-24, 6.44726788165e-24, 6.44527719115e-24]}, "spectral_decrease": {"dvar": 6.21495535797e-17, "var": 9.50701839064e-17, "median": -4.89948925875e-09, "max": 1.88312438559e-11, "dmean": 3.67285113434e-09, "dmean2": 5.34036148636e-09, "mean": -7.57529061701e-09, "dvar2": 1.29663710921e-16, "min": -7.10737282361e-08}, "barkbands_kurtosis": {"dvar": 541.012512207, "var": 834.157592773, "median": 7.19345808029, "max": 735.278259277, "dmean": 10.1660022736, "dmean2": 15.6552095413, "mean": 15.594162941, "dvar2": 1208.10595703, "min": -1.94703412056}, "silence_rate_30dB": {"dvar": 0.0477871187031, "var": 0.0483596883714, "median": 1, "max": 1, "dmean": 0.0503224618733, "dmean2": 0.10065407306, "mean": 0.949046313763, "dvar2": 0.0957933217287, "min": 0}, "gfcc": {"mean": [-60.1845207214, 76.0174026489, -79.0537109375, 14.4727239609, -69.8341598511, 6.45171499252, -45.7971229553, 3.84126782417, -28.8463077545, 0.260540693998, -12.4166564941, -1.94878518581, -11.9806013107], "cov": [[27484.6601562, 382.936676025, -593.077697754, 885.679992676, 11.3176765442, 647.928344727, -344.998260498, 585.402587891, -50.4497680664, 247.910690308, -410.508636475, 178.086090088, -314.679595947], [382.936676025, 1737.10400391, 85.6350708008, 7.79463338852, 216.377410889, 31.9778652191, 157.339431763, -4.4094953537, 66.1154403687, -82.9905319214, 56.2805786133, -121.478881836, 25.1002044678], [-593.077697754, 85.6350708008, 1759.11291504, 436.555633545, 426.304107666, 260.3984375, 162.568283081, 114.174285889, 127.711532593, 109.532203674, -64.4339141846, 79.5008087158, 9.50409507751], [885.679992676, 7.79463338852, 436.555633545, 762.789550781, 265.72857666, 95.6042785645, 50.3602676392, 113.974395752, 132.528457642, 16.3146190643, -33.0205726624, 79.6150588989, 1.45087110996], [11.3176765442, 216.377410889, 426.304107666, 265.72857666, 616.997436523, 163.110733032, 147.834945679, 135.187850952, 174.106201172, 67.140953064, -14.6086158752, 53.5984535217, 14.4825906754], [647.928344727, 31.9778652191, 260.3984375, 95.6042785645, 163.110733032, 414.255737305, 215.278915405, 85.4021682739, 24.3106517792, 91.5486755371, 19.144443512, 8.68439483643, -18.6642589569], [-344.998260498, 157.339431763, 162.568283081, 50.3602676392, 147.834945679, 215.278915405, 370.140533447, 101.36227417, 45.9403114319, 67.9205551147, 36.4188156128, -5.8168797493, -14.1925630569], [585.402587891, -4.4094953537, 114.174285889, 113.974395752, 135.187850952, 85.4021682739, 101.36227417, 234.181472778, 99.993888855, 44.6954498291, 21.507188797, 32.9493904114, -4.85529994965], [-50.4497680664, 66.1154403687, 127.711532593, 132.528457642, 174.106201172, 24.3106517792, 45.9403114319, 99.993888855, 228.25428772, 72.1237487793, 0.688421308994, 38.1591072083, 20.3706436157], [247.910690308, -82.9905319214, 109.532203674, 16.3146190643, 67.140953064, 91.5486755371, 67.9205551147, 44.6954498291, 72.1237487793, 174.229537964, 47.8921890259, 20.3811435699, 2.48878765106], [-410.508636475, 56.2805786133, -64.4339141846, -33.0205726624, -14.6086158752, 19.144443512, 36.4188156128, 21.507188797, 0.688421308994, 47.8921890259, 166.844314575, 30.4226493835, 2.26675748825], [178.086090088, -121.478881836, 79.5008087158, 79.6150588989, 53.5984535217, 8.68439483643, -5.8168797493, 32.9493904114, 38.1591072083, 20.3811435699, 30.4226493835, 158.769271851, 44.6196975708], [-314.679595947, 25.1002044678, 9.50409507751, 1.45087110996, 14.4825906754, -18.6642589569, -14.1925630569, -4.85529994965, 20.3706436157, 2.48878765106, 2.26675748825, 44.6196975708, 114.272842407]], "icov": [[6.66935302434e-05, -9.61572295637e-05, 8.03722723504e-05, -8.86256311787e-05, 5.97098442086e-05, -0.000157990856678, 0.000219724344788, -0.00025883957278, 0.000199953530682, -0.000294809637126, 0.000342533225194, -0.000236833846429, 0.000238596519921], [-9.61572295637e-05, 0.000928417255636, -0.000164658151334, 0.000164490309544, -0.000389135500882, 0.000257966225035, -0.000644011539407, 0.000647980254143, -0.000703316298313, 0.00124247057829, -0.0011541940039, 0.00122605205979, -0.000775639549829], [8.03722723504e-05, -0.000164658151334, 0.000892048934475, -0.000401109427912, -0.000244313239818, -0.000419484742451, 0.000234508552239, -0.000273285608273, 0.000403616606491, -0.000762340554502, 0.000840129738208, -0.000537087442353, 0.000306059606373], [-8.86256311787e-05, 0.000164490309544, -0.000401109427912, 0.00194417266175, -0.000435230438598, 2.36635114561e-05, -0.000130419823108, 3.55971460522e-05, -0.000885615125299, 0.000946833286434, -0.000278496008832, -0.000277376297163, 2.39129622059e-05], [5.97098442086e-05, -0.000389135500882, -0.000244313239818, -0.000435230438598, 0.00286315986887, -0.000629226968158, -9.70092733041e-05, -0.000635080272332, -0.00110631645657, -0.000313377415296, 0.000748777820263, -0.000734860426746, 0.000247199641308], [-0.000157990856678, 0.000257966225035, -0.000419484742451, 2.36635114561e-05, -0.000629226968158, 0.00448380364105, -0.0023606326431, 0.000170196857653, 0.00070868851617, -0.000823148118798, -0.000569114054088, 0.000528407108504, -0.000234452032601], [0.000219724344788, -0.000644011539407, 0.000234508552239, -0.000130419823108, -9.70092733041e-05, -0.0023606326431, 0.00518152862787, -0.00197120918892, 0.000772288185544, -0.00146395270713, 0.00069066695869, -0.000431436405051, 0.000964168808423], [-0.00025883957278, 0.000647980254143, -0.000273285608273, 3.55971460522e-05, -0.000635080272332, 0.000170196857653, -0.00197120918892, 0.00728639448062, -0.00302306702361, 0.00167049386073, -0.00209744973108, 0.000530596880708, -0.000322835228872], [0.000199953530682, -0.000703316298313, 0.000403616606491, -0.000885615125299, -0.00110631645657, 0.00070868851617, 0.000772288185544, -0.00302306702361, 0.00840502604842, -0.00417197169736, 0.00217731017619, -0.00143639824819, 1.64473422046e-05], [-0.000294809637126, 0.00124247057829, -0.000762340554502, 0.000946833286434, -0.000313377415296, -0.000823148118798, -0.00146395270713, 0.00167049386073, -0.00417197169736, 0.0105847641826, -0.00441238237545, 0.00180570583325, -0.00134329707362], [0.000342533225194, -0.0011541940039, 0.000840129738208, -0.000278496008832, 0.000748777820263, -0.000569114054088, 0.00069066695869, -0.00209744973108, 0.00217731017619, -0.00441238237545, 0.00964160356671, -0.00364150782116, 0.00187784282025], [-0.000236833846429, 0.00122605205979, -0.000537087442353, -0.000277376297163, -0.000734860426746, 0.000528407108504, -0.000431436405051, 0.000530596880708, -0.00143639824819, 0.00180570583325, -0.00364150782116, 0.0100387800485, -0.00435573747382], [0.000238596519921, -0.000775639549829, 0.000306059606373, 2.39129622059e-05, 0.000247199641308, -0.000234452032601, 0.000964168808423, -0.000322835228872, 1.64473422046e-05, -0.00134329707362, 0.00187784282025, -0.00435573747382, 0.0112788872793]]}, "silence_rate_20dB": {"dvar": 0, "var": 0, "median": 1, "max": 1, "dmean": 0, "dmean2": 0, "mean": 1, "dvar2": 0, "min": 1}, "barkbands_skewness": {"dvar": 1.62246882915, "var": 4.42868471146, "median": 2.27757692337, "max": 25.4653873444, "dmean": 0.954271316528, "dmean2": 1.39266633987, "mean": 2.60822367668, "dvar2": 3.28469753265, "min": -4.63457965851}, "erbbands_skewness": {"dvar": 0.389187753201, "var": 1.42332160473, "median": 1.23024368286, "max": 9.81606006622, "dmean": 0.553854525089, "dmean2": 0.828590631485, "mean": 1.27299380302, "dvar2": 0.835577487946, "min": -5.70584201813}, "spectral_contrast_valleys": {"dvar": [0.314451515675, 0.225768208504, 0.255426794291, 0.238522037864, 0.234690949321, 0.258526146412], "var": [6.78349208832, 5.28311920166, 4.80552577972, 4.74621248245, 4.80560827255, 4.43314552307], "median": [-7.89893245697, -7.27593040466, -8.37740421295, -8.92052268982, -8.49149703979, -10.0264282227], "max": [-5.02793359756, -4.79205560684, -5.05031299591, -5.36866569519, -5.55794382095, -7.4382443428], "dmean": [0.537518024445, 0.46783041954, 0.479695558548, 0.455141365528, 0.423757106066, 0.42243334651], "dmean2": [0.796779811382, 0.724819242954, 0.726307690144, 0.669589221478, 0.609960496426, 0.573054015636], "mean": [-8.31497478485, -7.67146110535, -8.66521167755, -9.23923110962, -8.89432430267, -10.4493131638], "dvar2": [0.576052904129, 0.462850272655, 0.518283009529, 0.427215367556, 0.421726971865, 0.437524676323], "min": [-28.4658470154, -28.0196933746, -27.8436775208, -27.7415313721, -27.5252456665, -27.456281662]}, "spectral_strongpeak": {"dvar": 0.512799859047, "var": 1.19363188744, "median": 0.590647578239, "max": 11.0490570068, "dmean": 0.434547305107, "dmean2": 0.714569807053, "mean": 0.963909864426, "dvar2": 1.16958880424, "min": 0}, "erbbands_crest": {"dvar": 8.8720369339, "var": 26.8578968048, "median": 11.1356220245, "max": 31.4295024872, "dmean": 3.14918756485, "dmean2": 4.99886465073, "mean": 12.1854152679, "dvar2": 21.145275116, "min": 2.39245676994}, "barkbands_crest": {"dvar": 7.66897916794, "var": 21.5050697327, "median": 10.9627914429, "max": 26.6990222931, "dmean": 2.81423974037, "dmean2": 4.37479448318, "mean": 11.8954639435, "dvar2": 17.8617267609, "min": 2.01300573349}, "spectral_energyband_middle_low": {"dvar": 7.66625526012e-05, "var": 0.000198901165277, "median": 0.00991414114833, "max": 0.101190075278, "dmean": 0.00558729656041, "dmean2": 0.00899376254529, "mean": 0.0138797648251, "dvar2": 0.000202601324418, "min": 1.66384863433e-22}, "spectral_contrast_coeffs": {"dvar": [0.00223128614016, 0.00246658641845, 0.00168274168391, 0.00117706228048, 0.000816511164885, 0.000485430093249], "var": [0.0144060961902, 0.0106486929581, 0.00848553329706, 0.00600214023143, 0.00399602856487, 0.00216269516386], "median": [-0.591341495514, -0.649180948734, -0.72096902132, -0.756708741188, -0.789567351341, -0.82369184494], "max": [-0.221610635519, -0.300907611847, -0.350214093924, -0.432496190071, -0.51455616951, -0.539701163769], "dmean": [0.0533037818968, 0.0550928786397, 0.0459954217076, 0.0391392819583, 0.0305183846503, 0.02210688591], "dmean2": [0.0841242298484, 0.085360199213, 0.0695470124483, 0.0586440078914, 0.0461778901517, 0.0338716283441], "mean": [-0.58312779665, -0.648067712784, -0.715774357319, -0.75064688921, -0.781386256218, -0.816066622734], "dvar2": [0.00520098535344, 0.00550926709548, 0.00358209526166, 0.00234370911494, 0.00161649403162, 0.00103772757575], "min": [-0.980260848999, -0.990305066109, -0.990683794022, -0.987375020981, -0.974042594433, -0.965324521065]}, "hfc": {"dvar": 248.863815308, "var": 418.269989014, "median": 10.6593904495, "max": 248.113937378, "dmean": 7.30411672592, "dmean2": 10.7671794891, "mean": 16.6003036499, "dvar2": 565.169311523, "min": 1.06576477985e-16}, "spectral_energyband_high": {"dvar": 1.58646503223e-06, "var": 2.15633667722e-06, "median": 0.00025817239657, "max": 0.0331636890769, "dmean": 0.000455068249721, "dmean2": 0.000690282438882, "mean": 0.000681818230078, "dvar2": 3.60743160854e-06, "min": 6.75021950564e-21}, "erbbands_spread": {"dvar": 274.306945801, "var": 628.565917969, "median": 32.358253479, "max": 189.483581543, "dmean": 12.5229854584, "dmean2": 19.2722187042, "mean": 38.1117172241, "dvar2": 621.082092285, "min": 0.870910525322}, "dissonance": {"dvar": 0.000911306124181, "var": 0.00264025432989, "median": 0.431827306747, "max": 0.499999940395, "dmean": 0.0326356142759, "dmean2": 0.053517639637, "mean": 0.422249048948, "dvar2": 0.00233117770404, "min": 0.139093235135}, "spectral_kurtosis": {"dvar": 29.8206386566, "var": 68.551902771, "median": 3.86690926552, "max": 121.261100769, "dmean": 2.44510769844, "dmean2": 3.77049422264, "mean": 5.59355926514, "dvar2": 65.0464782715, "min": -1.291036129}, "spectral_skewness": {"dvar": 0.215434446931, "var": 0.769552886486, "median": 1.78368091583, "max": 9.11474990845, "dmean": 0.334747076035, "dmean2": 0.499886184931, "mean": 1.89101850986, "dvar2": 0.431375205517, "min": -0.161636650562}, "pitch_salience": {"dvar": 0.006397892721, "var": 0.0173178780824, "median": 0.503332495689, "max": 0.985035300255, "dmean": 0.078543625772, "dmean2": 0.124216765165, "mean": 0.501617074013, "dvar2": 0.0144636351615, "min": 0.0551865585148}, "spectral_complexity": {"dvar": 18.2879543304, "var": 49.7288551331, "median": 9, "max": 55, "dmean": 2.51012802124, "dmean2": 3.77107548714, "mean": 9.9183473587, "dvar2": 35.8703956604, "min": 0}, "spectral_spread": {"dvar": 2021213208580.0, "var": 15903241535500.0, "median": 6084126.5, "max": 43206072, "dmean": 1143525.625, "dmean2": 1695925.25, "mean": 6623914.5, "dvar2": 4158111350780.0, "min": 898545.875}, "dynamic_complexity": 4.65732145309, "melbands_crest": {"dvar": 10.0747079849, "var": 30.832277298, "median": 14.3149929047, "max": 34.3999443054, "dmean": 3.17276954651, "dmean2": 5.06656265259, "mean": 15.114282608, "dvar2": 23.356546402, "min": 1.55956614017}, "zerocrossingrate": {"dvar": 0.00038598064566, "var": 0.00384143274277, "median": 0.04736328125, "max": 0.5205078125, "dmean": 0.0143762435764, "dmean2": 0.0171650722623, "mean": 0.0615451224148, "dvar2": 0.000486462260596, "min": 0.0029296875}, "spectral_energyband_low": {"dvar": 0.000883871398401, "var": 0.00105700129643, "median": 0.00306599261239, "max": 0.261476248503, "dmean": 0.00984626170248, "dmean2": 0.0142894135788, "mean": 0.0133422911167, "dvar2": 0.00186050124466, "min": 1.76560765214e-23}, "melbands_kurtosis": {"dvar": 2715.50415039, "var": 3928.52124023, "median": 15.2505083084, "max": 1264.61535645, "dmean": 22.3930301666, "dmean2": 34.8916130066, "mean": 33.7182884216, "dvar2": 6034.1796875, "min": -1.89634275436}, "spectral_energyband_middle_high": {"dvar": 3.22484665958e-05, "var": 4.68291291327e-05, "median": 0.000828110263683, "max": 0.0746728032827, "dmean": 0.00177788373549, "dmean2": 0.00268279807642, "mean": 0.00328445713967, "dvar2": 8.03097718745e-05, "min": 1.12629122232e-21}, "barkbands_spread": {"dvar": 94.2822952271, "var": 218.93850708, "median": 12.3884029388, "max": 126.13117218, "dmean": 6.25702762604, "dmean2": 9.57312583923, "mean": 16.3796787262, "dvar2": 207.261856079, "min": 0.225464910269}, "mfcc": {"mean": [-711.473571777, 116.247444153, 34.0061340332, 10.8181800842, 1.31621587276, -5.29411172867, -3.69833850861, -5.02168321609, -11.4133110046, -0.696884155273, -5.11221551895, -3.58614969254, -2.63336777687], "cov": [[14206.7197266, 350.930969238, -289.517974854, 261.576904297, 351.503051758, 216.06338501, 157.947463989, 293.160339355, 184.780395508, 295.021087646, 309.310211182, 82.3062591553, 30.2165584564], [350.930969238, 1771.35253906, 190.250259399, 21.3167533875, 124.456436157, 65.7807235718, 158.529434204, 38.1128044128, 60.6267242432, 72.5741119385, 23.0238838196, 5.89115095139, 5.63311290741], [-289.517974854, 190.250259399, 1169.87011719, 300.217956543, 238.069076538, 242.20930481, 145.635131836, 94.5406951904, 120.634597778, 63.2609634399, 13.8111953735, 83.2156829834, 39.0882797241], [261.576904297, 21.3167533875, 300.217956543, 651.179077148, 315.064422607, 116.593040466, -13.1218576431, 152.100723267, 123.631835938, 42.8506851196, 24.7219524384, 70.0185699463, 55.2324180603], [351.503051758, 124.456436157, 238.069076538, 315.064422607, 522.938293457, 145.923965454, 14.1601343155, 124.236839294, 131.808944702, 76.4712371826, 46.5421257019, 62.0193481445, 35.2878684998], [216.06338501, 65.7807235718, 242.20930481, 116.593040466, 145.923965454, 381.991973877, 170.626571655, 90.1210098267, 14