{"tonal": {"hpcp": {"dvar": [0.0452135205269, 0.0401246286929, 0.0315212421119, 0.0255490187556, 0.0227042585611, 0.020678607747, 0.0239820908755, 0.0225657187402, 0.0267249587923, 0.0447940118611, 0.0444250740111, 0.0437498651445, 0.0452710352838, 0.0483022257686, 0.0544267967343, 0.0465171188116, 0.0467185303569, 0.046446852386, 0.0385596752167, 0.0314505398273, 0.0260125380009, 0.0280910693109, 0.0258433986455, 0.0277622435242, 0.0547134615481, 0.0456178970635, 0.0538034029305, 0.0406771115959, 0.0213529877365, 0.0162000246346, 0.022075496614, 0.0260982364416, 0.0319941751659, 0.0323071852326, 0.0338918343186, 0.0387336872518], "var": [0.101576022804, 0.0751221999526, 0.0410758554935, 0.0276407282799, 0.022755427286, 0.0219165869057, 0.0300377681851, 0.0271639898419, 0.029360121116, 0.0623745210469, 0.0828939601779, 0.0604542903602, 0.040837418288, 0.0507926493883, 0.101267412305, 0.110772892833, 0.0830234885216, 0.0607632733881, 0.0378015935421, 0.0249418243766, 0.0232970155776, 0.0298435445875, 0.0257821660489, 0.0272005349398, 0.0728636756539, 0.135718077421, 0.107012264431, 0.0513852313161, 0.0231957044452, 0.0151827000082, 0.0246776062995, 0.0403691083193, 0.0441654138267, 0.0381522551179, 0.0306906010956, 0.0560936406255], "median": [0.172624543309, 0.168641388416, 0.0926100611687, 0.0391960591078, 0.0200904607773, 0.0223853196949, 0.0369846299291, 0.0562870167196, 0.0593944564462, 0.0939157903194, 0.122050270438, 0.0778104364872, 0.0352760925889, 0.0615764856339, 0.170195057988, 0.243779286742, 0.194022715092, 0.0957893803716, 0.0314786918461, 0.0166180990636, 0.0288665145636, 0.0412204712629, 0.0602919831872, 0.0667290240526, 0.07200050354, 0.0795650482178, 0.0800789967179, 0.0436115190387, 0.0253406260163, 0.0161735955626, 0.0379148349166, 0.0815118998289, 0.106454327703, 0.081837631762, 0.0577057301998, 0.0874191597104], "max": [1, 1, 1, 1, 1, 1, 1, 1, 1, 1, 1, 1, 1, 1, 1, 1, 1, 1, 1, 1, 1, 1, 1, 1, 1, 1, 1, 1, 1, 1, 1, 1, 1, 1, 1, 1], "dmean": [0.177027195692, 0.180605828762, 0.136977761984, 0.0980113819242, 0.0778347104788, 0.0765911862254, 0.0950280502439, 0.0951370373368, 0.112386278808, 0.169792711735, 0.170821964741, 0.158431857824, 0.140047505498, 0.172318950295, 0.213438346982, 0.206358790398, 0.203234568238, 0.165320575237, 0.114801742136, 0.0819279924035, 0.0859813913703, 0.102037124336, 0.10050470382, 0.112728342414, 0.175926849246, 0.156080156565, 0.177531898022, 0.139275968075, 0.0775832980871, 0.0612360276282, 0.0838410556316, 0.12145037204, 0.139316514134, 0.132552236319, 0.131527364254, 0.157432675362], "dmean2": [0.304695934057, 0.310237139463, 0.242113038898, 0.168477073312, 0.134602159262, 0.131696805358, 0.163464456797, 0.161600247025, 0.195722132921, 0.291127592325, 0.295874983072, 0.272626966238, 0.250279128551, 0.302206933498, 0.368804484606, 0.346356838942, 0.348214238882, 0.287673205137, 0.202548578382, 0.147914946079, 0.15269818902, 0.178620249033, 0.173717737198, 0.195927470922, 0.294118791819, 0.271593391895, 0.297338485718, 0.242676585913, 0.136143743992, 0.107704013586, 0.144891545177, 0.205611616373, 0.235914289951, 0.231073915958, 0.234707757831, 0.274970442057], "mean": [0.300430119038, 0.272446602583, 0.170281156898, 0.105187527835, 0.0750218182802, 0.0781171992421, 0.10969145596, 0.118904165924, 0.123813010752, 0.20058915019, 0.249169871211, 0.187530010939, 0.123601362109, 0.16374565661, 0.302966177464, 0.360371828079, 0.294120758772, 0.195948168635, 0.107938893139, 0.0696125030518, 0.0819191336632, 0.106102511287, 0.116792589426, 0.124322198331, 0.197814077139, 0.303092122078, 0.263153076172, 0.145420730114, 0.0796274766326, 0.0584612451494, 0.093904197216, 0.162135511637, 0.183244839311, 0.154808580875, 0.124655775726, 0.191350013018], "dvar2": [0.122095368803, 0.112096585333, 0.0875146836042, 0.0700119137764, 0.0615397244692, 0.0569813735783, 0.0639499798417, 0.060201652348, 0.0716178864241, 0.121432699263, 0.123521506786, 0.120976611972, 0.124973729253, 0.134250357747, 0.139218464494, 0.122563406825, 0.121052905917, 0.116285063326, 0.100413203239, 0.0860330015421, 0.0706605389714, 0.0755084604025, 0.0717536658049, 0.0728705376387, 0.125576540828, 0.121078945696, 0.125748306513, 0.104334972799, 0.0585096739233, 0.0444422475994, 0.0580006912351, 0.0708705857396, 0.0847898721695, 0.087535597384, 0.0972212031484, 0.107368662953], "min": [0, 0, 0, 0, 0, 0, 0, 0, 0, 0, 0, 0, 0, 0, 0, 0, 0, 0, 0, 0, 0, 0, 0, 0, 0, 0, 0, 0, 0, 0, 0, 0, 0, 0, 0, 0]}, "key_key": "D", "thpcp": [1, 0.816159129143, 0.54373884201, 0.299520909786, 0.19316855073, 0.227318361402, 0.294425100088, 0.324089109898, 0.344983130693, 0.548916578293, 0.841053903103, 0.730226576328, 0.403529673815, 0.220959216356, 0.162224799395, 0.260575860739, 0.4499117136, 0.508488237858, 0.429580152035, 0.345908761024, 0.530979394913, 0.833667039871, 0.756015241146, 0.472515165806, 0.291886091232, 0.208178922534, 0.216768324375, 0.304384112358, 0.329948574305, 0.343570172787, 0.556617200375, 0.691424369812, 0.520379245281, 0.342982858419, 0.454379737377, 0.840704381466], "chords_key": "D", "tuning_equal_tempered_deviation": 0.283674240112, "tuning_frequency": 431.941772461, "tuning_diatonic_strength": 0.541156709194, "chords_histogram": [30.6267814636, 19.4444446564, 6.69515657425, 7.19373226166, 0, 14.8148145676, 0, 3.63247871399, 0, 0.569800555706, 0, 0.783475756645, 0.783475756645, 0, 0, 0.783475756645, 1.78062677383, 1.13960111141, 7.33618211746, 0.0712250694633, 0, 0, 2.63532757759, 1.70940172672], "key_strength": 0.592414140701, "key_scale": "minor", "chords_strength": {"dvar": 8.2140257291e-05, "var": 0.0183058660477, "median": 0.540367543697, "max": 0.864992380142, "dmean": 0.00940541457385, "dmean2": 0.0109407622367, "mean": 0.542912364006, "dvar2": 0.000156969224918, "min": 0.248411208391}, "chords_number_rate": 0.00783475767821, "tuning_nontempered_energy_ratio": 0.926774322987, "hpcp_entropy": {"dvar": 0.242043554783, "var": 0.462237536907, "median": 2.36830043793, "max": 4.13469028473, "dmean": 0.618705809116, "dmean2": 1.06400549412, "mean": 2.29526519775, "dvar2": 0.689818501472, "min": 0}, "chords_changes_rate": 0.0519943013787, "chords_scale": "minor"}, "rhythm": {"bpm_histogram_first_peak_spread": {"dvar": 0, "var": 0, "median": 0.474576294422, "max": 0.474576294422, "dmean": 0, "dmean2": 0, "mean": 0.474576294422, "dvar2": 0, "min": 0.474576294422}, "bpm_histogram_first_peak_weight": {"dvar": 0, "var": 0, "median": 0.218309864402, "max": 0.218309864402, "dmean": 0, "dmean2": 0, "mean": 0.218309864402, "dvar2": 0, "min": 0.218309864402}, "bpm_histogram_first_peak_bpm": {"dvar": 0, "var": 0, "median": 140, "max": 140, "dmean": 0, "dmean2": 0, "mean": 140, "dvar2": 0, "min": 140}, "bpm": 139.339065552, "bpm_histogram_second_peak_weight": {"dvar": 0, "var": 0, "median": 0.0915492922068, "max": 0.0915492922068, "dmean": 0, "dmean2": 0, "mean": 0.0915492922068, "dvar2": 0, "min": 0.0915492922068}, "beats_loudness": {"dvar": 0.000891150615644, "var": 0.0011376402108, "median": 0.0242207534611, "max": 0.182465359569, "dmean": 0.021784376353, "dmean2": 0.039441999048, "mean": 0.034381814301, "dvar2": 0.00236810836941, "min": 8.65930704919e-09}, "beats_loudness_band_ratio": {"dvar": [0.0116362357512, 0.00397512828931, 0.0257412418723, 0.0207593105733, 0.000173639564309, 0.00834314897656], "var": [0.0304906181991, 0.00628779502586, 0.0297048781067, 0.0317700505257, 0.00022170979355, 0.0175252910703], "median": [0.236343279481, 0.110706500709, 0.0934272930026, 0.132955014706, 0.0152237517759, 0.268563896418], "max": [0.768346190453, 0.379479795694, 0.800628662109, 0.864390850067, 0.108266584575, 0.502123951912], "dmean": [0.115808524191, 0.079928688705, 0.134603515267, 0.120469510555, 0.0122524369508, 0.119676306844], "dmean2": [0.199344277382, 0.136771842837, 0.242023542523, 0.2071505934, 0.0208138823509, 0.206811100245], "mean": [0.266966581345, 0.127506673336, 0.162815839052, 0.19408147037, 0.0190390702337, 0.259835988283], "dvar2": [0.0298514459282, 0.0115106515586, 0.0641967952251, 0.0517471320927, 0.000441239943029, 0.0268215201795], "min": [0.00014871363237, 0.000522254966199, 0.00621562870219, 0.0121630746871, 0.00035438282066, 0.0156756415963]}, "bpm_histogram_second_peak_bpm": {"dvar": 0, "var": 0, "median": 157, "max": 157, "dmean": 0, "dmean2": 0, "mean": 157, "dvar2": 0, "min": 157}, "onset_rate": 1.22805643082, "beats_count": 143, "beats_position": [0.371519267559, 0.743038535118, 1.1261677742, 1.49768710136, 1.86920630932, 2.24072551727, 2.62385487556, 3.00698399544, 3.39011335373, 3.76163268089, 4.14476203918, 4.52789115906, 4.91102027893, 5.2941493988, 5.67727899551, 6.06040811539, 6.44353723526, 6.82666635513, 7.20979595184, 7.63936471939, 8.06893444061, 8.498503685, 8.92807197571, 9.35764122009, 9.78721046448, 10.2051696777, 10.6347389221, 11.0643081665, 11.4938774109, 11.9234466553, 12.3530158997, 12.782585144, 13.2121543884, 13.6533327103, 14.0945119858, 14.5356912613, 14.9652605057, 15.3948297501, 15.8243989944, 16.2539672852, 16.6719264984, 17.0898857117, 17.5078449249, 17.9258041382, 18.3553733826, 18.784942627, 19.2145118713, 19.6208610535, 20.0388202667, 20.45677948, 20.8050785065, 21.1417675018, 21.4784584045, 21.8151473999, 22.1518363953, 22.4769153595, 22.8019943237, 23.1270751953, 23.4521541595, 23.8585033417, 24.2648525238, 24.6828117371, 25.0891609192, 25.5419502258, 25.9947395325, 26.4591369629, 26.9003162384, 27.3414955139, 27.7826747894, 28.2354640961, 28.6766433716, 29.106212616, 29.5357818604, 29.9769611359, 30.4181404114, 30.8593196869, 31.3237190247, 31.7881164551, 32.2525177002, 32.7169151306, 33.1813163757, 33.6457138062, 34.1101112366, 34.5745124817, 35.0389099121, 35.514919281, 35.9561004639, 36.3856697083, 36.8152389526, 37.3028564453, 37.7788658142, 38.2548751831, 38.730884552, 39.2068939209, 39.6712913513, 40.1356925964, 40.6116981506, 41.0877075195, 41.5637168884, 42.0397262573, 42.5157356262, 42.9917449951, 43.4097061157, 43.8276634216, 44.257232666, 44.6984100342, 45.139591217, 45.5807685852, 46.0219497681, 46.4747390747, 46.9159164429, 47.3570976257, 47.7866668701, 48.2162361145, 48.6341934204, 49.0637626648, 49.4933319092, 49.9229011536, 50.3524703979, 50.8981399536, 51.4321975708, 51.9546470642, 52.4770965576, 53.0111541748, 53.5568237305, 54.1024932861, 54.6597709656, 55.2286605835, 55.7975502014, 56.3664398193, 56.9237174988, 57.4809951782, 58.0498847961, 58.5955543518, 59.1412239075, 59.8262138367, 60.4763717651, 61.1265296936, 61.7882995605, 62.4500656128, 63.1118354797, 63.7736053467, 64.4469833374], "danceability": 0.993359982967, "bpm_histogram_second_peak_spread": {"dvar": 0, "var": 0, "median": 0.277777791023, "max": 0.277777791023, "dmean": 0, "dmean2": 0, "mean": 0.277777791023, "dvar2": 0, "min": 0.277777791023}}, "lowlevel": {"spectral_flux": {"dvar": 0.00088455027435, "var": 0.00308448937722, "median": 0.0748294219375, "max": 0.459120392799, "dmean": 0.0190449412912, "dmean2": 0.0294479411095, "mean": 0.0827957317233, "dvar2": 0.00186189636588, "min": 9.06651712285e-06}, "spectral_rolloff": {"dvar": 36437076, "var": 59129844, "median": 21770.0683594, "max": 21985.4003906, "dmean": 2293.93994141, "dmean2": 4468.99121094, "mean": 18128.4707031, "dvar2": 89739168, "min": 236.865234375}, "barkbands_flatness_db": {"dvar": 0.00055175909074, "var": 0.0017125280574, "median": 0.15880304575, "max": 0.404195964336, "dmean": 0.024516068399, "dmean2": 0.039804585278, "mean": 0.165873676538, "dvar2": 0.001480670413, "min": 0.0467495657504}, "spectral_centroid": {"dvar": 8311.4375, "var": 121347.273438, "median": 717.891479492, "max": 3856.51464844, "dmean": 104.154144287, "dmean2": 167.316452026, "mean": 752.088378906, "dvar2": 20149.4707031, "min": 227.503585815}, "melbands_skewness": {"dvar": 0.269012868404, "var": 1.48242795467, "median": 1.50566267967, "max": 6.56863451004, "dmean": 0.577825427055, "dmean2": 0.91786801815, "mean": 1.54267907143, "dvar2": 0.62110042572, "min": -2.39110970497}, "melbands": {"dvar": [5.75930357627e-07, 8.63844945798e-07, 9.35160215931e-08, 1.2694073348e-07, 1.43875055869e-07, 1.01781139961e-07, 2.50246671385e-07, 1.07426285467e-06, 1.22949018078e-06, 1.60434262853e-06, 8.59667864006e-07, 5.31623811639e-07, 7.92493608515e-07, 2.06490071264e-07, 4.98676691052e-08, 1.10672973008e-08, 6.09421713094e-09, 3.3007671596e-10, 5.06466847627e-11, 1.02852067141e-10, 3.08075544242e-11, 1.70399961502e-11, 5.76168886907e-12, 7.9075672876e-13, 1.09896141666e-12, 2.57833386802e-13, 1.20228439292e-13, 1.37945956199e-13, 4.50788596718e-14, 2.88169282273e-14, 1.22659383193e-14, 7.07344847571e-15, 5.83989660693e-15, 4.44145664596e-15, 2.78364206753e-15, 1.95138772762e-15, 1.46094665144e-15, 1.13034810394e-15, 8.80517800786e-16, 7.07565160841e-16], "var": [1.19334049486e-06, 2.43173758463e-06, 5.52090000383e-07, 3.59644531045e-07, 3.78625770736e-07, 1.16695197505e-07, 3.68865983091e-07, 1.22177641515e-06, 1.53761061483e-06, 1.49912943925e-06, 9.35294792725e-07, 6.61849412609e-07, 7.89226191955e-07, 2.83178025029e-07, 8.19919918627e-08, 1.35493305464e-08, 1.00699244499e-08, 6.09860550949e-10, 9.44025274618e-11, 1.86552731596e-10, 5.42450563634e-11, 2.70888016879e-11, 1.01188181098e-11, 1.08730049703e-12, 2.18647799519e-12, 5.06587610402e-13, 3.40066191352e-13, 3.66925267297e-13, 1.01360658419e-13, 4.53648010541e-14, 1.84954421299e-14, 9.55382437252e-15, 7.94260422948e-15, 6.00661598436e-15, 3.33447754576e-15, 2.04962978522e-15, 1.52502098813e-15, 1.15454000018e-15, 9.11148153285e-16, 7.27189908377e-16], "median": [0.00037569279084, 0.000643469044007, 0.000334222160745, 0.000328493886627, 0.000210748956306, 8.83563334355e-05, 0.0001280096767, 0.000111883025966, 3.95773531636e-05, 2.61913864961e-05, 5.14097337145e-05, 6.66494452162e-05, 3.83398983104e-05, 5.69168696529e-05, 5.30886100023e-05, 2.32101119764e-05, 2.04585521715e-05, 1.17305589811e-05, 5.82728580412e-06, 4.46792182629e-06, 3.2433601973e-06, 1.85434680589e-06, 1.02285889625e-06, 4.46710828328e-07, 6.25115035291e-07, 3.23485608078e-07, 2.79175253581e-07, 2.75559159491e-07, 1.39536439292e-07, 8.71701075766e-08, 5.99884373287e-08, 4.28315445333e-08, 3.81193885346e-08, 2.75426081942e-08, 1.96222949e-08, 1.1558704216e-08, 8.96715146581e-09, 7.9052089319e-09, 6.12029404934e-09, 4.71434802307e-09], "max": [0.0135092604905, 0.0202513281256, 0.00569265987724, 0.0051751062274, 0.00501742260531, 0.00480170408264, 0.00892809312791, 0.0259680468589, 0.0284627005458, 0.0270357653499, 0.0136393466964, 0.0155134452507, 0.0172936581075, 0.00988680962473, 0.00450334371999, 0.00235841772519, 0.00105005409569, 0.000338993908372, 8.89224465936e-05, 0.000155035828357, 0.00010474222654, 5.72750977881e-05, 3.25163382513e-05, 1.60071722348e-05, 1.79730122909e-05, 7.51990864956e-06, 5.75183685214e-06, 5.6760222833e-06, 3.62512491847e-06, 2.48879268838e-06, 1.49350410084e-06, 1.45757030623e-06, 1.36588471378e-06, 1.28596786908e-06, 1.03523075268e-06, 7.76644696998e-07, 6.37916059532e-07, 5.91190030264e-07, 4.99206066706e-07, 4.41339892632e-07], "dmean": [0.000422456330853, 0.000525608193129, 0.000221121314098, 0.000256350554992, 0.00024029467022, 0.000130857428303, 0.000209526362596, 0.000255172461038, 0.000245805102168, 0.000282780529233, 0.000249068078119, 0.000219328780076, 0.000203003364732, 0.000153082190081, 9.81135672191e-05, 4.26837359555e-05, 3.61390812031e-05, 1.07401410787e-05, 4.66681285616e-06, 5.55988117412e-06, 3.20486992678e-06, 2.14204419535e-06, 1.34500942295e-06, 4.33048484183e-07, 6.43930889055e-07, 3.02571379507e-07, 2.32892048757e-07, 2.44669507765e-07, 1.25003069229e-07, 9.45248714856e-08, 6.4104362707e-08, 4.68330263459e-08, 4.1830794828e-08, 3.58662610722e-08, 2.76541616273e-08, 2.16755058347e-08, 1.86358342091e-08, 1.62754432154e-08, 1.45116514361e-08, 1.30990240876e-08], "dmean2": [0.000715508242138, 0.000904715619981, 0.000341219798429, 0.000405467348173, 0.000395957555156, 0.000214890969801, 0.000339160789736, 0.000412100314861, 0.000401405937737, 0.000448976352345, 0.000401989149395, 0.000342656829162, 0.000318010017509, 0.000240571142058, 0.000155473142513, 6.73285394441e-05, 5.8094276028e-05, 1.76483226824e-05, 7.75243461248e-06, 9.17959641811e-06, 5.32954572918e-06, 3.61666070603e-06, 2.17905130739e-06, 7.11253107966e-07, 1.04714615645e-06, 4.99676787058e-07, 3.71891644591e-07, 3.94253760305e-07, 2.07076197967e-07, 1.5720712554e-07, 1.06584899129e-07, 7.73880515226e-08, 7.01131384062e-08, 5.99190386197e-08, 4.61964368981e-08, 3.6249662827e-08, 3.11728634017e-08, 2.73399241024e-08, 2.43100544139e-08, 2.18838849264e-08], "mean": [0.00079894735245, 0.00118160643615, 0.000591564225033, 0.000527049822267, 0.00043819079292, 0.000184322314453, 0.000296955171507, 0.000332963420078, 0.000265757698799, 0.000280388630927, 0.00027653365396, 0.000257455394603, 0.000213194347452, 0.000193183936062, 0.000142811622936, 5.86557507631e-05, 5.38971071364e-05, 1.97193839995e-05, 8.573224477e-06, 9.23789775698e-06, 5.37729920325e-06, 3.42457565239e-06, 2.13033922591e-06, 7.47369199416e-07, 1.13102601063e-06, 5.40666690085e-07, 4.76831189644e-07, 4.85659484184e-07, 2.3643669067e-07, 1.53997248731e-07, 1.00865712227e-07, 7.18920674103e-08, 6.46183266895e-08, 5.23668610697e-08, 3.76152193837e-08, 2.53415191054e-08, 2.08825188253e-08, 1.83085102634e-08, 1.56049591027e-08, 1.35241204902e-08], "dvar2": [1.80872871169e-06, 2.74227409136e-06, 2.3532155069e-07, 3.43445890394e-07, 3.7508806372e-07, 2.5055550168e-07, 5.99654185862e-07, 2.48550963988e-06, 2.58660315922e-06, 4.04628872275e-06, 2.14257033804e-06, 1.16153171348e-06, 1.83757140348e-06, 4.49896532473e-07, 1.10915955531e-07, 2.62434287635e-08, 1.50087497985e-08, 8.53102699594e-10, 1.32734531699e-10, 2.75002409733e-10, 7.88577467215e-11, 4.71897382281e-11, 1.43568976152e-11, 2.04596799572e-12, 2.86746082608e-12, 6.77421606223e-13, 2.91391151659e-13, 3.45989431766e-13, 1.09253833194e-13, 7.42265474887e-14, 3.24726309481e-14, 1.83108363812e-14, 1.52077938594e-14, 1.13940983181e-14, 7.29390658793e-15, 5.07920681019e-15, 3.78705169641e-15, 2.93960857345e-15, 2.28862351942e-15, 1.84376287431e-15], "min": [4.54453742162e-14, 8.41683595379e-15, 9.88223768089e-15, 1.07404523101e-14, 2.08221315217e-14, 2.48369948469e-14, 2.96681861749e-14, 1.50280958196e-14, 6.5679239662e-15, 2.72327254707e-15, 3.86518286249e-15, 1.69510213344e-15, 2.0723262448e-15, 5.49684868681e-15, 1.2755169303e-14, 5.39744640583e-15, 5.19643871119e-15, 6.849725475e-15, 1.42017728279e-14, 7.58160641066e-15, 1.70897113328e-15, 6.35327057077e-15, 8.09136100271e-15, 1.18064331098e-14, 7.01591291574e-15, 5.42687910669e-15, 7.5211790802e-15, 4.19154338652e-15, 2.35876716481e-15, 3.06773395342e-15, 8.68908758963e-15, 1.29639468309e-14, 6.92315941988e-15, 5.54379591143e-15, 6.48790137554e-15, 1.22127810726e-14, 9.28517686187e-15, 7.3769556273e-15, 9.4726769221e-15, 6.97816573947e-15]}, "spectral_decrease": {"dvar": 1.73958481644e-17, "var": 3.14204390242e-17, "median": -1.92123117415e-09, "max": 4.1198928713e-09, "dmean": 2.22390195148e-09, "dmean2": 3.39413697148e-09, "mean": -3.5198786108e-09, "dvar2": 3.5358688934e-17, "min": -6.77941969229e-08}, "barkbands_kurtosis": {"dvar": 44.9110641479, "var": 66.5371780396, "median": 5.10708427429, "max": 252.904571533, "dmean": 3.49308609962, "dmean2": 5.76350831985, "mean": 7.17515707016, "dvar2": 112.334487915, "min": -1.49804854393}, "silence_rate_30dB": {"dvar": 0.0256848968565, "var": 0.0256762541831, "median": 1, "max": 1, "dmean": 0.0263814609498, "dmean2": 0.0527817420661, "mean": 0.973627924919, "dvar2": 0.0599822029471, "min": 0}, "gfcc": {"mean": [-68.5940475464, 123.115074158, -90.3643722534, -32.6348991394, -11.8040390015, -9.26296710968, -4.93553781509, -20.8185768127, -9.19957351685, -9.46155071259, -1.76510798931, -6.70092916489, -5.2785654068], "cov": [[16956.1777344, 1780.76574707, 22.9616298676, -121.788650513, 221.098266602, -299.073272705, 26.8381156921, -334.557189941, -118.502609253, -83.73487854, 124.767837524, -41.6286811829, 85.1990890503], [1780.76574707, 811.667297363, 110.525871277, -71.1418685913, 165.346939087, -110.114151001, 59.9402236938, -127.371948242, 33.3808174133, -79.899520874, -4.72062587738, -49.9201927185, 6.74157476425], [22.9616298676, 110.525871277, 407.916656494, 306.193267822, 140.439834595, 32.5116157532, -57.8207092285, 10.5130319595, 9.0059595108, 12.6655063629, -18.3278636932, -6.03562116623, -5.36946296692], [-121.788650513, -71.1418685913, 306.193267822, 459.459014893, 250.099349976, 3.77914786339, -35.2565803528, -17.3607368469, 7.23836421967, 18.4390888214, -4.73798513412, 20.5052394867, -13.9239273071], [221.098266602, 165.346939087, 140.439834595, 250.099349976, 332.114135742, -19.0080909729, 21.7346725464, -85.4989700317, 14.248799324, -13.1529541016, 11.3360061646, 8.52174663544, -8.91578769684], [-299.073272705, -110.114151001, 32.5116157532, 3.77914786339, -19.0080909729, 163.757553101, 10.4722805023, 43.953414917, -33.0995254517, 0.68937933445, -12.6598234177, -0.937128722668, 3.82345843315], [26.8381156921, 59.9402236938, -57.8207092285, -35.2565803528, 21.7346725464, 10.4722805023, 126.976356506, 16.6924667358, 10.6504125595, -19.5473766327, -1.08236730099, 9.79981517792, -2.48990797997], [-334.557189941, -127.371948242, 10.5130319595, -17.3607368469, -85.4989700317, 43.953414917, 16.6924667358, 140.569335938, 30.6832351685, 14.5451478958, -12.7294254303, -3.52374219894, 2.00366568565], [-118.502609253, 33.3808174133, 9.0059595108, 7.23836421967, 14.248799324, -33.0995254517, 10.6504125595, 30.6832351685, 84.7990493774, 27.2562274933, -4.20608615875, -5.44215297699, -6.483502388], [-83.73487854, -79.899520874, 12.6655063629, 18.4390888214, -13.1529541016, 0.68937933445, -19.5473766327, 14.5451478958, 27.2562274933, 68.8321990967, 29.1999053955, 1.64005696774, -4.12612342834], [124.767837524, -4.72062587738, -18.3278636932, -4.73798513412, 11.3360061646, -12.6598234177, -1.08236730099, -12.7294254303, -4.20608615875, 29.1999053955, 62.331829071, 25.1649703979, -0.613731384277], [-41.6286811829, -49.9201927185, -6.03562116623, 20.5052394867, 8.52174663544, -0.937128722668, 9.79981517792, -3.52374219894, -5.44215297699, 1.64005696774, 25.1649703979, 60.746383667, 15.3519716263], [85.1990890503, 6.74157476425, -5.36946296692, -13.9239273071, -8.91578769684, 3.82345843315, -2.48990797997, 2.00366568565, -6.483502388, -4.12612342834, -0.613731384277, 15.3519716263, 51.0817909241]], "icov": [[9.57047450356e-05, -0.000443737924797, 0.000347975379555, -0.000337784760632, 0.000162044234457, -1.63320164575e-05, 0.00015547988005, -0.00020227850473, 0.00046779846889, -0.000487008423079, 0.000118857591588, -0.00019662619161, -3.09822062263e-05], [-0.000443737924797, 0.00699538784102, -0.00664213905111, 0.00630093878135, -0.00303253927268, 0.00216253520921, -0.00340895866975, 0.00453684385866, -0.00594610162079, 0.00884381402284, -0.00509806303307, 0.00578549597412, -0.0020394239109], [0.000347975379555, -0.00664213905111, 0.012029921636, -0.0100549543276, 0.0033402973786, -0.0034713097848, 0.00497987959534, -0.00467912154272, 0.00422463333234, -0.00720124039799, 0.00463574379683, -0.0038960124366, 0.00127018801868], [-0.000337784760632, 0.00630093878135, -0.0100549543276, 0.0141202146187, -0.00843754503876, 0.00383982411586, -0.0020807152614, 0.00131018669344, -0.00122506194748, 0.00286286184564, 0.000232517093536, 0.000409156054957, 0.000566469680052], [0.000162044234457, -0.00303253927268, 0.0033402973786, -0.00843754503876, 0.0105929523706, -0.00289948168211, -0.00108362559695, 0.00405719829723, -0.00320397899486, 0.00185138767119, -0.00335614406504, 0.000863587018102, -0.000521877023857], [-1.63320164575e-05, 0.00216253520921, -0.0034713097848, 0.00383982411586, -0.00289948168211, 0.0100254276767, -0.00229682167992, -0.00274676200934, 0.00560043845326, -0.0019433577545, 0.00250597274862, 0.000516781641636, -0.000408423569752], [0.00015547988005, -0.00340895866975, 0.00497987959534, -0.0020807152614, -0.00108362559695, -0.00229682167992, 0.0124196745455, -0.00484620220959, 0.000916655000765, -0.000789544486906, 0.00221902714111, -0.00512472074479, 0.00254452368245], [-0.00020227850473, 0.00453684385866, -0.00467912154272, 0.00131018669344, 0.00405719829723, -0.00274676200934, -0.00484620220959, 0.016547145322, -0.0115005318075, 0.00794466771185, -0.00526799540967, 0.00548217026517, -0.00289648328908], [0.00046779846889, -0.00594610162079, 0.00422463333234, -0.00122506194748, -0.00320397899486, 0.00560043845326, 0.000916655000765, -0.0115005318075, 0.0287853144109, -0.0219177156687, 0.0145957600325, -0.00791606400162, 0.00406960071996], [-0.000487008423079, 0.00884381402284, -0.00720124039799, 0.00286286184564, 0.00185138767119, -0.0019433577545, -0.000789544486906, 0.00794466771185, -0.0219177156687, 0.0426677390933, -0.0267842952162, 0.0146074648947, -0.00426029413939], [0.000118857591588, -0.00509806303307, 0.00463574379683, 0.000232517093536, -0.00335614406504, 0.00250597274862, 0.00221902714111, -0.00526799540967, 0.0145957600325, -0.0267842952162, 0.0382972024381, -0.0193662159145, 0.00653614290059], [-0.00019662619161, 0.00578549597412, -0.0038960124366, 0.000409156054957, 0.000863587018102, 0.000516781641636, -0.00512472074479, 0.00548217026517, -0.00791606400162, 0.0146074648947, -0.0193662159145, 0.0311630386859, -0.0105095300823], [-3.09822062263e-05, -0.0020394239109, 0.00127018801868, 0.000566469680052, -0.000521877023857, -0.000408423569752, 0.00254452368245, -0.00289648328908, 0.00406960071996, -0.00426029413939, 0.00653614290059, -0.0105095300823, 0.0237717665732]]}, "silence_rate_20dB": {"dvar": 0, "var": 0, "median": 1, "max": 1, "dmean": 0, "dmean2": 0, "mean": 1, "dvar2": 0, "min": 1}, "barkbands_skewness": {"dvar": 0.270666688681, "var": 1.01091599464, "median": 1.75667452812, "max": 11.8591060638, "dmean": 0.542621791363, "dmean2": 0.864812016487, "mean": 1.82389366627, "dvar2": 0.650605142117, "min": -2.0945687294}, "erbbands_skewness": {"dvar": 0.176249697804, "var": 0.505736172199, "median": -0.156323552132, "max": 5.14554548264, "dmean": 0.443499624729, "dmean2": 0.701929569244, "mean": -0.116650126874, "dvar2": 0.43593275547, "min": -3.70889759064}, "spectral_contrast_valleys": {"dvar": [0.101551108062, 0.100821197033, 0.115409143269, 0.0810287967324, 0.139427304268, 0.276699066162], "var": [2.57672905922, 1.78382623196, 1.74652707577, 1.46352648735, 1.34058344364, 1.40321052074], "median": [-7.10060739517, -6.60638046265, -6.94795322418, -7.73939752579, -8.64667510986, -11.5163955688], "max": [-5.33942127228, -4.4781370163, -4.36891269684, -5.959856987, -6.66576480865, -9.10341358185], "dmean": [0.361966669559, 0.362358182669, 0.347954511642, 0.272442907095, 0.339440524578, 0.632495820522], "dmean2": [0.60274285078, 0.582997202873, 0.535295665264, 0.416951090097, 0.540408968925, 1.00460362434], "mean": [-7.44636631012, -6.85099744797, -7.1133389473, -8.02713680267, -8.91981506348, -11.6850261688], "dvar2": [0.260974407196, 0.232259705663, 0.226897478104, 0.171366900206, 0.322333395481, 0.719194591045], "min": [-19.4907360077, -17.1893939972, -18.0572509766, -17.7582702637, -17.558757782, -18.4921970367]}, "spectral_strongpeak": {"dvar": 535.586791992, "var": 636.694396973, "median": 0.441541999578, "max": 169.964691162, "dmean": 10.531001091, "dmean2": 19.8507118225, "mean": 10.5020551682, "dvar2": 1483.08422852, "min": 0}, "erbbands_crest": {"dvar": 10.4781017303, "var": 21.4816703796, "median": 9.78263092041, "max": 31.0038051605, "dmean": 3.52059793472, "dmean2": 5.89431095123, "mean": 10.745434761, "dvar2": 26.7006645203, "min": 3.13002085686}, "barkbands_crest": {"dvar": 5.7928776741, "var": 11.6424484253, "median": 8.65946960449, "max": 25.4975719452, "dmean": 2.62923526764, "dmean2": 4.48272752762, "mean": 9.35061073303, "dvar2": 16.4213447571, "min": 3.03794574738}, "spectral_energyband_middle_low": {"dvar": 0.000140967284096, "var": 0.000235585961491, "median": 0.00670499913394, "max": 0.239189729095, "dmean": 0.0050751240924, "dmean2": 0.00779961235821, "mean": 0.0106067946181, "dvar2": 0.000306295405608, "min": 4.62900225963e-13}, "spectral_contrast_coeffs": {"dvar": [0.00147002656013, 0.0019174341578, 0.00139640364796, 0.000776063243393, 0.000535393832251, 0.00057642464526], "var": [0.00483799632639, 0.00509391585365, 0.00406493758783, 0.00280275987461, 0.00199285405688, 0.00152651395183], "median": [-0.665316522121, -0.764274299145, -0.78237169981, -0.765544056892, -0.809685945511, -0.823540449142], "max": [-0.425575613976, -0.378845870495, -0.440932035446, -0.548046529293, -0.698309719563, -0.659718930721], "dmean": [0.0458970628679, 0.051246766001, 0.0435734018683, 0.033536773175, 0.0273214578629, 0.0270152371377], "dmean2": [0.0772742778063, 0.0844907090068, 0.0703119859099, 0.055014975369, 0.0452888794243, 0.0443280488253], "mean": [-0.663866698742, -0.759735286236, -0.778316736221, -0.765543103218, -0.814939320087, -0.817952275276], "dvar2": [0.00411530351266, 0.00495932949707, 0.00347968912683, 0.00197593867779, 0.00138667284045, 0.00156427244656], "min": [-0.941328406334, -0.968709230423, -0.963567316532, -0.943415880203, -0.961963415146, -0.925369024277]}, "hfc": {"dvar": 2457.31396484, "var": 31085.9824219, "median": 143.660217285, "max": 1431.1862793, "dmean": 35.6631469727, "dmean2": 57.9340515137, "mean": 181.792617798, "dvar2": 6437.47167969, "min": 8.42243039756e-08}, "spectral_energyband_high": {"dvar": 2.66463540122e-09, "var": 9.87902293303e-09, "median": 8.64635658218e-05, "max": 0.000768535770476, "dmean": 3.54155126843e-05, "dmean2": 5.74782061449e-05, "mean": 0.000107471547381, "dvar2": 6.93067159219e-09, "min": 5.37376176543e-12}, "erbbands_spread": {"dvar": 14.5088682175, "var": 73.3750610352, "median": 18.4978141785, "max": 47.4781494141, "dmean": 4.40536499023, "dmean2": 7.01585817337, "mean": 18.6052188873, "dvar2": 32.4250335693, "min": 0.792313814163}, "dissonance": {"dvar": 0.000982378725894, "var": 0.00129664712586, "median": 0.460333555937, "max": 0.499977886677, "dmean": 0.0324665531516, "dmean2": 0.0561415739357, "mean": 0.452282726765, "dvar2": 0.00278266053647, "min": 0.175560325384}, "spectral_kurtosis": {"dvar": 252.883132935, "var": 354.494598389, "median": 32.1974830627, "max": 280.615509033, "dmean": 11.0582418442, "dmean2": 18.2713356018, "mean": 34.987739563, "dvar2": 688.434265137, "min": 2.76101303101}, "spectral_skewness": {"dvar": 0.56923109293, "var": 1.0424567461, "median": 4.23690652847, "max": 12.6292562485, "dmean": 0.638183414936, "dmean2": 1.04908668995, "mean": 4.34319972992, "dvar2": 1.55190229416, "min": 1.46568357944}, "pitch_salience": {"dvar": 0.00279791443609, "var": 0.00980115216225, "median": 0.564266204834, "max": 0.929866194725, "dmean": 0.0610063411295, "dmean2": 0.101287275553, "mean": 0.560992062092, "dvar2": 0.00771094299853, "min": 0.150653094053}, "spectral_complexity": {"dvar": 3.82159686089, "var": 33.4616317749, "median": 15, "max": 33, "dmean": 2.10053467751, "dmean2": 3.4393723011, "mean": 13.3364219666, "dvar2": 8.61657905579, "min": 0}, "spectral_spread": {"dvar": 243758202880, "var": 792334761984, "median": 3067310, "max": 13553291, "dmean": 541985.125, "dmean2": 878890.4375, "mean": 3133802, "dvar2": 653426753536, "min": 566254.4375}, "dynamic_complexity": 4.39017009735, "melbands_crest": {"dvar": 6.89623785019, "var": 21.7156238556, "median": 12.045545578, "max": 34.4452972412, "dmean": 2.99674940109, "dmean2": 5.00713157654, "mean": 12.7881669998, "dvar2": 19.0867214203, "min": 3.97215652466}, "zerocrossingrate": {"dvar": 0.00102898734622, "var": 0.0108464881778, "median": 0.35986328125, "max": 0.57568359375, "dmean": 0.0367976054549, "dmean2": 0.0479652732611, "mean": 0.346708387136, "dvar2": 0.0015752495965, "min": 0.05615234375}, "spectral_energyband_low": {"dvar": 1.66204172274e-05, "var": 4.94710657222e-05, "median": 0.00369021017104, "max": 0.087691552937, "dmean": 0.00240258267149, "dmean2": 0.00407443894073, "mean": 0.0060510779731, "dvar2": 5.25367067894e-05, "min": 2.30694424067e-13}, "melbands_kurtosis": {"dvar": 14.5131835938, "var": 43.3151626587, "median": 2.35875821114, "max": 59.8709716797, "dmean": 2.86612391472, "dmean2": 4.78759050369, "mean": 4.49010944366, "dvar2": 35.8218154907, "min": -1.75196325779}, "spectral_energyband_middle_high": {"dvar": 9.73173737293e-05, "var": 0.000151779313455, "median": 0.00314042670652, "max": 0.177059367299, "dmean": 0.00378007302061, "dmean2": 0.00567778898403, "mean": 0.00638806214556, "dvar2": 0.000198764595552, "min": 1.04817185747e-12}, "barkbands_spread": {"dvar": 19.2284679413, "var": 114.332046509, "median": 18.4563598633, "max": 121.197135925, "dmean": 4.61758422852, "dmean2": 7.4315495491, "mean": 19.1178855896, "dvar2": 44.8538513184, "min": 0.379455566406}, "mfcc": {"mean": [-733.262573242, 194.573501587, -16.4589233398, 0.905748784542, 1.79095840454, 14.6532735825, 6.51526594162, 0.966149747372, -3.15593910217, -1.20607960224, -2.10264492035, 1.5739184618, 3.14835357666], "cov": [[8812.65429688, 1570.29858398, -579.185302734, 442.198791504, -117.249534607, 169.411300659, 110.618553162, -8.96034240723, -117.505912781, 10.8993377686, -76.9127578735, 47.5905189514, 129.425384521], [1570.29858398, 1029.51342773, -115.587333679, 115.394104004, 35.9065895081, 78.5833129883, 26.0086040497, 10.5635099411, -3.67162561417, -0.907040894032, -21.8524112701, -3.882781744, 20.1256103516], [-579.185302734, -115.587333679, 357.718353271, 70.2729644775, 110.159248352, 9.83041954041, -7.65670537949, 6.35839176178, 39.8140830994, 11.574754715, 18.5664978027, 0.267781436443, -12.8293180466], [442.198791504, 115.394104004, 70.2729644775, 490.676025391, 254.587493896, 123.088256836, 10.6395778656, -2.37081670761, -2.18477845192, -3.818171978, -20.1349067688, 18.3135795593, 43.506893158], [-117.249534607, 35.9065895081, 110.159248352, 254.587493896, 289.162597656, 119.769142151, 16.7042369843, -4.74044847488, 8.25183391571, -9.91265678406, -9.32590866089, 13.4471302032, 18.1728649139], [169.411300659, 78.5833129883, 9.83041954041, 123.088256836, 119.769142151, 154.566604614, 52.0791664124, 1.81838309765, -12.572303772, -14.6737957001, -16.9334659576, -0.456828355789, 9.8101682663], [110.618553162, 26.0086040497, -7.65670537949, 10.6395778656, 16.7042369843, 52.0791664124, 102.451393127, 39.4992218018, -5.06702613831, -11.8129377365, -11.7466535568, 1.80722618103, 4.34108543396], [-8.96034240723, 10.5635099411, 6.35839176178, -2.37081670761, -4.74044847488, 1.81838309765, 39.4992218018, 89.0073776245, 38.1213150024, 1.5229023695, -1.42164742947, -4.73992586136, 2.86074352264], [-117.505912781, -3.67162561417, 39.8140830994, -2.18477845192, 8.25183391571, -12.572303772, -5.06702613831, 38.1213150024, 83.861618042, 33.812171936, 2.98598647118, -2.75953817368, -2.48496794701], [10.8993377686, -0.907040894032, 11.574754715, -3.818171978, -9.91265678406, -14.6737957001, -11.8129377365, 1.5229023695, 33.812171936, 71.0790405273, 25.5378627777, -11.6810760498, -5.69607686996], [-76.9127578735, -21.8524112701, 18.5664978027, -20.1349067688, -9.32590866089, -16.9334659576, -11.7466535568, -1.42164742947, 2.98598647118, 25.5378627777, 61.8196182251, 22.7841148376, -4.38370132446], [47.5905189514, -3.882781744, 0.267781436443, 18.3135795593, 13.4471302032, -0.456828355789, 1.80722618103, -4.73992586136, -2.75953817368, -11.6810760498, 22.7841148376, 72.653755188, 33.6061515808], [129.425384521, 20.1256103516, -12.8293180466, 43.506893158, 18.1728649139, 9.8101682663, 4.34108543396, 2.86074352264, -2.48496794701, -5.69607686996, -4.38370132446, 33.6061515808, 67.7074508667]], "icov": [[0.000196498120204, -0.000248297292273, 0.000158982074936, -0.000269561744062, 0.000334815034876, -8.90056908247e-05, -0.0001114830593, 2.85291025648e-06, 0.000225525480346, -0.000282165303361, 0.000200938680791, -0.000201151589863, -7.10247186362e-05], [-0.000248297292273, 0.00139304425102, 0.000177301320946, 8.18762273411e-05, -0.000257413077634, -0.000401027617045, 0.000180786591955, -8.28742413432e-05, -0.000449961487902, 0.000277766754152, -0.000178867674549, 0.000340798753314, -1.32342884172e-05], [0.000158982074936, 0.000177301320946, 0.003855191404, -0.000261378620053, -0.00148638326209, 0.000732101500034, -0.000474203377962, 0.000613228068687, -0.00187458540313, 0.000750569684897, -0.00149342429359, 0.00060421822127, 0.000436961534433], [-0.000269561744062, 8.18762273411e-05, -0.000261378620053, 0.00456991884857, -0.00380859873258, -0.000637174583972, 0.0012314778287, -0.00103768578265, 0.00109120307025, -0.00120751478244, 0.00119876838289, -0.000322801526636, -0.00123934296425], [0.000334815034876, -0.000257413077634, -0.00148638326209, -0.00380859873258, 0.0096293007955, -0.00480654276907, 0.000500123540405, 0.00101875350811, -0.00147657876369, 0.00104774336796, -0.00024426940945, -0.000880590174347, 9.41521575442e-05], [-8.90056908247e-05, -0.000401027617045, 0.000732101500034, -0.000637174583972, -0.00480654276907, 0.0132128736004, -0.0064042811282, 0.00230517960154, 0.000154765803018, 0.00101847096812, -5.80880805501e-05, 0.00179256498814, -0.00027575189597], [-0.0001114830593, 0.000180786591955, -0.000474203377962, 0.0012314778287, 0.000500123540405, -0.0064042811282, 0.0170641858131, -0.00980886165053, 0.00537779694423, -0.0024894871749, 0.00396121945232, -0.00349599402398, 0.00137186981738], [2.85291025648e-06, -8.28742413432e-05, 0.000613228068687, -0.00103768578265, 0.00101875350811, 0.00230517960154, -0.00980886165053, 0.0212872233242, -0.0130025753751, 0.00735128019005, -0.00586610473692, 0.00569144682959, -0.00313927070238], [0.000225525480346, -0.000449961487902, -0.00187458540313, 0.00109120307025, -0.00147657876369, 0.000154765803018, 0.00537779694423, -0.0130025753751, 0.0250304676592, -0.014761663042, 0.0091669075191, -0.00676453951746, 0.00285258027725], [-0.000282165303361, 0.000277766754152, 0.000750569684897, -0.00120751478244, 0.00104774336796, 0.00101847096812, -0.0024894871749, 0.00735128019005, -0.014761663042, 0.0282734930515, -0.0164557136595, 0.012040540576, -0.00440968805924], [0.000200938680791, -0.000178867674549, -0.00149342429359, 0.00119876838289, -0.00024426940945, -5.80880805501e-05, 0.00396121945232, -0.00586610473692, 0.0091669075191, -0.0164557136595, 0.0307143833488, -0.0163937211037, 0.00776121858507], [-0.000201151589863, 0.000340798753314, 0.00060421822127, -0.000322801526636, -0.000880590174347, 0.00179256498814, -0.00349599402398, 0.00569144682959, -0.00676453951746, 0.012040540576, -0.0163937211037, 0.0276749897748, -0.0134676108137], [-7.10247186362e-05, -1.32342884172e-05, 0.000436961534433, -0.00123934296425, 9.41521575442e-05, -0.00027575189597, 0.00137186981738, -0.00313927070238, 0.00285258027725, -0.00440968805924, 0.00776121858507, -0.0134676108137, 0.0227684266865]]}, "silence_rate_60dB": {"dvar": 0.0195656921715, "var": 0.109179332852, "median": 0, "max": 1, "dmean": 0.0199643485248, "dmean2": 0.0399429388344, "mean": 0.124732717872, "dvar2": 0.0419129878283, "min": 0}, "melbands_flatness_db": {"dvar": 0.000734402041417, "var": 0.0023980140686, "median": 0.276248306036, "max": 0.490859925747, "dmean": 0.0288068316877, "dmean2": 0.0475113540888, "mean": 0.280518114567, "dvar2": 0.00204532244243, "min": 0.0200716219842}, "spectral_rms": {"dvar": 1.00276929516e-06, "var": 6.23512187303e-06, "median": 0.0047994130291, "max": 0.0166132617742, "dmean": 0.000708732986823, "dmean2": 0.00105393852573, "mean": 0.00477625709027, "dvar2": 1.8159926185e-06, "min": 8.86997497673e-08}, "melbands_spread": {"dvar": 15.719039917, "var": 114.866622925, "median": 15.3527708054, "max": 162.002731323, "dmean": 4.21796417236, "dmean2": 6.8376455307, "mean": 16.5707168579, "dvar2": 38.9942550659, "min": 0.659919798374}, "average_loudness": 0.63206666708, "erbbands_kurtosis": {"dvar": 6.24533605576, "var": 10.4566173553, "median": 0.489637851715, "max": 51.795173645, "dmean": 1.50888109207, "dmean2": 2.4594438076, "mean": 1.40993154049, "dva