{"tonal": {"chords_key": "G", "hpcp_entropy": {"dmean": 0.609506249428, "dmean2": 1.04073393345, "max": 4.07034444809, "dvar": 0.237791791558, "mean": 2.17468905449, "dvar2": 0.67776286602, "min": 0.0461310409009, "var": 0.514006078243, "median": 2.21309924126}, "key_key": "C", "chords_strength": {"dmean": 0.00813447963446, "dmean2": 0.00804987177253, "max": 0.764488875866, "dvar": 4.77269823023e-05, "mean": 0.473583996296, "dvar2": 4.97332803207e-05, "min": 0.234713301063, "var": 0.00940780714154, "median": 0.470817446709}, "key_scale": "minor", "chords_number_rate": 0.0038143673446, "thpcp": [1, 0.73168438673, 0.623005867004, 0.388998180628, 0.171162515879, 0.103519141674, 0.0456584282219, 0.0406968221068, 0.055981900543, 0.127395272255, 0.261048823595, 0.44719851017, 0.379653126001, 0.11192753166, 0.0424575060606, 0.219415351748, 0.599241435528, 0.567878305912, 0.193371459842, 0.0500504150987, 0.0289023350924, 0.115627400577, 0.347368866205, 0.342289030552, 0.125543341041, 0.0550703667104, 0.085060171783, 0.206725597382, 0.362042367458, 0.346430212259, 0.207585126162, 0.103120706975, 0.0682941526175, 0.141815587878, 0.457719653845, 0.954254448414], "key_strength": 0.574449300766, "tuning_nontempered_energy_ratio": 0.903716087341, "tuning_frequency": 451.586883545, "chords_changes_rate": 0.0657978355885, "tuning_diatonic_strength": 0.424915134907, "chords_scale": "major", "chords_histogram": [7.81945323944, 5.02225065231, 2.79720282555, 0, 0, 0.063572794199, 0, 6.70692920685, 14.4945964813, 29.6884937286, 0.699300706387, 0, 0, 0.158931970596, 8.32803535461, 8.5505399704, 0.508582353592, 0.0317863970995, 0.317863941193, 0.953591883183, 1.58931982517, 5.75333738327, 1.74825179577, 4.76795911789], "tuning_equal_tempered_deviation": 0.20108422637, "hpcp": {"dmean": [0.0333168506622, 0.0219909586012, 0.0164930392057, 0.0238040890545, 0.0500437095761, 0.10025819391, 0.103913381696, 0.0924165248871, 0.0503164604306, 0.0243650116026, 0.0768526867032, 0.115213513374, 0.123606085777, 0.0736868754029, 0.0233429335058, 0.0146299293265, 0.0310534629971, 0.049148555845, 0.0607243031263, 0.0438459478319, 0.0249893628061, 0.0412858389318, 0.0758489444852, 0.0837923139334, 0.0829023942351, 0.0678922384977, 0.0420029833913, 0.0387314558029, 0.0795182064176, 0.154085218906, 0.155887693167, 0.282148361206, 0.181610375643, 0.140029504895, 0.128771945834, 0.0662165731192], "dmean2": [0.0568366609514, 0.0402722135186, 0.0296145603061, 0.0431755669415, 0.0886991545558, 0.177678793669, 0.177646994591, 0.158725038171, 0.090853959322, 0.0451358184218, 0.134985625744, 0.194017291069, 0.210767030716, 0.127498850226, 0.0425521843135, 0.027012327686, 0.0546264499426, 0.0812966004014, 0.102486677468, 0.0784640833735, 0.0452926419675, 0.0748083591461, 0.133035868406, 0.143465220928, 0.138516873121, 0.120521567762, 0.0742671117187, 0.0727494060993, 0.150825321674, 0.285271763802, 0.272873997688, 0.521146357059, 0.315443217754, 0.23956219852, 0.22627145052, 0.119404733181], "max": [1, 1, 1, 1, 1, 1, 1, 1, 1, 0.769490778446, 1, 1, 1, 1, 0.691708385944, 1, 1, 1, 1, 1, 1, 1, 1, 1, 1, 1, 1, 1, 1, 1, 1, 1, 1, 1, 1, 1], "dvar": [0.00700050825253, 0.00410422030836, 0.00224503129721, 0.00358123169281, 0.00880765914917, 0.0247344300151, 0.0244586095214, 0.0260601118207, 0.0100860549137, 0.00370818027295, 0.0157624389976, 0.0294564776123, 0.032424390316, 0.0155572127551, 0.00321542960592, 0.00211625010706, 0.00512700201944, 0.0136229097843, 0.0119407568127, 0.00675835553557, 0.0036775264889, 0.00709487777203, 0.0162060279399, 0.0191037096083, 0.0175086241215, 0.0197340883315, 0.0103661855683, 0.0108355376869, 0.0269055627286, 0.0511379018426, 0.0391838662326, 0.0889732018113, 0.0380647704005, 0.04143108055, 0.035509839654, 0.0152312088758], "mean": [0.0420394614339, 0.0185420364141, 0.0165271125734, 0.0227344315499, 0.0517356358469, 0.106012776494, 0.181608766317, 0.154178366065, 0.045454133302, 0.0172421317548, 0.0891052857041, 0.243353903294, 0.23061722517, 0.0785287767649, 0.0203256364912, 0.0117373326793, 0.0469566620886, 0.141067624092, 0.139004692435, 0.0509835593402, 0.0223642550409, 0.0345432125032, 0.0839519351721, 0.147026583552, 0.140686437488, 0.084300994873, 0.0418776534498, 0.027734477073, 0.0575917735696, 0.185881435871, 0.387525826693, 0.406103253365, 0.297139406204, 0.253004699945, 0.1579734236, 0.0695096552372], "dvar2": [0.0184318628162, 0.0122420191765, 0.006046729628, 0.0100112399086, 0.0241340678185, 0.0708939731121, 0.0641133412719, 0.0708385184407, 0.0292968917638, 0.0106076160446, 0.0449720583856, 0.0750703364611, 0.0864434763789, 0.0422235354781, 0.00927023869008, 0.00634002219886, 0.0143917761743, 0.0331105366349, 0.0305725485086, 0.0203521791846, 0.0103227039799, 0.0201930459589, 0.0431019552052, 0.0483824983239, 0.044591922313, 0.0555759221315, 0.0285255871713, 0.0333512611687, 0.0834853500128, 0.166676193476, 0.10814639926, 0.294909924269, 0.106672599912, 0.112121254206, 0.10246052593, 0.0421885810792], "min": [2.33841201407e-05, 6.19243883193e-06, 4.67582731289e-06, 1.9803919713e-05, 1.27129223984e-05, 2.00418053282e-05, 4.32883171015e-05, 2.70697019005e-05, 1.60615963978e-05, 1.36540147651e-05, 0, 0, 0, 2.43670820055e-05, 1.1383135643e-05, 2.94156470773e-05, 1.29740110424e-05, 9.65731487668e-06, 1.19796750369e-05, 4.04049023928e-05, 2.79693758785e-05, 1.76810117409e-05, 2.85549649561e-05, 3.7803874875e-05, 1.61248099175e-05, 2.38689772232e-05, 8.44167152536e-06, 1.62687738339e-05, 2.1203301003e-05, 3.46847700712e-05, 6.58688222757e-05, 0, 2.70878590527e-05, 7.48831689634e-06, 2.11894093809e-05, 2.14038100239e-05], "var": [0.0142720546573, 0.00350563321263, 0.00452007120475, 0.00392332160845, 0.0123397903517, 0.0315138399601, 0.0765023082495, 0.0717549175024, 0.00903722457588, 0.00256742257625, 0.0204640608281, 0.107089534402, 0.101531989872, 0.020944930613, 0.00233545270748, 0.00129142811056, 0.0112481955439, 0.0837861597538, 0.0651760101318, 0.00960125215352, 0.00265035359189, 0.00550435390323, 0.0223725754768, 0.0600501187146, 0.0534041114151, 0.0332258343697, 0.0108944466338, 0.00706828804687, 0.0212910380214, 0.0706175863743, 0.14500194788, 0.137251064181, 0.0914627462626, 0.115361452103, 0.0571812093258, 0.0207632817328], "median": [0.00458271009848, 0.0018325522542, 0.00278078112751, 0.00731176463887, 0.0149788074195, 0.0379734858871, 0.051183309406, 0.0256362371147, 0.00806284323335, 0.00248942058533, 0.0257626958191, 0.0765250846744, 0.0607303902507, 0.0216592513025, 0.00553054269403, 0.00279516959563, 0.00351175689138, 0.0111231477931, 0.0225882586092, 0.0176866594702, 0.00770055409521, 0.0101598389447, 0.0212431326509, 0.0314176902175, 0.0348861590028, 0.0170937627554, 0.00488379877061, 0.00274520460516, 0.00600902736187, 0.0508603081107, 0.239307403564, 0.292028665543, 0.191060289741, 0.0707397386432, 0.0455541014671, 0.0171976927668]}}, "lowlevel": {"melbands_flatness_db": {"dmean": 0.0548471733928, "dmean2": 0.08893776685, "max": 0.636265695095, "dvar": 0.00198475900106, "mean": 0.395229935646, "dvar2": 0.00533030088991, "min": 0.0156764760613, "var": 0.00462717795745, "median": 0.393820762634}, "melbands_crest": {"dmean": 3.15208315849, "dmean2": 5.07277011871, "max": 35.8701133728, "dvar": 7.31750249863, "mean": 16.880197525, "dvar2": 18.5473003387, "min": 4.19767332077, "var": 22.8389663696, "median": 16.2595252991}, "spectral_entropy": {"dmean": 0.551896989346, "dmean2": 0.897389709949, "max": 9.8193693161, "dvar": 0.200415223837, "mean": 6.16078424454, "dvar2": 0.51298391819, "min": 3.79174637794, "var": 0.441109269857, "median": 6.13357877731}, "melbands": {"dmean": [0.000238693726715, 0.000364192208508, 0.000550576427486, 0.000854086712934, 0.000303011300275, 0.000288941839244, 0.000243445625529, 2.9084380003e-05, 1.43934021253e-05, 1.13202868306e-05, 1.10631735879e-05, 6.86551220497e-06, 2.21696768676e-06, 2.25794701691e-06, 1.53221708388e-06, 8.33870956285e-07, 7.66256732732e-07, 5.40489281775e-07, 3.87684195857e-07, 3.07699906443e-07, 2.43510612563e-07, 2.01563679525e-07, 1.69192688304e-07, 1.41878771842e-07, 1.19633241979e-07, 1.00894176569e-07, 8.63839062504e-08, 7.38230738762e-08, 6.31541539065e-08, 5.42662554892e-08, 4.68843879275e-08, 4.07520879264e-08, 3.55555300757e-08, 3.11368282269e-08, 2.75090297208e-08, 2.43893527596e-08, 2.18485372017e-08, 1.97969818316e-08, 1.81502439744e-08, 1.69029661379e-08], "dmean2": [0.000405242608394, 0.000623003055807, 0.000931549817324, 0.00123257434461, 0.000498140871059, 0.000407840067055, 0.000349180510966, 4.71073908557e-05, 2.20368910959e-05, 1.76985649887e-05, 1.62032738444e-05, 1.03658339867e-05, 3.76850061912e-06, 3.7942140807e-06, 2.49834056376e-06, 1.41636371609e-06, 1.29465740883e-06, 9.09957975637e-07, 6.63486900976e-07, 5.30853697001e-07, 4.22409470957e-07, 3.4893071188e-07, 2.92712343253e-07, 2.46752534849e-07, 2.07712517408e-07, 1.75327883767e-07, 1.49974169972e-07, 1.28194756144e-07, 1.09578763841e-07, 9.39785564924e-08, 8.11628737551e-08, 7.04960712028e-08, 6.1406311147e-08, 5.36149364905e-08, 4.72608583379e-08, 4.18169960881e-08, 3.73714996726e-08, 3.37695524877e-08, 3.08145935435e-08, 2.8614605796e-08], "max": [0.00721168704331, 0.010820212774, 0.0388846546412, 0.0563419684768, 0.0162559077144, 0.0416244789958, 0.0260984264314, 0.00433665467426, 0.00112709368113, 0.000494674430229, 0.00138827378396, 0.00145385973155, 8.96487035789e-05, 0.000268301489996, 0.000185598182725, 5.09301826241e-05, 3.60046396963e-05, 3.73614275304e-05, 1.0383818335e-05, 8.1179650806e-06, 5.90605714024e-06, 4.42118289357e-06, 4.13949646827e-06, 3.36443667948e-06, 2.79730738839e-06, 2.38963230004e-06, 2.18652235162e-06, 1.77047650141e-06, 1.46938748458e-06, 1.32873481107e-06, 1.13952285119e-06, 9.92759623841e-07, 8.73543001489e-07, 7.62798151754e-07, 6.65050322368e-07, 5.92718720327e-07, 5.29302894847e-07, 4.79786820051e-07, 4.56112161373e-07, 3.99517119831e-07], "dvar": [1.386528794e-07, 4.1724752009e-07, 1.09448740204e-06, 3.13706436827e-06, 3.58183910976e-07, 1.14630074677e-06, 9.90494527287e-07, 8.11351075214e-09, 1.32194788449e-09, 6.28605223429e-10, 1.68576586024e-09, 5.3881626938e-10, 1.66815103397e-11, 4.68754375593e-11, 2.50011556596e-11, 2.61486513865e-12, 2.43136825777e-12, 1.24226280304e-12, 5.1673742325e-13, 3.25718510323e-13, 2.17876972432e-13, 1.52587239176e-13, 1.0755550503e-13, 7.73548231221e-14, 5.45839889672e-14, 3.8744767621e-14, 2.83938437405e-14, 2.07317175308e-14, 1.50989619841e-14, 1.10702098597e-14, 8.24886085002e-15, 6.17428785033e-15, 4.64836985432e-15, 3.53294181223e-15, 2.71851666883e-15, 2.10962216426e-15, 1.66217965685e-15, 1.33885966346e-15, 1.10667014493e-15, 9.43205597481e-16], "mean": [0.000380615296308, 0.000731837644707, 0.00136528105941, 0.00210086535662, 0.000683188030962, 0.000731450913008, 0.000537611427717, 4.58490103483e-05, 2.60273063759e-05, 1.94012391148e-05, 2.08159453905e-05, 1.43316055983e-05, 3.33514867634e-06, 3.59481691703e-06, 2.25992471314e-06, 1.14879776447e-06, 1.09175334728e-06, 6.85523502852e-07, 4.60885530629e-07, 3.48169834297e-07, 2.5762372502e-07, 2.06213911724e-07, 1.71208085931e-07, 1.41461612202e-07, 1.17386235843e-07, 9.90810917756e-08, 8.44879863848e-08, 7.14397501156e-08, 6.15090769429e-08, 5.30610471117e-08, 4.60359501631e-08, 4.02883628681e-08, 3.53903395478e-08, 3.128261028e-08, 2.78724350267e-08, 2.5160396433e-08, 2.29040821864e-08, 2.16765858596e-08, 2.09896615644e-08, 1.84499668876e-08], "dvar2": [4.04814585409e-07, 1.30008095311e-06, 3.40386372955e-06, 6.39275640424e-06, 8.91206070719e-07, 2.16493640437e-06, 2.41165912485e-06, 2.14783870689e-08, 2.50631004839e-09, 1.39909561714e-09, 3.40012551447e-09, 9.01991925595e-10, 4.6218397165e-11, 1.21490623117e-10, 5.67342076097e-11, 6.93922653713e-12, 6.48036268744e-12, 3.17515957103e-12, 1.41157962055e-12, 8.88117758589e-13, 5.98602385108e-13, 4.23409598398e-13, 2.96483866104e-13, 2.13227317205e-13, 1.51054489013e-13, 1.06698348345e-13, 7.83191260868e-14, 5.72834761938e-14, 4.16802585555e-14, 3.04833571308e-14, 2.26833339574e-14, 1.69560088762e-14, 1.27564262999e-14, 9.67808664698e-15, 7.44700864017e-15, 5.75503872869e-15, 4.52223521352e-15, 3.63042386951e-15, 2.98595461643e-15, 2.52887594458e-15], "min": [1.64399101971e-11, 1.11610599235e-11, 8.84997370526e-12, 6.2424887308e-12, 9.2708635907e-12, 8.36902422363e-12, 1.21218367375e-12, 2.46194297587e-12, 6.59254074942e-12, 5.9280922185e-12, 1.47745964768e-12, 1.99035059267e-12, 2.68850306601e-12, 2.83507679139e-12, 9.73103216929e-13, 9.58924020918e-13, 1.79910817147e-12, 2.97150845596e-12, 2.96792907091e-12, 5.41944744289e-12, 2.50553419158e-12, 2.99081506089e-12, 3.1735473624e-12, 1.79258637014e-12, 2.93332263861e-12, 2.88508127978e-12, 3.92066630897e-12, 3.16809382547e-12, 2.32750515909e-12, 2.7004587802e-12, 2.2224986608e-12, 2.0797146557e-12, 3.94198692785e-12, 2.57360474078e-12, 2.0037962175e-12, 2.95991594949e-12, 3.46600504374e-12, 2.33470382784e-12, 2.24826580963e-12, 3.81975397493e-12], "var": [2.62867985157e-07, 1.26764666675e-06, 5.98386168349e-06, 1.99060395971e-05, 1.32620391469e-06, 5.07780623593e-06, 2.79405185211e-06, 9.07881236856e-09, 4.09018152681e-09, 1.77279824154e-09, 5.20936760395e-09, 2.67732302994e-09, 2.86355973655e-11, 9.36260513562e-11, 4.46304521118e-11, 4.72807470259e-12, 4.42355613944e-12, 1.77506642197e-12, 6.32531245263e-13, 3.78102958014e-13, 2.34944577899e-13, 1.58933846986e-13, 1.13099457642e-13, 7.95045182033e-14, 5.51231322144e-14, 3.95634012476e-14, 2.8968499691e-14, 2.10082517653e-14, 1.53501038649e-14, 1.13429798798e-14, 8.4749559665e-15, 6.38075975452e-15, 4.8393495259e-15, 3.7105269283e-15, 2.87923439431e-15, 2.26693545256e-15, 1.81084717398e-15, 1.4808970302e-15, 1.25096273689e-15, 1.08348801783e-15], "median": [0.000209925114177, 0.000327483285218, 0.000593692180701, 0.000570672971662, 0.000255182065303, 0.000119636912132, 4.55463741673e-05, 1.95385746338e-05, 7.55032306188e-06, 5.42063889952e-06, 2.82546443486e-06, 2.4323605885e-06, 1.45169769894e-06, 1.10178496016e-06, 7.00940518072e-07, 4.74710873277e-07, 4.26953874921e-07, 2.54590332815e-07, 1.80679336381e-07, 1.36504667125e-07, 8.98995295984e-08, 7.00843258983e-08, 5.58587451849e-08, 4.5185657882e-08, 3.71964716805e-08, 3.09226564355e-08, 2.63342272433e-08, 2.18717541856e-08, 1.89912370274e-08, 1.65987863454e-08, 1.44467815488e-08, 1.26085550889e-08, 1.13701954518e-08, 1.01962989163e-08, 9.1143288472e-09, 8.53225401443e-09, 7.96653321089e-09, 8.01406763173e-09, 8.39546565601e-09, 6.61200871832e-09]}, "silence_rate_60dB": {"dmean": 0.016536809504, "dmean2": 0.033078879118, "max": 1, "dvar": 0.0162642076612, "mean": 0.053577106446, "dvar2": 0.0399386323988, "min": 0, "var": 0.0507052130997, "median": 0}, "spectral_energyband_middle_high": {"dmean": 0.000114391747047, "dmean2": 0.000177239358891, "max": 0.0120427906513, "dvar": 7.57889679903e-08, "mean": 0.000235981293372, "dvar2": 1.39497743135e-07, "min": 4.11959300006e-10, "var": 3.34949788794e-07, "median": 6.91602617735e-05}, "erbbands_skewness": {"dmean": 0.823269665241, "dmean2": 1.30515825748, "max": 13.1884174347, "dvar": 0.668469786644, "mean": 2.94394636154, "dvar2": 1.68653774261, "min": -1.12927281857, "var": 2.38166069984, "median": 2.67670106888}, "dynamic_complexity": 4.45142459869, "dissonance": {"dmean": 0.0439310222864, "dmean2": 0.0734248310328, "max": 0.500000119209, "dvar": 0.00140767777339, "mean": 0.403688460588, "dvar2": 0.00386383058503, "min": 0.132847264409, "var": 0.00277727493085, "median": 0.412171125412}, "spectral_skewness": {"dmean": 1.19781649113, "dmean2": 1.97995364666, "max": 11.3728961945, "dvar": 1.16463828087, "mean": 4.31200122833, "dvar2": 3.14716982841, "min": -0.00541391177103, "var": 1.92660498619, "median": 4.07051372528}, "spectral_kurtosis": {"dmean": 15.4257411957, "dmean2": 25.7187976837, "max": 189.675247192, "dvar": 282.195373535, "mean": 29.144985199, "dvar2": 757.489746094, "min": -1.16969072819, "var": 382.242950439, "median": 23.6357841492}, "gfcc": {"cov": [[4324.58154297, -404.713897705, -487.773071289, -54.6354942322, -395.795715332, -183.798294067, -113.411659241, 12.8656082153, -29.8229618073, 55.3588218689, 26.3351593018, 151.726242065, 56.6386260986], [-404.713897705, 477.283233643, 160.393478394, -157.619995117, 56.5303611755, -51.1796875, 42.6462211609, -53.0144691467, 38.2721939087, -37.5944290161, 39.9940719604, -42.9403953552, 32.637676239], [-487.773071289, 160.393478394, 387.021270752, 13.5007562637, 117.606117249, 10.5670566559, 26.9796924591, -52.8470726013, -40.8859062195, -68.8561401367, -29.9560718536, -31.4985485077, -0.548968791962], [-54.6354942322, -157.619995117, 13.5007562637, 290.787536621, 92.2300415039, 70.7903900146, -19.2610607147, -0.992550492287, -57.8028793335, -42.7109298706, -62.1288070679, -19.7049789429, -32.197265625], [-395.795715332, 56.5303611755, 117.606117249, 92.2300415039, 171.072036743, 78.4762496948, 30.8172550201, -33.3593101501, -34.3528938293, -57.1317825317, -39.9113883972, -50.9498291016, -23.5421638489], [-183.798294067, -51.1796875, 10.5670566559, 70.7903900146, 78.4762496948, 96.8037567139, 39.2526550293, 22.1509971619, -19.198720932, -11.2838001251, -26.4267673492, -11.6840143204, -21.1242046356], [-113.411659241, 42.6462211609, 26.9796924591, -19.2610607147, 30.8172550201, 39.2526550293, 66.725692749, 31.8578205109, 19.4448165894, -6.52295923233, 5.26945495605, -3.99871206284, 5.20515537262], [12.8656082153, -53.0144691467, -52.8470726013, -0.992550492287, -33.3593101501, 22.1509971619, 31.8578205109, 77.7453536987, 48.9456748962, 49.4611167908, 15.7865180969, 23.0573215485, -1.22136616707], [-29.8229618073, 38.2721939087, -40.8859062195, -57.8028793335, -34.3528938293, -19.198720932, 19.4448165894, 48.9456748962, 79.612449646, 66.6299209595, 50.1205215454, 17.4635829926, 8.61832809448], [55.3588218689, -37.5944290161, -68.8561401367, -42.7109298706, -57.1317825317, -11.2838001251, -6.52295923233, 49.4611167908, 66.6299209595, 100.380134583, 67.5141677856, 47.843837738, 2.68512773514], [26.3351593018, 39.9940719604, -29.9560718536, -62.1288070679, -39.9113883972, -26.4267673492, 5.26945495605, 15.7865180969, 50.1205215454, 67.5141677856, 83.8402481079, 51.8304023743, 23.2574062347], [151.726242065, -42.9403953552, -31.4985485077, -19.7049789429, -50.9498291016, -11.6840143204, -3.99871206284, 23.0573215485, 17.4635829926, 47.843837738, 51.8304023743, 66.7677230835, 29.7072715759], [56.6386260986, 32.637676239, -0.548968791962, -32.197265625, -23.5421638489, -21.1242046356, 5.20515537262, -1.22136616707, 8.61832809448, 2.68512773514, 23.2574062347, 29.7072715759, 43.0531578064]], "mean": [-123.894989014, 119.500320435, -20.0151004791, -11.075094223, -33.6992225647, -19.1472320557, -25.5036945343, -21.2884044647, -16.0748081207, -13.8220615387, -5.6537566185, -9.74383735657, -1.82371771336], "icov": [[0.000402418867452, -2.61203840637e-05, 0.000575200712774, -0.00024647306418, 0.000354198768036, 0.0013451896375, -0.002027772367, 0.0022314414382, -0.000663942133542, -0.000861907668877, 0.00288302800618, -0.00312771555036, 0.00126298645046], [-2.61203840637e-05, 0.00617379928008, -0.00204969872721, 0.00239023566246, -0.000512071419507, -0.00211804988794, 0.0047314632684, -0.00346311717294, -0.00313632562757, 0.00937920343131, -0.013930786401, 0.0118344100192, -0.00547158205882], [0.000575200712774, -0.00204969872721, 0.00610326509923, -0.000738492817618, -0.00548015721142, 0.0107841221616, -0.0119962058961, 0.00728438375518, 0.00307220546529, -0.00935711618513, 0.0154506443068, -0.0140830595046, 0.00561392726377], [-0.00024647306418, 0.00239023566246, -0.000738492817618, 0.00850397534668, -0.00574968708679, -0.00401442730799, 0.0139899877831, -0.0133464280516, 0.00144003366586, 0.0119495457038, -0.0100037641823, 0.00365095213056, -0.000469885650091], [0.000354198768036, -0.000512071419507, -0.00548015721142, -0.00574968708679, 0.0339926965535, -0.0351444818079, 0.0067339129746, 0.0235623195767, -0.0299382451922, 0.0206974614412, -0.00844759400934, 0.00507874926552, 0.00251187104732], [0.0013451896375, -0.00211804988794, 0.0107841221616, -0.00401442730799, -0.0351444818079, 0.0853331834078, -0.0652119070292, -0.00326051958837, 0.0623597726226, -0.074259750545, 0.0488818846643, -0.019020203501, 0.00628088135272], [-0.002027772367, 0.0047314632684, -0.0119962058961, 0.0139899877831, 0.0067339129746, -0.0652119070292, 0.119579613209, -0.076308734715, -0.0268293879926, 0.103360414505, -0.100675545633, 0.0527600608766, -0.0186417680234], [0.0022314414382, -0.00346311717294, 0.00728438375518, -0.0133464280516, 0.0235623195767, -0.00326051958837, -0.076308734715, 0.146535083652, -0.0908231437206, -0.0372957885265, 0.119672037661, -0.107911415398, 0.0447889752686], [-0.000663942133542, -0.00313632562757, 0.00307220546529, 0.00144003366586, -0.0299382451922, 0.0623597726226, -0.0268293879926, -0.0908231437206, 0.179538294673, -0.103202529252, -0.0472438372672, 0.109755985439, -0.0604545325041], [-0.000861907668877, 0.00937920343131, -0.00935711618513, 0.0119495457038, 0.0206974614412, -0.074259750545, 0.103360414505, -0.0372957885265, -0.103202529252, 0.180057421327, -0.0960130617023, -0.0142219858244, 0.0352773442864], [0.00288302800618, -0.013930786401, 0.0154506443068, -0.0100037641823, -0.00844759400934, 0.0488818846643, -0.100675545633, 0.119672037661, -0.0472438372672, -0.0960130617023, 0.19441601634, -0.146672934294, 0.0460427999496], [-0.00312771555036, 0.0118344100192, -0.0140830595046, 0.00365095213056, 0.00507874926552, -0.019020203501, 0.0527600608766, -0.107911415398, 0.109755985439, -0.0142219858244, -0.146672934294, 0.205941528082, -0.102254480124], [0.00126298645046, -0.00547158205882, 0.00561392726377, -0.000469885650091, 0.00251187104732, 0.00628088135272, -0.0186417680234, 0.0447889752686, -0.0604545325041, 0.0352773442864, 0.0460427999496, -0.102254480124, 0.0889994576573]]}, "spectral_complexity": {"dmean": 1.1677532196, "dmean2": 2.01479005814, "max": 16, "dvar": 1.14364957809, "mean": 5.25214624405, "dvar2": 2.9032831192, "min": 0, "var": 5.04869747162, "median": 5}, "spectral_flux": {"dmean": 0.0162673387676, "dmean2": 0.026738056913, "max": 0.396319687366, "dvar": 0.000331923743943, "mean": 0.0708527192473, "dvar2": 0.000811297446489, "min": 5.77368919039e-05, "var": 0.00139496976044, "median": 0.0630579143763}, "spectral_energyband_low": {"dmean": 0.00198037945665, "dmean2": 0.00338064855896, "max": 0.0486983917654, "dvar": 8.62449087435e-06, "mean": 0.00451037846506, "dvar2": 2.73036766885e-05, "min": 9.05760189074e-11, "var": 2.46792897087e-05, "median": 0.00290081533603}, "spectral_decrease": {"dmean": 1.99376026799e-09, "dmean2": 3.19557957873e-09, "max": 1.9548833663e-08, "dvar": 8.30730375434e-18, "mean": -2.28172258865e-09, "dvar2": 2.12506967617e-17, "min": -6.44185291776e-08, "var": 3.13216074846e-17, "median": -9.14318953882e-10}, "barkbands_spread": {"dmean": 1.663844347, "dmean2": 2.76755857468, "max": 46.0758247375, "dvar": 3.85579133034, "mean": 4.3028626442, "dvar2": 9.97267723083, "min": 0.248436138034, "var": 7.61974382401, "median": 3.77185583115}, "spectral_rms": {"dmean": 0.000656926829834, "dmean2": 0.00103204150219, "max": 0.0176819097251, "dvar": 4.87837269247e-07, "mean": 0.00516873598099, "dvar2": 1.16045760024e-06, "min": 1.80339748113e-06, "var": 7.2687107604e-06, "median": 0.00465583009645}, "spectral_centroid": {"dmean": 37.6191711426, "dmean2": 60.5139045715, "max": 11217.6210938, "dvar": 19271.2109375, "mean": 299.679046631, "dvar2": 20976.2675781, "min": 142.305389404, "var": 25234.4726562, "median": 281.609130859}, "barkbands_skewness": {"dmean": 1.56450355053, "dmean2": 2.64941120148, "max": 22.6910457611, "dvar": 2.37769436836, "mean": 2.83962702751, "dvar2": 6.83985948563, "min": -2.98712110519, "var": 4.75915622711, "median": 2.54551839828}, "spectral_rolloff": {"dmean": 1591.08349609, "dmean2": 3157.00512695, "max": 22050, "dvar": 30347096, "mean": 20471.4628906, "dvar2": 83164224, "min": 21.533203125, "var": 27159350, "median": 21856.2011719}, "erbbands_spread": {"dmean": 5.44755125046, "dmean2": 8.92160224915, "max": 59.4369163513, "dvar": 34.0684623718, "mean": 11.5694131851, "dvar2": 85.4804458618, "min": 0.728078484535, "var": 65.9058837891, "median": 9.44193077087}, "barkbands": {"dmean": [0.00225016032346, 0.00057385826949, 0.000946221000049, 0.00105975742918, 0.00357795087621, 0.00130519375671, 0.000931914779358, 6.97711293469e-05, 8.49792049848e-05, 7.63273637858e-05, 1.57471295097e-05, 1.9863828129e-05, 8.9763179858e-06, 7.96814310888e-06, 5.19717741554e-06, 4.12062763644e-06, 3.37478422807e-06, 3.066494628e-06, 2.73685327556e-06, 2.43657268584e-06, 2.26204838327e-06, 1.94848325918e-06, 1.69014731455e-06, 1.71128874626e-06, 1.90945388567e-06, 2.86748490907e-06, 1.84338168765e-05], "dmean2": [0.00414661131799, 0.00101032364182, 0.00158821803052, 0.0018734044861, 0.0052933152765, 0.00189728545956, 0.00132186757401, 0.000112662302854, 0.000131557768327, 0.000110303008114, 2.66051210929e-05, 3.31319388351e-05, 1.5031591829e-05, 1.33550511237e-05, 8.89366037882e-06, 7.14763109499e-06, 5.83888640904e-06, 5.31995192432e-06, 4.75711294712e-06, 4.23409892392e-06, 3.91822322854e-06, 3.36677226187e-06, 2.9052193895e-06, 2.92109984912e-06, 3.22776827488e-06, 4.78588526676e-06, 3.07882473862e-05], "max": [0.0917612612247, 0.0140619222075, 0.028353959322, 0.0521552674472, 0.222309485078, 0.16851143539, 0.117730803788, 0.00222817156464, 0.00498785497621, 0.011024761945, 0.000543848378584, 0.00270978873596, 0.000716098060366, 0.000372920767404, 0.00014226984058, 0.000104187587567, 7.76137021603e-05, 7.31330655981e-05, 6.57826385577e-05, 5.90052441112e-05, 5.46698538528e-05, 4.77595785924e-05, 4.10313186876e-05, 4.17970513809e-05, 4.48134778708e-05, 6.96239221725e-05, 0.000579082407057], "dvar": [1.93043397303e-05, 9.43553516208e-07, 2.65907692665e-06, 4.26302540291e-06, 4.94797131978e-05, 2.05222986551e-05, 1.5679788703e-05, 1.41669245224e-08, 4.18798649093e-08, 6.91887578341e-08, 8.33680735557e-10, 4.05227096323e-09, 3.79178022314e-10, 2.52198067985e-10, 9.43117736685e-11, 6.00207314405e-11, 4.27418760107e-11, 3.58248951338e-11, 2.85880902284e-11, 2.26579692508e-11, 1.92218428674e-11, 1.40466614035e-11, 1.02830756063e-11, 1.00856788199e-11, 1.1966196263e-11, 2.79619122995e-11, 1.40538714e-09], "mean": [0.00228289538063, 0.000895808567293, 0.00183127517812, 0.00180301093496, 0.00914263259619, 0.00324716605246, 0.00207730242983, 0.000116367824376, 0.00014760173508, 0.000156886992045, 2.22499329539e-05, 3.12375923386e-05, 1.21153425425e-05, 1.12592324513e-05, 6.13441534369e-06, 4.47965703643e-06, 3.46729416378e-06, 3.07407913169e-06, 2.69281508736e-06, 2.36940536524e-06, 2.21282311941e-06, 1.93512300939e-06, 1.71355668499e-06, 1.8581246195e-06, 2.11971905628e-06, 3.28808982886e-06, 2.20926795009e-05], "dvar2": [6.59464421915e-05, 2.91644528261e-06, 8.06930256658e-06, 1.44960858961e-05, 0.000104414561065, 4.03093181376e-05, 3.87487998523e-05, 3.35704015697e-08, 8.68805329901e-08, 1.23914233541e-07, 2.30692931424e-09, 1.00508135148e-08, 9.7357943929e-10, 6.58788190666e-10, 2.5729604558e-10, 1.64320113072e-10, 1.18607734745e-10, 9.86571588313e-11, 7.8877918086e-11, 6.26038665352e-11, 5.29167612506e-11, 3.85443413298e-11, 2.81459126839e-11, 2.73802838041e-11, 3.19356416312e-11, 7.29085888884e-11, 3.63668917203e-09], "min": [3.23917247191e-11, 4.20494715436e-11, 2.38381727552e-11, 1.6629007199e-11, 3.28583271703e-11, 4.56928106463e-11, 4.78316995386e-12, 2.18551114706e-11, 4.37438210654e-11, 6.54920648963e-12, 1.7813108627e-11, 2.38770253569e-11, 8.5353044077e-12, 1.92413411593e-11, 4.34836368302e-11, 6.53300816222e-11, 4.72900989201e-11, 4.13516929032e-11, 9.73013544736e-11, 9.29879021005e-11, 1.13319340023e-10, 1.33427144333e-10, 1.50335147109e-10, 2.31377417226e-10, 3.77015169084e-10, 5.11405306991e-10, 7.23309079298e-10], "var": [2.03195977519e-05, 1.73068542608e-06, 7.33700835553e-06, 8.74822399055e-06, 0.00032964051934, 8.6358988483e-05, 4.55094268546e-05, 3.37318581956e-08, 1.26472897932e-07, 2.87994765813e-07, 1.24851662342e-09, 7.67005747804e-09, 6.99314606223e-10, 4.5384992986e-10, 1.12930720331e-10, 6.6425517864e-11, 4.47169905271e-11, 3.73202788118e-11, 2.90315931017e-11, 2.29774966415e-11, 1.96994105056e-11, 1.45878933933e-11, 1.08925073822e-11, 1.11060258212e-11, 1.38715263234e-11, 3.26702935538e-11, 1.5959844557e-09], "median": [0.00091248692479, 0.000414096080931, 0.000862012966536, 0.000828955206089, 0.00259378599003, 0.000619783822913, 0.000201416172786, 5.1533083024e-05, 3.80406199838e-05, 2.09924837691e-05, 9.49673903961e-06, 9.03992986423e-06, 4.64751246909e-06, 4.40332951257e-06, 2.42761416303e-06, 1.66788345268e-06, 1.17636068353e-06, 9.76755586635e-07, 8.51828758641e-07, 7.31745558369e-07, 6.92045773576e-07, 6.12896656094e-07, 5.6251121805e-07, 6.81390588397e-07, 7.72231373958e-07, 1.23863924273e-06, 8.83827851794e-06]}, "melbands_kurtosis": {"dmean": 13.1844358444, "dmean2": 22.2157974243, "max": 273.61126709, "dvar": 319.678039551, "mean": 23.9870929718, "dvar2": 919.729187012, "min": -1.41887569427, "var": 692.631774902, "median": 15.9282197952}, "erbbands_crest": {"dmean": 3.02889871597, "dmean2": 4.6896905899, "max": 32.0129852295, "dvar": 6.94709968567, "mean": 15.5530643463, "dvar2": 16.1431903839, "min": 2.87920331955, "var": 30.1589050293, "median": 14.8823194504}, "melbands_skewness": {"dmean": 0.97642493248, "dmean2": 1.61331665516, "max": 9.70089149475, "dvar": 0.923105835915, "mean": 2.03380656242, "dvar2": 2.63553929329, "min": -2.28894114494, "var": 2.37177801132, "median": 1.84085857868}, "spectral_energyband_middle_low": {"dmean": 0.00544402189553, "dmean2": 0.00813042744994, "max": 0.266370683908, "dvar": 9.49787936406e-05, "mean": 0.0165719110519, "dvar2": 0.000216745203943, "min": 1.67150987496e-10, "var": 0.000575311074499, "median": 0.00833664834499}, "spectral_contrast_coeffs": {"dmean": [0.0512795187533, 0.0483074486256, 0.0365963988006, 0.0329036228359, 0.0264402888715, 0.0155850220472], "dmean2": [0.0852180942893, 0.0782597735524, 0.060116648674, 0.0557501018047, 0.0452243052423, 0.0260897669941], "max": [-0.254193246365, -0.395785748959, -0.567190170288, -0.667720496655, -0.810913920403, -0.822259783745], "dvar": [0.00160422164481, 0.00153294811025, 0.000906434899662, 0.000688016880304, 0.000466114957817, 0.000184514603461], "mean": [-0.574699640274, -0.723437726498, -0.834055304527, -0.88929772377, -0.924769341946, -0.870317161083], "dvar2": [0.00434751994908, 0.00394227029756, 0.00248929508962, 0.00187401729636, 0.00122198590543, 0.000503104587551], "min": [-0.961216509342, -0.972118794918, -0.967856287956, -0.979535996914, -0.974969267845, -0.960352838039], "var": [0.00828753318638, 0.00803484767675, 0.00305591709912, 0.00170918111689, 0.000870546966325, 0.000293348944979], "median": [-0.580454111099, -0.737367868423, -0.841799378395, -0.889440774918, -0.930307745934, -0.866478383541]}, "spectral_contrast_valleys": {"dmean": [0.40879380703, 0.402247130871, 0.459907025099, 0.601069092751, 0.750448286533, 0.611565649509], "dmean2": [0.694666028023, 0.644780039787, 0.750532925129, 1.00499224663, 1.25424253941, 1.01133930683], "max": [-5.63630723953, -4.972615242, -5.98900747299, -6.73089551926, -6.78846120834, -9.15643501282], "dvar": [0.150983348489, 0.15492542088, 0.193300500512, 0.300315141678, 0.391754597425, 0.285727679729], "mean": [-7.55217504501, -7.20312690735, -8.29968547821, -9.05121326447, -9.22815704346, -11.3708324432], "dvar2": [0.32908731699, 0.322543263435, 0.444866299629, 0.724189519882, 0.963838934898, 0.662055432796], "min": [-27.3522777557, -27.0913181305, -27.4300270081, -27.2189159393, -27.1969451904, -27.2767696381], "var": [0.505054712296, 0.653472006321, 0.587631821632, 0.697686672211, 0.919371664524, 0.752829611301], "median": [-7.54978179932, -7.19929027557, -8.31482791901, -9.10780143738, -9.24224662781, -11.3446063995]}, "silence_rate_20dB": {"dmean": 0, "dmean2": 0, "max": 1, "dvar": 0, "mean": 1, "dvar2": 0, "min": 1, "var": 0, "median": 1}, "silence_rate_30dB": {"dmean": 0.0232151374221, "dmean2": 0.0464376583695, "max": 1, "dvar": 0.0226769503206, "mean": 0.948489665985, "dvar2": 0.0538230389357, "min": 0, "var": 0.0488575398922, "median": 1}, "spectral_strongpeak": {"dmean": 16.8757820129, "dmean2": 30.2464122772, "max": 252.740859985, "dvar": 962.576171875, "mean": 22.591375351, "dvar2": 2403.92163086, "min": 0, "var": 1637.73779297, "median": 1.03355097771}, "spectral_spread": {"dmean": 1048263.1875, "dmean2": 1703845.5, "max": 40031676, "dvar": 930970206208, "mean": 4034213.5, "dvar2": 2097781407740.0, "min": 1031529.25, "var": 1818276397060.0, "median": 3959763}, "barkbands_flatness_db": {"dmean": 0.0482118092477, "dmean2": 0.078976996243, "max": 0.474516481161, "dvar": 0.0015323391417, "mean": 0.266070276499, "dvar2": 0.00414819829166, "min": 0.05748693645, "var": 0.00348568055779, "median": 0.264377892017}, "pitch_salience": {"dmean": 0.0713853687048, "dmean2": 0.116745822132, "max": 0.831303179264, "dvar": 0.00360485655256, "mean": 0.531782627106, "dvar2": 0.00976192206144, "min": 0.115805596113, "var": 0.012215311639, "median": 0.545326352119}, "erbbands_kurtosis": {"dmean": 10.5106906891, "dmean2": 16.8521728516, "max": 363.611083984, "dvar": 275.478393555, "mean": 19.3168754578, "dvar2": 718.559020996, "min": -0.791605949402, "var": 465.787475586, "median": 12.6786499023}, "average_loudness": 0.130779415369, "barkbands_crest": {"dmean": 3.08163619041, "dmean2": 5.14491844177, "max": 25.5870666504, "dvar": 6.98030471802, "mean": 13.7602043152, "dvar2": 19.601354599, "min": 4.44513130188, "var": 21.1134910583, "median": 12.9419517517}, "hfc": {"dmean": 87.3497467041, "dmean2": 133.983322144, "max": 2162.36425781, "dvar": 17339.4960938, "mean": 289.101715088, "dvar2": 42853.7695312, "min": 3.75423078367e-05, "var": 93898.7109375, "median": 177.406829834}, "barkbands_kurtosis": {"dmean": 22.7773323059, "dmean2": 39.5786857605, "max": 734.00189209, "dvar": 1270.14282227, "mean": 36.3544006348, "dvar2": 3589.71655273, "min": -1.21007442474, "var": 1819.07446289, "median": 23.9884262085}, "erbbands": {"dmean": [0.0224496796727, 0.139044910669, 0.895875036716, 2.18428874016, 10.9978103638, 9.82039546967, 8.26693820953, 12.5380048752, 18.2956790924, 3.62385773659, 1.62180745602, 1.90007388592, 2.16088008881, 1.50448989868, 0.640173196793, 0.831093490124, 0.429453969002, 0.406405121088, 0.313604593277, 0.258915841579, 0.216003328562, 0.191119894385, 0.170585408807, 0.150083303452, 0.131505832076, 0.114946000278, 0.0989190638065, 0.0841315165162, 0.070768147707, 0.0583501197398, 0.0471091009676, 0.0369298793375, 0.0280350223184, 0.0204178206623, 0.0141578353941, 0.00927956495434, 0.0055800434202, 0.00300241005607, 0.00145358161535, 0.00278596999124], "dmean2": [0.0379041023552, 0.246084645391, 1.52007067204, 3.78310871124, 16.457113266, 14.9451446533, 13.3783969879, 17.6915855408, 26.079284668, 5.6598200798, 2.4996035099, 2.93596768379, 3.18258738518, 2.28578734398, 1.08553397655, 1.37321317196, 0.71570533514, 0.685977160931, 0.530986964703, 0.443382710218, 0.374828696251, 0.330812036991, 0.296029180288, 0.26073667407, 0.228372722864, 0.199560791254, 0.171564459801, 0.145692914724, 0.12239883095, 0.100565992296, 0.080909229815, 0.0632185786963, 0.0477637387812, 0.0345804430544, 0.0238777715713, 0.0155384596437, 0.00930978730321, 0.00499867880717, 0.00240308186039, 0.00423511536792], "max": [0.706027984619, 3.68244600296, 29.1314945221, 100.412910461, 856.568725586, 477.777648926, 532.851745605, 2150.7019043, 1736.4810791, 575.331359863, 104.785972595, 88.9653167725, 270.859039307, 332.749237061, 30.3070926666, 138.817611694, 37.1812896729, 19.9123325348, 17.3166694641, 7.99755430222, 5.3456492424, 4.26136875153, 4.07442188263, 3.51946973801, 3.2260966301, 2.7875931263, 2.35103726387, 2.04900336266, 1.72650003433, 1.43401110172, 1.14162051678, 0.896142363548, 0.688430249691, 0.491101652384, 0.323445349932, 0.202158674598, 0.140901222825, 0.0873828902841, 0.051354072988, 0.0927037745714], "dvar": [0.00121945468709, 0.0665161386132, 2.55225276947, 16.3397331238, 563.612548828, 345.937744141, 264.434417725, 2474.74804688, 5342.40625, 162.159942627, 13.2267227173, 17.828496933, 63.5295791626, 24.3765678406, 1.45752835274, 8.94981479645, 0.927889704704, 0.634274184704, 0.382538855076, 0.232137843966, 0.170490473509, 0.137652590871, 0.11070856452, 0.0861446633935, 0.065969273448, 0.0501954071224, 0.0369517095387, 0.026591444388, 0.0185807067901, 0.0124521907419, 0.007957207039, 0.00477688619867, 0.00267775706016, 0.00138347921893, 0.000652411894407, 0.000279491010588, 0.000107393250801, 3.39776524925e-05, 7.87015142123e-06, 2.03960498766e-05], "mean": [0.0306115597486, 0.232618540525, 1.84963178635, 4.74445867538, 26.9428100586, 23.1054077148, 18.8012676239, 31.2184963226, 40.952709198, 6.84993314743, 3.06525230408, 3.36607241631, 4.08966732025, 3.11629605293, 1.05792868137, 1.32773935795, 0.622730314732, 0.590086400509, 0.401896029711, 0.308604359627, 0.233654171228, 0.19572801888, 0.172383829951, 0.147871136665, 0.129316225648, 0.111621774733, 0.0965140461922, 0.0825415179133, 0.0700727924705, 0.0584826432168, 0.0479365251958, 0.0386180616915, 0.0312506854534, 0.0226642582566, 0.0157376620919, 0.0109761580825, 0.00636363495141, 0.003478924511, 0.00254054856487, 0.00925814080983], "dvar2": [0.00340768950991, 0.211420461535, 7.88029098511, 56.2019424438, 1237.31335449, 796.575378418, 609.958435059, 4410.17089844, 12865.0839844, 425.746154785, 25.8751621246, 38.4339408875, 130.977355957, 41.3692436218, 4.04797172546, 21.5426216125, 2.31571292877, 1.70205807686, 0.998302280903, 0.630535781384, 0.467523187399, 0.381159901619, 0.305094897747, 0.238101601601, 0.18171839416, 0.138633668423, 0.101892434061, 0.073158018291, 0.0510285757482, 0.0341255813837, 0.0217757280916, 0.0130055360496, 0.00725195556879, 0.00371542363428, 0.00173269351944, 0.000735036912374, 0.000279833824607, 8.83757093106e-05, 2.05197575269e-05, 4.73919099022e-05], "min": [2.09392281292e-09, 6.5721903475e-09, 2.43564475255e-08, 4.01873130329e-08, 8.01336526024e-08, 1.10952321108e-07, 2.77709574448e-07, 3.77649627126e-07, 9.34413932896e-08, 1.94258760189e-07, 6.84851897859e-07, 9.45917122408e-07, 3.23522584722e-07, 5.27704457909e-07, 8.7674260385e-07, 7.13037081823e-07, 4.23481026246e-07, 9.7412487321e-07, 2.04636785384e-06, 2.69913243756e-06, 2.84755310531e-06, 2.97872429655e-06, 2.90888215204e-06, 3.39498615176e-06, 5.25446148458e-06, 4.76693730889e-06, 4.27016402682e-06, 4.27555369242e-06, 4.90264392283e-06, 5.39216853213e-06, 4.07530842494e-06, 5.22116761204e-06, 3.19262744597e-06, 3.92488527723e-06, 2.74254625765e-06, 1.67390669503e-06, 1.12498594262e-06, 4.41240217697e-07, 9.07983448428e-08, 1.0168375475e-08], "var": [0.00183357927017, 0.140425428748, 8.25855636597, 45.1053314209, 4208.421875, 1452.53015137, 1168.97070312, 11676.4726562, 16343.3574219, 235.657180786, 41.1365776062, 54.1296348572, 186.732345581, 118.126846313, 3.00650835037, 16.3557567596, 1.79496157169, 1.19302773476, 0.525308012962, 0.285532832146, 0.185930266976, 0.143424943089, 0.115786135197, 0.0872585251927, 0.0674303397536, 0.0509945787489, 0.0376843214035, 0.0272925887257, 0.0192263852805, 0.0130425412208, 0.0084539251402, 0.00518331071362, 0.00297865085304, 0.00158393371385, 0.000764008203987, 0.000331635703333, 0.000125249687699, 3.89062261092e-05, 1.2244950085e-05, 0.000103757542092], "median": [0.0166200920939, 0.0903976261616, 0.837909042835, 2.47874069214, 6.01704025269, 8.28509044647, 6.56186771393, 5.17130374908, 3.17784118652, 2.33596277237, 1.08355855942, 0.96933889389, 0.625969290733, 0.607840001583, 0.464775264263, 0.386579751968, 0.256600797176, 0.237022131681, 0.158782809973, 0.122463218868, 0.0855239257216, 0.0670452266932, 0.0554759353399, 0.0468691028655, 0.0404141955078, 0.0343870334327, 0.0298338644207, 0.0258534252644, 0.0220264419913, 0.0188299193978, 0.0158152449876, 0.0132771