{"tonal": {"hpcp": {"dvar": [0.0177063532174, 0.0171206574887, 0.0257126558572, 0.0325367078185, 0.0367915034294, 0.0439776033163, 0.0518287979066, 0.0374598391354, 0.0451241545379, 0.0328217223287, 0.0233933571726, 0.0239408630878, 0.0324233621359, 0.0266203992069, 0.0199184250087, 0.0248025041074, 0.0229144021869, 0.0145646352321, 0.0129814343527, 0.0156595185399, 0.0243980698287, 0.0294764377177, 0.0372036285698, 0.049341712147, 0.0618566125631, 0.0503640808165, 0.0496762283146, 0.0513498447835, 0.0361990481615, 0.0228161793202, 0.0165190566331, 0.00831082649529, 0.0100688179955, 0.0125978887081, 0.0120494328439, 0.0217488128692], "var": [0.0259298011661, 0.0152711914852, 0.0328716672957, 0.05542877689, 0.0460531339049, 0.0918281972408, 0.180823326111, 0.0731017887592, 0.0389079526067, 0.0265685562044, 0.0214714761823, 0.0345136485994, 0.0606542862952, 0.0334152318537, 0.0245807338506, 0.0315526016057, 0.020945366472, 0.0146049261093, 0.0123272845522, 0.0134599879384, 0.0374813228846, 0.0540665797889, 0.0388917326927, 0.0432351343334, 0.051150854677, 0.0472387112677, 0.0867643877864, 0.133140057325, 0.0614490658045, 0.0218820217997, 0.0183581281453, 0.00683843297884, 0.0081302523613, 0.00996399391443, 0.0116176297888, 0.0251058768481], "median": [0.00782700441778, 0.00875426456332, 0.0135358180851, 0.0187692083418, 0.0368456542492, 0.247727960348, 0.307484388351, 0.158606678247, 0.0153184309602, 0.00794756505638, 0.00776583096012, 0.0186076648533, 0.0332889929414, 0.0275901146233, 0.0204902328551, 0.0196035820991, 0.0159475058317, 0.00868119392544, 0.0070011629723, 0.0100638028234, 0.0147724729031, 0.014718523249, 0.0100595150143, 0.00891789607704, 0.0103789437562, 0.0214057248086, 0.102253600955, 0.144967600703, 0.0755438953638, 0.0109853418544, 0.0053619290702, 0.00492567289621, 0.00472865626216, 0.00555895734578, 0.00664858520031, 0.0077851805836], "max": [1, 1, 1, 1, 1, 1, 1, 1, 1, 1, 1, 1, 1, 1, 1, 1, 1, 1, 1, 1, 1, 1, 1, 1, 1, 1, 1, 1, 1, 1, 1, 1, 1, 1, 1, 1], "dmean": [0.0525069609284, 0.0562065020204, 0.0770219191909, 0.0951533094049, 0.123903669417, 0.169823810458, 0.143937557936, 0.149307876825, 0.106214568019, 0.0794192478061, 0.0671309605241, 0.0844303146005, 0.103133291006, 0.0953422486782, 0.0725530982018, 0.0781767889857, 0.0683709979057, 0.0468551963568, 0.0463701225817, 0.0551274903119, 0.0740499347448, 0.0895924121141, 0.101562611759, 0.115557469428, 0.133816197515, 0.136668428779, 0.173521265388, 0.168304994702, 0.139114111662, 0.0744644552469, 0.0476153679192, 0.0349973775446, 0.03322834149, 0.0375070758164, 0.0407098121941, 0.052888661623], "dmean2": [0.0918086692691, 0.100427210331, 0.132047355175, 0.16213594377, 0.213817551732, 0.291424304247, 0.245808780193, 0.255732744932, 0.192380174994, 0.144127443433, 0.121482089162, 0.142517536879, 0.176463142037, 0.16443413496, 0.126074329019, 0.135007455945, 0.117428302765, 0.0812308862805, 0.0813661888242, 0.0975186005235, 0.127608597279, 0.153774753213, 0.178852438927, 0.207830458879, 0.247166484594, 0.244103685021, 0.297025084496, 0.287623614073, 0.233381867409, 0.134927168489, 0.0868714898825, 0.0628827214241, 0.0590115897357, 0.0670126006007, 0.0728334411979, 0.0930761918426], "mean": [0.0575877353549, 0.0504241026938, 0.0845627635717, 0.12059596926, 0.134818509221, 0.322801440954, 0.464642465115, 0.266363978386, 0.0883436352015, 0.0634155869484, 0.0567616075277, 0.0989918708801, 0.143378138542, 0.108537636697, 0.0773478448391, 0.0861655548215, 0.0663205757737, 0.0444307811558, 0.0407867655158, 0.0494538731873, 0.0910959839821, 0.116453804076, 0.0957553833723, 0.0936054736376, 0.104604110122, 0.121766731143, 0.246232271194, 0.329100191593, 0.192588537931, 0.066510759294, 0.0456992276013, 0.0318785123527, 0.0302869137377, 0.0335769914091, 0.03755864501, 0.0542980544269], "dvar2": [0.0441055372357, 0.048452179879, 0.0691417232156, 0.0791698470712, 0.0969569906592, 0.116996720433, 0.122137904167, 0.0999642238021, 0.123605437577, 0.0889390408993, 0.062163926661, 0.060093883425, 0.078340344131, 0.0675669237971, 0.0493218824267, 0.062836818397, 0.0614972226322, 0.0367635525763, 0.0332449227571, 0.0428819172084, 0.0657653361559, 0.0714362561703, 0.100887767971, 0.139896407723, 0.170859158039, 0.135964274406, 0.134771719575, 0.119227521122, 0.0954967066646, 0.0630103349686, 0.0446686595678, 0.0238347593695, 0.0273725073785, 0.0354803875089, 0.0320009067655, 0.0587691068649], "min": [0, 0, 0, 0, 0, 0, 0, 0, 0, 0, 0, 0, 0, 0, 0, 0, 0, 0, 0, 0, 0, 0, 0, 0, 0, 0, 0, 0, 0, 0, 0, 0, 0, 0, 0, 0]}, "key_key": "B", "thpcp": [1, 0.5732665658, 0.190132498741, 0.136482551694, 0.122161902487, 0.213049560785, 0.308577358723, 0.23359388113, 0.166467443109, 0.18544486165, 0.142734646797, 0.0956235900521, 0.0877809673548, 0.106434248388, 0.196056082845, 0.250631004572, 0.206084012985, 0.201456993818, 0.225128173828, 0.262065440416, 0.529939234257, 0.708286941051, 0.414487600327, 0.143143951893, 0.0983535349369, 0.0686086937785, 0.0651832669973, 0.072264149785, 0.0808334350586, 0.116859860718, 0.123939886689, 0.108522370458, 0.181995347142, 0.259545743465, 0.290155380964, 0.694730818272], "chords_key": "B", "tuning_equal_tempered_deviation": 0.0491839721799, "tuning_frequency": 440.763122559, "tuning_diatonic_strength": 0.698687076569, "chords_histogram": [60.096736908, 0, 1.26964938641, 0.423216432333, 0, 2.11608219147, 0, 8.16203117371, 2.05562281609, 20.1934700012, 2.84159612656, 0, 0.0604594908655, 0, 0, 0, 0, 0.785973370075, 0, 0.120918981731, 0, 0, 1.69286572933, 0.181378483772], "key_strength": 0.805652141571, "key_scale": "minor", "chords_strength": {"dvar": 0.00116733973846, "var": 0.0131736742333, "median": 0.589235901833, "max": 0.795073866844, "dmean": 0.00932505074888, "dmean2": 0.00997246522456, "mean": 0.568926930428, "dvar2": 0.00211357837543, "min": -1}, "chords_number_rate": 0.00483675953001, "tuning_nontempered_energy_ratio": 0.680785894394, "hpcp_entropy": {"dvar": 0.288148850203, "var": 0.589918792248, "median": 1.67065298557, "max": 3.91056537628, "dmean": 0.60517936945, "dmean2": 1.03253746033, "mean": 1.68977844715, "dvar2": 0.78856742382, "min": 0}, "chords_changes_rate": 0.0380894802511, "chords_scale": "minor"}, "rhythm": {"bpm_histogram_first_peak_spread": {"dvar": 0, "var": 0, "median": 0.114035069942, "max": 0.114035069942, "dmean": 0, "dmean2": 0, "mean": 0.114035069942, "dvar2": 0, "min": 0.114035069942}, "bpm_histogram_first_peak_weight": {"dvar": 0, "var": 0, "median": 0.878260850906, "max": 0.878260850906, "dmean": 0, "dmean2": 0, "mean": 0.878260850906, "dvar2": 0, "min": 0.878260850906}, "bpm_histogram_first_peak_bpm": {"dvar": 0, "var": 0, "median": 91, "max": 91, "dmean": 0, "dmean2": 0, "mean": 91, "dvar2": 0, "min": 91}, "bpm": 91.1820907593, "bpm_histogram_second_peak_weight": {"dvar": 0, "var": 0, "median": 0.00869565177709, "max": 0.00869565177709, "dmean": 0, "dmean2": 0, "mean": 0.00869565177709, "dvar2": 0, "min": 0.00869565177709}, "beats_loudness": {"dvar": 0.000484978896566, "var": 0.00110423739534, "median": 0.0295519586653, "max": 0.138447538018, "dmean": 0.0176832061261, "dmean2": 0.032085288316, "mean": 0.0407986715436, "dvar2": 0.00138867052738, "min": 4.11154915669e-10}, "beats_loudness_band_ratio": {"dvar": [0.0468301773071, 0.0126031693071, 0.0276645310223, 0.0119683817029, 0.00207275291905, 0.00115488353185], "var": [0.0818660855293, 0.0183567628264, 0.0887290164828, 0.0122444443405, 0.00159194075968, 0.00102559197694], "median": [0.277819871902, 0.077934011817, 0.29412946105, 0.0522596016526, 0.0216922350228, 0.0320648141205], "max": [0.868735015392, 0.693824052811, 0.937204003334, 0.510310828686, 0.2340606004, 0.180858999491], "dmean": [0.188485175371, 0.0874933972955, 0.168130964041, 0.0978937745094, 0.0299968868494, 0.025614047423], "dmean2": [0.335089802742, 0.158571243286, 0.293747395277, 0.177093684673, 0.0559798590839, 0.0455364435911], "mean": [0.316437602043, 0.118372008204, 0.413057655096, 0.104769870639, 0.0323350504041, 0.0383039563894], "dvar2": [0.125661969185, 0.03721723333, 0.0692133158445, 0.0355598181486, 0.00578831788152, 0.00323002040386], "min": [0.000101866149635, 0.000384594546631, 0.000483446172439, 0.00185047532432, 0.0012297637295, 0.000156328533194]}, "bpm_histogram_second_peak_bpm": {"dvar": 0, "var": 0, "median": 86, "max": 86, "dmean": 0, "dmean2": 0, "mean": 86, "dvar2": 0, "min": 86}, "onset_rate": 3.77775502205, "beats_count": 116, "beats_position": [0.650158703327, 1.3235373497, 2.02013611794, 2.69351458549, 3.35528349876, 4.01705217361, 4.67882061005, 5.34058952332, 6.00235795975, 6.66412687302, 7.32589578629, 7.98766422272, 8.63782310486, 9.29959201813, 9.96135997772, 10.623128891, 11.2848978043, 11.9350566864, 12.5968255997, 13.2585935593, 13.9203624725, 14.5821313858, 15.2439002991, 15.9056682587, 16.5674381256, 17.2292060852, 17.8793640137, 18.5411338806, 19.2029018402, 19.853061676, 20.5032196045, 21.1649875641, 21.826757431, 22.4885253906, 23.1502952576, 23.800453186, 24.4506111145, 25.1007709503, 25.7509288788, 26.4243087769, 27.0976867676, 27.7710647583, 28.4328346252, 29.0946025848, 29.7447605133, 30.3949203491, 31.0566883087, 31.7184581757, 32.391834259, 33.053604126, 33.7153739929, 34.3771438599, 35.0389099121, 35.7006797791, 36.362449646, 37.0358276367, 37.6975975037, 38.3593635559, 39.0327415466, 39.6945114136, 40.344669342, 40.9948310852, 41.6449890137, 42.2835350037, 42.9336967468, 43.5838546753, 44.2340126038, 44.8841705322, 45.5343284607, 46.1844902039, 46.8462562561, 47.508026123, 48.1581840515, 48.80834198, 49.4585037231, 50.1086616516, 50.7588195801, 51.4089775085, 52.0591392517, 52.7092971802, 53.3710632324, 54.0328330994, 54.6829910278, 55.333152771, 55.9833106995, 56.6334686279, 57.2836265564, 57.9453964233, 58.6071662903, 59.2573242188, 59.9074821472, 60.5576400757, 61.1961898804, 61.8347396851, 62.4848976135, 63.135055542, 63.7852134705, 64.4585952759, 65.1319732666, 65.7937393188, 66.4555053711, 67.1172790527, 67.779045105, 68.4408187866, 69.1025848389, 69.7643508911, 70.4261245728, 71.087890625, 71.7496566772, 72.3998184204, 73.0615844727, 73.7233581543, 74.3735122681, 75.0236740112, 75.673828125, 76.3356018066], "danceability": 1.08520817757, "bpm_histogram_second_peak_spread": {"dvar": 0, "var": 0, "median": 0, "max": 0, "dmean": 0, "dmean2": 0, "mean": 0, "dvar2": 0, "min": 0}}, "lowlevel": {"spectral_flux": {"dvar": 0.000999732641503, "var": 0.00309794652276, "median": 0.0601372122765, "max": 0.359107166529, "dmean": 0.0223375428468, "dmean2": 0.0345999971032, "mean": 0.0696653649211, "dvar2": 0.0021836226806, "min": 1.00207023235e-10}, "spectral_rolloff": {"dvar": 1309292.875, "var": 2903971.5, "median": 753.662109375, "max": 19099.9511719, "dmean": 485.442260742, "dmean2": 834.841064453, "mean": 1347.38769531, "dvar2": 2980684.25, "min": 21.533203125}, "barkbands_flatness_db": {"dvar": 0.000842184876092, "var": 0.00547523098066, "median": 0.172914013267, "max": 0.455888599157, "dmean": 0.0265622138977, "dmean2": 0.0388445742428, "mean": 0.186063170433, "dvar2": 0.00182798877358, "min": 0.0267646629363}, "spectral_centroid": {"dvar": 202460.9375, "var": 775034.125, "median": 877.218139648, "max": 11509.2666016, "dmean": 251.490402222, "dmean2": 385.8543396, "mean": 1090.02185059, "dvar2": 413408.3125, "min": 137.6068573}, "melbands_skewness": {"dvar": 0.878200292587, "var": 4.84602212906, "median": 2.19727158546, "max": 17.8271102905, "dmean": 0.858640611172, "dmean2": 1.27631211281, "mean": 2.66963362694, "dvar2": 1.92785084248, "min": -3.60475206375}, "melbands": {"dvar": [3.77944047614e-06, 5.03781120642e-06, 8.00646375865e-06, 1.98153179554e-06, 9.47736467083e-08, 7.67732117879e-08, 4.26840571777e-08, 1.04144085356e-07, 6.75362414881e-08, 1.05650734383e-07, 8.75655885579e-08, 4.89741829313e-08, 5.85812749421e-08, 5.27362509217e-08, 8.49812575865e-09, 1.87354611825e-08, 3.53586813162e-08, 1.55813228986e-09, 1.52228674111e-09, 3.54035190053e-10, 3.07485592543e-10, 2.91685731124e-10, 4.46077508265e-10, 6.85983075899e-11, 3.01060947006e-11, 1.82466593918e-11, 2.72562059728e-11, 2.08682914699e-11, 2.03958065714e-11, 1.97787012463e-11, 1.99017261004e-11, 2.52630312503e-11, 2.73376547094e-11, 2.54875079375e-11, 1.66121560952e-11, 3.5212586319e-11, 8.80118374014e-12, 6.29969644159e-12, 2.78845219484e-12, 8.24339511582e-13], "var": [3.53534210262e-06, 1.21673847389e-05, 1.18607767945e-05, 2.10623875319e-06, 1.74902282879e-07, 1.06801770983e-07, 9.238379306e-08, 5.05497382619e-07, 1.14976721477e-07, 1.85979033063e-07, 1.62554513849e-07, 1.07786298997e-07, 9.5794653987e-08, 1.14758762493e-07, 1.93494429368e-08, 3.34887282349e-08, 4.69640681899e-08, 2.36694441824e-09, 2.80922884954e-09, 6.75320632748e-10, 7.9834699962e-10, 8.43030922848e-10, 1.23269949803e-09, 1.41916353669e-10, 6.02771790814e-11, 3.75073028192e-11, 4.49572150341e-11, 3.58951479651e-11, 4.80447973072e-11, 3.23518017931e-11, 2.82142590541e-11, 3.67801414325e-11, 3.91806448397e-11, 3.55816556774e-11, 1.66687358361e-11, 2.31039926774e-11, 8.19594565826e-12, 8.50210613718e-12, 4.06114942023e-12, 1.15160040792e-12], "median": [3.80679557566e-05, 0.000526192248799, 0.000541532295756, 0.00031012063846, 0.000157351983944, 8.53032906889e-05, 8.07238247944e-05, 9.23873885768e-05, 5.94187185925e-05, 0.00011007230205, 9.32193361223e-05, 2.35209754464e-05, 2.41217639996e-05, 1.45595904542e-05, 5.5803975556e-06, 6.96951747159e-06, 6.34373827779e-06, 4.42550617663e-06, 4.78983247376e-06, 3.46243859894e-06, 3.20138792631e-06, 3.12743486575e-06, 2.79831897387e-06, 1.5009281924e-06, 9.38542200402e-07, 8.36287881611e-07, 8.32886883018e-07, 1.01497801097e-06, 8.63441925958e-07, 4.25981937724e-07, 3.56741566065e-07, 3.54780922862e-07, 4.15394794118e-07, 5.53184406726e-07, 2.3307980257e-07, 8.95903369269e-08, 7.4755014623e-08, 6.91334420821e-08, 4.84942717094e-08, 5.25794199291e-08], "max": [0.0230052191764, 0.0385355055332, 0.0407642796636, 0.0191663913429, 0.00358106801286, 0.00526122422889, 0.00349743687548, 0.00594450114295, 0.00382472458296, 0.00612285919487, 0.00573431607336, 0.0046466672793, 0.0045204302296, 0.00442170118913, 0.0019909767434, 0.00325897801667, 0.0040249847807, 0.00105433573481, 0.00159278570209, 0.000852256489452, 0.000511996389832, 0.000456487381598, 0.00059779145522, 0.000156915775733, 6.77133430145e-05, 7.57969683036e-05, 0.000103647551441, 8.58549246914e-05, 9.59479802987e-05, 7.78823450673e-05, 5.53760510229e-05, 7.42319534766e-05, 8.50875658216e-05, 6.97387222317e-05, 5.64844594919e-05, 9.29725501919e-05, 3.59180667147e-05, 4.20389151259e-05, 4.89666526846e-05, 2.29023607972e-05], "dmean": [0.000490041507874, 0.000850654672831, 0.00103079946712, 0.00053583655972, 0.000175000124727, 0.000129523366923, 0.000106730447442, 0.000167044112459, 0.000126272338093, 0.000168226237292, 0.000149566461914, 7.62777926866e-05, 8.67089402163e-05, 7.66000375734e-05, 3.44866857631e-05, 4.80589478684e-05, 4.89531048515e-05, 1.33551511681e-05, 9.56133044383e-06, 5.99728127781e-06, 6.63340733809e-06, 7.17186958354e-06, 7.89706155047e-06, 3.61095794688e-06, 2.45508317676e-06, 1.95540656023e-06, 1.97718054551e-06, 1.89314778254e-06, 1.7994202608e-06, 1.55336317675e-06, 1.62899584666e-06, 1.90318348814e-06, 1.89462889466e-06, 1.816014219e-06, 1.21466928249e-06, 1.2419181985e-06, 7.46260127471e-07, 6.10547431279e-07, 4.23319306719e-07, 2.57594791719e-07], "dmean2": [0.000796857581008, 0.0013522998197, 0.00165123096667, 0.000876722799148, 0.000283507368295, 0.000215673630009, 0.000165213394212, 0.000251747725997, 0.000204502852284, 0.000266394839855, 0.00023992813658, 0.000125519669382, 0.000140564166941, 0.000123039790196, 5.55746191822e-05, 7.88563920651e-05, 8.42880908749e-05, 2.12924787775e-05, 1.46311022036e-05, 9.33959472604e-06, 1.06601328298e-05, 1.1063762031e-05, 1.22524788821e-05, 5.89023466091e-06, 4.09055519413e-06, 3.24302368426e-06, 3.26875237988e-06, 3.05283538182e-06, 2.91620290227e-06, 2.59728039964e-06, 2.66944698524e-06, 3.10587938657e-06, 3.04129571305e-06, 2.8622971513e-06, 1.98451698452e-06, 2.15587169805e-06, 1.25126268813e-06, 9.58756686487e-07, 6.53026006603e-07, 3.96447489948e-07], "mean": [0.000540849170648, 0.00223440048285, 0.00189646310173, 0.000767256133258, 0.000312087679049, 0.000202315699426, 0.00018862466095, 0.000337609817507, 0.000179322130862, 0.000261041335762, 0.000235388506553, 0.000124703670735, 0.000127910796436, 0.000129448497319, 5.80029736739e-05, 7.13120898581e-05, 6.7122062319e-05, 2.00841495825e-05, 1.54853405547e-05, 1.13580572361e-05, 1.26896165966e-05, 1.49933193825e-05, 1.58538168762e-05, 6.56051724945e-06, 4.31129092249e-06, 3.27994939653e-06, 3.19536161442e-06, 3.0380510907e-06, 2.95801646644e-06, 2.29273473451e-06, 2.36280402532e-06, 2.81419693238e-06, 2.72506963483e-06, 2.60761134996e-06, 1.52909888129e-06, 1.25133624351e-06, 8.51175684602e-07, 7.56442318561e-07, 5.61428862511e-07, 3.62005664556e-07], "dvar2": [9.31947488425e-06, 1.20064369185e-05, 1.87759997061e-05, 5.14352677783e-06, 2.47490845595e-07, 2.02426306828e-07, 9.8481500288e-08, 2.2308002201e-07, 1.68223451169e-07, 2.62263057493e-07, 2.17539366076e-07, 1.3099889884e-07, 1.61167591273e-07, 1.39636014751e-07, 2.08709760585e-08, 5.10850988178e-08, 1.03600505952e-07, 4.06060474134e-09, 2.91710677836e-09, 7.43382633228e-10, 7.96320731578e-10, 6.75081657242e-10, 1.07291775464e-09, 1.84579837526e-10, 8.10586528455e-11, 4.73673773815e-11, 7.1164935056e-11, 5.24846867356e-11, 5.17666604027e-11, 5.19566958901e-11, 5.37401165235e-11, 6.74957451041e-11, 7.10898492851e-11, 6.48810102866e-11, 4.53325502137e-11, 1.02303179816e-10, 2.4309061708e-11, 1.52423768052e-11, 6.75381235313e-12, 2.06756096618e-12], "min": [7.09989645284e-24, 2.3527675524e-23, 1.74398671022e-23, 2.72000502298e-23, 2.87040987425e-23, 8.57242208385e-24, 6.23887725733e-24, 5.97211487033e-24, 8.99539510173e-24, 8.45402668375e-24, 9.07359172782e-24, 4.24419631011e-24, 7.86833690467e-24, 1.6483098731e-23, 1.17646195232e-23, 6.20023017272e-24, 6.9285542865e-24, 6.30862518312e-24, 5.84984497989e-24, 8.18216154998e-24, 1.02146727163e-23, 2.19212738865e-23, 9.02919700266e-24, 9.27117614103e-24, 3.99167365131e-24, 1.34585981318e-23, 1.09172440714e-23, 1.07546961265e-23, 5.95860128859e-24, 1.08079750032e-23, 1.26379122111e-23, 1.50132473385e-23, 1.19443464921e-23, 8.32451544463e-24, 6.99125216239e-24, 1.06918460004e-23, 1.03528953464e-23, 1.2218439369e-23, 9.27524429672e-24, 8.93533596557e-24]}, "spectral_decrease": {"dvar": 2.08614454178e-17, "var": 5.0179356761e-17, "median": -4.45583570041e-09, "max": -3.70028950308e-29, "dmean": 2.26935714664e-09, "dmean2": 3.45220763087e-09, "mean": -6.48697229266e-09, "dvar2": 4.39320553323e-17, "min": -6.17769089217e-08}, "barkbands_kurtosis": {"dvar": 158.817779541, "var": 509.524841309, "median": 3.75215148926, "max": 304.822906494, "dmean": 5.59633541107, "dmean2": 8.72245121002, "mean": 10.301984787, "dvar2": 321.297546387, "min": -1.89759171009}, "silence_rate_30dB": {"dvar": 0.0236136838794, "var": 0.0189780537039, "median": 1, "max": 1, "dmean": 0.0241984277964, "dmean2": 0.0484114959836, "mean": 0.980647087097, "dvar2": 0.0581726133823, "min": 0}, "gfcc": {"mean": [-77.1731948853, 91.9179763794, -115.065124512, 10.8120880127, -69.7451553345, 2.294298172, -28.6792755127, 0.314088255167, -19.1037082672, -6.96470975876, -21.158159256, -5.65420866013, -12.1753911972], "cov": [[25768.6171875, 3103.68823242, -1471.30773926, 949.681335449, 848.460693359, 1444.79748535, -438.948883057, -142.918609619, -405.959869385, -759.298950195, -300.847137451, -325.536590576, -576.996337891], [3103.68823242, 3853.4609375, -355.520904541, -121.715415955, 1000.01525879, -161.424987793, -146.149551392, -188.95262146, -213.376556396, -533.62890625, -85.7932662964, -223.597488403, 134.108901978], [-1471.30773926, -355.520904541, 1287.99035645, 403.628814697, -54.0107955933, 34.8340759277, 158.326889038, 25.7855510712, 68.5761795044, 96.4962539673, -100.070220947, -45.793762207, -41.9163360596], [949.681335449, -121.715415955, 403.628814697, 1051.38781738, 420.227508545, 373.186859131, 33.6293563843, 78.6108703613, -17.0452213287, -67.8608856201, -105.621192932, -81.0089111328, -109.295883179], [848.460693359, 1000.01525879, -54.0107955933, 420.227508545, 854.937438965, 214.523208618, 24.2646522522, -29.1153202057, -54.4703483582, -196.857421875, -42.7118301392, -87.454864502, 11.0069589615], [1444.79748535, -161.424987793, 34.8340759277, 373.186859131, 214.523208618, 553.610961914, 96.0743560791, 24.4852218628, -61.0094070435, -37.5629463196, 5.0134100914, 1.48464250565, -93.9321517944], [-438.948883057, -146.149551392, 158.326889038, 33.6293563843, 24.2646522522, 96.0743560791, 263.229522705, 53.5044364929, 26.3496379852, 36.8048934937, 27.1543426514, 11.4794864655, -23.7943172455], [-142.918609619, -188.95262146, 25.7855510712, 78.6108703613, -29.1153202057, 24.4852218628, 53.5044364929, 165.710662842, 78.0371322632, 46.7482032776, 1.50631821156, 6.60113525391, -20.3971939087], [-405.959869385, -213.376556396, 68.5761795044, -17.0452213287, -54.4703483582, -61.0094070435, 26.3496379852, 78.0371322632, 181.197158813, 115.565689087, 0.241134509444, -2.34596681595, 2.71236276627], [-759.298950195, -533.62890625, 96.4962539673, -67.8608856201, -196.857421875, -37.5629463196, 36.8048934937, 46.7482032776, 115.565689087, 221.969863892, 61.0456619263, 33.8006973267, -21.2603740692], [-300.847137451, -85.7932662964, -100.070220947, -105.621192932, -42.7118301392, 5.0134100914, 27.1543426514, 1.50631821156, 0.241134509444, 61.0456619263, 133.788238525, 63.0073814392, 11.9691848755], [-325.536590576, -223.597488403, -45.793762207, -81.0089111328, -87.454864502, 1.48464250565, 11.4794864655, 6.60113525391, -2.34596681595, 33.8006973267, 63.0073814392, 104.956451416, 34.6611709595], [-576.996337891, 134.108901978, -41.9163360596, -109.295883179, 11.0069589615, -93.9321517944, -23.7943172455, -20.3971939087, 2.71236276627, -21.2603740692, 11.9691848755, 34.6611709595, 123.965705872]], "icov": [[7.7242628322e-05, -0.000103360085632, 9.48423839873e-05, -5.66163034819e-05, 0.000137535345857, -0.000225593597861, 9.82044366538e-05, 6.74577167956e-05, -0.000129110485432, 8.57000195538e-05, 0.000148395891301, -0.000110087057692, 0.000334268523147], [-0.000103360085632, 0.000827701995149, -0.000226587231737, 0.000463502947241, -0.000879397150129, 0.000522488960996, 7.81388371252e-05, -9.57159718382e-05, 0.000150152205606, 0.00108682038262, -0.000906575063709, 0.00138355942909, -0.000687450636178], [9.48423839873e-05, -0.000226587231737, 0.00134190102108, -0.000793453713413, 0.000537501648068, -9.61268415267e-06, -0.000833093421534, 0.000668661319651, -0.000156288326252, -0.000778739748057, 0.0012491788948, -0.000274464226095, 0.000161846066476], [-5.66163034819e-05, 0.000463502947241, -0.000793453713413, 0.00240755802952, -0.00143454829231, -0.000669453816954, 0.000846258830279, -0.0012617734028, 0.0005058372044, 0.000319641665556, 0.000398611766286, 0.000631013012026, 0.000493180763442], [0.000137535345857, -0.000879397150129, 0.000537501648068, -0.00143454829231, 0.00330638373271, -0.00106449529994, -0.00052014173707, 0.000920655787922, -0.00143740931526, 0.00109667575452, -0.00048751939903, 0.000492659688462, -0.000411205430282], [-0.000225593597861, 0.000522488960996, -9.61268415267e-06, -0.000669453816954, -0.00106449529994, 0.00391989387572, -0.00125537998974, -9.48162414716e-05, 0.00130598735996, -8.38395862957e-05, -0.000624292879365, -0.000748500053305, 0.000826025439892], [9.82044366538e-05, 7.81388371252e-05, -0.000833093421534, 0.000846258830279, -0.00052014173707, -0.00125537998974, 0.00539985531941, -0.00165192096028, -0.000237006184761, 0.000442626798758, -0.00124032155145, 0.000174908389454, 0.000848534633406], [6.74577167956e-05, -9.57159718382e-05, 0.000668661319651, -0.0012617734028, 0.000920655787922, -9.48162414716e-05, -0.00165192096028, 0.00921585503966, -0.00455443514511, 0.00110277812928, 9.3834096333e-05, -0.00121569540352, 0.00119649874978], [-0.000129110485432, 0.000150152205606, -0.000156288326252, 0.0005058372044, -0.00143740931526, 0.00130598735996, -0.000237006184761, -0.00455443514511, 0.0123089933768, -0.00744697824121, 0.00274059502408, 0.0010796089191, -0.00216087768786], [8.57000195538e-05, 0.00108682038262, -0.000778739748057, 0.000319641665556, 0.00109667575452, -8.38395862957e-05, 0.000442626798758, 0.00110277812928, -0.00744697824121, 0.0141253462061, -0.00670976331457, 0.00192327029072, 0.00204270868562], [0.000148395891301, -0.000906575063709, 0.0012491788948, 0.000398611766286, -0.00048751939903, -0.000624292879365, -0.00124032155145, 9.3834096333e-05, 0.00274059502408, -0.00670976331457, 0.01549930498, -0.00844643078744, 0.00144734513015], [-0.000110087057692, 0.00138355942909, -0.000274464226095, 0.000631013012026, 0.000492659688462, -0.000748500053305, 0.000174908389454, -0.00121569540352, 0.0010796089191, 0.00192327029072, -0.00844643078744, 0.0196675881743, -0.00670035602525], [0.000334268523147, -0.000687450636178, 0.000161846066476, 0.000493180763442, -0.000411205430282, 0.000826025439892, 0.000848534633406, 0.00119649874978, -0.00216087768786, 0.00204270868562, 0.00144734513015, -0.00670035602525, 0.0140092941001]]}, "silence_rate_20dB": {"dvar": 0, "var": 0, "median": 1, "max": 1, "dmean": 0, "dmean2": 0, "mean": 1, "dvar2": 0, "min": 1}, "barkbands_skewness": {"dvar": 0.794400930405, "var": 3.63012933731, "median": 1.64686346054, "max": 13.7811765671, "dmean": 0.709323942661, "dmean2": 1.0627682209, "mean": 1.94338548183, "dvar2": 1.65392720699, "min": -4.34641122818}, "erbbands_skewness": {"dvar": 0.614268183708, "var": 1.68600475788, "median": 0.685138881207, "max": 11.3619661331, "dmean": 0.541863739491, "dmean2": 0.827981233597, "mean": 0.798153281212, "dvar2": 1.37187540531, "min": -3.83409881592}, "spectral_contrast_valleys": {"dvar": [0.205317929387, 0.223217532039, 0.21935762465, 0.196923851967, 0.266790688038, 0.307141542435], "var": [5.17414951324, 3.37458920479, 3.41945934296, 3.11790657043, 2.78026103973, 2.74009561539], "median": [-7.88588762283, -7.00862360001, -7.50330448151, -8.31798362732, -8.2486000061, -10.763677597], "max": [-5.07302045822, -4.64228248596, -5.16753482819, -5.88200092316, -5.75387716293, -7.77164173126], "dmean": [0.458592265844, 0.441112816334, 0.407940894365, 0.370138853788, 0.380265772343, 0.422159910202], "dmean2": [0.728766262531, 0.68472391367, 0.625481247902, 0.535628914833, 0.517593681812, 0.543261945248], "mean": [-8.61768341064, -7.50363636017, -8.01289081573, -8.71692657471, -8.51877117157, -10.9885787964], "dvar2": [0.424771875143, 0.425630986691, 0.413209289312, 0.341185092926, 0.486187785864, 0.602362155914], "min": [-27.507270813, -27.0151481628, -27.376285553, -27.2465267181, -27.6612052917, -27.3178939819]}, "spectral_strongpeak": {"dvar": 0.561271429062, "var": 1.16355574131, "median": 0.652059435844, "max": 11.0591058731, "dmean": 0.444868415594, "dmean2": 0.733820557594, "mean": 0.983533143997, "dvar2": 1.38162064552, "min": 0}, "erbbands_crest": {"dvar": 8.79901790619, "var": 28.3856277466, "median": 10.1961183548, "max": 32.3185920715, "dmean": 3.07992243767, "dmean2": 4.97289085388, "mean": 11.3183135986, "dvar2": 21.1745700836, "min": 2.9266474247}, "barkbands_crest": {"dvar": 5.85008096695, "var": 20.9230518341, "median": 11.1564455032, "max": 25.2138023376, "dmean": 2.53653740883, "dmean2": 4.06209087372, "mean": 11.8388948441, "dvar2": 14.3540325165, "min": 2.86931753159}, "spectral_energyband_middle_low": {"dvar": 0.000141265729326, "var": 0.000224297851673, "median": 0.00847607664764, "max": 0.151511877775, "dmean": 0.00571099063382, "dmean2": 0.00885808188468, "mean": 0.0120579516515, "dvar2": 0.000332722644089, "min": 3.92586663794e-22}, "spectral_contrast_coeffs": {"dvar": [0.00211808574386, 0.00195606797934, 0.0016177004436, 0.000880668172613, 0.000445433339337, 0.000281129323412], "var": [0.0131744416431, 0.00903216935694, 0.00998567417264, 0.00652204919606, 0.00231100828387, 0.00139234960079], "median": [-0.573184788227, -0.719426810741, -0.730982065201, -0.789838850498, -0.798243761063, -0.764695525169], "max": [-0.290241718292, -0.392414957285, -0.35778850317, -0.517276525497, -0.551584601402, -0.642450034618], "dmean": [0.0498137883842, 0.0494326688349, 0.0463455803692, 0.0330641791224, 0.0235166996717, 0.0181544348598], "dmean2": [0.081635132432, 0.0802108421922, 0.0733756199479, 0.0519766286016, 0.0372561514378, 0.0291824117303], "mean": [-0.586104571819, -0.707133293152, -0.716023623943, -0.773638904095, -0.794331431389, -0.767030537128], "dvar2": [0.00529264425859, 0.00473665446043, 0.00368441641331, 0.00202152691782, 0.00102826522198, 0.000656052201521], "min": [-0.965173900127, -0.970181167126, -0.957274734974, -0.964274406433, -0.95296061039, -0.957556247711]}, "hfc": {"dvar": 81.8869552612, "var": 295.813842773, "median": 9.20388507843, "max": 106.822563171, "dmean": 5.24494314194, "dmean2": 7.98744630814, "mean": 15.5405511856, "dvar2": 192.402267456, "min": 1.09167101785e-16}, "spectral_energyband_high": {"dvar": 7.82360530138e-07, "var": 1.25044596189e-06, "median": 0.000118235664559, "max": 0.0112477354705, "dmean": 0.000314549368341, "dmean2": 0.000479368929518, "mean": 0.000520913279615, "dvar2": 2.00868134925e-06, "min": 7.06695374766e-21}, "erbbands_spread": {"dvar": 139.58392334, "var": 383.87487793, "median": 25.6033191681, "max": 120.527603149, "dmean": 9.47789573669, "dmean2": 14.6666793823, "mean": 30.273475647, "dvar2": 324.897155762, "min": 1.32129192352}, "dissonance": {"dvar": 0.00108970224392, "var": 0.00318638910539, "median": 0.441962152719, "max": 0.49999576807, "dmean": 0.0337157770991, "dmean2": 0.0556326806545, "mean": 0.426495760679, "dvar2": 0.00280749774538, "min": 0.12803247571}, "spectral_kurtosis": {"dvar": 43.9343338013, "var": 134.923233032, "median": 4.35401058197, "max": 108.375457764, "dmean": 3.34450173378, "dmean2": 5.50140953064, "mean": 7.84441614151, "dvar2": 121.016525269, "min": -1.18483686447}, "spectral_skewness": {"dvar": 0.231809303164, "var": 0.94369417429, "median": 1.63595163822, "max": 7.74761772156, "dmean": 0.370375961065, "dmean2": 0.587868213654, "mean": 1.88054955006, "dvar2": 0.59451186657, "min": -0.0996162742376}, "pitch_salience": {"dvar": 0.00499483896419, "var": 0.0182310100645, "median": 0.528755605221, "max": 0.920618534088, "dmean": 0.0748986303806, "dmean2": 0.119515374303, "mean": 0.524558842182, "dvar2": 0.0120596820489, "min": 0.0523702688515}, "spectral_complexity": {"dvar": 11.201292038, "var": 102.665977478, "median": 11, "max": 57, "dmean": 2.52147603035, "dmean2": 3.89379715919, "mean": 12.909283638, "dvar2": 23.1975650787, "min": 0}, "spectral_spread": {"dvar": 734535155712, "var": 3140199383040.0, "median": 4278974.5, "max": 40619284, "dmean": 553382.8125, "dmean2": 798783.3125, "mean": 4381715, "dvar2": 1309871964160.0, "min": 754106.0625}, "dynamic_complexity": 4.81983184814, "melbands_crest": {"dvar": 8.01115036011, "var": 29.4465122223, "median": 15.2449569702, "max": 37.9590911865, "dmean": 2.96809649467, "dmean2": 4.72452831268, "mean": 15.6108617783, "dvar2": 19.3078327179, "min": 2.6224694252}, "zerocrossingrate": {"dvar": 0.000303988868836, "var": 0.0025683126878, "median": 0.04296875, "max": 0.505859375, "dmean": 0.0108745228499, "dmean2": 0.0125958835706, "mean": 0.0545888692141, "dvar2": 0.000332324911142, "min": 0.00390625}, "spectral_energyband_low": {"dvar": 0.000131492910441, "var": 0.000276146252872, "median": 0.00279354536906, "max": 0.203707545996, "dmean": 0.00418088957667, "dmean2": 0.00648173922673, "mean": 0.0101987654343, "dvar2": 0.00028815882979, "min": 9.65081324286e-23}, "melbands_kurtosis": {"dvar": 392.220306396, "var": 1603.98681641, "median": 7.54719257355, "max": 478.902404785, "dmean": 9.96755695343, "dmean2": 15.0368595123, "mean": 20.7709636688, "dvar2": 779.996948242, "min": -1.89271140099}, "spectral_energyband_middle_high": {"dvar": 1.29331174321e-05, "var": 4.99942070746e-05, "median": 0.00150072784163, "max": 0.0516269505024, "dmean": 0.00180886080489, "dmean2": 0.0028508042451, "mean": 0.00471683358774, "dvar2": 3.43408901244e-05, "min": 1.4641430057e-21}, "barkbands_spread": {"dvar": 89.3476638794, "var": 221.303329468, "median": 12.1755990982, "max": 120.86769104, "dmean": 5.53835344315, "dmean2": 8.82466697693, "mean": 15.7867202759, "dvar2": 210.900192261, "min": 0.385718137026}, "mfcc": {"mean": [-716.254699707, 127.212089539, 3.00388264656, 9.49391651154, -14.6674804688, -1.42820453644, -9.22593212128, 2.68202924728, 1.02888596058, -1.25951695442, -2.51333642006, -4.89128351212, -3.87548184395], "cov": [[17081.6894531, 1291.51257324, -896.321411133, 621.015014648, 1193.26477051, 1307.94946289, 875.195800781, 884.997741699, -76.39868927, -384.518157959, 102.420570374, 32.5653686523, -380.456542969], [1291.51257324, 3045.03442383, -439.890350342, 110.720237732, 506.32119751, -29.2757225037, 163.785095215, 75.1257019043, -50.3867340088, -184.112503052, -196.192718506, -241.391464233, -225.13230896], [-896.321411133, -439.890350342, 1074.60998535, 216.161300659, -109.485839844, 87.3645324707, -11.9603719711, -3.69381475449, 97.5607452393, 149.642822266, 15.8740968704, 9.24468898773, 94.9112701416], [621.015014648, 110.720237732, 216.161300659, 586.734863281, 355.308410645, 174.218917847, 105.27469635, 114.274856567, 118.90663147, 35.3128013611, -27.2747116089, -16.5913143158, -38.7268218994], [1193.26477051, 506.32119751, -109.485839844, 355.308410645, 682.449707031, 287.973937988, 176.977111816, 162.601028442, 57.3800010681, -43.9294319153, -40.6115112305, -59.3819236755, -113.107711792], [1307.94946289, -29.2757225037, 87.3645324707, 174.218917847, 287.973937988, 440.049377441, 229.365402222, 153.322494507, 37.3241500854, -12.5511293411, 56.2297401428, 6.90760135651, -30.7706394196], [875.195800781, 163.785095215, -11.9603719711, 105.27469635, 176.977111816, 229.365402222, 293.760345459, 172.258361816, 1.09865283966, -38.6934356689, 24.1597003937, 15.9931917191, -35.1058311462], [884.997741699, 75.1257019043, -3.69381475449, 114.274856567, 162.601028442, 153.322494507, 172.258361816, 219.358230591, 60.6386833191, -28.1353282928, 17.2780742645, 13.3969306946, -21.0084152222], [-76.39868927, -50.3867340088, 97.5607452393, 118.90663147, 57.3800010681, 37.3241500854, 1.09865283966, 60.6386833191, 173.423553467, 77.4133071899, 5.0354013443, 15.8810634613, 31.5214233398], [-384.518157959, -184.112503052, 149.642822266, 35.3128013611, -43.9294319153, -12.5511293411, -38.6934356689, -28.1353282928, 77.4133071899, 162.904602051, 57.1621780396, 30.1809520721, 61.2160873413], [102.420570374, -196.192718506, 15.8740968704, -27.2747116089, -40.6115112305, 56.2297401428, 24.1597003937, 17.2780742645, 5.0354013443, 57.1621780396, 138.463546753, 79.2855911255, 34.9876022339], [32.5653686523, -241.391464233, 9.24468898773, -16.5913143158, -59.3819236755, 6.90760135651, 15.9931917191, 13.3969306946, 15.8810634613, 30.1809520721, 79.2855911255, 144.879364014, 73.4192352295], [-380.456542969, -225.13230896, 94.9112701416, -38.7268218994, -113.107711792, -30.7706394196, -35.1058311462, -21.0084152222, 31.5214233398, 61.2160873413, 34.9876022339, 73.4192352295, 158.317184448]], "icov": [[0.000102599602542, -4.35321562691e-05, 9.77487070486e-05, -8.1017096818e-05, 8.51604127092e-05, -0.000344941829098, 0.00021454335365, -0.000404688005801, 0.000239190994762, -6.86021521688e-05, 0.00010375030979, -0.000183013413334, 0.000134754416649], [-4.35321562691e-05, 0.000522195361555, 2.4049071726e-05, 0.000127246370539, -0.000481329770992, 0.000655934738461, -0.000688755826559, 0.000455982866697, -0.000309265567921, 0.000329019734636, -8.13483056845e-05, 0.000727921258658, -3.91758876503e-05], [9.77487070486e-05, 2.4049071726e-05, 0.00149362988304, -0.000827911600936, 0.000828034360893, -0.00100375688635, 0.000391548121115, -0.000534155522473, 0.000444410921773, -0.00117531127762, 0.000721546588466, 0.000168661325006, -0.000288126117084], [-8.1017096818e-05, 0.000127246370539, -0.000827911600936, 0.00341243459843, -0.00183337612543, 0.000541896093637, -0.000603853201028, 0.000377174030291, -0.00152067432646, -0.000110985725769, 0.000521109905094, -0.000390241417335, 0.000440457690274], [8.51604127092e-05, -0.000481329770992, 0.000828034360893, -0.00183337612543, 0.00405003223568, -0.00259400857612, 0.00113075040281, -0.00156773859635, 0.000680210709106, -0.000985942664556, 0.00142444483936, -0.000528502685484, 0.00118342076894], [-0.000344941829098, 0.000655934738461, -0.00100375688635, 0.000541896093637, -0.00259400857612, 0.00729994382709, -0.00473763234913, 0.00231459690258, -0.00215534982271, 0.00217176624574, -0.00382906501181, 0.00264701060951, -0.00113164901268], [0.00021454335365, -0.000688755826559, 0.000391548121115, -0.000603853201028, 0.00113075040281, -0.00473763234913, 0.0106155658141, -0.00740618957207, 0.00407674256712, -0.0018756238278, 0.00197362527251, -0.00283362786286, 0.00120335735846], [-0.000404688005801, 0.000455982866697, -0.000534155522473, 0.000377174030291, -0.00156773859635, 0.00231459690258, -0.00740618957207, 0.013688989915, -0.00669272476807, 0.00466438289732, -0.00314675015397, 0.00170413125306, -0.00097344815731], [0.000239190994762, -0.000309265567921, 0.000444410921773, -0.00152067432646, 0.000680210709106, -0.00215534982271, 0.00407674256712, -0.00669272476807, 0.0122612649575, -0.00679016159847, 0.00389529997483, -0.00225682044402, -5.04269082739e-05], [-6.86021521688e-05, 0.000329019734636, -0.00117531127762, -0.000110985725769, -0.000985942664556, 0.00217176624574, -0.0018756238278, 0.00466438289732, -0.00679016159847, 0.0141298091039, -0.00754323927686, 0.00340521871112, -0.00312249688432], [0.00010375030979, -8.13483056845e-05, 0.000721546588466, 0.000521109905094, 0.00142444483936, -0.00382906501181, 0.00197362527251, -0.00314675015397, 0.00389529997483, -0.00754323927686, 0.0161449834704, -0.00828178599477, 0.00253590382636], [-0.000183013413334, 0.000727921258658, 0.000168661325006, -0.000390241417335, -0.000528502685484, 0.00264701060951, -0.00283362786286, 0.00170413125306, -0.00225682044402, 0.00340521871112, -0.00828178599477, 0.0149385724217, -0.00583138689399], [0.000134754416649, -3.91758876503e-05, -0.000288126117084, 0.000440457690274, 0.00118342076894, -0.00113164901268, 0.00120335735846, -0.00097344815731, -5.04269082739e-05, -0.00312249688432, 0.00253590382636, -0.00583138689399, 0.010989498347]]}, "silence_rate_60dB": {"dvar": 0.0327276438475, "var": 0.15100710094, "median": 0, "max": 1, "dmean": 0.0338777974248, "dmean2": 0.0677760988474, "mean": 0.185364380479, "dvar2": 0.0649973973632, "min": 0}, "melbands_flatness_db": {"dvar": 0.00134726217948, "var": 0.00793383456767, "median": 0.236619129777, "max": 0.55317491293, "dmean": 0.0309735443443, "dmean2": 0.0449914000928, "mean": 0.247574150562, "dvar2": 0.00288393418305, "min": 0.00788969732821}, "spectral_rms": {"dvar": 1.1430295217e-06, "var": 6.84144288243e-06, "median": 0.00418502278626, "max": 0.0151960095391, "dmean": 0.000742835691199, "dmean2": 0.00108353584073, "mean": 0.00429184129462, "dvar2": 2.25582698477e-06, "min": 3.12994140154e-12}, "melbands_spread": {"dvar": 274.155090332, "var": 808.053161621, "median": 12.5610647202, "max": 215.792602539, "dmean": 7.5823225975, "dmean2": 11.8741970062, "mean": 20.784286499, "dvar2": 610.440979004, "min": 0.418081492186}, "average_loudness": 0.716597795486, "erbbands_kurtosis": {"dvar": 63.8682785034, "var": 95.2547149658, "median": 1.10829019547, "max": 174.456604004, "dmean": 2.58906149864, "dmean2": 4.09383201599, "mean": 3.1313829422, "dvar2": 146.040664673, "min": -1.90788650513}, "spectral_energy": {"dvar": 0.000311995187076, "var": 0.000776261673309, "median": 0.0179522745311, "max": 0.23669166863, "dmean": 0.00893785431981, "dmean2": 0.0135896150023, "mean": 0.0258928723633, "dvar2": 0.000655631709378, "min": 1.00414475706e-20}, "spectral_entropy": {