{"tonal": {"hpcp": {"dvar": [0.0464804805815, 0.0486242510378, 0.0327453501523, 0.0251777227968, 0.0307166948915, 0.0372770130634, 0.0469723418355, 0.0258943587542, 0.0102274883538, 0.00354898395017, 0.00206941575743, 0.00291414558887, 0.00669141160324, 0.00931115355343, 0.0278597474098, 0.0383275300264, 0.0208099652082, 0.00755626708269, 0.00562726380304, 0.011915910989, 0.0226679798216, 0.0213091429323, 0.0109481690452, 0.00696194451302, 0.00651858514175, 0.00974698830396, 0.021719744429, 0.0257622785866, 0.0183561164886, 0.0351698920131, 0.0361399278045, 0.0258682761341, 0.0377307273448, 0.0344827957451, 0.0458866208792, 0.0509353242815], "var": [0.152215406299, 0.121013633907, 0.027814598754, 0.0171717517078, 0.0254355426878, 0.0682447105646, 0.130086988211, 0.0467002429068, 0.00786440167576, 0.00226668687537, 0.00126073556021, 0.00412565702572, 0.0117574073374, 0.0115224849433, 0.0653267651796, 0.120930217206, 0.0397054068744, 0.00559074804187, 0.00446184910834, 0.0171599090099, 0.0674719884992, 0.0783920288086, 0.0181154832244, 0.00468374975026, 0.00476853828877, 0.0101198898628, 0.0548771061003, 0.0918663069606, 0.0271510854363, 0.0708768367767, 0.105594776571, 0.0303884893656, 0.0421504564583, 0.0508878938854, 0.0355947837234, 0.0652997493744], "median": [0.116999864578, 0.0601529665291, 0.0130398403853, 0.00663309451193, 0.0140682719648, 0.126558542252, 0.175300419331, 0.0845899283886, 0.00818606466055, 0.00452555622905, 0.00330814998597, 0.00600115628913, 0.00850654020905, 0.0178775712848, 0.158806860447, 0.274486213923, 0.129752606153, 0.0135816689581, 0.00898592919111, 0.00654465192929, 0.0108768809587, 0.0153454327956, 0.0104101318866, 0.00388800306246, 0.00283455383033, 0.00558081176132, 0.0340564846992, 0.049275342375, 0.045230936259, 0.0111794043332, 0.00623590033501, 0.0125101543963, 0.00564801413566, 0.00549778342247, 0.0153015973046, 0.0810269862413], "max": [1, 1, 1, 1, 1, 1, 1, 1, 1, 0.804574072361, 1, 0.8628038764, 1, 1, 1, 1, 1, 1, 1, 1, 1, 1, 1, 1, 1, 1, 1, 1, 1, 1, 1, 1, 1, 1, 1, 1], "dmean": [0.147543340921, 0.149992331862, 0.10411105305, 0.0761352404952, 0.103987924755, 0.14513848722, 0.155346184969, 0.115118466318, 0.0444192104042, 0.0200660452247, 0.0129169253632, 0.0179925858974, 0.0284477882087, 0.0478793866932, 0.132515788078, 0.158589750528, 0.109874144197, 0.0375048480928, 0.0233478825539, 0.042234133929, 0.0681911706924, 0.0671105235815, 0.0429702177644, 0.0197670143098, 0.0188209544867, 0.0365834906697, 0.0800418928266, 0.0874733924866, 0.083859808743, 0.105949535966, 0.096465587616, 0.0857881382108, 0.0867237970233, 0.0826962217689, 0.115523904562, 0.156002640724], "dmean2": [0.255723267794, 0.255326330662, 0.189172282815, 0.143443241715, 0.191756397486, 0.248519077897, 0.245496287942, 0.190799251199, 0.0820886418223, 0.0370209366083, 0.0233722198755, 0.0310409516096, 0.0488615781069, 0.0807553604245, 0.21532677114, 0.251422703266, 0.176336109638, 0.0670061931014, 0.0404883846641, 0.0706069692969, 0.111389651895, 0.10710247606, 0.0704690814018, 0.0355223603547, 0.0339085459709, 0.0631074383855, 0.130217567086, 0.14276830852, 0.143546015024, 0.179349571466, 0.161126315594, 0.152176216245, 0.154426366091, 0.148343011737, 0.210913613439, 0.275196105242], "mean": [0.347362220287, 0.265766739845, 0.0892940312624, 0.0511013008654, 0.079982727766, 0.227591320872, 0.327725708485, 0.176160246134, 0.0353512838483, 0.0158417765051, 0.010888826102, 0.0230999011546, 0.0383680462837, 0.0559936873615, 0.253225773573, 0.394387364388, 0.198811843991, 0.0346711426973, 0.0239453501999, 0.048998426646, 0.130529418588, 0.145153686404, 0.0613700039685, 0.0166370384395, 0.0151123357937, 0.0349323786795, 0.14623747766, 0.200616210699, 0.114313907921, 0.153669506311, 0.19052682817, 0.0997838824987, 0.0838799998164, 0.0937121137977, 0.0906571671367, 0.199466884136], "dvar2": [0.113557875156, 0.1189558357, 0.0906807035208, 0.0707971900702, 0.0894113704562, 0.103059880435, 0.103387795389, 0.069689296186, 0.0289513561875, 0.010088914074, 0.00594227109104, 0.00779119320214, 0.0173772070557, 0.0238417685032, 0.0662186071277, 0.0832365006208, 0.0526726990938, 0.0210142321885, 0.0151188764721, 0.0288660898805, 0.0531069412827, 0.0469270385802, 0.027290660888, 0.0198156516999, 0.0178121868521, 0.025290440768, 0.0506360083818, 0.0621626451612, 0.0498199649155, 0.0895433425903, 0.0833801999688, 0.0709512680769, 0.100269623101, 0.0882666409016, 0.126377418637, 0.133807644248], "min": [0, 0, 0, 0, 0, 0, 0, 0, 0, 0, 0, 0, 0, 0, 0, 0, 0, 0, 0, 0, 0, 0, 0, 0, 0, 0, 0, 0, 0, 0, 0, 0, 0, 0, 0, 0]}, "key_key": "D", "thpcp": [1, 0.504103004932, 0.0879113897681, 0.0607153065503, 0.124239340425, 0.330967545509, 0.368048518896, 0.155608445406, 0.0421845130622, 0.0383185073733, 0.0885737761855, 0.370796561241, 0.508678078651, 0.289851844311, 0.389641046524, 0.483095675707, 0.253009825945, 0.212684303522, 0.237614393234, 0.229868337512, 0.505763888359, 0.880764067173, 0.673872351646, 0.226411998272, 0.129571348429, 0.202802464366, 0.577075600624, 0.830974161625, 0.446668088436, 0.0896359458566, 0.0401680618525, 0.0276094693691, 0.0585716068745, 0.097285181284, 0.141976371408, 0.642073750496], "chords_key": "D", "tuning_equal_tempered_deviation": 0.0396307259798, "tuning_frequency": 441.017791748, "tuning_diatonic_strength": 0.627060174942, "chords_histogram": [33.5955581665, 4.55807495117, 0.87922257185, 0, 8.23692703247, 0, 0, 0, 0, 0.185099497437, 0, 0, 0, 0, 0, 0, 0, 0.277649223804, 0, 0.161962047219, 0, 7.7047662735, 26.0758914948, 18.3248500824], "key_strength": 0.766306936741, "key_scale": "major", "chords_strength": {"dvar": 0.000477281166241, "var": 0.0215001869947, "median": 0.606598198414, "max": 0.77365219593, "dmean": 0.00768672814593, "dmean2": 0.00636942358688, "mean": 0.586370646954, "dvar2": 0.000827448326163, "min": -1}, "chords_number_rate": 0.00138824619353, "tuning_nontempered_energy_ratio": 0.642741799355, "hpcp_entropy": {"dvar": 0.237303957343, "var": 0.437232524157, "median": 1.69814550877, "max": 4.60726928711, "dmean": 0.543232560158, "dmean2": 0.912078261375, "mean": 1.70346593857, "dvar2": 0.628818511963, "min": 0}, "chords_changes_rate": 0.0231374371797, "chords_scale": "major"}, "rhythm": {"bpm_histogram_first_peak_spread": {"dvar": 0, "var": 0, "median": 0.365010797977, "max": 0.365010797977, "dmean": 0, "dmean2": 0, "mean": 0.365010797977, "dvar2": 0, "min": 0.365010797977}, "bpm_histogram_first_peak_weight": {"dvar": 0, "var": 0, "median": 0.61122661829, "max": 0.61122661829, "dmean": 0, "dmean2": 0, "mean": 0.61122661829, "dvar2": 0, "min": 0.61122661829}, "bpm_histogram_first_peak_bpm": {"dvar": 0, "var": 0, "median": 144, "max": 144, "dmean": 0, "dmean2": 0, "mean": 144, "dvar2": 0, "min": 144}, "bpm": 145.017379761, "bpm_histogram_second_peak_weight": {"dvar": 0, "var": 0, "median": 0.010395010002, "max": 0.010395010002, "dmean": 0, "dmean2": 0, "mean": 0.010395010002, "dvar2": 0, "min": 0.010395010002}, "beats_loudness": {"dvar": 0.000163354474353, "var": 0.000272862904239, "median": 0.0359232872725, "max": 0.0913606062531, "dmean": 0.014512181282, "dmean2": 0.0264301467687, "mean": 0.037550508976, "dvar2": 0.00050130620366, "min": 0}, "beats_loudness_band_ratio": {"dvar": [0.0135178444907, 0.0186667218804, 0.0123573532328, 0.00282558263279, 0.000630487047601, 0.00386276654899], "var": [0.0225446168333, 0.0365330725908, 0.0141132865101, 0.00221461616457, 0.00064526317874, 0.00380676286295], "median": [0.278007477522, 0.528725504875, 0.104735322297, 0.0292818527669, 0.0270379260182, 0.0456278771162], "max": [0.739141762257, 0.919489920139, 0.755261600018, 0.440840154886, 0.226249143481, 0.329285651445], "dmean": [0.155503436923, 0.181067362428, 0.100356027484, 0.0320833958685, 0.0204925965518, 0.0753664895892], "dmean2": [0.274843990803, 0.317194133997, 0.177673667669, 0.0583472512662, 0.0364781208336, 0.147534266114], "mean": [0.303205251694, 0.528464019299, 0.137779578567, 0.0414114706218, 0.0328145138919, 0.0680689290166], "dvar2": [0.0413131341338, 0.0519159920514, 0.0352212935686, 0.0083226012066, 0.00186745275278, 0.0138128586113], "min": [0, 0, 0, 0, 0, 0]}, "bpm_histogram_second_peak_bpm": {"dvar": 0, "var": 0, "median": 126, "max": 126, "dmean": 0, "dmean2": 0, "mean": 126, "dvar2": 0, "min": 126}, "onset_rate": 3.84218907356, "beats_count": 482, "beats_position": [0.348299324512, 0.719818592072, 1.11455774307, 1.50929701328, 1.91564619541, 2.32199549675, 2.72834467888, 3.13469386101, 3.54104304314, 3.94739222527, 4.3653512001, 4.78331041336, 5.20126962662, 5.61922883987, 6.03718805313, 6.45514726639, 6.87310647964, 7.2910656929, 7.69741487503, 8.10376358032, 8.52172279358, 8.93968200684, 9.35764122009, 9.77560043335, 10.1935596466, 10.6115188599, 11.017868042, 11.4242172241, 11.8421764374, 12.2601356506, 12.6780948639, 13.0960540771, 13.5024032593, 13.9087524414, 14.3267116547, 14.7446708679, 15.15102005, 15.5573692322, 15.9637184143, 16.3700675964, 16.7880268097, 17.2059860229, 17.6239452362, 18.0419044495, 18.4598636627, 18.877822876, 19.2957820892, 19.7137413025, 20.1200904846, 20.5264396667, 20.94439888, 21.3623580933, 21.7803173065, 22.1866664886, 22.5930156708, 23.010974884, 23.4173240662, 23.8236732483, 24.2416324615, 24.6595916748, 25.0775508881, 25.4839000702, 25.8902492523, 26.3082084656, 26.7261676788, 27.1441268921, 27.5620861053, 27.9800453186, 28.3863945007, 28.7927436829, 29.2107028961, 29.6170520782, 30.0234012604, 30.4413604736, 30.8593196869, 31.2772789001, 31.6952381134, 32.1131973267, 32.5311546326, 32.9491157532, 33.3554649353, 33.7618141174, 34.1797714233, 34.5977325439, 35.0040817261, 35.4104309082, 35.8283882141, 36.2463493347, 36.6643066406, 37.0706558228, 37.4770050049, 37.8949661255, 38.3129234314, 38.730884552, 39.1488418579, 39.5668029785, 39.9847602844, 40.402721405, 40.8206787109, 41.2386398315, 41.6449890137, 42.0513381958, 42.4692955017, 42.8756446838, 43.281993866, 43.6999549866, 44.1179122925, 44.5242614746, 44.9306106567, 45.3485717773, 45.743309021, 46.1612701416, 46.5792274475, 46.9971885681, 47.415145874, 47.8331069946, 48.2510643005, 48.6690254211, 49.0753746033, 49.4817237854, 49.8996810913, 50.3176422119, 50.7355995178, 51.1535606384, 51.5715179443, 51.9894790649, 52.4074363708, 52.8253974915, 53.2317466736, 53.6380958557, 54.0444450378, 54.45079422, 54.8687515259, 55.2867126465, 55.7046699524, 56.122631073, 56.5289802551, 56.9353294373, 57.3416786194, 57.7480278015, 58.1659851074, 58.583946228, 59.0019035339, 59.4198646545, 59.8378219604, 60.2557830811, 60.673740387, 61.0916976929, 61.5096588135, 61.9160079956, 62.3223571777, 62.7403144836, 63.1466636658, 63.5530128479, 63.9709739685, 64.3889312744, 64.806892395, 65.2132415771, 65.6195907593, 66.0375518799, 66.4555053711, 66.8734664917, 67.2914276123, 67.7093887329, 68.115737915, 68.5220870972, 68.9400405884, 69.358001709, 69.7759628296, 70.1939239502, 70.6002731323, 71.0182266235, 71.4245758057, 71.8425369263, 72.2372741699, 72.6552352905, 73.0731964111, 73.4911575317, 73.9091110229, 74.3270721436, 74.7334213257, 75.1397705078, 75.5577316284, 75.975692749, 76.3936462402, 76.7999954224, 77.2063446045, 77.6243057251, 78.0306549072, 78.4486160278, 78.85496521, 79.2729263306, 79.6908798218, 80.1088409424, 80.526802063, 80.9447631836, 81.3511123657, 81.7574615479, 82.1754150391, 82.5817642212, 82.9881134033, 83.4060745239, 83.8240356445, 84.2419967651, 84.6599502563, 85.077911377, 85.4958724976, 85.9138336182, 86.3201828003, 86.7265319824, 87.1444854736, 87.5624465942, 87.9804077148, 88.386756897, 88.7931060791, 89.2110671997, 89.6290206909, 90.0469818115, 90.4533309937, 90.8596801758, 91.2776412964, 91.695602417, 92.1135559082, 92.5315170288, 92.9494781494, 93.36743927, 93.7853927612, 94.1917419434, 94.5980911255, 95.0160522461, 95.4340133667, 95.8403625488, 96.246711731, 96.6646728516, 97.0826263428, 97.4889755249, 97.895324707, 98.3132858276, 98.7312469482, 99.1492080688, 99.5671615601, 99.9735107422, 100.379859924, 100.797821045, 101.215782166, 101.633743286, 102.051696777, 102.469657898, 102.887619019, 103.293968201, 103.700317383, 104.118278503, 104.524627686, 104.930976868, 105.348930359, 105.778503418, 106.1848526, 106.602806091, 107.020767212, 107.427116394, 107.833465576, 108.251426697, 108.669387817, 109.087341309, 109.493690491, 109.900039673, 110.318000793, 110.735961914, 111.142311096, 111.560272217, 111.966621399, 112.38457489, 112.802536011, 113.220497131, 113.638458252, 114.056411743, 114.462760925, 114.869110107, 115.287071228, 115.705032349, 116.122993469, 116.54094696, 116.947296143, 117.353645325, 117.759994507, 118.177955627, 118.58430481, 119.00226593, 119.420227051, 119.838180542, 120.244529724, 120.662490845, 121.068840027, 121.486801147, 121.904762268, 122.322715759, 122.74067688, 123.158638, 123.564987183, 123.971336365, 124.389297485, 124.795646667, 125.20199585, 125.619949341, 126.037910461, 126.455871582, 126.862220764, 127.268569946, 127.686531067, 128.104492188, 128.51083374, 128.917190552, 129.335144043, 129.753097534, 130.171066284, 130.589019775, 131.006988525, 131.424942017, 131.842895508, 132.260864258, 132.667205811, 133.085174561, 133.491516113, 133.909469604, 134.327438354, 134.745391846, 135.151748657, 135.55809021, 135.964447021, 136.370788574, 136.788757324, 137.195098877, 137.601455688, 138.01940918, 138.437362671, 138.855331421, 139.273284912, 139.691238403, 140.097595215, 140.503936768, 140.921905518, 141.339859009, 141.757827759, 142.17578125, 142.593734741, 143.011703491, 143.429656982, 143.847610474, 144.253967285, 144.660308838, 145.078277588, 145.496231079, 145.902587891, 146.308929443, 146.726898193, 147.133239746, 147.539596558, 147.957550049, 148.37550354, 148.79347229, 149.211425781, 149.617782593, 150.035736084, 150.442077637, 150.860046387, 151.277999878, 151.695953369, 152.113922119, 152.53187561, 152.94984436, 153.367797852, 153.785751343, 154.192108154, 154.598449707, 155.004806519, 155.411148071, 155.829116821, 156.247070312, 156.665023804, 157.082992554, 157.500946045, 157.918914795, 158.336868286, 158.754821777, 159.161178589, 159.567520142, 159.985488892, 160.403442383, 160.821395874, 161.227752686, 161.634094238, 162.052062988, 162.470016479, 162.887985229, 163.294326782, 163.700683594, 164.107025146, 164.524978638, 164.942947388, 165.360900879, 165.76725769, 166.185211182, 166.603164673, 167.021133423, 167.427474976, 167.833831787, 168.251785278, 168.669754028, 169.08770752, 169.482452393, 169.900405884, 170.318359375, 170.736328125, 171.142669678, 171.560638428, 171.978591919, 172.384933472, 172.802902222, 173.209243774, 173.615600586, 174.033554077, 174.451522827, 174.85786438, 175.264221191, 175.682174683, 176.100128174, 176.518096924, 176.936050415, 177.354003906, 177.760360718, 178.166702271, 178.584671021, 179.002624512, 179.420593262, 179.838546753, 180.244888306, 180.651245117, 181.069198608, 181.487167358, 181.90512085, 182.323074341, 182.741043091, 183.147384644, 183.565353394, 183.971694946, 184.389663696, 184.807617188, 185.21395874, 185.620315552, 186.038269043, 186.456237793, 186.874191284, 187.292144775, 187.710113525, 188.116455078, 188.52281189, 188.929153442, 189.347122192, 189.753463745, 190.171432495, 190.589385986, 191.007339478, 191.425308228, 191.854873657, 192.296051025, 192.748840332, 193.213241577, 193.689254761, 194.153640747, 194.676101685, 195.198547363, 195.720993042, 196.197006226, 196.673019409, 197.149017334, 197.625030518, 198.03137207, 198.437728882, 198.844070435, 199.250427246, 199.656768799, 200.06312561], "danceability": 0.980610370636, "bpm_histogram_second_peak_spread": {"dvar": 0, "var": 0, "median": 0.285714268684, "max": 0.285714268684, "dmean": 0, "dmean2": 0, "mean": 0.285714268684, "dvar2": 0, "min": 0.285714268684}}, "lowlevel": {"spectral_flux": {"dvar": 0.000341808656231, "var": 0.000922202074435, "median": 0.0673358142376, "max": 0.224763274193, "dmean": 0.0188715718687, "dmean2": 0.0293616056442, "mean": 0.0701463744044, "dvar2": 0.000802067632321, "min": 6.45975495317e-11}, "spectral_rolloff": {"dvar": 562050.6875, "var": 5001989, "median": 581.396484375, "max": 19875.1464844, "dmean": 347.156677246, "dmean2": 599.490905762, "mean": 1138.51123047, "dvar2": 1368448, "min": 193.798828125}, "barkbands_flatness_db": {"dvar": 0.000325829314534, "var": 0.00215560710058, "median": 0.153001233935, "max": 0.361328482628, "dmean": 0.0192398484796, "dmean2": 0.0280942320824, "mean": 0.157499864697, "dvar2": 0.000641179038212, "min": 0.0460881963372}, "spectral_centroid": {"dvar": 48420.3164062, "var": 1187808.5, "median": 832.139831543, "max": 11792.7802734, "dmean": 171.322021484, "dmean2": 264.17364502, "mean": 1009.92962646, "dvar2": 99531.6640625, "min": 287.302612305}, "melbands_skewness": {"dvar": 0.37333008647, "var": 2.09621953964, "median": 3.87599253654, "max": 12.599817276, "dmean": 0.65035456419, "dmean2": 0.988336503506, "mean": 3.93171191216, "dvar2": 0.896201729774, "min": -0.293659001589}, "melbands": {"dvar": [1.00264585523e-09, 2.31708781939e-07, 4.49898095667e-07, 3.5423627196e-06, 3.77927278805e-07, 1.65404827612e-07, 6.91380961371e-08, 3.33093765903e-08, 9.17479425766e-08, 1.0496930436e-08, 3.91326793192e-09, 1.2440233732e-08, 1.42670120162e-09, 2.89430257538e-10, 5.23786514162e-10, 1.03019370812e-09, 4.31975760717e-10, 5.45490930204e-10, 2.00297889386e-10, 1.94919913543e-10, 3.8475389541e-10, 1.29724508913e-10, 1.88787235844e-10, 1.19109014318e-10, 1.65462886448e-11, 1.57312374932e-11, 1.63142398896e-11, 2.56550908989e-11, 2.28818786835e-11, 2.35177172875e-11, 3.8408810854e-11, 3.00385862018e-11, 2.82538992202e-11, 3.6626743305e-11, 2.53329163202e-11, 8.39080888104e-12, 4.73815778279e-12, 3.17220446959e-12, 1.58626790089e-12, 7.5671099161e-13], "var": [4.6995798364e-09, 7.05401589585e-07, 1.14754800506e-06, 1.41776490636e-05, 1.50034315993e-06, 5.42586008123e-07, 1.81182798542e-07, 8.39240854589e-08, 3.71416035705e-07, 2.93296125164e-08, 8.71117578072e-09, 3.63389602853e-08, 3.65501451327e-09, 5.76360681404e-10, 1.84238269085e-09, 2.64861177435e-09, 9.17522835486e-10, 1.00249775148e-09, 3.55877327607e-10, 3.57128160378e-10, 1.10921605234e-09, 3.64531405062e-10, 5.35439692584e-10, 2.79582440532e-10, 4.22921871135e-11, 3.44300143951e-11, 4.16963720495e-11, 6.27734531022e-11, 6.23072704542e-11, 5.95333712883e-11, 1.31710961582e-10, 1.15682990964e-10, 1.10622684624e-10, 1.04054008465e-10, 7.03484215325e-11, 1.94061607062e-11, 8.75317526794e-12, 5.45920947337e-12, 1.94153742562e-12, 8.45548295009e-13], "median": [3.4005031921e-05, 0.000548128795344, 0.00127924233675, 0.00244912924245, 0.00137674133293, 0.000392107147491, 0.000167415768374, 0.000151064028614, 0.000195415850612, 4.55813133158e-05, 4.02321820729e-05, 2.75414022326e-05, 1.2916059859e-05, 1.30390917548e-05, 1.76194553205e-05, 1.45103322211e-05, 1.20824424812e-05, 1.55552315846e-05, 1.27194252855e-05, 7.04289368514e-06, 5.91243133385e-06, 8.6428672148e-06, 6.46568969387e-06, 6.81840856487e-06, 3.86885403714e-06, 2.91593482871e-06, 3.22227697325e-06, 4.45860359832e-06, 4.49713797934e-06, 4.67708605356e-06, 3.81711197406e-06, 2.99283578897e-06, 1.97480608222e-06, 1.60204865551e-06, 1.10295479772e-06, 8.04245019026e-07, 6.17155535565e-07, 4.43902251845e-07, 3.03944830193e-07, 2.04785749247e-07], "max": [0.000508323486429, 0.0074910717085, 0.0102483164519, 0.0228462070227, 0.0141327874735, 0.008086245507, 0.00530135445297, 0.00341931451112, 0.00621024053544, 0.00204993318766, 0.00161479332019, 0.00227215280756, 0.000872962991707, 0.000508507422637, 0.00100371637382, 0.00122801540419, 0.000450369960163, 0.00049566430971, 0.000356380536687, 0.000582580862101, 0.000456257082988, 0.0003483259934, 0.00029785480001, 0.00024666293757, 7.96410968178e-05, 6.62926613586e-05, 7.66508455854e-05, 8.87491623871e-05, 7.42825577618e-05, 6.80020821164e-05, 7.80758055043e-05, 7.47871454223e-05, 8.35884129629e-05, 7.63393254601e-05, 7.24626661395e-05, 3.95820243284e-05, 4.38749302702e-05, 2.37202439166e-05, 1.9129638531e-05, 1.27746179714e-05], "dmean": [2.54522092291e-05, 0.00041598858661, 0.000602010753937, 0.00145735463593, 0.000509627105203, 0.000251523539191, 0.00014128931798, 0.000103218917502, 0.000174625849468, 5.15866595379e-05, 3.37329947797e-05, 4.39131254097e-05, 1.53612654685e-05, 1.09819338832e-05, 1.29597601699e-05, 1.46159736687e-05, 1.20374743346e-05, 1.35250829771e-05, 8.93702144822e-06, 6.2239014369e-06, 7.19493982615e-06, 6.46487387712e-06, 7.28598161004e-06, 6.23433106739e-06, 2.89271383735e-06, 2.55762051893e-06, 2.60718184109e-06, 3.25855103256e-06, 3.3174840155e-06, 3.41012673744e-06, 3.80484380003e-06, 3.30179545927e-06, 2.94911978926e-06, 2.90471143671e-06, 2.14124065678e-06, 1.42611554566e-06, 1.12817701847e-06, 8.44297119329e-07, 5.90736760842e-07, 4.16293943317e-07], "dmean2": [4.04890924983e-05, 0.000681088655256, 0.000992906745523, 0.00226709106937, 0.000748913211282, 0.000359759578714, 0.000211798833334, 0.000153308443259, 0.000236667314311, 7.64264186728e-05, 5.00200876559e-05, 6.38530400465e-05, 2.30793393712e-05, 1.72749460035e-05, 2.03302570299e-05, 2.31389458349e-05, 1.97041190404e-05, 2.18867426156e-05, 1.44346913658e-05, 1.00098668554e-05, 1.17792596939e-05, 1.0253185792e-05, 1.15545872177e-05, 1.0024103176e-05, 4.67176050734e-06, 4.1298180804e-06, 4.13260522691e-06, 5.08363791596e-06, 5.17004991707e-06, 5.37988626093e-06, 5.91327034272e-06, 5.00048872709e-06, 4.58996419184e-06, 4.49702065453e-06, 3.46141700902e-06, 2.25134840548e-06, 1.73337787146e-06, 1.31884871735e-06, 9.65530603025e-07, 6.77745504163e-07], "mean": [6.00309722358e-05, 0.000806760392152, 0.0015189149417, 0.00373064191081, 0.00161339493934, 0.000636293319985, 0.000305019057123, 0.00024338219373, 0.000413214060245, 0.000105932202132, 6.80160956108e-05, 8.79260333022e-05, 2.84422349068e-05, 2.02259834623e-05, 2.71484659606e-05, 2.83287627099e-05, 2.15813961404e-05, 2.46415111178e-05, 1.77196907316e-05, 1.13948699436e-05, 1.40833462865e-05, 1.40453266795e-05, 1.43642855619e-05, 1.17153331303e-05, 6.0417955865e-06, 5.05151410835e-06, 5.59831551072e-06, 7.00495274941e-06, 7.29144267098e-06, 7.37511709303e-06, 8.29697546578e-06, 7.41273561289e-06, 6.47733349979e-06, 5.72039425606e-06, 4.39818131781e-06, 2.55386339632e-06, 1.84183625151e-06, 1.37372080644e-06, 8.75430032465e-07, 5.788102726e-07], "dvar2": [2.47250087071e-09, 6.19693764747e-07, 1.24342659547e-06, 8.25298593554e-06, 8.34410911921e-07, 3.34278752234e-07, 1.52731416847e-07, 7.75895685479e-08, 1.67021156017e-07, 2.38673987241e-08, 8.96911256376e-09, 2.7758524368e-08, 3.30087579492e-09, 6.68107735802e-10, 1.20326248965e-09, 2.55182563969e-09, 1.14703513354e-09, 1.4266577919e-09, 4.93535989854e-10, 5.0048415412e-10, 1.0345055923e-09, 3.04193281675e-10, 4.6208040172e-10, 2.84328477429e-10, 3.97563926224e-11, 3.952630237e-11, 4.01878877399e-11, 6.24893053969e-11, 5.35781835564e-11, 5.70202635108e-11, 8.5293785923e-11, 6.51187229139e-11, 6.58077967119e-11, 8.84790227196e-11, 5.61417336231e-11, 1.87298215132e-11, 1.14003572207e-11, 7.51740683591e-12, 4.13812777447e-12, 1.97286219479e-12], "min": [1.31730571082e-24, 9.47614922269e-25, 1.10372083187e-24, 1.60261569681e-24, 2.37630029872e-24, 5.03830126681e-25, 1.21647400295e-24, 1.360807051e-24, 1.79660803189e-24, 2.35767805376e-24, 2.4410147003e-24, 1.21389659716e-24, 1.36384377106e-24, 3.18533809653e-24, 2.51489112964e-24, 2.28839338654e-24, 2.65754124156e-24, 3.65076859441e-24, 3.07418818663e-24, 3.68697494338e-24, 3.75036267813e-24, 3.18730630449e-24, 4.91261196017e-24, 3.73495385806e-24, 5.03421368542e-24, 4.06314602705e-24, 4.90169412524e-24, 3.93481097954e-24, 4.56322980398e-24, 5.31700099285e-24, 5.21305949669e-24, 5.00247938892e-24, 5.30578733508e-24, 5.49200939024e-24, 6.29563974376e-24, 5.45966333212e-24, 5.4037831866e-24, 6.23414566962e-24, 6.2051944744e-24, 6.15663061935e-24]}, "spectral_decrease": {"dvar": 2.79089849456e-18, "var": 1.5420583875e-17, "median": -8.00422395031e-09, "max": 2.62075329073e-16, "dmean": 1.65808544672e-09, "dmean2": 2.56587107117e-09, "mean": -8.36824742834e-09, "dvar2": 6.82163402104e-18, "min": -2.3874248356e-08}, "barkbands_kurtosis": {"dvar": 15.9098968506, "var": 61.9302482605, "median": 6.34459018707, "max": 99.504524231, "dmean": 3.16958379745, "dmean2": 4.87336158752, "mean": 8.25922489166, "dvar2": 34.3585128784, "min": -1.8685593605}, "silence_rate_30dB": {"dvar": 0, "var": 0, "median": 1, "max": 1, "dmean": 0, "dmean2": 0, "mean": 1, "dvar2": 0, "min": 1}, "gfcc": {"mean": [-3.24368047714, 94.2306900024, -113.083854675, 39.2849082947, -81.8266677856, -0.671605467796, -54.4807319641, -10.4560117722, -32.5507049561, -7.02299308777, -27.7237987518, -9.71420288086, -13.7732076645], "cov": [[20018.9707031, -366.899261475, -1343.17687988, 1220.65087891, -1724.17285156, 572.973876953, -949.647094727, -5.00306844711, -724.097229004, 63.4478797913, -610.292053223, 40.9920959473, -206.305480957], [-366.899261475, 1268.75183105, -314.059112549, -224.289932251, 239.795700073, -256.949279785, 88.8500213623, -65.2806243896, 129.445678711, -115.124641418, 104.088249207, -127.00994873, 35.6325721741], [-1343.17687988, -314.059112549, 358.033233643, -16.514799118, 83.8988418579, 44.3275413513, 37.4566345215, 30.2913150787, 9.94005680084, 63.3737716675, 7.81752252579, 31.1954364777, -15.1374073029], [1220.65087891, -224.289932251, -16.514799118, 271.155883789, -118.274414062, 83.1438293457, -64.3128585815, -6.09665298462, -44.8825454712, 14.494181633, -33.7726287842, 8.57680892944, 14.2299776077], [-1724.17285156, 239.795700073, 83.8988418579, -118.274414062, 307.450805664, -80.4238357544, 84.3498382568, 0.762731194496, 63.6325416565, -15.4437589645, 52.6793441772, -6.42629861832, 20.1824684143], [572.973876953, -256.949279785, 44.3275413513, 83.1438293457, -80.4238357544, 184.912384033, 16.1595649719, 8.9325170517, -46.4213027954, 14.3569307327, -30.6294555664, 20.6671047211, -8.09648132324], [-949.647094727, 88.8500213623, 37.4566345215, -64.3128585815, 84.3498382568, 16.1595649719, 136.564590454, 8.26522636414, 26.4089412689, -13.4814739227, 34.7827720642, -14.7792253494, 7.01588964462], [-5.00306844711, -65.2806243896, 30.2913150787, -6.09665298462, 0.762731194496, 8.9325170517, 8.26522636414, 90.4076919556, 28.0691509247, 9.26133918762, -18.5136013031, 8.28959178925, -11.299788475], [-724.097229004, 129.445678711, 9.94005680084, -44.8825454712, 63.6325416565, -46.4213027954, 26.4089412689, 28.0691509247, 125.066177368, -11.2209196091, 23.3952999115, -11.2108573914, 9.73634433746], [63.4478797913, -115.124641418, 63.3737716675, 14.494181633, -15.4437589645, 14.3569307327, -13.4814739227, 9.26133918762, -11.2209196091, 82.6975402832, 0.417366743088, 7.69710159302, -23.8716487885], [-610.292053223, 104.088249207, 7.81752252579, -33.7726287842, 52.6793441772, -30.6294555664, 34.7827720642, -18.5136013031, 23.3952999115, 0.417366743088, 76.9468688965, -4.70072317123, 10.0842037201], [40.9920959473, -127.00994873, 31.1954364777, 8.57680892944, -6.42629861832, 20.6671047211, -14.7792253494, 8.28959178925, -11.2108573914, 7.69710159302, -4.70072317123, 80.8743896484, 5.53152370453], [-206.305480957, 35.6325721741, -15.1374073029, 14.2299776077, 20.1824684143, -8.09648132324, 7.01588964462, -11.299788475, 9.73634433746, -23.8716487885, 10.0842037201, 5.53152370453, 62.028175354]], "icov": [[0.000854779267684, -0.00180020648986, 0.0013900300255, -0.00201176246628, 0.00236603850499, -0.00223470386118, 0.00308082136326, -0.00175931665581, 0.00279514235444, -0.00135218235664, 0.00270906114019, -0.00152235920541, 0.00168357393704], [-0.00180020648986, 0.00627983128652, -0.000884143519215, 0.00491370819509, -0.00625666650012, 0.00612254953012, -0.00705108605325, 0.00463946582749, -0.00687063205987, 0.00367809762247, -0.00666921911761, 0.00530817732215, -0.00335549679585], [0.0013900300255, -0.000884143519215, 0.00796411558986, -0.00267761317082, 0.00135485641658, -0.00366756482981, 0.00410656398162, -0.00274858414195, 0.00355139095336, -0.00454623065889, 0.00376204145141, -0.00186913297512, 0.00305221928284], [-0.00201176246628, 0.00491370819509, -0.00267761317082, 0.0105373589322, -0.00498138321564, 0.0032632178627, -0.0050036162138, 0.00435598054901, -0.0064987661317, 0.00258901109919, -0.00656370073557, 0.00497967330739, -0.00653892895207], [0.00236603850499, -0.00625666650012, 0.00135485641658, -0.00498138321564, 0.0128895547241, -0.00476846238598, 0.00636023329571, -0.00491729658097, 0.0073057487607, -0.00341625371948, 0.00713726272807, -0.00558895431459, 0.00338205765001], [-0.00223470386118, 0.00612254953012, -0.00366756482981, 0.0032632178627, -0.00476846238598, 0.0158504582942, -0.012803289108, 0.00505508203059, -0.00603994121775, 0.00406134454533, -0.00514609692618, 0.00324886082672, -0.00354589871131], [0.00308082136326, -0.00705108605325, 0.00410656398162, -0.0050036162138, 0.00636023329571, -0.012803289108, 0.0237668398768, -0.00834859255701, 0.00993177108467, -0.00313647207804, 0.00529158627614, -0.00308135920204, 0.00514611927792], [-0.00175931665581, 0.00463946582749, -0.00274858414195, 0.00435598054901, -0.00491729658097, 0.00505508203059, -0.00834859255701, 0.0183586012572, -0.0105428285897, 0.00195851712488, -0.000983380712569, 0.00206690235063, -0.00125405739527], [0.00279514235444, -0.00687063205987, 0.00355139095336, -0.0064987661317, 0.0073057487607, -0.00603994121775, 0.00993177108467, -0.0105428285897, 0.0206694826484, -0.00372654176317, 0.00675029540434, -0.00453056301922, 0.00401964178309], [-0.00135218235664, 0.00367809762247, -0.00454623065889, 0.00258901109919, -0.00341625371948, 0.00406134454533, -0.00313647207804, 0.00195851712488, -0.00372654176317, 0.019345799461, -0.0074511426501, 0.00285963038914, 0.00302611431107], [0.00270906114019, -0.00666921911761, 0.00376204145141, -0.00656370073557, 0.00713726272807, -0.00514609692618, 0.00529158627614, -0.000983380712569, 0.00675029540434, -0.0074511426501, 0.0277826841921, -0.00664129061624, 0.00364206009544], [-0.00152235920541, 0.00530817732215, -0.00186913297512, 0.00497967330739, -0.00558895431459, 0.00324886082672, -0.00308135920204, 0.00206690235063, -0.00453056301922, 0.00285963038914, -0.00664129061624, 0.0187077224255, -0.00552050955594], [0.00168357393704, -0.00335549679585, 0.00305221928284, -0.00653892895207, 0.00338205765001, -0.00354589871131, 0.00514611927792, -0.00125405739527, 0.00401964178309, 0.00302611431107, 0.00364206009544, -0.00552050955594, 0.0239538811147]]}, "silence_rate_20dB": {"dvar": 0, "var": 0, "median": 1, "max": 1, "dmean": 0, "dmean2": 0, "mean": 1, "dvar2": 0, "min": 1}, "barkbands_skewness": {"dvar": 0.195065185428, "var": 1.23025333881, "median": 2.40040206909, "max": 7.54638624191, "dmean": 0.447649538517, "dmean2": 0.688441216946, "mean": 2.47317242622, "dvar2": 0.458097368479, "min": -9.03774166107}, "erbbands_skewness": {"dvar": 0.0714559555054, "var": 0.386693000793, "median": 0.749424993992, "max": 3.64199900627, "dmean": 0.282148331404, "dmean2": 0.420997589827, "mean": 0.749380946159, "dvar2": 0.150421634316, "min": -1.41509544849}, "spectral_contrast_valleys": {"dvar": [0.165068253875, 0.0693040341139, 0.0658641681075, 0.0600681863725, 0.0775739178061, 0.164108589292], "var": [4.5591878891, 4.88134479523, 4.62954473495, 4.7129573822, 5.07452774048, 4.5367026329], "median": [-7.69704437256, -6.52631521225, -7.66909217834, -7.79958438873, -7.65715026855, -10.0505695343], "max": [-6.24436998367, -4.97919368744, -6.42096090317, -6.50658273697, -6.29530572891, -8.03334522247], "dmean": [0.476506859064, 0.278180509806, 0.270190596581, 0.236315876245, 0.240933433175, 0.371065139771], "dmean2": [0.809424936771, 0.453057169914, 0.435264676809, 0.363857269287, 0.329516530037, 0.446039676666], "mean": [-7.98857355118, -6.82545995712, -7.977891922, -8.11698055267, -7.98329210281, -10.2530975342], "dvar2": [0.438433736563, 0.146205767989, 0.129864886403, 0.101681932807, 0.112997964025, 0.254716604948], "min": [-27.9834842682, -28.052614212, -27.7153892517, -27.7414245605, -27.5928382874, -27.3965415955]}, "spectral_strongpeak": {"dvar": 0.198399439454, "var": 0.440368115902, "median": 0.828310549259, "max": 5.22390556335, "dmean": 0.378935426474, "dmean2": 0.629615962505, "mean": 0.957368195057, "dvar2": 0.4759311378, "min": 0}, "erbbands_crest": {"dvar": 4.3295006752, "var": 15.9388942719, "median": 8.30382823944, "max": 28.8635311127, "dmean": 2.14178800583, "dmean2": 3.29899644852, "mean": 9.14581680298, "dvar2": 9.82438755035, "min": 2.64216685295}, "barkbands_crest": {"dvar": 5.24063968658, "var": 18.8961277008, "median": 11.5063228607, "max": 25.360490799, "dmean": 2.43287944794, "dmean2": 3.90036320686, "mean": 12.3185815811, "dvar2": 13.4281511307, "min": 3.4502196312}, "spectral_energyband_middle_low": {"dvar": 4.29085557698e-05, "var": 0.000200428519747, "median": 0.0240524299443, "max": 0.0890541598201, "dmean": 0.00622556684539, "dmean2": 0.00954820681363, "mean": 0.0264079477638, "dvar2": 0.000104469261714, "min": 1.74620318848e-22}, "spectral_contrast_coeffs": {"dvar": [0.00164238200523, 0.00109865458217, 0.000759245129302, 0.00046674234909, 0.000352220289642, 0.000294968136586], "var": [0.0076676341705, 0.00457575870678, 0.00396870262921, 0.00233133509755, 0.00224743387662, 0.0020011914894], "median": [-0.46031704545, -0.666759192944, -0.741975188255, -0.776164233685, -0.773304283619, -0.722424983978], "max": [-0.224388837814, -0.463455498219, -0.511288881302, -0.5888235569, -0.589515507221, -0.595278322697], "dmean": [0.0503209531307, 0.0397585369647, 0.0337831862271, 0.0274934712797, 0.0222596675158, 0.0194950494915], "dmean2": [0.0843552276492, 0.0626409053802, 0.0536631532013, 0.0441831871867, 0.0337450988591, 0.0294607821852], "mean": [-0.467292547226, -0.668510138988, -0.737450540066, -0.77245414257, -0.767816185951, -0.728349387646], "dvar2": [0.00464730337262, 0.0026984042488, 0.00186255562585, 0.00118547864258, 0.00073458312545, 0.00066236499697], "min": [-0.97744178772, -0.978488564491, -0.978115439415, -0.970635533333, -0.967782795429, -0.964497625828]}, "hfc": {"dvar": 33.6203117371, "var": 173.992431641, "median": 17.7652244568, "max": 86.6757202148, "dmean": 4.18059110641, "dmean2": 6.12170505524, "mean": 20.6130580902, "dvar2": 67.4348449707, "min": 1.05781014786e-16}, "spectral_energyband_high": {"dvar": 5.8998273289e-07, "var": 2.55178338193e-06, "median": 0.000660475343466, "max": 0.0108288573101, "dmean": 0.000450466934126, "dmean2": 0.000644306477625, "mean": 0.00126812141389, "dvar2": 1.13295129722e-06, "min": 7.14168192274e-21}, "erbbands_spread": {"dvar": 96.1164474487, "var": 478.440826416, "median": 52.0138320923, "max": 125.960548401, "dmean": 8.97106266022, "dmean2": 12.8611211777, "mean": 54.0918083191, "dvar2": 185.143844604, "min": 7.16163349152}, "dissonance": {"dvar": 0.000240068664425, "var": 0.000976772862487, "median": 0.45596665144, "max": 0.500000059605, "dmean": 0.0172245446593, "dmean2": 0.0280460063368, "mean": 0.449853211641, "dvar2": 0.000634437194094, "min": 0.236882403493}, "spectral_kurtosis": {"dvar": 25.9316921234, "var": 125.98614502, "median": 2.56278324127, "max": 117.962310791, "dmean": 1.77605485916, "dmean2": 2.97614741325, "mean": 4.46534013748, "dvar2": 82.6098403931, "min": -1.28807544708}, "spectral_skewness": {"dvar": 0.103441596031, "var": 0.710144102573, "median": 1.33444976807, "max": 8.41947460175, "dmean": 0.216268002987, "dmean2": 0.338144481182, "mean": 1.43559372425, "dvar2": 0.302892893553, "min": -0.0857596695423}, "pitch_salience": {"dvar": 0.0027516882401, "var": 0.00905007962137, "median": 0.568897247314, "max": 0.87925863266, "dmean": 0.0589619316161, "dmean2": 0.0943708643317, "mean": 0.564115524292, "dvar2": 0.0071348673664, "min": 0.203058153391}, "spectral_complexity": {"dvar": 7.47675609589, "var": 41.208530426, "median": 17, "max": 43, "dmean": 2.65517234802, "dmean2": 4.23932409286, "mean": 17.7959041595, "dvar2": 16.2461528778, "min": 0}, "spectral_spread": {"dvar": 770980970496, "var": 14517486485500.0, "median": 4960757, "max": 43621004, "dmean": 606250.3125, "dmean2": 836159.1875, "mean": 5451673.5, "dvar2": 1473041530880.0, "min": 646888.75}, "dynamic_complexity": 1.71795153618, "melbands_crest": {"dvar": 8.37418556213, "var": 30.5694637299, "median": 14.2821416855, "max": 33.0871124268, "dmean": 2.99319982529, "dmean2": 4.78436374664, "mean": 15.4671630859, "dvar2": 21.1594142914, "min": 1.60334968567}, "zerocrossingrate": {"dvar": 0.000101784316939, "var": 0.00334753538482, "median": 0.04638671875, "max": 0.80126953125, "dmean": 0.00900981202722, "dmean2": 0.0110843973234, "mean": 0.0571836493909, "dvar2": 0.000117868796224, "min": 0.0107421875}, "spectral_energyband_low": {"dvar": 3.81262520932e-06, "var": 9.34586114454e-06, "median": 0.00285135791637, "max": 0.0239770431072, "dmean": 0.00177175342105, "dmean2": 0.00298538990319, "mean": 0.00366770406254, "dvar2": 1.11494355224e-05, "min": 1.38104868935e-23}, "melbands_kurtosis": {"dvar": 76.7398986816, "var": 289.873443604, "median": 20.5593948364, "max": 202.983734131, "dmean": 7.45903491974, "dmean2": 11.5776033401, "mean": 24.3662891388, "dvar2": 185.434585571, "min": -1.44544351101}, "spectral_energyband_middle_high": {"dvar": 7.72938960836e-07, "var": 3.97785470341e-06, "median": 0.00221998966299, "max": 0.0171382948756, "dmean": 0.0006574310828, "dmean2": 0.000996974878944, "mean": 0.00264276610687, "dvar2": 1.82143548955e-06, "min": 1.0631600346e-21}, "barkbands_spread": {"dvar": 33.0416412354, "var": 127.172782898, "median": 14.1866397858, "max": 104.371932983, "dmean": 4.48187685013, "dmean2": 6.83363676071, "mean": 17.1880779266, "dvar2": 73.1453857422, "min": 1.8029499054}, "mfcc": {"mean": [-632.493713379, 112.291358948, 17.2163314819, 27.8907299042, -7.10149097443, 3.15904355049, -17.8288669586, -10.6155462265, -9.64973163605, -8.66216659546, -8.97250270844, -7.28611946106, -15.2623996735], "cov": [[6906.73486328, -346.997406006, 164.292144775, 317.818054199, -199.802261353, 220.924499512, -116.16268158, 57.5661430359, -34.6652755737, -112.709701538, -175.989959717, -128.048202515, -79.6041564941], [-346.997406006, 1023.47167969, -166.070755005, 5.34660434723, 55.8498916626, -89.7949447632, -7.44137525558, -38.7138824463, 8.38869953156, 20.0557842255, 45.0031089783, 50.0606040955, -68.3421096802], [164.292144775, -166.070755005, 211.747558594, -14.1126775742, -13.4319953918, 34.0087051392, -5.50795650482, -5.2886724472, -10.5867090225, 11.7511730194, 11.3970899582, -14.0761060715, 26.7050876617], [317.818054199, 5.34660434723, -14.1126775742, 162.54649353, 27.8852062225, 3.52141356468, -12.406370163, -19.6660747528, 8.91653728485, -13.891998291, -21.6895771027, 5.57827615738, 12.3928375244], [-199.802261353, 55.8498916626, -13.4319953918, 27.8852062225, 120.883407593, -8.24766159058, -13.0140562057, 2.84020972252, 19.9612197876, -4.18840789795, 6.49114513397, 11.3880777359, 5.99429607391], [220.924499512, -89.7949447632, 34.0087051392, 3.52141356468, -8.24766159058, 125.014289856, 40.5793075562, 11.1169691086, -12.5842113495, 1.96577644348, -4.79846954346, -23.6653232574, 5.03617525101], [-116.16268158, -7.44137525558, -5.50795650482, -12.406370163, -13.0140562057, 40.5793075562, 118.414978027, 1.8616631031, -14.2204256058, 12.6531553268, -2.50864458084, -17.0500030518, 6.38085842133], [57.5661430359, -38.7138824463, -5.2886724472, -19.6660747528, 2.84020972252, 11.1169691086, 1.8616631031, 98.7325592041, 34.3655166626, -10.6545696259, 7.15825128555, 13.6733980179, -13.3412132263], [-34.6652755737, 8.38869953156, -10.5867090225, 8.91653728485, 19.9612197876, -12.5842113495, -14.2204256058, 34.3655166626, 84.8514099121, 8.91345596313, 4.71633148193, 18.0849266052, -7.0719537735], [-112.709701538, 20.0557842255, 11.7511730194, -13.891998291, -4.18840789795, 1.96577644348, 12.6531553268, -10.6545696259, 8.91345596313, 74.1552505493, 20.2290916443, -7.30344772339, 4.20441246033], [-175.989959717, 45.0031089783, 11.3970899582, -21.6895771027,