{"tonal": {"hpcp": {"dvar": [0.0440975390375, 0.0380676947534, 0.0310699269176, 0.0375178046525, 0.0293693300337, 0.0323604159057, 0.0351620018482, 0.0417056940496, 0.0471457876265, 0.0481050983071, 0.0465019606054, 0.0507562421262, 0.0574116148055, 0.0533906072378, 0.051282312721, 0.0443893410265, 0.040158957243, 0.0374557673931, 0.0461490042508, 0.0447262525558, 0.0390337593853, 0.0320941507816, 0.0301037561148, 0.0363520495594, 0.0214690864086, 0.0138841858134, 0.0162441041321, 0.0164193063974, 0.0199387986213, 0.0359107963741, 0.0307708010077, 0.0309696998447, 0.0202335622162, 0.0191889870912, 0.0348706953228, 0.0436516702175], "var": [0.0777723640203, 0.0356300100684, 0.0804708003998, 0.0674197822809, 0.019224729389, 0.021277634427, 0.0256939027458, 0.0340121500194, 0.0583140775561, 0.0544241406024, 0.0333972834051, 0.041161686182, 0.0495687127113, 0.0702540054917, 0.11060038954, 0.123079121113, 0.0472623482347, 0.0253639724106, 0.0344921573997, 0.0438728220761, 0.0349768921733, 0.0226506944746, 0.0255372077227, 0.0443254187703, 0.0269265528768, 0.0111699867994, 0.0160016249865, 0.0139199867845, 0.0208149757236, 0.0895636454225, 0.107307031751, 0.0336332470179, 0.0170828998089, 0.0147616248578, 0.0492825880647, 0.11360642314], "median": [0.0160866118968, 0.0147453732789, 0.0119927451015, 0.0104289166629, 0.00761343259364, 0.00366332009435, 0.00359995895997, 0.00464146444574, 0.00551041029394, 0.004843281582, 0.00370542448945, 0.00291879335418, 0.00500300060958, 0.030872259289, 0.118946686387, 0.0825407356024, 0.0178559105843, 0.0037223030813, 0.00345086120069, 0.00450404826552, 0.00463888701051, 0.00424390193075, 0.00637132581323, 0.0106912860647, 0.0108349043876, 0.00669512432069, 0.00320468610153, 0.0031926240772, 0.00846987776458, 0.0127228004858, 0.0121373608708, 0.00781117752194, 0.00227728951722, 0.00310738151893, 0.0112396292388, 0.0209165886045], "max": [1, 1, 1, 1, 1, 1, 1, 1, 1, 1, 1, 1, 1, 1, 1, 1, 1, 1, 1, 1, 1, 1, 1, 1, 1, 1, 1, 1, 1, 1, 1, 1, 1, 1, 1, 1], "dmean": [0.122132904828, 0.105102181435, 0.0860300958157, 0.0937988758087, 0.0758746191859, 0.0678865015507, 0.0736690983176, 0.0874389335513, 0.0963021665812, 0.0972448065877, 0.0955544412136, 0.102474108338, 0.128130659461, 0.147700667381, 0.151076808572, 0.124806128442, 0.101311743259, 0.0798181667924, 0.0928244665265, 0.0924597010016, 0.0843369662762, 0.0735102146864, 0.0755988359451, 0.0859170854092, 0.064470693469, 0.0483983308077, 0.0522950403392, 0.0506403185427, 0.0651639848948, 0.0934661403298, 0.0785240679979, 0.078980743885, 0.0486304163933, 0.0542221032083, 0.0982313454151, 0.115856416523], "dmean2": [0.217598497868, 0.187770694494, 0.151141270995, 0.169199809432, 0.141328498721, 0.127442121506, 0.135570287704, 0.159546881914, 0.176897242665, 0.179007619619, 0.179389849305, 0.19063025713, 0.236781522632, 0.266748785973, 0.264725059271, 0.220570161939, 0.185251802206, 0.149038940668, 0.172932952642, 0.164557516575, 0.152122989297, 0.136842876673, 0.138132020831, 0.155041009188, 0.115381941199, 0.0873113870621, 0.0934715121984, 0.0915791615844, 0.116072259843, 0.165176987648, 0.13907200098, 0.143094986677, 0.0907011851668, 0.0998362004757, 0.173698678613, 0.202466994524], "mean": [0.167255580425, 0.101943895221, 0.144455716014, 0.128188982606, 0.0560694783926, 0.0469922013581, 0.0542077720165, 0.070551648736, 0.0999184921384, 0.0937612429261, 0.0708757117391, 0.0784055218101, 0.101320624352, 0.170469269156, 0.285870552063, 0.268360257149, 0.124074213207, 0.055733460933, 0.0677354410291, 0.0817040801048, 0.0719038918614, 0.0542365387082, 0.0656813755631, 0.0909477844834, 0.0694811865687, 0.0434801951051, 0.048941526562, 0.0437488667667, 0.0640526339412, 0.164467811584, 0.178498253226, 0.0818735435605, 0.0377890057862, 0.0427743606269, 0.119407847524, 0.209900096059], "dvar2": [0.120074369013, 0.107609823346, 0.0810445174575, 0.104977220297, 0.0857483670115, 0.0927534401417, 0.0989514142275, 0.115850396454, 0.125862538815, 0.133235737681, 0.135646626353, 0.14309155941, 0.164860010147, 0.15066626668, 0.136128306389, 0.119162917137, 0.115335375071, 0.109400503337, 0.138235777617, 0.117460757494, 0.10681913048, 0.0979736745358, 0.0887598767877, 0.0970174595714, 0.0580346398056, 0.0401756688952, 0.044578243047, 0.0454649291933, 0.0568598471582, 0.0970439091325, 0.0824917256832, 0.0909289494157, 0.0588178709149, 0.0544912032783, 0.0961256474257, 0.112391322851], "min": [0, 0, 0, 0, 0, 0, 0, 0, 0, 0, 0, 0, 0, 0, 0, 0, 0, 0, 0, 0, 0, 0, 0, 0, 0, 0, 0, 0, 0, 0, 0, 0, 0, 0, 0, 0]}, "key_key": "F#", "thpcp": [1, 0.938747465611, 0.434022367001, 0.194960489869, 0.236944451928, 0.285807967186, 0.25152605772, 0.189724117517, 0.229759156704, 0.318143248558, 0.243051216006, 0.15209749341, 0.171201705933, 0.153037339449, 0.224061667919, 0.575322687626, 0.624402403831, 0.286400765181, 0.132189229131, 0.149628430605, 0.41769900918, 0.734248757362, 0.585074543953, 0.356608599424, 0.505318641663, 0.448416173458, 0.196135908365, 0.16438280046, 0.189623489976, 0.246795788407, 0.349523544312, 0.327984958887, 0.247929394245, 0.27426931262, 0.354428350925, 0.596316277981], "chords_key": "C#", "tuning_equal_tempered_deviation": 0.22946152091, "tuning_frequency": 442.804626465, "tuning_diatonic_strength": 0.595830380917, "chords_histogram": [8.09922981262, 10.1495246887, 8.57498836517, 2.3108291626, 2.82057094574, 3.5342092514, 0.203896686435, 7.55550527573, 0.974173069, 16.957408905, 0.0906207486987, 1.80108749866, 0.917535126209, 0, 5.15405511856, 2.16357040405, 4.23652029037, 0.906207501888, 2.08427739143, 1.92569100857, 1.35931122303, 8.30312633514, 9.03942012787, 0.838241934776], "key_strength": 0.767740249634, "key_scale": "minor", "chords_strength": {"dvar": 0.000278425548458, "var": 0.0325791090727, "median": 0.520884633064, "max": 0.808786094189, "dmean": 0.00896643754095, "dmean2": 0.00963959936053, "mean": 0.508582174778, "dvar2": 0.000521162175573, "min": -1}, "chords_number_rate": 0.00192569103092, "tuning_nontempered_energy_ratio": 0.909532904625, "hpcp_entropy": {"dvar": 0.241522952914, "var": 0.522708654404, "median": 1.95537590981, "max": 4.29702711105, "dmean": 0.575539171696, "dmean2": 0.980680406094, "mean": 1.9190505743, "dvar2": 0.667969107628, "min": 0}, "chords_changes_rate": 0.070004530251, "chords_scale": "major"}, "rhythm": {"bpm_histogram_first_peak_spread": {"dvar": 0, "var": 0, "median": 0.33264029026, "max": 0.33264029026, "dmean": 0, "dmean2": 0, "mean": 0.33264029026, "dvar2": 0, "min": 0.33264029026}, "bpm_histogram_first_peak_weight": {"dvar": 0, "var": 0, "median": 0.409961700439, "max": 0.409961700439, "dmean": 0, "dmean2": 0, "mean": 0.409961700439, "dvar2": 0, "min": 0.409961700439}, "bpm_histogram_first_peak_bpm": {"dvar": 0, "var": 0, "median": 120, "max": 120, "dmean": 0, "dmean2": 0, "mean": 120, "dvar2": 0, "min": 120}, "bpm": 120.055984497, "bpm_histogram_second_peak_weight": {"dvar": 0, "var": 0, "median": 0.074074074626, "max": 0.074074074626, "dmean": 0, "dmean2": 0, "mean": 0.074074074626, "dvar2": 0, "min": 0.074074074626}, "beats_loudness": {"dvar": 0.0090759396553, "var": 0.0105578117073, "median": 0.0480806455016, "max": 0.526604235172, "dmean": 0.0738337114453, "dmean2": 0.121191047132, "mean": 0.0823027044535, "dvar2": 0.0237182453275, "min": 0}, "beats_loudness_band_ratio": {"dvar": [0.0491828396916, 0.0280929189175, 0.0233144480735, 0.012653844431, 0.00148068356793, 0.00135160889477], "var": [0.137500584126, 0.0446219146252, 0.0361215695739, 0.0195050872862, 0.00155700696632, 0.00656191864982], "median": [0.876763343811, 0.0619763806462, 0.0329763442278, 0.00716511625797, 0.0018141757464, 0.000143241195474], "max": [0.998669862747, 0.933134078979, 0.955841004848, 0.968409657478, 0.513504564762, 0.963944256306], "dmean": [0.161569043994, 0.127977997065, 0.105518490076, 0.0500244051218, 0.0138339530677, 0.0041138776578], "dmean2": [0.279174268246, 0.227580562234, 0.18235000968, 0.0843379199505, 0.0251456350088, 0.00607087556273], "mean": [0.661973655224, 0.156939327717, 0.125474348664, 0.0584406554699, 0.0146400919184, 0.00932768825442], "dvar2": [0.119769237936, 0.073232114315, 0.0603539608419, 0.0284684579819, 0.00414080545306, 0.00227480870672], "min": [0, 0, 0, 0, 0, 0]}, "bpm_histogram_second_peak_bpm": {"dvar": 0, "var": 0, "median": 80, "max": 80, "dmean": 0, "dmean2": 0, "mean": 80, "dvar2": 0, "min": 80}, "onset_rate": 2.88605666161, "beats_count": 784, "beats_position": [0.568888902664, 1.16099774837, 1.75310659409, 2.34521532059, 2.93732428551, 3.54104304314, 4.13315200806, 4.7020406723, 5.27092981339, 5.83981847763, 6.40870714188, 6.98920631409, 7.55809497833, 8.12698364258, 8.6958732605, 9.32281208038, 9.93814086914, 10.5882987976, 11.2384576797, 11.8886165619, 12.538775444, 13.1889343262, 13.8274831772, 14.4660310745, 15.1045799255, 15.7431287766, 16.3700675964, 16.99700737, 17.6239452362, 18.2508831024, 18.877822876, 19.5163707733, 20.1433105469, 20.7702484131, 21.3855781555, 22.0125160217, 22.6626758575, 23.312833786, 23.9513835907, 24.589931488, 25.2168693542, 25.8438091278, 26.470746994, 27.1092967987, 27.747844696, 28.316734314, 28.8856239319, 29.4429016113, 30.0117912292, 30.5806789398, 31.2308387756, 31.869386673, 32.5079345703, 33.146484375, 33.7966423035, 34.5164604187, 35.2246704102, 35.9328804016, 36.6410865784, 37.3144645691, 37.9878463745, 38.6612243652, 39.334602356, 40.0195922852, 40.7045783997, 41.3895683289, 41.981678009, 42.5621757507, 43.1542854309, 43.7463951111, 44.3268928528, 44.8493423462, 45.3717918396, 45.894241333, 46.3818588257, 46.8810882568, 47.3687057495, 47.9956436157, 48.6109733582, 49.2263031006, 49.8532409668, 50.480178833, 51.1071205139, 51.7340583801, 52.3493881226, 52.9763259888, 53.6148757935, 54.2534217834, 54.9035835266, 55.4956893921, 56.0994110107, 56.5754165649, 57.0514259338, 57.5390472412, 58.0266647339, 58.5142860413, 58.9902954102, 59.4663009644, 59.9423103333, 60.4183197021, 60.894329071, 61.3355102539, 61.7766876221, 62.2294769287, 62.6706581116, 63.1118354797, 63.5530128479, 64.0406341553, 64.5398635864, 65.0390930176, 65.5267105103, 66.0259399414, 66.5251693726, 67.0243988037, 67.5236282349, 68.022857666, 68.5453033447, 69.0677566528, 69.5902023315, 70.1939239502, 70.8092498779, 71.4361877441, 72.0747375488, 72.7132873535, 73.3518371582, 73.9787750244, 74.6173248291, 75.2558746338, 76.0221328735, 76.7883911133, 77.5314254761, 78.2860794067, 79.040725708, 79.7953720093, 80.5500183105, 81.3046722412, 82.047706604, 82.7907485962, 83.5453948975, 84.2884368896, 84.9618148804, 85.6351928711, 86.2737426758, 86.900680542, 87.5276184082, 88.0268478394, 88.537689209, 89.0369110107, 89.5361404419, 90.035369873, 90.5345993042, 91.0338287354, 91.521446228, 92.0206756592, 92.5315170288, 93.0423583984, 93.5531921387, 94.0408172607, 94.5284347534, 95.0160522461, 95.5152816772, 96.0145111084, 96.5137405396, 97.0013580322, 97.5005874634, 97.9882049561, 98.3597259521, 98.7312469482, 99.1143722534, 99.497505188, 99.8806304932, 100.263763428, 100.646888733, 101.030021667, 101.413146973, 101.796279907, 102.179405212, 102.562538147, 102.945663452, 103.328796387, 103.711929321, 104.106666565, 104.501403809, 104.896141052, 105.290885925, 105.685623169, 106.091972351, 106.486709595, 106.881446838, 107.276191711, 107.670928955, 108.065666199, 108.506843567, 108.948028564, 109.389205933, 109.841995239, 110.364440918, 110.886894226, 111.409339905, 112.036277771, 112.686439514, 113.452697754, 114.218955994, 114.973602295, 115.728248596, 116.494506836, 117.260765076, 118.015419006, 118.758453369, 119.5131073, 120.256141663, 120.999183655, 121.753829956, 122.508476257, 123.263130188, 124.017776489, 124.772422791, 125.527069092, 126.270111084, 127.013153076, 127.756187439, 128.51083374, 129.265487671, 129.996917725, 130.739959717, 131.494598389, 132.249252319, 133.003890991, 133.758544922, 134.513198853, 135.267837524, 136.022491455, 136.765533447, 137.508575439, 138.263214111, 139.017868042, 139.772521973, 140.515548706, 141.270202637, 142.013244629, 142.756271362, 143.510925293, 144.265579224, 145.008621216, 145.763259888, 146.517913818, 147.27255249, 148.027206421, 148.781860352, 149.524902344, 150.279541016, 151.022583008, 151.765625, 152.520263672, 153.286529541, 154.052780151, 154.679718018, 155.295059204, 155.92199707, 156.444442749, 156.966888428, 157.477722168, 157.988571167, 158.499404907, 159.010253906, 159.509475708, 160.020309448, 160.519546509, 161.018768311, 161.518005371, 162.017227173, 162.516464233, 163.027297974, 163.526535034, 164.025756836, 164.513381958, 165.000991821, 165.500228882, 165.987838745, 166.498687744, 166.997909546, 167.508743286, 168.019592285, 168.518814087, 169.006439209, 169.505661011, 170.004898071, 170.504119873, 171.014968872, 171.514190674, 172.013427734, 172.512649536, 173.011871338, 173.511108398, 174.0103302, 174.509567261, 175.008789062, 175.519638062, 176.018859863, 176.518096924, 177.017318726, 177.516555786, 178.004165649, 178.515014648, 179.025848389, 179.52507019, 180.024307251, 180.523529053, 181.022766113, 181.521987915, 182.021224976, 182.520446777, 183.019683838, 183.51890564, 184.0181427, 184.505752563, 185.004989624, 185.504211426, 186.015060425, 186.514282227, 187.013504028, 187.512741089, 188.011962891, 188.511199951, 189.010421753, 189.509658813, 190.020492554, 190.519729614, 191.018951416, 191.518188477, 192.029022217, 192.528244019, 193.027481079, 193.515090942, 194.014328003, 194.513549805, 195.012786865, 195.512008667, 196.011245728, 196.510467529, 197.00970459, 197.52053833, 198.019775391, 198.507385254, 199.018234253, 199.517456055, 200.016693115, 200.504302979, 201.015136719, 201.525985718, 202.02520752, 202.52444458, 203.023666382, 203.522903442, 204.033737183, 204.532974243, 205.032196045, 205.519821167, 206.030654907, 206.529876709, 207.02911377, 207.528335571, 208.027572632, 208.526794434, 209.026031494, 209.525253296, 210.024490356, 210.51210022, 211.01133728, 211.510559082, 212.009796143, 212.509017944, 213.008255005, 213.507476807, 214.018310547, 214.505935669, 214.993560791, 215.504394531, 216.015228271, 216.514465332, 217.013687134, 217.512924194, 218.012145996, 218.511383057, 219.010604858, 219.509841919, 220.009063721, 220.508300781, 221.007522583, 221.518356323, 222.017593384, 222.516815186, 223.016052246, 223.515274048, 224.014511108, 224.51373291, 225.012969971, 225.512191772, 226.011428833, 226.510650635, 227.009887695, 227.509109497, 228.019943237, 228.507568359, 229.00680542, 229.51763916, 230.016860962, 230.516098022, 231.026931763, 231.526168823, 232.013778687, 232.513015747, 233.012237549, 233.511474609, 234.010696411, 234.521530151, 235.020767212, 235.519989014, 236.019226074, 236.518447876, 237.017684937, 237.516906738, 238.016143799, 238.515365601, 239.014602661, 239.513824463, 240.024673462, 240.523895264, 241.023132324, 241.510742188, 242.009979248, 242.50920105, 243.00843811, 243.507659912, 244.006881714, 244.506118774, 245.005340576, 245.516189575, 246.015411377, 246.514648438, 247.013870239, 247.524719238, 248.012329102, 248.511566162, 248.999176025, 249.510025024, 250.009246826, 250.520080566, 251.019317627, 251.518539429, 252.029388428, 252.516998291, 253.016235352, 253.515457153, 254.026306152, 254.513916016, 255.013153076, 255.512374878, 256.023223877, 256.52243042, 257.02166748, 257.520904541, 258.020141602, 258.507751465, 259.018585205, 259.517822266, 260.017059326, 260.516265869, 261.01550293, 261.51473999, 262.013977051, 262.524810791, 263.024017334, 263.523254395, 264.010864258, 264.510101318, 265.009338379, 265.508575439, 266.007781982, 266.507019043, 267.006256104, 267.517089844, 268.016326904, 268.515563965, 269.014770508, 269.514007568, 270.013244629, 270.500854492, 271.011688232, 271.522521973, 272.021759033, 272.509368896, 273.008605957, 273.519439697, 274.018676758, 274.517913818, 275.017150879, 275.516357422, 276.015594482, 276.514831543, 277.014068604, 277.513275146, 278.012512207, 278.511749268, 279.022583008, 279.521820068, 280.021026611, 280.520263672, 281.019500732, 281.518737793, 282.017944336, 282.517181396, 283.016418457, 283.515655518, 284.026489258, 284.514099121, 285.013336182, 285.512542725, 286.011779785, 286.511016846, 287.010253906, 287.509460449, 288.020324707, 288.51953125, 289.018768311, 289.506378174, 290.017242432, 290.504852295, 291.015686035, 291.514923096, 292.014129639, 292.524993896, 293.024200439, 293.5234375, 294.03427124, 294.521911621, 295.009521484, 295.520355225, 296.007965088, 296.507202148, 297.006439209, 297.517272949, 298.01651001, 298.515716553, 299.014953613, 299.514190674, 300.025024414, 300.512634277, 301.011871338, 301.511108398, 302.021942139, 302.509552002, 303.02041626, 303.53125, 304.030456543, 304.541320801, 305.028930664, 305.528167725, 306.015777588, 306.515014648, 307.002624512, 307.501861572, 308.012695312, 308.511932373, 309.011138916, 309.522003174, 310.009613037, 310.520446777, 311.019683838, 311.518920898, 312.018127441, 312.517364502, 313.016601562, 313.515808105, 314.003448486, 314.502655029, 315.00189209, 315.51272583, 316.011962891, 316.511199951, 317.010437012, 317.509643555, 318.020507812, 318.508117676, 319.007354736, 319.506561279, 320.01739502, 320.51663208, 321.015869141, 321.515106201, 322.014312744, 322.513549805, 323.012786865, 323.512023926, 324.011230469, 324.510467529, 324.998077393, 325.50894165, 326.008148193, 326.518981934, 327.018218994, 327.517456055, 328.016693115, 328.515899658, 329.015136719, 329.514373779, 330.01361084, 330.501220703, 330.988830566, 331.499664307, 332.010528564, 332.509735107, 333.008972168, 333.508209229, 334.007446289, 334.506652832, 335.005889893, 335.505126953, 336.015960693, 336.503570557, 337.002807617, 337.513641357, 338.012878418, 338.512115479, 339.011322021, 339.510559082, 340.009796143, 340.509033203, 341.008239746, 341.519073486, 342.018310547, 342.517547607, 343.016784668, 343.515991211, 344.015228271, 344.514465332, 345.013702393, 345.512908936, 346.012145996, 346.511383057, 347.010620117, 347.521453857, 348.0206604, 348.508300781, 348.995910645, 349.506744385, 350.017578125, 350.528442383, 351.039276123, 351.538482666, 352.037719727, 352.525360107, 353.012969971, 353.500579834, 354.011413574, 354.522247314, 355.033111572, 355.520721436, 356.031555176, 356.530792236, 357.030029297, 357.52923584, 358.0284729, 358.516082764, 359.015319824, 359.514556885, 360.025390625, 360.524627686, 361.035461426, 361.534698486, 362.033905029, 362.53314209, 363.020751953, 363.519989014, 364.019226074, 364.518463135, 365.017669678, 365.528533936, 366.027740479, 366.526977539, 367.0262146, 367.513824463, 368.013061523, 368.512298584, 369.011505127, 369.522338867, 370.033203125, 370.532409668, 371.043243408, 371.542480469, 372.03012085, 372.529327393, 373.028564453, 373.527801514, 374.027008057, 374.491424561, 374.93258667, 375.373779297, 375.826568604, 376.27935791, 376.70892334, 377.150115967, 377.591278076, 378.020843506, 378.450408936, 378.880004883, 379.205078125, 379.541748047, 379.878448486, 380.203521729, 380.528594971, 380.85369873, 381.190368652, 381.538665771, 381.886962891, 382.246887207, 382.606781006, 382.966705322, 383.326599121, 383.674926758, 384.01159668, 384.336669922, 384.661773682, 384.986846924, 385.323516846, 385.671844482, 386.008514404, 386.345214844, 386.681884766, 387.006988525, 387.343658447, 387.680358887, 388.005432129, 388.318908691, 388.643981934, 388.969055176, 389.282531738, 389.596008301, 389.921081543, 390.246154785, 390.582855225, 390.931152344, 391.279449463, 391.627746582, 391.987670898, 392.312744141, 392.66104126, 393.009338379, 393.357635498, 393.705932617, 394.054229736, 394.414154053, 394.785675049, 395.157196045, 395.528686523, 395.87701416, 396.225311279, 396.561981201, 396.91027832, 397.258575439, 397.618499756, 397.978393555, 398.454406738, 398.930419922, 399.418029785, 399.859222412, 400.312011719, 400.776397705, 401.287261963, 401.798095703, 402.308929443, 402.842987061, 403.377044678, 403.911102295, 404.456787109, 405.002441406, 405.548095703, 406.035736084, 406.534973145, 407.034179688, 407.533416748, 408.032653809, 408.531860352, 409.031097412], "danceability": 0.982448518276, "bpm_histogram_second_peak_spread": {"dvar": 0, "var": 0, "median": 0.147058904171, "max": 0.147058904171, "dmean": 0, "dmean2": 0, "mean": 0.147058904171, "dvar2": 0, "min": 0.147058904171}}, "lowlevel": {"spectral_flux": {"dvar": 0.00356273143552, "var": 0.00704713445157, "median": 0.0432799942791, "max": 0.660304963589, "dmean": 0.0316430516541, "dmean2": 0.052709441632, "mean": 0.0702499896288, "dvar2": 0.00825760699809, "min": 6.47431067091e-11}, "spectral_rolloff": {"dvar": 324094.71875, "var": 5166991, "median": 258.3984375, "max": 19789.0136719, "dmean": 133.328659058, "dmean2": 239.035522461, "mean": 715.520935059, "dvar2": 847698.9375, "min": 64.599609375}, "barkbands_flatness_db": {"dvar": 0.00160865369253, "var": 0.0103494515643, "median": 0.304482638836, "max": 0.700425446033, "dmean": 0.0327534414828, "dmean2": 0.0519655123353, "mean": 0.315360069275, "dvar2": 0.00376774533652, "min": 0.0487019643188}, "spectral_centroid": {"dvar": 45500.7617188, "var": 722215.5, "median": 362.969421387, "max": 11738.1689453, "dmean": 91.3337097168, "dmean2": 148.735748291, "mean": 532.991271973, "dvar2": 111608.757812, "min": 76.7582778931}, "melbands_skewness": {"dvar": 1.015868783, "var": 4.88488578796, "median": 2.66624093056, "max": 21.9555015564, "dmean": 0.859537661076, "dmean2": 1.39113223553, "mean": 3.06248307228, "dvar2": 2.60515785217, "min": -3.55040383339}, "melbands": {"dvar": [4.77068024338e-05, 0.000130274813273, 2.83033496089e-05, 1.54133147134e-06, 2.53305699971e-07, 6.04257138548e-07, 6.80793675656e-07, 2.24433023277e-07, 3.04098705328e-07, 4.34503597546e-08, 6.42331556833e-08, 1.87900539572e-07, 6.69800837017e-09, 1.64227187405e-09, 3.62995133951e-10, 6.27727245184e-11, 1.1436787628e-10, 9.26921039923e-11, 2.58896376559e-11, 3.88728133016e-10, 1.5980647361e-10, 1.86602469587e-11, 2.08918108507e-11, 3.44292205856e-10, 4.05076180932e-11, 1.51478569271e-11, 2.42627912119e-13, 8.20728237433e-14, 6.4043469963e-14, 5.32731648237e-14, 3.48799798994e-14, 3.95183560355e-14, 8.72398805756e-14, 1.29298332566e-13, 2.64208549787e-13, 1.41699545435e-13, 4.66077202603e-14, 5.11239271403e-14, 6.08641351836e-14, 6.85593278655e-14], "var": [0.000131589884404, 0.000194357082364, 3.91532048525e-05, 3.82852613257e-06, 4.66753874662e-07, 9.01055784652e-07, 1.38342591072e-06, 2.5228382583e-07, 2.31073684631e-07, 5.71544482852e-08, 1.64365687283e-07, 3.21298585959e-07, 3.63864671726e-08, 4.35201519267e-09, 6.22641826986e-10, 1.09805525783e-10, 1.7781359718e-10, 9.51355383361e-11, 2.29989256806e-11, 8.77658168363e-10, 3.15676956797e-10, 2.81726395684e-11, 2.10500453873e-11, 1.78079259672e-10, 2.1797482222e-11, 1.40647693145e-11, 1.70000664479e-13, 1.12707369479e-13, 8.96190741517e-14, 7.02867736344e-14, 3.29531866204e-14, 3.42155062692e-14, 6.0713004177e-14, 6.91437399415e-14, 1.37072929504e-13, 7.50532584215e-14, 2.50393120544e-14, 2.71685394315e-14, 3.21294301386e-14, 3.63284740018e-14], "median": [0.000939451740123, 0.00119512469973, 0.000315619341563, 0.000173807231477, 8.83257598616e-05, 5.65399823245e-05, 5.56629747734e-05, 2.20109104703e-05, 1.24476146084e-05, 1.02658395917e-05, 7.82904135121e-06, 7.53911444917e-06, 2.09733298107e-06, 2.47037974077e-06, 1.36162645958e-06, 9.4938775419e-07, 8.37937022879e-07, 6.30063652807e-07, 6.17364491973e-07, 8.41582959765e-07, 6.05980915225e-07, 4.093574546e-07, 1.98809217977e-07, 1.21454363011e-07, 5.8325134944e-08, 3.4267785054e-08, 2.30911929577e-08, 1.26719932325e-08, 6.76708911129e-09, 5.51895951162e-09, 4.32695124175e-09, 3.67676422641e-09, 2.38074804315e-09, 2.13321538212e-09, 1.99552951941e-09, 1.11367293165e-09, 7.53668849551e-10, 6.96176449821e-10, 5.3724191762e-10, 3.25696802861e-10], "max": [0.0935549810529, 0.170607626438, 0.0682732611895, 0.0366793721914, 0.0101608345285, 0.0589809343219, 0.0507865436375, 0.0203074049205, 0.0103010702878, 0.00505272392184, 0.00910162646323, 0.0146790966392, 0.00343753467314, 0.00121658039279, 0.000783219700679, 0.000169627484865, 0.00042121639126, 0.000442563701654, 9.42780243349e-05, 0.000989693100564, 0.000544746639207, 0.00015723175602, 0.000125061371364, 0.000696458970197, 0.000238485998125, 0.00014134804951, 1.29288864628e-05, 7.54896700528e-06, 7.07120489096e-06, 5.97546431891e-06, 3.24080974679e-06, 6.19965703663e-06, 9.50588400883e-06, 1.04068149085e-05, 1.76344601641e-05, 4.51002688351e-06, 2.52014751823e-06, 4.10657685279e-06, 3.10046516461e-06, 3.11661892738e-06], "dmean": [0.00278032617643, 0.00341167044826, 0.00179529073648, 0.000489761005156, 0.000212183105759, 0.00018577236915, 0.000143600220326, 0.000101265839476, 9.90588960121e-05, 5.5359385442e-05, 5.41695262655e-05, 5.5321965192e-05, 1.86904344446e-05, 1.21725170175e-05, 5.51885159439e-06, 3.16370346809e-06, 2.62296612163e-06, 2.41833413384e-06, 1.68686165125e-06, 3.31722412739e-06, 2.21568620873e-06, 1.01966975308e-06, 7.29356997908e-07, 1.00590818874e-06, 4.53475166751e-07, 3.96744724185e-07, 1.24786168954e-07, 8.64551807922e-08, 6.74718023674e-08, 6.10716597294e-08, 4.82478590413e-08, 4.56037021479e-08, 4.57851925262e-08, 5.14651432582e-08, 4.91898539678e-08, 5.69962566033e-08, 3.42524906216e-08, 3.51836817458e-08, 3.74312421059e-08, 3.76488706877e-08], "dmean2": [0.00432350719348, 0.00564731424674, 0.00305651361123, 0.000799912784714, 0.000352199538611, 0.000310134782922, 0.00022232196352, 0.000168629427208, 0.000172182699316, 9.63888378465e-05, 8.40898937895e-05, 8.12096623122e-05, 2.97893493553e-05, 2.00616941584e-05, 9.13745134312e-06, 5.33996035301e-06, 4.3601166908e-06, 4.07265724789e-06, 2.97405063066e-06, 5.46436240256e-06, 3.753607416e-06, 1.77693482328e-06, 1.28470833261e-06, 1.89228205727e-06, 8.44450028126e-07, 7.28020040697e-07, 2.28062205565e-07, 1.57362450182e-07, 1.21894018434e-07, 1.10939581077e-07, 8.8861519032e-08, 8.26179231694e-08, 8.38149247784e-08, 9.78391980766e-08, 9.40373467984e-08, 1.09652809499e-07, 6.55420109297e-08, 6.76478748574e-08, 7.21188371244e-08, 7.24250597273e-08], "mean": [0.00769408047199, 0.0069247703068, 0.00243317754939, 0.000889520044439, 0.000383009202778, 0.000275844300631, 0.00028884774656, 0.000132492743433, 0.000118660726002, 7.99899135018e-05, 9.19016601983e-05, 8.40733773657e-05, 3.87523468817e-05, 1.90862883755e-05, 7.98570272309e-06, 4.87906072522e-06, 4.20598826167e-06, 3.07845243697e-06, 2.25743087867e-06, 5.19491231898e-06, 3.06569540953e-06, 1.44604359775e-06, 9.2345618441e-07, 8.14886732314e-07, 4.38601375663e-07, 4.34502283042e-07, 1.33291663929e-07, 1.03091323922e-07, 8.27016606308e-08, 7.10988956598e-08, 4.97640577635e-08, 4.59780373774e-08, 4.27544435411e-08, 3.64102810124e-08, 3.27927409671e-08, 3.40679200406e-08, 2.09776782611e-08, 2.0660248623e-08, 2.16018190002e-08, 2.13316617703e-08], "dvar2": [0.000119599106256, 0.00032700059819, 7.52183696022e-05, 4.00572798753e-06, 6.77949003602e-07, 1.52828624778e-06, 1.7416598439e-06, 5.61054491754e-07, 8.36062611143e-07, 1.24533997337e-07, 1.43844687273e-07, 3.83563673267e-07, 1.47565915043e-08, 4.32600133493e-09, 8.76492822766e-10, 1.71576086672e-10, 2.56056481573e-10, 2.3234680846e-10, 7.37117450411e-11, 9.56338341851e-10, 4.00163513437e-10, 5.52886868233e-11, 6.19646486899e-11, 1.02416752856e-09, 1.20430734829e-10, 4.4740346844e-11, 7.07931543248e-13, 2.39871870197e-13, 1.80242539644e-13, 1.51720717695e-13, 1.01038087944e-13, 1.12201216471e-13, 2.54072804462e-13, 3.81692236411e-13, 7.83801517613e-13, 4.16403131594e-13, 1.36434144689e-13, 1.50086825021e-13, 1.78957001128e-13, 2.01343377192e-13], "min": [9.24405746969e-25, 1.04080710392e-24, 2.37245036168e-25, 1.53536698097e-24, 1.10668625862e-24, 1.93123700613e-24, 1.96514067011e-24, 2.26067202547e-24, 1.74695811259e-24, 2.10020332063e-24, 2.51260856061e-24, 2.04723348021e-24, 2.65806701736e-24, 1.74122703811e-24, 3.44932901796e-24, 3.25921807575e-24, 1.57062926065e-24, 2.66315990336e-24, 3.26269734677e-24, 2.86092279635e-24, 4.525611394e-24, 3.33213781403e-24, 3.77553049645e-24, 4.4027021318e-24, 4.63312366905e-24, 4.74840267414e-24, 4.1437900941e-24, 4.55511084755e-24, 3.05808891606e-24, 5.31880669546e-24, 4.41422896735e-24, 5.91830272368e-24, 5.24102895451e-24, 5.61089270081e-24, 4.42337502068e-24, 6.06843557571e-24, 5.73542031116e-24, 4.6556898241e-24, 5.63648768731e-24, 5.94640510456e-24]}, "spectral_decrease": {"dvar": 1.36545800678e-16, "var": 3.17723620232e-16, "median": -7.60517870901e-09, "max": 6.79815937972e-16, "dmean": 4.99539432042e-09, "dmean2": 7.97415555809e-09, "mean": -1.34008297792e-08, "dvar2": 3.32130036008e-16, "min": -1.44148614822e-07}, "barkbands_kurtosis": {"dvar": 964.965270996, "var": 2190.71191406, "median": 9.32286834717, "max": 1955.85717773, "dmean": 11.3936386108, "dmean2": 18.2970066071, "mean": 21.6723632812, "dvar2": 2381.55200195, "min": -1.9520431757}, "silence_rate_30dB": {"dvar": 0.057241205126, "var": 0.131277278066, "median": 1, "max": 1, "dmean": 0.0609528124332, "dmean2": 0.121912531555, "mean": 0.844567775726, "dvar2": 0.129380762577, "min": 0}, "gfcc": {"mean": [-188.631774902, 178.37588501, -85.6137008667, 0.540057897568, -28.0342121124, -9.2919588089, -20.1769313812, -1.78532361984, -2.54048848152, -11.8148326874, -9.1729221344, -2.15948414803, -2.11749529839], "cov": [[23070.0078125, 3068.31445312, 738.743347168, 1069.05432129, 996.381469727, 1254.33312988, 325.666503906, 467.244567871, -90.1370162964, 721.715148926, 229.687911987, 29.4830513, 29.7484378815], [3068.31445312, 2230.88745117, 702.313598633, 62.4329566956, 528.75378418, 211.204193115, 325.923217773, -100.198493958, 97.9801940918, -53.8571090698, 89.9347381592, -161.337295532, 14.5666313171], [738.743347168, 702.313598633, 2588.8190918, 574.745483398, 693.353942871, 661.499267578, 292.458190918, 2.6075694561, -13.7427921295, 255.939956665, 19.0927295685, -205.949539185, -120.629707336], [1069.05432129, 62.4329566956, 574.745483398, 753.399291992, 208.850097656, 282.858856201, 130.693740845, -18.6117610931, 36.8809509277, 87.5572814941, -4.67959070206, -109.984519958, -39.5109710693], [996.381469727, 528.75378418, 693.353942871, 208.850097656, 687.767578125, 264.447387695, 192.890762329, 34.2212142944, 76.7292785645, 101.659248352, 101.573127747, -7.46881103516, -1.40677905083], [1254.33312988, 211.204193115, 661.499267578, 282.858856201, 264.447387695, 494.039611816, 201.105606079, 130.185974121, 6.47952508926, 126.444587708, 37.0570297241, -49.0597991943, -10.1933345795], [325.666503906, 325.923217773, 292.458190918, 130.693740845, 192.890762329, 201.105606079, 298.245330811, 49.4585723877, 59.19713974, 22.4813785553, 54.655128479, -38.5905761719, 14.432220459], [467.244567871, -100.198493958, 2.6075694561, -18.6117610931, 34.2212142944, 130.185974121, 49.4585723877, 206.379364014, 52.0763626099, 68.592590332, 31.2709274292, 44.7363510132, 24.3965473175], [-90.1370162964, 97.9801940918, -13.7427921295, 36.8809509277, 76.7292785645, 6.47952508926, 59.19713974, 52.0763626099, 173.026062012, 44.6587409973, 67.8445358276, 30.9715843201, 14.7562456131], [721.715148926, -53.8571090698, 255.939956665, 87.5572814941, 101.659248352, 126.444587708, 22.4813785553, 68.592590332, 44.6587409973, 194.331726074, 50.6907043457, 21.6874008179, -14.1481590271], [229.687911987, 89.9347381592, 19.0927295685, -4.67959070206, 101.573127747, 37.0570297241, 54.655128479, 31.2709274292, 67.8445358276, 50.6907043457, 128.348724365, 44.623550415, 30.7846183777], [29.4830513, -161.337295532, -205.949539185, -109.984519958, -7.46881103516, -49.0597991943, -38.5905761719, 44.7363510132, 30.9715843201, 21.6874008179, 44.623550415, 139.795623779, 47.8131561279], [29.7484378815, 14.5666313171, -120.629707336, -39.5109710693, -1.40677905083, -10.1933345795, 14.432220459, 24.3965473175, 14.7562456131, -14.1481590271, 30.7846183777, 47.8131561279, 86.9448165894]], "icov": [[0.000114460293844, -0.000279982486973, 0.000139392737765, -0.000243506379775, 1.45066123878e-05, -0.00013247114839, 0.000171799765667, -0.000287219038, 0.000476256594993, -0.000479503098177, -3.71310449054e-07, -0.000320367544191, 0.000144715624629], [-0.000279982486973, 0.0014628629433, -0.000396367482608, 0.000961783458479, -0.000494924315717, 0.000104572682176, -0.000759148155339, 0.00129535526503, -0.00169533409644, 0.00152627122588, -0.000182699397556, 0.00180724135134, -0.000888423703145], [0.000139392737765, -0.000396367482608, 0.00104386557359, -0.000333989708452, -0.000491250131745, -0.000928339548409, 0.000217008971958, 0.000159351839102, 0.00070757442154, -0.00129936274607, 0.00032262536115, 0.000193517349544, 0.000565521244425], [-0.000243506379775, 0.000961783458479, -0.000333989708452, 0.0027998383157, -0.000370373978512, -0.00108530407306, -0.000426434213296, 0.00200995779596, -0.0022716766689, 0.000651902053505, 0.000585553643759, 0.00220797327347, -0.000825211696792], [1.45066123878e-05, -0.000494924315717, -0.000491250131745, -0.000370373978512, 0.00284492876381, -0.000335887772962, -0.000429331092164, 2.53754169535e-05, -0.00010040786583, -9.14806587389e-05, -0.00112101016566, -0.00145864940714, 0.000500087277032], [-0.00013247114839, 0.000104572682176, -0.000928339548409, -0.00108530407306, -0.000335887772962, 0.00648680888116, -0.002360049868, -0.00350499944761, 0.00207994831726, -0.000748119258787, -0.000414965674281, 0.000525564013515, -0.000239921399043], [0.000171799765667, -0.000759148155339, 0.000217008971958, -0.000426434213296, -0.000429331092164, -0.002360049868, 0.00650792196393, -0.000741123687476, -0.000853327510413, 0.000710766995326, -0.00139590376057, 0.0010541130323, -0.000805194140412], [-0.000287219038, 0.00129535526503, 0.000159351839102, 0.00200995779596, 2.53754169535e-05, -0.00350499944761, -0.000741123687476, 0.00988045986742, -0.00417690398172, -0.000348842499079, 0.00136125111021, -4.62629759568e-05, -0.00184859044384], [0.000476256594993, -0.00169533409644, 0.00070757442154, -0.0022716766689, -0.00010040786583, 0.00207994831726, -0.000853327510413, -0.00417690398172, 0.0114884031937, -0.00324061512947, -0.00331198424101, -0.00255147810094, 0.00172501965426], [-0.000479503098177, 0.00152627122588, -0.00129936274607, 0.000651902053505, -9.14806587389e-05, -0.000748119258787, 0.000710766995326, -0.000348842499079, -0.00324061512947, 0.0109930820763, -0.00291875866242, -0.000152189168148, 0.00174853613134], [-3.71310449054e-07, -0.000182699397556, 0.00032262536115, 0.000585553643759, -0.00112101016566, -0.000414965674281, -0.00139590376057, 0.00136125111021, -0.00331198424101, -0.00291875866242, 0.0136123569682, -0.00248988741077, -0.00283592334017], [-0.000320367544191, 0.00180724135134, 0.000193517349544, 0.00220797327347, -0.00145864940714, 0.000525564013515, 0.0010541130323, -4.62629759568e-05, -0.00255147810094, -0.000152189168148, -0.00248988741077, 0.0152197098359, -0.00612510647625], [0.000144715624629, -0.000888423703145, 0.000565521244425, -0.000825211696792, 0.000500087277032, -0.000239921399043, -0.000805194140412, -0.00184859044384, 0.00172501965426, 0.00174853613134, -0.00283592334017, -0.00612510647625, 0.0170070528984]]}, "silence_rate_20dB": {"dvar": 0.00742211705074, "var": 0.00529656140134, "median": 1, "max": 1, "dmean": 0.00747748278081, "dmean2": 0.0149558121338, "mean": 0.994675397873, "dvar2": 0.0197156686336, "min": 0}, "barkbands_skewness": {"dvar": 1.33549189568, "var": 6.6900177002, "median": 2.26377916336, "max": 33.348285675, "dmean": 0.90408539772, "dmean2": 1.43739855289, "mean": 2.78799057007, "dvar2": 3.26889920235, "min": -4.69283676147}, "erbbands_skewness": {"dvar": 0.454878091812, "var": 1.38913214207, "median": 0.917284250259, "max": 11.4011039734, "dmean": 0.544161379337, "dmean2": 0.873726725578, "mean": 1.08004188538, "dvar2": 1.17475926876, "min": -3.47844386101}, "spectral_contrast_valleys": {"dvar": [0.151839256287, 0.209858745337, 0.233990311623, 0.248207166791, 0.342795073986, 0.403923869133], "var": [6.395362854, 3.77360606194, 3.5507338047, 3.34339165688, 3.09184837341, 2.71876072884], "median": [-7.18910217285, -7.37397289276, -8.28651714325, -9.01919937134, -9.8586025238, -13.0061130524], "max": [-4.53624010086, -3.94421601295, -4.88210916519, -6.02082586288, -6.41159772873, -8.70587825775], "dmean": [0.409585386515, 0.421928316355, 0.395728647709, 0.353319972754, 0.369237691164, 0.410605162382], "dmean2": [0.676918327808, 0.707659780979, 0.667089760303, 0.582556068897, 0.604665398598, 0.665044248104], "mean": [-7.95168924332, -7.61522960663, -8.52876091003, -9.30510807037, -10.1420125961, -13.2951641083], "dvar2": [0.363037198782, 0.517786502838, 0.586556732655, 0.602817833424, 0.816835701466, 0.912988781929], "min": [-27.9201259613, -27.971534729, -27.8393554688, -27.8837757111, -27.4715824127, -27.3655986786]}, "spectral_strongpeak": {"dvar": 0.278752505779, "var": 0.655855476856, "median": 0.481597185135, "max": 12.0518684387, "dmean": 0.25790989399, "dmean2": 0.417672902346, "mean": 0.671885311604, "dvar2": 0.645260572433, "min": 0}, "erbbands_crest": {"dvar": 10.4211740494, "var": 33.0838241577, "median": 11.7793140411, "max": 32.1532554626, "dmean": 3.29000520706, "dmean2": 5.39988899231, "mean": 12.9316587448, "dvar2": 27.4030590057, "min": 2.29605746269}, "barkbands_crest": {"dvar": 7.20611858368, "var": 34.5579185486, "median": 15.1291007996, "max": 26.6561431885, "dmean": 2.59696960449, "dmean2": 4.2654042244, "mean": 15.6322507858, "dvar2": 18.4095897675, "min": 3.59730100632}, "spectral_energyband_middle_low": {"dvar": 0.000291494972771, "var": 0.000457603717223, "median": 0.00506613170728, "max": 0.30500638485, "dmean": 0.00706107029691, "dmean2": 0.0116862533614, "mean": 0.0126835275441, "dvar2": 0.000772578874603, "min": 1.36318711141e-22}, "spectral_contrast_coeffs": {"dvar": [0.00182356464211, 0.00182146381121, 0.00112474872731, 0.000576887337957, 0.000542424502783, 0.000457286689198], "var": [0.00757578201592, 0.00792716164142, 0.00631824648008, 0.00323608913459, 0.00295998388901, 0.0023975756485], "median": [-0.637359857559, -0.747179627419, -0.786488175392, -0.835672795773, -0.798768877983, -0.80880522728], "max": [-0.203873232007, -0.320421665907, -0.320837914944, -0.43675917387, -0.541778922081, -0.546437561512], "dmean": [0.0505841523409, 0.0475031174719, 0.037730384618, 0.0260515902191, 0.0224846862257, 0.0177589338273], "dmean2": [0.0836281329393, 0.0800737068057, 0.0627022311091, 0.0438552610576, 0.0376555137336, 0.0293740723282], "mean": [-0.634541392326, -0.737776756287, -0.776947915554, -0.826966404915, -0.807557702065, -0.804367363453], "dvar2": [0.00498738652095, 0.0051295151934, 0.0029188413173, 0.00156876503024, 0.00140088959597, 0.00112561567221], "min": [-0.981967270374, -0.980511724949, -0.976316869259, -0.985736370087, -0.972431182861, -0.965177416801]}, "hfc": {"dvar": 55.870880127, "var": 116.073867798, "median": 5.06149244308, "max": 146.021697998, "dmean": 3.31059622765, "dmean2": 5.37187004089, "mean": 7.95528793335, "dvar2": 136.424377441, "min": 1.05115432178e-16}, "spectral_energyband_high": {"dvar": 1.69392802007e-08, "var": 9.43168387835e-09, "median": 1.30840373913e-06, "max": 0.00200318428688, "dmean": 2.35614224948e-05, "dmean2": 4.47667043773e-05, "mean": 1.78483333002e-05, "dvar2": 4.96252674509e-08, "min": 6.8561551696e-21}, "erbbands_spread": {"dvar": 85.9171066284, "var": 198.629226685, "median": 17.3680839539, "max": 200.949569702, "dmean": 5.56611156464, "dmean2": 9.2345533371, "mean": 19.9016952515, "dvar2": 230.699905396, "min": 0.519171237946}, "dissonance": {"dvar": 0.00150432612281, "var": 0.00357573293149, "median": 0.420732140541, "max": 0.500000298023, "dmean": 0.0406944826245, "dmean2": 0.0691730380058, "mean": 0.409616649151, "dvar2": 0.00417748745531, "min": 0.0795199796557}, "spectral_kurtosis": {"dvar": 452.574005127, "var": 1638.38830566, "median": 25.1357154846, "max": 390.116424561, "dmean": 15.1118984222, "dmean2": 25.5020465851, "mean": 