{"tonal": {"chords_number_rate": 0.00151416833978, "thpcp": [1, 0.501314938068, 0.143218174577, 0.104305244982, 0.104094795883, 0.288020640612, 0.459880620241, 0.315208405256, 0.142962798476, 0.103479996324, 0.110319457948, 0.345226347446, 0.577484488487, 0.462248265743, 0.641225516796, 0.969048857689, 0.629120349884, 0.217592120171, 0.157988518476, 0.257274329662, 0.624801635742, 0.756998538971, 0.430400192738, 0.222594439983, 0.182846739888, 0.21752409637, 0.55168992281, 0.737020611763, 0.4846585989, 0.370231032372, 0.355572372675, 0.214075356722, 0.137695640326, 0.157095685601, 0.263306230307, 0.758012890816], "hpcp": {"dvar": [0.0409677922726, 0.0299778413028, 0.0195313096046, 0.0150737687945, 0.0143406204879, 0.0195938237011, 0.0275336094201, 0.0248380973935, 0.0209929198027, 0.0162554830313, 0.0143293626606, 0.021340765059, 0.0296474564821, 0.0337225720286, 0.0341098420322, 0.0392977036536, 0.0373443104327, 0.0302143245935, 0.0258070435375, 0.0310614276677, 0.042507275939, 0.0436388067901, 0.0368327051401, 0.033981423825, 0.0340556167066, 0.0324316285551, 0.0405469276011, 0.0446815490723, 0.0420823059976, 0.0407829284668, 0.0323503874242, 0.024439079687, 0.0193944647908, 0.0259705875069, 0.0374858602881, 0.0430582351983], "mean": [0.311001569033, 0.155909731984, 0.0445410758257, 0.0324390940368, 0.0323736444116, 0.0895748734474, 0.143023595214, 0.0980303063989, 0.0444616563618, 0.0321824401617, 0.0343095250428, 0.107365936041, 0.179598584771, 0.143759936094, 0.19942215085, 0.301375716925, 0.195657417178, 0.0676714926958, 0.0491346754134, 0.0800127238035, 0.194314286113, 0.235427737236, 0.133855134249, 0.0692272186279, 0.0568656213582, 0.0676503330469, 0.171576440334, 0.229214563966, 0.150729581714, 0.115142434835, 0.110583566129, 0.0665777698159, 0.0428235605359, 0.0488570034504, 0.081888653338, 0.235743194818], "min": [0, 0, 0, 0, 0, 0, 0, 0, 0, 0, 0, 0, 0, 0, 0, 0, 0, 0, 0, 0, 0, 0, 0, 0, 0, 0, 0, 0, 0, 0, 0, 0, 0, 0, 0, 0], "median": [0.117268502712, 0.0529130734503, 0.0061889947392, 0.00252523110248, 0.00302007654682, 0.0119759095833, 0.0207008253783, 0.0158474911004, 0.00324864732102, 0.00171583984047, 0.00346923130564, 0.0240119807422, 0.0440417043865, 0.0443355590105, 0.0757743045688, 0.075013667345, 0.0374292396009, 0.00817212369293, 0.00368137634359, 0.010705797933, 0.0454695485532, 0.0725717395544, 0.0468281470239, 0.00580802327022, 0.00311995856464, 0.00635633338243, 0.030880112201, 0.0480003915727, 0.0357952788472, 0.00810336880386, 0.0044768047519, 0.00273196795024, 0.00536726601422, 0.00623453315347, 0.0111670447513, 0.0771698281169], "dvar2": [0.095776297152, 0.0839249640703, 0.0559997223318, 0.0439899004996, 0.0395623221993, 0.0493631400168, 0.0601888746023, 0.0627747103572, 0.0562084205449, 0.0459399521351, 0.040667437017, 0.0531649664044, 0.0687606707215, 0.0883118584752, 0.0899587199092, 0.0915630459785, 0.100080758333, 0.0820742025971, 0.0693543851376, 0.0819431617856, 0.105977632105, 0.107086010277, 0.0980899184942, 0.0907678678632, 0.0937942937016, 0.0844613164663, 0.100591734052, 0.104778215289, 0.109518043697, 0.105639778078, 0.0775244385004, 0.0690274313092, 0.0554269552231, 0.0725686624646, 0.102080903947, 0.115791723132], "var": [0.137909725308, 0.0457134880126, 0.0135155841708, 0.0096230879426, 0.0102886836976, 0.0337399169803, 0.0773502886295, 0.0397475138307, 0.0179393328726, 0.0114880111068, 0.00991987809539, 0.0336027927697, 0.0798011124134, 0.0475006699562, 0.0630021095276, 0.146707072854, 0.0755314975977, 0.0269522592425, 0.0207284018397, 0.0278337020427, 0.0796304792166, 0.100529529154, 0.0419621355832, 0.0286812596023, 0.0254498366266, 0.0278815533966, 0.0684367418289, 0.106214985251, 0.0574531592429, 0.0549157224596, 0.0610931143165, 0.0265743173659, 0.0138620324433, 0.0187983568758, 0.0319278649986, 0.0887290537357], "dmean2": [0.203575327992, 0.185204461217, 0.103899128735, 0.0773962140083, 0.0756704211235, 0.104217760265, 0.120236851275, 0.118117585778, 0.090260848403, 0.0756828635931, 0.0817707180977, 0.129119381309, 0.158905342221, 0.197539463639, 0.21465973556, 0.187767133117, 0.190057232976, 0.135241284966, 0.116693645716, 0.162720710039, 0.215498685837, 0.221576288342, 0.205072373152, 0.159284323454, 0.141092196107, 0.150444045663, 0.201858788729, 0.207691177726, 0.212349504232, 0.183686688542, 0.138719409704, 0.117998853326, 0.0963311344385, 0.112590074539, 0.174876913428, 0.236472755671], "max": [1, 1, 1, 1, 1, 1, 1, 1, 1, 1, 1, 1, 1, 1, 1, 1, 1, 1, 1, 1, 1, 1, 1, 1, 1, 1, 1, 1, 1, 1, 1, 1, 1, 1, 1, 1], "dmean": [0.121634207666, 0.107297919691, 0.0562042221427, 0.0413663499057, 0.0411798730493, 0.060087300837, 0.0711968690157, 0.0681711062789, 0.0497964732349, 0.0410586111248, 0.0444850996137, 0.0773372501135, 0.0944951102138, 0.114587165415, 0.125145211816, 0.112649530172, 0.11000867933, 0.0760659053922, 0.0638264641166, 0.0918117910624, 0.126942336559, 0.131262183189, 0.117569044232, 0.0880690589547, 0.0771940797567, 0.085028514266, 0.118615247309, 0.124268501997, 0.122011855245, 0.102841369808, 0.0807524397969, 0.0656832009554, 0.0524567551911, 0.0618723109365, 0.0970799252391, 0.137410074472]}, "key_strength": 0.905387580395, "chords_strength": {"dvar": 0.000603129388765, "mean": 0.528720259666, "min": -1, "median": 0.534500539303, "dvar2": 0.00115623977035, "var": 0.0225026383996, "dmean2": 0.00888506881893, "max": 0.798919200897, "dmean": 0.0100777484477}, "tuning_equal_tempered_deviation": 0.0198377091438, "chords_key": "A", "tuning_frequency": 442.03793335, "chords_scale": "major", "chords_changes_rate": 0.0432619526982, "key_scale": "major", "tuning_diatonic_strength": 0.6412987113, "hpcp_entropy": {"dvar": 0.289354473352, "mean": 1.84639573097, "min": 0, "median": 1.8315192461, "dvar2": 0.714746057987, "var": 0.629802405834, "dmean2": 0.941031873226, "max": 4.38207817078, "dmean": 0.56861436367}, "chords_histogram": [28.0770053864, 9.84209346771, 30.9106636047, 0.0432619526982, 2.74713397026, 0, 0.995024859905, 0.173047810793, 0.36772659421, 0.0432619526982, 0.410988539457, 0, 0, 0, 0, 0.519143402576, 0, 0, 0, 0, 0, 2.09820461273, 4.0449924469, 19.7274494171], "tuning_nontempered_energy_ratio": 0.670643925667, "key_key": "D"}, "metadata": {"version": {"extractor": "music 1.0", "essentia_build_sha": "2d9f1f26377add8aeb1075a9c2973f962c4f09fd", "essentia": "2.1-beta2", "essentia_git_sha": "v2.1_beta2-1-ge3940c0"}, "audio_properties": {"sample_rate": 44100, "length": 214.613327026, "lossless": true, "analysis_sample_rate": 44100, "downmix": "mix", "bit_rate": 0, "equal_loudness": 0, "md5_encoded": "58f1348ec1819fd7c49b4d02347d7bf2", "codec": "flac", "replay_gain": -14.7368125916}, "tags": {"disctotal": ["1"], "catalognumber": ["FMD 2403"], "releasecountry": ["US"], "musicbrainz_recordingid": ["f64db5fb-e29d-4d25-92c3-4bf1bb42103e"], "title": ["Gloria"], "musicbrainz_releasetrackid": ["d6d0d6c0-f934-39f1-ab6f-59c46a36d44f"], "discnumber": ["1"], "artistsort": ["Brave Saint Saturn"], "releasetype": ["album"], "originaldate": ["2000-06-20"], "musicbrainz_artistid": ["5de0b6d9-aada-4667-a251-f585cd6c270e"], "tracknumber": ["12"], "musicbrainz_albumartistid": ["5de0b6d9-aada-4667-a251-f585cd6c270e"], "totaltracks": ["12"], "barcode": ["657022240329"], "tracktotal": ["12"], "originalyear": ["2000"], "date": ["2000-06-20"], "acoustid_id": ["0cecdd17-aa77-407d-bd99-4930514ed7da"], "albumartistsort": ["Brave Saint Saturn"], "musicbrainz_releasegroupid": ["22e03067-317e-3f53-9678-be2a39672350"], "media": ["CD"], "label": ["5 Minute Walk"], "albumartist": ["Brave Saint Saturn"], "asin": ["B00004TM0X"], "script": ["Latn"], "musicbrainz_albumid": ["bc38a467-734a-413f-a170-667a81ffa5d9"], "file_name": "dd17aa77407dbd994930514ed7da.flac", "releasestatus": ["official"], "totaldiscs": ["1"], "album": ["So Far From Home"], "artist": ["Brave Saint Saturn"]}}, "lowlevel": {"melbands": {"dvar": [1.06303400571e-06, 4.91076662001e-06, 1.35920299726e-06, 1.87171167454e-06, 1.97003913627e-07, 1.64911455158e-07, 3.62962815359e-08, 2.29708447819e-08, 7.82814311151e-08, 1.05732759437e-07, 4.12626839363e-08, 1.77418382208e-08, 9.47633971293e-09, 6.47501696704e-09, 2.51095166881e-09, 4.26182733548e-09, 2.10310746596e-09, 7.18707315883e-10, 8.03726585286e-10, 8.998927159e-10, 2.26777219225e-09, 8.06171629453e-10, 3.88918203198e-10, 7.35093860782e-11, 5.58250147498e-11, 7.10048755903e-11, 3.32746608045e-11, 1.76475362101e-11, 1.32565347588e-11, 9.90757649533e-12, 8.50713856998e-12, 8.92231080685e-12, 5.85546888754e-12, 3.77348499669e-12, 3.22673875466e-12, 2.77433501519e-12, 2.26551828512e-12, 1.71361178285e-12, 1.05311744568e-12, 4.81225302662e-13], "mean": [0.00080440583406, 0.0014086504234, 0.00137250963598, 0.000800132576842, 0.000424978614319, 0.000312880438287, 0.000204973199288, 0.000114679824037, 0.000204446303542, 0.000240853551077, 0.000164737648447, 8.05425297585e-05, 4.31481857959e-05, 5.24581373611e-05, 2.41578109126e-05, 2.47483585554e-05, 2.01441234822e-05, 1.44049963637e-05, 1.8048182028e-05, 2.12756076508e-05, 3.30357288476e-05, 2.35215375142e-05, 1.67864309333e-05, 7.03042542227e-06, 6.37497396383e-06, 6.95106064086e-06, 4.94392725159e-06, 3.4411341403e-06, 2.48788319368e-06, 2.41464181272e-06, 2.02079945666e-06, 1.96272185349e-06, 1.66787560829e-06, 1.1566764897e-06, 1.03754268821e-06, 8.8335974624e-07, 8.14775660274e-07, 7.15655232852e-07, 5.17837975167e-07, 3.54644242861e-07], "min": [8.01723134369e-25, 6.89386136718e-25, 7.95746526936e-25, 1.68385890372e-24, 1.45505847563e-24, 1.58875984805e-24, 1.70007808115e-24, 2.16205317104e-24, 1.67505738538e-24, 2.52289057365e-24, 1.94132219837e-24, 1.48784530979e-24, 2.0103037458e-24, 2.6310374873e-24, 2.88880804327e-24, 2.58448581921e-24, 1.93643126076e-24, 2.61422824192e-24, 3.04720421329e-24, 3.31777739011e-24, 4.16321184958e-24, 4.81873396258e-24, 3.22634742512e-24, 3.8385932205e-24, 4.58351575659e-24, 4.10606597675e-24, 4.53531596085e-24, 4.7794072743e-24, 4.73388802792e-24, 4.90345841266e-24, 5.36049168342e-24, 6.22962746878e-24, 4.80581281538e-24, 5.89238982623e-24, 6.23872303502e-24, 5.44469311872e-24, 6.0346908672e-24, 5.91965877557e-24, 5.95623352258e-24, 6.89410157533e-24], "median": [0.000616294681095, 0.000926484644879, 0.00100185815245, 0.000419183750637, 0.000176795219886, 0.000149430648889, 7.85594165791e-05, 3.6582168832e-05, 2.40990921156e-05, 1.91727704077e-05, 7.54869506636e-06, 4.79775280837e-06, 4.33675904787e-06, 2.95629752145e-06, 1.81556151801e-06, 1.37679444379e-06, 1.11558244953e-06, 1.17306444736e-06, 1.20394258829e-06, 1.40673364513e-06, 1.57171439241e-06, 1.30590069602e-06, 1.5649056877e-06, 6.83433427184e-07, 3.10716359309e-07, 3.40285424727e-07, 3.57789360805e-07, 1.69702275343e-07, 1.69208291823e-07, 1.97107510758e-07, 2.83916904209e-07, 2.33209476619e-07, 2.03812618338e-07, 1.68307906279e-07, 1.52989429125e-07, 1.29988336539e-07, 1.54729306701e-07, 1.33186020435e-07, 9.67827418208e-08, 7.43242551948e-08], "dvar2": [3.12921247314e-06, 1.3851516087e-05, 4.57778651253e-06, 5.12263795827e-06, 5.32642218332e-07, 4.42412698476e-07, 9.08715804826e-08, 5.20454790376e-08, 1.67906875959e-07, 2.04324805964e-07, 6.63566979142e-08, 3.90988930121e-08, 1.77539796198e-08, 1.4944371074e-08, 5.16606490919e-09, 1.00108223933e-08, 4.90977791756e-09, 1.63098690109e-09, 1.89610060986e-09, 2.1652011295e-09, 5.28011234735e-09, 2.06906713984e-09, 1.05166297892e-09, 1.89620458224e-10, 1.44412065639e-10, 1.87688142805e-10, 8.42813180357e-11, 4.2669329875e-11, 2.98534703902e-11, 2.36190025871e-11, 1.84720381352e-11, 2.15625677036e-11, 1.43251070728e-11, 8.55590338161e-12, 6.90611630383e-12, 6.19941121008e-12, 5.25049101419e-12, 3.72602079399e-12, 2.23897853383e-12, 1.07508132171e-12], "var": [1.15731052119e-06, 4.5427123041e-06, 1.91513890968e-06, 1.82699898232e-06, 4.61424804143e-07, 2.52871956263e-07, 1.11615769072e-07, 5.54971890665e-08, 2.80767181948e-07, 4.78189235764e-07, 3.65043604234e-07, 7.87962903814e-08, 4.1813361662e-08, 2.65782382769e-08, 6.3460618982e-09, 8.56970405749e-09, 5.14464426615e-09, 1.6456258578e-09, 2.08040784599e-09, 2.56405763288e-09, 9.42817024452e-09, 2.49285014853e-09, 1.13609477381e-09, 1.84748230603e-10, 1.79203527018e-10, 2.3372900837e-10, 9.95637738921e-11, 4.93692621506e-11, 3.70515215731e-11, 2.84522648497e-11, 1.78148520241e-11, 1.80598556943e-11, 1.13757848627e-11, 7.62491545597e-12, 6.75726618757e-12, 5.35425002945e-12, 3.93513650485e-12, 2.80283782295e-12, 1.62996406736e-12, 7.09637589576e-13], "dmean2": [0.000660195713863, 0.00154829665553, 0.00142039870843, 0.000873728073202, 0.000332893745508, 0.000235453204368, 0.000145535188494, 7.6274460298e-05, 0.000132726650918, 0.00013020640472, 7.08560983185e-05, 4.81543538626e-05, 2.78261395579e-05, 3.49482143065e-05, 1.85837234312e-05, 2.12206505239e-05, 1.62538817676e-05, 1.24481302919e-05, 1.43225879583e-05, 1.66135068866e-05, 2.28203971346e-05, 1.7261969333e-05, 1.34813117256e-05, 5.94823541178e-06, 4.88349860461e-06, 5.16904719916e-06, 3.70515749637e-06, 2.73952718999e-06, 2.08335518437e-06, 1.97772851607e-06, 1.65319670486e-06, 1.78276889073e-06, 1.5010629113e-06, 1.00044871942e-06, 8.85159636255e-07, 8.07061780961e-07, 7.49052105675e-07, 6.34208163319e-07, 4.6379068408e-07, 3.25709635263e-07], "max": [0.0178903639317, 0.0328866280615, 0.0135885411873, 0.0182319283485, 0.0112496474758, 0.0106742912903, 0.0039546797052, 0.00653363997117, 0.00940437242389, 0.0100099630654, 0.00627607945353, 0.00408472726122, 0.00474710250273, 0.0025674814824, 0.00180687371176, 0.00181020714808, 0.00155597645789, 0.000699182099197, 0.000977380317636, 0.000962068093941, 0.00156606943347, 0.000604065717198, 0.000421916251071, 0.000167865408002, 0.000146826030686, 0.000176156579982, 0.000120739743579, 9.99541371129e-05, 0.000142196018714, 7.30705069145e-05, 4.97832224937e-05, 9.26324064494e-05, 4.34985377069e-05, 5.25315626874e-05, 5.04761956108e-05, 4.0521419578e-05, 2.49144341069e-05, 2.89090694423e-05, 1.87113400898e-05, 1.15953316708e-05], "dmean": [0.000380861223675, 0.000891950563528, 0.000803907169029, 0.000513374281581, 0.000201661387109, 0.000146184131154, 9.00630548131e-05, 5.00959286001e-05, 9.03522741282e-05, 9.20021921047e-05, 5.24020651937e-05, 3.30021102855e-05, 1.93518080778e-05, 2.32713373407e-05, 1.25189089886e-05, 1.41428654388e-05, 1.08087206172e-05, 8.116265235e-06, 9.2711434263e-06, 1.05329145299e-05, 1.46138172568e-05, 1.07223131636e-05, 8.28212887427e-06, 3.68440328202e-06, 3.01249428958e-06, 3.21033485307e-06, 2.31555827668e-06, 1.71007263816e-06, 1.33996775276e-06, 1.25897463477e-06, 1.1012456298e-06, 1.13552596304e-06, 9.47441094468e-07, 6.62648972138e-07, 6.01847034432e-07, 5.426790608e-07, 4.97143275879e-07, 4.2640235165e-07, 3.18585023251e-07, 2.17919080114e-07]}, "spectral_decrease": {"dvar": 7.24383569109e-18, "mean": -5.3514970233e-09, "min": -3.24228501825e-08, "median": -4.2894265917e-09, "dvar2": 2.00299055634e-17, "var": 2.15559776929e-17, "dmean2": 2.77070721921e-09, "max": 1.12963015881e-14, "dmean": 1.63083446747e-09}, "spectral_rolloff": {"dvar": 1360261.125, "mean": 1203.03308105, "min": 21.533203125, "median": 387.59765625, "dvar2": 3188636.75, "var": 7423653.5, "dmean2": 625.311828613, "max": 19444.4824219, "dmean": 349.013275146}, "melbands_crest": {"dvar": 11.3595466614, "mean": 15.9661245346, "min": 1.54182326794, "median": 14.8754348755, "dvar2": 34.3603134155, "var": 43.6141586304, "dmean2": 5.45383834839, "max": 39.3999557495, "dmean": 3.17084717751}, "barkbands_skewness": {"dvar": 0.843622803688, "mean": 2.80702137947, "min": -3.53999519348, "median": 2.44775295258, "dvar2": 2.21891951561, "var": 4.80859661102, "dmean2": 1.12648296356, "max": 16.3040790558, "dmean": 0.696721851826}, "spectral_centroid": {"dvar": 112404.6875, "mean": 909.403259277, "min": 138.954299927, "median": 540.938598633, "dvar2": 260588.609375, "var": 1459192.125, "dmean2": 277.811157227, "max": 11803.2363281, "dmean": 172.358932495}, "spectral_energyband_middle_low": {"dvar": 5.02108341607e-05, "mean": 0.0116911605, "min": 1.64526950851e-22, "median": 0.00859258696437, "dvar2": 0.000139827025123, "var": 0.000138999792398, "dmean2": 0.00704775936902, "max": 0.0815040320158, "dmean": 0.00414625462145}, "erbbands_crest": {"dvar": 4.80724620819, "mean": 10.2299747467, "min": 2.40119695663, "median": 9.31467533112, "dvar2": 12.6534366608, "var": 21.2220897675, "dmean2": 3.53866386414, "max": 30.0040721893, "dmean": 2.1927947998}, "dynamic_complexity": 7.03794717789, "spectral_energyband_low": {"dvar": 6.70173249091e-05, "mean": 0.00768376840279, "min": 6.44376415593e-24, "median": 0.00634057028219, "dvar2": 0.000192051040358, "var": 7.2388938861e-05, "dmean2": 0.00699962535873, "max": 0.11494486779, "dmean": 0.003988948185}, "silence_rate_60dB": {"dvar": 0.0107024181634, "mean": 0.187905669212, "min": 0, "median": 0, "dvar2": 0.0250660236925, "var": 0.152586296201, "dmean2": 0.0216403380036, "max": 1, "dmean": 0.0108189983293}, "erbbands_kurtosis": {"dvar": 8.24363994598, "mean": 2.88931179047, "min": -1.88966464996, "median": 0.992059707642, "dvar2": 21.0742855072, "var": 27.9147567749, "dmean2": 2.53351759911, "max": 71.7277374268, "dmean": 1.61310374737}, "spectral_complexity": {"dvar": 11.4017438889, "mean": 12.383600235, "min": 0, "median": 8, "dvar2": 20.9142684937, "var": 142.215835571, "dmean2": 3.1294093132, "max": 55, "dmean": 2.05690789223}, "barkbands_crest": {"dvar": 5.92585611343, "mean": 11.226401329, "min": 3.06964302063, "median": 10.5374822617, "dvar2": 17.7127075195, "var": 19.2487182617, "dmean2": 4.08390617371, "max": 24.7664489746, "dmean": 2.40146064758}, "spectral_energy": {"dvar": 0.000108969463327, "mean": 0.0213714912534, "min": 1.00479527322e-20, "median": 0.0168495178223, "dvar2": 0.000297535734717, "var": 0.000352264440153, "dmean2": 0.0106876799837, "max": 0.124406047165, "dmean": 0.00633041467518}, "spectral_spread": {"dvar": 954859323392, "mean": 4815406, "min": 465408.125, "median": 4043107.5, "dvar2": 1874979586050.0, "var": 17087083839500.0, "dmean2": 924922.4375, "max": 42483312, "dmean": 638364.3125}, "spectral_contrast_valleys": {"dvar": [0.160224676132, 0.118599079549, 0.173613280058, 0.241610705853, 0.244750350714, 0.365828424692], "mean": [-8.01705646515, -7.83468341827, -8.76085948944, -9.34386730194, -9.24053478241, -11.4359855652], "min": [-28.0868587494, -27.8353767395, -27.9164600372, -27.8934574127, -27.6251869202, -27.4128246307], "median": [-6.99352073669, -7.2143945694, -8.15308475494, -8.87761116028, -8.79548454285, -10.6211605072], "dvar2": [0.369134128094, 0.272341668606, 0.378434538841, 0.47666990757, 0.478138566017, 0.687652409077], "var": [7.66552352905, 6.99734544754, 6.80471134186, 6.67471981049, 7.55491304398, 6.57287406921], "dmean2": [0.623940944672, 0.504472017288, 0.527557790279, 0.530770778656, 0.479988485575, 0.501243710518], "max": [-5.30970287323, -4.77011632919, -5.34435558319, -6.01044797897, -5.76742696762, -7.8622341156], "dmean": [0.378549158573, 0.313262492418, 0.336374521255, 0.365779548883, 0.346271127462, 0.377100765705]}, "spectral_rms": {"dvar": 7.05931654466e-07, "mean": 0.00399009045213, "min": 3.13095534742e-12, "median": 0.00405444856733, "dvar2": 1.93331538867e-06, "var": 4.92939443575e-06, "dmean2": 0.0010360146407, "max": 0.0110168848187, "dmean": 0.000620404607616}, "barkbands_spread": {"dvar": 75.3790893555, "mean": 14.6560487747, "min": 0.506532967091, "median": 9.40652179718, "dvar2": 184.910614014, "var": 289.391113281, "dmean2": 7.01103687286, "max": 160.241470337, "dmean": 4.39766979218}, "pitch_salience": {"dvar": 0.00629223557189, "mean": 0.516163170338, "min": 0.0344287604094, "median": 0.534314751625, "dvar2": 0.0183447729796, "var": 0.0199771914631, "dmean2": 0.124608904123, "max": 0.963528871536, "dmean": 0.0730777233839}, "erbbands_skewness": {"dvar": 0.222194910049, "mean": 1.03790605068, "min": -2.7946023941, "median": 0.940260708332, "dvar2": 0.5466786623, "var": 1.38177478313, "dmean2": 0.611412644386, "max": 7.07837629318, "dmean": 0.397248327732}, "spectral_energyband_middle_high": {"dvar": 2.95528820971e-06, "mean": 0.00309568177909, "min": 1.11250117639e-21, "median": 0.000381629972253, "dvar2": 5.80387404625e-06, "var": 3.02300813928e-05, "dmean2": 0.00108743435703, "max": 0.0404995717108, "dmean": 0.000780190515798}, "erbbands": {"dvar": [0.00597025547177, 1.86683416367, 21.489906311, 41.7981147766, 192.602508545, 375.375793457, 186.083557129, 368.20223999, 170.680130005, 119.460968018, 1228.64306641, 2531.15844727, 1625.9161377, 919.101806641, 598.250854492, 474.263397217, 707.274108887, 673.896179199, 242.972946167, 450.553161621, 1194.22119141, 505.388671875, 109.76385498, 70.7829437256, 96.0065078735, 35.1050109863, 24.1391468048, 21.6713409424, 23.0946521759, 11.8281393051, 8.86962413788, 5.69939947128, 3.06604814529, 0.793417930603, 0.157783821225, 0.0199652630836, 0.00213279761374, 0.000342282495694, 8.44510941533e-06, 2.81314171957e-08], "mean": [0.0759948641062, 0.815227985382, 2.94380021095, 7.17049074173, 11.2959775925, 9.86183166504, 13.0418701172, 13.9127368927, 13.8346843719, 9.26290416718, 24.3031253815, 35.7406730652, 33.5609397888, 19.9316806793, 13.8603992462, 15.1268167496, 11.0779523849, 11.4887952805, 10.0420303345, 14.6944503784, 26.1182060242, 22.2855243683, 11.2899389267, 8.18401432037, 8.62186908722, 5.6238360405, 4.04730081558, 3.65038299561, 3.38116979599, 2.35017132759, 1.78124940395, 1.33666241169, 0.967086672783, 0.464966028929, 0.19522601366, 0.0681248307228, 0.0204659178853, 0.00654525170103, 0.000918114383239, 7.63519128668e-05], "min": [4.44864444429e-23, 3.66881713239e-22, 8.68535907135e-22, 3.21070215347e-21, 1.38880425985e-20, 2.40508853863e-20, 5.39206761892e-20, 5.93286311689e-20, 1.27013117768e-19, 2.21409961147e-19, 2.56832264819e-19, 5.36112763897e-19, 4.30691929399e-19, 7.0474102809e-19, 6.83187389664e-19, 1.28789436435e-18, 1.32849797228e-18, 1.37561697171e-18, 2.25535281467e-18, 3.30868129798e-18, 4.13550642966e-18, 4.50852394048e-18, 4.36966802619e-18, 6.35759024689e-18, 5.95321969572e-18, 9.59859307472e-18, 9.45024567648e-18, 1.10447107534e-17, 1.23242871963e-17, 1.27475265645e-17, 1.07740051446e-17, 1.06369868121e-17, 9.50377584264e-18, 8.59038067638e-18, 6.79649600223e-18, 4.19984246975e-18, 2.35687269125e-18, 9.35461036278e-19, 2.52940922874e-19, 2.70290070102e-20], "median": [0.0557753331959, 0.492104411125, 1.62809944153, 4.91626501083, 6.80499744415, 4.44652080536, 5.1847910881, 6.53221797943, 5.48269081116, 3.76124572754, 3.04982113838, 3.42872667313, 1.84225273132, 1.3369281292, 1.32319533825, 0.996571540833, 0.802329182625, 0.6710678339, 0.822596013546, 1.04547512531, 1.40551197529, 1.42577183247, 1.29048478603, 0.478878438473, 0.517805278301, 0.334487229586, 0.319948196411, 0.453442901373, 0.422316670418, 0.328785866499, 0.263670802116, 0.240322396159, 0.177006214857, 0.0950629934669, 0.0375584214926, 0.0118644423783, 0.00311642419547, 0.00113056087866, 7.95967353042e-05, 2.90338539344e-05], "dvar2": [0.0173657946289, 5.43153190613, 60.1803131104, 142.244812012, 562.503601074, 1021.78088379, 495.643218994, 989.963317871, 430.233306885, 268.208129883, 2683.66894531, 4799.74316406, 2601.13647461, 2025.57263184, 1154.00341797, 1086.23278809, 1491.43908691, 1593.99291992, 561.606445313, 1062.74523926, 2762.54785156, 1286.60205078, 271.948608398, 179.342559814, 248.287063599, 82.8028411865, 52.3367881775, 46.3764076233, 54.3091583252, 26.6150932312, 18.6695213318, 12.6887903214, 6.46702432632, 1.72156322002, 0.338423550129, 0.0417112521827, 0.00459913536906, 0.000827224110253, 2.10577964026e-05, 6.86700900587e-08], "var": [0.0082567371428, 1.73937880993, 20.740650177, 59.2985992432, 229.028366089, 353.610076904, 504.754760742, 535.015014648, 501.825286865, 288.456176758, 4455.07470703, 9535.22851563, 14741.0839844, 4202.92236328, 2512.31689453, 1984.5291748, 1615.55493164, 1681.62133789, 625.313720703, 1292.51611328, 5537.69677734, 2023.85913086, 432.386566162, 272.019592285, 333.003631592, 116.650260925, 76.1147918701, 53.7771644592, 48.6542625427, 25.8950786591, 19.2978858948, 10.8338813782, 5.15410852432, 1.22046875954, 0.239625111222, 0.0314099788666, 0.0031045677606, 0.000369594927179, 8.5343099272e-06, 3.07452765469e-08], "dmean2": [0.0511333569884, 0.852698802948, 3.3896586895, 7.97213363647, 12.453373909, 10.5228900909, 9.91413021088, 10.7979850769, 9.9497795105, 5.79157924652, 15.8199625015, 20.269071579, 13.810842514, 11.1313400269, 8.39772796631, 9.9281539917, 8.85824394226, 8.85398292542, 7.63556718826, 10.3775577545, 16.5770587921, 14.0826911926, 7.59586763382, 5.54733800888, 5.99579811096, 3.85567331314, 2.90418672562, 2.69971013069, 2.85319709778, 1.88599598408, 1.45373833179, 1.13659787178, 0.81585162878, 0.399230003357, 0.169205099344, 0.059776160866, 0.0190873984247, 0.00762853678316, 0.00119676545728, 7.50948020141e-05], "max": [1.5142134428, 19.1125545502, 70.5230255127, 77.2800369263, 183.11555481, 290.542449951, 382.502563477, 511.352203369, 257.657012939, 521.145568848, 1308.30395508, 1782.56445313, 1286.99987793, 934.319274902, 1163.08703613, 755.23614502, 889.782165527, 885.518981934, 427.230224609, 978.652770996, 1260.27722168, 537.299377441, 230.822036743, 166.943740845, 211.329986572, 130.505249023, 128.504699707, 84.5257949829, 118.353378296, 72.5828170776, 81.3033828735, 48.3312530518, 29.1335430145, 16.7416400909, 7.4222869873, 2.69808602333, 0.999998152256, 0.342414438725, 0.0522400997579, 0.00281485752203], "dmean": [0.0295969136059, 0.489854872227, 1.95563328266, 4.46906757355, 7.24262714386, 6.18553209305, 6.06931829453, 6.68300771713, 6.13638210297, 3.81681537628, 10.7132158279, 14.3983449936, 10.290977478, 7.67090129852, 5.71247577667, 6.61015796661, 6.0255022049, 5.87876701355, 5.00158834457, 6.67275047302, 10.7461776733, 8.87795639038, 4.78555965424, 3.47139668465, 3.78186798096, 2.44521641731, 1.90772938728, 1.800765872, 1.8399156332, 1.2505235672, 1.00114202499, 0.77353823185, 0.561377465725, 0.274314463139, 0.11704967171, 0.0421517826617, 0.0133752105758, 0.00493000494316, 0.000758287380449, 4.80550588691e-05]}, "dissonance": {"dvar": 0.000601040082984, "mean": 0.437416344881, "min": 0.166618198156, "median": 0.452569007874, "dvar2": 0.00152765505482, "var": 0.00262277922593, "dmean2": 0.0382516756654, "max": 0.500000059605, "dmean": 0.0234741810709}, "erbbands_flatness_db": {"dvar": 0.000548971875105, "mean": 0.169978156686, "min": 0.0290358159691, "median": 0.164595589042, "dvar2": 0.0010800359305, "var": 0.00408555287868, "dmean2": 0.0267409645021, "max": 0.374518603086, "dmean": 0.0185051597655}, "melbands_kurtosis": {"dvar": 1033.49584961, "mean": 35.5573158264, "min": -1.67664468288, "median": 18.7883396149, "dvar2": 2642.33837891, "var": 2705.64013672, "dmean2": 26.6410369873, "max": 861.989257813, "dmean": 16.3170795441}, "melbands_spread": {"dvar": 136.588943481, "mean": 14.4005804062, "min": 0.341771602631, "median": 7.11491584778, "dvar2": 342.82510376, "var": 444.081665039, "dmean2": 7.26196718216, "max": 235.616210938, "dmean": 4.45526790619}, "melbands_skewness": {"dvar": 1.71763551235, "mean": 3.69702887535, "min": -1.24498772621, "median": 3.19637298584, "dvar2": 4.35717153549, "var": 6.6937918663, "dmean2": 1.53185844421, "max": 27.0094585419, "dmean": 0.958342552185}, "spectral_entropy": {"dvar": 0.11913395673, "mean": 6.92014789581, "min": 4.01130390167, "median": 7.11599445343, "dvar2": 0.246998906136, "var": 1.01249825954, "dmean2": 0.359502285719, "max": 9.82618141174, "dmean": 0.242698922753}, "zerocrossingrate": {"dvar": 0.000239366912865, "mean": 0.0483122691512, "min": 0.00244140625, "median": 0.033203125, "dvar2": 0.000347910885466, "var": 0.00498451944441, "dmean2": 0.0103415558115, "max": 0.599609375, "dmean": 0.00824837666005}, "average_loudness": 0.665398597717, "spectral_contrast_coeffs": {"dvar": [0.00180732039735, 0.00104112178087, 0.000718706112821, 0.000572769669816, 0.000398948643124, 0.000264590751613], "mean": [-0.605605185032, -0.708447754383, -0.769190311432, -0.793073892593, -0.796481847763, -0.798299193382], "min": [-0.974645793438, -0.977956831455, -0.981134772301, -0.975332260132, -0.969367265701, -0.965619206429], "median": [-0.617851495743, -0.706222295761, -0.783607244492, -0.796776235104, -0.797497630119, -0.802670657635], "dvar2": [0.00509887887165, 0.00263736350462, 0.00169330753852, 0.00136610073969, 0.000951611902565, 0.000648408080451], "var": [0.0123225459829, 0.00631454726681, 0.00696722185239, 0.00393219990656, 0.0027956427075, 0.00267365691252], "dmean2": [0.0818106904626, 0.0591837093234, 0.0490600131452, 0.0435146689415, 0.0340560786426, 0.0256622433662], "max": [-0.20786562562, -0.438214480877, -0.466819554567, -0.487238556147, -0.578978896141, -0.635456383228], "dmean": [0.0483444407582, 0.0366704910994, 0.0310492571443, 0.0272023808211, 0.0211943052709, 0.0160844810307]}, "barkbands_flatness_db": {"dvar": 0.000945521809626, "mean": 0.19867362082, "min": 0.0240518823266, "median": 0.181240171194, "dvar2": 0.00216451659799, "var": 0.00945015903562, "dmean2": 0.03968732059, "max": 0.494955897331, "dmean": 0.025663241744}, "silence_rate_30dB": {"dvar": 0, "mean": 1, "min": 1, "median": 1, "dvar2": 0, "var": 0, "dmean2": 0, "max": 1, "dmean": 0}, "spectral_energyband_high": {"dvar": 2.59969993976e-07, "mean": 0.000418888521381, "min": 7.10337715959e-21, "median": 6.51320369798e-05, "dvar2": 5.27956501628e-07, "var": 6.19578145233e-07, "dmean2": 0.000259727792582, "max": 0.00719308154657, "dmean": 0.000186903984286}, "melbands_flatness_db": {"dvar": 0.00149505445734, "mean": 0.2942905128, "min": 0.0026308062952, "median": 0.280812203884, "dvar2": 0.00328964320943, "var": 0.0165796410292, "dmean2": 0.0479394495487, "max": 0.666997790337, "dmean": 0.0312577039003}, "barkbands": {"dvar": [5.9537683228e-08, 2.48212763836e-05, 1.45018175317e-05, 1.02411331682e-05, 2.72168690572e-05, 4.21836284659e-06, 6.24449114639e-07, 1.94855215341e-06, 4.784898465e-06, 1.28727901938e-06, 4.3290111762e-07, 3.66160293197e-07, 4.20137155288e-07, 2.16064293568e-07, 1.3397536236e-07, 3.08759155132e-07, 2.39256820578e-07, 3.06746521517e-08, 3.68897090652e-08, 1.70978413649e-08, 1.28053523341e-08, 1.49204026911e-08, 1.05026272124e-08, 1.20704228834e-08, 4.0602690099e-09, 8.33695001923e-10, 3.10345527055e-10], "mean": [0.000143008583109, 0.00327564403415, 0.00281002302654, 0.00289270025678, 0.00334025686607, 0.00179286766797, 0.000778219138738, 0.000888317590579, 0.00178111181594, 0.000672100810334, 0.000263819616521, 0.000401243451051, 0.000250642071478, 0.000191177226952, 0.000232519887504, 0.000410997017752, 0.000432225846453, 0.000157806134666, 0.000174855013029, 0.000117054943985, 9.70547698671e-05, 9.17969591683e-05, 6.14083910477e-05, 6.24340245849e-05, 3.27715497406e-05, 1.30600228658e-05, 5.7358711274e-06], "min": [6.2415113625e-25, 1.04251360727e-24, 1.05112077e-24, 9.05627307551e-25, 1.1833181791e-23, 1.00572989101e-23, 9.25405785939e-24, 4.74692079893e-24, 2.00586407606e-23, 1.95369070906e-23, 1.3220325062e-23, 2.66330043893e-23, 2.89900355771e-23, 2.00403139441e-23, 4.91928990439e-23, 6.47019233732e-23, 8.01392181582e-23, 7.20802025286e-23, 1.15940528071e-22, 1.89500886093e-22, 2.50852845368e-22, 3.68333696932e-22, 4.22006757938e-22, 5.75548019201e-22, 9.12658601504e-22, 1.27257153013e-21, 1.90514174771e-21], "median": [4.39157774963e-05, 0.00225346162915, 0.00140420719981, 0.00181663059629, 0.00176178035326, 0.000871474971063, 0.000279034487903, 8.93556425581e-05, 0.000125974154798, 3.79688644898e-05, 2.49517379416e-05, 2.27444070333e-05, 1.48739036376e-05, 1.245806925e-05, 1.50599407789e-05, 2.42198348133e-05, 2.46881954808e-05, 1.88104149856e-05, 8.12315738585e-06, 7.64116884966e-06, 1.00984798337e-05, 1.20197746583e-05, 9.12201903702e-06, 1.17888066598e-05, 6.57365126244e-06, 2.01334637495e-06, 6.75954538565e-07], "dvar2": [1.73735656972e-07, 7.25312202121e-05, 4.07702391385e-05, 3.5121676774e-05, 7.44134376873e-05, 1.12856005217e-05, 1.51729625486e-06, 4.31330317952e-06, 9.35261778068e-06, 2.32752813645e-06, 8.56285510054e-07, 8.61073715441e-07, 9.29564805574e-07, 4.92990523071e-07, 3.12061246177e-07, 7.19847662367e-07, 6.12314636328e-07, 7.6178736208e-08, 9.41242319641e-08, 4.04052791225e-08, 2.75638498692e-08, 3.46428272735e-08, 2.2337525607e-08, 2.58973251732e-08, 8.74192540579e-09, 1.77687808911e-09, 7.70093322444e-10], "var": [7.05795670797e-08, 2.43170161411e-05, 1.67783418874e-05, 1.19031001304e-05, 2.81338798231e-05, 7.47330477679e-06, 1.89402294382e-06, 6.54107861919e-06, 2.67955219897e-05, 5.63003550269e-06, 1.90852028936e-06, 1.47305399878e-06, 8.84645828592e-07, 4.19226864778e-07, 3.5858749925e-07, 1.31358194722e-06, 8.23246352866e-07, 8.70997993729e-08, 1.42258798519e-07, 5.50350733874e-08, 3.77700608567e-08, 3.37885985857e-08, 2.31663381811e-08, 2.15128839187e-08, 6.22106277604e-09, 1.24341315022e-09, 3.15689585584e-10], "dmean2": [0.000179258742719, 0.00311760464683, 0.00321139162406, 0.0036366248969, 0.00334935542196, 0.0012630840065, 0.000543887494132, 0.000616428034846, 0.000921122555155, 0.000411410146626, 0.000187877609278, 0.000273317680694, 0.000222096045036, 0.0001721100125, 0.000185768134543, 0.000285603891825, 0.000302403699607, 0.000125151840621, 0.000118892843602, 8.437854558e-05, 6.99736629031e-05, 7.36595247872e-05, 5.00968562847e-05, 5.18704728165e-05, 2.75741585938e-05, 1.19645073937e-05, 7.31659338271e-06], "max": [0.00424448447302, 0.0757339447737, 0.0636833310127, 0.0379534102976, 0.0686921924353, 0.0560682155192, 0.0175296347588, 0.0512530468404, 0.0586017072201, 0.0287251900882, 0.0316646695137, 0.0178387872875, 0.0182580370456, 0.0156806409359, 0.013973495923, 0.0185663290322, 0.0118615077808, 0.00360794248991, 0.00375007512048, 0.00399903673679, 0.00240242038853, 0.00254856073298, 0.00243776058778, 0.00163038657047, 0.00112558365799, 0.000555823964532, 0.000324358348735], "dmean": [0.000102834237623, 0.00179454637691, 0.00185822660569, 0.00204114243388, 0.00198148563504, 0.00078591494821, 0.00034334641532, 0.000409187632613, 0.0006467346102, 0.000287905189907, 0.00012594681175, 0.000179163747816, 0.000149433792103, 0.000112957466627, 0.000120083139336, 0.000182667645277, 0.000189533107914, 7.81740382081e-05, 7.50167309889e-05, 5.36634361197e-05, 4.65022130811e-05, 4.7868295951e-05, 3.45487060258e-05, 3.59993246093e-05, 1.91392100533e-05, 8.43330690259e-06, 4.63978994958e-06]}, "erbbands_spread": {"dvar": 194.141357422, "mean": 38.4286880493, "min": 2.48917388916, "median": 30.8454532623, "dvar2": 414.161315918, "var": 788.051208496, "dmean2": 13.1642484665, "max": 208.431945801, "dmean": 8.793009758}, "barkbands_kurtosis": {"dvar": 260.358917236, "mean": 21.5696334839, "min": -1.96718668938, "median": 9.02482032776, "dvar2": 658.317199707, "var": 1167.62915039, "dmean2": 13.4700555801, "max": 415.963409424, "dmean": 8.24892425537}, "spectral_flux": {"dvar": 0.000628040288575, "mean": 0.0596650205553, "min": 6.41103906074e-11, "median": 0.0516438186169, "dvar2": 0.00138930219691, "var": 0.0022944083903, "dmean2": 0.0281197000295, "max": 0.293975263834, "dmean": 0.0182639006525}, "silence_rate_20dB": {"dvar": 0, "mean": 1, "min": 1, "median": 1, "dvar2": 0, "var": 0, "dmean2": 0, "max": 1, "dmean": 0}, "gfcc": {"cov": [[43474.890625, 435.300933838, -4539.99609375, 2282.1081543, -2557.25878906, 1106.05090332, -647.989929199, 1467.8392334, 319.62701416, 17.4711761475, -7.92764043808, 226.888519287, 605.336181641], [435.300933838, 2454.65209961, 274.87689209, -524.40423584, 384.955322266, -531.566101074, 14.3668823242, -137.549560547, -26.8659629822, -249.043334961, -21.5818004608, -13.9112262726, -92.7253646851], [-4539.99609375, 274.87689209, 1602.91162109, -255.121520996, 352.901885986, -151.73538208, 25.0198707581, -246.422286987, -29.7107772827, -30.1499519348, -24.9976444244, 3.09289979935, -111.312965393], [2282.1081543, -524.40423584, -255.121520996, 677.501159668, -161.947250366, 161.808929443, -100.956039429, 134.112197876, 115.80872345, 80.7363357544, 43.750415802, 29.9607982635, 126.113517761], [-2557.25878906, 384.955322266, 352.901885986, -161.947250366, 536.243713379, -186.694503784, 45.2640151978, -73.7879714966, 21.5238647461, -5.14396858215, 5.40530061722, 26.5161800385, -10.943362236], [1106.05090332, -531.566101074, -151.73538208, 161.808929443, -186.694503784, 356.942901611, 78.8247146606, 77.3044815063, 8.4125585556, 70.8457946777, 34.9131507874, -2.05226016045, 40.3231582642], [-647.989929199, 14.3668823242, 25.0198707581, -100.956039429, 45.2640151978, 78.8247146606, 237.782836914, 29.8545589447, -13.7949085236, 20.9870052338, 27.161397934, 10.6302118301, 2.41425204277], [1467.8392334, -137.549560547, -246.422286987, 134.112197876, -73.7879714966, 77.3044815063, 29.8545589447, 221.116119385, 92.632850647, 28.9842185974, 23.5166168213, 36.6811180115, 72.8879318237], [319.62701416, -26.8659629822, -29.7107772827, 115.80872345, 21.5238647461, 8.4125585556, -13.7949085236, 92.632850647, 147.447296143, 39.1395263672, 10.895772934, 20.0663356781, 56.1238250732], [17.4711761475, -249.043334961, -30.1499519348, 80.7363357544, -5.14396858215, 70.8457946777, 20.9870052338, 28.9842185974, 39.1395263672, 117.698974609, 32.4344825745, 14.9089889526, 31.8755302429], [-7.92764043808, -21.5818004608, -24.9976444244, 43.750415802, 5.40530061722, 34.9131507874, 27.161397934, 23.5166168213, 10.895772934, 32.4344825745, 94.9325027466, 33.3621711731, 13.4742326736], [226.888519287, -13.9112262726, 3.09289979935, 29.9607982635, 26.5161800385, -2.05226016045, 10.6302118301, 36.6811180115, 20.0663356781, 14.9089889526, 33.3621711731, 76.858757019, 34.5365142822], [605.336181641, -92.7253646851, -111.312965393, 126.113517761, -10.943362236, 40.3231582642, 2.41425204277, 72.8879318237, 56.1238250732, 31.8755302429, 13.4742326736, 34.5365142822, 106.100028992]], "mean": [-109.870056152, 107.734283447, -72.331451416, 27.015914917, -46.4042167664, 0.852428913116, -39.0387687683, 1.29736471176, -20.7458667755, -7.75458049774, -19.6380882263, -1.77325665951, -12.4649648666], "icov": [[8.6377003754e-05, -0.000214622690692, 0.000115483184345, -0.000211789301829, 0.000256157363765, -0.000294203811791, 0.000250370270805, -0.000378180906409, 0.0002499379043, -0.00021803251002, 0.000372887123376, -0.000395892275264, 9.96587332338e-05], [-0.000214622690692, 0.00135242077522, -0.000238664957578, 0.000862250570208, -0.000779458205216, 0.00160141568631, -0.000904428074136, 0.00113879819401, -0.00117242475972, 0.00193939206656, -0.00165959529113, 0.00132059236057, -0.000501183618326], [0.000115483184345, -0.000238664957578, 0.00107217230834, -0.000227802971494, -8.29569544294e-05, -0.000498699315358, 0.000182503921678, 0.00055008160416, -0.000372284383047, -0.000118807663966, 0.000721880118363, -0.00118812359869, 0.000854793353938], [-0.000211789301829, 0.000862250570208, -0.000227802971494, 0.00331967533566, -0.000393112626625, 0.000185615732335, 0.000756768800784, 0.00077529088594, -0.0017214869149, 0.000670112436637, -0.0020689482335, 0.00145114876796, -0.00238420278765], [0.000256157363765, -0.000779458205216, -8.29569544294e-05, -0.000393112626625, 0.00377036887221, 0.000496569206007, -0.000148434686707, -0.000408905383665, -6.63656828692e-05, -0.00134244281799, 0.000884404813405, -0.00174638407771, -0.000383423262974], [-0.000294203811791, 0.00160141568631, -0.000498699315358, 0.000185615732335, 0.000496569206007, 0.00697680702433, -0.00311799906194, 0.000733360939194, -0.000334181269864, 0.000164825396496, -0.00264324410819, 0.0029411453288, -0.00119334703777], [0.000250370270805, -0.000904428074136, 0.000182503921678, 0.000756768800784, -0.000148434686707, -0.00311799906194, 0.00694435602054, -0.00274263811298, 0.00196474371478, -0.00158658926375, 6.9444795372e-05, -0.000999474199489, -0.000277240789728], [-0.000378180906409, 0.00113879819401, 0.00055008160416, 0.00077529088594, -0.000408905383665, 0.000733360939194, -0.00274263811298, 0.0112220067531, -0.00643155444413, 