{"tonal": {"chords_number_rate": 0.00111537985504, "thpcp": [1, 0.589946389198, 0.142158970237, 0.112465180457, 0.0861812606454, 0.0933954119682, 0.132025927305, 0.125141382217, 0.311713427305, 0.467260986567, 0.264674216509, 0.183464214206, 0.267907649279, 0.218608930707, 0.531064987183, 0.896306574345, 0.525278925896, 0.123180799186, 0.0758429393172, 0.0673935711384, 0.177531912923, 0.318712055683, 0.28373593092, 0.555286228657, 0.796537697315, 0.407927274704, 0.130825221539, 0.121899098158, 0.12517054379, 0.339291840792, 0.525048732758, 0.33656167984, 0.156995877624, 0.170705974102, 0.223464891315, 0.628617525101], "hpcp": {"dvar": [0.0328261256218, 0.0236379820853, 0.0126131316647, 0.0115913087502, 0.00877058319747, 0.00843455921859, 0.0101860584691, 0.0117143550888, 0.018058842048, 0.0185877140611, 0.0161051508039, 0.0141751989722, 0.0184264648706, 0.0221874956042, 0.0248438641429, 0.0279412139207, 0.0237146075815, 0.0138777494431, 0.00855546630919, 0.00894321314991, 0.0111067928374, 0.0182310342789, 0.0191478915513, 0.0285003464669, 0.0345091409981, 0.023243105039, 0.0178910605609, 0.0182079169899, 0.0201414078474, 0.0285761225969, 0.0303425341845, 0.0232944823802, 0.022052006796, 0.0246090739965, 0.0306202322245, 0.0357027947903], "mean": [0.383607804775, 0.226308047771, 0.0545332878828, 0.0431425198913, 0.0330598056316, 0.0358272083104, 0.0506461784244, 0.0480052120984, 0.119575701654, 0.179244965315, 0.101531095803, 0.0703783035278, 0.10277146101, 0.0838600918651, 0.203720673919, 0.34383019805, 0.201501101255, 0.0472531169653, 0.0290939435363, 0.0258526988328, 0.0681026279926, 0.122260436416, 0.108843319118, 0.213012129068, 0.305558085442, 0.156484082341, 0.0501855760813, 0.0467614457011, 0.0480163991451, 0.13015499711, 0.201412782073, 0.129107683897, 0.0602248460054, 0.0654841437936, 0.0857228785753, 0.241142585874], "min": [0, 0, 0, 0, 0, 0, 0, 0, 0, 0, 0, 0, 0, 0, 0, 0, 0, 0, 0, 0, 0, 0, 0, 0, 0, 0, 0, 0, 0, 0, 0, 0, 0, 0, 0, 0], "median": [0.240114927292, 0.124333523214, 0.00971543882042, 0.00211042980663, 0.00242839776911, 0.0036589812953, 0.0029119795654, 0.00518487626687, 0.0165540352464, 0.0268684569746, 0.0222540218383, 0.00863374769688, 0.0059190960601, 0.00914201512933, 0.070017747581, 0.115001812577, 0.0630806460977, 0.00583528960124, 0.00227127945982, 0.000840633816551, 0.0105511443689, 0.0224840696901, 0.0361334979534, 0.0431075431406, 0.0509486310184, 0.0294271018356, 0.00325632351451, 0.00171284785029, 0.00385105679743, 0.0237799845636, 0.0367334671319, 0.025127004832, 0.00636369828135, 0.0032329284586, 0.00537445256487, 0.121421143413], "dvar2": [0.0728092193604, 0.061782296747, 0.0364117994905, 0.0320609025657, 0.0247608870268, 0.0237625539303, 0.0272883493453, 0.0336249954998, 0.0468548834324, 0.0441087223589, 0.0441801026464, 0.0389188863337, 0.0463537983596, 0.060859259218, 0.0667322352529, 0.0644186884165, 0.065514229238, 0.039055224508, 0.0245633386075, 0.0257192756981, 0.0291372109205, 0.043210003525, 0.0526031590998, 0.0751059576869, 0.0761814117432, 0.0622931756079, 0.0507075972855, 0.0518205240369, 0.0585600547493, 0.0776756182313, 0.071622684598, 0.0610431358218, 0.0621294230223, 0.066152215004, 0.0825978592038, 0.0972275733948], "var": [0.137079536915, 0.0613363683224, 0.0135576743633, 0.0162159185857, 0.0099962670356, 0.0107472147793, 0.0206852536649, 0.0149981500581, 0.0493369549513, 0.0905657038093, 0.0284338966012, 0.0220520254225, 0.0533363744617, 0.0300705432892, 0.0611580573022, 0.157054126263, 0.0608261041343, 0.0165806282312, 0.0113300168887, 0.0114992810413, 0.0215768758208, 0.0520446151495, 0.0330677740276, 0.0799799114466, 0.156894862652, 0.0480580963194, 0.0202678740025, 0.0208248067647, 0.0188469626009, 0.0512669794261, 0.0995905175805, 0.0476387143135, 0.0217921584845, 0.0282062981278, 0.0373058058321, 0.0769212469459], "dmean2": [0.185107633471, 0.174328058958, 0.0849033743143, 0.0544132441282, 0.0467077940702, 0.0480844713748, 0.0575378239155, 0.0720700547099, 0.101077929139, 0.102196656168, 0.107951082289, 0.0925968289375, 0.0928350016475, 0.129520058632, 0.163980290294, 0.146127536893, 0.154699698091, 0.0845522433519, 0.0475140288472, 0.0442956201732, 0.0673946291208, 0.0963697656989, 0.127409532666, 0.173238202929, 0.15576133132, 0.145877450705, 0.0877924785018, 0.0802089944482, 0.095635868609, 0.140122145414, 0.143490061164, 0.124030299485, 0.10686031729, 0.109818726778, 0.142881944776, 0.208141669631], "max": [1, 1, 1, 1, 1, 1, 1, 1, 1, 1, 1, 1, 1, 1, 1, 1, 1, 1, 1, 1, 1, 1, 1, 1, 1, 1, 1, 1, 1, 1, 1, 1, 1, 1, 1, 1], "dmean": [0.117442689836, 0.107168242335, 0.0477632880211, 0.0319218076766, 0.0268701706082, 0.0275721047074, 0.0336810983717, 0.0409958586097, 0.0609930083156, 0.0625333338976, 0.064189478755, 0.0537379458547, 0.0542197190225, 0.0729755237699, 0.0965200662613, 0.0894443541765, 0.0921596512198, 0.0470342896879, 0.026521384716, 0.0244499538094, 0.0410567820072, 0.0597024038434, 0.0747205242515, 0.103565655649, 0.0929421111941, 0.0861136615276, 0.0483004972339, 0.0440644435585, 0.0524676255882, 0.082079924643, 0.0859488025308, 0.0754880160093, 0.0606281869113, 0.0618882328272, 0.0811455175281, 0.123171389103]}, "key_strength": 0.756437897682, "chords_strength": {"dvar": 0.000328807655023, "mean": 0.521037697792, "min": -1, "median": 0.516281723976, "dvar2": 0.000576664402615, "var": 0.0111656840891, "dmean2": 0.00578590482473, "max": 0.757142722607, "dmean": 0.00777331180871}, "tuning_equal_tempered_deviation": 0.0105665745214, "chords_key": "D", "tuning_frequency": 440.508575439, "chords_scale": "minor", "chords_changes_rate": 0.0348246358335, "key_scale": "minor", "tuning_diatonic_strength": 0.471987068653, "hpcp_entropy": {"dvar": 0.18865442276, "mean": 1.61484920979, "min": 0, "median": 1.61297309399, "dvar2": 0.46927395463, "var": 0.59996342659, "dmean2": 0.701512873173, "max": 4.43121337891, "dmean": 0.425798565149}, "chords_histogram": [37.600692749, 18.8994922638, 3.50725007057, 7.15082406998, 0, 1.73503530025, 0.979055643082, 3.13545680046, 0.285041511059, 14.1281452179, 0.0371793285012, 0.0495724380016, 0, 0.532903730869, 0, 0, 0, 0, 0.607262372971, 0, 0.446151942015, 0, 8.21663188934, 2.68930482864], "tuning_nontempered_energy_ratio": 0.603041648865, "key_key": "D"}, "metadata": {"version": {"extractor": "music 1.0", "essentia_build_sha": "70f2e5ece6736b2c40cc944ad0e695b16b925413", "essentia": "2.1-beta2", "essentia_git_sha": "v2.1_beta2"}, "audio_properties": {"sample_rate": 44100, "length": 374.674285889, "lossless": false, "analysis_sample_rate": 44100, "downmix": "mix", "bit_rate": 195161, "equal_loudness": 0, "md5_encoded": "2a0361dac3e8c72ee8e8f4248eee500d", "codec": "mp3", "replay_gain": -10.6175556183}, "tags": {"genre": ["Black Metal"], "albumartist": ["Mustan Kuun Lapset"], "date": ["2007"], "musicbrainz_recordingid": ["0c15fb3d-127b-4905-b1ba-32b2a0d48af6"], "file_name": "318395.mp3", "title": ["Morfiinisiivet"], "tracknumber": ["7"], "album": ["Viimeinen Laulu Kuolemasta"], "artist": ["Mustan Kuun Lapset"]}}, "lowlevel": {"melbands": {"dvar": [9.57715542427e-07, 7.91595084593e-06, 4.29397505286e-06, 1.85807061825e-06, 2.5246671953e-07, 2.6702082323e-07, 8.06549991239e-08, 3.58991130156e-08, 9.94655113828e-09, 1.06116289089e-08, 4.10576506127e-09, 2.0468275963e-08, 1.4088135103e-08, 1.04662172262e-08, 4.51140946822e-09, 4.11902290054e-09, 3.30729554854e-09, 2.38282837906e-09, 1.08996667247e-09, 4.86496842811e-10, 8.05542577087e-11, 8.93262963597e-11, 5.36822079844e-11, 2.74993985916e-11, 8.87131826333e-11, 7.80244965859e-11, 9.62983998098e-11, 4.11601308592e-11, 2.70489533549e-11, 4.29367583155e-11, 1.93738809717e-11, 2.95860731747e-11, 3.38065062055e-11, 3.55211762781e-11, 6.05937452991e-11, 1.97236584704e-11, 8.73443938704e-12, 3.68059142192e-12, 6.01893231436e-12, 4.55194779439e-12], "mean": [0.00117281428538, 0.00295015028678, 0.00263682147488, 0.00157502572984, 0.00101832288783, 0.000924684805796, 0.000507258228026, 0.000203843883355, 0.000112254463602, 0.000108844898932, 7.35515277484e-05, 0.000180560033186, 0.00010969570576, 0.000114531059808, 6.59081488266e-05, 4.48959435744e-05, 2.55900249613e-05, 2.79862124444e-05, 2.35994521063e-05, 1.47054643094e-05, 6.43577186565e-06, 5.55167571292e-06, 4.09378708355e-06, 3.35372919835e-06, 4.98673762195e-06, 4.87764282298e-06, 4.02225077778e-06, 2.10000916923e-06, 1.61389550613e-06, 1.78667528417e-06, 1.31314266127e-06, 1.43235376981e-06, 1.60582010267e-06, 1.29999875753e-06, 1.41848795465e-06, 1.25901351566e-06, 9.83524728326e-07, 6.99498400536e-07, 8.88634588136e-07, 7.24078290659e-07], "min": [2.19463075985e-24, 1.95720926536e-24, 1.46585305104e-24, 3.8395931017e-24, 3.56828648145e-24, 1.556482125e-24, 1.75326032236e-24, 3.3836109881e-24, 1.97472730226e-24, 2.43796614733e-24, 1.71876678764e-24, 2.63887738419e-24, 2.23249785824e-24, 4.39102620154e-24, 2.4434911319e-24, 3.544378474e-24, 5.76172685019e-24, 3.80871511372e-24, 5.56896001053e-24, 5.23757256046e-24, 5.06475246321e-24, 4.62370979744e-24, 3.49997112706e-24, 4.43610368582e-24, 5.42045615626e-24, 5.52568586229e-24, 4.63488440659e-24, 6.09928200926e-24, 5.61703043308e-24, 5.92016364655e-24, 5.52184371525e-24, 5.34218419396e-24, 8.23076800352e-24, 8.18477741274e-24, 7.33959341661e-24, 4.92248218782e-24, 6.40699653243e-24, 6.14375088735e-24, 8.48904185275e-24, 6.66996804835e-24], "median": [5.80384657951e-05, 0.000956415431574, 0.00171519792639, 0.00082308310084, 0.000575901474804, 0.000615784840193, 0.000304983637761, 0.000100742050563, 5.39638676855e-05, 2.98948580166e-05, 2.98497216136e-05, 7.18603332643e-05, 3.55040501745e-05, 4.23487035732e-05, 2.28549251915e-05, 1.25943852254e-05, 7.38732524042e-06, 7.87985027273e-06, 6.28757106824e-06, 3.32848503604e-06, 1.66837241977e-06, 1.08028132217e-06, 5.11945415838e-07, 5.41012127542e-07, 5.5312511904e-07, 5.84231827361e-07, 4.60405345848e-07, 1.54901812266e-07, 7.27817734969e-08, 5.00957177962e-08, 3.07674454803e-08, 3.02577625177e-08, 3.27293285807e-08, 2.1010970741e-08, 1.88128019829e-08, 1.98130667428e-08, 1.50964645229e-08, 1.03012682828e-08, 1.05235038461e-08, 8.53482351459e-09], "dvar2": [2.38946040554e-06, 2.0653811589e-05, 1.19396945593e-05, 4.91970013172e-06, 5.31439923179e-07, 7.86671080277e-07, 1.91002797578e-07, 8.13734502003e-08, 2.22963816299e-08, 2.22792095883e-08, 8.45707681663e-09, 3.90091869917e-08, 2.83300973791e-08, 2.23648921605e-08, 9.23562115673e-09, 8.94843399379e-09, 8.60790816404e-09, 4.78633488399e-09, 2.40487163516e-09, 1.09266962145e-09, 1.61889029959e-10, 1.80480158596e-10, 1.25666310691e-10, 6.86156617635e-11, 2.35019392836e-10, 2.00050448429e-10, 2.54589932469e-10, 1.19059956338e-10, 7.81354217438e-11, 1.23269019991e-10, 5.36359255621e-11, 8.63554366903e-11, 9.38746511081e-11, 1.01264004126e-10, 1.72241124141e-10, 5.31836276407e-11, 2.29238555222e-11, 9.17208930334e-12, 1.37692184043e-11, 1.0499667108e-11], "var": [7.11017901267e-06, 2.24374616664e-05, 9.10900416784e-06, 4.61948320662e-06, 1.82946394034e-06, 1.06246591258e-06, 4.23381521841e-07, 1.34035943233e-07, 3.11045020851e-08, 4.64638674202e-08, 1.59093413998e-08, 9.0649940887e-08, 5.92382711773e-08, 4.25404387272e-08, 2.0610746887e-08, 1.19288037226e-08, 5.53228129974e-09, 5.37089972497e-09, 2.67628230688e-09, 1.27132082639e-09, 2.29333260715e-10, 3.03832570214e-10, 1.76663295104e-10, 7.02230218419e-11, 1.75785885848e-10, 1.56978471888e-10, 1.26104363063e-10, 4.45299387641e-11, 3.80577722114e-11, 5.37849279003e-11, 2.65163342672e-11, 3.21546851645e-11, 3.8803609631e-11, 3.1820903551e-11, 5.38624145285e-11, 2.43701291786e-11, 1.27159576271e-11, 6.38620059612e-12, 1.21232945557e-11, 9.58204088991e-12], "dmean2": [0.00056485296227, 0.00216949917376, 0.00233078608289, 0.00117710162885, 0.000417175964685, 0.000458281254396, 0.000231526079006, 0.000102147481812, 5.72588833165e-05, 5.64570618735e-05, 3.9731949073e-05, 9.22892868402e-05, 6.38178535155e-05, 6.37904522591e-05, 3.93134723708e-05, 3.14891258313e-05, 2.14577139559e-05, 2.27841919695e-05, 1.85859753401e-05, 1.18796679089e-05, 4.71471366836e-06, 4.22305765824e-06, 3.3921692193e-06, 2.78274865195e-06, 4.56028556073e-06, 4.32205342804e-06, 4.25827056461e-06, 2.62146681962e-06, 1.83832662515e-06, 2.22038534048e-06, 1.58593206834e-06, 1.93616324395e-06, 2.08864776141e-06, 1.77356037057e-06, 1.98701900445e-06, 1.63454467383e-06, 1.25009387375e-06, 8.27254439173e-07, 9.95837126538e-07, 8.27901999401e-07], "max": [0.022671725601, 0.0435586348176, 0.0334895290434, 0.0242264121771, 0.0136386342347, 0.0121798496693, 0.00816425960511, 0.00777537515387, 0.00365594308823, 0.00336673646234, 0.00246815104038, 0.00372235639952, 0.00375153101049, 0.00315529340878, 0.0025300825946, 0.00229975441471, 0.00319114490412, 0.00272219209, 0.00097355642356, 0.000755165354349, 0.000255288556218, 0.000347400869941, 0.000293186953058, 0.00015655515017, 0.000240223293076, 0.000215858381125, 0.000270384305622, 0.000169247970916, 0.000116988776426, 0.000149139144924, 0.000102240861452, 0.00010012590792, 0.000162579701282, 0.000158317910973, 0.000288541632472, 0.000114259222755, 7.9809629824e-05, 4.51501982752e-05, 6.37795819785e-05, 7.64770302339e-05], "dmean": [0.000367255095625, 0.00135971279815, 0.00136550469324, 0.000713167712092, 0.000279834493995, 0.000286244467134, 0.000157310249051, 7.09031155566e-05, 4.02527184633e-05, 4.13299167121e-05, 2.88986957457e-05, 6.97371069691e-05, 4.54580913356e-05, 4.43927820015e-05, 2.72636389127e-05, 2.12150207517e-05, 1.37122897286e-05, 1.49736033563e-05, 1.21004641187e-05, 7.6222527241e-06, 3.10003156301e-06, 2.79177197626e-06, 2.15974364437e-06, 1.7461313746e-06, 2.79209734799e-06, 2.68996632258e-06, 2.65984135694e-06, 1.52763016104e-06, 1.07474443212e-06, 1.29014483718e-06, 9.28519511945e-07, 1.10342318749e-06, 1.22277720038e-06, 1.02502008303e-06, 1.13848045658e-06, 9.69662778516e-07, 7.53081451421e-07, 5.10181450863e-07, 6.30488159459e-07, 5.15495230502e-07]}, "spectral_decrease": {"dvar": 1.04839261387e-17, "mean": -9.36750410574e-09, "min": -4.75886388074e-08, "median": -8.94409080132e-09, "dvar2": 2.79810948291e-17, "var": 4.60525361413e-17, "dmean2": 3.87422094406e-09, "max": 6.48018250241e-29, "dmean": 2.3812132266e-09}, "spectral_rolloff": {"dvar": 391414.6875, "mean": 836.043029785, "min": 86.1328125, "median": 452.197265625, "dvar2": 1001234.1875, "var": 1474218.625, "dmean2": 391.732849121, "max": 19164.5507812, "dmean": 225.653152466}, "melbands_crest": {"dvar": 6.94666004181, "mean": 15.6548480988, "min": 1.80477321148, "median": 15.3541889191, "dvar2": 19.028547287, "var": 26.1177635193, "dmean2": 4.61752796173, "max": 35.5537643433, "dmean": 2.76863217354}, "barkbands_skewness": {"dvar": 0.417602181435, "mean": 2.01430511475, "min": -19.9956665039, "median": 1.89074504375, "dvar2": 0.978971123695, "var": 2.0299782753, "dmean2": 0.778347909451, "max": 13.1030330658, "dmean": 0.493312954903}, "spectral_centroid": {"dvar": 59822.578125, "mean": 687.398681641, "min": 143.421691895, "median": 485.678771973, "dvar2": 143370.75, "var": 470836.6875, "dmean2": 195.793762207, "max": 11560.5058594, "dmean": 124.081069946}, "spectral_energyband_middle_low": {"dvar": 7.4339332059e-05, "mean": 0.0206380039454, "min": 1.74573075546e-22, "median": 0.0178685560822, "dvar2": 0.000196724693524, "var": 0.000275630271062, "dmean2": 0.00956447795033, "max": 0.138571754098, "dmean": 0.00582282897085}, "erbbands_crest": {"dvar": 4.19953346252, "mean": 10.5616512299, "min": 2.23309516907, "median": 9.64225196838, "dvar2": 10.3455867767, "var": 19.7610855103, "dmean2": 2.99924778938, "max": 34.8221244812, "dmean": 1.94286751747}, "dynamic_complexity": 5.11513853073, "spectral_energyband_low": {"dvar": 9.47755834204e-05, "mean": 0.0140106175095, "min": 2.50450242317e-23, "median": 0.00683494471014, "dvar2": 0.000255311344517, "var": 0.000335969612934, "dmean2": 0.00958998687565, "max": 0.160263195634, "dmean": 0.00584716768935}, "silence_rate_60dB": {"dvar": 0.00860192254186, "mean": 0.132490545511, "min": 0, "median": 0, "dvar2": 0.0200308486819, "var": 0.114952594042, "dmean2": 0.017353579402, "max": 1, "dmean": 0.00867625139654}, "erbbands_kurtosis": {"dvar": 23.9692268372, "mean": 1.84208965302, "min": -1.819237113, "median": 0.381541728973, "dvar2": 55.8183059692, "var": 42.8468322754, "dmean2": 2.04285025597, "max": 223.907440186, "dmean": 1.29214668274}, "spectral_complexity": {"dvar": 7.09227609634, "mean": 13.374171257, "min": 0, "median": 13, "dvar2": 16.3646202087, "var": 67.3219604492, "dmean2": 2.99882245064, "max": 54, "dmean": 1.8697322607}, "barkbands_crest": {"dvar": 4.23556995392, "mean": 10.7050485611, "min": 2.54507112503, "median": 10.1716775894, "dvar2": 11.8518409729, "var": 14.0931091309, "dmean2": 3.45444202423, "max": 26.8434047699, "dmean": 2.06951665878}, "spectral_energy": {"dvar": 0.000157479866175, "mean": 0.0367860794067, "min": 9.83053994039e-21, "median": 0.0352839007974, "dvar2": 0.000419615127612, "var": 0.000702566758264, "dmean2": 0.0149690294638, "max": 0.186265766621, "dmean": 0.00921687111259}, "spectral_spread": {"dvar": 958860886016, "mean": 3486671.75, "min": 582132.75, "median": 2867706.25, "dvar2": 1996309397500.0, "var": 6469115707390.0, "dmean2": 985446.0625, "max": 43237028, "dmean": 653881.3125}, "spectral_contrast_valleys": {"dvar": [0.123525075614, 0.0801141709089, 0.094891294837, 0.120236292481, 0.169667631388, 0.262800306082], "mean": [-7.95913791656, -7.23827075958, -8.09070110321, -8.82546710968, -9.45090484619, -11.5045404434], "min": [-27.989528656, -27.7573337555, -27.6639137268, -27.4552459717, -27.4435348511, -27.367307663], "median": [-7.69352245331, -6.78469848633, -7.6730837822, -8.46346378326, -9.26790332794, -11.7458353043], "dvar2": [0.296567112207, 0.177925780416, 0.197457551956, 0.248965844512, 0.346226781607, 0.559940874577], "var": [3.58462262154, 2.71154356003, 2.64103889465, 2.74267029762, 3.1266720295, 2.45337820053], "dmean2": [0.626204073429, 0.435689657927, 0.457257658243, 0.451467245817, 0.471648067236, 0.541870236397], "max": [-4.98962450027, -4.82645559311, -4.90140342712, -5.64106845856, -5.57353115082, -7.61446619034], "dmean": [0.387251526117, 0.269843429327, 0.289395660162, 0.28822812438, 0.321047633886, 0.373647093773]}, "spectral_rms": {"dvar": 6.3883879875e-07, "mean": 0.00540601136163, "min": 3.09689687089e-12, "median": 0.00586713897064, "dvar2": 1.625664936e-06, "var": 6.6640886871e-06, "dmean2": 0.00110066623893, "max": 0.0134804565459, "dmean": 0.000684883620124}, "barkbands_spread": {"dvar": 28.3878631592, "mean": 11.2775707245, "min": 0.222275197506, "median": 7.61724424362, "dvar2": 68.6488037109, "var": 141.62336731, "dmean2": 4.57051610947, "max": 128.983947754, "dmean": 2.88422203064}, "pitch_salience": {"dvar": 0.00296865054406, "mean": 0.526191949844, "min": 0.0861347466707, "median": 0.535779833794, "dvar2": 0.00815820414573, "var": 0.0153515283018, "dmean2": 0.0925158560276, "max": 0.923167228699, "dmean": 0.0561644844711}, "erbbands_skewness": {"dvar": 0.167336791754, "mean": 0.653590798378, "min": -11.6490240097, "median": 0.602669835091, "dvar2": 0.379435956478, "var": 1.01316428185, "dmean2": 0.477440267801, "max": 6.37188863754, "dmean": 0.31744787097}, "spectral_energyband_middle_high": {"dvar": 4.25714142693e-06, "mean": 0.00427478831261, "min": 1.24275869685e-21, "median": 0.00244212662801, "dvar2": 8.73225326359e-06, "var": 2.64462341875e-05, "dmean2": 0.00161270180251, "max": 0.0446996465325, "dmean": 0.00115919660311}, "erbbands": {"dvar": [0.00850722566247, 1.7402588129, 47.0918197632, 114.076377869, 546.793823242, 145.591537476, 285.210327148, 628.354919434, 392.201629639, 295.11138916, 165.421905518, 293.363616943, 155.040756226, 1151.97521973, 905.092956543, 1695.33752441, 781.334472656, 878.521484375, 904.065368652, 304.936767578, 78.0751113892, 65.8066253662, 28.0060081482, 107.904335022, 145.110244751, 104.21056366, 89.0391540527, 67.3946075439, 85.7749557495, 106.462051392, 126.886924744, 27.9862155914, 7.79492044449, 6.06996059418, 1.30715191364, 0.1086172387, 0.00416713114828, 0.000108575528429, 1.27719920329e-06, 1.08447040237e-09], "mean": [0.102124467492, 1.38140439987, 6.74485063553, 13.0178136826, 22.9837398529, 18.9588832855, 31.9735031128, 42.2129173279, 35.4135398865, 20.0204143524, 13.7445259094, 19.1326675415, 14.8388500214, 43.4550094604, 33.9588279724, 40.6555099487, 22.7970046997, 15.2120571136, 18.6835269928, 13.501786232, 6.82285118103, 5.12372589111, 3.8941681385, 5.98713064194, 6.40837812424, 3.72014188766, 2.87446713448, 2.47993707657, 2.66572093964, 2.53747296333, 2.38448905945, 1.78591823578, 1.12145507336, 0.903789758682, 0.362938225269, 0.100342281163, 0.0192432012409, 0.00297760753892, 0.000308493763441, 4.95494932693e-05], "min": [1.47986317339e-22, 9.70915966733e-22, 4.23840318068e-21, 5.4610560976e-21, 4.1242763284e-20, 5.19634279194e-20, 1.11995097986e-19, 7.60059429488e-20, 9.52957819089e-20, 3.18370469888e-19, 2.72922737191e-19, 3.98221238796e-19, 4.5487401177e-19, 7.56401662669e-19, 8.92091439774e-19, 1.42885638389e-18, 1.57833433122e-18, 3.3026858929e-18, 2.59956562182e-18, 4.21530082104e-18, 5.59240185817e-18, 5.57114207565e-18, 6.28651268481e-18, 7.43388374554e-18, 9.2000698633e-18, 9.03646015558e-18, 1.05722417312e-17, 9.81011721942e-18, 1.33347966752e-17, 1.62545523316e-17, 1.22631428326e-17, 1.28555290555e-17, 1.02067900278e-17, 9.38807478164e-18, 5.59559684328e-18, 4.38689034013e-18, 2.63466599714e-18, 1.07701986662e-18, 2.76902845955e-19, 2.8498866569e-20], "median": [0.00278995139524, 0.16849398613, 2.36663246155, 8.56065940857, 10.6677341461, 11.4596605301, 15.562330246, 25.8614406586, 21.9065322876, 10.6340045929, 7.25000858307, 5.62396001816, 6.42898750305, 18.0348644257, 13.7838163376, 15.0239057541, 7.60142469406, 5.08302259445, 5.68409490585, 3.77506136894, 1.84807801247, 1.00374686718, 0.65945571661, 0.786726117134, 0.818187355995, 0.349997550249, 0.133337929845, 0.0712634921074, 0.0631205737591, 0.0492314584553, 0.0379292182624, 0.0290574245155, 0.016486518085, 0.011448610574, 0.00407805806026, 0.00142034655437, 0.00047069939319, 0.000101929879747, 2.21821628656e-05, 4.158743468e-05], "dvar2": [0.0200038272887, 4.53667545319, 122.864837646, 328.396057129, 1379.61425781, 390.099700928, 577.930969238, 1870.02404785, 954.622192383, 658.625854492, 369.546173096, 607.541809082, 320.458251953, 2219.65820312, 1790.06286621, 3688.56298828, 1542.47570801, 2265.43432617, 1748.77233887, 698.51550293, 161.126098633, 138.84161377, 64.1195449829, 284.181365967, 373.409118652, 298.605712891, 257.099151611, 189.530899048, 245.190841675, 300.72442627, 360.407714844, 73.4085006714, 18.5866222382, 13.6871614456, 3.22167730331, 0.268759489059, 0.0100242067128, 0.0002588024945, 2.97658152704e-06, 2.59074761644e-09], "var": [0.0676077380776, 7.23094177246, 121.226158142, 206.691375732, 1152.11425781, 605.701171875, 2152.27197266, 2482.33203125, 1964.08251953, 1215.56567383, 468.700134277, 1376.62768555, 600.83026123, 4994.70947266, 3907.25317383, 6990.44433594, 3168.6628418, 1567.94470215, 2168.20458984, 842.956237793, 237.592666626, 242.00138855, 103.921554565, 230.653686523, 265.001922607, 114.952781677, 124.851837158, 91.0936050415, 103.175674438, 105.854293823, 120.898513794, 42.117389679, 15.7850761414, 13.3812084198, 2.47739338875, 0.195489600301, 0.00781949795783, 0.000201308866963, 2.41994712269e-06, 2.92260260437e-09], "dmean2": [0.0417155250907, 0.864051103592, 5.31483268738, 12.5729236603, 19.8762283325, 11.1051225662, 13.0575561523, 21.3282089233, 16.3349342346, 9.66389369965, 7.04904651642, 9.54595184326, 7.61051893234, 21.9183654785, 17.7955818176, 23.3793468475, 14.0570335388, 11.249584198, 14.2323637009, 10.168721199, 4.68132638931, 3.66221404076, 2.7809112072, 5.06865644455, 5.65000867844, 4.14993572235, 3.17459988594, 2.92397713661, 3.37301588058, 3.264929533, 3.14993071556, 2.18595600128, 1.22861027718, 0.989404201508, 0.398892998695, 0.113369531929, 0.0210951119661, 0.0033193253912, 0.000343492458342, 2.30807545449e-05], "max": [2.61312508583, 22.9599723816, 104.32195282, 128.436141968, 398.451019287, 368.993682861, 499.533325195, 602.920532227, 545.548339844, 826.060058594, 437.797119141, 540.936645508, 493.860443115, 945.141174316, 881.859558105, 1232.6784668, 1389.01940918, 1638.5222168, 1783.65698242, 757.013000488, 299.595001221, 271.389312744, 238.566192627, 265.462799072, 319.960388184, 292.247680664, 221.72277832, 186.950241089, 175.638168335, 244.668670654, 394.992401123, 118.453041077, 51.043674469, 79.849029541, 36.6832427979, 10.9300012589, 2.65687894821, 0.382716566324, 0.0398307293653, 0.00106068968307], "dmean": [0.0271588843316, 0.559266746044, 3.30948281288, 7.23231744766, 11.9546165466, 6.90120172501, 8.89416599274, 13.2751979828, 10.9761247635, 6.69179821014, 4.93105697632, 7.01702260971, 5.54494476318, 16.5149459839, 12.6700668335, 16.1741123199, 9.61275863647, 7.30313491821, 9.46095466614, 6.56014060974, 3.07768201828, 2.42461705208, 1.80506563187, 3.13722157478, 3.57212758064, 2.49100327492, 1.85215115547, 1.71690690517, 1.954246521, 1.90251433849, 1.82470738888, 1.31812417507, 0.772914707661, 0.621385753155, 0.24665081501, 0.0707573667169, 0.013221190311, 0.00211411411874, 0.000217616383452, 1.45382809933e-05]}, "dissonance": {"dvar": 0.000751345825847, "mean": 0.425114929676, "min": 0.120811469853, "median": 0.438369691372, "dvar2": 0.00203826255165, "var": 0.00297715771012, "dmean2": 0.0438075102866, "max": 0.5, "dmean": 0.0262662731111}, "erbbands_flatness_db": {"dvar": 0.000582176551688, "mean": 0.218630611897, "min": 0.0377981252968, "median": 0.217838823795, "dvar2": 0.00120983377565, "var": 0.00493238121271, "dmean2": 0.0274689272046, "max": 0.499652504921, "dmean": 0.0193023178726}, "melbands_kurtosis": {"dvar": 111.167938232, "mean": 14.5667896271, "min": -1.80634617805, "median": 9.50125694275, "dvar2": 281.304199219, "var": 330.741424561, "dmean2": 9.41182613373, "max": 382.124481201, "dmean": 5.91162633896}, "melbands_spread": {"dvar": 39.9849624634, "mean": 11.8948583603, "min": 0.370128929615, "median": 8.12376403809, "dvar2": 102.194763184, "var": 177.807037354, "dmean2": 5.00296592712, "max": 159.693618774, "dmean": 3.15360951424}, "melbands_skewness": {"dvar": 0.428210556507, "mean": 2.62036752701, "min": -11.1687307358, "median": 2.45618748665, "dvar2": 1.01974403858, "var": 2.1045987606, "dmean2": 0.886182546616, "max": 15.7094898224, "dmean": 0.563847362995}, "spectral_entropy": {"dvar": 0.0829837247729, "mean": 6.54413604736, "min": 3.64757514, "median": 6.51157855988, "dvar2": 0.183688014746, "var": 0.779079675674, "dmean2": 0.325117766857, "max": 9.81745243073, "dmean": 0.214641824365}, "zerocrossingrate": {"dvar": 6.97142750141e-05, "mean": 0.0369546636939, "min": 0.00439453125, "median": 0.0244140625, "dvar2": 9.024211613e-05, "var": 0.00167330238037, "dmean2": 0.00714352307841, "max": 0.5224609375, "dmean": 0.00576683878899}, "average_loudness": 0.797066390514, "spectral_contrast_coeffs": {"dvar": [0.00132127781399, 0.0009455573163, 0.000727164850105, 0.000609233276919, 0.000505090458319, 0.000405530416174], "mean": [-0.535665869713, -0.654540777206, -0.714220046997, -0.745721280575, -0.777923762798, -0.82062125206], "min": [-0.968401968479, -0.972696363926, -0.973888754845, -0.968941986561, -0.966765582561, -0.963147580624], "median": [-0.533514380455, -0.64883428812, -0.713296175003, -0.746015667915, -0.777008354664, -0.822744488716], "dvar2": [0.00359186623245, 0.00243520271033, 0.00166674843058, 0.00134800211526, 0.00103342952207, 0.000807103875559], "var": [0.0135389789939, 0.00750052509829, 0.0074766157195, 0.00564117077738, 0.00400556996465, 0.00336304376833], "dmean2": [0.0721300169826, 0.0546386875212, 0.0472190752625, 0.0420402958989, 0.0354200676084, 0.0279300976545], "max": [-0.194443657994, -0.363488554955, -0.435572206974, -0.451152145863, -0.537836849689, -0.539914429188], "dmean": [0.043577156961, 0.0335025824606, 0.0304156709462, 0.0267618168145, 0.0229963287711, 0.0192852783948]}, "barkbands_flatness_db": {"dvar": 0.000780675734859, "mean": 0.23164281249, "min": 0.0219450350851, "median": 0.232251942158, "dvar2": 0.00164962187409, "var": 0.00766636896878, "dmean2": 0.0368387922645, "max": 0.522235691547, "dmean": 0.0244373828173}, "silence_rate_30dB": {"dvar": 0.00969368871301, "mean": 0.9927495718, "min": 0, "median": 1, "dvar2": 0.0251585934311, "var": 0.00719836773351, "dmean2": 0.0195847544819, "max": 1, "dmean": 0.00979177001864}, "spectral_energyband_high": {"dvar": 1.05045864984e-06, "mean": 0.000412551395129, "min": 7.16808384768e-21, "median": 1.45015255839e-05, "dvar2": 2.80776339423e-06, "var": 1.70818691458e-06, "dmean2": 0.000413083616877, "max": 0.0215814709663, "dmean": 0.000251576915616}, "melbands_flatness_db": {"dvar": 0.00116389163304, "mean": 0.320122718811, "min": 0.00485909776762, "median": 0.320925027132, "dvar2": 0.00243974593468, "var": 0.0119593506679, "dmean2": 0.0443279445171, "max": 0.613151013851, "dmean": 0.0297102946788}, "barkbands": {"dvar": [1.3661443532e-08, 2.14092033275e-05, 4.71253770229e-05, 2.79247233266e-05, 2.6923364203e-05, 6.14499822404e-06, 1.4681797893e-06, 6.27028498457e-07, 3.56656983058e-07, 6.74932721267e-07, 8.18808814529e-07, 7.93297431301e-07, 3.94122793068e-07, 2.97257173543e-07, 2.96662619803e-07, 5.31117194669e-08, 2.45770745977e-08, 1.05439772469e-08, 5.35311173167e-08, 4.41140564078e-08, 5.14963964804e-08, 6.89483599103e-08, 1.3047599623e-07, 3.43609052322e-08, 3.40354340267e-08, 2.15445039586e-09, 3.91557862522e-11], "mean": [4.89914491482e-05, 0.00510288216174, 0.00637890258804, 0.00540136825293, 0.00677333958447, 0.00494105508551, 0.00194940064102, 0.000778033747338, 0.000663715763949, 0.00106073147617, 0.000781256414484, 0.000935414631385, 0.000445339304861, 0.000250202603638, 0.000368764012819, 0.000143949670019, 0.000102709425846, 6.5140069637e-05, 0.000134063753649, 8.05361196399e-05, 6.69341316097e-05, 7.74811342126e-05, 7.94938823674e-05, 7.42771662772e-05, 6.66379128234e-05, 1.39843705256e-05, 1.54816189024e-06], "min": [2.94528732864e-24, 5.10587223233e-24, 2.56006820761e-24, 1.33537466846e-24, 1.73254885818e-23, 1.14737554634e-23, 1.46792467867e-23, 1.10804286272e-23, 1.79712611629e-23, 1.21808848568e-23, 1.59255507759e-23, 3.16815564106e-23, 3.74682298036e-23, 5.14804505187e-23, 6.61876640021e-23, 7.11902348989e-23, 9.05150867119e-23, 1.05329793538e-22, 1.44981830141e-22, 1.81901277811e-22, 3.34618059522e-22, 3.79380501152e-22, 3.75084200579e-22, 5.66476345983e-22, 8.98685893254e-22, 1.48215720614e-21, 1.98572279108e-21], "median": [3.4946259575e-07, 0.000396700575948, 0.00255317706615, 0.00248280214146, 0.0042336601764, 0.00335759762675, 0.0010933765443, 0.000325846136548, 0.000183877185918, 0.000439277675468, 0.000168922240846, 0.000333642965415, 0.00011930391338, 6.56496486044e-05, 0.000104536302388, 3.26730078086e-05, 2.00904942176e-05, 1.03000957097e-05, 1.68241695064e-05, 7.73009469413e-06, 2.23783240472e-06, 1.85573458111e-06, 1.2784687442e-06, 1.15306113457e-06, 8.03935392923e-07, 2.6743848025e-07, 2.94752542374e-08], "dvar2": [3.5261106035e-08, 5.50007571292e-05, 0.000129511376144, 7.9886711319e-05, 7.07648359821e-05, 1.72660002136e-05, 3.55138581654e-06, 1.43438501254e-06, 7.34314824058e-07, 1.28276349187e-06, 1.63512072504e-06, 1.74988633717e-06, 8.2075928276e-07, 7.5497285934e-07, 5.95034123307e-07, 1.16190321364e-07, 5.28419477064e-08, 2.56939074461e-08, 1.39753623785e-07, 1.2352465717e-07, 1.47256443483e-07, 1.93425506723e-07, 3.71394321519e-07, 8.52191348599e-08, 7.83047653385e-08, 5.29950838768e-09, 9.17772940978e-11], "var": [2.63377444298e-08, 0.000111744127935, 9.94146248559e-05, 6.03052176302e-05, 6.78967116983e-05, 2.78299939964e-05, 7.3068790698e-06, 1.84005250503e-06, 1.71677629623e-06, 3.1317435969e-06, 3.21567267747e-06, 3.13406803798e-06, 1.36197036227e-06, 5.25649682004e-07, 7.33262425001e-07, 1.32485510562e-07, 8.75145360624e-08, 2.87852852665e-08, 1.12363522931e-07, 5.18833651597e-08, 6.92301327376e-08, 8.43947134399e-08, 1.2429845242e-07, 6.31453147548e-08, 7.38302574632e-08, 3.94784205326e-09, 7.03879246555e-11], "dmean2": [4.03806843678e-05, 0.00292469724081, 0.00557786505669, 0.00539714749902, 0.00457010092214, 0.0022164832335, 0.000980608281679, 0.000427448831033, 0.000342844519764, 0.000542858440895, 0.000484369607875, 0.000540895911399, 0.00030846244772, 0.000214308034629, 0.000285621121293, 0.000116169474495, 7.78219255153e-05, 5.30022189196e-05, 0.000114474787551, 8.93525866559e-05, 7.85941592767e-05, 9.62116537266e-05, 0.000104171296698, 8.3265498688e-05, 7.16364156688e-05, 1.56349578901e-05, 1.85586054613e-06], "max": [0.00449236109853, 0.0871913582087, 0.109720602632, 0.087025821209, 0.0841100737453, 0.0568213164806, 0.0347747392952, 0.0234346557409, 0.0178993251175, 0.0222755242139, 0.0261212233454, 0.0251526664943, 0.0272373370826, 0.0284009389579, 0.0286851469427, 0.0082956533879, 0.00518334005028, 0.00349901686423, 0.00552963325754, 0.00579082174227, 0.0046949731186, 0.00542754260823, 0.0129384528846, 0.0038936464116, 0.00484523456544, 0.0016086678952, 0.000203602437978], "dmean": [2.43265985773e-05, 0.00190262089018, 0.00338189024478, 0.00312038790435, 0.00279071321711, 0.00141297164373, 0.000662712031044, 0.000297915830743, 0.000248804921284, 0.000410979031585, 0.00034437616705, 0.000373707764084, 0.000209322592127, 0.000137049617479, 0.000188341888133, 7.46470541344e-05, 5.06495234731e-05, 3.3416577935e-05, 7.12250111974e-05, 5.41425724805e-05, 4.58689028164e-05, 5.59623840672e-05, 6.04798551649e-05, 5.1754865126e-05, 4.49853105238e-05, 9.77069612418e-06, 1.17161630442e-06]}, "erbbands_spread": {"dvar": 72.1028442383, "mean": 26.3465576172, "min": 0.300285041332, "median": 21.6608772278, "dvar2": 159.364242554, "var": 313.037231445, "dmean2": 8.23556900024, "max": 155.880630493, "dmean": 5.38816690445}, "barkbands_kurtosis": {"dvar": 147.189041138, "mean": 9.54613399506, "min": -1.8923176527, "median": 4.97452068329, "dvar2": 356.525054932, "var": 351.170928955, "dmean2": 6.69357919693, "max": 512.570800781, "dmean": 4.19101524353}, "spectral_flux": {"dvar": 0.000648808607366, "mean": 0.0629763826728, "min": 6.33242416836e-11, "median": 0.0569958873093, "dvar2": 0.00155775842723, "var": 0.0020962622948, "dmean2": 0.0337610840797, "max": 0.326212704182, "dmean": 0.0211487300694}, "silence_rate_20dB": {"dvar": 0, "mean": 1, "min": 1, "median": 1, "dvar2": 0, "var": 0, "dmean2": 0, "max": 1, "dmean": 0}, "gfcc": {"cov": [[23424.09375, 1609.20361328, -2613.3059082, 1862.1072998, -765.774475098, 457.259979248, -109.758804321, 353.587463379, 63.4767837524, -217.018493652, 196.295501709, -195.470993042, 278.278289795], [1609.20361328, 3058.56030273, 138.299362183, -710.251220703, 479.790039062, -350.939117432, 114.699707031, -165.290908813, 62.0102348328, -226.35899353, 128.897338867, -152.335250854, 111.051635742], [-2613.3059082, 138.299362183, 1345.16455078, -224.635971069, -10.6762332916, 71.6634979248, -43.8419837952, -18.0270824432, -41.0732879639, 20.7987270355, -38.064655304, 21.185842514, -62.9686927795], [1862.1072998, -710.251220703, -224.635971069, 914.906494141, -121.252113342, 213.278518677, 158.0390625, 144.420181274, 113.823165894, 71.0734176636, 57.6895637512, 20.7374610901, 42.0093803406], [-765.774475098, 479.790039062, -10.6762332916, -121.252113342, 405.829437256, -51.2038040161, 70.0405883789, 10.2466650009, 51.5551834106, -2.97086977959, 51.4869155884, -12.727440834, 31.6582202911], [457.259979248, -350.939117432, 71.6634979248, 213.278518677, -51.2038040161, 319.660430908, 96.2428207397, 102.383964539, 81.4391326904, 59.0616950989, 5.68706846237, 32.1548957825, 15.458697319], [-109.758804321, 114.699707031, -43.8419837952, 158.0390625, 70.0405883789, 96.2428207397, 327.74911499, 80.1054229736, 96.7437210083, 24.5100193024, 35.4259185791, 10.8279342651, 39.2819366455], [353.587463379, -165.290908813, -18.0270824432, 144.420181274, 10.2466650009, 102.383964539, 80.1054229736, 179.877319336, 53.9215888977, 28.6441574097, 21.876121521, 11.7082929611, 17.2005748749], [63.4767837524, 62.0102348328, -41.0732879639, 113.823165894, 51.5551834106, 81.4391326904, 96.7437210083, 53.9215888977, 159.054168701, 31.2378845215, 19.5954551697, 17.1424636841, 25.2411174774], [-217.018493652, -226.35899353, 20.7987270355, 71.0734176636, -2.97086977959, 59.0616950989, 24.5100193024, 28.6441574097, 31.2378845215, 117.884864807, 15.1725606918, 6.67152881622, -2.67192792892], [196.295501709, 128.897338867, -38.064655304, 57.6895637512, 51.4869155884, 5.68706846237, 35.4259185791, 21.876121521, 19.5954551697, 15.1725606918, 92.6782073975, 0.926231622696, 1.8451757431], [-195.470993042, -152.335250854, 21.185842514, 20.7374610901, -12.727440834, 32.1548957825, 10.8279342651, 11.7082929611, 17.1424636841, 6.67152881622, 0.926231622696, 82.9568481445, 8.19139003754], [278.278289795, 111.051635742, -62.9686927795, 42.0093803406, 31.6582202911, 15.458697319, 39.2819366455, 17.2005748749, 25.2411174774, -2.67192792892, 1.8451757431, 8.19139003754, 91.7346115112]], "mean": [-85.5391159058, 141.282699585, -91.1804733276, -0.691105246544, -51.3674621582, 7.31306695938, -44.761516571, -8.25260543823, -34.7054481506, -6.44991970062, -10.3235683441, -6.32813072205, -11.7967004776], "icov": [[0.000222304748604, -0.000608544913121, 0.0004913766752, -0.000698837102391, 0.000570404343307, -0.000665288476739, 0.000629560032394, -0.000556120474357, 0.000726860540453, -0.000305493216729, 0.000521225912962, -0.000362112361472, 0.000282549473923], [-0.000608544913121, 0.00267179263756, -0.00156544719357, 0.00261046062224, -0.00189331942238, 0.00230112136342, -0.00215668440796, 0.00210252287798, -0.00308468821459, 0.00247664516792, -0.00319427927025, 0.00270516378805, -0.0021198738832], [0.0004913766752, -0.00156544719357, 0.00198195478879, -0.00145209534094, 0.00127734278794, -0.00197275029495, 0.00147685653064, -0.00133340095636, 0.00205690297298, -0.00119879562408, 0.00176290946547, -0.00139318790752, 0.00142722157761], [-0.000698837102391, 0.00261046062224, -0.00145209534094, 0.00436212029308, -0.00131526449695, 0.00183408753946, -0.00260010012425, 0.00158868101425, -0.0035087747965, 0.00177812494803, -0.00375523418188, 0.00247126608156, -0.00220213248394], [0.000570404343307, -0.00189331942238, 0.00127734278794, -0.00131526449695, 0.00490947207436, -0.00122184120119, 0.00122353655752, -0.00187042215839, 0.00102911947761, -0.00131129473448, 9.33350602281e-05, -0.00092090544058, 0.000138169896672], [-0.000665288476739, 0.00230112136342, -0.00197275029495, 0.00183408753946, -0.00122184120119, 0.00727860536426, -0.00261746183969, 0.000284401961835, -0.00399865303189, 0.000430415879237, -0.00177979492582, 0.000969274085946, -0.00163692678325], [0.000629560032394, -0.00215668440796, 0.00147685653064, -0.00260010012425, 0.00122353655752, -0.00261746183969, 0.00621719099581, -0.00256156479008, 0.00102425785735, -0.00137850746978, 0.00161491835024, -0.00162325857673, 0.000532837642822], [-0.000556120474357, 0.00210252287798, -0.00133340095636, 0.00158868101425, -0.00187042215839, 0.000284401961835, -0.00256156479008, 0.0093746362254, -0.00305338972248, 0.00141500856262, -0.00306376442313, 0.00183560478035, -0.00178529904224], [0.000726860540453, -0.00308468821459, 0.00205690297298, -0.0035087747965, 0.00102911947761, -0.00399865303189, 0.00102425785735, -0.00305338972248, 0.0128600345924, -0.00388747407123, 0.0037085050717, -0.00414346065372, 0.00164431275334], [-0.000305493216729, 0.00247664516792, -0.00119879562408, 0.00177812494803, -0.00131129473448, 0.000430415879237, -0.00137850746978, 0.00141500856262, -0.00388747407123, 0.012930739671, -0.00479462416843, 0.00329216406681, -0.00175487855449], [0.000521225912962, -0.00319427927025, 0.00176290946547, -0.00375523418188, 9.33350602281e-05, -0.00177979492582, 0.00161491835024, -0.00306376442313, 0.0037085050717, -0.00479462416843, 0.0173121597618, -0.00421538250521, 0.004