{"tonal": {"chords_number_rate": 0.00172684458084, "thpcp": [1, 0.562639534473, 0.127233177423, 0.122853636742, 0.11104503274, 0.104719884694, 0.125675678253, 0.152099639177, 0.170500144362, 0.176902472973, 0.202298238873, 0.217033475637, 0.191297799349, 0.154521718621, 0.11252771318, 0.091170988977, 0.101138241589, 0.120667517185, 0.129083305597, 0.125309288502, 0.137406170368, 0.153950303793, 0.144138798118, 0.148105055094, 0.251884490252, 0.368556290865, 0.294169664383, 0.163348555565, 0.121595554054, 0.0979160368443, 0.0789523497224, 0.0697686299682, 0.0716056674719, 0.0770341455936, 0.0817140117288, 0.545671105385], "hpcp": {"dvar": [0.0448391661048, 0.0400762222707, 0.0355790406466, 0.0274313110858, 0.0242386516184, 0.0237080901861, 0.0246710348874, 0.0276981815696, 0.0360969379544, 0.0403876826167, 0.0413412861526, 0.043054625392, 0.0453291684389, 0.0412117019296, 0.0412144772708, 0.036816842854, 0.0308131836355, 0.0259608607739, 0.0200505070388, 0.0160555671901, 0.0146122444421, 0.0156875066459, 0.0123029416427, 0.0281175114214, 0.084274277091, 0.0312654599547, 0.0213681906462, 0.0222904123366, 0.0214903410524, 0.0242446903139, 0.0314904972911, 0.0385982245207, 0.0422117561102, 0.0417851284146, 0.043279889971, 0.0436656698585], "mean": [0.119747690856, 0.0967267751694, 0.0704395622015, 0.0570707842708, 0.0633100345731, 0.0755348801613, 0.0808029547334, 0.0784405171871, 0.0860128626227, 0.0963690802455, 0.0902273207903, 0.0927101001143, 0.157673463225, 0.230707108974, 0.184142932296, 0.102252155542, 0.076115809381, 0.0612930171192, 0.0494222156703, 0.0436734370887, 0.0448233745992, 0.0482214689255, 0.0511509478092, 0.341576606035, 0.625975251198, 0.352198421955, 0.0796448215842, 0.0769033357501, 0.0695114433765, 0.0655520558357, 0.0786698684096, 0.0952106118202, 0.106728874147, 0.110736571252, 0.126633688807, 0.135857582092], "min": [0, 0, 0, 0, 0, 0, 0, 0, 0, 0, 0, 0, 0, 0, 0, 0, 0, 0, 0, 0, 0, 0, 0, 0, 0, 0, 0, 0, 0, 0, 0, 0, 0, 0, 0, 0], "median": [0.0395179390907, 0.0294800288975, 0.0199611447752, 0.0158716142178, 0.017435465008, 0.0214801579714, 0.0265302564949, 0.0256795994937, 0.0245053824037, 0.0243478193879, 0.0212459433824, 0.0235335081816, 0.0544301308692, 0.0742437541485, 0.0637513548136, 0.0347662940621, 0.0225909911096, 0.0168628934771, 0.0139342276379, 0.0141627509147, 0.0154457986355, 0.016372282058, 0.0180571582168, 0.487911820412, 1, 0.488178491592, 0.0315923318267, 0.0280496571213, 0.0224298611283, 0.0184369944036, 0.0200746878982, 0.0248072519898, 0.0265410207212, 0.0322570241988, 0.0396926961839, 0.0414047464728], "dvar2": [0.127919763327, 0.115576416254, 0.104925066233, 0.0802465006709, 0.0695583447814, 0.0668015033007, 0.0710879266262, 0.0800627544522, 0.107815816998, 0.118188947439, 0.121394403279, 0.126779764891, 0.12915956974, 0.110003650188, 0.115004517138, 0.107049107552, 0.0907554998994, 0.0746874809265, 0.0574252791703, 0.0458699464798, 0.0420742928982, 0.0449478030205, 0.0345551222563, 0.0731930434704, 0.209226772189, 0.0812367871404, 0.061533998698, 0.0634052753448, 0.0613768845797, 0.0685513243079, 0.0878708735108, 0.109912060201, 0.121252290905, 0.117866449058, 0.120660804212, 0.120610922575], "var": [0.0419635251164, 0.0340255051851, 0.0254496410489, 0.019541490823, 0.0229938030243, 0.026208948344, 0.0243783164769, 0.0244452934712, 0.0296251084656, 0.0349894687533, 0.0331429950893, 0.0328139066696, 0.0516758747399, 0.0984987542033, 0.0646892413497, 0.0315224565566, 0.0235556233674, 0.0191182997078, 0.0139974616468, 0.0110780950636, 0.0105633055791, 0.0121043035761, 0.0104168988764, 0.0524761416018, 0.184637501836, 0.0561453923583, 0.0193406995386, 0.0199915952981, 0.0182394124568, 0.0199093483388, 0.0262502674013, 0.0340879820287, 0.0417132042348, 0.0388488173485, 0.0462225936353, 0.0519525259733], "dmean2": [0.218490019441, 0.183336302638, 0.15015514195, 0.118777833879, 0.111958250403, 0.121859930456, 0.136046215892, 0.142368003726, 0.172030285001, 0.194175228477, 0.198664367199, 0.217591360211, 0.267756938934, 0.240328073502, 0.248705118895, 0.205154746771, 0.160177573562, 0.131245523691, 0.106414891779, 0.0902529209852, 0.0881203785539, 0.0893085822463, 0.0874067619443, 0.194097399712, 0.306460678577, 0.212290257215, 0.137446597219, 0.137397617102, 0.127144083381, 0.127919510007, 0.155778899789, 0.184703677893, 0.19802223146, 0.213942557573, 0.215592101216, 0.215195327997], "max": [1, 1, 1, 1, 1, 1, 1, 1, 1, 1, 1, 1, 1, 1, 1, 1, 1, 1, 1, 1, 1, 1, 1, 1, 1, 1, 1, 1, 1, 1, 1, 1, 1, 1, 1, 1], "dmean": [0.120531909168, 0.100150890648, 0.0812133103609, 0.0647043809295, 0.0617654062808, 0.0682703778148, 0.0763742178679, 0.0795138552785, 0.094340659678, 0.106701478362, 0.108598105609, 0.117752209306, 0.149679616094, 0.13684026897, 0.141045153141, 0.112663455307, 0.0871088281274, 0.0714816227555, 0.0579876378179, 0.0492799393833, 0.0482470914721, 0.0495262518525, 0.0493505075574, 0.108902424574, 0.16726373136, 0.120097272098, 0.0773876681924, 0.0769612565637, 0.070762552321, 0.0702218264341, 0.0858629494905, 0.101446986198, 0.109396800399, 0.118205741048, 0.120043873787, 0.121638149023]}, "key_strength": 0.526701629162, "chords_strength": {"dvar": 5.76194252062e-05, "mean": 0.457352012396, "min": 0.193033307791, "median": 0.455146163702, "dvar2": 9.07570283744e-05, "var": 0.00637819198892, "dmean2": 0.0106674991548, "max": 0.750001192093, "dmean": 0.00869432557374}, "tuning_equal_tempered_deviation": 0.176939859986, "chords_key": "D", "tuning_frequency": 434.193115234, "chords_scale": "minor", "chords_changes_rate": 0.0805337503552, "key_scale": "minor", "tuning_diatonic_strength": 0.373996675014, "hpcp_entropy": {"dvar": 0.301243543625, "mean": 2.67024326324, "min": 0, "median": 2.7234082222, "dvar2": 0.840277910233, "var": 0.649534344673, "dmean2": 1.17620885372, "max": 4.70433187485, "dmean": 0.692381560802}, "chords_histogram": [16.6248035431, 11.6483516693, 5.2590265274, 0, 0, 0, 0.596546292305, 9.1365776062, 28.6342220306, 10.8163261414, 0, 1.5541601181, 1.64835166931, 0.282574564219, 0.125588700175, 0.879120886326, 8.08477210999, 2.87284135818, 1.83673465252, 0, 0, 0, 0, 0], "tuning_nontempered_energy_ratio": 0.786211788654, "key_key": "A#"}, "metadata": {"version": {"extractor": "music 1.0", "essentia_build_sha": "9f04d4dd351e2d05498f0c7e4880499648f24ac0", "essentia": "2.1-beta1", "essentia_git_sha": "v2.1_beta1-34-gf95df8b"}, "audio_properties": {"sample_rate": 44100, "length": 295.73223877, "lossless": false, "analysis_sample_rate": 44100, "downmix": "mix", "bit_rate": 112000, "equal_loudness": 0, "md5_encoded": "e512d1c4447aef6fc3438655a9cd3bde", "codec": "mp3", "replay_gain": -7.05395126343}, "tags": {"musicbrainz album status": ["official"], "date": ["1998-06-09"], "musicbrainz_recordingid": ["3dce461c-31e4-429a-ae66-cb5eda14488e"], "albumartistsort": ["Grant Lee Buffalo"], "title": ["8 Mile Road"], "artist": ["Grant Lee Buffalo"], "musicbrainz album release country": ["US"], "artistsort": ["Grant Lee Buffalo"], "musicbrainz_albumid": ["cd2f7c82-efe6-42e7-a19a-62ad9b6e316e"], "albumartist": ["Grant Lee Buffalo"], "musicbrainz_albumartistid": ["b2ccf20a-0569-4375-a486-7ca9c5e65afc"], "asin": ["B000007NCW"], "musicbrainz_artistid": ["b2ccf20a-0569-4375-a486-7ca9c5e65afc"], "file_name": "09 8 Mile Road.mp3", "tracknumber": ["9/14"], "album": ["Jubilee"], "musicbrainz album type": ["album"]}}, "lowlevel": {"melbands": {"dvar": [6.2543876993e-05, 7.61085220802e-06, 9.44757005072e-07, 4.25604355314e-07, 1.75782133738e-07, 1.17584896486e-07, 7.7851503022e-08, 9.0257756824e-08, 6.98203024285e-08, 4.70526799745e-08, 2.72681432989e-08, 2.47121469954e-08, 1.73103043011e-08, 1.18859366793e-08, 5.38189581789e-09, 4.57725279901e-09, 5.35672928237e-09, 4.00293087566e-09, 2.58849630619e-09, 2.15578821461e-09, 1.04231356879e-09, 8.10166544962e-10, 8.95838070392e-10, 6.22182139143e-10, 2.89508639284e-10, 1.36391786754e-10, 1.03032263277e-10, 6.82512518724e-11, 4.80659609337e-11, 3.77289172127e-11, 9.94562678741e-12, 3.29127675634e-12, 2.01690855857e-12, 1.7733730066e-12, 1.1590481179e-12, 6.20993762055e-13, 3.9177472708e-14, 3.50740143953e-15, 2.68443079248e-15, 2.09370387408e-15], "mean": [0.0101573010907, 0.00305149331689, 0.00105913588777, 0.000649280555081, 0.000295427307719, 0.000230093675782, 0.000210264581256, 0.000221285459702, 0.000167950143805, 0.000151267886395, 0.000119635209558, 0.000118048643344, 9.1389483714e-05, 9.40310928854e-05, 7.24446363165e-05, 7.2073074989e-05, 8.91156014404e-05, 8.37403495098e-05, 6.55335898045e-05, 4.80481721752e-05, 3.45053631463e-05, 2.61038167082e-05, 2.30830355576e-05, 1.97656117962e-05, 1.36163744173e-05, 1.00170591395e-05, 8.5794226834e-06, 7.18307728675e-06, 5.88386546951e-06, 4.77289768241e-06, 2.90855791718e-06, 1.88984802207e-06, 1.51157212258e-06, 1.15460863981e-06, 8.32034061204e-07, 5.85559803312e-07, 1.37402025757e-07, 3.02482696668e-08, 2.65912767361e-08, 2.37450876739e-08], "min": [6.26878218538e-24, 1.31152574668e-23, 8.75499052973e-24, 3.3937951035e-23, 1.81122242958e-23, 1.90358115995e-23, 5.7679063921e-24, 2.6709893084e-23, 9.67621598396e-24, 1.42704085785e-23, 4.8776062575e-24, 2.11473630787e-24, 7.23171195466e-24, 6.97305314131e-24, 6.17886545282e-24, 7.37967228376e-24, 1.05143562411e-23, 8.61492117626e-24, 1.12863039685e-23, 1.71205835394e-23, 9.79912130185e-24, 7.11684591825e-24, 1.44118686937e-23, 9.39351584566e-24, 8.43489286249e-24, 9.90194458768e-24, 1.60463916448e-23, 1.52596622417e-23, 1.36715069569e-23, 7.40679332168e-24, 7.138750219e-24, 6.44657526177e-24, 8.04050343065e-24, 8.98388719885e-24, 1.03503347039e-23, 9.75070417493e-24, 7.31461650263e-24, 1.11538952433e-23, 1.31176398268e-23, 1.00450053017e-23], "median": [0.00848292838782, 0.00199544499628, 0.000657284457702, 0.000315982964821, 0.000121604345622, 9.37743461691e-05, 0.000102710109786, 9.93202993413e-05, 6.23340893071e-05, 4.99465313624e-05, 4.58972790511e-05, 4.6821354772e-05, 4.34109533671e-05, 5.06832839164e-05, 4.09553940699e-05, 3.7074820284e-05, 4.44435572717e-05, 4.34679423051e-05, 3.70534398826e-05, 2.46711060754e-05, 1.81000687007e-05, 1.26238082885e-05, 8.94661570783e-06, 6.46185162623e-06, 4.76860441267e-06, 3.51394146492e-06, 2.51254823525e-06, 2.21780510401e-06, 1.90128912436e-06, 1.649353635e-06, 1.12625536985e-06, 6.94557286351e-07, 4.85092982672e-07, 3.43986130247e-07, 2.21888655005e-07, 1.42740077536e-07, 4.31514592947e-08, 9.91511761583e-09, 8.86727846705e-09, 8.08948019682e-09], "dvar2": [0.000172034691786, 2.05277374334e-05, 2.49623053605e-06, 9.73177634478e-07, 4.2363737407e-07, 2.91877427117e-07, 1.92302792357e-07, 2.31195841138e-07, 1.90670419897e-07, 1.16793437144e-07, 6.98174105196e-08, 6.68033237616e-08, 4.34474571875e-08, 3.18076125438e-08, 1.37669866618e-08, 1.2373931213e-08, 1.50717180958e-08, 1.13272173863e-08, 7.21549442417e-09, 5.4599453847e-09, 2.68200306408e-09, 2.04651340319e-09, 2.1644972481e-09, 1.46377698851e-09, 7.30728366705e-10, 3.3513031239e-10, 2.58186222402e-10, 1.54191021062e-10, 1.10622178084e-10, 8.4247817056e-11, 2.11196771877e-11, 7.37052866656e-12, 4.20096249454e-12, 3.93121169298e-12, 2.49206471431e-12, 1.31774517513e-12, 8.97682264894e-14, 9.0125364379e-15, 6.89590020557e-15, 5.37566791821e-15], "var": [8.53716774145e-05, 1.10183100333e-05, 1.55054522111e-06, 1.01544617337e-06, 3.14526772627e-07, 2.41515152766e-07, 1.36528399253e-07, 1.62331687648e-07, 1.12864420032e-07, 8.96534615435e-08, 4.97038286085e-08, 4.6592145253e-08, 2.68403805848e-08, 2.07068389102e-08, 1.23694992027e-08, 9.67346469594e-09, 1.23979431166e-08, 1.03865236412e-08, 6.28222851518e-09, 5.14638509586e-09, 2.59892440901e-09, 1.63733759884e-09, 2.02676808669e-09, 1.50029499935e-09, 6.24019058648e-10, 3.3718469683e-10, 3.0149735486e-10, 2.11700157404e-10, 1.43230829974e-10, 1.0010956647e-10, 2.74670234474e-11, 9.43031330108e-12, 6.38917044271e-12, 4.35335491614e-12, 2.54349536224e-12, 1.41668024967e-12, 7.10387152748e-14, 3.46496953579e-15, 2.65337030606e-15, 2.07782814731e-15], "dmean2": [0.00746319442987, 0.00294020329602, 0.00102312513627, 0.000607143039815, 0.000311774289003, 0.000236586958636, 0.000206007622182, 0.0002290091943, 0.000181054856512, 0.000150917287101, 0.000117332332593, 0.000116545095807, 9.32294133236e-05, 9.22628169064e-05, 6.57718992443e-05, 6.36234690319e-05, 7.731506048e-05, 7.01093813404e-05, 5.36183688382e-05, 4.04854472436e-05, 2.95002282655e-05, 2.26651718549e-05, 2.07085886359e-05, 1.72283125721e-05, 1.16049977805e-05, 8.22021956992e-06, 6.76352010487e-06, 5.36329707757e-06, 4.45282421424e-06, 3.66408562513e-06, 2.17320052798e-06, 1.37319671012e-06, 1.09546351723e-06, 8.99723772818e-07, 6.99194004028e-07, 4.98899055401e-07, 1.45434228216e-07, 5.53339347675e-08, 4.84526978539e-08, 4.28490700699e-08], "max": [0.157840043306, 0.0411485768855, 0.0202899519354, 0.0149232819676, 0.0134632978588, 0.0113822380081, 0.00868893507868, 0.00782195199281, 0.00796864274889, 0.00889339577407, 0.00515896640718, 0.00581930018961, 0.00548557657748, 0.00330481678247, 0.00208741007373, 0.00168879434932, 0.00180808722507, 0.00109269819222, 0.00124159350526, 0.00230604107492, 0.0009098444134, 0.000818340922706, 0.00130754942074, 0.000894852390047, 0.000508823548444, 0.000215714142541, 0.000273897021543, 0.000293922988931, 0.00021287407435, 0.000201533082873, 0.000108970161818, 5.71969649172e-05, 2.99433395412e-05, 3.51412745658e-05, 2.49206786975e-05, 1.31693732328e-05, 4.34234789282e-06, 1.08362837636e-06, 9.67970208876e-07, 8.66968605351e-07], "dmean": [0.00453166617081, 0.00177448056638, 0.00062628753949, 0.00037555617746, 0.000191105835256, 0.000143127457704, 0.000126689963508, 0.00013936018513, 0.000107752413896, 9.19410813367e-05, 7.05318307155e-05, 6.99215815985e-05, 5.6065415265e-05, 5.47938288946e-05, 3.94639646402e-05, 3.76591015083e-05, 4.50952575193e-05, 4.11638175137e-05, 3.16554978781e-05, 2.41831094172e-05, 1.7638092686e-05, 1.3840878637e-05, 1.26296281451e-05, 1.06668094304e-05, 7.22271761333e-06, 5.18827255291e-06, 4.30964746556e-06, 3.50106120095e-06, 2.90712614515e-06, 2.40089366343e-06, 1.42085798416e-06, 9.15365376386e-07, 7.33718763968e-07, 6.01298268066e-07, 4.68685982469e-07, 3.34930376766e-07, 9.19283564826e-08, 3.2415286455e-08, 2.83930745582e-08, 2.51332039625e-08]}, "spectral_decrease": {"dvar": 5.71877338363e-17, "mean": -1.36716913346e-08, "min": -1.4565708284e-07, "median": -1.24366730248e-08, "dvar2": 1.5090889866e-16, "var": 9.43024345665e-17, "dmean2": 7.76687603121e-09, "max": 2.87152357448e-10, "dmean": 4.76390349391e-09}, "spectral_rolloff": {"dvar": 25204326, "mean": 3579.96704102, "min": 43.06640625, "median": 1119.7265625, "dvar2": 66830492, "var": 44091540, "dmean2": 3664.92578125, "max": 22050, "dmean": 1948.10925293}, "melbands_crest": {"dvar": 12.4051542282, "mean": 22.8252220154, "min": 3.0732152462, "median": 22.9217605591, "dvar2": 33.0060882568, "var": 48.2264442444, "dmean2": 6.08576774597, "max": 38.3367424011, "dmean": 3.75491428375}, "barkbands_skewness": {"dvar": 0.511484801769, "mean": 2.89636516571, "min": -1.84561192989, "median": 2.51087617874, "dvar2": 1.26676380634, "var": 2.91866326332, "dmean2": 1.064671278, "max": 13.3034963608, "dmean": 0.673271119595}, "spectral_centroid": {"dvar": 50922.3164062, "mean": 1256.07983398, "min": 167.276870728, "median": 1164.32104492, "dvar2": 96489.765625, "var": 371761, "dmean2": 310.115936279, "max": 11340.2910156, "dmean": 206.823989868}, "spectral_energyband_middle_low": {"dvar": 2.12457689486e-05, "mean": 0.00917731691152, "min": 4.92232948012e-22, "median": 0.00631129462272, "dvar2": 5.41419140063e-05, "var": 7.96810199972e-05, "dmean2": 0.00532000791281, "max": 0.074645139277, "dmean": 0.00330564798787}, "erbbands_crest": {"dvar": 3.37245392799, "mean": 6.73493003845, "min": 2.3770647049, "median": 6.11227798462, "dvar2": 8.60059261322, "var": 7.10093975067, "dmean2": 3.14845609665, "max": 26.872800827, "dmean": 1.8956874609}, "dynamic_complexity": 3.85173487663, "spectral_energyband_low": {"dvar": 0.000744466029573, "mean": 0.040040653199, "min": 5.56830659705e-23, "median": 0.0350836850703, "dvar2": 0.00202052644454, "var": 0.00103557296097, "dmean2": 0.0270910318941, "max": 0.541379094124, "dmean": 0.0164800193161}, "silence_rate_60dB": {"dvar": 0.00078437110642, "mean": 0.0279478728771, "min": 0, "median": 0, "dvar2": 0.00172528997064, "var": 0.0271676313132, "dmean2": 0.00157035177108, "max": 1, "dmean": 0.000785114243627}, "erbbands_kurtosis": {"dvar": 0.695662736893, "mean": 0.32369017601, "min": -1.77907252312, "median": -0.0292203426361, "dvar2": 1.4812104702, "var": 2.46971392632, "dmean2": 1.03636682034, "max": 21.4626235962, "dmean": 0.650454640388}, "spectral_complexity": {"dvar": 12.7125988007, "mean": 24.2200508118, "min": 0, "median": 24, "dvar2": 23.9713459015, "var": 182.481262207, "dmean2": 5.36667728424, "max": 65, "dmean": 3.51589846611}, "barkbands_crest": {"dvar": 5.18422412872, "mean": 12.9575634003, "min": 2.27023053169, "median": 12.6376533508, "dvar2": 14.3330640793, "var": 20.1086330414, "dmean2": 4.19360494614, "max": 25.186706543, "dmean": 2.58672499657}, "spectral_energy": {"dvar": 0.000847392540891, "mean": 0.0622107163072, "min": 1.04872971129e-20, "median": 0.0577399618924, "dvar2": 0.00222319853492, "var": 0.00166725658346, "dmean2": 0.03002499789, "max": 0.566266655922, "dmean": 0.0184873901308}, "spectral_spread": {"dvar": 245357559808, "mean": 3653309.75, "min": 1682087.875, "median": 3592488, "dvar2": 472243568640, "var": 619745837056, "dmean2": 656771.375, "max": 40164520, "dmean": 412758.1875}, "spectral_contrast_valleys": {"dvar": [0.0891585275531, 0.0843045935035, 0.0686772465706, 0.0537345819175, 0.093728415668, 0.370279580355], "mean": [-6.45065402985, -6.56544446945, -6.93311738968, -7.08539247513, -7.47289037704, -11.2746534348], "min": [-26.8205738068, -27.0764808655, -27.7854309082, -27.4659328461, -27.2412834167, -27.1298122406], "median": [-6.30839347839, -6.43327045441, -6.75321960449, -6.83841133118, -7.27075147629, -11.1679830551], "dvar2": [0.220032855868, 0.203082725406, 0.156355574727, 0.113232687116, 0.192839831114, 0.995914697647], "var": [0.948396146297, 1.13752889633, 1.34092259407, 1.53363740444, 1.56039726734, 1.18359589577], "dmean2": [0.56837272644, 0.563271582127, 0.474988162518, 0.375602066517, 0.385548681021, 1.17903065681], "max": [-4.90912055969, -4.68802690506, -5.07413673401, -5.24279022217, -5.29940032959, -8.81752109528], "dmean": [0.338226020336, 0.335960656404, 0.284757494926, 0.228208333254, 0.261774480343, 0.712560772896]}, "spectral_rms": {"dvar": 1.72320051206e-06, "mean": 0.00733892293647, "min": 3.19867309723e-12, "median": 0.00750544294715, "dvar2": 4.36543950855e-06, "var": 6.83377902533e-06, "dmean2": 0.00170519389212, "max": 0.0235043670982, "dmean": 0.00107067986391}, "barkbands_spread": {"dvar": 31.9242763519, "mean": 19.6912937164, "min": 0.569381892681, "median": 17.2418498993, "dvar2": 75.7154693604, "var": 183.625228882, "dmean2": 7.72873592377, "max": 86.5194549561, "dmean": 4.9152469635}, "pitch_salience": {"dvar": 0.00481141125783, "mean": 0.450862914324, "min": 0.0697267577052, "median": 0.458997666836, "dvar2": 0.0129376640543, "var": 0.017597021535, "dmean2": 0.125221401453, "max": 0.835724115372, "dmean": 0.0768873915076}, "erbbands_skewness": {"dvar": 0.0561980195343, "mean": -0.217232257128, "min": -3.53114533424, "median": -0.231732726097, "dvar2": 0.130701988935, "var": 0.378619223833, "dmean2": 0.436061233282, "max": 2.66429853439, "dmean": 0.277703553438}, "spectral_energyband_middle_high": {"dvar": 6.85253144184e-06, "mean": 0.0066126389429, "min": 1.55456630687e-21, "median": 0.00426240963861, "dvar2": 1.70270850504e-05, "var": 4.49966355518e-05, "dmean2": 0.00269954581745, "max": 0.0642689913511, "dmean": 0.00169025117066}, "erbbands": {"dvar": [1.29156792164, 9.64655017853, 27.171705246, 36.4385261536, 68.2086029053, 94.8579025269, 170.494781494, 271.502929688, 373.969970703, 707.658325195, 1211.81982422, 1035.11743164, 1003.59204102, 1231.57128906, 1499.93640137, 1169.86901855, 973.066650391, 1177.32409668, 1228.42480469, 990.567077637, 737.851135254, 669.671142578, 765.011047363, 377.51550293, 180.217788696, 146.562423706, 89.9539642334, 39.8360328674, 7.57972955704, 5.1535525322, 2.74542999268, 0.347707241774, 0.00716937193647, 0.00314839626662, 0.00122258556075, 0.000389470747905, 0.00355375395156, 0.00184969010297, 0.000330350740114, 1.64235116245e-05], "mean": [1.39564406872, 3.4971909523, 4.40225410461, 5.75298833847, 8.32547283173, 8.44912528992, 8.16806030273, 10.2331838608, 13.0161094666, 20.8542861938, 21.0449180603, 23.5312137604, 24.1110019684, 29.1433334351, 29.4488582611, 31.0350189209, 33.2314758301, 46.2099342346, 51.1641654968, 41.5745658875, 31.8480072021, 25.1147518158, 23.6536273956, 17.5401821136, 13.0208206177, 11.3613891602, 9.06278324127, 5.93844985962, 3.27544283867, 2.27718877792, 1.37541639805, 0.451824247837, 0.0549318790436, 0.0296811815351, 0.018762178719, 0.0128454640508, 0.048665497452, 0.0515465140343, 0.0272632986307, 0.0129441162571], "min": [2.63821668163e-22, 7.9654714179e-21, 2.54150629284e-20, 1.97269926047e-20, 3.06142413989e-19, 4.63698839833e-19, 5.75937219392e-19, 8.66308633671e-19, 2.92921457011e-19, 2.52457135953e-18, 1.22240306314e-18, 2.3134072452e-18, 1.09324811627e-18, 6.72048782331e-19, 2.39686625348e-18, 2.45990175886e-18, 2.84848391368e-18, 5.69183351729e-18, 6.42246850388e-18, 9.50277578128e-18, 1.03029472925e-17, 8.29680765954e-18, 1.39770924947e-17, 1.06574529148e-17, 1.67440463853e-17, 2.3948374276e-17, 1.97474680519e-17, 1.28368463542e-17, 1.21258589751e-17, 1.55504661204e-17, 1.84398609396e-17, 1.31174334626e-17, 1.59687167623e-17, 1.33282983443e-17, 7.85136428224e-18, 6.52394784861e-18, 3.3282598359e-18, 1.19828051192e-18, 3.72039809186e-19, 3.45051671684e-20], "median": [1.08469355106, 2.43020915985, 2.48563528061, 3.3718419075, 4.44057893753, 3.67421770096, 3.27833461761, 4.08448171616, 6.02126550674, 9.46155738831, 8.04466247559, 7.90259981155, 9.46891593933, 12.1531467438, 15.284072876, 18.4470100403, 18.4196014404, 23.975851059, 27.8004150391, 24.1786441803, 17.3549346924, 12.3353023529, 8.55163002014, 6.22377300262, 4.41453456879, 3.5376932621, 3.07027626038, 2.23625707626, 1.20874333382, 0.718119502068, 0.377062410116, 0.12806776166, 0.0232117623091, 0.0105095040053, 0.00674160802737, 0.00567092653364, 0.0132413813844, 0.0165542569011, 0.0108806211501, 0.00894986465573], "dvar2": [3.57789683342, 27.3443851471, 71.552520752, 95.7116165161, 173.198883057, 211.972244263, 417.815917969, 669.219787598, 922.050964355, 1811.61608887, 3289.6027832, 2632.34594727, 2545.98828125, 3296.47216797, 3743.43725586, 3107.12084961, 2561.62792969, 3273.20483398, 3457.53686523, 2620.40356445, 1884.50292969, 1642.17651367, 1735.07849121, 913.837463379, 430.064544678, 331.650238037, 193.272338867, 81.9334869385, 15.2852964401, 10.728471756, 5.64521837234, 0.734459578991, 0.0182173978537, 0.00808235257864, 0.00313356053084, 0.000992001034319, 0.00722671253607, 0.00343786389567, 0.000632191251498, 4.00621647714e-05], "var": [1.86027979851, 13.788860321, 34.6215438843, 56.0747947693, 136.109695435, 211.035446167, 287.83505249, 550.989868164, 622.377441406, 1316.11645508, 1878.95483398, 1993.83862305, 1908.17602539, 2520.69213867, 2468.09741211, 2191.56396484, 2191.40283203, 3087.39208984, 3552.37719727, 2686.93041992, 2029.39233398, 1544.66357422, 2041.08117676, 973.999206543, 559.472167969, 509.442077637, 316.477325439, 121.492332458, 26.7266521454, 15.2443218231, 6.718272686, 0.786318659782, 0.00824740156531, 0.00314350426197, 0.00123144336976, 0.000440543430159, 0.00912853423506, 0.00714883720502, 0.0018567754887, 0.000154019027832], "dmean2": [1.05313491821, 3.37669897079, 4.86750936508, 6.00558233261, 8.68228244781, 7.95399904251, 9.02006435394, 10.7194385529, 13.132062912, 21.5877990723, 22.537355423, 22.9002609253, 22.824388504, 27.1016464233, 27.9932765961, 27.4112186432, 27.899274826, 36.6224861145, 39.2939224243, 30.7084217072, 24.514125824, 19.473526001, 18.7895889282, 13.3377017975, 9.30161380768, 7.75607156754, 6.11166191101, 4.04737997055, 2.08543133736, 1.58085227013, 1.06383097172, 0.391249090433, 0.0812964886427, 0.0525690317154, 0.0328978039324, 0.0190212819725, 0.0374212265015, 0.029144000262, 0.0129192741588, 0.00449403515086], "max": [22.2468032837, 51.8918495178, 89.904586792, 138.146484375, 163.136962891, 237.578369141, 331.485870361, 581.40032959, 641.080200195, 777.896118164, 1186.14404297, 1429.16235352, 959.389343262, 1135.45617676, 1646.79284668, 1222.32983398, 954.545715332, 795.771179199, 607.288696289, 1294.48461914, 783.265441895, 892.084838867, 1154.86779785, 540.423339844, 286.686401367, 397.346923828, 265.228240967, 229.499526978, 72.5693511963, 61.2949142456, 37.5094146729, 12.0167694092, 1.54129242897, 1.05999588966, 0.67701536417, 0.395298242569, 1.32543671131, 1.20440661907, 0.492185860872, 0.104180470109], "dmean": [0.639788508415, 2.02401232719, 2.93365907669, 3.66999936104, 5.23563957214, 4.97926950455, 5.50214862823, 6.47508573532, 8.05925178528, 13.1567430496, 13.3916797638, 13.853304863, 13.7425832748, 16.2967147827, 16.8254737854, 16.3758430481, 16.6151008606, 21.4509334564, 23.1169013977, 18.3821144104, 14.7273588181, 12.0050001144, 11.7190637589, 8.4791765213, 6.02371788025, 5.14998340607, 4.1082701683, 2.71805238724, 1.44278037548, 1.0840562582, 0.72952914238, 0.258762866259, 0.0484910011292, 0.0308539681137, 0.0193511713296, 0.0113522466272, 0.0253948811442, 0.0210583657026, 0.00921195279807, 0.00287498300895]}, "dissonance": {"dvar": 0.000173895721673, "mean": 0.478786408901, "min": 0.0952558070421, "median": 0.483523547649, "dvar2": 0.000472202344099, "var": 0.000325336208334, "dmean2": 0.0218216087669, "max": 0.500000119209, "dmean": 0.0128378076479}, "erbbands_flatness_db": {"dvar": 0.000221258596866, "mean": 0.132753834128, "min": 0.0384415946901, "median": 0.130306631327, "dvar2": 0.000539998174645, "var": 0.000854572397657, "dmean2": 0.0272560678422, "max": 0.257391631603, "dmean": 0.0173027236015}, "melbands_kurtosis": {"dvar": 423.31729126, "mean": 26.3283901215, "min": -1.77811002731, "median": 14.9180498123, "dvar2": 1028.38562012, "var": 1249.83605957, "dmean2": 19.0455722809, "max": 681.94342041, "dmean": 11.8935985565}, "melbands_spread": {"dvar": 41.3133087158, "mean": 15.4571275711, "min": 0.295661240816, "median": 12.3209114075, "dvar2": 101.274711609, "var": 162.905593872, "dmean2": 7.80734920502, "max": 142.32723999, "dmean": 4.83982038498}, "melbands_skewness": {"dvar": 1.02683949471, "mean": 4.00931310654, "min": -0.154437094927, "median": 3.58528852463, "dvar2": 2.59160017967, "var": 4.59360074997, "dmean2": 1.48752212524, "max": 21.8885002136, "dmean": 0.930886566639}, "spectral_entropy": {"dvar": 0.0189440343529, "mean": 7.62834692001, "min": 5.91384840012, "median": 7.69315862656, "dvar2": 0.0458154827356, "var": 0.0987805500627, "dmean2": 0.200242847204, "max": 9.80176448822, "dmean": 0.130599468946}, "zerocrossingrate": {"dvar": 0.000497467233799, "mean": 0.166424334049, "min": 0.0146484375, "median": 0.15478515625, "dvar2": 0.000861214939505, "var": 0.00563555350527, "dmean2": 0.0343497954309, "max": 0.7109375, "dmean": 0.0255643613636}, "average_loudness": 0.858043074608, "spectral_contrast_coeffs": {"dvar": [0.00151389394887, 0.00118508154992, 0.00076505006291, 0.000410933047533, 0.000300508778309, 0.00201954203658], "mean": [-0.727043032646, -0.79069930315, -0.812825083733, -0.812748491764, -0.81621825695, -0.697869837284], "min": [-0.992294728756, -0.965122759342, -0.961424648762, -0.963451564312, -0.963549673557, -0.964320480824], "median": [-0.732697248459, -0.795540332794, -0.816468775272, -0.813519597054, -0.814807832241, -0.699718117714], "dvar2": [0.00417675822973, 0.00339654041454, 0.00216119876131, 0.00116146204527, 0.000844112597406, 0.00519539229572], "var": [0.00441896077245, 0.00290988082998, 0.00199632789008, 0.00112633616664, 0.00111315282993, 0.00799171440303], "dmean2": [0.0818111374974, 0.0747156217694, 0.0600418746471, 0.0439697168767, 0.0341453924775, 0.0849941968918], "max": [-0.465417057276, -0.488842785358, -0.598966300488, -0.633550703526, -0.663080811501, -0.383681625128], "dmean": [0.0491986684501, 0.0443024225533, 0.0355521813035, 0.0258918795735, 0.0203279014677, 0.0529871992767]}, "barkbands_flatness_db": {"dvar": 0.000506858748849, "mean": 0.160083845258, "min": 0.0202147550881, "median": 0.151649102569, "dvar2": 0.00131235120352, "var": 0.00352795654908, "dmean2": 0.0391256138682, "max": 0.419346004725, "dmean": 0.024656644091}, "silence_rate_30dB": {"dvar": 0.0748594030738, "mean": 0.886795401573, "min": 0, "median": 1, "dvar2": 0.170995280147, "var": 0.100388765335, "dmean2": 0.163002505898, "max": 1, "dmean": 0.0814948603511}, "spectral_energyband_high": {"dvar": 1.99781723609e-07, "mean": 0.000702897668816, "min": 7.50746862131e-21, "median": 0.000293114513624, "dvar2": 3.46191825429e-07, "var": 1.09586699182e-06, "dmean2": 0.00031864430639, "max": 0.0113338874653, "dmean": 0.000236914274865}, "melbands_flatness_db": {"dvar": 0.000753801432438, "mean": 0.275070786476, "min": 0.00835010129958, "median": 0.266240298748, "dvar2": 0.00195464515127, "var": 0.00537313055247, "dmean2": 0.0493883192539, "max": 0.567258119583, "dmean": 0.0310457143933}, "barkbands": {"dvar": [0.000149623738253, 0.000416946830228, 2.1338055376e-05, 5.02153216075e-06, 7.12453902452e-06, 2.92168988381e-06, 1.97716667572e-06, 2.67202790383e-06, 2.22822995966e-06, 1.33009189085e-06, 8.13193025806e-07, 7.18796968613e-07, 5.2969880926e-07, 5.83239739171e-07, 4.38356352106e-07, 3.47844661519e-07, 2.12420189882e-07, 2.41663968836e-07, 1.03817207275e-07, 6.13301196495e-08, 3.81727858212e-08, 5.54731283131e-09, 3.67048813565e-09, 1.88701498871e-10, 2.46096025502e-11, 7.38529071231e-10, 2.8783281536e-08], "mean": [0.0114739388227, 0.0265416689217, 0.00345922540873, 0.00190820614807, 0.00276098609902, 0.00117884122301, 0.00113909225911, 0.000919703452382, 0.00107334298082, 0.000831595854834, 0.000608308007941, 0.000770681770518, 0.000739871757105, 0.000970263965428, 0.000897863996215, 0.000631076924037, 0.000436973787146, 0.000430291169323, 0.000279793195659, 0.000238442327827, 0.000187337747775, 8.76395788509e-05, 5.27649572177e-05, 9.26829306991e-06, 2.60194269686e-06, 2.30195873883e-05, 0.000358326884452], "min": [4.08056636353e-23, 2.75785015159e-23, 1.61559865126e-23, 7.38419876764e-24, 1.32803824626e-22, 1.0688761081e-22, 6.18175197376e-23, 7.82863164204e-23, 9.54266987908e-23, 1.78961395166e-23, 5.00814057033e-23, 5.50533025326e-23, 6.43632117441e-23, 9.78796523093e-23, 1.51389778828e-22, 2.16890326049e-22, 1.23867848106e-22, 2.55601384121e-22, 2.44305148394e-22, 4.95706864247e-22, 3.90614991158e-22, 3.4438274389e-22, 6.66001511653e-22, 7.66977676518e-22, 1.14067095755e-21, 1.70551535858e-21, 2.46848446049e-21], "median": [0.00785656832159, 0.0215252004564, 0.00181557168253, 0.000999022275209, 0.00135477748699, 0.000475601496873, 0.000558522646315, 0.000333101837896, 0.000361910497304, 0.000329321832396, 0.000260381901171, 0.000439262978034, 0.000384649087209, 0.000485530123115, 0.000508113647811, 0.0003243588435, 0.000215946987737, 0.00014535189257, 0.000101385594462, 7.35758949304e-05, 6.81822493789e-05, 3.1399562431e-05, 1.50419145939e-05, 2.95742097478e-06, 9.01634280126e-07, 6.64680555928e-06, 0.0002015496284], "dvar2": [0.000382975791581, 0.00116192654241, 5.7313041907e-05, 1.3068053704e-05, 1.64060420502e-05, 7.20122670828e-06, 4.95586937177e-06, 7.07778872311e-06, 5.57316707273e-06, 3.6698927488e-06, 2.03267040888e-06, 1.9236802018e-06, 1.38745917866e-06, 1.65530536833e-06, 1.22117353385e-06, 8.88282045253e-07, 5.31290311301e-07, 5.46221940567e-07, 2.56273210653e-07, 1.3715201419e-07, 7.86700766753e-08, 1.13362057519e-08, 7.52866569087e-09, 4.44264847133e-10, 6.31335261847e-11, 1.52574908263e-09, 6.68758843858e-08], "var": [0.000183324984391, 0.000587841554079, 2.54072238022e-05, 7.9030987763e-06, 1.68929400388e-05, 5.75027115701e-06, 3.53007499143e-06, 4.14487658418e-06, 4.33095874541e-06, 2.28301155403e-06, 1.27889165924e-06, 1.30000864829e-06, 1.11224755983e-06, 1.45491685544e-06, 1.12122006612e-06, 8.8579668045e-07, 4.55203434058e-07, 6.6988530989e-07, 2.54242195297e-07, 2.1969188424e-07, 1.29851073893e-07, 1.91079223555e-08, 9.46696765425e-09, 3.20054815983e-10, 2.45535102666e-11, 1.88908044763e-09, 1.71188531795e-07], "dmean2": [0.0102913789451, 0.0209748893976, 0.0042198873125, 0.00214617769234, 0.00255879294127, 0.0012232005829, 0.00115735118743, 0.00104543636553, 0.00105895102024, 0.00081952882465, 0.000652486050967, 0.000734406174161, 0.00066883105319, 0.000832816411275, 0.000726792321075, 0.000521839421708, 0.000365650805179, 0.000347044639057, 0.000212958882912, 0.000161216827109, 0.000126996237668, 5.63489484193e-05, 3.93575828639e-05, 1.03111242424e-05, 4.65560833618e-06, 1.78271238838e-05, 0.000171598629095], "max": [0.221470370889, 0.368222475052, 0.0888944268227, 0.0539850406349, 0.0611326172948, 0.0478225573897, 0.037673458457, 0.0496822409332, 0.0472826622427, 0.0530361905694, 0.0352451093495, 0.0241236910224, 0.0191350374371, 0.0161403845996, 0.0144497305155, 0.0250356979668, 0.0127965481952, 0.0182388424873, 0.00902493484318, 0.00779030146077, 0.00631600385532, 0.00199873768725, 0.00140922493301, 0.000249428296229, 9.49043460423e-05, 0.000651199079584, 0.00363917718641], "dmean": [0.00611089961603, 0.0126721579581, 0.00253389123827, 0.00130071234889, 0.0015774234198, 0.000741645519156, 0.000709290208761, 0.000624476291705, 0.000647057720926, 0.000492090533953, 0.000391919253161, 0.000437401846284, 0.000397920113755, 0.000485772849061, 0.000427687336924, 0.000312238524202, 0.000223939030548, 0.000216519561945, 0.000136270798976, 0.000107694031612, 8.51818622323e-05, 3.90158675145e-05, 2.7237147151e-05, 6.41341557639e-06, 2.73331670542e-06, 1.20571603475e-05, 0.000110811954073]}, "erbbands_spread": {"dvar": 31.9979381561, "mean": 34.2910041809, "min": 6.2685379982, "median": 32.5804252625, "dvar2": 75.2047348022, "var": 161.054260254, "dmean2": 9.41988277435, "max": 96.9391098022, "dmean": 6.01693677902}, "barkbands_kurtosis": {"dvar": 106.079490662, "mean": 14.0536022186, "min": -1.68678557873, "median": 6.81777334213, "dvar2": 256.91305542, "var": 410.968597412, "dmean2": 9.75325012207, "max": 322.019073486, "dmean": 6.16451215744}, "spectral_flux": {"dvar": 0.00124898925424, "mean": 0.111992903054, "min": 1.02407506086e-10, "median": 0.106416814029, "dvar2": 0.00285573559813, "var": 0.00344489258714, "dmean2": 0.0440503507853, "max": 0.680764257908, "dmean": 0.0271538402885}, "silence_rate_20dB": {"dvar": 0.000156988593517, "mean": 0.999921500683, "min": 0, "median": 1, "dvar2": 0.000470968458103, "var": 7.84966978244e-05, "dmean2": 0.000314070348395, "max": 1, "dmean": 0.000157022848725}, "gfcc": {"cov": [[12052.2773438, -338.66619873, -1473.57556152, -6.17809820175, 217.005630493, -385.61114502, 420.923461914, -172.743270874, 179.308822632, -3.1366481781, 40.8244247437, 195.874267578, -68.7875289917], [-338.66619873, 646.563537598, 151.006530762, -218.584091187, 82.470703125, 65.1451644897, -46.4503746033, -6.56228160858, 22.5529823303, 3.92423915863, 29.1130752563, -72.3257675171, 77.5969772339], [-1473.57556152, 151.006530762, 483.93572998, -4.45778274536, -95.8315658569, 171.272155762, -163.750518799, 95.005279541, -66.4823532104, 28.3679828644, -7.86234235764, -51.4892845154, 27.2972660065], [-6.17809820175, -218.584091187, -4.45778274536, 292.447784424, 42.9460334778, -82.623550415, 65.2146148682, -15.6503295898, -12.6929836273, -17.9492282867, -16.2292957306, 42.3791236877, -53.0161056519], [217.005630493, 82.470703125, -95.8315658569, 42.9460334778, 195.044784546, 1.25034534931, 55.091053009, -21.5693702698, 19.525138855, -14.4162578583, 16.8569374084, -10.7978448868, 27.408000946], [-385.61114502, 65.1451644897, 171.272155762, -82.623550415, 1.25034534931, 197.943771362, -61.2940368652, 69.32447052, -34.4258537292, 19.5860691071, 2.62195372581, -25.7127361298, 37.0972290039], [420.923461914, -46.4503746033, -163.750518799, 65.2146148682, 55.091053009, -61.2940368652, 188.774551392, -47.9884986877, 69.3708190918, -23.7172260284, -4.37960910797, 43.2776451111, -35.8584213257], [-172.743270874, -6.56228160858, 95.005279541, -15.6503295898, -21.5693702698, 69.32447052, -47.9884986877, 125.786712646, -15.4528970718, 32.3877220154, 6.93687868118, -28.2354221344, 31.3954353333], [179.308822632, 22.5529823303, -66.4823532104, -12.6929836273, 19.525138855, -34.4258537292, 69.3708190918, -15.4528970718, 106.508590698, 20.2477703094, 13.873295784, 21.5588645935, -24.8466491699], [-3.1366481781, 3.92423915863, 28.3679828644, -17.9492282867, -14.4162578583, 19.5860691071, -23.7172260284, 32.3877220154, 20.2477703094, 64.7054214478, 33.3039131165, -0.683913767338, 14.9018745422], [40.8244247437, 29.1130752563, -7.86234235764, -16.2292957306, 16.8569374084, 2.62195372581, -4.37960910797, 6.93687868118, 13.873295784, 33.3039131165, 53.6794815063, 21.5225925446, 13.8061685562], [195.874267578, -72.3257675171, -51.4892845154, 42.3791236877, -10.7978448868, -25.7127361298, 43.2776451111, -28.2354221344, 21.5588645935, -0.683913767338, 21.5225925446, 70.613861084, -7.56214570999], [-68.7875289917, 77.5969772339, 27.2972660065, -53.0161056519, 27.408000946, 37.0972290039, -35.8584213257, 31.3954353333, -24.8466491699, 14.9018745422, 13.8061685562, -7.56214570999, 81.9335174561]], "mean": [3.22495651245, 102.448226929, -96.0879516602, 14.0979509354, -2.97421193123, -7.694419384, 6.79228448868, -16.4882507324, 8.10377025604, -3.22900390625, -6.47750282288, -0.0466278083622, -8.93825721741], "icov": [[0.000152759806952, -0.000249647244345, 0.000799689150881, -0.000281593354885, 0.000217943059397, -0.000334090495016, 0.000220153582632, -0.000178513029823, 6.18013000349e-05, -0.000296872371109, 0.000296473008348, -0.000317726255162, 0.000152617576532], [-0.000249647244345, 0.00506885442883, -0.00566826947033, 0.00569252297282, -0.00453968625516, 0.00426303455606, -0.00254813092761, 0.00130824698135, -6.27383851679e-05, 0.00116543844342, -0.00193279015366, 0.00176777946763, -0.00120851793326], [0.000799689150881, -0.00566826947033, 0.0152691090479, -0.0128043461591, 0.0120522761717, -0.0129448259249, 0.00713016139343, 0.000481122755446, -0.00542693864554, 0.00406665354967, -0.00458979094401, 0.00645765895024, -0.00358306919225], [-0.000281593354885, 0.00569252297282, -0.0128043461591, 0.0213028248399, -0.0179929342121, 0.0161054264754, -0.00687244767323, -0.00547188939527, 0.0127848340198, -0.0121426861733, 0.014858385548, -0.0176164284348, 0.0121942562982], [0.000217943059397, -0.00453968625516, 0.0120522761717, -0.0179929342121, 0.0241436567158, -0.0154495034367, 0.00310378079303, 0.00656411750242, -0.0127640385181, 0.0160446036607, -0.0204087272286, 0.0218142010272, -0.0147502971813], [-0.000334090495016, 0.00426303455606, -0.0129448259249, 0.0161054264754, -0.0154495034367, 0.0210524257272, -0.00565458228812, -0.00665265368298, 0.0109344040975, -0.0104784155264, 0.0124070327729, -0.0140717513859, 0.00795892253518], [0.000220153582632, -0.00254813092761, 0.00713016139343, -0.00687244767323, 0.00310378079303, -0.00565458228812, 0.0141591476277, 0.000340077094734, -0.00856977049261, 0.00514795444906, 0.000303932582028, -0.00148810318206, -0.000359537865734], [-0.000178513029823, 0.00130824698135, 0.000481122755446, -0.00547188939527, 0.00656411750242, -0.00665265368298, 0.000340077094734, 0.0163479670882, -0.00594988046214, 0.00254959077574, -0.00907873921096, 0.0139341186732, -0.00984105374664], [6.18013000349e-05, -6.27383851679e-05, -0.00542693864554, 0.0127848340198, -0.0127640385181, 0.0109344040975, -0.00856977049261, -0.00594988046214, 0.0274022854865, -0.0210337843746, 0.0160300731659, -0.0187322497368, 0.015745587647], [-0.000296872371109, 0.00116543844342, 0.00406665354967, -0.01