{"metadata": {"audio_properties": {"downmix": "mix", "bit_rate": 214584, "lossless": false, "md5_encoded": "515852592c13b9c78531b368f89c3c6e", "analysis_sample_rate": 44100, "sample_rate": 44100, "replay_gain": -15.5601892471, "equal_loudness": 0, "codec": "mp3", "length": 246.047348022}, "tags": {"encoding": ["LAME"], "album": ["Why Wait"], "artist": ["Kristy Lee Cook"], "label": ["Arista Nashville Records"], "language": ["eng"], "musicbrainz_recordingid": ["e7b61a80-d5c4-4e7f-a589-0776538eb068"], "genre": ["Country"], "tracknumber": ["3/10"], "title": ["Like My Mother Does"], "date": ["2008"], "file_name": "1554221.mp3"}, "version": {"essentia_build_sha": "70f2e5ece6736b2c40cc944ad0e695b16b925413", "essentia_git_sha": "v2.1_beta2", "extractor": "music 1.0", "essentia": "2.1-beta2"}}, "tonal": {"chords_scale": "major", "hpcp": {"dmean": [0.0479081533849, 0.0551210865378, 0.108387924731, 0.118273809552, 0.121927425265, 0.079545840621, 0.0666237697005, 0.069936811924, 0.0730823650956, 0.0712874904275, 0.076197206974, 0.110692411661, 0.123560093343, 0.11448867619, 0.0504216849804, 0.0289416033775, 0.0407554097474, 0.0812454670668, 0.0855920240283, 0.0813430696726, 0.0392625704408, 0.0243296232074, 0.0412318855524, 0.104388043284, 0.108319073915, 0.0906118229032, 0.113891243935, 0.109642915428, 0.102238632739, 0.0569206923246, 0.0443112552166, 0.0550030246377, 0.111306883395, 0.120847590268, 0.128339380026, 0.0752260908484], "dvar2": [0.0490942709148, 0.0485966727138, 0.0889758691192, 0.0840203016996, 0.0947670713067, 0.0639475807548, 0.0593607388437, 0.0639098063111, 0.063176907599, 0.0661576464772, 0.0584120377898, 0.0765450000763, 0.0822224915028, 0.0850309804082, 0.0422968752682, 0.0200034119189, 0.0356574878097, 0.066797696054, 0.0643324181437, 0.0636457055807, 0.0326278470457, 0.019181266427, 0.0268292948604, 0.124879598618, 0.100939325988, 0.0770619735122, 0.0831406340003, 0.0828350037336, 0.0712525248528, 0.0410146154463, 0.0384851060808, 0.0436634458601, 0.0872871130705, 0.0825842618942, 0.0936682596803, 0.0646588653326], "mean": [0.0398927405477, 0.0429185777903, 0.145041853189, 0.250709056854, 0.170653015375, 0.0954288244247, 0.128945574164, 0.102944046259, 0.102462299168, 0.138823077083, 0.0972931012511, 0.180216565728, 0.321767568588, 0.201764807105, 0.0436736606061, 0.0262098815292, 0.0333923362195, 0.129855111241, 0.216917216778, 0.128883972764, 0.0326882898808, 0.0211881101131, 0.0350226163864, 0.115974895656, 0.152065753937, 0.0985062047839, 0.175094693899, 0.296491473913, 0.18861296773, 0.0570343248546, 0.0501905605197, 0.0494377873838, 0.153182193637, 0.291053891182, 0.205481976271, 0.0649380013347], "var": [0.0166392941028, 0.0141010172665, 0.0483599901199, 0.108169533312, 0.0601513683796, 0.0286022424698, 0.0729453191161, 0.0458773635328, 0.0333129577339, 0.0722973197699, 0.0331970341504, 0.0466196611524, 0.12124030292, 0.0561084635556, 0.0114102009684, 0.0061561348848, 0.00885852426291, 0.0437921024859, 0.103922732174, 0.0416422970593, 0.00901888962835, 0.00654811877757, 0.00800321064889, 0.0444345287979, 0.0613627657294, 0.0327490270138, 0.0542366877198, 0.137599661946, 0.0655017867684, 0.0138697968796, 0.0173324998468, 0.0134873157367, 0.0465513952076, 0.113664828241, 0.0700332671404, 0.0208067465574], "dmean2": [0.0867847800255, 0.0998670384288, 0.182440638542, 0.194671735168, 0.203645080328, 0.139275789261, 0.113714672625, 0.121496550739, 0.124891676009, 0.120836265385, 0.130998805165, 0.186676457524, 0.202978894114, 0.192465990782, 0.0904926881194, 0.0515193752944, 0.0744960531592, 0.13668166101, 0.141695216298, 0.135764494538, 0.0697781443596, 0.0429533682764, 0.0737522169948, 0.184647887945, 0.188878193498, 0.156269878149, 0.191580146551, 0.184367254376, 0.169837713242, 0.0999182462692, 0.0782445222139, 0.0990748032928, 0.185272738338, 0.201295509934, 0.211901918054, 0.133281782269], "dvar": [0.0185337997973, 0.0181513614953, 0.0356684178114, 0.0377891287208, 0.0392389185727, 0.0235491860658, 0.0249750316143, 0.0248271375895, 0.0238148774952, 0.0265555102378, 0.0230054929852, 0.0292085297406, 0.0357372686267, 0.0320245958865, 0.015271442011, 0.00737609481439, 0.0124761909246, 0.0253511499614, 0.027345104143, 0.0242327880114, 0.0117887342349, 0.00738872308284, 0.0099200764671, 0.0454764179885, 0.0389262400568, 0.0295503456146, 0.0328461900353, 0.0356765761971, 0.0275772903115, 0.0150534892455, 0.014279502444, 0.0159869194031, 0.0348905920982, 0.0351486802101, 0.0397695861757, 0.0242782086134], "min": [0, 0, 0, 0, 0, 0, 0, 0, 0, 0, 0, 0, 0, 0, 0, 0, 0, 0, 0, 0, 0, 0, 0, 0, 0, 0, 0, 0, 0, 0, 0, 0, 0, 0, 0, 0], "median": [0.0035083941184, 0.00516021531075, 0.0432591214776, 0.0866658464074, 0.0548476055264, 0.0214564315975, 0.0109425280243, 0.0119232926518, 0.0212748236954, 0.0181743875146, 0.0201741512865, 0.0895870476961, 0.173019275069, 0.10559951514, 0.0112276151776, 0.00483688153327, 0.00609182566404, 0.0305250249803, 0.0511205494404, 0.0328125432134, 0.00627851765603, 0.00273038912565, 0.00569637212902, 0.0276214443147, 0.0413716435432, 0.0251624640077, 0.0641761422157, 0.0996315479279, 0.0568386241794, 0.0160184428096, 0.00777656026185, 0.00961006619036, 0.060338281095, 0.126205071807, 0.0841627717018, 0.0120680071414], "max": [1, 1, 1, 1, 1, 1, 1, 1, 1, 1, 1, 1, 1, 1, 1, 1, 1, 1, 1, 1, 1, 1, 1, 1, 1, 1, 1, 1, 1, 1, 1, 1, 1, 1, 1, 1]}, "tuning_equal_tempered_deviation": 0.0154987778515, "chords_key": "F#", "chords_strength": {"dmean": 0.00763863231987, "dvar2": 3.54199873982e-05, "mean": 0.558623313904, "var": 0.00808971002698, "dmean2": 0.00615692138672, "dvar": 4.5935244998e-05, "min": 0.241169273853, "median": 0.564934134483, "max": 0.794771254063}, "tuning_diatonic_strength": 0.631885528564, "thpcp": [1, 0.627051413059, 0.135730460286, 0.0814559459686, 0.103777818382, 0.403568059206, 0.674142599106, 0.400549918413, 0.101589761674, 0.0658491179347, 0.108844459057, 0.360430657864, 0.47259503603, 0.306140869856, 0.54416513443, 0.921446084976, 0.586177706718, 0.177253186703, 0.155983895063, 0.153644412756, 0.476064741611, 0.904547035694, 0.638603746891, 0.201816484332, 0.123979993165, 0.133383795619, 0.450765907764, 0.779161989689, 0.530361115932, 0.296576887369, 0.400741368532, 0.319932937622, 0.318435758352, 0.431438982487, 0.302370756865, 0.560083091259], "chords_histogram": [38.2641525269, 1.07547163963, 17.7735843658, 4.54716968536, 13.6603775024, 1.47169816494, 2.49056601524, 0, 0, 0, 0, 0, 0, 0, 0, 0.245283022523, 0, 0.792452812195, 0, 0.264150947332, 0, 1.20754718781, 11.8490562439, 6.35849046707], "tuning_nontempered_energy_ratio": 0.63796377182, "tuning_frequency": 439.745910645, "key_strength": 0.828951716423, "chords_changes_rate": 0.0326415076852, "key_scale": "major", "hpcp_entropy": {"dmean": 0.479051172733, "dvar2": 0.529350757599, "mean": 1.67637121677, "var": 0.466596961021, "dmean2": 0.808838009834, "dvar": 0.200854569674, "min": 0, "median": 1.67923307419, "max": 4.30511713028}, "key_key": "F#", "chords_number_rate": 0.00188679248095}, "lowlevel": {"melbands_skewness": {"dmean": 0.490305751562, "dvar2": 1.53428065777, "mean": 1.34558653831, "var": 2.33817315102, "dmean2": 0.73644053936, "dvar": 0.65245449543, "min": -2.27523779869, "median": 1.12511897087, "max": 14.6815690994}, "melbands_kurtosis": {"dmean": 3.68004441261, "dvar2": 419.206481934, "mean": 6.18273448944, "var": 246.445175171, "dmean2": 6.00453567505, "dvar": 161.063812256, "min": -1.82199192047, "median": 2.38247776031, "max": 338.406097412}, "barkbands_kurtosis": {"dmean": 1.97701370716, "dvar2": 98.9495849609, "mean": 3.25312232971, "var": 76.4294662476, "dmean2": 3.16617012024, "dvar": 39.6173400879, "min": -1.85217273235, "median": 1.2798974514, "max": 215.49029541}, "hfc": {"dmean": 4.69253110886, "dvar2": 103.717193604, "mean": 23.6773853302, "var": 345.677520752, "dmean2": 6.90466833115, "dvar": 46.8909873962, "min": 1.15948751963e-16, "median": 19.5680541992, "max": 104.24306488}, "silence_rate_20dB": {"dmean": 0, "dvar2": 0, "mean": 1, "var": 0, "dmean2": 0, "dvar": 0, "min": 1, "median": 1, "max": 1}, "erbbands_flatness_db": {"dmean": 0.0160241145641, "dvar2": 0.000565387657844, "mean": 0.191690191627, "var": 0.00350441457704, "dmean2": 0.0218946784735, "dvar": 0.000336105294991, "min": 0.0387087091804, "median": 0.188729777932, "max": 0.393709719181}, "spectral_flux": {"dmean": 0.0248826537281, "dvar2": 0.00261623412371, "mean": 0.071706444025, "var": 0.00316708954051, "dmean2": 0.0380421355367, "dvar": 0.00130697048735, "min": 1.03182566658e-10, "median": 0.0589139014482, "max": 0.390607535839}, "spectral_energyband_low": {"dmean": 0.00447325455025, "dvar2": 0.000721806369256, "mean": 0.00653167674318, "var": 0.00022356203408, "dmean2": 0.00750746903941, "dvar": 0.000280103908153, "min": 5.85326776847e-23, "median": 0.00394415017217, "max": 0.190449506044}, "spectral_rolloff": {"dmean": 260.504425049, "dvar2": 1128668.875, "mean": 1321.12744141, "var": 1162420.625, "dmean2": 437.932098389, "dvar": 503668.84375, "min": 21.533203125, "median": 1119.7265625, "max": 19702.8808594}, "spectral_entropy": {"dmean": 0.136202141643, "dvar2": 0.0529986545444, "mean": 7.20289850235, "var": 0.354555547237, "dmean2": 0.193924635649, "dvar": 0.0288516823202, "min": 4.90706539154, "median": 7.30297756195, "max": 9.80492591858}, "spectral_energy": {"dmean": 0.00796911772341, "dvar2": 0.000696428935044, "mean": 0.0285478215665, "var": 0.000503262737766, "dmean2": 0.0124614872038, "dvar": 0.000279371859506, "min": 1.06466416642e-20, "median": 0.0244253948331, "max": 0.194230362773}, "spectral_centroid": {"dmean": 133.680847168, "dvar2": 78919.3984375, "mean": 1212.84472656, "var": 256440.375, "dmean2": 203.417419434, "dvar": 37541.7695312, "min": 166.190444946, "median": 1209.57226562, "max": 10873.7373047}, "barkbands_flatness_db": {"dmean": 0.0166499149054, "dvar2": 0.0010185969295, "mean": 0.151186645031, "var": 0.00396412005648, "dmean2": 0.0249606203288, "dvar": 0.000423639343353, "min": 0.0326358117163, "median": 0.137143865228, "max": 0.399601489305}, "spectral_rms": {"dmean": 0.000621958984993, "dvar2": 2.49446657108e-06, "mean": 0.00483444798738, "var": 4.47970069217e-06, "dmean2": 0.00093084119726, "dvar": 1.08986171199e-06, "min": 3.22288181386e-12, "median": 0.0048815626651, "max": 0.0137656470761}, "melbands": {"dmean": [0.00116114330012, 0.000588077877183, 0.000261369365035, 0.000221875699935, 0.000156514739501, 0.000177274414455, 0.000145844096551, 0.000102500096546, 9.05799170141e-05, 8.05228410172e-05, 0.000158022448886, 0.000180247036042, 0.000120890945254, 0.000102121899545, 4.58083632111e-05, 4.23929741373e-05, 4.22270022682e-05, 4.20976612077e-05, 3.81602912967e-05, 2.46680101554e-05, 1.91240669665e-05, 9.56533676799e-06, 5.31184787178e-06, 5.39751908946e-06, 5.95407846049e-06, 4.10749771618e-06, 2.99673683912e-06, 2.57092119682e-06, 2.15870704778e-06, 1.3220933397e-06, 8.62213028086e-07, 6.47395324904e-07, 5.98445865307e-07, 3.63298084949e-07, 2.79333789877e-07, 2.65496908014e-07, 2.41713877358e-07, 1.90322452909e-07, 1.68546549162e-07, 1.68126305766e-07], "dvar2": [6.1074635596e-05, 1.23718618852e-05, 1.20924414659e-06, 1.17718877846e-06, 2.26493497735e-07, 3.33826591259e-07, 4.59960375565e-07, 1.63865436775e-07, 1.69170760955e-07, 9.1796415802e-08, 3.78972430326e-07, 3.841770706e-07, 2.09543998153e-07, 1.38785935633e-07, 3.10199439468e-08, 1.88581115168e-08, 1.65205094049e-08, 2.14063788917e-08, 2.52347565066e-08, 1.32887620907e-08, 5.94903815099e-09, 1.65644153949e-09, 6.75388633908e-10, 3.16142861889e-10, 2.84882423207e-10, 1.88363408204e-10, 1.04210605423e-10, 6.87767412466e-11, 5.17533481348e-11, 2.52789438687e-11, 1.6549837889e-11, 1.31843138837e-11, 1.47290183522e-11, 6.23699876467e-12, 2.93977190681e-12, 1.06397952514e-12, 7.88744503738e-13, 5.89599495528e-13, 5.11534770705e-13, 5.31311702533e-13], "mean": [0.00127536791842, 0.000994709786028, 0.000460663664853, 0.000374831142835, 0.000421894306783, 0.000433796230936, 0.000279998057522, 0.000185729877558, 0.000188398858882, 0.000184618096682, 0.000399867014494, 0.000518186134286, 0.000428430270404, 0.00035336217843, 9.15505152079e-05, 8.87356727617e-05, 9.13093463168e-05, 9.23981278902e-05, 7.21851029084e-05, 4.8566271289e-05, 3.93043737859e-05, 2.00470549316e-05, 1.06980323835e-05, 1.09179172796e-05, 1.36641219797e-05, 9.02606097952e-06, 6.98158828527e-06, 5.84397730563e-06, 4.47160800832e-06, 2.35815014094e-06, 1.41246835028e-06, 1.00923614355e-06, 8.86958389401e-07, 5.49399089778e-07, 4.60467077801e-07, 5.0524317885e-07, 4.86338024075e-07, 3.77441722321e-07, 3.29551056666e-07, 3.3001001043e-07], "var": [1.70052153408e-05, 2.92375102617e-06, 6.16865918346e-07, 5.00799330894e-07, 3.80633451869e-07, 3.56739377594e-07, 1.90595173422e-07, 1.07488425272e-07, 1.54083977577e-07, 1.73765499767e-07, 7.3117945476e-07, 1.02014257664e-06, 8.47045953378e-07, 1.08295387236e-06, 4.56216717737e-08, 3.48954038998e-08, 2.43424782553e-08, 3.13594377133e-08, 2.1536282091e-08, 1.47810288453e-08, 8.51620463038e-09, 2.64289035101e-09, 9.10051034531e-10, 3.76810693759e-10, 4.16159939842e-10, 1.96341873315e-10, 2.26407545489e-10, 7.05576708171e-11, 3.45755125919e-11, 1.11032242428e-11, 6.57141268484e-12, 4.74239788065e-12, 4.98679613228e-12, 1.86467443049e-12, 1.11522108822e-12, 8.24758664142e-13, 8.77410069513e-13, 6.59814976094e-13, 4.7078898939e-13, 5.70659242517e-13], "dmean2": [0.0019861436449, 0.00105169380549, 0.000418604118749, 0.000373585120542, 0.00024003071303, 0.000280333071714, 0.000241118497797, 0.000162902899319, 0.000133674024255, 0.000117529132694, 0.000231455182075, 0.000252822064795, 0.000165614226717, 0.000148781691678, 6.97373689036e-05, 6.25117318123e-05, 6.45257314318e-05, 6.31565126241e-05, 5.94122175244e-05, 3.73603506887e-05, 2.86050126306e-05, 1.45332942338e-05, 8.24321978143e-06, 8.6649424702e-06, 9.26243865251e-06, 6.37204584564e-06, 4.68168491352e-06, 4.06174149248e-06, 3.47691548086e-06, 2.24947052629e-06, 1.49661582327e-06, 1.11833287519e-06, 1.02237527244e-06, 6.27382519269e-07, 4.78064691833e-07, 4.26527321906e-07, 3.81321541454e-07, 2.98257646136e-07, 2.64426688545e-07, 2.55112183822e-07], "dvar": [2.31753783737e-05, 4.32057186117e-06, 5.05349305513e-07, 4.32487865965e-07, 9.87520536455e-08, 1.28956060053e-07, 1.65180153999e-07, 6.57450840436e-08, 7.48537303252e-08, 4.63801193007e-08, 1.71252551695e-07, 1.90904017927e-07, 1.08662426612e-07, 6.42043431753e-08, 1.33433646354e-08, 9.53155421257e-09, 7.49027950775e-09, 9.38442479281e-09, 1.05502362402e-08, 6.24289864248e-09, 2.90847879114e-09, 8.10838673981e-10, 3.13870568425e-10, 1.348874068e-10, 1.29189561826e-10, 8.0750572895e-11, 4.98911953417e-11, 2.79297938943e-11, 1.99357943348e-11, 9.05251394678e-12, 5.93575492577e-12, 4.7436343048e-12, 5.2564979279e-12, 2.19134150929e-12, 1.07480647646e-12, 4.54829967092e-13, 3.60278132197e-13, 2.83077462295e-13, 2.31810637309e-13, 2.57784489284e-13], "min": [1.02060985872e-23, 9.58663451728e-24, 7.24874503932e-24, 1.40863531298e-23, 8.19385089088e-24, 1.15912286851e-23, 1.07422392239e-23, 1.10030295394e-23, 9.74316660898e-24, 9.97157970637e-24, 1.06287955037e-23, 6.7353646174e-24, 1.15491634662e-23, 6.89875901011e-24, 1.60331293152e-23, 7.68228563789e-24, 6.44606368547e-24, 1.36283609986e-23, 1.68130461155e-23, 8.03383597828e-24, 1.03675713147e-23, 1.23260999499e-23, 9.42960623207e-24, 1.31298009065e-23, 1.18571994501e-23, 1.39562952101e-23, 1.33213300234e-23, 8.24459752405e-24, 1.36782958939e-23, 1.47702434698e-23, 7.80370789729e-24, 8.9042469573e-24, 8.88802324392e-24, 1.02933268818e-23, 1.00579560312e-23, 9.22716795771e-24, 1.12373101842e-23, 1.0711953276e-23, 1.0405607821e-23, 9.43052998819e-24], "median": [0.00056177622173, 0.00071372766979, 0.000260407075984, 0.000166826721397, 0.000222345799557, 0.000223930052016, 0.000132189627038, 8.61292282934e-05, 6.31953007542e-05, 4.74846056022e-05, 7.99838962848e-05, 8.12799262349e-05, 5.8994119172e-05, 6.27770641586e-05, 2.39723776758e-05, 2.48831565841e-05, 3.21467450703e-05, 2.47972548095e-05, 2.03937743208e-05, 1.38394234455e-05, 1.21055772979e-05, 6.53054212307e-06, 3.82458756576e-06, 4.76183504361e-06, 6.20381888439e-06, 3.88559874409e-06, 2.62512776317e-06, 2.50774064625e-06, 2.55759391621e-06, 1.25870940337e-06, 5.59647446607e-07, 3.7332034708e-07, 2.76134699106e-07, 2.08282187941e-07, 1.86096642096e-07, 2.3245050329e-07, 1.89264568462e-07, 1.54242229655e-07, 1.5228987138e-07, 1.44185719364e-07], "max": [0.0492829307914, 0.0244927108288, 0.0129198115319, 0.0108777265996, 0.00975754391402, 0.00765467481688, 0.00538175646216, 0.00578220374882, 0.00643066968769, 0.00613741483539, 0.0113215101883, 0.0107214050367, 0.0115037662908, 0.0110290804878, 0.00346728577279, 0.00273578730412, 0.00240754918195, 0.00240897783078, 0.00225590285845, 0.00327748153359, 0.00266378698871, 0.00102221895941, 0.000744619930629, 0.000298391940305, 0.000294914876577, 0.000250431854511, 0.000218728673644, 7.95900195953e-05, 7.55728469812e-05, 5.04999588884e-05, 4.47788515885e-05, 5.56017803319e-05, 4.90591883135e-05, 3.4388682252e-05, 2.25703770411e-05, 2.58823438344e-05, 1.37966371767e-05, 2.28342651099e-05, 1.54465706146e-05, 1.34308265842e-05]}, "barkbands_crest": {"dmean": 2.09785556793, "dvar2": 15.4324140549, "mean": 10.4189710617, "var": 20.3193244934, "dmean2": 3.33911705017, "dvar": 6.07745981216, "min": 2.70497441292, "median": 9.3580827713, "max": 25.9513492584}, "mfcc": {"icov": [[0.000130793094286, -1.37256311064e-05, 0.000213409817661, 4.47858801635e-05, 7.0550107921e-05, -8.87632922968e-05, 3.5874414607e-05, -0.000182574920473, -7.22822514945e-05, -0.000110740948003, -8.79973449628e-05, -9.49398236116e-05, -0.000114544003736], [-1.37256311064e-05, 0.000977301620878, 4.71146995551e-05, -0.000200970927835, 0.000170834740857, 0.000235168830841, -0.000173144362634, 0.000439643132268, -0.000307071488351, -0.000101573525171, -4.13409798057e-05, -5.61283159186e-05, -0.000191883635125], [0.000213409817661, 4.71146995551e-05, 0.00183377694339, 5.13580125698e-05, -0.000263579859165, -0.000362592865713, 0.000954304996412, -0.000509737816174, 0.000103651444078, 0.000730070867576, -0.00158762407955, 0.000269152718829, 1.90167320397e-05], [4.47858801635e-05, -0.000200970927835, 5.13580125698e-05, 0.0038687158376, -0.00119205575902, 0.00041000044439, -4.49278413726e-05, -0.000401789875468, 0.000129081134219, 0.000936845492106, -0.0010086161783, -0.00119635125156, -7.13616609573e-05], [7.0550107921e-05, 0.000170834740857, -0.000263579859165, -0.00119205575902, 0.00630808668211, -0.00113403901923, 0.00101492111571, -0.000636173936073, -0.000985298422165, -0.000304730405333, 0.000247942021815, -0.00180353480391, -0.000400141085265], [-8.87632922968e-05, 0.000235168830841, -0.000362592865713, 0.00041000044439, -0.00113403901923, 0.00589572265744, -0.00160925940145, -0.00116974057164, 0.00126566004474, -0.000222293281695, -0.00188845850062, 0.00144319108222, -0.00288982479833], [3.5874414607e-05, -0.000173144362634, 0.000954304996412, -4.49278413726e-05, 0.00101492111571, -0.00160925940145, 0.00507699977607, -0.000545807939488, 0.000492346007377, -0.00126497470774, -8.40269494802e-05, 0.000496638414916, 0.00093891704455], [-0.000182574920473, 0.000439643132268, -0.000509737816174, -0.000401789875468, -0.000636173936073, -0.00116974057164, -0.000545807939488, 0.00746708735824, -0.00222380878404, -0.000560799613595, 0.0005840229569, -0.000572664488573, -0.000624318316113], [-7.22822514945e-05, -0.000307071488351, 0.000103651444078, 0.000129081134219, -0.000985298422165, 0.00126566004474, 0.000492346007377, -0.00222380878404, 0.00856038369238, -0.00124100444373, -0.000571677519474, -0.000162442156579, 0.000930789392442], [-0.000110740948003, -0.000101573525171, 0.000730070867576, 0.000936845492106, -0.000304730405333, -0.000222293281695, -0.00126497470774, -0.000560799613595, -0.00124100444373, 0.0107425218448, -0.0041785556823, 0.00192052824423, -0.000975114759058], [-8.79973449628e-05, -4.13409798057e-05, -0.00158762407955, -0.0010086161783, 0.000247942021815, -0.00188845850062, -8.40269494802e-05, 0.0005840229569, -0.000571677519474, -0.0041785556823, 0.015044442378, -0.00441157771274, 0.00157886021771], [-9.49398236116e-05, -5.61283159186e-05, 0.000269152718829, -0.00119635125156, -0.00180353480391, 0.00144319108222, 0.000496638414916, -0.000572664488573, -0.000162442156579, 0.00192052824423, -0.00441157771274, 0.0130708478391, -0.00366591126658], [-0.000114544003736, -0.000191883635125, 1.90167320397e-05, -7.13616609573e-05, -0.000400141085265, -0.00288982479833, 0.00093891704455, -0.000624318316113, 0.000930789392442, -0.000975114759058, 0.00157886021771, -0.00366591126658, 0.0118229649961]], "mean": [-665.152526855, 140.355773926, -13.977976799, 11.089758873, 1.69508361816, 1.77359580994, 8.8961391449, -3.60062813759, 1.19609057903, 1.26222896576, -7.5037484169, -2.01641345024, 0.702480077744], "cov": [[11483.3808594, 212.006744385, -1569.16601562, -206.997833252, -153.543167114, 290.881530762, 403.417633057, 302.204498291, 151.250549316, 340.961303711, 13.4142827988, 53.8283233643, 196.904937744], [212.006744385, 1116.80908203, -132.379455566, 36.6279373169, -52.5725898743, -75.7520294189, 42.7871780396, -70.439453125, 30.1286869049, 17.1103744507, -5.41905498505, 3.14357686043, -6.06133365631], [-1569.16601562, -132.379455566, 973.716918945, 91.8312988281, 125.053092957, 24.2984523773, -214.549331665, 28.0953006744, -7.25550937653, -85.974067688, 86.0810089111, 43.5731811523, 5.82613515854], [-206.997833252, 36.6279373169, 91.8312988281, 332.449645996, 95.4831466675, -13.1664533615, -51.4112014771, 24.2045307159, 12.2347450256, -34.6831512451, 34.9853019714, 66.9634399414, 18.0896282196], [-153.543167114, -52.5725898743, 125.053092957, 95.4831466675, 229.665878296, 41.8457717896, -67.7158050537, 46.8995628357, 28.0930042267, -9.49425315857, 29.6129302979, 58.0593910217, 34.9426040649], [290.881530762, -75.7520294189, 24.2984523773, -13.1664533615, 41.8457717896, 271.347137451, 75.02318573, 62.947303772, -22.7585411072, 38.5878982544, 37.7498855591, 1.36363387108, 66.9322967529], [403.417633057, 42.7871780396, -214.549331665, -51.4112014771, -67.7158050537, 75.02318573, 295.957427979, 14.4864435196, -15.3902521133, 60.9320678711, -6.24035596848, -38.6127891541, -6.95717525482], [302.204498291, -70.439453125, 28.0953006744, 24.2045307159, 46.8995628357, 62.947303772, 14.4864435196, 181.023773193, 43.228717804, 22.8733997345, 17.6287384033, 22.0356273651, 30.2289009094], [151.250549316, 30.1286869049, -7.25550937653, 12.2347450256, 28.0930042267, -22.7585411072, -15.3902521133, 43.228717804, 142.367401123, 20.0762615204, 11.1589078903, 12.1740922928, -6.33494949341], [340.961303711, 17.1103744507, -85.974067688, -34.6831512451, -9.49425315857, 38.5878982544, 60.9320678711, 22.8733997345, 20.0762615204, 130.6980896, 27.3876838684, -12.4561052322, 10.6687355042], [13.4142827988, -5.41905498505, 86.0810089111, 34.9853019714, 29.6129302979, 37.7498855591, -6.24035596848, 17.6287384033, 11.1589078903, 27.3876838684, 98.6135253906, 34.8549957275, 10.7891073227], [53.8283233643, 3.14357686043, 43.5731811523, 66.9634399414, 58.0593910217, 1.36363387108, -38.6127891541, 22.0356273651, 12.1740922928, -12.4561052322, 34.8549957275, 116.538383484, 36.9292755127], [196.904937744, -6.06133365631, 5.82613515854, 18.0896282196, 34.9426040649, 66.9322967529, -6.95717525482, 30.2289009094, -6.33494949341, 10.6687355042, 10.7891073227, 36.9292755127, 117.56993866]]}, "spectral_decrease": {"dmean": 2.02299021979e-09, "dvar2": 4.8125682367e-17, "mean": -6.99488911238e-09, "var": 3.16232041534e-17, "dmean2": 3.17581227982e-09, "dvar": 1.92224730608e-17, "min": -5.11125684e-08, "median": -5.93845328467e-09, "max": -3.43766427918e-29}, "zerocrossingrate": {"dmean": 0.00652606738731, "dvar2": 0.000131288223201, "mean": 0.0526667386293, "var": 0.000821309396997, "dmean2": 0.00784010253847, "dvar": 0.00011910165631, "min": 0.00439453125, "median": 0.05029296875, "max": 0.50634765625}, "spectral_contrast_coeffs": {"dmean": [0.0412385575473, 0.0391315184534, 0.0352637730539, 0.030718261376, 0.0215509664267, 0.0181276090443], "dvar2": [0.00382309104316, 0.00289977970533, 0.00223772088066, 0.00164871115703, 0.000818275497295, 0.00087497883942], "mean": [-0.665390491486, -0.701672077179, -0.687378883362, -0.725299060345, -0.772843658924, -0.777462422848], "var": [0.00749836675823, 0.005942044314, 0.0105844344944, 0.00572479981929, 0.00338587560691, 0.00194262992591], "dmean2": [0.0671401545405, 0.0627831891179, 0.0542940087616, 0.0477131642401, 0.0336298048496, 0.0290816593915], "dvar": [0.00153742195107, 0.00117216061335, 0.00105306319892, 0.000742401869502, 0.000407575978898, 0.000364726234693], "min": [-0.971913576126, -0.994669497013, -0.977154076099, -0.963096439838, -0.963496625423, -0.959077835083], "median": [-0.682086348534, -0.707980811596, -0.707437992096, -0.7262622118, -0.777887642384, -0.774988412857], "max": [-0.234934777021, -0.370517909527, -0.383054763079, -0.435659646988, -0.534458041191, -0.592051744461]}, "spectral_skewness": {"dmean": 0.24370136857, "dvar2": 0.228111863136, "mean": 2.06712889671, "var": 0.945864796638, "dmean2": 0.401288419962, "dvar": 0.0844220668077, "min": 0.0254669077694, "median": 1.88387870789, "max": 10.0000181198}, "spectral_energyband_middle_high": {"dmean": 0.00292855454609, "dvar2": 4.4745629566e-05, "mean": 0.0132270837203, "var": 0.000209131510928, "dmean2": 0.00417813193053, "dvar": 2.19887515414e-05, "min": 1.72174393134e-21, "median": 0.00697258906439, "max": 0.0873195677996}, "gfcc": {"icov": [[0.000113801463158, -6.8814115366e-05, 0.000314931647154, -9.98651303235e-05, 0.000175161883817, -0.0002555642277, 6.02452855674e-05, -0.000258014100837, 0.000158020018716, -0.000357765355147, 0.000190636390471, -0.000483560288558, 0.000246424780926], [-6.8814115366e-05, 0.00143910280894, -0.000486662960611, 0.000208309909794, -0.000561801367439, 0.00105898350012, -0.000425506616011, 0.000825187715236, -0.00107331178151, 0.00104553904384, -0.00147439306602, 0.00161717913579, -0.00123598822393], [0.000314931647154, -0.000486662960611, 0.00197527604178, -0.000545839895494, 0.000635766016785, -0.000764479103964, 0.000508289493155, -0.000601104053203, 0.000190878461581, -0.00135779485572, 0.00140068435576, -0.00208216067404, 0.00157069368288], [-9.98651303235e-05, 0.000208309909794, -0.000545839895494, 0.00370943197049, -0.00106097315438, 0.00021674267191, 0.000226262243814, 0.000143428012962, -0.0015427848557, 0.00118654815014, -0.00139216473326, -0.000386823667213, 0.00117550685536], [0.000175161883817, -0.000561801367439, 0.000635766016785, -0.00106097315438, 0.00515495520085, -0.00115716538858, -0.0011975314701, -0.000669361499604, -5.01673130202e-05, -0.00159814208746, 0.000421239819843, -0.00142353028059, 0.000166429774254], [-0.0002555642277, 0.00105898350012, -0.000764479103964, 0.00021674267191, -0.00115716538858, 0.00534967659041, -0.00216537131928, 0.00106838182546, -0.000714596768375, 0.000736313522793, -0.00078653061064, 0.000581957341637, 0.00118613743689], [6.02452855674e-05, -0.000425506616011, 0.000508289493155, 0.000226262243814, -0.0011975314701, -0.00216537131928, 0.00609565526247, -0.00137514469679, 0.000949500070419, 0.000236650943407, -0.00184445967898, 0.00104125216603, -0.00112660019659], [-0.000258014100837, 0.000825187715236, -0.000601104053203, 0.000143428012962, -0.000669361499604, 0.00106838182546, -0.00137514469679, 0.00768902851269, -0.00198506424204, -0.000567867304198, 0.00201238365844, -8.05558665888e-05, -0.00211754837073], [0.000158020018716, -0.00107331178151, 0.000190878461581, -0.0015427848557, -5.01673130202e-05, -0.000714596768375, 0.000949500070419, -0.00198506424204, 0.00782427377999, -0.00158524059225, 0.00125051022042, -0.00295888679102, 0.00107216392644], [-0.000357765355147, 0.00104553904384, -0.00135779485572, 0.00118654815014, -0.00159814208746, 0.000736313522793, 0.000236650943407, -0.000567867304198, -0.00158524059225, 0.0120457094163, -0.00501386588439, 0.00299606961198, -0.000812326034065], [0.000190636390471, -0.00147439306602, 0.00140068435576, -0.00139216473326, 0.000421239819843, -0.00078653061064, -0.00184445967898, 0.00201238365844, 0.00125051022042, -0.00501386588439, 0.0134322727099, -0.00505385315046, 0.00125895824749], [-0.000483560288558, 0.00161717913579, -0.00208216067404, -0.000386823667213, -0.00142353028059, 0.000581957341637, 0.00104125216603, -8.05558665888e-05, -0.00295888679102, 0.00299606961198, -0.00505385315046, 0.01561242342, -0.00441898498684], [0.000246424780926, -0.00123598822393, 0.00157069368288, 0.00117550685536, 0.000166429774254, 0.00118613743689, -0.00112660019659, -0.00211754837073, 0.00107216392644, -0.000812326034065, 0.00125895824749, -0.00441898498684, 0.0156063474715]], "mean": [-26.4698200226, 105.176574707, -122.870315552, 11.754901886, -47.5956039429, 11.3713779449, -32.7439041138, 7.8980307579, -27.9602012634, 5.31402397156, -12.3040819168, -0.794390439987, -1.72520041466], "cov": [[21055.1972656, -1387.36328125, -2792.32421875, 32.6157150269, -6.90242242813, 827.761352539, 336.460235596, 516.443969727, -208.614654541, 341.416473389, 123.341621399, 300.813873291, -24.910326004], [-1387.36328125, 1286.05090332, 141.081115723, 1.94915735722, 73.5852966309, -221.781707764, 45.0640144348, -113.853492737, 86.2276535034, -46.642326355, 96.1760787964, -67.4068908691, 78.0927810669], [-2792.32421875, 141.081115723, 1210.42211914, 162.313171387, -28.0363636017, -41.5887145996, -154.822265625, -12.6802692413, 131.539337158, -0.0729155912995, -58.4870300293, 58.0763244629, -76.099029541], [32.6157150269, 1.94915735722, 162.313171387, 392.469604492, 81.109992981, 38.0989303589, -20.0011062622, 10.9366340637, 104.791595459, 0.850461602211, 35.4143676758, 58.4071617126, -43.4525146484], [-6.90242242813, 73.5852966309, -28.0363636017, 81.109992981, 275.465118408, 73.3075485229, 91.9984283447, 21.5209884644, 37.1013298035, 29.9173412323, 40.307220459, 22.8064517975, 5.91564559937], [827.761352539, -221.781707764, -41.5887145996, 38.0989303589, 73.3075485229, 325.402587891, 106.585601807, 12.0907649994, -3.06247782707, 24.8080177307, 23.5283279419, 22.6143341064, -39.4907684326], [336.460235596, 45.0640144348, -154.822265625, -20.0011062622, 91.9984283447, 106.585601807, 264.739990234, 20.9893417358, -30.9989204407, 14.5461683273, 51.7233963013, -13.93937397, 22.9892711639], [516.443969727, -113.853492737, -12.6802692413, 10.9366340637, 21.5209884644, 12.0907649994, 20.9893417358, 186.85760498, 38.9678344727, 20.4498615265, -30.285736084, 25.9656600952, 17.1840667725], [-208.614654541, 86.2276535034, 131.539337158, 104.791595459, 37.1013298035, -3.06247782707, -30.9989204407, 38.9678344727, 194.798858643, 13.5900707245, 2.07454681396, 43.0065422058, -8.7874288559], [341.416473389, -46.642326355, -0.0729155912995, 0.850461602211, 29.9173412323, 24.8080177307, 14.5461683273, 20.4498615265, 13.5900707245, 114.16217804, 33.893409729, 7.07696294785, -3.2430961132], [123.341621399, 96.1760787964, -58.4870300293, 35.4143676758, 40.307220459, 23.5283279419, 51.7233963013, -30.285736084, 2.07454681396, 33.893409729, 124.989456177, 21.5939311981, 3.94790434837], [300.813873291, -67.4068908691, 58.0763244629, 58.4071617126, 22.8064517975, 22.6143341064, -13.93937397, 25.9656600952, 43.0065422058, 7.07696294785, 21.5939311981, 107.411552429, 6.30786371231], [-24.910326004, 78.0927810669, -76.099029541, -43.4525146484, 5.91564559937, -39.4907684326, 22.9892711639, 17.1840667725, -8.7874288559, -3.2430961132, 3.94790434837, 6.30786371231, 90.418548584]]}, "erbbands_spread": {"dmean": 4.58175086975, "dvar2": 92.9638061523, "mean": 24.2462825775, "var": 261.551055908, "dmean2": 6.78322887421, "dvar": 46.2049293518, "min": 1.78150093555, "median": 20.8686904907, "max": 164.957901001}, "erbbands_kurtosis": {"dmean": 1.07325029373, "dvar2": 5.63834238052, "mean": 2.53495025635, "var": 23.820941925, "dmean2": 1.59357595444, "dvar": 2.67585349083, "min": -1.87096917629, "median": 0.903516054153, "max": 59.4977073669}, "dynamic_complexity": 4.27818441391, "erbbands_crest": {"dmean": 2.19197297096, "dvar2": 11.7986268997, "mean": 11.628367424, "var": 33.5832633972, "dmean2": 3.33594083786, "dvar": 5.166223526, "min": 2.3457660675, "median": 10.1151561737, "max": 32.1590614319}, "erbbands": {"dmean": [0.149689719081, 0.692505836487, 0.821115195751, 1.13733410835, 3.04901456833, 3.40351295471, 4.55739402771, 8.36423969269, 9.64877796173, 9.0764541626, 11.5157728195, 11.3565616608, 29.3460006714, 41.6594009399, 34.2164344788, 23.0419387817, 16.1800937653, 20.7911224365, 22.6115875244, 18.7217998505, 16.92146492, 8.07056903839, 5.25504255295, 6.56772756577, 4.07359552383, 3.41141223907, 2.82060408592, 1.60655283928, 1.09477770329, 0.734652161598, 0.463454931974, 0.376580506563, 0.247302293777, 0.184867307544, 0.112981669605, 0.0404846146703, 0.0104062734172, 0.00253520859405, 0.000505223695654, 1.87276837096e-05], "dvar2": [1.09635198116, 22.1071224213, 18.9231853485, 16.8874225616, 284.35559082, 167.886795044, 199.825332642, 799.232910156, 1903.65795898, 1609.55383301, 2910.24755859, 1840.63623047, 12944.7636719, 20949.2636719, 15196.3544922, 5706.56152344, 2538.65258789, 3921.87890625, 5301.60791016, 6145.46191406, 3729.58447266, 1261.5489502, 306.271606445, 323.191741943, 187.892959595, 123.80770874, 93.8681030273, 55.9463882446, 41.5249862671, 25.0095443726, 6.85812759399, 1.78974044323, 0.966814756393, 0.623669207096, 0.179206445813, 0.0242187399417, 0.00139610643964, 8.0369238276e-05, 7.69874804973e-06, 4.82760897924e-09], "mean": [0.146468192339, 0.871226608753, 1.6673232317, 2.24741458893, 4.1967458725, 6.86491632462, 12.4577703476, 19.7227592468, 19.0093421936, 15.695101738, 23.62251091, 26.6818466187, 75.8931732178, 126.854362488, 134.685302734, 71.1582183838, 38.1061859131, 48.3750610352, 53.9445533752, 40.3796768188, 37.3198051453, 18.720123291, 12.0167503357, 16.0816345215, 10.6616420746, 8.86320400238, 6.18093013763, 2.91271042824, 1.79732000828, 1.17019212246, 0.843547821045, 0.800396978855, 0.531235337257, 0.391158491373, 0.226385354996, 0.0788140073419, 0.0204333215952, 0.00474302936345, 0.000851641700137, 5.34475620952e-05], "var": [0.297529041767, 4.82650709152, 5.57950258255, 9.76816368103, 109.300041199, 133.223709106, 381.27230835, 812.920349121, 860.241088867, 717.54119873, 2359.45507812, 2972.03271484, 23909.9863281, 62969.0898438, 98737.5078125, 29744.8007812, 4422.65039062, 5746.59179688, 7986.81103516, 5151.95117188, 5842.08544922, 2070.07788086, 566.648681641, 496.572784424, 286.80480957, 152.35585022, 58.840133667, 21.7046413422, 14.8237123489, 8.00938606262, 3.05053496361, 2.05414175987, 1.13242220879, 0.712522566319, 0.241412803531, 0.035961329937, 0.0015793282073, 7.8616772953e-05, 7.37755181035e-06, 5.29268628924e-09], "dmean2": [0.25757804513, 1.24690878391, 1.45517063141, 1.85570967197, 5.0190243721, 5.63261508942, 6.88381242752, 13.3221969604, 15.7945919037, 14.7873830795, 17.0144386292, 16.3875331879, 42.9866256714, 58.0838356018, 48.2182731628, 34.1577644348, 23.9796981812, 31.7186641693, 33.8354492188, 28.9192199707, 25.3416213989, 12.1370258331, 8.24973487854, 10.1870450974, 6.26289176941, 5.35892009735, 4.59868240356, 2.77594685555, 1.88350522518, 1.25477457047, 0.776540756226, 0.589385688305, 0.38052162528, 0.279538363218, 0.167506188154, 0.0599200837314, 0.0152828739956, 0.00367686804384, 0.00071706523886, 2.69539032161e-05], "dvar": [0.414149582386, 7.78047084808, 6.53437280655, 6.7444767952, 111.06048584, 64.2193984985, 91.0762023926, 305.456390381, 689.447509766, 604.893859863, 1291.31005859, 915.937255859, 5875.40966797, 10436.8212891, 7856.79052734, 2626.62255859, 1229.05737305, 1771.97729492, 2368.60986328, 2591.04956055, 1848.18762207, 617.863708496, 138.852310181, 144.857925415, 80.0041122437, 50.6549797058, 35.461265564, 19.853471756, 14.9047546387, 8.86373901367, 2.56794762611, 0.834195613861, 0.468133151531, 0.305478155613, 0.0910206139088, 0.0128948027268, 0.000663968385197, 3.84531667805e-05, 3.88475336877e-06, 2.4521984443e-09], "min": [1.1320322112e-21, 7.31071191883e-21, 1.89235078086e-20, 2.5410986802e-20, 1.69896500093e-19, 1.47824813959e-19, 3.06040851719e-19, 4.58380378687e-19, 6.25616136018e-19, 1.02326356996e-18, 1.28398169666e-18, 1.50466283413e-18, 2.01710370515e-18, 1.64756603977e-18, 3.07687468466e-18, 4.74237658505e-18, 4.93826742976e-18, 3.78446586694e-18, 8.9670547391e-18, 9.52783769948e-18, 8.02791026756e-18, 1.02704697001e-17, 1.36576899361e-17, 1.48960669942e-17, 1.97454431138e-17, 1.42433007225e-17, 2.44447653616e-17, 1.65515184434e-17, 1.60846941016e-17, 1.73621107759e-17, 1.66586648025e-17, 1.84680132046e-17, 1.51810555306e-17, 1.17055114304e-17, 8.5011915812e-18, 5.16300702552e-18, 3.59841764434e-18, 1.34987852317e-18, 3.30168650362e-19, 3.08967468425e-20], "median": [0.0497123226523, 0.526517212391, 1.12784469128, 1.30295300484, 1.7191131115, 3.06637072563, 6.26052474976, 9.39069271088, 8.8900680542, 7.68738365173, 9.18165779114, 8.65298080444, 17.7312469482, 23.1059055328, 21.9670333862, 20.3263893127, 16.9843654633, 20.2861824036, 19.3631782532, 16.9862689972, 13.2812843323, 7.00631523132, 5.46296405792, 8.03448390961, 4.9178237915, 4.16780567169, 3.85263681412, 1.42666363716, 0.674866914749, 0.434873282909, 0.368061840534, 0.346418470144, 0.234047859907, 0.182298332453, 0.106304973364, 0.0329054743052, 0.00872131250799, 0.00166072440334, 0.000171448220499, 3.85521670978e-05], "max": [6.63768911362, 31.5243301392, 37.5823364258, 43.0115203857, 173.613250732, 165.543060303, 292.352386475, 368.018707275, 324.671142578, 585.627502441, 916.425109863, 867.881958008, 2106.5234375, 2468.63134766, 2585.13696289, 1947.09570312, 1275.84387207, 1084.83740234, 1299.97192383, 1561.63110352, 1943.55664062, 1067.37939453, 361.720672607, 327.649291992, 193.915344238, 106.867668152, 91.3003005981, 74.4792404175, 85.6617889404, 59.752155304, 36.9652137756, 20.7702159882, 23.3924598694, 15.8068799973, 7.21763134003, 2.92149043083, 0.825550556183, 0.122742891312, 0.0411707647145, 0.00117278960533]}, "silence_rate_30dB": {"dmean": 0.00547324726358, "dvar2": 0.0161140114069, "mean": 0.99716925621, "var": 0.00282241893001, "dmean2": 0.0109475273639, "dvar": 0.00544370291755, "min": 0, "median": 1, "max": 1}, "silence_rate_60dB": {"dmean": 0.00679437583312, "dvar2": 0.0143476845697, "mean": 0.0841668248177, "var": 0.0770791172981, "dmean2": 0.0135900340974, "dvar": 0.00674785487354, "min": 0, "median": 0, "max": 1}, "spectral_energyband_middle_low": {"dmean": 0.00292806187645, "dvar2": 9.28319204831e-05, "mean": 0.00888038426638, "var": 7.23244884284e-05, "dmean2": 0.00451417500153, "dvar": 3.69655790564e-05, "min": 3.16838068729e-22, "median": 0.00666072871536, "max": 0.0944847613573}, "spectral_spread": {"dmean": 452590.65625, "dvar2": 968507392000, "mean": 3953335.75, "var": 2836766916610.0, "dmean2": 625819.875, "dvar": 629761507328, "min": 638892.8125, "median": 3696422.5, "max": 40697032}, "barkbands": {"dmean": [0.000583615677897, 0.0037021371536, 0.000620857463218, 0.000560746586416, 0.0010170545429, 0.000822436413728, 0.00068836461287, 0.000517546082847, 0.000630277907476, 0.00121640833095, 0.00103069783654, 0.000814521918073, 0.000381944526453, 0.000551616074517, 0.000414582289523, 0.000347407447407, 0.000145293248352, 0.000106643696199, 0.000114958442282, 8.22400834295e-05, 5.51482626179e-05, 2.91661672236e-05, 1.69206086866e-05, 1.56773639901e-05, 1.53602704813e-05, 6.6178704401e-06, 2.46897207035e-06], "dvar2": [1.24486969071e-05, 0.000624785781838, 8.92397292773e-06, 5.80528649152e-06, 1.85070057341e-05, 6.42888562652e-06, 1.07511959868e-05, 4.90958882438e-06, 5.78362141823e-06, 2.26703850785e-05, 1.53679138748e-05, 7.78656522016e-06, 1.46718730321e-06, 2.86610497824e-06, 2.58214959103e-06, 1.90399441635e-06, 3.97443216116e-07, 1.14698714526e-07, 1.17379251208e-07, 6.772879146