{"tonal": {"chords_key": "E", "hpcp_entropy": {"dmean": 0.638178229332, "dmean2": 1.05614089966, "max": 4.46415805817, "dvar": 0.284023225307, "mean": 2.15463662148, "dvar2": 0.720921635628, "min": 0, "var": 0.569276332855, "median": 2.15083408356}, "key_key": "A", "chords_strength": {"dmean": 0.0113702164963, "dmean2": 0.01133348234, "max": 0.725492298603, "dvar": 9.45925421547e-05, "mean": 0.506418347359, "dvar2": 0.000110537926957, "min": 0.225672528148, "var": 0.00775634730235, "median": 0.51468783617}, "key_scale": "minor", "chords_number_rate": 0.00405914755538, "thpcp": [1, 0.770221114159, 0.475247889757, 0.414149224758, 0.308401763439, 0.382928192616, 0.472222983837, 0.390313267708, 0.401802390814, 0.451853901148, 0.357817173004, 0.377824395895, 0.455530256033, 0.363869607449, 0.403907477856, 0.513632178307, 0.359464198351, 0.200852096081, 0.186798051, 0.194174259901, 0.381177276373, 0.726666867733, 0.695565164089, 0.519828021526, 0.479338079691, 0.317311376333, 0.234498783946, 0.270421624184, 0.276258349419, 0.358297497034, 0.464887052774, 0.416382044554, 0.360403627157, 0.360901415348, 0.370343059301, 0.654038488865], "key_strength": 0.725051820278, "tuning_nontempered_energy_ratio": 0.745262205601, "tuning_frequency": 438.984558105, "chords_changes_rate": 0.0797332525253, "tuning_diatonic_strength": 0.491832256317, "chords_scale": "major", "chords_histogram": [2.37750077248, 10.2638444901, 6.17570304871, 7.30646562576, 0.898811221123, 1.88460421562, 1.79762244225, 4.11713552475, 13.4821691513, 32.9950714111, 1.3337199688, 3.39228773117, 0.0869817361236, 0, 0, 0, 0.376920849085, 0.695853888988, 1.15975642204, 0, 0.52189040184, 0.144969552755, 8.98811244965, 2.00057983398], "tuning_equal_tempered_deviation": 0.0370614677668, "hpcp": {"dmean": [0.109576560557, 0.0917168185115, 0.0722622573376, 0.072675332427, 0.0813372209668, 0.107716396451, 0.148535370827, 0.164618700743, 0.155502915382, 0.135455533862, 0.104539804161, 0.0836573988199, 0.0895350128412, 0.0908718928695, 0.104928292334, 0.120506994426, 0.127234697342, 0.132104307413, 0.132004797459, 0.145161405206, 0.18291683495, 0.183835968375, 0.174557968974, 0.146577849984, 0.108326114714, 0.109159976244, 0.139567360282, 0.143440768123, 0.122886329889, 0.119282342494, 0.114476695657, 0.101087652147, 0.110661491752, 0.10465695709, 0.105894818902, 0.111773237586], "dmean2": [0.188357204199, 0.157102018595, 0.128510802984, 0.131189540029, 0.148199260235, 0.187829181552, 0.249940410256, 0.281657278538, 0.273820608854, 0.241277053952, 0.187222957611, 0.151554360986, 0.161011040211, 0.161012738943, 0.182639583945, 0.207394853234, 0.225551515818, 0.238487675786, 0.237501174212, 0.264946818352, 0.322544306517, 0.311787068844, 0.301068484783, 0.261218249798, 0.19591344893, 0.198384299874, 0.250485777855, 0.253498077393, 0.21620516479, 0.21137149632, 0.202440842986, 0.179245740175, 0.197640299797, 0.177659064531, 0.184110358357, 0.193074449897], "max": [1, 1, 1, 1, 1, 1, 1, 1, 1, 1, 1, 1, 1, 1, 1, 1, 1, 1, 1, 1, 1, 1, 1, 1, 1, 1, 1, 1, 1, 1, 1, 1, 1, 1, 1, 1], "dvar": [0.0353742986917, 0.0247345697135, 0.02022405155, 0.0230588652194, 0.0266281403601, 0.0300918407738, 0.0474156998098, 0.0508246310055, 0.0492563843727, 0.051725782454, 0.0353193245828, 0.0258785840124, 0.0294654201716, 0.0279408078641, 0.0320591330528, 0.040407884866, 0.0485420450568, 0.0510612912476, 0.0491795875132, 0.0565122663975, 0.0571368746459, 0.058030679822, 0.0493153482676, 0.0494231395423, 0.0415378920734, 0.0380248054862, 0.0548357404768, 0.0558591373265, 0.041100345552, 0.0410961285233, 0.0437536165118, 0.0292863063514, 0.0349138118327, 0.0344912298024, 0.0318977274001, 0.0325198657811], "mean": [0.161865919828, 0.113281466067, 0.063296481967, 0.058867495507, 0.0611920319498, 0.120124123991, 0.229001626372, 0.219200253487, 0.163818478584, 0.151058495045, 0.0999974384904, 0.0738998949528, 0.0852206125855, 0.0870599895716, 0.112913794816, 0.146504402161, 0.131218537688, 0.113577514887, 0.113734386861, 0.116709828377, 0.206113547087, 0.315139770508, 0.242727309465, 0.149769514799, 0.130514889956, 0.0971896573901, 0.120675899088, 0.148816242814, 0.123003229499, 0.126623913646, 0.142397135496, 0.11276242137, 0.119067497551, 0.143555700779, 0.114669784904, 0.127287313342], "dvar2": [0.0831366106868, 0.0625648722053, 0.0556850060821, 0.0613209605217, 0.07351757586, 0.0798356831074, 0.112064018846, 0.129288345575, 0.131551578641, 0.13665574789, 0.0985425189137, 0.0722493603826, 0.0791882276535, 0.0759693607688, 0.088655680418, 0.107306584716, 0.129233747721, 0.140448957682, 0.134684383869, 0.152975857258, 0.152826696634, 0.131034597754, 0.12751686573, 0.133320987225, 0.105881258845, 0.10527728498, 0.142330735922, 0.140588536859, 0.109951339662, 0.110614210367, 0.11455950141, 0.0806344822049, 0.0975814461708, 0.0830908492208, 0.0859902128577, 0.0852662622929], "min": [0, 0, 0, 0, 0, 0, 0, 0, 0, 0, 0, 0, 0, 0, 0, 0, 0, 0, 0, 0, 0, 0, 0, 0, 0, 0, 0, 0, 0, 0, 0, 0, 0, 0, 0, 0], "var": [0.0765589848161, 0.040489923209, 0.0172757469118, 0.0185533147305, 0.0193843357265, 0.034560892731, 0.095954850316, 0.08332285285, 0.0602919645607, 0.0712873488665, 0.0350490398705, 0.0199715867639, 0.0284875091165, 0.0244713593274, 0.0317983776331, 0.0571106746793, 0.0568713210523, 0.0432463549078, 0.0423549003899, 0.0441877506673, 0.0679593831301, 0.129012793303, 0.0816396027803, 0.0574513264, 0.0686199739575, 0.0371595099568, 0.0519609004259, 0.0641129389405, 0.0432129837573, 0.0518078394234, 0.0720711350441, 0.040078189224, 0.0407669730484, 0.0653145313263, 0.0388994552195, 0.043398655951], "median": [0.0362499952316, 0.0272986590862, 0.0168940071017, 0.0130507536232, 0.0131106367335, 0.0396996065974, 0.0776544809341, 0.0806643143296, 0.0487362965941, 0.0289636906236, 0.0227264482528, 0.023722358048, 0.0239785742015, 0.0305908527225, 0.0371065326035, 0.040047686547, 0.0251532122493, 0.0289436187595, 0.0319718383253, 0.0324257686734, 0.077157869935, 0.134037792683, 0.103107646108, 0.0410923622549, 0.0202785283327, 0.0157781187445, 0.022870125249, 0.0348476395011, 0.0349961631, 0.0246910061687, 0.0204658042639, 0.0244079586118, 0.0330069363117, 0.0326791442931, 0.0297958347946, 0.0347629599273]}}, "lowlevel": {"melbands_flatness_db": {"dmean": 0.0300045218319, "dmean2": 0.0443665422499, "max": 0.628568768501, "dvar": 0.00104109069798, "mean": 0.261509269476, "dvar2": 0.00214513251558, "min": 0.00429204339162, "var": 0.00967911165208, "median": 0.238824173808}, "melbands_crest": {"dmean": 3.29680728912, "dmean2": 5.47534513474, "max": 32.7700309753, "dvar": 8.963763237, "mean": 14.9439382553, "dvar2": 24.019487381, "min": 1.783593297, "var": 26.3397407532, "median": 14.2366504669}, "spectral_entropy": {"dmean": 0.202500686049, "dmean2": 0.293053179979, "max": 9.8175907135, "dvar": 0.0587223507464, "mean": 7.12736272812, "dvar2": 0.116166889668, "min": 4.78732776642, "var": 0.460036128759, "median": 7.3101978302}, "melbands": {"dmean": [0.00034871781827, 0.000842357811052, 0.00186031556223, 0.000997762777843, 0.000355337338988, 0.000325770495692, 0.000237858155742, 0.000118274896522, 8.94975819392e-05, 8.5999861767e-05, 7.17273869668e-05, 5.12600818183e-05, 3.3015578083e-05, 3.17962621921e-05, 2.80928070424e-05, 2.07226894418e-05, 2.86080430669e-05, 2.14950086956e-05, 1.46449074236e-05, 1.36009521157e-05, 1.72979725903e-05, 1.48322560563e-05, 7.29238854547e-06, 4.06979552281e-06, 4.29561396231e-06, 3.60217495654e-06, 1.98688439923e-06, 1.6469783759e-06, 1.44835087212e-06, 1.36251139793e-06, 1.02940020952e-06, 1.00426734662e-06, 9.1512885092e-07, 7.27239921616e-07, 6.24396136573e-07, 5.56462225632e-07, 5.09155313466e-07, 5.05765683556e-07, 3.72676367988e-07, 2.42844947707e-07], "dmean2": [0.00057642388856, 0.00136385986116, 0.0030847475864, 0.00166928162798, 0.000576831109356, 0.00053227879107, 0.00038968003355, 0.000192861756659, 0.000142700300785, 0.000137014241773, 0.000111423360067, 8.09369594208e-05, 5.0921800721e-05, 5.01475260535e-05, 4.4893433369e-05, 3.37037272402e-05, 4.52233798569e-05, 3.42041348631e-05, 2.31580670516e-05, 2.1541463866e-05, 2.79063242488e-05, 2.35782645177e-05, 1.2037408851e-05, 6.69365545036e-06, 6.99740394339e-06, 5.84983399676e-06, 3.25379141941e-06, 2.69740780823e-06, 2.29029728871e-06, 2.20569904741e-06, 1.62198625731e-06, 1.59263140631e-06, 1.41129146414e-06, 1.12437794542e-06, 9.6726580523e-07, 8.41965743348e-07, 7.64406763665e-07, 7.42854638247e-07, 5.60006185424e-07, 3.47609017126e-07], "max": [0.00816453248262, 0.0177716072649, 0.0295627173036, 0.0196131188422, 0.0147733017802, 0.00875214021653, 0.00632660603151, 0.00494333496317, 0.00409656949341, 0.0033589573577, 0.00305662956089, 0.00280489237048, 0.00162620528135, 0.00178411987145, 0.00208752416074, 0.00119808944874, 0.0014432859607, 0.00140403653495, 0.000968640728388, 0.000628144247457, 0.000535565020982, 0.000550058786757, 0.000264710921329, 0.000230105957598, 0.000259242748143, 0.000181820709258, 5.56028571737e-05, 8.88533904799e-05, 6.16465185885e-05, 6.78799915477e-05, 4.72201318189e-05, 3.95421338908e-05, 6.65308980388e-05, 6.5158266807e-05, 4.93654042657e-05, 8.38182750158e-05, 9.01060120668e-05, 9.96955277515e-05, 5.98268088652e-05, 3.5875269532e-05], "dvar": [6.60862781388e-07, 1.7979924678e-06, 8.56441783981e-06, 2.96513235298e-06, 3.26774824089e-07, 3.20712587154e-07, 1.7350883752e-07, 5.53276926496e-08, 4.23564934238e-08, 3.37586207877e-08, 2.84289942698e-08, 1.47995393718e-08, 4.51982096195e-09, 5.72427349965e-09, 5.59551560642e-09, 2.25619944949e-09, 4.77497641427e-09, 2.96973046154e-09, 1.10404507758e-09, 5.62238700041e-10, 9.0571228295e-10, 7.70435770736e-10, 1.6793091917e-10, 5.25975304977e-11, 6.07558933718e-11, 4.90511312123e-11, 1.3400854211e-11, 1.29407934021e-11, 9.11472460008e-12, 1.01724548923e-11, 6.37471499199e-12, 5.90901372971e-12, 6.58056898903e-12, 4.35314024411e-12, 3.41375517264e-12, 5.64092826269e-12, 6.24099947069e-12, 9.15299086524e-12, 4.44147583295e-12, 1.06302661985e-12], "mean": [0.000432169181295, 0.00149386387784, 0.00314679858275, 0.00166410917882, 0.000643062812742, 0.000558040046599, 0.00041126695578, 0.000198309018742, 0.0001555406634, 0.000132358734845, 0.000117596136988, 8.55854596011e-05, 5.59218096896e-05, 5.43998503417e-05, 5.02995171701e-05, 3.52925744664e-05, 4.92749968544e-05, 3.69484732801e-05, 2.71293301921e-05, 2.9074439226e-05, 3.87729451177e-05, 3.29837930622e-05, 1.60087802215e-05, 8.54139761941e-06, 8.71850988915e-06, 7.25406471247e-06, 3.90707737097e-06, 3.18553293255e-06, 2.75464503829e-06, 2.47777711593e-06, 1.84101122613e-06, 1.70708608493e-06, 1.47909463522e-06, 1.19468745652e-06, 1.05363369585e-06, 9.15228724807e-07, 8.63612456214e-07, 8.62913054789e-07, 6.26817438842e-07, 4.64041875148e-07], "dvar2": [1.65494486737e-06, 4.66858045911e-06, 2.23513252422e-05, 7.7553331721e-06, 7.73142119215e-07, 8.16007627691e-07, 4.53842346815e-07, 1.39533113952e-07, 1.02813253022e-07, 8.19517538275e-08, 6.6992406289e-08, 3.54230387245e-08, 1.11290621163e-08, 1.38132350003e-08, 1.36516655758e-08, 5.85352699645e-09, 1.17012373124e-08, 6.9608554476e-09, 2.51414888908e-09, 1.33154798299e-09, 2.33332531074e-09, 1.90510784925e-09, 4.36278957405e-10, 1.34331504253e-10, 1.57153137725e-10, 1.18488649448e-10, 3.39422309703e-11, 3.35950711694e-11, 2.1715301432e-11, 2.47953411275e-11, 1.4822624031e-11, 1.42723732138e-11, 1.5392749575e-11, 9.72969014384e-12, 7.25652524181e-12, 1.21030538022e-11, 1.18343373295e-11, 1.77815817626e-11, 9.33154942206e-12, 2.08686084906e-12], "min": [4.18454264846e-24, 6.73694943896e-24, 4.05462238497e-24, 5.27114648058e-24, 1.17198429893e-23, 7.08799490836e-24, 7.28921044832e-24, 7.82575577073e-24, 8.09950312661e-24, 4.21712378714e-24, 1.05319580944e-23, 1.13266392154e-23, 7.36707575283e-24, 2.28954532067e-24, 6.64958861573e-24, 9.93726504585e-24, 9.62757797598e-24, 7.04903306825e-24, 1.21739318368e-23, 7.40046981267e-24, 5.78892480205e-24, 7.68393672377e-24, 6.67379796805e-24, 7.57390561585e-24, 7.18156012261e-24, 8.05091166143e-24, 8.64383371729e-24, 6.87545763669e-24, 7.92943023747e-24, 1.03581357494e-23, 7.83106953778e-24, 7.91133061286e-24, 7.54275270984e-24, 5.45608072031e-24, 7.60295541868e-24, 5.47835539126e-24, 7.00664441637e-24, 9.83393136702e-24, 8.11518331482e-24, 9.84113761138e-24], "var": [6.70666906899e-07, 3.18290994983e-06, 1.4053567611e-05, 4.30401405538e-06, 1.00918202861e-06, 5.17656587817e-07, 2.98280184552e-07, 9.71516911363e-08, 9.89985267097e-08, 6.00454370669e-08, 6.76809222e-08, 3.44117481177e-08, 1.07095656787e-08, 1.35507267629e-08, 1.32203581416e-08, 4.71500349875e-09, 1.12942180053e-08, 5.23992227386e-09, 2.0296448966e-09, 1.64325741903e-09, 2.76178813152e-09, 2.45090436835e-09, 4.85110784876e-10, 1.38708836084e-10, 1.55782858835e-10, 1.11599618435e-10, 3.10219280819e-11, 3.10266673464e-11, 2.31928278666e-11, 2.35420849481e-11, 1.43622631149e-11, 1.16312506501e-11, 1.15119823396e-11, 8.50131857272e-12, 7.09735308718e-12, 9.47991511679e-12, 1.21998591784e-11, 1.79019975927e-11, 7.83886063699e-12, 2.21047941236e-12], "median": [0.000157141344971, 0.000886604946572, 0.00175885402132, 0.000907986832317, 0.000376165116904, 0.000333429430611, 0.000217779539526, 0.000104918333818, 5.46604205738e-05, 4.76718705613e-05, 3.3309122955e-05, 2.71915887424e-05, 2.45874307438e-05, 1.86716006283e-05, 1.91925773834e-05, 1.53080491145e-05, 1.59132523549e-05, 1.60288345796e-05, 1.19359774544e-05, 1.3419788047e-05, 1.64038319781e-05, 1.38980676638e-05, 6.33989293419e-06, 3.8726202547e-06, 4.32981141785e-06, 3.72210979549e-06, 1.91832532437e-06, 1.26409861423e-06, 8.87366354618e-07, 7.35846356292e-07, 4.95702693115e-07, 3.77702690457e-07, 2.86794062276e-07, 2.44020043283e-07, 1.66957846659e-07, 1.41983932167e-07, 1.21491780192e-07, 9.2083602965e-08, 7.35655376616e-08, 5.90591646699e-08]}, "silence_rate_60dB": {"dmean": 0.0316125303507, "dmean2": 0.0632342249155, "max": 1, "dvar": 0.0306084025651, "mean": 0.0987385809422, "dvar2": 0.0627158880234, "min": 0, "var": 0.0889794528484, "median": 0}, "spectral_energyband_middle_high": {"dmean": 0.0011825656984, "dmean2": 0.00177148042712, "max": 0.0278669781983, "dvar": 2.66155461759e-06, "mean": 0.00429423293099, "dvar2": 6.14072678218e-06, "min": 1.47214723021e-21, "var": 1.91805120267e-05, "median": 0.00310515007004}, "erbbands_skewness": {"dmean": 0.357816964388, "dmean2": 0.540587306023, "max": 5.17179012299, "dvar": 0.150845110416, "mean": 0.357262343168, "dvar2": 0.328755289316, "min": -3.2440764904, "var": 0.753088057041, "median": 0.328730165958}, "dynamic_complexity": 3.78539156914, "dissonance": {"dmean": 0.0199019853026, "dmean2": 0.0331238992512, "max": 0.5, "dvar": 0.000457109359559, "mean": 0.45786190033, "dvar2": 0.00119304854888, "min": 0.233210012317, "var": 0.00134409579914, "median": 0.468848377466}, "spectral_skewness": {"dmean": 0.488733232021, "dmean2": 0.787531554699, "max": 10.2580099106, "dvar": 0.498657554388, "mean": 2.32838749886, "dvar2": 1.2509740591, "min": -0.207697421312, "var": 2.1091094017, "median": 1.93085491657}, "spectral_kurtosis": {"dmean": 6.05166339874, "dmean2": 9.90479660034, "max": 164.525283813, "dvar": 130.155548096, "mean": 14.0455732346, "dvar2": 320.574707031, "min": -1.20457577705, "var": 457.229736328, "median": 6.59935092926}, "gfcc": {"cov": [[16784.8671875, -3205.50146484, -1183.68041992, 1021.58648682, -1303.87121582, 582.068237305, -251.640548706, 211.137619019, -482.452697754, 80.2929077148, -393.215240479, 203.115447998, -237.379089355], [-3205.50146484, 3055.66943359, -346.808410645, -746.625671387, 729.413513184, -520.435913086, 168.706878662, -270.602661133, 218.548614502, -230.157608032, 248.755340576, -288.121063232, 138.86100769], [-1183.68041992, -346.808410645, 1060.22155762, -10.232006073, -102.173553467, 173.655883789, -71.142326355, 72.7901535034, 27.9408798218, 77.5889663696, -31.4999084473, 97.8070907593, -53.2880516052], [1021.58648682, -746.625671387, -10.232006073, 744.934509277, -195.736999512, 203.205810547, 56.2899055481, 66.7051620483, -32.2495536804, 39.0972862244, -4.74034690857, 50.0456199646, 14.1677885056], [-1303.87121582, 729.413513184, -102.173553467, -195.736999512, 522.508728027, -186.967498779, 88.897819519, -4.4294834137, 53.3651161194, -32.9321327209, 59.8455200195, -49.880355835, 23.1091098785], [582.068237305, -520.435913086, 173.655883789, 203.205810547, -186.967498779, 306.524047852, 15.3790998459, 32.937664032, -11.2253007889, 44.4697113037, -36.2942886353, 54.1121940613, -9.78433036804], [-251.640548706, 168.706878662, -71.142326355, 56.2899055481, 88.897819519, 15.3790998459, 184.945999146, 5.63120794296, 19.8733634949, -11.0551595688, 20.9234676361, -29.0650520325, 22.9133777618], [211.137619019, -270.602661133, 72.7901535034, 66.7051620483, -4.4294834137, 32.937664032, 5.63120794296, 149.444442749, 13.9059705734, 33.11901474, -20.3609256744, 42.1381492615, -18.6342372894], [-482.452697754, 218.548614502, 27.9408798218, -32.2495536804, 53.3651161194, -11.2253007889, 19.8733634949, 13.9059705734, 111.994346619, 9.60812664032, 21.0979194641, -15.5155057907, 14.1086235046], [80.2929077148, -230.157608032, 77.5889663696, 39.0972862244, -32.9321327209, 44.4697113037, -11.0551595688, 33.11901474, 9.60812664032, 101.84903717, 3.13400363922, 33.1647338867, -13.144657135], [-393.215240479, 248.755340576, -31.4999084473, -4.74034690857, 59.8455200195, -36.2942886353, 20.9234676361, -20.3609256744, 21.0979194641, 3.13400363922, 98.1149139404, -12.739613533, 17.4670066833], [203.115447998, -288.121063232, 97.8070907593, 50.0456199646, -49.880355835, 54.1121940613, -29.0650520325, 42.1381492615, -15.5155057907, 33.1647338867, -12.739613533, 95.0665512085, 0.936662018299], [-237.379089355, 138.86100769, -53.2880516052, 14.1677885056, 23.1091098785, -9.78433036804, 22.9133777618, -18.6342372894, 14.1086235046, -13.144657135, 17.4670066833, 0.936662018299, 73.9094390869]], "mean": [-43.5136795044, 128.952087402, -111.811500549, 21.475725174, -41.9606666565, -2.44077754021, -45.8298225403, -1.54928898811, -24.447145462, -7.5794467926, -19.2420845032, -5.62733411789, -11.9927549362], "icov": [[0.00011709483806, -4.39592404291e-05, 0.000212653583731, -8.10826968518e-05, 0.000203855597647, -0.000130814514705, 8.65488036652e-05, -0.000162921438459, 0.000295331003144, -7.25463760318e-05, 0.000274811725831, -0.000172491170815, 0.000346531771356], [-4.39592404291e-05, 0.00183772144374, -0.00027037068503, 0.00097969872877, -0.00103364931419, 0.000819518812932, -0.000561494671274, 0.00144724291749, -0.00212538521737, 0.0021513774991, -0.00255772145465, 0.00218002102338, -0.00164082180709], [0.000212653583731, -0.00027037068503, 0.00163411907852, -3.51796370524e-05, 0.000417741393903, -0.000999006442726, 0.000523885013536, -0.000563580659218, 0.000232059639529, -0.000588203954976, 0.000724878511392, -0.00141330505721, 0.00150621274952], [-8.10826968518e-05, 0.00097969872877, -3.51796370524e-05, 0.00246381410398, -0.000121469143778, -0.000479027687106, -0.000939978112001, 1.36764610943e-05, -0.000724113779142, 0.00100883853156, -0.00206546275876, 0.0010653360514, -0.00153703044634], [0.000203855597647, -0.00103364931419, 0.000417741393903, -0.000121469143778, 0.00396703695878, 0.000916561984923, -0.00115246453788, -0.0015395374503, 0.00092423328897, -0.000991644221358, 0.000835845072288, -0.00144771754276, 0.00123935507145], [-0.000130814514705, 0.000819518812932, -0.000999006442726, -0.000479027687106, 0.000916561984923, 0.0062972586602, -0.00196388270706, 0.00125909969211, -0.0016267671017, 4.37299531768e-05, -7.46271907701e-05, -0.000501961039845, -0.000772637024056], [8.65488036652e-05, -0.000561494671274, 0.000523885013536, -0.000939978112001, -0.00115246453788, -0.00196388270706, 0.00757511565462, -0.00143308681436, 0.000614668941125, -0.000384820246836, 0.00024764664704, 0.00181099853944, -0.0009858335834], [-0.000162921438459, 0.00144724291749, -0.000563580659218, 1.36764610943e-05, -0.0015395374503, 0.00125909969211, -0.00143308681436, 0.0105253355578, -0.00399404997006, 0.000413683679653, -0.000222159578698, -0.00215692725033, 0.00101054296829], [0.000295331003144, -0.00212538521737, 0.000232059639529, -0.000724113779142, 0.00092423328897, -0.0016267671017, 0.000614668941125, -0.00399404997006, 0.0139799444005, -0.00408752728254, 0.00170559494291, 0.000377850228688, -0.000257532752585], [-7.25463760318e-05, 0.0021513774991, -0.000588203954976, 0.00100883853156, -0.000991644221358, 4.37299531768e-05, -0.000384820246836, 0.000413683679653, -0.00408752728254, 0.0150679778308, -0.00483163772151, -0.00067059713183, 0.000257403589785], [0.000274811725831, -0.00255772145465, 0.000724878511392, -0.00206546275876, 0.000835845072288, -7.46271907701e-05, 0.00024764664704, -0.000222159578698, 0.00170559494291, -0.00483163772151, 0.016439775005, -0.0031867378857, 0.00117292394862], [-0.000172491170815, 0.00218002102338, -0.00141330505721, 0.0010653360514, -0.00144771754276, -0.000501961039845, 0.00181099853944, -0.00215692725033, 0.000377850228688, -0.00067059713183, -0.0031867378857, 0.0193540174514, -0.00627561565489], [0.000346531771356, -0.00164082180709, 0.00150621274952, -0.00153703044634, 0.00123935507145, -0.000772637024056, -0.0009858335834, 0.00101054296829, -0.000257532752585, 0.000257403589785, 0.00117292394862, -0.00627561565489, 0.0190743152052]]}, "spectral_complexity": {"dmean": 3.16589331627, "dmean2": 4.84728050232, "max": 48, "dvar": 11.0896406174, "mean": 18.1541252136, "dvar2": 23.012008667, "min": 0, "var": 106.729774475, "median": 18}, "spectral_flux": {"dmean": 0.0276688504964, "dmean2": 0.041853249073, "max": 0.309313029051, "dvar": 0.00113773683552, "mean": 0.0833920314908, "dvar2": 0.00244312803261, "min": 6.99451260799e-11, "var": 0.00274812895805, "median": 0.0758448392153}, "spectral_energyband_low": {"dmean": 0.00497104413807, "dmean2": 0.00789945572615, "max": 0.0944529101253, "dvar": 6.3889689045e-05, "mean": 0.00921096093953, "dvar2": 0.000157123504323, "min": 3.84152983411e-23, "var": 0.000113280388177, "median": 0.00585609301925}, "spectral_decrease": {"dmean": 2.74680345136e-09, "dmean2": 4.33712088466e-09, "max": 8.92708245092e-20, "dvar": 1.48270668962e-17, "mean": -7.75280373233e-09, "dvar2": 3.51024118366e-17, "min": -3.09122647479e-08, "var": 3.30161928486e-17, "median": -7.10589276309e-09}, "barkbands_spread": {"dmean": 4.20180368423, "dmean2": 6.53484725952, "max": 137.027648926, "dvar": 33.8334197998, "mean": 16.3792266846, "dvar2": 71.6634368896, "min": 0.544341504574, "var": 178.145950317, "median": 13.3496875763}, "spectral_rms": {"dmean": 0.000904153625015, "dmean2": 0.00137079693377, "max": 0.0108248153701, "dvar": 1.26278644075e-06, "mean": 0.00499742617831, "dvar2": 2.704228109e-06, "min": 3.24841976235e-12, "var": 5.05078969582e-06, "median": 0.00528188142926}, "spectral_centroid": {"dmean": 196.41519165, "dmean2": 305.205932617, "max": 11260.2236328, "dvar": 87447.59375, "mean": 911.864990234, "dvar2": 161896.5, "min": 136.246185303, "var": 350301.15625, "median": 780.161804199}, "barkbands_skewness": {"dmean": 0.577766954899, "dmean2": 0.90024971962, "max": 11.2766389847, "dvar": 0.352762341499, "mean": 1.98142945766, "dvar2": 0.833453476429, "min": -3.07062363625, "var": 1.54209017754, "median": 1.82908391953}, "spectral_rolloff": {"dmean": 349.377960205, "dmean2": 577.273864746, "max": 19272.2167969, "dvar": 530499.625, "mean": 1070.3963623, "dvar2": 1095189.875, "min": 86.1328125, "var": 1642356.5, "median": 645.99609375}, "erbbands_spread": {"dmean": 6.91806173325, "dmean2": 10.4947195053, "max": 143.665252686, "dvar": 60.6586799622, "mean": 37.0126571655, "dvar2": 129.213302612, "min": 2.87121748924, "var": 348.665100098, "median": 35.2040939331}, "barkbands": {"dmean": [1.89522543224e-05, 0.00160524703097, 0.0023368136026, 0.00463375588879, 0.00394266564399, 0.00160947756376, 0.00103012437467, 0.000465917488327, 0.000587406277191, 0.000489523576107, 0.000245502800681, 0.000287474074867, 0.000217496708501, 0.000292865734082, 0.000213868828723, 0.000211374092032, 0.000225773634156, 9.58825985435e-05, 9.15195341804e-05, 5.0752707466e-05, 4.9292404583e-05, 4.53764259873e-05, 3.59331570507e-05, 3.83201986551e-05, 2.3337894163e-05, 1.35483442136e-05, 4.61157287646e-06], "dmean2": [3.21639308822e-05, 0.00265967100859, 0.00385836954229, 0.00766500085592, 0.00657304143533, 0.00262727658264, 0.00168730854057, 0.000750988605432, 0.000935727439355, 0.000771168095525, 0.000380520650651, 0.000456138048321, 0.000353217823431, 0.000461602408905, 0.000335531280143, 0.000340352708008, 0.000359541241778, 0.000158517825184, 0.00014845446276, 8.16508108983e-05, 7.76615561335e-05, 6.94921254762e-05, 5.41461631656e-05, 5.50727600057e-05, 3.32100426021e-05, 1.963431896e-05, 6.64763911118e-06], "max": [0.000613953045104, 0.0361978933215, 0.0545892640948, 0.0833183601499, 0.0790879055858, 0.0432993583381, 0.0289690885693, 0.0206133425236, 0.016881108284, 0.0181311331689, 0.0111123975366, 0.0173729434609, 0.0120033649728, 0.0122271347791, 0.0135601004586, 0.00633957609534, 0.00861637946218, 0.00563838984817, 0.00398558145389, 0.0020417990163, 0.0017429763684, 0.00250558997504, 0.0032210026402, 0.00628231791779, 0.00258829141967, 0.00102883845102, 0.000338655954693], "dvar": [1.85985371548e-09, 1.30853259179e-05, 1.45061203511e-05, 5.85362286074e-05, 4.59821858385e-05, 7.12683595339e-06, 3.2200273381e-06, 1.11370866307e-06, 1.43564955124e-06, 1.18109926461e-06, 2.56328263504e-07, 5.42039686025e-07, 2.61270770352e-07, 4.48383531193e-07, 2.20908475512e-07, 1.25609773249e-07, 1.54689701048e-07, 2.97973521413e-08, 2.69969877564e-08, 9.71183311549e-09, 1.17841381098e-08, 1.25805446061e-08, 1.25513412996e-08, 4.23071355726e-08, 6.90204604581e-09, 1.78856651711e-09, 2.0953984381e-10], "mean": [2.0596478862e-05, 0.00198508123867, 0.00397019600496, 0.00708288233727, 0.00662053469568, 0.00276815658435, 0.0017636846751, 0.000762673967984, 0.000915869895834, 0.000809442892205, 0.000402339879656, 0.000492846651468, 0.000370367517462, 0.000515834602993, 0.000397206138587, 0.000468747603009, 0.000529429118615, 0.000200736511033, 0.000200186972506, 0.000105643703137, 9.80062031886e-05, 8.00091293058e-05, 6.40961152385e-05, 6.94961272529e-05, 4.88063815283e-05, 2.57880165009e-05, 7.13799499863e-06], "dvar2": [4.77714534597e-09, 3.28287424054e-05, 3.95858078264e-05, 0.000151108644786, 0.000118861447845, 1.82713702088e-05, 8.51486311149e-06, 2.66256324721e-06, 3.50218419953e-06, 2.80842937173e-06, 6.16699594502e-07, 1.31691388106e-06, 6.70902295496e-07, 1.08708775315e-06, 5.10997494985e-07, 3.14500141485e-07, 3.79175787657e-07, 7.61898775181e-08, 6.67964883405e-08, 2.47334419612e-08, 2.77005423044e-08, 2.86351102829e-08, 2.58473988879e-08, 7.70024470853e-08, 1.38024240925e-08, 3.98157506964e-09, 4.27094470901e-10], "min": [5.69812060098e-24, 1.30423627749e-23, 1.9881566731e-24, 1.03599493406e-23, 3.02657908994e-23, 3.49945702641e-23, 3.37706967458e-23, 5.05373136639e-23, 3.34600275442e-23, 7.99339817942e-23, 4.9978465666e-23, 3.38917300968e-23, 9.25708140547e-23, 8.57786711736e-23, 1.61594243684e-22, 7.60520919429e-23, 1.30535149015e-22, 1.74102851338e-22, 1.98866331113e-22, 2.55583006817e-22, 3.75929657521e-22, 4.22460384513e-22, 4.33843811458e-22, 7.6936258605e-22, 1.16102563887e-21, 1.52645014301e-21, 2.35098018292e-21], "var": [2.04685934868e-09, 1.34195270221e-05, 2.87959792331e-05, 0.000101576413726, 7.2590803029e-05, 1.17887384476e-05, 5.67046436117e-06, 2.24248492486e-06, 2.73020918939e-06, 2.9480786452e-06, 5.92298192714e-07, 1.35860852879e-06, 5.3099751085e-07, 1.08592598735e-06, 4.2640036213e-07, 3.78716208616e-07, 5.76375555283e-07, 7.59556044727e-08, 7.1471347951e-08, 2.78810059484e-08, 3.11147054788e-08, 2.59530317237e-08, 2.66646686953e-08, 8.78043522334e-08, 1.67267142359e-08, 3.93997456882e-09, 4.29317248418e-10], "median": [3.85676457881e-06, 0.000742560252547, 0.00199309759773, 0.00281376135536, 0.00351915392093, 0.00169066444505, 0.000934743788093, 0.000288947223453, 0.000341037404723, 0.000217006308958, 0.000159662959049, 0.000154491601279, 0.000158440176165, 0.000189703787328, 0.000169470702531, 0.000225814685109, 0.000207297300221, 9.08165020519e-05, 0.000107301428216, 4.68543767056e-05, 3.1549945561e-05, 1.76087978616e-05, 1.13156611405e-05, 8.92198386282e-06, 5.70985730519e-06, 1.01717921552e-06, 3.03092235754e-08]}, "melbands_kurtosis": {"dmean": 7.45999622345, "dmean2": 11.961648941, "max": 281.351593018, "dvar": 135.824768066, "mean": 16.6434020996, "dvar2": 336.782409668, "min": -1.74479162693, "var": 463.683258057, "median": 10.32122612}, "erbbands_crest": {"dmean": 2.37807536125, "dmean2": 3.8176574707, "max": 27.2851314545, "dvar": 5.88237571716, "mean": 8.79575920105, "dvar2": 14.316403389, "min": 2.34973549843, "var": 16.1978435516, "median": 7.79841184616}, "melbands_skewness": {"dmean": 0.726411759853, "dmean2": 1.1402605772, "max": 12.7828016281, "dvar": 0.531371712685, "mean": 3.00442647934, "dvar2": 1.28444468975, "min": -0.84125071764, "var": 2.41912579536, "median": 2.75992226601}, "spectral_energyband_middle_low": {"dmean": 0.00878598168492, "dmean2": 0.0141881862655, "max": 0.11424382031, "dvar": 0.00016687871539, "mean": 0.0202107932419, "dvar2": 0.000406253384426, "min": 3.04350387978e-22, "var": 0.000327111250954, "median": 0.0157537125051}, "spectral_contrast_coeffs": {"dmean": [0.0563138090074, 0.0477673076093, 0.0377062484622, 0.0306597314775, 0.0250442158431, 0.0195212513208], "dmean2": [0.0921514481306, 0.0782981365919, 0.0603420697153, 0.0478601083159, 0.0386170223355, 0.0301697757095], "max": [-0.251263439655, -0.460176795721, -0.467829167843, -0.49967572093, -0.587070345879, -0.540612637997], "dvar": [0.0023477957584, 0.00153168698307, 0.00105272524524, 0.000731278501917, 0.000555425591301, 0.000424942118116], "mean": [-0.566596031189, -0.725266993046, -0.781733512878, -0.783760130405, -0.769899249077, -0.782978773117], "dvar2": [0.00584646547213, 0.00406814552844, 0.00253468961455, 0.00157059857156, 0.0011399879586, 0.000933178002015], "min": [-0.965958178043, -0.974972248077, -0.975633859634, -0.962919235229, -0.964172840118, -0.960704803467], "var": [0.00982437934726, 0.00501370150596, 0.00403216667473, 0.00353817432187, 0.00283384998329, 0.00274719460867], "median": [-0.565202951431, -0.727751731873, -0.788970947266, -0.792273819447, -0.769953012466, -0.782441318035]}, "spectral_contrast_valleys": {"dmean": [0.446154564619, 0.42035228014, 0.414247900248, 0.375414311886, 0.37032365799, 0.373351842165], "dmean2": [0.708393454552, 0.633072376251, 0.600701570511, 0.536669969559, 0.503116130829, 0.469731003046], "max": [-5.22968053818, -4.57912540436, -5.39241552353, -5.99191236496, -6.17001008987, -7.55469512939], "dvar": [0.200582534075, 0.225524738431, 0.237787753344, 0.220125287771, 0.269652187824, 0.291299939156], "mean": [-7.40907382965, -6.72160243988, -7.51904964447, -7.90648174286, -8.27837276459, -11.09237957], "dvar2": [0.37781727314, 0.369069069624, 0.386117577553, 0.338406592607, 0.448967456818, 0.478524029255], "min": [-27.836353302, -27.3351688385, -27.3935623169, -27.4228229523, -27.27775383, -27.2652168274], "var": [1.33328318596, 1.58059859276, 1.75984299183, 1.8208681345, 2.5639193058, 3.04913568497], "median": [-7.17291021347, -6.45388317108, -7.22258090973, -7.5887260437, -7.71525144577, -10.5750684738]}, "silence_rate_20dB": {"dmean": 0, "dmean2": 0, "max": 1, "dvar": 0, "mean": 1, "dvar2": 0, "min": 1, "var": 0, "median": 1}, "silence_rate_30dB": {"dmean": 0, "dmean2": 0, "max": 1, "dvar": 0, "mean": 1, "dvar2": 0, "min": 1, "var": 0, "median": 1}, "spectral_strongpeak": {"dmean": 0.361618965864, "dmean2": 0.613850951195, "max": 8.44116020203, "dvar": 0.349889814854, "mean": 0.728927671909, "dvar2": 0.901177942753, "min": 0, "var": 0.505972921848, "median": 0.570071160793}, "spectral_spread": {"dmean": 501194.78125, "dmean2": 710924.5625, "max": 40468572, "dvar": 648000176128, "mean": 3677419.25, "dvar2": 1112251826180.0, "min": 556377.875, "var": 4033284145150.0, "median": 3534387.25}, "barkbands_flatness_db": {"dmean": 0.0244614426047, "dmean2": 0.0362587720156, "max": 0.466878086329, "dvar": 0.000673388014548, "mean": 0.180607765913, "dvar2": 0.00140049727634, "min": 0.0175878349692, "var": 0.00644361041486, "median": 0.163850292563}, "pitch_salience": {"dmean": 0.078995205462, "dmean2": 0.129759609699, "max": 0.91999578476, "dvar": 0.00509727327153, "mean": 0.566492676735, "dvar2": 0.0136160096154, "min": 0.112885072827, "var": 0.0122642721981, "median": 0.57251894474}, "erbbands_kurtosis": {"dmean": 0.941469609737, "dmean2": 1.48386466503, "max": 48.5509910583, "dvar": 3.65367603302, "mean": 0.449237853289, "dvar2": 8.65264987946, "min": -1.78475809097, "var": 7.22510194778, "median": -0.256990671158}, "average_loudness": 0.919514536858, "barkbands_crest": {"dmean": 2.45925688744, "dmean2": 4.02268457413, "max": 24.1138916016, "dvar": 5.06437683105, "mean": 10.3342647552, "dvar2": 13.760058403, "min": 2.7696557045, "var": 14.9861373901, "median": 9.65258026123}, "hfc": {"dmean": 4.05223178864, "dmean2": 6.034283638, "max": 90.7897338867, "dvar": 29.9146785736, "mean": 16.7017326355, "dvar2": 60.7874107361, "min": 1.17467958493e-16, "var": 176.419998169, "median": 15.3825149536}, "barkbands_kurtosis": {"dmean": 3.77252244949, "dmean2": 5.99539804459, "max": 228.792098999, "dvar": 45.5139694214, "mean": 6.88330745697, "dvar2": 105.88129425, "min": -1.9484360218, "var": 120.321685791, "median": 3.81078243256}, "erbbands": {"dmean": [0.0255454871804, 0.434134155512, 1.9722789526, 9.46068286896, 17.4752731323, 11.0521554947, 9.86573314667, 14.6959438324, 16.458398819, 11.6779880524, 10.312417984, 14.163025856, 14.1147356033, 11.8962535858, 9.34081077576, 12.1144485474, 9.73375797272, 13.5859804153, 11.5358924866, 10.1496543884, 12.8576812744, 11.5022726059, 5.5076713562, 4.73704576492, 3.63596081734, 2.33343029022, 2.20068335533, 1.75745010376, 1.7113366127, 1.29515850544, 1.01371574402, 0.808860063553, 0.639701545238, 0.31355881691, 0.152270972729, 0.0701282694936, 0.0230346936733, 0.00623760512099, 0.000858279061504, 2.83762165054e-05], "dmean2": [0.0421028323472, 0.717556655407, 3.24902629852, 15.6883745193, 29.5169219971, 18.4344005585, 16.1012611389, 24.0609836578, 27.1426925659, 19.0658321381, 16.4228305817, 22.540309906, 21.8917102814, 18.7934494019, 14.4867105484, 19.3336257935, 15.5672044754, 21.3631248474, 18.2926807404, 15.9109773636, 20.6990852356, 18.1937084198, 9.07463932037, 7.6709227562, 5.84632396698, 3.76876926422, 3.45339298248, 2.75652766228, 2.68475794792, 1.95039570332, 1.52766180038, 1.18414282799, 0.931366860867, 0.449959516525, 0.219897136092, 0.102686949074, 0.0340191088617, 0.00883549265563, 0.00123710173648, 4.15955728386e-05], "max": [0.661791026592, 9.29470348358, 46.7682151794, 200.693130493, 334.408416748, 292.468078613, 407.406799316, 398.316131592, 417.171203613, 531.642089844, 493.983337402, 535.840576172, 584.937438965, 670.225952148, 409.696624756, 891.092468262, 578.38482666, 639.859741211, 642.855224609, 499.093933105, 418.660186768, 385.18536377, 382.675872803, 281.979400635, 190.043304443, 106.694160461, 89.4603118896, 75.4424819946, 69.0245513916, 113.839347839, 85.4127426147, 139.472824097, 123.55896759, 50.3053359985, 10.0097742081, 7.03353500366, 1.97210586071, 0.494233816862, 0.0537969209254, 0.00132697739173], "dvar": [0.00369360414334, 0.888200700283, 9.81766700745, 254.875015259, 940.237731934, 314.091003418, 265.331268311, 692.481384277, 855.60949707, 538.716369629, 611.70123291, 892.518493652, 1096.27075195, 777.836425781, 354.781585693, 1083.73547363, 524.083190918, 1021.59564209, 823.792053223, 397.704620361, 474.020202637, 413.049957275, 103.75491333, 70.3268890381, 47.6775970459, 21.9900569916, 21.2214622498, 17.6546611786, 17.4322910309, 13.1311988831, 10.7431621552, 14.354391098, 14.7336931229, 2.21892237663, 0.164223730564, 0.0473024025559, 0.00532381003723, 0.000360875448678, 7.48274214857e-06, 4.23293755603e-09], "mean": [0.0325049236417, 0.572889208794, 3.51098012924, 15.5290184021, 26.7018871307, 18.7590808868, 17.2410373688, 24.8734283447, 28.0230293274, 20.0066452026, 18.3636932373, 22.3120651245, 23.8014125824, 20.6922054291, 16.8044605255, 22.0938110352, 18.204164505, 24.9406967163, 21.78474617, 22.3173828125, 30.9294548035, 27.8874225616, 13.2075462341, 10.6912488937, 7.94639158249, 5.00858592987, 4.43084287643, 3.45552802086, 3.02024555206, 2.27228951454, 1.79184687138, 1.43463075161, 1.14366364479, 0.60357517004, 0.319820225239, 0.133552625775, 0.0424525998533, 0.0110305827111, 0.0012967340881, 6.35489923297e-05], "dvar2": [0.00928086787462, 2.21728801727, 26.8773593903, 653.904418945, 2472.33520508, 790.592590332, 632.263671875, 1753.80859375, 2251.88574219, 1378.11047363, 1470.93835449, 2194.59570312, 2580.02001953, 1868.40539551, 865.448486328, 2797.69775391, 1263.88513184, 2532.25, 1939.58068848, 956.861450195, 1213.14892578, 1026.5793457, 260.711853027, 179.131912231, 113.921867371, 56.5213623047, 49.8985977173, 41.0492935181, 41.0707893372, 28.2444419861, 22.1508922577, 26.5326881409, 28.4459953308, 4.32319784164, 0.340488344431, 0.107025310397, 0.0118706338108, 0.000723842880689, 1.55562574946e-05, 8.70844818479e-09], "min": [2.87983303865e-22, 3.56340804886e-21, 6.88692321877e-21, 1.46999171386e-20, 4.92183805891e-20, 1.22875120905e-19, 3.75785386398e-19, 2.57997374561e-19, 5.62799316518e-19, 5.65111596523e-19, 1.00865411278e-18, 6.59808577216e-19, 2.06458263154e-18, 2.99542427769e-18, 2.16302270791e-18, 1.9169052496e-18, 4.63631714127e-18, 5.33913693899e-18, 6.02463640186e-18, 6.19879803906e-18, 5.35279038218e-18, 7.7954096497e-18, 1.07259310618e-17, 9.05305339867e-18, 1.14701256066e-17, 1.07781749621e-17, 1.41452483871e-17, 1.37146520746e-17, 1.48258310884e-17, 1.06056151601e-17, 1.30280814128e-17, 1.16173579653e-17, 1.33629208161e-17, 1.22942638488e-17, 8.1872351797e-18, 4.32754468067e-18, 2.88171320645e-18, 1.36346765307e-18, 2.93087642766e-19, 3.23645853018e-20], "var": [0.00384770217352, 0.942530095577, 17.5784225464, 420.653503418, 1235.63000488, 680.308105469, 754.435241699, 1120.88342285, 1417.43115234, 952.604736328, 1376.01721191, 1667.58227539, 2617.66064453, 1804.96520996, 831.499084473, 2679.01171875, 1145.58605957, 2489.3425293, 1533.47668457, 1048.06176758, 1554.09436035, 1459.41625977, 297.236877441, 206.68347168, 122.347846985, 60.4883918762, 57.8241081238, 44.388710022, 36.059223175, 27.7672080994, 22.3585796356, 28.9689693451, 28.9039020538, 4.54862928391, 0.498587608337, 0.0989379584789, 0.0114467963576, 0.000887552334461, 1.42421504279e-05, 8.7101392765e-09], "median": [0.0108924005181, 0.257574975491, 2.08083152771, 8.1544303894, 12.985502243, 9.66504669189, 9.90348243713, 14.5939826965, 14.5800352097, 10.819062233, 6.94618988037, 8.25594615936, 7.16941356659, 7.28643226624, 7.96404075623, 7.26186084747, 8.58746528625, 8.92829704285, 10.3883934021, 10.5275764465, 14.5684938431, 12.4612512589, 6.13938236237, 5.65838193893, 4.21552085876, 2.29564452171, 1.47628307343, 1.03494012356, 0.680994033813, 0.488093614578, 0.300292700529, 0.220150023699, 0.130778715014, 0.0779098942876, 0.0306971408427, 0.00699597597122, 0.00148878106847, 0.000182699310244, 2.56195216934e-05, 3.93570226151e-05]}, "spectral_energy": {"dmean": 0.0106197781861, "dmean2": 0.0167491901666, "max": 0.120106033981, "dvar": 0.000220402580453, "mean": 0.03077580221, "dvar2": 0.000520247791428, "min": 1.0816036783e-20, "var": 0.000504835392348, "median": 0.0285957287997}, "zerocrossingrate": {"dmean": 0.00753415981308, "dmean2": 0.00889698695391, "max": 0.5029296875, "dvar": 0.000111316076072, "mean": 0.0439816303551, "dvar2": 0.000124245911138, "min": 0.00390625, "var": 0.00115999288391, "median": 0.037109375}, "spectral_energyband_high": {"dmean": 0.000182809744729, "dmean2": 0.000260876957327, "max": 0.0106148300692, "dvar": 2.22518806936e-07, "mean": 0.00044802663615, "dvar2": 4.14831816897e-07