{"lowlevel": {"spectral_strongpeak": {"max": 21.150686264, "dmean": 0.463661104441, "dvar2": 3.07966756821, "dmean2": 0.781175613403, "var": 1.73094916344, "median": 0.310477077961, "min": 0, "dvar": 1.18125855923, "mean": 0.726602673531}, "barkbands_flatness_db": {"max": 0.53562772274, "dmean": 0.0351946651936, "dvar2": 0.00234180944972, "dmean2": 0.0499379150569, "var": 0.0113325174898, "median": 0.178194120526, "min": 0.0120380818844, "dvar": 0.00114642176777, "mean": 0.199521869421}, "barkbands_skewness": {"max": 20.2754268646, "dmean": 1.09481716156, "dvar2": 3.89477014542, "dmean2": 1.76114749908, "var": 5.70033121109, "median": 2.15262293816, "min": -6.96371221542, "dvar": 1.46294367313, "mean": 2.36506414413}, "spectral_energyband_middle_high": {"max": 0.0967477113008, "dmean": 0.00159992359113, "dvar2": 4.32866218034e-05, "dmean2": 0.00249661481939, "var": 5.23498783878e-05, "median": 0.000234128005104, "min": 1.07138529162e-21, "dvar": 1.79977541848e-05, "mean": 0.00311093707569}, "erbbands_kurtosis": {"max": 322.928833008, "dmean": 4.54984617233, "dvar2": 241.166091919, "dmean2": 6.92816781998, "var": 600.460876465, "median": 1.13505983353, "min": -1.90098571777, "dvar": 112.873451233, "mean": 9.5527048111}, "erbbands_crest": {"max": 34.2603378296, "dmean": 3.14841103554, "dvar2": 20.476764679, "dmean2": 5.05760526657, "var": 31.7427845001, "median": 10.1983270645, "min": 2.43229937553, "dvar": 8.36445331573, "mean": 11.2761354446}, "dynamic_complexity": 7.05456352234, "barkbands_crest": {"max": 26.7122039795, "dmean": 2.67766928673, "dvar2": 13.8613824844, "dmean2": 4.29530143738, "var": 17.8081626892, "median": 10.3253097534, "min": 1.96355438232, "dvar": 5.62208652496, "mean": 10.9692831039}, "dissonance": {"max": 0.500000059605, "dmean": 0.027624104172, "dvar2": 0.00187151017599, "dmean2": 0.045874658972, "var": 0.00180311279837, "median": 0.451998323202, "min": 0.14541195333, "dvar": 0.000705163751263, "mean": 0.441314458847}, "spectral_energyband_low": {"max": 0.400796294212, "dmean": 0.00475936196744, "dvar2": 0.000484574004076, "dmean2": 0.00751914456487, "var": 0.000602682470344, "median": 0.00293097598478, "min": 1.70786303388e-23, "dvar": 0.000200300928554, "mean": 0.0107461838052}, "spectral_contrast_coeffs": {"max": [-0.318330794573, -0.400172799826, -0.354959607124, -0.425955176353, -0.529858112335, -0.570575892925], "dmean": [0.0510206669569, 0.0469622798264, 0.0396415516734, 0.0257670544088, 0.0228288136423, 0.0206383988261], "dvar2": [0.00473086396232, 0.00378512381576, 0.0033659467008, 0.00135796505492, 0.00110869167838, 0.00128511025105], "dmean2": [0.0849779099226, 0.075077958405, 0.0640682429075, 0.0416277050972, 0.0354865193367, 0.0335279330611], "var": [0.0109877679497, 0.00558252958581, 0.00930716563016, 0.00399881508201, 0.0037474038545, 0.00220684497617], "median": [-0.589332699776, -0.738542258739, -0.805520057678, -0.833448648453, -0.831459641457, -0.832063734531], "min": [-0.997557103634, -0.990595161915, -0.992203474045, -0.986246645451, -0.979904949665, -0.970022857189], "dvar": [0.00172743783332, 0.00150593044236, 0.00140792608727, 0.000543569331057, 0.000483934156364, 0.000516374711879], "mean": [-0.604368448257, -0.736488759518, -0.785159528255, -0.828930020332, -0.821634352207, -0.823879539967]}, "silence_rate_60dB": {"max": 1, "dmean": 0.0298860464245, "dvar2": 0.064812630415, "dmean2": 0.0597785189748, "var": 0.189422249794, "median": 0, "min": 0, "dvar": 0.0289947167039, "mean": 0.253896594048}, "mfcc": {"icov": [[8.60634609126e-05, -2.71497028734e-05, 0.000200367008802, 4.04642887588e-05, -3.57055723725e-05, -8.13845763332e-05, 0.000124265061459, -4.58237154817e-05, 4.46163448942e-06, -6.71466841595e-05, 9.16103526833e-05, -7.83141513239e-05, 0.000124174184748], [-2.71497028734e-05, 0.000630886526778, 0.00027572264662, -0.000236115272855, -0.000680497207213, 0.000111060719064, 4.91242863063e-05, -0.000212150524021, 8.45883405418e-05, -0.000245064758928, -0.000316207646392, -7.77325694798e-05, 0.000277424464002], [0.000200367008802, 0.00027572264662, 0.00198495853692, -8.59228748595e-05, -0.000865680980496, -0.00056208629394, 0.000103030288301, 0.000161200136063, 0.000701066397596, -0.000325927831, 0.000406733888667, -0.000816402141936, -0.000334187730914], [4.04642887588e-05, -0.000236115272855, -8.59228748595e-05, 0.00263028382324, -0.00196982175112, 0.000254295766354, -0.00110456161201, 0.000856400292832, -0.000835979124531, 0.000921473081689, 0.000162804630236, -0.000482316187117, 0.000552123936359], [-3.57055723725e-05, -0.000680497207213, -0.000865680980496, -0.00196982175112, 0.0062380018644, -0.00298745580949, 0.000370492140064, -0.00149518437684, 0.00198923400603, 0.000269667652901, -2.25556004807e-06, 0.00103097024839, 6.3051644247e-05], [-8.13845763332e-05, 0.000111060719064, -0.00056208629394, 0.000254295766354, -0.00298745580949, 0.00773998256773, -0.00257222005166, 0.002357439138, -0.00226559024304, -0.00030431750929, -0.000601119943894, 0.00132705806755, -0.000941223464906], [0.000124265061459, 4.91242863063e-05, 0.000103030288301, -0.00110456161201, 0.000370492140064, -0.00257222005166, 0.0117463720962, -0.00582015793771, 0.0017162024742, -0.000486947217723, -0.000429755833466, -0.000691088556778, -0.000348744972143], [-4.58237154817e-05, -0.000212150524021, 0.000161200136063, 0.000856400292832, -0.00149518437684, 0.002357439138, -0.00582015793771, 0.0117729278281, -0.0059991357848, 0.000641012738924, 0.00267688394524, -0.00229730014689, 0.00139328103978], [4.46163448942e-06, 8.45883405418e-05, 0.000701066397596, -0.000835979124531, 0.00198923400603, -0.00226559024304, 0.0017162024742, -0.0059991357848, 0.010070502758, -0.001144598471, -0.00228440039791, 0.00326119642705, 0.00025598789216], [-6.71466841595e-05, -0.000245064758928, -0.000325927831, 0.000921473081689, 0.000269667652901, -0.00030431750929, -0.000486947217723, 0.000641012738924, -0.001144598471, 0.00924678146839, 0.00055855413666, -0.00358742731623, -0.00105195178185], [9.16103526833e-05, -0.000316207646392, 0.000406733888667, 0.000162804630236, -2.25556004807e-06, -0.000601119943894, -0.000429755833466, 0.00267688394524, -0.00228440039791, 0.00055855413666, 0.00809793081135, -0.00327891926281, -0.00294396001846], [-7.83141513239e-05, -7.77325694798e-05, -0.000816402141936, -0.000482316187117, 0.00103097024839, 0.00132705806755, -0.000691088556778, -0.00229730014689, 0.00326119642705, -0.00358742731623, -0.00327891926281, 0.0124541083351, -0.00132585735992], [0.000124174184748, 0.000277424464002, -0.000334187730914, 0.000552123936359, 6.3051644247e-05, -0.000941223464906, -0.000348744972143, 0.00139328103978, 0.00025598789216, -0.00105195178185, -0.00294396001846, -0.00132585735992, 0.014652999118]], "cov": [[19099.4570312, 1537.16821289, -2578.76025391, -520.335510254, -356.483093262, -215.529586792, -180.334457397, 337.72644043, 375.950561523, 84.6585159302, -225.427780151, -123.900558472, -335.872406006], [1537.16821289, 2653.88208008, -280.206756592, 639.468444824, 548.000610352, 152.051437378, 103.137817383, 125.342025757, 46.9712219238, -20.4289588928, 36.492275238, -18.5135040283, -92.4432296753], [-2578.76025391, -280.206756592, 1057.53442383, 214.480911255, 248.126342773, 141.568344116, 42.3029251099, -99.9034729004, -153.986526489, 9.05015945435, 14.7296867371, 62.6125106812, 73.6923370361], [-520.335510254, 639.468444824, 214.480911255, 844.633605957, 455.347930908, 172.854263306, 111.043830872, 24.4798412323, -6.87619876862, -80.7233963013, -4.68276643753, -24.2484893799, -33.9826393127], [-356.483093262, 548.000610352, 248.126342773, 455.347930908, 510.175811768, 198.034545898, 78.8512191772, 15.0352458954, -42.4691848755, -46.8223686218, -6.95039367676, -26.828584671, -14.3239173889], [-215.529586792, 152.051437378, 141.568344116, 172.854263306, 198.034545898, 238.390640259, 53.3916397095, -13.4997339249, 12.0810422897, -11.9729204178, 21.8805046082, -25.1448898315, 13.7285585403], [-180.334457397, 103.137817383, 42.3029251099, 111.043830872, 78.8512191772, 53.3916397095, 139.842880249, 73.3785171509, 17.9478244781, -0.912830710411, -3.95045638084, 9.1755065918, -4.54499387741], [337.72644043, 125.342025757, -99.9034729004, 24.4798412323, 15.0352458954, -13.4997339249, 73.3785171509, 190.846481323, 95.289604187, -1.64441883564, -42.3067626953, -3.66313791275, -36.3821754456], [375.950561523, 46.9712219238, -153.986526489, -6.87619876862, -42.4691848755, 12.0810422897, 17.9478244781, 95.289604187, 187.562545776, 1.83488512039, 6.78622770309, -35.8331680298, -20.026638031], [84.6585159302, -20.4289588928, 9.05015945435, -80.7233963013, -46.8223686218, -11.9729204178, -0.912830710411, -1.64441883564, 1.83488512039, 137.948654175, 16.9961605072, 48.546913147, 20.1632862091], [-225.427780151, 36.492275238, 14.7296867371, -4.68276643753, -6.95039367676, 21.8805046082, -3.95045638084, -42.3067626953, 6.78622770309, 16.9961605072, 178.750015259, 45.1258964539, 48.1936798096], [-123.900558472, -18.5135040283, 62.6125106812, -24.2484893799, -26.828584671, -25.1448898315, 9.1755065918, -3.66313791275, -35.8331680298, 48.546913147, 45.1258964539, 125.457550049, 27.3385467529], [-335.872406006, -92.4432296753, 73.6923370361, -33.9826393127, -14.3239173889, 13.7285585403, -4.54499387741, -36.3821754456, -20.026638031, 20.1632862091, 48.1936798096, 27.3385467529, 94.0515594482]], "mean": [-780.048583984, 129.298217773, 37.6467514038, 25.0257205963, 10.4438591003, 0.837762176991, 3.07488298416, 3.24918818474, -3.28817534447, 0.505784451962, -11.7574338913, -2.66283583641, -3.76942205429]}, "melbands_spread": {"max": 281.296478271, "dmean": 11.3481168747, "dvar2": 1528.56384277, "dmean2": 18.2534313202, "var": 1512.73510742, "median": 8.8672618866, "min": 0.23007299006, "dvar": 663.480712891, "mean": 22.7746906281}, "barkbands_kurtosis": {"max": 742.878601074, "dmean": 13.1804141998, "dvar2": 2354.90136719, "dmean2": 22.1361808777, "var": 2146.43652344, "median": 7.17728805542, "min": -1.91764736176, "dvar": 866.408935547, "mean": 22.2503566742}, "spectral_energyband_high": {"max": 0.0870037451386, "dmean": 0.000876848062035, "dvar2": 4.90996681037e-05, "dmean2": 0.00154991622549, "var": 1.02411377156e-05, "median": 5.94643788645e-05, "min": 6.97618360012e-21, "dvar": 1.69941504282e-05, "mean": 0.000679253425915}, "hfc": {"max": 656.091369629, "dmean": 10.1944293976, "dvar2": 3486.0703125, "dmean2": 17.0862236023, "var": 966.873291016, "median": 3.77997970581, "min": 1.06028176353e-16, "dvar": 1226.66455078, "mean": 13.6073532104}, "spectral_skewness": {"max": 8.97054576874, "dmean": 0.447517573833, "dvar2": 0.415426641703, "dmean2": 0.663551986217, "var": 1.53235089779, "median": 2.10252165794, "min": -0.107284925878, "dvar": 0.18985389173, "mean": 2.27418375015}, "erbbands": {"max": [4.55613231659, 56.2105064392, 220.889572144, 316.895446777, 273.47857666, 477.885894775, 493.565704346, 237.588134766, 756.87689209, 367.510345459, 1963.30041504, 482.379699707, 2247.70825195, 1259.70959473, 582.10925293, 767.704589844, 607.764404297, 697.886108398, 754.141967773, 1081.72741699, 1058.56115723, 2121.69360352, 264.48348999, 628.716491699, 806.359436035, 517.288085938, 807.810241699, 771.703735352, 1266.50683594, 1229.4564209, 444.770751953, 254.794418335, 200.097137451, 135.616973877, 102.977386475, 27.8449306488, 13.6871004105, 5.33953332901, 0.337428569794, 0.0174511410296], "dmean": [0.03978715837, 0.654147267342, 2.61638116837, 4.163418293, 6.99501800537, 6.50091314316, 6.2650475502, 4.35291910172, 8.82511138916, 7.05326652527, 7.71081399918, 5.9657087326, 21.8539886475, 15.3887701035, 5.5790014267, 7.23233175278, 3.86606168747, 5.32132434845, 6.57745790482, 10.1910858154, 4.38042354584, 15.3066072464, 3.49594402313, 3.50044560432, 4.00071668625, 4.06181192398, 4.88979673386, 4.64623689651, 5.53490447998, 4.18805456161, 3.59979081154, 3.25875353813, 1.9954508543, 1.54775750637, 1.58628880978, 0.540206074715, 0.182050764561, 0.0619984827936, 0.00592305976897, 0.000320428458508], "dvar2": [0.0752990022302, 15.7056045532, 142.537628174, 304.172180176, 629.06652832, 699.629577637, 760.225036621, 271.558776855, 1295.39685059, 1338.17578125, 3903.2253418, 805.331298828, 13821.8623047, 6885.85693359, 722.152526855, 2121.60766602, 616.342041016, 957.917724609, 1853.77856445, 5578.29541016, 770.408996582, 10769.8515625, 359.422058105, 550.973999023, 1012.80755615, 1037.00708008, 2309.74511719, 2989.87792969, 5352.26953125, 3422.21020508, 1107.04907227, 766.474975586, 334.731140137, 144.335922241, 71.992729187, 7.72429800034, 1.36624622345, 0.114519327879, 0.00113543111365, 2.94629398923e-06], "dmean2": [0.0670859515667, 1.07753360271, 4.01690530777, 6.54090881348, 11.59852314, 10.49401474, 9.91452026367, 6.90271377563, 13.8395900726, 11.9291172028, 12.4970550537, 9.30104064941, 34.4463920593, 24.175037384, 8.84637928009, 12.1399621964, 6.33259344101, 8.89491271973, 11.1193323135, 17.0902481079, 7.22887086868, 24.8804244995, 5.83797979355, 5.88483953476, 6.73719024658, 7.04321622849, 8.5695810318, 8.49580478668, 10.3526172638, 7.7905330658, 6.52865743637, 5.90808677673, 3.69423699379, 2.83985686302, 2.66579246521, 0.923434197903, 0.315361768007, 0.109332464635, 0.0102706877515, 0.000542343070265], "var": [0.0823640152812, 11.8820142746, 180.129623413, 229.163787842, 376.953613281, 584.334960938, 578.877929688, 215.088607788, 1231.28051758, 539.010314941, 1913.59362793, 644.960083008, 12551.0205078, 6609.39892578, 605.382751465, 748.491516113, 309.533874512, 552.844116211, 1082.17810059, 5580.81982422, 437.46685791, 10150.0175781, 196.980209351, 342.9296875, 538.024353027, 348.053314209, 755.121765137, 606.778381348, 1004.06408691, 640.201660156, 216.304962158, 152.132537842, 65.9865264893, 28.9929256439, 20.4115257263, 1.97260296345, 0.343829631805, 0.0311808977276, 0.00027517369017, 8.24771575481e-07], "median": [0.00360388029367, 0.158865377307, 1.2226883173, 3.10860466957, 5.54755878448, 3.79119038582, 1.51299381256, 1.76903402805, 3.08541250229, 1.43953979015, 0.767512559891, 1.28039288521, 1.78694844246, 0.958245575428, 0.897790551186, 0.576255083084, 0.418243527412, 0.532669246197, 0.409887999296, 0.444440066814, 0.564645946026, 0.617243468761, 0.388234198093, 0.382687777281, 0.334542602301, 0.341467350721, 0.309354603291, 0.10542652756, 0.0828938633204, 0.0903573930264, 0.156292259693, 0.120751835406, 0.0683213248849, 0.040712185204, 0.0467757806182, 0.0197943001986, 0.00683288043365, 0.00391224818304, 0.000265835638857, 3.90817986045e-05], "min": [1.55069063955e-22, 2.97453496991e-22, 1.34385537442e-21, 6.3611235198e-21, 1.07462579591e-20, 2.28513022459e-20, 1.71134508358e-20, 3.80191887381e-20, 1.19809537856e-19, 2.08271980724e-19, 3.22124654947e-19, 2.98592969182e-19, 4.62805898362e-19, 6.82425246127e-19, 1.08368311665e-18, 1.44672255454e-18, 1.92535365879e-18, 1.44668977751e-18, 2.37069694724e-18, 2.03735246616e-18, 3.88209344515e-18, 5.96610427454e-18, 6.35821683621e-18, 6.82174403606e-18, 6.77568331083e-18, 1.00305707788e-17, 9.57185694296e-18, 1.05303516506e-17, 9.73428957266e-18, 1.24345197663e-17, 1.23881546386e-17, 1.02143090996e-17, 8.73743932723e-18, 7.9823458507e-18, 7.25046802524e-18, 4.22721387622e-18, 2.26339383741e-18, 9.48203650217e-19, 2.49133410515e-19, 2.97875687269e-20], "dvar": [0.0261729005724, 5.86098480225, 65.5709609985, 117.975021362, 232.988800049, 291.307373047, 323.44039917, 107.741950989, 537.659973145, 501.746734619, 1704.93823242, 345.105682373, 5678.87597656, 2911.140625, 302.338043213, 809.008605957, 243.437973022, 359.084228516, 694.84753418, 2111.61523438, 319.154602051, 3971.48193359, 136.87890625, 233.539321899, 413.274169922, 381.566436768, 871.544677734, 1029.34729004, 1819.69921875, 1159.09460449, 378.528381348, 263.157196045, 115.157279968, 50.0286178589, 27.1726989746, 2.82131385803, 0.498951166868, 0.0408071912825, 0.000409281055909, 1.103978434e-06], "mean": [0.0895966142416, 1.09798419476, 4.92521429062, 7.83129930496, 11.497136116, 10.2931013107, 9.33106422424, 7.02866077423, 13.9293165207, 8.62955665588, 9.5719203949, 9.68145656586, 35.9937057495, 25.507478714, 8.57162857056, 7.8425154686, 5.06852912903, 7.26305627823, 8.76118183136, 16.8655986786, 6.35992240906, 26.0029315948, 4.84500980377, 4.05703830719, 4.26345062256, 4.1022901535, 4.49638414383, 3.40067100525, 3.52790188789, 2.67479228973, 2.49357819557, 2.27092456818, 1.2930175066, 0.992317974567, 1.21122014523, 0.401008158922, 0.134487271309, 0.0583626925945, 0.00476823421195, 0.000278667605016]}, "spectral_contrast_valleys": {"max": [-4.4854221344, -4.58916187286, -4.97998666763, -5.33916378021, -5.30476570129, -6.79580068588], "dmean": [0.434542894363, 0.451142579317, 0.453650563955, 0.460946261883, 0.476214379072, 0.651464521885], "dvar2": [0.35588312149, 0.567498683929, 0.610539793968, 0.576447606087, 0.568937718868, 1.06214344501], "dmean2": [0.718630552292, 0.733073055744, 0.715547084808, 0.685121059418, 0.672968447208, 0.898921966553], "var": [4.73419618607, 4.83604192734, 4.6430811882, 4.49776601791, 4.01982212067, 3.6562769413], "median": [-7.91625213623, -7.55991363525, -8.50108718872, -9.12628746033, -8.9027671814, -11.1259078979], "min": [-28.2195301056, -27.8892841339, -27.791217804, -27.5741825104, -27.5628643036, -27.4209537506], "dvar": [0.155908003449, 0.242626443505, 0.277735054493, 0.281437963247, 0.280313611031, 0.518924772739], "mean": [-8.28882884979, -7.98103189468, -8.7450056076, -9.32981586456, -9.17405223846, -11.2526702881]}, "average_loudness": 0.194092094898, "erbbands_spread": {"max": 213.09727478, "dmean": 16.1397457123, "dvar2": 957.195922852, "dmean2": 25.1423568726, "var": 1088.47253418, "median": 32.4674797058, "min": 0.428490579128, "dvar": 424.659912109, "mean": 42.1621704102}, "melbands_flatness_db": {"max": 0.679603517056, "dmean": 0.0422640927136, "dvar2": 0.0037183938548, "dmean2": 0.0597397014499, "var": 0.0196461193264, "median": 0.279513478279, "min": 0.00387776969001, "dvar": 0.00179669924546, "mean": 0.292762815952}, "barkbands_spread": {"max": 131.943588257, "dmean": 10.0653266907, "dvar2": 497.745361328, "dmean2": 15.9933776855, "var": 533.043457031, "median": 12.0086402893, "min": 0.138775393367, "dvar": 212.918746948, "mean": 21.3023109436}, "spectral_decrease": {"max": 3.87731999285e-11, "dmean": 2.05707451073e-09, "dvar2": 4.89888850408e-17, "dmean2": 3.21490234434e-09, "var": 8.06570249538e-17, "median": -2.36713715296e-09, "min": -1.2530651361e-07, "dvar": 2.0686111252e-17, "mean": -5.50738255001e-09}, "melbands_crest": {"max": 39.1143302917, "dmean": 3.34912347794, "dvar2": 21.0343284607, "dmean2": 5.36718320847, "var": 32.8449897766, "median": 15.6871404648, "min": 1.583096385, "dvar": 8.2034778595, "mean": 16.0835952759}, "erbbands_flatness_db": {"max": 0.48284471035, "dmean": 0.0297364145517, "dvar2": 0.00159485347103, "dmean2": 0.0423738509417, "var": 0.00514596141875, "median": 0.154136478901, "min": 0.0281945820898, "dvar": 0.000800782407168, "mean": 0.165416032076}, "melbands_kurtosis": {"max": 2485.87158203, "dmean": 16.3311328888, "dvar2": 4884.60205078, "dmean2": 26.090215683, "var": 3443.75244141, "median": 15.8712978363, "min": -1.91797208786, "dvar": 2000.20581055, "mean": 30.6830463409}, "spectral_rms": {"max": 0.0215993411839, "dmean": 0.000727926963009, "dvar2": 2.46091008194e-06, "dmean2": 0.00111249380279, "var": 8.24680410005e-06, "median": 0.0030487824697, "min": 3.12462122148e-12, "dvar": 1.02829096704e-06, "mean": 0.00363818462938}, "melbands_skewness": {"max": 44.9598007202, "dmean": 1.09788870811, "dvar2": 4.08148288727, "dmean2": 1.71340358257, "var": 5.83384370804, "median": 2.84001159668, "min": -3.79535388947, "dvar": 1.72039413452, "mean": 3.25560879707}, "barkbands": {"max": [0.036956332624, 0.220065534115, 0.166461244226, 0.144157841802, 0.0914242118597, 0.0619037114084, 0.0421278625727, 0.0772871673107, 0.0212209858, 0.0936712920666, 0.0192965660244, 0.0145083647221, 0.0161187741905, 0.0224826913327, 0.0211596917361, 0.0160489343107, 0.0300054959953, 0.0064828847535, 0.0166805125773, 0.0113781867549, 0.0141120962799, 0.0311048366129, 0.0160885564983, 0.0127404583618, 0.0135403778404, 0.00619677966461, 0.00330099835992], "dmean": [0.000181907234946, 0.00238858535886, 0.00240613357164, 0.00171915465035, 0.002143407939, 0.000684013182763, 0.000576313061174, 0.000392638205085, 0.000277772924164, 0.000922469189391, 0.000148176099174, 0.000172136613401, 8.72526288731e-05, 0.000119510616059, 0.000191587692825, 7.20870957593e-05, 0.000226948905038, 5.50986696908e-05, 8.27121766633e-05, 9.08647925826e-05, 0.000119149670354, 0.000151198924868, 0.00012118829909, 0.00013937507174, 0.000198632391402, 9.55722716753e-05, 4.11032560805e-05], "dvar2": [2.79908863376e-06, 0.000211069142097, 0.000107574458525, 5.14787861903e-05, 6.15796889178e-05, 5.90090940022e-06, 4.92361414217e-06, 9.05207707547e-06, 1.6791454982e-06, 2.81216580333e-05, 6.31570742371e-07, 1.13901421628e-06, 3.78711888516e-07, 5.72262877085e-07, 1.80397591976e-06, 2.35993667275e-07, 2.20094875658e-06, 1.14314438804e-07, 4.29303412375e-07, 5.07249353632e-07, 1.5534042177e-06, 4.16628927269e-06, 1.50157200096e-06, 1.42378667078e-06, 1.21814514387e-06, 3.34768600396e-07, 4.95739165274e-08], "dmean2": [0.000325059867464, 0.00398821290582, 0.00367563194595, 0.00271629588678, 0.00354100298136, 0.00104410469066, 0.000914895092137, 0.000664108782075, 0.000425925827585, 0.00145492248703, 0.000230686477153, 0.000289859686745, 0.000144036268466, 0.000199906047783, 0.00032263644971, 0.000119598640595, 0.000370505527826, 9.20570964809e-05, 0.000139879673952, 0.000156435460667, 0.000212309169001, 0.000282344291918, 0.000222581875278, 0.000254032463999, 0.000339644146152, 0.000167160658748, 7.25425779819e-05], "var": [7.69975940784e-06, 0.000169390317751, 0.000125909704366, 3.56028976967e-05, 3.97732692363e-05, 7.38759536034e-06, 4.76127388538e-06, 3.65674304703e-06, 1.58246939463e-06, 2.69994561677e-05, 6.75782075632e-07, 4.29737980312e-07, 1.672055987e-07, 5.20317826158e-07, 1.80493736934e-06, 1.20035366535e-07, 2.06523395718e-06, 6.21771434339e-08, 2.70735313279e-07, 1.7814262776e-07, 3.860159552e-07, 7.80319851401e-07, 2.92786324962e-07, 2.84654163352e-07, 3.11733373337e-07, 7.92960292983e-08, 1.28430572843e-08], "median": [3.09992037728e-06, 0.000495629035868, 0.0010572882602, 0.00112850812729, 0.00141743465792, 0.000217903070734, 0.000211547318031, 2.41933303187e-05, 4.54759210697e-05, 4.65610501124e-05, 1.519295256e-05, 1.25805472635e-05, 9.48778233578e-06, 7.85374868428e-06, 6.34933803667e-06, 7.48963293518e-06, 9.9410644907e-06, 5.02644888911e-06, 7.41915937397e-06, 8.87219812284e-06, 2.78542211163e-06, 2.54375413533e-06, 4.46878948424e-06, 5.22896152688e-06, 6.35207561572e-06, 2.86506656266e-06, 2.59844773609e-06], "min": [1.61788308891e-25, 3.02049713013e-24, 1.40576206463e-24, 3.87110834138e-25, 1.19206427996e-23, 6.04270174969e-24, 5.8386258001e-24, 7.09649646234e-24, 1.15794896459e-23, 1.55746638675e-23, 1.78654749155e-23, 2.71035188985e-23, 2.83531061268e-23, 3.7156408865e-23, 4.4219525467e-23, 5.18418150776e-23, 9.44452169852e-23, 9.51748565246e-23, 1.36294300629e-22, 2.0490241708e-22, 2.40367886818e-22, 3.45287447441e-22, 4.53312494702e-22, 5.4525141855e-22, 8.64771387165e-22, 1.31398609656e-21, 1.90158644627e-21], "dvar": [9.33504395562e-07, 7.72530183895e-05, 4.88130244776e-05, 2.00768809009e-05, 2.32500769926e-05, 2.90544903692e-06, 2.03791591957e-06, 3.74194473807e-06, 7.66024413679e-07, 1.17312747534e-05, 2.82867262058e-07, 4.39666109742e-07, 1.45327661016e-07, 2.28154760862e-07, 6.76500860664e-07, 1.00198718656e-07, 8.09987568573e-07, 4.52351116564e-08, 1.87707428267e-07, 1.88976798654e-07, 5.52870005777e-07, 1.41452517255e-06, 5.1360228781e-07, 4.89971625939e-07, 4.46603763748e-07, 1.19823425848e-07, 1.75646306388e-08], "mean": [0.00060651631793, 0.0042220801115, 0.00423026736826, 0.00292249582708, 0.00333793880418, 0.00111741560977, 0.000921150902286, 0.000391023524571, 0.000436505739344, 0.00150915142149, 0.000223951006774, 0.000184356700629, 0.000110880566353, 0.000160033567226, 0.000310808012728, 8.45659014885e-05, 0.000380054028938, 6.38024503132e-05, 8.96406490938e-05, 9.25308195292e-05, 9.5446164778e-05, 9.6187897725e-05, 8.02757713245e-05, 9.71301124082e-05, 0.000149451079778, 6.8129695137e-05, 3.80858400604e-05]}, "spectral_kurtosis": {"max": 113.798789978, "dmean": 3.68027043343, "dvar2": 50.1674766541, "dmean2": 5.55740499496, "var": 133.366912842, "median": 6.51097393036, "min": -1.2974729538, "dvar": 21.6393070221, "mean": 9.6968832016}, "erbbands_skewness": {"max": 13.5683355331, "dmean": 0.688222646713, "dvar2": 1.19474470615, "dmean2": 1.04480886459, "var": 4.28296518326, "median": 0.900278031826, "min": -5.9391708374, "dvar": 0.542642593384, "mean": 1.29502999783}, "melbands": {"max": [0.0509672537446, 0.103712983429, 0.05062462762, 0.0236043557525, 0.0127860568464, 0.0071095819585, 0.00985651835799, 0.00704372767359, 0.0133469514549, 0.00343546527438, 0.0125573743135, 0.00693753967062, 0.00239929743111, 0.00180525821634, 0.00176332215779, 0.00148908351548, 0.00126229645684, 0.00180315191392, 0.00234448653646, 0.00107841077261, 0.00146325433161, 0.00252537033521, 0.00041544236592, 0.00046866730554, 0.000593104457948, 0.000883252476342, 0.000581933127251, 0.000504840281792, 0.000590735347942, 0.000434478075476, 0.000456899724668, 0.000741160823964, 0.000793478568085, 0.000597315491177, 0.000286790367682, 0.000227636628551, 0.000176857109182, 0.00017163445591, 0.000168364931596, 0.00011567016918], "dmean": [0.000489328755066, 0.00118296174332, 0.000729877210688, 0.000535375089385, 0.000204516007216, 0.000110575281724, 0.000123992576846, 8.1626487372e-05, 6.0602065787e-05, 3.7662412069e-05, 0.000121797602333, 8.05406089057e-05, 1.97003191715e-05, 2.00555878109e-05, 1.40278170875e-05, 8.40752909426e-06, 1.02551075543e-05, 1.03384754766e-05, 1.61663829203e-05, 7.67729852669e-06, 4.4896860345e-06, 1.79967482836e-05, 5.53707013751e-06, 2.52270660894e-06, 2.86534123006e-06, 3.65414098269e-06, 2.68727444563e-06, 2.75963452623e-06, 3.17547574014e-06, 2.84850216303e-06, 2.63398919742e-06, 3.17991543852e-06, 2.89401259579e-06, 2.11581095755e-06, 1.96164978661e-06, 2.41430984715e-06, 1.80417043794e-06, 1.47820230723e-06, 1.16225714919e-06, 1.33520495638e-06], "dvar2": [9.10214293981e-06, 3.35287404596e-05, 7.5671241575e-06, 3.61637080459e-06, 9.22486663057e-07, 1.54551216269e-07, 2.43772149133e-07, 2.20876401613e-07, 1.95111411472e-07, 3.48408413231e-08, 4.4326753823e-07, 2.03469468829e-07, 1.00756363253e-08, 1.67512723692e-08, 8.21906098736e-09, 3.15960546615e-09, 3.75285269527e-09, 6.47280584687e-09, 1.5070245496e-08, 2.47751841265e-09, 1.33063704499e-09, 1.5013974064e-08, 9.62603108334e-10, 2.66946964533e-10, 3.90833504449e-10, 1.08116160469e-09, 5.89132354012e-10, 4.82135720237e-10, 9.48584433225e-10, 1.00734531827e-09, 1.05022879282e-09, 1.77978054516e-09, 1.73341452303e-09, 8.8094315176e-10, 3.98100663546e-10, 3.50222406631e-10, 2.74090888874e-10, 1.89476975776e-10, 1.24456112083e-10, 1.06731762317e-10], "dmean2": [0.000818523520138, 0.00185698748101, 0.00115003681276, 0.000870830437634, 0.00032511210884, 0.000171718129423, 0.000196555556613, 0.000138249524753, 9.64032587945e-05, 5.936868547e-05, 0.000191896833712, 0.000126453785924, 3.0648905522e-05, 3.42013008776e-05, 2.32874881476e-05, 1.41191749208e-05, 1.72170330188e-05, 1.77069923666e-05, 2.69847678283e-05, 1.28169776872e-05, 7.58641499488e-06, 2.93579669233e-05, 9.15429245651e-06, 4.19988964495e-06, 4.86178078063e-06, 6.1409805312e-06, 4.6859709073e-06, 4.79932123199e-06, 5.499521194e-06, 5.13284840054e-06, 4.85034934172e-06, 5.95313440499e-06, 5.40864402865e-06, 3.95141933041e-06, 3.61372940461e-06, 4.24921427111e-06, 3.34132596436e-06, 2.75024467555e-06, 2.12933673538e-06, 2.46431159212e-06], "var": [9.40876270761e-06, 3.6456847738e-05, 6.66577807351e-06, 2.67436007562e-06, 6.00271732765e-07, 1.51479483179e-07, 2.29669140595e-07, 8.06064406333e-08, 1.04039855842e-07, 2.60749821734e-08, 4.10366851611e-07, 1.98550523578e-07, 1.12326938861e-08, 5.82921044767e-09, 3.92519039494e-09, 1.34848354705e-09, 2.3793300663e-09, 3.93501053964e-09, 1.650349013e-08, 2.0188202221e-09, 6.38746222581e-10, 1.38674183248e-08, 7.15599024481e-10, 1.77419468006e-10, 2.46400122528e-10, 7.03708979977e-10, 2.16780135509e-10, 1.94564850342e-10, 3.38353900453e-10, 2.33125602156e-10, 2.0909374232e-10, 3.34702821014e-10, 3.1991267968e-10, 1.66088892639e-10, 7.57955781472e-11, 7.20594070525e-11, 5.33634074429e-11, 3.72741421062e-11, 2.42028931619e-11, 2.14019444528e-11], "median": [8.00993511803e-05, 0.000470575876534, 0.000627251167316, 0.000399874057621, 5.26836665813e-05, 4.71373496111e-05, 4.53792090411e-05, 1.01124751382e-05, 5.6040180425e-06, 6.16790384811e-06, 8.61624812387e-06, 3.86253941542e-06, 2.13258726944e-06, 1.39665780807e-06, 1.33489913878e-06, 8.10847325283e-07, 9.12512916784e-07, 5.23836092725e-07, 4.79650395846e-07, 5.69548035401e-07, 4.26331979497e-07, 5.97872542585e-07, 4.01216965429e-07, 2.13825302353e-07, 2.76173267366e-07, 2.77472707921e-07, 1.38829719276e-07, 2.35955397443e-07, 2.27624823879e-07, 6.06471388664e-08, 4.68685783517e-08, 3.74609818721e-08, 5.41447597868e-08, 3.82031046797e-08, 7.08122414039e-08, 1.06745538631e-07, 5.38132525207e-08, 4.13974596825e-08, 4.30792468364e-08, 2.35561081752e-08], "min": [2.73174307603e-24, 5.17871012629e-25, 9.31390124209e-25, 7.89445648367e-25, 5.11349893956e-25, 8.64156791156e-25, 1.75250617134e-24, 1.92265715771e-24, 2.04590977161e-24, 1.66562852542e-24, 2.11161458806e-24, 2.52256004093e-24, 2.71934652134e-24, 3.38379203167e-24, 4.31305637296e-24, 2.53506703615e-24, 2.28284177791e-24, 3.75808286537e-24, 3.38127043779e-24, 1.86749783385e-24, 4.50286971739e-24, 5.20445539079e-24, 4.91291369947e-24, 5.16624415184e-24, 5.19466996569e-24, 4.47526392444e-24, 6.04377775597e-24, 6.0077177407e-24, 4.8675344759e-24, 5.43143118361e-24, 3.89791319399e-24, 5.27276482873e-24, 5.25599916791e-24, 6.40472540189e-24, 6.1781203737e-24, 4.7053734672e-24, 5.50806034308e-24, 5.74391515982e-24, 6.33704902483e-24, 5.69075816215e-24], "dvar": [3.28645433001e-06, 1.42738253999e-05, 3.0651774523e-06, 1.41274927046e-06, 3.6793471736e-07, 6.51168932109e-08, 1.00288410465e-07, 8.42116705257e-08, 8.57494555362e-08, 1.48453329629e-08, 1.82916522817e-07, 8.62167439664e-08, 4.51402870638e-09, 6.31526342332e-09, 3.43365980093e-09, 1.16879894652e-09, 1.41701372858e-09, 2.45965470214e-09, 5.73273517546e-09, 9.62152246764e-10, 5.48005252288e-10, 5.53409584825e-09, 3.57285673269e-10, 1.1293267016e-10, 1.68730723837e-10, 4.77612172034e-10, 2.21631157871e-10, 1.84048748464e-10, 3.65145941261e-10, 3.52187223829e-10, 3.61606994348e-10, 6.0683391645e-10, 5.83793402509e-10, 2.99588492902e-10, 1.35602418183e-10, 1.2060016874e-10, 9.40691552431e-11, 6.52505965926e-11, 4.27000275416e-11, 3.7024158045e-11], "mean": [0.00102483818773, 0.00219857599586, 0.00142923532985, 0.000881539424881, 0.000309595896397, 0.000186143879546, 0.000196744484128, 8.94319819054e-05, 7.86382588558e-05, 5.77043429075e-05, 0.000200384543859, 0.000132212822791, 2.99915864161e-05, 2.15811887756e-05, 1.57740068971e-05, 1.09994280137e-05, 1.37137731144e-05, 1.20044778669e-05, 2.68891453743e-05, 1.13432142825e-05, 5.21366882822e-06, 3.00988049275e-05, 8.17740692582e-06, 2.83868121187e-06, 3.18553202305e-06, 3.97474832425e-06, 2.51976416621e-06, 2.79507617051e-06, 3.04010359287e-06, 2.29504257732e-06, 1.81755558515e-06, 1.99847613658e-06, 1.85635599337e-06, 1.33570154048e-06, 1.27544683437e-06, 1.82478402166e-06, 1.17982767733e-06, 9.3255931688e-07, 7.62309412039e-07, 8.38294852201e-07]}, "spectral_centroid": {"max": 11806.5791016, "dmean": 332.618011475, "dvar2": 737956.125, "dmean2": 518.518493652, "var": 1565374.5, "median": 611.178344727, "min": 94.6705780029, "dvar": 340935.03125, "mean": 1016.22607422}, "pitch_salience": {"max": 0.965283691883, "dmean": 0.0813738331199, "dvar2": 0.014078469947, "dmean2": 0.128463819623, "var": 0.0187392383814, "median": 0.507379829884, "min": 0.0629206523299, "dvar": 0.00563582777977, "mean": 0.5100517869}, "gfcc": {"icov": [[9.72145062406e-05, -7.90022022557e-05, 0.000176334826392, -0.000148749546497, 6.55569456285e-05, -0.00024503361783, 0.000291400967399, -0.000264677102678, 0.000259801541688, -0.000211930309888, 0.000324001099216, -0.000129427819047, 8.03645234555e-05], [-7.90022022557e-05, 0.00080271915067, 0.000220105488552, 7.50034087105e-05, -0.00079426006414, 0.000385535153328, -0.00028965016827, 0.000450789200841, -0.000947323685978, 0.00121293286793, -0.00104660855141, 0.00129441416357, 0.000465011398774], [0.000176334826392, 0.000220105488552, 0.00144577072933, -0.000511025136802, -0.000526166870259, -0.000457605172414, 0.000490299426019, 0.000180235787411, 0.000306958303554, 7.97290413175e-05, -0.000782412826084, 1.79974449566e-05, 0.000807521049865], [-0.000148749546497, 7.50034087105e-05, -0.000511025136802, 0.00289841974154, -0.00121904886328, 0.00064107083017, -0.000585052010138, 0.000639937759843, 0.000391028996091, 0.000269697367912, -0.000684288039338, 0.0014527128078, -6.25347965979e-05], [6.55569456285e-05, -0.00079426006414, -0.000526166870259, -0.00121904886328, 0.0043551819399, -0.000113270725706, -0.00136665557511, 0.00107878982089, -0.00112251786049, 0.00111795577686, 0.00196641311049, -0.000892328331247, 0.000944294035435], [-0.00024503361783, 0.000385535153328, -0.000457605172414, 0.00064107083017, -0.000113270725706, 0.00509144272655, -0.000877769023646, -0.000432460161392, -0.000608816626482, -0.000422162178438, -0.000274473190075, 0.00146747846156, -0.00104575662408], [0.000291400967399, -0.00028965016827, 0.000490299426019, -0.000585052010138, -0.00136665557511, -0.000877769023646, 0.0075149112381, -0.0030224127695, -0.000950070563704, -0.000184603661182, -0.000516413769219, -0.00209115026519, -0.00156389945187], [-0.000264677102678, 0.000450789200841, 0.000180235787411, 0.000639937759843, 0.00107878982089, -0.000432460161392, -0.0030224127695, 0.00781022850424, -0.00235955230892, 0.00288508436643, -0.00146801874507, 0.000246113137109, 0.000269994634436], [0.000259801541688, -0.000947323685978, 0.000306958303554, 0.000391028996091, -0.00112251786049, -0.000608816626482, -0.000950070563704, -0.00235955230892, 0.0126728704199, -0.00706611573696, 0.00248311087489, -0.00133877038024, -0.000944135303143], [-0.000211930309888, 0.00121293286793, 7.97290413175e-05, 0.000269697367912, 0.00111795577686, -0.000422162178438, -0.000184603661182, 0.00288508436643, -0.00706611573696, 0.0127102537081, -0.00708269653842, 0.00272512924857, 0.00151976454072], [0.000324001099216, -0.00104660855141, -0.000782412826084, -0.000684288039338, 0.00196641311049, -0.000274473190075, -0.000516413769219, -0.00146801874507, 0.00248311087489, -0.00708269653842, 0.0134682198986, -0.00342372525483, 0.00188683741726], [-0.000129427819047, 0.00129441416357, 1.79974449566e-05, 0.0014527128078, -0.000892328331247, 0.00146747846156, -0.00209115026519, 0.000246113137109, -0.00133877038024, 0.00272512924857, -0.00342372525483, 0.0164718478918, -0.00531576480716], [8.03645234555e-05, 0.000465011398774, 0.000807521049865, -6.25347965979e-05, 0.000944294035435, -0.00104575662408, -0.00156389945187, 0.000269994634436, -0.000944135303143, 0.00151976454072, 0.00188683741726, -0.00531576480716, 0.0134993121028]], "cov": [[26495.3886719, 1299.74462891, -3694.68676758, -74.0004959106, -709.549499512, 746.400146484, -650.918457031, 674.753356934, -344.511383057, -308.391143799, -744.641235352, -187.794662476, 77.4714355469], [1299.74462891, 3741.78295898, -108.163009644, 661.529296875, 1061.45654297, -291.54473877, 78.0327301025, -216.009918213, 65.1576309204, -338.112182617, -122.221176147, -295.90524292, -267.38772583], [-3694.68676758, -108.163009644, 1553.5012207, 332.061218262, 292.479736328, -89.2916488647, -16.2274436951, -224.549926758, -13.3612146378, 63.8121566772, 160.999145508, -50.0231323242, -140.755355835], [-74.0004959106, 661.529296875, 332.061218262, 667.067321777, 404.205047607, -113.450424194, 4.45673465729, -139.766708374, -34.3757820129, -83.3152999878, -19.2824497223, -103.694068909, -104.034423828], [-709.549499512, 1061.45654297, 292.479736328, 404.205047607, 732.037963867, -130.289169312, 94.8700637817, -138.816162109, 23.8006343842, -162.925628662, -80.5566940308, -78.0791244507, -94.9759292603], [746.400146484, -291.54473877, -89.2916488647, -113.450424194, -130.289169312, 277.353088379, 13.3493757248, 77.605758667, 17.6319332123, 49.5827827454, 2.8284611702, 15.0844726562, 42.204990387], [-650.918457031, 78.0327301025, -16.2274436951, 4.45673465729, 94.8700637817, 13.3493757248, 243.146560669, 78.1451416016, 57.4665718079, -18.1206798553, 10.5694303513, 46.8015861511, 46.1934013367], [674.753356934, -216.009918213, -224.549926758, -139.766708374, -138.816162109, 77.605758667, 78.1451416016, 240.302642822, 28.0689163208, -8.48343753815, -7.87043380737, 47.8462562561, 59.0373382568], [-344.511383057, 65.1576309204, -13.3612146378, -34.3757820129, 23.8006343842, 17.6319332123, 57.4665718079, 28.0689163208, 141.275268555, 71.8163757324, 25.9552650452, 9.43169116974, 8.12537002563], [-308.391143799, -338.112182617, 63.8121566772, -83.3152999878, -162.925628662, 49.5827827454, -18.1206798553, -8.48343753815, 71.8163757324, 228.739334106, 113.509780884, 3.52261781693, -12.6193027496], [-744.641235352, -122.221176147, 160.999145508, -19.2824497223, -80.5566940308, 2.8284611702, 10.5694303513, -7.87043380737, 25.9552650452, 113.509780884, 163.58833313, 12.0569019318, -22.9221496582], [-187.794662476, -295.90524292, -50.0231323242, -103.694068909, -78.0791244507, 15.0844726562, 46.8015861511, 47.8462562561, 9.43169116974, 3.52261781693, 12.0569019318, 116.405479431, 69.3343963623], [77.4714355469, -267.38772583, -140.755355835, -104.034423828, -94.9759292603, 42.204990387, 46.1934013367, 59.0373382568, 8.12537002563, -12.6193027496, -22.9221496582, 69.3343963623, 137.344665527]], "mean": [-114.589500427, 77.4385070801, -54.4454994202, 14.9489059448, -44.7204742432, -1.02956938744, -34.3730659485, 3.11053800583, -28.0983562469, -5.29588508606, -20.0460548401, -0.528110086918, -12.243888855]}, "spectral_flux": {"max": 0.503767311573, "dmean": 0.0209550671279, "dvar2": 0.00200650771149, "dmean2": 0.033365316689, "var": 0.00287583400495, "median": 0.042212061584, "min": 6.37416716631e-11, "dvar": 0.000922358362004, "mean": 0.0575726740062}, "zerocrossingrate": {"max": 0.57421875, "dmean": 0.0230542551726, "dvar2": 0.00128104398027, "dmean2": 0.0271407943219, "var": 0.0129247251898, "median": 0.0458984375, "min": 0.00146484375, "dvar": 0.00105078320485, "mean": 0.0900994092226}, "spectral_energyband_middle_low": {"max": 0.174403294921, "dmean": 0.00409995717928, "dvar2": 0.000157276153914, "dmean2": 0.00641332287341, "var": 0.000191185652511, "median": 0.00478690862656, "min": 1.54689085435e-22, "dvar": 6.50413858239e-05, "mean": 0.00928458105773}, "silence_rate_20dB": {"max": 1, "dmean": 0.00107503763866, "dvar2": 0.00257560703903, "dmean2": 0.00215030647814, "var": 0.00118091574404, "median": 1, "min": 0, "dvar": 0.00107382494025, "mean": 0.998817563057}, "silence_rate_30dB": {"max": 1, "dmean": 0.0195656847209, "dvar2": 0.045770984143, "dmean2": 0.0391355752945, "var": 0.0294947884977, "median": 1, "min": 0, "dvar": 0.0191817563027, "mean": 0.969579696655}, "spectral_entropy": {"max": 9.81911754608, "dmean": 0.380724221468, "dvar2": 0.30047082901, "dmean2": 0.534609973431, "var": 1.18668174744, "median": 7.03042793274, "min": 3.66400933266, "dvar": 0.147639960051, "mean": 6.98391628265}, "spectral_rolloff": {"max": 19530.6152344, "dmean": 1052.44750977, "dvar2": 14169458, "dmean2": 1856.71801758, "var": 19462540, "median": 516.796875, "min": 43.06640625, "dvar": 6125303, "mean": 2521.88769531}, "spectral_complexity": {"max": 60, "dmean": 2.4338850975, "dvar2": 46.9166297913, "dmean2": 