{"tonal": {"hpcp": {"dvar": [0.0279032941908, 0.018723923713, 0.00740901147947, 0.00554408039898, 0.0102337598801, 0.0258349496871, 0.0339274816215, 0.0296750366688, 0.0203058738261, 0.0116602033377, 0.00919561833143, 0.0183828677982, 0.0237823911011, 0.0189904347062, 0.0105394078419, 0.00989710818976, 0.0117101473734, 0.0170041508973, 0.0157461389899, 0.0301376525313, 0.0422151312232, 0.055600579828, 0.0432003885508, 0.0274437218904, 0.0104581788182, 0.00708380481228, 0.0139671517536, 0.0223557259887, 0.0238780472428, 0.013089472428, 0.0139109287411, 0.0363402888179, 0.0699266716838, 0.0502548217773, 0.0436683259904, 0.0304560419172], "var": [0.100855998695, 0.0378230139613, 0.00479392660782, 0.00290311453864, 0.00673686014488, 0.0445140600204, 0.0998285189271, 0.0510038770735, 0.0173584390432, 0.00772991869599, 0.00622424855828, 0.0390427708626, 0.100791923702, 0.0372453480959, 0.0165321286768, 0.029401447624, 0.0110753485933, 0.0180311463773, 0.025566522032, 0.0274258684367, 0.064150094986, 0.138276353478, 0.0978898853064, 0.0296971742064, 0.00740189105272, 0.00564739573747, 0.0257522221655, 0.076287701726, 0.0562089085579, 0.0114835035056, 0.0102158179507, 0.0327835641801, 0.109782747924, 0.131341665983, 0.0691130235791, 0.0573848895729], "median": [0.0102300085127, 0.00566350854933, 0.00134675798472, 0.000615354336333, 0.00103652453981, 0.0227992031723, 0.0680024921894, 0.0481983833015, 0.00399302039295, 0.000542276422493, 0.000599994440563, 0.00248032342643, 0.00611045630649, 0.00654512271285, 0.00216725817882, 0.000749905768316, 0.000662835547701, 0.00113162759226, 0.00253088260069, 0.00716996006668, 0.0885564163327, 0.253521054983, 0.193295553327, 0.0305794421583, 0.0018461648142, 0.000385765888495, 0.0029599131085, 0.00992980785668, 0.0100169535726, 0.0026982834097, 0.000639003235847, 0.00562780350447, 0.0626717582345, 0.115704581141, 0.0725563317537, 0.0337317660451], "max": [1, 1, 1, 1, 1, 1, 1, 1, 1, 1, 1, 1, 1, 1, 1, 1, 1, 1, 1, 1, 1, 1, 1, 1, 1, 1, 1, 1, 1, 1, 1, 1, 1, 1, 1, 1], "dmean": [0.0808182582259, 0.0645237118006, 0.0246425289661, 0.0144355390221, 0.0321112014353, 0.0899468809366, 0.115619063377, 0.108593247831, 0.0551552921534, 0.0269361902028, 0.0271767154336, 0.0576788447797, 0.0638526678085, 0.0635723397136, 0.0330152288079, 0.0244588069618, 0.0286981668323, 0.0340192653239, 0.0408046096563, 0.0849000588059, 0.156347751617, 0.192259177566, 0.178825050592, 0.099970549345, 0.039025709033, 0.0222168192267, 0.0475784167647, 0.0677649006248, 0.071422830224, 0.0424427352846, 0.0397829115391, 0.115931257606, 0.192125782371, 0.165938988328, 0.145843073726, 0.107261218131], "dmean2": [0.135393813252, 0.108394347131, 0.0454853214324, 0.0281754527241, 0.059835318476, 0.14959667623, 0.187038093805, 0.179990127683, 0.097397506237, 0.0501445569098, 0.0501152910292, 0.0961189046502, 0.106176964939, 0.1063176319, 0.0586716383696, 0.0431698486209, 0.0529612340033, 0.0641799643636, 0.0735518187284, 0.155907377601, 0.259845048189, 0.316484481096, 0.291620016098, 0.170778572559, 0.0722027942538, 0.0401516705751, 0.080181710422, 0.10785497725, 0.121103547513, 0.0754800140858, 0.0754421651363, 0.206399127841, 0.329660356045, 0.279783993959, 0.251084715128, 0.186439439654], "mean": [0.181755706668, 0.101089969277, 0.0185927040875, 0.00856107380241, 0.0218852628022, 0.125275701284, 0.228444978595, 0.153834119439, 0.0445608794689, 0.0182279478759, 0.0186627861112, 0.0918718650937, 0.164061486721, 0.0984667167068, 0.0397513173521, 0.0425779521465, 0.0278236828744, 0.030814493075, 0.0473766960204, 0.068748369813, 0.205275475979, 0.398196905851, 0.314199209213, 0.0996486395597, 0.0258965566754, 0.0168475117534, 0.0653583705425, 0.1448661834, 0.118595488369, 0.0368904657662, 0.0259685013443, 0.09316534549, 0.248348236084, 0.312063753605, 0.193315461278, 0.148724943399], "dvar2": [0.0663615390658, 0.0495511256158, 0.0216006860137, 0.0165545996279, 0.0291809178889, 0.0667103454471, 0.0780222788453, 0.0793189108372, 0.054601855576, 0.0334065444767, 0.0259697474539, 0.0485352948308, 0.0531620420516, 0.0490937568247, 0.028732329607, 0.0247755628079, 0.0362015813589, 0.0527432560921, 0.0434028357267, 0.0888338387012, 0.1055515185, 0.128270149231, 0.107065871358, 0.067115098238, 0.0282635521144, 0.0197112224996, 0.0361809320748, 0.0485996678472, 0.0601212307811, 0.0366001836956, 0.0395065024495, 0.0966107174754, 0.166496649384, 0.118888147175, 0.116518735886, 0.0814026221633], "min": [0, 0, 0, 0, 0, 0, 0, 0, 0, 0, 0, 0, 0, 0, 0, 0, 0, 0, 0, 0, 0, 0, 0, 0, 0, 0, 0, 0, 0, 0, 0, 0, 0, 0, 0, 0]}, "key_key": "A", "thpcp": [1, 0.789054870605, 0.250249654055, 0.0650345534086, 0.042309500277, 0.164135813713, 0.363805383444, 0.297831267118, 0.0926437750459, 0.0652152299881, 0.233968034387, 0.62368196249, 0.783692061901, 0.48547706008, 0.373495966196, 0.456446796656, 0.25386929512, 0.046692237258, 0.0214995983988, 0.0549609065056, 0.314607411623, 0.57369852066, 0.386326760054, 0.111906647682, 0.0457762181759, 0.0468682348728, 0.230719685555, 0.412010967731, 0.247281476855, 0.0998282954097, 0.106926880777, 0.0698741823435, 0.0773850604892, 0.118978060782, 0.172649174929, 0.515512466431], "chords_key": "E", "tuning_equal_tempered_deviation": 0.122900851071, "tuning_frequency": 442.293365479, "tuning_diatonic_strength": 0.647140920162, "chords_histogram": [17.3686771393, 17.3686771393, 54.3828277588, 1.02455687523, 2.08163928986, 0, 0.048788420856, 0, 0, 0, 0, 0.032525613904, 0.113839648664, 0, 0, 0, 0, 2.13042759895, 0, 0.16262806952, 0, 2.24426746368, 0.975768446922, 2.06537652016], "key_strength": 0.789061248302, "key_scale": "major", "chords_strength": {"dvar": 0.000434872490587, "var": 0.0290219057351, "median": 0.619993329048, "max": 0.847227394581, "dmean": 0.00754857249558, "dmean2": 0.00707320636138, "mean": 0.601544082165, "dvar2": 0.000874787045177, "min": -1}, "chords_number_rate": 0.00130102457479, "tuning_nontempered_energy_ratio": 0.820492982864, "hpcp_entropy": {"dvar": 0.232704296708, "var": 0.478556483984, "median": 1.68996703625, "max": 3.79750013351, "dmean": 0.570100903511, "dmean2": 0.961624443531, "mean": 1.63124477863, "dvar2": 0.6286470294, "min": 0}, "chords_changes_rate": 0.0304114483297, "chords_scale": "major"}, "rhythm": {"bpm_histogram_first_peak_spread": {"dvar": 0, "var": 0, "median": 0.383333325386, "max": 0.383333325386, "dmean": 0, "dmean2": 0, "mean": 0.383333325386, "dvar2": 0, "min": 0.383333325386}, "bpm_histogram_first_peak_weight": {"dvar": 0, "var": 0, "median": 0.588469207287, "max": 0.588469207287, "dmean": 0, "dmean2": 0, "mean": 0.588469207287, "dvar2": 0, "min": 0.588469207287}, "bpm_histogram_first_peak_bpm": {"dvar": 0, "var": 0, "median": 105, "max": 105, "dmean": 0, "dmean2": 0, "mean": 105, "dvar2": 0, "min": 105}, "bpm": 105.012184143, "bpm_histogram_second_peak_weight": {"dvar": 0, "var": 0, "median": 0.0119284298271, "max": 0.0119284298271, "dmean": 0, "dmean2": 0, "mean": 0.0119284298271, "dvar2": 0, "min": 0.0119284298271}, "beats_loudness": {"dvar": 0.00275915721431, "var": 0.00267271348275, "median": 0.0356929600239, "max": 0.272245585918, "dmean": 0.0582735687494, "dmean2": 0.108598396182, "mean": 0.0553568005562, "dvar2": 0.00744618056342, "min": 0}, "beats_loudness_band_ratio": {"dvar": [0.0312236566097, 0.0273046772927, 0.00829076580703, 0.00437461398542, 0.000375952513423, 8.26037576189e-05], "var": [0.0606561489403, 0.0543861091137, 0.0105362478644, 0.00335646350868, 0.000265797716565, 5.90845993429e-05], "median": [0.55556166172, 0.367722392082, 0.0623797848821, 0.00898669473827, 0.00500919157639, 0.00128880515695], "max": [0.995576739311, 0.955272853374, 0.55547773838, 0.837184846401, 0.166649326682, 0.0725687667727], "dmean": [0.232565015554, 0.204278483987, 0.0842190459371, 0.0272935945541, 0.0107073578984, 0.0045177671127], "dmean2": [0.369535237551, 0.336648315191, 0.140554711223, 0.047567371279, 0.0193938277662, 0.00802987534553], "mean": [0.538488686085, 0.389470726252, 0.0975881293416, 0.0232989471406, 0.00984715111554, 0.00366987520829], "dvar2": [0.0800268799067, 0.0712876096368, 0.022940941155, 0.0116960965097, 0.00103697739542, 0.00023181605502], "min": [0, 0, 0, 0, 0, 0]}, "bpm_histogram_second_peak_bpm": {"dvar": 0, "var": 0, "median": 140, "max": 140, "dmean": 0, "dmean2": 0, "mean": 140, "dvar2": 0, "min": 140}, "onset_rate": 2.28351950645, "beats_count": 504, "beats_position": [0.522448956966, 1.05650794506, 1.60217678547, 2.17106580734, 2.73995471001, 3.30884337425, 3.87773227692, 4.45823097229, 5.02712011337, 5.59600877762, 6.1648979187, 6.73378658295, 7.31428575516, 7.8831744194, 8.46367359161, 9.03256225586, 9.61306095123, 10.1935596466, 10.774058342, 11.3313379288, 11.8886165619, 12.4691152573, 13.0380039215, 13.6068935394, 14.1873922348, 14.756280899, 15.3251695633, 15.8940582275, 16.4629478455, 17.0434455872, 17.6239452362, 18.1928348541, 18.7733325958, 19.3422222137, 19.9111099243, 20.4683895111, 21.037279129, 21.6177768707, 22.1866664886, 22.7555541992, 23.3244438171, 23.8933334351, 24.4738311768, 25.0427207947, 25.6116104126, 26.1804981232, 26.7493877411, 27.3298854828, 27.8987751007, 28.4676647186, 29.0365524292, 29.6054420471, 30.1743297577, 30.7432193756, 31.3237190247, 31.8926067352, 32.4614944458, 33.0419960022, 33.6108856201, 34.1797714233, 34.7486610413, 35.3175506592, 35.8864402771, 36.455329895, 37.0358276367, 37.6047172546, 38.1736030579, 38.7424926758, 39.3113822937, 39.8802719116, 40.4491615295, 41.0180473328, 41.5869369507, 42.1790466309, 42.771156311, 43.3284339905, 43.8857116699, 44.4546012878, 45.0234909058, 45.5807685852, 46.1612701416, 46.7417678833, 47.322265625, 47.8911552429, 48.4600448608, 49.0405426025, 49.6210403442, 50.2015419006, 50.7820396423, 51.3509292603, 51.9198188782, 52.4770965576, 53.0343742371, 53.603263855, 54.1721534729, 54.7410430908, 55.3215408325, 55.8904304504, 56.4593200684, 57.0282058716, 57.608707428, 58.1892051697, 58.7697029114, 59.3269844055, 59.884262085, 60.4647598267, 61.0452613831, 61.6141471863, 62.1830368042, 62.7519264221, 63.32081604, 63.889705658, 64.4585952759, 65.0274810791, 65.5963668823, 66.1768722534, 66.7457580566, 67.3146438599, 67.895149231, 68.4640350342, 69.0329208374, 69.60181427, 70.1707000732, 70.7395935059, 71.3084793091, 71.8889770508, 72.4578704834, 73.0267562866, 73.5956420898, 74.1645355225, 74.7450332642, 75.3139190674, 75.8828125, 76.4516983032, 77.0205917358, 77.6010894775, 78.1815872192, 78.7504730225, 79.3193664551, 79.8998641968, 80.4571380615, 81.0260314941, 81.5949172974, 82.16381073, 82.7443084717, 83.3131942749, 83.8936920166, 84.4625854492, 85.0314712524, 85.6119689941, 86.1924667358, 86.74974823, 87.3186416626, 87.8875274658, 88.456413269, 89.0369110107, 89.6058044434, 90.1863021851, 90.7551879883, 91.3240814209, 91.8929672241, 92.4618606567, 93.0423583984, 93.5996322632, 94.1685256958, 94.737411499, 95.3179092407, 95.8868026733, 96.4556884766, 97.0245819092, 97.5934677124, 98.1623535156, 98.7312469482, 99.3001327515, 99.8690261841, 100.449523926, 101.030021667, 101.598907471, 102.167800903, 102.736686707, 103.305580139, 103.886077881, 104.466575623, 105.035461426, 105.604354858, 106.173240662, 106.730522156, 107.299407959, 107.868293762, 108.448799133, 109.017684937, 109.598182678, 110.17868042, 110.747573853, 111.316459656, 111.885353088, 112.454238892, 113.023124695, 113.592018127, 114.172515869, 114.753013611, 115.333511353, 115.914009094, 116.482902527, 117.05178833, 117.620681763, 118.189567566, 118.74684906, 119.327346802, 119.884620667, 120.441902161, 121.022399902, 121.602897644, 122.171791077, 122.752288818, 123.33278656, 123.901672363, 124.470565796, 125.039451599, 125.596733093, 126.154014587, 126.722900391, 127.291786194, 127.872291565, 128.452789307, 129.033279419, 129.602172852, 130.171066284, 130.751556396, 131.320449829, 131.889343262, 132.458221436, 133.027114868, 133.607620239, 134.176498413, 134.745391846, 135.325897217, 135.894775391, 136.463668823, 137.032562256, 137.601455688, 138.170333862, 138.739227295, 139.319732666, 139.88861084, 140.457504272, 141.026397705, 141.595275879, 142.164169312, 142.744674683, 143.313552856, 143.882446289, 144.451339722, 145.031829834, 145.612335205, 146.181228638, 146.750106812, 147.319000244, 147.887893677, 148.456771851, 149.025665283, 149.606170654, 150.186660767, 150.755554199, 151.324447632, 151.893325806, 152.462219238, 153.031112671, 153.599990845, 154.168884277, 154.73777771, 155.318267822, 155.898773193, 156.456054688, 157.024932861, 157.605438232, 158.174331665, 158.731613159, 159.300491333, 159.869384766, 160.42666626, 160.995559692, 161.564437866, 162.144943237, 162.72543335, 163.294326782, 163.863220215, 164.443710327, 165.024215698, 165.604721069, 166.173599243, 166.742492676, 167.311386108, 167.880264282, 168.460769653, 169.029663086, 169.59854126, 170.179046631, 170.747940063, 171.316818237, 171.88571167, 172.454605103, 173.035095215, 173.603988647, 174.17288208, 174.753372192, 175.333877563, 175.902755737, 176.47164917, 177.040542603, 177.609436035, 178.178314209, 178.747207642, 179.327713013, 179.908203125, 180.477096558, 181.04598999, 181.614868164, 182.183761597, 182.741043091, 183.309921265, 183.878814697, 184.459320068, 185.039810181, 185.608703613, 186.177597046, 186.73487854, 187.315368652, 187.895874023, 188.464752197, 189.03364563, 189.602539062, 190.171432495, 190.751922607, 191.332427979, 191.889694214, 192.458587646, 193.027481079, 193.607971191, 194.176864624, 194.745758057, 195.314651489, 195.883529663, 196.452423096, 197.032928467, 197.601806641, 198.170700073, 198.727981567, 199.296859741, 199.877365112, 200.457870483, 201.026748657, 201.59564209, 202.176147461, 202.745025635, 203.313919067, 203.8828125, 204.451690674, 205.008972168, 205.589477539, 206.169967651, 206.738861084, 207.307754517, 207.888244629, 208.46875, 209.037643433, 209.618133545, 210.187026978, 210.76751709, 211.324798584, 211.893692017, 212.450973511, 213.019866943, 213.577133179, 214.15763855, 214.738143921, 215.318634033, 215.887527466, 216.45640564, 217.025299072, 217.594192505, 218.174682617, 218.731964111, 219.312469482, 219.892959595, 220.473464966, 221.042358398, 221.611236572, 222.191741943, 222.760635376, 223.32951355, 223.898406982, 224.467300415, 225.036193848, 225.605072021, 226.173965454, 226.742858887, 227.323348999, 227.90385437, 228.472732544, 229.041625977, 229.610519409, 230.179412842, 230.748291016, 231.317184448, 231.897689819, 232.478179932, 233.047073364, 233.604354858, 234.173233032, 234.742126465, 235.311019897, 235.89151001, 236.448791504, 237.017684937, 237.598175049, 238.17868042, 238.747573853, 239.328063965, 239.896957397, 240.46585083, 241.034729004, 241.603622437, 242.184127808, 242.76461792, 243.321899414, 243.902404785, 244.471282959, 245.040176392, 245.620681763, 246.201171875, 246.770065308, 247.33895874, 247.896224976, 248.465118408, 249.034011841, 249.602905273, 250.183395386, 250.752288818, 251.321166992, 251.890060425, 252.470565796, 253.03944397, 253.608337402, 254.177230835, 254.757720947, 255.32661438, 255.895507812, 256.464385986, 257.02166748, 257.578948975, 258.147827148, 258.72833252, 259.297241211, 259.877716064, 260.458221436, 261.038726807, 261.60760498, 262.188110352, 262.756988525, 263.325897217, 263.894775391, 264.475280762, 265.044158936, 265.613067627, 266.170349121, 266.739227295, 267.308105469, 267.88861084, 268.457489014, 269.026397705, 269.595275879, 270.164154053, 270.721435547, 271.290344238, 271.859222412, 272.439727783, 273.020233154, 273.600708008, 274.181213379, 274.76171875, 275.342224121, 275.922729492, 276.410339355, 276.897949219, 277.385559082, 277.884796143, 278.291137695, 278.674285889, 279.057403564, 279.452148438, 279.846893311, 280.253234863, 280.647979736, 281.042724609, 281.449066162, 281.843811035, 282.250152588, 282.679718018, 283.109283447, 283.538848877, 283.968444824, 284.398010254, 284.827575684], "danceability": 1.11163854599, "bpm_histogram_second_peak_spread": {"dvar": 0, "var": 0, "median": 0, "max": 0, "dmean": 0, "dmean2": 0, "mean": 0, "dvar2": 0, "min": 0}}, "lowlevel": {"spectral_flux": {"dvar": 0.00110697944183, "var": 0.0019436130533, "median": 0.046576615423, "max": 0.39943999052, "dmean": 0.0236672908068, "dmean2": 0.0391628667712, "mean": 0.0579870454967, "dvar2": 0.00275059067644, "min": 6.09741562796e-11}, "spectral_rolloff": {"dvar": 73078.359375, "var": 3152923.5, "median": 344.53125, "max": 19832.0800781, "dmean": 70.3884658813, "dmean2": 122.667610168, "mean": 561.210205078, "dvar2": 151545.8125, "min": 21.533203125}, "barkbands_flatness_db": {"dvar": 0.00044168275781, "var": 0.00548823783174, "median": 0.279846578836, "max": 0.817434072495, "dmean": 0.0215192977339, "dmean2": 0.0329822599888, "mean": 0.290587097406, "dvar2": 0.000978359836154, "min": 0.0480315759778}, "spectral_centroid": {"dvar": 23828.8554688, "var": 1072397.125, "median": 377.945495605, "max": 11731.4599609, "dmean": 64.162361145, "dmean2": 100.609069824, "mean": 523.495666504, "dvar2": 43312.8554688, "min": 51.2095832825}, "melbands_skewness": {"dvar": 0.895521223545, "var": 3.12116956711, "median": 2.50611448288, "max": 54.4558143616, "dmean": 0.707554876804, "dmean2": 1.07604336739, "mean": 2.75448727608, "dvar2": 1.85092568398, "min": -1.12145578861}, "melbands": {"dvar": [1.20794320537e-05, 1.96205110115e-06, 5.90650233789e-06, 2.37856625063e-06, 3.92315115505e-07, 5.19624506978e-07, 2.50008127978e-07, 2.77309020191e-09, 2.0995394312e-09, 1.20075016596e-08, 7.18709536329e-09, 3.39776251579e-09, 1.19321913461e-10, 2.44059009114e-11, 6.35843544483e-10, 6.05965902456e-11, 2.13206258204e-10, 5.4545939987e-10, 1.07007831415e-11, 1.88911351839e-11, 1.27487229107e-10, 6.96883731277e-11, 9.09580327724e-11, 3.15233407953e-12, 1.65826987558e-11, 5.1010140556e-11, 6.37750312629e-12, 2.69666044052e-13, 7.16548131593e-13, 4.15144128926e-13, 2.35973865231e-13, 2.5801190069e-13, 4.78177935616e-13, 5.5314446464e-14, 2.05282669932e-14, 1.75296189528e-15, 9.94258523143e-17, 5.46219453077e-17, 3.8534635661e-17, 1.14120831702e-17], "var": [2.33510854741e-05, 6.90042497808e-06, 1.64787215908e-05, 1.58377551998e-05, 1.68828921687e-06, 1.77023014203e-06, 1.01252351214e-06, 1.1356476648e-08, 6.29242169481e-09, 4.05622344601e-08, 1.98118890182e-08, 1.00685557669e-08, 3.01703856342e-10, 8.97994387183e-11, 1.37269828837e-09, 2.04800384984e-10, 4.28452079371e-10, 1.47869905209e-09, 2.63873298212e-11, 3.90286518381e-11, 2.05235758943e-10, 1.27431898367e-10, 1.46643266974e-10, 8.2639086546e-12, 2.47556402461e-11, 7.7574786872e-11, 1.23430076923e-11, 5.39449127729e-13, 1.6052864333e-12, 8.14196583418e-13, 2.80246908579e-13, 5.24868722703e-13, 5.94096115619e-13, 5.45412612372e-14, 2.07961564093e-14, 2.2508325092e-15, 2.07140676406e-16, 6.70358815116e-17, 7.84425234877e-17, 4.84544436471e-17], "median": [0.00016570504522, 0.000537812768016, 0.000797375570983, 0.000758299953304, 0.000561339722481, 0.000444606586825, 0.000126834696857, 2.86125705315e-05, 1.92906791199e-05, 3.8005397073e-05, 1.02032263385e-05, 7.43964892536e-06, 2.18464401769e-06, 6.59671400172e-07, 2.00383033189e-06, 1.17905608477e-06, 8.66210655204e-07, 1.17292074719e-06, 7.1307511007e-07, 9.27914697968e-07, 1.28688259338e-06, 8.92681555342e-07, 6.7178871177e-07, 3.22347148085e-07, 3.30763811007e-07, 4.66837207114e-07, 3.16292044999e-07, 1.02120544909e-07, 1.15007736667e-07, 5.73476519605e-08, 3.56956562086e-08, 2.25975416157e-08, 5.90540771839e-09, 2.24505658508e-09, 1.98636973536e-09, 2.04000527582e-09, 2.01367500452e-09, 1.79985448767e-09, 1.82793624681e-09, 2.06791295199e-09], "max": [0.0434837415814, 0.0323247537017, 0.0509389154613, 0.0619809627533, 0.0166797470301, 0.0188832804561, 0.0173727776855, 0.00132703362033, 0.00133240828291, 0.00362517731264, 0.00253023672849, 0.00212697940879, 0.000478250469314, 0.000285664951662, 0.00109141296707, 0.000203510135179, 0.000337908946676, 0.000789421261288, 0.000115511640615, 0.000162872805959, 0.000550868106075, 0.000511112157255, 0.000542127760127, 9.4593007816e-05, 0.000368362729205, 0.000533833110239, 0.000132330795168, 2.11357018998e-05, 3.50005138898e-05, 2.46453964792e-05, 1.91927483684e-05, 2.28872049775e-05, 3.12286174449e-05, 9.85764017969e-06, 3.71752662431e-06, 1.21343998671e-06, 3.25587308225e-07, 1.69499898561e-07, 1.16026612318e-07, 7.76936275315e-08], "dmean": [0.00103142054286, 0.0006087977672, 0.00105371093377, 0.000724359997548, 0.000376154494006, 0.000406183389714, 0.000218571032747, 2.59526805166e-05, 2.18075656448e-05, 5.09426645294e-05, 2.68521835096e-05, 1.838944263e-05, 4.13825227952e-06, 1.50632831719e-06, 6.8530525823e-06, 2.72406850854e-06, 3.34749711328e-06, 5.50733921045e-06, 1.11596193619e-06, 1.42792794122e-06, 2.90689195026e-06, 1.48421122503e-06, 1.41946622989e-06, 4.6950785304e-07, 5.46341993868e-07, 1.0713630445e-06, 5.33973832262e-07, 1.4592129105e-07, 2.05671852882e-07, 1.32005169462e-07, 7.13271433028e-08, 7.76627331334e-08, 6.3837326536e-08, 2.17358682164e-08, 1.86710522598e-08, 7.63375496149e-09, 2.90691315463e-09, 2.36631025885e-09, 2.25422525091e-09, 1.79376391518e-09], "dmean2": [0.00127895898186, 0.00090359634487, 0.00173625128809, 0.00114632130135, 0.000576459919102, 0.000576067133807, 0.000326259003486, 3.79896118829e-05, 3.20895305777e-05, 7.29278763174e-05, 4.00091375923e-05, 2.72704783129e-05, 6.54195719108e-06, 2.29866418522e-06, 1.08707372419e-05, 4.1870662244e-06, 4.9785153351e-06, 8.56063979882e-06, 1.78505558779e-06, 2.2304589038e-06, 4.68098778583e-06, 2.35388324654e-06, 2.21802156375e-06, 7.26904659132e-07, 8.55716280057e-07, 1.66181712302e-06, 8.3616930624e-07, 2.3496791357e-07, 3.17889657708e-07, 2.06425752936e-07, 1.1447257009e-07, 1.18850252306e-07, 9.43023295008e-08, 3.6644514978e-08, 3.08706553653e-08, 1.23227676951e-08, 4.75140904399e-09, 3.94742238896e-09, 3.70762953672e-09, 2.96217717022e-09], "mean": [0.00147401040886, 0.00162299000658, 0.00232072127983, 0.00199701753445, 0.000959647004493, 0.000955000927206, 0.000506480922922, 6.30233116681e-05, 4.83412804897e-05, 0.000108474829176, 5.56112972845e-05, 3.67037464457e-05, 7.42723386793e-06, 3.02713146993e-06, 1.15887678476e-05, 5.23973494637e-06, 5.2876148402e-06, 9.39418532653e-06, 2.03316722036e-06, 2.61479499386e-06, 5.09915071234e-06, 2.64016239271e-06, 2.31980379795e-06, 9.44910709677e-07, 1.03647528249e-06, 2.02257251658e-06, 1.02470119145e-06, 2.73285621688e-07, 3.80543639267e-07, 2.26465886044e-07, 1.144119679e-07, 1.29496640966e-07, 6.95465303124e-08, 2.34242563124e-08, 1.95450908791e-08, 9.41683353517e-09, 4.6295265399e-09, 3.54487261767e-09, 3.91685217593e-09, 4.17036982725e-09], "dvar2": [1.97061763174e-05, 4.27905206379e-06, 1.56841342687e-05, 5.41689314559e-06, 9.23977950151e-07, 1.08264885057e-06, 5.25127234141e-07, 5.46733858187e-09, 4.3917012249e-09, 2.40830839715e-08, 1.60829589646e-08, 7.17244263981e-09, 2.76857314851e-10, 4.74482918233e-11, 1.46201240003e-09, 1.43467682179e-10, 4.18017981341e-10, 1.14556819586e-09, 2.40864238277e-11, 4.36465516507e-11, 3.27767646358e-10, 1.4278024596e-10, 1.72186639946e-10, 5.83554255265e-12, 3.48945629336e-11, 1.21279153387e-10, 1.42942845061e-11, 6.40274400339e-13, 1.47828949602e-12, 9.48776972785e-13, 4.66386803309e-13, 4.98679331336e-13, 1.01804307172e-12, 1.27953203588e-13, 5.36984668428e-14, 4.02805755737e-15, 2.06678434645e-16, 1.33309936296e-16, 9.79039921885e-17, 2.75121429788e-17], "min": [4.92198421937e-25, 9.98890388071e-25, 8.28707748658e-25, 9.90853275953e-25, 2.32367262672e-24, 1.52898992802e-24, 2.49994320156e-24, 1.73779805698e-24, 1.39347871147e-24, 9.18281425332e-25, 2.21398743431e-24, 2.1512309855e-24, 1.83162911735e-24, 1.62051869784e-24, 1.73657413928e-24, 3.06889611325e-24, 2.29931417969e-24, 3.13755146669e-24, 3.30517218171e-24, 2.94222516783e-24, 3.83506819555e-24, 4.62002305599e-24, 3.27340317533e-24, 4.19615113111e-24, 3.16511071685e-24, 4.72870363405e-24, 3.3715848036e-24, 4.75963999774e-24, 5.32804149565e-24, 4.79397398534e-24, 5.13479739514e-24, 4.78233434269e-24, 5.26327759305e-24, 4.10152923768e-24, 5.6427188996e-24, 4.54614426007e-24, 5.84245571979e-24, 5.19620785003e-24, 4.89600328267e-24, 5.72217178668e-24]}, "spectral_decrease": {"dvar": 1.77760733135e-17, "var": 7.27812596707e-17, "median": -5.21876497572e-09, "max": 1.84103110058e-28, "dmean": 2.42745334944e-09, "dmean2": 3.46336936907e-09, "mean": -7.85043408058e-09, "dvar2": 3.27924801975e-17, "min": -7.20947284094e-08}, "barkbands_kurtosis": {"dvar": 4060.86181641, "var": 5363.18701172, "median": 10.6900701523, "max": 4935.20458984, "dmean": 7.69640731812, "dmean2": 12.2990846634, "mean": 17.6813659668, "dvar2": 10253.8417969, "min": -1.87282979488}, "silence_rate_30dB": {"dvar": 0.0244221314788, "var": 0.0399059131742, "median": 1, "max": 1, "dmean": 0.0250487960875, "dmean2": 0.0501016676426, "mean": 0.958363831043, "dvar2": 0.0521437115967, "min": 0}, "gfcc": {"mean": [-138.212860107, 181.459884644, -96.524887085, 28.7348365784, -40.7031555176, -27.1222763062, -31.2509460449, -3.72572636604, -20.3400630951, -7.46448850632, -11.96230793, -11.2879085541, 6.47959566116], "cov": [[17922.9648438, 1749.12805176, -2760.29638672, 151.182830811, -859.335388184, -134.983596802, -265.249481201, -62.4147377014, -252.133575439, 116.575942993, 27.1538410187, -102.115287781, 309.174346924], [1749.12805176, 823.66418457, -77.3597564697, 7.40872240067, 195.46937561, -224.930084229, 97.4930267334, -25.4546089172, -27.923494339, -77.1556472778, -51.5462799072, -102.899772644, 22.3431987762], [-2760.29638672, -77.3597564697, 1199.52770996, 141.941864014, 203.516067505, 108.419212341, -114.461647034, -44.4142913818, 8.7237405777, -113.474243164, -50.0911560059, 9.73439311981, -60.1486091614], [151.182830811, 7.40872240067, 141.941864014, 318.229003906, 58.6425971985, -49.5369224548, 28.3408927917, 7.84365701675, 58.2826423645, -51.9444999695, -38.7571983337, 6.68115282059, 10.5980796814], [-859.335388184, 195.46937561, 203.516067505, 58.6425971985, 365.918518066, -58.2234992981, 105.472381592, 7.18723058701, 14.8956823349, -40.9667129517, -22.3362121582, -62.3476638794, -10.9443311691], [-134.983596802, -224.930084229, 108.419212341, -49.5369224548, -58.2234992981, 381.675262451, -17.4470272064, -2.21227407455, 2.85893845558, 64.8784179688, 49.6534843445, 14.3402614594, -49.1991348267], [-265.249481201, 97.4930267334, -114.461647034, 28.3408927917, 105.472381592, -17.4470272064, 252.818939209, 63.2241020203, 62.2748603821, 14.9329710007, 20.9465141296, -20.6052856445, -7.20157766342], [-62.4147377014, -25.4546089172, -44.4142913818, 7.84365701675, 7.18723058701, -2.21227407455, 63.2241020203, 159.29699707, 50.0948791504, 31.2166385651, 34.48097229, 27.6369075775, 8.60353565216], [-252.133575439, -27.923494339, 8.7237405777, 58.2826423645, 14.8956823349, 2.85893845558, 62.2748603821, 50.0948791504, 127.935165405, 27.7014045715, 4.75907516479, 17.9409999847, 4.24935388565], [116.575942993, -77.1556472778, -113.474243164, -51.9444999695, -40.9667129517, 64.8784179688, 14.9329710007, 31.2166385651, 27.7014045715, 142.81652832, 68.6565933228, 11.2670040131, 16.0865859985], [27.1538410187, -51.5462799072, -50.0911560059, -38.7571983337, -22.3362121582, 49.6534843445, 20.9465141296, 34.48097229, 4.75907516479, 68.6565933228, 117.061531067, 52.4383850098, 7.96196508408], [-102.115287781, -102.899772644, 9.73439311981, 6.68115282059, -62.3476638794, 14.3402614594, -20.6052856445, 27.6369075775, 17.9409999847, 11.2670040131, 52.4383850098, 124.808517456, 43.4363822937], [309.174346924, 22.3431987762, -60.1486091614, 10.5980796814, -10.9443311691, -49.1991348267, -7.20157766342, 8.60353565216, 4.24935388565, 16.0865859985, 7.96196508408, 43.4363822937, 103.824508667]], "icov": [[0.000407304964028, -0.00129399774596, 0.000970556226093, -0.00107207347173, 0.000833264202811, -0.000930565816816, 0.00106791651342, -0.000302069936879, 0.000439287163317, 7.63271091273e-05, -0.000304233282804, 0.000297680060612, -0.000647756562103], [-0.00129399774596, 0.0059917634353, -0.00298475543968, 0.00362144294195, -0.00321758491918, 0.00372253125533, -0.00378792267293, 0.00118213170208, -0.00129569496494, 0.000682060432155, 0.00031229032902, 0.000568759918679, 0.00121465080883], [0.000970556226093, -0.00298475543968, 0.00364658096805, -0.00292037846521, 0.000897958874702, -0.00274530262686, 0.0035673242528, -0.000656802207232, 0.000645578547847, 0.000986794009805, -0.00064853526419, 0.000113948612125, -0.000918820151128], [-0.00107207347173, 0.00362144294195, -0.00292037846521, 0.00689235376194, -0.00238657300361, 0.00280453404412, -0.00310514634475, 0.000957618001848, -0.00312280934304, 0.00112514256034, 0.00126210972667, -0.000799807952717, 0.00099170266185], [0.000833264202811, -0.00321758491918, 0.000897958874702, -0.00238657300361, 0.00635525165126, -0.00149404921103, 0.000212279468542, -0.000698072253726, 0.00103048642632, 0.000613001233432, -0.00151732843369, 0.00281923590228, -0.00219083647244], [-0.000930565816816, 0.00372253125533, -0.00274530262686, 0.00280453404412, -0.00149404921103, 0.00596046540886, -0.00289254612289, 0.00111867906526, -0.000769421108998, -0.00162071164232, 2.0476494683e-05, -0.000576776976231, 0.0029892672319], [0.00106791651342, -0.00378792267293, 0.0035673242528, -0.00310514634475, 0.000212279468542, -0.00289254612289, 0.00939653534442, -0.00225263857283, -0.00155509472825, 0.00114174489863, -0.0024425087031, 0.00166096712928, -0.00111201812979], [-0.000302069936879, 0.00118213170208, -0.000656802207232, 0.000957618001848, -0.000698072253726, 0.00111867906526, -0.00225263857283, 0.00839447975159, -0.00253797136247, -0.000551296107005, -0.00107198616024, -0.00132317596581, 0.000596590165514], [0.000439287163317, -0.00129569496494, 0.000645578547847, -0.00312280934304, 0.00103048642632, -0.000769421108998, -0.00155509472825, -0.00253797136247, 0.0125516336411, -0.0041236160323, 0.00316511723213, -0.0026146704331, 0.000486296019517], [7.63271091273e-05, 0.000682060432155, 0.000986794009805, 0.00112514256034, 0.000613001233432, -0.00162071164232, 0.00114174489863, -0.000551296107005, -0.0041236160323, 0.0144537640736, -0.00875455327332, 0.00575413042679, -0.00430240714923], [-0.000304233282804, 0.00031229032902, -0.00064853526419, 0.00126210972667, -0.00151732843369, 2.0476494683e-05, -0.0024425087031, -0.00107198616024, 0.00316511723213, -0.00875455327332, 0.0184412822127, -0.00973572954535, 0.00398914050311], [0.000297680060612, 0.000568759918679, 0.000113948612125, -0.000799807952717, 0.00281923590228, -0.000576776976231, 0.00166096712928, -0.00132317596581, -0.0026146704331, 0.00575413042679, -0.00973572954535, 0.0175254493952, -0.00798240769655], [-0.000647756562103, 0.00121465080883, -0.000918820151128, 0.00099170266185, -0.00219083647244, 0.0029892672319, -0.00111201812979, 0.000596590165514, 0.000486296019517, -0.00430240714923, 0.00398914050311, -0.00798240769655, 0.0154049927369]]}, "silence_rate_20dB": {"dvar": 0, "var": 0, "median": 1, "max": 1, "dmean": 0, "dmean2": 0, "mean": 1, "dvar2": 0, "min": 1}, "barkbands_skewness": {"dvar": 1.07550764084, "var": 3.24246883392, "median": 2.17907786369, "max": 64.7832260132, "dmean": 0.646602451801, "dmean2": 0.998736381531, "mean": 2.40413403511, "dvar2": 2.35769152641, "min": -3.21350169182}, "erbbands_skewness": {"dvar": 0.186802744865, "var": 1.16117656231, "median": 1.60907769203, "max": 11.5478658676, "dmean": 0.428586483002, "dmean2": 0.653487026691, "mean": 1.7513269186, "dvar2": 0.413343608379, "min": -4.18848800659}, "spectral_contrast_valleys": {"dvar": [0.156106024981, 0.106578998268, 0.0882356390357, 0.0755749419332, 0.0795844942331, 0.122212380171], "var": [4.49124670029, 4.61278104782, 4.14312076569, 4.07736301422, 4.05038070679, 2.88896465302], "median": [-7.45730161667, -7.37133836746, -8.75257396698, -9.08156776428, -9.02803611755, -12.4235620499], "max": [-4.88900089264, -5.50719070435, -6.58605766296, -6.97058296204, -6.44974184036, -10.3563966751], "dmean": [0.400028198957, 0.33710962534, 0.308774203062, 0.256078273058, 0.232168793678, 0.298409610987], "dmean2": [0.628187417984, 0.555237591267, 0.513371348381, 0.420370429754, 0.362628221512, 0.494800060987], "mean": [-7.64427995682, -7.68167161942, -9.05890655518, -9.37756252289, -9.35801887512, -12.7582206726], "dvar2": [0.330077052116, 0.245414212346, 0.20620597899, 0.166162237525, 0.158440738916, 0.336091220379], "min": [-28.3432540894, -28.112329483, -27.9155349731, -27.7136096954, -27.5149612427, -27.4184627533]}, "spectral_strongpeak": {"dvar": 0.129406034946, "var": 0.378636687994, "median": 0.603135406971, "max": 4.91579389572, "dmean": 0.278717398643, "dmean2": 0.45591366291, "mean": 0.772852957249, "dvar2": 0.29521048069, "min": 0}, "erbbands_crest": {"dvar": 5.61103963852, "var": 22.4570121765, "median": 12.2223463058, "max": 32.3549079895, "dmean": 2.63883972168, "dmean2": 4.07533311844, "mean": 13.0073547363, "dvar2": 13.4476003647, "min": 2.23983430862}, "barkbands_crest": {"dvar": 5.09658527374, "var": 18.3839092255, "median": 12.3291215897, "max": 26.8147907257, "dmean": 2.41081476212, "dmean2": 3.79771161079, "mean": 13.0895824432, "dvar2": 12.3320188522, "min": 4.56132650375}, "spectral_energyband_middle_low": {"dvar": 0.000101476536656, "var": 0.000508483324666, "median": 0.0137789547443, "max": 0.250325649977, "dmean": 0.00636938214302, "dmean2": 0.00985109619796, "mean": 0.0203404724598, "dvar2": 0.000242153226282, "min": 1.6078853271e-22}, "spectral_contrast_coeffs": {"dvar": [0.00157445890363, 0.00146678299643, 0.000920711609069, 0.000510926940478, 0.000371247559087, 0.000559535808861], "var": [0.0108675295487, 0.0088747125119, 0.00545229902491, 0.00276300380938, 0.00292159919627, 0.0028395135887], "median": [-0.56658244133, -0.62191349268, -0.690059363842, -0.787723600864, -0.795464992523, -0.774755120277], "max": [-0.219234257936, -0.358926355839, -0.40942338109, -0.600911796093, -0.536903381348, -0.546811819077], "dmean": [0.0460657179356, 0.0451224595308, 0.0363628715277, 0.0270920787007, 0.0206379313022, 0.0224003829062], "dmean2": [0.0738019123673, 0.0714886412024, 0.058038815856, 0.0447215288877, 0.032533198595, 0.0364057011902], "mean": [-0.568844377995, -0.624970197678, -0.693081021309, -0.786055922508, -0.788743793964, -0.776171982288], "dvar2": [0.00389805808663, 0.00352531019598, 0.00222029280849, 0.00130227277987, 0.000794547086116, 0.00149460986722], "min": [-0.979902207851, -0.986821353436, -0.990361630917, -0.979981839657, -0.968563020229, -0.964828372002]}, "hfc": {"dvar": 9.29849815369, "var": 50.6970214844, "median": 5.84735393524, "max": 81.2381210327, "dmean": 2.02232050896, "dmean2": 2.95172953606, "mean": 7.70466566086, "dvar2": 17.8620872498, "min": 1.105383621e-16}, "spectral_energyband_high": {"dvar": 1.44730905038e-09, "var": 3.67337227303e-09, "median": 7.8844223026e-06, "max": 0.00106728728861, "dmean": 1.02390295069e-05, "dmean2": 1.53098681039e-05, "mean": 2.13922721741e-05, "dvar2": 2.52517828869e-09, "min": 6.83135106033e-21}, "erbbands_spread": {"dvar": 37.847568512, "var": 139.407577515, "median": 17.4551143646, "max": 145.787002563, "dmean": 4.78677797318, "dmean2": 7.27317523956, "mean": 19.6581821442, "dvar2": 80.3694763184, "min": 0.588036835194}, "dissonance": {"dvar": 0.000685126869939, "var": 0.00259143509902, "median": 0.415900528431, "max": 0.499850928783, "dmean": 0.0300698392093, "dmean2": 0.0499728322029, "mean": 0.409290999174, "dvar2": 0.00179251586087, "min": 0.0983067825437}, "spectral_kurtosis": {"dvar": 96.718132019, "var": 660.663452148, "median": 15.210308075, "max": 292.881530762, "dmean": 8.34534358978, "dmean2": 14.3442420959, "mean": 21.4454193115, "dvar2": 266.883117676, "min": -1.27962350845}, "spectral_skewness": {"dvar": 0.343189954758, "var": 2.63030171394, "median": 2.81416082382, "max": 14.9866743088, "dmean": 0.627430915833, "dmean2": 1.06777596474, "mean": 3.11952853203, "dvar2": 0.938541710377, "min": -0.0726094543934}, "pitch_salience": {"dvar": 0.00398056814447, "var": 0.0146081792191, "median": 0.533038556576, "max": 0.938830196857, "dmean": 0.0670216828585, "dmean2": 0.106375493109, "mean": 0.527987420559, "dvar2": 0.00986197404563, "min": 0.00758305098861}, "spectral_complexity": {"dvar": 1.61813986301, "var": 9.63315963745, "median": 8, "max": 24, "dmean": 1.24235522747, "dmean2": 2.05368041992, "mean": 7.72814512253, "dvar2": 3.4942779541, "min": 0}, "spectral_spread": {"dvar": 388137615360, "var": 13925862080500.0, "median": 2347485.75, "max": 53595352, "dmean": 341771.5, "dmean2": 569584.9375, "mean": 2735135.5, "dvar2": 823622696960, "min": 259967.796875}, "dynamic_complexity": 3.6643872261, "melbands_crest": {"dvar": 8.21319961548, "var": 28.1740760803, "median": 15.862953186, "max": 39.177444458, "dmean": 2.98141264915, "dmean2": 4.68715858459, "mean": 16.6221733093, "dvar2": 19.7329864502, "min": 1.41885900497}, "zerocrossingrate": {"dvar": 2.51027577178e-05, "var": 0.00233719311655, "median": 0.0166015625, "max": 0.5322265625, "dmean": 0.00285912188701, "dmean2": 0.00373972998932, "mean": 0.0226209182292, "dvar2": 4.6550132538e-05, "min": 0}, "spectral_energyband_low": {"dvar": 0.000155018627993, "var": 0.000425610400271, "median": 0.00398639589548, "max": 0.216340363026, "dmean": 0.0053828349337, "dmean2": 0.00745782302693, "mean": 0.0118209905922, "dvar2": 0.000283392291749, "min": 1.49620471103e-23}, "melbands_kurtosis": {"dvar": 3774.04296875, "var": 6525.61621094, "median": 15.0386104584, "max": 5251.43505859, "dmean": 9.95639133453, "dmean2": 15.5409736633, "mean": 23.6935043335, "dvar2": 6775.23046875, "min": -1.44547343254}, "spectral_energyband_middle_high": {"dvar": 6.96692211477e-07, "var": 2.46474132837e-06, "median": 0.000361211481504, "max": 0.0227228347212, "dmean": 0.00031960682827, "dmean2": 0.000472697254736, "mean": 0.000853807548992, "dvar2": 1.39059613957e-06, "min": 1.10378053996e-21}, "barkbands_spread": {"dvar": 3.38628578186, "var": 16.8372211456, "median": 3.89246463776, "max": 49.0240821838, "dmean": 1.29644012451, "dmean2": 1.99961364269, "mean": 4.93258810043, "dvar2": 7.91952180862, "min": 0.0578228197992}, "mfcc": {"mean": [-778.953491211, 202.799041748, 6.86969947815, 51.7380142212, 7.27948188782, -10.5300931931, -2.28529047966, -10.8659009933, 2.47133755684, -5.36758852005, -6.91971540451, -7.15879774094, -7.4547753334], "cov": [[5904.68701172, 1425.04455566, -1073.3717041, 308.70993042, -495.819610596, -154.145965576, -4.84725570679, -274.727416992, 105.117446899, -85.5775222778, 30.0763130188, -84.559387207, -37.4570999146], [1425.04455566, 1124.06884766, -160.080307007, 86.556312561, 41.7425422668, -94.9706726074, 83.7649002075, -82.9474258423, 34.4974975586, -31.1958389282, -40.8921127319, 12.5742044449, -59.1751937866], [-1073.3717041, -160.080307007, 703.371826172, 55.7390403748, 206.025314331, 135.049331665, -65.4496917725, 109.793182373, -35.0555152893, -34.6510620117, -24.7746238708, -16.5993251801, 5.57168722153], [308.70993042, 86.556312561, 55.7390403748, 383.168945312, 89.2458953857, -53.8920478821, -16.3011798859, 31.7992420197, 66.9210281372, -12.6219320297, -52.105846405, -9.02830028534, 9.24662971497], [-495.819610596, 41.7425422668, 206.025314331, 89.2458953857, 267.688446045, 64.0868606567, 11.9839515686, 42.8879814148, 2.99737501144, 2.23616552353, -35.5474395752, -3.58107566833, -14.7671232224], [-154.145965576, -94.9706726074, 135.049331665, -53.8920478821, 64.0868606567, 257.080322266, 38.7424163818, 7.08664512634, -17.8416652679, 15.2688045502, 32.0420074463, -17.6544723511, -19.0418128967], [-4.84725570679, 83.7649002075, -65.4496917725, -16.3011798859, 11.9839515686, 38.7424163818, 171.8699646, 18.5386390686, 7.56981182098, 44.2120704651, 29.4697437286, 35.7546730042, 3.92630004883], [-274.727416992, -82.9474258423, 109.793182373, 31.7992420197, 42.8879814148, 7.08664512634, 18.5386390686, 168.162734985, 32.5141906738, 17.4315013885, -2.2521109581, 18.2422771454, 32.6530532837], [105.117446899, 34.4974975586, -35.0555152893, 6