{"tonal": {"hpcp": {"dvar": [0.0240094494075, 0.0210876446217, 0.0175735354424, 0.0167303159833, 0.016055194661, 0.0122739169747, 0.0150860529393, 0.0208801086992, 0.0237228740007, 0.0337060540915, 0.0335704609752, 0.0282279793173, 0.0207277256995, 0.0203936621547, 0.0189078766853, 0.0232061129063, 0.0240476466715, 0.0212130323052, 0.0183102656156, 0.019692460075, 0.0200067907572, 0.0259881429374, 0.0262570437044, 0.0227983221412, 0.0332238711417, 0.0188527759165, 0.0166974775493, 0.0117036923766, 0.0140095120296, 0.0196153651923, 0.0319365262985, 0.0319268926978, 0.0250798910856, 0.0219603851438, 0.0201683994383, 0.0200044289231], "var": [0.0534147657454, 0.0580228716135, 0.0228923913091, 0.0346247181296, 0.0546901226044, 0.0170770119876, 0.0171932429075, 0.0292112324387, 0.0265680085868, 0.120910584927, 0.157465472817, 0.039059150964, 0.0161118600518, 0.0149875795469, 0.0178558751941, 0.0588636398315, 0.0975457802415, 0.0352041386068, 0.0231049209833, 0.0244240034372, 0.0211177747697, 0.0782396197319, 0.0844978168607, 0.0318312086165, 0.0716508999467, 0.0470184795558, 0.0152247324586, 0.0140510369092, 0.0194959659129, 0.0237413942814, 0.104986667633, 0.132493466139, 0.0322118662298, 0.01880832389, 0.0200641583651, 0.0236810147762], "median": [0.00829929951578, 0.0104026161134, 0.0102406404912, 0.00594473257661, 0.00380628881976, 0.00582499429584, 0.0179006494582, 0.0253873020411, 0.0637432411313, 0.268301665783, 0.313007980585, 0.0998734384775, 0.00358084682375, 0.00215497752652, 0.009311565198, 0.0573327839375, 0.0782791227102, 0.0375707000494, 0.00293920561671, 0.00280969263986, 0.0290231220424, 0.109217524529, 0.113039672375, 0.0543758347631, 0.00657158903778, 0.00433517200872, 0.00309539074078, 0.00315805664286, 0.00338767166249, 0.0332187786698, 0.168260157108, 0.198875576258, 0.0712365955114, 0.00622527394444, 0.00424194382504, 0.00400574225932], "max": [1, 1, 1, 1, 1, 1, 1, 1, 1, 1, 1, 1, 1, 1, 1, 1, 1, 1, 1, 1, 1, 1, 1, 1, 1, 1, 1, 1, 1, 1, 1, 1, 1, 1, 1, 1], "dmean": [0.0629484057426, 0.0603061430156, 0.0534701012075, 0.048896741122, 0.0410358533263, 0.0417797416449, 0.052632406354, 0.0682407692075, 0.0956664606929, 0.135256305337, 0.120984233916, 0.10776052624, 0.0574728548527, 0.0485468395054, 0.0537285730243, 0.0849799886346, 0.0883254781365, 0.0748609602451, 0.0507304780185, 0.0521034039557, 0.0773103535175, 0.105894543231, 0.107271015644, 0.0933915153146, 0.0802296996117, 0.0568867400289, 0.0427324064076, 0.0340727306902, 0.0381456725299, 0.0761876553297, 0.123639829457, 0.119711302221, 0.0976794138551, 0.0562791824341, 0.0494448132813, 0.053753323853], "dmean2": [0.108746699989, 0.101614877582, 0.0927970483899, 0.0863992497325, 0.0728157609701, 0.0742264539003, 0.0906203538179, 0.117538020015, 0.167262330651, 0.226465806365, 0.203380614519, 0.188813686371, 0.105576626956, 0.0894018486142, 0.0957278460264, 0.140589505434, 0.141368582845, 0.126866236329, 0.0892112776637, 0.0939361825585, 0.136634215713, 0.174852132797, 0.176428839564, 0.165911093354, 0.147010907531, 0.101973861456, 0.0788956359029, 0.0611193552613, 0.0685297772288, 0.135765850544, 0.211187884212, 0.200535401702, 0.171930447221, 0.10314065963, 0.0888326242566, 0.0949783697724], "mean": [0.105387181044, 0.113479562104, 0.0676602050662, 0.0740700960159, 0.0846579670906, 0.0518782064319, 0.0677980557084, 0.0937720835209, 0.121899597347, 0.370478570461, 0.43482786417, 0.168786153197, 0.0443602614105, 0.0366773121059, 0.0522360131145, 0.171450600028, 0.23145249486, 0.119439311326, 0.0537492111325, 0.0518237426877, 0.0855341553688, 0.226625651121, 0.237030655146, 0.127611994743, 0.122844412923, 0.0938231050968, 0.0414213724434, 0.0354254581034, 0.0420486219227, 0.0894129350781, 0.306843727827, 0.353940039873, 0.140045672655, 0.0510297492146, 0.048235937953, 0.0583075843751], "dvar2": [0.0645162090659, 0.0555651448667, 0.048355281353, 0.0466805100441, 0.0435155890882, 0.0345889404416, 0.0421515405178, 0.0561394132674, 0.0664987415075, 0.0872264578938, 0.0830521583557, 0.0799394100904, 0.0585835948586, 0.0584225319326, 0.0521683730185, 0.0589182563126, 0.0573699548841, 0.0573188252747, 0.0499214269221, 0.0543617196381, 0.0548771768808, 0.0674146190286, 0.0655242428184, 0.0660713911057, 0.0917017310858, 0.0526101663709, 0.0523291900754, 0.0336880162358, 0.0387609191239, 0.0552419312298, 0.0859185680747, 0.0794013515115, 0.0718553587794, 0.0630746632814, 0.0571613200009, 0.0547944121063], "min": [0, 0, 0, 0, 0, 0, 0, 0, 0, 0, 0, 0, 0, 0, 0, 0, 0, 0, 0, 0, 0, 0, 0, 0, 0, 0, 0, 0, 0, 0, 0, 0, 0, 0, 0, 0]}, "key_key": "C", "thpcp": [1, 0.388167738914, 0.102017983794, 0.0843490362167, 0.120130322874, 0.394295334816, 0.53228533268, 0.274681836367, 0.123610317707, 0.11918219924, 0.196708083153, 0.521184742451, 0.545113742352, 0.293477028608, 0.282512754202, 0.215770676732, 0.0952592417598, 0.0814700722694, 0.0967017635703, 0.205628350377, 0.7056671381, 0.813977360725, 0.322071522474, 0.117356210947, 0.110931113362, 0.134093493223, 0.242365285754, 0.260975837708, 0.155602276325, 0.170343488455, 0.194693058729, 0.119307458401, 0.15591929853, 0.215653344989, 0.280339896679, 0.852012038231], "chords_key": "C", "tuning_equal_tempered_deviation": 0.224017456174, "tuning_frequency": 434.193115234, "tuning_diatonic_strength": 0.599938929081, "chords_histogram": [49.6671943665, 0.982567369938, 13.0744848251, 0.142630741, 1.72741675377, 0.142630741, 1.90174329281, 0, 0.5229793787, 0.950871646404, 0.982567369938, 0.380348652601, 0, 0, 0, 5.4675116539, 0.633914411068, 2.18700480461, 0.316957205534, 4.83359766006, 0.919175922871, 1.53724253178, 2.4722661972, 11.1568937302], "key_strength": 0.836745083332, "key_scale": "major", "chords_strength": {"dvar": 0.000272781704552, "var": 0.0470090731978, "median": 0.531983911991, "max": 0.749310612679, "dmean": 0.00717208907008, "dmean2": 0.00644622277468, "mean": 0.504481375217, "dvar2": 0.000501718197484, "min": -1}, "chords_number_rate": 0.00158478610683, "tuning_nontempered_energy_ratio": 0.975763738155, "hpcp_entropy": {"dvar": 0.20434436202, "var": 0.561087965965, "median": 1.78045129776, "max": 4.06039762497, "dmean": 0.487690895796, "dmean2": 0.819896221161, "mean": 1.72559118271, "dvar2": 0.554229438305, "min": 0}, "chords_changes_rate": 0.0375594310462, "chords_scale": "major"}, "rhythm": {"bpm_histogram_first_peak_spread": {"dvar": 0, "var": 0, "median": 0.139240562916, "max": 0.139240562916, "dmean": 0, "dmean2": 0, "mean": 0.139240562916, "dvar2": 0, "min": 0.139240562916}, "bpm_histogram_first_peak_weight": {"dvar": 0, "var": 0, "median": 0.69743591547, "max": 0.69743591547, "dmean": 0, "dmean2": 0, "mean": 0.69743591547, "dvar2": 0, "min": 0.69743591547}, "bpm_histogram_first_peak_bpm": {"dvar": 0, "var": 0, "median": 76, "max": 76, "dmean": 0, "dmean2": 0, "mean": 76, "dvar2": 0, "min": 76}, "bpm": 75.6848754883, "bpm_histogram_second_peak_weight": {"dvar": 0, "var": 0, "median": 0.0358974374831, "max": 0.0358974374831, "dmean": 0, "dmean2": 0, "mean": 0.0358974374831, "dvar2": 0, "min": 0.0358974374831}, "beats_loudness": {"dvar": 0.00249163084663, "var": 0.00286922580563, "median": 0.0237050000578, "max": 0.26628652215, "dmean": 0.0418547131121, "dmean2": 0.0778355151415, "mean": 0.0458182059228, "dvar2": 0.00687057850882, "min": 8.96374974246e-10}, "beats_loudness_band_ratio": {"dvar": [0.0511798560619, 0.013428603299, 0.0139875598252, 0.00637929141521, 0.00111523421947, 0.00716292858124], "var": [0.0623167864978, 0.0240182373673, 0.0202135201544, 0.00655823061243, 0.000944947474636, 0.00652257632464], "median": [0.566303372383, 0.183723405004, 0.140666991472, 0.0254895817488, 0.0143228033558, 0.0077936835587], "max": [0.992414355278, 0.665239691734, 0.756049871445, 0.469558209181, 0.267632037401, 0.689355254173], "dmean": [0.268971800804, 0.142701789737, 0.135228514671, 0.0570553168654, 0.0256181750447, 0.0503390729427], "dmean2": [0.478020310402, 0.244387596846, 0.233758673072, 0.104556873441, 0.0479163974524, 0.0983702689409], "mean": [0.556085526943, 0.211562335491, 0.171965435147, 0.0585197098553, 0.0238342899829, 0.0382189825177], "dvar2": [0.167851522565, 0.0391099601984, 0.0383471250534, 0.0205484908074, 0.00358753441833, 0.0217033028603], "min": [0.00415205582976, 0.00139782472979, 0.00157789746299, 0.000778724672273, 0.000303687353153, 3.58606484951e-05]}, "bpm_histogram_second_peak_bpm": {"dvar": 0, "var": 0, "median": 126, "max": 126, "dmean": 0, "dmean2": 0, "mean": 126, "dvar2": 0, "min": 126}, "onset_rate": 1.85686981678, "beats_count": 391, "beats_position": [0.859138309956, 1.72988653183, 2.60063481331, 3.47138309479, 4.35374164581, 5.20126962662, 6.04879808426, 6.8963265419, 7.74385452271, 8.59138298035, 9.42730140686, 10.2632198334, 11.0991382599, 11.9350566864, 12.7709751129, 13.6068935394, 14.4428119659, 15.2671203613, 16.1030387878, 16.9389572144, 17.786485672, 18.575963974, 19.3886623383, 20.2013607025, 21.0024490356, 21.8151473999, 22.6394557953, 23.4637641907, 24.2648525238, 25.0659408569, 25.8670291901, 26.6448974609, 27.4227657318, 28.2006340027, 29.0133323669, 29.8260307312, 30.6503391266, 31.4630374908, 32.2757377625, 33.0768241882, 33.901134491, 34.725440979, 35.5497512817, 36.362449646, 37.1751480103, 37.9878463745, 38.8005447388, 39.613243103, 40.4143295288, 41.2154197693, 42.0165061951, 42.8175964355, 43.6302947998, 44.4429931641, 45.2440795898, 46.0451698303, 46.8230361938, 47.6125144958, 48.4019927979, 49.1914749146, 49.9809532166, 50.7704315186, 51.5715179443, 52.3609962463, 53.1504745483, 53.9283447266, 54.7062110901, 55.4956893921, 56.2851676941, 57.0862579346, 57.8873443604, 58.6768226624, 59.4663009644, 60.2557830811, 61.0336494446, 61.8231277466, 62.6242179871, 63.4253044128, 64.2031707764, 64.9810409546, 65.7472991943, 66.5135574341, 67.3146438599, 68.0925140381, 68.8936004639, 69.6830825806, 70.4725646973, 71.2620391846, 72.0747375488, 72.8642196655, 73.6536941528, 74.4547805786, 75.2558746338, 76.0569610596, 76.8464355469, 77.6243057251, 78.4137878418, 79.2032623291, 79.9811325073, 80.7590026855, 81.5368728638, 82.3263473511, 83.1274337769, 83.9169158936, 84.7063903809, 85.4958724976, 86.2853469849, 87.0748291016, 87.8759155273, 88.6770019531, 89.4664840698, 90.2559585571, 91.0454406738, 91.8349151611, 92.6243972778, 93.4138793945, 94.2033538818, 94.9928359985, 95.7823104858, 96.5717926025, 97.3612670898, 98.1507492065, 98.9286117554, 99.7180938721, 100.507568359, 101.308662415, 102.086524963, 102.864395142, 103.653877258, 104.443351746, 105.232833862, 106.02230835, 106.811790466, 107.624488831, 108.437187195, 109.226661682, 110.00453186, 110.782402039, 111.571876526, 112.361358643, 113.15083313, 113.940315247, 114.729797363, 115.519271851, 116.308753967, 117.098228455, 117.887710571, 118.677185059, 119.455055237, 120.244529724, 121.034011841, 121.811882019, 122.601356506, 123.390838623, 124.191925049, 124.981407166, 125.782493591, 126.571968079, 127.361450195, 128.150924683, 128.94039917, 129.718276978, 130.496139526, 131.285614014, 132.07510376, 132.864578247, 133.654052734, 134.44354248, 135.233016968, 136.022491455, 136.811965942, 137.601455688, 138.402542114, 139.20362854, 139.993103027, 140.782577515, 141.572067261, 142.361541748, 143.151016235, 143.940490723, 144.729980469, 145.507843018, 146.285705566, 147.063583374, 147.853057861, 148.642532349, 149.443618774, 150.233108521, 151.022583008, 151.812057495, 152.589935303, 153.391021729, 154.180496216, 154.969970703, 155.759460449, 156.560546875, 157.361633301, 158.151107788, 158.940582275, 159.730072021, 160.519546509, 161.309020996, 162.086883545, 162.876373291, 163.65423584, 164.443710327, 165.233200073, 166.022674561, 166.800537109, 167.590026855, 168.367889404, 169.157363892, 169.946838379, 170.747940063, 171.549026489, 172.350112915, 173.139587402, 173.92906189, 174.706939697, 175.496414185, 176.285888672, 177.075378418, 177.864852905, 178.654327393, 179.44380188, 180.221679688, 180.999542236, 181.777404785, 182.566894531, 183.367980957, 184.157455444, 184.946929932, 185.748016357, 186.549118042, 187.338592529, 188.128067017, 188.929153442, 189.730239868, 190.519729614, 191.309204102, 192.098678589, 192.888153076, 193.677642822, 194.443893433, 195.244979858, 196.046066284, 196.83555603, 197.636642456, 198.414505005, 199.203994751, 199.993469238, 200.782943726, 201.572418213, 202.361907959, 203.151382446, 203.929244995, 204.707122803, 205.473373413, 206.251235962, 207.02911377, 207.818588257, 208.631286621, 209.443984985, 210.25668335, 211.046157837, 211.835647583, 212.613510132, 213.391372681, 214.180862427, 214.981948853, 215.783035278, 216.584121704, 217.361984253, 218.151473999, 218.940948486, 219.730422974, 220.51991272, 221.309387207, 222.098861694, 222.888336182, 223.677825928, 224.467300415, 225.256774902, 226.04624939, 226.835739136, 227.613601685, 228.403076172, 229.192550659, 229.982040405, 230.783126831, 231.572601318, 232.373687744, 233.17477417, 233.964263916, 234.753738403, 235.531600952, 236.321090698, 237.098953247, 237.888427734, 238.68951416, 239.467391968, 240.245254517, 241.023132324, 241.812606812, 242.602081299, 243.391555786, 244.181045532, 244.97052002, 245.73677063, 246.526260376, 247.315734863, 248.128433228, 248.941131592, 249.730606079, 250.508468628, 251.297958374, 252.075820923, 252.876907349, 253.677993774, 254.467483521, 255.256958008, 256.046447754, 256.835906982, 257.625396729, 258.414855957, 259.204345703, 260.017059326, 260.702026367, 261.387023926, 261.94430542, 262.513183594, 263.082092285, 263.616149902, 264.15020752, 264.695861816, 265.218322754, 265.752380371, 266.286437988, 266.820495605, 267.342956543, 267.865386963, 268.3878479, 268.921905518, 269.444335938, 269.978393555, 270.524078369, 271.069732666, 271.62701416, 272.079803467, 272.520996094, 272.9737854, 273.41494751, 273.856140137, 274.297332764, 274.738494873, 275.214508057, 275.69052124, 276.166534424, 276.596099854, 277.037261963, 277.47845459, 277.954467773, 278.430480957, 278.906494141, 279.394104004, 279.881713867, 280.357727051, 280.833740234, 281.309753418, 281.785766602, 282.261749268, 282.702941895, 283.144134521, 283.585296631, 284.038085938, 284.490875244, 284.955291748, 285.431274414, 285.907287598, 286.383300781, 286.917358398, 287.451416016, 287.985473633, 288.496307373, 289.007171631, 289.518005371, 290.017242432, 290.516448975, 291.015686035, 291.514923096, 292.014129639], "danceability": 0.919036149979, "bpm_histogram_second_peak_spread": {"dvar": 0, "var": 0, "median": 0.176470577717, "max": 0.176470577717, "dmean": 0, "dmean2": 0, "mean": 0.176470577717, "dvar2": 0, "min": 0.176470577717}}, "lowlevel": {"spectral_flux": {"dvar": 0.00115440040827, "var": 0.00274079479277, "median": 0.04834273085, "max": 0.677255988121, "dmean": 0.0179163888097, "dmean2": 0.0295254401863, "mean": 0.0593886114657, "dvar2": 0.00263457861729, "min": 1.03439798393e-10}, "spectral_rolloff": {"dvar": 297714.25, "var": 3912969.25, "median": 538.330078125, "max": 20327.34375, "dmean": 162.909500122, "dmean2": 275.446929932, "mean": 940.690307617, "dvar2": 653839.125, "min": 43.06640625}, "barkbands_flatness_db": {"dvar": 0.000397077266825, "var": 0.00306205358356, "median": 0.18914192915, "max": 0.4467420578, "dmean": 0.0188393499702, "dmean2": 0.0291413795203, "mean": 0.189053669572, "dvar2": 0.000896895304322, "min": 0.039413318038}, "spectral_centroid": {"dvar": 33424.921875, "var": 347710.65625, "median": 531.350219727, "max": 10759.0283203, "dmean": 108.390266418, "dmean2": 166.628463745, "mean": 709.798400879, "dvar2": 60080.390625, "min": 137.666290283}, "melbands_skewness": {"dvar": 0.390852123499, "var": 2.2874379158, "median": 2.17553091049, "max": 16.7593784332, "dmean": 0.576324999332, "dmean2": 0.917110323906, "mean": 2.43763899803, "dvar2": 0.926911175251, "min": -0.96806871891}, "melbands": {"dvar": [1.61995831149e-05, 2.88912960968e-05, 4.16758075517e-06, 4.43898613867e-07, 4.1663017214e-07, 3.96985569751e-07, 3.56478636832e-07, 5.06458547989e-07, 1.51515166635e-07, 1.70778502451e-08, 7.91817988954e-09, 3.78813034274e-08, 4.16863255026e-09, 2.53402587802e-09, 1.19760401596e-09, 1.32489175186e-09, 1.23500332183e-09, 1.10991371649e-09, 4.85947282414e-10, 8.10468012147e-11, 3.45715053807e-11, 2.2056112145e-11, 8.3000988027e-11, 7.11515429908e-11, 4.58336424369e-11, 1.36296468903e-11, 2.88619631666e-11, 5.32868332792e-11, 4.23262674909e-11, 8.36461386267e-11, 1.25004590013e-11, 2.98347284378e-11, 5.34589950432e-12, 1.20622054012e-11, 2.04791981984e-11, 1.64790160684e-11, 4.45421520848e-12, 2.01269751733e-12, 1.3529724216e-12, 7.00622990613e-13], "var": [2.38804423134e-05, 2.71126828011e-05, 5.7849579207e-06, 1.3387486888e-06, 1.26895088215e-06, 9.55695782068e-07, 9.69685515884e-07, 2.04593311537e-06, 9.07983690013e-07, 1.13534625257e-07, 2.01496437313e-08, 9.27369754322e-08, 1.83954771416e-08, 6.92152468673e-09, 4.73413042101e-09, 4.57076732019e-09, 4.38807612468e-09, 4.05290379035e-09, 1.20801257886e-09, 1.83520643127e-10, 8.60559262739e-11, 4.8977051581e-11, 1.64043889583e-10, 1.31842509132e-10, 6.91002047248e-11, 3.54266477265e-11, 5.73345260158e-11, 6.3744821921e-11, 6.57125742709e-11, 8.46306219549e-11, 2.67807772486e-11, 5.63116601959e-11, 1.06877128675e-11, 2.69872145464e-11, 5.47649946225e-11, 3.07286418533e-11, 1.43807058275e-11, 5.35479950312e-12, 2.82565052086e-12, 2.1940229581e-12], "median": [0.000417448056396, 0.000904666259885, 0.00090872682631, 0.000415850867284, 0.000288623035885, 0.000185933720786, 0.000107327126898, 0.000158261973411, 0.000116442053695, 2.22211947403e-05, 1.64275497809e-05, 1.02987323771e-05, 1.1702244592e-05, 1.01682526292e-05, 6.70982626616e-06, 3.34294827553e-06, 4.83149051433e-06, 3.25934252032e-06, 2.17337674258e-06, 2.15446220864e-06, 1.54817246312e-06, 1.23123868434e-06, 1.27011503537e-06, 8.11898530628e-07, 5.09928327119e-07, 3.16011863788e-07, 3.0057293543e-07, 2.3430135343e-07, 2.16500822603e-07, 1.63379212381e-07, 1.17841572944e-07, 9.74389848807e-08, 9.99886111686e-08, 1.14766635306e-07, 8.38636395883e-08, 6.06554664273e-08, 4.95528595934e-08, 4.57192399494e-08, 4.27464179609e-08, 3.59529650495e-08], "max": [0.0814613252878, 0.121953114867, 0.039098598063, 0.0132646039128, 0.0149822635576, 0.0232832953334, 0.0254132375121, 0.0287819523364, 0.0175418071449, 0.00614303443581, 0.00307006691583, 0.0123063419014, 0.00355496979319, 0.00243416544981, 0.00205559865572, 0.00181506748777, 0.0026735891588, 0.00187772896606, 0.000782576971687, 0.000289049115963, 0.000214388870518, 0.000148138453369, 0.000480204005726, 0.000303386303131, 0.000566974224057, 0.000179993905476, 0.00039774182369, 0.000358856865205, 0.000400605524192, 0.000690988614224, 0.000195062588318, 0.000507613527589, 0.000156034351676, 0.000254887534538, 0.000373382383259, 0.000271885277471, 0.000106063220301, 7.82772985986e-05, 8.58858256834e-05, 6.81608071318e-05], "dmean": [0.000949562876485, 0.00124046287965, 0.000937744043767, 0.000370404857676, 0.000304515531752, 0.000189108861377, 0.000155275018187, 0.000220887421165, 0.00013769819634, 3.90232162317e-05, 2.98980194202e-05, 3.01504096569e-05, 1.89475649677e-05, 1.61739444593e-05, 1.07526138891e-05, 8.6489617388e-06, 9.1580022854e-06, 6.86101611791e-06, 5.19054310644e-06, 3.2649086279e-06, 2.28339308705e-06, 1.82882092759e-06, 2.68901567324e-06, 2.26556176131e-06, 1.22254891721e-06, 9.8511361557e-07, 1.01645287032e-06, 9.4131246442e-07, 8.7754449396e-07, 8.12304847386e-07, 5.66517599054e-07, 5.35665776624e-07, 3.92176957575e-07, 4.76926459214e-07, 4.80727749164e-07, 3.97474110514e-07, 2.59174584016e-07, 1.83132627285e-07, 1.64031433769e-07, 1.36020574359e-07], "dmean2": [0.00156069546938, 0.00212756474502, 0.00158304558136, 0.000597545935307, 0.000478590198327, 0.000303731270833, 0.000247092160862, 0.000347005756339, 0.000206267621252, 5.94548255322e-05, 4.66699784738e-05, 4.75551387353e-05, 3.04402437905e-05, 2.65647759079e-05, 1.66440458997e-05, 1.34788861033e-05, 1.44097857628e-05, 1.06478837552e-05, 8.27972871775e-06, 5.26190160599e-06, 3.76535263058e-06, 2.98595728054e-06, 4.50710922451e-06, 3.76365619559e-06, 1.98974817067e-06, 1.56535816132e-06, 1.56615396918e-06, 1.47147375174e-06, 1.34209778935e-06, 1.25777137328e-06, 8.5148224116e-07, 7.89412013091e-07, 5.80319294841e-07, 7.16597128303e-07, 6.90213084908e-07, 5.52546623567e-07, 3.67207292129e-07, 2.66144553507e-07, 2.4400503662e-07, 2.05898743388e-07], "mean": [0.00179298198782, 0.0023680345621, 0.00167708727531, 0.000844465917908, 0.000702193472534, 0.000470475031761, 0.000357052951586, 0.000602035084739, 0.000416466762545, 0.000100353638118, 5.81279346079e-05, 6.18430640316e-05, 4.06981016567e-05, 3.15778925142e-05, 2.27583204833e-05, 1.78494810825e-05, 1.94298590941e-05, 1.42121862154e-05, 1.04115933937e-05, 6.41695032755e-06, 4.52788208349e-06, 3.64190736946e-06, 5.14335533808e-06, 4.18579975303e-06, 2.19082357944e-06, 1.81517032161e-06, 1.78026937192e-06, 1.49841707753e-06, 1.3665573988e-06, 1.22351173104e-06, 8.94635320492e-07, 8.3401602069e-07, 6.11115353877e-07, 8.22969582259e-07, 8.97096811059e-07, 6.31778675597e-07, 4.68184481406e-07, 3.28385510784e-07, 2.86084400614e-07, 2.54938328226e-07], "dvar2": [4.01135002903e-05, 8.28985648695e-05, 1.20991999211e-05, 1.17897923246e-06, 1.08195797566e-06, 1.14897341064e-06, 9.24990956719e-07, 1.31585511554e-06, 3.62311141089e-07, 3.59823637552e-08, 2.05046806201e-08, 9.61899502272e-08, 1.06263113864e-08, 6.85245682419e-09, 2.54581067338e-09, 3.31194804915e-09, 3.00639624307e-09, 2.42114817084e-09, 1.2243551728e-09, 2.03382310993e-10, 9.06046487836e-11, 5.78584992417e-11, 2.58558063848e-10, 2.0193764716e-10, 1.26027493996e-10, 3.1803476519e-11, 5.63300066314e-11, 1.28325933213e-10, 9.21370896245e-11, 2.11638900849e-10, 2.80906652106e-11, 5.18586250331e-11, 1.1311139525e-11, 2.57446095692e-11, 3.8505018618e-11, 3.77929111617e-11, 8.41753576564e-12, 3.67814546182e-12, 3.02871139626e-12, 1.45773801016e-12], "min": [1.14626427798e-23, 1.53605465074e-23, 5.28422658325e-24, 2.01084510159e-23, 9.81112303166e-24, 1.33600914928e-23, 5.15220203329e-24, 3.8134632675e-24, 2.12381834515e-23, 9.27239808657e-24, 1.27083906221e-23, 8.80996624621e-24, 1.44507626918e-23, 1.97315332754e-23, 9.26273059618e-24, 8.60635730227e-24, 6.25450656401e-24, 1.07705806297e-23, 5.27391104362e-24, 1.10580738868e-23, 9.41970050568e-24, 1.42614329191e-23, 1.16305676007e-23, 7.65966899574e-24, 6.22779455047e-24, 1.22505097203e-23, 1.02299726736e-23, 1.17066571793e-23, 1.11082485958e-23, 1.15526202546e-23, 1.07848219356e-23, 1.23464225846e-23, 1.14096163386e-23, 9.09088671431e-24, 7.87463201469e-24, 1.56648290913e-23, 1.03735351032e-23, 1.20436727575e-23, 1.31083801775e-23, 9.6940284632e-24]}, "spectral_decrease": {"dvar": 4.43440541431e-17, "var": 8.38140292448e-17, "median": -4.92180696199e-09, "max": 1.51930700974e-15, "dmean": 2.30000285484e-09, "dmean2": 3.79839804054e-09, "mean": -7.52623385836e-09, "dvar2": 1.19413143187e-16, "min": -1.45031464172e-07}, "barkbands_kurtosis": {"dvar": 52.6245079041, "var": 132.952957153, "median": 5.54017114639, "max": 221.149139404, "dmean": 3.63396334648, "dmean2": 5.82553815842, "mean": 8.47002506256, "dvar2": 128.927566528, "min": -1.95138204098}, "silence_rate_30dB": {"dvar": 0.0206391420215, "var": 0.029658254236, "median": 1, "max": 1, "dmean": 0.0210826657712, "dmean2": 0.0421686731279, "mean": 0.969408810139, "dvar2": 0.0476816296577, "min": 0}, "gfcc": {"mean": [-83.0342102051, 125.269706726, -89.3312454224, 16.8897762299, -53.8438606262, 4.35711097717, -36.7306213379, 6.02614879608, -18.9120483398, 1.81640315056, -13.4666919708, -3.95636963844, -14.5207529068], "cov": [[26597.5390625, 1972.74157715, 236.338806152, 914.787536621, -897.676879883, 156.648635864, -838.236083984, 182.096176147, -318.143920898, -10.5585012436, -496.768432617, -196.614639282, -265.809082031], [1972.74157715, 2103.18310547, -145.550079346, -294.338409424, 271.771881104, -131.547348022, 91.9516601562, -27.7907218933, 83.709022522, -97.6190567017, 97.3318405151, -77.0739974976, 20.6583843231], [236.338806152, -145.550079346, 947.717529297, 283.462005615, -24.3944206238, 111.306434631, 28.3999271393, 137.159591675, 94.5247116089, 47.3770675659, -82.4057846069, -15.7577867508, -53.0331344604], [914.787536621, -294.338409424, 283.462005615, 404.407043457, -48.7990913391, 80.7745895386, -19.7404079437, 52.7694320679, 31.5311450958, 29.6182460785, -42.252872467, -13.9365615845, -24.4641475677], [-897.676879883, 271.771881104, -24.3944206238, -48.7990913391, 296.008605957, 34.3595085144, 111.555717468, 17.2358417511, 37.6603622437, 4.31304931641, 71.3325424194, 23.1832942963, 39.0083961487], [156.648635864, -131.547348022, 111.306434631, 80.7745895386, 34.3595085144, 166.993041992, 57.4739456177, 31.2560482025, 5.12535333633, 30.3670272827, -0.940270185471, 16.2689113617, 4.59376716614], [-838.236083984, 91.9516601562, 28.3999271393, -19.7404079437, 111.555717468, 57.4739456177, 185.701095581, 53.7360649109, 53.5517349243, 25.4519004822, 49.3916244507, 7.2648639679, 23.1306800842], [182.096176147, -27.7907218933, 137.159591675, 52.7694320679, 17.2358417511, 31.2560482025, 53.7360649109, 136.782119751, 58.6994285583, 28.1664924622, -10.9790916443, -3.91059160233, -15.225897789], [-318.143920898, 83.709022522, 94.5247116089, 31.5311450958, 37.6603622437, 5.12535333633, 53.5517349243, 58.6994285583, 132.01713562, 41.3375587463, 16.777179718, -14.7893505096, -2.83147954941], [-10.5585012436, -97.6190567017, 47.3770675659, 29.6182460785, 4.31304931641, 30.3670272827, 25.4519004822, 28.1664924622, 41.3375587463, 88.1702651978, 26.189907074, 6.40729522705, -1.86344182491], [-496.768432617, 97.3318405151, -82.4057846069, -42.252872467, 71.3325424194, -0.940270185471, 49.3916244507, -10.9790916443, 16.777179718, 26.189907074, 86.3957672119, 29.3629322052, 20.1666049957], [-196.614639282, -77.0739974976, -15.7577867508, -13.9365615845, 23.1832942963, 16.2689113617, 7.2648639679, -3.91059160233, -14.7893505096, 6.40729522705, 29.3629322052, 73.7843704224, 38.6037521362], [-265.809082031, 20.6583843231, -53.0331344604, -24.4641475677, 39.0083961487, 4.59376716614, 23.1306800842, -15.225897789, -2.83147954941, -1.86344182491, 20.1666049957, 38.6037521362, 78.579826355]], "icov": [[0.000116134833661, -0.0003180623753, 0.000159698960488, -0.000369259418221, 0.000304326676996, -0.000298322498566, 0.000419762858655, -0.000390709057683, 0.000451556348708, -0.000577401951887, 0.000620284234174, -0.000330981158186, 0.000142372475239], [-0.0003180623753, 0.00164921244141, -0.000602022511885, 0.0014637731947, -0.0013156136265, 0.00101849844214, -0.000922221282963, 0.0010056279134, -0.00171635416336, 0.00275838305242, -0.00290653924458, 0.00235051522031, -0.000805424235296], [0.000159698960488, -0.000602022511885, 0.00197350978851, -0.00138857273851, 0.000305493624182, -0.000814945320599, 0.000288427458145, -0.00106707517989, -0.000136910428409, -0.00138632475864, 0.00300336466171, -0.00182198209222, 0.00128890911583], [-0.000369259418221, 0.0014637731947, -0.00138857273851, 0.00498124212027, -0.000880896404851, -0.000468152225949, -0.000155999950948, 0.000728483952116, -0.00209570094012, 0.00223568757065, -0.00267849909142, 0.00258421665058, -0.000973139947746], [0.000304326676996, -0.0013156136265, 0.000305493624182, -0.000880896404851, 0.00639082398266, -0.00181047362275, -0.000649519497529, -0.00131910736673, 0.000788826611824, -0.000230657096836, -0.00152487063315, -0.00101861858275, -0.000909136841074], [-0.000298322498566, 0.00101849844214, -0.000814945320599, -0.000468152225949, -0.00181047362275, 0.0098521169275, -0.00445627048612, 0.00135081179906, 0.000802988419309, -0.00135967263486, 0.00111520336941, -0.00142666068859, 0.000335001735948], [0.000419762858655, -0.000922221282963, 0.000288427458145, -0.000155999950948, -0.000649519497529, -0.00445627048612, 0.012156881392, -0.00502044335008, -1.99245132535e-05, -0.000590600771829, -0.00359288789332, 0.00275025330484, -0.0026036251802], [-0.000390709057683, 0.0010056279134, -0.00106707517989, 0.000728483952116, -0.00131910736673, 0.00135081179906, -0.00502044335008, 0.01331280265, -0.00510103581473, -6.47021852274e-06, 0.00276125129312, -0.00236124056391, 0.00282122637145], [0.000451556348708, -0.00171635416336, -0.000136910428409, -0.00209570094012, 0.000788826611824, 0.000802988419309, -1.99245132535e-05, -0.00510103581473, 0.014669328928, -0.00707877054811, 0.000952720933128, 0.00202572951093, -0.0010661885608], [-0.000577401951887, 0.00275838305242, -0.00138632475864, 0.00223568757065, -0.000230657096836, -0.00135967263486, -0.000590600771829, -6.47021852274e-06, -0.00707877054811, 0.0216751247644, -0.0124898375943, 0.00415990361944, -0.00113065447658], [0.000620284234174, -0.00290653924458, 0.00300336466171, -0.00267849909142, -0.00152487063315, 0.00111520336941, -0.00359288789332, 0.00276125129312, 0.000952720933128, -0.0124898375943, 0.0308798439801, -0.0142150130123, 0.0051363715902], [-0.000330981158186, 0.00235051522031, -0.00182198209222, 0.00258421665058, -0.00101861858275, -0.00142666068859, 0.00275025330484, -0.00236124056391, 0.00202572951093, 0.00415990361944, -0.0142150130123, 0.0277985874563, -0.0126774637029], [0.000142372475239, -0.000805424235296, 0.00128890911583, -0.000973139947746, -0.000909136841074, 0.000335001735948, -0.0026036251802, 0.00282122637145, -0.0010661885608, -0.00113065447658, 0.0051363715902, -0.0126774637029, 0.0205755550414]]}, "silence_rate_20dB": {"dvar": 0, "var": 0, "median": 1, "max": 1, "dmean": 0, "dmean2": 0, "mean": 1, "dvar2": 0, "min": 1}, "barkbands_skewness": {"dvar": 0.286598533392, "var": 1.54386663437, "median": 1.80580496788, "max": 13.1034736633, "dmean": 0.473313987255, "dmean2": 0.753850877285, "mean": 1.94303977489, "dvar2": 0.689273834229, "min": -1.81958568096}, "erbbands_skewness": {"dvar": 0.0984080508351, "var": 0.699250459671, "median": 0.963558316231, "max": 6.19575691223, "dmean": 0.323439538479, "dmean2": 0.513045549393, "mean": 0.93957477808, "dvar2": 0.242551296949, "min": -3.62821149826}, "spectral_contrast_valleys": {"dvar": [0.109971359372, 0.0691553801298, 0.0601146258414, 0.0533676967025, 0.0623343735933, 0.0768693983555], "var": [3.63463711739, 2.62259602547, 2.22834825516, 2.10720562935, 2.17449903488, 2.56643438339], "median": [-7.05600070953, -6.69082164764, -7.83526849747, -8.46405982971, -8.52646636963, -10.8372755051], "max": [-4.67663955688, -4.74892091751, -5.52904558182, -5.83846521378, -5.57874059677, -7.04783344269], "dmean": [0.327442198992, 0.282034337521, 0.263715058565, 0.227747604251, 0.192368835211, 0.190485209227], "dmean2": [0.553000986576, 0.47554436326, 0.434313476086, 0.365880995989, 0.28968578577, 0.256311744452], "mean": [-7.51687526703, -7.01509523392, -8.11258506775, -8.66813564301, -8.72326850891, -11.1842460632], "dvar2": [0.25291210413, 0.166727334261, 0.131309047341, 0.103871919215, 0.101183690131, 0.114612057805], "min": [-27.1791629791, -26.9612293243, -27.2033176422, -27.1647262573, -27.1313323975, -27.2001152039]}, "spectral_strongpeak": {"dvar": 0.2957020998, "var": 0.83998799324, "median": 0.387427508831, "max": 8.60513210297, "dmean": 0.317097425461, "dmean2": 0.546780467033, "mean": 0.69850897789, "dvar2": 0.761302530766, "min": 0}, "erbbands_crest": {"dvar": 4.55512237549, "var": 23.2024307251, "median": 9.45435905457, "max": 30.1136245728, "dmean": 2.25353264809, "dmean2": 3.63382005692, "mean": 10.5551223755, "dvar2": 11.6425695419, "min": 2.16443347931}, "barkbands_crest": {"dvar": 4.04214572906, "var": 13.2054281235, "median": 9.63978481293, "max": 25.2948265076, "dmean": 2.11891818047, "dmean2": 3.52053880692, "mean": 10.3481473923, "dvar2": 11.1804199219, "min": 3.00196790695}, "spectral_energyband_middle_low": {"dvar": 5.92262294958e-05, "var": 0.000287475209916, "median": 0.0101108625531, "max": 0.153851479292, "dmean": 0.0045784637332, "dmean2": 0.00742222834378, "mean": 0.0158324316144, "dvar2": 0.000161225121701, "min": 3.3370944322e-22}, "spectral_contrast_coeffs": {"dvar": [0.00123907404486, 0.00101222458761, 0.000612317351624, 0.000384850485716, 0.000209320583963, 0.000110692133603], "var": [0.00932820606977, 0.00835192669183, 0.00437240907922, 0.00297993631102, 0.00174790131859, 0.0011317008175], "median": [-0.631482720375, -0.69953083992, -0.768989562988, -0.797789931297, -0.82431435585, -0.811309456825], "max": [-0.301133751869, -0.379395335913, -0.520113706589, -0.555590033531, -0.637029349804, -0.612961173058], "dmean": [0.0429142005742, 0.0378308035433, 0.030847074464, 0.0248027089983, 0.0170825906098, 0.0121039459482], "dmean2": [0.0717745572329, 0.0630115047097, 0.0509968064725, 0.0409363657236, 0.0283584091812, 0.0198500752449], "mean": [-0.630489766598, -0.701851427555, -0.768241882324, -0.794877290726, -0.820908665657, -0.807723164558], "dvar2": [0.00345945847221, 0.00274105044082, 0.00166046107188, 0.00101896736305, 0.000537679239642, 0.000273058452876], "min": [-0.963252067566, -0.972113728523, -0.97490054369, -0.958676934242, -0.96045178175, -0.960275769234]}, "hfc": {"dvar": 41.3170890808, "var": 202.604873657, "median": 6.43494462967, "max": 302.113616943, "dmean": 2.63232517242, "dmean2": 3.96777629852, "mean": 10.7391290665, "dvar2": 83.3327331543, "min": 1.16447945536e-16}, "spectral_energyband_high": {"dvar": 5.27225779479e-07, "var": 1.44513410305e-06, "median": 3.91420981032e-05, "max": 0.0425088480115, "dmean": 0.000111711313366, "dmean2": 0.000151532905875, "mean": 0.000231893354794, "dvar2": 9.50253479459e-07, "min": 7.81973414931e-21}, "erbbands_spread": {"dvar": 54.6201248169, "var": 270.796295166, "median": 22.7497768402, "max": 163.941421509, "dmean": 5.32683086395, "dmean2": 8.1814699173, "mean": 26.8595714569, "dvar2": 106.780288696, "min": 2.23755788803}, "dissonance": {"dvar": 0.000592126918491, "var": 0.00168080511503, "median": 0.449207603931, "max": 0.5, "dmean": 0.02543592453, "dmean2": 0.0431952290237, "mean": 0.44108363986, "dvar2": 0.00166987266857, "min": 0.198958724737}, "spectral_kurtosis": {"dvar": 14.5517253876, "var": 62.801410675, "median": 7.73549842834, "max": 82.22631073, "dmean": 2.78069090843, "dmean2": 4.64654684067, "mean": 9.90192317963, "dvar2": 42.304901123, "min": -1.24535524845}, "spectral_skewness": {"dvar": 0.0874653384089, "var": 0.637809634209, "median": 2.29412102699, "max": 6.578353405, "dmean": 0.275379031897, "dmean2": 0.440135478973, "mean": 2.37343621254, "dvar2": 0.224407330155, "min": -0.0464405156672}, "pitch_salience": {"dvar": 0.00308118294924, "var": 0.0113870343193, "median": 0.543717980385, "max": 0.829194784164, "dmean": 0.0600986927748, "dmean2": 0.099170230329, "mean": 0.536461412907, "dvar2": 0.00837322790176, "min": 0.109555333853}, "spectral_complexity": {"dvar": 4.617582798, "var": 38.7789993286, "median": 10, "max": 47, "dmean": 1.74367916584, "dmean2": 2.860653162, "mean": 10.7854652405, "dvar2": 10.9547739029, "min": 0}, "spectral_spread": {"dvar": 282130415616, "var": 2752043024380.0, "median": 3852493.25, "max": 41763804, "dmean": 373960.15625, "dmean2": 554737, "mean": 4023965.75, "dvar2": 482050998272, "min": 859140}, "dynamic_complexity": 5.46673107147, "melbands_crest": {"dvar": 6.33861255646, "var": 25.3114814758, "median": 13.5780973434, "max": 36.8993797302, "dmean": 2.73130273819, "dmean2": 4.51998806, "mean": 14.4782629013, "dvar2": 17.3651371002, "min": 1.92974376678}, "zerocrossingrate": {"dvar": 9.1807312856e-05, "var": 0.00291890068911, "median": 0.02685546875, "max": 0.58447265625, "dmean": 0.00568971317261, "dmean2": 0.00720714125782, "mean": 0.038997836411, "dvar2": 0.000123470526887, "min": 0.00146484375}, "spectral_energyband_low": {"dvar": 0.000582036096603, "var": 0.000717521819752, "median": 0.00571393407881, "max": 0.519720137119, "dmean": 0.00640427833423, "dmean2": 0.0107327736914, "mean": 0.01327956561, "dvar2": 0.0015628131805, "min": 7.97567279042e-23}, "melbands_kurtosis": {"dvar": 130.361602783, "var": 437.049255371, "median": 8.52497673035, "max": 457.312530518, "dmean": 5.87422084808, "dmean2": 9.41108131409, "mean": 14.2717037201, "dvar2": 295.392944336, "min": -1.72950160503}, "spectral_energyband_middle_high": {"dvar": 2.49207846537e-06, "var": 1.51198091771e-05, "median": 0.000711155356839, "max": 0.0935123711824, "dmean": 0.000506364100147, "dmean2": 0.000779466587119, "mean": 0.00179721368477, "dvar2": 5.97400594415e-06, "min": 1.52047762029e-21}, "barkbands_spread": {"dvar": 20.6010570526, "var": 309.823455811, "median": 8.07393932343, "max": 152.880661011, "dmean": 2.4958114624, "dmean2": 3.83004784584, "mean": 12.4344797134, "dvar2": 41.0185813904, "min": 0.544623672962}, "mfcc": {"mean": [-725.069641113, 158.365814209, 19.0865268707, 19.6111850739, 5.80010557175, 0.35553508997, -4.48793458939, -0.365567475557, -2.85486698151, 0.215167909861, 2.08067893982, 2.84965395927, 0.306001991034], "cov": [[12679.390625, 1183.89953613, 283.432617188, 488.611724854, 110.584693909, -49.0600318909, -156.21685791, -31.5119857788, 5.27140665054, 88.7812042236, -51.4252548218, -85.532875061, -54.3985290527], [1183.89953613, 1956.95837402, -120.379051208, -43.3700752258, 130.646728516, -43.1406784058, 13.1813783646, 50.7889213562, 16.1214141846, -15.2911520004, 30.5259056091, 62.5433349609, 24.2292499542], [283.432617188, -120.379051208, 780.753845215, 223.603546143, 63.0959510803, 58.3383712769, -25.5427951813, 58.0409355164, 103.093719482, 74.7846679688, 52.4055900574, 45.9584693909, 22.7414894104], [488.611724854, -43.3700752258, 223.603546143, 270.511383057, 80.1533966064, 24.9857959747, -13.769777298, 23.929151535, 44.8101959229, 43.6162185669, 21.9272727966, 26.6892108917, 14.1801338196], [110.584693909, 130.646728516, 63.0959510803, 80.1533966064, 154.910125732, 38.3770523071, 15.9648752213, 31.4629440308, 22.1365871429, 14.2652606964, 12.2518587112, 14.9138765335, 13.7930803299], [-49.0600318909, -43.1406784058, 58.3383712769, 24.9857959747, 38.3770523071, 144.415863037, 60.0310707092, 19.6817474365, 18.4889945984, 15.6908960342, 14.6370868683, 9.85982704163, 9.31527614594], [-156.21685791, 13.1813783646, -25.5427951813, -13.769777298, 15.9648752213, 60.0310707092, 138.956619263, 46.7964019775, 12.302529335, 14.804983139, 8.45873832703, 7.32951879501, 8.85402107239], [-31.5119857788, 50.7889213562, 58.0409355164, 23.929151535, 31.4629440308, 19.6817474365, 46.7964019775, 101.87713623, 47.9107437134, 17.9364070892, 18.9522190094, 15.7582330704, 10.269536972], [5.27140665054, 16.1214141846, 103.093719482, 44.8101959229, 22.1365871429, 18.4889945984, 12.302529335, 47.9107437134, 100.119316101, 54.0509033203, 26.0856132507, 23.5603294373, 12.111907959], [88.7812042236, -15.2911520004, 74.7846679688, 43.6162185669, 14.2652606964, 15.6908960342, 14.804983139, 17.9364070892, 54.0509033203, 103.622383118, 52.7011489868, 11.1533584595, 11.3296766281], [-51.4252548218, 30.5259056091, 52.4055900574, 21.9272727966, 12.2518587112, 14.6370868683, 8.45873832703, 18.9522190094, 26.0856132507, 52.7011489868, 86.1015853882, 42.0209693909, 13.5602111816], [-85.532875061, 62.5433349609, 45.9584693909, 26.6892108917, 14.9138765335, 9.85982704163, 7.32951879501, 15.7582330704, 23.5603294373, 11.1533584595, 42.0209693909, 83.9716720581, 35.9484672546], [-54.3985290527, 24.2292499542, 22.7414894104, 14.1801338196, 13.7930803299, 9.31527614594, 8.85402107239, 10.269536972, 12.111907959, 11.3296766281, 13.5602111816, 35.9484672546, 68.7434539795]], "icov": [[9.77155505097e-05, -7.94716615928e-05, -6.80706250478e-07, -0.000222270013182, 8.6707113951e-05, -3.2949494198e-05, 9.33797273319e-05, -1.0439432117e-05, 0.000107328007289, -0.000160295530804, 0.000130820626509, 0.000116943891044, 4.85581913381e-05], [-7.94716615928e-05, 0.00065916654421, 9.33328992687e-05, 0.000420898140874, -0.000738768838346, 0.000361897720722, -8.54670142871e-05, -0.00015571952099, -0.00016822796897, 0.000257716455963, -0.000215298481635, -0.000520156521816, 2.21909303946e-05], [-6.80706250478e-07, 9.33328992687e-05, 0.0