{"tonal": {"chords_number_rate": 0.00230237911455, "thpcp": [1, 0.91325545311, 0.57815271616, 0.407723873854, 0.324778854847, 0.327553480864, 0.40002733469, 0.437238514423, 0.476419061422, 0.589059710503, 0.590923905373, 0.527864158154, 0.510279178619, 0.397942811251, 0.395239651203, 0.640462219715, 0.684048771858, 0.554883718491, 0.564767897129, 0.581670403481, 0.685915589333, 0.854952275753, 0.735583722591, 0.487086415291, 0.379239797592, 0.320417881012, 0.333171516657, 0.426919043064, 0.508527874947, 0.644931435585, 0.763380527496, 0.636756777763, 0.44712343812, 0.404459863901, 0.453036814928, 0.677438259125], "hpcp": {"dvar": [0.0366783440113, 0.0353398509324, 0.0349343121052, 0.0402705743909, 0.0459848195314, 0.0483959689736, 0.0496296025813, 0.0443445257843, 0.0392275042832, 0.0411108992994, 0.0429964065552, 0.0529491119087, 0.0582337081432, 0.0525057725608, 0.0442713871598, 0.0384072847664, 0.0278730876744, 0.0274925790727, 0.0299655627459, 0.0363074243069, 0.0416449829936, 0.0464923642576, 0.0455645881593, 0.0421080030501, 0.0492541342974, 0.0312949642539, 0.0312059335411, 0.043939653784, 0.0452132038772, 0.0427322424948, 0.0568448826671, 0.0524303093553, 0.0471700951457, 0.0530017651618, 0.0441222712398, 0.0375357605517], "mean": [0.106452591717, 0.0899412781, 0.0935212224722, 0.1198361516, 0.142743751407, 0.181032210588, 0.214280873537, 0.178737595677, 0.125507518649, 0.113531857729, 0.127167403698, 0.190156877041, 0.280699938536, 0.256350755692, 0.162287428975, 0.114448063076, 0.0911654084921, 0.0919442400336, 0.112287648022, 0.122732825577, 0.13373079896, 0.165349021554, 0.165872305632, 0.148171439767, 0.143235325813, 0.111702524126, 0.110943742096, 0.17977771163, 0.192012444139, 0.15575581789, 0.158530309796, 0.163274854422, 0.192536458373, 0.239985048771, 0.206478312612, 0.136725127697], "min": [0, 0, 0, 0, 0, 0, 0, 0, 0, 0, 0, 0, 0, 0, 0, 0, 0, 0, 0, 0, 0, 0, 0, 0, 0, 0, 0, 0, 0, 0, 0, 0, 0, 0, 0, 0], "median": [0.0308046434075, 0.0247078202665, 0.0269604846835, 0.0338687524199, 0.0488943047822, 0.0699424371123, 0.0915808826685, 0.0733104795218, 0.0426713265479, 0.0352034941316, 0.0403405018151, 0.0763708949089, 0.127053961158, 0.121830359101, 0.0663259997964, 0.0343259423971, 0.0281438790262, 0.0314620397985, 0.0428208373487, 0.0445749387145, 0.0402804203331, 0.0475860647857, 0.0490163192153, 0.0528160110116, 0.0477750189602, 0.0387437790632, 0.035997133702, 0.0536174923182, 0.0625020638108, 0.0544208586216, 0.0426564216614, 0.0533070340753, 0.0860694274306, 0.107505314052, 0.0964769870043, 0.0542368330061], "dvar2": [0.095445856452, 0.09627751261, 0.0938542932272, 0.103349976242, 0.122301280499, 0.12302185595, 0.118320889771, 0.110984660685, 0.103106588125, 0.109311237931, 0.113725364208, 0.135840713978, 0.136957228184, 0.127688601613, 0.114866867661, 0.0978208184242, 0.0709000825882, 0.0706820636988, 0.0768653526902, 0.0933161005378, 0.107325568795, 0.11804549396, 0.116225324571, 0.108236730099, 0.130429923534, 0.083774805069, 0.0824089720845, 0.106993064284, 0.112319715321, 0.109031520784, 0.13887321949, 0.131804451346, 0.120926827192, 0.12984444201, 0.109847761691, 0.0990657061338], "var": [0.0369907096028, 0.0299486797303, 0.0312317237258, 0.0453455224633, 0.0487717501819, 0.0627403706312, 0.0771501213312, 0.0604335516691, 0.0398314222693, 0.0388609990478, 0.0429415404797, 0.0655736327171, 0.105025053024, 0.0893452391028, 0.0532941967249, 0.0409597195685, 0.0287223812193, 0.0271504241973, 0.0322004891932, 0.0393896773458, 0.0490229986608, 0.0680341050029, 0.067173063755, 0.048780541867, 0.050830449909, 0.0322738289833, 0.0337205417454, 0.0738100931048, 0.0745550915599, 0.054490622133, 0.0658251196146, 0.0605314448476, 0.0616910345852, 0.0852170437574, 0.0660114064813, 0.0405299812555], "dmean2": [0.19370983541, 0.181725814939, 0.179035320878, 0.20216499269, 0.242244079709, 0.268417298794, 0.276447504759, 0.252825856209, 0.220276847482, 0.21522384882, 0.234375879169, 0.289597034454, 0.325463891029, 0.307911455631, 0.250717043877, 0.200050801039, 0.159286499023, 0.158959776163, 0.180031374097, 0.200487062335, 0.215292990208, 0.233898699284, 0.236331388354, 0.242035061121, 0.254640668631, 0.195698514581, 0.18068523705, 0.234681904316, 0.249180182815, 0.242351591587, 0.271406143904, 0.278197258711, 0.284855633974, 0.303728669882, 0.269792228937, 0.222534134984], "max": [1, 1, 1, 1, 1, 1, 1, 1, 1, 1, 1, 1, 1, 1, 1, 1, 1, 1, 1, 1, 1, 1, 1, 1, 1, 1, 1, 1, 1, 1, 1, 1, 1, 1, 1, 1], "dmean": [0.110630184412, 0.101718313992, 0.100953392684, 0.116256445646, 0.13855022192, 0.154835358262, 0.163895174861, 0.148385033011, 0.125473350286, 0.121763177216, 0.133077815175, 0.166622132063, 0.194116741419, 0.183175653219, 0.145756483078, 0.115341350436, 0.0922630131245, 0.0906742364168, 0.104660563171, 0.115810245275, 0.12434028089, 0.136616915464, 0.137930497527, 0.139655247331, 0.145107716322, 0.111323259771, 0.104291655123, 0.13764744997, 0.146749585867, 0.139448061585, 0.156310945749, 0.160706683993, 0.165202006698, 0.178598403931, 0.15918725729, 0.128339245915]}, "key_strength": 0.553368151188, "chords_strength": {"dvar": 0.000457020156318, "mean": 0.485659718513, "min": -1, "median": 0.4925532341, "dvar2": 0.000802105641924, "var": 0.0257699117064, "dmean2": 0.0185686349869, "max": 0.81986284256, "dmean": 0.0161911286414}, "tuning_equal_tempered_deviation": 0.108594506979, "chords_key": "C#", "tuning_frequency": 434.193115234, "chords_scale": "minor", "chords_changes_rate": 0.106523409486, "key_scale": "major", "tuning_diatonic_strength": 0.576254725456, "hpcp_entropy": {"dvar": 0.325304031372, "mean": 1.88020896912, "min": 0, "median": 1.93125855923, "dvar2": 0.84810769558, "var": 0.696405768394, "dmean2": 1.14503800869, "max": 4.50030136108, "dmean": 0.683421015739}, "chords_histogram": [19.6930160522, 2.53261709213, 10.821182251, 0.337682276964, 0.828856468201, 1.2432847023, 0.936300873756, 0.460475832224, 0.0153491944075, 0, 0, 0, 2.0567920208, 3.59171152115, 3.3000767231, 1.36607825756, 0, 2.79355335236, 1.19723713398, 31.03606987, 10.4528017044, 3.54566383362, 2.34842681885, 1.4428242445], "tuning_nontempered_energy_ratio": 0.849112927914, "key_key": "F#"}, "metadata": {"version": {"extractor": "music 1.0", "essentia_build_sha": "2d9f1f26377add8aeb1075a9c2973f962c4f09fd", "essentia": "2.1-beta2", "essentia_git_sha": "v2.1_beta2-1-ge3940c0"}, "audio_properties": {"sample_rate": 44100, "length": 302.497955322, "lossless": false, "analysis_sample_rate": 44100, "downmix": "mix", "bit_rate": 320028, "equal_loudness": 0, "md5_encoded": "63625e09be0d6c5cf053dfdfcf8000dc", "codec": "mp3", "replay_gain": -14.9004535675}, "tags": {"musicbrainz_workid": ["03492cb8-6a05-4f48-aaf5-8a88af3833d9"], "length": ["97391548"], "genre": ["Funk / Soul;Funk / Soul"], "lyricist": ["Betty Davis"], "language": ["eng"], "musicbrainz_recordingid": ["64231ebf-e4e3-492b-890e-53d1a2074190"], "artist": ["Betty Davis"], "discnumber": ["1/1"], "artistsort": ["Davis, Betty"], "originaldate": ["2009"], "work": ["Whorey Angel"], "musicbrainz_artistid": ["bb17dc42-ecaf-42ca-aa35-b23207573060"], "composer": ["Betty Davis"], "tracknumber": ["3/10"], "musicbrainz_albumartistid": ["bb17dc42-ecaf-42ca-aa35-b23207573060"], "title": ["Whorey Angel"], "musicbrainz album status": ["official"], "date": ["2009"], "acoustid_id": ["bd436862-07f9-4fd3-bbe1-d6c1812abe10"], "albumartistsort": ["Davis, Betty"], "musicbrainz_releasegroupid": ["e1f79bb4-0cb4-4976-8416-c126dfb0da4c"], "media": ["Digital Media"], "performer": ["Larry Johnson / Semmie Neal Jr. / Carlos Emilio Morales / Fred Mills / Betty Davis / Fred Mills"], "musicbrainz album release country": ["US"], "label": ["Light in the Attic Records"], "musicbrainz album type": ["album"], "asin": ["B002KHVZV4"], "script": ["Latn"], "musicbrainz_albumid": ["4a5f4b94-7ee0-4845-a6e9-97a289df8040"], "file_name": "03 - Whorey Angel.mp3", "album": ["Is It Love or Desire"], "albumartist": ["Betty Davis"]}}, "lowlevel": {"melbands": {"dvar": [7.14560030701e-07, 4.8011133913e-07, 2.88794893777e-07, 2.55737120369e-07, 2.82460188572e-08, 1.08261403398e-07, 1.04843145721e-07, 2.38818842035e-07, 2.49447339229e-07, 2.03673209853e-07, 1.1592714344e-07, 5.54328600799e-08, 7.07821996571e-08, 6.00296914399e-08, 2.36568258316e-08, 2.04260182102e-08, 1.31128246039e-08, 8.29487500908e-09, 8.20838064186e-09, 4.33584190773e-09, 2.05688532873e-09, 6.28544660763e-10, 6.55483889389e-10, 5.42401179526e-10, 3.00309860313e-10, 1.80580966846e-10, 8.64183238858e-11, 5.72402091004e-11, 2.80488895998e-11, 1.24829964074e-11, 7.6653110942e-12, 5.95273223075e-12, 6.23951151163e-12, 5.60268368158e-12, 4.83966599435e-12, 3.41336789562e-12, 2.34520671112e-12, 1.52144009197e-12, 1.32544853999e-12, 1.11237679224e-12], "mean": [0.000261771521764, 0.000400877092034, 0.000349754554918, 0.000216697837459, 0.000158657698194, 0.00029920617817, 0.000246326730121, 0.000313763011945, 0.000324659602484, 0.000263262481894, 0.000193536208826, 0.000124005688122, 0.000163129196153, 0.000157870104886, 9.02574174688e-05, 7.4103998486e-05, 7.95979503891e-05, 6.39142090222e-05, 4.89295889565e-05, 4.16573166149e-05, 3.1870262319e-05, 2.35479910771e-05, 2.21925583901e-05, 1.82181738637e-05, 1.55672842084e-05, 1.0085032045e-05, 6.74056718708e-06, 4.90663569508e-06, 3.89389515476e-06, 2.02524074666e-06, 1.38142934247e-06, 1.37072879625e-06, 1.38687607887e-06, 1.35952791425e-06, 1.1322000546e-06, 8.65181220888e-07, 7.04551780473e-07, 5.57909459076e-07, 5.56171130484e-07, 4.76812175521e-07], "min": [5.78431943209e-24, 4.86008131806e-24, 3.60164859243e-24, 8.46240044226e-24, 6.06248046474e-24, 5.85513665884e-24, 1.51341765598e-23, 2.16893550913e-23, 3.60309757214e-23, 2.88125734279e-23, 9.14241668636e-24, 1.00717279649e-23, 7.17382376371e-24, 5.58553555587e-24, 1.30007921718e-23, 1.59819701078e-23, 2.06227741266e-23, 5.86487672444e-24, 9.54484303311e-24, 8.23273936692e-24, 6.03126444986e-24, 1.07677888509e-23, 8.94718781181e-24, 2.57577048393e-23, 1.43381433312e-23, 1.06624972193e-23, 1.46378899648e-23, 7.49060190426e-24, 6.34348494652e-24, 1.91948522689e-23, 1.30246962349e-23, 1.94008916933e-23, 1.13528822512e-23, 5.88695575789e-24, 6.26600855044e-24, 9.13180966263e-24, 9.72952247077e-24, 1.12162144659e-23, 9.25924067554e-24, 7.68530776402e-24], "median": [8.02528484201e-06, 8.21591020213e-05, 9.22705366975e-05, 5.17578737345e-05, 6.59080978949e-05, 0.000112418711069, 9.52982081799e-05, 7.42783522583e-05, 6.25323664281e-05, 5.11263315275e-05, 4.66943820356e-05, 3.60155827366e-05, 2.98838276649e-05, 1.72555555764e-05, 1.38089199027e-05, 9.7209622254e-06, 1.38024488479e-05, 1.26216591525e-05, 8.66865593707e-06, 1.05291373984e-05, 1.07086125354e-05, 9.96392736852e-06, 7.43417740523e-06, 5.06082869833e-06, 4.28602334068e-06, 2.69292900157e-06, 1.56585701916e-06, 9.52291429712e-07, 8.83555571818e-07, 4.8858350965e-07, 3.38730956173e-07, 3.39142758321e-07, 3.41802717685e-07, 3.3436032254e-07, 2.69789637741e-07, 2.16951193011e-07, 1.72984314872e-07, 1.34012125841e-07, 1.28780129671e-07, 1.11088247934e-07], "dvar2": [1.66115637512e-06, 1.14540853247e-06, 7.40477219097e-07, 6.16329430159e-07, 6.38841228806e-08, 2.48136871051e-07, 2.33869542399e-07, 5.33840818662e-07, 5.49269088879e-07, 4.3632334723e-07, 2.37951610416e-07, 1.17290227308e-07, 1.43709399936e-07, 1.18324372522e-07, 5.01462409375e-08, 4.28725179802e-08, 2.79758634036e-08, 1.93086258093e-08, 1.85760633542e-08, 8.71206040642e-09, 4.90633444983e-09, 1.50187695613e-09, 1.48745282758e-09, 1.27256993832e-09, 6.50719700346e-10, 3.46636025439e-10, 1.79554648927e-10, 1.26655172461e-10, 6.3613621315e-11, 2.50886204173e-11, 1.40447983105e-11, 1.19410306296e-11, 1.39425632498e-11, 1.20871255713e-11, 1.02190226767e-11, 7.17359635236e-12, 5.24327673293e-12, 3.29885598005e-12, 2.91758197463e-12, 2.39554101382e-12], "var": [8.04282080935e-07, 6.58062049297e-07, 3.81602575317e-07, 3.00001204323e-07, 7.60624772056e-08, 3.12223306764e-07, 2.26560985084e-07, 5.42076577403e-07, 5.77244804845e-07, 4.09765306131e-07, 2.60025899479e-07, 1.01505037264e-07, 1.67588424915e-07, 1.80736080324e-07, 6.21677429535e-08, 4.98408283534e-08, 3.56573544025e-08, 2.2946318623e-08, 2.40339197433e-08, 1.34559234866e-08, 5.26122612143e-09, 1.62330826559e-09, 1.92712223956e-09, 1.4144282412e-09, 9.35287403081e-10, 6.17033368844e-10, 3.56409318725e-10, 1.52501733464e-10, 8.3769269299e-11, 3.70468759836e-11, 1.7986886286e-11, 1.81380119257e-11, 1.21536383388e-11, 1.12991274323e-11, 9.20326575365e-12, 5.70024409619e-12, 3.77794106762e-12, 2.53883372658e-12, 2.33208678063e-12, 1.88364601694e-12], "dmean2": [0.000343605148373, 0.000425699574407, 0.00037968790275, 0.000281080487184, 0.000127513965708, 0.000240840920014, 0.000221551090362, 0.000290813448373, 0.000287337898044, 0.000234814433497, 0.000173315580469, 0.00011430055747, 0.000138318835525, 0.000120976837934, 7.68433746998e-05, 6.6864558903e-05, 6.57758500893e-05, 5.37485684617e-05, 4.06442304666e-05, 3.26306508214e-05, 2.61169643636e-05, 1.81745745067e-05, 1.63871845871e-05, 1.38941049954e-05, 1.12796733447e-05, 7.53699623601e-06, 5.04702802573e-06, 3.93669597543e-06, 2.97609881272e-06, 1.53434484673e-06, 1.09629922918e-06, 1.05217600321e-06, 1.05032495412e-06, 1.03131048945e-06, 8.73248325206e-07, 6.97908717484e-07, 5.8667939129e-07, 4.78937465687e-07, 4.76020289852e-07, 4.07742930975e-07], "max": [0.0108132194728, 0.00869069714099, 0.00699267396703, 0.00713423779234, 0.00362394633703, 0.00739902770147, 0.00816614646465, 0.0125435041264, 0.0136813325807, 0.0142435804009, 0.00955803971738, 0.00627932231873, 0.00713074207306, 0.00589842488989, 0.00576580129564, 0.00427565257996, 0.0029185693711, 0.00243598199449, 0.00442722253501, 0.0032084682025, 0.00242188130505, 0.000906716100872, 0.00116422399879, 0.000800291309133, 0.00043105246732, 0.000785591837484, 0.000440090021584, 0.000231786703807, 0.000144425226608, 0.000162869837368, 0.000161078874953, 0.000143713870784, 0.000103303849755, 8.94710683497e-05, 7.44026547181e-05, 6.62129968987e-05, 5.54038015252e-05, 4.2649484385e-05, 3.62860700989e-05, 4.17534502049e-05], "dmean": [0.000229417870287, 0.000263947527856, 0.000236970445258, 0.000178725502337, 8.2188504166e-05, 0.000155614572577, 0.000143360288348, 0.000187323457794, 0.000189625556231, 0.000154617213411, 0.000113815141958, 7.54244319978e-05, 9.28709268919e-05, 8.38466148707e-05, 5.21294496139e-05, 4.48663486168e-05, 4.36504051322e-05, 3.51948692696e-05, 2.61645891442e-05, 2.13980056287e-05, 1.66755671671e-05, 1.16876872198e-05, 1.06666639113e-05, 9.00133727555e-06, 7.55699147703e-06, 5.07392360305e-06, 3.35598019774e-06, 2.58990235125e-06, 1.94303652279e-06, 1.02978708583e-06, 7.45041688788e-07, 7.16049328275e-07, 7.12125938662e-07, 6.9719453677e-07, 5.95848518969e-07, 4.7003041459e-07, 3.96187175511e-07, 3.19343570254e-07, 3.17177466513e-07, 2.73534084272e-07]}, "spectral_decrease": {"dvar": 2.56243224335e-18, "mean": -4.2004821843e-09, "min": -2.30363852438e-08, "median": -3.15154724539e-09, "dvar2": 5.3632637295e-18, "var": 1.36335635591e-17, "dmean2": 1.74146064236e-09, "max": 8.91900083947e-17, "dmean": 1.17838661051e-09}, "spectral_rolloff": {"dvar": 848607.375, "mean": 1980.62487793, "min": 43.06640625, "median": 1571.92382813, "dvar2": 1711835.125, "var": 5813475, "dmean2": 687.629699707, "max": 20004.3457031, "dmean": 427.056182861}, "melbands_crest": {"dvar": 9.20451927185, "mean": 12.7879114151, "min": 1.59506225586, "median": 11.6559610367, "dvar2": 22.4022579193, "var": 30.6388053894, "dmean2": 5.16622972488, "max": 37.3648376465, "dmean": 3.24132514}, "barkbands_skewness": {"dvar": 0.326057761908, "mean": 1.04608571529, "min": -7.35313415527, "median": 0.913336932659, "dvar2": 0.6785145998, "var": 1.96657776833, "dmean2": 0.726106345654, "max": 17.1229763031, "dmean": 0.494277358055}, "spectral_centroid": {"dvar": 69400.703125, "mean": 1436.3984375, "min": 155.635650635, "median": 1361.81091309, "dvar2": 130383.757813, "var": 431202.46875, "dmean2": 305.423919678, "max": 11479.2568359, "dmean": 210.133071899}, "spectral_energyband_middle_low": {"dvar": 2.50074426731e-05, "mean": 0.00812955852598, "min": 5.13589242874e-22, "median": 0.00540480110794, "dvar2": 5.56213090022e-05, "var": 7.58486567065e-05, "dmean2": 0.00485303532332, "max": 0.0883357152343, "dmean": 0.00320952991024}, "erbbands_crest": {"dvar": 7.66255664825, "mean": 10.6971073151, "min": 2.3028011322, "median": 9.49526596069, "dvar2": 17.7911281586, "var": 24.7674541473, "dmean2": 4.5617442131, "max": 32.0963249207, "dmean": 2.8740375042}, "dynamic_complexity": 4.75405931473, "spectral_energyband_low": {"dvar": 1.22195651784e-05, "mean": 0.00223143352196, "min": 3.17523393219e-23, "median": 0.000474556232803, "dvar2": 2.58369727817e-05, "var": 2.03775325645e-05, "dmean2": 0.00206023501232, "max": 0.0442434214056, "dmean": 0.00135406851768}, "silence_rate_60dB": {"dvar": 0.0414106324315, "mean": 0.177296802402, "min": 0, "median": 0, "dvar2": 0.0919763371348, "var": 0.145897626877, "dmean2": 0.0865893885493, "max": 1, "dmean": 0.0432913713157}, "erbbands_kurtosis": {"dvar": 4.3202009201, "mean": 1.27564549446, "min": -1.89366674423, "median": 0.309017330408, "dvar2": 10.0628738403, "var": 10.5602073669, "dmean2": 1.95666944981, "max": 46.3306922913, "dmean": 1.26603746414}, "spectral_complexity": {"dvar": 8.41113376617, "mean": 16.3346385956, "min": 0, "median": 15, "dvar2": 17.6013450623, "var": 109.18825531, "dmean2": 4.27082204819, "max": 55, "dmean": 2.82852315903}, "barkbands_crest": {"dvar": 6.30428981781, "mean": 10.0037126541, "min": 2.19810986519, "median": 8.97373580933, "dvar2": 15.2641677856, "var": 20.7951316833, "dmean2": 4.20318460464, "max": 26.0788402557, "dmean": 2.6211400032}, "spectral_energy": {"dvar": 4.0750579501e-05, "mean": 0.0175358783454, "min": 1.10287676032e-20, "median": 0.0130352880806, "dvar2": 8.44981113914e-05, "var": 0.00023759281612, "dmean2": 0.00699476106092, "max": 0.0944709330797, "dmean": 0.00474568689242}, "spectral_spread": {"dvar": 510625087488, "mean": 4160613.5, "min": 1372390, "median": 3793845, "dvar2": 846023163904, "var": 2874833633280.0, "dmean2": 723399.8125, "max": 40037616, "dmean": 528383.125}, "spectral_contrast_valleys": {"dvar": [0.185779541731, 0.16175545752, 0.132130756974, 0.0993793159723, 0.0919393226504, 0.120495006442], "mean": [-8.84532928467, -7.2101111412, -7.76955795288, -8.02929019928, -8.14171981812, -10.6789922714], "min": [-27.1730079651, -27.5161132813, -27.6520042419, -27.0810832977, -27.2686386108, -27.2358951569], "median": [-8.72325897217, -6.91624116898, -7.46639442444, -7.76468133926, -7.88824987411, -10.4183807373], "dvar2": [0.402222335339, 0.359228938818, 0.273983120918, 0.189851492643, 0.155094727874, 0.185539916158], "var": [2.71567583084, 2.27963685989, 2.36743712425, 2.20462727547, 2.02098321915, 1.98736250401], "dmean2": [0.743175804615, 0.662808358669, 0.578941524029, 0.474304109812, 0.390263557434, 0.379675298929], "max": [-5.75510931015, -4.79358386993, -4.84678077698, -5.41483020782, -5.63710451126, -7.5479850769], "dmean": [0.471739888191, 0.422569692135, 0.374280720949, 0.318805456161, 0.278178483248, 0.300946623087]}, "spectral_rms": {"dvar": 4.17151625243e-07, "mean": 0.00366162625141, "min": 3.28020922057e-12, "median": 0.00356614007615, "dvar2": 7.8628721667e-07, "var": 3.70064458366e-06, "dmean2": 0.00078094471246, "max": 0.00960035249591, "dmean": 0.000547162431758}, "barkbands_spread": {"dvar": 32.1900291443, "mean": 18.6026191711, "min": 0.324895232916, "median": 16.6291637421, "dvar2": 70.4175109863, "var": 131.941589355, "dmean2": 6.60272169113, "max": 134.955749512, "dmean": 4.39699792862}, "pitch_salience": {"dvar": 0.00418382138014, "mean": 0.577011883259, "min": 0.0915366336703, "median": 0.590782642365, "dvar2": 0.0101147228852, "var": 0.0149589199573, "dmean2": 0.109879247844, "max": 0.893843829632, "dmean": 0.0692132040858}, "erbbands_skewness": {"dvar": 0.165044307709, "mean": 0.456256985664, "min": -4.28746128082, "median": 0.419046610594, "dvar2": 0.360940784216, "var": 0.893013179302, "dmean2": 0.597838103771, "max": 6.09047269821, "dmean": 0.401463538408}, "spectral_energyband_middle_high": {"dvar": 1.14569675134e-05, "mean": 0.00722570111975, "min": 1.84380052956e-21, "median": 0.0033902649302, "dvar2": 2.26092561206e-05, "var": 8.25813258416e-05, "dmean2": 0.00290548079647, "max": 0.0811948999763, "dmean": 0.00201613106765}, "erbbands": {"dvar": [0.0118436254561, 0.277135372162, 2.5182197094, 5.8390455246, 71.2358627319, 17.3072490692, 29.8153648376, 247.508621216, 473.668334961, 1774.91955566, 3981.32055664, 5054.30761719, 4493.43847656, 3029.39599609, 5973.73583984, 4938.75048828, 3784.75585938, 3080.05957031, 2237.43164063, 3135.22485352, 1325.2298584, 408.765777588, 567.729553223, 340.79989624, 179.993621826, 106.642776489, 44.1814727783, 14.6680240631, 13.4054441452, 17.1038284302, 12.7407722473, 6.28502178192, 2.80367970467, 1.51232993603, 0.545205533504, 0.241844415665, 0.0146810561419, 0.000357703509508, 4.21243885285e-06, 9.53707157691e-09], "mean": [0.0313439592719, 0.194556310773, 0.892068088055, 1.74495720863, 3.22171449661, 2.65718889236, 4.79246234894, 13.36323452, 16.4930038452, 25.5714950562, 39.1850013733, 42.7899360657, 39.3704605103, 31.6346683502, 50.7924194336, 47.4835281372, 36.0372009277, 41.5114555359, 36.9805412292, 35.1917533875, 29.1715278625, 23.3930435181, 22.0083637238, 19.1677799225, 11.9743461609, 7.96274280548, 5.45414638519, 2.66625928879, 2.46964716911, 2.4462556839, 1.87720692158, 1.22716772556, 0.812090694904, 0.592131078243, 0.297484695911, 0.130732491612, 0.0453005544841, 0.00828090216964, 0.000905036577024, 6.34672978777e-05], "min": [7.46436293904e-22, 3.76422795299e-21, 8.15829174233e-21, 1.41963677095e-20, 6.45527161769e-20, 1.78491165152e-19, 1.16846383031e-19, 2.2446254195e-19, 8.9956708456e-19, 2.21075681951e-18, 3.39722271074e-18, 5.07016510075e-18, 1.98441270016e-18, 2.38105262812e-18, 1.75330567485e-18, 3.21095900759e-18, 6.59411427125e-18, 1.09129375731e-17, 4.48061858893e-18, 6.2068221046e-18, 5.70270515208e-18, 9.81514730472e-18, 2.02709873529e-17, 1.96351600858e-17, 1.52181347288e-17, 1.47325118804e-17, 1.63777129074e-17, 2.68134648744e-17, 3.07314836007e-17, 1.37322263539e-17, 1.21776413086e-17, 1.57625618469e-17, 1.52047956142e-17, 9.47805548868e-18, 8.95870848672e-18, 7.09398613286e-18, 3.66835866026e-18, 1.20858397703e-18, 3.60554147887e-19, 2.67688813257e-20], "median": [0.000822622154374, 0.0181573349983, 0.193295374513, 0.487512499094, 0.449997782707, 1.1415156126, 1.90825808048, 4.8584113121, 6.33942937851, 7.24868297577, 8.41726016998, 9.13663959503, 10.864367485, 10.583855629, 9.58702373505, 7.71271848679, 6.24808359146, 8.14768314362, 8.47158145905, 8.05154037476, 10.1049509048, 10.1878089905, 7.44137239456, 6.03593444824, 3.5535223484, 1.9686101675, 1.38205385208, 0.756161153316, 0.665390253067, 0.64911955595, 0.483409583569, 0.324392914772, 0.208825066686, 0.146380737424, 0.0694918558002, 0.0265166144818, 0.00656437687576, 0.00109005661216, 0.000125037768157, 2.76018781733e-05], "dvar2": [0.027843201533, 0.633283853531, 6.53001594543, 15.6387119293, 170.934906006, 42.7078475952, 66.2962036133, 559.469665527, 1067.93347168, 3873.60961914, 8960.09179688, 10922.6708984, 9232.34960938, 6416.80517578, 11798.5058594, 9662.72558594, 8438.23144531, 6334.95849609, 5133.44677734, 7049.64257813, 3125.8125, 955.29901123, 1314.04748535, 720.547546387, 335.172271729, 225.337341309, 94.5238647461, 26.0349082947, 25.666437149, 37.3114089966, 26.7001590729, 13.5199480057, 5.97132635117, 3.20778632164, 1.11645257473, 0.569292187691, 0.0327050276101, 0.000741029914934, 8.43103316583e-06, 1.88491977582e-08], "var": [0.0127828177065, 0.330480098724, 3.09469866753, 9.55227947235, 82.9592666626, 22.8852100372, 77.4993209839, 674.710510254, 1043.59997559, 3879.57324219, 8825.25, 10585.3857422, 10125.5078125, 5771.68896484, 15742.3544922, 15276.5048828, 9712.30957031, 8845.9453125, 6664.16503906, 10342.2197266, 3935.88891602, 1422.14672852, 1771.41479492, 1217.31164551, 870.465515137, 348.690612793, 156.445022583, 48.8828086853, 44.4145240784, 34.1175270081, 23.7059707642, 10.6945934296, 4.91978216171, 2.70506834984, 0.857458472252, 0.293244421482, 0.0227066259831, 0.000646793923806, 7.96672429715e-06, 1.84428987637e-08], "dmean2": [0.0439384020865, 0.242886707187, 1.01704359055, 1.82866299152, 4.3914270401, 3.00994634628, 3.86409902573, 11.0020961761, 14.8105297089, 23.7124118805, 34.8990020752, 37.015625, 33.9312019348, 27.1276321411, 39.426399231, 34.7822875977, 29.2293262482, 31.3453407288, 27.6948204041, 25.7868366241, 21.0367355347, 15.5344429016, 14.7484884262, 12.4747533798, 7.620657444, 5.48594760895, 3.67100334167, 1.78146183491, 1.69608438015, 1.69771373272, 1.34814441204, 0.939704954624, 0.644816994667, 0.476757228374, 0.24165199697, 0.121067069471, 0.044125020504, 0.00786909088492, 0.000861775595695, 4.67830286652e-05], "max": [1.3321236372, 7.34364080429, 22.0013504028, 44.6325340271, 118.524108887, 104.943344116, 130.698303223, 343.617462158, 513.00579834, 1175.26269531, 1765.0682373, 1881.07702637, 1976.26037598, 1505.67236328, 1828.23937988, 2135.54711914, 2303.52514648, 1688.6986084, 1215.57946777, 2988.79077148, 1846.7310791, 620.319030762, 736.057495117, 461.875183105, 882.41229248, 323.564422607, 225.094528198, 172.535629272, 197.894805908, 181.081665039, 137.996002197, 90.0703048706, 51.5577545166, 47.6125946045, 21.1510353088, 17.9901981354, 4.6069355011, 0.515038788319, 0.0643460229039, 0.00242738588713], "dmean": [0.0289685633034, 0.157604470849, 0.607237875462, 1.10205280781, 2.82698559761, 1.85336995125, 2.51122093201, 7.16058683395, 9.55786037445, 15.3260354996, 23.0327548981, 24.388917923, 22.4355258942, 17.9499797821, 27.046043396, 24.1268920898, 19.5513458252, 21.1747322083, 18.2571315765, 16.6747264862, 13.6273107529, 10.1922073364, 9.62802886963, 8.43450450897, 5.24889183044, 3.70051813126, 2.46058559418, 1.2289737463, 1.18290185928, 1.16351294518, 0.93514752388, 0.640725970268, 0.435806930065, 0.324455022812, 0.168583780527, 0.0844675377011, 0.0309549923986, 0.00565109169111, 0.000623863656074, 3.36609919032e-05]}, "dissonance": {"dvar": 0.000556369894184, "mean": 0.454692780972, "min": 0.215744704008, "median": 0.465636491776, "dvar2": 0.00146335631143, "var": 0.00149134127423, "dmean2": 0.0376690886915, "max": 0.500000059605, "dmean": 0.022784197703}, "erbbands_flatness_db": {"dvar": 0.000397782539949, "mean": 0.189468935132, "min": 0.0307982545346, "median": 0.189973264933, "dvar2": 0.000708178791683, "var": 0.00253303931095, "dmean2": 0.0274723414332, "max": 0.377033859491, "dmean": 0.0200687870383}, "melbands_kurtosis": {"dvar": 186.235946655, "mean": 7.8519859314, "min": -1.87523400784, "median": 3.10546422005, "dvar2": 338.6328125, "var": 576.171569824, "dmean2": 6.74510669708, "max": 812.489990234, "dmean": 4.46349525452}, "melbands_spread": {"dvar": 103.094673157, "mean": 26.5341911316, "min": 0.279936820269, "median": 22.2658958435, "dvar2": 223.996643066, "var": 413.699066162, "dmean2": 10.1106462479, "max": 226.261779785, "dmean": 6.73474359512}, "melbands_skewness": {"dvar": 0.52672201395, "mean": 1.69464242458, "min": -2.68463921547, "median": 1.40951359272, "dvar2": 1.09819424152, "var": 2.41211271286, "dmean2": 0.876667797565, "max": 25.168680191, "dmean": 0.592888832092}, "spectral_entropy": {"dvar": 0.030181767419, "mean": 7.41851568222, "min": 5.20999383926, "median": 7.45855808258, "dvar2": 0.05493189767, "var": 0.22183907032, "dmean2": 0.221605598927, "max": 9.80149173737, "dmean": 0.159015446901}, "zerocrossingrate": {"dvar": 0.000233402708545, "mean": 0.0738987028599, "min": 0.0029296875, "median": 0.06103515625, "dvar2": 0.000257511419477, "var": 0.00611323770136, "dmean2": 0.0113546103239, "max": 0.78857421875, "dmean": 0.0100139258429}, "average_loudness": 0.577611923218, "spectral_contrast_coeffs": {"dvar": [0.00203389534727, 0.00201048562303, 0.00134998362046, 0.000818214204628, 0.000513580802362, 0.000266978604486], "mean": [-0.624681890011, -0.706007599831, -0.730039954185, -0.763228774071, -0.7566883564, -0.793201863766], "min": [-0.973523378372, -0.967505156994, -0.964615285397, -0.96511143446, -0.963220179081, -0.961801230907], "median": [-0.63221758604, -0.715131640434, -0.736812889576, -0.769012868404, -0.75748282671, -0.795448839664], "dvar2": [0.00481265410781, 0.00476836320013, 0.00301590608433, 0.00180801097304, 0.00105615635403, 0.000556671875529], "var": [0.0105117354542, 0.00914232805371, 0.00738490140066, 0.00437474204227, 0.00337569904514, 0.00184588157572], "dmean2": [0.0817591026425, 0.0830957442522, 0.0659772455692, 0.05148236081, 0.0384230054915, 0.0269328057766], "max": [-0.283701002598, -0.335634410381, -0.391623288393, -0.465466171503, -0.5371940732, -0.570145070553], "dmean": [0.0514971762896, 0.0526704639196, 0.0427363552153, 0.0332856811583, 0.0253932327032, 0.0178172383457]}, "barkbands_flatness_db": {"dvar": 0.000391284906073, "mean": 0.139642447233, "min": 0.0271245669574, "median": 0.132304161787, "dvar2": 0.000791384023614, "var": 0.00266254809685, "dmean2": 0.0287921633571, "max": 0.453683644533, "dmean": 0.019847728312}, "silence_rate_30dB": {"dvar": 0, "mean": 1, "min": 1, "median": 1, "dvar2": 0, "var": 0, "dmean2": 0, "max": 1, "dmean": 0}, "spectral_energyband_high": {"dvar": 2.3964491902e-07, "mean": 0.000446011545137, "min": 7.58339071529e-21, "median": 0.000164811048307, "dvar2": 4.55965590618e-07, "var": 6.96581764714e-07, "dmean2": 0.000239328568568, "max": 0.0152525380254, "dmean": 0.000173039195943}, "melbands_flatness_db": {"dvar": 0.000524568429682, "mean": 0.188099592924, "min": 0.0042321481742, "median": 0.179281979799, "dvar2": 0.00105570268352, "var": 0.00441837497056, "dmean2": 0.031892221421, "max": 0.599044859409, "dmean": 0.0222302991897}, "barkbands": {"dvar": [1.72840852741e-08, 7.27183851268e-06, 2.64345635514e-06, 1.087789542e-06, 3.94934795622e-06, 2.07186667467e-06, 3.53520181307e-06, 8.28815973364e-06, 8.90132741915e-06, 4.03739159083e-06, 4.0527593228e-06, 3.74764204025e-06, 1.95889901988e-06, 1.47266393924e-06, 1.25013968955e-06, 5.95140704718e-07, 1.58784416726e-07, 1.91625730395e-07, 1.00698315464e-07, 4.74155648078e-08, 1.44225351661e-08, 1.36788012028e-08, 1.4652494329e-08, 1.08375086683e-08, 1.09769260348e-08, 6.38609209958e-09, 1.47647158388e-10], "mean": [5.60904372833e-05, 0.000912279239856, 0.000962074380368, 0.000560724642128, 0.00103645201307, 0.00133047613781, 0.00119050021749, 0.00170791556593, 0.001908875769, 0.0010337899439, 0.00109138560947, 0.0012712093303, 0.000759222311899, 0.000899000791833, 0.00063131772913, 0.000555587059353, 0.000401526340283, 0.000391967623727, 0.000301772874082, 0.000171151012182, 9.22847320908e-05, 7.00223754393e-05, 6.95713897585e-05, 5.20108515047e-05, 4.77534849779e-05, 2.58383024629e-05, 5.12245560458e-06], "min": [2.68812340671e-24, 2.10261975936e-23, 5.53569966262e-24, 5.55207404843e-24, 4.71126980804e-23, 2.18783140993e-23, 9.98674303292e-23, 9.27356354967e-23, 2.33400389624e-22, 6.53957864928e-23, 5.56042745432e-23, 6.27981495734e-23, 1.42593209807e-22, 1.87717732281e-22, 9.96879108307e-23, 1.08787175248e-22, 1.66518187237e-22, 4.5805701973e-22, 2.45789368099e-22, 3.23334773735e-22, 6.10951238346e-22, 7.32929430107e-22, 3.6296989716e-22, 9.32295457271e-22, 1.01806142463e-21, 1.81376353357e-21, 2.18226239904e-21], "median": [4.30263270346e-07, 3.69379195035e-05, 0.000209375590202, 9.79957549134e-05, 0.000335866090609, 0.000491682440042, 0.000419914082158, 0.000293867924483, 0.000365154730389, 0.000238787470153, 0.000198200767045, 0.000157670656336, 9.46922082221e-05, 0.000164265293279, 0.000117101131764, 0.000163764372701, 0.000168270329596, 0.000115893533803, 8.82593594724e-05, 3.88779117202e-05, 2.57362789853e-05, 1.87219156942e-05, 1.78261889232e-05, 1.37279866976e-05, 1.19430351333e-05, 4.46042076874e-06, 6.49791388696e-07], "dvar2": [3.22006030729e-08, 1.67914458871e-05, 6.86316252541e-06, 2.98817326438e-06, 9.36099695537e-06, 4.72234796689e-06, 7.66257289797e-06, 1.91002745851e-05, 1.88555695786e-05, 8.61393073137e-06, 8.5202846094e-06, 7.59751537771e-06, 4.30690170106e-06, 3.27532052324e-06, 2.87559669232e-06, 1.31589536068e-06, 3.79703294584e-07, 4.38150664195e-07, 2.04130316206e-07, 1.00668074765e-07, 3.02636884442e-08, 2.79245284673e-08, 2.99109323976e-08, 2.30857217787e-08, 2.25823093558e-08, 1.50197614346e-08, 3.05245440035e-10], "var": [3.03723552975e-08, 8.53359233588e-06, 3.40962583323e-06, 1.19773187635e-06, 5.13380291522e-06, 6.27435247225e-06, 7.18980390957e-06, 1.84805558092e-05, 1.93530395336e-05, 8.0387271737e-06, 8.34425645735e-06, 1.10549435703e-05, 4.97136215927e-06, 4.19147954744e-06, 3.42175553669e-06, 1.77117306066e-06, 4.52158332109e-07, 5.88661009715e-07, 3.70709585695e-07, 1.68929631172e-07, 5.06595227989e-08, 3.42350858773e-08, 2.94965438741e-08, 1.89830693387e-08, 1.85226944893e-08, 8.54893933422e-09, 2.6487265159e-10], "dmean2": [5.15946303494e-05, 0.00113868154585, 0.0010819947347, 0.000722012657207, 0.00120245525613, 0.00107276241761, 0.00115463498514, 0.00162821030244, 0.00167355721351, 0.00101651169825, 0.00102657650132, 0.00101419026032, 0.000697195006069, 0.000756717170589, 0.000541135552339, 0.000433514884207, 0.000300955376588, 0.000283239263808, 0.000211716411286, 0.000122678946354, 6.55405819998e-05, 4.97640030517e-05, 4.8773803428e-05, 4.00289645768e-05, 3.69412409782e-05, 2.43380072789e-05, 4.97849623571e-06], "max": [0.0020969202742, 0.0364099368453, 0.022414624691, 0.0164120346308, 0.029313320294, 0.033440567553, 0.0476394630969, 0.0728933513165, 0.085222683847, 0.0594100654125, 0.0641633123159, 0.0433409102261, 0.0495333336294, 0.0266148410738, 0.0412054136395, 0.0308012515306, 0.011515038088, 0.0145240109414, 0.0127898603678, 0.00708448048681, 0.00450370647013, 0.00504038715735, 0.00425487244502, 0.00337910233065, 0.00365387857892, 0.0030012074858, 0.000398386298912], "dmean": [3.98329575546e-05, 0.000763074785937, 0.000647726119496, 0.000423633173341, 0.000772983476054, 0.000691016379278, 0.000745875935536, 0.00104995968286, 0.00109640730079, 0.000655795796774, 0.000670198351145, 0.00068609189475, 0.000453774671769, 0.000489794707391, 0.000344772619428, 0.000278846913716, 0.000194208900211, 0.000183469252079, 0.000142099524965, 8.25286697363e-05, 4.36382833868e-05, 3.432174708e-05, 3.40576007147e-05, 2.73141031357e-05, 2.57266419794e-05, 1.70971397893e-05, 3.58016632163e-06]}, "erbbands_spread": {"dvar": 56.1988983154, "mean": 27.4811210632, "min": 2.84415411949, "median": 24.7610874176, "dvar2": 116.472335815, "var": 220.403503418, "dmean2": 8.840716362, "max": 135.870101929, "dmean": 6.02459764481}, "barkbands_kurtosis": {"dvar": 48.4523010254, "mean": 3.76587295532, "min": -1.86895811558, "median": 1.04656338692, "dvar2": 100.138656616, "var": 154.6693573, "dmean2": 3.76363897324, "max": 391.019775391, "dmean": 2.45117521286}, "spectral_flux": {"dvar": 0.000503163610119, "mean": 0.0713804885745, "min": 1.0501793879e-10, "median": 0.0642172992229, "dvar2": 0.00120772363152, "var": 0.00219403323717, "dmean2": 0.0318107828498, "max": 0.273298561573, "dmean": 0.0203649513423}, "silence_rate_20dB": {"dvar": 0, "mean": 1, "min": 1, "median": 1, "dvar2": 0, "var": 0, "dmean2": 0, "max": 1, "dmean": 0}, "gfcc": {"cov": [[19976.0351563, 1020.84814453, -1711.65930176, 389.636871338, -860.169006348, 613.30847168, -392.777587891, 247.385574341, -545.694335938, 14.6874704361, -98.2793960571, -50.4896125793, -234.185089111], [1020.84814453, 1765.30053711, 40.3797836304, 73.5834503174, 254.699935913, -154.76109314, 14.8669204712, -1.23449528217, 63.3561172485, -139.887878418, -32.3352165222, -64.2361602783, 34.2788124084], [-1711.65930176, 40.3797836304, 1150.9543457, 239.852264404, 203.035308838, 40.5579986572, 98.7066116333, 55.6296310425, 17.5591564178, 5.47061300278, -80.2033004761, 34.1708526611, 11.6863861084], [389.636871338, 73.5834503174, 239.852264404, 558.228271484, 144.809646606, 102.668533325, 9.54026699066, 16.3723773956, 26.1173629761, 12.842675209, -15.0802650452, -39.6585845947, 15.1345462799], [-860.169006348, 254.699935913, 203.035308838, 144.809646606, 490.381164551, 49.0115318298, 57.846862793, 18.4534301758, 95.0754852295, 31.0825824738, -33.4633903503, -6.35552930832, 10.1812362671], [613.30847168, -154.76109314, 40.5579986572, 102.668533325, 49.0115318298, 399.354003906, 162.196136475, 27.1399726868, -62.0991134644, 27.0850315094, 35.3125724792, -4.33966064453, -3.11332273483], [-392.777587891, 14.8669204712, 98.7066116333, 9.54026699066, 57.846862793, 162.196136475, 338.420471191, 24.5065460205, -42.9494895935, 4.38857507706, 30.6173629761, 18.7474098206, 17.1000156403], [247.385574341, -1.23449528217, 55.6296310425, 16.3723773956, 18.4534301758, 27.1399726868, 24.5065460205, 202.120025635, 60.2863388062, 3.60166239738, 15.0214138031, 12.7040128708, -2.57769274712], [-545.694335938, 63.3561172485, 17.5591564178, 26.1173629761, 95.0754852295, -62.0991134644, -42.9494895935, 60.2863388062, 209.315689087, 55.4803199768, 12.3882312775, 13.9898586273, 16.3001441956], [14.6874704361, -139.887878418, 5.47061300278, 12.842675209, 31.0825824738, 27.0850315094, 4.38857507706, 3.60166239738, 55.4803199768, 153.719604492, 45.7175636292, 5.13113594055, 7.58940172195], [-98.2793960571, -32.3352165222, -80.2033004761, -15.0802650452, -33.4633903503, 35.3125724792, 30.6173629761, 15.0214138031, 12.3882312775, 45.7175636292, 136.534011841, 35.1459388733, 14.5965185165], [-50.4896125793, -64.2361602783, 34.1708526611, -39.6585845947, -6.35552930832, -4.33966064453, 18.7474098206, 12.7040128708, 13.9898586273, 5.13113594055, 35.1459388733, 116.620635986, 36.603717804], [-234.185089111, 34.2788124084, 11.6863861084, 15.1345462799, 10.1812362671, -3.11332273483, 17.1000156403, -2.57769274712, 16.3001441956, 7.58940172195, 14.5965185165, 36.603717804, 99.4277420044]], "mean": [-52.4431762695, 73.5869140625, -134.63899231, 1.84927773476, -58.6432189941, -0.730069875717, -42.2722015381, 10.2689981461, -20.7146644592, -1.05348443985, -16.1539363861, -1.23717617989, -14.4143238068], "icov": [[0.000147122016642, -0.000244005248533, 0.000279784930171, -0.000251179473707, 0.000321020197589, -0.000343351683114, 0.000276504637441, -0.000400771707064, 0.000517627748195, -0.000591664924286, 0.000589741219301, -0.000580362277105, 0.000421807635576], [-0.000244005248533, 0.00117364048492, -0.000454129709397, 0.000396072980948, -0.000981123768725, 0.000933221832383, -0.000611305469647, 0.000704557809513, -0.0010530310683, 0.00190075300634, -0.00138230517041, 0.00161501846742, -0.0010972446762], [0.000279784930171, -0.000454129709397, 0.00166261510458, -0.000945402949583, 0.000331517047016, -0.000480391900055, 0.000181558105396, -0.00106562848669, 0.00119537673891, -0.00138673500624, 0.00197239173576, -0.00182506151032, 0.00094840786187], [-0.000251179473707, 0.000396072980948, -0.000945402949583, 0.00275125028566, -0.000972145237029, -0.000115925962746, -2.35360803345e-05, 0.000709886255208, -0.00110632472206, 0.00117587856948, -0.00130480749067, 0.00210807006806, -0.00141036522109], [0.000321020197589, -0.000981123768725, 0.000331517047016, -0.000972145237029, 0.0036632665433, -0.00125084316824, 0.000180871080374, -0.000558380736038, -0.000206092634471, -0.0019793715328, 0.00229405984282, -0.00159370631445, 0.00117831723765], [-0.000343351683114, 0.000933221832383, -0.000480391900055, -0.000115925962746, -0.00125084316824, 0.00463991286233, -0.00219676387496, 0.000313568045385, 9.74775030045e-05, 0.000957953277975, -0.00205248780549, 0.0017105700681, -0.000814547587652], [0.000276504637441, -0.000611305469647, 0.000181558105396, -2.35360803345e-05, 0.000180871080374, -0.00219676387496, 0.00462221633643, -0.00112380331848, 0.00176403054502, -0.00105233804788, 0.000367355445633, -0.00129254010972, 0.00014590844512], [-0.000400771707064, 0.000704557809513, -0.00106562848669,