{"tonal": {"chords_key": "C#", "hpcp_entropy": {"dmean": 0.392953157425, "dmean2": 0.66160172224, "max": 3.69278430939, "dvar": 0.16819563508, "mean": 1.56607604027, "dvar2": 0.408721089363, "min": 0, "var": 0.480354428291, "median": 1.61286067963}, "key_key": "F#", "chords_strength": {"dmean": 0.00788004603237, "dmean2": 0.00547915697098, "max": 0.733277857304, "dvar": 0.000442793301772, "mean": 0.505638837814, "dvar2": 0.000835136568639, "min": -1, "var": 0.0251438152045, "median": 0.523168921471}, "key_scale": "major", "chords_number_rate": 0.00274551217444, "thpcp": [1, 0.38018065691, 0.0484421998262, 0.0488041751087, 0.117258042097, 0.407475978136, 0.467069417238, 0.200567647815, 0.160995393991, 0.197816386819, 0.175526887178, 0.368782550097, 0.422263115644, 0.224571213126, 0.438771128654, 0.609063863754, 0.278305768967, 0.0699470490217, 0.0673307403922, 0.103838533163, 0.529526472092, 0.777975082397, 0.357375591993, 0.0465832166374, 0.0298412051052, 0.0705666691065, 0.304422616959, 0.426317304373, 0.246921569109, 0.299223124981, 0.380142658949, 0.191922053695, 0.142561510205, 0.168367296457, 0.172921851277, 0.747673511505], "key_strength": 0.802018046379, "tuning_nontempered_energy_ratio": 0.647490859032, "tuning_frequency": 444.341888428, "chords_changes_rate": 0.044350579381, "tuning_diatonic_strength": 0.568712413311, "chords_scale": "major", "chords_histogram": [17.5712776184, 14.6990499496, 25.5543823242, 4.118268013, 5.08975696564, 0.21119324863, 0.126715943217, 0.105596624315, 1.24604010582, 1.90073919296, 0.506863772869, 0.0844772979617, 0.401267170906, 0.675818383694, 0.232312560081, 0.14783526957, 0, 1.79514253139, 0.7180570364, 2.34424495697, 1.33051741123, 12.1436109543, 6.06124591827, 2.93558597565], "tuning_equal_tempered_deviation": 0.0443237908185, "hpcp": {"dmean": [0.0131712891161, 0.0250288173556, 0.0508264228702, 0.0570236034691, 0.0564849562943, 0.0557364933193, 0.0452603064477, 0.042801912874, 0.028198979795, 0.0279884710908, 0.0504170507193, 0.0899471640587, 0.084809243679, 0.0645332187414, 0.0186386182904, 0.0181947369128, 0.0376584306359, 0.0626481622458, 0.0673270598054, 0.0525629669428, 0.0365866757929, 0.0269200801849, 0.0438225194812, 0.0557759553194, 0.0593729875982, 0.0559765100479, 0.0661413818598, 0.0566734522581, 0.0487822405994, 0.0218633040786, 0.0207368265837, 0.034878641367, 0.0739964917302, 0.0743762403727, 0.0605693422258, 0.0204390045255], "dmean2": [0.0237882435322, 0.043004732579, 0.0817552283406, 0.0919110924006, 0.093691624701, 0.0923574194312, 0.0710702836514, 0.070063740015, 0.04859745875, 0.0484555140138, 0.0858832448721, 0.142087250948, 0.133601605892, 0.101834490895, 0.0339816734195, 0.032485306263, 0.065393589437, 0.0996339395642, 0.106580786407, 0.0900475382805, 0.0648558735847, 0.0445145368576, 0.0764644667506, 0.0937387868762, 0.0965629145503, 0.0937657877803, 0.107074901462, 0.0880695655942, 0.0791843831539, 0.0385910123587, 0.0370759554207, 0.0603877305984, 0.119758196175, 0.118783980608, 0.100175015628, 0.0370488911867], "max": [1, 1, 1, 1, 1, 1, 1, 1, 1, 1, 1, 1, 1, 1, 1, 1, 1, 1, 1, 1, 1, 1, 1, 1, 1, 1, 1, 1, 1, 1, 1, 1, 1, 1, 1, 1], "dvar": [0.00397762935609, 0.00721610663459, 0.0150079876184, 0.0192396175116, 0.016696728766, 0.0190582778305, 0.0167985353619, 0.0118245054036, 0.0104539152235, 0.0112342955545, 0.0144591825083, 0.0229398086667, 0.027422087267, 0.0124717522413, 0.00752934627235, 0.00654157204553, 0.0121823269874, 0.0200464036316, 0.0224131941795, 0.0151531863958, 0.0135873090476, 0.00961013510823, 0.012859002687, 0.02017130889, 0.0182085931301, 0.0144521761686, 0.0171148665249, 0.0189988575876, 0.0111127793789, 0.0072590764612, 0.00761376740411, 0.010239684023, 0.0191337559372, 0.0233242530376, 0.0148806003854, 0.00701847393066], "mean": [0.010299615562, 0.0243559051305, 0.10507068038, 0.147142320871, 0.0852243453264, 0.103276088834, 0.131205260754, 0.0662414059043, 0.049204736948, 0.0581115409732, 0.059683535248, 0.258057594299, 0.345147430897, 0.131218373775, 0.0167197007686, 0.0168446358293, 0.0404713116586, 0.140639290214, 0.161207810044, 0.0692254081368, 0.0555671490729, 0.0682758167386, 0.0605826564133, 0.127284348011, 0.145743027329, 0.0775101780891, 0.15144072473, 0.210216835141, 0.0960565209389, 0.0241420455277, 0.0232390314341, 0.0358396023512, 0.182764708996, 0.268516093493, 0.123347267509, 0.0160780772567], "dvar2": [0.0111787160859, 0.0179177653044, 0.0336886532605, 0.0422355867922, 0.0435321517289, 0.0488232970238, 0.0351715125144, 0.0301604587585, 0.0270177293569, 0.028226416558, 0.0361095890403, 0.0524144172668, 0.0576538443565, 0.0305698346347, 0.0207777749747, 0.0182396043092, 0.033120315522, 0.0462065003812, 0.0496055372059, 0.0434714406729, 0.0405495502055, 0.0225563272834, 0.0365332402289, 0.052671354264, 0.0406960584223, 0.0373905561864, 0.0425509698689, 0.0387335754931, 0.0282973200083, 0.0203969106078, 0.0213892553002, 0.0268229544163, 0.0455532185733, 0.0508902035654, 0.0384615808725, 0.0191406365484], "min": [0, 0, 0, 0, 0, 0, 0, 0, 0, 0, 0, 0, 0, 0, 0, 0, 0, 0, 0, 0, 0, 0, 0, 0, 0, 0, 0, 0, 0, 0, 0, 0, 0, 0, 0, 0], "var": [0.00281345634721, 0.0087206242606, 0.0466979406774, 0.0815178602934, 0.0289881378412, 0.0536413192749, 0.0854448080063, 0.0230035018176, 0.0291128028184, 0.0390180051327, 0.0205371137708, 0.0976018160582, 0.161010444164, 0.0290738288313, 0.00560480402783, 0.00526485871524, 0.0127683337778, 0.0692508518696, 0.0825571641326, 0.0205451250076, 0.0283253267407, 0.0462832413614, 0.0188851282001, 0.0684522092342, 0.077667452395, 0.0229820031673, 0.0641361698508, 0.124257870018, 0.0302202887833, 0.0104070883244, 0.0109499543905, 0.01067236159, 0.0690685287118, 0.134906083345, 0.0346694923937, 0.00545239821076], "median": [0.000269737472991, 0.00118302134797, 0.0097894705832, 0.0138395437971, 0.0102803744376, 0.00216975132935, 0.000941852340475, 0.00130311306566, 0.00160538207274, 0.00189194001723, 0.00943277683109, 0.086003869772, 0.115338116884, 0.0450158789754, 0.000929766276386, 0.000780240050517, 0.00280219293199, 0.00882252119482, 0.0110635552555, 0.00772648630664, 0.000575685931835, 0.000407720246585, 0.00289145717397, 0.0115237636492, 0.0122742448002, 0.0179732460529, 0.0153348073363, 0.0142612941563, 0.00742697808892, 0.000863909954205, 0.000538421270903, 0.0030923045706, 0.0283648557961, 0.0397495031357, 0.0172988343984, 0.000595066812821]}}, "lowlevel": {"melbands_flatness_db": {"dmean": 0.0221561789513, "dmean2": 0.0313391685486, "max": 0.736497163773, "dvar": 0.000666444713715, "mean": 0.388115167618, "dvar2": 0.00115112797357, "min": 0.00575661100447, "var": 0.0183891523629, "median": 0.381029188633}, "melbands_crest": {"dmean": 2.263266325, "dmean2": 3.54027318954, "max": 35.448841095, "dvar": 4.9622592926, "mean": 15.3979206085, "dvar2": 12.4995546341, "min": 1.83781862259, "var": 20.7442436218, "median": 15.0742225647}, "spectral_entropy": {"dmean": 0.178410887718, "dmean2": 0.258951276541, "max": 9.80155467987, "dvar": 0.0502010993659, "mean": 5.98882818222, "dvar2": 0.0907831713557, "min": 3.6640291214, "var": 0.824882030487, "median": 6.00905704498}, "melbands": {"dmean": [0.000146119913552, 0.000532465463039, 0.000516251893714, 0.000427127291914, 0.00028348210617, 0.00022083906515, 0.000185001408681, 0.000179849754204, 0.00013279322593, 8.26082323329e-05, 4.48301143479e-05, 1.72830787051e-05, 1.20348167911e-05, 1.2038272871e-05, 1.20879512906e-05, 1.24304970086e-05, 8.96743858902e-06, 6.43351222607e-06, 7.52633604861e-06, 4.05538776249e-06, 4.34413959738e-06, 4.60237788502e-06, 2.17496221921e-06, 7.50493086343e-07, 6.57968257656e-07, 3.58518661869e-07, 1.63163250022e-07, 1.76003410957e-07, 2.25949150945e-07, 2.70590163609e-07, 3.8241549305e-07, 5.13189888807e-07, 5.23435858213e-07, 4.76948741834e-07, 3.97034341404e-07, 2.59941401737e-07, 2.12584211567e-07, 2.58731830627e-07, 2.79457765373e-07, 2.56355377815e-07], "dmean2": [0.000224108836846, 0.000792797538452, 0.000772783474531, 0.000677436357364, 0.000388025859138, 0.000349964480847, 0.000249124830589, 0.000245209463174, 0.00017988383479, 0.00010578106594, 5.92323485762e-05, 2.3006934498e-05, 1.67440575751e-05, 1.71885421878e-05, 1.77373640327e-05, 1.68811693584e-05, 1.23846857605e-05, 8.81521737028e-06, 1.09945331133e-05, 5.93349841438e-06, 6.5731524046e-06, 6.80408084008e-06, 3.25823316416e-06, 1.11108647616e-06, 9.46118291267e-07, 5.01493843785e-07, 2.46499638479e-07, 2.56843748048e-07, 3.2620837942e-07, 3.94055717834e-07, 5.45977002275e-07, 7.51028949253e-07, 7.49525781885e-07, 6.86537362071e-07, 5.70098620756e-07, 3.77279008035e-07, 3.12631840416e-07, 3.8503981159e-07, 4.0829817749e-07, 3.87824144354e-07], "max": [0.0118417795748, 0.0239428337663, 0.0156542025506, 0.0130245741457, 0.0100105497986, 0.0225788764656, 0.0133350715041, 0.0146724320948, 0.0140099646524, 0.0101989340037, 0.00711196195334, 0.00394113361835, 0.00483892345801, 0.00450056185946, 0.00339144212194, 0.00226349709556, 0.00258653983474, 0.00161442649551, 0.00143119739369, 0.00138379470445, 0.00128813809715, 0.000739053590223, 0.00019992912712, 0.000186029748875, 0.000101716323115, 0.000128497849801, 0.000116405775771, 6.05573914072e-05, 5.43827445654e-05, 5.16488216817e-05, 3.36669654644e-05, 6.21055514785e-05, 0.000148170031025, 8.81254454725e-05, 9.33632472879e-05, 6.64672770654e-05, 5.99454142503e-05, 6.50524452794e-05, 6.31497314316e-05, 5.32207304786e-05], "dvar": [2.20679893914e-07, 1.2552395674e-06, 6.64120477722e-07, 5.03387070694e-07, 2.13765673607e-07, 3.72771921775e-07, 2.14725773162e-07, 2.8961528642e-07, 2.31705243436e-07, 9.29648606984e-08, 2.91677562103e-08, 4.88513896002e-09, 3.30373128854e-09, 3.43261663538e-09, 2.73569011888e-09, 3.01272029546e-09, 2.28740559827e-09, 1.02951425163e-09, 1.11402020941e-09, 4.71795547075e-10, 4.28086094351e-10, 3.97894051041e-10, 5.51755967304e-11, 1.49129042448e-11, 9.20087183526e-12, 3.48056826416e-12, 1.90298840054e-12, 1.52535904914e-12, 1.91453363579e-12, 1.93161177157e-12, 1.78485871916e-12, 3.55512277603e-12, 7.98951616671e-12, 6.08936382221e-12, 5.3568967838e-12, 2.92020249128e-12, 2.54543153048e-12, 2.88304883439e-12, 2.41011594362e-12, 2.01499017125e-12], "mean": [0.000441122974735, 0.00168462703004, 0.00138370564673, 0.00108355807606, 0.000909901165869, 0.000533194979653, 0.000537796644494, 0.000539622618817, 0.000382409285521, 0.000252119294601, 0.00013468740508, 4.37338276242e-05, 3.6229223042e-05, 3.09413517243e-05, 2.55445665971e-05, 2.5239887691e-05, 1.95667089429e-05, 1.38864852488e-05, 1.7105430743e-05, 9.18920250115e-06, 1.12661155072e-05, 1.09713482743e-05, 5.31317300556e-06, 1.8611149244e-06, 1.67993050582e-06, 8.97901657027e-07, 2.58172264012e-07, 2.81483664821e-07, 4.13459900983e-07, 5.76545289732e-07, 8.36564140627e-07, 1.03821378161e-06, 9.44280827753e-07, 8.90582384727e-07, 6.98905466834e-07, 4.31743643503e-07, 3.33434371669e-07, 4.29479626973e-07, 4.79403354348e-07, 4.4385078013e-07], "dvar2": [4.92053516155e-07, 2.55078748523e-06, 1.41163616263e-06, 1.39369569752e-06, 4.8661826213e-07, 1.14345095881e-06, 4.18058817786e-07, 5.52466929093e-07, 4.30079381886e-07, 1.47015370544e-07, 4.89821907479e-08, 7.30009341865e-09, 6.5518217518e-09, 5.86819526305e-09, 5.46685763325e-09, 5.24883203568e-09, 3.58490215291e-09, 1.84529302949e-09, 2.40768249782e-09, 9.56665524576e-10, 9.87777970529e-10, 9.12795783403e-10, 1.31331223674e-10, 3.76621650533e-11, 2.08527622253e-11, 6.07490360099e-12, 3.58575452317e-12, 3.45763175036e-12, 4.11611673565e-12, 4.63813449453e-12, 3.59141557639e-12, 7.28906345004e-12, 1.53712910456e-11, 1.08675525176e-11, 1.00171450995e-11, 5.70352228987e-12, 5.54327026989e-12, 5.49906517891e-12, 4.64837890402e-12, 4.12628828675e-12], "min": [1.037569106e-23, 7.02845563154e-24, 8.62695229114e-25, 4.72186973202e-24, 2.56361461069e-23, 1.28736490931e-23, 4.87834502574e-24, 3.97469894235e-24, 1.12517763155e-23, 8.97264514209e-24, 9.35640546209e-24, 1.00456245575e-23, 5.1973303991e-24, 5.94840605025e-24, 7.45638269591e-24, 7.93853053688e-24, 8.19823064662e-24, 6.17701478514e-24, 6.30149269725e-24, 5.67040278978e-24, 8.41165302023e-24, 8.20622496304e-24, 8.69539761036e-24, 9.82917690234e-24, 8.53940431066e-24, 6.15426561435e-24, 5.59112108551e-24, 5.46772627943e-24, 7.46095335599e-24, 1.33782763144e-23, 1.03925072079e-23, 1.03843811517e-23, 1.24725456661e-23, 8.80541057448e-24, 7.39319967057e-24, 7.16541213988e-24, 8.67904373494e-24, 9.29958459995e-24, 9.48788333144e-24, 8.96532372402e-24], "var": [1.09117627289e-06, 6.97012728779e-06, 2.84683255813e-06, 1.59234809871e-06, 1.39615667649e-06, 9.72583734438e-07, 1.15761770303e-06, 1.91566186913e-06, 1.275724685e-06, 8.00025986791e-07, 2.33008492501e-07, 2.6402718234e-08, 4.18650998313e-08, 2.15485105315e-08, 1.07218394163e-08, 1.03464090628e-08, 9.27386611949e-09, 4.51620296715e-09, 4.75501726882e-09, 1.40890221711e-09, 2.43629338925e-09, 1.35417910219e-09, 1.94000010501e-10, 3.21279565452e-11, 3.50986462117e-11, 2.31661478195e-11, 5.80417788484e-12, 2.77415850708e-12, 4.29878398503e-12, 5.16628493458e-12, 6.19200090507e-12, 1.01461885768e-11, 1.76668957241e-11, 1.79740545364e-11, 1.51594483494e-11, 6.90214508811e-12, 4.71884640738e-12, 6.13179082162e-12, 4.91501240749e-12, 4.16973747197e-12], "median": [4.08182822866e-05, 0.000657941272948, 0.000852890661918, 0.000698515097611, 0.000463593198219, 0.000180792660103, 0.000156045833137, 5.08358170919e-05, 2.17911256186e-05, 2.45889987127e-05, 1.36926073537e-05, 6.16951638222e-06, 4.77496314488e-06, 4.9573486649e-06, 2.30246519095e-06, 1.98833299692e-06, 1.35985465022e-06, 1.18394677884e-06, 1.03706213395e-06, 9.34874492486e-07, 6.49292530852e-07, 3.5309014379e-07, 1.96635568273e-07, 6.19302866767e-08, 2.22363460978e-08, 1.25006209828e-08, 9.63578994373e-09, 8.90538842668e-09, 7.65077867726e-09, 7.2448052002e-09, 8.47365111412e-09, 1.03532604712e-08, 8.99799612597e-09, 8.01709898468e-09, 8.00138266754e-09, 3.88496035342e-09, 2.31370611559e-09, 5.70639802078e-09, 1.00477892673e-08, 9.50918721543e-09]}, "silence_rate_60dB": {"dmean": 0.0171102657914, "dmean2": 0.0342241488397, "max": 1, "dvar": 0.0168156195432, "mean": 0.0868095904589, "dvar2": 0.0395986400545, "min": 0, "var": 0.0792754217982, "median": 0}, "spectral_energyband_middle_high": {"dmean": 0.000555721635465, "dmean2": 0.000750364677515, "max": 0.0549134835601, "dvar": 2.13591829379e-06, "mean": 0.00206503784284, "dvar2": 3.41065106113e-06, "min": 1.28593071916e-21, "var": 2.07202047022e-05, "median": 0.000358546123607}, "erbbands_skewness": {"dmean": 0.368753165007, "dmean2": 0.540341675282, "max": 7.46132040024, "dvar": 0.159443929791, "mean": 1.48216891289, "dvar2": 0.338886529207, "min": -3.55591368675, "var": 1.21651387215, "median": 1.44866299629}, "dynamic_complexity": 3.98789715767, "dissonance": {"dmean": 0.0349456034601, "dmean2": 0.0581719316542, "max": 0.5, "dvar": 0.00104405113962, "mean": 0.372175991535, "dvar2": 0.00280053331517, "min": 0.107199445367, "var": 0.00444478401914, "median": 0.378524154425}, "spectral_skewness": {"dmean": 0.706166446209, "dmean2": 1.10169315338, "max": 15.8723812103, "dvar": 0.818051815033, "mean": 4.78315830231, "dvar2": 1.92001962662, "min": -0.226076081395, "var": 9.10606002808, "median": 3.66550397873}, "spectral_kurtosis": {"dmean": 12.6183547974, "dmean2": 20.0329723358, "max": 352.392211914, "dvar": 393.09161377, "mean": 47.3115882874, "dvar2": 987.555725098, "min": -1.19644904137, "var": 3153.90625, "median": 19.1670684814}, "gfcc": {"cov": [[23650.7949219, -1584.98498535, -3024.48461914, 390.977203369, -2199.77001953, 604.29699707, -1227.8762207, 572.610351562, -379.367156982, 399.320617676, -687.932922363, 404.776885986, -728.413574219], [-1584.98498535, 4107.06103516, 718.594604492, -829.14074707, 1249.84729004, -500.397979736, 213.408004761, -567.466247559, 98.9984207153, -395.60333252, 279.620147705, -213.055343628, 318.926116943], [-3024.48461914, 718.594604492, 1740.09326172, 138.204788208, 181.146697998, 129.722427368, 187.000488281, -162.711929321, -36.2665405273, -27.3390789032, 95.0140228271, -105.248725891, 151.213912964], [390.977203369, -829.14074707, 138.204788208, 645.578979492, -170.55632019, 131.224365234, 22.5056400299, 130.907180786, -25.6740779877, 108.037612915, -18.7682952881, 25.1568908691, -22.7393493652], [-2199.77001953, 1249.84729004, 181.146697998, -170.55632019, 888.661376953, -163.331115723, 161.689331055, -146.343276978, 109.195892334, -147.37512207, 154.792663574, -85.203338623, 158.383880615], [604.29699707, -500.397979736, 129.722427368, 131.224365234, -163.331115723, 391.536529541, 98.0023651123, 94.3931503296, -14.3432636261, 77.0074234009, -44.3540496826, 23.0728931427, -72.2822265625], [-1227.8762207, 213.408004761, 187.000488281, 22.5056400299, 161.689331055, 98.0023651123, 382.682067871, 13.3951616287, 20.4353790283, -29.8726997375, 83.1293487549, -39.4956016541, -6.27530002594], [572.610351562, -567.466247559, -162.711929321, 130.907180786, -146.343276978, 94.3931503296, 13.3951616287, 243.64163208, 25.0372657776, 71.1835098267, -42.2414894104, 45.6245727539, -80.954284668], [-379.367156982, 98.9984207153, -36.2665405273, -25.6740779877, 109.195892334, -14.3432636261, 20.4353790283, 25.0372657776, 133.12538147, 19.4936695099, 5.27087879181, -4.2755947113, 11.5569963455], [399.320617676, -395.60333252, -27.3390789032, 108.037612915, -147.37512207, 77.0074234009, -29.8726997375, 71.1835098267, 19.4936695099, 139.798110962, -4.62834739685, 10.9271583557, -42.6594009399], [-687.932922363, 279.620147705, 95.0140228271, -18.7682952881, 154.792663574, -44.3540496826, 83.1293487549, -42.2414894104, 5.27087879181, -4.62834739685, 156.362609863, -2.28173494339, 26.4983787537], [404.776885986, -213.055343628, -105.248725891, 25.1568908691, -85.203338623, 23.0728931427, -39.4956016541, 45.6245727539, -4.2755947113, 10.9271583557, -2.28173494339, 106.483009338, -17.7635688782], [-728.413574219, 318.926116943, 151.213912964, -22.7393493652, 158.383880615, -72.2822265625, -6.27530002594, -80.954284668, 11.5569963455, -42.6594009399, 26.4983787537, -17.7635688782, 145.002731323]], "mean": [-128.629165649, 151.877166748, -64.4603347778, -10.9544973373, -49.264957428, 0.633800148964, -52.6302833557, -5.6873960495, -18.0417175293, -7.318110466, -26.1729335785, -2.23795580864, -11.2601623535], "icov": [[0.000227853655815, -0.000548110692762, 0.000487689161673, -0.000492807186674, 0.000563212670386, -0.000658309378196, 0.000616418081336, -0.000368555949535, 0.000534783001058, -0.000372935028281, 0.000356123811798, -0.0002514711814, 0.00039363236283], [-0.000548110692762, 0.00217025098391, -0.0014251928078, 0.00181772746146, -0.00195848965086, 0.00195283559151, -0.0015626490349, 0.00158095033839, -0.00152683781926, 0.00156579725444, -0.00119146879297, 0.000940789468586, -0.000912435236387], [0.000487689161673, -0.0014251928078, 0.00192405912094, -0.00144851859659, 0.00146646879148, -0.0019765261095, 0.00116525450721, -0.000600094441324, 0.00132376945112, -0.000903215666767, 0.000482586387079, -1.12106654342e-05, 1.84187301784e-05], [-0.000492807186674, 0.00181772746146, -0.00144851859659, 0.00362065248191, -0.0016344783362, 0.00158138910774, -0.00158188119531, 0.00030686208629, -0.000568508461583, -5.94594384893e-05, -0.000838998472318, 0.000575009500608, -0.00146717438474], [0.000563212670386, -0.00195848965086, 0.00146646879148, -0.0016344783362, 0.00437620515004, -0.00191858736798, 0.00131476041861, -0.00136327371001, -0.000626404536888, 0.000893198593985, -0.000902925268747, 0.000537995249033, -0.000545777729712], [-0.000658309378196, 0.00195283559151, -0.0019765261095, 0.00158138910774, -0.00191858736798, 0.00618225010112, -0.00334525969811, 0.00108188868035, -0.0009554681601, -0.000695291615557, 0.000726465892512, -0.000443299330072, 2.82353357761e-05], [0.000616418081336, -0.0015626490349, 0.00116525450721, -0.00158188119531, 0.00131476041861, -0.00334525969811, 0.0058779520914, -0.00195351499133, 0.000741880736314, 0.00105907348916, -0.00157796638086, 0.00103700940963, 0.00179820158519], [-0.000368555949535, 0.00158095033839, -0.000600094441324, 0.00030686208629, -0.00136327371001, 0.00108188868035, -0.00195351499133, 0.00830868817866, -0.00250183278695, -0.000512305821758, 0.000656023155898, -0.00146530184429, 0.00167711579707], [0.000534783001058, -0.00152683781926, 0.00132376945112, -0.000568508461583, -0.000626404536888, -0.0009554681601, 0.000741880736314, -0.00250183278695, 0.0117698451504, -0.0052082138136, 0.00287606264465, -0.00148333841935, 0.000240674766246], [-0.000372935028281, 0.00156579725444, -0.000903215666767, -5.94594384893e-05, 0.000893198593985, -0.000695291615557, 0.00105907348916, -0.000512305821758, -0.0052082138136, 0.0146626969799, -0.00504282210022, 0.00334657798521, 0.000113213493023], [0.000356123811798, -0.00119146879297, 0.000482586387079, -0.000838998472318, -0.000902925268747, 0.000726465892512, -0.00157796638086, 0.000656023155898, 0.00287606264465, -0.00504282210022, 0.0113137708977, -0.00373597512953, 0.00118305149954], [-0.0002514711814, 0.000940789468586, -1.12106654342e-05, 0.000575009500608, 0.000537995249033, -0.000443299330072, 0.00103700940963, -0.00146530184429, -0.00148333841935, 0.00334657798521, -0.00373597512953, 0.0128971235827, -0.00144695176277], [0.00039363236283, -0.000912435236387, 1.84187301784e-05, -0.00146717438474, -0.000545777729712, 2.82353357761e-05, 0.00179820158519, 0.00167711579707, 0.000240674766246, 0.000113213493023, 0.00118305149954, -0.00144695176277, 0.0118764126673]]}, "spectral_complexity": {"dmean": 1.14702153206, "dmean2": 1.85275161266, "max": 34, "dvar": 1.98260688782, "mean": 8.8421163559, "dvar2": 4.17149448395, "min": 0, "var": 19.4202709198, "median": 8}, "spectral_flux": {"dmean": 0.0172370485961, "dmean2": 0.0288454871625, "max": 0.297945857048, "dvar": 0.000422046374297, "mean": 0.046610314399, "dvar2": 0.00106529681943, "min": 7.02985308854e-11, "var": 0.00104233028833, "median": 0.0415367223322}, "spectral_energyband_low": {"dmean": 0.0024234841112, "dmean2": 0.00361374136992, "max": 0.0840237885714, "dvar": 2.03677536774e-05, "mean": 0.0075272731483, "dvar2": 4.21079384978e-05, "min": 4.87711298278e-23, "var": 0.000105615392386, "median": 0.00372413825244}, "spectral_decrease": {"dmean": 1.53478685316e-09, "dmean2": 2.25653207231e-09, "max": 8.98390407731e-17, "dvar": 3.79958879649e-18, "mean": -6.68108812718e-09, "dvar2": 8.10281726229e-18, "min": -3.11046051138e-08, "var": 2.38740620241e-17, "median": -5.65765301275e-09}, "barkbands_spread": {"dmean": 1.9933795929, "dmean2": 2.92895078659, "max": 148.732391357, "dvar": 28.5456104279, "mean": 7.6478433609, "dvar2": 52.7695579529, "min": 0.296970307827, "var": 121.671081543, "median": 4.51052188873}, "spectral_rms": {"dmean": 0.000571004697122, "dmean2": 0.000830862263683, "max": 0.0107717299834, "dvar": 4.09592104234e-07, "mean": 0.00463515101001, "dvar2": 8.24577114145e-07, "min": 3.2157989379e-12, "var": 4.15901513406e-06, "median": 0.00464608659968}, "spectral_centroid": {"dmean": 69.7088012695, "dmean2": 101.051780701, "max": 11525.078125, "dvar": 35287.6953125, "mean": 540.55078125, "dvar2": 60676.4140625, "min": 105.034126282, "var": 314667.0625, "median": 371.513458252}, "barkbands_skewness": {"dmean": 0.455982446671, "dmean2": 0.683083057404, "max": 13.8626346588, "dvar": 0.296737134457, "mean": 1.98604261875, "dvar2": 0.675967037678, "min": -5.46239614487, "var": 2.16324353218, "median": 1.86500751972}, "spectral_rolloff": {"dmean": 156.535018921, "dmean2": 269.533294678, "max": 19164.5507812, "dvar": 553613.25, "mean": 882.550048828, "dvar2": 1136135.125, "min": 43.06640625, "var": 5046776, "median": 430.6640625}, "erbbands_spread": {"dmean": 4.17849636078, "dmean2": 6.06930017471, "max": 143.571487427, "dvar": 65.537109375, "mean": 19.5981330872, "dvar2": 119.834953308, "min": 1.16525232792, "var": 310.010284424, "median": 14.6506557465}, "barkbands": {"dmean": [4.31555326941e-06, 0.000817753374577, 0.00120997743215, 0.00116058974527, 0.00191640190315, 0.00103206583299, 0.000992267974652, 0.00073886156315, 0.000639363541268, 0.000228222008445, 9.9915851024e-05, 0.000101908597571, 0.000122738449136, 8.9339351689e-05, 9.08962174435e-05, 6.09345515841e-05, 7.0627364039e-05, 1.96683504328e-05, 1.17465706353e-05, 5.37169671588e-06, 1.13627247629e-05, 2.49555341725e-05, 2.19701851165e-05, 1.82947351277e-05, 2.28491408052e-05, 5.91125763094e-06, 5.88020895975e-07], "dmean2": [7.38639482734e-06, 0.00123246142175, 0.0017981599085, 0.00171530840453, 0.00289633776993, 0.0016128749121, 0.00133747351356, 0.00100445770659, 0.000815103296191, 0.000305004650727, 0.000139506053529, 0.000149833984324, 0.000172810803633, 0.00012422085274, 0.000129986263346, 9.11516763153e-05, 0.000105300438008, 2.89739891741e-05, 1.67246107594e-05, 7.8762668636e-06, 1.60353265528e-05, 3.51692906406e-05, 3.03150336549e-05, 2.66074675892e-05, 3.37296733051e-05, 8.92363823368e-06, 9.00284362615e-07], "max": [0.000902769679669, 0.0545855388045, 0.073323301971, 0.0385766550899, 0.0584178455174, 0.101320549846, 0.0718719884753, 0.0845775380731, 0.0595335662365, 0.0376102179289, 0.0360569134355, 0.0300929974765, 0.0188751630485, 0.0208086632192, 0.0150435902178, 0.0212476495653, 0.00910522416234, 0.00342019856907, 0.0028037421871, 0.00153840682469, 0.00159728492144, 0.00524620665237, 0.0043067955412, 0.00424394756556, 0.00492059672251, 0.00101136509329, 0.000168828046299], "dvar": [4.34231595126e-10, 6.05354307481e-06, 6.55209441902e-06, 4.23355413659e-06, 9.20770526136e-06, 7.51527204557e-06, 7.34832474336e-06, 7.07268554834e-06, 5.26585836269e-06, 1.00508930245e-06, 1.80110205861e-07, 1.82221526757e-07, 2.65322654514e-07, 1.77077154717e-07, 1.71196290921e-07, 1.03408886787e-07, 8.46218526362e-08, 6.53534515394e-09, 2.92130408752e-09, 1.22627796806e-09, 2.27222862748e-09, 1.18057625897e-08, 1.45814373909e-08, 1.42588607588e-08, 1.45012633013e-08, 5.02854979878e-10, 9.60097019248e-12], "mean": [4.23088931711e-06, 0.00256509659812, 0.00346704130061, 0.00275665870868, 0.00559570686892, 0.0025826797355, 0.00280876457691, 0.00215664342977, 0.00192875612993, 0.000639896432403, 0.000285472109681, 0.000235602870816, 0.00024471982033, 0.000191098704818, 0.000207885444979, 0.000147900966113, 0.00017207764904, 4.8518726544e-05, 3.00022293231e-05, 8.78712307895e-06, 2.540537389e-05, 5.08287303091e-05, 4.20534415753e-05, 3.24676038872e-05, 4.33078748756e-05, 1.23059635371e-05, 9.82596134236e-07], "dvar2": [1.13103892918e-09, 1.2725778106e-05, 1.34839647217e-05, 8.93640299182e-06, 2.41649377131e-05, 2.28189164773e-05, 1.44788655234e-05, 1.34256506499e-05, 8.55055805005e-06, 1.62114201885e-06, 3.5138029375e-07, 3.41122387226e-07, 4.81790038975e-07, 2.83858412331e-07, 3.4763502299e-07, 2.30590657679e-07, 1.93634988932e-07, 1.5947364318e-08, 5.90685012014e-09, 2.60352139847e-09, 4.65473037892e-09, 2.1737324829e-08, 2.42105073767e-08, 2.66911914792e-08, 2.87381212161e-08, 1.10148523635e-09, 2.00694114105e-11], "min": [1.21206782036e-23, 3.2527770659e-23, 7.73269542746e-24, 1.13535957758e-24, 5.77466756114e-23, 9.4632946948e-23, 1.2551741779e-23, 5.30041006472e-23, 8.71592030013e-23, 7.59645599368e-23, 3.96346311759e-23, 1.0635521174e-22, 6.96228692544e-23, 8.39499906211e-23, 6.65549513287e-23, 1.09380070482e-22, 1.47306533809e-22, 1.81243203733e-22, 1.60532411662e-22, 1.64130803837e-22, 5.03626926761e-22, 5.9322855041e-22, 5.00325928837e-22, 9.10521785571e-22, 1.18244206387e-21, 1.55657589532e-21, 2.32288512266e-21], "var": [3.73437059054e-10, 3.50994851033e-05, 3.31925257342e-05, 1.70082275872e-05, 3.71486821678e-05, 2.18960431084e-05, 4.01079523726e-05, 4.37922535639e-05, 3.93942464143e-05, 7.1232288974e-06, 2.22103972192e-06, 8.60036720951e-07, 8.8208383886e-07, 7.21913124835e-07, 7.23784239653e-07, 4.6047671276e-07, 2.810463684e-07, 1.88312139215e-08, 1.47356900015e-08, 2.69433741984e-09, 7.56562279491e-09, 3.18376471853e-08, 4.69230911904e-08, 3.22026494359e-08, 3.00176417056e-08, 1.1233429742e-09, 2.05045945501e-11], "median": [1.52447569235e-06, 0.000229938304983, 0.0015899410937, 0.00141095311847, 0.00377348368056, 0.000903542211745, 0.000549674266949, 0.000121104247228, 0.000174071174115, 3.52396345988e-05, 3.7862409954e-05, 3.82044163416e-05, 2.2067095415e-05, 1.52615448314e-05, 1.249763136e-05, 1.27243010866e-05, 5.84143162996e-06, 1.6865977841e-06, 4.39823338638e-07, 3.25038911342e-07, 3.64557934063e-07, 5.44355316379e-07, 4.93474146879e-07, 4.99061002301e-07, 1.15623197416e-06, 3.93454200776e-07, 4.55518325282e-08]}, "melbands_kurtosis": {"dmean": 5.10239076614, "dmean2": 7.87331628799, "max": 417.491363525, "dvar": 113.081367493, "mean": 14.4650268555, "dvar2": 262.646820068, "min": -1.88413643837, "var": 307.222564697, "median": 9.83636188507}, "erbbands_crest": {"dmean": 2.29249691963, "dmean2": 3.47748970985, "max": 30.5171432495, "dvar": 5.59795093536, "mean": 13.0536556244, "dvar2": 13.5145168304, "min": 2.32904267311, "var": 25.8161258698, "median": 12.1941986084}, "melbands_skewness": {"dmean": 0.476142555475, "dmean2": 0.703909218311, "max": 14.6490192413, "dvar": 0.354799687862, "mean": 2.19464683533, "dvar2": 0.781121432781, "min": -0.973297178745, "var": 1.90615844727, "median": 2.04886865616}, "spectral_energyband_middle_low": {"dmean": 0.00449655624107, "dmean2": 0.00661109900102, "max": 0.112601883709, "dvar": 3.29211834469e-05, "mean": 0.0181052219123, "dvar2": 7.61948685977e-05, "min": 3.3183866905e-22, "var": 0.000213198683923, "median": 0.014423020184}, "spectral_contrast_coeffs": {"dmean": [0.0385647341609, 0.0376886688173, 0.0322363227606, 0.0275417529047, 0.0216882955283, 0.0157920643687], "dmean2": [0.0627244189382, 0.0608386471868, 0.0513138920069, 0.0440042801201, 0.0336668156087, 0.0243252888322], "max": [-0.212685748935, -0.340614527464, -0.400670737028, -0.492922216654, -0.538477897644, -0.610560417175], "dvar": [0.0010997938225, 0.00115727842785, 0.000866255781148, 0.000647775945254, 0.000473669730127, 0.00023909274023], "mean": [-0.529482245445, -0.61547857523, -0.712029337883, -0.734953284264, -0.768559753895, -0.82108849287], "dvar2": [0.00287215947174, 0.00286202831194, 0.00211400375701, 0.00148172595073, 0.000914498523343, 0.000484489835799], "min": [-0.971440672874, -0.97040528059, -0.965372800827, -0.95644813776, -0.959019064903, -0.961948573589], "var": [0.0109098767862, 0.0109515124932, 0.00736951641738, 0.00630777701735, 0.00698548043147, 0.00374348578043], "median": [-0.529149591923, -0.616058647633, -0.718875586987, -0.737282276154, -0.780433952808, -0.831761181355]}, "spectral_contrast_valleys": {"dmean": [0.384307861328, 0.317229658365, 0.325083345175, 0.318901270628, 0.278413027525, 0.23192808032], "dmean2": [0.629544258118, 0.523449063301, 0.530775129795, 0.509212315083, 0.42027848959, 0.33327382803], "max": [-5.31421709061, -5.29843568802, -5.49810695648, -6.5468454361, -6.39012336731, -7.60527706146], "dvar": [0.125630572438, 0.0918196216226, 0.114804901183, 0.115731656551, 0.103226736188, 0.0987921059132], "mean": [-8.06394767761, -7.73937797546, -8.82419490814, -9.68448066711, -10.4278869629, -12.0758342743], "dvar2": [0.314498007298, 0.221032366157, 0.274688005447, 0.26384267211, 0.202910929918, 0.143249064684], "min": [-27.9891738892, -27.676448822, -27.7311191559, -27.4539871216, -27.368812561, -27.2264976501], "var": [2.95818185806, 2.2669005394, 2.12801814079, 2.09536075592, 1.96580910683, 2.81544423103], "median": [-7.88510990143, -7.54715299606, -8.5881690979, -9.37788009644, -10.3237247467, -12.1046905518]}, "silence_rate_20dB": {"dmean": 0, "dmean2": 0, "max": 1, "dvar": 0, "mean": 1, "dvar2": 0, "min": 1, "var": 0, "median": 1}, "silence_rate_30dB": {"dmean": 0.000211237857002, "dmean2": 0.000422520330176, "max": 1, "dvar": 0.000211173231946, "mean": 0.999894380569, "dvar2": 0.000633521936834, "min": 0, "var": 0.000105591614556, "median": 1}, "spectral_strongpeak": {"dmean": 0.323026776314, "dmean2": 0.508498489857, "max": 9.18120861053, "dvar": 0.248834088445, "mean": 1.15532052517, "dvar2": 0.529802799225, "min": 0, "var": 1.59482622147, "median": 0.669932484627}, "spectral_spread": {"dmean": 526389.3125, "dmean2": 796582.875, "max": 41097636, "dvar": 630018342912, "mean": 3384128.5, "dvar2": 1079021142020.0, "min": 295304.5, "var": 6462803279870.0, "median": 2958377}, "barkbands_flatness_db": {"dmean": 0.0198022164404, "dmean2": 0.0287806931883, "max": 0.570229232311, "dvar": 0.000463802949525, "mean": 0.284245043993, "dvar2": 0.000873388489708, "min": 0.0602644309402, "var": 0.0104519631714, "median": 0.269514679909}, "pitch_salience": {"dmean": 0.0485351644456, "dmean2": 0.0762787684798, "max": 0.926818728447, "dvar": 0.0022307743784, "mean": 0.533335924149, "dvar2": 0.00556078925729, "min": 0.078935533762, "var": 0.0106967445463, "median": 0.535133421421}, "erbbands_kurtosis": {"dmean": 2.12401652336, "dmean2": 3.15374493599, "max": 109.651596069, "dvar": 10.7906532288, "mean": 5.67506456375, "dvar2": 24.0223674774, "min": -1.83897030354, "var": 57.313999176, "median": 3.617811203}, "average_loudness": 0.897394299507, "barkbands_crest": {"dmean": 1.86083102226, "dmean2": 2.9168510437, "max": 24.6553592682, "dvar": 3.48559617996, "mean": 11.9913282394, "dvar2": 8.92598819733, "min": 3.84754800797, "var": 14.2806377411, "median": 11.3588504791}, "hfc": {"dmean": 2.54006695747, "dmean2": 3.53956842422, "max": 84.8386230469, "dvar": 19.8561172485, "mean": 11.7851610184, "dvar2": 34.8056640625, "min": 1.15551731739e-16, "var": 174.833602905, "median": 6.78684139252}, "barkbands_kurtosis": {"dmean": 4.05045032501, "dmean2": 6.21356201172, "max": 307.208190918, "dvar": 49.7402153015, "mean": 12.1023416519, "dvar2": 115.931053162, "min": -1.90925168991, "var": 207.15687561, "median": 7.75015354156}, "erbbands": {"dmean": [0.00753331650048, 0.24162825942, 1.18702125549, 2.81888651848, 4.47008943558, 7.92228984833, 7.19508647919, 10.3272399902, 11.6505126953, 16.5617523193, 16.1669101715, 13.5269651413, 8.72052669525, 3.69532561302, 3.97251152992, 4.11159324646, 5.37446880341, 4.57486248016, 3.96033811569, 3.61149692535, 3.60573363304, 3.91316270828, 1.35013759136, 0.739641785622, 0.335234642029, 0.24543634057, 0.362872809172, 0.561325490475, 0.860969662666, 0.821489393711, 0.611176073551, 0.344719529152, 0.359863936901, 0.295354694128, 0.143339917064, 0.0411092303693, 0.00838153250515, 0.00134617974982, 0.000101637546322, 8.29711552797e-06], "dmean2": [0.0119582880288, 0.362643390894, 1.76239836216, 4.1837682724, 6.89636135101, 12.3111228943, 9.64136314392, 16.5495262146, 15.5578756332, 22.5588722229, 22.0357437134, 17.4834003448, 11.5463266373, 4.97193384171, 5.49645757675, 5.87524175644, 7.41398429871, 6.29680871964, 5.41023254395, 5.16916131973, 5.41079807281, 5.79744005203, 1.99931871891, 1.05751359463, 0.478869855404, 0.355598896742, 0.520089626312, 0.783102691174, 1.23199164867, 1.16795063019, 0.852011501789, 0.499473750591, 0.524874567986, 0.437715798616, 0.216567143798, 0.0619510821998, 0.0127221010625, 0.0020866044797, 0.00015111961693, 1.20961785797e-05], "max": [0.852011322975, 14.3141727448, 64.2425231934, 113.67565155, 118.00567627, 348.153259277, 340.230041504, 1101.0612793, 862.574584961, 1576.79907227, 2019.07421875, 1658.9407959, 1460.42138672, 762.226745605, 1862.42883301, 1196.49609375, 989.344116211, 1220.34069824, 962.726196289, 523.318359375, 1070.03051758, 634.725402832, 225.709136963, 106.139770508, 159.128173828, 77.806427002, 78.2547073364, 52.5116615295, 129.387145996, 198.770675659, 139.348114014, 82.0165328979, 81.6378936768, 61.3899917603, 37.3506126404, 6.87784528732, 1.24676036835, 0.116181522608, 0.05282388255, 0.00095293589402], "dvar": [0.000760144379456, 0.470481455326, 6.08113908768, 22.8307781219, 41.9296607971, 278.899780273, 160.794769287, 916.179138184, 900.939147949, 2521.17382812, 3362.93798828, 2589.54125977, 1083.25830078, 173.39402771, 438.733734131, 273.660552979, 493.14352417, 478.233062744, 368.333526611, 211.92024231, 327.764068604, 269.282714844, 26.5621757507, 10.6814851761, 4.1783080101, 2.90091300011, 4.27166938782, 3.89693570137, 11.7898359299, 18.9265022278, 12.9392814636, 5.73454332352, 4.96964406967, 2.76419711113, 0.547634840012, 0.0303538441658, 0.000785300217103, 2.07258381124e-05, 5.87383397033e-07, 2.97566332685e-10], "mean": [0.0202938932925, 0.773114204407, 3.66534495354, 7.37780666351, 11.0802898407, 20.3034801483, 23.7134094238, 24.2990245819, 34.562046051, 48.674030304, 46.9726791382, 41.0171775818, 27.6347866058, 10.2649288177, 12.4917297363, 10.2700357437, 11.655579567, 10.6659078598, 9.50297355652, 8.889087677, 9.76237297058, 9.83088684082, 3.64321041107, 2.03679990768, 0.81800532341, 0.435289770365, 0.746318519115, 1.31970751286, 1.77600204945, 1.63183617592, 1.12531995773, 0.589217126369, 0.63510632515, 0.53345990181, 0.269797801971, 0.0811252817512, 0.0172038339078, 0.00277765071951, 0.000183847732842, 3.43164647347e-05], "dvar2": [0.00189148075879, 0.976250350475, 12.4295454025, 47.8215255737, 102.629875183, 762.880187988, 362.971466064, 2840.95166016, 1718.49963379, 4855.78076172, 6403.51074219, 4165.49951172, 1852.12756348, 266.75982666, 866.845214844, 480.481994629, 858.782409668, 743.194763184, 672.175720215, 450.707519531, 755.273681641, 620.267822266, 65.8997879028, 23.8223972321, 6.85492038727, 6.31965446472, 9.1587638855, 7.30787944794, 22.7192153931, 32.6709861755, 23.159160614, 11.5662307739, 9.16069698334, 5.37130451202, 1.2179980278, 0.0663664489985, 0.00173350877594, 4.70136947115e-05, 1.2441129229e-06, 5.92283000422e-10], "min": [1.1924989928e-21, 6.24291464428e-21, 1.1824298056e-20, 4.56833232671e-21, 3.18318486756e-20, 1.39696019607e-19, 8.81414192427e-19, 4.47019052974e-19, 3.55641858271e-19, 2.77271535864e-19, 1.36958568767e-18, 1.6778661826e-18, 1.61463597959e-18, 2.50653158435e-18, 1.50390524009e-18, 4.93742494631e-18, 3.23405616504e-18, 4.5892683488e-18, 3.79829012293e-18, 4.12720112272e-18, 6.65827081315e-18, 9.41220694883e-18, 1.1199965937e-17, 1.07746313204e-17, 7.74034919941e-18, 8.42465173194e-18, 1.58467340917e-17, 2.02977383739e-17, 2.03400552797e-17, 1.88447228361e-17, 1.42167101746e-17, 1.37818050783e-17, 1.52211853709e-17, 1.1740719546e-17, 9.36381605582e-18, 5.52132884558e-18, 2.93127683478e-18, 1.26242661066e-18, 3.29764210741e-19, 3.34517558895e-20], "var": [0.0024359212257, 2.78450632095, 32.1848564148, 100.742454529, 163.412902832, 898.667663574, 1093.51965332, 2248.18408203, 4705.81005859, 14985.2255859, 17152.7753906, 19744.8925781, 9068.08984375, 1000.078125, 6145.14208984, 1561.24230957, 1887.27612305, 2004.8795166, 1666.00805664, 846.689758301, 1777.06774902, 1004.14953613, 86.734664917, 44.7118225098, 22.1818237305, 6.19632720947, 11.2461566925, 15.7614536285, 32.7541542053, 55.8940811157, 38.279083252, 12.3803453445, 11.1328353882, 5.86489677429, 0.988391399384, 0.0633694007993, 0.00188192038331, 5.9443871578e-05, 9.34669913022e-07, 9.99349825115e-10], "median": [0.00282992096618, 0.113096639514, 1.55033910275, 4.23020362854, 7.40010881424, 10.573805809, 11.1409931183, 7.82532405853, 10.6481542587, 7.58126831055, 4.04702186584, 4.20945215225, 3.12467074394, 1.66896307468, 1.52945506573, 1.63721621037, 1.216370821, 0.992125332355, 0.886270284653, 0.808756887913, 0.69293820858, 0.402734220028, 0.152357816696, 0.040846735239, 0.0182416066527, 0.0165303125978, 0.0147017724812, 0.0163269322366, 0.0193796474487, 0.0168126374483, 0.0136472256854, 0.00660001393408, 0.0111346077174, 0.0132081368938, 0.00694742333144, 0.00206903158687, 0.000637644319795, 0.000118328047392, 2.35078223341e-05, 2.80549302261e-05]}, "spectral_energy": {"dmean": 0.00597594724968, "dmean2": 0.00877807289362, "max": 0.118930913508, "dvar": 5.7323351939e-05, "mean": 0.0262848418206, "dvar2": 0.000121881530504, "min": 1.0599896266e-20, "var": 0.00037063457421, "median": 0.0221257731318}, "zerocrossingrate": {"dmean": 0.00516109354794, "dmean2": 0.00615186942741, "max": 0.73583984375, "dvar": 0.000145554004121, "mean": 