{"tonal": {"hpcp": {"dvar": [0.0212563220412, 0.0180258657783, 0.0109874056652, 0.00989612098783, 0.0146640213206, 0.0160284712911, 0.0196224842221, 0.0180053357035, 0.0314490199089, 0.0261510815471, 0.0257622506469, 0.0227492060512, 0.0244452636689, 0.0272615570575, 0.0279437564313, 0.0379750654101, 0.0274436790496, 0.013102744706, 0.00574927125126, 0.00671507930383, 0.0172155443579, 0.0206279456615, 0.0159383360296, 0.0210256185383, 0.0154105359688, 0.014023267664, 0.0290805883706, 0.0328243672848, 0.0362480655313, 0.0370539836586, 0.0378179959953, 0.0219506826252, 0.0118270209059, 0.0110170505941, 0.0135834096, 0.0189768169075], "var": [0.064966827631, 0.0276800412685, 0.00941692572087, 0.00670333299786, 0.010878588073, 0.0332291275263, 0.0536633767188, 0.0247235987335, 0.0919891148806, 0.131936430931, 0.0369023270905, 0.0179870389402, 0.0198329947889, 0.0232153851539, 0.0628942847252, 0.132002040744, 0.0530289895833, 0.0109166055918, 0.00431436626241, 0.00646862806752, 0.0471166856587, 0.0775323435664, 0.0327855460346, 0.0376546978951, 0.0217773281038, 0.0104039851576, 0.0454336814582, 0.100945606828, 0.0663944780827, 0.0808420404792, 0.125225007534, 0.0407599210739, 0.00877228658646, 0.00808787811548, 0.0105718076229, 0.0410008393228], "median": [0.0352449715137, 0.0188545454293, 0.00219256686978, 0.00144513533451, 0.00374338775873, 0.0233176779002, 0.031590744853, 0.0337447151542, 0.0189728066325, 0.0133570926264, 0.0105437021703, 0.00725936517119, 0.00641392776743, 0.0136905005202, 0.173250377178, 0.285592079163, 0.13959017396, 0.00479982700199, 0.00197204016149, 0.00465808715671, 0.0108239334077, 0.0137362619862, 0.0145479077473, 0.0093052200973, 0.00596289988607, 0.00429036747664, 0.0171928741038, 0.0282212886959, 0.0392786487937, 0.148363679647, 0.205512866378, 0.0869222134352, 0.00411909958348, 0.00189870875329, 0.00247163232416, 0.0190486721694], "max": [1, 1, 1, 1, 1, 1, 1, 1, 1, 1, 1, 1, 1, 1, 1, 1, 1, 1, 1, 1, 1, 1, 1, 1, 1, 1, 1, 1, 1, 1, 1, 1, 1, 1, 1, 1], "dmean": [0.0707762017846, 0.0580864287913, 0.0310994740576, 0.0254196096212, 0.0353873483837, 0.0558269396424, 0.0639822110534, 0.0756159350276, 0.0938081666827, 0.0732177123427, 0.0736715272069, 0.053975827992, 0.0570365861058, 0.0748619437218, 0.1323428303, 0.147139623761, 0.1245168522, 0.0482703745365, 0.019363950938, 0.0290305018425, 0.0581742078066, 0.060957275331, 0.0590056143701, 0.058954950422, 0.0476833358407, 0.0420823469758, 0.0859686210752, 0.0922649055719, 0.119704015553, 0.145270824432, 0.140357092023, 0.0981333330274, 0.0399935096502, 0.0285144951195, 0.0379632413387, 0.0619183406234], "dmean2": [0.114621177316, 0.0965240597725, 0.0560007803142, 0.0463457778096, 0.0638499855995, 0.091641522944, 0.107247300446, 0.127665832639, 0.157011851668, 0.122981019318, 0.12548185885, 0.0955135002732, 0.102899573743, 0.132066473365, 0.215097248554, 0.236800432205, 0.20437900722, 0.0870536267757, 0.0351962968707, 0.0514441244304, 0.0961316972971, 0.102179989219, 0.101177342236, 0.104647904634, 0.0856129080057, 0.076779179275, 0.14753459394, 0.154782250524, 0.203102484345, 0.242330357432, 0.225140631199, 0.160019218922, 0.0729163214564, 0.0532530024648, 0.0681939050555, 0.104941606522], "mean": [0.142665028572, 0.0811293125153, 0.0256415437907, 0.0184344612062, 0.0294395573437, 0.0904911309481, 0.123964488506, 0.0938637852669, 0.187428668141, 0.225859552622, 0.101713716984, 0.0457504689693, 0.0491245761514, 0.0654543861747, 0.26143398881, 0.41973644495, 0.226297870278, 0.0380330048501, 0.0157042872161, 0.0277385674417, 0.106530502439, 0.143929570913, 0.0933301970363, 0.0823743566871, 0.0597331300378, 0.0338435955346, 0.112735681236, 0.188588380814, 0.164780989289, 0.271446436644, 0.357286959887, 0.172426834702, 0.0307675618678, 0.0220041200519, 0.0318083614111, 0.0992831513286], "dvar2": [0.0505706593394, 0.0467250794172, 0.0303188338876, 0.0275122169405, 0.0417502634227, 0.0391280092299, 0.0473572164774, 0.0461965985596, 0.0775217264891, 0.0603024214506, 0.0670363306999, 0.059349052608, 0.0642646923661, 0.0727572664618, 0.0703446045518, 0.0830172970891, 0.0696155801415, 0.0349790602922, 0.016057562083, 0.0187217909843, 0.0448992624879, 0.0485716834664, 0.0431458204985, 0.0565921068192, 0.0405689626932, 0.0392572768033, 0.0744428634644, 0.0745822787285, 0.0936692431569, 0.0913480520248, 0.0806293860078, 0.0554828830063, 0.0334080606699, 0.0317738577724, 0.0382636301219, 0.0500598475337], "min": [0, 0, 0, 0, 0, 0, 0, 0, 0, 0, 0, 0, 0, 0, 0, 0, 0, 0, 0, 0, 0, 0, 0, 0, 0, 0, 0, 0, 0, 0, 0, 0, 0, 0, 0, 0]}, "key_key": "G", "thpcp": [1, 0.539142787457, 0.0906116366386, 0.0374146364629, 0.0660856813192, 0.253803312778, 0.342904627323, 0.222354277968, 0.196252569556, 0.142311036587, 0.0806305855513, 0.268586844206, 0.449301898479, 0.392582029104, 0.646706879139, 0.851217389107, 0.410797864199, 0.0733020976186, 0.0524236597121, 0.0757817476988, 0.236536890268, 0.339891940355, 0.193286314607, 0.0610896274447, 0.0439191348851, 0.0701381936669, 0.21559035778, 0.295338869095, 0.223625525832, 0.446538954973, 0.53809851408, 0.242327585816, 0.108998082578, 0.11703671515, 0.15594163537, 0.622852742672], "chords_key": "G", "tuning_equal_tempered_deviation": 0.0250731613487, "tuning_frequency": 440.508575439, "tuning_diatonic_strength": 0.666833460331, "chords_histogram": [67.2641143799, 3.33745360374, 6.63370418549, 0.24721878767, 1.7717345953, 1.03007829189, 0, 0, 0, 0, 0, 0, 0, 0, 0, 0.865265786648, 0, 1.91594564915, 0, 0.206015661359, 0, 0.844664216042, 11.1042442322, 4.77956342697], "key_strength": 0.898664414883, "key_scale": "major", "chords_strength": {"dvar": 0.000420168566052, "var": 0.0168794058263, "median": 0.485940665007, "max": 0.673128724098, "dmean": 0.00660985894501, "dmean2": 0.00600504362956, "mean": 0.478151679039, "dvar2": 0.000782060204074, "min": -1}, "chords_number_rate": 0.00164812523872, "tuning_nontempered_energy_ratio": 0.603986799717, "hpcp_entropy": {"dvar": 0.177760705352, "var": 0.423177391291, "median": 1.67320990562, "max": 4.44929075241, "dmean": 0.457168996334, "dmean2": 0.759883642197, "mean": 1.65124547482, "dvar2": 0.454636245966, "min": 0}, "chords_changes_rate": 0.0333745367825, "chords_scale": "major"}, "rhythm": {"bpm_histogram_first_peak_spread": {"dvar": 0, "var": 0, "median": 0, "max": 0, "dmean": 0, "dmean2": 0, "mean": 0, "dvar2": 0, "min": 0}, "bpm_histogram_first_peak_weight": {"dvar": 0, "var": 0, "median": 0.453736662865, "max": 0.453736662865, "dmean": 0, "dmean2": 0, "mean": 0.453736662865, "dvar2": 0, "min": 0.453736662865}, "bpm_histogram_first_peak_bpm": {"dvar": 0, "var": 0, "median": 172, "max": 172, "dmean": 0, "dmean2": 0, "mean": 172, "dvar2": 0, "min": 172}, "bpm": 172.265533447, "bpm_histogram_second_peak_weight": {"dvar": 0, "var": 0, "median": 0.199288249016, "max": 0.199288249016, "dmean": 0, "dmean2": 0, "mean": 0.199288249016, "dvar2": 0, "min": 0.199288249016}, "beats_loudness": {"dvar": 0.00019785790937, "var": 0.00039018705138, "median": 0.0266217626631, "max": 0.110568903387, "dmean": 0.0151141565293, "dmean2": 0.0265031680465, "mean": 0.0309043489397, "dvar2": 0.000542465189938, "min": 6.64661159444e-10}, "beats_loudness_band_ratio": {"dvar": [0.028167610988, 0.0158634111285, 0.0141452848911, 0.00850805360824, 0.00254955003038, 0.0111092580482], "var": [0.0606336183846, 0.0262855980545, 0.0197713747621, 0.00771562661976, 0.00309435115196, 0.0123357539997], "median": [0.502070248127, 0.27068990469, 0.139511078596, 0.0351127311587, 0.0248268023133, 0.00873312074691], "max": [0.999781489372, 0.815893530846, 0.737807691097, 0.59000825882, 0.476917743683, 0.992518901825], "dmean": [0.20118458569, 0.156335964799, 0.130250439048, 0.0585771612823, 0.0430219657719, 0.0375977419317], "dmean2": [0.338054656982, 0.271046876907, 0.226523041725, 0.102183252573, 0.0782915875316, 0.0676223114133], "mean": [0.493217021227, 0.290307730436, 0.182162865996, 0.0640726685524, 0.043763011694, 0.0338802933693], "dvar2": [0.0726001858711, 0.0475916750729, 0.0400141254067, 0.0223071333021, 0.00682954862714, 0.0258099082857], "min": [0.000423567253165, 5.46682967979e-05, 5.14477906108e-05, 2.82771943603e-05, 2.2882997655e-05, 8.22731453809e-06]}, "bpm_histogram_second_peak_bpm": {"dvar": 0, "var": 0, "median": 178, "max": 178, "dmean": 0, "dmean2": 0, "mean": 178, "dvar2": 0, "min": 178}, "onset_rate": 2.34722113609, "beats_count": 563, "beats_position": [0.371519267559, 0.754648506641, 1.14938771725, 1.53251695633, 1.91564619541, 2.27555561066, 2.62385487556, 2.97215414047, 3.32045340538, 3.66875267029, 4.01705217361, 4.3653512001, 4.71365070343, 5.06195020676, 5.41024923325, 5.75854873657, 6.10684776306, 6.44353723526, 6.78022670746, 7.12852573395, 7.46521520615, 7.80190467834, 8.15020370483, 8.498503685, 8.84680271149, 9.19510173798, 9.54340076447, 9.89170074463, 10.2399997711, 10.5882987976, 10.9365987778, 11.2732877731, 11.6099767685, 11.9582767487, 12.294965744, 12.6316547394, 12.9799547195, 13.328253746, 13.6765527725, 14.0248527527, 14.3731517792, 14.7098407745, 15.0465307236, 15.3948297501, 15.7431287766, 16.0914287567, 16.4397277832, 16.7880268097, 17.1363258362, 17.4730148315, 17.8097057343, 18.1580047607, 18.5063037872, 18.8546028137, 19.2029018402, 19.5512008667, 19.8994998932, 20.247800827, 20.5844898224, 20.9211788177, 21.2578678131, 21.6061668396, 21.942855835, 22.2911567688, 22.6394557953, 22.9877548218, 23.3360538483, 23.6843528748, 24.0326519012, 24.3809528351, 24.7292518616, 25.0775508881, 25.4258499146, 25.7625389099, 26.0992279053, 26.4475269318, 26.7842178345, 27.1209068298, 27.4692058563, 27.8175048828, 28.1658039093, 28.5141029358, 28.8624038696, 29.199092865, 29.5473918915, 29.895690918, 30.2323799133, 30.5806789398, 30.9173698425, 31.2540588379, 31.6023578644, 31.9506568909, 32.2989578247, 32.6472549438, 32.9955558777, 33.3438529968, 33.6921539307, 34.0404510498, 34.3771438599, 34.725440979, 35.0621299744, 35.4104309082, 35.7471199036, 36.0954170227, 36.4437179565, 36.8036270142, 37.151927948, 37.5002250671, 37.848526001, 38.1968231201, 38.5335159302, 38.8702049255, 39.2068939209, 39.55519104, 39.9034919739, 40.2401809692, 40.5768699646, 40.9251708984, 41.2734680176, 41.6101570129, 41.9584579468, 42.3067550659, 42.6550559998, 42.9917449951, 43.340045929, 43.6883430481, 44.0250320435, 44.3733329773, 44.7216300964, 45.0583229065, 45.4066200256, 45.743309021, 46.0916099548, 46.439907074, 46.7882080078, 47.1365089417, 47.4848060608, 47.8331069946, 48.1814041138, 48.5297050476, 48.866394043, 49.2030830383, 49.5513839722, 49.8996810913, 50.2479820251, 50.5962791443, 50.9445800781, 51.2928771973, 51.6411781311, 51.9778671265, 52.3261680603, 52.6744651794, 53.0227661133, 53.3594551086, 53.7077522278, 54.0560531616, 54.392742157, 54.7294311523, 55.0777320862, 55.4260292053, 55.7627182007, 56.0994110107, 56.4477081299, 56.7843971252, 57.1210861206, 57.4693870544, 57.8176841736, 58.1659851074, 58.5142860413, 58.8625831604, 59.1992721558, 59.5359611511, 59.884262085, 60.2325630188, 60.5808601379, 60.9291610718, 61.2890701294, 61.6373672485, 61.9856681824, 62.3339653015, 62.6706581116, 63.0073471069, 63.3440361023, 63.6923332214, 64.2031707764, 64.714012146, 65.2248535156, 65.7472991943, 66.2697525024, 66.7921981812, 67.3146438599, 67.837097168, 68.3595428467, 68.8703842163, 69.3812255859, 69.8920593262, 70.4029006958, 70.9253463745, 71.4361877441, 71.9586410522, 72.481086731, 73.0035324097, 73.5259857178, 74.0484313965, 74.5592727661, 75.0701141357, 75.580947876, 76.0917892456, 76.5910186768, 77.0902481079, 77.5778656006, 78.0770950317, 78.5763244629, 79.0639419556, 79.5515594482, 80.0507888794, 80.5384140015, 81.0260314941, 81.5252609253, 82.012878418, 82.5121078491, 82.9997253418, 83.3596343994, 83.7079315186, 84.0562362671, 84.4045333862, 84.7412261963, 85.077911377, 85.4262084961, 85.7745132446, 86.1111984253, 86.4595031738, 86.7961883545, 87.1444854736, 87.4927902222, 87.8410873413, 88.1893844604, 88.537689209, 88.8743743896, 89.2110671997, 89.5593643188, 89.8960494995, 90.2327423096, 90.5810394287, 90.9293441772, 91.2776412964, 91.6259384155, 91.9742355347, 92.3225402832, 92.6708374023, 93.0075302124, 93.3558273315, 93.7041244507, 94.0524215698, 94.4007263184, 94.7490234375, 95.0973205566, 95.4340133667, 95.7706985474, 96.1190032959, 96.4556884766, 96.8039855957, 97.1522903442, 97.5005874634, 97.8488845825, 98.1855773926, 98.5222625732, 98.8705673218, 99.2188644409, 99.555557251, 99.9038543701, 100.252151489, 100.600448608, 100.948753357, 101.297050476, 101.633743286, 101.982040405, 102.330337524, 102.667030334, 103.003715515, 103.352012634, 103.700317383, 104.048614502, 104.396911621, 104.74521637, 105.093513489, 105.441810608, 105.790107727, 106.138412476, 106.486709595, 106.835006714, 107.183311462, 107.54322052, 107.903129578, 108.263038635, 108.727432251, 109.191833496, 109.644622803, 110.097412109, 110.561813354, 111.014602661, 111.548660278, 112.082717896, 112.616775513, 113.15083313, 113.673286438, 114.195732117, 114.729797363, 115.26385498, 115.774688721, 116.448066711, 117.133056641, 117.81804657, 118.503036499, 119.188026428, 119.884620667, 120.581222534, 121.277824402, 121.97441864, 122.671020508, 123.367614746, 124.064216614, 124.760810852, 125.45741272, 126.154014587, 126.711288452, 127.268569946, 127.802627563, 128.325073242, 128.847518921, 129.369979858, 129.892425537, 130.426483154, 130.937316895, 131.448165894, 131.958999634, 132.481445312, 132.992294312, 133.503128052, 134.02557373, 134.548019409, 135.070480347, 135.592926025, 136.115371704, 136.637817383, 137.102218628, 137.555007935, 138.007797241, 138.460586548, 138.924987793, 139.401000977, 139.865386963, 140.341400146, 140.81741333, 141.305038452, 141.804260254, 142.315093994, 142.814331055, 143.301940918, 143.777954102, 144.265579224, 144.753189087, 145.229202271, 145.705215454, 146.169616699, 146.634017944, 147.110015869, 147.469924927, 147.818222046, 148.166534424, 148.514831543, 148.851516724, 149.188201904, 149.536499023, 149.884811401, 150.221496582, 150.558181763, 150.906478882, 151.254776001, 151.603088379, 151.93977356, 152.288070679, 152.636367798, 152.984664917, 153.321365356, 153.669662476, 154.017959595, 154.366256714, 154.714553833, 155.062850952, 155.411148071, 155.759460449, 156.09614563, 156.432830811, 156.78112793, 157.129425049, 157.477722168, 157.826034546, 158.174331665, 158.511016846, 158.859313965, 159.195999146, 159.532699585, 159.880996704, 160.217681885, 160.565979004, 160.914276123, 161.262588501, 161.61088562, 161.959182739, 162.29586792, 162.632553101, 162.980865479, 163.329162598, 163.677459717, 164.025756836, 164.362442017, 164.699142456, 165.047439575, 165.395736694, 165.732421875, 166.080718994, 166.429016113, 166.765716553, 167.114013672, 167.462310791, 167.81060791, 168.158905029, 168.507202148, 168.843902588, 169.192199707, 169.540496826, 169.877182007, 170.225479126, 170.573776245, 170.922088623, 171.270385742, 171.607070923, 171.943756104, 172.292053223, 172.640365601, 172.98866272, 173.336959839, 173.685256958, 174.033554077, 174.381851196, 174.730148315, 175.066848755, 175.403533936, 175.751831055, 176.088516235, 176.436828613, 176.785125732, 177.121810913, 177.470108032, 177.818405151, 178.166702271, 178.515014648, 178.863311768, 179.199996948, 179.536682129, 179.884979248, 180.233291626, 180.569976807, 180.918273926, 181.266571045, 181.614868164, 181.951568604, 182.299865723, 182.636550903, 182.973236084, 183.321533203, 183.669830322, 184.0181427, 184.366439819, 184.703125, 185.063034058, 185.411331177, 185.759628296, 186.107940674, 186.444625854, 186.792922974, 187.141220093, 187.477905273, 187.814605713, 188.151290894, 188.487976074, 188.824661255, 189.161361694, 189.498046875, 189.834732056, 190.310745239, 190.798370361, 191.285980225, 191.820037842, 192.365707397, 192.911376953, 193.44543457, 193.979492188, 194.513549805, 195.047622681, 195.570068359, 196.092514038, 196.614959717, 197.114196777, 197.636642456, 198.159088135, 198.681533813, 199.203994751, 199.72644043, 200.248886108, 200.771331787, 201.293777466, 201.816238403, 202.315460205, 202.826293945, 203.348754883, 203.755096436, 204.161453247, 204.5677948, 204.974151611, 205.380493164, 205.786849976, 206.204803467, 206.622756958, 207.040725708, 207.458679199, 207.865036011, 208.282989502, 208.700942993, 209.130523682, 209.548477173, 209.954818726, 210.372787476, 210.790740967, 211.220306396, 211.649887085, 212.079452515, 212.497406006, 212.903762817, 213.31010437, 213.704849243, 214.215682983, 214.714920044, 215.225753784, 215.759811401, 216.293869019, 216.827926636, 217.350387573, 217.872833252, 218.406890869, 218.906112671, 219.393737793, 219.939407349, 220.473464966, 221.007522583, 221.518356323, 222.017593384, 222.516815186, 223.027664185, 223.538497925, 224.049331665, 224.571792603], "danceability": 1.07360863686, "bpm_histogram_second_peak_spread": {"dvar": 0, "var": 0, "median": 0, "max": 0, "dmean": 0, "dmean2": 0, "mean": 0, "dvar2": 0, "min": 0}}, "lowlevel": {"spectral_flux": {"dvar": 0.000294265773846, "var": 0.00120289449114, "median": 0.0550827905536, "max": 0.300994902849, "dmean": 0.0161225590855, "dmean2": 0.0256154108793, "mean": 0.0600600726902, "dvar2": 0.000689801760018, "min": 6.76045747161e-11}, "spectral_rolloff": {"dvar": 773056.5625, "var": 5786795.5, "median": 602.9296875, "max": 20068.9453125, "dmean": 277.738830566, "dmean2": 453.409576416, "mean": 1181.8482666, "dvar2": 1374504.875, "min": 21.533203125}, "barkbands_flatness_db": {"dvar": 0.000326867739204, "var": 0.00526257138699, "median": 0.156265169382, "max": 0.530231356621, "dmean": 0.017826737836, "dmean2": 0.0264733880758, "mean": 0.173233121634, "dvar2": 0.000701039971318, "min": 0.0275194924325}, "spectral_centroid": {"dvar": 52706.0703125, "var": 387345.90625, "median": 686.230163574, "max": 11060.359375, "dmean": 133.061538696, "dmean2": 193.946136475, "mean": 823.358215332, "dvar2": 81168.8984375, "min": 87.3345413208}, "melbands_skewness": {"dvar": 1.32065916061, "var": 7.14985799789, "median": 2.60875105858, "max": 82.7990722656, "dmean": 0.615584313869, "dmean2": 0.942272245884, "mean": 2.90466570854, "dvar2": 3.56790518761, "min": -0.694423019886}, "melbands": {"dvar": [1.51452113073e-07, 6.02206227995e-07, 1.51367873968e-06, 8.88295176082e-07, 1.98634879212e-07, 1.1252977572e-07, 1.33378719624e-07, 1.40187609077e-07, 1.41545754673e-07, 7.69421291125e-08, 1.02129078527e-07, 2.17511733069e-08, 3.28926041959e-08, 1.21140200093e-08, 5.53267964776e-09, 3.17011350504e-09, 2.94423840863e-09, 3.27819105195e-09, 1.86048410011e-09, 1.25645516214e-09, 5.63142865673e-10, 3.10108910773e-10, 3.58939294953e-10, 1.63894939287e-10, 7.99988963962e-11, 1.0596445596e-11, 7.82208933042e-12, 8.83318765355e-12, 7.44441227413e-12, 5.56639153174e-12, 1.43438490252e-11, 4.28180650658e-11, 7.19227871704e-11, 3.70595464039e-11, 1.15265375369e-11, 6.38056014274e-12, 2.20194452949e-11, 2.15968406353e-11, 1.97189643086e-11, 1.4413882414e-11], "var": [9.88662804957e-07, 3.10266682391e-06, 3.52551205651e-06, 3.03446427097e-06, 8.87892554147e-07, 2.6789371077e-07, 3.07367713503e-07, 2.51954645591e-07, 4.05155503813e-07, 2.73312537047e-07, 4.83640519633e-07, 6.49284146448e-08, 6.06893522104e-08, 2.53430734176e-08, 1.48832208779e-08, 9.0879517245e-09, 9.22484222343e-09, 6.45056097426e-09, 5.56424284426e-09, 2.77791323278e-09, 2.99775715362e-09, 1.72034519963e-09, 1.2019535367e-09, 5.82102144264e-10, 2.40365394255e-10, 3.02162427024e-11, 2.21571511139e-11, 3.22353671534e-11, 1.59897286384e-11, 9.64767328526e-12, 3.45422683512e-11, 8.89245899138e-11, 1.4523630909e-10, 8.79364359108e-11, 2.75245555514e-11, 1.52808408288e-11, 3.33843439004e-11, 4.79853448643e-11, 4.20058501871e-11, 2.83408973373e-11], "median": [0.000269220530754, 0.000631946604699, 0.00116434379015, 0.000613103387877, 0.000413886766182, 0.00026457948843, 0.000182829651749, 6.58595818095e-05, 0.000134833622724, 3.46455744875e-05, 7.94816151028e-05, 2.49793374678e-05, 1.24045182019e-05, 1.10109458547e-05, 8.05041963758e-06, 6.63193122818e-06, 1.13176565719e-05, 7.77559307608e-06, 8.13684437162e-06, 6.80093762639e-06, 4.88643081553e-06, 4.31673197454e-06, 5.02274178871e-06, 3.43271767633e-06, 1.69694578744e-06, 8.70071289683e-07, 7.56786732836e-07, 7.01212343301e-07, 4.12656532944e-07, 2.05555110711e-07, 2.13092476997e-07, 2.42569740294e-07, 2.41402943857e-07, 2.05810763987e-07, 1.88629158515e-07, 1.22485332099e-07, 1.20979734675e-07, 1.56910317628e-07, 1.71633800505e-07, 1.47169302522e-07], "max": [0.0113583905622, 0.0186722222716, 0.0186080746353, 0.0181306488812, 0.0116971498355, 0.00767496135086, 0.0104175666347, 0.0109194889665, 0.0120928864926, 0.00869260635227, 0.00903095770627, 0.00388258718885, 0.00728218955919, 0.00472963741049, 0.0045276908204, 0.00318240839988, 0.00190341076814, 0.00224638357759, 0.0015824069269, 0.00138160528149, 0.000972269859631, 0.000771470018663, 0.000712180742994, 0.000379910983611, 0.000431722175563, 0.000133107285365, 0.000104382779682, 9.7075731901e-05, 7.57490925025e-05, 7.2334165452e-05, 0.000210558006074, 0.000283538625808, 0.00035320763709, 0.000281112297671, 0.000165841905982, 9.37117729336e-05, 0.000281141605228, 0.00016029040853, 0.000115115100925, 9.97734096018e-05], "dmean": [0.000187614175957, 0.000459792470792, 0.000767599733081, 0.000533555808943, 0.00026947868173, 0.000192736581084, 0.000153348140884, 0.000114660499094, 0.000157891598064, 8.61834923853e-05, 0.000109939763206, 4.85040945932e-05, 3.62259124813e-05, 2.29410416068e-05, 1.76952835318e-05, 1.41128348332e-05, 1.87762489077e-05, 1.71553656401e-05, 1.34954243549e-05, 1.01153736978e-05, 7.51358129492e-06, 5.87751537751e-06, 6.96533788869e-06, 5.29169346919e-06, 2.70337659458e-06, 1.16377339054e-06, 9.72420821199e-07, 1.10702808342e-06, 9.37162667469e-07, 5.79583002036e-07, 8.1999928625e-07, 1.2707996575e-06, 1.49921163484e-06, 1.02463559415e-06, 6.91221714533e-07, 5.57156795367e-07, 6.8659420549e-07, 8.37154289002e-07, 9.07441915388e-07, 7.70724170707e-07], "dmean2": [0.00029519063537, 0.000722422613762, 0.00124122668058, 0.000827254436444, 0.000398218166083, 0.000313436525175, 0.000235409417655, 0.000166264988366, 0.000224205388804, 0.000123402671306, 0.000155914371135, 6.98742296663e-05, 5.53995159862e-05, 3.45061453118e-05, 2.63945585175e-05, 2.12127961277e-05, 2.84916586679e-05, 2.63303772954e-05, 2.06782424357e-05, 1.57406284416e-05, 1.15897273645e-05, 9.01634030015e-06, 1.08403646664e-05, 8.29785221867e-06, 4.18013587478e-06, 1.79749463314e-06, 1.50036771629e-06, 1.71197871168e-06, 1.44829118653e-06, 8.82476172137e-07, 1.15080752039e-06, 1.87936961993e-06, 2.17850083573e-06, 1.47103594372e-06, 9.86223767541e-07, 7.96601625552e-07, 1.0180958725e-06, 1.18665673199e-06, 1.31610431708e-06, 1.11580084194e-06], "mean": [0.000714679481462, 0.00124915968627, 0.00172827101778, 0.00127569050528, 0.000715511792805, 0.000415038724896, 0.000340250466252, 0.000218480010517, 0.00033749762224, 0.000188345089555, 0.000270951160928, 9.62294870988e-05, 5.88255279581e-05, 4.33517925558e-05, 3.2624873711e-05, 2.6704312404e-05, 3.60375815944e-05, 2.87521925202e-05, 2.69353095064e-05, 2.04028983717e-05, 1.72800864675e-05, 1.36197168104e-05, 1.46491092892e-05, 1.15907350846e-05, 5.59177260584e-06, 2.35303605223e-06, 2.06783647627e-06, 2.35140578297e-06, 1.76125081452e-06, 9.93078288047e-07, 1.4278314211e-06, 2.2176859602e-06, 2.45777118835e-06, 1.78613913704e-06, 1.23730285395e-06, 9.69140160123e-07, 1.10441965262e-06, 1.37782944876e-06, 1.51833921791e-06, 1.26464351524e-06], "dvar2": [3.70790758097e-07, 1.46815239077e-06, 4.06701019529e-06, 2.18135301111e-06, 4.27049684504e-07, 2.77804360849e-07, 2.96249965004e-07, 2.96994386417e-07, 3.05320952521e-07, 1.58051463472e-07, 2.23371074526e-07, 4.53019417535e-08, 7.94481849198e-08, 2.56177159486e-08, 1.16081402268e-08, 5.59144730516e-09, 6.62801635798e-09, 7.13083592174e-09, 3.77762754411e-09, 2.87749402084e-09, 1.23419241493e-09, 6.85159262659e-10, 8.44139924627e-10, 3.80423442747e-10, 1.78179762611e-10, 2.19799282941e-11, 1.55701389282e-11, 1.86042448808e-11, 1.69624488067e-11, 1.26431174557e-11, 2.55534361032e-11, 8.95272536661e-11, 1.5143761245e-10, 6.22132692585e-11, 2.11157515084e-11, 1.27557730004e-11, 5.10390583963e-11, 3.90796978111e-11, 3.69729143135e-11, 2.89455629604e-11], "min": [3.95516990178e-24, 1.63254369905e-24, 1.33817049011e-24, 2.4164572631e-24, 6.1066381372e-24, 6.21429674595e-24, 6.29519798165e-24, 4.63021868876e-24, 3.76074408764e-24, 3.11161924216e-24, 6.13355446572e-24, 3.1241278151e-24, 5.93026934918e-24, 1.36772877297e-23, 8.23534497449e-24, 7.01828958106e-24, 9.97191970542e-24, 9.51550687376e-24, 5.17476621619e-24, 7.04318682008e-24, 9.44497797567e-24, 6.68977950113e-24, 4.06093524436e-24, 5.25974625721e-24, 8.3939896357e-24, 5.81446614601e-24, 1.0815348486e-23, 9.80049076438e-24, 7.4043857182e-24, 5.75161878099e-24, 7.74514838571e-24, 7.57163685188e-24, 6.29164889644e-24, 1.09467182814e-23, 1.01819310445e-23, 8.9164971783e-24, 7.55550859068e-24, 6.54587352265e-24, 6.57079087763e-24, 6.75803016893e-24]}, "spectral_decrease": {"dvar": 3.22326083766e-18, "var": 2.16884291613e-17, "median": -5.69729374789e-09, "max": 1.72593643559e-16, "dmean": 1.50196466375e-09, "dmean2": 2.30154628689e-09, "mean": -6.60676269248e-09, "dvar2": 7.52709211133e-18, "min": -2.80002403485e-08}, "barkbands_kurtosis": {"dvar": 972.619628906, "var": 3569.77685547, "median": 4.95926952362, "max": 1481.14685059, "dmean": 5.30962944031, "dmean2": 8.61378192902, "mean": 13.5343551636, "dvar2": 2713.28662109, "min": -1.92971909046}, "silence_rate_30dB": {"dvar": 0.000823541136924, "var": 0.000514842336997, "median": 1, "max": 1, "dmean": 0.000824232411105, "dmean2": 0.00164863467216, "mean": 0.99948489666, "dvar2": 0.00226410687901, "min": 0}, "gfcc": {"mean": [-43.6820106506, 117.227661133, -97.4615020752, 14.0330371857, -50.0301055908, 4.23111009598, -45.2622795105, 7.37939453125, -22.201713562, -5.50935840607, -20.8486881256, -3.86124491692, -10.7266426086], "cov": [[22627.9726562, -434.85647583, -1319.35192871, 453.899383545, -1854.28369141, 232.859573364, -1191.56103516, 324.34552002, -703.784179688, 19.0153465271, -679.138244629, 40.8724555969, -454.849060059], [-434.85647583, 2748.03637695, -504.415100098, -145.693405151, 450.610748291, -355.772674561, 198.707489014, -173.832839966, 152.231628418, -111.031600952, 154.394515991, -159.968048096, 155.195419312], [-1319.35192871, -504.415100098, 793.520935059, -47.7110824585, 16.2756595612, 171.042388916, -57.7553138733, 34.6154823303, -4.98543977737, 3.661434412, -8.89419364929, 22.7359313965, -54.5687446594], [453.899383545, -145.693405151, -47.7110824585, 383.140167236, -24.6727294922, 29.0431137085, 61.6910591125, 24.0081996918, 66.4872055054, 27.6363010406, 15.4035739899, 35.8296432495, 44.9933624268], [-1854.28369141, 450.610748291, 16.2756595612, -24.6727294922, 401.15802002, -47.7239494324, 141.757858276, 3.95624113083, 112.796531677, 5.81945896149, 88.273979187, -2.13360142708, 76.9024200439], [232.859573364, -355.772674561, 171.042388916, 29.0431137085, -47.7239494324, 246.873046875, 43.1163368225, 66.5076599121, -9.87713336945, 49.5115509033, 16.3760356903, 42.6441802979, -19.9944858551], [-1191.56103516, 198.707489014, -57.7553138733, 61.6910591125, 141.757858276, 43.1163368225, 316.297454834, 10.4004163742, 91.1700286865, 39.9099578857, 102.222427368, 21.7794704437, 72.660194397], [324.34552002, -173.832839966, 34.6154823303, 24.0081996918, 3.95624113083, 66.5076599121, 10.4004163742, 153.840454102, 23.0036563873, 36.5748291016, 9.0351524353, 28.2227706909, 6.80919837952], [-703.784179688, 152.231628418, -4.98543977737, 66.4872055054, 112.796531677, -9.87713336945, 91.1700286865, 23.0036563873, 158.13482666, 34.6617927551, 47.1415252686, 9.00890159607, 46.2252006531], [19.0153465271, -111.031600952, 3.661434412, 27.6363010406, 5.81945896149, 49.5115509033, 39.9099578857, 36.5748291016, 34.6617927551, 104.276306152, 31.2891807556, 26.1790504456, 18.1292457581], [-679.138244629, 154.394515991, -8.89419364929, 15.4035739899, 88.273979187, 16.3760356903, 102.222427368, 9.0351524353, 47.1415252686, 31.2891807556, 123.0050354, 29.3391590118, 42.4090881348], [40.8724555969, -159.968048096, 22.7359313965, 35.8296432495, -2.13360142708, 42.6441802979, 21.7794704437, 28.2227706909, 9.00890159607, 26.1790504456, 29.3391590118, 104.167556763, 14.4501161575], [-454.849060059, 155.195419312, -54.5687446594, 44.9933624268, 76.9024200439, -19.9944858551, 72.660194397, 6.80919837952, 46.2252006531, 18.1292457581, 42.4090881348, 14.4501161575, 100.589828491]], "icov": [[0.000195615692064, -0.000279315572698, 0.000316722667776, -0.000352784583811, 0.000635080621578, -0.000420144060627, 0.000485904805828, -0.000568609277252, 0.000414039037423, -0.000372940907255, 0.000614604097791, -0.000391910754843, 0.000437685666839], [-0.000279315572698, 0.00115000037476, -0.00011003822874, 0.000772585626692, -0.00135203625541, 0.000935225805733, -0.000692735891789, 0.00121164869051, -0.00096378166927, 0.00119140406605, -0.00166222103871, 0.00144222460221, -0.00108285492752], [0.000316722667776, -0.00011003822874, 0.0023329872638, -0.000280223437585, 0.000381975871278, -0.00195534853265, 0.00139815337025, -0.000579798012041, 9.41263642744e-05, 8.51184813655e-05, 0.000620741921011, -0.000386743136914, 0.00107675755862], [-0.000352784583811, 0.000772585626692, -0.000280223437585, 0.00394948152825, -0.000492316088639, 0.000502969196532, -0.0011822032975, 0.0011495287763, -0.00243111001328, 0.0010848044185, -0.000894965487532, 0.000240633482463, -0.00218888325617], [0.000635080621578, -0.00135203625541, 0.000381975871278, -0.000492316088639, 0.00651325006038, -0.000656125193927, 0.000620611186605, -0.00237022503279, -0.000447291269666, -0.000717412971426, 0.00102140009403, -0.00140678149182, 9.3711016234e-05], [-0.000420144060627, 0.000935225805733, -0.00195534853265, 0.000502969196532, -0.000656125193927, 0.0080167138949, -0.00285187736154, -0.000665825267788, 0.000344204279827, -0.00106725434307, -0.00188334763516, 5.06105607201e-05, 0.000392690126318], [0.000485904805828, -0.000692735891789, 0.00139815337025, -0.0011822032975, 0.000620611186605, -0.00285187736154, 0.00678917998448, -0.000725501100533, -0.000342230458045, -0.000897430290934, -0.00121556408703, -0.000537965679541, -0.000434315967141], [-0.000568609277252, 0.00121164869051, -0.000579798012041, 0.0011495287763, -0.00237022503279, -0.000665825267788, -0.000725501100533, 0.00991128571332, -0.00252576265484, -9.31973117986e-05, -0.00163548486307, 0.000476676941616, -0.00193785503507], [0.000414039037423, -0.00096378166927, 9.41263642744e-05, -0.00243111001328, -0.000447291269666, 0.000344204279827, -0.000342230458045, -0.00252576265484, 0.0114133479074, -0.00360949826427, 0.00113525846973, -0.000669217901304, 0.000349369511241], [-0.000372940907255, 0.00119140406605, 8.51184813655e-05, 0.0010848044185, -0.000717412971426, -0.00106725434307, -0.000897430290934, -9.31973117986e-05, -0.00360949826427, 0.0142122553661, -0.0037868428044, 0.000349400826963, -0.00232909084298], [0.000614604097791, -0.00166222103871, 0.000620741921011, -0.000894965487532, 0.00102140009403, -0.00188334763516, -0.00121556408703, -0.00163548486307, 0.00113525846973, -0.0037868428044, 0.0160969961435, -0.00480966456234, -2.05495962291e-05], [-0.000391910754843, 0.00144222460221, -0.000386743136914, 0.000240633482463, -0.00140678149182, 5.06105607201e-05, -0.000537965679541, 0.000476676941616, -0.000669217901304, 0.000349400826963, -0.00480966456234, 0.013582624495, -0.00255169742741], [0.000437685666839, -0.00108285492752, 0.00107675755862, -0.00218888325617, 9.3711016234e-05, 0.000392690126318, -0.000434315967141, -0.00193785503507, 0.000349369511241, -0.00232909084298, -2.05495962291e-05, -0.00255169742741, 0.016240151599]]}, "silence_rate_20dB": {"dvar": 0, "var": 0, "median": 1, "max": 1, "dmean": 0, "dmean2": 0, "mean": 1, "dvar2": 0, "min": 1}, "barkbands_skewness": {"dvar": 0.550783991814, "var": 4.57149267197, "median": 1.934471488, "max": 30.6691398621, "dmean": 0.482465595007, "dmean2": 0.740034639835, "mean": 2.07939720154, "dvar2": 1.37160491943, "min": -11.6810407639}, "erbbands_skewness": {"dvar": 0.0789149552584, "var": 0.573569536209, "median": 0.690099298954, "max": 5.78034257889, "dmean": 0.294154375792, "dmean2": 0.438113361597, "mean": 0.680146634579, "dvar2": 0.166109248996, "min": -2.49770236015}, "spectral_contrast_valleys": {"dvar": [0.101528733969, 0.071582570672, 0.066608697176, 0.0637741759419, 0.0715454518795, 0.111291542649], "var": [3.0883500576, 2.44644451141, 2.19998264313, 2.06205964088, 2.2808611393, 2.97772550583], "median": [-7.22107410431, -6.80237007141, -7.73301172256, -8.32278728485, -8.47375202179, -10.5330123901], "max": [-5.58430671692, -4.82147169113, -5.06984901428, -5.88937187195, -6.07381343842, -7.23302936554], "dmean": [0.343287974596, 0.269795030355, 0.256270706654, 0.236875548959, 0.217440575361, 0.244586497545], "dmean2": [0.557062268257, 0.432281255722, 0.407731354237, 0.374729275703, 0.319069325924, 0.322698563337], "mean": [-7.59590625763, -7.05723237991, -7.98430490494, -8.6006603241, -8.74277496338, -10.9644956589], "dvar2": [0.24154689908, 0.159684464335, 0.140256330371, 0.130173280835, 0.129718795419, 0.181139692664], "min": [-27.2120571136, -27.3347053528, -27.2328891754, -27.254070282, -27.3861732483, -27.3578147888]}, "spectral_strongpeak": {"dvar": 0.492395460606, "var": 1.52439308167, "median": 0.543599307537, "max": 11.729678154, "dmean": 0.389955878258, "dmean2": 0.645101666451, "mean": 0.931681990623, "dvar2": 1.1598020792, "min": 0}, "erbbands_crest": {"dvar": 4.64156913757, "var": 17.0441818237, "median": 8.39551925659, "max": 28.7678184509, "dmean": 2.18780112267, "dmean2": 3.39573025703, "mean": 9.47465229034, "dvar2": 11.1520690918, "min": 2.59547996521}, "barkbands_crest": {"dvar": 3.12648057938, "var": 17.1681594849, "median": 9.18663215637, "max": 26.4876995087, "dmean": 1.87469875813, "dmean2": 3.01463222504, "mean": 10.1563873291, "dvar2": 8.1090297699, "min": 2.99230051041}, "spectral_energyband_middle_low": {"dvar": 3.85973580705e-05, "var": 0.000195280197659, "median": 0.0128197912127, "max": 0.094876550138, "dmean": 0.0046665314585, "dmean2": 0.00709268124774, "mean": 0.0170101523399, "dvar2": 8.83609463926e-05, "min": 2.16735381146e-22}, "spectral_contrast_coeffs": {"dvar": [0.00130017322954, 0.000996323185973, 0.000695214024745, 0.000534451508429, 0.000331529445248, 0.000183987736818], "var": [0.011301391758, 0.00516246259212, 0.00484280660748, 0.00384321063757, 0.00287510594353, 0.00212344084866], "median": [-0.580992281437, -0.680194854736, -0.716989636421, -0.738076031208, -0.757061362267, -0.802611231804], "max": [-0.222866013646, -0.448061704636, -0.410176306963, -0.516827642918, -0.539528489113, -0.624245345592], "dmean": [0.0436273887753, 0.0376366227865, 0.0319318734109, 0.0272374413908, 0.0214625261724, 0.0150906071067], "dmean2": [0.0711567401886, 0.0609626993537, 0.0495669320226, 0.0433558523655, 0.0340955629945, 0.0234260577708], "mean": [-0.57481366396, -0.681134164333, -0.715692341328, -0.736457705498, -0.756006479263, -0.797415018082], "dvar2": [0.00344868912362, 0.00264352886006, 0.00168965465855, 0.00125927652698, 0.000770927057602, 0.000400293152779], "min": [-0.959259450436, -0.971880316734, -0.976312220097, -0.961606919765, -0.968392848969, -0.959819555283]}, "hfc": {"dvar": 88.442276001, "var": 385.697937012, "median": 9.65455627441, "max": 228.325958252, "dmean": 3.98773956299, "dmean2": 5.53364086151, "mean": 16.0525531769, "dvar2": 154.729354858, "min": 1.14492384689e-16}, "spectral_energyband_high": {"dvar": 1.14797160222e-06, "var": 3.27114071297e-06, "median": 0.00013456234592, "max": 0.0274057369679, "dmean": 0.000250750075793, "dmean2": 0.000336051511113, "mean": 0.00055200693896, "dvar2": 1.9305296064e-06, "min": 7.35536190045e-21}, "erbbands_spread": {"dvar": 58.9563674927, "var": 310.981231689, "median": 30.5099887848, "max": 181.992111206, "dmean": 5.90492868423, "dmean2": 8.69560432434, "mean": 34.0553703308, "dvar2": 118.502410889, "min": 5.38569450378}, "dissonance": {"dvar": 0.00040075823199, "var": 0.00154804543126, "median": 0.442326724529, "max": 0.499999970198, "dmean": 0.0219432078302, "dmean2": 0.0363681167364, "mean": 0.435194045305, "dvar2": 0.00107386498712, "min": 0.215566053987}, "spectral_kurtosis": {"dvar": 36.6708755493, "var": 162.038833618, "median": 6.74022674561, "max": 120.008789062, "dmean": 3.21283054352, "dmean2": 5.21368598938, "mean": 10.1834468842, "dvar2": 96.0059204102, "min": -1.31325948238}, "spectral_skewness": {"dvar": 0.145863473415, "var": 0.962833881378, "median": 2.14367175102, "max": 8.79749965668, "dmean": 0.295513272285, "dmean2": 0.456657320261, "mean": 2.32019233704, "dvar2": 0.37038269639, "min": 0.00259054661728}, "pitch_salience": {"dvar": 0.00266350805759, "var": 0.0139810936525, "median": 0.544129610062, "max": 0.932291924953, "dmean": 0.0575940459967, "dmean2": 0.0937277898192, "mean": 0.531931936741, "dvar2": 0.00711624417454, "min": 0.0188287515193}, "spectral_complexity": {"dvar": 3.376080513, "var": 44.7637748718, "median": 14, "max": 43, "dmean": 1.81640219688, "dmean2": 2.89912414551, "mean": 13.9611616135, "dvar2": 7.34665679932, "min": 0}, "spectral_spread": {"dvar": 760012341248, "var": 6048265011200.0, "median": 4169221, "max": 50876532, "dmean": 494278.28125, "dmean2": 697200.5625, "mean": 4487241, "dvar2": 1290124132350.0, "min": 643713.8125}, "dynamic_complexity": 3.63722491264, "melbands_crest": {"dvar": 5.60972976685, "var": 27.8091430664, "median": 13.5094804764, "max": 39.8234786987, "dmean": 2.54523634911, "dmean2": 4.13810634613, "mean": 14.2820243835, "dvar2": 15.1107721329, "min": 1.95137536526}, "zerocrossingrate": {"dvar": 0.000218782821321, "var": 0.0067401076667, "median": 0.0361328125, "max": 0.7822265625, "dmean": 0.0079612582922, "dmean2": 0.00892762281001, "mean": 0.0510541386902, "dvar2": 0.000175981302164, "min": 0.00244140625}, "spectral_energyband_low": {"dvar": 1.37717606776e-05, "var": 5.61772139918e-05, "median": 0.00501447962597, "max": 0.0576357766986, "dmean": 0.00256336573511, "dmean2": 0.00417009741068, "mean": 0.00744757708162, "dvar2": 3.917147842e-05, "min": 1.68553953244e-23}, "melbands_kurtosis": {"dvar": 13081.7802734, "var": 45620.2929688, "median": 10.3361949921, "max": 11247.0664062, "dmean": 11.9233140945, "dmean2": 17.6777973175, "mean": 26.1312198639, "dvar2": 30842.8925781, "min": -1.63456869125}, "spectral_energyband_middle_high": {"dvar": 3.84236727768e-06, "var": 2.81304382952e-05, "median": 0.00168580410536, "max": 0.0705501511693, "dmean": 0.000940166821238, "dmean2": 0.00133514590561, "mean": 0.00352399866097, "dvar2": 7.23214088794e-06, "min": 1.5046169975e-21}, "barkbands_spread": {"dvar": 41.6086387634, "var": 197.329864502, "median": 11.5417203903, "max": 151.10458374, "dmean": 3.38510298729, "dmean2": 4.95849370956, "mean": 14.5898017883, "dvar2": 67.6376419067, "min": 0.179127424955}, "mfcc": {"mean": [-687.230224609, 153.576156616, 9.90657806396, 14.7415800095, 13.350859642, -5.33076047897, -8.00249862671, 1.14249527454, 0.523231327534, -2.62730383873, -1.48301517963, -7.2209239006, -6.1093916893], "cov": [[10986.7734375, -769.061706543, -45.29164505, -26.8547286987, -337.851898193, -217.832138062, -224.492935181, 30.8507328033, -62.5511169434, -36.1612701416, 24.3933238983, -256.377288818, -98.3594055176], [-769.061706543, 2199.53735352, -349.255584717, 105.816879272, 120.771003723, -26.6035861969, 8.93694210052, -49.0094947815, -23.0363616943, 13.3433237076, -50.4111671448, 12.7940654755, -35.8620071411], [-45.29164505, -349.255584717, 593.302612305, -118.224784851, 55.4838371277, 24.7664051056, -10.1994581223, 15.4178953171, -27.8887577057, -35.873840332, 24.8278121948, -23.5520458221, 0.162472844124], [-26.8547286987, 105.816879272, -118.224784851, 339.136138916, 8.7781305313