{"tonal": {"chords_key": "G", "hpcp_entropy": {"dmean": 0.702445864677, "dmean2": 1.16153752804, "max": 4.31312131882, "dvar": 0.321965545416, "mean": 1.94921112061, "dvar2": 0.846349895, "min": 0, "var": 0.648460686207, "median": 1.99108183384}, "key_key": "C", "chords_strength": {"dmean": 0.0112230796367, "dmean2": 0.0116077177227, "max": 0.749367415905, "dvar": 8.11569334473e-05, "mean": 0.492224961519, "dvar2": 0.000103643622424, "min": 0.171840295196, "var": 0.00758579652756, "median": 0.488767921925}, "key_scale": "major", "chords_number_rate": 0.00286357128061, "thpcp": [1, 0.529875040054, 0.335558861494, 0.308162242174, 0.317294210196, 0.470014691353, 0.492144942284, 0.386934101582, 0.498137414455, 0.558171629906, 0.419664412737, 0.407763212919, 0.418245255947, 0.429579675198, 0.737976193428, 0.812073469162, 0.481272995472, 0.316814869642, 0.304728716612, 0.358025103807, 0.63579839468, 0.827632784843, 0.743037760258, 0.568255662918, 0.367611885071, 0.314742892981, 0.436755239964, 0.470112025738, 0.637854456902, 0.959015667439, 0.722666621208, 0.308848321438, 0.236634746194, 0.251481324434, 0.406007885933, 0.913889706135], "key_strength": 0.685548126698, "tuning_nontempered_energy_ratio": 0.918264627457, "tuning_frequency": 434.193115234, "chords_changes_rate": 0.0805890783668, "tuning_diatonic_strength": 0.592100322247, "chords_scale": "minor", "chords_histogram": [13.6837797165, 1.86132133007, 9.73614215851, 0.224994882941, 0.163632646203, 0, 4.23399448395, 1.55451011658, 3.35446929932, 0, 0.0818163231015, 0.122724480927, 0, 0.42953568697, 0.388627529144, 4.23399448395, 0.0204540807754, 9.02024936676, 3.6408264637, 13.9292287827, 11.1270198822, 4.70443868637, 13.3974227905, 4.09081602097], "tuning_equal_tempered_deviation": 0.198267132044, "hpcp": {"dmean": [0.126948133111, 0.129461288452, 0.112826347351, 0.12988422811, 0.137507006526, 0.125307843089, 0.12332816422, 0.126631483436, 0.124901294708, 0.156567856669, 0.158518150449, 0.130393013358, 0.10881216079, 0.104784935713, 0.113105177879, 0.139449730515, 0.172449052334, 0.187103465199, 0.155087411404, 0.117673873901, 0.105914227664, 0.114014871418, 0.120170854032, 0.15285140276, 0.198230072856, 0.146901652217, 0.0905301049352, 0.0778370052576, 0.0809457525611, 0.116055801511, 0.174555808306, 0.184730067849, 0.134898453951, 0.107901215553, 0.106962434947, 0.110959090292], "dmean2": [0.221731692553, 0.225019901991, 0.20169647038, 0.227274894714, 0.240274608135, 0.222202211618, 0.217788025737, 0.224212542176, 0.220023363829, 0.269436776638, 0.267168343067, 0.228734463453, 0.197633400559, 0.188436105847, 0.200118273497, 0.239613175392, 0.293996214867, 0.321283966303, 0.269113212824, 0.211483702064, 0.19215247035, 0.200131356716, 0.210588648915, 0.265539556742, 0.345597743988, 0.250422388315, 0.159428030252, 0.138210535049, 0.143178075552, 0.204425796866, 0.29524025321, 0.313379347324, 0.235031455755, 0.190136730671, 0.193585261703, 0.202028945088], "max": [1, 1, 1, 1, 1, 1, 1, 1, 1, 1, 1, 1, 1, 1, 1, 1, 1, 1, 1, 1, 1, 1, 1, 1, 1, 1, 1, 1, 1, 1, 1, 1, 1, 1, 1, 1], "dvar": [0.0438230969012, 0.0437319874763, 0.0370943956077, 0.0452085696161, 0.0489196926355, 0.0411833748221, 0.0392110385001, 0.0397818498313, 0.0359515435994, 0.0504611730576, 0.0499338172376, 0.0423496030271, 0.0383202433586, 0.0373735055327, 0.0379244685173, 0.0417945608497, 0.0465150251985, 0.0547684319317, 0.0486277528107, 0.035701688379, 0.037410710007, 0.0387774929404, 0.0399668514729, 0.0395056828856, 0.0657204240561, 0.037774194032, 0.030609857291, 0.0254832338542, 0.0262146741152, 0.0353720150888, 0.0527522563934, 0.0579994320869, 0.0404566712677, 0.0374516546726, 0.0410303547978, 0.0411999858916], "mean": [0.13196927309, 0.138182938099, 0.108642168343, 0.139865487814, 0.156721711159, 0.11783207953, 0.114490501583, 0.117433615029, 0.120616056025, 0.207206681371, 0.228011488914, 0.135130345821, 0.0889542996883, 0.0855607911944, 0.100525185466, 0.178517505527, 0.232380181551, 0.208627849817, 0.159553065896, 0.103216931224, 0.0883725360036, 0.122630789876, 0.13199660182, 0.179094806314, 0.2692694664, 0.202908098698, 0.086717478931, 0.0664415732026, 0.0706101506948, 0.113997645676, 0.256599128246, 0.280776917934, 0.148776680231, 0.0942171812057, 0.0865248441696, 0.0890888944268], "dvar2": [0.112602517009, 0.112169340253, 0.0994240120053, 0.114696137607, 0.118030175567, 0.107207208872, 0.103345550597, 0.105840168893, 0.0952465459704, 0.124133758247, 0.118232451379, 0.109779886901, 0.105088427663, 0.0996272340417, 0.104450359941, 0.108276955783, 0.114736638963, 0.134872555733, 0.121094040573, 0.0978084281087, 0.10674058646, 0.10452131182, 0.105383276939, 0.102837868035, 0.158025532961, 0.0911942198873, 0.0814888849854, 0.0679518058896, 0.0672808587551, 0.0970046371222, 0.127208173275, 0.140194639564, 0.106956385076, 0.0949123650789, 0.112168192863, 0.11384691298], "min": [0, 0, 0, 0, 0, 0, 0, 0, 0, 0, 0, 0, 0, 0, 0, 0, 0, 0, 0, 0, 0, 0, 0, 0, 0, 0, 0, 0, 0, 0, 0, 0, 0, 0, 0, 0], "var": [0.0517211854458, 0.0529509447515, 0.0362950265408, 0.0576342232525, 0.0707594454288, 0.0417087823153, 0.0365132838488, 0.0378294549882, 0.0361819304526, 0.0844359621406, 0.0979868918657, 0.0471391603351, 0.0329848192632, 0.0335050784051, 0.0348128937185, 0.0646901875734, 0.0825783163309, 0.0709453448653, 0.0605318583548, 0.0372390970588, 0.0324175767601, 0.0482843592763, 0.0510901175439, 0.0526941083372, 0.109588354826, 0.0665316581726, 0.0299683175981, 0.0224612094462, 0.0251731984317, 0.0370939671993, 0.098776102066, 0.108738079667, 0.046882186085, 0.0359314344823, 0.0336471386254, 0.032248120755], "median": [0.0353543534875, 0.0401352196932, 0.0320267342031, 0.0279586315155, 0.0270036011934, 0.0314532518387, 0.0370912402868, 0.039337746799, 0.0408701151609, 0.0632700100541, 0.0656839236617, 0.0385342091322, 0.0169950313866, 0.0148325143382, 0.0259778443724, 0.0638338178396, 0.108119904995, 0.0947933495045, 0.04900771752, 0.02257595025, 0.0186932422221, 0.0337203107774, 0.0377173274755, 0.0737135931849, 0.104712806642, 0.0831622257829, 0.0220594108105, 0.0139242252335, 0.0146903954446, 0.0340420752764, 0.106606535614, 0.12361934036, 0.0572562776506, 0.0190298128873, 0.0156794972718, 0.0199604816735]}}, "lowlevel": {"melbands_flatness_db": {"dmean": 0.0303697343916, "dmean2": 0.0456355549395, "max": 0.576945662498, "dvar": 0.00119418790564, "mean": 0.217619940639, "dvar2": 0.00252790492959, "min": 2.11402394257e-07, "var": 0.00910450611264, "median": 0.2007163167}, "melbands_crest": {"dmean": 3.44908380508, "dmean2": 5.62877750397, "max": 36.4640617371, "dvar": 9.75366401672, "mean": 13.6168060303, "dvar2": 24.8601074219, "min": 1.00046610832, "var": 27.0571041107, "median": 12.7620248795}, "spectral_entropy": {"dmean": 0.231661260128, "dmean2": 0.322444528341, "max": 9.80123329163, "dvar": 0.0826003178954, "mean": 7.38217306137, "dvar2": 0.157642394304, "min": 5.07544469833, "var": 0.436873614788, "median": 7.47571372986}, "melbands": {"dmean": [0.000652109389193, 0.000444223405793, 0.000409013737226, 0.000228164703003, 0.00026550955954, 0.000233417667914, 0.000150538791786, 0.000112101486593, 9.0275403636e-05, 7.70345941419e-05, 6.09465059824e-05, 2.76581595244e-05, 3.01632426272e-05, 3.00730789604e-05, 2.19110770558e-05, 2.55369741353e-05, 2.69850334007e-05, 1.74467240868e-05, 1.77657730092e-05, 1.97822246264e-05, 1.69317427208e-05, 1.2856316971e-05, 1.10277778731e-05, 8.31049601402e-06, 8.33861304272e-06, 5.78145636609e-06, 5.23637027072e-06, 4.57010173704e-06, 3.05301227854e-06, 2.6478194286e-06, 2.03062359105e-06, 2.17053752749e-06, 1.87962916698e-06, 1.56071496349e-06, 1.42748001508e-06, 1.28001738631e-06, 1.15462125905e-06, 8.02489751095e-07, 6.29763576399e-07, 4.79177629131e-07], "dmean2": [0.00109283509664, 0.000718196271919, 0.000662989332341, 0.000376093841624, 0.000424511352321, 0.000368286477169, 0.000236822161241, 0.000178817397682, 0.0001404893992, 0.000120824581245, 9.3747585197e-05, 4.2612417019e-05, 4.50591469416e-05, 4.56600391772e-05, 3.40027763741e-05, 3.97905168938e-05, 4.39221621491e-05, 2.75245292869e-05, 2.70250602625e-05, 3.02703720081e-05, 2.51487053902e-05, 1.96379969566e-05, 1.69009908859e-05, 1.28936062538e-05, 1.29506152007e-05, 9.12709219847e-06, 8.29411328596e-06, 7.29032944946e-06, 4.95004815093e-06, 4.2697979552e-06, 3.28641954184e-06, 3.72444469576e-06, 3.07318987325e-06, 2.40646045313e-06, 2.28004591918e-06, 1.92602283278e-06, 1.71654119185e-06, 1.20314393826e-06, 9.26400446133e-07, 6.8548837362e-07], "max": [0.0189852211624, 0.0106805218384, 0.011913402006, 0.0089106708765, 0.0176775865257, 0.0107022766024, 0.0112959165126, 0.00781407020986, 0.0079142479226, 0.00636965269223, 0.00544027704746, 0.00478796847165, 0.00444100657478, 0.00302383722737, 0.00244184560142, 0.00342676159926, 0.00363035639748, 0.00224162940867, 0.00164639600553, 0.00290399021469, 0.00209300778806, 0.00124137441162, 0.00160226237494, 0.00067604763899, 0.000850963755511, 0.000321368133882, 0.000455845147371, 0.000233035141719, 0.000134855086799, 0.000153870758368, 8.05834133644e-05, 0.000129576568725, 0.000101154342701, 6.02284017077e-05, 8.88354115887e-05, 0.000108435524453, 0.000105542043457, 6.65433253744e-05, 6.04242522968e-05, 3.64818952221e-05], "dvar": [2.49867844104e-06, 6.30552051462e-07, 4.69679235948e-07, 2.14776932239e-07, 4.20489868702e-07, 3.01432407923e-07, 1.32836547095e-07, 7.44835517708e-08, 9.77658132228e-08, 5.29412353956e-08, 1.87003799113e-08, 7.43095185385e-09, 9.60417878559e-09, 7.16403381062e-09, 4.46006342969e-09, 9.14000430896e-09, 9.04490349285e-09, 3.77920716943e-09, 3.77530495754e-09, 6.25567642132e-09, 2.85849055537e-09, 1.18243359548e-09, 9.54834433742e-10, 4.08766742677e-10, 5.77468406426e-10, 1.93506322077e-10, 1.80201881195e-10, 1.2506620739e-10, 5.26855920002e-11, 4.13238609998e-11, 2.50309356575e-11, 4.28497202998e-11, 2.81865416424e-11, 1.18125734888e-11, 1.5248030269e-11, 1.31429632802e-11, 1.57185636035e-11, 6.40232441715e-12, 4.21217487973e-12, 1.51080385181e-12], "mean": [0.000698048097547, 0.000659354322124, 0.000590984709561, 0.000331721326802, 0.000451348838396, 0.000469019258162, 0.000296445970889, 0.000187806726899, 0.000139623894938, 0.000133856432512, 0.000111565474072, 4.89676895086e-05, 5.62733875995e-05, 5.44182003068e-05, 3.76250609406e-05, 4.16074581153e-05, 3.88699991163e-05, 2.55117192864e-05, 2.7565019991e-05, 2.88287337753e-05, 3.0228327887e-05, 2.23433598876e-05, 2.03516519832e-05, 1.43877123264e-05, 1.37139468279e-05, 9.34678791964e-06, 8.18548687676e-06, 7.1972481237e-06, 4.61696026832e-06, 4.03747799282e-06, 3.05407866108e-06, 2.76460059467e-06, 2.59910302702e-06, 2.33884543377e-06, 2.03629929274e-06, 1.95089819499e-06, 1.74756121396e-06, 1.25448730159e-06, 1.01688556242e-06, 7.88192039636e-07], "dvar2": [6.66080359224e-06, 1.58315106091e-06, 1.21973334899e-06, 5.72183182612e-07, 1.02003116353e-06, 6.91034301781e-07, 3.08127880544e-07, 1.86734425256e-07, 2.18705650923e-07, 1.16704484299e-07, 3.78588786987e-08, 1.53393955316e-08, 2.07508215055e-08, 1.36622206881e-08, 9.94748994287e-09, 2.14199964432e-08, 2.27144667519e-08, 9.23223009153e-09, 7.98998645024e-09, 1.3874488225e-08, 5.67498981141e-09, 2.55217491585e-09, 2.05777639373e-09, 9.03514207895e-10, 1.24357146802e-09, 4.40567943238e-10, 4.04540789756e-10, 2.94903962361e-10, 1.33276376046e-10, 1.03541702989e-10, 6.36906846707e-11, 1.1934368771e-10, 7.36918512323e-11, 2.69669286901e-11, 3.87219388498e-11, 2.81706654531e-11, 3.35019165187e-11, 1.43413197984e-11, 1.01870048855e-11, 3.21441202648e-12], "min": [1.42569048575e-23, 4.45927884149e-24, 4.68755862138e-24, 3.86721112199e-24, 4.30569827287e-24, 3.26024832809e-24, 7.07988936256e-24, 1.12663623537e-23, 1.07390214603e-23, 6.46746153753e-24, 3.08706910192e-24, 3.57475750746e-24, 8.49463645429e-24, 1.2050271579e-23, 8.45196617906e-24, 9.03889683635e-24, 1.05487379548e-23, 7.83973280824e-24, 1.0745874295e-23, 9.11618785012e-24, 5.23950487524e-24, 6.86227734869e-24, 1.01823877949e-23, 6.59030256326e-24, 1.09078242834e-23, 1.17392789443e-23, 9.05951923813e-24, 5.69319022032e-24, 9.11229087725e-24, 7.51509919081e-24, 5.32911079661e-24, 8.64350318457e-24, 9.34525727978e-24, 1.38245538612e-23, 9.92725282324e-24, 9.41264966691e-24, 6.50884439175e-24, 1.07842713107e-23, 9.49243269228e-24, 8.78346209752e-24], "var": [2.10478128793e-06, 7.80534776368e-07, 6.57476562083e-07, 2.57070354337e-07, 9.25175982047e-07, 9.2783858463e-07, 3.76069891672e-07, 1.29710002739e-07, 1.49850421849e-07, 1.28688014911e-07, 6.09941182006e-08, 2.54812917433e-08, 2.84923373783e-08, 2.54418921486e-08, 1.12759703796e-08, 1.98229272996e-08, 1.43644864892e-08, 5.40047562225e-09, 8.3548812313e-09, 9.75706093698e-09, 1.00578239071e-08, 2.74343414652e-09, 2.92104274102e-09, 1.08732212123e-09, 1.29875610266e-09, 4.79641715234e-10, 3.98531624368e-10, 2.75508144076e-10, 8.28370219641e-11, 6.61294768944e-11, 3.98400895607e-11, 4.10792094785e-11, 3.30021981965e-11, 2.08335640406e-11, 2.00648785781e-11, 2.28043469525e-11, 2.60532359575e-11, 1.07141743394e-11, 5.77853476874e-12, 2.87582132587e-12], "median": [0.000276582140941, 0.0003784915898, 0.000297478574794, 0.000165567456861, 0.000129783627926, 0.00010577042849, 8.71147349244e-05, 6.07988986303e-05, 3.47060267814e-05, 2.79492578557e-05, 3.0148330552e-05, 1.38985624289e-05, 9.73584974417e-06, 1.06195693661e-05, 8.9251452664e-06, 4.57174701296e-06, 5.86135820413e-06, 4.46191597803e-06, 3.34504329658e-06, 3.08850508191e-06, 3.98801421397e-06, 3.26004533235e-06, 2.94986443805e-06, 2.55315126196e-06, 2.2318529318e-06, 1.55883287789e-06, 1.1446948065e-06, 9.79796595857e-07, 8.09616551578e-07, 7.80605262207e-07, 6.22351763013e-07, 5.05023763253e-07, 4.30103483495e-07, 4.00423488145e-07, 3.12723130946e-07, 2.77900994661e-07, 2.3698302698e-07, 1.86660216173e-07, 1.84870415865e-07, 1.49485714473e-07]}, "silence_rate_60dB": {"dmean": 0.0752864181995, "dmean2": 0.150588229299, "max": 1, "dvar": 0.0696244835854, "mean": 0.154444098473, "dvar2": 0.144914969802, "min": 0, "var": 0.130584567785, "median": 0}, "spectral_energyband_middle_high": {"dmean": 0.00137353106402, "dmean2": 0.0019710524939, "max": 0.0508044473827, "dvar": 7.63886873756e-06, "mean": 0.00393393728882, "dvar2": 1.48081508087e-05, "min": 1.52921421064e-21, "var": 3.58291072189e-05, "median": 0.00149830523878}, "erbbands_skewness": {"dmean": 0.431002259254, "dmean2": 0.655556559563, "max": 7.37618303299, "dvar": 0.203907370567, "mean": 0.504284441471, "dvar2": 0.463191926479, "min": -4.98911523819, "var": 0.905837953091, "median": 0.428395658731}, "dynamic_complexity": 4.6714720726, "dissonance": {"dmean": 0.0240145549178, "dmean2": 0.0398336052895, "max": 0.499999821186, "dvar": 0.000640101439785, "mean": 0.450181484222, "dvar2": 0.00168111850508, "min": 0.214538902044, "var": 0.00161809357814, "median": 0.461124360561}, "spectral_skewness": {"dmean": 0.31645706296, "dmean2": 0.477225154638, "max": 8.04842281342, "dvar": 0.191540449858, "mean": 1.81507265568, "dvar2": 0.418838620186, "min": -0.238982781768, "var": 0.743528604507, "median": 1.60924983025}, "spectral_kurtosis": {"dmean": 2.35680103302, "dmean2": 3.68179631233, "max": 92.6495513916, "dvar": 18.3334140778, "mean": 5.98305082321, "dvar2": 43.0946502686, "min": -1.25716042519, "var": 46.1169586182, "median": 3.95867133141}, "gfcc": {"cov": [[14111.8212891, -2389.71386719, -1921.3404541, 490.863037109, -190.745254517, 221.984191895, -565.796691895, 209.888015747, -311.202728271, 289.327331543, -134.280014038, 223.353103638, -280.891387939], [-2389.71386719, 1837.86621094, 243.809387207, -231.429031372, 244.35546875, -161.575485229, 249.728134155, -87.4171218872, 128.200241089, -138.413192749, 137.301101685, -131.380950928, 132.309799194], [-1921.3404541, 243.809387207, 1437.38037109, 64.0292510986, -67.5216369629, 130.269775391, 43.1082992554, 20.6632595062, 35.2251548767, -23.2162399292, -112.950813293, 22.7339477539, -24.0355625153], [490.863037109, -231.429031372, 64.0292510986, 463.652404785, 11.7688808441, -64.6325531006, 28.9206695557, 44.9834213257, 30.9362277985, 15.2724943161, -34.2081680298, 0.657662272453, -6.59703826904], [-190.745254517, 244.35546875, -67.5216369629, 11.7688808441, 286.469116211, -36.640586853, 24.1785583496, 35.7729721069, 35.2333030701, -0.873390614986, 12.1202316284, -12.5448894501, 14.2379426956], [221.984191895, -161.575485229, 130.269775391, -64.6325531006, -36.640586853, 233.807815552, 23.946023941, -14.8313503265, -26.4132099152, 27.1701011658, -28.4986248016, 4.76268911362, -41.2837257385], [-565.796691895, 249.728134155, 43.1082992554, 28.9206695557, 24.1785583496, 23.946023941, 241.466217041, 0.385155379772, 0.075112067163, 4.89428853989, 19.2232341766, -34.2419815063, -1.62823736668], [209.888015747, -87.4171218872, 20.6632595062, 44.9834213257, 35.7729721069, -14.8313503265, 0.385155379772, 141.07333374, 30.9859256744, -1.50806558132, -16.1088638306, 18.4036998749, 5.31467580795], [-311.202728271, 128.200241089, 35.2251548767, 30.9362277985, 35.2333030701, -26.4132099152, 0.075112067163, 30.9859256744, 125.85458374, 10.3508939743, -1.90185070038, 0.603636324406, 27.4335041046], [289.327331543, -138.413192749, -23.2162399292, 15.2724943161, -0.873390614986, 27.1701011658, 4.89428853989, -1.50806558132, 10.3508939743, 106.207672119, 12.5522642136, 9.92732048035, -18.6370105743], [-134.280014038, 137.301101685, -112.950813293, -34.2081680298, 12.1202316284, -28.4986248016, 19.2232341766, -16.1088638306, -1.90185070038, 12.5522642136, 119.276931763, 12.0015907288, 24.3122425079], [223.353103638, -131.380950928, 22.7339477539, 0.657662272453, -12.5448894501, 4.76268911362, -34.2419815063, 18.4036998749, 0.603636324406, 9.92732048035, 12.0015907288, 105.599853516, 18.1811618805], [-280.891387939, 132.309799194, -24.0355625153, -6.59703826904, 14.2379426956, -41.2837257385, -1.62823736668, 5.31467580795, 27.4335041046, -18.6370105743, 24.3122425079, 18.1811618805, 82.3416290283]], "mean": [-45.8600540161, 93.7930145264, -97.127281189, 29.0079040527, -61.8245582581, 11.4336109161, -40.2254219055, 14.3761777878, -24.0974464417, 5.66725158691, -17.0845756531, 3.66999268532, -11.787150383], "icov": [[0.000178642949322, -0.000186853721971, 0.000346640124917, -0.000360038917279, 0.00020825129468, -0.00037675711792, 0.000524357485119, -0.000445977551863, 0.00053797441069, -0.000502957671415, 0.000394595495891, -0.000478621368529, 0.000492334016599], [-0.000186853721971, 0.00222831242718, -0.00102343282197, 0.00153639144264, -0.00157828943338, 0.00157413748093, -0.00228640274145, 0.00193476874847, -0.00235477718525, 0.00261236610822, -0.00228860927746, 0.00241049774922, -0.00198225234635], [0.000346640124917, -0.00102343282197, 0.00171101884916, -0.00117719534319, 0.00100748927798, -0.0015341778053, 0.00136910134461, -0.00131535739638, 0.00125317589846, -0.00134018389508, 0.00202871323563, -0.00187451695092, 0.00149473350029], [-0.000360038917279, 0.00153639144264, -0.00117719534319, 0.00388319953345, -0.00112127978355, 0.00242469762452, -0.00251475162804, 0.0012078298023, -0.00240786164068, 0.00161018269137, -0.00102466635872, 0.00185142597184, -0.00138716038782], [0.00020825129468, -0.00157828943338, 0.00100748927798, -0.00112127978355, 0.00500707142055, -0.000870213611051, 0.00140432652552, -0.00239317119122, 0.00100641546305, -0.00198071985506, 0.0014907020377, -0.00133791961707, 0.00140251626726], [-0.00037675711792, 0.00157413748093, -0.0015341778053, 0.00242469762452, -0.000870213611051, 0.00717306742445, -0.00292627257295, 0.00206626020372, -0.00157356122509, 0.000851323653478, -0.000713513523806, 0.00132354174275, 0.000122807919979], [0.000524357485119, -0.00228640274145, 0.00136910134461, -0.00251475162804, 0.00140432652552, -0.00292627257295, 0.00775027833879, -0.00282632303424, 0.00335707981139, -0.00337056722492, 0.00139206147287, -0.00117686274461, 0.002253965009], [-0.000445977551863, 0.00193476874847, -0.00131535739638, 0.0012078298023, -0.00239317119122, 0.00206626020372, -0.00282632303424, 0.0104298787192, -0.00434216996655, 0.00317163346335, -0.00112197909039, 0.000687560648657, -0.00185272120871], [0.00053797441069, -0.00235477718525, 0.00125317589846, -0.00240786164068, 0.00100641546305, -0.00157356122509, 0.00335707981139, -0.00434216996655, 0.0130763174966, -0.00536276865751, 0.00337910675444, -0.00208045030013, -0.000933230505325], [-0.000502957671415, 0.00261236610822, -0.00134018389508, 0.00161018269137, -0.00198071985506, 0.000851323653478, -0.00337056722492, 0.00317163346335, -0.00536276865751, 0.0146501110867, -0.00491019198671, 0.00180243502837, 0.000476750021335], [0.000394595495891, -0.00228860927746, 0.00202871323563, -0.00102466635872, 0.0014907020377, -0.000713513523806, 0.00139206147287, -0.00112197909039, 0.00337910675444, -0.00491019198671, 0.0134439924732, -0.00430061621591, -0.000239022279857], [-0.000478621368529, 0.00241049774922, -0.00187451695092, 0.00185142597184, -0.00133791961707, 0.00132354174275, -0.00117686274461, 0.000687560648657, -0.00208045030013, 0.00180243502837, -0.00430061621591, 0.0145014915615, -0.00590861449018], [0.000492334016599, -0.00198225234635, 0.00149473350029, -0.00138716038782, 0.00140251626726, 0.000122807919979, 0.002253965009, -0.00185272120871, -0.000933230505325, 0.000476750021335, -0.000239022279857, -0.00590861449018, 0.0191116053611]]}, "spectral_complexity": {"dmean": 3.55851054192, "dmean2": 5.24828624725, "max": 60, "dvar": 27.4295749664, "mean": 14.3664722443, "dvar2": 50.2922096252, "min": 0, "var": 120.149482727, "median": 12}, "spectral_flux": {"dmean": 0.0226648654789, "dmean2": 0.0346907414496, "max": 0.279944598675, "dvar": 0.000677176343743, "mean": 0.067336820066, "dvar2": 0.00139229337219, "min": 6.75303146735e-11, "var": 0.00197783554904, "median": 0.0564433932304}, "spectral_energyband_low": {"dmean": 0.00320181017742, "dmean2": 0.00508114509284, "max": 0.0753908082843, "dvar": 3.75250310753e-05, "mean": 0.00465120887384, "dvar2": 9.35045391088e-05, "min": 7.27666692884e-23, "var": 4.21186814492e-05, "median": 0.00274483324029}, "spectral_decrease": {"dmean": 1.5716662416e-09, "dmean2": 2.32646857334e-09, "max": 6.34567194398e-29, "dvar": 5.61628669836e-18, "mean": -4.14280520999e-09, "dvar2": 1.21789383278e-17, "min": -3.47133450873e-08, "var": 1.5799361458e-17, "median": -2.85865531247e-09}, "barkbands_spread": {"dmean": 6.6116809845, "dmean2": 10.3105344772, "max": 129.53855896, "dvar": 90.3191070557, "mean": 22.3443260193, "dvar2": 206.352432251, "min": 0.619519770145, "var": 261.003112793, "median": 19.4536170959}, "spectral_rms": {"dmean": 0.000724003417417, "dmean2": 0.00102688756306, "max": 0.0115808397532, "dvar": 7.51224149553e-07, "mean": 0.00362363737077, "dvar2": 1.42727424191e-06, "min": 3.25701531717e-12, "var": 3.57199178325e-06, "median": 0.00338647165336}, "spectral_centroid": {"dmean": 262.348236084, "dmean2": 410.803344727, "max": 10981.2167969, "dvar": 137208.265625, "mean": 1225.21228027, "dvar2": 311010.84375, "min": 157.193283081, "var": 588449.75, "median": 1083.98706055}, "barkbands_skewness": {"dmean": 0.599146127701, "dmean2": 0.916188359261, "max": 18.4871311188, "dvar": 0.44950324297, "mean": 1.62061023712, "dvar2": 1.02642631531, "min": -3.04128503799, "var": 1.66852116585, "median": 1.41605901718}, "spectral_rolloff": {"dmean": 590.620727539, "dmean2": 1002.57299805, "max": 19293.75, "dvar": 1409448.625, "mean": 1541.96777344, "dvar2": 3246569, "min": 21.533203125, "var": 2999452.75, "median": 947.4609375}, "erbbands_spread": {"dmean": 9.77393627167, "dmean2": 14.4674968719, "max": 157.589859009, "dvar": 167.561813354, "mean": 39.4805297852, "dvar2": 323.179718018, "min": 2.82322382927, "var": 501.361755371, "median": 36.1232261658}, "barkbands": {"dmean": [0.000144541903865, 0.00215612258762, 0.000851559743751, 0.001004450256, 0.00118428072892, 0.00118440762162, 0.000665469502565, 0.000542836263776, 0.000514505954925, 0.000335665070452, 0.000228830816923, 0.000239515677094, 0.000234922903473, 0.00026161086862, 0.000233340208069, 0.000270460062893, 0.000228376753512, 0.000186680452316, 0.000168401864357, 0.000138875926496, 0.000100510915217, 9.44064304349e-05, 8.20031418698e-05, 7.43102937122e-05, 4.99563248013e-05, 3.31231058226e-05, 1.41916075336e-06], "dmean2": [0.000233516577282, 0.00360241043381, 0.00140853913035, 0.00163437519222, 0.00194654951338, 0.00185240700375, 0.00104740506504, 0.000853441946674, 0.000813764054328, 0.000521480978932, 0.000344556174241, 0.000369386514649, 0.000364071427612, 0.000425058737164, 0.000361949118087, 0.000411795830587, 0.000350302172592, 0.000286015623715, 0.000263730093138, 0.000220570116653, 0.000160921263159, 0.00015522132162, 0.000126021725009, 0.000106664083432, 6.83654070599e-05, 4.68200196337e-05, 2.26023757932e-06], "max": [0.00512121012434, 0.0653039067984, 0.0313659645617, 0.0293033011258, 0.0461114682257, 0.0616143122315, 0.0426262393594, 0.0460451319814, 0.036266297102, 0.030964596197, 0.0315950363874, 0.023420561105, 0.028538601473, 0.0286017712206, 0.015824355185, 0.0274179019034, 0.0198284666985, 0.0145054087043, 0.0135101694614, 0.0103213889524, 0.0048567452468, 0.0051536988467, 0.00379412993789, 0.00555054051802, 0.00249542156234, 0.00131318287458, 8.20996501716e-05], "dvar": [1.38883038403e-07, 2.55038394243e-05, 2.558101869e-06, 2.93430048259e-06, 6.05989362157e-06, 7.24034498489e-06, 2.49781055572e-06, 2.58249610852e-06, 2.47020511779e-06, 6.31529417205e-07, 5.31056286945e-07, 4.58591188135e-07, 6.65202094297e-07, 7.94042250618e-07, 5.63549463095e-07, 8.95388438948e-07, 3.51119638253e-07, 2.10600987316e-07, 1.80643056069e-07, 1.09755639244e-07, 5.86025876714e-08, 6.96615458651e-08, 4.14824867789e-08, 5.69358746816e-08, 1.32576793987e-08, 4.86039519743e-09, 1.33385299333e-11], "mean": [0.000167860518559, 0.00238430104218, 0.0012417283142, 0.00131224654615, 0.00185592414346, 0.00236123008654, 0.00115730753168, 0.000858462590259, 0.000862492364831, 0.000612111587543, 0.000423622055678, 0.000410741777159, 0.000384491810109, 0.000376348471036, 0.000355364463758, 0.000418420153437, 0.000396692077629, 0.000339416932547, 0.000290668511298, 0.000231704063481, 0.000159380375408, 0.000136418253533, 0.000125986349303, 0.000121500503155, 8.53029487189e-05, 4.90053280373e-05, 1.5713413859e-06], "dvar2": [3.43620314425e-07, 6.83587932144e-05, 6.80694029143e-06, 7.51495872464e-06, 1.54196295625e-05, 1.64616249094e-05, 5.73943088966e-06, 6.44508600089e-06, 5.50337199456e-06, 1.30396949771e-06, 1.18891944112e-06, 9.28830615976e-07, 1.49197194332e-06, 1.95549250748e-06, 1.28566091462e-06, 1.91132062355e-06, 7.71043573877e-07, 4.44537135991e-07, 3.98395087586e-07, 2.50611748243e-07, 1.45615373981e-07, 1.85119304774e-07, 9.6358107271e-08, 1.19755370065e-07, 2.70808211411e-08, 1.04293391701e-08, 3.25364908627e-11], "min": [3.75813138032e-24, 3.46175263058e-23, 4.66783276002e-24, 7.50180294025e-24, 1.71991619742e-23, 1.60806802729e-23, 4.24382743875e-23, 6.17357243281e-23, 4.70452630948e-23, 2.73400667296e-23, 5.50557574677e-23, 8.93134874701e-23, 9.84048948326e-23, 6.2373262779e-23, 1.22599839397e-22, 1.19384757892e-22, 1.07438626997e-22, 1.66882098239e-22, 3.28125746894e-22, 2.34469554897e-22, 3.41528582026e-22, 4.63908979252e-22, 7.31226247858e-22, 7.29555629787e-22, 1.19477454728e-21, 1.68569483075e-21, 2.45863079262e-21], "var": [1.47706657572e-07, 2.15146737901e-05, 3.28026499119e-06, 4.15981412516e-06, 9.53688140726e-06, 2.16763328353e-05, 5.38886615686e-06, 3.87155068893e-06, 5.52195842829e-06, 2.10866187444e-06, 1.4774484498e-06, 1.59040541803e-06, 1.52482539306e-06, 1.27313705889e-06, 1.14321539968e-06, 1.84841883311e-06, 7.78273829383e-07, 6.85164422976e-07, 4.33302943748e-07, 2.52486614727e-07, 9.69160964814e-08, 8.32611846135e-08, 6.82700616039e-08, 1.00661956992e-07, 2.81872019059e-08, 8.44170333636e-09, 1.67056542211e-11], "median": [4.47917918791e-05, 0.00103781768121, 0.000583601300605, 0.000563862384297, 0.00079098623246, 0.000548167910893, 0.000376285315724, 0.000213467981666, 0.000170843006345, 0.000183356401976, 6.96916686138e-05, 7.93277431512e-05, 4.43503304268e-05, 5.63719222555e-05, 4.58982394775e-05, 4.20457035943e-05, 6.10798379057e-05, 5.47407871636e-05, 5.06518044858e-05, 3.33741336362e-05, 3.32963136316e-05, 2.61020122707e-05, 2.02732098842e-05, 1.83522643056e-05, 1.67011403391e-05, 7.48859247324e-06, 9.46827896087e-08]}, "melbands_kurtosis": {"dmean": 7.9645318985, "dmean2": 12.4404382706, "max": 710.723388672, "dvar": 230.285949707, "mean": 14.3166875839, "dvar2": 533.072937012, "min": -1.87555158138, "var": 505.090301514, "median": 7.53691864014}, "erbbands_crest": {"dmean": 2.71506261826, "dmean2": 4.31466007233, "max": 31.6766090393, "dvar": 6.5176358223, "mean": 9.55254936218, "dvar2": 15.2511348724, "min": 2.23253369331, "var": 19.7095317841, "median": 8.64448738098}, "melbands_skewness": {"dmean": 0.762364983559, "dmean2": 1.15643954277, "max": 19.6056690216, "dvar": 0.748938024044, "mean": 2.5501768589, "dvar2": 1.6561601162, "min": -1.86407721043, "var": 2.52512192726, "median": 2.29035067558}, "spectral_energyband_middle_low": {"dmean": 0.00342243420891, "dmean2": 0.0052523650229, "max": 0.0932945162058, "dvar": 2.96440484817e-05, "mean": 0.00877641513944, "dvar2": 6.73145841574e-05, "min": 2.2252405509e-22, "var": 9.11834358703e-05, "median": 0.00536104245111}, "spectral_contrast_coeffs": {"dmean": [0.0528626218438, 0.0480071678758, 0.0399739518762, 0.0341001413763, 0.0266643315554, 0.0210207197815], "dmean2": [0.0868251472712, 0.0778959617019, 0.0634023994207, 0.0533352866769, 0.040575325489, 0.0335209481418], "max": [-0.382409274578, -0.399517297745, -0.50229537487, -0.512592673302, -0.437990814447, -0.52566421032], "dvar": [0.00190495152492, 0.00168945780024, 0.00105363584589, 0.000851167482324, 0.000633112562355, 0.000450847495813], "mean": [-0.671530663967, -0.721713364124, -0.748162567616, -0.777499556541, -0.787696063519, -0.784875333309], "dvar2": [0.00489148264751, 0.00414495868608, 0.00258442945778, 0.00187364977319, 0.0012783727143, 0.0010729432106], "min": [-0.964447140694, -0.996505737305, -0.999000191689, -0.987976193428, -0.988673210144, -0.963637769222], "var": [0.00611590733752, 0.00665153050795, 0.00436825957149, 0.00500736478716, 0.0051317489706, 0.0022612772882], "median": [-0.678152799606, -0.728831171989, -0.753754973412, -0.785758554935, -0.80144482851, -0.787453591824]}, "spectral_contrast_valleys": {"dmean": [0.488660693169, 0.419168323278, 0.378068894148, 0.378706544638, 0.412045657635, 0.414309978485], "dmean2": [0.744110286236, 0.66700720787, 0.585149049759, 0.550535976887, 0.573276877403, 0.509138584137], "max": [-5.34855461121, -4.47816944122, -5.40135145187, -5.67578649521, -5.35903644562, -7.59291791916], "dvar": [0.197669818997, 0.177916049957, 0.146175995469, 0.165226981044, 0.249023392797, 0.3017398417], "mean": [-7.44442081451, -7.05586910248, -7.95293235779, -8.52788639069, -8.32506561279, -10.5111274719], "dvar2": [0.384421527386, 0.393847763538, 0.295799553394, 0.30627772212, 0.492174357176, 0.521929502487], "min": [-27.547586441, -27.5235462189, -27.5387916565, -27.3101291656, -27.3336925507, -27.2790489197], "var": [1.1796015501, 1.15668940544, 1.4062308073, 1.77178287506, 2.01277375221, 2.14704966545], "median": [-7.26875686646, -6.92811632156, -7.75223016739, -8.36416721344, -8.15931415558, -10.332400322]}, "silence_rate_20dB": {"dmean": 0, "dmean2": 0, "max": 1, "dvar": 0, "mean": 1, "dvar2": 0, "min": 1, "var": 0, "median": 1}, "silence_rate_30dB": {"dmean": 0, "dmean2": 0, "max": 1, "dvar": 0, "mean": 1, "dvar2": 0, "min": 1, "var": 0, "median": 1}, "spectral_strongpeak": {"dmean": 0.46993458271, "dmean2": 0.795541882515, "max": 12.7673835754, "dvar": 0.936504364014, "mean": 0.858827710152, "dvar2": 2.31518626213, "min": 0, "var": 1.80425655842, "median": 0.365489304066}, "spectral_spread": {"dmean": 748651.4375, "dmean2": 1004064.625, "max": 40801152, "dvar": 1041943756800.0, "mean": 5103609.5, "dvar2": 1699770269700.0, "min": 734789.125, "var": 4342056484860.0, "median": 4874971}, "barkbands_flatness_db": {"dmean": 0.0248183198273, "dmean2": 0.0368790738285, "max": 0.442704945803, "dvar": 0.00076032790821, "mean": 0.145678684115, "dvar2": 0.00157950911671, "min": 0.0174023583531, "var": 0.00526522099972, "median": 0.131699621677}, "pitch_salience": {"dmean": 0.0772235766053, "dmean2": 0.1259265095, "max": 0.996093273163, "dvar": 0.00502924993634, "mean": 0.558356106281, "dvar2": 0.0130075057968, "min": 0.0949160829186, "var": 0.0125502347946, "median": 0.562767267227}, "erbbands_kurtosis": {"dmean": 1.30161166191, "dmean2": 2.0274643898, "max": 69.8602676392, "dvar": 5.02243185043, "mean": 1.15826416016, "dvar2": 11.6263551712, "min": -1.79465949535, "var": 12.6696443558, "median": -0.0162316448987}, "average_loudness": 0.695125043392, "barkbands_crest": {"dmean": 2.64560699463, "dmean2": 4.3423705101, "max": 25.9055423737, "dvar": 6.06807899475, "mean": 9.56770610809, "dvar2": 15.9283246994, "min": 2.19751095772, "var": 15.7274122238, "median": 8.76514911652}, "hfc": {"dmean": 5.92891693115, "dmean2": 8.26490688324, "max": 163.055786133, "dvar": 124.77457428, "mean": 16.3654327393, "dvar2": 256.346923828, "min": 1.22519265944e-16, "var": 433.003234863, "median": 7.98687124252}, "barkbands_kurtosis": {"dmean": 3.77949976921, "dmean2": 5.96378135681, "max": 401.449829102, "dvar": 61.6092224121, "mean": 5.76604986191, "dvar2": 148.165542603, "min": -1.92558419704, "var": 126.085235596, "median": 1.97751617432}, "erbbands": {"dmean": [0.0809924006462, 0.422511160374, 0.818877577782, 2.59182786942, 2.13130378723, 5.02745437622, 7.7872262001, 10.5555648804, 10.4149951935, 10.039311409, 10.9560060501, 12.179930687, 12.2264451981, 6.79507064819, 9.70810890198, 10.8550920486, 10.5155420303, 13.008234024, 10.4077110291, 12.9935779572, 13.2081289291, 10.5824451447, 10.4117708206, 9.33770656586, 7.21628236771, 6.65417909622, 4.56744432449, 3.55018258095, 3.74414229393, 2.79979467392, 2.32893037796, 1.87069642544, 1.04455125332, 0.595231235027, 0.34921246767, 0.185908958316, 0.051957514137, 0.00681972829625, 0.000148936363985, 1.19091228044e-05], "dmean2": [0.135970264673, 0.706106066704, 1.33145582676, 4.20266580582, 3.47121763229, 8.33750724792, 12.3912115097, 16.6207847595, 16.4368000031, 16.0490760803, 17.0430526733, 18.9705982208, 18.7931957245, 10.4758310318, 14.3884801865, 16.5918216705, 16.1104755402, 20.8668212891, 16.1980724335, 19.6455554962, 19.6909198761, 15.9575271606, 15.7971448898, 14.422952652, 11.2936840057, 10.5663948059, 7.32503128052, 5.67246437073, 6.35308361053, 4.3040099144, 3.61241889, 2.70934891701, 1.51911330223, 0.837404668331, 0.483694851398, 0.265151083469, 0.0743557661772, 0.00989139452577, 0.000214008177863, 1.64927205333e-05], "max": [2.53671717644, 13.720749855, 23.2034473419, 74.4420166016, 64.8037872314, 218.047332764, 567.895629883, 528.521972656, 881.102172852, 514.286987305, 1035.40039063, 952.455749512, 1114.22998047, 1079.45068359, 1504.40576172, 1123.68859863, 1300.24609375, 1697.9552002, 996.223571777, 1543.73901367, 1316.77807617, 846.704101563, 940.127258301, 894.640686035, 403.364898682, 416.606536865, 243.033843994, 146.85484314, 237.22442627, 87.6854782104, 131.914230347, 149.13444519, 97.2340774536, 41.7719497681, 15.4688653946, 7.28537988663, 1.97154402733, 0.208925649524, 0.00599871901795, 0.000245763891144], "dvar": [0.0410890579224, 0.867874443531, 2.13576340675, 19.9016685486, 12.7622041702, 126.128746033, 450.414337158, 677.540588379, 727.527893066, 530.993530273, 1345.69555664, 1347.31616211, 739.95123291, 419.592712402, 1047.15197754, 903.024841309, 1200.43164063, 1889.38537598, 1119.29260254, 2310.61547852, 1547.93151855, 718.899169922, 670.747680664, 651.835693359, 285.445892334, 257.835296631, 118.982917786, 74.7144393921, 135.829345703, 40.1229705811, 38.0739593506, 35.4170837402, 11.0298538208, 2.58239126205, 0.536148846149, 0.157773554325, 0.0117463609204, 0.000206758311833, 1.01962754684e-07, 3.59664686922e-10], "mean": [0.0844276621938, 0.473218202591, 1.2719026804, 3.57586193085, 3.3007376194, 7.013215065, 13.1043281555, 20.426027298, 20.4147777557, 17.103937149, 17.3671875, 21.5602474213, 23.0991153717, 13.0148544312, 18.5961780548, 19.4212665558, 18.6952133179, 20.5083713531, 16.6811447144, 21.2801856995, 24.4267883301, 20.4816493988, 20.069732666, 16.6997852325, 12.4409856796, 11.079916954, 7.41346979141, 5.69641494751, 4.9573135376, 4.36947631836, 3.5455121994, 2.94667077065, 1.73150420189, 1.0105099678, 0.574077010155, 0.275407791138, 0.0758545473218, 0.0099391778931, 0.000225339041208, 2.96889229503e-05], "dvar2": [0.108841150999, 2.34523534775, 5.48121261597, 52.05443573, 32.9463996887, 333.307769775, 1089.12158203, 1566.04553223, 1693.42163086, 1304.23022461, 3127.49609375, 2951.36962891, 1499.19897461, 872.629272461, 2219.86669922, 1856.98828125, 2623.88305664, 4691.68554688, 2731.46166992, 4923.97851563, 3202.03930664, 1552.76013184, 1428.78869629, 1398.99841309, 646.569641113, 599.494445801, 296.787200928, 185.844161987, 376.14654541, 91.5247268677, 91.0038909912, 73.3225860596, 24.7091712952, 5.56597042084, 1.07539212704, 0.344439178705, 0.024996066466, 0.000447361555416, 2.2098757313e-07, 7.19932335969e-10], "min": [1.67340021266e-21, 6.73409756163e-21, 5.5306083354e-21, 2.00271832344e-20, 5.11709533497e-20, 5.2994136968e-20, 1.57994818645e-19, 1.66682774167e-19, 3.93586959415e-19, 9.47405317528e-19, 1.37493372052e-18, 1.01223508105e-18, 7.83225785766e-19, 1.00421225629e-18, 3.29985341968e-18, 3.71549265234e-18, 4.78944853858e-18, 5.49682775583e-18, 5.2708242281e-18, 7.95066235169e-18, 6.16092557472e-18, 8.39425367161e-18, 9.57751651271e-18, 1.28460594918e-17, 1.44798264012e-17, 9.82529019339e-18, 1.6315507271e-17, 1.06009937021e-17, 1.57069835816e-17, 2.14514088286e-17, 1.83797497245e-17, 1.35302495278e-17, 1.4508934887e-17, 1.08013037592e-17, 1.00358060049e-17, 6.19791957325e-18, 3.14914566157e-18, 1.31850335574e-18, 3.26585872635e-19, 3.90147264547e-20], "var": [0.0352199822664, 0.732124269009, 2.90230870247, 27.2743549347, 21.1109809875, 157.043136597, 976.82244873, 1908.79016113, 1966.88574219, 966.82824707, 1990.36987305, 3320.99365234, 2457.09399414, 1417.4708252, 3156.89770508, 3103.47949219, 3182.96313477, 3255.7199707, 1853.5213623, 4477.43945313, 4958.71679688, 1916.82739258, 2438.14355469, 1549.77978516, 686.991210938, 588.773071289, 197.61289978, 129.355575562, 131.103225708, 71.621131897, 58.3259811401, 62.4587631226, 18.4589614868, 4.75828313828, 1.18901956081, 0.268894702196, 0.0206870250404, 0.000371736008674, 1.82763486123e-07, 1.04056174788e-09], "median": [0.0288292299956, 0.22437942028, 0.69043815136, 1.64582419395, 1.83498668671, 2.7162156105, 3.35790872574, 4.59250307083, 5.84731817245, 6.35543060303, 4.8852186203, 4.92088460922, 6.65122270584, 4.14882326126, 3.5720770359, 4.34751749039, 3.08865690231, 3.62812805176, 3.1317152977, 2.90328335762, 3.57815289497, 3.41891622543, 3.55683255196, 3.19026088715, 2.16703557968, 1.67130792141, 1.43545198441, 1.25393390656, 0.957970440388, 0.774136841297, 0.560313284397, 0.420993626118, 0.280491143465, 0.197843521833, 0.104200348258, 0.044629059732, 0.0108270617202, 0.00148690829519, 4.15200338466e-05, 1.81217328645e-05]}, "spectral_energy": {"dmean": 0.00633341027424, "dmean2": 0.00930486619473, "max": 0.137468740344, "dvar": 9.16246790439e-05, "mean": 0.0171202756464, "dvar2": 0.000194815176656, "min": 1.08733529677e-20, "var": 0.000274088815786, "median": 0.0117548946291}, "zerocrossingrate": {"dmean": 0.0123637644574, "dmean2": 0.0142740970477, "max": 0.509765625, "dvar": 0.000292199110845, "mean": 0.0621758289635, "dvar2": 0.000335658987751, "min": 0, "var": 0.00195896672085, "median": 0.05517578125}, "spectral_energyband_high": {"dmean": 0.000436066562543, "dmean2": 0.00062894471921, "max": 0.0123240137473, "dvar": 9.62411263572e-07, "mean": 0.000794002320617, "dvar2": 2.15380828195e-06, "min": 7.70246352602e-21, 