{"tonal": {"chords_number_rate": 0.00149981246796, "thpcp": [1, 0.444955438375, 0.0775507390499, 0.0453811585903, 0.06585252285, 0.20362007618, 0.283924430609, 0.155549198389, 0.0528634339571, 0.0464786067605, 0.0836778730154, 0.239633083344, 0.30513894558, 0.183691978455, 0.210280373693, 0.290405124426, 0.171808317304, 0.0561862327158, 0.0455453172326, 0.0849025771022, 0.403958052397, 0.584199905396, 0.277765929699, 0.0558139719069, 0.037220094353, 0.0385272167623, 0.106900371611, 0.162127375603, 0.103744581342, 0.0463514216244, 0.0300977285951, 0.0383541211486, 0.130319610238, 0.196759447455, 0.245075792074, 0.758788406849], "hpcp": {"dvar": [0.0317326560616, 0.025986244902, 0.0210835374892, 0.0271373968571, 0.0197273101658, 0.00960725080222, 0.00869549717754, 0.0119788600132, 0.0257886033505, 0.0327170677483, 0.0191329568624, 0.00946362596005, 0.00754030514508, 0.00796172302216, 0.0100083807483, 0.0163542926311, 0.011807850562, 0.00753535889089, 0.00646795611829, 0.00876092258841, 0.0198080465198, 0.0245187282562, 0.0350330844522, 0.0436736606061, 0.0449032075703, 0.0345646291971, 0.0263016801327, 0.0189622733742, 0.0206387508661, 0.0297730453312, 0.0289279408753, 0.0235790796578, 0.0180542785674, 0.0173173528165, 0.0205859281123, 0.0299702323973], "mean": [0.17960961163, 0.108124010265, 0.12377435714, 0.170937046409, 0.101129099727, 0.0330721065402, 0.026808694005, 0.0499750003219, 0.237776100636, 0.343869298697, 0.163497418165, 0.0328529886901, 0.0219083372504, 0.0226777307689, 0.0629232525826, 0.095430739224, 0.0610657036304, 0.027283180505, 0.0177159998566, 0.0225758440793, 0.0767081901431, 0.115815728903, 0.144255489111, 0.446634858847, 0.588615834713, 0.261907815933, 0.0456475950778, 0.0267120692879, 0.0387618355453, 0.119854003191, 0.167122423649, 0.0915587171912, 0.0311162546277, 0.0273580439389, 0.0492541231215, 0.141051828861], "min": [0, 0, 0, 0, 0, 0, 0, 0, 0, 0, 0, 0, 0, 0, 0, 0, 0, 0, 0, 0, 0, 0, 0, 0, 0, 0, 0, 0, 0, 0, 0, 0, 0, 0, 0, 0], "median": [0.0275675393641, 0.0213188156486, 0.0112337497994, 0.00758281815797, 0.00680422550067, 0.006227504462, 0.0037615946494, 0.0141907949001, 0.142111599445, 0.217728048563, 0.0947593748569, 0.00423294585198, 0.00217750039883, 0.0036807092838, 0.00939750485122, 0.0128063447773, 0.0124888727441, 0.00764444842935, 0.00400986429304, 0.00264707347378, 0.0128497276455, 0.02015202865, 0.0638832598925, 0.448579251766, 0.651467978954, 0.225645303726, 0.003566974774, 0.00140472175553, 0.002564111026, 0.0223960131407, 0.0395450033247, 0.0235456936061, 0.00331645109691, 0.00219491496682, 0.00503932312131, 0.0213644187897], "dvar2": [0.0753813385963, 0.0709404200315, 0.0560110881925, 0.0620847605169, 0.0528154149652, 0.0267466716468, 0.0241072978824, 0.0331515744328, 0.0652006715536, 0.0741321966052, 0.0514713190496, 0.025709439069, 0.0204605329782, 0.0225400105119, 0.0244871675968, 0.0359392799437, 0.0304975882173, 0.021048605442, 0.0184791348875, 0.0264371167868, 0.0553856566548, 0.0613872185349, 0.100270606577, 0.117558151484, 0.105104967952, 0.0936694294214, 0.0734239444137, 0.0551141090691, 0.0582526773214, 0.0771608427167, 0.0671852827072, 0.0638203546405, 0.0510685108602, 0.0482426472008, 0.0559339299798, 0.0767719298601], "var": [0.0913502499461, 0.0371198728681, 0.0486136898398, 0.0954295620322, 0.0370903275907, 0.00829234719276, 0.0064601120539, 0.010253014043, 0.0609362125397, 0.108640097082, 0.0333148986101, 0.00917746685445, 0.00656410725787, 0.00550519907847, 0.0198848526925, 0.0461682677269, 0.0188304334879, 0.00561344902962, 0.00409129448235, 0.00545282987878, 0.0271593090147, 0.0499657988548, 0.0410747602582, 0.101064778864, 0.154237702489, 0.0535923279822, 0.0178725961596, 0.0110975513235, 0.0148810185492, 0.0488892756402, 0.0766997337341, 0.0294239707291, 0.0115126874298, 0.0111035052687, 0.0171220656484, 0.0635701566935], "dmean2": [0.155203327537, 0.154725015163, 0.132665246725, 0.124980129302, 0.116335511208, 0.069910377264, 0.0601224564016, 0.0991355776787, 0.199838235974, 0.213055640459, 0.164591729641, 0.0710806697607, 0.0505237318575, 0.0524418838322, 0.071131773293, 0.0859396085143, 0.0757450312376, 0.0505226179957, 0.0407484546304, 0.0581266358495, 0.110127441585, 0.133522003889, 0.222652062774, 0.322536468506, 0.250880479813, 0.249220967293, 0.127660512924, 0.0827283933759, 0.0968577340245, 0.141474783421, 0.143441572785, 0.123805902898, 0.0852746069431, 0.0770215019584, 0.104454435408, 0.151290789247], "max": [1, 1, 1, 1, 1, 1, 1, 1, 1, 1, 1, 1, 1, 1, 1, 1, 1, 1, 1, 1, 1, 1, 1, 1, 1, 1, 1, 1, 1, 1, 1, 1, 1, 1, 1, 1], "dmean": [0.0924642458558, 0.0886483713984, 0.0773500353098, 0.0754866600037, 0.0683126226068, 0.038435280323, 0.0329938158393, 0.0554068461061, 0.121586084366, 0.133285313845, 0.0966902077198, 0.0391100980341, 0.0275148190558, 0.0288834683597, 0.0432209521532, 0.0536876432598, 0.0454776249826, 0.028338201344, 0.0220729056746, 0.0310941729695, 0.0632040947676, 0.0786169469357, 0.126500636339, 0.190498411655, 0.149629414082, 0.146413087845, 0.0685868114233, 0.0434392131865, 0.0522274747491, 0.0830837339163, 0.0873829424381, 0.0715821906924, 0.0456469729543, 0.0412972606719, 0.0576573126018, 0.0883278101683]}, "key_strength": 0.844050705433, "chords_strength": {"dvar": 0.000492343562655, "mean": 0.505336821079, "min": -1, "median": 0.53904902935, "dvar2": 0.000970639055595, "var": 0.0580755136907, "dmean2": 0.00609604734927, "max": 0.754475295544, "dmean": 0.00646673794836}, "tuning_equal_tempered_deviation": 0.054911185056, "chords_key": "F", "tuning_frequency": 440.763122559, "chords_scale": "major", "chords_changes_rate": 0.0410573668778, "key_scale": "major", "tuning_diatonic_strength": 0.68618106842, "hpcp_entropy": {"dvar": 0.201216071844, "mean": 1.56455266476, "min": 0, "median": 1.59880781174, "dvar2": 0.51768630743, "var": 0.480045646429, "dmean2": 0.788411140442, "max": 4.21232652664, "dmean": 0.47245657444}, "chords_histogram": [54.7056617737, 3.93700790405, 10.8736410141, 0, 0.262467205524, 0, 0, 0, 2.30596184731, 0, 0, 0, 0, 0, 0, 1.89351332188, 0, 8.90513706207, 0, 0.0937382802367, 0.0187476556748, 0.487439066172, 14.1732282639, 2.34345698357], "tuning_nontempered_energy_ratio": 0.644198179245, "key_key": "F"}, "metadata": {"version": {"extractor": "music 1.0", "essentia_build_sha": "70f2e5ece6736b2c40cc944ad0e695b16b925413", "essentia": "2.1-beta2", "essentia_git_sha": "v2.1_beta2"}, "audio_properties": {"sample_rate": 44100, "length": 247.640823364, "lossless": false, "analysis_sample_rate": 44100, "downmix": "mix", "bit_rate": 320034, "equal_loudness": 0, "md5_encoded": "3a797eecaa008da629e006a95ffa833b", "codec": "mp3", "replay_gain": -13.7552127838}, "tags": {"albumartist": ["Peter Bradley Adams"], "musicbrainz_recordingid": ["45948ce7-3c8e-4e1f-97f8-4ba13b2f13e1"], "file_name": "2046301.mp3", "title": ["Unreconciled"], "tracknumber": ["1"], "album": ["Gather Up"], "discnumber": ["1"]}}, "lowlevel": {"melbands": {"dvar": [4.76309679698e-07, 2.26986344387e-06, 2.36366554418e-06, 1.14027898235e-06, 1.69809013073e-07, 2.64738417854e-07, 1.49068455357e-07, 9.90181874272e-08, 5.11207502996e-08, 9.58857810929e-08, 1.33542261693e-08, 4.71817163117e-09, 1.04428385939e-08, 2.50779152999e-09, 1.11358411381e-09, 1.16645160197e-09, 6.51057541212e-10, 1.84809320625e-10, 1.00888984667e-10, 6.95099117154e-11, 2.10982568222e-11, 1.28390640133e-11, 8.97844125436e-12, 5.73800989362e-12, 6.80773406397e-12, 3.5045534183e-12, 2.09636930211e-12, 2.29306807917e-12, 2.78367151378e-12, 3.49393582642e-12, 2.4270626741e-12, 2.84030741635e-12, 2.95048686004e-12, 5.12800132219e-12, 3.67362520612e-12, 2.65488824501e-12, 2.94105169905e-12, 1.45949029771e-12, 3.81221313198e-12, 9.5267196909e-13], "mean": [0.000801301444881, 0.00138055707794, 0.00179515138734, 0.00155847205315, 0.000677533855196, 0.000854325189721, 0.000555234844796, 0.000549422868062, 0.000306381552946, 0.000403454701882, 0.000148614955833, 7.52680862206e-05, 8.97014833754e-05, 5.73598917981e-05, 4.04323545808e-05, 3.569124965e-05, 2.28882690863e-05, 1.47915761772e-05, 9.84217967925e-06, 8.26305586088e-06, 4.51752976005e-06, 2.9870468552e-06, 2.77899607681e-06, 2.24142718253e-06, 1.89840227449e-06, 1.40039389862e-06, 1.15433761039e-06, 1.25441044929e-06, 1.28901535845e-06, 1.19685739719e-06, 1.26531506339e-06, 1.18979448871e-06, 1.0149449281e-06, 1.23559800613e-06, 1.26021745928e-06, 1.1033764622e-06, 1.02960700588e-06, 7.77525315243e-07, 7.9336143699e-07, 6.34943035038e-07], "min": [8.17515192919e-25, 1.42506213832e-24, 6.36406139716e-25, 1.78624259681e-24, 2.58950691887e-24, 1.99082440346e-24, 1.73302189862e-24, 1.84310526858e-24, 2.43724710062e-24, 1.75339876745e-24, 2.43527396228e-24, 1.80142678873e-24, 2.24310488197e-24, 3.81401744229e-24, 2.55153371869e-24, 3.13443704384e-24, 2.90158206791e-24, 3.46234206745e-24, 2.77338901537e-24, 3.43051744638e-24, 3.77792626702e-24, 4.24249670929e-24, 3.66786636567e-24, 3.28565793228e-24, 2.87793438456e-24, 4.12439870975e-24, 3.68692445628e-24, 4.73680957428e-24, 4.54459769826e-24, 4.7891059247e-24, 4.27144474907e-24, 5.55481849552e-24, 5.71232404157e-24, 3.77320020133e-24, 5.40536761373e-24, 5.94566199759e-24, 5.94432369506e-24, 5.94220875898e-24, 6.79886003166e-24, 5.26497324957e-24], "median": [0.000576384598389, 0.000909906637389, 0.0012014125241, 0.00100456352811, 0.000443498283857, 0.000512566650286, 0.00017355318414, 0.00018763791013, 8.17149266368e-05, 0.000131938082632, 6.56715565128e-05, 2.39869659708e-05, 3.89817432733e-05, 2.83198423858e-05, 1.77843576239e-05, 1.53104683704e-05, 7.6992855611e-06, 6.67773747409e-06, 4.55105782748e-06, 3.35742788593e-06, 2.05984997592e-06, 1.33450544126e-06, 1.06384129595e-06, 9.51909669311e-07, 5.6452500985e-07, 3.91284345369e-07, 4.56083625977e-07, 5.16747206802e-07, 3.82854011605e-07, 4.23855908593e-07, 4.06528783969e-07, 2.3673113958e-07, 1.49653459403e-07, 2.07842717259e-07, 3.46890203673e-07, 3.15420180641e-07, 2.41018398128e-07, 1.62993146091e-07, 1.29861746245e-07, 1.2867769783e-07], "dvar2": [1.08329015802e-06, 6.32276623946e-06, 5.93771301283e-06, 3.0899614103e-06, 4.47119930413e-07, 7.38638959774e-07, 3.04501298842e-07, 1.86845170447e-07, 8.92818547982e-08, 1.87987538425e-07, 2.54780072595e-08, 8.11032574433e-09, 2.60012313902e-08, 6.02634653291e-09, 2.38591990609e-09, 2.46126452552e-09, 1.55083701436e-09, 4.34004970851e-10, 2.2909961428e-10, 1.89444362975e-10, 5.21543919163e-11, 3.47441589388e-11, 2.39855375145e-11, 1.5170529763e-11, 1.83449592323e-11, 9.6589819476e-12, 5.36382223359e-12, 5.87597939056e-12, 6.70271954259e-12, 8.58909905005e-12, 5.74825256838e-12, 6.72777849056e-12, 7.03232307456e-12, 1.2452539e-11, 8.68662260178e-12, 5.66708876007e-12, 6.19135602162e-12, 3.07228353001e-12, 9.98551241693e-12, 2.20889799507e-12], "var": [8.94530785445e-07, 2.95332824862e-06, 3.95799315811e-06, 2.88584988084e-06, 5.80506139158e-07, 9.83378868114e-07, 1.01310240552e-06, 1.05639162484e-06, 3.90180332488e-07, 5.85718339607e-07, 7.39039549558e-08, 3.13732577695e-08, 2.35906991719e-08, 7.44487227422e-09, 5.74420466748e-09, 4.62984051097e-09, 2.69346078774e-09, 6.25155816003e-10, 3.50940748683e-10, 2.59188615015e-10, 6.74509753607e-11, 2.15916850371e-11, 1.90012918594e-11, 1.24284965999e-11, 1.4574470103e-11, 7.15799598414e-12, 4.30533473456e-12, 5.20105963506e-12, 6.37212288143e-12, 6.08343236896e-12, 6.30509967153e-12, 7.42708151924e-12, 7.17243061818e-12, 9.4485478469e-12, 8.21690632202e-12, 8.30851706879e-12, 9.58252574512e-12, 4.91054159141e-12, 4.95816365395e-12, 2.40754876972e-12], "dmean2": [0.00052494724514, 0.00104138953611, 0.00148127810098, 0.0011279436294, 0.000439681811258, 0.000506942276843, 0.000269760057563, 0.000214816725929, 0.000130260334117, 0.000189390499145, 7.07323633833e-05, 4.0838825953e-05, 6.3961793785e-05, 3.70527523046e-05, 2.3759839678e-05, 2.35822535615e-05, 1.63485856319e-05, 1.05919616544e-05, 7.32937860448e-06, 6.66153800921e-06, 3.50565642293e-06, 2.75670390693e-06, 2.44813008976e-06, 1.98668544726e-06, 1.80201061539e-06, 1.34457081913e-06, 1.07485141143e-06, 1.12977238587e-06, 1.16348019219e-06, 1.10248151941e-06, 1.06412574041e-06, 1.07098412627e-06, 9.79783408184e-07, 1.29726993237e-06, 1.15978821214e-06, 8.43134671413e-07, 7.99189535883e-07, 6.34679111045e-07, 9.20699619655e-07, 5.97983557782e-07], "max": [0.0096572060138, 0.0249311383814, 0.0197457633913, 0.0165471956134, 0.00791375245899, 0.0131452558562, 0.00920927897096, 0.0104138385504, 0.00873677991331, 0.0100200185552, 0.00458731502295, 0.00426903134212, 0.00347814336419, 0.00139643810689, 0.00142616895027, 0.00123667542357, 0.00110730400775, 0.000372319307644, 0.000331323622959, 0.000231701545999, 0.00018276485207, 8.54842146509e-05, 4.03267331421e-05, 6.28736597719e-05, 7.54298816901e-05, 3.2929237932e-05, 2.84445432044e-05, 4.20303513238e-05, 5.52885576326e-05, 0.000102106379927, 4.18727904616e-05, 6.10875795246e-05, 6.77013158565e-05, 6.10261595284e-05, 4.69090336992e-05, 4.76647837786e-05, 5.30828365299e-05, 4.42739910795e-05, 5.43320675206e-05, 2.1737670977e-05], "dmean": [0.00033626097138, 0.000632929790299, 0.00092374504311, 0.000693009933457, 0.000270373071544, 0.000318830600008, 0.000181018127478, 0.000154447974637, 9.47120570345e-05, 0.000139478201163, 5.0911159633e-05, 2.86007652903e-05, 4.36760710727e-05, 2.55778450082e-05, 1.58639959409e-05, 1.58488965099e-05, 1.07880023279e-05, 6.75878300171e-06, 4.62656089439e-06, 4.08424693887e-06, 2.1653515887e-06, 1.65576022937e-06, 1.48453148086e-06, 1.20161200812e-06, 1.07732569177e-06, 8.01250280347e-07, 6.64121444061e-07, 7.08708682851e-07, 7.47282342672e-07, 7.07648553089e-07, 6.91485467996e-07, 6.93668368967e-07, 6.34604532479e-07, 8.37820493871e-07, 7.63594925957e-07, 5.603536124e-07, 5.35447554739e-07, 4.27365932865e-07, 5.83938799537e-07, 3.96056861973e-07]}, "spectral_decrease": {"dvar": 5.73626552389e-18, "mean": -7.7590938119e-09, "min": -3.06849443632e-08, "median": -7.13146297571e-09, "dvar2": 1.39671332401e-17, "var": 2.49522555566e-17, "dmean2": 2.80695311439e-09, "max": 2.9385163774e-16, "dmean": 1.81733095239e-09}, "spectral_rolloff": {"dvar": 549719.5, "mean": 1359.07495117, "min": 21.533203125, "median": 602.9296875, "dvar2": 1154585.875, "var": 11156987, "dmean2": 357.128997803, "max": 19724.4140625, "dmean": 213.983337402}, "melbands_crest": {"dvar": 5.60640716553, "mean": 12.753528595, "min": 1.56997990608, "median": 12.0482759476, "dvar2": 14.4309215546, "var": 19.9119300842, "dmean2": 3.89111614227, "max": 39.9349250793, "dmean": 2.40599036217}, "barkbands_skewness": {"dvar": 0.229950040579, "mean": 1.75029921532, "min": -7.67010498047, "median": 1.75026702881, "dvar2": 0.496546924114, "var": 2.0111219883, "dmean2": 0.657836794853, "max": 7.82687091827, "dmean": 0.450172692537}, "spectral_centroid": {"dvar": 35638.390625, "mean": 807.829956055, "min": 138.483200073, "median": 545.988037109, "dvar2": 63823.1835938, "var": 1681453.875, "dmean2": 161.99118042, "max": 11853.9248047, "dmean": 107.45010376}, "spectral_energyband_middle_low": {"dvar": 5.50408512936e-05, "mean": 0.0216965898871, "min": 1.62902616827e-22, "median": 0.018154617399, "dvar2": 0.000133785928483, "var": 0.000273651385214, "dmean2": 0.00858608726412, "max": 0.0988602340221, "dmean": 0.00551775796339}, "erbbands_crest": {"dvar": 4.07487440109, "mean": 10.5303020477, "min": 2.02321600914, "median": 9.60838508606, "dvar2": 9.87347507477, "var": 20.9176235199, "dmean2": 3.14044284821, "max": 28.8521289825, "dmean": 2.04621982574}, "dynamic_complexity": 3.73323774338, "spectral_energyband_low": {"dvar": 3.3294356399e-05, "mean": 0.00727025093511, "min": 1.46994668694e-23, "median": 0.00553437927738, "dvar2": 8.31527868286e-05, "var": 5.52993478777e-05, "dmean2": 0.00461193313822, "max": 0.0947624593973, "dmean": 0.00292539456859}, "silence_rate_60dB": {"dvar": 0.00392236793414, "mean": 0.0649728104472, "min": 0, "median": 0, "dvar2": 0.0100645190105, "var": 0.0607548169792, "dmean2": 0.00787696894258, "max": 1, "dmean": 0.00393811520189}, "erbbands_kurtosis": {"dvar": 2.90312552452, "mean": 2.70101904869, "min": -1.86937665939, "median": 1.5934278965, "dvar2": 6.16381788254, "var": 14.1445894241, "dmean2": 1.90750861168, "max": 56.4363708496, "dmean": 1.28615248203}, "spectral_complexity": {"dvar": 4.2581076622, "mean": 12.7324209213, "min": 0, "median": 13, "dvar2": 10.1699056625, "var": 29.8053531647, "dmean2": 2.91729187965, "max": 37, "dmean": 1.78021562099}, "barkbands_crest": {"dvar": 2.89896225929, "mean": 9.65278816223, "min": 2.95889282227, "median": 9.00045681, "dvar2": 7.49318885803, "var": 10.9834127426, "dmean2": 2.85344338417, "max": 26.3901157379, "dmean": 1.77607440948}, "spectral_energy": {"dvar": 8.6373911472e-05, "mean": 0.0306212455034, "min": 9.74326915459e-21, "median": 0.0280912090093, "dvar2": 0.00020923485863, "var": 0.000385914958315, "dmean2": 0.0108898300678, "max": 0.119974374771, "dmean": 0.00706791458651}, "spectral_spread": {"dvar": 1299578486780.0, "mean": 5303299.5, "min": 570496.9375, "median": 4436492, "dvar2": 2223123988480.0, "var": 23585257160700.0, "dmean2": 1049841.375, "max": 46601012, "dmean": 817027.875}, "spectral_contrast_valleys": {"dvar": [0.0934110805392, 0.0919202193618, 0.10120806843, 0.117214463651, 0.167053669691, 0.260136365891], "mean": [-7.40802335739, -7.13483762741, -7.95969867706, -8.73064231873, -9.00246715546, -10.964307785], "min": [-28.6649532318, -27.9179821014, -27.7531013489, -27.6378307343, -27.4882488251, -27.3864536285], "median": [-6.76484012604, -6.5682258606, -7.43620443344, -8.21073246002, -8.47658348083, -10.3835897446], "dvar2": [0.210943445563, 0.208398297429, 0.207035437226, 0.223086103797, 0.290350496769, 0.36804959178], "var": [8.14926147461, 7.72473478317, 7.03223228455, 6.54769182205, 6.45407629013, 6.07895803452], "dmean2": [0.523650109768, 0.507423579693, 0.480292290449, 0.450347959995, 0.421328932047, 0.445513367653], "max": [-5.31518173218, -4.74355506897, -5.53280258179, -5.95392417908, -6.02995204926, -7.83650064468], "dmean": [0.324734717607, 0.312432736158, 0.305340796709, 0.299213498831, 0.308062851429, 0.388633549213]}, "spectral_rms": {"dvar": 4.91977914407e-07, "mean": 0.00507785612717, "min": 3.08311991389e-12, "median": 0.00523507967591, "dvar2": 1.12563191124e-06, "var": 4.08980122302e-06, "dmean2": 0.000910792790819, "max": 0.0108188800514, "dmean": 0.000602240033913}, "barkbands_spread": {"dvar": 35.877620697, "mean": 12.8163604736, "min": 0.566301941872, "median": 9.06140422821, "dvar2": 65.7043609619, "var": 198.157669067, "dmean2": 4.80934333801, "max": 161.947280884, "dmean": 3.32116818428}, "pitch_salience": {"dvar": 0.00250661768951, "mean": 0.594891250134, "min": 0.0180066283792, "median": 0.598706841469, "dvar2": 0.00687862047926, "var": 0.0087300138548, "dmean2": 0.0866092666984, "max": 0.902737975121, "dmean": 0.0535005778074}, "erbbands_skewness": {"dvar": 0.0993830561638, "mean": 0.966267287731, "min": -3.00522613525, "median": 0.967990636826, "dvar2": 0.212161839008, "var": 0.779521465302, "dmean2": 0.462445527315, "max": 6.30778503418, "dmean": 0.318136543036}, "spectral_energyband_middle_high": {"dvar": 1.54003294028e-06, "mean": 0.0026461717207, "min": 1.16061790507e-21, "median": 0.00175010971725, "dvar2": 3.53488644578e-06, "var": 8.50164815347e-06, "dmean2": 0.00104327476583, "max": 0.0296207405627, "dmean": 0.000720174983144}, "erbbands": {"dvar": [0.00722915912047, 0.495497137308, 12.2562761307, 38.6275520325, 341.806518555, 247.471466064, 106.321060181, 640.379821777, 640.74206543, 813.196899414, 820.399047852, 2408.5222168, 561.024780273, 250.206420898, 1289.07189941, 184.382949829, 278.473999023, 136.044799805, 70.0740890503, 21.2627410889, 19.0157527924, 8.75134277344, 8.77086353302, 8.17621231079, 4.57369804382, 4.02055692673, 6.39222860336, 5.91622877121, 7.25555467606, 11.2900400162, 8.3981628418, 6.5322637558, 2.67122936249, 1.870251894, 0.296467989683, 0.0583811961114, 0.00999060552567, 0.0020215427503, 1.19577889564e-05, 4.55481483641e-08], "mean": [0.0768601223826, 0.799251973629, 2.84967923164, 7.48890590668, 20.0499191284, 21.5702018738, 16.2195701599, 42.1886978149, 35.911113739, 49.216178894, 39.9807052612, 65.7060928345, 32.8522186279, 19.6439685822, 31.4781608582, 16.2950134277, 19.3706092834, 12.4921216965, 9.46789264679, 5.65355587006, 4.68515872955, 2.83651781082, 2.9331536293, 2.34881663322, 1.80444705486, 1.85861301422, 2.03410029411, 2.14834856987, 2.03826475143, 2.07621073723, 2.12254166603, 1.71022260189, 1.12569892406, 0.805822908878, 0.438314169645, 0.188602954149, 0.0559199228883, 0.0136490771547, 0.00149064860307, 0.000118360308988], "min": [6.93680293167e-23, 5.5565478995e-22, 1.495356654e-21, 3.31256027745e-21, 1.10802636353e-20, 3.65932973831e-20, 6.91450743038e-20, 9.80222726054e-20, 1.07983575745e-19, 1.56066893281e-19, 3.3476255299e-19, 3.73481714241e-19, 5.57032678576e-19, 6.90377398645e-19, 1.02799721442e-18, 1.259750061e-18, 1.54181503096e-18, 1.70768552669e-18, 2.58259228924e-18, 2.57051421153e-18, 4.53701576309e-18, 4.46688242768e-18, 5.17128007241e-18, 5.64287724633e-18, 7.93322952028e-18, 8.46472284235e-18, 8.4507732685e-18, 9.27420013543e-18, 1.20126146405e-17, 9.19937668595e-18, 1.06938281822e-17, 1.0503685002e-17, 9.22019268606e-18, 7.6999108208e-18, 5.76845277589e-18, 4.31194364073e-18, 2.11945986133e-18, 1.00485445864e-18, 2.33144526262e-19, 2.42690154988e-20], "median": [0.0592208616436, 0.487738490105, 1.8586037159, 5.07477474213, 12.7008609772, 11.8657493591, 10.6253681183, 25.0286045074, 13.2879581451, 17.2266464233, 11.9441204071, 22.510219574, 15.2125511169, 7.74150848389, 13.61622715, 8.33889579773, 8.841588974, 5.53349304199, 4.53106021881, 2.78948354721, 2.17291688919, 1.38784217834, 1.26740241051, 0.79654610157, 0.615991592407, 0.817316412926, 0.682372093201, 0.75831258297, 0.42750915885, 0.378222465515, 0.64683175087, 0.465127766132, 0.25214394927, 0.164564967155, 0.112208195031, 0.0459099709988, 0.00829307734966, 0.00114515761379, 8.80250154296e-05, 4.54122528026e-05], "dvar2": [0.0171930417418, 1.32911300659, 34.5275268555, 96.2234954834, 938.46295166, 657.368225098, 279.031707764, 1784.32727051, 1319.09643555, 1611.73486328, 1433.79589844, 4741.03417969, 1065.79663086, 421.184692383, 3199.36035156, 403.525024414, 578.713500977, 324.238464355, 164.281997681, 54.2003707886, 47.5761146545, 23.6417293549, 23.2107696533, 22.0660686493, 12.2573032379, 10.1484642029, 14.7925729752, 13.4523057938, 16.2185935974, 26.3340263367, 18.6956939697, 13.1320915222, 5.51679086685, 4.49599742889, 0.599828541279, 0.11519792676, 0.0227995608002, 0.00549027370289, 2.77466042462e-05, 1.05732162581e-07], "var": [0.00971545651555, 1.05419445038, 13.4229326248, 64.7378845215, 554.7578125, 691.90246582, 382.606018066, 2461.66918945, 3818.34423828, 7973.46386719, 6644.34863281, 14859.8193359, 3247.50683594, 1735.77539062, 2893.78271484, 858.572937012, 1342.24841309, 567.977844238, 247.272293091, 69.3168258667, 71.3346939087, 16.4472084045, 18.35846138, 18.4914016724, 10.0102491379, 9.77587223053, 14.7050113678, 16.0651988983, 21.3999118805, 25.744096756, 23.3935394287, 23.2209777832, 8.89286518097, 3.93758487701, 0.96094584465, 0.166131734848, 0.0146841527894, 0.00160203804262, 1.36061098601e-05, 5.11139610637e-08], "dmean2": [0.0583590194583, 0.54085701704, 2.35815310478, 6.13991928101, 17.5379981995, 15.5184421539, 10.6872262955, 24.6855621338, 17.7564735413, 19.6307411194, 16.0100078583, 30.0577411652, 14.71509552, 9.81058311462, 22.0387611389, 9.53572654724, 11.549115181, 8.00302219391, 6.53418684006, 3.86063361168, 3.4564371109, 2.34870767593, 2.46668553352, 2.0435731411, 1.56771636009, 1.54430663586, 1.70709550381, 1.70049071312, 1.70480525494, 1.95679914951, 1.72921466827, 1.2159678936, 0.936170518398, 0.764665126801, 0.363718599081, 0.160217568278, 0.0638013333082, 0.0211358778179, 0.002107873559, 0.000127054037875], "max": [1.39760041237, 11.260723114, 57.9895782471, 80.3159332275, 234.531768799, 300.970855713, 253.382858276, 669.658630371, 628.530334473, 928.839111328, 1084.57373047, 1471.81555176, 938.164672852, 1045.7364502, 1234.4798584, 472.604309082, 655.341064453, 485.657745361, 270.716522217, 87.0752105713, 163.381469727, 57.1341438293, 58.2363586426, 77.8472671509, 48.7549514771, 47.0131607056, 84.4569702148, 77.7221221924, 97.138381958, 111.320594788, 77.8569717407, 73.2821350098, 50.9548492432, 29.0327949524, 20.4485015869, 9.00532627106, 1.90300762653, 1.99812781811, 0.0652877911925, 0.00495595159009], "dmean": [0.0368728935719, 0.338995337486, 1.41634583473, 3.83831644058, 10.7384090424, 9.51393413544, 6.54972553253, 15.5512685776, 11.8572158813, 13.926024437, 11.6426496506, 22.1725158691, 10.6711149216, 6.9152765274, 15.172039032, 6.43002510071, 7.80333471298, 5.31725692749, 4.15744590759, 2.40745663643, 2.1449110508, 1.42311477661, 1.49573647976, 1.22658443451, 0.956016302109, 0.976818263531, 1.10708582401, 1.11901926994, 1.12567901611, 1.29051470757, 1.16518723965, 0.831951975822, 0.632428348064, 0.506458640099, 0.2480276227, 0.112836189568, 0.0436813533306, 0.0134626412764, 0.00140942807775, 8.64152534632e-05]}, "dissonance": {"dvar": 0.00055691198213, "mean": 0.428148508072, "min": 0.206773668528, "median": 0.435498774052, "dvar2": 0.00143747660331, "var": 0.00193096522707, "dmean2": 0.0407697111368, "max": 0.500000059605, "dmean": 0.0249398294836}, "erbbands_flatness_db": {"dvar": 0.000648466288112, "mean": 0.176181286573, "min": 0.0210098400712, "median": 0.175843656063, "dvar2": 0.000975603994448, "var": 0.00334623991512, "dmean2": 0.0258973669261, "max": 0.350616514683, "dmean": 0.0212462265044}, "melbands_kurtosis": {"dvar": 179.519485474, "mean": 13.1900682449, "min": -1.65973854065, "median": 8.07086849213, "dvar2": 411.566009521, "var": 488.61831665, "dmean2": 8.36413574219, "max": 1002.08239746, "dmean": 5.58494901657}, "melbands_spread": {"dvar": 30.4504947662, "mean": 15.7192392349, "min": 0.564451634884, "median": 9.91101264954, "dvar2": 61.8690567017, "var": 775.429016113, "dmean2": 4.43173313141, "max": 249.267700195, "dmean": 2.93275642395}, "melbands_skewness": {"dvar": 0.462064057589, "mean": 2.2942032814, "min": -0.516018509865, "median": 2.03429389, "dvar2": 0.966135144234, "var": 2.2905857563, "dmean2": 0.797046780586, "max": 30.9897003174, "dmean": 0.542083799839}, "spectral_entropy": {"dvar": 0.0802702978253, "mean": 7.03013515472, "min": 4.74492073059, "median": 6.95393180847, "dvar2": 0.132557198405, "var": 0.569063425064, "dmean2": 0.297076910734, "max": 9.82638835907, "dmean": 0.220319807529}, "zerocrossingrate": {"dvar": 0.000154416178702, "mean": 0.056879684329, "min": 0, "median": 0.0322265625, "dvar2": 0.000178127505933, "var": 0.0103964423761, "dmean2": 0.00930531974882, "max": 0.72998046875, "dmean": 0.00817176327109}, "average_loudness": 0.837063729763, "spectral_contrast_coeffs": {"dvar": [0.00151812145486, 0.00126176082995, 0.000895122997463, 0.00055942859035, 0.000274293124676, 0.000214544983464], "mean": [-0.618029773235, -0.682728111744, -0.72157895565, -0.767715990543, -0.817983984947, -0.804877460003], "min": [-0.978665947914, -0.98338162899, -0.977057278156, -0.970410943031, -0.967762589455, -0.96600574255], "median": [-0.616563796997, -0.679448246956, -0.721196234226, -0.766686081886, -0.820122718811, -0.803301870823], "dvar2": [0.0039919889532, 0.00320069631562, 0.00209146505222, 0.00128176645376, 0.00062441942282, 0.000520979054272], "var": [0.00862463098019, 0.00830788910389, 0.00710422731936, 0.00415027281269, 0.00192977814004, 0.00167368969414], "dmean2": [0.0714502111077, 0.0659103021026, 0.0531623028219, 0.0424343794584, 0.0291416421533, 0.0242098402232], "max": [-0.268869459629, -0.41199195385, -0.451526403427, -0.533478021622, -0.622222065926, -0.630816936493], "dmean": [0.0434854365885, 0.040527548641, 0.0339349247515, 0.0270189270377, 0.0184787046164, 0.0151813877746]}, "barkbands_flatness_db": {"dvar": 0.0006616380997, "mean": 0.17740277946, "min": 0.023444974795, "median": 0.171443939209, "dvar2": 0.00110338639934, "var": 0.00386766623706, "dmean2": 0.0292496271431, "max": 0.472427099943, "dmean": 0.0219386704266}, "silence_rate_30dB": {"dvar": 0.000187484547496, "mean": 0.999906241894, "min": 0, "median": 1, "dvar2": 0.000562461558729, "var": 9.3744667538e-05, "dmean2": 0.000375093775801, "max": 1, "dmean": 0.000187529294635}, "spectral_energyband_high": {"dvar": 1.45859829104e-07, "mean": 0.000393431924749, "min": 6.66571096995e-21, "median": 0.000134873451316, "dvar2": 2.79314690488e-07, "var": 5.52009566945e-07, "dmean2": 0.000259674416156, "max": 0.00797335337847, "dmean": 0.000186905439477}, "melbands_flatness_db": {"dvar": 0.000855492427945, "mean": 0.266759902239, "min": 0.00258286949247, "median": 0.261150121689, "dvar2": 0.00149547227193, "var": 0.00725218607113, "dmean2": 0.0330676995218, "max": 0.617462277412, "dmean": 0.0241179261357}, "barkbands": {"dvar": [6.14326722825e-07, 7.09303503754e-06, 1.00879051388e-05, 1.58241618919e-05, 1.72781983565e-05, 5.10739482706e-06, 3.47469858752e-06, 2.21001437239e-06, 2.79329583464e-06, 4.51082001973e-07, 5.34351443093e-07, 9.4663974437e-08, 1.29411205307e-07, 5.13086639842e-08, 2.20214282365e-08, 9.84252856995e-09, 3.51970852464e-09, 2.51342524571e-09, 2.72940448021e-09, 1.91637572478e-09, 3.76816755576e-09, 5.67776536897e-09, 1.08752962191e-08, 1.06694733049e-08, 1.07134345839e-08, 3.22992921298e-09, 5.09726982845e-10], "mean": [0.000222030983423, 0.00328626553528, 0.00260749389417, 0.00391152221709, 0.00639294274151, 0.0037593129091, 0.00252397125587, 0.0023617814295, 0.00226514204405, 0.000890561030246, 0.000674265495036, 0.00032028881833, 0.000392636895413, 0.000204324693186, 0.000158097071107, 9.92939603748e-05, 5.2575229347e-05, 4.73887084809e-05, 4.20959659095e-05, 3.8906444388e-05, 5.20558787684e-05, 5.63082539884e-05, 7.51290863263e-05, 7.27251899661e-05, 6.93831898388e-05, 3.57708267984e-05, 9.12932591746e-06], "min": [3.86377020933e-25, 1.29695793123e-24, 8.71821067888e-25, 9.14626928581e-25, 1.16467810589e-23, 1.05678536322e-23, 5.74387926664e-24, 1.01167048694e-23, 1.35278396089e-23, 1.02976119742e-23, 1.24146480088e-23, 3.54668391999e-23, 2.67665427634e-23, 2.86852071016e-23, 3.42371123338e-23, 6.04116370759e-23, 6.56983872252e-23, 7.03365927362e-23, 1.04675505992e-22, 1.76982824731e-22, 2.50939960856e-22, 3.25249370707e-22, 3.79783489168e-22, 5.74179818847e-22, 7.4779732509e-22, 1.29873858909e-21, 1.74268880684e-21], "median": [4.1045161197e-05, 0.00210204022005, 0.00173367909156, 0.00213253172114, 0.00414065737277, 0.00235383166, 0.00063982384745, 0.000627134169918, 0.000735569454264, 0.000358267658157, 0.000275862548733, 0.00014215245028, 0.000161675154231, 6.76127674524e-05, 7.47413141653e-05, 4.19841526309e-05, 2.36481337197e-05, 2.00057511393e-05, 1.20988470371e-05, 1.64231678355e-05, 1.8844006263e-05, 1.13970536404e-05, 2.1747280698e-05, 1.81178365892e-05, 1.69356935658e-05, 7.02340457792e-06, 3.99796931561e-07], "dvar2": [1.43653130635e-06, 1.74506512849e-05, 2.82809032797e-05, 3.82774487662e-05, 4.72627616546e-05, 1.45274616443e-05, 7.10631593392e-06, 3.7680092646e-06, 5.47406853002e-06, 8.32842886211e-07, 1.31016383875e-06, 2.17020598825e-07, 2.68279421789e-07, 1.22337453945e-07, 5.08615904948e-08, 2.5999124631e-08, 9.4673771045e-09, 6.68982291785e-09, 7.41169348117e-09, 4.7747321652e-09, 8.55583692783e-09, 1.25324755018e-08, 2.42696991393e-08, 2.05689474342e-08, 2.49440574862e-08, 7.32433402817e-09, 1.21858800828e-09], "var": [6.0314005168e-07, 1.61674997798e-05, 1.0994240256e-05, 2.65904800472e-05, 4.59888360638e-05, 1.81661325769e-05, 2.57404863078e-05, 2.26152260439e-05, 1.79316630238e-05, 2.72448892247e-06, 1.29763088808e-06, 3.48182169319e-07, 5.96102609052e-07, 2.04615105304e-07, 7.70937162997e-08, 3.68867354439e-08, 6.58740084702e-09, 5.08439068625e-09, 6.61727383999e-09, 4.64391458621e-09, 8.99804586396e-09, 1.71449645592e-08, 2.87836741109e-08, 4.10225133862e-08, 2.50715181949e-08, 5.56564394572e-09, 5.40849476316e-10], "dmean2": [0.00031901942566, 0.00210498715751, 0.00226498604752, 0.00354586914182, 0.0045720343478, 0.00227459310554, 0.00128962018061, 0.000922784267459, 0.00106235791463, 0.000439723633463, 0.000466726516606, 0.000225460142246, 0.000246990093729, 0.000148059087223, 0.000116793045891, 8.0465375504e-05, 4.59288967249e-05, 4.17686787841e-05, 3.76115021936e-05, 3.33563730237e-05, 4.19251991843e-05, 4.73839318147e-05, 6.30732029094e-05, 5.29069657205e-05, 6.17929763393e-05, 3.72766771761e-05, 1.35544432851e-05], "max": [0.011762727052, 0.0409999713302, 0.0511744692922, 0.0515601933002, 0.0683425441384, 0.0547450706363, 0.0475447699428, 0.0444164313376, 0.051226593554, 0.023053150624, 0.0240816324949, 0.00908961519599, 0.013989796862, 0.00868908688426, 0.00478634191677, 0.00261119264178, 0.00154420768376, 0.00101003609598, 0.00131510873325, 0.00105689757038, 0.00252115377225, 0.00260228989646, 0.00239703501575, 0.00341790402308, 0.0022545165848, 0.00135601940565, 0.00058088375954], "dmean": [0.000192631705431, 0.00134412164334, 0.00136602320708, 0.00224213139154, 0.00278624799103, 0.00141500134487, 0.00085541739827, 0.000684328959323, 0.000780831847806, 0.00031364968163, 0.000321012630593, 0.000148016595631, 0.00016675722145, 9.73154456005e-05, 7.37589070923e-05, 4.94974192407e-05, 2.78657098534e-05, 2.54082187894e-05, 2.25290386879e-05, 2.10567723116e-05, 2.75024467555e-05, 3.14363860525e-05, 4.2229945393e-05, 3.65115993191e-05, 4.16672701249e-05, 2.55421000475e-05, 8.96603069123e-06]}, "erbbands_spread": {"dvar": 109.884025574, "mean": 28.6717147827, "min": 3.49432849884, "median": 21.9148406982, "dvar2": 207.673782349, "var": 447.658905029, "dmean2": 9.45697879791, "max": 156.39654541, "dmean": 6.64969539642}, "barkbands_kurtosis": {"dvar": 21.0668945312, "mean": 8.0414352417, "min": -1.98452568054, "median": 5.57863378525, "dvar2": 48.3387336731, "var": 78.2184371948, "dmean2": 4.80678319931, "max": 88.5536346436, "dmean": 3.18474602699}, "spectral_flux": {"dvar": 0.000511511752848, "mean": 0.062139172107, "min": 6.2496618991e-11, "median": 0.055745460093, "dvar2": 0.00110381643753, "var": 0.00155275629368, "dmean2": 0.0284185297787, "max": 0.282763332129, "dmean": 0.0186562556773}, "silence_rate_20dB": {"dvar": 0, "mean": 1, "min": 1, "median": 1, "dvar2": 0, "var": 0, "dmean2": 0, "max": 1, "dmean": 0}, "gfcc": {"cov": [[40450.8203125, 3083.50634766, -2204.08740234, 726.225891113, -2370.80175781, 549.732849121, -1398.85424805, 49.5263671875, -815.779541016, 16.7242870331, -793.563049316, -204.012756348, -431.813934326], [3083.50634766, 3326.07885742, -762.122131348, -223.372879028, 214.990036011, -183.595306396, 60.7169113159, -162.391448975, 75.1414642334, -191.826004028, 177.834518433, -177.928253174, 64.397354126], [-2204.08740234, -762.122131348, 852.898925781, 50.0103378296, 17.3243675232, 113.122459412, 43.427482605, 3.28332281113, 36.242565155, 53.5154342651, -53.2065353394, 37.9749069214, -11.4446058273], [726.225891113, -223.372879028, 50.0103378296, 397.306793213, -85.496421814, 58.2796707153, -18.4573478699, 16.710811615, -17.8313732147, 14.788066864, -18.7371826172, 2.58658885956, 13.1896591187], [-2370.80175781, 214.990036011, 17.3243675232, -85.496421814, 477.049377441, -76.4204406738, 150.616943359, -40.9389152527, 78.4867858887, -40.8375549316, 87.5701828003, 22.1126441956, 34.3829612732], [549.732849121, -183.595306396, 113.122459412, 58.2796707153, -76.4204406738, 197.335037231, -13.6983757019, 16.7204456329, -10.5078201294, 17.2311840057, -37.2737007141, 0.639636158943, -15.180891037], [-1398.85424805, 60.7169113159, 43.427482605, -18.4573478699, 150.616943359, -13.6983757019, 189.495986938, 7.30176448822, 41.8475456238, -15.7985029221, 39.1379432678, 1.76626765728, 9.90488815308], [49.5263671875, -162.391448975, 3.28332281113, 16.710811615, -40.9389152527, 16.7204456329, 7.30176448822, 108.725997925, 12.6615180969, 16.3606300354, -12.9985713959, 0.84223484993, -8.77228736877], [-815.779541016, 75.1414642334, 36.242565155, -17.8313732147, 78.4867858887, -10.5078201294, 41.8475456238, 12.6615180969, 110.072761536, 11.2694683075, 19.9101600647, -14.516248703, 14.2818136215], [16.7242870331, -191.826004028, 53.5154342651, 14.788066864, -40.8375549316, 17.2311840057, -15.7985029221, 16.3606300354, 11.2694683075, 81.275642395, -4.18358802795, 4.56612539291, -7.5666475296], [-793.563049316, 177.834518433, -53.2065353394, -18.7371826172, 87.5701828003, -37.2737007141, 39.1379432678, -12.9985713959, 19.9101600647, -4.18358802795, 102.500671387, 16.8840179443, 13.4620952606], [-204.012756348, -177.928253174, 37.9749069214, 2.58658885956, 22.1126441956, 0.639636158943, 1.76626765728, 0.84223484993, -14.516248703, 4.56612539291, 16.8840179443, 78.3746337891, 9.90028190613], [-431.813934326, 64.397354126, -11.4446058273, 13.1896591187, 34.3829612732, -15.180891037, 9.90488815308, -8.77228736877, 14.2818136215, -7.5666475296, 13.4620952606, 9.90028190613, 64.9634933472]], "mean": [-57.6666259766, 119.338317871, -78.577331543, 5.78009319305, -60.2133178711, 13.5786314011, -35.9491996765, 1.4439445734, -22.8269443512, 0.7981107831, -15.2204818726, -2.91520285606, -10.7070388794], "icov": [[0.000105412516859, -0.00020625833713, 0.000190845283214, -0.000197831293917, 0.000188263991731, -0.000192319726921, 0.000339677324519, -9.756203508e-05, 0.000298864993965, -0.000294445635518, 0.000801881076768, -0.000511607213411, 0.000581177941058], [-0.00020625833713, 0.00101550237741, -1.20737254861e-07, 0.000585714529734, -0.000304999412037, 0.000341984938132, -0.000657374621369, 0.000844235473778, -0.000944703177083, 0.00154670281336, -0.00244255899452, 0.0022883056663, -0.00149575714022], [0.000190845283214, -1.20737254861e-07, 0.00206019845791, -0.000343925261404, 0.000239540779148, -0.00104348990135, 0.000155491899932, 0.000632897950709, -0.000298885948723, -0.000776089844294, 0.00198693410493, -0.00114066863898, 0.00112997821998], [-0.000197831293917, 0.000585714529734, -0.000343925261404, 0.00321305124089, 8.11523786979e-05, -0.000293162069283, -0.000735195004381, 0.000121990240586, -0.000288180075586, 0.000647959008347, -0.00187841209117, 0.0014726241352, -0.00228777551092], [0.000188263991731, -0.000304999412037, 0.000239540779148, 8.11523786979e-05, 0.00415582675487, 0.000325121625792, -0.00150952569675, 0.00112550461199, -0.0013420911273, 0.000903314852621, -5.77544051339e-05, -0.00182996154763, 0.000529149197973], [-0.000192319726921, 0.000341984938132, -0.00104348990135, -0.000293162069283, 0.000325121625792, 0.00658316258341, -0.000925924105104, -0.000174946704647, -0.000469492719276, 0.00021137369913, -0.000211135760765, 0.000637715798803, -0.000183417010703], [0.000339677324519, -0.000657374621369, 0.000155491899932, -0.000735195004381, -0.00150952569675, -0.000925924105104, 0.00879465229809, -0.001799516147, 7.88290781202e-05, 0.000194523003302, 0.000952086411417, -0.000862216867972, 0.00202424428426], [-9.756203508e-05, 0.000844235473778, 0.000632897950709, 0.000121990240586, 0.00112550461199, -0.000174946704647, -0.001799516147, 0.0113671422005, -0.00285286665894, -7.2420523793e-05, -0.000341103674145, 0.000453727028798, 0.000394390313886], [0.000298864993965, -0.000944703177083, -0.000298885948723, -0.000288180075586, -0.0013420911273, -0.000469492719276, 7.88290781202e-05, -0.00285286665894, 0.0137404371053, -0.00405103247613, 0.00131568463985, 0.00181132927537, -0.000909033929929], [-0.000294445635518, 0.00154670281336, -0.000776089844294, 0.000647959008347, 0.000903314852621, 0.00021137369913, 0.000194523003302, -7.2420523793e-05, -0.00405103247613, 0.0169931203127, -0.00482036871836, 0.00222554500215, -0.000697218347341], [0.000801881076768, -0.00244255899452, 0.00198693410493, -0.00187841209117, -5.77544051339e-05, -0.000211135760765, 0.000952086411417, -0.000341103674145, 0.00131568463985, -0.00482036871836, 0.0208841785789, -0.00889495480806, 0.00444995099679], [-0.000511607213411, 0.0022883056663, -0.00