{"tonal": {"chords_number_rate": 0.00105355575215, "thpcp": [1, 0.643637835979, 0.103394784033, 0.0328949838877, 0.0295810122043, 0.0965890809894, 0.153753757477, 0.0916097462177, 0.073616437614, 0.111077293754, 0.0768482238054, 0.124326854944, 0.17297501862, 0.0872391313314, 0.0757548063993, 0.11921620369, 0.0767958164215, 0.0378157198429, 0.0386798419058, 0.0356741212308, 0.15177822113, 0.314910113811, 0.225524008274, 0.0742928087711, 0.0722633674741, 0.0583436004817, 0.0396850481629, 0.0490830875933, 0.0433474890888, 0.0571203567088, 0.083900347352, 0.0634020641446, 0.0445746183395, 0.0612056069076, 0.104054041207, 0.508087873459], "hpcp": {"dvar": [0.0275368783623, 0.0255678165704, 0.0166379772127, 0.0165022928268, 0.0160713177174, 0.00993848312646, 0.0110707208514, 0.0085040833801, 0.0100031038746, 0.0141783375293, 0.0137931276113, 0.0147022698075, 0.0178466290236, 0.0271637234837, 0.0297742281109, 0.0389784947038, 0.0296239629388, 0.0200781803578, 0.0101395500824, 0.00770886056125, 0.0137337073684, 0.0168886855245, 0.0124048581347, 0.00975675787777, 0.011496514082, 0.00694244960323, 0.011826611124, 0.0159815363586, 0.0069968146272, 0.00748364534229, 0.011408874765, 0.00644921744242, 0.00351889198646, 0.00434215832502, 0.00523584755138, 0.011943156831], "mean": [0.251958757639, 0.180441170931, 0.0594414845109, 0.0578177310526, 0.0466805621982, 0.0317519046366, 0.0392712503672, 0.0346822142601, 0.0457018502057, 0.0671284496784, 0.0507278256118, 0.03566403687, 0.0489704459906, 0.0832533687353, 0.406519770622, 0.80009740591, 0.514972984791, 0.0827258974314, 0.0263191908598, 0.0236676912755, 0.0772806704044, 0.123017981648, 0.0732967182994, 0.0589003190398, 0.0888726562262, 0.0614860616624, 0.0994735956192, 0.138396859169, 0.0697998031974, 0.0606112219393, 0.0953845754266, 0.0614441335201, 0.0302562601864, 0.0309476424009, 0.0285427719355, 0.121437355876], "min": [0, 0, 0, 0, 0, 0, 0, 0, 0, 0, 0, 0, 0, 0, 0, 0, 0, 0, 0, 0, 0, 0, 0, 0, 0, 0, 0, 0, 0, 0, 0, 0, 0, 0, 0, 0], "median": [0.146387115121, 0.101550377905, 0.0150152640417, 0.00284840166569, 0.00351490289904, 0.0058950711973, 0.00465228175744, 0.00730666192248, 0.0110648581758, 0.00915176142007, 0.00290810479783, 0.00475758221, 0.00717185204849, 0.0182727668434, 0.384072303772, 1, 0.532592713833, 0.0358399525285, 0.00141281983815, 0.00192879943643, 0.00725382938981, 0.0148451551795, 0.0125836869702, 0.00331415631808, 0.00185394613072, 0.00739366281778, 0.0430052243173, 0.0574776642025, 0.0273491367698, 0.00238838372752, 0.0016763175372, 0.00423982925713, 0.00656338594854, 0.00503923511133, 0.00404495932162, 0.0596765764058], "dvar2": [0.0673743486404, 0.0639135465026, 0.045787345618, 0.0456017814577, 0.0456885397434, 0.0290796365589, 0.0312477573752, 0.0237181317061, 0.0268651526421, 0.0378915257752, 0.038327742368, 0.0417620018125, 0.0510270297527, 0.0778033807874, 0.0792779177427, 0.0939999297261, 0.0762057378888, 0.0557575672865, 0.0281630717218, 0.0215006433427, 0.0360809229314, 0.0393688157201, 0.0358933098614, 0.0264429450035, 0.0278427824378, 0.0168218631297, 0.0277978181839, 0.0355378873646, 0.0166688170284, 0.0183065086603, 0.0246510021389, 0.0151595091447, 0.00961867254227, 0.0111466869712, 0.0142144402489, 0.0311192888767], "var": [0.0745559036732, 0.0464606098831, 0.0145790670067, 0.0224131830037, 0.0165003761649, 0.00689645204693, 0.010651323013, 0.00714594870806, 0.0108950743452, 0.0239656195045, 0.0174674503505, 0.0125984149054, 0.0180462207645, 0.0271003134549, 0.0582173503935, 0.0914385095239, 0.0598493367434, 0.0184817314148, 0.00937431491911, 0.00614322442561, 0.0281710326672, 0.0608292706311, 0.0226787757128, 0.0241481792182, 0.056845664978, 0.0200360901654, 0.0244664028287, 0.0444035306573, 0.015408013016, 0.0260507240891, 0.0638286396861, 0.0249051488936, 0.00817632395774, 0.0125085348263, 0.00783606339246, 0.0285084955394], "dmean2": [0.197800397873, 0.17919190228, 0.101948998868, 0.0827746465802, 0.0750180408359, 0.0603458173573, 0.0652381256223, 0.0592880807817, 0.0710625872016, 0.0851658657193, 0.0775935649872, 0.0718702822924, 0.0941728577018, 0.157519191504, 0.265810638666, 0.217785254121, 0.281511574984, 0.145104855299, 0.0569758266211, 0.0517705529928, 0.0812256261706, 0.0941135659814, 0.0790064781904, 0.0573506653309, 0.0578159354627, 0.0557821393013, 0.0953305438161, 0.116149395704, 0.069531224668, 0.0513556748629, 0.0548314899206, 0.0473132357001, 0.0320672318339, 0.0326836109161, 0.0437165386975, 0.110587723553], "max": [1, 1, 1, 1, 1, 1, 1, 1, 1, 1, 1, 1, 1, 1, 1, 1, 1, 1, 1, 1, 1, 1, 1, 1, 1, 1, 1, 1, 1, 1, 1, 1, 1, 1, 1, 1], "dmean": [0.121539436281, 0.107758186758, 0.0571106038988, 0.0469182692468, 0.04196979478, 0.0329822823405, 0.0366938151419, 0.0338940098882, 0.0405805744231, 0.0496455281973, 0.0437476187944, 0.0393683575094, 0.0516182854772, 0.088420599699, 0.158408492804, 0.127931043506, 0.171095341444, 0.0819018706679, 0.0310794208199, 0.0286040846258, 0.0486913211644, 0.0577806197107, 0.0472735203803, 0.033709384501, 0.0345792099833, 0.0343332141638, 0.0610487647355, 0.0754431709647, 0.0436324365437, 0.030758548528, 0.0333370380104, 0.0295467954129, 0.0191310737282, 0.0192738324404, 0.0248387362808, 0.0667972639203]}, "key_strength": 0.645536422729, "chords_strength": {"dvar": 2.45823121077e-05, "mean": 0.516428947449, "min": 0.248408958316, "median": 0.513195931911, "dvar2": 2.07703469641e-05, "var": 0.00683718547225, "dmean2": 0.00495574669912, "max": 0.715428233147, "dmean": 0.00531439483166}, "tuning_equal_tempered_deviation": 0.0146378558129, "chords_key": "D", "tuning_frequency": 440.763122559, "chords_scale": "major", "chords_changes_rate": 0.0235294122249, "key_scale": "minor", "tuning_diatonic_strength": 0.510212957859, "hpcp_entropy": {"dvar": 0.235600054264, "mean": 1.29338574409, "min": 0, "median": 1.32238042355, "dvar2": 0.601367354393, "var": 0.648627996445, "dmean2": 0.895135819912, "max": 3.78488898277, "dmean": 0.528751969337}, "chords_histogram": [7.39244937897, 4.67076396942, 11.2379283905, 0.0351185239851, 0.210711151361, 0.158033356071, 0.175592631102, 7.88410902023, 4.26690101624, 63.3186988831, 0.140474095941, 0.298507452011, 0.210711151361, 0, 0, 0, 0, 0, 0, 0, 0, 0, 0, 0], "tuning_nontempered_energy_ratio": 0.645235657692, "key_key": "G"}, "metadata": {"version": {"extractor": "music 1.0", "essentia_build_sha": "70f2e5ece6736b2c40cc944ad0e695b16b925413", "essentia": "2.1-beta2", "essentia_git_sha": "v2.1_beta2"}, "audio_properties": {"sample_rate": 44100, "length": 264.399993896, "lossless": true, "analysis_sample_rate": 44100, "downmix": "mix", "bit_rate": 0, "equal_loudness": 0, "md5_encoded": "58919c15d331b2393084c323f98578f1", "codec": "flac", "replay_gain": -15.14544487}, "tags": {"disctotal": ["1"], "genre": ["Inconnu"], "catalognumber": ["NV820811"], "releasecountry": ["FR"], "musicbrainz_recordingid": ["b9034b06-452a-4747-9982-432e5fb25b77"], "title": ["Buffet"], "releasetype": ["album"], "discnumber": ["1"], "artistsort": ["We Have Band"], "originaldate": ["2010-04-03"], "musicbrainz_artistid": ["b83b1cc7-38ea-4a6c-bd87-9853f0034fab"], "tracknumber": ["2"], "musicbrainz_albumartistid": ["b83b1cc7-38ea-4a6c-bd87-9853f0034fab"], "totaltracks": ["12"], "barcode": ["3298498208115"], "tracktotal": ["12"], "date": ["2010-04-05"], "acoustid_id": ["935caf70-edfa-48cb-8ee2-69c03565f54a"], "albumartistsort": ["We Have Band"], "musicbrainz_releasegroupid": ["0ee0c0e0-8d9d-469a-82ec-ceafa02b5b13"], "media": ["CD"], "label": ["naïve"], "albumartist": ["We Have Band"], "asin": ["B0036BRPKS"], "script": ["Latn"], "musicbrainz_albumid": ["bf36aa2d-54fc-4a9e-8b4c-380b9047ed97"], "file_name": "02 - Buffet.flac", "releasestatus": ["official"], "totaldiscs": ["1"], "album": ["WHB"], "artist": ["We Have Band"]}}, "lowlevel": {"melbands": {"dvar": [1.00245983958e-06, 4.49444286232e-07, 7.9026625599e-07, 1.86090403531e-07, 7.17834780062e-07, 3.92505796754e-07, 3.68746384538e-08, 2.12628865626e-08, 2.04716755547e-07, 1.06529263633e-07, 6.40338697622e-08, 3.24544018326e-08, 1.88497288889e-08, 8.37151059585e-09, 5.40567057783e-09, 3.89449050786e-09, 1.87236515181e-09, 6.93594681689e-10, 3.63089336375e-10, 1.82632159396e-10, 1.0760323188e-10, 5.20837158124e-11, 7.12874759223e-11, 8.68208369781e-12, 1.65873877134e-11, 2.98428087797e-11, 5.58267885045e-12, 1.47762997584e-12, 2.64187218109e-12, 2.16290462103e-12, 1.67480059769e-12, 7.97744194921e-13, 6.21815207831e-13, 7.20375040002e-13, 9.99033971869e-13, 1.18312846499e-12, 1.46444000589e-12, 1.42295756341e-12, 1.67671453978e-12, 2.14550903085e-12], "mean": [0.000651252805255, 0.0010031927377, 0.00158744130749, 0.000676066672895, 0.00161651871167, 0.000832652614918, 0.000256999162957, 0.000199655129109, 0.00062416534638, 0.000316863704938, 0.000213831488509, 0.00023172138026, 0.000106256396975, 0.000101969606476, 7.19188537914e-05, 5.41832741874e-05, 3.58535289706e-05, 2.32966158364e-05, 1.79188682523e-05, 1.15662696771e-05, 8.56307633512e-06, 6.71686348142e-06, 5.65858044865e-06, 2.94492633657e-06, 4.10646089222e-06, 6.38334358882e-06, 2.66293341156e-06, 1.30087266825e-06, 2.01080274564e-06, 1.71629778833e-06, 9.00087911759e-07, 8.21176570298e-07, 6.78104811414e-07, 4.88499495077e-07, 5.00274722981e-07, 4.25519232294e-07, 4.74753676372e-07, 4.59518304297e-07, 4.20626719233e-07, 4.49996662155e-07], "min": [1.4251310256e-23, 3.88340959182e-24, 4.1968827996e-24, 6.41601794575e-24, 9.7737562683e-24, 9.80017916432e-24, 6.87215704267e-24, 4.18346861434e-24, 7.18813527825e-24, 5.41659192112e-24, 2.94848458189e-24, 7.20863698432e-24, 8.09330899078e-24, 8.06849615987e-24, 4.49869782649e-24, 5.97399038713e-24, 1.09364339018e-23, 6.40164726664e-24, 5.32836177318e-24, 5.92860366938e-24, 8.67577075104e-24, 6.73716085368e-24, 9.6078998407e-24, 3.2213825318e-24, 1.04158685348e-23, 4.48034142766e-24, 6.6716822431e-24, 7.08715319378e-24, 1.03038258315e-23, 9.37095600149e-24, 9.54142647652e-24, 7.63087241726e-24, 6.78151298035e-24, 8.81630789903e-24, 1.30440170162e-23, 1.16451268175e-23, 1.10678423514e-23, 8.90999380899e-24, 1.08156482532e-23, 8.70217392554e-24], "median": [0.000114457710879, 0.000519093067851, 0.000992127577774, 0.000251603196375, 0.000945804757066, 0.000493127387017, 0.000106339983176, 0.000101901721791, 0.000349323789123, 0.000117961943033, 8.33081503515e-05, 0.00012151064584, 3.06615256704e-05, 6.00575367571e-05, 3.78950062441e-05, 2.02134469873e-05, 1.55423113029e-05, 1.09957964014e-05, 7.27386486687e-06, 4.34224057244e-06, 3.75872104996e-06, 2.97249948744e-06, 1.93270579985e-06, 1.19636331419e-06, 8.93363392152e-07, 1.84802411241e-06, 8.34903516989e-07, 3.33996752033e-07, 5.31835496531e-07, 3.92913193537e-07, 2.22103437864e-07, 1.99520812316e-07, 2.1135356576e-07, 9.72435501012e-08, 1.29761431822e-07, 7.33694918154e-08, 7.1211310626e-08, 6.26575058504e-08, 4.47579679985e-08, 3.36774910181e-08], "dvar2": [2.38172128775e-06, 1.11396775537e-06, 1.79557991942e-06, 4.36567233919e-07, 1.71148496975e-06, 1.176237447e-06, 9.40987021636e-08, 5.09614466182e-08, 4.36907839685e-07, 2.41807043722e-07, 1.70745110495e-07, 7.49884421225e-08, 4.47929728864e-08, 2.1561644914e-08, 1.33003128511e-08, 9.78467440405e-09, 4.94214758007e-09, 1.77449865912e-09, 8.67640792546e-10, 4.11979061976e-10, 2.74431061209e-10, 1.33687519388e-10, 1.88858539918e-10, 2.16488025423e-11, 3.92245125269e-11, 7.4092065816e-11, 1.36666788997e-11, 3.44104866129e-12, 6.86974565775e-12, 5.17328627853e-12, 4.17074404527e-12, 1.91382456757e-12, 1.46323458992e-12, 1.60255760485e-12, 2.08924609384e-12, 2.47544801497e-12, 3.05004871186e-12, 2.92312680138e-12, 3.7815731449e-12, 4.35276250807e-12], "var": [1.45479100411e-06, 1.95819802684e-06, 3.15619649882e-06, 9.86285158433e-07, 3.31716751134e-06, 1.05799085759e-06, 1.57031664116e-07, 7.68370611581e-08, 6.12923713561e-07, 4.34583796505e-07, 2.02397814064e-07, 9.96662379293e-08, 5.08921047526e-08, 1.82255899261e-08, 1.39773801422e-08, 9.8452428432e-09, 3.65150776283e-09, 1.42236011857e-09, 1.1344694073e-09, 5.85540060882e-10, 2.56057924863e-10, 1.38273378858e-10, 1.93183746777e-10, 2.23044482189e-11, 6.52069578888e-11, 9.98281249331e-11, 1.6769278674e-11, 4.72652039035e-12, 9.09528615617e-12, 7.32478053905e-12, 3.13766113785e-12, 2.05626401323e-12, 1.51582284051e-12, 1.62984653985e-12, 2.52720457408e-12, 2.96134124167e-12, 3.70309815798e-12, 3.71264997912e-12, 3.46105067349e-12, 4.44392266041e-12], "dmean2": [0.000681615201756, 0.000579041312449, 0.000735814333893, 0.000335455610184, 0.000861793232616, 0.000545255781617, 0.000163700722624, 0.000137793424074, 0.000433136883657, 0.000209259291296, 0.000154278517584, 0.000162195385201, 8.18936168798e-05, 9.02572937775e-05, 6.23227460892e-05, 4.64624790766e-05, 3.38689533237e-05, 2.24373034143e-05, 1.52802658704e-05, 1.03003585536e-05, 7.69907546783e-06, 5.66680500924e-06, 4.86706812808e-06, 2.40697977461e-06, 2.94468986795e-06, 4.57037640444e-06, 1.89079923985e-06, 9.14129941521e-07, 1.31450929075e-06, 1.16944102047e-06, 8.03882642231e-07, 5.98283122599e-07, 5.38152619356e-07, 3.96334371544e-07, 4.03869137244e-07, 3.60689398349e-07, 4.12913948367e-07, 3.69037621795e-07, 3.54383786316e-07, 3.96148266191e-07], "max": [0.013229620643, 0.014073241502, 0.0173400714993, 0.00891134887934, 0.0183026753366, 0.00987362675369, 0.00432125246152, 0.00333614554256, 0.00748420320451, 0.0113324737176, 0.00836186297238, 0.00387657969259, 0.0036099543795, 0.00186624494381, 0.00244835019112, 0.0015775305219, 0.00127018766943, 0.000567555660382, 0.000566067465115, 0.000420770025812, 0.000313117197948, 0.000169849983649, 0.000309664144879, 5.42678317288e-05, 8.40094799059e-05, 9.50006578933e-05, 5.2447168855e-05, 4.36646332673e-05, 5.70064039493e-05, 2.83779336314e-05, 3.75796225853e-05, 2.05125252251e-05, 1.66512836586e-05, 2.54784372373e-05, 3.14327116939e-05, 4.38336974184e-05, 3.822564031e-05, 3.9092341467e-05, 4.72124302178e-05, 4.89585072501e-05], "dmean": [0.00044893915765, 0.000369835848687, 0.000504418800119, 0.000217676730244, 0.000594741199166, 0.000337261211826, 0.000105876963062, 8.96801284398e-05, 0.000303780660033, 0.000139265117468, 0.000100074081274, 0.000109510321636, 5.30067991349e-05, 5.63133908145e-05, 3.90368077205e-05, 2.90626867354e-05, 2.08082074096e-05, 1.37362976602e-05, 9.62342619459e-06, 6.50423271509e-06, 4.72953661301e-06, 3.4617894471e-06, 3.0132109714e-06, 1.50563312218e-06, 1.87417026609e-06, 2.83601252704e-06, 1.17638614938e-06, 5.71011923967e-07, 8.13577230474e-07, 7.35564753995e-07, 4.94978905863e-07, 3.79333243927e-07, 3.36231551046e-07, 2.55599502452e-07, 2.6710827683e-07, 2.3917755243e-07, 2.75270281236e-07, 2.5222979616e-07, 2.40549780983e-07, 2.72698883919e-07]}, "spectral_decrease": {"dvar": 2.92586645319e-18, "mean": -7.57758655823e-09, "min": -2.50353728859e-08, "median": -7.11957248711e-09, "dvar2": 6.63362000371e-18, "var": 2.50361415969e-17, "dmean2": 2.15853823704e-09, "max": 1.60528848833e-29, "dmean": 1.45746492652e-09}, "spectral_rolloff": {"dvar": 333720.65625, "mean": 830.676086426, "min": 64.599609375, "median": 753.662109375, "dvar2": 834393.375, "var": 511659.9375, "dmean2": 319.167175293, "max": 19013.8183594, "dmean": 187.903656006}, "melbands_crest": {"dvar": 6.53017759323, "mean": 14.1252336502, "min": 1.90903198719, "median": 13.2953243256, "dvar2": 16.2613754272, "var": 24.9321727753, "dmean2": 3.94772028923, "max": 34.4297370911, "dmean": 2.55334496498}, "barkbands_skewness": {"dvar": 0.110661908984, "mean": 1.48614156246, "min": -2.04520201683, "median": 1.41431617737, "dvar2": 0.249942213297, "var": 0.563717007637, "dmean2": 0.526530921459, "max": 5.81895112991, "dmean": 0.356685847044}, "spectral_centroid": {"dvar": 19810.5195312, "mean": 690.332702637, "min": 222.444778442, "median": 649.651977539, "dvar2": 43252.625, "var": 90587.15625, "dmean2": 130.995651245, "max": 10981.0888672, "dmean": 86.9610977173}, "spectral_energyband_middle_low": {"dvar": 2.8271919291e-05, "mean": 0.0202824212611, "min": 2.71778611502e-22, "median": 0.0185003001243, "dvar2": 6.92253379384e-05, "var": 0.000207471603062, "dmean2": 0.00649643968791, "max": 0.0875716134906, "dmean": 0.00435473257676}, "erbbands_crest": {"dvar": 5.06067562103, "mean": 10.8536214828, "min": 2.24419689178, "median": 10.0419454575, "dvar2": 12.7700824738, "var": 18.0138816833, "dmean2": 3.88847327232, "max": 30.6233520508, "dmean": 2.46101140976}, "dynamic_complexity": 3.69577074051, "spectral_energyband_low": {"dvar": 1.89508045878e-05, "mean": 0.00768504850566, "min": 6.24227590676e-23, "median": 0.00526100350544, "dvar2": 4.31571716035e-05, "var": 6.01643005211e-05, "dmean2": 0.00398661755025, "max": 0.0593133121729, "dmean": 0.00273216003552}, "silence_rate_60dB": {"dvar": 0.00870403181762, "mean": 0.0821917802095, "min": 0, "median": 0, "dvar2": 0.0198885444552, "var": 0.0754345357418, "dmean2": 0.0175654310733, "max": 1, "dmean": 0.00878194440156}, "erbbands_kurtosis": {"dvar": 1.04800391197, "mean": 1.13675558567, "min": -1.66374850273, "median": 0.699402332306, "dvar2": 2.46545600891, "var": 3.360673666, "dmean2": 1.33035516739, "max": 28.0669975281, "dmean": 0.868230104446}, "spectral_complexity": {"dvar": 4.9538397789, "mean": 15.0206356049, "min": 0, "median": 14, "dvar2": 10.8420000076, "var": 52.3032684326, "dmean2": 3.2254524231, "max": 49, "dmean": 2.00649857521}, "barkbands_crest": {"dvar": 3.5899617672, "mean": 9.21494007111, "min": 3.18669271469, "median": 8.67303276062, "dvar2": 9.09960651398, "var": 9.10007858276, "dmean2": 2.85961866379, "max": 23.6391735077, "dmean": 1.81441164017}, "spectral_energy": {"dvar": 4.42168275185e-05, "mean": 0.0300313606858, "min": 1.05482265583e-20, "median": 0.0282280109823, "dvar2": 0.000100256875157, "var": 0.00039248977555, "dmean2": 0.00843343790621, "max": 0.0988532677293, "dmean": 0.00569134671241}, "spectral_spread": {"dvar": 417383874560, "mean": 3325822.25, "min": 510191.6875, "median": 3167737.75, "dvar2": 723482247168, "var": 3217503027200.0, "dmean2": 561534.0625, "max": 40997184, "dmean": 382092.65625}, "spectral_contrast_valleys": {"dvar": [0.201117828488, 0.151210173965, 0.0957631394267, 0.100765921175, 0.0879926458001, 0.215433254838], "mean": [-7.98621749878, -7.12031936646, -7.53145313263, -8.34946155548, -8.69672679901, -11.5546274185], "min": [-27.6208095551, -27.5825138092, -27.6210269928, -27.1406841278, -27.3454723358, -27.3247871399], "median": [-7.60918331146, -6.76886224747, -7.18481826782, -8.04651260376, -8.40933418274, -10.965089798], "dvar2": [0.428743571043, 0.361221462488, 0.227123364806, 0.225018277764, 0.186806812882, 0.505248606205], "var": [2.48769688606, 2.11099791527, 2.02920937538, 1.95564544201, 2.13096618652, 3.46882581711], "dmean2": [0.675285220146, 0.609362065792, 0.492021620274, 0.470507264137, 0.368408620358, 0.49142998457], "max": [-5.24097633362, -4.70398044586, -5.30993700027, -5.83272743225, -6.24899721146, -7.70451784134], "dmean": [0.431951731443, 0.377111315727, 0.303761154413, 0.299588888884, 0.241733700037, 0.327705651522]}, "spectral_rms": {"dvar": 2.89544146881e-07, "mean": 0.00502354418859, "min": 3.20795148258e-12, "median": 0.00524781132117, "dvar2": 6.30741283203e-07, "var": 4.06289063903e-06, "dmean2": 0.000722205208149, "max": 0.00982049945742, "dmean": 0.000494857144076}, "barkbands_spread": {"dvar": 11.2788257599, "mean": 11.0166978836, "min": 1.42175662518, "median": 9.65926551819, "dvar2": 23.3668403625, "var": 51.063873291, "dmean2": 3.35174751282, "max": 94.9220352173, "dmean": 2.25974440575}, "pitch_salience": {"dvar": 0.00262896670029, "mean": 0.549860060215, "min": 0.143935337663, "median": 0.555593669415, "dvar2": 0.00635525258258, "var": 0.0106378020719, "dmean2": 0.0817558318377, "max": 0.940525710583, "dmean": 0.0527980998158}, "erbbands_skewness": {"dvar": 0.0607715547085, "mean": 0.629266917706, "min": -1.55240786076, "median": 0.603511869907, "dvar2": 0.143333718181, "var": 0.324681311846, "dmean2": 0.431803315878, "max": 3.84304213524, "dmean": 0.284824192524}, "spectral_energyband_middle_high": {"dvar": 4.3153745537e-06, "mean": 0.00479559553787, "min": 1.36360885538e-21, "median": 0.00310091185383, "dvar2": 1.05001736301e-05, "var": 2.58682230196e-05, "dmean2": 0.00213320413604, "max": 0.044065926224, "dmean": 0.00138945737854}, "erbbands": {"dvar": [0.0131856771186, 0.536129772663, 1.73112487793, 35.3159103394, 25.11835289, 70.6132354736, 907.81854248, 898.89276123, 164.19392395, 143.186782837, 3127.50146484, 3232.07348633, 2401.98706055, 1611.93505859, 1299.77416992, 1466.54980469, 583.597839355, 579.89666748, 241.87953186, 133.580886841, 56.8638687134, 46.1135902405, 15.5567893982, 19.3650741577, 34.9270553589, 3.01342058182, 5.5890545845, 4.52147197723, 2.19949293137, 1.78762090206, 2.78514385223, 3.27942085266, 2.66128563881, 2.39871883392, 1.08272016048, 0.102501027286, 0.00340958521701, 0.000260043219896, 2.40720260081e-06, 5.33082067378e-09], "mean": [0.0652246326208, 0.589797258377, 2.11937856674, 10.3231420517, 7.92333126068, 13.7628202438, 55.5407943726, 34.7507209778, 17.4761486053, 15.2545785904, 75.2735061646, 55.6718635559, 43.5133552551, 55.2986297607, 31.2435817719, 41.4002037048, 24.0719013214, 21.1301860809, 14.9495429993, 10.9412679672, 7.3439002037, 6.33720207214, 4.18836545944, 5.2016248703, 7.09896802902, 2.30511498451, 3.20295715332, 1.8796864748, 1.43262982368, 0.953648030758, 0.831637144089, 0.754452824593, 0.646985113621, 0.519210577011, 0.287067353725, 0.0899485945702, 0.0212405472994, 0.00505674630404, 0.0005917957169, 6.4689287683e-05], "min": [1.52150543663e-21, 5.1440060083e-21, 5.87594775931e-21, 2.21741531325e-20, 4.9132050075e-20, 1.38315041574e-19, 2.73553643354e-19, 3.81176251697e-19, 4.86055205345e-19, 3.70453690362e-19, 9.54087902902e-19, 9.76616063487e-19, 6.64758270905e-19, 1.77696552191e-18, 2.26688061049e-18, 2.22122499696e-18, 2.16676177107e-18, 5.82926502657e-18, 5.4660074198e-18, 4.92125439251e-18, 7.71340461814e-18, 8.27407508195e-18, 5.42385719092e-18, 1.17859770788e-17, 6.92714463049e-18, 1.11588228005e-17, 1.61114815185e-17, 1.54611984431e-17, 1.48831497418e-17, 1.45117125595e-17, 2.27211608474e-17, 1.84702813338e-17, 1.44401581278e-17, 1.10778980668e-17, 8.33444106869e-18, 4.96779529609e-18, 2.41281925878e-18, 1.17279807578e-18, 3.22295803786e-19, 3.00157930278e-20], "median": [0.0097519736737, 0.126236379147, 1.06115686893, 5.7577662468, 4.64807748795, 7.78419399261, 31.1365814209, 18.4112796783, 7.64022350311, 6.74010848999, 43.2481117249, 21.5689811707, 17.9039554596, 30.4203796387, 12.8377761841, 24.9846343994, 10.0243377686, 9.53412914276, 7.37104511261, 4.18878364563, 3.51787114143, 2.80381584167, 1.73343253136, 1.48028922081, 2.21937799454, 0.733327269554, 0.835887432098, 0.465924978256, 0.377370178699, 0.238880425692, 0.208014577627, 0.122150465846, 0.0893943160772, 0.0451197177172, 0.0158334523439, 0.00415555154905, 0.000936177675612, 0.000183580224984, 3.66970925825e-05, 3.79899029213e-05], "dvar2": [0.030311698094, 1.35440945625, 4.15320825577, 77.2709732056, 58.8670806885, 166.402664185, 2137.50512695, 2734.42871094, 411.654632568, 353.862762451, 6583.71337891, 7168.51025391, 6435.47070312, 3712.76196289, 3189.79174805, 3708.82446289, 1446.59667969, 1522.31811523, 620.954223633, 306.753936768, 142.326339722, 119.515510559, 39.0481071472, 45.0676422119, 87.1353759766, 6.81053876877, 13.7714338303, 10.960975647, 5.09978532791, 3.8031027317, 5.66363811493, 6.57183361053, 5.41093206406, 4.79524612427, 2.31072282791, 0.217237338424, 0.00588786834851, 0.00041628771578, 4.03236026614e-06, 9.10138808763e-09], "var": [0.017497709021, 0.998259902, 10.9323205948, 151.085693359, 112.984184265, 314.219482422, 4265.37890625, 2301.97485352, 746.582458496, 564.459899902, 8649.44335938, 13974.1425781, 7516.27197266, 5034.13916016, 3306.19042969, 3040.17236328, 1675.84265137, 1168.93395996, 481.458435059, 494.040039062, 161.425476074, 143.136398315, 50.7198410034, 82.6358413696, 110.749816895, 11.7891807556, 22.4781990051, 10.6647529602, 6.09601163864, 4.64991950989, 7.57171058655, 8.97532939911, 7.12638378143, 5.42231321335, 2.21735525131, 0.215935453773, 0.0113607998937, 0.000905227381736, 8.5269284682e-06, 2.11684234586e-08], "dmean2": [0.0753681212664, 0.523995280266, 1.0726993084, 4.70748710632, 4.00093269348, 6.88496303558, 29.8832473755, 23.9369697571, 10.7418622971, 10.0333623886, 53.2910499573, 34.8797874451, 30.2859134674, 37.3394737244, 22.9700584412, 38.0316543579, 18.0826187134, 18.7107696533, 13.7076416016, 8.45746517181, 5.8092250824, 4.89401960373, 2.96947932243, 3.31769323349, 5.01504230499, 1.3371553421, 1.91959857941, 1.35513830185, 0.978158712387, 0.678747296333, 0.627634108067, 0.605376005173, 0.489807963371, 0.419940322638, 0.238966435194, 0.0720266699791, 0.0153004843742, 0.00394053757191, 0.000496341148391, 3.18497113767e-05], "max": [1.32047760487, 11.390958786, 36.2762565613, 123.669433594, 115.812225342, 237.283279419, 658.148376465, 477.899169922, 326.084136963, 271.738494873, 951.058288574, 2120.51000977, 1668.56225586, 890.42956543, 973.926208496, 806.298522949, 621.673095703, 750.997009277, 373.531646729, 427.240234375, 196.487823486, 194.209213257, 109.496498108, 92.3560256958, 107.045326233, 59.1289253235, 65.9738082886, 51.7996444702, 32.23853302, 34.9781990051, 57.3966789246, 51.7069854736, 48.7290306091, 46.205532074, 42.7031745911, 12.940580368, 2.82116222382, 1.25004577637, 0.0958728864789, 0.0042182803154], "dmean": [0.0506809316576, 0.337206453085, 0.684919416904, 3.25865697861, 2.65033054352, 4.43625879288, 20.8352184296, 14.6023044586, 6.95395994186, 6.43157339096, 37.4300689697, 23.3775939941, 19.5946140289, 25.2132511139, 14.734919548, 23.5095443726, 11.4472522736, 11.5313434601, 8.38006305695, 5.38411903381, 3.6102707386, 3.02774953842, 1.86753022671, 2.12165403366, 3.10132646561, 0.846749782562, 1.21233546734, 0.843579232693, 0.626210033894, 0.440654724836, 0.423012077808, 0.411306619644, 0.33915963769, 0.296278446913, 0.165913283825, 0.0524858534336, 0.0113263186067, 0.00284503423609, 0.000340617349138, 2.19962184929e-05]}, "dissonance": {"dvar": 0.000696396047715, "mean": 0.411660850048, "min": 0.179942756891, "median": 0.430346846581, "dvar2": 0.00184206594713, "var": 0.00420736335218, "dmean2": 0.0477890856564, "max": 0.499995738268, "dmean": 0.0287818387151}, "erbbands_flatness_db": {"dvar": 0.000313274736982, "mean": 0.213286295533, "min": 0.0271469485015, "median": 0.204555273056, "dvar2": 0.000644295592792, "var": 0.00422156509012, "dmean2": 0.0228071808815, "max": 0.452236056328, "dmean": 0.0159042552114}, "melbands_kurtosis": {"dvar": 15.9459791183, "mean": 6.868704319, "min": -1.54403233528, "median": 4.79929065704, "dvar2": 37.5605201721, "var": 53.994846344, "dmean2": 4.39171361923, "max": 80.643119812, "dmean": 2.91244578362}, "melbands_spread": {"dvar": 9.47976016998, "mean": 12.9735975266, "min": 1.73711919785, "median": 12.2825698853, "dvar2": 19.4276752472, "var": 40.6884803772, "dmean2": 3.88201475143, "max": 149.675613403, "dmean": 2.57317209244}, "melbands_skewness": {"dvar": 0.179414987564, "mean": 1.88069713116, "min": -1.22841000557, "median": 1.78578305244, "dvar2": 0.398619771004, "var": 0.932918548584, "dmean2": 0.633866548538, "max": 7.82423639297, "dmean": 0.435914218426}, "spectral_entropy": {"dvar": 0.0308235976845, "mean": 6.82738018036, "min": 4.62113714218, "median": 6.90964794159, "dvar2": 0.067688472569, "var": 0.398769527674, "dmean2": 0.226692572236, "max": 9.80420589447, "dmean": 0.154818236828}, "zerocrossingrate": {"dvar": 5.61512097192e-05, "mean": 0.0355667956173, "min": 0.00732421875, "median": 0.03125, "dvar2": 6.17072510067e-05, "var": 0.00058309850283, "dmean2": 0.00593283586204, "max": 0.48876953125, "dmean": 0.00498383911327}, "average_loudness": 0.823969602585, "spectral_contrast_coeffs": {"dvar": [0.0017053646734, 0.00199855235405, 0.00114092871081, 0.000824680551887, 0.00039128473145, 0.000385260762414], "mean": [-0.544456720352, -0.6243891716, -0.696482777596, -0.743125200272, -0.773155391216, -0.765742242336], "min": [-0.951900362968, -0.971550583839, -0.975642204285, -0.991018295288, -0.964409708977, -0.963406085968], "median": [-0.555131733418, -0.627290844917, -0.701447725296, -0.745875060558, -0.774482369423, -0.760097384453], "dvar2": [0.00388098671101, 0.00486858328804, 0.00281360815279, 0.00205360143445, 0.000965615792666, 0.000958171207458], "var": [0.0128390789032, 0.00776958884671, 0.00507622864097, 0.00325758266263, 0.00191426102538, 0.00226089474745], "dmean2": [0.0685655623674, 0.0770571157336, 0.0609044879675, 0.0513133481145, 0.0343938209116, 0.0301506053656], "max": [-0.227652549744, -0.340548634529, -0.472065091133, -0.563646614552, -0.620713591576, -0.615731358528], "dmean": [0.0437191948295, 0.0481474325061, 0.0380978323519, 0.0317895114422, 0.0212379675359, 0.0187489893287]}, "barkbands_flatness_db": {"dvar": 0.000338754151016, "mean": 0.188860744238, "min": 0.0338047295809, "median": 0.176303952932, "dvar2": 0.000799445959274, "var": 0.00476969545707, "dmean2": 0.0250626858324, "max": 0.448311835527, "dmean": 0.016709016636}, "silence_rate_30dB": {"dvar": 0, "mean": 1, "min": 1, "median": 1, "dvar2": 0, "var": 0, "dmean2": 0, "max": 1, "dmean": 0}, "spectral_energyband_high": {"dvar": 9.28834040792e-08, "mean": 0.000257615029113, "min": 7.47234252585e-21, "median": 6.13983283984e-05, "dvar2": 1.54775037231e-07, "var": 3.6311055851e-07, "dmean2": 0.00013157997455, "max": 0.00781288743019, "dmean": 9.50403336901e-05}, "melbands_flatness_db": {"dvar": 0.000409603380831, "mean": 0.26839864254, "min": 0.00551133137196, "median": 0.254315495491, "dvar2": 0.000971738423686, "var": 0.00598892616108, "dmean2": 0.0271846633404, "max": 0.565194964409, "dmean": 0.0180911310017}, "barkbands": {"dvar": [1.71047815911e-08, 1.15233515317e-05, 2.11875999412e-06, 5.64102629141e-06, 4.9732198022e-06, 1.17938252515e-05, 6.3433719788e-07, 4.17621731685e-06, 4.48130913355e-06, 2.78207835436e-06, 9.47243904648e-07, 6.65856987325e-07, 3.31897638262e-07, 1.58788054705e-07, 8.3199374501e-08, 2.042298064e-08, 2.71380784511e-08, 3.32148686333e-09, 1.32922961527e-08, 1.58864854605e-09, 2.94627122699e-09, 1.43267009367e-09, 2.99545743765e-09, 8.04492650275e-09, 1.78487855607e-08, 2.31783947591e-09, 1.00474052689e-10], "mean": [8.98549551493e-05, 0.0024644206278, 0.00232953461818, 0.00379047822207, 0.0044875992462, 0.00587925920263, 0.000921452126931, 0.00268062064424, 0.00217588664964, 0.00168467662297, 0.000776228436735, 0.000872275675647, 0.000515451305546, 0.000334302487317, 0.000269555835985, 0.000126633327454, 0.000144580553751, 5.92583746766e-05, 0.000150329404278, 4.71336170449e-05, 6.64886829327e-05, 3.67966968042e-05, 2.87326784019e-05, 3.78665426979e-05, 4.35007059423e-05, 1.47418895722e-05, 3.66309291167e-06], "min": [5.52453933185e-23, 3.10140412452e-23, 3.26725124356e-24, 8.47185572907e-24, 4.45665138247e-23, 4.31046094169e-23, 2.44783081351e-23, 4.14423785155e-23, 3.52034069892e-23, 4.53033730191e-23, 5.88536241663e-23, 6.1228543564e-23, 4.42506065866e-23, 1.04005125684e-22, 8.27862377702e-23, 9.13052792143e-23, 1.46888336555e-22, 6.56002907939e-23, 1.83687826881e-22, 2.50987342997e-22, 4.17253549128e-22, 4.19078152848e-22, 7.22428568121e-22, 8.25030619488e-22, 1.20577730151e-21, 1.28107083112e-21, 2.36932537677e-21], "median": [2.42765672738e-05, 0.000459113973193, 0.00113469362259, 0.00198209378868, 0.00283784093335, 0.00388807244599, 0.00030865916051, 0.00149315712042, 0.000855343881994, 0.000740501680411, 0.000180531060323, 0.000505245057866, 0.000170644183527, 0.000149922765559, 0.000119177377201, 4.88256846438e-05, 6.36015902273e-05, 2.50704433711e-05, 4.14285677834e-05, 1.32159948407e-05, 1.73016142071e-05, 1.06365332613e-05, 6.79406457493e-06, 5.56456961931e-06, 3.12488668897e-06, 6.40795178697e-07, 1.21147493815e-07], "dvar2": [4.28839932454e-08, 2.77714134427e-05, 5.01973590872e-06, 1.32079048853e-05, 1.20492950373e-05, 3.30680013576e-05, 1.59977400926e-06, 8.76193371369e-06, 1.01019923022e-05, 7.00648661223e-06, 2.27194641411e-06, 1.68401084011e-06, 8.20811578706e-07, 4.13475731875e-07, 2.07846127864e-07, 4.79716746327e-08, 7.10863901077e-08, 7.75728814517e-09, 3.25467439666e-08, 3.68360075775e-09, 6.94150115166e-09, 3.19620085953e-09, 6.03415184486e-09, 1.55985304673e-08, 3.56308547111e-08, 4.63497462633e-09, 1.59338695016e-10], "var": [2.22919158688e-08, 1.89408528968e-05, 1.09178618004e-05, 2.15866384679e-05, 2.47648531513e-05, 3.80439269065e-05, 2.30778391597e-06, 1.14400554594e-05, 1.93468295038e-05, 8.93412834557e-06, 2.74523972621e-06, 1.44175703554e-06, 8.87813087047e-07, 3.14735103757e-07, 2.01460736093e-07, 6.03702616786e-08, 7.25886479813e-08, 8.67086846768e-09, 5.45656995143e-08, 5.56768053883e-09, 1.03043875654e-08, 4.12391099047e-09, 8.20448331496e-09, 2.32862742422e-08, 4.10530915929e-08, 5.81706149916e-09, 3.51827261769e-10], "dmean2": [9.851167124e-05, 0.00237066997215, 0.00119995279238, 0.00191117788199, 0.00214678863995, 0.00343395560049, 0.000640677695628, 0.00195786287077, 0.00143630150706, 0.00126245536376, 0.000604614324402, 0.000798332970589, 0.000433441920904, 0.000318602425978, 0.000252841186011, 0.000109800850623, 0.000121746859804, 4.61770505353e-05, 9.87917301245e-05, 3.09433089569e-05, 4.16932452936e-05, 2.45864648605e-05, 2.14999054151e-05, 2.82556356979e-05, 3.38371792168e-05, 1.11967674457e-05, 3.13745249514e-06], "max": [0.0031881085597, 0.0488350093365, 0.0365151949227, 0.0450710058212, 0.0487035140395, 0.0481045171618, 0.0152909373865, 0.0345021039248, 0.0797468945384, 0.0421235412359, 0.0231880731881, 0.0156442858279, 0.0124373426661, 0.0117053315043, 0.00648424867541, 0.00336582912132, 0.00481019727886, 0.0019310672069, 0.00223565171473, 0.00108287122566, 0.00117880804464, 0.000822844100185, 0.0018438618863, 0.00258849584498, 0.00486009940505, 0.00181896029972, 0.000767469638959], "dmean": [6.18188496446e-05, 0.00154828547966, 0.000785833166447, 0.0012934935512, 0.00142350839451, 0.00223085028119, 0.000415291928221, 0.00137037283275, 0.000960599631071, 0.00083920644829, 0.000389096036088, 0.000496888125781, 0.000274159334367, 0.000195820757654, 0.000156151596457, 6.88328946126e-05, 7.45600264054e-05, 2.92370441457e-05, 6.16481120232e-05, 1.94809417735e-05, 2.63477177214e-05, 1.58131006174e-05, 1.44876448758e-05, 1.9720831915e-05, 2.45066876232e-05, 8.25328788778e-06, 2.1929884042e-06]}, "erbbands_spread": {"dvar": 24.0718860626, "mean": 23.1346149445, "min": 2.74454808235, "median": 20.6512699127, "dvar2": 46.1485061646, "var": 142.174835205, "dmean2": 6.05751991272, "max": 119.054801941, "dmean": 4.16867494583}, "barkbands_kurtosis": {"dvar": 4.6907749176, "mean": 3.94276595116, "min": -1.81605637074, "median": 2.78502202034, "dvar2": 10.4685373306, "var": 16.9265899658, "dmean2": 2.71316862106, "max": 44.7524909973, "dmean": 1.79195988178}, "spectral_flux": {"dvar": 0.000360620004358, "mean": 0.0612187869847, "min": 6.97231022917e-11, "median": 0.059521690011, "dvar2": 0.000896688492503, "var": 0.00136375322472, "dmean2": 0.0275315865874, "max": 0.220018416643, "dmean": 0.0169360488653}, "silence_rate_20dB": {"dvar": 0, "mean": 1, "min": 1, "median": 1, "dvar2": 0, "var": 0, "dmean2": 0, "max": 1, "dmean": 0}, "gfcc": {"cov": [[15733.5332031, -2538.27783203, 144.498947144, 1213.91662598, -1436.6081543, 911.883178711, -507.888214111, 294.261932373, -401.139312744, 481.815582275, -76.5532608032, 416.966247559, -121.67199707], [-2538.27783203, 2185.12084961, -597.887512207, -433.355316162, 695.403808594, -438.996002197, 288.750457764, -172.555709839, 197.202636719, -239.582901001, 146.84564209, -176.764175415, 125.855041504], [144.498947144, -597.887512207, 688.82232666, 228.448318481, -129.225540161, 260.596191406, -61.9923095703, 53.8118133545, -16.7942504883, 77.4502639771, -25.3958053589, 73.3285675049, -45.7528457642], [1213.91662598, -433.355316162, 228.448318481, 461.700744629, -171.168869019, 237.249252319, -33.9380531311, 38.44140625, 7.119556427, 71.7632522583, -2.95292711258, 60.5956954956, -12.4148492813], [-1436.6081543, 695.403808594, -129.225540161, -171.168869019, 461.743011475, -134.362091064, 152.753356934, -1.50392353535, 105.738044739, -40.5788574219, 58.9266471863, -31.0930252075, 48.2913894653], [911.883178711, -438.996002197, 260.596191406, 237.249252319, -134.362091064, 351.763366699, 1.4712100029, 85.5940856934, 4.92151927948, 64.7385940552, 7.83266878128, 73.8187637329, -17.2162380219], [-507.888214111, 288.750457764, -61.9923095703, -33.9380531311, 152.753356934, 1.4712100029, 198.361114502, 41.5193214417, 53.0179595947, 0.831493020058, 43.9960784912, 0.852015554905, 29.3463973999], [294.261932373, -172.555709839, 53.8118133545, 38.44140625, -1.50392353535, 85.5940856934, 41.5193214417, 140.144577026, 31.9672660828, 54.891998291, 3.84736180305, 33.5841712952, 1.35670495033], [-401.139312744, 197.202636719, -16.7942504883, 7.119556427, 105.738044739, 4.92151927948, 53.0179595947, 31.9672660828, 120.801147461, 20.7858161926, 37.1483612061, -1.42292118073, 25.4358234406], [481.815582275, -239.582901001, 77.4502639771, 71.7632522583, -40.5788574219, 64.7385940552, 0.831493020058, 54.891998291, 20.7858161926, 128.420028687, 40.1127700806, 56.8256721497, -2.2056248188], [-76.5532608032, 146.84564209, -25.3958053589, -2.95292711258, 58.9266471863, 7.83266878128, 43.9960784912, 3.84736180305, 37.1483612061, 40.1127700806, 109.079223633, 40.7635688782, 25.9690361023], [416.966247559, -176.764175415, 73.3285675049, 60.5956954956, -31.0930252075, 73.8187637329, 0.852015554905, 33.5841712952, -1.42292118073, 56.8256721497, 40.7635688782, 106.652763367, 34.3472824097], [-121.67199707, 125.855041504, -45.7528457642, -12.4148492813, 48.2913894653, -17.2162380219, 29.3463973999, 1.35670495033, 25.4358234406, -2.2056248188, 25.9690361023, 34.3472824097, 84.3293075562]], "mean": [-48.1864280701, 142.990127563, -119.972297668, 3.54224324226, -58.1855964661, 3.01390862465, -32.1561279297, -4.06412649155, -26.9052810669, -8.78673744202, -14.2698087692, -10.0198917389, -5.93930006027], "icov": [[0.000157529866556, -0.000223793831537, 0.000242105510551, -0.0002777929476, 0.000325947534293, -0.000267031398835, 0.000328126072418, -0.000342515355442, 0.000558090861887, -0.000597937207203, 0.000344162457623, -0.000483044044813, 0.000208679644857], [-0.000223793831537, 0.00286809797399, 0.000192034218344, 0.000552382378373, -0.00212400546297, 0.00101805024315, -0.00171004526783, 0.00211927224882, -0.00261446251534, 0.00384935503826, -0.0035165862646, 0.00300582894124, -0.00168472889345], [0.000242105510551, 0.000192034218344, 0.0028004902415, -0.000695182417985, -0.00026273727417, -0.00165324076079, 0.000802016293164, 0.000154647030286, 0.000449729646789, -0.000898856320418, 0.000895187782589, -0.00136849959381, 0.00113369082101], [-0.0002777929476, 0.000552382378373, -0.000695182417985, 0.00428760237992, 0.000201464266866, -0.00151596416254, -0.000771330844145, 0.00175928662065, -0.0022483789362, 0.000256823259406, -0.000166567493579, 0.000731622218154, -0.000717703194823], [0.000325947534293, -0.00212400546297, -0.00026273727417, 0.000201464266866, 0.00622053910047, 0.000236180319916, -0.000919516896829, -0.00165268941782, -0.000533865124453, -0.00189011823386, 0.0016629480524, -0.0025012716651, 0.000978155643679], [-0.000267031398835, 0.00101805024315, -0.00165324076079, -0.00151596416254, 0.000236180319916, 0.00721645262092, -0.00197334657423, -0.00150650774594, -0.00198309263214, 0.00322192162275, -0.00213805981912, -0.000863274908625, 0.000716639333405], [0.000328126072418, -0.00171004526783, 0.000802016293164, -0.000771330844145, -0.000919516896829, -0.00197334657423, 0.0094978036359, -0.00399490678683, 0.00222574360669, -0.00218411115929, 6.85838813297e-07, -0.000686632760335, -0.000219139881665], [-0.000342515355442, 0.00211927224882, 0.000154647030286, 0.00175928662065, -0.00165268941782, -0.00150650774594, -0.00399490678683, 0.0134823760018, -0.00509398337454, -0.00102209916