{"tonal": {"chords_number_rate": 0.00448765885085, "thpcp": [1, 0.557803034782, 0.555827319622, 0.739681839943, 0.307579964399, 0.0417625121772, 0.0334368050098, 0.0273612067103, 0.0550544895232, 0.0753302872181, 0.0424928553402, 0.02211092785, 0.0275615733117, 0.0979249477386, 0.669007062912, 0.939932465553, 0.377678483725, 0.0339141860604, 0.0266848560423, 0.0364157408476, 0.0749377757311, 0.0957617461681, 0.070688419044, 0.321333825588, 0.557541012764, 0.286791056395, 0.0441453531384, 0.0394278876483, 0.0509662032127, 0.165108188987, 0.225457563996, 0.113006062806, 0.0292198583484, 0.0164627656341, 0.0430905371904, 0.581240832806], "hpcp": {"dvar": [0.00352749112062, 0.00555490050465, 0.00936191622168, 0.0115689486265, 0.00728736957535, 0.00263551669195, 0.000718892493751, 0.00211955211125, 0.0134143168107, 0.0452485606074, 0.024282829836, 0.0245674904436, 0.0417857393622, 0.0188036710024, 0.00487111276016, 0.00343938241713, 0.00227277632803, 0.00319572375156, 0.00390237383544, 0.00111248833127, 0.00145560712554, 0.00222948938608, 0.00589012587443, 0.0251434147358, 0.0287633091211, 0.0128217972815, 0.00338131375611, 0.00449128774926, 0.00926437601447, 0.00517891393974, 0.0041250991635, 0.00584837980568, 0.0107226716354, 0.026427263394, 0.00967005360872, 0.00296249077655], "mean": [0.0169039443135, 0.0218507740647, 0.0707869455218, 0.0966605693102, 0.0484491661191, 0.0125274490565, 0.00705809239298, 0.0184742342681, 0.249195769429, 0.428730666637, 0.239147275686, 0.238300219178, 0.317124277353, 0.131868958473, 0.0179048702121, 0.0143353836611, 0.0117305880412, 0.0236035473645, 0.0322964042425, 0.0182179901749, 0.00947963260114, 0.0118164913729, 0.0419834293425, 0.286823838949, 0.402977883816, 0.161922350526, 0.0145400520414, 0.011440616101, 0.0156125444919, 0.0321281217039, 0.041055995971, 0.0303062926978, 0.137765660882, 0.239034920931, 0.122956119478, 0.0189264658839], "min": [0, 0, 0, 0, 0, 0, 0, 0, 0, 0, 0, 0, 0, 0, 0, 0, 0, 0, 0, 0, 0, 0, 0, 0, 0, 0, 0, 0, 0, 0, 0, 0, 0, 0, 0, 0], "median": [0.00468328222632, 0.0048586842604, 0.00370070035569, 0.0034641851671, 0.00355198001489, 0.00269434554502, 0.00178324524313, 0.00514761405066, 0.152490362525, 0.277571320534, 0.171198993921, 0.0494329333305, 0.0797591805458, 0.0394631288946, 0.00202765036374, 0.00160892226268, 0.00270059378818, 0.00506650609896, 0.00502711301669, 0.00346781173721, 0.00259568658657, 0.00277896691114, 0.0140795866027, 0.130343466997, 0.162564471364, 0.0621181204915, 0.00209873518907, 0.0017352765426, 0.00220904778689, 0.00548368692398, 0.00785877928138, 0.00812132656574, 0.0372561141849, 0.0553345307708, 0.0332115665078, 0.00487465085462], "dvar2": [0.0108688129112, 0.0181524362415, 0.0235532931983, 0.0269014369696, 0.0207566935569, 0.00754353310913, 0.00201687356457, 0.00584526080638, 0.0296327397227, 0.0913803130388, 0.064208894968, 0.0565416254103, 0.0837234407663, 0.04884538427, 0.0128639247268, 0.00974911544472, 0.00645665591583, 0.00918130762875, 0.0113024692982, 0.00321288662963, 0.00421048374847, 0.0062042879872, 0.0164853781462, 0.0619675926864, 0.057747926563, 0.0336021594703, 0.00922154262662, 0.0124396979809, 0.0303485449404, 0.0155833056197, 0.0106432400644, 0.0177991352975, 0.0238573104143, 0.0491486787796, 0.0222891811281, 0.00860742479563], "var": [0.00224513723515, 0.0049694487825, 0.0346634425223, 0.0597983784974, 0.0159100852907, 0.0016846182989, 0.00049828394549, 0.00222220364958, 0.0611792355776, 0.156632855535, 0.0468858890235, 0.0976727157831, 0.156451269984, 0.0330410972238, 0.0037473263219, 0.00255219591781, 0.00146863609552, 0.00427313242108, 0.00996469799429, 0.00257625663653, 0.000858399784192, 0.00144864118192, 0.00567311840132, 0.096589922905, 0.183777227998, 0.0351477637887, 0.00378856854513, 0.00451602973044, 0.00593232410029, 0.0126424031332, 0.0186791792512, 0.00659630354494, 0.0398496761918, 0.121460363269, 0.0324726477265, 0.00221902434714], "dmean2": [0.0317942798138, 0.0327941253781, 0.0505682788789, 0.0570946633816, 0.0521446354687, 0.0282041281462, 0.0145475296304, 0.0320843197405, 0.139441266656, 0.212733671069, 0.206511601806, 0.167691871524, 0.195117712021, 0.152594104409, 0.0390876233578, 0.0278580319136, 0.0250235740095, 0.0342572517693, 0.0353918224573, 0.0222465805709, 0.0218716207892, 0.02761573717, 0.0680820196867, 0.161748886108, 0.143252059817, 0.107800461352, 0.0317168086767, 0.0251798965037, 0.03939640522, 0.0397715494037, 0.0357485674322, 0.0436692871153, 0.0908730700612, 0.117718324065, 0.0871217474341, 0.0350070893764], "max": [1, 1, 1, 1, 1, 0.569114029408, 0.336904466152, 0.756480455399, 1, 1, 1, 1, 1, 1, 0.94282078743, 0.876822590828, 0.689468979836, 0.603579759598, 1, 0.5860632658, 0.571280956268, 0.610638439655, 1, 1, 1, 1, 1, 1, 1, 1, 1, 0.935017049313, 1, 1, 1, 0.882780611515], "dmean": [0.0174573678523, 0.0184770449996, 0.0316039174795, 0.0346162058413, 0.0303256642073, 0.0151892947033, 0.00802347902209, 0.0181247554719, 0.0922992452979, 0.128245830536, 0.122548237443, 0.104526817799, 0.117248557508, 0.0878507196903, 0.0209522508085, 0.0153664415702, 0.0137263061479, 0.0189485289156, 0.0206462442875, 0.0126951597631, 0.0118500841781, 0.015250784345, 0.0383791215718, 0.0983162596822, 0.0869835987687, 0.0638136640191, 0.0172463972121, 0.0137904146686, 0.0211576446891, 0.0227069370449, 0.021221164614, 0.0249711312354, 0.055995862931, 0.0731231272221, 0.0528765358031, 0.0192943755537]}, "key_strength": 0.795648813248, "chords_strength": {"dvar": 2.59696716967e-05, "mean": 0.537285208702, "min": 0.36638456583, "median": 0.539777100086, "dvar2": 2.34187064052e-05, "var": 0.00393863068894, "dmean2": 0.00490974541754, "max": 0.673600137234, "dmean": 0.00691907992586}, "tuning_equal_tempered_deviation": 0.0571238584816, "chords_key": "F", "tuning_frequency": 440.763122559, "chords_scale": "minor", "chords_changes_rate": 0.0396409854293, "key_scale": "minor", "tuning_diatonic_strength": 0.582898557186, "hpcp_entropy": {"dvar": 0.146397858858, "mean": 1.28365457058, "min": 0, "median": 1.20487380028, "dvar2": 0.360098928213, "var": 0.350255191326, "dmean2": 0.656136453152, "max": 3.39238405228, "dmean": 0.388490587473}, "chords_histogram": [66.492149353, 1.94465219975, 0, 0, 0, 0, 0, 3.51533293724, 0.897531807423, 3.14136123657, 0, 0, 0, 0, 0, 0, 0, 0, 0, 0, 0, 0, 11.8175020218, 12.1914730072], "tuning_nontempered_energy_ratio": 0.618521630764, "key_key": "F"}, "metadata": {"version": {"extractor": "music 1.0", "essentia_build_sha": "50a0fbec89d6a9cedea3d45b6611406f7e8c7b1a", "essentia": "2.1-beta1", "essentia_git_sha": "v2.1_beta1-7-ge0e83e8-dirty"}, "audio_properties": {"length": 62, "lossless": true, "analysis_sample_rate": 44100, "downmix": "mix", "bit_rate": 0, "equal_loudness": 0, "md5_encoded": "c62376909a58d76c3037b5b4d7925bbc", "codec": "flac", "replay_gain": -4.29807090759}, "tags": {"totaltracks": ["12"], "disctotal": ["1"], "album": ["The Point at Which It Falls Apart"], "tracktotal": ["12"], "date": ["1999"], "musicbrainz_recordingid": ["0f3473ea-238e-4518-9f04-7113d936d2d4"], "albumartistsort": ["Mesh"], "title": ["These Empty Rooms"], "tracknumber": ["5"], "discnumber": ["1"], "artistsort": ["Mesh"], "musicbrainz_albumid": ["e6dcce8a-8dde-4138-80fd-aee02c4b8a80"], "albumartist": ["Mesh"], "originaldate": ["1999"], "musicbrainz_artistid": ["9aec0d9a-c5b3-45ab-839c-d60f18534437"], "file_name": "05. These Empty Rooms.flac", "totaldiscs": ["1"], "musicbrainz_albumartistid": ["9aec0d9a-c5b3-45ab-839c-d60f18534437"], "artist": ["Mesh"]}}, "lowlevel": {"melbands": {"dvar": [5.6141703908e-07, 5.44156080196e-07, 4.4774336061e-07, 9.55270067493e-08, 4.09410745306e-08, 3.39094157198e-07, 1.3932276488e-07, 1.04640571408e-06, 2.81406840941e-07, 3.08938510329e-08, 1.32932154173e-08, 7.25824111925e-09, 2.04547978555e-09, 2.54057508364e-09, 2.57786392233e-09, 1.13522458101e-09, 6.38100627892e-10, 1.15599108064e-09, 2.35628738743e-09, 8.22236945197e-10, 8.99561591883e-10, 4.2811088008e-10, 5.66801938717e-10, 5.55560042415e-11, 8.08181438439e-11, 1.69713271214e-11, 2.18722869677e-11, 3.7842164298e-12, 1.34904522449e-12, 2.21796525915e-13, 4.60016790285e-12, 1.08426375517e-12, 1.35196096939e-12, 1.35533576549e-12, 7.65150529741e-12, 2.29422592035e-11, 2.19465699954e-12, 5.55543111513e-12, 4.31645821516e-13, 6.49572951851e-13], "mean": [0.000872248201631, 0.00116329861339, 0.000652555841953, 0.000313476077281, 0.00031662202673, 0.000863374152686, 0.000458608119516, 0.00116324028932, 0.00045831411262, 0.000154932567966, 0.000116727234854, 7.92976134107e-05, 6.40927901259e-05, 6.19632264716e-05, 2.77021426882e-05, 2.10399539355e-05, 2.10310809052e-05, 2.92041258945e-05, 2.05324213312e-05, 1.87791520148e-05, 1.51467475007e-05, 1.10425580715e-05, 9.5830328064e-06, 5.61065144211e-06, 7.65141703596e-06, 3.90519062421e-06, 2.88343767352e-06, 1.13654618872e-06, 7.52197706788e-07, 3.36467195439e-07, 4.17636840666e-07, 2.43745972739e-07, 2.10484984109e-07, 1.86483248399e-07, 3.08874092525e-07, 4.18589195306e-07, 1.56758659386e-07, 2.33059395782e-07, 6.96162345548e-08, 7.76306734451e-08], "min": [8.36106425523e-14, 1.01824351422e-18, 2.512097114e-19, 2.05585983104e-19, 3.71998889596e-19, 6.02463815962e-19, 9.1650753671e-19, 1.34053096865e-18, 1.91261879967e-18, 2.73321774288e-18, 3.91788885898e-18, 5.68422180129e-18, 8.5089952031e-18, 1.3333229168e-17, 2.23929686675e-17, 4.25570230739e-17, 9.33818553367e-17, 9.82024482179e-16, 1.60990110098e-15, 1.19547464084e-16, 5.29664955129e-17, 2.19415712442e-17, 9.85801428561e-18, 4.32239589495e-18, 3.42655329449e-18, 2.46779184595e-16, 6.12787838576e-16, 6.52142370697e-18, 1.01108840192e-18, 1.86398998883e-19, 2.59493860612e-20, 4.89389857969e-21, 4.13480284793e-20, 2.34110337175e-19, 5.15352215902e-17, 6.86179074465e-17, 3.31837151206e-19, 3.38115170814e-17, 1.97073795707e-17, 4.93637559661e-21], "median": [0.000211618636968, 0.000432379601989, 0.00028517463943, 0.000100012126495, 0.000106382227386, 0.000138592891744, 0.000139642797876, 0.000790159218013, 0.000198881258257, 2.52434219874e-05, 4.47626152891e-05, 2.55942904914e-05, 3.80082128686e-05, 3.59121986548e-05, 5.29787121195e-06, 5.31085606781e-06, 9.11310871743e-06, 1.12677935249e-05, 3.02944044961e-06, 6.41282849756e-06, 3.65937694369e-06, 2.47678053711e-06, 2.40204690272e-06, 1.3380481505e-06, 2.51671031037e-06, 1.12219572657e-06, 5.45460920875e-07, 2.5965016448e-07, 1.16707653319e-07, 5.80227457192e-08, 5.56228059168e-08, 3.63168339845e-08, 2.3508388125e-08, 1.03735189327e-08, 8.03936650584e-09, 6.08335870567e-09, 2.36257613473e-09, 1.84435167139e-09, 8.99923247033e-10, 7.17604309308e-10], "dvar2": [1.34025867737e-06, 1.02024876014e-06, 1.20928291381e-06, 2.55348822975e-07, 7.15114438776e-08, 5.10651545937e-07, 2.67672419341e-07, 2.25954386224e-06, 5.8380169321e-07, 6.11503025993e-08, 2.81356751231e-08, 1.61400208754e-08, 4.52348514202e-09, 5.77529268853e-09, 6.41740838248e-09, 2.87586510161e-09, 1.8020758219e-09, 3.21227155986e-09, 6.37819219662e-09, 2.17794915436e-09, 2.33261898686e-09, 1.10695608235e-09, 1.64728375385e-09, 1.5208445614e-10, 2.26645910373e-10, 4.44305529868e-11, 6.44666819927e-11, 1.07661215012e-11, 3.68285133293e-12, 6.27567659298e-13, 1.34266833762e-11, 3.17661934084e-12, 3.9700183245e-12, 3.97752880979e-12, 2.25334438608e-11, 6.77714481756e-11, 6.47006970569e-12, 1.63918913165e-11, 1.27218797562e-12, 1.91461191519e-12], "var": [5.09732899445e-06, 5.56282202524e-06, 1.12416023512e-06, 2.85680044954e-07, 2.79010436088e-07, 3.59716864295e-06, 8.70583733104e-07, 1.95296956917e-06, 5.25477105384e-07, 9.66239142031e-08, 4.46236612106e-08, 2.32430270586e-08, 5.35879163266e-09, 6.70488331522e-09, 4.94476815049e-09, 1.71738456789e-09, 9.93981119635e-10, 2.17479390052e-09, 2.99442315388e-09, 1.32331445801e-09, 1.60797120063e-09, 6.48679665538e-10, 4.85698703478e-10, 1.05065380007e-10, 1.72790837194e-10, 4.47450340668e-11, 3.94609969701e-11, 4.34780770414e-12, 2.70176893011e-12, 3.22190001458e-13, 2.61896992808e-12, 6.48717082656e-13, 7.5889685161e-13, 7.45998098364e-13, 4.01660258872e-12, 1.19260799153e-11, 1.1484062399e-12, 2.8973550989e-12, 2.26084369325e-13, 3.39483188739e-13], "dmean2": [0.000489803147502, 0.000528689939529, 0.000414505891968, 0.000211830818444, 0.000137578113936, 0.000283838860923, 0.000237921092776, 0.000866561080329, 0.000416956376284, 9.987395606e-05, 8.08788390714e-05, 5.69563853787e-05, 4.04402017011e-05, 3.94154012611e-05, 2.70737436949e-05, 2.36293817579e-05, 2.17675551539e-05, 3.01880554616e-05, 2.54292426689e-05, 2.0892941393e-05, 1.63472504937e-05, 1.31206297738e-05, 1.39048597703e-05, 5.93598633714e-06, 6.84532551531e-06, 3.34467927132e-06, 2.94565757031e-06, 1.36459402711e-06, 7.65871959629e-07, 3.47931376155e-07, 8.02374529485e-07, 4.39384479023e-07, 4.59281721987e-07, 4.83418489239e-07, 9.96461380964e-07, 1.44747230024e-06, 5.21920071606e-07, 8.12502662484e-07, 2.29142742114e-07, 2.67682963795e-07], "max": [0.0371779501438, 0.0433358289301, 0.0122827449813, 0.00549918273464, 0.00666179368272, 0.0154366558418, 0.00688940286636, 0.0163137409836, 0.00872499402612, 0.00296643283218, 0.00222771521658, 0.00151435192674, 0.000567928946111, 0.00132327293977, 0.00106191576924, 0.000424458208727, 0.000520772242453, 0.000402900477638, 0.0010666657472, 0.000595946970861, 0.000623552245088, 0.000456458365079, 0.000268315343419, 0.000110994187708, 0.000161685864441, 5.69081821595e-05, 0.000109097883978, 2.11645237869e-05, 1.94806507352e-05, 4.99953875988e-06, 2.76213067991e-05, 1.29329300762e-05, 1.37078077387e-05, 1.25383830891e-05, 3.45409607689e-05, 6.01958563493e-05, 1.66147492564e-05, 2.2465002985e-05, 7.55785231377e-06, 8.48099443829e-06], "dmean": [0.000316627119901, 0.000360086822184, 0.000256432424067, 0.000131441454869, 9.89402542473e-05, 0.000220504181925, 0.000159380215337, 0.00056067830883, 0.000271211902145, 7.02943143551e-05, 5.23737944604e-05, 3.69919725927e-05, 2.68721669272e-05, 2.5016212021e-05, 1.6923469957e-05, 1.44018049468e-05, 1.28239244077e-05, 1.78691498149e-05, 1.49656943904e-05, 1.24262796817e-05, 9.70828295976e-06, 7.75216722104e-06, 7.82359984441e-06, 3.46957972397e-06, 4.0879840526e-06, 2.01384386855e-06, 1.71122746906e-06, 7.75531702857e-07, 4.4100102059e-07, 1.99264789558e-07, 4.32770491443e-07, 2.37688510651e-07, 2.44446908937e-07, 2.52517338595e-07, 5.14073747127e-07, 7.43989630791e-07, 2.68149506155e-07, 4.16632616407e-07, 1.17989536363e-07, 1.37475808515e-07]}, "spectral_decrease": {"dvar": 5.80471141086e-18, "mean": -6.04826544404e-09, "min": -6.8270495035e-08, "median": -4.82882756003e-09, "dvar2": 1.26751821753e-17, "var": 3.2708203728e-17, "dmean2": 2.22522000826e-09, "max": -2.31805708591e-19, "dmean": 1.4877048482e-09}, "spectral_rolloff": {"dvar": 71322.421875, "mean": 748.254638672, "min": 21.533203125, "median": 689.0625, "dvar2": 183784.75, "var": 156134.21875, "dmean2": 260.164642334, "max": 2627.05078125, "dmean": 147.257766724}, "melbands_crest": {"dvar": 6.77408456802, "mean": 16.6714057922, "min": 4.91597795486, "median": 14.9409122467, "dvar2": 13.9354753494, "var": 46.8365783691, "dmean2": 3.53304934502, "max": 36.41223526, "dmean": 2.29924225807}, "barkbands_skewness": {"dvar": 0.242361068726, "mean": 1.49033796787, "min": -2.140583992, "median": 1.14943742752, "dvar2": 0.591327726841, "var": 2.40727591515, "dmean2": 0.661962032318, "max": 10.6734743118, "dmean": 0.432672411203}, "spectral_centroid": {"dvar": 38856.1835938, "mean": 786.926757812, "min": 192.944274902, "median": 680.2421875, "dvar2": 60411.203125, "var": 193024.703125, "dmean2": 141.77961731, "max": 10429.3066406, "dmean": 90.3677902222}, "spectral_energyband_middle_low": {"dvar": 5.05558491568e-05, "mean": 0.0150234745815, "min": 4.39930913354e-17, "median": 0.0112671796232, "dvar2": 0.000109987005999, "var": 0.000190345526789, "dmean2": 0.00670944433659, "max": 0.0873683318496, "dmean": 0.00451200036332}, "erbbands_crest": {"dvar": 5.4429936409, "mean": 13.6139249802, "min": 3.33373403549, "median": 12.9698266983, "dvar2": 11.2838020325, "var": 28.6272029877, "dmean2": 3.38974809647, "max": 28.0312995911, "dmean": 2.22330641747}, "dynamic_complexity": 3.99918937683, "spectral_energyband_low": {"dvar": 1.5427436665e-05, "mean": 0.0062221204862, "min": 5.08118287029e-13, "median": 0.00223641097546, "dvar2": 3.45433727489e-05, "var": 0.000150402702275, "dmean2": 0.00282778032124, "max": 0.203757122159, "dmean": 0.00186709756963}, "silence_rate_60dB": {"dvar": 0.0176478475332, "mean": 0.120134733617, "min": 0, "median": 0, "dvar2": 0.0369094796479, "var": 0.105702377856, "dmean2": 0.0359550565481, "max": 1, "dmean": 0.0179707966745}, "erbbands_kurtosis": {"dvar": 8.19474506378, "mean": 2.65488219261, "min": -1.57471096516, "median": 1.15707826614, "dvar2": 18.8688697815, "var": 23.8922920227, "dmean2": 2.39375090599, "max": 55.8378295898, "dmean": 1.53612673283}, "spectral_complexity": {"dvar": 8.63970375061, "mean": 12.2956590652, "min": 0, "median": 11, "dvar2": 20.7237968445, "var": 64.3212661743, "dmean2": 3.41573023796, "max": 37, "dmean": 2.10482954979}, "barkbands_crest": {"dvar": 5.05293989182, "mean": 13.210691452, "min": 3.64932060242, "median": 12.3232555389, "dvar2": 11.3406333923, "var": 28.7001495361, "dmean2": 3.22190833092, "max": 25.8974781036, "dmean": 2.07009220123}, "spectral_energy": {"dvar": 9.4601411547e-05, "mean": 0.0239569265395, "min": 9.18564161366e-13, "median": 0.0191216357052, "dvar2": 0.000209376725252, "var": 0.000505159434397, "dmean2": 0.00892526470125, "max": 0.262183696032, "dmean": 0.00594266224653}, "spectral_spread": {"dvar": 1335501651970.0, "mean": 2359075, "min": 776458.875, "median": 2226096, "dvar2": 2398266851330.0, "var": 2030665072640.0, "dmean2": 763129.625, "max": 41275656, "dmean": 459509.625}, "spectral_contrast_valleys": {"dvar": [0.307994872332, 0.225895732641, 0.176885977387, 0.200987398624, 0.250362843275, 0.434230834246], "mean": [-8.12936496735, -7.39352560043, -8.04656887054, -8.70677471161, -9.38913726807, -12.5898628235], "min": [-27.3481559753, -27.419921875, -27.0935935974, -27.0838832855, -27.2981586456, -27.3165397644], "median": [-7.54822921753, -6.98525381088, -7.53859853745, -8.05969047546, -8.81628322601, -12.6567592621], "dvar2": [0.71741014719, 0.481464207172, 0.355068743229, 0.399264603853, 0.491776198149, 0.947379171848], "var": [4.37430286407, 4.02100133896, 3.71268630028, 4.00513792038, 4.14750862122, 2.77284216881], "dmean2": [0.72392821312, 0.646679461002, 0.555862009525, 0.495938748121, 0.457912296057, 0.570684313774], "max": [-5.0905456543, -4.32970237732, -5.511302948, -5.99259233475, -6.35167837143, -7.89136123657], "dmean": [0.44373062253, 0.400331437588, 0.343468636274, 0.311318576336, 0.291596412659, 0.360690593719]}, "spectral_rms": {"dvar": 6.28939574199e-07, "mean": 0.00430660042912, "min": 2.99359363964e-08, "median": 0.00431917281821, "dvar2": 1.38291932217e-06, "var": 4.82580253447e-06, "dmean2": 0.000821805151645, "max": 0.0159934032708, "dmean": 0.000556803541258}, "barkbands_spread": {"dvar": 15.2400722504, "mean": 9.70881462097, "min": 0.518008470535, "median": 8.20101547241, "dvar2": 39.1343650818, "var": 49.6597900391, "dmean2": 3.78066372871, "max": 40.386013031, "dmean": 2.33388519287}, "pitch_salience": {"dvar": 0.00365874823183, "mean": 0.472926974297, "min": 0.122469633818, "median": 0.483415424824, "dvar2": 0.00868104118854, "var": 0.0151477279142, "dmean2": 0.0876378715038, "max": 0.870270311832, "dmean": 0.0541614741087}, "erbbands_skewness": {"dvar": 0.159232109785, "mean": 1.16518568993, "min": -1.12013530731, "median": 1.00867962837, "dvar2": 0.357861399651, "var": 0.902955472469, "dmean2": 0.55654746294, "max": 6.55636119843, "dmean": 0.365442931652}, "spectral_energyband_middle_high": {"dvar": 2.96385701404e-06, "mean": 0.00318234553561, "min": 8.17567584813e-14, "median": 0.00195720628835, "dvar2": 7.10298081685e-06, "var": 1.24941279864e-05, "dmean2": 0.00156215904281, "max": 0.0276396106929, "dmean": 0.000995676964521}, "erbbands": {"dvar": [0.00825271196663, 0.397094398737, 2.19225955009, 13.4431962967, 30.8895378113, 15.243393898, 30.5409469604, 890.079284668, 737.953857422, 5406.72216797, 6634.76660156, 649.817077637, 442.129821777, 320.916381836, 270.489624023, 212.509857178, 147.370635986, 129.4871521, 384.333129883, 317.627227783, 611.483825684, 338.435333252, 240.61491394, 98.5019989014, 23.1427726746, 10.5266447067, 1.80324590206, 6.74791288376, 3.74850583076, 4.41411209106, 35.8062858582, 15.3833856583, 6.44611549377, 0.796518683434, 0.198909133673, 0.0167322382331, 0.000489031255711, 8.98642101674e-05, 1.9942617655e-06, 4.651382568e-08], "mean": [0.0811056271195, 0.825154721737, 2.12718677521, 3.50900840759, 4.3408780098, 4.7402806282, 8.60447978973, 42.4017105103, 35.1744613647, 87.5747528076, 73.0026702881, 25.8155994415, 22.6846427917, 17.2079029083, 23.9540290833, 14.4349737167, 10.1227693558, 10.9727716446, 17.2084178925, 12.439786911, 14.4206237793, 10.5227794647, 8.93224048615, 8.72554016113, 4.72075462341, 2.24475216866, 1.00535547733, 0.686752855778, 0.423105478287, 0.36489200592, 0.604844748974, 0.380622178316, 0.256177216768, 0.0892108753324, 0.0446038804948, 0.0134225795045, 0.00241696182638, 0.00107633939479, 0.000172551182914, 4.89381745865e-05], "min": [9.27203713114e-12, 4.72252896511e-11, 1.35667949097e-10, 1.90190418969e-10, 1.01192138002e-10, 6.36571906298e-11, 4.39728357893e-11, 3.23789536849e-11, 2.50200103691e-11, 2.01202526862e-11, 1.68325787336e-11, 1.49461085869e-11, 1.54639738514e-11, 2.51166795695e-11, 9.21209220017e-11, 2.17881504505e-10, 2.51445086974e-10, 1.87156845577e-10, 7.02844060729e-10, 1.01873809388e-09, 3.22664783781e-10, 2.25722732172e-10, 1.74787254115e-10, 1.45792919404e-10, 5.75865244379e-10, 4.39124070439e-10, 1.87997242773e-10, 1.29113220115e-10, 9.793134359e-11, 7.56345125419e-11, 1.03863327661e-10, 7.02875396774e-11, 4.47240473822e-11, 1.98243105959e-11, 1.24940387897e-11, 8.05509825508e-12, 5.63724544475e-12, 1.55188297109e-12, 4.85690372469e-13, 4.65901053631e-14], "median": [0.0161284543574, 0.217361137271, 0.779183506966, 1.26227736473, 1.23301506042, 1.31703531742, 2.74220561981, 6.22923183441, 11.2433414459, 59.4483032227, 35.0289459229, 7.08167552948, 9.23119544983, 6.3816742897, 14.3513040543, 7.01044178009, 3.47855448723, 5.22701883316, 6.37796592712, 3.77295923233, 4.38031673431, 2.79897785187, 2.27126836777, 2.86587905884, 1.5793967247, 0.547320961952, 0.186846598983, 0.0979604497552, 0.0666143149137, 0.0280870273709, 0.0145022375509, 0.00561985280365, 0.00232470221817, 0.00091616663849, 0.000457350601209, 0.000201406641281, 8.7092310423e-05, 2.98978593491e-05, 1.70333714777e-05, 2.34308972722e-05], "dvar2": [0.0208262652159, 0.728493571281, 4.85055160522, 36.263507843, 81.0576400757, 35.8311958313, 53.3716926575, 1318.90087891, 1318.67150879, 11557.6884766, 13662.8046875, 1268.21081543, 940.243896484, 713.228393555, 603.922607422, 521.114868164, 371.947906494, 359.997436523, 1047.69299316, 866.78503418, 1589.27429199, 905.783691406, 686.904724121, 276.105743408, 63.2380599976, 29.8926200867, 4.98548269272, 19.631521225, 10.9961700439, 12.9365720749, 105.595565796, 45.3998832703, 19.01512146, 2.347438097, 0.585518181324, 0.0492282547057, 0.00143820920493, 0.000263875816017, 5.85853331359e-06, 1.37017437396e-07], "var": [0.055589966476, 3.98303627968, 18.7011051178, 36.428352356, 80.4366760254, 70.5659942627, 213.483886719, 9656.71875, 5111.6640625, 10569.1572266, 12332.5546875, 2145.55517578, 1453.20251465, 936.850280762, 707.639465332, 479.049591064, 270.547973633, 231.675872803, 727.235900879, 488.844909668, 1131.0057373, 466.695770264, 323.936126709, 216.443832397, 63.0902366638, 16.7813911438, 3.59192323685, 4.20644569397, 2.18161201477, 2.44138264656, 18.7078037262, 8.01679801941, 3.36502671242, 0.416604399681, 0.104344159365, 0.00878543686122, 0.000256762345089, 4.72557876492e-05, 1.05009814888e-06, 2.51163640996e-08], "dmean2": [0.0580003596842, 0.40699031949, 1.05764627457, 2.26298308372, 3.1945836544, 2.89586782455, 3.83600330353, 13.5915775299, 16.2028713226, 61.7617034912, 63.2755851746, 15.6531333923, 15.1381645203, 12.2554922104, 14.542596817, 10.2686195374, 9.59325504303, 10.1898241043, 17.2156200409, 12.9162902832, 14.7411270142, 12.1253499985, 10.6676025391, 7.474817276, 3.82875776291, 2.22161102295, 0.969112932682, 1.07811391354, 0.774451851845, 0.895791828632, 1.99054598808, 1.29155409336, 0.883233845234, 0.303088903427, 0.153429999948, 0.0457562878728, 0.00811681337655, 0.00377328391187, 0.00055956322467, 8.40400025481e-05], "max": [3.70187067986, 36.4560470581, 71.3272247314, 53.4634628296, 124.214797974, 67.5906906128, 180.511993408, 799.649475098, 534.64440918, 1273.81286621, 1335.60632324, 419.83984375, 391.070007324, 322.70111084, 200.67616272, 276.560760498, 155.465576172, 228.370742798, 237.902160645, 345.860046387, 510.758605957, 349.136047363, 205.933685303, 179.318511963, 75.3447952271, 44.4564437866, 18.6837177277, 32.9690742493, 23.6415672302, 18.753452301, 76.415435791, 46.3027572632, 24.5148124695, 8.73703289032, 4.75904893875, 1.50727903843, 0.254530280828, 0.0961176902056, 0.0134093351662, 0.00256071379408], "dmean": [0.0360400788486, 0.267818361521, 0.716083586216, 1.41644883156, 1.92267811298, 1.91372978687, 2.71003270149, 10.6613330841, 11.1998968124, 39.5853500366, 41.425743103, 11.2275848389, 9.88895225525, 7.97647714615, 9.57711791992, 6.47178602219, 5.91703987122, 6.08801794052, 10.1707239151, 7.57864952087, 8.82412338257, 7.14290475845, 6.08859872818, 4.44548130035, 2.29416179657, 1.27793359756, 0.556604206562, 0.587503910065, 0.415771394968, 0.469459533691, 1.02473855019, 0.663278341293, 0.453222632408, 0.155736073852, 0.0789442956448, 0.0235923212022, 0.00417645834386, 0.00193724676501, 0.000288142764475, 4.46201629529e-05]}, "dissonance": {"dvar": 0.00129711162299, "mean": 0.394676506519, "min": 0.0221451073885, "median": 0.4124340415, "dvar2": 0.00358216883615, "var": 0.00477499933913, "dmean2": 0.0607768110931, "max": 0.499677807093, "dmean": 0.0361049808562}, "erbbands_flatness_db": {"dvar": 0.00114317750558, "mean": 0.267264902592, "min": 0.0651631876826, "median": 0.261070728302, "dvar2": 0.0025463248603, "var": 0.00600900966674, "dmean2": 0.0332366749644, "max": 0.45513021946, "dmean": 0.0212278813124}, "melbands_kurtosis": {"dvar": 64.1825256348, "mean": 11.4788417816, "min": -1.01526093483, "median": 5.50298690796, "dvar2": 177.032363892, "var": 549.84942627, "dmean2": 6.25156879425, "max": 256.639099121, "dmean": 3.9967212677}, "melbands_spread": {"dvar": 10.8581209183, "mean": 11.6332645416, "min": 0.686972856522, "median": 10.1760177612, "dvar2": 26.5515956879, "var": 59.1001472473, "dmean2": 3.83862805367, "max": 48.5225448608, "dmean": 2.43987154961}, "melbands_skewness": {"dvar": 0.288682669401, "mean": 1.86568021774, "min": -1.67188417912, "median": 1.61349701881, "dvar2": 0.704259634018, "var": 2.2550535202, "dmean2": 0.722624123096, "max": 11.2542991638, "dmean": 0.475175201893}, "spectral_entropy": {"dvar": 0.117854908109, "mean": 6.42879152298, "min": 3.30869436264, "median": 6.64834117889, "dvar2": 0.23358656466, "var": 0.700307607651, "dmean2": 0.305913239717, "max": 9.79121494293, "dmean": 0.198345214128}, "zerocrossingrate": {"dvar": 9.60137840593e-05, "mean": 0.0305100865662, "min": 0, "median": 0.02880859375, "dvar2": 0.000104069047666, "var": 0.000218066212256, "dmean2": 0.00452144769952, "max": 0.46484375, "dmean": 0.00344776641577}, "average_loudness": 0.619623303413, "spectral_contrast_coeffs": {"dvar": [0.00107506895438, 0.00189691653941, 0.000930190843064, 0.00078555662185, 0.000468803802505, 0.000364771403838], "mean": [-0.683078944683, -0.617821633816, -0.7226998806, -0.762405753136, -0.745071828365, -0.778024613857], "min": [-0.998819708824, -0.996250867844, -0.987535655499, -0.95966398716, -0.955932021141, -0.956516087055], "median": [-0.689070343971, -0.610178768635, -0.730444550514, -0.766972303391, -0.746985197067, -0.774835050106], "dvar2": [0.00293437228538, 0.00470481347293, 0.00236849323846, 0.00197738269344, 0.00105689023621, 0.000811524398159], "var": [0.00947500485927, 0.0112474141642, 0.00747866742313, 0.00480430247262, 0.00348794390447, 0.00324979797006], "dmean2": [0.0617476664484, 0.0761460140347, 0.0565909184515, 0.0492663607001, 0.0359335690737, 0.0281349495053], "max": [-0.381823152304, -0.345836281776, -0.466926902533, -0.544378578663, -0.579941272736, -0.626038491726], "dmean": [0.0378375425935, 0.0473172664642, 0.0351812951267, 0.030346268788, 0.0222588479519, 0.0177194755524]}, "barkbands_flatness_db": {"dvar": 0.00130681728479, "mean": 0.238916173577, "min": 0.0430382825434, "median": 0.228867650032, "dvar2": 0.0025150643196, "var": 0.0109791168943, "dmean2": 0.0336641855538, "max": 0.872524559498, "dmean": 0.0219459664077}, "silence_rate_30dB": {"dvar": 0.00298616220243, "mean": 0.994760453701, "min": 0, "median": 1, "dvar2": 0.00745472637936, "var": 0.00521206855774, "dmean2": 0.00599250942469, "max": 1, "dmean": 0.0029951329343}, "spectral_energyband_high": {"dvar": 2.89197572556e-07, "mean": 9.31681061047e-05, "min": 2.23776584014e-14, "median": 1.0664383808e-05, "dvar2": 8.48348804539e-07, "var": 1.58258572469e-07, "dmean2": 0.000207353878068, "max": 0.00613538362086, "dmean": 0.000109053486085}, "melbands_flatness_db": {"dvar": 0.00130488432478, "mean": 0.324612647295, "min": 0.110548086464, "median": 0.316199809313, "dvar2": 0.0024910280481, "var": 0.0114328516647, "dmean2": 0.0331825278699, "max": 0.907440781593, "dmean": 0.0219858828932}, "barkbands": {"dvar": [5.23917265127e-07, 7.38340895623e-06, 2.58288423538e-06, 2.46294939643e-06, 1.61510092767e-06, 5.76213142267e-06, 3.41010263583e-06, 3.15535253321e-05, 9.96858148028e-07, 7.69068208228e-07, 1.46716445215e-07, 2.2183336057e-07, 6.89825725431e-08, 1.12926969109e-07, 2.40833628595e-07, 1.83830294986e-07, 1.09802584802e-07, 6.16145641175e-08, 1.69740772549e-08, 7.16695636171e-09, 1.40061939824e-09, 3.99394783912e-09, 3.51215838634e-08, 2.1946352291e-08, 4.7010941806e-09, 2.87658313836e-10, 2.26650656576e-10], "mean": [0.000323132291669, 0.00341846351512, 0.00196641520597, 0.00119980773889, 0.00148690398782, 0.00333062047139, 0.00217450619675, 0.00587509572506, 0.000868811854161, 0.000787246273831, 0.000459919305285, 0.000453876302345, 0.000192102626897, 0.000287056929665, 0.00026550370967, 0.000271769997198, 0.000179387890967, 0.00014654356346, 0.000136356407893, 5.76401325816e-05, 1.81404684554e-05, 1.22458422993e-05, 1.9884253561e-05, 1.50098321683e-05, 6.81011169945e-06, 1.8191642539e-06, 1.65675032804e-06], "min": [1.78856590454e-13, 2.42142921382e-13, 1.41144505917e-18, 3.77606114323e-19, 1.20468899032e-18, 2.78071569443e-18, 5.03039921998e-18, 8.11863874587e-18, 1.88921186308e-17, 3.24417324568e-17, 5.50669784034e-17, 1.3461497584e-16, 3.59750271641e-16, 1.21416582571e-15, 1.97975367518e-14, 1.39747455517e-15, 3.52178591186e-16, 1.07090765951e-16, 5.65705734549e-15, 1.14312779823e-14, 9.9565554848e-18, 1.27599774938e-18, 3.51946467101e-15, 2.75941332535e-15, 9.05204423832e-19, 2.61832241205e-15, 3.24920970358e-15], "median": [4.28360945079e-05, 0.00084137590602, 0.000549054180738, 0.000382856669603, 0.000507481978275, 0.000535216066055, 0.000681464152876, 0.00367060350254, 0.0001514290052, 0.000216721775359, 0.000223116512643, 0.000150631502038, 5.75416270294e-05, 0.000109853441245, 4.78561487398e-05, 8.82321182871e-05, 4.1058370698e-05, 2.91667183774e-05, 5.22771661053e-05, 1.13099231385e-05, 2.77461390397e-06, 1.56654868988e-06, 4.78053607367e-07, 1.71910826907e-07, 6.77693137163e-08, 4.26005186682e-08, 4.52590498412e-08], "dvar2": [1.40298800488e-06, 1.53873679665e-05, 6.68247957947e-06, 6.7206942731e-06, 3.98717202188e-06, 8.76499234437e-06, 7.29908288122e-06, 6.8064815423e-05, 2.03176205105e-06, 1.62868207099e-06, 3.01059884578e-07, 5.28514590314e-07, 1.75473459763e-07, 3.16045117188e-07, 6.51478785585e-07, 4.82037762595e-07, 2.98473338489e-07, 1.75706290406e-07, 4.63455158695e-08, 2.08955537317e-08, 4.04359035144e-09, 1.17023324364e-08, 1.03482726388e-07, 6.47484554861e-08, 1.38468099209e-08, 8.45964853724e-10, 6.66594335286e-10], "var": [6.59660372548e-07, 7.69143662183e-05, 1.3795378436e-05, 5.03078945258e-06, 5.83848350288e-06, 6.12117655692e-05, 1.74589149537e-05, 5.64036708965e-05, 2.90381058221e-06, 2.72244051303e-06, 3.85752315424e-07, 5.30053739567e-07, 1.12947347475e-07, 2.0031728809e-07, 3.41073615573e-07, 3.32625205601e-07, 1.36792124295e-07, 9.09676742822e-08, 4.11377349963e-08, 1.41545504206e-08, 1.35111233313e-09, 2.26405139081e-09, 1.8408432112e-08, 1.1450372206e-08, 2.46243936353e-09, 1.51142473537e-10, 1.1873925454e-10], "dmean2": [0.000499014218803, 0.00176530599128, 0.00102434901055, 0.000944864994381, 0.000925874861423, 0.00115162145812, 0.00131727976259, 0.00468467408791, 0.000592467025854, 0.000546422321349, 0.000312492833473, 0.00034144098754, 0.000199540343601, 0.000300583255012, 0.000312697346089, 0.000295093806926, 0.000229028184549, 0.000176950939931, 0.000110914479592, 5.7068780734e-05, 2.12503127841e-05, 2.45825540333e-05, 6.44888059469e-05, 5.11627367814e-05, 2.32830007008e-05, 6.14577311353e-06, 5.82885604672e-06], "max": [0.0132658956572, 0.156691879034, 0.0583983510733, 0.032444100827, 0.0241034235805, 0.0636092722416, 0.0303463675082, 0.0716941207647, 0.0169988758862, 0.0178151708096, 0.00720007624477, 0.00985752698034, 0.00333321257494, 0.00414136238396, 0.00992405507714, 0.00744473328814, 0.00508714094758, 0.00298885628581, 0.00180887512397, 0.00171882030554, 0.000437118578702, 0.00076106673805, 0.00229660654441, 0.00156603846699, 0.000698031275533, 0.000192457446246, 0.000157267306349], "dmean": [0.000290265161311, 0.00115493615158, 0.000689915090334, 0.000564739515539, 0.000597618287429, 0.000869286013767, 0.00085187406512, 0.00306096067652, 0.000407164479839, 0.000351013470208, 0.000212294093217, 0.000215118605411, 0.000121629716887, 0.000179146038136, 0.000184473014087, 0.000176153509528, 0.000133329507662, 0.000102312485978, 6.65068364469e-05, 3.29276772391e-05, 1.1827556591e-05, 1.31019742184e-05, 3.32479503413e-05, 2.62436205958e-05, 1.19678161354e-05, 3.16768955599e-06, 2.99089765576e-06]}, "erbbands_spread": {"dvar": 51.4004631042, "mean": 18.946100235, "min": 1.6515969038, "median": 16.0066776276, "dvar2": 132.919372559, "var": 147.662231445, "dmean2": 6.94058609009, "max": 73.2286682129, "dmean": 4.22925710678}, "barkbands_kurtosis": {"dvar": 34.9563713074, "mean": 8.60813140869, "min": -1.53426468372, "median": 3.0406126976, "dvar2": 96.9852218628, "var": 403.722167969, "dmean2": 4.69212341309, "max": 186.023422241, "dmean": 2.95150732994}, "spectral_flux": {"dvar": 0.000924772466533, "mean": 0.0510146915913, "min": 2.11519903814e-08, "median": 0.0429959744215, "dvar2": 0.00203376449645, "var": 0.00165651598945, "dmean2": 0.0320679210126, "max": 0.273405969143, "dmean": 0.0196221023798}, "silence_rate_20dB": {"dvar": 0, "mean": 1, "min": 1, "median": 1, "dvar2": 0, "var": 0, "dmean2": 0, "max": 1, "dmean": 0}, "gfcc": {"cov": [[26232.3085938, 2156.60131836, -2279.06982422, 1660.39501953, -1164.2088623, -32.7988395691, 63.8632850647, 155.573501587, -238.441253662, -50.2904396057, -231.329803467, 363.883880615, 51.1620979309], [2156.60131836, 1626.65612793, -429.899108887, -460.431640625, -54.9680786133, -297.189544678, 192.684875488, -57.0499382019, 34.2041664124, -80.6865005493, 33.4011116028, 82.0759048462, 12.3428144455], [-2279.06982422, -429.899108887, 1056.69335938, 164.797653198, 50.8305130005, 233.718154907, -169.468917847, -106.82913208, -170.528518677, -122.644477844, -192.556106567, -69.5352478027, 18.037935257], [1660.39501953, -460.431640625, 164.797653198, 1099.0411377, 159.143173218, 195.482147217, -35.3723754883, -124.577888489, -191.625213623, -30.4067878723, -164.498748779, -153.640686035, 66.3790206909], [-1164.2088623, -54.9680786133, 50.8305130005, 159.143173218, 311.184814453, 44.6874580383, 47.6054954529, 0.0588499642909, 15.679268837, 30.763048172, 12.1877584457, -85.1520690918, 15.2620296478], [-32.7988395691, -297.189544678, 233.718154907, 195.482147217, 44.6874580383, 229.992660522, -47.1592025757, 14.9027757645, -51.0062561035, -17.7835655212, -71.7643356323, -29.4525222778, 17.4431686401], [63.8632850647, 192.684875488, -169.468917847, -35.3723754883, 47.6054954529, -47.1592025757, 147.644485474, 44.3307533264, 36.1255989075, 14.2555303574, 44.3145332336, -7.1557970047, -31.8605556488], [155.573501587, -57.0499382019, -106.82913208, -124.577888489, 0.0588499642909, 14.9027757645, 44.3307533264, 163.358154297, 82.3460617065, 40.5883789062, 52.9249725342, 25.2902603149, -45.614238739], [-238.441253662, 34.2041664124, -170.528518677, -191.625213623, 15.679268837, -51.0062561035, 36.1255989075, 82.3460617065, 171.226470947, 83.0738983154, 102.074211121, 37.7313690186, -2.21015763283], [-50.2904396057, -80.6865005493, -122.644477844, -30.4067878723, 30.763048172, -17.7835655212, 14.2555303574, 40.5883789062, 83.0738983154, 106.657470703, 83.3759155273, 18.4888954163, 14.4825077057], [-231.329803467, 33.4011116028, -192.556106567, -164.498748779, 12.1877584457, -71.7643356323, 44.3145332336, 52.9249725342, 102.074211121, 83.3759155273, 139.653381348, 44.3082351685, -15.439696312], [363.883880615, 82.0759048462, -69.5352478027, -153.640686035, -85.1520690918, -29.4525222778, -7.1557970047, 25.2902603149, 37.7313690186, 18.4888954163, 44.3082351685, 93.944770813, 22.4236087799], [51.1620979309, 12.3428144455, 18.037935257, 66.3790206909, 15.2620296478, 17.4431686401, -31.8605556488, -45.614238739, -2.21015763283, 14.4825077057, -15.439696312, 22.4236087799, 116.455833435]], "mean": [-116.189567566, 160.229049683, -134.338638306, -0.792744994164, -43.3679733276, -12.4935350418, -23.1653690338, 8.49921607971, -2.20293664932, -1.85621452332, -1.36522483826, -7.14177703857, -13.1267175674], "icov": [[0.000260369939497, -0.000673585513141, 0.000548322568648, -0.000931134214625, 0.000942785816733, -0.00055985909421, 0.000879226019606, -0.000790688209236, 0.000151599859237, -0.00069161405554, 0.000567272363696, -0.000922169361729, 0.000635615782812], [-0.000673585513141, 0.00306985410862, -0.00104795291554, 0.0029042751994, -0.00285682105459, 0.00237277173437, -0.00388471689075, 0.00294329202734, -0.000534674094524, 0.00294045032933, -0.000268092582701, 0.00122153933626, -0.00206006853841], [0.000548322568648, -0.00104795291554, 0.00309799192473, -0.00140016304795, 0.0012074749684, -0.00235221744515, 0.0027785692364, -0.00065451086266, 0.000679035729263, -0.000701542769093, 0.00267705856822, -0.00228261877783, 0.00178087409586], [-0.000931134214625, 0.0029042751994, -0.00140016304795, 0.00539630372077, -0.00375953898765, 0.00120649079327, -0.00394113827497, 0.00373535091057, 0.00108192698099, 0.00109684932977, -0.000338521116646, 0.00478237960488, -0.00314248492941], [0.000942785816733, -0.00285682105459, 0.0012074749684, -0.00375953898765, 0.00959520693868, -0.00308231567033, 0.00169271335471, -0.00367447617464, -1.03132324512e-05, -0.00272409175523, -0.0017692418769, 0.00395253906026, -0.000584530818742], [-0.00055985909421, 0.00237277173437, -0.00235221744515, 0.00120649079327, -0.00308231567033, 0.0099995881319, -0.00198625633493, -0.00138146220706, 0.000314558768878, 0.000827906944323, 0.00222956202924, 0.000104384576844, -0.00232870434411], [0.000879226019606, -0.00388471689075, 0.0027785692364, -0.00394113827497, 0.00169271335471, -0.00198625633493, 0.0154268043116, -0.00576153723523, 0.00077859783778, -0.000898872269318, -0.00153309211601, -0.0011358349584, 0.00402301130816], [-0.000790688209236, 0.00294329202734, -0.00065451086266, 0.00373535091057, -0.00367447617464, -0.00138146220706, -0.00576153723523, 0.015150106512, -0.00503206765279, 0.00068404088961, 0.00137705006637, -0.00173765281215, 0.0033905650489], [0.000151599859237, -0.000534674094524, 0.000679035729263, 0.00108192698099, -1.03132324512e-05, 0.000314558768878, 0.000778597837