{"metadata": {"version": {"essentia_git_sha": "v2.1_beta2", "essentia_build_sha": "70f2e5ece6736b2c40cc944ad0e695b16b925413", "extractor": "music 1.0", "essentia": "2.1-beta2"}, "audio_properties": {"analysis_sample_rate": 44100, "md5_encoded": "77031ca6e533dd8b0c20ceea0f540413", "downmix": "mix", "sample_rate": 44100, "equal_loudness": 0, "lossless": false, "codec": "mp3", "bit_rate": 320142, "length": 58.6971435547, "replay_gain": -4.592628479}, "tags": {"script": ["Latn"], "musicbrainz album type": ["album"], "title": ["Paper Cut"], "musicbrainz_artistid": ["10031131-b9a0-4f2a-83bb-a7f26375efd7"], "label": ["Relapse Records"], "catalognumber": ["yscy-1003"], "musicip_puid": ["765dc259-da59-26d2-ec09-c96d015896b0"], "date": ["2005-07-15"], "contentgroup": ["Grindcore"], "musicbrainz_albumid": ["2a0a5dff-fdfa-4666-b893-39ec48de3097"], "musicbrainz album release country": ["JP"], "mood": ["Moody"], "album": ["Confrontation"], "discnumber": ["1/1"], "artistsort": ["Soilent Green"], "file_name": "11 Paper Cut (1).mp3", "genre": ["Grindcore; Doom Metal"], "artist": ["Soilent Green"], "asin": ["B0009OASS6"], "originaldate": ["2005-07-15"], "albumartist": ["Soilent Green"], "tracknumber": ["11/16"], "musicbrainz_recordingid": ["a196bb54-def5-46d4-827c-a6a71255919f"], "albumartistsort": ["Soilent Green"], "originalyear": ["2005"], "musicbrainz_albumartistid": ["10031131-b9a0-4f2a-83bb-a7f26375efd7"]}}, "rhythm": {"beats_loudness": {"var": 0.0038783098571, "mean": 0.107929155231, "dmean2": 0.102346248925, "dvar": 0.00186511490028, "dmean": 0.0601061843336, "max": 0.267959356308, "min": 0.00787455402315, "median": 0.102954536676, "dvar2": 0.00534130865708}, "beats_position": [0.487619042397, 0.99845802784, 1.48607707024, 1.97369611263, 2.48453521729, 3.01859402657, 3.54104304314, 4.07510185242, 4.49306106567, 4.92263031006, 5.36380958557, 5.80498838425, 6.23455762863, 6.65251684189, 7.10530614853, 7.5464849472, 7.97605419159, 8.39401340485, 8.80036258698, 9.25315189362, 9.682721138, 10.1239004135, 10.5882987976, 11.0294780731, 11.4590473175, 11.9118366241, 12.3646259308, 12.8174142838, 13.2585935593, 13.7113828659, 14.1641721725, 14.6053514481, 15.0581407547, 15.5109291077, 15.9521083832, 16.3932876587, 16.8344669342, 17.2756462097, 17.7052154541, 18.1463947296, 18.5875740051, 19.0287532806, 19.4699325562, 19.9227199554, 20.363899231, 20.7934684753, 21.246257782, 21.6874370575, 22.128616333, 22.5814056396, 23.0341949463, 23.5102043152, 23.9629936218, 24.40417099, 24.8453502655, 25.286529541, 25.7277088165, 26.168888092, 26.6100673676, 27.0512466431, 27.4924259186, 27.9568252563, 28.3980045319, 28.8624038696, 29.3151912689, 29.8260307312, 30.3368701935, 30.8477096558, 31.3469390869, 31.8577766418, 32.3686180115, 32.8097953796, 33.2509727478, 33.6921539307, 34.121723175, 34.5164604187, 34.8995895386, 35.2711105347, 35.6426315308, 36.0025405884, 36.3740577698, 36.7571868896, 37.151927948, 37.5234451294, 37.9181861877, 38.3245353699, 38.730884552, 39.1372337341, 39.5435829163, 39.9383201599, 40.344669342, 40.7277984619, 41.134147644, 41.5172767639, 41.923625946, 42.3299751282, 42.7479362488, 43.2007255554, 43.6535148621, 44.1063041687, 44.5590934753, 45.0351028442, 45.5111083984, 46.0683898926, 46.625667572, 47.1945571899, 47.7750549316, 48.3439445496, 48.9360542297, 49.5281639099, 50.1202697754, 50.6659393311, 51.2000007629, 51.7340583801, 52.2797279358, 52.8021774292, 53.3130149841, 53.8354644775, 54.3579139709, 54.8455314636, 55.333152771, 55.8439903259, 56.3548278809, 56.854057312, 57.3532867432, 57.8525161743, 58.3633537292], "bpm_histogram_first_peak_spread": {"var": 0, "mean": 0.473684191704, "dmean2": 0, "dvar": 0, "dmean": 0, "max": 0.473684191704, "min": 0.473684191704, "median": 0.473684191704, "dvar2": 0}, "danceability": 1.10583591461, "bpm_histogram_second_peak_weight": {"var": 0, "mean": 0.0873015895486, "dmean2": 0, "dvar": 0, "dmean": 0, "max": 0.0873015895486, "min": 0.0873015895486, "median": 0.0873015895486, "dvar2": 0}, "bpm_histogram_first_peak_weight": {"var": 0, "mean": 0.238095238805, "dmean2": 0, "dvar": 0, "dmean": 0, "max": 0.238095238805, "min": 0.238095238805, "median": 0.238095238805, "dvar2": 0}, "bpm": 135.352600098, "bpm_histogram_second_peak_spread": {"var": 0, "mean": 0.421052634716, "dmean2": 0, "dvar": 0, "dmean": 0, "max": 0.421052634716, "min": 0.421052634716, "median": 0.421052634716, "dvar2": 0}, "bpm_histogram_second_peak_bpm": {"var": 0, "mean": 117, "dmean2": 0, "dvar": 0, "dmean": 0, "max": 117, "min": 117, "median": 117, "dvar2": 0}, "beats_count": 127, "beats_loudness_band_ratio": {"var": [0.00573782948777, 0.000276926904917, 2.60972029764e-07, 6.67817903377e-06, 0.00324662681669, 0.000151527157868], "mean": [0.958304286003, 0.0192310977727, 0.00039132341044, 0.000985238119029, 0.0238752998412, 0.00515673449263], "dmean2": [0.113551355898, 0.0242742858827, 0.000832993886434, 0.00291384174488, 0.0817960351706, 0.0175728145987], "dvar": [0.00841623172164, 0.00023082808184, 3.18627968454e-07, 1.14513759399e-05, 0.00525236781687, 0.000242763955612], "dmean": [0.0602642558515, 0.014261954464, 0.000454662920674, 0.00151547102723, 0.0417874194682, 0.00904320180416], "max": [0.999691486359, 0.083271548152, 0.00249615940265, 0.0205456931144, 0.307879626751, 0.0718031600118], "min": [0.606191933155, 0.000515978608746, 4.99698853673e-06, 4.36418247318e-07, 6.28326688457e-07, 1.59779438036e-06], "median": [0.986673414707, 0.0153228808194, 0.000201427712454, 0.000178460802999, 0.00280221388675, 0.00045336590847], "dvar2": [0.0230107754469, 0.000606596178841, 8.76307012732e-07, 3.27790403389e-05, 0.014347223565, 0.000664485211018]}, "onset_rate": 4.73500537872, "bpm_histogram_first_peak_bpm": {"var": 0, "mean": 136, "dmean2": 0, "dvar": 0, "dmean": 0, "max": 136, "min": 136, "median": 136, "dvar2": 0}}, "lowlevel": {"hfc": {"var": 174.714035034, "mean": 13.9864368439, "dmean2": 11.8361263275, "dvar": 144.072769165, "dmean": 7.36006593704, "max": 177.830856323, "min": 1.23260234484e-16, "median": 11.1377449036, "dvar2": 359.465362549}, "barkbands_spread": {"var": 40.3326339722, "mean": 2.3565762043, "dmean2": 2.65400528908, "dvar": 32.0933876038, "dmean": 1.65959668159, "max": 150.070983887, "min": 0.103200986981, "median": 0.746663987637, "dvar2": 80.2510681152}, "spectral_spread": {"var": 2091148509180.0, "mean": 2279512.25, "dmean2": 759362.25, "dvar": 623125725184, "dmean": 471136.8125, "max": 41332472, "min": 447881.28125, "median": 2287243, "dvar2": 921174147072}, "spectral_energy": {"var": 0.00548366317526, "mean": 0.11830046773, "dmean2": 0.0925482064486, "dvar": 0.00412602629513, "dmean": 0.0564729124308, "max": 0.522220551968, "min": 1.10580347719e-20, "median": 0.105306230485, "dvar2": 0.0111891673878}, "gfcc": {"icov": [[0.00408555567265, -0.010263719596, 0.00539831118658, -0.00917962472886, 0.00416922429577, -0.00596940796822, 0.00100163510069, -0.00101877760608, -0.00269369059242, 0.00317541509867, -0.00367895630188, 0.00295315124094, -0.00137926370371], [-0.010263719596, 0.029595784843, -0.0141921984032, 0.0250896755606, -0.0123509811237, 0.0178850516677, -0.00298623368144, 0.00546292262152, 0.00639910483733, -0.00556455925107, 0.00843387655914, -0.00611839396879, 0.00330739747733], [0.00539831118658, -0.0141921984032, 0.00816708710045, -0.0123105635867, 0.00682446686551, -0.0103149339557, 0.00190990837291, -0.00243013515137, -0.00304852495901, 0.00512552959844, -0.006186444778, 0.00517240306363, -0.00316322641447], [-0.00917962472886, 0.0250896755606, -0.0123105635867, 0.0263677239418, -0.0112554151565, 0.0191662684083, -0.00564850820228, 0.00608994206414, 0.00212020939216, -0.00468084588647, 0.0091490894556, -0.00798036251217, 0.00414518686011], [0.00416922429577, -0.0123509811237, 0.00682446686551, -0.0112554151565, 0.0124992383644, -0.0108637902886, 0.00412753224373, -0.00520667200908, -0.00015761803661, -0.0010288588237, -0.00459165684879, 0.00584566080943, -0.00347388000228], [-0.00596940796822, 0.0178850516677, -0.0103149339557, 0.0191662684083, -0.0108637902886, 0.0255126599222, -0.00706996768713, 0.010251628235, -0.0016847277293, -0.00282783433795, 0.00543028349057, -0.00621213577688, 0.00239769439213], [0.00100163510069, -0.00298623368144, 0.00190990837291, -0.00564850820228, 0.00412753224373, -0.00706996768713, 0.0152269545943, -0.0065258834511, 0.00182499585208, 0.000751186278649, -0.00172096956521, 0.00194295868278, -0.00346646900289], [-0.00101877760608, 0.00546292262152, -0.00243013515137, 0.00608994206414, -0.00520667200908, 0.010251628235, -0.0065258834511, 0.0179936159402, -0.00753329368308, 0.00785688217729, -0.00392264826223, 0.00142084411345, 0.00071968982229], [-0.00269369059242, 0.00639910483733, -0.00304852495901, 0.00212020939216, -0.00015761803661, -0.0016847277293, 0.00182499585208, -0.00753329368308, 0.0221721716225, -0.0118144601583, 0.0051010241732, 0.00330712180585, -0.00244215107523], [0.00317541509867, -0.00556455925107, 0.00512552959844, -0.00468084588647, -0.0010288588237, -0.00282783433795, 0.000751186278649, 0.00785688217729, -0.0118144601583, 0.0330509282649, -0.0169186703861, 0.00985435117036, -0.00478303758428], [-0.00367895630188, 0.00843387655914, -0.006186444778, 0.0091490894556, -0.00459165684879, 0.00543028349057, -0.00172096956521, -0.00392264826223, 0.0051010241732, -0.0169186703861, 0.0355358012021, -0.0217558257282, 0.0142379030585], [0.00295315124094, -0.00611839396879, 0.00517240306363, -0.00798036251217, 0.00584566080943, -0.00621213577688, 0.00194295868278, 0.00142084411345, 0.00330712180585, 0.00985435117036, -0.0217558257282, 0.0335324779153, -0.0156878363341], [-0.00137926370371, 0.00330739747733, -0.00316322641447, 0.00414518686011, -0.00347388000228, 0.00239769439213, -0.00346646900289, 0.00071968982229, -0.00244215107523, -0.00478303758428, 0.0142379030585, -0.0156878363341, 0.0263595767319]], "mean": [-173.909317017, 156.914321899, -30.9252490997, 84.5388717651, 29.9556922913, -12.6292591095, -17.9334316254, -5.54198169708, -12.404633522, -8.2201423645, -10.6978788376, -10.9989299774, -11.0829286575], "cov": [[6057.87207031, 185.922225952, -3162.30078125, 1069.73254395, 239.664108276, -643.465515137, -2.43475604057, -47.3167304993, 130.25088501, 49.6691665649, -107.651924133, -72.7833786011, -127.059432983], [185.922225952, 475.839935303, 414.550842285, -232.294174194, 26.3956165314, 57.8803939819, -46.8758888245, -51.2734146118, -57.5592384338, -26.5304985046, 8.41804504395, -16.3404903412, 5.3309173584], [-3162.30078125, 414.550842285, 2918.55322266, -643.93939209, -257.636932373, 500.84487915, 23.2995243073, -19.0196247101, -82.8943786621, -120.076248169, 62.4138526917, 22.4684200287, 108.279953003], [1069.73254395, -232.294174194, -643.93939209, 497.027404785, 23.2505207062, -194.858016968, 48.338394165, 27.3828716278, 61.9517326355, 6.72177171707, -36.2326965332, -3.90786075592, -19.7124347687], [239.664108276, 26.3956165314, -257.636932373, 23.2505207062, 207.227264404, -5.64838647842, -28.0680541992, 5.91498041153, 13.4516134262, 40.9950752258, 1.06284677982, -22.6528282166, -6.74462366104], [-643.465515137, 57.8803939819, 500.84487915, -194.858016968, -5.64838647842, 208.073379517, 7.89550876617, -39.1732902527, -7.22555208206, -0.0752344429493, 15.2289981842, 8.1348695755, 28.1830863953], [-2.43475604057, -46.8758888245, 23.2995243073, 48.338394165, -28.0680541992, 7.89550876617, 97.5720672607, 31.4653968811, 9.52579021454, -12.2403964996, -2.85641860962, 5.29239416122, 11.8579654694], [-47.3167304993, -51.2734146118, -19.0196247101, 27.3828716278, 5.91498041153, -39.1732902527, 31.4653968811, 111.82660675, 29.4959602356, -13.5899982452, 2.44784450531, -9.83978939056, -4.1149892807], [130.25088501, -57.5592384338, -82.8943786621, 61.9517326355, 13.4516134262, -7.22555208206, 9.52579021454, 29.4959602356, 88.7179489136, 24.2491207123, -13.1596012115, -22.7437229156, 3.41681170464], [49.6691665649, -26.5304985046, -120.076248169, 6.72177171707, 40.9950752258, -0.0752344429493, -12.2403964996, -13.5899982452, 24.2491207123, 63.9291419983, 16.0245456696, -8.08473014832, -4.98824119568], [-107.651924133, 8.41804504395, 62.4138526917, -36.2326965332, 1.06284677982, 15.2289981842, -2.85641860962, 2.44784450531, -13.1596012115, 16.0245456696, 64.8446960449, 28.7961883545, -11.3879594803], [-72.7833786011, -16.3404903412, 22.4684200287, -3.90786075592, -22.6528282166, 8.1348695755, 5.29239416122, -9.83978939056, -22.7437229156, -8.08473014832, 28.7961883545, 66.8111114502, 19.4263038635], [-127.059432983, 5.3309173584, 108.279953003, -19.7124347687, -6.74462366104, 28.1830863953, 11.8579654694, -4.1149892807, 3.41681170464, -4.98824119568, -11.3879594803, 19.4263038635, 62.0567970276]]}, "silence_rate_60dB": {"var": 0.00511422706768, "mean": 0.00514037162066, "dmean2": 0.00474871369079, "dvar": 0.00236785761081, "dmean": 0.00237341760658, "max": 1, "min": 0, "median": 0, "dvar2": 0.00630930019543}, "spectral_centroid": {"var": 289874.625, "mean": 353.345581055, "dmean2": 241.08744812, "dvar": 116062.28125, "dmean": 158.063095093, "max": 11293.0585938, "min": 85.3761520386, "median": 168.023880005, "dvar2": 213809.609375}, "spectral_complexity": {"var": 27.1170539856, "mean": 4.8647685051, "dmean2": 3.22318959236, "dvar": 11.559671402, "dmean": 2.08781647682, "max": 38, "min": 0, "median": 3, "dvar2": 23.2544937134}, "melbands_spread": {"var": 44.6403312683, "mean": 1.74066007137, "dmean2": 1.52934980392, "dvar": 11.5757074356, "dmean": 0.977596342564, "max": 131.656967163, "min": 0.236422106624, "median": 0.623577594757, "dvar2": 22.2091846466}, "spectral_strongpeak": {"var": 0.193994447589, "mean": 0.835930943489, "dmean2": 0.533555388451, "dvar": 0.0935824513435, "dmean": 0.320173203945, "max": 3.82099533081, "min": 0, "median": 0.768780827522, "dvar2": 0.258078217506}, "zerocrossingrate": {"var": 0.00152020470705, "mean": 0.00947311986238, "dmean2": 0.00337429973297, "dvar": 0.000173363499925, "dmean": 0.00264749652706, "max": 0.8740234375, "min": 0.00244140625, "median": 0.00537109375, "dvar2": 0.000226911579375}, "erbbands_kurtosis": {"var": 1021.09973145, "mean": 26.3153972626, "dmean2": 19.7471218109, "dvar": 276.378082275, "dmean": 12.5573129654, "max": 167.479690552, "min": -1.94255137444, "median": 12.3282852173, "dvar2": 643.69921875}, "spectral_energyband_middle_low": {"var": 0.000251911231317, "mean": 0.0126757295802, "dmean2": 0.0144520625472, "dvar": 0.000220940506551, "dmean": 0.00870372913778, "max": 0.204225808382, "min": 2.53806441572e-22, "median": 0.00718185072765, "dvar2": 0.000596054480411}, "erbbands": {"var": [0.790223002434, 227.124801636, 1085.90905762, 2032.75805664, 653.336853027, 64.986907959, 13.7910289764, 2.58988785744, 0.440216302872, 0.416634142399, 0.553749620914, 0.192662119865, 0.0824774429202, 0.0419980660081, 0.022314498201, 0.17393989861, 2.07888531685, 9.07223033905, 46.4425735474, 66.3001327515, 125.518707275, 507.265411377, 9785.72265625, 9497.54589844, 131.265365601, 59.7843017578, 16.2883834839, 2.55301213264, 0.891381561756, 0.246390715241, 0.00361262098886, 0.000133315610583, 4.22883422289e-05, 1.92857555703e-06, 1.1278934835e-06, 6.10086630104e-08, 8.24892598672e-09, 6.70046462758e-10, 1.15714893223e-09, 6.46523501402e-09], "mean": [1.07104837894, 19.1860485077, 42.7803421021, 37.5447921753, 19.1358413696, 6.06651210785, 2.47672533989, 1.0704460144, 0.310251027346, 0.230813190341, 0.225747942924, 0.137171193957, 0.10412299633, 0.0741071999073, 0.0667141377926, 0.158326074481, 0.500001728535, 1.20277321339, 2.25417566299, 2.56380295753, 3.0715970993, 6.91808986664, 21.231098175, 17.9434947968, 3.38351297379, 2.10155296326, 0.873372614384, 0.413553714752, 0.19043636322, 0.0991191938519, 0.0151645066217, 0.00346464570612, 0.00208536535501, 0.000872617005371, 0.000646282569505, 0.000353022216586, 0.000195983389858, 7.19876188668e-05, 7.13401168468e-05, 0.000130602304125], "dmean2": [0.91633695364, 17.1413421631, 39.1926078796, 39.5050163269, 22.9243183136, 6.4087934494, 2.85429382324, 1.17357623577, 0.371718049049, 0.316607415676, 0.340205579996, 0.186088711023, 0.155993148685, 0.0919232666492, 0.0859340578318, 0.187106579542, 0.621652185917, 1.41337609291, 2.74958515167, 3.77695298195, 6.16093587875, 11.2986593246, 28.8090400696, 26.5384635925, 5.51763343811, 3.70476508141, 1.54354667664, 0.891440629959, 0.419282585382, 0.213203698397, 0.029259160161, 0.00600191345438, 0.00295499153435, 0.000774547981564, 0.000600434315857, 0.000176602814463, 7.93432845967e-05, 2.50561170105e-05, 4.24146746809e-05, 0.000100519013358], "dvar": [0.467101126909, 129.953109741, 831.302612305, 1511.10839844, 578.601928711, 67.8886947632, 16.882068634, 2.50372385979, 0.676098525524, 0.569357454777, 0.918889582157, 0.288750708103, 0.118348009884, 0.0351798348129, 0.0276488475502, 0.141883894801, 1.74050271511, 6.68471097946, 31.3738040924, 52.1026954651, 188.47706604, 431.380096436, 7146.66357422, 8288.99316406, 105.481521606, 56.0166893005, 14.4149541855, 3.07024741173, 1.13776814938, 0.298188239336, 0.00373727572151, 0.000163327800692, 4.39204013674e-05, 2.1661548999e-06, 1.54702649979e-06, 8.71538006209e-08, 1.10095070838e-08, 9.03939145758e-10, 9.03558006193e-10, 4.89772267187e-09], "dmean": [0.548436462879, 10.4771757126, 24.1844043732, 23.8430252075, 13.7083768845, 3.85147595406, 1.67466402054, 0.69319319725, 0.216636151075, 0.182737335563, 0.190409943461, 0.107081398368, 0.0867842957377, 0.054158385843, 0.0507207140326, 0.111077487469, 0.370319485664, 0.888463973999, 1.79358911514, 2.36672067642, 3.57854175568, 6.95903778076, 18.9288005829, 17.7611160278, 3.44094896317, 2.27619385719, 0.976530134678, 0.524582266808, 0.244452923536, 0.123130880296, 0.0171831715852, 0.00353071582504, 0.00177945080213, 0.000456595123978, 0.000344199943356, 0.000103105317976, 4.67884528916e-05, 1.44887471833e-05, 2.60087035713e-05, 6.13692172919e-05], "max": [8.09902667999, 99.7294769287, 254.412567139, 489.225860596, 283.221618652, 139.954376221, 78.8405685425, 26.3012523651, 20.0591182709, 18.0530834198, 24.0001735687, 15.9797582626, 7.55431842804, 3.13185596466, 2.78908348083, 5.43635797501, 22.7006969452, 51.8566169739, 84.4185028076, 155.353652954, 215.011444092, 285.623504639, 1451.5814209, 1433.5234375, 148.234191895, 117.815040588, 93.3475570679, 23.995557785, 18.0024394989, 8.39430141449, 1.03834986687, 0.228139027953, 0.0977571904659, 0.0222050007433, 0.0225066076964, 0.00679041724652, 0.00281636253931, 0.00077790528303, 0.000285569141852, 0.000567840412259], "min": [1.89267204036e-21, 1.44961382866e-20, 5.05576118502e-20, 2.13446234563e-20, 5.72409823992e-20, 1.63611245757e-19, 1.58650953816e-19, 4.52448769912e-19, 7.11306722504e-19, 9.08884757172e-19, 5.684106513e-19, 1.24303429178e-18, 2.09422568277e-18, 2.19771156087e-18, 1.56821615457e-18, 4.5944394684e-18, 4.49078050275e-18, 1.16113418807e-17, 1.23180080683e-17, 6.7631750992e-18, 1.00169272618e-17, 1.37286264639e-17, 1.74173135013e-17, 1.2798704229e-17, 9.4109454984e-18, 1.58275269579e-17, 1.72888771676e-17, 1.3005366206e-17, 1.62516472733e-17, 2.0697025073e-17, 2.0250094425e-17, 1.62444110973e-17, 1.44829399091e-17, 1.01532424909e-17, 7.45452769209e-18, 7.23098130437e-18, 4.03966183927e-18, 1.64802719296e-18, 3.29332991148e-19, 3.56958451926e-20], "median": [0.81549090147, 15.8666763306, 34.6695899963, 20.4314460754, 10.498544693, 3.46646046638, 1.45426273346, 0.584105908871, 0.16050042212, 0.0856578052044, 0.0734187066555, 0.0395886488259, 0.0293004065752, 0.0173220243305, 0.0216410476714, 0.0358479768038, 0.0976388975978, 0.156106680632, 0.18309007585, 0.247795209289, 0.253100633621, 0.503208041191, 0.67319971323, 0.377402722836, 0.185445711017, 0.0990832671523, 0.0304641872644, 0.019289014861, 0.00796194933355, 0.00328662991524, 0.00126688496675, 0.000921944214497, 0.000761208299082, 0.000604984234087, 0.000469048944069, 0.00032022560481, 0.000185172219062, 6.9600486313e-05, 6.52868984616e-05, 0.000116327195428], "dvar2": [1.22958981991, 341.731018066, 2260.01245117, 4058.97973633, 1584.69311523, 188.46105957, 48.0591278076, 7.11070823669, 1.97246956825, 1.62707424164, 2.68769836426, 0.83539378643, 0.345857083797, 0.0959185510874, 0.0792038664222, 0.364952802658, 4.40664052963, 16.9361419678, 76.9571914673, 125.198867798, 530.520446777, 1082.18432617, 17024.4648438, 19145.125, 247.59564209, 136.833267212, 33.0843963623, 7.97892999649, 2.98433160782, 0.789217531681, 0.00936645455658, 0.000445564510301, 0.000113961024908, 5.56074928681e-06, 4.26586075264e-06, 2.45516559971e-07, 3.05278007318e-08, 2.54119769671e-09, 2.45078690675e-09, 1.32780195727e-08]}, "barkbands_crest": {"var": 17.9069366455, "mean": 17.3809642792, "dmean2": 5.00524520874, "dvar": 7.67907571793, "dmean": 2.97767329216, "max": 26.6213321686, "min": 4.45227193832, "median": 17.2171897888, "dvar2": 20.2017917633}, "melbands_crest": {"var": 13.1718673706, "mean": 21.5357303619, "dmean2": 4.06238555908, "dvar": 5.3164191246, "dmean": 2.4956445694, "max": 31.4258918762, "min": 2.25357913971, "median": 21.3364028931, "dvar2": 14.3809957504}, "spectral_flux": {"var": 0.00779081648216, "mean": 0.136953338981, "dmean2": 0.11420622468, "dvar": 0.00511807110161, "dmean": 0.0681495219469, "max": 0.56630730629, "min": 1.05157188512e-10, "median": 0.121378235519, "dvar2": 0.0118701029569}, "spectral_contrast_valleys": {"var": [0.76670062542, 0.753194570541, 0.775898039341, 1.6160274744, 1.94325006008, 0.224055334926], "mean": [-6.44095563889, -8.69987869263, -10.1173009872, -9.73140621185, -9.40880012512, -12.9690895081], "dmean2": [0.625679135323, 0.710574746132, 0.6596108675, 0.673824429512, 0.875864028931, 0.348987668753], "dvar": [0.162697821856, 0.227956727147, 0.213693708181, 0.258407264948, 0.407143861055, 0.107336886227], "dmean": [0.389383643866, 0.440481156111, 0.408048033714, 0.447378516197, 0.601751089096, 0.218514144421], "max": [-4.82076787949, -5.20034456253, -6.87165641785, -6.40571212769, -5.93915939331, -10.7486534119], "min": [-27.6925449371, -27.7425193787, -27.0546016693, -27.2682189941, -27.2711544037, -27.2753257751], "median": [-6.38026952744, -8.69043159485, -10.0828790665, -9.590508461, -9.373005867, -13.0559768677], "dvar2": [0.346513539553, 0.465319812298, 0.436672121286, 0.476447492838, 0.794614136219, 0.18226853013]}, "mfcc": {"icov": [[0.00493289437145, -0.0062914560549, 0.00708349933848, -0.00700393365696, 0.00763999484479, -0.00727397669107, 0.00825649034232, -0.00860254839063, 0.00774832535535, -0.00618851138279, 0.00499386666343, -0.00323609774932, 0.00291451346129], [-0.0062914560549, 0.0108457095921, -0.00946418568492, 0.0101734958589, -0.0111985439435, 0.0102311950177, -0.0117190610617, 0.0124815944582, -0.0108523927629, 0.0097623821348, -0.00716677634045, 0.00520988367498, -0.00345063838176], [0.00708349933848, -0.00946418568492, 0.0109390802681, -0.00971006974578, 0.0109924525023, -0.0110858725384, 0.0116260852665, -0.0138548584655, 0.011706857942, -0.00956961326301, 0.00826010201126, -0.00493947509676, 0.00469281477854], [-0.00700393365696, 0.0101734958589, -0.00971006974578, 0.013581530191, -0.0110180275515, 0.011222361587, -0.0112893413752, 0.0120769459754, -0.01317124255, 0.0106186084449, -0.00922530610114, 0.00591551093385, -0.00504589360207], [0.00763999484479, -0.0111985439435, 0.0109924525023, -0.0110180275515, 0.0189478788525, -0.012582291849, 0.0120119312778, -0.0125031005591, 0.0131734488532, -0.0133704692125, 0.00913667026907, -0.0074653304182, 0.00547072570771], [-0.00727397669107, 0.0102311950177, -0.0110858725384, 0.011222361587, -0.012582291849, 0.0195500422269, -0.0129659706727, 0.017164811492, -0.0149733470753, 0.0120836701244, -0.00929760094732, 0.00600593909621, -0.00711311353371], [0.00825649034232, -0.0117190610617, 0.0116260852665, -0.0112893413752, 0.0120119312778, -0.0129659706727, 0.0282360389829, -0.0198890566826, 0.0155936218798, -0.0110196927562, 0.00985403452069, -0.00888661202043, 0.00429189670831], [-0.00860254839063, 0.0124815944582, -0.0138548584655, 0.0120769459754, -0.0125031005591, 0.017164811492, -0.0198890566826, 0.0331580750644, -0.0205128192902, 0.0155983176082, -0.0139914983884, 0.00983606465161, -0.00814266689122], [0.00774832535535, -0.0108523927629, 0.011706857942, -0.01317124255, 0.0131734488532, -0.0149733470753, 0.0155936218798, -0.0205128192902, 0.0326830260456, -0.0224090944976, 0.019349899143, -0.0115432878956, 0.00753087410703], [-0.00618851138279, 0.0097623821348, -0.00956961326301, 0.0106186084449, -0.0133704692125, 0.0120836701244, -0.0110196927562, 0.0155983176082, -0.0224090944976, 0.0286733787507, -0.018913699314, 0.0155236683786, -0.00850729830563], [0.00499386666343, -0.00716677634045, 0.00826010201126, -0.00922530610114, 0.00913667026907, -0.00929760094732, 0.00985403452069, -0.0139914983884, 0.019349899143, -0.018913699314, 0.0286891460419, -0.0144440419972, 0.0167380794883], [-0.00323609774932, 0.00520988367498, -0.00493947509676, 0.00591551093385, -0.0074653304182, 0.00600593909621, -0.00888661202043, 0.00983606465161, -0.0115432878956, 0.0155236683786, -0.0144440419972, 0.0218490473926, -0.0127499531955], [0.00291451346129, -0.00345063838176, 0.00469281477854, -0.00504589360207, 0.00547072570771, -0.00711311353371, 0.00429189670831, -0.00814266689122, 0.00753087410703, -0.00850729830563, 0.0167380794883, -0.0127499531955, 0.0248115547001]], "mean": [-845.632263184, 182.836929321, 32.9084205627, 105.625282288, 63.9179267883, 26.5525741577, 16.9839286804, 10.1965427399, 4.58096027374, 3.60975837708, 9.53138160706, -1.97667622566, -7.71347141266], "cov": [[6923.44287109, -852.580688477, -3705.73144531, 1230.36560059, -452.300720215, -152.430831909, -413.063903809, -132.644363403, -11.8146820068, 40.9850349426, 271.555297852, -78.9655380249, -102.910964966], [-852.580688477, 731.918029785, 663.805053711, -361.367218018, 155.230926514, 28.8200531006, 98.4503173828, -14.7972192764, -38.1937789917, -42.2047538757, -47.8710212708, 11.4543275833, -9.65074539185], [-3705.73144531, 663.805053711, 2565.55615234, -588.061767578, 154.439743042, 132.676589966, 201.41166687, 140.241195679, 2.29398584366, -36.6392822266, -172.051605225, 6.3419919014, 44.0125961304], [1230.36560059, -361.367218018, -588.061767578, 527.001464844, -92.491897583, -63.5835456848, -77.1416168213, 11.1113891602, 38.2164382935, 23.1445598602, 61.8618164062, -20.8803691864, -13.3527650833], [-452.300720215, 155.230926514, 154.439743042, -92.491897583, 201.363876343, 36.1026611328, 27.8087043762, -21.9981136322, 0.402700543404, 25.1523971558, -6.14541625977, 14.843583107, 0.894948065281], [-152.430831909, 28.8200531006, 132.676589966, -63.5835456848, 36.1026611328, 158.695999146, 12.9383001328, -27.3772983551, 15.2482728958, -16.1904582977, -31.9179935455, 21.5627479553, 32.6343002319], [-413.063903809, 98.4503173828, 201.41166687, -77.1416168213, 27.8087043762, 12.9383001328, 106.988716125, 29.3349666595, -10.2763252258, -25.3576431274, -20.4195995331, 28.8744621277, 20.1654644012], [-132.644363403, -14.7972192764, 140.241195679, 11.1113891602, -21.9981136322, -27.3772983551, 29.3349666595, 93.7399291992, 19.8734130859, -2.11024713516, -4.22766017914, -5.4018239975, 5.26957416534], [-11.8146820068, -38.1937789917, 2.29398584366, 38.2164382935, 0.402700543404, 15.2482728958, -10.2763252258, 19.8734130859, 101.544937134, 44.2999382019, -31.2538356781, -8.03113937378, 17.3218612671], [40.9850349426, -42.2047538757, -36.6392822266, 23.1445598602, 25.1523971558, -16.1904582977, -25.3576431274, -2.11024713516, 44.2999382019, 128.063674927, 39.4385452271, -53.1733474731, -29.006652832], [271.555297852, -47.8710212708, -172.051605225, 61.8618164062, -6.14541625977, -31.9179935455, -20.4195995331, -4.22766017914, -31.2538356781, 39.4385452271, 122.514587402, -2.20975470543, -59.8605728149], [-78.9655380249, 11.4543275833, 6.3419919014, -20.8803691864, 14.843583107, 21.5627479553, 28.8744621277, -5.4018239975, -8.03113937378, -53.1733474731, -2.20975470543, 109.108856201, 43.3286209106], [-102.910964966, -9.65074539185, 44.0125961304, -13.3527650833, 0.894948065281, 32.6343002319, 20.1654644012, 5.26957416534, 17.3218612671, -29.006652832, -59.8605728149, 43.3286209106, 94.8542861938]]}, "erbbands_flatness_db": {"var": 0.00553084164858, "mean": 0.310108155012, "dmean2": 0.0413829348981, "dvar": 0.000560428365134, "dmean": 0.0271523967385, "max": 0.49495151639, "min": 0.0154333589599, "median": 0.291573375463, "dvar2": 0.00132209225558}, "barkbands": {"var": [6.98909872199e-08, 0.00316077214666, 0.000934203679208, 0.000184366610483, 1.12153129521e-05, 5.48205818518e-08, 1.58407920114e-09, 1.30319688374e-09, 3.75372066763e-10, 6.37326857955e-11, 1.14323012862e-11, 6.46424649919e-11, 1.12160503107e-09, 7.20196391413e-09, 2.43244038245e-08, 2.73805795814e-08, 1.03554377517e-07, 5.70969677938e-06, 3.09982681301e-07, 2.80619936177e-08, 2.88033974449e-09, 5.83954273825e-10, 1.64720320717e-11, 1.65167196326e-13, 1.65596940186e-14, 2.13509244498e-15, 5.86071942963e-16], "mean": [0.000185965764103, 0.0716326013207, 0.0328919962049, 0.0100289480761, 0.00246098195203, 0.000152825843543, 1.4433452634e-05, 1.12824827738e-05, 6.2317631091e-06, 2.81049597106e-06, 1.2916700598e-06, 3.19247328662e-06, 1.13750465971e-05, 3.03859251289e-05, 4.83632757096e-05, 4.83781004732e-05, 0.000100052115158, 0.000485869590193, 0.000119021569844, 4.57904170617e-05, 1.2910557416e-05, 4.91019500259e-06, 8.60805243974e-07, 1.30140378474e-07, 7.69340005036e-08, 8.618064129e-08, 1.43261360108e-07], "dmean2": [0.000208957921132, 0.063660480082, 0.0332757458091, 0.0121921207756, 0.00296074943617, 0.000174398199306, 1.97852241399e-05, 1.76114681381e-05, 8.38856249175e-06, 3.8772550397e-06, 1.84181806162e-06, 3.78361573894e-06, 1.42538792716e-05, 3.5944787669e-05, 6.48550194455e-05, 8.98352445802e-05, 0.000184841264854, 0.000658647797536, 0.000184075601283, 7.95086889411e-05, 2.69714328169e-05, 1.08250687845e-05, 1.7175375433e-06, 2.0087675523e-07, 7.14372916377e-08, 3.44726700519e-08, 3.34526752965e-08], "dvar": [3.93243588803e-08, 0.00182408001274, 0.00071108789416, 0.000149370651343, 1.16555556815e-05, 5.71499931823e-08, 2.35346475641e-09, 2.00598915256e-09, 5.31949095883e-10, 6.72968972215e-11, 1.50398287574e-11, 5.58085903879e-11, 9.10398811893e-10, 4.79638417872e-09, 1.82969106532e-08, 3.56145264391e-08, 1.13241355848e-07, 4.42617783847e-06, 2.64402132188e-07, 2.61005901336e-08, 3.32249072699e-09, 7.32637173151e-10, 1.95656841423e-11, 1.79251090967e-13, 2.13371478824e-14, 3.04543475229e-15, 6.60091558185e-16], "dmean": [0.000127964260173, 0.0388726331294, 0.0205080490559, 0.00737946247682, 0.00174163642805, 0.000102905636595, 1.16279506983e-05, 9.74841896095e-06, 4.86648696096e-06, 2.23190727411e-06, 1.06451841475e-06, 2.24905238611e-06, 8.54056361277e-06, 2.27858799917e-05, 4.16652255808e-05, 5.28105047124e-05, 0.000110193861474, 0.000433111970779, 0.000118758056487, 4.87728502776e-05, 1.60081817739e-05, 6.28092720945e-06, 1.00316640328e-06, 1.19862662018e-07, 4.08731786194e-08, 1.98623411052e-08, 1.92663183185e-08], "max": [0.00344350165688, 0.376662373543, 0.253594189882, 0.157305106521, 0.0463036969304, 0.00444813538343, 0.00127340573817, 0.0010423453059, 0.000666054140311, 0.000148890001583, 8.12825601315e-05, 0.000139774318086, 0.000505990290549, 0.001505427761, 0.00227061077021, 0.00342534738593, 0.00387538457289, 0.0360067337751, 0.00961307995021, 0.00277632311918, 0.00106739869807, 0.000406232458772, 0.000106847728603, 6.96814004186e-06, 2.60329511548e-06, 1.517122314e-06, 6.65517916332e-07], "min": [1.46269042879e-23, 6.48686759468e-23, 3.92136287326e-23, 7.43417547257e-24, 3.99115339754e-23, 4.25126103283e-23, 6.07936287697e-23, 2.47978204675e-23, 6.59854126878e-23, 7.58168851754e-23, 2.78941468522e-23, 8.7823733117e-23, 8.93220702768e-23, 2.46385948891e-22, 1.65036744322e-22, 1.86217331461e-22, 2.23300521413e-22, 3.32445523967e-22, 1.87329448633e-22, 2.94012801266e-22, 3.77704884858e-22, 4.17726941402e-22, 7.1250204736e-22, 8.46828827917e-22, 1.02975756866e-21, 2.08528960861e-21, 2.45675953882e-21], "median": [9.97904644464e-05, 0.0585009679198, 0.0238439701498, 0.00482985889539, 0.00140337040648, 8.18587941467e-05, 5.43338683201e-06, 3.78424783776e-06, 1.64112589118e-06, 6.16075169546e-07, 3.66944249208e-07, 6.82747611336e-07, 2.07353195947e-06, 3.01176669382e-06, 3.85810380976e-06, 3.78208869733e-06, 7.1046974881e-06, 1.21825933093e-05, 4.25728103437e-06, 2.16491707761e-06, 5.07414313233e-07, 2.00957373409e-07, 4.53309425552e-08, 4.15454017855e-08, 5.42901545941e-08, 8.03614810252e-08, 1.42116931556e-07], "dvar2": [9.69566755771e-08, 0.00481052463874, 0.00190075102728, 0.000397202908061, 3.27255656885e-05, 1.61074055427e-07, 6.75498590397e-09, 5.85910830964e-09, 1.53045953688e-09, 1.90239268782e-10, 4.31974768456e-11, 1.52070273041e-10, 2.2514783371e-09, 1.17476961492e-08, 4.48347634574e-08, 9.67862590073e-08, 2.99120131331e-07, 1.05034851003e-05, 6.01547128554e-07, 6.46186109066e-08, 8.36336955246e-09, 1.91917681747e-09, 5.19909774954e-11, 4.7547491118e-13, 5.76029160352e-14, 8.56192761546e-15, 1.89861566918e-15]}, "spectral_energyband_low": {"var": 0.00511216698214, "mean": 0.111208066344, "dmean2": 0.0886531248689, "dvar": 0.00366358621977, "dmean": 0.0541183017194, "max": 0.514655292034, "min": 1.16748435234e-22, "median": 0.0985573232174, "dvar2": 0.00992073491216}, "erbbands_spread": {"var": 891.157104492, "mean": 29.5125598907, "dmean2": 22.2995452881, "dvar": 333.8828125, "dmean": 14.3564052582, "max": 138.693725586, "min": 0.683458030224, "median": 17.8060760498, "dvar2": 753.876647949}, "average_loudness": 0.877784907818, "spectral_energyband_middle_high": {"var": 1.11688977995e-05, "mean": 0.000875722966157, "dmean2": 0.00117051252164, "dvar": 7.95468440629e-06, "dmean": 0.000768843921833, "max": 0.0444727167487, "min": 1.73190233934e-21, "median": 6.76288982504e-05, "dvar2": 1.83653210115e-05}, "barkbands_flatness_db": {"var": 0.0111176846549, "mean": 0.474373549223, "dmean2": 0.0656109005213, "dvar": 0.00151163490955, "dmean": 0.0428646653891, "max": 0.749866127968, "min": 0.0638082027435, "median": 0.465082526207, "dvar2": 0.00353583530523}, "spectral_entropy": {"var": 1.16666829586, "mean": 5.40912532806, "dmean2": 0.593280315399, "dvar": 0.160202398896, "dmean": 0.396720319986, "max": 9.78797721863, "min": 3.25325489044, "median": 5.4944934845, "dvar2": 0.344143748283}, "melbands_skewness": {"var": 17.4483966827, "mean": 5.15186691284, "dmean2": 2.95940613747, "dvar": 4.78690242767, "dmean": 1.92783534527, "max": 18.9774169922, "min": -0.198401659727, "median": 4.36569166183, "dvar2": 10.6114873886}, "spectral_contrast_coeffs": {"var": [0.00593890435994, 0.00370472692885, 0.00168164575007, 0.00310332910158, 0.00431823637336, 0.00605951342732], "mean": [-0.577701210976, -0.751347959042, -0.846205711365, -0.820307016373, -0.793185651302, -0.777379930019], "dmean2": [0.0858479738235, 0.0643394216895, 0.0423291102052, 0.04507445544, 0.0473955199122, 0.0639373958111], "dvar": [0.00197543646209, 0.00101371388882, 0.000457165791886, 0.000742665666621, 0.000893893418834, 0.00201123161241], "dmean": [0.0526727475226, 0.0395790189505, 0.025809623301, 0.0291038621217, 0.0302749034017, 0.0420849770308], "max": [-0.361505568027, -0.555663883686, -0.696183800697, -0.641366124153, -0.554220020771, -0.548289120197], "min": [-0.944541692734, -0.966121017933, -0.963957667351, -0.958875060081, -0.961612045765, -0.959784090519], "median": [-0.572950959206, -0.75338113308, -0.850610852242, -0.825845897198, -0.797376990318, -0.789825379848], "dvar2": [0.00542180659249, 0.00270641595125, 0.00117937056348, 0.00163412978873, 0.00200503948145, 0.0045187487267]}, "pitch_salience": {"var": 0.0165263544768, "mean": 0.316905468702, "dmean2": 0.144233092666, "dvar": 0.00660102954134, "dmean": 0.0882146060467, "max": 0.881817877293, "min": 0.0575152747333, "median": 0.307316273451, "dvar2": 0.017462618649}, "spectral_rolloff": {"var": 1237916.5, "mean": 213.691757202, "dmean2": 109.717987061, "dvar": 250183.296875, "dmean": 59.0706634521, "max": 21145.6054688, "min": 64.599609375, "median": 129.19921875, "dvar2": 536045.875}, "melbands_kurtosis": {"var": 9378.81347656, "mean": 102.314552307, "dmean2": 76.28490448, "dvar": 3071.46948242, "dmean": 48.9159469604, "max": 583.01171875, "min": -1.11918389797, "median": 79.138343811, "dvar2": 7506.59179688}, "silence_rate_30dB": {"var": 0.243465021253, "mean": 0.419137984514, "dmean2": 0.444796204567, "dvar": 0.172883480787, "dmean": 0.222310125828, "max": 1, "min": 0, "median": 0, "dvar2": 0.329255282879}, "spectral_decrease": {"var": 3.77065054451e-16, "mean": -3.10082342025e-08, "dmean2": 2.42556321695e-08, "dvar": 2.82624136615e-16, "dmean": 1.4797300274e-08, "max": 7.85293054542e-15, "min": -1.37143729262e-07, "median": -2.7603583419e-08, "dvar2": 7.66512671799e-16}, "spectral_rms": {"var": 1.15722405098e-05, "mean": 0.0101903174073, "dmean2": 0.00420653633773, "dvar": 6.7143691922e-06, "dmean": 0.00262084905989, "max": 0.022571740672, "min": 3.28455882284e-12, "median": 0.0101359654218, "dvar2": 1.79621965799e-05}, "spectral_skewness": {"var": 9.39854240417, "mean": 4.07259511948, "dmean2": 1.73891675472, "dvar": 1.11531603336, "dmean": 1.12594592571, "max": 13.3758468628, "min": -0.15640129149, "median": 2.98465538025, "dvar2": 2.46989369392}, "erbbands_crest": {"var": 20.8418216705, "mean": 15.3542642593, "dmean2": 4.95770645142, "dvar": 6.90882062912, "dmean": 3.0727148056, "max": 27.7502746582, "min": 2.97476100922, "median": 15.4561853409, "dvar2": 18.2426834106}, "melbands_flatness_db": {"var": 0.0161072108895, "mean": 0.614300906658, "dmean2": 0.0757084190845, "dvar": 0.00216089957394, "dmean": 0.0496661439538, "max": 0.915846168995, "min": 0.00596261164173, "median": 0.604309678078, "dvar2": 0.0049688690342}, "dynamic_complexity": 1.79230523109, "dissonance": {"var": 0.00269233481959, "mean": 0.450269848108, "dmean2": 0.0364687219262, "dvar": 0.00082928291522, "dmean": 0.0229460112751, "max": 0.500000178814, "min": 0.196710005403, "median": 0.471917629242, "dvar2": 0.00212052115239}, "melbands": {"var": [0.000146740901982, 0.000298592698528, 4.96982647746e-05, 1.05552169316e-06, 2.56746854888e-08, 1.26995314265e-09, 9.21536388865e-11, 5.43786023155e-11, 3.40707843882e-11, 6.48229256731e-12, 1.97219736202e-12, 7.75790944072e-13, 2.03099229058e-13, 4.91390944862e-13, 5.11664495495e-12, 1.20769505507e-11, 3.74056341457e-11, 1.15157855474e-10, 1.53636645073e-10, 1.00173903894e-10, 2.27727836588e-10, 2.644261754e-10, 5.45125455886e-09, 1.19369021334e-08, 6.53453513522e-09, 7.0619156356e-11, 3.62940719145e-11, 2.75153875379e-11, 1.06552752732e-11, 2.6226735627e-12, 4.22819033475e-13, 2.2951280633e-13, 3.19290384063e-13, 3.43351818602e-14, 1.1375052147e-15, 8.17278466527e-17, 2.96756669582e-17, 3.99679609915e-17, 1.35594258424e-18, 1.41396475471e-18], "mean": [0.0153473764658, 0.0250512547791, 0.00618572486565, 0.000783478433732, 0.000108721462311, 2.36584328377e-05, 4.21061304223e-06, 2.53254643212e-06, 1.7293741621e-06, 8.21397350137e-07, 5.12364977112e-07, 3.04833719156e-07, 1.92052141301e-07, 2.90180139473e-07, 7.2191420486e-07, 1.2893517578e-06, 2.31556555264e-06, 3.53134510078e-06, 3.72259751202e-06, 2.93712082566e-06, 3.76093430532e-06, 4.98996178067e-06, 1.65515466506e-05, 2.12994382309e-05, 1.45228214024e-05, 2.42903706749e-06, 1.73645355517e-06, 1.30775924845e-06, 6.15559713424e-07, 3.7599303937e-07, 1.72272564214e-07, 9.60116679494e-08, 1.04058486272e-07, 3.68287693675e-08, 8.66981508807e-09, 2.38248087925e-09, 1.64880820108e-09, 1.7731126567e-09, 6.49133191644e-10, 6.85051237959e-10], "dmean2": [0.0134602990001, 0.021212220192, 0.00631068553776, 0.000907255627681, 0.000122073397506, 2.63528654614e-05, 5.18880915479e-06, 3.59031560038e-06, 2.55782674685e-06, 1.11373844902e-06, 7.70549092977e-07, 3.81910666647e-07, 2.59160600535e-07, 3.66578376543e-07, 8.72632199389e-07, 1.61570312684e-06, 2.76280434264e-06, 4.23764322477e