{"tonal": {"chords_key": "C", "hpcp_entropy": {"dmean": 0.60127979517, "dmean2": 1.0173214674, "max": 4.40934038162, "dvar": 0.256101369858, "mean": 2.13134169579, "dvar2": 0.700501203537, "min": 0, "var": 0.577985703945, "median": 2.13603544235}, "key_key": "C", "chords_strength": {"dmean": 0.00956507772207, "dmean2": 0.0100620798767, "max": 0.724990189075, "dvar": 6.7024731834e-05, "mean": 0.485666036606, "dvar2": 8.43938396429e-05, "min": 0.20817668736, "var": 0.00823686551303, "median": 0.482667267323}, "key_scale": "major", "chords_number_rate": 0.00402955012396, "thpcp": [1, 0.746925234795, 0.363024502993, 0.284278661013, 0.357687741518, 0.662976562977, 0.952671647072, 0.776245594025, 0.418930262327, 0.301869988441, 0.330202996731, 0.410857796669, 0.464611142874, 0.50508493185, 0.739361584187, 0.804193615913, 0.49825361371, 0.303442537785, 0.267314761877, 0.247719943523, 0.300766855478, 0.410364955664, 0.38074028492, 0.245814591646, 0.227088868618, 0.260513573885, 0.341810852289, 0.415129780769, 0.44602021575, 0.6938149333, 0.723522901535, 0.407843291759, 0.247043669224, 0.227851435542, 0.288320302963, 0.642447531223], "key_strength": 0.722977280617, "tuning_nontempered_energy_ratio": 0.780784964561, "tuning_frequency": 440.254241943, "chords_changes_rate": 0.0832773670554, "tuning_diatonic_strength": 0.713694691658, "chords_scale": "major", "chords_histogram": [19.5433177948, 5.77568817139, 15.1443920135, 0.167897924781, 0.134318336844, 0, 9.23438549042, 0, 0.134318336844, 0.604432523251, 0.604432523251, 1.81329751015, 0.0335795842111, 2.14909338951, 0, 3.62659502029, 0.873069167137, 0.738750815392, 2.75352597237, 3.86165213585, 0.671591699123, 3.32437872887, 13.2303562164, 15.5809268951], "tuning_equal_tempered_deviation": 0.0984296798706, "hpcp": {"dmean": [0.131608709693, 0.131525754929, 0.106904037297, 0.1008085832, 0.107816264033, 0.121268726885, 0.140592455864, 0.147967398167, 0.177515655756, 0.168950781226, 0.132775366306, 0.100142486393, 0.0859103426337, 0.0787087082863, 0.083239376545, 0.101842232049, 0.088951125741, 0.0688746646047, 0.0656396895647, 0.0705246776342, 0.0845327377319, 0.104392267764, 0.111267015338, 0.144772708416, 0.152869522572, 0.115822345018, 0.0823592022061, 0.0769047737122, 0.0947333201766, 0.162526652217, 0.201135933399, 0.164618164301, 0.116911292076, 0.104444406927, 0.118301272392, 0.135516270995], "dmean2": [0.229493185878, 0.226242676377, 0.188366055489, 0.177407741547, 0.189493075013, 0.212582454085, 0.246083796024, 0.260108083487, 0.303232550621, 0.288347184658, 0.232534840703, 0.178947031498, 0.15270331502, 0.138928413391, 0.144123286009, 0.174172714353, 0.149927452207, 0.119252413511, 0.116175360978, 0.123700276017, 0.143584087491, 0.179203316569, 0.192036151886, 0.24117256701, 0.258227616549, 0.198528543115, 0.143534332514, 0.134940624237, 0.166286572814, 0.277189552784, 0.341371238232, 0.278769046068, 0.206945315003, 0.187921613455, 0.211143046618, 0.230106800795], "max": [1, 1, 1, 1, 1, 1, 1, 1, 1, 1, 1, 1, 1, 1, 1, 1, 1, 1, 1, 1, 1, 1, 1, 1, 1, 1, 1, 1, 1, 1, 1, 1, 1, 1, 1, 1], "dvar": [0.0413538701832, 0.038285266608, 0.0319087505341, 0.0316135622561, 0.0354866832495, 0.0369283407927, 0.0437690764666, 0.0443854294717, 0.0525060519576, 0.0507458746433, 0.034780241549, 0.03066650033, 0.0238126777112, 0.0219481568784, 0.0195585303009, 0.0242010783404, 0.0222630556673, 0.0163974016905, 0.0156882014126, 0.0216771569103, 0.0187419485301, 0.0297253075987, 0.0259095616639, 0.038790743798, 0.0505463518202, 0.030366115272, 0.021039461717, 0.0210909415036, 0.0248015597463, 0.0430804342031, 0.064664080739, 0.043689019978, 0.0339328087866, 0.0332340411842, 0.0385861620307, 0.0369790643454], "mean": [0.314696073532, 0.256417244673, 0.138385251164, 0.0997167304158, 0.109075970948, 0.135718673468, 0.153475016356, 0.166844725609, 0.244233340025, 0.265649318695, 0.164588138461, 0.100236184895, 0.0883020982146, 0.0818293392658, 0.0993523299694, 0.135555878282, 0.1257699579, 0.0811999440193, 0.0750142782927, 0.086055457592, 0.1129103899, 0.137129843235, 0.147333875299, 0.22918792069, 0.239001348615, 0.13472288847, 0.0816059485078, 0.0752661749721, 0.0952408611774, 0.212219715118, 0.330330044031, 0.246731847525, 0.11991789937, 0.0939057841897, 0.118155002594, 0.219001069665], "dvar2": [0.0979479700327, 0.0983493179083, 0.0862892344594, 0.0852307677269, 0.0971980318427, 0.101202085614, 0.121309913695, 0.118985891342, 0.135716363788, 0.13036981225, 0.0948670059443, 0.0846866592765, 0.0667701587081, 0.0599561855197, 0.0533961802721, 0.0655954033136, 0.0562275163829, 0.0445519611239, 0.041350632906, 0.0513179004192, 0.0455054268241, 0.0693925246596, 0.0678220242262, 0.0953341946006, 0.113618552685, 0.0802170708776, 0.0576103515923, 0.0569335408509, 0.0668770894408, 0.111141636968, 0.149158984423, 0.117739789188, 0.0940002128482, 0.0927501395345, 0.104385025799, 0.0947349369526], "min": [0, 0, 0, 0, 0, 0, 0, 0, 0, 0, 0, 0, 0, 0, 0, 0, 0, 0, 0, 0, 0, 0, 0, 0, 0, 0, 0, 0, 0, 0, 0, 0, 0, 0, 0, 0], "var": [0.129922002554, 0.100574672222, 0.036748483777, 0.0291340053082, 0.0327399931848, 0.0385022088885, 0.0456535555422, 0.0514284558594, 0.0889957472682, 0.104553438723, 0.0461515970528, 0.0255751907825, 0.0206854082644, 0.0200193449855, 0.021611681208, 0.0333023220301, 0.0356861129403, 0.0172155518085, 0.0168700050563, 0.0293362382799, 0.028275243938, 0.04643265903, 0.0360120795667, 0.0882974788547, 0.101906470954, 0.0374682433903, 0.0183415301144, 0.0176197066903, 0.023201232776, 0.0641373470426, 0.131479889154, 0.0850437954068, 0.0369421392679, 0.0273822471499, 0.0357036031783, 0.076610468328], "median": [0.111755669117, 0.100412398577, 0.0554994046688, 0.0354701653123, 0.0419324152172, 0.0603658817708, 0.0678962171078, 0.0779388919473, 0.10768801719, 0.112224951386, 0.0731946229935, 0.045436128974, 0.0394461974502, 0.0346408300102, 0.0504397898912, 0.0672823637724, 0.0559087768197, 0.0347452610731, 0.0273479782045, 0.0295835714787, 0.0481440909207, 0.056664980948, 0.069732375443, 0.079966455698, 0.0802518129349, 0.0483590885997, 0.0318428985775, 0.0308363176882, 0.0393496751785, 0.0980739369988, 0.154531270266, 0.113088101149, 0.0403352081776, 0.031468719244, 0.0436422005296, 0.0872055739164]}}, "lowlevel": {"melbands_flatness_db": {"dmean": 0.0280675459653, "dmean2": 0.0439564697444, "max": 0.50910115242, "dvar": 0.00101892324165, "mean": 0.16154332459, "dvar2": 0.00240912148729, "min": 0.0122787756845, "var": 0.00364522542804, "median": 0.156065881252}, "melbands_crest": {"dmean": 3.19497513771, "dmean2": 5.24454641342, "max": 32.1344795227, "dvar": 9.03430461884, "mean": 12.7277498245, "dvar2": 23.3681964874, "min": 2.91886425018, "var": 22.4817619324, "median": 11.776845932}, "spectral_entropy": {"dmean": 0.178960055113, "dmean2": 0.273756861687, "max": 9.7930727005, "dvar": 0.051296222955, "mean": 7.73383617401, "dvar2": 0.115490935743, "min": 5.63378858566, "var": 0.212069824338, "median": 7.81363487244}, "melbands": {"dmean": [0.0008009239682, 0.00112750509288, 0.000423065706855, 0.000375277129933, 0.000210492362385, 0.000316124700475, 0.000280936917989, 0.000253197737038, 0.000127197185066, 9.31219692575e-05, 0.00011322672799, 6.65620318614e-05, 7.61816409067e-05, 5.25041941728e-05, 4.48110076832e-05, 4.62160387542e-05, 5.35434483027e-05, 4.09461972595e-05, 3.59612240572e-05, 2.25726380449e-05, 1.91834133147e-05, 1.30018952404e-05, 1.06489587779e-05, 7.32103444534e-06, 7.12157088856e-06, 5.59205955142e-06, 4.70939539809e-06, 4.15313843405e-06, 3.8801899791e-06, 2.97797873827e-06, 3.40105088981e-06, 3.39213488587e-06, 3.40289966516e-06, 2.69773477157e-06, 2.14715078073e-06, 1.59413673373e-06, 1.43312649925e-06, 1.38161465202e-06, 8.12569396658e-07, 6.11234156622e-07], "dmean2": [0.00139404239599, 0.00194071535952, 0.00069117062958, 0.000603929860517, 0.00033299336792, 0.000457653834019, 0.000395981740439, 0.000410969456425, 0.000207986682653, 0.000148927574628, 0.000181430354132, 0.000110213346488, 0.000121842422232, 8.52143421071e-05, 7.09645901225e-05, 7.28292143322e-05, 8.75572077348e-05, 6.70274239383e-05, 5.80367377552e-05, 3.62238351954e-05, 3.07080372295e-05, 2.09850386454e-05, 1.70961375261e-05, 1.16310247904e-05, 1.17448826131e-05, 9.09814116312e-06, 7.75502940087e-06, 6.76424224366e-06, 6.45046156933e-06, 4.82930863654e-06, 5.55404994884e-06, 5.2027885431e-06, 5.38678114026e-06, 4.22046832682e-06, 3.39139478456e-06, 2.45128967435e-06, 2.26508518608e-06, 2.18035188482e-06, 1.24617486108e-06, 9.29451971388e-07], "max": [0.0222497098148, 0.0332998000085, 0.0088397860527, 0.00983241293579, 0.00731613347307, 0.00847144518048, 0.0100394003093, 0.0188106540591, 0.0147554157302, 0.00992959085852, 0.00833083130419, 0.00526183657348, 0.0075460462831, 0.00199550855905, 0.00173637398984, 0.00293172732927, 0.00156477408018, 0.0013762593735, 0.0014248151565, 0.00116972054821, 0.000987621257082, 0.000610040617175, 0.000405470054829, 0.000216438900679, 0.00018156056467, 0.000206817654544, 0.000153389395564, 0.000119505333714, 0.000108150292363, 0.000158140086569, 0.00010413016571, 0.000168441983988, 0.000283991510514, 0.000164293713169, 8.23391383165e-05, 7.38356975489e-05, 7.37716472941e-05, 9.00717495824e-05, 6.91251043463e-05, 3.26048575516e-05], "dvar": [3.62598052561e-06, 6.64458002575e-06, 4.31246036214e-07, 4.88401383336e-07, 1.6023363969e-07, 4.74605542422e-07, 3.95376360984e-07, 6.88111299496e-07, 1.98707908794e-07, 9.31358883349e-08, 1.32735479497e-07, 5.02850099338e-08, 5.95293592198e-08, 9.79393899314e-09, 5.90999338357e-09, 1.05102397896e-08, 9.36629351855e-09, 5.68689095815e-09, 5.01736963088e-09, 1.92928095721e-09, 1.80663417559e-09, 6.94327095818e-10, 4.40811470659e-10, 1.36331002043e-10, 1.35982697325e-10, 1.1264177785e-10, 8.10143341301e-11, 5.00298413808e-11, 4.30060050072e-11, 3.27625010454e-11, 3.52818260718e-11, 5.22483896426e-11, 6.72546116021e-11, 3.78852470229e-11, 1.73796203123e-11, 1.03060494167e-11, 1.22679843714e-11, 1.42679297196e-11, 5.0817653037e-12, 2.86670838977e-12], "mean": [0.000931249989662, 0.00149177503772, 0.000893654010724, 0.000767181918491, 0.000344419939211, 0.000432114175055, 0.000408118678024, 0.000336443335982, 0.000164188895724, 0.000122610901599, 0.000149872459588, 9.12182440516e-05, 0.000112482455734, 8.76233825693e-05, 7.63745993027e-05, 8.60720101628e-05, 9.40595637076e-05, 7.50538383727e-05, 6.92539470037e-05, 4.26577789767e-05, 3.3419666579e-05, 2.41500365519e-05, 1.9913952201e-05, 1.52309075929e-05, 1.41608161357e-05, 1.18430134535e-05, 1.09266329673e-05, 9.5093055279e-06, 8.57867325976e-06, 6.73215436109e-06, 1.00547658803e-05, 9.14213615033e-06, 7.40983705327e-06, 5.88510692978e-06, 4.83861413159e-06, 3.21147490467e-06, 3.10409564008e-06, 8.67884500622e-06, 2.50977177529e-06, 1.22429446492e-06], "dvar2": [1.01033874671e-05, 1.80412534974e-05, 1.09853067443e-06, 1.22902281419e-06, 3.7758152871e-07, 9.68988842942e-07, 7.53401081965e-07, 1.85252486062e-06, 5.06141816459e-07, 2.15255568037e-07, 3.6008421489e-07, 1.34115765604e-07, 1.50801426457e-07, 2.59829704419e-08, 1.45776803961e-08, 2.72919429278e-08, 2.46717828389e-08, 1.45823895181e-08, 1.22958576654e-08, 4.85307349862e-09, 4.50801440621e-09, 1.69413738593e-09, 1.10055864422e-09, 3.29871602256e-10, 3.70033725883e-10, 2.94770263753e-10, 2.19169404847e-10, 1.31328004027e-10, 1.17042014969e-10, 8.25957011119e-11, 8.89209678112e-11, 1.25898624859e-10, 1.5884646376e-10, 9.35012345327e-11, 4.14634299117e-11, 2.33647372283e-11, 3.01326047447e-11, 3.87925837286e-11, 1.13247692474e-11, 6.07964676866e-12], "min": [3.31811138692e-15, 1.23816893949e-15, 4.97995127767e-16, 2.20722240911e-16, 1.39764644992e-16, 4.61842861606e-17, 2.63948006423e-17, 4.5863780143e-17, 1.85847068823e-17, 4.08617064823e-17, 3.82530071322e-17, 2.56038042184e-17, 5.22700921552e-17, 4.5518280036e-17, 6.94438572143e-17, 2.47147852376e-17, 7.01807626435e-17, 4.36166811433e-17, 9.35691290273e-17, 2.56851385719e-16, 1.41880599469e-16, 1.04775924167e-16, 1.58943839963e-16, 7.14802700033e-17, 7.06916293898e-17, 5.00408668741e-17, 5.1455352339e-17, 6.26559535507e-17, 2.7250798573e-17, 9.2788819777e-17, 1.52094480089e-16, 8.95194446542e-17, 1.7654784482e-16, 7.74550485073e-17, 1.35851405715e-16, 1.52957368434e-16, 1.12496523603e-16, 9.57352040317e-17, 1.18785584417e-16, 2.48352627704e-16], "var": [3.26838403453e-06, 6.84452015776e-06, 1.07550158646e-06, 1.098614689e-06, 3.07125390009e-07, 8.03684997663e-07, 7.65818128912e-07, 8.94341042113e-07, 2.52987007343e-07, 1.32640820993e-07, 1.88206996654e-07, 6.13811508288e-08, 9.27268786199e-08, 1.75945800152e-08, 1.17378426978e-08, 2.40202311375e-08, 1.93975644436e-08, 1.098579272e-08, 1.16595595401e-08, 4.43351488855e-09, 3.46479045454e-09, 1.44526457468e-09, 8.09094236054e-10, 3.48088752267e-10, 3.39061390076e-10, 3.27416649348e-10, 3.27274818357e-10, 1.70886860218e-10, 1.41680694954e-10, 1.23756518922e-10, 1.40301506524e-10, 2.07616202008e-10, 2.87246060271e-10, 1.4527790082e-10, 5.87632859039e-11, 2.76923015768e-11, 2.51537159157e-11, 1.9054473277e-10, 1.32217205934e-11, 5.87180564587e-12], "median": [0.00032962980913, 0.000610424554907, 0.00061001162976, 0.000425146252383, 0.000149217055878, 7.83998111729e-05, 8.52590383147e-05, 8.19667766336e-05, 6.08620030107e-05, 3.30654947902e-05, 3.41471386491e-05, 2.9498252843e-05, 3.27906018356e-05, 4.00586941396e-05, 3.71454952983e-05, 3.25763758156e-05, 3.98968841182e-05, 3.60657359124e-05, 3.17007434205e-05, 1.94534623006e-05, 1.37065017043e-05, 1.17295048767e-05, 1.19313135656e-05, 9.40347217693e-06, 7.67411165725e-06, 5.56198438062e-06, 4.4237340262e-06, 4.93349853059e-06, 4.37506514572e-06, 2.93977382171e-06, 6.21524759481e-06, 5.60482840228e-06, 2.15479440158e-06, 1.8094351617e-06, 1.94797212316e-06, 1.26473423734e-06, 1.49567290464e-06, 1.55829843607e-06, 1.08674021249e-06, 4.40165962345e-07]}, "silence_rate_60dB": {"dmean": 0.0272131692618, "dmean2": 0.0544354841113, "max": 1, "dvar": 0.0264730118215, "mean": 0.168122276664, "dvar2": 0.0565118379891, "min": 0, "var": 0.139854252338, "median": 0}, "spectral_energyband_middle_high": {"dmean": 0.00201347842813, "dmean2": 0.00297755072825, "max": 0.0766886845231, "dvar": 9.12662562769e-06, "mean": 0.00668089324608, "dvar2": 2.12142131204e-05, "min": 1.25096322393e-14, "var": 4.69263904961e-05, "median": 0.0048999870196}, "erbbands_skewness": {"dmean": 0.356474846601, "dmean2": 0.549298703671, "max": 3.14564800262, "dvar": 0.147551059723, "mean": -0.111844085157, "dvar2": 0.324081838131, "min": -4.14518451691, "var": 0.793000638485, "median": -0.0251094661653}, "dynamic_complexity": 3.55413198471, "dissonance": {"dmean": 0.0167125668377, "dmean2": 0.0287858266383, "max": 0.500000059605, "dvar": 0.000455418019556, "mean": 0.47309717536, "dvar2": 0.00126152904704, "min": 0.271032482386, "var": 0.000655886775348, "median": 0.480757206678}, "spectral_skewness": {"dmean": 0.176252692938, "dmean2": 0.277915775776, "max": 4.45280742645, "dvar": 0.0332298129797, "mean": 1.32006585598, "dvar2": 0.0789944827557, "min": -0.109898492694, "var": 0.188493862748, "median": 1.36159706116}, "spectral_kurtosis": {"dmean": 0.949832201004, "dmean2": 1.53741121292, "max": 42.0924949646, "dvar": 1.73901128769, "mean": 3.06516933441, "dvar2": 4.57386350632, "min": -1.26142287254, "var": 5.48610639572, "median": 2.73471212387}, "gfcc": {"cov": [[24045.0859375, 3310.24755859, -1526.45288086, 185.764068604, -390.000213623, 137.115356445, 105.905708313, 170.699462891, -550.054992676, 2.97338461876, -21.516544342, 209.740020752, -597.604736328], [3310.24755859, 3309.93457031, -614.433105469, 202.686676025, 218.442733765, -380.322143555, 196.459197998, 88.4439239502, -224.449478149, -171.937927246, 140.424850464, 102.150520325, -289.435760498], [-1526.45288086, -614.433105469, 1231.33056641, 194.180374146, 196.301040649, 326.921203613, 94.9810714722, -24.6783294678, 124.397796631, 85.3848495483, -33.6156806946, -84.0685882568, 78.3895797729], [185.764068604, 202.686676025, 194.180374146, 661.273925781, 316.803405762, 241.199356079, 82.3631744385, -31.1902351379, 14.0692129135, 1.66335499287, -49.6022186279, -60.4965362549, -0.756548762321], [-390.000213623, 218.442733765, 196.301040649, 316.803405762, 493.010070801, 191.110992432, 101.15297699, -19.1180496216, 27.0556125641, 21.6905822754, 2.30190229416, -28.8780155182, -5.39465045929], [137.115356445, -380.322143555, 326.921203613, 241.199356079, 191.110992432, 492.532348633, 146.946563721, 8.88154888153, 70.8677825928, 75.8377838135, -52.5198059082, -76.7588119507, 50.5513305664], [105.905708313, 196.459197998, 94.9810714722, 82.3631744385, 101.15297699, 146.946563721, 228.104782104, 85.0513458252, 16.290348053, 1.79515838623, 6.42828941345, -4.34859895706, -32.5478897095], [170.699462891, 88.4439239502, -24.6783294678, -31.1902351379, -19.1180496216, 8.88154888153, 85.0513458252, 178.399688721, 54.3589744568, 10.8992738724, -1.71122896671, 27.1647911072, -28.1733150482], [-550.054992676, -224.449478149, 124.397796631, 14.0692129135, 27.0556125641, 70.8677825928, 16.290348053, 54.3589744568, 161.294952393, 73.9235229492, 7.65346336365, -31.8887138367, 37.9877090454], [2.97338461876, -171.937927246, 85.3848495483, 1.66335499287, 21.6905822754, 75.8377838135, 1.79515838623, 10.8992738724, 73.9235229492, 126.563278198, 34.8267707825, 2.07914805412, 13.0830516815], [-21.516544342, 140.424850464, -33.6156806946, -49.6022186279, 2.30190229416, -52.5198059082, 6.42828941345, -1.71122896671, 7.65346336365, 34.8267707825, 118.449554443, 58.4242134094, 2.30279302597], [209.740020752, 102.150520325, -84.0685882568, -60.4965362549, -28.8780155182, -76.7588119507, -4.34859895706, 27.1647911072, -31.8887138367, 2.07914805412, 58.4242134094, 112.698379517, 14.3619890213], [-597.604736328, -289.435760498, 78.3895797729, -0.756548762321, -5.39465045929, 50.5513305664, -32.5478897095, -28.1733150482, 37.9877090454, 13.0830516815, 2.30279302597, 14.3619890213, 124.57383728]], "mean": [-5.88556098938, 45.018119812, -111.023101807, 30.2949924469, -56.0853767395, 21.1409168243, -42.1849250793, 0.572207510471, -19.6582145691, 5.84996747971, -17.8212280273, -1.61479330063, -11.5524187088], "icov": [[7.06043938408e-05, -8.15646490082e-05, 5.17530097568e-05, -1.65815690707e-05, 0.000134575311677, -0.000242677560891, 0.000147646074765, -2.49633831118e-05, 0.000134276822791, -0.00016312970547, 0.000135819122079, -0.000208304947591, 0.000251453719102], [-8.15646490082e-05, 0.000692994392011, 0.000105480314232, -0.000268139789114, -0.000415172689827, 0.00078875105828, -0.000703419616912, -0.000136241738801, 0.000215550651774, 0.000560821325053, -0.000882944092155, 0.000345970125636, 0.000449982762802], [5.17530097568e-05, 0.000105480314232, 0.00116087251808, -9.84283833532e-05, -0.000134975649416, -0.000411278218962, -0.000320072227623, 0.000287279981421, -0.000297750695609, -0.000230111749261, 4.03077756346e-05, 0.000123408884974, 4.63604692413e-06], [-1.65815690707e-05, -0.000268139789114, -9.84283833532e-05, 0.00261119008064, -0.00121315312572, -0.000953764596488, 0.000312161952024, 0.000440090138, -0.000333997333655, 0.000361727346899, 0.000890590366907, -7.44706949263e-06, -6.09057824477e-05], [0.000134575311677, -0.000415172689827, -0.000134975649416, -0.00121315312572, 0.00369061063975, -0.00115781358909, -0.00029385506059, 0.000902550760657, -0.000585727917496, -0.000187882091268, -4.39559808001e-05, -0.000942238373682, 0.000823319947813], [-0.000242677560891, 0.00078875105828, -0.000411278218962, -0.000953764596488, -0.00115781358909, 0.00623061647639, -0.00400797324255, -1.97735698748e-05, 0.00106770533603, -0.00267356284894, 0.000774078653194, 0.00306290760636, -0.00312094064429], [0.000147646074765, -0.000703419616912, -0.000320072227623, 0.000312161952024, -0.00029385506059, -0.00400797324255, 0.0094665531069, -0.00408917758614, 0.000670230132528, 0.00185116706416, -0.00193866237532, -0.00027067042538, 0.00210776017047], [-2.49633831118e-05, -0.000136241738801, 0.000287279981421, 0.000440090138, 0.000902550760657, -1.97735698748e-05, -0.00408917758614, 0.0116731952876, -0.00725800311193, 0.0013381622266, 0.0041710077785, -0.00685692857951, 0.00379044772126], [0.000134276822791, 0.000215550651774, -0.000297750695609, -0.000333997333655, -0.000585727917496, 0.00106770533603, 0.000670230132528, -0.00725800311193, 0.0156631823629, -0.00733052566648, -0.00295998342335, 0.00830896850675, -0.0055043711327], [-0.00016312970547, 0.000560821325053, -0.000230111749261, 0.000361727346899, -0.000187882091268, -0.00267356284894, 0.00185116706416, 0.0013381622266, -0.00733052566648, 0.01557363756, -0.00473346468061, -0.00265922909603, 0.00352440378629], [0.000135819122079, -0.000882944092155, 4.03077756346e-05, 0.000890590366907, -4.39559808001e-05, 0.000774078653194, -0.00193866237532, 0.0041710077785, -0.00295998342335, -0.00473346468061, 0.0163292903453, -0.00882813706994, 0.000816594576463], [-0.000208304947591, 0.000345970125636, 0.000123408884974, -7.44706949263e-06, -0.000942238373682, 0.00306290760636, -0.00027067042538, -0.00685692857951, 0.00830896850675, -0.00265922909603, -0.00882813706994, 0.0204715002328, -0.00762974563986], [0.000251453719102, 0.000449982762802, 4.63604692413e-06, -6.09057824477e-05, 0.000823319947813, -0.00312094064429, 0.00210776017047, 0.00379044772126, -0.0055043711327, 0.00352440378629, 0.000816594576463, -0.00762974563986, 0.0151587985456]]}, "spectral_complexity": {"dmean": 3.49907612801, "dmean2": 5.18145179749, "max": 57, "dvar": 12.8629865646, "mean": 21.6145439148, "dvar2": 25.3548069, "min": 0, "var": 203.306564331, "median": 22}, "spectral_flux": {"dmean": 0.0244276653975, "dmean2": 0.038830447942, "max": 0.302576005459, "dvar": 0.000923587009311, "mean": 0.0841174572706, "dvar2": 0.00212447019294, "min": 5.55804308533e-06, "var": 0.00256116781384, "median": 0.0832042694092}, "spectral_energyband_low": {"dmean": 0.00492560490966, "dmean2": 0.00840346515179, "max": 0.108018420637, "dvar": 0.000119694894238, "mean": 0.00723908143118, "dvar2": 0.000325278553646, "min": 1.48747388105e-14, "var": 0.000128334228066, "median": 0.00341378361918}, "spectral_decrease": {"dmean": 2.2096857677e-09, "dmean2": 3.4579932251e-09, "max": 1.17249352588e-12, "dvar": 1.07422968302e-17, "mean": -6.25534024579e-09, "dvar2": 2.64231084172e-17, "min": -3.15554089525e-08, "var": 2.69197989422e-17, "median": -5.5042757019e-09}, "barkbands_spread": {"dmean": 7.49458837509, "dmean2": 11.7961139679, "max": 136.141708374, "dvar": 92.2189788818, "mean": 30.9815387726, "dvar2": 208.636276245, "min": 0.862710893154, "var": 306.162597656, "median": 27.7210845947}, "spectral_rms": {"dmean": 0.000768683035858, "dmean2": 0.00115384359378, "max": 0.0108887730166, "dvar": 9.2413421271e-07, "mean": 0.00456459820271, "dvar2": 2.07349808079e-06, "min": 1.14335660939e-08, "var": 4.8142273954e-06, "median": 0.00481087900698}, "spectral_centroid": {"dmean": 295.01663208, "dmean2": 451.27835083, "max": 10669.296875, "dvar": 172955.28125, "mean": 1987.37854004, "dvar2": 315082.4375, "min": 162.015625, "var": 1589806.625, "median": 1613.85290527}, "barkbands_skewness": {"dmean": 0.558717668056, "dmean2": 0.881243824959, "max": 20.1163673401, "dvar": 0.774387598038, "mean": 0.737749159336, "dvar2": 1.94503259659, "min": -5.49565315247, "var": 2.84022927284, "median": 0.88291156292}, "spectral_rolloff": {"dmean": 705.726623535, "dmean2": 1165.21923828, "max": 18410.8886719, "dvar": 1856067.375, "mean": 3198.92333984, "dvar2": 3753757.25, "min": 64.599609375, "var": 9316924, "median": 1873.38867188}, "erbbands_spread": {"dmean": 8.77266216278, "dmean2": 13.6773338318, "max": 145.319900513, "dvar": 104.483566284, "mean": 41.5310020447, "dvar2": 226.428787231, "min": 2.97332906723, "var": 449.678192139, "median": 36.8138275146}, "barkbands": {"dmean": [0.000259486463619, 0.00318478583358, 0.00201026862487, 0.000826817180496, 0.00162995082792, 0.00145856500603, 0.00124493613839, 0.00106903293636, 0.000673082307912, 0.000636103970464, 0.000559702632017, 0.000437796959886, 0.000463855016278, 0.000517690263223, 0.000516483385582, 0.000266056886176, 0.000239379543927, 0.000162666896358, 0.000144783232827, 0.000124141937704, 0.000122539146105, 0.000147807135363, 0.000120366021292, 0.000100732118881, 6.28319321549e-05, 4.19867428718e-05, 1.89557231352e-05], "dmean2": [0.00043456669664, 0.00556048657745, 0.00341058685444, 0.00135511287954, 0.0026083223056, 0.00212264177389, 0.00184219272342, 0.00175776216201, 0.00106989836786, 0.00104858644772, 0.000897244259249, 0.000710430729669, 0.000730320229195, 0.000848547846545, 0.000834212405607, 0.000430020445492, 0.000385141727747, 0.000257539621089, 0.000235675106524, 0.000201626186026, 0.000194815860596, 0.000223391645704, 0.000186440040125, 0.000155242363689, 9.18462101254e-05, 5.96569188929e-05, 2.89010222332e-05], "max": [0.00641211867332, 0.0835276767612, 0.0591631308198, 0.0248734094203, 0.0379459150136, 0.0368836857378, 0.0542256832123, 0.0774768441916, 0.0551155209541, 0.0401182733476, 0.0642158761621, 0.0141793768853, 0.0220263581723, 0.0129855684936, 0.0165920685977, 0.0119033763185, 0.00941326003522, 0.00403073057532, 0.00419391598552, 0.00373974535614, 0.00516217388213, 0.0109175518155, 0.00474157370627, 0.00637558987364, 0.0041788443923, 0.00322836847045, 0.00125152757391], "dvar": [2.48907923606e-07, 5.71434320591e-05, 1.92530824279e-05, 2.17308434003e-06, 8.48996751301e-06, 9.66296283877e-06, 8.91210129339e-06, 1.10346481961e-05, 4.47097681899e-06, 3.62585046787e-06, 3.61373736268e-06, 6.75243256865e-07, 9.06472791939e-07, 8.40591042106e-07, 8.87426324425e-07, 2.89413037535e-07, 2.57531979742e-07, 6.66112498493e-08, 5.94171574164e-08, 4.57480666682e-08, 4.2955580426e-08, 9.1787519807e-08, 5.72453124903e-08, 5.39186473247e-08, 3.32956062721e-08, 1.5507172435e-08, 2.98759883499e-09], "mean": [0.000286625232548, 0.00366845843382, 0.00273874285631, 0.00150239502545, 0.00333768129349, 0.00201113987714, 0.00178308878094, 0.00132217758801, 0.000867844675668, 0.000860207190271, 0.00079547992209, 0.000713969464414, 0.000849376316182, 0.000924780964851, 0.000993453897536, 0.000479754788103, 0.000442633230705, 0.000339479825925, 0.000330412265612, 0.000315848330501, 0.00032514941995, 0.000438851711806, 0.000285467336653, 0.000437568116467, 0.000128719271743, 8.37349434732e-05, 2.714205948e-05], "dvar2": [6.51946663766e-07, 0.000160459137987, 5.06196847709e-05, 5.38510448678e-06, 2.10489397432e-05, 1.99092301045e-05, 1.92515890376e-05, 2.92183358397e-05, 1.05981680463e-05, 1.01470495792e-05, 9.05680008145e-06, 1.77101310328e-06, 2.23145548262e-06, 2.16970420297e-06, 2.23499796448e-06, 7.3329050565e-07, 6.30840077065e-07, 1.6749274323e-07, 1.58107610559e-07, 1.20179905139e-07, 1.07336802557e-07, 1.97520122924e-07, 1.34936030349e-07, 1.2674054517e-07, 6.28621990018e-08, 2.74764850872e-08, 6.7694019279e-09], "min": [1.00744430092e-14, 7.91230416689e-15, 1.59032214616e-15, 9.64938451204e-16, 9.93491931856e-16, 3.17070213723e-16, 1.68794409623e-16, 1.48196593284e-16, 2.76466815893e-16, 1.76825340754e-16, 3.63816479774e-16, 5.04250519022e-16, 3.19282213795e-16, 7.03622010713e-16, 1.00130464612e-15, 3.39455547513e-15, 2.25463441658e-15, 1.59843841586e-15, 1.58818815253e-15, 1.80216635682e-15, 4.13577854892e-15, 6.91208742871e-15, 6.62118031572e-15, 8.91416711361e-15, 1.73478649523e-14, 1.90731016592e-14, 2.90826526273e-14], "var": [3.02071441638e-07, 4.99642192153e-05, 2.40013432631e-05, 5.07303593622e-06, 1.98618199647e-05, 1.63724071172e-05, 1.55610687216e-05, 1.42257695188e-05, 6.15060707787e-06, 4.8465508371e-06, 5.33400861968e-06, 1.19046683267e-06, 2.16577200263e-06, 1.84623604582e-06, 2.10814073398e-06, 5.94173116042e-07, 5.21156209743e-07, 1.58364912295e-07, 1.94834740341e-07, 1.95643664824e-07, 2.06813069781e-07, 5.40332337096e-07, 2.24023452233e-07, 3.2564707908e-07, 7.57378373351e-08, 3.55932208151e-08, 4.5577941421e-09], "median": [8.10300043668e-05, 0.00130885012913, 0.000846678274684, 0.000623900210485, 0.00180939561687, 0.000414061185438, 0.000395431416109, 0.00036492786603, 0.000222716043936, 0.000244872586336, 0.00019920131308, 0.000308366375975, 0.000326515408233, 0.000386855797842, 0.000474340515211, 0.000210408616113, 0.000209141813684, 0.000216015672777, 0.000167477031937, 0.00016173622862, 0.00016977096675, 0.000263975583948, 0.000103948586911, 0.000156854395755, 4.21053628088e-05, 3.96192008338e-05, 4.48968376077e-06]}, "melbands_kurtosis": {"dmean": 6.97833156586, "dmean2": 11.7365789413, "max": 833.64831543, "dvar": 1070.36523438, "mean": 10.6290950775, "dvar2": 3083.49194336, "min": -1.86205708981, "var": 844.140380859, "median": 4.33797550201}, "erbbands_crest": {"dmean": 2.41804432869, "dmean2": 3.97247123718, "max": 27.5970172882, "dvar": 6.18447446823, "mean": 9.04738521576, "dvar2": 15.7513208389, "min": 1.98286688328, "var": 19.5266284943, "median": 7.85814523697}, "melbands_skewness": {"dmean": 0.724583625793, "dmean2": 1.14750182629, "max": 20.5227203369, "dvar": 1.2328928709, "mean": 2.13592863083, "dvar2": 3.08446669579, "min": -2.21959376335, "var": 3.51219153404, "median": 1.924441576}, "spectral_energyband_middle_low": {"dmean": 0.00483900820836, "dmean2": 0.00730633875355, "max": 0.0950626730919, "dvar": 5.15396459377e-05, "mean": 0.0112435603514, "dvar2": 0.000121373625007, "min": 2.94992458771e-15, "var": 0.000137875656947, "median": 0.00817019678652}, "spectral_contrast_coeffs": {"dmean": [0.0551906749606, 0.0553197152913, 0.0438493527472, 0.0357242077589, 0.0247024465352, 0.0205240342766], "dmean2": [0.0892979204655, 0.0887352824211, 0.0724657997489, 0.0578567907214, 0.0396832488477, 0.0320097096264], "max": [-0.236770525575, -0.348876178265, -0.440102785826, -0.527212500572, -0.609054803848, -0.52051115036], "dvar": [0.00226089125499, 0.00225839088671, 0.00138787634205, 0.0010074331658, 0.000545537855942, 0.000392294896301], "mean": [-0.638256967068, -0.744987368584, -0.787492513657, -0.766360938549, -0.793600618839, -0.736923575401], "dvar2": [0.00559214688838, 0.00535192620009, 0.00351360929199, 0.00244391546585, 0.00128325656988, 0.000836447696202], "min": [-0.972697138786, -0.983436286449, -0.967401266098, -0.96710050106, -0.961915552616, -0.960619211197], "var": [0.00964878499508, 0.00835481192917, 0.0045847306028, 0.00370612298138, 0.00177919736598, 0.00403139926493], "median": [-0.639195203781, -0.757729351521, -0.791235744953, -0.771117329597, -0.794290363789, -0.746931433678]}, "spectral_contrast_valleys": {"dmean": [0.537561118603, 0.514777839184, 0.465539932251, 0.386070370674, 0.348388910294, 0.334011226892], "dmean2": [0.850587964058, 0.828502178192, 0.749435007572, 0.599735856056, 0.525921940804, 0.480343043804], "max": [-5.3075261116, -4.70174598694, -5.09549617767, -5.70248937607, -5.7008433342, -7.56132125854], "dvar": [0.404398858547, 0.4494779706, 0.385363131762, 0.328745007515, 0.31433698535, 0.24501375854], "mean": [-7.9192905426, -7.21200799942, -7.59668779373, -7.69947576523, -7.7121257782, -10.0102710724], "dvar2": [0.747470796108, 0.899135649204, 0.778702378273, 0.639788806438, 0.584957957268, 0.440476238728], "min": [-27.234210968, -27.3285179138, -26.9736480713, -27.112039566, -26.9998435974, -27.2674179077], "var": [3.91752195358, 3.14995956421, 3.08362936974, 3.06706357002, 2.83620905876, 2.34931230545], "median": [-7.18758678436, -6.66859865189, -7.09803581238, -7.13838291168, -7.13371944427, -9.61309623718]}, "silence_rate_20dB": {"dmean": 0, "dmean2": 0, "max": 1, "dvar": 0, "mean": 1, "dvar2": 0, "min": 1, "var": 0, "median": 1}, "silence_rate_30dB": {"dmean": 0.000335965072736, "dmean2": 0.000672043010127, "max": 1, "dvar": 0.000335853546858, "mean": 0.999664068222, "dvar2": 0.000671596964821, "min": 0, "var": 0.000335797201842, "median": 1}, "spectral_strongpeak": {"dmean": 0.722148120403, "dmean2": 1.25229215622, "max": 16.5733718872, "dvar": 2.06698584557, "mean": 2.14540743828, "dvar2": 5.09194993973, "min": 0, "var": 11.9921970367, "median": 0.650124073029}, "spectral_spread": {"dmean": 602242.625, "dmean2": 884118.6875, "max": 43277604, "dvar": 768248774656, "mean": 5668407, "dvar2": 1192310472700.0, "min": 981992.375, "var": 4330747854850.0, "median": 5161803}, "barkbands_flatness_db": {"dmean": 0.0241229236126, "dmean2": 0.0381334349513, "max": 0.401485383511, "dvar": 0.000840089749545, "mean": 0.113058708608, "dvar2": 0.00196802220307, "min": 0.0163240153342, "var": 0.00369884702377, "median": 0.0965081900358}, "pitch_salience": {"dmean": 0.0702157467604, "dmean2": 0.116230152547, "max": 0.968946397305, "dvar": 0.00456827273592, "mean": 0.570862770081, "dvar2": 0.0122549524531, "min": 0.0935445874929, "var": 0.0107975294814, "median": 0.579023003578}, "erbbands_kurtosis": {"dmean": 0.992400169373, "dmean2": 1.59849154949, "max": 35.4207496643, "dvar": 2.77449417114, "mean": 0.670958936214, "dvar2": 6.43902015686, "min": -1.7786012888, "var": 6.09340953827, "median": 0.0452003479004}, "average_loudness": 0.853484094143, "barkbands_crest": {"dmean": 2.47445964813, "dmean2": 4.09196043015, "max": 25.7556743622, "dvar": 5.87255239487, "mean": 9.45460414886, "dvar2": 15.4557104111, "min": 2.33298683167, "var": 15.765370369, "median": 8.69088363647}, "hfc": {"dmean": 6.61914968491, "dmean2": 9.270195961, "max": 156.531936646, "dvar": 71.4870529175, "mean": 29.5695800781, "dvar2": 129.748504639, "min": 1.31896005229e-09, "var": 504.400909424, "median": 24.7601661682}, "barkbands_kurtosis": {"dmean": 2.83554649353, "dmean2": 4.81490087509, "max": 459.747528076, "dvar": 191.522598267, "mean": 3.15659499168, "dvar2": 557.801513672, "min": -1.90453898907, "var": 137.311706543, "median": 0.818759441376}, "erbbands": {"dmean": [0.0826288089156, 0.768737733364, 2.32128238678, 2.09958124161, 4.86511707306, 5.36915588379, 5.72669315338, 14.0519590378, 18.9543571472, 22.880657196, 17.1290721893, 13.9175052643, 22.5092468262, 16.4853610992, 20.8655452728, 19.2656993866, 19.9286346436, 25.2865047455, 24.4068412781, 21.5523757935, 15.1378927231, 10.7483148575, 8.97920894623, 7.91977119446, 6.94557285309, 5.73867702484, 5.13800764084, 5.06258249283, 5.48604488373, 4.45326757431, 3.21148276329, 2.28340101242, 1.64103591442, 0.731271207333, 0.470664620399, 0.209195762873, 0.0705148279667, 0.0214719753712, 0.0034630082082, 0.000152907974552], "dmean2": [0.144354343414, 1.34348642826, 3.97888326645, 3.44220232964, 7.91802406311, 8.58488178253, 9.13483810425, 20.4417877197, 26.544549942, 36.8890380859, 27.9711780548, 22.1914215088, 36.0646324158, 27.0542144775, 33.7050628662, 30.9645423889, 31.0147380829, 40.9627838135, 39.6274909973, 34.5757484436, 23.9309501648, 17.0862693787, 13.9872322083, 12.9033594131, 11.3170690536, 9.32876586914, 8.36365699768, 8.00948047638, 8.30601501465, 6.85461473465, 4.96923112869, 3.54546165466, 2.56145429611, 1.0903929472, 0.689903736115, 0.298792928457, 0.101153977215, 0.0312384516001, 0.00541534461081, 0.000242692389293], "max": [2.28304481506, 19.013469696, 78.2854919434, 45.8613090515, 161.338378906, 167.101028442, 163.135284424, 428.323059082, 658.049804688, 1876.70617676, 2078.84790039, 1726.52075195, 1677.42175293, 1264.13830566, 1357.15539551, 671.828125, 823.772033691, 724.922241211, 700.247253418, 855.481140137, 790.35760498, 405.909454346, 239.95362854, 179.060012817, 242.810455322, 193.884109497, 176.400009155, 187.544006348, 358.225097656, 325.601531982, 125.864151001, 111.538955688, 114.445838928, 47.9544906616, 37.710899353, 20.0059642792, 4.74428987503, 0.983400166035, 0.210194513202, 0.0172799788415], "dvar": [0.0381671898067, 3.31048202515, 28.0813350677, 11.8637895584, 83.0193634033, 105.380844116, 119.059562683, 988.684448242, 1817.80200195, 5966.49414062, 3565.52001953, 2246.90600586, 5326.16015625, 3048.36206055, 3273.95166016, 1259.77819824, 1576.0402832, 2006.02270508, 1846.47692871, 1853.60339355, 1029.56738281, 387.741699219, 214.914916992, 154.987564087, 177.084060669, 98.333946228, 73.814956665, 79.2368927002, 133.639251709, 89.4412994385, 36.9218215942, 28.4081954956, 17.0029716492, 4.00485277176, 2.24317264557, 0.443856477737, 0.0445718467236, 0.00276775052771, 0.000124270663946, 3.91502311459e-07], "mean": [0.0901653468609, 0.893295109272, 3.0764362812, 4.01979970932, 9.8753862381, 9.91283988953, 8.91325569153, 19.2171821594, 27.4146976471, 30.9238433838, 22.2764930725, 19.2915267944, 30.2344646454, 23.770734787, 32.914478302, 33.2204627991, 38.4782142639, 49.1161460876, 48.1096420288, 43.2152557373, 29.0759391785, 22.4018096924, 19.4480400085, 17.5953998566, 16.4817771912, 14.7435522079, 12.8549804688, 15.1692256927, 15.2405261993, 11.0824384689, 7.73432922363, 5.56483411789, 9.83160114288, 1.82580840588, 0.904687345028, 0.452093541622, 0.122526377439, 0.0348339341581, 0.00434470269829, 0.000242566675297], "dvar2": [0.106097877026, 9.28563308716, 75.2912902832, 31.0185623169, 211.222381592, 257.191619873, 283.542358398, 2042.22509766, 3472.28100586, 15990.1826172, 9032.51269531, 5207.84179688, 14444.9921875, 8059.68603516, 8632.27734375, 3237.8671875, 3712.60449219, 5254.90576172, 4768.58154297, 4617.27587891, 2562.00927734, 937.913024902, 523.846130371, 415.893951416, 468.625213623, 253.940750122, 193.321609497, 191.247543335, 304.264068604, 201.363876343, 84.4660797119, 67.0443572998, 42.2554855347, 8.43441867828, 4.26143074036, 0.784854948521, 0.0812369808555, 0.00540370959789, 0.000313574448228, 9.60976194619e-07], "min": [3.88995828821e-13, 1.23562228158e-12, 1.95573938988e-12, 2.74374208249e-12, 3.16076049882e-12, 3.13774570562e-12, 3.89750428112e-12, 1.94294168428e-12, 1.53997951544e-12, 4.25118360653e-12, 2.48575574187e-12, 5.75624660784e-12, 7.7768355991e-12, 7.18859867466e-12, 1.52598593484e-11, 2.32783740201e-11, 1.76583747624e-11, 3.36971145432e-11, 3.26573976195e-11, 1.26776172893e-10, 1.47061002265e-10, 1.26521501609e-10, 1.15533513312e-10, 8.53229500941e-11, 6.76929831633e-11, 8.46277631306e-11, 7.25806637014e-11, 2.39346792386e-10, 2.02074482147e-10, 2.05353761773e-10, 2.57458165898e-10, 2.03450950531e-10, 1.33735439389e-10, 2.6035673617e-10, 9.80025158248e-11, 6.27946514231e-11, 3.42810432818e-11, 1.34626754189e-11, 3.69831118854e-12, 4.94231879814e-13], "var": [0.033687133342, 2.91295146942, 31.3612995148, 25.4049797058, 196.489822388, 221.389068604, 205.133834839, 1638.16943359, 3463.57641602, 7646.078125, 4749.30517578, 3310.44311523, 7528.48046875, 3884.33935547, 5565.62207031, 2352.8996582, 3764.97583008, 4738.11474609, 3923.51318359, 4626.30322266, 2167.09545898, 968.934143066, 538.136535645, 457.848114014, 643.979003906, 424.057067871, 319.047576904, 364.797576904, 670.851806641, 490.555664062, 140.547042847, 62.4848747253, 217.339874268, 8.45044326782, 4.63079547882, 0.997922062874, 0.0979601368308, 0.00561112118885, 0.000148567036376, 5.35134006441e-07], "median": [0.030047936365, 0.329284906387, 1.12114620209, 2.39569711685, 5.25271034241, 4.44050693512, 3.85887861252, 3.65902137756, 5.60634088516, 7.62397623062, 8.09368515015, 5.79495811462, 7.21160030365, 8.24283027649, 12.2432203293, 15.5261363983, 17.0114593506, 22.5240516663, 24.8674106598, 20.2482585907, 13.1590747833, 12.2051362991, 12.6170377731, 10.3409576416, 7.67116451263, 7.76193332672, 6.75933218002, 10.6130695343, 9.1792974472, 3.51783657074, 3.09342670441, 3.55603647232, 2.24880075455, 1.1475828886, 0.3143491745, 0.215559229255, 0.0336548946798, 0.0086376266554, 0.000525404931977, 6.14091550233e-05]}, "spectral_energy": {"dmean": 0.00865677092224, "dmean2": 0.0134788407013, "max": 0.121529519558, "dvar": 0.000158703012858, "mean": 0.0262911319733, "dvar2": 0.000387108448194, "min": 1.33994594934e-13, "var": 0.000427584833233, "median": 0.0237231682986}, "zerocrossingrate": {"dmean": 0.0155501952395, "dmean2": 0.0173396449536, "max": 0.50146484375, "dvar": 0.00045873929048, "mean": 0.120819017291, "dvar2": 0.0004549852747, "min": 0.00439453125, "var": 0.00959409493953, "median": 0.08447265625}, "spectral_energyband_high": {"dmean": 0.000497802102473, "dmean2":