{"metadata": {"audio_properties": {"downmix": "mix", "bit_rate": 192093, "lossless": false, "md5_encoded": "e84eb14a150c84d2d96d8eb0fd8ac8c3", "analysis_sample_rate": 44100, "sample_rate": 44100, "replay_gain": -5.6316986084, "equal_loudness": 0, "codec": "mp3", "length": 53.7077560425}, "tags": {"date": ["1968"], "bpm": ["118.06"], "acoustid_id": ["5558ba92-f00b-429a-b734-32780e82eb6f"], "musicbrainz_recordingid": ["0e8f7938-15ea-49a6-9b43-1db48b971ac1"], "musicbrainz_artistid": ["1be2e508-905c-4d90-9bf2-7ab55f78b3e6"], "musicbrainz album type": ["Compilation"], "tracknumber": ["11"], "musicbrainz_albumid": ["41ac840c-7f7c-4746-81a3-0a3d364f7d25"], "label": ["Legacy"], "file_name": "Mike Bloomfield - Easy Rider.mp3", "album": ["Bloomfield: A Retrospective  (Disc 2)"], "artist": ["Mike Bloomfield"], "title": ["Easy Rider"], "musicbrainz_albumartistid": ["1be2e508-905c-4d90-9bf2-7ab55f78b3e6"], "discnumber": ["02"], "acoustid_fingerprint": ["AQABl0mSREkihRETaKWCoz_85WgrHH-OcgnEHzmDH9XxZEuNXzgRxmGgZ6hfoTpSvMpz5Eyxccnh3dBzPHzgKdqPO7igPcd9xDlxpTkeoRmjZOiR9xPUaLwQH5eOJ1lW_A2OMCNDaM-IOA9iJj1qBVrOI9-NUXtAanuOixmL8kjdIxn-FI3TClcI59HxH2FGVkHyPGhOdNONh_hyGHlaJJcuPMvRyOMA85lQdj66V9DxHhczo_Xx40sgJbmKkvjQy_gHjzy-hjgToQ-RfEPOosxyUMqDw0_QTxlKG80y5NDuoDk75D2O_2j2gmmI5MgN_8E34y4uUXjWBAkVKTry5JjOFH5wekinH8mzw7rQi7jgZU9w5fhxH-mH_7gcXCfKDs4T5CK6HWfC4IJ_PDumPBvqJDk-_EZyKwgtpsGD5sbxH9dEKWjIxahxNMqDfkT_oGlD4kuQfEWeHB6PHy-PL8OP_0juDyE-Ht7hH8fxDlnyQcfxJFEC6bqCklGaoRmZ4ceR7BKaZ1mEgwmfY_qOSk9g-ceL9BWSfcA3WAViBwmv4JmOi3uxagmF6o9wIjlyp_iwOVxxw8deonkicBTiLDmS58cZaQu-KwJ7fA--oMzypEFzPDeUH82Poql0VEwiHfnNFMmDP8eUf5i8x_hS_EqOF8mFMKhj4Q98Rgxi6DdSvbgenEuY4DcO__iT4nmaFD9-JMuSHeEjHd-EH9uDX2D4oFmW5eiOhH-R5qjM4NCPWz9CHwnVJYVLCuUJnuh0wjsVHD6Hl0iWI5bxBb_wJ3iwRTlxBu9RPUaYPA2O3MfRxAx6HX8Qmz6SC02ihTjRTPrxH31TNMqxE_oy1KLBZI9x68Q3lNCyKsedCVfyox989A3yxDqSB02uoN6MPwqY6MoR6Rn06USYo1Z0vNkE88WlE_k-JKQi_McVxUFloTmDp5iTD9dCK-ifwj9y_NB3hN_xPCifCt9xVRTe4wcVUciVQ4-EL0B6yceJIo-hcRp85Ogz9PBWtD7yBj0eSKLxD-_RHl-Do2eM5tmh88YlHd2TI3OMK4FxFvkESw90vDt8451xOKSgw5ehwz-OHD5-_MWD9DaeFCaQcAoggIBCUBAiMBKIAKCMgIIYABAmAChChBECAEEMIkIMSAgxgAAAiCAAESAEAIAp5QQChAkgCGcCCMKccIwIYAhiyjoQhFUCCAoEAIAEgwBFSklhDRDECAMKccgJQZgAwCBqEeBIQAAMQAIyogggxghijDPAGQWEQJQAAgAxCArmxBUIACAMEwNwAIgRAHhANGECAAOIYghRgyQigBiiLCEAU-GEMAoAAAgTAAkBBJMIMcGAYMYI4oSjQgjjKSDGIOioAwoYRAxQBBDACCGCCSENcU4wQYQgRghjDHGEOGYIAAYIAIQAACFDhDBMCSMMA0AIoQAQiBhCHEGAOUCIoJJRYxBwQhiiGEPYKEQAMZJJwgwQVAAFAHECEICYEsJBBgghighVFAKWWQQQsIgB"], "musicbrainz_releasegroupid": ["7f5cf2fe-85a9-4a56-8331-538816113d40"], "language": ["eng"], "genre": ["Blues"]}, "version": {"essentia_build_sha": "2d9f1f26377add8aeb1075a9c2973f962c4f09fd", "essentia_git_sha": "v2.1_beta2-1-ge3940c0", "extractor": "music 1.0", "essentia": "2.1-beta2"}}, "tonal": {"chords_scale": "major", "hpcp": {"dmean": [0.0643580928445, 0.0539559386671, 0.0804715827107, 0.0886417627335, 0.102515131235, 0.143825054169, 0.130107209086, 0.0871060341597, 0.0527962446213, 0.0404031611979, 0.0518283993006, 0.0808840319514, 0.0836254507303, 0.0656019747257, 0.054315391928, 0.071329832077, 0.0744661167264, 0.0699704736471, 0.0758305341005, 0.117542132735, 0.173921570182, 0.173126369715, 0.167747437954, 0.0988988205791, 0.0353100933135, 0.0349565595388, 0.0471256561577, 0.0533880181611, 0.0421304814517, 0.0383364334702, 0.0483425371349, 0.0527133904397, 0.09409083426, 0.111730799079, 0.0740331783891, 0.0605887286365], "dvar2": [0.0547041706741, 0.0393789000809, 0.0896731317043, 0.101383008063, 0.0779107660055, 0.113105349243, 0.0886446535587, 0.055382065475, 0.0469880923629, 0.0298683531582, 0.0284600798041, 0.0527316369116, 0.0609149858356, 0.0529447682202, 0.045024048537, 0.0769234001637, 0.0769926533103, 0.0816053375602, 0.0677320659161, 0.101448066533, 0.113090842962, 0.123521655798, 0.124611414969, 0.106569297612, 0.0248599555343, 0.0250676255673, 0.0307571813464, 0.0439057461917, 0.0303235240281, 0.0254814084619, 0.036863386631, 0.047335524112, 0.0628672987223, 0.0849702805281, 0.040181428194, 0.0482074283063], "mean": [0.0828087925911, 0.06119062379, 0.0776671469212, 0.15971262753, 0.184520229697, 0.216853916645, 0.224904358387, 0.115749709308, 0.0466207005084, 0.0376334786415, 0.0564049817622, 0.131409943104, 0.144764438272, 0.0724433586001, 0.0517675131559, 0.0760322883725, 0.071330614388, 0.0550484582782, 0.0681811347604, 0.114182636142, 0.337853401899, 0.453966856003, 0.254216194153, 0.0816719532013, 0.0284619145095, 0.0295615214854, 0.0607688575983, 0.0725396871567, 0.0442185029387, 0.0369362197816, 0.0514349080622, 0.0546561032534, 0.133943706751, 0.181765466928, 0.0982188209891, 0.0667310878634], "var": [0.0407923012972, 0.0255576148629, 0.0341976881027, 0.101974651217, 0.0926864221692, 0.071053661406, 0.0886819660664, 0.0396248474717, 0.0202663354576, 0.01519627776, 0.0197351798415, 0.0615070648491, 0.0761802494526, 0.0246531572193, 0.0177069921046, 0.039691966027, 0.0342198424041, 0.0225130692124, 0.0291588809341, 0.0405007787049, 0.102954164147, 0.160412058234, 0.0619301274419, 0.0314338207245, 0.00643731048331, 0.00700576556846, 0.0201786607504, 0.0317478403449, 0.0124492645264, 0.00858127512038, 0.0214228481054, 0.0207251105458, 0.0461134277284, 0.0844503119588, 0.0216545574367, 0.0203055143356], "dmean2": [0.113433927298, 0.0923687592149, 0.141255825758, 0.156037181616, 0.173263281584, 0.240839183331, 0.217122614384, 0.150891840458, 0.0929411500692, 0.0728462636471, 0.0885982215405, 0.133862182498, 0.135026201606, 0.116411373019, 0.0987527519464, 0.127041950822, 0.130864709616, 0.126580089331, 0.134851619601, 0.203878447413, 0.287542313337, 0.295917123556, 0.285984307528, 0.179019525647, 0.0639782696962, 0.063646607101, 0.082975037396, 0.0949462503195, 0.0734352692962, 0.0675504952669, 0.0847117677331, 0.0939935594797, 0.156773462892, 0.187430590391, 0.128105595708, 0.108408860862], "dvar": [0.0237030293792, 0.016843765974, 0.0314326845109, 0.0384349003434, 0.031016562134, 0.0413651876152, 0.0365876816213, 0.0230281595141, 0.0178339723498, 0.0111950207502, 0.0118506671861, 0.0246588084847, 0.0283034481108, 0.0197416376323, 0.0167415514588, 0.0295522920787, 0.0303901340812, 0.0292779561132, 0.0253034736961, 0.0376834087074, 0.0444266721606, 0.0539405830204, 0.0439525432885, 0.0366353057325, 0.00869515165687, 0.00881119444966, 0.0122014563531, 0.0179485548288, 0.0107584372163, 0.00912510231137, 0.0153165189549, 0.0182058438659, 0.0249471981078, 0.0381086803973, 0.0153909679502, 0.0183910485357], "min": [0, 0, 0, 0, 0, 0, 0, 0, 0, 0, 0, 0, 0, 0, 0, 0, 0, 0, 0, 0, 0, 0, 0, 0, 0, 0, 0, 0, 0, 0, 0, 0, 0, 0, 0, 0], "median": [0.00871697254479, 0.00524631142616, 0.00384955038317, 0.00293158949353, 0.025090996176, 0.107665449381, 0.084700345993, 0.0293837357312, 0.0024729766883, 0.0014955564402, 0.00517150713131, 0.0106152724475, 0.0118401832879, 0.00749370222911, 0.00366401392967, 0.00355856539682, 0.00397676322609, 0.00445788819343, 0.00468082726002, 0.030128583312, 0.238963514566, 0.307163059711, 0.1766718328, 0.0122146047652, 0.00273359706625, 0.00344686722383, 0.00832540169358, 0.00916564464569, 0.00656955549493, 0.00358118722215, 0.00324522820301, 0.00776193663478, 0.0277677215636, 0.033536106348, 0.0306719429791, 0.0084308469668], "max": [1, 1, 1, 1, 1, 1, 1, 1, 1, 1, 1, 1, 1, 1, 1, 1, 1, 1, 1, 1, 1, 1, 1, 1, 1, 1, 1, 1, 1, 0.858551442623, 1, 1, 1, 1, 1, 1]}, "tuning_equal_tempered_deviation": 0.106437347829, "chords_key": "E", "chords_strength": {"dmean": 0.00922859553248, "dvar2": 0.00356766791083, "mean": 0.462101012468, "var": 0.0953466296196, "dmean2": 0.0108066722751, "dvar": 0.00181330821943, "min": -1, "median": 0.512809336185, "max": 0.698966026306}, "tuning_diatonic_strength": 0.601503551006, "thpcp": [1, 0.559988439083, 0.179907307029, 0.0626960173249, 0.0651182383299, 0.133861884475, 0.159790709615, 0.0974046960473, 0.0813632532954, 0.113301023841, 0.12039668113, 0.295051723719, 0.400393694639, 0.216356813908, 0.14699549973, 0.182411536574, 0.134790956974, 0.171085506678, 0.351815611124, 0.406461894512, 0.477686673403, 0.495420217514, 0.2549739182, 0.1026962623, 0.0828991755843, 0.124249115586, 0.289470344782, 0.318887680769, 0.159578517079, 0.114033684134, 0.167484223843, 0.15712736547, 0.12126096338, 0.150189682841, 0.251521974802, 0.744224846363], "chords_histogram": [39.4645957947, 0, 6.73575115204, 3.54058718681, 0.690846264362, 11.830742836, 0, 0, 0, 0.0863557830453, 3.36787557602, 0, 1.20898103714, 0, 0, 2.07253885269, 2.33160614967, 7.16753005981, 0, 0, 0, 0.345423132181, 11.1398963928, 10.0172710419], "tuning_nontempered_energy_ratio": 0.6960490942, "tuning_frequency": 447.174194336, "key_strength": 0.711970150471, "chords_changes_rate": 0.0552677027881, "key_scale": "major", "hpcp_entropy": {"dmean": 0.563102781773, "dvar2": 0.747112870216, "mean": 1.62236499786, "var": 0.930694639683, "dmean2": 0.943396568298, "dvar": 0.298143565655, "min": 0, "median": 1.63778495789, "max": 4.56468486786}, "key_key": "E", "chords_number_rate": 0.0094991363585}, "lowlevel": {"melbands_skewness": {"dmean": 0.706804931164, "dvar2": 1.59742832184, "mean": 1.83270394802, "var": 6.23436498642, "dmean2": 1.12109708786, "dvar": 0.672815978527, "min": -2.04669070244, "median": 1.15703177452, "max": 14.0694360733}, "melbands_kurtosis": {"dmean": 8.19960021973, "dvar2": 582.789245605, "mean": 18.8881874084, "var": 1076.96398926, "dmean2": 13.3916273117, "dvar": 236.875732422, "min": -1.37684714794, "median": 7.99844741821, "max": 297.599822998}, "barkbands_kurtosis": {"dmean": 6.03772830963, "dvar2": 185.982299805, "mean": 13.036113739, "var": 175.769927979, "dmean2": 10.0434389114, "dvar": 71.2453308105, "min": -1.65814435482, "median": 9.01448059082, "max": 136.367263794}, "hfc": {"dmean": 2.14363312721, "dvar2": 31.8670043945, "mean": 8.31630802155, "var": 111.925575256, "dmean2": 3.26789689064, "dvar": 16.2067012787, "min": 1.19889890387e-16, "median": 4.09052801132, "max": 55.0941810608}, "silence_rate_20dB": {"dmean": 0, "dvar2": 0, "mean": 1, "var": 0, "dmean2": 0, "dvar": 0, "min": 1, "median": 1, "max": 1}, "erbbands_flatness_db": {"dmean": 0.020388238132, "dvar2": 0.000925139465835, "mean": 0.213742956519, "var": 0.0091877989471, "dmean2": 0.031071761623, "dvar": 0.000470883649541, "min": 0.0278262197971, "median": 0.22982853651, "max": 0.403542846441}, "spectral_flux": {"dmean": 0.0145264398307, "dvar2": 0.00126317865215, "mean": 0.0396150387824, "var": 0.0012532271212, "dmean2": 0.0232632309198, "dvar": 0.000490053440444, "min": 1.03221084458e-10, "median": 0.0351949222386, "max": 0.227996662259}, "spectral_energyband_low": {"dmean": 0.000876416510437, "dvar2": 8.32563182485e-06, "mean": 0.00193714245688, "var": 7.62638865126e-06, "dmean2": 0.00149636133574, "dvar": 3.00399983644e-06, "min": 1.46276016409e-22, "median": 0.00106493406929, "max": 0.044054698199}, "spectral_rolloff": {"dmean": 125.18611908, "dvar2": 801831.875, "mean": 1513.6730957, "var": 17073604, "dmean2": 216.662765503, "dvar": 348026.5625, "min": 43.06640625, "median": 473.73046875, "max": 19509.0820313}, "spectral_entropy": {"dmean": 0.222007587552, "dvar2": 0.127750605345, "mean": 6.79702329636, "var": 0.820632517338, "dmean2": 0.347626984119, "dvar": 0.0595619156957, "min": 5.13513660431, "median": 6.53183794022, "max": 9.80701160431}, "spectral_energy": {"dmean": 0.00425953790545, "dvar2": 0.000103590486106, "mean": 0.0183332394809, "var": 0.000402882462367, "dmean2": 0.00652062008157, "dvar": 4.97151486343e-05, "min": 1.06545919685e-20, "median": 0.0127048818395, "max": 0.0897591859102}, "spectral_centroid": {"dmean": 112.400619507, "dvar2": 112370.851563, "mean": 759.624511719, "var": 709778.4375, "dmean2": 181.280929565, "dvar": 63992.828125, "min": 227.019577026, "median": 498.499450684, "max": 10820.6445313}, "barkbands_flatness_db": {"dmean": 0.0242536533624, "dvar2": 0.00131504388992, "mean": 0.217288777232, "var": 0.00431712483987, "dmean2": 0.0380968935788, "dvar": 0.000598865037318, "min": 0.0326825343072, "median": 0.227328896523, "max": 0.355246007442}, "spectral_rms": {"dmean": 0.000427273422247, "dvar2": 7.23316873064e-07, "mean": 0.00333452736959, "var": 6.76699391988e-06, "dmean2": 0.000652632268611, "dvar": 3.50601993659e-07, "min": 3.22408506143e-12, "median": 0.00352064939216, "max": 0.00935788080096}, "melbands": {"dmean": [8.91297968337e-05, 0.000117205629067, 0.000248529540841, 0.000121877106722, 0.000231623649597, 0.000260231521679, 0.000249018194154, 0.000229765835684, 0.000185616605449, 0.000178121073986, 2.19924731937e-05, 9.63447382674e-06, 8.11610334495e-06, 4.5282931751e-06, 3.55623365067e-06, 2.52126869782e-06, 1.73472142251e-06, 1.32196760205e-06, 9.55222503762e-07, 7.07251786025e-07, 6.11025882336e-07, 6.71025077281e-07, 6.08680579717e-07, 4.79377604279e-07, 4.30450910471e-07, 4.16301844552e-07, 3.74944022496e-07, 3.06614992951e-07, 2.30004218338e-07, 1.84441418583e-07, 1.28529649146e-07, 9.19013132261e-08, 7.36012708558e-08, 5.69840246101e-08, 4.60525058088e-08, 3.36684706781e-08, 2.07701198462e-08, 1.05792166138e-08, 5.06847896986e-09, 2.96490965113e-09], "dvar2": [2.10784918409e-07, 1.97142725256e-07, 5.95289066041e-07, 1.16875682465e-07, 4.66663720999e-07, 6.9822704063e-07, 1.39146254696e-06, 1.11178462703e-06, 7.73637793827e-07, 6.19191666829e-07, 3.70722190723e-08, 2.33494290569e-09, 1.1595486793e-09, 9.20635234714e-10, 6.27603136127e-10, 1.98563485099e-10, 1.87838022914e-10, 1.06683391288e-10, 6.06002470427e-11, 2.7110832676e-11, 1.8756340231e-11, 2.51305330712e-11, 1.71354944123e-11, 1.09600046053e-11, 6.8271516912e-12, 7.07368668848e-12, 6.8640002536e-12, 6.02629404711e-12, 3.72194202541e-12, 1.33608488856e-12, 3.40414138935e-13, 1.9157810375e-13, 1.50540915996e-13, 1.1789445017e-13, 1.41941322519e-13, 1.26568297943e-13, 5.65186833695e-14, 1.31461741111e-14, 3.43259636007e-15, 8.21253340686e-16], "mean": [0.000128873231006, 0.00029528333107, 0.000556088285521, 0.000360601698048, 0.00054848450236, 0.000695220427588, 0.000658073811792, 0.000593811273575, 0.000541661225725, 0.000620361068286, 6.84759506839e-05, 2.21480586333e-05, 1.99047954084e-05, 1.0000412658e-05, 6.63402533974e-06, 4.5859369493e-06, 1.65028200172e-06, 1.11006545467e-06, 7.690999837e-07, 7.15643864169e-07, 7.20643868135e-07, 8.62308809246e-07, 7.19180718534e-07, 4.81609106373e-07, 4.46092144557e-07, 4.23306943276e-07, 3.59526723059e-07, 2.93742687063e-07, 2.30275844615e-07, 1.91100028246e-07, 1.44177761285e-07, 1.00339889286e-07, 7.80563595981e-08, 5.91479967227e-08, 4.27817141713e-08, 2.81113923251e-08, 1.76771788318e-08, 9.77314051909e-09, 5.62872282117e-09, 3.91350596374e-09], "var": [9.99532829837e-08, 2.66159617013e-07, 4.61504242821e-07, 3.89518419297e-07, 6.24368681201e-07, 1.75934621893e-06, 2.48254832513e-06, 2.26837255468e-06, 2.00090653379e-06, 2.96060534311e-06, 1.99969392156e-07, 5.55975887551e-09, 3.29684524125e-09, 1.7971401034e-09, 6.07689509824e-10, 2.25613819294e-10, 4.59200837077e-11, 2.21188276028e-11, 1.21741393008e-11, 6.92371290509e-12, 8.83606035562e-12, 2.02645816794e-11, 6.37147886534e-12, 3.18009897929e-12, 1.87334869839e-12, 1.75388447255e-12, 1.51828690679e-12, 1.25661839875e-12, 7.6108769894e-13, 3.1772932267e-13, 1.09595167143e-13, 5.6454474884e-14, 4.22594461323e-14, 3.38196505035e-14, 3.49867975303e-14, 2.79674456608e-14, 1.19060204675e-14, 2.90904889526e-15, 7.40452803205e-16, 1.95192628176e-16], "dmean2": [0.000150957188453, 0.000189106009202, 0.000439017487224, 0.000198745634407, 0.000377892982215, 0.000397399882786, 0.000401796540245, 0.000354004034307, 0.000278669351246, 0.000248366442975, 3.24102948071e-05, 1.50587657117e-05, 1.27102712213e-05, 7.63336447562e-06, 5.99819895797e-06, 4.12686858908e-06, 3.1686975035e-06, 2.44916213887e-06, 1.7705638129e-06, 1.27256191718e-06, 1.05304536646e-06, 1.17107686037e-06, 1.07111497982e-06, 8.45269994443e-07, 7.56672250191e-07, 7.43040175166e-07, 6.73995941725e-07, 5.54487428417e-07, 4.14843384533e-07, 3.29815946998e-07, 2.23104621e-07, 1.5956990751e-07, 1.28765591967e-07, 9.86811770076e-08, 8.01172674869e-08, 6.02307963504e-08, 3.72278634586e-08, 1.90069169292e-08, 9.00953534e-09, 5.24065502105e-09], "dvar": [7.75555619725e-08, 7.87084815101e-08, 1.91783641412e-07, 5.4255661297e-08, 1.84090907851e-07, 3.18580958947e-07, 5.63057938052e-07, 5.21762558492e-07, 4.23129336014e-07, 4.02292812396e-07, 2.68788191704e-08, 1.13827303139e-09, 6.34761521123e-10, 4.25998097908e-10, 2.71319466894e-10, 8.46195127857e-11, 6.48913284218e-11, 3.72159074391e-11, 2.09733654055e-11, 9.48261000971e-12, 7.04820360062e-12, 1.00305267564e-11, 6.27671959547e-12, 4.06407069456e-12, 2.5234909648e-12, 2.54206291433e-12, 2.39832069135e-12, 2.08194507641e-12, 1.28058555513e-12, 4.72528754406e-13, 1.27940301582e-13, 7.11919469231e-14, 5.57009103284e-14, 4.43361777955e-14, 5.18983422589e-14, 4.51759296475e-14, 1.98854231963e-14, 4.67470114403e-15, 1.20866593491e-15, 2.94471242341e-16], "min": [2.87715621272e-23, 1.61537366813e-23, 1.33742752119e-23, 3.53030756203e-24, 3.46406493967e-24, 7.67899214361e-24, 1.23595476523e-23, 1.41604492569e-23, 1.15060916607e-23, 2.62900281781e-23, 1.24818629022e-23, 7.57379044215e-24, 7.32236863875e-24, 1.67645059263e-23, 1.14350776132e-23, 1.25656312529e-23, 1.45884299638e-23, 9.77784966754e-24, 7.18640846173e-24, 4.06801250997e-24, 8.76766515789e-24, 1.04329805055e-23, 5.53141930335e-24, 4.351703852e-24, 5.32812984807e-24, 9.38986578625e-24, 1.26642577987e-23, 1.10936956899e-23, 1.12842229534e-23, 1.14290704374e-23, 1.14754396814e-23, 1.08965640828e-23, 8.44883361241e-24, 1.16404425615e-23, 1.16927393063e-23, 1.24562028347e-23, 8.2350523071e-24, 9.03839669854e-24, 8.91127255252e-24, 1.0807216119e-23], "median": [3.15034048981e-05, 0.000149853294715, 0.000296784564853, 0.000217347638682, 0.000305763620418, 0.000290837779175, 0.000188646226889, 8.60408326844e-05, 2.11035712709e-05, 1.98610068765e-05, 8.94713411981e-06, 4.77303819935e-06, 3.56333248419e-06, 1.05596586764e-06, 9.94589299808e-07, 5.92216281348e-07, 3.04537252305e-07, 2.96914777209e-07, 2.14376285612e-07, 2.15978275264e-07, 1.89725597011e-07, 1.90572748693e-07, 1.81764988838e-07, 1.65433874599e-07, 1.55986640493e-07, 1.44103609045e-07, 1.28952052592e-07, 1.19397512321e-07, 9.57534638246e-08, 7.96040211526e-08, 6.28080414344e-08, 4.53856259242e-08, 3.32426424166e-08, 2.38327775293e-08, 1.47871705991e-08, 8.68417249222e-09, 5.7840559009e-09, 3.68266972472e-09, 2.89063728509e-09, 2.47450460122e-09], "max": [0.00415744679049, 0.00845993682742, 0.00483845919371, 0.00661247270182, 0.00868243630975, 0.0136068342254, 0.0163271483034, 0.0136597780511, 0.0144231580198, 0.0128572657704, 0.00639058556408, 0.00086263747653, 0.000745680299588, 0.000623696949333, 0.000476751272799, 0.000166152982274, 0.000126114522573, 7.52738196752e-05, 6.97094656061e-05, 4.19082971348e-05, 5.57634703e-05, 9.04883781914e-05, 3.18326383422e-05, 3.55744923581e-05, 2.89421695925e-05, 2.49129170697e-05, 2.85500846076e-05, 3.23486237903e-05, 2.8915990697e-05, 1.52615102706e-05, 4.28903649663e-06, 4.09260201195e-06, 3.33068646796e-06, 3.64787547369e-06, 3.63726417163e-06, 3.62227660844e-06, 2.72174474958e-06, 1.26684085444e-06, 8.92554510301e-07, 2.95511000559e-07]}, "barkbands_crest": {"dmean": 2.6853556633, "dvar2": 16.1113777161, "mean": 12.8933906555, "var": 21.0574150085, "dmean2": 4.38480710983, "dvar": 6.23240423203, "min": 2.83617663383, "median": 12.2562026978, "max": 25.297164917}, "mfcc": {"icov": [[0.00102624692954, -0.00166343036108, 0.00185471191071, -0.0016058817273, 0.00172715855297, -0.00201331241988, 0.00231594964862, -0.00239342357963, 0.00284386007115, -0.00259517575614, 0.00245791836642, -0.00205259816721, 0.00113495637197], [-0.00166343036108, 0.00344277289696, -0.00363603373989, 0.00206085550599, -0.00186081288848, 0.003836074844, -0.00295028556138, 0.00356516754255, -0.0038345514331, 0.00427416618913, -0.00411785254255, 0.00295905699022, -0.00167866039556], [0.00185471191071, -0.00363603373989, 0.00790471024811, -0.00414103548974, 0.00142812519334, -0.00322891678661, 0.00288585782982, -0.00201694318093, 0.00292399176396, -0.00433274544775, 0.00350253400393, -0.00245523941703, 0.000374843424652], [-0.0016058817273, 0.00206085550599, -0.00414103548974, 0.0089637953788, -0.00243570934981, 0.000186643315828, -0.00273073394783, 0.00323608331382, -0.0043067978695, 0.00478151626885, -0.0018427221803, 0.00474450131878, -0.00155595096294], [0.00172715855297, -0.00186081288848, 0.00142812519334, -0.00243570934981, 0.00938588008285, -0.00690062483773, 0.00196118326858, -0.00397556321695, 0.00377099053003, -0.00483097182587, 0.00506444089115, -0.00482864724472, 0.000711622356903], [-0.00201331241988, 0.003836074844, -0.00322891678661, 0.000186643315828, -0.00690062483773, 0.021399660036, -0.0114593198523, 0.00292491633445, -0.0034939784091, 0.00400791410357, -0.00460321549326, 0.00587855326012, -0.00214633974247], [0.00231594964862, -0.00295028556138, 0.00288585782982, -0.00273073394783, 0.00196118326858, -0.0114593198523, 0.0274354591966, -0.0120911803097, 0.0078864376992, -0.00781099312007, 0.0031644073315, -0.00280432705767, 0.00267884111963], [-0.00239342357963, 0.00356516754255, -0.00201694318093, 0.00323608331382, -0.00397556321695, 0.00292491633445, -0.0120911803097, 0.0344757847488, -0.0187743641436, 0.00977463182062, -0.00745156640187, 0.00178304233123, -0.00140435539652], [0.00284386007115, -0.0038345514331, 0.00292399176396, -0.0043067978695, 0.00377099053003, -0.0034939784091, 0.0078864376992, -0.0187743641436, 0.0357502065599, -0.0191414747387, 0.0108070112765, -0.00729015609249, 0.00212011137046], [-0.00259517575614, 0.00427416618913, -0.00433274544775, 0.00478151626885, -0.00483097182587, 0.00400791410357, -0.00781099312007, 0.00977463182062, -0.0191414747387, 0.0369233302772, -0.021810863167, 0.0108255064115, -0.00214734952897], [0.00245791836642, -0.00411785254255, 0.00350253400393, -0.0018427221803, 0.00506444089115, -0.00460321549326, 0.0031644073315, -0.00745156640187, 0.0108070112765, -0.021810863167, 0.0389618054032, -0.0266525577754, 0.0145601797849], [-0.00205259816721, 0.00295905699022, -0.00245523941703, 0.00474450131878, -0.00482864724472, 0.00587855326012, -0.00280432705767, 0.00178304233123, -0.00729015609249, 0.0108255064115, -0.0266525577754, 0.0426640585065, -0.0198870096356], [0.00113495637197, -0.00167866039556, 0.000374843424652, -0.00155595096294, 0.000711622356903, -0.00214633974247, 0.00267884111963, -0.00140435539652, 0.00212011137046, -0.00214734952897, 0.0145601797849, -0.0198870096356, 0.0246330518275]], "mean": [-835.969116211, 157.378738403, 29.3678016663, 31.4782905579, -17.4743289948, -6.64040613174, -10.1040239334, -3.16951227188, -4.72763490677, -2.38791108131, -0.924606144428, 0.105332240462, -0.355942487717], "cov": [[20415.171875, 7527.40332031, -460.973358154, 754.707214355, -2397.53662109, -834.576171875, -983.766967773, -269.548736572, -572.804382324, -338.164703369, -181.518112183, -94.7172470093, -234.160186768], [7527.40332031, 3620.59838867, 144.001083374, 266.989501953, -875.729309082, -401.965118408, -381.671386719, -144.551635742, -194.265716553, -146.830657959, -47.9523124695, -20.589717865, -46.2350234985], [-460.973358154, 144.001083374, 323.581451416, 82.4763565063, 89.1147842407, 24.6200008392, 19.8649349213, -11.4359560013, 19.2663459778, -0.510615348816, -14.0620908737, -5.49011468887, 30.2732830048], [754.707214355, 266.989501953, 82.4763565063, 231.011810303, -27.2054748535, 19.0778827667, -17.9347267151, -12.1298856735, -17.3350467682, -30.7324199677, -46.3080291748, -33.994808197, -0.794594347477], [-2397.53662109, -875.729309082, 89.1147842407, -27.2054748535, 465.752868652, 171.227218628, 145.838104248, 50.379524231, 71.0453491211, 46.066242218, 7.42444038391, 14.5581245422, 41.4553070068], [-834.576171875, -401.965118408, 24.6200008392, 19.0778827667, 171.227218628, 142.865814209, 83.9857406616, 28.8474617004, 25.4710597992, 20.6928730011, -0.654050529003, -7.58049869537, 5.78167486191], [-983.766967773, -381.671386719, 19.8649349213, -17.9347267151, 145.838104248, 83.9857406616, 112.139533997, 35.2000617981, 31.1700439453, 28.9420528412, 15.6455802917, 2.43323731422, 3.35508155823], [-269.548736572, -144.551635742, -11.4359560013, -12.1298856735, 50.379524231, 28.8474617004, 35.2000617981, 56.1807746887, 30.5284404755, 14.6708259583, 12.6574039459, 9.37886714935, 1.15117776394], [-572.804382324, -194.265716553, 19.2663459778, -17.3350467682, 71.0453491211, 25.4710597992, 31.1700439453, 30.5284404755, 68.0993118286, 32.5723838806, 13.0714321136, 8.9417257309, 6.75355529785], [-338.164703369, -146.830657959, -0.510615348816, -30.7324199677, 46.066242218, 20.6928730011, 28.9420528412, 14.6708259583, 32.5723838806, 68.0630340576, 41.3463439941, 9.59887504578, -11.7573156357], [-181.518112183, -47.9523124695, -14.0620908737, -46.3080291748, 7.42444038391, -0.654050529003, 15.6455802917, 12.6574039459, 13.0714321136, 41.3463439941, 80.6919631958, 35.2199440002, -15.649064064], [-94.7172470093, -20.589717865, -5.49011468887, -33.994808197, 14.5581245422, -7.58049869537, 2.43323731422, 9.37886714935, 8.9417257309, 9.59887504578, 35.2199440002, 60.4425849915, 28.1325855255], [-234.160186768, -46.2350234985, 30.2732830048, -0.794594347477, 41.4553070068, 5.78167486191, 3.35508155823, 1.15117776394, 6.75355529785, -11.7573156357, -15.649064064, 28.1325855255, 77.0859909058]]}, "spectral_decrease": {"dmean": 1.08076758654e-09, "dvar2": 6.62353749923e-18, "mean": -4.6576245083e-09, "var": 2.57477700409e-17, "dmean2": 1.65483449166e-09, "dvar": 3.16470741043e-18, "min": -2.28079368725e-08, "median": -3.26135518591e-09, "max": 1.02537632987e-16}, "zerocrossingrate": {"dmean": 0.00578274438158, "dvar2": 0.000172917745658, "mean": 0.0612345635891, "var": 0.0150563856587, "dmean2": 0.00793182477355, "dvar": 0.000114536807814, "min": 0.009765625, "median": 0.025390625, "max": 0.591796875}, "spectral_contrast_coeffs": {"dmean": [0.0421498864889, 0.0432300940156, 0.0341173149645, 0.0209519807249, 0.0145745994523, 0.0190786924213], "dvar2": [0.00348913716152, 0.00359660782851, 0.00228216755204, 0.000903984124307, 0.00049186317483, 0.00093581416877], "mean": [-0.646649539471, -0.707380652428, -0.760181546211, -0.853530347347, -0.866461694241, -0.78961789608], "var": [0.0124715967104, 0.0157346650958, 0.0141401775181, 0.00232411781326, 0.000993141322397, 0.00366050330922], "dmean2": [0.070724196732, 0.0709680616856, 0.0539750047028, 0.0352381467819, 0.0245228968561, 0.0313199050725], "dvar": [0.00122989458032, 0.00140824099071, 0.00109922897536, 0.000344108557329, 0.000193624655367, 0.000370292138541], "min": [-0.965464711189, -0.967096745968, -0.969369590282, -0.965058624744, -0.956286668777, -0.963489770889], "median": [-0.629098296165, -0.688377022743, -0.765842556953, -0.857252240181, -0.866400837898, -0.774580717087], "max": [-0.400521159172, -0.368502080441, -0.405957609415, -0.634314477444, -0.706090867519, -0.624931037426]}, "spectral_skewness": {"dmean": 0.440138220787, "dvar2": 0.511816322803, "mean": 2.58589673042, "var": 1.05296778679, "dmean2": 0.709906816483, "dvar": 0.201319932938, "min": 0.021657673642, "median": 2.51408624649, "max": 5.97716522217}, "spectral_energyband_middle_high": {"dmean": 0.000212845028727, "dvar2": 7.47863680317e-07, "mean": 0.000497727422044, "var": 7.31073157567e-07, "dmean2": 0.000352190167177, "dvar": 2.97676024275e-07, "min": 1.3399423214e-21, "median": 0.000189971775399, "max": 0.00639488920569}, "gfcc": {"icov": [[0.000370628928067, -0.000976105220616, 0.000689296226483, -0.000826971256174, 0.000953559938353, -0.000630108115729, 0.000868996372446, -0.000373103946913, -0.000244903058046, 0.000314650591463, -0.000300191924907, 0.000349877227563, 0.000264816684648], [-0.000976105220616, 0.00316587183625, -0.00197322340682, 0.00215845112689, -0.00157435541041, 0.00234206719324, -0.00212012720294, 0.00108910293784, 0.000960389792453, -0.000561721913982, 0.000864270259626, -0.000818822009023, -0.00014531245688], [0.000689296226483, -0.00197322340682, 0.00417399592698, -0.00178269052412, 0.000877925020177, -0.00195891829208, 0.00283326394856, -0.00182371842675, 0.000563152134418, -0.00129563943483, -8.79704020917e-05, 0.00077584706014, -0.000841900822707], [-0.000826971256174, 0.00215845112689, -0.00178269052412, 0.00703311385587, -0.00374953378923, 0.00116549606901, -0.00238223839551, 0.00361855933443, 0.0022639464587, -0.00321579747833, 0.00541558628902, -0.00476679671556, 0.00058000232093], [0.000953559938353, -0.00157435541041, 0.000877925020177, -0.00374953378923, 0.0128537788987, -0.00878005381674, 0.00537990359589, -0.00352977472357, 0.000247439777013, 0.00367604522035, -0.00304472632706, 0.00143710605334, -0.00063384626992], [-0.000630108115729, 0.00234206719324, -0.00195891829208, 0.00116549606901, -0.00878005381674, 0.0164217557758, -0.00564879504964, -0.000422465265729, 0.00100560777355, -0.00436706282198, 0.00136458280031, -0.000380405137548, 0.00252119940706], [0.000868996372446, -0.00212012720294, 0.00283326394856, -0.00238223839551, 0.00537990359589, -0.00564879504964, 0.0179014522582, -0.00517313741148, -0.00190657027997, 0.00593975698575, -0.00596939353272, 0.00947602186352, -0.00377565692179], [-0.000373103946913, 0.00108910293784, -0.00182371842675, 0.00361855933443, -0.00352977472357, -0.000422465265729, -0.00517313741148, 0.0215256344527, -0.00884347222745, -0.00653977226466, 0.00882013980299, -0.00572518073022, 0.00461058039218], [-0.000244903058046, 0.000960389792453, 0.000563152134418, 0.0022639464587, 0.000247439777013, 0.00100560777355, -0.00190657027997, -0.00884347222745, 0.0236873645335, -0.00414616661146, -0.00473886495456, 0.00255453679711, -0.00353456218727], [0.000314650591463, -0.000561721913982, -0.00129563943483, -0.00321579747833, 0.00367604522035, -0.00436706282198, 0.00593975698575, -0.00653977226466, -0.00414616661146, 0.0274267699569, -0.011469678022, 7.65204022173e-05, 0.000944346596953], [-0.000300191924907, 0.000864270259626, -8.79704020917e-05, 0.00541558628902, -0.00304472632706, 0.00136458280031, -0.00596939353272, 0.00882013980299, -0.00473886495456, -0.011469678022, 0.0314337611198, -0.0156502947211, 0.00198930199258], [0.000349877227563, -0.000818822009023, 0.00077584706014, -0.00476679671556, 0.00143710605334, -0.000380405137548, 0.00947602186352, -0.00572518073022, 0.00255453679711, 7.65204022173e-05, -0.0156502947211, 0.0355576202273, -0.0151304062456], [0.000264816684648, -0.00014531245688, -0.000841900822707, 0.00058000232093, -0.00063384626992, 0.00252119940706, -0.00377565692179, 0.00461058039218, -0.00353456218727, 0.000944346596953, 0.00198930199258, -0.0151304062456, 0.0266263391823]], "mean": [-202.54196167, 116.41443634, -74.0360031128, 9.92395305634, -66.9527740479, -17.3157634735, -25.9563655853, -0.00164606084581, -19.5398750305, 1.61695945263, -16.4044589996, 0.973925352097, -14.017416954], "cov": [[44702.3632813, 12837.5175781, -2410.5925293, -500.073394775, -3329.32739258, -2268.81884766, -46.9062309265, -845.899291992, -357.431671143, -726.556274414, -383.00592041, -501.786956787, -442.668365479], [12837.5175781, 4247.53759766, -518.607788086, -276.521270752, -986.295837402, -716.508422852, 2.92065429688, -249.375213623, -111.753219604, -215.105072021, -103.31703186, -146.673370361, -109.743713379], [-2410.5925293, -518.607788086, 583.982910156, 144.616760254, 257.942108154, 175.372360229, -71.0229034424, 66.5277404785, -6.04663419724, 89.0225524902, 12.125869751, 59.2129325867, 33.1849327087], [-500.073394775, -276.521270752, 144.616760254, 340.033477783, 152.943222046, 88.5832290649, -53.5986671448, -17.0375080109, -48.9223251343, 29.5930919647, -24.9718379974, 44.3181037903, 10.7386140823], [-3329.32739258, -986.295837402, 257.942108154, 152.943222046, 429.921508789, 266.213104248, -34.2014389038, 80.9212265015, 11.2518196106, 69.4431991577, 21.9885864258, 52.2318344116, 25.7877902985], [-2268.81884766, -716.508422852, 175.372360229, 88.5832290649, 266.213104248, 249.227813721, 4.55812168121, 70.5786437988, 17.8169784546, 58.4006919861, 14.6088838577, 23.5036697388, 5.99184894562], [-46.9062309265, 2.92065429688, -71.0229034424, -53.5986671448, -34.2014389038, 4.55812168121, 103.410865784, 16.3663806915, 20.470457077, -18.4858760834, 0.945850789547, -31.5991973877, -4.66549253464], [-845.899291992, -249.375213623, 66.5277404785, -17.0375080109, 80.9212265015, 70.5786437988, 16.3663806915, 99.6973724365, 41.7038269043, 34.1169929504, 3.23387169838, 4.99045181274, -3.25229549408], [-357.431671143, -111.753219604, -6.04663419724, -48.9223251343, 11.2518196106, 17.8169784546, 20.470457077, 41.7038269043, 72.7934417725, 21.7537879944, 19.9632415771, 1.78725612164, 6.49733734131], [-726.556274414, -215.105072021, 89.0225524902, 29.5930919647, 69.4431991577, 58.4006919861, -18.4858760834, 34.1169929504, 21.7537879944, 75.2543640137, 29.115978241, 27.6126422882, 9.55091381073], [-383.00592041, -103.31703186, 12.125869751, -24.9718379974, 21.9885864258, 14.6088838577, 0.945850789547, 3.23387169838, 19.9632415771, 29.115978241, 64.3911819458, 31.6899585724, 17.7015113831], [-501.786956787, -146.673370361, 59.2129325867, 44.3181037903, 52.2318344116, 23.5036697388, -31.5991973877, 4.99045181274, 1.78725612164, 27.6126422882, 31.6899585724, 70.7083206177, 35.8402175903], [-442.668365479, -109.743713379, 33.1849327087, 10.7386140823, 25.7877902985, 5.99184894562, -4.66549253464, -3.25229549408, 6.49733734131, 9.55091381073, 17.7015113831, 35.8402175903, 61.6914176941]]}, "erbbands_spread": {"dmean": 5.60104465485, "dvar2": 156.54637146, "mean": 24.0508956909, "var": 787.784606934, "dmean2": 9.06726741791, "dvar": 68.1450653076, "min": 1.12769126892, "median": 10.6780786514, "max": 158.374938965}, "erbbands_kurtosis": {"dmean": 4.23767900467, "dvar2": 92.8425292969, "mean": 9.90193462372, "var": 145.899002075, "dmean2": 6.76094913483, "dvar": 39.0065574646, "min": -1.72470664978, "median": 6.99764871597, "max": 104.725349426}, "dynamic_complexity": 11.0377368927, "erbbands_crest": {"dmean": 2.8122959137, "dvar2": 19.9210987091, "mean": 14.5027647018, "var": 62.5782394409, "dmean2": 4.49674272537, "dvar": 8.97362613678, "min": 2.21050930023, "median": 13.6221933365, "max": 32.4515457153}, "erbbands": {"dmean": [0.0103018097579, 0.069493599236, 0.261744052172, 1.52505207062, 1.46888685226, 2.81139063835, 7.07057094574, 11.7349443436, 16.8067092896, 20.5904464722, 20.7002925873, 31.5570278168, 5.63096666336, 2.37219786644, 2.14605665207, 1.39147484303, 1.44080662727, 0.919926941395, 0.771915495396, 0.614974498749, 0.512185633183, 0.621676206589, 0.565732300282, 0.530367732048, 0.532261252403, 0.475828438997, 0.350313574076, 0.243983060122, 0.156151920557, 0.10986199975, 0.0749057382345, 0.039387755096, 0.0135577274486, 0.00409656204283, 0.00184176955372, 0.0017245686613, 0.0010399777675, 0.000354230229277, 9.63033671724e-05, 7.67718120187e-06], "dvar2": [0.00266035227105, 0.142242372036, 0.796856045723, 26.0351886749, 17.2438011169, 61.913394928, 470.947814941, 1488.85375977, 6480.57275391, 8552.98242188, 9781.91796875, 19953.7207031, 1617.89501953, 133.345993042, 74.7394332886, 75.28956604, 57.1383934021, 49.9532203674, 36.0405426025, 22.7951011658, 12.2805099487, 18.9227085114, 15.3705730438, 10.5804700851, 12.3802213669, 13.3179445267, 7.50973701477, 1.43224680424, 0.569752216339, 0.398040145636, 0.400267750025, 0.1840351969, 0.0218473803252, 0.00169370626099, 0.000239977787714, 0.00048785484978, 0.00020543744904, 2.5430421374e-05, 1.31751312438e-06, 1.85258230978e-09], "mean": [0.0131362648681, 0.102983534336, 0.712664604187, 2.83347821236, 4.26044559479, 6.70126438141, 16.2578659058, 30.9485836029, 44.4365081787, 54.8265266418, 58.3844337463, 110.454170227, 19.9201908112, 5.98031377792, 5.48510551453, 2.87954235077, 3.00189590454, 1.02408182621, 0.668717384338, 0.555891931057, 0.597472310066, 0.797466397285, 0.621267139912, 0.559442937374, 0.539592504501, 0.466432660818, 0.362775236368, 0.270056813955, 0.172475114465, 0.117049433291, 0.0699518173933, 0.0337811931968, 0.0130168423057, 0.00525676831603, 0.00308715482242, 0.00233450182714, 0.00118019874208, 0.000369617453543, 7.34086206648e-05, 2.27871823881e-05], "var": [0.00118438457139, 0.0602990090847, 1.58219230175, 14.1388063431, 48.5045204163, 95.4686126709, 644.922119141, 3612.39233398, 10903.3164063, 18858.0898438, 24958.4140625, 93504, 8692.41992188, 304.73248291, 211.692092896, 100.423500061, 95.5438461304, 13.1277418137, 7.57692050934, 4.7482843399, 4.22133255005, 10.8495025635, 4.12415885925, 2.91416358948, 2.93765878677, 2.84583282471, 1.59106600285, 0.420403778553, 0.168070375919, 0.114515863359, 0.0982612594962, 0.0398051738739, 0.00482655782253, 0.000396214425564, 5.63690373383e-05, 9.5264193078e-05, 4.05540777138e-05, 4.77549656352e-06, 2.33903634239e-07, 8.55526760546e-10], "dmean2": [0.0178384780884, 0.114186272025, 0.431570351124, 2.73304438591, 2.4740126133, 4.6148891449, 11.4477014542, 18.0354442596, 27.1065006256, 31.5462760925, 31.0419216156, 44.2376213074, 8.14114665985, 3.69007110596, 3.3812391758, 2.3939230442, 2.32478666306, 1.6597571373, 1.43313157558, 1.13145172596, 0.904201507568, 1.08417725563, 1.01162469387, 0.93359541893, 0.950341045856, 0.857544481754, 0.629761993885, 0.426780432463, 0.271071106195, 0.190295219421, 0.13146057725, 0.0703381076455, 0.0242742765695, 0.00719099957496, 0.0032530229073, 0.003149590455, 0.00189961201977, 0.00065632147016, 0.000184181262739, 1.3009950635e-05], "dvar": [0.000943052058574, 0.0567243546247, 0.312216550112, 8.2910118103, 7.29777097702, 25.1297683716, 189.457717896, 677.60760498, 2581.84423828, 4198.23925781, 5402.53955078, 12711.7646484, 1171.50292969, 63.0187263489, 40.0192070007, 32.7090530396, 27.2482833862, 17.3336753845, 12.6189250946, 7.90080451965, 4.44891357422, 7.22160434723, 5.57788085938, 3.91374468803, 4.40517044067, 4.62400484085, 2.59838962555, 0.527014374733, 0.21198554337, 0.149367198348, 0.146443501115, 0.0652360767126, 0.00776309054345, 0.000606003275607, 8.46470575198e-05, 0.000167623278685, 7.10850217729e-05, 8.70517214935e-06, 4.45631002322e-07, 6.42339015311e-10], "min": [4.1687729908e-21, 1.2054314043e-20, 2.86252765687e-20, 7.95629940662e-20, 6.7795781166e-20, 4.90117373011e-20, 1.14829238484e-19, 3.4267792182e-19, 6.66271339342e-19, 1.35977677317e-18, 1.51186261419e-18, 3.64812747684e-18, 2.48628096218e-18, 2.00775842539e-18, 2.19897032297e-18, 7.42912580266e-18, 3.60983315038e-18, 8.34569816965e-18, 6.00223428292e-18, 3.83786740652e-18, 7.11856580476e-18, 9.56587146405e-18, 5.30210489014e-18, 6.96278453436e-18, 1.5313149657e-17, 1.69575367383e-17, 1.96674234384e-17, 1.8374796567e-17, 1.69949236476e-17, 2.07112294185e-17, 2.17848635315e-17, 1.48261867761e-17, 1.19979148138e-17, 1.27795119844e-17, 8.1813729507e-18, 4.45772471111e-18, 3.62767336825e-18, 1.22759020936e-18, 3.42052314783e-19, 4.29073964121e-20], "median": [0.00250199763104, 0.0428988151252, 0.366934686899, 1.33427906036, 2.67045593262, 3.42810368538, 8.08155059814, 12.3190574646, 13.7780799866, 10.7109775543, 3.86757922173, 3.70336103439, 2.77613258362, 1.63456559181, 1.24763417244, 0.49927431345, 0.404338896275, 0.22134360671, 0.19424945116, 0.176232099533, 0.181600123644, 0.202668443322, 0.203251987696, 0.202793195844, 0.201447740197, 0.192023918033, 0.156072318554, 0.117883764207, 0.0782102271914, 0.0488069653511, 0.0246352944523, 0.0110885119066, 0.00529583450407, 0.00321307242848, 0.00237205321901, 0.00160054955631, 0.000693018431775, 0.000204727810342, 2.81917782559e-05, 1.48652079588e-05], "max": [0.420064717531, 3.76366281509, 18.5451526642, 32.7297325134, 64.4984741211, 85.9325637817, 310.125335693, 648.8515625, 1059.66442871, 1351.77026367, 1663.88293457, 2272.5546875, 1299.92333984, 215.332122803, 171.895812988, 133.580001831, 101.369750977, 65.5909423828, 43.0863990784, 40.1063041687, 29.1133975983, 57.0763435364, 36.5829772949, 36.7846641541, 36.2244682312, 44.0223083496, 40.3918457031, 10.0725593567, 7.