{"lowlevel": {"spectral_strongpeak": {"max": 9.23105049133, "dmean": 0.538621306419, "dvar2": 1.25707709789, "dmean2": 0.924407422543, "var": 1.1460133791, "median": 0.584019243717, "min": 0, "dvar": 0.508061051369, "mean": 1.04243707657}, "barkbands_flatness_db": {"max": 0.441877961159, "dmean": 0.0218609925359, "dvar2": 0.000943780411035, "dmean2": 0.0339062921703, "var": 0.00298113562167, "median": 0.21567735076, "min": 0.0176371075213, "dvar": 0.000407223124057, "mean": 0.216331034899}, "barkbands_skewness": {"max": 7.15029764175, "dmean": 0.492598563433, "dvar2": 0.713088750839, "dmean2": 0.793343901634, "var": 1.09694468975, "median": 1.09191513062, "min": -2.1553170681, "dvar": 0.291887402534, "mean": 1.25859236717}, "spectral_energyband_middle_high": {"max": 0.0436656177044, "dmean": 0.000942106009461, "dvar2": 4.61594800072e-06, "dmean2": 0.0014080228284, "var": 1.62809283211e-05, "median": 0.00194510410074, "min": 1.28117039167e-21, "dvar": 2.24950258598e-06, "mean": 0.00325610325672}, "erbbands_kurtosis": {"max": 28.6050300598, "dmean": 1.41447412968, "dvar2": 6.73981189728, "dmean2": 2.3030693531, "var": 9.31699562073, "median": 2.29741644859, "min": -1.76815295219, "dvar": 2.6069560051, "mean": 2.90814733505}, "erbbands_crest": {"max": 31.0309009552, "dmean": 2.63232183456, "dvar2": 14.5368003845, "dmean2": 4.28372240067, "var": 19.6400623322, "median": 10.690662384, "min": 2.33182287216, "dvar": 5.76842975616, "mean": 11.4843797684}, "dynamic_complexity": 3.36592197418, "barkbands_crest": {"max": 23.334859848, "dmean": 2.45992016792, "dvar2": 14.9688167572, "dmean2": 4.14389848709, "var": 10.7009649277, "median": 8.77394866943, "min": 2.44545865059, "dvar": 5.39494180679, "mean": 9.43171882629}, "dissonance": {"max": 0.500000059605, "dmean": 0.035648457706, "dvar2": 0.0028345498722, "dmean2": 0.0605428293347, "var": 0.00290917465463, "median": 0.432686030865, "min": 0.173091545701, "dvar": 0.00103748298716, "mean": 0.420954406261}, "spectral_energyband_low": {"max": 0.146467491984, "dmean": 0.00789212714881, "dvar2": 0.000397297757445, "dmean2": 0.0133162215352, "var": 0.000197362576728, "median": 0.010854284279, "min": 2.01402752426e-23, "dvar": 0.000156566355145, "mean": 0.0143175469711}, "spectral_contrast_coeffs": {"max": [-0.276350319386, -0.403363287449, -0.432290911674, -0.518910348415, -0.529921591282, -0.628234982491], "dmean": [0.0527286529541, 0.0446547865868, 0.0377297103405, 0.026895198971, 0.0223721303046, 0.0173222534359], "dvar2": [0.00551713863388, 0.00362522853538, 0.00242227711715, 0.00124264985789, 0.000872207630891, 0.000673116359394], "dmean2": [0.0897108763456, 0.0748517736793, 0.0610406659544, 0.0435888394713, 0.0349990054965, 0.0281978584826], "var": [0.00582678848878, 0.00571209704503, 0.00537253031507, 0.00363879534416, 0.00368405506015, 0.00152192404494], "median": [-0.64291203022, -0.71224963665, -0.703999459743, -0.798737168312, -0.79482460022, -0.779797792435], "min": [-0.968872487545, -0.978716015816, -0.972839295864, -0.967346906662, -0.96716594696, -0.963413238525], "dvar": [0.00196208618581, 0.00133389839903, 0.000949843146373, 0.000511026591994, 0.000396726623876, 0.000262659857981], "mean": [-0.641510784626, -0.709720432758, -0.700467646122, -0.787910819054, -0.782166779041, -0.776407182217]}, "silence_rate_60dB": {"max": 1, "dmean": 0.000951135414653, "dvar2": 0.0026122762356, "dmean2": 0.00190249702428, "var": 0.0317329950631, "median": 0, "min": 0, "dvar": 0.000950264919084, "mean": 0.0328102707863}, "mfcc": {"icov": [[0.00021459684649, -0.00019198206428, 0.000253861973761, -0.000226334421313, 0.000421989534516, -0.000483463372802, 0.000352604605723, -0.000150367806782, 9.56309522735e-05, 0.00011695662397, -0.00015492636885, -9.7627096693e-05, -0.000105254657683], [-0.00019198206428, 0.00101933360565, -0.000409390660934, 0.000610592600424, -0.00059533980675, 0.0014163433807, -0.000155089845066, 0.000215270993067, -0.000392275338527, -6.84786064085e-05, 6.31050716038e-05, -0.000213567152969, 3.0924929888e-05], [0.000253861973761, -0.000409390660934, 0.00340896379203, -0.00124321575277, 0.00210546632297, -0.00144916702993, -0.000728098733816, 0.00155648717191, -0.00068999978248, -0.000587397196796, 0.000659948622342, 0.000499236455653, -0.00099105713889], [-0.000226334421313, 0.000610592600424, -0.00124321575277, 0.00543558690697, -0.00158121518325, 0.000638295605313, -0.000188098361832, -0.00051608949434, -1.67798461916e-05, -0.00129343080334, 0.00148933415767, 0.000368126813555, -0.000122970595839], [0.000421989534516, -0.00059533980675, 0.00210546632297, -0.00158121518325, 0.00676474766806, -0.00282973772846, 0.00124124425929, 0.000263423338765, -0.00114946567919, 0.0012820904376, -0.00136835558806, 0.00153800449334, -0.000817189808004], [-0.000483463372802, 0.0014163433807, -0.00144916702993, 0.000638295605313, -0.00282973772846, 0.0101464930922, -0.00159602216445, 0.00131131242961, 0.000532433739863, -0.00051760149654, -0.000938000855967, -0.000931886897888, 0.00215881713666], [0.000352604605723, -0.000155089845066, -0.000728098733816, -0.000188098361832, 0.00124124425929, -0.00159602216445, 0.00815181341022, -0.004297665786, 0.00202843407169, -0.0018548660446, 0.000736392801628, -0.00121576641686, 0.000438968854723], [-0.000150367806782, 0.000215270993067, 0.00155648717191, -0.00051608949434, 0.000263423338765, 0.00131131242961, -0.004297665786, 0.0110251326114, -0.00564020359889, 0.00449786521494, -0.00294688553549, -0.000124878555653, 0.000982125056908], [9.56309522735e-05, -0.000392275338527, -0.00068999978248, -1.67798461916e-05, -0.00114946567919, 0.000532433739863, 0.00202843407169, -0.00564020359889, 0.0138350063935, -0.00639519887045, 0.00606003543362, -0.00306337932125, 0.000393237452954], [0.00011695662397, -6.84786064085e-05, -0.000587397196796, -0.00129343080334, 0.0012820904376, -0.00051760149654, -0.0018548660446, 0.00449786521494, -0.00639519887045, 0.0149673344567, -0.00582569045946, 0.00564299756661, -0.000930545094889], [-0.00015492636885, 6.31050716038e-05, 0.000659948622342, 0.00148933415767, -0.00136835558806, -0.000938000855967, 0.000736392801628, -0.00294688553549, 0.00606003543362, -0.00582569045946, 0.0169460270554, -0.00641101319343, 0.00338008394465], [-9.7627096693e-05, -0.000213567152969, 0.000499236455653, 0.000368126813555, 0.00153800449334, -0.000931886897888, -0.00121576641686, -0.000124878555653, -0.00306337932125, 0.00564299756661, -0.00641101319343, 0.0189268887043, -0.00528859021142], [-0.000105254657683, 3.0924929888e-05, -0.00099105713889, -0.000122970595839, -0.000817189808004, 0.00215881713666, 0.000438968854723, 0.000982125056908, 0.000393237452954, -0.000930545094889, 0.00338008394465, -0.00528859021142, 0.0164023134857]], "cov": [[7309.31494141, 927.071899414, -542.233032227, -58.8302612305, -131.397338867, 74.2060470581, -263.643829346, 108.936515808, -90.0006256104, -169.249481201, 142.02444458, 147.706069946, 7.08555603027], [927.071899414, 1483.76135254, 4.3118929863, -110.96723175, -12.0472011566, -179.196807861, -58.4601554871, 5.08768558502, 58.6760940552, -14.5318346024, -16.8581447601, 30.7344436646, 37.9777183533], [-542.233032227, 4.3118929863, 569.678283691, 103.284347534, -129.100067139, 20.5206203461, 57.5965652466, -101.553138733, 32.4699172974, 89.6288299561, -68.3919067383, -40.8486442566, 32.3434829712], [-58.8302612305, -110.96723175, 103.284347534, 239.866577148, 19.9662780762, 14.9616422653, 9.38409042358, -13.5575428009, 21.5326309204, 35.4520149231, -32.0795516968, -25.1896247864, 7.44075679779], [-131.397338867, -12.0472011566, -129.100067139, 19.9662780762, 228.631408691, 34.2391586304, -36.6972160339, 7.69338464737, 3.53237557411, -17.0709266663, 16.9173526764, -7.88047742844, -8.14572143555], [74.2060470581, -179.196807861, 20.5206203461, 14.9616422653, 34.2391586304, 151.001861572, 17.19647789, -17.1435909271, -22.0296268463, 8.15375423431, 20.676990509, -1.15100681782, -19.0774803162], [-263.643829346, -58.4601554871, 57.5965652466, 9.38409042358, -36.6972160339, 17.19647789, 180.733566284, 56.7167358398, 2.61435317993, 12.8010034561, 2.55642056465, 7.37228250504, -7.8419713974], [108.936515808, 5.08768558502, -101.553138733, -13.5575428009, 7.69338464737, -17.1435909271, 56.7167358398, 171.417160034, 36.8498954773, -39.6537857056, 19.346906662, 27.5990524292, -12.911655426], [-90.0006256104, 58.6760940552, 32.4699172974, 21.5326309204, 3.53237557411, -22.0296268463, 2.61435317993, 36.8498954773, 120.733818054, 31.9223518372, -32.9535369873, -1.0524045229, 7.60220384598], [-169.249481201, -14.5318346024, 89.6288299561, 35.4520149231, -17.0709266663, 8.15375423431, 12.8010034561, -39.6537857056, 31.9223518372, 115.145133972, -0.0657416507602, -30.7613964081, 0.593056440353], [142.02444458, -16.8581447601, -68.3919067383, -32.0795516968, 16.9173526764, 20.676990509, 2.55642056465, 19.346906662, -32.9535369873, -0.0657416507602, 96.4662857056, 25.3938121796, -17.4402694702], [147.706069946, 30.7344436646, -40.8486442566, -25.1896247864, -7.88047742844, -1.15100681782, 7.37228250504, 27.5990524292, -1.0524045229, -30.7613964081, 25.3938121796, 78.3950195312, 14.4658441544], [7.08555603027, 37.9777183533, 32.3434829712, 7.44075679779, -8.14572143555, -19.0774803162, -7.8419713974, -12.911655426, 7.60220384598, 0.593056440353, -17.4402694702, 14.4658441544, 74.1485595703]], "mean": [-694.442993164, 184.050857544, 18.1595191956, 18.1821746826, -5.53457164764, -5.98872804642, -5.07379055023, 13.9930067062, 12.192653656, 0.599336147308, 0.103677161038, 1.25581777096, -1.21776294708]}, "melbands_spread": {"max": 168.336502075, "dmean": 2.70767450333, "dvar2": 40.9306869507, "dmean2": 4.42645168304, "var": 95.4248962402, "median": 10.5326900482, "min": 0.926946043968, "dvar": 16.0556945801, "mean": 12.1073150635}, "barkbands_kurtosis": {"max": 78.1834182739, "dmean": 2.6151638031, "dvar2": 50.1588859558, "dmean2": 4.27420759201, "var": 38.4922485352, "median": 2.28637719154, "min": -1.79887187481, "dvar": 19.9033603668, "mean": 4.14705610275}, "spectral_energyband_high": {"max": 0.00406603235751, "dmean": 4.29496758443e-05, "dvar2": 2.75888503154e-08, "dmean2": 6.45304826321e-05, "var": 3.89983370042e-08, "median": 3.51170237991e-05, "min": 7.7056559262e-21, "dvar": 1.28120891674e-08, "mean": 9.58394884947e-05}, "hfc": {"max": 75.6106338501, "dmean": 3.44256472588, "dvar2": 41.8803291321, "dmean2": 5.51755571365, "var": 95.4491348267, "median": 13.4206504822, "min": 1.12996974491e-16, "dvar": 17.1600818634, "mean": 14.9443397522}, "spectral_skewness": {"max": 9.58685302734, "dmean": 0.407534986734, "dvar2": 0.466267496347, "dmean2": 0.673728764057, "var": 1.03689730167, "median": 2.60700511932, "min": -0.0383025445044, "dvar": 0.176330894232, "mean": 2.79290175438}, "erbbands": {"max": [5.06601285934, 23.1381816864, 99.0546340942, 184.655929565, 287.069580078, 469.926849365, 292.358978271, 547.674194336, 996.45513916, 992.297851562, 1643.15063477, 1833.1751709, 1510.93273926, 1183.46850586, 545.422729492, 1058.42053223, 946.291442871, 449.102966309, 540.762573242, 307.497650146, 476.502441406, 248.986190796, 112.533561707, 94.2249832153, 82.6676483154, 67.8810653687, 37.1191749573, 54.1135673523, 60.4996948242, 49.7471389771, 32.1288414001, 7.20649194717, 3.74799823761, 4.03041648865, 2.68568015099, 2.17045497894, 0.865638256073, 0.110327199101, 0.00258920853958, 0.000188474718016], "dmean": [0.150321319699, 1.02903938293, 2.8389787674, 7.9761595726, 9.67730045319, 8.76201343536, 7.59178876877, 12.8586263657, 22.5588970184, 29.8937778473, 27.8586292267, 49.6279754639, 22.811384201, 17.201335907, 8.38860988617, 8.46186637878, 6.29297828674, 4.07639455795, 4.29557609558, 3.10127592087, 4.17138004303, 4.2111749649, 2.24607157707, 1.50797653198, 0.747878611088, 0.708830535412, 0.587550938129, 0.57266253233, 0.411345034838, 0.327741146088, 0.179670542479, 0.0874058455229, 0.0468798689544, 0.0354209244251, 0.0304065626115, 0.0219527445734, 0.00693810498342, 0.000821624009404, 2.08544388443e-05, 1.30888020067e-05], "dvar2": [0.37084197998, 8.97043228149, 67.0921020508, 392.052093506, 1145.28845215, 886.838012695, 460.761047363, 1807.97839355, 4642.34472656, 8586.83398438, 8344.33886719, 14962.3798828, 4260.63574219, 2247.47851562, 641.165039062, 1543.39978027, 949.165161133, 310.501220703, 594.698852539, 139.538116455, 315.289215088, 167.630752563, 55.3196029663, 26.0571861267, 13.3803253174, 11.2432870865, 7.55295133591, 7.00840234756, 2.99240994453, 2.05312299728, 0.749830245972, 0.0995180979371, 0.0243920814246, 0.0188959706575, 0.0186703894287, 0.0134619437158, 0.00131784309633, 1.6475773009e-05, 7.33097982319e-09, 6.624780724e-10], "dmean2": [0.260323822498, 1.74106693268, 4.90039730072, 13.9252710342, 16.9621639252, 14.9129962921, 12.457649231, 21.5303573608, 37.238910675, 48.8331031799, 44.5913200378, 77.5449829102, 35.8582763672, 26.3401546478, 13.1111268997, 13.1762466431, 9.38345813751, 6.10471534729, 6.52036333084, 4.67544126511, 6.44331932068, 6.2632060051, 3.36658596992, 2.31304430962, 1.19976758957, 1.19239199162, 0.958917379379, 0.926947057247, 0.624183654785, 0.517330884933, 0.285976231098, 0.132707327604, 0.070500254631, 0.0522296726704, 0.0452470332384, 0.035242240876, 0.0111068412662, 0.00130069430452, 3.28544520016e-05, 2.16946518776e-05], "var": [0.111650668085, 3.28741288185, 37.5099487305, 214.859542847, 369.969390869, 648.619628906, 652.865112305, 1978.2557373, 4336.76855469, 10371.8125, 8600.23632812, 17697.3164062, 5906.32177734, 5461.40429688, 974.498535156, 2277.09741211, 1711.90478516, 626.70489502, 545.150878906, 236.863372803, 558.542907715, 360.808044434, 105.641365051, 52.6761360168, 10.1176404953, 5.5389752388, 4.6195936203, 6.87172317505, 4.87724924088, 2.74240517616, 0.910963833332, 0.150390028954, 0.0408818125725, 0.0286075696349, 0.0145722767338, 0.00763084553182, 0.000766428944189, 1.0340380868e-05, 5.13816811321e-09, 6.22243034876e-10], "median": [0.0874962508678, 1.13004422188, 2.99493741989, 7.95599079132, 8.44385623932, 6.70361232758, 7.40002202988, 12.532623291, 22.3272094727, 28.315530777, 31.0639038086, 65.9906082153, 35.0373725891, 20.2002849579, 10.659488678, 5.2777929306, 2.85211372375, 1.55403614044, 1.81515097618, 1.99944067001, 2.81494641304, 3.23094081879, 1.62171697617, 1.03031229973, 0.525556087494, 0.464931726456, 0.33959800005, 0.325188219547, 0.225031852722, 0.180067747831, 0.0986243113875, 0.0622696280479, 0.0420651994646, 0.0303962007165, 0.0159993376583, 0.00312942871824, 0.00047536729835, 3.88522239518e-05, 2.07476805372e-05, 3.99575656047e-05], "min": [2.45803655947e-22, 7.56117497856e-22, 5.10527473015e-21, 7.81492293083e-21, 2.23699687555e-20, 8.86460769646e-20, 1.43487078827e-19, 2.73317224795e-19, 1.03243191063e-19, 3.02367394317e-19, 3.12625907329e-19, 4.58080474017e-19, 5.05175226711e-19, 1.25987620604e-18, 1.11021555518e-18, 2.21338001603e-18, 2.3319966819e-18, 3.08969474338e-18, 4.59657814387e-18, 4.66555218566e-18, 4.66885139553e-18, 6.47448079361e-18, 7.39108376629e-18, 9.34828160391e-18, 9.4551599565e-18, 8.2487335767e-18, 1.14023025866e-17, 1.57538317827e-17, 1.26884923385e-17, 1.27335108162e-17, 1.16239208163e-17, 1.46526889513e-17, 1.28400177647e-17, 9.66551612218e-18, 7.7100826608e-18, 4.9720912586e-18, 2.79109619073e-18, 1.31254620776e-18, 3.0173625551e-19, 3.16414097266e-20], "dvar": [0.140802204609, 3.39295220375, 24.1479167938, 141.123703003, 401.726257324, 337.951171875, 172.519195557, 628.719421387, 1817.5559082, 3251.44946289, 3408.01586914, 6261.14892578, 1800.79992676, 1117.47546387, 279.293151855, 651.567810059, 472.5574646, 152.683456421, 255.125015259, 69.6163787842, 136.406448364, 79.3838348389, 25.7285137177, 12.0821695328, 5.3073592186, 4.36259126663, 2.90411114693, 2.8708012104, 1.48279464245, 0.990799486637, 0.344566583633, 0.0453610494733, 0.0119112320244, 0.00978295318782, 0.00816510710865, 0.00552939716727, 0.000547777104657, 7.04575495547e-06, 3.19221338252e-09, 2.5925395164e-10], "mean": [0.169475927949, 1.58013808727, 4.8167886734, 12.4635210037, 13.945734024, 14.1856689453, 16.9247188568, 29.0523967743, 43.5294570923, 62.9920425415, 59.746963501, 110.98097229, 55.3017845154, 42.4086685181, 20.0409164429, 18.0642795563, 13.3898878098, 8.77200698853, 7.96549034119, 6.88504457474, 9.98760986328, 10.457447052, 5.53984165192, 3.49919342995, 1.43897891045, 1.22700369358, 1.04438710213, 1.05163323879, 0.834205687046, 0.64276766777, 0.347883701324, 0.192906543612, 0.105272606015, 0.0749038606882, 0.0500312708318, 0.0239957608283, 0.00686939246953, 0.000812931568362, 3.57840035576e-05, 4.31820881204e-05]}, "spectral_contrast_valleys": {"max": [-5.23695898056, -4.50588512421, -5.36298274994, -6.19459342957, -6.33038663864, -8.85578250885], "dmean": [0.375187426805, 0.323892325163, 0.301305115223, 0.288666814566, 0.262117892504, 0.247317910194], "dvar2": [0.262882202864, 0.21374809742, 0.180438742042, 0.178381875157, 0.174891486764, 0.173075735569], "dmean2": [0.630414485931, 0.544007837772, 0.489110350609, 0.45043900609, 0.388119488955, 0.346939653158], "var": [1.51743650436, 1.70521867275, 1.57823705673, 1.34788632393, 1.21206116676, 1.11779665947], "median": [-6.63935136795, -6.14691114426, -7.11790847778, -8.36783218384, -8.58743000031, -11.2569656372], "min": [-27.4343128204, -27.8816738129, -27.3009872437, -27.3426876068, -27.4163913727, -27.3199748993], "dvar": [0.114303141832, 0.0972165167332, 0.0854891911149, 0.0922411680222, 0.0974822863936, 0.0977914333344], "mean": [-6.84340333939, -6.38622426987, -7.32102870941, -8.4969329834, -8.70257949829, -11.3509340286]}, "average_loudness": 0.903526842594, "erbbands_spread": {"max": 110.856201172, "dmean": 4.21702098846, "dvar2": 59.1371498108, "dmean2": 6.68396854401, "var": 155.987442017, "median": 15.9244880676, "min": 2.28016328812, "dvar": 25.5438690186, "mean": 19.3382530212}, "melbands_flatness_db": {"max": 0.526842296124, "dmean": 0.0237939581275, "dvar2": 0.00125296483748, "dmean2": 0.0378692895174, "var": 0.00410926993936, "median": 0.299106031656, "min": 0.00641017081216, "dvar": 0.000514653744176, "mean": 0.299289524555}, "barkbands_spread": {"max": 101.565177917, "dmean": 2.17050504684, "dvar2": 21.9617233276, "dmean2": 3.49792456627, "var": 63.4696846008, "median": 8.47834587097, "min": 1.03784072399, "dvar": 8.76555728912, "mean": 10.0149211884}, "spectral_decrease": {"max": 1.70533079892e-28, "dmean": 3.02817415587e-09, "dvar2": 3.63678161941e-17, "dmean2": 5.04549690916e-09, "var": 3.25023383259e-17, "median": -8.88083739881e-09, "min": -4.38249898593e-08, "dvar": 1.42102399678e-17, "mean": -9.69071223267e-09}, "melbands_crest": {"max": 31.6557846069, "dmean": 3.1277244091, "dvar2": 22.9498558044, "dmean2": 5.27797222137, "var": 19.6217975616, "median": 12.0339918137, "min": 1.91909813881, "dvar": 8.41478919983, "mean": 12.8286685944}, "erbbands_flatness_db": {"max": 0.434122204781, "dmean": 0.0190269369632, "dvar2": 0.000718462979421, "dmean2": 0.026822866872, "var": 0.00274205417372, "median": 0.217961043119, "min": 0.0558987408876, "dvar": 0.000378768134397, "mean": 0.21965071559}, "melbands_kurtosis": {"max": 186.845947266, "dmean": 4.2015171051, "dvar2": 160.766937256, "dmean2": 6.90037918091, "var": 143.46496582, "median": 3.31254577637, "min": -1.6004357338, "dvar": 62.2945137024, "mean": 7.10719919205}, "spectral_rms": {"max": 0.0128058772534, "dmean": 0.000894155993592, "dvar2": 2.35801667259e-06, "dmean2": 0.00146996742114, "var": 3.70851375919e-06, "median": 0.00583706377074, "min": 3.1792179566e-12, "dvar": 9.48378612975e-07, "mean": 0.00577033869922}, "melbands_skewness": {"max": 11.0086374283, "dmean": 0.582996428013, "dvar2": 1.01127827168, "dmean2": 0.944806516171, "var": 1.65550625324, "median": 1.43642735481, "min": -1.40980064869, "dvar": 0.404357641935, "mean": 1.70957195759}, "barkbands": {"max": [0.0111267399043, 0.128115534782, 0.115391694009, 0.0894455611706, 0.0908227488399, 0.0480091534555, 0.07319111377, 0.0557250119746, 0.0608034431934, 0.041450239718, 0.0212971847504, 0.0263021532446, 0.0190463978797, 0.0108197312802, 0.0100295934826, 0.010291736573, 0.00436254078522, 0.00194279220887, 0.00172530999407, 0.00156110990793, 0.000990960979834, 0.0017739336472, 0.00117399182636, 0.000188457692275, 0.00039206063957, 0.000446257530712, 1.99985206564e-05], "dmean": [0.000241034809733, 0.00470114545897, 0.0031223136466, 0.00320292753167, 0.00256185885519, 0.00142530421726, 0.00199359306134, 0.00115976110101, 0.00199240841903, 0.000580929860007, 0.000298231490888, 0.000215024570934, 0.000132856861455, 8.60631262185e-05, 7.29139574105e-05, 7.36772562959e-05, 8.28328993521e-05, 3.9549817302e-05, 2.1454097805e-05, 1.5964231352e-05, 1.36877997647e-05, 1.1337894648e-05, 7.25574227545e-06, 3.25071459883e-06, 3.59200885214e-06, 4.28260545959e-06, 1.1074485684e-07], "dvar2": [9.18141438433e-07, 0.000230139281484, 7.98448672867e-05, 7.28355371393e-05, 6.75986957503e-05, 1.7862783352e-05, 3.70768466382e-05, 1.34083957164e-05, 2.25368748943e-05, 2.71410317509e-06, 8.29725763651e-07, 8.94588140454e-07, 4.21175457177e-07, 2.25283855571e-07, 1.34823764597e-07, 9.88899060417e-08, 6.51415277275e-08, 1.72274923216e-08, 8.18466983077e-09, 5.69329072775e-09, 3.85185483509e-09, 2.46164377771e-09, 1.13434128757e-09, 1.11144891901e-10, 2.22419346829e-10, 4.98153296391e-10, 4.09021286892e-13], "dmean2": [0.000401111174142, 0.00794424675405, 0.00538148498163, 0.00560780381784, 0.00440692808479, 0.00238181767054, 0.00326781766489, 0.00188025017269, 0.00311151403002, 0.000892794574611, 0.000465871358756, 0.000335140677635, 0.000199700705707, 0.000128922067233, 0.000110930959636, 0.000113522110041, 0.000125655453303, 6.01298597758e-05, 3.39038997481e-05, 2.67474988505e-05, 2.21697937377e-05, 1.7311071133e-05, 1.15411612569e-05, 4.87506713398e-06, 5.22848949913e-06, 6.90131173542e-06, 1.82044288977e-07], "var": [3.25483370034e-07, 7.91711427155e-05, 4.21909680881e-05, 4.22803386755e-05, 3.51997514372e-05, 2.30302157433e-05, 3.59252771887e-05, 1.31945744215e-05, 2.53240559687e-05, 5.37432470082e-06, 1.78638492798e-06, 1.38445591347e-06, 7.22634581507e-07, 2.53892210367e-07, 1.26423302049e-07, 1.83377338203e-07, 1.24101958932e-07, 2.91664044028e-08, 1.17501466335e-08, 2.76263723009e-09, 3.12571368788e-09, 3.88094623105e-09, 1.37307831771e-09, 1.97015181946e-10, 2.43430609004e-10, 2.8234334315e-10, 3.22459723853e-13], "median": [7.2477167123e-05, 0.00451834360138, 0.002618819708, 0.0026532439515, 0.00217143120244, 0.00145879935008, 0.00193354778457, 0.000975278788246, 0.00276512443088, 0.000623307947535, 0.000260907836491, 0.000125674385345, 4.6496912546e-05, 2.65523267444e-05, 3.54050425813e-05, 3.84033264709e-05, 5.95235542278e-05, 2.46013350989e-05, 1.13321802928e-05, 9.65813342191e-06, 8.20840159577e-06, 6.37343782728e-06, 3.81553309126e-06, 2.78226093542e-06, 2.54551650869e-06, 3.74141222892e-07, 2.33409624961e-09], "min": [2.64709889255e-24, 4.3968282735e-24, 4.04783936447e-24, 1.75185536109e-24, 2.08735656302e-23, 3.14725272033e-23, 5.27983065586e-24, 1.47758175609e-23, 2.01494418063e-23, 1.20865181598e-23, 3.35362441294e-23, 4.80073294558e-23, 4.55443763365e-23, 6.07316306135e-23, 9.2918973082e-23, 6.97184287091e-23, 1.03592393658e-22, 1.43893328309e-22, 1.826126284e-22, 2.08702555698e-22, 3.60879983741e-22, 3.5451262668e-22, 4.91474278392e-22, 8.39783201939e-22, 1.07153029057e-21, 1.57635441788e-21, 2.1771696645e-21], "dvar": [3.5777446783e-07, 8.82679742062e-05, 2.8509493859e-05, 2.58476502495e-05, 2.48139549512e-05, 6.27085682936e-06, 1.38736995723e-05, 5.38228232472e-06, 9.23438165046e-06, 1.30816772526e-06, 4.09490183984e-07, 3.83551594041e-07, 1.99710683546e-07, 9.82665895322e-08, 6.00392056072e-08, 4.60304683259e-08, 2.9972174076e-08, 7.8553101801e-09, 3.47878859053e-09, 2.16977635858e-09, 1.51967349815e-09, 1.24162435888e-09, 5.10207598392e-10, 5.37050924565e-11, 1.05946772189e-10, 2.05348002491e-10, 1.81262136919e-13], "mean": [0.000254092650721, 0.0066499216482, 0.00467657018453, 0.0048096999526, 0.00403335178271, 0.00331175583415, 0.00397907895967, 0.00218903832138, 0.0044620311819, 0.00131695019081, 0.000664730381686, 0.000438210030552, 0.000261756882537, 0.000154101944645, 0.000132402739837, 0.00016191812756, 0.000194852531422, 9.00661761989e-05, 4.18369490944e-05, 2.67296290986e-05, 2.52039571933e-05, 2.33583432419e-05, 1.38613477247e-05, 7.52742380428e-06, 6.86972498443e-06, 4.35463698523e-06, 1.06652144893e-07]}, "spectral_kurtosis": {"max": 135.964828491, "dmean": 4.93135881424, "dvar2": 104.691085815, "dmean2": 8.33153629303, "var": 137.315887451, "median": 10.8436317444, "min": -1.23940455914, "dvar": 38.7488136292, "mean": 14.1469192505}, "erbbands_skewness": {"max": 3.62124443054, "dmean": 0.336491793394, "dvar2": 0.232367277145, "dmean2": 0.540437281132, "var": 0.422443658113, "median": 0.747852325439, "min": -2.53874540329, "dvar": 0.0949664786458, "mean": 0.739839196205}, "melbands": {"max": [0.0407353527844, 0.0367758497596, 0.0302476603538, 0.0247251838446, 0.00896015577018, 0.0110113108531, 0.015383134596, 0.0092685976997, 0.0140078421682, 0.0102066947147, 0.0074129588902, 0.00536204082891, 0.00254291296005, 0.00360876461491, 0.00316664320417, 0.00129423115868, 0.000756065070163, 0.00118341308553, 0.000442905700766, 0.000554973550607, 0.000636473647319, 0.000337849574862, 0.000210006648558, 0.000103910198959, 8.80005609361e-05, 7.87820245023e-05, 8.39083513711e-05, 5.57785533601e-05, 2.72722008958e-05, 2.93294888252e-05, 4.15075519413e-05, 3.31825867761e-05, 3.56451637344e-05, 2.71751086984e-05, 2.55374161497e-05, 5.53317613594e-06, 3.64476954928e-06, 2.1212520096e-06, 3.76421371584e-06, 3.7467148104e-06], "dmean": [0.00131628173403, 0.00135864620097, 0.0013624682324, 0.000659260724206, 0.000268963165581, 0.000287053058855, 0.000365780899301, 0.000300884625176, 0.000248687836574, 0.000305270485114, 0.000113143323688, 7.28707454982e-05, 3.44550680893e-05, 2.4522178137e-05, 1.81886171049e-05, 1.22699502754e-05, 7.7622516983e-06, 7.4881781984e-06, 4.81710003442e-06, 4.5793267418e-06, 5.37723963134e-06, 5.12489395987e-06, 2.95626023217e-06, 1.8846843659e-06, 1.2845839592e-06, 7.08684126494e-07, 5.26856297256e-07, 5.08248945152e-07, 4.11470807649e-07, 3.67073425878e-07, 3.56917979616e-07, 2.63753918262e-07, 2.08283509551e-07, 1.88085593322e-07, 1.25663405015e-07, 6.48562306083e-08, 5.31778923119e-08, 3.69077888251e-08, 3.01157534466e-08, 3.27751372708e-08], "dvar2": [2.24022605835e-05, 1.34822066684e-05, 1.18139105325e-05, 4.75464821648e-06, 5.15431963777e-07, 8.20242007649e-07, 1.20169534057e-06, 7.70572341935e-07, 5.73922591229e-07, 5.52698281808e-07, 1.05834843112e-07, 4.10214155977e-08, 1.07375468517e-08, 1.25735057921e-08, 7.27915416832e-09, 3.52709217388e-09, 1.26332522221e-09, 2.16907447559e-09, 4.41179037747e-10, 3.66132402174e-10, 5.03842023658e-10, 2.6471186354e-10, 1.01828621923e-10, 3.85064133357e-11, 2.10945635959e-11, 1.26669516889e-11, 9.24876581571e-12, 5.86689074059e-12, 3.68858849714e-12, 3.3272455971e-12, 2.79424552073e-12, 1.47152743549e-12, 8.52074107886e-13, 7.19397035432e-13, 4.52434449497e-13, 6.29380851906e-14, 3.74992869872e-14, 1.47933948484e-14, 1.49185304138e-14, 1.57036012069e-14], "dmean2": [0.00223928317428, 0.00231511704624, 0.00237980135716, 0.00114104244858, 0.000443823519163, 0.000480836024508, 0.000604368222412, 0.000493392522912, 0.000392659858335, 0.000477661233163, 0.000176940317033, 0.000111385401397, 5.39806860615e-05, 3.80687633879e-05, 2.7300666261e-05, 1.84035034181e-05, 1.15729444587e-05, 1.14327021947e-05, 7.24208894098e-06, 7.07450999471e-06, 8.40078064357e-06, 7.73130159359e-06, 4.51733194495e-06, 2.86697559204e-06, 1.98476254809e-06, 1.14260899409e-06, 8.86408940914e-07, 8.62630201937e-07, 6.78185983816e-07, 6.05242348684e-07, 5.8167233874e-07, 4.11488514374e-07, 3.26300465758e-07, 3.03994966089e-07, 2.05183596336e-07, 1.01983495426e-07, 8.25650019465e-08, 5.67066109625e-08, 4.56538131743e-08, 4.9668681612e-08], "var": [7.26011694496e-06, 6.94525897416e-06, 6.24341646471e-06, 2.25554981625e-06, 6.88732711751e-07, 9.47068940604e-07, 1.13306998628e-06, 9.37754236929e-07, 6.17746820808e-07, 6.32654632682e-07, 1.49408393213e-07, 9.73520286607e-08, 1.77210246477e-08, 1.41538309961e-08, 1.50123167231e-08, 6.23633900076e-09, 2.27304686184e-09, 1.79026760083e-09, 5.11548858828e-10, 6.40677566555e-10, 8.48813741516e-10, 5.22596910191e-10, 1.60154056683e-10, 6.83660628109e-11, 3.93908065888e-11, 1.27680704551e-11, 3.30958372687e-12, 2.73066031592e-12, 2.01533841698e-12, 2.00652602173e-12, 2.84481856475e-12, 1.88778940396e-12, 1.07025055051e-12, 8.32780296545e-13, 4.63769268214e-13, 7.89674112233e-14, 4.89264695652e-14, 2.05456464152e-14, 2.13257925587e-14, 2.09642111342e-14], "median": [0.00108669314068, 0.00178366247565, 0.00146607833449, 0.000553113524802, 0.000287426228169, 0.000287056202069, 0.000376534851966, 0.000298958504573, 0.000281859160168, 0.000404945923947, 0.000148496881593, 7.96060194261e-05, 3.7777426769e-05, 1.64807679539e-05, 8.56177030073e-06, 4.46590502179e-06, 2.48624064625e-06, 2.49574759437e-06, 2.57713327301e-06, 2.4850085083e-06, 3.0576111385e-06, 3.55189649781e-06, 1.82367921298e-06, 1.0994965578e-06, 7.25234940546e-07, 3.31093701789e-07, 3.24810230268e-07, 2.8038630262e-07, 2.05668271747e-07, 1.78884278057e-07, 1.83603063419e-07, 1.30895472239e-07, 1.03166151177e-07, 9.23878644699e-08, 5.84128159176e-08, 3.91846306513e-08, 3.50685382955e-08, 2.91568493793e-08, 2.40682673791e-08, 2.56688235112e-08], "min": [2.56462723199e-24, 1.94846296728e-24, 1.54025121327e-24, 3.56410985739e-24, 5.09252076151e-24, 5.8330978573e-24, 1.6242393603e-24, 5.05891331479e-24, 2.60905272273e-24, 2.64403850666e-24, 2.35645472772e-24, 4.68147492608e-24, 3.71648938529e-24, 5.10904739747e-24, 5.73582972997e-24, 3.39361256108e-24, 5.12197998315e-24, 6.14624447667e-24, 7.63015376497e-24, 5.81336607948e-24, 5.44150888167e-24, 5.19485692573e-24, 5.31344717447e-24, 7.91038082433e-24, 6.61735457585e-24, 8.07393456695e-24, 6.44233947314e-24, 3.84148084584e-24, 6.39645261757e-24, 7.35883136751e-24, 8.56851801123e-24, 6.84207698749e-24, 6.91090273489e-24, 6.46463347118e-24, 5.48559319007e-24, 8.62224259432e-24, 9.2391641655e-24, 8.78563304273e-24, 9.23427401675e-24, 6.6795779519e-24], "dvar": [8.59931242303e-06, 4.927334885e-06, 4.2252872845e-06, 1.73994169472e-06, 1.94397756559e-07, 2.88165779239e-07, 4.60632634258e-07, 2.93530064255e-07, 2.36347929672e-07, 2.28232508448e-07, 4.4953910816e-08, 2.02854781861e-08, 4.74315209331e-09, 5.22904120004e-09, 3.59729712684e-09, 1.68389091559e-09, 6.23864682137e-10, 9.03499108862e-10, 2.09989817201e-10, 1.7571052946e-10, 2.16900733485e-10, 1.21962995259e-10, 4.67362953893e-11, 1.80820497464e-11, 9.66822108484e-12, 5.08023874704e-12, 3.39182349741e-12, 2.25468775594e-12, 1.40315699598e-12, 1.24183107374e-12, 1.16743919219e-12, 6.75894778514e-13, 3.99121165805e-13, 3.28617666932e-13, 1.99743325179e-13, 2.78108885612e-14, 1.64610146802e-14, 6.78972547267e-15, 7.15664151069e-15, 7.85840576639e-15], "mean": [0.00170924642589, 0.00244117481634, 0.00220586033538, 0.00101800833363, 0.00059161381796, 0.000653457653243, 0.000720676558558, 0.000625458953436, 0.000529858807568, 0.000675455783494, 0.000257703097304, 0.00017265106726, 7.88614634075e-05, 4.91404607601e-05, 3.78935947083e-05, 2.47848038271e-05, 1.4966191884e-05, 1.27857329062e-05, 9.24643245526e-06, 9.81560970104e-06, 1.20888062156e-05, 1.19966252896e-05, 6.39157133264e-06, 4.2113138079e-06, 2.74520675703e-06, 1.26893007746e-06, 8.12950702311e-07, 8.16000522263e-07, 6.68344455335e-07, 6.0461280782e-07, 6.23187304427e-07, 4.92444485189e-07, 3.99125781314e-07, 3.40530192489e-07, 2.19721698613e-07, 1.31803702175e-07, 1.09290667183e-07, 7.56493747645e-08, 6.09631527482e-08, 6.44643520786e-08]}, "spectral_centroid": {"max": 11290.4892578, "dmean": 95.121421814, "dvar2": 46363.015625, "dmean2": 152.266265869, "var": 197625.234375, "median": 560.150756836, "min": 196.70892334, "dvar": 26450.6542969, "mean": 643.835144043}, "pitch_salience": {"max": 0.854891657829, "dmean": 0.0699111893773, "dvar2": 0.0106277773157, "dmean2": 0.117642298341, "var": 0.00992529746145, "median": 0.579432964325, "min": 0.149931371212, "dvar": 0.00379910436459, "mean": 0.573181927204}, "gfcc": {"icov": [[0.000206775395782, -0.000863167748321, 0.000446096615633, -0.000517378502991, 0.000607746478636, -0.000388126878534, 0.000329271133523, -0.000352151750121, 0.000283505476546, -0.000705337326508, 0.000920046528336, -0.000788095581811, 0.000869695155416], [-0.000863167748321, 0.00736584793776, -0.00279997754842, 0.00438969302922, -0.00393298175186, 0.00343200773932, -0.00275311479345, 0.00359380291775, -0.00380279263481, 0.00614224979654, -0.00680481316522, 0.00587165076286, -0.00512004457414], [0.000446096615633, -0.00279997754842, 0.00358967483044, -0.00174505903851, 0.00200289022177, -0.000949750770815, 0.000123634104966, -0.0011163483141, 0.0024280201178, -0.00444692047313, 0.00388449989259, -0.00172271684278, 0.000885787070729], [-0.000517378502991, 0.00438969302922, -0.00174505903851, 0.00601707911119, -0.00267918594182, 0.001404465409, -0.00187163450755, 0.00253666914068, -0.00182741379831, 0.00327886734158, -0.00335940462537, 0.00425003422424, -0.00358257791959], [0.000607746478636, -0.00393298175186, 0.00200289022177, -0.00267918594182, 0.00689476309344, -0.00286086951382, 0.00253384048119, -0.00256036734208, 0.000673017988447, -0.00222270027734, 0.00428329547867, -0.00371380406432, 0.00387139711529], [-0.000388126878534, 0.00343200773932, -0.000949750770815, 0.001404465409, -0.00286086951382, 0.00931200478226, -0.00240954244509, 0.000264446542133, 0.000316058867611, 0.00129623862449, -0.00374929374084, 0.00244339532219, -0.00162422144786], [0.000329271133523, -0.00275311479345, 0.000123634104966, -0.00187163450755, 0.00253384048119, -0.00240954244509, 0.0083686998114, -0.00477578723803, 0.00164029398002, -0.000435316294897, 0.00125454552472, -0.00130534439813, 0.00215271604247], [-0.000352151750121, 0.00359380291775, -0.0011163483141, 0.00253666914068, -0.00256036734208, 0.000264446542133, -0.00477578723803, 0.0127804894, -0.00323258433491, 0.0037953555584, -0.0016950200079, 0.000341187347658, -0.00297784339637], [0.000283505476546, -0.00380279263481, 0.0024280201178, -0.00182741379831, 0.000673017988447, 0.000316058867611, 0.00164029398002, -0.00323258433491, 0.0127812577412, -0.00516576180235, 0.00255573564209, -0.0010727084009, -0.00121856597252], [-0.000705337326508, 0.00614224979654, -0.00444692047313, 0.00327886734158, -0.00222270027734, 0.00129623862449, -0.000435316294897, 0.0037953555584, -0.00516576180235, 0.0156485885382, -0.00597268575802, 0.00228080479428, -0.000642545928713], [0.000920046528336, -0.00680481316522, 0.00388449989259, -0.00335940462537, 0.00428329547867, -0.00374929374084, 0.00125454552472, -0.0016950200079, 0.00255573564209, -0.00597268575802, 0.0166220683604, -0.00467263022438, 0.00229280441999], [-0.000788095581811, 0.00587165076286, -0.00172271684278, 0.00425003422424, -0.00371380406432, 0.00244339532219, -0.00130534439813, 0.000341187347658, -0.0010727084009, 0.00228080479428, -0.00467263022438, 0.0157400481403, -0.00236076884903], [0.000869695155416, -0.00512004457414, 0.000885787070729, -0.00358257791959, 0.00387139711529, -0.00162422144786, 0.00215271604247, -0.00297784339637, -0.00121856597252, -0.000642545928713, 0.00229280441999, -0.00236076884903, 0.0166332852095]], "cov": [[11753.4414062, 547.318725586, -649.209411621, -96.8876342773, -150.288360596, -29.1936378479, -165.191436768, -64.5277709961, 65.4053878784, 68.4128189087, -139.596496582, 198.979141235, -335.491455078], [547.318725586, 1223.33288574, -44.6971893311, -203.53894043, 20.1168041229, -183.286560059, 78.2496566772, -63.662147522, 185.885604858, -218.571578979, 186.490066528, -206.225830078, 212.582641602], [-649.209411621, -44.6971893311, 616.552490234, 45.3681221008, -92.863609314, 2.06030845642, 55.6011734009, -8.07178688049, -59.4654426575, 105.326942444, -56.4277687073, -11.6931419373, 16.129070282], [-96.8876342773, -203.53894043, 45.3681221008, 316.936767578, 15.385269165, 31.337266922, 10.5003671646, -7.65928840637, -18.420173645, 12.3271522522, -21.5358905792, -18.4957351685, 4.47958135605], [-150.288360596, 20.1168041229, -92.863609314, 15.385269165, 260.568206787, 32.0160751343, -34.3135566711, 20.7732963562, 19.2326602936, -19.1397018433, -15.0286188126, 20.2751045227, -21.432559967], [-29.1936378479, -183.286560059, 2.06030845642, 31.337266922, 32.0160751343, 165.726119995, 26.3939819336, 29.5248336792, -39.7182617188, 27.020236969, -9.11203956604, 27.5729427338, -34.3482398987], [-165.191436768, 78.2496566772, 55.6011734009, 10.5003671646, -34.3135566711, 26.3939819336, 191.894897461, 55.7688865662, -7.5443611145, -31.8711280823, 17.746969223, -19.2098789215, 20.780620575], [-64.5277709961, -63.662147522, -8.07178688049, -7.65928840637, 20.7732963562, 29.5248336792, 55.7688865662, 122.139564514, 3.93264222145, -12.5038690567, -11.2935361862, 22.7008304596, -0.161685362458], [65.4053878784, 185.885604858, -59.4654426575, -18.420173645, 19.2326602936, -39.7182617188, -7.5443611145, 3.93264222145, 131.909957886, -17.5582904816, 27.9899578094, -30.7031497955, 47.0938453674], [68.4128189087, -218.571578979, 105.326942444, 12.3271522522, -19.1397018433, 27.020236969, -31.8711280823, -12.5038690567, -17.5582904816, 153.059677124, -26.4078521729, 43.3005561829, -50.4198036194], [-139.596496582, 186.490066528, -56.4277687073, -21.5358905792, -15.0286188126, -9.11203956604, 17.746969223, -11.2935361862, 27.9899578094, -26.4078521729, 124.962402344, -28.331533432, 41.1440544128], [198.979141235, -206.225830078, -11.6931419373, -18.4957351685, 20.2751045227, 27.5729427338, -19.2098789215, 22.7008304596, -30.7031497955, 43.3005561829, -28.331533432, 128.099517822, -51.2115325928], [-335.491455078, 212.582641602, 16.129070282, 4.47958135605, -21.432559967, -34.3482398987, 20.780620575, -0.161685362458, 47.0938453674, -50.4198036194, 41.1440544128, -51.2115325928, 130.683380127]], "mean": [-50.9220123291, 158.859054565, -100.163551331, 18.4197769165, -64.0994796753, 8.138463974, -26.3008518219, 16.7377185822, -11.6376953125, -9.95315361023, -16.9518146515, -7.09316396713, -3.20081925392]}, "spectral_flux": {"max": 0.319790333509, "dmean": 0.027104113251, "dvar2": 0.00213297200389, "dmean2": 0.043133046478, "var": 0.00228428095579, "median": 0.0802234113216, "min": 6.56889542761e-11, "dvar": 0.000944857951254, "mean": 0.088202111423}, "zerocrossingrate": {"max": 0.521484375, "dmean": 0.00402177497745, "dvar2": 8.39410276967e-05, "dmean2": 0.00531425327063, "var": 0.000662349688355, "median": 0.02490234375, "min": 0.00341796875, "dvar": 4.56907437183e-05, "mean": 0.0287513025105}, "spectral_energyband_middle_low": {"max": 0.118823923171, "dmean": 0.00731238443404, "dvar2": 0.000241784728132, "dmean2": 0.0122886486351, "var": 0.000271133962087, "median": 0.0199046060443, "min": 1.76587005883e-22, "dvar": 8.78441787791e-05, "mean": 0.023195894435}, "silence_rate_20dB": {"max": 1, "dmean": 0, "dvar2": 0, "dmean2": 0, "var": 0, "median": 1, "min": 1, "dvar": 0, "mean": 1}, "silence_rate_30dB": {"max": 1, "dmean": 0.00856021884829, "dvar2": 0.0234861113131, "dmean2": 0.0171224735677, "var": 0.00661334767938, "median": 1, "min": 0, "dvar": 0.00848688557744, "mean": 0.99334281683}, "spectral_entropy": {"max": 9.82080078125, "dmean": 0.167377278209, "dvar2": 0.0597439482808, "dmean2": 0.253249526024, "var": 0.238436445594, "median": 6.76313257217, "min": 5.33349990845, "dvar": 0.0275893379003, "mean": 6.75727319717}, "spectral_rolloff": {"max": 19035.3515625, "dmean": 142.018051147, "dvar2": 387176.25, "dmean2": 247.30821228, "var": 919549.4375, "median": 667.529296875, "min": 86.1328125, "dvar": 145056.609375, "mean": 723.610534668}, "spectral_complexity": {"max": 36, "dmean": 1.83260011673, "dvar2": 7.8500957489, "dmean2": 3.01260399818, "v