{"tonal": {"chords_key": "A#", "hpcp_entropy": {"dmean": 0.788045108318, "dmean2": 1.3117787838, "max": 4.77003526688, "dvar": 0.552622437477, "mean": 2.2095541954, "dvar2": 1.27599024773, "min": 0, "var": 1.18712413311, "median": 2.19335889816}, "key_key": "F#", "chords_strength": {"dmean": 0.0116615630686, "dmean2": 0.014094972983, "max": 0.764021039009, "dvar": 0.000414136506151, "mean": 0.438858270645, "dvar2": 0.000757289584726, "min": -1, "var": 0.0174201335758, "median": 0.447426021099}, "key_scale": "minor", "chords_number_rate": 0.00230984995142, "thpcp": [1, 0.768968701363, 0.449855208397, 0.589675962925, 0.692498862743, 0.529244840145, 0.481646895409, 0.528788149357, 0.554083645344, 0.545022010803, 0.46593734622, 0.398099154234, 0.416085511446, 0.439366132021, 0.436867594719, 0.453958451748, 0.478449553251, 0.462821602821, 0.484383553267, 0.577144265175, 0.560326635838, 0.525833427906, 0.528597354889, 0.526391088963, 0.628457665443, 0.726276874542, 0.650244951248, 0.607750654221, 0.671640992165, 0.572229266167, 0.395270198584, 0.327134907246, 0.395607799292, 0.474116712809, 0.446085989475, 0.683219671249], "key_strength": 0.374088525772, "tuning_nontempered_energy_ratio": 0.880881428719, "tuning_frequency": 434.193115234, "chords_changes_rate": 0.0881042703986, "tuning_diatonic_strength": 0.311035007238, "chords_scale": "minor", "chords_histogram": [2.87081336975, 3.86074900627, 1.45190560818, 0.923939943314, 0, 0.49496781826, 0, 11.4337568283, 23.0819988251, 14.156080246, 9.30539512634, 0, 0, 0, 1.53440022469, 7.02854299545, 0.725952804089, 1.40240883827, 0, 0, 2.39234447479, 1.20442175865, 16.3339385986, 1.79838311672], "tuning_equal_tempered_deviation": 0.226221576333, "hpcp": {"dmean": [0.12249661237, 0.127527043223, 0.133977904916, 0.142811074853, 0.139047041535, 0.13518640399, 0.131161212921, 0.149704888463, 0.17249751091, 0.17206390202, 0.182860314846, 0.177595630288, 0.174973666668, 0.173684448004, 0.170788288116, 0.164974316955, 0.161675646901, 0.149061709642, 0.128754734993, 0.0984812006354, 0.108431942761, 0.124760717154, 0.121531128883, 0.163218975067, 0.233682870865, 0.184931665659, 0.121224090457, 0.150558099151, 0.168761491776, 0.141115128994, 0.141467705369, 0.140092670918, 0.159386023879, 0.158805534244, 0.134316265583, 0.12570297718], "dmean2": [0.211613088846, 0.218454346061, 0.22160191834, 0.241086244583, 0.238033622503, 0.23451590538, 0.219875946641, 0.254005670547, 0.301327824593, 0.30798509717, 0.331544369459, 0.318970382214, 0.305919140577, 0.301039218903, 0.289937913418, 0.280452370644, 0.277320474386, 0.249017655849, 0.210119768977, 0.167627617717, 0.172274336219, 0.198597460985, 0.204978659749, 0.284874767065, 0.414218008518, 0.31934517622, 0.203380167484, 0.251825630665, 0.288989275694, 0.23525954783, 0.237995430827, 0.232530206442, 0.254318326712, 0.248143032193, 0.226796329021, 0.218925103545], "max": [1, 1, 1, 1, 1, 1, 1, 1, 1, 1, 1, 1, 1, 1, 1, 1, 1, 1, 1, 1, 1, 1, 1, 1, 1, 1, 1, 1, 1, 1, 1, 1, 1, 1, 1, 1], "dvar": [0.0396338775754, 0.0461396723986, 0.0418759323657, 0.0471496582031, 0.0502521879971, 0.0440823547542, 0.0372117906809, 0.0515482500196, 0.0630125552416, 0.0584804490209, 0.0697171315551, 0.0599388182163, 0.0555371381342, 0.056844368577, 0.0515419244766, 0.0498802512884, 0.0547236613929, 0.046696126461, 0.0403904877603, 0.0286580398679, 0.0309888776392, 0.0396453142166, 0.0373224504292, 0.0417133532465, 0.0944994837046, 0.056910417974, 0.0340404883027, 0.0402254648507, 0.051073141396, 0.0391222015023, 0.0462617091835, 0.0474925115705, 0.0509928874671, 0.0521415695548, 0.0423080660403, 0.0390901081264], "mean": [0.140565633774, 0.148430496454, 0.147586420178, 0.153360202909, 0.161633998156, 0.156354427338, 0.163638681173, 0.194975912571, 0.189294442534, 0.177641645074, 0.178575366735, 0.177830040455, 0.212311044335, 0.245357200503, 0.219671413302, 0.205315619707, 0.226899623871, 0.193315476179, 0.133533626795, 0.110515572131, 0.133647680283, 0.16017024219, 0.15070065856, 0.230811238289, 0.337828725576, 0.259779721498, 0.151974007487, 0.199209481478, 0.23394601047, 0.178794115782, 0.162714153528, 0.178639829159, 0.187185361981, 0.184124097228, 0.157407015562, 0.134489327669], "dvar2": [0.100676566362, 0.118630595505, 0.105036355555, 0.118431717157, 0.121951639652, 0.111677631736, 0.0914916098118, 0.121743015945, 0.164345994592, 0.156725585461, 0.190248325467, 0.157091006637, 0.135552585125, 0.132130458951, 0.128269791603, 0.124490745366, 0.131303712726, 0.108262211084, 0.103554137051, 0.0751540437341, 0.0686098262668, 0.0872322246432, 0.0887482091784, 0.0947978943586, 0.208884641528, 0.127335011959, 0.0815163776278, 0.0970084220171, 0.121253214777, 0.0963028818369, 0.11395867914, 0.115312464535, 0.11854878068, 0.114547967911, 0.104233540595, 0.104154989123], "min": [0, 0, 0, 0, 0, 0, 0, 0, 0, 0, 0, 0, 0, 0, 0, 0, 0, 0, 0, 0, 0, 0, 0, 0, 0, 0, 0, 0, 0, 0, 0, 0, 0, 0, 0, 0], "var": [0.0505028553307, 0.0563874468207, 0.0558926537633, 0.0629365295172, 0.066428385675, 0.0566990561783, 0.0532744824886, 0.0794266536832, 0.0769664794207, 0.0704466477036, 0.0776346176863, 0.0667831525207, 0.0727271437645, 0.0943455174565, 0.0730792731047, 0.0675044357777, 0.0951702296734, 0.0739125534892, 0.0485994666815, 0.0332482904196, 0.0506965816021, 0.0679198503494, 0.057530477643, 0.061978623271, 0.15000371635, 0.0903222262859, 0.0511210523546, 0.0669295564294, 0.0879382938147, 0.0572906285524, 0.0614006817341, 0.0728171467781, 0.0783870220184, 0.0804532021284, 0.0554211586714, 0.0442275032401], "median": [0.0223795678467, 0.0237568356097, 0.0172559674829, 0.0147140016779, 0.012577871792, 0.0143593624234, 0.0278885122389, 0.035093460232, 0.027288435027, 0.0156759079546, 0.0123572135344, 0.0282791536301, 0.0817343816161, 0.106782592833, 0.0785377025604, 0.0612522773445, 0.0523042455316, 0.0357329286635, 0.0143123725429, 0.00836170185357, 0.00860341452062, 0.0180169530213, 0.0192087385803, 0.134159877896, 0.139218255877, 0.0999203175306, 0.0155930761248, 0.0598604157567, 0.0727760568261, 0.0543486364186, 0.0205238796771, 0.0182372443378, 0.0183268077672, 0.0269855037332, 0.0241070687771, 0.0189624428749]}}, "lowlevel": {"melbands_flatness_db": {"dmean": 0.0504449903965, "dmean2": 0.0714113265276, "max": 0.966551184654, "dvar": 0.00352040026337, "mean": 0.246864587069, "dvar2": 0.00662639318034, "min": 0.00257355254143, "var": 0.0187808983028, "median": 0.243199557066}, "melbands_crest": {"dmean": 3.62496876717, "dmean2": 5.74942445755, "max": 39.9044380188, "dvar": 18.9741516113, "mean": 15.577088356, "dvar2": 42.0115242004, "min": 1.51071214676, "var": 64.6717605591, "median": 15.4703111649}, "spectral_entropy": {"dmean": 0.311837613583, "dmean2": 0.453914999962, "max": 9.8195772171, "dvar": 0.136782869697, "mean": 7.43910121918, "dvar2": 0.283343136311, "min": 3.22009348869, "var": 0.586931526661, "median": 7.48053359985}, "melbands": {"dmean": [0.00164812582079, 0.00145161245018, 0.000604069966357, 0.000133202280267, 7.27096776245e-05, 5.77897299081e-05, 3.83482401958e-05, 6.9860034273e-05, 7.11192187737e-05, 7.61436967878e-05, 4.16657239839e-05, 5.80122723477e-05, 3.57212629751e-05, 2.78238203464e-05, 3.01786421915e-05, 4.63827454951e-05, 2.26694119192e-05, 2.01282109629e-05, 1.99566165975e-05, 2.09357494896e-05, 1.63845179486e-05, 1.82088460861e-05, 1.75368240889e-05, 1.47517275764e-05, 1.07253072201e-05, 5.9619910644e-06, 3.07048526338e-06, 3.00510646412e-06, 2.8666347589e-06, 2.61695322479e-06, 2.36667233366e-06, 2.66205915977e-06, 1.3399475165e-06, 1.07275423034e-06, 7.56419069603e-07, 8.50942171837e-07, 4.81315225898e-07, 5.02899297317e-07, 4.22898438046e-07, 2.33843152841e-07], "dmean2": [0.00263442238793, 0.00231799320318, 0.000984198064543, 0.000219511042815, 0.000108369720692, 8.80159714143e-05, 6.0164667957e-05, 0.0001180019608, 0.000111309127533, 0.000123642195831, 6.43090752419e-05, 0.000102411795524, 5.96227655478e-05, 4.28286948591e-05, 4.5426091674e-05, 7.91927741375e-05, 3.37366327585e-05, 3.11764306389e-05, 3.17031772283e-05, 3.34954311256e-05, 2.37871736317e-05, 2.52674308285e-05, 2.64108002739e-05, 2.27479758905e-05, 1.74100186996e-05, 9.21803348319e-06, 4.64488630314e-06, 4.52086214864e-06, 4.44993065685e-06, 4.07988409279e-06, 3.73847478841e-06, 4.41624661107e-06, 2.07332163882e-06, 1.6736427142e-06, 1.17142303679e-06, 1.42313251672e-06, 7.1799553325e-07, 7.51119273446e-07, 5.90594027017e-07, 3.34471565111e-07], "max": [0.0560672134161, 0.0412468351424, 0.0176350921392, 0.00688055856153, 0.00376173271798, 0.00371784414165, 0.00140866241418, 0.0045478688553, 0.00340654957108, 0.00211844476871, 0.00113023805898, 0.00105845998041, 0.000783815747127, 0.00102550373413, 0.000763276126236, 0.00190567539539, 0.00077233533375, 0.000543841277249, 0.000483104842715, 0.000579776358791, 0.00040536627057, 0.000560469168704, 0.000439590221504, 0.00040398031706, 0.000259074528003, 0.000212378101423, 9.48995439103e-05, 8.7844702648e-05, 9.61042533163e-05, 0.000108554806502, 8.86415364221e-05, 0.000144518067827, 5.10278914589e-05, 3.86840147257e-05, 1.86532579391e-05, 4.0261875256e-05, 1.03043903437e-05, 1.91312119568e-05, 1.58744296641e-05, 9.18097612157e-06], "dvar": [1.82298335858e-05, 1.38846044138e-05, 2.83429631054e-06, 1.42609749787e-07, 2.98779134766e-08, 2.19359854725e-08, 6.50112230716e-09, 4.06985805057e-08, 2.39033077776e-08, 4.18206376196e-08, 6.53265042061e-09, 1.81466841553e-08, 7.99036747878e-09, 3.88422982667e-09, 5.88907989041e-09, 3.53799158859e-08, 3.56479623598e-09, 2.71833688892e-09, 2.68101874035e-09, 2.98916735808e-09, 1.76187153755e-09, 2.9862587958e-09, 2.41302489101e-09, 1.87428472742e-09, 9.04911867661e-10, 3.2640581904e-10, 7.77435615884e-11, 8.08869776714e-11, 8.53185161409e-11, 8.62878102303e-11, 6.9569322525e-11, 1.1227691693e-10, 1.83333122988e-11, 1.04512648536e-11, 3.94302125672e-12, 7.98240987199e-12, 1.1531683811e-12, 2.52647490602e-12, 1.82248226926e-12, 5.29574702233e-13], "mean": [0.0026275399141, 0.00222051329911, 0.000840624794364, 0.000183356823982, 0.000123469217215, 9.13470285013e-05, 5.95589735894e-05, 7.93316794443e-05, 9.73124988377e-05, 8.46444745548e-05, 5.82027787459e-05, 5.82794527872e-05, 4.68463040306e-05, 4.9179107009e-05, 4.45639598183e-05, 4.40587027697e-05, 3.27226043737e-05, 2.83552471956e-05, 2.75316961051e-05, 2.3317123123e-05, 1.94724325411e-05, 2.01391212613e-05, 1.80593142431e-05, 1.51867516252e-05, 1.19027918117e-05, 7.05644106347e-06, 3.99491545977e-06, 3.70649627257e-06, 2.83514623334e-06, 2.35331503973e-06, 2.00335398404e-06, 2.02046521736e-06, 1.36411688345e-06, 1.13997271001e-06, 7.66473647218e-07, 7.54820177917e-07, 5.64423487504e-07, 6.61576905259e-07, 5.95339940901e-07, 3.43663032254e-07], "dvar2": [4.70663289889e-05, 3.61396378139e-05, 7.55341488912e-06, 3.51671133103e-07, 6.05522956221e-08, 4.47473489373e-08, 1.41082461269e-08, 1.10605576253e-07, 5.73595251296e-08, 1.09066355947e-07, 1.55929793522e-08, 5.21051859437e-08, 2.05006447374e-08, 9.16080811209e-09, 1.18280940598e-08, 9.85762227401e-08, 7.92910093139e-09, 6.13968653695e-09, 5.95556626237e-09, 7.07486913498e-09, 3.53555251742e-09, 5.98751670466e-09, 5.20405096793e-09, 4.18585388573e-09, 1.89025839425e-09, 7.84620202143e-10, 1.38935654648e-10, 1.52576715151e-10, 2.13052478437e-10, 2.16028195332e-10, 1.76280309794e-10, 2.97275315475e-10, 4.06374309203e-11, 2.12702650632e-11, 7.83102575841e-12, 2.19214386227e-11, 2.37066074237e-12, 5.6601060644e-12, 3.59561967873e-12, 1.06321537945e-12], "min": [1.29000747501e-24, 1.14877248095e-24, 1.39653653355e-24, 1.79976820868e-24, 1.79589095733e-24, 2.10025913254e-24, 2.39673041566e-24, 2.38192329926e-24, 3.54281376839e-24, 1.97455828881e-24, 2.49291583141e-24, 1.44857620836e-24, 1.25269356534e-24, 2.53966471473e-24, 2.59234997357e-24, 3.42508574462e-24, 3.29218970058e-24, 2.22217324671e-24, 2.40820065044e-24, 3.10522414401e-24, 3.78991774164e-24, 4.67494158006e-24, 3.66956359991e-24, 4.23893184686e-24, 4.31715766081e-24, 3.44283353727e-24, 4.49055914853e-24, 2.33244850708e-24, 5.29150500839e-24, 4.89027536364e-24, 4.24636133887e-24, 6.05022393286e-24, 5.88234289374e-24, 5.51225392765e-24, 5.3326310884e-24, 5.93416671648e-24, 6.13774134497e-24, 5.60763312755e-24, 5.90030762314e-24, 6.32537427786e-24], "var": [2.18146524276e-05, 1.78113659786e-05, 3.64542779607e-06, 2.12320031778e-07, 7.35690548481e-08, 5.07272694961e-08, 1.34925768336e-08, 3.60625165285e-08, 3.61330378951e-08, 4.31549587177e-08, 1.02008081981e-08, 1.60746331801e-08, 1.07833626473e-08, 8.82083472931e-09, 1.17501040009e-08, 2.69952309395e-08, 7.08497704949e-09, 4.8818309395e-09, 4.54889459434e-09, 3.68754049518e-09, 2.54194021387e-09, 3.99667854367e-09, 2.94942448242e-09, 2.17133622193e-09, 1.24413679359e-09, 4.20143669855e-10, 1.30802937925e-10, 1.2619778833e-10, 8.62260332579e-11, 7.69228292175e-11, 5.94128982123e-11, 8.30643887006e-11, 2.18078419906e-11, 1.37052652213e-11, 4.89559651498e-12, 5.67924960532e-12, 1.70579327573e-12, 3.85044557003e-12, 3.48382347276e-12, 1.10039711718e-12], "median": [0.00058044877369, 0.000433078530477, 0.000203933246667, 5.1993476518e-05, 4.00802891818e-05, 3.37286146532e-05, 2.76567880064e-05, 2.6613859518e-05, 2.42602345679e-05, 1.63439508469e-05, 1.54276567628e-05, 9.63681122812e-06, 7.82584902481e-06, 7.49357423047e-06, 5.19081186212e-06, 4.33695549873e-06, 3.68637165593e-06, 2.8152521736e-06, 3.00917690765e-06, 2.95140307571e-06, 2.38824554799e-06, 1.67425514519e-06, 1.32979971568e-06, 1.12341899694e-06, 8.27950088933e-07, 6.0401691826e-07, 3.78753611585e-07, 2.92392996926e-07, 1.95869915842e-07, 1.42465495401e-07, 1.08905759078e-07, 7.45381640854e-08, 6.38319548329e-08, 5.77953542802e-08, 4.74814640938e-08, 3.91599002114e-08, 2.84549415142e-08, 2.29183783063e-08, 1.5921921559e-08, 1.01930224261e-08]}, "silence_rate_60dB": {"dmean": 0.0874659642577, "dmean2": 0.174946367741, "max": 1, "dvar": 0.0798083394766, "mean": 0.302227735519, "dvar2": 0.163488611579, "min": 0, "var": 0.210867017508, "median": 0}, "spectral_energyband_middle_high": {"dmean": 0.00230108015239, "dmean2": 0.00320750055835, "max": 0.0533599816263, "dvar": 3.06807705783e-05, "mean": 0.003503119573, "dvar2": 5.67278439121e-05, "min": 1.22608220256e-21, "var": 6.40117796138e-05, "median": 0.000710354594048}, "erbbands_skewness": {"dmean": 0.432214081287, "dmean2": 0.703623831272, "max": 7.17418193817, "dvar": 0.375770151615, "mean": 0.276903927326, "dvar2": 0.990819334984, "min": -5.81093931198, "var": 0.632494330406, "median": 0.189262911677}, "dynamic_complexity": 5.25996160507, "dissonance": {"dmean": 0.0237577613443, "dmean2": 0.0389817431569, "max": 0.500000298023, "dvar": 0.00131352909375, "mean": 0.457164883614, "dvar2": 0.00319968094118, "min": 0.0431973226368, "var": 0.00257380492985, "median": 0.474945425987}, "spectral_skewness": {"dmean": 0.475736349821, "dmean2": 0.750041484833, "max": 26.3855438232, "dvar": 0.682581305504, "mean": 2.01316833496, "dvar2": 1.44703757763, "min": -0.0965519025922, "var": 1.70422971249, "median": 1.86353325844}, "spectral_kurtosis": {"dmean": 5.59560775757, "dmean2": 8.84498882294, "max": 915.731140137, "dvar": 594.30871582, "mean": 10.1767168045, "dvar2": 1464.42651367, "min": -1.25097978115, "var": 830.338684082, "median": 6.21840000153}, "gfcc": {"cov": [[53578.5585938, 6341.93261719, -2704.15405273, 1410.0994873, -1562.75402832, 826.219421387, -1069.26342773, 459.738189697, -663.831359863, 23.7337341309, -642.014831543, -188.481262207, -425.923126221], [6341.93261719, 6126.26855469, 283.157470703, 1048.16992188, 412.314758301, 142.643463135, 174.037994385, -89.6781387329, 115.208999634, -129.494567871, 139.173721313, -117.384590149, 207.349258423], [-2704.15405273, 283.157470703, 3755.22314453, 1028.21777344, 623.093261719, 628.043273926, 114.179740906, 139.033721924, 128.898178101, 94.3213348389, 27.3247432709, -55.0790786743, 91.9278488159], [1410.0994873, 1048.16992188, 1028.21777344, 1117.74829102, 210.235824585, 379.439178467, 88.4272613525, 28.5561923981, 109.367683411, 6.78375530243, 29.611164093, 17.1947841644, 36.6190757751], [-1562.75402832, 412.314758301, 623.093261719, 210.235824585, 458.21383667, 36.2923774719, 163.437026978, 14.6518859863, 65.3075485229, -41.1441078186, 61.8132362366, -39.7255706787, 43.0604743958], [826.219421387, 142.643463135, 628.043273926, 379.439178467, 36.2923774719, 409.26953125, 21.5530872345, 86.2685317993, 37.3328895569, 53.5493087769, -29.9902210236, 20.3577537537, 42.6894569397], [-1069.26342773, 174.037994385, 114.179740906, 88.4272613525, 163.437026978, 21.5530872345, 245.920455933, -50.5174942017, 113.832298279, -16.3521709442, 49.7316703796, -0.936195611954, 46.5713920593], [459.738189697, -89.6781387329, 139.033721924, 28.5561923981, 14.6518859863, 86.2685317993, -50.5174942017, 185.105331421, -27.6896324158, 35.4000244141, 0.25727212429, 15.1523075104, -3.92198371887], [-663.831359863, 115.208999634, 128.898178101, 109.367683411, 65.3075485229, 37.3328895569, 113.832298279, -27.6896324158, 156.54246521, 4.21703863144, 55.5244865417, 3.01464128494, 29.3648872375], [23.7337341309, -129.494567871, 94.3213348389, 6.78375530243, -41.1441078186, 53.5493087769, -16.3521709442, 35.4000244141, 4.21703863144, 111.11013031, -6.32251644135, 23.1081905365, 5.26370763779], [-642.014831543, 139.173721313, 27.3247432709, 29.611164093, 61.8132362366, -29.9902210236, 49.7316703796, 0.25727212429, 55.5244865417, -6.32251644135, 128.005355835, 14.1153726578, 20.6003799438], [-188.481262207, -117.384590149, -55.0790786743, 17.1947841644, -39.7255706787, 20.3577537537, -0.936195611954, 15.1523075104, 3.01464128494, 23.1081905365, 14.1153726578, 95.4482116699, 7.85573148727], [-425.923126221, 207.349258423, 91.9278488159, 36.6190757751, 43.0604743958, 42.6894569397, 46.5713920593, -3.92198371887, 29.3648872375, 5.26370763779, 20.6003799438, 7.85573148727, 92.6943206787]], "mean": [-147.669952393, 83.3513870239, -115.415481567, 13.6963567734, -36.4045181274, 6.75817537308, -23.3143157959, 9.14667129517, -10.8894548416, -4.68654584885, -7.65832567215, -4.89722299576, -7.49002313614], "icov": [[3.6376335629e-05, -4.76059431094e-05, 3.32347117364e-05, -3.80999226763e-05, 0.000109504995635, -8.81899977685e-05, 2.67506111413e-05, -8.70790681802e-05, 6.26643959549e-05, 1.23442055155e-06, 8.60949221533e-05, 8.78217761056e-05, 0.000181851006346], [-4.76059431094e-05, 0.000311373558361, 4.57306377939e-05, -0.000266452901997, -0.000286117661744, 0.000188717705896, 6.21106446488e-05, 0.000177944253664, 1.83987376658e-05, 7.30381289031e-05, -0.000271518540103, 0.000264495844021, -0.000805075629614], [3.32347117364e-05, 4.57306377939e-05, 0.000607138790656, -0.000330585113261, -0.000722060038242, -0.00063641986344, 0.000499709451105, 6.18722842773e-05, -5.99824343226e-05, -0.000448089587735, 2.78819898085e-05, 0.00047184820869, -4.27637532994e-05], [-3.80999226763e-05, -0.000266452901997, -0.000330585113261, 0.00206970307045, -0.000349486334017, -0.0013827845687, 0.000115574606752, 0.000508175406139, -0.00077155866893, 0.000426001992309, -0.000210034486372, -0.00103057548404, 0.00104804255534], [0.000109504995635, -0.000286117661744, -0.000722060038242, -0.000349486334017, 0.00519126653671, 0.000943151535466, -0.00311198318377, -0.00172326283064, 0.00119417638052, 0.00145634787623, -0.000610059243627, 0.00139674462844, 0.000198225636268], [-8.81899977685e-05, 0.000188717705896, -0.00063641986344, -0.0013827845687, 0.000943151535466, 0.00575113296509, -0.00091854436323, -0.00196942104958, -0.000587908376474, -0.000736170157325, 0.00172738498077, -0.000445487588877, -0.00247662840411], [2.67506111413e-05, 6.21106446488e-05, 0.000499709451105, 0.000115574606752, -0.00311198318377, -0.00091854436323, 0.00888699106872, 0.00197730096988, -0.00477466685697, 7.40519317333e-06, 0.000157327012857, -0.000677165808156, -0.00153532694094], [-8.70790681802e-05, 0.000177944253664, 6.18722842773e-05, 0.000508175406139, -0.00172326283064, -0.00196942104958, 0.00197730096988, 0.00768395140767, 0.000758752867114, -0.00163747160695, -0.00152136560064, -0.000929544097744, 0.000248427706538], [6.26643959549e-05, 1.83987376658e-05, -5.99824343226e-05, -0.00077155866893, 0.00119417638052, -0.000587908376474, -0.00477466685697, 0.000758752867114, 0.0118126105517, -0.000992757384665, -0.00363819510676, 0.00112885143608, -0.000214820785914], [1.23442055155e-06, 7.30381289031e-05, -0.000448089587735, 0.000426001992309, 0.00145634787623, -0.000736170157325, 7.40519317333e-06, -0.00163747160695, -0.000992757384665, 0.0113420272246, 0.000339119229466, -0.00194077705964, -0.000532573321834], [8.60949221533e-05, -0.000271518540103, 2.78819898085e-05, -0.000210034486372, -0.000610059243627, 0.00172738498077, 0.000157327012857, -0.00152136560064, -0.00363819510676, 0.000339119229466, 0.0111677227542, -0.00204440089874, -0.000772616651375], [8.78217761056e-05, 0.000264495844021, 0.00047184820869, -0.00103057548404, 0.00139674462844, -0.000445487588877, -0.000677165808156, -0.000929544097744, 0.00112885143608, -0.00194077705964, -0.00204440089874, 0.0130938822404, -0.00129447435029], [0.000181851006346, -0.000805075629614, -4.27637532994e-05, 0.00104804255534, 0.000198225636268, -0.00247662840411, -0.00153532694094, 0.000248427706538, -0.000214820785914, -0.000532573321834, -0.000772616651375, -0.00129447435029, 0.0152631020173]]}, "spectral_complexity": {"dmean": 4.03350114822, "dmean2": 5.29080724716, "max": 62, "dvar": 42.1617507935, "mean": 11.8264026642, "dvar2": 67.5529785156, "min": 0, "var": 170.770889282, "median": 8}, "spectral_flux": {"dmean": 0.0334351621568, "dmean2": 0.0488511286676, "max": 0.342122018337, "dvar": 0.00198430428281, "mean": 0.0659089833498, "dvar2": 0.00394665263593, "min": 6.25757085038e-11, "var": 0.00400259112939, "median": 0.0435126274824}, "spectral_energyband_low": {"dmean": 0.00806017871946, "dmean2": 0.0124705443159, "max": 0.209873765707, "dvar": 0.000369651854271, "mean": 0.0140976784751, "dvar2": 0.000919592916034, "min": 1.37938908378e-23, "var": 0.000529890006874, "median": 0.00438343826681}, "spectral_decrease": {"dmean": 2.85055867799e-09, "dmean2": 4.22947987744e-09, "max": 6.15963183237e-11, "dvar": 2.86756188325e-17, "mean": -5.37167821335e-09, "dvar2": 6.88152396534e-17, "min": -5.81353845064e-08, "var": 4.62564196187e-17, "median": -3.90371779346e-09}, "barkbands_spread": {"dmean": 8.46535491943, "dmean2": 13.2858285904, "max": 166.432998657, "dvar": 261.433685303, "mean": 16.3710365295, "dvar2": 657.697021484, "min": 0.0885531231761, "var": 326.917999268, "median": 11.9841804504}, "spectral_rms": {"dmean": 0.00108280382119, "dmean2": 0.00145415111911, "max": 0.0146913491189, "dvar": 2.11209749068e-06, "mean": 0.0036711122375, "dvar2": 4.36363916378e-06, "min": 3.14789340428e-12, "var": 7.41057192499e-06, "median": 0.00387847796082}, "spectral_centroid": {"dmean": 365.321716309, "dmean2": 571.201660156, "max": 11759.4970703, "dvar": 293141.21875, "mean": 1472.92529297, "dvar2": 632274.5, "min": 80.7206802368, "var": 1595351.75, "median": 1191.68237305}, "barkbands_skewness": {"dmean": 1.138048172, "dmean2": 1.75122463703, "max": 47.17552948, "dvar": 3.51365661621, "mean": 1.87767779827, "dvar2": 8.42962169647, "min": -28.1415805817, "var": 8.13216304779, "median": 1.72625815868}, "spectral_rolloff": {"dmean": 1307.41772461, "dmean2": 2301.44287109, "max": 21985.4003906, "dvar": 12560634, "mean": 2706.07739258, "dvar2": 29660938, "min": 21.533203125, "var": 25583656, "median": 818.26171875}, "erbbands_spread": {"dmean": 11.3733978271, "dmean2": 17.2419929504, "max": 229.523712158, "dvar": 295.265319824, "mean": 36.8926353455, "dvar2": 642.031982422, "min": 0.901026070118, "var": 736.448120117, "median": 32.3537750244}, "barkbands": {"dmean": [0.000417796021793, 0.00609419913962, 0.00205778214149, 0.00124375184532, 0.000553378951736, 0.000287952047074, 0.000182651376235, 0.000435569323599, 0.000485943019157, 0.000253391743172, 0.000323109241435, 0.000221784735913, 0.00046440566075, 0.000235211191466, 0.000247339048656, 0.00026459430228, 0.000294497440336, 0.000303612061543, 0.000186975725228, 9.18708028621e-05, 0.000101347883174, 0.0001010111082, 5.44603426533e-05, 4.15246577177e-05, 2.2547226763e-05, 2.02674218599e-05, 5.59710788366e-05], "dmean2": [0.000688989239279, 0.00980705488473, 0.00326056475751, 0.00207086792216, 0.000886614841875, 0.000429105042713, 0.000298797356663, 0.000724069657736, 0.000766629702412, 0.000389595312299, 0.000554983853363, 0.000334982323693, 0.000749657338019, 0.000343537365552, 0.000395922397729, 0.000413682486396, 0.000409143685829, 0.000458528345916, 0.000288156268653, 0.00013971014414, 0.000151473926962, 0.000157618895173, 8.60635773279e-05, 6.08718110016e-05, 3.28927162627e-05, 2.71716708085e-05, 8.73754106578e-05], "max": [0.0137815317139, 0.195625305176, 0.0956556722522, 0.0490368083119, 0.0277189519256, 0.0163592156023, 0.00596270244569, 0.0288607235998, 0.0141557911411, 0.00626553967595, 0.00704840617254, 0.0086959656328, 0.0177594628185, 0.00776996975765, 0.00562807545066, 0.00679696258157, 0.00802643783391, 0.00728123122826, 0.00546367140487, 0.00259183137678, 0.00372518901713, 0.00456183310598, 0.00167783757206, 0.00108299369458, 0.000844821624923, 0.000780459318776, 0.0018279250944], "dvar": [9.04773628463e-07, 0.000266092421953, 2.91652740998e-05, 1.36328999361e-05, 2.09957784136e-06, 4.62905831e-07, 1.45198768564e-07, 1.34916467687e-06, 1.38369421165e-06, 2.87116790787e-07, 7.35155254006e-07, 2.33233080849e-07, 2.96889470519e-06, 3.76013758796e-07, 3.8792848045e-07, 4.66801253651e-07, 7.10894369149e-07, 7.36909385068e-07, 2.97451521192e-07, 7.65284582371e-08, 1.08968620793e-07, 1.31844615225e-07, 2.17064961561e-08, 1.10049249713e-08, 5.10835063139e-09, 5.3769362296e-09, 3.42656676366e-08], "mean": [0.000835137791, 0.00925936736166, 0.00301435147412, 0.00158970500343, 0.000854167388752, 0.000477169989608, 0.000261459092144, 0.00051838537911, 0.00058077002177, 0.000361400074326, 0.0003636428155, 0.000407277751947, 0.000460353650851, 0.000368011242244, 0.000346512126271, 0.000309644587105, 0.000337335863151, 0.000314559641993, 0.0002313801524, 0.000113126458018, 9.68511158135e-05, 8.70426374604e-05, 5.38086242159e-05, 5.14438143e-05, 3.38328754879e-05, 3.04329587379e-05, 5.24424140167e-05], "dvar2": [2.24412542593e-06, 0.000701387471054, 7.58573150961e-05, 3.61552592949e-05, 5.00177384311e-06, 9.17690101687e-07, 3.60387957699e-07, 3.55122233486e-06, 3.39735811394e-06, 7.00113389485e-07, 2.00099452741e-06, 5.17903401942e-07, 7.78028970672e-06, 7.34675950298e-07, 8.63182265221e-07, 1.03798618056e-06, 1.34116783101e-06, 1.55165844262e-06, 5.9031009414e-07, 1.55893886244e-07, 2.58489109228e-07, 3.28600236799e-07, 4.75173997927e-08, 2.40759643333e-08, 1.00139496695e-08, 1.01200496871e-08, 8.1623056758e-08], "min": [6.60753961777e-26, 2.4966848116e-24, 8.11312133103e-25, 1.92331861758e-24, 9.59611899194e-24, 7.01981287146e-24, 1.3106879764e-23, 9.26798914297e-24, 1.36350237178e-23, 1.41590056414e-23, 1.03976703025e-23, 2.74611726557e-23, 3.35227640742e-23, 3.79651963967e-23, 4.06855548293e-23, 5.87602230351e-23, 7.91412270715e-23, 9.66344385258e-23, 9.22720629635e-23, 9.50497747394e-23, 2.29181208093e-22, 3.51413728609e-22, 4.21781030123e-22, 5.75486879325e-22, 7.751811736e-22, 1.37444772849e-21, 1.95766993804e-21], "var": [2.88631349576e-06, 0.000292747223284, 4.16806688008e-05, 1.83053962246e-05, 3.59022919838e-06, 1.15610600915e-06, 2.17114205725e-07, 1.47480272972e-06, 1.68641474829e-06, 4.35307981661e-07, 7.56418046421e-07, 5.98153462761e-07, 2.65105018116e-06, 8.6109929498e-07, 6.7828000283e-07, 6.14085990946e-07, 1.01774526229e-06, 9.23576465084e-07, 4.52470885648e-07, 1.13699549331e-07, 1.10409551723e-07, 1.18356659584e-07, 2.46169182816e-08, 1.7135381114e-08, 1.09506812507e-08, 1.08603472881e-08, 3.65134340541e-08], "median": [1.43911820487e-05, 0.00195073150098, 0.000400749442633, 0.000247561052674, 0.00027219922049, 0.000166590180015, 0.000117863375635, 0.000119330681628, 0.000120255761431, 7.69769612816e-05, 4.3933330744e-05, 6.59776269458e-05, 4.1140938265e-05, 3.83251572202e-05, 4.13962625316e-05, 4.19576681452e-05, 3.1375533581e-05, 2.25800722546e-05, 1.70283165062e-05, 9.82353230938e-06, 6.58788394503e-06, 3.62855257663e-06, 3.03704382532e-06, 2.11907513403e-06, 9.74628846961e-07, 5.48899038222e-07, 1.59543333211e-07]}, "melbands_kurtosis": {"dmean": 52.4004096985, "dmean2": 88.9047393799, "max": 20586.7832031, "dvar": 351399.125, "mean": 52.2689628601, "dvar2": 954324, "min": -1.83525002003, "var": 236648.390625, "median": 11.1654701233}, "erbbands_crest": {"dmean": 2.38663434982, "dmean2": 3.86139035225, "max": 29.5604553223, "dvar": 8.25550079346, "mean": 7.81502246857, "dvar2": 18.8203258514, "min": 2.07104229927, "var": 19.5712680817, "median": 6.39894342422}, "melbands_skewness": {"dmean": 1.50025451183, "dmean2": 2.3032784462, "max": 115.295173645, "dvar": 17.3679122925, "mean": 3.44807291031, "dvar2": 41.8173484802, "min": -9.93246459961, "var": 22.3055458069, "median": 2.86895895004}, "spectral_energyband_middle_low": {"dmean": 0.00265712849796, "dmean2": 0.00413028383628, "max": 0.0602177269757, "dvar": 2.85782425635e-05, "mean": 0.00438002450392, "dvar2": 7.27669903426e-05, "min": 1.78938720148e-22, "var": 4.56265042885e-05, "median": 0.0020662737079}, "spectral_contrast_coeffs": {"dmean": [0.0551267005503, 0.0544788204134, 0.0471196696162, 0.0386175699532, 0.0364614278078, 0.0318441353738], "dmean2": [0.0835923776031, 0.0844452232122, 0.0726107135415, 0.0607728995383, 0.0560233667493, 0.0446666553617], "max": [-0.297624111176, -0.366847634315, -0.433187752962, -0.503505170345, -0.48901206255, -0.539992690086], "dvar": [0.00268816412427, 0.00286114402115, 0.00215859920718, 0.00162565126084, 0.00132190482691, 0.000894202850759], "mean": [-0.69674295187, -0.770805060863, -0.797794759274, -0.812003076077, -0.797565102577, -0.789990544319], "dvar2": [0.00560083286837, 0.00577926496044, 0.00454328814521, 0.00353570678271, 0.00282554188743, 0.00187174987514], "min": [-0.993594884872, -0.992389857769, -0.982990920544, -0.990180552006, -0.966539978981, -0.966072142124], "var": [0.0123822828755, 0.0120026022196, 0.00886318739504, 0.00544715346768, 0.00474745035172, 0.00425381725654], "median": [-0.695623874664, -0.785634875298, -0.814838886261, -0.820407748222, -0.795203328133, -0.795385360718]}, "spectral_contrast_valleys": {"dmean": [0.815936326981, 0.906813800335, 0.915539085865, 0.860650599003, 0.870878279209, 0.875319421291], "dmean2": [1.15144848824, 1.29883241653, 1.31717967987, 1.18108642101, 1.19248402119, 1.16755712032], "max": [-5.09010696411, -4.84578609467, -5.03988599777, -5.25303220749, -5.23904085159, -8.35522651672], "dvar": [1.20526754856, 1.42869746685, 1.46809017658, 1.33880662918, 1.29499590397, 1.06148457527], "mean": [-8.92788314819, -8.27045822144, -8.52489280701, -8.89226913452, -9.08077907562, -11.8356323242], "dvar2": [2.15629148483, 2.60609436035, 2.71918201447, 2.42788648605, 2.4449877739, 1.91523563862], "min": [-28.2796173096, -28.1474952698, -27.8974895477, -27.6491832733, -27.5068950653, -27.4264545441], "var": [9.36893081665, 7.44987773895, 7.49693155289, 7.10821342468, 6.46533298492, 5.48393011093], "median": [-7.96439933777, -7.52025508881, -7.87853336334, -8.38341712952, -8.68396377563, -11.4368171692]}, "silence_rate_20dB": {"dmean": 0, "dmean2": 0, "max": 1, "dvar": 0, "mean": 1, "dvar2": 0, "min": 1, "var": 0, "median": 1}, "silence_rate_30dB": {"dmean": 0.0165030118078, "dmean2": 0.0330087468028, "max": 1, "dvar": 0.0162311568856, "mean": 0.989026427269, "dvar2": 0.0444631576538, "min": 0, "var": 0.0108538614586, "median": 1}, "spectral_strongpeak": {"dmean": 0.250060081482, "dmean2": 0.409778654575, "max": 6.16615724564, "dvar": 0.182311221957, "mean": 0.423141241074, "dvar2": 0.481111913919, "min": 0, "var": 0.263126730919, "median": 0.253485888243}, "spectral_spread": {"dmean": 1276809.75, "dmean2": 1923665.875, "max": 42480624, "dvar": 5043112116220.0, "mean": 5021887, "dvar2": 10232691425300.0, "min": 138078.875, "var": 22471340195800.0, "median": 3394476.75}, "barkbands_flatness_db": {"dmean": 0.0443014763296, "dmean2": 0.0629756748676, "max": 0.774976670742, "dvar": 0.00244273338467, "mean": 0.18777115643, "dvar2": 0.00495327962562, "min": 0.0130559662357, "var": 0.00960572063923, "median": 0.176490217447}, "pitch_salience": {"dmean": 0.0892128422856, "dmean2": 0.142963379622, "max": 0.978053987026, "dvar": 0.0111386608332, "mean": 0.550628304482, "dvar2": 0.0252334792167, "min": 0.0144523764029, "var": 0.0412824638188, "median": 0.50960111618}, "erbbands_kurtosis": {"dmean": 1.36175167561, "dmean2": 2.28512525558, "max": 77.2238464355, "dvar": 14.0685472488, "mean": 0.565502524376, "dvar2": 37.8314552307, "min": -1.93780910969, "var": 14.5265693665, "median": -0.172180891037}, "average_loudness": 0.836528718472, "barkbands_crest": {"dmean": 3.03457570076, "dmean2": 4.84201622009, "max": 26.5643005371, "dvar": 12.9199781418, "mean": 11.8148097992, "dvar2": 29.992023468, "min": 1.98797821999, "var": 34.1145515442, "median": 11.5917110443}, "hfc": {"dmean": 8.52665138245, "dmean2": 11.917183876, "max": 145.038757324, "dvar": 305.36618042, "mean": 12.523059845, "dvar2": 598.440063477, "min": 1.08547206016e-16, "var": 534.662475586, "median": 4.13904857635}, "barkbands_kurtosis": {"dmean": 13.1650419235, "dmean2": 21.9719085693, "max": 3251.04785156, "dvar": 4084.67041016, "mean": 15.6668758392, "dvar2": 11031.4306641, "min": -1.98584842682, "var": 3138.88452148, "median": 4.1964764595}, "erbbands": {"dmean": [0.176534980536, 1.40761387348, 2.38582468033, 3.69693922997, 2.67798495293, 1.53075039387, 2.078343153, 2.69184732437, 2.5682580471, 5.35240697861, 8.93490505219, 11.831571579, 8.56458473206, 14.6611948013, 9.07184505463, 9.32182216644, 19.0023059845, 13.3110332489, 11.7456007004, 14.6985187531, 14.7339000702, 17.3920230865, 17.0746002197, 12.8007497787, 6.19196605682, 4.35516929626, 4.43448257446, 4.1388926506, 3.846596241, 2.11566734314, 1.4188233614, 0.945727109909, 0.703813970089, 0.332312226295, 0.121674761176, 0.109355017543, 0.0296416431665, 0.0231528170407, 0.00758566102013, 0.000788523175288], "dmean2": [0.277052104473, 2.31475758553, 3.75093746185, 6.05874538422, 4.32722234726, 2.5534965992, 3.01328754425, 4.16173839569, 3.99895644188, 9.00602436066, 14.2294225693, 19.1212291718, 13.2086896896, 25.9586982727, 14.5969724655, 13.7585229874, 30.6001796722, 20.2861022949, 17.3091144562, 22.8867225647, 21.7999153137, 24.2730312347, 25.2285346985, 20.7150859833, 9.28284168243, 6.58691358566, 6.69890356064, 6.4647974968, 6.11863088608, 3.28763008118, 2.24870371819, 1.4626969099, 1.0307366848, 0.463280677795, 0.185674145818, 0.146421134472, 0.0406291633844, 0.0395040214062, 0.0118547836319, 0.00116357626393], "max": [6.07835149765, 48.8726959229, 96.6075134277, 128.306411743, 154.580810547, 57.8903808594, 135.779159546, 175.756698608, 108.606971741, 295.000305176, 495.317626953, 322.599884033, 233.16557312, 274.207763672, 218.015716553, 301.367218018, 694.40020752, 463.42477417, 292.877258301, 324.083251953, 383.901489258, 490.399963379, 430.28326416, 312.256317139, 190.302154541, 121.935195923, 149.166885376, 152.503433228, 184.592330933, 75.7285461426, 45.3606681824, 22.31457901, 24.5073070526, 11.9163722992, 4.88513660431, 4.55421352386, 1.08009111881, 0.845315217972, 0.321592926979, 0.0309819448739], "dvar": [0.181319132447, 15.7656364441, 36.9731559753, 111.100227356, 63.3167915344, 16.2516555786, 26.413433075, 51.1733169556, 30.3552513123, 228.778442383, 430.865447998, 1010.33111572, 268.26574707, 1194.7857666, 497.726593018, 423.760345459, 4778.82568359, 1404.69360352, 832.495178223, 1180.35864258, 1473.41442871, 2596.65527344, 2339.83837891, 1304.79284668, 320.017883301, 163.095062256, 207.986358643, 209.81867981, 203.401016235, 41.6467208862, 14.6134996414, 5.03728485107, 4.83173418045, 1.05116283894, 0.169389337301, 0.16877193749, 0.010232521221, 0.00750851538032, 0.000781372538768, 8.01740134193e-06], "mean": [0.290344506502, 1.95104634762, 3.66120624542, 5.08545303345, 3.60255813599, 2.15773081779, 3.65337705612, 4.15512561798, 3.9489569664, 6.23969936371, 11.9915981293, 13.6002702713, 12.0332393646, 14.7351932526, 14.0812263489, 17.9223575592, 19.8880901337, 18.421459198, 17.5290489197, 19.0149555206, 17.3655567169, 19.3508090973, 18.4128837585, 14.769733429, 7.86902523041, 5.60507249832, 4.39511060715, 3.61319518089, 3.17171812057, 2.23128962517, 1.39992284775, 1.01671969891, 0.939451992512, 0.483544886112, 0.182161301374, 0.169264853001, 0.0437410101295, 0.018484659493, 0.00694773439318, 0.0008396730409], "dvar2": [0.451070457697, 42.6767539978, 94.1799316406, 291.996734619, 152.79347229, 43.003528595, 48.5181083679, 107.202026367, 64.3635864258, 622.778198242, 1055.72399902, 2577.97412109, 641.956298828, 3460.49755859, 1199.87145996, 837.901550293, 12522.9394531, 3296.96679688, 1722.32080078, 2550.51660156, 3128.77636719, 5324.61035156, 4908.24511719, 2588.49682617, 681.428710938, 290.453887939, 508.101287842, 523.867980957, 515.168212891, 86.187461853, 32.5428924561, 11.771522522, 10.5346059799, 2.06151151657, 0.367428660393, 0.31531471014, 0.0192848760635, 0.020937634632, 0.0018755007768, 1.84298969543e-05], "min": [8.868043606e-23, 3.60873773828e-22, 1.81318939429e-21, 3.94202089369e-21, 9.24595750745e-21, 2.47215931538e-20, 5.78618913088e-20, 8.23686291453e-20, 1.22820565758e-19, 1.67694984742e-19, 3.86801338356e-19, 4.28342581363e-19, 5.60880515991e-19, 4.21981510754e-19, 4.52495970906e-19, 1.23410911637e-18, 1.20798509826e-18, 2.03969710961e-18, 1.73370459626e-18, 2.84011015754e-18, 3.87854484032e-18, 4.72059154285e-18, 5.53484456319e-18, 5.78649234428e-18, 8.04832756662e-18, 5.71422240134e-18, 9.22984340227e-18, 8.43745069756e-18, 1.18346955354e-17, 1.16770837143e-17, 1.13198020738e-17, 1.12278080092e-17, 9.16725312686e-18, 8.05078181149e-18, 6.02015556448e-18, 4.66698444889e-18, 2.32594544213e-18, 1.01937427012e-18, 2.48450391973e-19, 2.81884218077e-20], "var": [0.253703713417, 15.3809185028, 56.0630760193, 151.826934814, 99.3010482788, 20.1451931, 74.1570968628, 111.81842804, 64.9622650146, 202.103942871, 621.73828125, 1094.3927002, 434.19140625, 1038.27282715, 880.849121094, 1249.85888672, 4403.48242188, 2383.92407227, 1752.99572754, 2016.85827637, 2017.74145508, 3456.6081543, 3034.71459961, 1867.52563477, 486.047576904, 271.07925415, 213.305130005, 185.684326172, 170.527694702, 53.8898239136, 15.9148979187, 5.79463911057, 7.78803873062, 2.17789673805, 0.329248666763, 0.35193246603, 0.0206107571721, 0.0051412996836, 0.000824512564577, 9.22231083678e-06], "median": [0.0439791455865, 0.369357794523, 0.608939170837, 0.934194326401, 0.890743076801, 0.621247708797, 1.2186974287, 1.40870201588, 1.73681640625, 2.2113776207, 3.02478647232, 2.70097780228, 3.17933988571, 2.46356892586, 2.80258274078, 2.58109855652, 2.31485891342, 2.12479734421, 1.95076823235, 2.36347198486, 2.43284678459, 1.82099223137, 1.51239967346, 1.18645000458, 0.755332410336, 0.489592522383, 0.314895510674, 0.216680407524, 0.136036783457, 0.111107349396, 0.0813363790512, 0.0516712069511, 0.0317587777972, 0.0139585137367, 0.0053897164762, 0.00257701147348, 0.000974604336079, 0.000214939092984, 3.86270003219e-05, 2.75545098702e-05]}, "spectral_energy": {"dmean": 0.0114402445033, "dmean2": 0.0168754719198, "max": 0.221231624484, "dvar": 0.000430070911534, "mean": 0.0214098542929, "dvar2": 0.00102413876448, "min": 1.01569636662e-20, "var": 0.000703073339537, "median": 0.0154186561704}, "zerocrossingrate": {"dmean": 0.0318929180503, "dmean2": 0.0350817851722, "max": 0.87646484375, "dvar": 0.00442892918363, "mean": 0.105703219771, "dvar2": 0.00488461088389, "min": 0.00048828125, "var": 0.0305277761072, "median": 0.052734375}, "spectral_energyband_high": {"dmean": 0.000437089969637, "dmean2": 0.00063298252644, "max": 0.0102062057704, "dvar": 1.17401918942e-06, "mean": 0.000466607220005, "dvar