{"lowlevel": {"barkbands_spread": {"min": 0.576111972332, "max": 31.8991374969, "var": 4.73148155212, "dmean": 1.01956677437, "mean": 3.96131277084, "median": 3.54640007019, "dvar": 1.37644207478, "dmean2": 1.65028834343, "dvar2": 3.80601263046}, "silence_rate_60dB": {"min": 0, "max": 1, "var": 0.0579360425472, "dmean": 0.00550180254504, "mean": 0.0617471300066, "median": 0, "dvar": 0.0054717711173, "dmean2": 0.0110046481714, "dvar2": 0.0133498730138}, "melbands_crest": {"min": 1.80473196507, "max": 32.693611145, "var": 16.9787006378, "dmean": 2.59852814674, "mean": 12.8511857986, "median": 12.1096963882, "dvar": 4.8866853714, "dmean2": 4.19182777405, "dvar2": 12.4859657288}, "melbands_skewness": {"min": -2.76356363297, "max": 5.64427900314, "var": 0.630622506142, "dmean": 0.434354752302, "mean": 0.881775736809, "median": 0.843073248863, "dvar": 0.131073385477, "dmean2": 0.68525660038, "dvar2": 0.328516662121}, "spectral_rms": {"min": 3.20106679878e-12, "max": 0.0132423900068, "var": 3.47900390807e-06, "dmean": 0.000533160055056, "mean": 0.00430214172229, "median": 0.00402048509568, "dvar": 2.74578724202e-07, "dmean2": 0.000787812692579, "dvar2": 5.79028551329e-07}, "spectral_energyband_middle_high": {"min": 1.17771071597e-21, "max": 0.0339533314109, "var": 2.6597467695e-06, "dmean": 0.000444942386821, "mean": 0.000826292613056, "median": 0.000331308983732, "dvar": 1.00647741874e-06, "dmean2": 0.000689002801664, "dvar2": 2.0798947844e-06}, "mfcc": {"cov": [[1502.93444824, 691.147644043, -365.889678955, 40.072769165, -20.3147335052, -85.5089187622, -23.723651886, 7.53087949753, 55.5638160706, 63.9538040161, 33.9785499573, -42.0195350647, -76.4267425537], [691.147644043, 528.407348633, -5.30599975586, -25.7000293732, -0.624529242516, -51.5250587463, -54.1193504333, -16.1924972534, 32.6699790955, 49.3601264954, 17.4726772308, -24.8517436981, -35.1659431458], [-365.889678955, -5.30599975586, 335.583099365, 42.4383811951, -10.6177015305, 24.4510097504, -30.2608947754, -24.9145526886, -3.13703751564, -0.648949146271, -3.02692294121, 3.57775259018, 13.9018526077], [40.072769165, -25.7000293732, 42.4383811951, 172.441558838, 65.9557342529, 0.546894729137, 7.3911356926, -17.7711277008, -8.72481822968, 9.78075408936, 0.337514191866, -13.2374992371, -16.7584342957], [-20.3147335052, -0.624529242516, -10.6177015305, 65.9557342529, 114.445755005, 26.8185443878, 0.687613964081, -11.9807624817, -10.9458284378, 8.45735263824, 0.36173543334, -4.96383333206, -9.30398273468], [-85.5089187622, -51.5250587463, 24.4510097504, 0.546894729137, 26.8185443878, 71.5294952393, 41.7724456787, 11.3143749237, -8.12480449677, -15.3436088562, 0.21718865633, 11.2719783783, 9.2673368454], [-23.723651886, -54.1193504333, -30.2608947754, 7.3911356926, 0.687613964081, 41.7724456787, 86.2360076904, 44.3822288513, -10.4981098175, -19.6753902435, -9.5484752655, 6.42586183548, 16.9001674652], [7.53087949753, -16.1924972534, -24.9145526886, -17.7711277008, -11.9807624817, 11.3143749237, 44.3822288513, 66.6392440796, 34.4468154907, -7.66357040405, -13.2719507217, -1.25399959087, 13.5104207993], [55.5638160706, 32.6699790955, -3.13703751564, -8.72481822968, -10.9458284378, -8.12480449677, -10.4981098175, 34.4468154907, 71.3992080688, 36.8029403687, -3.36241674423, -14.8311710358, -9.27890014648], [63.9538040161, 49.3601264954, -0.648949146271, 9.78075408936, 8.45735263824, -15.3436088562, -19.6753902435, -7.66357040405, 36.8029403687, 70.388923645, 37.8190841675, -14.515868187, -32.6111488342], [33.9785499573, 17.4726772308, -3.02692294121, 0.337514191866, 0.36173543334, 0.21718865633, -9.5484752655, -13.2719507217, -3.36241674423, 37.8190841675, 68.154296875, 30.3591518402, -16.4675617218], [-42.0195350647, -24.8517436981, 3.57775259018, -13.2374992371, -4.96383333206, 11.2719783783, 6.42586183548, -1.25399959087, -14.8311710358, -14.515868187, 30.3591518402, 71.7909469604, 51.1000289917], [-76.4267425537, -35.1659431458, 13.9018526077, -16.7584342957, -9.30398273468, 9.2673368454, 16.9001674652, 13.5104207993, -9.27890014648, -32.6111488342, -16.4675617218, 51.1000289917, 92.414642334]], "mean": [-836.190551758, 258.980560303, 43.6676025391, 3.4931178093, -5.14076757431, -16.2350482941, -4.56202220917, -1.67911028862, -5.70541381836, -6.07911300659, -6.21758890152, -3.61728048325, -0.237422347069], "icov": [[0.0854059606791, -0.121309280396, 0.123879514635, -0.125336796045, 0.127671957016, -0.124904543161, 0.109437592328, -0.0933332368731, 0.0720501095057, -0.0548326820135, 0.038763653487, -0.0241920761764, 0.0102855628356], [-0.121309280396, 0.17456574738, -0.17631906271, 0.179165616632, -0.182771652937, 0.180136874318, -0.157187893987, 0.135229796171, -0.105532310903, 0.0798835083842, -0.057532697916, 0.0361189134419, -0.0150024006143], [0.123879514635, -0.17631906271, 0.184742152691, -0.186233907938, 0.191561996937, -0.192119166255, 0.17237944901, -0.147903606296, 0.118713364005, -0.0933343172073, 0.0671917274594, -0.0407987907529, 0.0159590449184], [-0.125336796045, 0.179165616632, -0.186233907938, 0.198644086719, -0.202560901642, 0.203811690211, -0.189019575715, 0.169017761946, -0.138566911221, 0.110925264657, -0.081816509366, 0.0510744936764, -0.0200035683811], [0.127671957016, -0.182771652937, 0.191561996937, -0.202560901642, 0.220895111561, -0.221721217036, 0.207450330257, -0.188889726996, 0.164767310023, -0.138844922185, 0.10480646044, -0.0644306838512, 0.0264874920249], [-0.124904543161, 0.180136874318, -0.192119166255, 0.203811690211, -0.221721217036, 0.253818303347, -0.241358533502, 0.222877621651, -0.199826717377, 0.172416746616, -0.13067227602, 0.0770822614431, -0.0302386265248], [0.109437592328, -0.157187893987, 0.17237944901, -0.189019575715, 0.207450330257, -0.241358533502, 0.272268801928, -0.267114400864, 0.243604391813, -0.207076326013, 0.159161180258, -0.0964247360826, 0.0378968566656], [-0.0933332368731, 0.135229796171, -0.147903606296, 0.169017761946, -0.188889726996, 0.222877621651, -0.267114400864, 0.301326304674, -0.278420001268, 0.240970388055, -0.186156511307, 0.117804929614, -0.0506329983473], [0.0720501095057, -0.105532310903, 0.118713364005, -0.138566911221, 0.164767310023, -0.199826717377, 0.243604391813, -0.278420001268, 0.29230684042, -0.261844187975, 0.206179752946, -0.127488449216, 0.0534067936242], [-0.0548326820135, 0.0798835083842, -0.0933343172073, 0.110925264657, -0.138844922185, 0.172416746616, -0.207076326013, 0.240970388055, -0.261844187975, 0.273061335087, -0.221753045917, 0.142788112164, -0.0578229092062], [0.038763653487, -0.057532697916, 0.0671917274594, -0.081816509366, 0.10480646044, -0.13067227602, 0.159161180258, -0.186156511307, 0.206179752946, -0.221753045917, 0.216014668345, -0.14906257391, 0.0703494772315], [-0.0241920761764, 0.0361189134419, -0.0407987907529, 0.0510744936764, -0.0644306838512, 0.0770822614431, -0.0964247360826, 0.117804929614, -0.127488449216, 0.142788112164, -0.14906257391, 0.130107820034, -0.065586425364], [0.0102855628356, -0.0150024006143, 0.0159590449184, -0.0200035683811, 0.0264874920249, -0.0302386265248, 0.0378968566656, -0.0506329983473, 0.0534067936242, -0.0578229092062, 0.0703494772315, -0.065586425364, 0.0475200414658]]}, "gfcc": {"cov": [[3210.87451172, 94.0459823608, 152.628967285, -88.7778930664, -23.1557025909, -109.762321472, -37.4905662537, 74.8004226685, 29.5031547546, 51.5254173279, -115.318786621, -24.5709877014, -2.87100148201], [94.0459823608, 182.109786987, 34.241771698, -85.8110809326, -9.70713233948, -4.99563741684, 32.0024299622, 4.26044988632, 61.4922981262, -11.7713632584, 16.6865406036, -15.2953557968, 25.785741806], [152.628967285, 34.241771698, 433.476989746, 43.7250061035, -31.0844154358, -36.2926864624, -33.7094573975, -19.3820533752, 14.6664886475, 33.5127067566, -25.5952529907, 4.17751502991, -7.20126390457], [-88.7778930664, -85.8110809326, 43.7250061035, 195.572479248, 72.4994888306, 10.0637073517, -17.8959503174, -1.49327385426, -35.4237442017, 11.1291093826, -1.39096236229, 4.95945215225, -9.70047092438], [-23.1557025909, -9.70713233948, -31.0844154358, 72.4994888306, 99.5464477539, 26.9906482697, -4.35515975952, 0.608199417591, -13.5928325653, -2.62039279938, 0.227221250534, -0.886245548725, -6.82649040222], [-109.762321472, -4.99563741684, -36.2926864624, 10.0637073517, 26.9906482697, 98.9193725586, 44.3568115234, 11.4948816299, -21.032081604, -6.06136512756, 12.015294075, 18.0304164886, 5.42310333252], [-37.4905662537, 32.0024299622, -33.7094573975, -17.8959503174, -4.35515975952, 44.3568115234, 82.2931213379, 31.0945777893, 9.65216445923, -8.79752445221, 7.81911802292, 11.1103363037, 6.50694417953], [74.8004226685, 4.26044988632, -19.3820533752, -1.49327385426, 0.608199417591, 11.4948816299, 31.0945777893, 62.3932418823, 30.0748939514, 7.33561420441, -9.94718933105, -1.7593433857, 7.5675110817], [29.5031547546, 61.4922981262, 14.6664886475, -35.4237442017, -13.5928325653, -21.032081604, 9.65216445923, 30.0748939514, 90.1819152832, 28.778301239, -1.45665574074, -19.8576889038, 9.54931926727], [51.5254173279, -11.7713632584, 33.5127067566, 11.1291093826, -2.62039279938, -6.06136512756, -8.79752445221, 7.33561420441, 28.778301239, 58.1210021973, 22.5426902771, 3.44856595993, -11.8210582733], [-115.318786621, 16.6865406036, -25.5952529907, -1.39096236229, 0.227221250534, 12.015294075, 7.81911802292, -9.94718933105, -1.45665574074, 22.5426902771, 69.6339797974, 30.0719413757, 1.80797958374], [-24.5709877014, -15.2953557968, 4.17751502991, 4.95945215225, -0.886245548725, 18.0304164886, 11.1103363037, -1.7593433857, -19.8576889038, 3.44856595993, 30.0719413757, 62.99168396, 21.2771434784], [-2.87100148201, 25.785741806, -7.20126390457, -9.70047092438, -6.82649040222, 5.42310333252, 6.50694417953, 7.5675110817, 9.54931926727, -11.8210582733, 1.80797958374, 21.2771434784, 56.8566856384]], "mean": [-172.479537964, 218.001358032, -60.3801116943, -28.3321876526, -55.6340713501, -17.1950263977, -27.9403820038, -1.77054476738, -20.8638591766, -11.0669622421, -10.1804418564, -5.42040634155, -6.12529325485], "icov": [[0.000454431108665, -0.00105293176603, 0.000136049027788, 0.000111664121505, -2.30565947277e-05, 0.000576409511268, 0.000290577067062, -0.000934423936997, 0.00145091442391, -0.00179690157529, 0.00167049281299, -0.000625845917966, 0.000133930821903], [-0.00105293176603, 0.0204374045134, -0.00470483675599, 0.00750611675903, -0.00763637013733, 0.000626505119726, -0.00775095866993, 0.00603876728565, -0.014121575281, 0.0152581110597, -0.0161131452769, 0.0104173980653, -0.00737251667306], [0.000136049027788, -0.00470483675599, 0.00413795700297, -0.00314028048888, 0.00351167167537, -0.000192010469618, 0.00197070650756, 0.000668957480229, 0.00189352838788, -0.00512547325343, 0.00613863300532, -0.00414636172354, 0.00222711660899], [0.000111664121505, 0.00750611675903, -0.00314028048888, 0.0122990030795, -0.0100540323183, 0.0025022723712, -0.00295126787387, -0.000958219869062, 0.00124556536321, 0.000417027418735, -0.00485676014796, 0.0049502546899, -0.00449899211526], [-2.30565947277e-05, -0.00763637013733, 0.00351167167537, -0.0100540323183, 0.0201899670064, -0.0065045314841, 0.00664892140776, -0.00112470972817, 0.000749964849092, -0.00120622338727, 0.00523384613916, -0.00450738426298, 0.00576840573922], [0.000576409511268, 0.000626505119726, -0.000192010469618, 0.0025022723712, -0.0065045314841, 0.0184211786836, -0.010484864004, -0.00126504944637, 0.00723378593102, -0.0049821967259, 0.000422479730332, 0.000118910502351, -0.00333085493185], [0.000290577067062, -0.00775095866993, 0.00197070650756, -0.00295126787387, 0.00664892140776, -0.010484864004, 0.0264746118337, -0.0117547260597, 7.0812413469e-05, 0.00333458348177, 0.00187805027235, -0.00693231262267, 0.00682491902262], [-0.000934423936997, 0.00603876728565, 0.000668957480229, -0.000958219869062, -0.00112470972817, -0.00126504944637, -0.0117547260597, 0.0302301570773, -0.0136582283303, 0.00123724003788, 0.00256215780973, -0.000179560549441, -0.00302042276599], [0.00145091442391, -0.014121575281, 0.00189352838788, 0.00124556536321, 0.000749964849092, 0.00723378593102, 7.0812413469e-05, -0.0136582283303, 0.0371170341969, -0.0270605552942, 0.0111564947292, 0.00422636512667, -0.00565659347922], [-0.00179690157529, 0.0152581110597, -0.00512547325343, 0.000417027418735, -0.00120622338727, -0.0049821967259, 0.00333458348177, 0.00123724003788, -0.0270605552942, 0.0491087436676, -0.025778176263, 0.00300960196182, 0.00664401473477], [0.00167049281299, -0.0161131452769, 0.00613863300532, -0.00485676014796, 0.00523384613916, 0.000422479730332, 0.00187805027235, 0.00256215780973, 0.0111564947292, -0.025778176263, 0.0402821078897, -0.0200428776443, 0.00635932711884], [-0.000625845917966, 0.0104173980653, -0.00414636172354, 0.0049502546899, -0.00450738426298, 0.000118910502351, -0.00693231262267, -0.000179560549441, 0.00422636512667, 0.00300960196182, -0.0200428776443, 0.0356277413666, -0.0169514901936], [0.000133930821903, -0.00737251667306, 0.00222711660899, -0.00449899211526, 0.00576840573922, -0.00333085493185, 0.00682491902262, -0.00302042276599, -0.00565659347922, 0.00664401473477, 0.00635932711884, -0.0169514901936, 0.029556998983]]}, "erbbands_crest": {"min": 3.09990882874, "max": 32.2566108704, "var": 28.748752594, "dmean": 3.43942761421, "mean": 13.9422397614, "median": 12.7086362839, "dvar": 9.07418060303, "dmean2": 5.55259084702, "dvar2": 22.9212532043}, "dissonance": {"min": 0.0923069193959, "max": 0.499997109175, "var": 0.00515259290114, "dmean": 0.0578724518418, "mean": 0.337975919247, "median": 0.342378437519, "dvar": 0.002208331367, "dmean2": 0.0986007601023, "dvar2": 0.00617531640455}, "silence_rate_30dB": {"min": 0, "max": 1, "var": 0.00593939609826, "dmean": 0.00531208515167, "mean": 0.994024455547, "median": 1, "dvar": 0.00528336176649, "dmean2": 0.0106251779944, "dvar2": 0.0122195407748}, "spectral_energyband_low": {"min": 2.53771756935e-23, "max": 0.0342318676412, "var": 1.20935847008e-05, "dmean": 0.00143704784568, "mean": 0.00365833798423, "median": 0.00271577131934, "dvar": 3.03953970615e-06, "dmean2": 0.00256846682169, "dvar2": 1.01574451037e-05}, "barkbands_kurtosis": {"min": -1.75992918015, "max": 36.550819397, "var": 9.19521808624, "dmean": 1.50031232834, "mean": 1.95954108238, "median": 1.12679719925, "dvar": 3.20750999451, "dmean2": 2.42936444283, "dvar2": 7.9116153717}, "spectral_energyband_middle_low": {"min": 3.1318878556e-22, "max": 0.178657278419, "var": 0.000341550330631, "dmean": 0.00522118899971, "mean": 0.0194561034441, "median": 0.0137517619878, "dvar": 5.36637562618e-05, "dmean2": 0.00739507284015, "dvar2": 0.000102131962194}, "melbands": {"min": [2.96883620717e-24, 3.92677209249e-24, 5.54739373668e-24, 2.13327276421e-24, 5.06534923649e-24, 4.50462414404e-24, 5.68892958257e-24, 9.03467879709e-24, 1.29480252658e-23, 5.9995940511e-24, 2.57345419109e-24, 4.38764593256e-24, 5.07781757753e-24, 6.52499355778e-24, 2.92137340473e-24, 2.55968561007e-24, 6.36390973865e-24, 7.03168838353e-24, 6.75586790119e-24, 9.17080305717e-24, 8.65081198086e-24, 6.73282369642e-24, 6.76889830562e-24, 7.20020879441e-24, 7.58293886207e-24, 7.24373813916e-24, 7.26936586339e-24, 5.84885219844e-24, 6.84630764853e-24, 6.78915783139e-24, 7.12332798831e-24, 9.6587387706e-24, 9.04885304983e-24, 9.47854321833e-24, 8.5520047859e-24, 1.00252577467e-23, 1.08183777119e-23, 7.54998183117e-24, 6.75534173096e-24, 7.94108802393e-24], "max": [0.00403421279043, 0.00675361696631, 0.0154891544953, 0.0297765452415, 0.0213384218514, 0.0267802160233, 0.0193181410432, 0.0241264104843, 0.0103648342192, 0.0152892796323, 0.00486608641222, 0.00212007993832, 0.00127074366901, 0.00101136323065, 0.000371277565137, 3.49637011823e-05, 2.23115566769e-05, 4.67840764031e-05, 1.02606363725e-05, 1.67793659784e-05, 1.24665712065e-05, 1.45145068018e-05, 1.69922859641e-05, 2.25365620281e-05, 2.71513636108e-05, 1.84495002031e-05, 2.51545916399e-05, 3.04226591652e-06, 4.17717757273e-07, 1.06891370422e-07, 4.68767069606e-08, 3.2060885502e-08, 2.50131932944e-08, 1.65284834708e-08, 8.53887538455e-09, 6.25403551169e-09, 4.67250638181e-09, 4.97959717904e-09, 4.2870764716e-09, 3.84029563705e-09], "var": [1.35163560344e-07, 4.15222046968e-07, 1.84171733508e-06, 2.78689344668e-06, 2.07844868783e-06, 1.82406563454e-06, 1.29118052428e-06, 2.47748721449e-06, 2.41550111468e-07, 4.2742038886e-07, 4.52365576109e-08, 1.04685096147e-08, 4.99592056613e-09, 1.76043823963e-09, 2.00375535608e-10, 3.30709765128e-12, 9.33004975362e-13, 1.43287096598e-12, 1.3586794721e-13, 1.98253319685e-13, 1.68705978007e-13, 2.43064140863e-13, 2.47976742222e-13, 2.65122261167e-13, 3.30375321284e-13, 1.68719151063e-13, 1.42703489542e-13, 4.36512288379e-15, 9.22722884979e-17, 1.89351618012e-17, 9.66389650254e-18, 4.35369599574e-18, 2.71244971924e-18, 1.18593815e-18, 3.61389471059e-19, 1.94463079277e-19, 1.43876551649e-19, 1.16003085321e-19, 9.91365882881e-20, 7.4951345829e-20], "dmean": [0.000195034401258, 0.000281101412838, 0.000413020228734, 0.000415142305428, 0.000354380928911, 0.000339930935297, 0.000323597691022, 0.000422379554948, 0.000121416218462, 0.000139014839078, 4.50495572295e-05, 2.65457692876e-05, 2.40272438532e-05, 7.88003035268e-06, 2.46473337029e-06, 5.30477905158e-07, 3.13089316251e-07, 3.4240667901e-07, 1.10722666591e-07, 1.33588230256e-07, 8.09462150642e-08, 8.47373513579e-08, 7.74198767317e-08, 6.97735842436e-08, 6.90956056815e-08, 4.94066796364e-08, 3.63776315737e-08, 8.42769232179e-09, 2.38805442088e-09, 1.1474032835e-09, 7.41852024255e-10, 5.37062783135e-10, 3.91296939295e-10, 2.91519586249e-10, 2.2104768016e-10, 1.94701962886e-10, 1.62941424242e-10, 1.54611226599e-10, 1.46823053715e-10, 1.28540844635e-10], "mean": [0.00028515374288, 0.000559365667868, 0.00114376796409, 0.00126090890262, 0.00101509422529, 0.000735676672775, 0.00064946472412, 0.000705829821527, 0.000205386124435, 0.000247677817242, 7.26974758436e-05, 4.50933621323e-05, 3.6183391785e-05, 1.24653870444e-05, 3.82546204492e-06, 1.00141710391e-06, 5.77408741265e-07, 5.36170546184e-07, 1.96116232587e-07, 2.21529688815e-07, 1.30526402131e-07, 1.189558958e-07, 9.14181725875e-08, 7.29780325059e-08, 6.05748411431e-08, 4.12914715753e-08, 2.90243917789e-08, 1.03670974028e-08, 4.80085393662e-09, 2.70954014781e-09, 2.0302024506e-09, 1.5635610584e-09, 1.23442556177e-09, 9.79579084515e-10, 7.57660656436e-10, 6.70093924793e-10, 5.51023282558e-10, 5.3238002895e-10, 5.24443488636e-10, 4.55615212225e-10], "median": [0.000169288789039, 0.000362880702596, 0.000708711333573, 0.000807770644315, 0.000582017353736, 0.00034063385101, 0.000263929076027, 0.000180551302037, 6.40983489575e-05, 5.07081349497e-05, 1.1741727576e-05, 1.26611894302e-05, 1.27143293867e-05, 1.84720306606e-06, 1.05868127775e-06, 5.04462832396e-07, 3.28676378558e-07, 2.19668393697e-07, 1.13511582356e-07, 1.28987622361e-07, 6.18421083232e-08, 4.53335076145e-08, 3.11974375222e-08, 2.29618581926e-08, 1.84127788572e-08, 1.02460901985e-08, 5.90889515095e-09, 5.11253350766e-09, 3.30197647003e-09, 1.78312309362e-09, 1.35827304959e-09, 1.10911135831e-09, 8.91636375844e-10, 7.62355345518e-10, 6.50199394325e-10, 5.99792382427e-10, 4.81012063513e-10, 4.83686868336e-10, 4.83691642295e-10, 4.22446300163e-10], "dvar": [6.86709995534e-08, 1.33615429831e-07, 3.44726487356e-07, 4.2043197368e-07, 3.90271026163e-07, 4.49040328476e-07, 3.06984162535e-07, 9.56108010541e-07, 1.14942253049e-07, 1.633504354e-07, 1.89282864937e-08, 4.01829103325e-09, 2.90423241012e-09, 1.01051922385e-09, 1.21175167123e-10, 1.09162798159e-12, 4.48158247708e-13, 8.11527060829e-13, 1.18090284188e-13, 1.82270268757e-13, 1.95443799491e-13, 2.74000657233e-13, 3.42329219442e-13, 4.05767867223e-13, 5.81188363494e-13, 2.94052109051e-13, 2.56593655828e-13, 7.69817932002e-15, 1.31488828695e-16, 1.36447544856e-17, 2.92235176276e-18, 1.09037459422e-18, 5.71515732223e-19, 2.14985055458e-19, 7.49861778876e-20, 4.66830946298e-20, 3.26082675404e-20, 2.8223415425e-20, 2.18004193608e-20, 1.73471632862e-20], "dmean2": [0.000375281291781, 0.000506528886035, 0.000627076602541, 0.000511736376211, 0.00043193687452, 0.000481477414723, 0.000490830978379, 0.000640506332275, 0.000190352089703, 0.000205056378036, 6.8391476816e-05, 4.00203534809e-05, 3.9899492549e-05, 1.2873317246e-05, 4.20632522946e-06, 9.02657461666e-07, 5.29011288108e-07, 5.83942778576e-07, 1.92453555314e-07, 2.29875283253e-07, 1.42391797908e-07, 1.49603224031e-07, 1.38269570016e-07, 1.28132711552e-07, 1.30018904088e-07, 9.33536270509e-08, 6.95115929261e-08, 1.57894639585e-08, 4.273548182e-09, 2.01741712225e-09, 1.30205768389e-09, 9.32256605246e-10, 6.75033751119e-10, 5.03199593105e-10, 3.8166617089e-10, 3.35253658168e-10, 2.80744566483e-10, 2.64905014591e-10, 2.54030935176e-10, 2.20424511976e-10], "dvar2": [2.55284248851e-07, 4.40656577894e-07, 8.19333990876e-07, 5.64899892197e-07, 5.59681609502e-07, 7.9800668118e-07, 6.63471496409e-07, 2.12183726944e-06, 2.68162210659e-07, 3.14942411705e-07, 3.82388698483e-08, 7.9563218236e-09, 7.88959297893e-09, 2.75257949767e-09, 3.42932099384e-10, 2.96451600247e-12, 1.18863003207e-12, 2.02999986612e-12, 3.37984197921e-13, 5.21249384801e-13, 5.88309565994e-13, 8.2256201633e-13, 1.06546347266e-12, 1.23489901031e-12, 1.77447011078e-12, 8.90816988317e-13, 7.68849990184e-13, 2.30781648132e-14, 3.95458666068e-16, 4.09497780565e-17, 8.69255816155e-18, 3.16612064851e-18, 1.65071315181e-18, 6.28906660495e-19, 2.18832414659e-19, 1.37413543953e-19, 9.59075659824e-20, 8.11726229148e-20, 6.34957732245e-20, 4.88685478134e-20]}, "spectral_contrast_coeffs": {"min": [-0.97471344471, -0.967779219151, -0.969311058521, -0.965833008289, -0.960240960121, -0.96219420433], "max": [-0.285082697868, -0.416914671659, -0.445848733187, -0.692287683487, -0.643285632133, -0.716761231422], "var": [0.00521916989237, 0.00605510221794, 0.00478221010417, 0.000953391368967, 0.000483925046865, 0.000405378115829], "dmean": [0.0485339984298, 0.0457083173096, 0.0400735624135, 0.0232159290463, 0.013985500671, 0.0133589776233], "mean": [-0.59117358923, -0.679188132286, -0.707748651505, -0.82979786396, -0.852541029453, -0.842797338963], "median": [-0.593705117702, -0.684637904167, -0.712070226669, -0.833383500576, -0.855154752731, -0.845370173454], "dvar": [0.00140488380566, 0.00122471689247, 0.000975539907813, 0.00030862345011, 0.000138866715133, 0.000124483849504], "dmean2": [0.083647839725, 0.0732661932707, 0.0650255531073, 0.0396651960909, 0.0240092296153, 0.0233461111784], "dvar2": [0.00413619959727, 0.00320810475387, 0.00253378110938, 0.000911257928237, 0.00041439148481, 0.000379131815862]}, "pitch_salience": {"min": 0.218438670039, "max": 0.887751460075, "var": 0.0116548184305, "dmean": 0.0641101747751, "mean": 0.600878715515, "median": 0.610363543034, "dvar": 0.00262489705347, "dmean2": 0.101679198444, "dvar2": 0.00656972639263}, "erbbands_spread": {"min": 0.539126992226, "max": 67.5001754761, "var": 20.3709869385, "dmean": 2.07300019264, "mean": 7.87566232681, "median": 7.14134836197, "dvar": 7.64774179459, "dmean2": 3.34089326859, "dvar2": 22.2585411072}, "spectral_rolloff": {"min": 172.265625, "max": 19250.6835938, "var": 153528.734375, "dmean": 75.6592941284, "mean": 525.602905273, "median": 495.263671875, "dvar": 67572.1953125, "dmean2": 133.975082397, "dvar2": 104450.492188}, "erbbands_flatness_db": {"min": 0.091916821897, "max": 0.496168494225, "var": 0.00166611548048, "dmean": 0.0181336198002, "mean": 0.342242121696, "median": 0.338737487793, "dvar": 0.000231902828091, "dmean2": 0.0278833266348, "dvar2": 0.000565074558835}, "spectral_strongpeak": {"min": 0, "max": 8.08999538422, "var": 0.868589758873, "dmean": 0.41332295537, "mean": 1.01111006737, "median": 0.725325942039, "dvar": 0.28226056695, "dmean2": 0.664646089077, "dvar2": 0.648080706596}, "spectral_skewness": {"min": 0.00384887633845, "max": 12.6464776993, "var": 2.71161770821, "dmean": 1.08534097672, "mean": 7.21310138702, "median": 7.19891643524, "dvar": 0.678978264332, "dmean2": 1.90760922432, "dvar2": 2.02582383156}, "melbands_kurtosis": {"min": -1.76737189293, "max": 44.4154167175, "var": 11.7538700104, "dmean": 1.57836580276, "mean": 2.11495637894, "median": 1.13724327087, "dvar": 3.50654125214, "dmean2": 2.53597092628, "dvar2": 8.55003929138}, "spectral_entropy": {"min": 4.43499469757, "max": 9.82065010071, "var": 0.124231174588, "dmean": 0.127200111747, "mean": 5.55941963196, "median": 5.53494739532, "dvar": 0.0122154867277, "dmean2": 0.192378312349, "dvar2": 0.0284476839006}, "spectral_complexity": {"min": 0, "max": 18, "var": 4.3933596611, "dmean": 1.08670079708, "mean": 8.03499984741, "median": 8, "dvar": 0.954540014267, "dmean2": 1.89906084538, "dvar2": 2.53754639626}, "hfc": {"min": 1.18086530773e-16, "max": 78.4437179565, "var": 60.0146369934, "dmean": 2.2273004055, "mean": 7.80979919434, "median": 5.07780742645, "dvar": 11.4036083221, "dmean2": 3.27494502068, "dvar2": 23.0726337433}, "erbbands": {"min": [2.39475426387e-22, 2.9931621342e-21, 5.9366235575e-21, 2.8175022128e-20, 3.88607997749e-20, 3.82506248262e-20, 1.21887157061e-19, 1.7556351447e-19, 3.65674654373e-19, 8.78306371468e-19, 1.17203283031e-18, 1.11889485116e-18, 7.07492644398e-19, 1.22731403443e-18, 1.46588016092e-18, 2.080144794e-18, 1.18280137772e-18, 2.99898963293e-18, 4.45407891256e-18, 7.50043952481e-18, 7.26870901211e-18, 7.22426046189e-18, 7.30266808497e-18, 1.01315835937e-17, 1.09167351593e-17, 9.73804331828e-18, 1.4487089047e-17, 1.21505461805e-17, 1.63095912752e-17, 1.80130407066e-17, 1.58128941328e-17, 1.67676226871e-17, 1.05037693744e-17, 9.76671587986e-18, 9.30504404612e-18, 5.91146858149e-18, 3.01150322123e-18, 1.02056634078e-18, 2.91003173472e-19, 3.3645245067e-20], "max": [0.256217300892, 5.19381284714, 12.7947311401, 82.6896286011, 238.24105835, 828.161865234, 731.913085938, 1132.2434082, 1518.20544434, 2713.87744141, 1388.7142334, 2854.14038086, 892.265258789, 360.425567627, 438.049468994, 380.287811279, 25.3579216003, 10.5132236481, 19.9561882019, 8.83333778381, 9.95643806458, 12.6442689896, 21.43384552, 30.1849040985, 20.2807197571, 10.0844259262, 0.659910857677, 0.0919746533036, 0.0531505681574, 0.0322598963976, 0.0125573826954, 0.00702232308686, 0.00618004798889, 0.00380891864188, 0.00204135570675, 0.0013051222777, 0.000558578642085, 0.000129766296595, 8.47275659908e-05, 0.00019945584063], "var": [0.000534280785359, 0.242119118571, 1.48631000519, 45.1176338196, 211.339065552, 1772.27636719, 1875.52294922, 3066.84960938, 6169.63623047, 28075.5273438, 3121.06616211, 12476.5732422, 1612.65478516, 365.745666504, 363.960510254, 218.787887573, 1.99797475338, 0.257791548967, 0.320119410753, 0.107137106359, 0.121560946107, 0.221132561564, 0.307018041611, 0.432427018881, 0.266965478659, 0.0350621119142, 0.000268699222943, 3.51424241671e-05, 1.23675581563e-05, 5.05394018546e-06, 9.87134740171e-07, 3.96770019506e-07, 2.22194586286e-07, 1.06119117049e-07, 5.32635695549e-08, 1.62049236252e-08, 4.40182867933e-09, 3.13491926862e-10, 8.82520931333e-11, 4.82569817439e-10], "dmean": [0.0137356128544, 0.233381673694, 0.538952887058, 2.19932150841, 3.50343632698, 9.71160030365, 9.11124801636, 14.3361167908, 20.367647171, 43.3689880371, 15.2313776016, 24.0369110107, 9.2937707901, 5.51971054077, 5.83504199982, 2.25002574921, 0.370490640402, 0.160969257355, 0.168009325862, 0.0917182937264, 0.0711966603994, 0.0780388042331, 0.0773156806827, 0.0811471939087, 0.0615537241101, 0.0206706821918, 0.00337412208319, 0.0013055447489, 0.000772188766859, 0.000500092457514, 0.000317143712891, 0.000236581181525, 0.000186474586371, 0.000129072446725, 9.62566264207e-05, 5.61243723496e-05, 2.8534901503e-05, 8.81737651071e-06, 2.6209418138e-06, 6.2013191382e-06], "mean": [0.0186577346176, 0.377595990896, 1.0943697691, 5.77783727646, 9.87758731842, 27.7854804993, 23.9520111084, 30.3682041168, 40.9678459167, 74.1703186035, 26.7360477448, 42.9280509949, 15.9440937042, 9.83031082153, 9.42015552521, 3.58517384529, 0.732474923134, 0.33681640029, 0.28311252594, 0.168150529265, 0.127338156104, 0.112326562405, 0.0895839184523, 0.0752408877015, 0.0511206872761, 0.0212860144675, 0.00701908906922, 0.00387146300636, 0.00267369835638, 0.00192191707902, 0.00131830282044, 0.000977318733931, 0.000790170044638, 0.000573474506382, 0.000431111664511, 0.000255744555034, 0.000122508557979, 3.12747979478e-05, 1.1240823369e-05, 2.50245739153e-05], "median": [0.011255425401, 0.219142720103, 0.727515220642, 3.63217687607, 6.26952075958, 16.3438835144, 11.6715116501, 14.3494377136, 17.2379589081, 19.5920066833, 8.88872337341, 10.2293109894, 3.70311737061, 3.53963685036, 3.34959769249, 0.734012246132, 0.345232248306, 0.200726881623, 0.128969863057, 0.0995814949274, 0.0691023096442, 0.0446255020797, 0.0298679769039, 0.0235795788467, 0.0115934573114, 0.0079642161727, 0.00459459098056, 0.00257892208174, 0.00192121218424, 0.0014661004534, 0.00114486156963, 0.000875036581419, 0.0007285567699, 0.000538528955076, 0.000405214872444, 0.000252058001934, 0.000128171857796, 3.28520800394e-05, 8.47952105687e-06, 1.8354761778e-05], "dvar": [0.000345996115357, 0.095853023231, 0.517621457577, 8.14410114288, 38.0896453857, 281.201965332, 389.512512207, 822.086303711, 1392.83557129, 10164.7285156, 1578.21020508, 4889.47363281, 666.780700684, 140.171524048, 198.176315308, 134.590881348, 0.740541815758, 0.109392024577, 0.182730719447, 0.0801870524883, 0.130117997527, 0.249124735594, 0.446319967508, 0.739686310291, 0.45950448513, 0.0622301697731, 0.000398309872253, 1.48400240505e-05, 2.45169735535e-06, 7.63764830936e-07, 1.48560914681e-07, 6.63468213702e-08, 3.81676983352e-08, 1.70461103011e-08, 9.13926090362e-09, 2.92504021004e-09, 6.7585981256e-10, 6.58036194978e-11, 1.24426129122e-11, 6.9413468029e-11], "dmean2": [0.0268371216953, 0.437931716442, 0.950759887695, 3.48006153107, 4.93080759048, 11.2942695618, 11.320438385, 20.6298618317, 31.317533493, 65.4135437012, 24.0143318176, 35.6361694336, 14.0670251846, 8.41365623474, 9.6027879715, 3.76170730591, 0.62523317337, 0.272535920143, 0.287340551615, 0.157809197903, 0.124314062297, 0.137573063374, 0.139688745141, 0.152120009065, 0.116350457072, 0.0392344407737, 0.00610858667642, 0.00230484153144, 0.00133815198205, 0.000862108659931, 0.000546046532691, 0.000407775485655, 0.000320254766848, 0.000221344365855, 0.000165518707945, 9.67981904978e-05, 4.87559336761e-05, 1.5177685782e-05, 3.81907148039e-06, 9.03460477275e-06], "dvar2": [0.00132291344926, 0.340717703104, 1.6673156023, 22.2251281738, 79.4827575684, 349.587432861, 548.268310547, 1559.62194824, 3132.67431641, 21946.75, 3992.95898438, 9438.93359375, 1353.05187988, 288.646911621, 531.077819824, 375.156982422, 2.08295917511, 0.294009685516, 0.472374469042, 0.22313760221, 0.388833969831, 0.754437446594, 1.37262201309, 2.25717616081, 1.38942873478, 0.186587512493, 0.00120044557843, 4.45769146609e-05, 7.0167902777e-06, 2.24347377298e-06, 4.31416026458e-07, 1.95278246906e-07, 1.10156982203e-07, 4.79058606118e-08, 2.62159076669e-08, 8.44768965891e-09, 1.93046290065e-09, 1.9065771184e-10, 2.429876092e-11, 1.36014671748e-10]}, "erbbands_skewness": {"min": -3.65054321289, "max": 3.56696128845, "var": 0.453867077827, "dmean": 0.406549990177, "mean": 0.321597516537, "median": 0.320753663778, "dvar": 0.116159118712, "dmean2": 0.625407278538, "dvar2": 0.27284309268}, "melbands_spread": {"min": 0.917482316494, "max": 146.383087158, "var": 15.6030836105, "dmean": 1.4145219326, "mean": 6.01313781738, "median": 5.38666248322, "dvar": 4.6474313736, "dmean2": 2.22737073898, "dvar2": 8.8318901062}, "spectral_kurtosis": {"min": -1.22312378883, "max": 233.247314453, "var": 1151.45117188, "dmean": 21.7741565704, "mean": 86.5183563232, "median": 83.8427734375, "dvar": 307.614471436, "dmean2": 37.688129425, "dvar2": 894.874755859}, "spectral_centroid": {"min": 185.001251221, "max": 10729.4990234, "var": 40270.7421875, "dmean": 43.3117485046, "mean": 389.38180542, "median": 373.569671631, "dvar": 16686.6679688, "dmean2": 66.4838867188, "dvar2": 23816.0214844}, "melbands_flatness_db": {"min": 0.00483220815659, "max": 0.604198515415, "var": 0.00203172070906, "dmean": 0.0161390472203, "mean": 0.459291815758, "median": 0.462650090456, "dvar": 0.000178584523383, "dmean2": 0.0247604772449, "dvar2": 0.000433092034655}, "spectral_flux": {"min": 6.70093078248e-11, "max": 0.190973743796, "var": 0.000637845252641, "dmean": 0.0133496439084, "mean": 0.0538176260889, "median": 0.0499480590224, "dvar": 0.000190226593986, "dmean2": 0.0229159593582, "dvar2": 0.000572050746996}, "spectral_energyband_high": {"min": 7.38071127037e-21, "max": 3.27427660523e-05, "var": 5.19918743475e-13, "dmean": 1.26601676698e-07, "mean": 5.43048031432e-07, "median": 4.38381619006e-07, "dvar": 6.1350029874e-13, "dmean2": 2.27955140986e-07, "dvar2": 1.83551914987e-12}, "barkbands": {"min": [8.99372823864e-25, 1.19688098576e-23, 8.18427964151e-24, 1.12952922496e-23, 1.54543420691e-23, 2.04939310527e-23, 2.88011286339e-23, 3.23693673893e-23, 5.47797255707e-23, 1.83399305738e-23, 4.10499107488e-23, 5.42112534697e-23, 2.1359899956e-23, 6.9244102424e-23, 7.12038096174e-23, 1.31985214199e-22, 1.12603128949e-22, 1.82936667216e-22, 1.76161980249e-22, 1.99099669857e-22, 3.06298584113e-22, 5.21583672883e-22, 4.71020036509e-22, 7.10116784418e-22, 1.1860361394e-21, 1.50980212344e-21, 2.23988352586e-21], "max": [4.54599285149e-05, 0.0190669335425, 0.0132940895855, 0.0463491156697, 0.134077742696, 0.155243337154, 0.116231165826, 0.0638084039092, 0.108139514923, 0.0338310860097, 0.00906233116984, 0.0078909760341, 0.000495666696224, 0.000516602012794, 0.000161654956173, 0.000195922111743, 0.000178193426109, 0.000374071649276, 0.000465697055915, 0.000388898915844, 7.13988674761e-06, 1.47492312408e-06, 5.31944522209e-07, 3.43428183669e-07, 2.85174223791e-07, 2.77029869267e-07, 3.93639396634e-08], "var": [1.60564877366e-11, 3.23785843648e-06, 1.3867652342e-06, 1.39285493788e-05, 5.52731289645e-05, 6.08941300015e-05, 6.22473016847e-05, 1.27352759591e-05, 1.71327901626e-05, 2.1921134703e-06, 2.68390095925e-07, 1.0090242597e-07, 5.04738806306e-10, 2.01324387716e-10, 4.16012987947e-11, 3.85450421581e-11, 5.46419298697e-11, 1.1035527353e-10, 1.36199995726e-10, 2.90741146436e-11, 3.72133354405e-14, 8.80435268013e-15, 1.56244449192e-15, 7.83075606989e-16, 8.66031525684e-16, 1.03355966076e-15, 3.05820947821e-17], "dmean": [2.62627304437e-06, 0.000873099314049, 0.000511273858137, 0.00111168262083, 0.00186818500515, 0.00172030960675, 0.0021569088567, 0.000977297546342, 0.000863174209371, 0.00030101579614, 0.000169338323758, 5.31470795977e-05, 6.67969834467e-06, 3.65143932868e-06, 2.16779676521e-06, 1.53379016865e-06, 1.35980963023e-06, 1.44567127336e-06, 1.46989953009e-06, 5.08658899889e-07, 4.29032489535e-08, 1.92804296972e-08, 1.13270850477e-08, 9.86992354512e-09, 1.06490309904e-08, 1.22772005895e-08, 3.92399313043e-09], "mean": [2.87550847133e-06, 0.00137451093178, 0.000928959634621, 0.00295785930939, 0.00553357182071, 0.00369914225303, 0.00421373778954, 0.0014538273681, 0.00152963644359, 0.000477544439491, 0.000253740203334, 8.18722546683e-05, 1.19568494483e-05, 6.38788878859e-06, 3.52732581632e-06, 2.52870358963e-06, 1.96829182642e-06, 1.52465202063e-06, 1.2553051647e-06, 4.90038019052e-07, 1.1574874037e-07, 7.21882926769e-08, 4.80685962145e-08, 4.59597764291e-08, 5.48254597277e-08, 6.28698302307e-08, 8.06798539088e-09], "median": [1.50371897689e-06, 0.000800880137831, 0.000536184292287, 0.00171309313737, 0.00340376119129, 0.00156120338943, 0.00148917129263, 0.000363712664694, 0.000343671097653, 5.88563707424e-05, 8.43317757244e-05, 1.24942589537e-05, 6.01166448178e-06, 3.24683946928e-06, 1.77242100108e-06, 1.41607790738e-06, 8.06412401744e-07, 4.60223702703e-07, 3.49195289573e-07, 1.68838042214e-07, 7.68435128862e-08, 5.22334957509e-08, 4.09117575373e-08, 4.20232169063e-08, 5.17490583718e-08, 6.57330829767e-08, 7.87607845609e-09], "dvar": [1.59516774789e-11, 1.34868355417e-06, 5.15902399911e-07, 2.39024257098e-06, 8.66617028805e-06, 1.39814319482e-05, 1.68471651705e-05, 6.94645859767e-06, 6.73997601552e-06, 8.87676037564e-07, 1.51133576765e-07, 5.91875171096e-08, 1.69307554088e-10, 9.64185606356e-11, 3.18384901776e-11, 4.17253974427e-11, 5.92673410349e-11, 1.6528815816e-10, 2.34693459111e-10, 5.28177813985e-11, 3.26785514339e-14, 1.43347578477e-15, 2.33695543115e-16, 1.09098075217e-16, 1.09162416634e-16, 1.28222113785e-16, 1.40114883189e-17], "dmean2": [4.94780169902e-06, 0.00164812873118, 0.000901065708604, 0.00165505334735, 0.00226718583144, 0.0023469410371, 0.00322282593697, 0.00155742245261, 0.00127600459382, 0.000451638537925, 0.000280898209894, 8.8085711468e-05, 1.13750274977e-05, 6.16893157712e-06, 3.78541449209e-06, 2.66934443971e-06, 2.38947131947e-06, 2.62629509962e-06, 2.77024719253e-06, 9.68384483713e-07, 7.62854526215e-08, 3.3234361041e-08, 1.95814973125e-08, 1.69897020896e-08, 1.81631882867e-08, 2.10214086138e-08, 6.78826550526e-09], "dvar2": [5.78792881678e-11, 4.84695738123e-06, 1.64895425314e-06, 5.5492937463e-06, 1.206394154e-05, 2.20327947318e-05, 3.36307930411e-05, 1.72629133885e-05, 1.28580004457e-05, 1.74637943928e-06, 4.05494773759e-07, 1.63872229564e-07, 4.68580174662e-10, 2.38031899746e-10, 9.03111058159e-11, 1.23568669186e-10, 1.78456041611e-10, 5.05530617367e-10, 7.14877212982e-10, 1.5769173467e-10, 9.83298457848e-14, 3.99324916192e-15, 6.92705873605e-16, 3.15129846529e-16, 3.12681391916e-16, 3.70698860698e-16, 4.07843022293e-17]}, "barkbands_flatness_db": {"min": 0.0527264066041, "max": 0.489496678114, "var": 0.00154194794595, "dmean": 0.015866400674, "mean": 0.345501452684, "median": 0.347133934498, "dvar": 0.000167848920682, "dmean2": 0.0242859199643, "dvar2": 0.000410173088312}, "erbbands_kurtosis": {"min": -1.69389843941, "max": 37.5081748962, "var": 8.02226924896, "dmean": 1.63249993324, "mean": 1.76352012157, "median": 1.00302886963, "dvar": 3.81944203377, "dmean2": 2.61868977547, "dvar2": 9.07277011871}, "spectral_energy": {"min": 1.05029990043e-20, "max": 0.179744914174, "var": 0.000389713939512, "dmean": 0.00557777332142, "mean": 0.0225372388959, "median": 0.0165684074163, "dvar": 5.55901133339e-05, "dmean2": 0.00812485348433, "dvar2": 0.000108856482257}, "spectral_spread": {"min": 385154.5625, "max": 43245568, "var": 579108798464, "dmean": 257209.234375, "mean": 1108003.75, "median": 1061598.25, "dvar": 260910022656, "dmean2": 458898.40625, "dvar2": 405950136320}, "spectral_contrast_valleys": {"min": [-27.4885845184, -27.062543869, -27.1248340607, -27.3234653473, -27.3414344788, -27.2373962402], "max": [-5.52931070328, -4.92973041534, -5.89488983154, -7.42995214462, -7.52278137207, -12.1614265442], "var": [0.620761334896, 0.530914366245, 0.524062633514, 0.396912127733, 0.391058772802, 0.3380638659], "dmean": [0.405482113361, 0.275061249733, 0.250911444426, 0.200366139412, 0.14283233881, 0.168801620603], "mean": [-7.28178501129, -6.61018276215, -8.18660545349, -9.5498046875, -10.3427762985, -13.2528486252], "median": [-7.16223096848, -6.55627918243, -8.17757797241, -9.48705768585, -10.3034915924, -13.1574163437], "dvar": [0.126505166292, 0.0766648724675, 0.0647260472178, 0.0508710183203, 0.0446016602218, 0.03831769526], "dmean2": [0.729166209698, 0.456096708775, 0.424961209297, 0.344959586859, 0.244274362922, 0.294295608997], "dvar2": [0.340402960777, 0.148005381227, 0.123861573637, 0.0969594269991, 0.0807152241468, 0.0797838717699]}, "zerocrossingrate": {"min": 0.0068359375, "max": 0.494140625, "var": 0.000109714630526, "dmean": 0.00190161971841, "mean": 0.018254160881, "median": 0.017578125, "dvar": 3.1473209674e-05, "dmean2": 0.00252126553096, "dvar2": 4.51915948361e-05}, "spectral_decrease": {"min": -4.60895250853e-08, "max": 1.68358801281e-28, "var": 2.55241781583e-17, "dmean": 1.42815104187e-09, "mean": -5.78367131965e-09, "median": -4.26739577009e-09, "dvar": 3.61097341886e-18, "dmean2": 2.07989692136e-09, "dvar2": 7.06637236247e-18}, "barkbands_skewness": {"min": -3.21580266953, "max": 4.89445209503, "var": 0.5571084