{"lowlevel": {"erbbands": {"mean": [1.13107073307, 2.63111186028, 1.22754001617, 2.52648425102, 4.44224739075, 6.96298074722, 14.1498060226, 15.8686304092, 14.8645973206, 23.9270744324, 22.6750221252, 32.8267707825, 16.2338676453, 28.118309021, 30.2477931976, 18.7277240753, 17.0103416443, 15.9358549118, 14.5236644745, 18.7236442566, 15.5215730667, 15.3429861069, 18.070186615, 16.8790283203, 13.7090816498, 14.9403247833, 9.5401134491, 6.43269777298, 5.3318772316, 5.88224887848, 6.41151332855, 5.12463474274, 6.11745929718, 3.13899612427, 1.43705546856, 0.633698880672, 0.17078012228, 0.0593257471919, 0.0298451781273, 0.000441855256213], "dvar": [1.49268829823, 13.6597032547, 6.18683290482, 31.3563289642, 54.2771835327, 118.389968872, 258.017181396, 542.182983398, 1188.66333008, 3749.01416016, 1809.45581055, 2799.51953125, 850.651306152, 2626.15869141, 5040.11669922, 1420.46411133, 1537.18457031, 3451.17602539, 708.521118164, 2687.83642578, 1000.16357422, 994.170043945, 2232.60449219, 873.047851563, 805.292602539, 951.634765625, 422.676849365, 275.26449585, 161.753448486, 158.80581665, 124.121589661, 67.067817688, 248.937393188, 23.0523662567, 5.6150226593, 1.52508950233, 0.0848073661327, 0.234750509262, 0.216584786773, 3.52652095899e-05], "min": [5.98988320491e-22, 3.2348071174e-21, 1.72390546575e-20, 1.23728189686e-20, 6.67067591155e-20, 6.98641462877e-20, 1.58292952632e-19, 3.43896850001e-19, 2.70141109737e-19, 4.40366246102e-19, 9.3389725133e-19, 7.21052202589e-19, 1.45197349707e-18, 2.72296235765e-18, 3.00939060195e-18, 6.16753433422e-18, 3.00028479097e-18, 5.27334795615e-18, 5.18677316529e-18, 5.61686820633e-18, 6.20156909412e-18, 6.24374413842e-18, 1.05543911735e-17, 1.02828815452e-17, 1.33939682132e-17, 1.22689777647e-17, 1.34325322005e-17, 1.54677050458e-17, 1.91671346778e-17, 1.76692462461e-17, 2.67283744592e-17, 1.89329433028e-17, 1.5087344239e-17, 1.36702953414e-17, 7.6963953032e-18, 6.23220496887e-18, 3.62006702892e-18, 1.10052885662e-18, 2.83060688628e-19, 3.22596561487e-20], "dmean": [0.638281941414, 1.62366676331, 1.01220571995, 2.24652934074, 3.58766293526, 5.34873723984, 8.80620861053, 9.83603096008, 11.4445800781, 20.7409648895, 18.2032299042, 24.6194190979, 11.9039964676, 22.3827972412, 25.7809658051, 15.6586208344, 15.5470924377, 15.9429578781, 12.3028030396, 17.6596393585, 13.687836647, 12.6849021912, 17.1789836884, 13.2124071121, 11.571267128, 12.086063385, 7.72997426987, 5.66169071198, 4.73009061813, 4.66903686523, 4.65420436859, 3.44554758072, 4.18981122971, 1.99160957336, 0.889828324318, 0.385086268187, 0.10181286186, 0.0614997819066, 0.0422934442759, 0.000558179512154], "dmean2": [0.781706809998, 2.36764979362, 1.35094034672, 3.40284991264, 5.48553705215, 8.52756214142, 12.9584379196, 14.8640499115, 17.4636802673, 32.440032959, 29.2650413513, 38.0394325256, 18.3744163513, 34.3827896118, 40.205821991, 25.2410049438, 24.7823104858, 25.3040218353, 19.7795448303, 28.8179950714, 21.7781963348, 19.260591507, 28.6296157837, 19.6864051819, 17.824804306, 18.5807991028, 11.9194250107, 8.6098947525, 7.46586322784, 7.33875703812, 6.93887805939, 5.08288574219, 6.31544923782, 2.93323588371, 1.29747903347, 0.55438631773, 0.145314648747, 0.100478701293, 0.0719431191683, 0.000956867530476], "dvar2": [2.77013611794, 24.3439388275, 11.7451477051, 76.9293060303, 127.96710968, 295.752838135, 585.535766602, 1326.78515625, 2934.98388672, 9034.125, 4478.77001953, 6502.55273438, 1993.04663086, 5887.50537109, 11552.2041016, 3534.29272461, 3671.55078125, 8268.77148438, 1740.77978516, 6863.86767578, 2450.79418945, 2041.34362793, 5975.68994141, 1773.14685059, 1906.04589844, 1891.48474121, 939.617553711, 603.405517578, 369.819335938, 381.492462158, 255.368591309, 150.974319458, 581.732971191, 47.8698883057, 10.9082536697, 2.9284119606, 0.155946239829, 0.617717266083, 0.574345827103, 9.41699036048e-05], "max": [10.897315979, 30.4546203613, 37.6588783264, 70.2774505615, 112.843566895, 194.912414551, 288.147644043, 465.72744751, 960.603271484, 1730.68676758, 987.176147461, 1221.06201172, 721.364379883, 1101.88586426, 921.476135254, 908.107299805, 615.741271973, 982.375671387, 347.753082275, 829.770446777, 366.839691162, 450.154663086, 618.546325684, 447.425445557, 454.246520996, 433.72064209, 398.848510742, 295.664550781, 240.002044678, 200.014205933, 193.020507813, 147.096969604, 486.277038574, 78.4895095825, 61.145362854, 50.1380386353, 11.54433918, 10.3290452957, 10.5604829788, 0.134695187211], "median": [0.250783264637, 0.436936169863, 0.197930037975, 0.103866420686, 0.696235477924, 2.06689143181, 4.72108125687, 4.00617027283, 2.62187814713, 3.24374318123, 4.16619777679, 7.27341079712, 3.72483325005, 7.24424934387, 5.46352863312, 2.51862215996, 3.38155722618, 2.59436202049, 2.7839486599, 3.57311487198, 2.94016623497, 2.31964206696, 3.68686723709, 3.67060422897, 4.0096540451, 3.09521245956, 1.66705536842, 1.03201532364, 0.951157689095, 1.0135294199, 1.69481635094, 1.55876863003, 1.19053637981, 0.777223408222, 0.382478535175, 0.166882306337, 0.0512009486556, 0.0103598693386, 0.000435869354988, 5.95162309764e-05], "var": [3.27075338364, 23.7980728149, 8.99496936798, 34.4716033936, 81.297164917, 180.180953979, 554.972473145, 951.826782227, 1483.71350098, 4324.89453125, 2883.60205078, 4672.11376953, 1449.42956543, 3924.43066406, 6088.93896484, 2249.6003418, 1646.28979492, 3131.55883789, 881.616882324, 2345.29907227, 1048.60058594, 1378.52087402, 1989.67578125, 1335.20373535, 915.230712891, 1281.84399414, 564.048522949, 333.271179199, 185.843170166, 200.86706543, 182.073883057, 98.6127166748, 340.198760986, 42.9748497009, 12.0598087311, 3.00096535683, 0.165427953005, 0.167791724205, 0.150575712323, 2.41300549533e-05]}, "gfcc": {"icov": [[7.91980273789e-05, -5.27771589987e-05, 8.86158595677e-05, -0.000151803498738, 0.00015303849068, -0.000136682734592, 0.00014571507927, -3.86865976907e-05, 0.0001302104356, -7.96192325652e-05, 0.00011866929708, -0.000162916607223, -4.3019765144e-05], [-5.27771589987e-05, 0.000706840772182, -0.000189697326277, 4.55915396742e-05, -0.000351417576894, 0.000300302141113, -9.72544876277e-05, 0.000186356119229, -0.000289137649816, 0.000183138094144, -0.000654046714772, 0.00104340352118, -0.000255771970842], [8.86158595677e-05, -0.000189697326277, 0.000883678090759, -0.00066342583159, -7.11897810106e-05, -0.000342609419022, 0.000180286486284, 0.000345932145137, -0.0001809407986, 6.86076818965e-05, -6.52325616102e-05, -0.000187757817912, -0.000129245672724], [-0.000151803498738, 4.55915396742e-05, -0.00066342583159, 0.00214991415851, -0.00101620843634, -1.18059256238e-06, 0.000245933275437, -0.000293234596029, -8.03584116511e-05, 0.000502877985127, 0.000163670658367, -8.28637203085e-05, -0.000219308945816], [0.00015303849068, -0.000351417576894, -7.11897810106e-05, -0.00101620843634, 0.00347494706511, -0.000813982100226, -0.0014679019805, 0.000316674384521, -0.000165605873917, -0.000156388283358, 0.000320809980622, -3.00142642118e-06, -0.000327688583639], [-0.000136682734592, 0.000300302141113, -0.000342609419022, -1.18059256238e-06, -0.000813982100226, 0.00342393247411, -0.00117024290375, -0.000470990489703, -0.000225168274483, -0.000132773231599, 0.000106647523353, 0.000118038973596, 4.36633035861e-06], [0.00014571507927, -9.72544876277e-05, 0.000180286486284, 0.000245933275437, -0.0014679019805, -0.00117024290375, 0.00459386501461, -0.000452212174423, -0.000751854269765, -0.000283546629362, -0.000557688705157, -0.000515085004736, 5.5318356317e-05], [-3.86865976907e-05, 0.000186356119229, 0.000345932145137, -0.000293234596029, 0.000316674384521, -0.000470990489703, -0.000452212174423, 0.00445765536278, -0.00148707162589, -0.000856027414557, -0.000764581607655, 0.000845817965455, -0.00123313546646], [0.0001302104356, -0.000289137649816, -0.0001809407986, -8.03584116511e-05, -0.000165605873917, -0.000225168274483, -0.000751854269765, -0.00148707162589, 0.00581293553114, -0.00140792399179, -0.000349607144017, -0.000548198528122, 0.000677945557982], [-7.96192325652e-05, 0.000183138094144, 6.86076818965e-05, 0.000502877985127, -0.000156388283358, -0.000132773231599, -0.000283546629362, -0.000856027414557, -0.00140792399179, 0.0073859016411, -0.00237483321689, -0.000657628464978, 3.57388744305e-05], [0.00011866929708, -0.000654046714772, -6.52325616102e-05, 0.000163670658367, 0.000320809980622, 0.000106647523353, -0.000557688705157, -0.000764581607655, -0.000349607144017, -0.00237483321689, 0.00905019789934, -0.00319774914533, -0.00133083842229], [-0.000162916607223, 0.00104340352118, -0.000187757817912, -8.28637203085e-05, -3.00142642118e-06, 0.000118038973596, -0.000515085004736, 0.000845817965455, -0.000548198528122, -0.000657628464978, -0.00319774914533, 0.00970347318798, -0.00275569478981], [-4.3019765144e-05, -0.000255771970842, -0.000129245672724, -0.000219308945816, -0.000327688583639, 4.36633035861e-06, 5.5318356317e-05, -0.00123313546646, 0.000677945557982, 3.57388744305e-05, -0.00133083842229, -0.00275569478981, 0.00709320511669]], "mean": [-42.4885368347, 52.2115287781, -89.2814712524, 19.0125427246, -57.1711502075, 17.9499149323, -32.3523788452, 22.6919345856, -19.2343273163, 10.066696167, -4.4363822937, 10.2532348633, -2.17461800575], "cov": [[23690.0976563, -891.269897461, -2393.42724609, 323.191497803, -1779.2331543, -219.641311646, -1511.06555176, -22.1646118164, -950.898803711, -119.272315979, -408.436218262, 205.429931641, 98.4549942017], [-891.269897461, 2305.18725586, 949.385864258, 404.901702881, 528.553161621, 70.0426483154, 228.438858032, -28.8414154053, 188.803466797, -22.9955406189, 126.149932861, -156.482162476, 70.0595703125], [-2393.42724609, 949.385864258, 2507.71240234, 922.682373047, 771.592773438, 378.121307373, 341.665527344, -43.143825531, 251.432006836, -17.6418857574, 116.902496338, 18.52252388, 124.373641968], [323.191497803, 404.901702881, 922.682373047, 986.447875977, 450.155426025, 229.45916748, 132.186187744, 33.4253959656, 87.5113754272, -32.9371566772, 25.000957489, 28.0250034332, 96.6869125366], [-1779.2331543, 528.553161621, 771.592773438, 450.155426025, 821.769165039, 318.127410889, 413.74331665, 66.9932556152, 211.98260498, 49.2414245605, 96.8201141357, 16.341917038, 86.4386825562], [-219.641311646, 70.0426483154, 378.121307373, 229.45916748, 318.127410889, 502.542999268, 259.698272705, 113.592300415, 130.875717163, 64.7010498047, 62.9405021667, 46.7413673401, 64.4207687378], [-1511.06555176, 228.438858032, 341.665527344, 132.186187744, 413.74331665, 259.698272705, 520.583679199, 128.913085938, 207.439468384, 97.30078125, 122.730155945, 49.4117965698, 68.5970916748], [-22.1646118164, -28.8414154053, -43.143825531, 33.4253959656, 66.9932556152, 113.592300415, 128.913085938, 347.331115723, 136.148361206, 106.84588623, 92.9193649292, 46.6479759216, 83.4805297852], [-950.898803711, 188.803466797, 251.432006836, 87.5113754272, 211.98260498, 130.875717163, 207.439468384, 136.148361206, 313.784393311, 102.273971558, 99.6875762939, 36.5383758545, 42.4845314026], [-119.272315979, -22.9955406189, -17.6418857574, -32.9371566772, 49.2414245605, 64.7010498047, 97.30078125, 106.84588623, 102.273971558, 213.228134155, 102.459068298, 63.1384658813, 50.0620155334], [-408.436218262, 126.149932861, 116.902496338, 25.000957489, 96.8201141357, 62.9405021667, 122.730155945, 92.9193649292, 99.6875762939, 102.459068298, 210.90385437, 86.7560653687, 87.8361053467], [205.429931641, -156.482162476, 18.52252388, 28.0250034332, 16.341917038, 46.7413673401, 49.4117965698, 46.6479759216, 36.5383758545, 63.1384658813, 86.7560653687, 181.965621948, 88.4180374146], [98.4549942017, 70.0595703125, 124.373641968, 96.6869125366, 86.4386825562, 64.4207687378, 68.5970916748, 83.4805297852, 42.4845314026, 50.0620155334, 87.8361053467, 88.4180374146, 213.807876587]]}, "spectral_skewness": {"mean": 1.72828650475, "dvar": 0.222327783704, "min": -0.245130181313, "dmean": 0.288955390453, "dmean2": 0.411250144243, "dvar2": 0.444795608521, "max": 16.3951950073, "median": 1.49777901173, "var": 1.48901224136}, "spectral_energyband_low": {"mean": 0.0250400770456, "dvar": 0.000725729682017, "min": 3.60285523407e-23, "dmean": 0.0133695155382, "dmean2": 0.0174488518387, "dvar2": 0.00122315343469, "max": 0.233931273222, "median": 0.00580422021449, "var": 0.00164359016344}, "spectral_energyband_middle_low": {"mean": 0.00882753822953, "dvar": 4.2037518142e-05, "min": 2.01793484698e-22, "dmean": 0.00455415807664, "dmean2": 0.00672509660944, "dvar2": 9.29403540795e-05, "max": 0.0959120243788, "median": 0.00663283560425, "var": 8.35614773678e-05}, "mfcc": {"icov": [[8.20540735731e-05, -2.3475391572e-05, 6.72901951475e-05, 1.50200494318e-05, -6.3521139964e-05, 5.01595095557e-05, 2.76532264252e-05, 1.93801024579e-05, 6.17895202595e-05, -2.04185198527e-05, 0.0001577262301, 1.44819996422e-05, 7.76425622462e-06], [-2.3475391572e-05, 0.000693199457601, -0.000202262293897, -0.000267205730779, -1.1475309293e-05, -1.79889430001e-05, -0.00013174302876, 0.000188792459085, 0.000297249993309, -0.000551983714104, 0.000117693860375, 7.64312644606e-05, -4.44017423433e-05], [6.72901951475e-05, -0.000202262293897, 0.00117924879305, -0.000300822634017, -0.000611203256994, -0.000256193045061, 0.000224589646677, -3.1521271012e-05, 7.61319533922e-05, 0.000115834955068, 0.000120973643789, -0.000100776764157, 0.000150053499965], [1.50200494318e-05, -0.000267205730779, -0.000300822634017, 0.00250819837674, -0.00126630917657, -0.000174295011675, -5.15025858476e-05, -0.000181001072633, -0.000272573175607, 0.000782939838246, 7.4237877925e-06, -0.000641771184746, 0.0003834113013], [-6.3521139964e-05, -1.1475309293e-05, -0.000611203256994, -0.00126630917657, 0.00413402821869, -0.000646406202577, -0.000465582183097, -0.000413336209022, -0.00057697633747, -0.000665535219014, 0.000890453869943, -0.000287621078314, -2.58817590293e-06], [5.01595095557e-05, -1.79889430001e-05, -0.000256193045061, -0.000174295011675, -0.000646406202577, 0.00304322689772, -0.00100217526779, -0.000660753925331, -2.71929256996e-05, 0.000108851156256, -0.000786907272413, 0.00127766560763, -0.000768168538343], [2.76532264252e-05, -0.00013174302876, 0.000224589646677, -5.15025858476e-05, -0.000465582183097, -0.00100217526779, 0.00463679200038, -0.000975029135589, -0.000638552010059, -0.000672742724419, 0.000591950665694, -0.00111859152094, 9.8135897133e-05], [1.93801024579e-05, 0.000188792459085, -3.1521271012e-05, -0.000181001072633, -0.000413336209022, -0.000660753925331, -0.000975029135589, 0.0059879841283, -0.00156749866437, -7.97905013314e-05, -0.001271811896, 0.000530812016223, -0.000905282737222], [6.17895202595e-05, 0.000297249993309, 7.61319533922e-05, -0.000272573175607, -0.00057697633747, -2.71929256996e-05, -0.000638552010059, -0.00156749866437, 0.00659303786233, -0.00247014965862, 0.000427348626545, -0.00117696099915, -0.000289988762233], [-2.04185198527e-05, -0.000551983714104, 0.000115834955068, 0.000782939838246, -0.000665535219014, 0.000108851156256, -0.000672742724419, -7.97905013314e-05, -0.00247014965862, 0.00754276290536, -0.00246817525476, 0.000582246459089, -0.000757997040637], [0.0001577262301, 0.000117693860375, 0.000120973643789, 7.4237877925e-06, 0.000890453869943, -0.000786907272413, 0.000591950665694, -0.001271811896, 0.000427348626545, -0.00246817525476, 0.00813768804073, -0.00373414205387, 0.000782363989856], [1.44819996422e-05, 7.64312644606e-05, -0.000100776764157, -0.000641771184746, -0.000287621078314, 0.00127766560763, -0.00111859152094, 0.000530812016223, -0.00117696099915, 0.000582246459089, -0.00373414205387, 0.00988611578941, -0.00418802164495], [7.76425622462e-06, -4.44017423433e-05, 0.000150053499965, 0.0003834113013, -2.58817590293e-06, -0.000768168538343, 9.8135897133e-05, -0.000905282737222, -0.000289988762233, -0.000757997040637, 0.000782363989856, -0.00418802164495, 0.00871891900897]], "mean": [-691.268005371, 92.0302200317, 18.8176803589, 10.5374336243, 5.8329577446, -3.76141834259, 7.00824594498, 7.30465698242, 0.842265188694, 8.62028980255, -1.00135302544, 4.15431451797, 6.59506225586], "cov": [[15225.421875, 134.890670776, -1106.27880859, -490.182006836, -325.092224121, -760.44519043, -470.580108643, -523.176269531, -510.563201904, -299.130950928, -575.914428711, -373.176391602, -258.955200195], [134.890670776, 1880.2355957, 557.841552734, 383.766448975, 274.557952881, 169.54258728, 119.920570374, 13.5344839096, 11.0752000809, 119.783081055, -21.0715389252, 7.0710067749, 14.1221513748], [-1106.27880859, 557.841552734, 1398.61828613, 495.066223145, 442.319458008, 320.795318604, 130.364303589, 124.91242981, 99.1107330322, 48.3967323303, 14.1815290451, 49.2194671631, 27.7553882599], [-490.182006836, 383.766448975, 495.066223145, 739.38659668, 379.945526123, 232.051620483, 147.046188354, 122.964553833, 114.09563446, 28.2226963043, 19.2111854553, 75.3725738525, 33.7549285889], [-325.092224121, 274.557952881, 442.319458008, 379.945526123, 529.313964844, 257.121887207, 176.113433838, 144.454650879, 144.786483765, 85.8048248291, 13.887087822, 62.2184715271, 54.1092185974], [-760.44519043, 169.54258728, 320.795318604, 232.051620483, 257.121887207, 567.34564209, 212.190612793, 181.350784302, 132.962310791, 90.3555145264, 77.8212203979, 38.762676239, 76.2317581177], [-470.580108643, 119.920570374, 130.364303589, 147.046188354, 176.113433838, 212.190612793, 359.051940918, 152.253952026, 144.295166016, 104.039405823, 60.3873100281, 85.2351303101, 72.2011260986], [-523.176269531, 13.5344839096, 124.91242981, 122.964553833, 144.454650879, 181.350784302, 152.253952026, 292.432739258, 150.545547485, 92.5975799561, 89.763710022, 71.1229248047, 76.8133850098], [-510.563201904, 11.0752000809, 99.1107330322, 114.09563446, 144.786483765, 132.962310791, 144.295166016, 150.545547485, 286.947296143, 131.702529907, 78.5140914917, 93.6629714966, 78.4906845093], [-299.130950928, 119.783081055, 48.3967323303, 28.2226963043, 85.8048248291, 90.3555145264, 104.039405823, 92.5975799561, 131.702529907, 229.024902344, 95.4763259888, 63.8079566956, 61.6050834656], [-575.914428711, -21.0715389252, 14.1815290451, 19.2111854553, 13.887087822, 77.8212203979, 60.3873100281, 89.763710022, 78.5140914917, 95.4763259888, 217.065429688, 104.353630066, 56.3766365051], [-373.176391602, 7.0710067749, 49.2194671631, 75.3725738525, 62.2184715271, 38.762676239, 85.2351303101, 71.1229248047, 93.6629714966, 63.8079566956, 104.353630066, 199.300048828, 101.095558167], [-258.955200195, 14.1221513748, 27.7553882599, 33.7549285889, 54.1092185974, 76.2317581177, 72.2011260986, 76.8133850098, 78.4906845093, 61.6050834656, 56.3766365051, 101.095558167, 178.396331787]]}, "silence_rate_20dB": {"mean": 1, "dvar": 0, "min": 1, "dmean": 0, "dmean2": 0, "dvar2": 0, "max": 1, "median": 1, "var": 0}, "dynamic_complexity": 3.86180448532, "silence_rate_60dB": {"mean": 0.0999586954713, "dvar": 0.0350343547761, "min": 0, "dmean": 0.0363536216319, "dmean2": 0.072717256844, "dvar2": 0.0743139907718, "max": 1, "median": 0, "var": 0.0899599567056}, "dissonance": {"mean": 0.444615900517, "dvar": 0.000719184870832, "min": 0.175315245986, "dmean": 0.0275348406285, "dmean2": 0.0445959493518, "dvar2": 0.00184319261461, "max": 0.49999794364, "median": 0.452488958836, "var": 0.00168228754774}, "barkbands": {"mean": [0.00301831704564, 0.0210850164294, 0.000871151103638, 0.00120260252152, 0.00200563017279, 0.00187765725423, 0.00134964019526, 0.00101894885302, 0.00124980800319, 0.000542611291166, 0.000821642228402, 0.000420980417402, 0.000358527729986, 0.00025151236332, 0.00031131770811, 0.000369899906218, 0.00027129452792, 0.000333014089847, 0.000284196838038, 0.000322042615153, 0.000184525706572, 0.00015503531904, 0.000217642533244, 0.000314317003358, 0.000231051977607, 0.000110914617835, 0.000114529437269], "dvar": [1.78462123586e-05, 0.000600344035774, 5.69061057831e-06, 8.06617026683e-06, 6.07105721429e-06, 4.74219723401e-06, 1.32454451887e-05, 4.19541447627e-06, 3.95199958803e-06, 1.40914187341e-06, 3.64757443094e-06, 8.28056045066e-07, 6.87486760853e-07, 9.2296437515e-07, 5.23745995906e-07, 1.07972823571e-06, 3.15349325319e-07, 6.39357324417e-07, 3.0272605045e-07, 4.25998365472e-07, 1.83087607297e-07, 1.18832353735e-07, 1.30794774122e-07, 4.41257384409e-07, 1.11625880095e-07, 4.16882421916e-08, 2.93088942271e-06], "min": [4.67373856718e-24, 1.72066309092e-23, 1.58054719466e-23, 2.32024877318e-24, 3.132828872e-23, 2.82122597454e-23, 2.71983841555e-23, 3.00632555951e-23, 3.59834705177e-23, 6.87413708354e-23, 4.61994148778e-23, 1.34367750837e-22, 5.62656365935e-23, 1.21624365556e-22, 5.85552264848e-23, 9.64283691247e-23, 1.13366834658e-22, 1.61864450633e-22, 2.48464957097e-22, 2.66989329662e-22, 3.35966039793e-22, 5.79006183461e-22, 9.08357605631e-22, 8.96584519264e-22, 1.11375941584e-21, 1.82678052105e-21, 2.12168878673e-21], "dmean": [0.00219044811092, 0.0116897402331, 0.000871997151989, 0.00110816874076, 0.00140898430254, 0.00110883638263, 0.00112032191828, 0.00086290796753, 0.000960951379966, 0.000432471220847, 0.000724459066987, 0.000375251314836, 0.000337520381436, 0.00026348704705, 0.000281226064544, 0.000365278276149, 0.000225032999879, 0.000304249871988, 0.000241545305471, 0.000263764552074, 0.000155781948706, 0.000131441134727, 0.000153761633555, 0.000207138305996, 0.000139555326314, 6.47529595881e-05, 0.000158996117534], "dmean2": [0.00344826141372, 0.0155366174877, 0.00125817582011, 0.00174835545477, 0.0021976607386, 0.00167709717061, 0.0017380125355, 0.00138606561814, 0.00149912305642, 0.000678656157106, 0.00112857250497, 0.000612906413153, 0.000542214489542, 0.000419974938268, 0.000458519876702, 0.000601280597039, 0.000344436237356, 0.000503149465658, 0.000368063134374, 0.000406842678785, 0.000239180168137, 0.00021086880588, 0.000227151453146, 0.000307735695969, 0.00020349258557, 9.32025213842e-05, 0.000270295422524], "dvar2": [4.59937655251e-05, 0.00102821423206, 1.24856032926e-05, 2.07477914955e-05, 1.47121709233e-05, 1.14573758765e-05, 3.26414992742e-05, 1.03261127151e-05, 9.23039806366e-06, 3.25138853441e-06, 8.39822587295e-06, 2.1065745841e-06, 1.65228709648e-06, 2.20484889724e-06, 1.33507148803e-06, 2.77041044683e-06, 6.54568793834e-07, 1.67024222719e-06, 6.94266589107e-07, 8.43412237828e-07, 4.0809899815e-07, 2.62541675511e-07, 2.61601400098e-07, 1.0069735481e-06, 2.13798429627e-07, 7.94185339714e-08, 7.7614613474e-06], "max": [0.048373606056, 0.215478345752, 0.0396834500134, 0.0331156998873, 0.0354756116867, 0.037237636745, 0.0902125090361, 0.0362771376967, 0.0397929996252, 0.0291246976703, 0.0262863487005, 0.0178813748062, 0.0126233352348, 0.0156367942691, 0.0104725807905, 0.0151286907494, 0.00710935145617, 0.00983620341867, 0.00740657933056, 0.00876050535589, 0.00651543168351, 0.00632630288601, 0.00644620973617, 0.0198394432664, 0.00628171116114, 0.00885577965528, 0.0380554385483], "median": [0.000805745657999, 0.00426160497591, 9.428607882e-06, 1.34168485602e-05, 0.000754880195018, 0.000594180542976, 0.000139367708471, 0.000107842482976, 0.00024315432529, 7.53127533244e-05, 0.000172698550159, 5.11387115694e-05, 6.88195650582e-05, 2.76749960904e-05, 5.98974547756e-05, 5.7980112615e-05, 3.6972174712e-05, 6.43262101221e-05, 7.17595030437e-05, 7.09193918738e-05, 2.9742872357e-05, 2.60938049905e-05, 5.57885505259e-05, 7.16859358363e-05, 6.4531181124e-05, 3.27141096932e-05, 2.68871076514e-06], "var": [2.46998697548e-05, 0.00124420202337, 6.22011884843e-06, 9.11633287615e-06, 9.98847554001e-06, 9.31448539632e-06, 1.602636803e-05, 6.06429239269e-06, 6.48766399536e-06, 2.2445092327e-06, 4.17794217356e-06, 1.15650345833e-06, 7.29810437861e-07, 8.40734287522e-07, 5.29312160324e-07, 9.17946351819e-07, 4.43242555548e-07, 6.34425020962e-07, 3.77035547672e-07, 5.743503948e-07, 2.30649703781e-07, 1.51087093059e-07, 2.06093602628e-07, 6.41324959361e-07, 2.41978710847e-07, 8.05089896971e-08, 2.0435766146e-06]}, "spectral_complexity": {"mean": 12.6454629898, "dvar": 51.4481239319, "min": 0, "dmean": 4.79895353317, "dmean2": 6.87012815475, "dvar2": 77.0896453857, "max": 68, "median": 10, "var": 141.559906006}, "spectral_energyband_high": {"mean": 0.00150778493844, "dvar": 6.6614534262e-06, "min": 7.84683562348e-21, "dmean": 0.00101617758628, "dmean2": 0.00152160855941, "dvar2": 1.47850669237e-05, "max": 0.0385944023728, "median": 0.000471650360851, "var": 8.69570703799e-06}, "hfc": {"mean": 24.4678459167, "dvar": 1233.00866699, "min": 1.16857591845e-16, "dmean": 13.8883810043, "dmean2": 20.500043869, "dvar2": 2913.08276367, "max": 653.834350586, "median": 14.080450058, "var": 1392.39587402}, "melbands_kurtosis": {"mean": 49.0907440186, "dvar": 10908.5, "min": -1.89219796658, "dmean": 35.6670417786, "dmean2": 55.2652931213, "dvar2": 26445.5449219, "max": 3478.6015625, "median": 15.5969839096, "var": 19094.8183594}, "spectral_strongpeak": {"mean": 0.86986541748, "dvar": 14.5320806503, "min": 0, "dmean": 0.670222878456, "dmean2": 1.16543054581, "dvar2": 40.4517097473, "max": 81.9863128662, "median": 0.44798001647, "var": 9.23627471924}, "silence_rate_30dB": {"mean": 0.897287607193, "dvar": 0.0688266456127, "min": 0, "dmean": 0.074359677732, "dmean2": 0.148739844561, "dvar2": 0.127984702587, "max": 1, "median": 1, "var": 0.0921664237976}, "melbands_spread": {"mean": 22.6680965424, "dvar": 329.844451904, "min": 0.0767120942473, "dmean": 10.7185249329, "dmean2": 15.7225255966, "dvar2": 678.728820801, "max": 301.517669678, "median": 13.0952663422, "var": 781.585876465}, "melbands_crest": {"mean": 21.6580696106, "dvar": 18.9839439392, "min": 1.97638309002, "dmean": 4.41570234299, "dmean2": 6.4419465065, "dvar2": 40.7074508667, "max": 36.9282341003, "median": 21.7327327728, "var": 86.1853637695}, "average_loudness": 0.963616251945, "spectral_flux": {"mean": 0.0935548990965, "dvar": 0.00185869575944, "min": 6.64023697139e-11, "dmean": 0.0376689992845, "dmean2": 0.0579943433404, "dvar2": 0.00461577717215, "max": 0.338832497597, "median": 0.0797901526093, "var": 0.00391170196235}, "spectral_rolloff": {"mean": 1853.9720459, "dvar": 4008364.75, "min": 43.06640625, "dmean": 930.676147461, "dmean2": 1505.61108398, "dvar2": 8238380, "max": 18841.5527344, "median": 689.0625, "var": 8203185.5}, "melbands": {"mean": [0.00759230740368, 0.00145237229299, 0.00051878328668, 0.000379518955015, 0.000469481863547, 0.000345018954249, 0.00024971892708, 0.000253372185398, 0.000175002904143, 0.000208960133023, 7.30965475668e-05, 0.000107802938146, 9.89714462776e-05, 6.19790880592e-05, 3.2747786463e-05, 4.05998180213e-05, 2.83089611912e-05, 2.01524471777e-05, 2.53035523201e-05, 3.11694311677e-05, 1.47135260704e-05, 1.54958397616e-05, 1.75392597157e-05, 1.46844895426e-05, 1.36723283504e-05, 1.01189780253e-05, 9.75677812676e-06, 1.02282492662e-05, 6.56224392515e-06, 4.26531960329e-06, 3.53556310984e-06, 3.05477374241e-06, 2.97216797662e-06, 3.26939562001e-06, 3.69429699276e-06, 3.41981399288e-06, 3.05998673866e-06, 4.24203335569e-06, 3.90053128285e-06, 2.2708763936e-06], "dvar": [6.97162759025e-05, 5.01751901538e-06, 1.02648550637e-06, 3.0584999422e-07, 2.6076645554e-07, 2.21429147018e-07, 3.61933672366e-07, 3.569626017e-07, 1.20632520861e-07, 1.17114396403e-07, 2.24107630231e-08, 4.16263539194e-08, 5.41380629215e-08, 1.29155335316e-08, 5.77715075778e-09, 1.05138306949e-08, 1.45163827625e-08, 1.38586364606e-09, 5.03154229392e-09, 1.0569555009e-08, 7.38828054292e-10, 1.0292129371e-09, 3.3835154678e-09, 9.82826708906e-10, 6.40666353302e-10, 5.73863623288e-10, 3.50822038087e-10, 5.47818401753e-10, 2.27369012507e-10, 1.11434764194e-10, 9.37983024585e-11, 6.36622907169e-11, 4.95369717468e-11, 4.75980088677e-11, 4.75869760264e-11, 3.9336967711e-11, 2.62132052176e-11, 1.24520616041e-10, 7.96569407657e-11, 1.28417840597e-11], "min": [4.6479353214e-24, 7.05206860502e-24, 3.59829632801e-24, 5.11088623224e-24, 7.35042684342e-24, 6.71110556684e-24, 4.84329988003e-24, 4.70997252628e-24, 8.32668875643e-24, 4.13469689444e-24, 6.95997856066e-24, 1.12231927295e-23, 8.26485152779e-24, 1.5061700753e-23, 9.61266850488e-24, 6.60844557522e-24, 1.06670110814e-23, 8.93332989229e-24, 5.00648404131e-24, 5.79614406263e-24, 6.59580210706e-24, 6.10806360886e-24, 8.64693157407e-24, 5.90497925742e-24, 8.15076961912e-24, 1.14179459209e-23, 9.3318040459e-24, 7.55036048441e-24, 8.6634124561e-24, 6.80193343375e-24, 9.28571484751e-24, 1.15218870226e-23, 1.06631204194e-23, 9.62194866456e-24, 1.49236911154e-23, 1.1095861113e-23, 9.59784580847e-24, 9.44716075379e-24, 1.3239034476e-23, 9.32176657974e-24], "dmean": [0.00420661596581, 0.000972095120233, 0.000436659785919, 0.000293977966066, 0.000294415454846, 0.000211221078644, 0.000197260014829, 0.000219974608626, 0.000145336074638, 0.000157784248586, 5.68591240153e-05, 8.68855859153e-05, 8.54987229104e-05, 5.29987810296e-05, 2.96190719382e-05, 3.86607498513e-05, 3.02796397591e-05, 1.71378887899e-05, 2.40269164351e-05, 3.21923544107e-05, 1.24575244627e-05, 1.3312682313e-05, 1.88775793504e-05, 1.27845223687e-05, 1.12441011879e-05, 9.1747742772e-06, 8.08974527899e-06, 8.71010979608e-06, 5.46080309505e-06, 3.75397098651e-06, 3.23841254612e-06, 2.93343578051e-06, 2.47131742981e-06, 2.6270872695e-06, 2.75545585282e-06, 2.67045948021e-06, 2.08331675822e-06, 3.02550824927e-06, 2.7164498988e-06, 1.45827004872e-06], "dmean2": [0.00535950763151, 0.00139353901614, 0.000643376028165, 0.000460979732452, 0.000437258626334, 0.000317863508826, 0.000302832107991, 0.000345838168869, 0.000235844796407, 0.000244072580244, 8.87987043825e-05, 0.000133990761242, 0.000133115056087, 8.42954323161e-05, 4.7930967412e-05, 6.26136315987e-05, 4.83745061501e-05, 2.75485617749e-05, 3.92659458157e-05, 5.34874016012e-05, 1.98196175916e-05, 1.93370524357e-05, 3.26606459566e-05, 2.11107217183e-05, 1.68686256075e-05, 1.46648771988e-05, 1.22896035464e-05, 1.37591114253e-05, 8.51623917697e-06, 5.75727835894e-06, 4.99439511259e-06, 4.7789421842e-06, 3.86485953641e-06, 4.22276889367e-06, 4.09930453316e-06, 4.17137016484e-06, 3.16404566547e-06, 4.6147156354e-06, 4.06848494094e-06, 2.17243109546e-06], "dvar2": [0.000123980425997, 8.65557922225e-06, 2.43031377067e-06, 7.39803795113e-07, 6.01895578711e-07, 5.38998563115e-07, 8.98707980923e-07, 8.57534814713e-07, 3.00139163301e-07, 2.70246886203e-07, 5.30729735715e-08, 9.3696499448e-08, 1.23776331407e-07, 3.18252624254e-08, 1.43301130962e-08, 2.54200251959e-08, 3.50258169135e-08, 3.38410122147e-09, 1.28977335478e-08, 2.73771902926e-08, 1.74174019651e-09, 2.09089390246e-09, 9.34458732615e-09, 2.46503595314e-09, 1.37859978988e-09, 1.4526589931e-09, 7.43565597983e-10, 1.15668752354e-09, 5.11000186609e-10, 2.56966919965e-10, 2.09240194615e-10, 1.56653842676e-10, 1.07649653081e-10, 1.1911741038e-10, 1.00761107791e-10, 9.01853036694e-11, 6.22200971301e-11, 3.00683034027e-10, 1.78245557203e-10, 2.70044195338e-11], "max": [0.0742441192269, 0.0227633435279, 0.0119777461514, 0.00791941862553, 0.00926456227899, 0.00911576207727, 0.0162998978049, 0.0152125349268, 0.0080840382725, 0.0076128966175, 0.003559487639, 0.00464371452108, 0.00317161390558, 0.00208744313568, 0.0013091644505, 0.00162566849031, 0.00202492671087, 0.000693892943673, 0.00109691964462, 0.00157555972692, 0.000412013119785, 0.000542551570106, 0.000645340187475, 0.000482778326841, 0.000393854279537, 0.000431062973803, 0.0002494250366, 0.00035949589801, 0.000339708727552, 0.000200840018806, 0.000154911962454, 0.000130110784085, 0.000134051995701, 0.000119189302495, 0.000111431792902, 0.000116495677503, 0.000102355283161, 0.000302324740915, 0.000283703120658, 6.55170952086e-05], "median": [0.00160250230692, 0.000325474247802, 2.29841571127e-05, 9.39755918807e-05, 0.000176655346877, 9.08112197067e-05, 3.67707398254e-05, 3.63475701306e-05, 2.69177053269e-05, 3.95730494347e-05, 1.31137994686e-05, 2.40443550865e-05, 1.89433612832e-05, 8.33001104183e-06, 3.77157698495e-06, 8.04002229415e-06, 3.0520106975e-06, 3.48375556314e-06, 4.75357319374e-06, 4.60337014374e-06, 2.58699606093e-06, 2.12558302337e-06, 2.90152502203e-06, 2.78938978227e-06, 2.76433684121e-06, 2.5056681352e-06, 2.64159393737e-06, 1.81865095783e-06, 1.0688115708e-06, 6.58677834053e-07, 4.87468923893e-07, 5.5459804571e-07, 3.80980822001e-07, 5.50820118406e-07, 8.51984964356e-07, 1.03341005797e-06, 8.18695809812e-07, 8.29386522128e-07, 7.02215629644e-07, 5.6963165207e-07], "var": [0.000152335836901, 8.53177334648e-06, 1.34059234824e-06, 4.48096642458e-07, 5.45847626654e-07, 4.03979669272e-07, 4.47327465736e-07, 4.18686425974e-07, 1.86578645867e-07, 2.01125715193e-07, 3.619804545e-08, 6.41334736429e-08, 6.37567652007e-08, 1.85306348044e-08, 7.59810259154e-09, 1.04242827703e-08, 1.27710819697e-08, 1.80952053341e-09, 4.60343629882e-09, 8.50722425838e-09, 9.3614660468e-10, 1.45084744219e-09, 2.58185073321e-09, 1.14163578591e-09, 9.20348408595e-10, 5.6575810703e-10, 4.64701166436e-10, 6.76621259021e-10, 2.91878049508e-10, 1.32318031532e-10, 1.10727815805e-10, 6.35906119428e-11, 6.37413594129e-11, 5.88968665505e-11, 6.72209371499e-11, 5.04810256097e-11, 3.56693806436e-11, 1.59098179076e-10, 1.18594620235e-10, 2.40568311799e-11]}, "spectral_energy": {"mean": 0.0392938703299, "dvar": 0.000633324147202, "min": 1.08878706337e-20, "dmean": 0.0159804355353, "dmean2": 0.020997222513, "dvar2": 0.00106964423321, "max": 0.234546378255, "median": 0.0260803122073, "var": 0.00177504657768}, "spectral_decrease": {"mean": -9.82305881081e-09, "dvar": 4.42213402449e-17, "min": -6.18423072751e-08, "dmean": 4.11714751181e-09, "dmean2": 5.35405808577e-09, "dvar2": 7.46562994484e-17, "max": 3.97170252242e-09, "median": -6.11443828902e-09, "var": 1.22797344214e-16}, "erbbands_spread": {"mean": 43.7727584839, "dvar": 222.92868042, "min": 0.405138909817, "dmean": 13.447804451, "dmean2": 20.797750473, "dvar2": 524.276672363, "max": 264.164764404, "median": 40.3371963501, "var": 590.95703125}, "spectral_contrast_coeffs": {"mean": [-0.623763382435, -0.667647719383, -0.729507625103, -0.770286560059, -0.789011359215, -0.806763470173], "dvar": [0.00244281743653, 0.00322838500142, 0.00238272920251, 0.00171684776433, 0.00087712414097, 0.000582548964303], "min": [-0.981726825237, -0.972897529602, -0.985070705414, -0.970348894596, -0.963959693909, -0.960676968098], "dmean": [0.055152900517, 0.06550373137, 0.0577268190682, 0.0459845028818, 0.0315562821925, 0.0242011602968], "dmean2": [0.0838616490364, 0.102423787117, 0.0911240056157, 0.0735591202974, 0.0500227101147, 0.0379038527608], "dvar2": [0.00523024052382, 0.00754205835983, 0.00568640138954, 0.00419940939173, 0.00213289237581, 0.00138955074362], "max": [-0.233388081193, -0.294079095125, -0.401811659336, -0.50533425808, -0.528402090073, -0.607631385326], "median": [-0.632887840271, -0.664202570915, -0.731856644154, -0.776278972626, -0.793009877205, -0.812269866467], "var": [0.014568974264, 0.0120453489944, 0.00891504716128, 0.00502522662282, 0.00299875973724, 0.00225135055371]}, "spectral_energyband_middle_high": {"mean": 0.00404984550551, "dvar": 2.79860360024e-05, "min": 1.52555793501e-21, "dmean": 0.00273162312806, "dmean2": 0.00403038831428, "dvar2": 6.06628345849e-05, "max": 0.058581288904, "median": 0.00144261529204, "var": 4.11270739278e-05}, "erbbands_crest": {"mean": 10.8465299606, "dvar": 11.1876840591, "min": 2.36355876923, "dmean": 3.4801466465, "dmean2": 5.6006102562, "dvar2": 26.4711093903, "max": 31.472782135, "median": 9.46010112762, "var": 28.6867446899}, "barkbands_crest": {"mean": 13.8154230118, "dvar": 10.7078037262, "min": 2.23841333389, "dmean": 3.31411743164, "dmean2": 4.97791719437, "dvar2": 21.3022174835, "max": 26.431388855, "median": 13.7142181396, "var": 36.0380477905}, "pitch_salience": {"mean": 0.441429555416, "dvar": 0.00893646012992, "min": 0.00175401580054, "dmean": 0.0974270477891, "dmean2": 0.138484582305, "dvar2": 0.0190118420869, "max": 0.952559888363, "median": 0.458544462919, "var": 0.0390712320805}, "melbands_skewness": {"mean": 4.07629871368, "dvar": 4.73269414902, "min": -2.30211257935, "dmean": 1.60978102684, "dmean2": 2.31960844994, "dvar2": 10.5332336426, "max": 41.8283424377, "median": 3.1772005558, "var": 12.7446432114}, "spectral_spread": {"mean": 6506325, "dvar": 1313337638910.0, "min": 231942, "dmean": 889283.4375, "dmean2": 1275846.375, "dvar2": 2486194143230.0, "max": 40426524, "median": 6271575, "var": 5658768310270.0}, "spectral_entropy": {"mean": 7.44729995728, "dvar": 0.0944612398744, "min": 2.31368684769, "dmean": 0.266963273287, "dmean2": 0.381413519382, "dvar2": 0.194482937455, "max": 9.81710338593, "median": 7.61979293823, "var": 0.841269791126}, "erbbands_flatness_db": {"mean": 0.157065674663, "dvar": 0.000521678652149, "min": 0.0326943770051, "dmean": 0.0232862904668, "dmean2": 0.0348129794002, "dvar2": 0.00118120072875, "max": 0.557745695114, "median": 0.141583099961, "var": 0.0048361052759}, "spectral_kurtosis": {"mean": 5.82847738266, "dvar": 130.608825684, "min": -1.56380677223, "dmean": 2.346326828, "dmean2": 3.43512535095, "dvar2": 332.359741211, "max": 368.551116943, "median": 2.90808963776, "var": 330.291992188}, "erbbands_skewness": {"mean": 1.03626275063, "dvar": 0.719900012016, "min": -4.41758346558, "dmean": 0.669137537479, "dmean2": 0.970831036568, "dvar2": 1.52890050411, "max": 18.8049755096, "median": 0.687736928463, "var": 5.04722452164}, "erbbands_kurtosis": {"mean": 11.5597076416, "dvar": 293.663604736, "min": -1.95872890949, "dmean": 3.87340569496, "dmean2": 5.2595911026, "dvar2": 454.454833984, "max": 623.97253418, "median": 0.424783676863, "var": 4140.09863281}, "barkbands_spread": {"mean": 22.5058078766, "dvar": 166.599517822, "min": 0.0440855138004, "dmean": 9.15190124512, "dmean2": 13.7170648575, "dvar2": 337.418914795, "max": 146.10736084, "median": 17.3324337006, "var": 446.702667236}, "zerocrossingrate": {"mean": 0.0723969191313, "dvar": 0.00089985068189, "min": 0.001953125, "dmean": 0.0201743803918, "dmean2": 0.0223499797285, "dvar2": 0.0010755819967, "max": 0.59423828125, "median": 0.05078125, "var": 0.00484981993213}, "spectral_centroid": {"mean": 1377.82348633, "dvar": 263384.5, "min": 45.3826332092, "dmean": 398.196960449, "dmean2": 578.013244629, "dvar2": 490518.3125, "max": 11111.9306641, "median": 1173.07348633, "var": 885962.4375}, "barkbands_skewness": {"mean": 2.6158759594, "dvar": 2.76620125771, "min": -5.51603746414, "dmean": 1.26577806473, "dmean2": 1.79894077778, "dvar2": 6.42176628113, "max": 26.2061862946, "median": 2.03379631042, "var": 7.69980239868}, "melbands_flatness_db": {"mean": 0.266801446676, "dvar": 0.00263239257038, "min": 0.00473338132724, "dmean": 0.0493386238813, "dmean2": 0.0666789785028, "dvar2": 0.00499675516039, "max": 1, "median": 0.245359569788, "var": 0.0264044050127}, "spectral_contrast_valleys": {"mean": [-8.51515579224, -7.88724899292, -8.18801307678, -8.65490150452, -8.26945400238, -10.0817756653], "dvar": [0.340485692024, 0.434340417385, 0.409379422665, 0.401595681906, 0.342831969261, 0.250045657158], "min": [-27.3164901733, -27.1452999115, -27.2200775146, -27.2016468048, -27.2811527252, -27.3114070892], "dmean": [0.575039327145, 0.620700597763, 0.562541604042, 0.580538928509, 0.484175980091, 0.390468388796], "dmean2": [0.822402715683, 0.940994381905, 0.84689104557, 0.836201786995, 0.668997943401, 0.522553384304], "dvar2": [0.567383348942, 0.910778224468, 0.835438668728, 0.833455860615, 0.645288228989, 0.445472538471], "max": [-4.95531320572, -4.42534732819, -5.14282464981, -5.24227142334, -5.13348340988, -7.37260723114], "median": [-8.3738117218, -7.64247322083, -7.92385292053, -8.36841583252, -7.92997407913, -9.70051002502], "var": [3.3987891674, 2.92557930946, 2.97602820396, 3.07271552086, 3.22783231735, 3.0515332222]}, "barkbands_flatness_db": {"mean": 0.197124376893, "dvar": 0.00184698554222, "min": 0.0182199049741, "dmean": 0.0421192161739, "dmean2": 0.0586473979056, "dvar2": 0.00375404721126, "max": 1, "median": 0.172476828098, "var": 0.0184136331081}, "barkbands_kurtosis": {"mean": 23.2441520691, "dvar": 3299.46166992, "min": -1.95649492741, "dmean": 17.9475574493, "dme