{"metadata": {"version": {"essentia_git_sha": "v2.1_beta2", "essentia_build_sha": "70f2e5ece6736b2c40cc944ad0e695b16b925413", "extractor": "music 1.0", "essentia": "2.1-beta2"}, "audio_properties": {"analysis_sample_rate": 44100, "md5_encoded": "e412183bf4e3ee5343d8dd1c4c2ed632", "downmix": "mix", "sample_rate": 44100, "equal_loudness": 0, "lossless": false, "codec": "mp3", "bit_rate": 320044, "length": 191.32081604, "replay_gain": -11.922039032}, "tags": {"album": ["Identified"], "albumartist": ["Vanessa Hudgens"], "musicbrainz_recordingid": ["b4b6019a-0814-47b0-a37d-350d260a7108"], "file_name": "228937.mp3", "genre": ["Pop"], "artist": ["Vanessa Hudgens"], "tracknumber": ["15"], "date": ["2008"], "title": ["Vulnerable"]}}, "rhythm": {"beats_loudness": {"var": 0.00147464580368, "mean": 0.0515906251967, "dmean2": 0.071901127696, "dvar": 0.00133567047305, "dmean": 0.0394462049007, "max": 0.201557263732, "min": 2.74387765842e-08, "median": 0.0429007634521, "dvar2": 0.00353995617479}, "beats_position": [0.592108845711, 1.19582760334, 1.79954648018, 2.36843538284, 2.92571425438, 3.48299312592, 4.04027223587, 4.59755086899, 5.15482997894, 5.71210861206, 6.26938772202, 6.82666635513, 7.38394546509, 7.94122457504, 8.48689365387, 9.05578231812, 9.61306095123, 10.1703395844, 10.7276191711, 11.2848978043, 11.8305664062, 12.3762359619, 12.933514595, 13.4907932281, 14.0480718613, 14.6053514481, 15.1626300812, 15.7199087143, 16.2771873474, 16.8344669342, 17.391746521, 17.9490242004, 18.5063037872, 19.0635814667, 19.6208610535, 20.1781406403, 20.7354183197, 21.2810878754, 21.8383674622, 22.3840351105, 22.9413146973, 23.4985942841, 24.0558719635, 24.6131515503, 25.1704311371, 25.7277088165, 26.2849884033, 26.830657959, 27.3763256073, 27.9336051941, 28.4908847809, 29.0481624603, 29.6054420471, 30.1627197266, 30.7199993134, 31.2772789001, 31.8345565796, 32.391834259, 32.9491157532, 33.5063934326, 34.0520629883, 34.6093406677, 35.1550102234, 35.7122879028, 36.269569397, 36.8268470764, 37.3841247559, 37.94140625, 38.4986839294, 39.0559616089, 39.613243103, 40.1705207825, 40.7277984619, 41.2850799561, 41.8423576355, 42.3996353149, 42.9453048706, 43.4909744263, 44.0482521057, 44.6055335999, 45.1628112793, 45.7200889587, 46.2773704529, 46.8346481323, 47.3919258118, 47.9492073059, 48.5064849854, 49.0637626648, 49.6210403442, 50.1667098999, 50.7123794556, 51.269657135, 51.8269386292, 52.3842163086, 52.941493988, 53.4987754822, 54.0560531616, 54.6133308411, 55.1706123352, 55.7278900146, 56.2735595703, 56.819229126, 57.3765068054, 57.9337844849, 58.491065979, 59.0483436584, 59.6056213379, 60.162902832, 60.7201805115, 61.2774581909, 61.8347396851, 62.3920173645, 62.9492950439, 63.5065765381, 64.0638504028, 64.6095199585, 65.1668014526, 65.7124710083, 66.2697525024, 66.8270263672, 67.3843078613, 67.9415893555, 68.4988632202, 69.0561447144, 69.6134262085, 70.1707000732, 70.7163696289, 71.273651123, 71.8309249878, 72.3882064819, 72.9454879761, 73.4911575317, 74.0484313965, 74.6057128906, 75.1745986938, 75.7202682495, 76.2775497437, 76.8348312378, 77.3921051025, 77.9493865967, 78.4950561523, 79.040725708, 79.5979995728, 80.1552810669, 80.712562561, 81.2698364258, 81.8271179199, 82.3843994141, 82.9416732788, 83.4989547729, 84.0562362671, 84.6135101318, 85.170791626, 85.7280731201, 86.2737426758, 86.8194122314, 87.3766860962, 87.9339675903, 88.4912490845, 89.0485229492, 89.6058044434, 90.1630859375, 90.7203598022, 91.2776412964, 91.8349151611, 92.3921966553, 92.9494781494, 93.5067520142, 94.0640335083, 94.6213150024, 95.1669845581, 95.7242584229, 96.2699279785, 96.8272094727, 97.3844909668, 97.9417648315, 98.4990463257, 99.0563278198, 99.6136016846, 100.170883179, 100.728164673, 101.285438538, 101.842720032, 102.400001526, 102.957275391, 103.502944946, 104.048614502, 104.605895996, 105.163169861, 105.720451355, 106.277732849, 106.835006714, 107.392288208, 107.949569702, 108.506843567, 109.064125061, 109.609794617, 110.155464172, 110.712738037, 111.270019531, 111.827301025, 112.38457489, 112.941856384, 113.499137878, 114.056411743, 114.613693237, 115.170974731, 115.728248596, 116.28553009, 116.842811584, 117.400085449, 117.957366943, 118.503036499, 119.060317993, 119.605987549, 120.163261414, 120.720542908, 121.277824402, 121.835098267, 122.392379761, 122.938049316, 123.483718872, 124.052604675, 124.621498108, 125.178771973, 125.724441528, 126.270111084, 126.827392578, 127.384666443, 127.941947937, 128.499221802, 129.056503296, 129.61378479, 130.171066284, 130.728347778, 131.285614014, 131.842895508, 132.388565063, 132.945846558, 133.503128052, 134.048797607, 134.606079102, 135.163360596, 135.709014893, 136.254684448, 136.74230957, 137.229934692, 137.717544556, 138.205169678, 138.692779541, 139.180404663, 139.679641724, 140.202087402, 140.73614502, 141.293426514, 141.850692749, 142.407974243, 142.953643799, 143.510925293, 144.056594849, 144.613876343, 145.171157837, 145.728439331, 146.274108887, 146.831375122, 147.388656616, 147.934326172, 148.491607666, 149.04888916, 149.606170654, 150.16343689, 150.720718384, 151.277999878, 151.835281372, 152.392562866, 152.94984436, 153.507110596, 154.06439209, 154.621673584, 155.178955078, 155.736236572, 156.281906128, 156.839187622, 157.384857178, 157.942123413, 158.499404907, 159.056686401, 159.613967896, 160.17124939, 160.728515625, 161.285797119, 161.843078613, 162.400360107, 162.946029663, 163.503311157, 164.048980713, 164.606262207, 165.163528442, 165.720809937, 166.278091431, 166.835372925, 167.392654419, 167.949935913, 168.507202148, 169.064483643, 169.610153198, 170.155822754, 170.713104248, 171.270385742, 171.827667236, 172.384933472, 172.942214966, 173.49949646, 174.056777954, 174.614059448, 175.171340942, 175.728607178, 176.285888672, 176.843170166, 177.40045166, 177.957733154, 178.515014648, 179.060684204, 179.606338501, 180.163619995, 180.720901489, 181.278182983, 181.835464478, 182.392745972, 182.950012207, 183.507293701, 184.064575195, 184.621856689, 185.179138184, 185.724807739, 186.270477295, 186.827758789, 187.385025024, 187.942306519, 188.511199951, 189.080093384, 189.648971558, 190.21786499, 190.786758423], "bpm_histogram_first_peak_spread": {"var": 0, "mean": 0.195195198059, "dmean2": 0, "dvar": 0, "dmean": 0, "max": 0.195195198059, "min": 0.195195198059, "median": 0.195195198059, "dvar2": 0}, "danceability": 1.10885608196, "bpm_histogram_second_peak_weight": {"var": 0, "mean": 0.017492711544, "dmean2": 0, "dvar": 0, "dmean": 0, "max": 0.017492711544, "min": 0.017492711544, "median": 0.017492711544, "dvar2": 0}, "bpm_histogram_first_peak_weight": {"var": 0, "mean": 0.781341135502, "dmean2": 0, "dvar": 0, "dmean": 0, "max": 0.781341135502, "min": 0.781341135502, "median": 0.781341135502, "dvar2": 0}, "bpm": 107.98563385, "bpm_histogram_second_peak_spread": {"var": 0, "mean": 0.142857134342, "dmean2": 0, "dvar": 0, "dmean": 0, "max": 0.142857134342, "min": 0.142857134342, "median": 0.142857134342, "dvar2": 0}, "bpm_histogram_second_peak_bpm": {"var": 0, "mean": 123, "dmean2": 0, "dvar": 0, "dmean": 0, "max": 123, "min": 123, "median": 123, "dvar2": 0}, "beats_count": 344, "beats_loudness_band_ratio": {"var": [0.0947662070394, 0.0261032134295, 0.0117325019091, 0.0164429843426, 0.0130165098235, 0.0100374510512], "mean": [0.416637152433, 0.150964975357, 0.122160404921, 0.135216459632, 0.105927169323, 0.095695361495], "dmean2": [0.550800085068, 0.242410227656, 0.183045178652, 0.207670673728, 0.241934731603, 0.206574961543], "dvar": [0.0679641515017, 0.0210697092116, 0.00986459851265, 0.0140334721655, 0.0154324006289, 0.0124319540337], "dmean": [0.326586872339, 0.139285236597, 0.105133220553, 0.12341902405, 0.130618333817, 0.109661817551], "max": [0.966908037663, 0.825954794884, 0.58714479208, 0.642117679119, 0.530710279942, 0.708006024361], "min": [2.95960180665e-05, 0.00353667279705, 0.00172071019188, 0.00273050717078, 3.71251044271e-05, 7.64392950714e-07], "median": [0.356013834476, 0.0908466130495, 0.0909490957856, 0.0909966081381, 0.0579599738121, 0.0675628483295], "dvar2": [0.156070411205, 0.0519878827035, 0.0261810086668, 0.0382972061634, 0.0542061626911, 0.0422096960247]}, "onset_rate": 3.96691775322, "bpm_histogram_first_peak_bpm": {"var": 0, "mean": 108, "dmean2": 0, "dvar": 0, "dmean": 0, "max": 108, "min": 108, "median": 108, "dvar2": 0}}, "lowlevel": {"hfc": {"var": 1342.17883301, "mean": 30.9045715332, "dmean2": 13.6822948456, "dvar": 416.859375, "dmean": 9.76567459106, "max": 587.487060547, "min": 1.2223327321e-16, "median": 22.049030304, "dvar2": 778.796936035}, "barkbands_spread": {"var": 265.922729492, "mean": 25.3549308777, "dmean2": 9.85914325714, "dvar": 74.3849411011, "dmean": 6.55759954453, "max": 114.16746521, "min": 0.233572170138, "median": 23.2107009888, "dvar2": 150.930877686}, "spectral_spread": {"var": 4917998125060.0, "mean": 5469188.5, "dmean2": 1023716.6875, "dvar": 1023420596220.0, "dmean": 722579.875, "max": 40953496, "min": 367836.375, "median": 5452777, "dvar2": 1622466101250.0}, "spectral_energy": {"var": 0.000957610900514, "mean": 0.0366383120418, "dmean2": 0.0170262157917, "dvar": 0.000284855166683, "dmean": 0.0108243050054, "max": 0.214719742537, "min": 1.09350473936e-20, "median": 0.0305859912187, "dvar2": 0.000625157786999}, "gfcc": {"icov": [[0.000149522864376, -0.000182768941158, 0.000187206576811, -0.000179539914825, 0.000180908449693, -0.000450687046396, 0.000257731531747, -0.000399425829528, 0.000319164071698, -0.000279586471152, 0.000334781419951, -0.00017879990628, 0.000209822363104], [-0.000182768941158, 0.00271788658574, -0.00102674774826, 0.00107057811692, -0.00231544626877, 0.00225419853814, -0.00228398153558, 0.00240693963133, -0.00215093628503, 0.00245992816053, -0.00263054366224, 0.00268297409639, -0.000552750308998], [0.000187206576811, -0.00102674774826, 0.00233697332442, -0.000517012435012, 0.000988764571957, -0.00221477588639, 0.000835113576613, -0.00107985991053, 0.000572715187445, -0.000357227545464, 0.000990391359664, -0.00182575720828, 0.000905349035747], [-0.000179539914825, 0.00107057811692, -0.000517012435012, 0.00227337959222, -0.00187048187945, 0.000565199879929, -0.000725162157323, -8.17441759864e-05, -0.00050028343685, 0.00108005432412, -0.00106723734643, 0.00113529502414, 0.000655708427075], [0.000180908449693, -0.00231544626877, 0.000988764571957, -0.00187048187945, 0.00530442409217, -0.0020115042571, 0.000512627419084, -0.00168088858481, 0.000697342853528, -0.00265559880063, 0.00266302423552, -0.00201817741618, 0.00121016614139], [-0.000450687046396, 0.00225419853814, -0.00221477588639, 0.000565199879929, -0.0020115042571, 0.00638529332355, -0.00282956450246, 0.00211703381501, -0.00188016041648, 0.000484241172671, -0.00207995576784, 0.00297586177476, -0.000840690743644], [0.000257731531747, -0.00228398153558, 0.000835113576613, -0.000725162157323, 0.000512627419084, -0.00282956450246, 0.00707531580701, -0.00238755345345, 0.00112733710557, -0.00130651181098, 0.00115363334771, -0.00177927815821, 0.000478107540403], [-0.000399425829528, 0.00240693963133, -0.00107985991053, -8.17441759864e-05, -0.00168088858481, 0.00211703381501, -0.00238755345345, 0.0079928021878, -0.0025826159399, 0.00179284764454, -0.00397483306006, 0.00169317808468, -0.00118535605725], [0.000319164071698, -0.00215093628503, 0.000572715187445, -0.00050028343685, 0.000697342853528, -0.00188016041648, 0.00112733710557, -0.0025826159399, 0.00805035792291, -0.0033694235608, 0.00267736054957, -0.0042354199104, 0.000371143309167], [-0.000279586471152, 0.00245992816053, -0.000357227545464, 0.00108005432412, -0.00265559880063, 0.000484241172671, -0.00130651181098, 0.00179284764454, -0.0033694235608, 0.0106887025759, -0.00520775094628, 0.00261650630273, -0.000252040888881], [0.000334781419951, -0.00263054366224, 0.000990391359664, -0.00106723734643, 0.00266302423552, -0.00207995576784, 0.00115363334771, -0.00397483306006, 0.00267736054957, -0.00520775094628, 0.0104860030115, -0.00245545851067, -0.00200048740953], [-0.00017879990628, 0.00268297409639, -0.00182575720828, 0.00113529502414, -0.00201817741618, 0.00297586177476, -0.00177927815821, 0.00169317808468, -0.0042354199104, 0.00261650630273, -0.00245545851067, 0.0101145152003, -0.000943978782743], [0.000209822363104, -0.000552750308998, 0.000905349035747, 0.000655708427075, 0.00121016614139, -0.000840690743644, 0.000478107540403, -0.00118535605725, 0.000371143309167, -0.000252040888881, -0.00200048740953, -0.000943978782743, 0.00772725883871]], "mean": [-0.0152620924637, 85.4777145386, -110.936058044, 18.7252883911, -64.5437698364, 22.7010421753, -38.2097473145, 19.5254802704, -25.4611778259, 8.19866466522, -6.68108510971, 2.09888887405, -0.248167231679], "cov": [[14269.6933594, -1694.55944824, 121.10609436, 2051.74487305, 549.421936035, 1215.1986084, -47.5321846008, 715.388916016, -285.368927002, 355.69342041, -216.447814941, -202.160140991, -593.561340332], [-1694.55944824, 1865.0736084, 59.4664306641, -404.92590332, 326.897766113, -250.676422119, 310.678253174, -247.592697144, 189.860046387, -128.900085449, 94.1075286865, -91.0938491821, 71.0606155396], [121.10609436, 59.4664306641, 764.34942627, 203.071609497, 108.295860291, 252.817993164, 73.0047836304, 54.2357215881, 76.1505279541, 2.46220755577, -25.1321716309, 68.9916152954, -93.1276321411], [2051.74487305, -404.92590332, 203.071609497, 1152.06188965, 403.891998291, 315.802429199, 90.3890914917, 229.551239014, 8.62295246124, 79.9986419678, -43.4808273315, -31.8548164368, -218.4581604], [549.421936035, 326.897766113, 108.295860291, 403.891998291, 552.444946289, 155.516357422, 161.409072876, 59.2308769226, 102.82283783, 58.369972229, -32.5252456665, -11.1400327682, -121.811889648], [1215.1986084, -250.676422119, 252.817993164, 315.802429199, 155.516357422, 450.068786621, 90.5778579712, 97.2510681152, 25.6716651917, 92.5781173706, 3.29922866821, -22.8327388763, -73.5718688965], [-47.5321846008, 310.678253174, 73.0047836304, 90.3890914917, 161.409072876, 90.5778579712, 268.605285645, 36.0592689514, 61.1295433044, 19.9322948456, 33.0617866516, -6.25852108002, -13.7122535706], [715.388916016, -247.592697144, 54.2357215881, 229.551239014, 59.2308769226, 97.2510681152, 36.0592689514, 262.436401367, 27.0792636871, 57.0358390808, 57.5219764709, 17.9535655975, -5.99415493011], [-285.368927002, 189.860046387, 76.1505279541, 8.62295246124, 102.82283783, 25.6716651917, 61.1295433044, 27.0792636871, 224.490844727, 37.4573936462, 8.79920291901, 62.926109314, -0.857684910297], [355.69342041, -128.900085449, 2.46220755577, 79.9986419678, 58.369972229, 92.5781173706, 19.9322948456, 57.0358390808, 37.4573936462, 170.452819824, 61.9725151062, -2.87062001228, 1.94476628304], [-216.447814941, 94.1075286865, -25.1321716309, -43.4808273315, -32.5252456665, 3.29922866821, 33.0617866516, 57.5219764709, 8.79920291901, 61.9725151062, 196.345245361, 3.47017979622, 84.3280944824], [-202.160140991, -91.0938491821, 68.9916152954, -31.8548164368, -11.1400327682, -22.8327388763, -6.25852108002, 17.9535655975, 62.926109314, -2.87062001228, 3.47017979622, 165.112197876, 13.9477033615], [-593.561340332, 71.0606155396, -93.1276321411, -218.4581604, -121.811889648, -73.5718688965, -13.7122535706, -5.99415493011, -0.857684910297, 1.94476628304, 84.3280944824, 13.9477033615, 214.702697754]]}, "silence_rate_60dB": {"var": 0.0305509697646, "mean": 0.0315495692194, "dmean2": 0.01650685817, "dvar": 0.00818481855094, "dmean": 0.00825242698193, "max": 1, "min": 0, "median": 0, "dvar2": 0.0181782562286}, "spectral_centroid": {"var": 465610.90625, "mean": 1394.16149902, "dmean2": 384.630371094, "dvar": 112945.085938, "dmean": 263.24230957, "max": 10994.7636719, "min": 171.94078064, "median": 1324.86120605, "dvar2": 195526.484375}, "spectral_complexity": {"var": 96.1721420288, "mean": 18.3033618927, "dmean2": 4.93943452835, "dvar": 16.7760219574, "dmean": 3.36674761772, "max": 58, "min": 0, "median": 18, "dvar2": 32.9556541443}, "melbands_spread": {"var": 479.652252197, "mean": 25.9878082275, "dmean2": 11.6562757492, "dvar": 171.870117188, "dmean": 7.83843183517, "max": 240.947021484, "min": 0.527780592442, "median": 21.7722187042, "dvar2": 317.564910889}, "spectral_strongpeak": {"var": 1.69478225708, "mean": 0.949105322361, "dmean2": 0.928062677383, "dvar": 1.06168782711, "dmean": 0.537659108639, "max": 14.7891254425, "min": 0, "median": 0.447076439857, "dvar2": 2.79551959038}, "zerocrossingrate": {"var": 0.00197884719819, "mean": 0.0660973191261, "dmean2": 0.0147311119363, "dvar": 0.000348576169927, "dmean": 0.0133258113638, "max": 0.52294921875, "min": 0, "median": 0.05859375, "dvar2": 0.00034920417238}, "erbbands_kurtosis": {"var": 7.61783266068, "mean": 0.850146532059, "dmean2": 1.63311445713, "dvar": 3.14844083786, "dmean": 1.03387308121, "max": 55.4947357178, "min": -1.83168959618, "median": 0.140508651733, "dvar2": 7.12750673294}, "spectral_energyband_middle_low": {"var": 9.84971920843e-05, "mean": 0.0112908482552, "dmean2": 0.00746223097667, "dvar": 6.77823773003e-05, "dmean": 0.00453144591302, "max": 0.0929020941257, "min": 3.68586384857e-22, "median": 0.0086258398369, "dvar2": 0.00018403105787}, "erbbands": {"var": [0.35196518898, 28.5902729034, 58.1266784668, 97.2537231445, 150.17288208, 192.594711304, 471.578430176, 1173.26159668, 1154.05102539, 1612.22631836, 2201.75268555, 5135.37841797, 10056.9072266, 11391.0566406, 10311.4882812, 16083.4765625, 5570.98974609, 3392.37524414, 4692.34521484, 3112.52563477, 3130.09814453, 2224.94067383, 1260.14440918, 781.046325684, 632.568115234, 876.161499023, 334.88659668, 88.3255233765, 233.672637939, 2641.95092773, 1734.09851074, 658.565490723, 407.890106201, 135.197494507, 28.0179004669, 5.78101396561, 1.00482642651, 0.00958434864879, 2.80127642327e-06, 7.34321625728e-09], "mean": [0.373398393393, 2.90155482292, 3.40754199028, 4.23981380463, 5.51477193832, 9.10041713715, 15.8939304352, 19.6688537598, 19.852394104, 25.9549121857, 26.1502838135, 34.096496582, 55.9455680847, 57.7130889893, 45.771484375, 48.1930122375, 33.9894676208, 33.8893318176, 35.032459259, 29.6392230988, 25.0772857666, 21.5687389374, 17.1533508301, 14.3606948853, 18.6134796143, 21.1375083923, 12.0573301315, 5.24668979645, 5.17362833023, 9.61569881439, 9.7247467041, 9.17483711243, 8.16592407227, 3.42276263237, 1.50491416454, 0.617595791817, 0.175529241562, 0.017609866336, 0.000385751627618, 6.33157033008e-05], "dmean2": [0.350846469402, 2.7510740757, 3.13284349442, 5.87376594543, 7.49104452133, 8.90065765381, 13.2012519836, 14.5149297714, 16.6838493347, 19.60313797, 19.5694465637, 30.3507289886, 44.3326263428, 47.2427940369, 40.9311408997, 42.5405921936, 30.3332118988, 32.5593833923, 35.1242256165, 28.872253418, 28.5829257965, 21.1534061432, 15.5074119568, 12.3668804169, 14.4137468338, 15.6341457367, 9.74856185913, 5.04061603546, 6.19066238403, 11.4623231888, 10.2519464493, 7.44303846359, 6.16648626328, 2.90632009506, 1.31948578358, 0.542745947838, 0.172291830182, 0.0173176359385, 0.000353138166247, 3.13335767714e-05], "dvar": [0.179972425103, 17.6300354004, 41.451587677, 124.845832825, 176.858062744, 115.445892334, 274.815338135, 446.644805908, 538.139709473, 653.337097168, 902.941345215, 2211.70898438, 4538.91650391, 5406.11035156, 5497.78759766, 5548.28662109, 2359.92529297, 1963.91101074, 2778.97827148, 1690.77990723, 2852.82080078, 1105.51452637, 529.585327148, 354.805786133, 245.787750244, 294.180358887, 156.980529785, 63.1240234375, 196.748413086, 1920.13537598, 953.646850586, 314.055450439, 182.741348267, 54.7223205566, 11.6406097412, 2.2382543087, 0.656042873859, 0.00451748818159, 1.3272955357e-06, 2.42013564744e-09], "dmean": [0.213283911347, 1.77875328064, 2.22284698486, 3.36535787582, 4.27170801163, 5.41648578644, 8.23800182343, 9.51813793182, 10.6742305756, 12.8884830475, 12.9012527466, 19.3664951324, 28.9863300323, 30.5257854462, 26.6662044525, 27.6086769104, 19.379529953, 20.3914413452, 22.0847072601, 18.6669788361, 18.0263156891, 13.3317546844, 9.95133209229, 7.91244649887, 9.18347072601, 10.0051679611, 6.26415586472, 3.32177901268, 4.00092220306, 7.58125352859, 6.94338083267, 5.13886356354, 4.18579006195, 1.98342704773, 0.912128388882, 0.392016232014, 0.124454297125, 0.0123422835022, 0.000249718781561, 2.15161380765e-05], "max": [4.78367090225, 49.1846847534, 94.5758285522, 138.437057495, 164.414337158, 209.452774048, 349.540405273, 579.312561035, 534.692016602, 454.624603271, 817.67401123, 1370.43457031, 1640.0546875, 1534.91992188, 2395.83154297, 1799.17224121, 1462.46154785, 947.012145996, 1021.84063721, 824.327087402, 866.868164062, 1593.14685059, 964.678955078, 697.418884277, 306.014007568, 251.213241577, 256.825378418, 122.81791687, 567.968322754, 1905.03417969, 1401.9588623, 611.33404541, 366.238952637, 240.917648315, 106.287704468, 55.8625679016, 37.5623588562, 4.16287612915, 0.0614380910993, 0.00202868971974], "min": [1.81396265468e-21, 2.33431338215e-20, 4.21119653179e-20, 4.93895617394e-20, 1.43984808911e-19, 2.37161858154e-19, 1.01820256878e-18, 7.73416199183e-19, 9.46126599699e-19, 6.0813077864e-19, 6.59777764739e-19, 1.07738382609e-18, 9.22840017889e-19, 1.09168422792e-18, 5.45841638332e-18, 6.53188754172e-18, 6.0667159068e-18, 8.47416014596e-18, 8.38892249256e-18, 6.04756129895e-18, 1.2486449338e-17, 1.48975608824e-17, 1.23872935436e-17, 1.3290879175e-17, 1.41889913522e-17, 1.23154818587e-17, 1.46779080338e-17, 1.83089364466e-17, 1.8125065777e-17, 1.46003879755e-17, 1.49451866333e-17, 1.20575843145e-17, 1.2749626776e-17, 1.33275083869e-17, 7.84895470512e-18, 5.53011557163e-18, 3.08716315712e-18, 1.32450558506e-18, 3.03026528019e-19, 4.51816778075e-20], "median": [0.155004382133, 1.15231263638, 1.23742210865, 1.43870556355, 1.81005465984, 4.04936265945, 8.58552455902, 9.0106086731, 8.35210323334, 11.0431346893, 10.8231391907, 12.9491996765, 20.7962150574, 21.975944519, 17.5958251953, 12.5062026978, 11.2093315125, 13.3115777969, 12.227013588, 10.676150322, 7.67047691345, 8.27266788483, 6.39603853226, 6.11139965057, 9.0840549469, 8.06916904449, 5.35446500778, 2.22702789307, 1.25824201107, 1.43527758121, 1.78947162628, 3.02501702309, 3.04166960716, 1.10379135609, 0.385647207499, 0.145876541734, 0.0336967334151, 0.00247889757156, 8.76186895766e-05, 4.76752975374e-05], "dvar2": [0.476736873388, 39.1546554565, 81.4873809814, 348.528930664, 498.36416626, 298.690429688, 699.993225098, 1009.01501465, 1257.6015625, 1578.4107666, 2057.89257812, 4988.66796875, 10587.5126953, 12415.2744141, 12733.4287109, 12316.2392578, 5442.10546875, 5156.91162109, 6850.07568359, 3989.58129883, 7303.06835938, 2625.62792969, 1149.52307129, 800.088684082, 588.801086426, 701.275878906, 383.946716309, 146.69694519, 443.106445312, 4101.92871094, 1880.47668457, 615.263000488, 360.545166016, 104.49369812, 20.4459686279, 3.76395535469, 1.26850986481, 0.0084334872663, 2.66239044322e-06, 4.41222169911e-09]}, "barkbands_crest": {"var": 22.8241901398, "mean": 10.9510316849, "dmean2": 4.22822904587, "dvar": 6.92052507401, "dmean": 2.68372321129, "max": 26.9222640991, "min": 2.60603666306, "median": 9.95738792419, "dvar2": 16.7658176422}, "melbands_crest": {"var": 33.2638664246, "mean": 14.8548278809, "dmean2": 4.86134624481, "dvar": 8.85326290131, "dmean": 3.0342476368, "max": 39.8802261353, "min": 2.28324985504, "median": 13.9251823425, "dvar2": 21.9127368927}, "spectral_flux": {"var": 0.00350156100467, "mean": 0.0903306975961, "dmean2": 0.0422882288694, "dvar": 0.0010524870595, "dmean": 0.0266935210675, "max": 0.351035505533, "min": 1.0457077565e-10, "median": 0.0836012586951, "dvar2": 0.00223419698887}, "spectral_contrast_valleys": {"var": [3.02919006348, 1.58528113365, 1.62125813961, 2.02511286736, 2.01840353012, 2.45471954346], "mean": [-7.55677270889, -7.04829454422, -7.58811950684, -8.06233596802, -8.05437088013, -10.0415124893], "dmean2": [0.645492851734, 0.656006753445, 0.631561160088, 0.548800528049, 0.484946519136, 0.506967425346], "dvar": [0.203940406442, 0.190306425095, 0.186454489827, 0.193965286016, 0.203303411603, 0.217062398791], "dmean": [0.402145206928, 0.404302895069, 0.400370687246, 0.366503864527, 0.347341835499, 0.394028872252], "max": [-5.14925336838, -4.62625694275, -5.06818437576, -5.35705804825, -5.55556201935, -6.96684169769], "min": [-27.9497814178, -27.4877662659, -27.0644302368, -27.1122722626, -27.1916542053, -27.2684879303], "median": [-6.91828584671, -6.73461008072, -7.31558847427, -7.69309806824, -7.69379329681, -9.5764131546], "dvar2": [0.428792357445, 0.437159538269, 0.394707202911, 0.361064046621, 0.335908383131, 0.351834893227]}, "mfcc": {"icov": [[0.000152876848006, 0.000126755141537, 5.61591259611e-05, -5.05830321345e-05, -0.000194805645151, -0.000121922930703, -0.000143935074448, -2.19759785978e-05, 2.40721983573e-05, -0.000155672430992, 7.26144135115e-05, -9.98680206976e-06, 3.68862929463e-05], [0.000126755141537, 0.000754853419494, 7.89694167906e-05, -5.32278609171e-05, 0.000212768485653, -0.000209436097066, -0.000267911324045, -1.93668220163e-05, -0.000108848827949, 2.66790834758e-06, -0.000274804711808, -0.00024765075068, 0.000236854306422], [5.61591259611e-05, 7.89694167906e-05, 0.00186368136201, 0.000582934124395, -0.000278319581412, -0.000481656519696, -9.47629669099e-05, -0.00109799101483, 0.000560597807635, -0.00034850044176, 4.04764023187e-06, -0.000161604999448, 0.000352563307388], [-5.05830321345e-05, -5.32278609171e-05, 0.000582934124395, 0.0027178383898, -0.0018125504721, -9.67581290752e-05, -0.000429738225648, -0.000991779263131, 0.000194454070879, 0.000411767745391, -0.000719625561032, 0.00028785073664, 1.37274837471e-05], [-0.000194805645151, 0.000212768485653, -0.000278319581412, -0.0018125504721, 0.00535533903167, -0.00127566780429, 6.8033914431e-05, -0.000392772868508, -7.08616207703e-05, -0.000703753496055, 0.000511497841217, -0.00212531094439, 0.000963742088061], [-0.000121922930703, -0.000209436097066, -0.000481656519696, -9.67581290752e-05, -0.00127566780429, 0.00366448797286, -0.000459946342744, 4.74143889733e-05, -0.000769524252973, -7.13001136319e-05, -0.00190760486294, 0.00230012298562, -0.00138204044197], [-0.000143935074448, -0.000267911324045, -9.47629669099e-05, -0.000429738225648, 6.8033914431e-05, -0.000459946342744, 0.00437504518777, 0.000241636924329, 0.000118235839182, -0.00175213627517, 0.0011862575775, -0.0012281810632, 0.000155047106091], [-2.19759785978e-05, -1.93668220163e-05, -0.00109799101483, -0.000991779263131, -0.000392772868508, 4.74143889733e-05, 0.000241636924329, 0.00577809475362, -0.00174955278635, 0.000735997629818, -0.00117998884525, 0.000474882748676, -0.00099329277873], [2.40721983573e-05, -0.000108848827949, 0.000560597807635, 0.000194454070879, -7.08616207703e-05, -0.000769524252973, 0.000118235839182, -0.00174955278635, 0.00747966207564, -0.00115863466635, -0.00015921452723, -0.000537378247827, 0.000418751034886], [-0.000155672430992, 2.66790834758e-06, -0.00034850044176, 0.000411767745391, -0.000703753496055, -7.13001136319e-05, -0.00175213627517, 0.000735997629818, -0.00115863466635, 0.00722491880879, -0.00026260362938, -0.00106883794069, -0.00092241546372], [7.26144135115e-05, -0.000274804711808, 4.04764023187e-06, -0.000719625561032, 0.000511497841217, -0.00190760486294, 0.0011862575775, -0.00117998884525, -0.00015921452723, -0.00026260362938, 0.00752667523921, -0.00236613536254, 0.000464430224383], [-9.98680206976e-06, -0.00024765075068, -0.000161604999448, 0.00028785073664, -0.00212531094439, 0.00230012298562, -0.0012281810632, 0.000474882748676, -0.000537378247827, -0.00106883794069, -0.00236613536254, 0.0111160008237, -0.00455613899976], [3.68862929463e-05, 0.000236854306422, 0.000352563307388, 1.37274837471e-05, 0.000963742088061, -0.00138204044197, 0.000155047106091, -0.00099329277873, 0.000418751034886, -0.00092241546372, 0.000464430224383, -0.00455613899976, 0.00965864956379]], "mean": [-645.518066406, 116.617835999, 10.1031913757, 3.53103399277, 2.2184176445, -4.74110746384, 9.04614639282, 1.29111051559, 0.298284083605, 9.23583889008, -8.34391021729, 3.88913393021, 2.47699427605], "cov": [[11607.1474609, -1661.45458984, 4.01052236557, 1129.36914062, 1196.15441895, 832.065917969, 678.516113281, 282.536712646, 149.516342163, 521.396118164, 76.5367584229, 196.718795776, 144.961334229], [-1661.45458984, 1705.20996094, -29.7404975891, -59.9924125671, -147.870162964, 24.6205234528, 12.2207622528, 2.19467139244, 33.8027420044, -36.9863319397, 92.8367843628, 16.0095214844, -17.9029541016], [4.01052236557, -29.7404975891, 677.843933105, -42.6248931885, 65.470375061, 131.103759766, 20.0040073395, 128.701629639, 0.851912975311, 38.3968162537, 43.7465667725, 8.12275791168, 6.53111124039], [1129.36914062, -59.9924125671, -42.6248931885, 762.901794434, 383.70803833, 253.973434448, 118.527854919, 185.582229614, 63.5327262878, 56.0606651306, 127.08895874, 55.325958252, 35.4530067444], [1196.15441895, -147.870162964, 65.470375061, 383.70803833, 466.606018066, 244.786468506, 118.499755859, 127.65826416, 57.3656921387, 99.0649795532, 78.6094741821, 78.8711166382, 36.2156639099], [832.065917969, 24.6205234528, 131.103759766, 253.973434448, 244.786468506, 532.855651855, 86.714302063, 133.607696533, 79.3490524292, 70.6678390503, 143.519500732, -0.754856169224, 51.2923965454], [678.516113281, 12.2207622528, 20.0040073395, 118.527854919, 118.499755859, 86.714302063, 336.696044922, 9.858045578, 21.3043327332, 118.580490112, -9.85629081726, 63.5634689331, 33.2620239258], [282.536712646, 2.19467139244, 128.701629639, 185.582229614, 127.65826416, 133.607696533, 9.858045578, 278.709564209, 67.7614822388, 10.4721097946, 88.296295166, 19.4072799683, 31.7609596252], [149.516342163, 33.8027420044, 0.851912975311, 63.5327262878, 57.3656921387, 79.3490524292, 21.3043327332, 67.7614822388, 163.24659729, 36.4412651062, 39.0959472656, 18.7631778717, 14.1088428497], [521.396118164, -36.9863319397, 38.3968162537, 56.0606651306, 99.0649795532, 70.6678390503, 118.580490112, 10.4721097946, 36.4412651062, 206.67515564, 16.7217655182, 57.9333877563, 41.5168991089], [76.5367584229, 92.8367843628, 43.7465667725, 127.08895874, 78.6094741821, 143.519500732, -9.85629081726, 88.296295166, 39.0959472656, 16.7217655182, 205.745239258, 37.6347770691, 25.3462638855], [196.718795776, 16.0095214844, 8.12275791168, 55.325958252, 78.8711166382, -0.754856169224, 63.5634689331, 19.4072799683, 18.7631778717, 57.9333877563, 37.6347770691, 152.22996521, 66.1976013184], [144.961334229, -17.9029541016, 6.53111124039, 35.4530067444, 36.2156639099, 51.2923965454, 33.2620239258, 31.7609596252, 14.1088428497, 41.5168991089, 25.3462638855, 66.1976013184, 142.949798584]]}, "erbbands_flatness_db": {"var": 0.00586586073041, "mean": 0.165024787188, "dmean2": 0.0254343338311, "dvar": 0.00045043262071, "dmean": 0.017592811957, "max": 0.538554430008, "min": 0.045785792172, "median": 0.144197851419, "dvar2": 0.000842182780616}, "barkbands": {"var": [1.11707583983e-06, 0.000490981212351, 2.51900000876e-05, 1.71787360159e-05, 1.36866756293e-05, 1.23378831631e-05, 4.74830176245e-06, 4.99044699609e-06, 8.6778527475e-06, 1.10616338134e-05, 1.05718481791e-05, 8.50638753036e-06, 2.55515942627e-06, 1.74012734533e-06, 2.19269077206e-06, 9.21100934193e-07, 9.29479369915e-07, 3.52181928065e-07, 2.42997600708e-07, 5.04221134179e-07, 1.00280821869e-07, 4.26756741945e-07, 2.47049547397e-06, 1.33764331167e-06, 7.41862493214e-07, 1.86149932802e-07, 6.62064222889e-11], "mean": [0.000671857618727, 0.0133158359677, 0.00209754216485, 0.00157756346744, 0.00260654371232, 0.00232282700017, 0.0013325685868, 0.00128367752768, 0.00147978239693, 0.00178185326513, 0.00159669178538, 0.00113929412328, 0.000620117061771, 0.000707295199391, 0.000643040577415, 0.000432342232671, 0.000416220136685, 0.000282464869088, 0.000282181514194, 0.000516429834533, 0.000179869719432, 0.000169503662619, 0.000343930529198, 0.00048183958279, 0.00024755432969, 0.000107782936539, 1.57761019182e-06], "dmean2": [0.000440516072558, 0.0117666041479, 0.00221874867566, 0.0026284174528, 0.00261680968106, 0.00166048330721, 0.00117452500854, 0.000991292763501, 0.00129383627791, 0.00143455702346, 0.00141958286986, 0.0010741839651, 0.000645266845822, 0.000735227484256, 0.000700404460076, 0.000538630585652, 0.000426147889812, 0.000263157620793, 0.000247372750891, 0.000375073082978, 0.000171903433511, 0.000210283789784, 0.000363815051969, 0.000356904580258, 0.000210226935451, 9.85511578619e-05, 2.56080011241e-06], "dvar": [3.13732073209e-07, 0.000262708432274, 2.12810409721e-05, 2.57458650594e-05, 9.50037519942e-06, 4.47573893325e-06, 2.44509260483e-06, 1.92250672626e-06, 3.61254001291e-06, 4.23817436968e-06, 5.47183799426e-06, 3.10383279611e-06, 1.36649032356e-06, 1.01519071904e-06, 1.13880355457e-06, 8.19067679458e-07, 4.5141248961e-07, 1.44507978916e-07, 1.10604823078e-07, 1.6061970598e-07, 6.25499936291e-08, 3.6482208543e-07, 1.36930691497e-06, 6.08654829648e-07, 2.8683751907e-07, 8.26184418656e-08, 8.37312857938e-11], "dmean": [0.000302970671328, 0.00753345293924, 0.00148829619866, 0.0014501089463, 0.00157897267491, 0.00107537175063, 0.000752994965296, 0.000665145926178, 0.000830814940855, 0.000932194641791, 0.000911558687221, 0.000689688371494, 0.000403835292673, 0.0004534466716, 0.000444656674517, 0.000338759680744, 0.000267697672825, 0.000167750869878, 0.000158667011419, 0.000240747438511, 0.000110634515295, 0.00013641633268, 0.00024749658769, 0.000246399868047, 0.000145672718645, 7.16628637747e-05, 1.53002974912e-06], "max": [0.0111388545483, 0.197383403778, 0.0627696588635, 0.0639321431518, 0.0410686172545, 0.0471654944122, 0.0304368883371, 0.0252022054046, 0.0470443256199, 0.0569016672671, 0.0498571768403, 0.0386078208685, 0.0277225114405, 0.0217303652316, 0.0239030569792, 0.016129501164, 0.0228899288923, 0.0162147432566, 0.009930386208, 0.00574079016224, 0.00468224659562, 0.0289370194077, 0.0539624877274, 0.0197068806738, 0.0178758911788, 0.00907857529819, 0.000336074415827], "min": [1.80420992945e-23, 9.20970620603e-23, 3.17720608445e-23, 1.41570066679e-23, 5.87801717497e-23, 1.51623319521e-22, 5.78489119847e-23, 3.61889782498e-23, 4.33922344139e-23, 2.68280265823e-23, 4.69487191418e-23, 2.20064399409e-22, 1.35880849162e-22, 1.76783110393e-22, 1.16403797682e-22, 1.99754664222e-22, 2.45973948929e-22, 2.43955979624e-22, 2.47830460494e-22, 2.6715533124e-22, 4.24652332356e-22, 5.38365079366e-22, 4.92446659898e-22, 6.58330350532e-22, 1.22693896861e-21, 1.59568542281e-21, 2.69711831272e-21], "median": [9.88770989352e-05, 0.00601292401552, 0.000628470734227, 0.00044005579548, 0.00127267115749, 0.00115872127935, 0.000530251068994, 0.000484233372845, 0.000513293372933, 0.00061942380853, 0.000563710462302, 0.000263638881734, 0.000168023150763, 0.000207040342502, 0.000188444901141, 0.000115897200885, 0.000137483541039, 0.000105288985651, 0.000115704518976, 0.000204981886782, 7.58614041843e-05, 3.53071118298e-05, 5.7834549807e-05, 0.000183794720215, 7.24566780264e-05, 2.32231159316e-05, 6.34190158166e-08], "dvar2": [6.59192721741e-07, 0.000607159920037, 4.61423624074e-05, 7.44447970646e-05, 2.51850779023e-05, 1.0145030501e-05, 6.05685772825e-06, 4.27361328548e-06, 8.24304697744e-06, 9.67793312157e-06, 1.32864242914e-05, 7.00766713635e-06, 3.11392682306e-06, 2.62066964751e-06, 2.6520292522e-06, 2.09989320865e-06, 1.09095026346e-06, 3.08213060407e-07, 2.52715665283e-07, 3.85962863447e-07, 1.53523288304e-07, 8.3599223899e-07, 2.62996240963e-06, 1.19606806948e-06, 5.09402582338e-07, 1.50848308067e-07, 2.37445452189e-10]}, "spectral_energyband_low": {"var": 0.000673407281283, "mean": 0.0169536545873, "dmean2": 0.0124319801107, "dvar": 0.000278342689853, "dmean": 0.00807944685221, "max": 0.200442627072, "min": 1.50204101955e-22, "median": 0.00841037556529, "dvar2": 0.000584727851674}, "erbbands_spread": {"var": 333.74520874, "mean": 37.5808486938, "dmean2": 12.8627758026, "dvar": 95.8675918579, "dmean": 8.44698524475, "max": 145.925613403, "min": 2.02000927925, "median": 35.5705413818, "dvar2": 205.255187988}, "average_loudness": 0.893326699734, "spectral_energyband_middle_high": {"var": 7.39358365536e-05, "mean": 0.00781948212534, "dmean2": 0.00393418502063, "dvar": 1.72718591784e-05, "dmean": 0.0026088678278, "max": 0.0725278258324, "min": 1.77512575752e-21, "median": 0.0049409372732, "dvar2": 3.93476366298e-05}, "barkbands_flatness_db": {"var": 0.0077293314971, "mean": 0.157401010394, "dmean2": 0.0359643697739, "dvar": 0.00079186889343, "dmean": 0.0249507948756, "max": 0.583367109299, "min": 0.0250298455358, "median": 0.132358089089, "dvar2": 0.00149016687647}, "spectral_entropy": {"var": 0.603045582771, "mean": 7.39892148972, "dmean2": 0.29435762763, "dvar": 0.0804067030549, "dmean": 0.209698557854, "max": 9.79701042175, "min": 3.96438932419, "median": 7.54924964905, "dvar2": 0.145912930369}, "melbands_skewness": {"var": 4.06247329712, "mean": 2.51263856888, "dmean2": 1.07243108749, "dvar": 0.800487518311, "dmean": 0.712823569775, "max": 36.8499145508, "min": -1.57444739342, "median": 2.11457943916, "dvar2": 1.53379130363}, "spectral_contrast_coeffs": {"var": [0.0106926392764, 0.00963628105819, 0.00838486291468, 0.00478846114129, 0.00381461787038, 0.0018884758465], "mean": [-0.654162347317, -0.674013793468, -0.696805119514, -0.739311158657, -0.755615890026, -0.788751423359], "dmean2": [0.0753837302327, 0.0793984234333, 0.07280151546, 0.0571489930153, 0.0442694760859, 0.0328203476965], "dvar": [0.0017136830138, 0.00196188571863, 0.00173367222305, 0.00104905106127, 0.000664544000756, 0.000432453933172], "dmean": [0.0466370806098, 0.0493525192142, 0.0458823256195, 0.0356384217739, 0.0285601839423, 0.0210428796709], "max": [-0.249547883868, -0.331918716431, -0.383776634932, -0.466927289963, -0.519051194191, -0.614354252815], "min": [-0.952642023563, -0.96307939291, -0.973696053028, -0.98153924942, -0.971131980419, -0.957961320877], "median": [-0.674617171288, -0.688955247402, -0.706920742989, -0.747013926506, -0.760539054871, -0.792520165443], "dvar2": [0.00434386357665, 0.00497120944783, 0.00407455908135, 0.00246991030872, 0.00139451143332, 0.000926797394641]}, "pitch_salience": {"var": 0.0155348172411, "mean": 0.489244431257, "dmean2": 0.111560702324, "dvar": 0.00520258489996, "dmean": 0.0711285248399, "max": 0.854789435863, "min": 0.00686232792214, "median": 0.492156565189, "dvar2": 0.0117315640673}, "spectral_rolloff": {"var": 3205174.75, "mean": 1566.59875488, "dmean2": 978.196655273, "dvar": 1534268.375, "dmean": 588.018493652, "max": 19272.2167969, "min": 21.533203125, "median": 1055.12695312, "dvar2": 3061618.75}, "melbands_kurtosis": {"var": 1883.67431641, "mean": 14.151761055, "dmean2": 11.1326189041, "dvar": 562.292907715, "dmean": 7.40870666504, "max": 1540.04650879, "min": -1.86494505405, "median": 6.15018749237, "dvar2": 1058.24755859}, "silence_rate_30dB": {"var": 0.0418891645968, "mean": 0.956194639206, "dmean2": 0.071853376925, "dvar": 0.0346324332058, "dmean": 0.0359223298728, "max": 1, "min": 0, "median": 1, "dvar2": 0.0705756917596}, "spectral_decrease": {"var": 6.22634530413e-17, "mean": -8.96474805501e-09, "dmean2": 4.33985070103e-09, "dvar": 1.9553914406e-17, "dmean": 2.75174616426e-09, "max": 4.02374161315e-29, "min": -5.59047492743e-08, "median": -7.32140126303e-09, "dvar2": 4.28497126619e-17}, "spectral_rms": {"var": 5.88646389588e-06, "mean": 0.00546426512301, "dmean2": 0.00123158073984, "dvar": 1.01195610114e-06, "dmean": 0.00079178775195, "max": 0.014473516494, "min": 3.26624231134e-12, "median": 0.00546259945258, "dvar2": 2.1498458409e-06}, "spectral_skewness": {"var": 2.48892807961, "mean": 1.88835561275, "dmean2": 0.462915927172, "dvar": 0.402617573738, "dmean": 0.305087119341, "max": 13.5449829102, "min": -0.726426482201, "median": 1.5557308197, "dvar2": 0.873921871185}, "erbbands_crest": {"var": 20.0250511169, "mean": 9.64860057831, "dmean2": 4.09963512421, "dvar": 6.42938423157, "dmean": 2.55719685555, "max": 30.2661209106, "min": 1.82184052467, "median": 8.59106826782, "dvar2": 15.7418899536}, "melb