{"tonal": {"chords_number_rate": 0.00211104075424, "thpcp": [1, 0.543208956718, 0.102561317384, 0.0543183870614, 0.0630128011107, 0.156555891037, 0.319009870291, 0.32448938489, 0.391667306423, 0.690102219582, 0.546498775482, 0.21660554409, 0.245205938816, 0.221790999174, 0.19839900732, 0.275408327579, 0.196305856109, 0.0888851061463, 0.0722945332527, 0.0903813540936, 0.429099142551, 0.78896600008, 0.528154492378, 0.272163391113, 0.373771756887, 0.309593915939, 0.209057152271, 0.226575836539, 0.206205517054, 0.505871295929, 0.883459329605, 0.569664120674, 0.143280446529, 0.104624480009, 0.193173497915, 0.66195166111], "hpcp": {"dvar": [0.0434186272323, 0.0314849503338, 0.0290605220944, 0.0408810004592, 0.0284760352224, 0.012068820186, 0.00958321429789, 0.0158831104636, 0.0333078987896, 0.047791659832, 0.0264405403286, 0.0113194072619, 0.0091955922544, 0.0120505457744, 0.0169577617198, 0.0234154704958, 0.0306728184223, 0.0321799218655, 0.0354165099561, 0.0344652011991, 0.0217885151505, 0.0189091265202, 0.0183564014733, 0.0177120808512, 0.0227347798645, 0.0157667659223, 0.0136573556811, 0.0119132231921, 0.0112613318488, 0.0191533043981, 0.0368561856449, 0.0295866541564, 0.0263575650752, 0.0324942395091, 0.0320730246603, 0.0342962890863], "mean": [0.0762809738517, 0.0694229230285, 0.170310989022, 0.297433018684, 0.191788032651, 0.0482380278409, 0.0352237783372, 0.0650354549289, 0.222858354449, 0.336668610573, 0.182881399989, 0.0345291756094, 0.0182872954756, 0.0212144330144, 0.0527074560523, 0.107400611043, 0.1092453897, 0.131862089038, 0.232335746288, 0.1839889884, 0.0729242861271, 0.0825531408191, 0.0746700689197, 0.0667947158217, 0.0927213430405, 0.0660900175571, 0.0299248248339, 0.024339299649, 0.0304285660386, 0.144464209676, 0.265620082617, 0.17781303823, 0.0916288718581, 0.125837221742, 0.104230552912, 0.0703829824924], "min": [0, 0, 0, 0, 0, 0, 0, 0, 0, 0, 0, 0, 0, 0, 0, 0, 0, 0, 0, 0, 0, 0, 0, 0, 0, 0, 0, 0, 0, 0, 0, 0, 0, 0, 0, 0], "median": [0.00308131077327, 0.00704630883411, 0.0486172139645, 0.0918715596199, 0.0608520917594, 0.00698268366978, 0.00169754948001, 0.00562903285027, 0.0693230032921, 0.135444775224, 0.0709029138088, 0.00532958842814, 0.000676663592458, 0.000833307742141, 0.00646273512393, 0.0161998458207, 0.016732821241, 0.0396195240319, 0.0590342320502, 0.042914159596, 0.0107050882652, 0.00212062848732, 0.00149803631939, 0.00149186037015, 0.00151824078057, 0.00140823808033, 0.00136958307121, 0.00126959255431, 0.00471298769116, 0.0505192801356, 0.127299830317, 0.0850295722485, 0.0157350953668, 0.00353297707625, 0.00326554500498, 0.00429704459384], "dvar2": [0.117090836167, 0.0832893401384, 0.0738948956132, 0.0939768403769, 0.0679934769869, 0.0332951359451, 0.0252914894372, 0.0421162396669, 0.07906883955, 0.0975618064404, 0.0650160908699, 0.0316428244114, 0.0262136012316, 0.0339944660664, 0.0448166392744, 0.0557176731527, 0.0781545564532, 0.0868571326137, 0.0794606283307, 0.0854518786073, 0.0585588626564, 0.0461294986308, 0.0461833700538, 0.0478238239884, 0.0543764531612, 0.0421964302659, 0.037998419255, 0.0324130244553, 0.0314732566476, 0.047922257334, 0.0823236480355, 0.0703778937459, 0.0720391049981, 0.0759741291404, 0.0831791013479, 0.0914646536112], "var": [0.0407408066094, 0.0301637519151, 0.0570801422, 0.139835685492, 0.0654897242785, 0.0115838255733, 0.0117933014408, 0.0196284074336, 0.093388825655, 0.146315023303, 0.0560370385647, 0.00915092788637, 0.00629337690771, 0.00827975664288, 0.0175830740482, 0.0491105131805, 0.0488367900252, 0.0430860184133, 0.106070317328, 0.0762662142515, 0.0236421301961, 0.0530704818666, 0.0478522591293, 0.0268640574068, 0.0630694627762, 0.0338276587427, 0.0119613232091, 0.00980778969824, 0.008515692316, 0.0399513654411, 0.0961189717054, 0.0515666380525, 0.0321543999016, 0.076827481389, 0.0492047518492, 0.0309407822788], "dmean2": [0.156594127417, 0.139553636312, 0.177697241306, 0.202398687601, 0.175390064716, 0.0864160582423, 0.0611265040934, 0.0994195714593, 0.17712675035, 0.22208635509, 0.175669521093, 0.0709003359079, 0.0486243106425, 0.0554401986301, 0.0865894630551, 0.115396298468, 0.144576132298, 0.177897661924, 0.188468679786, 0.185592859983, 0.119453795254, 0.0837693437934, 0.0782462060452, 0.0871171578765, 0.0844160467386, 0.0738357007504, 0.0607953257859, 0.0541112609208, 0.065232411027, 0.140805184841, 0.215920075774, 0.192945748568, 0.144490793347, 0.130839124322, 0.150804713368, 0.149164557457], "max": [1, 1, 1, 1, 1, 1, 1, 1, 1, 1, 1, 1, 1, 1, 1, 1, 1, 1, 1, 1, 1, 1, 1, 1, 1, 1, 1, 1, 1, 1, 1, 1, 1, 1, 1, 1], "dmean": [0.0859532356262, 0.0781521648169, 0.107050724328, 0.122703395784, 0.108890004456, 0.0490120127797, 0.0347321517766, 0.0577670037746, 0.10803193599, 0.13756492734, 0.106565877795, 0.0392143689096, 0.0260908454657, 0.0301697291434, 0.0504496917129, 0.0701395049691, 0.0840448737144, 0.103728570044, 0.116951301694, 0.1111503914, 0.0690678358078, 0.0485808327794, 0.0452005416155, 0.05111521855, 0.0483190193772, 0.0425796844065, 0.0342006571591, 0.0298946481198, 0.0361263044178, 0.0879917889833, 0.135927051306, 0.119019433856, 0.083036467433, 0.0753355994821, 0.086797118187, 0.0825296193361]}, "key_strength": 0.682461798191, "chords_strength": {"dvar": 0.000440974137746, "mean": 0.545678675175, "min": -1, "median": 0.554305374622, "dvar2": 0.000861429667566, "var": 0.0291628148407, "dmean2": 0.00711754430085, "max": 0.831031680107, "dmean": 0.00806593894958}, "tuning_equal_tempered_deviation": 0.0568007603288, "chords_key": "C", "tuning_frequency": 437.213165283, "chords_scale": "minor", "chords_changes_rate": 0.0339877568185, "key_scale": "major", "tuning_diatonic_strength": 0.530525445938, "hpcp_entropy": {"dvar": 0.20343901217, "mean": 1.70388734341, "min": 0, "median": 1.74061667919, "dvar2": 0.524701654911, "var": 0.51013469696, "dmean2": 0.835702240467, "max": 4.521920681, "dmean": 0.497514635324}, "chords_histogram": [14.6928434372, 10.8296394348, 0.0211104080081, 1.62550139427, 0.10555204004, 2.32214474678, 11.2307367325, 1.35106611252, 2.72324252129, 0.358876913786, 0, 0, 0.6544226408, 0, 0, 0, 0, 0, 0, 0, 0, 5.50981616974, 12.6873550415, 35.8876914978], "tuning_nontempered_energy_ratio": 0.715986192226, "key_key": "D#"}, "metadata": {"version": {"extractor": "music 1.0", "essentia_build_sha": "70f2e5ece6736b2c40cc944ad0e695b16b925413", "essentia": "2.1-beta2", "essentia_git_sha": "v2.1_beta2"}, "audio_properties": {"sample_rate": 44100, "length": 219.92489624, "lossless": false, "analysis_sample_rate": 44100, "downmix": "mix", "bit_rate": 256030, "equal_loudness": 0, "md5_encoded": "19d65172b9c5c5f22f183cf582dd37a2", "codec": "mp3", "replay_gain": -13.4266834259}, "tags": {"genre": ["Pop"], "length": ["220"], "artist": ["Simon Bookish"], "date": ["2008"], "musicbrainz_recordingid": ["98cc0e5a-2282-4b79-8fe7-c5d125f8c300"], "file_name": "2176686.mp3", "title": ["Colophon"], "tracknumber": ["11"], "album": ["Colophon"], "discnumber": ["1"]}}, "lowlevel": {"melbands": {"dvar": [1.30407431698e-06, 7.28427676222e-06, 1.57588067395e-06, 1.08186122816e-06, 2.64944446826e-07, 2.63979273996e-07, 2.04261311865e-07, 2.01725157467e-07, 2.43705642333e-07, 3.73515938179e-08, 1.13002815993e-08, 3.79594222721e-09, 5.78728709399e-09, 4.41618741576e-09, 3.77729003631e-09, 1.26959764923e-09, 2.44953146655e-09, 4.21747886614e-10, 7.15285719544e-10, 7.56527063217e-10, 1.0330196698e-09, 8.1590306733e-10, 2.76588557613e-10, 2.38391945073e-10, 2.58269405862e-10, 5.45432275734e-11, 3.21779616841e-11, 7.1599145883e-12, 4.50739879448e-12, 6.18191131965e-12, 1.27796662142e-11, 2.39580178613e-11, 5.55992925311e-11, 1.11843222184e-10, 1.24416893454e-10, 5.96349844506e-11, 8.78850534014e-11, 7.40543806832e-11, 4.57884459515e-11, 2.75121644217e-11], "mean": [0.00152997102123, 0.00276158587076, 0.00114230485633, 0.000849277130328, 0.000629332091194, 0.000535703497007, 0.000605505483691, 0.000481937255245, 0.000290076044621, 9.21065948205e-05, 8.1821322965e-05, 2.96725738735e-05, 2.71831668215e-05, 3.8581136323e-05, 3.56575619662e-05, 1.610858817e-05, 2.34267408814e-05, 1.15683442345e-05, 1.19413334687e-05, 1.11048866529e-05, 1.43282659337e-05, 1.48716735566e-05, 8.27650092106e-06, 7.69034977566e-06, 7.93505114416e-06, 4.50205106972e-06, 3.01498971567e-06, 1.5596490357e-06, 9.27381563542e-07, 9.6107214631e-07, 1.11121289592e-06, 1.44328714669e-06, 1.86096065136e-06, 2.50765765486e-06, 2.35571178564e-06, 1.61050331826e-06, 1.69286738583e-06, 1.73867533704e-06, 1.40950203331e-06, 1.00958823168e-06], "min": [2.27977567279e-24, 1.18647017146e-24, 2.34485492254e-24, 9.55617718938e-25, 2.44130736769e-24, 3.00026856716e-24, 2.56237404803e-24, 1.25336961913e-24, 3.784542049e-24, 2.92000098397e-24, 1.91487898918e-24, 3.15681170291e-24, 3.31957796513e-24, 4.30558783234e-24, 2.94633572479e-24, 5.096816898e-24, 5.28895698767e-24, 4.12168305609e-24, 3.12292992981e-24, 5.33770385845e-24, 4.09981622623e-24, 3.53586074837e-24, 4.58670314908e-24, 4.32013363857e-24, 6.64083147082e-24, 4.29917518204e-24, 5.30189351765e-24, 6.12357537527e-24, 7.09570286827e-24, 7.8378308646e-24, 4.85031758664e-24, 6.79225095499e-24, 6.44928105468e-24, 7.84782021024e-24, 6.77700937345e-24, 6.81189122495e-24, 7.68851842791e-24, 8.7387960042e-24, 7.59625325643e-24, 7.39239266586e-24], "median": [0.000223814218771, 0.000814823666587, 0.000651541049592, 0.000482579285745, 0.000354375049938, 0.00027867348399, 0.00038205931196, 0.000253137026448, 5.75863959966e-05, 1.56068726938e-05, 2.05120632017e-05, 6.68603433951e-06, 3.43245005752e-06, 7.75715852797e-06, 7.06398486727e-06, 1.84804309811e-06, 5.22617619936e-06, 1.81291125045e-06, 1.20174729545e-06, 4.8750661108e-07, 7.69169389514e-07, 9.18985790577e-07, 4.20164894877e-07, 2.55821902329e-07, 2.74986916793e-07, 1.68436358194e-07, 1.2669016769e-07, 5.73019818262e-08, 2.66671857929e-08, 2.59205759079e-08, 2.24661089732e-08, 2.94116517807e-08, 2.14736655124e-08, 2.28218794973e-08, 1.60167648033e-08, 1.54215911152e-08, 8.49557846294e-09, 4.56566784379e-09, 3.29472005234e-09, 2.8102884464e-09], "dvar2": [3.50688151229e-06, 1.85651806532e-05, 4.39713994638e-06, 2.88408614324e-06, 6.5669291871e-07, 6.22018546892e-07, 4.53491708186e-07, 4.49778752909e-07, 5.99952670655e-07, 9.20092944057e-08, 2.67509800977e-08, 8.56495674384e-09, 1.32900135341e-08, 1.04599751083e-08, 8.83425776976e-09, 2.71138445029e-09, 6.35351238287e-09, 9.70773905706e-10, 1.75503322986e-09, 1.92287874512e-09, 2.67971067558e-09, 1.90502280617e-09, 6.69956035093e-10, 4.64515120813e-10, 5.2355114688e-10, 1.24184398875e-10, 6.67049193659e-11, 1.58103374143e-11, 9.49546431067e-12, 1.29638634896e-11, 2.64724856619e-11, 5.52423558287e-11, 1.26744115203e-10, 2.4880059124e-10, 2.79383682855e-10, 1.27464677702e-10, 1.90815946377e-10, 1.49939741179e-10, 9.89165485632e-11, 5.8911091283e-11], "var": [4.37394055552e-06, 2.08519795706e-05, 2.64107893599e-06, 1.43601403124e-06, 6.22157358521e-07, 6.86979717557e-07, 5.54669895791e-07, 4.55043334568e-07, 4.47960246674e-07, 5.95019642446e-08, 2.99262801207e-08, 1.02671338098e-08, 1.07516644476e-08, 8.35945090927e-09, 7.63693286387e-09, 2.77385603376e-09, 3.47053741301e-09, 8.94942508989e-10, 1.37275635304e-09, 1.76953796061e-09, 2.57845078622e-09, 2.1056574262e-09, 6.7510758095e-10, 6.73781697103e-10, 6.10518635646e-10, 1.56751778224e-10, 8.20998546924e-11, 1.93099841672e-11, 1.02771905569e-11, 1.16278367143e-11, 2.1287605359e-11, 3.69641955933e-11, 8.72633770799e-11, 1.85958831667e-10, 1.99265798306e-10, 9.19408021938e-11, 1.30287461375e-10, 1.28071511729e-10, 7.70211810996e-11, 4.38102887301e-11], "dmean2": [0.000747578567825, 0.001844616374, 0.00100045278668, 0.000792217964772, 0.000453451240901, 0.000375431147404, 0.000376543612219, 0.00030318138306, 0.00024159354507, 7.69318940002e-05, 5.65428708796e-05, 2.14573028643e-05, 2.39464716287e-05, 3.84052655136e-05, 3.32543022523e-05, 1.48156059367e-05, 2.52984609688e-05, 1.06305042209e-05, 1.09461925604e-05, 9.66683637671e-06, 1.24735352074e-05, 1.26956083477e-05, 6.84858696332e-06, 5.99524264544e-06, 6.69099335937e-06, 3.52327265318e-06, 2.47678099186e-06, 1.33965011173e-06, 8.09266623492e-07, 9.09636867163e-07, 1.06322261217e-06, 1.44255852774e-06, 1.97128269974e-06, 2.71649764727e-06, 2.64604773292e-06, 1.87410739727e-06, 2.05669539355e-06, 1.96433416022e-06, 1.60142235472e-06, 1.18461468901e-06], "max": [0.0203610900789, 0.0371071100235, 0.0176203083247, 0.0194549337029, 0.0100487638265, 0.0100059490651, 0.0136309787631, 0.0131862172857, 0.00933158770204, 0.0067526306957, 0.00373707176186, 0.00251807156019, 0.0021575584542, 0.00181367632467, 0.00128490256611, 0.000935269985348, 0.00140587671194, 0.000464412762085, 0.000835602695588, 0.000911586685106, 0.0013618277153, 0.000801845162641, 0.000417764123995, 0.000465920369606, 0.000317245168844, 0.00018460888532, 0.000171094288817, 6.09311973676e-05, 9.02895335457e-05, 7.40024624974e-05, 0.000171295061591, 0.000217174689169, 0.000200975846383, 0.000305725610815, 0.000508324592374, 0.00023332091223, 0.000257212202996, 0.000223335810006, 0.000166665471625, 0.000157821879839], "dmean": [0.000499761663377, 0.00114668626338, 0.000595309247728, 0.000480033253552, 0.000295565696433, 0.000248289812589, 0.000260257074842, 0.000211531194509, 0.000159443734447, 5.08455923409e-05, 3.89811684727e-05, 1.41844457175e-05, 1.59165701916e-05, 2.50335342571e-05, 2.19684097829e-05, 9.95982099994e-06, 1.59458359121e-05, 6.94364234732e-06, 7.11914071871e-06, 6.23061123406e-06, 7.84219082561e-06, 8.14329359855e-06, 4.43536237071e-06, 3.99866530643e-06, 4.50473589808e-06, 2.32754746321e-06, 1.67672953921e-06, 8.85642066351e-07, 5.50308470793e-07, 6.19196896423e-07, 7.33861270419e-07, 9.56502844929e-07, 1.3411575992e-06, 1.86808426861e-06, 1.76571109023e-06, 1.27903786051e-06, 1.4023763697e-06, 1.39656503961e-06, 1.11265876512e-06, 8.09238372312e-07]}, "spectral_decrease": {"dvar": 1.03502314178e-17, "mean": -7.19543669092e-09, "min": -4.08356086723e-08, "median": -5.51428014361e-09, "dvar2": 2.41041572007e-17, "var": 4.29366592704e-17, "dmean2": 2.88235080248e-09, "max": 1.35187402439e-28, "dmean": 1.91157112361e-09}, "spectral_rolloff": {"dvar": 978991.8125, "mean": 1049.28430176, "min": 107.666015625, "median": 473.73046875, "dvar2": 2018545.875, "var": 4734283, "dmean2": 465.958557129, "max": 19444.4824219, "dmean": 273.048034668}, "melbands_crest": {"dvar": 6.00734472275, "mean": 15.1633338928, "min": 1.80915021896, "median": 14.6624975204, "dvar2": 15.8937234879, "var": 20.2582702637, "dmean2": 3.80755472183, "max": 30.3039321899, "dmean": 2.41638565063}, "barkbands_skewness": {"dvar": 0.302414476871, "mean": 1.89070153236, "min": -4.17836475372, "median": 1.75023400784, "dvar2": 0.660266637802, "var": 1.58842492104, "dmean2": 0.746079862118, "max": 9.16637897491, "dmean": 0.504266083241}, "spectral_centroid": {"dvar": 81102.5390625, "mean": 727.78894043, "min": 162.033889771, "median": 451.708312988, "dvar2": 158584.140625, "var": 587373.3125, "dmean2": 186.894195557, "max": 11579.4335938, "dmean": 128.364593506}, "spectral_energyband_middle_low": {"dvar": 5.57773564651e-05, "mean": 0.014555211179, "min": 2.08214395948e-22, "median": 0.0112759321928, "dvar2": 0.000137392780744, "var": 0.000149545434397, "dmean2": 0.00713912211359, "max": 0.112215198576, "dmean": 0.00466841086745}, "erbbands_crest": {"dvar": 5.85413408279, "mean": 11.7073774338, "min": 2.47895646095, "median": 11.1426401138, "dvar2": 14.5810003281, "var": 20.5718917847, "dmean2": 3.67449307442, "max": 29.6041431427, "dmean": 2.35979652405}, "dynamic_complexity": 3.55690956116, "spectral_energyband_low": {"dvar": 9.453498933e-05, "mean": 0.0123904431239, "min": 2.43202882517e-23, "median": 0.00529389549047, "dvar2": 0.000245729985181, "var": 0.00027014335501, "dmean2": 0.00707146618515, "max": 0.115349195898, "dmean": 0.00442943163216}, "silence_rate_60dB": {"dvar": 0.0266955997795, "mean": 0.0957458019257, "min": 0, "median": 0, "dvar2": 0.0599181503057, "var": 0.0865742266178, "dmean2": 0.0549044460058, "max": 1, "dmean": 0.0274493247271}, "erbbands_kurtosis": {"dvar": 14.0977010727, "mean": 5.666888237, "min": -1.82230710983, "median": 2.03663158417, "dvar2": 27.6335449219, "var": 109.82762146, "dmean2": 3.45125937462, "max": 90.6748886108, "dmean": 2.35619020462}, "spectral_complexity": {"dvar": 4.66411733627, "mean": 10.7492876053, "min": 0, "median": 9, "dvar2": 8.23044300079, "var": 57.2020072937, "dmean2": 2.60584950447, "max": 49, "dmean": 1.73585307598}, "barkbands_crest": {"dvar": 3.78729295731, "mean": 12.1605415344, "min": 3.41300868988, "median": 11.665553093, "dvar2": 9.83218002319, "var": 16.8711719513, "dmean2": 3.17902565002, "max": 25.6521091461, "dmean": 2.05298161507}, "spectral_energy": {"dvar": 0.000153058208525, "mean": 0.028425373137, "min": 1.0355965227e-20, "median": 0.0219754371792, "dvar2": 0.000356032222044, "var": 0.000658930453938, "dmean2": 0.0112525187433, "max": 0.159758418798, "dmean": 0.00745048234239}, "spectral_spread": {"dvar": 939404754944, "mean": 3053352, "min": 425386.3125, "median": 2409969.25, "dvar2": 1552058023940.0, "var": 7284957118460.0, "dmean2": 825871.0625, "max": 43184744, "dmean": 555806.6875}, "spectral_contrast_valleys": {"dvar": [0.197556868196, 0.100508913398, 0.104897379875, 0.107532627881, 0.128764793277, 0.200768172741], "mean": [-8.54707336426, -7.03715515137, -8.70831203461, -9.42727565765, -9.71247577667, -11.9927501678], "min": [-27.6360816956, -28.0243053436, -27.4566078186, -27.6562767029, -27.4396095276, -27.3930034637], "median": [-7.33004379272, -6.76766347885, -8.47830486298, -9.06398677826, -9.65545368195, -12.1006784439], "dvar2": [0.53147059679, 0.216347098351, 0.215157136321, 0.218690007925, 0.264861702919, 0.365630060434], "var": [6.89165639877, 2.65949130058, 2.4838078022, 3.21038770676, 3.22982621193, 3.22001266479], "dmean2": [0.79384970665, 0.508164346218, 0.517562806606, 0.484818696976, 0.4578089118, 0.485320925713], "max": [-5.06360864639, -4.37614822388, -5.38383865356, -6.30244636536, -5.63307189941, -6.97363042831], "dmean": [0.474602401257, 0.32160025835, 0.333474367857, 0.316264748573, 0.309589922428, 0.349078387022]}, "spectral_rms": {"dvar": 7.21454171071e-07, "mean": 0.00469436403364, "min": 3.17858152993e-12, "median": 0.00463027553633, "dvar2": 1.58698640007e-06, "var": 5.69488884139e-06, "dmean2": 0.000909709138796, "max": 0.0124844647944, "dmean": 0.000622036983259}, "barkbands_spread": {"dvar": 61.2374420166, "mean": 11.2929706573, "min": 0.12450516969, "median": 5.47820425034, "dvar2": 117.099517822, "var": 342.67288208, "dmean2": 4.56099033356, "max": 136.886245728, "dmean": 3.11615204811}, "pitch_salience": {"dvar": 0.00328359450214, "mean": 0.518640875816, "min": 0.0938465073705, "median": 0.517898499966, "dvar2": 0.00839009787887, "var": 0.0113742034882, "dmean2": 0.0917980596423, "max": 0.98103761673, "dmean": 0.0587429404259}, "erbbands_skewness": {"dvar": 0.158408150077, "mean": 1.01719653606, "min": -3.28411841393, "median": 1.00726985931, "dvar2": 0.340305566788, "var": 1.0690830946, "dmean2": 0.583065927029, "max": 6.40103197098, "dmean": 0.395286649466}, "spectral_energyband_middle_high": {"dvar": 3.38263157573e-06, "mean": 0.00219657248817, "min": 1.04843516957e-21, "median": 0.000572859949898, "dvar2": 6.40858434053e-06, "var": 1.75873537955e-05, "dmean2": 0.00106785527896, "max": 0.0338556617498, "dmean": 0.000776979664806}, "erbbands": {"dvar": [0.00722382450476, 2.1777279377, 40.141708374, 56.3711395264, 152.529693604, 219.676361084, 270.598602295, 559.876220703, 963.345031738, 1773.73950195, 3056.15869141, 1275.69567871, 433.602508545, 182.420303345, 747.355957031, 897.831604004, 206.324066162, 522.36895752, 175.510879517, 207.635421753, 427.120269775, 424.162078857, 380.422363281, 322.085723877, 68.2367935181, 19.9302997589, 11.2208404541, 27.9763584137, 78.7528915405, 267.20715332, 277.319824219, 193.987945557, 123.523132324, 37.935382843, 5.11983728409, 0.178785949945, 0.003046838101, 3.96816903958e-05, 1.74145810661e-07, 7.60761953433e-10], "mean": [0.115242213011, 1.85232102871, 5.30033540726, 5.96462440491, 9.72788238525, 13.1223239899, 18.4306659698, 22.1824073792, 37.2342300415, 46.9658432007, 35.2946510315, 17.3536052704, 16.8414497375, 7.7402305603, 9.60158348083, 17.3096389771, 8.85544872284, 11.8468093872, 8.01266860962, 7.91388845444, 11.1064510345, 11.9973134995, 9.57426357269, 9.5621099472, 5.48954629898, 2.82923531532, 1.58064985275, 1.85298848152, 2.73371839523, 4.12775325775, 3.75028610229, 2.73748517036, 2.38170313835, 1.29820418358, 0.437236249447, 0.0854829922318, 0.0126910880208, 0.00146858755033, 8.45859467518e-05, 3.65915620932e-05], "min": [2.22098095445e-22, 8.25723251984e-22, 1.74860387523e-21, 1.2391114685e-20, 7.98309989691e-21, 3.25296175276e-20, 9.1043640583e-20, 1.40650818678e-19, 1.87251770396e-19, 1.78773660256e-19, 5.18267996542e-19, 4.46385174131e-19, 5.72671975623e-19, 7.55105987637e-19, 1.04670866026e-18, 1.89201517818e-18, 2.18925281192e-18, 2.87872150097e-18, 2.9476426032e-18, 3.83016842297e-18, 4.03760050518e-18, 4.20024861544e-18, 5.70514368053e-18, 8.92353345835e-18, 9.27448054966e-18, 1.01564800758e-17, 1.22042020781e-17, 1.09737915964e-17, 1.18267140697e-17, 1.41810090593e-17, 1.42329940521e-17, 1.30834264132e-17, 1.34752850305e-17, 1.02055310589e-17, 7.79110417462e-18, 4.24442254169e-18, 2.41866804609e-18, 1.13836523521e-18, 2.83480224295e-19, 2.76591231509e-20], "median": [0.0155437020585, 0.35222017765, 1.31211578846, 2.8290746212, 4.72548913956, 7.66148519516, 9.76691436768, 11.0224504471, 23.4270439148, 26.5987644196, 8.79510402679, 3.03125762939, 4.60306978226, 1.97044706345, 1.62645769119, 3.68834900856, 1.73688852787, 2.74135422707, 1.24189448357, 0.70920419693, 0.595328867435, 0.776121973991, 0.405029833317, 0.406889408827, 0.261982172728, 0.125097155571, 0.0532159470022, 0.0455151982605, 0.0541370660067, 0.045543551445, 0.0310979522765, 0.0190289895982, 0.00749829038978, 0.00401405943558, 0.0026607865002, 0.00148323609028, 0.000325943488861, 4.90372403874e-05, 1.55984362209e-05, 2.66645220108e-05], "dvar2": [0.0177137795836, 6.01636314392, 98.2268447876, 159.012908936, 414.180664062, 578.423706055, 678.659423828, 1313.84436035, 2194.09594727, 3985.13598633, 7453.19482422, 3150.85302734, 1023.7008667, 403.214385986, 1719.80126953, 2128.89331055, 439.681365967, 1334.16748047, 402.538085938, 495.72177124, 1060.1472168, 939.033813477, 843.438415527, 641.394775391, 145.675201416, 42.0756950378, 22.6266345978, 56.0772628784, 171.772476196, 579.429382324, 605.167541504, 407.284942627, 246.456680298, 78.2300033569, 10.6048774719, 0.392533421516, 0.00603633187711, 8.22525398689e-05, 4.08405043117e-07, 1.77547232472e-09], "var": [0.0311127137393, 6.45266389847, 117.061935425, 97.8506393433, 209.361999512, 315.127349854, 647.241149902, 1420.94226074, 2448.08569336, 4029.71972656, 5899.51123047, 2011.45397949, 1172.15710449, 524.450134277, 1366.52258301, 1621.49377441, 515.87878418, 805.874389648, 410.827819824, 587.557495117, 1299.04956055, 1245.57312012, 985.899475098, 815.853942871, 211.060089111, 57.1332550049, 26.3994655609, 51.4506645203, 136.258926392, 463.591003418, 461.873474121, 303.218688965, 224.159133911, 66.1505203247, 7.961186409, 0.268663406372, 0.00548581080511, 7.14788257028e-05, 1.99178060711e-07, 1.75837744365e-09], "dmean2": [0.0520971938968, 0.999453723431, 4.20993518829, 5.41594219208, 9.69327831268, 11.5818481445, 13.7772455215, 15.8096494675, 24.3428478241, 29.1169319153, 28.0621242523, 14.1922264099, 11.296412468, 5.18394041061, 8.29860782623, 17.0246181488, 7.04465675354, 11.7898168564, 6.7227640152, 6.03532361984, 8.48721599579, 9.22374820709, 7.557700634, 7.51739501953, 3.9960603714, 2.20159292221, 1.30488955975, 1.65506696701, 2.64343714714, 4.2586274147, 4.02983045578, 3.11693358421, 2.56339406967, 1.43139696121, 0.512150168419, 0.101342223585, 0.0138566559181, 0.00162223156076, 0.000106951869384, 1.66900517797e-05], "max": [1.88388431072, 19.108549118, 94.9630737305, 114.444274902, 225.854949951, 269.59979248, 312.865875244, 515.319702148, 927.630187988, 967.397277832, 1062.43725586, 1254.07629395, 713.618347168, 558.167419434, 791.50604248, 830.474975586, 452.293945312, 614.311645508, 293.496520996, 470.499389648, 784.639343262, 514.040893555, 485.710418701, 364.536651611, 179.475448608, 114.367408752, 112.588813782, 221.562240601, 283.002655029, 444.335296631, 688.336914062, 409.849517822, 282.390075684, 173.235412598, 83.9879455566, 14.8180761337, 1.84993326664, 0.254234015942, 0.0125832315534, 0.00107205659151], "dmean": [0.037312105298, 0.631939709187, 2.61525654793, 3.20316100121, 5.78571462631, 7.14168167114, 8.95167922974, 10.4543704987, 16.446598053, 20.3868560791, 18.5141544342, 9.3991317749, 7.78957223892, 3.46763277054, 5.54747104645, 11.1313734055, 4.80048322678, 7.50101709366, 4.43819856644, 3.97875404358, 5.51175880432, 6.08594179153, 4.92818546295, 5.10753059387, 2.71906852722, 1.48576366901, 0.900289475918, 1.15890002251, 1.79423046112, 2.95286369324, 2.74748921394, 2.16455316544, 1.85799431801, 0.989232778549, 0.351509749889, 0.06809489429, 0.0095040621236, 0.00111463584471, 6.80390949128e-05, 1.11410599857e-05]}, "dissonance": {"dvar": 0.00104892905802, "mean": 0.394553005695, "min": 0.11454886198, "median": 0.406662672758, "dvar2": 0.00277870590799, "var": 0.00444386247545, "dmean2": 0.0559703409672, "max": 0.500000059605, "dmean": 0.0338662676513}, "erbbands_flatness_db": {"dvar": 0.000516602012794, "mean": 0.264531433582, "min": 0.0484873615205, "median": 0.243088573217, "dvar2": 0.00109001889359, "var": 0.0104561988264, "dmean2": 0.0291572790593, "max": 0.580148935318, "dmean": 0.0203337408602}, "melbands_kurtosis": {"dvar": 92.7735595703, "mean": 11.3973178864, "min": -1.844861269, "median": 8.06683444977, "dvar2": 221.477615356, "var": 177.27571106, "dmean2": 8.04677295685, "max": 261.705810547, "dmean": 5.16140174866}, "melbands_spread": {"dvar": 125.956565857, "mean": 12.3961658478, "min": 0.441959023476, "median": 6.46477556229, "dvar2": 269.794677734, "var": 540.547790527, "dmean2": 5.61368465424, "max": 230.719192505, "dmean": 3.74282598495}, "melbands_skewness": {"dvar": 0.470287173986, "mean": 2.07477211952, "min": -2.19718718529, "median": 1.87957644463, "dvar2": 1.08696746826, "var": 1.89103651047, "dmean2": 0.863300919533, "max": 11.4923725128, "dmean": 0.573494493961}, "spectral_entropy": {"dvar": 0.0596110187471, "mean": 6.26960325241, "min": 3.90874385834, "median": 6.2934346199, "dvar2": 0.120235018432, "var": 1.08516788483, "dmean2": 0.279936105013, "max": 9.8159570694, "dmean": 0.194713577628}, "zerocrossingrate": {"dvar": 0.000253691338003, "mean": 0.0370058752596, "min": 0.0029296875, "median": 0.021484375, "dvar2": 0.000263317633653, "var": 0.00325311045162, "dmean2": 0.00767536275089, "max": 0.5107421875, "dmean": 0.00681052356958}, "average_loudness": 0.65852856636, "spectral_contrast_coeffs": {"dvar": [0.00149208470248, 0.00137755461037, 0.00097353028832, 0.00067978707375, 0.00054591987282, 0.000333516916726], "mean": [-0.554597318172, -0.649801254272, -0.718860983849, -0.753461539745, -0.766878128052, -0.798144817352], "min": [-0.979245364666, -0.970392644405, -0.97484087944, -0.975260615349, -0.967289507389, -0.975274562836], "median": [-0.575457811356, -0.652926921844, -0.715255737305, -0.754394948483, -0.766952514648, -0.796889543533], "dvar2": [0.00401167245582, 0.00346253323369, 0.00232577440329, 0.00154016411398, 0.00109364592936, 0.000710546853952], "var": [0.018323097378, 0.00805235560983, 0.00440732343122, 0.00362169719301, 0.00451393797994, 0.00339319882914], "dmean2": [0.0771061107516, 0.0646601766348, 0.0571220815182, 0.0483549013734, 0.0384296700358, 0.0284764021635], "max": [-0.219325616956, -0.365629792213, -0.511903226376, -0.548729658127, -0.54198539257, -0.605561435223], "dmean": [0.0463501773775, 0.0411771014333, 0.0369789227843, 0.0314295329154, 0.0261441543698, 0.0187036152929]}, "barkbands_flatness_db": {"dvar": 0.000596911762841, "mean": 0.280964314938, "min": 0.0398878380656, "median": 0.265205562115, "dvar2": 0.00127184728626, "var": 0.0131560880691, "dmean2": 0.0330617316067, "max": 0.57171523571, "dmean": 0.0227049402893}, "silence_rate_30dB": {"dvar": 0.0123015493155, "mean": 0.987015724182, "min": 0, "median": 1, "dvar2": 0.0295735280961, "var": 0.0128152696416, "dmean2": 0.0249181706458, "max": 1, "dmean": 0.0124577702954}, "spectral_energyband_high": {"dvar": 2.85861688099e-06, "mean": 0.00051817833446, "min": 7.56643835949e-21, "median": 8.79630169948e-06, "dvar2": 5.34832497578e-06, "var": 6.03716398473e-06, "dmean2": 0.000455136556411, "max": 0.0372109934688, "dmean": 0.000336318364134}, "melbands_flatness_db": {"dvar": 0.000789955083746, "mean": 0.36127692461, "min": 0.00426369858906, "median": 0.353217303753, "dvar2": 0.0016246936284, "var": 0.0164768844843, "dmean2": 0.0363274104893, "max": 0.661088585854, "dmean": 0.0255905203521}, "barkbands": {"dvar": [1.06922515286e-09, 2.84852339973e-05, 3.44662985299e-05, 7.69654070609e-06, 1.64843750099e-05, 6.70677718517e-06, 5.1952620197e-06, 5.11593407282e-06, 3.61736624654e-06, 4.58218067934e-07, 3.22986295487e-07, 3.98552316483e-07, 9.66731690255e-08, 1.77775987709e-07, 9.72609797145e-08, 1.01783591333e-07, 2.4798555387e-07, 1.34917002015e-07, 4.74244288284e-08, 1.22791385948e-08, 1.05519788463e-08, 8.33472313388e-08, 3.06556273699e-07, 4.50311517852e-07, 1.60265813065e-07, 2.50244447386e-09, 5.54516805737e-12], "mean": [1.53746386786e-05, 0.00689730374143, 0.00439834129065, 0.00192803167738, 0.00385544169694, 0.00294098351151, 0.00300667108968, 0.0016639220994, 0.000842100824229, 0.00048322728253, 0.000218364133616, 0.000374640949303, 0.000153620901983, 0.000205849879421, 0.000157190486789, 0.00015293181059, 0.00025242639822, 0.000173132721102, 0.00014560292766, 6.22723746346e-05, 4.06329454563e-05, 8.49811913213e-05, 0.000135370908538, 0.000139431853313, 8.67625421961e-05, 1.03397142084e-05, 3.92777849356e-07], "min": [1.63945037349e-24, 6.89890100508e-24, 9.04094353597e-25, 2.69517247054e-24, 8.08909647355e-24, 7.51433872889e-24, 1.51255779759e-23, 1.29923174391e-23, 2.36236514972e-23, 1.79012324026e-23, 1.88427520925e-23, 3.46115972273e-23, 4.67168508336e-23, 5.4035274379e-23, 4.21368159258e-23, 7.09108014336e-23, 7.09463064852e-23, 9.50522927834e-23, 1.54991036146e-22, 1.9544086987e-22, 2.9171286152e-22, 3.91121124315e-22, 5.26302348518e-22, 7.15621039296e-22, 1.0265881906e-21, 1.49639567848e-21, 2.15822528977e-21], "median": [2.58303589362e-06, 0.00106939824764, 0.000844131340273, 0.000812542566564, 0.002346185036, 0.00158240261953, 0.00175074650906, 0.000352602801286, 8.87117057573e-05, 0.000126498765894, 3.13853852276e-05, 7.885965897e-05, 2.09548270504e-05, 4.45813857368e-05, 1.72616073542e-05, 3.88078478863e-06, 1.83108968486e-05, 5.63327375858e-06, 7.60815373724e-06, 2.25556277655e-06, 1.04736875528e-06, 1.52602081016e-06, 1.24431880977e-06, 6.11972268416e-07, 3.73774668105e-07, 2.31980337162e-07, 1.58628150615e-08], "dvar2": [2.75762679358e-09, 7.81702910899e-05, 8.47641640576e-05, 2.19517969526e-05, 4.33142195106e-05, 1.60681283887e-05, 1.14393988042e-05, 1.18822281365e-05, 8.83732900547e-06, 1.08351741801e-06, 7.39298570807e-07, 9.34913543915e-07, 2.07753345194e-07, 4.52351116564e-07, 2.30594750406e-07, 2.48778718515e-07, 6.18620845216e-07, 2.88912730184e-07, 9.95362086087e-08, 2.57130121639e-08, 2.08338768459e-08, 1.81948507816e-07, 6.51371749427e-07, 9.08529045773e-07, 3.20818941191e-07, 5.51551737615e-09, 1.32307212061e-11], "var": [1.30566846224e-09, 8.80338484421e-05, 9.6308234788e-05, 1.01662744783e-05, 2.4447841497e-05, 1.71389838215e-05, 1.37460638143e-05, 1.0397373444e-05, 5.59927320865e-06, 1.26897521113e-06, 6.26249516245e-07, 7.45626380194e-07, 2.08016231795e-07, 2.69019352572e-07, 2.00448383225e-07, 2.97980506048e-07, 6.04365595791e-07, 3.36207932605e-07, 1.45098908888e-07, 3.1801803857e-08, 2.13381046166e-08, 1.4437685536e-07, 5.47525530692e-07, 7.74601403464e-07, 2.86641380853e-07, 3.7867646796e-09, 6.4254161887e-12], "dmean2": [1.47948394442e-05, 0.00358150643297, 0.0039395513013, 0.00203851494007, 0.00329409679398, 0.0020278992597, 0.00194055493921, 0.00125606486108, 0.00073774025077, 0.000325756409438, 0.000187405472388, 0.000368349865312, 0.000142738499562, 0.000215334046516, 0.000140669784741, 0.000120571130537, 0.000219302644837, 0.000144022487802, 0.000108353931864, 5.1371029258e-05, 3.61485690519e-05, 8.17785039544e-05, 0.000140590011142, 0.000151433298015, 9.55138311838e-05, 1.19393616842e-05, 5.97755786202e-07], "max": [0.00111817498691, 0.0764345750213, 0.0882650911808, 0.0488180369139, 0.0760635510087, 0.0419636704028, 0.0562625043094, 0.0645308122039, 0.0592275857925, 0.0256820488721, 0.0160771794617, 0.0164151489735, 0.00801636930555, 0.0128105729818, 0.00840963795781, 0.0100947329774, 0.018928444013, 0.00805302616209, 0.00450655305758, 0.00315708108246, 0.0032124100253, 0.00813830737025, 0.0178763065487, 0.0167942270637, 0.010692935437, 0.00157449475955, 6.974657299e-05], "dmean": [9.39797973842e-06, 0.00229340116493, 0.00241513596848, 0.00119033525698, 0.00203463039361, 0.00134913343936, 0.00134764541872, 0.000832888414152, 0.000490283011459, 0.000225139126997, 0.000125099526485, 0.000241213303525, 9.429569036e-05, 0.00013726540783, 9.21589526115e-05, 7.86665186752e-05, 0.000138518196763, 9.47191365412e-05, 7.30063111405e-05, 3.4492710256e-05, 2.48809647019e-05, 5.63581852475e-05, 9.74919748842e-05, 0.000109341672214, 6.61247759126e-05, 8.18424541649e-06, 3.77225973125e-07]}, "erbbands_spread": {"dvar": 116.736076355, "mean": 22.1489391327, "min": 0.541884183884, "median": 16.226234436, "dvar2": 251.177825928, "var": 455.264160156, "dmean2": 8.75751304626, "max": 142.754425049, "dmean": 5.79014492035}, "barkbands_kurtosis": {"dvar": 80.4437789917, "mean": 13.3121728897, "min": -1.9410173893, "median": 5.13040733337, "dvar2": 142.291687012, "var": 547.44720459, "dmean2": 6.9004573822, "max": 350.809173584, "dmean": 4.7938246727}, "spectral_flux": {"dvar": 0.000744561315514, "mean": 0.0602377690375, "min": 6.5564560725e-11, "median": 0.0492270886898, "dvar2": 0.00162967480719, "var": 0.00243591121398, "dmean2": 0.0312502495944, "max": 0.350762993097, "dmean": 0.0203718822449}, "silence_rate_20dB": {"dvar": 0, "mean": 1, "min": 1, "median": 1, "dvar2": 0, "var": 0, "dmean2": 0, "max": 1, "dmean": 0}, "gfcc": {"cov": [[23954.9648438, 1309.02392578, -652.533081055, 4604.98828125, 1480.15185547, 2102.5246582, 274.778289795, 944.054992676, 810.417724609, 25.5431308746, -967.618896484, -596.249389648, -643.164672852], [1309.02392578, 2678.70849609, 73.0649642944, -101.412376404, 853.751220703, -231.194778442, 339.82321167, -56.2897033691, 249.577941895, -122.967628479, 156.645126343, -206.458740234, -33.5255393982], [-652.533081055, 73.0649642944, 2489.91088867, 144.156677246, -464.58694458, 456.487854004, -70.0294799805, 106.892494202, -121.431152344, 135.676254272, 50.1838989258, 66.5943145752, -55.6274414062], [4604.98828125, -101.412376404, 144.156677246, 2021.84020996, 936.117614746, 894.805114746, 311.716827393, 381.428283691, 406.030151367, 37.9192962646, -413.873504639, -262.978088379, -151.699035645], [1480.15185547, 853.751220703, -464.58694458, 936.117614746, 1406.41040039, 371.87713623, 435.356292725, 254.052871704, 408.024719238, 17.4578056335, -154.353469849, -234.204574585, -59.154132843], [2102.5246582, -231.194778442, 456.487854004, 894.805114746, 371.87713623, 732.412353516, 190.994094849, 274.468017578, 174.405502319, 76.3106460571, -148.328857422, -51.7218093872, -73.5807571411], [274.778289795, 339.82321167, -70.0294799805, 311.716827393, 435.356292725, 190.994094849, 337.410827637, 143.683609009, 146.792190552, 9.09307479858, 9.46490097046, -45.2263298035, 5.03747749329], [944.054992676, -56.2897033691, 106.892494202, 381.428283691, 254.052871704, 274.468017578, 143.683609009, 248.705764771, 117.56867981, 46.177936554, -39.2869949341, -8.51188659668, -16.79804039], [810.417724609, 249.577941895, -121.431152344, 406.030151367, 408.024719238, 174.405502319, 146.792190552, 117.56867981, 260.451507568, 26.3691291809, -72.3503341675, -80.0576782227, -28.1599750519], [25.5431308746, -122.967628479, 135.676254272, 37.9192962646, 17.4578056335, 76.3106460571, 9.09307479858, 46.177936554, 26.3691291809, 122.95388031, 34.4188346863, 17.6064605713, 2.76982092857], [-967.618896484, 156.645126343, 50.1838989258, -413.873504639, -154.353469849, -148.328857422, 9.46490097046, -39.2869949341, -72.3503341675, 34.4188346863, 267.400909424, 119.821792603, 59.0060958862], [-596.249389648, -206.458740234, 66.5943145752, -262.978088379, -234.204574585, -51.7218093872, -45.2263298035, -8.51188659668, -80.0576782227, 17.6064605713, 119.821792603, 198.236190796, 67.8007583618], [-643.164672852, -33.5255393982, -55.6274414062, -151.699035645, -59.154132843, -73.5807571411, 5.03747749329, -16.79804039, -28.1599750519, 2.76982092857, 59.0060958862, 67.8007583618, 117.030654907]], "mean": [-119.728424072, 142.456420898, -96.977355957, -2.05547499657, -70.071144104, -12.5676736832, -43.9266319275, -4.14974784851, -20.1353988647, -2.86078190804, -2.26098847389, -2.01993393898, -14.5200204849], "icov": [[0.000301846652292, -0.000798140186816, 0.000600321160164, -0.000830899807625, 0.000846791546792, -0.000731318781618, 0.000815450970549, -0.000893758086022, 0.000658078119159, -0.000871721247677, 0.000408806692576, -0.000394418049837, 0.000644714978989], [-0.000798140186816, 0.00310631026514, -0.00201223324984, 0.0023736464791, -0.0029877841007, 0.00251671625301, -0.00255147181451, 0.00287582213059, -0.00257491180673, 0.00365646113642, -0.00209382851608, 0.00171619979665, -0.0014260817552], [0.000600321160164, -0.00201223324984, 0.00197192630731, -0.00167240388691, 0.00229029892944, -0.00231834477745, 0.00181081856135, -0.00202692789026, 0.00188659795094, -0.00265318830498, 0.000983997364528, -0.000785571523011, 0.00129911222029], [-0.000830899807625, 0.0023736464791, -0.00167240388691, 0.00421281671152, -0.0028170265723, 0.000484557182062, -0.00220526428893, 0.00222533522174, -0.0026425095275, 0.00287843099795, -3.28987771354e-05, 0.00177189556416, -0.00163934624288], [0.000846791546792, -0.0029877841007, 0.00229029892944, -0.0028170265723, 0.00504846405238, -0.00246498570777, 0.0011165960459, -0.00312923709862, 0.00108172919136, -0.00359606440179, 0.00167876074556, -0.000388579821447, 0.00146376609337], [-0.000731318781618, 0.00251671625301, -0.00231834477745, 0.000484557182062, -0.00246498570777, 0.00700087472796, -0.00317104207352, 0.000579442305025, -0.00177604658529, 0.00174613215495, -0.00081726978533, -0.000205096730497, -0.000334425567416], [0.000815450970549, -0.00255147181451, 0.00181081856135, -0.00220526428893, 0.0011165960459, -0.00317104207352, 0.0089084720239, -0.00436780927703, 0.00134969095234, -0.00128267891705, -0.00073204038199, -0.000390305736801, 0.000263342924882], [-0.000893758086022, 0.00287582213059, -0.00202692789026, 0.00222533522174, -0.00312923709862, 0.000579442305025, -0.00436780927703, 0.0115488488227, -0.00347335962579, 0.00190798344556, -0.00145092885941, -0.000279831641819, -0.00152584374882], [0.000658078119159, -0.00257491180673, 0.00188659795094, -0.0026425095275, 0.00108172919136, -0.00177604658529, 0.00134969095234, -0.00347335962579, 0.0104453833774, -0.00453736726195, 0.00206813192926, -0.00096181727713, 0.00135911360849], [-0.000871721247677, 0.00365646113642, -0.00265318830498, 0.00287843099795, -0.00359606440179, 0.00174613215495, -0.00128267891705, 0.00190798344556, -0.00453736726195, 0.0148614505306, -0.00488811684772, 0.00238752365112, -0.00202615070157], [0.000408806692576, -0.00209382851608, 0.000983997364528, -3.28987771354e-05, 0.00167876074556, -0.00081726978533, -0.00073204038199, -0.00145092885941, 0.00206813192926, -0.00488811684772, 0.00962730310857, -0.00454758340493, 0.000623792177066], [-0.000394418049837, 0.001716