{"tonal": {"hpcp": {"dvar": [0.0146018275991, 0.0185911748558, 0.00991086103022, 0.00300969160162, 0.00376625102945, 0.00557270040736, 0.0143058253452, 0.0194411538541, 0.010734998621, 0.0125580662861, 0.014545862563, 0.00810180604458, 0.00595309818164, 0.00608174875379, 0.00856487080455, 0.0148378489539, 0.0267173834145, 0.0140550388023, 0.00896923337132, 0.00428075157106, 0.000872414908372, 0.00197581737302, 0.00403509614989, 0.0221204198897, 0.081606566906, 0.0350003987551, 0.0191337969154, 0.00288349902257, 0.00262229260989, 0.00620327657089, 0.0317020304501, 0.0501997098327, 0.0364703945816, 0.0399924330413, 0.0487060286105, 0.0363152399659], "var": [0.0204093474895, 0.0271129086614, 0.00741750001907, 0.00216585909948, 0.00302881328389, 0.00445649586618, 0.0236975941807, 0.0439838916063, 0.0174692701548, 0.020785048604, 0.0229444913566, 0.00542994402349, 0.00327536440454, 0.00339642167091, 0.00541877606884, 0.0394838377833, 0.0909245684743, 0.0300658177584, 0.00711267534643, 0.00261357845739, 0.000533398473635, 0.00927858892828, 0.0172660686076, 0.0329927131534, 0.145469412208, 0.129308238626, 0.0355018861592, 0.00181075627916, 0.00148150068708, 0.00839188788086, 0.102735981345, 0.147134870291, 0.06205188483, 0.0332742929459, 0.046581145376, 0.0274847112596], "median": [0.00295962300152, 0.00357802445069, 0.00170689297374, 0.000246051728027, 0.000143837794894, 0.000927854795009, 0.00330263585784, 0.00276043568738, 0.00199835468084, 0.00111326575279, 0.00102796801366, 0.0013613908086, 0.000522851711139, 0.000146772537846, 0.00147646479309, 0.0245055966079, 0.0429127439857, 0.0208120197058, 0.00066455185879, 0.000227663433179, 0.000355727563147, 0.000316263234708, 0.000272451579804, 0.00869188643992, 0.0231973528862, 0.0192202460021, 0.000210834172321, 0.000308288959786, 0.000294112862321, 0.0383314117789, 0.47472140193, 0.809707760811, 0.224945753813, 0.00165642378852, 0.000127261489979, 0.000456538517028], "max": [1, 1, 1, 0.835208415985, 1, 1, 1, 1, 1, 1, 1, 1, 1, 1, 1, 1, 1, 1, 1, 0.959180891514, 0.546438395977, 0.892428994179, 1, 1, 1, 1, 1, 0.998254477978, 1, 0.624822080135, 1, 1, 1, 1, 1, 1], "dmean": [0.0496368035674, 0.0530084818602, 0.030374346301, 0.010397169739, 0.0114659788087, 0.0211886838078, 0.046401578933, 0.0539758056402, 0.038927745074, 0.0400875844061, 0.03637669608, 0.020608663559, 0.0107496697456, 0.0108303949237, 0.0196787603199, 0.0633476376534, 0.0879376977682, 0.0554207377136, 0.0177776962519, 0.00875960011035, 0.00467712664977, 0.0110968574882, 0.0164553597569, 0.0779459252954, 0.157485514879, 0.10305390507, 0.059621758759, 0.0145708210766, 0.0110433539376, 0.0568852834404, 0.162968620658, 0.156937390566, 0.153923869133, 0.0886088982224, 0.0730274319649, 0.0644553527236], "dmean2": [0.0864493772388, 0.0927431210876, 0.0537958331406, 0.018846385181, 0.020654976368, 0.0375989787281, 0.0772555321455, 0.0907390490174, 0.0651803836226, 0.0651072710752, 0.0580701269209, 0.0364929661155, 0.0202791076154, 0.0205670371652, 0.0348302870989, 0.102714382112, 0.143737390637, 0.0885480120778, 0.0321642942727, 0.0165863800794, 0.00831334013492, 0.0153113072738, 0.0246289242059, 0.140753865242, 0.280488163233, 0.183038860559, 0.10343606025, 0.0265454612672, 0.0206236001104, 0.0975405499339, 0.260557979345, 0.271047472954, 0.255654722452, 0.161010786891, 0.135386884212, 0.115758605301], "mean": [0.0547945462167, 0.0663626492023, 0.0305404104292, 0.00753168296069, 0.00888965278864, 0.0176146496087, 0.0591682009399, 0.0836052298546, 0.0512050539255, 0.0528167113662, 0.0542341992259, 0.0205539707094, 0.00689167249948, 0.00639001140371, 0.0156567655504, 0.115107133985, 0.190776795149, 0.0976034402847, 0.0145379453897, 0.00568531407043, 0.00393867352977, 0.0224107932299, 0.0315073877573, 0.110195763409, 0.284339755774, 0.267945051193, 0.0895313769579, 0.0110238306224, 0.00809922162443, 0.0715935751796, 0.469023436308, 0.643518328667, 0.280695527792, 0.0692810192704, 0.0629193857312, 0.047510497272], "dvar2": [0.0389047302306, 0.0494287237525, 0.0289896707982, 0.0082547320053, 0.0101570282131, 0.0156240845099, 0.0379125401378, 0.049130640924, 0.028002563864, 0.0316458642483, 0.0407746955752, 0.0254342723638, 0.0175778716803, 0.0180795211345, 0.0240327883512, 0.0365192703903, 0.0630677491426, 0.0321029648185, 0.0247474256903, 0.0120513830334, 0.0025062027853, 0.00357162556611, 0.00811513047665, 0.0443194434047, 0.158774375916, 0.0753811448812, 0.0570799261332, 0.0084358099848, 0.00776219647378, 0.0165028441697, 0.0827682092786, 0.122072398663, 0.0970911458135, 0.114716418087, 0.10629452765, 0.0911191105843], "min": [0, 0, 0, 0, 0, 0, 0, 0, 0, 0, 0, 0, 0, 0, 0, 0, 5.07331715198e-05, 5.49349351786e-05, 8.07730259567e-07, 0, 0, 0, 0, 0, 0, 0, 0, 0, 0, 0, 0, 0, 0, 0, 0, 0]}, "key_key": "C", "thpcp": [1, 0.436188876629, 0.107659742236, 0.0977740362287, 0.0738292858005, 0.0851483866572, 0.103124722838, 0.0474584922194, 0.0117039140314, 0.0138141410425, 0.0273724123836, 0.0919448584318, 0.129918962717, 0.0795704647899, 0.0820749104023, 0.0842776298523, 0.0319399945438, 0.0107093648985, 0.00992980506271, 0.0243299454451, 0.178871572018, 0.296458989382, 0.15167157352, 0.0225913468748, 0.00883473549038, 0.00612053042278, 0.0348254144192, 0.0489611364901, 0.171239510179, 0.441851824522, 0.416375160217, 0.139127939939, 0.017130561173, 0.0125858448446, 0.111253358424, 0.728842377663], "chords_key": "G", "tuning_equal_tempered_deviation": 0.273218005896, "tuning_frequency": 434.193115234, "tuning_diatonic_strength": 0.565746307373, "chords_histogram": [21.4401302338, 0, 43.8511314392, 0.970873773098, 0, 0.0809061452746, 0, 0, 0, 0, 0, 0, 0, 0.0809061452746, 0, 1.9417475462, 0.970873773098, 1.05177998543, 0, 13.187702179, 0.161812290549, 15.372168541, 0.889967620373, 0], "key_strength": 0.622161924839, "key_scale": "major", "chords_strength": {"dvar": 3.09116257995e-05, "var": 0.013040904887, "median": 0.500191450119, "max": 0.757660031319, "dmean": 0.00690957950428, "dmean2": 0.00507697695866, "mean": 0.510997772217, "dvar2": 2.58619584201e-05, "min": 0.23557716608}, "chords_number_rate": 0.00485436897725, "tuning_nontempered_energy_ratio": 0.981805086136, "hpcp_entropy": {"dvar": 0.178427368402, "var": 0.378488838673, "median": 1.52033567429, "max": 4.09208345413, "dmean": 0.463539779186, "dmean2": 0.802711725235, "mean": 1.46009600163, "dvar2": 0.483345717192, "min": 0.0362220183015}, "chords_changes_rate": 0.0420711971819, "chords_scale": "major"}, "rhythm": {"bpm_histogram_first_peak_spread": {"dvar": 0, "var": 0, "median": 0, "max": 0, "dmean": 0, "dmean2": 0, "mean": 0, "dvar2": 0, "min": 0}, "bpm_histogram_first_peak_weight": {"dvar": 0, "var": 0, "median": 0.225563913584, "max": 0.225563913584, "dmean": 0, "dmean2": 0, "mean": 0.225563913584, "dvar2": 0, "min": 0.225563913584}, "bpm_histogram_first_peak_bpm": {"dvar": 0, "var": 0, "median": 185, "max": 185, "dmean": 0, "dmean2": 0, "mean": 185, "dvar2": 0, "min": 185}, "bpm": 184.570251465, "bpm_histogram_second_peak_weight": {"dvar": 0, "var": 0, "median": 0.172932326794, "max": 0.172932326794, "dmean": 0, "dmean2": 0, "mean": 0.172932326794, "dvar2": 0, "min": 0.172932326794}, "beats_loudness": {"dvar": 0.00952699501067, "var": 0.0304030049592, "median": 0.0422153621912, "max": 0.599447309971, "dmean": 0.0575770325959, "dmean2": 0.0849798470736, "mean": 0.134196564555, "dvar2": 0.0192867387086, "min": 2.16920270759e-05}, "beats_loudness_band_ratio": {"dvar": [0.0297729149461, 0.0219754073769, 0.0150952572003, 0.0038260302972, 0.00169203430414, 0.00023136670643], "var": [0.126007631421, 0.0622049570084, 0.032184265554, 0.00798505544662, 0.000979091157205, 0.000350472575519], "median": [0.799171566963, 0.182042747736, 0.0499885603786, 0.00797685328871, 0.00119685078971, 0.000772232830059], "max": [0.999119460583, 0.915813624859, 0.643069446087, 0.423698961735, 0.32755869627, 0.121027804911], "dmean": [0.131190568209, 0.137301176786, 0.0885654911399, 0.029526764527, 0.0112163322046, 0.00509501527995], "dmean2": [0.213625967503, 0.215545475483, 0.145575389266, 0.0469834282994, 0.0212669149041, 0.00856493506581], "mean": [0.650906324387, 0.250665932894, 0.138124376535, 0.0448634251952, 0.00896055158228, 0.00691589200869], "dvar2": [0.0797752812505, 0.0525889918208, 0.0421638786793, 0.00923877116293, 0.00516162719578, 0.000560718530323], "min": [0.0234462190419, 0.000763313903008, 0.000392249319702, 4.18648123741e-05, 2.86559111373e-06, 1.6612671061e-06]}, "bpm_histogram_second_peak_bpm": {"dvar": 0, "var": 0, "median": 178, "max": 178, "dmean": 0, "dmean2": 0, "mean": 178, "dvar2": 0, "min": 178}, "onset_rate": 0.627688527107, "beats_count": 134, "beats_position": [0.301859408617, 0.626938760281, 0.952018141747, 1.27709746361, 1.60217678547, 1.92725622654, 2.2523355484, 2.58902478218, 2.91410422325, 3.22757363319, 3.51782298088, 3.8196823597, 4.13315200806, 4.45823097229, 4.78331041336, 5.10838985443, 5.4334692955, 5.74693870544, 6.06040811539, 6.38548755646, 6.71056699753, 7.03564596176, 7.3491153717, 7.66258478165, 7.98766422272, 8.31274318695, 8.63782310486, 8.96290206909, 9.287981987, 9.62467098236, 9.97297000885, 10.3328800201, 10.6811790466, 11.0410881042, 11.4009971619, 11.749297142, 12.0859861374, 12.4226751328, 12.7477550507, 13.084444046, 13.4211339951, 13.7462129593, 14.0829019547, 14.4195919037, 14.756280899, 15.0813598633, 15.4064397812, 15.7315187454, 16.0565986633, 16.3932876587, 16.7299766541, 17.0666656494, 17.391746521, 17.7284355164, 18.0651245117, 18.4018135071, 18.7268924713, 19.0635814667, 19.4118824005, 19.760181427, 20.1200904846, 20.4683895111, 20.8166885376, 21.153377533, 21.4784584045, 21.8035373688, 22.1402263641, 22.4769153595, 22.8019943237, 23.1386852264, 23.4753742218, 23.8120632172, 24.1487522125, 24.497051239, 24.8453502655, 25.1936511993, 25.5419502258, 25.8902492523, 26.2385482788, 26.5868473053, 27.0164165497, 27.4459857941, 27.8755550385, 28.3399543762, 28.8159637451, 29.2803630829, 29.7795906067, 30.2788200378, 30.778049469, 31.2772789001, 31.7416782379, 32.2292976379, 32.7169151306, 33.204536438, 33.6921539307, 34.1913833618, 34.690612793, 35.1898422241, 35.7355079651, 36.2811775208, 36.8384590149, 37.3841247559, 37.94140625, 38.4986839294, 39.0907936096, 39.6829032898, 40.3330612183, 40.9832191467, 41.6333770752, 42.2719268799, 42.9104766846, 43.5490226746, 44.1875724792, 44.8493423462, 45.5227203369, 46.1148300171, 46.718547821, 47.322265625, 47.9027671814, 48.4948730469, 49.0753746033, 49.6674804688, 50.2595901489, 50.8516998291, 51.4438095093, 52.0126991272, 52.5815849304, 53.1504745483, 53.7193641663, 54.2882537842, 54.8571434021, 55.4376411438, 56.0065307617, 56.5754165649], "danceability": 0.798106968403, "bpm_histogram_second_peak_spread": {"dvar": 0, "var": 0, "median": 0, "max": 0, "dmean": 0, "dmean2": 0, "mean": 0, "dvar2": 0, "min": 0}}, "lowlevel": {"spectral_flux": {"dvar": 0.00142129394226, "var": 0.0100023448467, "median": 0.0586916208267, "max": 0.705804169178, "dmean": 0.0262910202146, "dmean2": 0.0397007837892, "mean": 0.0948214754462, "dvar2": 0.00276388577186, "min": 0.000376378622605}, "spectral_rolloff": {"dvar": 139694.203125, "var": 340070.40625, "median": 366.064453125, "max": 9819.140625, "dmean": 104.440032959, "dmean2": 183.594161987, "mean": 479.97052002, "dvar2": 387836.65625, "min": 21.533203125}, "barkbands_flatness_db": {"dvar": 0.000400881195674, "var": 0.0195036586374, "median": 0.261023402214, "max": 0.680787980556, "dmean": 0.0222459007055, "dmean2": 0.0358655191958, "mean": 0.300615310669, "dvar2": 0.00111236609519, "min": 0.069506496191}, "spectral_centroid": {"dvar": 16731.1523438, "var": 201411.75, "median": 408.841400146, "max": 2916.15551758, "dmean": 84.798034668, "dmean2": 132.108108521, "mean": 583.048400879, "dvar2": 41312.1054688, "min": 121.035316467}, "melbands_skewness": {"dvar": 2.00305509567, "var": 17.9275588989, "median": 2.4265267849, "max": 27.8671340942, "dmean": 1.08358550072, "dmean2": 1.79126834869, "mean": 4.12599372864, "dvar2": 5.83781051636, "min": -1.85524439812}, "melbands": {"dvar": [0.000947117689066, 2.47289267463e-06, 1.33391310442e-07, 2.83899709075e-07, 1.0672792996e-06, 1.23575478028e-06, 1.96056902269e-07, 2.27184813184e-07, 3.11950039134e-08, 3.35971357401e-08, 1.67756113001e-07, 5.22581711238e-09, 3.82891585105e-08, 3.45193229556e-09, 1.38861222521e-09, 9.88564563542e-10, 2.45897607831e-10, 9.36137903307e-11, 6.1798913209e-11, 8.8278342969e-11, 2.44250730752e-11, 2.0562987077e-11, 1.05819346341e-11, 1.65981031003e-11, 9.62679935768e-12, 2.09017317343e-11, 2.9026063237e-12, 3.92707177541e-12, 4.367641665e-12, 4.15515018226e-12, 8.33553386904e-13, 3.61860687898e-13, 6.92913716856e-13, 3.15060918164e-14, 2.66500742915e-13, 1.29269348792e-14, 1.55553806056e-14, 5.00873748063e-15, 7.00708175023e-15, 1.5517581125e-15], "var": [0.0016626950819, 9.74013801169e-06, 6.12572364389e-07, 1.77487413566e-06, 6.10343340668e-06, 7.17068769518e-06, 8.05282354577e-07, 5.51869220544e-07, 2.06114734169e-07, 1.89007778317e-07, 2.56816065303e-07, 1.21198908687e-08, 5.23029335397e-08, 5.25270360541e-09, 2.25896834571e-09, 2.14388751196e-09, 4.62503507714e-10, 2.54672199995e-10, 1.29013702499e-10, 1.54431481492e-10, 5.19917130182e-11, 4.47455891783e-11, 2.56849125302e-11, 4.49488397891e-11, 2.49241200595e-11, 4.14842951657e-11, 6.90839919992e-12, 9.80665895711e-12, 7.60192343102e-12, 1.0801758793e-11, 2.27182118603e-12, 1.22961135631e-12, 1.96663974168e-12, 1.6770546269e-13, 9.13854278708e-13, 5.48057320284e-14, 5.80737037235e-14, 2.40400317112e-14, 2.91210096673e-14, 1.00589600939e-14], "median": [0.000452266889624, 0.000108968604764, 0.000317198311677, 0.000329936650814, 3.13639284286e-05, 0.000181991883437, 0.000102586993307, 3.06981492031e-05, 2.52543904935e-05, 9.43302347878e-06, 1.44606665344e-05, 3.5124344322e-06, 2.51901178672e-06, 2.81464099317e-06, 1.95825850824e-06, 5.26503129095e-07, 1.99160876946e-06, 8.82125107182e-07, 2.58434567968e-07, 1.43796569319e-07, 2.97619436651e-07, 3.34687712211e-07, 5.11904580947e-08, 1.36721098443e-07, 2.84213228952e-07, 3.72419464156e-08, 4.19230516968e-08, 1.4534530024e-08, 1.35090687081e-07, 4.92345975545e-07, 7.20129689213e-09, 1.00019841298e-08, 6.85180410187e-08, 6.15228543666e-08, 4.53090942543e-09, 1.12236557825e-08, 1.01137977992e-08, 1.90501170394e-09, 9.63519930508e-09, 1.2203508204e-09], "max": [0.252213776112, 0.0323616079986, 0.00707233790308, 0.018710706383, 0.0375037193298, 0.0311095286161, 0.00834459066391, 0.00889583304524, 0.00435476051643, 0.00622923392802, 0.0110450563952, 0.00158612069208, 0.00455806544051, 0.00115184881724, 0.000725559541024, 0.00106955354568, 0.000345393025782, 0.000192576160771, 0.000160651296028, 0.000195328131667, 7.32170810807e-05, 7.60931361583e-05, 8.20269124233e-05, 8.19668421173e-05, 8.77809579833e-05, 6.98802250554e-05, 2.47622174356e-05, 3.40130027325e-05, 6.58161370666e-05, 3.60088015441e-05, 2.19113771891e-05, 1.25661081256e-05, 2.00503327505e-05, 4.22824268753e-06, 8.80849165696e-06, 3.27159523295e-06, 3.72273734683e-06, 1.70288274148e-06, 2.04319599106e-06, 1.0780707953e-06], "dmean": [0.0133084328845, 0.00067643111106, 0.000163586431881, 0.000210225902265, 0.000241095593083, 0.000407817162341, 0.000185425349628, 0.00015270143922, 6.71169691486e-05, 4.42507734988e-05, 9.74855502136e-05, 2.2925569283e-05, 3.30513139488e-05, 2.15302006836e-05, 1.38867917485e-05, 7.51192101234e-06, 5.53104428036e-06, 3.68884730051e-06, 2.54019960266e-06, 2.13312091546e-06, 1.97037479666e-06, 1.74408830844e-06, 6.98978112723e-07, 1.05846129372e-06, 8.98638347735e-07, 1.57105523613e-06, 6.21442040938e-07, 5.6306322449e-07, 4.61507426053e-07, 8.68471886406e-07, 1.86474764519e-07, 1.84095299005e-07, 2.59798042634e-07, 7.40513002029e-08, 1.87753727232e-07, 3.66706984778e-08, 4.3000113692e-08, 2.09914627902e-08, 2.97360731594e-08, 1.36372371173e-08], "dmean2": [0.0256482232362, 0.00124860287178, 0.000228160060942, 0.000257950712694, 0.000285851740045, 0.000480810762383, 0.000237937041675, 0.000217774417251, 7.88959659985e-05, 5.46189658053e-05, 0.000153032393428, 3.44687359757e-05, 5.24950701219e-05, 3.43519386661e-05, 2.18520672206e-05, 1.20383483591e-05, 8.93332162377e-06, 5.58697411179e-06, 3.97880330638e-06, 3.37283699992e-06, 3.25955011249e-06, 2.89635931949e-06, 1.17803938338e-06, 1.81097766472e-06, 1.5339832089e-06, 2.69603970082e-06, 1.08160543277e-06, 9.63773800322e-07, 7.92171704234e-07, 1.50468963511e-06, 3.1573190995e-07, 3.18255786169e-07, 4.36613561305e-07, 1.24509810462e-07, 3.20165440826e-07, 6.34104964092e-08, 7.1181631256e-08, 3.47467832285e-08, 4.97988921211e-08, 2.23299760904e-08], "mean": [0.0200690999627, 0.00173001247458, 0.000589838717133, 0.000759154150728, 0.000722305267118, 0.00109332322609, 0.000452239561127, 0.000278149993392, 0.00018468030612, 0.000105654391518, 0.000145109253936, 3.75656600227e-05, 4.57982423541e-05, 3.02483076666e-05, 2.04016778298e-05, 1.16059145512e-05, 8.58219209476e-06, 6.21086383035e-06, 4.2086189751e-06, 3.31785804519e-06, 3.2481798371e-06, 2.99688895211e-06, 1.2883118643e-06, 2.02066075872e-06, 1.58893715252e-06, 2.63968536274e-06, 1.10085966298e-06, 1.01240618733e-06, 8.70173380463e-07, 1.66576535321e-06, 3.80959960466e-07, 4.07447089401e-07, 5.29492012902e-07, 1.80779096581e-07, 4.17186726054e-07, 9.29483618961e-08, 1.02279280156e-07, 5.8105857903e-08, 7.8822303351e-08, 3.99265935869e-08], "dvar2": [0.00348889012821, 8.49489879329e-06, 4.58716669982e-07, 5.73527927372e-07, 1.76652804385e-06, 1.89843615317e-06, 3.05169493231e-07, 4.96164773267e-07, 4.16511589663e-08, 4.80141402193e-08, 4.32398564953e-07, 1.1019539059e-08, 9.56161798626e-08, 9.84469661347e-09, 3.8846770245e-09, 1.96646299244e-09, 6.34043761938e-10, 2.18536355678e-10, 1.54965998367e-10, 2.22284635143e-10, 6.82853912304e-11, 5.7171236495e-11, 2.80152186172e-11, 4.83821177566e-11, 2.75279053025e-11, 6.26996579656e-11, 8.64905369546e-12, 1.12194012761e-11, 1.26735366993e-11, 1.22526407423e-11, 2.3232568213e-12, 9.94466553376e-13, 1.71667693082e-12, 8.24745748584e-14, 7.82031665987e-13, 3.65459920627e-14, 4.11573580121e-14, 1.31440175652e-14, 1.87820560564e-14, 4.20458134116e-15], "min": [3.76463660592e-12, 2.90548032682e-12, 1.68680173995e-12, 6.85673956849e-13, 1.93360328834e-13, 1.47101636969e-13, 1.70645737666e-13, 8.06371774366e-14, 1.11269161745e-14, 3.01802785779e-14, 2.03632514225e-14, 2.77522603287e-14, 9.55334173314e-14, 5.92073793964e-14, 2.93085156567e-14, 4.86326507765e-14, 1.13081905425e-14, 5.82944294981e-15, 1.05178342639e-14, 1.25031270263e-14, 4.06206465965e-15, 2.52236310824e-15, 3.91007391463e-15, 1.20637896713e-14, 3.64710321879e-15, 6.20315812131e-15, 6.22151671341e-15, 3.20288166005e-15, 1.42097887242e-15, 9.60202478238e-16, 5.55834454933e-16, 1.59412786519e-15, 4.64828684509e-15, 3.61176542775e-15, 1.19270381078e-15, 8.33134248321e-16, 3.063114871e-15, 3.37671886709e-15, 4.46954552904e-15, 2.3752654608e-15]}, "spectral_decrease": {"dvar": 8.81907411275e-16, "var": 2.65983740262e-15, "median": -7.45521511192e-09, "max": -8.3797904186e-18, "dmean": 1.33521211865e-08, "dmean2": 2.44293278939e-08, "mean": -3.0476254409e-08, "dvar2": 2.96975977e-15, "min": -3.63013327842e-07}, "barkbands_kurtosis": {"dvar": 1365.10571289, "var": 2240.32543945, "median": 8.03168773651, "max": 444.675872803, "dmean": 14.6317968369, "dmean2": 26.0259552002, "mean": 27.4441013336, "dvar2": 4436.25195312, "min": -1.42441654205}, "silence_rate_30dB": {"dvar": 0.0182768516243, "var": 0.183437153697, "median": 1, "max": 1, "dmean": 0.0186234824359, "dmean2": 0.0372620485723, "mean": 0.757992744446, "dvar2": 0.0415439903736, "min": 0}, "gfcc": {"mean": [-113.621520996, 133.088912964, -72.2348480225, 18.535577774, -53.4849739075, -0.683426856995, -19.1878833771, -4.37758922577, -9.99196434021, 4.30629014969, -5.69171380997, 1.79083383083, -3.28204965591], "cov": [[12141.6503906, -96.9079742432, -3429.76367188, -314.125793457, -1748.45581055, -420.385253906, -430.305908203, -1.09526765347, -411.950744629, -67.4048919678, 24.8102855682, 29.5988235474, 7.98698997498], [-96.9079742432, 1701.08557129, 812.182373047, 65.5224227905, 562.378479004, -26.8639984131, 209.229995728, -205.551300049, 338.884857178, 27.0783119202, 61.1861343384, -172.136260986, 122.406539917], [-3429.76367188, 812.182373047, 2009.62634277, 456.616699219, 945.823364258, 204.464263916, 440.965026855, -75.5063018799, 350.888244629, 35.2483291626, 73.9534759521, -101.785964966, 94.6694946289], [-314.125793457, 65.5224227905, 456.616699219, 421.043792725, 216.204833984, 102.986991882, 181.854400635, -30.2347679138, 30.4273471832, 1.01706910133, 32.6745376587, -16.863237381, 24.3677692413], [-1748.45581055, 562.378479004, 945.823364258, 216.204833984, 739.099853516, 214.666702271, 299.52444458, -45.6519165039, 293.488708496, 62.5982208252, 56.4886245728, -100.517707825, 43.2398490906], [-420.385253906, -26.8639984131, 204.464263916, 102.986991882, 214.666702271, 202.875671387, 169.953063965, 13.992389679, 84.064704895, 29.3991107941, 11.0056371689, -21.4714832306, -6.29927301407], [-430.305908203, 209.229995728, 440.965026855, 181.854400635, 299.52444458, 169.953063965, 311.632415771, 48.8042259216, 163.007659912, 32.2693023682, 42.9445800781, -32.3626060486, 47.6097984314], [-1.09526765347, -205.551300049, -75.5063018799, -30.2347679138, -45.6519165039, 13.992389679, 48.8042259216, 148.805206299, 19.2110977173, 0.579284012318, 10.9845924377, 29.1035079956, 9.65817832947], [-411.950744629, 338.884857178, 350.888244629, 30.4273471832, 293.488708496, 84.064704895, 163.007659912, 19.2110977173, 269.917572021, 98.1508865356, 52.7803421021, -50.9155883789, 27.6954040527], [-67.4048919678, 27.0783119202, 35.2483291626, 1.01706910133, 62.5982208252, 29.3991107941, 32.2693023682, 0.579284012318, 98.1508865356, 113.921722412, 50.9063110352, -8.09235191345, -7.21262550354], [24.8102855682, 61.1861343384, 73.9534759521, 32.6745376587, 56.4886245728, 11.0056371689, 42.9445800781, 10.9845924377, 52.7803421021, 50.9063110352, 95.7737808228, 23.0728244781, 8.4970664978], [29.5988235474, -172.136260986, -101.785964966, -16.863237381, -100.517707825, -21.4714832306, -32.3626060486, 29.1035079956, -50.9155883789, -8.09235191345, 23.0728244781, 100.704963684, 20.8112945557], [7.98698997498, 122.406539917, 94.6694946289, 24.3677692413, 43.2398490906, -6.29927301407, 47.6097984314, 9.65817832947, 27.6954040527, -7.21262550354, 8.4970664978, 20.8112945557, 83.7384262085]], "icov": [[0.000359574478352, -0.00028027879307, 0.000725879566744, -0.000571349519305, 0.000829357595649, -0.000134570422233, -0.000288613460725, 0.000242735230131, -0.000549827876966, 0.000567863986362, -0.000786546443123, 0.000730773841497, -0.00045229124953], [-0.00028027879307, 0.00242599053308, -0.000489011581521, 0.00116761855315, -0.001252789516, 0.00259210867807, -0.00143457134254, 0.00325694237836, -0.00175731268246, 0.00179915409535, -0.00103172333911, 0.00165231281426, -0.00159434555098], [0.000725879566744, -0.000489011581521, 0.00314602698199, -0.00187309389003, -0.000470519182272, 0.0014995803358, -0.00169327331241, 0.000967937638052, -0.00131285865791, 0.00158663955517, -0.00114414363634, 0.000702667341102, -0.000646862725262], [-0.000571349519305, 0.00116761855315, -0.00187309389003, 0.00548922782764, -0.00145549303852, 0.000878898601513, -0.00284161791205, 0.00188395869918, 0.00267579895444, -0.000977721647359, -0.000115208786156, -0.00027275265893, 0.000194233565708], [0.000829357595649, -0.001252789516, -0.000470519182272, -0.00145549303852, 0.00911634601653, -0.00582098308951, 0.00109393906314, 0.000920966733247, -0.00456704059616, 0.00284216320142, -0.00363862235099, 0.00401352439076, -0.00203874753788], [-0.000134570422233, 0.00259210867807, 0.0014995803358, 0.000878898601513, -0.00582098308951, 0.0174295715988, -0.0105280783027, 0.00439362367615, 0.00048495514784, -0.00117691559717, 0.00305126630701, -0.00198715412989, 0.00399110140279], [-0.000288613460725, -0.00143457134254, -0.00169327331241, -0.00284161791205, 0.00109393906314, -0.0105280783027, 0.0157274864614, -0.00682480633259, -0.00247901794501, 0.0011382777011, -0.00165297323838, 0.00134055595845, -0.0038933486212], [0.000242735230131, 0.00325694237836, 0.000967937638052, 0.00188395869918, 0.000920966733247, 0.00439362367615, -0.00682480633259, 0.0150686185807, -0.005432813894, 0.00526261283085, -0.00308753433637, 0.000913618598133, -0.00209297891706], [-0.000549827876966, -0.00175731268246, -0.00131285865791, 0.00267579895444, -0.00456704059616, 0.00048495514784, -0.00247901794501, -0.005432813894, 0.0167377144098, -0.012220332399, 0.00312214600854, -0.000857910723425, 0.00106568506453], [0.000567863986362, 0.00179915409535, 0.00158663955517, -0.000977721647359, 0.00284216320142, -0.00117691559717, 0.0011382777011, 0.00526261283085, -0.012220332399, 0.0221710633487, -0.0107838055119, 0.00405249604955, -0.000965177256148], [-0.000786546443123, -0.00103172333911, -0.00114414363634, -0.000115208786156, -0.00363862235099, 0.00305126630701, -0.00165297323838, -0.00308753433637, 0.00312214600854, -0.0107838055119, 0.0212257187814, -0.010471701622, 0.0048017539084], [0.000730773841497, 0.00165231281426, 0.000702667341102, -0.00027275265893, 0.00401352439076, -0.00198715412989, 0.00134055595845, 0.000913618598133, -0.000857910723425, 0.00405249604955, -0.010471701622, 0.0212870128453, -0.00988455303013], [-0.00045229124953, -0.00159434555098, -0.000646862725262, 0.000194233565708, -0.00203874753788, 0.00399110140279, -0.0038933486212, -0.00209297891706, 0.00106568506453, -0.000965177256148, 0.0048017539084, -0.00988455303013, 0.020332140848]]}, "silence_rate_20dB": {"dvar": 0.0182769112289, "var": 0.119832403958, "median": 1, "max": 1, "dmean": 0.0186234824359, "dmean2": 0.0372620485723, "mean": 0.860785126686, "dvar2": 0.0464042574167, "min": 0}, "barkbands_skewness": {"dvar": 1.92831265926, "var": 6.64412164688, "median": 1.89280331135, "max": 18.4001960754, "dmean": 0.941843509674, "dmean2": 1.62296330929, "mean": 2.69811153412, "dvar2": 6.48463487625, "min": -1.05568706989}, "erbbands_skewness": {"dvar": 0.128528222442, "var": 1.14665615559, "median": 1.58013904095, "max": 9.1184720993, "dmean": 0.406683444977, "dmean2": 0.600175201893, "mean": 1.61053574085, "dvar2": 0.306137442589, "min": -2.67588353157}, "spectral_contrast_valleys": {"dvar": [0.0682241991162, 0.0552731156349, 0.0420547425747, 0.0291953701526, 0.0185970757157, 0.0127852037549], "var": [1.57624042034, 1.5163807869, 1.07141673565, 0.753973722458, 0.913760185242, 0.78575617075], "median": [-7.66220664978, -7.34645175934, -8.83701229095, -9.77043533325, -10.0296077728, -12.4313602448], "max": [-5.11905574799, -5.05164861679, -6.57915735245, -8.14756679535, -7.98678970337, -10.2320871353], "dmean": [0.291462361813, 0.25734937191, 0.243384957314, 0.192647054791, 0.125133752823, 0.0901245772839], "dmean2": [0.484600692987, 0.420231461525, 0.410753250122, 0.329369485378, 0.210121765733, 0.147833094001], "mean": [-7.64702367783, -7.61957550049, -8.92744159698, -9.8249540329, -10.0209646225, -12.2221784592], "dvar2": [0.172226086259, 0.134986534715, 0.10713429004, 0.0671188980341, 0.033969540149, 0.0208936668932], "min": [-17.0685710907, -16.9242324829, -17.1727180481, -17.9730396271, -17.850522995, -19.1636257172]}, "spectral_strongpeak": {"dvar": 0.315664887428, "var": 1.038210392, "median": 0.432876855135, "max": 6.11960268021, "dmean": 0.365635067225, "dmean2": 0.610577106476, "mean": 0.819101154804, "dvar2": 0.724657535553, "min": 0}, "erbbands_crest": {"dvar": 7.41088438034, "var": 29.1618270874, "median": 12.8661308289, "max": 33.2025184631, "dmean": 3.0519630909, "dmean2": 4.73396110535, "mean": 13.8668031693, "dvar2": 18.366060257, "min": 2.19422793388}, "barkbands_crest": {"dvar": 5.45200014114, "var": 23.6160755157, "median": 13.8247995377, "max": 25.8120880127, "dmean": 2.79047775269, "dmean2": 4.59930896759, "mean": 13.8420534134, "dvar2": 16.3714485168, "min": 4.2124247551}, "spectral_energyband_middle_low": {"dvar": 5.66862545384e-05, "var": 0.000478463916807, "median": 0.00658723944798, "max": 0.250884383917, "dmean": 0.0036334884353, "dmean2": 0.00456370832399, "mean": 0.0141751784831, "dvar2": 0.00010320309957, "min": 7.76301592453e-12}, "spectral_contrast_coeffs": {"dvar": [0.000950954970904, 0.000832510180771, 0.000764724856708, 0.000443220866146, 0.000226858799579, 0.000134358167998], "var": [0.0109662124887, 0.0117728663608, 0.0116252433509, 0.00679861335084, 0.00626256410033, 0.00323543534614], "median": [-0.647523999214, -0.641007184982, -0.7097260952, -0.761012554169, -0.789354979992, -0.73978805542], "max": [-0.273301810026, -0.347742706537, -0.349241614342, -0.52001273632, -0.542303323746, -0.617530882359], "dmean": [0.0375655777752, 0.0350725054741, 0.0339301861823, 0.0260586794466, 0.0189729221165, 0.0141338175163], "dmean2": [0.0595212243497, 0.0524590909481, 0.0529474243522, 0.0420393496752, 0.0316406525671, 0.0239619594067], "mean": [-0.647062659264, -0.652635872364, -0.705945551395, -0.749941289425, -0.77272605896, -0.75080126524], "dvar2": [0.00259993993677, 0.00198951247148, 0.00195367191918, 0.00108896382153, 0.000627778761555, 0.000388535496313], "min": [-0.935526311398, -0.957529485226, -0.958414256573, -0.970295011997, -0.962415993214, -0.924576461315]}, "hfc": {"dvar": 22.1435775757, "var": 110.57824707, "median": 7.35653829575, "max": 84.6846160889, "dmean": 3.24447369576, "dmean2": 5.41070127487, "mean": 10.3957014084, "dvar2": 67.2927703857, "min": 7.06391247718e-08}, "spectral_energyband_high": {"dvar": 4.47750325705e-09, "var": 4.62821425629e-08, "median": 1.9603590772e-05, "max": 0.00189562363084, "dmean": 2.89518848149e-05, "dmean2": 4.77526446048e-05, "mean": 0.000109140630229, "dvar2": 1.19688605693e-08, "min": 2.75811188125e-12}, "erbbands_spread": {"dvar": 28.8581943512, "var": 254.516113281, "median": 18.960609436, "max": 120.11656189, "dmean": 5.01400375366, "dmean2": 7.77427530289, "mean": 22.3442001343, "dvar2": 76.39402771, "min": 0.59068697691}, "dissonance": {"dvar": 0.000878263497725, "var": 0.00274921231903, "median": 0.38586807251, "max": 0.498189479113, "dmean": 0.0334460027516, "dmean2": 0.0551159381866, "mean": 0.38442876935, "dvar2": 0.00234300759621, "min": 0.114520132542}, "spectral_kurtosis": {"dvar": 23.5562877655, "var": 156.326049805, "median": 13.424697876, "max": 105.212280273, "dmean": 4.31535053253, "dmean2": 7.30179214478, "mean": 15.9526290894, "dvar2": 67.0923614502, "min": 1.40823459625}, "spectral_skewness": {"dvar": 0.103721536696, "var": 1.34013867378, "median": 2.95446419716, "max": 8.7129573822, "dmean": 0.346584558487, "dmean2": 0.576567411423, "mean": 3.02226567268, "dvar2": 0.295426547527, "min": 0.980113565922}, "pitch_salience": {"dvar": 0.00290385400876, "var": 0.0321197099984, "median": 0.438353061676, "max": 0.792402327061, "dmean": 0.059043828398, "dmean2": 0.0961740165949, "mean": 0.407367616892, "dvar2": 0.00777976308018, "min": 0.0208924226463}, "spectral_complexity": {"dvar": 1.17555403709, "var": 21.2608776093, "median": 7, "max": 23, "dmean": 1.01214575768, "dmean2": 1.74483597279, "mean": 7.70335912704, "dvar2": 3.07378983498, "min": 0}, "spectral_spread": {"dvar": 54647316480, "var": 2329196625920.0, "median": 2797284.25, "max": 14013779, "dmean": 260993.53125, "dmean2": 432919.875, "mean": 3299380, "dvar2": 143834972160, "min": 802929.0625}, "dynamic_complexity": 5.33584070206, "melbands_crest": {"dvar": 7.86836576462, "var": 99.4584121704, "median": 19.2883052826, "max": 39.4415016174, "dmean": 2.88660788536, "dmean2": 4.71991348267, "mean": 21.8204097748, "dvar2": 22.0350570679, "min": 5.17786550522}, "zerocrossingrate": {"dvar": 2.5186507628e-05, "var": 0.000527809257619, "median": 0.0166015625, "max": 0.17333984375, "dmean": 0.00339325820096, "dmean2": 0.00446117809042, "mean": 0.023033991456, "dvar2": 3.99095551984e-05, "min": 0}, "spectral_energyband_low": {"dvar": 0.0105826444924, "var": 0.0252053644508, "median": 0.00295263435692, "max": 0.976895451546, "dmean": 0.0444716922939, "dmean2": 0.0849670544267, "mean": 0.0809421464801, "dvar2": 0.0385091118515, "min": 2.17991735774e-11}, "melbands_kurtosis": {"dvar": 6343.25878906, "var": 18843.7167969, "median": 12.8631238937, "max": 1550.0135498, "dmean": 33.1394615173, "dmean2": 57.82837677, "mean": 69.403793335, "dvar2": 18230.6328125, "min": -1.29663300514}, "spectral_energyband_middle_high": {"dvar": 4.09303493143e-06, "var": 9.41851521929e-06, "median": 0.000448849488748, "max": 0.0457329116762, "dmean": 0.00068540108623, "dmean2": 0.00107681192458, "mean": 0.00153875246178, "dvar2": 1.00175602711e-05, "min": 2.35895634623e-12}, "barkbands_spread": {"dvar": 8.84434890747, "var": 77.3024215698, "median": 4.86660528183, "max": 69.2868270874, "dmean": 1.7832916975, "dmean2": 2.73278522491, "mean": 7.4704413414, "dvar2": 22.9082126617, "min": 0.130886420608}, "mfcc": {"mean": [-780.697692871, 175.50491333, 34.9451560974, 27.2385997772, -1.15675377846, 9.54161834717, -2.82235455513, 1.43394744396, 1.25111365318, 2.78320527077, 2.60633397102, 5.48479890823, 1.93267917633], "cov": [[11996.8222656, -419.998626709, -2238.66577148, -798.413146973, -1636.10510254, -951.551696777, -609.72265625, -449.56552124, -536.766296387, -295.236541748, -491.460388184, -185.271118164, 184.845718384], [-419.998626709, 2066.24487305, 399.380126953, 352.520202637, 417.044036865, 333.968139648, -18.484375, 29.1899757385, 105.57535553, 148.3984375, 241.790634155, 40.1083679199, -165.751281738], [-2238.66577148, 399.380126953, 847.125671387, 368.297546387, 392.200317383, 282.058868408, 182.723373413, 151.207275391, 144.041900635, 80.3404312134, 108.335067749, 44.323425293, -68.7980422974], [-798.413146973, 352.520202637, 368.297546387, 362.089935303, 252.172348022, 183.430892944, 93.8680953979, 70.8688430786, 54.052947998, 53.6712417603, 73.8221969604, 3.5066010952, -73.9411315918], [-1636.10510254, 417.044036865, 392.200317383, 252.172348022, 444.795684814, 303.496032715, 122.505935669, 95.195930481, 114.846321106, 100.634513855, 153.326690674, 67.6427154541, -53.2523612976], [-951.551696777, 333.968139648, 282.058868408, 183.430892944, 303.496032715, 325.448425293, 134.142272949, 95.1822128296, 108.896179199, 82.046043396, 125.846992493, 75.6315307617, -35.5759849548], [-609.72265625, -18.484375, 182.723373413, 93.8680953979, 122.505935669, 134.142272949, 177.421051025, 106.325744629, 75.6937026978, 39.6796340942, 35.6845855713, 44.7827072144, 14.3791265488], [-449.56552124, 29.1899757385, 151.207275391, 70.8688430786, 95.195930481, 95.1822128296, 106.325744629, 146.257522583, 99.1036224365, 45.1856117249, 42.6824455261, 25.185918808, 1.83006966114], [-536.766296387, 105.57535553, 144.041900635, 54.052947998, 114.846321106, 108.896179199, 75.6937026978, 99.1036224365, 175.906433105, 89.0667724609, 60.4326858521, 39.2414741516, 16.3961315155], [-295.236541748, 148.3984375, 80.3404312134, 53.6712417603, 100.634513855, 82.046043396, 39.6796340942, 45.1856117249, 89.0667724609, 134.78137207, 109.701034546, 40.0260353088, -7.26379776001], [-491.460388184, 241.790634155, 108.335067749, 73.8221969604, 153.326690674, 125.846992493, 35.6845855713, 42.6824455261, 60.4326858521, 109.701034546, 180.031661987, 71.0247039795, -29.2122402191], [-185.271118164, 40.1083679199, 44.323425293, 3.5066010952, 67.6427154541, 75.6315307617, 44.7827072144, 25.185918808, 39.2414741516, 40.0260353088, 71.0247039795, 141.6665802, 71.7542190552], [184.845718384, -165.751281738, -68.7980422974, -73.9411315918, -53.2523612976, -35.5759849548, 14.3791265488, 1.83006966114, 16.3961315155, -7.26379776001, -29.2122402191, 71.7542190552, 199.909667969]], "icov": [[0.000335451972205, -0.000191328595974, 0.000694436894264, -0.000556308077648, 0.00133485591505, -0.000529634649865, 0.000317903148243, -0.000354458490619, 0.000408343417803, -0.00049537740415, 0.000509963138029, -0.00029943237314, -6.33754752926e-05], [-0.000191328595974, 0.000877198122907, -0.000455619621789, -0.000129200532683, -0.000833601108752, -0.000279370724456, 0.000770443177316, 0.00033126299968, -0.000426272134064, 0.000224735311349, -0.000731036474463, 0.000193294385099, 0.000236337262322], [0.000694436894264, -0.000455619621789, 0.00422922614962, -0.00287691759877, 0.00139534811024, -0.000539409869816, -0.000288903218461, -0.0011655727867, -9.12927644094e-05, -0.000262850429863, 0.00124673231039, -0.000914825359359, 0.000187132071005], [-0.000556308077648, -0.000129200532683, -0.00287691759877, 0.00743166124448, -0.00385437137447, 0.000423276535003, -0.00140838930383, 6.82391691953e-05, 0.00109704118222, -0.000444744102424, -3.3490567148e-05, 0.00159046787303, 0.000633320654742], [0.00133485591505, -0.000833601108752, 0.00139534811024, -0.00385437137447, 0.0139725925401, -0.00744364224374, 0.00183399219532, -0.000756908266339, 0.000998106901534, -0.00176556280348, -0.000390318396967, -0.000828976917546, -0.000503971881699], [-0.000529634649865, -0.000279370724456, -0.000539409869816, 0.000423276535003, -0.00744364224374, 0.0124729732051, -0.00525036267936, 0.00137328379788, -0.00285166245885, 0.00280272960663, -0.00247829593718, -0.00160282419529, 0.001379815978], [0.000317903148243, 0.000770443177316, -0.000288903218461, -0.00140838930383, 0.00183399219532, -0.00525036267936, 0.0150632495061, -0.00810733251274, 0.00217641401105, -0.00292582018301, 0.00343169481494, -0.00220001046546, -0.000724259938579], [-0.000354458490619, 0.00033126299968, -0.0011655727867, 6.82391691953e-05, -0.000756908266339, 0.00137328379788, -0.00810733251274, 0.0174408890307, -0.00802461337298, 0.00366349471733, -0.00381610961631, 0.00186721456703, 0.000256200321019], [0.000408343417803, -0.000426272134064, -9.12927644094e-05, 0.00109704118222, 0.000998106901534, -0.00285166245885, 0.00217641401105, -0.00802461337298, 0.0152345560491, -0.00988554954529, 0.00492800865322, -0.000808847544249, -0.00127961032558], [-0.00049537740415, 0.000224735311349, -0.000262850429863, -0.000444744102424, -0.00176556280348, 0.00280272960663, -0.00292582018301, 0.00366349471733, -0.00988554954529, 0.0223851073533, -0.0134682636708, 0.00249450071715, -0.000644479005132], [0.000509963138029, -0.000731036474463, 0.00124673231039, -3.3490567148e-05, -0.000390318396967, -0.00247829593718, 0.00343169481494, -0.00381610961631, 0.00492800865322, -0.0134682636708, 0.0194284170866, -0.00730834435672, 0.00315076578408], [-0.00029943237314, 0.000193294385099, -0.000914825359359, 0.00159046787303, -0.000828976917546, -0.00160282419529, -0.00220001046546, 0.00186721456703, -0.000808847544249, 0.00249450071715, -0.00730834435672, 0.014597909525, -0.00580498576164], [-6.33754752926e-05, 0.000236337262322, 0.000187132071005, 0.000633320654742, -0.000503971881699, 0.001379815978, -0.000724259938579, 0.000256200321019, -0.00127961032558, -0.000644479005132, 0.00315076578408, -0.00580498576164, 0.00834206305444]]}, "silence_rate_60dB": {"dvar": 0.0182767231017, "var": 0.102346748114, "median": 0, "max": 1, "dmean": 0.0186234824359, "dmean2": 0.0372620485723, "mean": 0.115742616355, "dvar2": 0.0439741276205, "min": 0}, "melbands_flatness_db": {"dvar": 0.000628477369901, "var": 0.0249158088118, "median": 0.371742904186, "max": 0.814295530319, "dmean": 0.0260878838599, "dmean2": 0.0442343465984, "mean": 0.40223929286, "dvar2": 0.00216499110684, "min": 0.116384387016}, "spectral_rms": {"dvar": 5.28655118615e-06, "var": 5.06719152327e-05, "median": 0.00534612406045, "max": 0.0365994498134, "dmean": 0.00150083051994, "dmean2": 0.00258370582014, "mean": 0.00790358893573, "dvar2": 1.75615514308e-05, "min": 1.92630992046e-07}, "melbands_spread": {"dvar": 8.71333503723, "var": 89.589881897, "median": 4.73634815216, "max": 83.3490371704, "dmean": 1.84348881245, "dmean2": 2.73459815979, "mean": 7.7024936676, "dvar2": 19.2600383759, "min": 0.0545151978731}, "average_loudness": 0.147227451205, "erbbands_kurtosis": {"dvar": 25.9769744873, "var": 127.622558594, "me