{"tonal": {"chords_number_rate": 0.00140186911449, "thpcp": [1, 0.685973107815, 0.347240954638, 0.270781904459, 0.108512960374, 0.0632508918643, 0.0857695713639, 0.17588570714, 0.629365444183, 0.965193152428, 0.54860496521, 0.121516808867, 0.0547219328582, 0.100532867014, 0.301056534052, 0.467892229557, 0.280350029469, 0.056779153645, 0.0579207800329, 0.116297475994, 0.270661622286, 0.36318770051, 0.32078781724, 0.607755064964, 0.964764654636, 0.644939363003, 0.165435627103, 0.0499937422574, 0.0594353750348, 0.170192524791, 0.263750821352, 0.157250091434, 0.0466711893678, 0.0426844581962, 0.09509665519, 0.540038704872], "hpcp": {"dvar": [0.0163434352726, 0.0114575903863, 0.00946154352278, 0.0143466759473, 0.0242907106876, 0.0389021299779, 0.0485601313412, 0.034177698195, 0.0222765728831, 0.00910821463913, 0.0111547186971, 0.016611142084, 0.0242357160896, 0.017989994958, 0.00801599770784, 0.0124522456899, 0.0253166332841, 0.0277544669807, 0.0344559960067, 0.0377142466605, 0.0390819869936, 0.043604016304, 0.0474921762943, 0.022088656202, 0.0076431450434, 0.00834068097174, 0.00898553989828, 0.0138796083629, 0.00986234750599, 0.00689427228644, 0.00722463754937, 0.00851552560925, 0.0260796044022, 0.0449669323862, 0.0327589698136, 0.0184351503849], "mean": [0.0901996120811, 0.0361465327442, 0.0210693757981, 0.0285705290735, 0.0585889331996, 0.209646657109, 0.321513533592, 0.182744681835, 0.0404782183468, 0.0182283129543, 0.0334882996976, 0.100284330547, 0.155858635902, 0.0933868288994, 0.0189135894179, 0.0192938745022, 0.038739617914, 0.0901595503092, 0.120980717242, 0.10685697943, 0.202448070049, 0.32137081027, 0.214834451675, 0.0551079288125, 0.0166533142328, 0.0197983980179, 0.0566924884915, 0.0878575071692, 0.0523812621832, 0.0155465453863, 0.0142185334116, 0.03167745471, 0.179891198874, 0.333107978106, 0.228503108025, 0.115668728948], "min": [0, 0, 0, 0, 0, 0, 0, 0, 0, 0, 0, 0, 0, 0, 0, 0, 0, 0, 0, 0, 0, 0, 0, 0, 0, 0, 0, 0, 0, 0, 0, 0, 0, 0, 0, 0], "median": [0.000921014347114, 0.00101658690255, 0.000892309239134, 0.000830573961139, 0.00374798313715, 0.0874112248421, 0.14111430943, 0.059661641717, 0.00187816144899, 0.000684422033373, 0.000815215869807, 0.00187864981126, 0.00200077216141, 0.00195821002126, 0.00202413043007, 0.000971067347564, 0.000901645398699, 0.0062451204285, 0.0157880336046, 0.0253661796451, 0.0833382159472, 0.13284650445, 0.0584205761552, 0.00383539288305, 0.00111597077921, 0.00105563784018, 0.0140796238557, 0.0236837007105, 0.0122968656942, 0.00115076755174, 0.000774323474616, 0.00226584170014, 0.0671961903572, 0.125229001045, 0.116718605161, 0.0076526296325], "dvar2": [0.0418132916093, 0.029766375199, 0.0231580249965, 0.0382280610502, 0.0662837475538, 0.104038223624, 0.110666744411, 0.0905842408538, 0.0634325444698, 0.0255541019142, 0.0321495346725, 0.0442954935133, 0.055361200124, 0.0467435494065, 0.0230625774711, 0.0352145247161, 0.0710590332747, 0.0750373750925, 0.0886731222272, 0.105344384909, 0.103308595717, 0.104520611465, 0.137345775962, 0.0637368410826, 0.0212274342775, 0.0228639747947, 0.0227634049952, 0.0345075912774, 0.0260427966714, 0.0202678442001, 0.01986723952, 0.021449573338, 0.0604530833662, 0.0827308297157, 0.0826774612069, 0.0503997728229], "var": [0.0574216879904, 0.0127697084099, 0.00917770434171, 0.0127925593406, 0.0243458263576, 0.0711910277605, 0.139764040709, 0.061846524477, 0.0169194657356, 0.00624546594918, 0.0136083746329, 0.0492593757808, 0.100727424026, 0.0414773114026, 0.00527369277552, 0.00837138295174, 0.0213200058788, 0.0459388904274, 0.0630388334394, 0.0393438562751, 0.0701248720288, 0.139177337289, 0.0905242934823, 0.0173511132598, 0.00526417698711, 0.00812249165028, 0.0148565508425, 0.0232915841043, 0.0109868887812, 0.00449754297733, 0.00519567029551, 0.0107213258743, 0.0553425364196, 0.148800909519, 0.0702559798956, 0.0642198845744], "dmean2": [0.0748319253325, 0.061313867569, 0.0460856035352, 0.067360624671, 0.128673836589, 0.228506758809, 0.240199387074, 0.205683678389, 0.101135127246, 0.051364634186, 0.0615679733455, 0.0912153720856, 0.0983810350299, 0.0954395309091, 0.0486894436181, 0.0530106276274, 0.0873927846551, 0.119353570044, 0.151013165712, 0.185700342059, 0.229182824492, 0.231160953641, 0.240712046623, 0.124467976391, 0.0452875904739, 0.0394564159214, 0.0663381665945, 0.0917110517621, 0.0715480446815, 0.040609780699, 0.0358785949647, 0.0598767437041, 0.176629319787, 0.209337338805, 0.223264843225, 0.11663210392], "max": [1, 1, 1, 1, 1, 1, 1, 1, 1, 1, 1, 1, 1, 1, 1, 1, 1, 1, 1, 1, 1, 1, 1, 1, 1, 1, 1, 1, 1, 1, 1, 1, 1, 1, 1, 1], "dmean": [0.0436451025307, 0.0346615724266, 0.0257280301303, 0.0368681810796, 0.071240760386, 0.136774346232, 0.142657533288, 0.12106372416, 0.0552961602807, 0.0272307451814, 0.0334704704583, 0.0520544983447, 0.0582534000278, 0.0563036836684, 0.0260880216956, 0.0286896768957, 0.0480924509466, 0.067810125649, 0.0861731246114, 0.105270326138, 0.136073946953, 0.137392580509, 0.14087164402, 0.068507142365, 0.0243758875877, 0.02254871279, 0.0406049452722, 0.0572513118386, 0.0421559810638, 0.0221030786633, 0.0198488887399, 0.0345637649298, 0.112939178944, 0.13080008328, 0.134092211723, 0.0666706264019]}, "key_strength": 0.844622135162, "chords_strength": {"dvar": 0.0005184893962, "mean": 0.529856979847, "min": -1, "median": 0.540424585342, "dvar2": 0.000972248439211, "var": 0.0593587085605, "dmean2": 0.0069599035196, "max": 0.802481114864, "dmean": 0.00752741470933}, "tuning_equal_tempered_deviation": 0.0130696399137, "chords_key": "E", "tuning_frequency": 441.782684326, "chords_scale": "major", "chords_changes_rate": 0.0334112159908, "key_scale": "major", "tuning_diatonic_strength": 0.653153717518, "hpcp_entropy": {"dvar": 0.193997085094, "mean": 1.55720102787, "min": 0, "median": 1.62627601624, "dvar2": 0.503696143627, "var": 0.431353241205, "dmean2": 0.827145218849, "max": 3.39233398438, "dmean": 0.486363619566}, "chords_histogram": [42.2663536072, 5.6542057991, 22.0327110291, 0, 0.210280373693, 0, 0.163551405072, 0, 0.233644858003, 0.911214947701, 0, 0, 0, 0, 0, 0.0467289723456, 0, 0, 0, 0, 0, 1.02803742886, 15.1168222427, 12.3364486694], "tuning_nontempered_energy_ratio": 0.630753040314, "key_key": "E"}, "metadata": {"version": {"extractor": "music 1.0", "essentia_build_sha": "65e368e5454dd45657e4cc002e00185f437e13e1", "essentia": "2.1-beta1", "essentia_git_sha": "v2.1_beta1-28-g21ef5f4"}, "audio_properties": {"sample_rate": 44100, "length": 198.687347412, "lossless": false, "analysis_sample_rate": 44100, "downmix": "mix", "bit_rate": 128000, "equal_loudness": 0, "md5_encoded": "ddf7e247a13281eb1914087b92ac8d63", "codec": "mp3", "replay_gain": -10.7716236115}, "tags": {"catalognumber": ["MNWCD 2036"], "musicbrainz_recordingid": ["cf5fe920-b024-4257-b1f6-ba8dcc246cf3"], "title": ["Drömmarna"], "artist": ["Freddie Wadling"], "discnumber": ["1/2"], "artistsort": ["Wadling, Freddie"], "originaldate": ["2007"], "musicbrainz_artistid": ["f5a4e0dd-fddd-4b7b-accb-dc859e285fcc"], "artists": ["Freddie Wadling"], "tracknumber": ["15/16"], "musicbrainz_albumartistid": ["f5a4e0dd-fddd-4b7b-accb-dc859e285fcc"], "musicbrainz album status": ["official"], "date": ["2007"], "albumartistsort": ["Wadling, Freddie"], "musicbrainz_releasegroupid": ["b86a6c03-2ed9-3167-b619-8cdda59ce475"], "media": ["CD"], "musicbrainz release track id": ["4644c26d-958a-36f9-93f6-b61084c5a756"], "musicbrainz album release country": ["SE"], "label": ["MNW Music AB"], "musicbrainz album type": ["album", "compilation"], "script": ["Latn"], "musicbrainz_albumid": ["d2cb5697-6020-4fc9-a604-2e28efb38d0c"], "file_name": "15 - Drömmarna.mp3", "album": ["Klassiker"], "albumartist": ["Freddie Wadling"]}}, "lowlevel": {"melbands": {"dvar": [4.28139810538e-06, 5.39081565876e-06, 1.13219687137e-06, 9.93386152004e-07, 1.09283564598e-06, 9.6421354101e-07, 1.85184930501e-07, 1.35010552071e-07, 9.74347287297e-08, 2.01366958663e-08, 2.40093243065e-08, 7.89232856846e-09, 1.09266218296e-09, 2.13525552795e-09, 3.19548743022e-09, 1.98754679381e-09, 3.84521442465e-10, 1.73548314608e-10, 2.17676987546e-11, 3.04669657558e-12, 2.05147422487e-12, 4.88236361063e-12, 8.14952619277e-12, 1.08031578475e-11, 2.72859946443e-12, 3.45534039749e-13, 1.09987058794e-13, 1.35360445725e-13, 5.98697388323e-14, 9.28967298051e-13, 1.27489555371e-12, 7.66025372474e-13, 1.32440055017e-12, 5.28143121684e-13, 3.5179544282e-13, 3.67840876031e-13, 1.90983866092e-13, 4.00401893173e-14, 1.98252415054e-14, 4.08849293464e-15], "mean": [0.00154987059068, 0.00221196492203, 0.00114708545152, 0.00132585305255, 0.00122740422376, 0.00075032224413, 0.000373945484171, 0.000226092975936, 0.000134337460622, 8.60124928295e-05, 8.04339433671e-05, 3.1054882129e-05, 2.4711520382e-05, 1.68326077983e-05, 1.46454422065e-05, 1.36264288813e-05, 6.74084822094e-06, 3.26085046254e-06, 1.26368956899e-06, 8.61635555793e-07, 8.09225355169e-07, 8.91954243798e-07, 1.06222069007e-06, 1.11801602998e-06, 6.70679469295e-07, 2.51117398875e-07, 1.27699877339e-07, 8.41778629024e-08, 7.42216883509e-08, 1.27123854554e-07, 1.92214827166e-07, 2.18873651647e-07, 2.08158226656e-07, 1.50040008862e-07, 1.21971197586e-07, 9.26695307157e-08, 6.19340951857e-08, 3.72054884679e-08, 2.71870970181e-08, 1.65577489497e-08], "min": [1.13289833156e-24, 3.81935462866e-25, 9.30433728969e-25, 9.62750993673e-25, 1.28268645138e-24, 5.21394854293e-25, 1.14461597284e-24, 1.46371553381e-24, 1.29224941771e-24, 1.3337328517e-24, 1.93170065912e-24, 1.99910586525e-24, 2.19247204198e-24, 1.4164538909e-24, 1.55462810466e-24, 2.47662506485e-24, 1.39265484486e-24, 2.3739076836e-24, 2.56577719398e-24, 3.66436106224e-24, 3.14803168103e-24, 3.3336074619e-24, 3.11285104846e-24, 3.95856594798e-24, 3.06777652241e-24, 3.69920465399e-24, 3.40945841009e-24, 4.0312492252e-24, 3.64779419437e-24, 4.2355350118e-24, 5.24522727225e-24, 5.716396536e-24, 5.36321128139e-24, 5.01605055751e-24, 4.57022621135e-24, 4.66449903383e-24, 4.46088456786e-24, 6.30216993433e-24, 5.0469908655e-24, 6.51157463935e-24], "median": [0.000219059642404, 0.000741163559724, 0.000471613777336, 0.000829904747661, 0.000567437964492, 0.00029110716423, 0.000189558209968, 6.01836873102e-05, 2.89226263703e-05, 3.99085402023e-05, 2.73904224741e-05, 7.29109979147e-06, 7.24141773389e-06, 1.62176024787e-06, 1.44856403494e-06, 9.10260041564e-07, 4.71970537319e-07, 2.43975392777e-07, 2.11231480307e-07, 1.44420667425e-07, 1.17505365438e-07, 7.67786048073e-08, 7.31916287577e-08, 5.27979224785e-08, 3.39487300494e-08, 2.56422829636e-08, 1.68682667834e-08, 1.18128316018e-08, 8.83313067135e-09, 6.96206736706e-09, 5.20975396157e-09, 4.43645920001e-09, 3.34453487127e-09, 2.56325449755e-09, 2.12585549164e-09, 1.7380827888e-09, 1.47161172137e-09, 1.09726738806e-09, 9.59129109468e-10, 8.51679837766e-10], "dvar2": [8.00385259936e-06, 1.03231823232e-05, 2.74637613984e-06, 2.7924272672e-06, 2.84395150629e-06, 2.46741888077e-06, 4.18506687083e-07, 2.34764641505e-07, 1.93235081269e-07, 3.79299471831e-08, 5.9480779413e-08, 1.88405877566e-08, 1.70157721247e-09, 3.57622287339e-09, 4.78370321133e-09, 3.25772253618e-09, 6.64641341963e-10, 3.79099890369e-10, 3.46981297861e-11, 5.61985137246e-12, 3.28210115336e-12, 9.86534291758e-12, 1.32485957968e-11, 2.00509036458e-11, 4.93830193751e-12, 6.60128798412e-13, 2.55971188256e-13, 3.48516625715e-13, 1.04522300374e-13, 2.21578679883e-12, 2.63479407563e-12, 1.73289236693e-12, 3.01278251479e-12, 9.46196680035e-13, 7.20513601039e-13, 8.47528265017e-13, 3.63656180906e-13, 7.96336941159e-14, 3.29050039982e-14, 6.65011665527e-15], "var": [1.62474243552e-05, 1.61941134138e-05, 2.93693233289e-06, 2.75739103017e-06, 3.10753648591e-06, 2.49949493991e-06, 5.29795158855e-07, 4.79577067836e-07, 2.16521982566e-07, 4.66167335844e-08, 6.04628596079e-08, 1.954722606e-08, 8.23345658318e-09, 1.13613012331e-08, 1.28641159947e-08, 8.59658122465e-09, 1.6393331137e-09, 3.62731844561e-10, 6.22144280538e-11, 1.74790494578e-11, 1.31071984863e-11, 1.46525534761e-11, 2.59636825928e-11, 3.47192379013e-11, 1.07063680838e-11, 1.15384795902e-12, 2.13361853142e-13, 1.6478608571e-13, 1.6132651855e-13, 1.46405316256e-12, 2.59695888925e-12, 1.7929744061e-12, 2.36166641798e-12, 1.30322770804e-12, 8.45711467436e-13, 7.21689797766e-13, 3.68963811326e-13, 1.07751250956e-13, 5.32785282364e-14, 1.25446494284e-14], "dmean2": [0.00086251902394, 0.00127462868113, 0.00075763289351, 0.00082168407971, 0.000816197134554, 0.000582015141845, 0.000230488687521, 0.000143703044159, 9.59417884587e-05, 5.38931963092e-05, 5.61129454582e-05, 2.62646226474e-05, 1.45083358802e-05, 9.68904623733e-06, 1.04462833406e-05, 8.79178514879e-06, 4.59508692074e-06, 3.0995263387e-06, 1.06233858332e-06, 6.22170603037e-07, 4.90337811243e-07, 6.74668342526e-07, 7.55956989451e-07, 7.89625914877e-07, 4.71882088959e-07, 2.07734203173e-07, 1.1496795338e-07, 8.03766440072e-08, 6.35658281567e-08, 1.34854929001e-07, 1.79205102313e-07, 2.00650887905e-07, 2.13952915828e-07, 1.36611546964e-07, 1.13516477995e-07, 8.8367265505e-08, 5.49110659165e-08, 3.12125152391e-08, 2.15496864797e-08, 1.23248566908e-08], "max": [0.055049598217, 0.0377654805779, 0.0217901095748, 0.0249419156462, 0.0283092670143, 0.028344547376, 0.0172399375588, 0.0150220515206, 0.0184664018452, 0.00970279611647, 0.00600338494405, 0.00275182467885, 0.0020282829646, 0.00348237133585, 0.00417365971953, 0.00201377132908, 0.000750939536374, 0.000406023464166, 0.000336894590873, 0.000121430901345, 8.58030980453e-05, 8.4848543338e-05, 0.000160620722454, 0.000172452317202, 6.46535918349e-05, 2.56791390711e-05, 1.11461858978e-05, 2.018174564e-05, 1.1826525224e-05, 5.53705685888e-05, 6.68173015583e-05, 3.91808280256e-05, 4.53571956314e-05, 3.90863897337e-05, 2.83102435787e-05, 3.64477236872e-05, 2.65905237029e-05, 1.03405391201e-05, 7.08913376002e-06, 3.18865795634e-06], "dmean": [0.000617197249085, 0.000889879127499, 0.000488410063554, 0.000530927674845, 0.000529812299646, 0.000363692874089, 0.000161322168424, 0.000104581158666, 6.8072193244e-05, 3.67089924111e-05, 3.75515992346e-05, 1.70199909917e-05, 1.0250170817e-05, 7.23386619939e-06, 7.65076583775e-06, 6.8433796514e-06, 3.32386116497e-06, 2.07727703128e-06, 7.15201906587e-07, 4.21904104542e-07, 3.52817181692e-07, 4.65719665499e-07, 5.48519039967e-07, 5.54341511361e-07, 3.29403121668e-07, 1.35706656579e-07, 7.51709876567e-08, 5.19142417943e-08, 4.36330438447e-08, 9.03128167806e-08, 1.24196517959e-07, 1.33576037342e-07, 1.3869693305e-07, 9.59318242622e-08, 7.79396671646e-08, 6.15961468498e-08, 4.17660928065e-08, 2.27844747513e-08, 1.63208397908e-08, 8.89655193959e-09]}, "spectral_decrease": {"dvar": 1.07009468986e-17, "mean": -6.98852087311e-09, "min": -6.13541075722e-08, "median": -4.38548397597e-09, "dvar2": 2.18406767161e-17, "var": 5.49527017474e-17, "dmean2": 2.81879386499e-09, "max": 7.56421288822e-21, "dmean": 1.94733607017e-09}, "spectral_rolloff": {"dvar": 103066.320312, "mean": 937.768981934, "min": 86.1328125, "median": 409.130859375, "dvar2": 200763.609375, "var": 9342261, "dmean2": 131.431716919, "max": 19789.0136719, "dmean": 78.6938552856}, "melbands_crest": {"dvar": 5.32101535797, "mean": 14.8047065735, "min": 1.59663295746, "median": 14.4314928055, "dvar2": 13.2539520264, "var": 22.7979717255, "dmean2": 3.71088194847, "max": 31.2943439484, "dmean": 2.39599704742}, "barkbands_skewness": {"dvar": 0.267287790775, "mean": 1.37482535839, "min": -2.27628684044, "median": 1.17602670193, "dvar2": 0.595536112785, "var": 1.53926634789, "dmean2": 0.671937406063, "max": 10.5106563568, "dmean": 0.453697234392}, "spectral_centroid": {"dvar": 29068.0859375, "mean": 654.533752441, "min": 130.428588867, "median": 331.866638184, "dvar2": 63110.1054688, "var": 3148864.25, "dmean2": 68.1539459229, "max": 11750.6230469, "dmean": 45.7135429382}, "spectral_energyband_middle_low": {"dvar": 6.06907851761e-05, "mean": 0.0161379743367, "min": 1.2298687349e-22, "median": 0.0102483192459, "dvar2": 0.000150222083903, "var": 0.000298070226563, "dmean2": 0.0072312890552, "max": 0.189741849899, "dmean": 0.00473362486809}, "erbbands_crest": {"dvar": 5.14541530609, "mean": 12.1299505234, "min": 2.30430650711, "median": 11.4806690216, "dvar2": 12.3797416687, "var": 19.9122619629, "dmean2": 3.7854115963, "max": 31.7582550049, "dmean": 2.48167538643}, "dynamic_complexity": 3.47602701187, "spectral_energyband_low": {"dvar": 0.000114465066872, "mean": 0.0110761914402, "min": 1.10750217745e-23, "median": 0.00444426015019, "dvar2": 0.00021373234631, "var": 0.000417302740971, "dmean2": 0.00585624855012, "max": 0.22910694778, "dmean": 0.00416786922142}, "silence_rate_60dB": {"dvar": 0.00349319563247, "mean": 0.0623977556825, "min": 0, "median": 0, "dvar2": 0.00813242886215, "var": 0.0585017614067, "dmean2": 0.00701262289658, "max": 1, "dmean": 0.00350590166636}, "erbbands_kurtosis": {"dvar": 7.77165794373, "mean": 3.96261763573, "min": -1.86290478706, "median": 2.5171995163, "dvar2": 17.3471546173, "var": 26.9530601501, "dmean2": 2.95794892311, "max": 72.150680542, "dmean": 1.95592677593}, "spectral_complexity": {"dvar": 1.29318678379, "mean": 8.18228530884, "min": 0, "median": 8, "dvar2": 2.79209089279, "var": 9.53160667419, "dmean2": 1.79803645611, "max": 28, "dmean": 1.09127032757}, "barkbands_crest": {"dvar": 4.7582988739, "mean": 12.7510681152, "min": 2.59906816483, "median": 12.2240314484, "dvar2": 11.718290329, "var": 16.2599143982, "dmean2": 3.52763414383, "max": 25.7915210724, "dmean": 2.25782418251}, "spectral_energy": {"dvar": 0.000157536604092, "mean": 0.0270290486515, "min": 9.60564940356e-21, "median": 0.0169702321291, "dvar2": 0.00032192634535, "var": 0.000818521541078, "dmean2": 0.0108627267182, "max": 0.233219623566, "dmean": 0.00750463781878}, "spectral_spread": {"dvar": 372370702336, "mean": 3123670, "min": 640361.75, "median": 1753086, "dvar2": 634887143424, "var": 41860647092200.0, "dmean2": 584522.4375, "max": 42610244, "dmean": 371306.90625}, "spectral_contrast_valleys": {"dvar": [0.133784353733, 0.0912448614836, 0.0724644958973, 0.0668347477913, 0.0596359707415, 0.0608399957418], "mean": [-7.86069297791, -7.51150751114, -8.74878787994, -9.74691390991, -10.1987342834, -12.9087781906], "min": [-28.2878646851, -27.9137706757, -27.8379974365, -27.6881656647, -27.5424537659, -27.3708248138], "median": [-7.27576971054, -6.93351078033, -8.22850036621, -9.29879951477, -9.84652042389, -12.7072839737], "dvar2": [0.266668468714, 0.191174030304, 0.149187594652, 0.140199676156, 0.110756270587, 0.0950093120337], "var": [11.712849617, 11.7398881912, 10.2857809067, 9.27781200409, 8.95369148254, 6.759745121], "dmean2": [0.556643843651, 0.491942554712, 0.449899613857, 0.426855742931, 0.346162557602, 0.249371990561], "max": [-5.01140975952, -4.97795248032, -5.64729166031, -6.72548151016, -7.18462085724, -8.34614086151], "dmean": [0.343934506178, 0.307141900063, 0.276502937078, 0.259855538607, 0.216059193015, 0.170319199562]}, "spectral_rms": {"dvar": 6.60631087612e-07, "mean": 0.00455795833841, "min": 3.06126868646e-12, "median": 0.00406894646585, "dvar2": 1.29434260998e-06, "var": 5.59483123652e-06, "dmean2": 0.000890390074346, "max": 0.0150841418654, "dmean": 0.000624593812972}, "barkbands_spread": {"dvar": 4.34840488434, "mean": 4.73275375366, "min": 0.402995496988, "median": 3.47144365311, "dvar2": 8.28766918182, "var": 28.6116580963, "dmean2": 1.48120224476, "max": 76.1998291016, "dmean": 1.01051259041}, "pitch_salience": {"dvar": 0.003345369827, "mean": 0.552059054375, "min": 0.0881508886814, "median": 0.552643179893, "dvar2": 0.00782848149538, "var": 0.0145055158064, "dmean2": 0.0909729152918, "max": 0.918523669243, "dmean": 0.058314088732}, "erbbands_skewness": {"dvar": 0.124121159315, "mean": 1.1392480135, "min": -1.65709125996, "median": 1.04178667068, "dvar2": 0.274734735489, "var": 0.820048570633, "dmean2": 0.528594851494, "max": 5.92932462692, "dmean": 0.359566628933}, "spectral_energyband_middle_high": {"dvar": 2.28082353715e-06, "mean": 0.000882381107658, "min": 1.1424351787e-21, "median": 0.000186318677152, "dvar2": 4.02590831072e-06, "var": 1.30508587972e-05, "dmean2": 0.000432181172073, "max": 0.0701678320765, "dmean": 0.000318772101309}, "erbbands": {"dvar": [0.0238824337721, 5.26495552063, 20.6712055206, 47.6938667297, 68.7488632202, 398.049041748, 1237.79821777, 2036.77905273, 986.122131348, 1272.03393555, 1057.84436035, 647.116760254, 816.947021484, 322.468139648, 134.18901062, 421.096008301, 215.024627686, 140.926513672, 37.7703208923, 3.83450603485, 1.34369051456, 4.3690943718, 10.5817899704, 4.32595920563, 0.297591328621, 0.302308470011, 0.405242234468, 3.37519454956, 2.47627091408, 2.00671124458, 0.981505930424, 0.531177103519, 0.065166272223, 0.00891818571836, 0.00138461275492, 0.000284178153379, 1.32144623421e-05, 7.96692916083e-08, 6.17512499468e-11, 1.87605597723e-10], "mean": [0.124515168369, 1.69871890545, 3.86267328262, 5.97481393814, 11.7078790665, 24.2248802185, 34.6323432922, 31.9407234192, 26.5558319092, 22.9843006134, 16.5123558044, 13.2424430847, 15.9295339584, 7.27583312988, 7.48536586761, 5.84507083893, 5.34134101868, 4.17018699646, 1.74096024036, 0.808399736881, 0.711747348309, 0.901292085648, 1.25144302845, 0.85874569416, 0.279365569353, 0.143900319934, 0.146549537778, 0.299382954836, 0.381354689598, 0.299725443125, 0.201732710004, 0.116563409567, 0.0517695620656, 0.0233137477189, 0.0106780100614, 0.00397281022742, 0.00101902754977, 8.0749479821e-05, 1.415656061e-05, 2.99066723528e-05], "min": [6.08301309415e-23, 3.07685010309e-22, 8.6975082866e-22, 4.90563501242e-21, 8.23874313484e-21, 2.19077072712e-20, 4.64896959252e-20, 2.25690430177e-20, 8.88518704537e-20, 1.69290331801e-19, 1.64738783405e-19, 2.50766058249e-19, 5.16656286818e-19, 6.05191185538e-19, 7.40062415728e-19, 8.04657776943e-19, 1.28482200876e-18, 1.02092988666e-18, 2.34814304066e-18, 2.15220442626e-18, 3.59051352e-18, 3.37167606471e-18, 4.51550451767e-18, 4.74104771939e-18, 7.1897521411e-18, 7.98782509507e-18, 8.14935609791e-18, 9.02199524821e-18, 1.07054426252e-17, 9.44619414584e-18, 1.00051035421e-17, 1.10195156592e-17, 9.00382291733e-18, 7.83508205906e-18, 6.20416850919e-18, 3.59300374723e-18, 2.37610236575e-18, 8.80851606213e-19, 2.13157490368e-19, 2.45028200376e-20], "median": [0.0138804614544, 0.315461575985, 1.34323525429, 1.87122225761, 6.21416568756, 15.3724775314, 11.4687232971, 11.6601886749, 13.6047534943, 7.46160697937, 3.23405075073, 6.03479576111, 5.41470909119, 1.91782712936, 1.86364114285, 0.711313903332, 0.512087106705, 0.295502543449, 0.164277523756, 0.148461937904, 0.107671014965, 0.0782205164433, 0.0720372572541, 0.0451799333096, 0.0315857641399, 0.0200839564204, 0.0139138586819, 0.0100968517363, 0.00766514195129, 0.00509836804122, 0.00368501874618, 0.00260591320693, 0.00157570326701, 0.00104648969136, 0.00066362589132, 0.000367329339497, 0.000122331388411, 9.92805507849e-06, 8.45882550493e-06, 1.88824888028e-05], "dvar2": [0.0425415113568, 10.2303113937, 40.8932762146, 116.828102112, 181.589935303, 1045.28320312, 3264.96411133, 5093.39404297, 2275.64013672, 2258.13696289, 2101.67407227, 1207.28393555, 2033.32543945, 762.89630127, 192.578063965, 671.666137695, 329.796661377, 243.391387939, 76.8288040161, 7.01083374023, 2.11926674843, 8.14774417877, 17.5169448853, 7.85820913315, 0.577125191689, 0.770381450653, 0.776006102562, 7.15054655075, 5.44058513641, 3.77039194107, 2.01319551468, 1.0068641901, 0.110925368965, 0.0131632918492, 0.00191119790543, 0.000355607655365, 2.03067847906e-05, 1.45447955902e-07, 1.10184021629e-10, 3.83442416707e-10], "var": [0.109789654613, 17.2749710083, 51.1534500122, 109.109573364, 236.915359497, 1062.28515625, 3219.45483398, 5224.84033203, 2514.81884766, 4757.33935547, 2591.54101562, 1476.07580566, 2140.58618164, 922.431640625, 1077.83996582, 1714.15039062, 1034.47119141, 637.245605469, 89.3117218018, 16.5939807892, 9.49275016785, 14.2422208786, 38.6223487854, 16.7404689789, 0.977420985699, 0.402134865522, 0.977144479752, 6.46543645859, 5.75627231598, 4.9440164566, 2.43369579315, 1.1583275795, 0.199214041233, 0.02872543782, 0.00483026355505, 0.00104006088804, 4.37436319771e-05, 2.29908508231e-07, 2.9229238474e-10, 9.91849047338e-10], "dmean2": [0.0664535984397, 0.976323604584, 2.44262480736, 4.31379127502, 7.09657096863, 16.0906639099, 24.4674816132, 24.9683246613, 16.4778823853, 14.0948133469, 11.0402421951, 8.5928401947, 10.7284574509, 5.55941486359, 3.90179634094, 3.65949416161, 3.35304546356, 2.66746735573, 1.49122571945, 0.586801171303, 0.405531942844, 0.623182713985, 0.82531696558, 0.570468783379, 0.20887838304, 0.121579676867, 0.122256785631, 0.274774938822, 0.341300159693, 0.257886707783, 0.176669940352, 0.0969520881772, 0.0397176295519, 0.0162466801703, 0.00684854015708, 0.0027293949388, 0.00072262523463, 6.26056207693e-05, 5.59231011721e-06, 1.19297619676e-05], "max": [4.51284980774, 53.5933036804, 80.5995559692, 153.702697754, 170.181335449, 553.500549316, 804.705688477, 1345.52026367, 1322.89611816, 1506.75097656, 1519.96386719, 1772.01928711, 1096.90893555, 543.842285156, 752.414794922, 1838.53186035, 957.729370117, 452.063110352, 223.24079895, 117.235466003, 68.0311965942, 83.3257904053, 154.126724243, 87.0938415527, 19.5341529846, 30.4390277863, 32.4921531677, 105.022102356, 66.1449813843, 68.4568557739, 56.1731109619, 39.5677452087, 13.0927820206, 5.16261053085, 2.6362016201, 1.05760776997, 0.248302564025, 0.0145776970312, 0.000343485764461, 0.00025189795997], "dmean": [0.0474698841572, 0.693427622318, 1.6796028614, 2.76931500435, 4.52707052231, 10.5170927048, 15.707490921, 15.5557661057, 11.5077037811, 10.0805721283, 7.98971891403, 5.8616027832, 7.21682786942, 3.64799189568, 2.88587665558, 2.71448945999, 2.58666682243, 1.97646093369, 1.02217876911, 0.38936445117, 0.293493062258, 0.446443885565, 0.602810680866, 0.404644548893, 0.140300422907, 0.0801704451442, 0.0863019004464, 0.19175542891, 0.229135796428, 0.181710466743, 0.123497180641, 0.0740371420979, 0.0293063763529, 0.0123189473525, 0.0053536798805, 0.00208043307066, 0.000538963766303, 4.33962377429e-05, 3.94615290134e-06, 8.25063034426e-06]}, "dissonance": {"dvar": 0.00123070075642, "mean": 0.376141279936, "min": 0.163031414151, "median": 0.37861841917, "dvar2": 0.00333508010954, "var": 0.00326622813009, "dmean2": 0.0677394270897, "max": 0.500000059605, "dmean": 0.0404183343053}, "erbbands_flatness_db": {"dvar": 0.000219212321099, "mean": 0.27047970891, "min": 0.0513308532536, "median": 0.279070734978, "dvar2": 0.000442553253379, "var": 0.00264559779316, "dmean2": 0.0226551927626, "max": 0.395083278418, "dmean": 0.0154909342527}, "melbands_kurtosis": {"dvar": 68.9286117554, "mean": 9.10632705688, "min": -1.36858010292, "median": 5.04779577255, "dvar2": 131.821899414, "var": 229.767425537, "dmean2": 5.87156152725, "max": 402.045501709, "dmean": 3.99715924263}, "melbands_spread": {"dvar": 10.1810150146, "mean": 8.52645778656, "min": 0.50492054224, "median": 4.33419799805, "dvar2": 25.4999713898, "var": 465.040344238, "dmean2": 2.072671175, "max": 161.180496216, "dmean": 1.37357664108}, "melbands_skewness": {"dvar": 0.25735604763, "mean": 1.73820281029, "min": -1.69657492638, "median": 1.52620255947, "dvar2": 0.531767964363, "var": 1.41185235977, "dmean2": 0.659354746342, "max": 15.2642993927, "dmean": 0.450366675854}, "spectral_entropy": {"dvar": 0.0280270818621, "mean": 6.05539083481, "min": 4.67722225189, "median": 5.87861251831, "dvar2": 0.0564865097404, "var": 0.610502064228, "dmean2": 0.247466519475, "max": 9.82876491547, "dmean": 0.166873648763}, "zerocrossingrate": {"dvar": 5.2053557738e-05, "mean": 0.0297710634768, "min": 0.0029296875, "median": 0.01513671875, "dvar2": 8.98217767826e-05, "var": 0.0065634814091, "dmean2": 0.00350334378891, "max": 0.53564453125, "dmean": 0.00270885671489}, "average_loudness": 0.59100574255, "spectral_contrast_coeffs": {"dvar": [0.00125926791225, 0.00117749802303, 0.000726417696569, 0.000457601447124, 0.000259344786173, 0.000196830340428], "mean": [-0.584923863411, -0.6746057868, -0.739637374878, -0.822940528393, -0.840545713902, -0.809159874916], "min": [-0.977332115173, -0.982240855694, -0.98162317276, -0.972499072552, -0.967574775219, -0.967005372047], "median": [-0.584792613983, -0.67647922039, -0.738098740578, -0.83170157671, -0.852710366249, -0.819479286671], "dvar2": [0.00317229377106, 0.00315053761005, 0.00183252536226, 0.00114460813347, 0.000554386293516, 0.000440936739324], "var": [0.0108351083472, 0.00709623098373, 0.00433368561789, 0.0030546374619, 0.00248530856334, 0.0024497974664], "dmean2": [0.0648704618216, 0.0644778162241, 0.0528489872813, 0.0422619916499, 0.0277574006468, 0.0236446894705], "max": [-0.254008978605, -0.359272122383, -0.466329336166, -0.522219479084, -0.594726085663, -0.617432117462], "dmean": [0.0405782833695, 0.0400555953383, 0.0324473157525, 0.0258281584829, 0.0174872130156, 0.0151465348899]}, "barkbands_flatness_db": {"dvar": 0.000333992647938, "mean": 0.306158453226, "min": 0.0131107009947, "median": 0.31265977025, "dvar2": 0.00069519149838, "var": 0.00429957965389, "dmean2": 0.02857908234, "max": 0.511077225208, "dmean": 0.0192376337945}, "silence_rate_30dB": {"dvar": 0.0151874469593, "mean": 0.974760472775, "min": 0, "median": 1, "dvar2": 0.0371461026371, "var": 0.0246035140008, "dmean2": 0.0308555401862, "max": 1, "dmean": 0.0154259670526}, "spectral_energyband_high": {"dvar": 1.50507890595e-08, "mean": 3.15917168336e-05, "min": 6.94597615969e-21, "median": 1.16762396374e-06, "dvar2": 2.5101860146e-08, "var": 4.68324614644e-08, "dmean2": 2.10862381209e-05, "max": 0.00571188749745, "dmean": 1.59660758072e-05}, "melbands_flatness_db": {"dvar": 0.000437198206782, "mean": 0.402300715446, "min": 0.00247941166162, "median": 0.41407880187, "dvar2": 0.000800969195552, "var": 0.0090944590047, "dmean2": 0.0293295271695, "max": 0.658516645432, "dmean": 0.0206093136221}, "barkbands": {"dvar": [1.18597078824e-08, 7.81169364927e-05, 2.71015287581e-05, 4.2503743316e-06, 1.85499902727e-05, 2.83041554212e-05, 4.15864906245e-06, 1.97763120013e-06, 2.17351157517e-06, 1.13610462904e-06, 7.18619617146e-08, 2.33077045664e-07, 1.87851014744e-07, 2.78742469106e-08, 4.53120119204e-09, 4.47766657086e-10, 1.29909938362e-09, 4.16339052123e-09, 4.28104995898e-10, 9.46534933766e-11, 1.16491305491e-09, 2.29199614843e-09, 1.19869769666e-09, 5.4049092979e-10, 3.99625194047e-11, 6.6235818913e-12, 3.71350038783e-18], "mean": [6.6204011091e-05, 0.00656247930601, 0.00338665652089, 0.00197911355644, 0.00655443547294, 0.00418629962951, 0.00182347733062, 0.000738108414225, 0.000767474411987, 0.000333106931066, 0.000161551681231, 0.000169651742908, 0.000141048672958, 4.97746295878e-05, 1.69409504451e-05, 1.22435221783e-05, 1.5169690414e-05, 2.30511413974e-05, 9.16326189326e-06, 2.95975883091e-06, 5.46605224372e-06, 1.09607508421e-05, 7.3454766607e-06, 4.08164578403e-06, 1.75499724264e-06, 6.4646184228e-07, 8.60048809948e-10], "min": [1.59778278978e-25, 1.81570024073e-24, 7.25087220275e-25, 3.06275788794e-25, 5.71100072741e-24, 4.77081066258e-24, 4.75510207538e-24, 2.69094062622e-24, 8.67440681054e-24, 1.11668735829e-23, 1.16422498418e-23, 1.10484766051e-23, 2.44413247581e-23, 1.22051920278e-23, 3.27363454824e-23, 6.17424012468e-23, 4.57683655019e-23, 7.53835354811e-23, 8.35553266657e-23, 1.61676184244e-22, 2.19237875129e-22, 3.14238563787e-22, 3.51233035286e-22, 5.19301706544e-22, 8.05536995617e-22, 1.26473795201e-21, 1.78138514792e-21], "median": [2.42816240643e-05, 0.00105409370735, 0.00100052985363, 0.0005490523763, 0.00434283539653, 0.00138004100882, 0.000858139130287, 0.000110832945211, 0.00034280717955, 7.49013415771e-05, 4.74027219752e-05, 1.54359877342e-05, 1.05106882984e-05, 4.24527024734e-06, 2.79218261312e-06, 1.91832714336e-06, 1.25766950987e-06, 1.26976442516e-06, 7.41369603929e-07, 4.20383344135e-07, 2.88308399377e-07, 1.9991725253e-07, 1.33767485977e-07, 1.08312626423e-07, 9.16106159821e-08, 7.00698876699e-08, 2.7725166607e-10], "dvar2": [3.23100195487e-08, 0.000149849205627, 5.65479494981e-05, 1.10484870675e-05, 4.94744053867e-05, 7.5548159657e-05, 8.84555356606e-06, 3.55081078851e-06, 3.96438872485e-06, 2.74502167485e-06, 1.40882605137e-07, 3.71468729554e-07, 3.48956660901e-07, 5.86506274658e-08, 7.8226563005e-09, 8.12246159221e-10, 2.45146281053e-09, 7.18089809837e-09, 7.64452223745e-10, 2.3240696867e-10, 2.46834042095e-09, 4.79625583694e-09, 2.30206564922e-09, 8.85698958619e-10, 5.50556371326e-11, 8.95175773785e-12, 1.1884879756e-17], "var": [1.71190421838e-08, 0.000267911556875, 5.4706219089e-05, 1.33421772261e-05, 5.63001849514e-05, 7.30587053113e-05, 1.37462538987e-05, 5.3414296417e-06, 4.57156738776e-06, 2.69637394013e-06, 3.32775101697e-07, 1.30921011987e-06, 7.74325485509e-07, 7.49436210867e-08, 1.14540599228e-08, 2.84001666628e-09, 4.26614876758e-09, 1.3817494704e-08, 1.56462653944e-09, 1.49694076579e-10, 2.20542606399e-09, 5.35042454786e-09, 3.14072856611e-09, 1.4022221162e-09, 1.36420985619e-10, 2.34990516629e-11, 2.91697053929e-18], "dmean2": [8.18377229734e-05, 0.00371000147425, 0.00252143503167, 0.00146663433407, 0.00383023079485, 0.00337373721413, 0.00108043209184, 0.000518236076459, 0.000469887803774, 0.000282811000943, 0.000109398235509, 0.00010270884377, 9.41708494793e-05, 4.38141760242e-05, 1.50605492308e-05, 7.8538150774e-06, 1.11879835458e-05, 1.56206624524e-05, 7.07051367499e-06, 2.54448059422e-06, 5.12930728291e-06, 9.49553395913e-06, 6.27008512311e-06, 3.20283766087e-06, 1.13723172035e-06, 4.43259466465e-07, 1.96681892994e-09], "max": [0.00273798732087, 0.215883374214, 0.0991574600339, 0.0383862368762, 0.0944571197033, 0.125769242644, 0.0810745730996, 0.06260497123, 0.108856327832, 0.0423509031534, 0.0116781610996, 0.038597304374, 0.0162958670408, 0.00605951016769, 0.0043664611876, 0.00126806006301, 0.00138136057649, 0.00310210161842, 0.000883742410224, 0.000483128213091, 0.00178910873365, 0.00202519516461, 0.00210328493267, 0.00133838667534, 0.000366452615708, 0.000151775864651, 2.87196488813e-08], "dmean": [5.00310743519e-05, 0.00263920007274, 0.00170788506512, 0.000930746202357, 0.00251408223994, 0.00210682721809, 0.000766437035054, 0.000380222423701, 0.000326404318912, 0.000182016083272, 7.57557718316e-05, 7.61130140745e-05, 7.11919929017e-05, 2.95426307275e-05, 1.00569986898e-05, 5.46827459402e-06, 7.87289263826e-06, 1.12656252895e-05, 4.79947584608e-06, 1.67468419932e-06, 3.57224917025e-06, 6.45047384751e-06, 4.38066444985e-06, 2.47085154115e-06, 8.90321928182e-07, 3.3656996834e-07, 1.06308928327e-09]}, "erbbands_spread": {"dvar": 32.1225700378, "mean": 13.4530105591, "min": 1.13932180405, "median": 10.446811676, "dvar2": 57.7174797058, "var": 155.011352539, "dmean2": 4.27689599991, "max": 129.270935059, "dmean": 2.97856831551}, "barkbands_kurtosis": {"dvar": 34.2512130737, "mean": 7.24272871017, "min": -1.49128687382, "median": 4.16356563568, "dvar2": 80.9088592529, "var": 88.468170166, "dmean2": 5.07614564896, "max": 158.494293213, "dmean": 3.34974575043}, "spectral_flux": {"dvar": 0.000654469709843, "mean": 0.0520461276174, "min": 6.20136858531e-11, "median": 0.0398060418665, "dvar2": 0.00169853284024, "var": 0.00165713694878, "dmean2": 0.0322929508984, "max": 0.312939852476, "dmean": 0.0196889303625}, "silence_rate_20dB": {"dvar": 0, "mean": 1, "min": 1, "median": 1, "dvar2": 0, "var": 0, "dmean2": 0, "max": 1, "dmean": 0}, "gfcc": {"cov": [[32446.9414062, 4236.16357422, -2420.93408203, 803.991088867, -1980.37976074, 10.9641590118, -1072.58178711, -140.889038086, -479.010345459, -326.996551514, -236.886917114, 80.2541809082, -372.994842529], [4236.16357422, 1829.02197266, -213.971389771, -276.387329102, 3.19447898865, -109.237411499, 17.6153736115, -19.0031967163, -41.6999816895, -97.6787414551, 45.2002830505, -97.1373901367, 72.717880249], [-2420.93408203, -213.971389771, 602.142272949, 35.6787261963, 243.411956787, 94.011390686, 167.992431641, 56.3782958984, 77.9739303589, 83.1768722534, 38.3335342407, 10.2927789688, 64.3876190186], [803.991088867, -276.387329102, 35.6787261963, 409.301025391, -61.3118438721, 77.5648040771, -19.0030727386, -20.3351268768, 86.2620239258, 5.28457164764, 6.43501186371, 28.7028903961, -34.7203330994], [-1980.37976074, 3.19447898865, 243.411956787, -61.3118438721, 403.321105957, 48.8819923401, 149.073410034, 53.0673179626, 67.4755859375, 44.930606842, 62.7676963806, -16.9857215881, 58.024433136], [10.9641590118, -109.237411499, 94.011390686, 77.5648040771, 48.8819923401, 193.283203125, 81.5044174194, 47.3549423218, 29.8140945435, 46.7232055664, 39.7685928345, 19.5765190125, 0.657608389854], [-1072.58178711, 17.6153736115, 167.992431641, -19.0030727386, 149.073410034, 81.5044174194, 196.414886475, 58.7165184021, 44.6835784912, 22.6742324829, 51.2965316772, 1.79538154602, 26.0649433136], [-140.889038086, -19.0031967163, 56.3782958984, -20.3351268768, 53.0673179626, 47.3549423218, 58.7165184021, 111.676727295, 2.68014907837, 25.1051540375, 6.35998392105, 13.1139879227, 9.23518276215], [-479.010345459, -41.6999816895, 77.9739303589, 86.2620239258, 67.4755859375, 29.8140945435, 44.6835784912, 2.68014907837, 134.559371948, 22.6268978119, 21.0047149658, -9.01960468292, 5.25867891312], [-326.996551514, -97.6787414551, 83.1768722534, 5.28457164764, 44.930606842, 46.7232055664, 22.6742324829, 25.1051540375, 22.6268978119, 112.989181519, 22.8046131134, 4.236784935, 12.02775383], [-236.886917114, 45.2002830505, 38.3335342407, 6.43501186371, 62.7676963806, 39.7685928345, 51.2965316772, 6.35998392105, 21.0047149658, 22.8046131134, 98.5487442017, 9.1659154892, -0.951905786991], [80.2541809082, -97.1373901367, 10.2927789688, 28.7028903961, -16.9857215881, 19.5765190125, 1.79538154602, 13.1139879227, -9.01960468292, 4.236784935, 9.1659154892, 76.2942733765, 8.25547218323], [-372.994842529, 72.717880249, 64.3876190186, -34.7203330994, 58.024433136, 0.657608389854, 26.0649433136, 9.23518276215, 5.25867891312, 12.02775383, -0.951905786991, 8.25547218323, 87.978187561]], "mean": [-164.82434082, 185.693389893, -67.3478775024, 4.31765842438, -58.580581665, -6.39415836334, -29.7116260529, -3.73453497887, -18.1695976257, -10.0801029205, -8.90598106384, -3.19988131523, -3.88779592514], "icov": [[0.000327301590005, -0.00105897663161, 0.000543682894204, -0.00114317517728, 0.00058465480106, -0.000866029586177, 0.000994075089693, -0.000565777649172, 0.000723611796275, -0.000616886536591, 0.000720378709957, -0.000978091848083, 0.000940291327424], [-0.00105897663161, 0.00421299226582, -0.00148365786299, 0.00406697019935, -0.00169500184711, 0.00294648995623, -0.00337203592062, 0.00168598245364, -0.00244312523864, 0.00263036554679, -0.00314475758933, 0.00418020226061, -0.00400297250599], [0.000543682894204, -0.00148365786299, 0.00379102490842, -0.0022225882858, 1.14958857012e-05, -0.00146767450497, 2.0013815174e-06, -0.000745176337659, 0.00100564933382, -0.0021568716038, 0.00173053366598, -0.00163801817689, 0.000367897213437], [-0.00114317517728, 0.00406697019935, -0.0022225882858, 0.00794308260083, -0.00125855836086, 0.00135498738382, -0.00243947235867, 0.00262791104615, -0.00535590341315, 0.00312379747629, -0.00274795480072, 0.00246916548349, -0.00254838075489], [0.00058465480106, -0.00169500184711, 1.14958857012e-05, -0.00125855836086, 0.00566723011434, -0.00118346430827, 0.000234213206568, -0.00180162116885, -2.00193917408e-05, -0.000985720544122, -0.000617929850705, -0.000296591635561, -7.74287400418e-05], [-0.000866029586177, 0.00294648995623, -0.00146767450497, 0.00135498738382, -0.00118346430827, 0.0105839641765, -0.00547494040802, -0.000360298494343, -0.00125877186656, -0.000571459531784, -0.00341069092974, 0.00209476542659, -0.0022169961594], [0.000994075089693, -0.00337203592062, 2.0013815174e-06, -0.00243947235867, 0.000234213206568, -0.00547494040802, 0.0138331269845, -0.00479076476768, 0.000411984394304, 0.000416779541411, -0.000651856302284, -0.00263173156418, 0.0024868035689], [-0.000565777649172, 0.00168598245364, -0.000745176337659, 0.00262791104615, -0.00180162116885, -0.00036029849