{"lowlevel": {"spectral_strongpeak": {"max": 13.4372959137, "dmean": 0.909372329712, "dvar2": 3.52353906631, "dmean2": 1.47590112686, "var": 4.39662027359, "median": 1.47071456909, "min": 0, "dvar": 1.4862165451, "mean": 2.11935710907}, "barkbands_flatness_db": {"max": 0.376827776432, "dmean": 0.015687013045, "dvar2": 0.000489739119075, "dmean2": 0.0233706776053, "var": 0.00187558238395, "median": 0.144971489906, "min": 0.0404778271914, "dvar": 0.000246257724939, "mean": 0.152013853192}, "barkbands_skewness": {"max": 9.4477481842, "dmean": 0.374909907579, "dvar2": 0.415450572968, "dmean2": 0.554274857044, "var": 1.30464017391, "median": 0.555032908916, "min": -2.34004640579, "dvar": 0.187859654427, "mean": 0.642537236214}, "spectral_energyband_middle_high": {"max": 0.0451249666512, "dmean": 0.0020468106959, "dvar2": 1.4806715626e-05, "dmean2": 0.00284217880107, "var": 6.05206732871e-05, "median": 0.00639772322029, "min": 1.2258100771e-21, "dvar": 7.54556594984e-06, "mean": 0.00846789777279}, "erbbands_kurtosis": {"max": 52.9412002563, "dmean": 1.06227564812, "dvar2": 6.38397836685, "dmean2": 1.65045881271, "var": 11.9176683426, "median": 0.23113656044, "min": -1.83327376842, "dvar": 2.70887899399, "mean": 1.09270608425}, "erbbands_crest": {"max": 32.5400695801, "dmean": 2.91425275803, "dvar2": 18.4970359802, "dmean2": 4.63517141342, "var": 28.9920101166, "median": 10.6066513062, "min": 2.36961483955, "dvar": 7.41359806061, "mean": 11.7454452515}, "dynamic_complexity": 3.6012237072, "barkbands_crest": {"max": 26.0629673004, "dmean": 2.29900622368, "dvar2": 11.4778995514, "dmean2": 3.71306920052, "var": 17.4680919647, "median": 8.24340820312, "min": 2.36748743057, "dvar": 4.72383546829, "mean": 9.26545906067}, "dissonance": {"max": 0.499999940395, "dmean": 0.0218172799796, "dvar2": 0.00121628073975, "dmean2": 0.0370324999094, "var": 0.000996335642412, "median": 0.465055167675, "min": 0.23154258728, "dvar": 0.00043767230818, "mean": 0.45756149292}, "spectral_energyband_low": {"max": 0.0288249421865, "dmean": 0.000778525893111, "dvar2": 4.84497877551e-06, "dmean2": 0.00123119610362, "var": 4.55114422948e-06, "median": 0.00102186668664, "min": 1.67818908429e-23, "dvar": 1.96782275452e-06, "mean": 0.00167026941199}, "spectral_contrast_coeffs": {"max": [-0.352759808302, -0.367572069168, -0.416064023972, -0.477101773024, -0.516758918762, -0.646799325943], "dmean": [0.0456261336803, 0.0442105680704, 0.0381510294974, 0.0311107933521, 0.0251185707748, 0.0170484352857], "dvar2": [0.00382016808726, 0.0033737514168, 0.00242176745087, 0.00158283009659, 0.00100403593387, 0.000480980263092], "dmean2": [0.0758348330855, 0.0719942972064, 0.0606632754207, 0.04818553105, 0.0372881740332, 0.0260958243161], "var": [0.00624813325703, 0.00713171809912, 0.00659138336778, 0.0059358435683, 0.00559474388137, 0.00197667465545], "median": [-0.669979870319, -0.722510933876, -0.720071196556, -0.748295009136, -0.734250187874, -0.756068587303], "min": [-0.982572436333, -0.997026741505, -0.99859970808, -0.98851287365, -0.98914450407, -0.964883863926], "dvar": [0.00142480782233, 0.00132668961305, 0.000996260670945, 0.000735968234949, 0.000559573119972, 0.000220150919631], "mean": [-0.671118021011, -0.716833293438, -0.718603789806, -0.744019448757, -0.733817577362, -0.761820197105]}, "silence_rate_60dB": {"max": 1, "dmean": 0.0206964053214, "dvar2": 0.0444356426597, "dmean2": 0.0413985997438, "var": 0.096075579524, "median": 0, "min": 0, "dvar": 0.0202670544386, "mean": 0.107662193477}, "mfcc": {"icov": [[0.000160923387739, -0.000130598142277, 0.000289573334157, -0.000206480384804, 0.00025425478816, -0.000270213757176, 0.000316097924951, -0.000233479600865, 0.000185896424227, -0.000192091683857, 0.00024930408108, 1.12477000584e-05, 0.000168653656146], [-0.000130598142277, 0.00117248250172, -0.00030841116677, -0.000169345003087, 0.000317479891237, 2.46897379839e-05, -0.000548332580365, 0.000268259784207, 8.2885104348e-05, -0.000403979705879, 0.00020623941964, -0.000507859571371, -0.000229695855523], [0.000289573334157, -0.00030841116677, 0.00219505908899, -0.000361412792699, 0.000795642379671, -0.00104450294748, 0.000724516925402, -0.000463634583866, -0.000883594679181, 0.000630732334685, 6.2979037466e-05, -0.000611197028775, 0.00106796436012], [-0.000206480384804, -0.000169345003087, -0.000361412792699, 0.00478055747226, -0.00244618207216, 0.00200244528241, -0.000940241501667, -0.000309465860482, -0.000395706796553, 0.00059616274666, 0.000399265845772, 0.000490356935188, -0.000685623264872], [0.00025425478816, 0.000317479891237, 0.000795642379671, -0.00244618207216, 0.00595399923623, -0.00148986966815, 0.00127528305165, -0.00153617793694, -0.000435749185272, -0.00121770752594, 0.000798572553322, -0.00169947149698, 0.00139797118027], [-0.000270213757176, 2.46897379839e-05, -0.00104450294748, 0.00200244528241, -0.00148986966815, 0.00678908685222, -0.00287427986041, 0.00195998651907, -0.00226189172827, 0.00273395841941, -0.002994986251, 0.0020941386465, -0.000694623100571], [0.000316097924951, -0.000548332580365, 0.000724516925402, -0.000940241501667, 0.00127528305165, -0.00287427986041, 0.0070987441577, -0.00317585119046, 0.0040724654682, -0.00380491674878, 0.00135517469607, 0.000654395902529, 0.000217981825699], [-0.000233479600865, 0.000268259784207, -0.000463634583866, -0.000309465860482, -0.00153617793694, 0.00195998651907, -0.00317585119046, 0.0122814569622, -0.0040126927197, 0.00308047002181, -0.00095452205278, 0.000196110224351, -0.000600897532422], [0.000185896424227, 8.2885104348e-05, -0.000883594679181, -0.000395706796553, -0.000435749185272, -0.00226189172827, 0.0040724654682, -0.0040126927197, 0.0110457772389, -0.00306240143254, 0.00210173823871, -0.000808543351013, 0.000713127898052], [-0.000192091683857, -0.000403979705879, 0.000630732334685, 0.00059616274666, -0.00121770752594, 0.00273395841941, -0.00380491674878, 0.00308047002181, -0.00306240143254, 0.012218288146, -0.00399935431778, 0.0016971261939, 0.000188580830581], [0.00024930408108, 0.00020623941964, 6.2979037466e-05, 0.000399265845772, 0.000798572553322, -0.002994986251, 0.00135517469607, -0.00095452205278, 0.00210173823871, -0.00399935431778, 0.0118158580735, -0.00239895703271, 0.0016906526871], [1.12477000584e-05, -0.000507859571371, -0.000611197028775, 0.000490356935188, -0.00169947149698, 0.0020941386465, 0.000654395902529, 0.000196110224351, -0.000808543351013, 0.0016971261939, -0.00239895703271, 0.0119790295139, -0.00472524249926], [0.000168653656146, -0.000229695855523, 0.00106796436012, -0.000685623264872, 0.00139797118027, -0.000694623100571, 0.000217981825699, -0.000600897532422, 0.000713127898052, 0.000188580830581, 0.0016906526871, -0.00472524249926, 0.0129223652184]], "cov": [[10971.8740234, 1059.29443359, -1452.30615234, 323.655395508, -252.362609863, -104.721122742, 101.894622803, -2.6092569828, -291.966796875, 181.666473389, -194.623550415, -154.182434082, 15.2064199448], [1059.29443359, 1104.12084961, -43.7740707397, 42.6203269958, -107.606773376, -1.15157222748, 132.163497925, -22.3406105042, -68.9074935913, 63.1575088501, -20.6760082245, 14.3354511261, 30.8186855316], [-1452.30615234, -43.7740707397, 840.860534668, -62.4140205383, -6.86899900436, 114.153831482, -111.479598999, 23.1751346588, 136.491119385, -92.0853805542, 31.9914455414, 42.8283309937, -39.5035171509], [323.655395508, 42.6203269958, -62.4140205383, 334.88458252, 124.84703064, -104.735595703, -4.92640733719, 42.5803833008, 12.1178092957, 1.15123736858, -49.9990653992, 16.4731369019, 14.2661676407], [-252.362609863, -107.606773376, -6.86899900436, 124.84703064, 269.280944824, -19.0981082916, -50.4656829834, 40.5073776245, 53.564781189, -3.55107331276, -14.0307941437, 31.902305603, -8.25345897675], [-104.721122742, -1.15157222748, 114.153831482, -104.735595703, -19.0981082916, 259.293121338, 56.2598457336, -16.5879764557, 17.616941452, -14.0306653976, 52.2503318787, -34.8059425354, -19.6919746399], [101.894622803, 132.163497925, -111.479598999, -4.92640733719, -50.4656829834, 56.2598457336, 282.981079102, 7.5491476059, -90.5872116089, 68.2077331543, 12.0293264389, -46.0769996643, -0.386402517557], [-2.6092569828, -22.3406105042, 23.1751346588, 42.5803833008, 40.5073776245, -16.5879764557, 7.5491476059, 108.767601013, 36.3438682556, -17.0988254547, -10.9987668991, 8.59252548218, 2.46224355698], [-291.966796875, -68.9074935913, 136.491119385, 12.1178092957, 53.564781189, 17.616941452, -90.5872116089, 36.3438682556, 158.822570801, -15.85932827, -7.70773363113, 20.2511253357, -9.80106449127], [181.666473389, 63.1575088501, -92.0853805542, 1.15123736858, -3.55107331276, -14.0306653976, 68.2077331543, -17.0988254547, -15.85932827, 127.303153992, 25.8119945526, -20.7675418854, -7.84615516663], [-194.623550415, -20.6760082245, 31.9914455414, -49.9990653992, -14.0307941437, 52.2503318787, 12.0293264389, -10.9987668991, -7.70773363113, 25.8119945526, 115.545333862, 5.36858177185, -12.6171998978], [-154.182434082, 14.3354511261, 42.8283309937, 16.4731369019, 31.902305603, -34.8059425354, -46.0769996643, 8.59252548218, 20.2511253357, -20.7675418854, 5.36858177185, 118.868888855, 37.4053611755], [15.2064199448, 30.8186855316, -39.5035171509, 14.2661676407, -8.25345897675, -19.6919746399, -0.386402517557, 2.46224355698, -9.80106449127, -7.84615516663, -12.6171998978, 37.4053611755, 97.6955032349]], "mean": [-681.285461426, 134.192977905, -30.2223377228, 24.6877841949, -11.5703706741, -11.6683969498, 4.23630523682, 3.27070474625, -10.4874925613, 10.837852478, -3.2253818512, -2.81234645844, 2.294901371]}, "melbands_spread": {"max": 173.896942139, "dmean": 5.93842840195, "dvar2": 89.7902450562, "dmean2": 8.8127117157, "var": 464.738220215, "median": 27.5137863159, "min": 0.999384284019, "dvar": 44.0920600891, "mean": 31.7255401611}, "barkbands_kurtosis": {"max": 100.7006073, "dmean": 1.47748970985, "dvar2": 30.4401988983, "dmean2": 2.30149126053, "var": 39.2333183289, "median": 0.350041270256, "min": -1.84713721275, "dvar": 12.3406047821, "mean": 2.02868151665}, "spectral_energyband_high": {"max": 0.00332380388863, "dmean": 0.000108683547296, "dvar2": 5.64403208614e-08, "dmean2": 0.000155160727445, "var": 1.12645125228e-07, "median": 0.000170797662577, "min": 6.86678411735e-21, "dvar": 2.74140781187e-08, "mean": 0.000283688510535}, "hfc": {"max": 90.6574935913, "dmean": 4.17509746552, "dvar2": 46.5931892395, "dmean2": 5.55563545227, "var": 261.107696533, "median": 18.9103279114, "min": 1.0650356036e-16, "dvar": 28.7790393829, "mean": 20.860326767}, "spectral_skewness": {"max": 5.77855968475, "dmean": 0.267015248537, "dvar2": 0.164058163762, "dmean2": 0.446844547987, "var": 0.272441655397, "median": 1.34690260887, "min": -0.0772712081671, "dvar": 0.0599510855973, "mean": 1.39529180527}, "erbbands": {"max": [1.24192237854, 4.23167228699, 13.0466585159, 58.5581932068, 56.1792793274, 274.863464355, 149.187255859, 302.787780762, 859.60760498, 1411.74255371, 2150.3527832, 978.246704102, 1031.92114258, 654.75567627, 1113.58007812, 1522.0222168, 963.790893555, 1315.65405273, 2172.27319336, 2001.81994629, 1195.56848145, 690.308166504, 628.640258789, 820.60333252, 380.311004639, 276.248199463, 45.1798706055, 41.7084655762, 11.7535114288, 14.8849868774, 10.6695299149, 7.12312841415, 6.81240081787, 6.85795116425, 1.62306690216, 0.118397951126, 0.0239582844079, 0.00511363940313, 0.000129538981128, 0.000100295044831], "dmean": [0.00572144240141, 0.0891889631748, 0.38113707304, 1.01218938828, 1.60748004913, 1.71271705627, 3.16678357124, 7.48869991302, 9.96076774597, 13.8368844986, 19.2983112335, 17.2307224274, 25.5981769562, 17.4691429138, 17.8127727509, 27.8385276794, 13.083688736, 29.7318477631, 19.8842182159, 18.6675662994, 14.2372894287, 8.52312755585, 11.4320011139, 19.6279144287, 10.2266521454, 8.59101772308, 1.59154069424, 0.870690047741, 0.404148280621, 0.532595813274, 0.285656660795, 0.136580750346, 0.0940436646342, 0.040672659874, 0.0293694883585, 0.00266077439301, 0.000350118643837, 3.99962627853e-05, 2.82757196146e-06, 4.35606216342e-06], "dvar2": [0.000742926844396, 0.059547431767, 1.30762839317, 14.1205511093, 23.2123451233, 38.7202987671, 131.179595947, 402.947296143, 1134.92114258, 3206.7331543, 5937.56298828, 2964.64624023, 5728.80371094, 2825.76416016, 4879.29882812, 9722.21679688, 2089.13183594, 16820.7636719, 8316.81054688, 6372.04931641, 2695.49487305, 1120.87060547, 1329.53491211, 3241.09912109, 456.547271729, 341.868499756, 12.4718751907, 6.17102432251, 0.941757619381, 2.14722394943, 0.55611717701, 0.12383120507, 0.0994706451893, 0.0441081784666, 0.0121796326712, 5.70639458601e-05, 1.15081707008e-06, 3.03024236814e-08, 2.7937518618e-11, 4.80618080057e-11], "dmean2": [0.00913281645626, 0.141130283475, 0.627998113632, 1.64625811577, 2.65108108521, 2.80425238609, 4.8655090332, 11.5514936447, 15.3415298462, 21.3529129028, 28.3416080475, 25.4699707031, 39.0434074402, 26.530834198, 26.4718494415, 42.0822868347, 18.2036476135, 44.6341133118, 28.759727478, 26.3705444336, 19.5722637177, 12.0214443207, 16.2487201691, 28.2352104187, 13.9640359879, 11.8641777039, 2.2909693718, 1.23529052734, 0.573858320713, 0.792960464954, 0.428574115038, 0.204026401043, 0.139917984605, 0.0589636974037, 0.039308603853, 0.00353426998481, 0.000480132992379, 5.6539032812e-05, 3.83081669497e-06, 6.2454273575e-06], "var": [0.000549191609025, 0.06937212497, 1.03780341148, 9.02668952942, 13.9142074585, 34.9152793884, 143.751296997, 512.694274902, 2051.70849609, 4521.6640625, 13905.8017578, 3548.24023438, 6041.03320312, 3974.8671875, 5860.03173828, 12763.3251953, 4996.63427734, 17478.6835938, 17819.5253906, 11228.4091797, 6309.3984375, 2652.78125, 2375.56420898, 5456.17675781, 1592.38806152, 1107.96118164, 30.1611385345, 8.28967952728, 1.49036800861, 2.43199539185, 0.600609600544, 0.131413564086, 0.0854664817452, 0.0319914408028, 0.012981692329, 8.23255177238e-05, 1.34952074404e-06, 2.05180583635e-08, 8.5663504068e-11, 2.01587982418e-10], "median": [0.00465814489871, 0.104669049382, 0.322970569134, 0.700651228428, 1.07627487183, 1.46726155281, 2.47891354561, 7.36904621124, 9.14347648621, 9.35489845276, 10.8313274384, 15.1636648178, 19.9485664368, 13.6853380203, 13.4211034775, 12.1826095581, 7.8303604126, 9.43059158325, 9.1606502533, 7.86857032776, 7.25552749634, 5.68571567535, 8.58227729797, 17.3929157257, 18.5409984589, 13.5542373657, 2.88476133347, 0.836759328842, 0.414415150881, 0.431275010109, 0.311065554619, 0.166122272611, 0.0895406678319, 0.0303806178272, 0.00982667971402, 0.00159123190679, 0.0003098109446, 4.19847056037e-05, 1.29371055664e-05, 2.33189821301e-05], "min": [1.11017770965e-22, 5.82337625105e-22, 9.68752493612e-22, 3.6831965647e-21, 1.70040335816e-20, 1.98213121971e-20, 2.14414892141e-20, 7.56465329727e-20, 9.74006916115e-20, 1.1777294164e-19, 2.72560613028e-19, 2.79468191529e-19, 3.81803616492e-19, 6.92228111868e-19, 8.38658777528e-19, 1.40622461893e-18, 1.17296144395e-18, 1.73044126534e-18, 1.58378938057e-18, 2.13361809149e-18, 3.95244350189e-18, 4.30294432925e-18, 4.3521913542e-18, 5.70372589296e-18, 7.61415452516e-18, 8.62329005706e-18, 8.52243854241e-18, 7.70285227506e-18, 1.24268683456e-17, 1.14461779007e-17, 1.20200112896e-17, 1.02265952132e-17, 9.7937043017e-18, 8.84339868215e-18, 5.82094855269e-18, 4.35154408537e-18, 2.11027981089e-18, 8.33103639329e-19, 2.43007853736e-19, 2.63003869063e-20], "dvar": [0.000353921117494, 0.0247630532831, 0.4720928967, 5.63080978394, 8.91205024719, 18.0637893677, 61.4124412537, 186.909439087, 522.162780762, 1406.66967773, 3155.96362305, 1430.90808105, 2460.19775391, 1270.97119141, 1948.95568848, 4244.87060547, 1184.07019043, 6571.92382812, 3824.21630859, 3425.84667969, 1478.43518066, 542.301330566, 668.263061523, 1666.47509766, 273.29019165, 182.999069214, 6.15285110474, 3.10282874107, 0.473399281502, 1.01870501041, 0.268606245518, 0.0604761727154, 0.0476466119289, 0.0222637727857, 0.0062872027047, 3.25765831803e-05, 5.8665028746e-07, 1.25514647564e-08, 1.4660226158e-11, 2.52387243049e-11], "mean": [0.0109493024647, 0.191761448979, 0.672876834869, 1.58829975128, 2.40618276596, 2.78625297546, 5.96025657654, 14.5313854218, 21.330619812, 27.6116485596, 40.5177192688, 34.2804450989, 48.0068283081, 35.669708252, 38.3525314331, 57.3340797424, 30.5558166504, 58.8807945251, 44.3057785034, 36.5523223877, 33.0762252808, 23.6646308899, 29.0018062592, 45.4516716003, 32.6506195068, 26.8255119324, 4.67606735229, 1.85903871059, 0.870651960373, 1.01524341106, 0.565262258053, 0.281170457602, 0.17451184988, 0.0720894858241, 0.0492951273918, 0.00494595663622, 0.000694160407875, 8.5058833065e-05, 1.35493246489e-05, 2.29900870181e-05]}, "spectral_contrast_valleys": {"max": [-6.23778057098, -4.97685956955, -5.18804597855, -5.81167507172, -5.97099542618, -8.67038345337], "dmean": [0.400378108025, 0.322166383266, 0.272038727999, 0.23369127512, 0.216534823179, 0.29968431592], "dvar2": [0.285794824362, 0.183744192123, 0.143339246511, 0.109267480671, 0.102534390986, 0.21430015564], "dmean2": [0.642073750496, 0.533797502518, 0.441379576921, 0.371995747089, 0.323156237602, 0.396641641855], "var": [6.05488204956, 6.66554689407, 6.41839981079, 6.0981926918, 6.2378821373, 4.47697925568], "median": [-7.81745529175, -6.65512752533, -7.23746109009, -7.85473966599, -7.70213603973, -10.9771957397], "min": [-28.2373657227, -27.813117981, -27.8597888947, -27.750377655, -27.5390148163, -27.420873642], "dvar": [0.129887863994, 0.0817115902901, 0.0659855902195, 0.0544110275805, 0.0583332851529, 0.126070171595], "mean": [-8.26466464996, -7.14156723022, -7.74225091934, -8.37628269196, -8.17296504974, -11.3513212204]}, "average_loudness": 0.909429073334, "erbbands_spread": {"max": 108.784690857, "dmean": 4.93310070038, "dvar2": 64.8445510864, "dmean2": 7.33879423141, "var": 166.623672485, "median": 23.8320198059, "min": 2.52946829796, "dvar": 29.6890354156, "mean": 26.0850105286}, "melbands_flatness_db": {"max": 0.499870449305, "dmean": 0.017140224576, "dvar2": 0.000627623870969, "dmean2": 0.0253006704152, "var": 0.00342951575294, "median": 0.181594476104, "min": -4.0554567704e-07, "dvar": 0.000327033369103, "mean": 0.19002135098}, "barkbands_spread": {"max": 132.49937439, "dmean": 3.70213627815, "dvar2": 35.7066612244, "dmean2": 5.56486988068, "var": 101.012741089, "median": 18.6763477325, "min": 0.948359906673, "dvar": 16.2255439758, "mean": 19.7916126251}, "spectral_decrease": {"max": 6.25144953262e-19, "dmean": 8.61149429543e-10, "dvar2": 2.0490372195e-18, "dmean2": 1.27170984854e-09, "var": 7.15734899496e-18, "median": -4.3701309238e-09, "min": -2.15172821783e-08, "dvar": 1.00420946455e-18, "mean": -4.35225189221e-09}, "melbands_crest": {"max": 36.6035270691, "dmean": 2.95818161964, "dvar2": 19.608133316, "dmean2": 4.78527212143, "var": 29.6550827026, "median": 10.5196743011, "min": 1.00065505505, "dvar": 7.86949205399, "mean": 11.8363523483}, "erbbands_flatness_db": {"max": 0.391062170267, "dmean": 0.0171197205782, "dvar2": 0.000509248464368, "dmean2": 0.02391147241, "var": 0.00219563301653, "median": 0.223615944386, "min": 0.0301880966872, "dvar": 0.000294484925689, "mean": 0.221856877208}, "melbands_kurtosis": {"max": 279.669281006, "dmean": 2.7741754055, "dvar2": 168.157302856, "dmean2": 4.32303714752, "var": 130.801757812, "median": 1.72449541092, "min": -1.81631016731, "dvar": 64.6188201904, "mean": 4.9328827858}, "spectral_rms": {"max": 0.00919466931373, "dmean": 0.00041088485159, "dvar2": 3.54700290472e-07, "dmean2": 0.00058943987824, "var": 2.45527871812e-06, "median": 0.00425066612661, "min": 3.11579906841e-12, "dvar": 1.91586778442e-07, "mean": 0.0039263763465}, "melbands_skewness": {"max": 15.1264953613, "dmean": 0.442994505167, "dvar2": 0.689152479172, "dmean2": 0.660507321358, "var": 1.57049500942, "median": 1.08623349667, "min": -1.58545148373, "dvar": 0.297991991043, "mean": 1.29664087296}, "barkbands": {"max": [0.00269714882597, 0.0221182182431, 0.0158859789371, 0.0225927829742, 0.0452711619437, 0.0301105380058, 0.048457685858, 0.0797172412276, 0.0403190888464, 0.0250703431666, 0.0232637189329, 0.0352820828557, 0.020834306255, 0.0236531198025, 0.0344593897462, 0.0276759304106, 0.0131437880918, 0.0145765282214, 0.0123122232035, 0.00482898438349, 0.000705505895894, 0.000296486745356, 0.000361048063496, 0.000357901182724, 0.000344750325894, 1.58435268531e-05, 1.09311758933e-06], "dmean": [2.47539519478e-05, 0.000331186922267, 0.000384985585697, 0.000470936618512, 0.000483648618683, 0.000779259484261, 0.000678203592543, 0.000942776794545, 0.000761673552915, 0.00083163252566, 0.000373295159079, 0.000627807690762, 0.00030148710357, 0.000601969019044, 0.000449601240689, 0.000289120187517, 0.000206537864869, 0.000330760813085, 0.000280521751847, 0.000194022999494, 2.22412218136e-05, 1.1301851373e-05, 1.34853062264e-05, 5.86277610637e-06, 3.60060994353e-06, 2.55185881315e-07, 8.39691693955e-09], "dvar2": [5.63345192717e-09, 8.92014668352e-07, 1.63988931945e-06, 2.73304067377e-06, 2.04384491553e-06, 3.92111587644e-06, 5.3687763284e-06, 1.22598094094e-05, 5.54186317459e-06, 4.57466330772e-06, 2.55194868259e-06, 4.99159204992e-06, 1.20463016628e-06, 5.68083987673e-06, 3.45466401086e-06, 1.48986907789e-06, 6.51332072721e-07, 9.54414076659e-07, 7.16002546142e-07, 1.67723769096e-07, 2.98871660753e-09, 7.70272901018e-10, 1.30037092205e-09, 2.82380369088e-10, 1.85851126155e-10, 5.64095590985e-13, 1.76914467149e-15], "dmean2": [4.16583789047e-05, 0.000524246657733, 0.000640401500277, 0.000770142825786, 0.000790914229583, 0.00118865165859, 0.00104977516457, 0.00142837187741, 0.00115618400741, 0.00128452095669, 0.000570712611079, 0.00096626143204, 0.000425355043262, 0.000915272161365, 0.00065110513242, 0.00041339857853, 0.000304298155243, 0.0004893229343, 0.000409515952924, 0.000276206643321, 3.23809217662e-05, 1.66425361385e-05, 2.00402537303e-05, 8.69067844178e-06, 4.9563700486e-06, 3.60638551911e-07, 1.35065185702e-08], "var": [4.25288915196e-09, 9.86665327218e-07, 9.76717615231e-07, 1.61649495567e-06, 1.95144980353e-06, 5.6984326875e-06, 9.15756663744e-06, 2.60490269284e-05, 6.40350663161e-06, 5.77507034905e-06, 2.65269204647e-06, 6.97922178006e-06, 2.912107675e-06, 5.73559509576e-06, 5.59686577617e-06, 2.41868451667e-06, 1.31685942506e-06, 1.46517277244e-06, 1.1145997405e-06, 5.22125446878e-07, 4.37167813061e-09, 1.05665520778e-09, 1.50845569369e-09, 2.75948153217e-10, 1.81719028713e-10, 6.86805918127e-13, 7.09583163898e-16], "median": [4.53459870187e-05, 0.000380980956834, 0.000250263983617, 0.000253213394899, 0.00044811546104, 0.000791845843196, 0.00053191895131, 0.000442454766016, 0.000568386225495, 0.000653375405818, 0.000185473501915, 0.000209972611628, 0.00010311245569, 0.000144779944094, 0.000134956120746, 0.000108421590994, 9.97461393126e-05, 0.000190105085494, 0.000277792161796, 0.000282727880403, 2.5768247724e-05, 1.10950368253e-05, 1.23213139887e-05, 6.57915779811e-06, 1.99224905373e-06, 1.87199788115e-07, 6.45986153458e-09], "min": [1.04400396273e-24, 4.56682385427e-24, 8.02467030203e-25, 5.48901398678e-25, 6.47774236728e-24, 7.20208628336e-24, 7.01174361326e-24, 7.59660587726e-24, 9.99358655904e-24, 1.61996736295e-23, 1.73430281152e-23, 3.2984811424e-23, 2.64700194154e-23, 3.60236677139e-23, 3.88948058646e-23, 5.48805735488e-23, 7.15509967681e-23, 4.88520038478e-23, 1.44063419342e-22, 1.81934712892e-22, 2.15780670124e-22, 3.67711493937e-22, 4.36176416357e-22, 6.13745093372e-22, 8.16737507807e-22, 1.31868180057e-21, 1.79999267274e-21], "dvar": [2.7543169967e-09, 3.93231943008e-07, 5.81302117553e-07, 1.08596782411e-06, 8.86068107775e-07, 1.89523393601e-06, 2.56154703493e-06, 6.04385331826e-06, 2.6001034712e-06, 1.98089401238e-06, 1.01212560821e-06, 2.20730862566e-06, 6.98453618497e-07, 2.29334591495e-06, 1.704736178e-06, 8.3789728933e-07, 3.27993291194e-07, 4.5011063321e-07, 3.58382123977e-07, 8.94763019232e-08, 1.44263245794e-09, 3.70211139522e-10, 6.31863283918e-10, 1.37881150941e-10, 9.75734562592e-11, 2.92189747874e-13, 6.53106977442e-16], "mean": [5.09036945004e-05, 0.000704566424247, 0.000606152287219, 0.000657558382954, 0.000851841527037, 0.00156965269707, 0.00136222108267, 0.00192783062812, 0.00141631439328, 0.00158803816885, 0.00070219259942, 0.00126584619284, 0.000617075129412, 0.00108919246122, 0.000830041710287, 0.000528270611539, 0.000478548550745, 0.000724378332961, 0.000656826596241, 0.000574294535909, 4.91003775096e-05, 2.30908099184e-05, 2.60522538156e-05, 1.16706260087e-05, 6.35967444396e-06, 4.763988386e-07, 1.35988402761e-08]}, "spectral_kurtosis": {"max": 58.0469589233, "dmean": 2.46224379539, "dvar2": 18.0136356354, "dmean2": 4.27246522903, "var": 14.1626262665, "median": 4.71535110474, "min": -1.25390338898, "dvar": 6.32166337967, "mean": 5.51288366318}, "erbbands_skewness": {"max": 6.31828784943, "dmean": 0.332097917795, "dvar2": 0.214096471667, "dmean2": 0.498566806316, "var": 1.01887917519, "median": 0.290290623903, "min": -3.33778834343, "dvar": 0.10086402297, "mean": 0.295759081841}, "melbands": {"max": [0.00812196452171, 0.00581932906061, 0.00845275912434, 0.0105884671211, 0.00573063734919, 0.00632347585633, 0.0115873655304, 0.0157840866596, 0.0153276342899, 0.0052597830072, 0.00498468289152, 0.00286192330532, 0.00364463706501, 0.00505467224866, 0.00218905881047, 0.00234381575137, 0.0029432089068, 0.00341286812909, 0.00215693423524, 0.00239722197875, 0.00124708726071, 0.00100774329621, 0.000896771322004, 0.000788895937148, 0.000842751876917, 0.000465664517833, 0.000260180648183, 0.000177747715497, 4.83745388919e-05, 1.43219076563e-05, 2.86632694042e-05, 8.46688544698e-06, 8.00910856924e-06, 1.16700366561e-05, 7.27006499801e-06, 5.3887224567e-06, 4.04722868552e-06, 4.20418564318e-06, 6.68466554998e-06, 5.60202170163e-06], "dmean": [7.10981839802e-05, 0.000168162354385, 0.000188968959264, 0.000109985056042, 9.91086199065e-05, 0.000164014098118, 0.000144862380694, 0.000164737692103, 0.000153612942086, 0.000110689652502, 0.000129047708469, 7.54861102905e-05, 5.47817071492e-05, 8.34113307064e-05, 4.35900728917e-05, 2.90421485261e-05, 6.24423773843e-05, 3.38008539984e-05, 2.79460782622e-05, 2.24328650802e-05, 1.9034367142e-05, 1.11671915874e-05, 1.09563989099e-05, 1.4654207007e-05, 1.82598596439e-05, 9.00459781406e-06, 8.87406622496e-06, 5.31690284333e-06, 1.46675586166e-06, 4.71679186376e-07, 5.35451704309e-07, 2.3973154839e-07, 2.28530538493e-07, 3.75107873651e-07, 1.89707918707e-07, 1.05322421007e-07, 7.9625891658e-08, 7.35454506184e-08, 5.18973273245e-08, 2.91074702119e-08], "dvar2": [5.39597238003e-08, 2.22545097017e-07, 3.73441793045e-07, 1.20481018939e-07, 1.08220064021e-07, 1.72752379513e-07, 2.27608595083e-07, 4.13437874158e-07, 3.38584158044e-07, 1.20459660025e-07, 1.39791609399e-07, 5.71910270253e-08, 5.35399777846e-08, 8.9090249844e-08, 1.53350914189e-08, 1.12269118446e-08, 7.64470939885e-08, 2.55826755335e-08, 1.21488987759e-08, 9.76227720884e-09, 4.95182383986e-09, 2.1807131656e-09, 2.49932430307e-09, 1.70287284273e-09, 3.15588088995e-09, 4.43529796224e-10, 4.00196042971e-10, 1.43955042331e-10, 1.335768475e-11, 1.43002688684e-12, 2.60813636313e-12, 3.77848983655e-13, 4.07146918176e-13, 1.28381094817e-12, 2.63482974588e-13, 8.12047369451e-14, 4.54412915174e-14, 4.88790289439e-14, 7.16028324414e-14, 2.51782339281e-14], "dmean2": [0.000112433066533, 0.000271220516879, 0.000305373716401, 0.000183413663763, 0.00015313870972, 0.000251481746091, 0.000221236332436, 0.000253360543866, 0.000223416558583, 0.000164970871992, 0.000196883484023, 0.000115099908726, 8.23533846415e-05, 0.000128245315864, 6.23391242698e-05, 4.13391790062e-05, 9.46597720031e-05, 4.89106096211e-05, 3.92522597394e-05, 3.16594268952e-05, 2.68795538432e-05, 1.61184343597e-05, 1.64238517755e-05, 2.12897939491e-05, 2.67335271928e-05, 1.25542928799e-05, 1.28866649902e-05, 7.51092420614e-06, 2.19516232391e-06, 7.00566999967e-07, 7.75215085014e-07, 3.5549732047e-07, 3.50068376065e-07, 5.65561094845e-07, 2.91442944444e-07, 1.6145685322e-07, 1.2161162033e-07, 1.11242201228e-07, 7.86298812727e-08, 4.23028865271e-08], "var": [5.11490867439e-08, 2.14859227299e-07, 2.48428506211e-07, 1.01587481538e-07, 1.25632027448e-07, 2.49253957918e-07, 4.238413851e-07, 6.21990977834e-07, 7.58806208978e-07, 1.42583687079e-07, 1.50997948367e-07, 7.98053534368e-08, 5.84322066288e-08, 1.20574455309e-07, 4.32557172303e-08, 2.03895371698e-08, 7.81727180765e-08, 5.30806332222e-08, 1.8298582205e-08, 1.64160471883e-08, 1.04450625926e-08, 3.73417252675e-09, 2.7693043414e-09, 3.10262948666e-09, 4.46184200698e-09, 1.28118016196e-09, 1.03784003613e-09, 4.01905481118e-10, 2.23051525167e-11, 1.97543760863e-12, 3.09288380497e-12, 4.7200166952e-13, 3.93652504257e-13, 1.27479136188e-12, 2.52996056179e-13, 7.09700785011e-14, 4.50049950106e-14, 4.24541281849e-14, 4.82729429888e-14, 1.66006954954e-14], "median": [8.15331732156e-05, 0.00017932272749, 0.000149531289935, 9.41965263337e-05, 8.71636148077e-05, 0.000169418519363, 0.000136697693961, 9.89852051134e-05, 8.50305659696e-05, 8.89412476681e-05, 9.56081639742e-05, 4.28902058047e-05, 3.14956123475e-05, 3.07996451738e-05, 2.06840595638e-05, 1.07254563773e-05, 1.26103404909e-05, 1.0853722415e-05, 8.58794555825e-06, 7.99287226982e-06, 7.5473662946e-06, 5.26545954926e-06, 4.95904259878e-06, 9.13969324756e-06, 1.24195839817e-05, 1.09430184239e-05, 1.26696568259e-05, 7.28858412913e-06, 1.63105733009e-06, 4.86146518597e-07, 3.74008095605e-07, 2.13188485532e-07, 1.96768326077e-07, 2.46138142757e-07, 1.84369810086e-07, 1.13490138176e-07, 8.67160920848e-08, 6.655523066e-08, 3.7754869453e-08, 1.80080661494e-08], "min": [1.37628420614e-24, 9.0578764353e-25, 1.50365033524e-24, 1.54480353234e-24, 6.56472098739e-25, 2.18927498595e-24, 1.51392495271e-24, 1.71035082507e-24, 1.94137288268e-24, 1.61801031738e-24, 1.79925682959e-24, 2.44647006789e-24, 2.05160298077e-24, 2.79659118953e-24, 3.55252977373e-24, 2.28185511014e-24, 2.44898416759e-24, 1.96335981662e-24, 2.61697328065e-24, 1.95162274964e-24, 3.8654432847e-24, 3.20183574186e-24, 3.31141719906e-24, 2.52544214425e-24, 4.06732501769e-24, 3.19366688997e-24, 5.18805457814e-24, 5.18428658403e-24, 3.60525605335e-24, 4.70451124224e-24, 4.42987286796e-24, 5.33874357712e-24, 5.97184547433e-24, 4.99910385311e-24, 6.12504344541e-24, 6.31156921202e-24, 5.03113436688e-24, 5.6847853018e-24, 5.74313339866e-24, 6.4065078331e-24], "dvar": [2.50460381324e-08, 8.34502884572e-08, 1.48809419898e-07, 5.10297226697e-08, 5.11317281848e-08, 8.20064371965e-08, 1.07419857898e-07, 1.80974623731e-07, 1.8124677581e-07, 5.83234793794e-08, 6.04828969131e-08, 2.54557566137e-08, 2.11887378754e-08, 3.88396657058e-08, 8.61732019075e-09, 5.9611457992e-09, 2.99834432838e-08, 1.16331770883e-08, 6.36400354637e-09, 5.54735368752e-09, 2.53556775576e-09, 1.09330433595e-09, 1.06407638256e-09, 9.28016552493e-10, 1.57821389291e-09, 2.58417426346e-10, 2.02577080111e-10, 7.53782106178e-11, 6.23490798921e-12, 6.48420661782e-13, 1.28342106907e-12, 1.77282369557e-13, 1.77147847173e-13, 5.894754628e-13, 1.22495546692e-13, 3.67758395351e-14, 2.19585719101e-14, 2.25125128229e-14, 3.46289057813e-14, 1.23238804551e-14], "mean": [0.000150948122609, 0.000330294278683, 0.000303939450532, 0.000180938310223, 0.000192066378077, 0.000328833266394, 0.000312653253786, 0.000327204936184, 0.000314057979267, 0.000211189253605, 0.000238628665102, 0.000146179605508, 0.000107466519694, 0.000168020880665, 9.4831622846e-05, 5.63426292501e-05, 0.000116865056043, 6.97073846823e-05, 4.97446635563e-05, 4.04309212172e-05, 4.08268788306e-05, 2.48808828474e-05, 2.37657859543e-05, 3.2575437217e-05, 3.76328425773e-05, 2.40703066083e-05, 2.5230960091e-05, 1.52346983668e-05, 3.36882794727e-06, 1.01684543097e-06, 1.01277555586e-06, 4.7024522587e-07, 4.21329218625e-07, 6.63002538204e-07, 3.53043134282e-07, 1.99821045044e-07, 1.5544689802e-07, 1.31614356746e-07, 8.72994050383e-08, 4.77038994973e-08]}, "spectral_centroid": {"max": 11729.9863281, "dmean": 202.865005493, "dvar2": 105008.445312, "dmean2": 289.390625, "var": 1593773.375, "median": 1700.31762695, "min": 180.904754639, "dvar": 58442.90625, "mean": 1803.1595459}, "pitch_salience": {"max": 0.996083974838, "dmean": 0.0629687532783, "dvar2": 0.00799828022718, "dmean2": 0.101561993361, "var": 0.0124945212156, "median": 0.583514094353, "min": 0.116439148784, "dvar": 0.0032448163256, "mean": 0.573863208294}, "gfcc": {"icov": [[0.000293308345135, -0.000672935217153, 0.000968198408373, -0.000867720576935, 0.000854413898196, -0.000645512947813, 0.000327536399709, 8.48830677569e-05, 9.60627294262e-05, 1.06021461761e-05, 0.000303375214571, 4.62741882075e-05, -4.71015191579e-05], [-0.000672935217153, 0.00300944899209, -0.00217805081047, 0.00171281921212, -0.0015328101581, 0.0017803623341, -0.00164404453244, 0.000589087430853, -0.000795620668214, 0.000504781550262, -0.00121139979456, 0.000545050133951, -0.000105592043838], [0.000968198408373, -0.00217805081047, 0.00446932436898, -0.00321548152715, 0.0029138114769, -0.0024123149924, 6.26371911494e-05, 0.000760083901696, -0.000672647729516, -0.000129072723212, 0.00185174576472, -0.00130467582494, -8.37547631818e-05], [-0.000867720576935, 0.00171281921212, -0.00321548152715, 0.00734998146072, -0.00404818309471, 0.00197336357087, 0.00159545417409, -0.00317111006007, 0.00189273315482, 0.000601829669904, -0.000272137956927, 8.88167633093e-05, -4.66683304694e-05], [0.000854413898196, -0.0015328101581, 0.0029138114769, -0.00404818309471, 0.00620706053451, -0.00191599316895, -0.00102274841629, 0.00149375526235, -0.00167743361089, 0.000614987511653, 5.63807516301e-05, 0.000652078830171, -0.000184475909919], [-0.000645512947813, 0.0017803623341, -0.0024123149924, 0.00197336357087, -0.00191599316895, 0.00638164859265, -0.00202601007186, 0.000687702442519, 0.000706663122401, -0.00217221211642, 0.00118757027667, -0.000373753195163, 0.000858663348481], [0.000327536399709, -0.00164404453244, 6.26371911494e-05, 0.00159545417409, -0.00102274841629, -0.00202601007186, 0.00912205316126, -0.00243361573666, 0.00379558792338, -2.94145356747e-05, -0.00231228582561, 0.00199300004169, -0.000213327410165], [8.48830677569e-05, 0.000589087430853, 0.000760083901696, -0.00317111006007, 0.00149375526235, 0.000687702442519, -0.00243361573666, 0.0110197244212, -0.00461502699181, 0.00163768755738, 0.000214396379306, -0.000377735093934, -0.000100586054032], [9.60627294262e-05, -0.000795620668214, -0.000672647729516, 0.00189273315482, -0.00167743361089, 0.000706663122401, 0.00379558792338, -0.00461502699181, 0.0101492451504, -0.00264360313304, 0.000683933787514, 0.000140782794915, -0.000944062194321], [1.06021461761e-05, 0.000504781550262, -0.000129072723212, 0.000601829669904, 0.000614987511653, -0.00217221211642, -2.94145356747e-05, 0.00163768755738, -0.00264360313304, 0.0118327625096, -0.00193513149861, -0.000639988109469, 0.00180481222924], [0.000303375214571, -0.00121139979456, 0.00185174576472, -0.000272137956927, 5.63807516301e-05, 0.00118757027667, -0.00231228582561, 0.000214396379306, 0.000683933787514, -0.00193513149861, 0.0090939598158, -0.000816080253571, -0.000785503769293], [4.62741882075e-05, 0.000545050133951, -0.00130467582494, 8.88167633093e-05, 0.000652078830171, -0.000373753195163, 0.00199300004169, -0.000377735093934, 0.000140782794915, -0.000639988109469, -0.000816080253571, 0.0122843170539, -0.00384722161107], [-4.71015191579e-05, -0.000105592043838, -8.37547631818e-05, -4.66683304694e-05, -0.000184475909919, 0.000858663348481, -0.000213327410165, -0.000100586054032, -0.000944062194321, 0.00180481222924, -0.000785503769293, -0.00384722161107, 0.0122026121244]], "cov": [[26173.40625, 1933.50915527, -3815.05834961, 668.756530762, -1065.65429688, -65.7440338135, -488.479675293, -12.2990055084, -540.13848877, -271.877502441, 3.71164107323, -494.786499023, -83.3265991211], [1933.50915527, 866.25982666, -126.079193115, -43.9740066528, -11.8132448196, -76.5542984009, 119.217414856, -42.1484489441, -26.378112793, -39.1758651733, 104.39932251, -73.3617095947, 8.21522140503], [-3815.05834961, -126.079193115, 1180.39794922, 20.9524536133, 9.50150585175, 135.615371704, 28.8617210388, 0.604819238186, 104.12109375, 52.9389305115, -121.465034485, 144.330932617, 21.386423111], [668.756530762, -43.9740066528, 20.9524536133, 333.617919922, 65.1769866943, -39.4102058411, -87.2140960693, 75.2938156128, 2.26776075363, -45.8303375244, -49.5877418518, 9.48588466644, 13.2276134491], [-1065.65429688, -11.8132448196, 9.50150585175, 65.1769866943, 361.381591797, -8.24620819092, 68.5506896973, 6.14038038254, 29.9885463715, -10.5250291824, 43.8813552856, -22.3090763092, 3.05936408043], [-65.7440338135, -76.5542984009, 135.615371704, -39.4102058411, -8.24620819092, 287.692047119, 43.871723175, -43.9454193115, -31.8525772095, 56.2655029297, -49.6129417419, 9.29981517792, -31.147939682], [-488.479675293, 119.217414856, 28.8617210388, -87.2140960693, 68.5506896973, 43.871723175, 227.167602539, -19.5091362, -57.2219429016, 7.46970033646, 77.3515472412, -36.905292511, -11.4175796509], [-12.2990055084, -42.1484489441, 0.604819238186, 75.2938156128, 6.14038038254, -43.9454193115, -19.5091362, 138.574676514, 53.5998191833, -21.1783123016, -12.2167682648, 8.78166007996, 13.1276550293], [-540.13848877, -26.378112793, 104.12109375, 2.26776075363, 29.9885463715, -31.8525772095, -57.2219429016, 53.5998191833, 169.120040894, 20.4382705688, -23.0557327271, 25.5975666046, 17.1937561035], [-271.877502441, -39.1758651733, 52.9389305115, -45.8303375244, -10.5250291824, 56.2655029297, 7.46970033646, -21.1783123016, 20.4382705688, 112.221618652, 8.62802600861, 10.0976400375, -16.6405086517], [3.71164107323, 104.39932251, -121.465034485, -49.5877418518, 43.8813552856, -49.6129417419, 77.3515472412, -12.2167682648, -23.0557327271, 8.62802600861, 175.649612427, -19.2247447968, 7.4863409996], [-494.786499023, -73.3617095947, 144.330932617, 9.48588466644, -22.3090763092, 9.29981517792, -36.905292511, 8.78166007996, 25.5975666046, 10.0976400375, -19.2247447968, 119.015136719, 33.6900672913], [-83.3265991211, 8.21522140503, 21.386423111, 13.2276134491, 3.05936408043, -31.147939682, -11.4175796509, 13.1276550293, 17.1937561035, -16.6405086517, 7.4863409996, 33.6900672913, 98.9382095337]], "mean": [-63.7197494507, 116.017112732, -157.518508911, 28.6346569061, -63.6622619629, -0.988709628582, -28.3979625702, 10.4694108963, -22.6900558472, -4.67695665359, -1.58817458153, -12.5822896957, -6.87483024597]}, "spectral_flux": {"max": 0.204876050353, "dmean": 0.0193048547953, "dvar2": 0.000967439322267, "dmean2": 0.0309992395341, "var": 0.00138080772012, "median": 0.0675432980061, "min": 6.31011007335e-11, "dvar": 0.000376984011382, "mean": 0.0699601918459}, "zerocrossingrate": {"max": 0.5419921875, "dmean": 0.00663559930399, "dvar2": 0.000104134174762, "dmean2": 0.00776278413832, "var": 0.00328843668103, "median": 0.06201171875, "min": 0.00390625, "dvar": 7.10439126124e-05, "mean": 0.0688844546676}, "spectral_energyband_middle_low": {"max": 0.0804496183991, "dmean": 0.00256074476056, "dvar2": 2.46145427809e-05, "dmean2": 0.00389960105531, "var": 5.70533884456e-05, "median": 0.00683067226782, "min": 1.46323827691e-22, "dvar": 1.15501379696e-05, "mean": 0.00848482269794}, "silence_rate_20dB": {"max": 1, "dmean": 0, "dvar2": 0, "dmean2": 0, "var": 0, "median": 1, "min": 1, "dvar": 0, "mean": 1}, "silence_rate_30dB": {"max": 1, "dmean": 0, "dvar2": 0, "dmean2": 0, "var": 0, "median": 1, "min": 1, "dvar": 0, "mean": 1}, "spectral_entropy": {"max": 9.82359218597, "dmean": 0.137623041868, "dvar2": 0.0346588939428, "dmean2": 0.193386912346, "var": 0.247339993715, "median": 7.23719501495, "min": 5.40110588074, "dvar": 0.020259430632, "mean": 7.22406816483}, "spectral_rolloff": {"max": 19724.4140625, "dmean": 314.859283447, "dvar2": 821799.9375, "dmean2": 518.989013672, "var": 5172877, "median": 1571.92382812, "min": 43.06640625, "dvar": 359400.59375, "mean": 2044.70947266}, "spectral_complexity": {"max": 46, "dmean": 2.2209482193, "dvar2": 11.0773677826