{"tonal": {"hpcp": {"dvar": [0.0632275566459, 0.0450982749462, 0.0326355025172, 0.0369895920157, 0.0367979034781, 0.0323581062257, 0.0400910712779, 0.0383869558573, 0.0420544072986, 0.0493802428246, 0.0482691004872, 0.0336424000561, 0.0277776829898, 0.0360258817673, 0.0412364453077, 0.0463919229805, 0.0331319235265, 0.0227603726089, 0.0307903010398, 0.0382423512638, 0.0561491474509, 0.0580602288246, 0.0404599234462, 0.041175827384, 0.0417904928327, 0.0450176075101, 0.0519480854273, 0.0615680254996, 0.0548854023218, 0.0479514375329, 0.0688126608729, 0.0562397278845, 0.042439173907, 0.0489061363041, 0.0502520687878, 0.0475781224668], "var": [0.106491021812, 0.0521285161376, 0.0210356768221, 0.0246456172317, 0.0270110368729, 0.0348032228649, 0.0534379482269, 0.0393327027559, 0.0355221033096, 0.0733016580343, 0.070055000484, 0.0273754801601, 0.0194046534598, 0.026164598763, 0.06449906528, 0.122409567237, 0.0464496873319, 0.0170976873487, 0.0222331769764, 0.0328503251076, 0.0893081128597, 0.121423237026, 0.0516418032348, 0.0346437729895, 0.0353385806084, 0.0387087501585, 0.0449182726443, 0.0558049865067, 0.048248924315, 0.0487582534552, 0.0917968451977, 0.0638696104288, 0.0329557769001, 0.0363919846714, 0.036399140954, 0.0482045486569], "median": [0.0291742198169, 0.0196602344513, 0.00950802862644, 0.00753009878099, 0.0101252263412, 0.0170868597925, 0.0226941481233, 0.0153929013759, 0.013504775241, 0.02120840922, 0.023455593735, 0.0126701686531, 0.00657000858337, 0.00775117939338, 0.0168604627252, 0.026414476335, 0.0244158972055, 0.00860241428018, 0.00520585244521, 0.0104593094438, 0.028233461082, 0.0464264824986, 0.0394655130804, 0.0186945144087, 0.0135928634554, 0.00871535204351, 0.00718578835949, 0.00733369076625, 0.0060571692884, 0.00749053945765, 0.00935136899352, 0.0110529372469, 0.0109899770468, 0.00715370709077, 0.00899175647646, 0.0248343776911], "max": [1, 1, 1, 1, 1, 1, 1, 1, 1, 1, 1, 1, 1, 1, 1, 1, 1, 1, 1, 1, 1, 1, 1, 1, 1, 1, 1, 1, 1, 1, 1, 1, 1, 1, 1, 1], "dmean": [0.139929011464, 0.118592374027, 0.078648082912, 0.082610450685, 0.0911693498492, 0.0969964340329, 0.110358804464, 0.102898597717, 0.109602555633, 0.136174976826, 0.131653174758, 0.09265807271, 0.0741735622287, 0.0924167260528, 0.117146365345, 0.110049687326, 0.107558853924, 0.0728100314736, 0.0778516083956, 0.106822773814, 0.147897049785, 0.14720030129, 0.134153187275, 0.112417645752, 0.112684488297, 0.114715926349, 0.132722184062, 0.145632311702, 0.131225034595, 0.130529642105, 0.143937155604, 0.137020364404, 0.10969774425, 0.111993901432, 0.118213549256, 0.134437635541], "dmean2": [0.246464520693, 0.210727527738, 0.145934343338, 0.151589468122, 0.165818929672, 0.171715468168, 0.193225711584, 0.185872405767, 0.197889462113, 0.233558401465, 0.225608065724, 0.166498064995, 0.135506525636, 0.167579725385, 0.200697541237, 0.190342724323, 0.188305303454, 0.130916953087, 0.141128957272, 0.190845027566, 0.260112911463, 0.250407278538, 0.228194400668, 0.202320948243, 0.202570155263, 0.208705514669, 0.237371206284, 0.259220451117, 0.234310418367, 0.228799700737, 0.256829708815, 0.242775723338, 0.198878541589, 0.206040114164, 0.218121856451, 0.241304859519], "mean": [0.193544447422, 0.130373463035, 0.0552929677069, 0.0575213059783, 0.0709890574217, 0.101796388626, 0.1258225739, 0.0971306040883, 0.0925031378865, 0.158724948764, 0.150116220117, 0.0770273432136, 0.0526897758245, 0.0668593198061, 0.148041412234, 0.209926739335, 0.132394954562, 0.0550165399909, 0.0556174889207, 0.0848720148206, 0.186778485775, 0.236314311624, 0.148233518004, 0.0927926152945, 0.0948423519731, 0.0942168906331, 0.104619845748, 0.11578887701, 0.103987880051, 0.114023216069, 0.155704647303, 0.131579831243, 0.081901833415, 0.0785791501403, 0.0816096961498, 0.132146850228], "dvar2": [0.150479719043, 0.119867093861, 0.0952516123652, 0.106824293733, 0.103352539241, 0.0853236541152, 0.099565923214, 0.104261994362, 0.122237943113, 0.122549541295, 0.121800422668, 0.0939429849386, 0.0776244699955, 0.0996268168092, 0.105407223105, 0.0998033508658, 0.0855354890227, 0.0624336339533, 0.0843840539455, 0.101567164063, 0.138915911317, 0.125818893313, 0.105106972158, 0.108570761979, 0.111443303525, 0.12017442286, 0.137336701155, 0.15996491909, 0.142438724637, 0.120243363082, 0.153517067432, 0.139799892902, 0.1173838377, 0.137940660119, 0.14389616251, 0.131932258606], "min": [0, 0, 0, 0, 0, 0, 0, 0, 0, 0, 0, 0, 0, 0, 0, 0, 0, 0, 0, 0, 0, 0, 0, 0, 0, 0, 0, 0, 0, 0, 0, 0, 0, 0, 0, 0]}, "key_key": "G", "thpcp": [1, 0.627272725105, 0.392666071653, 0.40133985877, 0.398693114519, 0.442714810371, 0.489978253841, 0.440040558577, 0.482506603003, 0.658887922764, 0.556800067425, 0.346580088139, 0.332519650459, 0.345343858004, 0.559199512005, 0.819012820721, 0.551695168018, 0.233980610967, 0.243410170078, 0.300401002169, 0.430766910315, 0.532437384129, 0.411022931337, 0.391441106796, 0.671668767929, 0.63523966074, 0.32595294714, 0.222964808345, 0.282925397158, 0.626459777355, 0.888336956501, 0.560249388218, 0.232810869813, 0.23535387218, 0.359148859978, 0.790381610394], "chords_key": "A", "tuning_equal_tempered_deviation": 0.077428534627, "tuning_frequency": 439.238189697, "tuning_diatonic_strength": 0.502611875534, "chords_histogram": [2.22777915001, 2.70516037941, 2.386906147, 0.681973159313, 2.04591941833, 1.84132754803, 1.95498979092, 0.318254143, 0.659240722656, 0.545578539371, 0.113662198186, 0.227324396372, 0.772902905941, 0.909297585487, 1.09115707874, 0.681973159313, 0.363719016314, 1.02295970917, 0.636508285999, 6.34235048294, 9.43396186829, 40.6001358032, 22.1641273499, 0.272789269686], "key_strength": 0.611589968204, "key_scale": "major", "chords_strength": {"dvar": 0.000114607144496, "var": 0.00776708964258, "median": 0.476294219494, "max": 0.706308841705, "dmean": 0.0130675956607, "dmean2": 0.0140090091154, "mean": 0.477218985558, "dvar2": 0.000152813197928, "min": 0.22041580081}, "chords_number_rate": 0.00272789271548, "tuning_nontempered_energy_ratio": 0.783156752586, "hpcp_entropy": {"dvar": 0.295987516642, "var": 0.552123427391, "median": 1.9373871088, "max": 4.29049873352, "dmean": 0.653463065624, "dmean2": 1.10362541676, "mean": 1.98229372501, "dvar2": 0.770126700401, "min": 0.0387778691947}, "chords_changes_rate": 0.0720618292689, "chords_scale": "minor"}, "rhythm": {"bpm_histogram_first_peak_spread": {"dvar": 0, "var": 0, "median": 0.076115489006, "max": 0.076115489006, "dmean": 0, "dmean2": 0, "mean": 0.076115489006, "dvar2": 0, "min": 0.076115489006}, "bpm_histogram_first_peak_weight": {"dvar": 0, "var": 0, "median": 0.680851042271, "max": 0.680851042271, "dmean": 0, "dmean2": 0, "mean": 0.680851042271, "dvar2": 0, "min": 0.680851042271}, "bpm_histogram_first_peak_bpm": {"dvar": 0, "var": 0, "median": 157, "max": 157, "dmean": 0, "dmean2": 0, "mean": 157, "dvar2": 0, "min": 157}, "bpm": 155.642959595, "bpm_histogram_second_peak_weight": {"dvar": 0, "var": 0, "median": 0.179883942008, "max": 0.179883942008, "dmean": 0, "dmean2": 0, "mean": 0.179883942008, "dvar2": 0, "min": 0.179883942008}, "beats_loudness": {"dvar": 0.00450257863849, "var": 0.0048660915345, "median": 0.0496161282063, "max": 0.270342469215, "dmean": 0.0760067850351, "dmean2": 0.140747845173, "mean": 0.0731100142002, "dvar2": 0.0129824904725, "min": 2.19870958063e-06}, "beats_loudness_band_ratio": {"dvar": [0.0707666054368, 0.022627774626, 0.0221352148801, 0.00763866584748, 0.00839731283486, 0.00642390968278], "var": [0.122640624642, 0.0246041305363, 0.0419724956155, 0.00618695048615, 0.00721721863374, 0.00553209288046], "median": [0.617895781994, 0.0754607319832, 0.0978302210569, 0.00603591324762, 0.0115197896957, 0.0189903117716], "max": [0.995064258575, 0.877234697342, 0.998424053192, 0.385401666164, 0.354876726866, 0.779469490051], "dmean": [0.390850067139, 0.155263289809, 0.168290615082, 0.0808311253786, 0.0948242694139, 0.0612068548799], "dmean2": [0.674054443836, 0.278105646372, 0.295731455088, 0.151821479201, 0.177286922932, 0.110672995448], "mean": [0.581257462502, 0.133125767112, 0.163335412741, 0.0493517294526, 0.0575869567692, 0.0453974790871], "dvar2": [0.203501358628, 0.0669928193092, 0.0609465651214, 0.0180060714483, 0.0210674032569, 0.0169757157564], "min": [0.000447639991762, 0.000506245705765, 0.000347039836925, 4.98279541716e-06, 2.91675269182e-06, 2.87496677629e-05]}, "bpm_histogram_second_peak_bpm": {"dvar": 0, "var": 0, "median": 152, "max": 152, "dmean": 0, "dmean2": 0, "mean": 152, "dvar2": 0, "min": 152}, "onset_rate": 4.44079494476, "beats_count": 518, "beats_position": [0.545668900013, 1.11455774307, 1.69505667686, 2.26394557953, 2.8444442749, 3.43655323982, 4.01705217361, 4.59755086899, 5.17804956436, 5.75854873657, 6.32743740082, 6.8963265419, 7.45360517502, 8.01088428497, 8.56816291809, 9.07900238037, 9.58984088898, 10.1006803513, 10.5418596268, 10.9830379486, 11.4242172241, 11.8770065308, 12.3297958374, 12.8058052063, 13.2585935593, 13.7113828659, 14.1525621414, 14.5937414169, 14.9768705368, 15.3599996567, 15.7431287766, 16.1262588501, 16.5209980011, 16.9157371521, 17.3104763031, 17.7168254852, 18.0999546051, 18.483083725, 18.877822876, 19.272562027, 19.6905212402, 20.1084804535, 20.5264396667, 20.9327888489, 21.3275279999, 21.7222671509, 22.1170063019, 22.5001354218, 22.8716545105, 23.2547836304, 23.6379127502, 24.0210418701, 24.40417099, 24.7873020172, 25.1704311371, 25.5651702881, 25.948299408, 26.3314285278, 26.7145576477, 27.0976867676, 27.4808158875, 27.8755550385, 28.2586841583, 28.6418132782, 29.0249423981, 29.4080715179, 29.7912006378, 30.1743297577, 30.5574588776, 30.9405899048, 31.3237190247, 31.7184581757, 32.1015853882, 32.4847145081, 32.8794555664, 33.2509727478, 33.6341018677, 34.0172348022, 34.4119720459, 34.7951011658, 35.1782302856, 35.5613594055, 35.9444885254, 36.3276176453, 36.7107467651, 37.093875885, 37.4770050049, 37.8717460632, 38.2548751831, 38.638004303, 39.0211334229, 39.4042625427, 39.7873916626, 40.1705207825, 40.5652618408, 40.9483909607, 41.3315200806, 41.7146492004, 42.0977783203, 42.4809074402, 42.8640365601, 43.2471656799, 43.6302947998, 44.0250320435, 44.4081611633, 44.7912902832, 45.1860313416, 45.5691604614, 45.9522895813, 46.3354187012, 46.718547821, 47.1016769409, 47.4848060608, 47.8679351807, 48.2510643005, 48.6341934204, 49.0173225403, 49.4120635986, 49.7951927185, 50.1783218384, 50.5614509583, 50.9445800781, 51.327709198, 51.7108383179, 52.0939674377, 52.4770965576, 52.871837616, 53.2549667358, 53.6380958557, 54.0212249756, 54.4043540955, 54.7874832153, 55.1706123352, 55.5537414551, 55.936870575, 56.3316078186, 56.726348877, 57.1094779968, 57.4926071167, 57.8757362366, 58.247253418, 58.6303825378, 59.0251235962, 59.4082527161, 59.7913818359, 60.1861228943, 60.5576400757, 60.9407691956, 61.3238983154, 61.7070274353, 62.0901565552, 62.473285675, 62.8564147949, 63.2511558533, 63.6458930969, 64.0174102783, 64.4005432129, 64.7836685181, 65.1784133911, 65.5615386963, 65.9446716309, 66.327796936, 66.7109298706, 67.1056671143, 67.4888000488, 67.871925354, 68.2550582886, 68.6381835938, 69.0213165283, 69.416053772, 69.7991790771, 70.1823120117, 70.5654373169, 70.9601821899, 71.3433074951, 71.7264404297, 72.0979614258, 72.481086731, 72.8642196655, 73.2473449707, 73.6304779053, 74.0252151489, 74.4083404541, 74.7914733887, 75.1745986938, 75.5577316284, 75.9524688721, 76.3239898682, 76.7071151733, 77.0902481079, 77.4849853516, 77.8681182861, 78.2512435913, 78.6343765259, 79.0175018311, 79.4122467041, 79.7953720093, 80.1785049438, 80.561630249, 80.9447631836, 81.3278884888, 81.7110214233, 82.105758667, 82.4772796631, 82.8604049683, 83.2435379028, 83.6382751465, 84.0214080811, 84.4045333862, 84.7876663208, 85.170791626, 85.5539245605, 85.9370498657, 86.3317871094, 86.7149200439, 87.0980453491, 87.4811782837, 87.8643035889, 88.2590484619, 88.6421737671, 89.0253067017, 89.4084320068, 89.7915649414, 90.1746902466, 90.5578231812, 90.9409484863, 91.3240814209, 91.7188186646, 92.1019515991, 92.4850769043, 92.8682098389, 93.251335144, 93.6344680786, 94.0175933838, 94.4123306274, 94.7838516235, 95.1785888672, 95.5617218018, 95.9448471069, 96.33959198, 96.7111129761, 97.0942382812, 97.4773712158, 97.8721084595, 98.2552337646, 98.6383666992, 99.0331039429, 99.4278411865, 99.8109741211, 100.194099426, 100.577232361, 100.960357666, 101.331878662, 101.715011597, 102.098136902, 102.481269836, 102.864395142, 103.247528076, 103.630653381, 104.025398254, 104.40852356, 104.791656494, 105.186393738, 105.557914734, 105.941040039, 106.324172974, 106.718910217, 107.102035522, 107.485168457, 107.868293762, 108.251426697, 108.634559631, 109.017684937, 109.400817871, 109.783943176, 110.17868042, 110.573425293, 110.956550598, 111.339683533, 111.722808838, 112.105941772, 112.489067078, 112.872200012, 113.255325317, 113.638458252, 114.021583557, 114.404716492, 114.787841797, 115.170974731, 115.565711975, 115.960449219, 116.343582153, 116.726707458, 117.109840393, 117.492965698, 117.876098633, 118.259223938, 118.642356873, 119.025482178, 119.397003174, 119.780136108, 120.163261414, 120.557998657, 120.941131592, 121.324264526, 121.71900177, 122.102127075, 122.48526001, 122.868385315, 123.25151825, 123.646255493, 124.017776489, 124.400901794, 124.784034729, 125.178771973, 125.561904907, 125.945030212, 126.328163147, 126.722900391, 127.106025696, 127.48915863, 127.872291565, 128.267028809, 128.650161743, 129.033279419, 129.404800415, 129.799545288, 130.182678223, 130.565795898, 130.960540771, 131.343673706, 131.726806641, 132.109924316, 132.493057251, 132.864578247, 133.25932312, 133.630844116, 134.02557373, 134.408706665, 134.7918396, 135.174957275, 135.55809021, 135.952835083, 136.335968018, 136.719085693, 137.113830566, 137.496963501, 137.880081177, 138.251602173, 138.634735107, 139.017868042, 139.401000977, 139.784118652, 140.178863525, 140.573608398, 140.945129395, 141.32824707, 141.711380005, 142.106124878, 142.500854492, 142.895599365, 143.2787323, 143.661849976, 144.068206787, 144.451339722, 144.834457397, 145.217590332, 145.589111328, 145.960632324, 146.343765259, 146.726898193, 147.098403931, 147.481536865, 147.8646698, 148.259414673, 148.642532349, 149.025665283, 149.408798218, 149.791931152, 150.175048828, 150.558181763, 150.941314697, 151.336044312, 151.719177246, 152.102310181, 152.485443115, 152.86857605, 153.251693726, 153.63482666, 154.017959595, 154.412689209, 154.795822144, 155.178955078, 155.562088013, 155.945205688, 156.328338623, 156.711471558, 157.094604492, 157.477722168, 157.860855103, 158.243988037, 158.63873291, 159.021850586, 159.404983521, 159.799728394, 160.182861328, 160.565979004, 160.949111938, 161.332244873, 161.715377808, 162.098495483, 162.481628418, 162.864761353, 163.247894287, 163.631011963, 164.014144897, 164.397277832, 164.780410767, 165.175140381, 165.558273315, 165.94140625, 166.324539185, 166.719268799, 167.102401733, 167.485534668, 167.868652344, 168.251785278, 168.634918213, 169.018051147, 169.401168823, 169.784301758, 170.167434692, 170.550567627, 170.945297241, 171.328430176, 171.71156311, 172.094696045, 172.477813721, 172.872558594, 173.255691528, 173.638824463, 174.021942139, 174.405075073, 174.788208008, 175.171340942, 175.566070557, 175.949203491, 176.332336426, 176.703857422, 177.098587036, 177.493331909, 177.864852905, 178.24798584, 178.631103516, 179.025848389, 179.408981323, 179.792098999, 180.175231934, 180.558364868, 180.953109741, 181.336227417, 181.719360352, 182.102493286, 182.485626221, 182.857131958, 183.251876831, 183.635009766, 184.006530762, 184.389663696, 184.784393311, 185.179138184, 185.562271118, 185.945388794, 186.328521729, 186.711654663, 187.106384277, 187.489517212, 187.872650146, 188.255783081, 188.638900757, 189.022033691, 189.405166626, 189.799911499, 190.171432495, 190.554550171, 190.937683105, 191.332427979, 191.715545654, 192.098678589, 192.481811523, 192.864944458, 193.259674072, 193.642807007, 194.025939941, 194.420669556, 194.80380249, 195.186935425, 195.558456421, 195.929977417, 196.301498413, 196.673019409, 197.056137085, 197.43927002, 197.845626831, 198.228744507, 198.62348938, 199.018234253, 199.401351929, 199.784484863, 200.179229736, 200.562347412, 200.980316162, 201.398269653, 201.827835083, 202.257415771, 202.686981201, 203.116546631, 203.557723999], "danceability": 1.46325290203, "bpm_histogram_second_peak_spread": {"dvar": 0, "var": 0, "median": 0.0412371754646, "max": 0.0412371754646, "dmean": 0, "dmean2": 0, "mean": 0.0412371754646, "dvar2": 0, "min": 0.0412371754646}}, "lowlevel": {"spectral_flux": {"dvar": 0.0037714370992, "var": 0.0106466570869, "median": 0.0712851807475, "max": 0.507848680019, "dmean": 0.0437585934997, "dmean2": 0.0617126785219, "mean": 0.104104362428, "dvar2": 0.00562770897523, "min": 1.0167024167e-10}, "spectral_rolloff": {"dvar": 1249981.25, "var": 2101315, "median": 452.197265625, "max": 18863.0859375, "dmean": 456.646514893, "dmean2": 753.282226562, "mean": 920.372802734, "dvar2": 2588186.5, "min": 43.06640625}, "barkbands_flatness_db": {"dvar": 0.00144884223118, "var": 0.00741956569254, "median": 0.190289631486, "max": 0.596265733242, "dmean": 0.0364047475159, "dmean2": 0.049890242517, "mean": 0.204843193293, "dvar2": 0.00246972497553, "min": 0.0302454791963}, "spectral_centroid": {"dvar": 160434.640625, "var": 496382.15625, "median": 784.553588867, "max": 10804.2685547, "dmean": 287.377532959, "dmean2": 408.103302002, "mean": 961.917114258, "dvar2": 281627.75, "min": 107.127830505}, "melbands_skewness": {"dvar": 3.96777820587, "var": 10.1193752289, "median": 3.41842532158, "max": 28.3580970764, "dmean": 1.56300151348, "dmean2": 2.25866794586, "mean": 4.22983217239, "dvar2": 7.3574886322, "min": -3.69684505463}, "melbands": {"dvar": [6.28444249742e-05, 0.000155186411575, 3.07740665448e-05, 2.4607531941e-06, 2.07045914635e-07, 1.19167987123e-06, 3.59216613788e-07, 2.92371254318e-07, 2.05867593195e-07, 7.49355635321e-08, 4.67430929518e-08, 3.13130321672e-08, 1.22898260457e-08, 4.61694593668e-09, 4.7494084221e-09, 2.23066409788e-09, 2.48328890784e-09, 1.0970470754e-08, 1.76079806291e-09, 1.05584574417e-09, 1.33490341003e-09, 5.55677559522e-10, 5.11371722745e-10, 1.47182599441e-10, 2.10716832871e-10, 8.72615313341e-11, 1.2433373775e-10, 5.51509254931e-11, 3.48645834425e-11, 8.52279080643e-11, 2.15414752008e-11, 1.76825967063e-11, 1.28195379659e-11, 1.05306579429e-11, 1.67036766363e-11, 6.71034200428e-11, 2.4210532884e-11, 6.27751583354e-12, 6.22493853339e-12, 1.74735031132e-12], "var": [8.12633224996e-05, 0.000150870386278, 1.81285431609e-05, 1.58327543431e-06, 2.40569477228e-07, 1.61690297773e-06, 5.09438848439e-07, 4.44780738462e-07, 2.53142445672e-07, 9.00846544027e-08, 6.24405700478e-08, 3.01207983e-08, 1.32661224228e-08, 5.67544145014e-09, 6.08978956151e-09, 3.90636190062e-09, 3.4984894981e-09, 8.35663360732e-09, 2.87980328473e-09, 1.91910354275e-09, 1.68236902187e-09, 7.52278739302e-10, 7.95095045358e-10, 2.34299746271e-10, 2.00049712906e-10, 1.62346178167e-10, 2.28425459103e-10, 1.08169292967e-10, 6.25373294816e-11, 1.00039587725e-10, 3.69258131017e-11, 2.96980183501e-11, 2.23868128896e-11, 1.91574135028e-11, 2.93373936255e-11, 5.9055170476e-11, 2.70128450858e-11, 9.8551323352e-12, 6.57657522191e-12, 2.30519054366e-12], "median": [0.00103062263224, 0.00202215067111, 0.000576080870815, 0.000278979248833, 0.000157472430146, 0.000149444385897, 0.000144792429637, 8.96798374015e-05, 2.91438173008e-05, 1.38515188155e-05, 7.21911555956e-06, 5.02394595969e-06, 3.33022535415e-06, 1.47426499097e-06, 2.20631682168e-06, 2.07535322261e-06, 1.37847723636e-06, 1.69616930634e-06, 1.66689881098e-06, 2.11105520975e-06, 1.7873625211e-06, 2.49183699452e-06, 2.73047999144e-06, 1.23947086195e-06, 1.30740431814e-06, 1.66116444689e-06, 1.42583257912e-06, 1.11190195184e-06, 6.74034254189e-07, 4.51711059668e-07, 5.93813808791e-07, 7.4350560908e-07, 6.26364908385e-07, 5.10874201609e-07, 5.17432624747e-07, 5.68108987409e-07, 4.7636740419e-07, 2.66389974968e-07, 1.45157486031e-07, 9.47046459032e-08], "max": [0.0554001703858, 0.0807348042727, 0.0367594361305, 0.0152637409046, 0.00484050903469, 0.0181633681059, 0.0130921918899, 0.0109519902617, 0.00944566074759, 0.00681655062363, 0.00341533822939, 0.00267182081006, 0.00140724040102, 0.00175155920442, 0.00120354432147, 0.00090350501705, 0.00132979743648, 0.00120570918079, 0.00083318958059, 0.000527884985786, 0.000638896482997, 0.000329726462951, 0.000285793154035, 0.000162006093888, 0.000191097758943, 0.000128363288241, 0.000227475102292, 0.00011704890494, 7.38239541533e-05, 0.000109891574539, 6.27436456853e-05, 0.000100905177533, 8.79309081938e-05, 8.30914068501e-05, 0.000115397742775, 0.000190864302567, 0.000118130017654, 4.62691896246e-05, 6.41286242171e-05, 2.73560945061e-05], "dmean": [0.003120663343, 0.00462492648512, 0.00178630067967, 0.000583810149692, 0.000245043658651, 0.000497146218549, 0.000292015873129, 0.000238342574448, 0.000147117621964, 8.7818261818e-05, 6.34102107142e-05, 4.49231120001e-05, 3.02015123452e-05, 1.68192291312e-05, 2.14981700992e-05, 1.62277592608e-05, 1.44218947753e-05, 2.31064605032e-05, 1.44660270962e-05, 1.35320160553e-05, 1.28125566334e-05, 1.00469469544e-05, 1.04818782347e-05, 4.50936295238e-06, 4.31369016951e-06, 4.35892570749e-06, 5.08267476107e-06, 3.3372893995e-06, 2.15089517042e-06, 2.44322700382e-06, 1.59981550496e-06, 1.76162473053e-06, 1.44231557897e-06, 1.37633628583e-06, 1.58305545028e-06, 1.85822443655e-06, 1.37570566494e-06, 8.67292897055e-07, 7.01562726135e-07, 4.91396747293e-07], "dmean2": [0.00455409148708, 0.00726536335424, 0.00328280543908, 0.00105027807876, 0.000400108139729, 0.000783346302342, 0.000464300479507, 0.000378599419491, 0.000228324977797, 0.000139822324854, 9.92916175164e-05, 7.40773102734e-05, 4.52529093309e-05, 2.56891853496e-05, 3.41673476214e-05, 2.21275386139e-05, 2.09826794162e-05, 3.94285380025e-05, 2.10832022276e-05, 2.01416441996e-05, 1.90812206711e-05, 1.55684665515e-05, 1.5641337086e-05, 6.35537298876e-06, 6.6771440288e-06, 6.17594423602e-06, 7.26675989426e-06, 4.77904313811e-06, 3.17424246532e-06, 4.08585447076e-06, 2.27129953601e-06, 2.58529280472e-06, 2.16317880586e-06, 2.02831370189e-06, 2.34404592447e-06, 2.9798752621e-06, 2.15107615986e-06, 1.33798630486e-06, 1.14252975436e-06, 7.89197144968e-07], "mean": [0.00396049534902, 0.00537203252316, 0.00153414998204, 0.000580498133786, 0.000341657432728, 0.000591819814872, 0.000418748240918, 0.000343618972693, 0.000178313697688, 0.000105611303297, 7.84726216807e-05, 4.66013407276e-05, 3.27137240674e-05, 2.07262855838e-05, 2.70059426839e-05, 2.25321819016e-05, 1.69098511833e-05, 2.13866533159e-05, 1.98762263608e-05, 2.02798328246e-05, 1.61432035384e-05, 1.37877177622e-05, 1.5029710994e-05, 6.17629530097e-06, 5.21134188602e-06, 6.37343782728e-06, 7.3647629506e-06, 4.96822576679e-06, 3.13860687129e-06, 2.91456808554e-06, 2.30829300563e-06, 2.4952446438e-06, 2.190362693e-06, 2.01812281375e-06, 2.28206181418e-06, 2.57914302892e-06, 1.98893940251e-06, 1.22447386275e-06, 8.80317259089e-07, 6.12542976342e-07], "dvar2": [0.000120272008644, 0.000362912891433, 8.76802150742e-05, 7.03482783138e-06, 5.41138206245e-07, 2.69520410257e-06, 8.8223646344e-07, 6.92622677434e-07, 4.79486516269e-07, 1.83489561323e-07, 9.62307709074e-08, 8.00679273993e-08, 2.88614501187e-08, 1.07147934969e-08, 1.19971081958e-08, 4.59972016031e-09, 5.42156364247e-09, 3.10071648357e-08, 3.64389229901e-09, 2.23512786057e-09, 3.08554914952e-09, 1.39508071761e-09, 1.17666132393e-09, 2.90421048321e-10, 5.30215704675e-10, 1.66418961944e-10, 2.4750157479e-10, 1.03063377277e-10, 6.41624670061e-11, 2.15196749309e-10, 3.8485069298e-11, 3.55698213939e-11, 2.93779965632e-11, 2.34798396004e-11, 3.70570067687e-11, 1.93095331391e-10, 6.53553877683e-11, 1.49752588802e-11, 1.70945011618e-11, 4.46331600151e-12], "min": [1.0102840639e-23, 1.94278186715e-23, 1.60745382019e-23, 2.71124424931e-23, 6.54752066422e-24, 4.79580927024e-24, 1.00613473442e-23, 6.41188825891e-24, 8.37268723581e-24, 1.03302692379e-23, 1.04990760053e-23, 1.38414812385e-23, 7.5474732535e-24, 4.00622261299e-24, 3.01629052936e-24, 2.19224406118e-24, 8.98538840115e-24, 7.69260236081e-24, 6.90997266788e-24, 3.81721508997e-24, 1.01056923711e-23, 1.26618052302e-23, 1.13685679614e-23, 8.54543673e-24, 1.0057746983e-23, 1.46507263095e-23, 1.12697497224e-23, 1.08746179724e-23, 9.31840761001e-24, 1.33196702601e-23, 1.0562478334e-23, 8.40717307914e-24, 8.48649146544e-24, 7.76206708554e-24, 1.06063500444e-23, 7.51484359987e-24, 8.36770636806e-24, 7.23614693067e-24, 9.17904113161e-24, 9.67737008746e-24]}, "spectral_decrease": {"dvar": 1.12737451536e-16, "var": 2.02341255378e-16, "median": -5.35283994907e-09, "max": 7.89723119983e-29, "dmean": 5.41404920895e-09, "dmean2": 7.34395966262e-09, "mean": -1.00251007495e-08, "dvar2": 1.86280557786e-16, "min": -7.50879110001e-08}, "barkbands_kurtosis": {"dvar": 2604.35644531, "var": 4696.37841797, "median": 8.02363872528, "max": 2658.15820312, "dmean": 19.219373703, "dmean2": 28.3032627106, "mean": 24.9483966827, "dvar2": 5195.02392578, "min": -1.90930962563}, "silence_rate_30dB": {"dvar": 0.0631613284349, "var": 0.0869287401438, "median": 1, "max": 1, "dmean": 0.0677580684423, "dmean2": 0.135531544685, "mean": 0.903830826283, "dvar2": 0.117163084447, "min": 0}, "gfcc": {"mean": [-52.859790802, 98.2729568481, -82.3300247192, 49.8431510925, -63.86536026, 7.92070102692, -41.9769668579, 13.8893928528, -13.7455911636, 2.44636750221, -11.5017089844, -1.10281062126, -12.2833490372], "cov": [[13692.6259766, -1993.44287109, -1393.81335449, 649.673828125, -414.347381592, 698.377197266, -494.927581787, 381.285522461, -15.0209970474, 372.568756104, -230.527420044, 201.410430908, -219.287750244], [-1993.44287109, 1844.70812988, -17.4955883026, -297.844177246, 412.376861572, -229.096817017, 317.167053223, -157.263336182, 121.683532715, -200.149612427, 173.382156372, -175.772033691, 144.971633911], [-1393.81335449, -17.4955883026, 1771.06469727, 350.246185303, 190.949691772, 217.162567139, 104.135307312, 25.9410896301, -82.9274139404, -12.4273576736, -43.7332878113, 77.2376403809, -45.7585296631], [649.673828125, -297.844177246, 350.246185303, 682.350341797, 166.585067749, 32.7151069641, -53.2680015564, 62.8815994263, 61.7329406738, -5.68977403641, -13.1820039749, 38.9345436096, 27.5878124237], [-414.347381592, 412.376861572, 190.949691772, 166.585067749, 525.297119141, 125.081809998, 138.621383667, 3.96788573265, 56.5366477966, -22.3664474487, 22.2748279572, -18.6940574646, 57.5684051514], [698.377197266, -229.096817017, 217.162567139, 32.7151069641, 125.081809998, 465.046112061, 118.492218018, 17.22889328, -93.4399108887, 36.0762786865, -39.8009147644, 28.1672210693, 2.22227072716], [-494.927581787, 317.167053223, 104.135307312, -53.2680015564, 138.621383667, 118.492218018, 290.277282715, 25.8750209808, -20.2333068848, -24.5237789154, 27.0864162445, -19.5146884918, 43.1503753662], [381.285522461, -157.263336182, 25.9410896301, 62.8815994263, 3.96788573265, 17.22889328, 25.8750209808, 163.401077271, 45.92603302, 31.0862922668, -20.8697338104, 14.1351661682, -21.7624530792], [-15.0209970474, 121.683532715, -82.9274139404, 61.7329406738, 56.5366477966, -93.4399108887, -20.2333068848, 45.92603302, 213.044418335, 38.4456291199, 35.7543983459, -20.8923168182, 5.26817083359], [372.568756104, -200.149612427, -12.4273576736, -5.68977403641, -22.3664474487, 36.0762786865, -24.5237789154, 31.0862922668, 38.4456291199, 155.311798096, 29.5115242004, 26.4796867371, -29.13422966], [-230.527420044, 173.382156372, -43.7332878113, -13.1820039749, 22.2748279572, -39.8009147644, 27.0864162445, -20.8697338104, 35.7543983459, 29.5115242004, 151.770385742, 20.5224742889, 11.3666133881], [201.410430908, -175.772033691, 77.2376403809, 38.9345436096, -18.6940574646, 28.1672210693, -19.5146884918, 14.1351661682, -20.8923168182, 26.4796867371, 20.5224742889, 126.217941284, 4.48534202576], [-219.287750244, 144.971633911, -45.7585296631, 27.5878124237, 57.5684051514, 2.22227072716, 43.1503753662, -21.7624530792, 5.26817083359, -29.13422966, 11.3666133881, 4.48534202576, 117.745666504]], "icov": [[0.000169043618371, -0.000255348160863, 0.000262532033958, -0.000392295245547, 0.000289276766125, -0.000520006986335, 0.000375622388674, -0.00038499746006, 0.000156659560162, -0.000407004350564, 0.000356166914571, -0.000364098785212, 0.000354496005457], [-0.000255348160863, 0.00296122883447, -0.000785576936323, 0.00202229130082, -0.00215321104042, 0.00223701191135, -0.0022495300509, 0.0020151284989, -0.00147684942931, 0.002954415977, -0.00269263423979, 0.0026318426244, -0.00173647236079], [0.000262532033958, -0.000785576936323, 0.00120885390788, -0.00122992985416, 0.000578083097935, -0.00114335201215, 0.000468044861918, -0.000625099928584, 0.000641251623165, -0.000930852082092, 0.00108991574962, -0.00131395948119, 0.00135182391386], [-0.000392295245547, 0.00202229130082, -0.00122992985416, 0.00378892873414, -0.0022447090596, 0.00189206260256, -0.000749624799937, 0.000776886648964, -0.00146857672371, 0.00259652175009, -0.00208463007584, 0.00170001632068, -0.00226149172522], [0.000289276766125, -0.00215321104042, 0.000578083097935, -0.0022447090596, 0.0044643394649, -0.00255560688674, 0.00068561808439, -0.0010916532483, -2.12368104258e-05, -0.00185908202548, 0.00179662497249, -0.00159510073718, 0.000781199312769], [-0.000520006986335, 0.00223701191135, -0.00114335201215, 0.00189206260256, -0.00255560688674, 0.00566223775968, -0.00325580476783, 0.00198047654703, 0.000345006817952, 0.00105024210643, -0.00120281963609, 0.00178356887773, -0.0016159361694], [0.000375622388674, -0.0022495300509, 0.000468044861918, -0.000749624799937, 0.00068561808439, -0.00325580476783, 0.00755100091919, -0.00385516509414, 0.00176892790478, -0.00140733469743, 0.000372622831492, -0.000819733424578, -0.000358869467163], [-0.00038499746006, 0.0020151284989, -0.000625099928584, 0.000776886648964, -0.0010916532483, 0.00198047654703, -0.00385516509414, 0.00992874614894, -0.00318210455589, 0.00105292419903, 0.000179773691343, 0.000457650428871, 0.000489318859763], [0.000156659560162, -0.00147684942931, 0.000641251623165, -0.00146857672371, -2.12368104258e-05, 0.000345006817952, 0.00176892790478, -0.00318210455589, 0.00786060187966, -0.00341133377515, 7.44920616853e-05, 0.000299249601085, 0.000256496714428], [-0.000407004350564, 0.002954415977, -0.000930852082092, 0.00259652175009, -0.00185908202548, 0.00105024210643, -0.00140733469743, 0.00105292419903, -0.00341133377515, 0.0117409881204, -0.00474322075024, 0.00144149328116, -0.000305469933664], [0.000356166914571, -0.00269263423979, 0.00108991574962, -0.00208463007584, 0.00179662497249, -0.00120281963609, 0.000372622831492, 0.000179773691343, 7.44920616853e-05, -0.00474322075024, 0.0111103914678, -0.00463516451418, 0.00185858097393], [-0.000364098785212, 0.0026318426244, -0.00131395948119, 0.00170001632068, -0.00159510073718, 0.00178356887773, -0.000819733424578, 0.000457650428871, 0.000299249601085, 0.00144149328116, -0.00463516451418, 0.0122569389641, -0.00337239098735], [0.000354496005457, -0.00173647236079, 0.00135182391386, -0.00226149172522, 0.000781199312769, -0.0016159361694, -0.000358869467163, 0.000489318859763, 0.000256496714428, -0.000305469933664, 0.00185858097393, -0.00337239098735, 0.0120787918568]]}, "silence_rate_20dB": {"dvar": 0, "var": 0, "median": 1, "max": 1, "dmean": 0, "dmean2": 0, "mean": 1, "dvar2": 0, "min": 1}, "barkbands_skewness": {"dvar": 3.27086114883, "var": 7.50391197205, "median": 2.39065814018, "max": 29.8447322845, "dmean": 1.28454005718, "dmean2": 1.79257726669, "mean": 3.0686879158, "dvar2": 6.00299882889, "min": -6.12420558929}, "erbbands_skewness": {"dvar": 0.564831614494, "var": 2.22360444069, "median": 0.910318672657, "max": 13.9224052429, "dmean": 0.675815761089, "dmean2": 1.01393830776, "mean": 1.07816135883, "dvar2": 1.18567585945, "min": -7.58746433258}, "spectral_contrast_valleys": {"dvar": [0.229765981436, 0.26227325201, 0.28464230895, 0.260499060154, 0.174925386906, 0.259586185217], "var": [1.51312696934, 1.38747084141, 1.81931352615, 2.05978226662, 2.00975012779, 2.26419711113], "median": [-7.13968658447, -7.19252347946, -8.46939086914, -8.80342388153, -8.18793487549, -10.2579345703], "max": [-5.05775594711, -4.58679580688, -5.07367181778, -5.48898553848, -5.53677129745, -7.45534753799], "dmean": [0.464610487223, 0.508895397186, 0.505813121796, 0.477687716484, 0.396157950163, 0.43859231472], "dmean2": [0.717588126659, 0.778866171837, 0.754140973091, 0.671243786812, 0.512385487556, 0.563165187836], "mean": [-7.4223613739, -7.33838653564, -8.4956073761, -8.85790252686, -8.37390327454, -10.4716205597], "dvar2": [0.438144207001, 0.571449160576, 0.565557003021, 0.529439210892, 0.277917921543, 0.428578734398], "min": [-27.15965271, -27.2010231018, -27.188615799, -27.1915912628, -27.1228408813, -27.3076534271]}, "spectral_strongpeak": {"dvar": 0.284235835075, "var": 0.383988469839, "median": 0.46576577425, "max": 6.172996521, "dmean": 0.376500844955, "dmean2": 0.617221057415, "mean": 0.687761247158, "dvar2": 0.706442773342, "min": 0}, "erbbands_crest": {"dvar": 11.2463321686, "var": 31.2222270966, "median": 9.93138122559, "max": 33.952205658, "dmean": 3.51924777031, "dmean2": 5.75692081451, "mean": 11.3327455521, "dvar2": 27.7644138336, "min": 2.68770647049}, "barkbands_crest": {"dvar": 9.85194396973, "var": 27.2757511139, "median": 12.395980835, "max": 26.9624729156, "dmean": 3.32354044914, "dmean2": 5.07644367218, "mean": 13.0995311737, "dvar2": 19.6753292084, "min": 2.36452317238}, "spectral_energyband_middle_low": {"dvar": 0.000293220946332, "var": 0.000227278855164, "median": 0.00764225237072, "max": 0.136104688048, "dmean": 0.00859358999878, "dmean2": 0.014629249461, "mean": 0.0119547480717, "dvar2": 0.000835087150335, "min": 3.30786063545e-22}, "spectral_contrast_coeffs": {"dvar": [0.00210058945231, 0.00275317649357, 0.00128907721955, 0.0011284587672, 0.000609222974163, 0.000376708107069], "var": [0.00643943250179, 0.00958063453436, 0.00466448813677, 0.00491665489972, 0.00260880077258, 0.00200503482483], "median": [-0.639402329922, -0.67045634985, -0.773472428322, -0.784528553486, -0.790686488152, -0.787904381752], "max": [-0.341776192188, -0.333800822496, -0.445305734873, -0.518046796322, -0.568326532841, -0.593659996986], "dmean": [0.0531663522124, 0.0625376701355, 0.0420963540673, 0.0384383760393, 0.0291524678469, 0.0222120732069], "dmean2": [0.0838870108128, 0.0959653109312, 0.0652209445834, 0.0573907345533, 0.0431298725307, 0.0315708220005], "mean": [-0.631934523582, -0.665641784668, -0.765328526497, -0.777328372002, -0.786309719086, -0.7851780653], "dvar2": [0.00490345666185, 0.00605181884021, 0.00287282280624, 0.00240468000993, 0.00123624748085, 0.000702661636751], "min": [-0.979892015457, -0.970160067081, -0.980881333351, -0.973513662815, -0.963969528675, -0.956256985664]}, "hfc": {"dvar": 155.268325806, "var": 349.762756348, "median": 10.0724658966, "max": 171.101409912, "dmean": 7.44291877747, "dmean2": 10.1127252579, "mean": 15.3753709793, "dvar2": 282.286071777, "min": 1.17249754865e-16}, "spectral_energyband_high": {"dvar": 1.04009757251e-06, "var": 1.7743270746e-06, "median": 0.000219658890273, "max": 0.018067073077, "dmean": 0.000394654547563, "dmean2": 0.000581445929129, "mean": 0.000664542953018, "dvar2": 2.3268194127e-06, "min": 7.57510436888e-21}, "erbbands_spread": {"dvar": 347.044677734, "var": 876.149169922, "median": 40.5489578247, "max": 201.892562866, "dmean": 14.8831720352, "dmean2": 22.6889190674, "mean": 46.1688156128, "dvar2": 764.622253418, "min": 0.244567841291}, "dissonance": {"dvar": 0.000789021083619, "var": 0.00241097109392, "median": 0.451310187578, "max": 0.5, "dmean": 0.027462201193, "dmean2": 0.0442863330245, "mean": 0.438905924559, "dvar2": 0.00192886334844, "min": 0.0983965098858}, "spectral_kurtosis": {"dvar": 65.818145752, "var": 154.170593262, "median": 3.33899641037, "max": 274.9793396, "dmean": 2.97341346741, "dmean2": 4.65217447281, "mean": 5.89760732651, "dvar2": 152.038040161, "min": -1.45327055454}, "spectral_skewness": {"dvar": 0.290946215391, "var": 1.09638738632, "median": 1.49918961525, "max": 14.3201694489, "dmean": 0.375332266092, "dmean2": 0.551670432091, "mean": 1.71514427662, "dvar2": 0.609165728092, "min": -0.63056230545}, "pitch_salience": {"dvar": 0.0106361890212, "var": 0.0214096531272, "median": 0.47604829073, "max": 0.911290466785, "dmean": 0.0943513661623, "dmean2": 0.15035712719, "mean": 0.471774369478, "dvar2": 0.0230239033699, "min": 0.025116564706}, "spectral_complexity": {"dvar": 22.5781230927, "var": 107.300384521, "median": 8, "max": 65, "dmean": 3.21623468399, "dmean2": 4.31768035889, "mean": 11.5831537247, "dvar2": 32.3839149475, "min": 0}, "spectral_spread": {"dvar": 1617213915140.0, "var": 4957114728450.0, "median": 4797891.5, "max": 41570116, "dmean": 969785.125, "dmean2": 1363544.125, "mean": 5327752, "dvar2": 2798982004740.0, "min": 409574.875}, "dynamic_complexity": 3.86308288574, "melbands_crest": {"dvar": 13.0963592529, "var": 35.2848854065, "median": 16.645772934, "max": 36.5235557556, "dmean": 3.79936003685, "dmean2": 6.13208675385, "mean": 17.1955127716, "dvar2": 31.0171794891, "min": 2.79713582993}, "zerocrossingrate": {"dvar": 0.000290749681881, "var": 0.00144146790262, "median": 0.03564453125, "max": 0.51171875, "dmean": 0.0122281257063, "dmean2": 0.0133552001789, "mean": 0.0443047098815, "dvar2": 0.000294773519272, "min": 0.00244140625}, "spectral_energyband_low": {"dvar": 0.00169833132531, "var": 0.00264542782679, "median": 0.0100350268185, "max": 0.274913311005, "dmean": 0.0172907430679, "dmean2": 0.0238265432417, "mean": 0.0257649812847, "dvar2": 0.00298093026504, "min": 1.17714733045e-22}, "melbands_kurtosis": {"dvar": 5624.89794922, "var": 8676.70117188, "median": 20.881521225, "max": 1197.35522461, "dmean": 36.015838623, "dmean2": 53.6988449097, "mean": 51.6822738647, "dvar2": 10982.7998047, "min": -1.95673346519}, "spectral_energyband_middle_high": {"dvar": 1.18119069157e-05, "var": 2.80464901152e-05, "median": 0.000686942075845, "max": 0.0421040579677, "dmean": 0.00139658048283, "dmean2": 0.00168401247356, "mean": 0.00244437623769, "dvar2": 1.65276906046e-05, "min": 1.36210959052e-21}, "barkbands_spread": {"dvar": 85.867980957, "var": 225.230819702, "median": 11.1836824417, "max": 111.128562927, "dmean": 6.47194719315, "dmean2": 9.58019638062, "mean": 15.7642946243, "dvar2": 183.260787964, "min": 0.031605258584}, "mfcc": {"mean": [-699.89630127, 117.657226562, 37.0901527405, 38.9403152466, 11.0488653183, -0.0952982082963, -8.66730976105, 5.54990577698, -2.09340834618, 7.14666843414, -0.354684829712, 4.43422985077, 3.32105350494], "cov": [[10990.6757812, -797.034240723, -1280.84851074, -191.540527344, -144.804260254, -1.97100818157, -219.530990601, 56.5837478638, 49.3705749512, 145.814971924, -56.0087814331, 129.642349243, 78.4452209473], [-797.034240723, 1700.19628906, -178.99281311, -64.5606079102, -12.3225765228, 8.50952911377, 147.224441528, 25.5109596252, 31.6627159119, -7.36558246613, 47.950881958, -2.59212970734, 19.8859367371], [-1280.84851074, -178.99281311, 1300.50842285, 243.939910889, 190.105148315, 176.357971191, 140.210952759, 106.820922852, -3.23259973526, -20.4118232727, 26.9544048309, -22.7239627838, -23.8558044434], [-191.540527344, -64.5606079102, 243.939910889, 622.627563477, 242.877792358, -20.0578155518, -57.8055419922, 61.8136444092, 35.3800506592, 25.5961894989, -34.8317222595, 38.0919380188, 75.5936203003], [-144.804260254, -12.3225765228, 190.105148315, 242.877792358, 387.445526123, 142.054275513, 31.524269104, 60.9662971497, 54.1737747192, 42.8591423035, -2.02667593956, 16.9190654755, 15.1942234039], [-1.97100818157, 8.50952911377, 176.357971191, -20.0578155518, 142.054275513, 330.819702148, 197.551361084, 63.0928268433, 58.3126792908, 7.44251680374, 22.0638999939, -21.1114444733, -44.2410240173], [-219.530990601, 147.224441528, 140.210952759, -57.805541