{"metadata": {"audio_properties": {"downmix": "mix", "bit_rate": 169158, "lossless": false, "md5_encoded": "86e7bea076cdc75b998078421e850b07", "analysis_sample_rate": 44100, "sample_rate": 44100, "replay_gain": -14.8629989624, "equal_loudness": 0, "codec": "mp3", "length": 318.040802002}, "tags": {"date": ["2009"], "musicbrainz_recordingid": ["5fd5f906-725b-4bd9-8a0c-df65ff666011"], "encodedby": ["H3X"], "tracknumber": ["12/16"], "encoding": ["LAME v3.97 -V 2 --vbr-new"], "album": ["Congo Square"], "artist": ["Teena Marie"], "title": ["Harlem Blues"], "albumartist": ["Teena Marie"], "discnumber": ["1"], "file_name": "1546622.mp3", "media": ["CDDA"], "language": ["English"], "genre": ["R&B"]}, "version": {"essentia_build_sha": "70f2e5ece6736b2c40cc944ad0e695b16b925413", "essentia_git_sha": "v2.1_beta2", "extractor": "music 1.0", "essentia": "2.1-beta2"}}, "tonal": {"chords_scale": "minor", "hpcp": {"dmean": [0.173389911652, 0.179753929377, 0.122957162559, 0.0834138020873, 0.0794024094939, 0.0879648700356, 0.0975376963615, 0.0965658575296, 0.0935698822141, 0.120595030487, 0.122824765742, 0.0903178229928, 0.0803624391556, 0.0824332609773, 0.0978429988027, 0.146072745323, 0.154877752066, 0.131739839911, 0.0836634710431, 0.0694169923663, 0.0916759893298, 0.130982711911, 0.139194175601, 0.151307851076, 0.19205956161, 0.153426676989, 0.0814689472318, 0.0562904886901, 0.0599268227816, 0.0783920437098, 0.121355295181, 0.12711699307, 0.0993884727359, 0.0932778045535, 0.0990652441978, 0.12406232208], "dvar2": [0.121803723276, 0.121098890901, 0.0941518545151, 0.0916007384658, 0.0893900692463, 0.0913970023394, 0.0935286656022, 0.0862690731883, 0.080607406795, 0.0936734899879, 0.0913346260786, 0.0730183646083, 0.0724673271179, 0.0763825774193, 0.0816900506616, 0.0952063798904, 0.105505041778, 0.0912723615766, 0.069384612143, 0.0639423280954, 0.0720826610923, 0.0961152464151, 0.101435869932, 0.0999448075891, 0.14748249948, 0.0990007072687, 0.0606644265354, 0.0540741495788, 0.0571071356535, 0.0625334754586, 0.0911023765802, 0.0948142185807, 0.0913999378681, 0.0958487167954, 0.0914044231176, 0.109101369977], "mean": [0.278022348881, 0.315260797739, 0.152127802372, 0.0709271654487, 0.0722760558128, 0.088957041502, 0.127680689096, 0.121374353766, 0.0997580960393, 0.189345166087, 0.206340953708, 0.0996007397771, 0.0817442536354, 0.0951995328069, 0.0963444933295, 0.221951320767, 0.320327818394, 0.196774736047, 0.07951066643, 0.0668072402477, 0.0911373272538, 0.175111234188, 0.191581591964, 0.190317898989, 0.288232922554, 0.237247183919, 0.0854557827115, 0.0506133362651, 0.0539019554853, 0.0821967571974, 0.188296914101, 0.194745779037, 0.100859485567, 0.0888223350048, 0.09796205163, 0.126309081912], "var": [0.090567432344, 0.101136989892, 0.0391291901469, 0.030375033617, 0.0330363549292, 0.0400790385902, 0.060756277293, 0.0535334907472, 0.0327580347657, 0.0762142762542, 0.0847177132964, 0.0263542179018, 0.0353606827557, 0.0483734384179, 0.0313843041658, 0.0735152587295, 0.128624036908, 0.0670657157898, 0.0305523276329, 0.03073621355, 0.0304611958563, 0.0647149533033, 0.0747261717916, 0.0568896085024, 0.107086911798, 0.085845246911, 0.0248002707958, 0.0182151570916, 0.0182445049286, 0.0260214582086, 0.0749684050679, 0.0765779390931, 0.0338715240359, 0.0388658195734, 0.0411590263247, 0.0453261956573], "dmean2": [0.291399180889, 0.301308363676, 0.212211787701, 0.152044713497, 0.144016519189, 0.15763489902, 0.170950353146, 0.168215677142, 0.164326816797, 0.205079853535, 0.207600221038, 0.160652503371, 0.140291750431, 0.143020883203, 0.17226319015, 0.242590799928, 0.259153604507, 0.222173139453, 0.146882459521, 0.123658686876, 0.159995019436, 0.220746740699, 0.231863543391, 0.255488157272, 0.324298679829, 0.257160902023, 0.141464665532, 0.100802503526, 0.105859316885, 0.136431500316, 0.203644782305, 0.212152123451, 0.176381066442, 0.166831597686, 0.173453465104, 0.217193752527], "dvar": [0.0501182675362, 0.0512118861079, 0.0351756773889, 0.0328420549631, 0.0329084433615, 0.0340360552073, 0.0360351391137, 0.0334522239864, 0.030059998855, 0.0377237685025, 0.0378969013691, 0.0265559256077, 0.0282029919326, 0.0313082672656, 0.0301836300641, 0.0386060476303, 0.0480149947107, 0.0357607342303, 0.0262300018221, 0.0239453613758, 0.0273253303021, 0.0390670672059, 0.0424421951175, 0.0383816696703, 0.0601451769471, 0.0419633276761, 0.0231258030981, 0.0203992649913, 0.0211453754455, 0.0235518421978, 0.0376966930926, 0.0395185053349, 0.0336642339826, 0.0360601842403, 0.0354997813702, 0.0414228662848], "min": [0, 0, 0, 0, 0, 0, 0, 0, 0, 0, 0, 0, 0, 0, 0, 0, 0, 0, 0, 0, 0, 0, 0, 0, 0, 0, 0, 0, 0, 0, 0, 0, 0, 0, 0, 0], "median": [0.152182757854, 0.192874759436, 0.0744006037712, 0.00521775754169, 0.00251341797411, 0.00673140212893, 0.0117812044919, 0.0126280598342, 0.0226423330605, 0.049282040447, 0.0566628575325, 0.0308147780597, 0.00517360586673, 0.00516850873828, 0.0236181840301, 0.100894019008, 0.154403477907, 0.077367246151, 0.0081910546869, 0.00349298072979, 0.0169615671039, 0.0545341484249, 0.0600132867694, 0.0930474251509, 0.149644419551, 0.107211582363, 0.0206508487463, 0.00528985355049, 0.00616065971553, 0.02076600492, 0.0550676882267, 0.0575914680958, 0.0259931795299, 0.00515400711447, 0.00699245464057, 0.0342458412051], "max": [1, 1, 1, 1, 1, 1, 1, 1, 1, 1, 1, 1, 1, 1, 1, 1, 1, 1, 1, 1, 1, 1, 1, 1, 1, 1, 1, 1, 1, 1, 1, 1, 1, 1, 1, 1]}, "tuning_equal_tempered_deviation": 0.220296218991, "chords_key": "D", "chords_strength": {"dmean": 0.0110136941075, "dvar2": 8.64941612235e-05, "mean": 0.48647415638, "var": 0.0108282864094, "dmean2": 0.0101542593911, "dvar": 8.25555398478e-05, "min": 0.190464779735, "median": 0.489629328251, "max": 0.770454764366}, "tuning_diatonic_strength": 0.565196454525, "thpcp": [1, 0.614291727543, 0.248216554523, 0.20855897665, 0.284512668848, 0.546662569046, 0.598079800606, 0.594134807587, 0.899806082249, 0.74063873291, 0.266776025295, 0.158004805446, 0.168271228671, 0.256601989269, 0.587825655937, 0.607957720757, 0.314863324165, 0.277285724878, 0.305818110704, 0.39431193471, 0.867930710316, 0.984181761742, 0.474912852049, 0.221420556307, 0.225631535053, 0.27770626545, 0.398593813181, 0.378906697035, 0.311425030231, 0.591098129749, 0.644155561924, 0.310933768749, 0.255189359188, 0.297194093466, 0.300768435001, 0.692888081074], "chords_histogram": [30.1021900177, 24.1751823425, 11.5766420364, 7.83941602707, 1.35766422749, 11.3722629547, 2, 0.364963501692, 0, 1.21167886257, 0.0145985400304, 0.759124100208, 0, 0, 0, 0, 1.10948908329, 0.233576640487, 1.19708025455, 0.496350377798, 0.0729926973581, 1.35766422749, 3.57664227486, 1.18248176575], "tuning_nontempered_energy_ratio": 0.937299072742, "tuning_frequency": 434.193115234, "key_strength": 0.672638654709, "chords_changes_rate": 0.0651094913483, "key_scale": "minor", "hpcp_entropy": {"dmean": 0.563762068748, "dvar2": 0.649458765984, "mean": 1.92705202103, "var": 0.476439297199, "dmean2": 0.945479214191, "dvar": 0.240213930607, "min": 0, "median": 1.99941194057, "max": 3.98927354813}, "key_key": "D", "chords_number_rate": 0.00189781025983}, "lowlevel": {"melbands_skewness": {"dmean": 0.611522436142, "dvar2": 1.25102114677, "mean": 1.49041688442, "var": 1.91392767429, "dmean2": 0.943871557713, "dvar": 0.563267350197, "min": -2.1222653389, "median": 1.24552726746, "max": 24.0727710724}, "melbands_kurtosis": {"dmean": 5.2862739563, "dvar2": 401.129608154, "mean": 9.14922809601, "var": 295.271789551, "dmean2": 8.37103366852, "dvar": 177.698822021, "min": -1.85313045979, "median": 4.4076385498, "max": 762.163879395}, "barkbands_kurtosis": {"dmean": 3.81165146828, "dvar2": 132.225601196, "mean": 6.74495601654, "var": 107.235847473, "dmean2": 6.06275320053, "dvar": 52.7483482361, "min": -1.9328994751, "median": 3.51434826851, "max": 336.345336914}, "hfc": {"dmean": 4.17642831802, "dvar2": 94.6017990112, "mean": 14.1557998657, "var": 253.150695801, "dmean2": 6.15583086014, "dvar": 44.9692268372, "min": 1.25085669895e-16, "median": 8.48967933655, "max": 116.032371521}, "silence_rate_20dB": {"dmean": 0, "dvar2": 0, "mean": 1, "var": 0, "dmean2": 0, "dvar": 0, "min": 1, "median": 1, "max": 1}, "erbbands_flatness_db": {"dmean": 0.0231769680977, "dvar2": 0.00103911454789, "mean": 0.2289570719, "var": 0.00328541034833, "dmean2": 0.0339191444218, "dvar": 0.000530655088369, "min": 0.0322873331606, "median": 0.226332068443, "max": 0.485451340675}, "spectral_flux": {"dmean": 0.02528674528, "dvar2": 0.00208733743057, "mean": 0.0734125971794, "var": 0.00267315283418, "dmean2": 0.0396645404398, "dvar": 0.000991449109279, "min": 1.0343492729e-10, "median": 0.0615703202784, "max": 0.374826967716}, "spectral_energyband_low": {"dmean": 0.00384913035668, "dvar2": 0.000283081026282, "mean": 0.00598818343133, "var": 0.000131726774271, "dmean2": 0.00629022577778, "dvar": 0.000108856918814, "min": 1.15936792026e-22, "median": 0.00197298778221, "max": 0.115786761045}, "spectral_rolloff": {"dmean": 189.658874512, "dvar2": 730929.5, "mean": 818.143066406, "var": 741985.0625, "dmean2": 325.262695312, "dvar": 358715.5625, "min": 43.06640625, "median": 645.99609375, "max": 19509.0820312}, "spectral_entropy": {"dmean": 0.235826060176, "dvar2": 0.120961375535, "mean": 6.55877590179, "var": 0.421835333109, "dmean2": 0.350029140711, "dvar": 0.0619240775704, "min": 4.13493251801, "median": 6.58979892731, "max": 9.79725265503}, "spectral_energy": {"dmean": 0.00819113757461, "dvar2": 0.000414073845604, "mean": 0.0245879609138, "var": 0.000453381624538, "dmean2": 0.012940348126, "dvar": 0.000164633835084, "min": 1.06987847389e-20, "median": 0.0180211532861, "max": 0.144023314118}, "spectral_centroid": {"dmean": 115.996101379, "dvar2": 57209.421875, "mean": 677.016235352, "var": 157127.078125, "dmean2": 172.070022583, "dvar": 33377.1835938, "min": 135.561233521, "median": 574.993835449, "max": 11244.6845703}, "barkbands_flatness_db": {"dmean": 0.0248125698417, "dvar2": 0.00127189967316, "mean": 0.222129628062, "var": 0.00534126022831, "dmean2": 0.0369072109461, "dvar": 0.0006373639917, "min": 0.0339009575546, "median": 0.211959004402, "max": 0.514803767204}, "spectral_rms": {"dmean": 0.000744578777812, "dvar2": 2.10493021768e-06, "mean": 0.00445203389972, "var": 4.1675743887e-06, "dmean2": 0.00115322240163, "dvar": 8.78951937011e-07, "min": 3.23076439733e-12, "median": 0.00419304333627, "max": 0.0118537144735}, "melbands": {"dmean": [0.000475926004583, 0.000755701679736, 0.000589770672377, 0.00029231645749, 0.000311402924126, 0.000416860246332, 0.000235150655499, 0.000181422306923, 0.000124505895656, 0.000153800487169, 0.000115028400614, 0.000104955812276, 8.83006796357e-05, 8.847880963e-05, 6.52054295642e-05, 3.97815019824e-05, 2.33504106291e-05, 2.13707862713e-05, 1.25087544802e-05, 8.0027475633e-06, 4.83187159261e-06, 2.60171532318e-06, 1.72352611116e-06, 2.17527235691e-06, 2.29463989854e-06, 1.97444228434e-06, 8.16636827494e-07, 7.57174746013e-07, 7.22354229765e-07, 4.18261578261e-07, 3.26777808368e-07, 3.02779795902e-07, 2.75146447848e-07, 2.82276630514e-07, 3.39302090424e-07, 3.77249307348e-07, 3.55694140808e-07, 2.60161499455e-07, 1.69547604401e-07, 1.15493570263e-07], "dvar2": [3.72509816771e-06, 1.20886379591e-05, 1.03173397292e-05, 7.23453865703e-07, 7.4896655633e-07, 1.07398034288e-06, 7.13544523023e-07, 5.41328461168e-07, 4.12803217387e-07, 6.93608683378e-07, 4.3495714408e-07, 3.19761198853e-07, 2.53274663464e-07, 2.50359221354e-07, 1.32930694008e-07, 5.74743914683e-08, 2.13434905305e-08, 2.0067220774e-08, 8.57991810932e-09, 3.2975986386e-09, 1.49492485058e-09, 3.1190372507e-10, 1.0908524084e-10, 1.85859105883e-10, 1.71385267089e-10, 6.60238391736e-11, 1.18067916555e-11, 1.16808463943e-11, 1.5420609234e-11, 7.83771832158e-12, 2.99214234119e-12, 2.79800640123e-12, 4.94075657123e-12, 7.23783446371e-12, 6.01801984981e-12, 8.49274296721e-12, 7.23833232935e-12, 4.95406710446e-12, 2.54429398557e-12, 6.71299929707e-13], "mean": [0.000727895763703, 0.00113336043432, 0.000721060961951, 0.000538100721315, 0.000647856853902, 0.000751718296669, 0.000476341316244, 0.000356094242306, 0.00024270520953, 0.000289525080007, 0.000221740745474, 0.000204184150789, 0.000147760016262, 0.000141014097608, 0.000115016977361, 7.64539727243e-05, 4.04576858273e-05, 3.64100851584e-05, 1.94603398995e-05, 1.23435002024e-05, 7.05503362042e-06, 4.42551436208e-06, 3.14490557685e-06, 3.8394459807e-06, 3.74575597561e-06, 3.68857422473e-06, 1.47766559166e-06, 1.37431959502e-06, 1.18360026136e-06, 6.59473244013e-07, 5.15369947607e-07, 4.78384151847e-07, 3.97670532948e-07, 4.38658929625e-07, 5.25334371559e-07, 6.2693129621e-07, 5.71129589844e-07, 3.91430972968e-07, 2.46283150318e-07, 1.64748286124e-07], "var": [1.7176532765e-06, 5.81583344683e-06, 2.97950737149e-06, 5.30102624907e-07, 1.15011823709e-06, 1.11655219825e-06, 7.23849723272e-07, 5.52993583369e-07, 3.85140907611e-07, 5.30577665359e-07, 4.23375155378e-07, 4.3881863121e-07, 2.48388147384e-07, 3.15429701914e-07, 1.95334948216e-07, 1.06208581485e-07, 2.56688110767e-08, 2.62747761326e-08, 8.54521253757e-09, 2.90837709471e-09, 1.26234800391e-09, 6.36766916973e-10, 1.79774084508e-10, 3.01072250464e-10, 1.50728970971e-10, 1.15176659876e-10, 1.49922487619e-11, 1.11398711436e-11, 1.19815954033e-11, 7.21762146577e-12, 2.5354794219e-12, 2.52884822458e-12, 3.55222600466e-12, 5.46891741962e-12, 4.92140226141e-12, 7.19919436565e-12, 6.09426398235e-12, 3.81105477038e-12, 1.40849246329e-12, 4.0889026106e-13], "dmean2": [0.000772718281951, 0.00127121456899, 0.00104378710967, 0.000484278280055, 0.000507191056386, 0.000699261960108, 0.000371565489331, 0.000281707471004, 0.000189169673831, 0.000237375075812, 0.000172785265022, 0.000158776863827, 0.000138830204378, 0.000134156362037, 9.6929295978e-05, 5.82863212912e-05, 3.51891285391e-05, 3.0947921914e-05, 1.84060572792e-05, 1.19987817015e-05, 7.23683660908e-06, 3.76251387024e-06, 2.50088623943e-06, 3.12347106046e-06, 3.42069279213e-06, 2.89997524305e-06, 1.21360903904e-06, 1.18023604045e-06, 1.14879446755e-06, 6.26357291367e-07, 4.91110824896e-07, 4.56389614101e-07, 4.29288377291e-07, 4.26660591302e-07, 5.14221312642e-07, 5.61103092878e-07, 5.1860001804e-07, 3.8559329596e-07, 2.54324532989e-07, 1.7242530248e-07], "dvar": [1.51616109179e-06, 4.47003685622e-06, 3.65993105333e-06, 2.72829538517e-07, 3.26969427533e-07, 4.23339514555e-07, 2.98795328035e-07, 2.36846133816e-07, 1.94731910597e-07, 2.86218295287e-07, 1.95054710161e-07, 1.57288809532e-07, 1.14792172212e-07, 1.16262761196e-07, 6.41186659323e-08, 2.86782491088e-08, 1.00795594093e-08, 9.93411841677e-09, 4.38604663699e-09, 1.53240975465e-09, 7.18598625049e-10, 1.93480023669e-10, 5.35154386083e-11, 9.18438172737e-11, 7.50288234319e-11, 3.42872327752e-11, 5.83905536769e-12, 5.02356099427e-12, 6.66097992735e-12, 3.50147666937e-12, 1.30504125301e-12, 1.27067692306e-12, 2.21776308255e-12, 3.17833259711e-12, 2.5351099258e-12, 3.63153973039e-12, 3.54089197199e-12, 2.48526156252e-12, 1.11161514021e-12, 2.98870384821e-13], "min": [2.15292747032e-23, 1.93287266977e-23, 4.55716977451e-24, 4.99449966644e-24, 7.79720926115e-24, 1.07016168316e-23, 1.06166983217e-23, 1.0716037209e-23, 6.46941041839e-24, 3.51041012342e-24, 4.51620067783e-24, 5.05879932439e-24, 7.11213641864e-24, 6.73074504794e-24, 7.97234584844e-24, 8.60533099423e-24, 1.88525844548e-23, 1.84943926945e-23, 7.11780043994e-24, 5.32374102042e-24, 9.75783074435e-24, 1.58825278798e-23, 2.73515588552e-24, 1.27991774682e-23, 1.20665647121e-23, 7.66243553094e-24, 6.46059292563e-24, 7.65665554708e-24, 5.61898878028e-24, 7.34324899805e-24, 8.6572782737e-24, 1.01816754535e-23, 1.27348229844e-23, 1.18321870374e-23, 1.03423001556e-23, 1.35557889508e-23, 1.11234199688e-23, 9.43293049193e-24, 1.02448174581e-23, 7.88449593145e-24], "median": [0.000308038317598, 0.000308621267322, 0.000220674104639, 0.000318522157613, 0.000356614618795, 0.000422607699875, 0.000251039862633, 0.000121083801787, 5.56547311135e-05, 4.18011841248e-05, 2.99637540593e-05, 2.59185799223e-05, 1.50484611368e-05, 8.99688893696e-06, 6.98839312463e-06, 4.97042219649e-06, 2.45206842919e-06, 1.70547082234e-06, 1.04342382201e-06, 7.6176741004e-07, 3.60829005785e-07, 2.75764278967e-07, 2.62371713688e-07, 2.92291957749e-07, 3.91227558794e-07, 4.53787606602e-07, 3.08299860308e-07, 3.13272721542e-07, 1.92887711137e-07, 9.92656694621e-08, 1.09222199285e-07, 8.84198883e-08, 5.7846676782e-08, 7.97281032305e-08, 9.33497759092e-08, 1.02217924791e-07, 9.45138225461e-08, 5.22520906543e-08, 4.41276704066e-08, 3.34237100219e-08], "max": [0.0175446700305, 0.0276606976986, 0.025335052982, 0.0142267579213, 0.0200219023973, 0.0147943217307, 0.0174846015871, 0.0128417154774, 0.0137402983382, 0.0144843058661, 0.0147664677352, 0.0132286818698, 0.0143977850676, 0.0113189481199, 0.00810852553695, 0.00826072413474, 0.00468077370897, 0.00549753708765, 0.00343360635452, 0.00154205423314, 0.00118976773228, 0.000980502692983, 0.000328405003529, 0.000567558570765, 0.000264103437075, 0.000265130773187, 8.29374112072e-05, 8.51060831337e-05, 0.000116750881716, 0.000119223943329, 5.04907329741e-05, 3.71316637029e-05, 8.75199111761e-05, 0.000116529037768, 7.60981274652e-05, 0.00010060457862, 8.21299472591e-05, 7.99743429525e-05, 6.46455373499e-05, 2.9402983273e-05]}, "barkbands_crest": {"dmean": 2.64281129837, "dvar2": 14.7642698288, "mean": 10.8597316742, "var": 15.8561191559, "dmean2": 4.39971494675, "dvar": 5.54623603821, "min": 3.06234335899, "median": 10.1014070511, "max": 26.0219478607}, "mfcc": {"icov": [[0.000189630460227, 9.1693160357e-05, 0.000251021498116, 0.000105188941234, 0.000123918405734, -8.78591818037e-05, 6.28908383078e-05, -0.00022393099789, 9.04984917725e-05, -0.000128087267512, 7.28327649995e-05, -0.000173657448613, 8.67818453116e-05], [9.1693160357e-05, 0.00074567925185, -1.17385034173e-05, 0.000170057392097, -4.30684413004e-05, 0.00010206431034, -0.000179450100404, 6.39881109237e-05, -4.28430612374e-05, 8.00791531219e-05, -0.000231614976656, 0.000110643843072, -3.03906763293e-05], [0.000251021498116, -1.17385034173e-05, 0.00135544186924, -0.000498592969961, 0.000482154486235, -0.000504073686898, 0.000395933020627, -9.38907905947e-05, 2.91681444651e-05, 0.000439638155513, -0.000307048961986, -1.56924579642e-05, -0.000203810966923], [0.000105188941234, 0.000170057392097, -0.000498592969961, 0.0031509604305, -0.00132666551508, 0.000349704001565, -0.000112983390864, -0.000652699847706, -0.00055954355048, 0.000470102531835, -0.000227613360039, -0.000542126421351, 0.00026884287945], [0.000123918405734, -4.30684413004e-05, 0.000482154486235, -0.00132666551508, 0.00354775087908, -0.000900477461983, 0.000901586317923, -0.000474713742733, -0.000499776331708, -0.000330760201905, 0.000166259167599, 7.61997653171e-05, -0.000128021332785], [-8.78591818037e-05, 0.00010206431034, -0.000504073686898, 0.000349704001565, -0.000900477461983, 0.00498085469007, -0.00248283240944, 0.000378922617529, -0.000581073400099, 0.000317981553962, -0.000606718473136, 0.000360445410479, 0.000107705112896], [6.28908383078e-05, -0.000179450100404, 0.000395933020627, -0.000112983390864, 0.000901586317923, -0.00248283240944, 0.00561824720353, -0.000708053528797, 0.00182238453999, -0.000952296773903, 0.00121565675363, -8.93045726116e-05, 1.05811177491e-05], [-0.00022393099789, 6.39881109237e-05, -9.38907905947e-05, -0.000652699847706, -0.000474713742733, 0.000378922617529, -0.000708053528797, 0.00685948459432, -0.0017384152161, 0.00156085321214, 0.000616151723079, 0.000506680633407, 0.000582955719437], [9.04984917725e-05, -4.28430612374e-05, 2.91681444651e-05, -0.00055954355048, -0.000499776331708, -0.000581073400099, 0.00182238453999, -0.0017384152161, 0.00791078526527, -0.0018667987315, 0.00145200220868, 0.000522623013239, 0.000720921438187], [-0.000128087267512, 8.00791531219e-05, 0.000439638155513, 0.000470102531835, -0.000330760201905, 0.000317981553962, -0.000952296773903, 0.00156085321214, -0.0018667987315, 0.00762514071539, -0.00193172029685, 0.00179154367652, 0.000182135016075], [7.28327649995e-05, -0.000231614976656, -0.000307048961986, -0.000227613360039, 0.000166259167599, -0.000606718473136, 0.00121565675363, 0.000616151723079, 0.00145200220868, -0.00193172029685, 0.00864059850574, -0.00301914103329, 0.00211430294439], [-0.000173657448613, 0.000110643843072, -1.56924579642e-05, -0.000542126421351, 7.61997653171e-05, 0.000360445410479, -8.93045726116e-05, 0.000506680633407, 0.000522623013239, 0.00179154367652, -0.00301914103329, 0.0100944126025, -0.00285953469574], [8.67818453116e-05, -3.03906763293e-05, -0.000203810966923, 0.00026884287945, -0.000128021332785, 0.000107705112896, 1.05811177491e-05, 0.000582955719437, 0.000720921438187, 0.000182135016075, 0.00211430294439, -0.00285953469574, 0.00821558386087]], "mean": [-728.85925293, 166.191848755, 33.7344284058, 8.74981021881, -6.88325119019, -1.93978536129, 2.16576385498, -3.60473704338, -11.8640909195, 4.5778260231, -3.24691414833, 0.790581882, 1.82105910778], "cov": [[9806.49902344, -1137.08703613, -2149.75219727, -775.038391113, -365.739105225, -2.12584114075, 172.40776062, 154.060546875, -100.299156189, 262.96774292, -128.27696228, 22.1379947662, -108.897644043], [-1137.08703613, 1517.54956055, 224.795532227, -14.4563674927, 2.75790214539, -3.58408975601, 26.5479240417, -48.8815765381, -11.8088731766, -22.0025234222, 47.2558555603, -11.6319789886, 12.5127563477], [-2149.75219727, 224.795532227, 1344.73120117, 301.106567383, 27.6782817841, 52.9316558838, -80.5312576294, -12.4695768356, 14.9201021194, -131.606796265, 63.3095016479, 30.5329284668, 43.7149658203], [-775.038391113, -14.4563674927, 301.106567383, 515.314208984, 204.976913452, -7.52734851837, -65.5646057129, 64.0598831177, 68.4179611206, -58.3785362244, 13.906170845, 19.7878074646, -3.82895803452], [-365.739105225, 2.75790214539, 27.6782817841, 204.976913452, 407.937286377, 29.355802536, -63.2831954956, 49.1178970337, 73.5559082031, -2.77162218094, -5.21961688995, -9.55449581146, -7.95463228226], [-2.12584114075, -3.58408975601, 52.9316558838, -7.52734851837, 29.355802536, 267.776672363, 110.258102417, -2.46636676788, -3.64912033081, 4.41112089157, 4.00858163834, -10.0273246765, -5.7507610321], [172.40776062, 26.5479240417, -80.5312576294, -65.5646057129, -63.2831954956, 110.258102417, 266.056488037, -0.627055287361, -53.9983558655, 20.0646724701, -24.1411514282, -9.17959022522, 3.00626468658], [154.060546875, -48.8815765381, -12.4695768356, 64.0598831177, 49.1178970337, -2.46636676788, -0.627055287361, 184.409347534, 47.687335968, -28.0021438599, -30.66771698, -14.4852161407, -17.2135715485], [-100.299156189, -11.8088731766, 14.9201021194, 68.4179611206, 73.5559082031, -3.64912033081, -53.9983558655, 47.687335968, 173.209472656, 23.9066543579, -22.4819049835, -27.4998645782, -22.4882297516], [262.96774292, -22.0025234222, -131.606796265, -58.3785362244, -2.77162218094, 4.41112089157, 20.0646724701, -28.0021438599, 23.9066543579, 173.598373413, 20.7846622467, -29.7603492737, -24.0074176788], [-128.27696228, 47.2558555603, 63.3095016479, 13.906170845, -5.21961688995, 4.00858163834, -24.1411514282, -30.66771698, -22.4819049835, 20.7846622467, 152.915344238, 36.7985305786, -20.3143634796], [22.1379947662, -11.6319789886, 30.5329284668, 19.7878074646, -9.55449581146, -10.0273246765, -9.17959022522, -14.4852161407, -27.4998645782, -29.7603492737, 36.7985305786, 130.797470093, 39.9836387634], [-108.897644043, 12.5127563477, 43.7149658203, -3.82895803452, -7.95463228226, -5.7507610321, 3.00626468658, -17.2135715485, -22.4882297516, -24.0074176788, -20.3143634796, 39.9836387634, 146.945571899]]}, "spectral_decrease": {"dmean": 2.08773998089e-09, "dvar2": 2.7919046357e-17, "mean": -6.17448936424e-09, "var": 2.87019430283e-17, "dmean2": 3.30643046276e-09, "dvar": 1.1043174679e-17, "min": -3.73716630975e-08, "median": -4.54106174885e-09, "max": 1.71385965931e-28}, "zerocrossingrate": {"dmean": 0.00612117955461, "dvar2": 0.000126570754219, "mean": 0.0351437740028, "var": 0.000628156587481, "dmean2": 0.00718460790813, "dvar": 0.000111804445623, "min": 0.00341796875, "median": 0.03076171875, "max": 0.501953125}, "spectral_contrast_coeffs": {"dmean": [0.0446081720293, 0.0463730953634, 0.0417443215847, 0.0356591194868, 0.0241226069629, 0.0160003900528], "dvar2": [0.00423476705328, 0.00404902826995, 0.00317683047615, 0.00228299945593, 0.00102024152875, 0.000516359810717], "mean": [-0.652445316315, -0.673200666904, -0.698159694672, -0.740883409977, -0.793470561504, -0.806709766388], "var": [0.00564964860678, 0.00602046167478, 0.00838095601648, 0.00776300020516, 0.00391766568646, 0.00132047059014], "dmean2": [0.0745250433683, 0.0767733305693, 0.0658710598946, 0.0553253628314, 0.0366109609604, 0.0247611552477], "dvar": [0.00155757297762, 0.00154100521468, 0.00138735375367, 0.00105256098323, 0.000512996979523, 0.000234409468248], "min": [-0.970762014389, -0.957773268223, -0.978240191936, -0.963605165482, -0.960246741772, -0.961224198341], "median": [-0.660300076008, -0.676522612572, -0.702732205391, -0.748373746872, -0.803295969963, -0.809549689293], "max": [-0.245212286711, -0.347139656544, -0.387755632401, -0.43503677845, -0.542463362217, -0.612078368664]}, "spectral_skewness": {"dmean": 0.465729802847, "dvar2": 0.742419421673, "mean": 2.95619082451, "var": 2.18759155273, "dmean2": 0.702805578709, "dvar": 0.348648399115, "min": -0.208015829325, "median": 2.60396385193, "max": 15.9658851624}, "spectral_energyband_middle_high": {"dmean": 0.00213973969221, "dvar2": 5.07898512296e-05, "mean": 0.00561985187232, "var": 0.000107198226033, "dmean2": 0.00315081467852, "dvar": 2.4233959266e-05, "min": 1.41641553254e-21, "median": 0.00141731533222, "max": 0.0899143889546}, "gfcc": {"icov": [[0.00019122462254, 1.94695912796e-05, 0.000316651217872, -9.51474066824e-05, 0.000139211319038, -0.000341735052643, 0.000165249744896, -0.000184047356015, 0.000121286291687, 1.41327454912e-05, 0.000127274208353, -0.000142225035233, 0.000369409943232], [1.94695912796e-05, 0.00176271714736, -0.000586900569033, 0.000807499862276, -0.000869603070896, 0.00113958853763, -0.00114682537969, 0.00124934175983, -0.00111072149593, 0.00166345585603, -0.00171960727312, 0.00198942306451, -0.000927981396671], [0.000316651217872, -0.000586900569033, 0.00154287670739, -0.000930419657379, 0.000693602429237, -0.000676582392771, 0.000515587860718, -7.56869412726e-05, 0.000325113331201, -0.000770776881836, 0.00126157386694, -0.00139146728907, 0.00123239250388], [-9.51474066824e-05, 0.000807499862276, -0.000930419657379, 0.00291539449245, -0.00091065937886, 0.000618499470875, -0.000295649952022, 0.000151886852109, -0.000674124981742, 0.00167676701676, -0.000832370889839, 0.0009244918474, -0.000133878929773], [0.000139211319038, -0.000869603070896, 0.000693602429237, -0.00091065937886, 0.00309217814356, -0.00107308570296, 0.000664885679726, -0.000559861538932, 0.0002535613894, -0.000559342443012, 0.00156853348017, -0.000676268013194, 0.000757905014325], [-0.000341735052643, 0.00113958853763, -0.000676582392771, 0.000618499470875, -0.00107308570296, 0.00556069193408, -0.00191652681679, 0.0015989721287, 0.000224651579629, 0.00046892586397, -0.00122268497944, 0.00200333748944, -0.00083496485604], [0.000165249744896, -0.00114682537969, 0.000515587860718, -0.000295649952022, 0.000664885679726, -0.00191652681679, 0.00642198789865, -0.000704541511368, 0.00200454052538, -0.000470204890007, 0.00094417022774, -0.000289748277282, 0.000851335527841], [-0.000184047356015, 0.00124934175983, -7.56869412726e-05, 0.000151886852109, -0.000559861538932, 0.0015989721287, -0.000704541511368, 0.00829406734556, -0.0024741247762, 0.00109069293831, -0.000281783461105, 0.000596185855102, -0.000624315580353], [0.000121286291687, -0.00111072149593, 0.000325113331201, -0.000674124981742, 0.0002535613894, 0.000224651579629, 0.00200454052538, -0.0024741247762, 0.00755577161908, -0.00155206932686, 0.00179863302037, -0.000270768854534, 0.000298352329992], [1.41327454912e-05, 0.00166345585603, -0.000770776881836, 0.00167676701676, -0.000559342443012, 0.00046892586397, -0.000470204890007, 0.00109069293831, -0.00155206932686, 0.00819719582796, -0.0036192687694, 0.00206310860813, 0.000159389310284], [0.000127274208353, -0.00171960727312, 0.00126157386694, -0.000832370889839, 0.00156853348017, -0.00122268497944, 0.00094417022774, -0.000281783461105, 0.00179863302037, -0.0036192687694, 0.00884816702455, -0.00353626883589, 0.00113933370449], [-0.000142225035233, 0.00198942306451, -0.00139146728907, 0.0009244918474, -0.000676268013194, 0.00200333748944, -0.000289748277282, 0.000596185855102, -0.000270768854534, 0.00206310860813, -0.00353626883589, 0.010852704756, -0.00330464355648], [0.000369409943232, -0.000927981396671, 0.00123239250388, -0.000133878929773, 0.000757905014325, -0.00083496485604, 0.000851335527841, -0.000624315580353, 0.000298352329992, 0.000159389310284, 0.00113933370449, -0.00330464355648, 0.0103494562209]], "mean": [-75.4544067383, 134.48034668, -86.1697387695, 8.35797309875, -70.0771865845, 9.16580486298, -33.3145256042, 2.30862593651, -22.4467391968, 3.64061236382, -0.393529951572, -1.8252120018, -4.75772857666], "cov": [[12232.1376953, -2030.79968262, -2819.95800781, -259.437988281, -201.84413147, 696.157897949, -92.1979064941, 297.237365723, -282.444824219, 62.3928909302, 55.6247291565, -27.7097511292, -197.592147827], [-2030.79968262, 1643.26293945, 454.01260376, -87.0299987793, 195.283966064, -184.283706665, 146.896347046, -159.319000244, 106.001785278, -138.944976807, 53.2695083618, -137.754806519, 63.0119590759], [-2819.95800781, 454.01260376, 1683.77966309, 322.774169922, -27.3592758179, -130.825210571, -14.430847168, -86.4737243652, 69.5895843506, -18.541934967, -88.2055358887, 59.154335022, -40.6645889282], [-259.437988281, -87.0299987793, 322.774169922, 525.192932129, 90.8856430054, -33.5552368164, -32.420124054, 27.9372749329, 39.7889175415, -76.2972793579, -59.3905334473, 6.73871088028, -26.4776191711], [-201.84413147, 195.283966064, -27.3592758179, 90.8856430054, 441.733123779, 20.7782230377, 2.74699163437, 5.45811748505, 31.4310112, -42.9694328308, -61.0102081299, -39.4540214539, -7.54674053192], [696.157897949, -184.283706665, -130.825210571, -33.5552368164, 20.7782230377, 293.989898682, 63.4499702454, -30.3893852234, -70.6150894165, 23.3948364258, 14.0420665741, -28.3464508057, -20.0053539276], [-92.1979064941, 146.896347046, -14.430847168, -32.420124054, 2.74699163437, 63.4499702454, 213.089782715, -29.9917087555, -52.5668067932, -10.0745801926, 8.91410064697, -29.5684127808, -5.41078233719], [297.237365723, -159.319000244, -86.4737243652, 27.9372749329, 5.45811748505, -30.3893852234, -29.9917087555, 166.886795044, 46.0059089661, -9.18641662598, -26.0386791229, 10.1352205276, 0.364539146423], [-282.444824219, 106.001785278, 69.5895843506, 39.7889175415, 31.4310112, -70.6150894165, -52.5668067932, 46.0059089661, 190.206756592, -2.12399339676, -34.376411438, -10.8252286911, 5.79207086563], [62.3928909302, -138.944976807, -18.541934967, -76.2972793579, -42.9694328308, 23.3948364258, -10.0745801926, -9.18641662598, -2.12399339676, 185.521896362, 58.6002578735, 2.35264801979, -16.6516399384], [55.6247291565, 53.2695083618, -88.2055358887, -59.3905334473, -61.0102081299, 14.0420665741, 8.91410064697, -26.0386791229, -34.376411438, 58.6002578735, 182.42024231, 28.9788417816, 5.08239841461], [-27.7097511292, -137.754806519, 59.154335022, 6.73871088028, -39.4540214539, -28.3464508057, -29.5684127808, 10.1352205276, -10.8252286911, 2.35264801979, 28.9788417816, 142.715789795, 27.9821929932], [-197.592147827, 63.0119590759, -40.6645889282, -26.4776191711, -7.54674053192, -20.0053539276, -5.41078233719, 0.364539146423, 5.79207086563, -16.6516399384, 5.08239841461, 27.9821929932, 121.696533203]]}, "erbbands_spread": {"dmean": 5.59550714493, "dvar2": 171.461105347, "mean": 18.6271038055, "var": 280.885650635, "dmean2": 8.474401474, "dvar": 87.8550338745, "min": 0.852755725384, "median": 14.448466301, "max": 161.846130371}, "erbbands_kurtosis": {"dmean": 2.91962623596, "dvar2": 49.4991874695, "mean": 5.20410728455, "var": 49.5708007812, "dmean2": 4.6623544693, "dvar": 19.3077926636, "min": -1.90588521957, "median": 3.04398584366, "max": 100.398048401}, "dynamic_complexity": 3.98345828056, "erbbands_crest": {"dmean": 3.24550676346, "dvar2": 22.0021114349, "mean": 13.4008846283, "var": 27.5153923035, "dmean2": 5.28212547302, "dvar": 8.81858921051, "min": 2.78470873833, "median": 12.3492307663, "max": 33.5593757629}, "erbbands": {"dmean": [0.0599338002503, 0.375784784555, 1.7241973877, 3.46476817131, 3.65349912643, 4.73533535004, 9.8466091156, 19.5377254486, 15.8339414597, 16.6007843018, 14.7189731598, 24.5930900574, 22.6111183167, 24.5147724152, 27.6078014374, 29.3481769562, 21.8493785858, 12.3777961731, 12.3061771393, 6.83382844925, 4.3201084137, 2.16315054893, 1.85419356823, 2.61597084999, 1.86925566196, 1.04824542999, 0.926979005337, 0.555936336517, 0.498631119728, 0.475100070238, 0.584105730057, 0.549575209618, 0.323737233877, 0.147019594908, 0.0609920807183, 0.0238814428449, 0.00787730049342, 0.00243090069853, 0.000410807871958, 1.87092682609e-05], "dvar2": [0.0693228319287, 2.33733248711, 68.4268341064, 392.089111328, 218.645263672, 183.180419922, 877.508911133, 2462.73754883, 3247.81518555, 4399.57421875, 5545.16162109, 18083.7597656, 17057.1875, 16033.0458984, 21952.0019531, 25627.3886719, 14308.5810547, 5036.578125, 6975.42480469, 1908.88439941, 1060.44042969, 168.31980896, 129.305618286, 196.93119812, 59.1736030579, 17.3620738983, 21.6953907013, 8.55885791779, 8.16950702667, 15.0646333694, 17.0739860535, 15.4190711975, 7.16253948212, 1.28957521915, 0.253103643656, 0.0190320536494, 0.00188867934048, 0.000190011269297, 8.30152021081e-06, 6.11492723124e-09], "mean": [0.07894603163, 0.608660578728, 2.43868136406, 3.91852235794, 5.63287162781, 9.30598640442, 19.5666618347, 34.2606430054, 32.2905883789, 33.1297569275, 29.7525596619, 47.3313331604, 45.1835517883, 49.729183197, 46.4535255432, 52.9106521606, 43.2457199097, 23.9137306213, 22.0879459381, 11.6354942322, 6.84040689468, 4.11476325989, 3.64688873291, 4.74561166763, 3.80041885376, 2.08162069321, 1.63402712345, 0.946957230568, 0.817507445812, 0.765453755856, 0.968767881393, 0.948436617851, 0.510486125946, 0.221664950252, 0.0881290957332, 0.0313040502369, 0.00901523325592, 0.00247981934808, 0.000363731669495, 3.72978647647e-05], "var": [0.0284581445158, 0.91432851553, 35.8414154053, 108.547775269, 81.7340316772, 189.046661377, 1259.04064941, 2434.34204102, 3355.23803711, 4421.08300781, 5370.87890625, 13634.5996094, 16561.0449219, 23012.7910156, 21584.8496094, 46431.6601562, 27713.1933594, 6780.80078125, 9294.85839844, 1912.65966797, 946.754333496, 389.226104736, 228.326889038, 204.08140564, 92.4930038452, 20.0845909119, 21.5119457245, 7.63064241409, 7.38562393188, 14.0912265778, 16.3034610748, 15.0059728622, 5.66524744034, 0.81314855814, 0.113766498864, 0.0101175606251, 0.00115442916285, 8.91068993951e-05, 2.50962693826e-06, 2.43783992993e-09], "dmean2": [0.0978561118245, 0.623786151409, 2.91668248177, 6.17677211761, 6.30902671814, 7.6986413002, 15.9197492599, 32.9759864807, 25.2096748352, 25.8490962982, 22.134513855, 38.1148910522, 33.967956543, 37.0210456848, 43.2239341736, 43.7502593994, 32.1402664185, 18.3554420471, 17.5931377411, 10.1405267715, 6.42532253265, 3.04872584343, 2.64454722404, 3.82585763931, 2.74456810951, 1.59479367733, 1.42403674126, 0.823053658009, 0.748046636581, 0.694092869759, 0.863332390785, 0.782205402851, 0.471708387136, 0.215985417366, 0.0899385288358, 0.0364477932453, 0.0125235039741, 0.00387231633067, 0.000684510334395, 3.03308770526e-05], "dvar": [0.0274370964617, 0.875581502914, 25.4463691711, 139.051116943, 76.3383636475, 75.9542160034, 393.47354126, 975.536804199, 1359.33764648, 1887.7076416, 2620.55981445, 7398.55664062, 7592.75537109, 7905.55664062, 10040.4755859, 13368.1240234, 7047.86376953, 2375.07910156, 3560.02978516, 903.737854004, 518.584777832, 105.030830383, 63.8995780945, 87.7543869019, 29.4363479614, 7.7278008461, 10.0516338348, 3.67921853065, 3.75636744499, 7.18865060806, 7.48610258102, 7.57912874222, 3.59695219994, 0.582539439201, 0.104859486222, 0.00819133408368, 0.000840374093968, 8.01146161393e-05, 3.17562307828e-06, 2.34708630309e-09], "min": [2.62614698356e-21, 1.25907059352e-20, 3.98379747281e-20, 2.13164298452e-20, 5.06080117064e-20, 8.35550000141e-20, 2.55544861593e-19, 4.82165233418e-19, 6.14063990077e-19, 1.17222359884e-18, 6.98858895056e-19, 5.82494952192e-19, 8.89844920628e-19, 1.31444541445e-18, 2.28018911936e-18, 2.54316100303e-18, 4.1642786665e-18, 9.43193189772e-18, 9.48111026668e-18, 5.07761138062e-18, 7.27904132514e-18, 1.18754151554e-17, 7.76341016771e-18, 1.50855260961e-17, 1.00543968892e-17, 1.09049139212e-17, 9.79688232962e-18, 1.46849870455e-17, 1.86009163136e-17, 2.26958342314e-17, 1.96817899113e-17, 1.95472539478e-17, 1.53996892927e-17, 9.65359314083e-18, 8.80295616764e-18, 4.8722873682e-18, 2.91039466021e-18, 1.36933960144e-18, 3.4601479426e-19, 4.33945023953e-20], "median": [0.0254922397435, 0.295884132385, 0.437826573849, 1.07455408573, 2.62814354897, 5.66962909698, 9.99754047394, 18.9563941956, 17.0988922119, 12.3949069977, 8.27862644196, 8.24398040771, 7.45063781738, 7.82882261276, 6.34718990326, 4.02703762054, 3.74098396301, 2.37323904037, 1.498265028, 0.919404327869, 0.458304584026, 0.313226163387, 0.351194560528, 0.579647421837, 0.606196761131, 0.517544388771, 0.310359537601, 0.207149505615, 0.154233425856, 0.139322787523, 0.172015637159, 0.169759899378, 0.080677986145, 0.0462542325258, 0.0199383758008, 0.00679382495582, 0.0013970581349, 0.000246270326898, 2.56994735537e-05, 2.41608504439e-05], "max": [2.54490542412, 14.6838140488, 76.4334564209, 155.623153687, 135.993331909, 330.554077148, 770.47052002, 757.552124023, 1190.14770508, 1276.22668457, 1701.83068848, 2581.51000977, 2911.10620117, 2957.90551758, 3840.04174805, 4232.93945312, 3296.81005859, 2179.18652344, 3421.17529297, 1285.85827637, 1027.47216797, 692.762878418, 497.992431641, 295.2109375, 158.914978027, 91.4541854858, 180.414093018, 78.222618103, 75.1865844727, 197.21774292, 151.31803894, 129.164337158, 106.716949463, 45.8862800598, 22.9760780334, 4.59598016739, 1.26712548733, 0.34100535512, 0.0802411437035, 0.00136664113961]}, "silence_rate_30dB": {"dmean": 0.00219026068226, "dvar2": 0.00626102974638, "mean": 0.998685956001, "var": 0.00131241779309, "dmean2": 0.00438084127381, "dvar": 0.00218572700396, "min": 0, "median": 1, "max": 1}, "silence_rate_60dB": {"dmean": 0.0164999626577, "dvar2": 0.0377614870667, "mean": 0.0630749017, "var": 0.0590874105692, "dmean2": 0.0330023355782, "dvar": 0.0162297654897, "min": 0, "median": 0, "max": 1}, "spectral_energyband_middle_low": {"dmean": 0.00485208956525, "dvar2": 0.000120188058645, "mean": 0.0137488767505, "var": 0.000152519787662, "dmean2": 0.00785979349166, "dvar": 4.76685563626e-05, "min": 2.15304349598e-22, "median": 0.0102180726826, "max": 0.114044710994}, "spectral_spread": {"dmean": 647396.8125, "dvar2": 1453294223360.0, "mean": 3684408.5, "var": 3522004516860.0, "dmean2": 934985.875, "dvar": 863179767808, "min": 345810.0625, "median": 3381764.25, "max": 41457576}, "barkbands": {"dmean": [0.000186705408851, 0.00165245623793, 0.00183240475599, 0.00119771261234, 0.0013304320164, 0.00201315060258, 0.00108318543062, 0.000792329548858, 0.000978333991952, 0.000893568445463, 0.000604596629273, 0.000705497397576, 0.000457385467598, 0.000237613086938, 0.000214010971831, 9.52316404437e-05, 4.39457835455e-05, 4.36145164713e-05, 4.72615429317e-05, 2.36577652686e-05, 1.72694290086e-05, 1.38955219882e-05, 1.90182472579e-05, 2.27089822147e-05, 1.05577228169e-05, 4.73810996482e-06, 1.95736311071e-06], "dvar2": [5.99611723828e-07, 4.02248260798e-05, 8.52474040585e-05, 4.79528644064e-05, 1.32037321237e-05, 2.54914957623e-05, 1.67056441569e-05, 1.46656084326e-05, 3.08226481138e-05