{"tonal": {"hpcp": {"dvar": [0.0532949455082, 0.0458929911256, 0.0318576209247, 0.0243419334292, 0.0216478351504, 0.0224721208215, 0.0255878064781, 0.0222738832235, 0.0247393827885, 0.0243108738214, 0.0137079162523, 0.0108508365229, 0.0125698968768, 0.0123146623373, 0.0203299578279, 0.0374467633665, 0.0256206151098, 0.0161322522908, 0.0107391914353, 0.013000452891, 0.0175441913307, 0.0274572707713, 0.0195650048554, 0.0164726208895, 0.0149798011407, 0.0122661972418, 0.0198046397418, 0.0289554763585, 0.0301105305552, 0.0491224192083, 0.0568917579949, 0.0431179106236, 0.0454613082111, 0.0529270768166, 0.0701501294971, 0.0750367715955], "var": [0.124131314456, 0.0618693940341, 0.0274019632488, 0.0180479101837, 0.0188033655286, 0.0325065627694, 0.0542254634202, 0.034290984273, 0.0419445857406, 0.0748754292727, 0.0308124162257, 0.0084807286039, 0.00996109191328, 0.00992649979889, 0.0347305350006, 0.111024983227, 0.0529997013509, 0.0129054533318, 0.00817656517029, 0.00940943695605, 0.0302653498948, 0.0805252492428, 0.0401388518512, 0.0141941066831, 0.0108916321769, 0.00891740713269, 0.0219951439649, 0.0380569063127, 0.0311625469476, 0.0724539905787, 0.128198951483, 0.0679510831833, 0.0367814823985, 0.0533402040601, 0.0959231927991, 0.123062349856], "median": [0.216702237725, 0.101672805846, 0.024145161733, 0.0175067130476, 0.0208071004599, 0.058936599642, 0.0741420313716, 0.0431384257972, 0.0286319125444, 0.0298953298479, 0.0244562365115, 0.0226358994842, 0.0205427203327, 0.0183996055275, 0.126133695245, 0.254602193832, 0.160454139113, 0.0220576189458, 0.00962218269706, 0.0104346573353, 0.0354164130986, 0.0613374076784, 0.0481044054031, 0.0245409719646, 0.0134135186672, 0.00796839036047, 0.0310775469989, 0.0472942069173, 0.05429847911, 0.159015670419, 0.268941640854, 0.161793664098, 0.0355012044311, 0.0321285314858, 0.0719923898578, 0.203137949109], "max": [1, 1, 1, 1, 1, 1, 1, 1, 1, 1, 1, 1, 1, 1, 1, 1, 1, 1, 1, 1, 1, 1, 1, 1, 1, 1, 1, 1, 1, 1, 1, 1, 1, 1, 1, 1], "dmean": [0.190458893776, 0.15848068893, 0.0935898423195, 0.0681669861078, 0.0658939704299, 0.0873539075255, 0.0997257009149, 0.0849058032036, 0.0845374912024, 0.0806141421199, 0.0612007305026, 0.0458611436188, 0.0467133596539, 0.0496580600739, 0.109819807112, 0.160104528069, 0.129239425063, 0.0604417771101, 0.0387489832938, 0.0423278063536, 0.074362449348, 0.101848185062, 0.0821721628308, 0.054549112916, 0.0433742068708, 0.0400845110416, 0.072678796947, 0.100493982434, 0.113965936005, 0.189485400915, 0.212979331613, 0.175546824932, 0.134841367602, 0.153252393007, 0.218241795897, 0.255862146616], "dmean2": [0.327530354261, 0.272919476032, 0.169025912881, 0.123058490455, 0.116147577763, 0.147119790316, 0.166695952415, 0.142691090703, 0.14354108274, 0.135426849127, 0.10077765584, 0.0809089764953, 0.0820042788982, 0.0878548398614, 0.185060158372, 0.261612892151, 0.214849755168, 0.107071578503, 0.0688534080982, 0.0760596841574, 0.125533208251, 0.167329534888, 0.135069042444, 0.0954121574759, 0.0780008360744, 0.0726251378655, 0.126735165715, 0.173981800675, 0.197844803333, 0.329822272062, 0.368180423975, 0.301000893116, 0.24533239007, 0.27287966013, 0.377112537622, 0.443583697081], "mean": [0.360334277153, 0.208661407232, 0.0822804942727, 0.0593077801168, 0.0650652274489, 0.124450728297, 0.164700329304, 0.115113325417, 0.117371253669, 0.154619649053, 0.0972487702966, 0.049077488482, 0.0500153414905, 0.0479224398732, 0.192391723394, 0.373650431633, 0.243509545922, 0.0581232868135, 0.034602034837, 0.0369393862784, 0.114212729037, 0.195417150855, 0.135712116957, 0.0591214969754, 0.0407043844461, 0.0329706557095, 0.0863330885768, 0.126022711396, 0.120711669326, 0.26167717576, 0.396621882915, 0.257914960384, 0.113386496902, 0.141054302454, 0.234984323382, 0.348141074181], "dvar2": [0.135812714696, 0.121071711183, 0.0850355774164, 0.0677623301744, 0.0581330694258, 0.0594001747668, 0.0635025948286, 0.0583791695535, 0.0658863782883, 0.0601490996778, 0.0340759940445, 0.0304524041712, 0.0348285697401, 0.0334409996867, 0.0548467189074, 0.0879804864526, 0.0655682906508, 0.0435035116971, 0.0294378828257, 0.0366865471005, 0.0450941585004, 0.0626206845045, 0.0489640124142, 0.0456980578601, 0.041976775974, 0.0348188057542, 0.0534306578338, 0.0767701342702, 0.0801974833012, 0.128638371825, 0.146698340774, 0.117919899523, 0.128952309489, 0.142038017511, 0.176395833492, 0.18928155303], "min": [0, 0, 0, 0, 0, 0, 0, 0, 0, 0, 0, 0, 0, 0, 0, 0, 0, 0, 0, 0, 0, 0, 0, 0, 0, 0, 0, 0, 0, 0, 0, 0, 0, 0, 0, 0]}, "key_key": "G", "thpcp": [1, 0.650279223919, 0.285880595446, 0.355639219284, 0.592464327812, 0.877765655518, 0.908508300781, 0.526096582413, 0.207453235984, 0.149532288313, 0.16404850781, 0.313776761293, 0.415257811546, 0.290234416723, 0.29592731595, 0.38984143734, 0.24519264698, 0.123738728464, 0.126103326678, 0.120826512575, 0.48507592082, 0.942082226276, 0.613958954811, 0.14654584229, 0.0872418731451, 0.0931350216269, 0.287963747978, 0.492703914642, 0.342170029879, 0.149062618613, 0.102627679706, 0.083128683269, 0.217671021819, 0.31774020195, 0.304349482059, 0.659764826298], "chords_key": "G", "tuning_equal_tempered_deviation": 0.0169784557074, "tuning_frequency": 440, "tuning_diatonic_strength": 0.643550276756, "chords_histogram": [38.9872779846, 0.473933637142, 28.6106262207, 0.299326509237, 1.24719381332, 0.42404589057, 0.174607127905, 0, 0, 0, 0.0249438770115, 0, 0.0748316273093, 0, 0, 0.149663254619, 0, 4.41506624222, 0, 2.09528565407, 0, 9.35395336151, 10.9004735947, 2.7687702179], "key_strength": 0.755172848701, "key_scale": "major", "chords_strength": {"dvar": 0.000572426884901, "var": 0.00974976271391, "median": 0.497101634741, "max": 0.700171709061, "dmean": 0.00899494066834, "dmean2": 0.00856589432806, "mean": 0.497450083494, "dvar2": 0.00105550826993, "min": -1}, "chords_number_rate": 0.00199551018886, "tuning_nontempered_energy_ratio": 0.65366768837, "hpcp_entropy": {"dvar": 0.241281315684, "var": 0.495687425137, "median": 2.04035210609, "max": 4.3197221756, "dmean": 0.556361198425, "dmean2": 0.936824977398, "mean": 2.00200676918, "dvar2": 0.643099248409, "min": 0}, "chords_changes_rate": 0.0476428046823, "chords_scale": "major"}, "rhythm": {"bpm_histogram_first_peak_spread": {"dvar": 0, "var": 0, "median": 0, "max": 0, "dmean": 0, "dmean2": 0, "mean": 0, "dvar2": 0, "min": 0}, "bpm_histogram_first_peak_weight": {"dvar": 0, "var": 0, "median": 0.449814140797, "max": 0.449814140797, "dmean": 0, "dmean2": 0, "mean": 0.449814140797, "dvar2": 0, "min": 0.449814140797}, "bpm_histogram_first_peak_bpm": {"dvar": 0, "var": 0, "median": 178, "max": 178, "dmean": 0, "dmean2": 0, "mean": 178, "dvar2": 0, "min": 178}, "bpm": 178.205429077, "bpm_histogram_second_peak_weight": {"dvar": 0, "var": 0, "median": 0.410780668259, "max": 0.410780668259, "dmean": 0, "dmean2": 0, "mean": 0.410780668259, "dvar2": 0, "min": 0.410780668259}, "beats_loudness": {"dvar": 0.000109334469016, "var": 0.000282924884232, "median": 0.027967710048, "max": 0.0734045654535, "dmean": 0.0124389640987, "dmean2": 0.0221658088267, "mean": 0.0303493347019, "dvar2": 0.000353016686859, "min": 0}, "beats_loudness_band_ratio": {"dvar": [0.0210836138576, 0.0141545385122, 0.0136184804142, 0.00766713358462, 0.00264680106193, 0.0137016773224], "var": [0.0366052426398, 0.0190996807069, 0.0173034034669, 0.0118532776833, 0.00390255567618, 0.0105421543121], "median": [0.378460377455, 0.215495705605, 0.135676816106, 0.0972798466682, 0.0755566954613, 0.0457660183311], "max": [0.972984373569, 0.752728581429, 0.765162885189, 0.641897439957, 0.384899020195, 0.812745928764], "dmean": [0.180406421423, 0.143407180905, 0.114846050739, 0.0792530998588, 0.0544599965215, 0.0746822357178], "dmean2": [0.312058627605, 0.246655166149, 0.20219284296, 0.138270691037, 0.0967383831739, 0.139222875237], "mean": [0.39338850975, 0.239543288946, 0.169381543994, 0.130020081997, 0.0876309126616, 0.0753893852234], "dvar2": [0.0580064095557, 0.0429912768304, 0.0371860191226, 0.0216766577214, 0.00741176726297, 0.0401465035975], "min": [0, 0, 0, 0, 0, 0]}, "bpm_histogram_second_peak_bpm": {"dvar": 0, "var": 0, "median": 172, "max": 172, "dmean": 0, "dmean2": 0, "mean": 172, "dvar2": 0, "min": 172}, "onset_rate": 3.8579761982, "beats_count": 539, "beats_position": [0.31346938014, 0.638548731804, 0.96362811327, 1.30031740665, 1.63700675964, 1.97369611263, 2.32199549675, 2.65868473053, 2.99537420273, 3.33206343651, 3.66875267029, 4.01705217361, 4.3653512001, 4.71365070343, 5.06195020676, 5.41024923325, 5.75854873657, 6.10684776306, 6.45514726639, 6.80344676971, 7.14013576508, 7.47682523727, 7.8251247406, 8.16181373596, 8.498503685, 8.84680271149, 9.18349170685, 9.53179073334, 9.8800907135, 10.2167797089, 10.5650787354, 10.9017686844, 11.2384576797, 11.5751476288, 11.9234466553, 12.2601356506, 12.6084346771, 12.9567346573, 13.3050336838, 13.6417226791, 13.9784126282, 14.3151016235, 14.6517915726, 15.0000905991, 15.3483896255, 15.696688652, 16.0449886322, 16.3816776276, 16.7183666229, 17.0666656494, 17.4149665833, 17.7516555786, 18.088344574, 18.4250335693, 18.7617225647, 19.0984115601, 19.4467124939, 19.7717914581, 20.1084804535, 20.4451694489, 20.7818584442, 21.1069393158, 21.43201828, 21.7570972443, 22.1053962708, 22.4536952972, 22.8019943237, 23.1502952576, 23.4985942841, 23.8352832794, 24.1719722748, 24.5202713013, 24.8685703278, 25.2052612305, 25.5419502258, 25.8786392212, 26.2269382477, 26.5752372742, 26.9119262695, 27.2486171722, 27.5853061676, 27.921995163, 28.2586841583, 28.5837631226, 28.9204521179, 29.2571430206, 29.593832016, 29.9305210114, 30.2788200378, 30.6155090332, 30.9521980286, 31.2888889313, 31.6255779266, 31.9506568909, 32.2873458862, 32.6356468201, 32.9723358154, 33.3090248108, 33.6457138062, 33.9824028015, 34.3307037354, 34.6673927307, 34.9924697876, 35.329158783, 35.6658477783, 36.0025405884, 36.3392295837, 36.6875267029, 37.0242156982, 37.3609046936, 37.6975975037, 38.034286499, 38.3709754944, 38.7076644897, 39.0559616089, 39.3926506042, 39.7293434143, 40.0660324097, 40.402721405, 40.7277984619, 41.0528793335, 41.3895683289, 41.7262573242, 42.0745582581, 42.4112472534, 42.7479362488, 43.0846252441, 43.4213142395, 43.7580032349, 44.0946922302, 44.4313812256, 44.7680702209, 45.1163711548, 45.4646720886, 45.8129692078, 46.1496582031, 46.4863471985, 46.8346481323, 47.1829452515, 47.5312461853, 47.8795471191, 48.2162361145, 48.5529251099, 48.901222229, 49.2495231628, 49.5862121582, 49.9229011536, 50.2712020874, 50.6194992065, 50.9678001404, 51.3044891357, 51.6411781311, 51.9894790649, 52.3377761841, 52.6860771179, 53.0343742371, 53.3478431702, 53.6845359802, 54.0328330994, 54.3811340332, 54.7294311523, 55.0777320862, 55.4260292053, 55.7743301392, 56.1110191345, 56.4477081299, 56.7727890015, 57.1094779968, 57.4461669922, 57.7828559875, 58.1195449829, 58.4562339783, 58.8045349121, 59.1412239075, 59.4779129028, 59.8262138367, 60.162902832, 60.4995918274, 60.8362808228, 61.1729698181, 61.5212669373, 61.8579597473, 62.2062568665, 62.5429458618, 62.8912467957, 63.2395439148, 63.5762329102, 63.924533844, 64.2612228394, 64.5979156494, 64.9462127686, 65.2945098877, 65.6544189453, 66.0143280029, 66.385848999, 66.7341461182, 67.0824508667, 67.4307479858, 67.7674331665, 68.1041259766, 68.4524230957, 68.8007278442, 69.1490249634, 69.508934021, 69.8688430786, 70.2403640747, 70.6118774414, 70.9833984375, 71.3781356812, 71.7728805542, 72.1792297363, 72.5623550415, 72.9222640991, 73.2821731567, 73.6304779053, 73.9787750244, 74.3270721436, 74.6753692627, 75.0236740112, 75.3603591919, 75.697052002, 76.0453491211, 76.3936462402, 76.7419509888, 77.0902481079, 77.4385452271, 77.7868499756, 78.1351470947, 78.4834442139, 78.831741333, 79.1800460815, 79.5283432007, 79.8766403198, 80.2249450684, 80.5732421875, 80.9215393066, 81.2698364258, 81.6181411743, 81.9664382935, 82.3147354126, 82.6630401611, 83.0113372803, 83.3596343994, 83.6963272095, 84.0330123901, 84.3813171387, 84.7180023193, 85.0546951294, 85.4029922485, 85.7512893677, 86.0995864868, 86.4478912354, 86.7961883545, 87.1444854736, 87.4927902222, 87.8410873413, 88.2009963989, 88.5609054565, 88.9092025757, 89.2575073242, 89.6058044434, 89.9541015625, 90.3023986816, 90.6390914917, 90.9757843018, 91.3124694824, 91.6491622925, 91.9858474731, 92.3225402832, 92.6708374023, 93.0075302124, 93.3442153931, 93.6809082031, 94.0175933838, 94.3542861938, 94.6909713745, 95.039276123, 95.3875732422, 95.7358703613, 96.0841674805, 96.4208602905, 96.7575454712, 97.0942382812, 97.4309310913, 97.767616272, 98.104309082, 98.4526062012, 98.8009033203, 99.1375961304, 99.474281311, 99.8109741211, 100.147659302, 100.484352112, 100.821044922, 101.157730103, 101.494422913, 101.831108093, 102.156188965, 102.492874146, 102.817955017, 103.166259766, 103.514556885, 103.862854004, 104.211151123, 104.559455872, 104.907752991, 105.25605011, 105.604354858, 105.941040039, 106.277732849, 106.61441803, 106.95111084, 107.276191711, 107.612876892, 107.949569702, 108.274642944, 108.611335754, 108.959632874, 109.296325684, 109.633010864, 109.969703674, 110.306388855, 110.654693604, 111.014602661, 111.36289978, 111.711196899, 112.047889709, 112.38457489, 112.7212677, 113.05796051, 113.406257629, 113.754554749, 114.091247559, 114.427932739, 114.776237488, 115.124534607, 115.472831726, 115.821128845, 116.157821655, 116.494506836, 116.831199646, 117.167892456, 117.492965698, 117.841270447, 118.189567566, 118.537864685, 118.874557495, 119.222854614, 119.571151733, 119.907844543, 120.256141663, 120.604438782, 120.941131592, 121.277824402, 121.626121521, 121.97441864, 122.322715759, 122.671020508, 123.019317627, 123.367614746, 123.715919495, 124.052604675, 124.389297485, 124.737594604, 125.085891724, 125.434196472, 125.782493591, 126.13079071, 126.467483521, 126.804168701, 127.140861511, 127.477546692, 127.814239502, 128.17414856, 128.522445679, 128.870742798, 129.195831299, 129.544128418, 129.892425537, 130.240722656, 130.589019775, 130.914108276, 131.262405396, 131.610702515, 131.947387695, 132.295684814, 132.643981934, 132.980682373, 133.328979492, 133.677276611, 134.02557373, 134.362258911, 134.698959351, 135.035644531, 135.372329712, 135.720626831, 136.068939209, 136.417236328, 136.753921509, 137.090606689, 137.438903809, 137.787200928, 138.112289429, 138.448974609, 138.78565979, 139.133972168, 139.482269287, 139.818954468, 140.155639648, 140.503936768, 140.840637207, 141.177322388, 141.525619507, 141.873916626, 142.210617065, 142.547302246, 142.895599365, 143.232284546, 143.568969727, 143.905670166, 144.242355347, 144.590652466, 144.938949585, 145.264038086, 145.612335205, 145.960632324, 146.297317505, 146.634017944, 146.982315063, 147.330612183, 147.667297363, 148.003982544, 148.352294922, 148.700592041, 149.037277222, 149.373962402, 149.722259521, 150.070556641, 150.418869019, 150.743942261, 151.09223938, 151.440536499, 151.777236938, 152.113922119, 152.462219238, 152.810516357, 153.147201538, 153.483901978, 153.843811035, 154.203720093, 154.56362915, 154.923538208, 155.295059204, 155.6665802, 156.026489258, 156.386398315, 156.734695435, 157.082992554, 157.431289673, 157.767974854, 158.104675293, 158.452972412, 158.789657593, 159.126342773, 159.463043213, 159.799728394, 160.136413574, 160.473098755, 160.809799194, 161.146484375, 161.483169556, 161.819854736, 162.156555176, 162.493240356, 162.829925537, 163.166610718, 163.491699219, 163.816772461, 164.141860962, 164.478546143, 164.815231323, 165.163528442, 165.51184082, 165.860137939, 166.185211182, 166.510284424, 166.846984863, 167.183670044, 167.531967163, 167.880264282, 168.216964722, 168.553649902, 168.878723145, 169.215423584, 169.552108765, 169.877182007, 170.213867188, 170.550567627, 170.875640869, 171.223937988, 171.560638428, 171.897323608, 172.245620728, 172.582305908, 172.919006348, 173.267303467, 173.603988647, 173.940673828, 174.288970947, 174.625671387, 174.962356567, 175.299041748, 175.635726929, 175.972427368, 176.320724487, 176.657409668, 177.005706787, 177.354003906, 177.702316284, 178.050613403, 178.398910522, 178.770431519, 179.130340576, 179.490249634, 179.896591187, 180.302947998, 180.709289551, 181.115646362, 181.521987915, 181.939956665, 182.357910156, 182.775863647, 183.170608521, 183.565353394, 183.971694946, 184.378051758, 184.784393311, 185.190750122, 185.597091675], "danceability": 1.02223479748, "bpm_histogram_second_peak_spread": {"dvar": 0, "var": 0, "median": 0, "max": 0, "dmean": 0, "dmean2": 0, "mean": 0, "dvar2": 0, "min": 0}}, "lowlevel": {"spectral_flux": {"dvar": 0.000326102279359, "var": 0.00114399800077, "median": 0.0671424418688, "max": 0.225310429931, "dmean": 0.0172847472131, "dmean2": 0.0268811751157, "mean": 0.0696735605597, "dvar2": 0.000720240175724, "min": 6.33685465212e-11}, "spectral_rolloff": {"dvar": 872635.1875, "var": 4241363, "median": 1378.125, "max": 19659.8144531, "dmean": 462.901550293, "dmean2": 738.436218262, "mean": 1791.19250488, "dvar2": 1686292.75, "min": 107.666015625}, "barkbands_flatness_db": {"dvar": 0.000250371318543, "var": 0.00128125294577, "median": 0.112196937203, "max": 0.321025699377, "dmean": 0.0166772753, "dmean2": 0.0241615828127, "mean": 0.116147808731, "dvar2": 0.000514250306878, "min": 0.0279776249081}, "spectral_centroid": {"dvar": 103394.640625, "var": 1031036, "median": 1310.96411133, "max": 11590.5751953, "dmean": 241.816558838, "dmean2": 353.700622559, "mean": 1470.52600098, "dvar2": 176407.65625, "min": 236.982040405}, "melbands_skewness": {"dvar": 0.350744009018, "var": 1.63360774517, "median": 2.14386415482, "max": 10.2429704666, "dmean": 0.542076766491, "dmean2": 0.813289225101, "mean": 2.33510112762, "dvar2": 0.797149062157, "min": -1.40446007252}, "melbands": {"dvar": [3.98405255453e-08, 1.28431315716e-06, 7.05112313426e-07, 8.77684556144e-07, 1.10944867515e-07, 7.66246870398e-08, 8.92435494393e-08, 2.01218867346e-07, 9.63970805401e-08, 1.26710277826e-08, 1.57324642203e-08, 1.17197158644e-08, 5.55691226367e-09, 7.78599940077e-09, 4.71987515738e-09, 3.31281113652e-09, 4.91958429549e-09, 1.21162657685e-09, 2.6259012742e-09, 8.30223279014e-10, 7.41468331178e-10, 5.98865512735e-10, 2.33743302491e-10, 1.69113251181e-10, 1.20304183282e-10, 2.96587532311e-10, 2.48932180424e-10, 1.56728921508e-10, 9.17865991545e-11, 8.22517817745e-11, 9.22375995027e-11, 8.88122700382e-11, 7.82004253019e-11, 2.99100848256e-11, 5.72033254098e-11, 3.60095911422e-11, 1.11722020524e-11, 1.96939010239e-11, 1.87960272346e-11, 1.17615197096e-11], "var": [5.84759121125e-08, 3.9906267375e-06, 1.1038160892e-06, 1.13023872927e-06, 3.24060181356e-07, 2.43190044102e-07, 2.92518649303e-07, 7.13014571829e-07, 3.87027768056e-07, 4.53695925273e-08, 3.91660499588e-08, 2.26072831566e-08, 1.40580453944e-08, 1.65201043956e-08, 2.66841695407e-08, 1.80990884502e-08, 1.6146868731e-08, 3.83045506425e-09, 6.28939034186e-09, 2.26509899726e-09, 1.68737968043e-09, 1.5178562851e-09, 5.20290366346e-10, 3.33595512325e-10, 3.17266740657e-10, 7.45762840371e-10, 8.07534816794e-10, 3.70625558022e-10, 1.66136535085e-10, 1.33484806542e-10, 1.5948703469e-10, 1.83177209512e-10, 1.62476365695e-10, 6.00022601049e-11, 1.03945740904e-10, 6.14474512939e-11, 1.85765239996e-11, 3.53937608388e-11, 3.64536456576e-11, 1.7013850398e-11], "median": [0.00010184495477, 0.00101147778332, 0.000828376330901, 0.000548127107322, 0.000287797185592, 0.00023185077589, 0.000192933090148, 8.20890709292e-05, 0.000107770691102, 5.56014820177e-05, 6.33741728961e-05, 4.06081308029e-05, 3.41844352079e-05, 4.23306955781e-05, 3.71891910618e-05, 3.07106165565e-05, 2.72563229373e-05, 2.13766415982e-05, 3.18595484714e-05, 2.12733757508e-05, 1.32809109346e-05, 1.05699937194e-05, 7.88242232375e-06, 7.12940618541e-06, 8.36469371279e-06, 6.1753985392e-06, 5.16681348017e-06, 4.28782823292e-06, 4.22074754169e-06, 3.47045374838e-06, 1.24927885281e-06, 1.31294871153e-06, 1.15098464448e-06, 7.73248700625e-07, 6.70547080972e-07, 4.77496087115e-07, 2.72293959824e-07, 3.04775170434e-07, 3.50334630639e-07, 2.14898193462e-07], "max": [0.00702786399052, 0.0196641776711, 0.0120417037979, 0.0146120376885, 0.00873238034546, 0.00554596120492, 0.0056023709476, 0.0113475555554, 0.0122208585963, 0.00293457438238, 0.00345905171707, 0.0043709827587, 0.0018418332329, 0.00260817585513, 0.00148146913853, 0.00127388420515, 0.0013751538936, 0.000689062697347, 0.00112845131662, 0.000675961840898, 0.000557249120902, 0.000586595386267, 0.000223812661716, 0.000317180907587, 0.00026400067145, 0.000519778579473, 0.000389341643313, 0.000300510175293, 0.000243138740188, 0.000256711093243, 0.000164130673511, 0.000239348853938, 0.000237972839386, 0.000136185350129, 0.00024919770658, 0.000205933072721, 9.2011418019e-05, 0.000147948027006, 0.000104942613689, 0.000102093719761], "dmean": [0.000101360412373, 0.000888275040779, 0.000564282934647, 0.000562650500797, 0.000198589841602, 0.000165186982485, 0.000161009884323, 0.000145132697071, 0.000115980466944, 5.49201904505e-05, 6.49188878015e-05, 4.35580550402e-05, 3.81256177207e-05, 4.52081403637e-05, 3.82123071176e-05, 3.08210110234e-05, 3.83655751648e-05, 2.01080038096e-05, 2.78909938061e-05, 1.74538126885e-05, 1.46357588164e-05, 1.24361904454e-05, 8.34371076053e-06, 6.89727949066e-06, 6.51046457278e-06, 7.23975335859e-06, 7.19664194548e-06, 5.65888421988e-06, 4.53850225313e-06, 4.06266326536e-06, 3.04007585328e-06, 2.81803750113e-06, 2.69760334959e-06, 1.94743938664e-06, 2.27553277909e-06, 1.74658998731e-06, 8.622578207e-07, 1.12933787477e-06, 1.1676415852e-06, 8.48143884014e-07], "dmean2": [0.000155494271894, 0.00127787608653, 0.000917581550311, 0.000934078125283, 0.000305837282212, 0.000262578570982, 0.000248756026849, 0.000215157080675, 0.000163671706105, 7.95204105088e-05, 9.88208048511e-05, 6.50756264804e-05, 5.80868763791e-05, 6.95264243404e-05, 5.64241563552e-05, 4.5350050641e-05, 5.9898942709e-05, 3.08578746626e-05, 4.36424379586e-05, 2.74052163149e-05, 2.41292200371e-05, 2.04770713026e-05, 1.35050668177e-05, 1.09212260213e-05, 1.00202505564e-05, 1.10999653771e-05, 1.10512446554e-05, 8.84867586137e-06, 7.09092773832e-06, 6.24351696388e-06, 4.63723335997e-06, 4.17497540184e-06, 3.99257078243e-06, 2.92254139822e-06, 3.35972345056e-06, 2.60187562162e-06, 1.28139822664e-06, 1.66101585819e-06, 1.69668987837e-06, 1.28375836539e-06], "mean": [0.00017719353491, 0.00173444440588, 0.00111698650289, 0.000889461894985, 0.000469478487503, 0.0003976522421, 0.00037924159551, 0.000297678110655, 0.000272705365205, 0.00012550286192, 0.000127962281113, 8.9016284619e-05, 7.3522234743e-05, 8.68927018018e-05, 9.8610893474e-05, 7.90664416854e-05, 8.38609994389e-05, 4.4186184823e-05, 5.843244071e-05, 3.6520708818e-05, 2.71356511803e-05, 2.367640991e-05, 1.56410951604e-05, 1.31709975904e-05, 1.42312474054e-05, 1.45274661918e-05, 1.454665653e-05, 1.07929508886e-05, 8.46674720378e-06, 7.11853908797e-06, 4.76792683912e-06, 4.7055750656e-06, 4.45976093033e-06, 3.02080024994e-06, 3.25277414959e-06, 2.49063327828e-06, 1.23388508655e-06, 1.60892989243e-06, 1.68726865013e-06, 1.12417717446e-06], "dvar2": [1.02732961693e-07, 2.83322196992e-06, 1.90749165085e-06, 2.38905886363e-06, 2.71587481393e-07, 1.85508028494e-07, 2.11207947132e-07, 3.98428284143e-07, 1.79095337671e-07, 2.82669514462e-08, 3.72938977478e-08, 2.92486248554e-08, 1.32984139256e-08, 1.91304181385e-08, 1.008651207e-08, 6.35967323248e-09, 1.15725571348e-08, 2.74506861686e-09, 6.37021457806e-09, 2.05539718579e-09, 2.01863170624e-09, 1.63474656034e-09, 6.04893135581e-10, 4.29535490509e-10, 2.77147638172e-10, 7.24031723465e-10, 5.60789581439e-10, 3.80742160022e-10, 2.2990391535e-10, 1.94155039268e-10, 2.15024359429e-10, 1.86892043508e-10, 1.61396521148e-10, 6.22277646078e-11, 1.19267262733e-10, 7.67333419027e-11, 2.48806010517e-11, 4.18850336359e-11, 3.70834335461e-11, 2.63213218582e-11], "min": [1.31922333307e-24, 1.28058887024e-24, 2.59889002491e-24, 2.18640570162e-24, 1.48760983481e-24, 2.86271489111e-24, 1.54787091936e-24, 3.4312364931e-24, 1.71716973873e-24, 2.6147189134e-24, 3.15669337377e-24, 3.00278404737e-24, 3.23692249999e-24, 3.42943236821e-24, 2.56890325253e-24, 2.90750976597e-24, 3.29378517176e-24, 2.94535457904e-24, 3.46409807183e-24, 2.32518960624e-24, 4.95141050607e-24, 3.46057423016e-24, 4.02157345177e-24, 4.69906060781e-24, 4.78123348729e-24, 4.11510908373e-24, 4.99169842136e-24, 5.28160835391e-24, 5.40358005492e-24, 4.14259536425e-24, 4.2163940908e-24, 7.230076646e-24, 5.87215712173e-24, 5.74670259982e-24, 6.4338189865e-24, 6.21735239867e-24, 6.48355508886e-24, 3.90687425944e-24, 6.68685361603e-24, 5.82874492283e-24]}, "spectral_decrease": {"dvar": 2.99389895664e-18, "var": 1.47814131439e-17, "median": -5.34082467141e-09, "max": 8.59155214508e-20, "dmean": 1.47020540187e-09, "dmean2": 2.21717555426e-09, "mean": -6.03778360642e-09, "dvar2": 7.26452430539e-18, "min": -2.31023395969e-08}, "barkbands_kurtosis": {"dvar": 6.53960418701, "var": 28.3347663879, "median": 0.740739107132, "max": 68.5890045166, "dmean": 1.58266723156, "dmean2": 2.41832232475, "mean": 2.47137975693, "dvar2": 14.6447849274, "min": -1.897970438}, "silence_rate_30dB": {"dvar": 0, "var": 0, "median": 1, "max": 1, "dmean": 0, "dmean2": 0, "mean": 1, "dvar2": 0, "min": 1}, "gfcc": {"mean": [3.31660747528, 90.7377090454, -123.495254517, 32.3520698547, -60.5316696167, 10.3285341263, -43.9385414124, 0.134814843535, -31.5466346741, 1.71353197098, -21.94880867, -7.24433755875, -16.0627784729], "cov": [[15053.5693359, 90.6103744507, -1562.65637207, 335.336883545, -668.759887695, 300.881317139, -474.084716797, 61.3189659119, -420.266174316, 56.6149673462, -223.175415039, -55.3612747192, -155.504333496], [90.6103744507, 1062.07727051, -317.125457764, -129.355255127, 119.442703247, -113.785949707, 97.4562606812, -50.8863792419, 66.0225906372, -73.4860458374, 73.115196228, -74.8085784912, 39.5307922363], [-1562.65637207, -317.125457764, 550.977111816, 76.5023803711, 36.328250885, 31.4076633453, 11.8934240341, 8.19603538513, 28.5861606598, 22.2578697205, -18.729183197, 59.8636283875, 1.83886027336], [335.336883545, -129.355255127, 76.5023803711, 316.151489258, -25.9218654633, -22.6745605469, -17.1723365784, -12.3030042648, 11.1396522522, -40.0899467468, 12.001159668, 0.265256434679, 9.62721157074], [-668.759887695, 119.442703247, 36.328250885, -25.9218654633, 219.588790894, 32.5166091919, 24.8075504303, 5.47383213043, 26.1022434235, 5.50608158112, 4.52866697311, 16.489440918, 23.0384311676], [300.881317139, -113.785949707, 31.4076633453, -22.6745605469, 32.5166091919, 197.248352051, 23.907453537, 8.7751493454, -17.6159210205, 13.9197750092, -19.2745132446, 21.6579818726, -5.97494268417], [-474.084716797, 97.4562606812, 11.8934240341, -17.1723365784, 24.8075504303, 23.907453537, 131.676361084, 16.8683223724, 26.7998046875, -21.0822505951, 15.388841629, -12.7552156448, 0.564757287502], [61.3189659119, -50.8863792419, 8.19603538513, -12.3030042648, 5.47383213043, 8.7751493454, 16.8683223724, 90.5060348511, 11.1038818359, 9.95673274994, -11.805893898, -5.7130074501, -2.93255662918], [-420.266174316, 66.0225906372, 28.5861606598, 11.1396522522, 26.1022434235, -17.6159210205, 26.7998046875, 11.1038818359, 100.730171204, 13.248503685, 8.96811103821, -2.44152951241, -1.90767478943], [56.6149673462, -73.4860458374, 22.2578697205, -40.0899467468, 5.50608158112, 13.9197750092, -21.0822505951, 9.95673274994, 13.248503685, 112.007041931, -1.18022310734, 5.12577533722, -20.0783481598], [-223.175415039, 73.115196228, -18.729183197, 12.001159668, 4.52866697311, -19.2745132446, 15.388841629, -11.805893898, 8.96811103821, -1.18022310734, 79.1248092651, -2.93158102036, 1.01751816273], [-55.3612747192, -74.8085784912, 59.8636283875, 0.265256434679, 16.489440918, 21.6579818726, -12.7552156448, -5.7130074501, -2.44152951241, 5.12577533722, -2.93158102036, 75.0366668701, 15.1046485901], [-155.504333496, 39.5307922363, 1.83886027336, 9.62721157074, 23.0384311676, -5.97494268417, 0.564757287502, -2.93255662918, -1.90767478943, -20.0783481598, 1.01751816273, 15.1046485901, 61.9188232422]], "icov": [[0.000279166008113, -0.000373211107217, 0.000739634211641, -0.000739595270716, 0.000763607793488, -0.000762265117373, 0.000797296699602, -0.000648023327813, 0.00079580192687, -0.000470767554361, 0.000808361626696, -0.00065753411036, 0.000655741547234], [-0.000373211107217, 0.0024972630199, -6.41834194539e-05, 0.00177837663796, -0.00209475518204, 0.00194213644136, -0.00204566307366, 0.00213632406667, -0.00219906750135, 0.00159555429127, -0.00196354021318, 0.00206731283106, -0.00174196460284], [0.000739634211641, -6.41834194539e-05, 0.00458472548053, -0.00226908456534, 0.00128921004944, -0.0016401639441, 0.00117397203576, -0.00121819903143, 0.00120157760102, -0.00134494435042, 0.0024026427418, -0.00298821926117, 0.00169916590676], [-0.000739595270716, 0.00177837663796, -0.00226908456534, 0.00596813485026, -0.0019481733907, 0.00238501001149, -0.00152314512525, 0.00240696361288, -0.00331897009164, 0.00322357797995, -0.00326765631326, 0.00271503534168, -0.00243601389229], [0.000763607793488, -0.00209475518204, 0.00128921004944, -0.0019481733907, 0.00793177075684, -0.00345652550459, 0.00221773213707, -0.00246287044138, 0.00142559211235, -0.00202557304874, 0.00229582563043, -0.00285715190694, 0.000144431105582], [-0.000762265117373, 0.00194213644136, -0.0016401639441, 0.00238501001149, -0.00345652550459, 0.00856485497206, -0.0044058742933, 0.00216117221862, -0.000943265738897, 0.00080754479859, -0.00108084455132, 0.000467279925942, -0.00108472397551], [0.000797296699602, -0.00204566307366, 0.00117397203576, -0.00152314512525, 0.00221773213707, -0.0044058742933, 0.0126567669213, -0.00410041259602, 0.000106184066681, 0.00109176291153, 0.00033723472734, -0.000294618104817, 0.00237398478203], [-0.000648023327813, 0.00213632406667, -0.00121819903143, 0.00240696361288, -0.00246287044138, 0.00216117221862, -0.00410041259602, 0.0142941419035, -0.00349691696465, 0.000510215468239, -0.000306374306092, 0.00320806005038, -0.00220994465053], [0.00079580192687, -0.00219906750135, 0.00120157760102, -0.00331897009164, 0.00142559211235, -0.000943265738897, 0.000106184066681, -0.00349691696465, 0.0148474937305, -0.0039981789887, 0.00233656750061, -0.00256620114669, 0.00284342630766], [-0.000470767554361, 0.00159555429127, -0.00134494435042, 0.00322357797995, -0.00202557304874, 0.00080754479859, 0.00109176291153, 0.000510215468239, -0.0039981789887, 0.0125104263425, -0.0027698141057, 0.00127585511655, 0.00185142969713], [0.000808361626696, -0.00196354021318, 0.0024026427418, -0.00326765631326, 0.00229582563043, -0.00108084455132, 0.00033723472734, -0.000306374306092, 0.00233656750061, -0.0027698141057, 0.0168440937996, -0.00297831231728, 0.00236788275652], [-0.00065753411036, 0.00206731283106, -0.00298821926117, 0.00271503534168, -0.00285715190694, 0.000467279925942, -0.000294618104817, 0.00320806005038, -0.00256620114669, 0.00127585511655, -0.00297831231728, 0.0189411435276, -0.00627873698249], [0.000655741547234, -0.00174196460284, 0.00169916590676, -0.00243601389229, 0.000144431105582, -0.00108472397551, 0.00237398478203, -0.00220994465053, 0.00284342630766, 0.00185142969713, 0.00236788275652, -0.00627873698249, 0.0211334116757]]}, "silence_rate_20dB": {"dvar": 0, "var": 0, "median": 1, "max": 1, "dmean": 0, "dmean2": 0, "mean": 1, "dvar2": 0, "min": 1}, "barkbands_skewness": {"dvar": 0.193289533257, "var": 1.08933532238, "median": 1.16298770905, "max": 6.93261814117, "dmean": 0.398628205061, "dmean2": 0.587905406952, "mean": 1.28188502789, "dvar2": 0.383826851845, "min": -4.02569437027}, "erbbands_skewness": {"dvar": 0.0905022472143, "var": 0.504758000374, "median": 0.057684391737, "max": 3.41561603546, "dmean": 0.278359353542, "dmean2": 0.410558670759, "mean": 0.0689152926207, "dvar2": 0.170375481248, "min": -3.88224005699}, "spectral_contrast_valleys": {"dvar": [0.136115431786, 0.0759591832757, 0.0720709264278, 0.0594506785274, 0.0867946743965, 0.189786970615], "var": [3.21724057198, 3.46479535103, 3.43167519569, 3.30764317513, 3.37746357918, 3.0300219059], "median": [-7.46858596802, -6.61601829529, -7.19248247147, -7.51786422729, -7.53074407578, -10.222568512], "max": [-5.72014951706, -5.05920886993, -4.82259130478, -5.97530651093, -5.48139953613, -7.15714597702], "dmean": [0.433833181858, 0.296719163656, 0.28732997179, 0.254733532667, 0.28885486722, 0.414740115404], "dmean2": [0.721231341362, 0.47853115201, 0.450381070375, 0.381801009178, 0.385540783405, 0.514705717564], "mean": [-7.70193958282, -6.87430286407, -7.470662117, -7.78082275391, -7.77004957199, -10.3502378464], "dvar2": [0.345818787813, 0.163596242666, 0.147605732083, 0.110597416759, 0.13304002583, 0.282453835011], "min": [-27.995923996, -27.7226104736, -27.765329361, -27.6774101257, -27.4467887878, -27.3818778992]}, "spectral_strongpeak": {"dvar": 0.749783277512, "var": 1.17475450039, "median": 0.478425979614, "max": 9.48736858368, "dmean": 0.489121973515, "dmean2": 0.84965056181, "mean": 0.895351588726, "dvar2": 1.9591217041, "min": 0}, "erbbands_crest": {"dvar": 3.94953489304, "var": 15.2743444443, "median": 7.45897197723, "max": 30.2669239044, "dmean": 2.0680167675, "dmean2": 3.20143318176, "mean": 8.40897083282, "dvar2": 9.01043128967, "min": 2.4748301506}, "barkbands_crest": {"dvar": 3.59519577026, "var": 10.9933843613, "median": 7.72962856293, "max": 23.164188385, "dmean": 2.00907754898, "dmean2": 3.19903206825, "mean": 8.39700984955, "dvar2": 9.12939929962, "min": 2.31734275818}, "spectral_energyband_middle_low": {"dvar": 2.94661786029e-05, "var": 9.718300862e-05, "median": 0.0100476145744, "max": 0.082471229136, "dmean": 0.00390859507024, "dmean2": 0.00619329186156, "mean": 0.0123750474304, "dvar2": 7.38557500881e-05, "min": 1.89775725233e-22}, "spectral_contrast_coeffs": {"dvar": [0.0016007226659, 0.00108591502067, 0.000815376930404, 0.000533468439244, 0.000443701865152, 0.000339153601089], "var": [0.00493888789788, 0.0051365015097, 0.00354292802513, 0.00305692851543, 0.0023299974855, 0.0018036008114], "median": [-0.573507905006, -0.708984255791, -0.752015352249, -0.74479174614, -0.760732889175, -0.738479614258], "max": [-0.281731963158, -0.458182483912, -0.515754342079, -0.547980725765, -0.558763682842, -0.608267307281], "dmean": [0.048920314759, 0.0395186953247, 0.034934040159, 0.028924273327, 0.0254379343241, 0.0209171678871], "dmean2": [0.0825750231743, 0.0639677792788, 0.0550409145653, 0.0455458238721, 0.0383974574506, 0.0314182378352], "mean": [-0.573276817799, -0.706244289875, -0.750730454922, -0.744370222092, -0.76074051857, -0.740781605244], "dvar2": [0.0045104729943, 0.0027664359659, 0.00199355767109, 0.00130204367451, 0.000958908582106, 0.000718604424037], "min": [-0.976095914841, -0.978451430798, -0.980585992336, -0.971273422241, -0.97188526392, -0.964791297913]}, "hfc": {"dvar": 121.811714172, "var": 419.328186035, "median": 17.5386314392, "max": 223.553283691, "dmean": 6.17257165909, "dmean2": 8.39893436432, "mean": 22.7400779724, "dvar2": 226.922103882, "min": 1.09673872333e-16}, "spectral_energyband_high": {"dvar": 1.90523940091e-06, "var": 4.8762476581e-06, "median": 0.000436980393715, "max": 0.0283245760947, "dmean": 0.000558538595214, "dmean2": 0.000774018233642, "mean": 0.00112888333388, "dvar2": 3.47621357832e-06, "min": 7.14774118229e-21}, "erbbands_spread": {"dvar": 62.6635360718, "var": 235.788589478, "median": 36.208404541, "max": 129.570022583, "dmean": 6.87005901337, "dmean2": 10.4422159195, "mean": 38.345741272, "dvar2": 144.031433105, "min": 6.05321979523}, "dissonance": {"dvar": 0.000206380544114, "var": 0.000530433608219, "median": 0.471439599991, "max": 0.5, "dmean": 0.0143913840875, "dmean2": 0.0237967465073, "mean": 0.466381967068, "dvar2": 0.000550382304937, "min": 0.265916198492}, "spectral_kurtosis": {"dvar": 2.27134847641, "var": 5.22974491119, "median": 3.74185633659, "max": 33.2893180847, "dmean": 1.31213712692, "dmean2": 2.13895368576, "mean": 4.08075666428, "dvar2": 5.88679170609, "min": -1.25140631199}, "spectral_skewness": {"dvar": 0.0334629192948, "var": 0.180792406201, "median": 1.47500026226, "max": 4.19043779373, "dmean": 0.186462551355, "dmean2": 0.28831499815, "mean": 1.47025609016, "dvar2": 0.0738944485784, "min": -0.0750459805131}, "pitch_salience": {"dvar": 0.00272225332446, "var": 0.00919139944017, "median": 0.557890892029, "max": 0.956485509872, "dmean": 0.0594157800078, "dmean2": 0.0931322649121, "mean": 0.554870963097, "dvar2": 0.00657528126612, "min": 0.198028445244}, "spectral_complexity": {"dvar": 10.9984226227, "var": 93.1921920776, "median": 22, "max": 57, "dmean": 3.17529630661, "dmean2": 4.76441240311, "mean": 21.9770450592, "dvar2": 21.6008148193, "min": 0}, "spectral_spread": {"dvar": 619758944256, "var": 9824521682940.0, "median": 4179696.5, "max": 42544356, "dmean": 532270.375, "dmean2": 752463.625, "mean": 4661980.5, "dvar2": 1074501320700.0, "min": 1670125.5}, "dynamic_complexity": 2.95994567871, "melbands_crest": {"dvar": 7.05663061142, "var": 26.6004810333, "median": 12.4714622498, "max": 29.2878665924, "dmean": 2.98094129562, "dmean2": 4.64334249496, "mean": 13.2987651825, "dvar2": 16.8460617065, "min": 1.47994697094}, "zerocrossingrate": {"dvar": 0.000259893626207, "var": 0.00277695036493, "median": 0.05712890625, "max": 0.525390625, "dmean": 0.0108885196969, "dmean2": 0.0121783334762, "mean": 0.0678297355771, "dvar2": 0.000266565475613, "min": 0.00634765625}, "spectral_energyband_low": {"dvar": 1.45741742017e-05, "var": 4.23808778578e-05, "median": 0.00440956931561, "max": 0.0607563592494, "dmean": 0.00303491647355, "dmean2": 0.00452332571149, "mean": 0.00643719127402, "dvar2": 3.42753774021e-05, "min": 1.23163512069e-23}, "melbands_kurtosis": {"dvar": 45.7402381897, "var": 137.382385254, "median": 5.42146968842, "max": 139.912414551, "dmean": 4.10547113419, "dmean2": 6.33754873276, "mean": 9.05796337128, "dvar2": 108.59450531, "min": -1.85009944439}, "spectral_energyband_middle_high": {"dvar": 3.34805963575e-06, "var": 2.49096829066e-05, "median": 0.00480774510652, "max": 0.0393054820597, "dmean": 0.00140802992973, "dmean2": 0.00201898533851, "mean": 0.00595266837627, "dvar2": 6.77270463711e-06, "min": 1.16380152049e-21}, "barkbands_spread": {"dvar": 49.1563072205, "var": 167.914016724, "median": 22.3411026001, "max": 104.423835754, "dmean": 5.03515291214, "dmean2": 7.5173034668, "mean": 24.2606296539, "dvar2": 104.427368164, "min": 1.77954518795}, "mfcc": {"mean": [-630.707519531, 118.732650757, -5.58030319214, 22.0071640015, 1.95196962357, 6.9128408432, -1.79091131687, -5.96498298645, -4.26482439041, -0.587302625179, -5.26455974579, -4.22801780701, -1.85559952259], "cov": [[7136.88037109, -60.6124000549, -392.010498047, -28.2218227386, -100.174797058, -40.3786773682, 26.8229026794, -21.0301589966, -58.9696273804, -1.28211128712, -2.18150687218, -78.5647659302, -30.0805549622], [-60.6124000549, 1132.52038574, -328.162902832, -40.822769165, -14.0288658142, -7.31836557388, 17.2480773926, -1.19477593899, 9.52654743195, 21.349527359, -3.03631925583, 39.398601532, 0.225607171655], [-392.010498047, -328.162902832, 426.83984375, 62.1970291138, 12.1569156647, 38.4601745605, -11.2500038147, 15.716632843, 2.73973345757, -11.118098259, -10.9692687988, -5.77918434143, 9.86778831482], [-28.2218227386, -40.822769165, 62.1970291138, 272.749267578, 32.0109596252, -26.8122806549, -32.4108314514, 7.65243530273, -13.6564064026, 7.60224151611, -30.215385437, -17.4006233215, 38.9174537659], [-100.174797058, -14.0288658142, 12.1569156647, 32.0109596252, 165.743423462, 40.1452178955, 2.23024916649, 4.23312997818, 23.7219581604, -19.9524440765, -11.6265659332, 12.3878164291, 2.82644486427], [-40.3786773682, -7.31836557388, 38.4601745605, -26.8122806549, 40.1452178955, 152.38394165, 17.8098526001, 19.0286960602, 15.408326149, -8.12636184692, 8.56060028076, 18.3308753967, -9.15745925903], [26.8229026794, 17.2480773926, -11.2500038147, -32.4108314514, 2.23024916649, 17.8098526001, 116.323944092, 25.9713287354, 5.00114774704,