{"tonal": {"hpcp": {"dvar": [0.0190301127732, 0.0106550808996, 0.0055652661249, 0.00807162094861, 0.00695246271789, 0.00880263652653, 0.013732848689, 0.0107295168564, 0.0121816238388, 0.015195671469, 0.0114319771528, 0.014688658528, 0.0173205584288, 0.0150872124359, 0.0212243702263, 0.0236323866993, 0.0186219885945, 0.0139977820218, 0.0156163545325, 0.0199150666595, 0.0233331657946, 0.0265205278993, 0.019481157884, 0.0179960243404, 0.0157767999917, 0.0150959584862, 0.0203322805464, 0.0246544871479, 0.0159435942769, 0.0127930119634, 0.0167639199644, 0.0123025421053, 0.0141464229673, 0.0174961127341, 0.0189404096454, 0.0194384083152], "var": [0.135614469647, 0.0415586084127, 0.0103673171252, 0.0325135141611, 0.0167511589825, 0.018878441304, 0.0410125739872, 0.0182761531323, 0.0393215641379, 0.066564925015, 0.0202837400138, 0.0364073701203, 0.0684683099389, 0.027365533635, 0.0450414530933, 0.109533801675, 0.0443644151092, 0.0210751183331, 0.0332459956408, 0.0295364484191, 0.0697406157851, 0.102485962212, 0.0336208604276, 0.0271780602634, 0.035752184689, 0.0194795913994, 0.0555692873895, 0.110737338662, 0.0384164005518, 0.0267196707428, 0.0674023777246, 0.0271565746516, 0.04252583161, 0.0833471044898, 0.0382943302393, 0.0649958252907], "median": [0.0275827534497, 0.0185823999345, 0.00725117512047, 0.00483034737408, 0.00339549034834, 0.00710139190778, 0.00889921747148, 0.00825897231698, 0.00785045046359, 0.00740971788764, 0.00820816121995, 0.00903649069369, 0.0130241587758, 0.0118684116751, 0.0166562013328, 0.0186321362853, 0.016189288348, 0.0041807629168, 0.0021730880253, 0.00669933715835, 0.0341117009521, 0.049767781049, 0.0284848939627, 0.0037078615278, 0.00215631048195, 0.00506177823991, 0.0266591254622, 0.0334795601666, 0.0189165137708, 0.0098495958373, 0.00601713452488, 0.0059762345627, 0.0052228057757, 0.00518702808768, 0.00464983098209, 0.0242166630924], "max": [1, 1, 1, 1, 1, 1, 1, 1, 1, 1, 1, 1, 1, 1, 1, 1, 1, 1, 1, 1, 1, 1, 1, 1, 1, 1, 1, 1, 1, 1, 1, 1, 1, 1, 1, 1], "dmean": [0.0620046444237, 0.0516590364277, 0.0259615350515, 0.0232403837144, 0.0236427430063, 0.0331862196326, 0.0396821238101, 0.0365161672235, 0.0400519929826, 0.0439844019711, 0.0424271337688, 0.0473477728665, 0.050229344517, 0.0513329319656, 0.0644868910313, 0.0633737295866, 0.0602541379631, 0.043384321034, 0.0467932410538, 0.0614568255842, 0.0774148255587, 0.0841002091765, 0.0666498020291, 0.0429293103516, 0.0397898778319, 0.0475725829601, 0.0717246606946, 0.0731749385595, 0.0595544613898, 0.0440626814961, 0.0425867773592, 0.0422652475536, 0.0446121953428, 0.0445487760007, 0.0587095469236, 0.0711850821972], "dmean2": [0.0993845388293, 0.083998978138, 0.0443426780403, 0.0397639088333, 0.0412611439824, 0.0565340071917, 0.0671386495233, 0.0621500425041, 0.0681762546301, 0.0723930224776, 0.0712336227298, 0.080414429307, 0.0827315673232, 0.0876151695848, 0.109400190413, 0.103648416698, 0.0990092977881, 0.0749464184046, 0.0801310837269, 0.104391641915, 0.128683149815, 0.136482000351, 0.110341660678, 0.0765330791473, 0.0701385587454, 0.0827410519123, 0.116005524993, 0.117669552565, 0.0986101478338, 0.0755377858877, 0.0719098225236, 0.0709618851542, 0.0746633037925, 0.0757702291012, 0.0982803180814, 0.115636587143], "mean": [0.243078917265, 0.123990759254, 0.0379960797727, 0.0538204088807, 0.0388705916703, 0.0539814420044, 0.0791106820107, 0.0554302409291, 0.0879927873611, 0.116511285305, 0.0666508451104, 0.0841624811292, 0.120942167938, 0.0753732472658, 0.119153983891, 0.194094181061, 0.115194186568, 0.056130439043, 0.0704835355282, 0.077602699399, 0.167307704687, 0.216606989503, 0.111507840455, 0.0556079559028, 0.0633763670921, 0.0597950145602, 0.14774119854, 0.208968654275, 0.112610392272, 0.0738485753536, 0.107760667801, 0.0719102695584, 0.0852841287851, 0.124771378934, 0.0908214524388, 0.163277491927], "dvar2": [0.0409024655819, 0.026167916134, 0.0148316705599, 0.0202542580664, 0.0187330115587, 0.0230760872364, 0.0336252301931, 0.0290196668357, 0.0316427573562, 0.034340467304, 0.0294313319027, 0.0374244488776, 0.0415400601923, 0.0399062819779, 0.05551315099, 0.0527787320316, 0.0478048399091, 0.0392685607076, 0.0417969115078, 0.0524601191282, 0.0569345541298, 0.0618822462857, 0.0502191372216, 0.0496927499771, 0.0423619188368, 0.041366327554, 0.0490060374141, 0.0536826588213, 0.0404022112489, 0.0332811810076, 0.0385208949447, 0.030920330435, 0.0374304838479, 0.043337482959, 0.0509807094932, 0.0473374202847], "min": [0, 0, 0, 0, 0, 0, 0, 0, 0, 0, 0, 0, 0, 0, 0, 0, 0, 0, 0, 0, 0, 0, 0, 0, 0, 0, 0, 0, 0, 0, 0, 0, 0, 0, 0, 0]}, "key_key": "D", "thpcp": [1, 0.51008439064, 0.156311705709, 0.221411257982, 0.15990935266, 0.222073733807, 0.325452655554, 0.228033930063, 0.361992686987, 0.479314655066, 0.274194270372, 0.346235215664, 0.497542798519, 0.310077279806, 0.490186423063, 0.798482179642, 0.473896235228, 0.230914473534, 0.289961546659, 0.319249004126, 0.688285529613, 0.89109736681, 0.458731025457, 0.228765025735, 0.260723412037, 0.245990127325, 0.60779106617, 0.859674096107, 0.463266789913, 0.303804934025, 0.443315565586, 0.295830965042, 0.350849539042, 0.513295769691, 0.3736294806, 0.671705663204], "chords_key": "D", "tuning_equal_tempered_deviation": 0, "tuning_frequency": 442.804626465, "tuning_diatonic_strength": 0.43230381608, "chords_histogram": [22.355588913, 8.58964729309, 4.31357860565, 6.20780181885, 4.80120038986, 4.20105028152, 2.71942996979, 2.77569389343, 1.87546885014, 5.92648172379, 2.51312828064, 0.731432855129, 1.72543132305, 0.0187546890229, 0.525131285191, 0.956489145756, 0.675168812275, 1.89422357082, 0.150037512183, 9.77119255066, 11.9092273712, 1.03150784969, 2.23180794716, 2.10052514076], "key_strength": 0.672634780407, "key_scale": "major", "chords_strength": {"dvar": 0.000430662184954, "var": 0.0137989716604, "median": 0.500662565231, "max": 0.789900302887, "dmean": 0.0106961997226, "dmean2": 0.00633631506935, "mean": 0.495248228312, "dvar2": 0.000769540725742, "min": -1}, "chords_number_rate": 0.0033758438658, "tuning_nontempered_energy_ratio": 0.623762845993, "hpcp_entropy": {"dvar": 0.234651088715, "var": 0.541960120201, "median": 1.1444811821, "max": 4.38358211517, "dmean": 0.436359316111, "dmean2": 0.738801896572, "mean": 1.16305887699, "dvar2": 0.595768690109, "min": 0}, "chords_changes_rate": 0.0596399083734, "chords_scale": "major"}, "rhythm": {"bpm_histogram_first_peak_spread": {"dvar": 0, "var": 0, "median": 0.516417860985, "max": 0.516417860985, "dmean": 0, "dmean2": 0, "mean": 0.516417860985, "dvar2": 0, "min": 0.516417860985}, "bpm_histogram_first_peak_weight": {"dvar": 0, "var": 0, "median": 0.338912129402, "max": 0.338912129402, "dmean": 0, "dmean2": 0, "mean": 0.338912129402, "dvar2": 0, "min": 0.338912129402}, "bpm_histogram_first_peak_bpm": {"dvar": 0, "var": 0, "median": 117, "max": 117, "dmean": 0, "dmean2": 0, "mean": 117, "dvar2": 0, "min": 117}, "bpm": 117.174209595, "bpm_histogram_second_peak_weight": {"dvar": 0, "var": 0, "median": 0.0690376535058, "max": 0.0690376535058, "dmean": 0, "dmean2": 0, "mean": 0.0690376535058, "dvar2": 0, "min": 0.0690376535058}, "beats_loudness": {"dvar": 0.000121059056255, "var": 0.000313175900374, "median": 0.0211426932365, "max": 0.0867660418153, "dmean": 0.0114443218336, "dmean2": 0.0189875084907, "mean": 0.0239874348044, "dvar2": 0.000365882006008, "min": 0}, "beats_loudness_band_ratio": {"dvar": [0.0125827565789, 0.0224294625223, 0.0180861335248, 0.0136590842158, 0.00134081870783, 0.0072373598814], "var": [0.0421377979219, 0.0542854107916, 0.036105979234, 0.0347890667617, 0.002596097067, 0.00432163011283], "median": [0.0729449167848, 0.378955006599, 0.258915960789, 0.0967574268579, 0.0243747718632, 0.00312202377245], "max": [0.955983996391, 0.918963670731, 0.831920385361, 0.822595655918, 0.447842240334, 0.843819975853], "dmean": [0.0862751752138, 0.17335639894, 0.161782190204, 0.0943842083216, 0.0277661252767, 0.0225043836981], "dmean2": [0.141542121768, 0.284202009439, 0.267284184694, 0.161047384143, 0.0469418168068, 0.0415529832244], "mean": [0.156240075827, 0.381564706564, 0.296270936728, 0.173297345638, 0.0414688140154, 0.017558356747], "dvar2": [0.0269155986607, 0.0530537925661, 0.0478567183018, 0.0315485969186, 0.00318753160536, 0.0208735074848], "min": [0, 0, 0, 0, 0, 0]}, "bpm_histogram_second_peak_bpm": {"dvar": 0, "var": 0, "median": 112, "max": 112, "dmean": 0, "dmean2": 0, "mean": 112, "dvar2": 0, "min": 112}, "onset_rate": 2.47617197037, "beats_count": 479, "beats_position": [0.522448956966, 1.04489791393, 1.57895684242, 2.12462592125, 2.67029476166, 3.21596360207, 3.76163268089, 4.31891155243, 4.82975053787, 5.34058952332, 5.8282084465, 6.32743740082, 6.82666635513, 7.32589578629, 7.8251247406, 8.32435321808, 8.82358264923, 9.32281208038, 9.82204055786, 10.3328800201, 10.8437185287, 11.354557991, 11.8653964996, 12.387845993, 12.9102945328, 13.4211339951, 13.9319725037, 14.4428119659, 14.9652605057, 15.4760990143, 15.9869384766, 16.4513378143, 16.9389572144, 17.426574707, 17.9258041382, 18.4250335693, 18.9358730316, 19.5279808044, 20.1317005157, 20.7354183197, 21.246257782, 21.7570972443, 22.2679367065, 22.7903842926, 23.312833786, 23.8236732483, 24.3577327728, 24.8801803589, 25.4026298523, 25.9134693146, 26.4243087769, 26.9235363007, 27.4227657318, 27.9103851318, 28.4212245941, 28.932062149, 29.4429016113, 29.9537410736, 30.4645805359, 30.9754180908, 31.4978675842, 32.0203170776, 32.5311546326, 33.053604126, 33.5760536194, 34.0868911743, 34.5977325439, 35.1201820374, 35.6426315308, 36.1534690857, 36.6526985168, 37.151927948, 37.6395454407, 38.1271629333, 38.6147842407, 39.1372337341, 39.6596832275, 40.1937408447, 40.7045783997, 41.2270278931, 41.7494773865, 42.2603149414, 42.7827644348, 43.3052139282, 43.8160552979, 44.3385009766, 44.8493423462, 45.3601799011, 45.8594093323, 46.347026825, 46.8346481323, 47.322265625, 47.8331069946, 48.3439445496, 48.866394043, 49.3888435364, 49.9112930298, 50.4337387085, 50.9678001404, 51.4902496338, 52.0126991272, 52.5119247437, 53.0111541748, 53.5219955444, 54.0328330994, 54.5320625305, 55.0545120239, 55.5653495789, 56.0761909485, 56.5986366272, 57.1210861206, 57.643535614, 58.1659851074, 58.6884346008, 59.2108840942, 59.7217216492, 60.2325630188, 60.7550086975, 61.2542381287, 61.7650794983, 62.2759170532, 62.8099746704, 63.3440361023, 63.889705658, 64.4121551514, 64.9229888916, 65.4454421997, 65.9562835693, 66.4555053711, 66.9431304932, 67.4655761719, 67.964805603, 68.4524230957, 68.9632644653, 69.474105835, 70.0197753906, 70.5654373169, 71.0995025635, 71.6567764282, 72.2140579224, 72.7829437256, 73.3518371582, 73.9091110229, 74.4547805786, 75.0004501343, 75.5577316284, 76.0917892456, 76.6258468628, 77.15990448, 77.6823577881, 78.2048034668, 78.7156448364, 79.2148742676, 79.7141036987, 80.2017211914, 80.712562561, 81.2233963013, 81.7342376709, 82.256690979, 82.7791366577, 83.2899780273, 83.8124237061, 84.3348770142, 84.8457107544, 85.3681640625, 85.8789978027, 86.3898391724, 86.900680542, 87.3999099731, 87.9223556519, 88.44480896, 88.9556427002, 89.4664840698, 89.965713501, 90.4765548706, 90.9757843018, 91.486618042, 91.9974594116, 92.5083007812, 93.0191345215, 93.5299758911, 94.0524215698, 94.5748748779, 95.0973205566, 95.5965499878, 96.1073913574, 96.6182327271, 97.1290664673, 97.6399078369, 98.1507492065, 98.6615829468, 99.1724243164, 99.6716537476, 100.170883179, 100.681724548, 101.192558289, 101.703399658, 102.214241028, 102.725074768, 103.235916138, 103.746757507, 104.245986938, 104.74521637, 105.25605011, 105.778503418, 106.300949097, 106.823402405, 107.345848083, 107.856689453, 108.379135132, 108.889976501, 109.41242218, 109.946479797, 110.457321167, 110.968162537, 111.479003906, 111.989837646, 112.489067078, 112.999908447, 113.522354126, 114.044807434, 114.567253113, 115.089706421, 115.6121521, 116.122993469, 116.633827209, 117.133056641, 117.655509949, 118.166343689, 118.677185059, 119.211242676, 119.745300293, 120.27936554, 120.836639404, 121.38230896, 121.869926453, 122.357551575, 122.856781006, 123.356010437, 123.855232239, 124.35446167, 124.853691101, 125.364532471, 125.87537384, 126.386207581, 126.89704895, 127.40789032, 127.91872406, 128.406341553, 128.92880249, 129.451248169, 129.962081909, 130.472915649, 130.995376587, 131.506210327, 132.028656006, 132.551101685, 133.073562622, 133.584396362, 134.095230103, 134.606079102, 135.116912842, 135.627746582, 136.126983643, 136.637817383, 137.148666382, 137.659500122, 138.170333862, 138.692779541, 139.20362854, 139.71446228, 140.225296021, 140.73614502, 141.24697876, 141.769424438, 142.303482056, 142.802719116, 143.301940918, 143.812789917, 144.312011719, 144.799636841, 145.298858643, 145.82131958, 146.33215332, 146.842987061, 147.365432739, 147.887893677, 148.398727417, 148.909561157, 149.420410156, 149.931243896, 150.442077637, 150.964538574, 151.486984253, 151.997817993, 152.520263672, 153.031112671, 153.55355835, 154.06439209, 154.575241089, 155.086074829, 155.596908569, 156.119369507, 156.630203247, 157.141036987, 157.663482666, 158.197555542, 158.731613159, 159.277282715, 159.811340332, 160.357009888, 160.891067505, 161.425125122, 161.982406616, 162.539672852, 163.120178223, 163.689071655, 164.257949829, 164.815231323, 165.360900879, 165.918182373, 166.463851929, 166.986297607, 167.508743286, 168.031204224, 168.553649902, 169.064483643, 169.586929321, 170.109390259, 170.620223999, 171.142669678, 171.653518677, 172.175964355, 172.686798096, 173.197631836, 173.708480835, 174.219314575, 174.730148315, 175.240997314, 175.775054932, 176.29750061, 176.819946289, 177.377227783, 177.934509277, 178.491790771, 179.049072266, 179.606338501, 180.244888306, 180.88343811, 181.510375977, 182.137313843, 182.764266968, 183.356369019, 183.948471069, 184.552200317, 185.144302368, 185.736419678, 186.31690979, 186.9090271, 187.50112915, 188.081634521, 188.673736572, 189.161361694, 189.660583496, 190.159820557, 190.705490112, 191.239547729, 191.773605347, 192.330886841, 192.876556396, 193.422225952, 193.979492188, 194.536773682, 195.070831299, 195.604888916, 196.138946533, 196.673019409, 197.207077026, 197.717910767, 198.217132568, 198.70475769, 199.203994751, 199.691604614, 200.190841675, 200.690063477, 201.200897217, 201.700134277, 202.222579956, 202.756637573, 203.267486572, 203.801544189, 204.323989868, 204.858047485, 205.380493164, 205.891326904, 206.402175903, 206.924621582, 207.447067261, 207.95791626, 208.46875, 208.97958374, 209.490432739, 210.001266479, 210.51210022, 211.022949219, 211.522171021, 212.021408081, 212.520629883, 213.019866943, 213.507476807, 214.006713867, 214.505935669, 214.993560791, 215.504394531, 216.003631592, 216.502853394, 217.002075195, 217.501312256, 218.012145996, 218.522994995, 219.033828735, 219.556274414, 220.078720093, 220.60118103, 221.123626709, 221.634460449, 222.156906128, 222.667755127, 223.201812744, 223.7474823, 224.281539917, 224.803985596, 225.326431274, 225.837280273, 226.359725952, 226.882171631, 227.381408691, 227.892242432, 228.391464233, 228.879089355, 229.378311157, 229.877548218, 230.399993896, 230.922439575, 231.433288574, 231.944122314, 232.431747437, 232.9193573, 233.41859436, 233.917816162, 234.417053223, 234.927886963, 235.450332642, 235.961181641, 236.518447876, 237.07572937, 237.633010864, 238.201904297, 238.770782471, 239.351287842, 239.920181274, 240.489059448, 240.883804321, 241.278549194, 241.66166687, 242.044799805, 242.393096924, 242.741394043, 243.089706421, 243.43800354, 243.809524536, 244.181045532, 244.55255127, 244.924072266, 245.295593262, 245.667114258, 246.038635254, 246.421768188, 246.816497803], "danceability": 0.867140889168, "bpm_histogram_second_peak_spread": {"dvar": 0, "var": 0, "median": 0.541666686535, "max": 0.541666686535, "dmean": 0, "dmean2": 0, "mean": 0.541666686535, "dvar2": 0, "min": 0.541666686535}}, "lowlevel": {"spectral_flux": {"dvar": 0.000260784989223, "var": 0.00119445263408, "median": 0.0370120406151, "max": 0.20914657414, "dmean": 0.0133439358324, "dmean2": 0.0214972812682, "mean": 0.0453104637563, "dvar2": 0.00066078704549, "min": 6.39008637671e-11}, "spectral_rolloff": {"dvar": 324611.875, "var": 2855539.5, "median": 775.1953125, "max": 19509.0820312, "dmean": 163.326599121, "dmean2": 281.198242188, "mean": 1102.26989746, "dvar2": 726290.0625, "min": 64.599609375}, "barkbands_flatness_db": {"dvar": 0.000258708925685, "var": 0.00860205106437, "median": 0.228156715631, "max": 0.611508488655, "dmean": 0.0151900295168, "dmean2": 0.0227273777127, "mean": 0.248202815652, "dvar2": 0.000558530038688, "min": 0.0471066646278}, "spectral_centroid": {"dvar": 27056.2558594, "var": 644581.1875, "median": 636.870544434, "max": 11357.59375, "dmean": 84.4849472046, "dmean2": 124.387313843, "mean": 835.16204834, "dvar2": 46634.5703125, "min": 113.038444519}, "melbands_skewness": {"dvar": 0.171327501535, "var": 1.27934885025, "median": 1.48866522312, "max": 14.3884143829, "dmean": 0.333616107702, "dmean2": 0.491934478283, "mean": 1.67465829849, "dvar2": 0.394492685795, "min": -1.56106996536}, "melbands": {"dvar": [5.74458454139e-07, 6.88122213433e-07, 1.66299813031e-07, 2.9647137012e-07, 3.053535238e-07, 1.54651758066e-07, 7.77867228408e-08, 6.12380759435e-08, 6.94930548661e-08, 3.26725384525e-08, 9.98127092089e-08, 1.65590307688e-07, 6.06535177639e-09, 2.08489936426e-09, 2.47060700787e-08, 1.34047093425e-08, 2.55087129197e-09, 5.17768894426e-09, 9.93304771768e-10, 3.11788567187e-10, 1.7358864346e-10, 2.92378649069e-10, 2.36199199088e-10, 1.48581660864e-10, 2.53983414161e-11, 3.65603103347e-11, 1.20135680917e-11, 3.21294878723e-12, 9.43694558261e-13, 4.40392188862e-13, 1.13971007111e-12, 6.08027625644e-13, 5.57028435964e-13, 1.42899299165e-12, 2.18169991621e-12, 3.15814215057e-12, 4.05781745011e-12, 4.17736331637e-12, 7.68780384405e-13, 1.00437420967e-12], "var": [1.44206512687e-06, 1.91460071619e-06, 6.24768063062e-07, 1.67679866081e-06, 1.26658346744e-06, 2.01460647986e-06, 5.36853576705e-07, 3.4998299725e-07, 3.36861148753e-07, 1.36853785193e-07, 3.5516728758e-07, 5.32028650468e-07, 2.33181047804e-08, 9.05636188264e-09, 8.05773652246e-08, 5.8264731706e-08, 1.43543932296e-08, 9.97797844349e-09, 1.99705141313e-09, 7.14879599961e-10, 4.55316784276e-10, 7.53978879331e-10, 7.77948705455e-10, 9.08425945578e-10, 1.29174643204e-10, 1.35963434955e-10, 4.45074359312e-11, 9.01309495788e-12, 2.49930458274e-12, 1.22753673545e-12, 3.12591944517e-12, 3.13921198064e-12, 1.9375527658e-12, 2.64830605362e-12, 4.23752742965e-12, 7.34803971142e-12, 1.07570480301e-11, 8.35136820809e-12, 1.61096971266e-12, 1.98933165947e-12], "median": [1.73480282228e-06, 1.52804350364e-05, 0.000115323506179, 0.000268126255833, 0.000272654870059, 0.000249597622314, 0.000193689469597, 0.000100534089142, 0.000152642780449, 8.9754073997e-05, 6.50685688015e-05, 4.90273814648e-05, 2.1269035642e-05, 2.39052096731e-05, 1.74651704583e-05, 1.94893873413e-05, 1.41853015521e-05, 7.21026617612e-06, 7.10509675628e-06, 3.57119733962e-06, 3.75194713342e-06, 1.81471159522e-06, 1.34784318107e-06, 7.41316625863e-07, 4.63697233499e-07, 4.25978782914e-07, 2.33919536186e-07, 1.60506857583e-07, 9.10294346568e-08, 6.77707348018e-08, 3.3110651998e-08, 4.41778240656e-08, 3.85798379909e-08, 2.16107629569e-08, 1.38414364415e-08, 9.7587227188e-09, 7.07521330412e-09, 3.9649536987e-09, 2.27641994144e-09, 1.98531768802e-09], "max": [0.0215585846454, 0.0244388524443, 0.0113730886951, 0.0199556108564, 0.0149450842291, 0.0111005622894, 0.00777509436011, 0.00645355600864, 0.0069209006615, 0.00521386880428, 0.00662338128313, 0.0120531925932, 0.00214318255894, 0.00115469133016, 0.00350094144233, 0.003307887353, 0.00181916123256, 0.00353288091719, 0.0016257945681, 0.000915038632229, 0.000713510671631, 0.000463596108602, 0.000475443084724, 0.000313455821015, 0.000204595853575, 0.000269055570243, 0.000127330611576, 6.43514504191e-05, 3.83149126719e-05, 2.29749639402e-05, 5.47168237972e-05, 2.99077055388e-05, 2.97873120871e-05, 4.64817348984e-05, 5.7062075939e-05, 7.26706566638e-05, 0.000106916297227, 0.000128437648527, 4.60160263174e-05, 7.46354635339e-05], "dmean": [0.000139824071084, 0.00019724786398, 0.000173714681296, 0.000226238189498, 0.000230961944908, 0.000205027652555, 0.000138380972203, 0.000102656151284, 0.000120441880426, 8.06834286777e-05, 0.000117186464195, 0.000130774526042, 2.78444367723e-05, 2.3093962227e-05, 5.64033107366e-05, 4.4825632358e-05, 2.15996260522e-05, 1.92618390429e-05, 9.57136762736e-06, 5.65724576518e-06, 5.76083084525e-06, 5.89442606724e-06, 5.33323009222e-06, 4.5384895202e-06, 1.79564722202e-06, 2.08790334e-06, 1.11118299628e-06, 5.83724727221e-07, 2.88671856197e-07, 2.12586996895e-07, 2.46626342459e-07, 2.21560625846e-07, 2.05785028129e-07, 1.61404074106e-07, 1.76414687303e-07, 1.92803824461e-07, 1.86162125715e-07, 1.57769235898e-07, 7.91920200527e-08, 7.60679625955e-08], "dmean2": [0.000227739103138, 0.000301120482618, 0.000255009712419, 0.000323273270624, 0.00032431242289, 0.000282361841528, 0.000188454985619, 0.000140765914693, 0.000168650323758, 0.000113084126497, 0.000163588571013, 0.00018808535242, 4.04669226555e-05, 3.39874568454e-05, 8.83901011548e-05, 6.94250120432e-05, 3.26639201376e-05, 3.12880802085e-05, 1.53760538524e-05, 9.38083849178e-06, 9.31790054892e-06, 9.60573652264e-06, 8.63100285642e-06, 7.14535781299e-06, 2.90585626317e-06, 3.39599978361e-06, 1.73457863184e-06, 9.37899301334e-07, 4.67344307253e-07, 3.32083857302e-07, 3.72121775172e-07, 3.25988139593e-07, 3.07530825694e-07, 2.38849054313e-07, 2.65192227289e-07, 2.85745016981e-07, 2.72800718903e-07, 2.37880712461e-07, 1.10796818831e-07, 1.06147808765e-07], "mean": [0.000333528529154, 0.000478726404253, 0.000442953285528, 0.000718711467925, 0.000726145633962, 0.00081806286471, 0.000476396584418, 0.00032188280602, 0.000363130384358, 0.000238606255152, 0.000308884424157, 0.000320549763273, 7.50660474296e-05, 6.28908383078e-05, 0.000128158339066, 0.000114310183562, 5.755114762e-05, 3.31297560479e-05, 1.74999349838e-05, 1.07181667772e-05, 1.10637711259e-05, 1.15958664537e-05, 1.34123501994e-05, 1.3586471141e-05, 5.14730436407e-06, 5.1345969041e-06, 2.91035166811e-06, 1.24709163174e-06, 6.07135916653e-07, 4.45309467523e-07, 5.62415152672e-07, 6.405178965e-07, 4.94071457524e-07, 2.95480305113e-07, 3.07959908241e-07, 3.31537592047e-07, 3.14882100838e-07, 2.28453075124e-07, 1.17676272282e-07, 1.17638734309e-07], "dvar2": [1.5239760387e-06, 1.58721195476e-06, 3.67004048485e-07, 6.49921105378e-07, 7.22619404314e-07, 3.16109691312e-07, 1.55143837333e-07, 1.28048981196e-07, 1.64194077001e-07, 7.63191110309e-08, 2.18736673219e-07, 3.68116786831e-07, 1.49105066072e-08, 4.87592144438e-09, 6.36365768969e-08, 3.16309076709e-08, 5.48909317999e-09, 1.36009479235e-08, 2.49015785769e-09, 8.1613354963e-10, 4.12555656304e-10, 8.21295753628e-10, 5.8458665686e-10, 3.66115054939e-10, 6.87325543702e-11, 9.88480478026e-11, 2.71758553161e-11, 7.93576055563e-12, 2.45038971752e-12, 9.62751796688e-13, 2.38639078116e-12, 1.1498756591e-12, 1.0597866985e-12, 3.20706764097e-12, 4.73096301717e-12, 6.73960713626e-12, 9.40373993952e-12, 9.68536102014e-12, 1.52033312155e-12, 1.53375044869e-12], "min": [1.40691123775e-24, 9.44989100139e-25, 1.74523997354e-24, 2.2364802253e-24, 1.68795230296e-24, 2.03728416926e-24, 2.5085076672e-24, 1.54675507561e-24, 2.61696046166e-24, 2.30040399103e-24, 3.39048788304e-24, 2.50130694485e-24, 3.712895335e-24, 2.73184621959e-24, 2.89738591954e-24, 1.71012856351e-24, 1.90138019859e-24, 3.23111076448e-24, 4.23509403856e-24, 4.72193915178e-24, 3.94709354384e-24, 3.00047090998e-24, 2.26367876881e-24, 4.67780672287e-24, 3.31284464287e-24, 3.79251072743e-24, 5.92304574987e-24, 5.59527680476e-24, 5.12970805901e-24, 5.61904557827e-24, 4.45781116578e-24, 5.24430746043e-24, 4.02204716275e-24, 6.62390724896e-24, 4.64751406968e-24, 6.43831312708e-24, 6.66672819662e-24, 7.34865111753e-24, 5.54858373335e-24, 7.284561691e-24]}, "spectral_decrease": {"dvar": 2.44914903128e-18, "var": 1.89172020557e-17, "median": -5.09614350719e-09, "max": 1.81224982084e-17, "dmean": 1.06380693143e-09, "dmean2": 1.54267565389e-09, "mean": -5.75986680573e-09, "dvar2": 5.58511150184e-18, "min": -3.16787165389e-08}, "barkbands_kurtosis": {"dvar": 17.9855918884, "var": 40.4855461121, "median": 2.00701999664, "max": 230.936752319, "dmean": 1.58881235123, "dmean2": 2.40498161316, "mean": 3.54969096184, "dvar2": 43.379119873, "min": -1.94467377663}, "silence_rate_30dB": {"dvar": 0.000562536530197, "var": 0.000281265471131, "median": 1, "max": 1, "dmean": 0.00056279898854, "dmean2": 0.00112570356578, "mean": 0.999718606472, "dvar2": 0.00168751878664, "min": 0}, "gfcc": {"mean": [-105.598648071, 148.160491943, -144.889190674, -23.483045578, -58.8949775696, -17.7934875488, -37.6012153625, -13.77318573, -19.7773647308, -9.48177051544, -12.4498310089, -5.33867549896, -10.0903301239], "cov": [[18557.0234375, -1911.60290527, -2244.54418945, 1740.79394531, -537.725708008, 679.205871582, -458.899078369, 650.922180176, -422.385803223, -121.9766922, -145.861434937, 181.536376953, -529.670837402], [-1911.60290527, 2755.55810547, 431.865783691, -859.158508301, 282.919555664, -392.440551758, 83.7147979736, -364.184112549, 215.092346191, -70.2909088135, 102.961448669, -200.902267456, 269.619934082], [-2244.54418945, 431.865783691, 1507.61657715, 140.017181396, 269.503417969, 243.17817688, -19.8953609467, 54.6841468811, 17.0189189911, 12.9239330292, -51.36378479, -57.7955093384, -19.634054184], [1740.79394531, -859.158508301, 140.017181396, 1214.36645508, 206.196624756, 333.943756104, 10.6036376953, 303.99520874, 94.6017150879, 80.8122787476, -53.9090805054, 86.767364502, -120.423316956], [-537.725708008, 282.919555664, 269.503417969, 206.196624756, 393.709777832, 84.9646835327, 62.9224052429, 106.41104126, 97.582862854, 82.8020095825, 25.3931007385, 13.0547552109, 45.4222412109], [679.205871582, -392.440551758, 243.17817688, 333.943756104, 84.9646835327, 326.856781006, 45.970287323, 170.162384033, 2.83091926575, 32.0573806763, -5.18858480453, 34.6340637207, -53.3240661621], [-458.899078369, 83.7147979736, -19.8953609467, 10.6036376953, 62.9224052429, 45.970287323, 201.753677368, 39.084274292, 40.7712745667, 24.2119541168, 30.2895755768, 6.83300542831, 33.4204750061], [650.922180176, -364.184112549, 54.6841468811, 303.99520874, 106.41104126, 170.162384033, 39.084274292, 242.629684448, 40.2325668335, 75.2516098022, 19.435508728, 43.5156745911, -43.6382255554], [-422.385803223, 215.092346191, 17.0189189911, 94.6017150879, 97.582862854, 2.83091926575, 40.7712745667, 40.2325668335, 221.853271484, 100.720115662, 66.1331329346, 31.3737220764, 73.6200332642], [-121.9766922, -70.2909088135, 12.9239330292, 80.8122787476, 82.8020095825, 32.0573806763, 24.2119541168, 75.2516098022, 100.720115662, 155.278610229, 61.6153450012, 51.4224433899, 39.7495498657], [-145.861434937, 102.961448669, -51.36378479, -53.9090805054, 25.3931007385, -5.18858480453, 30.2895755768, 19.435508728, 66.1331329346, 61.6153450012, 119.616455078, 41.2357635498, 54.0427780151], [181.536376953, -200.902267456, -57.7955093384, 86.767364502, 13.0547552109, 34.6340637207, 6.83300542831, 43.5156745911, 31.3737220764, 51.4224433899, 41.2357635498, 112.223831177, 38.6984329224], [-529.670837402, 269.619934082, -19.634054184, -120.423316956, 45.4222412109, -53.3240661621, 33.4204750061, -43.6382255554, 73.6200332642, 39.7495498657, 54.0427780151, 38.6984329224, 173.587203979]], "icov": [[0.000256970350165, -0.000577275117394, 0.000658924807794, -0.000474306754768, 0.000649303139653, -0.000986243016087, 0.000847653194796, -0.00072825566167, 0.000982793048024, -0.000452392210718, 0.000352817878593, -0.000589298957493, 0.00031539844349], [-0.000577275117394, 0.00260131852701, -0.00181719718967, 0.00158883910626, -0.00265317643061, 0.00294855586253, -0.00214474229142, 0.00252618663944, -0.00359311886132, 0.00237175589427, -0.00184538308531, 0.0030482718721, -0.00138146372046], [0.000658924807794, -0.00181719718967, 0.00274372822605, -0.00118564732838, 0.00126889592502, -0.00377801526338, 0.00265963072889, -0.00161747646052, 0.00277234311216, -0.00161998649128, 0.00153448269702, -0.00142833427526, 0.000945530133322], [-0.000474306754768, 0.00158883910626, -0.00118564732838, 0.00280036381446, -0.00223294831812, 0.00110131700058, -0.00129768822808, 0.000779210124165, -0.00345643470064, 0.00166630314197, 0.000334167911205, 0.000573108089156, 0.000114386813948], [0.000649303139653, -0.00265317643061, 0.00126889592502, -0.00223294831812, 0.00681190146133, -0.00258203758858, 0.00154716579709, -0.00392973562703, 0.00335045554675, -0.00329276476987, 0.00184606702533, -0.00211469968781, 6.50087822578e-05], [-0.000986243016087, 0.00294855586253, -0.00377801526338, 0.00110131700058, -0.00258203758858, 0.0109281651676, -0.00472734542564, 1.07830810521e-05, -0.00362380617298, 0.00304468791001, -0.00243397359736, 0.00221534329467, -0.00120332674123], [0.000847653194796, -0.00214474229142, 0.00265963072889, -0.00129768822808, 0.00154716579709, -0.00472734542564, 0.00879011675715, -0.00309786922298, 0.00290327938274, -0.00128539360594, 0.00064958242001, -0.00141110841651, 0.000165531979292], [-0.00072825566167, 0.00252618663944, -0.00161747646052, 0.000779210124165, -0.00392973562703, 1.07830810521e-05, -0.00309786922298, 0.0122576570138, -0.00346303987317, -0.00069749285467, -0.00263583636843, 0.00209952075966, 0.00090221123537], [0.000982793048024, -0.00359311886132, 0.00277234311216, -0.00345643470064, 0.00335045554675, -0.00362380617298, 0.00290327938274, -0.00346303987317, 0.0134049747139, -0.00688229454681, 0.000104170430859, -0.0024830440525, -0.000512060592882], [-0.000452392210718, 0.00237175589427, -0.00161998649128, 0.00166630314197, -0.00329276476987, 0.00304468791001, -0.00128539360594, -0.00069749285467, -0.00688229454681, 0.0146598657593, -0.00441118329763, -8.81314263097e-05, -0.00126761035062], [0.000352817878593, -0.00184538308531, 0.00153448269702, 0.000334167911205, 0.00184606702533, -0.00243397359736, 0.00064958242001, -0.00263583636843, 0.000104170430859, -0.00441118329763, 0.0150975454599, -0.0053020841442, -0.00022255507065], [-0.000589298957493, 0.0030482718721, -0.00142833427526, 0.000573108089156, -0.00211469968781, 0.00221534329467, -0.00141110841651, 0.00209952075966, -0.0024830440525, -8.81314263097e-05, -0.0053020841442, 0.0175383109599, -0.00544932903722], [0.00031539844349, -0.00138146372046, 0.000945530133322, 0.000114386813948, 6.50087822578e-05, -0.00120332674123, 0.000165531979292, 0.00090221123537, -0.000512060592882, -0.00126761035062, -0.00022255507065, -0.00544932903722, 0.010655044578]]}, "silence_rate_20dB": {"dvar": 0, "var": 0, "median": 1, "max": 1, "dmean": 0, "dmean2": 0, "mean": 1, "dvar2": 0, "min": 1}, "barkbands_skewness": {"dvar": 0.134141504765, "var": 0.914995670319, "median": 1.24430727959, "max": 11.4694299698, "dmean": 0.302814334631, "dmean2": 0.446003377438, "mean": 1.35503339767, "dvar2": 0.300209164619, "min": -3.44471907616}, "erbbands_skewness": {"dvar": 0.062134206295, "var": 0.331212222576, "median": 0.53541302681, "max": 6.77396965027, "dmean": 0.23938049376, "dmean2": 0.35481134057, "mean": 0.578217089176, "dvar2": 0.139119029045, "min": -2.51981067657}, "spectral_contrast_valleys": {"dvar": [0.135420650244, 0.0886316671968, 0.0918544977903, 0.0973670631647, 0.11369073391, 0.107732415199], "var": [3.37218213081, 3.08924078941, 2.84698343277, 3.16944813728, 3.95054388046, 3.30082559586], "median": [-9.35921859741, -7.11007499695, -7.99923229218, -8.72364521027, -9.48013877869, -12.4959659576], "max": [-5.56940746307, -4.67208623886, -5.10550689697, -6.35192728043, -5.81811571121, -7.77970695496], "dmean": [0.400943726301, 0.293538361788, 0.284198731184, 0.281785309315, 0.262778580189, 0.26965418458], "dmean2": [0.677428543568, 0.469625473022, 0.448579460382, 0.427500188351, 0.378277957439, 0.414399296045], "mean": [-9.190325737, -7.36839962006, -8.23330879211, -8.97158527374, -9.77411556244, -12.5879850388], "dvar2": [0.339590013027, 0.181520611048, 0.185194283724, 0.186504811049, 0.204865410924, 0.232078358531], "min": [-27.9724845886, -27.937871933, -27.7215919495, -27.5928726196, -27.5160808563, -27.333820343]}, "spectral_strongpeak": {"dvar": 0.493540853262, "var": 1.92975723743, "median": 1.0234246254, "max": 9.96791172028, "dmean": 0.41739615798, "dmean2": 0.685636222363, "mean": 1.48150658607, "dvar2": 1.25693392754, "min": 0}, "erbbands_crest": {"dvar": 4.13890504837, "var": 18.8377914429, "median": 10.675321579, "max": 31.7655467987, "dmean": 1.91746068001, "dmean2": 2.95068240166, "mean": 11.381152153, "dvar2": 10.3025817871, "min": 1.86640524864}, "barkbands_crest": {"dvar": 3.46981215477, "var": 18.6075267792, "median": 10.9357662201, "max": 26.5059242249, "dmean": 1.78989517689, "dmean2": 2.7648537159, "mean": 11.8571920395, "dvar2": 8.62976264954, "min": 3.21469783783}, "spectral_energyband_middle_low": {"dvar": 1.61364241649e-05, "var": 0.000133989189635, "median": 0.0118343392387, "max": 0.0945550873876, "dmean": 0.00286302343011, "dmean2": 0.003994055558, "mean": 0.0144345825538, "dvar2": 3.55479241989e-05, "min": 1.4502820254e-22}, "spectral_contrast_coeffs": {"dvar": [0.00116284168325, 0.00107549130917, 0.000912640127353, 0.000675525981933, 0.000441852171207, 0.00029225362232], "var": [0.0163165535778, 0.00820099748671, 0.00836288370192, 0.0057360669598, 0.00447560474277, 0.00329267792404], "median": [-0.521238088608, -0.620605945587, -0.656667947769, -0.690682291985, -0.7115213871, -0.759073019028], "max": [-0.209260240197, -0.354977577925, -0.357243359089, -0.415049612522, -0.491788625717, -0.604257762432], "dmean": [0.0399759337306, 0.0367283560336, 0.0331636369228, 0.0295305643231, 0.0230351909995, 0.0182054005563], "dmean2": [0.0652482360601, 0.0578280352056, 0.0508540384471, 0.0453742668033, 0.0345230959356, 0.0294938310981], "mean": [-0.524766325951, -0.619189143181, -0.655355811119, -0.689247846603, -0.717016279697, -0.767096281052], "dvar2": [0.00298820296302, 0.00256555736996, 0.00200413377024, 0.0014999913983, 0.00091865163995, 0.000727575679775], "min": [-0.977592587471, -0.973013699055, -0.976858079433, -0.967523694038, -0.967198848724, -0.965490102768]}, "hfc": {"dvar": 22.1874542236, "var": 248.073791504, "median": 9.89802360535, "max": 164.77796936, "dmean": 2.65936160088, "dmean2": 3.823325634, "mean": 15.4204282761, "dvar2": 48.1334762573, "min": 1.10732908362e-16}, "spectral_energyband_high": {"dvar": 9.42145916838e-08, "var": 3.34370639621e-07, "median": 1.61583629961e-05, "max": 0.013210285455, "dmean": 4.69199076178e-05, "dmean2": 6.30917566014e-05, "mean": 0.000123577352497, "dvar2": 1.44364008747e-07, "min": 7.24273124341e-21}, "erbbands_spread": {"dvar": 19.8319702148, "var": 164.159805298, "median": 16.6372795105, "max": 128.91468811, "dmean": 2.85261464119, "dmean2": 4.23647785187, "mean": 19.4835414886, "dvar2": 37.946269989, "min": 1.61978769302}, "dissonance": {"dvar": 0.000763480493333, "var": 0.00402030069381, "median": 0.41341483593, "max": 0.5, "dmean": 0.0299098398536, "dmean2": 0.0501962453127, "mean": 0.400293260813, "dvar2": 0.00204361416399, "min": 0.048916015774}, "spectral_kurtosis": {"dvar": 331.784515381, "var": 2084.32910156, "median": 14.6170196533, "max": 353.858795166, "dmean": 11.5814208984, "dmean2": 20.0138320923, "mean": 34.6630554199, "dvar2": 1014.10888672, "min": -1.27670800686}, "spectral_skewness": {"dvar": 0.658659875393, "var": 5.90759944916, "median": 2.76427125931, "max": 15.7646169662, "dmean": 0.690778911114, "dmean2": 1.18332469463, "mean": 3.65419864655, "dvar2": 1.87526202202, "min": -0.0507028028369}, "pitch_salience": {"dvar": 0.00215394096449, "var": 0.0130071816966, "median": 0.549100399017, "max": 0.923580527306, "dmean": 0.0461893416941, "dmean2": 0.070675432682, "mean": 0.544470906258, "dvar2": 0.00526288291439, "min": 0.103409148753}, "spectral_complexity": {"dvar": 2.53322815895, "var": 42.3661880493, "median": 11, "max": 46, "dmean": 1.45183384418, "dmean2": 2.34071302414, "mean": 12.809510231, "dvar2": 5.46706676483, "min": 0}, "spectral_spread": {"dvar": 345978241024, "var": 8856874778620.0, "median": 2256421, "max": 42336732, "dmean": 289953.59375, "dmean2": 457491.34375, "mean": 2467197.75, "dvar2": 531177603072, "min": 236580.203125}, "dynamic_complexity": 4.03074979782, "melbands_crest": {"dvar": 4.84195327759, "var": 28.4006538391, "median": 13.9249229431, "max": 36.2545433044, "dmean": 2.09085345268, "dmean2": 3.1960644722, "mean": 14.6899957657, "dvar2": 11.8516368866, "min": 1.62996375561}, "zerocrossingrate": {"dvar": 6.73365211696e-05, "var": 0.00185602181591, "median": 0.02880859375, "max": 0.5732421875, "dmean": 0.00405885791406, "dmean2": 0.00483535835519, "mean": 0.0377366952598, "dvar2": 6.78163196426e-05, "min": 0.0029296875}, "spectral_energyband_low": {"dvar": 1.4048579942e-05, "var": 4.35593174188e-05, "median": 0.000164700468304, "max": 0.113272458315, "dmean": 0.000961275829468, "dmean2": 0.00148599862587, "mean": 0.00253068772145, "dvar2": 3.42522762367e-05, "min": 2.61739283632e-23}, "melbands_kurtosis": {"dvar": 34.9039573669, "var": 101.610969543, "median": 3.36321949959, "max": 252.235855103, "dmean": 2.32322835922, "dmean2": 3.50386786461, "mean": 6.07637929916, "dvar2": 89.8153457642, "min": -1.49198663235}, "spectral_energyband_middle_high": {"dvar": 1.30642465592e-05, "var": 0.000103902857518, "median": 0.00226436881348, "max": 0.117422752082, "dmean": 0.00155897380318, "dmean2": 0.00230792397633, "mean": 0.00664172647521, "dvar2": 3.07932205033e-05, "min": 1.03293552953e-21}, "barkbands_spread": {"dvar": 12.2502679825, "var": 94.3517074585, "median": 7.49387693405, "max": 142.676116943, "dmean": 1.75191938877, "dmean2": 2.6023106575, "mean": 9.59936618805, "dvar2": 22.9235420227, "min": 0.204194873571}, "mfcc": {"mean": [-738.289245605, 182.101348877, -29.5607681274, -8.55544948578, -14.1449756622, -11.8534812927, -17.2689361572, -9.36942958832, -14.6399173737, -7.43394231796, -4.46133852005, -7.75626850128, -8.5272769928], "cov": [[11015.1914062, -1447.25170898, -1412.58520508, 1085.51171875, -4.1561164856, 312.667938232, 326.476409912, 800.567321777, -220.132705688, 116.654403687, 248.626144409, 11.5610551834, -61.6487884521], [-1447.25170898, 2482.05517578, 304.10345459, -412.274597168, 126.197364807, -109.210014343, -91.7467880249, -274.080749512, 53.0591583252, -58.4986763, -138.164978027, -4.87650203705, 80.4184875488], [-1412.58520508, 304.10345459, 1020.61291504, 36.1748352051, 236.950408936, 112.9115448, -12.681353569, 3.15666651726, 54.6886482239, 38.5793647766, -78.7997817993, 16.2777805328, 22.3705177307], [1085.51171875, -412.274597168, 36.1748352051, 740.392150879, 332.723327637, 212.507080078, 122.7473526, 208.980484009, 140.324676514, 149.898269653, 64.932510376, 99.291305542, 119.038970947], [-4.1561164856, 126.197364807, 236.950408936, 332.723327637, 478.225036621, 162.698623657, 48.9579658508, 98.5665512085, 133.527359009, 124.687744141, 8.28666877747, 95.5226287842, 121.614608765], [312.667938232, -109.210014343, 112.9115448, 212.507080078, 162.698623657, 211.705429077, 82.4184417725, 109.695594788, 87.3112945557, 73.7796020508, 29.1954078674, 32.1931495667, 49.1313819885], [326.476409912, -91.7467880249, -12.681353569, 122.7473526, 48.9579658508, 82.4184417725, 194.207229614, 116.099472046, 45.4614944458, 45.7368164062, 23.9037284851, 23.4798564911, 22.1608066559], [800.567321777, -274.080749512, 3.15666651726, 208.980484009, 98.5665512085, 109.695594788, 116.099472046, 228.167495728, 42.3042526245, 65.242401123, 51.5114212036, 22.5325374603, 21.7373714447], [-220.132705688, 53.0591583252, 54.6886482239, 140.324676514, 133.527359009, 87.3112945557, 45.4614944458, 42.3042526245, 184.141326904, 88.8089065552, 17.9225273132, 69.6747741699, 82.6302490234], [116.654403687, -58.4986763, 38.5793647766, 149.898269653, 124.687744141, 73.7796020508, 45.7368164062, 65.242401123, 88.8089065552, 150