{"tonal": {"chords_key": "B", "hpcp_entropy": {"dmean": 0.677231252193, "dmean2": 1.1383947134, "max": 4.48679828644, "dvar": 0.298945516348, "mean": 2.3668012619, "dvar2": 0.824210584164, "min": 0, "var": 0.604458749294, "median": 2.38640022278}, "key_key": "D", "chords_strength": {"dmean": 0.0132135637105, "dmean2": 0.0132323512807, "max": 0.750263988972, "dvar": 0.000447038008133, "mean": 0.508747041225, "dvar2": 0.000805955496617, "min": -1, "var": 0.0227485112846, "median": 0.521734952927}, "key_scale": "major", "chords_number_rate": 0.00185459945351, "thpcp": [1, 0.855378866196, 0.578744769096, 0.524449408054, 0.45856449008, 0.403496801853, 0.478112250566, 0.494360774755, 0.5478759408, 0.764298975468, 0.640294075012, 0.322225570679, 0.262734264135, 0.270266592503, 0.418981224298, 0.817417383194, 0.811990022659, 0.421348839998, 0.250060766935, 0.210536465049, 0.252234250307, 0.376283526421, 0.418276697397, 0.48559692502, 0.731160342693, 0.655944347382, 0.357062011957, 0.270544350147, 0.282390296459, 0.451350539923, 0.765274107456, 0.713476061821, 0.474306941032, 0.402027130127, 0.409352272749, 0.698412001133], "key_strength": 0.597149193287, "tuning_nontempered_energy_ratio": 0.826627910137, "tuning_frequency": 439.238189697, "chords_changes_rate": 0.0741839781404, "tuning_diatonic_strength": 0.564154446125, "chords_scale": "minor", "chords_histogram": [23.1083087921, 2.1327893734, 2.83753705025, 0.686201751232, 21.4020767212, 0.204005941749, 1.18694365025, 0.0927299708128, 1.66913950443, 0.148367956281, 0.241097927094, 0, 0, 0, 0.204005941749, 0.890207707882, 0.0370919890702, 1.66913950443, 0.445103853941, 0.982937693596, 0, 9.43991088867, 8.6980714798, 23.924331665], "tuning_equal_tempered_deviation": 0.113439045846, "hpcp": {"dmean": [0.170384794474, 0.149102702737, 0.10362264514, 0.0963021442294, 0.104749113321, 0.127477735281, 0.17522662878, 0.176688358188, 0.128625258803, 0.0919027030468, 0.0786935463548, 0.0835751742125, 0.107606351376, 0.114517353475, 0.124933868647, 0.158279314637, 0.152834951878, 0.109456241131, 0.086319103837, 0.0904903560877, 0.122179679573, 0.158281296492, 0.163175627589, 0.151049494743, 0.14099958539, 0.146833851933, 0.225559011102, 0.235603943467, 0.209326058626, 0.180442467332, 0.13989032805, 0.123949944973, 0.115113586187, 0.12134385854, 0.130424186587, 0.145480021834], "dmean2": [0.286491751671, 0.252771109343, 0.186372056603, 0.177935868502, 0.196212470531, 0.231117606163, 0.298484057188, 0.300397098064, 0.230800107121, 0.171374499798, 0.147345632315, 0.154083639383, 0.191127389669, 0.204348236322, 0.215467482805, 0.262868970633, 0.258002191782, 0.19562600553, 0.156106740236, 0.163553759456, 0.212346181273, 0.266681671143, 0.2797049582, 0.269907593727, 0.255477756262, 0.266204744577, 0.405226320028, 0.41364851594, 0.360486030579, 0.322943091393, 0.251067280769, 0.221609681845, 0.204606056213, 0.212429821491, 0.230564236641, 0.255388021469], "max": [1, 1, 1, 1, 1, 1, 1, 1, 1, 1, 1, 1, 1, 1, 1, 1, 1, 1, 1, 1, 1, 1, 1, 1, 1, 1, 1, 1, 1, 1, 1, 1, 1, 1, 1, 1], "dvar": [0.0504715964198, 0.0433740392327, 0.0313571840525, 0.0362858101726, 0.0414353199303, 0.0395532101393, 0.0542310737073, 0.0550418794155, 0.0410160757601, 0.0358344167471, 0.0301044695079, 0.0289722364396, 0.0354887247086, 0.037975396961, 0.031478498131, 0.0489489175379, 0.0489450655878, 0.0350121483207, 0.0268417261541, 0.0285758711398, 0.0349305644631, 0.0481744334102, 0.0467221327126, 0.050391536206, 0.0522166416049, 0.0500774793327, 0.0825695320964, 0.0792953819036, 0.0650316253304, 0.0612873584032, 0.0480177178979, 0.0398640297353, 0.0341921932995, 0.0338895209134, 0.0385185554624, 0.0403023585677], "mean": [0.22548532486, 0.188901096582, 0.0950637608767, 0.0775124952197, 0.079734697938, 0.123608849943, 0.241156429052, 0.239555239677, 0.124307341874, 0.0737735256553, 0.0621129721403, 0.0744147524238, 0.111012071371, 0.123400993645, 0.14326196909, 0.215708673, 0.193518280983, 0.105341292918, 0.0798166394234, 0.0833114609122, 0.133158519864, 0.225773006678, 0.210491418839, 0.139931172132, 0.118607006967, 0.120768085122, 0.206047177315, 0.295022398233, 0.252355933189, 0.170742675662, 0.154724314809, 0.135286793113, 0.119040593505, 0.141053825617, 0.145847499371, 0.161635681987], "dvar2": [0.121965102851, 0.109920591116, 0.0910346210003, 0.104329101741, 0.119854830205, 0.114548936486, 0.13723488152, 0.134817764163, 0.114728949964, 0.102740988135, 0.0869553014636, 0.0815074369311, 0.0958736389875, 0.101512983441, 0.0837154611945, 0.110212855041, 0.115880474448, 0.0964215621352, 0.0753540322185, 0.0793491825461, 0.0929305031896, 0.113277606666, 0.116677485406, 0.136515438557, 0.142374411225, 0.13461202383, 0.220506295562, 0.205402001739, 0.162839725614, 0.166021689773, 0.129269510508, 0.106468819082, 0.0941311493516, 0.0908232703805, 0.105379290879, 0.111230239272], "min": [0, 0, 0, 0, 0, 0, 0, 0, 0, 0, 0, 0, 0, 0, 0, 0, 0, 0, 0, 0, 0, 0, 0, 0, 0, 0, 0, 0, 0, 0, 0, 0, 0, 0, 0, 0], "var": [0.0873781219125, 0.0667717456818, 0.0255381185561, 0.0263352692127, 0.0299785677344, 0.0378609858453, 0.0937214791775, 0.089905127883, 0.0378288254142, 0.0263976939023, 0.0214137919247, 0.0228571146727, 0.0375059694052, 0.0451312549412, 0.0392750203609, 0.0846297293901, 0.0773135125637, 0.0328463278711, 0.0238204393536, 0.0262848101556, 0.040656529367, 0.0891897976398, 0.0760509669781, 0.0466428101063, 0.0435403101146, 0.0425307713449, 0.0782172605395, 0.111434169114, 0.0902966856956, 0.059338323772, 0.065353192389, 0.0497471429408, 0.0337184108794, 0.0440860800445, 0.0479291975498, 0.0461936444044], "median": [0.085045799613, 0.0671424716711, 0.0348460972309, 0.0197293795645, 0.016309864819, 0.0391045063734, 0.0885580778122, 0.0926167070866, 0.0459364503622, 0.0192480683327, 0.0150981340557, 0.0229575000703, 0.0344773307443, 0.0396535024047, 0.0622185468674, 0.0754905045033, 0.0610491111875, 0.0330834239721, 0.023598363623, 0.0212978664786, 0.0443208441138, 0.0787292420864, 0.0804899707437, 0.0498126633465, 0.0338713973761, 0.0334717929363, 0.0728958547115, 0.135061725974, 0.112126514316, 0.062361702323, 0.0405293181539, 0.0379091985524, 0.0463390313089, 0.0539417043328, 0.04828536883, 0.0690066367388]}}, "lowlevel": {"melbands_flatness_db": {"dmean": 0.0361618623137, "dmean2": 0.0554222278297, "max": 0.644823253155, "dvar": 0.00121447117999, "mean": 0.179601535201, "dvar2": 0.00289821508341, "min": 1.94145030719e-07, "var": 0.00424725050107, "median": 0.170573636889}, "melbands_crest": {"dmean": 3.91434955597, "dmean2": 6.3400220871, "max": 33.1225357056, "dvar": 11.4437522888, "mean": 14.1667346954, "dvar2": 29.6856193542, "min": 1.00314736366, "var": 29.7511310577, "median": 13.4393615723}, "spectral_entropy": {"dmean": 0.166825905442, "dmean2": 0.263430446386, "max": 9.81885719299, "dvar": 0.0269643478096, "mean": 7.65890216827, "dvar2": 0.0645421221852, "min": 5.36769723892, "var": 0.125633716583, "median": 7.65042114258}, "melbands": {"dmean": [0.000747048878111, 0.00151434179861, 0.00126000691671, 0.000701878394466, 0.000136556249345, 9.04008193174e-05, 7.08145744284e-05, 4.29148167314e-05, 5.86566929996e-05, 5.05103598698e-05, 2.92650984193e-05, 1.35964019137e-05, 1.09330230771e-05, 1.06215711639e-05, 1.06547295218e-05, 1.15803404697e-05, 1.04848431874e-05, 8.31727811601e-06, 8.46679085953e-06, 8.62576507643e-06, 1.15645962069e-05, 1.28419205794e-05, 1.56154746946e-05, 2.0586350729e-05, 2.7336547646e-05, 1.96306682483e-05, 8.41287874209e-06, 1.04716573333e-05, 8.02238628239e-06, 5.80248479309e-06, 6.00926250627e-06, 3.26972099174e-06, 3.09402730636e-06, 3.37408891937e-06, 2.26681709137e-06, 2.22387620852e-06, 1.50338678395e-06, 1.12490374704e-06, 5.47856075173e-07, 3.05481563601e-07], "dmean2": [0.00116211059503, 0.00247165700421, 0.0021555244457, 0.00114857964218, 0.000229451383348, 0.000151154104969, 0.000114550581202, 6.63316532155e-05, 9.01690655155e-05, 7.78892572271e-05, 4.53782340628e-05, 2.06285931199e-05, 1.72206327989e-05, 1.65893543453e-05, 1.68657734321e-05, 1.84042528417e-05, 1.6795056581e-05, 1.34727151817e-05, 1.37488768814e-05, 1.44103105413e-05, 1.94916992768e-05, 2.15094059968e-05, 2.57213469013e-05, 3.45181470038e-05, 4.53397842648e-05, 3.16018558806e-05, 1.36553353514e-05, 1.65603105415e-05, 1.25736687551e-05, 8.99379028851e-06, 9.60363922786e-06, 5.01174463352e-06, 4.61032550447e-06, 5.41028521184e-06, 3.2104278489e-06, 3.27606039718e-06, 2.06174308914e-06, 1.55214843289e-06, 7.82170388902e-07, 4.53807928125e-07], "max": [0.0130234071985, 0.023671625182, 0.023153251037, 0.0146269090474, 0.00557826459408, 0.00355019816197, 0.00247810548171, 0.00322215096094, 0.00349849672057, 0.00369621766731, 0.00481290183961, 0.00087168905884, 0.000677298812661, 0.000657405471429, 0.000491615268402, 0.00071244413266, 0.00179559434764, 0.000482523377286, 0.000940508092754, 0.000445051118731, 0.000759607704822, 0.000652406422887, 0.000968004052993, 0.00142701913137, 0.00390145345591, 0.0027841781266, 0.000502140785102, 0.00082175451098, 0.000753702304792, 0.000444760575192, 0.00106536759995, 0.000151656626258, 0.000118195370305, 0.000145043683005, 0.000151051121065, 0.000165595003637, 0.000252879282925, 0.000176839996129, 0.000105366969365, 4.01528086513e-05], "dvar": [3.1113447676e-06, 1.32926843435e-05, 6.7771270551e-06, 2.6444345167e-06, 7.40197663163e-08, 3.14695292047e-08, 1.97707166194e-08, 1.06134185884e-08, 2.62370587478e-08, 2.71034981125e-08, 1.60368305302e-08, 1.31711641593e-09, 8.18640544242e-10, 6.86535606143e-10, 5.05041009013e-10, 8.57176385427e-10, 1.1305462122e-09, 3.59474255918e-10, 5.38771360858e-10, 3.34095501264e-10, 9.1145657688e-10, 9.79947456514e-10, 1.46278489321e-09, 2.03280081656e-09, 8.69869154485e-09, 2.57033527795e-09, 4.94916496674e-10, 7.05839886539e-10, 4.16985196372e-10, 2.35419295169e-10, 3.99125399397e-10, 5.04852375183e-11, 4.97533542143e-11, 8.09459374529e-11, 3.074873689e-11, 3.86826751186e-11, 4.18664998503e-11, 2.30843018312e-11, 6.46596578363e-12, 1.80629784133e-12], "mean": [0.000688994536176, 0.00137469707988, 0.00123022845946, 0.000775720458478, 0.000202526207431, 0.000140357587952, 0.000129865424242, 7.64492433518e-05, 0.000102205922303, 8.30739445519e-05, 4.8038076784e-05, 2.5271465347e-05, 1.80201404874e-05, 1.83867468877e-05, 1.85708304343e-05, 1.91706221813e-05, 1.65114361153e-05, 1.3433609638e-05, 1.38057948789e-05, 1.26898576127e-05, 1.5614044969e-05, 1.8387385353e-05, 2.27627588174e-05, 3.01225773001e-05, 4.31790285802e-05, 3.02889784507e-05, 1.23705012811e-05, 1.38270670504e-05, 1.02265985333e-05, 7.75518674345e-06, 7.47711783333e-06, 4.65818084194e-06, 3.82251982955e-06, 3.64289417121e-06, 2.91015521725e-06, 2.68648113888e-06, 2.0672057417e-06, 1.46034176396e-06, 6.83387213485e-07, 3.7897532934e-07], "dvar2": [7.4501549534e-06, 3.18188867823e-05, 1.64089215104e-05, 6.40906637273e-06, 2.03242237262e-07, 8.32750615132e-08, 5.11141031723e-08, 2.40173090305e-08, 6.19592341877e-08, 6.78665799114e-08, 4.01153208429e-08, 3.05687519742e-09, 2.00328109656e-09, 1.66892732967e-09, 1.20175414065e-09, 2.25462160053e-09, 2.64065502797e-09, 8.77638350882e-10, 1.29271404692e-09, 8.75334971173e-10, 2.47095743866e-09, 2.62140686935e-09, 3.93396915044e-09, 5.33855182283e-09, 2.22506475467e-08, 5.99851768257e-09, 1.26605259609e-09, 1.66089075826e-09, 9.73403024851e-10, 5.10487929706e-10, 8.92452722834e-10, 1.1283499135e-10, 1.13629765319e-10, 2.08947206759e-10, 6.36663222142e-11, 8.16900019851e-11, 7.58006435397e-11, 4.22930475363e-11, 1.28574078467e-11, 4.00832145253e-12], "min": [6.22539739939e-25, 1.00730595621e-24, 1.85881957503e-24, 2.32260707286e-24, 2.58160963235e-24, 1.71038139343e-24, 9.12851202683e-25, 1.13501790221e-24, 1.97124822846e-24, 2.0908085789e-24, 3.3778601921e-24, 2.72543593588e-24, 3.16869096207e-24, 3.79688141128e-24, 3.84335675708e-24, 3.36090796568e-24, 2.3656013727e-24, 3.10840562004e-24, 3.26758217071e-24, 2.85062678103e-24, 4.09166492649e-24, 3.00751307128e-24, 4.1303171387e-24, 4.28845180133e-24, 4.71153210429e-24, 3.82873403691e-24, 4.11217649332e-24, 3.67029763498e-24, 5.52638558191e-24, 5.1230737388e-24, 4.10485468083e-24, 5.49149623622e-24, 6.20099300121e-24, 5.56296190664e-24, 5.64492179368e-24, 6.05928242263e-24, 5.51850801691e-24, 6.35342222735e-24, 5.93146289573e-24, 5.91443099435e-24], "var": [2.95184122479e-06, 1.16535884445e-05, 5.99137456447e-06, 2.50483822128e-06, 7.85095721767e-08, 4.41073986224e-08, 4.27668425118e-08, 2.20661053874e-08, 6.58547207877e-08, 5.5333792659e-08, 2.61264041512e-08, 4.0772625276e-09, 1.67400415751e-09, 1.54267798536e-09, 1.08892306283e-09, 1.68965941238e-09, 1.96124805285e-09, 6.83696599335e-10, 1.04930109046e-09, 5.57368484699e-10, 1.15399245715e-09, 1.29186572551e-09, 2.01123473431e-09, 3.23360405119e-09, 1.23136887353e-08, 4.05734157383e-09, 6.21419360414e-10, 9.70706737213e-10, 5.13847409067e-10, 3.59492796642e-10, 5.53947554494e-10, 8.72053609879e-11, 6.6862397563e-11, 8.47627662504e-11, 4.78253478486e-11, 5.94059246239e-11, 7.76826658555e-11, 4.25167089035e-11, 1.05744805273e-11, 2.55738529312e-12], "median": [8.81194937392e-05, 0.000289254472591, 0.000441267737187, 0.000296238285955, 0.000113250047434, 7.07594444975e-05, 5.42591078556e-05, 2.85783789877e-05, 2.20920919674e-05, 1.44141813507e-05, 9.26193843043e-06, 7.18227056495e-06, 5.81292169954e-06, 6.12315625403e-06, 8.47785668157e-06, 7.516741789e-06, 6.1754417402e-06, 5.42927227798e-06, 5.61383285458e-06, 5.54095322514e-06, 5.51335688215e-06, 7.42734664527e-06, 8.51387085277e-06, 9.6818239399e-06, 1.29287782329e-05, 1.14892482088e-05, 5.18569595442e-06, 4.41753400082e-06, 3.27831753566e-06, 1.85496173799e-06, 1.60624847467e-06, 1.1852876014e-06, 8.42863187245e-07, 7.26755956748e-07, 6.60364889882e-07, 5.28261580257e-07, 3.64273375908e-07, 2.44482009748e-07, 1.32456889901e-07, 8.34037408026e-08]}, "silence_rate_60dB": {"dmean": 0.0380298681557, "dmean2": 0.0760667920113, "max": 1, "dvar": 0.0365776382387, "mean": 0.111482098699, "dvar2": 0.0803091675043, "min": 0, "var": 0.0990714728832, "median": 0}, "spectral_energyband_middle_high": {"dmean": 0.00130151864141, "dmean2": 0.00201019481756, "max": 0.05762924999, "dvar": 5.26096619069e-06, "mean": 0.00318152550608, "dvar2": 1.21808880067e-05, "min": 1.12861039765e-21, "var": 1.42776962093e-05, "median": 0.00186577218119}, "erbbands_skewness": {"dmean": 0.479998320341, "dmean2": 0.756103813648, "max": 5.49664735794, "dvar": 0.24160079658, "mean": -0.497038513422, "dvar2": 0.591040372849, "min": -8.09959793091, "var": 0.958572149277, "median": -0.374491274357}, "dynamic_complexity": 3.40608453751, "dissonance": {"dmean": 0.00985305942595, "dmean2": 0.01630724594, "max": 0.500000059605, "dvar": 9.80538243311e-05, "mean": 0.47954171896, "dvar2": 0.000266455026576, "min": 0.384769707918, "var": 0.0002169572399, "median": 0.482946544886}, "spectral_skewness": {"dmean": 0.246592760086, "dmean2": 0.396017432213, "max": 3.88015675545, "dvar": 0.0585222020745, "mean": 1.10427260399, "dvar2": 0.141453579068, "min": -0.154839217663, "var": 0.207592666149, "median": 1.06303286552}, "spectral_kurtosis": {"dmean": 1.4582862854, "dmean2": 2.4408698082, "max": 24.9409389496, "dvar": 2.80935549736, "mean": 3.5788667202, "dvar2": 7.74234676361, "min": -1.25028979778, "var": 6.61245727539, "median": 3.22355461121}, "gfcc": {"cov": [[19467.4746094, 407.835357666, -917.810852051, 892.530822754, -920.468200684, -159.91166687, -392.020172119, 259.668548584, -345.892486572, -87.8767318726, -186.731369019, -71.856590271, -400.54095459], [407.835357666, 1472.21850586, -266.632843018, -186.93006897, 192.858322144, -42.2463531494, 114.932685852, -4.56001901627, 130.368255615, 1.53706860542, 143.165222168, -25.9892482758, 26.7292537689], [-917.810852051, -266.632843018, 1115.87353516, 147.495010376, 20.6157798767, 171.155807495, -35.2215576172, -24.946308136, 2.43715763092, 31.6457881927, -41.3117446899, 41.6486129761, -38.3541297913], [892.530822754, -186.93006897, 147.495010376, 574.626708984, -12.8333816528, 1.94793343544, 32.81042099, -61.2746429443, -7.87450742722, -22.7234916687, -18.3930282593, -12.086933136, 35.3317146301], [-920.468200684, 192.858322144, 20.6157798767, -12.8333816528, 364.277526855, 12.4753360748, 114.914360046, 75.2751083374, 40.9594917297, 64.487991333, 28.4169979095, 34.7053871155, 31.1798152924], [-159.91166687, -42.2463531494, 171.155807495, 1.94793343544, 12.4753360748, 222.106536865, 32.7728805542, 26.0650863647, 45.2813301086, 3.28075408936, 14.2946472168, 4.38565444946, 3.3418507576], [-392.020172119, 114.932685852, -35.2215576172, 32.81042099, 114.914360046, 32.7728805542, 212.068847656, 58.5401687622, 15.452082634, 37.4693603516, 42.6645927429, 5.81594324112, 22.1158180237], [259.668548584, -4.56001901627, -24.946308136, -61.2746429443, 75.2751083374, 26.0650863647, 58.5401687622, 169.117385864, 26.7471294403, 32.3326530457, 13.7915287018, 20.8702926636, -15.2286243439], [-345.892486572, 130.368255615, 2.43715763092, -7.87450742722, 40.9594917297, 45.2813301086, 15.452082634, 26.7471294403, 133.756973267, 26.5129394531, 28.7680358887, 0.357357501984, 26.6763496399], [-87.8767318726, 1.53706860542, 31.6457881927, -22.7234916687, 64.487991333, 3.28075408936, 37.4693603516, 32.3326530457, 26.5129394531, 127.336868286, 27.6181964874, 31.5623664856, 14.9563121796], [-186.731369019, 143.165222168, -41.3117446899, -18.3930282593, 28.4169979095, 14.2946472168, 42.6645927429, 13.7915287018, 28.7680358887, 27.6181964874, 101.622283936, 26.4599990845, 15.9672222137], [-71.856590271, -25.9892482758, 41.6486129761, -12.086933136, 34.7053871155, 4.38565444946, 5.81594324112, 20.8702926636, 0.357357501984, 31.5623664856, 26.4599990845, 75.014251709, 25.5356884003], [-400.54095459, 26.7292537689, -38.3541297913, 35.3317146301, 31.1798152924, 3.3418507576, 22.1158180237, -15.2286243439, 26.6763496399, 14.9563121796, 15.9672222137, 25.5356884003, 88.3397369385]], "mean": [-41.3262939453, 75.1555099487, -117.267936707, 54.2025146484, -54.7861480713, -0.596864521503, -36.4011497498, 2.24099802971, -26.2818565369, -5.37872505188, -14.6970062256, -4.48237228394, -18.3069820404], "icov": [[0.000148670122144, -0.000270840479061, 0.000214413666981, -0.000492057937663, 0.00047269766219, -0.000237418396864, 0.000366070162272, -0.000608417554758, 0.000478283996927, -0.000390385917854, 0.000464862940134, -0.000439006485976, 0.000656079035252], [-0.000270840479061, 0.00156456115656, -0.000318874139339, 0.00126237480436, -0.00140805903357, 0.000843883201014, -0.0010047092801, 0.00165346811991, -0.00178845156915, 0.00126798544079, -0.00219125347212, 0.0014891292667, -0.00105212093331], [0.000214413666981, -0.000318874139339, 0.00157209159806, -0.00105852796696, 0.000464466575067, -0.00138844328467, 0.000741914613172, -0.000340952974511, 0.000574944482651, -0.000961558427662, 0.00133619690314, -0.0018273408059, 0.00209451862611], [-0.000492057937663, 0.00126237480436, -0.00105852796696, 0.00378756131977, -0.00161793513689, 0.00120064464863, -0.00200911727734, 0.00277207419276, -0.00187557493336, 0.00186385295819, -0.00171233795118, 0.00212248810567, -0.00313414703123], [0.00047269766219, -0.00140805903357, 0.000464466575067, -0.00161793513689, 0.00558197684586, -0.000522271147929, -0.000405657017836, -0.00306969275698, 0.00125857430976, -0.00230622733943, 0.00259127723984, -0.00262632011436, 0.00134121114388], [-0.000237418396864, 0.000843883201014, -0.00138844328467, 0.00120064464863, -0.000522271147929, 0.00647337548435, -0.00177304679528, 0.000458344526123, -0.00293492223136, 0.0017346329987, -0.00181378144771, 0.00130615627859, -0.00140961678699], [0.000366070162272, -0.0010047092801, 0.000741914613172, -0.00200911727734, -0.000405657017836, -0.00177304679528, 0.00828227121383, -0.00375993829221, 0.0030231825076, -0.00220069242641, -0.0011604684405, 0.00132967880927, -0.000136859016493], [-0.000608417554758, 0.00165346811991, -0.000340952974511, 0.00277207419276, -0.00306969275698, 0.000458344526123, -0.00375993829221, 0.0112230293453, -0.00424207793549, 0.00127363298088, -0.00122048577759, -0.00126355024986, 0.00107768748421], [0.000478283996927, -0.00178845156915, 0.000574944482651, -0.00187557493336, 0.00125857430976, -0.00293492223136, 0.0030231825076, -0.00424207793549, 0.0124807413667, -0.00328632257879, -0.000150514984853, 0.00174151989631, -0.00180051568896], [-0.000390385917854, 0.00126798544079, -0.000961558427662, 0.00186385295819, -0.00230622733943, 0.0017346329987, -0.00220069242641, 0.00127363298088, -0.00328632257879, 0.0114871235564, -0.00292646768503, -0.00149489438627, -0.00178912992124], [0.000464862940134, -0.00219125347212, 0.00133619690314, -0.00171233795118, 0.00259127723984, -0.00181378144771, -0.0011604684405, -0.00122048577759, -0.000150514984853, -0.00292646768503, 0.0165473725647, -0.00762955611572, 0.00302530569024], [-0.000439006485976, 0.0014891292667, -0.0018273408059, 0.00212248810567, -0.00262632011436, 0.00130615627859, 0.00132967880927, -0.00126355024986, 0.00174151989631, -0.00149489438627, -0.00762955611572, 0.0226086452603, -0.00918556377292], [0.000656079035252, -0.00105212093331, 0.00209451862611, -0.00313414703123, 0.00134121114388, -0.00140961678699, -0.000136859016493, 0.00107768748421, -0.00180051568896, -0.00178912992124, 0.00302530569024, -0.00918556377292, 0.0195308662951]]}, "spectral_complexity": {"dmean": 4.03172254562, "dmean2": 6.15547323227, "max": 51, "dvar": 19.4703865051, "mean": 16.0417366028, "dvar2": 41.6658782959, "min": 0, "var": 92.2536468506, "median": 15}, "spectral_flux": {"dmean": 0.0298403259367, "dmean2": 0.0432965122163, "max": 0.320447653532, "dvar": 0.00149769382551, "mean": 0.0787673816085, "dvar2": 0.00276155164465, "min": 6.37193076081e-11, "var": 0.00352209946141, "median": 0.0598067194223}, "spectral_energyband_low": {"dmean": 0.00580594409257, "dmean2": 0.0088877491653, "max": 0.0863470137119, "dvar": 0.000154864639626, "mean": 0.00634835055098, "dvar2": 0.000330464506987, "min": 1.1336645916e-23, "var": 0.000171850944753, "median": 0.00186331011355}, "spectral_decrease": {"dmean": 2.66453148434e-09, "dmean2": 3.98499233611e-09, "max": 2.80987774013e-18, "dvar": 1.87270266154e-17, "mean": -4.29972235594e-09, "dvar2": 3.73142497812e-17, "min": -3.61567096263e-08, "var": 2.64427903527e-17, "median": -2.39235697919e-09}, "barkbands_spread": {"dmean": 9.63022518158, "dmean2": 15.7139940262, "max": 132.167190552, "dvar": 100.254692078, "mean": 31.4321517944, "dvar2": 246.823776245, "min": 0.189736321568, "var": 276.440643311, "median": 29.6696281433}, "spectral_rms": {"dmean": 0.00103766820394, "dmean2": 0.00146354001481, "max": 0.0117460386828, "dvar": 1.79736241535e-06, "mean": 0.00363097898662, "dvar2": 3.07295158564e-06, "min": 3.10974987081e-12, "var": 4.22117454946e-06, "median": 0.00317483628169}, "spectral_centroid": {"dmean": 439.540435791, "dmean2": 706.447021484, "max": 12001.4316406, "dvar": 201507.09375, "mean": 1949.13415527, "dvar2": 478942.75, "min": 101.840049744, "var": 1280865.5, "median": 1883.42321777}, "barkbands_skewness": {"dmean": 0.817754209042, "dmean2": 1.2585299015, "max": 20.3251419067, "dvar": 0.991139650345, "mean": 1.37551391125, "dvar2": 2.24974012375, "min": -2.8213801384, "var": 2.64574289322, "median": 1.19582533836}, "spectral_rolloff": {"dmean": 930.881164551, "dmean2": 1606.65942383, "max": 19487.5488281, "dvar": 1662947.5, "mean": 2370.60375977, "dvar2": 3826502.5, "min": 21.533203125, "var": 5528502, "median": 2239.453125}, "erbbands_spread": {"dmean": 13.2110300064, "dmean2": 20.3057918549, "max": 145.774749756, "dvar": 196.147277832, "mean": 50.0314598083, "dvar2": 430.119354248, "min": 2.87130784988, "var": 611.53527832, "median": 44.5491981506}, "barkbands": {"dmean": [1.25227516037e-05, 0.00366788776591, 0.0028331624344, 0.00253966683522, 0.00270354491659, 0.000477802212117, 0.000321653846186, 0.000239019413129, 0.00038842347567, 0.000130018146592, 7.24036581232e-05, 9.67179512372e-05, 0.000111161571112, 0.000115159047709, 0.000112450725283, 0.00013760002912, 0.000216648331843, 0.000390199944377, 0.000577074184548, 0.000269861047855, 0.000266699615167, 0.000162167372764, 0.000139670766657, 9.7470030596e-05, 2.71071712632e-05, 1.39586973091e-05, 2.69299766842e-06], "dmean2": [1.84403379535e-05, 0.0059400619939, 0.00496426178142, 0.00435942597687, 0.0044020107016, 0.000800789974164, 0.000513088656589, 0.000362063903594, 0.000604701635893, 0.000201528499019, 0.000114862879855, 0.000151067826664, 0.000176426561666, 0.000185833123396, 0.000182168747415, 0.000233969534747, 0.000360158068361, 0.000649683410302, 0.000940533354878, 0.000424552184995, 0.000410684093367, 0.000241012836341, 0.000213199993595, 0.000132786066388, 3.99054042646e-05, 2.17546494241e-05, 4.19621483161e-06], "max": [0.00043058663141, 0.0621479414403, 0.0577102154493, 0.0509952679276, 0.0564951561391, 0.0157568026334, 0.0122370123863, 0.0189993139356, 0.0254828352481, 0.0160266887397, 0.00454583903775, 0.00519581930712, 0.00558092817664, 0.0141867781058, 0.00933390296996, 0.00882171653211, 0.0133539158851, 0.0247316807508, 0.0548265278339, 0.0157123524696, 0.0281480010599, 0.00859951879829, 0.00879567023367, 0.0148469088599, 0.00328517775051, 0.000774194078986, 7.57900561439e-05], "dvar": [4.93760698994e-10, 8.16747851786e-05, 5.28735945409e-05, 2.85316309601e-05, 3.91571957152e-05, 8.23620212032e-07, 4.19818150021e-07, 5.26839130544e-07, 1.55564441684e-06, 2.04035472962e-07, 3.73936366316e-08, 5.02728525476e-08, 6.2345371532e-08, 1.00467630659e-07, 6.93952770803e-08, 1.07383982595e-07, 2.72813991842e-07, 6.91648097018e-07, 2.35974948737e-06, 4.0841888449e-07, 4.7668348202e-07, 1.11767874955e-07, 1.31354681798e-07, 1.63580722301e-07, 1.11690150462e-08, 6.44024888974e-10, 2.22588180526e-11], "mean": [1.72972013388e-05, 0.00315052457154, 0.00238091568463, 0.00241278600879, 0.00308847264387, 0.00073535356205, 0.000586906739045, 0.000424259662395, 0.000632722862065, 0.00021743607067, 0.000115028989967, 0.000167359772604, 0.000180196759175, 0.000182273317478, 0.000185673605301, 0.000191606901353, 0.000325684261043, 0.000581673113629, 0.000933399307542, 0.000373153248802, 0.000355416967068, 0.000225168143515, 0.000192689753021, 0.000133271780214, 3.4205178963e-05, 1.41359014378e-05, 2.72318015959e-06], "dvar2": [1.10435594003e-09, 0.000203765695915, 0.000141302225529, 6.87887441018e-05, 9.5455092378e-05, 2.22102289626e-06, 1.06521781618e-06, 1.15872705919e-06, 3.98144948122e-06, 4.85277439566e-07, 9.12398050446e-08, 1.2241119407e-07, 1.58700274255e-07, 2.40414294694e-07, 1.65170945365e-07, 2.93418310093e-07, 7.20499485851e-07, 1.81350867479e-06, 5.87332306168e-06, 9.74621571004e-07, 1.0203743841e-06, 2.44025216034e-07, 2.58094217997e-07, 2.8771555094e-07, 2.37339179421e-08, 1.46015355362e-09, 5.23552833032e-11], "min": [1.08949974051e-25, 2.21353778359e-24, 7.36262174555e-25, 7.82371538199e-25, 1.00857554895e-23, 1.63687438765e-23, 2.85280837586e-24, 7.669847668e-24, 1.25906523431e-23, 1.99208772476e-23, 1.60205816937e-23, 2.4659861317e-23, 3.09335206349e-23, 3.80866778206e-23, 4.89342157759e-23, 5.81822025617e-23, 5.34124781606e-23, 1.00489040101e-22, 1.1637355591e-22, 1.3741587151e-22, 2.66711802084e-22, 3.15875355502e-22, 3.82815920974e-22, 5.99432102082e-22, 8.44647280416e-22, 1.24840406317e-21, 2.00627124189e-21], "var": [8.56536563898e-10, 6.97139039403e-05, 3.69703884644e-05, 2.55738250416e-05, 3.73689290427e-05, 1.07663709059e-06, 9.20868103549e-07, 1.48450487814e-06, 3.23656377077e-06, 3.45220144027e-07, 7.65330128161e-08, 1.13940217261e-07, 1.27401079908e-07, 1.81755495987e-07, 1.52843014689e-07, 1.3655845521e-07, 3.83083147426e-07, 1.10131293241e-06, 3.66685185327e-06, 5.60665114335e-07, 7.25079473796e-07, 1.88383964428e-07, 2.08996297602e-07, 3.20648382512e-07, 1.73680110294e-08, 8.28710045031e-10, 2.57810578441e-11], "median": [4.96138818562e-06, 0.000384912244044, 0.000515749794431, 0.000770839105826, 0.00123667926528, 0.000391625973862, 0.000241760979407, 0.000105169056042, 0.000103569487692, 5.65082627872e-05, 3.52372589987e-05, 5.89463015785e-05, 6.96227361914e-05, 6.68224820402e-05, 7.85900047049e-05, 7.85805314081e-05, 0.000135658381623, 0.000196556851733, 0.000336526019964, 0.000142515462358, 9.39534511417e-05, 5.76863021706e-05, 4.16176735598e-05, 2.499510083e-05, 8.24426388135e-06, 3.28829128193e-06, 6.45406771582e-07]}, "melbands_kurtosis": {"dmean": 14.9667692184, "dmean2": 24.3367366791, "max": 569.346252441, "dvar": 1089.99389648, "mean": 18.7998371124, "dvar2": 2711.37670898, "min": -1.92784929276, "var": 1480.56799316, "median": 7.39515304565}, "erbbands_crest": {"dmean": 2.58489871025, "dmean2": 4.30630779266, "max": 32.2820053101, "dvar": 6.09894132614, "mean": 8.3066072464, "dvar2": 16.6954059601, "min": 2.39376425743, "var": 13.9142217636, "median": 7.43373632431}, "melbands_skewness": {"dmean": 1.22519612312, "dmean2": 1.89538049698, "max": 17.0360469818, "dvar": 2.254093647, "mean": 3.14690613747, "dvar2": 5.50633716583, "min": -1.68111491203, "var": 5.33505678177, "median": 2.6036067009}, "spectral_energyband_middle_low": {"dmean": 0.00542134186253, "dmean2": 0.0087723666802, "max": 0.104255743325, "dvar": 0.000121398094052, "mean": 0.00795003306121, "dvar2": 0.000278255960438, "min": 1.62561046366e-22, "var": 0.000134111047373, "median": 0.00430429028347}, "spectral_contrast_coeffs": {"dmean": [0.0605353042483, 0.0423431172967, 0.0347195342183, 0.0293646417558, 0.0267745088786, 0.0245822127908], "dmean2": [0.0952256470919, 0.0700522139668, 0.055751092732, 0.0473287217319, 0.0425895825028, 0.0388975925744], "max": [-0.266010850668, -0.426131606102, -0.488330990076, -0.611744940281, -0.537644803524, -0.550575196743], "dvar": [0.00282000238076, 0.00120395468548, 0.000806193856988, 0.000559200067073, 0.000518410874065, 0.000587133050431], "mean": [-0.614537537098, -0.751857578754, -0.785120666027, -0.788931369781, -0.772827148438, -0.745149374008], "dvar2": [0.00638969987631, 0.00329455151223, 0.00197299127467, 0.0014170735376, 0.00123684993014, 0.00135719135869], "min": [-0.982052028179, -0.982136547565, -0.988842070103, -0.981030344963, -0.993149518967, -0.965529620647], "var": [0.00928598642349, 0.00419890880585, 0.0043229451403, 0.00244372198358, 0.00305234943517, 0.00292609934695], "median": [-0.615237772465, -0.751737833023, -0.791678309441, -0.790070176125, -0.776968300343, -0.745550751686]}, "spectral_contrast_valleys": {"dmean": [0.431887924671, 0.355611354113, 0.300564855337, 0.296523660421, 0.357457667589, 0.42722466588], "dmean2": [0.656722903252, 0.579911887646, 0.483298748732, 0.466391295195, 0.521805405617, 0.562783181667], "max": [-5.37937736511, -5.19434213638, -5.97712182999, -6.43985319138, -5.52794933319, -7.28905057907], "dvar": [0.151289269328, 0.11903052032, 0.0798482596874, 0.101886659861, 0.157042190433, 0.216083928943], "mean": [-7.8855342865, -7.38295793533, -8.18571090698, -8.32551956177, -7.61629056931, -10.4642076492], "dvar2": [0.297784179449, 0.266620188951, 0.174168214202, 0.218053430319, 0.306768864393, 0.346363693476], "min": [-28.3107223511, -27.891368866, -27.6831417084, -27.6201534271, -27.6091156006, -27.4235630035], "var": [4.12879276276, 3.91020298004, 3.43719244003, 3.33738517761, 3.78704881668, 3.36606955528], "median": [-7.60566616058, -7.10255432129, -7.94448375702, -8.08661079407, -7.3028459549, -10.1876583099]}, "silence_rate_20dB": {"dmean": 0, "dmean2": 0, "max": 1, "dvar": 0, "mean": 1, "dvar2": 0, "min": 1, "var": 0, "median": 1}, "silence_rate_30dB": {"dmean": 0.000371023110347, "dmean2": 0.000742115022149, "max": 1, "dvar": 0.000370920693967, "mean": 0.999814510345, "dvar2": 0.00111276272219, "min": 0, "var": 0.000185448181583, "median": 1}, "spectral_strongpeak": {"dmean": 0.594315111637, "dmean2": 1.04619216919, "max": 25.5429553986, "dvar": 1.98996520042, "mean": 0.736849844456, "dvar2": 5.21623325348, "min": 0, "var": 2.09936642647, "median": 0.329364687204}, "spectral_spread": {"dmean": 618165.9375, "dmean2": 914897.375, "max": 42735540, "dvar": 598011412480, "mean": 4600329, "dvar2": 1202649825280.0, "min": 1322296.25, "var": 10927151775700.0, "median": 4051503}, "barkbands_flatness_db": {"dmean": 0.0272040478885, "dmean2": 0.0421367324889, "max": 0.507899165154, "dvar": 0.000671093002893, "mean": 0.125838637352, "dvar2": 0.00157872587442, "min": 0.0267444457859, "var": 0.00206044828519, "median": 0.116949297488}, "pitch_salience": {"dmean": 0.0965381786227, "dmean2": 0.156002044678, "max": 0.996040463448, "dvar": 0.00895135477185, "mean": 0.547675073147, "dvar2": 0.022263603285, "min": 0.0693816542625, "var": 0.0173171330243, "median": 0.565625309944}, "erbbands_kurtosis": {"dmean": 1.31080782413, "dmean2": 2.10676693916, "max": 86.2129745483, "dvar": 6.78244590759, "mean": 0.455153524876, "dvar2": 16.6022529602, "min": -1.90608489513, "var": 11.4297637939, "median": -0.589025020599}, "average_loudness": 0.905170381069, "barkbands_crest": {"dmean": 2.89733552933, "dmean2": 4.56420230865, "max": 25.4716739655, "dvar": 6.59567308426, "mean": 9.42851543427, "dvar2": 15.3811092377, "min": 2.31586050987, "var": 15.3059930801, "median": 8.56218528748}, "hfc": {"dmean": 8.43550872803, "dmean2": 12.0642557144, "max": 255.940917969, "dvar": 183.069015503, "mean": 17.7743110657, "dvar2": 353.182037354, "min": 1.08039469321e-16, "var": 418.545318604, "median": 10.6405792236}, "barkbands_kurtosis": {"dmean": 4.89499950409, "dmean2": 7.88598394394, "max": 629.823974609, "dvar": 364.283416748, "mean": 4.24746751785, "dvar2": 819.325500488, "min": -1.95973849297, "var": 454.342895508, "median": 0.499255090952}, "erbbands": {"dmean": [0.0499109216034, 1.00830948353, 3.19205760956, 5.12343025208, 13.9894332886, 5.5456867218, 3.77477478981, 4.08401918411, 4.82348823547, 3.94565081596, 6.50416374207, 8.22127151489, 5.8816280365, 3.2470459938, 2.87161540985, 4.07021284103, 5.07694101334, 5.55316734314, 4.80270242691, 6.94904613495, 8.53372859955, 11.9474992752, 19.7191944122, 30.141084671, 19.2740287781, 14.4224443436, 11.7728595734, 9.72772312164, 5.51476144791, 6.30712461472, 3.93216013908, 2.6613945961, 1.36854672432, 0.426575005054, 0.141370907426, 0.0610310733318, 0.0278620030731, 0.00481766648591, 0.000461045507109, 2.7796082577e-05], "dmean2": [0.0723444744945, 1.65097606182, 5.45388555527, 8.87599182129, 23.3652420044, 9.13544559479, 6.35093069077, 6.84160137177, 7.8292427063, 6.14393854141, 9.89248561859, 12.6642694473, 9.11714172363, 4.91439151764, 4.50660085678, 6.30091810226, 8.01455497742, 8.87844181061, 7.73577594757, 11.4486923218, 14.3586978912, 19.6880588531, 32.6595687866, 49.6144943237, 30.7510089874, 22.6160259247, 18.0822696686, 15.2892799377, 8.30292320251, 9.96583461761, 5.64879417419, 3.619181633, 1.87639451027, 0.620051503181, 0.212306529284, 0.093572281301, 0.0437215939164, 0.00753979943693, 0.000727684004232, 4.16346229031e-05], "max": [0.95529961586, 16.9465999603, 59.6775474548, 95.8535003662, 317.841552734, 131.915588379, 157.078643799, 175.075790405, 177.274703979, 344.709442139, 442.316833496, 669.58203125, 995.432495117, 205.172622681, 141.426498413, 240.370117188, 305.60446167, 845.38873291, 253.169708252, 318.156188965, 593.45690918, 678.93145752, 1621.21350098, 3759.78588867, 2221.28662109, 1047.01403809, 1131.69921875, 1717.41833496, 251.89944458, 233.776367188, 252.614715576, 314.638366699, 205.554504395, 61.5802726746, 18.2491588593, 4.37500572205, 1.306838274, 0.11777484417, 0.0180325731635, 0.000504152558278], "dvar": [0.0118108484894, 6.26861906052, 64.3218994141, 100.404670715, 1205.54577637, 121.769317627, 56.7084388733, 68.8929901123, 96.1488800049, 84.386100769, 348.627319336, 725.137695313, 662.63885498, 69.9621124268, 43.6938743591, 92.2510452271, 121.715156555, 295.22869873, 114.605163574, 222.033248901, 476.279937744, 780.210998535, 2167.83203125, 8764.39257813, 2143.13696289, 1194.52709961, 782.68157959, 977.76171875, 125.778663635, 267.960449219, 96.8941802979, 90.0154876709, 33.4538116455, 3.51648831367, 0.204982668161, 0.0158308353275, 0.00245767994784, 6.45530089969e-05, 6.84970530074e-07, 1.8008248226e-09], "mean": [0.0526296310127, 0.847085893154, 2.75341868401, 5.10081291199, 13.3966360092, 7.33687067032, 5.44703149796, 6.23298501968, 8.69557380676, 7.17891740799, 11.8213119507, 13.4857730865, 9.932554245, 6.2516374588, 5.23585224152, 7.42931270599, 8.71998119354, 9.33363437653, 8.58211231232, 11.0394029617, 12.4544277191, 18.7824268341, 30.1312637329, 50.0342750549, 31.4180755615, 20.3473720551, 15.9757509232, 12.7328014374, 7.94807910919, 6.95922470093, 5.15252733231, 3.5988111496, 1.8038340807, 0.54962605238, 0.169168651104, 0.0661230385303, 0.0271091908216, 0.00487909698859, 0.00045783186215, 3.9491460484e-05], "dvar2": [0.0254958476871, 15.5956325531, 163.557846069, 255.553009033, 2919.58178711, 317.439117432, 155.091201782, 180.79586792, 247.496505737, 191.653930664, 778.167785645, 1823.77514648, 1655.91210938, 161.567871094, 106.785148621, 223.724227905, 301.611602783, 698.151184082, 272.578155518, 580.940307617, 1298.98046875, 2088.95532227, 5657.73339844, 22294.8691406, 4857.75048828, 2809.76855469, 1747.9708252, 2205.28637695, 266.331939697, 685.870056152, 194.854736328, 160.381820679, 59.378036499, 7.26168394089, 0.458759129047, 0.0354210175574, 0.00565427122638, 0.000149627114297, 1.63192669334e-06, 3.62573904233e-09], "min": [8.07891133263e-23, 4.6594653755e-22, 1.96465997772e-21, 8.56345191494e-21, 1.48604725723e-20, 4.96979547051e-20, 6.26259604987e-20, 7.49388605716e-20, 6.76911880549e-20, 9.81037822075e-20, 2.65557546866e-19, 3.51918614937e-19, 7.24989944196e-19, 7.52555479616e-19, 1.05474792523e-18, 1.33483551994e-18, 1.49030680441e-18, 1.65363733867e-18, 1.79673100265e-18, 3.56367481784e-18, 3.59434708855e-18, 4.78816351349e-18, 6.26241649997e-18, 7.15744825663e-18, 8.26018754665e-18, 6.76723366088e-18, 1.01523474814e-17, 1.07603144783e-17, 1.16656777208e-17, 1.16093640919e-17, 1.1735796167e-17, 1.07508118274e-17, 1.01717250145e-17, 7.3319825387e-18, 6.39585810357e-18, 3.84844125629e-18, 2.14216638274e-18, 9.49007979965e-19, 2.62711735366e-19, 2.68880518795e-20], "var": [0.0138549674302, 5.25014209747, 49.3909568787, 83.6288604736, 1071.31982422, 132.138931274, 60.4397010803, 95.3539505005, 204.479904175, 161.900878906, 977.3359375, 1390.29431152, 1081.16918945, 220.497421265, 97.0230178833, 204.546722412, 253.894195557, 546.711730957, 243.219955444, 467.773803711, 603.425170898, 1141.38049316, 3136.89111328, 13042.7792969, 3633.4621582, 1708.29248047, 1094.94763184, 1304.04345703, 222.720718384, 280.801605225, 154.343078613, 175.220779419, 63.9144935608, 5.60824251175, 0.303006291389, 0.0224917139858, 0.00288084079511, 7.63363714213e-05, 7.52176106289e-07, 2.66004329674e-09], "median": [0.00739461556077, 0.105279579759, 0.591517627239, 1.93294477463, 3.91484689713, 3.30022192001, 2.91125631332, 3.02954006195, 3.52294588089, 2.92449474335, 2.71289157867, 2.54781007767, 2.05044865608, 1.93221986294, 1.98913478851, 3.00768232346, 3.78828573227, 3.69653058052, 3.74966430664, 4.6604681015, 4.96875095367, 8.01508426666, 11.3658256531, 16.87266922, 13.2102270126, 7.87925434113, 5.14240264893, 3.00672507286, 2.07742214203, 1.50540161133, 1.14460504055, 0.686427474022, 0.324751853943, 0.120510809124, 0.0446699000895, 0.0167602002621, 0.00589059479535, 0.00132350344211, 0.000110756744107, 1.90801802091e-05]}, "spectral_energy": {"dmean": 0.0106447134167, "dmean2": 0.0157612282783, "max": 0.141418650746, "dvar": 0.000283372093691, "mean": 0.0178403090686, "dvar2": 0.000555091246497, "min": 9.91230803641e-21, "var": 0.000421184842708, "median": 0.0103315748274}, "zerocrossingrate": {"dmean": 0.014260022901, "dmean2": 0.0172031261027, "max": 0.5244140625, "dvar": 0.000236093284911, "mean": 0.0806589722633, "dvar2": 0.000306315487251, "min": 0.00244140625, "var": 0.00310139427893, "median": 0.072265625}, "spectral_energyband_high": {"dmean": 0.000789801531937, "dmean2": 0.0011373332236, "max": 0.0339825041592, "dvar": 2.3476602