{"tonal": {"chords_key": "A", "hpcp_entropy": {"dmean": 0.547335863113, "dmean2": 0.914767026901, "max": 3.9018433094, "dvar": 0.230597406626, "mean": 1.95911288261, "dvar2": 0.618278324604, "min": 0, "var": 0.492239177227, "median": 2.03848266602}, "key_key": "A", "chords_strength": {"dmean": 0.00864087883383, "dmean2": 0.00772668793797, "max": 0.799914836884, "dvar": 0.000422980316216, "mean": 0.585041284561, "dvar2": 0.000787975266576, "min": -1, "var": 0.0155530227348, "median": 0.594970226288}, "key_scale": "major", "chords_number_rate": 0.00175233639311, "thpcp": [1, 0.705734968185, 0.24983613193, 0.160614103079, 0.12988615036, 0.266027987003, 0.588932275772, 0.526626288891, 0.257777541876, 0.198484614491, 0.155411615968, 0.267634063959, 0.558770239353, 0.533442676067, 0.393887579441, 0.586917579174, 0.492975860834, 0.177151605487, 0.120875999331, 0.138770997524, 0.266375631094, 0.681347250938, 0.658761382103, 0.238797754049, 0.113142900169, 0.0950422659516, 0.224163681269, 0.606691658497, 0.565999925137, 0.208406195045, 0.127503439784, 0.119773939252, 0.2011603266, 0.39829403162, 0.408802598715, 0.604507982731], "key_strength": 0.797381877899, "tuning_nontempered_energy_ratio": 0.835587143898, "tuning_frequency": 438.477722168, "chords_changes_rate": 0.0342679135501, "tuning_diatonic_strength": 0.640171170235, "chords_scale": "major", "chords_histogram": [28.193145752, 6.87305307388, 13.2398757935, 16.9392528534, 9.228972435, 0, 1.61604356766, 0, 0.253115266562, 0.116822429001, 0.40887850523, 0.525700926781, 0, 0.0778816193342, 0, 0, 0, 0.116822429001, 0, 1.30451714993, 0.584112167358, 4.47819328308, 0.350467294455, 15.6931467056], "tuning_equal_tempered_deviation": 0.13147059083, "hpcp": {"dmean": [0.114588901401, 0.101897738874, 0.0599245466292, 0.0438411161304, 0.0511395037174, 0.0743712708354, 0.114670425653, 0.114456228912, 0.0667051225901, 0.043551441282, 0.0376563258469, 0.0578409358859, 0.0991812348366, 0.0923604518175, 0.0527984276414, 0.0381722562015, 0.0413255989552, 0.0647211372852, 0.0852780789137, 0.104618273675, 0.140929639339, 0.132317453623, 0.137542128563, 0.093016885221, 0.0672250390053, 0.0550820939243, 0.0788465216756, 0.104991830885, 0.0915214344859, 0.0670465230942, 0.0667258575559, 0.0626568719745, 0.0828570574522, 0.110477864742, 0.108632013202, 0.107975818217], "dmean2": [0.188307970762, 0.169511958957, 0.104508787394, 0.0776219367981, 0.0902804434299, 0.127889126539, 0.185962975025, 0.184627249837, 0.114653147757, 0.0781585425138, 0.0674517601728, 0.097322717309, 0.160146579146, 0.150137603283, 0.0873993933201, 0.0651305839419, 0.0731194540858, 0.114247053862, 0.144544869661, 0.183086439967, 0.240826919675, 0.225286081433, 0.236544877291, 0.164941191673, 0.120743982494, 0.0994010716677, 0.136350110173, 0.17022061348, 0.148940861225, 0.115837156773, 0.118578538299, 0.112291529775, 0.144570082426, 0.185060441494, 0.183422714472, 0.186737820506], "max": [1, 1, 1, 1, 1, 1, 1, 1, 1, 1, 1, 1, 1, 1, 1, 1, 1, 1, 1, 1, 1, 1, 1, 1, 1, 1, 1, 1, 1, 1, 1, 1, 1, 1, 1, 1], "dvar": [0.0325593911111, 0.0311009772122, 0.0171529110521, 0.0126769319177, 0.0177264157683, 0.0210610032082, 0.0284579861909, 0.0288010556251, 0.0190668664873, 0.0159961916506, 0.0129087958485, 0.0139781506732, 0.0277227535844, 0.0245002117008, 0.0117474114522, 0.0119238812476, 0.0140061108395, 0.0213504638523, 0.0265320297331, 0.0307274088264, 0.0391295924783, 0.0418380685151, 0.0413517095149, 0.0350069068372, 0.0277354978025, 0.0208181031048, 0.0247067380697, 0.0287683177739, 0.0241007953882, 0.0190423168242, 0.0241899713874, 0.0241820905358, 0.0275375824422, 0.0339801348746, 0.0320162810385, 0.0295162536204], "mean": [0.21564604342, 0.181129842997, 0.0650892779231, 0.0444124191999, 0.0509874261916, 0.0978720858693, 0.250341504812, 0.242042988539, 0.0877393856645, 0.0415711142123, 0.0349205546081, 0.0823625177145, 0.222911447287, 0.207960441709, 0.0765728801489, 0.0468474850059, 0.044007498771, 0.0739105939865, 0.146341726184, 0.150202795863, 0.222109124064, 0.367421329021, 0.259302079678, 0.0917951241136, 0.0590130463243, 0.0477229394019, 0.0977443531156, 0.216386288404, 0.19349373877, 0.0947129651904, 0.0729274824262, 0.0571015439928, 0.0983344689012, 0.20530410111, 0.195998206735, 0.144722700119], "dvar2": [0.0793021246791, 0.0796895846725, 0.0501800589263, 0.0351860933006, 0.0484849214554, 0.0584293082356, 0.0713613331318, 0.068484723568, 0.0521083883941, 0.0439835973084, 0.0353517495096, 0.0354227535427, 0.0636374875903, 0.0567783303559, 0.0305362660438, 0.0314921475947, 0.0380320250988, 0.061195358634, 0.0700686499476, 0.0862920880318, 0.109106145799, 0.102608047426, 0.114895254374, 0.0946552827954, 0.0764807239175, 0.0586249567568, 0.0684246271849, 0.0695593804121, 0.0603379495442, 0.0520792044699, 0.0663638859987, 0.0667572245002, 0.0728684365749, 0.0820513442159, 0.0794612243772, 0.08225043118], "min": [0, 0, 0, 0, 0, 0, 0, 0, 0, 0, 0, 0, 0, 0, 0, 0, 0, 0, 0, 0, 0, 0, 0, 0, 0, 0, 0, 0, 0, 0, 0, 0, 0, 0, 0, 0], "var": [0.0862907245755, 0.0757322907448, 0.0162779763341, 0.0106725692749, 0.0163658652455, 0.0284125730395, 0.091044344008, 0.0872585996985, 0.0219704154879, 0.0146722747013, 0.0108458027244, 0.0217582136393, 0.0943270400167, 0.0878499671817, 0.0174781531096, 0.0165778454393, 0.0169866401702, 0.0230512525886, 0.0618402399123, 0.0563970059156, 0.064313493669, 0.154763162136, 0.0946425795555, 0.0315362103283, 0.0240307766944, 0.016586329788, 0.0274101328105, 0.0885062143207, 0.080445125699, 0.0247343908995, 0.0250355284661, 0.0208450965583, 0.0377234183252, 0.0915790125728, 0.0846465155482, 0.0385624058545], "median": [0.0685092508793, 0.0434093028307, 0.0180219896138, 0.0119932275265, 0.0113882329315, 0.034436032176, 0.115935400128, 0.109590440989, 0.0321297310293, 0.00699826516211, 0.00640404317528, 0.025468274951, 0.0688781514764, 0.0624092184007, 0.0257690809667, 0.00700646359473, 0.00584060512483, 0.015916749835, 0.0317924618721, 0.0416368022561, 0.114193573594, 0.172320276499, 0.10504566133, 0.0242186952382, 0.0102909952402, 0.00969879887998, 0.0281552188098, 0.0704321265221, 0.056581273675, 0.0337681993842, 0.016194678843, 0.0109584480524, 0.0187765527517, 0.0544474422932, 0.05821159482, 0.0637007728219]}}, "lowlevel": {"melbands_flatness_db": {"dmean": 0.0193831082433, "dmean2": 0.0287591479719, "max": 0.475680202246, "dvar": 0.000458018213976, "mean": 0.235399693251, "dvar2": 0.000961593294051, "min": 0.00554078025743, "var": 0.00536214886233, "median": 0.228862047195}, "melbands_crest": {"dmean": 2.75111174583, "dmean2": 4.30778551102, "max": 32.4709510803, "dvar": 7.90001916885, "mean": 14.1806592941, "dvar2": 19.3412246704, "min": 2.67378234863, "var": 32.4860992432, "median": 13.191619873}, "spectral_entropy": {"dmean": 0.145968601108, "dmean2": 0.210622414947, "max": 9.7979221344, "dvar": 0.0296633243561, "mean": 7.10752439499, "dvar2": 0.0568554736674, "min": 5.31124305725, "var": 0.300469756126, "median": 7.1369137764}, "melbands": {"dmean": [6.04064698564e-05, 0.000232024365687, 0.000586488691624, 0.000292996090138, 7.70109036239e-05, 7.09891683073e-05, 0.000138534014695, 0.000116713323223, 7.60645489208e-05, 7.03540936229e-05, 5.12000769959e-05, 5.06423857587e-05, 5.29398639628e-05, 4.29656465712e-05, 3.87514519389e-05, 3.5426714021e-05, 2.46370891546e-05, 1.51524309331e-05, 9.18355181057e-06, 7.85413885751e-06, 6.80692573951e-06, 7.50549634176e-06, 3.99444070354e-06, 1.92334914573e-06, 1.68215615304e-06, 1.61890125128e-06, 2.21070854423e-06, 1.54044357714e-06, 1.19642663776e-06, 6.74300508763e-07, 5.33759532573e-07, 4.49175786343e-07, 4.46468106929e-07, 4.80476330722e-07, 4.76243627645e-07, 3.93783579966e-07, 3.30506736645e-07, 2.83374845367e-07, 2.57661696423e-07, 3.05114127741e-07], "dmean2": [9.13731128094e-05, 0.000372327951482, 0.000897205085494, 0.000462688796688, 0.000118548632599, 0.000108773638203, 0.000208124751225, 0.000173658772837, 0.000109496351797, 0.000101752310002, 7.57056623115e-05, 7.49133250793e-05, 7.59415852372e-05, 6.36264740024e-05, 5.93642689637e-05, 5.18488013768e-05, 3.76251555281e-05, 2.36099003814e-05, 1.42086310007e-05, 1.2566728401e-05, 1.04595874291e-05, 1.1393092791e-05, 5.97632970312e-06, 2.90892671728e-06, 2.68018993665e-06, 2.42501459979e-06, 3.3423482364e-06, 2.28362023336e-06, 1.7895874862e-06, 1.04748119156e-06, 8.20993079742e-07, 6.80938569531e-07, 6.8481318749e-07, 7.31253351205e-07, 7.08214770384e-07, 5.85981638324e-07, 4.96774816838e-07, 4.21575975906e-07, 3.84727911751e-07, 4.42964051217e-07], "max": [0.00704458868131, 0.0287681221962, 0.0457676574588, 0.0163924694061, 0.004760439042, 0.00517704477534, 0.0198280960321, 0.0170059241354, 0.0102701177821, 0.0119499256834, 0.00939146988094, 0.0134513135999, 0.0126572586596, 0.00580700393766, 0.00870161689818, 0.0137830656022, 0.00583463162184, 0.0020132639911, 0.00179642252624, 0.0010243637953, 0.00134257762693, 0.00176653626841, 0.000613833311945, 0.0003458156134, 0.000165187651874, 0.000180923423613, 0.000191094412003, 0.000185197801329, 0.00017296517035, 0.000138098213938, 4.67841309728e-05, 5.72786702833e-05, 8.97115751286e-05, 9.90633197944e-05, 0.000102597892692, 9.90833796095e-05, 6.97324067005e-05, 8.93349206308e-05, 5.94366865698e-05, 6.7187465902e-05], "dvar": [7.06439209353e-08, 6.40132270746e-07, 2.72895044873e-06, 5.51292202999e-07, 4.04332816117e-08, 3.70467816424e-08, 1.67985973576e-07, 2.17602675434e-07, 5.5097615359e-08, 5.42486802146e-08, 3.5364379869e-08, 6.07321766211e-08, 4.3894083035e-08, 2.3514251879e-08, 3.16837471814e-08, 4.89770179968e-08, 1.74032184219e-08, 2.86029777641e-09, 1.30436050849e-09, 8.44299519187e-10, 1.11282660864e-09, 1.13249853939e-09, 1.88251275679e-10, 5.65399740915e-11, 6.60362528548e-11, 3.32094872435e-11, 5.7326237507e-11, 2.82858354794e-11, 1.7315414727e-11, 8.33799522482e-12, 3.17633939984e-12, 2.56916840233e-12, 3.50047421604e-12, 4.61905774046e-12, 5.06312266418e-12, 3.95709593565e-12, 2.29497020346e-12, 2.53279298576e-12, 1.74767286146e-12, 2.08001042605e-12], "mean": [9.23625848372e-05, 0.000388349464629, 0.00115786574315, 0.000519881490618, 0.000157212503836, 0.000147344297147, 0.000293365679681, 0.000264068570687, 0.000158248119988, 0.000146541715367, 0.000114377580758, 0.000107366562588, 0.00011725040531, 7.84205840318e-05, 7.31637337594e-05, 7.16280628694e-05, 4.33588866144e-05, 2.62504345301e-05, 1.71553256223e-05, 1.41334285217e-05, 1.30809548864e-05, 1.49367479025e-05, 8.38123014546e-06, 3.71366786567e-06, 2.6123339012e-06, 3.08944800054e-06, 4.1514813347e-06, 3.16546788781e-06, 2.34321169046e-06, 1.12664508833e-06, 9.25989411371e-07, 7.85054851349e-07, 7.1380600275e-07, 7.46370233173e-07, 7.63701905271e-07, 6.43742737338e-07, 5.31547641458e-07, 4.49121870361e-07, 4.16917742996e-07, 4.78899039535e-07], "dvar2": [1.54509876893e-07, 1.70989949311e-06, 6.09814514974e-06, 1.36571702569e-06, 1.02688289871e-07, 9.01074415083e-08, 3.38628183272e-07, 4.45055434284e-07, 1.09942227766e-07, 1.17498466068e-07, 7.47493800191e-08, 1.34028297794e-07, 8.37560563127e-08, 4.8811713782e-08, 7.13967978072e-08, 9.60083710311e-08, 3.81544893457e-08, 5.86907633604e-09, 2.91885648984e-09, 2.08966843829e-09, 2.50722131945e-09, 2.59273225112e-09, 4.05529804182e-10, 1.21393006758e-10, 1.69334560263e-10, 7.43672901038e-11, 1.28834887203e-10, 6.34943070343e-11, 3.62968613499e-11, 2.00871038553e-11, 7.46421414261e-12, 5.86920052489e-12, 8.35965845158e-12, 1.03427873904e-11, 1.02192585991e-11, 8.61637584199e-12, 5.01525817403e-12, 5.42850313312e-12, 3.46899679121e-12, 4.09428654174e-12], "min": [6.20469828089e-24, 3.12914260387e-24, 4.67456489898e-24, 2.74001747751e-23, 1.77445378056e-23, 8.37160965182e-24, 6.38890282428e-24, 1.25191271137e-23, 1.10607426033e-23, 1.20992653632e-23, 6.75201431566e-24, 6.30650630273e-24, 6.29337965727e-24, 6.40226494472e-24, 9.79107492062e-24, 1.26301174765e-23, 1.51140921612e-23, 1.61886074888e-23, 1.56699992856e-23, 9.6836446871e-24, 1.13400056746e-23, 8.88272998725e-24, 6.75181631158e-24, 7.89294463175e-24, 8.63604213813e-24, 8.95455498381e-24, 6.05442067287e-24, 1.08450246444e-23, 1.06759449312e-23, 1.10681003089e-23, 1.42795735645e-23, 1.24570950364e-23, 1.11088694294e-23, 7.23706200932e-24, 9.73990466914e-24, 1.31312082344e-23, 9.92836590598e-24, 7.98322976235e-24, 9.54816177093e-24, 8.96926250652e-24], "var": [1.19029422763e-07, 8.58767009504e-07, 7.2728480518e-06, 8.94254810646e-07, 8.53283452784e-08, 8.41120808559e-08, 6.55879432543e-07, 9.98205337055e-07, 1.81860301041e-07, 1.1721967752e-07, 1.08269873067e-07, 1.45324946743e-07, 2.29503399396e-07, 6.13622859191e-08, 1.3509017549e-07, 1.90068291772e-07, 4.75631267705e-08, 7.44050909773e-09, 3.43846773276e-09, 2.22072538136e-09, 3.45448625261e-09, 3.73842290458e-09, 6.89960755196e-10, 1.430201374e-10, 7.6829070883e-11, 7.30202356913e-11, 1.39497483009e-10, 7.96947716153e-11, 5.05779307325e-11, 1.4240325065e-11, 6.95291437272e-12, 5.27869935263e-12, 6.55477495198e-12, 8.76016013202e-12, 1.18772170918e-11, 8.54469012906e-12, 4.7236719744e-12, 4.58437194456e-12, 3.7080802838e-12, 4.82857113668e-12], "median": [9.71516419668e-06, 0.000100718556496, 0.000268040981609, 0.0001880084601, 6.1349630414e-05, 5.72441276745e-05, 8.02385766292e-05, 5.1079725381e-05, 4.52731073892e-05, 4.57094720332e-05, 3.06879701384e-05, 2.32346737903e-05, 1.93274936464e-05, 1.2552991393e-05, 8.50148444442e-06, 5.59518275622e-06, 4.59991451862e-06, 4.38466213382e-06, 2.88538444693e-06, 1.81857660664e-06, 1.33063610974e-06, 1.52516611251e-06, 9.87218754744e-07, 5.4976391084e-07, 3.84492835792e-07, 4.40665672841e-07, 4.94096980219e-07, 3.33458757495e-07, 2.50287513381e-07, 1.40283333394e-07, 1.12145947639e-07, 8.00576245297e-08, 7.92649004211e-08, 7.56696749704e-08, 5.83465293857e-08, 4.12619378665e-08, 3.67274566315e-08, 2.74603113581e-08, 2.25722391889e-08, 1.64966138527e-08]}, "silence_rate_60dB": {"dmean": 0.0366114899516, "dmean2": 0.0732301101089, "max": 1, "dvar": 0.0352730676532, "mean": 0.340862631798, "dvar2": 0.0762470141053, "min": 0, "var": 0.224691718817, "median": 0}, "spectral_energyband_middle_high": {"dmean": 0.00131768535357, "dmean2": 0.00184337003157, "max": 0.170766919851, "dvar": 1.40733154694e-05, "mean": 0.00421796133742, "dvar2": 2.60689230345e-05, "min": 1.4233211578e-21, "var": 9.17803045013e-05, "median": 0.000973681861069}, "erbbands_skewness": {"dmean": 0.286207556725, "dmean2": 0.430626451969, "max": 4.28692007065, "dvar": 0.0749013572931, "mean": 0.547404408455, "dvar2": 0.16320310533, "min": -3.28511619568, "var": 0.493489533663, "median": 0.533952057362}, "dynamic_complexity": 6.86114215851, "dissonance": {"dmean": 0.0219099596143, "dmean2": 0.0364034511149, "max": 0.5, "dvar": 0.000455667643109, "mean": 0.445560127497, "dvar2": 0.00122350594029, "min": 0.202172622085, "var": 0.00128063093871, "median": 0.452851235867}, "spectral_skewness": {"dmean": 0.286402434111, "dmean2": 0.464746326208, "max": 7.37478542328, "dvar": 0.0931237414479, "mean": 2.29999732971, "dvar2": 0.234545513988, "min": 0.0223741978407, "var": 0.873889267445, "median": 2.09251856804}, "spectral_kurtosis": {"dmean": 3.00242066383, "dmean2": 5.06988096237, "max": 78.5953369141, "dvar": 14.9525299072, "mean": 10.0405759811, "dvar2": 42.0095901489, "min": -1.12765061855, "var": 83.2458953857, "median": 7.04754638672}, "gfcc": {"cov": [[18361.2285156, -1411.01647949, -1856.44616699, 762.129272461, -713.496520996, 655.329040527, -504.391723633, 40.7196655273, -566.21472168, -124.793960571, -365.954803467, -528.73638916, -396.741546631], [-1411.01647949, 1801.95092773, 156.080825806, -287.017333984, 294.891693115, -207.187606812, 214.140914917, -116.295860291, 111.028396606, -95.8014450073, 98.3495407104, -11.7882928848, 65.2108612061], [-1856.44616699, 156.080825806, 879.842651367, -13.0751781464, 62.9330215454, 69.9835205078, 55.2719688416, 40.4446182251, 51.7734794617, -2.97013282776, -22.1396369934, 82.59400177, -35.8687973022], [762.129272461, -287.017333984, -13.0751781464, 324.38973999, -13.5947132111, 24.9713287354, -69.681854248, 31.6684055328, -3.99424672127, -8.20186328888, -39.8607826233, -31.5607662201, -7.98574113846], [-713.496520996, 294.891693115, 62.9330215454, -13.5947132111, 263.197265625, -21.7355442047, 58.5450019836, 5.10007095337, 38.3388404846, -10.7848348618, -3.63599801064, 6.37926006317, 16.4776763916], [655.329040527, -207.187606812, 69.9835205078, 24.9713287354, -21.7355442047, 214.370498657, 26.9493980408, 29.4699554443, -32.6642494202, 5.39853811264, -35.9533462524, -14.7309331894, -42.9394683838], [-504.391723633, 214.140914917, 55.2719688416, -69.681854248, 58.5450019836, 26.9493980408, 176.148773193, 17.4259567261, 13.262008667, 1.53145027161, 14.4412136078, 13.9609355927, -5.932117939], [40.7196655273, -116.295860291, 40.4446182251, 31.6684055328, 5.10007095337, 29.4699554443, 17.4259567261, 107.379638672, 27.6883792877, 17.2321968079, -1.17375588417, 8.99621391296, -1.19108259678], [-566.21472168, 111.028396606, 51.7734794617, -3.99424672127, 38.3388404846, -32.6642494202, 13.262008667, 27.6883792877, 107.516479492, 31.5059509277, 19.9378833771, 20.0951728821, 24.3400058746], [-124.793960571, -95.8014450073, -2.97013282776, -8.20186328888, -10.7848348618, 5.39853811264, 1.53145027161, 17.2321968079, 31.5059509277, 91.9534683228, 29.8590679169, 14.7769584656, 4.38989257812], [-365.954803467, 98.3495407104, -22.1396369934, -39.8607826233, -3.63599801064, -35.9533462524, 14.4412136078, -1.17375588417, 19.9378833771, 29.8590679169, 99.7540969849, 41.8642997742, 26.6775341034], [-528.73638916, -11.7882928848, 82.59400177, -31.5607662201, 6.37926006317, -14.7309331894, 13.9609355927, 8.99621391296, 20.0951728821, 14.7769584656, 41.8642997742, 104.979682922, 36.7198600769], [-396.741546631, 65.2108612061, -35.8687973022, -7.98574113846, 16.4776763916, -42.9394683838, -5.932117939, -1.19108259678, 24.3400058746, 4.38989257812, 26.6775341034, 36.7198600769, 88.7028427124]], "mean": [-100.702186584, 118.281738281, -117.757232666, 4.25142478943, -63.763217926, 4.28635931015, -36.5423698425, -1.0925989151, -26.3032932281, -8.03721237183, -19.9109134674, -10.225151062, -13.6465244293], "icov": [[0.000184457850992, -0.000305775145534, 0.000467666453915, -0.000397815892939, 0.000408917228924, -0.000619235739578, 0.000553798803594, -0.000487564801006, 0.000667362881359, -0.000310829491355, 0.000523954222444, -0.000252183963312, 0.000636955781374], [-0.000305775145534, 0.00208597723395, -0.00117851537652, 0.00148081511725, -0.00169499428011, 0.00185928621795, -0.00225805072114, 0.00232963706367, -0.00261049414985, 0.00261223944835, -0.00266123376787, 0.00232793902978, -0.0017255024286], [0.000467666453915, -0.00117851537652, 0.00276821479201, -0.00121776503511, 0.00106318958569, -0.00217445357703, 0.00161405478138, -0.00170528586023, 0.00118910719175, -0.000955575436819, 0.00246702553704, -0.0028757636901, 0.00297231529839], [-0.000397815892939, 0.00148081511725, -0.00121776503511, 0.00502944458276, -0.00154277472757, 0.0014274957357, -0.000315289566061, 0.000510498648509, -0.0022835705895, 0.00196691951714, -0.00122291990556, 0.00226757163182, -0.0019858344458], [0.000408917228924, -0.00169499428011, 0.00106318958569, -0.00154277472757, 0.00608372874558, -0.00147867086343, 0.000518905639183, -0.00178576994222, 0.000983346020803, -0.00128271325957, 0.00290030031465, -0.00145779270679, 0.00105574063491], [-0.000619235739578, 0.00185928621795, -0.00217445357703, 0.0014274957357, -0.00147867086343, 0.00875576399267, -0.00375379715115, 0.000859676860273, -0.00081532477634, 0.000705631508026, -0.0008878801018, 0.00168371305335, -0.000854771060403], [0.000553798803594, -0.00225805072114, 0.00161405478138, -0.000315289566061, 0.000518905639183, -0.00375379715115, 0.0101275173947, -0.00395226478577, 0.00289792171679, -0.00207355455495, 0.0018815753283, -0.00255241314881, 0.00327013479546], [-0.000487564801006, 0.00232963706367, -0.00170528586023, 0.000510498648509, -0.00178576994222, 0.000859676860273, -0.00395226478577, 0.0141430143267, -0.00623292243108, 0.00175653200131, -0.00266093178652, 0.00158379774075, -0.00209549581632], [0.000667362881359, -0.00261049414985, 0.00118910719175, -0.0022835705895, 0.000983346020803, -0.00081532477634, 0.00289792171679, -0.00623292243108, 0.0174260493368, -0.00736278481781, 0.00321984826587, -0.00225340225734, 0.00025919926702], [-0.000310829491355, 0.00261223944835, -0.000955575436819, 0.00196691951714, -0.00128271325957, 0.000705631508026, -0.00207355455495, 0.00175653200131, -0.00736278481781, 0.017319874838, -0.00715729035437, 0.00246452703141, -0.00075968937017], [0.000523954222444, -0.00266123376787, 0.00246702553704, -0.00122291990556, 0.00290030031465, -0.0008878801018, 0.0018815753283, -0.00266093178652, 0.00321984826587, -0.00715729035437, 0.0184893477708, -0.00777677213773, 0.00143824575935], [-0.000252183963312, 0.00232793902978, -0.0028757636901, 0.00226757163182, -0.00145779270679, 0.00168371305335, -0.00255241314881, 0.00158379774075, -0.00225340225734, 0.00246452703141, -0.00777677213773, 0.0177556332201, -0.00737662008032], [0.000636955781374, -0.0017255024286, 0.00297231529839, -0.0019858344458, 0.00105574063491, -0.000854771060403, 0.00327013479546, -0.00209549581632, 0.00025919926702, -0.00075968937017, 0.00143824575935, -0.00737662008032, 0.0185824073851]]}, "spectral_complexity": {"dmean": 1.92794549465, "dmean2": 2.95666575432, "max": 56, "dvar": 6.94656181335, "mean": 12.3700714111, "dvar2": 13.1286563873, "min": 0, "var": 75.1900787354, "median": 11}, "spectral_flux": {"dmean": 0.0131644587964, "dmean2": 0.0206597261131, "max": 0.326178967953, "dvar": 0.000393594702473, "mean": 0.0443578548729, "dvar2": 0.000877960352227, "min": 1.0148706181e-10, "var": 0.00163105025422, "median": 0.0332605578005}, "spectral_energyband_low": {"dmean": 0.00136569747701, "dmean2": 0.00211654393934, "max": 0.142959177494, "dvar": 1.62413653015e-05, "mean": 0.00280680553988, "dvar2": 4.04709389841e-05, "min": 3.35269986796e-23, "var": 3.49011970684e-05, "median": 0.000785112322774}, "spectral_decrease": {"dmean": 1.10980957757e-09, "dmean2": 1.58642765591e-09, "max": -4.56616511181e-30, "dvar": 5.57669328475e-18, "mean": -3.73375907969e-09, "dvar2": 1.12189455961e-17, "min": -6.04384453595e-08, "var": 2.83463149219e-17, "median": -1.66031388638e-09}, "barkbands_spread": {"dmean": 2.92910814285, "dmean2": 4.40704631805, "max": 115.161827087, "dvar": 22.7010231018, "mean": 14.1557998657, "dvar2": 45.7604598999, "min": 1.31908500195, "var": 151.819534302, "median": 10.9857816696}, "spectral_rms": {"dmean": 0.00045094586676, "dmean2": 0.000628964335192, "max": 0.0155839202926, "dvar": 4.59688976662e-07, "mean": 0.00309826852754, "dvar2": 8.54420420637e-07, "min": 3.16992330822e-12, "var": 5.140193025e-06, "median": 0.00255457754247}, "spectral_centroid": {"dmean": 132.104400635, "dmean2": 195.115219116, "max": 10917.3847656, "dvar": 40763.7226562, "mean": 871.11138916, "dvar2": 75194.0703125, "min": 212.156646729, "var": 284617.375, "median": 742.695800781}, "barkbands_skewness": {"dmean": 0.394231081009, "dmean2": 0.593150436878, "max": 6.9745054245, "dvar": 0.16019846499, "mean": 1.38018870354, "dvar2": 0.365504384041, "min": -2.24995541573, "var": 0.924311995506, "median": 1.29045069218}, "spectral_rolloff": {"dmean": 249.643234253, "dmean2": 410.358947754, "max": 18949.21875, "dvar": 441149.71875, "mean": 1132.62817383, "dvar2": 945114.625, "min": 150.732421875, "var": 1521171, "median": 861.328125}, "erbbands_spread": {"dmean": 4.96291208267, "dmean2": 7.37569475174, "max": 135.149917603, "dvar": 43.3234214783, "mean": 26.1013412476, "dvar2": 88.108505249, "min": 2.2188410759, "var": 220.49559021, "median": 22.4335517883}, "barkbands": {"dmean": [1.50763844431e-05, 0.000253482518019, 0.000691403227393, 0.00157836009748, 0.00105331791565, 0.000323836167809, 0.0007555699558, 0.000415681977756, 0.000523749738932, 0.000392313348129, 0.000322730833432, 0.000403586833272, 0.000366735679563, 0.000241839225055, 0.00014532681962, 0.000107001251308, 0.000103686426883, 4.82120522065e-05, 4.33215682278e-05, 5.32040867256e-05, 3.05650573864e-05, 2.16640146391e-05, 2.69205193035e-05, 2.3591259378e-05, 2.11649603443e-05, 6.21672870693e-06, 1.35311381655e-06], "dmean2": [2.14287301787e-05, 0.000408762978623, 0.00112183799502, 0.0024088495411, 0.00168293551542, 0.000503785908222, 0.00112152553629, 0.000617204175796, 0.000755401328206, 0.000581973756198, 0.000466126628453, 0.000604019092862, 0.000541779038031, 0.000373053044314, 0.000223769107834, 0.000166774669196, 0.000154419292812, 7.18809606042e-05, 6.61523736198e-05, 7.86723467172e-05, 4.66851852252e-05, 3.3037718822e-05, 3.97804287786e-05, 3.4318829421e-05, 3.06185611407e-05, 9.67895903159e-06, 2.14940337173e-06], "max": [0.00164773408324, 0.0218019522727, 0.0895027220249, 0.123703919351, 0.0576533600688, 0.0210436172783, 0.0828187465668, 0.0878877267241, 0.0648755431175, 0.0874116420746, 0.0762813314795, 0.0541849881411, 0.0998935028911, 0.044527284801, 0.0194694884121, 0.0203640963882, 0.0202474556863, 0.0107974484563, 0.00473094685003, 0.00579671189189, 0.00412903772667, 0.00373205495998, 0.00574829475954, 0.00501555716619, 0.00402942346409, 0.000918858684599, 0.000146475038491], "dvar": [4.00582678139e-09, 9.62515287029e-07, 5.73842316953e-06, 2.09378194995e-05, 6.89046828484e-06, 7.82686129241e-07, 5.58894225833e-06, 2.44866077992e-06, 2.32840966419e-06, 3.28412079398e-06, 1.81429220447e-06, 2.21015966417e-06, 3.88727130485e-06, 1.27158671148e-06, 2.78478438531e-07, 2.10941706769e-07, 1.7623956694e-07, 3.15983648136e-08, 3.21734603403e-08, 3.07089749185e-08, 1.17112994857e-08, 6.68216282307e-09, 1.52895225369e-08, 1.31466535436e-08, 8.62736371232e-09, 7.62375940155e-10, 3.9688662079e-11], "mean": [2.20774818445e-05, 0.000396398769226, 0.00106638064608, 0.00303391506895, 0.00180575519335, 0.000648969318718, 0.00166414969135, 0.000786314252764, 0.00110657617915, 0.000821870111395, 0.000700114644133, 0.000759466143791, 0.000678970536683, 0.00042685715016, 0.000266959017608, 0.000199885456823, 0.000211010337807, 9.94880974758e-05, 7.74499421823e-05, 0.000109886379505, 5.62614804949e-05, 3.83051046811e-05, 4.49100662081e-05, 4.06355611631e-05, 3.51291600964e-05, 8.59910869622e-06, 1.62656306202e-06], "dvar2": [6.82009027031e-09, 2.28024396165e-06, 1.57454724103e-05, 4.61549097963e-05, 1.75261011464e-05, 1.9818421606e-06, 1.09616448754e-05, 5.13521490575e-06, 4.87015540784e-06, 7.07995468474e-06, 3.48642515746e-06, 4.49868593932e-06, 8.27211169963e-06, 2.78732659353e-06, 5.99859504291e-07, 4.96121174365e-07, 3.84751416505e-07, 6.36487200723e-08, 7.93257370901e-08, 6.64126744709e-08, 2.66174549068e-08, 1.53062522656e-08, 3.12333341412e-08, 2.68401283421e-08, 1.64055933283e-08, 1.76310555045e-09, 9.54393855612e-11], "min": [2.08475048213e-23, 1.45001453845e-23, 7.21026282665e-24, 7.62775957212e-24, 1.28336246574e-22, 4.28906261632e-23, 3.9308219466e-23, 6.25861605601e-23, 7.90900962631e-23, 3.51287302605e-23, 5.033310913e-23, 6.83428004408e-23, 1.37123273533e-22, 1.60575338317e-22, 2.06217467142e-22, 1.32457748192e-22, 1.37631161117e-22, 1.69169567672e-22, 2.1941357023e-22, 3.35967680624e-22, 4.7016912696e-22, 5.88596662097e-22, 5.74169418505e-22, 7.73297903873e-22, 1.18626363426e-21, 1.3853210338e-21, 2.53238012385e-21], "var": [6.15727868691e-09, 1.60735999089e-06, 6.65161678626e-06, 5.90244635532e-05, 1.00693987406e-05, 1.45481408254e-06, 2.59710159298e-05, 7.53935592002e-06, 6.05241939411e-06, 8.33278954815e-06, 9.36277228902e-06, 7.97046413936e-06, 1.21851471704e-05, 3.53848508894e-06, 8.30345300074e-07, 5.87266413277e-07, 6.30032502613e-07, 1.11330621166e-07, 5.16731475386e-08, 8.90177815904e-08, 2.64795723126e-08, 1.38154518936e-08, 3.69492418884e-08, 2.92069195496e-08, 2.34430181933e-08, 1.32230393302e-09, 5.0741598423e-11], "median": [9.55311406869e-06, 4.94272608194e-05, 0.000272927863989, 0.000493685773108, 0.000707669707481, 0.00026318570599, 0.000370668363757, 0.000166213780176, 0.000356002012268, 0.000171332838363, 0.000103090002085, 0.000113213791337, 6.03186854278e-05, 5.3087125707e-05, 4.40564363089e-05, 2.38983775489e-05, 2.53969810728e-05, 1.25675487652e-05, 1.11482822831e-05, 1.36589333124e-05, 7.40938321542e-06, 4.33107788922e-06, 3.86202509617e-06, 2.7401256375e-06, 1.58444959197e-06, 4.22026573688e-07, 8.93799949608e-08]}, "melbands_kurtosis": {"dmean": 3.35005784035, "dmean2": 5.20727396011, "max": 103.421417236, "dvar": 30.0048923492, "mean": 7.37161684036, "dvar2": 73.5149154663, "min": -1.73072266579, "var": 82.8888626099, "median": 4.63784217834}, "erbbands_crest": {"dmean": 2.09240221977, "dmean2": 3.25306105614, "max": 31.7103290558, "dvar": 4.38341665268, "mean": 9.33937740326, "dvar2": 10.2739238739, "min": 2.11592411995, "var": 17.9685707092, "median": 8.27518177032}, "melbands_skewness": {"dmean": 0.471357822418, "dmean2": 0.710309803486, "max": 8.51330947876, "dvar": 0.250459522009, "mean": 1.89870750904, "dvar2": 0.579465150833, "min": -2.09665226936, "var": 1.33315932751, "median": 1.77100777626}, "spectral_energyband_middle_low": {"dmean": 0.00324378721416, "dmean2": 0.00484661338851, "max": 0.149159833789, "dvar": 5.03786395711e-05, "mean": 0.00918825902045, "dvar2": 0.000107951025711, "min": 3.66291443333e-22, "var": 0.000182517018402, "median": 0.00420948863029}, "spectral_contrast_coeffs": {"dmean": [0.0434418395162, 0.0367382466793, 0.029984459281, 0.0271305367351, 0.0188607349992, 0.0141298659146], "dmean2": [0.0707916542888, 0.0587920770049, 0.0480222254992, 0.0435944460332, 0.0301763117313, 0.0222897883505], "max": [-0.280906766653, -0.356768906116, -0.418392300606, -0.484944939613, -0.563167989254, -0.583743393421], "dvar": [0.00147461681627, 0.00106602918822, 0.000672337540891, 0.000535696395673, 0.000292206881568, 0.000192705614609], "mean": [-0.584511697292, -0.735584199429, -0.748882889748, -0.769097924232, -0.800911307335, -0.795878231525], "dvar2": [0.00394730456173, 0.00259135221131, 0.00161717378069, 0.00127208943013, 0.000638403755147, 0.000439593626652], "min": [-0.954487144947, -0.954393982887, -0.97004622221, -0.962779164314, -0.961372971535, -0.959788799286], "var": [0.00912407319993, 0.00572944199666, 0.00403129681945, 0.00364807061851, 0.00248635048047, 0.00163837010041], "median": [-0.581955313683, -0.744693040848, -0.752770900726, -0.775458812714, -0.804914474487, -0.795103132725]}, "spectral_contrast_valleys": {"dmean": [0.362480729818, 0.28414273262, 0.251721143723, 0.23974648118, 0.217808097601, 0.245565578341], "dmean2": [0.592776238918, 0.456967711449, 0.400179177523, 0.374491661787, 0.31865760684, 0.336706876755], "max": [-5.50549936295, -4.91497516632, -5.47124671936, -5.92496871948, -5.43492126465, -7.41797447205], "dvar": [0.117887452245, 0.0767214670777, 0.0642652213573, 0.0690917298198, 0.0762361511588, 0.12201321125], "mean": [-8.4982624054, -7.22509622574, -7.87696695328, -8.72366523743, -8.92439460754, -11.447347641], "dvar2": [0.282772183418, 0.16448430717, 0.128713384271, 0.127829536796, 0.120802916586, 0.197858899832], "min": [-27.9357776642, -27.3776798248, -26.8680019379, -27.1192188263, -27.3130187988, -27.1573867798], "var": [1.53698289394, 1.53166925907, 1.74889826775, 2.09359812737, 2.23418927193, 2.27729821205], "median": [-8.41620922089, -7.05144119263, -7.68664169312, -8.47342967987, -8.62431144714, -11.2447624207]}, "silence_rate_20dB": {"dmean": 0, "dmean2": 0, "max": 1, "dvar": 0, "mean": 1, "dvar2": 0, "min": 1, "var": 0, "median": 1}, "silence_rate_30dB": {"dmean": 0.00701071089134, "dmean2": 0.0140227871016, "max": 1, "dvar": 0.00696128932759, "mean": 0.990945398808, "dvar2": 0.0159694813192, "min": 0, "var": 0.00897242035717, "median": 1}, "spectral_strongpeak": {"dmean": 0.378949254751, "dmean2": 0.623031497002, "max": 16.8396224976, "dvar": 0.743850052357, "mean": 0.841535568237, "dvar2": 1.82062458992, "min": 0, "var": 2.18880200386, "median": 0.362191915512}, "spectral_spread": {"dmean": 443283.3125, "dmean2": 643733.3125, "max": 39460596, "dvar": 505658114048, "mean": 3722494.25, "dvar2": 831797198848, "min": 1063611.25, "var": 2807714021380.0, "median": 3398361.75}, "barkbands_flatness_db": {"dmean": 0.0165105164051, "dmean2": 0.0245111137629, "max": 0.356623768806, "dvar": 0.000321146566421, "mean": 0.15687507391, "dvar2": 0.000675284361932, "min": 0.0211365427822, "var": 0.00282726553269, "median": 0.153345689178}, "pitch_salience": {"dmean": 0.0596820525825, "dmean2": 0.0944441705942, "max": 0.865290939808, "dvar": 0.003179195337, "mean": 0.572741091251, "dvar2": 0.00790327787399, "min": 0.115564823151, "var": 0.0126599706709, "median": 0.583878219128}, "erbbands_kurtosis": {"dmean": 0.881402611732, "dmean2": 1.3428311348, "max": 35.2644844055, "dvar": 1.36206161976, "mean": 1.32199883461, "dvar2": 2.94260573387, "min": -1.75067305565, "var": 6.46204662323, "median": 0.693234443665}, "average_loudness": 0.197601571679, "barkbands_crest": {"dmean": 2.04100298882, "dmean2": 3.2067117691, "max": 25.2588634491, "dvar": 4.21035766602, "mean": 9.8751449585, "dvar2": 10.4975147247, "min": 2.62580966949, "var": 16.3526592255, "median": 8.95084953308}, "hfc": {"dmean": 3.11368322372, "dmean2": 4.25541687012, "max": 237.057739258, "dvar": 51.2272758484, "mean": 11.2003240585, "dvar2": 95.8275146484, "min": 1.1336339565e-16, "var": 336.646392822, "median": 3.7352437973}, "barkbands_kurtosis": {"dmean": 1.94425821304, "dmean2": 3.00154566765, "max": 74.5145263672, "dvar": 8.87198925018, "mean": 3.89642930031, "dvar2": 21.3730182648, "min": -1.8689609766, "var": 30.9079265594, "median": 2.26862573624}, "erbbands": {"dmean": [0.00666796742007, 0.0696311146021, 0.609052717686, 2.95520997047, 4.9200053215, 3.39810585976, 1.96106362343, 3.04704976082, 8.95916366577, 11.1578159332, 8.905626297, 11.5831890106, 9.74162960052, 11.5561637878, 15.003821373, 12.6901283264, 16.7449245453, 13.3235740662, 8.4063167572, 7.07692623138, 5.72246313095, 6.30560779572, 2.81723237038, 1.97771763802, 2.47866225243, 2.36651778221, 1.56748175621, 0.952912211418, 0.776741087437, 0.796299219131, 0.756467938423, 0.541781544685, 0.389376282692, 0.328857809305, 0.108619697392, 0.0336708575487, 0.0106243062764, 0.00239823106676, 0.000205401505809, 1.16535202324e-05], "dmean2": [0.00914167333394, 0.113261267543, 0.975345730782, 4.59835958481, 7.70802307129, 5.40042209625, 3.01131844521, 4.66286230087, 13.5176334381, 16.6284942627, 12.9487524033, 16.6268672943, 14.4435024261, 16.9282245636, 21.5396022797, 19.1400775909, 24.3987884521, 20.15143013, 13.1594896317, 10.9754114151, 8.67139053345, 9.37471008301, 4.14918804169, 3.06712770462, 3.66213583946, 3.47173333168, 2.32589840889, 1.45769786835, 1.17278409004, 1.19130587578, 1.10981881618, 0.803522527218, 0.571933090687, 0.477663874626, 0.164372324944, 0.052286028862, 0.0164835583419, 0.0038518612273, 0.000321000843542, 1.73460175574e-05], "max": [0.968863129616, 5.55785608292, 76.6592636108, 235.477905273, 265.788085938, 148.953857422, 134.909088135, 234.585678101, 1360.93945312, 1850.9564209, 1567.07141113, 2040.60375977, 1623.05151367, 3029.79907227, 2990.24633789, 2075.39257812, 4452.98681641, 2654.68164062, 1237.99963379, 1246.15856934, 1314.03991699, 1459.3248291, 686.202270508, 186.867599487, 253.685668945, 291.140838623, 183.521743774, 125.817306519, 118.730407715, 165.834350586, 162.508514404, 126.323234558, 115.581230164, 67.7944412231, 18.8228149414, 4.65560436249, 1.74154639244, 0.292072415352, 0.0278417374939, 0.000814941828139], "dvar": [0.00118556653615, 0.0604398287833, 4.43662500381, 71.2565078735, 180.652191162, 75.52394104, 32.9823303223, 67.367401123, 744.067504883, 2235.86206055, 912.629821777, 1511.33361816, 1240.66491699, 3061.21801758, 2837.17456055, 2686.42236328, 7023.40966797, 4446.05615234, 825.431640625, 696.164245605, 796.098937988, 705.641845703, 115.104492188, 82.5884094238, 70.7498626709, 68.155090332, 31.7430534363, 11.3075876236, 7.76610040665, 12.1441144943, 13.1871528625, 6.30065250397, 4.27289152145, 2.34545636177, 0.248515591025, 0.0237821582705, 0.00211518700235, 0.000136163653224, 9.11188863029e-07, 1.41907285922e-09], "mean": [0.00936443172395, 0.112415060401, 1.05254304409, 5.82982158661, 8.59314727783, 5.80557441711, 4.01482391357, 6.4500670433, 18.5352153778, 26.0723190308, 18.7045001984, 24.2687969208, 22.6054077148, 25.9780063629, 33.945640564, 26.0721054077, 33.5586013794, 25.5432434082, 15.9103441238, 13.387503624, 11.9144029617, 13.4934101105, 6.37714958191, 3.48089551926, 4.9269490242, 5.08019924164, 3.13891577721, 1.73752915859, 1.39418768883, 1.32174181938, 1.26836514473, 0.926015734673, 0.648894667625, 0.539997518063, 0.17540819943, 0.0493601113558, 0.0140653504059, 0.00290071940981, 0.000265590904746, 2.84418838419e-05], "dvar2": [0.00233696494251, 0.153509393334, 11.979385376, 168.068878174, 418.504577637, 196.339096069, 85.208190918, 162.777893066, 1510.54187012, 4487.29101562, 1863.22265625, 3178.70068359, 2684.36254883, 6772.75292969, 5500.10888672, 5653.17529297, 13834.6777344, 9760.51074219, 1748.12890625, 1616.77111816, 1794.20581055, 1601.29699707, 237.075790405, 204.667694092, 158.210723877, 152.658752441, 68.7319869995, 26.4051513672, 17.4064159393, 27.1599998474, 26.4011898041, 13.4012308121, 8.5658159256, 4.35984802246, 0.534369409084, 0.0554707087576, 0.00486714951694, 0.000333334959578, 2.06991057894e-06, 3.16213166762e-09], "min": [6.76753294516e-22, 2.52596846436e-21, 5.26214339409e-21, 2.04540859787e-20, 1.12521598445e-19, 6.58927836659e-19, 3.80321980919e-19, 4.08568182585e-19, 3.6043330197e-19, 1.16139900995e-18, 1.28647057972e-18, 1.92267586835e-18, 1.42927855619e-18, 1.56759483854e-18, 1.56376333794e-18, 3.37024483545e-18, 4.6259095548e-18, 7.59973759426e-18, 9.65242019872e-18, 9.92564705403e-18, 9.27348131548e-18, 7.60889531082e-18, 8.85302127422e-18, 1.05871045124e-17, 9.50594057431e-18, 1.48649335703e-17, 1.75781604257e-17, 2.13338697723e-17, 2.13318018207e-17, 1.5233212577e-17, 1.86961430001e-17, 1.7812604918e-17, 1.20343653547e-17, 1.0894631239e-17, 8.8047627301e-18, 5.97595103255e-18, 2.14525486835e-18, 1.48455872633e-18, 3.22728186602e-19, 3.50031589777e-20], "var": [0.0018729493022, 0.0936896651983, 6.00412845612, 183.328048706, 350.248962402, 117.114120483, 60.9025421143, 154.313522339, 2817.18237305, 11041.3046875, 2998.93896484, 3312.18603516, 3781.84985352, 7708.68261719, 13877.1845703, 10433.6376953, 25149.1796875, 13172.2958984, 2352.98510742, 2244.73730469, 2603.14282227, 2558.48413086, 432.984069824, 112.963272095, 170.729873657, 192.296325684, 83.7285232544, 24.1143932343, 16.7966480255, 25.0171298981, 32.576007843, 14.3978528976, 8.74034404755, 5.87354469299, 0.58038020134, 0.0424553006887, 0.0036888003815, 0.00017877483333, 1.32786431095e-06, 3.01866132091e-09], "median": [0.000744003627915, 0.0211447700858, 0.288106679916, 1.27747416496, 2.27862977982, 2.03752613068, 1.60525369644, 2.62981033325, 5.06000041962, 5.1353635788, 5.30053043365, 7.51567935944, 6.45872592926, 5.8141207695, 6.08882713318, 4.35194301605, 3.40560078621, 2.80868816376, 2.85596776009, 1.94230175018, 1.34050440788, 1.57417905331, 0.857302308083, 0.553314089775, 0.693965375423, 0.61541646719, 0.385684013367, 0.241166427732, 0.159249514341, 0.141385346651, 0.100817926228, 0.064917370677, 0.040216896683, 0.0222457516938, 0.0079576773569, 0.00242953305133, 0.000680571072735, 0.000133066714625, 2.06761105801e-05, 9.88896408671e-06]}, "spectral_energy": {"dmean": 0.00442138174549, "dmean2": 0.00629316363484, "max": 0.24893002212, "dvar": 8.74105462572e-05, "mean": 0.0151079390198, "dvar2": 0.000174043874722, "min": 1.02996232413e-20, "var": 0.00046357003157, "median": 0.00668901344761}, "zerocrossingrate": {"dmean": 0.00659631378949, "dmean2": 0.00788943469524, "max": 0.484375, "dvar": 0.000119190066471, "mean": 0.0443402267992, "dvar2": 0.000133878871566, "min": 0.00830078125, "var": 0.00114204513375, "median": 0.03662109375}, "spectral_energyband_high": {"dmean"