{"lowlevel": {"spectral_strongpeak": {"max": 8.58490657806, "dmean": 0.243630096316, "dvar2": 0.653223514557, "dmean2": 0.417179316282, "var": 0.221442312002, "median": 0.324388295412, "min": 0, "dvar": 0.242480784655, "mean": 0.406166374683}, "barkbands_flatness_db": {"max": 0.270289987326, "dmean": 0.0221135988832, "dvar2": 0.00103208574001, "dmean2": 0.0343668498099, "var": 0.00147367012687, "median": 0.100219391286, "min": 0.0256592202932, "dvar": 0.000444214208983, "mean": 0.104489944875}, "barkbands_skewness": {"max": 5.60942077637, "dmean": 0.58859205246, "dvar2": 0.734625399113, "dmean2": 0.917707741261, "var": 0.841341614723, "median": 0.810648143291, "min": -1.72397971153, "dvar": 0.300154328346, "mean": 0.923183381557}, "spectral_energyband_middle_high": {"max": 0.0326613150537, "dmean": 0.0014733633725, "dvar2": 4.77205139759e-06, "dmean2": 0.00241457414813, "var": 1.11156168714e-05, "median": 0.00728746084496, "min": 6.87129606686e-13, "dvar": 1.79886706064e-06, "mean": 0.0076124179177}, "erbbands_kurtosis": {"max": 10.0296525955, "dmean": 1.11170601845, "dvar2": 2.77404808998, "dmean2": 1.86216008663, "var": 3.00352430344, "median": 1.5179233551, "min": -1.6905837059, "dvar": 0.981142759323, "mean": 1.63844108582}, "erbbands_crest": {"max": 22.366651535, "dmean": 1.70861649513, "dvar2": 6.01369953156, "dmean2": 2.91388392448, "var": 3.44012713432, "median": 7.05992841721, "min": 2.24855589867, "dvar": 2.13408279419, "mean": 7.29010486603}, "dynamic_complexity": 1.12659204006, "barkbands_crest": {"max": 23.5575275421, "dmean": 3.36651754379, "dvar2": 23.1966514587, "dmean2": 5.35833644867, "var": 19.7595672607, "median": 7.97937393188, "min": 2.46333289146, "dvar": 9.89895534515, "mean": 9.11443519592}, "dissonance": {"max": 0.5, "dmean": 0.00465712836012, "dvar2": 5.26019430254e-05, "dmean2": 0.00799844507128, "var": 3.04405984934e-05, "median": 0.49264857173, "min": 0.424540698528, "dvar": 1.87202967936e-05, "mean": 0.491586178541}, "spectral_energyband_low": {"max": 0.137275516987, "dmean": 0.0100904619321, "dvar2": 0.000464466196718, "dmean2": 0.0160072408617, "var": 0.000252832367551, "median": 0.00996565446258, "min": 2.49320285554e-13, "dvar": 0.000185791752301, "mean": 0.0157214459032}, "spectral_contrast_coeffs": {"max": [-0.334464609623, -0.582449436188, -0.645368635654, -0.675134658813, -0.688542604446, -0.613237500191], "dmean": [0.0578299947083, 0.0465264320374, 0.034058123827, 0.0271162632853, 0.0196733940393, 0.0172387883067], "dvar2": [0.00565371941775, 0.00375194172375, 0.00197345414199, 0.00125867547467, 0.000669838511385, 0.000632380251773], "dmean2": [0.0942528471351, 0.0797510072589, 0.0580260939896, 0.0464931055903, 0.0335420891643, 0.0271574761719], "var": [0.00641351845115, 0.00235809432343, 0.00125373725314, 0.000919360958505, 0.000480363960378, 0.00176649924833], "median": [-0.645426154137, -0.786538720131, -0.824519336224, -0.80619341135, -0.778249204159, -0.774527728558], "min": [-0.94337785244, -0.931416153908, -0.952713429928, -0.936836540699, -0.952652037144, -0.890193343163], "dvar": [0.00210967753083, 0.00129776773974, 0.00068115699105, 0.000437237002188, 0.000234527411521, 0.000290818046778], "mean": [-0.63874655962, -0.78384411335, -0.821593046188, -0.804069817066, -0.777287721634, -0.767897367477]}, "silence_rate_60dB": {"max": 1, "dmean": 0.000111532455776, "dvar2": 0.000223039882258, "dmean2": 0.000223089795327, "var": 0.00300197349861, "median": 0, "min": 0, "dvar": 0.000111519984785, "mean": 0.00301104038954}, "mfcc": {"icov": [[0.00108906603418, 0.000514019629918, -1.83667839337e-06, 0.000812216138002, 0.000325900269672, -0.000553199497517, 0.000170836501638, 0.000107211897557, 6.90096421749e-05, -0.000904407410417, 0.000700089847669, -0.000375719711883, -0.000698408053722], [0.000514019629918, 0.00412887893617, 0.0018807669403, -0.00364390108734, 0.000422492768848, 0.00249630981125, -0.00177842588164, -0.00453464919701, 0.001560180448, 0.00157476589084, -0.00197417638265, -0.000538761727512, 0.00019235551008], [-1.83667839337e-06, 0.0018807669403, 0.00775825418532, 0.00304483622313, -0.00585506204516, -0.00194654986262, 0.0035810933914, -0.00561400735751, 5.88510056332e-06, 0.0031403186731, -0.00383673468605, 0.00143109215423, -0.00103283033241], [0.000812216138002, -0.00364390108734, 0.00304483622313, 0.0140334656462, -0.00457748910412, -0.00801524706185, 0.00445363810286, 0.00611327635124, -0.0053050131537, -0.00255685904995, 0.00164927821606, -0.00139293831307, -0.000922664068639], [0.000325900269672, 0.000422492768848, -0.00585506204516, -0.00457748910412, 0.0160006415099, 0.000879191036802, -0.0049040983431, 0.00223745475523, 0.00204567844048, -0.00256303022616, -0.00322220264934, 0.000941385340411, -0.000614327320363], [-0.000553199497517, 0.00249630981125, -0.00194654986262, -0.00801524706185, 0.000879191036802, 0.0202864818275, -0.00870835501701, -0.00411621946841, 0.00362662528642, -0.000684589671437, -0.000573092722334, -0.000981177669019, -0.000107963045593], [0.000170836501638, -0.00177842588164, 0.0035810933914, 0.00445363810286, -0.0049040983431, -0.00870835501701, 0.0255952496082, -0.00501916417852, -0.0111723719165, 0.000784870120697, 0.00358714512549, -0.00543269328773, -0.00011617680866], [0.000107211897557, -0.00453464919701, -0.00561400735751, 0.00611327635124, 0.00223745475523, -0.00411621946841, -0.00501916417852, 0.0248002987355, -0.00721057830378, -0.00257264683023, -0.000889668008313, 0.0021308735013, -0.00161132786889], [6.90096421749e-05, 0.001560180448, 5.88510056332e-06, -0.0053050131537, 0.00204567844048, 0.00362662528642, -0.0111723719165, -0.00721057830378, 0.0341384485364, -0.0119723994285, -0.00494423974305, 0.00243631959893, 0.000215685475268], [-0.000904407410417, 0.00157476589084, 0.0031403186731, -0.00255685904995, -0.00256303022616, -0.000684589671437, 0.000784870120697, -0.00257264683023, -0.0119723994285, 0.0332959443331, -0.00750844925642, -0.00848458521068, 0.00133220106363], [0.000700089847669, -0.00197417638265, -0.00383673468605, 0.00164927821606, -0.00322220264934, -0.000573092722334, 0.00358714512549, -0.000889668008313, -0.00494423974305, -0.00750844925642, 0.0389849767089, -0.0115459105, -0.00373777118511], [-0.000375719711883, -0.000538761727512, 0.00143109215423, -0.00139293831307, 0.000941385340411, -0.000981177669019, -0.00543269328773, 0.0021308735013, 0.00243631959893, -0.00848458521068, -0.0115459105, 0.0452360771596, -0.0199185796082], [-0.000698408053722, 0.00019235551008, -0.00103283033241, -0.000922664068639, -0.000614327320363, -0.000107963045593, -0.00011617680866, -0.00161132786889, 0.000215685475268, 0.00133220106363, -0.00373777118511, -0.0199185796082, 0.0406960509717]], "cov": [[1445.70898438, -582.862487793, 267.877685547, -293.987640381, -16.450504303, 2.05934906006, -59.4456748962, -2.43100214005, -46.1823921204, -7.62462902069, -22.9993438721, -16.1281223297, 17.6780757904], [-582.862487793, 825.311706543, -380.477813721, 323.088653564, -28.9790821075, 21.0252590179, 107.093635559, 39.4963912964, 74.7299423218, 52.0735359192, 28.2380924225, 58.2641296387, 14.2630681992], [267.877685547, -380.477813721, 500.332427979, -226.324081421, 104.718063354, 7.03108453751, -45.5962028503, 71.8941802979, -31.7533245087, -37.1531333923, 29.9113845825, -30.2743492126, 7.59224939346], [-293.987640381, 323.088653564, -226.324081421, 283.155548096, 14.1014986038, 53.448059082, 50.6030006409, -24.8736534119, 51.3527412415, 50.5519523621, 13.9380140305, 41.5283699036, 13.2967777252], [-16.450504303, -28.9790821075, 104.718063354, 14.1014986038, 113.371246338, 24.9912643433, 18.1794929504, 18.3867778778, 11.8718976974, 14.4401273727, 25.4389591217, 10.0290555954, 12.0991649628], [2.05934906006, 21.0252590179, 7.03108453751, 53.448059082, 24.9912643433, 87.8421173096, 41.8282432556, 21.8676395416, 23.3544597626, 22.8081588745, 13.7197399139, 19.1838970184, 12.7009220123], [-59.4456748962, 107.093635559, -45.5962028503, 50.6030006409, 18.1794929504, 41.8282432556, 92.6353759766, 37.1091537476, 46.9080848694, 31.2237033844, 15.675491333, 27.2160377502, 14.072687149], [-2.43100214005, 39.4963912964, 71.8941802979, -24.8736534119, 18.3867778778, 21.8676395416, 37.1091537476, 90.1905670166, 29.4773445129, 14.4533433914, 20.8170280457, 8.83689785004, 10.6525974274], [-46.1823921204, 74.7299423218, -31.7533245087, 51.3527412415, 11.8718976974, 23.3544597626, 46.9080848694, 29.4773445129, 67.1862640381, 38.4847984314, 20.3955192566, 21.4764156342, 11.5237598419], [-7.62462902069, 52.0735359192, -37.1531333923, 50.5519523621, 14.4401273727, 22.8081588745, 31.2237033844, 14.4533433914, 38.4847984314, 62.2775840759, 22.6035442352, 28.2906475067, 14.4462995529], [-22.9993438721, 28.2380924225, 29.9113845825, 13.9380140305, 25.4389591217, 13.7197399139, 15.675491333, 20.8170280457, 20.3955192566, 22.6035442352, 46.3107566833, 22.3940372467, 16.2024822235], [-16.1281223297, 58.2641296387, -30.2743492126, 41.5283699036, 10.0290555954, 19.1838970184, 27.2160377502, 8.83689785004, 21.4764156342, 28.2906475067, 22.3940372467, 48.931552887, 25.2171936035], [17.6780757904, 14.2630681992, 7.59224939346, 13.2967777252, 12.0991649628, 12.7009220123, 14.072687149, 10.6525974274, 11.5237598419, 14.4462995529, 16.2024822235, 25.2171936035, 39.2774658203]], "mean": [-602.109558105, 100.114379883, -21.4711761475, 50.3473930359, 28.782125473, -5.21157360077, 3.60497307777, 5.04501628876, -1.16802036762, 5.85256242752, -4.06224966049, 2.54342770576, -3.58703565598]}, "melbands_spread": {"max": 134.763839722, "dmean": 13.0067663193, "dvar2": 310.078094482, "dmean2": 20.5299377441, "var": 473.012756348, "median": 39.1689682007, "min": 2.67165017128, "dvar": 129.970367432, "mean": 41.7857971191}, "barkbands_kurtosis": {"max": 34.4016189575, "dmean": 1.61374402046, "dvar2": 15.7138214111, "dmean2": 2.63512849808, "var": 7.89285898209, "median": -0.883545637131, "min": -1.83099913597, "dvar": 6.19820928574, "mean": 0.214179396629}, "spectral_energyband_high": {"max": 0.0194419343024, "dmean": 0.000479054928292, "dvar2": 1.67461860201e-06, "dmean2": 0.000725097896066, "var": 1.57970703185e-06, "median": 0.000857507286128, "min": 1.69204396588e-12, "dvar": 6.73661418205e-07, "mean": 0.00128938315902}, "hfc": {"max": 210.163345337, "dmean": 6.33926296234, "dvar2": 170.17489624, "dmean2": 9.81323337555, "var": 225.456878662, "median": 27.4193248749, "min": 2.26579057738e-08, "dvar": 69.5589447021, "mean": 30.4762325287}, "spectral_skewness": {"max": 2.37464928627, "dmean": 0.181988835335, "dvar2": 0.0801812857389, "dmean2": 0.29919731617, "var": 0.135592862964, "median": 1.36386525631, "min": 0.0575631782413, "dvar": 0.0319621898234, "mean": 1.30572724342}, "erbbands": {"max": [1.71551728249, 28.1629104614, 88.615196228, 79.8416748047, 128.055206299, 86.1625671387, 104.120674133, 179.812179565, 541.103820801, 101.432136536, 573.319702148, 376.103271484, 548.559875488, 137.610290527, 276.319732666, 758.143493652, 504.299713135, 174.680389404, 288.437316895, 278.504455566, 890.565246582, 428.294769287, 553.533752441, 246.936035156, 330.05279541, 434.106842041, 100.382453918, 101.920639038, 150.771240234, 128.272201538, 80.514289856, 89.8024291992, 107.105361938, 72.3541488647, 64.81590271, 12.6572790146, 3.90579605103, 0.675937354565, 0.101922802627, 0.00551152043045], "dmean": [0.178016483784, 1.91142868996, 3.37653613091, 7.34229230881, 6.93073034286, 4.80657339096, 4.55535745621, 4.73647451401, 6.76198673248, 3.9077270031, 4.43155431747, 5.34661006927, 5.3500289917, 3.75624155998, 3.41708469391, 5.67438030243, 6.99965953827, 9.71451759338, 11.5911560059, 13.7281169891, 32.4733810425, 36.4072151184, 31.0417995453, 16.8465232849, 16.6494522095, 12.8741674423, 5.08020782471, 2.61524438858, 2.05492544174, 2.22131800652, 2.12420892715, 1.87712132931, 1.57887339592, 0.993419349194, 0.578491866589, 0.252880930901, 0.0846605673432, 0.020975805819, 0.00287898350507, 0.000143943689181], "dvar2": [0.156760215759, 23.6435585022, 94.6488418579, 211.889572144, 372.975250244, 118.155296326, 96.5201339722, 136.518554688, 433.610015869, 78.6750030518, 269.896881104, 347.771514893, 326.947814941, 80.4165420532, 147.457443237, 617.909545898, 327.536895752, 283.203460693, 506.484832764, 647.56060791, 3611.01513672, 3212.93017578, 3561.38110352, 705.931213379, 1036.4005127, 918.469116211, 119.119880676, 63.7776985168, 79.1625442505, 64.4129486084, 40.7335395813, 38.2155227661, 33.2565231323, 20.4132728577, 13.3455324173, 1.27337872982, 0.0887380465865, 0.00536508206278, 0.000104323517007, 2.50823063652e-07], "dmean2": [0.267937451601, 3.08932971954, 5.94458150864, 12.423576355, 11.8963689804, 8.26836585999, 7.754570961, 8.11832237244, 11.7331752777, 6.64924049377, 7.2303071022, 8.93044090271, 8.93911170959, 6.31027269363, 5.80258369446, 9.38701057434, 11.7101640701, 16.5170173645, 19.673248291, 23.1472530365, 55.002658844, 62.1778945923, 52.962600708, 28.4683628082, 28.1633911133, 21.5212345123, 8.52573108673, 4.41775751114, 3.3302128315, 3.54301953316, 3.2240998745, 2.76113176346, 2.32638788223, 1.48426032066, 0.906764805317, 0.385175913572, 0.124133467674, 0.0303302202374, 0.00421288143843, 0.000210614147363], "var": [0.124112509191, 10.3745326996, 26.9973583221, 94.0318222046, 125.729217529, 48.932674408, 50.059211731, 67.0813522339, 191.376312256, 38.873210907, 289.098876953, 259.248901367, 317.217529297, 85.4241104126, 128.994003296, 474.746673584, 241.061889648, 192.963668823, 310.933959961, 588.230163574, 2990.16674805, 2315.12817383, 2313.82373047, 698.793518066, 1134.96716309, 1271.54125977, 157.285858154, 40.1561088562, 38.3534431458, 42.2222213745, 37.030292511, 34.6494941711, 25.2554149628, 9.8479385376, 3.89806413651, 0.51627612114, 0.0596577487886, 0.00392185244709, 7.38198214094e-05, 1.73713161189e-07], "median": [0.065158970654, 0.664372086525, 2.47625732422, 8.29451370239, 5.72119665146, 4.43664121628, 5.01612710953, 5.20729827881, 6.08960151672, 4.67190361023, 4.48773908615, 5.32843208313, 5.84865188599, 4.53757810593, 3.44827771187, 6.07006597519, 10.4358711243, 18.129278183, 21.6527194977, 28.7544155121, 68.3879013062, 91.7040023804, 72.5014648438, 48.9725799561, 43.3071403503, 31.0574970245, 11.7687072754, 4.30044555664, 1.86223852634, 1.8058950901, 1.82589137554, 1.49508726597, 1.04855191708, 0.554650962353, 0.245880499482, 0.0833506062627, 0.0250575449318, 0.005131483078, 0.000589652219787, 6.90673186909e-05], "min": [7.56456008943e-12, 1.68355347024e-11, 9.45540694353e-12, 3.3143727346e-11, 2.3346841127e-10, 5.66639679622e-10, 5.92063287286e-10, 1.87557150366e-10, 3.00909519524e-10, 3.1592448102e-10, 1.16311613119e-10, 1.09801549797e-10, 8.33235702657e-11, 3.44202499836e-10, 3.72748748534e-10, 2.04805128412e-09, 2.02509631286e-09, 1.08845610303e-09, 2.3368191826e-09, 4.86401097177e-09, 4.42646763688e-09, 5.54065859859e-09, 6.40400932284e-09, 8.41973246679e-09, 5.91619331303e-09, 7.19056814091e-09, 8.40979108574e-09, 1.01928581131e-08, 6.06558803184e-09, 4.06924360874e-09, 1.95396254732e-09, 2.16500262162e-09, 1.89884574731e-09, 1.74007430687e-09, 1.18649201575e-09, 1.14068265944e-09, 4.32983815468e-10, 3.16505488485e-10, 8.15298453749e-11, 7.65552204962e-12], "dvar": [0.0710781142116, 9.32276248932, 33.7391548157, 74.2564086914, 138.125610352, 42.0354118347, 35.3645019531, 50.4194488525, 164.395202637, 28.3766899109, 130.197113037, 135.266738892, 141.320327759, 30.6810073853, 57.3829841614, 260.16305542, 127.09185791, 103.397033691, 181.37147522, 242.631637573, 1367.01953125, 1133.29370117, 1268.20117188, 247.647384644, 369.974578857, 334.97177124, 43.8017311096, 22.9849262238, 29.004486084, 24.608247757, 17.0444068909, 16.3778591156, 14.1937599182, 7.99161148071, 4.82107830048, 0.497035771608, 0.0398858487606, 0.00250387261622, 4.80943308503e-05, 1.14255342964e-07], "mean": [0.256406158209, 2.12081837654, 4.04373550415, 11.0649852753, 8.87098884583, 6.7116355896, 7.05933952332, 7.42393445969, 9.65844249725, 6.43626260757, 7.80337524414, 9.26106548309, 9.68878555298, 7.18726301193, 6.17695856094, 10.3147125244, 14.2487201691, 20.9855861664, 25.3982982635, 34.0496520996, 78.6295394897, 99.9805755615, 82.2449035645, 53.1940917969, 50.4478569031, 38.8487968445, 14.9790868759, 6.30136919022, 3.76297163963, 4.13483858109, 4.1888012886, 3.74373173714, 2.96614360809, 1.69068109989, 0.835260212421, 0.347602844238, 0.121612526476, 0.0300879832357, 0.00405541388318, 0.000230409263168]}, "spectral_contrast_valleys": {"max": [-5.16057062149, -5.16659212112, -5.38955974579, -6.01803541183, -5.47304391861, -7.55448102951], "dmean": [0.421433955431, 0.319034904242, 0.282960534096, 0.206548571587, 0.155004903674, 0.28221526742], "dvar2": [0.303054898977, 0.175740525126, 0.13976174593, 0.0718047618866, 0.0436254628003, 0.285684704781], "dmean2": [0.693893671036, 0.542291641235, 0.477943092585, 0.347421437502, 0.255282133818, 0.367420405149], "var": [0.473976194859, 0.199446052313, 0.215737015009, 0.15180246532, 0.176996871829, 0.80409437418], "median": [-6.79996204376, -6.55596828461, -7.27099943161, -6.87355422974, -6.25476360321, -9.62516307831], "min": [-17.2347126007, -18.3163280487, -18.6807250977, -18.0951595306, -17.1544151306, -19.5559005737], "dvar": [0.120451278985, 0.0642787441611, 0.0518486909568, 0.0280680581927, 0.0185340680182, 0.158878222108], "mean": [-6.87576913834, -6.57415723801, -7.24642562866, -6.91397237778, -6.33046007156, -9.73069477081]}, "average_loudness": 0.959023475647, "erbbands_spread": {"max": 110.318351746, "dmean": 8.66883182526, "dvar2": 171.56892395, "dmean2": 14.1071357727, "var": 183.672012329, "median": 32.8794250488, "min": 9.13491821289, "dvar": 67.0508651733, "mean": 35.9842224121}, "melbands_flatness_db": {"max": 0.376610785723, "dmean": 0.0307339169085, "dvar2": 0.00177408370655, "dmean2": 0.047217797488, "var": 0.00304651772603, "median": 0.163360029459, "min": 0.0377135053277, "dvar": 0.000769848760683, "mean": 0.166741609573}, "barkbands_spread": {"max": 83.6454544067, "dmean": 7.27427911758, "dvar2": 109.850753784, "dmean2": 11.5793123245, "var": 117.005241394, "median": 41.1656188965, "min": 4.73922777176, "dvar": 45.5081863403, "mean": 39.7483673096}, "spectral_decrease": {"max": -2.64091214134e-19, "dmean": 3.02228619908e-09, "dvar2": 3.39958393916e-17, "dmean2": 4.79600448244e-09, "var": 1.98935564199e-17, "median": -5.96807092634e-09, "min": -3.85665153146e-08, "dvar": 1.3637803687e-17, "mean": -7.33739735637e-09}, "melbands_crest": {"max": 31.9401416779, "dmean": 4.08522510529, "dvar2": 28.0040664673, "dmean2": 6.56668186188, "var": 23.4164619446, "median": 15.4134473801, "min": 3.06291794777, "dvar": 10.5495643616, "mean": 15.5369024277}, "erbbands_flatness_db": {"max": 0.249787598848, "dmean": 0.0157940443605, "dvar2": 0.000558992032893, "dmean2": 0.0234637688845, "var": 0.00145750748925, "median": 0.140957176685, "min": 0.0494722537696, "dvar": 0.000296658283332, "mean": 0.14354993403}, "melbands_kurtosis": {"max": 111.6251297, "dmean": 6.92552518845, "dvar2": 232.584609985, "dmean2": 11.123462677, "var": 128.058120728, "median": 4.83001995087, "min": -1.61689329147, "dvar": 91.6863021851, "mean": 8.65087127686}, "spectral_rms": {"max": 0.0120442146435, "dmean": 0.0009644679958, "dvar2": 2.43341719397e-06, "dmean2": 0.0014994131634, "var": 2.00476415557e-06, "median": 0.00498424191028, "min": 5.45659801787e-08, "dvar": 1.0040904499e-06, "mean": 0.00526399863884}, "melbands_skewness": {"max": 9.13665390015, "dmean": 0.930166721344, "dvar2": 2.04930210114, "dmean2": 1.44941532612, "var": 1.98644530773, "median": 2.38720488548, "min": -0.594554662704, "dvar": 0.836057186127, "mean": 2.63991713524}, "barkbands": {"max": [0.00192303012591, 0.103103816509, 0.076812312007, 0.037163157016, 0.0269195511937, 0.0196558460593, 0.0314222946763, 0.0198630355299, 0.0137461088598, 0.0149686345831, 0.00728094484657, 0.0196544714272, 0.00947430171072, 0.0062001044862, 0.00738966930658, 0.0136266835034, 0.0131215639412, 0.0081530995667, 0.00544444750994, 0.00652958313003, 0.00197332003154, 0.00389070576057, 0.00293132290244, 0.00405557081103, 0.00839693285525, 0.00253218924627, 0.000654820352793], "dmean": [6.20400824118e-05, 0.00761532085016, 0.00289263972081, 0.00313453492709, 0.00148392817937, 0.0005691194674, 0.000421962497057, 0.000195671251277, 0.000237804153585, 0.000162236843607, 9.59558601608e-05, 0.000127903418615, 0.000163474818692, 0.000276821549051, 0.000189031939954, 0.000535144296009, 0.0006903767935, 0.000524882401805, 0.000344775209669, 0.000257556530414, 7.98751279945e-05, 5.91208881815e-05, 7.26894286345e-05, 9.10415110411e-05, 8.44982496346e-05, 4.95824860991e-05, 1.67134239746e-05], "dvar2": [2.27321077517e-08, 0.000341743987519, 6.35057440377e-05, 4.47887359769e-05, 1.53443306772e-05, 1.63439801781e-06, 1.50504342855e-06, 3.12343161113e-07, 6.38637914108e-07, 2.92269646707e-07, 9.74759473138e-08, 3.65418742376e-07, 1.3885406247e-07, 2.76907343277e-07, 1.18471739086e-07, 9.89774889604e-07, 1.17917807074e-06, 9.21019307043e-07, 3.60244484909e-07, 2.90929079938e-07, 3.90727734612e-08, 6.28373726386e-08, 4.99318453251e-08, 9.37174604587e-08, 2.24306674568e-07, 3.40376722363e-08, 3.52001827686e-09], "dmean2": [9.7302319773e-05, 0.0119958324358, 0.00507091730833, 0.00530848419294, 0.00258045597002, 0.000970161985606, 0.000729004736058, 0.000323494576151, 0.000396520772483, 0.000271486787824, 0.000162719312357, 0.000213008999708, 0.000274828140391, 0.000471277860925, 0.000318342266837, 0.000905012479052, 0.00117657729425, 0.000895938253962, 0.00058455200633, 0.000430788757512, 0.000135603011586, 9.62515114225e-05, 0.000111144719995, 0.000131635839352, 0.000128225321532, 7.3000563134e-05, 2.42573460127e-05], "var": [2.23588010329e-08, 0.00018096518761, 1.79677190317e-05, 1.86936013051e-05, 4.96957954965e-06, 8.33686613078e-07, 6.54131554256e-07, 3.02840959421e-07, 5.35446133654e-07, 2.45950872113e-07, 7.40291952184e-08, 2.5721971042e-07, 1.00993275964e-07, 1.6053574825e-07, 6.64749464363e-08, 8.92882553671e-07, 8.62781746491e-07, 6.23292635282e-07, 3.7499711425e-07, 4.64002312128e-07, 3.18278772227e-08, 3.0145130836e-08, 4.42651426624e-08, 8.65441407427e-08, 7.80755584628e-08, 1.973516639e-08, 2.53565368702e-09], "median": [2.72644356301e-05, 0.00288255279884, 0.00231390306726, 0.0029695162084, 0.00134656392038, 0.000697100243997, 0.000400943361456, 0.000190619131899, 0.00024011550704, 0.000169688588358, 9.16611679713e-05, 0.000117718933325, 0.00023314927239, 0.000432827830082, 0.000361089827493, 0.000980337616056, 0.0016110627912, 0.00117893062998, 0.000921993458178, 0.000643643783405, 0.000158255454153, 4.93858497066e-05, 6.25482498435e-05, 6.9025074481e-05, 4.17403243773e-05, 1.52098991748e-05, 3.33176126333e-06], "min": [2.32921402435e-13, 1.31415576121e-13, 3.24794762449e-15, 2.03276286049e-14, 1.50011947309e-13, 3.5683729463e-14, 2.44709698875e-14, 6.02225475366e-15, 4.8624849603e-15, 5.72101383872e-15, 7.15372348219e-15, 4.16145491276e-14, 4.00387053156e-14, 1.59172991492e-14, 5.88276172567e-14, 1.01304550957e-13, 1.05044682534e-13, 1.09609458283e-13, 1.53994696227e-13, 1.34045796381e-13, 2.51542357907e-13, 1.56075171775e-13, 8.47167252798e-14, 1.12174761938e-13, 1.51437795138e-13, 2.83315905458e-13, 5.73317109932e-13], "dvar": [9.40157907081e-09, 0.000140152929816, 2.22285289055e-05, 1.60158160725e-05, 5.40373457625e-06, 5.93287779793e-07, 5.66609685393e-07, 1.51329672349e-07, 2.56393974496e-07, 1.20385053037e-07, 3.76571378524e-08, 1.49809054051e-07, 5.29472572453e-08, 9.75893996724e-08, 4.25041513097e-08, 3.73655353769e-07, 4.12778774717e-07, 3.2761747093e-07, 1.28056626636e-07, 1.04992885497e-07, 1.41663916153e-08, 2.31671162254e-08, 2.09039487942e-08, 4.0893979758e-08, 8.33030142644e-08, 1.4638361634e-08, 1.64024271943e-09], "mean": [0.000115847673442, 0.00930436979979, 0.0035347873345, 0.00430722394958, 0.00200551562011, 0.00093080860097, 0.000608399335761, 0.000308996677632, 0.000414566369727, 0.000278255232843, 0.000159060436999, 0.000215859225136, 0.000313279015245, 0.000526487536263, 0.000408222898841, 0.00119914661627, 0.00177951913793, 0.00134368031286, 0.00103997800034, 0.000794940686319, 0.000208366764127, 0.000106225947093, 0.000144034333061, 0.00018330385501, 0.000132262139232, 7.05856291461e-05, 2.35682819039e-05]}, "spectral_kurtosis": {"max": 15.1472835541, "dmean": 1.42687869072, "dvar2": 6.23524856567, "dmean2": 2.40943479538, "var": 3.58216667175, "median": 4.79805421829, "min": 0.440748691559, "dvar": 2.0664100647, "mean": 5.08627557755}, "erbbands_skewness": {"max": 1.27902626991, "dmean": 0.269599020481, "dvar2": 0.132591441274, "dmean2": 0.441200554371, "var": 0.247070342302, "median": -1.24484241009, "min": -2.60789179802, "dvar": 0.0530835837126, "mean": -1.20088613033}, "melbands": {"max": [0.0226688981056, 0.0390605926514, 0.0159642826766, 0.00731790345162, 0.00352759053931, 0.00417036330327, 0.0074693756178, 0.000980087905191, 0.00487288972363, 0.00258915149607, 0.00273115746677, 0.000606281275395, 0.00101132725831, 0.00269450433552, 0.000766889192164, 0.000716780952644, 0.000364594860002, 0.000635952164885, 0.000708686537109, 0.000430271727964, 0.00112686690409, 0.000622274528723, 0.000475847395137, 0.000411603250541, 0.000206112657906, 0.000266665185336, 0.000189989659702, 0.000338387093507, 8.33419981063e-05, 4.77557914564e-05, 6.37607954559e-05, 8.65507900016e-05, 9.06647692318e-05, 6.76469207974e-05, 5.1468534366e-05, 7.4885552749e-05, 5.31182849954e-05, 0.000100940385892, 6.64808831061e-05, 7.84190924605e-05], "dmean": [0.00191850448027, 0.00198758370243, 0.00122010603081, 0.000384931976441, 0.000157515474712, 0.000106948966277, 9.6869560366e-05, 4.09569584008e-05, 3.87860491173e-05, 3.40413789672e-05, 2.72966080956e-05, 1.59640803759e-05, 1.20816102935e-05, 1.28280717036e-05, 1.80923416337e-05, 1.51753947648e-05, 2.12136310438e-05, 2.34478247876e-05, 1.56105543283e-05, 2.76310165646e-05, 4.54931250715e-05, 4.31840780948e-05, 3.87582367694e-05, 2.40413301071e-05, 1.52574366439e-05, 1.51910990098e-05, 1.06705856524e-05, 9.77067611529e-06, 4.43963699581e-06, 2.02778255698e-06, 1.55071757035e-06, 1.22600613395e-06, 1.23705592614e-06, 1.36393873618e-06, 1.26240445297e-06, 1.30620207983e-06, 1.1379282796e-06, 1.1848323993e-06, 1.02442777461e-06, 8.43705265652e-07], "dvar2": [1.97951048904e-05, 2.84405305138e-05, 6.35767491985e-06, 1.03758043224e-06, 1.11567935335e-07, 6.70264554969e-08, 8.58707238649e-08, 7.95404808684e-09, 2.42745308299e-08, 1.36761952874e-08, 8.57169268897e-09, 1.51834556039e-09, 1.75994885332e-09, 6.80911638185e-09, 2.04680894456e-09, 1.10512177187e-09, 1.38985156717e-09, 2.25642482476e-09, 9.07097452707e-10, 2.93323187961e-09, 6.82628398252e-09, 4.8027559707e-09, 3.94296062467e-09, 2.15438911155e-09, 6.06165562189e-10, 8.11356537511e-10, 3.91379706421e-10, 5.98019411768e-10, 9.16700604314e-11, 2.46785838293e-11, 2.84504069609e-11, 2.70004903852e-11, 2.84977718507e-11, 2.37603565295e-11, 1.54291319304e-11, 1.68491106484e-11, 1.43262103569e-11, 1.99796290623e-11, 1.49988927528e-11, 1.8176208802e-11], "dmean2": [0.00297317211516, 0.00337596144527, 0.00206972844899, 0.000662159291096, 0.000268379051704, 0.000183401396498, 0.000167475678609, 6.95542476024e-05, 6.29702262813e-05, 5.69085350435e-05, 4.56428824691e-05, 2.68530293397e-05, 2.05896903935e-05, 2.13914972846e-05, 3.03483720927e-05, 2.55320101132e-05, 3.60783596989e-05, 3.99991804443e-05, 2.63541678578e-05, 4.67598001705e-05, 7.71926570451e-05, 7.40086397855e-05, 6.62514867145e-05, 4.12475601479e-05, 2.58318050328e-05, 2.56848870777e-05, 1.80924944289e-05, 1.64440989465e-05, 7.50356639401e-06, 3.45524381373e-06, 2.6351260658e-06, 2.0050938474e-06, 2.03582180802e-06, 2.19743787966e-06, 1.96313771994e-06, 2.00223053071e-06, 1.7045064169e-06, 1.77474350949e-06, 1.5557760662e-06, 1.307407274e-06], "var": [1.24851148939e-05, 9.87971998256e-06, 2.65977632807e-06, 3.50575447783e-07, 5.88451420924e-08, 3.35567165166e-08, 3.79612679069e-08, 4.026194933e-09, 2.48920972723e-08, 1.00988932772e-08, 8.1169160282e-09, 1.50399448451e-09, 1.36201783185e-09, 4.23838031338e-09, 1.77595016471e-09, 7.8538092696e-10, 8.70012339949e-10, 1.24254528888e-09, 5.1532833556e-10, 2.71608890934e-09, 4.97984897763e-09, 3.12972314731e-09, 2.55556886763e-09, 1.32597610669e-09, 4.71144012693e-10, 7.66801011576e-10, 4.27858998231e-10, 7.13509029637e-10, 9.62788043735e-11, 1.82878365229e-11, 1.38519664489e-11, 1.22105416056e-11, 1.33217117892e-11, 1.50618250511e-11, 1.20874759854e-11, 1.43998623789e-11, 1.24656465705e-11, 1.41080350527e-11, 9.80589741351e-12, 7.20896996612e-12], "median": [0.000707343395334, 0.00129378400743, 0.0013602336403, 0.000350436981535, 0.000187968355021, 0.000125414997456, 9.24524356378e-05, 4.87248180434e-05, 3.66527674487e-05, 3.34638752975e-05, 2.86358008452e-05, 1.83004594874e-05, 1.16841747513e-05, 1.08094518509e-05, 2.18288696487e-05, 2.2339174393e-05, 3.48462708644e-05, 3.60435296898e-05, 2.88236751658e-05, 4.63779979327e-05, 8.59012216097e-05, 9.32486582315e-05, 8.30523567856e-05, 5.01164468005e-05, 3.68611690647e-05, 3.35465338139e-05, 2.59225253103e-05, 1.91048748093e-05, 8.27871735964e-06, 3.73269722331e-06, 1.86134218438e-06, 9.16738770229e-07, 9.28729775751e-07, 9.78698267318e-07, 1.00956060578e-06, 1.02710350802e-06, 8.50367428029e-07, 7.37596280942e-07, 5.94473874571e-07, 4.18877277752e-07], "min": [6.31894303592e-14, 1.03254883281e-14, 1.05294919783e-14, 2.93556242411e-14, 2.28056912547e-14, 4.81572154184e-15, 4.71699349909e-15, 2.91784893231e-15, 8.60731269956e-16, 6.90214908526e-16, 3.79822358452e-16, 1.33803528865e-15, 1.01177164401e-15, 3.3571600293e-15, 6.62786467622e-15, 3.13602513776e-15, 1.77534167041e-15, 2.94753044909e-15, 5.03193432492e-15, 7.43543562902e-15, 4.59131625609e-15, 5.30572459611e-15, 5.8427494139e-15, 6.36895846798e-15, 7.06191400455e-15, 4.55218968667e-15, 3.59679242634e-15, 5.19709389117e-15, 4.29386242545e-15, 6.97727296675e-15, 5.02289733041e-15, 3.54372178879e-15, 2.83822402362e-15, 2.10405631076e-15, 1.00243575275e-15, 1.32224553572e-15, 1.36871768073e-15, 1.54697862322e-15, 9.59962662035e-16, 1.66223577278e-15], "dvar": [8.54146946949e-06, 1.05688350232e-05, 2.28158683058e-06, 3.74759338229e-07, 4.07043181383e-08, 2.47839846423e-08, 3.24475841751e-08, 2.86238499569e-09, 1.13213216579e-08, 5.36060129619e-09, 3.66404506735e-09, 5.7603116721e-10, 6.8398420261e-10, 2.8121383e-09, 7.91087306773e-10, 4.23132168192e-10, 5.02756669629e-10, 8.00419397429e-10, 3.30616062305e-10, 1.0805921713e-09, 2.53012322204e-09, 1.67879110613e-09, 1.39664302345e-09, 7.64237229056e-10, 2.08637301879e-10, 2.90190621532e-10, 1.37866107419e-10, 2.18754958592e-10, 3.33442370937e-11, 8.76790220289e-12, 1.03125823853e-11, 9.91598383265e-12, 1.03241972263e-11, 9.12200870395e-12, 6.17332834157e-12, 7.19517804712e-12, 6.03424038167e-12, 8.49163447891e-12, 6.1240656643e-12, 6.89084509939e-12], "mean": [0.00249997712672, 0.00239746877924, 0.00183053035289, 0.000525001087226, 0.000254048558418, 0.000171861916897, 0.000141364391311, 6.63998653181e-05, 6.69823421049e-05, 5.78970866627e-05, 4.7948462452e-05, 2.92632175842e-05, 2.05505039048e-05, 2.1430063498e-05, 3.33006137225e-05, 2.92480835924e-05, 4.16176881117e-05, 4.43647804786e-05, 3.36428129231e-05, 6.07862821198e-05, 9.93568683043e-05, 0.000104342478153, 9.30481619434e-05, 5.7948363974e-05, 4.07622283092e-05, 4.01136057917e-05, 2.9941822504e-05, 2.55540599028e-05, 1.09214370241e-05, 4.88919567943e-06, 3.06108267978e-06, 2.03509171115e-06, 2.09703489418e-06, 2.36444657276e-06, 2.34283083955e-06, 2.44806119554e-06, 2.19128787649e-06, 2.13475323108e-06, 1.79434437086e-06, 1.32052457502e-06]}, "spectral_centroid": {"max": 3481.33374023, "dmean": 238.45123291, "dvar2": 119573.304688, "dmean2": 392.270233154, "var": 180865.21875, "median": 2320.29711914, "min": 648.766967773, "dvar": 44683.0429688, "mean": 2241.03662109}, "pitch_salience": {"max": 0.822592258453, "dmean": 0.0941813066602, "dvar2": 0.0177627261728, "dmean2": 0.153615251184, "var": 0.0125966304913, "median": 0.618035793304, "min": 0.152976706624, "dvar": 0.00697977701202, "mean": 0.596781253815}, "gfcc": {"icov": [[0.000975708593614, 0.000350828922819, -7.44144781493e-05, 0.00048998859711, 0.000394562783185, -0.000997679075226, 0.000234092760365, 5.26447402081e-05, -3.70916750398e-05, -0.000626510183793, 3.65952218999e-05, 0.000188156947843, -0.000326097157085], [0.000350828922819, 0.00377085898072, 0.00130139337853, -0.00175713759381, -0.00179863383528, 0.00285707670264, -0.00235235108994, -0.00181316561066, -0.000806421216112, 0.00478097563609, -0.00433897227049, 0.000514811486937, -0.000710852851626], [-7.44144781493e-05, 0.00130139337853, 0.00574855459854, 0.000509096193127, -0.0045614070259, -0.00271956901997, 0.00259233266115, -0.000400368444389, -0.00349953747354, 0.00230817846023, 0.00267327739857, -0.00729652680457, 0.00449598534033], [0.00048998859711, -0.00175713759381, 0.000509096193127, 0.0122426915914, -0.00215635192581, -0.00732120452449, 0.0041335192509, 0.00542611349374, -0.00617313245311, -0.00387641415, -0.000188235499081, 0.00809503532946, -0.00808408670127], [0.000394562783185, -0.00179863383528, -0.0045614070259, -0.00215635192581, 0.0130364391953, 0.0035573025234, -0.00728697748855, -0.000950743735302, 0.00478612491861, -0.00703621609136, 0.0010227940511, 0.00104965409264, -0.000776025117375], [-0.000997679075226, 0.00285707670264, -0.00271956901997, -0.00732120452449, 0.0035573025234, 0.0167257077992, -0.00678913015872, -0.00855877716094, 0.0043812119402, 0.00569052435458, -0.00739912455902, 0.000119106392958, 0.00131539371796], [0.000234092760365, -0.00235235108994, 0.00259233266115, 0.0041335192509, -0.00728697748855, -0.00678913015872, 0.0177899599075, -0.000615089898929, -0.00738129904494, 0.000978216645308, 0.00414676871151, 0.000149332758156, -0.00373375159688], [5.26447402081e-05, -0.00181316561066, -0.000400368444389, 0.00542611349374, -0.000950743735302, -0.00855877716094, -0.000615089898929, 0.0215790253133, -0.00704807322472, -0.00882111582905, 0.00630389200523, -0.00134500011336, -0.00311269192025], [-3.70916750398e-05, -0.000806421216112, -0.00349953747354, -0.00617313245311, 0.00478612491861, 0.0043812119402, -0.00738129904494, -0.00704807322472, 0.0320324711502, -0.00596358720213, -0.0109504992142, -5.2511364629e-05, 0.00361061817966], [-0.000626510183793, 0.00478097563609, 0.00230817846023, -0.00387641415, -0.00703621609136, 0.00569052435458, 0.000978216645308, -0.00882111582905, -0.00596358720213, 0.0324356779456, -0.0140519337729, 0.000929827219807, 0.000857686332893], [3.65952218999e-05, -0.00433897227049, 0.00267327739857, -0.000188235499081, 0.0010227940511, -0.00739912455902, 0.00414676871151, 0.00630389200523, -0.0109504992142, -0.0140519337729, 0.0439645648003, -0.017378129065, -0.00691888388246], [0.000188156947843, 0.000514811486937, -0.00729652680457, 0.00809503532946, 0.00104965409264, 0.000119106392958, 0.000149332758156, -0.00134500011336, -5.2511364629e-05, 0.000929827219807, -0.017378129065, 0.0408805757761, -0.0133286910132], [-0.000326097157085, -0.000710852851626, 0.00449598534033, -0.00808408670127, -0.000776025117375, 0.00131539371796, -0.00373375159688, -0.00311269192025, 0.00361061817966, 0.000857686332893, -0.00691888388246, -0.0133286910132, 0.039146758616]], "cov": [[1827.86743164, -942.304260254, 465.247131348, -243.472198486, -208.319168091, 222.055023193, -191.639968872, 51.6835136414, -60.731967926, 5.72118330002, -73.176612854, 73.3783493042, -113.829956055], [-942.304260254, 1362.4498291, -609.162963867, 356.872406006, 240.464477539, -147.155517578, 295.6690979, 4.96083211899, 125.234466553, 24.9459171295, 155.863021851, -71.0387802124, 190.118896484], [465.247131348, -609.162963867, 725.484069824, -206.210510254, 29.8722839355, 136.34475708, -93.1544952393, 69.6387176514, -12.6317567825, -1.75923442841, -59.6433258057, 116.038909912, -110.257331848], [-243.472198486, 356.872406006, -206.210510254, 286.420043945, 69.9326477051, 27.2536582947, 80.6977920532, -0.535592317581, 68.6625289917, 42.5359306335, 73.0601272583, -40.4455604553, 87.2849273682], [-208.319168091, 240.464477539, 29.8722839355, 69.9326477051, 214.682174683, -11.2009162903, 114.054084778, 39.8705329895, 42.4642066956, 43.6904373169, 33.3312072754, 10.0450305939, 36.7599411011], [222.055023193, -147.155517578, 136.34475708, 27.2536582947, -11.2009162903, 168.571136475, 16.7232017517, 58.2613830566, 19.728471756, 12.4624004364, 15.5698537827, 27.6382045746, -0.44271415472], [-191.639968872, 295.6690979, -93.1544952393, 80.6977920532, 114.054084778, 16.7232017517, 170.034683228, 42.8153419495, 54.6993637085, 24.2114601135, 41.9329299927, -2.91388964653, 53.3006820679], [51.6835136414, 4.96083211899, 69.6387176514, -0.535592317581, 39.8705329895, 58.2613830566, 42.8153419495, 96.7066802979, 35.6573944092, 31.8161239624, 17.409236908, 24.1591930389, 10.3346757889], [-60.731967926, 125.234466553, -12.6317567825, 68.6625289917, 42.4642066956, 19.728471756, 54.6993637085, 35.6573944092, 76.1318969727, 35.5111045837, 44.5893516541, 10.4663925171, 29.274017334], [5.72118330002, 24.9459171295, -1.75923442841, 42.5359306335, 43.6904373169, 12.4624004364, 24.2114601135, 31.8161239624, 35.5111045837, 68.5614700317, 35.0197029114, 10.5431909561, 19.7748260498], [-73.176612854, 155.863021851, -59.6433258057, 73.0601272583, 33.3312072754, 15.5698537827, 41.9329299927, 17.409236908, 44.5893516541, 35.0197029114, 73.7032241821, 17.6653938293, 43.8407821655], [73.3783493042, -71.0387802124, 116.038909912, -40.4455604553, 10.0450305939, 27.6382045746, -2.91388964653, 24.1591930389, 10.4663925171, 10.5431909561, 17.6653938293, 62.0081825256, 1.59389865398], [-113.829956055, 190.118896484, -110.257331848, 87.2849273682, 36.7599411011, -0.44271415472, 53.3006820679, 10.3346757889, 29.274017334, 19.7748260498, 43.8407821655, 1.59389865398, 70.5439300537]], "mean": [38.5802078247, 71.7563323975, -121.956771851, 55.1051597595, -28.6172790527, -0.639941990376, -42.7633209229, 15.8826150894, -23.3255462646, -3.90778470039, -14.1760835648, -7.03844165802, -12.6650056839]}, "spectral_flux": {"max": 0.32242462039, "dmean": 0.0268036462367, "dvar2": 0.00212532421574, "dmean2": 0.043098680675, "var": 0.00149749789853, "median": 0.0918751358986, "min": 0.00075772497803, "dvar": 0.00091549300123, "mean": 0.10141915828}, "zerocrossingrate": {"max": 0.46826171875, "dmean": 0.0126757612452, "dvar2": 0.000180153918336, "dmean2": 0.0150683103129, "var": 0.0010395218851, "median": 0.07666015625, "min": 0.00927734375, "dvar": 0.00014280108735, "mean": 0.0816192030907}, "spectral_energyband_middle_low": {"max": 0.066574819386, "dmean": 0.00414682598785, "dvar2": 7.9110111983e-05, "dmean2": 0.00701678125188, "var": 3.72369104298e-05, "median": 0.00700837234035, "min": 2.41847855761e-13, "dvar": 2.93331468129e-05, "mean": 0.00868492387235}, "silence_rate_20dB": {"max": 1, "dmean": 0, "dvar2": 0, "dmean2": 0, "var": 0, "median": 1, "min": 1, "dvar": 0, "mean": 1}, "silence_rate_30dB": {"max": 1, "dmean": 0, "dvar2": 0, "dmean2": 0, "var": 0, "median": 1, "min": 1, "dvar": 0, "mean": 1}, "spectral_entropy": {"max": 8.57367706299, "dmean": 0.0894453302026, "dvar2": 0.0174554977566, "dmean2": 0.134753853083, "var": 0.038086950779, "median": 7.80071973801, "min": 7.20270729065, "dvar": 0.00865217391402, "mean": 7.82293605804}, "spectral_rolloff": {"max": 16602.0996094, "dmean": 662.592041016, "dvar2": 1552848.875, "dmean2": 1097.61328125, "var": 1351259.25, "median": 2648.58398438, "min": 86.1328125, "dvar": 679776.9375, "mean": 2455.1496582}, "spectral_complexity": {"max": 62, "dmean": 3.94891810417, "dvar2": 25.2560119629, "dmean2": 6.50630235672, "var": 63.1881408691, "median": 38, "min": 0, "dvar": 9.8257598877, "mean": 37.160030365}, "spectral_spread": {"max": 9051599, "dmean": 513307.53125, "dvar2": 753225367552, "dmean2": 712620.625, "var": 1782455468030.0, "median": 3479618, "min": 1721518.375, "