{"metadata": {"audio_properties": {"downmix": "mix", "bit_rate": 192020, "lossless": false, "md5_encoded": "a6e5fa43471811b662091712315db2d4", "analysis_sample_rate": 44100, "sample_rate": 48000, "replay_gain": -12.8842945099, "equal_loudness": 0, "codec": "mp3", "length": 228.455993652}, "tags": {"album": ["Yeeeah Baby"], "length": ["228400"], "artist": ["Big Punisher"], "musicbrainz_recordingid": ["85485a7d-91e0-4135-856a-9815e5e66ae6"], "title": ["My Turn"], "file_name": "1499757.mp3", "tracknumber": ["15"], "date": ["2000"], "genre": ["Hip Hop"]}, "version": {"essentia_build_sha": "70f2e5ece6736b2c40cc944ad0e695b16b925413", "essentia_git_sha": "v2.1_beta2", "extractor": "music 1.0", "essentia": "2.1-beta2"}}, "tonal": {"chords_scale": "minor", "hpcp": {"dmean": [0.125228434801, 0.120290391147, 0.132272213697, 0.119897708297, 0.102151460946, 0.100339613855, 0.117749273777, 0.118053518236, 0.0935785621405, 0.0865949615836, 0.0884638279676, 0.0799150764942, 0.0886550992727, 0.0873663574457, 0.0646313652396, 0.0483288504183, 0.0558696575463, 0.0703308731318, 0.0972681492567, 0.115447714925, 0.0757315084338, 0.0535671897233, 0.0481687188148, 0.0770018845797, 0.112498216331, 0.0761581212282, 0.0420330837369, 0.0546664968133, 0.0588641166687, 0.0480131059885, 0.0591932274401, 0.0788258910179, 0.0942519903183, 0.126671493053, 0.129532307386, 0.124308668077], "dvar2": [0.12481598556, 0.115675061941, 0.124114751816, 0.110840141773, 0.114926807582, 0.110022738576, 0.142021566629, 0.140097603202, 0.0985753908753, 0.109736993909, 0.119243487716, 0.0996742770076, 0.0778951197863, 0.0763943120837, 0.0476118139923, 0.0423712916672, 0.064127497375, 0.0658511891961, 0.0745868310332, 0.0874586477876, 0.0460769385099, 0.0434153117239, 0.0333512127399, 0.0589842423797, 0.174948275089, 0.0615569874644, 0.0294977184385, 0.0351854525506, 0.0469999313354, 0.0329291075468, 0.0713186040521, 0.109330639243, 0.135236173868, 0.144294336438, 0.14431758225, 0.118947446346], "mean": [0.138880372047, 0.274624079466, 0.255574256182, 0.123077906668, 0.0866443067789, 0.0811204388738, 0.0917000174522, 0.0952055454254, 0.0713586360216, 0.0612769573927, 0.0613515302539, 0.0586172491312, 0.100357212126, 0.135827168822, 0.0846360251307, 0.0366617962718, 0.0374760515988, 0.0678825378418, 0.170211598277, 0.205551058054, 0.106215432286, 0.0519365444779, 0.0513473898172, 0.0682530105114, 0.0905403494835, 0.0624611154199, 0.0350585393608, 0.0515377894044, 0.0586710907519, 0.0419787503779, 0.0409786812961, 0.0512021519244, 0.0603528060019, 0.137195914984, 0.221679538488, 0.158622801304], "var": [0.0599938817322, 0.153106734157, 0.135916978121, 0.0458722449839, 0.0407298989594, 0.0372946970165, 0.0436939783394, 0.047973189503, 0.0315184481442, 0.0308326985687, 0.0324377007782, 0.0266830604523, 0.0424955300987, 0.0734790787101, 0.03843652457, 0.0106860557571, 0.0144451353699, 0.0232672076672, 0.0872084200382, 0.109405435622, 0.0412652492523, 0.0144831640646, 0.0159263946116, 0.0208306629211, 0.0560525432229, 0.0210339054465, 0.00993438623846, 0.0148351471871, 0.0231211166829, 0.0103682847694, 0.0153471389785, 0.0237098690122, 0.03050577268, 0.0519259311259, 0.12789285183, 0.0653009191155], "dmean2": [0.220305874944, 0.210865408182, 0.231726154685, 0.21073949337, 0.181399270892, 0.177250802517, 0.21220895648, 0.210976988077, 0.166858553886, 0.157367363572, 0.162623599172, 0.143339797854, 0.147516608238, 0.145589992404, 0.106867261231, 0.0872457921505, 0.103412814438, 0.122489221394, 0.160803586245, 0.185622274876, 0.125809535384, 0.0930006206036, 0.0813501253724, 0.14043867588, 0.21045525372, 0.138619199395, 0.0723757371306, 0.0927811339498, 0.0984614267945, 0.0836883336306, 0.10982439667, 0.14816981554, 0.177374973893, 0.227565348148, 0.225274592638, 0.216029539704], "dvar": [0.0489352308214, 0.0477347895503, 0.0486493036151, 0.042333278805, 0.0435408726335, 0.0419657081366, 0.0536111854017, 0.0548854805529, 0.0382850505412, 0.0412498265505, 0.0448328703642, 0.0366961397231, 0.0315783247352, 0.0328723117709, 0.0198596101254, 0.0150826927274, 0.0226820297539, 0.0239262375981, 0.0344628356397, 0.044421903789, 0.0195686835796, 0.0157944578677, 0.0131548149511, 0.0228109750897, 0.0660167783499, 0.0237169675529, 0.011281224899, 0.013355945237, 0.0181894861162, 0.0119705451652, 0.0246372688562, 0.0385283790529, 0.047989744693, 0.0517612583935, 0.0610203556716, 0.0449352152646], "min": [0, 0, 0, 0, 0, 0, 0, 0, 0, 0, 0, 0, 0, 0, 0, 0, 0, 0, 0, 0, 0, 0, 0, 0, 0, 0, 0, 0, 0, 0, 0, 0, 0, 0, 0, 0], "median": [0.0196906421334, 0.0177945643663, 0.0198057610542, 0.0217945203185, 0.00884941872209, 0.00786485150456, 0.00727967685089, 0.00785366632044, 0.0057580769062, 0.00358714163303, 0.00338956946507, 0.00423061195761, 0.0129321618006, 0.0137389283627, 0.00956109818071, 0.00379493762739, 0.00329166441225, 0.00625309534371, 0.0276735648513, 0.0331965722144, 0.0184614621103, 0.00861655734479, 0.00915609393269, 0.0102806920186, 0.00614646961913, 0.00544292246923, 0.00397381652147, 0.00482782209292, 0.00531972572207, 0.00545423477888, 0.00413845013827, 0.0043627936393, 0.00504703866318, 0.0184009876102, 0.0242332406342, 0.0243566296995], "max": [1, 1, 1, 1, 1, 1, 1, 1, 1, 1, 1, 1, 1, 1, 1, 1, 1, 1, 1, 1, 1, 1, 1, 1, 1, 1, 1, 1, 1, 1, 1, 1, 1, 1, 1, 1]}, "tuning_equal_tempered_deviation": 0.30516821146, "chords_key": "G#", "chords_strength": {"dmean": 0.0141155365855, "dvar2": 0.000125270700664, "mean": 0.498579800129, "var": 0.0123308990151, "dmean2": 0.0123205548152, "dvar": 0.000125307313283, "min": 0.207114875317, "median": 0.50579559803, "max": 0.755076229572}, "tuning_diatonic_strength": 0.433275073767, "thpcp": [1, 0.930633068085, 0.448168665171, 0.315501481295, 0.295387208462, 0.333911061287, 0.346675872803, 0.259841144085, 0.223130315542, 0.223401859403, 0.213445410132, 0.365434855223, 0.494593083858, 0.308188647032, 0.133498117328, 0.136463090777, 0.247183486819, 0.619798541069, 0.748481571674, 0.386766642332, 0.189118683338, 0.186973378062, 0.248532503843, 0.329688310623, 0.227442234755, 0.127660110593, 0.187666684389, 0.21364146471, 0.152858957648, 0.149217367172, 0.186444506049, 0.219765171409, 0.49957716465, 0.807210862637, 0.57759976387, 0.505710840225], "chords_histogram": [2.41820764542, 1.32086968422, 39.9512290955, 0.487705737352, 3.6781141758, 0.894127190113, 0.284495025873, 0.325137168169, 0.0812842920423, 8.57549285889, 0, 0.162568584085, 0, 0, 1.54440152645, 0.934769332409, 1.32086968422, 0, 0, 0, 0, 0, 7.55943918228, 30.4612884521], "tuning_nontempered_energy_ratio": 0.971931040287, "tuning_frequency": 434.193115234, "key_strength": 0.427675276995, "chords_changes_rate": 0.0692948624492, "key_scale": "minor", "hpcp_entropy": {"dmean": 0.62733232975, "dvar2": 0.764129042625, "mean": 1.86721324921, "var": 0.465437173843, "dmean2": 1.05755674839, "dvar": 0.284733593464, "min": 0, "median": 1.80518352985, "max": 4.1858086586}, "key_key": "C#", "chords_number_rate": 0.00182889658026}, "lowlevel": {"melbands_skewness": {"dmean": 1.6002177, "dvar2": 6.9707942009, "mean": 4.5988612175, "var": 15.3375253677, "dmean2": 2.1960041523, "dvar": 3.65542650223, "min": -2.37402200699, "median": 3.32269287109, "max": 27.800069809}, "melbands_kurtosis": {"dmean": 31.0204162598, "dvar2": 6991.34375, "mean": 51.1836128235, "var": 8309.06152344, "dmean2": 44.2840080261, "dvar": 3467.13720703, "min": -1.77941989899, "median": 14.0311260223, "max": 1002.69378662}, "barkbands_kurtosis": {"dmean": 13.2562875748, "dvar2": 1546.97167969, "mean": 19.1732559204, "var": 1313.33764648, "dmean2": 19.3350524902, "dvar": 693.744934082, "min": -1.90192449093, "median": 4.7978887558, "max": 481.756378174}, "hfc": {"dmean": 7.22370481491, "dvar2": 241.794952393, "mean": 15.9614744186, "var": 268.872253418, "dmean2": 10.0371522903, "dvar": 114.295188904, "min": 1.17679359388e-16, "median": 10.3406553268, "max": 122.298118591}, "silence_rate_20dB": {"dmean": 0, "dvar2": 0, "mean": 1, "var": 0, "dmean2": 0, "dvar": 0, "min": 1, "median": 1, "max": 1}, "erbbands_flatness_db": {"dmean": 0.0285124406219, "dvar2": 0.00111429544631, "mean": 0.18319684267, "var": 0.00370133086108, "dmean2": 0.0366184003651, "dvar": 0.000688331492711, "min": 0.039935529232, "median": 0.179309487343, "max": 0.397065103054}, "spectral_flux": {"dmean": 0.0369098186493, "dvar2": 0.00557530857623, "mean": 0.0894363895059, "var": 0.00685822265223, "dmean2": 0.0554968006909, "dvar": 0.00276351766661, "min": 3.94192238673e-06, "median": 0.0676583349705, "max": 0.469862997532}, "spectral_energyband_low": {"dmean": 0.0113634262234, "dvar2": 0.00184410449583, "mean": 0.0257148183882, "var": 0.00186539196875, "dmean2": 0.016754264012, "dvar": 0.000809248245787, "min": 3.21861623326e-23, "median": 0.00340397981927, "max": 0.349062412977}, "spectral_rolloff": {"dmean": 577.545043945, "dvar2": 3045125.25, "mean": 1191.76330566, "var": 2782683.25, "dmean2": 937.854125977, "dvar": 1463316.875, "min": 43.06640625, "median": 645.99609375, "max": 19035.3515625}, "spectral_entropy": {"dmean": 0.321319371462, "dvar2": 0.197273671627, "mean": 7.16505002975, "var": 0.525907695293, "dmean2": 0.4276894629, "dvar": 0.118630595505, "min": 4.24680280685, "median": 7.23979949951, "max": 9.7902173996}, "spectral_energy": {"dmean": 0.0160676073283, "dvar2": 0.00212367461063, "mean": 0.0391070991755, "var": 0.0020988418255, "dmean2": 0.0242676790804, "dvar": 0.000897797057405, "min": 1.05042074635e-20, "median": 0.021101327613, "max": 0.353723436594}, "spectral_centroid": {"dmean": 358.672241211, "dvar2": 310492.53125, "mean": 1215.2244873, "var": 627621.125, "dmean2": 499.31628418, "dvar": 174121.3125, "min": 97.3561401367, "median": 1043.0637207, "max": 10897.4267578}, "barkbands_flatness_db": {"dmean": 0.0363501049578, "dvar2": 0.00213653570972, "mean": 0.212409615517, "var": 0.00587059231475, "dmean2": 0.0476691275835, "dvar": 0.0011982297292, "min": 0.0137912863865, "median": 0.205948174, "max": 0.545009970665}, "spectral_rms": {"dmean": 0.00110671296716, "dvar2": 5.41924555364e-06, "mean": 0.00529118115082, "var": 1.01566320154e-05, "dmean2": 0.0015782751143, "dvar": 2.48994433605e-06, "min": 3.20125089631e-12, "median": 0.00453725270927, "max": 0.018576759845}, "melbands": {"dmean": [0.00262426002882, 0.00199075159617, 0.00131342106033, 0.000563056266401, 0.000247626274358, 8.79299113876e-05, 0.000204281008337, 0.000237187865423, 9.02033862076e-05, 9.78202660917e-05, 8.54540921864e-05, 6.19329148321e-05, 7.3730458098e-05, 5.83133223699e-05, 7.24109413568e-05, 3.27821617248e-05, 2.28967091971e-05, 1.16349820019e-05, 8.63292279973e-06, 7.96901986178e-06, 8.19727938506e-06, 1.2871760191e-05, 1.81715549843e-05, 1.41200280268e-05, 9.47641638049e-06, 5.3473013395e-06, 5.07593267685e-06, 4.17673163611e-06, 4.66527126264e-06, 2.9412301501e-06, 1.3971291537e-06, 2.24257837544e-06, 2.17466413233e-06, 2.30186810768e-06, 1.05917786186e-06, 6.80884625126e-07, 5.7059133951e-07, 4.44105040742e-07, 6.08710706729e-07, 4.47392437763e-07], "dvar2": [0.000126145212562, 6.40997823211e-05, 6.52594244457e-05, 3.73357852368e-06, 1.05462800093e-06, 1.51679600435e-07, 5.1737282547e-07, 1.01015029941e-06, 1.51025673745e-07, 1.41364722595e-07, 1.00500891165e-07, 5.45511582573e-08, 1.4673415194e-07, 5.78047441024e-08, 5.92467479521e-08, 1.48419001533e-08, 8.52239878668e-09, 1.96796956509e-09, 8.09757316755e-10, 7.843138361e-10, 8.49242176582e-10, 2.39173392202e-09, 3.97817290221e-09, 1.57161605951e-09, 1.11068410025e-09, 4.10959460906e-10, 2.09718867272e-10, 1.57901108855e-10, 3.11673770126e-10, 1.00799146807e-10, 3.45093467691e-11, 5.38553264484e-11, 3.97412346087e-11, 6.21640863785e-11, 1.18192114082e-11, 5.61787075193e-12, 3.60570492734e-12, 1.94110092583e-12, 3.71168373814e-12, 2.19903305634e-12], "mean": [0.00571981677786, 0.00337029318325, 0.0012558727758, 0.00103006372228, 0.000326176785165, 9.57793890848e-05, 0.000213835344766, 0.000261732086074, 0.000124911341118, 0.000136926144478, 0.000125031525386, 9.62074263953e-05, 0.000101939338492, 7.67272504163e-05, 9.98933464871e-05, 4.07168008678e-05, 2.67914128926e-05, 1.44371024362e-05, 1.1534699297e-05, 1.0256353562e-05, 1.10834753286e-05, 1.8840055418e-05, 2.80249587377e-05, 2.13704406633e-05, 1.24428461277e-05, 7.01096223565e-06, 7.53430367695e-06, 6.10874712947e-06, 5.4064971664e-06, 3.3563865145e-06, 1.75096897692e-06, 2.29605552704e-06, 2.31303033615e-06, 2.0792383566e-06, 1.05864148736e-06, 7.57729651468e-07, 6.24418078132e-07, 5.37290702596e-07, 6.72081796438e-07, 4.8917922868e-07], "var": [0.000117074268928, 5.1092945796e-05, 1.52196917043e-05, 2.1623345674e-06, 3.6186307284e-07, 4.5172480867e-08, 2.2214611306e-07, 5.20692481132e-07, 9.2430248344e-08, 1.03709538735e-07, 9.23405067965e-08, 5.46845306815e-08, 8.94240841376e-08, 3.1314176141e-08, 4.90831340016e-08, 1.01096810923e-08, 5.56316237521e-09, 1.07948361361e-09, 5.15766762632e-10, 4.79211115234e-10, 7.6121214887e-10, 2.32637420439e-09, 4.28460777968e-09, 1.99955407787e-09, 6.57619181332e-10, 2.34696484469e-10, 2.05755343319e-10, 1.39697392543e-10, 1.72304101542e-10, 6.67983099389e-11, 2.22317581011e-11, 3.15226768299e-11, 2.74457210431e-11, 2.53517484783e-11, 6.23591889931e-12, 4.62426928347e-12, 2.61620304413e-12, 1.67042985347e-12, 2.34001511744e-12, 1.18470543705e-12], "dmean2": [0.0037644430995, 0.00289760041051, 0.00230863085017, 0.00092615687754, 0.000402348930947, 0.000151554457261, 0.000335964316037, 0.000378313387046, 0.00013833376579, 0.000147994636791, 0.000126285696751, 8.95649791346e-05, 0.000111280562123, 9.01418097783e-05, 0.000104223552626, 5.00839014421e-05, 3.51975104422e-05, 1.85527132999e-05, 1.34230440381e-05, 1.25277965708e-05, 1.24308799059e-05, 1.908946615e-05, 2.5821813324e-05, 1.99037131097e-05, 1.44066134453e-05, 8.28063275549e-06, 7.53683025323e-06, 6.05105606155e-06, 7.09696814738e-06, 4.408447694e-06, 2.06375602829e-06, 3.33975685862e-06, 3.13446253131e-06, 3.66705421584e-06, 1.64875393693e-06, 1.0056011206e-06, 8.65749143486e-07, 6.39898246391e-07, 9.16572957976e-07, 6.79665504322e-07], "dvar": [5.41279296158e-05, 3.32867894031e-05, 2.31863832596e-05, 1.3433791537e-06, 3.94517229552e-07, 5.58274351192e-08, 2.05524614216e-07, 4.18515639922e-07, 6.50201528174e-08, 6.5244186942e-08, 4.45126424609e-08, 2.50438851879e-08, 6.09618311387e-08, 2.41959305924e-08, 2.73023808006e-08, 6.48845022155e-09, 3.79850728649e-09, 7.93916099529e-10, 3.30325100606e-10, 3.18245596542e-10, 3.94229954237e-10, 1.1086747076e-09, 1.90517601695e-09, 7.96814336734e-10, 4.60117888235e-10, 1.72747163796e-10, 1.00075524256e-10, 7.4511945225e-11, 1.47200626688e-10, 4.98497250423e-11, 1.56006475099e-11, 2.51729019574e-11, 2.01615668605e-11, 2.54702162139e-11, 5.03931445184e-12, 2.83050774659e-12, 1.7275997256e-12, 9.64696204864e-13, 1.66429999122e-12, 9.31838807505e-13], "min": [1.66926300482e-24, 2.57330766018e-24, 9.5437615048e-24, 3.71362739792e-24, 4.44807543891e-24, 5.74512842789e-24, 8.83064465712e-24, 1.75165822475e-23, 4.60659624896e-24, 4.50015919132e-24, 1.14782062166e-23, 1.26893388423e-23, 4.1922861071e-24, 1.02251251233e-23, 1.14533870748e-23, 1.5130539911e-23, 1.30908619434e-23, 7.26515255729e-24, 1.46304020971e-23, 1.38630755169e-23, 6.60691755164e-24, 9.34654154533e-24, 7.95590677603e-24, 1.27992413659e-23, 9.02003596097e-24, 6.63780697811e-24, 1.19694149139e-23, 1.0055875805e-23, 1.62354595157e-23, 6.91696118664e-24, 7.70330956988e-24, 1.01106661391e-23, 8.38978421821e-24, 8.77714884369e-24, 1.13550208531e-23, 1.66984514473e-23, 1.22920669128e-23, 1.08943710495e-23, 7.89165563303e-24, 1.03517893634e-23], "median": [3.67880602425e-05, 0.000477469526231, 0.000182449293789, 0.000403451820603, 0.000133646346512, 2.68349849648e-05, 4.00083627028e-05, 3.40806363965e-05, 2.17140150198e-05, 2.38382126554e-05, 1.41726850416e-05, 1.42671742651e-05, 1.28741976368e-05, 1.37842780532e-05, 1.48243843796e-05, 5.58408100915e-06, 3.18588990922e-06, 2.15113482227e-06, 2.52347354035e-06, 2.09307745536e-06, 1.62026674388e-06, 2.81904567601e-06, 2.45320370595e-06, 2.53265079664e-06, 2.68281064564e-06, 1.68157157532e-06, 1.97366216526e-06, 1.70407145106e-06, 1.3427597878e-06, 5.0697349252e-07, 3.02308365008e-07, 2.40483757352e-07, 1.73197065578e-07, 1.83807117082e-07, 1.25542015894e-07, 8.01829358466e-08, 4.60979272532e-08, 5.11561921712e-08, 7.35863352475e-08, 5.29218127099e-08], "max": [0.100723639131, 0.0483299158514, 0.0393935106695, 0.0153797352687, 0.00790549162775, 0.0030318275094, 0.0078240884468, 0.0115969656035, 0.00656856177375, 0.0137457652017, 0.00416539562866, 0.00313382362947, 0.00741847231984, 0.00511796399951, 0.00515101058409, 0.00161932758056, 0.00138534058351, 0.00075701228343, 0.000361675280146, 0.000317527941661, 0.00054534181254, 0.000719618517905, 0.000859978201333, 0.000545441405848, 0.000441431009676, 0.000434650748502, 0.00026942853583, 0.000180080809514, 0.000139122115797, 9.71155677689e-05, 4.29695501225e-05, 6.25471730018e-05, 4.88128862344e-05, 5.89673873037e-05, 6.49728899589e-05, 4.91588980367e-05, 3.70859561372e-05, 3.34249780281e-05, 4.65237644676e-05, 4.53319880762e-05]}, "barkbands_crest": {"dmean": 3.01117229462, "dvar2": 19.9023952484, "mean": 15.3048639297, "var": 40.8523826599, "dmean2": 4.43171787262, "dvar": 9.15115356445, "min": 2.05094051361, "median": 14.6960067749, "max": 26.6252269745}, "mfcc": {"icov": [[0.000129349195049, 4.61132694909e-05, 8.12965954538e-05, -4.94080159115e-05, 0.00011184898176, -3.51914386556e-05, 1.40815554914e-05, -8.06774114608e-05, -2.43834915636e-06, 2.49284184974e-05, -0.000180041548447, 1.42861899803e-05, -6.61204539938e-05], [4.61132694909e-05, 0.000503837538417, 0.000221885464271, 2.54826645687e-05, -0.000265061942628, 0.000155161236762, -0.000420132244471, 1.10638018214e-06, -7.39090173738e-05, 0.000165903678862, -0.000132765315357, 5.54329308216e-05, 0.000226883028517], [8.12965954538e-05, 0.000221885464271, 0.000954489631113, -0.000143036653753, -8.06837779237e-05, -0.000744187331293, -0.000290118274279, 0.000384342594771, -0.000460257841041, 0.00062161218375, -0.000227263357374, 7.32622793294e-05, 0.000222976130317], [-4.94080159115e-05, 2.54826645687e-05, -0.000143036653753, 0.00245461054146, -0.00125430116896, 0.000149035127833, 0.00013653950009, -0.000110685257823, 0.000127283157781, -0.000528170960024, 3.06533074763e-05, 0.000258224754361, -0.000124058205984], [0.00011184898176, -0.000265061942628, -8.06837779237e-05, -0.00125430116896, 0.00432058703154, -0.00147708156146, -0.00061974232085, 0.000544192851521, 0.000396705931053, -0.000954274379183, -0.000403429352446, 0.000351929513272, -0.000291666859994], [-3.51914386556e-05, 0.000155161236762, -0.000744187331293, 0.000149035127833, -0.00147708156146, 0.00398096861318, -0.00136576674413, 0.000316857476719, -0.000457503687358, -0.000703180325218, 0.000302111846395, -2.53141533904e-05, -0.00053497729823], [1.40815554914e-05, -0.000420132244471, -0.000290118274279, 0.00013653950009, -0.00061974232085, -0.00136576674413, 0.00724574737251, -0.00369082624093, 0.000666718464345, -0.000161439354997, 0.000667362706736, -0.00147819425911, -0.000183414027561], [-8.06774114608e-05, 1.10638018214e-06, 0.000384342594771, -0.000110685257823, 0.000544192851521, 0.000316857476719, -0.00369082624093, 0.00689295819029, -0.00351807451807, 0.000523684953805, -1.35517029776e-05, -0.000303591572447, -0.000655294919852], [-2.43834915636e-06, -7.39090173738e-05, -0.000460257841041, 0.000127283157781, 0.000396705931053, -0.000457503687358, 0.000666718464345, -0.00351807451807, 0.00717957457528, -0.00303203403018, 8.64630274009e-05, 0.000390407978557, -0.000887927715667], [2.49284184974e-05, 0.000165903678862, 0.00062161218375, -0.000528170960024, -0.000954274379183, -0.000703180325218, -0.000161439354997, 0.000523684953805, -0.00303203403018, 0.00813222583383, -0.0042437883094, 0.000613480457105, 0.000629791582469], [-0.000180041548447, -0.000132765315357, -0.000227263357374, 3.06533074763e-05, -0.000403429352446, 0.000302111846395, 0.000667362706736, -1.35517029776e-05, 8.64630274009e-05, -0.0042437883094, 0.00990346074104, -0.00482400460169, 0.000386131636333], [1.42861899803e-05, 5.54329308216e-05, 7.32622793294e-05, 0.000258224754361, 0.000351929513272, -2.53141533904e-05, -0.00147819425911, -0.000303591572447, 0.000390407978557, 0.000613480457105, -0.00482400460169, 0.0107310842723, -0.00526230409741], [-6.61204539938e-05, 0.000226883028517, 0.000222976130317, -0.000124058205984, -0.000291666859994, -0.00053497729823, -0.000183414027561, -0.000655294919852, -0.000887927715667, 0.000629791582469, 0.000386131636333, -0.00526230409741, 0.00944248773158]], "mean": [-706.255310059, 125.000038147, 0.590602993965, 28.2314624786, -0.303183913231, 1.3558678627, 11.2862758636, 4.37999582291, -5.06493282318, -4.55604839325, -0.810208261013, -1.33482372761, -1.58856225014], "cov": [[9600.05566406, -644.243164062, -955.055175781, 6.39134597778, -332.527526855, -127.074165344, 59.6476211548, 366.450256348, 220.378692627, 207.091369629, 352.467498779, 298.801544189, 273.478881836], [-644.243164062, 2584.24487305, -624.561035156, -10.5584592819, 121.954772949, -136.968933105, 160.637939453, 105.821098328, 4.08822250366, 4.63413238525, 6.21612071991, -9.9159822464, -51.2295150757], [-955.055175781, -624.561035156, 1811.62194824, 184.479141235, 262.57019043, 505.738952637, 127.128089905, -32.7105255127, 100.559127808, 6.82950115204, 4.42054319382, 2.11603879929, 14.9252653122], [6.39134597778, -10.5584592819, 184.479141235, 550.350280762, 240.966125488, 143.512023926, 51.0761451721, 21.0189399719, 50.2697982788, 107.370605469, 56.6017189026, 15.3475046158, 25.0019607544], [-332.527526855, 121.954772949, 262.57019043, 240.966125488, 457.608337402, 271.155212402, 118.357086182, 30.1625537872, 66.547958374, 130.033859253, 76.4679336548, 40.4083938599, 42.5741081238], [-127.074165344, -136.968933105, 505.738952637, 143.512023926, 271.155212402, 549.069946289, 191.259597778, 104.075187683, 143.539886475, 133.04347229, 81.8018264771, 84.2245178223, 90.9832839966], [59.6476211548, 160.637939453, 127.128089905, 51.0761451721, 118.357086182, 191.259597778, 321.273986816, 225.769256592, 135.659805298, 83.2390518188, 69.9977035522, 114.387550354, 98.7182998657], [366.450256348, 105.821098328, -32.7105255127, 21.0189399719, 30.1625537872, 104.075187683, 225.769256592, 388.638458252, 224.01524353, 104.064926147, 89.2547531128, 124.457832336, 119.091537476], [220.378692627, 4.08822250366, 100.559127808, 50.2697982788, 66.547958374, 143.539886475, 135.659805298, 224.01524353, 322.231903076, 163.843399048, 105.183616638, 94.0328903198, 95.5768051147], [207.091369629, 4.63413238525, 6.82950115204, 107.370605469, 130.033859253, 133.04347229, 83.2390518188, 104.064926147, 163.843399048, 283.399383545, 159.561981201, 87.3139648438, 61.6215171814], [352.467498779, 6.21612071991, 4.42054319382, 56.6017189026, 76.4679336548, 81.8018264771, 69.9977035522, 89.2547531128, 105.183616638, 159.561981201, 238.171966553, 145.199645996, 87.9372940063], [298.801544189, -9.9159822464, 2.11603879929, 15.3475046158, 40.4083938599, 84.2245178223, 114.387550354, 124.457832336, 94.0328903198, 87.3139648438, 145.199645996, 241.541641235, 151.053817749], [273.478881836, -51.2295150757, 14.9252653122, 25.0019607544, 42.5741081238, 90.9832839966, 98.7182998657, 119.091537476, 95.5768051147, 61.6215171814, 87.9372940063, 151.053817749, 211.14239502]]}, "spectral_decrease": {"dmean": 4.1224366143e-09, "dvar2": 1.45017810982e-16, "mean": -9.97800775338e-09, "var": 1.4262500908e-16, "dmean2": 6.24368290403e-09, "dvar": 6.12768317113e-17, "min": -9.30222370243e-08, "median": -5.18869036625e-09, "max": 4.4947341005e-29}, "zerocrossingrate": {"dmean": 0.0138667114079, "dvar2": 0.000374052469851, "mean": 0.0461532957852, "var": 0.00177560513839, "dmean2": 0.0150480261073, "dvar": 0.00034100600169, "min": 0.001953125, "median": 0.03466796875, "max": 0.48876953125}, "spectral_contrast_coeffs": {"dmean": [0.0556808672845, 0.0637598335743, 0.0538900159299, 0.0439954251051, 0.033163048327, 0.0257375799119], "dvar2": [0.00659646838903, 0.00689832028002, 0.00460887374356, 0.00298292515799, 0.00162197288591, 0.00113313808106], "mean": [-0.525017619133, -0.684545576572, -0.71994048357, -0.746124625206, -0.770219385624, -0.776707172394], "var": [0.0115736499429, 0.0104033146054, 0.0102026164532, 0.00579834775999, 0.00331841711886, 0.00247212918475], "dmean2": [0.0880634784698, 0.0972761362791, 0.0803792476654, 0.0654469132423, 0.0489993914962, 0.0375403240323], "dvar": [0.00262655015104, 0.00318803358823, 0.00217264099047, 0.00145237380639, 0.000790391000919, 0.000581722939387], "min": [-0.997347891331, -0.991355001926, -0.989311158657, -0.989605784416, -0.977683544159, -0.959122240543], "median": [-0.518209815025, -0.692755877972, -0.729733228683, -0.752935290337, -0.775590181351, -0.778362214565], "max": [-0.252282887697, -0.284654378891, -0.360525608063, -0.474082916975, -0.547265350819, -0.551761627197]}, "spectral_skewness": {"dmean": 0.448964059353, "dvar2": 0.455417573452, "mean": 1.72444820404, "var": 0.845656991005, "dmean2": 0.639031767845, "dvar": 0.231527626514, "min": -0.0661971643567, "median": 1.5427390337, "max": 8.18065166473}, "spectral_energyband_middle_high": {"dmean": 0.00222378666513, "dvar2": 2.60966135102e-05, "mean": 0.00444628531113, "var": 4.12617991969e-05, "dmean2": 0.00305445375852, "dvar": 1.2959916603e-05, "min": 1.55846320401e-21, "median": 0.00176078686491, "max": 0.0792349427938}, "gfcc": {"icov": [[0.000148729290231, -0.000108980464574, 0.000131520297145, -0.000172186177224, 0.000126158178318, -0.000181233423064, 0.000163766701007, -0.000369781511836, 0.00028591856244, -0.00038623448927, 0.00032352359267, -0.000327504298184, 0.000211545164348], [-0.000108980464574, 0.00120875344146, -0.000193077270524, 0.00065074430313, -0.000724880257621, 0.000676564523019, -0.000927330751438, 0.00110873545054, -0.00126795598771, 0.00192267063539, -0.00188812369015, 0.00190163555089, -0.000855829857755], [0.000131520297145, -0.000193077270524, 0.000907674373593, -0.000463968346594, -3.76138705178e-05, -0.000719584175386, 0.000272318749921, -0.000121937555377, 0.000781793380156, -0.00113697035704, 0.00106739683542, -0.00075287243817, 0.00027692707954], [-0.000172186177224, 0.00065074430313, -0.000463968346594, 0.00203378754668, -0.000462073570816, -5.05955140397e-05, -0.000201928793103, 0.000921620696317, -0.00156181922648, 0.00129071669653, -0.00159934675321, 0.00172018865123, -0.000997520051897], [0.000126158178318, -0.000724880257621, -3.76138705178e-05, -0.000462073570816, 0.00255880062468, -0.000462213472929, -0.000328426307533, -0.000666749954689, 0.000385184888728, -0.000994905713014, 0.000134527988848, -0.000202462702873, 0.000144111181726], [-0.000181233423064, 0.000676564523019, -0.000719584175386, -5.05955140397e-05, -0.000462213472929, 0.00380086060613, -0.00261143967509, 0.00144457037095, -0.00111834576819, 0.000567425915506, -0.00081550818868, 0.000276006991044, -0.000258267769823], [0.000163766701007, -0.000927330751438, 0.000272318749921, -0.000201928793103, -0.000328426307533, -0.00261143967509, 0.00663957884535, -0.00345059647225, -0.000271702214377, 0.000446564925369, 0.000605448090937, -0.00214617699385, -0.000264562491793], [-0.000369781511836, 0.00110873545054, -0.000121937555377, 0.000921620696317, -0.000666749954689, 0.00144457037095, -0.00345059647225, 0.00694564171135, -0.00374542782083, 0.00161239423323, -0.00127553706989, -1.35915352075e-05, 1.88091653399e-05], [0.00028591856244, -0.00126795598771, 0.000781793380156, -0.00156181922648, 0.000385184888728, -0.00111834576819, -0.000271702214377, -0.00374542782083, 0.00976048409939, -0.00647494895384, 0.00206964439712, 0.000182247356861, -0.00071005692007], [-0.00038623448927, 0.00192267063539, -0.00113697035704, 0.00129071669653, -0.000994905713014, 0.000567425915506, 0.000446564925369, 0.00161239423323, -0.00647494895384, 0.0119442110881, -0.00653794407845, 0.00206795637496, -0.000591295189224], [0.00032352359267, -0.00188812369015, 0.00106739683542, -0.00159934675321, 0.000134527988848, -0.00081550818868, 0.000605448090937, -0.00127553706989, 0.00206964439712, -0.00653794407845, 0.0115808518603, -0.00646919431165, 0.00209892098792], [-0.000327504298184, 0.00190163555089, -0.00075287243817, 0.00172018865123, -0.000202462702873, 0.000276006991044, -0.00214617699385, -1.35915352075e-05, 0.000182247356861, 0.00206795637496, -0.00646919431165, 0.0131800929084, -0.00478499243036], [0.000211545164348, -0.000855829857755, 0.00027692707954, -0.000997520051897, 0.000144111181726, -0.000258267769823, -0.000264562491793, 1.88091653399e-05, -0.00071005692007, -0.000591295189224, 0.00209892098792, -0.00478499243036, 0.0100967912003]], "mean": [-55.2665138245, 89.1995620728, -106.252761841, 26.4045886993, -48.5074424744, 4.11631011963, -27.553068161, 5.0120177269, -32.6265830994, -3.75214099884, -14.0342388153, -2.81425309181, -14.2332649231], "cov": [[10415.6171875, -901.62902832, -825.987304688, 403.036651611, -300.81854248, 380.686126709, 235.770248413, 712.286376953, 245.521011353, 359.042877197, 124.973724365, 295.060974121, -61.1482887268], [-901.62902832, 2622.00439453, -404.173156738, -262.544067383, 580.711425781, -193.54536438, 260.182067871, -68.9729156494, 128.041427612, -221.488739014, 134.837905884, -201.518280029, 92.4937896729], [-825.987304688, -404.173156738, 2011.94104004, 472.218048096, 186.60345459, 500.533599854, 72.7311325073, -86.6737365723, 24.5703544617, 173.625717163, -15.3086633682, 73.4134597778, 36.595123291], [403.036651611, -262.544067383, 472.218048096, 899.961914062, 177.699813843, 304.468902588, 110.795936584, 46.8249168396, 192.027435303, 147.151733398, 90.1767425537, 13.2373046875, 62.9795455933], [-300.81854248, 580.711425781, 186.60345459, 177.699813843, 719.845947266, 227.006454468, 287.881530762, 146.541488647, 199.84866333, 98.3101501465, 140.774017334, 27.4246044159, 74.3102035522], [380.686126709, -193.54536438, 500.533599854, 304.468902588, 227.006454468, 668.066955566, 339.825317383, 160.177764893, 196.497802734, 159.162322998, 108.369789124, 123.433494568, 73.5334396362], [235.770248413, 260.182067871, 72.7311325073, 110.795936584, 287.881530762, 339.825317383, 522.053894043, 303.290771484, 234.155166626, 90.475479126, 131.439941406, 122.703346252, 96.3553085327], [712.286376953, -68.9729156494, -86.6737365723, 46.8249168396, 146.541488647, 160.177764893, 303.290771484, 432.98260498, 232.126861572, 122.805686951, 106.898162842, 113.65599823, 50.5365600586], [245.521011353, 128.041427612, 24.5703544617, 192.027435303, 199.84866333, 196.497802734, 234.155166626, 232.126861572, 355.145812988, 191.025405884, 124.217727661, 51.5823631287, 66.6692276001], [359.042877197, -221.488739014, 173.625717163, 147.151733398, 98.3101501465, 159.162322998, 90.475479126, 122.805686951, 191.025405884, 279.723480225, 138.178512573, 74.9609069824, 24.9049224854], [124.973724365, 134.837905884, -15.3086633682, 90.1767425537, 140.774017334, 108.369789124, 131.439941406, 106.898162842, 124.217727661, 138.178512573, 232.687042236, 96.4002456665, 36.2894134521], [295.060974121, -201.518280029, 73.4134597778, 13.2373046875, 27.4246044159, 123.433494568, 122.703346252, 113.65599823, 51.5823631287, 74.9609069824, 96.4002456665, 189.080215454, 59.3855209351], [-61.1482887268, 92.4937896729, 36.595123291, 62.9795455933, 74.3102035522, 73.5334396362, 96.3553085327, 50.5365600586, 66.6692276001, 24.9049224854, 36.2894134521, 59.3855209351, 143.378555298]]}, "erbbands_spread": {"dmean": 14.5240116119, "dvar2": 549.081298828, "mean": 43.3338279724, "var": 788.299133301, "dmean2": 20.7733459473, "dvar": 281.668823242, "min": 2.30808329582, "median": 35.8937301636, "max": 175.693618774}, "erbbands_kurtosis": {"dmean": 1.68772649765, "dvar2": 28.9898071289, "mean": 1.00090682507, "var": 17.4229660034, "dmean2": 2.59974884987, "dvar": 12.4957675934, "min": -1.88224923611, "median": -0.0621510744095, "max": 76.9013519287}, "dynamic_complexity": 3.76627874374, "erbbands_crest": {"dmean": 2.99336385727, "dvar2": 18.7430534363, "mean": 10.4548244476, "var": 20.3294219971, "dmean2": 4.69742870331, "dvar": 7.80339097977, "min": 2.22673463821, "median": 9.56707954407, "max": 29.2511291504}, "erbbands": {"dmean": [0.277742862701, 2.24592852592, 3.95889949799, 8.56827259064, 5.15473842621, 10.4571685791, 5.21565389633, 3.98859286308, 11.767993927, 23.1348056793, 11.4911365509, 14.8954906464, 16.7007637024, 15.019900322, 20.8397769928, 23.4905929565, 18.4638633728, 12.7407999039, 6.47525596619, 6.17102003098, 6.70424318314, 12.9299068451, 16.9620800018, 11.4508829117, 6.92337989807, 6.56820678711, 7.00384712219, 2.86604237556, 3.80520915985, 4.13993644714, 1.75489664078, 0.958327710629, 0.714213430882, 0.566449522972, 0.194188445807, 0.0765291005373, 0.0351118259132, 0.00904328096658, 0.00109454046469, 4.073600212e-05], "dvar2": [0.986552238464, 134.470611572, 300.813415527, 3009.99316406, 338.147277832, 1752.78820801, 433.192016602, 350.878326416, 1776.35864258, 9089.9296875, 2810.29516602, 3112.42114258, 3816.68188477, 3241.65332031, 12941.8427734, 5256.30273438, 4666.91943359, 2417.29467773, 516.360107422, 449.385345459, 540.90612793, 1960.61816406, 2450.83569336, 1347.31665039, 540.344787598, 379.317932129, 648.084594727, 103.549438477, 130.773391724, 182.25163269, 30.5189056396, 9.54661560059, 4.71707201004, 3.26590275764, 0.202299803495, 0.0246611367911, 0.0052452813834, 0.000401436729589, 6.4583286985e-06, 5.19136156285e-09], "mean": [0.719797730446, 3.48313522339, 5.17493915558, 7.82166385651, 8.3689031601, 16.8493289948, 7.0584359169, 4.20222091675, 12.3066205978, 25.270450592, 15.5270090103, 21.3071708679, 24.6871528625, 23.5017585754, 28.771944046, 33.1853866577, 25.7204551697, 15.7285633087, 8.7195558548, 8.43749237061, 9.61824989319, 20.4278469086, 27.4661865234, 16.207151413, 10.0270051956, 9.91631984711, 8.31432533264, 3.62058472633, 4.06250619888, 3.92562675476, 1.79858899117, 1.08887994289, 0.851250171661, 0.633111178875, 0.260381013155, 0.1012172997, 0.0462978221476, 0.0112870195881, 0.0013059573248, 7.75179141783e-05], "var": [1.86096525192, 57.8432159424, 181.243362427, 676.67175293, 139.878555298, 712.131835938, 192.126403809, 96.8729095459, 734.96307373, 4697.27197266, 1517.38867188, 2331.30395508, 3316.01147461, 2948.22802734, 7427.29003906, 4123.14746094, 3035.13793945, 1714.84020996, 312.654205322, 263.421020508, 489.540710449, 2327.82836914, 3336.1730957, 979.067871094, 379.992218018, 348.514160156, 403.147796631, 78.1965484619, 91.3040847778, 84.927696228, 17.9076519012, 8.05379867554, 3.8458969593, 1.95959472656, 0.211569607258, 0.0345955826342, 0.00775984721258, 0.000463597651105, 7.01104181644e-06, 8.49703241101e-09], "dmean2": [0.375105768442, 3.5013885498, 5.745865345, 15.180439949, 8.72031021118, 17.2395896912, 8.41063499451, 6.90343236923, 19.4113464355, 36.9885368347, 17.7087497711, 22.4866867065, 24.7416496277, 21.8410110474, 31.8419303894, 34.4007644653, 27.7814884186, 19.2651443481, 10.1614160538, 9.67162418365, 10.0616130829, 18.6452007294, 23.5029964447, 16.9223251343, 10.3333425522, 9.48282814026, 10.6029472351, 4.06308603287, 5.45454883575, 6.36417627335, 2.68866467476, 1.41620099545, 1.03811645508, 0.846402347088, 0.265637934208, 0.0968931540847, 0.0461450256407, 0.0110919233412, 0.0013598651858, 5.38333479199e-05], "dvar": [0.517931163311, 52.0889053345, 151.787750244, 1060.34680176, 120.426200867, 634.145507812, 167.892791748, 128.627990723, 701.85333252, 3793.3581543, 1180.88574219, 1448.96008301, 1673.3013916, 1463.31164551, 5409.10888672, 2353.95605469, 1950.95800781, 1097.75427246, 209.472335815, 179.211959839, 249.138885498, 960.391601562, 1262.17602539, 582.454528809, 235.527954102, 182.905532837, 323.701782227, 50.7596931458, 65.7925949097, 78.2054290771, 13.5039577484, 4.84568071365, 2.30307650566, 1.43225193024, 0.106579206884, 0.0158246289939, 0.00378337479196, 0.000237499145442, 3.80016899726e-06, 3.36488126251e-09], "min": [1.7727345371e-22, 7.08501651668e-22, 6.1649342923e-21, 5.83877326092e-20, 5.30176437607e-20, 6.81995939389e-20, 1.24156695092e-19, 2.66111008244e-19, 4.91308267524e-19, 1.77179729744e-18, 6.10279897269e-19, 7.0859460407e-19, 2.09064171597e-18, 2.80277225867e-18, 1.8343042344e-18, 3.19701336285e-18, 7.74274223292e-18, 7.04885929454e-18, 5.74824475352e-18, 1.10893818152e-17, 7.05924702867e-18, 9.09596422013e-18, 1.22308157871e-17, 1.16004032443e-17, 1.1622192836e-17, 1.59427879588e-17, 2.02616484838e-17, 1.32077326342e-17, 1.82488947147e-17, 1.55810569138e-17, 2.20967999579e-17, 2.2775943365e-17, 1.55692679357e-17, 1.11365062947e-17, 8.19315448417e-18, 6.08633166785e-18, 2.79768034161e-18, 1.29347669611e-18, 3.34532570931e-19, 3.73496474245e-20], "median": [0.00285107735544, 0.0581523552537, 0.552173197269, 0.590680360794, 3.60331487656, 6.79161882401, 2.17967414856, 1.32577526569, 2.47924113274, 3.41997671127, 3.12351465225, 4.44078636169, 3.42154312134, 3.88725090027, 5.0240278244, 6.6362323761, 4.17983722687, 2.2679028511, 1.69316411018, 2.11209440231, 1.79135990143, 3.11294865608, 2.92859435081, 3.56244707108, 2.58685016632, 2.8865571022, 1.97253143787, 0.67126250267, 0.428539991379, 0.320104002953, 0.206291124225, 0.0962259024382, 0.0850855410099, 0.0714084580541, 0.0329742580652, 0.012532774359, 0.00391843309626, 0.0008758137119, 7.68661993789e-05, 3.77237302018e-05], "max": [11.6321125031, 72.8573303223, 102.660545349, 260.990905762, 120.39453125, 285.750030518, 230.661071777, 126.651878357, 413.595031738, 1105.55725098, 988.751220703, 1988.97766113, 799.053771973, 781.420043945, 3012.77661133, 977.182861328, 1672.70397949, 806.088012695, 325.060974121, 308.530670166, 440.22833252, 623.569335938, 669.512084961, 450.223388672, 267.621673584, 241.795913696, 191.431182861, 77.3577575684, 94.0650024414, 92.6556243896, 106.5467453, 63.7856712341, 44.9502754211, 54.0127601624, 12.2008333206, 4.19680786133, 1.52660536766, 0.216342017055, 0.0378384031355, 0.0011979539413]}, "silence_rate_30dB": {"dmean": 0.0532574430108, "dvar2": 0.0986369103193, "mean": 0.914532542229, "var": 0.0781658217311, "dmean2": 0.106525719166, "dvar": 0.0504228174686, "min": 0, "median": 1, "max": 1}, "silence_rate_60dB": {"dmean": 0.0337432660162, "dvar2": 0.0724982321262, "mean": 0.0886178836226, "var": 0.0807620882988, "dmean2": 0.0674933940172, "dvar": 0.0326043441892, "min": 0, "median": 0, "max": 1}, "spectral_energyband_middle_low": {"dmean": 0.00642900820822, "dvar2": 0.000402906327508, "mean": 0.0101390881464, "var": 0.00014175659453, "dmean2": 0.0106877498329, "dvar": 0.000146315724123, "min": 2.31083284264e-22, "median": 0.00705713545904, "max": 0.101034082472}, "spectral_spread": {"dmean": 1023084.25, "dvar2": 2034501025790.0, "mean": 4642064.5, "var": 5272485494780.0, "dmean2": 1312744.625, "dvar": 1440225689600.0, "min": 991671.8125, "median": 3990273.5, "max": 42939688}, "barkbands": {"dmean": [0.000381145073334, 0.00971407908946, 0.00461113639176, 0.00240309536457, 0.0023500577081, 0.00043948268285, 0.00123836460989, 0.000703001453076, 0.000689796172082, 0.000487957033329, 0.000529515789822, 0.000649611582048, 0.000374076946173, 0.000227980432101, 0.000110132386908, 0.000118252879474, 0.000231523488765, 0.000316338671837, 0.000166970567079, 0.000130193118821, 0.000128869738546, 0.000112043140689, 7.55693326937e-05, 4.27512532042e-05, 3.84214836231e-05, 1.73058979271e-05, 5.73808847548e-06], "dvar2": [1.68112853771e-06, 0.00209102267399, 0.000637207820546, 0.000212366343476, 7.40151153877e-05, 3.22973232869e-06, 1.91823892237e-05, 1.37843226184e-05, 5.82998518439e-06, 3.27740053763e-06, 7.11365737516e-06, 4.52256563221e-06, 2.25356075134e-06, 7.86017892551e-07, 1.30315498836e-07, 1.71100808188e-07, 6.67331676141e-07, 8.63965567532e-07, 3.64519252116e-07, 1.3210373595e-07, 2.23610641115e-07, 1.17787813281e-07, 5.48134337919e-08, 1.7013235265e-08, 1.14823519581e-08, 1.11671460967e-09, 1.76534