{"tonal": {"hpcp": {"dvar": [0.0404308065772, 0.0396543741226, 0.0364897660911, 0.0287923961878, 0.0222722627223, 0.0252590421587, 0.0183004438877, 0.0176827050745, 0.0207111649215, 0.0220861788839, 0.0221321843565, 0.0169636793435, 0.0152103351429, 0.0195052605122, 0.0227081365883, 0.0300072208047, 0.0289801508188, 0.0272233113647, 0.0161838121712, 0.01322393585, 0.0198954790831, 0.0253917835653, 0.0303862169385, 0.0355802513659, 0.0530767142773, 0.0335027426481, 0.0240557827055, 0.0170568563044, 0.014364301227, 0.0151844453067, 0.0265554338694, 0.029972018674, 0.0269578285515, 0.031473044306, 0.0319125205278, 0.0380287915468], "var": [0.11093480885, 0.116825766861, 0.0427027270198, 0.0331639163196, 0.0316439643502, 0.0218224283308, 0.0214765388519, 0.024393428117, 0.0247987043113, 0.0696474686265, 0.062309589237, 0.021197669208, 0.0185807514936, 0.0189106203616, 0.0228007081896, 0.0996890366077, 0.129640862346, 0.0328426323831, 0.0148210534826, 0.0139452246949, 0.0230129957199, 0.0699822232127, 0.0740153118968, 0.0505571775138, 0.126604273915, 0.0818245783448, 0.0224345326424, 0.017371179536, 0.0122422445565, 0.0174246765673, 0.0711809322238, 0.079771026969, 0.0295703485608, 0.0397908128798, 0.0508423522115, 0.0431552492082], "median": [0.112534061074, 0.125785708427, 0.0434662513435, 0.00193567865063, 0.001466647489, 0.00296285329387, 0.00589396897703, 0.00728659285232, 0.0119582321495, 0.017630038783, 0.0173708740622, 0.0113202631474, 0.00333434320055, 0.00345197273418, 0.0181442592293, 0.0447000749409, 0.0526637174189, 0.0235471911728, 0.00242288410664, 0.0015456097899, 0.00419416790828, 0.0160367079079, 0.0253547392786, 0.063008017838, 0.052924554795, 0.038311522454, 0.00837680604309, 0.0030136720743, 0.00275694648735, 0.00589756062254, 0.0131449019536, 0.0155813824385, 0.0115856304765, 0.00376168056391, 0.00469929445535, 0.0313294120133], "max": [1, 1, 1, 1, 1, 1, 1, 1, 1, 1, 1, 1, 1, 1, 1, 1, 1, 1, 1, 1, 1, 1, 1, 1, 1, 1, 1, 1, 1, 1, 1, 1, 1, 1, 1, 1], "dmean": [0.129872739315, 0.128218010068, 0.107710003853, 0.0668850392103, 0.0542593672872, 0.0578020252287, 0.0528429225087, 0.0535859391093, 0.0640733167529, 0.0702232196927, 0.0707599371672, 0.053898088634, 0.0449944958091, 0.051018115133, 0.0711899325252, 0.0970651879907, 0.0869646146894, 0.0852193981409, 0.0457312501967, 0.0374942496419, 0.0583848953247, 0.0803170874715, 0.0945355892181, 0.122302569449, 0.132193341851, 0.104744106531, 0.0631529465318, 0.043102055788, 0.0377004705369, 0.0498189553618, 0.0757189914584, 0.0810155421495, 0.0759298652411, 0.0716412588954, 0.0772331729531, 0.112267017365], "dmean2": [0.218568250537, 0.214244127274, 0.189669519663, 0.118908531964, 0.0980007722974, 0.103523895144, 0.0925168991089, 0.0927210077643, 0.111436441541, 0.116692692041, 0.116853892803, 0.0920851454139, 0.0798036009073, 0.091196320951, 0.126254335046, 0.164848148823, 0.143483027816, 0.148977428675, 0.0820044651628, 0.0671487152576, 0.100924029946, 0.132408604026, 0.15822905302, 0.210293918848, 0.228977680206, 0.18122677505, 0.111947588623, 0.0781878978014, 0.0679065510631, 0.0875001326203, 0.12976013124, 0.140475302935, 0.132901012897, 0.128094300628, 0.135789081454, 0.195969551802], "mean": [0.274537563324, 0.291943818331, 0.129042580724, 0.0652482956648, 0.059052079916, 0.0494701601565, 0.0587689653039, 0.0653314590454, 0.075497508049, 0.138317465782, 0.133158966899, 0.0617509558797, 0.0467902310193, 0.0483968220651, 0.0731565505266, 0.224835053086, 0.262261271477, 0.109409116209, 0.0381716936827, 0.0342668630183, 0.0618994161487, 0.146627873182, 0.161042183638, 0.166277751327, 0.257097959518, 0.194770395756, 0.064943112433, 0.0407640747726, 0.0342669673264, 0.0510914847255, 0.139241933823, 0.153654754162, 0.0809384733438, 0.0768889859319, 0.0931386426091, 0.123960256577], "dvar2": [0.102569110692, 0.0988217145205, 0.0992405414581, 0.0777805894613, 0.0610093288124, 0.0693790391088, 0.0488097034395, 0.0471030808985, 0.057039078325, 0.0522730089724, 0.0531265921891, 0.0423294082284, 0.0398656800389, 0.0528114512563, 0.0633822083473, 0.078971542418, 0.0690501779318, 0.0748023316264, 0.0435854010284, 0.0358167774975, 0.0519757792354, 0.061427347362, 0.0754852667451, 0.092990309, 0.131012544036, 0.0847241804004, 0.0646720677614, 0.0471213646233, 0.0393202528358, 0.0405241549015, 0.0694433674216, 0.079051554203, 0.0726615712047, 0.0843792259693, 0.0851403325796, 0.104254737496], "min": [0, 0, 0, 0, 0, 0, 0, 0, 0, 0, 0, 0, 0, 0, 0, 0, 0, 0, 0, 0, 0, 0, 0, 0, 0, 0, 0, 0, 0, 0, 0, 0, 0, 0, 0, 0]}, "key_key": "D", "thpcp": [1, 0.442011684179, 0.223496064544, 0.202272072434, 0.169450953603, 0.201302304864, 0.223780930042, 0.25860285759, 0.473781108856, 0.456111609936, 0.211516574025, 0.160271346569, 0.165774434805, 0.250584334135, 0.770131230354, 0.898327887058, 0.374760866165, 0.130750134587, 0.1173748523, 0.212025091052, 0.502246856689, 0.551620483398, 0.569553911686, 0.880641877651, 0.667150259018, 0.222450718284, 0.139629855752, 0.117375209928, 0.175004512072, 0.476947695017, 0.526316165924, 0.277239888906, 0.263369113207, 0.319029331207, 0.424603134394, 0.940378069878], "chords_key": "D", "tuning_equal_tempered_deviation": 0.184403806925, "tuning_frequency": 434.193115234, "tuning_diatonic_strength": 0.542232334614, "chords_histogram": [34.6279716492, 24.7436180115, 2.44381403923, 2.07287812233, 2.59655237198, 1.98559892178, 0, 2.92384910583, 0.283656984568, 9.62251758575, 0, 9.53523921967, 0, 0, 0, 0, 0.196377918124, 0, 0.458215147257, 0.196377918124, 0.916430294514, 0, 4.47305250168, 2.92384910583], "key_strength": 0.726581454277, "key_scale": "minor", "chords_strength": {"dvar": 0.000475568172988, "var": 0.0137509675696, "median": 0.56514954567, "max": 0.822447478771, "dmean": 0.00913903769106, "dmean2": 0.00774357048795, "mean": 0.56119453907, "dvar2": 0.000829522090498, "min": -1}, "chords_number_rate": 0.00240017450415, "tuning_nontempered_energy_ratio": 0.924114644527, "hpcp_entropy": {"dvar": 0.197179749608, "var": 0.534834802151, "median": 1.69857847691, "max": 3.90639209747, "dmean": 0.493152618408, "dmean2": 0.834851205349, "mean": 1.6394790411, "dvar2": 0.509255468845, "min": 0}, "chords_changes_rate": 0.038184594363, "chords_scale": "minor"}, "rhythm": {"bpm_histogram_first_peak_spread": {"dvar": 0, "var": 0, "median": 0.397694528103, "max": 0.397694528103, "dmean": 0, "dmean2": 0, "mean": 0.397694528103, "dvar2": 0, "min": 0.397694528103}, "bpm_histogram_first_peak_weight": {"dvar": 0, "var": 0, "median": 0.583798885345, "max": 0.583798885345, "dmean": 0, "dmean2": 0, "mean": 0.583798885345, "dvar2": 0, "min": 0.583798885345}, "bpm_histogram_first_peak_bpm": {"dvar": 0, "var": 0, "median": 101, "max": 101, "dmean": 0, "dmean2": 0, "mean": 101, "dvar2": 0, "min": 101}, "bpm": 101.900764465, "bpm_histogram_second_peak_weight": {"dvar": 0, "var": 0, "median": 0.0111731840298, "max": 0.0111731840298, "dmean": 0, "dmean2": 0, "mean": 0.0111731840298, "dvar2": 0, "min": 0.0111731840298}, "beats_loudness": {"dvar": 0.000251339719398, "var": 0.000530464050826, "median": 0.0176902227104, "max": 0.0951078012586, "dmean": 0.0151729360223, "dmean2": 0.0261543504894, "mean": 0.0242723077536, "dvar2": 0.000682840356603, "min": 2.25524904307e-10}, "beats_loudness_band_ratio": {"dvar": [0.0434314534068, 0.020068032667, 0.0261598862708, 0.041686091572, 0.00560459028929, 0.00893990974873], "var": [0.0889936536551, 0.0341683253646, 0.0333297364414, 0.0441134423018, 0.00587318092585, 0.00645835092291], "median": [0.465284019709, 0.117469653487, 0.0953370630741, 0.0393364243209, 0.0177457500249, 0.0113860601559], "max": [0.996312618256, 0.9657792449, 0.864594697952, 0.836676895618, 0.526149213314, 0.977589726448], "dmean": [0.286934137344, 0.14675822854, 0.145748719573, 0.156800851226, 0.0488453656435, 0.0380687490106], "dmean2": [0.480374366045, 0.250642061234, 0.252759486437, 0.281284838915, 0.0852629467845, 0.0690544098616], "mean": [0.478117614985, 0.182584568858, 0.16889244318, 0.141990453005, 0.0480598658323, 0.0322416760027], "dvar2": [0.121811471879, 0.0590741448104, 0.0671351402998, 0.115445837379, 0.0155830625445, 0.0210183691233], "min": [0.00143774901517, 0.000403896614444, 0.00085723149823, 9.91669512587e-05, 5.3810845202e-06, 7.53437598178e-06]}, "bpm_histogram_second_peak_bpm": {"dvar": 0, "var": 0, "median": 89, "max": 89, "dmean": 0, "dmean2": 0, "mean": 89, "dvar2": 0, "min": 89}, "onset_rate": 2.24637079239, "beats_count": 359, "beats_position": [0.603718817234, 1.21904754639, 1.83437633514, 2.4497051239, 3.04181408882, 3.64553284645, 4.23764181137, 4.82975053787, 5.41024923325, 6.00235795975, 6.59446716309, 7.17496585846, 7.76707458496, 8.35918331146, 8.93968200684, 9.52018165588, 10.1006803513, 10.6927890778, 11.2848978043, 11.8770065308, 12.4575052261, 13.0496139526, 13.6417226791, 14.2338323593, 14.8143310547, 15.4064397812, 15.9985485077, 16.5906581879, 17.1827659607, 17.7748756409, 18.3553733826, 18.9242630005, 19.5163707733, 20.1084804535, 20.6889801025, 21.2926979065, 21.8731975555, 22.4653053284, 23.0574150085, 23.6495227814, 24.2416324615, 24.8221302032, 25.4142398834, 26.0063495636, 26.5868473053, 27.1673469543, 27.747844696, 28.3283443451, 28.9204521179, 29.500951767, 30.0930614471, 30.68516922, 31.2772789001, 31.869386673, 32.4614944458, 33.053604126, 33.6457138062, 34.2262115479, 34.8067131042, 35.3988189697, 35.9909286499, 36.5714263916, 37.151927948, 37.7440338135, 38.3361434937, 38.9282531738, 39.520362854, 40.1124725342, 40.6929702759, 41.2850799561, 41.8655776978, 42.4576873779, 43.0497932434, 43.6419029236, 44.2340126038, 44.8261222839, 45.4182319641, 46.0103378296, 46.590839386, 47.1829452515, 47.7750549316, 48.355556488, 48.9476623535, 49.5281639099, 50.1202697754, 50.7123794556, 51.2928771973, 51.8849868774, 52.4770965576, 53.0692062378, 53.661315918, 54.2418136597, 54.8223114014, 55.4144210815, 56.0065307617, 56.5986366272, 57.1907463074, 57.7712478638, 58.3517456055, 58.9322433472, 59.5243530273, 60.1164627075, 60.708568573, 61.3006782532, 61.8811798096, 62.473285675, 63.0653953552, 63.6575050354, 64.2496109009, 64.8301086426, 65.4106140137, 65.9911117554, 66.5716094971, 67.1637191772, 67.7558288574, 68.3363265991, 68.9168243408, 69.508934021, 70.1010437012, 70.6931533813, 71.2852630615, 71.8657608032, 72.4462585449, 73.0383682251, 73.6304779053, 74.210975647, 74.8146896362, 75.3951950073, 75.975692749, 76.5678024292, 77.15990448, 77.7520141602, 78.3441238403, 78.924621582, 79.5051269531, 80.0972290039, 80.6893386841, 81.2814483643, 81.8735580444, 82.4656677246, 83.0577774048, 83.6382751465, 84.2303848267, 84.8224945068, 85.4029922485, 85.9834899902, 86.5755996704, 87.1677093506, 87.7482070923, 88.3403167725, 88.9324264526, 89.5245361328, 90.1050338745, 90.7203598022, 91.3356933594, 91.9394073486, 92.5199050903, 93.100402832, 93.6809082031, 94.2614059448, 94.8419036865, 95.4107894897, 95.9912872314, 96.5717926025, 97.1522903442, 97.7444000244, 98.3365097046, 98.9170074463, 99.5091171265, 100.101219177, 100.681724548, 101.26222229, 101.85433197, 102.44644165, 103.038543701, 103.630653381, 104.211151123, 104.803260803, 105.395370483, 105.987480164, 106.579589844, 107.171699524, 107.763809204, 108.344306946, 108.924804688, 109.516914368, 110.109024048, 110.68952179, 111.28163147, 111.87374115, 112.454238892, 113.046348572, 113.638458252, 114.230567932, 114.822669983, 115.403175354, 115.983673096, 116.575782776, 117.156280518, 117.748390198, 118.340499878, 118.932601929, 119.5131073, 120.10521698, 120.697319031, 121.277824402, 121.858322144, 122.438819885, 123.030929565, 123.623039246, 124.215148926, 124.807250977, 125.387756348, 125.979858398, 126.571968079, 127.164077759, 127.7445755, 128.336685181, 128.917190552, 129.509292603, 130.101409912, 130.693511963, 131.285614014, 131.866119385, 132.446624756, 133.027114868, 133.619232178, 134.19972229, 134.7918396, 135.372329712, 135.952835083, 136.544937134, 137.137054443, 137.729156494, 138.321273804, 138.924987793, 139.517089844, 140.097595215, 140.689697266, 141.270202637, 141.862304688, 142.454421997, 143.034912109, 143.61541748, 144.195922852, 144.788024902, 145.380126953, 145.960632324, 146.552734375, 147.144851685, 147.725341797, 148.317459106, 148.909561157, 149.490066528, 150.082168579, 150.674285889, 151.266387939, 151.858505249, 152.438995361, 153.031112671, 153.623214722, 154.203720093, 154.795822144, 155.387939453, 155.968429565, 156.560546875, 157.152648926, 157.744766235, 158.336868286, 158.917373657, 159.49786377, 160.089981079, 160.68208313, 161.262588501, 161.854690552, 162.446792603, 163.038909912, 163.631011963, 164.211517334, 164.803619385, 165.395736694, 165.987838745, 166.579956055, 167.160446167, 167.740951538, 168.333053589, 168.91355896, 169.505661011, 170.086166382, 170.666656494, 171.270385742, 171.862487793, 172.454605103, 173.046707153, 173.627212524, 174.219314575, 174.811431885, 175.403533936, 175.984039307, 176.576141357, 177.168243408, 177.748748779, 178.34085083, 178.93296814, 179.513473511, 180.093963623, 180.697677612, 181.278182983, 181.870285034, 182.462402344, 183.042892456, 183.635009766, 184.215499878, 184.807617188, 185.411331177, 186.003448486, 186.595550537, 187.187667847, 187.779769897, 188.371871948, 188.963989258, 189.54447937, 190.13659668, 190.682266235, 191.227935791, 191.83164978, 192.42376709, 193.015869141, 193.607971191, 194.188476562, 194.780578613, 195.372695923, 195.976409912, 196.568527222, 197.149017334, 197.741134644, 198.321624756, 198.902130127, 199.505844116, 200.086349487, 200.690063477, 201.282180786, 201.897506714, 202.547653198, 203.197814941, 203.871200562, 204.544570923, 205.217956543, 205.891326904, 206.553100586, 207.203262329, 207.865036011, 208.457138062, 209.049255371, 209.629745483, 210.221862793, 210.813964844, 211.406066895, 212.009796143], "danceability": 0.913103640079, "bpm_histogram_second_peak_spread": {"dvar": 0, "var": 0, "median": 0.555555582047, "max": 0.555555582047, "dmean": 0, "dmean2": 0, "mean": 0.555555582047, "dvar2": 0, "min": 0.555555582047}}, "lowlevel": {"spectral_flux": {"dvar": 0.000577836588491, "var": 0.00220101280138, "median": 0.0324182771146, "max": 0.322722315788, "dmean": 0.0156061463058, "dmean2": 0.0247762110084, "mean": 0.048120431602, "dvar2": 0.00135646213312, "min": 7.03236358035e-11}, "spectral_rolloff": {"dvar": 589801.1875, "var": 3129744, "median": 689.0625, "max": 19250.6835938, "dmean": 222.288360596, "dmean2": 369.049682617, "mean": 1081.18981934, "dvar2": 1234115.75, "min": 21.533203125}, "barkbands_flatness_db": {"dvar": 0.000423114339355, "var": 0.0084486445412, "median": 0.180919572711, "max": 0.515049934387, "dmean": 0.018251080066, "dmean2": 0.0272668637335, "mean": 0.198818653822, "dvar2": 0.00092008797219, "min": 0.0302484277636}, "spectral_centroid": {"dvar": 56178.9609375, "var": 488181.875, "median": 774.95880127, "max": 11100.7929688, "dmean": 118.026695251, "dmean2": 175.862976074, "mean": 946.431091309, "dvar2": 107414.070312, "min": 123.825263977}, "melbands_skewness": {"dvar": 0.68499404192, "var": 4.22221279144, "median": 1.60722482204, "max": 21.6840114594, "dmean": 0.577553510666, "dmean2": 0.860863208771, "mean": 1.97605311871, "dvar2": 1.47377181053, "min": -3.98704147339}, "melbands": {"dvar": [2.66032816398e-06, 3.0125415833e-06, 8.23646814752e-07, 1.51196218212e-07, 1.31766890732e-08, 2.57513317337e-08, 5.91194009303e-08, 4.72744154933e-09, 1.09181144126e-08, 3.07631147223e-08, 1.20225038813e-07, 2.8768513971e-07, 5.2812421103e-08, 1.65659805873e-08, 2.15563691341e-08, 7.2183867772e-09, 3.07572300962e-09, 9.17545772694e-09, 2.44276066041e-09, 9.14717857015e-10, 1.01260411167e-09, 6.50933806856e-10, 1.37454089777e-10, 7.02808158892e-11, 8.68590616099e-11, 5.95530916248e-11, 1.03893595116e-11, 7.52597463516e-12, 9.52566411166e-12, 4.08269511948e-12, 2.16567952807e-12, 1.44962308216e-12, 1.0125734886e-12, 1.01115220797e-12, 1.14827201567e-12, 1.19637513871e-12, 6.92473530774e-13, 3.80812758714e-13, 4.93006622939e-13, 4.50725096352e-13], "var": [4.57875421489e-06, 2.93084303848e-06, 9.35994421525e-07, 1.77664318812e-07, 4.59789042395e-08, 6.77737901356e-08, 1.55125889023e-07, 1.36915989657e-08, 6.1659115147e-08, 2.24488573508e-07, 9.52557854816e-07, 1.60737488386e-06, 1.66703287618e-07, 8.25915975611e-08, 1.50535626631e-07, 4.4149988554e-08, 2.45931168763e-08, 3.75342636971e-08, 8.86865958449e-09, 4.23956025841e-09, 4.3622701007e-09, 3.07730751992e-09, 3.72441549823e-10, 2.78071038418e-10, 3.56566137727e-10, 2.61606958318e-10, 4.47133059744e-11, 2.94941536472e-11, 4.06320671553e-11, 1.69752458618e-11, 6.91030219158e-12, 4.01444155695e-12, 2.6500225625e-12, 2.22674136074e-12, 1.81716751022e-12, 1.67517887582e-12, 1.14228548495e-12, 6.38518534921e-13, 7.97423054238e-13, 6.36850652509e-13], "median": [0.000154550667503, 0.00023197059636, 0.000164372278959, 7.58203459554e-05, 6.45245527267e-05, 5.92894684814e-05, 2.5066674425e-05, 1.72031413967e-05, 1.80633196578e-05, 1.86581437447e-05, 1.15005868793e-05, 9.43958457356e-06, 5.45978491573e-06, 4.72065676149e-06, 2.93791549666e-06, 2.87454076897e-06, 1.506049216e-06, 2.0755899186e-06, 1.09287725536e-06, 6.47122931241e-07, 3.50783125214e-07, 3.36801463163e-07, 3.18018436474e-07, 3.23414866443e-07, 5.82384757308e-07, 4.15888592897e-07, 1.81528903909e-07, 1.44759468412e-07, 2.14698559375e-07, 1.29931933657e-07, 4.66788421249e-08, 4.27542978798e-08, 3.37342775936e-08, 2.33471606492e-08, 3.83132139348e-08, 4.76808885708e-08, 4.21294181763e-08, 2.64354618196e-08, 3.66165764376e-08, 3.69082222562e-08], "max": [0.0241688359529, 0.0263781324029, 0.0192143451422, 0.00736747216433, 0.00285787554458, 0.00277042901143, 0.0116766570136, 0.00199624965899, 0.00388294621371, 0.00491709075868, 0.00888578500599, 0.0114488843828, 0.00679095089436, 0.00542561663315, 0.00511479470879, 0.00293494295329, 0.00272304262035, 0.00259743025526, 0.00156838761177, 0.00148468813859, 0.00125594099518, 0.00156563788187, 0.000536676961929, 0.000379945413442, 0.000256222177995, 0.000210312718991, 9.20648380998e-05, 7.26533035049e-05, 5.98257538513e-05, 7.14650013833e-05, 3.11940711981e-05, 2.46459112532e-05, 2.2968310077e-05, 3.75053205062e-05, 3.01841682813e-05, 3.67887114407e-05, 3.11009353027e-05, 2.150920227e-05, 2.88244336843e-05, 2.95170848403e-05], "dmean": [0.000561565044336, 0.000508059572894, 0.000306429312332, 0.000133823996293, 5.3392839618e-05, 6.86840430717e-05, 8.90465162229e-05, 2.79979121842e-05, 3.84022387152e-05, 7.22019030945e-05, 0.000119870324852, 0.000154146895511, 5.74855366722e-05, 3.01472191495e-05, 4.31188673247e-05, 2.71668614005e-05, 1.42910703289e-05, 2.69672254944e-05, 1.26967743199e-05, 9.14522479434e-06, 8.10874917079e-06, 5.34969194632e-06, 3.5575938e-06, 2.6814100238e-06, 3.61945490113e-06, 3.08181824948e-06, 1.39696533097e-06, 1.17460706406e-06, 1.32647687678e-06, 8.09652760836e-07, 5.71187285914e-07, 3.90807400663e-07, 3.43900921962e-07, 2.67811060439e-07, 2.56514340435e-07, 2.28113890444e-07, 1.814314885e-07, 1.29300531171e-07, 1.3202908633e-07, 1.1391109922e-07], "dmean2": [0.000888392562047, 0.000860359286889, 0.000509022676852, 0.000227710057516, 8.21721041575e-05, 0.000106109437183, 0.000143029115861, 4.19507414335e-05, 5.30792676727e-05, 0.000101224104583, 0.000168890299392, 0.000226834687055, 8.35973332869e-05, 4.24141217081e-05, 6.30511422059e-05, 3.9570935769e-05, 2.06049408007e-05, 3.9084618038e-05, 1.87746136362e-05, 1.33371440825e-05, 1.16241089927e-05, 7.71506893216e-06, 5.57533121537e-06, 4.03687818107e-06, 5.55752467335e-06, 4.77657067677e-06, 2.21456662075e-06, 1.91067329069e-06, 2.08312349059e-06, 1.25546489471e-06, 8.84812550339e-07, 6.00945782026e-07, 5.30090119355e-07, 4.00802179001e-07, 3.97866159574e-07, 3.57346777946e-07, 2.83239188548e-07, 2.03105727792e-07, 1.99360130182e-07, 1.71679658933e-07], "mean": [0.000924133113585, 0.000755417975597, 0.000478971778648, 0.000210825557588, 0.000134408604936, 0.00015626574168, 0.000179354683496, 6.4829531766e-05, 0.000102174424683, 0.000198937530513, 0.000372003822122, 0.000419535383116, 0.000123503428767, 8.35060272948e-05, 0.000124969228636, 7.07180297468e-05, 4.34729081462e-05, 6.29305068287e-05, 2.74651738437e-05, 2.18631066673e-05, 1.82481253432e-05, 1.32696550281e-05, 7.5723264672e-06, 6.30032627669e-06, 8.82609583641e-06, 7.98077962827e-06, 3.68373093806e-06, 3.04161630993e-06, 3.40807696375e-06, 2.01959392143e-06, 1.30760020056e-06, 8.52452615163e-07, 7.06166815689e-07, 5.04710499172e-07, 4.58525732938e-07, 4.22468644956e-07, 3.40313278002e-07, 2.44240482061e-07, 2.41964897896e-07, 1.97848606831e-07], "dvar2": [6.27388089924e-06, 7.98017572379e-06, 2.1592666144e-06, 4.1095208303e-07, 3.36611947205e-08, 6.75288305274e-08, 1.46069396578e-07, 1.09815347926e-08, 1.85484090309e-08, 5.8707193773e-08, 2.5057795483e-07, 6.72415012559e-07, 1.21978416701e-07, 3.44736754698e-08, 4.90995404334e-08, 1.60519260106e-08, 5.87890980341e-09, 1.93938056725e-08, 4.78891015732e-09, 1.81897297225e-09, 1.83713344537e-09, 1.31015165383e-09, 3.09982317592e-10, 1.40882749911e-10, 1.88327881068e-10, 1.33409588932e-10, 2.48255357244e-11, 1.93176429714e-11, 2.27381793949e-11, 9.47033076959e-12, 4.9349699674e-12, 3.04514031178e-12, 2.18258180626e-12, 2.09039860075e-12, 2.7924156043e-12, 2.94705058967e-12, 1.52735636638e-12, 8.21041910674e-13, 9.94205477493e-13, 9.36406117577e-13], "min": [5.22185214034e-24, 6.98374536202e-24, 2.6673128616e-24, 2.37077018656e-24, 5.94483527136e-24, 1.07136398607e-23, 9.69872612989e-24, 1.20105169337e-23, 3.58113426459e-24, 4.05935160609e-24, 7.09070306785e-24, 5.45901331073e-24, 4.85005331824e-24, 8.75323768079e-24, 8.30553702898e-24, 5.96330881604e-24, 5.46386796074e-24, 5.54536675858e-24, 5.7226537807e-24, 4.02054319943e-24, 6.52346001218e-24, 1.07255532381e-23, 1.32837597339e-23, 9.70261048098e-24, 9.0266213718e-24, 7.13009878146e-24, 9.19774581253e-24, 8.09315674063e-24, 6.97238813156e-24, 1.05052393756e-23, 7.87744114837e-24, 8.28658543459e-24, 1.02974873342e-23, 8.4485291121e-24, 7.98453059398e-24, 1.07949059445e-23, 8.55947924298e-24, 8.59168606715e-24, 8.66926580402e-24, 9.1976172282e-24]}, "spectral_decrease": {"dvar": 6.09659863361e-18, "var": 2.6467463496e-17, "median": -2.15644035961e-09, "max": 4.03233177827e-17, "dmean": 1.19699361534e-09, "dmean2": 1.87889503955e-09, "mean": -4.40476766173e-09, "dvar2": 1.49623837183e-17, "min": -3.77363384985e-08}, "barkbands_kurtosis": {"dvar": 90.6135101318, "var": 328.298309326, "median": 3.4428319931, "max": 288.21697998, "dmean": 4.09032917023, "dmean2": 6.33163356781, "mean": 9.44626426697, "dvar2": 207.03187561, "min": -1.90724694729}, "silence_rate_30dB": {"dvar": 0, "var": 0, "median": 1, "max": 1, "dmean": 0, "dmean2": 0, "mean": 1, "dvar2": 0, "min": 1}, "gfcc": {"mean": [-128.521560669, 114.520713806, -91.4802246094, 12.5797939301, -54.711315155, 11.4231595993, -28.7731723785, 6.47320318222, -28.956413269, 1.89544928074, -11.9511070251, -3.36838722229, -8.2080488205], "cov": [[35388.1914062, -2912.05249023, -6959.29833984, 1289.12634277, 289.755371094, 1088.06530762, 402.936706543, 1157.45532227, -148.322097778, 179.525314331, -490.174163818, -363.774291992, 33.072479248], [-2912.05249023, 1993.01184082, 852.000244141, -363.932220459, 31.2915935516, -149.62789917, 62.5595932007, -224.723831177, 60.5140991211, -63.5242919922, 148.354156494, -61.1117897034, 63.6363677979], [-6959.29833984, 852.000244141, 2335.03710938, -73.4663391113, -110.684066772, -188.394012451, -133.561279297, -249.475204468, 119.286476135, 8.86849308014, 134.170059204, 170.588088989, -78.3115539551], [1289.12634277, -363.932220459, -73.4663391113, 708.076599121, 137.384490967, 35.1241798401, 4.78714752197, 55.1079597473, 114.277168274, 12.4686603546, 0.0242046043277, 122.677635193, -6.1814365387], [289.755371094, 31.2915935516, -110.684066772, 137.384490967, 324.987792969, 83.2547912598, 111.777252197, 45.6329231262, 68.547958374, 20.3908023834, 32.2862739563, 37.0549583435, 53.2382736206], [1088.06530762, -149.62789917, -188.394012451, 35.1241798401, 83.2547912598, 269.770599365, 151.246170044, 65.9241027832, -1.64361548424, 50.4720878601, 20.2401714325, -18.6926212311, 24.6766338348], [402.936706543, 62.5595932007, -133.561279297, 4.78714752197, 111.777252197, 151.246170044, 272.880096436, 58.8888511658, 19.9463615417, 34.4480400085, 33.6373062134, -13.3850460052, 56.7242622375], [1157.45532227, -224.723831177, -249.475204468, 55.1079597473, 45.6329231262, 65.9241027832, 58.8888511658, 218.841506958, 31.9346389771, 16.568813324, -17.9463214874, -7.71846008301, 35.6580505371], [-148.322097778, 60.5140991211, 119.286476135, 114.277168274, 68.547958374, -1.64361548424, 19.9463615417, 31.9346389771, 141.336227417, 26.2384357452, 12.573348999, 45.3922653198, 23.0438041687], [179.525314331, -63.5242919922, 8.86849308014, 12.4686603546, 20.3908023834, 50.4720878601, 34.4480400085, 16.568813324, 26.2384357452, 113.033401489, 50.6015052795, 16.4170856476, 5.33698368073], [-490.174163818, 148.354156494, 134.170059204, 0.0242046043277, 32.2862739563, 20.2401714325, 33.6373062134, -17.9463214874, 12.573348999, 50.6015052795, 126.601509094, 50.2704048157, 18.4514732361], [-363.774291992, -61.1117897034, 170.588088989, 122.677635193, 37.0549583435, -18.6926212311, -13.3850460052, -7.71846008301, 45.3922653198, 16.4170856476, 50.2704048157, 158.794494629, 34.9509849548], [33.072479248, 63.6363677979, -78.3115539551, -6.1814365387, 53.2382736206, 24.6766338348, 56.7242622375, 35.6580505371, 23.0438041687, 5.33698368073, 18.4514732361, 34.9509849548, 111.18132782]], "icov": [[0.000109491353214, -0.000129327541799, 0.000335521268426, -0.000176983186975, 0.000128714716993, -0.000323277898133, 0.000130286862259, -0.000273612793535, 5.70601660002e-05, -0.000266713148449, 0.00031991204014, -0.000255143007962, 0.000327430083416], [-0.000129327541799, 0.00124940415844, -0.000691122433636, 0.000564972753637, -0.000348539848346, 0.000909641210455, -0.00056150421733, 0.00113386416342, -0.000979925855063, 0.00148044317029, -0.00196623546071, 0.00172884587664, -0.00132933643181], [0.000335521268426, -0.000691122433636, 0.00176244496834, -0.000409619533457, 0.000660526042338, -0.00100568844937, 0.000481777417008, -0.000508211611304, -0.000437667680671, -0.000869921117555, 0.000865989248268, -0.00180712132715, 0.00189534563106], [-0.000176983186975, 0.000564972753637, -0.000409619533457, 0.0025245656725, -0.00082264089724, 0.000348312285496, -0.000186803008546, 0.00052673718892, -0.00173108291347, 0.00110962323379, -0.0005851353053, -0.00100993865635, 0.000544212409295], [0.000128714716993, -0.000348539848346, 0.000660526042338, -0.00082264089724, 0.00461588334292, -0.0010373982368, -0.000878328981344, -0.000281757471384, -0.00140261731576, 0.000105908329715, -0.000197838584427, -0.000674988899846, -0.000330178707372], [-0.000323277898133, 0.000909641210455, -0.00100568844937, 0.000348312285496, -0.0010373982368, 0.00741286762059, -0.00344731728546, 0.000390064407839, 0.000673939299304, -0.000744404678699, -0.00156064785551, 0.00187620881479, -0.00106306246016], [0.000130286862259, -0.00056150421733, 0.000481777417008, -0.000186803008546, -0.000878328981344, -0.00344731728546, 0.00675193406641, -0.000986211700365, -5.36615789315e-06, -0.000654020346701, -0.000230557401665, 0.000482426316012, -0.0014120984124], [-0.000273612793535, 0.00113386416342, -0.000508211611304, 0.00052673718892, -0.000281757471384, 0.000390064407839, -0.000986211700365, 0.00735951634124, -0.00240724929608, 0.00104116892908, -0.00105254806112, 0.00183353491593, -0.00265786680393], [5.70601660002e-05, -0.000979925855063, -0.000437667680671, -0.00173108291347, -0.00140261731576, 0.000673939299304, -5.36615789315e-06, -0.00240724929608, 0.011730321683, -0.00385549012572, 0.00297315604985, -0.00188934826292, -0.000709451036528], [-0.000266713148449, 0.00148044317029, -0.000869921117555, 0.00110962323379, 0.000105908329715, -0.000744404678699, -0.000654020346701, 0.00104116892908, -0.00385549012572, 0.0144084533677, -0.00754241924733, 0.00202556489967, -0.000482369126985], [0.00031991204014, -0.00196623546071, 0.000865989248268, -0.0005851353053, -0.000197838584427, -0.00156064785551, -0.000230557401665, -0.00105254806112, 0.00297315604985, -0.00754241924733, 0.0156398098916, -0.00607581855729, 0.00156426616013], [-0.000255143007962, 0.00172884587664, -0.00180712132715, -0.00100993865635, -0.000674988899846, 0.00187620881479, 0.000482426316012, 0.00183353491593, -0.00188934826292, 0.00202556489967, -0.00607581855729, 0.0131854685023, -0.00601233495399], [0.000327430083416, -0.00132933643181, 0.00189534563106, 0.000544212409295, -0.000330178707372, -0.00106306246016, -0.0014120984124, -0.00265786680393, -0.000709451036528, -0.000482369126985, 0.00156426616013, -0.00601233495399, 0.0147906048223]]}, "silence_rate_20dB": {"dvar": 0, "var": 0, "median": 1, "max": 1, "dmean": 0, "dmean2": 0, "mean": 1, "dvar2": 0, "min": 1}, "barkbands_skewness": {"dvar": 0.423092395067, "var": 3.26819229126, "median": 1.17268550396, "max": 15.0614595413, "dmean": 0.493201106787, "dmean2": 0.733684539795, "mean": 1.48271846771, "dvar2": 0.907139718533, "min": -6.91232824326}, "erbbands_skewness": {"dvar": 0.134306281805, "var": 1.3247961998, "median": 0.919138610363, "max": 10.4729413986, "dmean": 0.326898604631, "dmean2": 0.488816946745, "mean": 1.01578402519, "dvar2": 0.280970454216, "min": -3.86867880821}, "spectral_contrast_valleys": {"dvar": [0.114316157997, 0.0865358635783, 0.0817068964243, 0.0903993546963, 0.0835826024413, 0.119496509433], "var": [3.06157946587, 2.71791815758, 3.42982029915, 4.35891056061, 4.9194726944, 3.52125716209], "median": [-7.69965267181, -7.73053455353, -8.60593795776, -9.39006137848, -9.20285987854, -11.3337697983], "max": [-5.35778522491, -4.80613660812, -5.73081302643, -5.95979976654, -6.11858987808, -7.68509674072], "dmean": [0.357186973095, 0.292980462313, 0.284393250942, 0.269441187382, 0.219239905477, 0.235515490174], "dmean2": [0.585213899612, 0.472476989031, 0.453049659729, 0.417501449585, 0.320414304733, 0.313792198896], "mean": [-8.16206073761, -8.02375888824, -8.81720256805, -9.57563018799, -9.37757205963, -11.6373357773], "dvar2": [0.257867068052, 0.17828707397, 0.167005524039, 0.172371804714, 0.133278459311, 0.184559345245], "min": [-27.3852043152, -27.52085495, -27.1274280548, -27.4876747131, -27.3245983124, -27.2958889008]}, "spectral_strongpeak": {"dvar": 0.844754934311, "var": 4.51364374161, "median": 0.329167068005, "max": 11.991232872, "dmean": 0.470638543367, "dmean2": 0.785057246685, "mean": 1.44973754883, "dvar2": 2.09216880798, "min": 0}, "erbbands_crest": {"dvar": 6.01776075363, "var": 42.0677375793, "median": 12.8342351913, "max": 32.5906600952, "dmean": 2.29358029366, "dmean2": 3.41864061356, "mean": 13.8228588104, "dvar2": 13.3198270798, "min": 2.13433980942}, "barkbands_crest": {"dvar": 4.79268026352, "var": 20.0578994751, "median": 11.2667980194, "max": 26.0379886627, "dmean": 2.22121810913, "dmean2": 3.48357439041, "mean": 11.9622411728, "dvar2": 12.2108106613, "min": 2.69506621361}, "spectral_energyband_middle_low": {"dvar": 1.56345140567e-05, "var": 5.5698412325e-05, "median": 0.00317573733628, "max": 0.0884668678045, "dmean": 0.00181530194823, "dmean2": 0.0028091869317, "mean": 0.00586729450151, "dvar2": 3.88041662518e-05, "min": 2.73628988885e-22}, "spectral_contrast_coeffs": {"dvar": [0.00127165031154, 0.000955580850132, 0.000827470910735, 0.000519357330631, 0.000274603575235, 0.000159895411343], "var": [0.00763772986829, 0.00581046706066, 0.0118989972398, 0.00735468650237, 0.00360620953143, 0.0026072259061], "median": [-0.6760892272, -0.703312158585, -0.723375618458, -0.756104707718, -0.799826025963, -0.799942910671], "max": [-0.379003882408, -0.399914503098, -0.394629001617, -0.504028916359, -0.596144616604, -0.676314651966], "dmean": [0.0405185557902, 0.0352179668844, 0.0316201783717, 0.0256882440299, 0.0181337874383, 0.013583611697], "dmean2": [0.0672967880964, 0.0560394264758, 0.048760984093, 0.0400279611349, 0.0286112837493, 0.021332539618], "mean": [-0.670287489891, -0.698387503624, -0.702551603317, -0.748421370983, -0.802595376968, -0.803254365921], "dvar2": [0.00340339634567, 0.00232701632194, 0.00180810573511, 0.00117602734827, 0.000611707626376, 0.000357032346074], "min": [-0.968940377235, -0.960562109947, -0.971062719822, -0.963008582592, -0.963035166264, -0.963818669319]}, "hfc": {"dvar": 28.0299358368, "var": 393.953613281, "median": 3.61137962341, "max": 104.518127441, "dmean": 2.69584989548, "dmean2": 3.91687750816, "mean": 14.3560705185, "dvar2": 61.5441322327, "min": 1.18052503871e-16}, "spectral_energyband_high": {"dvar": 7.00002331655e-08, "var": 2.54920962561e-07, "median": 2.59054449998e-05, "max": 0.00884699262679, "dmean": 8.43961024657e-05, "dmean2": 0.000122609519167, "mean": 0.00026819985942, "dvar2": 1.33246203404e-07, "min": 7.75032206369e-21}, "erbbands_spread": {"dvar": 73.9506530762, "var": 389.880950928, "median": 17.3318157196, "max": 187.518615723, "dmean": 4.89685487747, "dmean2": 7.15334177017, "mean": 23.6780490875, "dvar2": 155.034210205, "min": 0.679054200649}, "dissonance": {"dvar": 0.000856377242599, "var": 0.0050275339745, "median": 0.42800360918, "max": 0.500000119209, "dmean": 0.0289856214076, "dmean2": 0.0485788695514, "mean": 0.40910872817, "dvar2": 0.00229425821453, "min": 0.124495856464}, "spectral_kurtosis": {"dvar": 39.1669425964, "var": 530.040161133, "median": 6.64878463745, "max": 174.863571167, "dmean": 3.16975855827, "dmean2": 5.19232606888, "mean": 14.1864404678, "dvar2": 99.9190826416, "min": -1.24542832375}, "spectral_skewness": {"dvar": 0.120234660804, "var": 3.1037364006, "median": 2.05281496048, "max": 11.6286249161, "dmean": 0.272030293941, "dmean2": 0.426731795073, "mean": 2.60965490341, "dvar2": 0.275745391846, "min": -0.00999412685633}, "pitch_salience": {"dvar": 0.00305430730805, "var": 0.0130664426833, "median": 0.509042859077, "max": 0.899990916252, "dmean": 0.0560227930546, "dmean2": 0.0888846069574, "mean": 0.506851136684, "dvar2": 0.00785736180842, "min": 0.0759353414178}, "spectral_complexity": {"dvar": 4.1218829155, "var": 89.5463790894, "median": 7, "max": 45, "dmean": 1.42339587212, "dmean2": 2.29750084877, "mean": 10.6883792877, "dvar2": 9.07776641846, "min": 0}, "spectral_spread": {"dvar": 568784977920, "var": 3833423200260.0, "median": 3823218.75, "max": 42437348, "dmean": 429532.21875, "dmean2": 631289.1875, "mean": 4074230.75, "dvar2": 949243871232, "min": 582680.625}, "dynamic_complexity": 8.76690006256, "melbands_crest": {"dvar": 7.68868589401, "var": 34.2118797302, "median": 14.7585964203, "max": 38.5098991394, "dmean": 2.81184244156, "dmean2": 4.42853021622, "mean": 15.7104434967, "dvar2": 19.3258571625, "min": 1.86673879623}, "zerocrossingrate": {"dvar": 0.00014151596406, "var": 0.00272422446869, "median": 0.03515625, "max": 0.6494140625, "dmean": 0.00598815875128, "dmean2": 0.00708271609619, "mean": 0.0430810563266, "dvar2": 0.000151015396114, "min": 0.00048828125}, "spectral_energyband_low": {"dvar": 6.64624676574e-05, "var": 9.88234605757e-05, "median": 0.00159566977527, "max": 0.123585134745, "dmean": 0.00276118051261, "dmean2": 0.00446917163208, "mean": 0.00501145236194, "dvar2": 0.000163817181601, "min": 5.77167746277e-23}, "melbands_kurtosis": {"dvar": 295.80456543, "var": 995.799682617, "median": 5.01348304749, "max": 602.943725586, "dmean": 6.5380191803, "dmean2": 10.0374317169, "mean": 14.7636728287, "dvar2": 655.639831543, "min": -1.83509039879}, "spectral_energyband_middle_high": {"dvar": 1.82055719051e-05, "var": 0.000190367762116, "median": 0.000567670504097, "max": 0.0890063866973, "dmean": 0.00172445364296, "dmean2": 0.00250304862857, "mean": 0.00768263777718, "dvar2": 4.3015639676e-05, "min": 1.50808647087e-21}, "barkbands_spread": {"dvar": 36.0581893921, "var": 180.80039978, "median": 9.34302806854, "max": 140.433547974, "dmean": 3.05190587044, "dmean2": 4.63345432281, "mean": 13.1036262512, "dvar2": 77.6595306396, "min": 0.328609019518}, "mfcc": {"mean": [-764.945861816, 140.51411438, 16.9967956543, 16.3501434326, 0.476115614176, 1.03096222878, 9.74370861053, -0.358792752028, -2.25066113472, 1.80308616161, -3.53187012672, -2.06296777725, -3.32483720779], "cov": [[23998.6796875, -615.228637695, -4783.92919922, -375.519897461, -451.126098633, 358.629577637, 625.399230957, 495.029632568, 759.215270996, 599.802246094, 75.963760376, -40.367855072, -154.009353638], [-615.228637695, 1331.10998535, 254.845397949, -164.538208008, -22.5775470734, -99.2573318481, 133.632324219, -57.3878097534, -24.7449760437, 56.7418937683, 24.4503326416, -3.4232339859, -65.6016540527], [-4783.92919922, 254.845397949, 1703.46472168, 255.456924438, 143.06060791, 22.2671451569, -217.194244385, -55.1659889221, -182.210342407, -139.28175354, 35.2218971252, 68.3650970459, 82.9976119995], [-375.519897461, -164.538208008, 255.456924438, 454.274047852, 180.355697632, 82.0236434937, -120.627601624, 73.057258606, 12.9607887268, -63.3854141235, 12.3809194565, 56.7143287659, 92.7801361084], [-451.126098633, -22.5775470734, 143.06060791, 180.355697632, 243.513122559, 33.0195236206, -54.1272926331, 37.8919906616, 11.3180646896, -18.3195285797, 11.5445480347, 34.3858604431, 39.9806251526], [358.629577637, -99.2573318481, 22.2671451569, 82.0236434937, 33.0195236206, 253.240692139, 75.4884643555, 51.2887535095, 23.8561916351, 19.5772647858, 53.0998420715, 2.17717266083, 56.8889770508], [625.399230957, 133.632324219, -217.194244385, -120.627601624, -54.1272926331, 75.4884643555, 259.978973389, 40.8423957825, 58.625579834, 67.8688964844, 35.4088096619, -4.20668888092, -5.13459539413], [495.029632568, -57.3878097534, -55.1659889221, 73.057258606, 37.8919906616, 51.2887535095, 40.8423957825, 149.314361572, 73.348526001, 9.43434238434, 11.6015176773, 14.9395303726, 23.0187911987], [759.215270996, -24.7449760437, -182.210342407, 12.9607887268, 11.3180646896, 23.8561916351, 58.625579834, 73.348526001, 162.827850342, 65.5792388916, 11.4358730316, -10.5481357574, -0.783865213394], [599.802246094, 56.7418937683, -139.28175354, -63.3854141235, -18.3195285797, 19.5772647858, 67.8688964844, 9.43434238434, 65.5792388916, 143.160964966, 32.9535751343, -8.31632709503, -28.6878128052], [75.963760376, 24.4503326416, 35.2218971252, 12.3809194565, 11.5445480347, 53.0998420715, 35.4088096619, 11.6015176773, 11.4358730316, 32.9535751343, 101.824562073, 32.5593986511, 11.2740716934], [-40.367855072, -3.4232339859, 68.3650970459, 56.7143287659, 34.3858604431, 2.17717266083, -4.20668888092, 14.9395303726, -10.5481357574, -8.31632709503, 32.5593986511, 105.688423157, 45.0552597046], [-154.009353638, -65.6016540527, 82.9976119995, 92.7801361084, 39.9806251526, 56.8889770508, -5.13459539413, 23.0187911987, -0.783865213394, -28.6878128052, 11.2740716934, 45.0552597046, 113.150535583]], "icov": [[0.000122159151942, -5.32413214387e-05, 0.000349808193278, -6.94009286235e-05, 0.000185200420674, -0.000234282706515, 0.000194429332623, -0.000225942465477, -7.56340959924e-05, -0.000159790084581, -1.2858381524e-05, -0.000213592531509, 8.81546729943e-05], [-5.32413214387e-05, 0.00101192190778, -0.00043925785576, 0.000161510019097, -0.000297195569146, 0.000678275187965, -0.00094472739147, 0.000342898070812, 0.000101829704363, -0.000197870132979, -0.000117985568068, 0.000122953759274, 0.000268687494099], [0.000349808193278, -0.00043925785576, 0.00188426719978, -0.000444452103693, 0.000398201344069, -0.00087909802096, 0.0011797323823, -0.000650221365504, 0.000468538375571, -0.000152236854774, -0.00047165734577, -0.000634300697129, -4.49334620498e-05], [-6.94009286235e-05, 0.000161510019097, -0.000444452103693, 0.00469806045294, -0.00217481818981, -0.00102980027441, 0.00179494067561, -0.00113420339767, -0.00081644981401, 0.00100554770324, 3.23800632032e-05, -0.000709798536263, -0.00139999366365], [0.000185200420674, -0.000297195569146, 0.000398201344069, -0.00217481818981, 0.00630325684324, -0.000