{"tonal": {"hpcp": {"dvar": [0.0292079262435, 0.0336279086769, 0.0360301062465, 0.0450860783458, 0.0334117971361, 0.0281239375472, 0.023618163541, 0.0185567215085, 0.0223805867136, 0.026419468224, 0.0224613882601, 0.0266560912132, 0.0385061316192, 0.0321659184992, 0.0250709056854, 0.021940074861, 0.0255550034344, 0.0351422019303, 0.0424030534923, 0.0438397191465, 0.0357968136668, 0.0312623605132, 0.0278713144362, 0.0400448665023, 0.0424774065614, 0.0301132947206, 0.0321438536048, 0.0418573878706, 0.0345117002726, 0.0317406840622, 0.0325960069895, 0.0332088693976, 0.0431469865143, 0.0491108745337, 0.0373149998486, 0.0336818620563], "var": [0.0236540045589, 0.0266391597688, 0.0522362440825, 0.120850428939, 0.0565789304674, 0.0224172696471, 0.0177689809352, 0.0141218071803, 0.0221656933427, 0.0369174778461, 0.024917608127, 0.0441767908633, 0.0926180034876, 0.0453712455928, 0.0200167987496, 0.018188867718, 0.0231523364782, 0.0477398522198, 0.0797955319285, 0.0540836527944, 0.0341162197292, 0.0254059676081, 0.0220083855093, 0.0639774054289, 0.112449720502, 0.0428672172129, 0.0390932299197, 0.0741393119097, 0.0456480458379, 0.0250207781792, 0.0257718525827, 0.0263793207705, 0.0679407641292, 0.147603139281, 0.0647084340453, 0.028910562396], "median": [0.0241345614195, 0.0245202034712, 0.0793546587229, 0.131031662226, 0.101195186377, 0.0330521650612, 0.019690528512, 0.0172694772482, 0.0350327864289, 0.0489593856037, 0.0425777435303, 0.0636665970087, 0.0939994603395, 0.0722222775221, 0.0294577777386, 0.0257670506835, 0.0228005051613, 0.0427684672177, 0.0630585774779, 0.0459769144654, 0.0182336419821, 0.015811059624, 0.0215652976185, 0.118467241526, 0.185970664024, 0.103639349341, 0.0209501069039, 0.0173695608974, 0.0180073902011, 0.0211889371276, 0.0214489903301, 0.0251552984118, 0.13598588109, 0.238561183214, 0.163651674986, 0.0283405501395], "max": [1, 1, 1, 1, 1, 1, 1, 1, 1, 1, 1, 1, 1, 1, 1, 1, 1, 1, 1, 1, 1, 1, 1, 1, 1, 1, 1, 1, 1, 1, 1, 1, 1, 1, 1, 1], "dmean": [0.0834953859448, 0.0912333354354, 0.128676742315, 0.146919310093, 0.129459857941, 0.0859158337116, 0.0665431395173, 0.0561534017324, 0.0720903128386, 0.088806912303, 0.0825709179044, 0.102323353291, 0.127603277564, 0.116176947951, 0.079670034349, 0.0697395056486, 0.0765715315938, 0.104511238635, 0.12478633225, 0.120795950294, 0.092560082674, 0.0818141624331, 0.087089791894, 0.144854128361, 0.152531549335, 0.121258966625, 0.0984971746802, 0.105182990432, 0.0962220355868, 0.086832717061, 0.0883538350463, 0.0979677736759, 0.152219265699, 0.16302959621, 0.14620848, 0.0979722216725], "dmean2": [0.148523524404, 0.164674267173, 0.220108121634, 0.241844236851, 0.219148039818, 0.155098736286, 0.120200484991, 0.101458080113, 0.126643523574, 0.153216525912, 0.144531413913, 0.172188773751, 0.211386725307, 0.19920475781, 0.143275812268, 0.125187680125, 0.137020140886, 0.181148514152, 0.211297631264, 0.208961769938, 0.163898035884, 0.145832136273, 0.157102316618, 0.249414905906, 0.253712296486, 0.2058698982, 0.172296211123, 0.182549729943, 0.169024288654, 0.158800259233, 0.159369081259, 0.176060110331, 0.261543512344, 0.271767258644, 0.246388554573, 0.174107253551], "mean": [0.077260248363, 0.0808657929301, 0.184954822063, 0.300890833139, 0.207992598414, 0.0839620009065, 0.062327478081, 0.0528454333544, 0.0831838697195, 0.117464482784, 0.097979426384, 0.15495274961, 0.23584574461, 0.161006942391, 0.0779545381665, 0.0696041435003, 0.0752145126462, 0.135386988521, 0.194485381246, 0.146696045995, 0.0873159468174, 0.07159601897, 0.0768714845181, 0.225261136889, 0.326327592134, 0.185815691948, 0.105908103287, 0.139430254698, 0.109501570463, 0.076573126018, 0.0789954736829, 0.0855733901262, 0.250048428774, 0.407181829214, 0.255230098963, 0.092290751636], "dvar2": [0.081321157515, 0.0943962186575, 0.0970740243793, 0.102785311639, 0.0893733352423, 0.0807196572423, 0.0677761957049, 0.0529967434704, 0.0629872754216, 0.0711713805795, 0.0614659301937, 0.0685240849853, 0.0942552760243, 0.0865105465055, 0.0720930099487, 0.0640759393573, 0.0716351345181, 0.0926274880767, 0.109479606152, 0.117456167936, 0.0929206609726, 0.0857596620917, 0.0777558088303, 0.109417155385, 0.106662228703, 0.0828357562423, 0.0864242166281, 0.107150398195, 0.0926165729761, 0.0894332006574, 0.0912925004959, 0.0933118611574, 0.118185259402, 0.117605619133, 0.0992037653923, 0.0927071869373], "min": [0, 0, 0, 0, 0, 0, 0, 0, 0, 0, 0, 0, 0, 0, 0, 0, 0, 0, 0, 0, 0, 0, 0, 0, 0, 0, 0, 0, 0, 0, 0, 0, 0, 0, 0, 0]}, "key_key": "C#", "thpcp": [1, 0.626820921898, 0.226657345891, 0.189743846655, 0.198598727584, 0.454231530428, 0.738959372044, 0.510810136795, 0.206202715635, 0.153070375323, 0.129783377051, 0.204291701317, 0.288481652737, 0.240628182888, 0.380549281836, 0.579214811325, 0.395417809486, 0.191448956728, 0.170941188931, 0.184719711542, 0.332497626543, 0.477637678385, 0.360271602869, 0.214439690113, 0.175833046436, 0.188789084554, 0.553220033646, 0.801429629326, 0.45634573698, 0.260100275278, 0.342427492142, 0.268925487995, 0.188056349754, 0.194005399942, 0.210160136223, 0.614095270634], "chords_key": "C#", "tuning_equal_tempered_deviation": 0.00792008079588, "tuning_frequency": 440.254241943, "tuning_diatonic_strength": 0.624779939651, "chords_histogram": [43.9260177612, 8.49096298218, 14.1235809326, 0.987810015678, 2.45901632309, 0.16813787818, 2.29087853432, 0.0210172347724, 0.189155101776, 0, 0, 0, 0, 0, 0, 0.48339638114, 0.588482558727, 1.34510302544, 0, 1.82849931717, 0, 2.01765441895, 3.90920543671, 17.1710796356], "key_strength": 0.74417746067, "key_scale": "major", "chords_strength": {"dvar": 0.000563841720577, "var": 0.0197337567806, "median": 0.479977846146, "max": 0.773697137833, "dmean": 0.00911465846002, "dmean2": 0.00954134669155, "mean": 0.469273030758, "dvar2": 0.00121305277571, "min": -1}, "chords_number_rate": 0.00210172333755, "tuning_nontempered_energy_ratio": 0.638076066971, "hpcp_entropy": {"dvar": 0.290250688791, "var": 0.647475302219, "median": 1.87975287437, "max": 4.57082509995, "dmean": 0.566011309624, "dmean2": 0.946689665318, "mean": 1.8956733942, "dvar2": 0.789547145367, "min": 0}, "chords_changes_rate": 0.065153427422, "chords_scale": "major"}, "rhythm": {"bpm_histogram_first_peak_spread": {"dvar": 0, "var": 0, "median": 0.355029582977, "max": 0.355029582977, "dmean": 0, "dmean2": 0, "mean": 0.355029582977, "dvar2": 0, "min": 0.355029582977}, "bpm_histogram_first_peak_weight": {"dvar": 0, "var": 0, "median": 0.615819215775, "max": 0.615819215775, "dmean": 0, "dmean2": 0, "mean": 0.615819215775, "dvar2": 0, "min": 0.615819215775}, "bpm_histogram_first_peak_bpm": {"dvar": 0, "var": 0, "median": 98, "max": 98, "dmean": 0, "dmean2": 0, "mean": 98, "dvar2": 0, "min": 98}, "bpm": 96.8826065063, "bpm_histogram_second_peak_weight": {"dvar": 0, "var": 0, "median": 0.0451977401972, "max": 0.0451977401972, "dmean": 0, "dmean2": 0, "mean": 0.0451977401972, "dvar2": 0, "min": 0.0451977401972}, "beats_loudness": {"dvar": 9.43563063629e-05, "var": 0.000313161668601, "median": 0.0326446481049, "max": 0.0945847705007, "dmean": 0.0102366581559, "dmean2": 0.0171489045024, "mean": 0.0314672514796, "dvar2": 0.000265724724159, "min": 1.09661247097e-11}, "beats_loudness_band_ratio": {"dvar": [0.0203991308808, 0.0102386027575, 0.0129967667162, 0.0177562274039, 0.00295866210945, 0.0036971163936], "var": [0.0443902648985, 0.0275144223124, 0.0221764799207, 0.0138944732025, 0.00503282435238, 0.00605033012107], "median": [0.373703539371, 0.175492435694, 0.121156051755, 0.0626823231578, 0.0543135777116, 0.0797403901815], "max": [0.909359157085, 0.730188310146, 0.795925617218, 0.759574532509, 0.560995817184, 0.601150929928], "dmean": [0.172930687666, 0.119205668569, 0.108842685819, 0.0917740911245, 0.0402369052172, 0.0491706617177], "dmean2": [0.29616099596, 0.216389745474, 0.188330441713, 0.17152826488, 0.0700494647026, 0.0865335837007], "mean": [0.400007218122, 0.218758761883, 0.174423962831, 0.100792080164, 0.0719597712159, 0.0863537937403], "dvar2": [0.0534498952329, 0.0302162952721, 0.0356350131333, 0.0551200211048, 0.00869522523135, 0.0105284461752], "min": [0, 0, 0, 0, 0, 0]}, "bpm_histogram_second_peak_bpm": {"dvar": 0, "var": 0, "median": 92, "max": 92, "dmean": 0, "dmean2": 0, "mean": 92, "dvar2": 0, "min": 92}, "onset_rate": 3.43589639664, "beats_count": 355, "beats_position": [0.638548731804, 1.28870749474, 1.93886613846, 2.58902478218, 3.23918366432, 3.87773227692, 4.5046710968, 5.13160991669, 5.74693870544, 6.3622674942, 6.98920631409, 7.60453510284, 8.2198638916, 8.83519268036, 9.45052146912, 10.0658502579, 10.6811790466, 11.3081178665, 11.9350566864, 12.5503854752, 13.1657142639, 13.7926530838, 14.4079818726, 15.0233106613, 15.6502494812, 16.2655773163, 16.8809070587, 17.4962348938, 18.1115646362, 18.7385025024, 19.3538322449, 19.96916008, 20.5960998535, 21.2230377197, 21.8383674622, 22.4536952972, 23.0690250397, 23.6843528748, 24.2996826172, 24.9150104523, 25.5303401947, 26.1456680298, 26.7726078033, 27.3995456696, 28.014875412, 28.6302032471, 29.2571430206, 29.8840808868, 30.5110206604, 31.1263484955, 31.7300682068, 32.3337860107, 32.9491157532, 33.5644454956, 34.1913833618, 34.818321228, 35.4336509705, 36.0605888367, 36.6875267029, 37.3028564453, 37.9181861877, 38.5219039917, 39.1488418579, 39.7641716003, 40.3795013428, 40.9948310852, 41.6217689514, 42.2370948792, 42.8524246216, 43.467754364, 44.0830841064, 44.6984100342, 45.3253517151, 45.9522895813, 46.5676193237, 47.1829452515, 47.7982749939, 48.4136047363, 49.0405426025, 49.655872345, 50.2828102112, 50.8981399536, 51.5250778198, 52.1404075623, 52.7557373047, 53.3710632324, 53.9863929749, 54.6133308411, 55.240272522, 55.8555984497, 56.4709281921, 57.0862579346, 57.701587677, 58.3169136047, 58.9322433472, 59.5591812134, 60.1745109558, 60.7898406982, 61.4051704407, 62.0204963684, 62.6358261108, 63.2511558533, 63.8780937195, 64.5050354004, 65.1319732666, 65.7472991943, 66.3626327515, 66.9779586792, 67.5932846069, 68.1970062256, 68.8239440918, 69.4392700195, 70.0546035767, 70.6699295044, 71.2968673706, 71.9122009277, 72.5275268555, 73.1428527832, 73.7581863403, 74.3735122681, 75.0004501343, 75.6157836914, 76.2427215576, 76.8696594238, 77.4849853516, 78.1119232178, 78.7156448364, 79.3425827026, 79.9579086304, 80.5732421875, 81.1885681152, 81.8039016724, 82.4308395386, 83.0345535278, 83.661491394, 84.2768249512, 84.9037628174, 85.5190887451, 86.1460266113, 86.7613601685, 87.3766860962, 87.9920196533, 88.6073455811, 89.2226715088, 89.849609375, 90.4649429321, 91.0802688599, 91.695602417, 92.3225402832, 92.9494781494, 93.5648040771, 94.1801376343, 94.8070755005, 95.4224014282, 96.037727356, 96.6646728516, 97.2799987793, 97.895324707, 98.5222625732, 99.1375961304, 99.7529220581, 100.368255615, 100.983581543, 101.610519409, 102.225845337, 102.852790833, 103.46811676, 104.083442688, 104.698776245, 105.314102173, 105.929428101, 106.556373596, 107.183311462, 107.810249329, 108.425575256, 109.040908813, 109.644622803, 110.25995636, 110.875282288, 111.490608215, 112.117546082, 112.744483948, 113.359817505, 113.975143433, 114.59047699, 115.205802917, 115.821128845, 116.448066711, 117.075012207, 117.690338135, 118.305664062, 118.92099762, 119.536323547, 120.140045166, 120.766983032, 121.393920898, 122.020858765, 122.624580383, 123.239906311, 123.855232239, 124.482177734, 125.109115601, 125.736053467, 126.351379395, 126.966712952, 127.582038879, 128.197372437, 128.824310303, 129.43963623, 130.054962158, 130.681900024, 131.297225952, 131.912567139, 132.539505005, 133.154830933, 133.77015686, 134.385482788, 135.000808716, 135.627746582, 136.243087769, 136.858413696, 137.485351562, 138.112289429, 138.739227295, 139.3777771, 140.016326904, 140.654876709, 141.305038452, 141.943572998, 142.582122803, 143.209060669, 143.847610474, 144.497772217, 145.14793396, 145.798095703, 146.448257446, 147.075195312, 147.702133179, 148.317459106, 148.932785034, 149.548110962, 150.16343689, 150.778778076, 151.394104004, 152.02104187, 152.636367798, 153.251693726, 153.878631592, 154.493972778, 155.109298706, 155.736236572, 156.3515625, 156.966888428, 157.582214355, 158.197555542, 158.824493408, 159.451431274, 160.066757202, 160.68208313, 161.297409058, 161.924346924, 162.539672852, 163.155014038, 163.770339966, 164.385665894, 165.000991821, 165.627929688, 166.254867554, 166.870193481, 167.485534668, 168.112472534, 168.727798462, 169.34312439, 169.970062256, 170.620223999, 171.270385742, 171.920547485, 172.57069397, 173.197631836, 173.824569702, 174.463119507, 175.101669312, 175.751831055, 176.401992798, 177.052154541, 177.679092407, 178.294418335, 178.921356201, 179.536682129, 180.163619995, 180.778961182, 181.394287109, 182.021224976, 182.648162842, 183.26348877, 183.878814697, 184.494140625, 185.109481812, 185.724807739, 186.351745605, 186.967071533, 187.594009399, 188.209335327, 188.824661255, 189.428390503, 190.055328369, 190.682266235, 191.309204102, 191.924530029, 192.539855957, 193.155181885, 193.770523071, 194.385848999, 195.012786865, 195.628112793, 196.243438721, 196.858764648, 197.485717773, 198.11265564, 198.716369629, 199.343307495, 199.958633423, 200.573959351, 201.189300537, 201.804626465, 202.431564331, 203.058502197, 203.673828125, 204.289154053, 204.90447998, 205.519821167, 206.146759033, 206.762084961, 207.377410889, 207.992736816, 208.608062744, 209.23500061, 209.850341797, 210.477279663, 211.092605591, 211.707931519, 212.323257446, 212.938583374, 213.565536499, 214.180862427, 214.796188354, 215.423126221, 216.038452148, 216.653778076, 217.269119263, 217.88444519, 218.511383057, 219.138320923, 219.765258789, 220.392196655], "danceability": 1.00520408154, "bpm_histogram_second_peak_spread": {"dvar": 0, "var": 0, "median": 0, "max": 0, "dmean": 0, "dmean2": 0, "mean": 0, "dvar2": 0, "min": 0}}, "lowlevel": {"spectral_flux": {"dvar": 0.0010934099555, "var": 0.00286157545634, "median": 0.0705931782722, "max": 0.324271470308, "dmean": 0.0231058951467, "dmean2": 0.0355025976896, "mean": 0.0797135680914, "dvar2": 0.00223992415704, "min": 5.33032618932e-07}, "spectral_rolloff": {"dvar": 745948.875, "var": 4851640, "median": 1442.72460938, "max": 19056.8847656, "dmean": 590.147766113, "dmean2": 944.837036133, "mean": 2046.64135742, "dvar2": 1585685.875, "min": 129.19921875}, "barkbands_flatness_db": {"dvar": 0.000374150695279, "var": 0.00504902238026, "median": 0.109318166971, "max": 0.393571406603, "dmean": 0.0186099112034, "dmean2": 0.0278373789042, "mean": 0.132207363844, "dvar2": 0.000809218618087, "min": 0.0227236449718}, "spectral_centroid": {"dvar": 70827.9453125, "var": 705796.625, "median": 1736.85534668, "max": 11050.8876953, "dmean": 229.516052246, "dmean2": 355.086639404, "mean": 1637.71520996, "dvar2": 150739.03125, "min": 229.109741211}, "melbands_skewness": {"dvar": 0.62541615963, "var": 1.42502272129, "median": 2.38883829117, "max": 10.191321373, "dmean": 0.607206463814, "dmean2": 0.953017294407, "mean": 2.48910593987, "dvar2": 1.54014456272, "min": -0.717399477959}, "melbands": {"dvar": [6.07053243584e-06, 7.70364295022e-06, 5.16080126545e-06, 8.03951536454e-07, 3.47840170889e-07, 5.26995791006e-07, 2.65451262749e-07, 9.22696941075e-08, 8.76845120956e-08, 9.46350695585e-08, 7.81640281389e-08, 3.66186618805e-08, 3.76072950559e-09, 3.89283094648e-09, 6.95708513021e-09, 2.03065475546e-09, 3.48769879643e-09, 3.14798120904e-09, 1.75011949377e-09, 1.04213782048e-09, 1.23154952902e-09, 4.55439574942e-10, 3.27549515289e-10, 1.15791029542e-10, 1.27140936668e-10, 1.24722801531e-10, 1.82211551403e-10, 2.50128862067e-10, 1.79261341882e-10, 1.32627825389e-10, 1.15061703221e-10, 1.09149092542e-10, 6.3267446837e-11, 2.87847315428e-11, 1.96673840408e-11, 6.66325588455e-12, 3.92361317048e-12, 4.23785442502e-12, 2.85364960828e-12, 1.02571629575e-12], "var": [6.36484492134e-06, 5.60794705962e-06, 5.96814470555e-06, 1.06751394924e-06, 4.49885391163e-07, 6.37370419554e-07, 3.94496311173e-07, 2.05169897072e-07, 1.84774350487e-07, 5.76810577968e-07, 3.99087753067e-07, 1.64035526495e-07, 8.92732732183e-09, 6.07715433532e-09, 1.27479822254e-08, 5.57453594396e-09, 5.88907766996e-09, 5.13944664604e-09, 3.14434234205e-09, 1.76633063731e-09, 2.74991229787e-09, 8.83436268584e-10, 6.27393303976e-10, 2.39155917292e-10, 2.79188505647e-10, 1.94172816714e-10, 4.24734442062e-10, 5.46936718138e-10, 4.01196964539e-10, 2.99590408037e-10, 2.31242400228e-10, 2.67757233052e-10, 2.50455128858e-10, 1.02816026526e-10, 4.23160465002e-11, 1.53522420471e-11, 7.14372094465e-12, 7.94651931063e-12, 5.68845101231e-12, 1.98938998955e-12], "median": [0.000455717759905, 0.000800091540441, 0.00058991543483, 0.000396782066673, 0.000206848999369, 0.000268017756753, 0.000192200182937, 0.000100602163002, 7.3010691267e-05, 6.60137739033e-05, 6.49712164886e-05, 4.73838881589e-05, 3.12463744194e-05, 2.51104247582e-05, 1.72013351403e-05, 1.48906092363e-05, 1.42258986671e-05, 2.46680010605e-05, 1.32001850943e-05, 1.60948802659e-05, 1.90158498299e-05, 2.22836169996e-05, 1.34717574838e-05, 9.76183764578e-06, 1.20214181152e-05, 8.26707127999e-06, 1.24795351439e-05, 1.33753746923e-05, 1.04640157588e-05, 7.57214002078e-06, 7.32439320927e-06, 8.42446570459e-06, 5.53832342121e-06, 3.30732336806e-06, 2.01161537916e-06, 1.15834893677e-06, 6.76125296195e-07, 5.71192799725e-07, 4.39775135419e-07, 2.594569537e-07], "max": [0.0229823384434, 0.0267796181142, 0.0303165018559, 0.0115910544991, 0.0169950891286, 0.0172453261912, 0.00790427159518, 0.0103884972632, 0.00649204896763, 0.00917604379356, 0.00583026837558, 0.00442268885672, 0.00170956528746, 0.00241556577384, 0.0022009878885, 0.00144690112211, 0.00156216952018, 0.00183070893399, 0.00137239834294, 0.00120317959227, 0.000880626263097, 0.000514386920258, 0.000503509712871, 0.000182811141713, 0.000147865881445, 0.00017596296675, 0.000272208242677, 0.000367878586985, 0.00026627551415, 0.000286688329652, 0.000173167965841, 0.000248745403951, 0.00013249181211, 8.55375692481e-05, 9.5035371487e-05, 5.23521921423e-05, 5.56802478968e-05, 5.90225245105e-05, 4.69785372843e-05, 2.71291428362e-05], "dmean": [0.000838656735141, 0.000968631647993, 0.00095636973856, 0.000462155818241, 0.000215566964471, 0.0002868991578, 0.000215215404751, 0.000122091849335, 9.61174955592e-05, 0.000114637710794, 0.000113599649922, 7.97933389549e-05, 2.97066162602e-05, 2.52329737123e-05, 2.68444964604e-05, 1.99861515284e-05, 2.05422002182e-05, 2.45508290391e-05, 1.52864377014e-05, 1.32714321808e-05, 1.74295764737e-05, 1.37021461342e-05, 9.88425563264e-06, 6.28846828477e-06, 7.35088224246e-06, 6.07780702921e-06, 8.07697688288e-06, 9.08431957214e-06, 7.62435320212e-06, 6.08198024565e-06, 5.80375854042e-06, 5.98560245635e-06, 4.64768845632e-06, 2.89607396553e-06, 1.87446107702e-06, 1.13452119876e-06, 7.5777057873e-07, 7.2262133699e-07, 6.14789712472e-07, 3.73664761355e-07], "dmean2": [0.00134461221751, 0.00171561236493, 0.00161621288862, 0.000792273087427, 0.000347784429323, 0.000469060323667, 0.000353986572009, 0.00019783982134, 0.000153770350153, 0.00017682586622, 0.000168404221768, 0.00012028956553, 4.77242574561e-05, 4.05390019296e-05, 4.13684065279e-05, 3.1291248888e-05, 3.29012109432e-05, 3.97211115342e-05, 2.46566523856e-05, 2.18460736505e-05, 2.86500726361e-05, 2.26840511459e-05, 1.60513573064e-05, 1.04742048279e-05, 1.23787503981e-05, 1.01960558823e-05, 1.34553883981e-05, 1.5307456124e-05, 1.2690757103e-05, 1.00791694422e-05, 9.75368584477e-06, 9.84361213341e-06, 7.35071535019e-06, 4.43969202024e-06, 2.97762835544e-06, 1.8048505126e-06, 1.19202979931e-06, 1.10996427338e-06, 9.45713907186e-07, 5.7784410501e-07], "mean": [0.00133282819297, 0.00137527985498, 0.0012998287566, 0.000742811826058, 0.000380286743166, 0.000508159399033, 0.000386987550883, 0.000210947488085, 0.000184910328244, 0.000276375038084, 0.000279903237242, 0.000184446034837, 5.75024059799e-05, 4.56789348391e-05, 4.36225091107e-05, 3.51124799636e-05, 3.37002311426e-05, 4.32924680354e-05, 2.66244660452e-05, 2.48979740718e-05, 3.49262372765e-05, 2.93405610137e-05, 2.00971971935e-05, 1.34777419589e-05, 1.56533242262e-05, 1.17115923786e-05, 1.74463566509e-05, 1.94622389245e-05, 1.59586543305e-05, 1.26765926325e-05, 1.15545935842e-05, 1.33564226417e-05, 1.20232798508e-05, 7.30580859454e-06, 4.06364142691e-06, 2.42622218138e-06, 1.52968505063e-06, 1.40870133691e-06, 1.20023867112e-06, 7.03902117039e-07], "dvar2": [1.536426862e-05, 2.22226717597e-05, 1.32278073579e-05, 2.20735114453e-06, 8.36770539081e-07, 1.33474486574e-06, 6.80967843891e-07, 2.29220660231e-07, 2.11329080457e-07, 2.08760042142e-07, 1.64105173894e-07, 8.07987845519e-08, 9.64155333349e-09, 9.6592422949e-09, 1.4690869854e-08, 4.65033167529e-09, 8.4915221521e-09, 7.51316786562e-09, 4.01907618297e-09, 2.45417841604e-09, 3.2409028794e-09, 1.15456044725e-09, 8.13750122841e-10, 3.12294412552e-10, 3.46773776361e-10, 3.37115640958e-10, 4.89099816203e-10, 6.68276323168e-10, 4.65585042742e-10, 3.46128237183e-10, 3.07489589346e-10, 2.83390699796e-10, 1.54784879358e-10, 6.3881767931e-11, 4.79834262601e-11, 1.56728015982e-11, 9.23619427468e-12, 9.23512655238e-12, 6.02660846574e-12, 2.18404547919e-12], "min": [1.71834999298e-23, 1.48792845573e-23, 1.34187795887e-23, 3.55062230806e-24, 3.86867012023e-24, 9.139435581e-24, 1.24779296418e-23, 8.39877092164e-24, 6.51939343421e-24, 9.5442498097e-24, 1.30747478816e-23, 1.25596153996e-23, 7.56013368216e-24, 1.16288384176e-23, 1.75174026628e-23, 1.67479477359e-23, 1.06721923198e-23, 8.83438622439e-24, 7.7199237694e-24, 7.74482731932e-24, 8.69322272085e-24, 1.25265534502e-23, 7.0579771732e-24, 6.87089486522e-24, 8.17283326978e-24, 1.37456441048e-23, 1.23927989283e-23, 1.02983101161e-23, 1.45690018974e-23, 1.62313463949e-23, 9.08647067096e-24, 7.74456699522e-24, 8.2683501259e-24, 1.15352897694e-23, 7.85034062084e-24, 1.03229115323e-23, 8.17384064515e-24, 1.04312663108e-23, 6.90966185668e-24, 8.61947842571e-24]}, "spectral_decrease": {"dvar": 1.8034947758e-17, "var": 2.6479586655e-17, "median": -6.07856387447e-09, "max": 8.76253296263e-20, "dmean": 2.34577957059e-09, "dmean2": 3.88239174143e-09, "mean": -6.72810784863e-09, "dvar2": 4.78489573648e-17, "min": -3.86790190987e-08}, "barkbands_kurtosis": {"dvar": 7.02625131607, "var": 26.7610435486, "median": 0.926873803139, "max": 53.6557807922, "dmean": 1.71346580982, "dmean2": 2.75691795349, "mean": 3.00154471397, "dvar2": 17.9298362732, "min": -1.83823764324}, "silence_rate_30dB": {"dvar": 0.000630379654467, "var": 0.000315159442835, "median": 1, "max": 1, "dmean": 0.000630715861917, "dmean2": 0.00126156432088, "mean": 0.999684691429, "dvar2": 0.00189100147691, "min": 0}, "gfcc": {"mean": [-5.19561719894, 93.638961792, -124.766716003, 39.389175415, -63.9124259949, 3.40142655373, -34.0480651855, 1.8864415884, -21.3861198425, -2.59466910362, -20.0578269958, -0.898190617561, -8.18492031097], "cov": [[20100.3378906, -2115.20874023, -308.168395996, 1277.73144531, -1343.9888916, 1465.94677734, 72.1231613159, 749.85144043, 93.8560028076, 577.253051758, -490.029846191, 277.105895996, -328.042877197], [-2115.20874023, 2760.79077148, -274.051239014, -453.496276855, 584.534057617, -745.779174805, -83.8134613037, -338.235717773, -48.1745414734, -285.183868408, 186.22215271, -128.903686523, 161.854507446], [-308.168395996, -274.051239014, 695.110473633, -0.444673836231, 11.6735315323, 139.755767822, -21.2567329407, 95.1685638428, 20.7817401886, 72.0612792969, 12.8698663712, 97.7962188721, -37.2529907227], [1277.73144531, -453.496276855, -0.444673836231, 480.150695801, 9.6702003479, 284.727874756, 142.386749268, 119.651908875, 92.8059844971, 120.079627991, -20.5197238922, 8.53845310211, 22.9238586426], [-1343.9888916, 584.534057617, 11.6735315323, 9.6702003479, 429.338562012, -142.805541992, 96.68384552, -55.8227348328, 22.0674133301, -6.07295751572, 84.0838012695, -43.1820220947, 72.8707885742], [1465.94677734, -745.779174805, 139.755767822, 284.727874756, -142.805541992, 442.247833252, 137.165435791, 191.328033447, 73.5365982056, 134.458328247, -48.5146255493, 54.7808036804, -36.4210166931], [72.1231613159, -83.8134613037, -21.2567329407, 142.386749268, 96.68384552, 137.165435791, 313.086547852, 94.7373886108, 69.8747253418, 56.3760375977, -0.995896160603, 12.0338745117, 44.2658042908], [749.85144043, -338.235717773, 95.1685638428, 119.651908875, -55.8227348328, 191.328033447, 94.7373886108, 185.466766357, 68.2401351929, 79.9705734253, -15.5769920349, 35.8893547058, -5.84263896942], [93.8560028076, -48.1745414734, 20.7817401886, 92.8059844971, 22.0674133301, 73.5365982056, 69.8747253418, 68.2401351929, 129.605789185, 58.280292511, 14.504609108, 13.7228794098, 28.0035800934], [577.253051758, -285.183868408, 72.0612792969, 120.079627991, -6.07295751572, 134.458328247, 56.3760375977, 79.9705734253, 58.280292511, 137.673217773, 14.7041254044, 32.9430427551, -5.69476413727], [-490.029846191, 186.22215271, 12.8698663712, -20.5197238922, 84.0838012695, -48.5146255493, -0.995896160603, -15.5769920349, 14.504609108, 14.7041254044, 98.9360122681, 15.204873085, 23.6449718475], [277.105895996, -128.903686523, 97.7962188721, 8.53845310211, -43.1820220947, 54.7808036804, 12.0338745117, 35.8893547058, 13.7228794098, 32.9430427551, 15.204873085, 100.926727295, 12.443901062], [-328.042877197, 161.854507446, -37.2529907227, 22.9238586426, 72.8707885742, -36.4210166931, 44.2658042908, -5.84263896942, 28.0035800934, -5.69476413727, 23.6449718475, 12.443901062, 106.463577271]], "icov": [[0.000152100124978, -0.000267327239271, 0.000188309975783, -0.000368395849364, 0.00041559865349, -0.000230741687119, 0.000168773331097, -0.00038012090954, 0.000408895808505, -0.000693574314937, 0.000667131273076, -0.00046227913117, 0.000327069254126], [-0.000267327239271, 0.0014912916813, -0.000233477519942, 0.000936450553127, -0.00156280782539, 0.00114962435327, -0.00032095372444, 0.000869425712153, -0.00134345155675, 0.00244881538674, -0.00198346422985, 0.00101825234015, -0.000924227118958], [0.000188309975783, -0.000233477519942, 0.00233461335301, 0.000120016833534, -0.000607430876698, -0.00110098253936, 0.00103361404035, -0.00117488834076, 0.000420590920839, -0.00093610357726, 0.00108063197695, -0.00251331343316, 0.00116420141421], [-0.000368395849364, 0.000936450553127, 0.000120016833534, 0.0053619206883, -0.00216056779027, -0.0023710464593, -0.000274876598269, 0.00156827003229, -0.00208728923462, 0.000600870116614, -0.0011380224023, 0.00200608489104, -0.00220383470878], [0.00041559865349, -0.00156280782539, -0.000607430876698, -0.00216056779027, 0.00658403569832, 0.00090163043933, -0.00166122324299, -0.000370404566638, 0.00177848606836, -0.00350072979927, -0.000460817886051, 0.00130184344016, -0.000323458400089], [-0.000230741687119, 0.00114962435327, -0.00110098253936, -0.0023710464593, 0.00090163043933, 0.00908460933715, -0.0021210629493, -0.00273295259103, -0.00037566293031, -0.000136401489726, -0.000623366853688, 0.000101823970908, 0.00110723532271], [0.000168773331097, -0.00032095372444, 0.00103361404035, -0.000274876598269, -0.00166122324299, -0.0021210629493, 0.00569214625284, -0.00208912650123, -0.0003188176197, -0.000585862027947, 0.00188558129594, -0.00129080330953, -0.000856453727465], [-0.00038012090954, 0.000869425712153, -0.00117488834076, 0.00156827003229, -0.000370404566638, -0.00273295259103, -0.00208912650123, 0.0130152935162, -0.00431419396773, 0.000299121224089, -0.00135368842166, 0.000921428669244, -0.000996603746898], [0.000408895808505, -0.00134345155675, 0.000420590920839, -0.00208728923462, 0.00177848606836, -0.00037566293031, -0.0003188176197, -0.00431419396773, 0.0134867299348, -0.00557378772646, 0.000988997053355, -0.000503944000229, -0.00155744457152], [-0.000693574314937, 0.00244881538674, -0.00093610357726, 0.000600870116614, -0.00350072979927, -0.000136401489726, -0.000585862027947, 0.000299121224089, -0.00557378772646, 0.0183037891984, -0.00684004323557, 0.000213141101995, 0.000231962927501], [0.000667131273076, -0.00198346422985, 0.00108063197695, -0.0011380224023, -0.000460817886051, -0.000623366853688, 0.00188558129594, -0.00135368842166, 0.000988997053355, -0.00684004323557, 0.0181799922138, -0.00567438732833, 0.00093763298355], [-0.00046227913117, 0.00101825234015, -0.00251331343316, 0.00200608489104, 0.00130184344016, 0.000101823970908, -0.00129080330953, 0.000921428669244, -0.000503944000229, 0.000213141101995, -0.00567438732833, 0.0165521148592, -0.00508327549323], [0.000327069254126, -0.000924227118958, 0.00116420141421, -0.00220383470878, -0.000323458400089, 0.00110723532271, -0.000856453727465, -0.000996603746898, -0.00155744457152, 0.000231962927501, 0.00093763298355, -0.00508327549323, 0.0143972244114]]}, "silence_rate_20dB": {"dvar": 0, "var": 0, "median": 1, "max": 1, "dmean": 0, "dmean2": 0, "mean": 1, "dvar2": 0, "min": 1}, "barkbands_skewness": {"dvar": 0.224031656981, "var": 1.05739057064, "median": 1.22673010826, "max": 6.28081274033, "dmean": 0.408453136683, "dmean2": 0.637360334396, "mean": 1.37645936012, "dvar2": 0.524104714394, "min": -2.43914723396}, "erbbands_skewness": {"dvar": 0.0805533379316, "var": 0.706699967384, "median": 0.154281884432, "max": 3.10354971886, "dmean": 0.290151119232, "dmean2": 0.448942005634, "mean": 0.275096297264, "dvar2": 0.188356250525, "min": -2.18165183067}, "spectral_contrast_valleys": {"dvar": [0.135926365852, 0.0829846560955, 0.0654572844505, 0.0521911904216, 0.0509437136352, 0.160357281566], "var": [3.19038915634, 1.93843483925, 1.73998618126, 1.75350058079, 2.15249228477, 3.21256637573], "median": [-7.05235385895, -6.47849082947, -7.114341259, -7.38834285736, -6.85459136963, -9.76898002625], "max": [-5.25431442261, -4.31763029099, -5.30285263062, -5.84928703308, -5.46059370041, -7.78429317474], "dmean": [0.395062625408, 0.328223466873, 0.2889354527, 0.243280723691, 0.205919727683, 0.304744184017], "dmean2": [0.633559823036, 0.536989450455, 0.468482613564, 0.383357048035, 0.308117568493, 0.41647914052], "mean": [-7.55672502518, -6.72968959808, -7.37319660187, -7.75211620331, -7.40007257462, -10.3610267639], "dvar2": [0.32295948267, 0.201265871525, 0.149848878384, 0.10694526881, 0.09184217453, 0.248694777489], "min": [-26.819732666, -27.3563232422, -27.2192211151, -27.2420902252, -27.0747299194, -27.217912674]}, "spectral_strongpeak": {"dvar": 0.772517859936, "var": 1.6710588932, "median": 0.472486615181, "max": 9.38689899445, "dmean": 0.510120630264, "dmean2": 0.869694948196, "mean": 1.03133296967, "dvar2": 1.90394210815, "min": 0}, "erbbands_crest": {"dvar": 5.07039833069, "var": 20.9244022369, "median": 7.58770275116, "max": 29.4347076416, "dmean": 2.11755919456, "dmean2": 3.37823724747, "mean": 8.79825878143, "dvar2": 12.5033140182, "min": 2.47071504593}, "barkbands_crest": {"dvar": 5.50284099579, "var": 14.625500679, "median": 8.70352935791, "max": 24.8616065979, "dmean": 2.29552555084, "dmean2": 3.69945240021, "mean": 9.28458213806, "dvar2": 13.3167467117, "min": 2.1362555027}, "spectral_energyband_middle_low": {"dvar": 0.000109657346911, "var": 0.000162459051353, "median": 0.0089387530461, "max": 0.130989655852, "dmean": 0.00528433639556, "dmean2": 0.00867653265595, "mean": 0.0127210374922, "dvar2": 0.000287003727863, "min": 2.57296311729e-22}, "spectral_contrast_coeffs": {"dvar": [0.00195916369557, 0.00144961010665, 0.00086555123562, 0.000547121162526, 0.000245158589678, 0.000371375179384], "var": [0.0112616568804, 0.00745289120823, 0.00556564470753, 0.00201918114908, 0.00105288927443, 0.00290079368278], "median": [-0.629410505295, -0.732552230358, -0.7662961483, -0.786297678947, -0.787860989571, -0.704987287521], "max": [-0.289300262928, -0.382509976625, -0.459463387728, -0.567728996277, -0.59694391489, -0.555377006531], "dmean": [0.0516737066209, 0.0449187494814, 0.0357987694442, 0.0285892095417, 0.0197278298438, 0.0201416760683], "dmean2": [0.0841805413365, 0.0736111998558, 0.0574613921344, 0.046282723546, 0.0322565250099, 0.0313102416694], "mean": [-0.617635905743, -0.720039784908, -0.754332065582, -0.783322989941, -0.787487447262, -0.716910898685], "dvar2": [0.00491270422935, 0.00373963359743, 0.00215076724999, 0.00136678980198, 0.000619006634224, 0.000804124516435], "min": [-0.96780872345, -0.965937137604, -0.970333397388, -0.967381954193, -0.965566813946, -0.961331605911]}, "hfc": {"dvar": 78.7800750732, "var": 406.280609131, "median": 24.905380249, "max": 124.500137329, "dmean": 5.49138450623, "dmean2": 8.78318786621, "mean": 26.4222564697, "dvar2": 199.652191162, "min": 1.0925742329e-16}, "spectral_energyband_high": {"dvar": 1.02611750208e-06, "var": 4.37326434621e-06, "median": 0.00153447384946, "max": 0.0170984193683, "dmean": 0.000592491822317, "dmean2": 0.000941778765991, "mean": 0.00199104752392, "dvar2": 2.50506877819e-06, "min": 7.21506592933e-21}, "erbbands_spread": {"dvar": 65.0938491821, "var": 274.427490234, "median": 41.2287826538, "max": 116.370704651, "dmean": 7.19717693329, "dmean2": 11.1361913681, "mean": 42.4881515503, "dvar2": 149.308532715, "min": 9.10484027863}, "dissonance": {"dvar": 0.000222596689127, "var": 0.000674168171827, "median": 0.474802285433, "max": 0.500000059605, "dmean": 0.0152765391394, "dmean2": 0.025593360886, "mean": 0.46722060442, "dvar2": 0.00059928331757, "min": 0.320593357086}, "spectral_kurtosis": {"dvar": 19.9498004913, "var": 46.5338134766, "median": 2.31102705002, "max": 82.9542007446, "dmean": 2.13441753387, "dmean2": 3.59634017944, "mean": 4.7364153862, "dvar2": 56.3240585327, "min": -1.20989906788}, "spectral_skewness": {"dvar": 0.102711692452, "var": 0.603260934353, "median": 1.02855050564, "max": 6.73172044754, "dmean": 0.231430023909, "dmean2": 0.377048105001, "mean": 1.33197212219, "dvar2": 0.281551659107, "min": -0.0101067973301}, "pitch_salience": {"dvar": 0.00333703239448, "var": 0.0104778623208, "median": 0.563788890839, "max": 0.871087789536, "dmean": 0.06082803756, "dmean2": 0.097784422338, "mean": 0.559620916843, "dvar2": 0.00851622316986, "min": 0.143884196877}, "spectral_complexity": {"dvar": 13.9397382736, "var": 169.706756592, "median": 25, "max": 60, "dmean": 3.44665193558, "dmean2": 5.36816644669, "mean": 24.3832244873, "dvar2": 30.8472003937, "min": 0}, "spectral_spread": {"dvar": 335862792192, "var": 2071888789500.0, "median": 4464526, "max": 40579472, "dmean": 395940.9375, "dmean2": 577041.75, "mean": 4295423, "dvar2": 503020322816, "min": 966143.3125}, "dynamic_complexity": 2.81322741508, "melbands_crest": {"dvar": 10.2166624069, "var": 25.1489067078, "median": 12.6748504639, "max": 35.1175193787, "dmean": 3.11352396011, "dmean2": 4.94027042389, "mean": 13.5088729858, "dvar2": 24.3107299805, "min": 1.69848692417}, "zerocrossingrate": {"dvar": 0.00012012704974, "var": 0.00307115144096, "median": 0.06982421875, "max": 0.51904296875, "dmean": 0.00945960916579, "dmean2": 0.0113241514191, "mean": 0.0733462721109, "dvar2": 0.000146546866745, "min": 0.0078125}, "spectral_energyband_low": {"dvar": 0.000175531458808, "var": 0.000166755984537, "median": 0.00591723900288, "max": 0.116378262639, "dmean": 0.00536434957758, "dmean2": 0.00897692237049, "mean": 0.00885569304228, "dvar2": 0.000468205718789, "min": 1.15766019417e-22}, "melbands_kurtosis": {"dvar": 65.5435562134, "var": 104.836006165, "median": 7.45360040665, "max": 124.687072754, "dmean": 4.73324680328, "dmean2": 7.75371837616, "mean": 10.2417154312, "dvar2": 169.126602173, "min": -1.63100087643}, "spectral_energyband_middle_high": {"dvar": 5.99980285187e-06, "var": 3.60835074389e-05, "median": 0.00436040200293, "max": 0.0490252934396, "dmean": 0.00152304104995, "dmean2": 0.00232173432596, "mean": 0.005786400754, "dvar2": 1.36740418384e-05, "min": 1.60159372593e-21}, "barkbands_spread": {"dvar": 41.5745353699, "var": 255.510299683, "median": 28.0311508179, "max": 89.3372268677, "dmean": 5.25040626526, "dmean2": 8.15721225739, "mean": 27.3182849884, "dvar2": 93.1341781616, "min": 1.4156897068}, "mfcc": {"mean": [-634.801391602, 113.718231201, -1.86571967602, 29.6760730743, -5.74619245529, 4.07035160065, -7.00972175598, 2.00129508972, 1.02761209011, -4.06434726715, -5.68660211563, -3.74900341034, -2.16632318497], "cov": [[10419.3027344, -2509.04589844, 416.369506836, 468.692199707, -595.178466797, 815.596984863, 156.22265625, 486.247344971, 590.439208984, 622.924316406, 447.093933105, 61.7220306396, 201.870452881], [-2509.04589844, 2343.76782227, -192.391555786, 30.8831825256, 359.055786133, -339.428833008, -17.8507652283, -161.352203369, -232.987365723, -261.166046143, -197.032318115, 2.0012345314, -51.5373420715], [416.369506836, -192.391555786, 492.732849121, -68.0582199097, -4.91212034225, 46.6512184143, -24.9426383972, 69.6775436401, 16.362077713, 14.3133554459, 60.1227149963, 5.62230730057, -1.03668558598], [468.692199707, 30.8831825256, -68.0582199097, 266.250823975, 62.3662490845, 99.89427948, 65.5467300415, 21.9294624329, 80.4608459473, 63.9354248047, 7.25643587112, 34.4751091003, 39.5404815674], [-595.178466797, 359.055786133, -4.91212034225, 62.3662490845, 237.307388306, -29.1161136627, 12.1048631668, -56.3842430115, -36.5515289307, -22.5490913391, -33.0029563904, 32.4127578735, 5.7744884491], [815.596984863, -339.428833008, 46.6512184143, 99.89427948, -29.1161136627, 223.459838867, 71.8876724243, 80.5554962158, 107.898384094, 99.9658203125, 69.0591049194, 20.6692581177, 39.1118392944], [156.22265625, -17.8507652283, -24.9426383972, 65.5467300415, 12.1048631668, 71.8876724243, 162.68371582, 52.3816757202, 61.1355056763, 53.5720291138, 21.944852829, 29.5564651489, 27.5935173035], [486.247344971, -161.352203369, 69.6775436401, 21.9294624329, -56.3842430115, 80.5554962158, 52.3816757202, 146.625778198, 82.1450576782, 66.3788604736, 51.6372909546, 9.48054122925, 30.1809406281], [590.439208984, -232.987365723, 16.362077713, 80.4608459473, -36.5515289307, 107.898384094, 61.1355056763, 82.1450576782, 179.441055298, 109.701637268, 48.2018318176, 19.4402675629, 24.3619594574], [622.924316406, -261.166046143, 14.3133554459, 63.9354248047, -22.5490913391, 99.9658203125, 53.5720291138, 66.3788604736, 109.701637268, 169.144805908, 77.5922775269, 14.711186409, 37.3531532288], [447.093933105, -197.032318115, 60.1227149963, 7.25643587112, -33.0029563904, 69.0591049194, 21.944852829, 51.6372909546, 48.2018318176, 77.5922775269, 114.822532654, 32.2577972412, 24.4219760895], [61.7220306396, 2.0012345314, 5.62230730057, 34.4751091003, 32.4127578735, 20.6692581177, 29.5564651489, 9.48054122925, 19.4402675629, 14.711186409, 32.2577972412, 79.5371704102, 29.8207492828], [201.870452881, -51.5373420715, -1.03668558598, 39.5404815674, 5.7744884491, 39.1118392944, 27.5935173035, 30.1809406281, 24.3619594574, 37.3531532288, 24.4219760895, 29.8207492828, 80.0805511475]], "icov": [[0.000195041313418, 6.77979987813e-05, -0.000117066017992, -0.000338062178344, 0.000382462138077, -0.000256054248894, 0.000150060674059, -7.59977774578e-05, 3.14703038384e-06, -0.000221319205593, -0.000124006241094, -2.12443010241e-05, -6.02100953984e-05], [6.77979987813e-05, 0.000857909966726, 0.000138858507853, -0.000479072652524, -0.000922186707612, 0.000969069369603, -0.000309036753606, -0.000494038802572, 0.000209600038943, 0.000688498548698, -3.01571963064e-05, 0.000239847664488, 4.04085876653e-05], [-0.000117066017992, 0.000138858507853, 0.00269188638777, 0.00101165263914, -0.00124196882825, -0.000320233724779, 0.000630873371847, -0.00150240107905, -2.59545831796e-05, 0.000861680426169, -0.00108143349644, 0.000126988146803, 0.000403096433729], [-0.000338062178344, -0.000479072652524, 0.00101165263914, 0.00696745794266, -0.00192499696277, -0.00235279346816, -0.000422325130785, 0.000640870828647, -0.0017109955661, -0.000615370401647, 0.00186019181274, -0.00118443137035, -0.00101002841257], [0.000382462138077, -0.000922186707612, -0.00124196882825, -0.00192499696277, 0.00809168443084, -0.00118389748968, -3.64060542779e-05, 0.00245468760841, 0.00112040713429, -0.00236389529891, 0.00166296947282, -0.0030789480079, -0.000139872281579], [-0.000256054248894, 0.000969069369603, -0.000