{"tonal": {"chords_key": "D", "hpcp_entropy": {"dmean": 0.428295493126, "dmean2": 0.742233812809, "max": 3.5074634552, "dvar": 0.197808369994, "mean": 1.17169833183, "dvar2": 0.538416802883, "min": 0, "var": 0.485138773918, "median": 1.16031002998}, "key_key": "D", "chords_strength": {"dmean": 0.00656462460756, "dmean2": 0.0049198307097, "max": 0.854356765747, "dvar": 0.000340668513672, "mean": 0.485302805901, "dvar2": 0.000668287102599, "min": -1, "var": 0.0570159777999, "median": 0.509931087494}, "key_scale": "minor", "chords_number_rate": 0.00254939449951, "thpcp": [1, 0.530587911606, 0.395940899849, 0.527375459671, 0.277606904507, 0.0569475963712, 0.0433827079833, 0.0634117200971, 0.18745149672, 0.255541086197, 0.130308315158, 0.0428784191608, 0.0458933487535, 0.0748667567968, 0.581445872784, 0.961199045181, 0.502203822136, 0.222579568624, 0.225257948041, 0.084320910275, 0.117634579539, 0.219926416874, 0.236787796021, 0.509090006351, 0.597993612289, 0.279464691877, 0.189697518945, 0.144156470895, 0.0936248153448, 0.317348599434, 0.45816424489, 0.304102361202, 0.241913244128, 0.26396214962, 0.231741786003, 0.699279606342], "key_strength": 0.767686069012, "tuning_nontempered_energy_ratio": 0.657965898514, "tuning_frequency": 444.598632813, "chords_changes_rate": 0.0458891019225, "tuning_diatonic_strength": 0.489831119776, "chords_scale": "major", "chords_histogram": [15.8699808121, 8.39706802368, 4.0152964592, 4.74824714661, 1.83237731457, 3.87189292908, 0.876354336739, 16.3479919434, 1.19502866268, 9.46462726593, 0.478011459112, 2.4856595993, 0.478011459112, 0.940089225769, 0.98789036274, 0.191204592586, 0.908221781254, 0.382409185171, 3.87189292908, 4.25430202484, 2.35818982124, 3.95156145096, 5.38559579849, 6.70809412003], "tuning_equal_tempered_deviation": 0.0483117029071, "hpcp": {"dmean": [0.0521887540817, 0.0757725015283, 0.0540681704879, 0.0373519025743, 0.033633839339, 0.0149773107842, 0.01237715967, 0.015983114019, 0.0247648581862, 0.0220690816641, 0.0212628338486, 0.0115336822346, 0.0107250455767, 0.0213298387825, 0.0517766475677, 0.0564862713218, 0.0553297847509, 0.0303099621087, 0.0231181979179, 0.0189391169697, 0.0172283444554, 0.0198535881937, 0.0439004339278, 0.0586502663791, 0.0445054508746, 0.0554600581527, 0.0259654577821, 0.0165418032557, 0.0282274484634, 0.0572064779699, 0.0504816174507, 0.0693024322391, 0.0494683198631, 0.0392831005156, 0.0692889839411, 0.0789501592517], "dmean2": [0.0872115939856, 0.127743199468, 0.09385381639, 0.0646709278226, 0.0554927848279, 0.02655826509, 0.0219939295202, 0.0277307592332, 0.0406571142375, 0.0362888239324, 0.0342539250851, 0.0203538220376, 0.0199194513261, 0.0379747264087, 0.0850192606449, 0.0922319740057, 0.0902604013681, 0.052050050348, 0.0381394997239, 0.0310117248446, 0.0279074087739, 0.032299567014, 0.0715519860387, 0.0968616753817, 0.0761028155684, 0.0879072621465, 0.0454095378518, 0.0283838883042, 0.0491103939712, 0.0969991460443, 0.0876125395298, 0.112837895751, 0.08545614779, 0.0699223279953, 0.125002369285, 0.138642147183], "max": [1, 1, 1, 1, 1, 1, 1, 1, 1, 1, 1, 1, 1, 1, 1, 1, 1, 1, 1, 1, 1, 1, 1, 1, 1, 1, 1, 1, 1, 1, 1, 1, 1, 1, 1, 1], "dvar": [0.0193453226238, 0.0233738012612, 0.0171724669635, 0.0143606392667, 0.00915063265711, 0.00398824410513, 0.00441034277901, 0.00524836266413, 0.00860275141895, 0.0083872070536, 0.00671449443325, 0.00376577116549, 0.00452549848706, 0.00661217235029, 0.0120535707101, 0.0177179705352, 0.0126610742882, 0.00686430744827, 0.00646835938096, 0.00465102307498, 0.00419692602009, 0.00494225276634, 0.0115870283917, 0.0224093087018, 0.0149024082348, 0.0178932771087, 0.00976640451699, 0.00545236375183, 0.00812617875636, 0.0237397756428, 0.0173281133175, 0.0252422187477, 0.0181319955736, 0.0142458677292, 0.0287793334574, 0.0261863842607], "mean": [0.278230130672, 0.147625550628, 0.110162690282, 0.146731749177, 0.0772386044264, 0.0158445369452, 0.012070376426, 0.017643051222, 0.0521546564996, 0.071099229157, 0.0362556986511, 0.0119300680235, 0.0127689121291, 0.0208301879466, 0.161775767803, 0.267434537411, 0.139728233218, 0.0619283430278, 0.0626735463738, 0.0234606172889, 0.0327294841409, 0.0611901544034, 0.065881498158, 0.141644179821, 0.166379839182, 0.0777554959059, 0.0527795664966, 0.0401086732745, 0.0260492451489, 0.0882959440351, 0.127475097775, 0.084610439837, 0.0673075541854, 0.0734422206879, 0.0644775480032, 0.194560661912], "dvar2": [0.0479409955442, 0.0641884356737, 0.0463967733085, 0.0356638543308, 0.0240788608789, 0.0115095954388, 0.0124422525987, 0.0137492632493, 0.0220140572637, 0.0190184079111, 0.0165051985532, 0.0103551503271, 0.0129982084036, 0.0183510258794, 0.030902730301, 0.0430532023311, 0.0330114625394, 0.0172773301601, 0.0156910698861, 0.0113174822181, 0.0103030344471, 0.0120714399964, 0.0288674905896, 0.0527611188591, 0.036350056529, 0.0432767048478, 0.0258480012417, 0.0140631273389, 0.0216534733772, 0.0585705339909, 0.0444141998887, 0.0608842819929, 0.047759372741, 0.0385545827448, 0.0861238539219, 0.0775828659534], "min": [0, 0, 0, 0, 0, 0, 0, 0, 0, 0, 0, 0, 0, 0, 0, 0, 0, 0, 0, 0, 0, 0, 0, 0, 0, 0, 0, 0, 0, 0, 0, 0, 0, 0, 0, 0], "var": [0.158291235566, 0.0542533099651, 0.0541750118136, 0.103856265545, 0.0378495194018, 0.00349384662695, 0.00322273257188, 0.00536120729521, 0.026690069586, 0.0497433692217, 0.0172065570951, 0.00380829162896, 0.00637771422043, 0.00656261947006, 0.0557033680379, 0.139911219478, 0.0388709269464, 0.0305247772485, 0.0379044376314, 0.00704481033608, 0.00850824266672, 0.0236901640892, 0.0210946574807, 0.0889041498303, 0.109962776303, 0.0271939653903, 0.0175048112869, 0.0109111405909, 0.00683293445036, 0.0494377613068, 0.081736177206, 0.0402718298137, 0.0359904542565, 0.0496940687299, 0.0281829014421, 0.0854594409466], "median": [0.0239931829274, 0.0193074755371, 0.0014081572881, 0.000454765104223, 0.000654856441543, 0.000497163739055, 0.000462373980554, 0.00167047709692, 0.00226477044635, 0.00218112254515, 0.000990181113593, 0.00063925026916, 0.000471421226393, 0.00256079644896, 0.0282291509211, 0.0400984361768, 0.0335314795375, 0.00170966261066, 0.000268414209131, 0.000255373277469, 0.00188903929666, 0.00274127721786, 0.00914909597486, 0.0026210132055, 0.0018759293016, 0.0106050856411, 0.00380689417943, 0.001937442692, 0.00306217093021, 0.00275784311816, 0.00320959440432, 0.00308336224407, 0.00153903639875, 0.000513885868713, 0.003376460867, 0.0205372348428]}}, "lowlevel": {"melbands_flatness_db": {"dmean": 0.0182992517948, "dmean2": 0.0260332450271, "max": 0.661047279835, "dvar": 0.000503767281771, "mean": 0.37667876482, "dvar2": 0.00109448120929, "min": 0.00263667176478, "var": 0.0152380634099, "median": 0.38998824358}, "melbands_crest": {"dmean": 2.08241248131, "dmean2": 3.18890404701, "max": 37.0949325562, "dvar": 5.51044607162, "mean": 18.8003044128, "dvar2": 14.0354652405, "min": 1.56522905827, "var": 44.8695449829, "median": 18.548210144}, "spectral_entropy": {"dmean": 0.146800547838, "dmean2": 0.215495705605, "max": 9.83053970337, "dvar": 0.0383639670908, "mean": 5.92639875412, "dvar2": 0.0878709331155, "min": 3.57305550575, "var": 0.945449948311, "median": 5.78183031082}, "melbands": {"dmean": [2.59379758063e-05, 0.000184179705684, 0.000311594601953, 0.000395777809899, 9.02108440641e-05, 0.000100723664218, 4.7057383199e-05, 4.14905262005e-05, 8.28049596748e-05, 1.91216586245e-05, 3.2002437365e-05, 6.22576262685e-05, 4.34224384662e-05, 1.0047786418e-05, 9.06959940039e-06, 4.84409156343e-06, 2.74608896689e-06, 2.80454878521e-06, 9.63797538134e-06, 1.95983420781e-06, 8.85669066975e-07, 1.62032688422e-06, 1.3134257415e-06, 1.17510182918e-06, 6.08113055023e-07, 4.28435953381e-07, 8.37303844037e-07, 3.01452814711e-07, 1.55051694151e-07, 1.01872963398e-07, 6.16412947352e-08, 1.18206628485e-07, 6.45616253792e-08, 3.92405574701e-08, 3.22222994953e-08, 3.99743775858e-08, 2.52522074362e-08, 2.10820694235e-08, 1.72392020659e-08, 1.26293144831e-08], "dmean2": [3.52332972398e-05, 0.00023144770239, 0.000432936416473, 0.000588668044657, 0.000123752877698, 0.000137498383992, 6.29720307188e-05, 5.61429660593e-05, 0.000124355312437, 2.68378043984e-05, 4.45750592917e-05, 9.11689930945e-05, 6.65635088808e-05, 1.50061150634e-05, 1.42693534144e-05, 8.067600902e-06, 4.18333047492e-06, 4.29292003901e-06, 1.62573469424e-05, 3.21748416354e-06, 1.3783093209e-06, 2.66501888291e-06, 2.11718747778e-06, 1.95006236936e-06, 9.48602064454e-07, 6.9038054562e-07, 1.45119327044e-06, 4.91012940529e-07, 2.47120567565e-07, 1.71875868205e-07, 1.01253249341e-07, 1.98785969019e-07, 1.02331974006e-07, 6.40707398247e-08, 5.38408713169e-08, 6.74590197036e-08, 4.29357633891e-08, 3.41799903936e-08, 2.84583965282e-08, 2.08648494038e-08], "max": [0.00389837333933, 0.0349857024848, 0.0563133917749, 0.0725358575583, 0.0181094501168, 0.0175303332508, 0.00384303950705, 0.00813156180084, 0.0150389671326, 0.00310529349372, 0.00663052871823, 0.0115787703544, 0.00936860684305, 0.0016965722898, 0.00299194850959, 0.000420223426772, 0.000600180588663, 0.000336763303494, 0.00224776822142, 0.00037410738878, 8.75718324096e-05, 0.000271633907687, 0.000149229235831, 0.000192310690181, 0.000165402278071, 8.59436477185e-05, 0.000171692314325, 4.29477622674e-05, 2.4312232199e-05, 1.43083952935e-05, 1.03759030026e-05, 1.71196825249e-05, 1.78079262696e-05, 6.06399453318e-06, 6.218348517e-06, 1.06096831587e-05, 9.81382254395e-06, 1.04647033368e-05, 5.95015217186e-06, 5.16855971e-06], "dvar": [8.74983818733e-09, 5.67465860968e-07, 1.22143751469e-06, 3.98320662498e-06, 1.37494367891e-07, 1.09383400115e-07, 1.54432200361e-08, 3.22605799852e-08, 2.27106852435e-07, 9.18261289229e-09, 2.22414122675e-08, 1.09152580308e-07, 6.86766057356e-08, 2.1685657714e-09, 3.10756909094e-09, 4.09487749264e-10, 1.242333042e-10, 9.60107410242e-11, 4.60690507964e-09, 1.08227912743e-10, 8.44989096055e-12, 7.47915618327e-11, 3.4055661069e-11, 4.99972320489e-11, 1.07418691997e-11, 3.73500579423e-12, 2.25943101034e-11, 1.85012595522e-12, 5.34422658037e-13, 2.19617564152e-13, 7.97889586433e-14, 3.66911443719e-13, 1.18829249283e-13, 3.49301445786e-14, 2.54120658435e-14, 5.25473863369e-14, 4.54762265443e-14, 3.01219756061e-14, 1.39697798211e-14, 9.68264622533e-15], "mean": [7.57587404223e-05, 0.000673564209137, 0.00153152586427, 0.00103590916842, 0.00027522756136, 0.000286753114779, 0.000135508424137, 9.89857435343e-05, 0.000158079637913, 4.18175113737e-05, 8.29976270325e-05, 0.000135208450956, 8.19118067739e-05, 1.89380880329e-05, 1.54368663061e-05, 7.68735753809e-06, 5.15393003298e-06, 5.49052083443e-06, 1.43687566379e-05, 3.15571242027e-06, 1.70643647834e-06, 2.79994742414e-06, 2.37389122049e-06, 1.95932966562e-06, 1.03372440208e-06, 7.23676976122e-07, 1.49013442297e-06, 5.91229650126e-07, 2.93204919899e-07, 1.84310181339e-07, 1.23607975411e-07, 2.41986555238e-07, 1.28081154571e-07, 7.96302259687e-08, 6.3120111804e-08, 7.45204786767e-08, 3.98420993974e-08, 3.56030902537e-08, 3.40793029352e-08, 2.25860965486e-08], "dvar2": [1.55497801302e-08, 8.73522992606e-07, 2.99260341308e-06, 9.39932488109e-06, 2.65350678319e-07, 2.16840888356e-07, 2.80494063531e-08, 6.74458462413e-08, 5.68834650494e-07, 1.99390477462e-08, 4.45556906925e-08, 2.57799428027e-07, 1.66545831348e-07, 5.12812814435e-09, 7.62202656546e-09, 1.18579523978e-09, 2.6931773478e-10, 2.23658480625e-10, 1.30755886119e-08, 2.90374835288e-10, 2.03453452002e-11, 2.12380169007e-10, 9.51302162044e-11, 1.46946330104e-10, 2.57916465962e-11, 9.32923443359e-12, 6.74226577346e-11, 4.54598641716e-12, 1.2344356223e-12, 6.33068087969e-13, 2.16784923346e-13, 1.04109451095e-12, 2.65021213525e-13, 9.07263291729e-14, 6.8937490807e-14, 1.46422777332e-13, 1.17552072677e-13, 7.13942183909e-14, 3.63367545959e-14, 2.58333478443e-14], "min": [6.93885848626e-25, 6.98622416019e-25, 1.10639368983e-24, 6.30812573556e-25, 1.26451829448e-24, 1.15272220889e-24, 1.5913418884e-24, 1.45862018262e-24, 1.49814102929e-24, 2.18826110247e-24, 1.31748133098e-24, 1.51641262557e-24, 1.60506294056e-24, 2.12527785615e-24, 1.2382293076e-24, 2.91251607449e-24, 2.1016471333e-24, 2.10928863168e-24, 2.05274722351e-24, 2.72797547635e-24, 3.71163197426e-24, 3.08199514858e-24, 3.42935821528e-24, 3.63821308424e-24, 3.34525341544e-24, 2.4306502513e-24, 3.2159192756e-24, 3.67673395111e-24, 4.0566757899e-24, 4.45446166237e-24, 3.99736725489e-24, 4.50899048915e-24, 4.41760331987e-24, 3.44792760656e-24, 4.70191036783e-24, 5.66522076249e-24, 5.09347962194e-24, 5.70246840786e-24, 5.9526990313e-24, 5.87559537199e-24], "var": [5.58976473997e-08, 3.48493904312e-06, 2.43581653194e-05, 9.81253288046e-06, 5.95337496634e-07, 5.25145935626e-07, 8.39503186967e-08, 1.04502575482e-07, 5.51934476789e-07, 2.68509605661e-08, 1.23444948485e-07, 3.40535308396e-07, 2.05782072271e-07, 5.28916421771e-09, 6.23528251253e-09, 7.17753523283e-10, 3.07759345786e-10, 2.65115318587e-10, 7.54404183567e-09, 1.73070446863e-10, 2.26049352847e-11, 1.49494319701e-10, 7.34995536655e-11, 9.39111982623e-11, 1.71948531802e-11, 6.55654697201e-12, 5.02025261639e-11, 4.97114372236e-12, 1.24035287249e-12, 4.73426419595e-13, 2.24676641224e-13, 9.65007804568e-13, 2.91606962102e-13, 8.87802946935e-14, 5.69682376359e-14, 9.64268066978e-14, 4.50640399833e-14, 3.377986706e-14, 1.92544344726e-14, 1.02317183927e-14], "median": [5.17433909408e-06, 2.80635576928e-05, 0.000145028505358, 7.41090916563e-05, 5.82670327276e-05, 6.53801689623e-05, 3.30676193698e-05, 9.11875577003e-06, 3.95225379179e-06, 5.6717121879e-06, 5.53122163183e-06, 6.81270194036e-06, 1.41355758387e-06, 8.90307660484e-07, 4.17066758018e-07, 3.41635939094e-07, 5.03922365169e-07, 6.98101302987e-07, 3.79304879061e-07, 2.10325509897e-07, 1.50928940457e-07, 1.35637804988e-07, 9.17643490084e-08, 4.51157688985e-08, 3.73177755364e-08, 1.88442506044e-08, 1.26673853629e-08, 8.86700135538e-09, 5.01071184544e-09, 2.1128023775e-09, 1.3079511918e-09, 1.68027003422e-09, 1.00357677724e-09, 6.02123573223e-10, 4.29375535127e-10, 5.3087412244e-10, 5.92371540709e-10, 5.12733244751e-10, 4.11189027272e-10, 3.53633122785e-10]}, "silence_rate_60dB": {"dmean": 0.0380906835198, "dmean2": 0.0761874392629, "max": 1, "dvar": 0.0366452969611, "mean": 0.43633466959, "dvar2": 0.0821778178215, "min": 0, "var": 0.245956197381, "median": 0}, "spectral_energyband_middle_high": {"dmean": 0.000762777228374, "dmean2": 0.00112090224866, "max": 0.11706481874, "dvar": 1.08827152872e-05, "mean": 0.0020780696068, "dvar2": 2.56908842857e-05, "min": 1.12405949064e-21, "var": 4.89064041176e-05, "median": 0.000191223196452}, "erbbands_skewness": {"dmean": 0.322563111782, "dmean2": 0.469962894917, "max": 8.61867237091, "dvar": 0.143724679947, "mean": 0.980410933495, "dvar2": 0.31992700696, "min": -1.67979967594, "var": 1.28828477859, "median": 0.755476951599}, "dynamic_complexity": 8.00420379639, "dissonance": {"dmean": 0.0340313948691, "dmean2": 0.0567828379571, "max": 0.500000059605, "dvar": 0.00101113936398, "mean": 0.365955293179, "dvar2": 0.00265642651357, "min": 0.066311083734, "var": 0.00516828615218, "median": 0.372041106224}, "spectral_skewness": {"dmean": 0.577970802784, "dmean2": 0.968090713024, "max": 12.0661087036, "dvar": 0.407939702272, "mean": 4.15132141113, "dvar2": 1.09285473824, "min": -0.0929226577282, "var": 5.03987932205, "median": 3.63683652878}, "spectral_kurtosis": {"dmean": 9.22208690643, "dmean2": 15.5089521408, "max": 205.763061523, "dvar": 143.729660034, "mean": 34.8646125793, "dvar2": 393.129730225, "min": -1.27982509136, "var": 1193.58312988, "median": 22.0697593689}, "gfcc": {"cov": [[36455.6523438, 2454.39599609, -5709.62988281, 847.289123535, -1333.12634277, -266.897644043, -1158.8614502, -165.555389404, -767.928771973, -595.121582031, -385.092193604, -581.821105957, -255.632217407], [2454.39599609, 3853.01000977, 1113.59533691, -242.515823364, 466.047363281, -73.3755264282, 316.647186279, -402.996063232, -59.1707458496, -663.530395508, -133.763015747, -435.749176025, 140.257644653], [-5709.62988281, 1113.59533691, 2553.84667969, -83.208732605, 329.306488037, 186.650085449, 411.187255859, -126.633857727, 36.9611091614, -110.138656616, -123.114738464, -56.0457344055, -47.462223053], [847.289123535, -242.515823364, -83.208732605, 502.831573486, 75.7735443115, 53.0415878296, 30.9170608521, 5.46781873703, -25.7761707306, -21.1649284363, -37.3548927307, -44.3488273621, -39.2225761414], [-1333.12634277, 466.047363281, 329.306488037, 75.7735443115, 450.507995605, -20.1115779877, 96.6773376465, -120.385757446, 44.1986618042, -154.691543579, -24.3457717896, -126.302185059, 51.2104568481], [-266.897644043, -73.3755264282, 186.650085449, 53.0415878296, -20.1115779877, 258.210876465, 143.523834229, 62.2539138794, 15.9609603882, 66.0456695557, -1.16711652279, 37.5249214172, -46.4700965881], [-1158.8614502, 316.647186279, 411.187255859, 30.9170608521, 96.6773376465, 143.523834229, 349.897949219, 38.1143951416, 47.9136047363, -58.5539894104, 23.8323173523, 2.15058064461, 4.27248954773], [-165.555389404, -402.996063232, -126.633857727, 5.46781873703, -120.385757446, 62.2539138794, 38.1143951416, 185.140365601, 47.7648162842, 114.729652405, 13.3300409317, 79.8330383301, -31.246509552], [-767.928771973, -59.1707458496, 36.9611091614, -25.7761707306, 44.1986618042, 15.9609603882, 47.9136047363, 47.7648162842, 142.490600586, 81.4051132202, 60.8928260803, 10.7855939865, 5.36940956116], [-595.121582031, -663.530395508, -110.138656616, -21.1649284363, -154.691543579, 66.0456695557, -58.5539894104, 114.729652405, 81.4051132202, 309.742248535, 123.66645813, 141.727172852, -42.928894043], [-385.092193604, -133.763015747, -123.114738464, -37.3548927307, -24.3457717896, -1.16711652279, 23.8323173523, 13.3300409317, 60.8928260803, 123.66645813, 208.302856445, 103.673995972, 39.4219169617], [-581.821105957, -435.749176025, -56.0457344055, -44.3488273621, -126.302185059, 37.5249214172, 2.15058064461, 79.8330383301, 10.7855939865, 141.727172852, 103.673995972, 212.444900513, 31.3387737274], [-255.632217407, 140.257644653, -47.462223053, -39.2225761414, 51.2104568481, -46.4700965881, 4.27248954773, -31.246509552, 5.36940956116, -42.928894043, 39.4219169617, 31.3387737274, 123.147193909]], "mean": [-230.617446899, 156.774597168, -96.5811462402, -6.36543130875, -54.9147453308, -5.36089706421, -41.2885704041, -1.4037848711, -25.7880706787, -10.0542030334, -13.0211458206, -7.62435865402, -2.26596355438], "icov": [[0.000144772100612, -0.000319367856719, 0.000388226326322, -0.000339369435096, 0.000363222789019, -0.000173098727828, 0.000245887640631, 4.35697365901e-05, 0.000245334435022, -6.72781607136e-05, 0.000190025282791, -0.00012282122043, 0.000428234663559], [-0.000319367856719, 0.00138322659768, -0.00108703353908, 0.00106949266046, -0.00051004224224, 0.000116059716674, -0.000658026023302, 0.000321160332533, -0.000732075539418, 0.00133026053663, -0.00114839675371, 0.00138462393079, -0.0014455645578], [0.000388226326322, -0.00108703353908, 0.00179676630069, -0.000773081206717, 0.000489030499011, -0.00031694729114, -0.00030071803485, 0.000985259073786, 0.000626981200185, -0.001163116307, 0.00176905863918, -0.00125115225092, 0.00174697418697], [-0.000339369435096, 0.00106949266046, -0.000773081206717, 0.00327864661813, -0.00152350147255, -6.25589236734e-05, -0.00096077733906, -0.000128569154185, 0.00025404675398, 0.000297428545309, -0.000530557939783, 0.00103938544635, -0.000567670795135], [0.000363222789019, -0.00051004224224, 0.000489030499011, -0.00152350147255, 0.00540564768016, -0.000738244329114, 0.000397805182729, 0.00198495830409, -0.00201491476037, 0.00172351067886, -0.000261939159827, 0.00152468681335, -0.000614007760305], [-0.000173098727828, 0.000116059716674, -0.00031694729114, -6.25589236734e-05, -0.000738244329114, 0.00713953468949, -0.00384742161259, -2.54895530816e-05, 0.00103053986095, -0.00329132331535, 0.00187196163461, -0.000891434552614, 0.00092987564858], [0.000245887640631, -0.000658026023302, -0.00030071803485, -0.00096077733906, 0.000397805182729, -0.00384742161259, 0.00771580869332, -0.00332748424262, -0.00146096886601, 0.0045878905803, -0.00322549580596, -0.000414458336309, 0.000909762515221], [4.35697365901e-05, 0.000321160332533, 0.000985259073786, -0.000128569154185, 0.00198495830409, -2.54895530816e-05, -0.00332748424262, 0.0124844992533, -0.00401806551963, -0.00229326379485, 0.00451063690707, -0.00311156618409, 0.0012352130143], [0.000245334435022, -0.000732075539418, 0.000626981200185, 0.00025404675398, -0.00201491476037, 0.00103053986095, -0.00146096886601, -0.00401806551963, 0.0139950150624, -0.00562513479963, -0.00174847210292, 0.00357615877874, -0.000997893512249], [-6.72781607136e-05, 0.00133026053663, -0.001163116307, 0.000297428545309, 0.00172351067886, -0.00329132331535, 0.0045878905803, -0.00229326379485, -0.00562513479963, 0.0140933357179, -0.00657516624779, -0.00162475637626, 0.00296843610704], [0.000190025282791, -0.00114839675371, 0.00176905863918, -0.000530557939783, -0.000261939159827, 0.00187196163461, -0.00322549580596, 0.00451063690707, -0.00174847210292, -0.00657516624779, 0.0125350616872, -0.00517777213827, -0.000623961270321], [-0.00012282122043, 0.00138462393079, -0.00125115225092, 0.00103938544635, 0.00152468681335, -0.000891434552614, -0.000414458336309, -0.00311156618409, 0.00357615877874, -0.00162475637626, -0.00517777213827, 0.0136901801452, -0.00627738703042], [0.000428234663559, -0.0014455645578, 0.00174697418697, -0.000567670795135, -0.000614007760305, 0.00092987564858, 0.000909762515221, 0.0012352130143, -0.000997893512249, 0.00296843610704, -0.000623961270321, -0.00627738703042, 0.0149118229747]]}, "spectral_complexity": {"dmean": 0.765160560608, "dmean2": 1.27829134464, "max": 29, "dvar": 1.43127691746, "mean": 5.87330675125, "dvar2": 3.11117434502, "min": 0, "var": 25.2934341431, "median": 5}, "spectral_flux": {"dmean": 0.00973583385348, "dmean2": 0.0160258077085, "max": 0.456871777773, "dvar": 0.000413738220232, "mean": 0.025222864002, "dvar2": 0.00101660296787, "min": 6.27147778154e-11, "var": 0.0010026373202, "median": 0.0149364955723}, "spectral_energyband_low": {"dmean": 0.000787085678894, "dmean2": 0.00100647436921, "max": 0.111752472818, "dvar": 6.59690476823e-06, "mean": 0.00325350277126, "dvar2": 1.08322456072e-05, "min": 1.15527306952e-23, "var": 5.2582097851e-05, "median": 0.000404146470828}, "spectral_decrease": {"dmean": 9.21607734572e-10, "dmean2": 1.30997623859e-09, "max": 7.59837033822e-22, "dvar": 6.80599120848e-18, "mean": -3.77971565158e-09, "dvar2": 1.53511255189e-17, "min": -7.83694886763e-08, "var": 4.614217605e-17, "median": -1.13067721852e-09}, "barkbands_spread": {"dmean": 1.36737072468, "dmean2": 2.06328678131, "max": 108.565994263, "dvar": 6.64512491226, "mean": 7.23302984238, "dvar2": 16.4297981262, "min": 0.102681681514, "var": 85.7350997925, "median": 4.58710956573}, "spectral_rms": {"dmean": 0.000358893128578, "dmean2": 0.000488303834572, "max": 0.0171725470573, "dvar": 4.63323061695e-07, "mean": 0.00282467086799, "dvar2": 9.24000346458e-07, "min": 3.10517735656e-12, "var": 6.44815463602e-06, "median": 0.00208032527007}, "spectral_centroid": {"dmean": 66.5251312256, "dmean2": 100.678741455, "max": 11874.2607422, "dvar": 23344.4550781, "mean": 768.133728027, "dvar2": 53585.8164063, "min": 150.591339111, "var": 2653761, "median": 392.570495605}, "barkbands_skewness": {"dmean": 0.461064457893, "dmean2": 0.663949728012, "max": 13.1989936829, "dvar": 0.30340462923, "mean": 1.96417760849, "dvar2": 0.656600117683, "min": -3.48951196671, "var": 3.00682997704, "median": 1.61585450172}, "spectral_rolloff": {"dmean": 114.389427185, "dmean2": 199.182739258, "max": 19681.3476563, "dvar": 123242.328125, "mean": 1048.70800781, "dvar2": 302060.9375, "min": 21.533203125, "var": 8005072.5, "median": 452.197265625}, "erbbands_spread": {"dmean": 2.96670031548, "dmean2": 4.43467473984, "max": 129.693008423, "dvar": 17.403175354, "mean": 17.1726474762, "dvar2": 40.9504814148, "min": 0.822799265385, "var": 110.149932861, "median": 15.2802772522}, "barkbands": {"dmean": [2.46103240897e-06, 0.000167754551512, 0.000484174641315, 0.000638450088445, 0.00149055325892, 0.000483522657305, 0.000200462978682, 0.0003833535593, 0.000170998944668, 0.000266807328444, 0.000450098945294, 9.3856069725e-05, 4.8372985475e-05, 3.0264214729e-05, 9.61341065704e-05, 1.2272152162e-05, 2.4261420549e-05, 2.52924983215e-05, 1.27939356389e-05, 1.55196958076e-05, 3.35673007612e-06, 3.89956358049e-06, 2.01358284357e-06, 1.56830924425e-06, 9.90820353763e-07, 4.03900060064e-07, 4.86900242347e-10], "dmean2": [4.62450634586e-06, 0.000219058085349, 0.000600725819822, 0.000879052560776, 0.00220834859647, 0.000665572471917, 0.000263031572104, 0.000554139434826, 0.000251845485764, 0.000364375446225, 0.000691491411999, 0.000143947720062, 8.01749483799e-05, 4.60368792119e-05, 0.000161353513249, 1.91812814592e-05, 3.90994500776e-05, 4.16117218265e-05, 2.06384502235e-05, 2.6206680559e-05, 5.47322088096e-06, 6.4041528276e-06, 3.33056118507e-06, 2.61200057139e-06, 1.63577635703e-06, 6.82366874116e-07, 8.79176176305e-10], "max": [6.48686545901e-05, 0.0268767606467, 0.0884512066841, 0.15557141602, 0.263510614634, 0.0711727663875, 0.0239562112838, 0.0598567426205, 0.0359161533415, 0.0551378391683, 0.109497785568, 0.0192949790508, 0.0037412524689, 0.00626818882301, 0.0218945425004, 0.000961774145253, 0.00343982386403, 0.00383167108521, 0.00318891298957, 0.00295743788593, 0.000638403580524, 0.000769621168729, 0.000437847571447, 0.000653154856991, 0.000335451506544, 0.000215688545723, 1.76295564813e-08], "dvar": [1.02078250366e-11, 4.04235237284e-07, 3.41805935022e-06, 6.49377079753e-06, 5.34315731784e-05, 2.06240065381e-06, 3.56263143431e-07, 4.57609530713e-06, 1.13430053261e-06, 1.42492115174e-06, 8.72535747476e-06, 2.13256655002e-07, 3.34453389428e-08, 1.6294860572e-08, 4.15580899471e-07, 1.52067314296e-09, 1.25892007929e-08, 1.9831466247e-08, 3.26958859986e-09, 6.61990284812e-09, 2.36525576902e-10, 3.5303812651e-10, 9.40965083629e-11, 1.71546096772e-10, 4.98536698035e-11, 1.14695128395e-11, 1.63050595663e-18], "mean": [4.59378770756e-06, 0.000426386279287, 0.0018599285977, 0.00346633908339, 0.00378671684302, 0.00140873831697, 0.000566622358747, 0.000751008337829, 0.000337071716785, 0.000709536951035, 0.000831891316921, 0.00016409883392, 7.65646618675e-05, 5.77001555939e-05, 0.000150991632836, 2.34167418967e-05, 4.3749310862e-05, 4.30205254816e-05, 2.16969147004e-05, 3.13489908876e-05, 6.61590911477e-06, 8.85232657311e-06, 4.62308207716e-06, 2.92685558634e-06, 2.20307015297e-06, 8.41694713927e-07, 4.81582052014e-10], "dvar2": [3.27768333308e-11, 6.872211884e-07, 5.43260330232e-06, 1.32363365992e-05, 0.000126253769849, 4.14299620388e-06, 5.9095970073e-07, 1.13071600936e-05, 2.64900199909e-06, 2.87055013359e-06, 2.0924348064e-05, 5.23354515281e-07, 9.38518027738e-08, 3.50804967297e-08, 1.1704996723e-06, 3.72128150516e-09, 3.45853905515e-08, 5.7604371051e-08, 7.92992249643e-09, 1.90134290534e-08, 6.19734596974e-10, 9.21999254722e-10, 2.52866533268e-10, 3.99486693725e-10, 1.32734684355e-10, 2.86555570939e-11, 5.28736329086e-18], "min": [4.93865334334e-25, 7.62389937989e-25, 6.43813346401e-25, 9.19599611904e-25, 5.59491905634e-24, 5.26766365968e-24, 7.53289194852e-24, 6.38671767957e-24, 1.56273503096e-23, 1.23457165541e-23, 9.38157406927e-24, 1.35453996526e-23, 3.01701998903e-23, 2.85448939901e-23, 2.47622207526e-23, 5.52120213467e-23, 4.84554403153e-23, 8.27726756735e-23, 1.02471561151e-22, 1.74938841949e-22, 2.21605820996e-22, 2.46045110493e-22, 3.46233070785e-22, 5.7949888705e-22, 9.0081291469e-22, 1.26020410964e-21, 1.93343653492e-21], "var": [3.45224404619e-11, 1.79371431841e-06, 2.65967955784e-05, 0.000174963191967, 0.000123035686556, 1.04201517388e-05, 1.89698084796e-06, 1.16470255307e-05, 2.81332268059e-06, 8.06602838566e-06, 2.55092927546e-05, 4.22768920316e-07, 6.20744344815e-08, 3.91773191666e-08, 7.10983954377e-07, 3.85762444211e-09, 2.78133693854e-08, 3.84557203859e-08, 5.12986852996e-09, 1.82258386161e-08, 5.25603116586e-10, 1.07601516586e-09, 2.70930639035e-10, 2.01776206854e-10, 6.66830271556e-11, 1.28651056822e-11, 1.32768185521e-18], "median": [2.82460177914e-06, 2.42981332121e-05, 7.71049890318e-05, 0.000151745000039, 0.000390242901631, 0.000347175286151, 7.98100663815e-05, 1.9341303414e-05, 2.9354239814e-05, 6.04433662375e-05, 8.46618604555e-06, 5.99455779593e-06, 3.11365374728e-06, 4.42093460151e-06, 5.82801658311e-06, 2.47171919909e-06, 2.30118007494e-06, 1.1431745861e-06, 6.39775464606e-07, 3.27790360188e-07, 1.05974848452e-07, 7.29910141217e-08, 3.29278648792e-08, 4.68951810717e-08, 4.3274134498e-08, 2.05459116387e-08, 1.26673352363e-10]}, "melbands_kurtosis": {"dmean": 5.86989068985, "dmean2": 8.38185214996, "max": 393.469543457, "dvar": 142.629348755, "mean": 16.0380496979, "dvar2": 287.713317871, "min": -1.66683793068, "var": 722.030578613, "median": 6.7476849556}, "erbbands_crest": {"dmean": 2.23566770554, "dmean2": 3.37286949158, "max": 33.3953514099, "dvar": 5.92897605896, "mean": 14.1007318497, "dvar2": 15.3004388809, "min": 2.52778148651, "var": 34.683719635, "median": 13.0128622055}, "melbands_skewness": {"dmean": 0.535005509853, "dmean2": 0.763708531857, "max": 14.7865371704, "dvar": 0.399151951075, "mean": 2.52010083199, "dvar2": 0.852187395096, "min": -2.68840289116, "var": 3.24858355522, "median": 2.12831401825}, "spectral_energyband_middle_low": {"dmean": 0.00280893105082, "dmean2": 0.00405250117183, "max": 0.278282374144, "dvar": 7.75180087658e-05, "mean": 0.0104937758297, "dvar2": 0.000180322196684, "min": 1.61721710985e-22, "var": 0.000502960756421, "median": 0.002906978596}, "spectral_contrast_coeffs": {"dmean": [0.0339100286365, 0.0314658768475, 0.0279256291687, 0.0234724599868, 0.0180671643466, 0.0132627366111], "dmean2": [0.0553823746741, 0.0489211678505, 0.0431059971452, 0.0370704755187, 0.0287636443973, 0.0210796929896], "max": [-0.138355448842, -0.252529621124, -0.386916220188, -0.494425952435, -0.538903713226, -0.603319227695], "dvar": [0.000947374559473, 0.000904189771973, 0.000741720607039, 0.000490458565764, 0.000308222603053, 0.000207182572922], "mean": [-0.585214793682, -0.628347694874, -0.678994119167, -0.742968022823, -0.782820343971, -0.826303124428], "dvar2": [0.0023868214339, 0.00213968404569, 0.00168417626992, 0.0011119551491, 0.000670326175168, 0.000439092837041], "min": [-0.983688890934, -0.982789993286, -0.980424404144, -0.973471164703, -0.967963695526, -0.96595531702], "var": [0.0259739365429, 0.0148676177487, 0.00926748197526, 0.00687164627016, 0.00662108696997, 0.00450741872191], "median": [-0.591184437275, -0.640783786774, -0.678103625774, -0.742001116276, -0.78226017952, -0.842046737671]}, "spectral_contrast_valleys": {"dmean": [0.348888218403, 0.269598841667, 0.25623857975, 0.236168980598, 0.211661472917, 0.19623310864], "dmean2": [0.582968056202, 0.434356242418, 0.414425909519, 0.383152335882, 0.335534244776, 0.311388939619], "max": [-5.69600105286, -5.21577310562, -6.2745013237, -7.06481599808, -7.09942054749, -8.8219165802], "dvar": [0.10957852006, 0.087230488658, 0.082696929574, 0.0873912125826, 0.0966233238578, 0.10449423641], "mean": [-9.63636875153, -9.10401725769, -10.0376615524, -10.8453836441, -11.120306015, -13.4428873062], "dvar2": [0.268392592669, 0.199840813875, 0.178397357464, 0.180352389812, 0.191381692886, 0.229012444615], "min": [-28.826374054, -28.2653999329, -27.9101200104, -27.7711162567, -27.6080627441, -27.4642372131], "var": [9.47137737274, 10.0562620163, 8.86949729919, 8.29291248322, 7.91358804703, 5.56746244431], "median": [-9.19716644287, -8.73431777954, -9.68305969238, -10.4220027924, -10.7867507935, -13.3377952576]}, "silence_rate_20dB": {"dmean": 0, "dmean2": 0, "max": 1, "dvar": 0, "mean": 1, "dvar2": 0, "min": 1, "var": 0, "median": 1}, "silence_rate_30dB": {"dmean": 0.00669376039878, "dmean2": 0.0133885880932, "max": 1, "dvar": 0.00664942152798, "mean": 0.981593608856, "dvar2": 0.0149624878541, "min": 0, "var": 0.0180658623576, "median": 1}, "spectral_strongpeak": {"dmean": 0.235524252057, "dmean2": 0.371449559927, "max": 11.1906089783, "dvar": 0.348425120115, "mean": 0.754421055317, "dvar2": 0.841837346554, "min": 0, "var": 1.18070459366, "median": 0.383612632751}, "spectral_spread": {"dmean": 332886.375, "dmean2": 545870.75, "max": 42719620, "dvar": 314794606592, "mean": 3366996.25, "dvar2": 696747294720, "min": 453253.03125, "var": 34887736229900.0, "median": 2233501}, "barkbands_flatness_db": {"dmean": 0.0175175499171, "dmean2": 0.0258741863072, "max": 0.546043217182, "dvar": 0.000401441211579, "mean": 0.295114666224, "dvar2": 0.000902417872567, "min": 0.0245098248124, "var": 0.0081350915134, "median": 0.302335977554}, "pitch_salience": {"dmean": 0.0507162809372, "dmean2": 0.0765473395586, "max": 0.885541498661, "dvar": 0.00285840989091, "mean": 0.463553100824, "dvar2": 0.00683896848932, "min": 0.0448292046785, "var": 0.0212542936206, "median": 0.474929243326}, "erbbands_kurtosis": {"dmean": 1.54202437401, "dmean2": 2.32884669304, "max": 93.4130096436, "dvar": 10.6435108185, "mean": 3.06012296677, "dvar2": 24.6578540802, "min": -1.70903396606, "var": 40.793094635, "median": 0.877522706985}, "average_loudness": 0.00924748647958, "barkbands_crest": {"dmean": 1.77725160122, "dmean2": 2.72272872925, "max": 26.6795463562, "dvar": 3.78744792938, "mean": 14.1259002686, "dvar2": 9.42662525177, "min": 3.73346066475, "var": 26.6287822723, "median": 13.3143939972}, "hfc": {"dmean": 1.4908425808, "dmean2": 2.17537260056, "max": 130.079116821, "dvar": 19.0489883423, "mean": 5.75621509552, "dvar2": 44.5212593079, "min": 1.05608220065e-16, "var": 125.896965027, "median": 1.50589597225}, "barkbands_kurtosis": {"dmean": 3.88003611565, "dmean2": 5.630464077, "max": 287.788909912, "dvar": 72.1139984131, "mean": 11.5500173569, "dvar2": 156.329162598, "min": -1.7052590847, "var": 414.027923584, "median": 4.34359693527}, "erbbands": {"dmean": [0.00113272422459, 0.0556263141334, 0.478828698397, 1.27283716202, 4.680727005, 4.91561126709, 2.27492833138, 4.78624773026, 3.14734625816, 3.30219721794, 10.0092391968, 3.66592168808, 6.14776802063, 15.6175765991, 8.64862442017, 4.12938308716, 2.21519804001, 1.46857464314, 2.35381340981, 4.35499477386, 0.789379060268, 1.35746967793, 1.59579062462, 0.74596363306, 0.737601816654, 0.530087351799, 0.188097834587, 0.109872639179, 0.174193158746, 0.0762092620134, 0.0550709106028, 0.0396215468645, 0.0263363327831, 0.0149911260232, 0.00569260586053, 0.00256483303383, 0.000651879003271, 4.71856692457e-05, 2.24832183449e-06, 4.04851243729e-06], "dmean2": [0.0016840636963, 0.0717105716467, 0.60230243206, 1.71348571777, 6.94558143616, 7.0662779808, 3.16883206367, 6.49493932724, 4.22490930557, 4.38372039795, 14.8955745697, 5.22586154938, 8.60214328766, 23.0877933502, 13.0862360001, 6.37071275711, 3.63956165314, 2.28843283653, 3.77534103394, 7.32030010223, 1.23813295364, 2.19643497467, 2.66612887383, 1.16792726517, 1.23934149742, 0.874506831169, 0.297403156757, 0.181490495801, 0.289621502161, 0.122705332935, 0.0915999561548, 0.0671678781509, 0.0427900888026, 0.0246376805007, 0.00968319736421, 0.00435223383829, 0.00109679985326, 7.97740431153e-05, 3.3448677641e-06, 5.76122192797e-06], "max": [0.171196848154, 9.3497133255, 93.6373062134, 197.63104248, 628.572509766, 1345.24914551, 300.909118652, 911.099182129, 238.987091064, 617.384033203, 1673.79797363, 577.763977051, 1144.22570801, 3133.68945313, 1365.7947998, 709.380981445, 352.364349365, 251.485046387, 303.852233887, 1128.57580566, 58.4151802063, 237.378829956, 271.502319336, 172.528442383, 87.1890792847, 93.077835083, 31.8620433807, 16.5392379761, 34.4770622253, 15.3454589844, 12.4092884064, 17.6094532013, 13.7129478455, 5.58718109131, 2.05262804031, 1.3893764019, 0.261380106211, 0.0107556860894, 0.000348359462805, 0.000331886578351], "dvar": [1.24254074763e-05, 0.0478902421892, 3.85249733925, 15.358754158, 396.312805176, 889.749938965, 59.0649909973, 281.813446045, 67.3744888306, 165.506378174, 3416.88330078, 340.109924316, 728.31829834, 7616.36523438, 2000.10705566, 414.379364014, 76.3338165283, 26.0282764435, 92.8620223999, 996.813476563, 5.63225984573, 50.88073349, 90.2237854004, 13.2690505981, 9.60265731812, 6.71238803864, 0.754373729229, 0.237980142236, 0.792418122292, 0.138108208776, 0.0730681121349, 0.100653760135, 0.0535094998777, 0.0121597182006, 0.00169124628883, 0.000461022485979, 2.3988302928e-05, 9.24226526422e-08, 7.11247866159e-11, 1.29629071366e-10], "mean": [0.00424248399213, 0.160179898143, 1.81672394276, 6.1674041748, 16.6410903931, 10.6904745102, 7.50480937958, 13.4563045502, 9.1054391861, 8.55227947235, 19.380531311, 8.28881454468, 16.136674881, 33.1805305481, 16.9381866455, 7.70634794235, 3.97539877892, 2.90855455399, 4.52069473267, 6.66580820084, 1.65553736687, 2.51821660995, 2.80313873291, 1.36920619011, 1.46131134033, 1.13066875935, 0.414206564426, 0.25186958909, 0.375715196133, 0.173615068197, 0.121010430157, 0.0756558850408, 0.0499312467873, 0.0309082083404, 0.0125097082928, 0.00524265505373, 0.00130294100381, 8.73818353284e-05, 8.94683580555e-06, 1.66806057678e-05], "dvar2": [2.42535134021e-05, 0.0775789394975, 5.93664932251, 32.0106697083, 1104.52587891, 1811.46630859, 120.138160706, 556.033935547, 131.148605347, 305.702148438, 8568.6875, 766.149963379, 1454.72570801, 18131.9980469, 4730.88427734, 1052.10571289, 202.75692749, 60.2683601379, 250.556655884, 2792.66308594, 13.9922494888, 143.865722656, 268.588592529, 32.0928192139, 27.3000144958, 18.0116138458, 1.78678035736, 0.650020003319, 2.15421843529, 0.350509703159, 0.197774276137, 0.266209423542, 0.12875443697, 0.0320412553847, 0.00460217520595, 0.00112019351218, 6.28459602012e-05, 2.41060718054e-07, 1.75685466175e-10, 2.93212815139e-10], "min": [3.77817830807e-23, 3.75000745406e-22, 1.0211724396e-21, 4.01791713827e-21, 1.05956278848e-20, 2.12541893509e-20, 3.52051590683e-20, 5.17016090997e-20, 1.00486152845e-19, 1.41566753186e-19, 2.1946768937e-19, 4.10743641747e-19, 3.64430109442e-19, 4.61284506421e-19, 7.67117322216e-19, 6.78064298239e-19, 1.83994312464e-18, 1.51164351472e-18, 1.66504033361e-18, 1.84435530603e-18, 3.73963764083e-18, 4.10098570116e-18, 5.12595181562e-18, 5.8729790404e-18, 4.98119355406e-18, 7.55061630077e-18, 7.57965613053e-18, 7.90160557829e-18, 8.65602324826e-18, 9.23224222604e-18, 9.85776364988e-18, 1.06650059009e-17, 9.05283667735e-18, 7.79405390068e-18, 6.35389564469e-18, 4.12538546128e-18, 2.25817350056e-18, 9.12822240286e-19, 2.37704617883e-19, 2.67471597567e-20], "var": [0.000162930809893, 0.220124348998, 23.5108165741, 310.568878174, 3026.06689453, 1904.53051758, 403.21887207, 1342.3684082, 370.706604004, 642.875854492, 8516.00683594, 1027.94787598, 3934.11303711, 22643.9394531, 6058.4765625, 842.522155762, 165.36076355, 65.7130279541, 216.068206787, 1597.51806641, 16.2257480621, 103.587692261, 172.04335022, 22.1531352997, 26.799325943, 19.8408908844, 2.12600541115, 0.764886915684, 2.12670922279, 0.416937887669, 0.188247531652, 0.110843494534, 0.0597429163754, 0.0150754200295, 0.00218242360279, 0.000528173462953, 2.7190973924e-05, 1.12704881872e-07, 2.63972788073e-10, 8.75758410235e-10], "median": [0.000543072761502, 0.0123622342944, 0.135754942894, 0.727078795433, 0.875618159771, 1.22707843781, 1.64564394951, 2.79918980598, 2.40290307999, 1.06016004086, 0.641735553741, 1.00822782516, 1.24514567852, 1.73920893669, 0.590793132782, 0.319509744644, 0.255773216486, 0.333556413651, 0.490466952324, 0.258165329695, 0.167350292206, 0.142476946115, 0.0819175317883, 0.0505593419075, 0.0252867750823, 0.0161014087498, 0.00741525134072, 0.00289722764865, 0.00284729385749, 0.00139784126077, 0.000862075947225, 0.000984098762274, 0.000735489244107, 0.000464528769953, 0.000316703866702, 0.000168418016983, 2.26887714234e-05, 1.82323742592e-06, 2.38782263295e-06, 5.05835032527e-06]}, "spectral_energy": {"dmean": 0.00360687123612, "dmean2": 0.00513100717217, "max": 0.302268773317, "dvar": 0.000103160455183, "mean": 0.01478756