{"metadata": {"audio_properties": {"downmix": "mix", "bit_rate": 160000, "lossless": false, "md5_encoded": "2dbba3bb906b379bfd8d13f5f20c9214", "analysis_sample_rate": 44100, "sample_rate": 44100, "replay_gain": -0.442390441895, "equal_loudness": 0, "codec": "mp3", "length": 217.548828125}, "tags": {"replaygain_track_peak": ["1.006454"], "date": ["1994"], "musicbrainz_albumid": ["280524d8-aa7b-4053-92c2-1d56b1f44f4a"], "musicbrainz_recordingid": ["fcbb9914-fe83-4dae-9294-65171f960295"], "musicbrainz_artistid": ["0b7b1183-8ad2-44c0-8858-05b0d53742c3"], "tracknumber": ["5/13"], "replaygain_album_gain": ["+0.08 dB"], "acoustid_id": ["433c0f1e-8a89-42fb-857c-77cfc78fa7c1"], "replaygain_track_gain": ["+0.84 dB"], "album": ["Out of Nowhere"], "artist": ["Hepcat"], "replaygain_album_peak": ["1.216257"], "albumartist": ["Hepcat"], "discnumber": ["1/1"], "title": ["Miss Congeniality"], "musicbrainz_releasegroupid": ["99bd1be7-3ac6-362a-b1cb-ee75bfa6f0ae"], "musicbrainz_albumartistid": ["0b7b1183-8ad2-44c0-8858-05b0d53742c3"], "file_name": "05 - Hepcat - Miss Congeniality.mp3"}, "version": {"essentia_build_sha": "e76a03f03bb3900de42a1fa0d9be1e72f12def64", "essentia_git_sha": "v2.1_beta1-28-g21ef5f4-dirty", "extractor": "music 1.0", "essentia": "2.1-beta1"}}, "tonal": {"chords_scale": "major", "hpcp": {"dmean": [0.158634573221, 0.165143236518, 0.188698083162, 0.193955555558, 0.188396126032, 0.163929969072, 0.1404312253, 0.138450175524, 0.148073926568, 0.155767247081, 0.132041826844, 0.104853607714, 0.0896724835038, 0.0888442620635, 0.0926038846374, 0.0969826951623, 0.102271929383, 0.118651419878, 0.126643702388, 0.120053038001, 0.105977989733, 0.0980934724212, 0.0950380042195, 0.187003642321, 0.292014271021, 0.182661354542, 0.092690333724, 0.0887594372034, 0.0917986035347, 0.110259860754, 0.147759318352, 0.169198766351, 0.164737671614, 0.156238600612, 0.144425153732, 0.153629645705], "dvar2": [0.170668855309, 0.165372520685, 0.200164020061, 0.20044401288, 0.189260527492, 0.164109632373, 0.139251172543, 0.135935172439, 0.132492035627, 0.147230029106, 0.128078520298, 0.106428653002, 0.081200286746, 0.0694943964481, 0.0760469213128, 0.0868886038661, 0.0972697734833, 0.12832261622, 0.137277811766, 0.11365955323, 0.0880759507418, 0.0795442387462, 0.0857466086745, 0.102697126567, 0.281685858965, 0.0989728793502, 0.0706152394414, 0.0736794099212, 0.0805294886231, 0.0961029008031, 0.143447622657, 0.162833437324, 0.152411922812, 0.154810011387, 0.159254088998, 0.173321396112], "mean": [0.126012399793, 0.139283031225, 0.163109302521, 0.168304562569, 0.157713666558, 0.138848274946, 0.116321496665, 0.112469308078, 0.135317325592, 0.146222800016, 0.111912742257, 0.0772474482656, 0.0678882971406, 0.0756872817874, 0.0846719220281, 0.0817705243826, 0.0825903192163, 0.0949626415968, 0.110449939966, 0.119417026639, 0.108068048954, 0.0824337229133, 0.0736715421081, 0.247345715761, 0.413993179798, 0.247494637966, 0.0792860761285, 0.0717131122947, 0.0710432529449, 0.0886186659336, 0.120063729584, 0.148208543658, 0.155672430992, 0.128191590309, 0.105036616325, 0.114603675902], "var": [0.0556506067514, 0.0606235601008, 0.074878230691, 0.0725794434547, 0.0661139264703, 0.0579814575613, 0.0478797703981, 0.0455987453461, 0.0530159845948, 0.0583852790296, 0.0416285805404, 0.0281201861799, 0.0222512111068, 0.0263758134097, 0.0337973050773, 0.0273732095957, 0.0283342972398, 0.0397379547358, 0.0501136593521, 0.0525869764388, 0.0389483161271, 0.023101111874, 0.0227619316429, 0.0625396668911, 0.182328268886, 0.0633763447404, 0.0232067853212, 0.0222701430321, 0.0230448786169, 0.0321218445897, 0.0488498024642, 0.0594894476235, 0.067408837378, 0.0504469051957, 0.0443581193686, 0.0511903464794], "dmean2": [0.290453672409, 0.298677384853, 0.344077706337, 0.352672457695, 0.341315329075, 0.298594683409, 0.255123883486, 0.250113248825, 0.264398247004, 0.280655384064, 0.240631967783, 0.192738413811, 0.163598105311, 0.157411798835, 0.164403960109, 0.173879563808, 0.187173485756, 0.218259394169, 0.226864084601, 0.212557062507, 0.186418801546, 0.175679951906, 0.172983556986, 0.335019648075, 0.535111427307, 0.321016550064, 0.165264934301, 0.160168647766, 0.166351228952, 0.198964387178, 0.265382140875, 0.303764820099, 0.297642529011, 0.283068627119, 0.267056524754, 0.284187704325], "dvar": [0.0627457201481, 0.0630272254348, 0.0747604742646, 0.0730792507529, 0.0696881264448, 0.0609218068421, 0.0512678213418, 0.0505907163024, 0.0495167225599, 0.054204877466, 0.045932020992, 0.0375075787306, 0.0293806362897, 0.027445062995, 0.0321415960789, 0.032548841089, 0.0350773558021, 0.0458224862814, 0.0500267185271, 0.0425563044846, 0.0325456447899, 0.0274924822152, 0.0300523098558, 0.042783036828, 0.124343410134, 0.0414580218494, 0.0260829012841, 0.0268535763025, 0.0289616547525, 0.0358573421836, 0.0530032813549, 0.0605541914701, 0.0576965250075, 0.0556159131229, 0.0576925873756, 0.0624411292374], "min": [0, 0, 0, 0, 0, 0, 0, 0, 0, 0, 0, 0, 0, 0, 0, 0, 0, 0, 0, 0, 0, 0, 0, 0, 0, 0, 0, 0, 0, 0, 0, 0, 0, 0, 0, 0], "median": [0.0214733146131, 0.0263843238354, 0.0285078808665, 0.0359541140497, 0.0358797796071, 0.0302499998361, 0.0237027592957, 0.0219008103013, 0.0308792293072, 0.0351188182831, 0.0260240808129, 0.0136205311865, 0.0150681715459, 0.0172655321658, 0.0192633271217, 0.0207626130432, 0.0200861152261, 0.0168374795467, 0.0152843240649, 0.0180296953768, 0.0219504665583, 0.0223948732018, 0.0188552774489, 0.133796662092, 0.19004137814, 0.138270050287, 0.0196100324392, 0.0160389579833, 0.0148438215256, 0.015954092145, 0.021168872714, 0.0318336561322, 0.0347720012069, 0.0262680705637, 0.0171935968101, 0.0158805325627], "max": [1, 1, 1, 1, 1, 1, 1, 1, 1, 1, 1, 1, 1, 1, 1, 1, 1, 1, 1, 1, 1, 1, 1, 1, 1, 1, 1, 1, 1, 1, 1, 1, 1, 1, 1, 1]}, "tuning_equal_tempered_deviation": 0.182654947042, "chords_key": "A#", "chords_strength": {"dmean": 0.0130690820515, "dvar2": 0.000931006390601, "mean": 0.461688309908, "var": 0.0257198344916, "dmean2": 0.016234325245, "dvar": 0.00050934299361, "min": -1, "median": 0.463218122721, "max": 0.76218098402}, "tuning_diatonic_strength": 0.66493666172, "thpcp": [1, 0.597822964191, 0.191515415907, 0.173222929239, 0.171604886651, 0.214058279991, 0.290013790131, 0.357997536659, 0.376026570797, 0.309646636248, 0.25371581316, 0.276825040579, 0.304382801056, 0.3364379704, 0.393990308046, 0.406539469957, 0.38095715642, 0.335387825966, 0.280974417925, 0.271669477224, 0.326858818531, 0.353201001883, 0.270325094461, 0.186591118574, 0.16398409009, 0.182822540402, 0.204524919391, 0.197516590357, 0.199496805668, 0.229382142425, 0.266791701317, 0.2884516716, 0.261038243771, 0.199118554592, 0.177953511477, 0.59746325016], "chords_histogram": [45.4118652344, 1.47247123718, 18.2244987488, 0.768245816231, 1.94195473194, 0.234741777182, 0, 0.21340161562, 0, 0.149381130934, 0.98164743185, 0, 0, 1.10968840122, 0.021340161562, 0.597524523735, 0.10670080781, 9.92317581177, 0.192061454058, 10.4139995575, 2.94494247437, 1.9632948637, 2.19803667068, 1.13102865219], "tuning_nontempered_energy_ratio": 0.792516589165, "tuning_frequency": 434.193115234, "key_strength": 0.692430078983, "chords_changes_rate": 0.0930431038141, "key_scale": "major", "hpcp_entropy": {"dmean": 0.721708774567, "dvar2": 0.924345195293, "mean": 2.44724178314, "var": 0.667951107025, "dmean2": 1.22125327587, "dvar": 0.32886210084, "min": 0, "median": 2.48522114754, "max": 4.60867595673}, "key_key": "A#", "chords_number_rate": 0.00234741787426}, "lowlevel": {"melbands_skewness": {"dmean": 1.59273779392, "dvar2": 8.79408740997, "mean": 4.54328250885, "var": 11.6872730255, "dmean2": 2.48801040649, "dvar": 3.73560833931, "min": -2.5762553215, "median": 3.71087884903, "max": 28.6323032379}, "melbands_kurtosis": {"dmean": 30.8765277863, "dvar2": 10333.5908203, "mean": 48.237197876, "var": 7328.45410156, "dmean2": 49.7604255676, "dvar": 4275.265625, "min": -1.90928864479, "median": 21.6595306396, "max": 1569.28210449}, "barkbands_kurtosis": {"dmean": 16.8617229462, "dvar2": 1991.93811035, "mean": 26.5165367126, "var": 1696.93566895, "dmean2": 26.6172962189, "dvar": 917.969543457, "min": -1.73557496071, "median": 14.4879751205, "max": 504.582550049}, "hfc": {"dmean": 58.4589958191, "dvar2": 22231.3320312, "mean": 90.0775604248, "var": 14863.0732422, "dmean2": 86.0705184937, "dvar": 10041.2900391, "min": 1.07605080386e-16, "median": 45.7006378174, "max": 1599.95959473}, "silence_rate_20dB": {"dmean": 0.015154749155, "dvar2": 0.0379326716065, "mean": 0.989115357399, "var": 0.0107661690563, "dmean2": 0.0303127337247, "dvar": 0.0149250831455, "min": 0, "median": 1, "max": 1}, "erbbands_flatness_db": {"dmean": 0.0250427965075, "dvar2": 0.0010029230034, "mean": 0.133863002062, "var": 0.00209033652209, "dmean2": 0.0370942763984, "dvar": 0.000484591320856, "min": 0.041312135756, "median": 0.127725169063, "max": 0.309997230768}, "spectral_flux": {"dmean": 0.0588709414005, "dvar2": 0.0173181910068, "mean": 0.126004144549, "var": 0.0123940687627, "dmean2": 0.0951391160488, "dvar": 0.00743338651955, "min": 6.23856105664e-11, "median": 0.0950890108943, "max": 0.910449683666}, "spectral_energyband_low": {"dmean": 0.0303465928882, "dvar2": 0.0130700943992, "mean": 0.0324298329651, "var": 0.00433408888057, "dmean2": 0.0503875240684, "dvar": 0.00515275914222, "min": 1.18668409081e-23, "median": 0.0129165956751, "max": 0.814618289471}, "spectral_rolloff": {"dmean": 4053.31640625, "dvar2": 130715168, "mean": 5994.10986328, "var": 80037120, "dmean2": 7767.52880859, "dvar": 57422840, "min": 21.533203125, "median": 667.529296875, "max": 22006.9335938}, "spectral_entropy": {"dmean": 0.22158369422, "dvar2": 0.0928727686405, "mean": 7.36293172836, "var": 0.282290816307, "dmean2": 0.32984945178, "dvar": 0.0424123629928, "min": 5.3130607605, "median": 7.42558193207, "max": 9.82574367523}, "spectral_energy": {"dmean": 0.0405491553247, "dvar2": 0.0182388145477, "mean": 0.0543028898537, "var": 0.00767511501908, "dmean2": 0.0638861805201, "dvar": 0.00760519644246, "min": 9.78814047165e-21, "median": 0.0284420847893, "max": 1.05998730659}, "spectral_centroid": {"dmean": 299.605041504, "dvar2": 309098.4375, "mean": 1122.66503906, "var": 1822027.375, "dmean2": 446.74798584, "dvar": 154563.640625, "min": 149.657272339, "median": 778.360107422, "max": 12057.7744141}, "barkbands_flatness_db": {"dmean": 0.0380578413606, "dvar2": 0.00258742156439, "mean": 0.187527507544, "var": 0.00381135079078, "dmean2": 0.0591530203819, "dvar": 0.00111287483014, "min": 0.0406423062086, "median": 0.182257503271, "max": 0.501598119736}, "spectral_rms": {"dmean": 0.002059598919, "dvar2": 1.91898689081e-05, "mean": 0.00601005600765, "var": 1.68576552824e-05, "dmean2": 0.0030152334366, "dvar": 9.22176604945e-06, "min": 3.09021124661e-12, "median": 0.0052676727064, "max": 0.0321579538286}, "melbands": {"dmean": [0.00799006316811, 0.0017262424808, 0.000778948422521, 0.000761408766266, 0.000523881404661, 0.000331587682012, 0.000153247994604, 0.000111146699055, 0.000107926454803, 0.000116330746096, 7.74939180701e-05, 6.40532089164e-05, 5.6828626839e-05, 3.96537943743e-05, 2.09431200346e-05, 1.52500533659e-05, 1.03489410321e-05, 7.6520627772e-06, 8.40194843477e-06, 7.34501554689e-06, 4.32586148236e-06, 4.78467063658e-06, 4.61490162706e-06, 5.12644874107e-06, 5.44898830412e-06, 6.28300767858e-06, 6.6548718678e-06, 2.01210309569e-06, 9.77056174634e-07, 6.6429834078e-07, 4.85969394504e-07, 3.65528165958e-07, 4.58446606899e-07, 3.72915309299e-07, 2.48282532311e-07, 2.14882973637e-07, 1.11628253308e-07, 3.36031042991e-08, 2.92550375036e-08, 2.5958723171e-08], "dvar2": [0.00103158946149, 2.83181379928e-05, 4.60920819023e-06, 4.49743447462e-06, 3.41199620379e-06, 1.50398352616e-06, 3.96208747588e-07, 2.05057290259e-07, 1.84365774203e-07, 2.772023322e-07, 1.0514090576e-07, 1.04798751011e-07, 9.11120139335e-08, 4.29255706536e-08, 6.52134390933e-09, 3.45803408131e-09, 1.57385893207e-09, 8.71970384786e-10, 9.6833951968e-10, 1.58807511585e-09, 4.58100113399e-10, 4.61416238551e-10, 4.05423722372e-10, 6.02669525396e-10, 9.97116944568e-10, 1.074243694e-09, 3.43221395749e-10, 6.47251696684e-11, 1.69560615548e-11, 6.7865470188e-12, 2.38160316121e-12, 1.14012976577e-12, 1.29449033957e-12, 1.01463889374e-12, 4.87368988483e-13, 3.57285327626e-13, 1.20094865584e-13, 1.40584675588e-14, 1.09205865718e-14, 8.48441732452e-15], "mean": [0.00761022139341, 0.00225107511505, 0.00106194010004, 0.00104997737799, 0.000786788237747, 0.000504230032675, 0.000217353226617, 0.000135293419589, 0.000120320473798, 0.000129790176288, 8.96829733392e-05, 6.61019876134e-05, 5.90535782976e-05, 4.48562859674e-05, 3.01540421788e-05, 2.34459894273e-05, 1.571978828e-05, 1.09507491288e-05, 1.26175618789e-05, 1.12843863462e-05, 6.2938870542e-06, 6.80186712998e-06, 7.13248437023e-06, 7.42114025343e-06, 7.67172605265e-06, 8.50011292641e-06, 8.48028412292e-06, 3.09445726998e-06, 1.58135685524e-06, 1.06198831418e-06, 7.81804544658e-07, 5.89043509081e-07, 6.65062259486e-07, 5.34170396804e-07, 3.39998678101e-07, 2.88232399726e-07, 1.37734787131e-07, 3.12440242567e-08, 2.68148951932e-08, 2.39132305069e-08], "var": [0.000307183508994, 1.15619241114e-05, 2.48491073762e-06, 2.8357312658e-06, 2.67806899501e-06, 1.43257796026e-06, 3.05656982391e-07, 1.14999011203e-07, 7.4297588526e-08, 1.25988918853e-07, 5.8591822949e-08, 3.84889773386e-08, 2.81281700154e-08, 1.44177709771e-08, 4.10144451735e-09, 2.96660140897e-09, 1.28239330266e-09, 5.72968505974e-10, 7.61684604278e-10, 1.15955101077e-09, 3.12471382102e-10, 3.33151950471e-10, 4.4183351422e-10, 5.74717662349e-10, 9.58604973178e-10, 8.88919771125e-10, 3.20493631634e-10, 7.27135712753e-11, 1.87395168827e-11, 6.02018565207e-12, 2.36676477028e-12, 1.19262694338e-12, 1.24900296269e-12, 9.92959403937e-13, 5.07641183863e-13, 3.69064208448e-13, 9.79812951152e-14, 5.97819125271e-15, 4.5766676683e-15, 3.5735506893e-15], "dmean2": [0.0135416090488, 0.0028740845155, 0.00126721477136, 0.00122116960119, 0.000808653072454, 0.000500690308399, 0.000238598368014, 0.000178766669706, 0.000178356785909, 0.000191854793229, 0.000124587197206, 0.000106465689896, 9.41095131566e-05, 6.48446148261e-05, 3.28632449964e-05, 2.37581789406e-05, 1.56645382958e-05, 1.18290281534e-05, 1.30901780722e-05, 1.14807608043e-05, 6.60878640701e-06, 7.40835594115e-06, 6.92034382155e-06, 7.62843455959e-06, 7.72151361161e-06, 9.11822098715e-06, 9.64019363892e-06, 2.89981153401e-06, 1.44212606301e-06, 9.85655560726e-07, 6.87937188104e-07, 5.14413329711e-07, 6.2609581164e-07, 5.05863624767e-07, 3.3342823258e-07, 2.91713661227e-07, 1.60763249824e-07, 5.47762546432e-08, 4.77711665781e-08, 4.23856398868e-08], "dvar": [0.00039623567136, 1.09008788058e-05, 1.85652868367e-06, 1.76501214355e-06, 1.46921206579e-06, 6.51348216252e-07, 1.63996674019e-07, 8.40913685352e-08, 7.15813825991e-08, 1.08611381222e-07, 4.35677449673e-08, 4.00939974554e-08, 3.40593757642e-08, 1.63900928385e-08, 2.68700750539e-09, 1.46220380248e-09, 6.82637668614e-10, 3.67920416355e-10, 4.22800211508e-10, 6.45948794453e-10, 1.97541635827e-10, 1.94867441627e-10, 1.95249302837e-10, 2.85610562978e-10, 5.01131025565e-10, 4.86187812232e-10, 1.62268906645e-10, 3.06733423383e-11, 7.68311282651e-12, 2.94949503189e-12, 1.10652101631e-12, 5.49142762513e-13, 6.54035419573e-13, 5.13759607773e-13, 2.60353994223e-13, 1.89281641576e-13, 5.94193002635e-14, 6.01044076163e-15, 4.65664367214e-15, 3.62334521517e-15], "min": [7.76079534316e-25, 9.65977631991e-25, 6.88047439762e-25, 6.8792669474e-25, 1.10017529653e-24, 7.97552673282e-25, 1.27007345298e-24, 1.7547088682e-24, 2.25869671776e-24, 1.46895051339e-24, 2.84291921556e-24, 2.74509671622e-24, 1.89900631891e-24, 2.4006709731e-24, 1.85375863789e-24, 2.42392738145e-24, 2.42918356166e-24, 2.790116022e-24, 2.96086733152e-24, 2.5861591904e-24, 3.6016663418e-24, 3.67801072248e-24, 4.05396250282e-24, 3.18047437462e-24, 4.45396349671e-24, 4.30376950795e-24, 4.70674608518e-24, 3.52373990057e-24, 4.87609401115e-24, 4.26428701965e-24, 4.93009745657e-24, 5.36442533832e-24, 5.52828082023e-24, 6.04789560989e-24, 5.36617069307e-24, 5.17936843072e-24, 6.00258856709e-24, 4.98346823554e-24, 6.54698384437e-24, 6.07360537566e-24], "median": [0.00216299109161, 0.00124166265596, 0.000538743275683, 0.000382162048481, 0.000182804258657, 8.21172943688e-05, 4.60201263195e-05, 2.81949069176e-05, 2.01292714337e-05, 1.80824408744e-05, 1.23077288663e-05, 9.71630561253e-06, 8.15743624116e-06, 7.89531713963e-06, 6.52358994557e-06, 4.7035832722e-06, 3.19986020259e-06, 2.48680453296e-06, 3.03622755382e-06, 2.2484910005e-06, 1.61810328336e-06, 1.61172499702e-06, 1.90027549252e-06, 2.04742218557e-06, 1.62428648309e-06, 1.90651417142e-06, 2.59354351329e-06, 1.10198379843e-06, 5.20834419149e-07, 3.62342433391e-07, 2.7717041462e-07, 2.0342525886e-07, 2.40147386421e-07, 1.49476619526e-07, 6.93932591389e-08, 5.18227203372e-08, 2.34821921907e-08, 7.36364835774e-09, 6.07727335122e-09, 5.50499335006e-09], "max": [0.225585639477, 0.0534298121929, 0.0310308001935, 0.0215310100466, 0.0326528847218, 0.0214053951204, 0.0115157524124, 0.00751263741404, 0.00365304900333, 0.00610963767394, 0.00494763301685, 0.00512636639178, 0.00344025436789, 0.00225139968097, 0.00111670710612, 0.00113852554932, 0.000545471324585, 0.00052559922915, 0.000528561940882, 0.000890690076631, 0.000511237245519, 0.000424629630288, 0.00050181261031, 0.00073329359293, 0.000753994099796, 0.000770253827795, 0.000522465328686, 0.000335491786245, 0.000106659143057, 7.12566470611e-05, 2.8028511224e-05, 1.86810702871e-05, 1.53785967996e-05, 1.63052845892e-05, 1.35825166581e-05, 7.96432595962e-06, 4.62598336526e-06, 1.37489985264e-06, 1.22798826396e-06, 9.71600911726e-07]}, "barkbands_crest": {"dmean": 3.14700698853, "dvar2": 17.3706455231, "mean": 11.9612731934, "var": 17.5787639618, "dmean2": 5.18776369095, "dvar": 6.74464941025, "min": 3.07890272141, "median": 11.4738140106, "max": 25.9064216614}, "mfcc": {"icov": [[0.00017055576609, -0.000185346376384, 0.000253039266681, 1.43241013575e-05, -1.79033431777e-05, 0.000118325820949, 1.92211518879e-05, -0.000301772728562, 0.000428876635851, -0.000633541669231, 0.000330565497279, -1.16600961064e-06, 0.000155888104928], [-0.000185346376384, 0.00109846144915, -0.000355141353793, 0.000246715091635, 0.000692885019816, -0.000460606359411, -0.000111804678454, 0.00104002631269, -0.000724692363292, 0.00116818142124, -0.000708012084942, 0.000275849452009, -0.000533212034497], [0.000253039266681, -0.000355141353793, 0.00208625709638, 0.000269526761258, -0.00111502944492, 0.00162950495724, -0.000329114292981, -0.000573981087655, 0.00183747557458, -0.00177317904308, 0.000595135730691, -0.000853314995766, 0.000462529977085], [1.43241013575e-05, 0.000246715091635, 0.000269526761258, 0.00251015718095, -0.0009857469704, -0.000109965389129, 0.00114369310904, -0.00198999256827, 0.00089077296434, -8.18870321382e-05, -0.0018057966372, 0.00283538084477, -0.00142378720921], [-1.79033431777e-05, 0.000692885019816, -0.00111502944492, -0.0009857469704, 0.00783529132605, -0.00310263759457, -0.00130469538271, 0.00403774064034, -0.00493744853884, 0.00149388774298, -0.000514410960022, -0.00133867631666, -0.000129741776618], [0.000118325820949, -0.000460606359411, 0.00162950495724, -0.000109965389129, -0.00310263759457, 0.00905947480351, -0.0018294864567, -0.00282419379801, 0.00358569528908, -0.00423741620034, 0.0052478229627, -0.00308025348932, 0.00179400143679], [1.92211518879e-05, -0.000111804678454, -0.000329114292981, 0.00114369310904, -0.00130469538271, -0.0018294864567, 0.00941183231771, -0.00507212104276, -0.0020882114768, 0.00577706098557, -0.00586883584037, 0.00628556311131, -0.00416037114337], [-0.000301772728562, 0.00104002631269, -0.000573981087655, -0.00198999256827, 0.00403774064034, -0.00282419379801, -0.00507212104276, 0.0140849351883, -0.00205588154495, -0.00463500339538, 0.00365868094377, -0.00499024800956, 0.000209568243008], [0.000428876635851, -0.000724692363292, 0.00183747557458, 0.00089077296434, -0.00493744853884, 0.00358569528908, -0.0020882114768, -0.00205588154495, 0.0139249656349, -0.00571386702359, 0.00120715470985, -0.000655921059661, 0.0012047663331], [-0.000633541669231, 0.00116818142124, -0.00177317904308, -8.18870321382e-05, 0.00149388774298, -0.00423741620034, 0.00577706098557, -0.00463500339538, -0.00571386702359, 0.0225513558835, -0.0126061383635, 0.00475025968626, -0.00242760730907], [0.000330565497279, -0.000708012084942, 0.000595135730691, -0.0018057966372, -0.000514410960022, 0.0052478229627, -0.00586883584037, 0.00365868094377, 0.00120715470985, -0.0126061383635, 0.025330606848, -0.0103200692683, 0.00134356447961], [-1.16600961064e-06, 0.000275849452009, -0.000853314995766, 0.00283538084477, -0.00133867631666, -0.00308025348932, 0.00628556311131, -0.00499024800956, -0.000655921059661, 0.00475025968626, -0.0103200692683, 0.0221172031015, -0.00762231647968], [0.000155888104928, -0.000533212034497, 0.000462529977085, -0.00142378720921, -0.000129741776618, 0.00179400143679, -0.00416037114337, 0.000209568243008, 0.0012047663331, -0.00242760730907, 0.00134356447961, -0.00762231647968, 0.020795468241]], "mean": [-718.655029297, 156.807983398, 3.8392021656, 51.2887306213, 0.233094215393, 16.0009479523, 5.92787027359, 11.6283884048, -5.26973962784, 6.24020862579, 0.421719908714, -1.9386382103, 4.61683416367], "cov": [[10879.0029297, 1046.00793457, -1158.81079102, 165.02696228, -534.818969727, 275.434692383, -169.481231689, 315.84664917, -272.840087891, 223.210891724, -138.180480957, -96.2937088013, -66.3500213623], [1046.00793457, 1403.53540039, 51.803653717, -287.901611328, -107.862190247, -59.9264450073, -0.713292896748, -132.088287354, -22.8170413971, -80.5856628418, -10.4957342148, -10.7214612961, 1.63095283508], [-1158.81079102, 51.803653717, 773.560119629, -110.230697632, 72.7707061768, -124.587013245, 0.757457911968, -57.1260719299, -10.3228702545, -1.68219923973, 41.7111625671, 40.0352478027, 9.57293987274], [165.02696228, -287.901611328, -110.230697632, 622.902526855, 29.4703006744, 58.3299255371, 1.46750843525, 110.83694458, -12.012430191, 66.897277832, 25.6069164276, -40.9843482971, 22.637462616], [-534.818969727, -107.862190247, 72.7707061768, 29.4703006744, 237.536697388, 29.9506645203, 45.2005348206, -33.3302307129, 73.7018737793, -6.02384328842, 16.4374904633, 12.6102867126, 8.50665473938], [275.434692383, -59.9264450073, -124.587013245, 58.3299255371, 29.9506645203, 199.496170044, 28.9227714539, 71.213760376, -12.0704841614, 24.3446216583, -26.6433734894, 7.65417575836, -0.723242640495], [-169.481231689, -0.713292896748, 0.757457911968, 1.46750843525, 45.2005348206, 28.9227714539, 198.047653198, 50.4948692322, 39.375579834, -16.3493118286, 17.8474979401, -15.9589300156, 27.0431041718], [315.84664917, -132.088287354, -57.1260719299, 110.83694458, -33.3302307129, 71.213760376, 50.4948692322, 162.997695923, 4.69620132446, 49.510761261, 2.37844395638, 11.2569074631, 14.6927337646], [-272.840087891, -22.8170413971, -10.3228702545, -12.012430191, 73.7018737793, -12.0704841614, 39.375579834, 4.69620132446, 122.384040833, 17.8946018219, 19.5327854156, 4.94195127487, 5.74691009521], [223.210891724, -80.5856628418, -1.68219923973, 66.897277832, -6.02384328842, 24.3446216583, -16.3493118286, 49.510761261, 17.8946018219, 96.6229248047, 34.150226593, 9.12058258057, 6.34994697571], [-138.180480957, -10.4957342148, 41.7111625671, 25.6069164276, 16.4374904633, -26.6433734894, 17.8474979401, 2.37844395638, 19.5327854156, 34.150226593, 77.1647796631, 25.5397014618, 14.7706108093], [-96.2937088013, -10.7214612961, 40.0352478027, -40.9843482971, 12.6102867126, 7.65417575836, -15.9589300156, 11.2569074631, 4.94195127487, 9.12058258057, 25.5397014618, 78.2782745361, 20.6828193665], [-66.3500213623, 1.63095283508, 9.57293987274, 22.637462616, 8.50665473938, -0.723242640495, 27.0431041718, 14.6927337646, 5.74691009521, 6.34994697571, 14.7706108093, 20.6828193665, 62.3763122559]]}, "spectral_decrease": {"dmean": 9.83418235734e-09, "dvar2": 1.1792183051e-15, "mean": -1.22230394695e-08, "var": 4.56485589973e-16, "dmean2": 1.58336437295e-08, "dvar": 4.82595062934e-16, "min": -2.6999163083e-07, "median": -5.97036686756e-09, "max": 1.53776813505e-09}, "zerocrossingrate": {"dmean": 0.043855369091, "dvar2": 0.00237528374419, "mean": 0.180004715919, "var": 0.00996944494545, "dmean2": 0.0552453063428, "dvar": 0.00152592430823, "min": 0.0048828125, "median": 0.1611328125, "max": 0.60888671875}, "spectral_contrast_coeffs": {"dmean": [0.0600294582546, 0.0501859486103, 0.0388111583889, 0.0305892564356, 0.0260641891509, 0.0493062436581], "dvar2": [0.00602944241837, 0.00419218512252, 0.00260793231428, 0.00157089228742, 0.00112155603711, 0.00435348507017], "mean": [-0.69678658247, -0.773765087128, -0.821771979332, -0.828754007816, -0.82059186697, -0.748768806458], "var": [0.00858253892511, 0.00628920271993, 0.00398978684098, 0.00323471566662, 0.00208497792482, 0.00652978615835], "dmean2": [0.0969718247652, 0.0818512812257, 0.0632044747472, 0.048877838999, 0.0392989739776, 0.0768179744482], "dvar": [0.00242682965472, 0.00163534050807, 0.0010187496664, 0.000643976498395, 0.000524260802194, 0.00187013251707], "min": [-0.977741062641, -0.981512308121, -0.994225203991, -0.980064213276, -0.969000399113, -0.96500068903], "median": [-0.702223181725, -0.780372679234, -0.829515039921, -0.830863654613, -0.818611979485, -0.754685401917], "max": [-0.340438634157, -0.420955270529, -0.52955365181, -0.619843363762, -0.645426630974, -0.470868915319]}, "spectral_skewness": {"dmean": 0.335545301437, "dvar2": 0.298730134964, "mean": 2.52639484406, "var": 0.613925278187, "dmean2": 0.488644301891, "dvar": 0.142429992557, "min": -0.104627616704, "median": 2.40952944756, "max": 8.781498909}, "spectral_energyband_middle_high": {"dmean": 0.00153937225696, "dvar2": 2.73111927527e-05, "mean": 0.00249272189103, "var": 1.76590510819e-05, "dmean2": 0.00226501375437, "dvar": 1.1644652659e-05, "min": 1.07992195306e-21, "median": 0.00091807654826, "max": 0.052214294672}, "gfcc": {"icov": [[0.000113607384264, -0.000287943868898, 0.000733515713364, -0.000708829553332, 0.000685565639287, -0.000390870583942, 0.000165739736985, -3.84566992579e-05, -0.000139283773024, 0.000412879802752, -0.000369998073438, 5.77807622903e-05, 0.000233920669416], [-0.000287943868898, 0.00233479798771, -0.00229481561109, 0.00286991219036, -0.00132838170975, 0.00107823882718, -0.000898406200577, 0.00135879777372, -0.000406710227253, -0.000393759837607, -0.000385119841667, 0.00181778206024, -0.00223797280341], [0.000733515713364, -0.00229481561109, 0.0079988129437, -0.00750157702714, 0.00741728255525, -0.00467188330367, 0.00216651894152, -5.38556960237e-05, -0.00255544972606, 0.00468214834109, -0.00571156246588, 0.00276511861011, 0.000756825669669], [-0.000708829553332, 0.00286991219036, -0.00750157702714, 0.0126405619085, -0.0116315316409, 0.00791242998093, -0.00180307950359, -0.00438955239952, 0.0069048893638, -0.00948193483055, 0.0106848711148, -0.00824841391295, 0.00421776482835], [0.000685565639287, -0.00132838170975, 0.00741728255525, -0.0116315316409, 0.0171836838126, -0.00950657017529, -0.00101634615567, 0.00749702798203, -0.0111823491752, 0.0131372250617, -0.0139669114724, 0.0141123486683, -0.00843572430313], [-0.000390870583942, 0.00107823882718, -0.00467188330367, 0.00791242998093, -0.00950657017529, 0.0108592733741, -0.000845924485475, -0.00655241962522, 0.01035414543, -0.0130047304556, 0.0128073506057, -0.0115033406764, 0.00496576074511], [0.000165739736985, -0.000898406200577, 0.00216651894152, -0.00180307950359, -0.00101634615567, -0.000845924485475, 0.0081277443096, -0.00224927696399, -0.00228764861822, 0.00667969929054, -0.00473110331222, -0.00192290882114, 0.00309912534431], [-3.84566992579e-05, 0.00135879777372, -5.38556960237e-05, -0.00438955239952, 0.00749702798203, -0.00655241962522, -0.00224927696399, 0.0145734539255, -0.00921326130629, 0.00612407829612, -0.0111209033057, 0.0136830508709, -0.0103408722207], [-0.000139283773024, -0.000406710227253, -0.00255544972606, 0.0069048893638, -0.0111823491752, 0.01035414543, -0.00228764861822, -0.00921326130629, 0.0254631582648, -0.0255304779857, 0.0213476978242, -0.0200558137149, 0.0121021270752], [0.000412879802752, -0.000393759837607, 0.00468214834109, -0.00948193483055, 0.0131372250617, -0.0130047304556, 0.00667969929054, 0.00612407829612, -0.0255304779857, 0.0465524308383, -0.0320394746959, 0.0207479353994, -0.0122567461804], [-0.000369998073438, -0.000385119841667, -0.00571156246588, 0.0106848711148, -0.0139669114724, 0.0128073506057, -0.00473110331222, -0.0111209033057, 0.0213476978242, -0.0320394746959, 0.0436200611293, -0.0265395957977, 0.0117660230026], [5.77807622903e-05, 0.00181778206024, 0.00276511861011, -0.00824841391295, 0.0141123486683, -0.0115033406764, -0.00192290882114, 0.0136830508709, -0.0200558137149, 0.0207479353994, -0.0265395957977, 0.0367874391377, -0.0145810544491], [0.000233920669416, -0.00223797280341, 0.000756825669669, 0.00421776482835, -0.00843572430313, 0.00496576074511, 0.00309912534431, -0.0103408722207, 0.0121021270752, -0.0122567461804, 0.0117660230026, -0.0145810544491, 0.0231987629086]], "mean": [-56.8977890015, 98.3573226929, -66.4019927979, 16.2016201019, -11.7380867004, -22.248752594, 5.29060792923, -16.1137752533, -4.81670665741, -9.70334339142, -2.02649188042, 0.0078012556769, -9.36425495148], "cov": [[25303.8515625, 1097.1739502, -2048.49438477, -87.1465072632, -260.813201904, -315.48815918, 232.3724823, -337.104797363, -88.2246780396, -247.870834351, -73.1530380249, 120.230209351, -247.51020813], [1097.1739502, 1113.55029297, -15.3236513138, -402.804779053, -144.317062378, -33.7969474792, -81.2074890137, -79.9901580811, -50.310760498, 9.28422451019, 24.1014575958, -58.2408294678, 82.364730835], [-2048.49438477, -15.3236513138, 628.889221191, 119.091835022, -147.675796509, 99.2700271606, -110.143852234, 126.068115234, -16.313041687, 60.270275116, 30.2130050659, -4.56896209717, -4.87251996994], [-87.1465072632, -402.804779053, 119.091835022, 490.793273926, 190.431060791, -72.9519500732, 106.377342224, 39.1070022583, 44.0703582764, -16.6403465271, -12.3735132217, 18.1257629395, -57.1269721985], [-260.813201904, -144.317062378, -147.675796509, 190.431060791, 325.215148926, 3.46595001221, 126.635765076, -31.8452796936, 37.5948104858, -28.5965423584, -8.5533618927, -9.99221801758, 8.64329910278], [-315.48815918, -33.7969474792, 99.2700271606, -72.9519500732, 3.46595001221, 314.705383301, -38.5667114258, 91.737739563, -34.3608627319, 46.5379943848, 4.01753664017, 12.305056572, 38.0959205627], [232.3724823, -81.2074890137, -110.143852234, 106.377342224, 126.635765076, -38.5667114258, 253.091079712, -7.13094377518, 36.9784698486, -43.8914375305, 19.4834842682, 34.3922386169, -39.3550186157], [-337.104797363, -79.9901580811, 126.068115234, 39.1070022583, -31.8452796936, 91.737739563, -7.13094377518, 190.868011475, 19.173248291, 50.5643997192, 24.3022232056, -13.2050409317, 35.3628349304], [-88.2246780396, -50.310760498, -16.313041687, 44.0703582764, 37.5948104858, -34.3608627319, 36.9784698486, 19.173248291, 136.417770386, 42.7691345215, 4.5606918335, 29.2559642792, -19.3056602478], [-247.870834351, 9.28422451019, 60.270275116, -16.6403465271, -28.5965423584, 46.5379943848, -43.8914375305, 50.5643997192, 42.7691345215, 85.5527496338, 33.9155654907, 3.77033209801, 20.5541915894], [-73.1530380249, 24.1014575958, 30.2130050659, -12.3735132217, -8.5533618927, 4.01753664017, 19.4834842682, 24.3022232056, 4.5606918335, 33.9155654907, 72.1180267334, 27.7630786896, 4.99882364273], [120.230209351, -58.2408294678, -4.56896209717, 18.1257629395, -9.99221801758, 12.305056572, 34.3922386169, -13.2050409317, 29.2559642792, 3.77033209801, 27.7630786896, 81.3567581177, -2.94119787216], [-247.51020813, 82.364730835, -4.87251996994, -57.1269721985, 8.64329910278, 38.0959205627, -39.3550186157, 35.3628349304, -19.3056602478, 20.5541915894, 4.99882364273, -2.94119787216, 96.6480178833]]}, "erbbands_spread": {"dmean": 11.0230979919, "dvar2": 255.838897705, "mean": 41.8639526367, "var": 512.380249023, "dmean2": 16.4281768799, "dvar": 118.90071106, "min": 3.15892791748, "median": 38.4584732056, "max": 133.948120117}, "erbbands_kurtosis": {"dmean": 1.54113984108, "dvar2": 14.6951951981, "mean": 1.30045282841, "var": 14.3742389679, "dmean2": 2.39120721817, "dvar": 6.16375112534, "min": -1.8996335268, "median": 0.0684131234884, "max": 60.294418335}, "dynamic_complexity": 4.23372793198, "erbbands_crest": {"dmean": 2.71489644051, "dvar2": 15.8642635345, "mean": 8.49162387848, "var": 14.0236988068, "dmean2": 4.43306493759, "dvar": 6.24525880814, "min": 2.09036254883, "median": 7.73829555511, "max": 29.8520050049}, "erbbands": {"dmean": [1.12165355682, 1.73248827457, 3.34119820595, 4.17467451096, 7.89423131943, 12.7375640869, 15.7452192307, 14.4784269333, 10.0639600754, 10.288397789, 12.7215061188, 18.2283058167, 15.8437585831, 16.0639400482, 16.7372665405, 11.4862623215, 7.31662225723, 5.59615039825, 4.8876285553, 5.43814182281, 3.73895668983, 4.29851484299, 5.13193702698, 6.54263687134, 8.77808952332, 4.20521306992, 1.42004084587, 0.875342786312, 0.655939757824, 0.718737781048, 0.417608827353, 0.233681902289, 0.0520798116922, 0.0318988524377, 0.0201094709337, 0.0125983413309, 0.0358943156898, 0.0299299694598, 0.0200254712254, 0.00577528215945], "dvar2": [21.539232254, 33.4569358826, 140.236679077, 160.582122803, 495.108825684, 1598.19970703, 4105.03759766, 3119.8527832, 1683.55151367, 1751.77758789, 2602.05957031, 6823.50683594, 4301.11279297, 6593.73291016, 8240.53710938, 2686.25341797, 719.585144043, 414.570373535, 322.709503174, 439.844787598, 276.629455566, 317.203735352, 449.114837646, 1236.01208496, 1239.14379883, 157.783248901, 29.8323326111, 8.19406223297, 2.86275577545, 3.27661657333, 1.22743928432, 0.443331897259, 0.0293727740645, 0.0127882119268, 0.00505787832662, 0.00164879544172, 0.00939260236919, 0.00453521916643, 0.00162087660283, 0.000244540191488], "mean": [1.01118695736, 2.00144433975, 4.10624742508, 5.50335836411, 10.1259222031, 17.6391448975, 22.991727829, 21.7535705566, 14.3978996277, 12.9485616684, 14.3568220139, 20.4771156311, 18.6489601135, 16.9600143433, 18.0151977539, 14.5020141602, 11.6866426468, 8.93540477753, 7.4284696579, 8.84002590179, 6.11778116226, 6.65579605103, 8.07724761963, 9.63468742371, 11.8892040253, 6.27961778641, 2.42123484612, 1.4796898365, 1.08530080318, 1.05734109879, 0.587047278881, 0.306670427322, 0.0543777160347, 0.0297068897635, 0.0188000258058, 0.0136054567993, 0.0504230223596, 0.0495049990714, 0.0357759706676, 0.0108623262495], "var": [6.01323795319, 11.792347908, 51.3330154419, 82.7067871094, 259.28414917, 1001.52746582, 3079.78466797, 2908.91162109, 1261.55224609, 1107.03515625, 1054.94482422, 3093.38842773, 2433.56982422, 2417.16650391, 2557.62915039, 1200.2857666, 628.980285645, 352.640197754, 232.486709595, 403.217956543, 251.497146606, 309.086914062, 576.477905273, 1343.02124023, 1137.30615234, 218.919784546, 37.0385093689, 9.05173587799, 3.6268286705, 3.45087337494, 1.42707526684, 0.441404223442, 0.0144660416991, 0.00541983451694, 0.00215254421346, 0.00083977507893, 0.0120163708925, 0.00763407815248, 0.0027652811259, 0.00027765322011], "dmean2": [1.9280230999, 2.90862393379, 5.66568756104, 6.89279651642, 12.8982086182, 20.3657741547, 24.2926540375, 21.9622192383, 15.6334705353, 16.4373645782, 20.9204444885, 30.163854599, 25.3849964142, 26.6439666748, 27.699798584, 18.31615448, 11.3147802353, 8.36692333221, 7.46940898895, 8.39794540405, 5.60239076614, 6.42194318771, 7.29659795761, 9.02347373962, 12.2739124298, 5.86921358109, 2.0320956707, 1.21631526947, 0.875900149345, 0.955514729023, 0.545340716839, 0.320213109255, 0.0821727663279, 0.0519792959094, 0.0327420458198, 0.0197757501155, 0.0457837879658, 0.0359978079796, 0.0253732837737, 0.00766148464754], "dvar": [8.11557102203, 12.9729642868, 51.9252548218, 64.401222229, 197.806610107, 627.57232666, 1760.37316895, 1347.05334473, 693.1953125, 737.595703125, 1010.7956543, 2670.30834961, 1784.02844238, 2523.92114258, 3083.96166992, 1077.23986816, 309.783721924, 181.268920898, 139.043487549, 188.281723022, 125.806976318, 146.824996948, 237.404022217, 645.068054199, 576.652404785, 81.7638778687, 13.9777793884, 3.87303638458, 1.51804482937, 1.71163499355, 0.68345272541, 0.234924301505, 0.0130096413195, 0.00547009892762, 0.00216685817577, 0.000737799273338, 0.00548308202997, 0.00279200961813, 0.000819899199996, 0.000116047063784], "min": [1.41556356276e-22, 2.90310178478e-22, 2.3736030476e-21, 3.78038342043e-21, 7.45685550758e-21, 1.75943174215e-20, 2.0523483524e-20, 3.56919936328e-20, 9.51453319726e-20, 1.15531993038e-19, 2.73164144683e-19, 3.30211069218e-19, 6.12955774852e-19, 7.05875144409e-19, 7.86495579028e-19, 1.31610918485e-18, 1.44678273193e-18, 1.82549848319e-18, 1.7868602564e-18, 2.79812557157e-18, 3.80899094493e-18, 4.62106227641e-18, 5.55019165869e-18, 6.78871099189e-18, 7.36969866591e-18, 7.39950777365e-18, 8.56047644288e-18, 9.7790061294e-18, 1.03906424995e-17, 1.2317191641e-17, 9.65773317979e-18, 1.02707327435e-17, 8.6379609324e-18, 8.1231468802e-18, 5.92877071836e-18, 3.93663649397e-18, 2.19958864047e-18, 8.10532672147e-19, 2.46103137738e-19, 2.67059832874e-20], "median": [0.223350450397, 0.922616481781, 1.8760586977, 2.55792856216, 4.03547716141, 5.92591667175, 4.69802713394, 3.5329349041, 3.15974545479, 2.70334529877, 2.56577515602, 3.03823685646, 2.64920759201, 2.60063457489, 2.59933829308, 2.95677852631, 2.50925278664, 2.01631093025, 1.80409765244, 2.06011652946, 1.55957484245, 1.68155872822, 2.35818815231, 2.26912522316, 3.16984629631, 2.26555085182, 0.857316553593, 0.528416216373, 0.396262526512, 0.339175254107, 0.125356897712, 0.0554195158184, 0.0147645846009, 0.00704406388104, 0.00451313192025, 0.00398292485625, 0.0085007539019, 0.0153828058392, 0.0161989182234, 0.00498257018626], "max": [31.4873466492, 54.7019119263, 110.449546814, 212.862625122, 287.344696045, 444.388153076, 1250.78710938, 1054.70227051, 732.846618652, 772.80871582, 519.197631836, 921.010375977, 976.515014648, 1254.09228516, 1069.78564453, 554.262145996, 459.612670898, 269.254669189, 250.427871704, 389.110839844, 345.303924561, 389.062042236, 747.670471191, 858.827697754, 1056.92443848, 459.727844238, 137.385971069, 72.8402557373, 27.2165203094, 29.0398483276, 20.8839607239, 9.11894893646, 1.9737136364, 1.19471538067, 0.848777234554, 0.485087543726, 1.84758985043, 1.36395871639, 0.794309198856, 0.174055203795]}, "silence_rate_30dB": {"dmean": 0.10437566787, "dvar2": 0.174152925611, "mean": 0.873866200447, "var": 0.110224075615, "dmean2": 0.208773612976, "dvar": 0.0934813842177, "min": 0, "median": 1, "max": 1}, "silence_rate_60dB": {"dmean": 0.0228388477117, "dvar2": 0.0532018207014, "mean": 0.0837690755725, "var": 0.0767518132925, "dmean2": 0.0456825718284, "dvar": 0.0223172344267, "min": 0, "median": 0, "max": 1}, "spectral_energyband_middle_low": {"dmean": 0.0064849248156, "dvar2": 0.000229519311688, "mean": 0.0120108127594, "var": 0.000272085773759, "dmean2": 0.00972163304687, "dvar": 0.000104001555883, "min": 1.74155105484e-22, "median": 0.00567838782445, "max": 0.171075701714}, "spectral_spread": {"dmean": 564848.25, "dvar2": 949794766848, "mean": 4735553, "var": 18851074932700.0, "dmean2": 837898.875, "dvar": 460106694656, "min": 1391482.25, "median": 4290959.5, "max": 43138292}, "barkbands": {"dmean": [0.0167377498001, 0.0171988457441, 0.00330439652316, 0.00136508885771, 0.00330172036774, 0.00199811416678, 0.000728615385015, 0.000529782264493, 0.000783329014666, 0.000464085547719, 0.000427785940701, 0.000308472051984, 0.000158791910508, 0.00010131461022, 0.000105900428025, 8.52991215652e-05, 7.72242347011e-05, 0.000105651932245, 0.000150781605043, 0.00010823761113, 2.61339719145e-05, 2.08086057683e-05, 1.58005586854e-05, 6.18636340732e-06, 2.83025974568e-06, 1.53872915689e-05, 0.000180386166903], "dvar2": [0