{"tonal": {"hpcp": {"dvar": [0.0527242384851, 0.0551958456635, 0.0521566458046, 0.0457554459572, 0.0369996763766, 0.039306294173, 0.0509132631123, 0.0509832240641, 0.0521016530693, 0.0482298731804, 0.0455820038915, 0.0359326675534, 0.0352618023753, 0.0275058150291, 0.0266898255795, 0.0269791856408, 0.0262032728642, 0.0215978827327, 0.0174356810749, 0.0162666905671, 0.0177031736821, 0.0213561542332, 0.0231027156115, 0.0196088142693, 0.0116622336209, 0.0127573730424, 0.0198722872883, 0.0229292698205, 0.0177230779082, 0.0208470076323, 0.0198421999812, 0.0189553536475, 0.0169026833028, 0.0219637081027, 0.040429148823, 0.0544626191258], "var": [0.157697185874, 0.0881450474262, 0.0405144803226, 0.032319214195, 0.0283389817923, 0.0439563281834, 0.11836130172, 0.109200038016, 0.0702809616923, 0.12085673213, 0.0592046566308, 0.0401710011065, 0.069594912231, 0.0420500673354, 0.0241078455001, 0.0623140819371, 0.0500981099904, 0.0144849298522, 0.0110742058605, 0.0106552187353, 0.0148642603308, 0.0367804467678, 0.0349822603166, 0.0193558707833, 0.0100950859487, 0.00827220641077, 0.0141858486459, 0.0270000323653, 0.0266775228083, 0.0185527075082, 0.0260328631848, 0.0174596812576, 0.0107588013634, 0.0166707988828, 0.0339575521648, 0.0871003717184], "median": [0.0874870121479, 0.0508063882589, 0.00894002523273, 0.0027760672383, 0.00330590177327, 0.0320449098945, 0.0766400024295, 0.0642511546612, 0.0271676853299, 0.00725536607206, 0.00555091071874, 0.0110021196306, 0.0126814413816, 0.00906155165285, 0.00552808167413, 0.00419981963933, 0.00336425285786, 0.00249084434472, 0.00189314852469, 0.00199092435651, 0.00960808526725, 0.0197861101478, 0.0149493599311, 0.00368360290304, 0.00166269845795, 0.00131917605177, 0.00456582009792, 0.00859204027802, 0.00729151442647, 0.00433910917491, 0.00348072545603, 0.00232020858675, 0.00221347110346, 0.00287132803351, 0.00755113270134, 0.0539740547538], "max": [1, 1, 1, 1, 1, 1, 1, 1, 1, 1, 1, 1, 1, 1, 1, 1, 1, 1, 1, 1, 1, 1, 1, 1, 1, 1, 1, 1, 1, 1, 1, 1, 1, 1, 1, 1], "dmean": [0.140785455704, 0.160652577877, 0.128005832434, 0.100752048194, 0.0887070149183, 0.118010163307, 0.14893849194, 0.147331774235, 0.143838897347, 0.102473244071, 0.10519169271, 0.089537769556, 0.0859830975533, 0.0725229904056, 0.0645516142249, 0.057870272547, 0.0593238435686, 0.0488337390125, 0.0398404821754, 0.0387909263372, 0.0496389605105, 0.0601359531283, 0.059038721025, 0.0495138689876, 0.0335768684745, 0.0315264947712, 0.048093341291, 0.0555938482285, 0.046696651727, 0.0469665229321, 0.0398659221828, 0.0403603166342, 0.0405969582498, 0.0576859749854, 0.106950499117, 0.16254670918], "dmean2": [0.244896382093, 0.283716827631, 0.23664727807, 0.190831020474, 0.16578386724, 0.207857996225, 0.257632553577, 0.257693320513, 0.255681872368, 0.187276318669, 0.19314225018, 0.161783009768, 0.151735261083, 0.127849966288, 0.116865828633, 0.104295015335, 0.107271045446, 0.0916955173016, 0.0754645466805, 0.0727792680264, 0.0882362946868, 0.104453459382, 0.104372277856, 0.0900500267744, 0.0620053261518, 0.0589955113828, 0.0877945646644, 0.100252464414, 0.0824195668101, 0.0859573706985, 0.0740733444691, 0.0746130794287, 0.0759319961071, 0.106368221343, 0.193946093321, 0.285119473934], "mean": [0.327960938215, 0.221344798803, 0.0941625982523, 0.0672666057944, 0.0624137073755, 0.12780277431, 0.261291772127, 0.242049127817, 0.17566382885, 0.188486352563, 0.126533985138, 0.096949391067, 0.131289243698, 0.0952710062265, 0.0607151389122, 0.0945557281375, 0.0804513022304, 0.0356431491673, 0.0275051016361, 0.0273359511048, 0.0474837869406, 0.0856040045619, 0.0772432982922, 0.044697586447, 0.0284474343061, 0.0218625925481, 0.0380763113499, 0.0610769242048, 0.0569490976632, 0.0425763763487, 0.0428663790226, 0.0341912657022, 0.0291481167078, 0.0458215996623, 0.0865686014295, 0.222235158086], "dvar2": [0.1337274611, 0.15618519485, 0.152811303735, 0.132584229112, 0.105065584183, 0.108406960964, 0.126243516803, 0.126970916986, 0.141944214702, 0.124841667712, 0.125239625573, 0.0969993770123, 0.0916441977024, 0.074171230197, 0.0736941173673, 0.0653467699885, 0.07071762532, 0.0635459274054, 0.0511958263814, 0.0464732758701, 0.0487754866481, 0.0528407394886, 0.0589371286333, 0.0540150329471, 0.0332746878266, 0.0366179943085, 0.0562170781195, 0.0630245506763, 0.0483211241663, 0.0616335086524, 0.0550032742321, 0.0556319877505, 0.0499091148376, 0.0627211853862, 0.113167665899, 0.151451334357], "min": [0, 0, 0, 0, 0, 0, 0, 0, 0, 0, 0, 0, 0, 0, 0, 0, 0, 0, 0, 0, 0, 0, 0, 0, 0, 0, 0, 0, 0, 0, 0, 0, 0, 0, 0, 0]}, "key_key": "A", "thpcp": [1, 0.67491209507, 0.28711527586, 0.205105543137, 0.190308362246, 0.389688998461, 0.796716153622, 0.738042533398, 0.535624265671, 0.574721932411, 0.385820299387, 0.295612603426, 0.400319755077, 0.290494978428, 0.185129180551, 0.288313984871, 0.245307579637, 0.108681082726, 0.0838670060039, 0.083351239562, 0.144784882665, 0.261018902063, 0.235525906086, 0.136289358139, 0.0867403149605, 0.0666621848941, 0.116100139916, 0.186232313514, 0.173645973206, 0.129821479321, 0.130705744028, 0.104254081845, 0.0888767912984, 0.139716640115, 0.26396009326, 0.677626907825], "chords_key": "F#", "tuning_equal_tempered_deviation": 0.0563798509538, "tuning_frequency": 440.763122559, "tuning_diatonic_strength": 0.469622343779, "chords_histogram": [13.282128334, 8.28025436401, 0.131135255098, 0.112401649356, 21.5811157227, 7.45597600937, 23.6980133057, 14.8182840347, 0.0187336076051, 2.69763946533, 0.131135255098, 2.28550028801, 0.0562008246779, 0.224803298712, 0.43087297678, 0, 0.0749344304204, 0, 0.262270510197, 0, 0.43087297678, 0.543274641037, 0.318471342325, 3.16597986221], "key_strength": 0.519682586193, "key_scale": "minor", "chords_strength": {"dvar": 0.000452547275927, "var": 0.0128630064428, "median": 0.487594366074, "max": 0.860555708408, "dmean": 0.0106562059373, "dmean2": 0.00946244504303, "mean": 0.487547904253, "dvar2": 0.000784147239756, "min": -1}, "chords_number_rate": 0.0016860247124, "tuning_nontempered_energy_ratio": 0.724970817566, "hpcp_entropy": {"dvar": 0.279733777046, "var": 0.693711698055, "median": 1.69461917877, "max": 4.32421302795, "dmean": 0.577691435814, "dmean2": 0.958126068115, "mean": 1.66568279266, "dvar2": 0.708909332752, "min": 0}, "chords_changes_rate": 0.0640689432621, "chords_scale": "minor"}, "rhythm": {"bpm_histogram_first_peak_spread": {"dvar": 0, "var": 0, "median": 0.283887445927, "max": 0.283887445927, "dmean": 0, "dmean2": 0, "mean": 0.283887445927, "dvar2": 0, "min": 0.283887445927}, "bpm_histogram_first_peak_weight": {"dvar": 0, "var": 0, "median": 0.691358029842, "max": 0.691358029842, "dmean": 0, "dmean2": 0, "mean": 0.691358029842, "dvar2": 0, "min": 0.691358029842}, "bpm_histogram_first_peak_bpm": {"dvar": 0, "var": 0, "median": 99, "max": 99, "dmean": 0, "dmean2": 0, "mean": 99, "dvar2": 0, "min": 99}, "bpm": 99.0812606812, "bpm_histogram_second_peak_weight": {"dvar": 0, "var": 0, "median": 0.0148148145527, "max": 0.0148148145527, "dmean": 0, "dmean2": 0, "mean": 0.0148148145527, "dvar2": 0, "min": 0.0148148145527}, "beats_loudness": {"dvar": 0.00174509629142, "var": 0.00325417425483, "median": 0.0601040311158, "max": 0.359239041805, "dmean": 0.0382844917476, "dmean2": 0.0679831057787, "mean": 0.0720123872161, "dvar2": 0.00507739232853, "min": 2.07067762936e-09}, "beats_loudness_band_ratio": {"dvar": [0.028234064579, 0.019963318482, 0.00535319605842, 0.00103974353988, 0.000909833062906, 0.00529917236418], "var": [0.0458738394082, 0.0239963587373, 0.00584793277085, 0.00126229738817, 0.000792227510829, 0.00418429728597], "median": [0.750794649124, 0.121858917177, 0.0542170554399, 0.023503921926, 0.0152137661353, 0.00888501387089], "max": [0.990697026253, 0.812645077705, 0.438302218914, 0.21182025969, 0.192569643259, 0.965989291668], "dmean": [0.191578283906, 0.144402787089, 0.0643477290869, 0.0317369587719, 0.0210823360831, 0.0362501740456], "dmean2": [0.342900931835, 0.256890237331, 0.114686742425, 0.0595464222133, 0.0391962043941, 0.0691100656986], "mean": [0.703378915787, 0.166480392218, 0.0784442201257, 0.0348401032388, 0.0239485166967, 0.0249533373863], "dvar2": [0.0823750421405, 0.0582653284073, 0.0147010758519, 0.00317517225631, 0.00275193410926, 0.0118050677702], "min": [0.0170731693506, 0.00404795911163, 0.00195712246932, 0.000105248822365, 0.000201005386771, 3.01647523884e-05]}, "bpm_histogram_second_peak_bpm": {"dvar": 0, "var": 0, "median": 94, "max": 94, "dmean": 0, "dmean2": 0, "mean": 94, "dvar2": 0, "min": 94}, "onset_rate": 3.51002621651, "beats_count": 406, "beats_position": [0.731428563595, 1.47446703911, 2.21750569344, 2.96054410934, 3.65714287758, 4.34213161469, 5.02712011337, 5.71210861206, 6.35065746307, 6.98920631409, 7.61614513397, 8.24308395386, 8.87002277374, 9.49696159363, 10.1239004135, 10.7392292023, 11.354557991, 11.9582767487, 12.5619955063, 13.1541042328, 13.7578229904, 14.3499317169, 14.9536504745, 15.5573692322, 16.1610889435, 16.7648067474, 17.3569164276, 17.9490242004, 18.5527439117, 19.1332416534, 19.7369613647, 20.3406791687, 20.94439888, 21.548116684, 22.1518363953, 22.7439460754, 23.3476638794, 23.9397735596, 24.5434913635, 25.1356010437, 25.7277088165, 26.3314285278, 26.9351463318, 27.527256012, 28.1193637848, 28.7230834961, 29.3151912689, 29.9073009491, 30.5110206604, 31.1031284332, 31.6952381134, 32.2989578247, 32.8910636902, 33.4831733704, 34.0752830505, 34.6790008545, 35.2711105347, 35.8748283386, 36.4785499573, 37.0706558228, 37.6627655029, 38.2548751831, 38.8469848633, 39.4507026672, 40.0544204712, 40.6581382751, 41.2618598938, 41.8539657593, 42.4460754395, 43.0497932434, 43.6535148621, 44.2456245422, 44.8377304077, 45.4414520264, 46.0451698303, 46.6488876343, 47.2409973145, 47.8331069946, 48.4252128601, 49.0173225403, 49.6094322205, 50.2015419006, 50.7936515808, 51.3857574463, 51.9778671265, 52.5699768066, 53.1736946106, 53.7658042908, 54.3695220947, 54.9616317749, 55.5653495789, 56.157459259, 56.7495689392, 57.3300666809, 57.9221763611, 58.5142860413, 59.1180038452, 59.7101135254, 60.3022193909, 60.8827209473, 61.4748306274, 62.0669364929, 62.6590461731, 63.2511558533, 63.8432655334, 64.4353713989, 65.0390930176, 65.6428070068, 66.2465286255, 66.8270263672, 67.4191360474, 68.022857666, 68.6149673462, 69.2070770264, 69.7991790771, 70.3912887573, 70.9833984375, 71.5871200562, 72.1908340454, 72.7829437256, 73.3750534058, 73.9787750244, 74.5708847046, 75.1745986938, 75.766708374, 76.3588180542, 76.9509277344, 77.554649353, 78.1583633423, 78.7620849609, 79.3658065796, 79.9695205688, 80.5732421875, 81.1653518677, 81.7574615479, 82.349571228, 82.9416732788, 83.5453948975, 84.1258926392, 84.7296142578, 85.3333282471, 85.9370498657, 86.5407714844, 87.1328811646, 87.7249908447, 88.328704834, 88.9324264526, 89.5361404419, 90.1282501221, 90.7203598022, 91.3240814209, 91.9277954102, 92.5315170288, 93.1120147705, 93.7157363892, 94.3194503784, 94.9231719971, 95.5268936157, 96.1190032959, 96.7111129761, 97.3032150269, 97.895324707, 98.4990463257, 99.1027679443, 99.7180938721, 100.321815491, 100.937141418, 101.540863037, 102.144577026, 102.748298645, 103.352012634, 103.955734253, 104.559455872, 105.174781799, 105.778503418, 106.382217407, 106.985939026, 107.578048706, 108.181770325, 108.762268066, 109.365982056, 109.958091736, 110.573425293, 111.177139282, 111.792472839, 112.407798767, 113.011520386, 113.615234375, 114.218955994, 114.822669983, 115.426391602, 116.03011322, 116.633827209, 117.237548828, 117.841270447, 118.444984436, 119.048706055, 119.652427673, 120.256141663, 120.859863281, 121.463577271, 122.067298889, 122.682624817, 123.286346436, 123.901672363, 124.505393982, 125.109115601, 125.71282959, 126.328163147, 126.931877136, 127.547210693, 128.150924683, 128.76625061, 129.369979858, 129.985305786, 130.600631714, 131.215957642, 131.81968689, 132.423400879, 133.027114868, 133.642440796, 134.234558105, 134.838272095, 135.441986084, 136.057327271, 136.672653198, 137.276367188, 137.880081177, 138.483810425, 139.087524414, 139.702850342, 140.30657959, 140.921905518, 141.525619507, 142.140945435, 142.744674683, 143.36000061, 143.9637146, 144.579040527, 145.205978394, 145.82131958, 146.436645508, 147.040359497, 147.644073486, 148.259414673, 148.874740601, 149.490066528, 150.093780518, 150.697509766, 151.312835693, 151.916549683, 152.53187561, 153.135604858, 153.750930786, 154.366256714, 154.981582642, 155.596908569, 156.212234497, 156.827575684, 157.431289673, 158.035003662, 158.650344849, 159.254058838, 159.869384766, 160.473098755, 161.076828003, 161.680541992, 162.29586792, 162.911193848, 163.514923096, 164.118637085, 164.722351074, 165.337677002, 165.953018188, 166.556732178, 167.172058105, 167.787384033, 168.391113281, 169.006439209, 169.621765137, 170.225479126, 170.829208374, 171.432922363, 172.036636353, 172.640365601, 173.255691528, 173.871017456, 174.474731445, 175.101669312, 175.70539856, 176.309112549, 176.924438477, 177.539764404, 178.143493652, 178.747207642, 179.362533569, 179.977859497, 180.593200684, 181.208526611, 181.812240601, 182.41595459, 183.019683838, 183.623397827, 184.227111816, 184.830841064, 185.457778931, 186.073104858, 186.688430786, 187.292144775, 187.895874023, 188.511199951, 189.103302002, 189.70703125, 190.310745239, 190.914459229, 191.529785156, 192.145126343, 192.748840332, 193.36416626, 193.979492188, 194.606430054, 195.210159302, 195.825485229, 196.440811157, 197.044525146, 197.659866333, 198.275192261, 198.890518188, 199.505844116, 200.109558105, 200.713287354, 201.328613281, 201.943939209, 202.547653198, 203.151382446, 203.755096436, 204.358810425, 204.985748291, 205.589477539, 206.216415405, 206.831741333, 207.447067261, 208.062393188, 208.677734375, 209.293060303, 209.90838623, 210.51210022, 211.127426147, 211.742767334, 212.346481323, 212.961807251, 213.577133179, 214.180862427, 214.796188354, 215.411514282, 216.015228271, 216.61895752, 217.234283447, 217.849609375, 218.464935303, 219.08026123, 219.695602417, 220.310928345, 220.914642334, 221.5415802, 222.145309448, 222.772247314, 223.399185181, 224.026123047, 224.641448975, 225.256774902, 225.860488892, 226.475830078, 227.091156006, 227.706481934, 228.321807861, 228.948745728, 229.564071655, 230.179412842, 230.806350708, 231.433288574, 232.06022644, 232.675552368, 233.290878296, 233.917816162, 234.544754028, 235.160079956, 235.775421143, 236.39074707, 237.017684937, 237.633010864, 238.25994873, 238.886886597, 239.502212524, 240.117553711, 240.744491577, 241.359817505, 241.975143433, 242.59046936, 243.205795288, 243.832733154, 244.471282959, 245.109832764, 245.759994507, 246.398544312, 247.037094116], "danceability": 0.878638327122, "bpm_histogram_second_peak_spread": {"dvar": 0, "var": 0, "median": 0.142857134342, "max": 0.142857134342, "dmean": 0, "dmean2": 0, "mean": 0.142857134342, "dvar2": 0, "min": 0.142857134342}}, "lowlevel": {"spectral_flux": {"dvar": 0.00151306332555, "var": 0.00311984447762, "median": 0.0558845326304, "max": 0.451572805643, "dmean": 0.0261371619999, "dmean2": 0.0406658016145, "mean": 0.0696952715516, "dvar2": 0.003344547702, "min": 1.03540141738e-10}, "spectral_rolloff": {"dvar": 634584.6875, "var": 3314490.75, "median": 279.931640625, "max": 19638.28125, "dmean": 218.720535278, "dmean2": 371.822265625, "mean": 672.325805664, "dvar2": 1302703.5, "min": 64.599609375}, "barkbands_flatness_db": {"dvar": 0.000778177869506, "var": 0.00881354976445, "median": 0.220344215631, "max": 0.671027481556, "dmean": 0.0258530825377, "dmean2": 0.0371626242995, "mean": 0.233334302902, "dvar2": 0.0015605550725, "min": 0.0234541837126}, "spectral_centroid": {"dvar": 70219.515625, "var": 293146.25, "median": 591.869812012, "max": 11319.8447266, "dmean": 160.715011597, "dmean2": 244.362976074, "mean": 720.958129883, "dvar2": 131900.078125, "min": 90.9257965088}, "melbands_skewness": {"dvar": 0.882789611816, "var": 5.2179646492, "median": 3.69911336899, "max": 17.6015911102, "dmean": 0.869387567043, "dmean2": 1.35403227806, "mean": 4.18267869949, "dvar2": 2.00217533112, "min": -1.6684653759}, "melbands": {"dvar": [1.9074879674e-05, 1.72184718394e-05, 4.63760079583e-06, 3.02038120026e-06, 4.87614215672e-07, 3.06744105671e-08, 7.72294797002e-08, 3.59312593901e-07, 4.48486687787e-08, 8.42239611387e-09, 8.60705284822e-09, 5.71218494727e-09, 2.14453899083e-09, 2.04862371511e-09, 1.15773091114e-09, 6.68356814337e-10, 3.66032648635e-10, 8.18406675762e-10, 3.14863551898e-10, 1.00802650949e-10, 4.1657907679e-10, 5.90751544904e-11, 2.01537831562e-11, 3.82464754312e-11, 1.35161687398e-10, 1.86430593185e-10, 8.79979353274e-11, 8.82905901167e-12, 3.14601144615e-12, 1.2900990172e-11, 1.85491674104e-11, 1.54227134536e-11, 2.21201485948e-12, 4.13307235658e-12, 7.00850558144e-11, 2.58400228298e-11, 9.50933602695e-12, 4.85304504916e-11, 4.85490250432e-12, 1.07349511225e-11], "var": [0.000149866129505, 5.83843211643e-05, 3.65551545656e-06, 5.60702619623e-06, 2.29057150136e-06, 9.1679481784e-08, 1.26958326518e-07, 1.04738421669e-06, 1.45288780118e-07, 3.81613176614e-08, 3.05860936578e-08, 2.40704327581e-08, 5.64431745786e-09, 4.56319293463e-09, 1.85737702996e-09, 2.34650676667e-09, 1.08384956565e-09, 2.79927725444e-09, 5.41028999379e-10, 2.9479757524e-10, 1.40163358697e-09, 1.94352686722e-10, 5.20322882003e-11, 8.1356782422e-11, 1.21457663371e-10, 1.74454145574e-10, 1.40250477898e-10, 2.15188596109e-11, 3.85709910192e-12, 1.09308699245e-11, 2.81490976362e-11, 2.75509233483e-11, 3.97538729366e-12, 5.87150033454e-12, 8.625657133e-11, 3.49755918672e-11, 1.6445293044e-11, 8.77702077684e-11, 8.43608776585e-12, 1.43514419099e-11], "median": [0.00166319706477, 0.00328328693286, 0.0003653196909, 0.00055809027981, 0.000378728698706, 6.22357765678e-05, 8.54077661643e-05, 0.000167426216649, 3.12618649332e-05, 1.27422390506e-05, 1.41659620567e-05, 9.70053679339e-06, 8.59357896843e-06, 4.57766373074e-06, 4.27087206845e-06, 5.18125580129e-06, 5.68841187487e-06, 6.594799288e-06, 3.03438491756e-06, 1.89461798072e-06, 4.37736798631e-06, 1.66753966369e-06, 1.84712905593e-06, 1.84562190952e-06, 1.42928843161e-06, 1.1886311313e-06, 9.53470021159e-07, 4.98456017795e-07, 3.01230329569e-07, 2.95566820796e-07, 2.63530864686e-07, 1.77668695756e-07, 1.16586917898e-07, 1.03485312763e-07, 1.27351214019e-07, 6.58745236137e-08, 4.78433719309e-08, 4.78777515411e-08, 3.53328282188e-08, 3.53031097688e-08], "max": [0.0874066501856, 0.076313726604, 0.0319920033216, 0.0355765670538, 0.0175654571503, 0.0056654443033, 0.00471951253712, 0.0146074406803, 0.00614014547318, 0.00381899066269, 0.00251920055598, 0.00309117976576, 0.00111379509326, 0.00101858540438, 0.000651598849799, 0.00134368869476, 0.000681792618707, 0.000782204966526, 0.000677705742419, 0.000329529633746, 0.000823812559247, 0.000262226909399, 8.76727499417e-05, 0.000263396825176, 0.0006229300634, 0.000729705090635, 0.000544104317669, 0.000100603705505, 7.51798506826e-05, 0.000122127341456, 0.000141837212141, 0.000178112430149, 4.1191749915e-05, 5.24330207554e-05, 0.000414534501033, 0.000174615706783, 0.000150260413648, 0.000288583891233, 6.72337264405e-05, 0.00012829201296], "dmean": [0.00207244185731, 0.0020237006247, 0.000712351582479, 0.000801410234999, 0.000399165088311, 7.01684621163e-05, 0.000110814122309, 0.000250573968515, 7.59370741434e-05, 3.53579416696e-05, 3.50994050677e-05, 2.8037438824e-05, 1.83364591066e-05, 1.56407895702e-05, 1.13100959425e-05, 1.00154320535e-05, 9.16021599551e-06, 1.4780800484e-05, 7.21112701285e-06, 3.88311855204e-06, 6.87885858497e-06, 2.7749979381e-06, 2.21088885155e-06, 2.5279887268e-06, 1.98933844331e-06, 1.97548274627e-06, 2.04550497074e-06, 1.12568704935e-06, 6.02195541433e-07, 7.91926936472e-07, 9.31122144721e-07, 7.78594994699e-07, 3.42508286622e-07, 4.32180172538e-07, 1.15947113954e-06, 6.67814731514e-07, 5.12773681294e-07, 9.39097390074e-07, 3.5387657249e-07, 3.82714148373e-07], "dmean2": [0.00323138060048, 0.00335645931773, 0.00123013672419, 0.00132457190193, 0.000634283002, 0.000107686268166, 0.000182612944627, 0.000393848313252, 0.000116104049084, 5.38653257536e-05, 5.2429491916e-05, 4.19807729486e-05, 2.91119940812e-05, 2.47646094067e-05, 1.76032135641e-05, 1.58534876391e-05, 1.46903003042e-05, 2.37389813265e-05, 1.15902184916e-05, 6.00185012445e-06, 1.07967598524e-05, 4.12040208175e-06, 3.36780476573e-06, 3.93185291614e-06, 3.15168881571e-06, 3.11781150231e-06, 3.20981848745e-06, 1.74795331986e-06, 9.33772980716e-07, 1.2593578731e-06, 1.39933274568e-06, 1.12818838716e-06, 4.89088563427e-07, 6.42902705295e-07, 1.7457798549e-06, 1.00710155948e-06, 7.1784688771e-07, 1.29009515604e-06, 4.93729828577e-07, 5.62412424188e-07], "mean": [0.0078996187076, 0.0062848799862, 0.000876282982063, 0.00146837707143, 0.000996271730401, 0.000162750977324, 0.000206223718124, 0.000505535921548, 0.000160825773492, 7.22042605048e-05, 7.67529854784e-05, 5.89016599406e-05, 3.49214460584e-05, 2.73170044238e-05, 1.78177360795e-05, 1.91766612261e-05, 1.7273658159e-05, 2.69922911684e-05, 1.18192720038e-05, 7.34819468562e-06, 1.5166688172e-05, 6.02434965913e-06, 4.46656122222e-06, 5.11582675244e-06, 3.5791413211e-06, 3.55686916009e-06, 4.01976330977e-06, 2.17623096432e-06, 1.0003927855e-06, 1.09638347112e-06, 1.28352996853e-06, 1.06805475752e-06, 5.13194549967e-07, 5.71425744056e-07, 1.35817379032e-06, 7.73018314248e-07, 7.37775224025e-07, 1.36222149649e-06, 4.86134808853e-07, 4.48150274224e-07], "dvar2": [4.31622283941e-05, 4.44382021669e-05, 1.23399022414e-05, 8.11512927612e-06, 1.2293897953e-06, 7.21666992831e-08, 2.06240628131e-07, 8.89187731445e-07, 1.02302507798e-07, 1.63184292745e-08, 1.93996712028e-08, 1.1257428767e-08, 5.46500933396e-09, 5.10990272318e-09, 2.71955347131e-09, 1.5699219702e-09, 8.76925532189e-10, 1.96781235751e-09, 7.89053156147e-10, 2.33311064912e-10, 9.52512957397e-10, 1.23986362843e-10, 4.71240407807e-11, 9.56634771399e-11, 3.39900302349e-10, 4.70695260546e-10, 2.07657904761e-10, 2.18704967331e-11, 8.24087846574e-12, 3.60374993735e-11, 4.18448956041e-11, 3.11034878409e-11, 4.44197716803e-12, 9.06539426859e-12, 1.62178007135e-10, 5.61649997344e-11, 1.81695856277e-11, 9.96402127473e-11, 1.00692371108e-11, 2.44003671435e-11], "min": [1.84303103677e-23, 1.52584473959e-23, 9.20006664131e-24, 1.07488625001e-23, 7.15946886182e-24, 2.77550517419e-23, 4.67797735349e-23, 3.478648769e-23, 2.9056255717e-23, 1.14331441151e-23, 5.58958359561e-24, 1.43488876168e-23, 2.63515703728e-23, 2.88751016987e-23, 2.0172588563e-23, 1.3503542693e-23, 1.51169888584e-23, 1.0104167503e-23, 6.25568275562e-24, 1.12380359363e-23, 1.78681586203e-23, 1.2540183389e-23, 8.39874567809e-24, 6.747860963e-24, 8.42079039609e-24, 6.19522287812e-24, 8.25248928854e-24, 1.08307257517e-23, 8.1148164945e-24, 1.07487228717e-23, 1.05897942206e-23, 8.09278676486e-24, 1.12186607236e-23, 9.00378227088e-24, 9.56459295473e-24, 1.06680437003e-23, 9.82449895717e-24, 1.01449082245e-23, 1.09869154777e-23, 6.88669496029e-24]}, "spectral_decrease": {"dvar": 3.96460057535e-17, "var": 1.87780428143e-16, "median": -8.51280468339e-09, "max": 3.23388417765e-16, "dmean": 3.37016259344e-09, "dmean2": 5.43338396497e-09, "mean": -1.32257129692e-08, "dvar2": 9.87045111155e-17, "min": -9.32266175369e-08}, "barkbands_kurtosis": {"dvar": 651.518981934, "var": 2065.55004883, "median": 10.8451919556, "max": 663.413818359, "dmean": 10.4142169952, "dmean2": 16.3122005463, "mean": 25.1654415131, "dvar2": 1523.91394043, "min": -1.92521035671}, "silence_rate_30dB": {"dvar": 0.0417486317456, "var": 0.129176571965, "median": 1, "max": 1, "dmean": 0.0436574853957, "dmean2": 0.0873231515288, "mean": 0.847587823868, "dvar2": 0.0991875752807, "min": 0}, "gfcc": {"mean": [-69.5047225952, 134.593856812, -88.5208816528, 36.0202064514, -38.5072517395, 7.89238643646, -30.9658374786, 8.5922460556, -12.952003479, 1.99819743633, -7.59693479538, -4.95943117142, -5.74887752533], "cov": [[18619.3789062, -849.394714355, -943.399963379, 822.045837402, -1355.10217285, 662.062744141, -732.875915527, 554.967651367, -652.247375488, 377.283996582, -157.03352356, -28.0538463593, -91.2796325684], [-849.394714355, 2175.09960938, -172.478897095, -66.9240570068, 552.530151367, -228.791473389, 267.550323486, -168.328460693, 263.26373291, -194.930053711, 205.91758728, -160.855880737, 130.091308594], [-943.399963379, -172.478897095, 631.825500488, 39.5335960388, 103.978393555, 48.5602684021, 88.196647644, 52.2064476013, 59.7826499939, 32.9702720642, 30.0033531189, 72.4054718018, -7.39702272415], [822.045837402, -66.9240570068, 39.5335960388, 337.549316406, -0.809475779533, 83.3360595703, -37.3259658813, 53.3840866089, 34.7569999695, -4.08177900314, 43.4689674377, -2.12100243568, 28.3779335022], [-1355.10217285, 552.530151367, 103.978393555, -0.809475779533, 508.866027832, -45.7262115479, 161.225906372, -42.6237716675, 155.02696228, -55.0840606689, 64.5494689941, -13.33481884, 34.0371208191], [662.062744141, -228.791473389, 48.5602684021, 83.3360595703, -45.7262115479, 210.064102173, -12.6815757751, 53.2318878174, -0.802994549274, 21.0542697906, 15.2277965546, 15.2540502548, 4.86794519424], [-732.875915527, 267.550323486, 88.196647644, -37.3259658813, 161.225906372, -12.6815757751, 291.265441895, 7.41216039658, 50.4614143372, 1.05661475658, 63.7042884827, 5.71689033508, 17.2168006897], [554.967651367, -168.328460693, 52.2064476013, 53.3840866089, -42.6237716675, 53.2318878174, 7.41216039658, 176.774230957, 18.4911384583, 15.6038751602, 18.7222595215, 33.4628105164, -2.86931014061], [-652.247375488, 263.26373291, 59.7826499939, 34.7569999695, 155.02696228, -0.802994549274, 50.4614143372, 18.4911384583, 191.146026611, -22.9339389801, 61.998500824, -4.58215856552, 38.9692649841], [377.283996582, -194.930053711, 32.9702720642, -4.08177900314, -55.0840606689, 21.0542697906, 1.05661475658, 15.6038751602, -22.9339389801, 144.195632935, -1.95111739635, 16.367893219, -18.5067443848], [-157.03352356, 205.91758728, 30.0033531189, 43.4689674377, 64.5494689941, 15.2277965546, 63.7042884827, 18.7222595215, 61.998500824, -1.95111739635, 153.356948853, 4.69168043137, 31.7019329071], [-28.0538463593, -160.855880737, 72.4054718018, -2.12100243568, -13.33481884, 15.2540502548, 5.71689033508, 33.4628105164, -4.58215856552, 16.367893219, 4.69168043137, 94.2770462036, 5.24039888382], [-91.2796325684, 130.091308594, -7.39702272415, 28.3779335022, 34.0371208191, 4.86794519424, 17.2168006897, -2.86931014061, 38.9692649841, -18.5067443848, 31.7019329071, 5.24039888382, 91.5886535645]], "icov": [[0.000151862579514, -0.000261011911789, 0.000162495096447, -0.000326561159454, 0.000248972210102, -0.000434728339314, 0.000246171985054, -0.000494240608532, 0.000503738236148, -0.000466491124826, 0.000233004393522, -0.000179380425834, 0.000126235710923], [-0.000261011911789, 0.00167533475906, 7.32765727207e-07, 0.000720581563655, -0.00106925016735, 0.00157572247554, -0.000888919399586, 0.00131581956521, -0.00143286189996, 0.00161863886751, -0.00146669393871, 0.00175486621447, -0.000997035182081], [0.000162495096447, 7.32765727207e-07, 0.00220218300819, -0.000524488918018, -0.000181804178283, -0.000589878647588, -0.000263337075012, -0.000555000617169, -3.33614952979e-05, -0.000650377362035, 0.00012766472355, -0.00129615643527, 0.000545050948858], [-0.000326561159454, 0.000720581563655, -0.000524488918018, 0.0044305678457, -0.000767760328017, -0.000133037174237, 0.000251986639341, 0.000292466924293, -0.00129912246484, 0.00123014464043, -0.00149654201232, 0.00129668076988, -0.00126477552112], [0.000248972210102, -0.00106925016735, -0.000181804178283, -0.000767760328017, 0.00411920202896, -0.000733590335585, -0.000778516638093, -2.15330346691e-05, -0.00114674842916, -0.000347561493982, 0.000933384930249, -0.000957680807915, 0.000793331942987], [-0.000434728339314, 0.00157572247554, -0.000589878647588, -0.000133037174237, -0.000733590335585, 0.00756372045726, -0.00097865506541, 0.000619105820078, -0.00166152790189, 0.0013698519906, -0.00163753225934, 0.00134694727603, -0.00113035843242], [0.000246171985054, -0.000888919399586, -0.000263337075012, 0.000251986639341, -0.000778516638093, -0.00097865506541, 0.00533436750993, -0.00156510889065, 0.00152686866932, -0.00149694352876, -0.000804632320069, -0.000584308116231, 5.79688530706e-05], [-0.000494240608532, 0.00131581956521, -0.000555000617169, 0.000292466924293, -2.15330346691e-05, 0.000619105820078, -0.00156510889065, 0.00895274896175, -0.00322129600681, 0.00178528937977, -0.00145701784641, -0.00106864131521, 0.000349602312781], [0.000503738236148, -0.00143286189996, -3.33614952979e-05, -0.00129912246484, -0.00114674842916, -0.00166152790189, 0.00152686866932, -0.00322129600681, 0.0102999806404, -0.00166707311291, -0.000664862047415, -0.000239440472797, -0.00141185021494], [-0.000466491124826, 0.00161863886751, -0.000650377362035, 0.00123014464043, -0.000347561493982, 0.0013698519906, -0.00149694352876, 0.00178528937977, -0.00166707311291, 0.0097082387656, -0.0017720857868, 0.00063336500898, 0.000444126140792], [0.000233004393522, -0.00146669393871, 0.00012766472355, -0.00149654201232, 0.000933384930249, -0.00163753225934, -0.000804632320069, -0.00145701784641, -0.000664862047415, -0.0017720857868, 0.00986606255174, -0.00177570304368, -0.00075330468826], [-0.000179380425834, 0.00175486621447, -0.00129615643527, 0.00129668076988, -0.000957680807915, 0.00134694727603, -0.000584308116231, -0.00106864131521, -0.000239440472797, 0.00063336500898, -0.00177570304368, 0.0147571433336, -0.00281700515188], [0.000126235710923, -0.000997035182081, 0.000545050948858, -0.00126477552112, 0.000793331942987, -0.00113035843242, 5.79688530706e-05, 0.000349602312781, -0.00141185021494, 0.000444126140792, -0.00075330468826, -0.00281700515188, 0.0137739572674]]}, "silence_rate_20dB": {"dvar": 0, "var": 0, "median": 1, "max": 1, "dmean": 0, "dmean2": 0, "mean": 1, "dvar2": 0, "min": 1}, "barkbands_skewness": {"dvar": 0.973592460155, "var": 6.91875076294, "median": 2.77731466293, "max": 21.9870815277, "dmean": 0.791448652744, "dmean2": 1.21927857399, "mean": 3.41493487358, "dvar2": 2.19725227356, "min": -10.1337480545}, "erbbands_skewness": {"dvar": 0.173322841525, "var": 0.877495884895, "median": 0.638004541397, "max": 8.87217998505, "dmean": 0.367104232311, "dmean2": 0.564367592335, "mean": 0.721954703331, "dvar2": 0.353294461966, "min": -6.42299032211}, "spectral_contrast_valleys": {"dvar": [0.130111590028, 0.107957273722, 0.137465208769, 0.121484935284, 0.132548078895, 0.19393055141], "var": [1.82471764088, 1.70169425011, 1.6729477644, 1.79784691334, 2.02465629578, 2.61460852623], "median": [-6.7184214592, -7.02266645432, -7.90415096283, -8.44298171997, -8.34802246094, -11.087890625], "max": [-4.60227632523, -4.63389062881, -5.1554274559, -6.04146528244, -6.14902544022, -7.24844455719], "dmean": [0.403676241636, 0.337879657745, 0.357718586922, 0.338327378035, 0.308666974306, 0.32865652442], "dmean2": [0.662583172321, 0.547778129578, 0.563749074936, 0.496897935867, 0.426356732845, 0.425770968199], "mean": [-6.97228050232, -7.22424840927, -8.06825256348, -8.62021923065, -8.65716075897, -11.4839963913], "dvar2": [0.310651093721, 0.236619234085, 0.283991873264, 0.23249271512, 0.247374996543, 0.337641537189], "min": [-27.3519763947, -27.1052074432, -27.4064846039, -27.2068748474, -27.4174156189, -27.3076114655]}, "spectral_strongpeak": {"dvar": 0.33689147234, "var": 0.407320916653, "median": 0.531730949879, "max": 27.4045467377, "dmean": 0.236134782434, "dmean2": 0.406303584576, "mean": 0.651807785034, "dvar2": 0.989596843719, "min": 0}, "erbbands_crest": {"dvar": 6.36222648621, "var": 23.6400203705, "median": 9.52450180054, "max": 33.1202468872, "dmean": 2.5325922966, "dmean2": 4.06147909164, "mean": 10.6438341141, "dvar2": 15.5747785568, "min": 2.577678442}, "barkbands_crest": {"dvar": 5.8599896431, "var": 36.2712478638, "median": 14.5011634827, "max": 26.7228088379, "dmean": 2.36789608002, "dmean2": 3.83138275146, "mean": 15.3915691376, "dvar2": 14.2301588058, "min": 2.94234275818}, "spectral_energyband_middle_low": {"dvar": 0.000158804527018, "var": 0.000291565025691, "median": 0.0071963891387, "max": 0.199088647962, "dmean": 0.00540971662849, "dmean2": 0.00882527977228, "mean": 0.0133275026456, "dvar2": 0.000418712763349, "min": 6.51996946044e-22}, "spectral_contrast_coeffs": {"dvar": [0.00156403216533, 0.00114573317114, 0.000856099184602, 0.000615653174464, 0.000367601518519, 0.00028680084506], "var": [0.00796577148139, 0.00674080848694, 0.00466561643407, 0.00339576741681, 0.00236060656607, 0.00133377546445], "median": [-0.635629177094, -0.717895567417, -0.790062308311, -0.782687008381, -0.78699696064, -0.77049189806], "max": [-0.295008391142, -0.42447078228, -0.519326686859, -0.523334920406, -0.562344610691, -0.603183150291], "dmean": [0.0482657812536, 0.0407904274762, 0.0347634628415, 0.0296937841922, 0.0211972817779, 0.0169927794486], "dmean2": [0.0808387249708, 0.0664302334189, 0.056372243911, 0.0480367727578, 0.0335164256394, 0.0270368698984], "mean": [-0.634346842766, -0.715041697025, -0.781176805496, -0.780836582184, -0.786555171013, -0.773623943329], "dvar2": [0.0042787855491, 0.00295414682478, 0.00215417146683, 0.00152535585221, 0.000845984788612, 0.000697524403222], "min": [-0.954377055168, -0.966158568859, -0.962390899658, -0.963770449162, -0.957299530506, -0.958155214787]}, "hfc": {"dvar": 89.3955383301, "var": 226.722732544, "median": 8.83724689484, "max": 238.546386719, "dmean": 3.92923688889, "dmean2": 5.69918394089, "mean": 12.7938175201, "dvar2": 183.895111084, "min": 1.11048229612e-16}, "spectral_energyband_high": {"dvar": 8.85784459115e-07, "var": 1.59574472036e-06, "median": 5.74106743443e-05, "max": 0.025448333472, "dmean": 0.000209487465327, "dmean2": 0.000285233341856, "mean": 0.000319751328789, "dvar2": 1.7077445591e-06, "min": 7.18265078907e-21}, "erbbands_spread": {"dvar": 88.9846343994, "var": 322.640960693, "median": 37.2993049622, "max": 168.984893799, "dmean": 7.47260856628, "dmean2": 11.3224153519, "mean": 38.687374115, "dvar2": 189.7447052, "min": 1.51731133461}, "dissonance": {"dvar": 0.000433754612459, "var": 0.00124032679014, "median": 0.458592653275, "max": 0.5, "dmean": 0.0223181750625, "dmean2": 0.0371156558394, "mean": 0.450743973255, "dvar2": 0.0011618208373, "min": 0.231651872396}, "spectral_kurtosis": {"dvar": 42.4610748291, "var": 142.719573975, "median": 6.32856369019, "max": 207.668518066, "dmean": 3.75282526016, "dmean2": 6.17858743668, "mean": 9.84745693207, "dvar2": 108.631149292, "min": -1.21277749538}, "spectral_skewness": {"dvar": 0.191139742732, "var": 0.896270334721, "median": 1.9865193367, "max": 12.1451320648, "dmean": 0.354585081339, "dmean2": 0.560343265533, "mean": 2.18206167221, "dvar2": 0.477596849203, "min": -0.256436258554}, "pitch_salience": {"dvar": 0.00453099468723, "var": 0.023886455223, "median": 0.435617506504, "max": 0.847155272961, "dmean": 0.0673954114318, "dmean2": 0.109667122364, "mean": 0.413411021233, "dvar2": 0.0112800877541, "min": 0.0426390171051}, "spectral_complexity": {"dvar": 6.68886232376, "var": 53.6016082764, "median": 10, "max": 47, "dmean": 2.15420651436, "dmean2": 3.17361569405, "mean": 11.2924594879, "dvar2": 11.9420785904, "min": 0}, "spectral_spread": {"dvar": 606194302976, "var": 3703835459580.0, "median": 3681563, "max": 40755104, "dmean": 520511.75, "dmean2": 746210.6875, "mean": 3896521.5, "dvar2": 1068779569150.0, "min": 497211.03125}, "dynamic_complexity": 4.76331615448, "melbands_crest": {"dvar": 6.45087432861, "var": 28.5081176758, "median": 18.8670444489, "max": 32.0031967163, "dmean": 2.65431928635, "dmean2": 4.34851884842, "mean": 18.5973987579, "dvar2": 16.7922954559, "min": 1.56137835979}, "zerocrossingrate": {"dvar": 0.000185299752047, "var": 0.00401230854914, "median": 0.02099609375, "max": 0.77294921875, "dmean": 0.00692948605865, "dmean2": 0.00815136451274, "mean": 0.0327515266836, "dvar2": 0.000191022118088, "min": 0.00244140625}, "spectral_energyband_low": {"dvar": 0.000433591019828, "var": 0.00222253776155, "median": 0.0157854501158, "max": 0.339009612799, "dmean": 0.0100431935862, "dmean2": 0.0160662084818, "mean": 0.0358892828226, "dvar2": 0.00105639337562, "min": 1.09027721026e-22}, "melbands_kurtosis": {"dvar": 457.961364746, "var": 1999.74633789, "median": 22.2163715363, "max": 534.496337891, "dmean": 13.7807607651, "dmean2": 21.5519676208, "mean": 37.9003753662, "dvar2": 1023.00592041, "min": -1.95564746857}, "spectral_energyband_middle_high": {"dvar": 1.75621903509e-06, "var": 8.70949861564e-06, "median": 0.00096436048625, "max": 0.0283408015966, "dmean": 0.00065212266054, "dmean2": 0.00094044272555, "mean": 0.00202907132916, "dvar2": 3.66924473383e-06, "min": 1.79126587688e-21}, "barkbands_spread": {"dvar": 46.929485321, "var": 146.169891357, "median": 7.43067169189, "max": 125.31565094, "dmean": 3.48504471779, "dmean2": 5.32672166824, "mean": 10.5353956223, "dvar2": 92.3072662354, "min": 0.0781808570027}, "mfcc": {"mean": [-717.079650879, 160.022964478, 18.0781593323, 35.2637290955, 17.3657970428, 6.78838348389, 2.59323859215, 3.99730944633, 1.29500484467, 6.38902664185, 3.83593463898, 1.93025684357, 0.323656916618], "cov": [[13015.5039062, -358.531982422, -600.95098877, 152.779296875, -612.505187988, -111.457115173, -5.29026222229, -158.001571655, -213.306610107, 157.383987427, -37.0721054077, -94.8654251099, -64.4330062866], [-358.531982422, 1681.64794922, -186.985916138, 135.748062134, 249.226669312, 46.4622993469, 80.9837646484, 72.7849655151, 45.1086006165, 44.6718330383, 61.5863037109, 10.6021776199, 50.1723060608], [-600.95098877, -186.985916138, 517.237915039, 24.088344574, 32.6711387634, 33.3988800049, 22.4713459015, 49.7199668884, 32.7559089661, -17.7405853271, 37.9184608459, 70.2000732422, 23.4880523682], [152.779296875, 135.748062134, 24.088344574, 247.891555786, 77.5249938965, 17.6245994568, 27.5013618469, 34.7780952454, 14.7947835922, 19.3752365112, 26.2029285431, 19.2613983154, 22.7148685455], [-612.505187988, 249.226669312, 32.6711387634, 77.5249938965, 318.722045898, 52.6128387451, -22.0799655914, 63.8141326904, 64.1812362671, -20.9111423492, 12.3966417313, 79.0999603271, 24.0589256287], [-111.457115173, 46.4622993469, 33.3988800049, 17.6245994568, 52.6128387451, 157.28263855, 40.1231307983, 0.560220241547, 25.1944274902, 9.63520717621, 11.3564214706, 1.71213948727, 24.7254924774], [-5.29026222229, 80.9837646484, 22.4713459015, 27.5013618469, -22.0799655914, 40.1231307983, 170.189834595, 47.3377876282, 1.53651893139, 27.4429168701, 32.3375930786, 5.89090633392, 24.1344242096], [-158.001571655, 72.7849655151, 49.7199668884, 34.7780952454, 63.8141326904, 0.560220241547, 47.3377876282, 165.309432983, 56.4827461243, -13.7919664383, 9.60033512115, 67.8200912476, 32.6856193542], [-213.306610107, 45.1086006165, 32.7559089661, 14.7947835922, 64.1812362671, 25.1944274902, 1.53651893139, 56.4827461243, 122.688598633, 12.1490030289, -9.96514606476, 29.4293766022, 25.2156486511], [157.383987427, 44.6718330383, -17.7405853271, 19.3752365112, -20.9111423492, 9.63520717621, 27.4429168701, -13.7919664383, 12.1490030289, 118.681343079, 18.6478023529, -24.293554306, 12.6843156815], [-37.0721054077, 61.5863037109, 37.9184608459, 26.2029285431, 12.3966417313, 11.3564214706, 32.3375930786, 9.60033512115, -9.96514606476, 18.6478023529, 109.375137329, 32.4144058228, 11.8495378494], [-94.8654251099, 10.6021776199, 70.2000732422, 19.2613983154, 79.0999603271, 1.71213948727, 5.89090633392, 67.8200912476, 29.4293766022, -24.293554306, 32.4144058228, 150.50201416, 36.4132080078], [-64.4330062866, 50.1723060608, 23.4880523682, 22.7148685455, 24.0589256287, 24.7254924774, 24.1344242096, 32.6856193542, 25.2156486511, 12.6843156815, 11.8495378494, 36.4132080078, 90.6416702271]], "icov": [[9.59296448855e-05, 9.20315687836e-06, 0.000113291673188, -0.000140047530294, 0.000218086643144, -4.81244023831e-05, 5.36559309694e-05, -1.02289322967e-05, 8.93251853995e-05, -0.000115984083095, 5.24866591149e-05, -0.000148065752001, 5.7481269323e-05],