{"lowlevel": {"spectral_strongpeak": {"max": 16.0336952209, "dmean": 0.446074545383, "dvar2": 3.09989643097, "dmean2": 0.798908233643, "var": 1.18129813671, "median": 0.327437251806, "min": 0, "dvar": 1.13844203949, "mean": 0.638546824455}, "barkbands_flatness_db": {"max": 0.474657386541, "dmean": 0.0206955801696, "dvar2": 0.0010341181187, "dmean2": 0.0329947136343, "var": 0.00364980357699, "median": 0.123745918274, "min": 0.0170713737607, "dvar": 0.000426502228947, "mean": 0.136849448085}, "barkbands_skewness": {"max": 25.6961841583, "dmean": 0.582575976849, "dvar2": 1.28615677357, "dmean2": 0.901332914829, "var": 5.50949430466, "median": 1.53669714928, "min": -40.8744163513, "dvar": 0.603506505489, "mean": 1.59770536423}, "spectral_energyband_middle_high": {"max": 0.0504407994449, "dmean": 0.00168084283359, "dvar2": 1.44098012242e-05, "dmean2": 0.00254123774357, "var": 4.13759626099e-05, "median": 0.00332744885236, "min": 1.28160246026e-21, "dvar": 6.38093615635e-06, "mean": 0.00586372753605}, "erbbands_kurtosis": {"max": 31.743642807, "dmean": 0.924709439278, "dvar2": 3.39633178711, "dmean2": 1.44906294346, "var": 5.81667709351, "median": 0.0300643071532, "min": -1.83150601387, "dvar": 1.48771500587, "mean": 0.691798388958}, "erbbands_crest": {"max": 30.1648807526, "dmean": 2.48867177963, "dvar2": 13.7384290695, "dmean2": 3.98287725449, "var": 21.4005851746, "median": 7.94791984558, "min": 2.06247925758, "dvar": 5.62662792206, "mean": 9.18011951447}, "dynamic_complexity": 4.9560379982, "barkbands_crest": {"max": 26.6252613068, "dmean": 2.95489239693, "dvar2": 19.9381103516, "dmean2": 4.90186452866, "var": 19.3775730133, "median": 11.4175329208, "min": 2.39452648163, "dvar": 7.39529323578, "mean": 12.011425972}, "dissonance": {"max": 0.500000119209, "dmean": 0.0128826443106, "dvar2": 0.000606919347774, "dmean2": 0.0217155497521, "var": 0.000590498268139, "median": 0.482903838158, "min": 0.214680656791, "dvar": 0.000220444053411, "mean": 0.475068300962}, "spectral_energyband_low": {"max": 0.149446308613, "dmean": 0.00802609324455, "dvar2": 0.000399879034376, "dmean2": 0.0128711350262, "var": 0.000277287792414, "median": 0.0175133571029, "min": 1.51293755523e-23, "dvar": 0.000165907811606, "mean": 0.0186568703502}, "spectral_contrast_coeffs": {"max": [-0.219735354185, -0.410603910685, -0.36667996645, -0.495595812798, -0.543678283691, -0.620099544525], "dmean": [0.0510332435369, 0.0466150939465, 0.0369028374553, 0.0295030605048, 0.0198921505362, 0.0153822237626], "dvar2": [0.00500295404345, 0.00394381675869, 0.00235662073828, 0.00148524926044, 0.000683383841533, 0.000619997328613], "dmean2": [0.0839588418603, 0.0763321742415, 0.0593088269234, 0.0478619746864, 0.032418474555, 0.0249818079174], "var": [0.00689403899014, 0.00652685714886, 0.00779495853931, 0.00469338614494, 0.00272713997401, 0.00147961720359], "median": [-0.690601468086, -0.749464035034, -0.794129431248, -0.793220996857, -0.794405043125, -0.769402086735], "min": [-0.982234835625, -0.979572117329, -0.973891735077, -0.967662572861, -0.967713177204, -0.96395355463], "dvar": [0.00188987608999, 0.00152919522952, 0.000984170939773, 0.000609745795373, 0.000277474347968, 0.000235461542616], "mean": [-0.682721853256, -0.742461025715, -0.773783862591, -0.779449522495, -0.787702679634, -0.774067997932]}, "silence_rate_60dB": {"max": 1, "dmean": 0.009417463094, "dvar2": 0.019691972062, "dmean2": 0.0188361927867, "var": 0.1113217026, "median": 0, "min": 0, "dvar": 0.00932979118079, "mean": 0.127598032355}, "mfcc": {"icov": [[8.96783676581e-05, -4.21351433033e-05, 5.88326220168e-05, -0.000143451397889, 0.000151316722622, -0.000133448542329, 8.19313790998e-05, -0.000198167559574, 1.31009064717e-05, -0.00018006186292, -2.30013083637e-05, -1.15783568617e-05, -9.61551995715e-05], [-4.21351433033e-05, 0.000958884134889, 0.000308036367642, 7.04305566614e-05, -0.000307693233481, 0.000433747423813, -0.000189052676433, -0.000187506855582, 0.0003096605069, -0.000305774214212, 0.000451446132502, -0.000115994560474, 0.000361090351362], [5.88326220168e-05, 0.000308036367642, 0.00215222104453, -0.000759440823458, 0.000234904509853, -0.00145358627196, 0.000313851080136, -0.000859509920701, 0.000322892592521, -0.000369224406313, 0.000293076445814, -0.000282111082925, -3.0331162634e-05], [-0.000143451397889, 7.04305566614e-05, -0.000759440823458, 0.00400367518887, -0.00219881045632, 0.000183678785106, -0.00178224046249, 0.00153955048881, -0.000462551281089, -0.0013267097529, 0.00245651393197, -0.00122044142336, -0.000701815995853], [0.000151316722622, -0.000307693233481, 0.000234904509853, -0.00219881045632, 0.00681177387014, -0.00188469246496, 0.00175763270818, 0.00027215416776, -0.000857282953802, -7.85847078077e-06, 0.000130252446979, 0.000206474855077, -0.00145629583858], [-0.000133448542329, 0.000433747423813, -0.00145358627196, 0.000183678785106, -0.00188469246496, 0.00819039531052, -0.00441452395171, 0.00112695596181, -0.000429183914093, -0.000787672121078, -0.000829183089081, 0.000390331028029, 0.000664791616146], [8.19313790998e-05, -0.000189052676433, 0.000313851080136, -0.00178224046249, 0.00175763270818, -0.00441452395171, 0.00892211869359, -0.00636149663478, 0.00342994323, -0.000561779015698, -0.00167577108368, 0.000597312871832, -0.000537263578735], [-0.000198167559574, -0.000187506855582, -0.000859509920701, 0.00153955048881, 0.00027215416776, 0.00112695596181, -0.00636149663478, 0.0161713007838, -0.0079910568893, 0.00285538122989, -0.000720835465472, 0.000477842724649, -0.0008311731508], [1.31009064717e-05, 0.0003096605069, 0.000322892592521, -0.000462551281089, -0.000857282953802, -0.000429183914093, 0.00342994323, -0.0079910568893, 0.0175677873194, -0.0106361731887, 0.00434849457815, -0.00123856717255, 0.000234713224927], [-0.00018006186292, -0.000305774214212, -0.000369224406313, -0.0013267097529, -7.85847078077e-06, -0.000787672121078, -0.000561779015698, 0.00285538122989, -0.0106361731887, 0.0184128228575, -0.0105085549876, 0.00363890873268, -0.00154197530355], [-2.30013083637e-05, 0.000451446132502, 0.000293076445814, 0.00245651393197, 0.000130252446979, -0.000829183089081, -0.00167577108368, -0.000720835465472, 0.00434849457815, -0.0105085549876, 0.020381109789, -0.0104049080983, 0.00485578551888], [-1.15783568617e-05, -0.000115994560474, -0.000282111082925, -0.00122044142336, 0.000206474855077, 0.000390331028029, 0.000597312871832, 0.000477842724649, -0.00123856717255, 0.00363890873268, -0.0104049080983, 0.0204984452575, -0.00933341309428], [-9.61551995715e-05, 0.000361090351362, -3.0331162634e-05, -0.000701815995853, -0.00145629583858, 0.000664791616146, -0.000537263578735, -0.0008311731508, 0.000234713224927, -0.00154197530355, 0.00485578551888, -0.00933341309428, 0.0157319009304]], "cov": [[14781.9570313, 319.273498535, 308.675598145, 818.1328125, 29.1819591522, 538.183410645, 488.513305664, 378.09588623, 348.944976807, 491.055938721, 189.831130981, 157.447509766, 214.474746704], [319.273498535, 1251.32116699, -328.854034424, -100.111740112, -5.62803316116, -161.845581055, -77.0681304932, -19.5634040833, -28.7294883728, -34.0840797424, -42.9564743042, -32.1521911621, -37.9458007813], [308.675598145, -328.854034424, 799.09197998, 294.607574463, 87.0244598389, 276.910461426, 190.769210815, 85.0764160156, 58.2736358643, 86.7981109619, 30.6286888123, 41.5517616272, 54.31848526], [818.1328125, -100.111740112, 294.607574463, 559.179077148, 184.849197388, 174.985458374, 144.119262695, 34.8759803772, 71.9214248657, 89.9885482788, -14.9553050995, 49.1725997925, 90.8297805786], [29.1819591522, -5.62803316116, 87.0244598389, 184.849197388, 235.004333496, 67.231086731, 2.14481472969, -6.83336114883, 36.8872032166, 32.3611335754, -14.8998718262, 18.2194023132, 45.3768196106], [538.183410645, -161.845581055, 276.910461426, 174.985458374, 67.231086731, 313.697479248, 207.39390564, 70.78465271, 41.644744873, 79.001159668, 49.2155647278, 24.3679866791, 25.5226974487], [488.513305664, -77.0681304932, 190.769210815, 144.119262695, 2.14481472969, 207.39390564, 317.492004395, 114.183242798, 19.1933135986, 56.8370056152, 52.3189582825, 23.1350803375, 22.723367691], [378.09588623, -19.5634040833, 85.0764160156, 34.8759803772, -6.83336114883, 70.78465271, 114.183242798, 129.652236938, 55.3614692688, 37.480594635, 21.4514102936, 9.40971946716, 13.4147796631], [348.944976807, -28.7294883728, 58.2736358643, 71.9214248657, 36.8872032166, 41.644744873, 19.1933135986, 55.3614692688, 131.762435913, 86.6233673096, 13.8228406906, 10.8237056732, 20.0278682709], [491.055938721, -34.0840797424, 86.7981109619, 89.9885482788, 32.3611335754, 79.001159668, 56.8370056152, 37.480594635, 86.6233673096, 149.666824341, 63.5387878418, 21.3890419006, 17.9993152618], [189.831130981, -42.9564743042, 30.6286888123, -14.9553050995, -14.8998718262, 49.2155647278, 52.3189582825, 21.4514102936, 13.8228406906, 63.5387878418, 110.009910583, 40.7140426636, -2.77988886833], [157.447509766, -32.1521911621, 41.5517616272, 49.1725997925, 18.2194023132, 24.3679866791, 23.1350803375, 9.40971946716, 10.8237056732, 21.3890419006, 40.7140426636, 90.4640808105, 48.9568634033], [214.474746704, -37.9458007813, 54.31848526, 90.8297805786, 45.3768196106, 25.5226974487, 22.723367691, 13.4147796631, 20.0278682709, 17.9993152618, -2.77988886833, 48.9568634033, 105.879013062]], "mean": [-654.835083008, 95.8198165894, 3.23508477211, 36.5961608887, 17.74036026, 5.50676298141, 1.81784379482, 10.8972358704, 5.69472503662, 5.10019350052, 0.93731957674, 1.91701900959, 0.236293494701]}, "melbands_spread": {"max": 262.740478516, "dmean": 7.45958948135, "dvar2": 234.677154541, "dmean2": 11.7406597137, "var": 552.850585938, "median": 20.7678775787, "min": 0.384612500668, "dvar": 107.501281738, "mean": 26.1140232086}, "barkbands_kurtosis": {"max": 1959.66711426, "dmean": 4.17157030106, "dvar2": 1528.09985352, "dmean2": 6.65012264252, "var": 4018.8425293, "median": 1.61919486523, "min": -1.9679838419, "dvar": 659.448242188, "mean": 8.10479259491}, "spectral_energyband_high": {"max": 0.0212180744857, "dmean": 0.000409135100199, "dvar2": 1.45851515754e-06, "dmean2": 0.000575554207899, "var": 2.984098046e-06, "median": 0.00066660012817, "min": 7.08022498817e-21, "dvar": 8.68905090101e-07, "mean": 0.00115668808576}, "hfc": {"max": 193.60017395, "dmean": 6.01868724823, "dvar2": 198.038574219, "dmean2": 8.73003292084, "var": 461.943115234, "median": 18.269285202, "min": 1.03876904573e-16, "dvar": 101.416717529, "mean": 23.779083252}, "spectral_skewness": {"max": 7.72393751144, "dmean": 0.176431983709, "dvar2": 0.226522520185, "dmean2": 0.286765098572, "var": 0.275274962187, "median": 1.32008194923, "min": -0.117988593876, "dvar": 0.0793346986175, "mean": 1.38552629948}, "erbbands": {"max": [6.27451753616, 27.1099681854, 66.9791030884, 66.99243927, 134.917602539, 509.201416016, 370.334259033, 268.993469238, 450.143218994, 836.966125488, 1026.98510742, 1350.61096191, 1008.64208984, 1147.57824707, 943.494445801, 731.732666016, 1012.4229126, 909.44152832, 889.124389648, 1076.4276123, 1478.41015625, 1203.42810059, 444.255249023, 294.29510498, 438.869171143, 315.193969727, 176.556518555, 134.079177856, 162.209152222, 182.225814819, 241.513839722, 237.000534058, 288.331237793, 134.493606567, 77.7772750854, 39.5995597839, 10.5017147064, 1.41578400135, 0.135599330068, 0.00779017899185], "dmean": [0.248650953174, 1.57866370678, 2.64967608452, 2.48223567009, 2.68170714378, 9.63842391968, 7.7370762825, 5.0582113266, 6.77038764954, 6.39693927765, 12.4708595276, 18.3591213226, 15.7670640945, 12.6123228073, 9.83726787567, 9.48128414154, 9.9231262207, 11.4563026428, 15.0991630554, 15.4287099838, 18.7408008575, 21.1528530121, 12.8715209961, 8.59420204163, 10.914686203, 7.12558221817, 4.57576417923, 3.35641050339, 3.62358283997, 2.28993654251, 2.42618155479, 1.89394938946, 1.31306445599, 0.83842164278, 0.443498909473, 0.240399211645, 0.0750113129616, 0.0154021773487, 0.00214014132507, 0.000149441155372], "dvar2": [0.596434593201, 19.0568447113, 39.6820793152, 38.8454284668, 80.7981567383, 3339.47119141, 1520.28649902, 319.293548584, 747.769592285, 965.160461426, 3665.17529297, 6790.06542969, 4821.42333984, 2954.99902344, 2424.41552734, 1780.33166504, 2243.65332031, 2466.97216797, 3237.93896484, 3827.51806641, 5970.28564453, 4167.61572266, 994.50769043, 543.616882324, 841.143127441, 397.637817383, 167.913619995, 92.3080291748, 100.103370667, 47.1876144409, 96.8936538696, 73.3166809082, 50.5261688232, 26.7446479797, 7.70065116882, 2.14440965652, 0.260163962841, 0.00923534389585, 0.00012937989959, 4.54982767906e-07], "dmean2": [0.398547619581, 2.65690922737, 4.44798231125, 4.09094285965, 4.34093952179, 15.4841775894, 12.7951183319, 8.03646278381, 11.0207872391, 10.4692296982, 19.9118309021, 28.7661361694, 24.2503490448, 18.7490730286, 15.1679859161, 14.8369674683, 15.4764575958, 17.617023468, 23.6098403931, 24.1595878601, 28.8963260651, 33.0416641235, 20.7232131958, 13.9354629517, 17.6887779236, 11.442820549, 7.51213121414, 5.27080059052, 5.61483287811, 3.47067165375, 3.6427385807, 2.72432422638, 1.81808853149, 1.19061529636, 0.642409265041, 0.365946978331, 0.122406631708, 0.0246346406639, 0.00331267598085, 0.000226254342124], "var": [0.307277739048, 8.50436782837, 25.6978206635, 26.2856426239, 46.2580032349, 1245.3840332, 561.638977051, 295.23626709, 584.226867676, 690.481323242, 3348.31225586, 8181.96630859, 6785.56445313, 5128.27392578, 3311.50683594, 2095.19140625, 2541.67163086, 2737.27294922, 3742.10595703, 5368.71630859, 10820.9638672, 7879.86328125, 963.351501465, 374.149536133, 630.299499512, 307.456604004, 121.074577332, 81.0368118286, 115.206802368, 73.4866714478, 136.356613159, 112.615997314, 80.1700592041, 31.8662891388, 9.00419139862, 2.0056707859, 0.0977818891406, 0.00330662494525, 7.65133008827e-05, 4.68452498126e-07], "median": [0.245965331793, 2.53749465942, 4.04078912735, 2.7731294632, 2.41568303108, 2.68498802185, 3.1178882122, 3.30492305756, 3.67746329308, 3.22488570213, 3.05906844139, 5.17352342606, 4.75048494339, 3.8654088974, 3.5363779068, 4.76968622208, 3.90718746185, 5.80037212372, 9.44835472107, 10.0548038483, 13.2505884171, 23.236743927, 20.015838623, 12.445763588, 14.5741977692, 10.756020546, 7.03824281693, 4.43604707718, 4.12491893768, 2.92530894279, 2.61753416061, 1.61161267757, 1.06173253059, 0.669452309608, 0.385290086269, 0.135672777891, 0.0347578264773, 0.00528419902548, 0.000581693020649, 7.62010167819e-05], "min": [8.88006837055e-23, 7.58162730193e-22, 1.2395724561e-21, 7.97966919763e-21, 6.82345972498e-21, 1.61018137934e-20, 7.59504249126e-20, 7.91994740364e-20, 1.29322360469e-19, 2.38462599667e-19, 4.28254874369e-19, 3.55636016308e-19, 5.09765045134e-19, 6.71780155427e-19, 8.92173020462e-19, 1.50030948597e-18, 1.48477213893e-18, 2.17222819415e-18, 3.22867390759e-18, 3.64995306445e-18, 4.46671161488e-18, 5.80364476146e-18, 5.28157344016e-18, 5.31589275018e-18, 5.85455690098e-18, 9.24015255424e-18, 1.02213351717e-17, 1.10499964375e-17, 1.07068612399e-17, 1.14027128682e-17, 1.07666672254e-17, 1.16667968962e-17, 1.04698773032e-17, 9.06258582805e-18, 6.5298956908e-18, 4.21411092173e-18, 2.28147124931e-18, 1.01440539618e-18, 2.41707965252e-19, 2.708999704e-20], "dvar": [0.253338932991, 6.84402322769, 14.3219890594, 15.1028394699, 32.2415504456, 1361.15917969, 577.774047852, 133.845306396, 303.253601074, 392.350280762, 1419.3380127, 2881.47094727, 2139.53857422, 1470.77355957, 1063.19946289, 757.091491699, 941.766601563, 1109.75805664, 1350.87121582, 1651.76904297, 2621.3059082, 1779.28234863, 401.891296387, 213.766891479, 342.106048584, 163.296890259, 64.2972106934, 39.5065383911, 42.1903762817, 23.2968559265, 50.4822235107, 43.2016601563, 30.8954410553, 14.8376846313, 3.9128408432, 1.04191350937, 0.0986677110195, 0.00346306758001, 5.36345942237e-05, 2.23091106477e-07], "mean": [0.378999531269, 2.9481959343, 5.234167099, 4.23467874527, 4.23635292053, 10.2703933716, 9.87564754486, 8.90126132965, 11.1408166885, 10.0212163925, 20.8724365234, 33.6320381165, 30.2447929382, 24.7757320404, 18.7342700958, 17.7851676941, 18.3236885071, 20.9967365265, 29.5753955841, 33.5045547485, 44.0326118469, 49.5120811462, 28.3895626068, 17.6104660034, 21.4995422363, 15.1181211472, 10.1139154434, 7.34639167786, 8.23716068268, 5.74716520309, 5.53316783905, 3.93393468857, 2.72801542282, 1.63856899738, 0.879842400551, 0.38123190403, 0.104464814067, 0.0211431439966, 0.00310347648337, 0.000255710241618]}, "spectral_contrast_valleys": {"max": [-5.24749279022, -4.52735853195, -5.07578802109, -5.85212278366, -5.5402340889, -7.2599606514], "dmean": [0.386734873056, 0.375449597836, 0.331745356321, 0.276178508997, 0.230805143714, 0.220598846674], "dvar2": [0.309172719717, 0.328201055527, 0.245702177286, 0.177015706897, 0.136466816068, 0.238332405686], "dmean2": [0.634776473045, 0.616817057133, 0.527374088764, 0.433939099312, 0.343722999096, 0.32368773222], "var": [4.33610105515, 2.98690438271, 2.9025683403, 2.84691166878, 3.37980031967, 3.80823779106], "median": [-6.65487957001, -7.01679372787, -7.55387926102, -7.57560300827, -6.94388008118, -9.56090259552], "min": [-27.9936256409, -28.0202293396, -27.7947101593, -27.6005363464, -27.5180225372, -27.3655529022], "dvar": [0.137005448341, 0.144626572728, 0.118774481118, 0.0928790867329, 0.0779822692275, 0.112477093935], "mean": [-7.33687782288, -7.34028053284, -7.89759302139, -7.98170804977, -7.47350740433, -10.115105629]}, "average_loudness": 0.852124989033, "erbbands_spread": {"max": 203.778411865, "dmean": 8.35094833374, "dvar2": 167.783050537, "dmean2": 12.8274078369, "var": 476.012451172, "median": 41.5872802734, "min": 4.05290460587, "dvar": 75.7239456177, "mean": 44.9316253662}, "melbands_flatness_db": {"max": 0.565347731113, "dmean": 0.024990811944, "dvar2": 0.00149229250383, "dmean2": 0.0395762398839, "var": 0.00473548844457, "median": 0.203805208206, "min": 0.00404816027731, "dvar": 0.000616528559476, "mean": 0.211525514722}, "barkbands_spread": {"max": 153.321182251, "dmean": 6.8392996788, "dvar2": 148.849029541, "dmean2": 10.731347084, "var": 284.772003174, "median": 26.8658466339, "min": 0.179312154651, "dvar": 68.1910095215, "mean": 29.4047298431}, "spectral_decrease": {"max": 3.83967404177e-15, "dmean": 2.61201216212e-09, "dvar2": 3.40377278178e-17, "dmean2": 4.08880351799e-09, "var": 3.54369666897e-17, "median": -7.78436959337e-09, "min": -4.49671979652e-08, "dvar": 1.47126049518e-17, "mean": -8.09728462059e-09}, "melbands_crest": {"max": 36.7980690002, "dmean": 3.42916297913, "dvar2": 24.5039310455, "dmean2": 5.52374172211, "var": 25.6012573242, "median": 16.7372817993, "min": 1.74729681015, "dvar": 9.77139186859, "mean": 16.8597393036}, "erbbands_flatness_db": {"max": 0.485767632723, "dmean": 0.0137246437371, "dvar2": 0.000394372676965, "dmean2": 0.020344812423, "var": 0.00411418313161, "median": 0.127326875925, "min": 0.0224899183959, "dvar": 0.000196718465304, "mean": 0.137441024184}, "melbands_kurtosis": {"max": 665.739929199, "dmean": 10.3301906586, "dvar2": 833.841247559, "dmean2": 16.3895511627, "var": 1207.68725586, "median": 11.8658943176, "min": -1.86491549015, "dvar": 356.725524902, "mean": 21.8542556763}, "spectral_rms": {"max": 0.0130215920508, "dmean": 0.000788210192695, "dvar2": 2.09942027141e-06, "dmean2": 0.0012057084823, "var": 5.63105140827e-06, "median": 0.00553183117881, "min": 3.12950533543e-12, "dvar": 9.62829744822e-07, "mean": 0.00512727489695}, "melbands_skewness": {"max": 17.871383667, "dmean": 0.88565403223, "dvar2": 2.26151609421, "dmean2": 1.38323283195, "var": 5.11990880966, "median": 3.19958853722, "min": -3.88507246971, "dvar": 0.974497199059, "mean": 3.55186748505}, "barkbands": {"max": [0.0246995072812, 0.126129940152, 0.0648134201765, 0.0318947695196, 0.103028565645, 0.0356828384101, 0.032817222178, 0.0396798737347, 0.0438002981246, 0.0413995981216, 0.0280140712857, 0.0299213398248, 0.0200814325362, 0.0209955349565, 0.0148896714672, 0.0231166519225, 0.017785910517, 0.00739324372262, 0.00670122215524, 0.00469418196008, 0.00332040339708, 0.00420561851934, 0.00703205959871, 0.014207190834, 0.00902919378132, 0.0064558936283, 0.000905054621398], "dmean": [0.000692953239195, 0.00710024731234, 0.00227876217104, 0.00075654493412, 0.00213305023499, 0.000601339503191, 0.000456782290712, 0.000474877597298, 0.000810743542388, 0.000488167570438, 0.000282263819827, 0.0002605067275, 0.000233805330936, 0.000321175903082, 0.000285917893052, 0.000359221594408, 0.00038815670996, 0.000225405165111, 0.000186783261597, 0.000165131103131, 9.36856959015e-05, 9.09672889975e-05, 7.82718852861e-05, 8.17378531792e-05, 6.67705971864e-05, 4.49217441201e-05, 1.37133592943e-05], "dvar2": [7.26026291886e-06, 0.000373299641069, 2.7233383662e-05, 5.00524402014e-06, 0.000134965142934, 4.33192963101e-06, 3.35866002388e-06, 7.22432559996e-06, 1.11469316835e-05, 5.6234684962e-06, 2.52127551903e-06, 1.59302521752e-06, 1.23735719626e-06, 1.68330984707e-06, 1.14294425657e-06, 2.26720726459e-06, 1.42734393194e-06, 3.31889651761e-07, 2.49208710557e-07, 1.80516622095e-07, 6.79828033867e-08, 6.15069026821e-08, 9.13573501293e-08, 1.54876246938e-07, 1.46545204416e-07, 7.71735813032e-08, 5.11296072148e-09], "dmean2": [0.00110580504406, 0.01158936508, 0.00382063072175, 0.00124430248979, 0.00345699139871, 0.000965334416833, 0.000743834301829, 0.000777281587943, 0.00127286603674, 0.000761251256336, 0.000441797426902, 0.000410198554164, 0.000368827779312, 0.000502705574036, 0.000451291154604, 0.000564386602491, 0.000611400813796, 0.000365245679859, 0.000302259082673, 0.000267051771516, 0.000150471038069, 0.000139878582559, 0.000116958923172, 0.000114428294182, 9.40045429161e-05, 7.04717385815e-05, 2.1025625756e-05], "var": [3.22865048474e-06, 0.000195589775103, 1.68187380041e-05, 3.23355288856e-06, 4.90836209792e-05, 3.75606282432e-06, 2.44829379881e-06, 5.61706428925e-06, 1.42554972626e-05, 8.86322050064e-06, 3.54164262717e-06, 1.70994496784e-06, 1.19962351164e-06, 1.86526267498e-06, 1.13530995804e-06, 3.84533723263e-06, 2.36453911384e-06, 2.56969116208e-07, 1.88531004142e-07, 1.38008260819e-07, 5.3362398944e-08, 7.9191991631e-08, 1.37967148817e-07, 2.66446960495e-07, 1.95572980033e-07, 4.6402004017e-08, 3.41613470844e-09], "median": [9.95580048766e-05, 0.0113719115034, 0.00285529275425, 0.000563316862099, 0.000912939896807, 0.00039266856038, 0.000241035275394, 9.71523550106e-05, 0.000199913367396, 0.000111755478429, 6.08072296018e-05, 0.000102397345472, 7.36422371119e-05, 0.000127497143694, 0.000163582109963, 0.000199875779799, 0.000377017247956, 0.000316571036819, 0.000242213020101, 0.000234079750953, 0.000136178568937, 0.00010767729691, 9.09838709049e-05, 6.87087231199e-05, 5.82959510211e-05, 2.1991045287e-05, 3.53743507731e-06], "min": [7.60174520745e-25, 7.11017531043e-24, 1.32042535987e-24, 1.20952413837e-24, 3.47378686146e-24, 1.16260245507e-23, 7.47279494704e-24, 1.07287946675e-23, 1.7006414856e-23, 1.37042446845e-23, 2.46060925577e-23, 2.90844401394e-23, 3.66082609764e-23, 3.18220020507e-23, 6.23342930503e-23, 5.41036717749e-23, 9.42672373432e-23, 9.34756753783e-23, 1.18382879299e-22, 2.03516281185e-22, 2.58297799047e-22, 3.09139215435e-22, 3.66145914274e-22, 6.39421417742e-22, 9.32800934096e-22, 1.29425442603e-21, 1.88548045618e-21], "dvar": [2.9724549222e-06, 0.000146749880514, 9.87868861557e-06, 2.08490860132e-06, 5.35606377525e-05, 1.74034585143e-06, 1.36553398988e-06, 2.72580814453e-06, 4.7052235459e-06, 2.46067793341e-06, 1.08365873075e-06, 6.78064452586e-07, 5.2526638683e-07, 7.34179820938e-07, 4.94248808991e-07, 9.4222508551e-07, 6.1084256231e-07, 1.32630830763e-07, 1.01202132896e-07, 7.21404092019e-08, 2.7313797446e-08, 2.69539466302e-08, 4.84890136931e-08, 9.72416245304e-08, 8.25344770305e-08, 3.26678772922e-08, 2.18810969344e-09], "mean": [0.000722320692148, 0.0133067695424, 0.0039495434612, 0.00109580566641, 0.00255527114496, 0.00104313797783, 0.000720769981854, 0.000704096164554, 0.00150623335503, 0.000928538793232, 0.000514711078722, 0.000443777360488, 0.000381509395083, 0.000552622368559, 0.000508480821736, 0.000780542963184, 0.000850526208524, 0.00045060258708, 0.000364936422557, 0.000334936747095, 0.00020586066239, 0.000214783038246, 0.000186379504157, 0.000173377004103, 0.000135173686431, 6.62486345391e-05, 2.01248349185e-05]}, "spectral_kurtosis": {"max": 84.9652328491, "dmean": 1.3437782526, "dvar2": 34.6340866089, "dmean2": 2.2783434391, "var": 37.1724128723, "median": 3.3543047905, "min": -1.25118732452, "dvar": 11.4420089722, "mean": 4.603556633}, "erbbands_skewness": {"max": 4.82031345367, "dmean": 0.336103767157, "dvar2": 0.228783041239, "dmean2": 0.511896014214, "var": 0.838141262531, "median": -0.377730429173, "min": -4.5133690834, "dvar": 0.103651352227, "mean": -0.297721385956}, "melbands": {"max": [0.0449743270874, 0.0283152740449, 0.012944297865, 0.0165997482836, 0.0191702842712, 0.00544381281361, 0.00607616081834, 0.00775348953903, 0.0100135868415, 0.00790811236948, 0.00516294734553, 0.00452010799199, 0.0035967535805, 0.00422075437382, 0.0041026128456, 0.00175773445517, 0.00165958551224, 0.00195599999279, 0.00155455176719, 0.00172113836743, 0.00246067531407, 0.00145991821773, 0.000648629793432, 0.000487447803607, 0.000249747303315, 0.000282252352918, 0.000228826553212, 0.000227885466302, 0.00014374445891, 6.92950488883e-05, 8.20565837785e-05, 0.000110662338557, 0.000109014559712, 0.000105598388473, 0.000142370670801, 0.000158794442541, 0.000145810845424, 0.000202100622118, 0.000198690919206, 0.000109848238935], "dmean": [0.00202245567925, 0.0015085254563, 0.000400816090405, 0.00040671066381, 0.000344702682924, 0.000112906622235, 9.76303199423e-05, 7.68306999817e-05, 0.000115037568321, 0.000112349036499, 8.08006006991e-05, 5.57797466172e-05, 3.74274313799e-05, 2.74435333267e-05, 2.81341835944e-05, 1.99713504117e-05, 2.40153749473e-05, 2.84343605017e-05, 2.23517981794e-05, 2.30692330661e-05, 2.4850894988e-05, 2.51778492384e-05, 1.77118035936e-05, 9.86933991953e-06, 7.28868462829e-06, 7.52047299102e-06, 8.20215791464e-06, 4.78340734844e-06, 3.37038204634e-06, 2.32458069149e-06, 2.05879041459e-06, 2.09009340324e-06, 1.97768895305e-06, 1.34360186621e-06, 1.47284174545e-06, 1.30811804411e-06, 1.23976008126e-06, 9.82541450867e-07, 8.78669538906e-07, 7.0637565841e-07], "dvar2": [3.34793621732e-05, 1.41641294249e-05, 1.0307918501e-06, 3.70465477317e-06, 3.89970364267e-06, 1.49347428646e-07, 1.47811135776e-07, 1.57833468961e-07, 2.65708109737e-07, 2.42239593717e-07, 1.32132441877e-07, 6.10756529795e-08, 4.26003126108e-08, 2.06939922975e-08, 1.99155234526e-08, 9.3157179748e-09, 1.08974669288e-08, 1.36534614725e-08, 7.9607174186e-09, 1.10112194918e-08, 1.14000027196e-08, 6.88915768876e-09, 2.12413930889e-09, 6.8227001826e-10, 4.06347400173e-10, 4.10433659281e-10, 4.41551767372e-10, 2.01079153328e-10, 9.38693081598e-11, 4.19747743508e-11, 3.46285188024e-11, 3.3820148071e-11, 3.23825653792e-11, 1.73560506245e-11, 3.38610944839e-11, 3.98700586435e-11, 3.24548062036e-11, 2.77089844125e-11, 3.30746749433e-11, 2.12261094118e-11], "dmean2": [0.00328205502592, 0.00252640410326, 0.000659669341985, 0.000648708199151, 0.000563884619623, 0.00018009316409, 0.000158505048603, 0.000125779639347, 0.000183448253665, 0.000175152963493, 0.000125068923808, 8.32525183796e-05, 5.78852996114e-05, 4.2620828026e-05, 4.43837852799e-05, 3.15321449307e-05, 3.69593180949e-05, 4.4583244744e-05, 3.52071147063e-05, 3.62850005331e-05, 3.82680918847e-05, 3.90841196349e-05, 2.8359294447e-05, 1.60819490702e-05, 1.19494125101e-05, 1.21573439174e-05, 1.34225538204e-05, 7.75297485234e-06, 5.62109607927e-06, 3.77129163098e-06, 3.27107773046e-06, 3.26352619595e-06, 3.08455764753e-06, 2.09915697269e-06, 2.26890028898e-06, 1.93469918486e-06, 1.84316229479e-06, 1.4250821323e-06, 1.24262510326e-06, 1.03570880583e-06], "var": [1.82144704013e-05, 8.13798669697e-06, 7.07799642896e-07, 1.55146392444e-06, 1.35489972308e-06, 1.40732666409e-07, 1.15707464943e-07, 1.20010952287e-07, 2.63126793243e-07, 3.10784344038e-07, 1.90797067035e-07, 1.05131320538e-07, 5.97232769906e-08, 2.23218012962e-08, 2.89652160035e-08, 8.50162518162e-09, 1.12482947401e-08, 1.5164788536e-08, 7.97046872947e-09, 1.78923826866e-08, 1.73830780881e-08, 1.13899600862e-08, 2.5065460818e-09, 5.15969045267e-10, 2.51475645863e-10, 3.19755055767e-10, 3.11474485093e-10, 1.36447436683e-10, 6.30207691588e-11, 3.10392614389e-11, 2.82603333096e-11, 3.66593734535e-11, 3.47570444648e-11, 2.29429825832e-11, 4.29291810433e-11, 5.27117065274e-11, 4.1855467009e-11, 3.91785943965e-11, 4.0723615452e-11, 2.02119015968e-11], "median": [0.00287917233072, 0.00292468513362, 0.000512612692546, 0.000192258288735, 0.000111446912342, 7.67284363974e-05, 5.48388197785e-05, 3.00441479339e-05, 2.33756090893e-05, 2.87234506686e-05, 2.02185801754e-05, 1.39465400935e-05, 9.64900573308e-06, 1.1442442883e-05, 9.6576704891e-06, 6.93192123435e-06, 1.00947227111e-05, 1.32695586217e-05, 1.3026265151e-05, 1.18121579362e-05, 1.41089103636e-05, 2.1391097107e-05, 2.20840156544e-05, 1.32951772684e-05, 8.70031180966e-06, 9.22064373299e-06, 1.00446695797e-05, 6.09442440691e-06, 4.52155336461e-06, 2.93609491564e-06, 2.31387980421e-06, 2.32011666412e-06, 1.93579580809e-06, 1.43961949561e-06, 1.55113968958e-06, 1.08435767743e-06, 9.01723979041e-07, 7.4501213021e-07, 6.02799673288e-07, 5.31087664513e-07], "min": [1.30199638584e-24, 6.52067641786e-25, 1.7402981544e-24, 3.73895146001e-25, 2.50060150599e-24, 1.93685842894e-24, 2.32150858405e-24, 2.44477677796e-24, 3.70763363276e-24, 2.23885371055e-24, 2.07784483321e-24, 2.28888543853e-24, 3.25594035869e-24, 3.42758643369e-24, 2.65796308493e-24, 3.6976245656e-24, 3.31283912085e-24, 5.12381960678e-24, 4.66864607561e-24, 4.15808898686e-24, 5.46225237361e-24, 5.63806974786e-24, 4.37118595534e-24, 4.5203982067e-24, 3.78972644287e-24, 5.00157574876e-24, 2.79911929152e-24, 6.11342825744e-24, 5.74359646001e-24, 5.71139910216e-24, 5.60897379666e-24, 4.92382404022e-24, 5.46155580943e-24, 5.3061048516e-24, 6.25460635492e-24, 5.78563446322e-24, 6.68270578539e-24, 6.49011801716e-24, 7.56838516723e-24, 5.86143452988e-24], "dvar": [1.3855207726e-05, 5.1081096899e-06, 4.10310860843e-07, 1.52654831709e-06, 1.5119355794e-06, 6.22279117124e-08, 6.0109449862e-08, 6.18853377432e-08, 1.0484114199e-07, 1.03761450987e-07, 5.80536791972e-08, 3.01312752526e-08, 1.82695796269e-08, 8.89779272484e-09, 8.85482798196e-09, 3.89578858062e-09, 4.93831509019e-09, 5.62129054416e-09, 3.47242945509e-09, 4.54484583301e-09, 5.04751973551e-09, 3.037488705e-09, 8.80362838185e-10, 2.75706790731e-10, 1.57316160099e-10, 1.68624725294e-10, 1.74427181032e-10, 8.11993597361e-11, 3.57761424652e-11, 1.6943965328e-11, 1.44484042786e-11, 1.40345955343e-11, 1.38376428371e-11, 8.24375550462e-12, 1.66371205007e-11, 2.18829954157e-11, 1.74704938016e-11, 1.59015561135e-11, 1.87190332679e-11, 1.07610318226e-11], "mean": [0.00361411971971, 0.00324600795284, 0.000721961027011, 0.000506604439579, 0.000404560210882, 0.000201881615794, 0.000160643670824, 0.000117736090033, 0.000193613086594, 0.000206373631954, 0.000152504144353, 0.000107008090708, 6.96483475622e-05, 4.63398064312e-05, 5.18090018886e-05, 3.32121380779e-05, 4.02246041631e-05, 5.09156889166e-05, 4.04755555792e-05, 4.86530407215e-05, 5.13002669322e-05, 5.32334161107e-05, 3.5836641473e-05, 1.93687974388e-05, 1.32880895762e-05, 1.42165217767e-05, 1.51557414938e-05, 9.0580970209e-06, 6.76608533468e-06, 4.69043243356e-06, 4.12935560234e-06, 4.59887814941e-06, 4.1295779738e-06, 2.95012932838e-06, 3.23053427564e-06, 2.69141310127e-06, 2.34415119849e-06, 1.95442225959e-06, 1.63257539043e-06, 1.2918842458e-06]}, "spectral_centroid": {"max": 11952.2871094, "dmean": 258.940673828, "dvar2": 172914.875, "dmean2": 399.790039063, "var": 710022.1875, "median": 1769.35546875, "min": 208.836090088, "dvar": 81024, "mean": 1808.09326172}, "pitch_salience": {"max": 0.885641038418, "dmean": 0.0752732604742, "dvar2": 0.0131387962028, "dmean2": 0.123165562749, "var": 0.0134543050081, "median": 0.464723855257, "min": 0.0691752284765, "dvar": 0.00503191910684, "mean": 0.471224606037}, "gfcc": {"icov": [[0.000115524548164, -0.000107242216473, 0.000116605566291, -0.000143977958942, 0.000137331619044, -0.000142014119774, 0.000234922452364, -0.000450934516266, 0.000462448020699, -0.000545638555195, 0.000486515491502, -0.0004273110535, 0.000296717567835], [-0.000107242216473, 0.00107942416798, 0.000286185182631, 0.00019503859221, -0.000360234786058, 9.0828325483e-05, -4.18188801632e-06, 7.59099420975e-05, -0.000555495265871, 0.00145833077841, -0.00155625026673, 0.0016346371267, -0.00103539659176], [0.000116605566291, 0.000286185182631, 0.00145095679909, -0.000724937417544, -0.000238018677919, -0.000591126445215, -9.40437384997e-05, 0.000175340042915, -3.71122150682e-05, -3.95840070269e-05, 0.000546431168914, -0.000814385653939, 0.000940311525483], [-0.000143977958942, 0.00019503859221, -0.000724937417544, 0.00242172088474, -0.000430613872595, -0.00133399898186, 0.00114974298049, -0.000461055489723, -0.000159037299454, 0.000188271529623, -0.00167505990248, 0.00194019498304, -0.00211331457831], [0.000137331619044, -0.000360234786058, -0.000238018677919, -0.000430613872595, 0.00428862916306, 0.00076987297507, -0.00103806867264, 0.000271629018243, -0.000539197062608, -0.000387731444789, -0.000255306658801, 9.27203145693e-05, -0.000148093531607], [-0.000142014119774, 9.0828325483e-05, -0.000591126445215, -0.00133399898186, 0.00076987297507, 0.00484156934544, -0.00319890328683, -0.000101690318843, 0.0012408955954, -0.00252171349712, 0.00189518148545, -0.000577095604967, 0.00070521509042], [0.000234922452364, -4.18188801632e-06, -9.40437384997e-05, 0.00114974298049, -0.00103806867264, -0.00319890328683, 0.00898651219904, -0.00433112028986, 0.00166989967693, 0.00239915028214, -0.00317777763121, 0.00112555001397, 0.00171139149461], [-0.000450934516266, 7.59099420975e-05, 0.000175340042915, -0.000461055489723, 0.000271629018243, -0.000101690318843, -0.00433112028986, 0.0118223335594, -0.00521608442068, -0.000481383263832, 0.00165375031065, -0.000732521759346, -0.00110854022205], [0.000462448020699, -0.000555495265871, -3.71122150682e-05, -0.000159037299454, -0.000539197062608, 0.0012408955954, 0.00166989967693, -0.00521608442068, 0.013301406987, -0.00846663489938, 0.00419462146237, 0.00105210917536, -0.000608028669376], [-0.000545638555195, 0.00145833077841, -3.95840070269e-05, 0.000188271529623, -0.000387731444789, -0.00252171349712, 0.00239915028214, -0.000481383263832, -0.00846663489938, 0.0218882448971, -0.0102065112442, 0.00255343737081, 0.00227817078121], [0.000486515491502, -0.00155625026673, 0.000546431168914, -0.00167505990248, -0.000255306658801, 0.00189518148545, -0.00317777763121, 0.00165375031065, 0.00419462146237, -0.0102065112442, 0.0189488865435, -0.00907940976322, 0.00296640652232], [-0.0004273110535, 0.0016346371267, -0.000814385653939, 0.00194019498304, 9.27203145693e-05, -0.000577095604967, 0.00112555001397, -0.000732521759346, 0.00105210917536, 0.00255343737081, -0.00907940976322, 0.0204511061311, -0.00946971587837], [0.000296717567835, -0.00103539659176, 0.000940311525483, -0.00211331457831, -0.000148093531607, 0.00070521509042, 0.00171139149461, -0.00110854022205, -0.000608028669376, 0.00227817078121, 0.00296640652232, -0.00946971587837, 0.0197690315545]], "cov": [[25093.6660156, -229.54486084, -119.561126709, 2096.12036133, -1050.07421875, 1972.05981445, -88.3037109375, 1039.65136719, -179.645294189, 646.899597168, -296.70098877, 183.217102051, -118.956771851], [-229.54486084, 1699.75854492, -778.179077148, -398.942962646, 126.821502686, -422.262329102, -71.1663894653, -59.7015266418, 13.5103778839, -127.26688385, 52.8347091675, -68.9012908936, 79.8115844727], [-119.561126709, -778.179077148, 1440.26367188, 631.949829102, 23.1415042877, 507.207855225, 128.371444702, 54.5117835999, -1.03399646282, 90.7972946167, -11.3979558945, 19.6288967133, -65.271484375], [2096.12036133, -398.942962646, 631.949829102, 1044.11413574, -44.4524536133, 532.786560059, 31.6524982452, 141.936630249, 10.6644535065, 133.51663208, -2.91277265549, 2.66365242004, 1.73643028736], [-1050.07421875, 126.821502686, 23.1415042877, -44.4524536133, 305.695892334, -108.072494507, 24.0013389587, -35.2176628113, 26.7225933075, -19.9181671143, 29.3219871521, -15.1479492188, 10.1042480469], [1972.05981445, -422.262329102, 507.207855225, 532.786560059, -108.072494507, 703.855285645, 171.896789551, 153.077774048, -29.9025821686, 119.023223877, -24.6313037872, 10.2764635086, -57.1176567078], [-88.3037109375, -71.1663894653, 128.371444702, 31.6524982452, 24.0013389587, 171.896789551, 222.264831543, 62.9206008911, -21.928817749, 5.0819735527, 20.8403873444, -5.10817432404, -33.6237258911], [1039.65136719, -59.7015266418, 54.5117835999, 141.936630249, -35.2176628113, 153.077774048, 62.9206008911, 182.038085938, 51.8486061096, 52.7794342041, -23.9932327271, -1.12819719315, -8.54252910614], [-179.645294189, 13.5103778839, -1.03399646282, 10.6644535065, 26.7225933075, -29.9025821686, -21.928817749, 51.8486061096, 145.945999146, 46.2166213989, -17.4024906158, -24.4561653137, 0.72498768568], [646.899597168, -127.26688385, 90.7972946167, 133.51663208, -19.9181671143, 119.023223877, 5.0819735527, 52.7794342041, 46.2166213989, 113.210769653, 21.6447353363, 2.65479874611, -21.8973007202], [-296.70098877, 52.8347091675, -11.3979558945, -2.91277265549, 29.3219871521, -24.6313037872, 20.8403873444, -23.9932327271, -17.4024906158, 21.6447353363, 103.633255005, 31.6942367554, 2.00201940536], [183.217102051, -68.9012908936, 19.6288967133, 2.66365242004, -15.1479492188, 10.2764635086, -5.10817432404, -1.12819719315, -24.4561653137, 2.65479874611, 31.6942367554, 87.8632202148, 29.1654453278], [-118.956771851, 79.8115844727, -65.271484375, 1.73643028736, 10.1042480469, -57.1176567078, -33.6237258911, -8.54252910614, 0.72498768568, -21.8973007202, 2.00201940536, 29.1654453278, 80.60105896]], "mean": [-15.5009241104, 68.1853485107, -102.990882874, 45.351688385, -38.1004486084, 11.1543312073, -32.0832481384, 16.226272583, -16.3751411438, 1.49333512783, -14.833697319, 1.63316965103, -8.64645767212]}, "spectral_flux": {"max": 0.35578802228, "dmean": 0.0251595061272, "dvar2": 0.00191881111823, "dmean2": 0.0386757999659, "var": 0.00293372990564, "median": 0.079201541841, "min": 6.4691314805e-11, "dvar": 0.000891642994247, "mean": 0.0856127887964}, "zerocrossingrate": {"max": 0.8525390625, "dmean": 0.0112104332075, "dvar2": 0.000288577866741, "dmean2": 0.0132618695498, "var": 0.00609289063141, "median": 0.05859375, "min": 0.0029296875, "dvar": 0.000244170223596, "mean": 0.0736518725753}, "spectral_energyband_middle_low": {"max": 0.110572710633, "dmean": 0.00376792531461, "dvar2": 0.000169374208781, "dmean2": 0.005933964625, "var": 9.84938960755e-05, "median": 0.00491396337748, "min": 1.76557660257e-22, "dvar": 6.93380789016e-05, "mean": 0.00783773232251}, "silence_rate_20dB": {"max": 1, "dmean": 0, "dvar2": 0, "dmean2": 0, "var": 0, "median": 1, "min": 1, "dvar": 0, "mean": 1}, "silence_rate_30dB": {"max": 1, "dmean": 0.00591954775155, "dvar2": 0.0172141697258, "dmean2": 0.0118398927152, "var": 0.00321832299232, "median": 1, "min": 0, "dvar": 0.00588488485664, "mean": 0.996771395206}, "spectral_entropy": {"max": 9.82213115692, "dmean": 0.109318986535, "dvar2": 0.026128590107, "dmean2": 0.162246704102, "var": 0.209061563015, "median": 7.83744287491, "min": 4.95630407333, "dvar": 0.0136154014617, "mean": 7.77466487885}, "spectral_rolloff": {"max": 21533.203125, "dmean": 557.020812988, "dvar2": 2800351.25, "dmean2": 939.471252441, "var": 7841355.5, "median": 1033.59375, "min": 64.599609375, "dvar": 1278040.125, "mean": 1787.95751953}, "spectral_complexity": {"max": 58, "dmean": 4.04977798462, "dvar2": 46.4272613525, "dmean2": 6.14221334457, "var": 136.084991455, "median": 19, "min": 0, "dvar": 23.4872512817, "mean": 19.0501117706}, "spectral_spread": {"max": 42149868, "d