{"tonal": {"chords_number_rate": 0.00553451804444, "thpcp": [1, 0.590859234333, 0.315608054399, 0.253555893898, 0.361645966768, 0.685375392437, 0.620035648346, 0.275529295206, 0.169632449746, 0.163032755256, 0.365846186876, 0.688142240047, 0.530038774014, 0.370948433876, 0.766324281693, 0.846251487732, 0.529101490974, 0.328203499317, 0.222920209169, 0.236206024885, 0.417385488749, 0.501406371593, 0.451952964067, 0.372731208801, 0.266335517168, 0.497020751238, 0.883397877216, 0.704088032246, 0.482933342457, 0.675304591656, 0.620931208134, 0.401841849089, 0.381111264229, 0.377238959074, 0.49805277586, 0.915515899658], "hpcp": {"dvar": [0.0408878736198, 0.0309931598604, 0.0332858562469, 0.0394307747483, 0.0364733487368, 0.0493135154247, 0.0487850680947, 0.0377418249846, 0.0326473601162, 0.023997914046, 0.0257631056011, 0.0302652250975, 0.0288945604116, 0.0165471378714, 0.0157976262271, 0.0146905016154, 0.0201226044446, 0.0336459316313, 0.0255292654037, 0.0152629064396, 0.0315666981041, 0.0325367338955, 0.0299910083413, 0.0249747205526, 0.0156841725111, 0.0184072162956, 0.0271130967885, 0.0357950888574, 0.0311193000525, 0.030063746497, 0.0257147438824, 0.0254849400371, 0.0351202152669, 0.0326617844403, 0.0275672227144, 0.0361869074404], "mean": [0.185975208879, 0.120355710387, 0.114146694541, 0.112986899912, 0.149171859026, 0.274206310511, 0.299510151148, 0.176968336105, 0.0945278182626, 0.0759425610304, 0.108316637576, 0.205276891589, 0.185706973076, 0.0825238227844, 0.0508066415787, 0.0488299652934, 0.109574645758, 0.206105589867, 0.158751994371, 0.111102819443, 0.229521900415, 0.253460913897, 0.158471271396, 0.0983002781868, 0.0667668655515, 0.070746101439, 0.125011190772, 0.150176301599, 0.135364502668, 0.111636780202, 0.0797701925039, 0.148862764239, 0.264586627483, 0.210881516337, 0.144643440843, 0.202260583639], "min": [0, 0, 0, 0, 0, 0, 0, 0, 0, 0, 0, 0, 0, 0, 0, 0, 0, 0, 0, 0, 0, 0, 0, 0, 0, 0, 0, 0, 0, 0, 0, 0, 0, 0, 0, 0], "median": [0.047174025327, 0.0413524322212, 0.0274810213596, 0.0260744262487, 0.0548613853753, 0.139693140984, 0.150623202324, 0.0728161856532, 0.0284912828356, 0.0235089249909, 0.0326898731291, 0.0296997521073, 0.0303771048784, 0.026417022571, 0.013476033695, 0.012807215564, 0.0307777840644, 0.0427040830255, 0.0345704220235, 0.0452342145145, 0.115906327963, 0.131420060992, 0.0497231222689, 0.0236250255257, 0.0177948195487, 0.0205693449825, 0.0290285535157, 0.034117847681, 0.0321572758257, 0.0256097204983, 0.021936615929, 0.0522981099784, 0.0969648733735, 0.0929705798626, 0.0613417625427, 0.0467124804854], "dvar2": [0.109674945474, 0.0866967663169, 0.0884839147329, 0.10305801034, 0.098756827414, 0.131816446781, 0.132487609982, 0.105444923043, 0.0917765125632, 0.0654549822211, 0.0696160048246, 0.0808364152908, 0.072315081954, 0.0467090643942, 0.0456051900983, 0.0414176397026, 0.0543103180826, 0.0864866748452, 0.0615191943944, 0.0416818708181, 0.0836139470339, 0.0794177353382, 0.0810148566961, 0.0695970878005, 0.0431596077979, 0.0496023520827, 0.0683308914304, 0.0978326871991, 0.0863387137651, 0.0883778631687, 0.0751124694943, 0.0683156847954, 0.0913683325052, 0.0832659080625, 0.0763623043895, 0.0933258831501], "var": [0.0811951085925, 0.0383192934096, 0.0444889031351, 0.046653714031, 0.0455297417939, 0.0940065979958, 0.105757720768, 0.0529608391225, 0.0309429932386, 0.0242748707533, 0.0313150882721, 0.106945566833, 0.0907339304686, 0.0198093336076, 0.0132254762575, 0.0124156260863, 0.0299346446991, 0.0927782207727, 0.0617966763675, 0.0255641378462, 0.0759341046214, 0.0874492526054, 0.0567825958133, 0.0340700037777, 0.0178837738931, 0.0203253291547, 0.052522726357, 0.0672224089503, 0.0510360598564, 0.0387455224991, 0.0247113108635, 0.0433293841779, 0.109253160655, 0.0670212358236, 0.0406139977276, 0.0941575989127], "dmean2": [0.214550197124, 0.186569064856, 0.173968359828, 0.186794638634, 0.219521820545, 0.292096734047, 0.297609955072, 0.228223398328, 0.166858166456, 0.128521099687, 0.151835799217, 0.154380694032, 0.154040321708, 0.115424767137, 0.0881999433041, 0.0865184515715, 0.128897309303, 0.188114881516, 0.16117079556, 0.138490960002, 0.225620537996, 0.215969085693, 0.188210949302, 0.14985434711, 0.104236535728, 0.108020484447, 0.148650705814, 0.178255960345, 0.169897824526, 0.165034070611, 0.141166821122, 0.164286851883, 0.21603871882, 0.221118599176, 0.194750115275, 0.198857709765], "max": [1, 1, 1, 1, 1, 1, 1, 1, 1, 1, 1, 1, 1, 1, 1, 1, 1, 1, 1, 1, 1, 1, 1, 1, 1, 1, 1, 1, 1, 1, 1, 1, 1, 1, 1, 1], "dmean": [0.122289456427, 0.105001889169, 0.099895067513, 0.106424510479, 0.126635491848, 0.168753638864, 0.171996712685, 0.131346151233, 0.0921502113342, 0.0722172483802, 0.0875611975789, 0.0890900120139, 0.0914647802711, 0.0669392496347, 0.0489913001657, 0.0489781014621, 0.0766673237085, 0.110038407147, 0.099020935595, 0.0803157240152, 0.132785573602, 0.130823150277, 0.111513659358, 0.0856336504221, 0.0591511055827, 0.0623254626989, 0.0891152247787, 0.103210762143, 0.0975352525711, 0.0941002294421, 0.0787973105907, 0.0981613174081, 0.126272395253, 0.13375222683, 0.113450810313, 0.115395151079]}, "key_strength": 0.772447884083, "chords_strength": {"dvar": 8.43488815008e-05, "mean": 0.555482745171, "min": 0.233705580235, "median": 0.567794263363, "dvar2": 7.45708312024e-05, "var": 0.0122349755839, "dmean2": 0.00856350455433, "max": 0.776798784733, "dmean": 0.00944370683283}, "tuning_equal_tempered_deviation": 0.232317492366, "chords_key": "G", "tuning_frequency": 439.491973877, "chords_scale": "minor", "chords_changes_rate": 0.0623361505568, "key_scale": "major", "tuning_diatonic_strength": 0.626598596573, "hpcp_entropy": {"dvar": 0.233593970537, "mean": 2.07072210312, "min": 0, "median": 2.085501194, "dvar2": 0.634428679943, "var": 0.533536076546, "dmean2": 0.965267837048, "max": 4.34226703644, "dmean": 0.56938201189}, "chords_histogram": [14.2732305527, 4.13632392883, 7.45703458786, 3.90329146385, 1.04864549637, 0.728226065636, 0.349548488855, 1.42732298374, 6.00058269501, 8.24351882935, 7.86484146118, 15.787940979, 3.43722701073, 5.01019525528, 1.51471018791, 0.553451776505, 2.446839571, 2.47596859932, 0.66996794939, 3.0002913475, 0.553451776505, 2.94203329086, 3.93242073059, 2.24293613434], "tuning_nontempered_energy_ratio": 0.901355683804, "key_key": "E"}, "metadata": {"version": {"extractor": "music 1.0", "essentia_build_sha": "70f2e5ece6736b2c40cc944ad0e695b16b925413", "essentia": "2.1-beta2", "essentia_git_sha": "v2.1_beta2"}, "audio_properties": {"sample_rate": 44100, "length": 159.346939087, "lossless": false, "analysis_sample_rate": 44100, "downmix": "mix", "bit_rate": 32000, "equal_loudness": 0, "md5_encoded": "10c17e01cb7f4fae5941b8b118ce58c9", "codec": "mp3", "replay_gain": -10.0176239014}, "tags": {"tracknumber": ["12"], "albumartist": ["Dead Man's Bones"], "date": ["2009"], "musicbrainz_recordingid": ["07c55e4e-9cee-454c-bb50-6ba025bf69c8"], "file_name": "2146596.mp3", "title": ["Flowers Grow Out of My Grave"], "artist": ["Dead Man's Bones"], "album": ["Dead Man's Bones"], "discnumber": ["1"]}}, "lowlevel": {"melbands": {"dvar": [1.28736783154e-05, 1.80705137609e-05, 1.04557125269e-06, 1.61318405389e-06, 7.89112618804e-07, 1.18664580384e-07, 6.87905981067e-08, 1.15565839565e-07, 1.45315553368e-07, 1.31676003434e-07, 8.73378525057e-08, 3.03554514858e-08, 3.34626228948e-08, 8.89675444427e-09, 4.3742263145e-09, 2.5676065718e-09, 4.03145827832e-09, 9.43529432362e-09, 2.74800848743e-09, 2.46297204853e-09, 5.07671849004e-10, 1.15677613322e-10, 5.66198095353e-11, 9.4098527581e-11, 2.03691230549e-11, 2.11250756471e-11, 2.2604538033e-11, 1.74937234837e-11, 1.31068315923e-11, 2.56880246241e-11, 6.411633377e-12, 1.02858485618e-11, 2.36969416312e-10, 5.28513968701e-11, 2.89268851927e-11, 4.13573064684e-11, 1.92852039893e-10, 1.19373575694e-12, 7.00713087814e-13, 5.95319041459e-13], "mean": [0.00128774624318, 0.00155209982768, 0.000576577906031, 0.000482182309497, 0.000265820359346, 0.000222319547902, 0.000220427507884, 0.000264159578364, 0.000227212760365, 0.000181319235708, 0.000147342929267, 8.35949394968e-05, 7.28395680198e-05, 4.00308454118e-05, 3.5589971958e-05, 3.02808730339e-05, 3.41166269209e-05, 3.30486036546e-05, 2.54257702181e-05, 2.14698156924e-05, 1.03483798739e-05, 6.46889338896e-06, 4.63710512122e-06, 4.99060161019e-06, 3.22237974615e-06, 2.77591175291e-06, 3.1043070976e-06, 2.92579920824e-06, 2.17223919208e-06, 2.4896778541e-06, 1.34353365411e-06, 1.25230781123e-06, 3.79092602998e-06, 2.81065263152e-06, 2.0610939373e-06, 1.91224330592e-06, 3.16682098855e-06, 3.8499641164e-07, 2.70095966926e-07, 2.67227534323e-07], "min": [2.70201426117e-23, 1.08511990587e-23, 1.2907241157e-23, 2.27931655574e-24, 5.20633603519e-24, 9.20233856072e-24, 7.56918664991e-24, 3.19898460133e-24, 8.89140903493e-24, 1.22274071398e-23, 1.06155323853e-23, 1.65479068098e-23, 5.83538397621e-24, 4.64428644529e-24, 5.37382343271e-24, 4.44414612275e-24, 4.76183342548e-24, 1.10601612128e-23, 1.17867115728e-23, 8.96528980301e-24, 8.00879989973e-24, 3.6094299164e-24, 7.41893073557e-24, 1.83557914111e-23, 1.28392579131e-23, 4.61043760714e-24, 1.03827245438e-23, 8.3728994394e-24, 9.74220656526e-24, 7.16945662974e-24, 1.00692690854e-23, 6.80180248284e-24, 6.94934077136e-24, 8.79606099503e-24, 8.72490968569e-24, 6.85049965538e-24, 8.2441888941e-24, 9.30163011628e-24, 9.17017117959e-24, 1.04428775544e-23], "median": [1.30312109832e-05, 8.3115985035e-05, 0.000116459334095, 7.45766155887e-05, 3.90874993172e-05, 4.7965288104e-05, 6.59941724734e-05, 8.19847773528e-05, 5.339558993e-05, 2.82282453554e-05, 2.18407403736e-05, 1.29226700665e-05, 9.66991410678e-06, 7.56478038966e-06, 6.75194951327e-06, 6.66538471705e-06, 5.66112248634e-06, 4.42808322987e-06, 4.35375477537e-06, 3.15917941407e-06, 1.61269713317e-06, 1.18159869089e-06, 8.31281397495e-07, 5.30881266059e-07, 3.91766604935e-07, 2.96153530144e-07, 2.22516320036e-07, 1.57880151619e-07, 7.56135563051e-08, 3.55792906248e-08, 1.66923239675e-08, 1.04493782516e-08, 9.89143522645e-09, 9.85834525125e-09, 6.83611034447e-09, 8.36557845219e-09, 1.15219229713e-08, 5.23558618681e-09, 3.21694626493e-09, 2.40554665076e-09], "dvar2": [3.06103611365e-05, 4.6566427045e-05, 2.62210733126e-06, 4.17518867835e-06, 1.86255692824e-06, 3.16166335779e-07, 1.82846491725e-07, 3.0713704291e-07, 3.73313980617e-07, 3.4653700709e-07, 2.33327227761e-07, 8.69222276378e-08, 9.5180290316e-08, 2.57543515403e-08, 1.15423262059e-08, 7.14641235078e-09, 1.12973781441e-08, 2.5697600492e-08, 7.26038029697e-09, 6.0251656997e-09, 1.42597633701e-09, 3.0937005735e-10, 1.44640716071e-10, 2.45823861267e-10, 5.25024641818e-11, 5.37029969105e-11, 5.60428960183e-11, 4.28275852282e-11, 3.03349081965e-11, 4.82528045298e-11, 1.22429254235e-11, 1.92801469234e-11, 4.82612727559e-10, 1.06380161624e-10, 5.84601395071e-11, 7.6162756657e-11, 3.8225297927e-10, 2.51189954253e-12, 1.70216813734e-12, 1.28846152497e-12], "var": [2.12105223909e-05, 2.2259184334e-05, 1.69046279552e-06, 1.84396469649e-06, 8.48486024552e-07, 1.9210249036e-07, 1.53049541041e-07, 2.30343403018e-07, 2.80623027038e-07, 2.59377202383e-07, 1.81648729836e-07, 5.31564232631e-08, 5.27523731364e-08, 1.44896485921e-08, 9.6379189074e-09, 5.817364368e-09, 8.37292457589e-09, 1.59803281718e-08, 6.11743056211e-09, 6.15291462225e-09, 1.23014387565e-09, 2.6515425966e-10, 1.31299429662e-10, 2.32484975715e-10, 6.41820555036e-11, 5.79139583512e-11, 6.50446085881e-11, 5.06746901385e-11, 3.12594013174e-11, 1.04237306287e-10, 2.11944975459e-11, 2.28741938585e-11, 4.19429629916e-10, 1.46141890256e-10, 7.7251635644e-11, 9.00068838905e-11, 3.428149431e-10, 2.35111517928e-12, 1.11608183632e-12, 1.16552535852e-12], "dmean2": [0.00132317712996, 0.00182673183735, 0.000552018696908, 0.000534407503437, 0.000305480323732, 0.000206758151762, 0.000194703476154, 0.0002293682046, 0.000194702006411, 0.000174650151166, 0.000144950012327, 8.59674983076e-05, 8.10349811218e-05, 4.29698557127e-05, 3.40384685842e-05, 2.8547774491e-05, 3.24843349517e-05, 3.34926880896e-05, 2.28725075431e-05, 1.92453771888e-05, 8.79948493093e-06, 5.71460486753e-06, 3.91482035411e-06, 4.22330776928e-06, 2.45783053288e-06, 2.21948539547e-06, 2.31705212173e-06, 2.15401246351e-06, 1.71290935214e-06, 1.85251712992e-06, 9.92520654108e-07, 1.01480964076e-06, 3.62037008017e-06, 2.18304444388e-06, 1.65189567269e-06, 1.6120551436e-06, 2.9524603633e-06, 3.42553164501e-07, 2.59754614262e-07, 2.3674992633e-07], "max": [0.0630367323756, 0.0752193778753, 0.017092987895, 0.0299674607813, 0.0181965027004, 0.00662499247119, 0.00685888016596, 0.00840243790299, 0.0131765501574, 0.00898188725114, 0.00767631176859, 0.00423443457112, 0.00548644736409, 0.00277251610532, 0.00264463899657, 0.0015243004309, 0.00169382127933, 0.00394850829616, 0.00217682425864, 0.00198077177629, 0.000886969151907, 0.00029292673571, 0.000190135717276, 0.000348375266185, 0.00011877752695, 0.000132687942823, 0.00012813025387, 9.38727462199e-05, 9.76543233264e-05, 0.000286102818791, 8.43799280119e-05, 8.10142009868e-05, 0.00045782289817, 0.000299083563732, 0.000165765828569, 0.000172281288542, 0.000354428630089, 2.35399638768e-05, 1.87961923075e-05, 1.59682476806e-05], "dmean": [0.000816500221845, 0.00110265298281, 0.000345429696608, 0.000327981251758, 0.000191826038645, 0.000131669541588, 0.00012191933638, 0.000147752885823, 0.000124902595417, 0.000109690088721, 8.9316694357e-05, 5.18553097208e-05, 4.84575648443e-05, 2.534648047e-05, 2.0886922357e-05, 1.71481351572e-05, 1.91503277165e-05, 1.97029148694e-05, 1.37054475999e-05, 1.15085886137e-05, 5.29802991878e-06, 3.512596777e-06, 2.40817485064e-06, 2.63643619292e-06, 1.52651489316e-06, 1.36331607337e-06, 1.4495179812e-06, 1.37845859172e-06, 1.11220856525e-06, 1.23161112242e-06, 7.018713859e-07, 7.41045425912e-07, 2.57547003457e-06, 1.51772383106e-06, 1.13464216156e-06, 1.16986473131e-06, 2.14742772187e-06, 2.41888670871e-07, 1.72458854308e-07, 1.63004244769e-07]}, "spectral_decrease": {"dvar": 3.05064606956e-17, "mean": -4.78128825421e-09, "min": -9.51693976958e-08, "median": -1.94378646512e-09, "dvar2": 6.95313199835e-17, "var": 7.26049709386e-17, "dmean2": 2.85626011731e-09, "max": -3.37672484648e-29, "dmean": 1.84341730769e-09}, "spectral_rolloff": {"dvar": 537015.1875, "mean": 1158.48327637, "min": 21.533203125, "median": 839.794921875, "dvar2": 1133181.25, "var": 2134305.75, "dmean2": 493.599212646, "max": 18432.421875, "dmean": 291.274749756}, "melbands_crest": {"dvar": 6.41699171066, "mean": 13.8255205154, "min": 2.76653075218, "median": 12.7100658417, "dvar2": 16.1163692474, "var": 33.6675643921, "dmean2": 4.4801158905, "max": 39.4019927979, "dmean": 2.75011491776}, "barkbands_skewness": {"dvar": 0.495969235897, "mean": 1.79071319103, "min": -5.67315769196, "median": 1.20732665062, "dvar2": 1.09892141819, "var": 3.65363693237, "dmean2": 0.866718709469, "max": 17.1285953522, "dmean": 0.557852089405}, "spectral_centroid": {"dvar": 71612.03125, "mean": 966.730712891, "min": 119.16594696, "median": 813.239868164, "dvar2": 118550.890625, "var": 467409.28125, "dmean2": 226.34324646, "max": 10966.2177734, "dmean": 151.245010376}, "spectral_energyband_middle_low": {"dvar": 7.36718066037e-05, "mean": 0.00805129297078, "min": 2.94566947653e-22, "median": 0.00360736204311, "dvar2": 0.000156581634656, "var": 0.000182316012797, "dmean2": 0.00479452544823, "max": 0.160776883364, "dmean": 0.00314494525082}, "erbbands_crest": {"dvar": 6.00142192841, "mean": 10.4185285568, "min": 2.58862447739, "median": 9.07620620728, "dvar2": 15.221953392, "var": 25.5017223358, "dmean2": 4.26664066315, "max": 31.7963237762, "dmean": 2.65022015572}, "dynamic_complexity": 7.57322978973, "spectral_energyband_low": {"dvar": 0.000354265823262, "mean": 0.00794654153287, "min": 1.4915114304e-22, "median": 0.000513797509484, "dvar2": 0.000854483630974, "var": 0.000553943100385, "dmean2": 0.00787367578596, "max": 0.334817379713, "dmean": 0.00488726748154}, "silence_rate_60dB": {"dvar": 0.0222153943032, "mean": 0.358391612768, "min": 0, "median": 0, "dvar2": 0.0501025505364, "var": 0.229925841093, "dmean2": 0.0454677939415, "max": 1, "dmean": 0.0227305851877}, "erbbands_kurtosis": {"dvar": 8.77787208557, "mean": 1.51297485828, "min": -1.87527561188, "median": 0.228506803513, "dvar2": 21.3517723083, "var": 21.132774353, "dmean2": 2.29017305374, "max": 72.6012496948, "dmean": 1.42962872982}, "spectral_complexity": {"dvar": 7.03782606125, "mean": 12.0211248398, "min": 0, "median": 9, "dvar2": 13.6652603149, "var": 110.061187744, "dmean2": 3.05683469772, "max": 56, "dmean": 1.94871044159}, "barkbands_crest": {"dvar": 5.02656459808, "mean": 10.4728422165, "min": 2.66610836983, "median": 9.37552833557, "dvar2": 12.7450466156, "var": 21.0369300842, "dmean2": 3.9234597683, "max": 25.5217437744, "dmean": 2.41383004189}, "spectral_energy": {"dvar": 0.00045129598584, "mean": 0.0191674251109, "min": 1.04898650887e-20, "median": 0.00787351094186, "dvar2": 0.00101971672848, "var": 0.00112579157576, "dmean2": 0.0111294556409, "max": 0.363390117884, "dmean": 0.00723101152107}, "spectral_spread": {"dvar": 594707677184, "mean": 3510414.5, "min": 920393.3125, "median": 3192088, "dvar2": 855517757440, "var": 3448329469950.0, "dmean2": 549966.75, "max": 40736340, "dmean": 383809.09375}, "spectral_contrast_valleys": {"dvar": [0.129668042064, 0.104657240212, 0.0957205370069, 0.0775111690164, 0.0870364010334, 0.109471812844], "mean": [-8.45344924927, -7.45794916153, -8.25704860687, -8.53029441833, -8.95180511475, -11.8574342728], "min": [-26.7606163025, -27.3810062408, -27.4018135071, -27.5556564331, -27.3154468536, -27.3349952698], "median": [-8.74581336975, -6.97324466705, -7.75978088379, -8.09385108948, -8.69712638855, -12.1351585388], "dvar2": [0.293915748596, 0.205761894584, 0.169584736228, 0.123987056315, 0.118841633201, 0.150950133801], "var": [2.88175940514, 2.9327852726, 3.21946525574, 2.85498023033, 2.49354839325, 2.55828690529], "dmean2": [0.652776300907, 0.540832877159, 0.47021779418, 0.378674924374, 0.293440043926, 0.30093318224], "max": [-4.8185915947, -4.57239151001, -4.98080587387, -4.6929974556, -5.69818878174, -7.83627605438], "dmean": [0.39452624321, 0.332586765289, 0.293974220753, 0.242572516203, 0.202136844397, 0.23192936182]}, "spectral_rms": {"dvar": 1.07281562123e-06, "mean": 0.00331329391338, "min": 3.19906471105e-12, "median": 0.00277154706419, "dvar2": 2.19191770157e-06, "var": 7.72199018684e-06, "dmean2": 0.0008233996341, "max": 0.0188288856298, "dmean": 0.000548966869246}, "barkbands_spread": {"dvar": 40.4346580505, "mean": 14.6191682816, "min": 0.309578061104, "median": 10.7363958359, "dvar2": 81.3517990112, "var": 229.543365479, "dmean2": 5.45322132111, "max": 123.030281067, "dmean": 3.59140992165}, "pitch_salience": {"dvar": 0.00363976554945, "mean": 0.551015973091, "min": 0.0397756434977, "median": 0.574667513371, "dvar2": 0.00908825639635, "var": 0.0199946686625, "dmean2": 0.107514500618, "max": 0.917943954468, "dmean": 0.0659707933664}, "erbbands_skewness": {"dvar": 0.166803717613, "mean": 0.613377869129, "min": -5.44166183472, "median": 0.555443286896, "dvar2": 0.380440354347, "var": 0.889978289604, "dmean2": 0.616957783699, "max": 6.46627759933, "dmean": 0.400182634592}, "spectral_energyband_middle_high": {"dvar": 9.38474477152e-06, "mean": 0.00320351170376, "min": 1.5814003004e-21, "median": 0.00080522877397, "dvar2": 2.57506853814e-05, "var": 4.36236441601e-05, "dmean2": 0.00170621532016, "max": 0.0807647556067, "dmean": 0.00105784949847}, "erbbands": {"dvar": [0.078726708889, 17.0439796448, 47.6940383911, 34.3078193665, 155.796005249, 571.624816895, 659.321411133, 247.496902466, 296.555999756, 1122.94873047, 1708.34448242, 3562.22875977, 3218.45166016, 1486.89624023, 1683.05249023, 514.45489502, 556.74420166, 893.407409668, 2517.1262207, 1418.85754395, 452.48223877, 79.8485641479, 64.6793289185, 29.6152973175, 30.1505222321, 35.3364486694, 27.770149231, 26.7840995789, 126.86239624, 191.751525879, 65.0822753906, 373.033538818, 4.93456888199, 0.758079707623, 0.263359099627, 0.196933344007, 0.0164886750281, 5.39726388524e-05, 6.07181391388e-07, 1.06393882593e-09], "mean": [0.123521886766, 1.19835960865, 2.84356713295, 3.01686024666, 4.92654085159, 7.44930648804, 7.15210437775, 9.73190784454, 13.7574281693, 24.7907352448, 26.2468662262, 29.9807605743, 29.525592804, 19.7941074371, 19.4845027924, 13.7744884491, 14.4203166962, 17.8562831879, 19.1131401062, 18.8540611267, 10.5946187973, 6.12184333801, 5.43618869781, 4.24719524384, 3.91434812546, 4.50180721283, 3.63026189804, 2.98809027672, 3.57500815392, 5.3132147789, 3.36964774132, 4.73810005188, 0.770268797874, 0.322467803955, 0.182905346155, 0.104323364794, 0.0263503007591, 0.00177341792732, 0.000156155292643, 2.70300206466e-05], "min": [3.29184259389e-21, 7.05959878723e-21, 2.24693241331e-20, 8.20158301517e-20, 4.55365738332e-20, 3.37400735694e-20, 1.59346263745e-19, 4.04565662396e-19, 4.92900435107e-19, 3.16152049033e-19, 8.64320815262e-19, 1.80629755322e-18, 2.04940304012e-18, 3.87116308054e-18, 1.98709938279e-18, 1.44978849948e-18, 2.62161060553e-18, 2.69663692106e-18, 7.78715521437e-18, 8.21211180944e-18, 6.73140846855e-18, 4.52229815204e-18, 1.56526063824e-17, 1.63007917279e-17, 8.80377011337e-18, 1.38050091488e-17, 1.52079604072e-17, 1.54792524871e-17, 1.51956651946e-17, 1.43092816113e-17, 1.46474810222e-17, 1.28027160549e-17, 1.37630967343e-17, 1.21461100109e-17, 9.82361018957e-18, 5.69850886483e-18, 3.16702909962e-18, 1.24844219183e-18, 2.93854671839e-19, 3.06688488902e-20], "median": [0.000961997546256, 0.0165626797825, 0.20504386723, 0.564889073372, 0.913830280304, 0.974107265472, 1.09133553505, 2.04914522171, 4.0083026886, 8.37825012207, 7.18443584442, 5.25477027893, 4.65088176727, 3.2964193821, 3.11687779427, 3.1627664566, 3.07073950768, 3.39366579056, 3.13996648788, 2.82682228088, 1.76557826996, 1.186003685, 0.781480252743, 0.538317918777, 0.402114033699, 0.277514159679, 0.115371108055, 0.0392225906253, 0.0201856717467, 0.0183486007154, 0.0134248752147, 0.018085706979, 0.00802254676819, 0.00341367162764, 0.00107290991582, 0.000389873166569, 0.000139842391945, 3.56646924047e-05, 8.21115827421e-06, 9.47391527006e-06], "dvar2": [0.147660717368, 46.2964248657, 114.742752075, 89.7873458862, 394.913909912, 1532.34448242, 1624.68261719, 666.561950684, 767.436584473, 2969.35058594, 4440.44726562, 9324.66992188, 8605.43847656, 4281.9609375, 4749.15820312, 1482.02905273, 1493.5144043, 2486.94042969, 6861.41455078, 3733.01708984, 1237.27819824, 210.874038696, 165.018310547, 75.1224899292, 73.0210800171, 84.442276001, 57.8379974365, 49.6621208191, 236.771697998, 356.78427124, 118.12625885, 711.369262695, 9.21942138672, 1.61414635181, 0.554967939854, 0.418280094862, 0.0369841977954, 0.000126809216454, 1.54055931034e-06, 2.1826844776e-09], "var": [0.189116239548, 19.1243534088, 65.8143692017, 47.732635498, 190.141845703, 559.237609863, 648.504150391, 396.578857422, 641.401367188, 2107.72753906, 3328.51367188, 6801.609375, 6780.19189453, 2732.6418457, 2971.39160156, 1069.87963867, 1351.28601074, 2004.02087402, 4346.44042969, 3220.05908203, 1221.8894043, 210.825927734, 188.345977783, 105.7213974, 100.366729736, 114.447807312, 85.6552429199, 107.3957901, 264.079437256, 514.860473633, 191.287399292, 713.079223633, 11.0518703461, 1.58142614365, 0.550754666328, 0.31493511796, 0.0238266792148, 7.7258409874e-05, 6.92269395586e-07, 2.79113221424e-09], "dmean2": [0.0963919907808, 1.57335948944, 3.29358434677, 3.16035175323, 5.33270931244, 9.31700897217, 8.68028450012, 9.12184810638, 12.3130865097, 21.7394886017, 21.716047287, 28.3768310547, 28.1870555878, 19.5071926117, 20.1929550171, 12.9356575012, 12.3304157257, 15.812994957, 17.3466777802, 16.0737323761, 8.2091960907, 4.7674331665, 4.11644744873, 2.89337158203, 2.62644457817, 3.01037931442, 2.45230507851, 2.01908612251, 2.85965752602, 3.95769786835, 2.39029717445, 4.13280010223, 0.617551028728, 0.265954971313, 0.152274236083, 0.105955317616, 0.0284780152142, 0.00194901495706, 0.000188566351426, 1.57881750056e-05], "max": [5.60908126831, 70.6665420532, 129.534667969, 95.3275146484, 267.680053711, 434.650482178, 549.994567871, 316.64932251, 328.870910645, 972.149047852, 1442.44299316, 1605.48083496, 1474.70861816, 962.519042969, 1129.98071289, 529.903808594, 919.767089844, 713.456115723, 2221.95556641, 1382.49597168, 762.733947754, 270.795684814, 194.266830444, 150.073074341, 163.559921265, 131.120346069, 124.7682724, 199.83996582, 299.001922607, 399.679016113, 224.526535034, 528.124572754, 50.4729194641, 17.0343971252, 17.4626159668, 10.6644182205, 3.29308438301, 0.153781235218, 0.0188889950514, 0.000557838531677], "dmean": [0.0663606077433, 0.910099983215, 2.01179409027, 1.93022656441, 3.32642483711, 5.61185455322, 5.45492649078, 5.77831172943, 7.73016405106, 13.9126186371, 13.9446086884, 17.8356227875, 17.3969135284, 11.7418746948, 12.0402374268, 7.77755355835, 7.52958869934, 9.39357757568, 10.3109407425, 9.71788978577, 4.95108175278, 2.95590806007, 2.58984136581, 1.82398509979, 1.66053974628, 1.94947350025, 1.65314912796, 1.42400538921, 2.14412641525, 2.89641046524, 1.75886392593, 3.07614278793, 0.46183437109, 0.188742920756, 0.106503911316, 0.0740941390395, 0.0199825856835, 0.00133017031476, 0.000123002260807, 1.08774383989e-05]}, "dissonance": {"dvar": 0.000587532354984, "mean": 0.444881021976, "min": 0.138167709112, "median": 0.454215288162, "dvar2": 0.00160501676146, "var": 0.00189460883848, "dmean2": 0.0416645221412, "max": 0.500000059605, "dmean": 0.0245687663555}, "erbbands_flatness_db": {"dvar": 0.000259956490481, "mean": 0.209456592798, "min": 0.0555939637125, "median": 0.203501716256, "dvar2": 0.000538216903806, "var": 0.00438613118604, "dmean2": 0.0236521307379, "max": 0.434657156467, "dmean": 0.0159445945174}, "melbands_kurtosis": {"dvar": 440.090301514, "mean": 21.3040409088, "min": -1.86246466637, "median": 4.56478786469, "dvar2": 997.125488281, "var": 2342.23510742, "dmean2": 13.6382770538, "max": 465.217163086, "dmean": 8.69148540497}, "melbands_spread": {"dvar": 89.4726715088, "mean": 17.4012012482, "min": 0.299473285675, "median": 13.3409538269, "dvar2": 186.269424438, "var": 404.159210205, "dmean2": 7.23300695419, "max": 254.677017212, "dmean": 4.67684745789}, "melbands_skewness": {"dvar": 0.784942030907, "mean": 2.57580065727, "min": -4.14879131317, "median": 1.69138383865, "dvar2": 1.72812199593, "var": 5.95493364334, "dmean2": 1.05297911167, "max": 17.3072681427, "dmean": 0.679965496063}, "spectral_entropy": {"dvar": 0.0313628017902, "mean": 7.10237073898, "min": 4.68384695053, "median": 7.15769481659, "dvar2": 0.0598557293415, "var": 0.405943602324, "dmean2": 0.21811978519, "max": 9.7925491333, "dmean": 0.146631941199}, "zerocrossingrate": {"dvar": 0.000125113103422, "mean": 0.0451872125268, "min": 0.0029296875, "median": 0.0361328125, "dvar2": 0.000124998055981, "var": 0.00165377918165, "dmean2": 0.00771786086261, "max": 0.5, "dmean": 0.0066296113655}, "average_loudness": 0.144269764423, "spectral_contrast_coeffs": {"dvar": [0.00143234967254, 0.00120582955424, 0.000860040890984, 0.000542817462701, 0.000244600436417, 0.000190783495782], "mean": [-0.633272945881, -0.730995118618, -0.775930702686, -0.798732936382, -0.803143084049, -0.795349359512], "min": [-0.975882589817, -0.968728601933, -0.963661968708, -0.96248960495, -0.956889808178, -0.961847066879], "median": [-0.639913797379, -0.730708479881, -0.78092956543, -0.806132912636, -0.804636478424, -0.797117114067], "dvar2": [0.00382964289747, 0.00326226977631, 0.00234569772147, 0.00150555220898, 0.000620051054284, 0.000424401892815], "var": [0.00757719296962, 0.0063348216936, 0.00559202721342, 0.00300978659652, 0.00129788834602, 0.00363776506856], "dmean2": [0.074827760458, 0.0697293505073, 0.0598799698055, 0.0470383763313, 0.0306986570358, 0.0230071246624], "max": [-0.321518719196, -0.389931023121, -0.424867331982, -0.557105243206, -0.643034219742, -0.563423752785], "dmean": [0.0448861047626, 0.0424711890519, 0.0362106822431, 0.0280642677099, 0.0187579859048, 0.0147548792884]}, "barkbands_flatness_db": {"dvar": 0.000480916787637, "mean": 0.194473847747, "min": 0.0262009631842, "median": 0.181039810181, "dvar2": 0.001005539787, "var": 0.00596344145015, "dmean2": 0.0307247191668, "max": 0.49143075943, "dmean": 0.0201521553099}, "silence_rate_30dB": {"dvar": 0.0241553429514, "mean": 0.965617716312, "min": 0, "median": 1, "dvar2": 0.0485451817513, "var": 0.0331970266998, "dmean2": 0.0495482385159, "max": 1, "dmean": 0.0247705094516}, "spectral_energyband_high": {"dvar": 1.50104551722e-06, "mean": 0.00056230078917, "min": 7.46218209836e-21, "median": 6.75299088471e-06, "dvar2": 2.40287135966e-06, "var": 4.43118733529e-06, "dmean2": 0.000327542191371, "max": 0.0300292726606, "dmean": 0.000273580459179}, "melbands_flatness_db": {"dvar": 0.000682822079398, "mean": 0.270353287458, "min": 0.00775911472738, "median": 0.261078685522, "dvar2": 0.0013281989377, "var": 0.0104481382295, "dmean2": 0.0347265638411, "max": 0.623111367226, "dmean": 0.0231643151492}, "barkbands": {"dvar": [2.23181597647e-08, 0.000244127004407, 2.93084685836e-05, 4.83079975311e-06, 3.1419313018e-05, 4.25333155363e-06, 2.62264416051e-06, 2.55481631939e-06, 5.8021055338e-06, 3.38520817422e-06, 1.7144177491e-06, 5.93024594764e-07, 3.62247504881e-07, 7.73155079514e-07, 6.64874221457e-07, 2.7912335554e-07, 2.42367566017e-08, 2.38966748611e-08, 1.09250644087e-08, 1.59493325214e-08, 1.87414954667e-08, 1.691781506e-07, 9.02082604171e-08, 2.73512171134e-07, 4.95910423837e-09, 7.12801329072e-09, 1.54842076661e-11], "mean": [6.26147157163e-05, 0.00495464308187, 0.00247807288542, 0.000904689077288, 0.00204702443443, 0.00111342023592, 0.00130221445579, 0.00108643982094, 0.0013362551108, 0.000837568775751, 0.000498958048411, 0.000365854561096, 0.000317116617225, 0.000398415926611, 0.000346488930518, 0.000236113191932, 0.000100170502265, 9.72544949036e-05, 7.43488999433e-05, 9.49441891862e-05, 8.56532569742e-05, 0.00012036908447, 0.000128509171191, 0.000134687099489, 2.7081621738e-05, 1.78497193701e-05, 6.95248331795e-07], "min": [2.4480469614e-23, 5.52401615929e-23, 1.5915006861e-23, 2.78444296825e-23, 1.00256616434e-23, 4.69976316733e-23, 3.65353355188e-23, 2.06559015515e-23, 8.73902382723e-23, 1.09329431923e-22, 3.98397160786e-23, 3.76325148203e-23, 4.96084993678e-23, 5.46430128204e-23, 1.32891179927e-22, 1.37239078314e-22, 6.20866349023e-23, 3.28102270393e-22, 1.72245885389e-22, 3.24161247528e-22, 3.37947986553e-22, 4.65954413538e-22, 5.20487648474e-22, 7.37139801639e-22, 1.3267207602e-21, 1.48188013295e-21, 2.06792608589e-21], "median": [8.68474489835e-06, 4.83946532768e-05, 0.000212811253732, 0.000161133226356, 0.000319547310937, 0.000221038266318, 0.000380286830477, 0.00028135071625, 0.000229553712416, 0.000124704747577, 6.09716043982e-05, 6.67761487421e-05, 6.19811471552e-05, 5.3442970966e-05, 5.93944714637e-05, 3.60871563316e-05, 1.90405589819e-05, 1.22216360978e-05, 8.52165703691e-06, 5.73211855226e-06, 1.56196529133e-06, 5.51199548227e-07, 4.99235625284e-07, 7.33245542506e-07, 2.267946968e-07, 7.64821805888e-08, 9.15145115243e-09], "dvar2": [5.92252966669e-08, 0.000638249795884, 6.58053395455e-05, 1.31666865855e-05, 7.38812959753e-05, 1.11079361886e-05, 7.06586797605e-06, 6.82531617713e-06, 1.5105158127e-05, 9.16204589885e-06, 4.87510760649e-06, 1.71526664872e-06, 9.99288204184e-07, 2.19903677134e-06, 1.81857467396e-06, 7.06669652573e-07, 6.42820765506e-08, 6.14129049836e-08, 2.6944785958e-08, 3.84307838885e-08, 3.51970044221e-08, 3.25820394664e-07, 1.6668718672e-07, 5.15428894232e-07, 1.04629700459e-08, 1.56047228472e-08, 3.98907469557e-11], "var": [2.9908370891e-08, 0.000318570440868, 4.65220327897e-05, 5.98456017542e-06, 3.90807690565e-05, 5.82038092034e-06, 5.55187170903e-06, 5.26042322235e-06, 1.18697180369e-05, 6.62345473756e-06, 2.67895370598e-06, 1.03075797142e-06, 7.62632168971e-07, 1.48647609421e-06, 1.21597770431e-06, 7.58098394726e-07, 5.52299148637e-08, 6.55661125393e-08, 3.69854014082e-08, 5.06841608683e-08, 7.59486695756e-08, 3.3387465237e-07, 2.78712121826e-07, 5.35701417448e-07, 1.08063744619e-08, 1.06097308716e-08, 1.63688958221e-11], "dmean2": [8.71734810062e-05, 0.00591391976923, 0.0027461333666, 0.00110375799704, 0.00219861650839, 0.00109969393816, 0.00116561353207, 0.000965017068665, 0.00125923950691, 0.000845048809424, 0.000578180246521, 0.000391651876271, 0.000309000344714, 0.000397590367356, 0.000322808715282, 0.000201967573958, 8.57551203808e-05, 7.65170698287e-05, 5.23209273524e-05, 6.38876954326e-05, 5.7143613958e-05, 0.000101757264929, 8.99335645954e-05, 0.000115288436064, 2.17630022235e-05, 1.909925777e-05, 9.53837002271e-07], "max": [0.00313027994707, 0.272904098034, 0.107249930501, 0.0472444966435, 0.114988595247, 0.0447099730372, 0.0543121248484, 0.0422862097621, 0.0610528066754, 0.0496334396303, 0.0398208200932, 0.0198729094118, 0.0233902726322, 0.0228311046958, 0.0310632251203, 0.0198291819543, 0.00462886085734, 0.00446356693283, 0.00336354621686, 0.00272035319358, 0.00582349160686, 0.0119549045339, 0.0095630325377, 0.0138299949467, 0.00177068333142, 0.00198037480004, 8.66093541845e-05], "dmean": [5.12704027642e-05, 0.00348921190016, 0.00171129358932, 0.000654101313557, 0.00140421860851, 0.000695061753504, 0.000731352774892, 0.00061752460897, 0.000795723579358, 0.000518153363373, 0.000344374013366, 0.000232175647398, 0.000186579636647, 0.000233042403124, 0.00019195425557, 0.000120427393995, 5.27711636096e-05, 4.79463051306e-05, 3.26186745951e-05, 4.1453018639e-05, 3.93418995372e-05, 7.52246851334e-05, 6.54624600429e-05, 8.62635861267e-05, 1.54990611918e-05, 1.33440471473e-05, 6.03093099016e-07]}, "erbbands_spread": {"dvar": 80.5660934448, "mean": 30.1336097717, "min": 0.855452358723, "median": 21.6782035828, "dvar2": 176.637420654, "var": 476.286834717, "dmean2": 9.76824569702, "max": 142.341934204, "dmean": 6.43483161926}, "barkbands_kurtosis": {"dvar": 160.523605347, "mean": 10.1837015152, "min": -1.91637253761, "median": 1.99054193497, "dvar2": 388.724761963, "var": 705.493103027, "dmean2": 7.6730298996, "max": 376.419830322, "dmean": 4.81199073792}, "spectral_flux": {"dvar": 0.000741912808735, "mean": 0.0540825948119, "min": 1.02420044668e-10, "median": 0.0377986803651, "dvar2": 0.00165799271781, "var": 0.00327200372703, "dmean2": 0.0231582392007, "max": 0.452804028988, "dmean": 0.0148619804531}, "silence_rate_20dB": {"dvar": 0, "mean": 1, "min": 1, "median": 1, "dvar2": 0, "var": 0, "dmean2": 0, "max": 1, "dmean": 0}, "gfcc": {"cov": [[21585.6542969, 1171.31652832, -2413.48388672, 87.2016983032, -2108.01293945, 971.211120605, 225.163345337, -391.548156738, 86.2267074585, 476.401855469, -49.1287460327, 0.552910089493, 557.264892578], [1171.31652832, 2620.77392578, -939.692626953, -865.825805664, 296.948974609, -627.39263916, 224.996429443, -246.320053101, 194.004333496, -152.111709595, 188.688659668, -303.65246582, 145.068450928], [-2413.48388672, -939.692626953, 2714.94165039, 1114.21203613, 351.989654541, 462.055908203, -21.5107116699, 305.908630371, 8.4858455658, 67.1464157104, 3.20354652405, 374.398406982, -334.946990967], [87.2016983032, -865.825805664, 1114.21203613, 942.283447266, 41.7503700256, 382.76373291, 29.4979667664, 136.205001831, -4.71830844879, 97.0321044922, -4.05708837509, 222.575866699, -84.1645050049], [-2108.01293945, 296.948974609, 351.989654541, 41.7503700256, 611.297851562, -181.858535767, 82.3484191895, 64.8969192505, 23.9459457397, -103.494598389, 43.7590522766, -15.6324129105, -58.9834251404], [971.211120605, -627.39263916, 462.055908203, 382.76373291, -181.858535767, 508.846130371, 30.7716999054, 106.68862915, -0.453524708748, 119.624290466, -1.86059463024, 142.746994019, -30.1797275543], [225.163345337, 224.996429443, -21.5107116699, 29.4979667664, 82.3484191895, 30.7716999054, 240.550598145, 23.3802013397, 53.1998023987, 9.83315086365, 29.9602375031, -15.279209137, 27.0753879547], [-391.548156738, -246.320053101, 305.908630371, 136.205001831, 64.8969192505, 106.68862915, 23.3802013397, 183.801544189, 17.5224876404, 9.00654029846, -16.8472728729, 27.6165065765, -43.8703956604], [86.2267074585, 194.004333496, 8.4858455658, -4.71830844879, 23.9459457397, -0.453524708748, 53.1998023987, 17.5224876404, 148.588867188, 48.750213623, 41.7185668945, 4.70130300522, -2.5076406002], [476.401855469, -152.111709595, 67.1464157104, 97.0321044922, -103.494598389, 119.624290466, 9.83315086365, 9.00654029846, 48.750213623, 127.065322876, 38.6400032043, 49.6242179871, -1.05412113667], [-49.1287460327, 188.688659668, 3.20354652405, -4.05708837509, 43.7590522766, -1.86059463024, 29.9602375031, -16.8472728729, 41.7185668945, 38.6400032043, 122.362670898, 27.7543010712, 15.7806863785], [0.552910089493, -303.65246582, 374.398406982, 222.575866699, -15.6324129105, 142.746994019, -15.279209137, 27.6165065765, 4.70130300522, 49.6242179871, 27.7543010712, 159.717895508, -18.4288311005], [557.264892578, 145.068450928, -334.946990967, -84.1645050049, -58.9834251404, -30.1797275543, 27.0753879547, -43.8703956604, -2.5076406002, -1.05412113667, 15.7806863785, -18.4288311005, 126.128372192]], "mean": [-129.504653931, 128.04776001, -119.506248474, 15.9977359772, -51.0532112122, 1.93510878086, -37.2507247925, 5.32986307144, -15.7561321259, -4.60985136032, -13.1480398178, -12.2659606934, -13.7002058029], "icov": [[0.000152903347043, -0.000383537408197, 0.000275528087514, -0.000398629810661, 0.000386272440664, -0.00033245087252, 5.37572159374e-05, -0.000166569239809, 0.000299047736917, -0.000348601810401, 0.000541336950846, -0.000430131331086, 0.000135328169563], [-0.000383537408197, 0.00232190033421, -0.00121378654148, 0.00187538273167, -0.000946977001149, 0.00124700216111, -0.000988250249065, 0.00170321925543, -0.00231337500736, 0.00216873572208, -0.00314698065631, 0.00281813670881, -0.00151019275654], [0.000275528087514, -0.00121378654148, 0.00215851492248, -0.00205559027381, 0.00023227345082, -0.000841896981001, 0.000519585330039, -0.0014636995038, 0.00111127935816, -0.000653844093904, 0.00156674790196, -0.00316022825427, 0.00318457442336], [-0.000398629810661, 0.00187538273167, -0.00205559027381, 0.0044064396061, -0.00124210619833, 0.000235608604271, -0.000999737996608, 0.00141886842903, -0.00139219115954, 0.000686270243023, -0.00173085264396, 0.00143169309013, -0.00232677324675], [0.000386272440664, -0.000946977001149, 0.00023227345082, -0.00124210619833, 0.00418879603967, 0.000608720001765, -0.000944933388382, -0.00142735044938, 0.000442784075858, 0.00158881768584, -0.000450517894933, -0.000914415577427, 0.000926262931898], [-0.00033245087252, 0.00124700216111, -0.000841896981001, 0.000235608604271, 0.000608720001765, 0.00556647405028, -0.00150277803186, -0.00119887816254, -4.25807738793e-05, -0.000936942640692, -0.00152331136633, -0.000322367646731, -0.000386929110391], [5.37572159374e-05, -0.000988250249065, 0.000519585330039, -0.000999737996608, -0.000944933388382, -0.00150277803186, 0.00602378649637, -0.00098814512603, -0.000678327924106, -0.000732645450626, 0.000708437815774, 0.000315892801154, -0.000888530281372], [-0.000166569239809, 0.00170321925543, -0.0014636995038, 0.00141886842903, -0.00142735044938, -0.00119887816254, -0.00098814512603, 0.00943974964321, -0.00302795413882, 0.00175948056858, -0.000740565767046, 0.0034450753592, -0.00107159395702], [0.000299047736917, -0.00231337500736, 0.00111127935816, -0.00139219115954, 0.000442784075858, -4.25807738793e-05, -0.000678327924106, -0.00302795413882, 0.0118564348668, -0.00666573038325, 0.00162069615908, -0.00282801431604, 0.00221495213918], [-0.000348601810401, 0.00216873572208, -0.000653844093904, 0.000686270243023, 0.00158881768584, -0.000936942640692, -0.000732645450626, 0.00175948056858, -0.00666573038325, 0.0180144049227, -0.00731675839052, 0.00120896624867, 0.000165587698575], [0.000541336950846, -0.00314698065631, 0.00156674790196, -0.00173085264396, -0.000450517894933, -0.00152331136633, 0.0007084378157