{"tonal": {"chords_key": "D", "hpcp_entropy": {"dmean": 0.692463636398, "dmean2": 1.15648436546, "max": 4.45492076874, "dvar": 0.311936795712, "mean": 2.0971031189, "dvar2": 0.848775982857, "min": 0, "var": 0.628171384335, "median": 2.10969209671}, "key_key": "D", "chords_strength": {"dmean": 0.01247601863, "dmean2": 0.0147993238643, "max": 0.755739450455, "dvar": 0.000113848320325, "mean": 0.520197093487, "dvar2": 0.000182854608283, "min": 0.278714686632, "var": 0.00668668560684, "median": 0.526042461395}, "key_scale": "minor", "chords_number_rate": 0.00210859254003, "thpcp": [1, 0.97219312191, 0.636838853359, 0.576744198799, 0.510814070702, 0.34557300806, 0.24388602376, 0.242664545774, 0.267476290464, 0.260797947645, 0.22840757668, 0.231350243092, 0.255584359169, 0.276181429625, 0.37711584568, 0.626232624054, 0.657955884933, 0.401791363955, 0.246453851461, 0.209333121777, 0.215110853314, 0.247002393007, 0.220617666841, 0.213295042515, 0.257140129805, 0.213620975614, 0.206769987941, 0.247670829296, 0.206382662058, 0.189771100879, 0.213708028197, 0.202837392688, 0.197170689702, 0.215172663331, 0.247597798705, 0.516799986362], "key_strength": 0.750988066196, "tuning_nontempered_energy_ratio": 0.878579199314, "tuning_frequency": 434.695007324, "chords_changes_rate": 0.0922509208322, "tuning_diatonic_strength": 0.701085269451, "chords_scale": "minor", "chords_histogram": [36.452293396, 0.474433302879, 4.13811302185, 0, 0, 0.711649954319, 1.47601473331, 20.2424888611, 2.00316286087, 9.85766983032, 0, 0, 0.158144444227, 0, 0, 0.158144444227, 0.131787031889, 0, 0.316288888454, 0, 0, 0.869794428349, 11.8344755173, 11.1755399704], "tuning_equal_tempered_deviation": 0.19447414577, "hpcp": {"dmean": [0.18527059257, 0.223197743297, 0.200539499521, 0.163616582751, 0.162882477045, 0.147142589092, 0.110889427364, 0.111281253397, 0.116906173527, 0.114634439349, 0.100350283086, 0.101079903543, 0.105885982513, 0.113035537302, 0.13942040503, 0.155647486448, 0.144816070795, 0.130927547812, 0.102278329432, 0.0898684710264, 0.0922062620521, 0.0886680558324, 0.0772281959653, 0.0738196223974, 0.0850077643991, 0.077933780849, 0.0791499689221, 0.0870091244578, 0.0807147175074, 0.0870435163379, 0.0977142602205, 0.0925549417734, 0.0891453921795, 0.096849411726, 0.107480473816, 0.15771445632], "dmean2": [0.322985708714, 0.386358648539, 0.352068990469, 0.287087112665, 0.29218941927, 0.269906669855, 0.203083455563, 0.204762086272, 0.213644206524, 0.207451075315, 0.1817586869, 0.182614594698, 0.189367055893, 0.202304363251, 0.246460139751, 0.269164383411, 0.248405382037, 0.228947043419, 0.182954922318, 0.161210268736, 0.165351837873, 0.157656162977, 0.134706065059, 0.128401368856, 0.146517291665, 0.137844845653, 0.139137193561, 0.149112969637, 0.141309455037, 0.157889917493, 0.178757950664, 0.169159144163, 0.163322389126, 0.176543191075, 0.19417373836, 0.277066677809], "max": [1, 1, 1, 1, 1, 1, 1, 1, 1, 1, 1, 1, 1, 1, 1, 1, 1, 1, 1, 1, 1, 1, 1, 1, 1, 1, 1, 1, 1, 1, 1, 1, 1, 1, 1, 1], "dvar": [0.0706647783518, 0.0690201297402, 0.0654101967812, 0.0610937736928, 0.0687763094902, 0.0627975687385, 0.0462045371532, 0.051776651293, 0.0524940155447, 0.0496995784342, 0.0431931577623, 0.0414157286286, 0.0418796688318, 0.0443433187902, 0.0495625697076, 0.0551798306406, 0.0556345432997, 0.0468825027347, 0.0389405526221, 0.0351914726198, 0.0374759994447, 0.0332388393581, 0.0265373960137, 0.0240818411112, 0.0318970866501, 0.0283161941916, 0.0269551798701, 0.0328903570771, 0.0301346909255, 0.0370383895934, 0.0447299703956, 0.0415460579097, 0.0375298410654, 0.041494589299, 0.0416480153799, 0.0517747960985], "mean": [0.333885520697, 0.324601203203, 0.212631270289, 0.192566543818, 0.170553430915, 0.11538182199, 0.0814300104976, 0.0810221806169, 0.0893064588308, 0.0870766565204, 0.0762619823217, 0.0772444978356, 0.0853359177709, 0.0922129824758, 0.125913515687, 0.209090009332, 0.219681933522, 0.134152323008, 0.0822873711586, 0.0698933005333, 0.0718223974109, 0.0824705213308, 0.07366104424, 0.0712161287665, 0.0858553647995, 0.0713249519467, 0.0690375044942, 0.0826937034726, 0.0689081847668, 0.0633618235588, 0.0713540166616, 0.0677244663239, 0.0658324360847, 0.0718430355191, 0.0826693177223, 0.172552034259], "dvar2": [0.161594867706, 0.174223467708, 0.172218859196, 0.155072063208, 0.177889600396, 0.170310124755, 0.12559376657, 0.142446503043, 0.144298374653, 0.137218207121, 0.118718855083, 0.114409483969, 0.112848885357, 0.118630357087, 0.132656395435, 0.138847500086, 0.135458931327, 0.124575644732, 0.103085227311, 0.0941646769643, 0.103454217315, 0.0892347693443, 0.0710631608963, 0.0652465000749, 0.0835877731442, 0.0771648734808, 0.0734805464745, 0.0836820974946, 0.0811163857579, 0.10207914561, 0.123460270464, 0.115351982415, 0.104770451784, 0.114457212389, 0.112113364041, 0.134703785181], "min": [0, 0, 0, 0, 0, 0, 0, 0, 0, 0, 0, 0, 0, 0, 0, 0, 0, 0, 0, 0, 0, 0, 0, 0, 0, 0, 0, 0, 0, 0, 0, 0, 0, 0, 0, 0], "var": [0.155161306262, 0.125328779221, 0.0803880468011, 0.0945967659354, 0.0868710353971, 0.0533931292593, 0.0360080674291, 0.0394503138959, 0.0420680120587, 0.0396920107305, 0.0343144051731, 0.0320569686592, 0.033608134836, 0.0370559021831, 0.0478975921869, 0.0925270467997, 0.110681980848, 0.0505057051778, 0.0337813086808, 0.0293042995036, 0.0293731540442, 0.0335969105363, 0.0278157871217, 0.0213382355869, 0.0336222201586, 0.0242457967252, 0.0237947646528, 0.0363524109125, 0.0258795842528, 0.0274417269975, 0.0333089567721, 0.0312548130751, 0.0285666286945, 0.0322984755039, 0.0349323712289, 0.0618662126362], "median": [0.1057741642, 0.149465948343, 0.0785753950477, 0.0269966479391, 0.0186041891575, 0.0105573609471, 0.00649002194405, 0.00709215831012, 0.00864648073912, 0.00807490758598, 0.00703089963645, 0.0104946158826, 0.0139406882226, 0.0154186766595, 0.0271356739104, 0.0433000288904, 0.0401744022965, 0.0226306803524, 0.00907947216183, 0.00585303455591, 0.0090070720762, 0.00962306372821, 0.00773207936436, 0.0139213772491, 0.0110754109919, 0.0110397459939, 0.00884157977998, 0.00797234475613, 0.00791867636144, 0.00681356759742, 0.00710937706754, 0.00585377588868, 0.00606352137402, 0.00686882762238, 0.00912347249687, 0.0441528446972]}}, "lowlevel": {"melbands_flatness_db": {"dmean": 0.0322091467679, "dmean2": 0.0439955815673, "max": 0.500567615032, "dvar": 0.00104969996028, "mean": 0.261240690947, "dvar2": 0.00186631164979, "min": 0.00808127131313, "var": 0.00747463107109, "median": 0.259377658367}, "melbands_crest": {"dmean": 3.4651684761, "dmean2": 5.3317155838, "max": 33.6928863525, "dvar": 9.65829181671, "mean": 15.9740114212, "dvar2": 22.5652484894, "min": 2.03237199783, "var": 35.4918708801, "median": 15.1866521835}, "spectral_entropy": {"dmean": 0.235320463777, "dmean2": 0.323005616665, "max": 9.78862190247, "dvar": 0.0631197914481, "mean": 7.26171302795, "dvar2": 0.10671825707, "min": 4.9065527916, "var": 0.409601062536, "median": 7.26790952682}, "melbands": {"dmean": [5.08908051415e-05, 0.000243669113843, 0.000291109870886, 0.000231836384046, 0.000239243207034, 0.000190105783986, 0.000238868160523, 0.000185335622518, 0.000124385085655, 6.26996916253e-05, 4.06912768085e-05, 5.14277999173e-05, 5.83350083616e-05, 5.25506984559e-05, 3.46412962244e-05, 2.29356683121e-05, 1.18200496217e-05, 1.07056976049e-05, 6.60862770019e-06, 5.51547464056e-06, 6.34044954495e-06, 8.28300380817e-06, 5.68681798541e-06, 2.68680014415e-06, 3.4642873743e-06, 4.59221064375e-06, 2.68716212304e-06, 1.97035001293e-06, 2.66229244517e-06, 2.04087928068e-06, 2.4944499728e-06, 2.28115595746e-06, 3.09937331622e-06, 5.89501541981e-06, 3.98366091758e-06, 4.56545740235e-06, 3.64775610251e-06, 1.8817330556e-06, 8.02406191269e-07, 3.31609072646e-07], "dmean2": [7.83012001193e-05, 0.0003475350386, 0.000397417636123, 0.000314628938213, 0.000335248070769, 0.00027056215913, 0.00035973903141, 0.000283046072582, 0.000187372628716, 9.06596324057e-05, 6.08026712143e-05, 7.5567390013e-05, 8.80840816535e-05, 7.47620433685e-05, 5.10274658154e-05, 3.3952321246e-05, 1.80947681656e-05, 1.63544573297e-05, 1.01949553937e-05, 7.82210645411e-06, 9.11923234526e-06, 1.24971429614e-05, 8.54212976265e-06, 4.02558316637e-06, 4.95391032018e-06, 6.5644753704e-06, 3.89240631193e-06, 2.92402842206e-06, 3.9965666474e-06, 3.02864737023e-06, 3.73289321942e-06, 3.34464243679e-06, 4.64207323603e-06, 8.52738321555e-06, 5.81033054914e-06, 6.70591634844e-06, 5.35570916327e-06, 2.75622141999e-06, 1.16726641863e-06, 4.95590995797e-07], "max": [0.00405163504183, 0.0089712543413, 0.0167695116252, 0.0231529511511, 0.0389125868678, 0.0277692191303, 0.0290598031133, 0.0196892693639, 0.0171387940645, 0.00783692952245, 0.00450080353767, 0.0111222071573, 0.0123170828447, 0.00874437391758, 0.0055060624145, 0.00336832599714, 0.00226545822807, 0.00287047983147, 0.0010071399156, 0.000585161615163, 0.000639078440145, 0.00122588791419, 0.000899554754142, 0.000265781272901, 0.00108709919732, 0.0014097179519, 0.00154164014384, 0.000862812856212, 0.00131616485305, 0.000550010707229, 0.000271213124506, 0.000371725735022, 0.000369468907593, 0.00213363440707, 0.000705125858076, 0.00125812296756, 0.000616256264038, 0.000296010344755, 0.000148591047036, 6.72143651173e-05], "dvar": [1.02348431952e-08, 1.85622127447e-07, 4.65154187168e-07, 4.24426161771e-07, 1.03170157217e-06, 6.17657747171e-07, 1.23439451727e-06, 5.88309831073e-07, 3.02280085407e-07, 7.62939293963e-08, 4.06485298754e-08, 8.25120523018e-08, 1.62683107874e-07, 9.89169208765e-08, 3.42856552038e-08, 1.49121017756e-08, 4.34549551898e-09, 3.61073682065e-09, 1.22116117218e-09, 4.99708607826e-10, 5.96514171392e-10, 1.45473322277e-09, 4.90693818911e-10, 1.09810681381e-10, 5.39705669045e-10, 7.27843452175e-10, 4.72316352695e-10, 2.57824345207e-10, 3.41208922228e-10, 1.35210953545e-10, 7.65173618911e-11, 6.74452230176e-11, 1.97356020415e-10, 1.29161814577e-09, 4.56847421004e-10, 7.64809993115e-10, 3.85244891543e-10, 1.05750623536e-10, 1.9090017761e-11, 3.41694272703e-12], "mean": [0.000133579858812, 0.000486599950818, 0.000537421437912, 0.000434439600212, 0.000350599584635, 0.000264721747953, 0.000287880888209, 0.000204564305022, 0.000152841734234, 7.62187191867e-05, 5.12770384375e-05, 6.28977504675e-05, 6.16858815192e-05, 6.13860538579e-05, 3.91655703424e-05, 2.57159626926e-05, 1.30748348965e-05, 1.23914605865e-05, 7.64739615988e-06, 6.88756517775e-06, 8.38472624309e-06, 1.02568546936e-05, 7.46478553992e-06, 3.56553778147e-06, 4.34312096331e-06, 6.34880643702e-06, 3.33043749379e-06, 2.65361290985e-06, 3.66558356291e-06, 2.7586734177e-06, 3.54360895471e-06, 3.40181782121e-06, 4.57964597445e-06, 8.83092434378e-06, 6.45910040475e-06, 6.82837116983e-06, 5.54141115572e-06, 3.02590979118e-06, 1.33542482672e-06, 5.31893761035e-07], "dvar2": [2.30862990946e-08, 4.241862257e-07, 8.07301034911e-07, 6.68222355671e-07, 2.16472562897e-06, 1.18456773635e-06, 2.74835110758e-06, 1.36591643241e-06, 6.59766556055e-07, 1.62055684427e-07, 9.37299589054e-08, 1.81023352752e-07, 3.98582045591e-07, 1.9855970379e-07, 7.70940928874e-08, 3.17705683983e-08, 9.80902559178e-09, 7.76418040971e-09, 2.7813387149e-09, 9.84831660666e-10, 1.25275112506e-09, 3.35739414048e-09, 1.02174768646e-09, 2.4273799637e-10, 1.05437758524e-09, 1.0859938504e-09, 9.22738663256e-10, 5.44679745751e-10, 6.41619590791e-10, 2.82527751194e-10, 1.6805419556e-10, 1.45939621499e-10, 4.19048296063e-10, 2.78624745498e-09, 8.82652173573e-10, 1.70048741754e-09, 7.54948548121e-10, 2.10501990838e-10, 3.57914982374e-11, 6.86670121805e-12], "min": [1.13273996773e-23, 7.33962654877e-24, 1.25291243479e-23, 7.24044070057e-24, 5.70715858037e-24, 2.77221164047e-24, 4.67439647718e-24, 1.52436862307e-23, 1.65659243929e-23, 9.38259643301e-24, 3.53969027364e-24, 5.61023084651e-24, 5.20426054215e-24, 3.30989666967e-24, 2.64223576228e-24, 5.90047446722e-24, 1.19399604254e-23, 1.89121276759e-23, 1.06096490607e-23, 5.74373056636e-24, 1.14754925351e-23, 8.86855652336e-24, 1.512402392e-23, 1.69591904868e-23, 8.64716034373e-24, 5.00300437586e-24, 5.6088227298e-24, 1.04014954891e-23, 8.72013076632e-24, 1.00042125154e-23, 1.72146820236e-23, 1.07367321859e-23, 8.93411402003e-24, 9.62152741284e-24, 5.66031404766e-24, 1.05733780251e-23, 1.18950426855e-23, 8.16343635868e-24, 1.08448337401e-23, 1.15668615606e-23], "var": [5.21617202764e-08, 4.86896226448e-07, 1.37847075621e-06, 1.4014063936e-06, 1.76654862116e-06, 1.28877843508e-06, 1.8503510546e-06, 8.04081253136e-07, 5.19532193266e-07, 1.17022452173e-07, 6.49287628107e-08, 1.30352020733e-07, 1.77843190841e-07, 1.6160282712e-07, 5.04259993761e-08, 2.06729708907e-08, 6.92823842741e-09, 4.99703212142e-09, 1.52104584483e-09, 8.65418459117e-10, 1.0590731625e-09, 2.21771778719e-09, 8.31605395657e-10, 1.88649429411e-10, 1.04597519535e-09, 1.89126181382e-09, 6.93378354732e-10, 4.11709083492e-10, 8.73563443804e-10, 2.39884168085e-10, 1.41909928253e-10, 1.65309918532e-10, 4.24906859697e-10, 2.70515276846e-09, 1.15895038011e-09, 1.55510515576e-09, 9.14819275888e-10, 2.94874569207e-10, 5.9496373106e-11, 8.71484655274e-12], "median": [5.94780503889e-05, 0.000217863766011, 0.000144050063682, 7.61622941354e-05, 3.29915310431e-05, 9.40782229009e-06, 8.057299965e-06, 3.14188196171e-06, 1.80284712314e-06, 6.68767313527e-07, 4.8192180202e-07, 7.91309048509e-07, 3.53655678964e-07, 3.46998916712e-07, 2.8976211297e-07, 2.03407026333e-07, 1.60417826578e-07, 4.57237689488e-07, 4.24408568733e-07, 2.24677592087e-07, 5.74810599119e-07, 5.67803624563e-07, 5.97155178639e-07, 3.54524900104e-07, 4.00296187308e-07, 4.82045152239e-07, 2.8607436775e-07, 9.12302766665e-08, 1.15666409783e-07, 1.39871801252e-07, 1.7286123466e-07, 2.20864976086e-07, 2.03072673344e-07, 1.84696901329e-07, 1.23888654002e-07, 1.20882404531e-07, 1.15717142535e-07, 4.69605900832e-08, 4.36558806882e-08, 2.13214974565e-08]}, "silence_rate_60dB": {"dmean": 0.0959662571549, "dmean2": 0.191957816482, "max": 1, "dvar": 0.0867616012692, "mean": 0.396072238684, "dvar2": 0.170411780477, "min": 0, "var": 0.239196687937, "median": 0}, "spectral_energyband_middle_high": {"dmean": 0.0014309650287, "dmean2": 0.00188880437054, "max": 0.125351801515, "dvar": 2.27112432185e-05, "mean": 0.00238137552515, "dvar2": 4.06606959586e-05, "min": 1.37574120794e-21, "var": 6.59534562146e-05, "median": 0.000130047046696}, "erbbands_skewness": {"dmean": 0.695657432079, "dmean2": 0.969127953053, "max": 7.53204393387, "dvar": 0.641405403614, "mean": 0.313008219004, "dvar2": 1.04544830322, "min": -7.9322013855, "var": 3.5587003231, "median": 0.42876496911}, "dynamic_complexity": 7.80625009537, "dissonance": {"dmean": 0.0235785227269, "dmean2": 0.0362740904093, "max": 0.499971389771, "dvar": 0.000794561929069, "mean": 0.44677361846, "dvar2": 0.00180761842057, "min": 0.165932267904, "var": 0.00268199923448, "median": 0.463284671307}, "spectral_skewness": {"dmean": 0.285245716572, "dmean2": 0.404583990574, "max": 4.68444299698, "dvar": 0.0844096615911, "mean": 1.36304807663, "dvar2": 0.152594804764, "min": -0.651286840439, "var": 0.52681517601, "median": 1.32802248001}, "spectral_kurtosis": {"dmean": 1.57970798016, "dmean2": 2.49146604538, "max": 33.5396347046, "dvar": 3.78068995476, "mean": 3.4721326828, "dvar2": 9.22776889801, "min": -1.20518219471, "var": 11.7910413742, "median": 2.53918457031}, "gfcc": {"cov": [[12703.6230469, 666.443115234, -1603.2857666, -721.265380859, -1121.3840332, -574.322814941, -62.7467842102, -672.427856445, 50.1478767395, 121.44757843, -128.343261719, -84.8203964233, -113.051277161], [666.443115234, 2755.42504883, -96.1652069092, -835.483703613, 67.7595977783, -596.460632324, 30.8899250031, -136.445632935, 103.566108704, -177.881744385, 39.3078956604, -31.3256931305, 53.0170211792], [-1603.2857666, -96.1652069092, 1500.85571289, 759.878662109, -0.827634513378, 43.6363067627, -201.458404541, 2.68911004066, 92.5927658081, -65.1929321289, 89.3939666748, 111.660713196, -20.1157455444], [-721.265380859, -835.483703613, 759.878662109, 1174.46350098, 174.952346802, 52.381401062, -230.346160889, -29.7126541138, 25.5390052795, -5.0945687294, 48.1933708191, 73.5989074707, 15.3059978485], [-1121.3840332, 67.7595977783, -0.827634513378, 174.952346802, 495.161560059, 112.266265869, -53.9695243835, 55.4393081665, -47.5960578918, -10.1466236115, 15.6048107147, -5.93788051605, 9.40543746948], [-574.322814941, -596.460632324, 43.6363067627, 52.381401062, 112.266265869, 545.84979248, 110.17565155, 79.6382141113, -68.3681564331, 63.8414344788, 36.0612678528, -25.0062160492, -28.5777416229], [-62.7467842102, 30.8899250031, -201.458404541, -230.346160889, -53.9695243835, 110.17565155, 320.423583984, 98.7534179688, -67.2871932983, -22.5724925995, -14.3355932236, -19.9744186401, 26.9207820892], [-672.427856445, -136.445632935, 2.68911004066, -29.7126541138, 55.4393081665, 79.6382141113, 98.7534179688, 289.716339111, 13.3327760696, -25.2204532623, -2.93354249001, 16.2833614349, -4.031001091], [50.1478767395, 103.566108704, 92.5927658081, 25.5390052795, -47.5960578918, -68.3681564331, -67.2871932983, 13.3327760696, 170.082565308, 32.8442611694, -7.01622009277, -11.4971590042, -18.4572753906], [121.44757843, -177.881744385, -65.1929321289, -5.0945687294, -10.1466236115, 63.8414344788, -22.5724925995, -25.2204532623, 32.8442611694, 180.817977905, 20.9472885132, -33.764251709, -47.6651802063], [-128.343261719, 39.3078956604, 89.3939666748, 48.1933708191, 15.6048107147, 36.0612678528, -14.3355932236, -2.93354249001, -7.01622009277, 20.9472885132, 110.461486816, 20.0575046539, -14.6364583969], [-84.8203964233, -31.3256931305, 111.660713196, 73.5989074707, -5.93788051605, -25.0062160492, -19.9744186401, 16.2833614349, -11.4971590042, -33.764251709, 20.0575046539, 115.905319214, 15.33502388], [-113.051277161, 53.0170211792, -20.1157455444, 15.3059978485, 9.40543746948, -28.5777416229, 26.9207820892, -4.031001091, -18.4572753906, -47.6651802063, -14.6364583969, 15.33502388, 111.738746643]], "mean": [-135.160171509, 84.4814071655, -91.7994613647, 70.2647094727, -66.4503707886, 15.4974451065, -49.048324585, 5.94077062607, -18.2484645844, -9.07297420502, -12.4819698334, -2.50639820099, -9.66354942322], "icov": [[0.000163152944879, -0.000154622917762, 0.000313622585963, -0.000254428421613, 0.000500477966852, -0.000147267259308, 0.000125862716231, 0.000187452416867, 5.99965496804e-05, -1.9125694962e-05, 0.000168668950209, -0.000138173461892, 0.000269201147603], [-0.000154622917762, 0.00136932777241, -0.000870016694535, 0.00153892766684, -0.00158540764824, 0.00149923551362, -0.000704755249899, 0.000648231070954, -0.000956887612119, 0.000878431776073, -0.00138093857095, 0.00061530986568, -0.000512184284162], [0.000313622585963, -0.000870016694535, 0.00208601821214, -0.00179977947846, 0.00178145733662, -0.00118503673002, 0.000749433005694, -5.1821803936e-05, -0.000113588415843, 0.000308392045554, 0.000249902601354, -0.000997242052108, 0.000999103183858], [-0.000254428421613, 0.00153892766684, -0.00179977947846, 0.0032912902534, -0.00237575336359, 0.00155491824262, -0.000133141118567, 0.000589205825236, -0.000787786324508, 0.000579861109145, -0.00140856963117, 0.000480912334751, -0.0012447363697], [0.000500477966852, -0.00158540764824, 0.00178145733662, -0.00237575336359, 0.00512721808627, -0.0021999233868, 0.00189604551997, -0.000952786940616, 0.0017872346798, -0.000498326437082, 0.00131469767075, -0.000311464566039, 0.000716932117939], [-0.000147267259308, 0.00149923551362, -0.00118503673002, 0.00155491824262, -0.0021999233868, 0.00420752493665, -0.00173724908382, 0.000292669486953, -6.88404761604e-05, -0.000162148819072, -0.00190693209879, 0.00119416648522, -9.05087072169e-05], [0.000125862716231, -0.000704755249899, 0.000749433005694, -0.000133141118567, 0.00189604551997, -0.00173724908382, 0.00575626827776, -0.00204852339812, 0.00223083794117, -4.27688573836e-05, 0.000761085771956, 0.000484513380798, -0.00106631079689], [0.000187452416867, 0.000648231070954, -5.1821803936e-05, 0.000589205825236, -0.000952786940616, 0.000292669486953, -0.00204852339812, 0.00533111393452, -0.00212703179568, 0.00133764813654, -0.000401289900765, -0.000974878843408, 0.000933452218305], [5.99965496804e-05, -0.000956887612119, -0.000113588415843, -0.000787786324508, 0.0017872346798, -6.88404761604e-05, 0.00223083794117, -0.00212703179568, 0.00879542157054, -0.00247567635961, 0.00174359465018, 0.000963071768638, 0.000312937365379], [-1.9125694962e-05, 0.000878431776073, 0.000308392045554, 0.000579861109145, -0.000498326437082, -0.000162148819072, -4.27688573836e-05, 0.00133764813654, -0.00247567635961, 0.00836339313537, -0.0024276135955, 0.00161978800315, 0.00221738615073], [0.000168668950209, -0.00138093857095, 0.000249902601354, -0.00140856963117, 0.00131469767075, -0.00190693209879, 0.000761085771956, -0.000401289900765, 0.00174359465018, -0.0024276135955, 0.0118978638202, -0.00253451941535, 0.0014263553312], [-0.000138173461892, 0.00061530986568, -0.000997242052108, 0.000480912334751, -0.000311464566039, 0.00119416648522, 0.000484513380798, -0.000974878843408, 0.000963071768638, 0.00161978800315, -0.00253451941535, 0.0110136428848, -0.00149087549653], [0.000269201147603, -0.000512184284162, 0.000999103183858, -0.0012447363697, 0.000716932117939, -9.05087072169e-05, -0.00106631079689, 0.000933452218305, 0.000312937365379, 0.00221738615073, 0.0014263553312, -0.00149087549653, 0.0114112989977]]}, "spectral_complexity": {"dmean": 1.95438969135, "dmean2": 2.70613050461, "max": 42, "dvar": 7.57571220398, "mean": 6.07156991959, "dvar2": 12.6076669693, "min": 0, "var": 37.6846237183, "median": 4}, "spectral_flux": {"dmean": 0.0185912810266, "dmean2": 0.0273964591324, "max": 0.382299602032, "dvar": 0.00066525361035, "mean": 0.0556294023991, "dvar2": 0.00138579902705, "min": 1.04242559029e-10, "var": 0.00285000656731, "median": 0.0374986566603}, "spectral_energyband_low": {"dmean": 0.00112034520134, "dmean2": 0.00159779400565, "max": 0.0332011021674, "dvar": 3.54697704097e-06, "mean": 0.00244346493855, "dvar2": 7.65983986639e-06, "min": 5.90572386323e-23, "var": 1.07237010525e-05, "median": 0.00117309158668}, "spectral_decrease": {"dmean": 1.27493982038e-09, "dmean2": 1.71635272661e-09, "max": 5.36763444846e-20, "dvar": 6.49488196265e-18, "mean": -3.04612224333e-09, "dvar2": 1.28339743831e-17, "min": -4.33701785596e-08, "var": 2.32661934617e-17, "median": -1.09860354147e-09}, "barkbands_spread": {"dmean": 8.09780693054, "dmean2": 12.6801719666, "max": 111.022247314, "dvar": 166.206176758, "mean": 19.2429409027, "dvar2": 389.040802002, "min": 0.690268337727, "var": 377.360626221, "median": 12.418390274}, "spectral_rms": {"dmean": 0.00064839766128, "dmean2": 0.000822707777843, "max": 0.0130707966164, "dvar": 7.66407026731e-07, "mean": 0.00278113153763, "dvar2": 1.2530033473e-06, "min": 3.25599052928e-12, "var": 4.82920404465e-06, "median": 0.00218762317672}, "spectral_centroid": {"dmean": 385.251220703, "dmean2": 540.939208984, "max": 10852.1855469, "dvar": 392369.125, "mean": 1420.2689209, "dvar2": 580316.9375, "min": 167.952789307, "var": 1863799, "median": 909.494750977}, "barkbands_skewness": {"dmean": 1.01337492466, "dmean2": 1.36106240749, "max": 13.8382825851, "dvar": 1.22886240482, "mean": 2.33374023438, "dvar2": 1.9510294199, "min": -9.37724208832, "var": 7.61065816879, "median": 2.33314371109}, "spectral_rolloff": {"dmean": 618.753112793, "dmean2": 1023.69927979, "max": 19789.0136719, "dvar": 2010253.5, "mean": 1679.22790527, "dvar2": 3720325.75, "min": 86.1328125, "var": 5966650.5, "median": 473.73046875}, "erbbands_spread": {"dmean": 14.8850078583, "dmean2": 22.4228992462, "max": 180.201034546, "dvar": 326.201660156, "mean": 49.2564353943, "dvar2": 702.722900391, "min": 1.6406314373, "var": 1116.48400879, "median": 44.3735923767}, "barkbands": {"dmean": [9.70997280092e-06, 0.000206159253139, 0.000762136769481, 0.000661189958919, 0.0011455276981, 0.00101986236405, 0.00120988592971, 0.000789700599853, 0.000471572799142, 0.000299957726384, 0.000429555453593, 0.000416474067606, 0.000267627357971, 0.000120454875287, 0.000103484708234, 8.6988628027e-05, 0.000139044859679, 6.14294258412e-05, 0.000105092367448, 6.66428240947e-05, 9.65205035754e-05, 0.000132862172904, 0.000270266085863, 0.000205459946301, 2.8388983992e-05, 2.33404057326e-06, 1.07126840732e-08], "dmean2": [1.69288832694e-05, 0.000313882541377, 0.00108598265797, 0.000908003828954, 0.00159918493591, 0.00145514309406, 0.00182623940054, 0.0012273559114, 0.000697419454809, 0.000439846538939, 0.000672244699672, 0.000593278789893, 0.000404358754167, 0.000181039271411, 0.000163408243679, 0.000125190563267, 0.000207725475775, 9.38666125876e-05, 0.000149014085764, 9.61987607297e-05, 0.000140367919812, 0.00019228066958, 0.000374997791369, 0.000290754804155, 4.11080764025e-05, 3.51504536411e-06, 1.84713417894e-08], "max": [0.000568763993215, 0.0132086845115, 0.0219729412347, 0.0507383458316, 0.10842114687, 0.116540253162, 0.140155181289, 0.0966151431203, 0.0395272895694, 0.050977408886, 0.123812295496, 0.0674961060286, 0.0321626551449, 0.0207802988589, 0.0163200292736, 0.009776099585, 0.0168031677604, 0.00540208257735, 0.0318498648703, 0.0286014638841, 0.0266650281847, 0.0158795081079, 0.0762874484062, 0.0311548169702, 0.00583000807092, 0.000463278789539, 3.17862122756e-06], "dvar": [4.71560790416e-10, 1.44454887163e-07, 2.0045022211e-06, 3.7689844703e-06, 1.12221023301e-05, 1.67516063811e-05, 3.0834286008e-05, 1.20113463709e-05, 4.03653211833e-06, 2.30647128774e-06, 9.22091930988e-06, 5.39158236279e-06, 2.01873331207e-06, 5.02903390043e-07, 2.74913276144e-07, 1.14013225527e-07, 3.0261782058e-07, 5.16629334868e-08, 3.8657941559e-07, 2.65272831257e-07, 2.13618378098e-07, 2.70243504019e-07, 2.16113608076e-06, 1.17011245493e-06, 2.46138061044e-08, 1.35593425377e-10, 5.59535692451e-15], "mean": [2.19164103328e-05, 0.000512468221132, 0.00137239543255, 0.000997339491732, 0.00208393926732, 0.00138567364775, 0.00138848461211, 0.000882541993633, 0.000558792555239, 0.000383629259886, 0.000439203926362, 0.000491392216645, 0.000306013564114, 0.000127856605104, 0.000122786106658, 0.00011305190128, 0.000177594803972, 8.20721397758e-05, 0.000145396406879, 8.91219533514e-05, 0.000139681927976, 0.000208065102925, 0.000455442233942, 0.000342406070558, 4.69305341539e-05, 3.81385916626e-06, 9.25417786846e-09], "dvar2": [1.54214385706e-09, 3.15842243026e-07, 4.67872268928e-06, 6.37047196506e-06, 2.03792515094e-05, 3.31850569637e-05, 6.94675763953e-05, 2.71402022918e-05, 8.86847919901e-06, 5.02679722558e-06, 2.2503105356e-05, 1.07788519017e-05, 4.26176711699e-06, 1.1541915228e-06, 6.48990351237e-07, 2.26437535389e-07, 6.50061167562e-07, 1.15324830574e-07, 5.94830169121e-07, 5.46802709778e-07, 3.79309625487e-07, 5.47588626887e-07, 3.68131964024e-06, 2.0858951757e-06, 4.88388174347e-08, 2.87937867993e-10, 1.48626364037e-14], "min": [3.04455502116e-23, 3.65092589328e-23, 3.07522711645e-24, 3.42020521997e-23, 3.20970210503e-23, 1.61418311925e-23, 3.15677995126e-23, 6.84025708538e-23, 8.81536915455e-23, 3.89452614081e-23, 3.42289933773e-23, 2.72776078785e-23, 4.99770962035e-23, 1.72383513218e-22, 1.4777592498e-22, 1.13502506112e-22, 1.78294706727e-22, 3.4759665157e-22, 1.59570809152e-22, 2.62456698983e-22, 5.18642446019e-22, 5.05702198922e-22, 5.04743196497e-22, 9.03759947571e-22, 1.30650602911e-21, 2.02426060268e-21, 2.23683693242e-21], "var": [1.88049553707e-09, 6.62083550651e-07, 4.71393559565e-06, 8.66934806254e-06, 3.06694673782e-05, 3.04852874251e-05, 4.40032126789e-05, 1.68357055372e-05, 5.99619215791e-06, 4.28298926636e-06, 1.01049845398e-05, 9.39191068028e-06, 2.97133237837e-06, 7.10805238668e-07, 3.52190511421e-07, 2.04919260227e-07, 5.33850993634e-07, 9.01462513525e-08, 9.93949811345e-07, 4.25058203746e-07, 5.02097520894e-07, 6.64000367578e-07, 6.41418409941e-06, 3.38297036251e-06, 6.6135811494e-08, 3.83085313471e-10, 5.99243834689e-15], "median": [6.6508364398e-06, 0.000247297022725, 0.000460103794467, 0.000101294463093, 0.000338471290888, 5.96183490416e-05, 3.33443167619e-05, 8.67315611686e-06, 5.02667262481e-06, 4.59065267933e-06, 2.70121358881e-06, 2.97462656818e-06, 2.1448336156e-06, 1.75341881459e-06, 6.78206561133e-06, 5.64911670153e-06, 1.14193790068e-05, 8.18924945634e-06, 1.37869028549e-05, 5.60460239285e-06, 7.77966761234e-06, 1.2758556295e-05, 8.60175987327e-06, 7.01714134266e-06, 2.46295030593e-06, 3.75032755073e-07, 4.3191583643e-10]}, "melbands_kurtosis": {"dmean": 22.5550727844, "dmean2": 32.3981742859, "max": 705.642822266, "dvar": 1227.28222656, "mean": 48.4033203125, "dvar2": 2428.1105957, "min": -1.96388399601, "var": 4469.77294922, "median": 22.1391792297}, "erbbands_crest": {"dmean": 3.22210860252, "dmean2": 5.21520233154, "max": 31.0507507324, "dvar": 8.45551300049, "mean": 11.0697793961, "dvar2": 21.0800857544, "min": 2.23024773598, "var": 21.5912456512, "median": 10.2443819046}, "melbands_skewness": {"dmean": 1.36632692814, "dmean2": 1.89534044266, "max": 20.8629798889, "dvar": 2.19670534134, "mean": 4.23436784744, "dvar2": 4.01344490051, "min": -4.44216394424, "var": 12.5300960541, "median": 3.77028465271}, "spectral_energyband_middle_low": {"dmean": 0.0036567277275, "dmean2": 0.00493146199733, "max": 0.166397601366, "dvar": 7.60654511396e-05, "mean": 0.00738974520937, "dvar2": 0.000153913875693, "min": 2.78538101853e-22, "var": 0.000236040505115, "median": 0.000995677430183}, "spectral_contrast_coeffs": {"dmean": [0.0467641279101, 0.0527452640235, 0.0392289869487, 0.0346718244255, 0.0284654274583, 0.0243894718587], "dmean2": [0.0698047280312, 0.0780672878027, 0.0605362541974, 0.0536812208593, 0.043467618525, 0.034347999841], "max": [-0.213975667953, -0.287674367428, -0.396532684565, -0.502234697342, -0.52313965559, -0.484014242887], "dvar": [0.00192423001863, 0.0022755721584, 0.00118898262735, 0.000861772277858, 0.000651053502224, 0.000543793372344], "mean": [-0.639198839664, -0.725275456905, -0.801191031933, -0.791582643986, -0.773460268974, -0.774579763412], "dvar2": [0.00358864339069, 0.00454427907243, 0.00258160778321, 0.00192758115008, 0.00139317172579, 0.000953657727223], "min": [-0.965489566326, -0.98262488842, -0.963072419167, -0.955919086933, -0.966729283333, -0.96162712574], "var": [0.0128842778504, 0.0119388774037, 0.00618245219812, 0.00454549631104, 0.0032531931065, 0.00367260724306], "median": [-0.655871272087, -0.747438311577, -0.818759381771, -0.804375171661, -0.781066775322, -0.784125328064]}, "spectral_contrast_valleys": {"dmean": [0.351584017277, 0.482808411121, 0.469707787037, 0.444063991308, 0.340896785259, 0.309928297997], "dmean2": [0.574953854084, 0.701307833195, 0.637201189995, 0.581523358822, 0.45660251379, 0.399334967136], "max": [-6.22082233429, -4.8765296936, -4.83791923523, -5.50572538376, -5.54440593719, -6.93167829514], "dvar": [0.104658558965, 0.231122866273, 0.20869936049, 0.196124300361, 0.148268505931, 0.158534482121], "mean": [-8.27083683014, -8.34440231323, -9.3108959198, -9.63205242157, -9.10346221924, -10.9396743774], "dvar2": [0.235048264265, 0.433779478073, 0.336212664843, 0.314935028553, 0.221639409661, 0.202942743897], "min": [-27.0319633484, -27.5787811279, -27.1859416962, -27.8744316101, -27.0850524902, -27.1509952545], "var": [1.1551669836, 1.88661158085, 2.25978469849, 1.97138166428, 1.45730984211, 1.48206007481], "median": [-8.1151342392, -8.33902931213, -9.38412189484, -9.65042972565, -9.03562259674, -11.012928009]}, "silence_rate_20dB": {"dmean": 0, "dmean2": 0, "max": 1, "dvar": 0, "mean": 1, "dvar2": 0, "min": 1, "var": 0, "median": 1}, "silence_rate_30dB": {"dmean": 0.00421829707921, "dmean2": 0.00843770615757, "max": 1, "dvar": 0.0041999979876, "mean": 0.9949914217, "dvar2": 0.00968339946121, "min": 0, "var": 0.00498448312283, "median": 1}, "spectral_strongpeak": {"dmean": 0.556183099747, "dmean2": 0.882966220379, "max": 29.9513721466, "dvar": 1.72172856331, "mean": 0.869015753269, "dvar2": 4.20614051819, "min": 0, "var": 2.94066023827, "median": 0.243836566806}, "spectral_spread": {"dmean": 671269.25, "dmean2": 956886, "max": 38300164, "dvar": 692407828480, "mean": 5262497.5, "dvar2": 1202383749120.0, "min": 1351390.625, "var": 3068191047680.0, "median": 5030417.5}, "barkbands_flatness_db": {"dmean": 0.0273525658995, "dmean2": 0.038954269141, "max": 0.415007770061, "dvar": 0.000702629215084, "mean": 0.20905162394, "dvar2": 0.00137425540015, "min": 0.0417852289975, "var": 0.00401766505092, "median": 0.205321490765}, "pitch_salience": {"dmean": 0.0767793506384, "dmean2": 0.119122169912, "max": 0.885596632957, "dvar": 0.00504244305193, "mean": 0.562020659447, "dvar2": 0.0113587342203, "min": 0.0654112845659, "var": 0.0213289950043, "median": 0.576902270317}, "erbbands_kurtosis": {"dmean": 3.51224541664, "dmean2": 5.16249132156, "max": 107.286437988, "dvar": 45.7680511475, "mean": 4.67800951004, "dvar2": 85.4854202271, "min": -1.91136467457, "var": 131.564071655, "median": 0.429735422134}, "average_loudness": 0.616826117039, "barkbands_crest": {"dmean": 2.80470657349, "dmean2": 4.43191671371, "max": 26.5541973114, "dvar": 5.95726394653, "mean": 11.8129053116, "dvar2": 14.7408437729, "min": 2.93842077255, "var": 18.4347000122, "median": 11.2422924042}, "hfc": {"dmean": 7.4465174675, "dmean2": 9.83164215088, "max": 720.010620117, "dvar": 472.866516113, "mean": 15.2279882431, "dvar2": 778.733947754, "min": 1.24589507111e-16, "var": 1677.43566895, "median": 2.33080983162}, "barkbands_kurtosis": {"dmean": 8.85414600372, "dmean2": 12.9369754791, "max": 233.664154053, "dvar": 185.676513672, "mean": 17.2231941223, "dvar2": 364.37991333, "min": -1.97492957115, "var": 583.482788086, "median": 8.08897018433}, "erbbands": {"dmean": [0.00571070052683, 0.0572776757181, 0.639016926289, 1.57994163036, 2.62842559814, 4.2855591774, 7.35793876648, 8.42370128632, 15.4464979172, 17.1880626678, 15.7841100693, 10.5588626862, 7.96115636826, 12.785492897, 17.3246440887, 14.7734575272, 12.0643978119, 6.62261247635, 6.39886713028, 3.87873721123, 5.10646295547, 7.46247148514, 3.8693113327, 4.12704563141, 5.23547458649, 2.95617794991, 3.70752429962, 3.82879900932, 4.15821647644, 8.38537597656, 6.64842700958, 6.1427693367, 2.25608468056, 0.51596134901, 0.11990531534, 0.0228513348848, 0.00228787446395, 0.000130305954372, 1.00141487565e-05, 8.31493616715e-06], "dmean2": [0.00884069129825, 0.0855954885483, 0.904189705849, 2.18688511848, 3.58694219589, 5.85808944702, 10.5637664795, 12.0500774384, 23.1406593323, 26.4200363159, 23.5464839935, 15.0731925964, 11.540763855, 18.6177005768, 25.5908679962, 20.3064136505, 17.3944129944, 9.8376865387, 9.72774505615, 5.53278827667, 7.11731052399, 10.9662008286, 5.75355577469, 5.83458614349, 7.33858966827, 4.21027135849, 5.3385310173, 5.61141014099, 5.99494218826, 11.9343938828, 9.20038890839, 8.87028884888, 3.21479249001, 0.746708035469, 0.16642794013, 0.0327668264508, 0.0033795114141, 0.0001925216784, 1.34937436087e-05, 1.12131938295e-05], "max": [0.534802377224, 3.26208257675, 23.0442466736, 84.1518936157, 285.835266113, 527.339111328, 1211.54882813, 1397.58911133, 2231.7902832, 2139.22241211, 2485.32617188, 1170.58032227, 770.003234863, 2991.38525391, 3829.32861328, 2775.89208984, 1492.07385254, 1049.99487305, 1547.9440918, 433.444763184, 550.499938965, 1076.23193359, 384.062683105, 1207.22802734, 1178.4798584, 1266.82348633, 1463.79443359, 446.916564941, 743.978149414, 2545.45581055, 1459.34716797, 914.720825195, 348.820526123, 99.5240325928, 25.3641490936, 4.42088937759, 0.332843452692, 0.0221224930137, 0.00105857395101, 0.00044087995775], "dvar": [0.000156893802341, 0.00946719571948, 1.31930482388, 12.7820777893, 76.5088424683, 180.866165161, 1245.74658203, 1406.12390137, 5482.33496094, 5533.24609375, 5109.71777344, 2070.59155273, 1460.98608398, 5241.94775391, 12564.5058594, 6450.70214844, 3835.09594727, 1142.63049316, 1140.27758789, 261.840667725, 357.262695313, 1014.02801514, 174.293136597, 646.801086426, 752.393859863, 570.324951172, 505.932220459, 195.114624023, 257.437255859, 2043.18383789, 1297.82446289, 1100.0703125, 148.659317017, 7.99027824402, 0.414919704199, 0.0136282881722, 9.88198153209e-05, 3.34754844289e-07, 1.38694100649e-09, 3.13228026849e-10], "mean": [0.0144740762189, 0.138983786106, 1.23870873451, 2.81399416924, 4.71907711029, 7.19321250916, 10.1083259583, 11.4381427765, 18.7897701263, 19.1940460205, 19.3648948669, 13.1604652405, 10.4858121872, 15.8777561188, 18.9401168823, 19.0526390076, 14.4132919312, 7.8493270874, 7.67479228973, 4.95928812027, 6.99559307098, 9.57815074921, 5.48272418976, 5.56217575073, 7.26639175415, 4.2219414711, 5.38062143326, 5.67743873596, 6.57605361938, 13.171333313, 11.3558530807, 9.83871459961, 3.87938451767, 0.888258337975, 0.204730629921, 0.03810717538, 0.00397421652451, 0.000219452849706, 2.17096312554e-05, 1.94003314391e-05], "dvar2": [0.00038089719601, 0.0202547740191, 3.05533790588, 23.0828552246, 125.243057251, 318.298828125, 2673.49047852, 2763.43334961, 11869.21875, 12888.2216797, 11219.3662109, 4359.03564453, 3319.3684082, 11631.9951172, 30336.328125, 11765.6513672, 7920.28955078, 2446.84008789, 2503.20898438, 508.698760986, 713.910339355, 2279.30175781, 369.270477295, 1193.0098877, 1127.32983398, 1140.64245605, 822.244812012, 390.894470215, 533.390380859, 4051.44824219, 2370.21508789, 2085.96069336, 273.299346924, 14.8962144852, 0.799556612968, 0.0272735301405, 0.000187384037417, 6.33640922842e-07, 2.21812745949e-09, 5.72758229733e-10], "min": [9.96317944213e-22, 8.13641750033e-21, 8.95822386228e-21, 4.32581371477e-20, 1.26689173161e-19, 1.07520193043e-19, 1.43998418617e-19, 1.2205057693e-19, 2.46534072988e-19, 1.19238705685e-18, 1.71709036346e-18, 1.62225803534e-18, 7.82223242863e-19, 1.43589620789e-18, 1.70890582489e-18, 1.16243670803e-18, 1.9515969977e-18, 5.87989427032e-18, 1.04395206019e-17, 5.93007683655e-18, 8.38978606912e-18, 9.29417902877e-18, 1.89475777822e-17, 1.16752159405e-17, 7.1111443403e-18, 1.45834638602e-17, 1.49144932695e-17, 2.64167192741e-17, 1.86030851812e-17, 1.67827253507e-17, 1.22710738404e-17, 1.87088468399e-17, 1.35044414927e-17, 1.30197508769e-17, 9.34786966797e-18, 6.79348341044e-18, 4.05569218595e-18, 1.28732443691e-18, 3.02958440715e-19, 3.80874634503e-20], "var": [0.000751889310777, 0.0380976237357, 3.38874077797, 34.9836845398, 241.804779053, 432.42590332, 1886.50231934, 2779.2722168, 8611.84472656, 7714.33789063, 8290.05859375, 3244.48266602, 2468.66381836, 8195.44726563, 14943.8818359, 12510.0576172, 6056.5234375, 1979.42993164, 1609.61108398, 439.737426758, 684.031494141, 1655.36413574, 337.176757813, 1386.67578125, 1953.86486816, 918.643554688, 1403.76428223, 412.882141113, 655.395751953, 5015.35791016, 3656.65454102, 2754.75683594, 468.07131958, 24.0324954987, 1.2539100647, 0.0411964394152, 0.000328078254825, 1.06858158233e-06, 5.3688857804e-09, 1.1809572209e-09], "median": [0.00560117093846, 0.0735047459602, 0.509119391441, 0.696791470051, 0.789304792881, 1.12745320797, 0.876655936241, 0.434852451086, 0.564327120781, 0.329677045345, 0.243136689067, 0.122523382306, 0.104206979275, 0.199982091784, 0.111010216177, 0.143180370331, 0.109116785228, 0.114464238286, 0.335915565491, 0.237817063928, 0.469680041075, 0.580660104752, 0.594871401787, 0.613381505013, 0.688906013966, 0.251890897751, 0.238107293844, 0.337483137846, 0.402514755726, 0.394506216049, 0.244625449181, 0.199451193213, 0.0789513960481, 0.0350818000734, 0.0139680383727, 0.0030342086684, 0.000529852928594, 2.51839610428e-05, 4.49630306321e-06, 6.34282514511e-06]}, "spectral_energy": {"dmean": 0.00538229616359, "dmean2": 0.00726743461564, "max": 0.175116866827, "dvar": 0.000106680083263, "mean": 0.0128779727966, "dvar2": 0.000211283419048, "min": 1.0866511764e-20, "var": 0.000390452856664, "median": 0.00490533700213}, "zerocrossingrate": {"dmean": 0.0166786722839, "dmean2": 0.0172118339688, "max": 0.51171875, "dvar": 0.000725851743482, "mean": 0.0694444477558, "dvar2": 0.000602360873017, "min": 0.00537109375, "var": 0.00538648944348, "median": 0.04296875}, "spectral_energyband_high": {"dmean