{"tonal": {"chords_number_rate": 0.00195950362831, "thpcp": [1, 0.517058491707, 0.132925525308, 0.106766104698, 0.126782551408, 0.528527319431, 0.751692593098, 0.366425961256, 0.106708690524, 0.0878328830004, 0.120987661183, 0.3814496696, 0.46496295929, 0.235642671585, 0.332847893238, 0.405540645123, 0.187225192785, 0.0950789898634, 0.100844122469, 0.123715527356, 0.542918026447, 0.817857027054, 0.402949124575, 0.106519594789, 0.0976819992065, 0.0971976965666, 0.333187133074, 0.507196545601, 0.284482628107, 0.105222404003, 0.0849568173289, 0.0868259742856, 0.182496160269, 0.230177462101, 0.189197540283, 0.643812835217], "hpcp": {"dvar": [0.0133866909891, 0.011164676398, 0.0177399627864, 0.0237768087536, 0.016669569537, 0.0124722449109, 0.0138570712879, 0.0150864776224, 0.0183200277388, 0.0179415382445, 0.0188212953508, 0.0330917686224, 0.041290845722, 0.0345206148922, 0.0207636877894, 0.016940863803, 0.0187350176275, 0.0322150141001, 0.0406294241548, 0.027111614123, 0.0246741324663, 0.0211040060967, 0.0197619367391, 0.028049223125, 0.0307398904115, 0.017553364858, 0.0203848928213, 0.024979846552, 0.0175472274423, 0.0141014857218, 0.013867947273, 0.0158687662333, 0.0234015248716, 0.0317820683122, 0.0168735664338, 0.0148611217737], "mean": [0.0367159992456, 0.0365339629352, 0.125235959888, 0.190641343594, 0.106929264963, 0.0395502336323, 0.0319329500198, 0.0326355174184, 0.0685953274369, 0.0865174308419, 0.0711141973734, 0.241991683841, 0.375872731209, 0.194348186255, 0.0499630793929, 0.0401304662228, 0.0476541034877, 0.198659002781, 0.282540738583, 0.137729525566, 0.0401088856161, 0.033013984561, 0.0454759635031, 0.143376529217, 0.174766898155, 0.08857165277, 0.125108450651, 0.152431666851, 0.0703728422523, 0.0357376001775, 0.0379045568407, 0.0465012937784, 0.204068079591, 0.307410150766, 0.151457592845, 0.0400378108025], "min": [0, 0, 0, 0, 0, 0, 0, 0, 0, 0, 0, 0, 0, 0, 0, 0, 0, 0, 0, 0, 0, 0, 0, 0, 0, 0, 0, 0, 0, 0, 0, 0, 0, 0, 0, 0], "median": [0.00225212448277, 0.00424493756145, 0.0245517008007, 0.0335704982281, 0.0241341553628, 0.00492406683043, 0.00343289598823, 0.00354010635056, 0.0113325025886, 0.0123663656414, 0.0209726709872, 0.121248714626, 0.177173510194, 0.0843654349446, 0.00554933864623, 0.00347349978983, 0.0087569411844, 0.038146212697, 0.0593314059079, 0.0331454835832, 0.00367789342999, 0.0025147148408, 0.00392824970186, 0.0181461516768, 0.0247992668301, 0.0263474751264, 0.0137243103236, 0.0116991670802, 0.00882449001074, 0.00590354623273, 0.00472049601376, 0.00981710013002, 0.0752129852772, 0.11492292583, 0.0570895113051, 0.00399610912427], "dvar2": [0.0338465049863, 0.0286282729357, 0.0430156365037, 0.0519452095032, 0.0407678820193, 0.0309783667326, 0.0375046730042, 0.0420456603169, 0.0480504073203, 0.0427473075688, 0.0508408993483, 0.0868685245514, 0.0892373472452, 0.0876595452428, 0.0565401986241, 0.047125313431, 0.0514667704701, 0.0766896530986, 0.0820312276483, 0.0670711025596, 0.0683750957251, 0.0580517984927, 0.053178884089, 0.0665888860822, 0.0638045370579, 0.0463549159467, 0.0506914332509, 0.0562872551382, 0.0465654022992, 0.0383348278701, 0.0352460630238, 0.0413036383688, 0.0558740086854, 0.0653424784541, 0.0415560938418, 0.0391114316881], "var": [0.0148437665775, 0.0117009151727, 0.0421087928116, 0.0948877185583, 0.0318215377629, 0.0137292267755, 0.0115087144077, 0.0110712274909, 0.0244882758707, 0.0397321172059, 0.0199057422578, 0.0720340311527, 0.158983290195, 0.0565559342504, 0.0175693165511, 0.0131950881332, 0.0142955565825, 0.0781364664435, 0.14399343729, 0.0432523526251, 0.0192457083613, 0.0161037743092, 0.0166087821126, 0.0680726021528, 0.0927425473928, 0.0231896024197, 0.050995182246, 0.079337015748, 0.020923813805, 0.0124103194103, 0.0150552624837, 0.0155229521915, 0.0626289248466, 0.131821274757, 0.0362782254815, 0.0151505526155], "dmean2": [0.062033507973, 0.0636594220996, 0.1029638201, 0.115458019078, 0.0968802124262, 0.0655060112476, 0.062352988869, 0.0679795369506, 0.0856454744935, 0.0869784802198, 0.109630011022, 0.196430936456, 0.185896381736, 0.182229757309, 0.0960693061352, 0.0760182663798, 0.0941487625241, 0.160556674004, 0.158224016428, 0.13966871798, 0.0880350917578, 0.0737891867757, 0.0852364003658, 0.126439258456, 0.125468984246, 0.104071855545, 0.105402357876, 0.106834553182, 0.0879951864481, 0.0641920343041, 0.0626725777984, 0.0811807960272, 0.147092863917, 0.151772558689, 0.119667209685, 0.0704602301121], "max": [1, 1, 1, 1, 1, 1, 1, 1, 1, 1, 1, 1, 1, 1, 1, 1, 1, 1, 1, 1, 1, 1, 1, 1, 1, 1, 1, 1, 1, 1, 1, 1, 1, 1, 1, 1], "dmean": [0.0365189239383, 0.0370874106884, 0.0638386681676, 0.0722629800439, 0.0590593293309, 0.0387806035578, 0.0357729829848, 0.0381928682327, 0.0501476451755, 0.0518274120986, 0.0626818984747, 0.117871247232, 0.113838367164, 0.109017066658, 0.0538310408592, 0.0424769856036, 0.0529682524502, 0.0975228846073, 0.0958247482777, 0.0843499749899, 0.0486530475318, 0.0406253449619, 0.0479097627103, 0.0776166990399, 0.0775197222829, 0.0621003806591, 0.0637289658189, 0.0655443295836, 0.0515166707337, 0.0367874093354, 0.0367191657424, 0.0463955849409, 0.0890003964305, 0.0948735252023, 0.0728355720639, 0.0411161482334]}, "key_strength": 0.840839445591, "chords_strength": {"dvar": 4.84941010654e-05, "mean": 0.524064719677, "min": 0.216409057379, "median": 0.529800236225, "dvar2": 4.68133184768e-05, "var": 0.00853270106018, "dmean2": 0.00636843033135, "max": 0.745292127132, "dmean": 0.00811176933348}, "tuning_equal_tempered_deviation": 0.035994283855, "chords_key": "C#", "tuning_frequency": 440.763122559, "chords_scale": "major", "chords_changes_rate": 0.0455040261149, "key_scale": "major", "tuning_diatonic_strength": 0.616860508919, "hpcp_entropy": {"dvar": 0.271591693163, "mean": 1.34371399879, "min": 0, "median": 1.28302037716, "dvar2": 0.655240654945, "var": 0.714657485485, "dmean2": 0.776405036449, "max": 4.19123601913, "dmean": 0.461794435978}, "chords_histogram": [27.8684959412, 4.63749170303, 19.6385803223, 0, 1.98127579689, 0.0870890468359, 0, 0.0653167888522, 0, 0.0870890468359, 0, 0, 0, 0, 0, 0.152405828238, 0, 4.59394741058, 0, 3.39647293091, 0.653167843819, 7.92510318756, 18.6370563507, 10.2765073776], "tuning_nontempered_energy_ratio": 0.636206865311, "key_key": "C#"}, "metadata": {"version": {"extractor": "music 1.0", "essentia_build_sha": "70f2e5ece6736b2c40cc944ad0e695b16b925413", "essentia": "2.1-beta2", "essentia_git_sha": "v2.1_beta2"}, "audio_properties": {"sample_rate": 44100, "length": 213.211425781, "lossless": false, "analysis_sample_rate": 44100, "downmix": "mix", "bit_rate": 160020, "equal_loudness": 0, "md5_encoded": "b5c1b037035c9a182f5fdfcc25514501", "codec": "mp3", "replay_gain": -11.8383216858}, "tags": {"musicbrainz_recordingid": ["3b6c5b5a-f2e9-49a6-b1c7-ea8b67c2f308"], "title": ["Topics"], "artist": ["Nevertheless"], "discnumber": ["1/1"], "artistsort": ["Nevertheless"], "originaldate": ["2008"], "musicbrainz_artistid": ["0cac6cfe-6bd1-421a-b240-8a20c8d8e3d0"], "tracknumber": ["9/11"], "musicbrainz_albumartistid": ["0cac6cfe-6bd1-421a-b240-8a20c8d8e3d0"], "barcode": ["083061087227"], "musicbrainz album status": ["official"], "originalyear": ["2008"], "date": ["2008"], "encoding": ["Lavf56.36.100"], "albumartistsort": ["Nevertheless"], "musicbrainz_releasegroupid": ["6f3b9768-2422-3abb-9da7-9fdf3e0a2884"], "media": ["CD"], "musicbrainz album release country": ["US"], "label": ["Flicker Records"], "musicbrainz album type": ["album"], "asin": ["B001DSNG04"], "script": ["Latn"], "musicbrainz_albumid": ["262fed61-5bc2-4e9b-aabc-72d898cc570d"], "file_name": "Nevertheless - Topics.mp3", "album": ["In the Making..."], "albumartist": ["Nevertheless"]}}, "lowlevel": {"melbands": {"dvar": [1.34797728535e-09, 7.02863367508e-09, 1.92836182578e-08, 1.09287121575e-07, 3.47934502543e-07, 3.78215020191e-07, 8.95216132335e-08, 1.55405345481e-07, 2.39346064745e-07, 1.17441103953e-07, 7.58115632493e-08, 3.85770064781e-08, 2.06698942407e-08, 4.37881091386e-08, 6.73720856881e-09, 1.02056025852e-08, 5.38688560425e-09, 7.74695152472e-09, 5.95781557422e-09, 7.71364216945e-09, 1.15943832313e-08, 3.01690628035e-09, 2.76717981862e-10, 5.04076225205e-10, 1.43950795728e-10, 4.08935524332e-11, 6.16713555224e-11, 2.09875849339e-11, 9.06167762355e-12, 6.16125553354e-12, 1.44443563013e-11, 2.66177340585e-11, 2.18659708395e-11, 2.47139912701e-11, 2.09043008598e-11, 2.46651137015e-11, 3.76463964169e-11, 1.36990523092e-11, 1.11488492049e-11, 1.69334598427e-11], "mean": [3.24307511619e-05, 0.000124873127788, 0.000188715595868, 0.000341033388395, 0.000791005091742, 0.000649871886708, 0.000383357866667, 0.000468652171548, 0.00072843284579, 0.000364806735888, 0.000156137539307, 0.00019106536638, 0.000114891510748, 7.49034807086e-05, 4.43234966951e-05, 4.84266274725e-05, 3.38001773343e-05, 4.36623195128e-05, 3.16995792673e-05, 3.14181233989e-05, 3.33854040946e-05, 2.20955535042e-05, 9.48885099206e-06, 1.47026576087e-05, 8.68673669174e-06, 3.39145208272e-06, 2.38318671109e-06, 2.68568169304e-06, 1.96091809812e-06, 1.510524271e-06, 2.69246083917e-06, 3.94434118789e-06, 4.3566333261e-06, 6.01622923568e-06, 5.38799440619e-06, 3.80413757739e-06, 3.08649032377e-06, 2.1967136945e-06, 2.38554571297e-06, 2.22311905418e-06], "min": [1.68953002477e-24, 2.65978062046e-24, 6.46206848995e-24, 1.31844366239e-23, 9.53852899042e-24, 3.34353645968e-24, 3.52369020233e-24, 9.61926259318e-24, 3.52803288161e-24, 7.22282228112e-24, 3.1058716016e-24, 5.42100480902e-24, 1.2732551065e-23, 5.57801692259e-24, 7.34514226422e-24, 7.29553711278e-24, 6.28280892114e-24, 6.75384526182e-24, 5.51376854059e-24, 9.71702849175e-24, 1.43689357278e-23, 1.32927985022e-23, 9.48745892428e-24, 9.85242621094e-24, 8.28465351423e-24, 1.50753164922e-23, 9.71062530778e-24, 7.84160083087e-24, 1.21830210921e-23, 1.18417669643e-23, 1.03658934076e-23, 1.01775615439e-23, 9.59124619813e-24, 9.39364758543e-24, 1.19786895516e-23, 1.27736751729e-23, 1.08049749651e-23, 8.79611384872e-24, 7.04177870337e-24, 7.37938592725e-24], "median": [5.76788352191e-06, 3.6880512198e-05, 7.24745041225e-05, 0.000148287945194, 0.00032655056566, 0.000256272789557, 0.000145856611198, 0.000144378602272, 0.0001583454723, 2.48604083026e-05, 2.91092692351e-05, 2.08425517485e-05, 1.67479574884e-05, 1.639218317e-05, 8.46564398671e-06, 6.64045546728e-06, 5.96934842179e-06, 6.27312056167e-06, 4.52862104794e-06, 2.71266549134e-06, 2.54896212937e-06, 1.3847691207e-06, 1.19957576317e-06, 1.87856676348e-06, 1.25761800973e-06, 6.1277023633e-07, 2.92478262054e-07, 2.98869167636e-07, 3.3338949379e-07, 3.39751551337e-07, 7.03093405718e-07, 1.08387280306e-06, 1.0894539173e-06, 2.15200498133e-06, 2.17555816562e-06, 1.29364298118e-06, 5.15893475495e-07, 3.15683593044e-07, 4.43688435325e-07, 3.65345158571e-07], "dvar2": [3.1399718381e-09, 1.73482455068e-08, 4.26932516007e-08, 2.12805105093e-07, 6.5602620225e-07, 8.01045302978e-07, 1.75681606152e-07, 3.33841654765e-07, 4.44372830088e-07, 2.02211779765e-07, 1.5806556064e-07, 5.7321315694e-08, 3.46858008982e-08, 1.16464718758e-07, 1.77663679324e-08, 1.81665509302e-08, 1.26449180016e-08, 1.62352957744e-08, 1.32760460403e-08, 1.38937190641e-08, 2.27750387438e-08, 5.66605473651e-09, 5.62180357822e-10, 1.00739794284e-09, 3.03716995997e-10, 9.01939981035e-11, 1.33718716655e-10, 4.05851567631e-11, 1.74475260628e-11, 1.33088427431e-11, 2.90619750487e-11, 5.53677242943e-11, 4.23996532328e-11, 5.16489767621e-11, 4.33999815252e-11, 5.19533617516e-11, 8.01350652502e-11, 2.69329645392e-11, 2.11598221583e-11, 3.4998753895e-11], "var": [8.33457391991e-09, 6.45463416049e-08, 9.33233081923e-08, 3.71699002244e-07, 1.37447375437e-06, 1.24972245885e-06, 6.36250319985e-07, 6.91366551564e-07, 1.63787433394e-06, 8.78945286331e-07, 2.14646476593e-07, 3.43802383895e-07, 1.16238744852e-07, 5.54978676348e-08, 1.30786590447e-08, 2.87443988611e-08, 1.01502957151e-08, 1.98191294487e-08, 1.03357633563e-08, 2.83537850976e-08, 2.92026669513e-08, 1.26039498838e-08, 8.54428972019e-10, 1.86445880956e-09, 5.22971332906e-10, 1.2981021813e-10, 1.21422469301e-10, 7.81924525128e-11, 3.50135233307e-11, 1.31275676094e-11, 3.589267078e-11, 6.80864600811e-11, 8.18365028521e-11, 1.03219120751e-10, 7.10645362001e-11, 6.63065852224e-11, 1.09298889384e-10, 4.18471715613e-11, 3.55101399674e-11, 5.61227696261e-11], "dmean2": [2.25491476158e-05, 6.39381105429e-05, 9.71057015704e-05, 0.000186140954611, 0.000371920439648, 0.000346197135514, 0.000152418171638, 0.000225886935368, 0.000286371418042, 0.000151163636474, 9.12686882657e-05, 7.52669511712e-05, 5.82845859753e-05, 6.05307759542e-05, 3.05301764456e-05, 3.63346443919e-05, 2.75371221505e-05, 3.75787421945e-05, 3.09927236231e-05, 2.31441445067e-05, 2.75073998637e-05, 1.398301265e-05, 6.69047267365e-06, 1.00441347968e-05, 5.80857113164e-06, 2.48279138759e-06, 2.23936467592e-06, 2.00474960366e-06, 1.39543499245e-06, 1.19306105262e-06, 2.01814623324e-06, 2.95232939607e-06, 2.76932041743e-06, 3.68582982446e-06, 3.50828304363e-06, 2.71554358733e-06, 2.39346422859e-06, 1.61875914273e-06, 1.79279516033e-06, 1.74923411578e-06], "max": [0.000979086267762, 0.00277668028139, 0.00471292901784, 0.00713200261816, 0.0108180064708, 0.0134368026629, 0.00905752275139, 0.00846415385604, 0.00894450396299, 0.00955248530954, 0.00994377490133, 0.00613948795944, 0.00498063955456, 0.00728639168665, 0.00262059783563, 0.004082639236, 0.00265447283164, 0.00276721618138, 0.00178664538544, 0.00456485059112, 0.00383538706228, 0.00181236071512, 0.000505038478877, 0.000684330123477, 0.000400230637752, 0.000177227178938, 0.000253463804256, 0.000151013140567, 0.000119088399515, 6.85160121066e-05, 0.00013422666234, 0.000109809036076, 0.00014073078637, 0.000112421541417, 8.92913667485e-05, 0.00015917228302, 0.000191364742932, 0.000127306542709, 9.84700309345e-05, 0.000194338543224], "dmean": [1.41079335663e-05, 4.03853118769e-05, 6.2829865783e-05, 0.000125064514577, 0.000265303096967, 0.000235229439568, 0.000105429491668, 0.000155610323418, 0.000212952669244, 0.000115878945508, 6.6525710281e-05, 6.00783787377e-05, 4.36405753135e-05, 3.87820618926e-05, 2.03362978937e-05, 2.56146449829e-05, 1.82860785571e-05, 2.54494170804e-05, 2.07759476325e-05, 1.62880096468e-05, 1.95537213585e-05, 1.03007314465e-05, 4.68239295515e-06, 7.03485329723e-06, 4.10931534134e-06, 1.73273485871e-06, 1.54937220032e-06, 1.41368957429e-06, 9.74522777142e-07, 8.13583881154e-07, 1.40395025028e-06, 2.06043341677e-06, 1.95793995772e-06, 2.56723637904e-06, 2.43408408096e-06, 1.8859368538e-06, 1.66310098848e-06, 1.15790965083e-06, 1.25999065403e-06, 1.22379503864e-06]}, "spectral_decrease": {"dvar": 1.69994725206e-18, "mean": -5.04072783514e-09, "min": -1.93659879244e-08, "median": -4.16251833002e-09, "dvar2": 3.36440452674e-18, "var": 1.75003723609e-17, "dmean2": 1.21759413663e-09, "max": 6.51151493836e-11, "dmean": 8.55564119551e-10}, "spectral_rolloff": {"dvar": 3104783, "mean": 2251.38378906, "min": 172.265625, "median": 925.927734375, "dvar2": 6028971, "var": 9947984, "dmean2": 1093.9654541, "max": 18906.1523438, "dmean": 679.872131348}, "melbands_crest": {"dvar": 6.91579866409, "mean": 14.5909872055, "min": 1.83797895908, "median": 13.6422290802, "dvar2": 14.9474992752, "var": 31.6613674164, "dmean2": 3.34608530998, "max": 34.15051651, "dmean": 2.26882052422}, "barkbands_skewness": {"dvar": 0.49550151825, "mean": 1.6981600523, "min": -6.7887635231, "median": 1.73330640793, "dvar2": 0.868733465672, "var": 2.53213834763, "dmean2": 0.721287488937, "max": 15.7879667282, "dmean": 0.527919352055}, "spectral_centroid": {"dvar": 185926.5625, "mean": 1109.17663574, "min": 212.235565186, "median": 788.747680664, "dvar2": 272892.5, "var": 962225.3125, "dmean2": 264.028533936, "max": 11325.9179688, "dmean": 203.846191406}, "spectral_energyband_middle_low": {"dvar": 2.14426418097e-05, "mean": 0.0144283501431, "min": 2.44585427518e-22, "median": 0.0124953584746, "dvar2": 4.32814194937e-05, "var": 0.000156290028826, "dmean2": 0.00421149795875, "max": 0.0684912353754, "dmean": 0.00297218002379}, "erbbands_crest": {"dvar": 5.97124814987, "mean": 11.8919038773, "min": 2.50677728653, "median": 10.978395462, "dvar2": 13.9540615082, "var": 24.5131092072, "dmean2": 3.36443781853, "max": 30.117980957, "dmean": 2.25628495216}, "dynamic_complexity": 5.55412769318, "spectral_energyband_low": {"dvar": 1.21682631971e-07, "mean": 0.000644884363282, "min": 2.48372666682e-23, "median": 0.00020315501024, "dvar2": 2.89246827379e-07, "var": 1.13015596526e-06, "dmean2": 0.000281970802462, "max": 0.00939814001322, "dmean": 0.000181106574018}, "silence_rate_60dB": {"dvar": 0.0326192118227, "mean": 0.180422469974, "min": 0, "median": 0, "dvar2": 0.071025505662, "var": 0.147866338491, "dmean2": 0.0675234124064, "max": 1, "dmean": 0.0337580293417}, "erbbands_kurtosis": {"dvar": 6.70913791656, "mean": 3.29921174049, "min": -1.86062383652, "median": 1.71374869347, "dvar2": 14.1857280731, "var": 25.2831325531, "dmean2": 2.38565587997, "max": 91.7124557495, "dmean": 1.61832714081}, "spectral_complexity": {"dvar": 4.51934814453, "mean": 11.4983663559, "min": 0, "median": 11, "dvar2": 8.55155086517, "var": 45.8180580139, "dmean2": 2.64473962784, "max": 50, "dmean": 1.72971796989}, "barkbands_crest": {"dvar": 4.8142747879, "mean": 11.4753055573, "min": 2.41464281082, "median": 10.6956205368, "dvar2": 10.8572130203, "var": 20.353679657, "dmean2": 2.84626173973, "max": 25.7240142822, "dmean": 1.91044080257}, "spectral_energy": {"dvar": 2.70523960353e-05, "mean": 0.0213065892458, "min": 1.06460220865e-20, "median": 0.0178308840841, "dvar2": 5.40356995771e-05, "var": 0.000293126708129, "dmean2": 0.0050208712928, "max": 0.0777303427458, "dmean": 0.00355021958239}, "spectral_spread": {"dvar": 1846670393340.0, "mean": 6117316.5, "min": 220976.671875, "median": 5998449, "dvar2": 3194737131520.0, "var": 9241414860800.0, "dmean2": 1176247.625, "max": 51707640, "dmean": 850659.5625}, "spectral_contrast_valleys": {"dvar": [0.113571532071, 0.10868344456, 0.101650007069, 0.117522075772, 0.175054520369, 0.233724758029], "mean": [-8.82793903351, -7.27844810486, -8.11742973328, -8.79540061951, -9.23856830597, -10.5716791153], "min": [-27.2392654419, -27.5225124359, -27.1839771271, -27.3261909485, -27.3327350616, -27.3752803802], "median": [-8.69331550598, -7.03493452072, -7.87701702118, -8.44745254517, -8.74081802368, -10.0006790161], "dvar2": [0.282313704491, 0.218214631081, 0.195579409599, 0.209993734956, 0.27699816227, 0.363089978695], "var": [1.54025793076, 2.04308342934, 2.25271201134, 2.61516928673, 3.34562015533, 4.18956804276], "dmean2": [0.623371422291, 0.483179599047, 0.459312111139, 0.458070576191, 0.44609066844, 0.453498005867], "max": [-6.14873313904, -4.79637956619, -5.33112621307, -5.79746007919, -5.82157516479, -7.27042102814], "dmean": [0.373149961233, 0.299796462059, 0.288132637739, 0.3046438694, 0.33220744133, 0.361243903637]}, "spectral_rms": {"dvar": 2.91217446602e-07, "mean": 0.00403883866966, "min": 3.22278813879e-12, "median": 0.00417084945366, "dvar2": 5.12678980158e-07, "var": 4.4746484491e-06, "dmean2": 0.000531759636942, "max": 0.00870830006897, "dmean": 0.000390657049138}, "barkbands_spread": {"dvar": 106.042503357, "mean": 19.4395904541, "min": 0.585620939732, "median": 12.5419387817, "dvar2": 228.934249878, "var": 339.487762451, "dmean2": 8.16687774658, "max": 101.569671631, "dmean": 5.62265634537}, "pitch_salience": {"dvar": 0.00332320970483, "mean": 0.580081164837, "min": 0.115743204951, "median": 0.588384389877, "dvar2": 0.00674453331158, "var": 0.0154506172985, "dmean2": 0.0729171410203, "max": 0.865984201431, "dmean": 0.049237433821}, "erbbands_skewness": {"dvar": 0.234213814139, "mean": 0.996878683567, "min": -5.23903036118, "median": 1.08128070831, "dvar2": 0.419855266809, "var": 1.5210647583, "dmean2": 0.549460232258, "max": 8.09189224243, "dmean": 0.398451238871}, "spectral_energyband_middle_high": {"dvar": 8.26014365884e-06, "mean": 0.00525500113145, "min": 1.62997726947e-21, "median": 0.00197382480837, "dvar2": 1.62635187735e-05, "var": 6.55599360471e-05, "dmean2": 0.00193112692796, "max": 0.0616153068841, "dmean": 0.00142492470331}, "erbbands": {"dvar": [3.49599895344e-06, 0.00318184331991, 0.0302005782723, 0.356738775969, 7.47172832489, 63.0471916199, 401.142791748, 929.141784668, 452.150665283, 699.844543457, 4021.55419922, 3133.63134766, 2781.54077148, 2315.94360352, 1563.6784668, 2563.76855469, 1145.078125, 1168.61767578, 2606.10595703, 2125.3996582, 6079.74072266, 1414.86230469, 430.948974609, 189.026428223, 82.2102508545, 43.7182121277, 15.0715875626, 27.2545204163, 64.508354187, 62.6856231689, 53.3021697998, 74.9464797974, 22.5792675018, 17.4926528931, 8.27825832367, 1.81449627876, 0.137298867106, 0.00941672455519, 5.133121158e-05, 1.14915250649e-08], "mean": [0.00147586339153, 0.0578668378294, 0.280462443829, 0.897654473782, 2.63227319717, 8.18503379822, 24.5878982544, 28.6845912933, 27.6001968384, 31.3242111206, 88.4853363037, 62.1342811584, 32.7079734802, 47.2617034912, 30.324596405, 22.3370761871, 20.6678600311, 18.9997234344, 26.0210132599, 21.8960914612, 30.3474693298, 19.7543983459, 13.9323129654, 11.269153595, 4.08321523666, 3.90653634071, 2.9577190876, 4.08817434311, 6.97872304916, 9.92682361603, 8.70914554596, 5.34475803375, 3.33605790138, 2.68904161453, 1.54242658615, 0.779307961464, 0.251739114523, 0.0495462045074, 0.00330937001854, 8.56345432112e-05], "min": [1.1095805735e-22, 1.21523111157e-21, 5.89477379229e-21, 3.74832047817e-20, 8.23837704279e-20, 2.17024327087e-19, 2.15289574246e-19, 1.59782433497e-19, 1.76917983949e-19, 9.19231856057e-19, 4.7263321763e-19, 9.51884086955e-19, 6.7098430428e-19, 1.53821948363e-18, 3.27613566998e-18, 3.17880773795e-18, 2.55720115316e-18, 3.83580276371e-18, 4.03820269266e-18, 4.63155051299e-18, 1.05757911632e-17, 1.23124179817e-17, 1.38267019604e-17, 1.1263356096e-17, 1.85499834946e-17, 1.36380948545e-17, 2.06641793853e-17, 1.86988660787e-17, 1.80237427694e-17, 1.60803249336e-17, 2.11753207555e-17, 1.81594400945e-17, 1.16387885606e-17, 9.45819488217e-18, 7.78485068918e-18, 5.41290159729e-18, 2.91300544902e-18, 1.21657805726e-18, 3.05304350781e-19, 3.56667840112e-20], "median": [0.000356816221029, 0.0116502325982, 0.0935306847095, 0.27603328228, 1.07388806343, 3.37690019608, 9.50556945801, 10.6533594131, 11.0819416046, 12.5617256165, 23.4012260437, 7.3451051712, 7.56437683105, 5.56465816498, 6.29810571671, 5.28284263611, 4.32761049271, 3.94722366333, 4.80020809174, 3.20978879929, 2.54499340057, 1.59580600262, 1.92718338966, 1.78648018837, 0.872758090496, 0.538832783699, 0.657487273216, 1.16847014427, 2.07612800598, 3.4419362545, 3.6704659462, 1.40414845943, 0.616414010525, 0.509324073792, 0.265467643738, 0.175868749619, 0.0667011290789, 0.0111326407641, 0.000610539980698, 4.8219182645e-05], "dvar2": [8.25584174891e-06, 0.00734370667487, 0.0787812322378, 0.805493652821, 13.778676033, 129.247680664, 782.965270996, 2014.29943848, 888.851379395, 1635.89245605, 7862.65576172, 5312.99804688, 5915.71777344, 3276.12353516, 3155.47143555, 6951.59912109, 2266.07177734, 2680.29980469, 5572.54101562, 4103.03857422, 11596.3613281, 2358.86206055, 881.720214844, 389.045043945, 175.794326782, 84.5789260864, 28.5666618347, 52.9353218079, 127.337142944, 120.422279358, 105.29360199, 153.539611816, 39.7181777954, 33.3281402588, 15.1984796524, 3.65965723991, 0.258186817169, 0.0190376136452, 9.92554923869e-05, 2.13516528902e-08], "var": [1.43836832649e-05, 0.0247718431056, 0.273858457804, 2.69115996361, 27.3536491394, 192.117736816, 1456.57043457, 2836.39672852, 3587.05151367, 2360.65454102, 22029.1171875, 22567.4101562, 7760.83642578, 22545.5957031, 6707.20117188, 3297.10375977, 3241.84643555, 2465.46118164, 6467.52636719, 6465.2890625, 18112.2011719, 7565.66015625, 1471.67224121, 796.639404297, 185.050613403, 149.43421936, 59.0978469849, 74.2007293701, 188.320266724, 295.379302979, 188.643707275, 227.093017578, 78.7373275757, 65.133354187, 24.7785148621, 4.87969589233, 0.420236051083, 0.0239328872412, 0.000141643366078, 3.54824791771e-08], "dmean2": [0.00113867875189, 0.0362336076796, 0.136776208878, 0.402802944183, 1.55857872963, 4.28309297562, 12.1087703705, 16.1676502228, 10.6401824951, 15.1362466812, 36.5413360596, 25.0204620361, 17.617805481, 17.6621322632, 16.9740161896, 15.6920280457, 14.1856565475, 13.7114171982, 21.2546005249, 16.8463153839, 21.8204650879, 10.3881568909, 8.6868724823, 6.86618995667, 2.93207001686, 2.8040304184, 1.91988098621, 2.77948069572, 4.6256685257, 5.62886667252, 5.24251317978, 3.66281080246, 2.22758340836, 1.92270433903, 1.13333880901, 0.570681631565, 0.179146841168, 0.0378945432603, 0.00264478684403, 4.3361196731e-05], "max": [0.0417806655169, 1.79837572575, 5.8594751358, 18.4689712524, 80.6938934326, 180.646835327, 391.652587891, 694.20526123, 682.241821289, 612.38458252, 1295.33618164, 1483.54272461, 1987.63037109, 1664.75878906, 1291.17175293, 1884.75891113, 1116.66259766, 1182.47094727, 1462.89477539, 2584.64990234, 2843.90185547, 1322.72521973, 518.161682129, 412.495819092, 314.715637207, 195.77154541, 119.994567871, 163.104309082, 187.008041382, 177.707748413, 176.615783691, 246.184158325, 146.303359985, 192.590087891, 142.785308838, 46.3234710693, 9.5709104538, 3.35983109474, 0.244703114033, 0.00361779588275], "dmean": [0.000705431506503, 0.0227121878415, 0.0862203091383, 0.261720597744, 1.03920292854, 2.93700432777, 8.56983947754, 10.9003887177, 7.37356901169, 10.2199029922, 26.723613739, 19.2545700073, 12.9057979584, 14.3503026962, 12.1082611084, 10.1386966705, 9.85564613342, 9.18959331512, 14.5261917114, 11.7492246628, 15.4939699173, 8.11707210541, 6.17922306061, 4.91884326935, 2.09023785591, 2.00419831276, 1.36241102219, 1.96918070316, 3.30788850784, 4.01855945587, 3.74171185493, 2.6045730114, 1.63628697395, 1.3829549551, 0.815039217472, 0.408689886332, 0.126818433404, 0.0263564810157, 0.0018428688636, 3.11544754368e-05]}, "dissonance": {"dvar": 0.00078437756747, "mean": 0.416235476732, "min": 0.134103089571, "median": 0.428068101406, "dvar2": 0.00202051294036, "var": 0.00351642863825, "dmean2": 0.0437631197274, "max": 0.5, "dmean": 0.0268098879606}, "erbbands_flatness_db": {"dvar": 0.000527713389602, "mean": 0.195630341768, "min": 0.0472764261067, "median": 0.184786379337, "dvar2": 0.00100925553124, "var": 0.00546787306666, "dmean2": 0.025078561157, "max": 0.485031604767, "dmean": 0.0182068813592}, "melbands_kurtosis": {"dvar": 106.964324951, "mean": 14.1924962997, "min": -1.91631674767, "median": 9.43687534332, "dvar2": 221.005935669, "var": 325.352081299, "dmean2": 8.41626262665, "max": 264.661712646, "dmean": 5.68216466904}, "melbands_spread": {"dvar": 391.949707031, "mean": 26.1199188232, "min": 0.628076434135, "median": 12.3772382736, "dvar2": 645.373779297, "var": 1560.5045166, "dmean2": 10.8836832047, "max": 269.107849121, "dmean": 8.02759647369}, "melbands_skewness": {"dvar": 0.60347443819, "mean": 2.40492510796, "min": -2.55511379242, "median": 2.20798182487, "dvar2": 1.19127655029, "var": 2.63657712936, "dmean2": 0.832622945309, "max": 12.7512578964, "dmean": 0.583775162697}, "spectral_entropy": {"dvar": 0.0755144134164, "mean": 7.09909772873, "min": 4.51743173599, "median": 7.11039161682, "dvar2": 0.123964965343, "var": 0.723416030407, "dmean2": 0.269792765379, "max": 9.80271530151, "dmean": 0.205823436379}, "zerocrossingrate": {"dvar": 0.000807124422863, "mean": 0.0841540321708, "min": 0.00537109375, "median": 0.05615234375, "dvar2": 0.000722354860045, "var": 0.00706353830174, "dmean2": 0.0168714951724, "max": 0.60205078125, "dmean": 0.0167759675533}, "average_loudness": 0.820665419102, "spectral_contrast_coeffs": {"dvar": [0.00146356294863, 0.00147641962394, 0.000934950192459, 0.000827210780699, 0.000601184729021, 0.000356344971806], "mean": [-0.570857167244, -0.645269930363, -0.731653809547, -0.739261806011, -0.764057695866, -0.79003572464], "min": [-0.951956868172, -0.959358632565, -0.963698387146, -0.958036780357, -0.960563123226, -0.961659252644], "median": [-0.578521728516, -0.646372079849, -0.743002295494, -0.746859073639, -0.765788912773, -0.789789438248], "dvar2": [0.00343124126084, 0.00321829691529, 0.0020478174556, 0.00178228854202, 0.00114978803322, 0.000669488450512], "var": [0.0085114762187, 0.0102249449119, 0.00822659395635, 0.00644517503679, 0.00563695514575, 0.00353568024002], "dmean2": [0.0654182732105, 0.0586195550859, 0.0506665408611, 0.0485403835773, 0.0379431992769, 0.028108889237], "max": [-0.220239058137, -0.29642996192, -0.398968666792, -0.471114635468, -0.485481142998, -0.584881663322], "dmean": [0.0407343246043, 0.0373912639916, 0.0321851931512, 0.031022047624, 0.0254320260137, 0.0190078541636]}, "barkbands_flatness_db": {"dvar": 0.000583835761063, "mean": 0.174676567316, "min": 0.0230950172991, "median": 0.158796608448, "dvar2": 0.00106640416197, "var": 0.00686184642836, "dmean2": 0.0273107737303, "max": 0.508099615574, "dmean": 0.0195821113884}, "silence_rate_30dB": {"dvar": 0, "mean": 1, "min": 1, "median": 1, "dvar2": 0, "var": 0, "dmean2": 0, "max": 1, "dmean": 0}, "spectral_energyband_high": {"dvar": 1.04593573269e-06, "mean": 0.00128424435388, "min": 7.48929892061e-21, "median": 0.000519760651514, "dvar2": 1.59064734362e-06, "var": 4.90497404826e-06, "dmean2": 0.00057329464471, "max": 0.0227976758033, "dmean": 0.000453960645245}, "melbands_flatness_db": {"dvar": 0.000993343186565, "mean": 0.233130857348, "min": 0.00424601370469, "median": 0.214881286025, "dvar2": 0.00161215569824, "var": 0.0126672461629, "dmean2": 0.0303711555898, "max": 0.648999035358, "dmean": 0.0235667638481}, "barkbands": {"dvar": [2.19477457042e-11, 4.00710824522e-08, 2.51469973733e-08, 1.1507295028e-07, 3.53998689206e-06, 8.91590843821e-06, 1.7871673208e-06, 8.32464684208e-06, 5.16644831805e-06, 3.22580967804e-06, 1.80085612556e-06, 2.36052551372e-06, 7.22588652025e-07, 6.36035053958e-07, 1.08736048787e-06, 1.96050405066e-06, 6.48569255191e-07, 1.57761476771e-07, 4.23220924972e-08, 2.13297504104e-08, 1.00600612285e-08, 4.91172080785e-08, 6.22251477012e-08, 1.11250137991e-07, 1.27071658085e-07, 5.16169151865e-08, 2.3345905209e-09], "mean": [9.82204596767e-07, 0.000191529659787, 0.000250337267062, 0.000389809953049, 0.00251762685366, 0.00336113153026, 0.00161811860744, 0.00350824953057, 0.00285020587035, 0.00102392944973, 0.0011466020951, 0.000626776309218, 0.000426624872489, 0.000417546048993, 0.000442449992988, 0.000535976723768, 0.000294987199595, 0.000274749239907, 0.000112813941087, 7.99795452622e-05, 7.93588187662e-05, 0.000219314984861, 0.000315797136864, 0.000218833782128, 0.000230829245993, 0.000151369647938, 2.06240383704e-05], "min": [5.35933521333e-24, 4.50060686988e-24, 7.17950513995e-24, 1.41505900733e-23, 5.37246335763e-23, 1.73523382516e-23, 3.06341132115e-23, 2.70421044993e-23, 5.75251887128e-23, 2.11783735953e-23, 9.22379399962e-23, 6.31858715529e-23, 5.59411244607e-23, 5.86465702668e-23, 6.44686098719e-23, 1.96397108127e-22, 2.38085819504e-22, 2.38355319633e-22, 3.51206277124e-22, 2.47967381504e-22, 5.09525536361e-22, 5.13459440545e-22, 7.42254750505e-22, 7.33419558854e-22, 1.01594954932e-21, 1.5333075026e-21, 2.42124933751e-21], "median": [3.46648931782e-07, 3.20347244269e-05, 8.17651016405e-05, 0.000107990555989, 0.00107604230288, 0.00122520071454, 0.000520264962688, 0.000922687002458, 0.000184528718819, 0.000154406036017, 9.29102970986e-05, 0.000129188993014, 7.64443684602e-05, 6.75374467392e-05, 5.70277770748e-05, 4.1428134864e-05, 2.09635763895e-05, 3.9522186853e-05, 1.886305472e-05, 1.107551725e-05, 2.02724550036e-05, 6.3606799813e-05, 0.000136923918035, 4.5865373977e-05, 4.6021748858e-05, 3.98563424824e-05, 3.52411188942e-06], "dvar2": [6.21837442649e-11, 9.20132094961e-08, 6.39293062932e-08, 2.67135789045e-07, 6.71037059874e-06, 1.79151993507e-05, 3.35734739565e-06, 1.67017715285e-05, 8.61791068019e-06, 6.30839667792e-06, 2.41536349677e-06, 6.19261891188e-06, 1.41623195304e-06, 1.43161503274e-06, 2.43574049819e-06, 3.84623172067e-06, 1.44625812482e-06, 3.34609239871e-07, 9.5998593963e-08, 4.28343511771e-08, 2.00116119231e-08, 9.42058733244e-08, 1.23003246699e-07, 2.08307199046e-07, 2.24171031959e-07, 9.78602940904e-08, 4.79712403134e-09], "var": [1.82520387693e-11, 3.01596827512e-07, 2.16225842564e-07, 5.97137898239e-07, 1.48898325278e-05, 3.15868637699e-05, 1.20876111396e-05, 4.02882469643e-05, 4.11963992519e-05, 1.10702703751e-05, 1.52784559759e-05, 3.16358909913e-06, 1.80905965408e-06, 1.45817057273e-06, 2.14890405914e-06, 5.99454961048e-06, 1.95537973013e-06, 4.94801497553e-07, 1.22732032537e-07, 5.89980651e-08, 3.05533269795e-08, 1.78766882186e-07, 2.32030387792e-07, 3.79201424039e-07, 4.73395658673e-07, 1.56326748879e-07, 5.73850034158e-09], "dmean2": [1.76147318598e-06, 0.000125461039715, 0.00012337534281, 0.000220530724619, 0.00117770454381, 0.00179931917228, 0.000651582784485, 0.00165160419419, 0.00111494224984, 0.000607920403127, 0.000465660676127, 0.000499673187733, 0.000330574810505, 0.000349100213498, 0.000424077530624, 0.000404942285968, 0.00020295799186, 0.000193986372324, 9.04275584617e-05, 6.11805953667e-05, 5.54267680855e-05, 0.000136425675009, 0.000187414843822, 0.000148220467963, 0.000158351525897, 0.000103056401713, 1.7817648768e-05], "max": [0.000195354121388, 0.00619156658649, 0.00651855859905, 0.0102508403361, 0.035127133131, 0.0556657575071, 0.0476042442024, 0.0653062015772, 0.0544104613364, 0.0520938076079, 0.042736902833, 0.049258261919, 0.0303000602871, 0.0268629491329, 0.0241299774498, 0.049079887569, 0.0297047719359, 0.00902063958347, 0.00653753150254, 0.00448563648388, 0.00233222544193, 0.00477163447067, 0.00548311276361, 0.00930713489652, 0.0140724265948, 0.00690184161067, 0.00167863979004], "dmean": [1.01112846096e-06, 7.89235346019e-05, 8.0251142208e-05, 0.000139455514727, 0.000833313912153, 0.00123554526363, 0.000448567094281, 0.00116798595991, 0.000855136546306, 0.000441928801592, 0.000377262185793, 0.000317080004606, 0.000227259879466, 0.000231991405599, 0.000284083042061, 0.000286403228529, 0.000144710153108, 0.000134023590363, 6.19532729615e-05, 4.29992942372e-05, 3.86525207432e-05, 9.81320699793e-05, 0.000132835441036, 0.000107052699605, 0.000114934256999, 7.44001517887e-05, 1.21215553008e-05]}, "erbbands_spread": {"dvar": 169.837478638, "mean": 33.7180023193, "min": 2.7559094429, "median": 25.6101760864, "dvar2": 363.074676514, "var": 634.32434082, "dmean2": 11.8136644363, "max": 171.181793213, "dmean": 8.19652271271}, "barkbands_kurtosis": {"dvar": 53.9031219482, "mean": 7.54580402374, "min": -1.90460216999, "median": 4.60919284821, "dvar2": 111.655838013, "var": 136.486297607, "dmean2": 4.81925487518, "max": 359.588195801, "dmean": 3.30410695076}, "spectral_flux": {"dvar": 0.000530583725777, "mean": 0.0530424751341, "min": 1.04132098777e-10, "median": 0.0433054119349, "dvar2": 0.00121684651822, "var": 0.00176634837408, "dmean2": 0.0269170030951, "max": 0.265451282263, "dmean": 0.0174765698612}, "silence_rate_20dB": {"dvar": 0, "mean": 1, "min": 1, "median": 1, "dvar2": 0, "var": 0, "dmean2": 0, "max": 1, "dmean": 0}, "gfcc": {"cov": [[27513.375, -6532.22363281, -3281.9855957, 919.174865723, -1781.19970703, 190.44140625, -965.026000977, 1014.01556396, 161.7290802, 315.057891846, -906.671813965, 457.488830566, -562.973327637], [-6532.22363281, 5071.78955078, 293.221038818, -1315.23669434, 768.061218262, -184.404174805, 453.969177246, -495.524871826, 193.310302734, -243.099716187, 446.232299805, -209.456420898, 227.664718628], [-3281.9855957, 293.221038818, 1201.61535645, 69.5195999146, 150.074432373, 101.504226685, 55.8106689453, -82.5616149902, -145.433349609, 1.4544365406, 58.8958206177, -6.21166658401, 10.7002649307], [919.174865723, -1315.23669434, 69.5195999146, 895.763671875, -38.3198852539, -23.3398933411, -155.995025635, 151.511917114, -56.5707931519, 49.8070678711, -119.633262634, 45.8619155884, -38.1100959778], [-1781.19970703, 768.061218262, 150.074432373, -38.3198852539, 494.874450684, -80.036605835, 40.7502288818, -37.6477127075, 18.0381793976, -51.2891807556, 61.4922218323, -44.3235778809, 73.7863464355], [190.44140625, -184.404174805, 101.504226685, -23.3398933411, -80.036605835, 310.832489014, 73.5070571899, -16.2397155762, -22.0404663086, 39.3095359802, 5.78217840195, -44.1604499817, -43.7066421509], [-965.026000977, 453.969177246, 55.8106689453, -155.995025635, 40.7502288818, 73.5070571899, 268.879669189, -44.1648406982, -6.90014266968, -5.53244495392, 75.9060592651, -38.7071838379, -6.66024303436], [1014.01556396, -495.524871826, -82.5616149902, 151.511917114, -37.6477127075, -16.2397155762, -44.1648406982, 192.672576904, 9.44886016846, 9.92436885834, -52.9365501404, 38.4792556763, -17.217634201], [161.7290802, 193.310302734, -145.433349609, -56.5707931519, 18.0381793976, -22.0404663086, -6.90014266968, 9.44886016846, 148.734741211, 2.95742177963, -8.20844268799, -3.97633361816, 24.9236545563], [315.057891846, -243.099716187, 1.4544365406, 49.8070678711, -51.2891807556, 39.3095359802, -5.53244495392, 9.92436885834, 2.95742177963, 119.607765198, -1.90678405762, -15.5602521896, -9.13197898865], [-906.671813965, 446.232299805, 58.8958206177, -119.633262634, 61.4922218323, 5.78217840195, 75.9060592651, -52.9365501404, -8.20844268799, -1.90678405762, 150.036499023, -12.2423639297, 24.2333202362], [457.488830566, -209.456420898, -6.21166658401, 45.8619155884, -44.3235778809, -44.1604499817, -38.7071838379, 38.4792556763, -3.97633361816, -15.5602521896, -12.2423639297, 147.896484375, 10.7129716873], [-562.973327637, 227.664718628, 10.7002649307, -38.1100959778, 73.7863464355, -43.7066421509, -6.66024303436, -17.217634201, 24.9236545563, -9.13197898865, 24.2333202362, 10.7129716873, 123.212608337]], "mean": [-59.9179229736, 69.8179473877, -95.5036239624, -13.5817146301, -80.1725311279, 4.8312292099, -55.5230827332, -3.74601507187, -22.8453941345, -2.09603095055, -21.3971214294, 6.38356924057, -20.3185100555], "icov": [[0.000124038037029, 1.67362413777e-05, 0.000290155789116, 4.77770954603e-05, 0.000146942518768, -0.000165050441865, 0.000252615485806, -0.000297935446724, 9.80740005616e-05, -0.000169628605363, 0.000275010213954, -0.000237319050939, 0.000285011861706], [1.67362413777e-05, 0.000864442437887, -0.000144498626469, 0.000731490901671, -0.000664963677991, 0.000473258609418, -0.000484463118482, 0.000904202111997, -0.000957603100687, 0.000932693830691, -0.000975657661911, 0.000526162562892, -0.000206758806598], [0.000290155789116, -0.000144498626469, 0.00179622473661, -0.00017207210476, 8.88285067049e-05, -0.000897187739611, 0.000659167184494, -0.000495984917507, 0.00141418341082, -0.000703872821759, 0.000729776162189, -0.000930554990191, 0.000577557075303], [4.77770954603e-05, 0.000731490901671, -0.00017207210476, 0.00219331379049, -0.000692801375408, 0.000403850193834, 0.000238020438701, -0.000253468286246, -0.000183145311894, 9.62537669693e-05, -2.13491821341e-05, 0.000236505729845, 0.000123444027849], [0.000146942518768, -0.000664963677991, 8.88285067049e-05, -0.000692801375408, 0.00349177815951, 0.000142510296428, 0.000417124072555, -0.00117633875925, 0.00036405379069, 0.00011714912398, 0.000382320577046, 0.000429666193668, -0.000681780045852], [-0.000165050441865, 0.000473258609418, -0.000897187739611, 0.000403850193834, 0.000142510296428, 0.00466950563714, -0.00167888286524, 0.000957115611527, -0.000669606553856, -0.000147880855366, -0.000736753863748, 0.00164913572371, 0.000314283388434], [0.000252615485806, -0.000484463118482, 0.000659167184494, 0.000238020438701, 0.000417124072555, -0.00167888286524, 0.00587327638641, -0.00126706250012, 0.000883997417986, -0.000613619748037, -0.000816897198092, -0.000226946896873, 0.00131695356686], [-0.000297935446724, 0.000904202111997, -0.000495984917507, -0.000253468286246, -0.00117633875925, 0.000957115611527, -0.00126706250012, 0.00856955442578, -0.00174809829332, 0.00111518532503, -0.000438207527623, -0.000308980554109, -0.000345065520378], [9.80740005616e-05, -0.0009576031006