{"tonal": {"chords_number_rate": 0.00192982458975, "thpcp": [1, 0.761504292488, 0.535988807678, 0.492285102606, 0.806984066963, 0.99303394556, 0.61435353756, 0.332739591599, 0.328076809645, 0.342841506004, 0.360971540213, 0.436118751764, 0.588974893093, 0.887023210526, 0.913354277611, 0.601987600327, 0.477126836777, 0.58890402317, 0.787754654884, 0.870502889156, 0.724044203758, 0.441903054714, 0.258853346109, 0.212040662766, 0.230681419373, 0.57407438755, 0.739095568657, 0.478295564651, 0.757355988026, 0.962925255299, 0.601248979568, 0.592871308327, 0.680560231209, 0.677003622055, 0.763463497162, 0.922839522362], "hpcp": {"dvar": [0.0407750271261, 0.0438648834825, 0.0592667981982, 0.0426860637963, 0.0405502878129, 0.0382714644074, 0.0389727205038, 0.0362170673907, 0.0429706126451, 0.0449140369892, 0.0496241562068, 0.0559237524867, 0.0466741323471, 0.0430288948119, 0.055538687855, 0.051708612591, 0.0553541630507, 0.0473193749785, 0.0338876545429, 0.0221995841712, 0.0205376297235, 0.0186657384038, 0.0287859793752, 0.0428930036724, 0.0214750394225, 0.0330169983208, 0.052442971617, 0.0323507227004, 0.0475661717355, 0.056353956461, 0.0449893847108, 0.0488447956741, 0.0531501471996, 0.068133957684, 0.0526983588934, 0.044815890491], "mean": [0.149432897568, 0.24495960772, 0.301434963942, 0.186486706138, 0.101002939045, 0.0995875522494, 0.104069367051, 0.109572730958, 0.13238362968, 0.178783029318, 0.269255459309, 0.277248233557, 0.182733029127, 0.144831612706, 0.178761526942, 0.239122524858, 0.264240711927, 0.219783246517, 0.134139448404, 0.0785747990012, 0.0643648356199, 0.0700232312083, 0.174259990454, 0.224352091551, 0.145186379552, 0.229895025492, 0.292295485735, 0.182508826256, 0.179965779185, 0.206583723426, 0.205504104495, 0.231748953462, 0.280127465725, 0.30354949832, 0.231154248118, 0.162699133158], "min": [0, 0, 0, 0, 0, 0, 0, 0, 0, 0, 0, 0, 0, 0, 0, 0, 0, 0, 0, 0, 0, 0, 0, 0, 0, 0, 0, 0, 0, 0, 0, 0, 0, 0, 0, 0], "median": [0.0804675072432, 0.164483606815, 0.189434751868, 0.106439448893, 0.0358825139701, 0.0388173982501, 0.0414709597826, 0.0412175990641, 0.0510626137257, 0.095684915781, 0.186562538147, 0.167717844248, 0.100137844682, 0.0678069591522, 0.0773000717163, 0.103318333626, 0.164772719145, 0.133404746652, 0.0689938664436, 0.035607714206, 0.0281345937401, 0.0343189947307, 0.0905489772558, 0.120253682137, 0.0911361426115, 0.129200935364, 0.144759833813, 0.0989325642586, 0.0904503464699, 0.0951211825013, 0.110083758831, 0.138767927885, 0.184414744377, 0.179771244526, 0.130098313093, 0.0838079378009], "dvar2": [0.1138285622, 0.118716336787, 0.14925211668, 0.118851862848, 0.111473403871, 0.105638280511, 0.107809081674, 0.0987481102347, 0.1134050861, 0.11724473536, 0.133137017488, 0.146967843175, 0.123761497438, 0.114353604615, 0.156920164824, 0.125345140696, 0.155210763216, 0.126258224249, 0.091165997088, 0.0621646381915, 0.0567664019763, 0.0505817681551, 0.0725330486894, 0.106755375862, 0.0583859905601, 0.0811497792602, 0.119783580303, 0.0855940505862, 0.128094285727, 0.138711646199, 0.115943714976, 0.125812485814, 0.137324467301, 0.174014493823, 0.141883537173, 0.122712135315], "var": [0.0365608632565, 0.0574474185705, 0.0892526805401, 0.0437677875161, 0.0308162644506, 0.0289713460952, 0.0307882726192, 0.032067604363, 0.0433942712843, 0.0538295917213, 0.06926933676, 0.0810213014483, 0.048381421715, 0.0406610220671, 0.0559807382524, 0.0937388539314, 0.0721978843212, 0.0577630251646, 0.0338747836649, 0.0173391532153, 0.0151484785601, 0.0150000732392, 0.0443001948297, 0.0713044181466, 0.0244743451476, 0.0608384348452, 0.10963344574, 0.0428107082844, 0.0525909923017, 0.0741646587849, 0.0581905841827, 0.0651533454657, 0.0758092477918, 0.101752638817, 0.0657896324992, 0.0438238680363], "dmean2": [0.262819796801, 0.325278878212, 0.386606574059, 0.29022026062, 0.218787789345, 0.212530761957, 0.213940814137, 0.208010450006, 0.236015543342, 0.267405360937, 0.345241576433, 0.365456074476, 0.287722826004, 0.261808216572, 0.314166039228, 0.295954912901, 0.364638030529, 0.331947207451, 0.226368278265, 0.147646307945, 0.126770660281, 0.133330628276, 0.225298777223, 0.276257693768, 0.198034912348, 0.253893524408, 0.312552332878, 0.256961554289, 0.298294812441, 0.314166396856, 0.305694311857, 0.324799031019, 0.374450445175, 0.415557473898, 0.354177415371, 0.288351535797], "max": [1, 1, 1, 1, 1, 1, 1, 1, 1, 1, 1, 1, 1, 1, 1, 1, 1, 1, 1, 1, 1, 1, 1, 1, 1, 1, 1, 1, 1, 1, 1, 1, 1, 1, 1, 1], "dmean": [0.147655129433, 0.187120556831, 0.225080698729, 0.166889891028, 0.121815055609, 0.117366567254, 0.11847665906, 0.116911500692, 0.13312664628, 0.153280869126, 0.200537368655, 0.209977790713, 0.163784533739, 0.14707402885, 0.177554234862, 0.172850683331, 0.211298853159, 0.191811621189, 0.128117606044, 0.0825926214457, 0.0708520412445, 0.0746663436294, 0.131011560559, 0.161798596382, 0.114347867668, 0.151344418526, 0.183747142553, 0.146593779325, 0.169179409742, 0.179553419352, 0.177468091249, 0.188549041748, 0.216175600886, 0.236875638366, 0.20308496058, 0.162081480026]}, "key_strength": 0.606586396694, "chords_strength": {"dvar": 0.000519972410984, "mean": 0.432808488607, "min": -1, "median": 0.429317235947, "dvar2": 0.00100232707337, "var": 0.0177773162723, "dmean2": 0.0167829729617, "max": 0.756824016571, "dmean": 0.0137780997902}, "tuning_equal_tempered_deviation": 0.350429803133, "chords_key": "D", "tuning_frequency": 454.990661621, "chords_scale": "minor", "chords_changes_rate": 0.11210526526, "key_scale": "major", "tuning_diatonic_strength": 0.466003119946, "hpcp_entropy": {"dvar": 0.319556385279, "mean": 2.23198199272, "min": 0, "median": 2.24787330627, "dvar2": 0.878074407578, "var": 0.547506928444, "dmean2": 1.1440154314, "max": 4.29773044586, "dmean": 0.679679334164}, "chords_histogram": [3.03508782387, 0, 10.4385967255, 0, 8.73684215546, 0.929824590683, 10.1754388809, 0.122807018459, 0, 0, 0, 0, 0, 0, 0.789473712444, 1.14035081863, 2.1754386425, 0, 0, 6.38596487045, 1.5263158083, 40.2280693054, 9.31578922272, 5], "tuning_nontempered_energy_ratio": 0.945533514023, "key_key": "C"}, "metadata": {"version": {"extractor": "music 1.0", "essentia_build_sha": "70f2e5ece6736b2c40cc944ad0e695b16b925413", "essentia": "2.1-beta2", "essentia_git_sha": "v2.1_beta2"}, "audio_properties": {"sample_rate": 44100, "length": 264.64654541, "lossless": false, "analysis_sample_rate": 44100, "downmix": "mix", "bit_rate": 192000, "equal_loudness": 0, "md5_encoded": "eed6ef1cd80a2d30c4f98580f63a431d", "codec": "mp3", "replay_gain": -13.9756660461}, "tags": {"genre": ["Hip-Hop"], "albumartist": ["Vakill"], "date": ["2004"], "musicbrainz_recordingid": ["b4cb25df-024e-4ae4-bb3d-fa6237c0a3fa"], "file_name": "314840.mp3", "title": ["The Darkest Cloud"], "tracknumber": ["2"], "album": ["The Darkest Cloud"], "artist": ["Vakill"]}}, "lowlevel": {"melbands": {"dvar": [3.33891766786e-05, 3.53463910869e-05, 1.84624343547e-06, 1.4923443814e-06, 1.76207180402e-07, 1.54685338316e-07, 7.57054721134e-08, 4.85519365157e-07, 6.44826684493e-07, 1.37944780931e-07, 1.31155402983e-07, 5.93070232924e-08, 4.17488408289e-08, 7.58889910912e-08, 7.56227933607e-08, 6.2456983585e-08, 1.03772393345e-07, 4.63338380996e-08, 1.45169423149e-08, 5.79805048417e-09, 3.35402505769e-09, 2.34721198034e-09, 4.31808616641e-10, 4.25194518483e-10, 3.43115286183e-10, 3.12721293305e-10, 8.1051491907e-11, 2.34124525322e-11, 2.46024502853e-11, 2.18803482277e-11, 1.56777108656e-11, 1.50892683765e-11, 1.68223351915e-11, 1.09042748789e-11, 5.31569926965e-12, 1.37182745632e-12, 9.44530044455e-13, 9.62198636739e-13, 6.12090402235e-13, 4.53345341952e-13], "mean": [0.00170279620215, 0.00150266580749, 0.000282428634819, 0.000256400584476, 0.000154954701429, 7.77039313107e-05, 0.000102474390587, 0.000293610559311, 0.000263894500677, 0.000116541341413, 0.000124954181956, 0.000103024642158, 7.2945964348e-05, 8.4823834186e-05, 8.06080424809e-05, 0.000140174553962, 0.000143121389556, 0.000159963834449, 9.3818642199e-05, 5.39373613719e-05, 6.62413804093e-05, 2.99216135318e-05, 1.520308615e-05, 2.27657892538e-05, 1.49254819917e-05, 1.40778838613e-05, 6.05672448728e-06, 2.98875147564e-06, 3.26747363033e-06, 3.83623864764e-06, 3.24721736433e-06, 2.91007063424e-06, 2.48913602263e-06, 1.88188744232e-06, 1.41631289807e-06, 8.58079488353e-07, 7.29211592443e-07, 6.93846004651e-07, 5.74701005007e-07, 4.66551540512e-07], "min": [1.07016081541e-24, 1.90134844693e-24, 1.3778145963e-24, 1.81872591674e-24, 2.37588575232e-24, 2.94481519539e-24, 3.24105258126e-24, 2.66145675267e-24, 2.35829809844e-24, 2.26901994878e-24, 2.60607871712e-24, 2.46636967587e-24, 2.73624214699e-24, 2.77545346436e-24, 2.33321744925e-24, 2.99308815798e-24, 3.09689791437e-24, 3.67636949737e-24, 3.26013492934e-24, 2.57638342885e-24, 3.47869949275e-24, 3.30249597109e-24, 3.28884591641e-24, 5.11652303784e-24, 5.38739775674e-24, 5.54274734594e-24, 4.80456365414e-24, 5.11698254932e-24, 3.73337179752e-24, 5.78246560896e-24, 5.7308551731e-24, 5.00108349955e-24, 5.86040743298e-24, 6.00362158045e-24, 5.37235772915e-24, 5.10821041605e-24, 5.64322495387e-24, 5.59325889857e-24, 5.44849463942e-24, 5.30984760216e-24], "median": [1.16104265544e-05, 1.3414559362e-05, 4.20845244662e-05, 2.4506378395e-05, 1.52669726958e-05, 8.37080733618e-06, 1.39712910823e-05, 3.27378984366e-05, 2.71792123385e-05, 3.22454179695e-05, 2.76881710306e-05, 3.45071493939e-05, 2.73871610261e-05, 2.70133659797e-05, 2.20184156206e-05, 6.3315666921e-05, 7.21293326933e-05, 9.18283258216e-05, 4.86249482492e-05, 2.52228583122e-05, 3.94587150367e-05, 9.01335442904e-06, 7.34690229365e-06, 1.37472188726e-05, 7.41448320696e-06, 7.4384565778e-06, 2.50398488788e-06, 1.15391571853e-06, 1.25202632262e-06, 1.79542928436e-06, 1.46374725318e-06, 1.16748083201e-06, 7.40637574381e-07, 4.31210480656e-07, 2.74513837439e-07, 2.02566241114e-07, 1.53059062313e-07, 1.38049301768e-07, 1.19193529713e-07, 9.86001040815e-08], "dvar2": [8.85633780854e-05, 9.60129546002e-05, 5.27660722582e-06, 4.25414509664e-06, 4.62953408942e-07, 3.80073515771e-07, 1.89320758182e-07, 1.13328849238e-06, 1.52409381826e-06, 3.14920981737e-07, 2.9568161608e-07, 1.34830585807e-07, 1.08926805353e-07, 1.9197696588e-07, 1.97825045234e-07, 1.57856902661e-07, 2.7265417657e-07, 1.12430548427e-07, 3.30830012274e-08, 1.36520243998e-08, 8.02843125314e-09, 5.59271828848e-09, 9.24506693423e-10, 9.10118758135e-10, 7.35325855761e-10, 7.40447814174e-10, 1.93255675351e-10, 5.27093091396e-11, 4.65884067435e-11, 4.59827662058e-11, 3.36620419039e-11, 3.36340330587e-11, 3.78903540488e-11, 2.41212085028e-11, 1.18891146927e-11, 3.01149816889e-12, 2.05924535236e-12, 1.98822317117e-12, 1.22994897687e-12, 9.38420673634e-13], "var": [2.69732008746e-05, 2.55938339251e-05, 1.07139339889e-06, 9.11365873435e-07, 1.76806182139e-07, 1.54683135634e-07, 7.04050506783e-08, 5.67524409689e-07, 6.91587672463e-07, 1.48332375716e-07, 1.60925011983e-07, 7.42655217323e-08, 3.6286291305e-08, 6.98951225786e-08, 6.27270111409e-08, 6.93891522019e-08, 9.90590010019e-08, 6.27058724945e-08, 2.08816093306e-08, 8.62966409443e-09, 6.67442945357e-09, 3.65406971348e-09, 7.2276862273e-10, 8.6734541771e-10, 6.05961059108e-10, 4.89159879269e-10, 1.14361589643e-10, 3.06267546046e-11, 3.78582998284e-11, 3.31353312844e-11, 2.42081753948e-11, 2.43358892066e-11, 2.55665280613e-11, 1.73748255367e-11, 8.21878589491e-12, 2.28988594579e-12, 1.60949660717e-12, 1.73090697591e-12, 1.195969105e-12, 8.40586877448e-13], "dmean2": [0.00302414852194, 0.00294347479939, 0.000775785301812, 0.000634923693724, 0.000273876124993, 0.000147614904563, 0.000204261668841, 0.000490117934532, 0.000450368941529, 0.000180948976777, 0.000174927772605, 0.000140874981298, 0.000107866639155, 0.000131420281832, 0.00013584565022, 0.000160882409546, 0.000173353604623, 0.000173637177795, 9.82008277788e-05, 5.38111999049e-05, 6.2552979216e-05, 3.37605015375e-05, 1.42201142808e-05, 1.761405656e-05, 1.25055157696e-05, 1.40786178235e-05, 6.646640486e-06, 3.22393884744e-06, 3.27944417222e-06, 3.88633952753e-06, 3.37321057486e-06, 3.25197515849e-06, 3.01910699818e-06, 2.41224370257e-06, 1.93206005861e-06, 1.04413538793e-06, 8.81120797658e-07, 8.28552572329e-07, 6.53734389289e-07, 5.37966116099e-07], "max": [0.0545951649547, 0.0484411865473, 0.010598488152, 0.0178009644151, 0.00762588530779, 0.0162840802222, 0.00448259012774, 0.0111944293603, 0.0195363275707, 0.00843872409314, 0.00699061434716, 0.00742608448491, 0.00671076588333, 0.00872861221433, 0.00614743493497, 0.00522721139714, 0.00564069999382, 0.00524908769876, 0.0028221423272, 0.00160870503169, 0.00110003526788, 0.00117822957691, 0.0008005098789, 0.0004409798712, 0.000469703925774, 0.000372525682906, 0.000199049376533, 5.42915367987e-05, 6.35107935523e-05, 6.18808917352e-05, 7.31521504349e-05, 7.91799247963e-05, 8.26702598715e-05, 5.53306781512e-05, 3.15028009936e-05, 1.96935288841e-05, 1.22984338304e-05, 1.39055809996e-05, 9.9971293821e-06, 1.02808298834e-05], "dmean": [0.00177888059989, 0.00168482377194, 0.000415583985159, 0.000351394846803, 0.000166100682691, 8.93188844202e-05, 0.000120314303786, 0.000302509200992, 0.000280444073724, 0.000111392233521, 0.000111110348371, 8.807782433e-05, 6.48246787023e-05, 7.92728314991e-05, 8.09503471828e-05, 9.79455435299e-05, 0.000106858664367, 0.000109457956569, 6.18243066128e-05, 3.44663785654e-05, 3.92502479372e-05, 2.14585907088e-05, 9.15244709176e-06, 1.14071044663e-05, 8.31273609947e-06, 8.99983115232e-06, 4.29078590969e-06, 2.11527867577e-06, 2.2875394734e-06, 2.58519139607e-06, 2.24291147788e-06, 2.14110855268e-06, 1.96302266886e-06, 1.54772578753e-06, 1.23193467516e-06, 6.81089261434e-07, 5.82396637583e-07, 5.43951443888e-07, 4.32532402783e-07, 3.55535661356e-07]}, "spectral_decrease": {"dvar": 5.20000871683e-17, "mean": -5.49461498522e-09, "min": -5.90105813103e-08, "median": -2.90206370046e-09, "dvar2": 1.25091916763e-16, "var": 5.78358463899e-17, "dmean2": 5.74282177368e-09, "max": 2.51235630071e-17, "dmean": 3.66835140042e-09}, "spectral_rolloff": {"dvar": 1327844.25, "mean": 2510.87573242, "min": 43.06640625, "median": 2196.38671875, "dvar2": 2600194.25, "var": 4738121, "dmean2": 1203.27478027, "max": 19595.2148438, "dmean": 738.590820312}, "melbands_crest": {"dvar": 14.872718811, "mean": 12.8177814484, "min": 1.74501848221, "median": 11.3427362442, "dvar2": 36.008392334, "var": 40.1123847961, "dmean2": 6.81092691422, "max": 36.7487869263, "dmean": 4.22411775589}, "barkbands_skewness": {"dvar": 0.810206532478, "mean": 0.292346447706, "min": -3.9303855896, "median": 0.0175682064146, "dvar2": 1.8057333231, "var": 1.91930747032, "dmean2": 1.10794568062, "max": 10.2827262878, "dmean": 0.740723967552}, "spectral_centroid": {"dvar": 125495.117188, "mean": 1964.71862793, "min": 140.53717041, "median": 1976.00024414, "dvar2": 252218.3125, "var": 728320.0625, "dmean2": 483.927520752, "max": 11569.4609375, "dmean": 321.12322998}, "spectral_energyband_middle_low": {"dvar": 9.40301688388e-05, "mean": 0.00555646326393, "min": 1.72060092868e-22, "median": 0.00169029913377, "dvar2": 0.000250015960773, "var": 9.2784910521e-05, "dmean2": 0.00847040954977, "max": 0.0941594094038, "dmean": 0.0051254555583}, "erbbands_crest": {"dvar": 7.41122531891, "mean": 9.91333007812, "min": 2.55047106743, "median": 9.16204738617, "dvar2": 18.6318855286, "var": 14.8309612274, "dmean2": 4.99951171875, "max": 29.91746521, "dmean": 3.07509613037}, "dynamic_complexity": 3.3119122982, "spectral_energyband_low": {"dvar": 0.00071018881863, "mean": 0.00836309511214, "min": 1.94503406503e-23, "median": 0.000190355145605, "dvar2": 0.0017802749062, "var": 0.000628774927463, "dmean2": 0.0138442721218, "max": 0.219723135233, "dmean": 0.00836363900453}, "silence_rate_60dB": {"dvar": 0.0367905348539, "mean": 0.0804456546903, "min": 0, "median": 0, "dvar2": 0.0857544913888, "var": 0.0739726051688, "dmean2": 0.0765113607049, "max": 1, "dmean": 0.0382523238659}, "erbbands_kurtosis": {"dvar": 2.56477689743, "mean": 1.71331572533, "min": -1.72894895077, "median": 1.09777832031, "dvar2": 5.84166669846, "var": 5.69710874557, "dmean2": 2.36393404007, "max": 28.0906715393, "dmean": 1.51249659061}, "spectral_complexity": {"dvar": 18.9501686096, "mean": 19.564786911, "min": 0, "median": 19, "dvar2": 30.9957199097, "var": 84.6845779419, "dmean2": 5.89470911026, "max": 58, "dmean": 4.11510801315}, "barkbands_crest": {"dvar": 11.6838960648, "mean": 10.0144872665, "min": 2.16023135185, "median": 8.41230583191, "dvar2": 28.3822803497, "var": 28.3658046722, "dmean2": 5.65001916885, "max": 25.7933826447, "dmean": 3.47159385681}, "spectral_energy": {"dvar": 0.000759497110266, "mean": 0.0226814914495, "min": 1.01421689271e-20, "median": 0.0126638272777, "dvar2": 0.00182028557174, "var": 0.000870230374858, "dmean2": 0.0225161332637, "max": 0.224695339799, "dmean": 0.0144656524062}, "spectral_spread": {"dvar": 998164987904, "mean": 3807985, "min": 1281685.75, "median": 3129536.75, "dvar2": 1667862757380.0, "var": 9514978902020.0, "dmean2": 1044855.9375, "max": 42511240, "dmean": 740737.8125}, "spectral_contrast_valleys": {"dvar": [0.301523298025, 0.378716528416, 0.171974793077, 0.0988119766116, 0.0987683460116, 0.315203338861], "mean": [-8.97108840942, -7.72149991989, -7.56265830994, -7.16898345947, -7.68907642365, -10.7584762573], "min": [-27.9649181366, -27.8010997772, -27.7688331604, -27.6257820129, -27.456451416, -27.3911876678], "median": [-8.94304847717, -7.55170440674, -7.39299821854, -7.00986146927, -7.5513958931, -10.4416122437], "dvar2": [0.629359126091, 0.906219124794, 0.36753320694, 0.19954867661, 0.156964808702, 0.546269953251], "var": [3.5382297039, 3.23230075836, 2.91224217415, 2.78698062897, 2.78374648094, 3.33455371857], "dmean2": [0.834614753723, 0.913348376751, 0.657176673412, 0.486625790596, 0.413419634104, 0.743839800358], "max": [-5.13917779922, -4.69011926651, -5.3347826004, -5.36682033539, -5.67322158813, -8.37240123749], "dmean": [0.530651986599, 0.57185447216, 0.424275249243, 0.305718630552, 0.291537970304, 0.561648786068]}, "spectral_rms": {"dvar": 2.83945200863e-06, "mean": 0.00406001042575, "min": 3.145599883e-12, "median": 0.00351496133953, "dvar2": 6.24556332696e-06, "var": 5.64460151509e-06, "dmean2": 0.00178612896707, "max": 0.0148059101775, "dmean": 0.00121959205717}, "barkbands_spread": {"dvar": 48.477596283, "mean": 20.8630847931, "min": 0.329004973173, "median": 18.7330875397, "dvar2": 105.740074158, "var": 123.814613342, "dmean2": 10.1722002029, "max": 101.129623413, "dmean": 6.67920541763}, "pitch_salience": {"dvar": 0.00866949930787, "mean": 0.562609672546, "min": 0.0723197460175, "median": 0.606108129025, "dvar2": 0.0209125988185, "var": 0.0237010028213, "dmean2": 0.147511661053, "max": 0.944902002811, "dmean": 0.0917640924454}, "erbbands_skewness": {"dvar": 0.162560552359, "mean": -0.210788905621, "min": -3.08103728294, "median": -0.229370832443, "dvar2": 0.365883201361, "var": 0.544794201851, "dmean2": 0.686442434788, "max": 3.38470959663, "dmean": 0.454793155193}, "spectral_energyband_middle_high": {"dvar": 3.25399741996e-05, "mean": 0.00851308275014, "min": 1.16341478932e-21, "median": 0.00555816711858, "dvar2": 6.43480962026e-05, "var": 7.94248990132e-05, "dmean2": 0.00540584744886, "max": 0.0883272439241, "dmean": 0.00370877003297}, "erbbands": {"dvar": [0.302794933319, 31.5234146118, 112.503135681, 59.1778373718, 183.7918396, 223.679458618, 178.985351562, 335.488983154, 230.512329102, 3253.06274414, 10626.3935547, 3404.17480469, 5082.01660156, 3303.61352539, 3406.15234375, 10705.3466797, 9566.59960938, 24547.6152344, 13057.8671875, 3283.06933594, 2198.59228516, 1434.39221191, 244.11164856, 404.061645508, 377.431213379, 58.8172416687, 71.3422851562, 40.2844047546, 45.5152435303, 33.7830047607, 10.5537281036, 2.27566456795, 1.52647328377, 0.599981248379, 0.156621739268, 0.0315777286887, 0.00420410791412, 0.000194120118977, 2.00354838853e-06, 1.93297444717e-09], "mean": [0.157548770308, 1.58197963238, 2.02280473709, 1.49611246586, 2.61599087715, 3.9031624794, 4.50237941742, 3.23519802094, 5.71344137192, 23.6039676666, 34.612613678, 19.0862541199, 25.0261974335, 25.6144313812, 22.0215320587, 32.5762367249, 50.2636184692, 78.5789718628, 92.9682617188, 51.674331665, 55.96667099, 27.8558311462, 20.2893505096, 19.6020107269, 15.0186033249, 5.37418794632, 5.8032708168, 5.77720022202, 5.0817322731, 3.64399266243, 2.24288487434, 1.2483086586, 0.951705515385, 0.582470834255, 0.265364289284, 0.10677704215, 0.033037122339, 0.00600084569305, 0.00043089184328, 3.82255420845e-05], "min": [8.87050863856e-23, 6.04213533179e-22, 4.28522895427e-21, 7.13961316341e-21, 8.78277513851e-21, 5.25067983402e-20, 5.52771328404e-20, 1.32220232649e-19, 2.08982864913e-19, 2.08499494167e-19, 2.93622259936e-19, 3.81273781461e-19, 5.77548257032e-19, 8.09799014643e-19, 1.16467578255e-18, 1.42329897094e-18, 1.34442626556e-18, 1.98716452327e-18, 2.85710292886e-18, 2.51104550895e-18, 3.33873938708e-18, 4.04807261173e-18, 6.14403330584e-18, 7.35836132844e-18, 7.11385666553e-18, 8.41263197046e-18, 8.01532802326e-18, 1.10929527539e-17, 9.62707621193e-18, 1.14324293317e-17, 1.05818783853e-17, 9.08376247891e-18, 9.17408067563e-18, 7.71382482589e-18, 7.00876254153e-18, 4.2109208997e-18, 2.2718931182e-18, 9.47814254944e-19, 2.20963412863e-19, 2.8289534944e-20], "median": [0.000873369979672, 0.00874660350382, 0.0315176136792, 0.24852617085, 0.281004935503, 0.406746178865, 0.394959330559, 0.436591297388, 0.940362334251, 2.93454265594, 3.47170805931, 4.84358167648, 6.00329446793, 9.27789115906, 7.62962770462, 10.3212881088, 21.6761112213, 43.080821991, 54.4293708801, 26.9425392151, 33.5786590576, 11.112247467, 13.7278804779, 10.9163885117, 7.65233707428, 2.25076055527, 2.46464729309, 2.80215764046, 1.99164962769, 0.997458696365, 0.514684200287, 0.315889209509, 0.216738283634, 0.13255238533, 0.0548350214958, 0.0161188971251, 0.00342923752032, 0.000519427878316, 3.44626932929e-05, 2.42974492721e-05], "dvar2": [0.806399166584, 85.529335022, 319.98538208, 169.185317993, 528.836242676, 627.558410645, 473.540802002, 811.565917969, 580.835021973, 7762.15771484, 25123.9980469, 7892.75439453, 11492.8388672, 7604.04101562, 8746.48535156, 27819.3183594, 24232.5273438, 63512.421875, 31117.1855469, 7380.15136719, 5062.07324219, 3306.90454102, 521.161560059, 842.934204102, 895.207885742, 129.931381226, 139.984298706, 83.1329040527, 98.5327835083, 72.9822235107, 22.9171981812, 4.83896684647, 3.01730680466, 1.19001078606, 0.315226197243, 0.0638008639216, 0.00852455198765, 0.000401310826419, 4.57880378235e-06, 4.57513005259e-09], "var": [0.240241929889, 24.2459869385, 68.4215545654, 34.3761749268, 106.436714172, 150.242248535, 177.975311279, 327.976959229, 210.200790405, 3580.56176758, 11393.9121094, 3628.50390625, 6191.25488281, 4069.29125977, 3208.06396484, 9380.83105469, 10049.984375, 24724.1953125, 18600.6308594, 5446.29296875, 4645.97509766, 2489.62426758, 528.488830566, 806.256408691, 561.881469727, 83.3077163696, 104.467277527, 66.5188903809, 75.9290008545, 56.5788154602, 17.6067256927, 4.12154245377, 2.98823475838, 1.20133566856, 0.296317905188, 0.0572700798512, 0.00737902661785, 0.000320048740832, 2.67457085101e-06, 2.62791699512e-09], "dmean2": [0.29331356287, 2.86181783676, 4.96220588684, 4.02205371857, 7.1823220253, 8.53833961487, 8.15361690521, 6.03265047073, 11.3565559387, 40.6286430359, 58.2845687866, 29.5828094482, 34.2524719238, 33.5242195129, 31.6405086517, 49.7387580872, 61.1369781494, 85.3704071045, 91.6212234497, 45.0598869324, 49.7860527039, 27.242767334, 14.6485586166, 14.4672927856, 14.8633670807, 5.21479558945, 5.63909482956, 5.51427364349, 5.53989171982, 4.28021717072, 2.81487226486, 1.43126535416, 1.06563639641, 0.637547910213, 0.30172714591, 0.124975822866, 0.0412115231156, 0.007881606929, 0.000647733919322, 3.66608146578e-05], "max": [5.11121368408, 48.9272575378, 85.616065979, 64.3301696777, 184.547668457, 209.682937622, 273.70803833, 792.472473145, 212.774261475, 754.764831543, 2400.96411133, 1256.54675293, 1394.7286377, 1642.66992188, 1484.52563477, 1929.92053223, 1867.19580078, 3014.6887207, 2391.00512695, 1479.14941406, 963.056762695, 1136.8873291, 355.728515625, 506.480163574, 349.84286499, 101.62677002, 95.6180114746, 102.255104065, 132.981399536, 102.984954834, 41.1895942688, 18.070941925, 13.2288322449, 11.2587785721, 4.84815406799, 2.48341536522, 1.1974966526, 0.303582698107, 0.0310070812702, 0.000955741328653], "dmean": [0.171953141689, 1.65952527523, 2.67626166344, 2.15723443031, 3.88110160828, 4.86768865585, 4.92925310135, 3.64951467514, 6.66340303421, 24.8371257782, 36.3437004089, 18.2418193817, 21.7951278687, 21.0401039124, 19.1393089294, 29.6727218628, 36.9905929565, 53.1553993225, 58.488079071, 29.7353820801, 31.6714687347, 17.5693836212, 9.56341648102, 9.82360076904, 9.51592636108, 3.47498130798, 3.89738082886, 3.72003960609, 3.68258786201, 2.80429959297, 1.82919645309, 0.954823374748, 0.710587024689, 0.4255220294, 0.202427923679, 0.0840430036187, 0.0273986235261, 0.00512672308832, 0.000410416047089, 2.35604329646e-05]}, "dissonance": {"dvar": 0.000292054901365, "mean": 0.47705951333, "min": 0.240917980671, "median": 0.483499288559, "dvar2": 0.00073465006426, "var": 0.000491686107125, "dmean2": 0.0252417530864, "max": 0.500000059605, "dmean": 0.0152512239292}, "erbbands_flatness_db": {"dvar": 0.000656656804495, "mean": 0.211775228381, "min": 0.0614981614053, "median": 0.212909981608, "dvar2": 0.0012583474163, "var": 0.00287450943142, "dmean2": 0.0397505275905, "max": 0.413590461016, "dmean": 0.0281011946499}, "melbands_kurtosis": {"dvar": 397.843841553, "mean": 5.74449300766, "min": -1.66959142685, "median": 0.594080448151, "dvar2": 1035.44836426, "var": 343.654907227, "dmean2": 11.4942293167, "max": 377.174621582, "dmean": 6.91138029099}, "melbands_spread": {"dvar": 139.716629028, "mean": 36.0367851257, "min": 0.150425970554, "median": 33.9550170898, "dvar2": 298.411254883, "var": 434.994659424, "dmean2": 18.1114387512, "max": 171.0990448, "dmean": 11.8233146667}, "melbands_skewness": {"dvar": 1.74575543404, "mean": 1.15513944626, "min": -2.88441562653, "median": 0.639527082443, "dvar2": 3.88558936119, "var": 3.83925580978, "dmean2": 1.42234313488, "max": 16.3756198883, "dmean": 0.951887011528}, "spectral_entropy": {"dvar": 0.0341829173267, "mean": 7.67382955551, "min": 5.15720844269, "median": 7.63386106491, "dvar2": 0.0645320117474, "var": 0.143222764134, "dmean2": 0.270492851734, "max": 9.82195854187, "dmean": 0.189553156495}, "zerocrossingrate": {"dvar": 0.000317141821142, "mean": 0.0853061452508, "min": 0.00146484375, "median": 0.078125, "dvar2": 0.000375445641112, "var": 0.00319990911521, "dmean2": 0.0176683943719, "max": 0.587890625, "dmean": 0.0154257118702}, "average_loudness": 0.955244660378, "spectral_contrast_coeffs": {"dvar": [0.00320021272637, 0.00400482490659, 0.00148495123722, 0.000815763545688, 0.000484635354951, 0.00076711300062], "mean": [-0.629484891891, -0.732237100601, -0.763334095478, -0.755063474178, -0.766670107841, -0.722678542137], "min": [-0.981452286243, -0.974449276924, -0.976478993893, -0.972096085548, -0.964951276779, -0.964232385159], "median": [-0.634024918079, -0.752439796925, -0.770993947983, -0.757913410664, -0.768881440163, -0.721924543381], "dvar2": [0.00768691534176, 0.00897914171219, 0.0034991435241, 0.00198104698211, 0.00110522622708, 0.00156042573508], "var": [0.0101870410144, 0.0100578321144, 0.00394652737305, 0.0025797043927, 0.00206597172655, 0.00362948072143], "dmean2": [0.0948026329279, 0.111313171685, 0.0705144330859, 0.0554529540241, 0.0416418164968, 0.0445373021066], "max": [-0.248410448432, -0.350567907095, -0.466556310654, -0.526563942432, -0.586417734623, -0.536257266998], "dmean": [0.0595200769603, 0.0710861086845, 0.0438725762069, 0.0350043065846, 0.0264993980527, 0.029915548861]}, "barkbands_flatness_db": {"dvar": 0.000928563764319, "mean": 0.137082517147, "min": 0.0208610761911, "median": 0.133343070745, "dvar2": 0.00204949849285, "var": 0.00296913366765, "dmean2": 0.0468961521983, "max": 0.58567160368, "dmean": 0.031170444563}, "silence_rate_30dB": {"dvar": 0.038089081645, "mean": 0.972980082035, "min": 0, "median": 1, "dvar2": 0.0983009487391, "var": 0.0262914188206, "dmean2": 0.0793191194534, "max": 1, "dmean": 0.0396560803056}, "spectral_energyband_high": {"dvar": 2.53095720382e-07, "mean": 0.00054928730242, "min": 7.130473787e-21, "median": 0.000261721288553, "dvar2": 4.83259782413e-07, "var": 5.10032009515e-07, "dmean2": 0.000471454288345, "max": 0.00589561322704, "dmean": 0.000328207970597}, "melbands_flatness_db": {"dvar": 0.00147202017251, "mean": 0.167392328382, "min": 0.00367199955508, "median": 0.156461268663, "dvar2": 0.00302271638066, "var": 0.00632136082277, "dmean2": 0.0539884790778, "max": 0.715839087963, "dmean": 0.0371915586293}, "barkbands": {"dvar": [3.57522310424e-07, 0.000518710876349, 7.7011740359e-05, 3.77901346837e-06, 2.11700116779e-05, 4.40673738922e-06, 3.93483969674e-06, 2.12505692616e-05, 7.53582571633e-06, 4.53223356089e-06, 2.48941660175e-06, 6.03194575888e-06, 5.38278936801e-06, 9.61586738413e-06, 3.17039075526e-06, 9.19481749406e-07, 4.66458942583e-07, 1.26337567963e-07, 1.62845225304e-07, 2.43852902315e-08, 3.41842003593e-08, 3.3331851057e-08, 1.62530913173e-08, 4.73091743558e-09, 3.50576456754e-09, 1.20404153314e-09, 6.02585065179e-11], "mean": [0.00022099664784, 0.00667678238824, 0.00129043136258, 0.000433470238931, 0.00110825744923, 0.000496960419696, 0.000714680470992, 0.00166222895496, 0.000892657088116, 0.000746279198211, 0.000591161311604, 0.000782858754974, 0.00116019078996, 0.00172606250271, 0.00137671513949, 0.000965830520727, 0.000478684029076, 0.000402461591875, 0.000346109532984, 0.000111400011519, 0.00015075263218, 0.000136311689857, 8.60528598423e-05, 5.72710268898e-05, 4.42569835286e-05, 2.01121038117e-05, 2.47512775786e-06], "min": [8.10225082775e-25, 1.93518486053e-24, 2.66733810515e-24, 9.85562385862e-25, 1.13281427843e-23, 1.15166892181e-23, 1.52705295896e-23, 7.82074334853e-24, 1.55680500577e-23, 1.38393844462e-23, 1.34086632365e-23, 2.68972980361e-23, 2.68822055493e-23, 3.86661971297e-23, 5.51243883665e-23, 4.73073668637e-23, 6.2781665536e-23, 9.42474274682e-23, 1.58082600966e-22, 1.56858377193e-22, 2.69972460817e-22, 3.07948174307e-22, 3.99751388836e-22, 6.34712031734e-22, 9.51989161511e-22, 1.28193113127e-21, 1.95736842909e-21], "median": [3.30024231516e-05, 3.59596451744e-05, 2.7146172215e-05, 7.99229892436e-05, 0.000124730358948, 4.46416524937e-05, 8.06016469141e-05, 0.000103628750367, 0.000263303314568, 9.6627700259e-05, 0.000239321234403, 0.000251108838711, 0.00047374406131, 0.000930241600145, 0.000752812600695, 0.000544595182873, 0.000163828837685, 0.000246675655944, 0.00017384372768, 4.49154722446e-05, 6.99750671629e-05, 5.25417999597e-05, 1.98559609998e-05, 1.40770607686e-05, 1.04130203908e-05, 2.41682391788e-06, 1.16341176692e-07], "dvar2": [9.10139874577e-07, 0.00138481939211, 0.000224572853767, 1.08429576358e-05, 6.02216059633e-05, 1.11987137643e-05, 9.86077429843e-06, 4.97816181451e-05, 1.71904739545e-05, 1.0448530702e-05, 6.42792565486e-06, 1.5671541405e-05, 1.39066951306e-05, 2.47454227065e-05, 7.45571514926e-06, 2.17490492105e-06, 1.03633533399e-06, 2.72449398153e-07, 3.64155170018e-07, 5.46655485323e-08, 6.8439270251e-08, 7.16842265547e-08, 3.53027864719e-08, 9.50790646215e-09, 6.81985445894e-09, 2.3715762687e-09, 1.35368147247e-10], "var": [3.61211903055e-07, 0.000414779235143, 4.25531507062e-05, 2.18451009459e-06, 1.33691482915e-05, 4.5766837502e-06, 3.63415688298e-06, 2.38154043473e-05, 8.13378210296e-06, 5.73042416363e-06, 2.16589523916e-06, 5.3744829529e-06, 5.44975409866e-06, 1.05610397441e-05, 4.34045887232e-06, 1.66998745499e-06, 8.40616621645e-07, 2.56639225427e-07, 2.83713006866e-07, 3.56799247925e-08, 5.24286605241e-08, 5.70957041646e-08, 2.71308415734e-08, 9.35771993227e-09, 7.18056059057e-09, 2.27353158522e-09, 8.38420513571e-11], "dmean2": [0.000349562207703, 0.0117101930082, 0.00398084335029, 0.00111886777449, 0.00254232529551, 0.000939051038586, 0.00142709387001, 0.00279761711136, 0.00140266236849, 0.00112452462781, 0.000878926250152, 0.00123577949125, 0.00148765766062, 0.00194596557412, 0.00146430067252, 0.000903117179405, 0.000508537923452, 0.000301478256006, 0.000320015038596, 0.00011302105122, 0.00014362426009, 0.000147569793626, 0.000108859305328, 6.35002143099e-05, 4.76976965729e-05, 2.3630571377e-05, 3.74561295757e-06], "max": [0.00727749243379, 0.208362013102, 0.0725639536977, 0.0177532117814, 0.0669212639332, 0.0756322667003, 0.0361503660679, 0.0844191536307, 0.0616192482412, 0.0472276061773, 0.0531547628343, 0.0593814738095, 0.0442566387355, 0.053735114634, 0.0415191911161, 0.0166839901358, 0.0172763783485, 0.00700143212453, 0.00666012335569, 0.00269370875321, 0.00201401300728, 0.00364813045599, 0.00169828929938, 0.000800281995907, 0.000830191303976, 0.000570413132664, 0.000161136340466], "dmean": [0.000205474629183, 0.00687756994739, 0.00208225892857, 0.000601494510192, 0.00142958690412, 0.000570305914152, 0.000841293600388, 0.00173512310721, 0.000851180870086, 0.00070617266465, 0.000528857577592, 0.000736636691727, 0.000888755836058, 0.00120837485883, 0.000915838929359, 0.000569152762182, 0.000327502610162, 0.000197136265342, 0.000212733910303, 7.47541344026e-05, 9.76664596237e-05, 9.83532663668e-05, 7.02420584275e-05, 4.27842896897e-05, 3.20304716297e-05, 1.59259798238e-05, 2.3615630198e-06]}, "erbbands_spread": {"dvar": 68.8225860596, "mean": 20.950220108, "min": 1.83156991005, "median": 18.3958206177, "dvar2": 155.736450195, "var": 145.008987427, "dmean2": 10.8521242142, "max": 128.806228638, "dmean": 7.22029495239}, "barkbands_kurtosis": {"dvar": 48.5805854797, "mean": 1.84916460514, "min": -1.84585022926, "median": 0.30560874939, "dvar2": 129.94744873, "var": 39.0030097961, "dmean2": 4.69562625885, "max": 116.564079285, "dmean": 2.80314779282}, "spectral_flux": {"dvar": 0.00227231648751, "mean": 0.100403793156, "min": 6.43558262237e-11, "median": 0.0779679641128, "dvar2": 0.00445780484006, "var": 0.00547765474766, "dmean2": 0.0528055466712, "max": 0.427453279495, "dmean": 0.0357687324286}, "silence_rate_20dB": {"dvar": 0, "mean": 1, "min": 1, "median": 1, "dvar2": 0, "var": 0, "dmean2": 0, "max": 1, "dmean": 0}, "gfcc": {"cov": [[15451.3154297, -204.43145752, -204.610153198, 17.945936203, -1176.50073242, 298.352600098, -997.412780762, 343.059295654, -357.099609375, 272.440185547, -215.216461182, 106.044197083, -143.933197021], [-204.43145752, 2167.6940918, -364.012481689, 328.675872803, 486.065765381, -179.916000366, 498.736358643, -127.859611511, 271.127868652, -10.3855514526, 226.030227661, -128.415603638, 152.445404053], [-204.610153198, -364.012481689, 1448.30297852, 144.368423462, 189.64755249, 437.171203613, 7.3818154335, 200.068908691, 49.4592628479, 228.788772583, 54.3808326721, 183.607223511, -21.6588001251], [17.945936203, 328.675872803, 144.368423462, 490.798339844, 267.276794434, 151.983169556, 193.633483887, -24.0813655853, 135.316253662, 52.6612663269, 74.3207092285, 19.563287735, 56.1191444397], [-1176.50073242, 486.065765381, 189.64755249, 267.276794434, 598.006591797, 208.404342651, 370.240905762, 34.395866394, 173.863250732, 55.9147224426, 95.3146591187, 2.64178705215, 48.2861862183], [298.352600098, -179.916000366, 437.171203613, 151.983169556, 208.404342651, 447.304931641, 157.369812012, 159.745269775, 94.2028503418, 129.508651733, 55.4662818909, 60.1884155273, -0.579796850681], [-997.412780762, 498.736358643, 7.3818154335, 193.633483887, 370.240905762, 157.369812012, 467.525878906, 37.0725746155, 185.27406311, 37.5181694031, 111.083961487, 4.15859794617, 41.3808059692], [343.059295654, -127.859611511, 200.068908691, -24.0813655853, 34.395866394, 159.745269775, 37.0725746155, 258.90045166, 87.0444488525, 92.914855957, 40.1401367188, 32.4968566895, 15.6116886139], [-357.099609375, 271.127868652, 49.4592628479, 135.316253662, 173.863250732, 94.2028503418, 185.27406311, 87.0444488525, 241.221817017, 75.9911422729, 88.1889343262, 0.0301628746092, 36.8496322632], [272.440185547, -10.3855514526, 228.788772583, 52.6612663269, 55.9147224426, 129.508651733, 37.5181694031, 92.914855957, 75.9911422729, 158.099090576, 60.6966896057, 47.2058258057, 5.86883640289], [-215.216461182, 226.030227661, 54.3808326721, 74.3207092285, 95.3146591187, 55.4662818909, 111.083961487, 40.1401367188, 88.1889343262, 60.6966896057, 140.549499512, 24.5838356018, 42.6100540161], [106.044197083, -128.415603638, 183.607223511, 19.563287735, 2.64178705215, 60.1884155273, 4.15859794617, 32.4968566895, 0.0301628746092, 47.2058258057, 24.5838356018, 126.671562195, 13.7442579269], [-143.933197021, 152.445404053, -21.6588001251, 56.1191444397, 48.2861862183, -0.579796850681, 41.3808059692, 15.6116886139, 36.8496322632, 5.86883640289, 42.6100540161, 13.7442579269, 97.0201263428]], "mean": [-43.6247253418, 68.1307601929, -169.362457275, 19.7719898224, -43.1656570435, 18.748670578, -33.4711799622, 3.38396692276, -14.9490938187, 3.45278716087, -19.878112793, -6.26856660843, -12.992890358], "icov": [[0.000161718577147, -0.000285862683086, 0.000202638460905, -0.000236823194427, 0.000379265722586, -0.000517880893312, 0.00045040313853, -0.000343567779055, 0.000266115384875, -0.000296602171147, 0.000362210645108, -0.00036890397314, 0.000352683127858], [-0.000285862683086, 0.00158213230316, -0.000408002175391, 0.000191770290257, -0.00104279711377, 0.00188568641897, -0.00152809696738, 0.000942950195167, -0.00065257307142, 0.000217394757783, -0.00158648996148, 0.00171726208646, -0.00139357417356], [0.000202638460905, -0.000408002175391, 0.00158388353884, -0.000401902390877, -1.11890731205e-05, -0.00151702808216, 0.0012535431888, -0.000658975739498, 0.000567067007069, -0.00119746965356, 0.00054314447334, -0.00173142726999, 0.000959440250881], [-0.000236823194427, 0.000191770290257, -0.000401902390877, 0.00379607616924, -0.00123348180205, -0.000419073941885, -0.000442031101556, 0.00214903615415, -0.00169615633786, 0.000316288002068, -0.000372659997083, 0.00021915337129, -0.00172630534507], [0.000379265722586, -0.00104279711377, -1.11890731205e-05, -0.00123348180205, 0.00506567582488, -0.00204123836011, -0.00130763964262, -0.000511132879183, 0.000340089260135, -0.000426503946073, 0.00137709116098, -0.000275972881354, 0.000349714624463], [-0.000517880893312, 0.00188568641897, -0.00151702808216, -0.000419073941885, -0.00204123836011, 0.0075044138357, -0.00325609254651, -0.000806516152807, -7.9967896454e-05, -0.000797147222329, -0.00151766592171, 0.00207758508623, -0.000797359156422], [0.00045040313853, -0.00152809696738, 0.0012535431888, -0.000442031101556, -0.00130763964262, -0.00325609254651, 0.00743822427467, -0.000836706080008, -0.00127088953741, 0.000721330347005, -0.000280226988252, -0.0025747413747, 0.0021251111757], [-0.000343567779055, 0.000942950195167, -0.000658975739498, 0.00214903615415, -0.000511132879183, -0.000806516152807, -0.000836706080008, 0.00773245515302, -0.00306704360992, -0.0010615758365, -0.000840153894387, 0.00114414223935, -0.00258328602649], [0.000266115384875, -0.00065257307142, 0.000567067007069, -0.00169615633786, 0.000340089260135, -7.9967896454e-05, -0.00127088953741, -0.00306704360992, 0.00918586365879, -0.00299378950149, -0.000886121124495, 0.000659177370835, 0.000381670892239], [-0.000296602171147, 0.000217394757783, -0.00119746965356, 0.000316288002068, -0.000426503946073, -0.000797147222329, 0.000721330347005, -0.0010615758365, -0.00299378950149, 0.0131174912676, -0.00406063627452, -0.00143459497485, 0.00116898980923], [0.000362210645108, -0.00158648996148, 0.00054314447334, -0.000372659997083, 0.00137709116098, -0.00151766592171, -0.000280226988252, -0.000840153894387, -0.000886121124495, -0.00406063627452, 0.0137616246939, -0.0026471617166, -0.00215948559344], [-0.00036890397314, 0.00171726208646, -0.00173142726999, 0.00021915337129, -0.000275972881354, 0.00207758508623, -0.0025747413747, 0.00114414223935, 0.00