{"tonal": {"hpcp": {"dvar": [0.0560775510967, 0.0479644015431, 0.0333775468171, 0.0280557144433, 0.0341664850712, 0.0365631990135, 0.0425941683352, 0.0560848265886, 0.0495833791792, 0.0510532967746, 0.0493036098778, 0.0505194403231, 0.0493129380047, 0.0510820746422, 0.044137775898, 0.036443028599, 0.0326157733798, 0.0357201434672, 0.036710832268, 0.0403482280672, 0.0450183898211, 0.0523099675775, 0.0490521639585, 0.0461899973452, 0.0731005817652, 0.0324273444712, 0.026844823733, 0.0272176284343, 0.0220765657723, 0.0181251689792, 0.0261335857213, 0.0347734764218, 0.0444692075253, 0.0616643205285, 0.0604175888002, 0.0556490309536], "var": [0.0774810314178, 0.0610917583108, 0.0319474563003, 0.0247497595847, 0.0313550122082, 0.0366471707821, 0.0558197945356, 0.071191817522, 0.0533894225955, 0.0445517711341, 0.0412561483681, 0.0472284220159, 0.0946916565299, 0.106462851167, 0.0500290431082, 0.0288406983018, 0.0238673780113, 0.0354068763554, 0.0552303642035, 0.0501582361758, 0.0497896410525, 0.0991152152419, 0.0802534669638, 0.0576134808362, 0.106587409973, 0.0412679985166, 0.0242919418961, 0.0354708731174, 0.0247069559991, 0.013721964322, 0.018039079383, 0.0273590553552, 0.0482334494591, 0.0912709161639, 0.0924824997783, 0.0729863718152], "median": [0.0227351635695, 0.011613282375, 0.0101484227926, 0.00944243464619, 0.00983515102416, 0.0154567696154, 0.0307970177382, 0.0346401371062, 0.0245071388781, 0.0123962406069, 0.0111804809421, 0.0211959667504, 0.0387543365359, 0.0396571420133, 0.0199382994324, 0.00640459451824, 0.00530624622479, 0.00949896592647, 0.0213922765106, 0.02535963431, 0.032013617456, 0.0341161042452, 0.0366602428257, 0.0520026423037, 0.0268507022411, 0.01823140122, 0.00713124172762, 0.0112617369741, 0.0122166145593, 0.00711497478187, 0.00465325824916, 0.00834954995662, 0.0396795496345, 0.105234600604, 0.121222145855, 0.0653928294778], "max": [1, 1, 1, 1, 1, 1, 1, 1, 1, 1, 1, 1, 1, 1, 1, 1, 1, 1, 1, 1, 1, 1, 1, 1, 1, 1, 1, 1, 1, 1, 1, 1, 1, 1, 1, 1], "dmean": [0.153209134936, 0.128620132804, 0.0964066535234, 0.0851567909122, 0.0954974740744, 0.107279799879, 0.131304815412, 0.153414264321, 0.132165029645, 0.12567974627, 0.120490789413, 0.128284946084, 0.144053176045, 0.143651843071, 0.122135676444, 0.0927683487535, 0.0845027714968, 0.0928890779614, 0.0986649170518, 0.111989408731, 0.135381251574, 0.146603047848, 0.144946470857, 0.156233370304, 0.173521101475, 0.115670092404, 0.0782538056374, 0.0805839300156, 0.0736076980829, 0.0624737516046, 0.0724125877023, 0.0939115062356, 0.143800586462, 0.203008472919, 0.204621478915, 0.175852134824], "dmean2": [0.274197161198, 0.231666773558, 0.172691076994, 0.153363496065, 0.170937538147, 0.190460920334, 0.229559376836, 0.272618561983, 0.237244397402, 0.227437317371, 0.219173878431, 0.231370553374, 0.251246899366, 0.246857523918, 0.214841663837, 0.168163478374, 0.154104575515, 0.167174816132, 0.177117168903, 0.199552848935, 0.237712517381, 0.253673374653, 0.250753074884, 0.275619924068, 0.310748428106, 0.204837456346, 0.140084549785, 0.139976397157, 0.12764121592, 0.113367810845, 0.134239941835, 0.172596901655, 0.250137418509, 0.351037025452, 0.355634391308, 0.307877659798], "mean": [0.165234237909, 0.130346804857, 0.0842597037554, 0.0711357146502, 0.0801890715957, 0.0980404540896, 0.14573648572, 0.167531967163, 0.128240987659, 0.102966576815, 0.0963157117367, 0.117208406329, 0.205872014165, 0.218148440123, 0.125477865338, 0.071519613266, 0.062865704298, 0.0835166871548, 0.117050752044, 0.118244662881, 0.1365788728, 0.205157265067, 0.184220939875, 0.175001993775, 0.209385916591, 0.125824734569, 0.0664805993438, 0.0852100998163, 0.0726932957768, 0.0482408851385, 0.0513831041753, 0.0717552751303, 0.141318023205, 0.247692704201, 0.255084961653, 0.190847203135], "dvar2": [0.150827392936, 0.134006217122, 0.0915274694562, 0.0780739486217, 0.093494027853, 0.100339569151, 0.113053411245, 0.151540398598, 0.139384970069, 0.145358428359, 0.138073027134, 0.141644671559, 0.13093008101, 0.129416048527, 0.119387477636, 0.100826144218, 0.0919093936682, 0.0956305861473, 0.0990492478013, 0.110337480903, 0.121908903122, 0.132405474782, 0.127479478717, 0.123014435172, 0.188323616982, 0.0886463150382, 0.0749032199383, 0.0691165030003, 0.0580825954676, 0.0507677011192, 0.0748544409871, 0.0982705056667, 0.121788114309, 0.16177418828, 0.164008587599, 0.149588361382], "min": [0, 0, 0, 0, 0, 0, 0, 0, 0, 0, 0, 0, 0, 0, 0, 0, 0, 0, 0, 0, 0, 0, 0, 0, 0, 0, 0, 0, 0, 0, 0, 0, 0, 0, 0, 0]}, "key_key": "C#", "thpcp": [1, 0.748171150684, 0.647761583328, 0.510993659496, 0.33032014966, 0.278870671988, 0.314362198114, 0.384344309568, 0.571325302124, 0.656769275665, 0.50273835659, 0.403656005859, 0.377582877874, 0.459487706423, 0.807072341442, 0.855199158192, 0.491906166077, 0.280375659466, 0.246450066566, 0.327407330275, 0.458869665861, 0.463550120592, 0.535425007343, 0.804270327091, 0.722194433212, 0.686053752899, 0.82084774971, 0.493265986443, 0.260621398687, 0.334045946598, 0.284976810217, 0.189116925001, 0.201435253024, 0.281299501657, 0.554003715515, 0.971020400524], "chords_key": "C#", "tuning_equal_tempered_deviation": 0.178897812963, "tuning_frequency": 434.193115234, "tuning_diatonic_strength": 0.61553889513, "chords_histogram": [21.083990097, 22.1987323761, 9.70593929291, 0.211416497827, 0, 0.153757452965, 1.05708241463, 23.8131847382, 2.21026325226, 13.4729967117, 0, 0, 0, 0, 0.269075542688, 0.980203747749, 0.768787264824, 0.326734572649, 0, 0, 0, 0, 0.269075542688, 3.47876214981], "key_strength": 0.685764729977, "key_scale": "minor", "chords_strength": {"dvar": 9.12493778742e-05, "var": 0.0078212460503, "median": 0.553224921227, "max": 0.818465769291, "dmean": 0.0114458631724, "dmean2": 0.0133206341416, "mean": 0.542395472527, "dvar2": 0.000134966903715, "min": 0.248145282269}, "chords_number_rate": 0.00153757445514, "tuning_nontempered_energy_ratio": 0.874855816364, "hpcp_entropy": {"dvar": 0.304445296526, "var": 0.580229997635, "median": 2.32415223122, "max": 4.60921621323, "dmean": 0.679115533829, "dmean2": 1.15555071831, "mean": 2.28547525406, "dvar2": 0.806237399578, "min": 0}, "chords_changes_rate": 0.0686142593622, "chords_scale": "major"}, "rhythm": {"bpm_histogram_first_peak_spread": {"dvar": 0, "var": 0, "median": 0.52125275135, "max": 0.52125275135, "dmean": 0, "dmean2": 0, "mean": 0.52125275135, "dvar2": 0, "min": 0.52125275135}, "bpm_histogram_first_peak_weight": {"dvar": 0, "var": 0, "median": 0.460215061903, "max": 0.460215061903, "dmean": 0, "dmean2": 0, "mean": 0.460215061903, "dvar2": 0, "min": 0.460215061903}, "bpm_histogram_first_peak_bpm": {"dvar": 0, "var": 0, "median": 115, "max": 115, "dmean": 0, "dmean2": 0, "mean": 115, "dvar2": 0, "min": 115}, "bpm": 115.870872498, "bpm_histogram_second_peak_weight": {"dvar": 0, "var": 0, "median": 0.036559138447, "max": 0.036559138447, "dmean": 0, "dmean2": 0, "mean": 0.036559138447, "dvar2": 0, "min": 0.036559138447}, "beats_loudness": {"dvar": 0.00221546320245, "var": 0.00237958109938, "median": 0.0503495708108, "max": 0.282311290503, "dmean": 0.044165097177, "dmean2": 0.0810789614916, "mean": 0.0577806420624, "dvar2": 0.00593279767781, "min": 1.21203158621e-09}, "beats_loudness_band_ratio": {"dvar": [0.0607760027051, 0.0169579610229, 0.0171282216907, 0.00679818168283, 0.0261268038303, 0.0188116841018], "var": [0.0927609354258, 0.02004076913, 0.016843225807, 0.00857728533447, 0.0203400477767, 0.0169872958213], "median": [0.546027183533, 0.101866200566, 0.064155831933, 0.0584006384015, 0.0147372037172, 0.0336878448725], "max": [0.988099098206, 0.870225906372, 0.849606215954, 0.659424006939, 0.816388309002, 0.960262537003], "dmean": [0.323124080896, 0.127854928374, 0.113715216517, 0.0882064253092, 0.096621632576, 0.128876835108], "dmean2": [0.583723604679, 0.224158957601, 0.201494857669, 0.156871259212, 0.189191937447, 0.239370197058], "mean": [0.553504109383, 0.149583622813, 0.107780404389, 0.0825243368745, 0.0645032003522, 0.0871780738235], "dvar2": [0.165408909321, 0.0450662299991, 0.0474117510021, 0.0179795417935, 0.0950993672013, 0.0516673102975], "min": [5.65185873711e-05, 0.000692173955031, 0.00159755116329, 1.21882740132e-05, 2.1333509892e-07, 7.22533172848e-07]}, "bpm_histogram_second_peak_bpm": {"dvar": 0, "var": 0, "median": 120, "max": 120, "dmean": 0, "dmean2": 0, "mean": 120, "dvar2": 0, "min": 120}, "onset_rate": 4.35072755814, "beats_count": 466, "beats_position": [0.53405892849, 1.05650794506, 1.59056687355, 2.11301589012, 2.63546490669, 3.15791368484, 3.66875267029, 4.17959165573, 4.69043064117, 5.21287965775, 5.73532867432, 6.25777769089, 6.78022670746, 7.30267572403, 7.81351470947, 8.33596324921, 8.84680271149, 9.34603118896, 9.86848068237, 10.3909292221, 10.9133787155, 11.4242172241, 11.9466667175, 12.4691152573, 12.9799547195, 13.5024032593, 14.0248527527, 14.5356912613, 15.0465307236, 15.5805892944, 16.0914287567, 16.602268219, 17.1131057739, 17.6239452362, 18.1463947296, 18.6572322845, 19.179681778, 19.7021312714, 20.2245807648, 20.7354183197, 21.246257782, 21.7687072754, 22.2911567688, 22.8019943237, 23.3244438171, 23.8468933105, 24.3577327728, 24.8801803589, 25.4026298523, 25.9134693146, 26.4243087769, 26.9467563629, 27.4692058563, 27.9800453186, 28.4908847809, 29.0133323669, 29.5357818604, 30.0466213226, 30.5574588776, 31.079908371, 31.6023578644, 32.1248054504, 32.6356468201, 33.1580963135, 33.6689338684, 34.1797714233, 34.7022209167, 35.2130622864, 35.7355079651, 36.2579574585, 36.7687988281, 37.2912483215, 37.8020858765, 38.3245353699, 38.8469848633, 39.3578224182, 39.8686599731, 40.402721405, 40.91355896, 41.4360084534, 41.9584579468, 42.4692955017, 42.9801368713, 43.50258255, 44.0250320435, 44.5358734131, 45.046710968, 45.5691604614, 46.0916099548, 46.590839386, 47.0900688171, 47.6241264343, 48.1465759277, 48.6690254211, 49.1798629761, 49.690700531, 50.2015419006, 50.7123794556, 51.2464370728, 51.7804985046, 52.2913360596, 52.8021774292, 53.3246231079, 53.8470726013, 54.3579139709, 54.8803634644, 55.4028091431, 55.9252586365, 56.4477081299, 56.9585494995, 57.4693870544, 57.9918365479, 58.5142860413, 59.0251235962, 59.5359611511, 60.0584106445, 60.5808601379, 61.0916976929, 61.6025390625, 62.1133766174, 62.6358261108, 63.1466636658, 63.6691131592, 64.2031707764, 64.7256240845, 65.2480697632, 65.7589111328, 66.2697525024, 66.7805862427, 67.3030395508, 67.8254852295, 68.3363265991, 68.8471679688, 69.3696136475, 69.8920593262, 70.4029006958, 70.9137420654, 71.4361877441, 71.9586410522, 72.4694747925, 72.9803161621, 73.5143737793, 74.0252151489, 74.5476608276, 75.0701141357, 75.6041717529, 76.1150131226, 76.6374588013, 77.1366882324, 77.6475296021, 78.1583633423, 78.6808166504, 79.2032623291, 79.7373199463, 80.2365493774, 80.7473907471, 81.2698364258, 81.7806777954, 82.291519165, 82.8023605347, 83.3131942749, 83.835647583, 84.3580932617, 84.8805389404, 85.4029922485, 85.9254379272, 86.4246673584, 86.935508728, 87.4463500977, 87.9571838379, 88.4912490845, 89.0136947632, 89.5361404419, 90.05859375, 90.5578231812, 91.0802688599, 91.602722168, 92.1135559082, 92.6360092163, 93.1468429565, 93.6692962646, 94.1917419434, 94.702583313, 95.2250289917, 95.7358703613, 96.246711731, 96.7691574097, 97.2799987793, 97.802444458, 98.3365097046, 98.8473434448, 99.3581848145, 99.8690261841, 100.391471863, 100.913917542, 101.424758911, 101.935600281, 102.458045959, 102.980499268, 103.491333008, 104.002174377, 104.513015747, 105.023849487, 105.557914734, 106.091972351, 106.602806091, 107.125259399, 107.647705078, 108.158546448, 108.680992126, 109.203445435, 109.714286804, 110.225120544, 110.735961914, 111.258407593, 111.780860901, 112.30330658, 112.825759888, 113.336593628, 113.847434998, 114.358276367, 114.880722046, 115.403175354, 115.914009094, 116.436462402, 116.947296143, 117.469749451, 117.98059082, 118.503036499, 119.025482178, 119.536323547, 120.047164917, 120.557998657, 121.068840027, 121.591293335, 122.113739014, 122.636184692, 123.158638, 123.66947937, 124.191925049, 124.714370728, 125.236824036, 125.747665405, 126.258499146, 126.780952454, 127.303398132, 127.82585144, 128.336685181, 128.847518921, 129.369979858, 129.892425537, 130.403259277, 130.914108276, 131.436553955, 131.958999634, 132.469833374, 132.980682373, 133.526351929, 134.02557373, 134.548019409, 135.058868408, 135.581314087, 136.092147827, 136.602996826, 137.113830566, 137.636276245, 138.158721924, 138.669570923, 139.20362854, 139.71446228, 140.225296021, 140.73614502, 141.24697876, 141.769424438, 142.291885376, 142.814331055, 143.336776733, 143.847610474, 144.358459473, 144.869293213, 145.391738892, 145.914199829, 146.436645508, 146.959091187, 147.469924927, 148.003982544, 148.514831543, 149.025665283, 149.536499023, 150.058959961, 150.58140564, 151.09223938, 151.603088379, 152.137145996, 152.647979736, 153.158813477, 153.669662476, 154.192108154, 154.714553833, 155.236999512, 155.747848511, 156.270294189, 156.78112793, 157.291976929, 157.802810669, 158.313644409, 158.824493408, 159.346939087, 159.869384766, 160.391830444, 160.902679443, 161.425125122, 161.935958862, 162.458404541, 162.980865479, 163.503311157, 164.014144897, 164.536590576, 165.047439575, 165.558273315, 166.080718994, 166.603164673, 167.114013672, 167.636459351, 168.158905029, 168.681350708, 169.192199707, 169.714645386, 170.225479126, 170.736328125, 171.247161865, 171.769607544, 172.303665161, 172.826126099, 173.336959839, 173.847793579, 174.358642578, 174.869476318, 175.380310059, 175.902755737, 176.425216675, 176.947662354, 177.458496094, 177.980941772, 178.491790771, 179.01423645, 179.52507019, 180.047531128, 180.558364868, 181.080810547, 181.591659546, 182.114105225, 182.624938965, 183.147384644, 183.669830322, 184.180679321, 184.703125, 185.225570679, 185.736419678, 186.270477295, 186.781311035, 187.280548096, 187.779769897, 188.278991699, 188.813064575, 189.347122192, 189.869567871, 190.39201355, 190.914459229, 191.436920166, 191.959365845, 192.470199585, 192.981033325, 193.503494263, 194.014328003, 194.536773682, 195.047622681, 195.570068359, 196.092514038, 196.603347778, 197.125808716, 197.648254395, 198.159088135, 198.681533813, 199.203994751, 199.738052368, 200.248886108, 200.771331787, 201.270568848, 201.781402588, 202.292236328, 202.814697266, 203.337142944, 203.871200562, 204.370422363, 204.881271362, 205.403717041, 205.914550781, 206.42539978, 206.947845459, 207.458679199, 207.981124878, 208.503585815, 209.014419556, 209.536865234, 210.059310913, 210.570159912, 211.092605591, 211.603439331, 212.12588501, 212.648345947, 213.159179688, 213.670013428, 214.192474365, 214.714920044, 215.225753784, 215.759811401, 216.293869019, 216.804718018, 217.338775635, 217.837997437, 218.337234497, 218.848068237, 219.370513916, 219.892959595, 220.427032471, 220.937866211, 221.448699951, 221.95954895, 222.47038269, 222.981216431, 223.49206543, 224.00289917, 224.51373291, 225.024581909, 225.547027588, 226.081085205, 226.603530884, 227.114364624, 227.625213623, 228.136047363, 228.646896362, 229.169342041, 229.69178772, 230.214233398, 230.736679077, 231.247528076, 231.769973755, 232.280807495, 232.791656494, 233.314102173, 233.836547852, 234.35899353, 234.881454468, 235.392288208, 235.914733887, 236.425567627, 236.924804688, 237.447250366, 237.969696045, 238.492156982, 239.002990723, 239.513824463, 240.013061523, 240.523895264, 241.046340942], "danceability": 1.24634075165, "bpm_histogram_second_peak_spread": {"dvar": 0, "var": 0, "median": 0, "max": 0, "dmean": 0, "dmean2": 0, "mean": 0, "dvar2": 0, "min": 0}}, "lowlevel": {"spectral_flux": {"dvar": 0.00305335456505, "var": 0.00621189642698, "median": 0.0775986462831, "max": 0.619537293911, "dmean": 0.0361835248768, "dmean2": 0.0582923926413, "mean": 0.0955666676164, "dvar2": 0.00747083127499, "min": 6.52954912361e-11}, "spectral_rolloff": {"dvar": 2352191, "var": 4580437, "median": 409.130859375, "max": 19293.75, "dmean": 633.747924805, "dmean2": 1084.41503906, "mean": 1190.65319824, "dvar2": 5272377.5, "min": 21.533203125}, "barkbands_flatness_db": {"dvar": 0.00139810272958, "var": 0.0084205493331, "median": 0.180753588676, "max": 0.658949613571, "dmean": 0.0373582169414, "dmean2": 0.0549449138343, "mean": 0.193554073572, "dvar2": 0.00287500838749, "min": 0.0143538620323}, "spectral_centroid": {"dvar": 254557.984375, "var": 895229.25, "median": 581.281494141, "max": 11382.0625, "dmean": 313.15512085, "dmean2": 471.639678955, "mean": 952.25958252, "dvar2": 471350.6875, "min": 105.582511902}, "melbands_skewness": {"dvar": 1.96497035027, "var": 6.2641248703, "median": 3.34785318375, "max": 19.4902057648, "dmean": 1.30360651016, "dmean2": 2.03470730782, "mean": 3.82919502258, "dvar2": 4.67061662674, "min": -3.28772783279}, "melbands": {"dvar": [0.000160162264365, 6.36714685243e-05, 1.99087412511e-06, 6.7358303113e-07, 1.24561367443e-07, 2.20381807026e-07, 6.42926352157e-07, 4.57504626183e-07, 1.22008700032e-07, 4.89757354671e-08, 2.74943374734e-08, 1.7830702248e-08, 4.6793715569e-08, 2.21500062736e-08, 3.44723583012e-09, 9.65087232352e-10, 1.19055465486e-09, 2.02732297616e-09, 3.18794879384e-10, 1.87394988416e-09, 1.24285781666e-08, 6.65121513421e-10, 5.2164600417e-10, 1.64905658573e-10, 2.26087135125e-10, 5.78990300149e-10, 7.80538966794e-10, 4.59346699566e-10, 2.47069253945e-10, 2.663474441e-10, 1.47779302684e-10, 2.41026920644e-10, 2.47236175976e-10, 1.65341976222e-10, 3.35261624018e-10, 1.44680697978e-10, 1.33082475595e-10, 9.78629885462e-11, 1.12399541063e-10, 2.05363642758e-11], "var": [0.000177635520231, 7.53993954277e-05, 2.7479406981e-06, 1.10986854907e-06, 3.99557308128e-07, 6.92645187428e-07, 1.13144665193e-06, 1.06645723008e-06, 3.02017014064e-07, 1.05157937469e-07, 4.46121148912e-08, 2.79634182476e-08, 7.56047455752e-08, 3.3276759126e-08, 4.73495198605e-09, 1.07407582828e-09, 1.06436703895e-09, 1.53230761413e-09, 3.53114953944e-10, 1.94915772411e-09, 1.20135288384e-08, 6.67731592241e-10, 4.64410510048e-10, 1.66236441279e-10, 3.07070480154e-10, 5.76814929154e-10, 6.11341033352e-10, 4.97372365516e-10, 3.96895433186e-10, 3.24528848239e-10, 1.6967245664e-10, 2.31605304379e-10, 2.53547377538e-10, 2.8049365608e-10, 3.35282773767e-10, 1.9254089989e-10, 2.37241226664e-10, 2.05234620965e-10, 1.58295751507e-10, 4.14123041415e-11], "median": [0.00179585861042, 0.00135163310915, 0.000800239271484, 0.000490339589305, 0.000183150550583, 0.000160150026204, 0.000106078216049, 3.44799118466e-05, 3.04664372379e-05, 1.98521120183e-05, 1.75927198143e-05, 1.55089473992e-05, 1.31479901029e-05, 8.46952934808e-06, 6.57877035337e-06, 3.02039870803e-06, 2.8071676752e-06, 2.08535402635e-06, 1.33830337745e-06, 9.14544500574e-07, 8.13163410385e-07, 9.44617454479e-07, 7.74774775891e-07, 5.01636804984e-07, 5.52266385512e-07, 5.93543234118e-07, 4.48924822649e-07, 3.28379655912e-07, 3.75890181203e-07, 4.57971964352e-07, 4.44065449301e-07, 4.26878756343e-07, 3.70260636373e-07, 3.79380253435e-07, 2.77198864751e-07, 2.00023578145e-07, 1.93970748796e-07, 1.64239565947e-07, 1.52342607862e-07, 1.17027994406e-07], "max": [0.164289772511, 0.101050138474, 0.0224975571036, 0.0111040612683, 0.006497759372, 0.0118644554168, 0.0140159474686, 0.0152124390006, 0.0122599052265, 0.00604768283665, 0.00436564534903, 0.00474194204435, 0.00619204202667, 0.00307723484002, 0.00155527004972, 0.000573078170419, 0.000841555709485, 0.00120854889974, 0.000546930357814, 0.00159349816386, 0.0043258885853, 0.000508533499669, 0.000535497441888, 0.000280917360215, 0.000818228465505, 0.000855169899296, 0.000592952768784, 0.000440681702457, 0.000301356194541, 0.000304568326101, 0.000236528037931, 0.000413731060689, 0.000394911214244, 0.000312908669002, 0.000453778076917, 0.000245886214543, 0.000297589751426, 0.000260631000856, 0.000306515605189, 0.000148136066855], "dmean": [0.0044016786851, 0.00299706612714, 0.00076470017666, 0.000530905323103, 0.000207022792893, 0.000243995833443, 0.000283206813037, 0.000152982349391, 0.00010296770779, 7.72571438574e-05, 6.08324917266e-05, 5.11771213496e-05, 7.58667811169e-05, 4.76807399536e-05, 2.28216285905e-05, 1.15042721518e-05, 1.17427334771e-05, 1.25091819427e-05, 6.7716769081e-06, 1.00694433058e-05, 2.16080825339e-05, 7.72688417783e-06, 6.70160352456e-06, 3.99029750042e-06, 4.24567269874e-06, 6.43817202217e-06, 7.63695788919e-06, 6.7008595579e-06, 5.17930129718e-06, 5.29386761627e-06, 4.05161381423e-06, 4.3888444452e-06, 4.38758797827e-06, 3.91624917029e-06, 4.25804819315e-06, 3.35495451509e-06, 3.0443027299e-06, 2.53353323387e-06, 2.1355251647e-06, 1.21645200579e-06], "dmean2": [0.00749958539382, 0.00507000042126, 0.00127542950213, 0.000895666424185, 0.000335219636327, 0.000386233645258, 0.000464385491796, 0.000258314714301, 0.000160919022164, 0.000117155148473, 9.23560073716e-05, 7.79229449108e-05, 0.000119123622426, 7.10752356099e-05, 3.73797229258e-05, 1.90552000277e-05, 1.94614931388e-05, 2.09026238736e-05, 1.08133363028e-05, 1.61545231094e-05, 3.6335823097e-05, 1.25423930513e-05, 1.11626468424e-05, 6.54547829981e-06, 6.64604158374e-06, 1.07348432721e-05, 1.28774254335e-05, 1.09334487206e-05, 8.15954535938e-06, 8.60532963998e-06, 6.46783792035e-06, 7.00702821632e-06, 6.98914755048e-06, 5.96061545366e-06, 6.99769543644e-06, 5.36774859938e-06, 4.78976699014e-06, 4.02121531806e-06, 3.42303906109e-06, 1.89600677913e-06], "mean": [0.00613040383905, 0.00449381256476, 0.00130731298123, 0.000834562291857, 0.000424780824687, 0.000453609682154, 0.000425627396908, 0.000230903722695, 0.000154728186317, 0.000106999432319, 7.91575075709e-05, 6.77710559103e-05, 9.53597700573e-05, 5.99631603109e-05, 2.90364823741e-05, 1.32465793286e-05, 1.25318938444e-05, 1.24804773804e-05, 7.5976881817e-06, 9.85206224868e-06, 1.81128834811e-05, 7.36482297725e-06, 6.39017616777e-06, 3.98122347178e-06, 4.81940514874e-06, 6.36320555714e-06, 7.00784676155e-06, 6.87736428517e-06, 6.03476746619e-06, 5.70787142351e-06, 4.49505432698e-06, 4.7837152124e-06, 4.90985075885e-06, 4.87008219352e-06, 4.63631204184e-06, 3.87833370041e-06, 3.91570847569e-06, 3.53638506567e-06, 2.82800169771e-06, 1.7034396933e-06], "dvar2": [0.000449988030596, 0.000167819351191, 5.33744014319e-06, 1.93123901226e-06, 3.12856741402e-07, 5.28619636952e-07, 1.7758490003e-06, 1.31671515646e-06, 2.49169431754e-07, 9.75630882749e-08, 5.52660708308e-08, 3.7712496237e-08, 9.49145686491e-08, 4.68497205475e-08, 8.84493900344e-09, 2.5193933606e-09, 3.10752490407e-09, 5.44172662487e-09, 7.8443390672e-10, 4.3074859235e-09, 2.91401924812e-08, 1.57121704536e-09, 1.31664523728e-09, 3.88308163402e-10, 5.45382294881e-10, 1.48778556142e-09, 2.12195105931e-09, 1.15867548889e-09, 5.44589207063e-10, 6.79296119355e-10, 3.74056924324e-10, 6.30284435754e-10, 6.37289221395e-10, 3.48436363096e-10, 9.16040132637e-10, 3.46300432774e-10, 3.07349534712e-10, 2.10055986494e-10, 2.76054429316e-10, 4.56374903146e-11], "min": [4.08121409722e-24, 2.28173362556e-24, 2.99147947338e-24, 3.38586752472e-24, 4.76543773096e-24, 5.29862921123e-24, 4.6272064234e-24, 2.6854162333e-24, 5.03509089875e-24, 3.86785996008e-24, 3.4840053712e-24, 4.90181560982e-24, 6.78685041324e-24, 3.06300430836e-24, 7.55161477325e-24, 4.43061400278e-24, 5.98557678167e-24, 5.05074505455e-24, 3.83552257943e-24, 5.70308450822e-24, 6.68042203307e-24, 5.07134142392e-24, 3.75611662957e-24, 6.19710904455e-24, 5.75058734535e-24, 4.1041782326e-24, 4.76132027146e-24, 7.14443711727e-24, 6.54653261593e-24, 6.11762539189e-24, 6.78865217155e-24, 8.31866604102e-24, 7.62343109234e-24, 7.21585190616e-24, 7.31942460985e-24, 7.90497949372e-24, 7.38042801251e-24, 7.47102632089e-24, 5.56617769812e-24, 7.73009376419e-24]}, "spectral_decrease": {"dvar": 1.60037862424e-16, "var": 2.19791166413e-16, "median": -7.27335924822e-09, "max": 1.46433521275e-28, "dmean": 5.55091972387e-09, "dmean2": 9.1360927712e-09, "mean": -1.10312683432e-08, "dvar2": 4.26994126211e-16, "min": -1.43811860198e-07}, "barkbands_kurtosis": {"dvar": 880.335510254, "var": 1112.25158691, "median": 9.916264534, "max": 896.40435791, "dmean": 13.4496898651, "dmean2": 21.9332675934, "mean": 20.3872470856, "dvar2": 2320.06469727, "min": -1.93919467926}, "silence_rate_30dB": {"dvar": 0.0485263168812, "var": 0.0755111202598, "median": 1, "max": 1, "dmean": 0.0511390939355, "dmean2": 0.102288022637, "mean": 0.917723953724, "dvar2": 0.102205567062, "min": 0}, "gfcc": {"mean": [-54.3903007507, 96.5907440186, -72.583152771, 28.9959907532, -58.5335578918, 17.0247688293, -30.8973674774, 5.58807706833, -24.9536476135, 2.77576398849, -13.5382890701, 4.61960744858, -9.32342815399], "cov": [[18475.6171875, -1349.08227539, 524.651489258, 691.879150391, -834.432861328, 913.770324707, 120.129325867, 258.017089844, -136.21395874, 286.349761963, -199.814102173, 309.919433594, -200.110641479], [-1349.08227539, 2453.54492188, 317.572540283, -173.842697144, 458.9503479, -159.556167603, 210.744262695, -132.839401245, 226.310150146, -128.33164978, 201.436248779, -71.9805908203, 133.35874939], [524.651489258, 317.572540283, 1695.58410645, 368.947235107, 164.356521606, 264.123352051, 142.552581787, -12.0561113358, -4.50448656082, 90.8217315674, -3.58530926704, 61.0974235535, -77.063621521], [691.879150391, -173.842697144, 368.947235107, 608.976989746, 84.2862472534, 122.173049927, 73.6148681641, 34.9248161316, 5.48221349716, -19.5073108673, 9.46693706512, -35.1687660217, 8.31219100952], [-834.432861328, 458.9503479, 164.356521606, 84.2862472534, 483.740447998, -1.1600638628, 108.913711548, 37.2915039062, 111.769943237, -27.0091629028, 42.2640571594, -10.9556751251, 37.0160484314], [913.770324707, -159.556167603, 264.123352051, 122.173049927, -1.1600638628, 307.850097656, 93.0259246826, 54.6223449707, -2.88741850853, 25.9436187744, -13.9796886444, 48.1728363037, -2.94350147247], [120.129325867, 210.744262695, 142.552581787, 73.6148681641, 108.913711548, 93.0259246826, 288.856567383, 90.2960586548, 47.6050338745, 18.5985565186, 68.8932418823, 9.66452407837, 29.6651744843], [258.017089844, -132.839401245, -12.0561113358, 34.9248161316, 37.2915039062, 54.6223449707, 90.2960586548, 173.279052734, 45.5027732849, 44.8453292847, 34.8787765503, 23.8071269989, 8.96359062195], [-136.21395874, 226.310150146, -4.50448656082, 5.48221349716, 111.769943237, -2.88741850853, 47.6050338745, 45.5027732849, 167.105682373, 21.4374656677, 49.456703186, -7.15331268311, 27.7846050262], [286.349761963, -128.33164978, 90.8217315674, -19.5073108673, -27.0091629028, 25.9436187744, 18.5985565186, 44.8453292847, 21.4374656677, 136.686386108, 26.3406887054, 33.7397956848, -12.9658613205], [-199.814102173, 201.436248779, -3.58530926704, 9.46693706512, 42.2640571594, -13.9796886444, 68.8932418823, 34.8787765503, 49.456703186, 26.3406887054, 148.299255371, 11.9016437531, 36.303604126], [309.919433594, -71.9805908203, 61.0974235535, -35.1687660217, -10.9556751251, 48.1728363037, 9.66452407837, 23.8071269989, -7.15331268311, 33.7397956848, 11.9016437531, 123.294532776, 2.65746164322], [-200.110641479, 133.35874939, -77.063621521, 8.31219100952, 37.0160484314, -2.94350147247, 29.6651744843, 8.96359062195, 27.7846050262, -12.9658613205, 36.303604126, 2.65746164322, 105.228248596]], "icov": [[8.01408896223e-05, -5.07872609887e-05, 4.68791295134e-05, -0.000132375440444, 0.000164566299645, -0.000193342508283, 7.03289924786e-06, -8.08122204035e-05, -8.68349070515e-06, -0.000142910866998, 0.000143843717524, -0.000165218705661, 0.000142388904351], [-5.07872609887e-05, 0.000990295782685, -0.000390659202822, 0.00065435632132, -0.000543315021787, 0.000507799442858, -0.000598865561187, 0.00107289885636, -0.00086741859559, 0.00106452940963, -0.000997331226245, 0.000449155224487, -0.000713699788321], [4.68791295134e-05, -0.000390659202822, 0.00108284549788, -0.000755215471145, -8.79550134414e-05, -0.000779179274105, -6.96268252796e-05, 0.000281879940303, 0.000429450301453, -0.00115503056441, 0.000436886941316, -0.000574078178033, 0.00104974035639], [-0.000132375440444, 0.00065435632132, -0.000755215471145, 0.00273626926355, -0.000681345467456, -7.54812426749e-05, -0.00026546564186, 0.000152221822646, -0.000260572967818, 0.00141309492756, -0.0010312795639, 0.00154896837194, -0.000991216627881], [0.000164566299645, -0.000543315021787, -8.79550134414e-05, -0.000681345467456, 0.0034259071108, -2.55496179307e-05, -0.000467356061563, -0.000833257450722, -0.00138637796044, 0.000343395688105, 0.000858955259901, -0.000629503745586, 0.000115740273031], [-0.000193342508283, 0.000507799442858, -0.000779179274105, -7.54812426749e-05, -2.55496179307e-05, 0.00541887525469, -0.00153483042959, -0.000290282419883, -0.000418111303588, 0.000773408741225, 0.000656373449601, -0.00107485358603, -0.000951517547946], [7.03289924786e-06, -0.000598865561187, -6.96268252796e-05, -0.00026546564186, -0.000467356061563, -0.00153483042959, 0.00576223386452, -0.00273843831383, 0.000719152274542, -0.000248594908044, -0.00136955513153, 0.000474872940686, -0.00028741415008], [-8.08122204035e-05, 0.00107289885636, 0.000281879940303, 0.000152221822646, -0.000833257450722, -0.000290282419883, -0.00273843831383, 0.00964574236423, -0.00227183848619, -0.00115935900249, -0.00130741787143, -0.000560102867894, -0.000161427582498], [-8.68349070515e-06, -0.00086741859559, 0.000429450301453, -0.000260572967818, -0.00138637796044, -0.000418111303588, 0.000719152274542, -0.00227183848619, 0.00916901696473, -0.00220711180009, -0.00085598079022, 0.000880869745743, -0.000535232829861], [-0.000142910866998, 0.00106452940963, -0.00115503056441, 0.00141309492756, 0.000343395688105, 0.000773408741225, -0.000248594908044, -0.00115935900249, -0.00220711180009, 0.0110487602651, -0.00263147917576, -0.000977652147412, 0.000367996486602], [0.000143843717524, -0.000997331226245, 0.000436886941316, -0.0010312795639, 0.000858955259901, 0.000656373449601, -0.00136955513153, -0.00130741787143, -0.00085598079022, -0.00263147917576, 0.0103712407872, -0.00157351384405, -0.00148397649173], [-0.000165218705661, 0.000449155224487, -0.000574078178033, 0.00154896837194, -0.000629503745586, -0.00107485358603, 0.000474872940686, -0.000560102867894, 0.000880869745743, -0.000977652147412, -0.00157351384405, 0.0104500483721, -0.00139508652501], [0.000142388904351, -0.000713699788321, 0.00104974035639, -0.000991216627881, 0.000115740273031, -0.000951517547946, -0.00028741415008, -0.000161427582498, -0.000535232829861, 0.000367996486602, -0.00148397649173, -0.00139508652501, 0.0122868092731]]}, "silence_rate_20dB": {"dvar": 0.00268441648223, "var": 0.00134385901038, "median": 1, "max": 1, "dmean": 0.00269153132103, "dmean2": 0.00538357999176, "mean": 0.99865436554, "dvar2": 0.00804687291384, "min": 0}, "barkbands_skewness": {"dvar": 1.69888961315, "var": 4.90395832062, "median": 2.53614521027, "max": 22.5199184418, "dmean": 1.12427377701, "dmean2": 1.75291728973, "mean": 2.88578081131, "dvar2": 4.1097984314, "min": -5.15311288834}, "erbbands_skewness": {"dvar": 0.389267802238, "var": 1.53919780254, "median": 1.01806271076, "max": 8.04348564148, "dmean": 0.622208654881, "dmean2": 0.952484846115, "mean": 0.982861816883, "dvar2": 0.861515522003, "min": -3.88912510872}, "spectral_contrast_valleys": {"dvar": [0.186226934195, 0.208072140813, 0.241930454969, 0.272420287132, 0.315307050943, 0.355457395315], "var": [3.15492987633, 1.87615513802, 1.90590715408, 1.74362432957, 1.97879588604, 2.74316620827], "median": [-6.74845075607, -6.95135879517, -7.6081237793, -8.42453765869, -8.44507598877, -10.3224449158], "max": [-4.74486351013, -4.619556427, -5.03339481354, -5.5639667511, -5.33462333679, -6.97283649445], "dmean": [0.41351121664, 0.458085149527, 0.464621037245, 0.475005477667, 0.483866721392, 0.483348548412], "dmean2": [0.664569079876, 0.697021842003, 0.701953887939, 0.691916465759, 0.685447692871, 0.667697548866], "mean": [-7.30065441132, -7.1554684639, -7.75609493256, -8.52823162079, -8.50032424927, -10.5069770813], "dvar2": [0.345899581909, 0.377876758575, 0.429094552994, 0.497052788734, 0.569642424583, 0.616303265095], "min": [-27.7566833496, -27.8280754089, -27.5568714142, -27.5544509888, -27.360244751, -27.3171367645]}, "spectral_strongpeak": {"dvar": 0.44992312789, "var": 0.597263216972, "median": 0.39480227232, "max": 14.4704885483, "dmean": 0.33855342865, "dmean2": 0.574084997177, "mean": 0.596126079559, "dvar2": 1.16361951828, "min": 0}, "erbbands_crest": {"dvar": 9.82896327972, "var": 25.0119667053, "median": 9.0802526474, "max": 32.3371009827, "dmean": 3.34764075279, "dmean2": 5.49380731583, "mean": 10.2824554443, "dvar2": 24.6968917847, "min": 2.28469991684}, "barkbands_crest": {"dvar": 8.13025569916, "var": 29.4526977539, "median": 12.1600866318, "max": 26.8274822235, "dmean": 3.16815233231, "dmean2": 5.13305330276, "mean": 12.9805679321, "dvar2": 20.8184833527, "min": 2.35254621506}, "spectral_energyband_middle_low": {"dvar": 4.725049439e-05, "var": 0.000170615676325, "median": 0.00789456255734, "max": 0.109614193439, "dmean": 0.00467758765444, "dmean2": 0.007616287563, "mean": 0.0116936368868, "dvar2": 0.000123920515762, "min": 2.13439179496e-22}, "spectral_contrast_coeffs": {"dvar": [0.00179639039561, 0.0017350766575, 0.00102586625144, 0.00066403800156, 0.000713205488864, 0.000497495231684], "var": [0.00889006443322, 0.00826687831432, 0.00400947686285, 0.00254342448898, 0.00247350358404, 0.00175890815444], "median": [-0.655717790127, -0.730605006218, -0.808732271194, -0.822643756866, -0.824712514877, -0.790441989899], "max": [-0.293840169907, -0.414422094822, -0.506374299526, -0.576268851757, -0.549160420895, -0.600119709969], "dmean": [0.0521786808968, 0.0515323393047, 0.039299055934, 0.0306378565729, 0.0266048312187, 0.0231063403189], "dmean2": [0.0857517719269, 0.0834869965911, 0.0638643354177, 0.0489658676088, 0.0416582338512, 0.0361881367862], "mean": [-0.646921038628, -0.723993599415, -0.798953235149, -0.817076802254, -0.817270755768, -0.790036261082], "dvar2": [0.00469579501078, 0.00446441723034, 0.00254085334018, 0.00160788022913, 0.00151559023652, 0.0012007211335], "min": [-0.973778009415, -0.975989043713, -0.97014528513, -0.970151007175, -0.966647803783, -0.963553845882]}, "hfc": {"dvar": 560.154418945, "var": 1190.80456543, "median": 8.66907119751, "max": 325.877929688, "dmean": 11.1961936951, "dmean2": 16.938331604, "mean": 20.834312439, "dvar2": 1132.14465332, "min": 1.10075220366e-16}, "spectral_energyband_high": {"dvar": 6.79802269588e-06, "var": 1.4238777112e-05, "median": 0.000154057110194, "max": 0.0369572266936, "dmean": 0.000982279889286, "dmean2": 0.001492255833, "mean": 0.00143965252209, "dvar2": 1.38897112265e-05, "min": 7.34404794375e-21}, "erbbands_spread": {"dvar": 240.51751709, "var": 631.592773438, "median": 34.3348236084, "max": 187.564666748, "dmean": 13.4238939285, "dmean2": 21.2329597473, "mean": 39.8370056152, "dvar2": 556.920288086, "min": 1.39874696732}, "dissonance": {"dvar": 0.000716019887477, "var": 0.00166802841704, "median": 0.456586688757, "max": 0.500000059605, "dmean": 0.0269922949374, "dmean2": 0.044392298907, "mean": 0.447570681572, "dvar2": 0.00186349754222, "min": 0.167171701789}, "spectral_kurtosis": {"dvar": 50.8784141541, "var": 173.429550171, "median": 4.53464126587, "max": 278.083557129, "dmean": 3.13711547852, "dmean2": 4.95383930206, "mean": 7.01072311401, "dvar2": 110.136810303, "min": -1.45129513741}, "spectral_skewness": {"dvar": 0.266086488962, "var": 1.16082644463, "median": 1.86502528191, "max": 15.0666122437, "dmean": 0.421501934528, "dmean2": 0.640605449677, "mean": 1.96746575832, "dvar2": 0.571435630322, "min": -0.102830722928}, "pitch_salience": {"dvar": 0.00660674460232, "var": 0.0245762336999, "median": 0.515726566315, "max": 0.92014414072, "dmean": 0.0900698900223, "dmean2": 0.144960790873, "mean": 0.50383669138, "dvar2": 0.0167114976794, "min": 0.052462015301}, "spectral_complexity": {"dvar": 42.8153762817, "var": 108.007255554, "median": 9, "max": 65, "dmean": 4.0519080162, "dmean2": 5.99250125885, "mean": 11.7739334106, "dvar2": 72.412651062, "min": 0}, "spectral_spread": {"dvar": 1204264763390.0, "var": 6044054454270.0, "median": 5282002, "max": 43199368, "dmean": 889076, "dmean2": 1334975.25, "mean": 5471815.5, "dvar2": 2444052135940.0, "min": 485811.21875}, "dynamic_complexity": 4.60924911499, "melbands_crest": {"dvar": 11.4308271408, "var": 40.5194244385, "median": 16.804107666, "max": 37.8557510376, "dmean": 3.73710584641, "dmean2": 6.12440109253, "mean": 17.1903133392, "dvar2": 29.4064311981, "min": 1.87204062939}, "zerocrossingrate": {"dvar": 0.000389628985431, "var": 0.00276646367274, "median": 0.03369140625, "max": 0.52294921875, "dmean": 0.0135407811031, "dmean2": 0.0150251397863, "mean": 0.0488240905106, "dvar2": 0.000438513408881, "min": 0}, "spectral_energyband_low": {"dvar": 0.00232124794275, "var": 0.00284304074012, "median": 0.0113535542041, "max": 0.542310357094, "dmean": 0.0182285476476, "dmean2": 0.030541209504, "mean": 0.0289002992213, "dvar2": 0.00624838611111, "min": 2.83081505216e-23}, "melbands_kurtosis": {"dvar": 1328.4654541, "var": 2483.10791016, "median": 19.3476333618, "max": 727.760192871, "dmean": 21.9956474304, "dmean2": 35.5016021729, "mean": 37.6968040466, "dvar2": 3232.39648438, "min": -1.79316687584}, "spectral_energyband_middle_high": {"dvar": 1.72106210812e-05, "var": 2.59389089479e-05, "median": 0.000750954146497, "max": 0.072165094316, "dmean": 0.00181224907283, "dmean2": 0.00272671738639, "mean": 0.00272060395218, "dvar2": 3.71505848307e-05, "min": 1.27662655286e-21}, "barkbands_spread": {"dvar": 147.423828125, "var": 389.045837402, "median": 9.28828430176, "max": 128.319458008, "dmean": 7.46162223816, "dmean2": 11.581744194, "mean": 16.6354656219, "dvar2": 307.39553833, "min": 0.121747642756}, "mfcc": {"mean": [-708.445617676, 131.020874023, 37.730922699, 21.4039726257, 2.27752709389, 10.8504295349, 4.89858198166, 5.24418210983, -0.875894546509, -2.54620146751, -2.0037946701, -0.418716937304, 1.67072272301], "cov": [[14008.65625, -1177.0291748, 519.392456055, -100.786384583, -412.384063721, 403.461395264, 158.365249634, 250.658615112, 111.655715942, 110.969444275, 71.7017364502, 35.3337593079, 86.2220611572], [-1177.0291748, 2408.2019043, 108.860282898, 108.412353516, 208.826187134, 95.9999008179, 41.3512191772, 80.6131210327, 27.8413772583, -51.665397644, 122.783378601, 40.3696784973, 39.308631897], [519.392456055, 108.860282898, 1282.6550293, 276.775878906, 102.478538513, 288.422607422, 148.730529785, 76.7046051025, 3.89652705193, 21.5927219391, 73.5048446655, 26.4310474396, -8.59416007996], [-100.786384583, 108.412353516, 276.775878906, 501.847167969, 182.579681396, 101.139602661, 102.033332825, 63.8850097656, 22.46251297, 86.5619888306, 11.4946966171, -11.958568573, 20.5831375122], [-412.384063721, 208.826187134, 102.478538513, 182.579681396, 339.726226807, 88.1211624146, 6.24814510345, 54.5673828125, 31.5562419891, 45.4710731506, 6.69162464142, -12.1731510162, 11.5067720413], [403.461395264, 95.9999008179, 288.422607422, 101.139602661, 88.1211624146, 245.188842773, 78.5169830322, 76.888130188, 42.3672027588, 8.75023269653, 25.6286468506, 1.25127243996, -5.61298274994], [158.365249634, 41.3512191772, 148.730529785, 102.033332825, 6.24814510345, 78.5169830322, 230.082977295, 91.2737503052, 39.6027603149, 54.9790611267, 33.7670059204, 15.6850004196, 23.4675102234], [250.658615112, 80.6131210327, 76.7046051025, 63.8850097656, 54.5673828125, 76.888130188, 91.2737503052, 185.309906006, 56.806438446, 33.4391326904, 40.0927963257, 6.71220731735, 25.3859710693], [111.655715942, 27.8413772583, 3.89652705193, 22.46251297, 31.5562419891, 42.3672027588, 39.6027603149, 56.806438446, 135.404205322, 44.1033058167, 15.266494751, 24.0303878784, 12.9861516953], [110.969444275, -51.665397644, 21.5927219391, 86.5619888306, 45.4710731506, 8.75023269653, 54.9790611267, 33.4391326904, 44.1033058167, 140.927017212, 38.9483299255, 20.1910610199, 31.4115962982], [71.7017364502, 122.783378601, 73.5048446655, 11.4946966171, 6.69162464142, 25.6286468506, 33.7670059204, 40.0927963257, 15.266494751, 38.