{"tonal": {"hpcp": {"dvar": [0.0309810098261, 0.0239841081202, 0.0124661000445, 0.0162022411823, 0.0167780090123, 0.019964069128, 0.025992590934, 0.0349178314209, 0.0369790755212, 0.0489222928882, 0.0392287746072, 0.025210371241, 0.0403545498848, 0.0340544618666, 0.0345779620111, 0.037669532001, 0.0274111162871, 0.0191357415169, 0.0144024891779, 0.0227275006473, 0.0363407917321, 0.0469205863774, 0.0281787049025, 0.0224927384406, 0.0274389646947, 0.0325048342347, 0.0266158599406, 0.0170954205096, 0.0130472397432, 0.0132333235815, 0.0216359496117, 0.0260326061398, 0.0315744765103, 0.0252017453313, 0.0313215442002, 0.0290007553995], "var": [0.0551165081561, 0.0278476793319, 0.0119289755821, 0.0140825295821, 0.0211648233235, 0.0376606658101, 0.0650413110852, 0.0873149037361, 0.0880600884557, 0.11696126312, 0.0757374241948, 0.0335549265146, 0.0388420298696, 0.0589159652591, 0.0727667510509, 0.077849149704, 0.0455503053963, 0.0250277984887, 0.0187764540315, 0.0504114516079, 0.0738581717014, 0.0889790579677, 0.0542619116604, 0.022178793326, 0.0309338830411, 0.0655013397336, 0.0592555291951, 0.0259914211929, 0.0132223432884, 0.0151458270848, 0.0410139448941, 0.0654066503048, 0.0662900060415, 0.0463092587888, 0.0420435965061, 0.0533466935158], "median": [0.0344045758247, 0.0206479933113, 0.0111608784646, 0.0120948655531, 0.0165979266167, 0.0216017533094, 0.0376019664109, 0.062013130635, 0.102291837335, 0.0883201137185, 0.0511605851352, 0.0302745103836, 0.0259404275566, 0.0339994989336, 0.0480441041291, 0.0442594662309, 0.0231975186616, 0.0131844980642, 0.0179398432374, 0.0322530418634, 0.0700522065163, 0.0696540772915, 0.0403612069786, 0.0253958255053, 0.0343581624329, 0.0531185641885, 0.0524085350335, 0.0294566787779, 0.0140365334228, 0.0178659576923, 0.0346716679633, 0.0404800586402, 0.0446127653122, 0.0351968221366, 0.0264215618372, 0.0338324271142], "max": [1, 1, 1, 1, 1, 1, 1, 1, 1, 1, 1, 1, 1, 1, 1, 1, 1, 1, 1, 1, 1, 1, 1, 1, 1, 1, 1, 1, 1, 1, 1, 1, 1, 1, 1, 1], "dmean": [0.0967743322253, 0.0762430727482, 0.0474277995527, 0.0495746843517, 0.0576879270375, 0.0698786154389, 0.099416077137, 0.124863982201, 0.140860468149, 0.154321551323, 0.132062524557, 0.0921627283096, 0.107031732798, 0.103454768658, 0.11845818907, 0.115969873965, 0.0902278274298, 0.0614712908864, 0.0626011118293, 0.0864481776953, 0.129115402699, 0.14510665834, 0.103702150285, 0.0805528014898, 0.0972321927547, 0.114257529378, 0.103178486228, 0.0700983330607, 0.0483808889985, 0.053618837148, 0.0810825526714, 0.094653211534, 0.102697774768, 0.0959338545799, 0.0958366394043, 0.0979588106275], "dmean2": [0.164588153362, 0.131807535887, 0.082990065217, 0.0886829122901, 0.102157004178, 0.118849918246, 0.165551438928, 0.215849921107, 0.239828914404, 0.263813048601, 0.22657880187, 0.160300478339, 0.191523000598, 0.182608664036, 0.201800152659, 0.199555560946, 0.155926078558, 0.106201305985, 0.109040886164, 0.149963051081, 0.219528734684, 0.249301895499, 0.176590666175, 0.14347422123, 0.169443577528, 0.197146654129, 0.174902960658, 0.120835356414, 0.0844909697771, 0.0917610824108, 0.138781532645, 0.161500066519, 0.178441643715, 0.164226308465, 0.168976038694, 0.165938869119], "mean": [0.133396789432, 0.0835070982575, 0.0469768978655, 0.0484106130898, 0.0625237300992, 0.0935047194362, 0.15930211544, 0.206401064992, 0.245814472437, 0.270931661129, 0.189214408398, 0.102168984711, 0.0997668877244, 0.135409191251, 0.175093904138, 0.176451265812, 0.117696814239, 0.0692272558808, 0.0708451122046, 0.12547712028, 0.195296630263, 0.211016088724, 0.145039513707, 0.0807724073529, 0.104789942503, 0.167849779129, 0.159434348345, 0.0875094085932, 0.0491250939667, 0.0617558248341, 0.115094147623, 0.158350750804, 0.161865353584, 0.130778074265, 0.111796483397, 0.133550658822], "dvar2": [0.0786844417453, 0.0644487291574, 0.0340769961476, 0.04672697559, 0.0457847230136, 0.0509613007307, 0.0625029653311, 0.0913631692529, 0.0976276919246, 0.131695955992, 0.102576710284, 0.0674622282386, 0.116712212563, 0.0949618220329, 0.0895131081343, 0.0975257828832, 0.0733966603875, 0.051745839417, 0.0389368571341, 0.0617613643408, 0.0956992134452, 0.128244817257, 0.0736381933093, 0.0643709152937, 0.0748892426491, 0.0894343182445, 0.0718828514218, 0.0458568707108, 0.0357216484845, 0.0357215180993, 0.0568190999329, 0.0691738501191, 0.0845012366772, 0.0657195597887, 0.0862774848938, 0.0769636407495], "min": [0, 0, 0, 0, 0, 0, 0, 0, 0, 0, 0, 0, 0, 0, 0, 0, 0, 0, 0, 0, 0, 0, 0, 0, 0, 0, 0, 0, 0, 0, 0, 0, 0, 0, 0, 0]}, "key_key": "C", "thpcp": [1, 0.698384284973, 0.377102404833, 0.368236362934, 0.499790936708, 0.646265923977, 0.651275932789, 0.434415131807, 0.255515575409, 0.261487007141, 0.463131994009, 0.720833539963, 0.778853535652, 0.535336136818, 0.298128336668, 0.386776298285, 0.619528114796, 0.588467001915, 0.322994410992, 0.181319132447, 0.227938756347, 0.424808770418, 0.584467530251, 0.59743976593, 0.482697635889, 0.412637203932, 0.492931157351, 0.492363244295, 0.308221995831, 0.173390209675, 0.178682014346, 0.230773061514, 0.345122903585, 0.587978959084, 0.761819660664, 0.907293260098], "chords_key": "G", "tuning_equal_tempered_deviation": 0.174419939518, "tuning_frequency": 444.598632812, "tuning_diatonic_strength": 0.612106144428, "chords_histogram": [7.466340065, 1.71358633041, 14.6470832825, 7.79273748398, 0.122399017215, 1.01999187469, 1.8767850399, 2.65197873116, 9.83272171021, 4.7735619545, 0.938392519951, 2.08078336716, 2.73357820511, 0.693594455719, 2.65197873116, 4.16156673431, 0.407996743917, 1.34638917446, 4.24316596985, 1.10159122944, 2.08078336716, 1.38718891144, 9.71032238007, 14.5654830933], "key_strength": 0.542392492294, "key_scale": "major", "chords_strength": {"dvar": 0.000891705160029, "var": 0.0307880528271, "median": 0.519262969494, "max": 0.856065392494, "dmean": 0.0097280209884, "dmean2": 0.0102389473468, "mean": 0.505787074566, "dvar2": 0.0017170998035, "min": -1}, "chords_number_rate": 0.00815993454307, "tuning_nontempered_energy_ratio": 0.85461628437, "hpcp_entropy": {"dvar": 0.229304939508, "var": 0.552054524422, "median": 2.03429555893, "max": 3.95857715607, "dmean": 0.588425397873, "dmean2": 1.01861608028, "mean": 1.97934401035, "dvar2": 0.652280271053, "min": 0}, "chords_changes_rate": 0.0546715632081, "chords_scale": "major"}, "rhythm": {"bpm_histogram_first_peak_spread": {"dvar": 0, "var": 0, "median": 0.532110095024, "max": 0.532110095024, "dmean": 0, "dmean2": 0, "mean": 0.532110095024, "dvar2": 0, "min": 0.532110095024}, "bpm_histogram_first_peak_weight": {"dvar": 0, "var": 0, "median": 0.257575750351, "max": 0.257575750351, "dmean": 0, "dmean2": 0, "mean": 0.257575750351, "dvar2": 0, "min": 0.257575750351}, "bpm_histogram_first_peak_bpm": {"dvar": 0, "var": 0, "median": 98, "max": 98, "dmean": 0, "dmean2": 0, "mean": 98, "dvar2": 0, "min": 98}, "bpm": 96.3344345093, "bpm_histogram_second_peak_weight": {"dvar": 0, "var": 0, "median": 0.101010099053, "max": 0.101010099053, "dmean": 0, "dmean2": 0, "mean": 0.101010099053, "dvar2": 0, "min": 0.101010099053}, "beats_loudness": {"dvar": 0.000320086342981, "var": 0.00054206995992, "median": 0.0173578336835, "max": 0.149457350373, "dmean": 0.0136188613251, "dmean2": 0.0228986274451, "mean": 0.0233201030642, "dvar2": 0.000872931908816, "min": 6.53549603324e-10}, "beats_loudness_band_ratio": {"dvar": [0.0295595247298, 0.0227204430848, 0.0228118989617, 0.0137726925313, 0.00702476548031, 0.021915923804], "var": [0.0522089190781, 0.0352910831571, 0.0616419389844, 0.0213026739657, 0.00396220386028, 0.0259759221226], "median": [0.144824385643, 0.157372504473, 0.20238789916, 0.0626940131187, 0.0138188768178, 0.14994841814], "max": [0.877241194248, 0.852781832218, 0.970354497433, 0.931164264679, 0.630659461021, 0.967050552368], "dmean": [0.166892334819, 0.147821933031, 0.163323357701, 0.0825661420822, 0.030714372173, 0.136341184378], "dmean2": [0.28555765748, 0.256949990988, 0.262547343969, 0.140402436256, 0.0575994439423, 0.228697702289], "mean": [0.219786927104, 0.221541345119, 0.274459272623, 0.108701102436, 0.0264247655869, 0.198932334781], "dvar2": [0.0848537907004, 0.0623143538833, 0.0526191592216, 0.0384975261986, 0.0206267088652, 0.0586707405746], "min": [8.36250546854e-05, 3.67109860235e-05, 0.00101192423608, 0.000258401065366, 8.24365124572e-05, 0.0123865790665]}, "bpm_histogram_second_peak_bpm": {"dvar": 0, "var": 0, "median": 144, "max": 144, "dmean": 0, "dmean2": 0, "mean": 144, "dvar2": 0, "min": 144}, "onset_rate": 1.6171875, "beats_count": 199, "beats_position": [0.417959183455, 0.835918366909, 1.25387752056, 1.67183673382, 2.07818579674, 2.48453521729, 2.89088439941, 3.29723358154, 3.7151927948, 4.12154197693, 4.53950119019, 4.95746040344, 5.36380958557, 5.78176879883, 6.19972801208, 6.6176867485, 7.03564596176, 7.45360517502, 7.8831744194, 8.31274318695, 8.74231243134, 9.17188167572, 9.6014509201, 10.0194101334, 10.4489793777, 10.8785486221, 11.3081178665, 11.7260770798, 12.1324262619, 12.538775444, 12.9451246262, 13.3514738083, 13.7462129593, 14.1293420792, 14.5240812302, 14.9304304123, 15.3251695633, 15.7315187454, 16.1262588501, 16.6487064362, 17.1711559296, 17.693605423, 18.3321533203, 18.970703125, 19.6092510223, 20.247800827, 20.8747386932, 21.5016784668, 22.1402263641, 22.7787742615, 23.405714035, 24.0210418701, 24.6363716125, 25.2516994476, 25.8670291901, 26.4823570251, 27.1092967987, 27.7362346649, 28.3399543762, 28.9552822113, 29.5590019226, 30.1627197266, 30.778049469, 31.3933773041, 32.0087051392, 32.6240348816, 33.2509727478, 33.8779144287, 34.4932403564, 35.1085700989, 35.7238998413, 36.3392295837, 36.9545555115, 37.5814971924, 38.2084350586, 38.8353729248, 39.4507026672, 40.0776405334, 40.6813583374, 41.2850799561, 41.9004058838, 42.5157356262, 43.1194534302, 43.7347831726, 44.350112915, 44.953830719, 45.5691604614, 46.1844902039, 46.7998161316, 47.4267578125, 48.0420837402, 48.6574134827, 49.3191833496, 49.9925613403, 50.6891593933, 51.3857574463, 52.0939674377, 52.7905654907, 53.4871635437, 54.2069816589, 54.9268035889, 55.6466217041, 56.3664398193, 57.0282058716, 57.6899757385, 58.3517456055, 59.0135154724, 59.6868934631, 60.3486595154, 61.1265296936, 61.9043960571, 62.6706581116, 63.4369163513, 64.0754623413, 64.7024002075, 65.3293380737, 65.9794998169, 66.6180496216, 67.2565994263, 67.895149231, 68.5685272217, 69.2535171509, 69.8920593262, 70.5189971924, 71.1575469971, 71.7844848633, 72.4114303589, 73.0267562866, 73.6536941528, 74.280632019, 74.8959655762, 75.5112915039, 76.1382293701, 76.7651672363, 77.3805007935, 77.9842147827, 78.5995483398, 79.2148742676, 79.8418121338, 80.46875, 81.0840835571, 81.6994094849, 82.3147354126, 82.9300689697, 83.5453948975, 84.1607208252, 84.7760543823, 85.3913803101, 86.0067138672, 86.6336517334, 87.2722015381, 87.9107437134, 88.537689209, 89.1646270752, 89.7915649414, 90.4185028076, 91.0570526123, 91.695602417, 92.3225402832, 92.9494781494, 93.5764160156, 94.2149658203, 94.853515625, 95.4920654297, 96.130607605, 96.7691574097, 97.3960952759, 98.0230331421, 98.6615829468, 99.288520813, 99.9154663086, 100.542404175, 101.157730103, 101.77305603, 102.388389587, 102.899223328, 103.410064697, 103.909294128, 104.350471497, 104.791656494, 105.232833862, 105.662399292, 106.091972351, 106.521537781, 106.962722778, 107.38067627, 107.79863739, 108.216598511, 108.64616394, 109.075737, 109.505302429, 109.934875488, 110.352828979, 110.7707901, 111.188751221, 111.606712341, 112.036277771, 112.46585083, 112.89541626], "danceability": 0.854035317898, "bpm_histogram_second_peak_spread": {"dvar": 0, "var": 0, "median": 0.600000023842, "max": 0.600000023842, "dmean": 0, "dmean2": 0, "mean": 0.600000023842, "dvar2": 0, "min": 0.600000023842}}, "lowlevel": {"spectral_flux": {"dvar": 0.000258379062871, "var": 0.00126011052635, "median": 0.0612012632191, "max": 0.297617524862, "dmean": 0.0143596446142, "dmean2": 0.0238561946899, "mean": 0.0637444779277, "dvar2": 0.000720272713806, "min": 1.03273396779e-10}, "spectral_rolloff": {"dvar": 55785536, "var": 102103808, "median": 4931.10351562, "max": 22028.4667969, "dmean": 3843.04443359, "dmean2": 7487.82519531, "mean": 10916.4326172, "dvar2": 137189680, "min": 150.732421875}, "barkbands_flatness_db": {"dvar": 0.000684249738697, "var": 0.00469195935875, "median": 0.178114190698, "max": 0.620010674, "dmean": 0.0289959684014, "dmean2": 0.0457285158336, "mean": 0.188334167004, "dvar2": 0.00178072485141, "min": 0.0220373626798}, "spectral_centroid": {"dvar": 40863.78125, "var": 310990.0625, "median": 584.259338379, "max": 11440.7900391, "dmean": 103.947280884, "dmean2": 154.095687866, "mean": 711.61505127, "dvar2": 55135.7460938, "min": 186.224685669}, "melbands_skewness": {"dvar": 1.36470222473, "var": 3.34125757217, "median": 1.87221968174, "max": 11.9680509567, "dmean": 0.823726832867, "dmean2": 1.33181726933, "mean": 2.25483417511, "dvar2": 3.80887770653, "min": -4.95843315125}, "melbands": {"dvar": [1.02267643243e-08, 6.44227213797e-07, 1.70939756572e-06, 1.15069087769e-06, 7.10781762336e-07, 5.3411912404e-07, 9.23514491546e-08, 9.75772081802e-07, 1.54327381097e-07, 3.62723966418e-08, 1.17792851029e-07, 2.25148468758e-08, 4.23658219617e-09, 2.32669172817e-09, 3.46319617428e-09, 1.4136337656e-09, 1.22005394676e-09, 1.49420653628e-09, 1.58117263727e-09, 1.91906490699e-09, 1.21795551422e-09, 1.31030997164e-09, 8.73068423113e-11, 2.20615227475e-11, 1.22764532914e-11, 1.15878296542e-11, 1.90035001624e-11, 4.08246908501e-11, 4.69194544328e-11, 2.26028033096e-11, 5.41887108102e-12, 3.52495420006e-12, 9.17609738194e-12, 1.89334469327e-13, 2.1548358936e-14, 2.74762156793e-15, 1.62290199793e-15, 1.12106261113e-15, 7.62481853762e-16, 5.87966543908e-16], "var": [1.23046941525e-08, 1.69153872775e-06, 8.31360466691e-06, 3.22740243064e-06, 2.88523051495e-06, 1.66226959664e-06, 2.89569641154e-07, 4.55155759482e-06, 4.39502457539e-07, 9.50245464537e-08, 4.30000000051e-07, 6.29914111983e-08, 2.42824942376e-08, 9.77401093394e-09, 1.61437245794e-08, 3.38065619943e-09, 2.6741990844e-09, 2.6940036868e-09, 2.21522089561e-09, 2.01575689474e-09, 1.76700554189e-09, 2.15597006914e-09, 1.80267453742e-10, 6.61255911139e-11, 3.0236802645e-11, 3.16488536767e-11, 4.87240317537e-11, 8.13271325284e-11, 1.11491482713e-10, 4.03994997178e-11, 1.30563797621e-11, 7.70820646895e-12, 1.45316562603e-11, 6.26481451351e-13, 5.77444383e-14, 4.73826969617e-15, 2.11534577764e-15, 1.21470485631e-15, 8.2175129018e-16, 6.38603391105e-16], "median": [3.97075200453e-05, 0.000152307664393, 0.000365217070794, 0.000209897509194, 0.000253712001722, 0.000219046793063, 0.000100879195088, 0.000173177977558, 6.83252656017e-05, 2.84317502519e-05, 3.04942150251e-05, 2.233282612e-05, 1.51659523908e-05, 1.37018532769e-05, 1.28889842017e-05, 1.19180067486e-05, 9.97864572128e-06, 7.14488896847e-06, 4.21901722802e-06, 2.18856030187e-06, 1.70366433849e-06, 1.04567857306e-06, 6.38238020656e-07, 4.80022151805e-07, 3.08254158199e-07, 3.01885961562e-07, 2.59748389908e-07, 2.0508407772e-07, 1.35685624514e-07, 1.18230587987e-07, 8.19057959234e-08, 5.91781308401e-08, 3.58454457228e-08, 2.21371969644e-08, 1.70289791157e-08, 1.46751126806e-08, 1.05951682983e-08, 7.37952987606e-09, 5.31825294914e-09, 4.42520242672e-09], "max": [0.00212576892227, 0.0170791260898, 0.041773237288, 0.0410666503012, 0.0347936525941, 0.0236639007926, 0.00684810010716, 0.0237146373838, 0.00808347482234, 0.00936949066818, 0.014240779914, 0.0049450956285, 0.00184581649955, 0.00128688593395, 0.00227926461957, 0.000616318313405, 0.00150753103662, 0.00175928534009, 0.00180216052104, 0.00204220646992, 0.00172756286338, 0.00236027198844, 0.000443942146376, 0.000223691269639, 0.00014286627993, 0.000216038519284, 0.000234901002841, 0.000352347327862, 0.000293452525511, 0.00015185958182, 9.90518965409e-05, 6.94234622642e-05, 0.000217161417822, 3.04226887238e-05, 7.19120043868e-06, 1.06975744529e-06, 7.46757507386e-07, 6.16524175712e-07, 4.46610329163e-07, 3.79403644502e-07], "dmean": [5.42576890439e-05, 0.000368816108676, 0.000639897538349, 0.000364202423953, 0.000312265532557, 0.000327044719597, 0.000142650067573, 0.00037654483458, 0.000142601697007, 5.29819117219e-05, 7.69991893321e-05, 4.40294315922e-05, 2.50703669735e-05, 1.84527234524e-05, 2.03361250897e-05, 1.75484401552e-05, 1.16074315883e-05, 9.4181705208e-06, 7.1606509664e-06, 5.18870547239e-06, 4.34275034422e-06, 2.86919134851e-06, 1.46823470004e-06, 1.106381319e-06, 6.94876518992e-07, 6.30053762052e-07, 6.62183879285e-07, 7.69284895341e-07, 8.62932040491e-07, 6.73230601933e-07, 3.87237463428e-07, 2.77516875258e-07, 2.09798685091e-07, 6.98522129028e-08, 4.11135090417e-08, 2.88743233767e-08, 2.23601315241e-08, 1.83950668031e-08, 1.51675916271e-08, 1.33740254427e-08], "dmean2": [9.55529540079e-05, 0.000616375240497, 0.00102726952173, 0.000577014056034, 0.000493341241963, 0.000492726278026, 0.000218630419113, 0.000597172183916, 0.000217832770431, 7.96751337475e-05, 0.000110375331133, 6.75133269397e-05, 3.74527517124e-05, 2.86886188405e-05, 3.18983838952e-05, 2.82816854451e-05, 1.9011364202e-05, 1.49928573592e-05, 1.10082901301e-05, 8.19671822683e-06, 6.7609994403e-06, 4.3624090722e-06, 2.30412160818e-06, 1.6842587911e-06, 1.06464858618e-06, 9.882305676e-07, 1.01073578662e-06, 1.05012895801e-06, 1.1795411865e-06, 9.69063535194e-07, 5.71566204144e-07, 3.85530341873e-07, 2.98597541359e-07, 1.06938678357e-07, 6.66087913714e-08, 4.76960408946e-08, 3.72656110414e-08, 3.09815568755e-08, 2.5405903159e-08, 2.23570193469e-08], "mean": [7.56787048886e-05, 0.000673698668834, 0.00136024772655, 0.000712638371624, 0.000639107543975, 0.000689176144078, 0.000302960484987, 0.000829621742014, 0.000277031358564, 9.10818271223e-05, 0.000155687070219, 8.41709261294e-05, 5.75705525989e-05, 4.33301065641e-05, 4.51955856988e-05, 3.11212243105e-05, 2.29560955631e-05, 1.73545722646e-05, 1.24654197862e-05, 8.31547004054e-06, 6.89832540957e-06, 4.32007391282e-06, 2.27132659347e-06, 1.71854401287e-06, 1.05587866983e-06, 9.45980957567e-07, 1.01728869595e-06, 1.13165208404e-06, 1.41834357237e-06, 1.06158540802e-06, 6.70248311962e-07, 4.5102459012e-07, 2.81447199768e-07, 1.02897878662e-07, 5.55076020703e-08, 3.75265862829e-08, 2.63235868658e-08, 1.91875439981e-08, 1.52686716604e-08, 1.33646755884e-08], "dvar2": [3.079578903e-08, 1.78468076228e-06, 4.13437373936e-06, 2.74131002698e-06, 1.51870995069e-06, 1.19436299428e-06, 2.0855816274e-07, 2.37882431975e-06, 3.30895858269e-07, 5.90946704904e-08, 2.07850590073e-07, 4.33257554278e-08, 7.75807595943e-09, 5.29105959046e-09, 7.91659626742e-09, 3.67204977536e-09, 2.82186940481e-09, 3.38840999703e-09, 3.62125263109e-09, 5.17902298824e-09, 2.97329805221e-09, 2.19057616491e-09, 2.05657865737e-10, 3.57525190009e-11, 2.55555403228e-11, 2.12034400454e-11, 2.94773580545e-11, 7.74395894632e-11, 7.76172875971e-11, 5.01439480216e-11, 1.08062248386e-11, 6.28807422798e-12, 1.99142785595e-11, 2.91614280466e-13, 3.98994226059e-14, 6.45909166742e-15, 4.036480453e-15, 2.85374420831e-15, 1.94209387037e-15, 1.4959005248e-15], "min": [1.60918379215e-23, 2.54629012081e-23, 6.23502801054e-24, 3.64468174367e-24, 5.41342464459e-24, 7.38144248763e-24, 8.74323019135e-24, 3.10942463112e-23, 8.50068228427e-24, 4.63586141082e-24, 1.06667649568e-23, 2.26280064829e-23, 6.57461843074e-24, 5.75505979225e-24, 8.25608254997e-24, 7.04763993989e-24, 7.39853473687e-24, 1.09432031172e-23, 1.09761995912e-23, 1.56335838885e-23, 1.34073411056e-23, 4.83578321889e-24, 1.22350740789e-23, 9.81668450104e-24, 7.33169849667e-24, 1.24386096588e-23, 7.80689095104e-24, 1.15499436496e-23, 8.97932521623e-24, 7.63784989196e-24, 8.51897596866e-24, 1.03577736623e-23, 1.27424244481e-23, 1.45499619506e-23, 9.7719726538e-24, 1.06399499969e-23, 1.12346714445e-23, 1.12989241652e-23, 8.68293124148e-24, 7.59137178515e-24]}, "spectral_decrease": {"dvar": 5.24312649888e-18, "var": 2.9281935604e-17, "median": -2.70267763725e-09, "max": 5.64512347978e-09, "dmean": 1.57845292392e-09, "dmean2": 2.44371078928e-09, "mean": -4.44601910843e-09, "dvar2": 1.20924838917e-17, "min": -4.62760390008e-08}, "barkbands_kurtosis": {"dvar": 74418.84375, "var": 153079.984375, "median": 11.5396251678, "max": 9539.50878906, "dmean": 41.0841522217, "dmean2": 64.7786254883, "mean": 68.3365859985, "dvar2": 158889.6875, "min": -1.78336620331}, "silence_rate_30dB": {"dvar": 0.00969970040023, "var": 0.0154633522034, "median": 1, "max": 1, "dmean": 0.00979591812938, "dmean2": 0.0195958353579, "mean": 0.984288930893, "dvar2": 0.0216604843736, "min": 0}, "gfcc": {"mean": [-98.0052566528, 105.736160278, -90.1568527222, -32.0605964661, -32.1041259766, -26.4234676361, -13.4158973694, -23.9287967682, -6.76170349121, -7.13627099991, -10.0763540268, -11.5751466751, -9.19198608398], "cov": [[26924.9023438, 4136.0234375, 120.260673523, 57.2640380859, 460.467132568, -927.224914551, -809.082641602, -1578.97741699, -539.087219238, -86.802406311, -116.176757812, -260.997802734, -14.7379560471], [4136.0234375, 1669.21496582, 181.527496338, -143.242279053, 260.951202393, -189.014160156, -162.593826294, -308.385498047, -83.4120788574, -46.0767860413, 116.912574768, -85.7356033325, -0.435581862926], [120.260673523, 181.527496338, 409.467529297, 242.214584351, 30.5575675964, 87.9555969238, -107.776329041, -59.2103462219, -52.1756286621, 45.6529579163, -30.0665054321, -23.5233001709, -29.211517334], [57.2640380859, -143.242279053, 242.214584351, 616.115478516, 273.507232666, 52.6469688416, -70.8713607788, -200.900726318, -99.6028518677, 51.045753479, -56.9752311707, 30.0837955475, -89.507194519], [460.467132568, 260.951202393, 30.5575675964, 273.507232666, 468.450561523, 66.6064834595, 14.7405357361, -206.776611328, -94.328704834, -40.2029533386, 37.295841217, -11.6512012482, -79.3350067139], [-927.224914551, -189.014160156, 87.9555969238, 52.6469688416, 66.6064834595, 333.144958496, 42.2302055359, 53.1161575317, -65.1032485962, -16.2686901093, -21.8915271759, 0.367188215256, -11.6805353165], [-809.082641602, -162.593826294, -107.776329041, -70.8713607788, 14.7405357361, 42.2302055359, 248.001220703, 65.4762954712, 44.6364402771, -60.068649292, -55.4893226624, -4.88585329056, 11.9847106934], [-1578.97741699, -308.385498047, -59.2103462219, -200.900726318, -206.776611328, 53.1161575317, 65.4762954712, 344.176879883, 93.053894043, -26.014591217, 15.2543096542, -17.162858963, 35.2815589905], [-539.087219238, -83.4120788574, -52.1756286621, -99.6028518677, -94.328704834, -65.1032485962, 44.6364402771, 93.053894043, 165.984725952, 54.8443870544, -27.0426082611, -7.49583625793, -2.96817374229], [-86.802406311, -46.0767860413, 45.6529579163, 51.045753479, -40.2029533386, -16.2686901093, -60.068649292, -26.014591217, 54.8443870544, 125.614082336, 24.043718338, 2.27364373207, -27.102394104], [-116.176757812, 116.912574768, -30.0665054321, -56.9752311707, 37.295841217, -21.8915271759, -55.4893226624, 15.2543096542, -27.0426082611, 24.043718338, 150.869110107, 21.2488460541, -18.3064460754], [-260.997802734, -85.7356033325, -23.5233001709, 30.0837955475, -11.6512012482, 0.367188215256, -4.88585329056, -17.162858963, -7.49583625793, 2.27364373207, 21.2488460541, 101.882156372, 34.7339134216], [-14.7379560471, -0.435581862926, -29.211517334, -89.507194519, -79.3350067139, -11.6805353165, 11.9847106934, 35.2815589905, -2.96817374229, -27.102394104, -18.3064460754, 34.7339134216, 120.393714905]], "icov": [[0.000100726523669, -0.000270904682111, 0.000281429995084, -9.04386761249e-05, 0.00018589667161, 6.59576689941e-05, 0.000186201592442, 0.00016500527272, 0.000317474477924, -9.98895557132e-05, 0.000396334653487, 9.04005864868e-05, 9.39292585826e-05], [-0.000270904682111, 0.00253293756396, -0.00267179077491, 0.00215032929555, -0.00193371658679, 0.000851897755638, 7.02114775777e-05, 0.00123227143195, -0.00142745662015, 0.00143756787293, -0.00209033954889, 0.000773285690229, -0.000885814079084], [0.000281429995084, -0.00267179077491, 0.00725310156122, -0.00484685506672, 0.00374036142603, -0.00271014915779, 0.00140612327959, -0.000259265390923, 9.1032437922e-05, -0.000267060881015, 0.000897509162314, 0.00191828235984, -0.000155792935402], [-9.04386761249e-05, 0.00215032929555, -0.00484685506672, 0.00897086970508, -0.00681205047294, 0.00386341125704, 0.000392884627217, -0.00182349642273, 0.00612072413787, -0.00617526145652, 0.00642770109698, -0.00507138296962, 0.00307256379165], [0.00018589667161, -0.00193371658679, 0.00374036142603, -0.00681205047294, 0.00988302286714, -0.00440683821216, -0.000767319230363, 0.00524587370455, -0.00564137892798, 0.00779338506982, -0.00703711621463, 0.00470830406994, -0.000330142735038], [6.59576689941e-05, 0.000851897755638, -0.00271014915779, 0.00386341125704, -0.00440683821216, 0.00688216043636, -0.000873315148056, -0.00362206296995, 0.00717796012759, -0.00562441162765, 0.00527448626235, -0.00310321804136, 0.00174612388946], [0.000186201592442, 7.02114775777e-05, 0.00140612327959, 0.000392884627217, -0.000767319230363, -0.000873315148056, 0.00719731021672, 0.000500331749208, -0.00240063923411, 0.00332125159912, 0.00218475679867, 0.000340441823937, 0.000125323727843], [0.00016500527272, 0.00123227143195, -0.000259265390923, -0.00182349642273, 0.00524587370455, -0.00362206296995, 0.000500331749208, 0.0118077937514, -0.00998882204294, 0.0106645245105, -0.00915813352913, 0.00649359868839, -0.00291008804925], [0.000317474477924, -0.00142745662015, 9.1032437922e-05, 0.00612072413787, -0.00564137892798, 0.00717796012759, -0.00240063923411, -0.00998882204294, 0.0245308931917, -0.0192517433316, 0.0154393352568, -0.00751694664359, 0.00553863588721], [-9.98895557132e-05, 0.00143756787293, -0.000267060881015, -0.00617526145652, 0.00779338506982, -0.00562441162765, 0.00332125159912, 0.0106645245105, -0.0192517433316, 0.0272781774402, -0.0153273725882, 0.00756441941485, -0.00237571331672], [0.000396334653487, -0.00209033954889, 0.000897509162314, 0.00642770109698, -0.00703711621463, 0.00527448626235, 0.00218475679867, -0.00915813352913, 0.0154393352568, -0.0153273725882, 0.0228735078126, -0.0102920439094, 0.00675580278039], [9.04005864868e-05, 0.000773285690229, 0.00191828235984, -0.00507138296962, 0.00470830406994, -0.00310321804136, 0.000340441823937, 0.00649359868839, -0.00751694664359, 0.00756441941485, -0.0102920439094, 0.0183729715645, -0.00777442706749], [9.39292585826e-05, -0.000885814079084, -0.000155792935402, 0.00307256379165, -0.000330142735038, 0.00174612388946, 0.000125323727843, -0.00291008804925, 0.00553863588721, -0.00237571331672, 0.00675580278039, -0.00777442706749, 0.0142250070348]]}, "silence_rate_20dB": {"dvar": 0, "var": 0, "median": 1, "max": 1, "dmean": 0, "dmean2": 0, "mean": 1, "dvar2": 0, "min": 1}, "barkbands_skewness": {"dvar": 8.44508361816, "var": 28.0116596222, "median": 2.66114497185, "max": 85.5491333008, "dmean": 1.18262350559, "dmean2": 1.88305687904, "mean": 3.72661995888, "dvar2": 20.3858985901, "min": -5.60128116608}, "erbbands_skewness": {"dvar": 0.625274419785, "var": 5.26067352295, "median": 0.740185856819, "max": 15.2036495209, "dmean": 0.554839193821, "dmean2": 0.879162371159, "mean": 1.31536757946, "dvar2": 1.70468878746, "min": -2.40428948402}, "spectral_contrast_valleys": {"dvar": [0.159453317523, 0.124360874295, 0.102497667074, 0.0929320827127, 0.14830635488, 0.298339158297], "var": [3.62922549248, 3.41608142853, 2.58444166183, 2.5228562355, 2.03922224045, 1.86864471436], "median": [-7.92051172256, -6.53671073914, -7.39476394653, -7.90764570236, -8.61165714264, -11.4950342178], "max": [-6.14592266083, -4.66859102249, -5.33303022385, -5.627825737, -5.45205354691, -9.16655921936], "dmean": [0.450997501612, 0.374415874481, 0.325569570065, 0.287038236856, 0.378082126379, 0.641881942749], "dmean2": [0.762941122055, 0.60244679451, 0.514315903187, 0.45131444931, 0.600180208683, 1.0261374712], "mean": [-8.42001628876, -6.95995473862, -7.76714420319, -8.29072761536, -8.90174007416, -11.7509050369], "dvar2": [0.39280256629, 0.270272403955, 0.210576847196, 0.183738797903, 0.327235013247, 0.810360491276], "min": [-27.0880451202, -27.4140739441, -27.488325119, -27.3555831909, -27.2516288757, -27.339963913]}, "spectral_strongpeak": {"dvar": 228.129898071, "var": 245.652236938, "median": 0.826055943966, "max": 158.599243164, "dmean": 4.70957565308, "dmean2": 8.64446640015, "mean": 4.86937570572, "dvar2": 578.983642578, "min": 0}, "erbbands_crest": {"dvar": 6.77639102936, "var": 47.0165939331, "median": 11.4473981857, "max": 34.0500946045, "dmean": 2.80767965317, "dmean2": 4.56556844711, "mean": 13.0592422485, "dvar2": 17.0398254395, "min": 2.32863855362}, "barkbands_crest": {"dvar": 5.55458116531, "var": 31.3744449615, "median": 10.8517560959, "max": 26.9819545746, "dmean": 2.50939631462, "dmean2": 4.09123277664, "mean": 12.2224445343, "dvar2": 14.5950069427, "min": 3.0759806633}, "spectral_energyband_middle_low": {"dvar": 6.27964545856e-05, "var": 0.000385248742532, "median": 0.00984343513846, "max": 0.180618941784, "dmean": 0.00492533342913, "dmean2": 0.00764840887859, "mean": 0.015888703987, "dvar2": 0.000143295183079, "min": 2.90484510427e-22}, "spectral_contrast_coeffs": {"dvar": [0.0017094053328, 0.0014666179195, 0.000878715713043, 0.000537846994121, 0.00049194379244, 0.00102062628139], "var": [0.0136127341539, 0.0075437487103, 0.00531136523932, 0.00338314846158, 0.0023128692992, 0.00483363727108], "median": [-0.592270195484, -0.719840526581, -0.782902896404, -0.800903618336, -0.835060715675, -0.812151432037], "max": [-0.211940944195, -0.417437970638, -0.358318388462, -0.594375193119, -0.665398657322, -0.44798257947], "dmean": [0.0498953200877, 0.0484591536224, 0.037366874516, 0.0292935296893, 0.0270397923887, 0.0339020825922], "dmean2": [0.0842230245471, 0.0797541216016, 0.0602404549718, 0.047847956419, 0.0440934076905, 0.0540798455477], "mean": [-0.604979157448, -0.722156465054, -0.777808308601, -0.803923547268, -0.839424014091, -0.795162439346], "dvar2": [0.0048005124554, 0.00387211469933, 0.00229168962687, 0.00141373171937, 0.00132373126689, 0.00260278303176], "min": [-0.975063621998, -0.97040772438, -0.95626616478, -0.969046413898, -0.969437777996, -0.957246303558]}, "hfc": {"dvar": 1915.34692383, "var": 9433.25195312, "median": 57.0739898682, "max": 901.646484375, "dmean": 27.2796840668, "dmean2": 42.3234519958, "mean": 87.6205291748, "dvar2": 4751.17382812, "min": 1.15680414572e-16}, "spectral_energyband_high": {"dvar": 2.56369787621e-07, "var": 8.44695023261e-07, "median": 6.39642821625e-05, "max": 0.0188816450536, "dmean": 9.52228147071e-05, "dmean2": 0.000120809621876, "mean": 0.000200938608032, "dvar2": 3.39585227493e-07, "min": 7.88375502067e-21}, "erbbands_spread": {"dvar": 19.293586731, "var": 169.838897705, "median": 17.621213913, "max": 88.9413604736, "dmean": 4.09225654602, "dmean2": 6.51931142807, "mean": 19.9013309479, "dvar2": 46.3882637024, "min": 0.182636007667}, "dissonance": {"dvar": 0.00219626608305, "var": 0.0044273850508, "median": 0.443703174591, "max": 0.500000298023, "dmean": 0.0392902828753, "dmean2": 0.066874474287, "mean": 0.424598097801, "dvar2": 0.00606640288606, "min": 0.0595353581011}, "spectral_kurtosis": {"dvar": 120.642791748, "var": 243.891571045, "median": 22.8187007904, "max": 226.887283325, "dmean": 8.71206188202, "dmean2": 14.2796621323, "mean": 26.3668498993, "dvar2": 325.764190674, "min": -1.21575415134}, "spectral_skewness": {"dvar": 0.40145149827, "var": 1.23896956444, "median": 3.54709768295, "max": 12.575463295, "dmean": 0.585530281067, "dmean2": 0.946524500847, "mean": 3.70931196213, "dvar2": 1.084410429, "min": -0.0626956447959}, "pitch_salience": {"dvar": 0.00371431582607, "var": 0.0216172486544, "median": 0.555712759495, "max": 0.906205296516, "dmean": 0.0697628259659, "dmean2": 0.112328447402, "mean": 0.522178888321, "dvar2": 0.00960812252015, "min": 0.0170740485191}, "spectral_complexity": {"dvar": 4.27310562134, "var": 41.3438110352, "median": 11, "max": 55, "dmean": 1.91265308857, "dmean2": 3.10838937759, "mean": 10.9942865372, "dvar2": 8.86460399628, "min": 0}, "spectral_spread": {"dvar": 485041995776, "var": 1524460290050.0, "median": 3351518.25, "max": 40250224, "dmean": 589207.75, "dmean2": 953120.875, "mean": 3503664.5, "dvar2": 937419210752, "min": 751695.3125}, "dynamic_complexity": 4.82207965851, "melbands_crest": {"dvar": 8.72653102875, "var": 43.578289032, "median": 15.2840080261, "max": 36.2196464539, "dmean": 3.29252815247, "dmean2": 5.43440485001, "mean": 16.6485099792, "dvar2": 23.3394451141, "min": 2.06796073914}, "zerocrossingrate": {"dvar": 0.00182311760727, "var": 0.0149887138978, "median": 0.240234375, "max": 0.8798828125, "dmean": 0.041327226907, "dmean2": 0.0514904968441, "mean": 0.254342824221, "dvar2": 0.00278869923204, "min": 0.0234375}, "spectral_energyband_low": {"dvar": 2.12119448406e-05, "var": 0.000103266233054, "median": 0.00109326723032, "max": 0.144905909896, "dmean": 0.00218361988664, "dmean2": 0.00357927614823, "mean": 0.00473109073937, "dvar2": 5.24990209669e-05, "min": 1.28307595145e-22}, "melbands_kurtosis": {"dvar": 580.504638672, "var": 1968.33850098, "median": 6.96270275116, "max": 530.481201172, "dmean": 10.1848678589, "dmean2": 16.5473880768, "mean": 21.4869441986, "dvar2": 1635.45703125, "min": -1.75676453114}, "spectral_energyband_middle_high": {"dvar": 5.62279728911e-06, "var": 2.1060137442e-05, "median": 0.00143215386197, "max": 0.078987762332, "dmean": 0.00094848475419, "dmean2": 0.00137574493419, "mean": 0.00274604908191, "dvar2": 1.05640174297e-05, "min": 1.52890825883e-21}, "barkbands_spread": {"dvar": 23.0709896088, "var": 260.326385498, "median": 10.2720689774, "max": 124.193336487, "dmean": 3.51783680916, "dmean2": 5.47659921646, "mean": 14.099070549, "dvar2": 46.4409675598, "min": 0.0174670759588}, "mfcc": {"mean": [-756.106933594, 174.839050293, -9.65204524994, 6.22939968109, -10.497959137, 2.86541581154, -8.98070812225, -10.550863266, -3.6921479702, -1.06047797203, -2.22300958633, -0.777855217457, -3.83312630653], "cov": [[13600.2060547, 3554.40698242, -540.128051758, 1244.10864258, 318.968780518, 805.886901855, -323.245880127, -710.648132324, -483.434448242, -539.067626953, -416.431152344, 13.0130434036, -67.5220336914], [3554.40698242, 2289.76171875, -151.706817627, 137.096969604, 175.272216797, 107.227653503, -27.9711284637, -203.420562744, -209.613555908, -141.989471436, -86.878578186, 8.73905658722, 62.5232658386], [-540.128051758, -151.706817627, 481.368865967, -26.2188034058, 11.634563446, -7.60768651962, -27.3701858521, -24.5869026184, 51.7255439758, 33.5955467224, 8.06018829346, 9.79056549072, -4.01896619797], [1244.10864258, 137.096969604, -26.2188034058, 551.746826172, 161.057739258, 232.707702637, -24.4028530121, -117.383995056, -80.8125457764, -84.739112854, -42.068107605, 17.4666366577, -37.795753479], [318.968780518, 175.272216797, 11.634563446, 161.057739258, 323.508850098, 173.417572021, 91.6970672607, -31.3624897003, -104.090698242, -73.0653610229, 10.6177959442, 41.2107849121, 8.65121650696], [805.886901855, 107.227653503, -7.60768651962, 232.707702637, 173.417572021, 430.149597168, 87.9315719604, -62.1007003784, -32.7600021362, -92.4244918823, -49.0285568237, 34.9852981567, -54.6032905579], [-323.245880127, -27.9711284637, -27.3701858521, -24.4028530121, 91.6970672607, 87.9315719604, 210.90057373, 91.723991394, -35.1590576172, -14.3595409393, -3.26982593536, -17.377696991, -19.9068107605], [-710.648132324, -203.420562744, -24.5869026184, -117.383995056, -31.3624897003, -62.1007003784, 91.723991394, 190.589096069, 70.7802963257, 33.9771537781, 12.3367176056, -38.521156311, -21.1166667938], [-483.434448242, -209.613555908, 51.7255439758, -80.8125457764, -104.090698242, -32.7600021362, -35.1590576172, 70.7802963257, 199.372940063, 73.8773880005, -3.02349996567, -28.3198604584, -42.211479187], [-539.067626953, -141.989471436, 33.5955467224, -84.739112854, -73.0653610229, -92.4244918823, -14.3595409393, 33.9771537781, 73.8773880005, 122.379142761, 48.3827629089, -12.2460565567, -2.48421645164], [-416.431152344, -86.878578186, 8.06018829346, -42.068107605, 10.6177959442, -49.0285568237, -3.26982593536, 12.3367176056, -3.02349996567, 48.3827629089, 120.219696045, 62.5261497498, 6.0777425766], [13.0130434036, 8.73905658722, 9.79056549072, 17.4666366577, 41.2107849121, 34.9852981567, -17.377696991, -38.521156311, -28.3198604584, -12.2460565567, 62.5261497498, 113.119285583, 30.6478309631], [-67.5220336914, 62.5232658386, -4.01896619797, -37.795753479, 8.65121650696, -54.6032905579, -19.9068107605, -21.1166667938, -42.211479187, -2.48421645164, 6.0777425766, 30.6478309631, 99.6375427246]], "icov": [[0.000217134234845, -0.000274034886388, 0.000129052292323, -0.000252491154242, 0.000156431968207, -0.000184819669812, 0.000318978447467, 8.39106796775e-05, 0.00017873782781, 0.000138952062116, 0.000362893973943, -0.000117140582006, 0.000288261187961], [-0.000274034886388, 0.00089433696121, 8.11378777144e-06, 0.000426112412242, -0.000450022373116, 0.000277258135611, -0.000380593672162, 0.000419529213104, -2.30347213801e-05, 6.28038924333e-06, -0.000179516049684, 0.000278777821222, -0.00046545630903], [0.000129052292323, 8.11378777144e-06, 0.00240135053173, 7.70246915636e-05, -0.000551858043764, 7.33539854991e-05, 0.000196291104658, 0.000929112080485, -0.000663798069581, -0.000410722248489, 0.000621796178166, -0.000348782865331, 0.000310582894599], [-0.000252491154242, 0.000426112412242, 7.70246915636e-05, 0.00333183864132, -0.0012910553487, -0.000942170911003, 0.000993274734356, 0.000540730135981, 0.000661016325466, -0.000262989109615, 0.000180137096322, 0.000370944006136, 0.000885699002538], [0.000156431968207, -0.000450022373116, -0.000551858043764, -0.0012910553487, 0.00601985538378, -0.00151976477355, -0.00176176964305, -0.000148868391989, 0.00123037677258, 0.00180964870378, -0.00214415392838, 0.000244747730903, -0.00124080409296], [-0.000184819669812, 0.000277258135611, 7.33539854991e-05, -0.000942170911003, -0.00151976477355, 0.00565483095124, -0.00334395538084, 0.00234083482064, -0.00229050358757, 0.00144353811629, 0.00213206699118, -0.00298012327403, 0.00225748517551], [0.000318978447467, -0.000380593672162, 0.000196291104658, 0.000993274734356, -0.00176176964305, -0.00334395538084, 0.0112337060273, -0.0065588792786, 0.00491497805342, -0.00234115216881, 0.00159374345094, 0.000611791736446, 0.00175292033236], [8.39106796775e-05, 0.000419529213104, 0.000929112080485, 0.000540730135981, -0.000148868391989, 0.00234083482064, -0.0065588792786, 0.0125806340948, -0.00551464082673, 0.00304328463972, -0.00262917112559, 0.0028840652667, -0.000299336679745], [0.00017873782781, -2.30347213801e-05, -0.000663798069581, 0.000661016325466, 0.00123037677258, -0.00229050358757, 0.00491497805342, -0.00551464082673, 0.012063418515, -0.00667797820643, 0.00447655981407, -0.00223274645396, 0.00416859798133], [0.000138952062116, 6.28038924333e-06, -0.000410722248489, -0.000262989109615, 0.00180964870378, 0.00144353811629, -0.00234115216881, 0.00304328463972, -0.00667797820643, 0.0184870958328, -0.0103566227481, 0.00648275017738, -0.00294541777112], [0.000362893973943, -0.000179516049684, 0.000621796178166, 0.000180137096322, -0.00214415392838, 0.00213206699118, 0.00159374345094, -0.00262917112559, 0.00447655981407, -0.0103566227481, 0.0224959552288, -0.0148038128391, 0.00638738507405], [-0.000117140582006, 0.000278777821222, -0.000348782865331, 0.000370944006136, 0.000244747730903, -0.00298012327403, 0.000611791736446, 0.0028840652667, -0.00223274645396, 0.00648275017738, -0.0148038128391, 0.0210450552404, -0.00740320421755], [0.000288261187961, -0.00046545630903, 0.000310582894599, 0.000885699002538, -0.00124080409296, 0.00225748517551, 0.00175292033236, -0.000299336679745, 0.00416859798133, -0.00294541777112, 0.00638738507405, -0.00740320421755, 0.0160841103643]]}, "silence_rate_60dB": {"dvar": 0.0136835742742, "var": 0.103722900152, "median": 0, "max": 1, "dmean": 0.0138775510713, "dmean2": 0.0277607683092, "mean": 0.117527037859, "dvar2": 0.