{"tonal": {"hpcp": {"dvar": [0.0431164316833, 0.0445131212473, 0.0381567068398, 0.0394584611058, 0.041821308434, 0.0396660007536, 0.0439079143107, 0.042501334101, 0.0457960553467, 0.0398127883673, 0.0329792797565, 0.0222439263016, 0.0141889583319, 0.0187462996691, 0.0278816148639, 0.0347549393773, 0.0335256941617, 0.0211512651294, 0.0197999253869, 0.0207673683763, 0.0325341895223, 0.0395782068372, 0.0320697277784, 0.0289601180702, 0.025257114321, 0.0188257452101, 0.0145351430401, 0.0155322495848, 0.0173748042434, 0.0300552472472, 0.0315819196403, 0.0243376735598, 0.0196762010455, 0.0217947792262, 0.0309183876961, 0.0422032251954], "var": [0.117857977748, 0.0501914471388, 0.041622813791, 0.0588660091162, 0.0397267714143, 0.0705972611904, 0.106753826141, 0.0512252636254, 0.088598638773, 0.115024082363, 0.0401850566268, 0.0159620270133, 0.0101853003725, 0.0173873603344, 0.0530368499458, 0.0807505846024, 0.0360445231199, 0.0146680856124, 0.0138857327402, 0.0184499081224, 0.0417596548796, 0.0763204470277, 0.0485827922821, 0.0297746378928, 0.0371957905591, 0.0209997799248, 0.0118924938142, 0.0136323831975, 0.0155893070623, 0.0632234960794, 0.124332815409, 0.0513710305095, 0.0201141610742, 0.0210143905133, 0.0323186963797, 0.0988537073135], "median": [0.0322196371853, 0.0196802318096, 0.00375657714903, 0.00239166012034, 0.00655634049326, 0.0212543308735, 0.0245772115886, 0.0337096042931, 0.0184171721339, 0.0117142964154, 0.00911406241357, 0.00366701441817, 0.00214110035449, 0.00300193484873, 0.0135375149548, 0.020525444299, 0.0113832559437, 0.0021044309251, 0.00137731025461, 0.00320640811697, 0.0240976437926, 0.0462422817945, 0.0331629440188, 0.00875341240317, 0.00264020799659, 0.00210207374766, 0.00516572967172, 0.00554194161668, 0.00987747311592, 0.0247903876007, 0.0286058411002, 0.0161483511329, 0.00347474543378, 0.00231633055955, 0.00622277706861, 0.021096624434], "max": [1, 1, 1, 1, 1, 1, 1, 1, 1, 1, 1, 1, 1, 1, 1, 1, 1, 1, 1, 1, 1, 1, 1, 1, 1, 1, 1, 1, 1, 1, 1, 1, 1, 1, 1, 1], "dmean": [0.119507201016, 0.115458913147, 0.0899502560496, 0.0830245614052, 0.096031062305, 0.106552362442, 0.114148326218, 0.1212349087, 0.119390152395, 0.100016340613, 0.08661172539, 0.0509119406343, 0.0351627320051, 0.0461177863181, 0.0781197547913, 0.0933221653104, 0.0853853672743, 0.0489976368845, 0.0428554341197, 0.0535897836089, 0.0902998149395, 0.110002711415, 0.0985566675663, 0.0803866833448, 0.0589537024498, 0.0449471212924, 0.0396977178752, 0.0406698286533, 0.0514358356595, 0.0901119560003, 0.0868117362261, 0.0818657651544, 0.0567701272666, 0.0597863681614, 0.0858719050884, 0.113645598292], "dmean2": [0.199761420488, 0.201830819249, 0.160650596023, 0.149635985494, 0.173783734441, 0.185992270708, 0.195345059037, 0.209878876805, 0.209259882569, 0.171193957329, 0.150392442942, 0.0941947773099, 0.0653350502253, 0.0843149796128, 0.135598957539, 0.158824339509, 0.14949119091, 0.0902275294065, 0.0795937627554, 0.0981783568859, 0.156925454736, 0.183952450752, 0.16900408268, 0.143714547157, 0.107071898878, 0.0808942243457, 0.0706565156579, 0.0725512057543, 0.091212682426, 0.152029439807, 0.145383372903, 0.133597761393, 0.101191692054, 0.10671813041, 0.14980404079, 0.192714706063], "mean": [0.231801122427, 0.126232638955, 0.0863612145185, 0.0968522131443, 0.0902560204268, 0.159682169557, 0.206803798676, 0.141400784254, 0.178234800696, 0.204857319593, 0.102034062147, 0.0384991429746, 0.0272130649537, 0.0399225801229, 0.116778843105, 0.161783963442, 0.0935399308801, 0.0363369137049, 0.0309176705778, 0.0431576967239, 0.107861042023, 0.170301765203, 0.127892866731, 0.0749409943819, 0.0656728595495, 0.0426890961826, 0.0358713157475, 0.0410169884562, 0.0480974316597, 0.150822624564, 0.226517826319, 0.131757467985, 0.0539650730789, 0.0533225089312, 0.0822320580482, 0.198473751545], "dvar2": [0.100816853344, 0.11886587739, 0.100441925228, 0.10347507149, 0.116684786975, 0.104182615876, 0.107351273298, 0.115535154939, 0.119977928698, 0.0960417687893, 0.0856359824538, 0.0610423386097, 0.041157104075, 0.0556705445051, 0.076914653182, 0.0855639576912, 0.095148652792, 0.0604319646955, 0.0553968548775, 0.0579481869936, 0.0881020575762, 0.0941952094436, 0.0822019055486, 0.078068614006, 0.0681136772037, 0.0502699352801, 0.0405350588262, 0.0444928556681, 0.049626108259, 0.0754216313362, 0.0709157437086, 0.0596033371985, 0.0517206452787, 0.0591569766402, 0.0831187963486, 0.104242533445], "min": [0, 0, 0, 0, 0, 0, 0, 0, 0, 0, 0, 0, 0, 0, 0, 0, 0, 0, 0, 0, 0, 0, 0, 0, 0, 0, 0, 0, 0, 0, 0, 0, 0, 0, 0, 0]}, "key_key": "C", "thpcp": [1, 0.544573009014, 0.372565984726, 0.417824596167, 0.389368355274, 0.688875734806, 0.892160475254, 0.610009074211, 0.768912613392, 0.883763253689, 0.44017931819, 0.166086956859, 0.117398329079, 0.172227725387, 0.503788948059, 0.697942972183, 0.403535276651, 0.156759008765, 0.133380159736, 0.186184152961, 0.465317159891, 0.734689116478, 0.551735341549, 0.323298662901, 0.28331553936, 0.184162601829, 0.154750391841, 0.176949054003, 0.207494392991, 0.650655269623, 0.977207660675, 0.568407356739, 0.232807636261, 0.230035588145, 0.354752629995, 0.856224298477], "chords_key": "A", "tuning_equal_tempered_deviation": 0.0544995702803, "tuning_frequency": 441.527557373, "tuning_diatonic_strength": 0.570813715458, "chords_histogram": [6.65642595291, 11.9559650421, 25.9344596863, 1.20327699184, 4.48028659821, 0.435227841139, 1.04966711998, 0.358422935009, 0.332821309566, 0.435227841139, 0, 0, 0, 0.332821309566, 0, 0.358422935009, 0, 0.870455682278, 0, 6.83563756943, 3.7634408474, 3.84024572372, 3.43061947823, 27.7265739441], "key_strength": 0.726038813591, "key_scale": "major", "chords_strength": {"dvar": 9.57500305958e-05, "var": 0.0093340491876, "median": 0.519088208675, "max": 0.802159965038, "dmean": 0.0116852410138, "dmean2": 0.00930594746023, "mean": 0.519289851189, "dvar2": 7.89529658505e-05, "min": 0.263750195503}, "chords_number_rate": 0.00281618023291, "tuning_nontempered_energy_ratio": 0.692209661007, "hpcp_entropy": {"dvar": 0.252718091011, "var": 0.534173130989, "median": 1.68151903152, "max": 3.84979844093, "dmean": 0.559285998344, "dmean2": 0.942596495152, "mean": 1.6573972702, "dvar2": 0.626960039139, "min": 0}, "chords_changes_rate": 0.049923196435, "chords_scale": "minor"}, "rhythm": {"bpm_histogram_first_peak_spread": {"dvar": 0, "var": 0, "median": 0, "max": 0, "dmean": 0, "dmean2": 0, "mean": 0, "dvar2": 0, "min": 0}, "bpm_histogram_first_peak_weight": {"dvar": 0, "var": 0, "median": 0.517525792122, "max": 0.517525792122, "dmean": 0, "dmean2": 0, "mean": 0.517525792122, "dvar2": 0, "min": 0.517525792122}, "bpm_histogram_first_peak_bpm": {"dvar": 0, "var": 0, "median": 167, "max": 167, "dmean": 0, "dmean2": 0, "mean": 167, "dvar2": 0, "min": 167}, "bpm": 164.784286499, "bpm_histogram_second_peak_weight": {"dvar": 0, "var": 0, "median": 0.303092777729, "max": 0.303092777729, "dmean": 0, "dmean2": 0, "mean": 0.303092777729, "dvar2": 0, "min": 0.303092777729}, "beats_loudness": {"dvar": 0.000425194681156, "var": 0.000717187009286, "median": 0.0435422286391, "max": 0.144798651338, "dmean": 0.0232018791139, "dmean2": 0.0401664040983, "mean": 0.0464142747223, "dvar2": 0.00125334435143, "min": 3.35467720269e-09}, "beats_loudness_band_ratio": {"dvar": [0.0271527338773, 0.0205422919244, 0.0181410182267, 0.00526806805283, 0.000546962372027, 0.00212603714317], "var": [0.0716645121574, 0.0372089035809, 0.0266234334558, 0.011026895605, 0.000943186401855, 0.00125189265236], "median": [0.559084057808, 0.203939527273, 0.114623837173, 0.026653137058, 0.0117488279939, 0.00514055602252], "max": [0.990498363972, 0.84622335434, 0.878359615803, 0.654306173325, 0.21574485302, 0.406097203493], "dmean": [0.204984754324, 0.171370789409, 0.128657013178, 0.0523019097745, 0.0168270859867, 0.0152100538835], "dmean2": [0.327908307314, 0.289013087749, 0.217132598162, 0.0907431915402, 0.0296488758177, 0.0288367737085], "mean": [0.5366948843, 0.256518065929, 0.169091895223, 0.0704683214426, 0.0222091972828, 0.0139670046046], "dvar2": [0.0665511637926, 0.05718171224, 0.0501013919711, 0.014100914821, 0.00158405024558, 0.00644626514986], "min": [0.004013878759, 0.00360116851516, 0.00112700567115, 0.000177398207597, 3.34208889399e-05, 0.000163510107086]}, "bpm_histogram_second_peak_bpm": {"dvar": 0, "var": 0, "median": 161, "max": 161, "dmean": 0, "dmean2": 0, "mean": 161, "dvar2": 0, "min": 161}, "onset_rate": 2.7187063694, "beats_count": 486, "beats_position": [0.371519267559, 0.743038535118, 1.11455774307, 1.48607707024, 1.84598636627, 2.20589566231, 2.57741498947, 2.94893407822, 3.30884337425, 3.66875267029, 4.02866220474, 4.38857126236, 4.74848079681, 5.11999988556, 5.4915189743, 5.85142850876, 6.2229475975, 6.59446716309, 6.96598625183, 7.33750534058, 7.69741487503, 8.05732440948, 8.42884349823, 8.80036258698, 9.16027164459, 9.52018165588, 9.89170074463, 10.2632198334, 10.623128891, 10.9830379486, 11.3429479599, 11.7028570175, 12.051156044, 12.4110651016, 12.7709751129, 13.1424942017, 13.5024032593, 13.8623123169, 14.2338323593, 14.6053514481, 14.9536504745, 15.3135595322, 15.6734695435, 16.0449886322, 16.4048976898, 16.7531967163, 17.1131057739, 17.4730148315, 17.8213157654, 18.1928348541, 18.5527439117, 18.9242630005, 19.272562027, 19.6324710846, 19.9923801422, 20.363899231, 20.7470283508, 21.1185474396, 21.4900684357, 21.8615875244, 22.221496582, 22.5814056396, 22.9529247284, 23.312833786, 23.6727428436, 24.0326519012, 24.40417099, 24.7756919861, 25.1356010437, 25.4955101013, 25.8670291901, 26.2385482788, 26.5984573364, 26.958366394, 27.3298854828, 27.7014045715, 28.0613155365, 28.4212245941, 28.7927436829, 29.1642627716, 29.5241718292, 29.8840808868, 30.2439899445, 30.6038990021, 30.9521980286, 31.3004989624, 31.6720180511, 32.0319252014, 32.391834259, 32.7401351929, 33.1000442505, 33.4599533081, 33.8314743042, 34.2029914856, 34.5629005432, 34.9228096008, 35.2711105347, 35.6310195923, 35.9909286499, 36.3508377075, 36.6991386414, 37.059047699, 37.4305648804, 37.8020858765, 38.1736030579, 38.5335159302, 38.8934249878, 39.2533340454, 39.613243103, 39.9731521606, 40.3330612183, 40.7045783997, 41.0644874573, 41.4243965149, 41.7726974487, 42.1326065063, 42.492515564, 42.8408164978, 43.1891136169, 43.560634613, 43.9089317322, 44.2688446045, 44.6403617859, 45.0002708435, 45.3717918396, 45.743309021, 46.1148300171, 46.4747390747, 46.8346481323, 47.1945571899, 47.5428581238, 47.9027671814, 48.262676239, 48.6109733582, 48.959274292, 49.3191833496, 49.6790924072, 50.0390014648, 50.3989105225, 50.7588195801, 51.1071205139, 51.4786376953, 51.8385467529, 52.2216758728, 52.5931968689, 52.9647140503, 53.3362350464, 53.6845359802, 54.0444450378, 54.4043540955, 54.7526512146, 55.1125602722, 55.4724693298, 55.8323783875, 56.1922874451, 56.5522003174, 56.912109375, 57.2836265564, 57.6551475525, 58.0150566101, 58.3749656677, 58.7464828491, 59.1180038452, 59.4895210266, 59.8494338989, 60.2209510803, 60.5808601379, 60.9291610718, 61.3006782532, 61.6605873108, 62.0204963684, 62.3920173645, 62.7519264221, 63.1234474182, 63.4833564758, 63.8432655334, 64.2147827148, 64.5746917725, 64.9346008301, 65.2945098877, 65.6544189453, 66.0143280029, 66.3626327515, 66.7225418091, 67.0824508667, 67.4423599243, 67.8022689819, 68.1737823486, 68.5336914063, 68.8936004639, 69.26512146, 69.6366424561, 70.0081634521, 70.3796844482, 70.7395935059, 71.0995025635, 71.4594116211, 71.8193206787, 72.1792297363, 72.5391387939, 72.8990478516, 73.2589569092, 73.6188659668, 73.9787750244, 74.338684082, 74.6985931396, 75.0585021973, 75.4184112549, 75.766708374, 76.1266174316, 76.4749221802, 76.8348312378, 77.2063446045, 77.5778656006, 77.9493865967, 78.3209075928, 78.6924285889, 79.0523376465, 79.4122467041, 79.7721557617, 80.1320648193, 80.503578186, 80.8518829346, 81.2117919922, 81.5717010498, 81.9199981689, 82.2799072266, 82.6398162842, 82.9997253418, 83.3596343994, 83.719543457, 84.0794525146, 84.4509735107, 84.7992706299, 85.1591796875, 85.5190887451, 85.8673934937, 86.2389068604, 86.6104278564, 86.9819488525, 87.3418579102, 87.6901550293, 88.0384597778, 88.3983688354, 88.7466659546, 89.0949630737, 89.4664840698, 89.8380050659, 90.1979141235, 90.5578231812, 90.9177322388, 91.2776412964, 91.6491622925, 92.0206756592, 92.3921966553, 92.7637176514, 93.1352386475, 93.5067520142, 93.8782730103, 94.2497940063, 94.609703064, 94.9696121216, 95.3295211792, 95.6894302368, 96.0493392944, 96.3976364136, 96.7459411621, 97.1058502197, 97.4773712158, 97.8488845825, 98.1971893311, 98.5687026978, 98.9286117554, 99.2769165039, 99.6368255615, 99.9967346191, 100.345031738, 100.693328857, 101.041633606, 101.401542664, 101.761451721, 102.121360779, 102.469657898, 102.829566956, 103.189476013, 103.549385071, 103.909294128, 104.280815125, 104.652336121, 105.023849487, 105.395370483, 105.755279541, 106.115188599, 106.463493347, 106.823402405, 107.183311462, 107.554824829, 107.914733887, 108.274642944, 108.64616394, 109.006072998, 109.377593994, 109.737503052, 110.109024048, 110.468933105, 110.828842163, 111.188751221, 111.548660278, 111.908569336, 112.268478394, 112.63999939, 113.011520386, 113.371429443, 113.731338501, 114.091247559, 114.451156616, 114.811065674, 115.170974731, 115.542495728, 115.914009094, 116.28553009, 116.657051086, 117.016960144, 117.376869202, 117.736778259, 118.096687317, 118.456596375, 118.816505432, 119.17641449, 119.536323547, 119.896232605, 120.256141663, 120.61605072, 120.975959778, 121.335868835, 121.695777893, 122.055686951, 122.415596008, 122.775505066, 123.135414124, 123.495323181, 123.84362793, 124.203536987, 124.563446045, 124.923355103, 125.294876099, 125.666389465, 126.026298523, 126.397819519, 126.757728577, 127.106025696, 127.465942383, 127.82585144, 128.17414856, 128.534057617, 128.893966675, 129.265487671, 129.637008667, 130.008529663, 130.368438721, 130.728347778, 131.088256836, 131.448165894, 131.81968689, 132.191192627, 132.551101685, 132.911010742, 133.2709198, 133.630844116, 133.990753174, 134.350662231, 134.722167969, 135.082077026, 135.441986084, 135.801895142, 136.173416138, 136.533325195, 136.893234253, 137.253143311, 137.624664307, 137.996185303, 138.367706299, 138.739227295, 139.110748291, 139.470657349, 139.830566406, 140.190475464, 140.56199646, 140.921905518, 141.293426514, 141.66494751, 142.036453247, 142.407974243, 142.779495239, 143.151016235, 143.510925293, 143.870834351, 144.230743408, 144.602264404, 144.962173462, 145.32208252, 145.681991577, 146.030288696, 146.378585815, 146.750106812, 147.110015869, 147.469924927, 147.829833984, 148.189743042, 148.5496521, 148.909561157, 149.281082153, 149.652603149, 150.024124146, 150.384033203, 150.743942261, 151.115463257, 151.486984253, 151.846893311, 152.206802368, 152.566711426, 152.926620483, 153.286529541, 153.646438599, 154.017959595, 154.389480591, 154.761001587, 155.132507324, 155.492416382, 155.852325439, 156.223846436, 156.595367432, 156.966888428, 157.338409424, 157.698318481, 158.058227539, 158.429748535, 158.801269531, 159.172790527, 159.544311523, 159.915817261, 160.275741577, 160.635650635, 161.007156372, 161.36706543, 161.738586426, 162.12171936, 162.493240356, 162.876373291, 163.259490967, 163.642623901, 164.025756836, 164.408889771, 164.792022705, 165.198364258, 165.604721069, 166.022674561, 166.487075806, 166.951477051, 167.415863037, 167.880264282, 168.40272522, 168.91355896, 169.4243927, 169.923629761, 170.422851563, 170.922088623, 171.421310425, 171.920547485, 172.512649536, 173.104751587, 173.708480835, 174.265762329, 174.823028564, 175.380310059, 175.937591553, 176.494873047, 176.947662354, 177.40045166, 177.864852905, 178.32925415, 178.793640137, 179.258041382, 179.722442627, 180.175231934, 180.62802124], "danceability": 1.20912265778, "bpm_histogram_second_peak_spread": {"dvar": 0, "var": 0, "median": 0.0576923452318, "max": 0.0576923452318, "dmean": 0, "dmean2": 0, "mean": 0.0576923452318, "dvar2": 0, "min": 0.0576923452318}}, "lowlevel": {"spectral_flux": {"dvar": 0.000767301709857, "var": 0.00196136720479, "median": 0.057613812387, "max": 0.306322962046, "dmean": 0.0228797513992, "dmean2": 0.036732904613, "mean": 0.0651261135936, "dvar2": 0.00189389183652, "min": 6.69183737045e-06}, "spectral_rolloff": {"dvar": 1127253.5, "var": 2367751.5, "median": 473.73046875, "max": 22006.9335938, "dmean": 258.624908447, "dmean2": 450.49130249, "mean": 846.26940918, "dvar2": 2743783.25, "min": 86.1328125}, "barkbands_flatness_db": {"dvar": 0.000537707528565, "var": 0.00688447151333, "median": 0.190458208323, "max": 0.467804282904, "dmean": 0.0199027583003, "dmean2": 0.0293588265777, "mean": 0.207479819655, "dvar2": 0.00102548243012, "min": 0.0383001454175}, "spectral_centroid": {"dvar": 73213.390625, "var": 293303.1875, "median": 600.670532227, "max": 4655.85986328, "dmean": 140.825973511, "dmean2": 206.29914856, "mean": 745.338867188, "dvar2": 129739.632813, "min": 122.439331055}, "melbands_skewness": {"dvar": 0.784007608891, "var": 3.3555855751, "median": 2.36823034286, "max": 17.4384479523, "dmean": 0.675390958786, "dmean2": 1.02107334137, "mean": 2.71173977852, "dvar2": 1.79196965694, "min": -1.60697746277}, "melbands": {"dvar": [5.37300593351e-06, 5.36549987373e-06, 8.31807142276e-07, 1.19464539239e-06, 7.30697820472e-07, 4.5103590196e-07, 2.4665578735e-07, 1.74871189529e-07, 6.19446254291e-08, 3.61958960582e-08, 1.93240232704e-08, 2.1070771794e-08, 1.27291421848e-08, 5.75339864639e-09, 3.85046705631e-09, 1.4167823581e-09, 2.8112636663e-09, 6.83258560841e-10, 4.84481121887e-10, 2.70572120264e-10, 2.13042791741e-10, 7.63946197968e-11, 4.74567260489e-11, 6.93888002612e-11, 1.8993188966e-11, 8.66924847881e-12, 1.0887433316e-11, 3.85016324378e-11, 2.73385255406e-11, 2.05632177952e-11, 1.40523018569e-11, 7.55924316198e-12, 7.25806133944e-12, 2.14194742672e-12, 2.2244415511e-12, 6.57857611702e-13, 8.01699635497e-13, 1.36362145534e-12, 1.48996591974e-12, 7.3493668833e-13], "var": [1.07845044113e-05, 1.30762637127e-05, 2.30688692682e-06, 4.28501743954e-06, 4.23024539487e-06, 1.3395355154e-06, 1.0818902183e-06, 1.01700288724e-06, 2.87050454517e-07, 2.33105822645e-07, 9.76440972522e-08, 6.26711553764e-08, 3.92019927631e-08, 1.30508901464e-08, 7.55255058493e-09, 3.29631388851e-09, 6.56716059311e-09, 1.5332264347e-09, 1.66321201256e-09, 7.76039454919e-10, 7.48809458884e-10, 2.64882699108e-10, 1.46671536028e-10, 2.04368466594e-10, 5.52327072967e-11, 1.76190798062e-11, 2.0046554694e-11, 6.43409006629e-11, 5.56494572646e-11, 2.73156601505e-11, 2.14409948129e-11, 1.8053772019e-11, 1.5241191989e-11, 5.10649335317e-12, 4.95777637693e-12, 1.77369924304e-12, 1.77055234623e-12, 3.24073775627e-12, 3.70733522007e-12, 2.09408402077e-12], "median": [0.0011012571631, 0.0022687043529, 0.000750720966607, 0.000449817860499, 0.000216521526454, 0.00013941047655, 0.000149048632011, 8.04311493994e-05, 4.32771848864e-05, 1.87474070117e-05, 2.70755372185e-05, 2.18100049096e-05, 2.12854647543e-05, 1.17077306641e-05, 8.9173518063e-06, 9.20284765016e-06, 8.18796979729e-06, 6.90731258146e-06, 4.3927502702e-06, 3.22431037603e-06, 2.34073695538e-06, 1.90271555311e-06, 1.60404783855e-06, 1.62574770002e-06, 1.38653035719e-06, 7.50822096052e-07, 6.02419561346e-07, 7.36311562832e-07, 4.56681846117e-07, 2.61829171677e-07, 1.97391614165e-07, 1.17686681733e-07, 9.4113239868e-08, 6.09444299471e-08, 1.62688678529e-07, 6.56642598074e-08, 7.05512093191e-08, 7.58758034181e-08, 5.9126303853e-08, 3.52039890572e-08], "max": [0.0338643193245, 0.0367978550494, 0.0185701157898, 0.0192593820393, 0.0232296716422, 0.021736966446, 0.0162659790367, 0.0113481460139, 0.0101127196103, 0.00646388530731, 0.00486168451607, 0.00363312358968, 0.00264940387569, 0.00323480321094, 0.00166008982342, 0.00107764452696, 0.00119255157188, 0.00064827298047, 0.00138375489041, 0.000541651679669, 0.000551126140635, 0.000280562264379, 0.0001703225862, 0.000196210792637, 0.000103854828922, 7.11646425771e-05, 9.67068845057e-05, 0.000187536687008, 0.000178454603883, 0.000202072071261, 0.000144370234921, 7.06748396624e-05, 8.00437555881e-05, 3.59756559192e-05, 3.42591956723e-05, 2.35805418924e-05, 2.83682747977e-05, 3.89284759876e-05, 3.059500159e-05, 3.04567493004e-05], "dmean": [0.00123645015992, 0.00137579755392, 0.000523365917616, 0.000568949675653, 0.000324244727381, 0.000174527958734, 0.000182540723472, 0.000148643928696, 8.24154558359e-05, 4.94165797136e-05, 5.37001287739e-05, 4.5057189709e-05, 3.98835036322e-05, 2.47847328865e-05, 2.1923584427e-05, 1.51747544805e-05, 2.07730281545e-05, 1.20304075608e-05, 7.64743163018e-06, 6.55662324789e-06, 4.29444799011e-06, 3.04824516206e-06, 2.79181722362e-06, 2.70574287242e-06, 1.99416808755e-06, 1.1007472267e-06, 9.9860528735e-07, 1.5072143924e-06, 1.40328313591e-06, 8.7402850113e-07, 7.79026890996e-07, 6.07689969456e-07, 5.58684007501e-07, 3.52343022314e-07, 4.51300735449e-07, 2.31950622265e-07, 2.23699061053e-07, 2.88884081101e-07, 2.78467211956e-07, 1.98126656414e-07], "dmean2": [0.00195660255849, 0.00215416378342, 0.000850352633279, 0.000889195245691, 0.000470451283036, 0.000253208039794, 0.00024810252944, 0.000198159192223, 0.00010829695384, 6.31692746538e-05, 7.47908925405e-05, 6.69282962917e-05, 5.98039478064e-05, 3.83901533496e-05, 3.49213987647e-05, 2.37000385823e-05, 3.30162438331e-05, 1.91817307496e-05, 1.20354179671e-05, 1.0268890037e-05, 6.73808426654e-06, 4.78251422464e-06, 4.49893195764e-06, 4.11179689763e-06, 3.15117677019e-06, 1.78959737696e-06, 1.59477883699e-06, 2.35161519413e-06, 2.1193552584e-06, 1.33143748826e-06, 1.20869981401e-06, 8.98040298125e-07, 8.36754622924e-07, 5.08126618115e-07, 6.78784147112e-07, 3.31268694254e-07, 3.26095545233e-07, 4.2099460984e-07, 3.99920651262e-07, 2.78549691757e-07], "mean": [0.00230314047076, 0.00316949374974, 0.00127819250338, 0.00146186887287, 0.000940748781431, 0.000458878988866, 0.000495607149787, 0.00039667749661, 0.000197451605345, 0.000132364148158, 0.000113511232485, 8.89885559445e-05, 8.27413750812e-05, 4.6168865083e-05, 3.77971518901e-05, 2.71412500297e-05, 3.6979388824e-05, 2.23872011702e-05, 1.44346677189e-05, 1.18053712868e-05, 8.65006404638e-06, 6.56049815007e-06, 5.80726918997e-06, 5.65210166315e-06, 4.06184517487e-06, 2.2233771233e-06, 2.04482171284e-06, 2.90870866593e-06, 2.75205434264e-06, 1.53845871864e-06, 1.25971757825e-06, 1.05175320186e-06, 9.34789511575e-07, 6.20357809566e-07, 7.61403327942e-07, 4.48702394351e-07, 4.24721747549e-07, 4.97478936268e-07, 4.76501043067e-07, 3.39412224548e-07], "dvar2": [1.45851208799e-05, 1.34325691761e-05, 2.11827318708e-06, 2.9120558338e-06, 1.4357017335e-06, 8.47318403885e-07, 4.05572421869e-07, 2.84272374529e-07, 1.07077248401e-07, 5.13906250887e-08, 3.50349154132e-08, 4.52366570869e-08, 2.8479089309e-08, 1.3355588635e-08, 1.01052055612e-08, 3.52382723001e-09, 6.9949912529e-09, 1.71081249167e-09, 1.03935504647e-09, 5.76776848504e-10, 4.63436927722e-10, 1.73669453818e-10, 1.15814656476e-10, 1.47997836208e-10, 4.52667729689e-11, 2.24113887171e-11, 2.59066604974e-11, 8.86893475327e-11, 6.38060576597e-11, 4.86075901751e-11, 3.39060550469e-11, 1.54219154808e-11, 1.4910976967e-11, 3.99964826883e-12, 4.67106258187e-12, 1.23938782414e-12, 1.74321939262e-12, 2.79717243291e-12, 3.03065710548e-12, 1.35932400318e-12], "min": [3.12696137701e-14, 7.36175022123e-16, 6.0811544602e-15, 7.59732988326e-15, 4.27852096471e-15, 9.12585335262e-15, 1.79753520418e-14, 2.02362422202e-14, 3.07238196202e-14, 1.38954213397e-14, 1.38046422777e-14, 9.45910576022e-15, 3.24566694593e-14, 2.37676614907e-14, 9.62587468908e-15, 1.85636231999e-14, 2.66735841991e-14, 3.92962063985e-14, 3.03358209321e-14, 1.28175287156e-14, 1.61986072613e-14, 1.26901705358e-14, 4.57440693736e-15, 5.94397069813e-15, 5.82560546705e-15, 4.74295505892e-15, 6.0601272908e-15, 7.46708077993e-15, 2.83181770168e-15, 4.49863052287e-15, 4.87757696984e-15, 6.10312861243e-15, 3.31162671443e-15, 7.34694186185e-15, 9.47866544504e-15, 1.32743141023e-14, 4.91957032227e-15, 8.08420950354e-15, 6.21986203454e-15, 1.69263542527e-14]}, "spectral_decrease": {"dvar": 1.03756018744e-17, "var": 3.93646187614e-17, "median": -7.85053977381e-09, "max": 2.0742485596e-16, "dmean": 2.31700347797e-09, "dmean2": 3.53696161248e-09, "mean": -8.69504468426e-09, "dvar2": 2.47247130593e-17, "min": -4.88322378089e-08}, "barkbands_kurtosis": {"dvar": 176.073104858, "var": 853.494445801, "median": 6.93141698837, "max": 406.491119385, "dmean": 6.17504072189, "dmean2": 9.16629886627, "mean": 15.7257375717, "dvar2": 362.230743408, "min": -1.95737147331}, "silence_rate_30dB": {"dvar": 0.00888423901051, "var": 0.00787614192814, "median": 1, "max": 1, "dmean": 0.00896401610225, "dmean2": 0.0179303269833, "mean": 0.992061436176, "dvar2": 0.0229874085635, "min": 0}, "gfcc": {"mean": [-53.1390419006, 117.582038879, -78.5186157227, 14.3259391785, -41.7909812927, 4.59368085861, -30.8222160339, -0.41984885931, -19.404083252, -0.0786655768752, -7.20245361328, -5.75082492828, -7.47845220566], "cov": [[16391.7109375, -424.196563721, -1318.85754395, 1385.66674805, -480.379455566, 837.430603027, 263.810180664, 605.385559082, -46.4748916626, -211.077575684, -34.144908905, -227.771865845, 297.279144287], [-424.196563721, 907.07220459, 286.005828857, -240.768035889, 218.558395386, -152.461166382, 29.9137039185, -41.6207847595, -24.6426773071, -52.8473358154, 17.0747814178, 0.454796344042, -82.4910812378], [-1318.85754395, 286.005828857, 2050.12695313, 265.378448486, 106.027763367, 18.9634609222, -110.733718872, -28.7857894897, -20.4964923859, -51.9197425842, -88.1701812744, 164.755249023, -133.885559082], [1385.66674805, -240.768035889, 265.378448486, 614.153137207, -16.843296051, 147.964950562, 30.8582324982, 118.84526825, 32.2887954712, -12.0563545227, -18.1820964813, 41.2314529419, 57.3787574768], [-480.379455566, 218.558395386, 106.027763367, -16.843296051, 287.601165771, 2.07914876938, 69.9974212646, 6.7219877243, 46.5094146729, -1.37482917309, 14.1207952499, 40.9239616394, -21.689699173], [837.430603027, -152.461166382, 18.9634609222, 147.964950562, 2.07914876938, 385.811981201, 113.297775269, 54.192325592, 16.5054168701, 7.51537084579, -23.4545898438, 29.3871746063, 7.72706460953], [263.810180664, 29.9137039185, -110.733718872, 30.8582324982, 69.9974212646, 113.297775269, 188.775588989, 59.7079315186, 24.052570343, 7.45030641556, 25.3909358978, 2.64555644989, 15.6041707993], [605.385559082, -41.6207847595, -28.7857894897, 118.84526825, 6.7219877243, 54.192325592, 59.7079315186, 133.106033325, 43.6854705811, 9.84031581879, 9.87758731842, -3.52666425705, 20.3592395782], [-46.4748916626, -24.6426773071, -20.4964923859, 32.2887954712, 46.5094146729, 16.5054168701, 24.052570343, 43.6854705811, 135.666259766, 43.9367141724, 27.1036510468, -8.3387336731, 20.9573078156], [-211.077575684, -52.8473358154, -51.9197425842, -12.0563545227, -1.37482917309, 7.51537084579, 7.45030641556, 9.84031581879, 43.9367141724, 112.278594971, 27.6456279755, -12.4468278885, -1.57562792301], [-34.144908905, 17.0747814178, -88.1701812744, -18.1820964813, 14.1207952499, -23.4545898438, 25.3909358978, 9.87758731842, 27.1036510468, 27.6456279755, 91.3451004028, 8.45676803589, 11.8302326202], [-227.771865845, 0.454796344042, 164.755249023, 41.2314529419, 40.9239616394, 29.3871746063, 2.64555644989, -3.52666425705, -8.3387336731, -12.4468278885, 8.45676803589, 107.013748169, 5.84901094437], [297.279144287, -82.4910812378, -133.885559082, 57.3787574768, -21.689699173, 7.72706460953, 15.6041707993, 20.3592395782, 20.9573078156, -1.57562792301, 11.8302326202, 5.84901094437, 97.9493713379]], "icov": [[0.000127479579533, -0.000150689680595, 0.000110634347948, -0.000275169062661, 0.000184664560948, -0.000262529152678, 0.000149458326632, -0.000356032134732, 0.000132525121444, 0.000226155971177, -8.61458975123e-05, 0.000243622940616, -0.000118458810903], [-0.000150689680595, 0.00210142671131, -0.00048773403978, 0.00102131429594, -0.00152046512812, 0.000854375015479, -0.000622554041911, 0.00013597861107, 0.000343859981513, 0.000598291924689, -0.000510427751578, 0.000498530105688, 0.000596922880504], [0.000110634347948, -0.00048773403978, 0.000922494567931, -0.000782034010626, 0.00029172579525, -0.000211731341551, 0.000505016651005, -6.96469942341e-05, -0.000268813717412, 0.000158426628332, 0.000630759168416, -0.00105851318222, 0.00103493675124], [-0.000275169062661, 0.00102131429594, -0.000782034010626, 0.00338488444686, -0.000780979346018, -1.35059362947e-05, 5.71147647861e-05, -0.00144269585144, 5.0912003644e-05, -1.56747446454e-05, 6.6533946665e-05, -0.000372412236175, -0.00123458285816], [0.000184664560948, -0.00152046512812, 0.00029172579525, -0.000780979346018, 0.00604095682502, 6.80084194755e-05, -0.00202488317154, 0.0005080353003, -0.0024564738851, 0.000382480939152, 0.000747094047256, -0.00227915938012, 0.00114220695104], [-0.000262529152678, 0.000854375015479, -0.000211731341551, -1.35059362947e-05, 6.80084194755e-05, 0.004593369551, -0.00316879642196, 0.000887046335265, -0.000712926092092, -0.000740511575714, 0.00193046859931, -0.00177204213105, 0.00122123968322], [0.000149458326632, -0.000622554041911, 0.000505016651005, 5.71147647861e-05, -0.00202488317154, -0.00316879642196, 0.0095612546429, -0.00373195530847, 0.00124870985746, 0.000352005125023, -0.00250496179797, 0.00121358898468, -0.00129839545116], [-0.000356032134732, 0.00013597861107, -6.96469942341e-05, -0.00144269585144, 0.0005080353003, 0.000887046335265, -0.00373195530847, 0.0127973342314, -0.00356872123666, -0.00047065661056, 0.000446232093964, -0.000422743702075, 0.000649428053293], [0.000132525121444, 0.000343859981513, -0.000268813717412, 5.0912003644e-05, -0.0024564738851, -0.000712926092092, 0.00124870985746, -0.00356872123666, 0.0113335726783, -0.00308114057407, -0.0023301250767, 0.00252341222949, -0.00279851257801], [0.000226155971177, 0.000598291924689, 0.000158426628332, -1.56747446454e-05, 0.000382480939152, -0.000740511575714, 0.000352005125023, -0.00047065661056, -0.00308114057407, 0.0119475768879, -0.00320118735544, 0.00160142499954, 0.00137051881757], [-8.61458975123e-05, -0.000510427751578, 0.000630759168416, 6.6533946665e-05, 0.000747094047256, 0.00193046859931, -0.00250496179797, 0.000446232093964, -0.0023301250767, -0.00320118735544, 0.0146741364151, -0.0036232820712, -0.000134668676765], [0.000243622940616, 0.000498530105688, -0.00105851318222, -0.000372412236175, -0.00227915938012, -0.00177204213105, 0.00121358898468, -0.000422743702075, 0.00252341222949, 0.00160142499954, -0.0036232820712, 0.0137771368027, -0.00291785178706], [-0.000118458810903, 0.000596922880504, 0.00103493675124, -0.00123458285816, 0.00114220695104, 0.00122123968322, -0.00129839545116, 0.000649428053293, -0.00279851257801, 0.00137051881757, -0.000134668676765, -0.00291785178706, 0.0142492242157]]}, "silence_rate_20dB": {"dvar": 0, "var": 0, "median": 1, "max": 1, "dmean": 0, "dmean2": 0, "mean": 1, "dvar2": 0, "min": 1}, "barkbands_skewness": {"dvar": 0.541823983192, "var": 3.21486520767, "median": 1.95121204853, "max": 14.8202829361, "dmean": 0.608428001404, "dmean2": 0.906775951385, "mean": 2.29093503952, "dvar2": 1.16012632847, "min": -2.37404584885}, "erbbands_skewness": {"dvar": 0.221665278077, "var": 1.46563899517, "median": 0.790682435036, "max": 9.16856098175, "dmean": 0.377739518881, "dmean2": 0.555191099644, "mean": 0.961385726929, "dvar2": 0.417327910662, "min": -3.16227388382}, "spectral_contrast_valleys": {"dvar": [0.121515423059, 0.0774516835809, 0.0818826854229, 0.0824058055878, 0.0890179201961, 0.139960363507], "var": [2.15366101265, 1.37994968891, 1.71987497807, 1.89808380604, 2.37359547615, 2.55301427841], "median": [-6.88740253448, -7.02205562592, -7.90172386169, -8.38482666016, -8.5043258667, -11.2788934708], "max": [-5.08201789856, -4.95535898209, -5.77281236649, -6.14078140259, -6.47881126404, -7.87153339386], "dmean": [0.365894913673, 0.307388424873, 0.295694619417, 0.273554861546, 0.252925038338, 0.319423139095], "dmean2": [0.596292316914, 0.493362933397, 0.471409022808, 0.423198401928, 0.370040029287, 0.437836438417], "mean": [-7.25202655792, -7.25066041946, -8.21694850922, -8.75770378113, -8.86037921906, -11.4787960052], "dvar2": [0.278341084719, 0.186203718185, 0.182038918138, 0.174975588918, 0.176778152585, 0.22668376565], "min": [-20.5990009308, -17.6604747772, -17.8686141968, -17.6758594513, -17.3189144135, -18.5607376099]}, "spectral_strongpeak": {"dvar": 0.432487756014, "var": 0.915303230286, "median": 0.533791661263, "max": 7.21170186996, "dmean": 0.395971387625, "dmean2": 0.67344045639, "mean": 0.915419816971, "dvar2": 1.0769213438, "min": 0}, "erbbands_crest": {"dvar": 6.73435401917, "var": 25.0823764801, "median": 11.3967609406, "max": 29.9596691132, "dmean": 2.56157374382, "dmean2": 3.93644142151, "mean": 12.1665096283, "dvar2": 15.5386686325, "min": 2.54815793037}, "barkbands_crest": {"dvar": 5.47736549377, "var": 21.599111557, "median": 11.7713813782, "max": 25.8585567474, "dmean": 2.35215401649, "dmean2": 3.78619194031, "mean": 12.4279870987, "dvar2": 13.7844524384, "min": 2.91453337669}, "spectral_energyband_middle_low": {"dvar": 5.12950209668e-05, "var": 0.000273594487226, "median": 0.0094548324123, "max": 0.124052792788, "dmean": 0.00432559009641, "dmean2": 0.00640351697803, "mean": 0.0162803251296, "dvar2": 0.000104726314021, "min": 9.9904492231e-13}, "spectral_contrast_coeffs": {"dvar": [0.00149229168892, 0.00130397872999, 0.0009333480848, 0.000569388503209, 0.0003898650466, 0.000335282733431], "var": [0.00930640287697, 0.0083665214479, 0.00597191555426, 0.00363208330236, 0.00266551389359, 0.00205667573027], "median": [-0.616898417473, -0.684590876102, -0.732864737511, -0.75343298912, -0.792245388031, -0.769678235054], "max": [-0.285303264856, -0.390566200018, -0.422105431557, -0.566364228725, -0.60053062439, -0.555540680885], "dmean": [0.0443899147213, 0.03892018646, 0.0342313982546, 0.0286864452064, 0.0216725356877, 0.019982136786], "dmean2": [0.0724529251456, 0.0609173737466, 0.0534652434289, 0.0457744449377, 0.0341300778091, 0.0314058437943], "mean": [-0.612734735012, -0.67425763607, -0.727531909943, -0.75271832943, -0.784913897514, -0.767651677132], "dvar2": [0.00372564606369, 0.00286401016638, 0.00213024858385, 0.00135658483487, 0.000875817670021, 0.000764327589422], "min": [-0.966616392136, -0.948241651058, -0.954037249088, -0.953386545181, -0.94197934866, -0.929489433765]}, "hfc": {"dvar": 15.7535076141, "var": 114.043151855, "median": 11.0471801758, "max": 76.4713134766, "dmean": 2.79871177673, "dmean2": 3.97958254814, "mean": 13.0462684631, "dvar2": 30.0017127991, "min": 1.67472023804e-07}, "spectral_energyband_high": {"dvar": 1.68778399257e-07, "var": 5.19726427228e-07, "median": 7.74357758928e-05, "max": 0.00945202168077, "dmean": 0.000129166714032, "dmean2": 0.000174808301381, "mean": 0.000310889183311, "dvar2": 2.91059478741e-07, "min": 9.70882575724e-12}, "erbbands_spread": {"dvar": 112.391960144, "var": 378.189178467, "median": 22.3405532837, "max": 192.379272461, "dmean": 6.25942230225, "dmean2": 9.52231788635, "mean": 27.2267379761, "dvar2": 249.994781494, "min": 1.99587333202}, "dissonance": {"dvar": 0.000579672283493, "var": 0.00301336916164, "median": 0.432957053185, "max": 0.499999850988, "dmean": 0.0249978192151, "dmean2": 0.0407009795308, "mean": 0.419818103313, "dvar2": 0.00143710942939, "min": 0.163606226444}, "spectral_kurtosis": {"dvar": 12.7413301468, "var": 118.298027039, "median": 8.64946174622, "max": 54.3264465332, "dmean": 2.90959382057, "dmean2": 4.67311811447, "mean": 12.3269376755, "dvar2": 28.5681915283, "min": -1.1947054863}, "spectral_skewness": {"dvar": 0.15449129045, "var": 1.54157710075, "median": 2.28918886185, "max": 6.50439929962, "dmean": 0.318220973015, "dmean2": 0.48801279068, "mean": 2.58557319641, "dvar2": 0.301500529051, "min": 0.0104988329113}, "pitch_salience": {"dvar": 0.0035174631048, "var": 0.0136230867356, "median": 0.475614845753, "max": 0.842787206173, "dmean": 0.0602164678276, "dmean2": 0.0968927443027, "mean": 0.465973228216, "dvar2": 0.00876364298165, "min": 0.057037115097}, "spectral_complexity": {"dvar": 3.135024786, "var": 41.8506317139, "median": 12, "max": 37, "dmean": 1.62786531448, "dmean2": 2.62026119232, "mean": 11.8204870224, "dvar2": 7.21143007278, "min": 0}, "spectral_spread": {"dvar": 497157177344, "var": 2794753622020.0, "median": 3565391.5, "max": 14757594, "dmean": 429892.34375, "dmean2": 626605.3125, "mean": 3828486.25, "dvar2": 890794672128, "min": 1448373.25}, "dynamic_complexity": 4.04040813446, "melbands_crest": {"dvar": 7.04424571991, "var": 25.2455768585, "median": 15.2008981705, "max": 33.5831298828, "dmean": 2.65024185181, "dmean2": 4.27629041672, "mean": 15.6104125977, "dvar2": 18.1488723755, "min": 2.11914730072}, "zerocrossingrate": {"dvar": 0.000179882204975, "var": 0.00142035121098, "median": 0.02880859375, "max": 0.64111328125, "dmean": 0.00725081097335, "dmean2": 0.00871958490461, "mean": 0.0364991798997, "dvar2": 0.00021646003006, "min": 0.0029296875}, "spectral_energyband_low": {"dvar": 0.000113606736704, "var": 0.000278493535006, "median": 0.011590320617, "max": 0.176640793681, "dmean": 0.00659730052575, "dmean2": 0.0103661576286, "mean": 0.0156907457858, "dvar2": 0.000293018994853, "min": 1.83514688905e-13}, "melbands_kurtosis": {"dvar": 298.279724121, "var": 874.615112305, "median": 10.5377998352, "max": 553.295776367, "dmean": 8.17676734924, "dmean2": 12.5827465057, "mean": 19.1541919708, "dvar2": 683.819396973, "min": -1.75401079655}, "spectral_energyband_middle_high": {"dvar": 2.34911499319e-06, "var": 1.43221113831e-05, "median": 0.0012683304958, "max": 0.0353673510253, "dmean": 0.00082861847477, "dmean2": 0.00124444602989, "mean": 0.00289843790233, "dvar2": 5.35089156983e-06, "min": 2.75947233813e-12}, "barkbands_spread": {"dvar": 50.6954994202, "var": 166.790222168, "median": 8.79777908325, "max": 125.514816284, "dmean": 3.37953543663, "dmean2": 5.05119371414, "mean": 12.3106431961, "dvar2": 96.5110015869, "min": 0.41480281949}, "mfcc": {"mean": [-711.112731934, 159.831680298, 19.8086776733, 21.9757118225, 10.3179292679, 6.73358011246, 3.48883509636, -1.48660707474, -3.15579366684, 0.473019599915, -1.3737462759, 2.54482579231, -2.72681903839], "cov": [[12203.0566406, -664.79095459, -1414.74731445, 173.648239136, -318.581329346, 81.9152832031, 300.955596924, 231.165725708, 330.009490967, 422.774353027, -110.340065002, 37.6425971985, 95.7745285034], [-664.79095459, 1661.65698242, 232.278793335, 67.371635437, 175.49180603, -13.6766090393, 59.034160614, 37.7008552551, -86.5424880981, -77.3106536865, 3.98991250992, 28.3698501587, -80.6087722778], [-1414.74731445, 232.278793335, 1377.60388184, 304.195159912, 249.89680481, 106.84387207, 0.0197703652084, 49.054813385, 12.5864515305, -147.621582031, 38.0770072937, 39.579208374, -34.189956665], [173.648239136, 67.371635437, 304.195159912, 451.613861084, 147.816467285, -11.1219778061, 15.7245292664, 53.8472862244, 38.917842865, -26.1486740112, -29.4382247925, 66.1881790161, 1.51227509975], [-318.581329346, 175.49180603, 249.89680481, 147.816467285, 215.390197754, 55.245262146, -17.7916355133, 47.0382385254, 17.8085803986, -18.6433124542, 9.91397190094, 23.2870121002, 8.6308927536], [81.9152832031, -13.6766090393, 106.84387207, -11.1219778061, 55.245262146, 236.521591187, 62.5129547119, 94.4660339355, 39.173625946, 18.0377502441, 36.2453193665, -12.3469581604, 44.7967796326], [300.955596924, 59.034160614, 0.0197703652084, 15.7245292664, -17.7916355133, 62.5129547119, 151.291168213, 64.6597595215, 25.770860672, 16.4986495972, 16.0034656525, 4.29339551926, 4.30827856064], [231.165725708, 37.7008552551, 49.054813385, 53.8472862244, 47.0382385254, 94.4660339355, 64.6597595215, 185.169433594, 44.1994476318, 6.21360969543, 15.9560184479, 8.84814834595, 37.8766822815], [330.009490967, -86.5424880981, 12.5864515305, 38.917842865, 17.8085803986, 39.173625946, 25.770860672, 44.1994476318, 124.08417511, 47.8191871643, -0.0410258248448, 10.8788356781, 9.146777