{"lowlevel": {"spectral_strongpeak": {"max": 174.350082397, "dmean": 2.23934578896, "dvar2": 280.945800781, "dmean2": 4.20524501801, "var": 85.9983825684, "median": 0.240357965231, "min": 0, "dvar": 104.408790588, "mean": 1.78440904617}, "barkbands_flatness_db": {"max": 0.400175184011, "dmean": 0.0210953988135, "dvar2": 0.000917338533327, "dmean2": 0.0341923832893, "var": 0.00132565246895, "median": 0.102519214153, "min": 0.0263775065541, "dvar": 0.000352029252099, "mean": 0.107872880995}, "barkbands_skewness": {"max": 10.635602951, "dmean": 0.520493745804, "dvar2": 0.628413677216, "dmean2": 0.844504058361, "var": 0.982528865337, "median": 1.65232253075, "min": -2.12927508354, "dvar": 0.243343055248, "mean": 1.79147565365}, "spectral_energyband_middle_high": {"max": 0.0542284250259, "dmean": 0.00238392245956, "dvar2": 2.52954723692e-05, "dmean2": 0.00380595354363, "var": 3.0868286558e-05, "median": 0.00790402851999, "min": 1.43818789158e-21, "dvar": 1.00932293208e-05, "mean": 0.00852388609201}, "erbbands_kurtosis": {"max": 19.4117164612, "dmean": 0.620027184486, "dvar2": 1.63675117493, "dmean2": 1.01439750195, "var": 1.50774848461, "median": -0.173487305641, "min": -1.65004968643, "dvar": 0.629019856453, "mean": 0.0954915434122}, "erbbands_crest": {"max": 24.509103775, "dmean": 1.89565443993, "dvar2": 8.3353509903, "dmean2": 3.16658043861, "var": 6.34954214096, "median": 5.93971061707, "min": 2.59173321724, "dvar": 3.22636246681, "mean": 6.5433473587}, "dynamic_complexity": 2.06987452507, "barkbands_crest": {"max": 24.0173683167, "dmean": 3.02683591843, "dvar2": 18.6021308899, "dmean2": 5.04557085037, "var": 16.8821907043, "median": 8.80813598633, "min": 2.21948266029, "dvar": 6.86974716187, "mean": 9.58266353607}, "dissonance": {"max": 0.5, "dmean": 0.0114230886102, "dvar2": 0.000363048806321, "dmean2": 0.0194417648017, "var": 0.000237864471273, "median": 0.484389543533, "min": 0.280476093292, "dvar": 0.00012985469948, "mean": 0.480513483286}, "spectral_energyband_low": {"max": 0.156138122082, "dmean": 0.0129777947441, "dvar2": 0.000622299208771, "dmean2": 0.0221424940974, "var": 0.000397361989599, "median": 0.0184795986861, "min": 6.36114904103e-23, "dvar": 0.00022273871582, "mean": 0.0235553849488}, "spectral_contrast_coeffs": {"max": [-0.421320080757, -0.443709433079, -0.599276423454, -0.636900484562, -0.645671784878, -0.420834243298], "dmean": [0.0543771274388, 0.0499809421599, 0.0368556529284, 0.0273480247706, 0.0209983754903, 0.0372985005379], "dvar2": [0.00513102160767, 0.00409688800573, 0.00229942821898, 0.00128804019187, 0.00079340627417, 0.00274277222343], "dmean2": [0.0916254967451, 0.0829709693789, 0.0614382959902, 0.0462115332484, 0.0351953841746, 0.0593746751547], "var": [0.00476451823488, 0.00442607654259, 0.00229719211347, 0.00121541938279, 0.00111556169577, 0.00376546988264], "median": [-0.703851819038, -0.763359308243, -0.807065248489, -0.806690573692, -0.788633108139, -0.702059388161], "min": [-0.971893548965, -0.966335952282, -0.974817276001, -0.980293631554, -0.97848379612, -0.963930666447], "dvar": [0.0018111524405, 0.00147139374167, 0.000822964124382, 0.000451794127002, 0.000295029982226, 0.0010602446273], "mean": [-0.700485646725, -0.756007790565, -0.802908480167, -0.805628359318, -0.789623320103, -0.704826951027]}, "silence_rate_60dB": {"max": 1, "dmean": 0.00948067009449, "dvar2": 0.0217666998506, "dmean2": 0.0189633369446, "var": 0.0321778655052, "median": 0, "min": 0, "dvar": 0.00939116626978, "mean": 0.0332841798663}, "mfcc": {"icov": [[0.000294891477097, 5.81510357733e-05, 0.000451076397439, 7.89084806456e-05, 8.18181069917e-05, 0.000106307590613, 5.96223253524e-05, -0.000272096338449, 0.000245156843448, -0.000491859565955, 0.000252115220064, -0.000310563656967, 0.000304636894725], [5.81510357733e-05, 0.00172573607415, 0.00109815981705, 0.000809881021269, -6.83339239913e-05, 5.09760830028e-05, 0.00018259967328, 0.000718375376891, -0.000936610391364, 0.0002803018142, -0.000594813434873, 0.000724602199625, -0.00103327003308], [0.000451076397439, 0.00109815981705, 0.00410232134163, 0.00120622734539, -0.00134640163742, 0.000704027188476, -7.37247391953e-05, -0.000175799592398, 0.000356912700227, -0.000442409684183, -0.000468769372674, -0.0011239964515, 0.00133880961221], [7.89084806456e-05, 0.000809881021269, 0.00120622734539, 0.00655721919611, 0.000539317901712, -0.00199784501456, 0.001227714587, -0.000684913422447, 0.00123265979346, -0.000859099498484, -0.000834645179566, 0.00216003530659, -0.00189715833403], [8.18181069917e-05, -6.83339239913e-05, -0.00134640163742, 0.000539317901712, 0.00925231911242, -0.00209777615964, -0.0013929993147, 0.000754170760047, -0.00257241958752, 0.00416723079979, -0.00156979088206, -0.00183936976828, 0.000276854203548], [0.000106307590613, 5.09760830028e-05, 0.000704027188476, -0.00199784501456, -0.00209777615964, 0.0128521807492, -0.00229126331396, -0.00442511681467, 0.00230717496015, -0.00049013789976, 0.00285937567241, -0.00356482574716, 0.00156436278485], [5.96223253524e-05, 0.00018259967328, -7.37247391953e-05, 0.001227714587, -0.0013929993147, -0.00229126331396, 0.01505252067, -0.000818134634756, -0.00379395438358, 0.000607820809819, -0.000612893374637, 0.00385169521905, -0.00252416566946], [-0.000272096338449, 0.000718375376891, -0.000175799592398, -0.000684913422447, 0.000754170760047, -0.00442511681467, -0.000818134634756, 0.0151760252193, -0.00410541286692, -0.000586509588175, 0.00129845214542, -0.00241450662725, 0.00144203111995], [0.000245156843448, -0.000936610391364, 0.000356912700227, 0.00123265979346, -0.00257241958752, 0.00230717496015, -0.00379395438358, -0.00410541286692, 0.0206148140132, -0.00496985670179, -0.00357764447108, 0.00210708123632, -0.000804707407951], [-0.000491859565955, 0.0002803018142, -0.000442409684183, -0.000859099498484, 0.00416723079979, -0.00049013789976, 0.000607820809819, -0.000586509588175, -0.00496985670179, 0.0193883478642, -0.00784728582948, -0.000705219223164, 0.00370116042905], [0.000252115220064, -0.000594813434873, -0.000468769372674, -0.000834645179566, -0.00156979088206, 0.00285937567241, -0.000612893374637, 0.00129845214542, -0.00357764447108, -0.00784728582948, 0.0277797561139, -0.00718179345131, -0.00212323875166], [-0.000310563656967, 0.000724602199625, -0.0011239964515, 0.00216003530659, -0.00183936976828, -0.00356482574716, 0.00385169521905, -0.00241450662725, 0.00210708123632, -0.000705219223164, -0.00718179345131, 0.0250568483025, -0.00813010707498], [0.000304636894725, -0.00103327003308, 0.00133880961221, -0.00189715833403, 0.000276854203548, 0.00156436278485, -0.00252416566946, 0.00144203111995, -0.000804707407951, 0.00370116042905, -0.00212323875166, -0.00813010707498, 0.0244882535189]], "cov": [[4865.75244141, 31.0312995911, -618.484802246, 109.734169006, -239.65385437, 25.4073429108, -76.9827270508, 100.603942871, -51.9880485535, 153.335266113, -38.2263031006, 9.76023864746, -54.6368522644], [31.0312995911, 858.174865723, -238.039916992, -68.7188491821, -15.5489616394, -47.8368339539, 9.81085205078, -56.9872131348, 45.9465713501, -10.7823371887, 18.1233253479, -28.009973526, 46.5247535706], [-618.484802246, -238.039916992, 439.00201416, -69.8447189331, 86.8313064575, -6.46213436127, 12.3657341003, 1.59085929394, 2.86490416527, -13.7996940613, 13.1811380386, 25.5061779022, -19.3590488434], [109.734169006, -68.7188491821, -69.8447189331, 199.146438599, -32.5375556946, 34.4917182922, -15.6004371643, 18.1051368713, -19.3896102905, 11.5923547745, -5.22159481049, -8.24403381348, 4.89342975616], [-239.65385437, -15.5489616394, 86.8313064575, -32.5375556946, 156.398117065, 20.1434211731, 24.2418689728, -0.0504906438291, 16.2298164368, -32.6514625549, 7.24759531021, 16.5678272247, 6.10125112534], [25.4073429108, -47.8368339539, -6.46213436127, 34.4917182922, 20.1434211731, 109.584793091, 11.487326622, 36.6279373169, -9.06571388245, -3.62349152565, -10.8804340363, 13.6145486832, -3.68374919891], [-76.9827270508, 9.81085205078, 12.3657341003, -15.6004371643, 24.2418689728, 11.487326622, 80.4653396606, 7.52618932724, 20.2060279846, -5.03088140488, 2.06023359299, -6.99840354919, 5.6094994545], [100.603942871, -56.9872131348, 1.59085929394, 18.1051368713, -0.0504906438291, 36.6279373169, 7.52618932724, 88.2167892456, 10.8121652603, 11.0200376511, -2.69514846802, 10.2343263626, -7.24487686157], [-51.9880485535, 45.9465713501, 2.86490416527, -19.3896102905, 16.2298164368, -9.06571388245, 20.2060279846, 10.8121652603, 68.2866668701, 16.4381046295, 15.8762559891, -2.0150783062, 3.23541355133], [153.335266113, -10.7823371887, -13.7996940613, 11.5923547745, -32.6514625549, -3.62349152565, -5.03088140488, 11.0200376511, 16.4381046295, 77.7173309326, 20.5156860352, 3.05838799477, -9.68866729736], [-38.2263031006, 18.1233253479, 13.1811380386, -5.22159481049, 7.24759531021, -10.8804340363, 2.06023359299, -2.69514846802, 15.8762559891, 20.5156860352, 50.7587890625, 14.7822570801, 7.82896709442], [9.76023864746, -28.009973526, 25.5061779022, -8.24403381348, 16.5678272247, 13.6145486832, -6.99840354919, 10.2343263626, -2.0150783062, 3.05838799477, 14.7822570801, 56.9238586426, 13.9344568253], [-54.6368522644, 46.5247535706, -19.3590488434, 4.89342975616, 6.10125112534, -3.68374919891, 5.6094994545, -7.24487686157, 3.23541355133, -9.68866729736, 7.82896709442, 13.9344568253, 52.9630737305]], "mean": [-620.089599609, 148.855911255, -31.2267093658, 39.7337036133, 4.75242376328, 20.4453487396, -3.01114654541, 12.8337898254, -3.44261050224, 4.86264181137, -1.27931153774, 3.54080986977, 2.69814014435]}, "melbands_spread": {"max": 161.890914917, "dmean": 7.4396777153, "dvar2": 155.93687439, "dmean2": 12.1622953415, "var": 212.213668823, "median": 21.998249054, "min": 0.892591953278, "dvar": 62.3587646484, "mean": 24.527557373}, "barkbands_kurtosis": {"max": 155.504241943, "dmean": 2.63286423683, "dvar2": 47.2508392334, "dmean2": 4.22334575653, "var": 64.994140625, "median": 2.37383699417, "min": -1.7393784523, "dvar": 21.2169132233, "mean": 4.25650167465}, "spectral_energyband_high": {"max": 0.0150274345651, "dmean": 0.000377965072403, "dvar2": 5.41303109003e-07, "dmean2": 0.000554453930818, "var": 1.31350213906e-06, "median": 0.00126112462021, "min": 7.31912751221e-21, "dvar": 2.93026005238e-07, "mean": 0.00149740965571}, "hfc": {"max": 1518.35864258, "dmean": 43.9906272888, "dvar2": 5192.45556641, "dmean2": 71.2271270752, "var": 9725.73046875, "median": 202.557449341, "min": 1.13342299235e-16, "dvar": 2043.06835938, "mean": 205.302566528}, "spectral_skewness": {"max": 7.23948478699, "dmean": 0.217026308179, "dvar2": 0.175513908267, "dmean2": 0.330765813589, "var": 0.302424103022, "median": 2.6355304718, "min": -0.0303498730063, "dvar": 0.0707419663668, "mean": 2.66505908966}, "erbbands": {"max": [6.04353237152, 30.9378623962, 124.77910614, 87.5937042236, 141.754959106, 229.377532959, 448.15145874, 595.096252441, 1329.50073242, 1166.92541504, 678.807617188, 599.725402832, 951.021057129, 806.213195801, 1642.49694824, 711.282653809, 604.212585449, 1160.66271973, 1615.59411621, 541.457641602, 587.978942871, 588.502746582, 422.319335938, 806.125732422, 558.594177246, 487.285797119, 355.1612854, 285.735839844, 340.358276367, 76.9030456543, 70.970123291, 17.9603691101, 7.70830011368, 0.89180791378, 0.380031973124, 1.14174079895, 1.73957061768, 2.58223199844, 0.83485865593, 0.141798451543], "dmean": [0.435174524784, 1.69737911224, 3.95902204514, 4.42826986313, 4.42602062225, 7.2356877327, 12.1503744125, 15.1489191055, 16.3659858704, 10.2324323654, 12.1272602081, 16.1449394226, 18.9666786194, 22.7751350403, 21.2737865448, 25.0647964478, 19.4649066925, 27.7557735443, 25.1845035553, 26.4831256866, 24.0492763519, 17.4808311462, 15.5033149719, 12.315320015, 8.0199804306, 6.17421150208, 3.82044839859, 2.25205039978, 1.76358568668, 1.34848320484, 0.634305298328, 0.319880247116, 0.162959247828, 0.0405858047307, 0.020146233961, 0.0279362630099, 0.0377118326724, 0.0411393232644, 0.0225997231901, 0.00733476877213], "dvar2": [0.904977560043, 13.943567276, 126.954490662, 116.17288208, 127.952659607, 276.371490479, 1017.72906494, 1533.26586914, 3501.99121094, 1271.9354248, 989.575134277, 2158.70874023, 4028.32910156, 4409.21875, 3657.19970703, 3908.18237305, 1818.70751953, 3973.11328125, 4296.41503906, 4098.81152344, 2458.87841797, 1832.67553711, 1354.08959961, 1180.24987793, 671.84387207, 419.660003662, 180.521774292, 94.4494934082, 79.1829299927, 15.7105360031, 4.58284187317, 1.0663112402, 0.279101520777, 0.00834253896028, 0.00220779771917, 0.00687160249799, 0.0109515255317, 0.0103272022679, 0.0020706274081, 0.000136578513775], "dmean2": [0.738213181496, 2.88205742836, 6.86794948578, 7.56037473679, 7.45640420914, 12.3181867599, 19.2480106354, 23.987361908, 25.9759082794, 16.3441829681, 19.9580745697, 26.3594017029, 30.9025535583, 37.6627883911, 34.9633522034, 41.5502204895, 32.1500167847, 45.3938713074, 41.7740249634, 44.9821281433, 40.5501403809, 29.1568889618, 25.5040550232, 19.4406318665, 12.6287975311, 9.72240066528, 5.95506191254, 3.37634110451, 2.64164733887, 2.05395364761, 0.960174620152, 0.482750803232, 0.251804441214, 0.0653335824609, 0.0332844629884, 0.0432222336531, 0.0549703501165, 0.059404682368, 0.0327925346792, 0.0117564722896], "var": [0.526099860668, 7.62702274323, 47.7932090759, 62.1933059692, 92.0202789307, 166.780090332, 1056.15380859, 1309.1151123, 3446.8815918, 1650.40820312, 724.520935059, 1528.36157227, 2617.92358398, 2827.04980469, 2788.96240234, 2612.14355469, 1336.81286621, 3351.30249023, 2981.75341797, 2496.03417969, 1802.92504883, 1340.5201416, 1200.42199707, 1286.28527832, 584.278808594, 370.752380371, 158.907608032, 90.5896377563, 67.9328689575, 19.9027290344, 4.49072360992, 0.794244110584, 0.24168600142, 0.00568620022386, 0.00103996321559, 0.00586424814537, 0.011059560813, 0.0179874431342, 0.00476431893185, 0.000359677884262], "median": [0.395223915577, 1.4735827446, 2.62391710281, 3.6093788147, 3.97481250763, 7.12722682953, 10.9706668854, 13.4220199585, 10.6927719116, 8.78949546814, 12.8315792084, 16.15234375, 15.8666296005, 20.2297096252, 24.3191070557, 34.0974464417, 29.8700790405, 36.9067001343, 37.4214248657, 34.0460090637, 40.9029312134, 31.6453514099, 25.6541900635, 17.1501083374, 11.2234344482, 8.0841293335, 5.04698944092, 2.86836957932, 1.96790456772, 1.77009296417, 0.763321995735, 0.26244956255, 0.0911225751042, 0.0277052037418, 0.0113308802247, 0.0189909916371, 0.0415154844522, 0.0773796737194, 0.0621944703162, 0.0389573983848], "min": [2.60000930809e-22, 5.08414890889e-21, 1.52224141735e-20, 2.49296678519e-20, 2.31707119002e-20, 3.24534102824e-20, 7.68727183709e-20, 1.95608194513e-19, 2.05024560112e-19, 4.64312245956e-19, 7.79886767825e-19, 7.68366985326e-19, 1.12290988245e-18, 1.63808075969e-18, 2.16969474673e-18, 2.23962273456e-18, 1.73209635035e-18, 3.08397727099e-18, 2.02189763039e-18, 4.35115324253e-18, 6.63627649425e-18, 8.33023237374e-18, 8.70239830212e-18, 7.51994278929e-18, 1.02164845846e-17, 1.14684389853e-17, 1.18526900224e-17, 1.21101657045e-17, 1.25053619955e-17, 1.32071221749e-17, 1.3871276242e-17, 1.26469529825e-17, 9.92789781248e-18, 8.52048970489e-18, 7.51656210213e-18, 4.80461654947e-18, 2.56997137425e-18, 1.07762546623e-18, 2.96591321347e-19, 3.29621263592e-20], "dvar": [0.320596367121, 4.99390459061, 46.2903022766, 42.2105674744, 47.5018424988, 108.305122375, 444.283996582, 668.471374512, 1541.4909668, 603.360595703, 410.489105225, 819.601501465, 1556.40515137, 1694.22009277, 1528.67028809, 1497.15307617, 701.471618652, 1649.31896973, 1616.55151367, 1541.87341309, 913.697692871, 704.441589355, 535.312683105, 522.502258301, 297.81741333, 174.126449585, 77.8233184814, 45.610710144, 38.3771018982, 7.64637756348, 2.21747398376, 0.467654317617, 0.127216175199, 0.00359614077024, 0.000889645249117, 0.003181676846, 0.00516849569976, 0.00535579444841, 0.00106621801388, 5.59980035177e-05], "mean": [0.643682956696, 2.39649796486, 4.79237508774, 6.23982524872, 7.13405418396, 10.8500776291, 20.8870754242, 25.3325271606, 25.8988819122, 17.2202529907, 20.0972366333, 27.4383907318, 30.9160060883, 37.2467460632, 37.8311843872, 47.8471946716, 39.0320053101, 52.0427856445, 50.1051979065, 48.2071914673, 50.5155029297, 40.3110275269, 34.9780921936, 27.3299255371, 17.8311100006, 13.5943050385, 8.498503685, 4.84596824646, 3.63110923767, 3.05762314796, 1.33601403236, 0.545049250126, 0.259109050035, 0.0537610724568, 0.0228436589241, 0.0435300320387, 0.0759222880006, 0.114893123507, 0.0793290361762, 0.0390653498471]}, "spectral_contrast_valleys": {"max": [-5.01239061356, -4.95014095306, -5.0028886795, -5.35553598404, -5.43924283981, -9.06077671051], "dmean": [0.374669253826, 0.337940275669, 0.279588013887, 0.244397550821, 0.206029519439, 0.510670661926], "dvar2": [0.256037652493, 0.196167483926, 0.147577896714, 0.128527238965, 0.119925931096, 0.531577765942], "dmean2": [0.628902971745, 0.56534910202, 0.46328753233, 0.398543000221, 0.315231412649, 0.814361453056], "var": [0.870902299881, 0.934225440025, 0.952038884163, 0.985743284225, 1.03174972534, 0.917545497417], "median": [-6.39217042923, -6.17325305939, -6.4903550148, -6.60608768463, -6.88589477539, -10.7005443573], "min": [-27.8520526886, -27.7598648071, -27.4841194153, -27.5873584747, -27.4871921539, -27.334280014], "dvar": [0.100627966225, 0.0796998441219, 0.0636706501245, 0.0591448619962, 0.0599326267838, 0.213794723153], "mean": [-6.53556966782, -6.33421564102, -6.65934801102, -6.78254318237, -7.01365661621, -10.8386793137]}, "average_loudness": 0.872814118862, "erbbands_spread": {"max": 93.2721481323, "dmean": 5.70683383942, "dvar2": 67.0566101074, "dmean2": 9.23094081879, "var": 106.66242981, "median": 31.5813598633, "min": 6.64897871017, "dvar": 26.3664894104, "mean": 33.0196914673}, "melbands_flatness_db": {"max": 0.570656597614, "dmean": 0.0297423303127, "dvar2": 0.00167164520826, "dmean2": 0.0482452213764, "var": 0.00274308375083, "median": 0.208317399025, "min": 0.00417465670034, "dvar": 0.000643750885502, "mean": 0.212443172932}, "barkbands_spread": {"max": 105.535812378, "dmean": 7.98346090317, "dvar2": 135.456008911, "dmean2": 12.8605365753, "var": 202.322921753, "median": 36.5549240112, "min": 1.07091486454, "dvar": 51.5709190369, "mean": 37.5206642151}, "spectral_decrease": {"max": 7.70154340302e-09, "dmean": 4.03278743732e-09, "dvar2": 5.19497548824e-17, "dmean2": 6.67140076516e-09, "var": 3.95289630055e-17, "median": -8.30226554172e-09, "min": -5.22841432371e-08, "dvar": 1.90024496353e-17, "mean": -9.27759469249e-09}, "melbands_crest": {"max": 37.0552825928, "dmean": 4.80019140244, "dvar2": 42.5621414185, "dmean2": 8.11402416229, "var": 40.0147399902, "median": 15.8876056671, "min": 1.92612075806, "dvar": 15.2946891785, "mean": 16.6207695007}, "erbbands_flatness_db": {"max": 0.253200620413, "dmean": 0.0152161885053, "dvar2": 0.000417406321503, "dmean2": 0.0237792208791, "var": 0.000783977622632, "median": 0.127526894212, "min": 0.0284801386297, "dvar": 0.000170331084519, "mean": 0.126523032784}, "melbands_kurtosis": {"max": 194.008285522, "dmean": 5.59124803543, "dvar2": 173.143859863, "dmean2": 9.27781391144, "var": 135.621231079, "median": 5.98996591568, "min": -1.64533376694, "dvar": 63.9574623108, "mean": 9.42471981049}, "spectral_rms": {"max": 0.0147805744782, "dmean": 0.000979381264187, "dvar2": 2.38868369706e-06, "dmean2": 0.00159646337852, "var": 4.44434772362e-06, "median": 0.00711725233123, "min": 3.20769279194e-12, "dvar": 8.81771143213e-07, "mean": 0.00691989157349}, "melbands_skewness": {"max": 11.86810112, "dmean": 0.751355946064, "dvar2": 1.37729942799, "dmean2": 1.23534071445, "var": 1.6023670435, "median": 2.36094546318, "min": -0.88828253746, "dvar": 0.50209903717, "mean": 2.57623958588}, "barkbands": {"max": [0.067725032568, 0.144352987409, 0.126347228885, 0.035002745688, 0.0519614368677, 0.0619422644377, 0.104317620397, 0.025549178943, 0.0358448773623, 0.0233307536691, 0.0346405282617, 0.0207899957895, 0.0147960949689, 0.0204094257206, 0.0252462681383, 0.00985026266426, 0.0101719088852, 0.00864645652473, 0.0123458430171, 0.0104502784088, 0.00625801831484, 0.00688751554117, 0.00228404719383, 0.000577751954552, 5.47281561012e-05, 0.0011286631925, 0.00618343567476], "dmean": [0.00375140667893, 0.00939369760454, 0.00374660291709, 0.00137925962918, 0.00186036794912, 0.00185239093844, 0.00105111289304, 0.000460880517494, 0.000784656614996, 0.000677824777085, 0.000500254624058, 0.000658563687466, 0.000466156518087, 0.000577215861995, 0.000529554614332, 0.000467980018584, 0.000345457199728, 0.00028044814826, 0.000201418893994, 0.000130300119054, 7.34019413358e-05, 4.69963524665e-05, 2.69390857284e-05, 1.19262767839e-05, 3.04267064166e-06, 1.88263657037e-05, 0.000318035279633], "dvar2": [7.03877449268e-05, 0.000401914061513, 0.000130744476337, 1.07247124106e-05, 1.69821378222e-05, 2.00324502657e-05, 1.55498728418e-05, 1.62172580076e-06, 5.91375192016e-06, 3.69221038454e-06, 2.38653319684e-06, 2.42764713221e-06, 1.10881035198e-06, 1.66275640368e-06, 1.69100258063e-06, 1.05508308934e-06, 5.96750567183e-07, 4.3927204274e-07, 3.57137281526e-07, 1.94136205778e-07, 7.203804131e-08, 4.0754798647e-08, 6.53187459676e-09, 1.47357326341e-09, 4.7839322781e-11, 2.59133448033e-09, 2.54552844581e-07], "dmean2": [0.00645726779476, 0.0158616118133, 0.00651366449893, 0.00232610781677, 0.00312990508974, 0.00288547808304, 0.00167814060114, 0.000763572927099, 0.00127573846839, 0.00111058587208, 0.000828678603284, 0.00109185406473, 0.000771049293689, 0.000940340571105, 0.000888402806595, 0.000794746272732, 0.000574185862206, 0.000460390438093, 0.000319008046063, 0.000205307573196, 0.000112572699436, 7.0595255238e-05, 4.14707974414e-05, 1.81727173185e-05, 5.01261592945e-06, 2.80191907223e-05, 0.000503985735122], "var": [3.98514603148e-05, 0.000240851513809, 4.77219764434e-05, 8.01099668024e-06, 1.17341323858e-05, 2.25630483328e-05, 1.84940654435e-05, 1.1042963024e-06, 4.21562799602e-06, 2.37674544223e-06, 1.52775464812e-06, 1.67227767633e-06, 7.07120079824e-07, 1.41081113725e-06, 1.10801602204e-06, 6.49969706501e-07, 4.64098121711e-07, 3.91709761516e-07, 3.8033203964e-07, 1.56002172957e-07, 6.54055511973e-08, 4.0746087393e-08, 7.32827398764e-09, 1.16141152251e-09, 2.34947929167e-11, 2.83505952048e-09, 6.23309517778e-07], "median": [0.00335025670938, 0.00955706182867, 0.00202558189631, 0.000973077490926, 0.0020890396554, 0.00165734463371, 0.000687244522851, 0.000438688293798, 0.00071406934876, 0.000591559044551, 0.000438314978965, 0.000826466013677, 0.000611016177572, 0.000704301986843, 0.000682589365169, 0.000671419780701, 0.000560579122975, 0.000433702429291, 0.000262649264187, 0.000173016043846, 9.2494112323e-05, 5.38022650289e-05, 3.5818789911e-05, 7.99090867076e-06, 1.67194798451e-06, 2.44550137722e-05, 0.00137428427115], "min": [4.6791994568e-24, 1.98616953248e-23, 8.36307890999e-24, 8.59333951961e-24, 9.53435591623e-24, 2.52701383127e-23, 1.48112232161e-23, 1.17341915803e-23, 4.08245458099e-23, 5.70442359961e-23, 3.27627975662e-23, 4.84619058193e-23, 3.28001990395e-23, 5.04226416873e-23, 4.80860514633e-23, 9.29545475534e-23, 1.52489602391e-22, 1.67421376176e-22, 2.21637476407e-22, 2.45336195908e-22, 2.63898989153e-22, 4.15757843609e-22, 4.65471100549e-22, 6.50517017743e-22, 9.48558260284e-22, 1.45009789895e-21, 2.20905287269e-21], "dvar": [2.59462976828e-05, 0.000143336073961, 4.75179076602e-05, 4.00913086196e-06, 6.78764308759e-06, 9.03182990442e-06, 7.09737832949e-06, 6.73770671256e-07, 2.25059193326e-06, 1.42916815093e-06, 9.62979925134e-07, 9.36436094889e-07, 4.18884980036e-07, 6.8976186185e-07, 6.35176434116e-07, 3.90739558043e-07, 2.31348622037e-07, 1.76779209937e-07, 1.66512236888e-07, 7.89396708001e-08, 3.29244294051e-08, 2.02142143024e-08, 3.14753734187e-09, 6.5323546572e-10, 1.93887891853e-11, 1.20901355594e-09, 1.08998953863e-07], "mean": [0.00532484799623, 0.0144345508888, 0.00421711290255, 0.00195271451958, 0.00305486586876, 0.00324375228956, 0.00167629297357, 0.000717308546882, 0.00129769952036, 0.00107895152178, 0.000776864297222, 0.0011918018572, 0.000835911079776, 0.00102577952202, 0.000968433741946, 0.000878296501469, 0.000729502877221, 0.00060707970988, 0.000432965287473, 0.000286139606033, 0.000154866866069, 9.95720547508e-05, 6.00234961894e-05, 1.95102238649e-05, 3.41188888342e-06, 4.12151748606e-05, 0.00143612490501]}, "spectral_kurtosis": {"max": 82.2180786133, "dmean": 2.79708147049, "dvar2": 34.4584693909, "dmean2": 4.31819152832, "var": 38.5430450439, "median": 16.7733078003, "min": -1.24697005749, "dvar": 13.3359489441, "mean": 17.192522049}, "erbbands_skewness": {"max": 3.59536552429, "dmean": 0.285040944815, "dvar2": 0.150769889355, "dmean2": 0.454376250505, "var": 0.287246435881, "median": -0.302735358477, "min": -3.89805102348, "dvar": 0.0600126497447, "mean": -0.266110658646}, "melbands": {"max": [0.0459352992475, 0.0462991110981, 0.0144700761884, 0.00859459303319, 0.012072420679, 0.0136411478743, 0.0175898633897, 0.0103989327326, 0.0051148221828, 0.00498257391155, 0.00459996750578, 0.00360998278484, 0.00517227081582, 0.00221855402924, 0.00335529725999, 0.00130345718935, 0.00247094361112, 0.00269560120068, 0.000933291041292, 0.000754546141252, 0.000659211713355, 0.000716775772162, 0.00048602980678, 0.000470042490633, 0.00071531010326, 0.000590506126173, 0.000619958154857, 0.000286694936221, 0.000231801794143, 0.000216351181734, 0.000150935564307, 0.000244106879109, 8.94252516446e-05, 4.53897628176e-05, 4.93604056828e-05, 1.78246209543e-05, 9.37532058742e-06, 5.89918136029e-06, 2.9958732739e-06, 4.96001689498e-07], "dmean": [0.00316516472958, 0.00198111915961, 0.000728625804186, 0.000388909160392, 0.000395963608753, 0.000345249980455, 0.000239946588408, 0.000102755555417, 0.000110376095108, 0.000107226376713, 9.71175104496e-05, 9.53521448537e-05, 6.70037479722e-05, 7.57021771278e-05, 6.22609441052e-05, 4.12883127865e-05, 5.78427498112e-05, 4.32377055404e-05, 4.01494871767e-05, 3.34214928444e-05, 3.11533112836e-05, 2.10896068893e-05, 1.68580882018e-05, 1.41702339533e-05, 1.07628875412e-05, 7.41934763937e-06, 5.22335676578e-06, 4.3975819608e-06, 2.75341494671e-06, 1.97807321456e-06, 1.26028021441e-06, 1.09147890726e-06, 9.3205022722e-07, 7.59563363317e-07, 4.21777002657e-07, 2.57228975897e-07, 1.80568008545e-07, 1.29708567442e-07, 6.85603254169e-08, 2.57166306028e-08], "dvar2": [4.5722550567e-05, 2.20340025407e-05, 2.97646465697e-06, 7.33900662908e-07, 9.34457034418e-07, 7.49457285565e-07, 7.61275884997e-07, 1.18003242733e-07, 7.79801965223e-08, 1.14926869799e-07, 1.0417534213e-07, 7.67043317751e-08, 4.03753226408e-08, 3.43952564208e-08, 2.19030891202e-08, 9.75785319213e-09, 1.74287251298e-08, 1.27654464777e-08, 9.16257825168e-09, 7.06012626139e-09, 4.19015222519e-09, 2.72961941938e-09, 1.71133174298e-09, 1.19804066667e-09, 9.49851752807e-10, 5.68931568523e-10, 3.83911430424e-10, 2.15956197369e-10, 8.47276762639e-11, 5.76660802443e-11, 3.17915103965e-11, 3.63797013347e-11, 1.43618528528e-11, 4.62657516465e-12, 2.2658136218e-12, 7.30283834707e-13, 3.57980734899e-13, 1.88060802825e-13, 4.60675165278e-14, 3.80316565119e-15], "dmean2": [0.00535802496597, 0.00341539666988, 0.00123292638455, 0.000660713471007, 0.000634191848803, 0.000541359942872, 0.000381062011002, 0.000164234617841, 0.000181379902642, 0.000175033244886, 0.000158259717864, 0.000157477508765, 0.000110213230073, 0.000125345366541, 0.000102219099062, 6.86894636601e-05, 9.48736342252e-05, 7.19514064258e-05, 6.73866015859e-05, 5.74002078793e-05, 5.25619107066e-05, 3.54217991116e-05, 2.82357941614e-05, 2.3196434995e-05, 1.71995325218e-05, 1.1855797311e-05, 8.43863745104e-06, 7.03863770468e-06, 4.38728511654e-06, 3.09053598357e-06, 1.91629646906e-06, 1.66265829193e-06, 1.43910006045e-06, 1.19167077628e-06, 6.54650534671e-07, 3.86019479492e-07, 2.78050322322e-07, 2.02717345132e-07, 1.07480310874e-07, 4.27647783852e-08], "var": [2.75489674095e-05, 9.82552774076e-06, 1.74339527348e-06, 4.9967798077e-07, 9.00803001969e-07, 7.15934334039e-07, 8.00874829565e-07, 1.41821118405e-07, 5.60862680743e-08, 7.93730023929e-08, 6.73901041637e-08, 4.91435265815e-08, 2.90087225352e-08, 2.19560511994e-08, 1.70337290939e-08, 5.9609033265e-09, 1.40080880229e-08, 8.55035953151e-09, 6.19995388362e-09, 3.6810636761e-09, 3.0455904465e-09, 1.80798642724e-09, 1.23286569842e-09, 1.00000163705e-09, 9.45134304153e-10, 4.85819606766e-10, 2.2031790281e-10, 1.83397144693e-10, 7.15513828742e-11, 4.62307414573e-11, 2.81424380327e-11, 2.57569486573e-11, 1.27160686494e-11, 5.19911934685e-12, 1.96297925831e-12, 5.30949091117e-13, 2.3765787515e-13, 1.50701743836e-13, 3.68379710959e-14, 1.72556397932e-15], "median": [0.00342344585806, 0.0017852797173, 0.000681494246237, 0.000420932163252, 0.000403982645366, 0.000312169664539, 0.000156818627147, 8.89410293894e-05, 0.000111100707727, 9.72703710431e-05, 7.58215319365e-05, 7.92967475718e-05, 6.90231099725e-05, 9.25232889131e-05, 7.81116832513e-05, 5.540195707e-05, 6.7793254857e-05, 5.67688693991e-05, 4.97151304444e-05, 3.82572470699e-05, 4.81384340674e-05, 3.28054084093e-05, 2.45381015702e-05, 1.99159767362e-05, 1.28171250253e-05, 8.7383787104e-06, 6.47879551252e-06, 4.96590973853e-06, 3.2546422517e-06, 2.26589645536e-06, 1.3603428215e-06, 1.09500092549e-06, 9.5480231721e-07, 9.84339180832e-07, 4.66383539788e-07, 2.27033069677e-07, 1.19673842391e-07, 6.55950600503e-08, 3.57041081145e-08, 1.20191723241e-08], "min": [4.77383988846e-24, 9.99018656854e-24, 4.65065294722e-24, 1.76512755139e-24, 2.72799145078e-24, 4.6689308544e-24, 3.83606571016e-24, 4.31220164217e-24, 6.20322153327e-24, 5.16661373317e-24, 6.18762180887e-24, 6.66618861576e-24, 5.60239982431e-24, 5.50161889936e-24, 3.9496226319e-24, 3.35139430316e-24, 5.23027401936e-24, 3.18677165401e-24, 4.03687143688e-24, 6.49015824906e-24, 7.85707591525e-24, 8.1011841892e-24, 3.61934865899e-24, 7.84330634815e-24, 5.14785225426e-24, 6.60188264692e-24, 8.0347234468e-24, 7.33438614578e-24, 7.15154554289e-24, 5.71954882417e-24, 5.96734738944e-24, 6.53908024696e-24, 7.36957407532e-24, 6.77827707292e-24, 6.43951101236e-24, 5.76107249007e-24, 6.90473147603e-24, 6.14710472949e-24, 7.05135941906e-24, 7.17129940881e-24], "dvar": [1.63443237398e-05, 7.98618475528e-06, 1.09240340862e-06, 2.79001284298e-07, 4.06261079888e-07, 3.3240371522e-07, 3.37714141097e-07, 5.46611254038e-08, 3.16498223185e-08, 4.35186429115e-08, 4.02433606439e-08, 2.95519004823e-08, 1.6669591929e-08, 1.31169537454e-08, 8.81200978853e-09, 3.64284802323e-09, 7.21562765094e-09, 4.80358197663e-09, 3.47503048559e-09, 2.626726614e-09, 1.55544177538e-09, 1.05178421528e-09, 6.43469777462e-10, 4.8532172725e-10, 4.1192646516e-10, 2.54669979549e-10, 1.54152024479e-10, 8.8170103163e-11, 3.50881095013e-11, 2.57683319127e-11, 1.50778105279e-11, 1.66306395738e-11, 6.62963911199e-12, 2.09904771516e-12, 1.06141788067e-12, 3.21087855739e-13, 1.51646314321e-13, 8.32219018633e-14, 2.08781475046e-14, 1.52835173343e-15], "mean": [0.00506293075159, 0.00272607128136, 0.00111175037455, 0.000623400323093, 0.000691417371854, 0.000594136712607, 0.000383580802009, 0.000169629318407, 0.000177574809641, 0.000176689994987, 0.000153350658366, 0.000150163541548, 0.000112903537229, 0.000133807261591, 0.000113590554975, 7.47716330807e-05, 0.000101029298094, 7.95216401457e-05, 7.14469133527e-05, 5.60450207558e-05, 6.13203810644e-05, 4.3043972255e-05, 3.43443571182e-05, 2.8576789191e-05, 2.17125925701e-05, 1.47530063259e-05, 1.04196951725e-05, 8.82020867721e-06, 5.7038560044e-06, 3.83147971661e-06, 2.43911836151e-06, 2.06089680432e-06, 1.84535690551e-06, 1.67176051491e-06, 8.37791731101e-07, 4.38984983475e-07, 2.80511471829e-07, 1.98804329443e-07, 9.91034809772e-08, 2.71589595258e-08]}, "spectral_centroid": {"max": 11233.1425781, "dmean": 220.875366211, "dvar2": 104924.523438, "dmean2": 345.217529297, "var": 328931.34375, "median": 1423.96069336, "min": 234.035827637, "dvar": 47463.2695312, "mean": 1482.94702148}, "pitch_salience": {"max": 0.966030836105, "dmean": 0.0799286141992, "dvar2": 0.0128439730033, "dmean2": 0.133758634329, "var": 0.0112248063087, "median": 0.569929838181, "min": 0.114390730858, "dvar": 0.00467899721116, "mean": 0.555409550667}, "gfcc": {"icov": [[0.000295126548735, -0.000420988828409, 0.00140255794395, -0.000936361262575, 0.000886135210749, -0.000789001293015, 0.000423518882599, -0.000375700823497, -0.000189015001524, 9.4008159067e-05, -5.82653592573e-05, -0.000263793277554, 0.000273031182587], [-0.000420988828409, 0.00593852763996, -0.00574461882934, 0.00699124205858, -0.00614723097533, 0.00456024380401, -0.00294397794642, 0.00262697646394, -0.00145656685345, 0.00153983791824, -0.00167438271455, 0.00477691134438, -0.00331806810573], [0.00140255794395, -0.00574461882934, 0.0150382602587, -0.011060455814, 0.0101678799838, -0.0100737009197, 0.00623406702653, -0.00339361955412, -0.00138206209522, 0.00107869075146, -0.00191421411, -0.00187611836009, 0.00165234936867], [-0.000936361262575, 0.00699124205858, -0.011060455814, 0.0187285393476, -0.0129018062726, 0.00943544600159, -0.0056221713312, 0.000583761138842, 0.00518511747941, -0.00750400964171, 0.00861506536603, -0.00672972761095, 0.00437865965068], [0.000886135210749, -0.00614723097533, 0.0101678799838, -0.0129018062726, 0.0195722300559, -0.0111206993461, 0.00244561210275, 0.00244641234167, -0.00707321241498, 0.00959657598287, -0.00958128832281, 0.00635559903458, -0.00527979806066], [-0.000789001293015, 0.00456024380401, -0.0100737009197, 0.00943544600159, -0.0111206993461, 0.0166415739805, -0.00287068635225, -0.00474305311218, 0.00672874320298, -0.00622929818928, 0.00788012798876, -0.00640447344631, 0.00345460162498], [0.000423518882599, -0.00294397794642, 0.00623406702653, -0.0056221713312, 0.00244561210275, -0.00287068635225, 0.012743934989, -0.00160717812832, -0.00470177270472, 0.00237068207934, -0.000293992168736, -0.000510324491188, 0.00235309335403], [-0.000375700823497, 0.00262697646394, -0.00339361955412, 0.000583761138842, 0.00244641234167, -0.00474305311218, -0.00160717812832, 0.0188844483346, -0.00894870050251, 0.00408551283181, -0.0071768485941, 0.0138151338324, -0.00965128000826], [-0.000189015001524, -0.00145656685345, -0.00138206209522, 0.00518511747941, -0.00707321241498, 0.00672874320298, -0.00470177270472, -0.00894870050251, 0.0275974068791, -0.0188922081143, 0.0129481172189, -0.0185254663229, 0.0133356489241], [9.4008159067e-05, 0.00153983791824, 0.00107869075146, -0.00750400964171, 0.00959657598287, -0.00622929818928, 0.00237068207934, 0.00408551283181, -0.0188922081143, 0.0431481301785, -0.0316886305809, 0.0241727754474, -0.014775861986], [-5.82653592573e-05, -0.00167438271455, -0.00191421411, 0.00861506536603, -0.00958128832281, 0.00788012798876, -0.000293992168736, -0.0071768485941, 0.0129481172189, -0.0316886305809, 0.0509602241218, -0.0324182137847, 0.00930129922926], [-0.000263793277554, 0.00477691134438, -0.00187611836009, -0.00672972761095, 0.00635559903458, -0.00640447344631, -0.000510324491188, 0.0138151338324, -0.0185254663229, 0.0241727754474, -0.0324182137847, 0.0460138805211, -0.0200170259923], [0.000273031182587, -0.00331806810573, 0.00165234936867, 0.00437865965068, -0.00527979806066, 0.00345460162498, 0.00235309335403, -0.00965128000826, 0.0133356489241, -0.014775861986, 0.00930129922926, -0.0200170259923, 0.0305717606097]], "cov": [[6607.66650391, -268.553466797, -785.252258301, 75.1838226318, -18.8931674957, -119.139457703, 159.55267334, -18.8600406647, 76.8155975342, -27.5929908752, -40.0641746521, 17.1306476593, -87.958694458], [-268.553466797, 717.070739746, -63.2388725281, -219.901702881, 132.80355835, -104.224212646, 57.6036949158, -40.5925712585, 35.1733169556, -17.3373680115, 20.2195854187, -67.8751907349, 58.2868309021], [-785.252258301, -63.2388725281, 351.289978027, 69.42552948, -63.1303977966, 135.474365234, -93.107093811, 63.5084075928, -24.7863044739, 25.9500541687, 6.47592449188, 17.0390224457, 4.76375007629], [75.1838226318, -219.901702881, 69.42552948, 208.444564819, 15.0844602585, 26.0635299683, 12.9170093536, -4.54238557816, -2.31029438972, 2.28284430504, -10.7927780151, 35.9954414368, -31.9504528046], [-18.8931674957, 132.80355835, -63.1303977966, 15.0844602585, 156.933074951, 0.985456824303, 43.6547927856, -24.7167644501, 18.5905742645, -16.9141025543, 7.53577804565, -0.734289050102, 12.6045465469], [-119.139457703, -104.224212646, 135.474365234, 26.0635299683, 0.985456824303, 178.579956055, -36.9037361145, 56.3790893555, -20.5048713684, 9.01808357239, -5.1187748909, 10.8055067062, 1.26198983192], [159.55267334, 57.6036949158, -93.107093811, 12.9170093536, 43.6547927856, -36.9037361145, 138.293563843, -13.670340538, 37.6228599548, -11.6061067581, -6.68970251083, -3.62630558014, -17.6012687683], [-18.8600406647, -40.5925712585, 63.5084075928, -4.54238557816, -24.7167644501, 56.3790893555, -13.670340538, 104.496498108, 12.6204624176, 23.6632385254, 3.62668514252, -13.7047262192, 12.2374258041], [76.8155975342, 35.1733169556, -24.7863044739, -2.31029438972, 18.5905742645, -20.5048713684, 37.6228599548, 12.6204624176, 80.0896759033, 23.1790008545, 12.5313606262, 11.9237098694, -8.32037830353], [-27.5929908752, -17.3373680115, 25.9500541687, 2.28284430504, -16.9141025543, 9.01808357239, -11.6061067581, 23.6632385254, 23.1790008545, 63.6387939453, 32.7081069946, 4.82290267944, 14.9121274948], [-40.0641746521, 20.2195854187, 6.47592449188, -10.7927780151, 7.53577804565, -5.1187748909, -6.68970251083, 3.62668514252, 12.5313606262, 32.7081069946, 58.2925453186, 31.2177715302, 20.3347034454], [17.1306476593, -67.8751907349, 17.0390224457, 35.9954414368, -0.734289050102, 10.8055067062, -3.62630558014, -13.7047262192, 11.9237098694, 4.82290267944, 31.2177715302, 71.5008621216, 15.4561662674], [-87.958694458, 58.2868309021, 4.76375007629, -31.9504528046, 12.6045465469, 1.26198983192, -17.6012687683, 12.2374258041, -8.32037830353, 14.9121274948, 20.3347034454, 15.4561662674, 66.1624450684]], "mean": [42.3396530151, 85.0069961548, -99.4379043579, 5.4897608757, -1.8814316988, -19.9912147522, 1.59996545315, -19.8396530151, 3.90685391426, -10.2094230652, -1.84519028664, 3.43462061882, -7.48639440536]}, "spectral_flux": {"max": 0.329770117998, "dmean": 0.0248932484537, "dvar2": 0.00160036014859, "dmean2": 0.0410779640079, "var": 0.00200330140069, "median": 0.124977134168, "min": 6.51436543597e-11, "dvar": 0.000651313690469, "mean": 0.125864729285}, "zerocrossingrate": {"max": 0.90673828125, "dmean": 0.0365943461657, "dvar2": 0.00160106248222, "dmean2": 0.0480381920934, "var": 0.00667694443837, "median": 0.263671875, "min": 0.0400390625, "dvar": 0.000922754697967, "mean": 0.272363841534}, "spectral_energyband_middle_low": {"max": 0.109508946538, "dmean": 0.00442306231707, "dvar2": 6.91918976372e-05, "dmean2": 0.00702406745404, "var": 9.46471845964e-05, "median": 0.0100655937567, "min": 2.32500911487e-22, "dvar": 2.88945084321e-05, "mean": 0.0122331064194}, "silence_rate_20dB": {"max": 1, "dmean": 0, "dvar2": 0, "dmean2": 0, "var": 0, "median": 1, "min": 1, "dvar": 0, "mean": 1}, "silence_rate_30dB": {"max": 1, "dmean": 0.0229642894119, "dvar2": 0.0562558956444, "dmean2": 0.0459334179759, "var": 0.0239376723766, "median": 1, "min": 0, "dvar": 0.0224388726056, "mean": 0.975458204746}, "spectral_entropy": {"max": 9.8126707077, "dmean": 0.0997002124786, "dvar2": 0.0234799683094, "dmean2": 0.15293571353, "var": 0.0537547916174, "median": 7.7325334549, "min": 6.04184484482, "dvar": 0.0102434707806, "mean": 7.72182416916}, "spectral_rolloff": {"max": 22050, "dmean": 6172.88085938, "dvar2": 140276080, "dmean2": 11718.8212891, "var": 83498504, "median": 19681.3476562, "min": 43.06640625, "dvar": 62547876, "mean": 13279.5546875}, "spectral_complexity": {"max": 60, "dmean": 3.72590327263, "dvar2": 23.4911613464, "dmean2": 5.86852073669, "var": 110.254310608, "median": 32, "min": 0, "dvar": 11.1163797379, "mean": 30.4047813416}, "spectral_spread": {"max": 42529160, "dmean": 372909