{"tonal": {"chords_number_rate": 0.00211660563946, "thpcp": [1, 0.578295111656, 0.129665613174, 0.12937477231, 0.109881781042, 0.184579417109, 0.296540945768, 0.207756981254, 0.107184015214, 0.0817358121276, 0.0632560178638, 0.298235356808, 0.53911113739, 0.350188702345, 0.222161158919, 0.259605675936, 0.146287292242, 0.0791267305613, 0.0847328081727, 0.0822768583894, 0.203854739666, 0.310641556978, 0.192018285394, 0.128268450499, 0.169873759151, 0.14864705503, 0.367630600929, 0.697242558002, 0.500904381275, 0.16807821393, 0.10023650527, 0.0846404731274, 0.171075716615, 0.292146474123, 0.278181105852, 0.601755321026], "hpcp": {"dvar": [0.0253581255674, 0.0188434459269, 0.0192749984562, 0.0188868846744, 0.0174050815403, 0.0246311165392, 0.0331550762057, 0.0306932535022, 0.0313001610339, 0.0265686344355, 0.023643899709, 0.0238647311926, 0.0239798650146, 0.0244290046394, 0.0240011941642, 0.0312405880541, 0.0229483619332, 0.0153960697353, 0.0149622512981, 0.0136223239824, 0.0176292266697, 0.0185705628246, 0.0161129105836, 0.014776147902, 0.00952501036227, 0.0102450782433, 0.0155997285619, 0.0293655712157, 0.0204820483923, 0.0207068677992, 0.0214828606695, 0.0167357269675, 0.0130492160097, 0.0127285597846, 0.0156750809401, 0.0192424375564], "mean": [0.137588649988, 0.0850483030081, 0.0568123720586, 0.07524009794, 0.065838418901, 0.162830114365, 0.308821082115, 0.221859440207, 0.0744448229671, 0.0443965271115, 0.0374887660146, 0.0757724717259, 0.129396855831, 0.123211339116, 0.266528099775, 0.442917734385, 0.256137162447, 0.0574311986566, 0.0573023818433, 0.048668589443, 0.0817534998059, 0.131343245506, 0.0920192524791, 0.0474737025797, 0.0362022407353, 0.0280172117054, 0.132093727589, 0.238781884313, 0.155104786158, 0.098399117589, 0.114983953536, 0.0647932365537, 0.035046633333, 0.0375296622515, 0.0364418812096, 0.0902908816934], "min": [0, 0, 0, 0, 0, 0, 0, 0, 0, 0, 0, 0, 0, 0, 0, 0, 0, 0, 0, 0, 0, 0, 0, 0, 0, 0, 0, 0, 0, 0, 0, 0, 0, 0, 0, 0], "median": [0.0253490749747, 0.0175350345671, 0.007907230407, 0.0070912563242, 0.00798791553825, 0.0657647624612, 0.122274070978, 0.0860959216952, 0.0116907535121, 0.00370587129146, 0.00348304281943, 0.012186633423, 0.0234893448651, 0.0223942250013, 0.187374636531, 0.22547455132, 0.128670603037, 0.0144537091255, 0.00587751250714, 0.00669951038435, 0.0104406205937, 0.0104767242447, 0.00646959338337, 0.00320428283885, 0.00225520366803, 0.00486432760954, 0.0550476536155, 0.095595471561, 0.0642296597362, 0.00840386282653, 0.00349714490585, 0.00354389683343, 0.00372448191047, 0.00362631771713, 0.00495479023084, 0.0180925298482], "dvar2": [0.0587121322751, 0.0511651299894, 0.0538391470909, 0.0499072670937, 0.0466413795948, 0.0673625990748, 0.0793743655086, 0.0803030505776, 0.0844542086124, 0.0740899220109, 0.0679033994675, 0.0665648803115, 0.0623599551618, 0.0668803751469, 0.0636395737529, 0.076735585928, 0.0633762553334, 0.0435444824398, 0.0406615063548, 0.0377325899899, 0.0494815297425, 0.0447560064495, 0.0394295267761, 0.0404645577073, 0.0253584627062, 0.0282659772784, 0.039804007858, 0.0651762709022, 0.0492852665484, 0.053110063076, 0.0520415455103, 0.0450027175248, 0.0364798642695, 0.0353129729629, 0.0448269508779, 0.0515682213008], "var": [0.0637262165546, 0.0258632339537, 0.0200787968934, 0.0364731550217, 0.0267629027367, 0.0458147488534, 0.135690748692, 0.0820825174451, 0.0292919371277, 0.0197835285217, 0.0168344303966, 0.0291323587298, 0.0602145828307, 0.0547842606902, 0.0691289752722, 0.18839943409, 0.0719928219914, 0.0156403779984, 0.0222002398223, 0.0166093967855, 0.0320792272687, 0.0766038000584, 0.0386477410793, 0.019026465714, 0.0123229799792, 0.00814052019268, 0.0307782255113, 0.0919828489423, 0.0437338575721, 0.0434393174946, 0.0675282627344, 0.0265642013401, 0.0107424492016, 0.0132510783151, 0.0120982006192, 0.0300865732133], "dmean2": [0.12209109962, 0.103958509862, 0.0930919125676, 0.0958677753806, 0.0958602279425, 0.151347696781, 0.169277653098, 0.168461367488, 0.135317742825, 0.104714088142, 0.0921267196536, 0.106973513961, 0.118878297508, 0.123962417245, 0.1627189219, 0.150905162096, 0.155400753021, 0.0915263742208, 0.0774476677179, 0.0711837783456, 0.0903903022408, 0.0871553272009, 0.0877155289054, 0.0759029388428, 0.0598769746721, 0.0588436946273, 0.113738514483, 0.160105586052, 0.137677744031, 0.109901748598, 0.0963284820318, 0.0818445235491, 0.0653438940644, 0.0643117129803, 0.0750658884645, 0.105137385428], "max": [1, 1, 1, 1, 1, 1, 1, 1, 1, 1, 1, 1, 1, 1, 1, 1, 1, 1, 1, 1, 1, 1, 1, 1, 1, 1, 1, 1, 1, 1, 1, 1, 1, 1, 1, 1], "dmean": [0.0725776478648, 0.0602922700346, 0.0526069700718, 0.0549769923091, 0.0543130263686, 0.0889607220888, 0.102667368948, 0.100410245359, 0.0762170627713, 0.0580583550036, 0.0502586513758, 0.06156873703, 0.0698089823127, 0.0718043595552, 0.0960850864649, 0.0889721289277, 0.0906031951308, 0.0520646572113, 0.0443700104952, 0.0410581603646, 0.0514715947211, 0.0517259985209, 0.0523567982018, 0.0427731908858, 0.033650316298, 0.0326503515244, 0.0695190355182, 0.0996379554272, 0.0833729952574, 0.0652979537845, 0.0577254258096, 0.0483497157693, 0.0370636880398, 0.0358165204525, 0.0410957708955, 0.0612150244415]}, "key_strength": 0.691706836224, "chords_strength": {"dvar": 5.13920167577e-05, "mean": 0.515032351017, "min": 0.226312994957, "median": 0.524201989174, "dvar2": 3.43211977452e-05, "var": 0.00867702160031, "dmean2": 0.00557255139574, "max": 0.727970659733, "dmean": 0.0078325048089}, "tuning_equal_tempered_deviation": 0.0127037512138, "chords_key": "B", "tuning_frequency": 441.017791748, "chords_scale": "minor", "chords_changes_rate": 0.0409851819277, "key_scale": "major", "tuning_diatonic_strength": 0.503038406372, "hpcp_entropy": {"dvar": 0.198814153671, "mean": 1.57907831669, "min": 0, "median": 1.62517428398, "dvar2": 0.513467371464, "var": 0.558433771133, "dmean2": 0.767348527908, "max": 3.80965614319, "dmean": 0.45953142643}, "chords_histogram": [10.1404657364, 33.4423713684, 16.7019443512, 6.94631528854, 6.21512413025, 0.230902448297, 3.00173187256, 0, 7.35039424896, 0, 4.06003475189, 2.00115442276, 0.0384837388992, 0, 0, 0, 0, 2.57841062546, 0.365595549345, 0.692707359791, 0, 0.365595549345, 0.962093532085, 4.90667676926], "tuning_nontempered_energy_ratio": 0.626193583012, "key_key": "G"}, "metadata": {"version": {"extractor": "music 1.0", "essentia_build_sha": "70f2e5ece6736b2c40cc944ad0e695b16b925413", "essentia": "2.1-beta2", "essentia_git_sha": "v2.1_beta2"}, "audio_properties": {"sample_rate": 44100, "length": 241.293060303, "lossless": false, "analysis_sample_rate": 44100, "downmix": "mix", "bit_rate": 256028, "equal_loudness": 0, "md5_encoded": "4b872c3b12292b91005a28830a9b5eaa", "codec": "mp3", "replay_gain": -9.41418647766}, "tags": {"genre": ["Alternative"], "catalognumber": ["OLE8731"], "musicbrainz_recordingid": ["64ec53e0-bb0c-4e12-a3d2-0f84d08d9aa6"], "title": ["No Chance Survival"], "artist": ["Julian Plenti"], "discnumber": ["1/1"], "artistsort": ["Plenti, Julian"], "originaldate": ["2009"], "musicbrainz_artistid": ["b786b1c2-be35-497e-8d0f-089265f177da"], "encodedby": ["Easy Cd-Da Extractor V12"], "isrc": ["USMTD0987306"], "tracknumber": ["6/11"], "musicbrainz_albumartistid": ["b786b1c2-be35-497e-8d0f-089265f177da"], "barcode": ["744861087311"], "musicbrainz album status": ["official"], "date": ["2009"], "acoustid_id": ["0901052d-21b2-46ea-9357-cfa0cb7d5856"], "albumartistsort": ["Plenti, Julian"], "musicbrainz_releasegroupid": ["3d4a008d-6e47-45bb-aacf-926159da1003"], "media": ["12\" Vinyl"], "musicbrainz album release country": ["GB"], "label": ["Matador Records"], "musicbrainz album type": ["album"], "asin": ["B002BSH26Y"], "script": ["Latn"], "musicbrainz_albumid": ["b4eff532-ffac-410f-8999-90dff7337ad9"], "file_name": "06 No Chance Survival.mp3", "album": ["Julian Plenti Is... Skyscraper"], "albumartist": ["Julian Plenti"]}}, "lowlevel": {"melbands": {"dvar": [1.5458346752e-05, 1.00737333923e-05, 2.78827224065e-06, 5.40891960554e-07, 2.77204492249e-07, 1.70344534922e-07, 1.14677909835e-07, 5.22347889387e-08, 5.01692234423e-08, 2.27619452176e-08, 3.59828327134e-08, 3.7611059156e-08, 1.29069555044e-08, 1.51783279279e-08, 3.92438792574e-09, 3.83767817524e-09, 1.94570026757e-09, 1.44770095911e-09, 9.62992241504e-10, 7.20542070454e-10, 1.33423871951e-09, 9.34674893038e-10, 1.90968338365e-10, 5.9859811552e-11, 4.94907934079e-11, 5.02446417805e-11, 5.42720729468e-11, 5.29799364102e-11, 3.66755445458e-11, 5.64536924152e-11, 8.9193312458e-11, 3.44556501386e-11, 2.18139690339e-11, 7.37337101098e-12, 3.35340609448e-12, 1.90419078075e-12, 1.81554337536e-12, 1.41556970139e-12, 4.69639789297e-13, 2.86669207252e-13], "mean": [0.00295624439605, 0.00255159055814, 0.00112545548473, 0.000831331650261, 0.000987558276393, 0.000616929028183, 0.000410164822824, 0.000247664254857, 0.000223069524509, 0.000130701388116, 0.00016247885651, 0.000132311615744, 6.55851108604e-05, 0.000111991212179, 5.98915139562e-05, 4.51095475e-05, 3.05483299599e-05, 2.93610373774e-05, 2.37719796132e-05, 2.35180305026e-05, 4.33811655967e-05, 2.94791043416e-05, 1.22745132103e-05, 5.25693440068e-06, 3.47914487975e-06, 4.28906059824e-06, 4.11042537962e-06, 2.78692823485e-06, 2.80958829535e-06, 3.33449611389e-06, 3.52604411091e-06, 2.27844043366e-06, 1.87676255337e-06, 1.07019400275e-06, 9.02304805095e-07, 7.95185826519e-07, 8.30224053061e-07, 6.70055214869e-07, 4.66334654448e-07, 3.0820396546e-07], "min": [7.73295654042e-24, 3.20369548144e-24, 1.6311737632e-23, 4.07982096886e-24, 4.64503625758e-24, 1.07536926954e-23, 6.55993733486e-24, 3.5275690314e-24, 5.87502581442e-24, 4.52922674353e-24, 7.10523388572e-24, 8.39240086983e-24, 3.32037826452e-24, 1.36264677324e-23, 9.04186058677e-24, 4.46821387453e-24, 4.46366688028e-24, 8.81426474928e-24, 7.41555756634e-24, 8.31176429696e-24, 3.24652845923e-24, 6.93603505447e-24, 3.89058073188e-24, 8.80012678414e-24, 8.05073495659e-24, 7.97370505578e-24, 9.58660296284e-24, 9.83168469116e-24, 1.04984890928e-23, 8.98375861452e-24, 7.42990773507e-24, 8.84001711353e-24, 5.59456722438e-24, 7.21809227113e-24, 9.64594344672e-24, 5.51014096372e-24, 1.04950046942e-23, 1.23445569285e-23, 1.11036716249e-23, 8.63139811398e-24], "median": [0.00049790169578, 0.000701220007613, 0.000416969764046, 0.000478588801343, 0.000642604543827, 0.000444579811301, 0.000135395108373, 8.91573363333e-05, 8.83101456566e-05, 5.40548826393e-05, 5.77307509957e-05, 3.44336476701e-05, 1.64550256159e-05, 4.06562176067e-05, 2.31775193242e-05, 9.74381237029e-06, 9.81134417088e-06, 1.05907083707e-05, 1.01064288174e-05, 9.62960893958e-06, 2.00158883672e-05, 1.18754851428e-05, 3.92162701246e-06, 1.54469921654e-06, 7.59471731726e-07, 1.15908221687e-06, 6.68154598316e-07, 2.9800881407e-07, 2.14347053884e-07, 2.49262399166e-07, 1.13123569179e-07, 8.29818915804e-08, 5.38005728856e-08, 3.10001482262e-08, 2.99017557381e-08, 2.08774189048e-08, 2.2657568266e-08, 2.09096562287e-08, 1.57564876702e-08, 9.61038626457e-09], "dvar2": [3.64763291145e-05, 2.55933482549e-05, 7.48648562876e-06, 1.38955556395e-06, 7.4064570299e-07, 4.42659512601e-07, 2.83004112589e-07, 1.26477090134e-07, 1.23781148886e-07, 5.04968724613e-08, 7.84121141351e-08, 9.69929843109e-08, 3.25264295498e-08, 3.83450888819e-08, 9.50630685281e-09, 8.92789397966e-09, 4.82675588387e-09, 3.44134942765e-09, 2.36247932328e-09, 1.66213587338e-09, 3.42341777149e-09, 2.30701058257e-09, 4.82699213933e-10, 1.60307184194e-10, 1.29396438009e-10, 1.24493818032e-10, 1.34983579869e-10, 1.37710343129e-10, 9.66552324289e-11, 1.41353137528e-10, 2.30225019604e-10, 8.55599688321e-11, 5.65265542707e-11, 1.85407366543e-11, 7.98362851523e-12, 4.15070885648e-12, 4.00839300987e-12, 3.22996880978e-12, 9.89464152973e-13, 6.23525645178e-13], "var": [3.0933337257e-05, 1.82192161446e-05, 4.16625880462e-06, 1.25812709939e-06, 1.07643063529e-06, 4.67073675736e-07, 4.02470476502e-07, 1.67418875208e-07, 1.34255671469e-07, 7.07435816594e-08, 1.13482919062e-07, 7.88622145365e-08, 2.59894203936e-08, 3.48954856122e-08, 9.99208005226e-09, 1.06316964121e-08, 4.49134507363e-09, 3.37449090893e-09, 2.0862291894e-09, 1.75675574088e-09, 4.09846423466e-09, 2.89743984361e-09, 4.55856630222e-10, 1.29755053924e-10, 8.67210886435e-11, 9.37850005989e-11, 1.0383754967e-10, 7.05501421172e-11, 9.26538290535e-11, 1.03256299344e-10, 1.31553004601e-10, 5.9786557649e-11, 4.2115665122e-11, 1.30584926553e-11, 6.72131360985e-12, 4.50182512796e-12, 3.94797866274e-12, 2.59686066054e-12, 1.10123325389e-12, 5.75568347323e-13], "dmean2": [0.00180061371066, 0.00172071391717, 0.000992329325527, 0.000569068244658, 0.000476432411233, 0.000343582563801, 0.000229294179007, 0.000163883334608, 0.000175083594513, 9.40486206673e-05, 0.000109574757516, 0.000110617984319, 6.06526809861e-05, 0.000100570454379, 4.80845556012e-05, 3.5605935409e-05, 2.63897600234e-05, 2.54433271039e-05, 1.94262174773e-05, 1.80189199455e-05, 3.31060073222e-05, 2.29074685194e-05, 9.88991268969e-06, 4.48472201242e-06, 2.98929785458e-06, 3.73033094547e-06, 3.6472129068e-06, 2.78479069493e-06, 2.50006655733e-06, 3.12109659717e-06, 3.58545116796e-06, 2.13304406316e-06, 1.80014262696e-06, 1.02252795386e-06, 8.07312289908e-07, 6.65362733798e-07, 7.08968286744e-07, 5.66138794511e-07, 3.76438492822e-07, 2.63628294306e-07], "max": [0.0766826793551, 0.0595594272017, 0.0432504042983, 0.0161944627762, 0.0112331584096, 0.00917444005609, 0.00879128836095, 0.00576339056715, 0.00517375953496, 0.00606279633939, 0.00587153760716, 0.00480731017888, 0.00344141526148, 0.00386870349757, 0.00204160506837, 0.0014109906042, 0.00158855656628, 0.00124685361516, 0.00119950005319, 0.000612009200267, 0.000832328165416, 0.000801894580945, 0.000257274892647, 0.000232249454712, 0.000279164261883, 0.000270636955975, 0.000154426903464, 0.000184084477951, 0.000192286330275, 0.000198974579689, 0.000257112027612, 0.000171734107425, 0.00011687658116, 6.52116868878e-05, 4.47654419986e-05, 2.38288703258e-05, 2.18216282519e-05, 5.34506689291e-05, 1.41181171784e-05, 1.6871445041e-05], "dmean": [0.00117478694301, 0.00107591063716, 0.000605674984399, 0.00036600214662, 0.000303656794131, 0.000214691041037, 0.000146721300553, 0.000103303704236, 0.000111708272016, 6.14911405137e-05, 7.22084369045e-05, 7.06334685674e-05, 3.7962479837e-05, 6.25484753982e-05, 3.05451503664e-05, 2.27919372264e-05, 1.66449717653e-05, 1.63023287314e-05, 1.22823339552e-05, 1.15952916531e-05, 2.01738166652e-05, 1.41960390465e-05, 6.20561650067e-06, 2.73070850199e-06, 1.82272253824e-06, 2.31881654145e-06, 2.31788703786e-06, 1.72375166585e-06, 1.54608630965e-06, 2.00130557459e-06, 2.28905423683e-06, 1.37188794724e-06, 1.1255268646e-06, 6.51292282328e-07, 5.23867129232e-07, 4.4354518991e-07, 4.74377372939e-07, 3.88231740089e-07, 2.58062186731e-07, 1.7941553665e-07]}, "spectral_decrease": {"dvar": 2.060904118e-17, "mean": -8.55057535887e-09, "min": -8.01377098014e-08, "median": -6.10644557142e-09, "dvar2": 4.79748410192e-17, "var": 6.68673219551e-17, "dmean2": 3.21237947354e-09, "max": 7.911167259e-30, "dmean": 2.11654271887e-09}, "spectral_rolloff": {"dvar": 330824.15625, "mean": 878.16809082, "min": 64.599609375, "median": 710.595703125, "dvar2": 602767.75, "var": 714444.0625, "dmean2": 393.309631348, "max": 19293.75, "dmean": 237.749038696}, "melbands_crest": {"dvar": 5.03164386749, "mean": 14.7164764404, "min": 2.96175026894, "median": 14.1255617142, "dvar2": 12.2296524048, "var": 23.3975276947, "dmean2": 3.29631853104, "max": 33.3152389526, "dmean": 2.10131931305}, "barkbands_skewness": {"dvar": 0.233461380005, "mean": 1.81464064121, "min": -2.07116603851, "median": 1.66945648193, "dvar2": 0.49429666996, "var": 1.21898555756, "dmean2": 0.583270013332, "max": 13.9072542191, "dmean": 0.387296915054}, "spectral_centroid": {"dvar": 44475.7460938, "mean": 842.836914062, "min": 113.308197021, "median": 764.252258301, "dvar2": 73859.8828125, "var": 212207.625, "dmean2": 201.06072998, "max": 10627.9023438, "dmean": 137.99760437}, "spectral_energyband_middle_low": {"dvar": 4.1231924115e-05, "mean": 0.0146731119603, "min": 2.17142256668e-22, "median": 0.0122734550387, "dvar2": 0.000108043081127, "var": 0.000132058630697, "dmean2": 0.00592729728669, "max": 0.130050003529, "dmean": 0.00381414103322}, "erbbands_crest": {"dvar": 4.82767677307, "mean": 9.69900894165, "min": 2.31192231178, "median": 8.8784828186, "dvar2": 11.9505310059, "var": 15.4641914368, "dmean2": 3.31805205345, "max": 31.8783149719, "dmean": 2.06970763206}, "dynamic_complexity": 4.03526735306, "spectral_energyband_low": {"dvar": 0.000266330025624, "mean": 0.0153052257374, "min": 5.89474165725e-23, "median": 0.00426062522456, "dvar2": 0.000622818770353, "var": 0.000608342234045, "dmean2": 0.00879234261811, "max": 0.285488158464, "dmean": 0.00569006847218}, "silence_rate_60dB": {"dvar": 0.00801795255393, "mean": 0.0669681504369, "min": 0, "median": 0, "dvar2": 0.0187923405319, "var": 0.0624840185046, "dmean2": 0.0161678381264, "max": 1, "dmean": 0.00808314047754}, "erbbands_kurtosis": {"dvar": 1.97971868515, "mean": 0.54450148344, "min": -1.86533737183, "median": -0.403399705887, "dvar2": 3.43821573257, "var": 15.4451189041, "dmean2": 1.03053832054, "max": 76.198097229, "dmean": 0.691723763943}, "spectral_complexity": {"dvar": 6.51110219955, "mean": 15.4866733551, "min": 0, "median": 14, "dvar2": 13.7714490891, "var": 74.8523330688, "dmean2": 3.4083340168, "max": 59, "dmean": 2.17397999763}, "barkbands_crest": {"dvar": 4.28142929077, "mean": 11.5085868835, "min": 3.03211903572, "median": 10.8650770187, "dvar2": 10.5272359848, "var": 19.4675045013, "dmean2": 2.9052298069, "max": 26.5774860382, "dmean": 1.83651173115}, "spectral_energy": {"dvar": 0.000303899258142, "mean": 0.0337260365486, "min": 1.06981498132e-20, "median": 0.0242341868579, "dvar2": 0.000707938801497, "var": 0.00101616827305, "dmean2": 0.0124440556392, "max": 0.306108862162, "dmean": 0.00820303335786}, "spectral_spread": {"dvar": 649106030592, "mean": 3110598.75, "min": 539890.5, "median": 2774763, "dvar2": 834211020800, "var": 3101918756860.0, "dmean2": 599963.6875, "max": 48914460, "dmean": 426681.09375}, "spectral_contrast_valleys": {"dvar": [0.126778662205, 0.137352898717, 0.117149367929, 0.109505750239, 0.124257437885, 0.182442083955], "mean": [-7.36125183105, -7.09286975861, -7.78371620178, -8.44049453735, -8.90699195862, -11.4861364365], "min": [-27.0089130402, -27.2984600067, -26.9962158203, -26.860408783, -27.049861908, -27.2002773285], "median": [-7.11276245117, -6.87434339523, -7.58580160141, -8.19567203522, -8.62209510803, -11.4419155121], "dvar2": [0.263474553823, 0.281451433897, 0.232939481735, 0.208398476243, 0.203927665949, 0.24841567874], "var": [1.95372784138, 1.36445891857, 1.67464900017, 1.81604111195, 2.3965921402, 3.024736166], "dmean2": [0.507404863834, 0.530545830727, 0.491283267736, 0.444736808538, 0.375288546085, 0.365944296122], "max": [-4.97890663147, -4.72960948944, -4.97822237015, -5.75154018402, -5.51910972595, -8.09192943573], "dmean": [0.305411040783, 0.325850784779, 0.306321412325, 0.285437375307, 0.260603934526, 0.282229721546]}, "spectral_rms": {"dvar": 8.15785540453e-07, "mean": 0.0051427623257, "min": 3.23066855386e-12, "median": 0.0048624179326, "dvar2": 1.76475725766e-06, "var": 6.45544514555e-06, "dmean2": 0.000847468327265, "max": 0.0172812845558, "dmean": 0.000578721170314}, "barkbands_spread": {"dvar": 17.3228435516, "mean": 13.9086284637, "min": 0.177495315671, "median": 12.3298854828, "dvar2": 32.5390434265, "var": 90.8664855957, "dmean2": 4.34497737885, "max": 102.609893799, "dmean": 2.97855877876}, "pitch_salience": {"dvar": 0.00297474651597, "mean": 0.501320779324, "min": 0.0498436391354, "median": 0.504102051258, "dvar2": 0.00737851811573, "var": 0.0118035040796, "dmean2": 0.0841372534633, "max": 0.900898635387, "dmean": 0.0521728172898}, "erbbands_skewness": {"dvar": 0.0742508098483, "mean": 0.482502788305, "min": -2.2472307682, "median": 0.372333109379, "dvar2": 0.160356625915, "var": 0.57655787468, "dmean2": 0.399607181549, "max": 6.71397829056, "dmean": 0.265376150608}, "spectral_energyband_middle_high": {"dvar": 5.05826665176e-06, "mean": 0.00458695739508, "min": 1.44311432162e-21, "median": 0.00257948366925, "dvar2": 1.19384912978e-05, "var": 2.92848526442e-05, "dmean2": 0.00200597709045, "max": 0.0626900792122, "dmean": 0.00132055440918}, "erbbands": {"dvar": [0.157985240221, 11.9576950073, 32.6697235107, 113.328903198, 129.978317261, 106.964477539, 287.615875244, 371.330169678, 495.662536621, 519.376464844, 869.568786621, 480.581634521, 1410.37512207, 2018.68322754, 704.561157227, 1605.24157715, 659.922180176, 498.074768066, 517.06048584, 357.320159912, 720.522338867, 518.514648438, 91.8983840942, 63.2653923035, 79.179473877, 112.098365784, 104.008094788, 208.159591675, 86.7619247437, 32.3211593628, 7.92899894714, 4.34107685089, 1.80201280117, 0.384724080563, 0.0599784366786, 0.00407151971012, 0.00016935855092, 7.83135237725e-06, 1.36960579766e-07, 8.21558931996e-10], "mean": [0.2806391716, 2.64480638504, 3.61695408821, 5.84643268585, 9.90151786804, 14.2764282227, 31.5313110352, 26.366355896, 26.3991928101, 23.5267925262, 29.6436538696, 19.2638072968, 32.296875, 32.1824226379, 21.0181388855, 39.384021759, 21.1271743774, 18.0179252625, 19.0786762238, 16.7168273926, 33.3422355652, 24.7667694092, 8.81736373901, 4.73751735687, 5.93557167053, 4.70840406418, 4.99858617783, 5.87184667587, 3.9512283802, 2.3711616993, 1.54441010952, 1.34057426453, 0.885019242764, 0.411989986897, 0.13238504529, 0.0344439707696, 0.0075683966279, 0.00164847704582, 0.000228330929531, 4.89354933961e-05], "min": [7.14703133369e-22, 1.07242815312e-21, 8.88576235595e-21, 7.29726651803e-20, 5.30161768076e-20, 8.31944074282e-20, 1.41256095167e-19, 4.90201344768e-19, 4.88391163395e-19, 2.20784896947e-19, 7.83941400393e-19, 6.95470453074e-19, 1.39003659094e-18, 2.32255544918e-18, 1.55438073165e-18, 4.98489849602e-18, 2.84605613858e-18, 2.71374198216e-18, 5.31231105813e-18, 5.67163459391e-18, 3.92285814651e-18, 6.48837660073e-18, 6.64108448156e-18, 1.02872838004e-17, 1.26905776608e-17, 1.55032572685e-17, 1.56339683489e-17, 1.3752776829e-17, 1.39514217716e-17, 1.34689852229e-17, 1.47077593278e-17, 1.58961035394e-17, 1.72751393519e-17, 1.12294524443e-17, 1.16378935512e-17, 5.59602573643e-18, 2.6404018743e-18, 1.16511491205e-18, 3.0021522546e-19, 3.18197770085e-20], "median": [0.0434713102877, 0.484540104866, 1.10818016529, 1.8319798708, 3.81704354286, 10.0808019638, 17.5801029205, 18.1087017059, 8.59230899811, 8.21742248535, 12.3804578781, 9.39079475403, 11.6314430237, 9.01492786407, 7.45897912979, 15.6439857483, 5.69712495804, 6.07025241852, 7.88358449936, 7.50767850876, 16.2018013, 11.4598054886, 3.18917989731, 1.34621238708, 1.58623993397, 0.604201376438, 0.433895200491, 0.268288999796, 0.153596803546, 0.0693273693323, 0.0491597875953, 0.0375639237463, 0.0296322349459, 0.014312944375, 0.00481486180797, 0.00168784300331, 0.000497380271554, 0.00013465511438, 3.43111460097e-05, 3.29481590597e-05], "dvar2": [0.392734199762, 27.8651332855, 90.2958984375, 305.169677734, 313.589080811, 287.436737061, 750.390930176, 965.470214844, 1219.26184082, 1233.1862793, 2142.76879883, 1140.71569824, 3053.61791992, 5165.98486328, 1804.55969238, 3946.35693359, 1598.78198242, 1207.52319336, 1211.79431152, 874.737854004, 1808.10241699, 1241.31896973, 242.819702148, 164.170608521, 190.351409912, 289.815826416, 275.72253418, 531.499816895, 215.538955688, 81.3397521973, 18.0670928955, 9.31927490234, 3.79102444649, 0.790138781071, 0.124049670994, 0.00839029811323, 0.000346292887116, 1.61899824889e-05, 2.87687072387e-07, 1.81540638078e-09], "var": [0.304729431868, 23.5720024109, 46.4670257568, 156.377838135, 319.847320557, 250.422683716, 1296.92175293, 919.938598633, 1725.23962402, 1697.37133789, 2405.91967773, 1203.2935791, 4464.23730469, 4355.73388672, 1583.42260742, 3912.67382812, 1831.81201172, 1275.79577637, 1267.61779785, 893.615966797, 2285.81542969, 1771.83032227, 230.584823608, 126.873390198, 171.069030762, 166.532745361, 253.920425415, 334.466491699, 166.523010254, 63.2487068176, 18.249792099, 10.3980493546, 4.03026914597, 0.89903151989, 0.115241080523, 0.00777729973197, 0.000341132748872, 1.58975526574e-05, 2.80931857333e-07, 2.6417836807e-09], "dmean2": [0.182889580727, 1.60261654854, 3.18464756012, 5.57501316071, 7.64212799072, 8.60841751099, 15.2060890198, 15.2279586792, 14.8349819183, 14.6619930267, 22.5934486389, 14.0692968369, 21.4001369476, 26.1065559387, 17.0898914337, 33.7675590515, 15.455575943, 13.9828653336, 15.4774913788, 12.577665329, 23.777256012, 17.0831050873, 6.38602685928, 3.58840250969, 4.79914999008, 4.14720010757, 4.24389886856, 5.32969999313, 3.37860035896, 2.11839914322, 1.25525832176, 1.05651271343, 0.683273911476, 0.31998410821, 0.111301742494, 0.0287794116884, 0.0059981555678, 0.00132410810329, 0.000193543412024, 2.0463272449e-05], "max": [7.50343608856, 62.8976745605, 96.2067260742, 308.121368408, 244.298446655, 194.916412354, 393.296936035, 441.779602051, 541.437072754, 655.410644531, 729.120788574, 617.866271973, 1155.0501709, 1139.93933105, 617.208068848, 1200.63769531, 548.943054199, 810.589660645, 744.428344727, 530.546936035, 579.53125, 665.716369629, 246.415740967, 291.737121582, 233.954483032, 276.10244751, 316.234588623, 422.70489502, 282.205169678, 123.906349182, 57.5765533447, 33.2243614197, 50.3394126892, 14.561961174, 3.59131741524, 1.02583885193, 0.254783451557, 0.0492285043001, 0.00584623776376, 0.000563250505365], "dmean": [0.117773532867, 1.04144334793, 1.90938985348, 3.35681772232, 4.91897439957, 5.53193807602, 9.67467689514, 9.5064573288, 9.48756504059, 9.29646015167, 14.4302635193, 9.08101272583, 14.1261701584, 16.675699234, 10.7485647202, 21.1426906586, 9.9234418869, 8.94491481781, 9.91933727264, 8.02273273468, 14.7107572556, 10.7784233093, 3.98262405396, 2.20912599564, 3.04001140594, 2.60207605362, 2.65981245041, 3.46723747253, 2.20445156097, 1.36168920994, 0.835511922836, 0.721022546291, 0.478261530399, 0.224262431264, 0.0785038992763, 0.0204017143697, 0.00427574058995, 0.000936307362281, 0.000132880784804, 1.39834592119e-05]}, "dissonance": {"dvar": 0.000475956709124, "mean": 0.435066848993, "min": 0.107625827193, "median": 0.445103824139, "dvar2": 0.00125429022592, "var": 0.00219204556197, "dmean2": 0.0383067466319, "max": 0.500000119209, "dmean": 0.0229459237307}, "erbbands_flatness_db": {"dvar": 0.000301350752125, "mean": 0.215670645237, "min": 0.0367035493255, "median": 0.20387545228, "dvar2": 0.000501650152728, "var": 0.00566892698407, "dmean2": 0.0202094633132, "max": 0.493476450443, "dmean": 0.014504628256}, "melbands_kurtosis": {"dvar": 70.6354370117, "mean": 11.799621582, "min": -1.56300115585, "median": 8.21134376526, "dvar2": 160.265213013, "var": 187.227783203, "dmean2": 6.67055940628, "max": 233.294967651, "dmean": 4.37508058548}, "melbands_spread": {"dvar": 27.4424648285, "mean": 14.3982982635, "min": 0.269839644432, "median": 12.3219614029, "dvar2": 53.5623245239, "var": 107.764274597, "dmean2": 5.0123963356, "max": 165.360748291, "dmean": 3.35896372795}, "melbands_skewness": {"dvar": 0.325485885143, "mean": 2.57494854927, "min": -1.09806156158, "median": 2.40560817719, "dvar2": 0.701813995838, "var": 1.54330050945, "dmean2": 0.715025126934, "max": 11.4742164612, "dmean": 0.473088800907}, "spectral_entropy": {"dvar": 0.0384295657277, "mean": 6.79376888275, "min": 3.31446075439, "median": 6.89936304092, "dvar2": 0.0691455602646, "var": 0.611226201057, "dmean2": 0.224127337337, "max": 9.82881641388, "dmean": 0.160734787583}, "zerocrossingrate": {"dvar": 0.000126443701447, "mean": 0.0361211597919, "min": 0.00244140625, "median": 0.03173828125, "dvar2": 0.000185102762771, "var": 0.000557270541321, "dmean2": 0.00684256339446, "max": 0.5, "dmean": 0.00599276879802}, "average_loudness": 0.603725969791, "spectral_contrast_coeffs": {"dvar": [0.00106631219387, 0.00134003302082, 0.000931521935854, 0.000609818496741, 0.000442496908363, 0.000265559589025], "mean": [-0.618384361267, -0.652251899242, -0.719873905182, -0.746207118034, -0.736879944801, -0.794353187084], "min": [-0.963518738747, -0.979711353779, -0.975834906101, -0.970702648163, -0.965478777885, -0.962976813316], "median": [-0.631694555283, -0.651152849197, -0.721192419529, -0.74639582634, -0.738072991371, -0.791536808014], "dvar2": [0.00281655159779, 0.00345472991467, 0.0023159282282, 0.00148013676517, 0.00100106536411, 0.000563154870179], "var": [0.00931744277477, 0.00714539503679, 0.00426087714732, 0.00429113162681, 0.00491759553552, 0.0029398216866], "dmean2": [0.0608542822301, 0.0669239610434, 0.0580378957093, 0.0466221980751, 0.0366146489978, 0.0261576231569], "max": [-0.295395195484, -0.320159316063, -0.411323159933, -0.522716224194, -0.541807174683, -0.613386452198], "dmean": [0.0372585467994, 0.0408285446465, 0.0359843373299, 0.0288756322116, 0.0228924434632, 0.0170160848647]}, "barkbands_flatness_db": {"dvar": 0.000444542441983, "mean": 0.215686649084, "min": 0.03019916825, "median": 0.198538780212, "dvar2": 0.000836288789287, "var": 0.00862428825349, "dmean2": 0.0261686127633, "max": 0.601257860661, "dmean": 0.0185481775552}, "silence_rate_30dB": {"dvar": 0.0283967703581, "mean": 0.969498693943, "min": 0, "median": 1, "dvar2": 0.0677890107036, "var": 0.0295684449375, "dmean2": 0.058512173593, "max": 1, "dmean": 0.0292532723397}, "spectral_energyband_high": {"dvar": 5.53401662273e-07, "mean": 0.000440961739514, "min": 7.52016955956e-21, "median": 3.07887785311e-05, "dvar2": 1.31569402129e-06, "var": 1.30807961796e-06, "dmean2": 0.000288434355753, "max": 0.0204399637878, "dmean": 0.000201003087568}, "melbands_flatness_db": {"dvar": 0.000677668489516, "mean": 0.298676580191, "min": 0.00620478857309, "median": 0.282174527645, "dvar2": 0.00121189525817, "var": 0.0121639641002, "dmean2": 0.0308648515493, "max": 0.750349879265, "dmean": 0.0222882572562}, "barkbands": {"dvar": [3.80344182815e-08, 0.000211787570152, 3.14028184221e-05, 1.3339709767e-05, 9.27312976273e-06, 4.17524142904e-06, 2.54407905231e-06, 1.51463882503e-06, 1.36095889047e-06, 1.82512803804e-06, 7.74461284436e-07, 9.18602722777e-07, 3.2530439853e-07, 1.87034558508e-07, 2.10322340877e-07, 1.82836316753e-07, 2.33188984566e-07, 2.89661663544e-08, 2.84390520022e-08, 4.35185221193e-08, 8.82656578938e-08, 6.43622186658e-08, 1.1540708833e-08, 7.33522398377e-09, 1.87052928702e-09, 8.79022341027e-11, 4.23933024102e-12], "mean": [0.000116222210636, 0.0112109808251, 0.0028344548773, 0.00209573772736, 0.00444584991783, 0.00385003699921, 0.001754769939, 0.0012122731423, 0.00101646105759, 0.00099872238934, 0.000452245702036, 0.000945637235418, 0.000417934672441, 0.000314862729283, 0.000358003366273, 0.000463751232019, 0.00051308242837, 0.00012360981782, 0.000103796155599, 9.8868040368e-05, 0.00014477984223, 0.000107597435999, 5.34091122972e-05, 5.92938449699e-05, 2.71871649602e-05, 5.28231203134e-06, 1.19027492929e-06], "min": [2.08364102815e-23, 9.01962102013e-24, 8.55154251341e-24, 4.3591305041e-23, 2.33751445348e-23, 4.43878589178e-23, 2.06386886065e-23, 3.12985044876e-23, 3.26809485142e-23, 4.77685160162e-23, 2.35197143398e-23, 1.19219400025e-22, 5.1912172004e-23, 8.19369942958e-23, 9.96528790956e-23, 8.12939590621e-23, 1.13116065242e-22, 1.44462141198e-22, 2.10429933889e-22, 3.41989150577e-22, 3.07909728382e-22, 4.24648899234e-22, 4.99273929177e-22, 9.74649487625e-22, 1.51188421136e-21, 1.48776198083e-21, 2.16607623544e-21], "median": [3.73354578187e-06, 0.00200637453236, 0.000596259254962, 0.000597597798333, 0.00312293530442, 0.00292752822861, 0.000431524065789, 0.000450515333796, 0.000404405669542, 0.000241332440055, 8.75051118783e-05, 0.000371431262465, 8.41848668642e-05, 0.000101063458715, 0.000145212805364, 0.000195861939574, 0.000240739042056, 3.40635197063e-05, 2.79697233054e-05, 1.16941573651e-05, 9.37717140914e-06, 3.71782311959e-06, 1.72031286638e-06, 1.88206638541e-06, 9.47663124862e-07, 3.04729411482e-07, 9.65602851011e-08], "dvar2": [8.73559216075e-08, 0.000494887994137, 8.81405649125e-05, 3.52795868821e-05, 2.41110137722e-05, 1.08320145955e-05, 6.16720444668e-06, 3.79244852411e-06, 2.92663344226e-06, 4.53767097497e-06, 1.92117568076e-06, 2.2981660095e-06, 7.80337245487e-07, 4.66269199251e-07, 5.0849564559e-07, 4.39109584249e-07, 6.22812081019e-07, 7.87141800629e-08, 7.09017271561e-08, 1.12106810946e-07, 2.22856996857e-07, 1.62509337542e-07, 2.69333142455e-08, 1.5167302081e-08, 3.81270304217e-09, 1.78049894273e-10, 8.69490850847e-12], "var": [1.42630099731e-07, 0.00042563068564, 4.13605339418e-05, 1.92869483726e-05, 2.42594796873e-05, 1.45518779391e-05, 8.68913866725e-06, 4.29023157267e-06, 4.61439640276e-06, 4.35912625107e-06, 1.55262159751e-06, 2.26680140258e-06, 8.5212070644e-07, 4.27446337881e-07, 4.75071118444e-07, 5.32090723482e-07, 6.1048808675e-07, 6.62590267098e-08, 5.6588056907e-08, 6.97633453228e-08, 1.87387328765e-07, 1.23798145069e-07, 2.41760087505e-08, 1.79695760494e-08, 4.13010026179e-09, 1.75421663307e-10, 8.73293191234e-12], "dmean2": [7.7961027273e-05, 0.00671892473474, 0.00305786030367, 0.0020553348586, 0.00255761365406, 0.00195485120639, 0.00101829844061, 0.000955227937084, 0.000719092669897, 0.00080442673061, 0.000449947692687, 0.000817028689198, 0.000338628713507, 0.000270800344879, 0.000305123132421, 0.000340975442668, 0.000407019309932, 0.000103718964965, 8.61095904838e-05, 8.85363333509e-05, 0.000122584955534, 9.50447938521e-05, 4.42666496383e-05, 4.44120450993e-05, 2.15864529309e-05, 4.18160880145e-06, 1.04752780317e-06], "max": [0.00636121956632, 0.275595605373, 0.139658898115, 0.0780881121755, 0.0634372010827, 0.0474677346647, 0.0410421341658, 0.0289147924632, 0.0534639805555, 0.0353532023728, 0.0305531229824, 0.0274145845324, 0.0119825545698, 0.0138135077432, 0.0160194803029, 0.00890023633838, 0.0123294210061, 0.00472856778651, 0.00468045659363, 0.00509358709678, 0.00765122519806, 0.00687310192734, 0.00216636992991, 0.00213603721932, 0.000808001728728, 0.000160641866387, 3.2427295082e-05], "dmean": [4.8968824558e-05, 0.00439060293138, 0.00180248497054, 0.00124818237964, 0.00165298464708, 0.00122572272085, 0.00065355253173, 0.000603489286732, 0.0004732698726, 0.000516244617756, 0.000282197695924, 0.000510464014951, 0.000215030595427, 0.000171257765032, 0.000192067978787, 0.000215142528759, 0.00025044704671, 6.34938915027e-05, 5.33625388925e-05, 5.57316343475e-05, 7.84980802564e-05, 6.12727599218e-05, 2.95285863103e-05, 3.11112416966e-05, 1.52787288243e-05, 3.00206875181e-06, 7.25342033547e-07]}, "erbbands_spread": {"dvar": 45.2903747559, "mean": 31.1570739746, "min": 1.09635901451, "median": 28.8182983398, "dvar2": 83.3495483398, "var": 257.588531494, "dmean2": 7.69092035294, "max": 124.311782837, "dmean": 5.15643119812}, "barkbands_kurtosis": {"dvar": 32.6494407654, "mean": 5.61993455887, "min": -1.8692946434, "median": 3.03438091278, "dvar2": 67.4107131958, "var": 116.998916626, "dmean2": 3.73994135857, "max": 229.081542969, "dmean": 2.46712946892}, "spectral_flux": {"dvar": 0.000813929364085, "mean": 0.0613421760499, "min": 1.03431860299e-10, "median": 0.0507886782289, "dvar2": 0.00189234677237, "var": 0.00263769179583, "dmean2": 0.0298620034009, "max": 0.485660970211, "dmean": 0.0188798774034}, "silence_rate_20dB": {"dvar": 0, "mean": 1, "min": 1, "median": 1, "dvar2": 0, "var": 0, "dmean2": 0, "max": 1, "dmean": 0}, "gfcc": {"cov": [[16359.7001953, -2939.55273438, -1486.99499512, 1791.68481445, -936.455322266, 1668.76904297, 186.274673462, 312.928131104, -209.362823486, 513.815795898, -139.530548096, -148.131607056, -300.40713501], [-2939.55273438, 2253.98193359, -127.23677063, -848.928100586, 823.218994141, -691.081176758, -20.1601886749, -63.9389610291, 172.091705322, -245.468200684, 161.3412323, -6.96078395844, 86.7577209473], [-1486.99499512, -127.23677063, 1419.11682129, 570.692260742, -94.8956298828, 399.797088623, 267.400299072, 26.1969718933, 49.3386421204, 59.1852874756, -16.4678974152, -46.9304771423, -7.25792312622], [1791.68481445, -848.928100586, 570.692260742, 1025.98010254, -210.673858643, 620.403625488, 311.685272217, 82.3444442749, -5.6735124588, 169.631622314, -46.8840065002, -58.4896507263, -84.9698486328], [-936.455322266, 823.218994141, -94.8956298828, -210.673858643, 506.097198486, -194.557250977, 25.0772399902, 26.8933410645, 67.3332519531, -68.4685974121, 80.7143173218, 12.4003210068, 15.8499660492], [1668.76904297, -691.081176758, 399.797088623, 620.403625488, -194.557250977, 662.212036133, 240.059524536, 79.5603866577, -16.220905304, 138.966217041, -44.0424995422, -50.8509368896, -66.0484695435], [186.274673462, -20.1601886749, 267.400299072, 311.685272217, 25.0772399902, 240.059524536, 301.624389648, 50.628326416, 26.3362827301, 58.1958427429, 0.399542182684, -25.8555736542, -46.1997795105], [312.928131104, -63.9389610291, 26.1969718933, 82.3444442749, 26.8933410645, 79.5603866577, 50.628326416, 128.215209961, 32.6586761475, 25.1052150726, 15.5116605759, -3.6460506916, -6.80343580246], [-209.362823486, 172.091705322, 49.3386421204, -5.6735124588, 67.3332519531, -16.220905304, 26.3362827301, 32.6586761475, 123.008514404, 20.0979938507, 30.5428180695, 12.7691249847, 32.1407394409], [513.815795898, -245.468200684, 59.1852874756, 169.631622314, -68.4685974121, 138.966217041, 58.1958427429, 25.1052150726, 20.0979938507, 116.227035522, 16.3501586914, 5.53991031647, -6.08200550079], [-139.530548096, 161.3412323, -16.4678974152, -46.8840065002, 80.7143173218, -44.0424995422, 0.399542182684, 15.5116605759, 30.5428180695, 16.3501586914, 101.129074097, 28.5081043243, 12.5175018311], [-148.131607056, -6.96078395844, -46.9304771423, -58.4896507263, 12.4003210068, -50.8509368896, -25.8555736542, -3.6460506916, 12.7691249847, 5.53991031647, 28.5081043243, 108.766403198, 45.5866699219], [-300.40713501, 86.7577209473, -7.25792312622, -84.9698486328, 15.8499660492, -66.0484695435, -46.1997795105, -6.80343580246, 32.1407394409, -6.08200550079, 12.5175018311, 45.5866699219, 111.32195282]], "mean": [-63.323097229, 147.666275024, -113.754760742, 9.84003734589, -39.794216156, -1.53862965107, -40.7224845886, 2.89113235474, -15.1216926575, -6.27617168427, -9.29816627502, 2.25294089317, 2.59985208511], "icov": [[0.000214659550693, -0.00029379024636, 0.000524075410794, -0.000501643109601, 0.000448363833129, -0.000608817208558, 0.000462322757812, -0.000350095040631, 0.000219167239266, -0.000297967228107, 3.5366982047e-05, -9.46120126173e-05, 0.000160132505698], [-0.00029379024636, 0.00376838026568, -0.00124419224449, 0.00243041478097, -0.00404939055443, 0.00194635358639, -0.00292172003537, 0.00240775709972, -0.00266737979837, 0.00314143300056, -0.00204758509062, 0.00254494650289, -0.0011599122081], [0.000524075410794, -0.00124419224449, 0.0024023426231, -0.00193986110389, 0.00177282490768, -0.00192530697677, 0.000994115602225, -0.000762967509218, 0.000418322248152, -0.00039185382775, 8.55059697642e-05, -0.000319849059451, 1.02585127024e-05], [-0.000501643109601, 0.00243041478097, -0.00193986110389, 0.00488069700077, -0.00259955017827, 0.000476847984828, -0.00318076834083, 0.00157074944582, -0.00153650727589, 0.000629458401818, -0.000593716744334, 0.00150126905646, -0.000289981398964], [0.000448363833129, -0.00404939055443, 0.00177282490768, -0.00259955017827, 0.00760766165331, -0.001807480352, 0.00205529900268, -0.00324355764315, 0.00173963839188, -0.00144587364048, -1.58380753419e-05, -0.00231200247072, 0.00136364332866], [-0.000608817208558, 0.00194635358639, -0.00192530697677, 0.000476847984828, -0.001807480352, 0.00647129584104, -0.00322466692887, 0.000352252623998, -0.000486569682835, -0.000200628885068, 8.93520791578e-06, 0.00153101608157, -0.000639696256258], [0.000462322757812, -0.00292172003537, 0.000994115602225, -0.00318076834083, 0.00205529900268, -0.00322466692887, 0.00875404663384, -0.00245774094947, 0.00117631163448, -0.00307018659078, 0.00169474596623, -0.00209770677611, 0.00259965728037], [-0.000350095040631, 0.0024077570997