{"tonal": {"chords_key": "C#", "hpcp_entropy": {"dmean": 0.529966831207, "dmean2": 0.891866087914, "max": 4.65624809265, "dvar": 0.234813660383, "mean": 1.96835696697, "dvar2": 0.623475492001, "min": 0, "var": 0.652299940586, "median": 1.89906382561}, "key_key": "E", "chords_strength": {"dmean": 0.00845365319401, "dmean2": 0.0078755877912, "max": 0.735911071301, "dvar": 0.000403961690608, "mean": 0.489484786987, "dvar2": 0.000682418001816, "min": -1, "var": 0.0088112289086, "median": 0.491278290749}, "key_scale": "major", "chords_number_rate": 0.00204765447415, "thpcp": [1, 0.358969062567, 0.0314723476768, 0.019139746204, 0.0386479273438, 0.206088036299, 0.273597896099, 0.129288971424, 0.0679892599583, 0.0776999518275, 0.157145187259, 0.377260535955, 0.364366710186, 0.13556677103, 0.0525787957013, 0.0390288643539, 0.0774856582284, 0.156371772289, 0.133877396584, 0.0781433656812, 0.156650170684, 0.197803795338, 0.132774710655, 0.0680391490459, 0.0389113500714, 0.104260347784, 0.244120493531, 0.219022214413, 0.0672539621592, 0.0165373142809, 0.0152105363086, 0.0166299734265, 0.0313819758594, 0.0960519313812, 0.367416322231, 0.954978704453], "key_strength": 0.622333168983, "tuning_nontempered_energy_ratio": 0.915327131748, "tuning_frequency": 452.108886719, "chords_changes_rate": 0.0562174245715, "tuning_diatonic_strength": 0.591194689274, "chords_scale": "minor", "chords_histogram": [25.0186157227, 2.73641109467, 1.172747612, 0.24199552834, 8.06031227112, 3.6299328804, 1.00521218777, 0, 0.111690245569, 0, 0.353685766459, 0, 2.3827252388, 0, 0, 2.19657492638, 0.670141458511, 7.036485672, 0.0558451227844, 0.316455692053, 0, 0.837676823139, 14.3708114624, 29.8026809692], "tuning_equal_tempered_deviation": 0.189009591937, "hpcp": {"dmean": [0.0385104753077, 0.0301151052117, 0.0389751046896, 0.0468517541885, 0.0482317619026, 0.0427141711116, 0.0531416088343, 0.0582852102816, 0.0453339628875, 0.0305850226432, 0.0271546449512, 0.0458653718233, 0.0587195716798, 0.0575634241104, 0.0255925171077, 0.0122687183321, 0.011527585797, 0.0131613789126, 0.0231095589697, 0.0511904209852, 0.0850535705686, 0.172611579299, 0.210086390376, 0.101378850639, 0.0225772876292, 0.0141553711146, 0.0216105636209, 0.0529717616737, 0.0651216134429, 0.0588318035007, 0.0569715164602, 0.0647148489952, 0.0825864672661, 0.0975458025932, 0.109231315553, 0.0675685852766], "dmean2": [0.0716223120689, 0.0569569058716, 0.0704549401999, 0.0815367177129, 0.0849167555571, 0.077338501811, 0.0927237421274, 0.100930124521, 0.076737396419, 0.054386921227, 0.0502836555243, 0.0808503255248, 0.0959486216307, 0.0936033353209, 0.0438821166754, 0.023123646155, 0.021927524358, 0.0251949429512, 0.0430319532752, 0.084796436131, 0.14213603735, 0.290023654699, 0.36862501502, 0.177354440093, 0.0416434444487, 0.026677755639, 0.0392279215157, 0.0851869285107, 0.110287934542, 0.105105787516, 0.109282761812, 0.124301120639, 0.147967711091, 0.170864656568, 0.186254650354, 0.120140455663], "max": [1, 1, 1, 1, 1, 1, 1, 1, 1, 1, 1, 1, 1, 1, 1, 1, 1, 1, 1, 1, 1, 1, 1, 1, 1, 1, 1, 1, 1, 1, 1, 1, 1, 1, 1, 1], "dvar": [0.016691789031, 0.0125134326518, 0.0145868100226, 0.0190882757306, 0.0177130177617, 0.0142243821174, 0.0179547332227, 0.0180733241141, 0.0128382407129, 0.00895052682608, 0.007952099666, 0.0147377895191, 0.0200349576771, 0.0178368892521, 0.00497414544225, 0.0026411882136, 0.00285782944411, 0.00468326732516, 0.00812952592969, 0.0194341167808, 0.0237960871309, 0.0524970144033, 0.0857620835304, 0.0224223658442, 0.00834993459284, 0.00536693492904, 0.00575897004455, 0.0172877851874, 0.0295358542353, 0.0227131173015, 0.03123331815, 0.0335041917861, 0.0351762808859, 0.0413299202919, 0.0434018149972, 0.0247110985219], "mean": [0.0258218161762, 0.0191673506051, 0.0380537509918, 0.0767952799797, 0.0657481327653, 0.0383767560124, 0.0769320055842, 0.0971428379416, 0.0652065947652, 0.0334145054221, 0.0191096384078, 0.0512029901147, 0.119889296591, 0.107563354075, 0.0330288931727, 0.00812159199268, 0.00747000146657, 0.00816709734499, 0.0154119096696, 0.0471717789769, 0.180440738797, 0.468996763229, 0.491107046604, 0.17629224062, 0.0154562909156, 0.00939966458827, 0.0189802702516, 0.101211287081, 0.134365856647, 0.0634947270155, 0.0333900041878, 0.038158994168, 0.0771751105785, 0.185275301337, 0.178943052888, 0.0665777996182], "dvar2": [0.0470625013113, 0.0364597700536, 0.0414465926588, 0.045404009521, 0.0454771742225, 0.0405340455472, 0.0485852584243, 0.0461916811764, 0.0345421843231, 0.0248796567321, 0.0226303692907, 0.0402242876589, 0.0449013635516, 0.0421649627388, 0.0135553246364, 0.00763092841953, 0.00840282440186, 0.0138757564127, 0.0236531384289, 0.0447482988238, 0.064126111567, 0.118594862521, 0.226758569479, 0.0589337609708, 0.0234874971211, 0.0158274378628, 0.0167972240597, 0.03963226825, 0.0681637898088, 0.0641558021307, 0.0905425399542, 0.0959276556969, 0.0978314355016, 0.102558918297, 0.113678924739, 0.0659141466022], "min": [0, 0, 0, 0, 0, 0, 0, 0, 0, 0, 0, 0, 0, 0, 0, 0, 0, 0, 0, 0, 0, 0, 0, 0, 0, 0, 0, 0, 0, 0, 0, 0, 0, 0, 0, 0], "var": [0.0109343640506, 0.00736313825473, 0.0140750445426, 0.0493378639221, 0.0356403961778, 0.0116829657927, 0.0383542105556, 0.0505763627589, 0.0214881692082, 0.00962952338159, 0.00524299731478, 0.0174743290991, 0.0648418068886, 0.0530446618795, 0.00652726180851, 0.0015568502713, 0.00159507244825, 0.0024817911908, 0.00481814797968, 0.0214231554419, 0.0802359655499, 0.137016385794, 0.163339614868, 0.0427371263504, 0.00524432957172, 0.00292420061305, 0.00384828425013, 0.0524421334267, 0.0866115167737, 0.0219804029912, 0.0181293003261, 0.0199269410223, 0.0309315603226, 0.107977919281, 0.0938069075346, 0.0227038506418], "median": [0.00070247601252, 0.000520384521224, 0.00149997964036, 0.00216829916462, 0.00248424895108, 0.00372436735779, 0.00509424693882, 0.00958332978189, 0.00818276777864, 0.00252727419138, 0.00156772579066, 0.00368599127978, 0.00850596651435, 0.00867941603065, 0.00427326187491, 0.000643978710286, 0.000524280243553, 0.000534321414307, 0.000767396297306, 0.0016523959348, 0.0146350357682, 0.544598221779, 0.429680109024, 0.064094170928, 0.000833536614664, 0.00062105525285, 0.00155506888404, 0.00272076157853, 0.0033572060056, 0.00263408292085, 0.000467319012387, 0.000520213856362, 0.00343349622563, 0.0119116790593, 0.0159659869969, 0.00776981795207]}}, "lowlevel": {"melbands_flatness_db": {"dmean": 0.0340195186436, "dmean2": 0.0527476705611, "max": 0.738026738167, "dvar": 0.0012655351311, "mean": 0.372575908899, "dvar2": 0.00321017298847, "min": 0.00314515084028, "var": 0.0110550206155, "median": 0.362876206636}, "melbands_crest": {"dmean": 3.33422064781, "dmean2": 5.52018737793, "max": 39.1114234924, "dvar": 12.9397382736, "mean": 21.5446548462, "dvar2": 34.9125442505, "min": 1.53894710541, "var": 58.0978889465, "median": 20.5844764709}, "spectral_entropy": {"dmean": 0.242028832436, "dmean2": 0.369453966618, "max": 9.81568431854, "dvar": 0.0775635764003, "mean": 6.68181037903, "dvar2": 0.169420033693, "min": 3.80686807632, "var": 1.30994939804, "median": 6.58657932281}, "melbands": {"dmean": [0.000543046975508, 0.000708876992576, 0.000412005465478, 0.000891954463441, 0.000275986385532, 6.39745849185e-05, 0.000116214308946, 9.50484682107e-05, 1.86191682587e-05, 7.16776094123e-06, 2.46747163146e-06, 4.29505462307e-06, 5.29460021426e-06, 3.05105572806e-06, 2.586297569e-06, 1.26712961901e-06, 3.10581140184e-06, 2.65142830358e-06, 2.18427635446e-06, 1.38914015224e-06, 6.12124267718e-07, 4.04952714916e-07, 2.82936241547e-07, 3.0030625453e-07, 3.19311197927e-07, 5.75103854317e-07, 3.23924467693e-07, 3.44178602063e-07, 4.05116395541e-07, 2.93226406711e-07, 2.83433706727e-07, 1.07543101535e-07, 1.11718385654e-07, 6.63448318505e-08, 6.12206392248e-08, 2.73816187502e-08, 2.71337405877e-08, 2.33460806243e-08, 1.73592322739e-08, 1.14505134263e-08], "dmean2": [0.000625407090411, 0.000662014586851, 0.00067277206108, 0.00132855272386, 0.000475165230455, 9.10496310098e-05, 0.000165878445841, 0.000134456218802, 2.1842211936e-05, 1.07625055534e-05, 3.90432205677e-06, 6.88325917508e-06, 8.28304200695e-06, 4.87104080094e-06, 4.1738235268e-06, 2.00431418307e-06, 4.41358906755e-06, 3.88660737372e-06, 3.26981012222e-06, 2.1312005174e-06, 9.41991061154e-07, 6.30054444173e-07, 4.64507138531e-07, 4.71863842222e-07, 4.96219229262e-07, 8.68574602464e-07, 5.06544211021e-07, 5.66912035538e-07, 6.23336063654e-07, 4.81339384351e-07, 4.68763118988e-07, 1.77134324986e-07, 1.86176748684e-07, 1.1304793901e-07, 1.09501087309e-07, 4.76855852583e-08, 4.76335273447e-08, 4.09535836354e-08, 3.06027523322e-08, 2.01706900071e-08], "max": [0.24626673758, 0.412297993898, 0.111984908581, 0.316791921854, 0.0269146487117, 0.0306645538658, 0.0607010163367, 0.0505508556962, 0.00720139732584, 0.00276770279743, 0.000577575177886, 0.000812484591734, 0.00106696691364, 0.000612702162471, 0.000752611085773, 0.000242367605097, 0.000758127833251, 0.000497669389006, 0.000324843160342, 0.00051395536866, 0.000317557191011, 0.000230401492445, 3.46308406733e-05, 0.000174210770638, 5.1700786571e-05, 0.000256050872849, 0.000101647121483, 0.000102641999547, 0.000290853291517, 0.000114794849651, 0.000208585261134, 2.09270347113e-05, 2.35892402998e-05, 2.30507739616e-05, 9.31554404815e-06, 3.77663013751e-06, 5.7611214288e-06, 3.07677851197e-06, 1.9236629214e-06, 1.28106137254e-06], "dvar": [6.72724854667e-06, 2.16856988118e-05, 5.73858778807e-06, 1.67579601111e-05, 9.20277955174e-07, 3.05367422015e-07, 1.04958689917e-06, 8.43142288431e-07, 7.82183295911e-09, 2.69365285632e-09, 1.4235534973e-10, 6.08410377634e-10, 5.94302940193e-10, 2.09254585881e-10, 1.7395644647e-10, 2.74267223516e-11, 3.03816360958e-10, 1.54155049836e-10, 9.63405119569e-11, 5.57523020805e-11, 2.39492332216e-11, 8.86878504663e-12, 1.50099095479e-12, 9.50688833212e-12, 2.66525560302e-12, 1.46767042963e-11, 5.24396541815e-12, 5.59008265025e-12, 1.35357411044e-11, 3.70167828681e-12, 7.61602499816e-12, 4.63446013337e-13, 5.07586756914e-13, 1.85811273052e-13, 2.11014636754e-13, 2.23249729521e-14, 2.92188385845e-14, 1.88633068448e-14, 8.76634207662e-15, 1.99819709763e-15], "mean": [0.00198496482335, 0.00312576815486, 0.000882890424691, 0.00181385618635, 0.000581251457334, 0.000227554439334, 0.000339632766554, 0.000250283745117, 4.7519144573e-05, 1.1966353668e-05, 4.03870808441e-06, 7.15190981282e-06, 8.94256027095e-06, 4.61042100142e-06, 3.60218336937e-06, 1.76446951627e-06, 4.39285167886e-06, 4.39301084043e-06, 2.94770393339e-06, 1.89834668163e-06, 8.19318529466e-07, 5.26053497651e-07, 3.39206991384e-07, 3.34325306994e-07, 4.1135112383e-07, 7.59157671837e-07, 3.63372237189e-07, 3.36533048539e-07, 4.60458522866e-07, 2.6977448897e-07, 2.6027680633e-07, 1.05346622092e-07, 1.09299811868e-07, 7.1513412081e-08, 6.12270483202e-08, 3.75610440528e-08, 3.62806851228e-08, 3.49936470911e-08, 3.09343839433e-08, 2.60212686953e-08], "dvar2": [8.02072827355e-06, 2.75349630101e-05, 1.70046132553e-05, 3.36346638505e-05, 2.73056002698e-06, 6.42434201836e-07, 2.25157873501e-06, 1.36521475724e-06, 9.68762314812e-09, 5.692012639e-09, 3.42957273691e-10, 1.61379420938e-09, 1.42599643205e-09, 5.14467801693e-10, 3.79707987275e-10, 5.94530674691e-11, 6.57565280004e-10, 3.03068792284e-10, 2.1614320056e-10, 1.13120915413e-10, 4.91867137298e-11, 1.59429240643e-11, 3.82136293095e-12, 2.40042378336e-11, 5.67638297477e-12, 2.58923871926e-11, 1.18909474281e-11, 1.39032778346e-11, 2.669043285e-11, 8.75456911825e-12, 1.97114945893e-11, 1.159588159e-12, 1.2592893308e-12, 4.40622663139e-13, 5.81578567856e-13, 5.8057366152e-14, 7.88721708387e-14, 5.09335344625e-14, 2.39366174586e-14, 5.33407690644e-15], "min": [1.16798962564e-24, 1.16396189907e-24, 1.5422126173e-24, 2.18741071041e-24, 2.02189901503e-24, 9.07608433107e-25, 2.69672790703e-24, 1.37276105473e-24, 1.37843602148e-24, 2.66555113798e-24, 2.19149069901e-24, 2.55254563002e-24, 3.6894141013e-24, 4.909700669e-24, 2.13478205234e-24, 2.61825517962e-24, 2.123224254e-24, 2.36003872002e-24, 4.28533816733e-24, 3.66533648875e-24, 4.06570035866e-24, 3.7337989657e-24, 4.92718261552e-24, 4.83474823338e-24, 5.0684048892e-24, 4.78534384704e-24, 5.55336225829e-24, 4.76532531828e-24, 4.66952920539e-24, 6.55699488369e-24, 6.51825037476e-24, 6.40563890282e-24, 5.72266640247e-24, 5.2903406497e-24, 5.511577085e-24, 6.46007543287e-24, 7.68599722845e-24, 6.44990977682e-24, 6.22170454428e-24, 6.69345085978e-24], "var": [5.84133158554e-05, 0.000176974237547, 9.50041521719e-06, 4.92995313834e-05, 2.76057926385e-06, 1.72993566139e-06, 2.71117369266e-06, 2.79872233477e-06, 5.29873815935e-08, 6.51721654421e-09, 2.80805267927e-10, 1.16698495312e-09, 1.68150859903e-09, 4.30213642488e-10, 3.00900249162e-10, 4.50501996818e-11, 4.69696892491e-10, 4.50309123323e-10, 1.48746306938e-10, 1.09825981642e-10, 3.75080487502e-11, 1.48030025737e-11, 1.96571036358e-12, 8.66895791263e-12, 4.90979175718e-12, 3.14227255327e-11, 7.71616104345e-12, 4.91529343269e-12, 1.93893356232e-11, 3.448347944e-12, 5.83772353374e-12, 3.96285082657e-13, 4.52757189379e-13, 2.07713539294e-13, 1.46803779528e-13, 1.7724903034e-14, 2.00517465858e-14, 1.31605482602e-14, 6.0082829452e-15, 1.50619515148e-15], "median": [0.000294472993119, 0.0001103342438, 0.000115000540973, 0.000172846019268, 6.400453276e-05, 7.46301475374e-06, 2.21568461711e-05, 8.66468963068e-06, 2.35654965763e-06, 4.60045498585e-07, 2.95811503292e-07, 3.43314013662e-07, 4.51708473292e-07, 3.39903351687e-07, 2.13983469166e-07, 1.55309848537e-07, 1.89976049114e-07, 1.65621543147e-07, 1.0999009703e-07, 7.92066074951e-08, 3.81832165885e-08, 3.10690424499e-08, 2.89735151426e-08, 2.38074111536e-08, 2.56209382599e-08, 2.98599367454e-08, 2.53606966538e-08, 2.58822439037e-08, 2.71459565937e-08, 2.64797606064e-08, 2.57592418507e-08, 2.26343264131e-08, 2.24271712312e-08, 2.14683861799e-08, 2.10019930336e-08, 2.05611865312e-08, 2.056195747e-08, 2.18421654097e-08, 2.19084679287e-08, 2.07606571934e-08]}, "silence_rate_60dB": {"dmean": 0.0478495620191, "dmean2": 0.0957080349326, "max": 1, "dvar": 0.0455591417849, "mean": 0.374383330345, "dvar2": 0.101254604757, "min": 0, "var": 0.234199792147, "median": 0}, "spectral_energyband_middle_high": {"dmean": 0.000163628472365, "dmean2": 0.000243762071477, "max": 0.0239615887403, "dvar": 4.00869168971e-07, "mean": 0.000302415632177, "dvar2": 9.17439706427e-07, "min": 1.26387199731e-21, "var": 9.64975924944e-07, "median": 2.76386417681e-05}, "erbbands_skewness": {"dmean": 0.532554984093, "dmean2": 0.809557318687, "max": 12.6090688705, "dvar": 0.387432575226, "mean": 2.07262134552, "dvar2": 0.878117501736, "min": -2.29230189323, "var": 3.37982583046, "median": 1.92097651958}, "dynamic_complexity": 8.93839454651, "dissonance": {"dmean": 0.0283539146185, "dmean2": 0.0466320253909, "max": 0.499999761581, "dvar": 0.000892344163731, "mean": 0.40434896946, "dvar2": 0.00220284471288, "min": 0.129269436002, "var": 0.00569956284016, "median": 0.419216960669}, "spectral_skewness": {"dmean": 0.257178097963, "dmean2": 0.388327598572, "max": 6.69326925278, "dvar": 0.0987558960915, "mean": 2.45663118362, "dvar2": 0.215094298124, "min": -0.0835360214114, "var": 1.06121587753, "median": 2.31035852432}, "spectral_kurtosis": {"dmean": 1.85922849178, "dmean2": 2.83069133759, "max": 56.629196167, "dvar": 7.11622524261, "mean": 8.93533420563, "dvar2": 16.542219162, "min": -1.25697827339, "var": 59.4100570679, "median": 6.66205263138}, "gfcc": {"cov": [[11696.0302734, 3261.30078125, -1327.1640625, -528.512390137, -524.450134277, -583.032592773, -539.079833984, -471.531738281, -237.08052063, 21.3329601288, -257.6015625, -368.666229248, -218.387359619], [3261.30078125, 2299.42602539, 299.668670654, -328.667816162, -454.53604126, -577.843322754, -366.955230713, -254.589782715, -99.5159454346, -50.6416511536, -45.0135040283, -190.629898071, -207.682128906], [-1327.1640625, 299.668670654, 1601.91345215, 349.244659424, -173.912033081, -178.816894531, -79.6830749512, 26.7765159607, -2.81309890747, -80.5168533325, 110.825263977, 87.6871185303, -72.1275100708], [-528.512390137, -328.667816162, 349.244659424, 502.891967773, 204.964736938, 104.000038147, 58.2325973511, 23.5830307007, -20.8061199188, -26.5418128967, 17.5457134247, 62.0772476196, 36.1764526367], [-524.450134277, -454.53604126, -173.912033081, 204.964736938, 407.936889648, 322.705871582, 164.129226685, 58.3891448975, 22.6563510895, 9.54266738892, -7.5292339325, 36.5418167114, 95.4415054321], [-583.032592773, -577.843322754, -178.816894531, 104.000038147, 322.705871582, 425.045654297, 248.938018799, 108.515327454, 36.5545692444, 18.6901912689, 2.39166474342, 64.6553955078, 100.606231689], [-539.079833984, -366.955230713, -79.6830749512, 58.2325973511, 164.129226685, 248.938018799, 236.565048218, 134.225753784, 48.802936554, 13.8130865097, 15.7690229416, 50.4511947632, 60.0136260986], [-471.531738281, -254.589782715, 26.7765159607, 23.5830307007, 58.3891448975, 108.515327454, 134.225753784, 156.212234497, 90.8567123413, 32.9080810547, 25.5250854492, 38.7031059265, 25.9169692993], [-237.08052063, -99.5159454346, -2.81309890747, -20.8061199188, 22.6563510895, 36.5545692444, 48.802936554, 90.8567123413, 119.898864746, 73.6990585327, 26.0334815979, 10.0256843567, 11.7370052338], [21.3329601288, -50.6416511536, -80.5168533325, -26.5418128967, 9.54266738892, 18.6901912689, 13.8130865097, 32.9080810547, 73.6990585327, 104.209228516, 51.5454063416, 4.76493358612, -1.71824431419], [-257.6015625, -45.0135040283, 110.825263977, 17.5457134247, -7.5292339325, 2.39166474342, 15.7690229416, 25.5250854492, 26.0334815979, 51.5454063416, 92.216217041, 49.8525810242, -6.2024230957], [-368.666229248, -190.629898071, 87.6871185303, 62.0772476196, 36.5418167114, 64.6553955078, 50.4511947632, 38.7031059265, 10.0256843567, 4.76493358612, 49.8525810242, 91.5611877441, 50.0578918457], [-218.387359619, -207.682128906, -72.1275100708, 36.1764526367, 95.4415054321, 100.606231689, 60.0136260986, 25.9169692993, 11.7370052338, -1.71824431419, -6.2024230957, 50.0578918457, 100.012191772]], "mean": [-152.249099731, 78.6152420044, -24.1746463776, 22.4720287323, -35.6590003967, 3.73536515236, -30.0889701843, -3.74014186859, -17.6169471741, 10.4351797104, -9.33861255646, 0.841271996498, -9.24376010895], "icov": [[0.000268998235697, -0.000523497757968, 0.000389236898627, -0.000467410456622, 0.000590609386563, -0.000757018220611, 0.000692096480634, -0.000557690043934, 0.000564281945117, -0.000575067591853, 0.00044063522364, -0.000120353230159, -0.000111329449282], [-0.000523497757968, 0.00189512816723, -0.00106577819679, 0.00152367935516, -0.00155618053395, 0.00265763839707, -0.00212666532025, 0.00231247441843, -0.00119538989384, 0.000908840913326, -0.000560149434023, 0.000772521016188, 0.000695498893037], [0.000389236898627, -0.00106577819679, 0.00215708860196, -0.00239954888821, 0.00261429068632, -0.00247729686089, 0.00222056242637, -0.000976811512373, -0.00195970875211, 0.00372665631585, -0.00346386362799, 0.000936001189984, -0.000411035813158], [-0.000467410456622, 0.00152367935516, -0.00239954888821, 0.0059980978258, -0.00601997692138, 0.00500762369484, -0.00305264769122, 0.00100835226476, 0.00291185313836, -0.00396193377674, 0.00486645102501, -0.00460415380076, 0.00271766493097], [0.000590609386563, -0.00155618053395, 0.00261429068632, -0.00601997692138, 0.0132574839517, -0.0113490540534, 0.00504676532, -0.000480897928355, -0.00403846800327, 0.00619085738435, -0.0079353870824, 0.00875182356685, -0.00631008204073], [-0.000757018220611, 0.00265763839707, -0.00247729686089, 0.00500762369484, -0.0113490540534, 0.0188246909529, -0.0145737314597, 0.00549345416948, 0.00232257461175, -0.00679208524525, 0.00860261823982, -0.00822458229959, 0.00374406063929], [0.000692096480634, -0.00212666532025, 0.00222056242637, -0.00305264769122, 0.00504676532, -0.0145737314597, 0.0252492260188, -0.0182343907654, 0.00553839094937, 0.00320506514981, -0.00631278334185, 0.00551285874099, -0.00452666217461], [-0.000557690043934, 0.00231247441843, -0.000976811512373, 0.00100835226476, -0.000480897928355, 0.00549345416948, -0.0182343907654, 0.0329584293067, -0.0239928141236, 0.00986529514194, -0.00162288430147, -0.00447113346308, 0.00497128581628], [0.000564281945117, -0.00119538989384, -0.00195970875211, 0.00291185313836, -0.00403846800327, 0.00232257461175, 0.00553839094937, -0.0239928141236, 0.04150788486, -0.0319812446833, 0.0164114795625, -0.00418723095208, -0.00161219749134], [-0.000575067591853, 0.000908840913326, 0.00372665631585, -0.00396193377674, 0.00619085738435, -0.00679208524525, 0.00320506514981, 0.00986529514194, -0.0319812446833, 0.0489335991442, -0.0367346853018, 0.0194381289184, -0.0062163528055], [0.00044063522364, -0.000560149434023, -0.00346386362799, 0.00486645102501, -0.0079353870824, 0.00860261823982, -0.00631278334185, -0.00162288430147, 0.0164114795625, -0.0367346853018, 0.0521298795938, -0.0358326807618, 0.0172789543867], [-0.000120353230159, 0.000772521016188, 0.000936001189984, -0.00460415380076, 0.00875182356685, -0.00822458229959, 0.00551285874099, -0.00447113346308, -0.00418723095208, 0.0194381289184, -0.0358326807618, 0.0473091378808, -0.0236219502985], [-0.000111329449282, 0.000695498893037, -0.000411035813158, 0.00271766493097, -0.00631008204073, 0.00374406063929, -0.00452666217461, 0.00497128581628, -0.00161219749134, -0.0062163528055, 0.0172789543867, -0.0236219502985, 0.0265810936689]]}, "spectral_complexity": {"dmean": 0.905045628548, "dmean2": 1.51121866703, "max": 29, "dvar": 2.59031605721, "mean": 3.97412276268, "dvar2": 5.75690698624, "min": 0, "var": 11.6141233444, "median": 3}, "spectral_flux": {"dmean": 0.0159769821912, "dmean2": 0.0259588304907, "max": 1.15381240845, "dvar": 0.0010600927053, "mean": 0.0384532138705, "dvar2": 0.00252996198833, "min": 6.53382417615e-11, "var": 0.00179952243343, "median": 0.026695497334}, "spectral_energyband_low": {"dmean": 0.00330979679711, "dmean2": 0.00357173895463, "max": 1.59976387024, "dvar": 0.000327887391904, "mean": 0.0133858369663, "dvar2": 0.000429363368312, "min": 1.68004953385e-23, "var": 0.00265050074086, "median": 0.00166200601961}, "spectral_decrease": {"dmean": 1.85973447753e-09, "dmean2": 2.48928277991e-09, "max": 2.60762998898e-27, "dvar": 4.99570271559e-17, "mean": -6.740056957e-09, "dvar2": 8.75204998382e-17, "min": -4.53044066262e-07, "var": 2.96448799575e-16, "median": -1.73300973572e-09}, "barkbands_spread": {"dmean": 4.58268165588, "dmean2": 7.58573579788, "max": 124.863258362, "dvar": 80.9015274048, "mean": 9.94704341888, "dvar2": 222.65071106, "min": 0.225398436189, "var": 162.330581665, "median": 5.28671789169}, "spectral_rms": {"dmean": 0.000571789394598, "dmean2": 0.000806304684374, "max": 0.0410344861448, "dvar": 9.90202579487e-07, "mean": 0.00366747542284, "dvar2": 1.93466325982e-06, "min": 3.12121964559e-12, "var": 1.18460302474e-05, "median": 0.00255718966946}, "spectral_centroid": {"dmean": 121.640884399, "dmean2": 195.799758911, "max": 11674.4013672, "dvar": 49459.7070313, "mean": 730.328796387, "dvar2": 119032.765625, "min": 92.7138137817, "var": 966052.9375, "median": 362.64276123}, "barkbands_skewness": {"dmean": 1.29011285305, "dmean2": 2.08174133301, "max": 29.2510738373, "dvar": 2.3178293705, "mean": 4.1105222702, "dvar2": 5.96268415451, "min": -2.10703110695, "var": 8.76322841644, "median": 3.51070761681}, "spectral_rolloff": {"dmean": 204.190048218, "dmean2": 377.236206055, "max": 19616.7480469, "dvar": 844230.8125, "mean": 450.772491455, "dvar2": 2462683, "min": 21.533203125, "var": 1953706.375, "median": 236.865234375}, "erbbands_spread": {"dmean": 8.53332138062, "dmean2": 13.3745079041, "max": 182.182403564, "dvar": 151.756668091, "mean": 33.9951438904, "dvar2": 358.16973877, "min": 1.04012107849, "var": 1117.99902344, "median": 21.8906555176}, "barkbands": {"dmean": [0.000425342906965, 0.0024067258928, 0.000802383117843, 0.000751644431148, 0.00369510543533, 0.000310437462758, 0.000630494963843, 0.000194326727069, 5.39022257726e-05, 2.04496645893e-05, 3.88542066503e-05, 2.83378831227e-05, 1.33622424983e-05, 2.99393523164e-05, 3.50960399373e-05, 1.42633634823e-05, 6.99800966686e-06, 5.86116129853e-06, 1.23328291011e-05, 1.04236651168e-05, 1.31399274323e-05, 5.37662162969e-06, 3.1211041005e-06, 1.87886655567e-06, 1.10713131107e-06, 9.58458713285e-07, 1.00283148186e-06], "dmean2": [0.000743971206248, 0.00231172353961, 0.00111872435082, 0.00129990163259, 0.00563906971365, 0.000448488310212, 0.000922633160371, 0.000235074927332, 8.0113306467e-05, 3.35770564561e-05, 6.02217551204e-05, 4.5834996854e-05, 2.06571257877e-05, 4.40266230726e-05, 5.09124038217e-05, 2.23465376621e-05, 1.09138336484e-05, 9.16235694604e-06, 1.85342942132e-05, 1.6889132894e-05, 2.09772806556e-05, 8.78531045601e-06, 5.46289311387e-06, 3.29475165017e-06, 1.94815561372e-06, 1.68851340732e-06, 1.70347755102e-06], "max": [0.0258695427328, 1.34665489197, 0.718918919563, 0.157058939338, 1.129576087, 0.141188323498, 0.259410411119, 0.149319976568, 0.0272120088339, 0.00356168439612, 0.00996623374522, 0.00531685166061, 0.0062424056232, 0.00630138767883, 0.00387788657099, 0.00512354401872, 0.00394977303222, 0.00247882236727, 0.00379042699933, 0.00215601082891, 0.0105430716649, 0.000883072672877, 0.000794027058873, 0.000344605068676, 0.000129486506921, 0.000108284584712, 4.68531579827e-05], "dvar": [9.19966907986e-07, 0.000187763071153, 8.53847814142e-05, 2.00278300326e-05, 0.000228757897276, 6.23029745839e-06, 3.0780913221e-05, 3.1875674722e-06, 1.79752859708e-07, 1.51599550691e-08, 3.38928245469e-08, 1.92961753243e-08, 4.98014296468e-09, 2.45696281098e-08, 2.28636345412e-08, 7.26930426964e-09, 2.71991473788e-09, 2.11969952701e-09, 5.33404742598e-09, 4.38164748928e-09, 1.59735122907e-08, 1.06943054412e-09, 4.21941287465e-10, 1.3996753756e-10, 2.54433678987e-11, 1.40125393927e-11, 1.08076557686e-12], "mean": [0.000462398224045, 0.0102115850896, 0.00224216305651, 0.00158162997104, 0.00768869463354, 0.00113301270176, 0.00164778856561, 0.000521201349329, 8.98040816537e-05, 2.61883378698e-05, 6.90543674864e-05, 4.19065654569e-05, 1.88722387975e-05, 4.06736908189e-05, 5.42646848771e-05, 1.91174149222e-05, 9.05147408048e-06, 6.87212150297e-06, 1.64933389897e-05, 1.10602695713e-05, 1.31727983899e-05, 5.42990937902e-06, 3.49400943378e-06, 2.91598189506e-06, 3.0093017358e-06, 4.03530657422e-06, 4.90602815262e-06], "dvar2": [2.58291015598e-06, 0.000193823390873, 0.00023724786297, 6.12127623754e-05, 0.000477746798424, 1.29957743411e-05, 6.05978239037e-05, 4.36442405771e-06, 3.46478913116e-07, 4.00465900441e-08, 7.68069909896e-08, 4.85603948164e-08, 7.8150836913e-09, 5.68220315245e-08, 4.79861590463e-08, 1.57003778867e-08, 4.91657292656e-09, 5.18976506214e-09, 1.000264227e-08, 1.03789687955e-08, 3.69296841995e-08, 2.61540455959e-09, 1.07008213401e-09, 3.78161696402e-10, 6.76896871887e-11, 3.94206889354e-11, 2.94896767596e-12], "min": [1.33515041009e-25, 2.33994879935e-24, 1.83863637155e-24, 4.60298464652e-25, 9.51903623745e-24, 3.11043693687e-24, 1.32925539553e-23, 6.28895335873e-24, 1.49523725201e-23, 1.30820361675e-23, 2.37359774015e-23, 4.14248216271e-23, 2.82122660562e-23, 2.86012786122e-23, 4.35221250951e-23, 5.99694332068e-23, 6.0551385363e-23, 9.76765237816e-23, 1.33426469383e-22, 2.09558501335e-22, 2.95221058494e-22, 3.59530488857e-22, 3.80189758845e-22, 6.61052513878e-22, 8.26499945499e-22, 1.41113609671e-21, 2.00825740432e-21], "var": [1.07650475911e-06, 0.00176822242793, 0.000118790499982, 5.09846140631e-05, 0.000676618888974, 3.69925619452e-05, 8.59283391037e-05, 1.2335244719e-05, 4.63021621044e-07, 2.13563051688e-08, 1.14221244019e-07, 3.73772763851e-08, 1.1507585107e-08, 3.45542581215e-08, 5.09542168459e-08, 1.22346186515e-08, 4.65400518124e-09, 2.159807444e-09, 1.29487931488e-08, 4.63307259224e-09, 1.54936312668e-08, 9.73141345284e-10, 3.81958908946e-10, 9.66728849749e-11, 1.89930415145e-11, 1.01275385647e-11, 2.56340500042e-12], "median": [0.000215746869799, 0.000784426170867, 0.000146350823343, 6.17011246504e-05, 0.000937025935855, 4.45133664471e-05, 9.37820441322e-05, 1.93888081412e-05, 2.70027226179e-06, 1.44680836911e-06, 2.82639939542e-06, 2.61983200289e-06, 1.43284614751e-06, 2.01420584744e-06, 2.00847034648e-06, 8.63843581556e-07, 5.19847958458e-07, 5.26749033725e-07, 7.49866501337e-07, 8.28079862458e-07, 1.11877477593e-06, 1.13527960366e-06, 1.27828434415e-06, 1.77964659542e-06, 2.43225736085e-06, 3.65325104212e-06, 4.92932986162e-06]}, "melbands_kurtosis": {"dmean": 40.9321136475, "dmean2": 68.003364563, "max": 1707.22290039, "dvar": 8240.58691406, "mean": 69.7447891235, "dvar2": 22774.9453125, "min": -1.73669135571, "var": 14779.4013672, "median": 27.7878608704}, "erbbands_crest": {"dmean": 2.46089553833, "dmean2": 3.98009157181, "max": 32.0834007263, "dvar": 6.56699514389, "mean": 12.9139175415, "dvar2": 17.4202423096, "min": 2.04637885094, "var": 30.3261165619, "median": 12.6086120605}, "melbands_skewness": {"dmean": 1.58596277237, "dmean2": 2.5623190403, "max": 36.4676170349, "dvar": 5.42485523224, "mean": 4.51150178909, "dvar2": 14.3581104279, "min": -1.71016597748, "var": 18.3805503845, "median": 3.25396323204}, "spectral_energyband_middle_low": {"dmean": 0.00488896062598, "dmean2": 0.00733954552561, "max": 1.25381708145, "dvar": 0.000358007469913, "mean": 0.0126672806218, "dvar2": 0.000744014803786, "min": 1.59277049972e-22, "var": 0.00119445379823, "median": 0.00242955703288}, "spectral_contrast_coeffs": {"dmean": [0.045779414475, 0.0388806015253, 0.0314170643687, 0.0278135314584, 0.0185342878103, 0.0169752128422], "dmean2": [0.0755743905902, 0.0616329163313, 0.0508129000664, 0.0426825769246, 0.0285825878382, 0.0265707075596], "max": [-0.129252240062, -0.243440330029, -0.493603914976, -0.495013415813, -0.537936091423, -0.585471749306], "dvar": [0.00170391914435, 0.00130325008649, 0.000783808180131, 0.000733759719878, 0.000364322564565, 0.000406319013564], "mean": [-0.631397902966, -0.693191409111, -0.815334796906, -0.8154271245, -0.850223898888, -0.841137170792], "dvar2": [0.00413978844881, 0.00284772366285, 0.0018219682388, 0.00151207379531, 0.00070028193295, 0.000846062612254], "min": [-0.978233218193, -0.979507029057, -0.985405385494, -0.972114145756, -0.965638279915, -0.963766336441], "var": [0.0197859406471, 0.016075540334, 0.00570374075323, 0.00564555916935, 0.00236375117674, 0.00136674649548], "median": [-0.624464571476, -0.693980693817, -0.829992949963, -0.833151102066, -0.866981506348, -0.852361798286]}, "spectral_contrast_valleys": {"dmean": [0.360684961081, 0.380662202835, 0.372647017241, 0.35943582654, 0.252375036478, 0.126728489995], "dmean2": [0.60634124279, 0.623810052872, 0.60933971405, 0.576978802681, 0.400716245174, 0.210703000426], "max": [-4.59532308578, -4.51102399826, -5.52411031723, -6.43204212189, -6.26948451996, -8.87860202789], "dvar": [0.0917592197657, 0.121898949146, 0.127636641264, 0.147995322943, 0.098650611937, 0.0332231447101], "mean": [-8.06569480896, -8.77169799805, -9.60837745667, -10.0042181015, -9.7839307785, -11.3252458572], "dvar2": [0.239253014326, 0.302468061447, 0.313722193241, 0.351782083511, 0.222526878119, 0.0748375430703], "min": [-28.0547351837, -28.0716323853, -27.6123466492, -27.7194213867, -27.5325946808, -27.4526863098], "var": [2.53818678856, 2.71213817596, 2.19525790215, 2.13244700432, 1.6932322979, 1.23341655731], "median": [-7.99388504028, -8.70980167389, -9.60305309296, -10.0690431595, -9.8370847702, -11.2693986893]}, "silence_rate_20dB": {"dmean": 0.00148948049173, "dmean2": 0.00297923851758, "max": 1, "dvar": 0.00148722878657, "mean": 0.995159626007, "dvar2": 0.00334245036356, "min": 0, "var": 0.00481698522344, "median": 1}, "silence_rate_30dB": {"dmean": 0.0161981005222, "dmean2": 0.0323992185295, "max": 1, "dvar": 0.0159349236637, "mean": 0.9495485425, "dvar2": 0.0337685756385, "min": 0, "var": 0.0479061454535, "median": 1}, "spectral_strongpeak": {"dmean": 0.164182990789, "dmean2": 0.259793639183, "max": 9.73151016235, "dvar": 0.119529590011, "mean": 0.533934950829, "dvar2": 0.265470147133, "min": 0, "var": 0.593791782856, "median": 0.311939388514}, "spectral_spread": {"dmean": 609496.9375, "dmean2": 912236.8125, "max": 42888268, "dvar": 542364663808, "mean": 6606751.5, "dvar2": 1121169178620.0, "min": 1040583.25, "var": 12029058351100.0, "median": 5903625.5}, "barkbands_flatness_db": {"dmean": 0.030220579356, "dmean2": 0.047508828342, "max": 0.595070242882, "dvar": 0.000951331865508, "mean": 0.257182329893, "dvar2": 0.00241682329215, "min": 0.0501606650651, "var": 0.00776399159804, "median": 0.245546638966}, "pitch_salience": {"dmean": 0.0774766281247, "dmean2": 0.128175392747, "max": 0.987899899483, "dvar": 0.00566531112418, "mean": 0.405126720667, "dvar2": 0.014987080358, "min": 0.0344746410847, "var": 0.0238640587777, "median": 0.426030129194}, "erbbands_kurtosis": {"dmean": 4.49934768677, "dmean2": 6.73797225952, "max": 223.462219238, "dvar": 58.9457054138, "mean": 12.6519880295, "dvar2": 120.648590088, "min": -1.79424667358, "var": 363.81552124, "median": 5.87245464325}, "average_loudness": 0.000952743517701, "barkbands_crest": {"dmean": 2.58590269089, "dmean2": 4.2230386734, "max": 26.6571941376, "dvar": 5.98493432999, "mean": 15.1953802109, "dvar2": 16.122253418, "min": 4.07137012482, "var": 22.1601352692, "median": 14.9677505493}, "hfc": {"dmean": 1.68145620823, "dmean2": 2.41652989388, "max": 300.573577881, "dvar": 40.1348838806, "mean": 5.40516233444, "dvar2": 76.1486358643, "min": 1.1015306137e-16, "var": 155.094543457, "median": 1.59151387215}, "barkbands_kurtosis": {"dmean": 21.2333850861, "dmean2": 34.2085342407, "max": 1174.01757813, "dvar": 1804.3605957, "mean": 45.1944503784, "dvar2": 4363.76367188, "min": -1.82225763798, "var": 5724.42480469, "median": 23.2722015381}, "erbbands": {"dmean": [0.0450882092118, 0.610515773296, 1.16065967083, 1.61302793026, 8.06330108643, 13.8688926697, 5.30810213089, 2.95481061935, 7.0762629509, 10.0692443848, 2.921916008, 1.28805184364, 0.516699194908, 1.10083663464, 1.32036018372, 1.23413455486, 0.656722843647, 1.54864501953, 1.63380885124, 1.38482952118, 0.60027217865, 0.362468272448, 0.285108685493, 0.411241412163, 0.69092476368, 0.475541263819, 0.538946628571, 0.513055443764, 0.210686519742, 0.14177185297, 0.088421292603, 0.0429102964699, 0.0309876967221, 0.0146016059443, 0.00834742095321, 0.00487766833976, 0.00185393111315, 0.000648785324302, 0.000190079110325, 2.02613555302e-05], "dmean2": [0.0644771978259, 0.538997650146, 1.26458740234, 2.66329550743, 12.0862827301, 21.708398819, 9.20388317108, 4.27161598206, 10.0616617203, 14.3410539627, 3.45028805733, 1.88170182705, 0.819078564644, 1.76231849194, 2.07229328156, 2.02528762817, 1.02987289429, 2.19269561768, 2.36977362633, 2.07437419891, 0.917847454548, 0.569485008717, 0.455151498318, 0.625934839249, 1.04126381874, 0.76942461729, 0.83529394865, 0.840174436569, 0.341892182827, 0.236781090498, 0.156270891428, 0.0748505666852, 0.0544858537614, 0.0258200280368, 0.0147880166769, 0.00861764326692, 0.00323602114804, 0.00112982827704, 0.000323345098877, 3.28601927322e-05], "max": [12.0084371567, 371.889465332, 791.034118652, 687.281738281, 2734.88256836, 3595.24829102, 619.234069824, 1366.26513672, 4227.61865234, 4870.06640625, 1059.08068848, 512.440246582, 120.702980042, 217.715530396, 210.603179932, 200.632034302, 246.198638916, 337.355621338, 269.93371582, 228.538955688, 214.923446655, 146.139541626, 91.9793930054, 69.0997924805, 225.660202026, 113.940437317, 322.559082031, 361.085083008, 50.2786560059, 32.0166778564, 13.6669778824, 8.32976531982, 3.94986152649, 1.94120025635, 1.22259747982, 0.551751375198, 0.175520434976, 0.0379771664739, 0.00874365959316, 0.00191303330939], "dvar": [0.0257706884295, 13.9066734314, 90.0596466064, 160.944122314, 1405.92041016, 3267.49536133, 371.765136719, 650.258422852, 4496.49169922, 9443.046875, 218.65737915, 85.7944107056, 6.46421766281, 38.9174308777, 34.856716156, 39.7549552917, 9.72390842438, 67.6937713623, 53.202960968, 40.631942749, 13.7477703094, 4.83926677704, 3.4879629612, 4.80530881882, 19.6877689362, 10.2145452499, 17.9075622559, 22.1938018799, 1.6726629734, 0.736944377422, 0.383944988251, 0.0678734406829, 0.0357175134122, 0.00457432260737, 0.00138804316521, 0.000476243207231, 2.90410516754e-05, 1.14367969672e-06, 3.59398661942e-08, 9.5052310467e-10], "mean": [0.114778958261, 2.74523925781, 4.5239405632, 3.54622817039, 16.4739608765, 27.0876903534, 12.2079200745, 10.1587429047, 20.8684864044, 26.3740901947, 8.01052093506, 2.3484992981, 0.867541909218, 1.85799968243, 2.12894654274, 1.82925510406, 0.96633452177, 2.28771924973, 2.82782125473, 1.81691110134, 0.84891307354, 0.490333676338, 0.347767800093, 0.546011149883, 0.869484245777, 0.495526850224, 0.597764670849, 0.474460780621, 0.208565637469, 0.150764510036, 0.0965512320399, 0.0602897182107, 0.0498162247241, 0.0325462780893, 0.0225987508893, 0.0147369289771, 0.00761774554849, 0.00301143759862, 0.000804438081104, 9.26776847336e-05], "dvar2": [0.0447110757232, 13.2218503952, 191.31010437, 462.334289551, 3109.81787109, 7698.10839844, 1072.83630371, 1425.80371094, 9742.57324219, 15534.7275391, 268.776062012, 178.661209106, 15.9202890396, 102.843833923, 84.6460952759, 102.464187622, 17.7848167419, 145.547805786, 104.111709595, 89.900390625, 29.128288269, 9.32115364075, 8.64138317108, 10.1655921936, 38.317905426, 24.6412906647, 35.9971046448, 56.0893707275, 4.08831501007, 1.79788935184, 1.04524314404, 0.18048004806, 0.0973103046417, 0.0122129553929, 0.00378806190565, 0.00134370499291, 8.10107740108e-05, 3.13488044412e-06, 9.80189938105e-08, 1.85670923081e-09], "min": [6.52808841688e-23, 6.27989068799e-22, 2.80556964779e-21, 6.46809477511e-21, 1.99851165766e-20, 3.16118929497e-20, 4.78544631565e-20, 4.6387936554e-20, 1.61941866034e-19, 1.70451758004e-19, 2.00972926075e-19, 4.43735456135e-19, 4.90153936979e-19, 8.19973594671e-19, 1.36481482009e-18, 1.72806188031e-18, 1.2947061967e-18, 1.7900856404e-18, 1.88753971747e-18, 3.27500780922e-18, 4.23617389662e-18, 4.04025823649e-18, 6.43574268476e-18, 7.57443910241e-18, 6.49310890101e-18, 9.38266584762e-18, 9.67210461575e-18, 1.2551085231e-17, 1.28865987865e-17, 1.19019585541e-17, 1.13801597888e-17, 1.26573531243e-17, 1.05353023265e-17, 8.22238539265e-18, 7.27592699013e-18, 4.31179474822e-18, 2.31757458112e-18, 1.02964237326e-18, 2.48725972364e-19, 2.68670120882e-20], "var": [0.139697700739, 136.384246826, 383.069702148, 209.24105835, 3911.67236328, 8541.90332031, 1218.9831543, 3256.80566406, 11181.6240234, 31229.2832031, 1364.44238281, 212.767471313, 12.2453994751, 76.4375534058, 87.3427734375, 57.2964935303, 20.040145874, 108.710960388, 156.39125061, 63.1461982727, 22.1237545013, 8.19741535187, 3.75593471527, 8.46056747437, 41.4395294189, 10.0110330582, 24.381067276, 17.821685791, 1.50747597218, 0.742743194103, 0.277349621058, 0.048911806196, 0.0243086107075, 0.00336624821648, 0.000974212773144, 0.000316273159115, 2.38294323935e-05, 1.47662854033e-06, 7.87628877674e-08, 5.31016608463e-09], "median": [0.0325341373682, 0.0982135236263, 0.217555910349, 0.475066781044, 1.3020503521, 2.75801086426, 1.5004645586, 0.564293861389, 1.39337491989, 0.977122485638, 0.494179368019, 0.141223207116, 0.0712107867002, 0.102426871657, 0.143563598394, 0.12149720639, 0.0854672715068, 0.118209987879, 0.116957299411, 0.0779876932502, 0.0441370233893, 0.0324094928801, 0.0301553457975, 0.0330697149038, 0.0404507890344, 0.0391189157963, 0.0434869341552, 0.0451440662146, 0.0407412312925, 0.0390034839511, 0.0366107039154, 0.0336765497923, 0.0318759605289, 0.0249177049845, 0.0187645293772, 0.0126795535907, 0.0070302314125, 0.00289072911255, 0.000802187074441, 8.00924972282e-05]}, "spectral_energy": {"dmean": 0.00715771783143, "dmean2": 0.00959457457066, "max": 1.72592484951, "dvar": 0.000737277092412, "mean": 0.0259287804365, "dvar2": 0.00129512487911, "min": 9.98556198823e-21, "var": 0.0043456107378, "median": 0.00670269923285}, "zerocrossingrate": {"dmean": 0.00