{"rhythm": {"bpm_histogram_second_peak_bpm": {"mean": 91, "dmean": 0, "var": 0, "min": 91, "dmean2": 0, "median": 91, "dvar": 0, "dvar2": 0, "max": 91}, "bpm": 91.0905456543, "beats_loudness": {"mean": 0.040470611304, "dmean": 0.0227622445673, "var": 0.000736661546398, "min": 3.21048582919e-06, "dmean2": 0.0408224239945, "median": 0.0364021584392, "dvar": 0.00056042324286, "dvar2": 0.00166481547058, "max": 0.148728713393}, "beats_count": 394, "bpm_histogram_first_peak_weight": {"mean": 0.193384230137, "dmean": 0, "var": 0, "min": 0.193384230137, "dmean2": 0, "median": 0.193384230137, "dvar": 0, "dvar2": 0, "max": 0.193384230137}, "beats_position": [0.731428563595, 1.39319729805, 2.0549659729, 2.71673464775, 3.35528349876, 3.99383211136, 4.63238096237, 5.27092981339, 5.90947818756, 6.54802703857, 7.18657588959, 7.8251247406, 8.46367359161, 9.10222244263, 9.74077033997, 10.3677091599, 11.0062580109, 11.6448068619, 12.294965744, 12.933514595, 13.5836734772, 14.2222223282, 14.8723802567, 15.5109291077, 16.1494789124, 16.7996368408, 17.4497947693, 18.088344574, 18.7268924713, 19.3770523071, 20.0272102356, 20.6657600403, 21.3159179688, 21.9660758972, 22.616235733, 23.2663936615, 23.9281635284, 24.589931488, 25.2516994476, 25.9018592834, 26.563627243, 27.2137870789, 27.8639450073, 28.5141029358, 29.1642627716, 29.8144207001, 30.4645805359, 31.0915184021, 31.7416782379, 32.391834259, 33.053604126, 33.7153739929, 34.3655319214, 35.0156898499, 35.6658477783, 36.3160095215, 36.96616745, 37.6163253784, 38.2548751831, 38.8934249878, 39.5435829163, 40.1937408447, 40.8438987732, 41.4824485779, 42.1326065063, 42.7827644348, 43.4213142395, 44.071472168, 44.7216300964, 45.3717918396, 46.0219497681, 46.6604995728, 47.2990455627, 47.9492073059, 48.5993652344, 49.2495231628, 49.8996810913, 50.5498390198, 51.1883888245, 51.8269386292, 52.4887046814, 53.1504745483, 53.8006324768, 54.4624023438, 55.1241722107, 55.7743301392, 56.4244880676, 57.0746459961, 57.7248077393, 58.3749656677, 59.0483436584, 59.6985015869, 60.3486595154, 60.9988212585, 61.648979187, 62.2991371155, 62.9609069824, 63.6226730347, 64.2960510254, 64.957824707, 65.6195907593, 66.2697525024, 66.9315185547, 67.5932846069, 68.2550582886, 68.9168243408, 69.566986084, 70.2287521362, 70.902130127, 71.5638961792, 72.2256698608, 72.8874359131, 73.5492019653, 74.2225799561, 74.8843536377, 75.5461196899, 76.2194976807, 76.8812713623, 77.5662536621, 78.2628555298, 78.9362335205, 79.6212234497, 80.2946014404, 80.9679794312, 81.6297454834, 82.291519165, 82.9532852173, 83.626663208, 84.3116531372, 84.9966430664, 85.6816329956, 86.3550109863, 87.0283889771, 87.6901550293, 88.3519287109, 89.0253067017, 89.6986846924, 90.3720626831, 91.0454406738, 91.7188186646, 92.3921966553, 93.065574646, 93.7389526367, 94.4123306274, 95.0741043091, 95.7358703613, 96.3976364136, 97.0594100952, 97.7327880859, 98.4061660767, 99.0679321289, 99.7297058105, 100.391471863, 101.053237915, 101.726615906, 102.400001526, 103.061767578, 103.72353363, 104.396911621, 105.070289612, 105.732063293, 106.393829346, 107.055595398, 107.71736908, 108.379135132, 109.040908813, 109.691062927, 110.352828979, 111.014602661, 111.664756775, 112.314918518, 112.97668457, 113.638458252, 114.288612366, 114.938774109, 115.600540161, 116.262313843, 116.912467957, 117.585845947, 118.23600769, 118.897773743, 119.559547424, 120.221313477, 120.883079529, 121.533241272, 122.183395386, 122.856781006, 123.50693512, 124.168708801, 124.830474854, 125.492240906, 126.142402649, 126.792556763, 127.454330444, 128.116104126, 128.76625061, 129.428024292, 130.078186035, 130.739959717, 131.40171814, 132.051879883, 132.713653564, 133.375411987, 134.048797607, 134.722167969, 135.395553589, 136.068939209, 136.719085693, 137.392471313, 138.065841675, 138.727615356, 139.3777771, 140.039550781, 140.712921143, 141.386306763, 142.059677124, 142.733062744, 143.394821167, 144.056594849, 144.706756592, 145.380126953, 146.053512573, 146.726898193, 147.411880493, 148.096862793, 148.79347229, 149.490066528, 150.175048828, 150.848434448, 151.533416748, 152.206802368, 152.880172729, 153.37940979, 153.878631592, 154.389480591, 154.900314331, 155.399536133, 155.910385132, 156.421218872, 156.932067871, 157.442901611, 157.942123413, 158.441360474, 158.940582275, 159.277282715, 159.625579834, 159.962265015, 160.298950195, 160.635650635, 160.960723877, 161.297409058, 161.634094238, 161.970794678, 162.307479858, 162.644165039, 162.980865479, 163.305938721, 163.631011963, 163.967712402, 164.304397583, 164.629470825, 164.954559326, 165.291244507, 165.627929688, 165.953018188, 166.278091431, 166.603164673, 166.928253174, 167.253326416, 167.578414917, 167.903488159, 168.228561401, 168.565261841, 168.901947021, 169.238632202, 169.575332642, 169.900405884, 170.225479126, 170.550567627, 170.875640869, 171.21232605, 171.537414551, 171.874099731, 172.199172974, 172.524261475, 172.860946655, 173.197631836, 173.534332275, 173.871017456, 174.196090698, 174.532791138, 174.869476318, 175.206161499, 175.54284668, 175.867935181, 176.204620361, 176.529708862, 176.854782104, 177.179855347, 177.516555786, 177.853240967, 178.189926147, 178.526611328, 178.863311768, 179.18838501, 179.513473511, 179.850158691, 180.186843872, 180.511917114, 180.837005615, 181.173690796, 181.510375977, 181.835464478, 182.16053772, 182.485626221, 182.810699463, 183.135772705, 183.460861206, 183.797546387, 184.134231567, 184.470932007, 184.796005249, 185.13269043, 185.457778931, 185.782852173, 186.107940674, 186.433013916, 186.758087158, 187.083175659, 187.408248901, 187.733337402, 188.058410645, 188.383483887, 188.720184326, 189.056869507, 189.405166626, 189.730239868, 190.055328369, 190.380401611, 190.705490112, 191.030563354, 191.355636597, 191.692337036, 192.017410278, 192.342483521, 192.667572021, 192.992645264, 193.317733765, 193.654418945, 193.979492188, 194.304580688, 194.629653931, 194.97795105, 195.303039551, 195.628112793, 195.953201294, 196.278274536, 196.603347778, 196.928436279, 197.253509521, 197.578598022, 197.915283203, 198.251968384, 198.588653564, 198.925354004, 199.262039185, 199.598724365, 199.923812866, 200.248886108, 200.585571289, 200.91065979, 201.247344971, 201.584030151, 201.920715332, 202.257415771, 202.582489014, 202.919174194, 203.244262695, 203.592559814, 203.929244995, 204.265930176, 204.602630615, 204.939315796, 205.264389038, 205.589477539, 205.92616272, 206.2628479, 206.59954834, 206.936233521, 207.261306763, 207.598007202, 207.946304321, 208.329421997, 208.689331055], "bpm_histogram_first_peak_spread": {"mean": 0, "dmean": 0, "var": 0, "min": 0, "dmean2": 0, "median": 0, "dvar": 0, "dvar2": 0, "max": 0}, "bpm_histogram_second_peak_weight": {"mean": 0.368956744671, "dmean": 0, "var": 0, "min": 0.368956744671, "dmean2": 0, "median": 0.368956744671, "dvar": 0, "dvar2": 0, "max": 0.368956744671}, "bpm_histogram_second_peak_spread": {"mean": 0.358407020569, "dmean": 0, "var": 0, "min": 0.358407020569, "dmean2": 0, "median": 0.358407020569, "dvar": 0, "dvar2": 0, "max": 0.358407020569}, "bpm_histogram_first_peak_bpm": {"mean": 185, "dmean": 0, "var": 0, "min": 185, "dmean2": 0, "median": 185, "dvar": 0, "dvar2": 0, "max": 185}, "beats_loudness_band_ratio": {"mean": [0.5479798913, 0.16012968123, 0.107737191021, 0.103701665998, 0.0796573981643, 0.0631579756737], "dmean": [0.267834097147, 0.11614304781, 0.0991819351912, 0.102113068104, 0.0649532079697, 0.0811446160078], "var": [0.0622722171247, 0.0113304685801, 0.0137358931825, 0.0112168667838, 0.00563241913915, 0.00790920294821], "min": [0.0128033049405, 0.000699796364643, 0.000154260138515, 4.58323984276e-06, 4.157051535e-06, 1.09741504275e-05], "dmean2": [0.494750082493, 0.200709655881, 0.181306391954, 0.189432129264, 0.117201901972, 0.154612183571], "median": [0.529352843761, 0.136655002832, 0.0641702488065, 0.073761254549, 0.0632231235504, 0.0383957065642], "dvar": [0.0371255502105, 0.00938085094094, 0.0125387208536, 0.0087379924953, 0.00388757651672, 0.0103918276727], "dvar2": [0.121699973941, 0.0296857431531, 0.0403631404042, 0.0267958268523, 0.0109100416303, 0.0293594989926], "max": [0.997677147388, 0.511021196842, 0.551898419857, 0.591960787773, 0.556937038898, 0.646633565426]}, "danceability": 1.14875102043, "onset_rate": 3.93812727928}, "tonal": {"thpcp": [1, 0.694823145866, 0.308402717113, 0.234464481473, 0.28730994463, 0.429835766554, 0.463365286589, 0.348624676466, 0.292158126831, 0.303600013256, 0.304537534714, 0.327445149422, 0.346332877874, 0.309615314007, 0.427757680416, 0.54866284132, 0.377253472805, 0.228526860476, 0.238236770034, 0.308021992445, 0.560391962528, 0.80304390192, 0.611760556698, 0.297832459211, 0.198291614652, 0.226329982281, 0.35004991293, 0.425389796495, 0.447677195072, 0.572308659554, 0.565455079079, 0.395986586809, 0.363700568676, 0.36764845252, 0.361838519573, 0.682362437248], "chords_key": "G", "tuning_frequency": 440.763122559, "chords_number_rate": 0.00332446815446, "chords_changes_rate": 0.064716309309, "tuning_diatonic_strength": 0.684061169624, "tuning_equal_tempered_deviation": 0.0485647805035, "hpcp": {"mean": [0.149690389633, 0.112623378634, 0.0943818241358, 0.0980781391263, 0.0983810052276, 0.105781316757, 0.11188300699, 0.100021384656, 0.138187333941, 0.177245795727, 0.12187191844, 0.0738257169724, 0.0769625082612, 0.0995066612959, 0.181034907699, 0.259423732758, 0.19762955606, 0.0962149202824, 0.0640582069755, 0.0731160119176, 0.113083802164, 0.137422382832, 0.144622340798, 0.184884592891, 0.182670548558, 0.127923667431, 0.117493651807, 0.118769019842, 0.116892114282, 0.220437526703, 0.323050498962, 0.224462971091, 0.0996296480298, 0.075743868947, 0.0928156226873, 0.138858661056], "dmean": [0.137795493007, 0.115404166281, 0.108780451119, 0.112715780735, 0.111357748508, 0.115368783474, 0.115775384009, 0.110919512808, 0.120752841234, 0.117108553648, 0.112309373915, 0.0938904508948, 0.0997796356678, 0.120273828506, 0.162797346711, 0.185983493924, 0.167583346367, 0.114833109081, 0.0852007120848, 0.0878976210952, 0.111527398229, 0.120986714959, 0.141588464379, 0.190556839108, 0.177189081907, 0.136430308223, 0.127643361688, 0.132045388222, 0.14052580297, 0.192924797535, 0.205384671688, 0.182522490621, 0.125493437052, 0.101032368839, 0.119639851153, 0.145759686828], "var": [0.0588712692261, 0.0387655645609, 0.034582298249, 0.0373571887612, 0.0368976183236, 0.0373203381896, 0.0388920120895, 0.0359100960195, 0.052187204361, 0.0951192826033, 0.0458525232971, 0.0259089097381, 0.0298751126975, 0.0371544659138, 0.0603748634458, 0.0993078052998, 0.0694496408105, 0.0309022571892, 0.0236524306238, 0.0256098732352, 0.0448390692472, 0.061108738184, 0.0546503067017, 0.0798218250275, 0.0751569569111, 0.0493836551905, 0.0476810000837, 0.0478591024876, 0.0397455208004, 0.0721623972058, 0.138646960258, 0.0786613896489, 0.0338133275509, 0.0270713232458, 0.0364223048091, 0.0567077919841], "min": [0, 0, 0, 0, 0, 0, 0, 0, 0, 0, 0, 0, 0, 0, 0, 0, 0, 0, 0, 0, 0, 0, 0, 0, 0, 0, 0, 0, 0, 0, 0, 0, 0, 0, 0, 0], "dmean2": [0.241154313087, 0.207024767995, 0.197176516056, 0.201863363385, 0.199303627014, 0.207654878497, 0.205680251122, 0.199153959751, 0.217732980847, 0.209398046136, 0.202595487237, 0.171176731586, 0.183531522751, 0.218062475324, 0.281565010548, 0.312189340591, 0.283498942852, 0.207540109754, 0.157505333424, 0.158026129007, 0.194857180119, 0.212111026049, 0.25063341856, 0.338659375906, 0.308558374643, 0.242819532752, 0.230147957802, 0.24011054635, 0.254745393991, 0.339554339647, 0.351703494787, 0.316484332085, 0.229622870684, 0.185572057962, 0.218383923173, 0.258395344019], "median": [0.0427414700389, 0.031062297523, 0.0200336314738, 0.0194087773561, 0.0210864841938, 0.028516702354, 0.0307275112718, 0.0269054993987, 0.0284777041525, 0.0294833779335, 0.0245341714472, 0.0149905048311, 0.0137904258445, 0.0244582798332, 0.0722122788429, 0.112182036042, 0.0778739899397, 0.0276780128479, 0.0115813575685, 0.0112533606589, 0.0204276051372, 0.0268344506621, 0.0362912714481, 0.0474391877651, 0.0453657060862, 0.0297989398241, 0.0255269743502, 0.0220485143363, 0.0310100372881, 0.0945456176996, 0.133975744247, 0.0868505686522, 0.0237457863986, 0.0130401439965, 0.0146674914286, 0.0297036189586], "dvar": [0.044226244092, 0.036705635488, 0.0372022390366, 0.0404663421214, 0.0394436717033, 0.0420344173908, 0.0405019186437, 0.0419857725501, 0.0412986129522, 0.0467863976955, 0.040580637753, 0.0347170308232, 0.03986408934, 0.0452098064125, 0.0490646362305, 0.0611829198897, 0.051348593086, 0.039095133543, 0.0334258042276, 0.0308328345418, 0.0412637703121, 0.0441613309085, 0.0465256981552, 0.0704282075167, 0.0616196393967, 0.0492835529149, 0.0484968200326, 0.0514968968928, 0.0486648455262, 0.0611241906881, 0.0740636661649, 0.0550581887364, 0.0415679141879, 0.0360879600048, 0.0452958866954, 0.0521052889526], "dvar2": [0.115606121719, 0.100276753306, 0.101886659861, 0.110173068941, 0.106778457761, 0.11512555182, 0.110316976905, 0.116245761514, 0.114549823105, 0.12394297123, 0.112295925617, 0.0966373234987, 0.10887311399, 0.125138044357, 0.131319075823, 0.135262235999, 0.125038847327, 0.110896669328, 0.0942839756608, 0.0843947082758, 0.107084952295, 0.11368046701, 0.123304836452, 0.180335700512, 0.152216896415, 0.13211786747, 0.131254732609, 0.138549715281, 0.134189382195, 0.158276051283, 0.158710956573, 0.141139447689, 0.114816576242, 0.100853383541, 0.123171396554, 0.136204302311], "max": [1, 1, 1, 1, 1, 1, 1, 1, 1, 1, 1, 1, 1, 1, 1, 1, 1, 1, 1, 1, 1, 1, 1, 1, 1, 1, 1, 1, 1, 1, 1, 1, 1, 1, 1, 1]}, "tuning_nontempered_energy_ratio": 0.780094981194, "key_scale": "major", "chords_strength": {"mean": 0.529286026955, "dmean": 0.0123540945351, "var": 0.0088624432683, "min": 0.25795891881, "dmean2": 0.012925516814, "median": 0.528044819832, "dvar": 0.000103007638245, "dvar2": 0.000129367399495, "max": 0.789794266224}, "key_key": "C", "chords_histogram": [10.1507091522, 2.37145400047, 32.6462783813, 3.14716315269, 5.87322711945, 1.1303191185, 5.16400718689, 4.74290800095, 0.953014194965, 0, 0, 0, 0.443262398243, 0.576241135597, 0, 1.32978725433, 0, 1.37411344051, 0, 13.0540781021, 1.68439722061, 9.68528366089, 2.94769501686, 2.72606372833], "chords_scale": "major", "key_strength": 0.740518271923, "hpcp_entropy": {"mean": 2.17052483559, "dmean": 0.673957705498, "var": 0.63122010231, "min": 0, "dmean2": 1.12622070312, "median": 2.14254140854, "dvar": 0.313814461231, "dvar2": 0.843846678734, "max": 4.50006580353}}, "metadata": {"audio_properties": {"sample_rate": 44100, "length": 209.475921631, "analysis_sample_rate": 44100, "codec": "mp3", "lossless": false, "md5_encoded": "1339e23907888d3514720784769b8166", "bit_rate": 256032, "replay_gain": -13.0479297638, "equal_loudness": 0, "downmix": "mix"}, "version": {"extractor": "music 1.0", "essentia_build_sha": "70f2e5ece6736b2c40cc944ad0e695b16b925413", "essentia_git_sha": "v2.1_beta2", "essentia": "2.1-beta2"}, "tags": {"discnumber": ["1"], "length": ["209"], "date": ["2008"], "title": ["Let Us Go"], "file_name": "2204960.mp3", "genre": ["Rock"], "artist": ["Tea Leaf Green"], "album": ["Keeping The Faith"], "musicbrainz_recordingid": ["37d627bc-faac-4919-a174-ca7d0eca3237"], "tracknumber": ["1"]}}, "lowlevel": {"erbbands_flatness_db": {"mean": 0.150746181607, "dmean": 0.0226408615708, "var": 0.00278216856532, "min": 0.0168801117688, "dmean2": 0.0316535532475, "median": 0.14414729178, "dvar": 0.000612281146459, "dvar2": 0.00117023847997, "max": 0.476442784071}, "silence_rate_60dB": {"mean": 0.111049540341, "dmean": 0.0266016405076, "var": 0.098714210093, "min": 0, "dmean2": 0.0532091781497, "median": 0, "dvar": 0.0258895326406, "dvar2": 0.0554835312068, "max": 1}, "spectral_complexity": {"mean": 17.2938041687, "dmean": 3.69674134254, "var": 121.346351624, "min": 0, "dmean2": 5.70712804794, "median": 17, "dvar": 22.4788856506, "dvar2": 49.3571891785, "max": 58}, "hfc": {"mean": 22.4850139618, "dmean": 7.55345630646, "var": 694.806335449, "min": 1.19386064602e-16, "dmean2": 10.799654007, "median": 15.9981327057, "dvar": 192.047988892, "dvar2": 397.553344727, "max": 362.563568115}, "melbands_crest": {"mean": 14.4806852341, "dmean": 3.32543540001, "var": 30.0154266357, "min": 1.6508975029, "dmean2": 5.39618730545, "median": 13.7921638489, "dvar": 10.0848073959, "dvar2": 24.7720241547, "max": 38.5454063416}, "spectral_strongpeak": {"mean": 0.812519550323, "dmean": 0.498684197664, "var": 1.91385865211, "min": 0, "dmean2": 0.854578912258, "median": 0.380714565516, "dvar": 1.05561673641, "dvar2": 2.51203393936, "max": 13.1381168365}, "erbbands_spread": {"mean": 40.0382423401, "dmean": 10.4308586121, "var": 472.8097229, "min": 1.17034721375, "dmean2": 16.2900791168, "median": 37.2013435364, "dvar": 186.859832764, "dvar2": 447.993621826, "max": 178.499053955}, "melbands_spread": {"mean": 25.7296352386, "dmean": 8.75541400909, "var": 614.716308594, "min": 0.20893740654, "dmean2": 13.4546937943, "median": 20.7932739258, "dvar": 218.896820068, "dvar2": 455.717773438, "max": 280.401153564}, "barkbands_flatness_db": {"mean": 0.145088300109, "dmean": 0.0271336250007, "var": 0.00694474112242, "min": 0.0231195185333, "dmean2": 0.0398817546666, "median": 0.125386551023, "dvar": 0.000902794068679, "dvar2": 0.00180865509901, "max": 0.675876796246}, "melbands_skewness": {"mean": 3.10151433945, "dmean": 1.06252503395, "var": 6.12348461151, "min": -2.40179610252, "dmean2": 1.62046098709, "median": 2.50450158119, "dvar": 2.13890004158, "dvar2": 4.83097219467, "max": 32.3758773804}, "spectral_rms": {"mean": 0.00480644358322, "dmean": 0.000981202814728, "var": 5.41015879207e-06, "min": 3.22413168212e-12, "dmean2": 0.00144796993118, "median": 0.00492060417309, "dvar": 1.47530931827e-06, "dvar2": 3.23755830323e-06, "max": 0.0129560753703}, "spectral_contrast_valleys": {"mean": [-7.30936479568, -7.3810095787, -7.84832525253, -8.07622051239, -7.832508564, -10.325553894], "dmean": [0.470696032047, 0.465179085732, 0.405974209309, 0.382104635239, 0.340728610754, 0.429456442595], "var": [1.81877803802, 2.21156811714, 2.44877886772, 2.64765691757, 2.59158468246, 2.32885456085], "min": [-27.8271350861, -27.3448410034, -27.1589050293, -27.3057384491, -27.0794086456, -27.1867618561], "dmean2": [0.738338649273, 0.733992338181, 0.627901017666, 0.581155776978, 0.502286732197, 0.545214951038], "median": [-6.93937206268, -7.06398153305, -7.50480794907, -7.68191289902, -7.43699073792, -9.99413490295], "dvar": [0.207220539451, 0.238112583756, 0.190831393003, 0.183023110032, 0.17836342752, 0.264189302921], "dvar2": [0.436177223921, 0.518320858479, 0.391517907381, 0.359241187572, 0.348903000355, 0.476910144091], "max": [-5.10454082489, -4.4619383812, -4.98991441727, -5.6508731842, -5.54204273224, -7.02789020538]}, "erbbands_crest": {"mean": 9.40420532227, "dmean": 2.70244574547, "var": 21.8962554932, "min": 2.31222748756, "dmean2": 4.34378528595, "median": 8.32497692108, "dvar": 7.34747076035, "dvar2": 17.6853275299, "max": 34.1246757507}, "spectral_energyband_middle_low": {"mean": 0.0106033310294, "dmean": 0.0048018284142, "var": 0.000114588001452, "min": 2.66693147102e-22, "dmean2": 0.00787668582052, "median": 0.00833824370056, "dvar": 8.47951887408e-05, "dvar2": 0.000236325533479, "max": 0.107823558152}, "spectral_entropy": {"mean": 7.51943826675, "dmean": 0.207437887788, "var": 0.399430245161, "min": 3.86905360222, "dmean2": 0.29636156559, "median": 7.62252759933, "dvar": 0.0728680789471, "dvar2": 0.139812678099, "max": 9.80294132233}, "barkbands_skewness": {"mean": 1.77825784683, "dmean": 0.811418652534, "var": 4.51240062714, "min": -5.12509059906, "dmean2": 1.2103703022, "median": 1.385612607, "dvar": 1.74077069759, "dvar2": 3.65381860733, "max": 33.7410507202}, "melbands": {"mean": [0.00194978911895, 0.00246995757334, 0.00122789025772, 0.000818162574433, 0.000337952369591, 0.000304447719827, 0.000239127126406, 0.000193511950783, 0.000235522442381, 0.000127774168504, 8.36990875541e-05, 0.000100968129118, 9.02341489564e-05, 8.76568592503e-05, 5.76447528147e-05, 8.16202591523e-05, 8.87087444426e-05, 7.79645197326e-05, 3.83900041925e-05, 3.3031541534e-05, 2.8115877285e-05, 2.35405113926e-05, 2.62962548732e-05, 2.1607047529e-05, 1.18155967357e-05, 9.33890532906e-06, 9.03314412426e-06, 8.21512821858e-06, 6.57312193653e-06, 7.07572871761e-06, 5.72061708226e-06, 4.40415806224e-06, 3.90595005229e-06, 3.00536021314e-06, 2.64908794634e-06, 2.44635793933e-06, 2.26943438975e-06, 2.07999391932e-06, 1.38695168062e-06, 8.49756474963e-07], "dmean": [0.00166552292649, 0.0014737903839, 0.000779999303631, 0.00055335171055, 0.000215043022763, 0.00020270908135, 0.000158364811796, 0.000124497120851, 0.000132347820909, 6.76472263876e-05, 4.64806325908e-05, 5.21067777299e-05, 5.18766137247e-05, 4.87717225042e-05, 3.07681002596e-05, 4.26393125963e-05, 4.75647029816e-05, 4.3135285523e-05, 2.16589942283e-05, 1.87524910871e-05, 1.68379283423e-05, 1.28750480144e-05, 1.35724021675e-05, 1.06904499262e-05, 6.27106328466e-06, 5.57122757527e-06, 4.97927521792e-06, 4.88513705932e-06, 4.08535470342e-06, 4.05522769142e-06, 3.47121658706e-06, 2.83415806734e-06, 2.58366094386e-06, 1.78610821422e-06, 1.49394634263e-06, 1.52077257098e-06, 1.4237148207e-06, 1.37414110668e-06, 9.35821447001e-07, 6.22230231784e-07], "var": [1.24290854728e-05, 9.70100154518e-06, 2.09314634958e-06, 1.30231080675e-06, 2.7966405014e-07, 2.72085799224e-07, 2.17643446376e-07, 1.41292446187e-07, 2.80050329593e-07, 8.73147598668e-08, 3.63322243402e-08, 7.66392531659e-08, 3.55346898573e-08, 2.3253383219e-08, 1.76492385151e-08, 4.56264857007e-08, 3.52823938954e-08, 4.87427200824e-08, 6.962913357e-09, 5.98096638882e-09, 4.61407267949e-09, 1.92987537062e-09, 2.25646612506e-09, 1.38236011527e-09, 2.75259592897e-10, 3.10292402883e-10, 1.9477294777e-10, 3.27755267371e-10, 2.22758769763e-10, 2.78475936755e-10, 2.63072980067e-10, 2.13083328759e-10, 2.24270255145e-10, 1.0781257137e-10, 9.88960788262e-11, 1.20315493679e-10, 1.16261035521e-10, 9.38652280902e-11, 3.70250323456e-11, 1.03046755157e-11], "min": [1.28949191497e-23, 9.02200969095e-24, 6.15907529929e-24, 9.15892202308e-24, 7.85618686901e-24, 7.46645013878e-24, 5.11734148103e-24, 1.07539498641e-23, 4.44054300056e-24, 9.30278343092e-24, 1.70313507493e-23, 1.28863939299e-23, 8.326538084e-24, 8.17412305736e-24, 1.8678891483e-23, 6.05419269207e-24, 9.60634026269e-24, 9.53230014471e-24, 1.07742172784e-23, 7.88315013475e-24, 1.05316362392e-23, 1.16317698247e-23, 5.86781917562e-24, 7.71846437673e-24, 6.34253081926e-24, 7.49201633186e-24, 7.36672470973e-24, 1.60327348848e-23, 1.28585850053e-23, 1.33001017764e-23, 9.41604965741e-24, 9.10561632513e-24, 9.52545125433e-24, 1.45050457884e-23, 7.5235336916e-24, 8.07683047533e-24, 8.05303527499e-24, 8.20028405156e-24, 8.89294415825e-24, 1.41690778175e-23], "dmean2": [0.00271393056028, 0.00236414698884, 0.00132544816006, 0.000937313947361, 0.000358921912266, 0.000330391048919, 0.000257614883594, 0.000196145672817, 0.000193508210941, 9.92684072116e-05, 6.96155257174e-05, 7.94233565102e-05, 8.11624413473e-05, 7.5276431744e-05, 4.74429944006e-05, 6.44628307782e-05, 7.33129054424e-05, 6.50530782877e-05, 3.2369283872e-05, 2.85883397737e-05, 2.62858466158e-05, 2.01843886316e-05, 2.11809892789e-05, 1.66321206052e-05, 9.99292660708e-06, 9.0054318207e-06, 8.15060229797e-06, 8.0159643403e-06, 6.72930764267e-06, 6.34014986645e-06, 5.55188671569e-06, 4.46003514298e-06, 4.05080891142e-06, 2.74230615105e-06, 2.25638950724e-06, 2.27874079428e-06, 2.16628814087e-06, 2.05612332138e-06, 1.4323591131e-06, 9.62278249972e-07], "median": [0.000975483329967, 0.00183417310473, 0.0009301250102, 0.000462548690848, 0.000180118280696, 0.000102407459053, 7.05003694748e-05, 5.1366740081e-05, 3.3021926356e-05, 2.69177126029e-05, 2.13302701013e-05, 1.87372916116e-05, 2.26274114539e-05, 2.88682313112e-05, 2.07603934541e-05, 1.43967499753e-05, 1.85765020433e-05, 1.83371812454e-05, 1.17765575851e-05, 8.68148345035e-06, 8.22595393402e-06, 9.27616565605e-06, 9.11733332032e-06, 9.04023272597e-06, 6.46470425636e-06, 3.94593052988e-06, 3.95272945752e-06, 3.09814572574e-06, 2.43942781708e-06, 2.30803902923e-06, 1.41532723319e-06, 7.83125074122e-07, 7.32298758521e-07, 6.60247621909e-07, 4.84552458602e-07, 3.93570587676e-07, 3.99021047315e-07, 3.75782178708e-07, 2.79169171336e-07, 1.84975462503e-07], "dvar": [1.36862563522e-05, 7.28513759896e-06, 1.92872334992e-06, 1.31677484205e-06, 2.35957784867e-07, 2.27539544539e-07, 1.42563536087e-07, 8.18766778821e-08, 1.07954413409e-07, 3.0957330921e-08, 1.45227581072e-08, 2.41239987986e-08, 1.46167584703e-08, 8.74470096335e-09, 5.43164890843e-09, 1.46930538847e-08, 1.18077965183e-08, 1.39922455844e-08, 2.33276442607e-09, 2.18280771236e-09, 2.00682803708e-09, 7.34292737725e-10, 8.8317136937e-10, 4.49932785473e-10, 1.32559171973e-10, 1.49182527442e-10, 9.16119888283e-11, 1.3580889191e-10, 1.14707299215e-10, 1.11043688134e-10, 1.30148447575e-10, 8.5505366676e-11, 1.0322175753e-10, 4.5147899308e-11, 3.25737006812e-11, 4.58274009019e-11, 4.86871515326e-11, 5.22442332451e-11, 2.06005195541e-11, 5.38982443746e-12], "dvar2": [3.44380059687e-05, 1.74176857399e-05, 5.25019868292e-06, 3.72596059606e-06, 6.60233524741e-07, 6.22063623723e-07, 3.629454568e-07, 2.0258862321e-07, 2.30791641798e-07, 6.56804672872e-08, 3.17423456409e-08, 5.30326786929e-08, 3.48725848198e-08, 1.97006748692e-08, 1.19547154398e-08, 2.99888149868e-08, 2.51765275294e-08, 2.99797768832e-08, 4.60762494825e-09, 4.65241667413e-09, 4.77092054751e-09, 1.67757063796e-09, 1.99133576295e-09, 9.75473146703e-10, 3.21309145956e-10, 3.64220958948e-10, 2.35339608912e-10, 3.17116749526e-10, 2.76574929625e-10, 2.52763560082e-10, 3.12468051433e-10, 1.81230447316e-10, 2.36484387628e-10, 1.04602583539e-10, 6.80082726245e-11, 9.98794796869e-11, 1.01803558639e-10, 1.14250824079e-10, 4.57794704922e-11, 1.11372022715e-11], "max": [0.0369666665792, 0.0278622359037, 0.0215074773878, 0.0150619661435, 0.00771321728826, 0.00864770077169, 0.00629935180768, 0.00652159983292, 0.00701831141487, 0.00380626809783, 0.00348706357181, 0.00469583459198, 0.00284943031147, 0.00247792876326, 0.00404486106709, 0.00362430978566, 0.00218498636968, 0.00359203643166, 0.00115188490599, 0.00148854812142, 0.00177929911297, 0.000744638266042, 0.00064803235, 0.000559087609872, 0.000312983785989, 0.000377987395041, 0.000191064173123, 0.000405743601732, 0.000436657603132, 0.000302166503388, 0.000469678023364, 0.000311667477945, 0.000424179452239, 0.000189459082321, 0.000219809371629, 0.000301630585454, 0.000300379382679, 0.000304900575429, 0.000187725003343, 0.000113595007861]}, "melbands_kurtosis": {"mean": 23.6913452148, "dmean": 15.4133453369, "var": 3176.84545898, "min": -1.93995547295, "dmean2": 23.8660907745, "median": 7.78984832764, "dvar": 1784.09887695, "dvar2": 4093.84863281, "max": 1354.19445801}, "spectral_rolloff": {"mean": 1597.17333984, "dmean": 572.101257324, "var": 4167089.25, "min": 43.06640625, "dmean2": 940.267822266, "median": 1184.32617188, "dvar": 1627932, "dvar2": 3437339.25, "max": 19896.6796875}, "zerocrossingrate": {"mean": 0.0635640695691, "dmean": 0.013174880296, "var": 0.00284871156327, "min": 0.00146484375, "dmean2": 0.0152306836098, "median": 0.05419921875, "dvar": 0.000349152775016, "dvar2": 0.00040197558701, "max": 0.68359375}, "spectral_kurtosis": {"mean": 5.32816457748, "dmean": 2.07344579697, "var": 47.9295272827, "min": -1.20017647743, "dmean2": 3.20548844337, "median": 4.04144716263, "dvar": 20.5734233856, "dvar2": 39.8194198608, "max": 141.82951355}, "gfcc": {"mean": [-26.128080368, 86.1398696899, -102.316947937, 39.3283309937, -42.8100624084, 15.4271306992, -33.7717399597, 6.62210559845, -24.9420566559, 3.34161949158, -14.9102973938, -0.70591956377, -12.986243248], "icov": [[7.82592105679e-05, -3.53336363332e-05, 0.00014702147746, -4.83500480186e-05, 4.33213317592e-05, -8.79606741364e-05, 0.000111296460091, -8.20369386929e-05, 0.000149251805851, -0.000210149533814, 0.000239777175011, -0.000209048841498, 0.00027658502222], [-3.53336363332e-05, 0.000996222137474, -3.67963511962e-05, 0.000382790138246, -0.000460235460196, 0.00053523760289, -0.000221676469664, -9.0129160526e-06, -0.000115719172754, 0.00119487335905, -0.00140991189983, 0.0017131078057, -0.000882345892023], [0.00014702147746, -3.67963511962e-05, 0.000923350919038, -0.000314496166538, -7.88866600487e-06, -0.000147701590322, -0.000154494293383, -0.000233741375268, 0.000245236704359, -0.000394317059545, 0.000857823819388, -0.000605826848187, 0.000722795957699], [-4.83500480186e-05, 0.000382790138246, -0.000314496166538, 0.00216658855788, -0.000191997067304, -0.000289589399472, 9.85447550192e-05, 0.000208747384022, -0.000697328767274, 0.00124003435485, -0.000964867183939, 0.00153138232417, -0.00122531049419], [4.33213317592e-05, -0.000460235460196, -7.88866600487e-06, -0.000191997067304, 0.00241983006708, -0.000739812618122, -0.000674961309414, 0.000567019276787, -0.00143913226202, -0.000278585444903, 0.00102991121821, -0.00134483759757, 0.000467256264528], [-8.79606741364e-05, 0.00053523760289, -0.000147701590322, -0.000289589399472, -0.000739812618122, 0.00533145759255, -0.00236265477724, 0.000517640437465, 0.0013906750828, -0.00127293390688, -0.000609607843217, 0.00121259782463, -0.00126455840655], [0.000111296460091, -0.000221676469664, -0.000154494293383, 9.85447550192e-05, -0.000674961309414, -0.00236265477724, 0.00714002829045, -0.00133276043925, 0.000500545313116, 0.00164566887543, -0.00281703402288, 0.000496370601468, 0.000585242232773], [-8.20369386929e-05, -9.0129160526e-06, -0.000233741375268, 0.000208747384022, 0.000567019276787, 0.000517640437465, -0.00133276043925, 0.00808704830706, -0.00361791159958, -0.000128996543936, 0.00254792976193, -0.0025473148562, 0.00139868631959], [0.000149251805851, -0.000115719172754, 0.000245236704359, -0.000697328767274, -0.00143913226202, 0.0013906750828, 0.000500545313116, -0.00361791159958, 0.010705829598, -0.00389370485209, -0.000317430560244, 0.00236350228079, -0.00273073976859], [-0.000210149533814, 0.00119487335905, -0.000394317059545, 0.00124003435485, -0.000278585444903, -0.00127293390688, 0.00164566887543, -0.000128996543936, -0.00389370485209, 0.012854102999, -0.00555208791047, 0.00208558444865, 0.00165614648722], [0.000239777175011, -0.00140991189983, 0.000857823819388, -0.000964867183939, 0.00102991121821, -0.000609607843217, -0.00281703402288, 0.00254792976193, -0.000317430560244, -0.00555208791047, 0.0159818381071, -0.00568257458508, 0.00187719915994], [-0.000209048841498, 0.0017131078057, -0.000605826848187, 0.00153138232417, -0.00134483759757, 0.00121259782463, 0.000496370601468, -0.0025473148562, 0.00236350228079, 0.00208558444865, -0.00568257458508, 0.0149077922106, -0.00455116806552], [0.00027658502222, -0.000882345892023, 0.000722795957699, -0.00122531049419, 0.000467256264528, -0.00126455840655, 0.000585242232773, 0.00139868631959, -0.00273073976859, 0.00165614648722, 0.00187719915994, -0.00455116806552, 0.0163598190993]], "cov": [[23028.5566406, -747.788879395, -3237.68774414, -516.280090332, -747.666931152, -7.89425325394, -587.916870117, 118.050788879, -329.750488281, 306.748352051, -149.705795288, 158.332778931, -318.469726562], [-747.788879395, 1749.30566406, -129.495819092, -78.4209442139, 248.54486084, -98.2783737183, 104.259567261, -58.1612434387, 51.1587295532, -128.327453613, 77.2659225464, -131.177032471, 69.5561599731], [-3237.68774414, -129.495819092, 1737.46142578, 203.797790527, 129.664031982, 60.5124130249, 109.45287323, 44.4043884277, 22.4834918976, -23.834980011, -40.3443946838, 12.3527507782, -6.25208902359], [-516.280090332, -78.4209442139, 203.797790527, 595.739196777, 61.4148826599, 62.6365394592, 29.4913024902, -22.6536026001, 39.3238334656, -34.6285972595, 1.42149329185, -43.6202011108, 41.8550415039], [-747.666931152, 248.54486084, 129.664031982, 61.4148826599, 568.696472168, 78.0802612305, 97.8549346924, -6.60025405884, 78.5659637451, -3.98758721352, 12.0579957962, 0.521257698536, 24.051908493], [-7.89425325394, -98.2783737183, 60.5124130249, 62.6365394592, 78.0802612305, 276.599761963, 97.1687545776, -28.6611270905, -26.273235321, 24.2669219971, 24.8952121735, -4.92747306824, 3.90583515167], [-587.916870117, 104.259567261, 109.45287323, 29.4913024902, 97.8549346924, 97.1687545776, 216.544006348, 2.36925530434, -3.10571432114, -18.0822048187, 40.5145645142, -4.6761674881, 5.06506538391], [118.050788879, -58.1612434387, 44.4043884277, -22.6536026001, -6.60025405884, -28.6611270905, 2.36925530434, 168.40045166, 51.6542510986, 12.4364957809, -23.826499939, 21.0360736847, -9.35124111176], [-329.750488281, 51.1587295532, 22.4834918976, 39.3238334656, 78.5659637451, -26.273235321, -3.10571432114, 51.6542510986, 153.667175293, 34.8795890808, 2.30920219421, -18.1886615753, 18.499994278], [306.748352051, -128.327453613, -23.834980011, -34.6285972595, -3.98758721352, 24.2669219971, -18.0822048187, 12.4364957809, 34.8795890808, 126.90284729, 27.5349578857, 2.67432904243, -21.514673233], [-149.705795288, 77.2659225464, -40.3443946838, 1.42149329185, 12.0579957962, 24.8952121735, 40.5145645142, -23.826499939, 2.30920219421, 27.5349578857, 99.8308944702, 15.0449390411, 1.08313536644], [158.332778931, -131.177032471, 12.3527507782, -43.6202011108, 0.521257698536, -4.92747306824, -4.6761674881, 21.0360736847, -18.1886615753, 2.67432904243, 15.0449390411, 104.365692139, 8.40915393829], [-318.469726562, 69.5561599731, -6.25208902359, 41.8550415039, 24.051908493, 3.90583515167, 5.06506538391, -9.35124111176, 18.499994278, -21.514673233, 1.08313536644, 8.40915393829, 81.3862991333]]}, "barkbands_spread": {"mean": 24.5271148682, "dmean": 6.8825006485, "var": 281.152038574, "min": 0.110983155668, "dmean2": 10.6622400284, "median": 22.7224006653, "dvar": 92.1080322266, "dvar2": 200.133529663, "max": 159.148086548}, "dissonance": {"mean": 0.462747484446, "dmean": 0.0177337583154, "var": 0.00124888063874, "min": 0.158518105745, "dmean2": 0.0289310254157, "median": 0.471848845482, "dvar": 0.000372000038624, "dvar2": 0.000908026588149, "max": 0.500000178814}, "dynamic_complexity": 4.45949840546, "spectral_decrease": {"mean": -7.20290271872e-09, "dmean": 2.94012081348e-09, "var": 3.64799818851e-17, "min": -4.42163319292e-08, "dmean2": 4.50413750741e-09, "median": -6.15727868691e-09, "dvar": 1.930746256e-17, "dvar2": 4.53329220956e-17, "max": 3.62691699429e-17}, "erbbands": {"mean": [0.185301929712, 1.87946259975, 4.46023273468, 5.97322225571, 11.997803688, 9.02966022491, 10.0416240692, 13.4043273926, 15.0051307678, 17.436876297, 29.8706912994, 22.0740413666, 17.4259681702, 25.4985866547, 26.5390110016, 31.9239959717, 29.5517501831, 48.7846755981, 48.4359588623, 24.6581535339, 24.2101631165, 23.2679042816, 26.8269672394, 15.9486589432, 12.9343109131, 12.5966711044, 11.0449934006, 10.5199451447, 7.81877756119, 5.82017660141, 4.59433698654, 3.78567886353, 2.73367571831, 1.16858625412, 0.490134418011, 0.252819001675, 0.0947071611881, 0.0287109967321, 0.00320517783985, 0.000126821207232], "dmean": [0.176096051931, 1.40561890602, 2.86575102806, 3.85037779808, 8.34969806671, 5.94444799423, 6.64929485321, 9.05784416199, 10.0434951782, 11.5063304901, 16.5975875854, 11.3435974121, 9.04996204376, 12.6869497299, 14.416226387, 17.2524719238, 14.2241506577, 24.5323085785, 25.7164134979, 12.4150314331, 13.043088913, 11.4443750381, 12.5738353729, 7.51770067215, 6.85886526108, 6.87158870697, 6.19131231308, 5.98222017288, 4.84943056107, 3.38103461266, 2.52359127998, 2.28367972374, 1.74311900139, 0.795897781849, 0.346102923155, 0.178156211972, 0.0756770148873, 0.0265643913299, 0.00350811402313, 0.000111622546683], "var": [0.142076149583, 8.49171447754, 35.0203857422, 55.3507995605, 317.753845215, 167.82901001, 280.841278076, 544.550720215, 893.717041016, 1162.12194824, 4728.67626953, 2402.39599609, 1389.31677246, 4357.68603516, 2469.68359375, 3420.26464844, 4184.20410156, 10100.0693359, 17809.2324219, 2145.50292969, 2604.16210938, 1607.40771484, 2017.16564941, 440.567810059, 406.60269165, 550.263549805, 559.91003418, 768.002685547, 696.739013672, 405.670898438, 307.248809814, 306.78805542, 152.555358887, 20.4901046753, 1.97827553749, 0.568166553974, 0.0606727004051, 0.00728756235912, 0.000182504896657, 1.88468661122e-07], "min": [1.91797980892e-21, 5.48572813262e-21, 2.06039963088e-20, 2.70117331525e-20, 8.81516232911e-20, 1.532960321e-19, 2.25337569791e-19, 3.7605065288e-19, 2.51903871031e-19, 1.13577957202e-18, 5.14756149553e-19, 1.41028090586e-18, 3.31319398181e-18, 3.07665982449e-18, 2.33912077492e-18, 5.17797651306e-18, 4.9687846041e-18, 4.69592667134e-18, 6.21938366938e-18, 6.05390660143e-18, 8.56218870675e-18, 1.02418889556e-17, 7.28610627475e-18, 8.52711873032e-18, 9.37174623635e-18, 2.18691333836e-17, 2.32909129271e-17, 1.63801597077e-17, 1.48763618976e-17, 2.34935324725e-17, 1.36159694275e-17, 1.41959247801e-17, 1.22257890105e-17, 1.48257549878e-17, 1.09215476961e-17, 6.37706373287e-18, 3.21945125735e-18, 1.50559082738e-18, 3.38986188897e-19, 3.57286125308e-20], "dmean2": [0.293534636497, 2.24281835556, 4.78161048889, 6.54589223862, 14.2400865555, 9.93197441101, 11.1715307236, 14.7703790665, 16.3266868591, 18.5962543488, 24.3615894318, 16.5747127533, 13.5945529938, 19.2250461578, 22.636302948, 26.6126327515, 21.2476234436, 37.6263504028, 38.4969100952, 19.1300773621, 20.0145797729, 17.6917228699, 19.3292617798, 11.8323993683, 11.0634622574, 11.2262620926, 9.97288227081, 9.44184684753, 7.49920511246, 5.12816572189, 3.75195860863, 3.43734908104, 2.57013463974, 1.1969319582, 0.514172196388, 0.260667294264, 0.111636348069, 0.0405109450221, 0.00564818968996, 0.000180224917131], "median": [0.0692226365209, 1.20580554008, 2.70064711571, 3.48305368423, 6.14264011383, 5.34030485153, 5.01196098328, 4.27932167053, 4.61597537994, 5.09245681763, 4.60715007782, 4.79614496231, 4.91043043137, 5.57133054733, 8.18493938446, 11.3316345215, 8.05814647675, 11.672791481, 12.4953670502, 8.82303237915, 7.64011144638, 9.56219577789, 11.1078996658, 9.1276884079, 6.05820465088, 5.3385682106, 4.1781578064, 3.04110169411, 1.51016914845, 1.29341614246, 0.853196799755, 0.686002790928, 0.532686173916, 0.257926911116, 0.120704218745, 0.0521413348615, 0.0136887459084, 0.00229106936604, 9.64368955465e-05, 4.00539393013e-05], "dvar": [0.16512529552, 8.35838890076, 31.3311862946, 47.5566825867, 334.175628662, 143.048965454, 244.397720337, 463.736450195, 605.963623047, 718.20489502, 1731.59802246, 860.416381836, 532.255249023, 1307.55053711, 1064.53930664, 1303.87866211, 1162.89709473, 3174.18481445, 4870.17431641, 639.352905273, 1011.79193115, 537.407897949, 650.394775391, 175.639343262, 185.698623657, 218.317489624, 235.60774231, 339.729980469, 264.262390137, 156.969497681, 95.8380203247, 119.083183289, 81.9999542236, 9.66189861298, 0.967521429062, 0.283267647028, 0.0420987978578, 0.00635374477133, 0.000174694840098, 1.85494144489e-07], "dvar2": [0.418997257948, 20.722984314, 84.3364715576, 129.673782349, 936.66619873, 399.502166748, 682.42956543, 1268.24401855, 1538.31030273, 1810.39819336, 3676.8034668, 1848.30871582, 1167.27954102, 2851.26928711, 2574.17480469, 2852.41821289, 2396.85083008, 6765.92041016, 10118.8486328, 1346.79699707, 2303.38110352, 1185.6817627, 1414.97509766, 420.146148682, 459.233612061, 522.514892578, 546.709960938, 792.981933594, 546.435974121, 343.324493408, 193.318527222, 247.550735474, 177.227661133, 19.2332229614, 2.04864549637, 0.603156685829, 0.0921310931444, 0.0144327478483, 0.000397885945858, 4.30602284496e-07], "max": [4.07728052139, 27.511423111, 67.7199020386, 81.6093597412, 310.92477417, 188.721115112, 265.441680908, 358.848724365, 447.376464844, 488.796447754, 895.920715332, 680.87109375, 677.517028809, 1083.81848145, 593.515563965, 1047.34985352, 1008.88330078, 1311.95153809, 1958.06359863, 950.242858887, 1086.99682617, 578.861755371, 774.575378418, 302.106079102, 332.295013428, 461.242858887, 567.795837402, 737.203063965, 572.385498047, 439.901397705, 359.29437255