{"lowlevel": {"spectral_strongpeak": {"max": 8.10253715515, "dmean": 0.244752824306, "dvar2": 0.517342567444, "dmean2": 0.421706289053, "var": 0.204916238785, "median": 0.321994692087, "min": 0, "dvar": 0.190613657236, "mean": 0.410782814026}, "barkbands_flatness_db": {"max": 0.478087812662, "dmean": 0.0259356740862, "dvar2": 0.00152062508278, "dmean2": 0.0404953584075, "var": 0.00237100804225, "median": 0.0905434787273, "min": 0.0172046516091, "dvar": 0.000686820305418, "mean": 0.0986694395542}, "barkbands_skewness": {"max": 15.5816278458, "dmean": 0.734363794327, "dvar2": 1.51221179962, "dmean2": 1.12064826488, "var": 1.95228910446, "median": 1.01800215244, "min": -3.54978132248, "dvar": 0.725578129292, "mean": 1.2397377491}, "spectral_energyband_middle_high": {"max": 0.0317790992558, "dmean": 0.00220981473103, "dvar2": 1.47686032506e-05, "dmean2": 0.00344794313423, "var": 2.68149051408e-05, "median": 0.0076172715053, "min": 1.34686652591e-21, "dvar": 5.82002985539e-06, "mean": 0.0082918247208}, "erbbands_kurtosis": {"max": 24.5066604614, "dmean": 0.861199200153, "dvar2": 2.33965301514, "dmean2": 1.37208664417, "var": 1.91032767296, "median": 0.774891018867, "min": -1.77406299114, "dvar": 0.905956089497, "mean": 0.908943831921}, "erbbands_crest": {"max": 25.3255939484, "dmean": 1.49421143532, "dvar2": 6.51743221283, "dmean2": 2.48930335045, "var": 5.16645956039, "median": 5.3016705513, "min": 2.32232141495, "dvar": 2.6670229435, "mean": 5.84495353699}, "dynamic_complexity": 2.17600703239, "barkbands_crest": {"max": 25.5135917664, "dmean": 3.55054068565, "dvar2": 21.6014099121, "dmean2": 5.54385185242, "var": 24.1502571106, "median": 9.21165561676, "min": 1.93659675121, "dvar": 9.65539932251, "mean": 10.0545568466}, "dissonance": {"max": 0.500000178814, "dmean": 0.00500163156539, "dvar2": 7.10880485713e-05, "dmean2": 0.0084883896634, "var": 4.00888129661e-05, "median": 0.493107259274, "min": 0.392931371927, "dvar": 2.61845179921e-05, "mean": 0.491679728031}, "spectral_energyband_low": {"max": 0.144780278206, "dmean": 0.0160664711148, "dvar2": 0.00121453404427, "dmean2": 0.0266627855599, "var": 0.000598380807787, "median": 0.0125818056986, "min": 2.5094675137e-23, "dvar": 0.000448380073067, "mean": 0.0224482379854}, "spectral_contrast_coeffs": {"max": [-0.394817620516, -0.550343573093, -0.626661241055, -0.570351660252, -0.665129244328, -0.526034891605], "dmean": [0.0592156276107, 0.043859411031, 0.0334630012512, 0.0282535310835, 0.0184696409851, 0.0238098464906], "dvar2": [0.00580042274669, 0.00333355320618, 0.0020009605214, 0.0013678407995, 0.000587322225329, 0.00122801424004], "dmean2": [0.0970215275884, 0.07442304492, 0.0563693940639, 0.0476503372192, 0.031216993928, 0.0368785522878], "var": [0.00571787310764, 0.0026050331071, 0.00196769740433, 0.00137999339495, 0.000751807761844, 0.00326337874867], "median": [-0.664861559868, -0.802014172077, -0.827760279179, -0.798801779747, -0.804471552372, -0.724197268486], "min": [-0.981844842434, -0.976553738117, -0.980101048946, -0.970960795879, -0.963836967945, -0.963887035847], "dvar": [0.00213209050708, 0.001169565483, 0.000712947745342, 0.00049132987624, 0.000206079959753, 0.000563946785405], "mean": [-0.663249075413, -0.79916125536, -0.823698937893, -0.79871237278, -0.80532926321, -0.715489447117]}, "silence_rate_60dB": {"max": 1, "dmean": 0.00709219835699, "dvar2": 0.01591671817, "dmean2": 0.0141855403781, "var": 0.0446268618107, "median": 0, "min": 0, "dvar": 0.00704145105556, "mean": 0.0468208566308}, "mfcc": {"icov": [[0.000121904646221, 3.64318680113e-06, 0.000110432687507, 0.000112427886052, -6.89025837346e-05, 3.3177104342e-05, 3.1914900319e-05, -0.000187188285054, 3.52961251338e-05, -9.54634742811e-06, -0.000105904837255, -0.000115538976388, -4.69841979793e-05], [3.64318680113e-06, 0.00294491508976, 0.000906498753466, -0.00197989027947, 0.000248246331466, -0.00050570780877, -0.00113376148511, -7.36970105208e-05, 0.000128693442093, 0.00139456079341, -0.000232053382206, -0.000210875514313, 0.00106031331234], [0.000110432687507, 0.000906498753466, 0.00459650019184, 0.00166159879882, -0.00398696120828, 9.8336910014e-05, 0.00151321198791, -0.00376058998518, 0.000633422925603, 0.00029191331123, -6.9770423579e-05, -0.000128249346744, -0.00070271739969], [0.000112427886052, -0.00197989027947, 0.00166159879882, 0.00757127441466, -0.00327381188981, -0.00417512422428, 0.0061079855077, -0.000509116565809, -0.00542635144666, 0.000387877022149, 0.00190359773114, -0.000318580161547, 0.000691036402714], [-6.89025837346e-05, 0.000248246331466, -0.00398696120828, -0.00327381188981, 0.0127040632069, -0.000791078899056, -0.00801527686417, 0.00508304964751, 0.00130690215155, -0.00567217543721, 0.00260977097787, -0.000599777908064, 0.00114514189772], [3.3177104342e-05, -0.00050570780877, 9.8336910014e-05, -0.00417512422428, -0.000791078899056, 0.0174046363682, -0.00565205747262, -0.00587337650359, 0.010419244878, 0.000205148709938, -0.00631660316139, 0.0021252206061, -0.00201074150391], [3.1914900319e-05, -0.00113376148511, 0.00151321198791, 0.0061079855077, -0.00801527686417, -0.00565205747262, 0.0229674167931, -0.00848950073123, -0.00650950334966, 0.00691734347492, -0.00258784368634, -0.00158193730749, -0.000227080337936], [-0.000187188285054, -7.36970105208e-05, -0.00376058998518, -0.000509116565809, 0.00508304964751, -0.00587337650359, -0.00848950073123, 0.0255090408027, -0.0104135712609, -0.00651212409139, 0.0084363501519, -0.00146575411782, -0.00227299239486], [3.52961251338e-05, 0.000128693442093, 0.000633422925603, -0.00542635144666, 0.00130690215155, 0.010419244878, -0.00650950334966, -0.0104135712609, 0.0279875025153, -0.00950659811497, -0.0035785632208, 0.00311723467894, -0.00213807635009], [-9.54634742811e-06, 0.00139456079341, 0.00029191331123, 0.000387877022149, -0.00567217543721, 0.000205148709938, 0.00691734347492, -0.00651212409139, -0.00950659811497, 0.0287588257343, -0.0112379128113, -0.00300225126557, 0.00498371385038], [-0.000105904837255, -0.000232053382206, -6.9770423579e-05, 0.00190359773114, 0.00260977097787, -0.00631660316139, -0.00258784368634, 0.0084363501519, -0.0035785632208, -0.0112379128113, 0.0364299230278, -0.0151534909382, -0.00216569053009], [-0.000115538976388, -0.000210875514313, -0.000128249346744, -0.000318580161547, -0.000599777908064, 0.0021252206061, -0.00158193730749, -0.00146575411782, 0.00311723467894, -0.00300225126557, -0.0151534909382, 0.0388398505747, -0.0169488172978], [-4.69841979793e-05, 0.00106031331234, -0.00070271739969, 0.000691036402714, 0.00114514189772, -0.00201074150391, -0.000227080337936, -0.00227299239486, -0.00213807635009, 0.00498371385038, -0.00216569053009, -0.0169488172978, 0.0357875414193]], "cov": [[8766.36132813, -164.12612915, -49.2167205811, -243.297286987, -10.3320188522, -12.688990593, 78.4585647583, 81.7029800415, 19.483997345, 48.9641151428, 82.8326721191, 94.7748260498, 69.6509933472], [-164.12612915, 649.28704834, -289.184875488, 276.969085693, -49.1046409607, 56.0731735229, -27.3950653076, -31.8924827576, 2.19062900543, -47.7041358948, -21.9970302582, -30.3301239014, -36.8779983521], [-49.2167205811, -289.184875488, 518.961425781, -172.78956604, 155.076934814, 4.21479701996, 78.3540725708, 87.6371002197, 16.6423473358, 51.367931366, 14.632396698, 29.5995883942, 32.1125450134], [-243.297286987, 276.969085693, -172.78956604, 345.279449463, 3.74496984482, 42.9977836609, -52.6526184082, -10.4983758926, 35.9481544495, 0.888692557812, -19.4581565857, -24.4259166718, -28.0119304657], [-10.3320188522, -49.1046409607, 155.076934814, 3.74496984482, 168.517272949, 26.6039600372, 57.692150116, 28.2613811493, 15.2675361633, 34.3453598022, 6.65201568604, 10.6993436813, 4.27655887604], [-12.688990593, 56.0731735229, 4.21479701996, 42.9977836609, 26.6039600372, 101.202148438, 30.5348262787, 19.2984333038, -16.3433036804, -3.12494969368, 11.8445997238, 6.19827699661, 6.93980026245], [78.4585647583, -27.3950653076, 78.3540725708, -52.6526184082, 57.692150116, 30.5348262787, 102.476707458, 49.6789932251, 20.5722427368, 9.65822505951, 12.3429841995, 15.7369537354, 15.2289514542], [81.7029800415, -31.8924827576, 87.6371002197, -10.4983758926, 28.2613811493, 19.2984333038, 49.6789932251, 94.7509460449, 44.8577880859, 30.5311069489, 2.79723381996, 10.8814554214, 13.239821434], [19.483997345, 2.19062900543, 16.6423473358, 35.9481544495, 15.2675361633, -16.3433036804, 20.5722427368, 44.8577880859, 82.5789260864, 37.5996360779, 7.26386642456, 4.74187278748, 3.54894566536], [48.9641151428, -47.7041358948, 51.367931366, 0.888692557812, 34.3453598022, -3.12494969368, 9.65822505951, 30.5311069489, 37.5996360779, 70.0008544922, 22.426820755, 15.3358564377, 4.31329298019], [82.8326721191, -21.9970302582, 14.632396698, -19.4581565857, 6.65201568604, 11.8445997238, 12.3429841995, 2.79723381996, 7.26386642456, 22.426820755, 50.5135955811, 27.766456604, 15.6499004364], [94.7748260498, -30.3301239014, 29.5995883942, -24.4259166718, 10.6993436813, 6.19827699661, 15.7369537354, 10.8814554214, 4.74187278748, 15.3358564377, 27.766456604, 49.7339668274, 26.2545013428], [69.6509933472, -36.8779983521, 32.1125450134, -28.0119304657, 4.27655887604, 6.93980026245, 15.2289514542, 13.239821434, 3.54894566536, 4.31329298019, 15.6499004364, 26.2545013428, 44.4812469482]], "mean": [-597.884765625, 84.0481185913, -11.4484815598, 46.5552177429, 20.7260913849, 16.8847980499, 4.59337711334, 5.09508228302, 5.24495220184, 1.19480681419, 1.85344898701, -0.788689255714, -5.44796800613]}, "melbands_spread": {"max": 216.133865356, "dmean": 13.8380508423, "dvar2": 388.165100098, "dmean2": 21.9014415741, "var": 567.649414063, "median": 34.2320899963, "min": 0.391251832247, "dvar": 166.772781372, "mean": 38.1959609985}, "barkbands_kurtosis": {"max": 386.236938477, "dmean": 3.4458489418, "dvar2": 333.739471436, "dmean2": 5.3244099617, "var": 188.748245239, "median": -0.347630143166, "min": -1.89614439011, "dvar": 154.777709961, "mean": 2.48086118698}, "spectral_energyband_high": {"max": 0.020512484014, "dmean": 0.000960682751611, "dvar2": 3.66482981917e-06, "dmean2": 0.0015786770964, "var": 3.47964237335e-06, "median": 0.00204403256066, "min": 6.98486738097e-21, "dvar": 1.44928969803e-06, "mean": 0.00241375202313}, "hfc": {"max": 185.387664795, "dmean": 10.6222162247, "dvar2": 406.273223877, "dmean2": 17.1006355286, "var": 539.980041504, "median": 35.0041122437, "min": 1.10079931987e-16, "dvar": 158.202316284, "mean": 38.3412780762}, "spectral_skewness": {"max": 4.25836706161, "dmean": 0.171428099275, "dvar2": 0.0830789804459, "dmean2": 0.283043503761, "var": 0.113193444908, "median": 1.17597770691, "min": -0.0629248172045, "dvar": 0.0342289023101, "mean": 1.16716277599}, "erbbands": {"max": [3.16483831406, 32.3242492676, 79.1043624878, 106.950294495, 139.455459595, 131.797134399, 92.9431915283, 156.640045166, 222.367050171, 346.667816162, 272.692382813, 441.2996521, 281.300140381, 244.857299805, 491.792388916, 722.004699707, 1030.83129883, 526.89239502, 891.03527832, 729.485961914, 521.034118652, 380.317779541, 485.520324707, 365.876403809, 210.442947388, 173.074111938, 189.832839966, 207.610351563, 201.839599609, 115.358680725, 177.827667236, 208.914108276, 155.376617432, 102.61076355, 63.9402084351, 28.4831542969, 8.74124622345, 3.00915598869, 0.549783051014, 0.0274408813566], "dmean": [0.296284019947, 2.85843348503, 6.99136066437, 6.60213947296, 7.46442651749, 5.75920152664, 4.53690242767, 3.33201241493, 3.75594592094, 5.45845127106, 5.75061368942, 7.1320400238, 8.00342941284, 4.92280483246, 10.544629097, 13.8701925278, 18.4098453522, 20.2748012543, 25.1111850739, 25.7726974487, 26.470621109, 24.1835918427, 26.3966636658, 24.2222881317, 15.5623121262, 11.9722328186, 12.5561075211, 12.0359725952, 9.05452346802, 6.54055643082, 4.75965070724, 3.06267094612, 2.42795300484, 1.35343158245, 0.859670042992, 0.382631480694, 0.137967318296, 0.027461823076, 0.00336808827706, 0.000170248691575], "dvar2": [0.36267349124, 45.0231285095, 284.57232666, 189.477310181, 224.853240967, 129.543014526, 80.9460754395, 74.7827301025, 149.268478394, 419.702392578, 338.208984375, 701.11541748, 692.327331543, 214.064941406, 1019.01867676, 2106.67407227, 4693.44873047, 2190.72045898, 4040.96142578, 3257.64331055, 2212.05664063, 1764.54663086, 2159.40136719, 1715.11340332, 717.14251709, 435.701049805, 537.267456055, 568.060546875, 354.286895752, 196.243011475, 120.925506592, 75.5185928345, 37.4164276123, 17.0013122559, 10.6258945465, 1.81601548195, 0.209879547358, 0.0125143472105, 0.000246827577939, 6.30649424238e-07], "dmean2": [0.44504648447, 4.94675970078, 12.392572403, 11.2470369339, 11.893576622, 9.36981105804, 7.55235624313, 5.64044427872, 6.4876871109, 9.3867559433, 9.64144134521, 11.8160791397, 13.5835914612, 8.04258537292, 17.1885471344, 22.7203941345, 30.4459781647, 33.4129524231, 42.0223731995, 43.1701850891, 44.0449104309, 39.7720489502, 43.5560112, 40.5168914795, 25.6529979706, 19.6231422424, 20.882396698, 20.3707923889, 15.5446777344, 10.9813652039, 8.03680515289, 5.01685523987, 3.96023726463, 2.17707586288, 1.38268446922, 0.603139162064, 0.223313093185, 0.0445630736649, 0.00540001643822, 0.000271513767075], "var": [0.276721477509, 19.2853679657, 87.6011352539, 95.6881561279, 201.407653809, 90.0444641113, 55.5596733093, 34.3535614014, 55.5368041992, 168.582565308, 176.96875, 423.289428711, 377.930786133, 154.184005737, 752.880981445, 1795.93518066, 3880.50634766, 1978.95581055, 3090.95678711, 2554.81665039, 1889.55371094, 1730.15551758, 2075.79760742, 1431.47717285, 593.738952637, 348.943023682, 394.472412109, 363.650787354, 268.451171875, 131.192749023, 80.4763717651, 53.6168823242, 32.7326850891, 18.1502113342, 9.23743057251, 1.7382414341, 0.188847228885, 0.0103975962847, 0.000176555171493, 4.59505145045e-07], "median": [0.0924977809191, 1.20030975342, 3.93294525146, 5.32260751724, 6.46359682083, 6.21563005447, 5.26321268082, 3.47640419006, 3.13694691658, 3.70381569862, 5.07560586929, 5.35328578949, 5.77966547012, 5.24005794525, 9.47651767731, 9.88432598114, 12.7402601242, 26.4313430786, 36.1535263062, 43.0849342346, 52.8494415283, 55.454914093, 59.6756782532, 53.7282371521, 37.9295463562, 28.9284038544, 26.1295051575, 23.0290355682, 12.5902719498, 7.52130413055, 4.93284749985, 3.45727801323, 2.51439237595, 1.50639748573, 0.762316286564, 0.309086322784, 0.0832334160805, 0.0131519222632, 0.00141300470568, 0.000122956800624], "min": [1.12392256963e-22, 1.18617891691e-21, 4.87021851517e-21, 7.36461194458e-21, 2.34798981191e-20, 4.31277948089e-20, 5.63724104443e-20, 1.0423985969e-19, 8.49721219622e-20, 2.92166525455e-19, 3.60049774509e-19, 5.58471869445e-19, 6.44860131078e-19, 1.05693550776e-18, 1.72373469173e-18, 2.1431279802e-18, 2.2710485668e-18, 2.609174979e-18, 2.41421161054e-18, 3.45046646562e-18, 3.55375650871e-18, 5.23555779627e-18, 7.57442504034e-18, 8.85765514001e-18, 7.9266625334e-18, 1.0335214781e-17, 9.44847633715e-18, 9.89223971063e-18, 1.22199995734e-17, 1.1859635858e-17, 1.32625449303e-17, 1.15990144081e-17, 1.09681229277e-17, 8.5744698573e-18, 6.24253686831e-18, 4.29897551668e-18, 2.60524380313e-18, 1.10837714627e-18, 2.75300648807e-19, 2.74044678445e-20], "dvar": [0.153408035636, 16.5508308411, 101.765426636, 71.500579834, 95.9317398071, 51.495552063, 30.6053714752, 27.4620170593, 53.3236465454, 156.625, 126.519943237, 273.968078613, 255.880157471, 83.8826828003, 389.895599365, 816.363769531, 1780.30419922, 822.76965332, 1437.62438965, 1202.47436523, 829.01940918, 648.634643555, 805.941833496, 626.547790527, 262.874359131, 165.661300659, 202.087478638, 206.725799561, 133.382125854, 75.6430511475, 47.2711105347, 30.2313747406, 15.9550237656, 7.57615995407, 4.34315013885, 0.765465021133, 0.0859592407942, 0.00499934470281, 9.47485968936e-05, 2.35724272102e-07], "mean": [0.389745622873, 3.31281137466, 7.30668449402, 8.63186359406, 11.5483150482, 9.05079936981, 7.32182025909, 5.12598800659, 5.12623357773, 7.0614361763, 8.66711330414, 10.7478275299, 11.611164093, 8.75159358978, 17.9142246246, 24.4181900024, 33.046710968, 40.1799468994, 49.8958930969, 53.7095603943, 59.327293396, 60.7434425354, 64.7442245483, 57.7028312683, 39.489566803, 30.010187149, 28.7729587555, 25.9963607788, 17.3199272156, 11.1177053452, 7.66701030731, 5.44193601608, 4.14226579666, 2.65251374245, 1.64619922638, 0.724051475525, 0.228897020221, 0.0450755283237, 0.00572841987014, 0.000337266479619]}, "spectral_contrast_valleys": {"max": [-5.05108499527, -4.91027784348, -5.40837526321, -5.39978027344, -5.40446186066, -7.46039152145], "dmean": [0.41952008009, 0.370832800865, 0.322042196989, 0.266817212105, 0.230933636427, 0.397058486938], "dvar2": [0.30195826292, 0.293486207724, 0.203390672803, 0.165572881699, 0.162426829338, 0.461953014135], "dmean2": [0.689189076424, 0.616366684437, 0.51426678896, 0.415365934372, 0.342258960009, 0.579014718533], "var": [2.17058706284, 1.98502027988, 2.0082347393, 2.01074385643, 2.02047920227, 2.52725553513], "median": [-6.56254386902, -6.65404939651, -6.99976491928, -6.71819782257, -6.19772577286, -9.13782596588], "min": [-27.9399356842, -27.952413559, -27.7098464966, -27.5467376709, -27.4762783051, -27.3738861084], "dvar": [0.122383341193, 0.122580178082, 0.0959888622165, 0.0833689197898, 0.0945876389742, 0.215739503503], "mean": [-6.79000759125, -6.87883281708, -7.24171447754, -6.95486497879, -6.51436710358, -9.60991573334]}, "average_loudness": 0.842514097691, "erbbands_spread": {"max": 171.066329956, "dmean": 10.3663215637, "dvar2": 265.727905273, "dmean2": 16.6689662933, "var": 272.984130859, "median": 38.5293388367, "min": 7.11813354492, "dvar": 106.233306885, "mean": 41.7495307922}, "melbands_flatness_db": {"max": 0.59828299284, "dmean": 0.0360795035958, "dvar2": 0.00255766441114, "dmean2": 0.0554055534303, "var": 0.0041610407643, "median": 0.156855642796, "min": 0.0031985656824, "dvar": 0.00116228754632, "mean": 0.161747843027}, "barkbands_spread": {"max": 110.164512634, "dmean": 9.22897338867, "dvar2": 190.799484253, "dmean2": 14.8195075989, "var": 193.370742798, "median": 40.9617004395, "min": 0.319201737642, "dvar": 78.2389068604, "mean": 39.5335960388}, "spectral_decrease": {"max": 3.02725657821e-16, "dmean": 4.39597114266e-09, "dvar2": 8.04354001067e-17, "dmean2": 7.32186533625e-09, "var": 4.92046832278e-17, "median": -7.68925723094e-09, "min": -4.16295549144e-08, "dvar": 2.96276772477e-17, "mean": -9.55542756031e-09}, "melbands_crest": {"max": 31.718755722, "dmean": 4.08898162842, "dvar2": 25.8416500092, "dmean2": 6.4156126976, "var": 27.5646305084, "median": 15.7876777649, "min": 1.69140172005, "dvar": 10.3224668503, "mean": 15.6332263947}, "erbbands_flatness_db": {"max": 0.32583090663, "dmean": 0.0157489608973, "dvar2": 0.000548802490812, "dmean2": 0.0241033528, "var": 0.00138935865834, "median": 0.113939002156, "min": 0.0357579775155, "dvar": 0.000241775647737, "mean": 0.123239979148}, "melbands_kurtosis": {"max": 703.304443359, "dmean": 12.8292007446, "dvar2": 1655.88183594, "dmean2": 20.1541385651, "var": 1275.79382324, "median": 7.39385128021, "min": -1.79589676857, "dvar": 799.103637695, "mean": 16.7720623016}, "spectral_rms": {"max": 0.0125562446192, "dmean": 0.00120336853433, "dvar2": 4.30528370998e-06, "dmean2": 0.00194476405159, "var": 5.08765879204e-06, "median": 0.005663335789, "min": 3.13808961455e-12, "dvar": 1.63261552188e-06, "mean": 0.00578706199303}, "melbands_skewness": {"max": 19.3033695221, "dmean": 1.21240067482, "dvar2": 3.69476914406, "dmean2": 1.89225196838, "var": 4.49234485626, "median": 2.79165673256, "min": -0.902605712414, "dvar": 1.61694300175, "mean": 3.209628582}, "barkbands": {"max": [0.00308567169122, 0.12513102591, 0.0798906981945, 0.0420159548521, 0.0325577110052, 0.0152020994574, 0.0125081501901, 0.0115678347647, 0.0143455956131, 0.00804024003446, 0.00804444402456, 0.0142270671204, 0.0209396313876, 0.0123691763729, 0.0112452795729, 0.011457124725, 0.00827786419541, 0.00850336905569, 0.00632841000333, 0.00402417033911, 0.00385815324262, 0.00529284123331, 0.00576690630987, 0.00899951066822, 0.00828577205539, 0.00414189416915, 0.00371904065832], "dmean": [0.000287389411824, 0.0111187268049, 0.00618164381012, 0.00188333564438, 0.00190613500308, 0.000442966498667, 0.000305842608213, 0.000267332448857, 0.000309320806991, 0.000213691339013, 0.000203818504815, 0.000357712939149, 0.000419881776907, 0.000463562755613, 0.000523748516571, 0.000483765179524, 0.000460660812678, 0.000495544460136, 0.000404565187637, 0.000272490957286, 0.000289743096801, 0.000244761817157, 0.000164982542628, 0.000145400685142, 0.000112513786007, 7.4961091741e-05, 1.98803954845e-05], "dvar2": [5.91050934418e-07, 0.000642222177703, 0.000210709928069, 1.39643325383e-05, 1.30300668388e-05, 9.37969616643e-07, 1.16228500247e-06, 7.07678623257e-07, 1.13631904242e-06, 4.42797357891e-07, 3.8298378513e-07, 1.34379990868e-06, 2.22628932534e-06, 1.3910234884e-06, 1.26580346205e-06, 7.99809356522e-07, 6.30403917512e-07, 6.96914469245e-07, 4.96711038522e-07, 2.42362887093e-07, 2.83842609861e-07, 2.49122564355e-07, 1.42647223811e-07, 1.32940840558e-07, 1.38461246024e-07, 5.85010653253e-08, 9.54769241446e-09], "dmean2": [0.000519493594766, 0.0181356500834, 0.01078050863, 0.00317744305357, 0.00304645835422, 0.000739480718039, 0.000530188903213, 0.000451519124908, 0.000514417653903, 0.00036170828389, 0.000335626973538, 0.00058739708038, 0.000696972070727, 0.000776252360083, 0.000872195523698, 0.000805950665381, 0.000766509736422, 0.000813482445665, 0.000681352277752, 0.000450913415989, 0.000479211041238, 0.000417781091528, 0.000277496961644, 0.000236561245401, 0.000179276699782, 0.000119909353089, 3.16877012665e-05], "var": [1.73669832293e-07, 0.000352051429218, 7.20074094716e-05, 9.4484857982e-06, 1.06161633084e-05, 5.49302569652e-07, 4.12204769873e-07, 3.6301545947e-07, 7.43192686059e-07, 2.5271478421e-07, 2.5444626317e-07, 1.04500088582e-06, 1.81891914508e-06, 9.63407501331e-07, 1.0445389762e-06, 6.84208430357e-07, 5.79657239541e-07, 6.71834470722e-07, 3.69920854837e-07, 1.70732121774e-07, 2.22610879064e-07, 1.94415747501e-07, 9.47185441191e-08, 1.16189355026e-07, 1.51666796455e-07, 5.77311922711e-08, 6.87034162894e-09], "median": [5.18748165632e-05, 0.0044892122969, 0.00342140486464, 0.00155245792121, 0.00223607337102, 0.000500732217915, 0.000219352325075, 0.000213790364796, 0.000229266632232, 0.000174959961441, 0.000163357195561, 0.000246291485382, 0.000281216402072, 0.000540974957403, 0.000781502167229, 0.000890630180947, 0.000962723279372, 0.00110089906957, 0.000883963773958, 0.000613593903836, 0.000625563960057, 0.000328499852913, 0.000181585855898, 0.000161541232956, 0.000121729324746, 5.44143404113e-05, 7.97203483671e-06], "min": [1.73151418822e-24, 6.45748047492e-24, 1.98645865e-24, 3.63970018566e-25, 1.06167693192e-23, 1.06700197969e-23, 8.95386473052e-24, 1.16747958762e-23, 2.31238355385e-23, 1.37832822363e-23, 2.7835307295e-23, 3.95678682998e-23, 5.5411811415e-23, 5.75644550532e-23, 7.42492544736e-23, 5.53834061116e-23, 7.75784305094e-23, 1.17543897327e-22, 1.03216088074e-22, 2.0988082359e-22, 2.9873965581e-22, 3.63738285547e-22, 4.08133383053e-22, 6.35819213792e-22, 9.22238629311e-22, 1.36225852746e-21, 2.10550363288e-21], "dvar": [2.11705668107e-07, 0.000248911237577, 7.66477533034e-05, 5.48732123207e-06, 5.28202690475e-06, 3.47950958712e-07, 4.18043356376e-07, 2.69223960458e-07, 4.4817531375e-07, 1.59401608357e-07, 1.47598626654e-07, 5.17776982178e-07, 8.3986719801e-07, 4.98302881624e-07, 4.67047385655e-07, 2.96325794125e-07, 2.32261157862e-07, 2.57633331557e-07, 1.79826059821e-07, 9.04981334315e-08, 1.06668871069e-07, 9.43145437304e-08, 5.5449213221e-08, 5.59942741063e-08, 6.0106906119e-08, 2.44393572046e-08, 3.6235117129e-09], "mean": [0.000243066708208, 0.0143566671759, 0.00649984134361, 0.00252958806232, 0.00321635231376, 0.000712167820893, 0.000388381391531, 0.000374182447558, 0.000466431461973, 0.000320983934216, 0.000315699435305, 0.000590261246543, 0.000719202391338, 0.000835024286062, 0.00102129438892, 0.00102790503297, 0.00107005680911, 0.00118826900143, 0.000937984848861, 0.000643427192699, 0.000687531253789, 0.000463727104943, 0.000273657904472, 0.00025627433206, 0.000232860082178, 0.000136657792609, 3.42224593624e-05]}, "spectral_kurtosis": {"max": 36.7564468384, "dmean": 1.04931426048, "dvar2": 4.54365444183, "dmean2": 1.79301261902, "var": 2.49263954163, "median": 3.18579530716, "min": -1.24935483932, "dvar": 1.67935979366, "mean": 3.36410784721}, "erbbands_skewness": {"max": 4.71815443039, "dmean": 0.275625020266, "dvar2": 0.203886255622, "dmean2": 0.426458835602, "var": 0.308228462934, "median": -0.857197642326, "min": -2.74761247635, "dvar": 0.0954487100244, "mean": -0.764761984348}, "melbands": {"max": [0.0328862369061, 0.0356285870075, 0.0168551243842, 0.00810845941305, 0.0029574339278, 0.00324965291657, 0.00286641786806, 0.00377353630029, 0.0019628549926, 0.00258693075739, 0.0013627075823, 0.000978961819783, 0.00129271042533, 0.0017179751303, 0.00180371094029, 0.00248217070475, 0.0010234345682, 0.00169546029065, 0.00121716782451, 0.00102658080868, 0.000641302438453, 0.00044252522639, 0.000528361590113, 0.000485910539282, 0.000335996359354, 0.000190905120689, 0.000233819286223, 0.00012508117652, 0.000130822721985, 9.9154880445e-05, 0.000128314975882, 0.000169423146872, 9.32469265535e-05, 7.85293159424e-05, 9.58228556556e-05, 0.000137946102768, 0.000138203438837, 0.000104041733721, 0.000101739904494, 8.87196947588e-05], "dmean": [0.00277616432868, 0.00367401214316, 0.00110261654481, 0.000467251986265, 0.000170468192664, 7.58184614824e-05, 5.79290535825e-05, 5.90055969951e-05, 4.71906278108e-05, 4.57145433757e-05, 4.02773657697e-05, 2.03517229238e-05, 3.13743621518e-05, 4.045859896e-05, 3.91811481677e-05, 4.31678672612e-05, 4.0200582589e-05, 4.34314679296e-05, 4.18726776843e-05, 3.35141157848e-05, 3.38146783179e-05, 2.73533532891e-05, 2.77871076833e-05, 2.64266200247e-05, 2.13406601688e-05, 1.48510225699e-05, 1.01947216535e-05, 8.43333691591e-06, 9.1839410743e-06, 7.30620149625e-06, 7.28408622308e-06, 5.64624951949e-06, 4.56745101474e-06, 3.41744225807e-06, 2.9543527944e-06, 2.23659617404e-06, 1.88373905985e-06, 1.82191570275e-06, 1.5660259578e-06, 1.10048108581e-06], "dvar2": [3.59001860488e-05, 7.61437477195e-05, 4.5437764129e-06, 8.24446146908e-07, 1.10051736613e-07, 3.43211077336e-08, 3.61226391021e-08, 4.47291093053e-08, 2.20953690899e-08, 2.92349060516e-08, 1.74799090757e-08, 3.8612051334e-09, 9.0873095715e-09, 1.67640976656e-08, 2.41677149404e-08, 2.07894199633e-08, 8.80204531484e-09, 1.4984120611e-08, 8.44699155067e-09, 4.78163286743e-09, 3.53448648127e-09, 2.33590946586e-09, 2.48148879223e-09, 2.18717777223e-09, 1.39018363488e-09, 6.40762054527e-10, 3.56574769711e-10, 2.24533169835e-10, 3.34645366973e-10, 1.60641625002e-10, 2.2643226183e-10, 1.46104961463e-10, 9.05876276769e-11, 5.91042700893e-11, 4.59268525987e-11, 3.72605730992e-11, 3.02067156011e-11, 2.12805502386e-11, 1.75874557973e-11, 1.35207539609e-11], "dmean2": [0.0043115997687, 0.0065307863988, 0.00184796378016, 0.000752046122216, 0.000280562642729, 0.000127425781102, 0.000100068937172, 0.000100837474747, 7.8951336036e-05, 7.57557572797e-05, 6.84695260134e-05, 3.35356016876e-05, 5.15575884492e-05, 6.63395185256e-05, 6.50859292364e-05, 7.12891560397e-05, 6.65749321342e-05, 7.31829131837e-05, 7.01478711562e-05, 5.61929118703e-05, 5.6604087149e-05, 4.56620618934e-05, 4.61641830043e-05, 4.39623181592e-05, 3.59865844075e-05, 2.48852484219e-05, 1.68998431036e-05, 1.40069114423e-05, 1.55225316121e-05, 1.20800932564e-05, 1.24560510812e-05, 9.69827215158e-06, 7.80102254794e-06, 5.73631359657e-06, 5.01241174788e-06, 3.74798764824e-06, 3.09906658913e-06, 2.99686621474e-06, 2.57143574345e-06, 1.78300751941e-06], "var": [2.47598272836e-05, 2.52497102338e-05, 2.71631370197e-06, 6.4425336177e-07, 7.5580366854e-08, 1.71417084971e-08, 1.33699726845e-08, 1.91248332726e-08, 1.20410597049e-08, 1.80274124517e-08, 9.40446831521e-09, 2.56550114486e-09, 6.42657083105e-09, 1.23321717282e-08, 1.8259688872e-08, 1.69350347079e-08, 6.97327573462e-09, 9.82947057082e-09, 6.25709972724e-09, 3.91029475466e-09, 2.66161737095e-09, 1.98862792899e-09, 2.12407558209e-09, 1.71373093494e-09, 1.03298902765e-09, 4.6698261924e-10, 2.49289505705e-10, 1.52257567665e-10, 1.91743912414e-10, 1.30760471895e-10, 1.28808769206e-10, 1.11886930276e-10, 5.76725889267e-11, 3.77111328276e-11, 2.93676749585e-11, 2.40412186686e-11, 2.00395585542e-11, 1.64573788625e-11, 1.55671378566e-11, 1.36135113599e-11], "median": [0.00107461458538, 0.00232833484188, 0.00110908306669, 0.000498398556374, 0.000205368764, 8.31919169286e-05, 4.81621027575e-05, 4.20021024183e-05, 4.23557139584e-05, 3.23135755025e-05, 2.79195337498e-05, 1.9371851522e-05, 2.7043008231e-05, 3.03927117784e-05, 1.90042392205e-05, 3.48286303051e-05, 4.79167720187e-05, 5.31884688826e-05, 5.96594800299e-05, 5.52025994693e-05, 6.10166971455e-05, 5.37562118552e-05, 5.58568790439e-05, 5.06151736772e-05, 4.17747214669e-05, 3.11385738314e-05, 2.09074260056e-05, 1.77797737706e-05, 1.58137845574e-05, 1.4975722479e-05, 1.22568862935e-05, 7.50686695028e-06, 4.7163389354e-06, 3.67545635527e-06, 2.74387548416e-06, 2.31722970057e-06, 1.94924973584e-06, 1.73148282556e-06, 1.52868813075e-06, 1.10444079837e-06], "min": [1.79811475622e-24, 3.18421041987e-24, 2.41913130436e-24, 2.3550919705e-24, 1.85214699506e-24, 2.15151043948e-24, 1.57053016e-24, 2.60681689371e-24, 3.03167864182e-24, 3.40950416402e-24, 2.46820949672e-24, 3.4492868139e-24, 4.34634117556e-24, 4.87407571052e-24, 3.91457590846e-24, 4.62661832759e-24, 5.03578272976e-24, 3.32431665259e-24, 6.01913847446e-24, 3.58852707456e-24, 3.91516637085e-24, 4.28639326879e-24, 5.79794345435e-24, 4.79831429804e-24, 6.37031805022e-24, 3.32277324623e-24, 4.42699470894e-24, 5.85526051e-24, 4.95793083589e-24, 6.91753784396e-24, 4.85521877944e-24, 5.30272458262e-24, 5.79644856294e-24, 4.86680911829e-24, 6.75347134176e-24, 5.93925881362e-24, 7.25434831833e-24, 5.83909438347e-24, 7.0697753769e-24, 7.04777562397e-24], "dvar": [1.47763857967e-05, 2.70319214906e-05, 1.72137868049e-06, 3.33988026568e-07, 4.19095762538e-08, 1.2694396645e-08, 1.29222739176e-08, 1.67809659501e-08, 8.22168200187e-09, 1.14740537072e-08, 6.44471942479e-09, 1.48616008389e-09, 3.48633188985e-09, 6.39490238541e-09, 9.02629881949e-09, 7.92973331443e-09, 3.28621752033e-09, 5.252761337e-09, 3.10033732021e-09, 1.76575010169e-09, 1.31282640314e-09, 8.56669846172e-10, 9.16459519384e-10, 7.97811594566e-10, 5.03518726713e-10, 2.3143767458e-10, 1.32027555555e-10, 8.33684510315e-11, 1.23245150196e-10, 6.00310495757e-11, 8.13128800403e-11, 5.47470159484e-11, 3.43202341546e-11, 2.27414632264e-11, 1.79379913701e-11, 1.4656926714e-11, 1.1923547219e-11, 8.6975418187e-12, 7.81154915058e-12, 5.84209113377e-12], "mean": [0.00381766539067, 0.00413404498249, 0.00163716089446, 0.000754570064601, 0.000283097062493, 0.000119641837955, 7.8596342064e-05, 7.77825189289e-05, 7.19095114619e-05, 6.72783571645e-05, 5.69791955058e-05, 3.36062366841e-05, 5.13980703545e-05, 6.65156621835e-05, 6.49807843729e-05, 7.48535312596e-05, 7.40038667573e-05, 7.83001960372e-05, 7.82045535743e-05, 6.78212891216e-05, 6.90816377755e-05, 6.08048794675e-05, 6.24340027571e-05, 5.65671361983e-05, 4.61699200969e-05, 3.31936862494e-05, 2.29897359532e-05, 1.88657359104e-05, 1.8269111024e-05, 1.65004694281e-05, 1.44044024637e-05, 1.04078326331e-05, 7.37461050448e-06, 5.58548799745e-06, 4.52260110251e-06, 3.66282074538e-06, 3.21307288687e-06, 2.91560445476e-06, 2.63921219812e-06, 2.10651796806e-06]}, "spectral_centroid": {"max": 11484.1904297, "dmean": 301.315795898, "dvar2": 209887.0625, "dmean2": 468.674041748, "var": 439702.46875, "median": 2339.92651367, "min": 137.643432617, "dvar": 98059.140625, "mean": 2243.20581055}, "pitch_salience": {"max": 0.961962759495, "dmean": 0.100184358656, "dvar2": 0.0179940536618, "dmean2": 0.160901457071, "var": 0.0176931489259, "median": 0.592777729034, "min": 0.0458418242633, "dvar": 0.00761804590002, "mean": 0.572648227215}, "gfcc": {"icov": [[8.80590014276e-05, -2.45900992013e-05, 0.000173699256266, -7.7632976172e-06, 1.15352358989e-05, -0.000160001916811, 0.000197054017917, -0.000271577766398, 4.23621022492e-05, -1.95435368369e-05, 0.000256125116721, -0.000522162532434, 0.000355882715667], [-2.45900992013e-05, 0.00267633632757, 0.000822288100608, -0.00181946426164, -0.00079042831203, 0.000968025356997, -0.00154142919928, 0.00144542986527, 0.000646099739242, 0.000835141399875, -0.00123739917763, 0.00197496917099, -0.00117099552881], [0.000173699256266, 0.000822288100608, 0.00347458315082, 0.000541968503967, -0.00235490966588, -0.00209956755862, 0.00206253537908, -0.00163472443819, -0.00163756264374, 0.00264192861505, 0.000282474269625, -0.00264221220277, 0.00203892448917], [-7.7632976172e-06, -0.00181946426164, 0.000541968503967, 0.00618075113744, -0.00120831420645, -0.00308235920966, 0.00320770242251, 0.000487511540996, -0.00495218299329, 0.00111645122524, 0.00213142624125, 0.000108379019366, -0.00273240823299], [1.15352358989e-05, -0.00079042831203, -0.00235490966588, -0.00120831420645, 0.00873400643468, 0.00109844724648, -0.00510889245197, 0.000259432155872, 0.0034430869855, -0.00352777191438, -0.000693248468451, 0.00206122733653, -0.000832395220641], [-0.000160001916811, 0.000968025356997, -0.00209956755862, -0.00308235920966, 0.00109844724648, 0.0119583718479, -0.00326772755943, -0.00517320772633, 0.00646314257756, 0.000454534310848, -0.00745508167893, 0.000290951225907, 0.00418221391737], [0.000197054017917, -0.00154142919928, 0.00206253537908, 0.00320770242251, -0.00510889245197, -0.00326772755943, 0.0160419326276, -0.00243242294528, -0.00983070302755, 0.00647569028661, 0.00195794901811, -0.00760954013094, 0.00198904983699], [-0.000271577766398, 0.00144542986527, -0.00163472443819, 0.000487511540996, 0.000259432155872, -0.00517320772633, -0.00243242294528, 0.0162569954991, -0.00547386240214, -0.00641026720405, 0.00805116910487, 0.00320664444007, -0.00844502076507], [4.23621022492e-05, 0.000646099739242, -0.00163756264374, -0.00495218299329, 0.0034430869855, 0.00646314257756, -0.00983070302755, -0.00547386240214, 0.0245266687125, -0.00579039612785, -0.00971330422908, 0.00820797681808, -0.00104011897929], [-1.95435368369e-05, 0.000835141399875, 0.00264192861505, 0.00111645122524, -0.00352777191438, 0.000454534310848, 0.00647569028661, -0.00641026720405, -0.00579039612785, 0.0250790957361, -0.0090000918135, -0.00962940324098, 0.00844328850508], [0.000256125116721, -0.00123739917763, 0.000282474269625, 0.00213142624125, -0.000693248468451, -0.00745508167893, 0.00195794901811, 0.00805116910487, -0.00971330422908, -0.0090000918135, 0.0323073938489, -0.00901670753956, -0.00633369153365], [-0.000522162532434, 0.00197496917099, -0.00264221220277, 0.000108379019366, 0.00206122733653, 0.000290951225907, -0.00760954013094, 0.00320664444007, 0.00820797681808, -0.00962940324098, -0.00901670753956, 0.0335735492408, -0.0126288402826], [0.000355882715667, -0.00117099552881, 0.00203892448917, -0.00273240823299, -0.000832395220641, 0.00418221391737, 0.00198904983699, -0.00844502076507, -0.00104011897929, 0.00844328850508, -0.00633369153365, -0.0126288402826, 0.0313254520297]], "cov": [[16651.0800781, -849.407714844, -213.820297241, -226.868759155, -290.602874756, 420.867675781, -248.885437012, 375.860900879, -220.959152222, 255.329833984, -91.9835891724, 255.014205933, -165.519851685], [-849.407714844, 1220.88366699, -588.461853027, 381.629150391, 53.5419197083, -250.416687012, 82.2411117554, -220.637878418, 60.6466026306, -120.868354797, -3.03293275833, -111.987182617, 85.8616104126], [-213.820297241, -588.461853027, 806.570861816, -161.908920288, 107.468017578, 239.792007446, -3.62059259415, 174.93762207, -12.6525907516, 44.4635887146, 15.9160747528, 70.9464797974, -48.5414085388], [-226.868759155, 381.629150391, -161.908920288, 349.559509277, 28.3092041016, -32.4241752625, 13.1836795807, -35.2069320679, 59.8564033508, -37.2024307251, 1.22794651985, -41.8700523376, 48.0083351135], [-290.602874756, 53.5419197083, 107.468017578, 28.3092041016, 182.199615479, 22.4231472015, 60.1464424133, 17.2233085632, 12.7982549667, 6.32174301147, 11.1279191971, 5.46887254715, 6.62507104874], [420.867675781, -250.416687012, 239.792007446, -32.4241752625, 22.4231472015, 216.451187134, 8.25094795227, 101.211898804, -15.4577941895, 36.6532249451, 24.4831027985, 41.4796638489, -22.8385734558], [-248.885437012, 82.2411117554, -3.62059259415, 13.1836795807, 60.1464424133, 8.25094795227, 128.148773193, 20.8885593414, 45.8297462463, -9.71327209473, 11.08390522, 8.98451805115, 15.2814426422], [375.860900879, -220.637878418, 174.93762207, -35.2069320679, 17.2233085632, 101.211898804, 20.8885593414, 163.559707642, 26.3912639618, 42.6463356018, -1.33292448521, 26.2151985168, 2.41818809509], [-220.959152222, 60.6466026306, -12.6525907516, 59.8564033508, 12.7982549667, -15.4577941895, 45.8297462463, 26.3912639618, 91.6521606445, 12.9412298203, 20.2144470215, -7.4469628334, 18.0705623627], [255.329833984, -120.868354797, 44.4635887146, -37.2024307251, 6.32174301147, 36.6532249451, -9.71327209473, 42.6463356018, 12.9412298203, 83.5688705444, 28.4090137482, 32.6319046021, -9.36530971527], [-91.9835891724, -3.03293275833, 15.9160747528, 1.22794651985, 11.1279191971, 24.4831027985, 11.08390522, -1.33292448521, 20.2144470215, 28.4090137482, 60.2100944519, 25.4037723541, 11.396033287], [255.014205933, -111.987182617, 70.9464797974, -41.8700523376, 5.46887254715, 41.4796638489, 8.98451805115, 26.2151985168, -7.4469628334, 32.6319046021, 25.4037723541, 66.0908203125, 8.48907756805], [-165.519851685, 85.8616104126, -48.5414085388, 48.0083351135, 6.62507104874, -22.8385734558, 15.2814426422, 2.41818809509, 18.0705623627, -9.36530971527, 11.396033287, 8.48907756805, 56.11769104]], "mean": [38.5487136841, 57.7017021179, -114.923019409, 59.7982902527, -32.339225769, 14.7449607849, -34.2328262329, 7.00645208359, -23.1399898529, 2.64300489426, -20.8662815094, -1.94180834293, -12.1775274277]}, "spectral_flux": {"max": 0.311100274324, "dmean": 0.0320693962276, "dvar2": 0.00284806312993, "dmean2": 0.0530401542783, "var": 0.00289499945939, "median": 0.108926020563, "min": 6.39907363209e-11, "dvar": 0.00122715847101, "mean": 0.114615082741}, "zerocrossingrate": {"max": 0.5595703125, "dmean": 0.0137472338974, "dvar2": 0.000252702186117, "dmean2": 0.0169519428164, "var": 0.00232333177701, "median": 0.080078125, "min": 0.00537109375, "dvar": 0.000177000489202, "mean": 0.0863374397159}, "spectral_energyband_middle_low": {"max": 0.049346011132, "dmean": 0.00349699403159, "dvar2": 3.89318120142e-05, "dmean2": 0.00567886512727, "var": 3.34632968588e-05, "median": 0.00651987269521, "min": 2.22228402644e-22, "dvar": 1.54047083925e-05, "mean": 0.00781435053796}, "silence_rate_20dB": {"max": 1, "dmean": 0, "dvar2": 0, "dmean2": 0, "var": 0, "median": 1, "min": 1, "dvar": 0, "mean": 1}, "silence_rate_30dB": {"max": 1, "dmean": 0.00467440346256, "dvar2": 0.0134541131556, "dmean2": 0.00934956036508, "var": 0.00265240063891, "median": 1, "min": 0, "dvar": 0.00465274089947, "mean": 0.997340619564}, "spectral_entropy": {"max": 9.81041717529, "dmean": 0.10585103929, "dvar2": 0.0430455505848, "dmean2": 0.159056082368, "var": 0.0762897953391, "median": 8.07557964325, "min": 4.85256767273, "dvar": 0.0206542294472, "mean": 8.02680587769}, "spectral_rolloff": {"max": 19379.8828125, "dmean": 917.487426758, "dvar2": 2594195.25, "dmean2": 1509.9909668, "var": 3978245.5, "median": 2497.8515625, "min": 64.599609375, "dvar": 1117071.25, "mean": 2441.6887207}, "spectral_complexity": {"max": 64, "dmean": 5.19519662857, "dvar2": 48.545211792, "dmean2": 7.79189157486, "var": 204.867919922, "median": 43, "min": 0, "dvar": 25.7788200378, "mean": 38.5574989319}, "spectral_spread": {"max": 42129348, "dmean": 611623.8125, "dvar2": 1698882519040.0, "dmean2": 938201.75, "var": 4033700