{"tonal": {"chords_key": "E", "hpcp_entropy": {"dmean": 0.607291400433, "dmean2": 1.03578782082, "max": 4.30461359024, "dvar": 0.253749281168, "mean": 1.93833565712, "dvar2": 0.706446230412, "min": 0, "var": 0.477793514729, "median": 1.91689360142}, "key_key": "E", "chords_strength": {"dmean": 0.00982773583382, "dmean2": 0.0108687542379, "max": 0.854961335659, "dvar": 0.000553611374926, "mean": 0.51903283596, "dvar2": 0.00112461089157, "min": -1, "var": 0.0247226860374, "median": 0.524535894394}, "key_scale": "major", "chords_number_rate": 0.0034054974094, "thpcp": [1, 0.782113552094, 0.731134474277, 0.951887369156, 0.619479775429, 0.298047304153, 0.292541742325, 0.265165507793, 0.345279932022, 0.490889042616, 0.39834946394, 0.292711764574, 0.304766148329, 0.276099026203, 0.472304314375, 0.792035341263, 0.679838180542, 0.6211373806, 0.702809989452, 0.442380845547, 0.345950245857, 0.501943230629, 0.435436964035, 0.465076982975, 0.656266033649, 0.504270970821, 0.351659536362, 0.398354351521, 0.424813836813, 0.644729614258, 0.84657305479, 0.606881439686, 0.485091865063, 0.670918703079, 0.600696384907, 0.688352227211], "key_strength": 0.594188034534, "tuning_nontempered_energy_ratio": 0.720960259438, "tuning_frequency": 438.731048584, "chords_changes_rate": 0.0644612014294, "tuning_diatonic_strength": 0.453325212002, "chords_scale": "minor", "chords_histogram": [5.10824632645, 0.583799540997, 3.50279736519, 0, 0, 7.02991962433, 0, 8.78131866455, 0, 0.486499637365, 8.12454414368, 0.0729749426246, 0.145949885249, 0.924349308014, 3.47847247124, 15.8112382889, 3.60009741783, 18.1464366913, 2.79737281799, 5.10824632645, 11.3111162186, 0.121624909341, 3.57577228546, 1.28922402859], "tuning_equal_tempered_deviation": 0.0376432575285, "hpcp": {"dmean": [0.161859422922, 0.145199686289, 0.128695443273, 0.141478821635, 0.154775798321, 0.166976481676, 0.173272520304, 0.163641110063, 0.159713029861, 0.157615274191, 0.132874339819, 0.0887654051185, 0.0790745988488, 0.0734607428312, 0.0769052132964, 0.0908615812659, 0.0810743421316, 0.0707661733031, 0.0660421177745, 0.0731384158134, 0.106761753559, 0.131360337138, 0.135582193732, 0.161061182618, 0.148582980037, 0.0989848151803, 0.0849387124181, 0.0935660153627, 0.0907397344708, 0.108647152781, 0.131264433265, 0.123222976923, 0.109328269958, 0.114826031029, 0.130001440644, 0.15844553709], "dmean2": [0.28996360302, 0.258295923471, 0.232117190957, 0.255054980516, 0.282547295094, 0.300095200539, 0.305784463882, 0.286579996347, 0.282781124115, 0.278194576502, 0.235044971108, 0.164078041911, 0.14446516335, 0.133811026812, 0.13557228446, 0.156029894948, 0.139751553535, 0.124328620732, 0.116399683058, 0.13176637888, 0.185270234942, 0.22613684833, 0.235312834382, 0.292174965143, 0.268146663904, 0.174822598696, 0.150496646762, 0.161459341645, 0.159277066588, 0.192951530218, 0.232893928885, 0.220863044262, 0.205966547132, 0.213874340057, 0.242306724191, 0.287344038486], "max": [1, 1, 1, 1, 1, 1, 1, 1, 1, 1, 1, 1, 1, 1, 1, 1, 1, 1, 1, 1, 1, 1, 1, 1, 1, 1, 1, 1, 1, 1, 1, 1, 1, 1, 1, 1], "dvar": [0.0690262615681, 0.0554953664541, 0.0482600741088, 0.0638999342918, 0.0651171952486, 0.0589597150683, 0.0649961084127, 0.0544608384371, 0.0537557154894, 0.0645009800792, 0.0456856265664, 0.0309179984033, 0.029125386849, 0.0252958256751, 0.0238066241145, 0.0305178947747, 0.0254494398832, 0.0243685524911, 0.0202400181442, 0.0219238530844, 0.031452909112, 0.0452398918569, 0.0388892926276, 0.0546619221568, 0.0535995662212, 0.0330818220973, 0.0261487774551, 0.0328980833292, 0.0292461067438, 0.0342525728047, 0.0500091724098, 0.0463644042611, 0.0501812957227, 0.0519830696285, 0.0609848238528, 0.0654034391046], "mean": [0.200225800276, 0.143535539508, 0.114730685949, 0.158681213856, 0.142072692513, 0.162804469466, 0.236513316631, 0.184980273247, 0.17292304337, 0.225134044886, 0.146515220404, 0.0704921558499, 0.069190017879, 0.0627151727676, 0.0816633030772, 0.116101793945, 0.0942149534822, 0.0692302286625, 0.0720812529325, 0.0653010979295, 0.111706256866, 0.187326908112, 0.160790786147, 0.146907255054, 0.166223928332, 0.104628957808, 0.0818218365312, 0.118716262281, 0.102986641228, 0.109996899962, 0.155215650797, 0.119266793132, 0.0831721648574, 0.0942161083221, 0.100474126637, 0.152487143874], "dvar2": [0.173741519451, 0.152748227119, 0.132334887981, 0.169390007854, 0.175726056099, 0.162179216743, 0.167691990733, 0.145870611072, 0.147957921028, 0.159109175205, 0.12958958745, 0.0873566642404, 0.0810015723109, 0.0714929327369, 0.0647365897894, 0.0761516094208, 0.0665771365166, 0.0657769292593, 0.0528172031045, 0.0609577856958, 0.0851466730237, 0.105958409607, 0.099267847836, 0.148649707437, 0.144440501928, 0.0884458571672, 0.0716786086559, 0.0827064663172, 0.0774954780936, 0.0959640219808, 0.12491773814, 0.128622889519, 0.146715447307, 0.14435043931, 0.166949391365, 0.175767958164], "min": [0, 0, 0, 0, 0, 0, 0, 0, 0, 0, 0, 0, 0, 0, 0, 0, 0, 0, 0, 0, 0, 0, 0, 0, 0, 0, 0, 0, 0, 0, 0, 0, 0, 0, 0, 0], "var": [0.0977402180433, 0.0547856651247, 0.0425980463624, 0.0853251814842, 0.064116075635, 0.0592731684446, 0.107169568539, 0.0683797746897, 0.0650032684207, 0.113767914474, 0.0546185150743, 0.0219718087465, 0.0236220639199, 0.0190003495663, 0.0246516428888, 0.0474979542196, 0.0341439135373, 0.0238626543432, 0.0255284719169, 0.0193066261709, 0.0328717380762, 0.0787812769413, 0.0575775131583, 0.0543558858335, 0.0791652724147, 0.040562544018, 0.0238480977714, 0.0525509268045, 0.0381080545485, 0.0361484661698, 0.0679756328464, 0.0448577515781, 0.0335677526891, 0.0429110713303, 0.0477565526962, 0.0652957037091], "median": [0.038508720696, 0.0323964878917, 0.0234658792615, 0.0171459224075, 0.0199123714119, 0.0483311861753, 0.0604524798691, 0.0536628514528, 0.0458374992013, 0.0359299220145, 0.0275146663189, 0.0170889254659, 0.0162423253059, 0.0153996711597, 0.022375991568, 0.0294840820134, 0.0239902194589, 0.0180125832558, 0.0137776173651, 0.0161916390061, 0.0325908102095, 0.0473269373178, 0.049898289144, 0.0391581878066, 0.0211770739406, 0.0169965159148, 0.0223805699497, 0.0231669768691, 0.0233963150531, 0.03328576684, 0.0391601137817, 0.030798535794, 0.0203359704465, 0.0182569660246, 0.017952606082, 0.0298755001277]}}, "lowlevel": {"melbands_flatness_db": {"dmean": 0.0293598175049, "dmean2": 0.0462645813823, "max": 0.764837086201, "dvar": 0.000945418141782, "mean": 0.197375431657, "dvar2": 0.00227896589786, "min": 6.73038300647e-07, "var": 0.00633414974436, "median": 0.182519674301}, "melbands_crest": {"dmean": 3.46339058876, "dmean2": 5.65448951721, "max": 37.812877655, "dvar": 10.5605230331, "mean": 16.3138751984, "dvar2": 25.6942405701, "min": 1.00162744522, "var": 37.0245170593, "median": 15.9989557266}, "spectral_entropy": {"dmean": 0.167325600982, "dmean2": 0.245721176267, "max": 9.82254981995, "dvar": 0.0372252129018, "mean": 7.7031288147, "dvar2": 0.076204881072, "min": 4.39280509949, "var": 0.252102553844, "median": 7.75974941254}, "melbands": {"dmean": [0.00164511450566, 0.00203527882695, 0.000929840374738, 0.000217073917156, 0.000118655545521, 0.000105610117316, 9.71847621258e-05, 8.93881660886e-05, 7.93587314547e-05, 0.000100984645542, 5.82776847295e-05, 0.000100457626104, 0.000100691293483, 4.97547916893e-05, 8.11960198916e-05, 0.000122065510368, 6.06661196798e-05, 3.89984925278e-05, 3.8911253796e-05, 3.65481027984e-05, 2.55653649219e-05, 1.96520759346e-05, 2.04169900826e-05, 1.41493646879e-05, 1.13432042781e-05, 1.13054402391e-05, 7.41898475098e-06, 4.75865772387e-06, 4.1122739276e-06, 2.98665531773e-06, 2.61919831246e-06, 2.35979769059e-06, 2.58038676293e-06, 2.94363258035e-06, 2.64521486315e-06, 2.12091799767e-06, 1.59018350132e-06, 1.28669000787e-06, 1.05886272195e-06, 9.36675007779e-07], "dmean2": [0.00226249732077, 0.00351003441028, 0.00162516313139, 0.00038217799738, 0.000195955450181, 0.000169494494912, 0.000149400555529, 0.00013631155889, 0.000125538979773, 0.000157229515025, 8.82392341737e-05, 0.000152418680955, 0.000157527625561, 7.82914139563e-05, 0.000127541512484, 0.000200764858164, 9.80766490102e-05, 6.31323491689e-05, 6.2741637521e-05, 5.86995665799e-05, 4.11580040236e-05, 3.13191740133e-05, 3.31651608576e-05, 2.27964574151e-05, 1.79776525329e-05, 1.77800175152e-05, 1.1835281839e-05, 7.57547059038e-06, 6.66861660648e-06, 4.88359410156e-06, 4.26124415753e-06, 3.74450451091e-06, 4.044657544e-06, 4.62901789433e-06, 4.12452936871e-06, 3.39686766893e-06, 2.48542824011e-06, 2.08959090742e-06, 1.66436245763e-06, 1.43237502925e-06], "max": [0.0281244926155, 0.0352294668555, 0.022983757779, 0.00823614839464, 0.0047817309387, 0.00389158213511, 0.00359295075759, 0.00538978772238, 0.00396459270269, 0.00582107994705, 0.00402840645984, 0.00789463985711, 0.00465040374547, 0.00238533085212, 0.00536748813465, 0.00545765738934, 0.00306856026873, 0.002105838852, 0.00206350837834, 0.00353259686381, 0.0014758168254, 0.00121399760246, 0.000937040429562, 0.000979363685474, 0.00036402506521, 0.000826354429591, 0.000245955656283, 0.000131558947032, 0.000139738476719, 0.000134776055347, 0.000187697805814, 0.000264354486717, 0.000354486139258, 0.00040172750596, 0.000367087923223, 0.000411789631471, 0.000169165359694, 0.000172959335032, 0.000136415255838, 6.48917775834e-05], "dvar": [8.62880460772e-06, 1.4128670955e-05, 4.00198905481e-06, 2.13860801068e-07, 5.17423615065e-08, 4.70833363408e-08, 4.04388948994e-08, 3.96442629835e-08, 3.82002554034e-08, 6.81211886899e-08, 1.26698305181e-08, 5.43048237489e-08, 3.56635716514e-08, 1.05792450356e-08, 2.8125972662e-08, 7.56977200922e-08, 1.69696807717e-08, 8.98926355575e-09, 8.89197515619e-09, 1.02123038914e-08, 3.22424997812e-09, 1.86838922112e-09, 1.5483352378e-09, 6.55975218589e-10, 2.93699731202e-10, 4.67706873231e-10, 1.64287167204e-10, 6.29329990898e-11, 5.16724441013e-11, 4.08571787514e-11, 4.203293269e-11, 5.41033814971e-11, 1.27355778701e-10, 1.35853203687e-10, 1.79060238858e-10, 1.30457658565e-10, 4.16640159873e-11, 2.0599365963e-11, 1.1447452361e-11, 5.11832893776e-12], "mean": [0.00247388496064, 0.00375370588154, 0.00130407128017, 0.000290839612717, 0.000189112484804, 0.000180761984666, 0.000198292982532, 0.000182102958206, 0.000137053677463, 0.000173564709257, 0.00010698956612, 0.000192209816305, 0.000203258154215, 0.00010042123904, 0.000142417746247, 0.000208020326681, 9.68979948084e-05, 6.02152904321e-05, 6.57400742057e-05, 5.99689847149e-05, 4.59298425994e-05, 3.61296224582e-05, 3.55613519787e-05, 2.6632220397e-05, 2.35327352129e-05, 2.17034466914e-05, 1.27872190205e-05, 7.81702601671e-06, 6.16262786934e-06, 4.6426789595e-06, 4.25536882176e-06, 3.86684223486e-06, 3.7811510083e-06, 4.31336229667e-06, 3.7924037315e-06, 2.93752009384e-06, 2.39765086008e-06, 1.86489398857e-06, 1.54214251324e-06, 1.33067715069e-06], "dvar2": [1.68256283359e-05, 3.9713413571e-05, 1.09110142148e-05, 6.06321862051e-07, 1.29723346731e-07, 1.15172049675e-07, 8.95429934644e-08, 9.40188868981e-08, 9.49627221303e-08, 1.64019326121e-07, 2.81035497096e-08, 1.32173042289e-07, 8.97389895727e-08, 2.53665888295e-08, 6.93233843663e-08, 2.02658895887e-07, 4.2954166446e-08, 2.21383480437e-08, 2.21536318179e-08, 2.52871057427e-08, 8.208605351e-09, 4.54040849363e-09, 3.87579568439e-09, 1.58697044395e-09, 7.20853765568e-10, 1.04667252643e-09, 3.93159726997e-10, 1.58264512606e-10, 1.26183452576e-10, 1.01163299959e-10, 1.03601259516e-10, 1.27611254896e-10, 2.93516849714e-10, 2.98811003718e-10, 4.21961604546e-10, 3.27236321374e-10, 9.57495471798e-11, 4.92769922089e-11, 2.7405817199e-11, 1.15130283779e-11], "min": [1.64542224776e-24, 5.51177163782e-25, 1.01005770026e-24, 8.05760918913e-25, 1.78743377678e-24, 1.87980051409e-24, 2.58016384752e-24, 2.33693199803e-24, 2.53564862386e-24, 1.61490940377e-24, 1.90109384208e-24, 2.01866586861e-24, 2.16287851677e-24, 2.3722226767e-24, 2.49415572353e-24, 1.96909108831e-24, 2.96604324514e-24, 3.95522946078e-24, 3.10391384605e-24, 3.1299446782e-24, 3.16045347928e-24, 4.35138751877e-24, 2.94160808138e-24, 3.23032072029e-24, 3.65772437544e-24, 3.35083736736e-24, 4.76436961329e-24, 4.39823994009e-24, 5.45524413332e-24, 4.91050806814e-24, 4.86111985344e-24, 5.52151397139e-24, 5.29377732223e-24, 5.36568317703e-24, 4.25045592139e-24, 6.12315570127e-24, 5.67847125912e-24, 6.7955278832e-24, 5.73745557229e-24, 6.59841994197e-24], "var": [1.54922799993e-05, 1.53771943587e-05, 3.24536699736e-06, 1.92569132196e-07, 8.39703204747e-08, 8.99333656434e-08, 1.36151157903e-07, 1.01713901302e-07, 6.61739676389e-08, 1.2113096659e-07, 3.26699485242e-08, 1.52285906552e-07, 1.34467143198e-07, 4.17353831494e-08, 6.65606805228e-08, 1.89704579157e-07, 3.44643034111e-08, 1.45883287672e-08, 1.86774862243e-08, 2.38303492495e-08, 9.07663100236e-09, 4.86466733562e-09, 3.37448602394e-09, 1.2717803477e-09, 8.54804504957e-10, 1.17721576931e-09, 3.30825505879e-10, 1.12021697474e-10, 6.9846302353e-11, 4.85447827769e-11, 5.07110568815e-11, 6.69927932573e-11, 1.4456531805e-10, 1.71820599415e-10, 1.88454016281e-10, 1.19671106358e-10, 4.85615818391e-11, 2.20840359888e-11, 1.272064485e-11, 6.55690128928e-12], "median": [0.000955865019932, 0.00284102535807, 0.00082381919492, 0.000154253677465, 0.0001019420597, 8.82747553987e-05, 7.16827926226e-05, 6.23811720288e-05, 5.22866066603e-05, 5.63571957173e-05, 4.67948921141e-05, 5.38304811926e-05, 5.72674725845e-05, 3.1009207305e-05, 4.77666580991e-05, 5.06033793499e-05, 3.3359588997e-05, 2.52072095464e-05, 2.24469022214e-05, 1.8300524971e-05, 1.68982896867e-05, 1.48663675645e-05, 1.69340200955e-05, 1.61817006301e-05, 1.45873109432e-05, 1.17587078421e-05, 6.66103915137e-06, 4.27267559644e-06, 3.4583561046e-06, 2.65104745267e-06, 2.39443079408e-06, 2.14146643884e-06, 1.73088380961e-06, 1.74643082573e-06, 1.40986253427e-06, 1.06363586383e-06, 1.01813191122e-06, 8.61010107656e-07, 6.77068953792e-07, 6.15716999164e-07]}, "silence_rate_60dB": {"dmean": 0.00681348098442, "dmean2": 0.013628619723, "max": 1, "dvar": 0.00676644360647, "mean": 0.063625305891, "dvar2": 0.0163608342409, "min": 0, "var": 0.0595729909837, "median": 0}, "spectral_energyband_middle_high": {"dmean": 0.00295749679208, "dmean2": 0.00463120266795, "max": 0.0681347772479, "dvar": 1.41016098496e-05, "mean": 0.00972464587539, "dvar2": 3.48845278495e-05, "min": 1.1670399649e-21, "var": 7.8475837654e-05, "median": 0.00743526779115}, "erbbands_skewness": {"dmean": 0.351194143295, "dmean2": 0.539259791374, "max": 9.50743198395, "dvar": 0.144842192531, "mean": 0.121530786157, "dvar2": 0.313666254282, "min": -6.0378446579, "var": 0.806572794914, "median": 0.095286950469}, "dynamic_complexity": 3.0503320694, "dissonance": {"dmean": 0.0176630560309, "dmean2": 0.0295092612505, "max": 0.499999970198, "dvar": 0.000297717051581, "mean": 0.466931968927, "dvar2": 0.000756848137826, "min": 0.232470870018, "var": 0.000660813646391, "median": 0.473013341427}, "spectral_skewness": {"dmean": 0.177383542061, "dmean2": 0.27147808671, "max": 6.5552573204, "dvar": 0.0541814267635, "mean": 1.72439813614, "dvar2": 0.115655742586, "min": -0.152317523956, "var": 0.279599189758, "median": 1.67835640907}, "spectral_kurtosis": {"dmean": 1.22317016125, "dmean2": 1.93112564087, "max": 94.9715805054, "dvar": 4.96736431122, "mean": 5.29616308212, "dvar2": 12.3500118256, "min": -1.29017269611, "var": 15.4885873795, "median": 4.70839595795}, "gfcc": {"cov": [[26063.515625, -1300.60229492, -2064.80175781, 715.625183105, -365.685089111, 863.692321777, -511.908874512, 414.906585693, -351.097076416, 248.434326172, -181.440872192, -21.2630214691, -503.694244385], [-1300.60229492, 1235.86694336, -286.276580811, -230.287567139, -113.846321106, -235.214111328, 25.4482784271, -68.1221694946, -45.9364509583, -84.1486053467, 4.4131321907, -35.6428413391, 45.4389076233], [-2064.80175781, -286.276580811, 1135.10217285, 34.2951850891, 198.070358276, 9.8526134491, 44.5939750671, 13.7765722275, 69.8468093872, 69.9679412842, -1.43879187107, 16.0009098053, 22.8273925781], [715.625183105, -230.287567139, 34.2951850891, 267.133666992, 51.8620796204, 56.5432243347, -35.739440918, 18.9600219727, 52.4226036072, 24.7157478333, -11.231467247, 23.6659984589, 21.4863929749], [-365.685089111, -113.846321106, 198.070358276, 51.8620796204, 304.096557617, 35.4137916565, 20.2006702423, 21.6252117157, 57.232460022, 32.4684143066, 9.82336139679, 29.8842906952, 17.9104309082], [863.692321777, -235.214111328, 9.8526134491, 56.5432243347, 35.4137916565, 242.136611938, 61.8955459595, 54.0412559509, -2.37000918388, 29.1962242126, 23.4169654846, 13.7909030914, -38.428730011], [-511.908874512, 25.4482784271, 44.5939750671, -35.739440918, 20.2006702423, 61.8955459595, 184.269500732, 38.412612915, -13.0111141205, 2.78030872345, 33.0008850098, -4.58827495575, -2.36473441124], [414.906585693, -68.1221694946, 13.7765722275, 18.9600219727, 21.6252117157, 54.0412559509, 38.412612915, 132.929000854, 48.1841850281, 28.3169059753, 9.43037509918, 12.6022195816, -0.965387642384], [-351.097076416, -45.9364509583, 69.8468093872, 52.4226036072, 57.232460022, -2.37000918388, -13.0111141205, 48.1841850281, 135.459915161, 41.0843009949, 4.47151565552, 18.6161155701, 28.7302494049], [248.434326172, -84.1486053467, 69.9679412842, 24.7157478333, 32.4684143066, 29.1962242126, 2.78030872345, 28.3169059753, 41.0843009949, 105.071182251, 45.3826026917, 6.55962133408, -9.04400444031], [-181.440872192, 4.4131321907, -1.43879187107, -11.231467247, 9.82336139679, 23.4169654846, 33.0008850098, 9.43037509918, 4.47151565552, 45.3826026917, 93.1336898804, 22.1474590302, -5.71521568298], [-21.2630214691, -35.6428413391, 16.0009098053, 23.6659984589, 29.8842906952, 13.7909030914, -4.58827495575, 12.6022195816, 18.6161155701, 6.55962133408, 22.1474590302, 72.1987304688, 35.3664016724], [-503.694244385, 45.4389076233, 22.8273925781, 21.4863929749, 17.9104309082, -38.428730011, -2.36473441124, -0.965387642384, 28.7302494049, -9.04400444031, -5.71521568298, 35.3664016724, 97.9870910645]], "mean": [15.2667827606, 65.1966247559, -99.1977081299, 21.6466236115, -33.0278358459, 19.2567768097, -24.7698116302, 12.0937671661, -23.1986675262, 2.78638410568, -15.506934166, 1.62419331074, -18.8777122498], "icov": [[9.7767864645e-05, 2.93860216516e-06, 0.000172463376657, -0.00021630738047, 2.02302780963e-05, -0.000212040613405, 0.000299735955196, -0.000378205062589, 0.00048833451001, -0.000481116236188, 0.000428472907515, -0.000196930821403, 0.000333591073286], [2.93860216516e-06, 0.00129399250727, 0.000286020309431, 0.000757250294555, 5.07635559188e-05, 0.000978718046099, -0.000387716514524, 0.000159864444868, -0.000195541171706, 0.000555654289201, -0.00050163717242, 0.000489990517963, -0.000548345968127], [0.000172463376657, 0.000286020309431, 0.00142238358967, -0.000181346622412, -0.000536210660357, -4.59018374386e-05, 5.4632233514e-05, -0.000375473202439, 0.000629196991213, -0.00152589159552, 0.00123741023708, -0.000373828894226, 0.000421708158683], [-0.00021630738047, 0.000757250294555, -0.000181346622412, 0.00568658486009, -0.000370731053408, -0.000515978026669, 0.00023675756529, 0.00119588465896, -0.0024516643025, 0.000683998630848, -0.000201226590434, 0.000198285022634, -0.00208618980832], [2.02302780963e-05, 5.07635559188e-05, -0.000536210660357, -0.000370731053408, 0.00416792929173, -0.000363876519259, -0.000456146226497, 0.000284487527097, -0.00116479711141, -0.000412761874031, 0.000349620328052, -0.0013171635801, 0.000173143576831], [-0.000212040613405, 0.000978718046099, -4.59018374386e-05, -0.000515978026669, -0.000363876519259, 0.00734642194584, -0.0029404903762, -0.000690750428475, -9.26221982809e-05, 0.000499190937262, -0.00100526446477, -0.0013962482335, 0.00196842313744], [0.000299735955196, -0.000387716514524, 5.4632233514e-05, 0.00023675756529, -0.000456146226497, -0.0029404903762, 0.00870882533491, -0.00348039274104, 0.00263989018276, 0.000224003364565, -0.00209949770942, 0.00208618491888, -0.000866804330144], [-0.000378205062589, 0.000159864444868, -0.000375473202439, 0.00119588465896, 0.000284487527097, -0.000690750428475, -0.00348039274104, 0.0120313866064, -0.00580620439723, 0.000284883804852, -0.000110360939289, -0.000937052769586, -0.00042090768693], [0.00048833451001, -0.000195541171706, 0.000629196991213, -0.0024516643025, -0.00116479711141, -9.26221982809e-05, 0.00263989018276, -0.00580620439723, 0.0141212660819, -0.0060901530087, 0.00297857983969, -0.00114894774742, -0.000939087825827], [-0.000481116236188, 0.000555654289201, -0.00152589159552, 0.000683998630848, -0.000412761874031, 0.000499190937262, 0.000224003364565, 0.000284883804852, -0.0060901530087, 0.0186176057905, -0.0108418473974, 0.00386866414919, -0.00077053491259], [0.000428472907515, -0.00050163717242, 0.00123741023708, -0.000201226590434, 0.000349620328052, -0.00100526446477, -0.00209949770942, -0.000110360939289, 0.00297857983969, -0.0108418473974, 0.019894534722, -0.00820732023567, 0.00392971839756], [-0.000196930821403, 0.000489990517963, -0.000373828894226, 0.000198285022634, -0.0013171635801, -0.0013962482335, 0.00208618491888, -0.000937052769586, -0.00114894774742, 0.00386866414919, -0.00820732023567, 0.0221494343132, -0.00924076326191], [0.000333591073286, -0.000548345968127, 0.000421708158683, -0.00208618980832, 0.000173143576831, 0.00196842313744, -0.000866804330144, -0.00042090768693, -0.000939087825827, -0.00077053491259, 0.00392971839756, -0.00924076326191, 0.017017673701]]}, "spectral_complexity": {"dmean": 4.98965787888, "dmean2": 7.38062810898, "max": 59, "dvar": 30.5707263947, "mean": 21.6982975006, "dvar2": 62.491569519, "min": 0, "var": 127.771377563, "median": 21}, "spectral_flux": {"dmean": 0.0297376085073, "dmean2": 0.0455901399255, "max": 0.351333081722, "dvar": 0.00110839668196, "mean": 0.0935737416148, "dvar2": 0.00208137440495, "min": 6.31217300651e-11, "var": 0.0030019597616, "median": 0.0842520967126}, "spectral_energyband_low": {"dmean": 0.00894159916788, "dmean2": 0.0146405948326, "max": 0.123373948038, "dvar": 0.000202146780794, "mean": 0.018413040787, "dvar2": 0.000548317097127, "min": 8.82083832721e-24, "var": 0.000330118957208, "median": 0.0129014663398}, "spectral_decrease": {"dmean": 2.73728484323e-09, "dmean2": 4.31158042602e-09, "max": 1.65745603236e-28, "dvar": 1.38059198747e-17, "mean": -8.53732018413e-09, "dvar2": 3.60286622167e-17, "min": -3.59239678005e-08, "var": 3.22804190024e-17, "median": -7.54724371888e-09}, "barkbands_spread": {"dmean": 6.63303136826, "dmean2": 10.4068050385, "max": 133.228439331, "dvar": 75.1901626587, "mean": 28.222240448, "dvar2": 157.330734253, "min": 0.0692510381341, "var": 227.921081543, "median": 27.6522350311}, "spectral_rms": {"dmean": 0.000835923070554, "dmean2": 0.00128096796107, "max": 0.0116722369567, "dvar": 8.70791154739e-07, "mean": 0.00546116102487, "dvar2": 2.11585302168e-06, "min": 3.09146827061e-12, "var": 4.3997802095e-06, "median": 0.00552865723148}, "spectral_centroid": {"dmean": 254.348190308, "dmean2": 395.239105225, "max": 11999.3476563, "dvar": 114712.21875, "mean": 1647.13415527, "dvar2": 230294.90625, "min": 72.7779846191, "var": 1383951.25, "median": 1609.86376953}, "barkbands_skewness": {"dmean": 0.641958415508, "dmean2": 1.00044202805, "max": 68.5186691284, "dvar": 1.37987613678, "mean": 1.58263242245, "dvar2": 3.16224789619, "min": -2.99393153191, "var": 10.1906747818, "median": 1.02869796753}, "spectral_rolloff": {"dmean": 503.3230896, "dmean2": 850.365112305, "max": 19573.6816406, "dvar": 895514.875, "mean": 1725.35107422, "dvar2": 1831839.625, "min": 43.06640625, "var": 4971714, "median": 1378.125}, "erbbands_spread": {"dmean": 7.92404079437, "dmean2": 12.052488327, "max": 166.187210083, "dvar": 83.2919769287, "mean": 33.4996986389, "dvar2": 186.693054199, "min": 1.99871957302, "var": 347.040771484, "median": 29.1924171448}, "barkbands": {"dmean": [0.000194339125301, 0.00586416199803, 0.00491896644235, 0.00158415536862, 0.000897806370631, 0.000537415617146, 0.000507952994667, 0.000376258481992, 0.000672606402077, 0.000493895611726, 0.000834826088976, 0.000446508900495, 0.00114476413, 0.000592372496612, 0.000533185666427, 0.000422543875175, 0.000362261751434, 0.000315804005368, 0.000266733433818, 0.000162618947797, 0.000120464945212, 0.000122309516883, 0.0001528338762, 0.000113078174763, 0.000102210251498, 0.00012069055083, 8.52586308611e-05], "dmean2": [0.000258440093603, 0.00837595295161, 0.00880736485124, 0.00280343252234, 0.00156721891835, 0.000864098779857, 0.000775243097451, 0.000596611003857, 0.00104475428816, 0.000764350232203, 0.0013033177238, 0.000704671023414, 0.00187997228932, 0.000964188599028, 0.000864441564772, 0.000681822479237, 0.00057126081083, 0.000508320285007, 0.000417549308622, 0.000257048435742, 0.000193464293261, 0.000189667931409, 0.000237075306359, 0.000177707290277, 0.00015184849326, 0.000182128322194, 0.000129056032165], "max": [0.00468197930604, 0.0935253128409, 0.087490811944, 0.0448837354779, 0.0297767352313, 0.0186519064009, 0.0215328279883, 0.0137759260833, 0.0326156504452, 0.0310550052673, 0.0343197919428, 0.01939557679, 0.0417722910643, 0.0245873518288, 0.026311295107, 0.0368905067444, 0.0147664546967, 0.0190615933388, 0.0124065252021, 0.00435275956988, 0.00533313537017, 0.0143116945401, 0.0208117607981, 0.0139761064202, 0.00953255221248, 0.00689007621258, 0.00203391653486], "dvar": [1.26123509858e-07, 9.87647363218e-05, 0.000118213283713, 1.21943503473e-05, 3.29305134983e-06, 1.12370287297e-06, 1.12415602871e-06, 7.22560514532e-07, 2.44261627813e-06, 1.32835680233e-06, 2.58043155554e-06, 8.97869654182e-07, 5.16482123203e-06, 1.55754207753e-06, 1.51241226831e-06, 1.09404106752e-06, 5.59959460134e-07, 3.45212441744e-07, 1.96670214336e-07, 6.3364105074e-08, 6.30151717473e-08, 2.11637100733e-07, 5.40019868822e-07, 1.79919197763e-07, 7.16421979519e-08, 8.29446946682e-08, 3.44927109097e-08], "mean": [0.000238706139498, 0.00945536512882, 0.00751203345135, 0.00167194870301, 0.00127254845574, 0.000902694591787, 0.00105437927414, 0.000653153401799, 0.00116720737424, 0.000899840670172, 0.00163316365797, 0.000812526792288, 0.00198304723017, 0.000921226106584, 0.00088144117035, 0.000722743454389, 0.000662200793158, 0.000592540134676, 0.000559874635655, 0.00028796348488, 0.000200516864425, 0.000200346621568, 0.000228934033657, 0.000173331194674, 0.000153269400471, 0.00015243657981, 8.61649823491e-05], "dvar2": [2.54781667763e-07, 0.000212938146433, 0.000335786899086, 3.40533115377e-05, 9.24838059291e-06, 2.73573118648e-06, 2.52580821325e-06, 1.77380820787e-06, 5.86097439736e-06, 3.32257536684e-06, 6.34632897345e-06, 2.19149387704e-06, 1.35957634484e-05, 3.92730635213e-06, 3.70042698705e-06, 2.77437243312e-06, 1.34352944769e-06, 8.30881901948e-07, 4.42529710654e-07, 1.54338366087e-07, 1.50966855017e-07, 4.82849998207e-07, 1.26373402054e-06, 4.20193941864e-07, 1.61523175279e-07, 1.94775111595e-07, 8.43449399213e-08], "min": [1.36716682297e-26, 4.054210994e-24, 4.20134844258e-25, 8.26275246753e-25, 7.35286600134e-24, 8.47463015287e-24, 1.2044622546e-23, 1.28128026738e-23, 1.17504539479e-23, 1.72972505169e-23, 1.18927999539e-23, 2.1741391512e-23, 3.02675137716e-23, 3.62330503308e-23, 4.21150338984e-23, 5.41777868347e-23, 7.29579017936e-23, 8.96186441118e-23, 1.08958061453e-22, 1.65246707541e-22, 2.64858875103e-22, 2.90858847015e-22, 3.53479559683e-22, 6.08427691243e-22, 8.25220955847e-22, 1.23483292929e-21, 1.81713243664e-21], "var": [2.19800526224e-07, 0.000174302971573, 9.57537486102e-05, 8.93085962161e-06, 3.3306671412e-06, 2.02188562071e-06, 3.58495572073e-06, 1.54560495957e-06, 4.41489191871e-06, 3.21303741657e-06, 9.58566124609e-06, 2.5372107757e-06, 1.33854973683e-05, 3.10115501634e-06, 2.97402743854e-06, 2.60781098405e-06, 1.41301143231e-06, 7.26097141523e-07, 5.6858851849e-07, 1.34001069796e-07, 8.09783031741e-08, 2.55619312384e-07, 5.86092539834e-07, 2.04132732051e-07, 9.15423257197e-08, 1.03482896918e-07, 3.4429859852e-08], "median": [1.49578445416e-05, 0.00453948695213, 0.00501990970224, 0.000797865330242, 0.000695371534675, 0.000464423501398, 0.00033199734753, 0.000220620684559, 0.000398326723371, 0.000289865594823, 0.000395759765524, 0.000269050709903, 0.0005232662661, 0.000322559324559, 0.000334052107064, 0.000247084273724, 0.000291210366413, 0.000343709485605, 0.000327685265802, 0.000157820730237, 0.000122032091895, 0.000107348008896, 9.16602875805e-05, 7.85877709859e-05, 7.08138250047e-05, 5.70086776861e-05, 1.90689897863e-05]}, "melbands_kurtosis": {"dmean": 8.94702911377, "dmean2": 14.5868425369, "max": 1014.21923828, "dvar": 685.871154785, "mean": 14.8433952332, "dvar2": 1694.26171875, "min": -1.93194794655, "var": 1511.9251709, "median": 4.38785266876}, "erbbands_crest": {"dmean": 2.98734354973, "dmean2": 4.76988458633, "max": 31.356967926, "dvar": 7.47690868378, "mean": 10.1293411255, "dvar2": 18.8118534088, "min": 2.10272622108, "var": 22.8909378052, "median": 9.11228561401}, "melbands_skewness": {"dmean": 0.819105505943, "dmean2": 1.2896771431, "max": 20.7470493317, "dvar": 0.989659368992, "mean": 2.52812743187, "dvar2": 2.43391370773, "min": -1.83890652657, "var": 4.19397211075, "median": 2.00934457779}, "spectral_energyband_middle_low": {"dmean": 0.00322550162673, "dmean2": 0.0052470494993, "max": 0.0653663799167, "dvar": 2.8937443858e-05, "mean": 0.00692083081231, "dvar2": 7.58224196034e-05, "min": 1.75000537183e-22, "var": 3.56195669156e-05, "median": 0.00542915612459}, "spectral_contrast_coeffs": {"dmean": [0.0528378337622, 0.0461724847555, 0.0417616814375, 0.03516144678, 0.0234820172191, 0.0167811792344], "dmean2": [0.0868970304728, 0.0753834173083, 0.0666575282812, 0.0571600347757, 0.0371388234198, 0.0267792418599], "max": [-0.364492923021, -0.442386209965, -0.486637711525, -0.507413804531, -0.512611925602, -0.587237179279], "dvar": [0.00215439568274, 0.00145138066728, 0.00115030119196, 0.000851521093864, 0.000405021477491, 0.000232137041166], "mean": [-0.645644366741, -0.731005728245, -0.738191485405, -0.754815518856, -0.78079366684, -0.779703915119], "dvar2": [0.0057258149609, 0.00365080195479, 0.00281620700844, 0.00216417573392, 0.000940544647165, 0.000533430022188], "min": [-0.974475383759, -0.977397501469, -0.983008027077, -0.970409929752, -0.976335942745, -0.964610934258], "var": [0.00664018839598, 0.00594546319917, 0.00583248538896, 0.00433774664998, 0.00267159426585, 0.00179446744733], "median": [-0.644961595535, -0.733545899391, -0.737406671047, -0.75438451767, -0.782979130745, -0.777134180069]}, "spectral_contrast_valleys": {"dmean": [0.405135989189, 0.385498195887, 0.354427039623, 0.348441779613, 0.319231182337, 0.318764507771], "dmean2": [0.650501251221, 0.624180614948, 0.568913698196, 0.531482517719, 0.444749414921, 0.432603091002], "max": [-5.36513376236, -5.22017049789, -5.36516952515, -5.58350038528, -5.58733034134, -7.13733768463], "dvar": [0.128244146705, 0.118458971381, 0.113471783698, 0.131903260946, 0.137472391129, 0.164544314146], "mean": [-7.39780902863, -7.24680948257, -7.55674552917, -7.72933340073, -7.61879491806, -10.0130786896], "dvar2": [0.290667533875, 0.265969306231, 0.248656824231, 0.270582824945, 0.252122402191, 0.312309265137], "min": [-27.9107036591, -28.060962677, -27.7505226135, -27.604019165, -27.4693622589, -27.4230079651], "var": [5.20854997635, 5.18146181107, 5.16320228577, 5.47004890442, 5.7049536705, 5.12832927704], "median": [-7.0368938446, -6.91597604752, -7.19766044617, -7.30032300949, -7.13956928253, -9.50142860413]}, "silence_rate_20dB": {"dmean": 0, "dmean2": 0, "max": 1, "dvar": 0, "mean": 1, "dvar2": 0, "min": 1, "var": 0, "median": 1}, "silence_rate_30dB": {"dmean": 0.000243338610744, "dmean2": 0.000486736418679, "max": 1, "dvar": 0.000243251939537, "mean": 0.99987834692, "dvar2": 0.000729758001398, "min": 0, "var": 0.000121632845548, "median": 1}, "spectral_strongpeak": {"dmean": 0.63658195734, "dmean2": 1.13667750359, "max": 15.5430879593, "dvar": 1.90861344337, "mean": 0.973815441132, "dvar2": 4.88979959488, "min": 0, "var": 2.58027005196, "median": 0.449043810368}, "spectral_spread": {"dmean": 589496.875, "dmean2": 851161.375, "max": 43540864, "dvar": 672139575296, "mean": 5558501, "dvar2": 1113369739260.0, "min": 798650.25, "var": 16188618833900.0, "median": 4907964}, "barkbands_flatness_db": {"dmean": 0.0235654748976, "dmean2": 0.0371979996562, "max": 0.59763354063, "dvar": 0.000606793968473, "mean": 0.119039654732, "dvar2": 0.00147183891386, "min": 0.0245131533593, "var": 0.00350768491626, "median": 0.105508752167}, "pitch_salience": {"dmean": 0.076898381114, "dmean2": 0.126305967569, "max": 0.996058225632, "dvar": 0.00597548438236, "mean": 0.463350236416, "dvar2": 0.0163841266185, "min": 0.0171424467117, "var": 0.0151286069304, "median": 0.46020835638}, "erbbands_kurtosis": {"dmean": 1.30472254753, "dmean2": 2.03338718414, "max": 133.40296936, "dvar": 8.9559431076, "mean": 1.6449007988, "dvar2": 19.7473297119, "min": -1.71230053902, "var": 24.0670433044, "median": 0.698046088219}, "average_loudness": 0.950194656849, "barkbands_crest": {"dmean": 2.76758146286, "dmean2": 4.35026073456, "max": 26.8921947479, "dvar": 6.41400289536, "mean": 10.5713663101, "dvar2": 15.1334218979, "min": 2.9327955246, "var": 19.721496582, "median": 9.71900081635}, "hfc": {"dmean": 11.3799381256, "dmean2": 16.9045944214, "max": 398.957336426, "dvar": 363.480163574, "mean": 31.5077781677, "dvar2": 830.489013672, "min": 1.09296122108e-16, "var": 725.678527832, "median": 26.1109580994}, "barkbands_kurtosis": {"dmean": 9.23427391052, "dmean2": 14.3525466919, "max": 6010.91845703, "dvar": 8339.97558594, "mean": 15.6934690475, "dvar2": 17366.8789063, "min": -1.9759773016, "var": 29028.46875, "median": 0.477540493011}, "erbbands": {"dmean": [0.183775529265, 1.32003676891, 4.74083328247, 6.10830593109, 3.0986905098, 3.2750210762, 3.28168153763, 4.75636148453, 6.14276885986, 8.53392124176, 8.78803825378, 16.0357894897, 11.5103635788, 25.3017902374, 26.8970832825, 18.8923721313, 50.8200111389, 33.027961731, 22.7580070496, 28.3354148865, 20.5886001587, 17.4461307526, 18.2646522522, 13.1178131104, 12.9400930405, 7.13189888, 5.74720621109, 4.38872480392, 4.04802751541, 4.84563302994, 4.2312130928, 2.74954724312, 1.73242330551, 1.10922288895, 0.787347197533, 0.493119597435, 0.223983436823, 0.0919346138835, 0.0154983429238, 0.000441534386482], "dmean2": [0.247652739286, 2.0300655365, 8.40206813812, 10.8026781082, 5.40033054352, 5.65859174728, 5.39991760254, 7.6474943161, 9.48744297028, 12.9588384628, 13.8601036072, 25.017375946, 17.4499092102, 38.3912162781, 42.1980285645, 29.7564945221, 83.2120819092, 53.4077224731, 36.671257019, 44.9923171997, 32.7944984436, 27.6887779236, 29.4595050812, 20.5537891388, 20.4023513794, 11.187582016, 9.19744491577, 7.14067840576, 6.33309221268, 7.5612154007, 6.56897735596, 4.30810308456, 2.75660514832, 1.67528533936, 1.17716360092, 0.73729622364, 0.344923138618, 0.139867499471, 0.0232794396579, 0.00068206974538], "max": [3.19332623482, 22.313709259, 87.7325210571, 152.645935059, 116.155342102, 108.190185547, 173.617050171, 177.724990845, 278.6484375, 531.691650391, 434.062286377, 804.324035645, 775.206604004, 1947.71765137, 1579.33215332, 951.512573242, 1835.97412109, 1726.08093262, 1351.36962891, 1746.58300781, 1178.22912598, 945.804626465, 1438.85766602, 420.34475708, 742.653747559, 188.694213867, 201.346252441, 301.353759766, 469.912994385, 562.20123291, 670.334838867, 383.108947754, 253.450408936, 72.5278015137, 85.5698165894, 55.3172607422, 12.8608646393, 1.9661244154, 0.366574704647, 0.00950844865292], "dvar": [0.119877025485, 4.9843378067, 99.5608596802, 183.736587524, 42.9640388489, 44.4106254578, 47.3749275208, 103.289955139, 179.261749268, 385.448638916, 447.111480713, 1717.76831055, 483.075531006, 3364.1875, 3316.53979492, 1365.87744141, 10475.3427734, 4409.7421875, 2667.52416992, 5682.71923828, 1828.78308105, 1193.1730957, 1383.89990234, 379.888305664, 551.930786133, 127.553138733, 106.448661804, 108.962921143, 199.303085327, 403.552154541, 482.329467773, 147.582763672, 38.1382904053, 7.92101240158, 4.77200269699, 2.29423570633, 0.258465081453, 0.0383408851922, 0.00110448314808, 9.45333511027e-07], "mean": [0.262332201004, 2.20068788528, 7.74622344971, 8.06436824799, 3.90635514259, 4.71771240234, 5.07706975937, 7.93714237213, 12.2402791977, 17.848279953, 15.9735822678, 27.6110572815, 22.4848861694, 50.0490074158, 57.2905502319, 39.2651138306, 91.6932296753, 58.6095085144, 39.050567627, 51.6913642883, 39.6236190796, 34.5665092468, 34.7034492493, 29.7446346283, 25.379617691, 13.0926046371, 9.29962158203, 7.48209905624, 6.8212184906, 7.4411277771, 6.24961948395, 4.17236709595, 2.59401631355, 1.64755237103, 1.14353370667, 0.668911874294, 0.268611222506, 0.0973656773567, 0.016086390242, 0.000471079256386], "dvar2": [0.19360910356, 12.0316810608, 281.422821045, 508.717437744, 119.327026367, 123.298828125, 114.744987488, 255.304519653, 392.150756836, 899.971435547, 1111.62390137, 4154.25683594, 1073.05358887, 8167.3984375, 8466.89550781, 3395.47094727, 27174.0136719, 11348.1035156, 6489.60839844, 14328.6669922, 4598.40478516, 2922.63256836, 3329.18994141, 907.740112305, 1250.06396484, 307.772186279, 251.180267334, 265.447021484, 455.352752686, 897.361572266, 1152.02563477, 346.436676025, 90.9251327515, 17.6420974731, 11.3299646378, 5.46612262726, 0.607575833797, 0.0946447253227, 0.00264787580818, 2.3595289349e-06], "min": [1.19191316576e-22, 8.99439362704e-22, 7.64192454787e-22, 5.84006476127e-21, 8.70041977656e-21, 2.39890778693e-20, 3.76259322115e-20, 7.94636289951e-20, 1.63138279392e-19, 2.27332445086e-19, 3.508897832e-19, 3.02361888397e-19, 4.89531793761e-19, 5.8401691282e-19, 9.35487506058e-19, 8.09105372e-19, 1.4642685029e-18, 1.64502773266e-18, 2.53171675246e-18, 3.15639734721e-18, 3.58479067093e-18, 4.82128258445e-18, 5.59139683372e-18, 5.17476581152e-18, 5.14840604694e-18, 7.6977477435e-18, 9.6224440005e-18, 9.8556808091e-18, 1.14331324352e-17, 1.05566808095e-17, 9.87798490714e-18, 9.5772865565e-18, 1.06078841166e-17, 8.58976359965e-18, 6.14329463355e-18, 4.18481135725e-18, 2.05545552066e-18, 8.64521923548e-19, 2.44981713472e-19, 2.55400043594e-20], "var": [0.230904698372, 7.61279344559, 88.4640045166, 141.733383179, 36.4658088684, 56.6027450562, 79.9354171753, 171.890106201, 622.863769531, 1027.87597656, 852.190185547, 2936.17358398, 1250.77893066, 9585.68847656, 13480.4101563, 4035.15820313, 27126.7890625, 9385.3046875, 4497.83496094, 15640.8261719, 5566.27392578, 3348.13354492, 2822.5847168, 1214.14221191, 1307.73657227, 253.484588623, 151.561462402, 135.435424805, 249.271743774, 497.679656982, 495.546051025, 161.023757935, 41.1340751648, 10.412938118, 5.49072170258, 2.63174176216, 0.321335792542, 0.0391499176621, 0.00114568939898, 9.08148422241e-07], "median": [0.0601619295776, 1.29113149643, 5.08205509186, 4.74713230133, 2.01664996147, 2.22598385811, 2.60390257835, 3.8738079071, 4.59703350067, 6.03034448624, 7.11480426788, 9.53329086304, 11.262966156, 16.9641914368, 17.7755241394, 17.8337249756, 27.513666153, 23.4460201263, 18.8864974976, 17.0451850891, 15.9147205353, 16.3204116821, 20.5408763885, 19.7447967529, 14.4724578857, 7.8090133667, 5.47197246552, 4.46059894562, 3.80138731003, 3.23128652573, 2.42963504791, 1.77002465725, 1.20762944221, 0.763741612434, 0.516463637352, 0.270116209984, 0.0936022102833, 0.0251306444407, 0.00376522773877, 0.000139634881634]}, "spectral_energy": {"dmean": 0.0109670013189, "dmean2": 0.0172122437507, "max": 0.139647141099, "dvar": 0.000211573118577, "mean": 0.0350796543062, "dvar2": 0.00054727907991, "min": 9.79610531622e-21, "var": 0.000522270449437, "median": 0.0313302017748}, "zerocrossingrate": {"dmean": 0.0122655490413, "dmean2": 0.0149345258251, "max": 0.5234375, "dvar": 0.000228679229622, "mean": 0.0714192688465, "dvar2": 0.000309198861942, "min": 0.0029296875, "var": 0.00301788770594, "median": 0.064453125}, "spectral_energyband_high": {"dmean": 0.000781726790592, "dmean2": 0.00115211249795, "max": 0.0421745441854, "dvar": 3.96170662498e-06, "mean": 0.00132804561872, "dvar2": 8.852714017