{"tonal": {"hpcp": {"dvar": [0.0204140450805, 0.0320661924779, 0.0466542579234, 0.0387146323919, 0.0316334143281, 0.0355188585818, 0.0474062338471, 0.0246416125447, 0.0148776965216, 0.0240459628403, 0.0275312922895, 0.0254966896027, 0.0196959022433, 0.0410940051079, 0.0291012562811, 0.0408332273364, 0.0305832903832, 0.0309302490205, 0.0237764939666, 0.0238983463496, 0.025542197749, 0.0316203050315, 0.0200319960713, 0.0224726106972, 0.0145997097716, 0.0131101291627, 0.0197431705892, 0.0127748921514, 0.0101789878681, 0.0163165908307, 0.0197532474995, 0.0183275714517, 0.014654494822, 0.0165374577045, 0.0208520814776, 0.0245694182813], "var": [0.0379422903061, 0.0828992500901, 0.101127520204, 0.0700496956706, 0.0580409504473, 0.0582692250609, 0.0584338717163, 0.026166992262, 0.013233426027, 0.0185358896852, 0.0243536513299, 0.0269093513489, 0.0251203663647, 0.0372023135424, 0.0283407364041, 0.036570571363, 0.043532975018, 0.0486604496837, 0.0451997369528, 0.0478595495224, 0.048626318574, 0.0976110845804, 0.103935025632, 0.0476073585451, 0.0331899151206, 0.105952054262, 0.100243009627, 0.0256577860564, 0.0284738633782, 0.0910188034177, 0.0855876430869, 0.050431214273, 0.0335345119238, 0.0304136388004, 0.0364708602428, 0.0329624712467], "median": [0.0281164459884, 0.0230036154389, 0.0245778094977, 0.0249388758093, 0.0269160568714, 0.0306289028376, 0.0235473159701, 0.0185770932585, 0.0149568505585, 0.0147306164727, 0.0179553274065, 0.0192004367709, 0.0185467954725, 0.0267119463533, 0.0301722623408, 0.0412071235478, 0.0368170700967, 0.0428474470973, 0.0383489951491, 0.03656828776, 0.0644085928798, 0.054731618613, 0.0612113960087, 0.0570326223969, 0.0614414215088, 0.0403227135539, 0.0370416343212, 0.0356914363801, 0.02944005467, 0.0310327652842, 0.0308986119926, 0.0206806473434, 0.0146077619866, 0.0155460843816, 0.0172850303352, 0.0209787636995], "max": [1, 1, 1, 1, 1, 1, 1, 1, 0.947762608528, 1, 1, 1, 1, 1, 1, 1, 1, 1, 1, 1, 1, 1, 1, 1, 1, 1, 1, 1, 1, 1, 1, 1, 1, 1, 1, 1], "dmean": [0.0772673636675, 0.09857429564, 0.111555360258, 0.110988557339, 0.102470614016, 0.120699770749, 0.13027741015, 0.0775585696101, 0.0531260669231, 0.05944981426, 0.0700386315584, 0.0729732364416, 0.0722524523735, 0.0938321650028, 0.0903232395649, 0.0965950265527, 0.0973422750831, 0.102467224002, 0.0900345593691, 0.0875444710255, 0.110877335072, 0.117051705718, 0.0897348821163, 0.0844049230218, 0.0853662192822, 0.0674960315228, 0.076362401247, 0.0710140764713, 0.058955296874, 0.0687044337392, 0.0762665569782, 0.067866101861, 0.0548689067364, 0.0599326379597, 0.0619257465005, 0.073699682951], "dmean2": [0.12719681859, 0.164766654372, 0.194443866611, 0.196106880903, 0.165211647749, 0.203630194068, 0.228197261691, 0.134813115001, 0.0937870740891, 0.107341021299, 0.124562956393, 0.129205077887, 0.122979305685, 0.173629254103, 0.157336890697, 0.170947626233, 0.16297736764, 0.159796401858, 0.143828868866, 0.143783956766, 0.177180886269, 0.186693847179, 0.136154651642, 0.139238268137, 0.142799064517, 0.108101122081, 0.134182751179, 0.116212680936, 0.0978914275765, 0.114544682205, 0.124568767846, 0.109917335212, 0.0843516364694, 0.0906603634357, 0.102902628481, 0.12264123559], "mean": [0.105246350169, 0.166410773993, 0.192086800933, 0.158025324345, 0.144797831774, 0.157489210367, 0.142219424248, 0.0860636532307, 0.0537358485162, 0.0573490709066, 0.0682905986905, 0.0747273489833, 0.0837253928185, 0.0948731303215, 0.0942826271057, 0.103909447789, 0.1234735623, 0.132655054331, 0.129976063967, 0.125281840563, 0.157835781574, 0.225513353944, 0.223709091544, 0.145768076181, 0.128858998418, 0.202411353588, 0.189603105187, 0.0948738604784, 0.0975383147597, 0.174153104424, 0.176612451673, 0.111409395933, 0.0824555233121, 0.0741402506828, 0.0796039626002, 0.0889977067709], "dvar2": [0.053477011621, 0.0799667239189, 0.130463138223, 0.116453878582, 0.0793438255787, 0.0939133018255, 0.140058264136, 0.0647493377328, 0.044505469501, 0.0712271630764, 0.0725431591272, 0.0637740492821, 0.0475434027612, 0.110970452428, 0.0857369303703, 0.118300743401, 0.0689281970263, 0.0601574666798, 0.0506553351879, 0.0627276450396, 0.0634380578995, 0.069058559835, 0.0403563976288, 0.0585944950581, 0.036654163152, 0.02874061279, 0.0499437786639, 0.0306981150061, 0.0229630805552, 0.0400578603148, 0.0537226870656, 0.0415637232363, 0.035410720855, 0.0375700220466, 0.0506795048714, 0.0739289149642], "min": [0, 0, 0, 0, 0, 0, 0, 0, 0, 0, 0, 0, 0, 0, 0, 0, 0, 0, 0, 0, 0, 0, 0, 0, 0, 0, 0, 0, 0, 0, 0, 0, 0, 0, 0, 0]}, "key_key": "D", "thpcp": [1, 0.991999328136, 0.646383345127, 0.571402966976, 0.897558152676, 0.840762197971, 0.420701742172, 0.432516813278, 0.772251844406, 0.783157408237, 0.494025707245, 0.365634769201, 0.32876214385, 0.352990031242, 0.39464494586, 0.466696739197, 0.737919807434, 0.851775705814, 0.700735986233, 0.642080962658, 0.698358714581, 0.630647480488, 0.381634384394, 0.238282337785, 0.254304558039, 0.302822858095, 0.331365525723, 0.371265798807, 0.420698493719, 0.418080031872, 0.46076849103, 0.547522187233, 0.588235914707, 0.57635641098, 0.555540680885, 0.699895501137], "chords_key": "D#", "tuning_equal_tempered_deviation": 0.259978562593, "tuning_frequency": 442.03793335, "tuning_diatonic_strength": 0.372264355421, "chords_histogram": [9.52380943298, 0, 8.424908638, 0, 8.79120922089, 0, 0, 0, 0, 24.5421237946, 1.46520149708, 1.09890115261, 0, 0, 26.7399272919, 0, 0, 0, 0, 2.56410264969, 0, 2.56410264969, 0, 14.2857141495], "key_strength": 0.397787630558, "key_scale": "minor", "chords_strength": {"dvar": 0.000103505131847, "var": 0.0130482446402, "median": 0.486994624138, "max": 0.713989257812, "dmean": 0.0120619423687, "dmean2": 0.012599366717, "mean": 0.481163173914, "dvar2": 0.000157537680934, "min": 0.264813870192}, "chords_number_rate": 0.036630038172, "tuning_nontempered_energy_ratio": 0.897580206394, "hpcp_entropy": {"dvar": 0.267702549696, "var": 0.524587988853, "median": 2.25027108192, "max": 3.66600513458, "dmean": 0.59631061554, "dmean2": 1.04479432106, "mean": 2.13658666611, "dvar2": 0.773416876793, "min": 0}, "chords_changes_rate": 0.0879120901227, "chords_scale": "minor"}, "rhythm": {"bpm_histogram_first_peak_spread": {"dvar": 0, "var": 0, "median": 0, "max": 0, "dmean": 0, "dmean2": 0, "mean": 0, "dvar2": 0, "min": 0}, "bpm_histogram_first_peak_weight": {"dvar": 0, "var": 0, "median": 0.307692319155, "max": 0.307692319155, "dmean": 0, "dmean2": 0, "mean": 0.307692319155, "dvar2": 0, "min": 0.307692319155}, "bpm_histogram_first_peak_bpm": {"dvar": 0, "var": 0, "median": 157, "max": 157, "dmean": 0, "dmean2": 0, "mean": 157, "dvar2": 0, "min": 157}, "bpm": 155.069793701, "bpm_histogram_second_peak_weight": {"dvar": 0, "var": 0, "median": 0.269230782986, "max": 0.269230782986, "dmean": 0, "dmean2": 0, "mean": 0.269230782986, "dvar2": 0, "min": 0.269230782986}, "beats_loudness": {"dvar": 0.000567136041354, "var": 0.000599678198341, "median": 0.00116191466805, "max": 0.114239059389, "dmean": 0.0093544665724, "dmean2": 0.0136498501524, "mean": 0.0090421391651, "dvar2": 0.00140332465526, "min": 8.95078011709e-10}, "beats_loudness_band_ratio": {"dvar": [0.00662411469966, 0.000863518274855, 0.0359974652529, 0.0443602800369, 0.0643190518022, 0.011984073557], "var": [0.0283989906311, 0.00151337997522, 0.0717255473137, 0.0732839480042, 0.0853255316615, 0.0149466060102], "median": [0.0206357892603, 0.0125806108117, 0.14237819612, 0.301696062088, 0.108847595751, 0.0240888446569], "max": [0.68926846981, 0.156432896852, 0.854363501072, 0.778838157654, 0.872866988182, 0.585457503796], "dmean": [0.0466915369034, 0.0225843824446, 0.181079879403, 0.235133469105, 0.19610349834, 0.0581358708441], "dmean2": [0.0656400546432, 0.0328364372253, 0.30313128233, 0.445339381695, 0.376693487167, 0.104754820466], "mean": [0.0866934135556, 0.0307094249874, 0.258956551552, 0.376753032207, 0.243215173483, 0.0700925141573], "dvar2": [0.00929299928248, 0.00134236202575, 0.0766071230173, 0.0905740633607, 0.14409931004, 0.0321825668216], "min": [0.00112645549234, 0.000382805301342, 0.0132596129552, 0.0157434660941, 0.0157048366964, 0.00296910968609]}, "bpm_histogram_second_peak_bpm": {"dvar": 0, "var": 0, "median": 120, "max": 120, "dmean": 0, "dmean2": 0, "mean": 120, "dvar2": 0, "min": 120}, "onset_rate": 2.1394534111, "beats_count": 27, "beats_position": [0.487619042397, 0.986848056316, 1.48607707024, 1.97369611263, 2.46131515503, 2.94893407822, 3.43655323982, 3.93578219414, 4.43501138687, 4.93424034119, 5.4334692955, 5.93269824982, 6.40870714188, 6.88471651077, 7.36072540283, 7.74385452271, 8.12698364258, 8.51011276245, 8.90485286713, 9.287981987, 9.67111110687, 10.0542402267, 10.4373693466, 10.8204984665, 11.2152376175, 11.6099767685, 12.0047159195], "danceability": 0.820275306702, "bpm_histogram_second_peak_spread": {"dvar": 0, "var": 0, "median": 0.363636314869, "max": 0.363636314869, "dmean": 0, "dmean2": 0, "mean": 0.363636314869, "dvar2": 0, "min": 0.363636314869}}, "lowlevel": {"spectral_flux": {"dvar": 0.00017827944248, "var": 0.00138197862543, "median": 0.0121315922588, "max": 0.249145492911, "dmean": 0.00612303055823, "dmean2": 0.00927484314889, "mean": 0.0246057882905, "dvar2": 0.000397709343815, "min": 1.04928205014e-10}, "spectral_rolloff": {"dvar": 1163585.75, "var": 14548205, "median": 2217.91992188, "max": 18949.21875, "dmean": 529.327270508, "dmean2": 875.3515625, "mean": 3383.04711914, "dvar2": 2566597.75, "min": 279.931640625}, "barkbands_flatness_db": {"dvar": 0.00034678488737, "var": 0.00293199974112, "median": 0.134277492762, "max": 0.294391721487, "dmean": 0.0217565279454, "dmean2": 0.034141138196, "mean": 0.135316208005, "dvar2": 0.000809585675597, "min": 0.0236721057445}, "spectral_centroid": {"dvar": 185984.96875, "var": 448317.375, "median": 1805.78759766, "max": 11104.4638672, "dmean": 198.767700195, "dmean2": 303.242950439, "mean": 1881.5291748, "dvar2": 233951.09375, "min": 773.54901123}, "melbands_skewness": {"dvar": 0.269119858742, "var": 2.5189473629, "median": 1.18742418289, "max": 5.83588647842, "dmean": 0.55413711071, "dmean2": 0.863258183002, "mean": 1.26459801197, "dvar2": 0.622867465019, "min": -2.59502530098}, "melbands": {"dvar": [3.66413992481e-08, 2.57565858419e-07, 7.37839371823e-08, 1.84243127421e-08, 6.52695941739e-09, 6.52427045722e-09, 1.490167989e-09, 1.36028155406e-09, 1.52301027345e-09, 2.09060346812e-09, 3.50422233453e-08, 3.66905169358e-07, 2.72112686162e-07, 2.4768237239e-08, 1.23151151499e-08, 6.84351109115e-09, 3.0744226609e-10, 3.0455409028e-11, 3.0318293015e-11, 1.0303230491e-10, 1.08451581049e-09, 3.33972360878e-09, 6.13141049044e-09, 4.34043911923e-11, 5.17933682054e-11, 2.08245937855e-11, 1.14346422955e-11, 1.43077086637e-11, 9.69934983025e-12, 6.39975138855e-12, 3.46532958578e-12, 1.00570127313e-12, 1.0643455518e-12, 3.59087000586e-13, 4.97230674603e-13, 1.04810897374e-12, 3.8908543813e-13, 4.21332890452e-14, 9.26054751545e-14, 1.97633894655e-14], "var": [4.13219360951e-08, 1.88255000921e-07, 8.11775748844e-08, 2.04608614496e-08, 3.42180079826e-08, 6.66757955514e-08, 3.35020411413e-09, 2.4923163533e-09, 2.28997598661e-09, 3.63259289315e-09, 5.58405020001e-08, 1.09988548047e-06, 7.35757510029e-07, 5.76046126355e-08, 2.4328349113e-08, 1.65212359349e-08, 6.33672891936e-10, 6.47633682793e-11, 8.74334701861e-11, 2.27607085956e-10, 2.50143772362e-09, 5.66128743884e-09, 8.92386697871e-09, 1.80426340535e-10, 1.64426888771e-10, 5.97547913928e-11, 3.57336174539e-11, 6.75751121726e-11, 5.57482116026e-11, 3.02008973385e-11, 2.08440764649e-11, 5.12497162763e-12, 5.76535260505e-12, 2.00393846482e-12, 3.96044091619e-12, 2.63723981889e-12, 8.62419619226e-13, 4.16836568517e-13, 4.50184323413e-13, 1.67506091463e-13], "median": [8.68507896712e-08, 2.67820183808e-08, 1.18174909858e-07, 2.40149347519e-07, 3.40921701536e-07, 3.64248194273e-07, 2.39929676127e-07, 3.82987053626e-07, 1.71685962869e-06, 2.63149013335e-06, 2.65753851636e-06, 2.71357839665e-06, 1.08348967842e-06, 8.38621303956e-07, 7.16589909189e-07, 5.35428853254e-07, 5.91140405959e-07, 5.31794228209e-07, 3.23686606407e-07, 2.56867707549e-07, 3.46257337469e-07, 7.25988002159e-07, 7.93392928244e-07, 2.86924176862e-07, 1.15367484455e-07, 7.65067227348e-08, 4.66422029888e-08, 4.76294488294e-08, 3.52659270675e-08, 2.70720068585e-08, 3.27863673988e-08, 2.00098355663e-08, 9.98890836712e-09, 8.74108785354e-09, 5.87313842004e-09, 9.92202231487e-09, 7.08209801914e-09, 3.64672336772e-09, 3.16756909591e-09, 2.32889063589e-09], "max": [0.00412615342066, 0.00941243208945, 0.00474691344425, 0.00180361024104, 0.00125520548318, 0.00178866018541, 0.000562246830668, 0.000489448662847, 0.000438077317085, 0.000506095646415, 0.00299354316667, 0.0134837934747, 0.00711162248626, 0.00234034331515, 0.0020172696095, 0.00159066903871, 0.000328425870975, 9.78735697572e-05, 8.29972850624e-05, 0.00011029313464, 0.000400321994675, 0.00089371833019, 0.00169399834704, 8.83503234945e-05, 0.000103060352558, 6.60629375488e-05, 5.72657118028e-05, 6.67822387186e-05, 5.7569846831e-05, 5.94193406869e-05, 4.89410595037e-05, 1.67737252923e-05, 2.33657829085e-05, 1.22551391541e-05, 2.18107506953e-05, 2.41644065682e-05, 1.19946844279e-05, 3.82903635909e-06, 4.6737145567e-06, 2.86219915324e-06], "dmean": [2.26107749768e-05, 5.32973899681e-05, 3.96077375626e-05, 2.27737182286e-05, 1.70366838574e-05, 1.77864876605e-05, 9.02058127394e-06, 8.74177294463e-06, 1.1390860891e-05, 1.74864708242e-05, 4.7144418204e-05, 0.000112900932436, 0.00012152033014, 3.02336356981e-05, 2.34599265241e-05, 1.55837169586e-05, 4.99591988046e-06, 1.89679235518e-06, 1.82271446647e-06, 3.53768587047e-06, 1.2067107491e-05, 1.698233973e-05, 9.57259453571e-06, 1.71195119947e-06, 1.83933298104e-06, 1.10632629458e-06, 7.98945336555e-07, 8.70084534199e-07, 7.27658459709e-07, 5.79602158268e-07, 4.80872245134e-07, 2.76009956224e-07, 2.30580383231e-07, 1.65067802982e-07, 1.79396295152e-07, 2.06740622843e-07, 1.13146846559e-07, 6.27142853205e-08, 7.2504214188e-08, 3.93014438771e-08], "dmean2": [3.26346998918e-05, 8.81075247889e-05, 6.86156054144e-05, 3.75589370378e-05, 2.80611930066e-05, 2.94760338875e-05, 1.49805018737e-05, 1.5180596165e-05, 1.994313061e-05, 2.94316869258e-05, 7.65452132327e-05, 0.000146249134559, 0.000177596419235, 5.17462976859e-05, 3.91084176954e-05, 2.45185729e-05, 8.16622105049e-06, 3.01290492644e-06, 2.91032642963e-06, 5.57436806048e-06, 1.86980978469e-05, 2.44235834543e-05, 1.18026237033e-05, 2.78968263956e-06, 3.17401350003e-06, 1.91207573152e-06, 1.24757116282e-06, 1.26549127799e-06, 1.14574299914e-06, 8.66583945935e-07, 6.88932345838e-07, 4.04983978797e-07, 3.07120870957e-07, 2.16156252009e-07, 2.27727781521e-07, 2.79798655356e-07, 1.79801432409e-07, 9.56580308298e-08, 1.2981061559e-07, 5.59011468226e-08], "mean": [2.29811321333e-05, 4.93632542202e-05, 6.25158791081e-05, 2.96988982882e-05, 4.73928557767e-05, 5.8332021581e-05, 1.45330132e-05, 1.34479141707e-05, 1.8411070414e-05, 3.11543954012e-05, 7.719455607e-05, 0.000224617033382, 0.000207750941627, 5.66928611079e-05, 3.57874196197e-05, 2.64375939878e-05, 9.37949425861e-06, 3.64608854397e-06, 3.38187396665e-06, 5.49401647731e-06, 1.90746486624e-05, 2.55599425145e-05, 1.3986189515e-05, 4.00831231673e-06, 3.77640344595e-06, 2.19043226934e-06, 1.7103529899e-06, 2.11642486647e-06, 1.87955765796e-06, 1.42308681461e-06, 1.30126511522e-06, 7.07749904905e-07, 6.09430856002e-07, 4.14752918232e-07, 4.92987396683e-07, 3.86567791111e-07, 2.35064973708e-07, 1.91918203996e-07, 1.87258947904e-07, 1.14706551813e-07], "dvar2": [7.79632358672e-08, 6.87013255174e-07, 1.96519522433e-07, 5.03690422704e-08, 1.66719793526e-08, 1.56471067214e-08, 3.51438345092e-09, 3.92500743018e-09, 4.38446834394e-09, 5.86000892255e-09, 8.04101816243e-08, 5.20202149801e-07, 6.59546856241e-07, 6.62515802219e-08, 3.32415801552e-08, 1.59186583915e-08, 8.00237986986e-10, 8.26095095108e-11, 7.56680690328e-11, 2.42981912368e-10, 2.5051696273e-09, 8.24598700433e-09, 8.03396638105e-09, 1.0673682771e-10, 1.64100649735e-10, 5.99571781112e-11, 2.93677304697e-11, 3.02214989145e-11, 2.38278927839e-11, 1.23005572741e-11, 6.81853358497e-12, 2.12255126669e-12, 1.35857958997e-12, 7.19277502143e-13, 6.67253361938e-13, 1.83845842196e-12, 7.94655302932e-13, 9.43797652335e-14, 2.24515894699e-13, 3.98569930315e-14], "min": [8.38871057852e-24, 1.78178087842e-23, 1.89319138852e-23, 1.86103221154e-23, 9.15074153549e-24, 4.68098267688e-24, 1.01500586973e-23, 2.53052094909e-23, 1.71722996826e-23, 1.45021380471e-23, 9.0013462684e-24, 6.77692102102e-24, 8.8372371677e-24, 1.11328492232e-23, 7.19358078508e-24, 7.0167047595e-24, 1.02644443174e-23, 7.97463354506e-24, 8.5102440673e-24, 6.81958104106e-24, 1.11777227869e-23, 1.1671949666e-23, 9.95578592218e-24, 6.08122024997e-24, 8.65941135359e-24, 1.71946276017e-23, 9.24928130661e-24, 9.4328705385e-24, 1.09467537802e-23, 6.55883253517e-24, 6.23797361716e-24, 8.34024138678e-24, 1.14773258478e-23, 9.25543994369e-24, 1.12394393198e-23, 2.00399037364e-23, 7.97821339585e-24, 1.0817521009e-23, 1.24823527849e-23, 1.03813124828e-23]}, "spectral_decrease": {"dvar": 2.13082035986e-18, "var": 1.47968532972e-17, "median": -1.26454860472e-10, "max": 9.56376185298e-29, "dmean": 3.95134092113e-10, "dmean2": 5.99975069626e-10, "mean": -1.31094635147e-09, "dvar2": 4.41727309762e-18, "min": -2.83177552518e-08}, "barkbands_kurtosis": {"dvar": 6.46725225449, "var": 14.9764509201, "median": 1.56880474091, "max": 26.5223293304, "dmean": 2.03140068054, "dmean2": 3.32747268677, "mean": 2.56590843201, "dvar2": 17.2604026794, "min": -1.74612426758}, "silence_rate_30dB": {"dvar": 0.00366967823356, "var": 0.00366294803098, "median": 1, "max": 1, "dmean": 0.00368324131705, "dmean2": 0.00738007389009, "mean": 0.996323525906, "dvar2": 0.00732559431344, "min": 0}, "gfcc": {"mean": [-312.133514404, 33.8468742371, -157.371459961, -5.13589382172, -59.7241172791, 6.85299682617, -29.3223419189, 12.0552072525, -23.5854072571, -13.3808040619, -19.7553348541, 1.67065632343, -3.91452884674], "cov": [[63853.3710938, 6246.2421875, -10071.9248047, -1276.07958984, -3739.15649414, 156.952178955, -1425.21191406, 608.327758789, -132.828323364, -931.097839355, -364.233093262, 222.253463745, 346.240936279], [6246.2421875, 1014.38952637, -1121.48291016, -231.249343872, -368.186859131, -20.7683486938, -70.0396347046, 38.9977378845, 13.3014554977, -96.9087142944, -19.3962554932, -60.0624694824, 18.9408435822], [-10071.9248047, -1121.48291016, 2764.171875, 745.0625, 739.986572266, 139.418060303, 282.599121094, -197.282089233, -176.50944519, 249.573745728, 88.8249664307, 47.9013557434, -167.038589478], [-1276.07958984, -231.249343872, 745.0625, 529.100158691, 192.976226807, 68.2055664062, -103.957756042, -67.6293411255, -20.7418003082, 31.679151535, -31.015247345, 19.1743850708, -64.8028030396], [-3739.15649414, -368.186859131, 739.986572266, 192.976226807, 371.050231934, 17.6350040436, 69.2921066284, -42.862449646, 5.31336641312, 64.2720336914, 10.2929325104, 3.1789522171, -18.0791702271], [156.952178955, -20.7683486938, 139.418060303, 68.2055664062, 17.6350040436, 126.257469177, 55.5042533875, -30.5447750092, -49.1419410706, 21.5766048431, 9.43018341064, -4.29976940155, -10.7275762558], [-1425.21191406, -70.0396347046, 282.599121094, -103.957756042, 69.2921066284, 55.5042533875, 266.448120117, -6.00314235687, -81.9242095947, 43.0644569397, 66.7314147949, 12.1259727478, -11.7459011078], [608.327758789, 38.9977378845, -197.282089233, -67.6293411255, -42.862449646, -30.5447750092, -6.00314235687, 98.018913269, 43.1973648071, -41.6152992249, -14.7147016525, 17.0057926178, 18.9185848236], [-132.828323364, 13.3014554977, -176.50944519, -20.7418003082, 5.31336641312, -49.1419410706, -81.9242095947, 43.1973648071, 141.337219238, -9.16596031189, -47.9148864746, -41.1400146484, 15.9121055603], [-931.097839355, -96.9087142944, 249.573745728, 31.679151535, 64.2720336914, 21.5766048431, 43.0644569397, -41.6152992249, -9.16596031189, 102.472717285, 36.9539451599, -12.2788972855, -26.3849372864], [-364.233093262, -19.3962554932, 88.8249664307, -31.015247345, 10.2929325104, 9.43018341064, 66.7314147949, -14.7147016525, -47.9148864746, 36.9539451599, 82.7711105347, 29.4794807434, -22.4791965485], [222.253463745, -60.0624694824, 47.9013557434, 19.1743850708, 3.1789522171, -4.29976940155, 12.1259727478, 17.0057926178, -41.1400146484, -12.2788972855, 29.4794807434, 90.637840271, 16.8078746796], [346.240936279, 18.9408435822, -167.038589478, -64.8028030396, -18.0791702271, -10.7275762558, -11.7459011078, 18.9185848236, 15.9121055603, -26.3849372864, -22.4791965485, 16.8078746796, 77.9626998901]], "icov": [[0.000216955435462, -0.000733040389605, 0.000555652834009, -0.000449717015726, 0.000616953358985, -0.00075644889148, 0.00044309408986, -0.000728924467694, 0.000986462924629, -0.001035238849, 0.00115331611596, -0.00133485777769, 0.000382520316634], [-0.000733040389605, 0.00491598155349, -0.000439890398411, -5.48687512492e-06, -0.00145805906504, 0.00333866034634, -0.00297335535288, 0.00293982657604, -0.00242702313699, 0.00362078566104, -0.00437674950808, 0.00631039589643, -0.000827603857033], [0.000555652834009, -0.000439890398411, 0.00433117104694, -0.00424062693492, -0.000213967825403, -0.000327194633428, -0.0019280584529, -0.00110444368329, 0.00431730272248, -0.00477519957349, 0.00393573008478, -0.00303239864297, 0.00256826891564], [-0.000449717015726, -5.48687512492e-06, -0.00424062693492, 0.00915546063334, -0.002028494142, -0.00309170014225, 0.00544551387429, 0.00184704479761, -0.003079184331, 0.00398475863039, -8.09585108072e-05, -0.000979983364232, 0.00216424046084], [0.000616953358985, -0.00145805906504, -0.000213967825403, -0.002028494142, 0.00913390982896, -0.00146257050801, 1.22503897728e-05, -0.00101739831734, -0.000546281400602, -0.00196660263464, 0.00179864116944, -0.00290786777623, -0.0017732125707], [-0.00075644889148, 0.00333866034634, -0.000327194633428, -0.00309170014225, -0.00146257050801, 0.0155964065343, -0.00667866086587, 0.00352570833638, 0.000336672441335, 0.00109672092367, -0.00275124446489, 0.00765486899763, -0.00291851442307], [0.00044309408986, -0.00297335535288, -0.0019280584529, 0.00544551387429, 1.22503897728e-05, -0.00667866086587, 0.0128928571939, -0.00565582932904, 0.00497317640111, -0.00143233407289, -0.00109732523561, -0.00177192571573, 0.000114524729725], [-0.000728924467694, 0.00293982657604, -0.00110444368329, 0.00184704479761, -0.00101739831734, 0.00352570833638, -0.00565582932904, 0.0220068152994, -0.0119196614251, 0.00911484938115, -0.00196913792752, -0.00302647869103, 0.00135107338428], [0.000986462924629, -0.00242702313699, 0.00431730272248, -0.003079184331, -0.000546281400602, 0.000336672441335, 0.00497317640111, -0.0119196614251, 0.0227358806878, -0.0105164647102, 0.00928519293666, 0.00171846849844, 0.000567876617424], [-0.001035238849, 0.00362078566104, -0.00477519957349, 0.00398475863039, -0.00196660263464, 0.00109672092367, -0.00143233407289, 0.00911484938115, -0.0105164647102, 0.0245376564562, -0.01487719547, 0.0089252172038, -0.00169682316482], [0.00115331611596, -0.00437674950808, 0.00393573008478, -8.09585108072e-05, 0.00179864116944, -0.00275124446489, -0.00109732523561, -0.00196913792752, 0.00928519293666, -0.01487719547, 0.0342907123268, -0.0185771584511, 0.0116197094321], [-0.00133485777769, 0.00631039589643, -0.00303239864297, -0.000979983364232, -0.00290786777623, 0.00765486899763, -0.00177192571573, -0.00302647869103, 0.00171846849844, 0.0089252172038, -0.0185771584511, 0.0317503921688, -0.0116016278043], [0.000382520316634, -0.000827603857033, 0.00256826891564, 0.00216424046084, -0.0017732125707, -0.00291851442307, 0.000114524729725, 0.00135107338428, 0.000567876617424, -0.00169682316482, 0.0116197094321, -0.0116016278043, 0.022668428719]]}, "silence_rate_20dB": {"dvar": 0, "var": 0, "median": 1, "max": 1, "dmean": 0, "dmean2": 0, "mean": 1, "dvar2": 0, "min": 1}, "barkbands_skewness": {"dvar": 0.225798651576, "var": 1.52916419506, "median": 0.457651823759, "max": 4.12482881546, "dmean": 0.499006420374, "dmean2": 0.78801214695, "mean": 0.229752287269, "dvar2": 0.547468006611, "min": -4.20080518723}, "erbbands_skewness": {"dvar": 0.255486011505, "var": 2.25852775574, "median": 0.458577930927, "max": 4.37282752991, "dmean": 0.511609375477, "dmean2": 0.816507935524, "mean": 0.257696717978, "dvar2": 0.613055825233, "min": -3.79310441017}, "spectral_contrast_valleys": {"dvar": [0.341301828623, 0.274320334196, 0.271936267614, 0.277365088463, 0.286554902792, 0.252099841833], "var": [4.91765975952, 7.29322957993, 7.85780763626, 7.01693439484, 6.07696723938, 4.5103931427], "median": [-12.0271892548, -9.09148216248, -8.6631526947, -9.08437824249, -9.22309780121, -12.1049289703], "max": [-5.99814128876, -5.81997585297, -5.21487855911, -6.40220403671, -5.99010944366, -8.77686214447], "dmean": [0.454565644264, 0.34526899457, 0.281654626131, 0.264456093311, 0.216928213835, 0.237461045384], "dmean2": [0.742940187454, 0.563983380795, 0.451116651297, 0.431893616915, 0.347566843033, 0.36521050334], "mean": [-11.9493627548, -9.84326839447, -9.5855922699, -10.1124391556, -10.0117759705, -12.6023101807], "dvar2": [0.533448696136, 0.359821498394, 0.34621450305, 0.362370282412, 0.328242570162, 0.338845938444], "min": [-26.8808231354, -26.937959671, -27.4602489471, -27.2748222351, -27.2926101685, -27.2035007477]}, "spectral_strongpeak": {"dvar": 1.46295726299, "var": 3.25635170937, "median": 0.440866500139, "max": 15.2459621429, "dmean": 0.547953248024, "dmean2": 0.90541023016, "mean": 1.14102089405, "dvar2": 3.29862260818, "min": 0}, "erbbands_crest": {"dvar": 11.560669899, "var": 59.2317199707, "median": 14.3300094604, "max": 32.0712928772, "dmean": 3.55825376511, "dmean2": 5.68761110306, "mean": 14.7868709564, "dvar2": 30.4024486542, "min": 2.42583990097}, "barkbands_crest": {"dvar": 7.57198667526, "var": 27.2648010254, "median": 11.5554008484, "max": 24.2187004089, "dmean": 3.00365424156, "dmean2": 4.94017314911, "mean": 12.153719902, "dvar2": 19.2488536835, "min": 2.92891526222}, "spectral_energyband_middle_low": {"dvar": 2.35864513343e-06, "var": 1.07615733214e-05, "median": 5.63380817766e-05, "max": 0.0293351002038, "dmean": 0.000436396570876, "dmean2": 0.000690628075972, "mean": 0.00118932593614, "dvar2": 5.60149783269e-06, "min": 4.40062610233e-22}, "spectral_contrast_coeffs": {"dvar": [0.00121501286048, 0.000718903087545, 0.000716676935554, 0.000509961450007, 0.000338282086886, 0.000156469948706], "var": [0.0068290932104, 0.00471278792247, 0.00761200580746, 0.00388221396133, 0.00540415383875, 0.00262723234482], "median": [-0.711132764816, -0.840840578079, -0.796974420547, -0.8400837183, -0.818265676498, -0.814849257469], "max": [-0.477230161428, -0.570598125458, -0.55599373579, -0.63451641798, -0.61063349247, -0.675504088402], "dmean": [0.0420394800603, 0.0343987569213, 0.0298070572317, 0.0247602052987, 0.0196849647909, 0.0130478423089], "dmean2": [0.0719758197665, 0.0558692142367, 0.0482532978058, 0.0402909405529, 0.0311923194677, 0.0212793499231], "mean": [-0.716867744923, -0.831828951836, -0.791814148426, -0.833695590496, -0.816587924957, -0.8198325634], "dvar2": [0.00328942900524, 0.00208702054806, 0.00173870520666, 0.00124927470461, 0.000755628163461, 0.00036151666427], "min": [-0.970690608025, -0.96444272995, -0.958438277245, -0.955041468143, -0.964924693108, -0.960439324379]}, "hfc": {"dvar": 38.9125900269, "var": 350.950256348, "median": 1.05046796799, "max": 115.283950806, "dmean": 2.19700956345, "dmean2": 3.21246004105, "mean": 7.20215320587, "dvar2": 86.9793777466, "min": 1.25364012863e-16}, "spectral_energyband_high": {"dvar": 3.45124178125e-08, "var": 4.37567933886e-07, "median": 5.58093961445e-06, "max": 0.00469522224739, "dmean": 4.94171181344e-05, "dmean2": 6.37488410575e-05, "mean": 0.000200725684408, "dvar2": 5.24959062886e-08, "min": 7.99219969144e-21}, "erbbands_spread": {"dvar": 21.8119335175, "var": 532.75189209, "median": 15.5775279999, "max": 103.212272644, "dmean": 4.25639104843, "dmean2": 6.88180685043, "mean": 23.8526268005, "dvar2": 43.0030632019, "min": 3.03137564659}, "dissonance": {"dvar": 0.000346247630659, "var": 0.000576898048166, "median": 0.483364343643, "max": 0.499793827534, "dmean": 0.0182030759752, "dmean2": 0.0309774558991, "mean": 0.475208550692, "dvar2": 0.00101646070834, "min": 0.3468067348}, "spectral_kurtosis": {"dvar": 4.63888406754, "var": 12.0936508179, "median": 6.3725476265, "max": 24.7446498871, "dmean": 1.76912927628, "dmean2": 2.97052025795, "mean": 6.3810749054, "dvar2": 12.8476295471, "min": -1.16569983959}, "spectral_skewness": {"dvar": 0.0422325283289, "var": 0.173861116171, "median": 1.86118149757, "max": 3.83985733986, "dmean": 0.197674155235, "dmean2": 0.323442578316, "mean": 1.79642772675, "dvar2": 0.114944301546, "min": -0.00457466160879}, "pitch_salience": {"dvar": 0.00410857750103, "var": 0.0182919371873, "median": 0.553938746452, "max": 0.814404904842, "dmean": 0.0705914273858, "dmean2": 0.114302940667, "mean": 0.532056629658, "dvar2": 0.0101054897532, "min": 0.154737606645}, "spectral_complexity": {"dvar": 2.71195459366, "var": 97.4710159302, "median": 2, "max": 46, "dmean": 0.891344368458, "dmean2": 1.41328418255, "mean": 5.07169103622, "dvar2": 5.92882061005, "min": 0}, "spectral_spread": {"dvar": 2216642740220.0, "var": 8190515740670.0, "median": 3560649.5, "max": 40398728, "dmean": 449549.15625, "dmean2": 657979.3125, "mean": 4551769, "dvar2": 2317230800900.0, "min": 1865540.125}, "dynamic_complexity": 16.1389293671, "melbands_crest": {"dvar": 9.61873149872, "var": 38.5367088318, "median": 15.2125234604, "max": 32.1787567139, "dmean": 3.72031021118, "dmean2": 5.8985657692, "mean": 16.1155357361, "dvar2": 24.3315486908, "min": 2.31406378746}, "zerocrossingrate": {"dvar": 0.000209634425119, "var": 0.00771985342726, "median": 0.0771484375, "max": 0.509765625, "dmean": 0.00931870844215, "dmean2": 0.0114881228656, "mean": 0.11230379343, "dvar2": 0.000277368642855, "min": 0.0322265625}, "spectral_energyband_low": {"dvar": 3.65574601346e-06, "var": 3.57288763553e-06, "median": 7.0356179549e-07, "max": 0.0369213074446, "dmean": 0.000228984499699, "dmean2": 0.000353238923708, "mean": 0.000282066204818, "dvar2": 8.65767833602e-06, "min": 1.04101423512e-22}, "melbands_kurtosis": {"dvar": 15.6660680771, "var": 69.5648117065, "median": 3.15697836876, "max": 42.9800834656, "dmean": 3.08024120331, "dmean2": 4.98283290863, "mean": 6.17696809769, "dvar2": 40.4182701111, "min": -1.56493079662}, "spectral_energyband_middle_high": {"dvar": 3.33871284965e-05, "var": 0.000158339636982, "median": 0.000446764635853, "max": 0.110964603722, "dmean": 0.00163641758263, "dmean2": 0.0023754236754, "mean": 0.0041267122142, "dvar2": 6.95765775163e-05, "min": 1.40930280921e-21}, "barkbands_spread": {"dvar": 23.5180301666, "var": 670.538574219, "median": 12.642162323, "max": 99.7138671875, "dmean": 4.40867328644, "dmean2": 7.16327142715, "mean": 23.183757782, "dvar2": 55.2327041626, "min": 1.78112053871}, "mfcc": {"mean": [-892.492248535, 70.6836776733, -39.5390853882, -15.2856731415, -14.5621509552, -10.2995862961, -2.34975910187, 12.0021247864, 4.75066375732, -3.90988969803, -5.63743448257, -0.757820785046, -8.8557434082], "cov": [[29750.8554688, 4713.87597656, -2289.85913086, 348.358917236, -532.005859375, -72.1204223633, -509.196716309, 405.522460938, -18.0109405518, -678.610351562, -756.624023438, 186.860137939, -381.692443848], [4713.87597656, 1362.32641602, -691.304443359, -134.737915039, -195.519241333, -123.506607056, -70.2876968384, 124.995399475, 23.4346923828, -38.0299720764, -97.3032608032, -5.02792024612, -144.852981567], [-2289.85913086, -691.304443359, 833.309387207, 187.581970215, 67.9498443604, 140.357940674, 196.641845703, -61.7379493713, -108.408149719, 2.9783976078, 63.5584411621, -19.0204677582, 154.74382019], [348.358917236, -134.737915039, 187.581970215, 238.847076416, 115.180709839, 50.1943321228, -28.8382167816, -34.9307327271, -24.0559902191, -40.6454467773, -14.6237001419, 35.7105941772, 43.2959823608], [-532.005859375, -195.519241333, 67.9498443604, 115.180709839, 179.176971436, 24.6685962677, -72.1209716797, -42.8250541687, 24.9054908752, 0.0660024955869, -4.7004904747, 32.9370918274, 43.8978347778], [-72.1204223633, -123.506607056, 140.357940674, 50.1943321228, 24.6685962677, 125.956718445, 78.4394378662, -35.6030082703, -35.7394485474, 17.4914283752, -6.15145301819, -25.1125717163, 56.9842987061], [-509.196716309, -70.2876968384, 196.641845703, -28.8382167816, -72.1209716797, 78.4394378662, 230.974258423, 28.6710948944, -76.6920547485, 2.4189748764, 12.3346033096, -53.6161842346, 38.9781150818], [405.522460938, 124.995399475, -61.7379493713, -34.9307327271, -42.8250541687, -35.6030082703, 28.6710948944, 106.332115173, 31.51146698, -25.6125659943, -4.57249116898, -7.76070547104, -44.9408226013], [-18.0109405518, 23.4346923828, -108.408149719, -24.0559902191, 24.9054908752, -35.7394485474, -76.6920547485, 31.51146698, 112.898651123, 24.9118442535, -17.5103721619, -3.91421890259, -21.4438419342], [-678.610351562, -38.0299720764, 2.9783976078, -40.6454467773, 0.0660024955869, 17.4914283752, 2.4189748764, -25.6125659943, 24.9118442535, 108.754898071, 34.3383102417, -29.8843669891, 7.19275140762], [-756.624023438, -97.3032608032, 63.5584411621, -14.6237001419, -4.7004904747, -6.15145301819, 12.3346033096, -4.57249116898, -17.5103721619, 34.3383102417, 90.1976547241, 18.8370456696, -21.0032234192], [186.860137939, -5.02792024612, -19.0204677582, 35.7105941772, 32.9370918274, -25.1125717163, -53.6161842346, -7.76070547104, -3.91421890259, -29.8843669891, 18.8370456696, 91.498336792, 2.90193843842], [-381.692443848, -144.852981567, 154.74382019, 43.2959823608, 43.8978347778, 56.9842987061, 38.9781150818, -44.9408226013, -21.4438419342, 7.19275140762, -21.0032234192, 2.90193843842, 128.708953857]], "icov": [[0.000177304493263, -0.00049738708185, 9.94343790808e-05, -0.00051704357611, 0.000595065765083, -0.000932913739234, 0.000582092208788, -0.000341005943483, 0.000156463531312, 0.000498505774885, 0.000572976772673, -0.000274544232525, 3.30423863488e-05], [-0.00049738708185, 0.00332487490959, 0.00137047260068, 0.000195427943254, 0.000103257145383, 0.00301888841204, -0.00152530963533, -0.000800259411335, 0.00125563482288, -0.0026862223167, -3.12597003358e-05, 0.000428852828918, -0.000291285075946], [9.94343790808e-05, 0.00137047260068, 0.00453377887607, -0.00383772607893, 0.00191466102842, 0.000153778339154, -0.00190187152475, -0.000709984276909, 0.000880539126229, 0.000355618627509, -0.00206487998366, 0.00116337265354, -0.00295204762369], [-0.00051704357611, 0.000195427943254, -0.00383772607893, 0.0120697831735, -0.00729873077944, -0.000824669143185, 0.00133216369431, 0.000639773963485, 0.00111818651203, 0.000840651977342, 0.000574866309762, -0.0010707314359, 0.00217218161561], [0.000595065765083, 0.000103257145383, 0.00191466102842, -0.00729873077944, 0.0149136679247, -0.00435405690223, 0.00443044863641, -0.000905263412278, -0.0016057403991, 0.000864893605467, 0.00152684689965, -0.00201877998188, -0.00280363461934], [-0.000932913739234, 0.00301888841204, 0.000153778339154, -0.000824669143185, -0.00435405690223, 0.0212041493505, -0.00961260870099, 0.00590862892568, -0.000688092201017, -0.00524131814018, -0.00134325691033, 0.00328914704733, -0.0023203198798], [0.000582092208788, -0.00152530963533, -0.00190187152475, 0.00133216369431, 0.00443044863641, -0.00961260870099, 0.0167229901999, -0.0101807583123, 0.00881895795465, 0.000752428313717, 0.00185032433365, 0.00283180805854, -0.0023609562777], [-0.000341005943483, -0.000800259411335, -0.000709984276909, 0.000639773963485, -0.000905263412278, 0.00590862892568, -0.0101807583123, 0.022964483127, -0.0130831776187, 0.00686455937102, -0.00452049588785, 0.000664426595904, 0.00420479290187], [0.000156463531312, 0.00125563482288, 0.000880539126229, 0.00111818651203, -0.0016057403991, -0.000688092201017, 0.00881895795465, -0.0130831776187, 0.0225758962333, -0.00883872248232, 0.00778547674417, 0.000433029374108, -0.000428342871601], [0.000498505774885, -0.0026862223167, 0.000355618627509, 0.000840651977342, 0.000864893605467, -0.00524131814018, 0.000752428313717, 0.00686455937102, -0.00883872248232, 0.0216525606811, -0.0109175881371, 0.00687992200255, -0.00267991260625], [0.000572976772673, -3.12597003358e-05, -0.00206487998366, 0.000574866309762, 0.00152684689965, -0.00134325691033, 0.00185032433365, -0.00452049588785, 0.00778547674417, -0.0109175881371, 0.0268559493124, -0.0110718896613, 0.00842771679163], [-0.000274544232525, 0.000428852828918, 0.00116337265354, -0.0010707314359, -0.00201877998188, 0.00328914704733, 0.00283180805854, 0.000664426595904, 0.000433029374108, 0.00687992200255, -0.0110718896613, 0.0202326290309, -0.00533859152347], [3.30423863488e-05, -0.000291285075946, -0.00295204762369, 0.00217218161561, -0.00280363461934, -0.0023203198798, -0.0023609562777, 0.00420479290187, -0.000428342871601, -0.00267991260625, 0.00842771679163, -0.00533859152347, 0.0160988233984]]}, "silence_rate_60dB": {"dvar": 0.0538310408592, "var": 0.150032564998, "median": 1, "max": 1, "dmean": 0.0570902377367, "dmean2": 0.11439114064, "mean": 0.816176474094, "dvar2": 0.123445726931, "min": 0}, "melbands_flatness_db": {"dvar": 0.000410519307479, "var": 0.00224593258463, "median": 0.166895359755, "max": 0.312862545252, "dmean": 0.0233441051096, "dmean2": 0.0361168459058, "mean": 0.163019180298, "dvar2": 0.000942373764701, "min": 0.00510457111523}, "spectral_rms": {"dvar": 1.95318150986e-07, "var": 3.79145581064e-06, "median": 0.000749971717596, "max": 0.0106991846114, "dmean": 0.000220108195208, "dmean2": 0.000322495121509, "mean": 0.00129344547167, "dvar2": 3.85895418731e-07, "min": 3.27740655795e-12}, "melbands_spread": {"dvar": 61.8698692322, "var": 497.130065918, "median": 22.2410621643, "max": 148.016418457, "dmean": 6.18704557419, "dmean2": 9.79288005829, "mean": 27.182226181, "dvar2": 120.759506226, "min": 2.3113527298}, "average_loudness": 0.0301908627152, "erbbands_kurtosis": {"dvar": 6.73351860046, "var": 14.740562439, "median": 1.18990254402, "max": 24.5664291382, "dmean": 2.06009936333, "dmean2": 3.34113383293, "mean": 2.49178123474, "dvar2": 16.8501605988, "min": -1.71564257145}, "spectral_energy": {"dvar": 3.61499369319e-05, "var": 0.000261834036792, "median": 0.000576558581088, "max": 0.117334373295, "dmean": 0.0016856493894, "dmean2": 0.00254631089047, "mean": 0.00560106802732, "dvar2": 7.56244480726e-05, "min": 1.10099282417e-20}, "spectral_entropy": {"dvar": 0.0344058126211, "var": 0.298389643431, "median": 7.57668781281, "max": 9.80474090576, "dmean": 0.167334720492, "dmean2": 0.25575992465, "mean": 7.61120986938, "dvar2": 0.0735913515091, "min": 5.78696107864}, "erbbands": {"dvar": [0.000465728138806, 0.0377209298313, 1.54725205898, 2.45209956169, 1.96429610252, 7.21170806885, 4.57559633255, 14.5155754089, 7.02926921844, 9.63940143585, 20.1303386688, 36.452457428, 1315.14147949, 27129.7734375, 13204.6240234, 2393.64428711, 1950.64819336, 125.557640076, 8.43555927277, 13.696805954, 419.584259033, 2251.23291016, 958.021057129, 57.5956420898, 22.8710460663, 23.7268028259, 17.4175434113, 10.010008812, 2.79884266853, 1.16341722012, 1.28546893597, 1.74510550499, 0.0993912145495, 0.0334140695632, 0.0062006060034, 0.00313804135658, 0.000163957854966, 2.73761247627e-06, 3.6049829788e-08, 1.3457518433e-10], "var": [0.000412956054788, 0.0433238334954, 0.984546303749, 2.49487900734, 2.5380051136, 9.2767868042, 32.316242218, 134.590255737, 16.3828887939, 24.0168495178, 28.5638370514, 71.8874969482, 2296.27124023, 82206.90625, 31132.3789062, 5952.58398438, 4290.12304688, 347.586730957, 25.9230289459, 52.7809295654, 1123.43896484, 3959.26196289, 1452.19519043, 226.555038452, 81.2869033813, 130.680541992, 114.145935059, 70.6877441406, 17.1090717316, 8.45983886719, 9.83965301514, 3.58907461166, 0.917608380318, 0.308140218258, 0.0521901808679, 0.0184147767723, 0.