{"tonal": {"chords_key": "G", "hpcp_entropy": {"dmean": 0.573525249958, "dmean2": 0.959266602993, "max": 4.2794303894, "dvar": 0.257961094379, "mean": 1.86433923244, "dvar2": 0.670184195042, "min": 0, "var": 0.535818397999, "median": 1.8537068367}, "key_key": "G", "chords_strength": {"dmean": 0.00852198153734, "dmean2": 0.00805359520018, "max": 0.785850763321, "dvar": 6.11704454059e-05, "mean": 0.531976699829, "dvar2": 7.16343056411e-05, "min": 0.240170434117, "var": 0.0121027287096, "median": 0.535500586033}, "key_scale": "major", "chords_number_rate": 0.00249886419624, "thpcp": [1, 0.604085981846, 0.163340806961, 0.087710082531, 0.0978429988027, 0.18136934936, 0.2674023211, 0.352522581816, 0.271055519581, 0.0964861884713, 0.080887787044, 0.113898769021, 0.163003250957, 0.305561721325, 0.744339466095, 0.852858245373, 0.398346185684, 0.143497079611, 0.138135582209, 0.214157536626, 0.426570355892, 0.463115662336, 0.226561367512, 0.115284644067, 0.117703579366, 0.112629137933, 0.174593299627, 0.19546328485, 0.13588988781, 0.149234995246, 0.170199096203, 0.109460756183, 0.0710148662329, 0.0986959338188, 0.193423077464, 0.64427793026], "key_strength": 0.848050475121, "tuning_nontempered_energy_ratio": 0.693142414093, "tuning_frequency": 447.432556152, "chords_changes_rate": 0.0554293505847, "tuning_diatonic_strength": 0.729422330856, "chords_scale": "major", "chords_histogram": [48.9777374268, 0.681508421898, 4.06633329391, 0.567923665047, 1.99909126759, 2.49886417389, 1.22671508789, 2.95320320129, 0.613357543945, 0.840527057648, 0.795093119144, 0.0454338937998, 0.477055877447, 0, 0, 0.113584734499, 0, 5.13402986526, 0.249886408448, 7.72376203537, 0, 9.13221263885, 2.86233520508, 9.04134464264], "tuning_equal_tempered_deviation": 0.0731922015548, "hpcp": {"dmean": [0.0947349891067, 0.0703860744834, 0.0444697737694, 0.0371213257313, 0.0407684519887, 0.0501447841525, 0.0522477813065, 0.0477531924844, 0.0437235310674, 0.0441831722856, 0.0399340055883, 0.0363300777972, 0.0536466352642, 0.0951865389943, 0.161451429129, 0.164595559239, 0.168891936541, 0.090629093349, 0.0496683605015, 0.0479602925479, 0.0570303797722, 0.0668850243092, 0.122073061764, 0.108418144286, 0.0468913502991, 0.0454864241183, 0.0558456256986, 0.0756334960461, 0.121936678886, 0.154757380486, 0.13704392314, 0.124915361404, 0.0815378427505, 0.0790831521153, 0.090585835278, 0.0995910167694], "dmean2": [0.160701543093, 0.122858263552, 0.0812175646424, 0.0675851553679, 0.0717944204807, 0.0849272757769, 0.0883332639933, 0.08448754251, 0.0773634761572, 0.0752837508917, 0.0708821490407, 0.0667178705335, 0.10016733408, 0.174390688539, 0.283102452755, 0.282834172249, 0.294657021761, 0.168295964599, 0.0932642817497, 0.0874274969101, 0.100550465286, 0.116737104952, 0.21444272995, 0.192393660545, 0.0863282382488, 0.085577622056, 0.102567635477, 0.13948109746, 0.217889592052, 0.272830069065, 0.238148465753, 0.221231982112, 0.151424437761, 0.147243112326, 0.16360296309, 0.171338841319], "max": [1, 1, 1, 1, 1, 1, 1, 1, 1, 1, 1, 1, 1, 1, 1, 1, 1, 1, 1, 1, 1, 1, 1, 1, 1, 1, 1, 1, 1, 1, 1, 1, 1, 1, 1, 1], "dvar": [0.0326473228633, 0.0214101485908, 0.0144384326413, 0.0142926229164, 0.0141225466505, 0.0161658916622, 0.0162763260305, 0.0158446133137, 0.0144142089412, 0.0150981750339, 0.0132905710489, 0.013813175261, 0.0239490419626, 0.0361479148269, 0.0491890273988, 0.0633291006088, 0.0556858107448, 0.0375066362321, 0.0202569346875, 0.0205697137862, 0.0215575806797, 0.0214646160603, 0.0455942153931, 0.039937376976, 0.016176763922, 0.0196566209197, 0.0233141817153, 0.0323471277952, 0.0465170554817, 0.0560123957694, 0.0556992031634, 0.0423796251416, 0.034762699157, 0.0342128835618, 0.0329286083579, 0.0347709804773], "mean": [0.175768986344, 0.0859881564975, 0.0437546521425, 0.0446727238595, 0.0427467934787, 0.0662644132972, 0.0741853192449, 0.0515750832856, 0.0566400289536, 0.0645966529846, 0.041544277221, 0.0269526857883, 0.0374586433172, 0.073410987854, 0.244526550174, 0.37953582406, 0.229272276163, 0.061993688345, 0.0332891196012, 0.0371349230409, 0.0688361674547, 0.101488761604, 0.133794948459, 0.1028752774, 0.036619964987, 0.0306998137385, 0.0432286635041, 0.0618655718863, 0.115971624851, 0.28250348568, 0.323690265417, 0.151186645031, 0.0544622838497, 0.0524274036288, 0.0812804549932, 0.161898732185], "dvar2": [0.0780417621136, 0.0562517121434, 0.0389295220375, 0.0377453155816, 0.0384242348373, 0.0405529327691, 0.0386217534542, 0.0420355014503, 0.0367561765015, 0.0356472209096, 0.034948412329, 0.0387556217611, 0.0659956261516, 0.0983250290155, 0.133513912559, 0.138787299395, 0.146640896797, 0.10648868978, 0.0563195124269, 0.0558116137981, 0.05747493729, 0.0551059357822, 0.118834421039, 0.105213880539, 0.0457686558366, 0.056795399636, 0.0658145546913, 0.0898823589087, 0.130220726132, 0.151205763221, 0.132509812713, 0.120266720653, 0.0968468785286, 0.0973038971424, 0.0888348594308, 0.0882529988885], "min": [0, 0, 0, 0, 0, 0, 0, 0, 0, 0, 0, 0, 0, 0, 0, 0, 0, 0, 0, 0, 0, 0, 0, 0, 0, 0, 0, 0, 0, 0, 0, 0, 0, 0, 0, 0], "var": [0.0902255401015, 0.0280480869114, 0.0188122112304, 0.0264854244888, 0.0162544623017, 0.0252410806715, 0.0288422703743, 0.0180149376392, 0.0253257285804, 0.0341046825051, 0.0151614081115, 0.00978897325695, 0.0173036251217, 0.0293953157961, 0.079732760787, 0.159235581756, 0.0811105743051, 0.0264008734375, 0.0134827811271, 0.0157373994589, 0.02986173518, 0.0492216274142, 0.0573841184378, 0.0430570542812, 0.0108994087204, 0.01245847065, 0.016427539289, 0.0276341605932, 0.0481752865016, 0.124452225864, 0.158950552344, 0.0510136187077, 0.0246492810547, 0.0236673858017, 0.033191435039, 0.0792942270637], "median": [0.0263505559415, 0.0128423366696, 0.00210638809949, 0.00142339174636, 0.00308150751516, 0.0104676727206, 0.0141164576635, 0.00904430355877, 0.00495040416718, 0.00480741541833, 0.00357125513256, 0.00193522498012, 0.00174753949977, 0.0075182011351, 0.116831637919, 0.18614974618, 0.0833869576454, 0.00510258413851, 0.00173887249548, 0.00201730523258, 0.00453505991027, 0.0156820323318, 0.0178439468145, 0.0103531023487, 0.00540514336899, 0.00188880308997, 0.00391234271228, 0.00551654677838, 0.0159444287419, 0.0675118565559, 0.071543738246, 0.0318447053432, 0.00277017964981, 0.00164927053265, 0.00554899033159, 0.0215806085616]}}, "lowlevel": {"melbands_flatness_db": {"dmean": 0.0257878284901, "dmean2": 0.0383548773825, "max": 0.61267209053, "dvar": 0.000786743825302, "mean": 0.309140086174, "dvar2": 0.0016089992132, "min": 0.00446425843984, "var": 0.00583738647401, "median": 0.307581037283}, "melbands_crest": {"dmean": 2.74346518517, "dmean2": 4.47041368484, "max": 34.548538208, "dvar": 8.03082561493, "mean": 18.2663269043, "dvar2": 20.1796512604, "min": 1.9597710371, "var": 30.3084850311, "median": 17.7576255798}, "spectral_entropy": {"dmean": 0.193958774209, "dmean2": 0.282486915588, "max": 9.80618190765, "dvar": 0.0531094148755, "mean": 6.93589162827, "dvar2": 0.101903758943, "min": 4.15219306946, "var": 0.383970558643, "median": 6.95966720581}, "melbands": {"dmean": [0.0015839751577, 0.00277568679303, 0.00156048638746, 0.000807144446298, 0.000323103595292, 0.000126411629026, 0.000143140350701, 0.000105521205114, 0.000102182340925, 6.37551274849e-05, 4.30970903835e-05, 3.46560336766e-05, 2.96893776977e-05, 1.83865540748e-05, 1.79712678801e-05, 1.49591833178e-05, 1.46193870023e-05, 1.15103221106e-05, 6.85401118972e-06, 5.4926535995e-06, 3.45844364347e-06, 3.0119836083e-06, 4.83542180518e-06, 5.80709365749e-06, 4.23964456786e-06, 2.95097015623e-06, 3.17644594361e-06, 2.69588485935e-06, 1.90813329937e-06, 1.80963320418e-06, 1.59368346431e-06, 1.14817396479e-06, 1.13549231173e-06, 7.05611455487e-07, 7.00342241089e-07, 4.14205146626e-07, 5.45839668575e-07, 7.0479399028e-07, 8.23850371034e-07, 5.99311135829e-07], "dmean2": [0.00252972426824, 0.00453136395663, 0.00255364109762, 0.00130585161969, 0.000505622185301, 0.000198867841391, 0.000213195831748, 0.000158179114806, 0.000151585845742, 9.92640416371e-05, 6.64723847876e-05, 5.2847823099e-05, 4.64767981612e-05, 2.92298518616e-05, 2.77697945421e-05, 2.37490658037e-05, 2.31537378568e-05, 1.83297524927e-05, 1.09013762994e-05, 9.08274796529e-06, 5.59838872505e-06, 4.85056216348e-06, 7.76183333073e-06, 9.35228490562e-06, 6.85541544954e-06, 4.71992734674e-06, 4.99101133755e-06, 4.19937668994e-06, 3.02663374896e-06, 2.77759750134e-06, 2.3970580969e-06, 1.70006137523e-06, 1.75093271082e-06, 1.08780341179e-06, 1.08199674287e-06, 6.24796825832e-07, 8.56820008721e-07, 1.10629741812e-06, 1.24529424284e-06, 9.01182033886e-07], "max": [0.0322474986315, 0.0509020239115, 0.0495306998491, 0.0185594037175, 0.011500172317, 0.00742220971733, 0.00978706870228, 0.00625276612118, 0.00873358454555, 0.00803276523948, 0.00279554910958, 0.00323649263009, 0.00343382963911, 0.00458603724837, 0.00216771895066, 0.0013360659359, 0.00169474282302, 0.000953860639129, 0.000490730220918, 0.000419634772697, 0.000831832236145, 0.00070182030322, 0.00125708023552, 0.000970958615653, 0.000568258983549, 0.000493466388434, 0.00056400016183, 0.00035263915197, 0.000220188710955, 0.000318519480061, 0.000271756289294, 0.000173234046088, 0.000204122959985, 0.000135108362883, 5.62852183066e-05, 7.10063250153e-05, 6.97653013049e-05, 3.93883965444e-05, 5.48216339666e-05, 4.70413178846e-05], "dvar": [7.33160413802e-06, 2.09247154999e-05, 1.08171516331e-05, 2.00602084988e-06, 3.31638261741e-07, 8.59503686002e-08, 1.13066178642e-07, 6.21472935336e-08, 1.03548671859e-07, 4.85985616194e-08, 1.42072522635e-08, 1.15033005343e-08, 1.10853610735e-08, 1.10115756513e-08, 4.2456766991e-09, 2.25459051428e-09, 2.44129183535e-09, 1.36410205354e-09, 4.03108518787e-10, 2.25888072136e-10, 4.19723811262e-10, 1.9920122496e-10, 3.66115415762e-10, 7.96151089499e-10, 2.78243067475e-10, 1.84496709577e-10, 3.10475201104e-10, 1.53192014629e-10, 8.39569663791e-11, 6.87424839274e-11, 6.0240055999e-11, 3.16365753039e-11, 1.69615883838e-11, 5.83951333469e-12, 4.08033459451e-12, 3.04815721275e-12, 5.22722360188e-12, 4.20497013945e-12, 5.86393390442e-12, 3.39905013857e-12], "mean": [0.00392438145354, 0.00733669986948, 0.00321320234798, 0.00171413377393, 0.000772141909692, 0.00027956312988, 0.000336402124958, 0.000239287910517, 0.000230306846788, 0.000138576491736, 8.70385556482e-05, 7.11944303475e-05, 5.87802678638e-05, 3.31033807015e-05, 3.4072829294e-05, 2.62365647359e-05, 2.58506734099e-05, 2.06078602787e-05, 1.23317895486e-05, 8.55041707837e-06, 5.08230505147e-06, 4.40168741989e-06, 7.98873134045e-06, 8.7772086772e-06, 6.54663472233e-06, 4.29717647421e-06, 4.35263746112e-06, 3.45071157426e-06, 2.60041883848e-06, 2.8329552606e-06, 2.5012691367e-06, 1.87526597983e-06, 1.77631829956e-06, 1.10023972866e-06, 1.03058891909e-06, 7.15742032753e-07, 8.91175716333e-07, 1.04175990145e-06, 1.16318449273e-06, 8.91778029199e-07], "dvar2": [1.92915485968e-05, 5.37955093023e-05, 2.78730149148e-05, 5.41802683074e-06, 7.97929658347e-07, 2.01601608296e-07, 2.6418584298e-07, 1.39876206617e-07, 2.3034958474e-07, 1.25870442957e-07, 3.5843246593e-08, 2.57213912391e-08, 2.84047398935e-08, 2.8867141566e-08, 1.00293311434e-08, 5.33647082079e-09, 5.97715699158e-09, 3.33060268254e-09, 9.60248547344e-10, 5.78208814161e-10, 1.10112474694e-09, 5.22784648904e-10, 7.85684795002e-10, 1.87994952938e-09, 6.58487264715e-10, 4.25822765937e-10, 7.01929181446e-10, 3.4104097324e-10, 1.85529244745e-10, 1.53118934199e-10, 1.27620192192e-10, 6.37680047655e-11, 3.38720440585e-11, 1.24676224206e-11, 9.0939139899e-12, 6.11710335163e-12, 1.29342170654e-11, 1.02456125181e-11, 1.2897712412e-11, 7.39714713094e-12], "min": [1.4804185788e-24, 3.2590672061e-24, 4.56571313811e-24, 7.29156598698e-24, 8.98406548141e-24, 3.96910828512e-24, 2.29543870328e-24, 6.08637151169e-24, 2.68575761285e-24, 5.96859063423e-24, 3.82128403452e-24, 3.75294461987e-24, 3.49535352975e-24, 4.28677271089e-24, 4.17670018777e-24, 5.13865886927e-24, 5.92171533595e-24, 2.9595874047e-24, 4.67667470747e-24, 4.23561468675e-24, 4.82016574512e-24, 5.34328149948e-24, 4.03745677167e-24, 6.41557026718e-24, 5.7730264938e-24, 1.09948813951e-23, 9.84337876522e-24, 8.25443856384e-24, 7.16998437769e-24, 7.71641649382e-24, 9.26194804616e-24, 8.97608851994e-24, 8.88747814104e-24, 7.51814103846e-24, 8.92314333142e-24, 7.90941999175e-24, 9.1778325967e-24, 9.50039703198e-24, 7.818534538e-24, 8.45095091508e-24], "var": [1.94334897969e-05, 5.40437431482e-05, 1.62075302796e-05, 4.7826761147e-06, 1.10118764951e-06, 2.69491920335e-07, 4.00330861794e-07, 1.95873482767e-07, 3.12112774736e-07, 1.29360287815e-07, 3.67534802592e-08, 4.04044087077e-08, 4.7539110426e-08, 1.69372924574e-08, 1.0971814568e-08, 4.99948926702e-09, 5.26074428464e-09, 3.95322752311e-09, 7.81838427333e-10, 3.58874069351e-10, 4.88280305078e-10, 2.07454914358e-10, 8.47357906064e-10, 9.01714147794e-10, 3.56387974687e-10, 2.15014950289e-10, 3.57016277652e-10, 2.12577497272e-10, 1.38238906433e-10, 1.81271581079e-10, 1.39335321059e-10, 7.81869985422e-11, 3.75759111326e-11, 1.23579037628e-11, 8.19046219735e-12, 8.73667110879e-12, 1.03614105143e-11, 7.35287438575e-12, 1.02331329174e-11, 5.99208183072e-12], "median": [0.00247161369771, 0.00551140867174, 0.00205034902319, 0.000827588140965, 0.00037395049003, 0.00011218203872, 0.000113316375064, 7.8057491919e-05, 4.06873550673e-05, 1.91436192836e-05, 2.14844603761e-05, 1.21863986351e-05, 9.48845081439e-06, 5.28514647158e-06, 7.62848912927e-06, 6.62146476316e-06, 6.79326149111e-06, 5.60091484658e-06, 4.16170132667e-06, 2.84016095975e-06, 1.26363227082e-06, 1.24908694943e-06, 2.98350664707e-06, 2.50505445365e-06, 2.1967439352e-06, 1.25141832541e-06, 9.91504293779e-07, 5.91700825225e-07, 3.59819182449e-07, 3.29565352786e-07, 2.80384995222e-07, 2.13168206642e-07, 3.6512633983e-07, 2.65517428488e-07, 2.66527024451e-07, 1.08543936506e-07, 1.12977964761e-07, 1.82085202027e-07, 2.02216313028e-07, 1.97291342374e-07]}, "silence_rate_60dB": {"dmean": 0.00931606441736, "dmean2": 0.0186342466623, "max": 1, "dvar": 0.00922995060682, "mean": 0.0790639519691, "dvar2": 0.0201083701104, "min": 0, "var": 0.0728170126677, "median": 0}, "spectral_energyband_middle_high": {"dmean": 0.000926338485442, "dmean2": 0.00140155060217, "max": 0.0561184436083, "dvar": 6.46372382107e-06, "mean": 0.00246529653668, "dvar2": 1.53461005539e-05, "min": 1.46572304992e-21, "var": 2.02502560569e-05, "median": 0.000950137968175}, "erbbands_skewness": {"dmean": 0.365344703197, "dmean2": 0.560696482658, "max": 10.0473995209, "dvar": 0.216192245483, "mean": 0.92164683342, "dvar2": 0.466979950666, "min": -3.2043325901, "var": 0.962308466434, "median": 0.942225217819}, "dynamic_complexity": 3.44077658653, "dissonance": {"dmean": 0.0214768573642, "dmean2": 0.0355528667569, "max": 0.499674409628, "dvar": 0.000487006327603, "mean": 0.441822677851, "dvar2": 0.00124898192007, "min": 0.125978678465, "var": 0.00160293921363, "median": 0.449444979429}, "spectral_skewness": {"dmean": 0.261528730392, "dmean2": 0.405539631844, "max": 6.54480218887, "dvar": 0.0852550119162, "mean": 2.1842546463, "dvar2": 0.195384919643, "min": -0.0447557978332, "var": 0.525233268738, "median": 2.13297533989}, "spectral_kurtosis": {"dmean": 2.27904558182, "dmean2": 3.71713733673, "max": 60.0981521606, "dvar": 9.99212646484, "mean": 7.85228204727, "dvar2": 26.0871524811, "min": -1.22430932522, "var": 37.4496116638, "median": 6.38502120972}, "gfcc": {"cov": [[8569.30566406, -857.619445801, 217.244522095, 280.027740479, -78.549369812, 557.016784668, 128.023895264, 431.627655029, 28.5595397949, 78.225692749, 4.1023478508, 65.9887161255, -86.9569168091], [-857.619445801, 1354.94067383, -329.137908936, -222.716201782, 43.4671363831, -93.1205215454, 66.3038635254, -101.459121704, 45.7743415833, -100.210945129, 82.6137466431, -125.24433136, 3.71437335014], [217.244522095, -329.137908936, 937.377197266, 268.948577881, 192.246002197, 189.414703369, 77.7847213745, 122.784370422, 129.948318481, 66.2395935059, 15.0472726822, 112.553382874, -29.6549987793], [280.027740479, -222.716201782, 268.948577881, 595.006958008, 156.89805603, 112.559410095, 41.5955467224, 26.5529499054, 125.084655762, 57.547077179, 30.0559749603, 34.9886245728, 34.5339508057], [-78.549369812, 43.4671363831, 192.246002197, 156.89805603, 354.248046875, 81.6209259033, 44.2811927795, 16.5830745697, 49.1989440918, 5.63903427124, 12.9124593735, 26.4695701599, -5.48823451996], [557.016784668, -93.1205215454, 189.414703369, 112.559410095, 81.6209259033, 318.847747803, 127.085365295, 85.8213882446, 60.2089157104, 43.493938446, 50.1610412598, 21.4122085571, 0.0523296557367], [128.023895264, 66.3038635254, 77.7847213745, 41.5955467224, 44.2811927795, 127.085365295, 199.467269897, 76.9329299927, 38.6516838074, 21.1767807007, 32.4063644409, -6.08311653137, 1.02933514118], [431.627655029, -101.459121704, 122.784370422, 26.5529499054, 16.5830745697, 85.8213882446, 76.9329299927, 207.080001831, 67.5911254883, 17.615436554, 4.11425352097, 36.5589790344, 5.62682247162], [28.5595397949, 45.7743415833, 129.948318481, 125.084655762, 49.1989440918, 60.2089157104, 38.6516838074, 67.5911254883, 169.874664307, 39.7542266846, 18.9665203094, 17.7910957336, 26.5289134979], [78.225692749, -100.210945129, 66.2395935059, 57.547077179, 5.63903427124, 43.493938446, 21.1767807007, 17.615436554, 39.7542266846, 92.6477737427, 22.646150589, 14.0180301666, 5.74967622757], [4.1023478508, 82.6137466431, 15.0472726822, 30.0559749603, 12.9124593735, 50.1610412598, 32.4063644409, 4.11425352097, 18.9665203094, 22.646150589, 94.7833023071, 29.3517246246, 4.00274705887], [65.9887161255, -125.24433136, 112.553382874, 34.9886245728, 26.4695701599, 21.4122085571, -6.08311653137, 36.5589790344, 17.7910957336, 14.0180301666, 29.3517246246, 108.172592163, 24.3595676422], [-86.9569168091, 3.71437335014, -29.6549987793, 34.5339508057, -5.48823451996, 0.0523296557367, 1.02933514118, 5.62682247162, 26.5289134979, 5.74967622757, 4.00274705887, 24.3595676422, 77.4503707886]], "mean": [-23.4421405792, 107.567237854, -71.7553787231, 30.5490856171, -43.0236778259, 9.41244888306, -35.9896430969, 5.1826543808, -24.1064853668, -1.9148645401, -12.4675264359, -7.8832154274, -13.9734668732], "icov": [[0.000157624323037, 3.63247308997e-05, 7.03618643456e-05, -9.40250392887e-05, 8.88966897037e-05, -0.000294303841656, 0.000130936779897, -0.000310963630909, 0.000109223256004, 2.76897912954e-06, 7.23233388271e-05, -4.05693681387e-05, 0.000242849055212], [3.63247308997e-05, 0.00157467031386, 0.000192916937522, 0.000724428449757, -0.000557891384233, 0.000558644824196, -0.000710016814992, 0.000636328302789, -0.00154512573499, 0.00187569833361, -0.00234235357493, 0.00188304157928, -0.000441776646767], [7.03618643456e-05, 0.000192916937522, 0.00188779714517, -0.000395812181523, -0.000417385919718, -0.000619563274086, -0.00021233948064, -0.000183881231351, -0.000888750248123, -0.000213070190512, 0.000843189656734, -0.00184402265586, 0.00181271682959], [-9.40250392887e-05, 0.000724428449757, -0.000395812181523, 0.00282871210948, -0.00100289506372, 0.000165632533026, -0.000274802587228, 0.000975788279902, -0.00188063795213, 0.00029383826768, -0.00137275550514, 0.00121495034546, -0.00138037966099], [8.88966897037e-05, -0.000557891384233, -0.000417385919718, -0.00100289506372, 0.00383003568277, -0.000810471596196, -0.000163379590958, 0.000121018041682, 0.000178643094841, 0.000198251538677, 0.00111680466216, -0.00134455994703, 0.00096851750277], [-0.000294303841656, 0.000558644824196, -0.000619563274086, 0.000165632533026, -0.000810471596196, 0.00591578055173, -0.00271594850346, -8.67950366228e-05, -0.000653592753224, -0.000104459970316, -0.00274889916182, 0.00135485944338, -0.000739756564144], [0.000130936779897, -0.000710016814992, -0.00021233948064, -0.000274802587228, -0.000163379590958, -0.00271594850346, 0.00834683608264, -0.00296853831969, 0.00107797619421, -0.00106838427018, -0.00103134615347, 0.00180909829214, -0.000488337012939], [-0.000310963630909, 0.000636328302789, -0.000183881231351, 0.000975788279902, 0.000121018041682, -8.67950366228e-05, -0.00296853831969, 0.00829299539328, -0.00353657500818, 0.00120089342818, 0.000911343318876, -0.00206545973197, 0.000285200425424], [0.000109223256004, -0.00154512573499, -0.000888750248123, -0.00188063795213, 0.000178643094841, -0.000653592753224, 0.00107797619421, -0.00353657500818, 0.0109097454697, -0.00402541738003, 0.00106227572542, 3.2884425309e-05, -0.0025526068639], [2.76897912954e-06, 0.00187569833361, -0.000213070190512, 0.00029383826768, 0.000198251538677, -0.000104459970316, -0.00106838427018, 0.00120089342818, -0.00402541738003, 0.0154915628955, -0.00480721332133, 0.00186731340364, -0.00046846299665], [7.23233388271e-05, -0.00234235357493, 0.000843189656734, -0.00137275550514, 0.00111680466216, -0.00274889916182, -0.00103134615347, 0.000911343318876, 0.00106227572542, -0.00480721332133, 0.017902944237, -0.00833513215184, 0.00284628430381], [-4.05693681387e-05, 0.00188304157928, -0.00184402265586, 0.00121495034546, -0.00134455994703, 0.00135485944338, 0.00180909829214, -0.00206545973197, 3.2884425309e-05, 0.00186731340364, -0.00833513215184, 0.0173182934523, -0.00651985965669], [0.000242849055212, -0.000441776646767, 0.00181271682959, -0.00138037966099, 0.00096851750277, -0.000739756564144, -0.000488337012939, 0.000285200425424, -0.0025526068639, -0.00046846299665, 0.00284628430381, -0.00651985965669, 0.017382433638]]}, "spectral_complexity": {"dmean": 2.51397418976, "dmean2": 3.89467096329, "max": 57, "dvar": 13.1869373322, "mean": 12.1371126175, "dvar2": 26.8386535645, "min": 0, "var": 50.8742752075, "median": 11}, "spectral_flux": {"dmean": 0.0294626522809, "dmean2": 0.0469205081463, "max": 0.452848911285, "dvar": 0.00129564327653, "mean": 0.0801969096065, "dvar2": 0.00289108161815, "min": 6.58186075086e-11, "var": 0.00326785072684, "median": 0.0679001733661}, "spectral_energyband_low": {"dmean": 0.0114396698773, "dmean2": 0.0185394342989, "max": 0.18689379096, "dvar": 0.000312529708026, "mean": 0.0338040404022, "dvar2": 0.000803301110864, "min": 1.69582438537e-23, "var": 0.000820909510367, "median": 0.0303077064455}, "spectral_decrease": {"dmean": 3.70502672986e-09, "dmean2": 5.9638498584e-09, "max": 1.16671308829e-29, "dvar": 2.8070374087e-17, "mean": -1.33928423907e-08, "dvar2": 7.12080349375e-17, "min": -6.18235489469e-08, "var": 7.96882177855e-17, "median": -1.36016291563e-08}, "barkbands_spread": {"dmean": 3.36987543106, "dmean2": 5.17076444626, "max": 104.967132568, "dvar": 38.9986228943, "mean": 10.4750461578, "dvar2": 75.5421295166, "min": 0.214586183429, "var": 131.210922241, "median": 7.3078327179}, "spectral_rms": {"dmean": 0.000920478079934, "dmean2": 0.00145024817903, "max": 0.0153248561546, "dvar": 1.36910932724e-06, "mean": 0.00656002666801, "dvar2": 3.21130119119e-06, "min": 3.17657922536e-12, "var": 7.71706618252e-06, "median": 0.00720423599705}, "spectral_centroid": {"dmean": 147.26184082, "dmean2": 221.64704895, "max": 11391.8359375, "dvar": 71588.9921875, "mean": 660.691772461, "dvar2": 126119.804688, "min": 140.007522583, "var": 356523.9375, "median": 501.087097168}, "barkbands_skewness": {"dmean": 0.736174821854, "dmean2": 1.12224626541, "max": 15.0842428207, "dvar": 0.718007147312, "mean": 3.57824325562, "dvar2": 1.59039914608, "min": -5.22437143326, "var": 4.29901647568, "median": 3.27513766289}, "spectral_rolloff": {"dmean": 174.767852783, "dmean2": 292.167175293, "max": 18798.4863281, "dvar": 400447.9375, "mean": 542.283630371, "dvar2": 816439.8125, "min": 86.1328125, "var": 1092847.375, "median": 279.931640625}, "erbbands_spread": {"dmean": 8.64662075043, "dmean2": 13.1553258896, "max": 160.79309082, "dvar": 113.692382812, "mean": 44.4115257263, "dvar2": 248.729095459, "min": 0.40524995327, "var": 537.484375, "median": 40.5815010071}, "barkbands": {"dmean": [0.000229927987675, 0.00699889985844, 0.00504663772881, 0.00372051866725, 0.0032503134571, 0.000803189002909, 0.00068957300391, 0.000531825469807, 0.000459454924567, 0.000276903156191, 0.000201183065656, 0.000163356569828, 0.000162450407515, 0.000151334403199, 0.000105909028207, 6.6570515628e-05, 5.63196626899e-05, 0.000113450762001, 8.41841829242e-05, 8.5738261987e-05, 6.75163973938e-05, 5.6325483456e-05, 3.40806182066e-05, 5.51581360924e-05, 5.35253166163e-05, 3.17740887112e-05, 2.43358681473e-05], "dmean2": [0.000313907017699, 0.0113639552146, 0.00816161278635, 0.00619621807709, 0.00523994863033, 0.00125202117488, 0.00101943709888, 0.000785781594459, 0.000715408998076, 0.000424337515142, 0.000317851634463, 0.000256349740084, 0.000257200474152, 0.000240680397837, 0.000169516468304, 0.00011053304479, 9.05882843654e-05, 0.000181638810318, 0.000134729431011, 0.000132461602334, 0.000100532335637, 8.26912073535e-05, 5.12541155331e-05, 8.4346436779e-05, 7.98321925686e-05, 4.79663103761e-05, 3.92562214984e-05], "max": [0.00598146440461, 0.135018229485, 0.0978247374296, 0.136436447501, 0.0687999650836, 0.0415166318417, 0.0416097864509, 0.0488924309611, 0.0496928654611, 0.0191747285426, 0.0233210772276, 0.0334617383778, 0.0164340138435, 0.0158187411726, 0.00806418526918, 0.00972562935203, 0.0105939954519, 0.0149942589924, 0.0133455256, 0.0153742423281, 0.00988610181957, 0.00826164986938, 0.00378798111342, 0.00301786023192, 0.00332244927995, 0.00176741625182, 0.00107103690971], "dvar": [1.77608526997e-07, 0.000137324619573, 8.04640585557e-05, 7.6983247709e-05, 2.84243396891e-05, 3.36845050697e-06, 2.52444533544e-06, 2.35435368268e-06, 2.41033694692e-06, 6.21141452939e-07, 5.22079233178e-07, 7.08794118509e-07, 2.74159845048e-07, 2.32414294032e-07, 9.7976688096e-08, 6.33228154356e-08, 5.86504533828e-08, 2.55395605109e-07, 1.3084694217e-07, 1.76236653715e-07, 9.39103230735e-08, 5.16566416309e-08, 9.71343094847e-09, 2.41654571909e-08, 2.22636735714e-08, 8.45844105868e-09, 5.73274450133e-09], "mean": [0.000370593304979, 0.017566177994, 0.011877855286, 0.00618176488206, 0.00723433680832, 0.00189350987785, 0.00163465191144, 0.00117404933553, 0.000968832348008, 0.000577600963879, 0.000386009225622, 0.000298363069305, 0.000283418165054, 0.00027060334105, 0.000193348620087, 0.000101354511571, 8.40592329041e-05, 0.000184080738109, 0.000131805776618, 0.000114572372695, 0.000111168614239, 9.51853508013e-05, 5.68247378396e-05, 8.61254229676e-05, 8.28264455777e-05, 3.79842349503e-05, 2.2655376597e-05], "dvar2": [3.24388707895e-07, 0.000360862963134, 0.000203749659704, 0.000207288845559, 7.66873272369e-05, 7.87149292591e-06, 5.91712159803e-06, 5.09768824486e-06, 6.29685746389e-06, 1.47676053075e-06, 1.31637295908e-06, 1.82385974767e-06, 6.19190871021e-07, 5.64102265344e-07, 2.33989922549e-07, 1.6696617422e-07, 1.46072068219e-07, 5.83057442327e-07, 3.03865846263e-07, 3.83904364298e-07, 1.88403092238e-07, 9.71222959834e-08, 1.91653004578e-08, 5.58645183446e-08, 4.80364334976e-08, 1.93398292936e-08, 1.43689042886e-08], "min": [7.0940052396e-25, 6.53429028354e-24, 5.60285065831e-24, 1.09260532812e-23, 3.58823101506e-23, 2.21127083401e-23, 1.98630111448e-23, 1.89113261933e-23, 3.81764407253e-23, 1.65442228294e-23, 1.86970747268e-23, 3.25672768132e-23, 5.13457036097e-23, 5.80771515327e-23, 4.96946082688e-23, 9.51789018033e-23, 1.02965823529e-22, 1.12807071581e-22, 2.91559052576e-22, 2.95804462154e-22, 3.7486114858e-22, 4.64851371422e-22, 6.1629186454e-22, 7.59499931469e-22, 1.07082135074e-21, 1.31193924864e-21, 1.90001750921e-21], "var": [4.16738686226e-07, 0.000368422653992, 0.000212330487557, 0.000103178943391, 7.21564865671e-05, 1.12678862934e-05, 8.83989469003e-06, 7.09791265763e-06, 5.99258146394e-06, 1.81329642146e-06, 2.20064816858e-06, 1.17079457596e-06, 7.33552610654e-07, 6.07760455296e-07, 2.49419485954e-07, 6.82635175053e-08, 7.9350058968e-08, 3.59418748985e-07, 1.58777240244e-07, 2.34513962027e-07, 2.53905483305e-07, 1.36049408184e-07, 2.82409207131e-08, 4.90986060697e-08, 4.04265492193e-08, 1.04189510353e-08, 4.87592943799e-09], "median": [9.22524050111e-05, 0.0107560185716, 0.00549943838269, 0.00249225227162, 0.00394620932639, 0.00068382389145, 0.000507835648023, 0.000260956498096, 0.000129059350002, 0.000136062080855, 5.55538063054e-05, 5.05745774717e-05, 6.84649858158e-05, 6.89558073645e-05, 5.7701174228e-05, 3.25657820213e-05, 2.25161129492e-05, 6.1730381276e-05, 4.75197157357e-05, 2.26740285143e-05, 1.46659558595e-05, 1.84004129551e-05, 1.54665576702e-05, 1.62502674357e-05, 2.05179658224e-05, 4.00671251555e-06, 1.36693643071e-06]}, "melbands_kurtosis": {"dmean": 18.9721736908, "dmean2": 29.362329483, "max": 671.829101562, "dvar": 918.494628906, "mean": 53.8502197266, "dvar2": 2175.10839844, "min": -1.69792997837, "var": 3888.93188477, "median": 32.4538078308}, "erbbands_crest": {"dmean": 2.20386528969, "dmean2": 3.56907081604, "max": 34.7027206421, "dvar": 5.15178155899, "mean": 9.77363872528, "dvar2": 12.1360435486, "min": 2.64493393898, "var": 17.5941524506, "median": 8.97113609314}, "melbands_skewness": {"dmean": 0.956665992737, "dmean2": 1.4470140934, "max": 20.9704418182, "dvar": 1.16165280342, "mean": 4.86485767365, "dvar2": 2.53213953972, "min": -5.38707637787, "var": 7.65131664276, "median": 4.38074636459}, "spectral_energyband_middle_low": {"dmean": 0.00677100848407, "dmean2": 0.0109255108982, "max": 0.189918756485, "dvar": 0.000143604527693, "mean": 0.0192998480052, "dvar2": 0.000370442779968, "min": 2.75417191407e-22, "var": 0.000313861906761, "median": 0.0145972250029}, "spectral_contrast_coeffs": {"dmean": [0.0464495494962, 0.040657248348, 0.0347536019981, 0.0286500491202, 0.0222726147622, 0.0194295179099], "dmean2": [0.0754015669227, 0.065788269043, 0.0557280853391, 0.0456954613328, 0.035019993782, 0.0295135974884], "max": [-0.254004776478, -0.40712672472, -0.463186562061, -0.532716393471, -0.569971978664, -0.464865356684], "dvar": [0.00163686519954, 0.00133871193975, 0.000892052252311, 0.000562971807085, 0.000384503189707, 0.000426186306868], "mean": [-0.593208134174, -0.696022987366, -0.749789237976, -0.762538075447, -0.771421968937, -0.773238182068], "dvar2": [0.00409290939569, 0.00325713818893, 0.00208348082379, 0.00135666271672, 0.000890720111784, 0.000910771952476], "min": [-0.968845188618, -0.970382511616, -0.966530919075, -0.96933722496, -0.965575218201, -0.961104989052], "var": [0.0094861947, 0.00641563581303, 0.0059228441678, 0.00349922594614, 0.00256196409464, 0.00361149944365], "median": [-0.604043006897, -0.702281951904, -0.757196307182, -0.767356216908, -0.778074383736, -0.787615954876]}, "spectral_contrast_valleys": {"dmean": [0.37122297287, 0.336973726749, 0.332208782434, 0.292647391558, 0.286015242338, 0.346424549818], "dmean2": [0.590811789036, 0.543239533901, 0.523792088032, 0.440488487482, 0.401422798634, 0.454041481018], "max": [-4.93055105209, -4.53734445572, -4.80295610428, -5.52877187729, -5.24216985703, -7.701795578], "dvar": [0.123186305165, 0.11580645293, 0.110589616001, 0.0928308218718, 0.122679211199, 0.196964934468], "mean": [-6.86731052399, -7.08665037155, -8.08564949036, -8.48344230652, -8.55240821838, -10.9097852707], "dvar2": [0.266041308641, 0.259622454643, 0.225004538894, 0.175892278552, 0.208125531673, 0.334735840559], "min": [-27.4612178802, -27.6561946869, -27.6254177094, -27.5268630981, -27.5888366699, -27.3426437378], "var": [1.79967927933, 1.01034498215, 1.28101742268, 1.19609391689, 1.51313245296, 2.10140347481], "median": [-6.45286178589, -6.96731519699, -7.94255113602, -8.37236595154, -8.38320064545, -10.698551178]}, "silence_rate_20dB": {"dmean": 0, "dmean2": 0, "max": 1, "dvar": 0, "mean": 1, "dvar2": 0, "min": 1, "var": 0, "median": 1}, "silence_rate_30dB": {"dmean": 0.053169734776, "dmean2": 0.106351554394, "max": 1, "dvar": 0.0503453947604, "mean": 0.953084170818, "dvar2": 0.121856257319, "min": 0, "var": 0.0447131209075, "median": 1}, "spectral_strongpeak": {"dmean": 0.256824910641, "dmean2": 0.436307996511, "max": 6.92244625092, "dvar": 0.168791681528, "mean": 0.691413462162, "dvar2": 0.423365712166, "min": 0, "var": 0.303883939981, "median": 0.606162965298}, "spectral_spread": {"dmean": 616791.625, "dmean2": 880911.75, "max": 41400508, "dvar": 812893929472, "mean": 4800649, "dvar2": 1404557328380.0, "min": 1125639.375, "var": 4535594516480.0, "median": 4330459.5}, "barkbands_flatness_db": {"dmean": 0.0224818196148, "dmean2": 0.0337691791356, "max": 0.478614270687, "dvar": 0.000564619840588, "mean": 0.203751519322, "dvar2": 0.00117913109716, "min": 0.0270002968609, "var": 0.00416547199711, "median": 0.199596270919}, "pitch_salience": {"dmean": 0.0720179527998, "dmean2": 0.117415189743, "max": 0.88626563549, "dvar": 0.00539073720574, "mean": 0.473862051964, "dvar2": 0.0132971554995, "min": 0.0548145547509, "var": 0.0178157854825, "median": 0.486054956913}, "erbbands_kurtosis": {"dmean": 1.49634921551, "dmean2": 2.41127729416, "max": 242.41293335, "dvar": 36.6834182739, "mean": 1.95308864117, "dvar2": 80.0200805664, "min": -1.80375409126, "var": 81.4349136353, "median": 0.592159509659}, "average_loudness": 0.931559801102, "barkbands_crest": {"dmean": 2.22245168686, "dmean2": 3.58062815666, "max": 26.7482967377, "dvar": 5.25293874741, "mean": 12.8598604202, "dvar2": 12.9102783203, "min": 3.58634066582, "var": 19.7118492126, "median": 12.2066679001}, "hfc": {"dmean": 5.06818151474, "dmean2": 7.55507469177, "max": 195.717056274, "dvar": 101.100990295, "mean": 16.2301616669, "dvar2": 214.04258728, "min": 1.10887716868e-16, "var": 244.440414429, "median": 12.6361656189}, "barkbands_kurtosis": {"dmean": 9.09534645081, "dmean2": 14.1853580475, "max": 354.235870361, "dvar": 240.961791992, "mean": 24.1457901001, "dvar2": 575.066772461, "min": -1.89556193352, "var": 850.52520752, "median": 15.0746192932}, "erbbands": {"dmean": [0.146113038063, 1.83710706234, 5.7459731102, 8.92947769165, 11.9986848831, 10.4272623062, 8.98632621765, 5.15219545364, 9.36570453644, 9.88787460327, 12.0836114883, 10.6337213516, 8.64699268341, 8.33121013641, 8.10098648071, 6.44596147537, 7.45524168015, 7.41222047806, 6.46451807022, 4.5752530098, 2.95776295662, 3.09057855606, 5.69963264465, 5.0424451828, 4.14686346054, 4.02426338196, 2.86420559883, 2.66786313057, 1.92936813831, 1.48320233822, 1.0185956955, 0.77734708786, 1.08431518078, 0.710427463055, 0.347486168146, 0.09467151016, 0.0764494463801, 0.0191935896873, 0.00534728169441, 0.000255121238297], "dmean2": [0.229807242751, 2.99424338341, 9.35669231415, 14.6376628876, 19.9119911194, 16.5752182007, 13.9519290924, 8.17618942261, 13.9686117172, 14.8344287872, 17.8053703308, 16.4306850433, 13.3520622253, 12.6735668182, 12.7838726044, 9.85668182373, 11.6429452896, 11.6571063995, 10.1901035309, 7.42955636978, 4.79401016235, 4.90528249741, 9.00813674927, 8.08333587646, 6.48240470886, 6.23084115982, 4.41272258759, 3.93854880333, 2.7863972187, 2.241076231, 1.5495429039, 1.19145858288, 1.66421473026, 1.04879081249, 0.530162274837, 0.144420906901, 0.116117395461, 0.0292149409652, 0.00861460436136, 0.000420257099904], "max": [2.92459917068, 33.7279167175, 114.225410461, 287.816375732, 468.051635742, 314.629699707, 433.703765869, 327.827423096, 695.537658691, 675.15625, 1183.42834473, 1347.15637207, 556.880004883, 743.965515137, 842.451965332, 1286.82507324, 798.250244141, 873.462158203, 549.738464355, 376.182830811, 647.809143066, 538.025878906, 913.083618164, 626.418518066, 659.612915039, 587.392822266, 373.850799561, 467.168029785, 227.456237793, 300.919891357, 107.261329651, 79.2323379517, 55.5711669922, 53.7954711914, 15.6406860352, 9.18667984009, 4.82430028915, 1.02021992207, 0.231178373098, 0.0130776278675], "dvar": [0.0634637027979, 9.44707393646, 99.8287200928, 363.895294189, 615.286499023, 318.916595459, 320.571533203, 154.979125977, 484.095153809, 516.27166748, 1445.171875, 1436.08239746, 568.92388916, 637.897766113, 863.443603516, 1000.52215576, 540.811584473, 636.15637207, 394.889923096, 163.084228516, 241.943313599, 163.68522644, 609.640075684, 406.812347412, 432.709472656, 352.137969971, 179.756622314, 156.849380493, 72.8963775635, 25.2077236176, 9.37962436676, 8.1169424057, 8.93409442902, 4.58825302124, 0.812356173992, 0.069834060967, 0.0556974001229, 0.00320335826837, 0.000266855960945, 7.32668127057e-07], "mean": [0.32029786706, 4.60382127762, 14.7138738632, 18.1798934937, 22.0745182037, 23.4162940979, 21.261264801, 11.0481405258, 21.7800827026, 23.2228374481, 27.827703476, 24.1079216003, 18.2462310791, 17.9076442719, 16.0510730743, 12.5644874573, 13.9441385269, 13.8663806915, 12.2200469971, 8.07724475861, 4.74720287323, 5.0354309082, 9.52878952026, 8.20995330811, 6.24949741364, 5.51495790482, 4.37019968033, 4.425344944, 3.29994153976, 2.43269872665, 1.66248202324, 1.36968708038, 1.61100554466, 1.09513390064, 0.511070430279, 0.127326130867, 0.0852580964565, 0.0204740725458, 0.00504578556865, 0.000270801625447], "dvar2": [0.16749176383, 24.6740608215, 250.568283081, 948.638977051, 1623.76806641, 828.950012207, 757.233581543, 362.890380859, 1126.03747559, 1150.94677734, 3104.74047852, 3736.11157227, 1443.92822266, 1431.9699707, 2230.96850586, 2502.79785156, 1260.24438477, 1545.43054199, 958.16394043, 409.857391357, 644.76348877, 414.700256348, 1440.86035156, 937.569335938, 991.018188477, 759.280273438, 384.217437744, 319.256317139, 136.645553589, 49.6346702576, 19.4652252197, 18.4306640625, 20.6074447632, 9.6534576416, 1.84288311005, 0.159982025623, 0.12957893312, 0.00751526746899, 0.000665900763124, 1.89368699921e-06], "min": [1.44790181117e-22, 1.52034393046e-21, 5.84399831205e-21, 2.2181977421e-20, 3.36597239589e-20, 1.76060688792e-19, 1.77689472042e-19, 2.00627242127e-19, 1.25574624834e-19, 5.92070343264e-19, 3.92220405344e-19, 8.90330062057e-19, 8.07238632153e-19, 1.04051721337e-18, 1.33874736046e-18, 1.5673403771e-18, 1.93954104707e-18, 3.2666673471e-18, 2.31329826415e-18, 3.17836044003e-18, 4.60006098784e-18, 6.60833061084e-18, 6.56433204688e-18, 8.59331716756e-18, 1.6279546421e-17, 1.33029833089e-17, 1.22217697399e-17, 1.60007749741e-17, 1.59658514086e-17, 1.48519038213e-17, 1.72989555361e-17, 1.41003589496e-17, 1.33878718921e-17, 1.12450348726e-17, 7.03507019373e-18, 3.75707998481e-18, 3.05654899585e-18, 1.03245881985e-18, 2.69290819766e-19, 2.8534522577e-20], "var": [0.13731791079, 25.5342082977, 280.371765137, 589.569763184, 998.506408691, 935.436706543, 1121.71630859, 465.302581787, 1679.72253418, 1833.45385742, 4573.42822266, 3916.33666992, 1473.2701416, 2349.50854492, 2727.85644531, 1755.0723877, 1570.91687012, 1455.12512207, 1170.26245117, 306.177185059, 255.768737793, 217.625946045, 825.761962891, 542.114868164, 513.541748047, 502.41116333, 374.359771729, 407.403869629, 196.038909912, 58.0118217468, 24.5931816101, 20.5545463562, 16.2518386841, 8.80450820923, 1.25852704048, 0.120817646384, 0.0600782968104, 0.00335952243768, 0.000230963007198, 5.70600491301e-07], "median": [0.20495454967, 2.80954170227, 8.55605697632, 10.4541015625, 10.5408153534, 11.7454319, 8.71686553955, 4.68278264999, 7.75609254837, 7.85080480576, 5.75242376328, 3.45689868927, 4.79130029678, 3.35000348091, 2.93207287788, 2.31874632835, 3.66472053528, 3.81008529663, 3.54882931709, 2.9371407032, 1.36210358143, 1.60955774784, 3.53062915802, 2.84539246559, 1.83801424503, 1.11428081989, 0.670919954777, 0.581912994385, 0.539435446262, 0.603275477886, 0.446162045002, 0.21562319994, 0.308728843927, 0.244917839766, 0.1152484864, 0.020113626495, 0.00788674131036, 0.00191333598923, 0.000313557160553, 8.51821096148e-05]}, "spectral_energy": {"dmean": 0.0142807830125, "dmean2": 0.0229588355869, "max": 0.240722507238, "dvar": 0.00041622275603, "mean": 0.0520196855068, "dvar2": 0.00105295481626, "min": 1.03429225921e-20, "var": 0.00118369061965, "median": 0.0531985424459}, "zerocrossingrate": {"dmean": 0.00789010804147, "dmean2": 0.00960539840162, "max": 0.5205078125, "dvar": 0.000132771441713, "mean": 0.032569963485, "dvar2": 0.00017412143643, "min": 0.00341796875, "var": 0.000868413713761, "median": 0.02587890625}, "spectral_energyband_high": {"dmean": 0.000305202353047, "dmean2": 0.000438029004727