{"tonal": {"chords_number_rate": 0.0016456390731, "thpcp": [1, 0.588387191296, 0.0936444550753, 0.0534519702196, 0.0644063279033, 0.206001982093, 0.345166772604, 0.218427956104, 0.0615243986249, 0.046280387789, 0.0867995023727, 0.441206634045, 0.819314241409, 0.590992569923, 0.53538441658, 0.771747589111, 0.495332598686, 0.339731991291, 0.453342497349, 0.350499331951, 0.479613542557, 0.645875453949, 0.345088034868, 0.0690995007753, 0.0424450710416, 0.0902967602015, 0.394875943661, 0.861456096172, 0.660476326942, 0.153621852398, 0.0493224449456, 0.0474032685161, 0.111118547618, 0.174137949944, 0.177746757865, 0.566984176636], "hpcp": {"dvar": [0.0316088534892, 0.0184907950461, 0.00855893921107, 0.00692485505715, 0.0115401642397, 0.0162660162896, 0.0263790581375, 0.0199376344681, 0.0078650508076, 0.00867063272744, 0.00715910736471, 0.00637776358053, 0.00824597384781, 0.0102469101548, 0.0138094471768, 0.0230827108026, 0.0132219363004, 0.00408682599664, 0.00312827038579, 0.00513512222096, 0.00873045902699, 0.0124412365258, 0.00889282021672, 0.00472614960745, 0.00751741696149, 0.00976370554417, 0.0232248976827, 0.0342242196202, 0.0344515033066, 0.0396723784506, 0.0457430183887, 0.0397789813578, 0.0280869547278, 0.0241511110216, 0.0238111056387, 0.0286627225578], "mean": [0.211860492826, 0.113196007907, 0.0226660650223, 0.0139228599146, 0.0296192020178, 0.129527464509, 0.282575398684, 0.216649875045, 0.0503911413252, 0.0161787811667, 0.0155492518097, 0.0364491790533, 0.0571208447218, 0.0583046115935, 0.185982525349, 0.328020662069, 0.19300314784, 0.0307173170149, 0.0175333507359, 0.021126607433, 0.0675729066133, 0.11322183162, 0.0716488808393, 0.0201812740415, 0.0151809230447, 0.0284720305353, 0.14472489059, 0.268752008677, 0.193857774138, 0.175617143512, 0.253149151802, 0.162479326129, 0.111439116299, 0.148705706, 0.114971019328, 0.157323151827], "min": [0, 0, 0, 0, 0, 0, 0, 0, 0, 0, 0, 0, 0, 0, 0, 0, 0, 0, 0, 0, 0, 0, 0, 0, 0, 0, 0, 0, 0, 0, 0, 0, 0, 0, 0, 0], "median": [0.0342954024673, 0.0151334684342, 0.00164196395781, 0.000866272661369, 0.00139188987669, 0.0456706434488, 0.129209667444, 0.0932078361511, 0.0115795219317, 0.00128451641649, 0.00103267235681, 0.00244245608337, 0.00434574857354, 0.00856948178262, 0.092644110322, 0.16825863719, 0.0885220095515, 0.00871580280364, 0.00377779360861, 0.00244405469857, 0.00843060575426, 0.0148506984115, 0.0102124642581, 0.0028224401176, 0.00118405930698, 0.00149245269131, 0.0346804782748, 0.0717724040151, 0.0621273741126, 0.0268865562975, 0.00707946578041, 0.00955059193075, 0.00566125148907, 0.00327377626672, 0.00851095747203, 0.030064066872], "dvar2": [0.0692702457309, 0.0440432801843, 0.0232627876103, 0.0194464381784, 0.03157646209, 0.0385865531862, 0.0575648322701, 0.0467180088162, 0.0201323125511, 0.0229872204363, 0.0179467462003, 0.0142103256658, 0.0182198397815, 0.0251631047577, 0.0325150378048, 0.0504974834621, 0.0314908660948, 0.0109274815768, 0.00813288614154, 0.0119657246396, 0.0205572731793, 0.0291951410472, 0.0207503065467, 0.01167131681, 0.0207510683686, 0.0260184314102, 0.0601580552757, 0.0830871537328, 0.093822285533, 0.105583287776, 0.112962700427, 0.106367327273, 0.0751681402326, 0.0608648099005, 0.0620173066854, 0.0714080110192], "var": [0.104597643018, 0.0410034321249, 0.00740280281752, 0.00444087572396, 0.00972067099065, 0.0394128113985, 0.11156886071, 0.0747246667743, 0.0105324955657, 0.00675655715168, 0.00692579941824, 0.0170375909656, 0.0343209840357, 0.0193515047431, 0.0477435216308, 0.117129832506, 0.0539077632129, 0.00438609765843, 0.00305388704874, 0.00628234585747, 0.0250038132071, 0.0556678473949, 0.0265112407506, 0.00518022757024, 0.00567815778777, 0.00947619881481, 0.0478856340051, 0.124771371484, 0.0676995888352, 0.0662012174726, 0.152715325356, 0.0670323297381, 0.0478058494627, 0.0903219655156, 0.0493322610855, 0.0655334964395], "dmean2": [0.154058590531, 0.114696532488, 0.049791675061, 0.0375227481127, 0.0645686984062, 0.117822729051, 0.163824975491, 0.145619496703, 0.0648301616311, 0.0372948609293, 0.030738176778, 0.0348192863166, 0.0475777201355, 0.0716310366988, 0.125883057714, 0.166677683592, 0.125530719757, 0.044308681041, 0.0279587004334, 0.0317863561213, 0.0560848340392, 0.0743106901646, 0.0601174235344, 0.0358164794743, 0.0373697131872, 0.0593303069472, 0.15014205873, 0.182139784098, 0.220653995872, 0.230505093932, 0.19186553359, 0.213747501373, 0.150312542915, 0.118863999844, 0.132806509733, 0.158388316631], "max": [1, 1, 1, 1, 1, 1, 1, 1, 1, 1, 1, 1, 1, 1, 1, 1, 1, 1, 1, 1, 1, 1, 1, 1, 1, 1, 1, 1, 1, 1, 1, 1, 1, 1, 1, 1], "dmean": [0.095282562077, 0.0702180191875, 0.027679219842, 0.0201911516488, 0.0361095219851, 0.0717259421945, 0.102638609707, 0.0916468352079, 0.037772923708, 0.0208025928587, 0.0171844027936, 0.0211446862668, 0.0276903156191, 0.0432325601578, 0.0797289833426, 0.105850920081, 0.0784081444144, 0.0254293438047, 0.0164770036936, 0.018997002393, 0.0347567684948, 0.0464124493301, 0.0369395390153, 0.0209570806473, 0.0206338614225, 0.0334596671164, 0.0903250947595, 0.110550932586, 0.129021897912, 0.129149436951, 0.107148543, 0.121430322528, 0.0855656862259, 0.0681747049093, 0.0775910764933, 0.0955350324512]}, "key_strength": 0.793462872505, "chords_strength": {"dvar": 0.000420654134359, "mean": 0.539996147156, "min": -1, "median": 0.564231336117, "dvar2": 0.000787214899901, "var": 0.0325611419976, "dmean2": 0.00614193407819, "max": 0.812674283981, "dmean": 0.0078990496695}, "tuning_equal_tempered_deviation": 0.0165316238999, "chords_key": "G", "tuning_frequency": 434.444000244, "chords_scale": "major", "chords_changes_rate": 0.0365697555244, "key_scale": "major", "tuning_diatonic_strength": 0.60689920187, "hpcp_entropy": {"dvar": 0.185889661312, "mean": 1.50196182728, "min": 0, "median": 1.59388482571, "dvar2": 0.485751330853, "var": 0.454827785492, "dmean2": 0.782021939754, "max": 3.90455722809, "dmean": 0.461422175169}, "chords_histogram": [25.25141716, 25.1234226227, 23.4594993591, 1.75534832478, 2.54159808159, 1.99305176735, 13.8416528702, 0.292558044195, 0.347412675619, 0, 0.0182848777622, 0, 0.329127818346, 0, 0, 0, 0, 0.530261456966, 0, 1.42622053623, 0, 0.0914243906736, 0.182848781347, 2.81587123871], "tuning_nontempered_energy_ratio": 0.632926464081, "key_key": "G"}, "metadata": {"version": {"extractor": "music 1.0", "essentia_build_sha": "26c37b627ab5a2028d412893e0969599b764ad4d", "essentia": "2.1-beta2", "essentia_git_sha": "v2.1_beta2"}, "audio_properties": {"sample_rate": 44100, "length": 253.906661987, "lossless": true, "analysis_sample_rate": 44100, "downmix": "mix", "bit_rate": 0, "equal_loudness": 0, "md5_encoded": "0227829e900c3863a607da3b988c1877", "codec": "flac", "replay_gain": -12.8996105194}, "tags": {"disctotal": ["1"], "catalognumber": ["LOS-011"], "releasecountry": ["US"], "musicbrainz_recordingid": ["c0f81f7f-7a72-4dcd-9de3-7934fad74a42"], "title": ["It's Not Like"], "musicbrainz_releasetrackid": ["b02c7f58-f414-37c9-8aa3-7de0f8878133"], "discnumber": ["1"], "artistsort": ["Van Etten, Sharon"], "releasetype": ["album"], "originaldate": ["2009-05-26"], "musicbrainz_artistid": ["5a2e9cd3-010a-4aae-9f83-629253284202"], "tracknumber": ["10"], "musicbrainz_albumartistid": ["5a2e9cd3-010a-4aae-9f83-629253284202"], "totaltracks": ["11"], "barcode": ["781484501114"], "tracktotal": ["11"], "date": ["2009-05-26"], "acoustid_id": ["2b237e37-72f4-483c-83e7-bd185198981d"], "albumartistsort": ["Van Etten, Sharon"], "musicbrainz_releasegroupid": ["78a249e8-62f3-4261-99c7-4c9eea92e682"], "media": ["Vinyl"], "website": ["http://sharonvanetten.com/"], "label": ["Language of Stone"], "albumartist": ["Sharon Van Etten"], "asin": ["B0024RIM9I"], "script": ["Latn"], "musicbrainz_albumid": ["29d2b145-abd9-33d9-9e02-c9e26ddc2e75"], "file_name": "10 It's Not Like.flac", "releasestatus": ["official"], "totaldiscs": ["1"], "album": ["Because I Was in Love"], "artist": ["Sharon Van Etten"]}}, "lowlevel": {"melbands": {"dvar": [1.48343389128e-07, 8.25948063721e-07, 7.35429466658e-07, 1.49047434661e-06, 6.75993518939e-08, 5.96224083438e-08, 1.90496180608e-07, 1.44014094872e-07, 8.46398293675e-08, 5.12414324305e-08, 1.09696365769e-07, 4.14523384507e-08, 2.23132214927e-08, 1.32295623345e-08, 5.14518516681e-09, 1.61399971166e-09, 1.27274057959e-09, 1.23608101532e-09, 3.84735715508e-10, 4.49469142461e-11, 1.78284383784e-11, 6.65528526386e-12, 1.13652256009e-11, 6.39541544722e-12, 1.4143963778e-12, 1.93776678731e-12, 3.02693503942e-12, 2.56801307649e-12, 5.30326216969e-13, 1.03786310058e-13, 6.22373992078e-14, 8.62942597696e-14, 3.11709649249e-14, 8.10458674456e-14, 5.01139860404e-14, 1.33739455057e-13, 3.22220684379e-13, 3.51812437689e-13, 3.98904081425e-13, 7.35568181885e-13], "mean": [0.000657449068967, 0.00172268413007, 0.00118268490769, 0.00138187909033, 0.000586122972891, 0.000489570666105, 0.000789730052929, 0.000643852748908, 0.000411555432947, 0.000259365711827, 0.000426106504165, 0.000260514119873, 0.000122590412502, 0.000110704575491, 8.05540475994e-05, 4.56443885923e-05, 3.8074918848e-05, 2.99220282614e-05, 1.3833489902e-05, 6.61769536237e-06, 4.17017099608e-06, 3.13358464155e-06, 3.33303864863e-06, 2.36193409364e-06, 1.23556753806e-06, 1.56669682383e-06, 1.83525480679e-06, 1.80392453331e-06, 6.51984407796e-07, 1.67603275258e-07, 1.19690170663e-07, 8.98723868659e-08, 4.823253974e-08, 5.19217238093e-08, 5.66665470103e-08, 1.00247376622e-07, 1.30926622433e-07, 1.12499932925e-07, 1.08768368534e-07, 1.19989849168e-07], "min": [9.657174065e-25, 1.32026837655e-24, 1.07450793204e-24, 2.23248819469e-24, 1.52208285915e-24, 6.28788750904e-25, 1.59041172279e-24, 1.6981863927e-24, 1.35498121461e-24, 1.8299058507e-24, 1.89769740145e-24, 9.05720393138e-25, 1.38528885616e-24, 2.58219417828e-24, 2.65176362429e-24, 1.7264846083e-24, 2.58327334e-24, 2.76730867273e-24, 4.1042882787e-24, 4.33147430294e-24, 3.10993936286e-24, 4.00586210355e-24, 2.77740017586e-24, 4.3039229414e-24, 2.98209380354e-24, 4.96309432494e-24, 4.26695652495e-24, 4.58548672556e-24, 4.66793767852e-24, 4.59704905985e-24, 4.20863840481e-24, 4.30027682629e-24, 4.3382490404e-24, 5.50990864418e-24, 5.85114857254e-24, 5.36159096109e-24, 6.50749622847e-24, 5.61931181882e-24, 6.29531473307e-24, 5.82314558812e-24], "median": [0.000495005049743, 0.00136438303161, 0.00075781182386, 0.000872973236255, 0.000467196456157, 0.000298568455037, 0.000204536772799, 0.000171345367562, 0.00013372291869, 3.09948773065e-05, 5.07113145432e-05, 3.40224978572e-05, 2.3600528948e-05, 3.04239401885e-05, 3.29547328874e-05, 1.72760301211e-05, 6.51381469652e-06, 5.45058719581e-06, 3.33683010467e-06, 2.68472103926e-06, 1.86274769476e-06, 1.28341230266e-06, 1.18084994938e-06, 1.01151613308e-06, 7.18293222235e-07, 8.82916424416e-07, 4.85238615511e-07, 3.86899557725e-07, 2.10455311844e-07, 7.09334102567e-08, 4.29882902608e-08, 2.3257793913e-08, 9.33408106363e-09, 8.33604119066e-09, 9.81751480111e-09, 2.14043325286e-08, 2.16291589084e-08, 1.47624827918e-08, 1.31379147561e-08, 1.25710117871e-08], "dvar2": [3.66748309943e-07, 2.09072481994e-06, 1.4759965552e-06, 3.42440830536e-06, 1.62072751664e-07, 1.26302197145e-07, 3.55912504801e-07, 2.63500822939e-07, 1.83640395335e-07, 9.76956542331e-08, 2.02888458034e-07, 6.05332886039e-08, 2.97129272298e-08, 2.45416167388e-08, 1.02587254247e-08, 3.31972294099e-09, 1.87076731883e-09, 2.50616505326e-09, 7.26384397076e-10, 7.72913677505e-11, 3.22342742776e-11, 1.44155225951e-11, 2.32215479484e-11, 1.44446590106e-11, 3.55980652941e-12, 4.62780421623e-12, 5.14959342529e-12, 5.52324852521e-12, 1.04121800158e-12, 2.39021964114e-13, 1.45555808617e-13, 1.95870595676e-13, 7.06187631158e-14, 2.07269788897e-13, 1.11150292529e-13, 3.01133494226e-13, 6.56820626534e-13, 7.27803396976e-13, 9.3200577464e-13, 1.47494169656e-12], "var": [4.34051713682e-07, 2.30223486142e-06, 1.69449867826e-06, 2.51882397606e-06, 2.44283626216e-07, 3.90307690168e-07, 2.93872085422e-06, 2.3286522719e-06, 7.73609542648e-07, 3.99706181042e-07, 1.07111475245e-06, 5.37232438091e-07, 1.95754978449e-07, 7.82407809652e-08, 2.75420095619e-08, 9.77907888e-09, 1.20801457726e-08, 6.37097796741e-09, 2.44220843548e-09, 3.17689152762e-10, 9.05217290015e-11, 2.98316267522e-11, 4.08806877239e-11, 2.09997071815e-11, 2.80952930191e-12, 5.78569310516e-12, 2.28672514951e-11, 2.30517011729e-11, 2.19807440478e-12, 1.30839702137e-13, 7.4457367355e-14, 9.5726452752e-14, 3.88206990425e-14, 7.47766852236e-14, 6.19051251233e-14, 1.70016466725e-13, 5.0834802947e-13, 5.07678046737e-13, 4.64363898896e-13, 9.58526335561e-13], "dmean2": [0.000197496759938, 0.000768632104155, 0.000863651453983, 0.00118964468129, 0.000301386346109, 0.000232951395446, 0.00025607473799, 0.000221138951019, 0.000206220924156, 0.00010777679563, 0.000174755856278, 9.31813920033e-05, 6.1073093093e-05, 6.17851983407e-05, 4.53447828477e-05, 2.52512945735e-05, 1.67253165273e-05, 1.51083713718e-05, 7.65872846387e-06, 3.89598881156e-06, 2.70219993581e-06, 1.85386363682e-06, 2.05848414225e-06, 1.68309941273e-06, 9.34680485898e-07, 1.11690155791e-06, 8.37545030663e-07, 8.23924892757e-07, 4.28140111808e-07, 1.66210611496e-07, 1.35781107247e-07, 1.09169839391e-07, 6.0686801362e-08, 7.82399993682e-08, 8.03638897651e-08, 1.35474195417e-07, 1.51468626086e-07, 1.38654272064e-07, 1.54805519514e-07, 1.58960318686e-07], "max": [0.006446570158, 0.0153955304995, 0.0145637672395, 0.0165502764285, 0.00539866974577, 0.00805701781064, 0.0133804036304, 0.0122917899862, 0.0112356403843, 0.00888872053474, 0.0109805064276, 0.00965400692075, 0.00782479718328, 0.00828839745373, 0.00244221184403, 0.00181079294998, 0.00162302679382, 0.00161331321578, 0.000871736032423, 0.000484269985463, 0.000270486081718, 9.65862491284e-05, 0.000158241775353, 7.3366369179e-05, 3.0392784538e-05, 4.27944178227e-05, 0.000157865055371, 0.000120237651572, 3.03109191009e-05, 1.03469010355e-05, 7.52696132622e-06, 1.37667339004e-05, 5.52235860596e-06, 1.43319339259e-05, 1.06530051198e-05, 1.55583184096e-05, 3.16624245897e-05, 3.2003466913e-05, 2.24168616114e-05, 5.19831082784e-05], "dmean": [0.000124986676383, 0.000469777907711, 0.000590146344621, 0.000782346993219, 0.000204558469704, 0.000163508375408, 0.00018787116278, 0.000160937357577, 0.000140038726386, 7.96526510385e-05, 0.000129087347887, 7.3649425758e-05, 4.61961572e-05, 4.28969760833e-05, 3.14121825795e-05, 1.70718285517e-05, 1.26468585222e-05, 1.08829144665e-05, 5.41969257029e-06, 2.65178186964e-06, 1.76422372533e-06, 1.25233975723e-06, 1.40449901664e-06, 1.08959238787e-06, 5.96826964738e-07, 7.2598652423e-07, 6.10711197169e-07, 5.8427571048e-07, 3.01048174833e-07, 1.11623577936e-07, 9.02131844782e-08, 7.39115719739e-08, 4.02907325281e-08, 5.00875074749e-08, 5.26807006906e-08, 8.80945805193e-08, 1.02232135646e-07, 9.29046137799e-08, 9.85215464766e-08, 1.03740326551e-07]}, "spectral_decrease": {"dvar": 2.81892999116e-18, "mean": -7.91289345159e-09, "min": -2.83069372387e-08, "median": -7.35394012352e-09, "dvar2": 6.18282559503e-18, "var": 2.15034815025e-17, "dmean2": 2.12783324294e-09, "max": 2.31425812453e-16, "dmean": 1.44859890749e-09}, "spectral_rolloff": {"dvar": 139629.4375, "mean": 992.617431641, "min": 86.1328125, "median": 581.396484375, "dvar2": 341924.4375, "var": 6182084.5, "dmean2": 172.34664917, "max": 21985.4003906, "dmean": 103.471343994}, "melbands_crest": {"dvar": 4.15137195587, "mean": 13.5347604752, "min": 1.00269460678, "median": 12.7631549835, "dvar2": 10.161236763, "var": 21.5199012756, "dmean2": 3.29642367363, "max": 31.8926448822, "dmean": 2.12037396431}, "barkbands_skewness": {"dvar": 0.151343226433, "mean": 1.26356482506, "min": -3.53190112114, "median": 1.21381402016, "dvar2": 0.325989544392, "var": 1.82043516636, "dmean2": 0.515110433102, "max": 14.7132034302, "dmean": 0.36063721776}, "spectral_centroid": {"dvar": 18662.9785156, "mean": 715.330993652, "min": 155.696044922, "median": 536.798706055, "dvar2": 37445.9804688, "var": 1139725.625, "dmean2": 108.49282074, "max": 11600.3007812, "dmean": 76.0965881348}, "spectral_energyband_middle_low": {"dvar": 3.51481357939e-05, "mean": 0.019816333428, "min": 1.50233119415e-22, "median": 0.0155747309327, "dvar2": 7.75233856984e-05, "var": 0.000221786816837, "dmean2": 0.00716773048043, "max": 0.0909501612186, "dmean": 0.00490242242813}, "erbbands_crest": {"dvar": 4.65712356567, "mean": 12.8236141205, "min": 2.67055439949, "median": 11.3762292862, "dvar2": 10.4888057709, "var": 34.6520233154, "dmean2": 3.27834916115, "max": 30.8504142761, "dmean": 2.20212817192}, "dynamic_complexity": 4.19287347794, "spectral_energyband_low": {"dvar": 1.05540384538e-05, "mean": 0.00681045325473, "min": 1.77679953734e-23, "median": 0.00644407887012, "dvar2": 2.70291093329e-05, "var": 2.37409312831e-05, "dmean2": 0.00280500832014, "max": 0.0533024072647, "dmean": 0.00171178439632}, "silence_rate_60dB": {"dvar": 0.000365763407899, "mean": 0.0628200471401, "min": 0, "median": 0, "dvar2": 0.000914003758226, "var": 0.0588685311377, "dmean2": 0.000731662730686, "max": 1, "dmean": 0.000365797895938}, "erbbands_kurtosis": {"dvar": 2.33503580093, "mean": 2.37123537064, "min": -1.73578095436, "median": 1.3585922718, "dvar2": 5.07358026505, "var": 11.7140283585, "dmean2": 1.740924716, "max": 33.7489547729, "dmean": 1.15931904316}, "spectral_complexity": {"dvar": 1.91593027115, "mean": 12.3528709412, "min": 0, "median": 13, "dvar2": 4.4747595787, "var": 20.7920227051, "dmean2": 2.37205052376, "max": 28, "dmean": 1.48641979694}, "barkbands_crest": {"dvar": 3.27032494545, "mean": 10.8306970596, "min": 3.48789429665, "median": 10.0406179428, "dvar2": 7.80216169357, "var": 14.9050979614, "dmean2": 2.86355113983, "max": 24.5935535431, "dmean": 1.85300350189}, "spectral_energy": {"dvar": 4.22133889515e-05, "mean": 0.0312099866569, "min": 1.0100467392e-20, "median": 0.0289222188294, "dvar2": 9.23575425986e-05, "var": 0.000339028309099, "dmean2": 0.00827713217586, "max": 0.109536260366, "dmean": 0.00564808165655}, "spectral_spread": {"dvar": 621756481536, "mean": 3146551.25, "min": 731689.875, "median": 2385481.5, "dvar2": 1015897522180.0, "var": 16750281228300.0, "dmean2": 690845.625, "max": 44504600, "dmean": 497194.375}, "spectral_contrast_valleys": {"dvar": [0.106096729636, 0.0650199204683, 0.0636975467205, 0.0591738000512, 0.0802996084094, 0.19223625958], "mean": [-7.55912971497, -7.08371591568, -8.15388298035, -8.96500015259, -9.37561893463, -12.1408290863], "min": [-28.122341156, -27.9866104126, -27.7616004944, -27.7022209167, -27.5493221283, -27.4028110504], "median": [-7.0039806366, -6.59738063812, -7.65770721436, -8.46248435974, -8.90781593323, -11.8541412354], "dvar2": [0.271029978991, 0.145549058914, 0.131012767553, 0.110210359097, 0.128476932645, 0.282835692167], "var": [5.98302412033, 6.22914218903, 5.75912284851, 5.37759017944, 4.91738653183, 3.7002825737], "dmean2": [0.573641598225, 0.449636101723, 0.440386861563, 0.390162616968, 0.377343833447, 0.524638950825], "max": [-5.61398172379, -4.91260671616, -5.62503433228, -6.63875055313, -6.83848905563, -7.99072933197], "dmean": [0.341474980116, 0.286055117846, 0.289160609245, 0.269600570202, 0.290082991123, 0.432860463858]}, "spectral_rms": {"dvar": 2.74797343991e-07, "mean": 0.00516652222723, "min": 3.13912632867e-12, "median": 0.00531194871292, "dvar2": 5.88290049564e-07, "var": 3.75586546397e-06, "dmean2": 0.000707853061613, "max": 0.0103375352919, "dmean": 0.000487860961584}, "barkbands_spread": {"dvar": 11.9428291321, "mean": 9.61482620239, "min": 0.662619769573, "median": 7.8724603653, "dvar2": 27.4124603271, "var": 74.0595321655, "dmean2": 2.74291729927, "max": 129.896560669, "dmean": 1.85434257984}, "pitch_salience": {"dvar": 0.00219494220801, "mean": 0.526634454727, "min": 0.107295319438, "median": 0.528537631035, "dvar2": 0.00553083466366, "var": 0.0108370259404, "dmean2": 0.0788796395063, "max": 0.995959818363, "dmean": 0.0504160560668}, "erbbands_skewness": {"dvar": 0.0721236541867, "mean": 0.776375055313, "min": -2.60640478134, "median": 0.741816997528, "dvar2": 0.158226832747, "var": 0.749982833862, "dmean2": 0.42253613472, "max": 4.23972606659, "dmean": 0.28905954957}, "spectral_energyband_middle_high": {"dvar": 5.13355325893e-06, "mean": 0.00531979138032, "min": 1.24515743985e-21, "median": 0.00204017478973, "dvar2": 8.30054159451e-06, "var": 7.28634913685e-05, "dmean2": 0.0015922532184, "max": 0.0739308968186, "dmean": 0.00122512574308}, "erbbands": {"dvar": [0.000875482801348, 0.260792702436, 4.20992517471, 5.75063991547, 395.39743042, 113.399681091, 66.3689651489, 137.990631104, 939.187194824, 1429.77722168, 1703.93908691, 866.421936035, 4192.13720703, 1940.24951172, 1076.29846191, 1553.91821289, 543.305969238, 320.252502441, 342.057220459, 94.7070846558, 11.7180767059, 7.16514205933, 4.4285402298, 2.16577982903, 2.94219136238, 4.1031293869, 0.74307090044, 0.162903860211, 0.181286513805, 0.1890514642, 0.209065079689, 0.568830311298, 0.694260716438, 0.779534518719, 0.19637106359, 0.0264691971242, 0.000341626931913, 5.30676843482e-05, 4.18946626723e-07, 1.77498016285e-09], "mean": [0.0435171872377, 0.937288820744, 3.66748690605, 4.14866352081, 18.519197464, 17.0079288483, 16.6837158203, 22.0376644135, 50.3170051575, 60.4526748657, 58.6746406555, 37.6278877258, 81.6743927002, 59.4553604126, 33.4210281372, 40.734954834, 25.362203598, 21.2012023926, 16.8777008057, 8.52837562561, 3.83119654655, 3.33667969704, 2.91347098351, 1.78666734695, 2.18020153046, 2.7206659317, 0.842642605305, 0.231743440032, 0.140922039747, 0.0946264117956, 0.12327067554, 0.193726122379, 0.160890161991, 0.137866035104, 0.067668505013, 0.0222594272345, 0.00399853847921, 0.0014482922852, 0.000175653025508, 4.56217348983e-05], "min": [5.84418324629e-23, 5.87751811e-22, 2.47450797517e-21, 5.79479035523e-21, 1.43679204449e-20, 2.30262283272e-20, 5.14016074936e-20, 3.14257870054e-20, 9.77864744321e-20, 1.5949065846e-19, 2.3602753504e-19, 3.2540894972e-19, 5.08162899685e-19, 2.89469192875e-19, 7.71314229848e-19, 7.96166044172e-19, 1.08177729252e-18, 1.5839758064e-18, 2.65645641601e-18, 3.41563409682e-18, 3.08600158874e-18, 4.66348009822e-18, 4.3637921487e-18, 5.33506845114e-18, 7.82338737956e-18, 7.94268088596e-18, 8.86547944142e-18, 8.0351232825e-18, 9.05445464263e-18, 1.00728645236e-17, 1.18929761998e-17, 1.07137681981e-17, 1.00014134894e-17, 7.9685732935e-18, 5.70516311927e-18, 3.90768889485e-18, 2.15317698387e-18, 8.91530404524e-19, 2.4271797863e-19, 2.73719073014e-20], "median": [0.0195362959057, 0.797570109367, 2.20409345627, 2.93481016159, 8.99778747559, 13.9081764221, 12.1817140579, 13.1357860565, 12.7080173492, 15.945643425, 21.0672912598, 7.6951713562, 10.6499671936, 10.0932207108, 10.1959562302, 14.8940696716, 11.8834838867, 4.92134809494, 3.79087686539, 2.820084095, 1.78937745094, 1.3748729229, 1.28763723373, 1.12117314339, 1.03901386261, 0.678503394127, 0.320407748222, 0.10106818378, 0.0393172428012, 0.0187364090234, 0.0247173886746, 0.0380628332496, 0.0232097767293, 0.0165894329548, 0.00848008878529, 0.00270988512784, 0.00056213978678, 0.000211097009014, 4.79012960568e-05, 3.90970308217e-05], "dvar2": [0.00220875605009, 0.634112358093, 10.9160709381, 14.7998056412, 796.36529541, 308.117492676, 155.110855103, 291.57510376, 1725.56188965, 2443.80786133, 3759.28125, 1593.72546387, 7820.88623047, 2734.64379883, 1543.18603516, 3006.91186523, 1160.54577637, 483.440917969, 694.767883301, 173.360946655, 19.3112335205, 15.4225378036, 9.17762374878, 5.28462076187, 6.42159080505, 8.02676391602, 1.54925346375, 0.367608904839, 0.397882938385, 0.470264047384, 0.464959979057, 1.14479422569, 1.49096238613, 1.5462898016, 0.406280040741, 0.0652141645551, 0.000717565941159, 0.000125192615087, 9.7238591934e-07, 4.55860815762e-09], "var": [0.00326366559602, 0.668957591057, 13.7074708939, 18.0920009613, 709.387390137, 203.575408936, 249.394195557, 842.006652832, 13167.546875, 23439.8515625, 16143.5361328, 6781.64599609, 41270.3984375, 25623.6933594, 9261.11425781, 8925.38378906, 2463.18896484, 2937.42138672, 1707.73718262, 727.12689209, 66.0289154053, 31.7952060699, 25.0607967377, 5.18476343155, 16.7788887024, 44.4016494751, 2.82727479935, 0.215496703982, 0.219515547156, 0.189795091748, 0.261952608824, 0.905820667744, 0.9462018013, 1.06078803539, 0.247423887253, 0.026538927108, 0.000613919575699, 7.88638426457e-05, 5.7371892126e-07, 2.2338078054e-09], "dmean2": [0.0125393960625, 0.314451694489, 1.8330489397, 2.61490058899, 17.7441215515, 12.2108602524, 8.90740680695, 10.679148674, 16.9982814789, 19.8283557892, 28.5437850952, 15.0091047287, 33.2369041443, 20.3796062469, 15.2176952362, 21.5380687714, 14.3494873047, 8.86459922791, 7.96190261841, 4.63744401932, 2.14469146729, 1.83752715588, 1.57354819775, 1.14392650127, 1.16304945946, 1.12592363358, 0.518126308918, 0.223722949624, 0.160034790635, 0.130992993712, 0.169365644455, 0.223083421588, 0.198735967278, 0.177749842405, 0.0859308242798, 0.0306714214385, 0.00490393443033, 0.00210521207191, 0.000236961481278, 2.10194775718e-05], "max": [0.661388576031, 10.3071298599, 36.1157035828, 54.014465332, 314.243743896, 129.040893555, 187.124526978, 410.928161621, 886.149353027, 1370.97949219, 1569.34106445, 1374.20568848, 2078.6887207, 2146.05859375, 1847.69384766, 2631.86962891, 1121.27233887, 859.901916504, 955.439086914, 584.485107422, 258.852142334, 78.5437545776, 72.0299072266, 36.2986526489, 100.388305664, 136.675735474, 34.6719970703, 10.4554576874, 18.2900485992, 17.7265167236, 20.9478244781, 41.3697662354, 36.8223838806, 50.3887138367, 20.117023468, 7.74177789688, 0.846907019615, 0.331023842096, 0.0217012036592, 0.00144660950173], "dmean": [0.00783423520625, 0.198553711176, 1.10851752758, 1.68406677246, 12.1973209381, 7.59495401382, 6.14825582504, 7.49134731293, 12.419549942, 14.9204502106, 19.3272590637, 11.1523523331, 24.4813156128, 16.272977829, 11.4811582565, 14.941534996, 9.71828937531, 6.6158156395, 5.71348714828, 3.16749405861, 1.42257082462, 1.25695407391, 1.06955456734, 0.745581030846, 0.791437506676, 0.824570953846, 0.366878718138, 0.15227919817, 0.110544398427, 0.086068123579, 0.111350476742, 0.150404423475, 0.13370795548, 0.118120707572, 0.0568275079131, 0.0191947035491, 0.00322609837167, 0.00131792586762, 0.000147867423948, 1.34694882945e-05]}, "dissonance": {"dvar": 0.000782825052738, "mean": 0.409892559052, "min": 0.205072000623, "median": 0.414932250977, "dvar2": 0.00212122034281, "var": 0.00214923988096, "dmean2": 0.052364308387, "max": 0.500000059605, "dmean": 0.0312445182353}, "erbbands_flatness_db": {"dvar": 0.00035987352021, "mean": 0.230973303318, "min": 0.0341604426503, "median": 0.235649183393, "dvar2": 0.00061480916338, "var": 0.00286213331856, "dmean2": 0.0252243578434, "max": 0.388734132051, "dmean": 0.0197007246315}, "melbands_kurtosis": {"dvar": 114.773262024, "mean": 9.13689994812, "min": -1.72154164314, "median": 4.41304683685, "dvar2": 245.379455566, "var": 923.774780273, "dmean2": 5.13890600204, "max": 757.960754395, "dmean": 3.49536752701}, "melbands_spread": {"dvar": 15.7748670578, "mean": 13.327000618, "min": 0.473716646433, "median": 9.44170570374, "dvar2": 43.1065826416, "var": 253.72567749, "dmean2": 3.25088739395, "max": 160.995635986, "dmean": 2.20683598518}, "melbands_skewness": {"dvar": 0.226130455732, "mean": 1.68927562237, "min": -1.88271260262, "median": 1.53781509399, "dvar2": 0.489667892456, "var": 2.07783341408, "dmean2": 0.607255637646, "max": 21.6653575897, "dmean": 0.424562454224}, "spectral_entropy": {"dvar": 0.0356244929135, "mean": 6.50153398514, "min": 4.56478500366, "median": 6.47155761719, "dvar2": 0.0654988065362, "var": 0.379287719727, "dmean2": 0.242383271456, "max": 9.82569980621, "dmean": 0.180771678686}, "zerocrossingrate": {"dvar": 4.78079127788e-05, "mean": 0.0361938923597, "min": 0.0048828125, "median": 0.025390625, "dvar2": 6.33980234852e-05, "var": 0.00432136841118, "dmean2": 0.00497712846845, "max": 0.58447265625, "dmean": 0.00400515645742}, "average_loudness": 0.8804500103, "spectral_contrast_coeffs": {"dvar": [0.00148799759336, 0.000877761165611, 0.000823458773084, 0.000515815801919, 0.000352131435648, 0.000225889249123], "mean": [-0.597904384136, -0.677173733711, -0.693718194962, -0.727037608624, -0.76478177309, -0.809621810913], "min": [-0.994822859764, -0.996401131153, -0.995895206928, -0.993278622627, -0.995480895042, -0.970473229885], "median": [-0.600798726082, -0.683982312679, -0.703435838223, -0.725596427917, -0.763645410538, -0.807404994965], "dvar2": [0.003869431559, 0.00217551435344, 0.00177100405563, 0.00115014065523, 0.00070844066795, 0.00044087000424], "var": [0.00836571864784, 0.00723046343774, 0.00890313647687, 0.00483002932742, 0.00287358812056, 0.0016564198304], "dmean2": [0.0731765404344, 0.0556249208748, 0.0506508797407, 0.0414396487176, 0.0317435674369, 0.0249225236475], "max": [-0.242224097252, -0.39100843668, -0.340985953808, -0.490055024624, -0.558914124966, -0.682703852654], "dmean": [0.045045081526, 0.0350648760796, 0.033254109323, 0.0271798670292, 0.0213381536305, 0.0170896239579]}, "barkbands_flatness_db": {"dvar": 0.000385306717362, "mean": 0.228046759963, "min": 0.0427265688777, "median": 0.226424887776, "dvar2": 0.000705452170223, "var": 0.00295837270096, "dmean2": 0.0267571751028, "max": 0.437858939171, "dmean": 0.0200350601226}, "silence_rate_30dB": {"dvar": 0, "mean": 1, "min": 1, "median": 1, "dvar2": 0, "var": 0, "dmean2": 0, "max": 1, "dmean": 0}, "spectral_energyband_high": {"dvar": 1.96403604491e-08, "mean": 6.97762079653e-05, "min": 6.84205674848e-21, "median": 2.23684583034e-05, "dvar2": 3.92412644601e-08, "var": 3.62642644802e-08, "dmean2": 5.45089969819e-05, "max": 0.00485573289916, "dmean": 3.82948492188e-05}, "melbands_flatness_db": {"dvar": 0.000551802746486, "mean": 0.315840631723, "min": -7.76578659156e-08, "median": 0.314801961184, "dvar2": 0.000984174548648, "var": 0.00520501332358, "dmean2": 0.030720539391, "max": 0.590458035469, "dmean": 0.0235679093748}, "barkbands": {"dvar": [2.01597613603e-10, 3.44933437191e-06, 3.34207084052e-06, 1.6673097889e-06, 2.3191627406e-05, 1.21787979879e-06, 4.78158517581e-06, 3.67628717868e-06, 2.79898017652e-06, 4.21868890044e-06, 1.58580212428e-06, 7.95823893895e-07, 2.82282428543e-07, 1.19539635079e-07, 9.38855890809e-08, 6.94473500928e-09, 3.6664098424e-09, 1.56476576141e-09, 9.37707134163e-10, 1.87501369986e-09, 1.90705007341e-10, 1.23818830189e-10, 2.50851645012e-10, 1.92402316301e-09, 4.06290423527e-09, 5.82677017746e-10, 2.28959021881e-11], "mean": [5.51857283426e-06, 0.00329571356997, 0.00301181687973, 0.00178188655991, 0.0061316289939, 0.00239373720251, 0.00417593726888, 0.00261814775877, 0.00189092650544, 0.00257938075811, 0.000889932387508, 0.000921325699892, 0.000594714016188, 0.000368132052245, 0.000242657130002, 6.78992364556e-05, 6.19279890088e-05, 4.42841301265e-05, 3.63922590623e-05, 5.6446679082e-05, 8.91365198186e-06, 3.51172548108e-06, 4.17540650233e-06, 9.71619829215e-06, 1.08013327917e-05, 3.44501950167e-06, 1.17967545066e-06], "min": [5.77398481189e-26, 2.28853163441e-24, 1.9972569725e-24, 3.99796999393e-25, 7.96455269156e-24, 4.95177772082e-24, 6.00034307453e-24, 8.63522014507e-24, 1.84970716661e-23, 1.28441291292e-23, 8.90996856544e-24, 1.76221507693e-23, 1.68648979428e-23, 2.77470495369e-23, 5.14729721173e-23, 4.58999601227e-23, 7.28007417686e-23, 8.40588092498e-23, 1.40609193076e-22, 1.64587737317e-22, 1.97203917195e-22, 2.54582302049e-22, 4.18200964765e-22, 5.69910932768e-22, 7.97197385319e-22, 1.1626267867e-21, 2.00499654364e-21], "median": [5.44285683191e-07, 0.00283022224903, 0.00180476135574, 0.00107115297578, 0.00429251417518, 0.00165453809313, 0.000938052195124, 0.000688629690558, 0.000213238425204, 0.000216930464376, 0.000133455949253, 0.000277275510598, 0.00022613100009, 5.49765172764e-05, 5.84391782468e-05, 2.83864992525e-05, 2.47136104008e-05, 1.97334666154e-05, 2.12636987271e-05, 1.41297914524e-05, 3.77774085791e-06, 8.65231868374e-07, 7.99721192379e-07, 1.62902256307e-06, 1.41719419844e-06, 4.40165422333e-07, 2.47067362125e-07], "dvar2": [5.32253130459e-10, 8.43439011078e-06, 9.14011161512e-06, 3.62167520507e-06, 5.21381589351e-05, 2.71389626505e-06, 9.05332672119e-06, 7.72935072746e-06, 5.73949637328e-06, 7.16751173968e-06, 2.2825133783e-06, 1.47205605572e-06, 5.9029048316e-07, 1.75846480488e-07, 1.88616454011e-07, 1.33391058199e-08, 8.05003530502e-09, 3.43724715357e-09, 2.29371832638e-09, 3.22755866478e-09, 4.19035223187e-10, 2.78256168107e-10, 5.66645452782e-10, 3.95316535062e-09, 7.9861113278e-09, 1.47434320308e-09, 5.49939122019e-11], "var": [2.19551737901e-10, 8.93491869647e-06, 1.05788394649e-05, 4.41982410848e-06, 4.15837057517e-05, 6.96422512192e-06, 8.44365276862e-05, 4.13008456235e-05, 2.01971433853e-05, 4.52256790595e-05, 1.30649877974e-05, 4.8201663958e-06, 1.58357420332e-06, 1.0782979416e-06, 4.66613130357e-07, 2.82324368328e-08, 1.28925208287e-08, 6.35703312213e-09, 2.86952328565e-09, 1.86266131408e-08, 3.87841037064e-10, 1.45619100111e-10, 3.02732033886e-10, 2.90111934476e-09, 5.66404434466e-09, 5.99748917196e-10, 2.9201096402e-11], "dmean2": [5.76705724598e-06, 0.00105904683005, 0.00174220837653, 0.00133346905932, 0.0048043760471, 0.00116979586892, 0.00132773711812, 0.00124228128698, 0.000826822535601, 0.00101714744233, 0.000452369713457, 0.000519054709002, 0.000351867231075, 0.000167636666447, 0.000141624492244, 4.17354603997e-05, 3.99606833525e-05, 2.82414257526e-05, 2.47447169386e-05, 2.42577461904e-05, 7.95103824203e-06, 4.18987974626e-06, 5.80305868425e-06, 1.13059868454e-05, 1.34492984216e-05, 4.784083103e-06, 1.72094917161e-06], "max": [0.000282129942207, 0.0362600199878, 0.0307157635689, 0.0239766370505, 0.0700853168964, 0.0329592041671, 0.0603508576751, 0.0585265420377, 0.0515847280622, 0.0685533508658, 0.0631909519434, 0.0594475306571, 0.0206194072962, 0.014700461179, 0.0141154276207, 0.00484460452572, 0.00189387635328, 0.00153465312906, 0.000825285387691, 0.00265863956884, 0.000513975974172, 0.000434001791291, 0.000640716811176, 0.00232564657927, 0.00239551346749, 0.0012181987986, 0.00016868430248], "dmean": [3.43759438692e-06, 0.000670594046824, 0.00103481777478, 0.000905761145987, 0.00319142313674, 0.0008113203221, 0.000978393363766, 0.000843532034196, 0.000594628567342, 0.000764489290304, 0.00033629097743, 0.000358765013516, 0.000236458712607, 0.000127890773001, 9.77277886705e-05, 2.79519317701e-05, 2.68858257186e-05, 1.85989283636e-05, 1.61026364367e-05, 1.78087266249e-05, 5.45594548385e-06, 2.85374653686e-06, 3.82872303817e-06, 7.70867427491e-06, 8.91688068805e-06, 2.99456678476e-06, 1.07014489004e-06]}, "erbbands_spread": {"dvar": 32.5357170105, "mean": 19.4817047119, "min": 2.12043809891, "median": 17.1067562103, "dvar2": 64.7521057129, "var": 177.211669922, "dmean2": 5.24598312378, "max": 168.767196655, "dmean": 3.64783596992}, "barkbands_kurtosis": {"dvar": 17.4057807922, "mean": 5.72582054138, "min": -1.90862298012, "median": 3.31156253815, "dvar2": 36.0289268494, "var": 197.301574707, "dmean2": 3.29166007042, "max": 321.039123535, "dmean": 2.25211858749}, "spectral_flux": {"dvar": 0.000415828777477, "mean": 0.0570467673242, "min": 6.22338569567e-11, "median": 0.0521331727505, "dvar2": 0.000966633786447, "var": 0.00114091823343, "dmean2": 0.0294595304877, "max": 0.283780008554, "dmean": 0.0191950257868}, "silence_rate_20dB": {"dvar": 0, "mean": 1, "min": 1, "median": 1, "dvar2": 0, "var": 0, "dmean2": 0, "max": 1, "dmean": 0}, "gfcc": {"cov": [[27895.8730469, 3478.22802734, -2710.40795898, 196.391433716, -842.92401123, 608.916625977, -365.46963501, 164.861465454, -416.382202148, 148.659561157, -187.467559814, -692.576782227, -48.6857070923], [3478.22802734, 1825.76513672, -518.493774414, -64.4312515259, 224.104476929, -149.374984741, 163.700668335, -75.5059509277, -19.2201843262, -54.0593452454, 92.6108627319, -143.136505127, 22.7847824097], [-2710.40795898, -518.493774414, 941.000915527, 122.94430542, 27.1702785492, 32.629283905, -101.81640625, 3.7280049324, 77.4841995239, 64.5374221802, 49.2768478394, 150.956802368, -100.278518677], [196.391433716, -64.4312515259, 122.94430542, 325.892150879, 41.9777946472, 54.4522628784, 11.9922599792, -39.7011489868, 47.4378814697, -4.06404590607, -43.1080207825, 14.5799179077, -6.70433950424], [-842.92401123, 224.104476929, 27.1702785492, 41.9777946472, 254.586837769, -36.3959236145, 98.5444564819, 0.975282907486, 19.014377594, -2.26970100403, 7.33769655228, -11.4204959869, 37.1116142273], [608.916625977, -149.374984741, 32.629283905, 54.4522628784, -36.3959236145, 230.600830078, 43.0561561584, 13.6321763992, -1.67044723034, 1.06266629696, -11.8500852585, -25.0897693634, 17.27302742], [-365.46963501, 163.700668335, -101.81640625, 11.9922599792, 98.5444564819, 43.0561561584, 223.754501343, -10.8145914078, 12.2611913681, -40.0645828247, -2.40439248085, -17.2715530396, 35.1111526489], [164.861465454, -75.5059509277, 3.7280049324, -39.7011489868, 0.975282907486, 13.6321763992, -10.8145914078, 159.327682495, 4.56889820099, 51.7732696533, 17.616771698, -4.02403497696, 34.4973526001], [-416.382202148, -19.2201843262, 77.4841995239, 47.4378814697, 19.014377594, -1.67044723034, 12.2611913681, 4.56889820099, 120.536613464, 32.7799758911, 0.822337090969, 35.3279685974, -8.47249698639], [148.659561157, -54.0593452454, 64.5374221802, -4.06404590607, -2.26970100403, 1.06266629696, -40.0645828247, 51.7732696533, 32.7799758911, 126.991790771, 36.3170700073, 5.20265054703, -13.7043514252], [-187.467559814, 92.6108627319, 49.2768478394, -43.1080207825, 7.33769655228, -11.8500852585, -2.40439248085, 17.616771698, 0.822337090969, 36.3170700073, 139.880187988, 16.6744880676, -7.24552536011], [-692.576782227, -143.136505127, 150.956802368, 14.5799179077, -11.4204959869, -25.0897693634, -17.2715530396, -4.02403497696, 35.3279685974, 5.20265054703, 16.6744880676, 129.389846802, -8.65353679657], [-48.6857070923, 22.7847824097, -100.278518677, -6.70433950424, 37.1116142273, 17.27302742, 35.1111526489, 34.4973526001, -8.47249698639, -13.7043514252, -7.24552536011, -8.65353679657, 106.113525391]], "mean": [-84.2240905762, 156.677780151, -101.853851318, -3.0054693222, -41.5081634521, -3.27503848076, -31.2159919739, 3.08884906769, -30.2685947418, -2.61046099663, -4.02082157135, -12.4388227463, -7.39222860336], "icov": [[0.000291790813208, -0.000804851995781, 0.00066200341098, -0.000629354850389, 0.00100100738928, -0.00123697915114, 0.000854350510053, -0.000698728021234, 0.000819369626697, -0.000788205943536, 0.000716027338058, -0.000328357942635, 0.000674003968015], [-0.000804851995781, 0.00316059472971, -0.00133322598413, 0.00170347082894, -0.0034913115669, 0.00384903186932, -0.00251758331433, 0.00225185300224, -0.00253574177623, 0.00247029564343, -0.00288579193875, 0.00159155018628, -0.00145544402767], [0.00066200341098, -0.00133322598413, 0.00358665245585, -0.00184223859105, 0.000943599967286, -0.00342155201361, 0.00284208590165, -0.00177389814053, 0.00146491115447, -0.00168193154968, 0.000761703820899, -0.0023616773542, 0.00348543934524], [-0.000629354850389, 0.00170347082894, -0.00184223859105, 0.00531572895125, -0.00294180028141, 0.00158836855553, -0.00151996442582, 0.00255705951713, -0.00302722468041, 0.00165107019711, -0.000319374463288, 0.000684527331032, -0.00161213299725], [0.00100100738928, -0.0034913115669, 0.000943599967286, -0.00294180028141, 0.0101366322488, -0.00236343126744, -5.38485001016e-05, -0.00240499945357, 0.00285220425576, -0.00368598126806, 0.00289343670011, 4.44322431576e-05, -0.000493081402965], [-0.00123697915114, 0.00384903186932, -0.00342155201361, 0.00158836855553, -0.00236343126744, 0.0112739093602, -0.00585664389655, 0.00276165036485, -0.00319917476736, 0.00291523430496, -0.00327338883653, 0.00362170767039, -0.00430267583579], [0.000854350510053, -0.00251758331433, 0.00284208590165, -0.00151996442582, -5.38485001016e-05, -0.00585664389655, 0.00964883062989, -0.00202082307078, 0.000960440724157, -6.53424795019e-05, 0.00157513632439, -0.00160040915944, 0.00200412026607], [-0