{"tonal": {"chords_key": "A#", "hpcp_entropy": {"dmean": 0.759086489677, "dmean2": 1.27446961403, "max": 4.61776065826, "dvar": 0.387691557407, "mean": 2.19983720779, "dvar2": 1.02168834209, "min": 0, "var": 0.708624720573, "median": 2.19072914124}, "key_key": "A", "chords_strength": {"dmean": 0.01585739851, "dmean2": 0.0193719938397, "max": 0.709505617619, "dvar": 0.000181299445103, "mean": 0.456012189388, "dvar2": 0.000314663979225, "min": 0.188352301717, "var": 0.00874115806073, "median": 0.454381942749}, "key_scale": "major", "chords_number_rate": 0.00344765023328, "thpcp": [1, 0.937765955925, 0.517649233341, 0.329571455717, 0.308838218451, 0.307748764753, 0.423639148474, 0.563307642937, 0.554210603237, 0.646613657475, 0.832111120224, 0.780256748199, 0.6141025424, 0.508755981922, 0.487028449774, 0.680254995823, 0.782585561275, 0.572846412659, 0.43388736248, 0.437290608883, 0.496296644211, 0.519437074661, 0.437897771597, 0.373123943806, 0.365302532911, 0.376484513283, 0.397562593222, 0.554798901081, 0.705457985401, 0.673530817032, 0.651041269302, 0.648990988731, 0.571990966797, 0.618574261665, 0.735832512379, 0.786081194878], "key_strength": 0.530510604382, "tuning_nontempered_energy_ratio": 0.824696779251, "tuning_frequency": 442.293365479, "chords_changes_rate": 0.11613137275, "tuning_diatonic_strength": 0.465108692646, "chords_scale": "major", "chords_histogram": [4.01016139984, 8.81872653961, 7.00417327881, 3.21175837517, 1.12502264977, 0.0544365830719, 0.399201601744, 1.59680640697, 4.60896396637, 1.92342591286, 2.63110136986, 1.76011610031, 3.41135907173, 2.28633642197, 28.3251686096, 6.1513338089, 0, 2.23189973831, 4.95372867584, 9.49011039734, 2.73997449875, 3.13917613029, 0.108873166144, 0.0181455276906], "tuning_equal_tempered_deviation": 0.135245993733, "hpcp": {"dmean": [0.156571134925, 0.148631513119, 0.173810109496, 0.179306358099, 0.154086381197, 0.130914062262, 0.129719778895, 0.129098802805, 0.133889228106, 0.123373687267, 0.107906326652, 0.103058300912, 0.10357106477, 0.109772473574, 0.143828690052, 0.16248048842, 0.169681459665, 0.169359922409, 0.1710421592, 0.163229599595, 0.167403966188, 0.170294329524, 0.18379753828, 0.208958894014, 0.192873820662, 0.134372726083, 0.103802099824, 0.0959315448999, 0.0956821665168, 0.133512124419, 0.151895076036, 0.162442445755, 0.185332626104, 0.213979840279, 0.217633247375, 0.194271221757], "dmean2": [0.288017779589, 0.270532757044, 0.312472552061, 0.317500680685, 0.27455997467, 0.236250907183, 0.237677782774, 0.231281578541, 0.239265948534, 0.221202746034, 0.194599688053, 0.184654414654, 0.18456569314, 0.196462675929, 0.255171537399, 0.282024800777, 0.299620389938, 0.298009216785, 0.307274460793, 0.291981220245, 0.294899255037, 0.294019788504, 0.318043649197, 0.361467421055, 0.334727853537, 0.238843008876, 0.188654899597, 0.174032375216, 0.174451455474, 0.245233759284, 0.263776391745, 0.287329703569, 0.332581281662, 0.378238886595, 0.390836566687, 0.35919803381], "max": [1, 1, 1, 1, 1, 1, 1, 1, 1, 1, 1, 1, 1, 1, 1, 1, 1, 1, 1, 1, 1, 1, 1, 1, 1, 1, 1, 1, 1, 1, 1, 1, 1, 1, 1, 1], "dvar": [0.05809340626, 0.0570482201874, 0.0656883716583, 0.0635363832116, 0.0538157783449, 0.049214091152, 0.0515940859914, 0.0469607375562, 0.0502104498446, 0.0440397448838, 0.0405483543873, 0.0376955792308, 0.036791857332, 0.0370587818325, 0.0466440245509, 0.0513646565378, 0.054106913507, 0.0550341047347, 0.0643353834748, 0.0579008460045, 0.0545066446066, 0.0552582740784, 0.0534592531621, 0.0640749037266, 0.0608034543693, 0.0396415702999, 0.0368700660765, 0.0336768068373, 0.0327776521444, 0.0542967803776, 0.0597831979394, 0.0579900667071, 0.0627839043736, 0.0851896330714, 0.079695828259, 0.0712979063392], "mean": [0.124757431448, 0.119429387152, 0.166812509298, 0.191906064749, 0.140473723412, 0.106398098171, 0.107232645154, 0.12170214206, 0.127376645803, 0.107381537557, 0.0914976596832, 0.0895796939731, 0.0923217386007, 0.0974905192852, 0.136048093438, 0.172992795706, 0.165163606405, 0.159648701549, 0.15914593637, 0.140263944864, 0.151687130332, 0.180441260338, 0.192763268948, 0.245220556855, 0.229959487915, 0.12693823874, 0.0808176994324, 0.0757334828377, 0.0754663199186, 0.103885024786, 0.138134613633, 0.135903835297, 0.158562958241, 0.20405074954, 0.191334992647, 0.150590568781], "dvar2": [0.168542891741, 0.162274554372, 0.17998149991, 0.166637957096, 0.144163027406, 0.132378771901, 0.140059888363, 0.126709759235, 0.135416895151, 0.121039293706, 0.111462041736, 0.102017201483, 0.0984772741795, 0.100648224354, 0.124942146242, 0.129693835974, 0.143522202969, 0.144081652164, 0.168134823442, 0.156874701381, 0.143089309335, 0.137705802917, 0.138672217727, 0.162660226226, 0.153551906347, 0.106005288661, 0.102067135274, 0.0932847931981, 0.0899373888969, 0.149717181921, 0.144425064325, 0.15235683322, 0.163407772779, 0.203331336379, 0.206568390131, 0.201766431332], "min": [0, 0, 0, 0, 0, 0, 0, 0, 0, 0, 0, 0, 0, 0, 0, 0, 0, 0, 0, 0, 0, 0, 0, 0, 0, 0, 0, 0, 0, 0, 0, 0, 0, 0, 0, 0], "var": [0.0460695438087, 0.0465420745313, 0.0676602721214, 0.0815750360489, 0.0504940934479, 0.0421731695533, 0.0434288084507, 0.049541067332, 0.0529911406338, 0.0377231761813, 0.0334175378084, 0.0328851006925, 0.0337548851967, 0.0322132483125, 0.0460574962199, 0.0627957135439, 0.0575079768896, 0.0597594864666, 0.0698629319668, 0.0565401576459, 0.0553512945771, 0.0712818652391, 0.0640080422163, 0.0871089175344, 0.084731630981, 0.0369937643409, 0.0290094688535, 0.0274116955698, 0.0264090653509, 0.0417616479099, 0.0644038245082, 0.0536723583937, 0.0611877590418, 0.0948402807117, 0.0789188146591, 0.057161372155], "median": [0.031939137727, 0.0278144720942, 0.0419306196272, 0.0514322705567, 0.0401907488704, 0.0213211420923, 0.0219808556139, 0.0256622284651, 0.0301051177084, 0.0301961489022, 0.0227054450661, 0.0209972336888, 0.0230811275542, 0.029436212033, 0.0439446754754, 0.0574896000326, 0.0548881590366, 0.046189557761, 0.0327169373631, 0.0295391287655, 0.0450548194349, 0.0557036995888, 0.079814940691, 0.108740203083, 0.101046822965, 0.0418545752764, 0.016346398741, 0.0135494032875, 0.0148480338976, 0.0202173218131, 0.0219790395349, 0.0310294348747, 0.0426156185567, 0.0480073578656, 0.056140601635, 0.0436287336051]}}, "lowlevel": {"melbands_flatness_db": {"dmean": 0.035176768899, "dmean2": 0.0499414391816, "max": 0.74686062336, "dvar": 0.00133635068778, "mean": 0.199911519885, "dvar2": 0.00249113584869, "min": 0.00450854888186, "var": 0.00871000438929, "median": 0.185392543674}, "melbands_crest": {"dmean": 4.22409248352, "dmean2": 6.53801727295, "max": 34.2479743958, "dvar": 12.9818496704, "mean": 16.4410076141, "dvar2": 31.6654682159, "min": 1.67721569538, "var": 49.1430931091, "median": 15.4324626923}, "spectral_entropy": {"dmean": 0.239311978221, "dmean2": 0.340761423111, "max": 9.8165102005, "dvar": 0.0752188563347, "mean": 7.78720998764, "dvar2": 0.146558597684, "min": 3.93819594383, "var": 0.452917337418, "median": 7.94772481918}, "melbands": {"dmean": [0.00177259312477, 0.00161821662914, 0.00126683339477, 0.00125375413336, 0.000715778500307, 0.000584208930377, 0.000292885146337, 8.49071293487e-05, 0.000157703863806, 0.000111688750621, 4.61640884168e-05, 5.48167226953e-05, 5.03617156937e-05, 3.89730121242e-05, 3.43878673448e-05, 2.7742860766e-05, 2.30263412959e-05, 1.63653367053e-05, 1.76879311766e-05, 1.12209063445e-05, 1.25923497762e-05, 1.20131853691e-05, 1.14767235573e-05, 8.33942158351e-06, 4.51613186669e-06, 4.43009366791e-06, 4.36838536189e-06, 5.16698355568e-06, 3.71060082216e-06, 2.97583846987e-06, 3.47188233718e-06, 3.80254141419e-06, 3.9802412175e-06, 3.93593336412e-06, 3.37979395226e-06, 3.79170887754e-06, 1.00043116618e-05, 2.04188313546e-06, 2.19983621719e-06, 2.87020247924e-06], "dmean2": [0.00225824164227, 0.00234432891011, 0.00221162592061, 0.00229794648476, 0.00124334683642, 0.000969273445662, 0.000486118340632, 0.000139215917443, 0.000249095115578, 0.000173024629476, 7.31038599042e-05, 8.69266805239e-05, 7.85585871199e-05, 6.11721552559e-05, 5.37284977327e-05, 4.39618888777e-05, 3.7114477891e-05, 2.57429255726e-05, 2.77335548162e-05, 1.74733722815e-05, 1.95015963982e-05, 1.91841063497e-05, 1.80575461854e-05, 1.26077429741e-05, 6.9850766522e-06, 7.02789975549e-06, 6.85592931404e-06, 8.14703525975e-06, 5.80399000683e-06, 4.58988324681e-06, 5.46050250705e-06, 6.08873870078e-06, 6.45532782073e-06, 6.54344785289e-06, 5.41863346371e-06, 5.94986522628e-06, 1.67716534634e-05, 3.1947761272e-06, 3.30248212776e-06, 4.33811464973e-06], "max": [0.0340039841831, 0.0549987889826, 0.0397375188768, 0.0300859548151, 0.0162547063082, 0.0146868275478, 0.00896004308015, 0.00577305164188, 0.00511011388153, 0.00655671814457, 0.00230974680744, 0.00278948713094, 0.00298566231504, 0.00252385949716, 0.00272576790303, 0.00107919599395, 0.000887563161086, 0.00111339753494, 0.00165037903935, 0.000726827827748, 0.000535222527105, 0.000557988707442, 0.00057631439995, 0.000441847194452, 0.00018190901028, 0.000257915991824, 0.000119191470731, 0.000216858374188, 0.000119190786791, 0.000185830547707, 0.000107443418528, 8.31758079585e-05, 0.000116454240924, 0.000109290689579, 0.000173056847416, 0.000156199399498, 0.000182040501386, 6.50181973469e-05, 6.54437171761e-05, 4.91855425935e-05], "dvar": [1.06860343294e-05, 1.19524756883e-05, 1.02474405139e-05, 1.05376702777e-05, 2.10531607081e-06, 1.30472062665e-06, 5.61939032195e-07, 3.70990846932e-08, 1.15301766357e-07, 5.01989134705e-08, 9.5403729361e-09, 1.37494033936e-08, 1.38660745108e-08, 8.44371772502e-09, 8.37696312317e-09, 4.41076908331e-09, 3.1479665541e-09, 1.5597717562e-09, 3.0198161749e-09, 6.48338716047e-10, 7.13481773662e-10, 6.33696484176e-10, 6.03080196893e-10, 2.7126384472e-10, 5.57886410679e-11, 6.21179982452e-11, 4.68671386422e-11, 8.96985610788e-11, 4.26979111789e-11, 2.60024675403e-11, 3.65015760673e-11, 5.50645536113e-11, 5.31191653164e-11, 6.57083970568e-11, 5.48678984191e-11, 4.5694462103e-11, 3.21513815571e-10, 1.42551578181e-11, 1.13184539866e-11, 1.51106349655e-11], "mean": [0.00297496118583, 0.00209990702569, 0.00105647114106, 0.000920784077607, 0.000767930061556, 0.000650379806757, 0.000304059445625, 0.000110920373118, 0.000193626969121, 0.000154014633154, 6.48227141937e-05, 8.63332097651e-05, 7.08010193193e-05, 5.56516679353e-05, 4.38900460722e-05, 3.49341753463e-05, 2.68769599643e-05, 2.25711573876e-05, 2.73155073955e-05, 1.50783007484e-05, 1.78653408511e-05, 1.7375794414e-05, 1.61096013471e-05, 1.26894974528e-05, 7.29863722881e-06, 6.39454401608e-06, 6.71295947541e-06, 7.37341315471e-06, 5.52681467525e-06, 4.63914375359e-06, 5.25189216205e-06, 5.29677436134e-06, 6.13031534158e-06, 5.34414402864e-06, 4.44480474471e-06, 6.11657287664e-06, 1.13843170766e-05, 3.1141648833e-06, 3.62651235264e-06, 5.6784338085e-06], "dvar2": [1.96138589672e-05, 2.64656682702e-05, 2.71983863058e-05, 2.97678761854e-05, 5.8023638303e-06, 3.33794332619e-06, 1.43591307733e-06, 8.675583274e-08, 2.75961127727e-07, 1.13136991331e-07, 2.22954383844e-08, 3.36476375651e-08, 3.11186418855e-08, 1.9228423298e-08, 1.79580048609e-08, 1.0292298569e-08, 7.47017736558e-09, 3.71724473425e-09, 7.49651896115e-09, 1.49115775283e-09, 1.6681583892e-09, 1.5712535717e-09, 1.3501718632e-09, 5.66814262193e-10, 1.28821689427e-10, 1.45698328402e-10, 1.07320229092e-10, 2.15006304427e-10, 9.9510871765e-11, 5.62563398643e-11, 8.4969260794e-11, 1.35476824203e-10, 1.2999390453e-10, 1.68421915303e-10, 1.31911190304e-10, 1.09545907068e-10, 8.31038293736e-10, 3.39550575157e-11, 2.71475775887e-11, 3.20519236152e-11], "min": [3.75858260876e-24, 3.98757630777e-24, 4.95926479968e-24, 3.05436529538e-24, 4.06133322469e-24, 5.20839969532e-24, 3.37369697867e-24, 3.41944144484e-24, 3.4474061695e-24, 2.39457485324e-24, 3.85433967303e-24, 4.59971185984e-24, 5.40287244669e-24, 6.25258056011e-24, 2.70360677412e-24, 3.90501096999e-24, 3.88434912516e-24, 3.88628972298e-24, 5.50581840039e-24, 5.6189631423e-24, 4.3229640715e-24, 6.60051476211e-24, 5.10388390842e-24, 5.62776485785e-24, 5.00875083312e-24, 3.44795363897e-24, 4.94973417665e-24, 5.24210141091e-24, 4.39100293014e-24, 5.893210636e-24, 5.83425590511e-24, 5.64035428904e-24, 6.26093104722e-24, 6.6059235869e-24, 5.57222431696e-24, 6.19642983531e-24, 4.83932717651e-24, 7.7713054356e-24, 7.2178082812e-24, 8.32514258905e-24], "var": [2.65745547949e-05, 1.76214580279e-05, 7.55502378524e-06, 6.52803555568e-06, 1.78737536771e-06, 1.33706248562e-06, 5.13150723691e-07, 4.92433009924e-08, 1.79808964162e-07, 8.69143619298e-08, 1.62399036441e-08, 2.49872496028e-08, 2.73629829906e-08, 1.58272897011e-08, 1.25001955453e-08, 6.21343465568e-09, 3.90798104988e-09, 2.66662691928e-09, 7.13047354495e-09, 1.17423559765e-09, 1.10461273461e-09, 1.02430219862e-09, 1.03931074857e-09, 5.71791003434e-10, 1.03721434219e-10, 1.04681166513e-10, 9.54185064295e-11, 1.49566178886e-10, 7.18078443929e-11, 5.67705119026e-11, 6.11815112461e-11, 7.02283439735e-11, 7.65749963438e-11, 7.06114333671e-11, 6.7050885677e-11, 6.71077082792e-11, 3.39929306925e-10, 1.9144583488e-11, 1.85023992655e-11, 4.8972766814e-11], "median": [0.000316376273986, 0.000332647876348, 0.000228750926908, 0.000142062548548, 0.000283425964881, 0.000225584371947, 8.82956010173e-05, 4.29869178333e-05, 4.27705017501e-05, 4.68831785838e-05, 2.14302963286e-05, 2.52423997154e-05, 1.71260908246e-05, 1.71295614564e-05, 1.09674765554e-05, 7.74929776526e-06, 5.69323856325e-06, 5.44587783224e-06, 4.0967224777e-06, 3.66282029063e-06, 5.00730766362e-06, 5.11351481691e-06, 5.20448429597e-06, 4.63274500362e-06, 3.70161478713e-06, 2.58312411461e-06, 2.84446241494e-06, 2.47339585258e-06, 2.3570751182e-06, 2.2766305392e-06, 2.67249720309e-06, 2.25816529564e-06, 3.02144462694e-06, 2.90795105684e-06, 1.93470668819e-06, 4.19047137257e-06, 5.14337079949e-06, 1.95288407667e-06, 2.26143765758e-06, 2.61379750555e-06]}, "silence_rate_60dB": {"dmean": 0.0317633189261, "dmean2": 0.0635324046016, "max": 1, "dvar": 0.0307526234537, "mean": 0.0813974589109, "dvar2": 0.0703811123967, "min": 0, "var": 0.0747860744596, "median": 0}, "spectral_energyband_middle_high": {"dmean": 0.00152511487249, "dmean2": 0.00223565544002, "max": 0.0305557549, "dvar": 4.7288344831e-06, "mean": 0.00352413021028, "dvar2": 1.02719250208e-05, "min": 1.25460297002e-21, "var": 1.4075794752e-05, "median": 0.00245208758861}, "erbbands_skewness": {"dmean": 0.581695914268, "dmean2": 0.868593513966, "max": 10.1266832352, "dvar": 0.420161664486, "mean": 0.405959069729, "dvar2": 0.898345291615, "min": -5.7902097702, "var": 1.40281176567, "median": 0.337626457214}, "dynamic_complexity": 3.32231235504, "dissonance": {"dmean": 0.0234367381781, "dmean2": 0.0380325578153, "max": 0.500000119209, "dvar": 0.000671519723255, "mean": 0.452340692282, "dvar2": 0.00162676302716, "min": 0.0854828879237, "var": 0.0026347534731, "median": 0.467687904835}, "spectral_skewness": {"dmean": 0.26885843277, "dmean2": 0.386299967766, "max": 13.2388544083, "dvar": 0.169992402196, "mean": 1.4041864872, "dvar2": 0.352184802294, "min": -0.349292129278, "var": 1.20336449146, "median": 1.22313082218}, "spectral_kurtosis": {"dmean": 1.78042173386, "dmean2": 2.6799595356, "max": 254.015533447, "dvar": 38.1469497681, "mean": 4.2457947731, "dvar2": 86.3095703125, "min": -1.25386762619, "var": 258.826934814, "median": 1.65514850616}, "gfcc": {"cov": [[16414.8769531, -1894.34118652, -111.54599762, 771.173156738, 377.687713623, 784.172180176, -214.706558228, 521.275817871, -294.292053223, 65.7360153198, -146.107727051, 393.769622803, 39.8409042358], [-1894.34118652, 2351.3840332, -282.055480957, -244.742858887, 52.6439971924, -211.546035767, 127.461120605, -241.468505859, 68.0343475342, -169.115982056, 36.30651474, -159.068450928, 67.7112121582], [-111.54599762, -282.055480957, 1638.5793457, 166.174606323, 292.126464844, 259.545196533, 85.723487854, 184.836273193, -19.7225570679, 75.4189682007, -17.8282718658, 31.4686527252, -95.6797103882], [771.173156738, -244.742858887, 166.174606323, 704.291809082, 73.3865280151, 7.14321088791, -28.7482872009, 44.8695411682, 46.1623840332, 37.8140983582, 10.4929704666, 33.843624115, 22.760427475], [377.687713623, 52.6439971924, 292.126464844, 73.3865280151, 531.602844238, 226.214385986, 64.4100036621, 100.460617065, 34.8241996765, 25.8915290833, -22.3569850922, -8.0181055069, -3.62685465813], [784.172180176, -211.546035767, 259.545196533, 7.14321088791, 226.214385986, 442.696716309, 153.153320313, 131.333908081, -13.0057001114, 64.0003509521, 29.270778656, 26.2539787292, -30.7451000214], [-214.706558228, 127.461120605, 85.723487854, -28.7482872009, 64.4100036621, 153.153320313, 245.774963379, 78.3593673706, 32.4205093384, 11.301618576, 48.5110206604, 5.52840614319, -9.96148872375], [521.275817871, -241.468505859, 184.836273193, 44.8695411682, 100.460617065, 131.333908081, 78.3593673706, 262.74395752, 83.9503936768, 61.5583534241, 9.52767181396, 63.6117973328, 0.484645575285], [-294.292053223, 68.0343475342, -19.7225570679, 46.1623840332, 34.8241996765, -13.0057001114, 32.4205093384, 83.9503936768, 183.836868286, 64.5400848389, 27.8039569855, 4.21206140518, 35.4895515442], [65.7360153198, -169.115982056, 75.4189682007, 37.8140983582, 25.8915290833, 64.0003509521, 11.301618576, 61.5583534241, 64.5400848389, 151.792022705, 50.8050689697, 25.7936611176, 3.99611401558], [-146.107727051, 36.30651474, -17.8282718658, 10.4929704666, -22.3569850922, 29.270778656, 48.5110206604, 9.52767181396, 27.8039569855, 50.8050689697, 129.405654907, 55.7644462585, 27.6619338989], [393.769622803, -159.068450928, 31.4686527252, 33.843624115, -8.0181055069, 26.2539787292, 5.52840614319, 63.6117973328, 4.21206140518, 25.7936611176, 55.7644462585, 123.496406555, 43.4643745422], [39.8409042358, 67.7112121582, -95.6797103882, 22.760427475, -3.62685465813, -30.7451000214, -9.96148872375, 0.484645575285, 35.4895515442, 3.99611401558, 27.6619338989, 43.4643745422, 109.514518738]], "mean": [-1.65393781662, 48.7492523193, -82.4079208374, 26.5592327118, -67.0139312744, 15.6933469772, -40.7127571106, 10.5672702789, -21.9309864044, 3.94476413727, -10.8244581223, 7.63049793243, -8.35721969604], "icov": [[9.56746298471e-05, 2.63878087026e-06, 7.04378835508e-05, -0.000103256905277, -1.78705317921e-06, -0.000204717303859, 0.000170716361026, -0.000175316657987, 0.000203342104214, -9.9944336398e-06, 0.000191560946405, -0.000253833364695, -7.83996711107e-06], [2.63878087026e-06, 0.000720072537661, -2.64913614956e-05, 0.000200240523554, -0.000300675950712, 0.000369658402633, -0.000539369415492, 0.000512827071361, -0.000462426978629, 0.000774697517045, -0.000656668562442, 0.000868299335707, -0.000525601266418], [7.04378835508e-05, -2.64913614956e-05, 0.000849522883072, -0.000237651285715, -0.000297826045426, -0.000246395968134, 6.17323094048e-05, -0.000474062195281, 0.000462763244286, -0.000324087304762, 0.000324244785588, -0.00046831468353, 0.000676853233017], [-0.000103256905277, 0.000200240523554, -0.000237651285715, 0.00170277478173, -0.000252934463788, 0.000395089213271, -5.59635336685e-05, 0.000343962310581, -0.000683816790115, 9.94206493488e-05, -0.000390204193536, 0.000194764317712, -0.000312596879667], [-1.78705317921e-06, -0.000300675950712, -0.000297826045426, -0.000252934463788, 0.00287931249477, -0.00160488497932, 0.000482027040562, -0.000435338908574, -0.000469847203931, 9.13431213121e-05, 0.000817590509541, 0.000300772080664, -0.000507465563715], [-0.000204717303859, 0.000369658402633, -0.000246395968134, 0.000395089213271, -0.00160488497932, 0.00516045000404, -0.00279003148898, -0.00060855090851, 0.00142456323374, -0.00137114583049, -0.000958997930866, 0.000938046490774, 0.000151366402861], [0.000170716361026, -0.000539369415492, 6.17323094048e-05, -5.59635336685e-05, 0.000482027040562, -0.00279003148898, 0.00724996766075, -0.00215230719186, -0.000419994466938, 0.00160290778149, -0.00248571136035, 0.000742442440242, 0.000649429566693], [-0.000175316657987, 0.000512827071361, -0.000474062195281, 0.000343962310581, -0.000435338908574, -0.00060855090851, -0.00215230719186, 0.00847816001624, -0.00446826824918, -0.00038564496208, 0.00247695948929, -0.00429608253762, 0.00138395151589], [0.000203342104214, -0.000462426978629, 0.000462763244286, -0.000683816790115, -0.000469847203931, 0.00142456323374, -0.000419994466938, -0.00446826824918, 0.0104610593989, -0.0039450568147, -0.00062352756504, 0.00261829374358, -0.00300344428979], [-9.9944336398e-06, 0.000774697517045, -0.000324087304762, 9.94206493488e-05, 9.13431213121e-05, -0.00137114583049, 0.00160290778149, -0.00038564496208, -0.0039450568147, 0.0112307751551, -0.00474523613229, 0.00124383089133, 0.000560012296773], [0.000191560946405, -0.000656668562442, 0.000324244785588, -0.000390204193536, 0.000817590509541, -0.000958997930866, -0.00248571136035, 0.00247695948929, -0.00062352756504, -0.00474523613229, 0.0147478617728, -0.00800387188792, 4.81745300931e-05], [-0.000253833364695, 0.000868299335707, -0.00046831468353, 0.000194764317712, 0.000300772080664, 0.000938046490774, 0.000742442440242, -0.00429608253762, 0.00261829374358, 0.00124383089133, -0.00800387188792, 0.0176062975079, -0.00639412365854], [-7.83996711107e-06, -0.000525601266418, 0.000676853233017, -0.000312596879667, -0.000507465563715, 0.000151366402861, 0.000649429566693, 0.00138395151589, -0.00300344428979, 0.000560012296773, 4.81745300931e-05, -0.00639412365854, 0.0136723993346]]}, "spectral_complexity": {"dmean": 4.24158287048, "dmean2": 6.14412784576, "max": 57, "dvar": 25.003988266, "mean": 14.6822137833, "dvar2": 47.7360458374, "min": 0, "var": 103.746879578, "median": 13}, "spectral_flux": {"dmean": 0.0392507240176, "dmean2": 0.0579555109143, "max": 0.408457219601, "dvar": 0.0021670954302, "mean": 0.108585886657, "dvar2": 0.00387375801802, "min": 6.54225285057e-11, "var": 0.00541197881103, "median": 0.0892303287983}, "spectral_energyband_low": {"dmean": 0.006920482032, "dmean2": 0.0094491308555, "max": 0.206054970622, "dvar": 0.000160783194588, "mean": 0.014237659052, "dvar2": 0.000310665986035, "min": 2.70130870398e-23, "var": 0.000486094388179, "median": 0.00230674585328}, "spectral_decrease": {"dmean": 3.53789131324e-09, "dmean2": 5.50426371149e-09, "max": 1.34156295658e-28, "dvar": 3.06494206665e-17, "mean": -7.70475061529e-09, "dvar2": 7.60626851607e-17, "min": -6.11684001228e-08, "var": 6.04715019018e-17, "median": -4.78109729585e-09}, "barkbands_spread": {"dmean": 10.2561426163, "dmean2": 15.2202377319, "max": 128.75112915, "dvar": 122.233810425, "mean": 32.7365150452, "dvar2": 265.656860352, "min": 0.0465179160237, "var": 457.281982422, "median": 29.9966049194}, "spectral_rms": {"dmean": 0.00113256706391, "dmean2": 0.00167050247546, "max": 0.0151049951091, "dvar": 2.01311490855e-06, "mean": 0.00492927338928, "dvar2": 4.58728482045e-06, "min": 3.18393705498e-12, "var": 6.67498306939e-06, "median": 0.00449449103326}, "spectral_centroid": {"dmean": 415.880584717, "dmean2": 613.610168457, "max": 11691.9941406, "dvar": 235398.40625, "mean": 1518.56494141, "dvar2": 457813.5, "min": 76.4857711792, "var": 938840.625, "median": 1369.14953613}, "barkbands_skewness": {"dmean": 0.83684450388, "dmean2": 1.24864411354, "max": 32.3978538513, "dvar": 1.36045265198, "mean": 1.78040158749, "dvar2": 3.05465197563, "min": -6.18301153183, "var": 3.35283970833, "median": 1.56629896164}, "spectral_rolloff": {"dmean": 1131.19433594, "dmean2": 1864.1463623, "max": 20327.34375, "dvar": 3208272, "mean": 2512.39916992, "dvar2": 6687070.5, "min": 64.599609375, "var": 8960739, "median": 1173.55957031}, "erbbands_spread": {"dmean": 16.1969814301, "dmean2": 24.0727214813, "max": 216.643966675, "dvar": 294.800231934, "mean": 57.8645019531, "dvar2": 652.003967285, "min": 0.996017217636, "var": 1048.22937012, "median": 54.2098922729}, "barkbands": {"dmean": [0.000163742093719, 0.00620004441589, 0.00343687389977, 0.00257990299724, 0.00535074528307, 0.00309420796111, 0.00100722897332, 0.000561448629014, 0.000839189626276, 0.000334862037562, 0.000400193646783, 0.0003462654131, 0.00028683868004, 0.000230429970543, 0.00021243080846, 0.000171889070771, 0.000207484699786, 0.000178718939424, 0.000108083899249, 0.000142557415529, 0.000123010744574, 0.00020000062068, 0.000203057294129, 0.000395609909901, 0.000226432399359, 0.000112668916699, 2.18390014197e-05], "dmean2": [0.000198681751499, 0.00834371522069, 0.00591361848637, 0.00461992993951, 0.00973451230675, 0.00518133491278, 0.0016927201068, 0.000915775250178, 0.00130296661519, 0.000534236838575, 0.000631682109088, 0.000545818416867, 0.000455379398772, 0.000371833972167, 0.000337595265592, 0.000267917552264, 0.000331106974045, 0.000269171578111, 0.000170223196619, 0.000218962362851, 0.00018808869936, 0.000320882420056, 0.000323401414789, 0.000645293854177, 0.00032200125861, 0.00015744708071, 2.94526143989e-05], "max": [0.00317553640343, 0.110835641623, 0.154408738017, 0.106939032674, 0.118223853409, 0.0630490332842, 0.0305507984012, 0.0247399359941, 0.0333144143224, 0.0158166680485, 0.0193993318826, 0.0190688073635, 0.0106607330963, 0.00730096921325, 0.0161910578609, 0.00837436039001, 0.00921310763806, 0.00922118499875, 0.004068905022, 0.00498829828575, 0.00457924511284, 0.00422225007787, 0.00788153801113, 0.00623081624508, 0.00455392571166, 0.00315263145603, 0.001155837439], "dvar": [8.33827584756e-08, 0.000139709431096, 8.72437885846e-05, 4.82498107885e-05, 0.000171420368133, 3.0536117265e-05, 5.55527776669e-06, 1.64384800883e-06, 2.64584105025e-06, 5.27697011421e-07, 8.2248294575e-07, 6.13280860762e-07, 4.71380957379e-07, 2.87022885459e-07, 3.34788865075e-07, 1.31270951442e-07, 1.77969113224e-07, 1.23328078416e-07, 3.04597875811e-08, 5.57987966943e-08, 3.87748180231e-08, 1.50712608615e-07, 1.79489418883e-07, 3.45544322045e-07, 9.95009301619e-08, 2.85532824051e-08, 2.99593239106e-09], "mean": [0.000263787835138, 0.0103188576177, 0.00268657365814, 0.00204792362638, 0.00420212093741, 0.00356138614006, 0.00111000682227, 0.000659791228827, 0.00114649557509, 0.000491728482302, 0.000557827064767, 0.000486143369926, 0.000355734984623, 0.000272826000582, 0.000332831783453, 0.000232900551055, 0.00030586932553, 0.000272957375273, 0.000167218284332, 0.000227629963774, 0.000201389295398, 0.000302237400319, 0.0002873831545, 0.000540667911991, 0.000455491914181, 0.000223527429625, 3.56960736099e-05], "dvar2": [1.33808029545e-07, 0.000273646990536, 0.000230673394981, 0.000130689732032, 0.00048368377611, 7.84003204899e-05, 1.44177201946e-05, 3.88743546864e-06, 5.93810318605e-06, 1.31834292461e-06, 1.88180194982e-06, 1.3821978655e-06, 1.08671940779e-06, 6.7341244403e-07, 8.37984600821e-07, 3.01269835745e-07, 4.4065535576e-07, 2.59904055611e-07, 7.07568403868e-08, 1.25467664702e-07, 8.38785112478e-08, 3.75541532094e-07, 4.32935678418e-07, 8.6837286517e-07, 2.21731212946e-07, 6.34070929095e-08, 6.49270104347e-09], "min": [7.32340106046e-25, 6.63437779975e-24, 6.69189601494e-24, 8.19397158659e-24, 1.95803954146e-23, 2.4516205013e-23, 7.56600201844e-24, 1.45326653864e-23, 1.74252431987e-23, 3.28355873397e-23, 2.534798784e-23, 4.27891628736e-23, 3.70610166489e-23, 2.00928047487e-23, 6.10882146753e-23, 7.31814207979e-23, 1.14494564964e-22, 1.03855961553e-22, 1.15484061597e-22, 1.77341447209e-22, 2.69903949825e-22, 3.19724668554e-22, 4.64860711535e-22, 6.72825852681e-22, 1.01300655541e-21, 1.31189350733e-21, 2.06826071437e-21], "var": [2.15844650597e-07, 0.000320062652463, 6.91617606208e-05, 3.32263916789e-05, 0.000109405496914, 3.24074353557e-05, 5.26595385963e-06, 2.07490643334e-06, 4.92936624141e-06, 8.94207403235e-07, 1.56731164225e-06, 1.12329337298e-06, 6.62558420572e-07, 3.73922830477e-07, 8.20642924282e-07, 2.18456960965e-07, 2.96187238291e-07, 2.5457777042e-07, 5.58719541743e-08, 1.16386438265e-07, 8.21317343025e-08, 1.95457857899e-07, 2.24305068741e-07, 4.78954575556e-07, 3.00214992421e-07, 7.78479929409e-08, 4.08336653379e-09], "median": [4.44608376711e-05, 0.00123239902314, 0.000181898052688, 0.000461818068288, 0.000855927122757, 0.00139830890112, 0.00036909111077, 0.000200068156119, 0.000304168032017, 0.000132615648909, 0.000119016927783, 0.000147297047079, 7.71825725678e-05, 5.75524682063e-05, 5.83760811423e-05, 6.23412925052e-05, 9.18483201531e-05, 0.00010202719568, 7.61784758652e-05, 8.96901474334e-05, 0.000107562103949, 0.000144838413689, 0.000150571489939, 0.000318136415444, 0.000220270128921, 7.22927798051e-05, 1.58813763846e-05]}, "melbands_kurtosis": {"dmean": 18.4635181427, "dmean2": 27.9739341736, "max": 1072.47875977, "dvar": 1703.87255859, "mean": 30.161813736, "dvar2": 3754.44702148, "min": -1.93676865101, "var": 3231.84130859, "median": 13.1744632721}, "erbbands_crest": {"dmean": 3.26134943962, "dmean2": 5.34557437897, "max": 32.1135444641, "dvar": 9.33831310272, "mean": 9.56655979156, "dvar2": 23.620765686, "min": 2.4142100811, "var": 23.6508655548, "median": 8.33567428589}, "melbands_skewness": {"dmean": 1.27527225018, "dmean2": 1.8629655838, "max": 29.8536739349, "dvar": 2.31848835945, "mean": 3.72151017189, "dvar2": 4.8469452858, "min": -5.02420663834, "var": 8.2381772995, "median": 3.1219587326}, "spectral_energyband_middle_low": {"dmean": 0.0112323546782, "dmean2": 0.019255105406, "max": 0.16521538794, "dvar": 0.000439977797214, "mean": 0.0128408093005, "dvar2": 0.00118820741773, "min": 2.43638466265e-22, "var": 0.000348418165231, "median": 0.00689686508849}, "spectral_contrast_coeffs": {"dmean": [0.070027180016, 0.0605913996696, 0.0471622496843, 0.0377501510084, 0.0264663398266, 0.0187137145549], "dmean2": [0.109745927155, 0.098994910717, 0.0740527436137, 0.0572640001774, 0.0412200912833, 0.0288576222956], "max": [-0.256338566542, -0.273543477058, -0.371233701706, -0.4787517488, -0.551829338074, -0.552790462971], "dvar": [0.00449274433777, 0.00279625295661, 0.00177971052472, 0.00115476618521, 0.000600730942097, 0.000349379697582], "mean": [-0.648551762104, -0.704170763493, -0.768345832825, -0.78676623106, -0.797676980495, -0.78814214468], "dvar2": [0.0107254590839, 0.00684184394777, 0.00387342553586, 0.0023427112028, 0.00129176746123, 0.000768414756749], "min": [-0.976973354816, -0.97341221571, -0.973739922047, -0.967452704906, -0.964261591434, -0.963434457779], "var": [0.0106606474146, 0.00804996024817, 0.00675099436194, 0.00498804403469, 0.00243874522857, 0.00158081401605], "median": [-0.664124011993, -0.712622463703, -0.781258106232, -0.800524234772, -0.802800178528, -0.792067110538]}, "spectral_contrast_valleys": {"dmean": [0.450481832027, 0.527694225311, 0.477024942636, 0.449515968561, 0.410009235144, 0.384413331747], "dmean2": [0.688463270664, 0.830580055714, 0.740279436111, 0.668796956539, 0.566056787968, 0.497403711081], "max": [-5.17934465408, -4.63664150238, -5.17647314072, -5.59330940247, -5.5055770874, -7.46535587311], "dvar": [0.168314442039, 0.284674465656, 0.24462275207, 0.215448945761, 0.202805042267, 0.201949715614], "mean": [-7.7019276619, -7.04616689682, -7.74764680862, -8.26451778412, -7.84764623642, -9.49415779114], "dvar2": [0.345483541489, 0.63408857584, 0.513222336769, 0.42412674427, 0.358073145151, 0.34798425436], "min": [-28.2272129059, -27.7224216461, -27.5475635529, -27.6664772034, -27.3815307617, -27.3766078949], "var": [2.85678124428, 2.03360509872, 2.12603282928, 2.04805541039, 2.30801057816, 2.61780619621], "median": [-7.37057495117, -6.8243727684, -7.54389286041, -8.07307434082, -7.58673667908, -8.99847412109]}, "silence_rate_20dB": {"dmean": 0, "dmean2": 0, "max": 1, "dvar": 0, "mean": 1, "dvar2": 0, "min": 1, "var": 0, "median": 1}, "silence_rate_30dB": {"dmean": 0.029403757304, "dmean2": 0.0588128529489, "max": 1, "dvar": 0.0285386517644, "mean": 0.981306731701, "dvar2": 0.0775048583746, "min": 0, "var": 0.0183449015021, "median": 1}, "spectral_strongpeak": {"dmean": 0.515769422054, "dmean2": 0.86795347929, "max": 14.2103462219, "dvar": 1.0115827322, "mean": 0.837071120739, "dvar2": 2.75587153435, "min": 0, "var": 1.093313694, "median": 0.513786673546}, "spectral_spread": {"dmean": 971654.5625, "dmean2": 1284253.125, "max": 41810220, "dvar": 1176021106690.0, "mean": 7433508.5, "dvar2": 2101613690880.0, "min": 349994.5, "var": 9435763179520.0, "median": 7168352}, "barkbands_flatness_db": {"dmean": 0.0275031309575, "dmean2": 0.0404037348926, "max": 0.592202544212, "dvar": 0.000833250000142, "mean": 0.134967193007, "dvar2": 0.00163271359634, "min": 0.0174469873309, "var": 0.00550610618666, "median": 0.118142008781}, "pitch_salience": {"dmean": 0.0982258692384, "dmean2": 0.152526915073, "max": 0.952088296413, "dvar": 0.0092425821349, "mean": 0.521530807018, "dvar2": 0.0201066918671, "min": 0.0459216162562, "var": 0.0262144077569, "median": 0.543924331665}, "erbbands_kurtosis": {"dmean": 1.81255173683, "dmean2": 2.83530950546, "max": 143.927642822, "dvar": 16.1565322876, "mean": 1.32118606567, "dvar2": 38.5214195251, "min": -1.90888869762, "var": 31.2991409302, "median": -0.317254900932}, "average_loudness": 0.873376607895, "barkbands_crest": {"dmean": 3.46058225632, "dmean2": 5.41806221008, "max": 26.5634059906, "dvar": 9.76047420502, "mean": 11.8243694305, "dvar2": 22.2237205505, "min": 2.0475435257, "var": 30.5665016174, "median": 10.6427087784}, "hfc": {"dmean": 11.6470985413, "dmean2": 17.2288646698, "max": 194.121643066, "dvar": 232.675125122, "mean": 29.4088172913, "dvar2": 532.477844238, "min": 1.1297299287e-16, "var": 524.920654297, "median": 25.7512168884}, "barkbands_kurtosis": {"dmean": 6.63877248764, "dmean2": 10.7353010178, "max": 2754.46679688, "dvar": 2240.76928711, "mean": 7.57455921173, "dvar2": 6131.52929688, "min": -1.96266448498, "var": 1727.90539551, "median": 2.18601870537}, "erbbands": {"dmean": [0.206849679351, 1.4591678381, 3.47586631775, 6.63209295273, 13.3156490326, 19.8004817963, 20.4232597351, 25.5419902802, 21.0446224213, 8.21491527557, 16.7417354584, 19.0287780762, 9.24607372284, 13.4612531662, 13.9020557404, 13.4899024963, 12.167014122, 12.0985403061, 9.80807495117, 9.81466770172, 9.77001476288, 11.2014284134, 10.5074825287, 5.66071414948, 5.83841323853, 7.06007385254, 5.40217113495, 5.34125900269, 6.38829898834, 7.00130796432, 5.92892599106, 12.701048851, 3.5589659214, 2.7216861248, 1.45081150532, 0.454214513302, 0.236723288894, 0.0382642112672, 0.00461336458102, 0.000135045076604], "dmean2": [0.251595973969, 2.05848288536, 5.55774259567, 11.7167186737, 24.3554153442, 36.0434074402, 35.1465301514, 42.4552307129, 34.9175567627, 13.541015625, 26.6614284515, 29.3976898193, 14.5887947083, 21.279504776, 21.5827941895, 21.2276287079, 19.0548000336, 19.303812027, 15.4102487564, 15.0377645493, 14.9823503494, 17.5631256104, 15.8224172592, 8.54769611359, 9.1374502182, 10.9618816376, 8.35897731781, 8.24007701874, 10.0763788223, 11.5001010895, 9.3503780365, 21.0550823212, 5.48306512833, 4.0874671936, 2.11053323746, 0.649878561497, 0.330232292414, 0.0559193007648, 0.00637879129499, 0.000187868630746], "max": [4.18085432053, 27.5188922882, 141.188018799, 212.041931152, 314.027374268, 517.154785156, 502.978515625, 642.19720459, 642.352722168, 456.776184082, 536.35144043, 1044.74365234, 458.353149414, 696.364013672, 775.423217773, 621.51348877, 443.277252197, 418.4296875, 577.298339844, 508.234405518, 397.084472656, 568.572998047, 498.582855225, 195.857421875, 205.32723999, 289.107391357, 196.379837036, 205.055725098, 155.313873291, 184.486618042, 260.125183105, 204.339309692, 83.8832626343, 53.8741836548, 33.8490829468, 13.0499315262, 7.11392831802, 1.22404098511, 0.275842308998, 0.00760208861902], "dvar": [0.143092602491, 8.50590705872, 73.8744812012, 303.52355957, 1193.84094238, 2622.46435547, 1557.08044434, 2533.00048828, 2996.6796875, 305.670379639, 1316.33044434, 1483.24621582, 345.58114624, 830.678894043, 1139.99951172, 852.447937012, 834.82800293, 819.512573242, 532.813171387, 540.281677246, 401.118896484, 539.697753906, 443.909301758, 81.1851501465, 90.3129119873, 154.25843811, 85.7185134888, 81.143913269, 143.995681763, 196.808746338, 152.309463501, 396.413299561, 30.5768413544, 13.2593393326, 5.01191949844, 0.532541513443, 0.119929991663, 0.00539742503315, 0.000142024349771, 1.23422367437e-07], "mean": [0.344191163778, 2.11260437965, 3.22290945053, 5.29776716232, 9.95405006409, 15.0783414841, 22.9060916901, 28.0458259583, 21.7176609039, 10.8941926956, 20.6367168427, 26.0960502625, 13.7402906418, 21.7488651276, 20.2512493134, 19.7317619324, 16.321931839, 15.2408533096, 15.3267211914, 14.8677196503, 14.7528162003, 16.8392009735, 16.2081031799, 9.79280471802, 9.14492511749, 10.7486362457, 8.48970508575, 8.7498626709, 9.75291728973, 10.2423934937, 8.61323547363, 15.9622545242, 5.70935678482, 5.72419261932, 2.6351184845, 0.836210250854, 0.478310078382, 0.07023845613, 0.00755059765652, 0.000247552117798], "dvar2": [0.245683640242, 17.6814098358, 184.017654419, 814.469421387, 3360.09863281, 7402.28857422, 4204.57958984, 6460.14160156, 7656.26708984, 740.067993164, 3175.43432617, 3359.54614258, 805.090698242, 2016.43347168, 2579.38525391, 1925.82226563, 1899.85131836, 1955.35375977, 1304.5748291, 1276.71276855, 930.425415039, 1307.93408203, 942.5859375, 177.012191772, 210.675491333, 360.776672363, 193.29057312, 177.810348511, 346.011749268, 499.275604248, 364.115875244, 1025.16687012, 72.2069854736, 28.1923027039, 12.0609197617, 1.20326054096, 0.271965831518, 0.0125779258087, 0.000316562451189, 2.58121076513e-07], "min": [1.94113652418e-22, 1.8490126156e-21, 8.43256189211e-21, 1.63224351413e-20, 2.32394454392e-20, 4.27382088962e-20, 1.21718942128e-19, 2.05665121024e-19, 2.36586192146e-19, 2.79558974601e-19, 4.52690565145e-19, 4.43339857007e-19, 8.17473389571e-19, 1.27894189198e-18, 1.67225386554e-18, 1.51372046184e-18, 2.09895529472e-18, 2.35284142654e-18, 2.63023789252e-18, 4.19905788894e-18, 4.11405267329e-18, 7.10008410833e-18, 6.38046882187e-18, 6.41730648327e-18, 8.67589708965e-18, 8.71716926632e-18, 8.50413468982e-18, 1.20314429256e-17, 1.05902205018e-17, 1.18943360847e-17, 1.17226059449e-17, 1.14849007067e-17, 1.22053063642e-17, 1.03456480101e-17, 7.52949424383e-18, 4.30489399396e-18, 2.34808534481e-18, 1.1113965623e-18, 2.87247618395e-19, 2.96806524016e-20], "var": [0.367693305016, 15.4449253082, 70.4111557007, 216.969833374, 744.050170898, 1665.66186523, 1480.13500977, 2617.20214844, 2736.25561523, 394.489257813, 1893.39086914, 2544.11914063, 606.477416992, 1525.67224121, 2135.78881836, 1473.40917969, 1233.46582031, 1057.93835449, 1142.69299316, 1144.42297363, 669.715576172, 922.748840332, 919.784484863, 173.970825195, 168.837158203, 281.048217773, 156.285827637, 163.480499268, 205.927093506, 227.916015625, 197.036804199, 485.93270874, 48.2103118896, 43.0047187805, 11.468287468, 1.1183590889, 0.366513669491, 0.00936566013843, 0.000186502089491, 1.71878170363e-07], "median": [0.0334353633225, 0.280578315258, 0.400118768215, 0.974337816238, 2.01139855385, 2.48738765717, 8.96973609924, 9.44478225708, 6.32203006744, 4.41429519653, 5.76635932922, 7.75904273987, 5.58755731583, 7.08139705658, 5.83752155304, 6.81887960434, 4.25803565979, 3.85270690918, 3.81014633179, 3.2627055645, 4.60139846802, 5.31752490997, 5.81582164764, 5.07927036285, 4.11730194092, 4.14837026596, 3.976146698, 4.56404018402, 4.55992794037, 5.58161449432, 4.68671607971, 8.6162109375, 3.62887334824, 3.02106714249, 1.12576723099, 0.340575575829, 0.137170955539, 0.0245389472693, 0.0032723932527, 0.000143387325807]}, "spectral_energy": {"dmean": 0.0140277324244, "dmean2": 0.021765390411, "max": 0.23386490345, "dvar": 0.00046492140973, "mean": 0.0317470505834, "dvar2": 0.00115420483053, "min": 1.03908917975e-20, "var": 0.000924314022996, "median": 0.0207054596394}, "zerocrossingrate": {"dmean": 0.0209381766617, "dmean2": 0.0224277880043, "max": 0.51953125, "dvar": 0.000534541090019, "mean": 0.10229549557, "dvar2": 0.000576651946176, "min": 0.00244140625, "var": 0.00503548327833, "median": 0.087890625}, "spectral_energyband_high": {"dmean": 0.00107063096948, "dmean2": 0.00151719211135, "max": 0.0206880271435, "dvar": 2.39865039475e-06, "mean": 0.00217746547423, "dvar2