{"tonal": {"chords_key": "C#", "hpcp_entropy": {"dmean": 0.604989647865, "dmean2": 1.01969385147, "max": 4.53279590607, "dvar": 0.247015655041, "mean": 2.29825973511, "dvar2": 0.685453295708, "min": 0, "var": 0.561386525631, "median": 2.3156876564}, "key_key": "G#", "chords_strength": {"dmean": 0.00967435352504, "dmean2": 0.0101274037734, "max": 0.751784086227, "dvar": 6.67370404699e-05, "mean": 0.497309297323, "dvar2": 8.74924298842e-05, "min": 0.235911414027, "var": 0.00914325099438, "median": 0.501289665699}, "key_scale": "minor", "chords_number_rate": 0.00320404721424, "thpcp": [1, 0.840823709965, 0.429872483015, 0.379891902208, 0.378981620073, 0.411747336388, 0.564138293266, 0.544810771942, 0.381871700287, 0.442016810179, 0.443474441767, 0.32842040062, 0.312164187431, 0.271753907204, 0.339854478836, 0.612093091011, 0.602769076824, 0.396163225174, 0.362294375896, 0.320130228996, 0.449920356274, 0.812781214714, 0.773770153522, 0.538728058338, 0.564734399319, 0.483954459429, 0.404691368341, 0.447512298822, 0.421524554491, 0.54075294733, 0.813148617744, 0.700147986412, 0.431467354298, 0.420900404453, 0.436495691538, 0.618541896343], "key_strength": 0.57227319479, "tuning_nontempered_energy_ratio": 0.819007217884, "tuning_frequency": 434.193115234, "chords_changes_rate": 0.063743673265, "tuning_diatonic_strength": 0.453729182482, "chords_scale": "minor", "chords_histogram": [12.7993249893, 5.86846542358, 4.09780788422, 13.1871833801, 0.893760561943, 4.97470474243, 2.49578404427, 8.26306915283, 2.76559853554, 7.94266462326, 2.07419896126, 1.29848229885, 1.31534564495, 1.04553115368, 0.15177065134, 0, 0.40472176671, 0.421585172415, 1.63575041294, 2.5801012516, 6.17200660706, 1.21416521072, 13.4738616943, 4.92411470413], "tuning_equal_tempered_deviation": 0.124109759927, "hpcp": {"dmean": [0.119313932955, 0.112511448562, 0.126339033246, 0.131286457181, 0.123614639044, 0.104718789458, 0.0988567993045, 0.0965167880058, 0.0856789052486, 0.0853943303227, 0.0781149193645, 0.0918981507421, 0.121278472245, 0.126353085041, 0.102599717677, 0.101063624024, 0.0971413701773, 0.125396713614, 0.155079588294, 0.155089646578, 0.14856402576, 0.131226941943, 0.119697906077, 0.12079950422, 0.137389183044, 0.132424786687, 0.149086415768, 0.164981037378, 0.163678184152, 0.139021843672, 0.124695882201, 0.126278489828, 0.164216965437, 0.173576712608, 0.167845442891, 0.140734195709], "dmean2": [0.211020678282, 0.19541323185, 0.222367092967, 0.224600955844, 0.211808383465, 0.182289808989, 0.168665766716, 0.164150863886, 0.149722859263, 0.146957278252, 0.132892072201, 0.156950935721, 0.204074770212, 0.21806794405, 0.177631169558, 0.175397798419, 0.171575188637, 0.221496328712, 0.265101253986, 0.265363961458, 0.261140584946, 0.226688146591, 0.209205701947, 0.214546710253, 0.244996398687, 0.234458521008, 0.262161821127, 0.280363053083, 0.284175425768, 0.246317446232, 0.221419200301, 0.22285169363, 0.288600951433, 0.299210757017, 0.287531524897, 0.251190513372], "max": [1, 1, 1, 1, 1, 1, 1, 1, 1, 1, 1, 1, 1, 1, 1, 1, 1, 1, 1, 1, 1, 1, 1, 1, 1, 1, 1, 1, 1, 1, 1, 1, 1, 1, 1, 1], "dvar": [0.0396447181702, 0.0359708853066, 0.0356935225427, 0.0324069298804, 0.0317068733275, 0.0253355782479, 0.0223759990185, 0.0213198605925, 0.0180864371359, 0.0196240860969, 0.0182428397238, 0.0213786810637, 0.0298029836267, 0.0316496938467, 0.0227903854102, 0.0256823506206, 0.0247346591204, 0.0292154178023, 0.0376801379025, 0.0364890992641, 0.0366069227457, 0.0357315503061, 0.0346032753587, 0.034734275192, 0.0454114601016, 0.0380626320839, 0.0400479584932, 0.0442322008312, 0.0437905117869, 0.0384592227638, 0.0385365262628, 0.0414323993027, 0.0439035929739, 0.0509316809475, 0.0406744070351, 0.0407610312104], "mean": [0.129657641053, 0.129346966743, 0.140529945493, 0.192541196942, 0.1859446913, 0.130333349109, 0.150860965252, 0.15135845542, 0.112090341747, 0.106542080641, 0.0927499905229, 0.115992814302, 0.208908230066, 0.205725938082, 0.135211065412, 0.123651579022, 0.109260894358, 0.153558447957, 0.277403384447, 0.264088839293, 0.183868646622, 0.192744657397, 0.165174335241, 0.13812173903, 0.152736574411, 0.143866926432, 0.184559747577, 0.277528762817, 0.238961488008, 0.147260412574, 0.143653899431, 0.14897659421, 0.211109220982, 0.34130141139, 0.286974310875, 0.146716088057], "dvar2": [0.110432647169, 0.09638594836, 0.0975744798779, 0.0865864008665, 0.0840100049973, 0.0681249424815, 0.0587321184576, 0.0571927018464, 0.0501636564732, 0.0521993599832, 0.0466765016317, 0.0575231984258, 0.0733338743448, 0.083849363029, 0.0624795779586, 0.0715443789959, 0.0693248957396, 0.0827682614326, 0.0971371084452, 0.0959929972887, 0.102054938674, 0.0942249372602, 0.092297308147, 0.0958442911506, 0.125640913844, 0.105389013886, 0.110605947673, 0.113535642624, 0.12064126879, 0.110359631479, 0.104772314429, 0.110952779651, 0.121692672372, 0.129285007715, 0.10756739229, 0.117371030152], "min": [0, 0, 0, 0, 0, 0, 0, 0, 0, 0, 0, 0, 0, 0, 0, 0, 0, 0, 0, 0, 0, 0, 0, 0, 0, 0, 0, 0, 0, 0, 0, 0, 0, 0, 0, 0], "var": [0.0477716252208, 0.0482804551721, 0.0394768193364, 0.0587033256888, 0.0627448111773, 0.0325807370245, 0.0449148826301, 0.04718773067, 0.022145582363, 0.0249948687851, 0.0230561066419, 0.0288425087929, 0.078350186348, 0.07454007864, 0.0354261398315, 0.0385738089681, 0.0277799293399, 0.0352679528296, 0.0952145382762, 0.0854971855879, 0.0488888733089, 0.0741525888443, 0.0645211935043, 0.0436591058969, 0.055733744055, 0.0430568195879, 0.0511976778507, 0.100763492286, 0.0779141038656, 0.0430696867406, 0.0566459856927, 0.057056568563, 0.0569412782788, 0.128897443414, 0.091236948967, 0.0403787940741], "median": [0.0384008660913, 0.0386185273528, 0.0605935975909, 0.0922490805387, 0.0751136988401, 0.0599833764136, 0.0633990317583, 0.0641360133886, 0.0576041862369, 0.0482595674694, 0.0391307547688, 0.0500453412533, 0.0781494230032, 0.0769451260567, 0.0625191777945, 0.0450450181961, 0.045599617064, 0.0812456309795, 0.140998750925, 0.139303416014, 0.0972271710634, 0.064497679472, 0.0445101559162, 0.0448557771742, 0.0521704852581, 0.0568606704473, 0.0886038690805, 0.129439890385, 0.113445490599, 0.0597969815135, 0.0395236685872, 0.0439657717943, 0.1166921556, 0.171337336302, 0.15740121901, 0.0664237737656]}}, "lowlevel": {"melbands_flatness_db": {"dmean": 0.027088727802, "dmean2": 0.0404747053981, "max": 0.496411383152, "dvar": 0.000878186547197, "mean": 0.25173419714, "dvar2": 0.00180750351865, "min": 0.00477363867685, "var": 0.00536947837099, "median": 0.241530478001}, "melbands_crest": {"dmean": 2.94442987442, "dmean2": 4.94060277939, "max": 31.3599700928, "dvar": 6.44935941696, "mean": 12.0544118881, "dvar2": 17.2233943939, "min": 2.18319773674, "var": 21.4794483185, "median": 11.0754423141}, "spectral_entropy": {"dmean": 0.179225966334, "dmean2": 0.262443423271, "max": 9.80466270447, "dvar": 0.0430836714804, "mean": 7.1595492363, "dvar2": 0.0848892629147, "min": 5.54825592041, "var": 0.250077843666, "median": 7.23641014099}, "melbands": {"dmean": [0.00040424321196, 0.000483634124976, 0.000453283457318, 0.000381303718314, 0.000219803827349, 0.000193218394998, 0.000154793742695, 0.000195446991711, 0.000231221987633, 0.000131870823679, 0.000107208492409, 0.00010166370339, 9.3741400633e-05, 5.81072999921e-05, 3.57335848093e-05, 4.07250554417e-05, 2.96248272207e-05, 2.17097694986e-05, 1.48596282088e-05, 1.24973503262e-05, 7.82617007644e-06, 4.74603166367e-06, 3.7623578919e-06, 4.50130301033e-06, 4.71420344184e-06, 2.99462885778e-06, 1.70265298038e-06, 1.39250118991e-06, 1.34542847263e-06, 1.03442494037e-06, 6.16051693214e-07, 5.01685974541e-07, 4.62077565544e-07, 3.59729483534e-07, 2.89420114541e-07, 1.68523868638e-07, 1.04452347216e-07, 1.0852929222e-07, 7.84587257385e-08, 5.39336433292e-08], "dmean2": [0.000648538058158, 0.000818337604869, 0.00077098433394, 0.000642133934889, 0.000368943292415, 0.00031395512633, 0.000250383338425, 0.000314448436256, 0.000362655206118, 0.000210540732951, 0.000174120053998, 0.000166513375007, 0.000151061860379, 9.35937132454e-05, 5.76826932956e-05, 6.26588443993e-05, 4.6888289944e-05, 3.50451373379e-05, 2.43114573095e-05, 2.01362217922e-05, 1.24973194033e-05, 7.50735671318e-06, 6.09294374954e-06, 7.34489549359e-06, 7.46126579543e-06, 4.78132733406e-06, 2.70288001047e-06, 2.26447286877e-06, 2.16214243665e-06, 1.64190782925e-06, 9.92272248368e-07, 8.15232169771e-07, 7.21212643384e-07, 5.6479535715e-07, 4.33713893244e-07, 2.57911977997e-07, 1.66120713629e-07, 1.69196624711e-07, 1.25125865225e-07, 8.63308997623e-08], "max": [0.0164325851947, 0.0153743270785, 0.014036776498, 0.0155927147716, 0.00801121722907, 0.0121075464413, 0.00822723843157, 0.0132849104702, 0.00990787986666, 0.0084850685671, 0.00905207544565, 0.0107312137261, 0.0170243922621, 0.00565054733306, 0.00382173038088, 0.01040008571, 0.00424323277548, 0.00582930305973, 0.00057107815519, 0.000556948245503, 0.000315872224746, 0.00022576302581, 0.00015186710516, 0.000162593831192, 0.000402742502047, 0.00035005249083, 0.00014663458569, 7.56585286581e-05, 0.000198848370928, 0.000276934617432, 0.000170152852661, 6.79585282342e-05, 0.000135055714054, 0.000146274876897, 0.000100427692814, 4.1447012336e-05, 2.15693526116e-05, 3.44509098795e-05, 1.95769462152e-05, 1.36564549393e-05], "dvar": [7.48552906771e-07, 9.54316305979e-07, 7.25871245777e-07, 4.33691639046e-07, 1.58428065333e-07, 1.12270527097e-07, 1.02439315697e-07, 2.17789605017e-07, 2.03141425459e-07, 7.86606833003e-08, 5.74506415774e-08, 8.4666623934e-08, 1.4468361087e-07, 4.02636644026e-08, 1.03914343796e-08, 3.49704407654e-08, 9.47130107676e-09, 5.61423085799e-09, 8.79600947634e-10, 7.8001177739e-10, 2.58092852645e-10, 9.77316630402e-11, 5.92199900229e-11, 9.47837155985e-11, 1.93929747261e-10, 1.12436254751e-10, 2.05152145272e-11, 9.20604044385e-12, 1.83667941966e-11, 1.85426812793e-11, 7.3705755041e-12, 3.20956000492e-12, 4.97882854736e-12, 6.56039545605e-12, 3.05497988018e-12, 6.67161096334e-13, 1.393317021e-13, 2.3380730403e-13, 1.67292435872e-13, 9.09331746186e-14], "mean": [0.000654579489492, 0.000801108777523, 0.00077218178194, 0.000710485852323, 0.000403285055654, 0.000385807477869, 0.000317063211696, 0.000383254257031, 0.000450263993116, 0.000258485262748, 0.000195884262212, 0.000181793744559, 0.000174794098712, 9.68260210357e-05, 5.911770495e-05, 7.4027433584e-05, 5.35083272553e-05, 3.67811444448e-05, 2.34817653109e-05, 1.71762185346e-05, 1.17634826893e-05, 7.80880327511e-06, 6.04477645538e-06, 7.1349022619e-06, 7.13951658327e-06, 4.94629557579e-06, 3.30176499119e-06, 2.47914749707e-06, 2.15672434933e-06, 1.64331220276e-06, 9.7183226444e-07, 7.79776542004e-07, 6.42851716748e-07, 4.96283178109e-07, 4.37477837067e-07, 2.62892655201e-07, 1.63625585969e-07, 1.60177904718e-07, 1.00469719655e-07, 6.19078264208e-08], "dvar2": [1.89782974758e-06, 2.61084664999e-06, 1.991236104e-06, 1.19151911804e-06, 4.47300180895e-07, 2.87737975668e-07, 2.57901092482e-07, 5.06395679167e-07, 4.96841664699e-07, 1.91285593587e-07, 1.4534251136e-07, 2.07887680403e-07, 3.916163962e-07, 9.89153861042e-08, 2.50510527877e-08, 5.95890945476e-08, 1.94645153329e-08, 1.17392628951e-08, 2.29623053905e-09, 1.99116167998e-09, 6.41097119836e-10, 2.36719588376e-10, 1.50138762534e-10, 2.46893283595e-10, 4.56771648283e-10, 2.60241800332e-10, 5.06136244027e-11, 2.41111193511e-11, 4.39279029818e-11, 4.43051394183e-11, 1.85815512282e-11, 7.93966455082e-12, 1.17883021053e-11, 1.66283341263e-11, 6.27550485535e-12, 1.32716136258e-12, 3.58393897242e-13, 5.40993085833e-13, 4.36525056553e-13, 2.34842608684e-13], "min": [4.25881587484e-24, 3.22145944574e-24, 4.45878225355e-24, 2.50477319967e-24, 5.49943809339e-24, 9.56538260449e-24, 5.48076733348e-24, 6.12871559293e-24, 9.26005635771e-24, 7.17620691251e-24, 6.77297356105e-24, 7.01452119251e-24, 5.3298101218e-24, 5.47701038342e-24, 6.26061116413e-24, 8.59789361362e-24, 1.48720207261e-23, 7.18711685883e-24, 3.47281340711e-24, 1.16458525696e-23, 1.16309825415e-23, 1.00022324746e-23, 9.14987299964e-24, 9.31901424405e-24, 6.8025053579e-24, 8.20151073027e-24, 1.02884982642e-23, 7.26319933769e-24, 8.08707304533e-24, 9.41345272731e-24, 9.01696650318e-24, 5.50312010166e-24, 1.00569841545e-23, 9.20495757893e-24, 1.03272021467e-23, 7.50192363597e-24, 1.08641663543e-23, 1.12476316403e-23, 1.09395798791e-23, 8.48795480242e-24], "var": [1.37220774832e-06, 1.98643397198e-06, 1.43010004194e-06, 9.52048878844e-07, 3.07152021151e-07, 3.91618698359e-07, 3.17092258229e-07, 6.21217736807e-07, 5.40028850082e-07, 1.97526190959e-07, 1.23935933516e-07, 2.21027178782e-07, 3.04641162074e-07, 8.78068533439e-08, 1.99439522675e-08, 1.41532495945e-07, 3.03801073187e-08, 1.0470382783e-08, 1.47321665978e-09, 1.04690489611e-09, 4.34504543456e-10, 1.87243415217e-10, 9.91347975932e-11, 1.47063403122e-10, 3.01245278722e-10, 2.0083466834e-10, 5.44554644433e-11, 1.82368807555e-11, 2.59664147823e-11, 2.51190908351e-11, 9.50726216503e-12, 5.7674733045e-12, 7.32304147877e-12, 1.1054353613e-11, 8.52781820854e-12, 1.63681318933e-12, 5.42615757014e-13, 7.41745586393e-13, 2.22254303178e-13, 8.46137125209e-14], "median": [0.000172344211023, 0.000196810855414, 0.000361556041753, 0.000368224165868, 0.000207459524972, 0.000163502874784, 0.000119050637295, 0.000131914624944, 0.000156253445311, 9.81487100944e-05, 7.02446923242e-05, 5.38110616617e-05, 4.55829722341e-05, 2.47866501013e-05, 1.88991107279e-05, 1.65747551364e-05, 1.35580303322e-05, 1.21390276036e-05, 8.48304171086e-06, 4.88727619086e-06, 3.51368771589e-06, 2.67613631877e-06, 2.33435957853e-06, 2.13503653868e-06, 1.80087522494e-06, 1.30971625367e-06, 8.88443651093e-07, 6.89467015036e-07, 6.13961731233e-07, 4.09404691482e-07, 2.23677972144e-07, 1.48794299548e-07, 1.13103169497e-07, 6.53819824947e-08, 4.59240325767e-08, 3.21699502592e-08, 1.79793619992e-08, 1.48473571215e-08, 1.01911314943e-08, 6.39638653155e-09]}, "silence_rate_60dB": {"dmean": 0.0286750439554, "dmean2": 0.057354927063, "max": 1, "dvar": 0.0278542786837, "mean": 0.184348121285, "dvar2": 0.0618299618363, "min": 0, "var": 0.150325983763, "median": 0}, "spectral_energyband_middle_high": {"dmean": 0.00196339003742, "dmean2": 0.00301177497022, "max": 0.122659780085, "dvar": 1.64307311934e-05, "mean": 0.00527703622356, "dvar2": 3.96029026888e-05, "min": 1.4513600764e-21, "var": 6.72120731906e-05, "median": 0.00257113785483}, "erbbands_skewness": {"dmean": 0.351865828037, "dmean2": 0.559828400612, "max": 4.757127285, "dvar": 0.102581687272, "mean": 0.344931960106, "dvar2": 0.25508967042, "min": -2.7375638485, "var": 0.43335133791, "median": 0.376623541117}, "dynamic_complexity": 5.52059793472, "dissonance": {"dmean": 0.0247410070151, "dmean2": 0.041966676712, "max": 0.500000238419, "dvar": 0.000612512405496, "mean": 0.455951660872, "dvar2": 0.00172662257683, "min": 0.194906771183, "var": 0.00132094125729, "median": 0.465617448092}, "spectral_skewness": {"dmean": 0.470639467239, "dmean2": 0.768484592438, "max": 9.00601673126, "dvar": 0.348359167576, "mean": 2.39902377129, "dvar2": 0.851820409298, "min": -0.0144331902266, "var": 1.77754318714, "median": 2.02043366432}, "spectral_kurtosis": {"dmean": 5.84933757782, "dmean2": 9.88707351685, "max": 135.096328735, "dvar": 90.9081344604, "mean": 13.954334259, "dvar2": 233.496231079, "min": -1.24162828922, "var": 303.160949707, "median": 7.56700801849}, "gfcc": {"cov": [[13296.2587891, -708.74621582, -1854.5637207, 1346.49450684, -549.776977539, 165.634017944, 84.1526489258, 208.51260376, 85.4353866577, 93.3399353027, 334.998016357, 3.54418802261, 176.633377075], [-708.74621582, 1370.00671387, -31.8935546875, -658.156616211, 119.996253967, -290.498809814, 127.369873047, -193.542755127, 0.294143021107, -154.038925171, 23.3505706787, -75.5878143311, 40.6444625854], [-1854.5637207, -31.8935546875, 692.553955078, -60.0762329102, 136.568450928, 163.035552979, 2.4002635479, 83.9596405029, 40.5522232056, 52.1912307739, -57.8984336853, 48.6824645996, -47.4606018066], [1346.49450684, -658.156616211, -60.0762329102, 1080.94152832, 21.1561489105, 205.715637207, 32.812538147, 134.4037323, 64.0151519775, 92.4182891846, 49.7745170593, 32.7857666016, -10.0341281891], [-549.776977539, 119.996253967, 136.568450928, 21.1561489105, 317.855773926, 64.4474945068, 23.2117977142, 35.7949447632, 27.4393844604, 17.824016571, -20.8033351898, 1.97132122517, -10.6713171005], [165.634017944, -290.498809814, 163.035552979, 205.715637207, 64.4474945068, 343.813201904, 28.3421630859, 96.4559936523, 58.1981697083, 83.2660827637, -5.274061203, 43.9698219299, -17.5155410767], [84.1526489258, 127.369873047, 2.4002635479, 32.812538147, 23.2117977142, 28.3421630859, 218.024093628, 31.7395133972, 67.6105728149, 15.6623935699, 70.9801254272, 19.6223678589, 27.65143013], [208.51260376, -193.542755127, 83.9596405029, 134.4037323, 35.7949447632, 96.4559936523, 31.7395133972, 164.964950562, 45.2443504333, 40.8645820618, 2.38586306572, 30.0253429413, -0.0808271095157], [85.4353866577, 0.294143021107, 40.5522232056, 64.0151519775, 27.4393844604, 58.1981697083, 67.6105728149, 45.2443504333, 124.56854248, 46.036857605, 36.1826171875, 13.94302845, 7.22670221329], [93.3399353027, -154.038925171, 52.1912307739, 92.4182891846, 17.824016571, 83.2660827637, 15.6623935699, 40.8645820618, 46.036857605, 100.138114929, 29.9137058258, 21.7139987946, -6.08796024323], [334.998016357, 23.3505706787, -57.8984336853, 49.7745170593, -20.8033351898, -5.274061203, 70.9801254272, 2.38586306572, 36.1826171875, 29.9137058258, 109.603675842, 22.6481399536, 18.1041603088], [3.54418802261, -75.5878143311, 48.6824645996, 32.7857666016, 1.97132122517, 43.9698219299, 19.6223678589, 30.0253429413, 13.94302845, 21.7139987946, 22.6481399536, 82.2703399658, 23.1342201233], [176.633377075, 40.6444625854, -47.4606018066, -10.0341281891, -10.6713171005, -17.5155410767, 27.65143013, -0.0808271095157, 7.22670221329, -6.08796024323, 18.1041603088, 23.1342201233, 69.5014038086]], "mean": [-76.6991043091, 147.809677124, -130.858383179, 9.156042099, -55.6234283447, 1.91263639927, -28.1367950439, -0.7921423316, -20.3089084625, -4.06283664703, -14.9048099518, -8.63439083099, -8.27575874329], "icov": [[0.000184636941412, -0.000138450879604, 0.000523602124304, -0.000172806074261, 0.000233589918935, -0.000276646314887, 0.00018567974621, -0.000421957403887, 3.9807648136e-05, -0.00012681739463, -0.000217587090447, -3.42076918969e-06, -0.000121320634207], [-0.000138450879604, 0.00205313228071, -0.000626670371275, 0.000941853330005, -0.00118302751798, 0.000870963442139, -0.00118789670523, 0.00167930254247, -0.000992552377284, 0.00210702070035, -0.000598754559178, 0.00104805827141, -0.00053346977802], [0.000523602124304, -0.000626670371275, 0.00365110696293, -0.000236748921452, 0.000214057363337, -0.00136530713644, 0.00042352307355, -0.00179453799501, -0.000114809554361, -0.0011207065545, 0.000782659917604, -0.00164329458494, 0.00126991898287], [-0.000172806074261, 0.000941853330005, -0.000236748921452, 0.00169644481502, -0.00067264813697, -4.2989202484e-05, -0.000484534539282, 0.000236716266954, -0.000455517176306, 0.000578486418817, -0.000508331577294, 0.000430864514783, 0.000137599708978], [0.000233589918935, -0.00118302751798, 0.000214057363337, -0.00067264813697, 0.0043993294239, -0.00094451190671, 0.000309878611006, -0.00142986606807, 0.000173154767253, -0.00130868609995, 0.000870101212058, -6.61957965349e-05, 0.00012248402345], [-0.000276646314887, 0.000870963442139, -0.00136530713644, -4.2989202484e-05, -0.00094451190671, 0.00544154737145, -0.00115235266276, 0.000193216998014, -0.000898724538274, -0.00168515159748, 0.00163531315047, -0.00113261921797, 0.000837101368234], [0.00018567974621, -0.00118789670523, 0.00042352307355, -0.000484534539282, 0.000309878611006, -0.00115235266276, 0.00781096844003, -0.00191249710042, -0.00208445219323, 0.000792613136582, -0.00415926333517, 9.83900099527e-06, -0.00154431234114], [-0.000421957403887, 0.00167930254247, -0.00179453799501, 0.000236716266954, -0.00142986606807, 0.000193216998014, -0.00191249710042, 0.0104985050857, -0.00234001525678, 0.000646176282316, 0.00147251901217, -0.00102749851067, -0.000240332665271], [3.9807648136e-05, -0.000992552377284, -0.000114809554361, -0.000455517176306, 0.000173154767253, -0.000898724538274, -0.00208445219323, -0.00234001525678, 0.0127332508564, -0.00476543419063, -0.00133057497442, 0.000828542048112, -0.000708821287844], [-0.00012681739463, 0.00210702070035, -0.0011207065545, 0.000578486418817, -0.00130868609995, -0.00168515159748, 0.000792613136582, 0.000646176282316, -0.00476543419063, 0.0185082424432, -0.00541815627366, 1.67596408573e-05, 0.000990620465018], [-0.000217587090447, -0.000598754559178, 0.000782659917604, -0.000508331577294, 0.000870101212058, 0.00163531315047, -0.00415926333517, 0.00147251901217, -0.00133057497442, -0.00541815627366, 0.0161760207266, -0.00415106164292, 0.000398259871872], [-3.42076918969e-06, 0.00104805827141, -0.00164329458494, 0.000430864514783, -6.61957965349e-05, -0.00113261921797, 9.83900099527e-06, -0.00102749851067, 0.000828542048112, 1.67596408573e-05, -0.00415106164292, 0.0178382061422, -0.00690588913858], [-0.000121320634207, -0.00053346977802, 0.00126991898287, 0.000137599708978, 0.00012248402345, 0.000837101368234, -0.00154431234114, -0.000240332665271, -0.000708821287844, 0.000990620465018, 0.000398259871872, -0.00690588913858, 0.0190948881209]]}, "spectral_complexity": {"dmean": 3.11141109467, "dmean2": 4.63663959503, "max": 52, "dvar": 12.3147850037, "mean": 16.3096637726, "dvar2": 23.9581413269, "min": 0, "var": 87.5490264893, "median": 16}, "spectral_flux": {"dmean": 0.016200421378, "dmean2": 0.0252100322396, "max": 0.348357528448, "dvar": 0.000363445782568, "mean": 0.0668937638402, "dvar2": 0.000785777869169, "min": 1.00260820479e-10, "var": 0.00171644950751, "median": 0.0620551481843}, "spectral_energyband_low": {"dmean": 0.00236407131888, "dmean2": 0.00388219160959, "max": 0.0690852031112, "dvar": 1.89263519133e-05, "mean": 0.00455908803269, "dvar2": 4.9697518989e-05, "min": 3.38566731182e-23, "var": 4.30705331382e-05, "median": 0.00161881872918}, "spectral_decrease": {"dmean": 1.5348388116e-09, "dmean2": 2.39509168054e-09, "max": -5.17007994249e-30, "dvar": 4.406095406e-18, "mean": -5.52442624979e-09, "dvar2": 1.03298447245e-17, "min": -4.46128574083e-08, "var": 2.77605883301e-17, "median": -4.17844780998e-09}, "barkbands_spread": {"dmean": 3.38537549973, "dmean2": 5.27911520004, "max": 89.2965698242, "dvar": 17.890378952, "mean": 13.4030046463, "dvar2": 42.5544013977, "min": 0.932525038719, "var": 75.4639511108, "median": 11.5851593018}, "spectral_rms": {"dmean": 0.000596034806222, "dmean2": 0.000913995492738, "max": 0.0133729344234, "dvar": 4.26146840482e-07, "mean": 0.00406007422134, "dvar2": 9.56133249019e-07, "min": 3.13162191491e-12, "var": 5.07930008098e-06, "median": 0.00404386036098}, "spectral_centroid": {"dmean": 168.268798828, "dmean2": 261.8046875, "max": 10935.3798828, "dvar": 64196.953125, "mean": 901.581481934, "dvar2": 120486.3125, "min": 162.831634521, "var": 237141.015625, "median": 790.631713867}, "barkbands_skewness": {"dmean": 0.43757596612, "dmean2": 0.708887994289, "max": 8.17141532898, "dvar": 0.190712124109, "mean": 1.16947424412, "dvar2": 0.479822397232, "min": -1.87858593464, "var": 0.881689369678, "median": 1.06609082222}, "spectral_rolloff": {"dmean": 245.068130493, "dmean2": 414.82131958, "max": 18970.7519531, "dvar": 217999.140625, "mean": 988.843933105, "dvar2": 462856.71875, "min": 64.599609375, "var": 533777.9375, "median": 861.328125}, "erbbands_spread": {"dmean": 5.32923603058, "dmean2": 8.30112552643, "max": 139.692764282, "dvar": 33.4316368103, "mean": 23.7701759338, "dvar2": 80.3131484985, "min": 2.48641371727, "var": 173.745040894, "median": 21.2087650299}, "barkbands": {"dmean": [9.4586663181e-05, 0.00155835703481, 0.000859600142576, 0.00104885268956, 0.00154055492021, 0.00108833226841, 0.000832043588161, 0.00117354257964, 0.0010940352222, 0.000607862544712, 0.000735059729777, 0.000492617371492, 0.000403874728363, 0.000285079178866, 0.00019765572506, 0.00015606150555, 7.46945370338e-05, 8.83564352989e-05, 8.85449553607e-05, 4.45109217253e-05, 3.78468139388e-05, 2.37413332798e-05, 1.56872702064e-05, 8.33637204778e-06, 4.67506379209e-06, 1.47844855292e-06, 2.10734299344e-07], "dmean2": [0.000153779386892, 0.00253768544644, 0.00149370369036, 0.00177596148569, 0.00258649932221, 0.00179925223347, 0.00135416584089, 0.00185513019096, 0.00174323422834, 0.00099892122671, 0.00118350412231, 0.000794254709035, 0.000629221613053, 0.000458143127616, 0.000321831088513, 0.000249952980084, 0.000116998344311, 0.00014333082072, 0.000138506351504, 7.08343941369e-05, 5.93342374486e-05, 3.70948255295e-05, 2.34242652368e-05, 1.29323816509e-05, 7.41096209822e-06, 2.43058275373e-06, 3.63351119859e-07], "max": [0.00376334832981, 0.0582875013351, 0.0310809314251, 0.0415331497788, 0.061956718564, 0.0508875995874, 0.0420760586858, 0.0773935988545, 0.0544767305255, 0.0507744401693, 0.110708199441, 0.0505259409547, 0.091140255332, 0.0730717107654, 0.008121506311, 0.00556231755763, 0.00304739619605, 0.00331103242934, 0.00998773798347, 0.00365732982755, 0.00891305785626, 0.00504570594057, 0.00411914475262, 0.00161293207202, 0.000745892932173, 0.000160800103913, 2.79205560219e-05], "dvar": [5.70576652592e-08, 1.04667742562e-05, 3.37813412443e-06, 4.59298053102e-06, 6.61322746964e-06, 3.7187644466e-06, 3.22425671584e-06, 7.85136489867e-06, 4.76592731502e-06, 2.06932577385e-06, 7.55733663027e-06, 2.54072028838e-06, 2.96297912428e-06, 9.58178247856e-07, 1.57703055947e-07, 1.11603178254e-07, 2.29834107301e-08, 3.56133824653e-08, 8.45835401719e-08, 1.06503970088e-08, 2.16507149986e-08, 9.26179932748e-09, 7.31081017946e-09, 1.06859487925e-09, 4.14237089075e-10, 3.63742300169e-11, 8.2129415031e-13], "mean": [0.000121612414659, 0.00250979536213, 0.00126007432118, 0.00154859060422, 0.00299456878565, 0.00206162245013, 0.00164002273232, 0.00223596650176, 0.00215655332431, 0.00103703024797, 0.00132503081113, 0.000809219258372, 0.000722687458619, 0.000485379598103, 0.000328534137225, 0.000218390137888, 0.000124677157146, 0.000142763543408, 0.000148609222379, 8.58664207044e-05, 6.39546487946e-05, 3.67592656403e-05, 2.41390462179e-05, 1.33893290695e-05, 5.55802125746e-06, 1.57350916652e-06, 2.33674811057e-07], "dvar2": [1.51416870153e-07, 2.7360920285e-05, 9.39239362197e-06, 1.23984837046e-05, 1.80995575647e-05, 1.01604700831e-05, 8.25848110253e-06, 1.80225706572e-05, 1.18834514069e-05, 5.16873114975e-06, 1.99434725801e-05, 5.95054189034e-06, 5.16062300449e-06, 1.97497661247e-06, 4.08324154932e-07, 2.80518349882e-07, 5.52688170785e-08, 9.25001231167e-08, 1.90466209915e-07, 2.73306053344e-08, 5.05929946826e-08, 2.20214619873e-08, 1.4897294065e-08, 2.53716869736e-09, 1.0522328564e-09, 1.00161247352e-10, 2.24079435562e-12], "min": [4.18910952201e-23, 1.5617156649e-23, 7.12506269344e-24, 9.75690935481e-24, 1.26725708149e-23, 4.68188915694e-23, 1.85759971997e-23, 4.1104077094e-23, 5.25031077081e-23, 5.32186771243e-23, 3.60947661696e-23, 6.26699375882e-23, 8.55342189563e-23, 1.54866143687e-22, 5.11703240533e-23, 1.78592504874e-22, 1.78319887167e-22, 1.82560550958e-22, 2.25240917291e-22, 2.31884464021e-22, 4.02440962761e-22, 3.86163619464e-22, 5.41144545568e-22, 9.13417927457e-22, 1.00525779562e-21, 1.54718337659e-21, 2.07679343782e-21], "var": [6.4797518462e-08, 1.88519425137e-05, 6.20152150077e-06, 9.27569544729e-06, 1.54112585733e-05, 1.00721008494e-05, 8.21357298264e-06, 2.14072988456e-05, 1.24529915411e-05, 4.22564153268e-06, 1.71683332155e-05, 5.61981687497e-06, 1.18470816233e-05, 1.89062029676e-06, 2.9249898148e-07, 1.58967736752e-07, 4.49477646214e-08, 5.79515742061e-08, 1.51429233597e-07, 2.28920473688e-08, 3.18242427966e-08, 1.50612500249e-08, 2.07021919607e-08, 3.72465458476e-09, 4.46149339695e-10, 3.18698643864e-11, 8.35850811308e-13], "median": [2.03047311516e-05, 0.000684785656631, 0.000305936962832, 0.00052339292597, 0.00165086355992, 0.000882919935975, 0.0006150159752, 0.000683192280121, 0.000807652540971, 0.000349839043338, 0.000342328363331, 0.000205935546546, 0.000172093656147, 0.000138953328133, 0.00012415945821, 5.82775974181e-05, 4.30639265687e-05, 4.36275367974e-05, 4.19347270508e-05, 2.53791804425e-05, 1.70891489688e-05, 7.1936774475e-06, 2.98414624922e-06, 1.43916076922e-06, 6.02840714237e-07, 1.71999346321e-07, 1.15187237526e-08]}, "melbands_kurtosis": {"dmean": 3.57337737083, "dmean2": 5.8662443161, "max": 242.824859619, "dvar": 50.2277565002, "mean": 6.37645530701, "dvar2": 134.304458618, "min": -1.64153337479, "var": 141.202224731, "median": 3.16552972794}, "erbbands_crest": {"dmean": 2.51178503036, "dmean2": 4.15782403946, "max": 29.2417354584, "dvar": 5.16719532013, "mean": 8.77245998383, "dvar2": 13.4492263794, "min": 2.40253829956, "var": 12.8147335052, "median": 8.01878929138}, "melbands_skewness": {"dmean": 0.544371604919, "dmean2": 0.87840205431, "max": 12.6900777817, "dvar": 0.336469888687, "mean": 1.72773718834, "dvar2": 0.86018872261, "min": -1.35102260113, "var": 1.74105978012, "median": 1.49519574642}, "spectral_energyband_middle_low": {"dmean": 0.0041162581183, "dmean2": 0.00663584610447, "max": 0.0985978916287, "dvar": 3.49381989508e-05, "mean": 0.0128771467134, "dvar2": 8.80270745256e-05, "min": 2.6721707696e-22, "var": 0.00016882813361, "median": 0.00960516557097}, "spectral_contrast_coeffs": {"dmean": [0.0506725944579, 0.0442332737148, 0.036481179297, 0.0284755565226, 0.0203144177794, 0.0197767633945], "dmean2": [0.0848782733083, 0.0747192874551, 0.0605627037585, 0.0472547262907, 0.0330902449787, 0.0310209114105], "max": [-0.296008467674, -0.47459602356, -0.460242599249, -0.494217962027, -0.611617803574, -0.529891729355], "dvar": [0.00180800468661, 0.00120429962408, 0.000853073783219, 0.000557227467652, 0.00031291943742, 0.00039756851038], "mean": [-0.624983966351, -0.756108820438, -0.778683662415, -0.800493359566, -0.809886574745, -0.764413893223], "dvar2": [0.0049096820876, 0.00338924280368, 0.00229373946786, 0.0014672203688, 0.000776456785388, 0.000926056236494], "min": [-0.96131592989, -0.967500030994, -0.961183428764, -0.968814194202, -0.962525606155, -0.960720360279], "var": [0.0101304678246, 0.00510452827439, 0.00532763823867, 0.00304092955776, 0.0021095611155, 0.00346810021438], "median": [-0.636193037033, -0.762230992317, -0.789981722832, -0.807061314583, -0.812249600887, -0.761109471321]}, "spectral_contrast_valleys": {"dmean": [0.411287844181, 0.326931089163, 0.313181579113, 0.338389307261, 0.334246873856, 0.370559096336], "dmean2": [0.668188393116, 0.539134263992, 0.495992690325, 0.500775635242, 0.447218537331, 0.481068134308], "max": [-5.28942203522, -4.59787273407, -4.90088701248, -5.61392307281, -5.86732769012, -8.34936714172], "dvar": [0.147272408009, 0.115022733808, 0.114665791392, 0.167165800929, 0.18939088285, 0.231828123331], "mean": [-7.72450304031, -6.53129959106, -7.16506719589, -7.8381485939, -8.41610717773, -11.6734628677], "dvar2": [0.311274975538, 0.224833711982, 0.209825113416, 0.291494399309, 0.306494683027, 0.423206329346], "min": [-27.8411006927, -27.1724128723, -27.3943157196, -27.0691413879, -27.3138179779, -27.2340335846], "var": [1.47047924995, 1.23104095459, 1.26804733276, 1.42863464355, 2.00962615013, 1.69182598591], "median": [-7.46484088898, -6.28073883057, -6.93764877319, -7.62944412231, -8.02123451233, -11.521692276]}, "silence_rate_20dB": {"dmean": 0, "dmean2": 0, "max": 1, "dvar": 0, "mean": 1, "dvar2": 0, "min": 1, "var": 0, "median": 1}, "silence_rate_30dB": {"dmean": 0.00387956481427, "dmean2": 0.00775978388265, "max": 1, "dvar": 0.00386467273347, "mean": 0.994181156158, "dvar2": 0.0092183612287, "min": 0, "var": 0.00578502984717, "median": 1}, "spectral_strongpeak": {"dmean": 0.456225186586, "dmean2": 0.776725172997, "max": 17.4509468079, "dvar": 0.667444586754, "mean": 0.885464549065, "dvar2": 1.67635393143, "min": 0, "var": 1.79942369461, "median": 0.424439549446}, "spectral_spread": {"dmean": 392817.90625, "dmean2": 602074.9375, "max": 41853308, "dvar": 433593843712, "mean": 2816623.25, "dvar2": 749171834880, "min": 593708, "var": 1362024857600.0, "median": 2790085}, "barkbands_flatness_db": {"dmean": 0.0227172989398, "dmean2": 0.0337172374129, "max": 0.373242050409, "dvar": 0.000563814479392, "mean": 0.17686727643, "dvar2": 0.00115079875104, "min": 0.0336598306894, "var": 0.00341554475017, "median": 0.169292747974}, "pitch_salience": {"dmean": 0.0673947259784, "dmean2": 0.112128905952, "max": 0.936273276806, "dvar": 0.00330556044355, "mean": 0.617916762829, "dvar2": 0.00900273676962, "min": 0.143310695887, "var": 0.0110470354557, "median": 0.629404187202}, "erbbands_kurtosis": {"dmean": 0.971170663834, "dmean2": 1.56734132767, "max": 28.8122749329, "dvar": 1.58435547352, "mean": 0.898760437965, "dvar2": 3.8765847683, "min": -1.81324100494, "var": 4.49232435226, "median": 0.360279083252}, "average_loudness": 0.500258922577, "barkbands_crest": {"dmean": 2.3712439537, "dmean2": 3.96738958359, "max": 23.6821155548, "dvar": 4.35410499573, "mean": 9.03332424164, "dvar2": 11.6820173264, "min": 2.38678359985, "var": 12.3090925217, "median": 8.28396320343}, "hfc": {"dmean": 3.89033341408, "dmean2": 5.76775121689, "max": 164.571075439, "dvar": 39.9624938965, "mean": 13.8048591614, "dvar2": 86.0287780762, "min": 1.09055392697e-16, "var": 238.706192017, "median": 9.24500083923}, "barkbands_kurtosis": {"dmean": 1.8690495491, "dmean2": 3.06695413589, "max": 75.8563842773, "dvar": 9.41189098358, "mean": 2.75996136665, "dvar2": 24.0430259705, "min": -1.81009817123, "var": 24.4536762238, "median": 1.40713882446}, "erbbands": {"dmean": [0.043123986572, 0.372592002153, 0.968530416489, 2.13581418991, 5.53579759598, 4.50048065186, 7.31681776047, 8.09000873566, 10.2324972153, 16.1237926483, 27.7480125427, 19.860200882, 20.7204322815, 25.162727356, 26.0611896515, 15.9363536835, 14.4150276184, 15.7428760529, 11.7317714691, 9.56854724884, 7.26148700714, 4.10672283173, 4.67748260498, 5.32366514206, 3.09208202362, 2.05948138237, 1.88953435421, 1.22603166103, 0.837985575199, 0.694714665413, 0.445282548666, 0.194523200393, 0.144429132342, 0.067796446383, 0.0275385063142, 0.00872234627604, 0.00238007493317, 0.00041020027129, 4.21676595579e-05, 7.47563308323e-06], "dmean2": [0.0679254755378, 0.618567883968, 1.66283285618, 3.63583374023, 9.49412345886, 7.50918054581, 12.3281946182, 13.1319522858, 16.4308433533, 26.2478694916, 43.8068504333, 31.5402755737, 33.6201095581, 41.158996582, 41.5542564392, 25.9145183563, 22.4750442505, 24.6372413635, 18.7943286896, 15.333234787, 11.5208082199, 6.39845657349, 7.59439754486, 8.34840297699, 4.8865647316, 3.28663825989, 3.00208926201, 1.93359196186, 1.3263771534, 1.07774996758, 0.660760462284, 0.299059391022, 0.22491723299, 0.107153303921, 0.0444668903947, 0.0142555348575, 0.00393762905151, 0.000685436942149, 7.17453294783e-05, 1.15232978715e-05], "max": [1.78900337219, 12.3030595779, 36.7047080994, 74.3728485107, 283.761413574, 113.925254822, 311.193908691, 604.97845459, 645.450805664, 1098.02514648, 1498.31994629, 1456.14257812, 1801.15380859, 2792.5612793, 3776.38916016, 2097.10620117, 2327.05566406, 2410.94116211, 2371.07861328, 390.981262207, 257.3800354, 181.255981445, 175.897415161, 414.59463501, 356.584106445, 102.462242126, 291.399902344, 407.8543396, 127.149620056, 301.065826416, 157.894088745, 32.386844635, 33.7895736694, 13.2862024307, 3.35231685638, 0.886626660824, 0.317385077477, 0.0487783923745, 0.00495474785566, 0.000219991998165], "dvar": [0.00940184015781, 0.598552107811, 4.13531351089, 17.494310379, 110.531845093, 52.5716972351, 196.583297729, 206.970672607, 490.807800293, 1430.14099121, 3207.9777832, 1652.32299805, 2156.78051758, 5662.11474609, 9614.38769531, 2125.83764648, 2084.02832031, 2979.69067383, 1140.01794434, 402.63482666, 227.315597534, 66.6803436279, 96.5920028687, 224.88192749, 106.07244873, 20.1152305603, 37.1596031189, 35.8526420593, 9.23027038574, 19.8773880005, 6.48835277557, 0.52749145031, 0.457127153873, 0.115689121187, 0.0123879360035, 0.00117582362145, 0.000103175778349, 2.97256087833e-06, 3.00250455609e-08, 1.0993295857e-10], "mean": [0.0709816291928, 0.55905610323, 1.57091963291, 3.35918712616, 9.7671585083, 8.18722724915, 12.8509778976, 15.9873924255, 21.0551681519, 31.6133384705, 54.4786224365, 39.9993553162, 39.3592605591, 46.7116928101, 48.3870849609, 28.5600566864, 27.974697113, 30.2072410583, 21.2680225372, 15.0241823196, 11.2018585205, 7.28695106506, 7.72695922852, 8.61424922943, 5.87903165817, 4.02106618881, 3.23460364342, 2.04378318787, 1.333948493, 0.999737203121, 0.70067101717, 0.320275038481, 0.212587237358, 0.0840753689408, 0.0311741288751, 0.00945710390806, 0.00249915150926, 0.000412603490986, 6.35294200038e-05, 2.6829631679e-05], "dvar2": [0.0228605046868, 1.61452651024, 11.4122486115, 47.2373275757, 311.361480713, 145.063064575, 558.82623291, 514.312988281, 1207.77502441, 3449.78735352, 7673.80517578, 3965.5168457, 5408.66943359, 13852.0458984, 25471.1933594, 4964.79980469, 3893.64282227, 5791.33007812, 2506.65527344, 1018.99609375, 566.039123535, 159.105987549, 251.092468262, 524.90020752, 238.937484741, 51.6407661438, 86.7131576538, 88.9341583252, 21.8835258484, 48.7066955566, 13.0309467316, 1.17070567608, 1.12349963188, 0.295036524534, 0.0316165089607, 0.00321144866757, 0.000287127215415, 8.1781836343e-06, 8.15492100514e-08, 2.53116055893e-10], "min": [2.43768849196e-22, 2.55317575949e-21, 5.57741512585e-21, 1.85425765962e-20, 5.07908153906e-20, 2.9746390642e-20, 1.91454442444e-19, 3.70204683148e-19, 3.7862553688e-19, 4.19610268281e-19, 1.10623133637e-18, 1.22918087768e-18, 1.33935647558e-18, 1.70376551777e-18, 1.55576160628e-18, 2.45147030688e-18, 3.62380588529e-18, 7.08913637293e-18, 4.04823473913e-18, 4.84497675951e-18, 1.01553757897e-17, 1.00036452227e-17, 1.00978610945e-17, 8.98343291523e-18, 1.36337389214e-17, 1.22216423541e-17, 1.42002443173e-17, 1.54989244964e-17, 1.26894088546e-17, 1.73348287049e-17, 1.66560906164e-17, 1.6011582916e-17, 1.61062851699e-17, 1.08943078114e-17, 7.29686789452e-18, 6.43184046022e-18, 2.70416198989e-18, 1.15548415158e-18, 2.56583154208e-19, 3.12285464345e-20], "var": [0.0187162384391, 0.989466488361, 8.8292427063, 33.5627708435, 223.374679565, 100.18372345, 369.12097168, 763.375183105, 1603.97180176, 3706.0769043, 8459.47070312, 4160.70410156, 4857.97705078, 15282.0087891, 22972.0996094, 4511.65820312, 8194.42382812, 11045.0947266, 2261.27685547, 643.105224609, 367.234558105, 138.997894287, 156.091888428, 367.645965576, 235.719345093, 49.0782928467, 57.4464073181, 44.8239326477, 16.0213336945, 32.8776473999, 18.8314838409, 1.89935421944, 1.14121997356, 0.130606681108, 0.0124633554369, 0.00107767852023, 8.65421170602e-05, 2.31109925153e-06, 5.0375685845e-08, 6.31308227916e-10], "median": [0.0165266282856, 0.138495206833, 0.36404812336, 1.38042902946, 4.33797740936, 4.85068798065, 5.94002485275, 6.76224040985, 7.35051965714, 12.8424797058, 19.1301364899, 16.8608627319, 14.8938131332, 14.2027568817, 13.0115585327, 9.3740978241, 8.62979888916, 8.13230419159, 7.85786008835, 5.46894454956, 3.51779747009, 2.9130654335, 2.68852567673, 2.45638346672, 1.74261033535, 1.16198468208, 0.958168685436, 0.508797109127, 0.272539973259, 0.155331492424, 0.0816036313772, 0.0380457490683, 0.0211325436831, 0.00909921806306, 0.00345429265872, 0.00104045134503, 0.000278615421848, 5.15601495863e-05, 1.23656427604e-05, 2.0661022063e-05]}, "spectral_energy": {"dmean": 0.00609050691128, "dmean2": 0.00946070905775, "max": 0.183306246996, "dvar": 6.95852795616e-05, "mean": 0.0221025664359, "dvar2": 0.000162061260198, "min": 1.00522324225e-20, "var": 0.000446826888947, "median": 0.0167616270483}, "zerocrossingrate": {"dmean": 0.00533394841477, "dmean2": 0.0065930322744, "max": 0.5048828125, "dvar": 5.87474896747e-05, "mean": 0.038422357291, "dvar2": 7.34923523851e-05, "min": 0.00537109375, "var": 0.000448961684015, "median": 0.03515625}, "spect