{"tonal": {"hpcp": {"dvar": [0.068983592093, 0.0640736818314, 0.0538716129959, 0.0429949201643, 0.0304895248264, 0.0326760224998, 0.0331300534308, 0.0247204713523, 0.0231256484985, 0.0250506550074, 0.0203624255955, 0.0173355843872, 0.016468655318, 0.0181273911148, 0.0237163864076, 0.0332762040198, 0.0340026170015, 0.0371219441295, 0.0394483059645, 0.0409347079694, 0.049811847508, 0.056284379214, 0.0526204444468, 0.0650466307998, 0.0466391630471, 0.0294479466975, 0.0183588936925, 0.0154896574095, 0.0158608648926, 0.0172580555081, 0.0194441322237, 0.0156707968563, 0.0204134956002, 0.0354634448886, 0.0523410700262, 0.0667727589607], "var": [0.120994329453, 0.0672904849052, 0.0444776564837, 0.0319095253944, 0.0251389723271, 0.034587200731, 0.058299086988, 0.0257500000298, 0.0303419344127, 0.0489302314818, 0.0245605204254, 0.018485089764, 0.0116734327748, 0.0182159077376, 0.0345044955611, 0.0439323931932, 0.0292638204992, 0.0347599871457, 0.0338364802301, 0.0332668870687, 0.0775343552232, 0.125164136291, 0.0760804861784, 0.112055085599, 0.0840058848262, 0.0297693181783, 0.0128558045253, 0.0153450109065, 0.0180962234735, 0.0234358347952, 0.0241834558547, 0.00965159013867, 0.0123902494088, 0.0248766820878, 0.0694891363382, 0.134750053287], "median": [0.156180724502, 0.0392182581127, 0.00507678557187, 0.00292442156933, 0.00328637124039, 0.0101947309449, 0.0130098545924, 0.0139578152448, 0.0103662554175, 0.00924099329859, 0.0072731114924, 0.00449229683727, 0.00393525324762, 0.00434139790013, 0.00780634628609, 0.00949438288808, 0.00760406348854, 0.0046844445169, 0.00410876888782, 0.0142680555582, 0.0691850408912, 0.0864968523383, 0.0927970707417, 0.0439474098384, 0.0258526541293, 0.00719298282638, 0.00486941169947, 0.00420920690522, 0.00410349899903, 0.00453332345933, 0.00400912528858, 0.00358756491914, 0.00304975453764, 0.00631461618468, 0.0350688174367, 0.155637010932], "max": [1, 1, 1, 1, 1, 1, 1, 1, 1, 1, 1, 1, 1, 1, 1, 1, 1, 1, 1, 1, 1, 1, 1, 1, 1, 1, 1, 1, 1, 1, 1, 1, 1, 1, 1, 1], "dmean": [0.216984525323, 0.171389982104, 0.123695760965, 0.0920478850603, 0.0689781978726, 0.0778727829456, 0.0845944061875, 0.0720935985446, 0.0696441456676, 0.0683955028653, 0.0562285929918, 0.0448908247054, 0.0419674552977, 0.0444840416312, 0.0613013207912, 0.0785158723593, 0.0836545974016, 0.0838666185737, 0.0888778567314, 0.109353177249, 0.152912840247, 0.165005430579, 0.168596729636, 0.170870617032, 0.133848443627, 0.0792148187757, 0.0488055497408, 0.0398582480848, 0.0404856428504, 0.0458914376795, 0.0465264543891, 0.0411085374653, 0.0523773729801, 0.0901875570416, 0.1573767066, 0.199131473899], "dmean2": [0.375291854143, 0.306237608194, 0.227121144533, 0.171771556139, 0.128682658076, 0.139781624079, 0.149504393339, 0.128671661019, 0.123130880296, 0.118576310575, 0.100557588041, 0.0825877562165, 0.0780104994774, 0.0819026455283, 0.110757194459, 0.143720045686, 0.152588561177, 0.152585491538, 0.163272961974, 0.198956146836, 0.266133606434, 0.281671345234, 0.294127851725, 0.305464565754, 0.236606538296, 0.143727779388, 0.089472874999, 0.0714019164443, 0.0732048898935, 0.0833843499422, 0.0853722989559, 0.0775282979012, 0.0992979854345, 0.16697396338, 0.277736961842, 0.345443159342], "mean": [0.317237257957, 0.169010788202, 0.0907185077667, 0.0636761188507, 0.0510956719518, 0.0846356675029, 0.114235132933, 0.0783773809671, 0.0785060450435, 0.0956847369671, 0.0648419857025, 0.0413992479444, 0.0329866185784, 0.0408712178469, 0.0723092779517, 0.0855009481311, 0.072162732482, 0.0694523081183, 0.0684895291924, 0.0867465883493, 0.210548684001, 0.277758687735, 0.227327167988, 0.23183824122, 0.183141246438, 0.0781063437462, 0.0382656380534, 0.0375524796546, 0.0398242250085, 0.0498489551246, 0.0478181093931, 0.0295167621225, 0.0339512974024, 0.0628415718675, 0.173671096563, 0.33431327343], "dvar2": [0.180847704411, 0.175396889448, 0.146723598242, 0.11997243017, 0.0855911672115, 0.0912167876959, 0.0882903113961, 0.0696527436376, 0.064238332212, 0.0638082996011, 0.0565927289426, 0.0492769554257, 0.0481968820095, 0.0516193173826, 0.0658578649163, 0.092668056488, 0.0963758677244, 0.103298142552, 0.109861433506, 0.11430066824, 0.133636817336, 0.143010348082, 0.135334849358, 0.16974490881, 0.123577915132, 0.0817411839962, 0.0520596317947, 0.0428199619055, 0.0434569269419, 0.0471645146608, 0.0540456920862, 0.0459956899285, 0.0592862591147, 0.101533278823, 0.143735960126, 0.16836284101], "min": [0, 0, 0, 0, 0, 0, 0, 0, 0, 0, 0, 0, 0, 0, 0, 0, 0, 0, 0, 0, 0, 0, 0, 0, 0, 0, 0, 0, 0, 0, 0, 0, 0, 0, 0, 0]}, "key_key": "A", "thpcp": [1, 0.948922097683, 0.505546152592, 0.271357774734, 0.190468415618, 0.152837693691, 0.253162741661, 0.341700851917, 0.234442919493, 0.234827786684, 0.286212801933, 0.193955764174, 0.123833693564, 0.0986697822809, 0.122254244983, 0.216291978955, 0.255750983953, 0.215853631496, 0.207746192813, 0.204866319895, 0.259476959705, 0.629794597626, 0.830833554268, 0.679982483387, 0.69347602129, 0.547813296318, 0.233632192016, 0.114460423589, 0.112327218056, 0.119122475386, 0.14910851419, 0.143033832312, 0.0882907286286, 0.101555339992, 0.18797211349, 0.519486069679], "chords_key": "A", "tuning_equal_tempered_deviation": 0.138235017657, "tuning_frequency": 443.060424805, "tuning_diatonic_strength": 0.727164804935, "chords_histogram": [27.597328186, 0.737157344818, 0.598940312862, 0.944482862949, 3.10988259315, 4.35383558273, 0, 12.8541812897, 8.79981613159, 12.1630964279, 3.93918442726, 0.967518985271, 0, 0, 0, 0.714121162891, 0, 3.1559548378, 0, 0, 0.138217002153, 0, 12.8311452866, 7.09513950348], "key_strength": 0.851038873196, "key_scale": "minor", "chords_strength": {"dvar": 0.000583283253945, "var": 0.0217127148062, "median": 0.532164752483, "max": 0.813270807266, "dmean": 0.00811150856316, "dmean2": 0.0080822147429, "mean": 0.530239462852, "dvar2": 0.00112123391591, "min": -1}, "chords_number_rate": 0.00230361660942, "tuning_nontempered_energy_ratio": 0.767527461052, "hpcp_entropy": {"dvar": 0.224062129855, "var": 0.612686157227, "median": 1.72508025169, "max": 4.51637458801, "dmean": 0.5436809659, "dmean2": 0.919580519199, "mean": 1.74126982689, "dvar2": 0.618421554565, "min": 0}, "chords_changes_rate": 0.0573600567877, "chords_scale": "minor"}, "rhythm": {"bpm_histogram_first_peak_spread": {"dvar": 0, "var": 0, "median": 0.328205108643, "max": 0.328205108643, "dmean": 0, "dmean2": 0, "mean": 0.328205108643, "dvar2": 0, "min": 0.328205108643}, "bpm_histogram_first_peak_weight": {"dvar": 0, "var": 0, "median": 0.65499997139, "max": 0.65499997139, "dmean": 0, "dmean2": 0, "mean": 0.65499997139, "dvar2": 0, "min": 0.65499997139}, "bpm_histogram_first_peak_bpm": {"dvar": 0, "var": 0, "median": 120, "max": 120, "dmean": 0, "dmean2": 0, "mean": 120, "dvar2": 0, "min": 120}, "bpm": 120.006080627, "bpm_histogram_second_peak_weight": {"dvar": 0, "var": 0, "median": 0.0149999996647, "max": 0.0149999996647, "dmean": 0, "dmean2": 0, "mean": 0.0149999996647, "dvar2": 0, "min": 0.0149999996647}, "beats_loudness": {"dvar": 0.000944205967244, "var": 0.0018994056154, "median": 0.0381658785045, "max": 0.206706851721, "dmean": 0.0301641467959, "dmean2": 0.0534203238785, "mean": 0.0471402741969, "dvar2": 0.0027682937216, "min": 3.82941012234e-10}, "beats_loudness_band_ratio": {"dvar": [0.0443858355284, 0.0380704887211, 0.0206201616675, 0.0111249769107, 0.000347360066371, 0.00113564741332], "var": [0.083509542048, 0.0540015771985, 0.0321265161037, 0.0111672766507, 0.000474550266517, 0.00144353602082], "median": [0.722260177135, 0.10015720129, 0.046329036355, 0.0234326291829, 0.00765960803255, 0.00602369522676], "max": [0.993342876434, 0.986089766026, 0.953820228577, 0.909563362598, 0.170951113105, 0.348563194275], "dmean": [0.22696942091, 0.162403970957, 0.101617023349, 0.0544857792556, 0.0135819697753, 0.0173065774143], "dmean2": [0.396643877029, 0.281874150038, 0.170934513211, 0.0900468751788, 0.0241385065019, 0.0314074866474], "mean": [0.635470867157, 0.188004896045, 0.116849370301, 0.0567187853158, 0.0165914297104, 0.0170104280114], "dvar2": [0.108799293637, 0.0883855670691, 0.0450636483729, 0.0264595169574, 0.000940064201131, 0.00312339281663], "min": [0.000258089101408, 8.89672373887e-05, 0.00051916128723, 0.000303016189719, 2.17291835725e-05, 8.13238057162e-06]}, "bpm_histogram_second_peak_bpm": {"dvar": 0, "var": 0, "median": 110, "max": 110, "dmean": 0, "dmean2": 0, "mean": 110, "dvar2": 0, "min": 110}, "onset_rate": 3.36890435219, "beats_count": 401, "beats_position": [0.510838985443, 1.03328800201, 1.54412698746, 2.04335594177, 2.55419492722, 3.06503391266, 3.5758728981, 4.08671188354, 4.58594083786, 5.08516979218, 5.5727891922, 6.06040811539, 6.5596370697, 7.05886602402, 7.55809497833, 8.05732440948, 8.54494285583, 9.05578231812, 9.56662082672, 10.0658502579, 10.5650787354, 11.0643081665, 11.5751476288, 12.0743761063, 12.5736055374, 13.0728340149, 13.572063446, 14.0712919235, 14.5589113235, 15.0581407547, 15.5573692322, 16.0565986633, 16.5558280945, 17.0434455872, 17.5542850494, 18.0651245117, 18.575963974, 19.0868015289, 19.5860309601, 20.0852603912, 20.5844898224, 21.0837192535, 21.5829467773, 22.0821762085, 22.5814056396, 23.0922451019, 23.5914726257, 24.102312088, 24.6131515503, 25.1239910126, 25.6116104126, 26.0992279053, 26.5868473053, 27.0744667053, 27.5620861053, 28.0497055054, 28.537322998, 29.0249423981, 29.5125617981, 30.0234012604, 30.5342407227, 31.0450782776, 31.5559177399, 32.0667572021, 32.5659866333, 33.0652160645, 33.5644454956, 34.0636711121, 34.5512924194, 35.0505218506, 35.5497512817, 36.0605888367, 36.5598182678, 37.059047699, 37.5582771301, 38.0575065613, 38.5567321777, 39.0559616089, 39.55519104, 40.0544204712, 40.5536499023, 41.0528793335, 41.5521087646, 42.0513381958, 42.550567627, 43.0497932434, 43.5490226746, 44.0482521057, 44.5474815369, 45.046710968, 45.5459403992, 46.0451698303, 46.5443992615, 47.0436286926, 47.5428581238, 48.0420837402, 48.5413131714, 49.0405426025, 49.5513839722, 50.0506095886, 50.5498390198, 51.0490684509, 51.5482978821, 52.0591392517, 52.5583648682, 53.0692062378, 53.5684356689, 54.0792732239, 54.578502655, 55.0777320862, 55.5769615173, 56.0877990723, 56.5870285034, 57.0862579346, 57.5854873657, 58.0963249207, 58.5955543518, 59.094783783, 59.5824012756, 60.0816307068, 60.5808601379, 61.0800895691, 61.5793190002, 62.0785484314, 62.5777778625, 63.0770072937, 63.5762329102, 64.0870742798, 64.5863037109, 65.0855331421, 65.5963668823, 66.0955963135, 66.5948257446, 67.0940551758, 67.5932846069, 68.0925140381, 68.5917434692, 69.0909729004, 69.5902023315, 70.0894317627, 70.5886611938, 71.087890625, 71.5871200562, 72.0863494873, 72.5855789185, 73.0848083496, 73.5840377808, 74.0832672119, 74.5824966431, 75.0817184448, 75.580947876, 76.0801773071, 76.5794067383, 77.0786361694, 77.5778656006, 78.0770950317, 78.5763244629, 79.0871658325, 79.5863952637, 80.0856246948, 80.584854126, 81.0840835571, 81.5717010498, 82.0593185425, 82.5585479736, 83.0577774048, 83.5686187744, 84.0794525146, 84.5902938843, 85.0895233154, 85.5887527466, 86.0879821777, 86.5872116089, 87.08644104, 87.5856704712, 88.0732879639, 88.5841217041, 89.0717468262, 89.5825805664, 90.0702056885, 90.5694351196, 91.0686569214, 91.579498291, 92.0787277222, 92.5779571533, 93.065574646, 93.5648040771, 94.0640335083, 94.5748748779, 95.0624923706, 95.5617218018, 96.0609512329, 96.5601806641, 97.0594100952, 97.5586395264, 98.0578689575, 98.5570983887, 99.0563278198, 99.5671615601, 100.066390991, 100.565620422, 101.064849854, 101.564079285, 102.051696777, 102.550926208, 103.05015564, 103.560997009, 104.06022644, 104.559455872, 105.070289612, 105.569519043, 106.080360413, 106.591201782, 107.078819275, 107.566436768, 108.065666199, 108.56489563, 109.064125061, 109.563354492, 110.062583923, 110.561813354, 111.061042786, 111.560272217, 112.059501648, 112.570335388, 113.05796051, 113.557182312, 114.056411743, 114.567253113, 115.078094482, 115.588935852, 116.088157654, 116.587387085, 117.086616516, 117.585845947, 118.07346344, 118.572692871, 119.071922302, 119.571151733, 120.070381165, 120.557998657, 121.045623779, 121.55645752, 122.044082642, 122.543312073, 123.042533875, 123.541763306, 124.040992737, 124.540222168, 125.039451599, 125.550292969, 126.0495224, 126.548751831, 127.047981262, 127.547210693, 128.058044434, 128.557281494, 129.056503296, 129.544128418, 130.04335022, 130.54258728, 131.041809082, 131.541046143, 132.040267944, 132.551101685, 133.050338745, 133.549560547, 134.060409546, 134.559631348, 135.070480347, 135.55809021, 136.045715332, 136.556549072, 137.055786133, 137.555007935, 138.042633057, 138.541854858, 139.041091919, 139.551925659, 140.039550781, 140.538772583, 141.037994385, 141.537231445, 142.036453247, 142.535690308, 143.034912109, 143.545761108, 144.04498291, 144.544219971, 145.055053711, 145.554275513, 146.053512573, 146.552734375, 147.051971436, 147.539596558, 148.050430298, 148.5496521, 149.04888916, 149.5597229, 150.058959961, 150.546569824, 151.045806885, 151.545028687, 152.044265747, 152.555099487, 153.054321289, 153.55355835, 154.041183472, 154.540405273, 155.039627075, 155.550476074, 156.049697876, 156.548934937, 157.048156738, 157.547393799, 158.058227539, 158.5574646, 159.056686401, 159.544311523, 160.055145264, 160.554367065, 161.053604126, 161.552825928, 162.052062988, 162.539672852, 163.050521851, 163.561355591, 164.048980713, 164.548202515, 165.047439575, 165.546661377, 166.045898438, 166.556732178, 167.055953979, 167.55519104, 168.054412842, 168.565261841, 169.064483643, 169.563720703, 170.062942505, 170.550567627, 171.03817749, 171.537414551, 172.036636353, 172.547485352, 173.046707153, 173.545944214, 174.056777954, 174.555999756, 175.055236816, 175.566070557, 176.053695679, 176.55291748, 177.052154541, 177.551376343, 178.050613403, 178.538223267, 179.049072266, 179.559906006, 180.059127808, 180.558364868, 181.05758667, 181.55682373, 182.056045532, 182.555282593, 183.054504395, 183.553741455, 184.052963257, 184.552200317, 185.039810181, 185.539047241, 186.038269043, 186.537506104, 187.036727905, 187.547576904, 188.035186768, 188.546035767, 189.045257568, 189.54447937, 190.055328369, 190.566162109, 191.053787231, 191.553009033, 192.052246094, 192.563079834, 193.062316895, 193.561538696, 194.049163818, 194.54838562, 195.047622681, 195.546844482, 196.057678223, 196.58013916, 197.114196777, 197.659866333, 198.205535889, 198.739593506, 199.285263062, 199.830932617, 200.376602173, 200.92225647], "danceability": 1.03771352768, "bpm_histogram_second_peak_spread": {"dvar": 0, "var": 0, "median": 0.25, "max": 0.25, "dmean": 0, "dmean2": 0, "mean": 0.25, "dvar2": 0, "min": 0.25}}, "lowlevel": {"spectral_flux": {"dvar": 0.00141520961188, "var": 0.00412060227245, "median": 0.0575330555439, "max": 0.435776352882, "dmean": 0.0278326421976, "dmean2": 0.0453795865178, "mean": 0.0751163586974, "dvar2": 0.00334204453975, "min": 1.02919922584e-10}, "spectral_rolloff": {"dvar": 254436.71875, "var": 4321152, "median": 387.59765625, "max": 20370.4101562, "dmean": 176.054916382, "dmean2": 306.638946533, "mean": 733.794311523, "dvar2": 537247.9375, "min": 21.533203125}, "barkbands_flatness_db": {"dvar": 0.000799897010438, "var": 0.00676594302058, "median": 0.221241414547, "max": 0.54901778698, "dmean": 0.0303313471377, "dmean2": 0.0472919531167, "mean": 0.230303049088, "dvar2": 0.00188880693167, "min": 0.0254493020475}, "spectral_centroid": {"dvar": 44228.5585938, "var": 253003.609375, "median": 573.525878906, "max": 10501.9394531, "dmean": 131.813415527, "dmean2": 209.169204712, "mean": 687.61920166, "dvar2": 94044.6796875, "min": 99.0183258057}, "melbands_skewness": {"dvar": 1.23507809639, "var": 5.78467082977, "median": 2.93598341942, "max": 25.7207584381, "dmean": 1.0061917305, "dmean2": 1.58521807194, "mean": 3.39247250557, "dvar2": 2.85945057869, "min": -5.62894868851}, "melbands": {"dvar": [2.10959024116e-05, 3.23451058648e-05, 1.71443446106e-06, 1.19606772842e-06, 1.96317841983e-07, 2.07814039754e-07, 6.71683153541e-08, 1.2978816244e-07, 2.84635621739e-08, 2.21711076165e-08, 2.37965913641e-09, 7.59165263986e-09, 1.00648414048e-08, 1.04799688927e-08, 3.45495188014e-09, 2.8351945236e-09, 7.32462923647e-10, 7.31361471384e-10, 3.7567760014e-10, 9.72167679691e-10, 1.78002265705e-10, 1.36621616798e-10, 1.28286700707e-10, 2.9465943574e-11, 1.51458984243e-11, 1.21020173049e-11, 1.10933397884e-11, 1.04186112862e-11, 5.89348968932e-12, 4.37702478429e-12, 4.26699040684e-12, 2.83170297107e-12, 1.76775477936e-12, 9.1427429863e-13, 6.41251483337e-13, 1.89876521624e-12, 1.26440108383e-11, 1.02515630533e-12, 1.03738122693e-12, 5.72762703151e-13], "var": [3.75688032364e-05, 4.94543564855e-05, 3.07477171191e-06, 2.85918622467e-06, 1.67516566307e-06, 2.39067799157e-06, 8.27699579986e-07, 1.559780344e-06, 1.61188893344e-07, 1.59035252523e-07, 1.02013739678e-08, 3.18161568202e-08, 6.65503279151e-08, 1.95460998498e-08, 1.47964529518e-08, 1.7737443514e-08, 2.3683559558e-09, 1.96267890828e-09, 9.52416812083e-10, 3.34111693867e-09, 5.08591391224e-10, 4.24867557802e-10, 3.02392944018e-10, 6.43649369914e-11, 2.44050127329e-11, 2.32248734133e-11, 1.93757336564e-11, 1.66528405648e-11, 9.89106106047e-12, 7.72410260752e-12, 6.66364879942e-12, 5.35632215665e-12, 2.64664635694e-12, 1.21392186667e-12, 1.13471710327e-12, 2.27534397573e-12, 1.61549003341e-11, 1.25805095508e-12, 1.164547625e-12, 7.81453081498e-13], "median": [0.000839000451379, 0.00120762572624, 0.000312725838739, 0.000251885969192, 0.000163145334227, 7.29467210476e-05, 5.17905391462e-05, 5.28945274709e-05, 2.92186032311e-05, 2.99425664707e-05, 1.36882154038e-05, 1.49835450429e-05, 7.33908291295e-06, 6.23543019174e-06, 4.2871452024e-06, 2.99782777802e-06, 2.14736132875e-06, 1.51095969159e-06, 1.61759544426e-06, 1.06738218619e-06, 8.62087517817e-07, 5.96354880145e-07, 5.6256027392e-07, 6.09922722106e-07, 4.74510500226e-07, 3.34086763587e-07, 2.32933103916e-07, 1.85022202004e-07, 1.50658422626e-07, 1.30009240706e-07, 9.76546417064e-08, 9.04225103682e-08, 7.50689750362e-08, 4.71238443822e-08, 3.69932990907e-08, 3.24298632393e-08, 3.15282804308e-08, 2.64584958387e-08, 1.6680090198e-08, 1.27251746918e-08], "max": [0.0540140531957, 0.0671409890056, 0.0296461470425, 0.0398989245296, 0.0167610086501, 0.0161029677838, 0.0124779483303, 0.0227198600769, 0.00818785652518, 0.00526065658778, 0.00129983108491, 0.00246186973527, 0.00436693383381, 0.00470572384074, 0.00214119488373, 0.00224797311239, 0.000954980961978, 0.000679848657455, 0.000452621548902, 0.00117505609524, 0.000307930255076, 0.000284649286186, 0.000258780783042, 0.00010320894944, 8.76331978361e-05, 7.52662817831e-05, 0.000121614706586, 0.000127568564494, 4.74750086141e-05, 3.41125305567e-05, 4.86821154482e-05, 3.64473853551e-05, 3.03684391838e-05, 3.1296061934e-05, 2.24536961468e-05, 3.21741354128e-05, 8.81317318999e-05, 4.50776933576e-05, 4.57798487332e-05, 2.97520273307e-05], "dmean": [0.00255234749056, 0.00302664004266, 0.000621348677669, 0.000398373784265, 0.000222644623136, 0.00020785961533, 0.000103804683022, 0.000132573768497, 5.60273947485e-05, 6.47240522085e-05, 2.3105285436e-05, 3.39611324307e-05, 3.83520600735e-05, 2.64796526608e-05, 2.15582531382e-05, 2.02470928343e-05, 1.00683455457e-05, 9.89402542473e-06, 7.76091383159e-06, 1.066310233e-05, 5.14030216436e-06, 4.61815579911e-06, 4.10148095398e-06, 2.26482029575e-06, 1.48245248965e-06, 1.39858786952e-06, 1.1276404166e-06, 1.10169867185e-06, 9.21948640098e-07, 7.7984714153e-07, 7.2980975574e-07, 6.20756111402e-07, 4.53287100299e-07, 3.16689209967e-07, 2.74037603276e-07, 3.75390612817e-07, 7.52317134811e-07, 2.51328998502e-07, 2.31171839005e-07, 2.03931833198e-07], "dmean2": [0.00422058580443, 0.00515555171296, 0.00104240863584, 0.000662602658849, 0.000346783606801, 0.000311310781399, 0.000136927017593, 0.000174710978172, 7.75594089646e-05, 8.59878273332e-05, 3.31524497597e-05, 4.91337050335e-05, 4.96107022627e-05, 3.95779607061e-05, 3.05144021695e-05, 2.8254235076e-05, 1.49389743456e-05, 1.51575459313e-05, 1.23199906739e-05, 1.69471059053e-05, 8.21732373879e-06, 7.30384726921e-06, 6.69091832606e-06, 3.71064243154e-06, 2.51978372035e-06, 2.32848651649e-06, 1.87249236205e-06, 1.83467989245e-06, 1.51408619331e-06, 1.26641930365e-06, 1.1856434412e-06, 1.01240755157e-06, 7.47576336835e-07, 5.21061281233e-07, 4.40675449909e-07, 6.25680286248e-07, 1.26194890981e-06, 3.96348980303e-07, 3.57595723699e-07, 3.19485707223e-07], "mean": [0.00369478715584, 0.00441945623606, 0.00105566962156, 0.000754240667447, 0.000683118298184, 0.000699275697116, 0.000327312387526, 0.000409542699344, 0.000146228951053, 0.00016903373762, 5.23926864844e-05, 7.75412772782e-05, 9.13182084332e-05, 4.63325413875e-05, 4.32756532973e-05, 4.41514202976e-05, 1.92579809664e-05, 1.82079493243e-05, 1.4118886611e-05, 1.99290079763e-05, 9.93014964479e-06, 9.32570583245e-06, 7.30420879336e-06, 4.07523111789e-06, 2.60962406173e-06, 2.43060503635e-06, 1.97553845283e-06, 1.7849164351e-06, 1.4674689055e-06, 1.26208055917e-06, 1.1537553064e-06, 1.01377304418e-06, 6.98906319485e-07, 4.66805516908e-07, 4.31506236964e-07, 5.50907031993e-07, 1.09351231004e-06, 3.86037271483e-07, 3.36326479555e-07, 2.98320401271e-07], "dvar2": [5.49866635993e-05, 8.94800614333e-05, 4.54041355624e-06, 3.09124538944e-06, 4.65551352136e-07, 4.7046253826e-07, 1.02078047348e-07, 1.94430455736e-07, 4.59904221373e-08, 3.51970896872e-08, 4.50878578917e-09, 1.5429336031e-08, 1.40137590421e-08, 2.30306405058e-08, 6.41083941488e-09, 4.78033213014e-09, 1.40514488933e-09, 1.67249669669e-09, 9.04788910461e-10, 2.25971286127e-09, 4.42317488192e-10, 3.37671807182e-10, 3.37837174902e-10, 7.6070864885e-11, 4.260719208e-11, 3.2491471319e-11, 3.06587671917e-11, 3.0016565622e-11, 1.52528111669e-11, 1.12300108449e-11, 1.10797222092e-11, 7.52506043589e-12, 4.75439869765e-12, 2.41541227124e-12, 1.57847498093e-12, 5.20191138428e-12, 3.53160937994e-11, 2.76167673799e-12, 2.7173777551e-12, 1.46641162754e-12], "min": [8.1892376323e-24, 6.20496767688e-24, 9.99054707797e-24, 5.67000007629e-24, 7.17039616308e-24, 5.84866326625e-24, 4.26666622414e-24, 5.98544346418e-24, 3.62228203826e-24, 5.01114975913e-24, 7.80377258388e-24, 4.57843430907e-24, 8.82917343153e-24, 7.81053469956e-24, 4.7737937401e-24, 4.97095690158e-24, 6.57737194973e-24, 4.79042095583e-24, 5.28075717299e-24, 5.24485335218e-24, 8.27614959367e-24, 1.01050510272e-23, 1.24881406573e-23, 1.12673610516e-23, 4.63158105155e-24, 5.88904742258e-24, 9.51354813213e-24, 5.42015244482e-24, 4.92779792703e-24, 7.10595727117e-24, 6.65108192942e-24, 9.72962975585e-24, 9.37990247302e-24, 1.3402994482e-23, 1.25821705107e-23, 7.19865237184e-24, 6.97908477179e-24, 8.82560304707e-24, 1.14668884292e-23, 1.19913807458e-23]}, "spectral_decrease": {"dvar": 2.98407457386e-17, "var": 1.05525753467e-16, "median": -5.61090285345e-09, "max": 4.20085855678e-29, "dmean": 3.37265126937e-09, "dmean2": 5.50971979152e-09, "mean": -9.51191658771e-09, "dvar2": 7.71869030225e-17, "min": -6.45949214118e-08}, "barkbands_kurtosis": {"dvar": 1151.96716309, "var": 2381.88012695, "median": 7.24613189697, "max": 1902.53881836, "dmean": 10.9603691101, "dmean2": 17.0599765778, "mean": 18.7282619476, "dvar2": 2406.44360352, "min": -1.8814868927}, "silence_rate_30dB": {"dvar": 0.0538774989545, "var": 0.0657273083925, "median": 1, "max": 1, "dmean": 0.0571428574622, "dmean2": 0.1142988801, "mean": 0.929270803928, "dvar2": 0.128886386752, "min": 0}, "gfcc": {"mean": [-101.868896484, 135.492675781, -98.2912445068, 32.8256759644, -53.1783866882, 17.273519516, -28.7603683472, 7.68135404587, -15.1367101669, -2.45825576782, -5.93268013, -6.55572986603, -1.14469969273], "cov": [[25808.8847656, -398.095031738, -564.887817383, 166.401580811, -124.267410278, 486.581054688, -877.300048828, 663.946716309, -269.335449219, 783.734863281, -341.113555908, 590.632751465, -210.136001587], [-398.095031738, 2269.29956055, -125.724945068, -119.130638123, 93.1945495605, -292.06640625, 179.444793701, -339.017425537, 193.665725708, -337.280822754, 266.530822754, -259.668182373, 178.125778198], [-564.887817383, -125.724945068, 813.868286133, 262.137573242, 138.104187012, 70.4911804199, 17.8397636414, -3.18444919586, -85.6053009033, -15.956788063, -42.4158363342, -18.2652816772, -32.5335769653], [166.401580811, -119.130638123, 262.137573242, 641.982177734, 40.5485725403, 172.94329834, 60.4021682739, 23.782075882, -34.1194190979, -52.188293457, -52.1173820496, -67.2510070801, -1.74417877197], [-124.267410278, 93.1945495605, 138.104187012, 40.5485725403, 301.341156006, 43.0949058533, 75.8927383423, -26.3132896423, 25.4144229889, -2.58091831207, 39.7262763977, -4.85672616959, -15.6508464813], [486.581054688, -292.06640625, 70.4911804199, 172.94329834, 43.0949058533, 324.354614258, 77.3690948486, 122.034286499, -57.305316925, 21.7679100037, -63.7735671997, -10.3975610733, -28.3090686798], [-877.300048828, 179.444793701, 17.8397636414, 60.4021682739, 75.8927383423, 77.3690948486, 271.470367432, 18.0671577454, 86.7344894409, -82.20703125, 16.4588184357, -74.5361633301, 4.18756198883], [663.946716309, -339.017425537, -3.18444919586, 23.782075882, -26.3132896423, 122.034286499, 18.0671577454, 223.820571899, 34.9604988098, 94.4043426514, -47.7926864624, 42.3172645569, -34.8147201538], [-269.335449219, 193.665725708, -85.6053009033, -34.1194190979, 25.4144229889, -57.305316925, 86.7344894409, 34.9604988098, 177.477813721, 14.1042490005, 58.9608573914, -33.9413986206, 13.2168540955], [783.734863281, -337.280822754, -15.956788063, -52.188293457, -2.58091831207, 21.7679100037, -82.20703125, 94.4043426514, 14.1042490005, 191.814224243, 14.6645145416, 96.0142822266, -40.9182434082], [-341.113555908, 266.530822754, -42.4158363342, -52.1173820496, 39.7262763977, -63.7735671997, 16.4588184357, -47.7926864624, 58.9608573914, 14.6645145416, 162.988983154, 23.5111484528, 52.2574996948], [590.632751465, -259.668182373, -18.2652816772, -67.2510070801, -4.85672616959, -10.3975610733, -74.5361633301, 42.3172645569, -33.9413986206, 96.0142822266, 23.5111484528, 148.187301636, 14.3989944458], [-210.136001587, 178.125778198, -32.5335769653, -1.74417877197, -15.6508464813, -28.3090686798, 4.18756198883, -34.8147201538, 13.2168540955, -40.9182434082, 52.2574996948, 14.3989944458, 100.710243225]], "icov": [[7.70564511186e-05, -0.000195142871235, 8.24300950626e-05, -9.77069939836e-05, -3.19491227856e-05, -0.000149191080709, 0.000222098577069, -0.000158079448738, 3.08531853079e-05, -0.000260642002104, 0.000368488923414, -0.000438078393927, 0.000181564319064], [-0.000195142871235, 0.00168312038295, -0.000194557622308, 0.000479207490571, -0.000144563557114, 0.000677448115312, -0.0003948858066, 0.000819433073048, -0.000585692643654, 0.00179389445111, -0.00240264134482, 0.00274287909269, -0.00131073885132], [8.24300950626e-05, -0.000194557622308, 0.00177218485624, -0.000768827623688, -0.000887303322088, 0.000460686162114, -3.69639165001e-05, -0.000613979878835, 0.00133492751047, -0.000572415417992, 0.000427487218985, -5.39112988918e-05, 0.000234302671743], [-9.77069939836e-05, 0.000479207490571, -0.000768827623688, 0.0023850153666, 0.00014332329738, -0.00104813929647, 2.07903167393e-06, 0.000566291157156, -0.000610987772234, 0.000828016316518, -0.000490320788231, 0.00147361075506, -0.000874838558957], [-3.19491227856e-05, -0.000144563557114, -0.000887303322088, 0.00014332329738, 0.00462097441778, -0.00134964252356, -0.000891647301614, 0.00172567251138, -0.00141189445276, 0.000138805349707, -0.000944296712987, -0.00149544095621, 0.00182272668462], [-0.000149191080709, 0.000677448115312, 0.000460686162114, -0.00104813929647, -0.00134964252356, 0.00765944551677, -0.00333200371824, -0.00389912864193, 0.00541798304766, -0.00158619950525, -0.000810634577647, 0.00389850488864, -0.0021371524781], [0.000222098577069, -0.0003948858066, -3.69639165001e-05, 2.07903167393e-06, -0.000891647301614, -0.00333200371824, 0.00829076487571, -0.000620927952696, -0.00488968146965, 0.00420924974605, -7.34839268262e-05, -0.00153843942098, 0.00212538661435], [-0.000158079448738, 0.000819433073048, -0.000613979878835, 0.000566291157156, 0.00172567251138, -0.00389912864193, -0.000620927952696, 0.0109298620373, -0.00561033654958, -0.00171278836206, 0.00205004937015, -0.00192915287334, 0.000261088891421], [3.08531853079e-05, -0.000585692643654, 0.00133492751047, -0.000610987772234, -0.00141189445276, 0.00541798304766, -0.00488968146965, -0.00561033654958, 0.0148606970906, -0.00565448496491, -0.00233924691565, 0.00592445861548, -0.002792540472], [-0.000260642002104, 0.00179389445111, -0.000572415417992, 0.000828016316518, 0.000138805349707, -0.00158619950525, 0.00420924974605, -0.00171278836206, -0.00565448496491, 0.0172692611814, -0.00575795257464, -0.0052067427896, 0.00641200551763], [0.000368488923414, -0.00240264134482, 0.000427487218985, -0.000490320788231, -0.000944296712987, -0.000810634577647, -7.34839268262e-05, 0.00205004937015, -0.00233924691565, -0.00575795257464, 0.0145084243268, -0.00534405419603, -0.00331150949933], [-0.000438078393927, 0.00274287909269, -5.39112988918e-05, 0.00147361075506, -0.00149544095621, 0.00389850488864, -0.00153843942098, -0.00192915287334, 0.00592445861548, -0.0052067427896, -0.00534405419603, 0.0203715395182, -0.00852937996387], [0.000181564319064, -0.00131073885132, 0.000234302671743, -0.000874838558957, 0.00182272668462, -0.0021371524781, 0.00212538661435, 0.000261088891421, -0.002792540472, 0.00641200551763, -0.00331150949933, -0.00852937996387, 0.0182810071856]]}, "silence_rate_20dB": {"dvar": 0, "var": 0, "median": 1, "max": 1, "dmean": 0, "dmean2": 0, "mean": 1, "dvar2": 0, "min": 1}, "barkbands_skewness": {"dvar": 1.41614568233, "var": 5.08948373795, "median": 2.16796827316, "max": 37.1310081482, "dmean": 0.887532114983, "dmean2": 1.38114237785, "mean": 2.60572147369, "dvar2": 3.0988612175, "min": -6.67375040054}, "erbbands_skewness": {"dvar": 0.183944240212, "var": 1.37296915054, "median": 0.818049311638, "max": 10.7146196365, "dmean": 0.40849763155, "dmean2": 0.621083974838, "mean": 1.00906562805, "dvar2": 0.420947819948, "min": -3.79317808151}, "spectral_contrast_valleys": {"dvar": [0.132980212569, 0.120367601514, 0.0876603201032, 0.0802394077182, 0.0910209640861, 0.132560014725], "var": [3.15561699867, 2.4538397789, 2.20077800751, 2.165620327, 2.34288072586, 2.65838813782], "median": [-7.09951734543, -7.10035943985, -7.80493545532, -8.49356651306, -8.66333675385, -11.3118171692], "max": [-4.94667053223, -4.88729000092, -5.66504430771, -5.95154571533, -6.06864070892, -7.79786586761], "dmean": [0.392521172762, 0.341800332069, 0.296415746212, 0.25822019577, 0.239643886685, 0.294049173594], "dmean2": [0.643952190876, 0.56966394186, 0.487234920263, 0.416849553585, 0.36597019434, 0.414701491594], "mean": [-7.45389604568, -7.45747423172, -8.12392616272, -8.67987442017, -8.74324035645, -11.3758239746], "dvar2": [0.282787144184, 0.250511467457, 0.168589606881, 0.143467664719, 0.146792694926, 0.241688027978], "min": [-27.2192115784, -27.1138553619, -27.2971324921, -27.2200069427, -27.259979248, -27.0923862457]}, "spectral_strongpeak": {"dvar": 0.285166412592, "var": 0.772241950035, "median": 0.424290060997, "max": 7.72236251831, "dmean": 0.314704626799, "dmean2": 0.540287613869, "mean": 0.71341252327, "dvar2": 0.726531505585, "min": 0}, "erbbands_crest": {"dvar": 6.24387693405, "var": 39.0956268311, "median": 10.719707489, "max": 33.4888114929, "dmean": 2.59808492661, "dmean2": 4.0317401886, "mean": 12.2553501129, "dvar2": 15.4197559357, "min": 2.35739374161}, "barkbands_crest": {"dvar": 7.69039201736, "var": 24.1956481934, "median": 13.3963890076, "max": 26.9084739685, "dmean": 3.12226843834, "dmean2": 5.09829854965, "mean": 14.0871267319, "dvar2": 20.8352680206, "min": 2.62448906898}, "spectral_energyband_middle_low": {"dvar": 3.48256617144e-05, "var": 0.000221104332013, "median": 0.00686644250527, "max": 0.153231844306, "dmean": 0.00343172857538, "dmean2": 0.00538286659867, "mean": 0.0126862600446, "dvar2": 8.68517527124e-05, "min": 2.9440660063e-22}, "spectral_contrast_coeffs": {"dvar": [0.00173742335755, 0.00116205844097, 0.000791392871179, 0.00047551249736, 0.000282565568341, 0.000216331594856], "var": [0.00722711486742, 0.01237640623, 0.00776696903631, 0.00470308493823, 0.00184290297329, 0.00154998223297], "median": [-0.674340546131, -0.734605193138, -0.771624147892, -0.821900546551, -0.837246119976, -0.790112733841], "max": [-0.324515342712, -0.280561298132, -0.437419474125, -0.535364210606, -0.598542630672, -0.644736886024], "dmean": [0.0508291088045, 0.041461519897, 0.034790828824, 0.0261381175369, 0.0180225130171, 0.0158658418804], "dmean2": [0.0847045257688, 0.0674336925149, 0.0565157756209, 0.0430700369179, 0.0302767083049, 0.0263277944177], "mean": [-0.668446540833, -0.714331686497, -0.758608043194, -0.804461479187, -0.830520451069, -0.791779577732], "dvar2": [0.00476617738605, 0.00301122432575, 0.00203176913783, 0.00122964312322, 0.000757317815442, 0.000581112981308], "min": [-0.964761555195, -0.979513704777, -0.983210265636, -0.981356680393, -0.968763291836, -0.962338149548]}, "hfc": {"dvar": 30.4679508209, "var": 218.056304932, "median": 4.97312116623, "max": 129.744949341, "dmean": 2.71475362778, "dmean2": 4.12955999374, "mean": 12.6085596085, "dvar2": 76.012588501, "min": 1.18530481916e-16}, "spectral_energyband_high": {"dvar": 2.44200492716e-07, "var": 4.15309273194e-07, "median": 2.31024023378e-05, "max": 0.010264063254, "dmean": 0.000159339702805, "dmean2": 0.000251465913607, "mean": 0.000281240936602, "dvar2": 6.41844792426e-07, "min": 7.99310361244e-21}, "erbbands_spread": {"dvar": 72.9035797119, "var": 395.196075439, "median": 26.7981414795, "max": 126.363624573, "dmean": 6.99995613098, "dmean2": 10.732052803, "mean": 30.7251930237, "dvar2": 167.829376221, "min": 0.487627416849}, "dissonance": {"dvar": 0.000756846740842, "var": 0.00235174689442, "median": 0.445512801409, "max": 0.499912470579, "dmean": 0.0270817112178, "dmean2": 0.0456799827516, "mean": 0.433487474918, "dvar2": 0.00214381096885, "min": 0.161386668682}, "spectral_kurtosis": {"dvar": 29.5044078827, "var": 121.932670593, "median": 6.03138828278, "max": 104.657783508, "dmean": 3.57303357124, "dmean2": 5.99125766754, "mean": 9.65789794922, "dvar2": 77.5977325439, "min": -1.16964924335}, "spectral_skewness": {"dvar": 0.157394573092, "var": 1.01110053062, "median": 2.01734805107, "max": 8.43019580841, "dmean": 0.347267687321, "dmean2": 0.568903148174, "mean": 2.24934625626, "dvar2": 0.398736029863, "min": 0.0821663886309}, "pitch_salience": {"dvar": 0.00634611677378, "var": 0.0177442133427, "median": 0.452033370733, "max": 0.854645252228, "dmean": 0.0858615040779, "dmean2": 0.140798717737, "mean": 0.446618229151, "dvar2": 0.0163522362709, "min": 0.0422317869961}, "spectral_complexity": {"dvar": 7.61021947861, "var": 68.2209472656, "median": 8, "max": 53, "dmean": 1.95437788963, "dmean2": 3.16004157066, "mean": 10.1570091248, "dvar2": 17.0871391296, "min": 0}, "spectral_spread": {"dvar": 628575830016, "var": 3252448133120.0, "median": 3764194.75, "max": 43472664, "dmean": 529714.0625, "dmean2": 806784.875, "mean": 4042803, "dvar2": 1077563293700.0, "min": 824245.5}, "dynamic_complexity": 6.85490179062, "melbands_crest": {"dvar": 10.5328397751, "var": 37.0884971619, "median": 17.9632587433, "max": 37.3639297485, "dmean": 3.76814389229, "dmean2": 6.20622825623, "mean": 18.5278396606, "dvar2": 27.4909381866, "min": 1.97136306763}, "zerocrossingrate": {"dvar": 8.73829922057e-05, "var": 0.00144322868437, "median": 0.02392578125, "max": 0.51025390625, "dmean": 0.00569590181112, "dmean2": 0.00729423202574, "mean": 0.0311866085976, "dvar2": 0.000122336117784, "min": 0.00146484375}, "spectral_energyband_low": {"dvar": 0.000489753496367, "var": 0.0010070358403, "median": 0.00686037447304, "max": 0.228666588664, "dmean": 0.0127666918561, "dmean2": 0.0211447048932, "mean": 0.0219807848334, "dvar2": 0.00128055294044, "min": 4.55911053011e-23}, "melbands_kurtosis": {"dvar": 1010.87188721, "var": 2620.08496094, "median": 14.6807689667, "max": 947.998779297, "dmean": 15.96326828, "dmean2": 25.4379119873, "mean": 31.3160305023, "dvar2": 2325.36816406, "min": -1.95038604736}, "spectral_energyband_middle_high": {"dvar": 2.19242838284e-06, "var": 1.8984586859e-05, "median": 0.000590150419157, "max": 0.04018484056, "dmean": 0.000773866835516, "dmean2": 0.00111401488539, "mean": 0.00283923512325, "dvar2": 4.50997549706e-06, "min": 1.25345125835e-21}, "barkbands_spread": {"dvar": 24.9197998047, "var": 193.375961304, "median": 7.78156280518, "max": 133.854431152, "dmean": 3.18877649307, "dmean2": 5.14532852173, "mean": 10.8180847168, "dvar2": 61.2525138855, "min": 0.0798596888781}, "mfcc": {"mean": [-741.227416992, 155.765823364, 18.9784069061, 23.8860263824, 7.71812009811, 8.44155979156, 4.13997745514, 6.02262306213, 2.84272742271, 2.6924328804, 1.24020886421, 3.07057619095, -0.76830804348], "cov": [[17363.0019531, -215.987442017, -959.597351074, 7.7232375145, 290.517547607, 64.7596282959, -208.473876953, -39.9194717407, 143.161209106, 96.363067627, -83.7932281494, 363.188293457, 162.661056519], [-215.987442017, 1867.30700684, -64.2898406982, 5.8367433548, 15.4812679291, -44.8414916992, -26.3287773132, -20.5956325531, -74.503692627, -33.3136749268, -0.287212222815, -26.6509304047, 8.28767967224], [-959.597351074, -64.2898406982, 598.989440918, 211.233963013, 91.1404647827, 88.1023483276, 111.060173035, 28.7513904572, 4.39545297623, -7.080701828, -32.9441184998, -49.8731498718, -24.3925819397], [7.7232375145, 5.8367433548, 211.233963013, 341.159179688, 102.603996277, 105.662689209, 55.7325057983, 47.9558258057, 24.6288375854, 11.9090232849, -2.10218811035, -26.0967197418, -17.7770195007], [290.517547607, 15.4812679291, 91.1404647827, 102.603996277, 204.750808716, 85.6467208862, 62.7855644226, 5.25867462158, -5.33784484863, -8.62352085114, -13.5790624619, 25.2940044403, 9.67442703247], [64.7596282959, -44.8414916992, 88.1023483276, 105.662689209, 85.6467208862, 193.471557617, 127.060050964, 63.1772384644, 31.9712982178, 10.7635984421, -2.08850431442, 3.83518815041, -17.35313797], [-208.473876953, -26.3287773132, 111.060173035, 55.7325057983, 62.7855644226, 127.060050964, 183.601303101, 92.6680297852, 37.0237159729, 13.1608476639, 1.75811803341, 4.31216287613, -11.1921539307], [-39.9194717407, -20.5956325531, 28.7513904572, 47.9558258057, 5.25867462158, 63.1772384644, 92.6680297852, 150.851593018, 85.4852218628, 55.8554992676, 24.3726100922, -15.9541187286, -21.9859809875], [143.161209106, -74.503692627, 4.39545297623, 24.6288375854, -5.33784484863, 31.9712982178, 37.0237159729, 85.4852218628, 122.873374939, 77.8879623413, 32.3921394348, 2.15886998177, -12.093744278], [96.363067627, -33.3136749268, -7.080701828, 11.9090232849, -8.62352085114, 10.7635984421, 13.1608476639, 55.8554992676, 77.8879623413, 112.225921631, 60.8977546692, 10.320438385, -20.0872879028], [-83.7932281494, -0.287212222815, -32.9441184998, -2.10218811035, -13.5790624619, -2.08850431442, 1.75811803341, 24.3726100922, 32.3921394348, 60.8977546692, 97.500038147, 41.78647995, 6.32232618332], [363.188293457, -26.6509304047, -49.8731498718, -26.0967197418, 25.2940044403, 3.83518815041, 4.31216287613, -15.9541187286, 2.15886998177, 10.320438385, 41.78647995, 135.48147583, 77.1528320312], [162.661056519, 8.28767967224, -24.3925819397, -17.7770195007, 9.67442703247, -17.35313797, -11.1921539307, -21.9859809875, -12.093744278, -20.0872879028, 6.32232618332, 77.1528320312, 113.799621582]], "icov": [[7.78392059146e-05, 5.7089123402e-06, 0.000145569589222, -6.41354417894e-05, -0.000119583804917, -5.54870166525e-05, 0.000142591787153, -1.77320343937e-05, -8.4594496002e-05, -0.000148265418829, 0.000330268318066, -0.000265936774667, 4.85980744998e-05], [5.7089123402e-06, 0.000566416303627, 0.000114256043162, -8.24286253192e-05, -0.000138201619848, 0.000173694294062, -4.54323817394e-05, -0.00019109461573, 0.000510955462232, -