{"tonal": {"chords_number_rate": 0.0037415814586, "thpcp": [1, 0.654946208, 0.232978373766, 0.170586004853, 0.159998863935, 0.191561639309, 0.328145593405, 0.49556094408, 0.52440983057, 0.428769439459, 0.440067559481, 0.581209719181, 0.540565669537, 0.308037668467, 0.168261498213, 0.17356801033, 0.236365959048, 0.287473142147, 0.314267486334, 0.323133587837, 0.328048974276, 0.273907542229, 0.159657433629, 0.117860674858, 0.143040627241, 0.188938200474, 0.200485780835, 0.164660587907, 0.122222825885, 0.0955024734139, 0.0839345604181, 0.0890882611275, 0.10756264627, 0.142694875598, 0.173391312361, 0.575906455517], "hpcp": {"dvar": [0.0636605843902, 0.0630406811833, 0.0486007332802, 0.0537484288216, 0.0569330342114, 0.0408023260534, 0.0615057870746, 0.0614911653101, 0.04232782498, 0.0335611626506, 0.021770818159, 0.0221350248903, 0.0222797878087, 0.0226011965424, 0.0275958608836, 0.0255686454475, 0.019866829738, 0.0205080043525, 0.0179367233068, 0.0183716751635, 0.0148742031306, 0.0178032051772, 0.0253295805305, 0.0452230088413, 0.11531560868, 0.0457417108119, 0.0275844931602, 0.0203105602413, 0.0199645087123, 0.0233790371567, 0.0576353706419, 0.0609303414822, 0.0814306735992, 0.0580340698361, 0.0595295131207, 0.0626329258084], "mean": [0.180045321584, 0.102597609162, 0.0560425855219, 0.0578100122511, 0.0787260234356, 0.0957482159138, 0.104672558606, 0.107625573874, 0.109262734652, 0.0912299379706, 0.0531768389046, 0.0392556637526, 0.0476423092186, 0.0629293397069, 0.0667754709721, 0.0548432320356, 0.0407085567713, 0.0318088531494, 0.0279559474438, 0.0296724811196, 0.035825714469, 0.0475271493196, 0.057751160115, 0.191816225648, 0.333068370819, 0.218141868711, 0.0775977298617, 0.0568168051541, 0.0532905608416, 0.0638031214476, 0.10929492116, 0.165055677295, 0.174664318562, 0.142809540033, 0.146572589874, 0.193582564592], "min": [0, 0, 0, 0, 0, 0, 0, 0, 0, 0, 0, 0, 0, 0, 0, 0, 0, 0, 0, 0, 0, 0, 0, 0, 0, 0, 0, 0, 0, 0, 0, 0, 0, 0, 0, 0], "median": [0.0166370943189, 0.00743468990549, 0.00395484408364, 0.00255397940055, 0.00239266525023, 0.0039728670381, 0.00953600183129, 0.0209296420217, 0.030067525804, 0.0256329625845, 0.012726502493, 0.00633986759931, 0.00746223563328, 0.00925887562335, 0.00877899955958, 0.00755147263408, 0.00520924665034, 0.00287786195986, 0.00198867055587, 0.0026649874635, 0.0050334460102, 0.00791333336383, 0.00858625024557, 0.0290627721697, 0.0392029173672, 0.0453178584576, 0.013415585272, 0.00793743878603, 0.00534758716822, 0.00598246976733, 0.0106110610068, 0.0201448239386, 0.0329656712711, 0.0342367254198, 0.030327167362, 0.0236436855048], "dvar2": [0.168020859361, 0.17993247509, 0.153624221683, 0.178114801645, 0.173767313361, 0.113129578531, 0.193701952696, 0.198761940002, 0.124496676028, 0.0947968736291, 0.0620484016836, 0.0649048760533, 0.0643028765917, 0.0619040578604, 0.0764090716839, 0.0745554864407, 0.0554151982069, 0.0585754327476, 0.0502784773707, 0.0527439378202, 0.0428843609989, 0.0475586690009, 0.06787109375, 0.124728046358, 0.320807486773, 0.126445546746, 0.0745658800006, 0.0556648001075, 0.0559436790645, 0.0672930106521, 0.171018332243, 0.174790143967, 0.27320510149, 0.172968775034, 0.164586544037, 0.167298138142], "var": [0.10007006675, 0.0505308918655, 0.0285114496946, 0.0321530923247, 0.0498023033142, 0.0600821338594, 0.055681027472, 0.0468908026814, 0.0388226024806, 0.0325701162219, 0.0167207345366, 0.0144939441234, 0.0166795235127, 0.0234749726951, 0.0277385637164, 0.0228560417891, 0.0162583310157, 0.0139332003891, 0.0124050797895, 0.0127129880711, 0.0122030060738, 0.0172177720815, 0.0254807490855, 0.0620976388454, 0.180885568261, 0.0742220282555, 0.0299780666828, 0.0190003737807, 0.0165039859712, 0.0199752952904, 0.053842201829, 0.0899806842208, 0.0851358175278, 0.0569859705865, 0.0616507381201, 0.0961284711957], "dmean2": [0.25817027688, 0.24951325357, 0.181016340852, 0.183150842786, 0.185106769204, 0.14942227304, 0.228016123176, 0.251971960068, 0.208829149604, 0.164035856724, 0.116220198572, 0.107142619789, 0.115199394524, 0.120637349784, 0.129159390926, 0.117089234293, 0.0901566147804, 0.0802428796887, 0.0702378302813, 0.0719643831253, 0.0746232122183, 0.0905911549926, 0.108978636563, 0.260769158602, 0.400570571423, 0.276677876711, 0.149281710386, 0.117430925369, 0.121556915343, 0.161178663373, 0.240076601505, 0.256000816822, 0.343610137701, 0.301077485085, 0.284080654383, 0.27840539813], "max": [1, 1, 1, 1, 1, 1, 1, 1, 1, 1, 1, 1, 1, 1, 1, 1, 1, 1, 1, 1, 1, 1, 1, 1, 1, 1, 1, 1, 1, 1, 1, 1, 1, 1, 1, 1], "dmean": [0.143264055252, 0.136333405972, 0.0934058949351, 0.095139734447, 0.0989680215716, 0.0826679542661, 0.122707873583, 0.136200338602, 0.116608686745, 0.0928062647581, 0.0645750761032, 0.0574877671897, 0.0627741515636, 0.0683717876673, 0.0730420872569, 0.0645321160555, 0.0498266406357, 0.0434020422399, 0.0378352738917, 0.0390783436596, 0.0419544838369, 0.0505171827972, 0.0618561580777, 0.140987500548, 0.21198104322, 0.152459830046, 0.0837202295661, 0.0646644458175, 0.0668745264411, 0.0874768421054, 0.131478533149, 0.141688928008, 0.185325503349, 0.164367377758, 0.15865829587, 0.157410249114]}, "key_strength": 0.418540418148, "chords_strength": {"dvar": 0.00055222568335, "mean": 0.468494713306, "min": -1, "median": 0.483069777489, "dvar2": 0.0010571195744, "var": 0.0330446064472, "dmean2": 0.0134936049581, "max": 0.725413262844, "dmean": 0.0112205212936}, "tuning_equal_tempered_deviation": 0.188816860318, "chords_key": "A", "tuning_frequency": 434.193115234, "chords_scale": "major", "chords_changes_rate": 0.0950361713767, "key_scale": "minor", "tuning_diatonic_strength": 0.507731735706, "hpcp_entropy": {"dvar": 0.263345897198, "mean": 2.30638623238, "min": 0, "median": 2.31432938576, "dvar2": 0.71954202652, "var": 0.613143265247, "dmean2": 1.02969646454, "max": 4.44188213348, "dmean": 0.602686882019}, "chords_histogram": [3.8663008213, 0, 0.0748316273093, 0.0498877540231, 1.24719381332, 9.80294322968, 8.25642299652, 7.60788249969, 10.6260910034, 9.10451507568, 6.4604640007, 0.848091781139, 0.0748316273093, 1.34696936607, 0.0997755080462, 12.1227235794, 8.80518817902, 7.95709657669, 0.124719381332, 0, 0, 1.47168874741, 4.76428031921, 5.28810167313], "tuning_nontempered_energy_ratio": 0.84380710125, "key_key": "F"}, "metadata": {"version": {"extractor": "music 1.0", "essentia_build_sha": "ca57ba49d9b1854bd80e60cf9ccf267278fb7d6b", "essentia": "2.1-beta1", "essentia_git_sha": "v2.1_beta1-28-g21ef5f4-dirty"}, "audio_properties": {"sample_rate": 44100, "length": 186.097396851, "lossless": false, "analysis_sample_rate": 44100, "downmix": "mix", "bit_rate": 154682, "equal_loudness": 0, "md5_encoded": "b4fc5651d806e3ecf1cb7305618d3390", "codec": "mp3", "replay_gain": -4.13744544983}, "tags": {"catalognumber": ["86712-2"], "musicbrainz_recordingid": ["bace31c4-1e72-4a82-8cb2-5751d87ec06f"], "title": ["You Make Me Brave"], "artist": ["Billy Bragg"], "artists": ["Billy Bragg"], "artistsort": ["Bragg, Billy"], "originaldate": ["2008"], "musicbrainz_artistid": ["7cec4a03-0a83-4308-856a-afb8aa5db0fc"], "isrc": ["GBCEJ0700522"], "tracknumber": ["6/12"], "musicbrainz_albumartistid": ["7cec4a03-0a83-4308-856a-afb8aa5db0fc"], "barcode": ["045778671229"], "musicbrainz album status": ["official"], "date": ["2008"], "albumartistsort": ["Bragg, Billy"], "musicbrainz_releasegroupid": ["fa0cab24-ce3a-3fdc-82d6-0359c488b996"], "media": ["CD"], "musicbrainz release track id": ["c8fc4f8a-f185-3e46-9c3d-3e39d584c976"], "musicbrainz album release country": ["US"], "label": ["ANTI‐"], "musicbrainz album type": ["album"], "asin": ["B0014DBZS8"], "script": ["Latn"], "musicbrainz_albumid": ["a7096297-b0f7-4b99-a432-3a3bfb0ebdeb"], "file_name": "06 - You Make Me Brave.mp3", "album": ["Mr Love & Justice"], "albumartist": ["Billy Bragg"]}}, "lowlevel": {"melbands": {"dvar": [0.00016605129349, 9.6623061836e-06, 2.79191385744e-06, 3.48166668118e-06, 1.9120336674e-06, 1.40008614835e-06, 1.20878837606e-07, 7.06319198684e-08, 8.18292278382e-08, 4.06064657454e-08, 5.78998227141e-09, 6.84116940874e-09, 3.42413231103e-09, 5.05516961624e-09, 3.59118046411e-09, 6.63576471549e-10, 7.19603154842e-10, 4.27932089764e-09, 1.86692172832e-09, 1.33695124416e-10, 7.10667497072e-11, 5.20866787201e-11, 3.33129461516e-11, 4.16211475007e-11, 1.41871264736e-10, 6.76595099391e-11, 1.77324252504e-10, 4.49669398939e-11, 9.90281988356e-12, 4.08299305824e-12, 2.3259827224e-12, 1.40826066086e-12, 9.65578962273e-13, 8.55509077208e-13, 4.72931210253e-13, 4.03634401293e-13, 2.04341995798e-13, 2.64770545983e-13, 6.50874888925e-14, 3.19531363242e-15], "mean": [0.00934276357293, 0.00344380666502, 0.00129280565307, 0.00117132731248, 0.000579313840717, 0.000431758671766, 0.000193095038412, 0.000146234713611, 0.000120015567518, 8.8371700258e-05, 3.57784119842e-05, 2.88298670057e-05, 2.51552883128e-05, 3.00166484521e-05, 2.88150822598e-05, 1.32014165501e-05, 1.07303440018e-05, 2.76263453998e-05, 1.8026556063e-05, 5.04558192915e-06, 3.63208937415e-06, 2.58127965935e-06, 2.35468564824e-06, 2.35946299654e-06, 3.07231948682e-06, 2.77048707176e-06, 2.71922181128e-06, 2.05359719985e-06, 1.11095812372e-06, 8.26609152682e-07, 6.33964191366e-07, 4.88331636461e-07, 3.62096415074e-07, 2.78922385633e-07, 2.16630979821e-07, 1.74536211262e-07, 1.28355083007e-07, 1.1305749581e-07, 5.98791274342e-08, 3.16638768538e-08], "min": [6.25357353878e-25, 9.6067845886e-25, 6.57529616087e-25, 9.33042491982e-25, 8.03547621732e-25, 1.54045049925e-24, 1.35140580117e-24, 1.18442623285e-24, 2.06421469727e-24, 2.41597842453e-24, 1.70293494091e-24, 2.65424557792e-24, 2.13967811754e-24, 3.04434459251e-24, 2.99945308219e-24, 2.63272663571e-24, 3.52990129867e-24, 3.09775757554e-24, 3.05704604195e-24, 2.26344999914e-24, 2.90352779333e-24, 3.41122230307e-24, 3.30499744902e-24, 3.68523116635e-24, 1.92857460057e-24, 4.620712126e-24, 4.18125191519e-24, 4.096145262e-24, 4.77606487064e-24, 5.55334766436e-24, 4.90364655598e-24, 5.18167387671e-24, 5.62227044165e-24, 4.76919823089e-24, 5.69235915535e-24, 4.78822713365e-24, 5.82260442954e-24, 6.0664109642e-24, 6.48862825334e-24, 5.92387484268e-24], "median": [0.00727110449225, 0.00219750031829, 0.000477525987662, 0.000477048044559, 0.000171826482983, 7.04619960743e-05, 5.46314222447e-05, 3.33103853336e-05, 2.39173732552e-05, 1.87869245565e-05, 8.0552745203e-06, 9.45947704167e-06, 6.02675254413e-06, 5.81769290875e-06, 4.3195368562e-06, 3.7318327486e-06, 1.76740581992e-06, 1.85868270819e-06, 1.77304514182e-06, 1.38770076319e-06, 1.00134684544e-06, 5.88789362155e-07, 6.12095846009e-07, 5.03265368934e-07, 5.62765421819e-07, 4.78890342492e-07, 3.45413582181e-07, 2.67596050207e-07, 2.21092392394e-07, 1.77982599325e-07, 1.33997943408e-07, 1.04013530233e-07, 7.17117956128e-08, 5.43952616283e-08, 4.56471198618e-08, 3.77514268735e-08, 2.83358652098e-08, 2.09917985217e-08, 1.31877477827e-08, 8.92450380263e-09], "dvar2": [0.000459768925793, 2.37669482885e-05, 5.5856862673e-06, 8.19208435132e-06, 4.93523066325e-06, 2.58539739662e-06, 2.32913919263e-07, 1.52085206651e-07, 1.49779694425e-07, 8.82199984176e-08, 1.28392754206e-08, 1.74390937246e-08, 6.37076258414e-09, 1.02039923178e-08, 7.84289699851e-09, 1.51879930854e-09, 1.49460677168e-09, 9.16926445882e-09, 4.41052439015e-09, 3.27913030063e-10, 1.48717121951e-10, 1.00632911726e-10, 6.90278736948e-11, 8.41939434837e-11, 3.74865222197e-10, 1.2966555607e-10, 3.2403851824e-10, 7.97362939564e-11, 2.08063965362e-11, 8.34030500912e-12, 4.54577564826e-12, 2.65155432333e-12, 2.03596883276e-12, 2.04793777422e-12, 1.09074760942e-12, 9.47338453343e-13, 4.69637946154e-13, 6.41292086708e-13, 1.65251276205e-13, 7.86648815477e-15], "var": [0.000153346016305, 1.77299971256e-05, 8.49267871672e-06, 7.17552075002e-06, 2.90576758744e-06, 4.17294813815e-06, 4.01818283535e-07, 1.70888739603e-07, 2.44885058009e-07, 1.15835931069e-07, 1.25177965771e-08, 9.29503052305e-09, 1.21318279867e-08, 1.53191699326e-08, 9.12324793489e-09, 1.21723819912e-09, 1.67112201854e-09, 1.45138576713e-08, 3.66841490518e-09, 1.74240608053e-10, 1.13232402621e-10, 8.80720218976e-11, 4.85863640987e-11, 7.2884545621e-11, 1.99615796115e-10, 1.71214487033e-10, 5.39342237538e-10, 1.30088884109e-10, 1.63125294522e-11, 7.11831765407e-12, 4.2627047725e-12, 2.76273687087e-12, 1.64381193119e-12, 1.07722999357e-12, 5.5901810958e-13, 4.24661743487e-13, 2.20460219633e-13, 2.48680904428e-13, 5.56000863026e-14, 3.79346712395e-15], "dmean2": [0.00878054928035, 0.00283302576281, 0.00103363918606, 0.000853507313877, 0.000519955181517, 0.000318313919706, 0.00015146410442, 0.000124094396597, 9.82690980891e-05, 7.54314969527e-05, 3.44118052453e-05, 2.98200211546e-05, 2.22056660277e-05, 2.56074235949e-05, 2.63041001745e-05, 1.30520047605e-05, 1.10476003101e-05, 2.3322265406e-05, 1.77974197868e-05, 5.52841083845e-06, 3.92755691792e-06, 2.88483920485e-06, 2.62976300291e-06, 2.54462952398e-06, 3.30584111907e-06, 2.65011067313e-06, 2.40910367211e-06, 1.92928359866e-06, 1.1722072486e-06, 8.68132417509e-07, 6.76706179092e-07, 5.25787072547e-07, 4.15340934978e-07, 3.56725053052e-07, 2.87667660359e-07, 2.4202398663e-07, 1.85613984627e-07, 1.84152298743e-07, 9.85589423408e-08, 4.91978227046e-08], "max": [0.180857956409, 0.0843813195825, 0.0643914043903, 0.0783165544271, 0.0462534278631, 0.0619482956827, 0.0148797584698, 0.0101827727631, 0.0140501204878, 0.00809318292886, 0.00313504994847, 0.00540439598262, 0.00418474664912, 0.0043575707823, 0.0019529692363, 0.000756403547712, 0.00139022478834, 0.00244117504917, 0.00109192728996, 0.00031278654933, 0.000229808909353, 0.00027982229949, 0.00011428965081, 0.000257727340795, 0.00055419706041, 0.000436824688222, 0.000936630705837, 0.000293041404802, 9.2434042017e-05, 4.45007681265e-05, 3.61371930921e-05, 5.31048463017e-05, 2.90839816444e-05, 3.12262636726e-05, 2.13421008084e-05, 2.8312608265e-05, 1.82463845704e-05, 1.94064032257e-05, 1.28660249175e-05, 9.28498934627e-07], "dmean": [0.00518331490457, 0.00179967621807, 0.000677289906889, 0.00056644185679, 0.000332896102918, 0.000224144096137, 0.000100897901575, 8.10575293144e-05, 6.72763344483e-05, 5.0005306548e-05, 2.24876221182e-05, 1.87169098353e-05, 1.46820711961e-05, 1.73333246494e-05, 1.73507924046e-05, 8.38998948893e-06, 7.20075649951e-06, 1.58356378961e-05, 1.17287172543e-05, 3.56284499503e-06, 2.55473901234e-06, 1.97008557734e-06, 1.77379695288e-06, 1.74536546638e-06, 2.16481817006e-06, 1.81971302027e-06, 1.72057559666e-06, 1.35639402288e-06, 8.03918112524e-07, 5.88663908729e-07, 4.620282823e-07, 3.57872721679e-07, 2.79617864862e-07, 2.34303584534e-07, 1.89341989199e-07, 1.57310097393e-07, 1.18325559129e-07, 1.15745997675e-07, 6.11044939092e-08, 3.06285130591e-08]}, "spectral_decrease": {"dvar": 1.79437749182e-16, "mean": -1.30075399341e-08, "min": -2.06777500011e-07, "median": -9.50396739086e-09, "dvar2": 4.86342124935e-16, "var": 2.18258314711e-16, "dmean2": 9.28059229466e-09, "max": 2.3738571938e-28, "dmean": 5.64192825792e-09}, "spectral_rolloff": {"dvar": 7169728, "mean": 995.567810059, "min": 43.06640625, "median": 193.798828125, "dvar2": 19047036, "var": 13004743, "dmean2": 965.613098145, "max": 21963.8671875, "dmean": 511.139404297}, "melbands_crest": {"dvar": 12.1948060989, "mean": 22.5178337097, "min": 1.62759399414, "median": 23.3812980652, "dvar2": 31.2610797882, "var": 52.4203834534, "dmean2": 5.83967781067, "max": 37.9958839417, "dmean": 3.64116930962}, "barkbands_skewness": {"dvar": 1.6706302166, "mean": 4.23422670364, "min": -2.21970033646, "median": 3.79113769531, "dvar2": 3.54738092422, "var": 7.06037664413, "dmean2": 1.7343660593, "max": 32.379322052, "dmean": 1.1355394125}, "spectral_centroid": {"dvar": 66843.28125, "mean": 757.047973633, "min": 107.093635559, "median": 457.137145996, "dvar2": 119297.765625, "var": 2079451.875, "dmean2": 222.284622192, "max": 11852.4638672, "dmean": 152.854064941}, "spectral_energyband_middle_low": {"dvar": 0.000148676452227, "mean": 0.0119772879407, "min": 1.6977166418e-22, "median": 0.00506039615721, "dvar2": 0.000334537355229, "var": 0.000491916784085, "dmean2": 0.00678364792839, "max": 0.312046855688, "dmean": 0.00460050581023}, "erbbands_crest": {"dvar": 5.45764017105, "mean": 8.71695137024, "min": 2.28172492981, "median": 7.84792280197, "dvar2": 11.9461641312, "var": 16.6832542419, "dmean2": 3.78704190254, "max": 30.5415401459, "dmean": 2.43070459366}, "dynamic_complexity": 4.33727645874, "spectral_energyband_low": {"dvar": 0.00201003230177, "mean": 0.0365006923676, "min": 1.45344213908e-23, "median": 0.0272690840065, "dvar2": 0.00550554739311, "var": 0.00203895615414, "dmean2": 0.031224610284, "max": 0.639004349709, "dmean": 0.0185996536165}, "silence_rate_60dB": {"dvar": 0.0123204113916, "mean": 0.0547654703259, "min": 0, "median": 0, "dvar2": 0.0283283200115, "var": 0.0517670698464, "dmean2": 0.0249563269317, "max": 1, "dmean": 0.0124766062945}, "erbbands_kurtosis": {"dvar": 3.19156694412, "mean": 1.32274580002, "min": -1.62077569962, "median": 0.548538684845, "dvar2": 7.71451807022, "var": 7.02200317383, "dmean2": 1.86035680771, "max": 38.0453109741, "dmean": 1.19684898853}, "spectral_complexity": {"dvar": 12.9376363754, "mean": 9.65406703949, "min": 0, "median": 8, "dvar2": 20.2140407562, "var": 54.694190979, "dmean2": 3.59720492363, "max": 53, "dmean": 2.40873360634}, "barkbands_crest": {"dvar": 5.77190065384, "mean": 15.4206218719, "min": 3.21747851372, "median": 15.8464164734, "dvar2": 14.5906038284, "var": 23.2572059631, "dmean2": 4.28893470764, "max": 26.430688858, "dmean": 2.70361185074}, "spectral_energy": {"dvar": 0.00260925106704, "mean": 0.051964726299, "min": 9.55190770534e-21, "median": 0.0374840125442, "dvar2": 0.00701666250825, "var": 0.0033990193624, "dmean2": 0.0354567170143, "max": 0.793574333191, "dmean": 0.0216939412057}, "spectral_spread": {"dvar": 660024000512, "mean": 4745209, "min": 882358.5, "median": 4143720, "dvar2": 1550846263300.0, "var": 24019334070300.0, "dmean2": 1150322, "max": 42461704, "dmean": 729580.5625}, "spectral_contrast_valleys": {"dvar": [0.123471103609, 0.141484051943, 0.155673116446, 0.202314019203, 0.237934306264, 0.424482256174], "mean": [-6.73999881744, -7.22333812714, -7.99773693085, -8.54918384552, -8.70378017426, -11.4034795761], "min": [-28.2610530853, -28.2632541656, -27.8285903931, -27.9299907684, -27.5759735107, -27.4044914246], "median": [-6.2705411911, -6.84561109543, -7.61838817596, -8.18005371094, -8.32755756378, -11.0571231842], "dvar2": [0.243414357305, 0.295094192028, 0.319994062185, 0.438714236021, 0.532605588436, 1.10839247704], "var": [8.21211719513, 8.01996040344, 7.37318611145, 7.1521935463, 7.07654571533, 5.54802656174], "dmean2": [0.575310885906, 0.651262044907, 0.655808210373, 0.71229249239, 0.760832488537, 1.16882061958], "max": [-4.47410869598, -4.24510240555, -5.1766462326, -5.79072999954, -5.7066283226, -8.77607250214], "dmean": [0.363500744104, 0.417325794697, 0.425537228584, 0.467373162508, 0.510712146759, 0.745175242424]}, "spectral_rms": {"dvar": 3.60750914297e-06, "mean": 0.00634024478495, "min": 3.05269308096e-12, "median": 0.00604729447514, "dvar2": 8.96921847016e-06, "var": 1.04985283542e-05, "dmean2": 0.0019472980639, "max": 0.0278247892857, "dmean": 0.00123860035092}, "barkbands_spread": {"dvar": 23.8291034698, "mean": 7.28788423538, "min": 0.163076937199, "median": 4.46672916412, "dvar2": 50.1576156616, "var": 75.4216384888, "dmean2": 4.2100725174, "max": 78.3569488525, "dmean": 2.76569390297}, "pitch_salience": {"dvar": 0.00598220294341, "mean": 0.429556965828, "min": 0.0621354840696, "median": 0.425657451153, "dvar2": 0.0147608295083, "var": 0.0246829725802, "dmean2": 0.135499581695, "max": 0.909888923168, "dmean": 0.084660641849}, "erbbands_skewness": {"dvar": 0.129775047302, "mean": 0.812045872211, "min": -3.73784446716, "median": 0.86130040884, "dvar2": 0.283702611923, "var": 0.670600712299, "dmean2": 0.536517798901, "max": 5.29474592209, "dmean": 0.357767224312}, "spectral_energyband_middle_high": {"dvar": 2.97005044558e-06, "mean": 0.00152327783871, "min": 1.01787775257e-21, "median": 0.000393446243834, "dvar2": 5.43043506696e-06, "var": 1.35241789394e-05, "dmean2": 0.000928327674046, "max": 0.0822777226567, "dmean": 0.000673388887662}, "erbbands": {"dvar": [3.3797929287, 17.9782905579, 21.0475711823, 84.4219360352, 398.523132324, 1132.5760498, 1643.85046387, 3426.9543457, 616.219726562, 576.390075684, 1220.10803223, 1085.83276367, 221.176376343, 347.348815918, 445.031280518, 536.763977051, 234.02897644, 177.292999268, 1566.20922852, 201.331726074, 51.6561355591, 39.1278839111, 41.3370780945, 156.649154663, 134.106719971, 119.083518982, 19.9961967468, 6.76947402954, 3.59047293663, 2.6712641716, 1.41357338428, 0.630719304085, 0.436323821545, 0.00804576370865, 0.00188210175838, 0.00697352038696, 0.00398985203356, 0.000868826231454, 0.000101614379673, 4.98876488564e-06], "mean": [1.22628617287, 4.28411149979, 4.51415967941, 5.8780169487, 14.7706899643, 16.1095428467, 14.5423202515, 19.9924678802, 13.4572896957, 14.0871353149, 14.6685829163, 15.1401643753, 7.6464214325, 7.18786478043, 8.39622688293, 11.4243011475, 8.49398803711, 6.24596357346, 16.9920253754, 7.50547218323, 3.44017553329, 2.51087498665, 2.60706663132, 3.67830681801, 3.75934910774, 3.30295324326, 1.73823928833, 1.17232811451, 0.825866401196, 0.543300628662, 0.368233382702, 0.231677189469, 0.146210566163, 0.0452786721289, 0.0248627793044, 0.0236966535449, 0.0194461494684, 0.0112533373758, 0.00593942869455, 0.00193042145111], "min": [3.40838082609e-23, 6.84890199116e-22, 8.83416676329e-22, 4.07078157268e-21, 1.45759999898e-20, 1.73682143865e-20, 2.07229099842e-20, 5.65596052943e-20, 9.06522225945e-20, 1.31970010514e-19, 2.66785987624e-19, 3.27264109039e-19, 4.24651830717e-19, 7.68350028123e-19, 1.15240218001e-18, 1.05349547039e-18, 1.73022185569e-18, 1.97947381152e-18, 2.33487754517e-18, 2.79016623293e-18, 3.14933405196e-18, 3.86747220064e-18, 5.75155140802e-18, 3.54243612843e-18, 7.87582980322e-18, 7.89216579313e-18, 9.48079924677e-18, 1.01237278594e-17, 1.02413297815e-17, 1.0967249425e-17, 1.14481408002e-17, 9.75178361544e-18, 9.69078648989e-18, 8.28183320892e-18, 6.03445586291e-18, 3.96114337398e-18, 2.24751796671e-18, 8.94169937858e-19, 2.51090132103e-19, 2.4969236812e-20], "median": [1.00957536697, 2.8549861908, 2.60885286331, 2.07745695114, 5.06801986694, 6.48332977295, 4.0311832428, 2.98624563217, 3.55125713348, 3.28852415085, 2.81992483139, 3.36929035187, 1.80290484428, 2.40234160423, 1.94873380661, 2.1126294136, 1.95086979866, 1.15162658691, 1.21825861931, 1.24773025513, 1.04454731941, 0.644590377808, 0.639689445496, 0.70036315918, 0.62575674057, 0.439412951469, 0.366486996412, 0.262287288904, 0.178502336144, 0.107595346868, 0.0787609368563, 0.0522630140185, 0.028627756983, 0.012877849862, 0.00731624476612, 0.00574337597936, 0.00460758851841, 0.00269146263599, 0.00131706497632, 0.000642583414447], "dvar2": [9.45888900757, 46.1719474792, 48.5651550293, 169.816146851, 867.200683594, 2638.77856445, 4283.86767578, 6201.00683594, 1189.203125, 1229.98693848, 2216.71508789, 2324.89208984, 488.267364502, 878.964599609, 689.48046875, 1090.3380127, 530.203186035, 365.778747559, 3440.33496094, 483.531066895, 110.045936584, 74.0736312866, 82.8080368042, 386.720336914, 200.25050354, 183.007247925, 39.8887519836, 12.4079608917, 6.56417512894, 6.08652591705, 3.25345516205, 1.44604301453, 1.05787742138, 0.0198744088411, 0.0046319863759, 0.0170347243547, 0.00911037623882, 0.00202304264531, 0.000179848560947, 1.01263140095e-05], "var": [2.91705393791, 26.5284824371, 43.4811096191, 203.718490601, 1540.95788574, 1489.75939941, 2448.89892578, 10019.0009766, 2094.77661133, 1460.81628418, 3745.48535156, 3239.01269531, 527.182739258, 504.237091064, 1850.52758789, 1397.64916992, 589.766357422, 436.469085693, 4788.75683594, 412.658782959, 83.489944458, 68.6682052612, 67.2949142456, 258.584991455, 485.964324951, 415.327880859, 36.7962608337, 13.639840126, 7.43521118164, 3.82230472565, 1.64898204803, 0.692586123943, 0.407840102911, 0.00892788544297, 0.00225540949032, 0.00662447838113, 0.00448955316097, 0.00120121752843, 0.000311255455017, 1.44414543684e-05], "dmean2": [1.20100951195, 3.82030916214, 3.92786669731, 5.39395427704, 11.457036972, 13.3148412704, 13.7452220917, 14.8985815048, 10.5677976608, 11.9174489975, 11.8756246567, 12.6422605515, 6.87995147705, 7.01346588135, 6.87898445129, 9.67501449585, 7.65063381195, 5.48491001129, 14.2802000046, 7.09798765182, 3.42975282669, 2.61882352829, 2.73346924782, 3.68694019318, 3.17316818237, 2.8429608345, 1.73041510582, 1.16376912594, 0.859410583973, 0.646364092827, 0.483558744192, 0.322645753622, 0.234607875347, 0.0691033527255, 0.0380002371967, 0.0367847904563, 0.0263524670154, 0.0118032749742, 0.00429201312363, 0.00102627847809], "max": [26.1458358765, 60.4479446411, 147.552581787, 423.311828613, 813.545776367, 1381.25109863, 1159.78198242, 3081.11035156, 1043.74755859, 749.883911133, 1964.1628418, 1312.43115234, 582.784423828, 1208.53527832, 1825.73791504, 632.428283691, 462.43737793, 606.12322998, 1439.88769531, 307.831298828, 140.952926636, 203.838989258, 197.715713501, 603.033447266, 837.727966309, 625.109741211, 122.796913147, 54.7755737305, 74.6074142456, 52.4381523132, 41.5171661377, 34.0705909729, 28.4189720154, 2.98012661934, 0.710003495216, 3.82292294502, 2.51376056671, 1.09903872013, 0.338277161121, 0.0758267939091], "dmean": [0.70232886076, 2.38507008553, 2.51814627647, 3.50861310959, 7.44168376923, 8.76811122894, 8.62267494202, 10.5233564377, 7.06665754318, 7.74181127548, 8.15378856659, 8.41055107117, 4.50399637222, 4.43998718262, 4.6317987442, 6.48433876038, 4.99423742294, 3.68699479103, 9.72054672241, 4.69186687469, 2.27395510674, 1.81437122822, 1.89865553379, 2.47520041466, 2.3051571846, 2.0598294735, 1.19735145569, 0.815279662609, 0.594735264778, 0.434508651495, 0.319308638573, 0.208785191178, 0.147880390286, 0.0430994778872, 0.0236868206412, 0.023075517267, 0.0171454530209, 0.00806197989732, 0.0030858439859, 0.000766985060181]}, "dissonance": {"dvar": 0.000438246497652, "mean": 0.457233965397, "min": 0.242338463664, "median": 0.463661074638, "dvar2": 0.00115511275362, "var": 0.000966380175669, "dmean2": 0.0353834070265, "max": 0.500000298023, "dmean": 0.021569205448}, "erbbands_flatness_db": {"dvar": 0.000612227304373, "mean": 0.136948466301, "min": 0.028468452394, "median": 0.130276232958, "dvar2": 0.00148978782818, "var": 0.002020991873, "dmean2": 0.0419014506042, "max": 0.326463729143, "dmean": 0.0274227615446}, "melbands_kurtosis": {"dvar": 1648.24707031, "mean": 54.6796455383, "min": -1.71244990826, "median": 33.7468643188, "dvar2": 4130.15283203, "var": 3848.640625, "dmean2": 39.6047286987, "max": 563.619262695, "dmean": 24.8614463806}, "melbands_spread": {"dvar": 28.3474712372, "mean": 7.53923511505, "min": 0.218197852373, "median": 3.30792570114, "dvar2": 66.3688201904, "var": 332.226043701, "dmean2": 3.8563337326, "max": 165.035430908, "dmean": 2.45825719833}, "melbands_skewness": {"dvar": 1.79482972622, "mean": 4.89527368546, "min": -0.564783155918, "median": 4.44012069702, "dvar2": 4.4496846199, "var": 6.95492935181, "dmean2": 1.87943851948, "max": 18.4130649567, "dmean": 1.20092427731}, "spectral_entropy": {"dvar": 0.0896336585283, "mean": 7.19050550461, "min": 5.26742935181, "median": 7.18959140778, "dvar2": 0.216217756271, "var": 0.378535568714, "dmean2": 0.492081254721, "max": 9.82319927216, "dmean": 0.320410639048}, "zerocrossingrate": {"dvar": 0.000416239810875, "mean": 0.0791754499078, "min": 0.001953125, "median": 0.06005859375, "dvar2": 0.000661419297103, "var": 0.00640425318852, "dmean2": 0.0241040587425, "max": 0.53173828125, "dmean": 0.01842328161}, "average_loudness": 0.77475464344, "spectral_contrast_coeffs": {"dvar": [0.00148656917736, 0.00122185458895, 0.000854119367432, 0.000819383712951, 0.000614467484411, 0.00110653112642], "mean": [-0.724247694016, -0.789615511894, -0.828304052353, -0.840597450733, -0.857915580273, -0.801342844963], "min": [-0.981698215008, -0.979803681374, -0.97863638401, -0.985815644264, -0.97601044178, -0.967629253864], "median": [-0.73017090559, -0.792809426785, -0.832067012787, -0.842448711395, -0.854420781136, -0.818915843964], "dvar2": [0.00368700968102, 0.00321585964411, 0.00217335508205, 0.00202868762426, 0.00156050524674, 0.00268855923787], "var": [0.00673784734681, 0.00498823449016, 0.00368450931273, 0.00421824399382, 0.0024749902077, 0.00380424922332], "dmean2": [0.0752038657665, 0.0711465626955, 0.0587072484195, 0.0551640130579, 0.0455303750932, 0.0518825277686], "max": [-0.384210824966, -0.42403447628, -0.544795274734, -0.593090593815, -0.63134765625, -0.52021253109], "dmean": [0.0463129431009, 0.043838378042, 0.0358818657696, 0.034476261586, 0.0285312589258, 0.032743845135]}, "barkbands_flatness_db": {"dvar": 0.00126953271683, "mean": 0.233515426517, "min": 0.0243094023317, "median": 0.231148958206, "dvar2": 0.00287116318941, "var": 0.0053090332076, "dmean2": 0.0618035793304, "max": 0.493107706308, "dmean": 0.0402792170644}, "silence_rate_30dB": {"dvar": 0.0576105564833, "mean": 0.88884729147, "min": 0, "median": 1, "dvar2": 0.12692591548, "var": 0.0987864360213, "dmean2": 0.122785128653, "max": 1, "dmean": 0.0613849051297}, "spectral_energyband_high": {"dvar": 1.13371442012e-07, "mean": 0.000162380252732, "min": 6.99377734401e-21, "median": 4.09581698477e-05, "dvar2": 2.13491404111e-07, "var": 2.38850020651e-07, "dmean2": 0.000149976360262, "max": 0.0094931544736, "dmean": 0.000106273335405}, "melbands_flatness_db": {"dvar": 0.00168769666925, "mean": 0.357246249914, "min": 0.0031151836738, "median": 0.359803438187, "dvar2": 0.00381995597854, "var": 0.00862078275532, "dmean2": 0.0713041871786, "max": 0.652310311794, "dmean": 0.0466369055212}, "barkbands": {"dvar": [0.000474004249554, 0.000935632036999, 1.22948813441e-05, 2.01601797016e-05, 6.48839704809e-05, 3.23252352246e-05, 2.41246493715e-06, 2.21855430027e-06, 1.60205922839e-06, 3.7115043483e-07, 1.45359678072e-07, 4.12401533367e-07, 1.32794241381e-07, 1.26556770397e-07, 4.85674775064e-07, 2.10319903715e-08, 1.36745779145e-08, 1.44378979883e-08, 4.95740657414e-08, 7.40986862979e-08, 6.36856611891e-09, 2.71914357697e-09, 1.95596472352e-09, 1.50100432084e-09, 3.75588900259e-11, 9.02082575305e-10, 9.67448077205e-09], "mean": [0.00717769330367, 0.026998527348, 0.00313822599128, 0.00242793746293, 0.00518785975873, 0.00211173226126, 0.000938489451073, 0.000640202139039, 0.000604295986705, 0.000221602836973, 0.000163703574799, 0.000281259679468, 0.000174635773874, 0.00015299388906, 0.00029226418701, 6.26707478659e-05, 4.42298478447e-05, 4.92181716254e-05, 7.58437963668e-05, 6.96181305102e-05, 3.43274368788e-05, 2.19100857066e-05, 1.36164017022e-05, 9.76959927357e-06, 3.43855253959e-06, 9.44417479332e-06, 6.23494852334e-05], "min": [2.67252343579e-25, 1.64791041366e-24, 2.0481269638e-25, 5.17561286116e-25, 2.29224066117e-24, 5.00186092198e-24, 3.22596620809e-24, 6.26832898479e-24, 1.28910308543e-23, 1.22223915622e-23, 1.47432549605e-23, 1.49317643179e-23, 2.38702068177e-23, 3.31189840422e-23, 3.986006869e-23, 4.52658043073e-23, 6.90113884569e-23, 8.9894448817e-23, 1.11169484694e-22, 1.6597314115e-22, 2.67255649103e-22, 2.89811643629e-22, 3.70786764046e-22, 5.84699159111e-22, 8.6756786752e-22, 1.31152919243e-21, 1.96087809019e-21], "median": [0.00349007919431, 0.0206835232675, 0.00162075879052, 0.000591028248891, 0.00209813239053, 0.000349967274815, 0.000265731010586, 0.000116883704322, 0.000131515145767, 6.7282046075e-05, 3.97816111217e-05, 5.30660654476e-05, 3.85335151805e-05, 1.86456873053e-05, 2.45990995609e-05, 1.87272089534e-05, 1.06865045382e-05, 1.12642264867e-05, 1.39805042636e-05, 8.62581146066e-06, 7.64797277952e-06, 4.68300640932e-06, 2.83806548396e-06, 2.06236063605e-06, 9.7536087651e-07, 2.33915329773e-06, 1.45079484355e-05], "dvar2": [0.00131369673181, 0.00254508061334, 2.8451471735e-05, 4.03018566431e-05, 0.000152323147631, 6.53511378914e-05, 4.43645876658e-06, 4.4178295866e-06, 3.33391335516e-06, 9.63673073784e-07, 3.26759760583e-07, 8.63895706971e-07, 3.07293078095e-07, 2.5301122264e-07, 1.1344855011e-06, 4.82999844564e-08, 2.63986681404e-08, 2.79728418207e-08, 1.01471457015e-07, 1.26921349874e-07, 1.21806458253e-08, 5.20190202025e-09, 4.56263293813e-09, 3.52593465536e-09, 9.245523791e-11, 2.08994288542e-09, 1.97867908724e-08], "var": [0.000356283708243, 0.00102007179521, 2.48095948336e-05, 4.93862498843e-05, 0.000134098241688, 9.01565144886e-05, 8.05558556749e-06, 5.97638791078e-06, 4.8662491281e-06, 4.77770413454e-07, 3.83259163073e-07, 1.12421378162e-06, 2.97815745398e-07, 3.98187182782e-07, 1.0899583458e-06, 2.94243385213e-08, 2.33077113165e-08, 2.6401005826e-08, 1.15708381543e-07, 2.34142163436e-07, 1.18375025338e-08, 5.38143662965e-09, 2.30727437156e-09, 1.51113699332e-09, 4.46209597049e-11, 9.97696369964e-10, 2.3832482654e-08], "dmean2": [0.010610094294, 0.02422760427, 0.00302695203573, 0.0024291255977, 0.00384119059891, 0.00163003173657, 0.000748756458052, 0.00055528874509, 0.000505363335833, 0.000235029787291, 0.000159321425599, 0.000246379408054, 0.000172961867065, 0.000144115256262, 0.000274044316029, 6.62863239995e-05, 4.80166745547e-05, 5.14856146765e-05, 7.08909283276e-05, 6.12647418166e-05, 3.44925574609e-05, 2.3168806365e-05, 1.7587437469e-05, 1.46701158883e-05, 5.33744514541e-06, 1.28585979837e-05, 4.52077329101e-05], "max": [0.378205955029, 0.395562529564, 0.0945480242372, 0.18916374445, 0.284241974354, 0.273981243372, 0.0618747733533, 0.0786672607064, 0.0417371466756, 0.03352503106, 0.0183837115765, 0.0343455448747, 0.0114491023123, 0.0207553692162, 0.0199112929404, 0.00345098017715, 0.00490749953315, 0.00384305324405, 0.0116029763594, 0.0186493750662, 0.00176928937435, 0.00175580661744, 0.00173300388269, 0.00165645370726, 0.000100650358945, 0.00121281389147, 0.00307591445744], "dmean": [0.00618761777878, 0.0144818155095, 0.00192981632426, 0.00157126516569, 0.00253058853559, 0.00112603243906, 0.000498672714457, 0.000374479917809, 0.000333947595209, 0.000147883256432, 0.000102778918517, 0.000165145087522, 0.000111420362373, 9.5685107226e-05, 0.000181876923307, 4.36191512563e-05, 3.31007868226e-05, 3.5292985558e-05, 4.91477403557e-05, 4.36645532318e-05, 2.36913256231e-05, 1.59791779879e-05, 1.16842356874e-05, 9.32454531721e-06, 3.3217836517e-06, 8.33188096294e-06, 3.19078717439e-05]}, "erbbands_spread": {"dvar": 67.4357757568, "mean": 36.2783737183, "min": 2.77912116051, "median": 34.9136505127, "dvar2": 152.538665771, "var": 236.276687622, "dmean2": 12.2179841995, "max": 127.654281616, "dmean": 7.99262285233}, "barkbands_kurtosis": {"dvar": 2014.71569824, "mean": 40.1409187317, "min": -1.7955302, "median": 23.7215442657, "dvar2": 4082.16821289, "var": 3753.75170898, "dmean2": 31.2686977386, "max": 1396.96569824, "dmean": 20.2235851288}, "spectral_flux": {"dvar": 0.00272413971834, "mean": 0.0897717028856, "min": 6.38587030477e-11, "median": 0.0724705606699, "dvar2": 0.0064496807754, "var": 0.00552836013958, "dmean2": 0.0527742318809, "max": 0.780499458313, "dmean": 0.0322697125375}, "silence_rate_20dB": {"dvar": 0.00471892394125, "mean": 0.996382236481, "min": 0, "median": 1, "dvar2": 0.0116405785084, "var": 0.0036048674956, "dmean2": 0.00948340445757, "max": 1, "dmean": 0.00474111037329}, "gfcc": {"cov": [[27859.3554688, 1595.58166504, -1819.17590332, 199.972167969, -476.184020996, -217.968139648, -216.16456604, -366.406921387, -191.774627686, 63.8101043701, -113.752052307, -187.196151733, -157.564529419], [1595.58166504, 1033.48571777, -28.0608386993, -127.360290527, 40.8556785583, -84.6290664673, 8.9278049469, -52.917301178, -7.25729179382, -45.044467926, 47.5993919373, -55.0615348816, 46.261013031], [-1819.17590332, -28.0608386993, 402.011871338, 84.4587097168, -27.8538188934, 101.765136719, -34.5181427002, 129.204727173, 12.2001934052, 14.3561639786, -1.79102659225, 53.2386703491, 29.5347976685], [199.972167969, -127.360290527, 84.4587097168, 228.979019165, 44.5332298279, 60.3756027222, 17.5472831726, 49.6143074036, 7.32999515533, 0.673365294933, -20.1570701599, 52.1164093018, -14.2743711472], [-476.184020996, 40.8556785583, -27.8538188934, 44.5332298279, 177.749740601, 14.1281785965, 63.8881950378, -55.4173545837, 2.16875386238, -25.9562549591, 18.4832649231, -14.938662529, 8.62159538269], [-217.968139648, -84.6290664673, 101.765136719, 60.3756027222, 14.1281785965, 230.218887329, -20.9796638489, 93.722038269, -49.6133155823, 17.7018222809, -14.1070480347, 40.7901191711, 16.681646347], [-216.16456604, 8.9278049469, -34.5181427002, 17.5472831726, 63.8881950378, -20.9796638489, 144.123764038, -30.7145843506, 34.7500038147, -25.7876262665, 4.40751123428, 1.44851899147, -12.4679069519], [-366.406921387, -52.917301178, 129.204727173, 49.6143074036, -55.4173545837, 93.722038269, -30.7145843506, 179.884628296, 17.7283229828, 28.2064819336, -7.29806423187, 35.0340270996, 17.7172832489], [-191.774627686, -7.25729179382, 12.2001934052, 7.32999515533, 2.16875386238, -49.6133155823, 34.7500038147, 17.7283229828, 100.321456909, 35.1479949951, 12.176320076, 2.33719229698, -13.3349628448], [63.8101043701, -45.044467926, 14.3561639786, 0.673365294933, -25.9562549591, 17.7018222809, -25.7876262665, 28.2064819336, 35.1479949951, 85.2575149536, 30.3373184204, -5.61034536362, -2.27571034431], [-113.752052307, 47.5993919373, -1.79102659225, -20.1570701599, 18.4832649231, -14.1070480347, 4.40751123428, -7.29806423187, 12.176320076, 30.3373184204, 57.7354202271, 11.8487882614, 9.03783893585], [-187.196151733, -55.0615348816, 53.2386703491, 52.1164093018, -14.938662529, 40.7901191711, 1.44851899147, 35.0340270996, 2.33719229698, -5.61034536362, 11.8487882614, 90.4477767944, 29.1914043427], [-157.564529419, 46.261013031, 29.5347976685, -14.2743711472, 8.62159538269, 16.681646347, -12.4679069519, 17.7172832489, -13.3349628448, -2.27571034431, 9.03783893585, 29.1914043427, 65.4298400879]], "mean": [-77.3224563599, 118.614227295, -57.4413146973, 20.6260681152, -19.3490085602, -0.384630352259, -7.38822603226, -4.51173782349, -6.82340478897, -0.480924844742, -4.24624729156, -1.05996310711, -5.3090763092], "icov": [[0.000118919640954, -0.00026217076811, 0.000723050790839, -0.000782418297604, 0.000840498541947, -0.000358858844265, 0.000129912383272, 0.000266860530246, -0.000170069004525, 9.80141703621e-05, -0.00019286958559, 0.000436823262135, -0.000291601609206], [-0.00026217076811, 0.00189635809511, -0.00159873778466, 0.00151030311827, -0.00109446514398, 0.000288632727461, -3.64244515367e-05, -0.000278140185401, -0.00077043811325, 0.0023693901021, -0.00239265873097, 0.00132022262551, -0.00111509871203], [0.000723050790839, -0.00159873778466, 0.00808602012694, -0.00618865527213, 0.00620605098084, -0.00371305970475, 0.00167901301757, 0.00038116966607, -0.00305840140209, 0.00289966422133, -0.00322468113154, 0.0036637862213, -0.00349457003176], [-0.000782418297604, 0.00151030311827, -0.00618865527213, 0.0152741512284, -0.0133125782013, 0.00614074477926, -0.00162751961034, -0.00531189888716, 0.00662400899455, -0.0096565419808, 0.0126151544973, -0.0144621627405, 0.0102144703269], [0.000840498541947, -0.00109446514398, 0.00620605098084, -0.0133125782013, 0.0227818172425, -0.010864160955, -0.000649848778266, 0.00872598774731, -0.0108945332468, 0.0158771071583, -0.0184618420899, 0.0182240754366, -0.012875219807], [-0.000358858844265, 0.000288632727461, -0.00371305970475, 0.00614074477926, -0.010864160955, 0.0142217846587, -0.00241977977566, -0.00765836564824, 0.0134871592745, -0.0144142620265, 0.0133976833895, -0.0124873938039, 0.00733380764723], [0.000129912383272, -3.64244515367e-05, 0.00167901301757, -0.00162751961034, -0.000649848778266, -0.00241977977566, 0.011179219, 0.00157363666221, -0.007232605014, 0.00724959140643, -0.00389520823956, 0.00143959687557, 0.000306204135995], [0.000266860530246, -0.000278140185401, 0.00038116966607, -0.00531189888716, 0.00872598774731, -0.00765836564824, 0.00157363666221, 0.0132608