{"tonal": {"chords_key": "D", "hpcp_entropy": {"dmean": 0.537971436977, "dmean2": 0.89573520422, "max": 4.34888696671, "dvar": 0.220722958446, "mean": 2.03448486328, "dvar2": 0.578904986382, "min": 0, "var": 0.510657727718, "median": 2.05589318275}, "key_key": "G", "chords_strength": {"dmean": 0.00869045965374, "dmean2": 0.00808329600841, "max": 0.69017469883, "dvar": 5.67831993976e-05, "mean": 0.493578970432, "dvar2": 6.66664564051e-05, "min": 0.284386843443, "var": 0.00632415618747, "median": 0.492947757244}, "key_scale": "major", "chords_number_rate": 0.00162074551918, "thpcp": [1, 0.619446694851, 0.257387131453, 0.20216961205, 0.231736764312, 0.53154861927, 0.722572505474, 0.488298594952, 0.406569004059, 0.441266089678, 0.298690348864, 0.228553026915, 0.21447712183, 0.188078522682, 0.550113320351, 0.89265447855, 0.547400474548, 0.181784003973, 0.128918915987, 0.142586737871, 0.382407307625, 0.585192859173, 0.409340530634, 0.207250386477, 0.145053371787, 0.146636545658, 0.356099039316, 0.516909122467, 0.416841685772, 0.551212131977, 0.74646294117, 0.509990394115, 0.243682458997, 0.192133292556, 0.272776156664, 0.704820215702], "key_strength": 0.80561631918, "tuning_nontempered_energy_ratio": 0.643375277519, "tuning_frequency": 441.017791748, "chords_changes_rate": 0.0466414541006, "tuning_diatonic_strength": 0.626485168934, "chords_scale": "major", "chords_histogram": [29.4795608521, 5.42049360275, 32.3788948059, 0.180082842708, 4.53808736801, 0, 0.0180082842708, 0.0900414213538, 0, 0, 0, 0, 0, 0, 0, 0.0540248528123, 0, 3.00738334656, 0, 4.97028636932, 0, 13.434179306, 3.88978934288, 2.53916811943], "tuning_equal_tempered_deviation": 0.0287203341722, "hpcp": {"dmean": [0.170889988542, 0.146838709712, 0.0995258688927, 0.0863003283739, 0.0955468192697, 0.139630496502, 0.138041108847, 0.131303489208, 0.105995111167, 0.0916182249784, 0.0811052396894, 0.0723568722606, 0.0663685128093, 0.0654962658882, 0.11877822876, 0.141581386328, 0.117985069752, 0.0653149187565, 0.0498235635459, 0.0578107461333, 0.0948684513569, 0.114817745984, 0.102002687752, 0.0804070159793, 0.0634589791298, 0.0633092820644, 0.100844919682, 0.112493336201, 0.131791263819, 0.154131650925, 0.15558630228, 0.139142096043, 0.0965631008148, 0.0791381075978, 0.100645013154, 0.15136243403], "dmean2": [0.288419544697, 0.255138486624, 0.179482638836, 0.157837644219, 0.173834770918, 0.24690105021, 0.238643437624, 0.229199513793, 0.185677021742, 0.162793934345, 0.143592000008, 0.125775128603, 0.114980593324, 0.116225317121, 0.203429102898, 0.238845393062, 0.200796797872, 0.116644173861, 0.0901933163404, 0.10484752059, 0.162068337202, 0.189184173942, 0.174144163728, 0.143890589476, 0.116506010294, 0.115632578731, 0.17741407454, 0.195047140121, 0.234291985631, 0.270604401827, 0.268412530422, 0.240564674139, 0.172528773546, 0.143117785454, 0.179720818996, 0.260725677013], "max": [1, 1, 1, 1, 1, 1, 1, 1, 1, 1, 1, 1, 1, 1, 1, 1, 1, 1, 1, 1, 1, 1, 1, 1, 1, 1, 1, 1, 1, 1, 1, 1, 1, 1, 1, 1], "dvar": [0.0491391979158, 0.0382794514298, 0.0352377034724, 0.0338659100235, 0.0350265800953, 0.0456197224557, 0.0476653575897, 0.0411000773311, 0.0346654467285, 0.0354587174952, 0.0256057549268, 0.0212849862874, 0.0182744991034, 0.0170841570944, 0.0269366763532, 0.0373588129878, 0.0273579992354, 0.0200256258249, 0.0156879033893, 0.0158398728818, 0.0243821293116, 0.0304786954075, 0.0255440920591, 0.0247933026403, 0.0214225314558, 0.0209244135767, 0.0308059155941, 0.0378953926265, 0.0410308353603, 0.0459950789809, 0.0541268065572, 0.0444494858384, 0.0355700999498, 0.0256955251098, 0.0313751138747, 0.0412798337638], "mean": [0.35634714365, 0.220738053322, 0.091719172895, 0.0720425620675, 0.0825787335634, 0.189415842295, 0.257486641407, 0.17400380969, 0.144879698753, 0.157243907452, 0.106437452137, 0.0814442187548, 0.076428309083, 0.0670212432742, 0.196031317115, 0.318094879389, 0.195064604282, 0.0647782087326, 0.0459398850799, 0.0508103780448, 0.136269748211, 0.208531796932, 0.145867332816, 0.0738530829549, 0.0516893565655, 0.0522535145283, 0.126894876361, 0.184199094772, 0.148540347815, 0.196422874928, 0.265999943018, 0.181733623147, 0.0868355482817, 0.0684661492705, 0.0972030088305, 0.251160681248], "dvar2": [0.115049257874, 0.104432590306, 0.0955140292645, 0.0931319072843, 0.0982528999448, 0.123901411891, 0.116567283869, 0.112281002104, 0.0925866141915, 0.0924354270101, 0.0711243599653, 0.0584928244352, 0.0494456961751, 0.0468237772584, 0.0754695162177, 0.0926744490862, 0.0736537128687, 0.0558531731367, 0.0445743091404, 0.044694352895, 0.0641305521131, 0.0707986205816, 0.0670929700136, 0.0682495832443, 0.0600201934576, 0.0593788661063, 0.0861076042056, 0.0952168032527, 0.115838654339, 0.126804083586, 0.136959552765, 0.119509093463, 0.0957215502858, 0.0704174935818, 0.0858218446374, 0.105364307761], "min": [0, 0, 0, 0, 0, 0, 0, 0, 0, 0, 0, 0, 0, 0, 0, 0, 0, 0, 0, 0, 0, 0, 0, 0, 0, 0, 0, 0, 0, 0, 0, 0, 0, 0, 0, 0], "var": [0.116422325373, 0.0535392537713, 0.0302460119128, 0.0254776962101, 0.0267724320292, 0.0653214231133, 0.109975703061, 0.0590640828013, 0.0541367344558, 0.08048376441, 0.0346164740622, 0.019354429096, 0.0183769669384, 0.0154539905488, 0.0454304404557, 0.103485718369, 0.0471673160791, 0.0165534391999, 0.0109239406884, 0.0118153048679, 0.0395328402519, 0.0731367766857, 0.0403099022806, 0.0218734499067, 0.0151168135926, 0.0153748663142, 0.0457081235945, 0.0821477249265, 0.0541125498712, 0.0644540563226, 0.109037287533, 0.0613234825432, 0.030970774591, 0.0202388335019, 0.0286576990038, 0.0792900249362], "median": [0.210486277938, 0.134822115302, 0.0272922851145, 0.0192105509341, 0.0237312521785, 0.0680816248059, 0.0904161408544, 0.0615320317447, 0.0424996837974, 0.0330313593149, 0.0306528899819, 0.0343709439039, 0.0324471779168, 0.0266323592514, 0.117518082261, 0.192883625627, 0.113119229674, 0.0235195197165, 0.015409335494, 0.0161491408944, 0.05249164626, 0.0892445445061, 0.0650316476822, 0.0211666058749, 0.0126581024379, 0.0138000482693, 0.036883033812, 0.0478677973151, 0.0414168536663, 0.0752882510424, 0.103910528123, 0.0655765905976, 0.0231193620712, 0.020639680326, 0.0312859714031, 0.118470586836]}}, "lowlevel": {"melbands_flatness_db": {"dmean": 0.0216301511973, "dmean2": 0.0337031111121, "max": 0.64920270443, "dvar": 0.000549731368665, "mean": 0.189677625895, "dvar2": 0.00137457018718, "min": 0.0047400649637, "var": 0.00523426523432, "median": 0.177713543177}, "melbands_crest": {"dmean": 2.8284072876, "dmean2": 4.67736768723, "max": 32.4565734863, "dvar": 7.81666707993, "mean": 12.921090126, "dvar2": 20.5707759857, "min": 1.93664097786, "var": 20.1544551849, "median": 12.1053199768}, "spectral_entropy": {"dmean": 0.113760858774, "dmean2": 0.161993309855, "max": 9.80160713196, "dvar": 0.0150378840044, "mean": 7.57519340515, "dvar2": 0.0292063895613, "min": 4.22639131546, "var": 0.251017808914, "median": 7.65675067902}, "melbands": {"dmean": [0.00118044787087, 0.00123878440354, 0.000851541408338, 0.000719130330253, 0.0002340607316, 0.00024422610295, 0.000300257554045, 0.000205730495509, 0.000193716376089, 7.8583470895e-05, 6.79283039062e-05, 6.30314025329e-05, 5.79956613365e-05, 4.70557861263e-05, 4.34587127529e-05, 3.49669426214e-05, 3.00896135741e-05, 3.14979624818e-05, 2.0582063371e-05, 1.88683261513e-05, 2.04521329579e-05, 1.92902898561e-05, 1.22052088045e-05, 8.19740489533e-06, 8.59831470734e-06, 1.14919021144e-05, 8.1832649812e-06, 6.32069804851e-06, 3.38520021614e-06, 2.50200696428e-06, 2.04741172638e-06, 1.75968057192e-06, 1.40057272802e-06, 1.33335595365e-06, 8.3935742623e-07, 6.01990734594e-07, 5.60809382932e-07, 4.97051587445e-07, 4.20318173155e-07, 4.22664982125e-07], "dmean2": [0.00204636552371, 0.00218576798216, 0.00147771195043, 0.00124566652812, 0.00039428260061, 0.000397073163185, 0.000469283491839, 0.00032797671156, 0.000299802806694, 0.000118086129078, 0.000105060818896, 9.62005142355e-05, 9.12621108e-05, 7.4506366218e-05, 6.85118793626e-05, 5.41862791579e-05, 4.71930070489e-05, 5.02969014633e-05, 3.26126319123e-05, 2.95850513794e-05, 3.2163119613e-05, 3.08067319565e-05, 1.97126155399e-05, 1.34170068122e-05, 1.42506060001e-05, 1.8890352294e-05, 1.30908247229e-05, 9.9786238934e-06, 5.26882240592e-06, 3.85581961382e-06, 3.13626151183e-06, 2.63114930021e-06, 2.03571062229e-06, 1.94331892089e-06, 1.20962658912e-06, 8.88808301625e-07, 8.11276322565e-07, 7.56484098474e-07, 6.19765330612e-07, 6.23710889158e-07], "max": [0.0309779234231, 0.0286778565496, 0.0176063459367, 0.0208287592977, 0.00858843419701, 0.00810736045241, 0.00953575689346, 0.00927459169179, 0.00549174891785, 0.00722560286522, 0.00531732803211, 0.00311193661764, 0.00212024012581, 0.00274896924384, 0.00168749853037, 0.00208511250094, 0.00185662182048, 0.00145531713497, 0.00119060464203, 0.000864507630467, 0.000667370215524, 0.000643441337161, 0.000311608455377, 0.000224765899475, 0.000240915396716, 0.000303288805299, 0.000337020523148, 0.000279990985291, 0.000102526711999, 0.000158081005793, 0.000106305458758, 0.000100253484561, 0.00012501674064, 0.000117580355436, 5.57743587706e-05, 7.31485561118e-05, 7.19665622455e-05, 4.89966914756e-05, 3.59937330359e-05, 2.34788731177e-05], "dvar": [1.26101949718e-05, 8.43169618747e-06, 1.7044977767e-06, 2.40726353695e-06, 1.98188999434e-07, 1.87379058048e-07, 3.05890324626e-07, 1.86869144159e-07, 1.12863517643e-07, 2.78695253542e-08, 1.49114960379e-08, 9.60806989525e-09, 1.02841921645e-08, 8.35763547258e-09, 7.55278506404e-09, 6.25078566685e-09, 4.29127267054e-09, 3.16977089021e-09, 1.45082579284e-09, 1.07486808343e-09, 1.207132172e-09, 8.21965551179e-10, 2.51578147203e-10, 1.19113774399e-10, 1.22059126695e-10, 2.25418836375e-10, 1.55026630422e-10, 1.09902489887e-10, 2.67607949689e-11, 2.42613637513e-11, 1.79848427817e-11, 1.66321748041e-11, 1.27975911118e-11, 1.17084666615e-11, 4.09592065126e-12, 3.17126424947e-12, 3.15425528578e-12, 2.34272822495e-12, 1.27994641795e-12, 9.14743107649e-13], "mean": [0.00114501011558, 0.00226363795809, 0.00181689509191, 0.00109468470328, 0.000434613670222, 0.000459514674731, 0.000596919620875, 0.000416322640376, 0.000389398861444, 0.000165190504049, 0.000147854094394, 0.000138014365803, 0.000110416403913, 9.27239598241e-05, 8.52582888911e-05, 6.64584731567e-05, 5.76640813961e-05, 6.22443039902e-05, 4.25528196502e-05, 4.42693381046e-05, 4.90861166327e-05, 4.4298114517e-05, 2.68855765171e-05, 1.81266059371e-05, 2.02485007321e-05, 2.73364839813e-05, 1.95728553081e-05, 1.43605620906e-05, 7.57390853323e-06, 5.04848230776e-06, 3.94195558329e-06, 3.14450994665e-06, 2.52154472946e-06, 2.42741566581e-06, 1.65190442658e-06, 1.18788500458e-06, 1.04530715817e-06, 9.08892332063e-07, 7.79060826517e-07, 7.36211063668e-07], "dvar2": [3.40320766554e-05, 2.38452430494e-05, 4.87484339828e-06, 6.70808367431e-06, 5.38936149042e-07, 4.5751238531e-07, 7.31788873054e-07, 4.72797779594e-07, 2.70779111133e-07, 5.45706519972e-08, 3.21451665286e-08, 2.30017018765e-08, 2.47614693194e-08, 1.98015701613e-08, 1.76036447641e-08, 1.39986200409e-08, 9.35307742367e-09, 7.94769583479e-09, 3.4167582097e-09, 2.53422127727e-09, 3.01390645774e-09, 1.99881489138e-09, 6.2290433922e-10, 3.05841657555e-10, 3.28925053861e-10, 5.85338000292e-10, 3.64347441106e-10, 2.70698935489e-10, 6.25163393275e-11, 5.26842597326e-11, 3.75266519248e-11, 3.63256161262e-11, 2.73031718762e-11, 2.31525233013e-11, 7.69141174362e-12, 6.67148931585e-12, 6.47052030012e-12, 5.39733752483e-12, 2.81050681859e-12, 2.03734468532e-12], "min": [5.12344154519e-25, 1.74963471764e-24, 9.83323006967e-25, 3.73015640047e-24, 4.26447042981e-24, 6.96916721249e-24, 6.46565228504e-24, 4.45826160535e-24, 4.68196007554e-24, 2.82737589471e-24, 5.38037807798e-24, 8.0731244068e-24, 2.90072477332e-24, 3.94629087786e-24, 3.83481930993e-24, 3.40436118535e-24, 6.08227929574e-24, 5.69357952318e-24, 4.79793840582e-24, 6.55298865358e-24, 6.28268861985e-24, 4.26995932399e-24, 5.18955065285e-24, 6.18229265903e-24, 6.48919307774e-24, 4.58922474296e-24, 5.98744362101e-24, 8.77450221536e-24, 6.60637047661e-24, 6.46224322264e-24, 6.24959827146e-24, 7.14046362489e-24, 5.54449861715e-24, 7.62163958922e-24, 8.16190044649e-24, 8.60094413874e-24, 8.98649675072e-24, 8.01130295538e-24, 7.57471183169e-24, 7.97284519739e-24], "var": [9.32706643653e-06, 7.29620978746e-06, 2.14948954635e-06, 2.10311918636e-06, 3.53642207074e-07, 4.18662892798e-07, 6.5549647843e-07, 4.39076956127e-07, 2.57924909874e-07, 9.16443454457e-08, 6.19359141751e-08, 2.76356804108e-08, 2.5137348203e-08, 1.92523916809e-08, 1.72441687596e-08, 1.61175748303e-08, 1.05141850781e-08, 7.97991894785e-09, 3.79362674607e-09, 3.44236461558e-09, 3.56623530706e-09, 2.48646725431e-09, 6.72199185203e-10, 3.35570793375e-10, 3.13922832174e-10, 6.5392741222e-10, 4.49042081296e-10, 3.43525569102e-10, 8.14620731981e-11, 5.64837031314e-11, 4.07500283517e-11, 3.72162509144e-11, 3.00250102558e-11, 2.79243555362e-11, 1.22911134395e-11, 8.59921682472e-12, 7.33783520057e-12, 4.6891266911e-12, 2.82721567511e-12, 1.82562753977e-12], "median": [0.0004010751436, 0.00175682781264, 0.00158138247207, 0.000723470235243, 0.000271183555014, 0.000247058284003, 0.000318660167977, 0.000202072435059, 0.00022237279336, 8.49997595651e-05, 8.33301237435e-05, 8.91179806786e-05, 5.64310466871e-05, 5.40831897524e-05, 4.93037077831e-05, 3.10762079607e-05, 3.19296232192e-05, 3.6612549593e-05, 2.63435103989e-05, 2.88504525088e-05, 3.1901676266e-05, 2.92017175525e-05, 1.97932968149e-05, 1.3330780348e-05, 1.66923491633e-05, 2.12453123822e-05, 1.41489981615e-05, 8.65361016622e-06, 4.49458366347e-06, 2.77710705632e-06, 2.11054248211e-06, 1.16131377581e-06, 8.03048749276e-07, 8.50380615702e-07, 6.35423248241e-07, 4.24823156209e-07, 4.03922342684e-07, 3.58256016852e-07, 3.36272364621e-07, 3.26092447267e-07]}, "silence_rate_60dB": {"dmean": 0.00666486518458, "dmean2": 0.0133309317753, "max": 1, "dvar": 0.00662176543847, "mean": 0.054935157299, "dvar2": 0.0147746391594, "min": 0, "var": 0.0519205480814, "median": 0}, "spectral_energyband_middle_high": {"dmean": 0.00158252264373, "dmean2": 0.00243225856684, "max": 0.0391923263669, "dvar": 3.20420485878e-06, "mean": 0.00719785504043, "dvar2": 7.40844870961e-06, "min": 1.22609936817e-21, "var": 2.05086562346e-05, "median": 0.00679505523294}, "erbbands_skewness": {"dmean": 0.265828818083, "dmean2": 0.410601824522, "max": 4.88437175751, "dvar": 0.0738247707486, "mean": 0.111150227487, "dvar2": 0.171283692122, "min": -2.85844659805, "var": 0.41419917345, "median": 0.0639265477657}, "dynamic_complexity": 2.51950764656, "dissonance": {"dmean": 0.0141840716824, "dmean2": 0.0237842593342, "max": 0.500000059605, "dvar": 0.00034177507041, "mean": 0.468325555325, "dvar2": 0.000941446982324, "min": 0.0978670790792, "var": 0.00132008246146, "median": 0.477199673653}, "spectral_skewness": {"dmean": 0.216314047575, "dmean2": 0.354737222195, "max": 13.3559083939, "dvar": 0.121058054268, "mean": 1.62626695633, "dvar2": 0.355282485485, "min": -0.0458837412298, "var": 1.57806479931, "median": 1.42230677605}, "spectral_kurtosis": {"dmean": 2.16880369186, "dmean2": 3.65903067589, "max": 267.439971924, "dvar": 43.3523445129, "mean": 7.71397924423, "dvar2": 128.589233398, "min": -1.24068248272, "var": 461.189849854, "median": 4.17492437363}, "gfcc": {"cov": [[15149.4980469, -2567.33300781, -927.459533691, 1634.7154541, 15.9640893936, 639.808532715, -538.555358887, 707.291320801, 102.565406799, 597.381164551, -533.050231934, -247.180786133, -553.237548828], [-2567.33300781, 1561.75939941, -285.988677979, -284.838317871, 180.395721436, -314.468109131, 205.81439209, -207.964828491, 108.894477844, -220.006713867, 267.489044189, -42.8530158997, 200.879806519], [-927.459533691, -285.988677979, 670.221984863, -154.264099121, -62.7165336609, 79.0382614136, 22.1407928467, -6.70061731339, -80.8206253052, 15.9320526123, -49.087802887, 115.247581482, -46.4753417969], [1634.7154541, -284.838317871, -154.264099121, 468.22668457, 66.6830749512, 87.0166625977, -60.5626907349, 67.2618713379, 68.9231033325, 45.2675895691, -54.3979606628, -42.285369873, -24.3888816833], [15.9640893936, 180.395721436, -62.7165336609, 66.6830749512, 209.284454346, -18.8914585114, 32.9963874817, 9.57413578033, 49.176235199, 6.22775316238, 22.2722549438, -4.4402089119, 17.7350978851], [639.808532715, -314.468109131, 79.0382614136, 87.0166625977, -18.8914585114, 185.080810547, -0.175121217966, 77.4152679443, -18.2504768372, 49.8110466003, -38.3600234985, 4.68401622772, -49.715713501], [-538.555358887, 205.81439209, 22.1407928467, -60.5626907349, 32.9963874817, -0.175121217966, 157.554580688, -13.9532346725, 17.1179447174, -31.9636268616, 43.2985916138, 17.2415752411, 5.40508031845], [707.291320801, -207.964828491, -6.70061731339, 67.2618713379, 9.57413578033, 77.4152679443, -13.9532346725, 131.271682739, 3.62276673317, 58.4625701904, -28.4748573303, -3.91200757027, -30.8730831146], [102.565406799, 108.894477844, -80.8206253052, 68.9231033325, 49.176235199, -18.2504768372, 17.1179447174, 3.62276673317, 103.505767822, 9.4834394455, 23.1420192719, -14.5736932755, 8.33298301697], [597.381164551, -220.006713867, 15.9320526123, 45.2675895691, 6.22775316238, 49.8110466003, -31.9636268616, 58.4625701904, 9.4834394455, 113.830802917, -18.1104927063, 1.92879509926, -38.886505127], [-533.050231934, 267.489044189, -49.087802887, -54.3979606628, 22.2722549438, -38.3600234985, 43.2985916138, -28.4748573303, 23.1420192719, -18.1104927063, 112.957557678, 11.0406799316, 44.7272033691], [-247.180786133, -42.8530158997, 115.247581482, -42.285369873, -4.4402089119, 4.68401622772, 17.2415752411, -3.91200757027, -14.5736932755, 1.92879509926, 11.0406799316, 83.1444854736, 11.5865774155], [-553.237548828, 200.879806519, -46.4753417969, -24.3888816833, 17.7350978851, -49.715713501, 5.40508031845, -30.8730831146, 8.33298301697, -38.886505127, 44.7272033691, 11.5865774155, 101.622657776]], "mean": [18.1722621918, 104.310256958, -124.02469635, 31.6913585663, -54.0894088745, 3.94203090668, -36.297164917, 10.4561243057, -29.110458374, 0.45606726408, -17.019285202, -6.17251729965, -13.8131885529], "icov": [[0.000228355231229, -5.89842711634e-05, 0.000355749449227, -0.000518392887898, 0.000112255198474, -0.000142442324432, 0.000331628252752, -0.000470579892863, 0.000180315764737, -0.000427814695286, 0.000403204670874, -0.000312540854793, 0.000827857293189], [-5.89842711634e-05, 0.00379576324485, 0.000166318321135, 0.00153373833746, -0.00215273560025, 0.00243486580439, -0.00213896180503, 0.00110957259312, -0.00173141586129, 0.00349836214446, -0.00462138652802, 0.00311004719697, -0.00220233900473], [0.000355749449227, 0.000166318321135, 0.00315703474917, 5.39975371794e-05, 5.30262695975e-05, -0.00123384117614, 0.000291910546366, 0.000146881095134, 0.000660197692923, -0.000552721729036, 0.00152990315109, -0.00353210256435, 0.00194466661196], [-0.000518392887898, 0.00153373833746, 5.39975371794e-05, 0.0052679120563, -0.00196465617046, -0.000845585018396, -0.000189609840163, 0.00132387434132, -0.00332274264656, 0.00246818852611, -0.00101466034539, 0.00177803763654, -0.0027626992669], [0.000112255198474, -0.00215273560025, 5.30262695975e-05, -0.00196465617046, 0.00717610167339, -0.000366202235455, -0.000209925317904, -0.00142318860162, -0.000496147957165, -0.00284863100387, 0.00246001314372, -0.00190642871894, 0.000651780574117], [-0.000142442324432, 0.00243486580439, -0.00123384117614, -0.000845585018396, -0.000366202235455, 0.0112717486918, -0.00328411580995, -0.00312385824509, 0.000997212831862, 0.00105612725019, -0.00326290144585, 0.00258703157306, -8.83218308445e-05], [0.000331628252752, -0.00213896180503, 0.000291910546366, -0.000189609840163, -0.000209925317904, -0.00328411580995, 0.0105525059626, -0.00144308980089, -0.000855085789226, 0.000940933823586, 0.000140520074638, -0.00349208340049, 0.00431830948219], [-0.000470579892863, 0.00110957259312, 0.000146881095134, 0.00132387434132, -0.00142318860162, -0.00312385824509, -0.00144308980089, 0.0136681869626, -0.000936466618441, -0.00270412163809, -0.000336997909471, 0.000954262912273, -0.00233942270279], [0.000180315764737, -0.00173141586129, 0.000660197692923, -0.00332274264656, -0.000496147957165, 0.000997212831862, -0.000855085789226, -0.000936466618441, 0.0148061439395, -0.00391920190305, -9.53702401603e-05, -0.000437948532635, 0.00162219721824], [-0.000427814695286, 0.00349836214446, -0.000552721729036, 0.00246818852611, -0.00284863100387, 0.00105612725019, 0.000940933823586, -0.00270412163809, -0.00391920190305, 0.0178661961108, -0.00636928807944, 0.00162169476971, 0.00101389328483], [0.000403204670874, -0.00462138652802, 0.00152990315109, -0.00101466034539, 0.00246001314372, -0.00326290144585, 0.000140520074638, -0.000336997909471, -9.53702401603e-05, -0.00636928807944, 0.0200983341783, -0.00595571612939, -0.000945289153606], [-0.000312540854793, 0.00311004719697, -0.00353210256435, 0.00177803763654, -0.00190642871894, 0.00258703157306, -0.00349208340049, 0.000954262912273, -0.000437948532635, 0.00162169476971, -0.00595571612939, 0.0205391682684, -0.00602787034586], [0.000827857293189, -0.00220233900473, 0.00194466661196, -0.0027626992669, 0.000651780574117, -8.83218308445e-05, 0.00431830948219, -0.00233942270279, 0.00162219721824, 0.00101389328483, -0.000945289153606, -0.00602787034586, 0.0191878695041]]}, "spectral_complexity": {"dmean": 3.61451864243, "dmean2": 5.62691402435, "max": 61, "dvar": 11.4887237549, "mean": 27.5747470856, "dvar2": 24.7794570923, "min": 0, "var": 114.632835388, "median": 29}, "spectral_flux": {"dmean": 0.0252561829984, "dmean2": 0.0390080846846, "max": 0.336332976818, "dvar": 0.00117480172776, "mean": 0.0884043872356, "dvar2": 0.00230497471057, "min": 6.47742762205e-11, "var": 0.00253705237992, "median": 0.0791499689221}, "spectral_energyband_low": {"dmean": 0.0064280917868, "dmean2": 0.0110971927643, "max": 0.152269735932, "dvar": 0.000239746732404, "mean": 0.0112833026797, "dvar2": 0.000652737275232, "min": 1.33160225672e-23, "var": 0.000200422437047, "median": 0.00844463333488}, "spectral_decrease": {"dmean": 2.6631563621e-09, "dmean2": 4.47591563812e-09, "max": 7.37226663227e-29, "dvar": 1.98687459646e-17, "mean": -8.43839131903e-09, "dvar2": 5.34401424403e-17, "min": -4.46535786125e-08, "var": 2.46866511706e-17, "median": -8.04206035099e-09}, "barkbands_spread": {"dmean": 4.70519638062, "dmean2": 7.41254758835, "max": 85.9202728271, "dvar": 29.3665657043, "mean": 23.6499462128, "dvar2": 68.3172988892, "min": 0.632301926613, "var": 116.683120728, "median": 22.6032524109}, "spectral_rms": {"dmean": 0.00077043363126, "dmean2": 0.00125488406047, "max": 0.0129191875458, "dvar": 1.14036868126e-06, "mean": 0.00549544487149, "dvar2": 2.94755022878e-06, "min": 3.15821392476e-12, "var": 3.11153371513e-06, "median": 0.00567560642958}, "spectral_centroid": {"dmean": 219.758239746, "dmean2": 346.922576904, "max": 11180.828125, "dvar": 60715.6679688, "mean": 1427.79406738, "dvar2": 128258.46875, "min": 197.137207031, "var": 312571.4375, "median": 1395.47412109}, "barkbands_skewness": {"dmean": 0.434186577797, "dmean2": 0.696201264858, "max": 9.94799518585, "dvar": 0.266162276268, "mean": 1.36043488979, "dvar2": 0.681221067905, "min": -2.72467660904, "var": 0.686022102833, "median": 1.23710155487}, "spectral_rolloff": {"dmean": 419.545074463, "dmean2": 686.916320801, "max": 18927.6855469, "dvar": 411724.5625, "mean": 1472.63476562, "dvar2": 907222.125, "min": 86.1328125, "var": 1217977.125, "median": 1227.39257812}, "erbbands_spread": {"dmean": 5.98434400558, "dmean2": 9.2537612915, "max": 131.563034058, "dvar": 41.1076583862, "mean": 38.8962402344, "dvar2": 92.8065032959, "min": 2.48908734322, "var": 192.451599121, "median": 37.8612747192}, "barkbands": {"dmean": [0.000210856509511, 0.00442274753004, 0.00213027675636, 0.00181271589827, 0.00290612177923, 0.0011932781199, 0.00138403719757, 0.00115838565398, 0.000539442233276, 0.000506122945808, 0.000409880391089, 0.000416324328398, 0.000387270876672, 0.00028566661058, 0.000368793931557, 0.000268563628197, 0.000338838261086, 0.000157341230079, 0.000250109384069, 0.000190322316485, 9.63509228313e-05, 7.33445995138e-05, 5.22536101926e-05, 3.97717631131e-05, 3.81024401577e-05, 1.49706902448e-05, 3.13730674861e-06], "dmean2": [0.000354972464265, 0.00773912807927, 0.00368316238746, 0.00315837794915, 0.00498528731987, 0.00194719713181, 0.00216361158527, 0.00184078561142, 0.000817370018922, 0.000772614730522, 0.000647355511319, 0.000662805105094, 0.000604455592111, 0.000449462240795, 0.000589169678278, 0.000427619408583, 0.000541705288924, 0.000254850339843, 0.00040857878048, 0.00029771233676, 0.000145643629367, 0.000104905819171, 7.38100497983e-05, 5.69951153011e-05, 5.43509304407e-05, 2.10603720916e-05, 4.98411782246e-06], "max": [0.0132334353402, 0.125851199031, 0.0503944791853, 0.0399709381163, 0.0764046907425, 0.0354195572436, 0.0407591201365, 0.0457754172385, 0.0372469127178, 0.0284305717796, 0.0133059322834, 0.0217578131706, 0.0203602444381, 0.0168970152736, 0.0180499795824, 0.0120151946321, 0.00810444541276, 0.00386384944431, 0.00565236248076, 0.00746900308877, 0.00498310476542, 0.00397943286225, 0.00290044629946, 0.00464116688818, 0.00184911396354, 0.000730273837689, 0.000282175547909], "dvar": [2.88436382334e-07, 0.000174302622327, 1.64459888765e-05, 7.3478977356e-06, 3.8217218389e-05, 3.94227299694e-06, 6.81265510138e-06, 4.00097997044e-06, 1.20097013223e-06, 5.89842557019e-07, 5.01225486005e-07, 6.13389374848e-07, 7.58874705298e-07, 3.40266296917e-07, 4.24744087013e-07, 2.31495022263e-07, 2.31291508612e-07, 4.01995734478e-08, 9.93958906292e-08, 8.50619130688e-08, 2.8755922088e-08, 2.7774319733e-08, 1.49659573623e-08, 1.45743150881e-08, 6.97885127465e-09, 9.12751929594e-10, 1.07854392084e-10], "mean": [0.000187750920304, 0.0045127524063, 0.00503793451935, 0.00319567648694, 0.00452706078067, 0.00234101573005, 0.00271583395079, 0.00224245293066, 0.00109185208566, 0.0011442512041, 0.000753023719881, 0.000805864227004, 0.000718121940736, 0.000553731515538, 0.000726259255316, 0.000634787778836, 0.000788906298112, 0.00037922183401, 0.000663749524392, 0.000470381433843, 0.000218529821723, 0.000143535697134, 0.000107373321953, 7.99683984951e-05, 7.21960022929e-05, 2.81068860204e-05, 3.71931082555e-06], "dvar2": [7.44622866478e-07, 0.000476620480185, 4.69681872346e-05, 2.132226291e-05, 0.000105708146293, 9.83590234682e-06, 1.65101737366e-05, 9.93915818981e-06, 2.49424670073e-06, 1.35314371619e-06, 1.19922765407e-06, 1.48181436543e-06, 1.70596899807e-06, 7.3440497772e-07, 1.04265643586e-06, 5.54214295789e-07, 5.67670269902e-07, 9.95283357952e-08, 2.55521172221e-07, 2.01076716166e-07, 5.82190118337e-08, 5.4311176001e-08, 2.76920637532e-08, 3.03083389497e-08, 1.46790082312e-08, 1.77282277747e-09, 2.75294093077e-10], "min": [6.83121200624e-25, 2.13790416658e-24, 1.66283221072e-24, 1.1169675814e-24, 1.3997282845e-23, 2.46159059873e-23, 2.56594474804e-23, 2.24877249258e-23, 1.81961780287e-23, 7.0280015632e-23, 1.64495532099e-23, 3.50790919769e-23, 4.36945101355e-23, 5.60306254635e-23, 7.05466190636e-23, 9.04097895582e-23, 9.33996481197e-23, 1.29013770806e-22, 1.41067603303e-22, 2.83501564181e-22, 3.34283304819e-22, 3.89815199796e-22, 4.7996675416e-22, 8.20102624345e-22, 1.08018781812e-21, 1.66131804428e-21, 2.00544688855e-21], "var": [2.57337717358e-07, 0.000125663020299, 2.53539237747e-05, 1.0961191947e-05, 3.39670077665e-05, 8.99415499589e-06, 1.51492322402e-05, 8.85353256308e-06, 3.70497559743e-06, 2.29560532716e-06, 1.22736628327e-06, 1.29244187974e-06, 2.01846523851e-06, 8.89286638994e-07, 1.08087112949e-06, 6.78545632127e-07, 6.9966273486e-07, 1.27456516452e-07, 3.25744281326e-07, 2.82456085188e-07, 8.01020973995e-08, 7.52168176632e-08, 4.68795029462e-08, 3.53397524577e-08, 1.61583120217e-08, 2.60496380022e-09, 1.05009306806e-10], "median": [2.82158798655e-05, 0.00179002596997, 0.00385142187588, 0.00225509237498, 0.00305771827698, 0.00137004349381, 0.00132999115158, 0.00124167301692, 0.000541110290214, 0.000760617374908, 0.000373785733245, 0.000477763445815, 0.000322021805914, 0.000314014207106, 0.000425619247835, 0.000425862148404, 0.000553384888917, 0.000283121655229, 0.000543292379007, 0.000310470262775, 0.000132513610879, 5.26636940776e-05, 4.09679851145e-05, 3.37619057973e-05, 3.39235448337e-05, 1.04416776594e-05, 5.18412207384e-07]}, "melbands_kurtosis": {"dmean": 4.78819036484, "dmean2": 7.89793014526, "max": 252.182510376, "dvar": 82.7955322266, "mean": 8.94096851349, "dvar2": 212.404922485, "min": -1.81738734245, "var": 136.673828125, "median": 5.74848556519}, "erbbands_crest": {"dmean": 2.02249312401, "dmean2": 3.27649974823, "max": 30.0381412506, "dvar": 4.27285575867, "mean": 7.76017284393, "dvar2": 10.5601100922, "min": 2.40799713135, "var": 17.0857696533, "median": 6.51289463043}, "melbands_skewness": {"dmean": 0.592277526855, "dmean2": 0.950772106647, "max": 12.0684804916, "dvar": 0.52729010582, "mean": 2.39516639709, "dvar2": 1.33444166183, "min": -1.50514483452, "var": 1.24975335598, "median": 2.18372631073}, "spectral_energyband_middle_low": {"dmean": 0.00577449984848, "dmean2": 0.00959610193968, "max": 0.125512093306, "dvar": 8.30012504593e-05, "mean": 0.0165841840208, "dvar2": 0.000227393131354, "min": 2.53753480606e-22, "var": 0.00012170363334, "median": 0.0148845091462}, "spectral_contrast_coeffs": {"dmean": [0.0498291812837, 0.0453313142061, 0.0347647182643, 0.0283126831055, 0.0203819479793, 0.0181649327278], "dmean2": [0.0822551324964, 0.0747137740254, 0.0570179261267, 0.0460779219866, 0.0334138683975, 0.0284379795194], "max": [-0.267944425344, -0.366556286812, -0.45968362689, -0.565580487251, -0.628474235535, -0.560140013695], "dvar": [0.00178357749246, 0.00141755898949, 0.000760688446462, 0.000530901306774, 0.000265541835688, 0.000276340928394], "mean": [-0.597879707813, -0.714094519615, -0.763281226158, -0.771931648254, -0.779434084892, -0.754296839237], "dvar2": [0.00469273934141, 0.00373208569363, 0.00200415449217, 0.00134727393743, 0.000684040016495, 0.000626308785286], "min": [-0.962426781654, -0.965636491776, -0.973516523838, -0.968559980392, -0.963008463383, -0.96174710989], "var": [0.00516335852444, 0.00504230847582, 0.00276919174939, 0.0021261444781, 0.00145401165355, 0.00176499027293], "median": [-0.597741127014, -0.722173988819, -0.766309678555, -0.77427816391, -0.779616773129, -0.753063976765]}, "spectral_contrast_valleys": {"dmean": [0.396117001772, 0.326319307089, 0.281283259392, 0.240930631757, 0.193569362164, 0.274907141924], "dmean2": [0.652940034866, 0.544063389301, 0.463844567537, 0.385817170143, 0.295213967562, 0.343315064907], "max": [-4.98916149139, -4.5902967453, -5.40052127838, -5.98573493958, -5.75606250763, -7.51298809052], "dvar": [0.137641191483, 0.0997592508793, 0.0717968940735, 0.0578990764916, 0.0515595786273, 0.0980558395386], "mean": [-7.17807722092, -6.42567062378, -6.99775218964, -7.45144605637, -7.17080783844, -10.2450790405], "dvar2": [0.310086905956, 0.242550343275, 0.157904103398, 0.117143638432, 0.0883978158236, 0.16023337841], "min": [-27.6806545258, -27.4582920074, -27.4865779877, -27.5580921173, -27.4338207245, -27.3612785339], "var": [1.50400424004, 1.35402500629, 1.08772432804, 1.82106459141, 2.18116426468, 2.44797182083], "median": [-6.93845176697, -6.21190357208, -6.79768228531, -7.17548131943, -6.83036804199, -9.89305496216]}, "silence_rate_20dB": {"dmean": 0, "dmean2": 0, "max": 1, "dvar": 0, "mean": 1, "dvar2": 0, "min": 1, "var": 0, "median": 1}, "silence_rate_30dB": {"dmean": 0.00036026298767, "dmean2": 0.000720590876881, "max": 1, "dvar": 0.000360155740054, "mean": 0.999819874763, "dvar2": 0.00108045712113, "min": 0, "var": 0.000180077651748, "median": 1}, "spectral_strongpeak": {"dmean": 0.442127436399, "dmean2": 0.769730329514, "max": 8.37046909332, "dvar": 0.51043587923, "mean": 0.811796247959, "dvar2": 1.2944624424, "min": 0, "var": 0.791866779327, "median": 0.512506425381}, "spectral_spread": {"dmean": 413414.25, "dmean2": 569164.25, "max": 42232292, "dvar": 397386055680, "mean": 4025846, "dvar2": 657385783296, "min": 322003.34375, "var": 2262784540670.0, "median": 3909054.75}, "barkbands_flatness_db": {"dmean": 0.0178893171251, "dmean2": 0.0274251122028, "max": 0.522410452366, "dvar": 0.000325369008351, "mean": 0.122063428164, "dvar2": 0.000812032725662, "min": 0.0250430759043, "var": 0.00376825057901, "median": 0.109944753349}, "pitch_salience": {"dmean": 0.0627469420433, "dmean2": 0.103576503694, "max": 0.864852666855, "dvar": 0.00372601882555, "mean": 0.579078495502, "dvar2": 0.0103651676327, "min": 0.174695089459, "var": 0.0081952335313, "median": 0.586367189884}, "erbbands_kurtosis": {"dmean": 0.506935894489, "dmean2": 0.80916839838, "max": 36.2307167053, "dvar": 0.964843809605, "mean": -0.194300055504, "dvar2": 2.17046928406, "min": -1.81656062603, "var": 2.43377494812, "median": -0.573881030083}, "average_loudness": 0.950872600079, "barkbands_crest": {"dmean": 2.30664896965, "dmean2": 3.8468515873, "max": 22.9904766083, "dvar": 6.75829744339, "mean": 8.22878265381, "dvar2": 18.1986999512, "min": 2.56705117226, "var": 11.4213056564, "median": 7.40088748932}, "hfc": {"dmean": 4.76687669754, "dmean2": 7.0196390152, "max": 114.47820282, "dvar": 30.9181690216, "mean": 25.3079891205, "dvar2": 61.7172470093, "min": 1.10569722171e-16, "var": 195.806289673, "median": 25.0349502563}, "barkbands_kurtosis": {"dmean": 1.90135848522, "dmean2": 3.1387553215, "max": 161.54548645, "dvar": 14.5836410522, "mean": 2.27781438828, "dvar2": 36.9894485474, "min": -1.81381881237, "var": 26.3744010925, "median": 0.907970547676}, "erbbands": {"dmean": [0.125296026468, 1.01291739941, 2.32996463776, 3.97894954681, 10.9329862595, 7.80877304077, 6.78410053253, 10.5576839447, 20.1243591309, 18.6804981232, 25.0298957825, 13.7150068283, 13.6479473114, 15.0933322906, 14.599773407, 17.964717865, 17.8107566833, 15.1902980804, 20.1379299164, 11.675532341, 15.4663000107, 14.8916454315, 8.95648956299, 9.44403934479, 12.886007309, 9.17265510559, 4.63444042206, 3.3751103878, 2.74310779572, 2.24685621262, 1.28304088116, 0.89156383276, 0.640108585358, 0.475318789482, 0.25971904397, 0.0819191485643, 0.0245884545147, 0.00586110539734, 0.000500322843436, 2.3559330657e-05], "dmean2": [0.217259466648, 1.79552042484, 4.08881473541, 6.90185308456, 18.880027771, 13.5842218399, 11.2381267548, 17.297170639, 31.476442337, 29.6384162903, 38.9827537537, 20.5990409851, 21.0139255524, 23.0252819061, 22.8585357666, 28.4481906891, 27.5286941528, 23.6362342834, 32.1772613525, 18.188539505, 24.2581100464, 23.6548728943, 14.3816709518, 15.5082035065, 20.8259544373, 14.3286304474, 7.06429719925, 5.0347661972, 3.95792245865, 3.18189144135, 1.79881322384, 1.26470971107, 0.94553643465, 0.68472892046, 0.38001665473, 0.116942510009, 0.0350696854293, 0.00852521322668, 0.000814586586785, 3.83082551707e-05], "max": [3.2764134407, 30.7787857056, 53.877494812, 74.9872131348, 286.517578125, 208.666900635, 312.892700195, 382.955505371, 676.124023438, 809.205810547, 715.768249512, 1191.62158203, 1048.03356934, 708.72479248, 582.325378418, 1077.76794434, 1138.76635742, 835.632385254, 964.323669434, 557.274169922, 594.59967041, 454.619934082, 182.631240845, 253.242340088, 429.275482178, 351.582824707, 150.752838135, 219.386077881, 154.3934021, 194.423583984, 80.5990142822, 116.166221619, 64.3115234375, 25.8225479126, 13.2443008423, 5.98724603653, 1.20984995365, 0.343143731356, 0.0701742321253, 0.00289871986024], "dvar": [0.140826970339, 9.03126049042, 23.3918132782, 32.9947090149, 530.241516113, 279.269012451, 155.70249939, 377.65423584, 1458.1451416, 1687.94458008, 1834.31542969, 801.117614746, 596.011230469, 531.436035156, 680.001647949, 1139.87963867, 1707.25476074, 979.85760498, 1311.00939941, 474.049621582, 723.994567871, 436.071014404, 120.103752136, 139.900558472, 302.779510498, 208.192764282, 50.8081321716, 49.2912406921, 38.8172607422, 32.082775116, 9.32647800446, 7.20341777802, 3.70615673065, 1.16486728191, 0.344704449177, 0.033443428576, 0.00252432678826, 0.000156382215209, 4.14424357587e-06, 6.8548682286e-09], "mean": [0.114984795451, 1.11472606659, 5.00563573837, 9.02363967896, 16.2637081146, 12.0925683975, 12.9814577103, 19.5065174103, 39.2496910095, 38.2827529907, 50.2984848022, 30.0875778198, 30.6490764618, 34.5009536743, 30.7339725494, 37.2248382568, 35.162311554, 31.8843612671, 40.7778587341, 29.0783920288, 40.6382522583, 38.0888519287, 24.0680046082, 25.6819705963, 33.3965873718, 23.1158885956, 11.3980321884, 7.30693244934, 5.33189487457, 4.39394187927, 2.71171617508, 1.79706060886, 1.25506532192, 0.892153680325, 0.459257185459, 0.155231609941, 0.044946141541, 0.00935829989612, 0.00055687915301, 5.62677814742e-05], "dvar2": [0.375545620918, 25.1031112671, 67.0554733276, 96.2950057983, 1480.72900391, 787.483337402, 411.258056641, 923.288330078, 3494.22875977, 4230.98242188, 4446.27441406, 1569.94311523, 1280.05871582, 1270.83740234, 1620.11877441, 2778.21435547, 3708.3762207, 2153.03100586, 3300.53979492, 1067.33227539, 1800.80810547, 1052.18444824, 297.837341309, 371.633605957, 746.865661621, 498.016479492, 110.741203308, 98.1851882935, 78.101348877, 61.2660713196, 16.7298736572, 14.0876541138, 8.25174808502, 2.46761202812, 0.74598968029, 0.0629006549716, 0.00505636725575, 0.000351997965481, 1.10005239549e-05, 1.83483610527e-08], "min": [3.01115465043e-23, 8.76117049761e-22, 2.38433660463e-21, 4.77759892427e-21, 1.62627246564e-20, 6.64780113644e-20, 1.37165105426e-19, 3.43311723115e-19, 4.47924091962e-19, 4.18045914646e-19, 6.18040557475e-19, 4.2631012105e-19, 1.16913376906e-18, 1.73568052395e-18, 1.10247355824e-18, 1.8687401769e-18, 2.38439050869e-18, 3.62640447319e-18, 4.2595769041e-18, 4.89780547651e-18, 5.21894511444e-18, 4.64457984841e-18, 7.35333786058e-18, 8.12653418481e-18, 7.02461380361e-18, 1.37977986154e-17, 1.13888286416e-17, 1.27540753534e-17, 1.40582256779e-17, 1.66056028205e-17, 1.4387284743e-17, 1.50276234532e-17, 1.22942952817e-17, 9.2441693433e-18, 8.81027175298e-18, 5.45200118408e-18, 2.69468270687e-18, 1.10313302798e-18, 2.83514423043e-19, 2.7027696769e-20], "var": [0.10671427846, 6.29467725754, 26.9315795898, 58.1314964294, 466.388092041, 251.841339111, 373.348510742, 801.381408691, 2963.22875977, 4139.77636719, 4227.22119141, 2705.14501953, 2470.52856445, 1545.51184082, 1683.08630371, 2367.58081055, 4968.12988281, 2494.17626953, 3271.11889648, 1548.62207031, 2211.75390625, 1483.73010254, 429.086669922, 438.130493164, 984.832336426, 713.345825195, 166.114242554, 123.198066711, 99.3610992432, 86.2487716675, 31.4866294861, 19.5531654358, 8.16697692871, 2.68617987633, 0.705814659595, 0.0934313908219, 0.00695025594905, 0.000282922876067, 3.37148912877e-06, 5.49354206569e-09], "median": [0.0286546293646, 0.513639628887, 4.07525110245, 7.61900234222, 10.7418222427, 7.68372249603, 7.65118122101, 10.4557914734, 20.7484836578, 18.0019359589, 29.3415031433, 16.2923164368, 18.0597648621, 23.2353286743, 17.6586837769, 22.8698768616, 16.5297679901, 18.9983558655, 24.7232074738, 19.6696166992, 28.1602973938, 27.1526908875, 19.2664966583, 21.9094715118, 26.0014381409, 15.3080043793, 7.12802314758, 4.12730646133, 2.02680873871, 1.52620816231, 1.0419677496, 0.702705383301, 0.528783023357, 0.40542536974, 0.205581218004, 0.0639096945524, 0.0149755887687, 0.00246090441942, 8.83120374056e-05, 4.61052077299e-05]}, "spectral_energy": {"dmean": 0.0102945286781, "dmean2": 0.0172450151294, "max": 0.171078041196, "dvar": 0.00028861159808, "mean": 0.0341440662742, "dvar2": 0.000774067768361, "min": 1.02236736824e-20, "var": 0.000377742515411, "median": 0.03301782161}, "zerocrossingrate": {"dmean": 0.00823441892862, "dmean2": 0.0101531893015, "max": 0.51904296875, "dvar": 0.000105339357106, "mean": 0.0583390109241, "dvar2": 0.000137822062243, "min": 0.0068359375, "var": 0.00075597531395, "median": 0.05419921875}, "spectral_energyband_high": {"dmean": 0.00031369595672, "dmean2": 0.00042591476813, "max": 0.0118560530245, "