{"lowlevel": {"spectral_strongpeak": {"max": 9.28755092621, "dmean": 0.623618423939, "dvar2": 1.58621776104, "dmean2": 1.0126388073, "var": 1.81336784363, "median": 0.493245542049, "min": 0, "dvar": 0.701703727245, "mean": 1.11946690083}, "barkbands_flatness_db": {"max": 0.329910188913, "dmean": 0.0239597726613, "dvar2": 0.00104688166175, "dmean2": 0.0372570753098, "var": 0.00180560734589, "median": 0.120441891253, "min": 0.0144781256095, "dvar": 0.000451478088507, "mean": 0.125241652131}, "barkbands_skewness": {"max": 9.47112941742, "dmean": 0.652369976044, "dvar2": 1.03840041161, "dmean2": 0.996354341507, "var": 1.37196660042, "median": 1.59865188599, "min": -2.29826879501, "dvar": 0.461721599102, "mean": 1.80006980896}, "spectral_energyband_middle_high": {"max": 0.0531245283782, "dmean": 0.00178150075953, "dvar2": 1.54078643391e-05, "dmean2": 0.00269015040249, "var": 2.30286550504e-05, "median": 0.00290155061521, "min": 1.41892080332e-21, "dvar": 6.8215281317e-06, "mean": 0.00436787400395}, "erbbands_kurtosis": {"max": 49.3262138367, "dmean": 1.45191311836, "dvar2": 9.58517742157, "dmean2": 2.28406834602, "var": 9.62995243073, "median": 0.303643941879, "min": -1.80058145523, "dvar": 4.21717357635, "mean": 1.23867154121}, "erbbands_crest": {"max": 32.3242111206, "dmean": 3.3858101368, "dvar2": 22.279291153, "dmean2": 5.40721750259, "var": 33.2055587769, "median": 8.83066654205, "min": 2.06457304955, "dvar": 9.97809028625, "mean": 10.4700756073}, "dynamic_complexity": 2.67546629906, "barkbands_crest": {"max": 25.8195362091, "dmean": 3.30846214294, "dvar2": 20.7071399689, "dmean2": 5.4281463623, "var": 19.729681015, "median": 9.45414733887, "min": 2.26290178299, "dvar": 8.2964925766, "mean": 10.3920660019}, "dissonance": {"max": 0.500000059605, "dmean": 0.022796401754, "dvar2": 0.0011826842092, "dmean2": 0.0382657945156, "var": 0.000943257589824, "median": 0.466085672379, "min": 0.266263574362, "dvar": 0.00043904868653, "mean": 0.459145218134}, "spectral_energyband_low": {"max": 0.0866816267371, "dmean": 0.00622583320364, "dvar2": 0.000209083285881, "dmean2": 0.0096186241135, "var": 0.000157407514052, "median": 0.00522494874895, "min": 4.33468717564e-23, "dvar": 9.33254486881e-05, "mean": 0.0098772905767}, "spectral_contrast_coeffs": {"max": [-0.299503386021, -0.357496351004, -0.434628814459, -0.561734676361, -0.617249429226, -0.584090471268], "dmean": [0.0544473789632, 0.0546701438725, 0.0424258187413, 0.0318917222321, 0.023533411324, 0.0209132228047], "dvar2": [0.00513285351917, 0.00485663115978, 0.00278114923276, 0.00164053030312, 0.000954159768298, 0.00083235942293], "dmean2": [0.0906765162945, 0.0879428163171, 0.0678703710437, 0.0517997778952, 0.0369499325752, 0.0326522067189], "var": [0.00569280609488, 0.0075549185276, 0.00487987278029, 0.00219017313793, 0.0016326647019, 0.00156297185458], "median": [-0.664536654949, -0.724734306335, -0.780368447304, -0.796130657196, -0.804499149323, -0.774405837059], "min": [-0.970648944378, -0.951290488243, -0.964694201946, -0.960763275623, -0.96009773016, -0.959136664867], "dvar": [0.00190970557742, 0.00196967064403, 0.00116507615894, 0.000661186641082, 0.000424356578151, 0.000366507912986], "mean": [-0.658444881439, -0.712405025959, -0.766763448715, -0.790160536766, -0.797511935234, -0.769511342049]}, "silence_rate_60dB": {"max": 1, "dmean": 0.0098293274641, "dvar2": 0.0248136464506, "dmean2": 0.0196604114026, "var": 0.0258304011077, "median": 0, "min": 0, "dvar": 0.00973265059292, "mean": 0.0265368111432}, "mfcc": {"icov": [[0.000466257653898, 0.000144336212543, -3.30202637997e-05, -0.000400413555326, 0.000237013649894, -0.000100594916148, 0.000163839751622, -3.62874816346e-05, 0.000533635960892, -0.000455118279206, -0.000263209454715, -0.000166304700542, 0.000158358016051], [0.000144336212543, 0.0019231120823, 5.4925247241e-05, -0.000811535515822, -0.000135897193104, 0.000436903676018, -0.000410927517805, 0.00016034131113, 0.000213528241147, 8.03568545962e-05, -0.000615074590314, -0.000156452530064, -0.000171374107595], [-3.30202637997e-05, 5.4925247241e-05, 0.00137029564939, -0.00111113209277, -0.000189839018276, -0.000424658646807, 0.000142444856465, 0.000437287642853, 0.00021331210155, -0.000106173290987, 0.000209748774068, -0.000937966222409, 0.000267959956545], [-0.000400413555326, -0.000811535515822, -0.00111113209277, 0.00546662556008, -0.00109871698078, -0.000895520497579, -3.28455134877e-05, 0.000323720450979, -0.000923029961996, -0.00031017314177, 3.85248040402e-06, 0.000440674630227, -0.000129258623929], [0.000237013649894, -0.000135897193104, -0.000189839018276, -0.00109871698078, 0.00439489725977, -0.00220452062786, 0.000828852935228, -0.000871307158377, 0.00135535397567, -0.000750747567508, 0.00012232507288, 0.000692710629664, -0.000873482436873], [-0.000100594916148, 0.000436903676018, -0.000424658646807, -0.000895520497579, -0.00220452062786, 0.0090129589662, -0.00359547091648, 0.00226830993779, -0.00355993770063, 0.000988209503703, 0.000440230534878, -0.000784398871474, -7.17087641533e-06], [0.000163839751622, -0.000410927517805, 0.000142444856465, -3.28455134877e-05, 0.000828852935228, -0.00359547091648, 0.00934257451445, -0.00650643883273, 0.00126653641928, 1.9683282062e-06, 0.000385790946893, 6.56130941934e-05, 0.000478509871755], [-3.62874816346e-05, 0.00016034131113, 0.000437287642853, 0.000323720450979, -0.000871307158377, 0.00226830993779, -0.00650643883273, 0.0118718724698, -0.00360695831478, 0.000673644710332, -0.00131852785125, 0.00103900209069, -0.00144465337507], [0.000533635960892, 0.000213528241147, 0.00021331210155, -0.000923029961996, 0.00135535397567, -0.00355993770063, 0.00126653641928, -0.00360695831478, 0.0138263301924, -0.00483527081087, 0.00192236469593, -0.00391113804653, 0.00221251905896], [-0.000455118279206, 8.03568545962e-05, -0.000106173290987, -0.00031017314177, -0.000750747567508, 0.000988209503703, 1.9683282062e-06, 0.000673644710332, -0.00483527081087, 0.0138888424262, -0.00671296473593, 0.00152887508739, -0.000678438344039], [-0.000263209454715, -0.000615074590314, 0.000209748774068, 3.85248040402e-06, 0.00012232507288, 0.000440230534878, 0.000385790946893, -0.00131852785125, 0.00192236469593, -0.00671296473593, 0.0166739374399, -0.00596562772989, 0.00193015323021], [-0.000166304700542, -0.000156452530064, -0.000937966222409, 0.000440674630227, 0.000692710629664, -0.000784398871474, 6.56130941934e-05, 0.00103900209069, -0.00391113804653, 0.00152887508739, -0.00596562772989, 0.0184100586921, -0.00717991683632], [0.000158358016051, -0.000171374107595, 0.000267959956545, -0.000129258623929, -0.000873482436873, -7.17087641533e-06, 0.000478509871755, -0.00144465337507, 0.00221251905896, -0.000678438344039, 0.00193015323021, -0.00717991683632, 0.0174996759742]], "cov": [[2737.91040039, -93.3720932007, 349.48815918, 249.093215942, -41.7587547302, 8.70545768738, -111.690109253, -94.1834869385, -54.9715843201, 126.818313599, 107.635765076, 50.0757293701, -15.4633522034], [-93.3720932007, 587.821044922, 67.3116989136, 104.095413208, 52.0102882385, 3.52044963837, 26.0430984497, 5.68579673767, -2.77378201485, 9.62637901306, 26.8505363464, 15.1182603836, 12.6596345901], [349.48815918, 67.3116989136, 1148.88684082, 331.46194458, 168.700622559, 141.368392944, -48.0907211304, -91.0371246338, 20.0339946747, 40.3211135864, 20.5126647949, 70.9702148438, 10.5169305801], [249.093215942, 104.095413208, 331.46194458, 328.742218018, 121.227020264, 88.5272140503, -2.15289902687, -24.708316803, 25.2141876221, 33.3866920471, 16.4737167358, 23.0105381012, 5.95486450195], [-41.7587547302, 52.0102882385, 168.700622559, 121.227020264, 321.480712891, 99.5946731567, 10.7306146622, 1.82453393936, 3.01480436325, 13.1681194305, -1.79967260361, 3.28785061836, 16.820728302], [8.70545768738, 3.52044963837, 141.368392944, 88.5272140503, 99.5946731567, 193.871505737, 64.6765441895, 10.7200431824, 48.0302238464, 7.08430480957, -4.50161314011, 19.020904541, 5.11467599869], [-111.690109253, 26.0430984497, -48.0907211304, -2.15289902687, 10.7306146622, 64.6765441895, 210.190246582, 113.577140808, 28.1288700104, -5.81380367279, -4.46893930435, -2.21004223824, 1.98142957687], [-94.1834869385, 5.68579673767, -91.0371246338, -24.708316803, 1.82453393936, 10.7200431824, 113.577140808, 160.518783569, 35.8793830872, 2.63484501839, 4.96085882187, -2.42388510704, 6.384786129], [-54.9715843201, -2.77378201485, 20.0339946747, 25.2141876221, 3.01480436325, 48.0302238464, 28.1288700104, 35.8793830872, 112.426109314, 34.8947181702, 9.1815776825, 22.9928359985, -1.72771072388], [126.818313599, 9.62637901306, 40.3211135864, 33.3866920471, 13.1681194305, 7.08430480957, -5.81380367279, 2.63484501839, 34.8947181702, 110.973907471, 48.3062782288, 16.3571109772, 0.886148929596], [107.635765076, 26.8505363464, 20.5126647949, 16.4737167358, -1.79967260361, -4.50161314011, -4.46893930435, 4.96085882187, 9.1815776825, 48.3062782288, 91.9210586548, 30.156665802, 2.48285913467], [50.0757293701, 15.1182603836, 70.9702148438, 23.0105381012, 3.28785061836, 19.020904541, -2.21004223824, -2.42388510704, 22.9928359985, 16.3571109772, 30.156665802, 82.6752319336, 27.1320304871], [-15.4633522034, 12.6596345901, 10.5169305801, 5.95486450195, 16.820728302, 5.11467599869, 1.98142957687, 6.384786129, -1.72771072388, 0.886148929596, 2.48285913467, 27.1320304871, 69.7162628174]], "mean": [-628.90435791, 109.139533997, 14.252617836, 11.049238205, -3.24087619781, 7.98797988892, -0.276454180479, 4.13405799866, 0.0340094827116, 1.07143115997, 3.38403296471, -0.237582311034, -3.68575143814]}, "melbands_spread": {"max": 156.421524048, "dmean": 7.08978843689, "dvar2": 181.466384888, "dmean2": 10.9426460266, "var": 189.527114868, "median": 17.0992164612, "min": 0.906800329685, "dvar": 80.4924240112, "mean": 20.0630340576}, "barkbands_kurtosis": {"max": 122.021438599, "dmean": 3.9357919693, "dvar2": 104.931655884, "dmean2": 6.25761079788, "var": 72.8660736084, "median": 3.08147764206, "min": -1.90999031067, "dvar": 44.2155456543, "mean": 5.60341024399}, "spectral_energyband_high": {"max": 0.00927224848419, "dmean": 0.000389973458368, "dvar2": 7.55701364596e-07, "dmean2": 0.000588660070207, "var": 1.00743693565e-06, "median": 0.000588496972341, "min": 7.63885947615e-21, "dvar": 3.40778711916e-07, "mean": 0.000933906296268}, "hfc": {"max": 82.4585342407, "dmean": 6.14640903473, "dvar2": 99.5740509033, "dmean2": 9.04064083099, "var": 204.114593506, "median": 17.1232757568, "min": 1.16874783967e-16, "dvar": 44.6975097656, "mean": 20.3036956787}, "spectral_skewness": {"max": 3.54115200043, "dmean": 0.197946041822, "dvar2": 0.080646045506, "dmean2": 0.309496045113, "var": 0.169614925981, "median": 1.43560540676, "min": -0.0194413736463, "dvar": 0.0342667885125, "mean": 1.44897532463}, "erbbands": {"max": [1.98249387741, 20.1568775177, 43.8934669495, 103.307273865, 150.158248901, 487.72668457, 1158.95031738, 1359.05725098, 1348.52770996, 2598.06347656, 2294.15795898, 3187.62890625, 1786.37548828, 825.746704102, 1006.46716309, 1573.33312988, 1435.15209961, 1117.03735352, 982.264221191, 434.842132568, 363.959014893, 638.627807617, 321.20690918, 332.459716797, 394.492401123, 155.926132202, 91.963470459, 191.679763794, 141.869506836, 91.274230957, 98.3798446655, 76.7604370117, 96.6588745117, 42.0679779053, 10.74426651, 4.96039962769, 1.95852982998, 0.367099404335, 0.0261549409479, 0.00107125029899], "dmean": [0.120348751545, 1.18758165836, 2.1999373436, 2.77698349953, 4.56892204285, 7.00840234756, 11.5941915512, 15.0203990936, 13.7444162369, 17.1737136841, 52.468837738, 46.5521888733, 26.1167373657, 13.5461378098, 15.4319667816, 18.6659946442, 20.5866394043, 16.1260242462, 12.7180576324, 9.24078178406, 7.12530994415, 8.20942306519, 6.63680839539, 6.15843868256, 5.5378036499, 3.87537455559, 3.24769091606, 4.88761663437, 4.36828517914, 2.6140499115, 2.68875455856, 2.10088849068, 1.34417426586, 0.750580132008, 0.223117232323, 0.0900522246957, 0.0284955911338, 0.00545028224587, 0.00032686983468, 1.82156327355e-05], "dvar2": [0.105912700295, 10.1629314423, 28.0274105072, 54.0664596558, 139.444625854, 457.1590271, 1844.19030762, 3640.70849609, 3924.66699219, 5932.93017578, 35360.34375, 26679.1230469, 9238.31347656, 1694.97351074, 3488.3972168, 6245.47607422, 5598.97607422, 2933.85546875, 2369.54931641, 889.256896973, 597.92010498, 905.284179688, 568.690429688, 470.034484863, 259.863525391, 99.5059890747, 69.4911117554, 135.105285645, 117.415412903, 47.0507698059, 62.9686279297, 47.92420578, 22.02293396, 6.95338964462, 0.428123086691, 0.069792330265, 0.00855036918074, 0.000367297092453, 3.6015853766e-06, 4.44193037907e-09], "dmean2": [0.18599678576, 1.94886112213, 3.52316212654, 4.57062005997, 7.90831708908, 11.8076534271, 18.9216423035, 24.2334308624, 21.5970993042, 26.9904232025, 81.1211090088, 69.6340103149, 38.5600509644, 21.0854721069, 25.0121307373, 30.4412536621, 33.4907951355, 25.8606681824, 20.3471813202, 14.5669851303, 11.580906868, 13.4186325073, 10.6400709152, 9.62560176849, 8.58372116089, 6.11317920685, 5.28430652618, 7.70692157745, 6.79552173615, 4.10087442398, 4.18960571289, 3.27905154228, 2.02551603317, 1.11434054375, 0.329718977213, 0.132928982377, 0.042802054435, 0.00830728933215, 0.000535592087545, 2.83567387669e-05], "var": [0.0640507936478, 5.59209346771, 18.5987472534, 32.101146698, 62.7335166931, 263.873626709, 1550.0723877, 3420.59179688, 4370.7421875, 7277.57421875, 42010.3867188, 28380.0664063, 15375.390625, 1857.33911133, 2127.67358398, 3216.41308594, 2818.05859375, 2128.54663086, 1779.92712402, 517.673828125, 296.234039307, 665.36151123, 322.422119141, 325.438568115, 292.880401611, 121.788574219, 57.9223403931, 171.987854004, 120.806053162, 41.4215278625, 49.0504646301, 34.8790397644, 19.2968711853, 6.73935413361, 0.487968534231, 0.0782939270139, 0.00781331770122, 0.000250490615144, 1.25399515127e-06, 1.68033309489e-09], "median": [0.0384285524487, 0.522123098373, 1.94577121735, 2.66215896606, 3.72955870628, 5.43017578125, 7.0963602066, 7.52119874954, 6.37573719025, 7.68123865128, 17.0462760925, 16.2990913391, 11.1688346863, 10.7546615601, 11.2092342377, 12.1571989059, 11.9856262207, 10.0860519409, 7.70111560822, 5.58133029938, 5.46764373779, 5.36332035065, 4.93234348297, 4.59526491165, 4.84989929199, 3.88859653473, 3.37899589539, 4.57533502579, 4.65642166138, 3.04031729698, 2.32595443726, 1.66753721237, 1.04580044746, 0.639165878296, 0.211352571845, 0.0749379843473, 0.0203009359539, 0.00300279865041, 9.06556088012e-05, 3.77393807867e-05], "min": [3.46392357579e-22, 4.52203283063e-21, 2.30665259171e-20, 2.46293366661e-20, 1.40526043653e-19, 2.05879347878e-19, 7.25745315192e-19, 1.03419445157e-18, 1.43531666447e-18, 8.11901914555e-19, 2.55811394696e-18, 2.42080444682e-18, 1.81830945649e-18, 1.77985548417e-18, 3.59580499438e-18, 1.53118710426e-18, 3.1325600699e-18, 4.4128108718e-18, 5.48408834722e-18, 8.35622073422e-18, 5.58748716456e-18, 7.89129311759e-18, 8.34578088771e-18, 1.43430008018e-17, 1.67636191329e-17, 1.58153243895e-17, 1.15416874829e-17, 1.77821249668e-17, 1.7056217731e-17, 1.77244489714e-17, 1.90988145223e-17, 1.69460356191e-17, 1.53602294688e-17, 1.3663913643e-17, 9.51376653008e-18, 6.3568648095e-18, 3.12603775077e-18, 1.15973120704e-18, 3.68860385406e-19, 3.50757053024e-20], "dvar": [0.0472976751626, 4.05344104767, 11.3721981049, 20.8979434967, 51.0009651184, 182.02394104, 787.55279541, 1601.53393555, 1811.04187012, 2726.40576172, 15607.7802734, 12988.9033203, 4460.47949219, 799.792053223, 1483.21520996, 2512.15722656, 2094.05957031, 1264.32104492, 950.914306641, 372.106811523, 246.532302856, 376.68170166, 237.346389771, 193.532653809, 116.468154907, 43.4352340698, 26.7992115021, 59.9541778564, 49.3016090393, 19.5611114502, 26.8147621155, 20.4441776276, 10.3579444885, 3.36237931252, 0.207518205047, 0.0349149778485, 0.00412835692987, 0.000163443139172, 1.39485439377e-06, 1.62497215683e-09], "mean": [0.142893821001, 1.49330401421, 3.34520483017, 4.29391956329, 6.24095964432, 9.78652000427, 16.612405777, 22.0735721588, 22.1148605347, 27.3919715881, 86.3690948486, 71.417427063, 46.3417663574, 23.4181938171, 24.4858570099, 27.270357132, 29.6910209656, 24.1883621216, 19.7242889404, 13.3777561188, 10.8124094009, 12.7383232117, 10.7626714706, 10.68019104, 10.886756897, 7.74591493607, 6.09866285324, 9.42634010315, 8.80175113678, 5.24171447754, 4.69726228714, 3.50281000137, 2.33035683632, 1.38013136387, 0.437245875597, 0.166418328881, 0.048732008785, 0.00816140975803, 0.000354692834662, 4.48802529718e-05]}, "spectral_contrast_valleys": {"max": [-5.20111608505, -4.77528095245, -5.36812973022, -5.73756742477, -6.00875234604, -7.75519990921], "dmean": [0.442006528378, 0.35145893693, 0.307460188866, 0.294247537851, 0.257726550102, 0.259452164173], "dvar2": [0.344478398561, 0.234217584133, 0.188629195094, 0.196868285537, 0.167473569512, 0.149578496814], "dmean2": [0.716684043407, 0.576524913311, 0.503981173038, 0.468465268612, 0.404217064381, 0.366279482841], "var": [1.22861075401, 0.597958743572, 0.390033483505, 0.363774627447, 0.334961950779, 0.489102810621], "median": [-6.89575195313, -6.5357093811, -7.02987003326, -7.56698989868, -7.56984329224, -9.56744766235], "min": [-27.1521835327, -27.5023136139, -27.3023319244, -27.1146259308, -27.2798271179, -27.2209453583], "dvar": [0.157907232642, 0.104363903403, 0.0907452628016, 0.102645434439, 0.0861961990595, 0.0877596884966], "mean": [-7.18075990677, -6.63502550125, -7.05182504654, -7.57336711884, -7.58383560181, -9.61343860626]}, "average_loudness": 0.858668684959, "erbbands_spread": {"max": 154.46875, "dmean": 10.7987184525, "dvar2": 263.467163086, "dmean2": 16.107378006, "var": 551.272583008, "median": 37.2594146729, "min": 3.38832426071, "dvar": 129.281326294, "mean": 41.9900665283}, "melbands_flatness_db": {"max": 0.44530710578, "dmean": 0.029316291213, "dvar2": 0.00159253284801, "dmean2": 0.0447690188885, "var": 0.00295697618276, "median": 0.186108291149, "min": 0.00702412333339, "dvar": 0.000720178708434, "mean": 0.190186530352}, "barkbands_spread": {"max": 106.197288513, "dmean": 6.65145540237, "dvar2": 128.469207764, "dmean2": 10.3227577209, "var": 177.411911011, "median": 18.3957443237, "min": 1.1024273634, "dvar": 61.4776954651, "mean": 21.06939888}, "spectral_decrease": {"max": 8.21888722976e-30, "dmean": 2.62102073378e-09, "dvar2": 1.69329198433e-17, "dmean2": 3.94383237179e-09, "var": 2.5389579329e-17, "median": -6.09125283546e-09, "min": -3.65734891261e-08, "dvar": 7.74075782663e-18, "mean": -7.22585369317e-09}, "melbands_crest": {"max": 35.1266365051, "dmean": 3.84103322029, "dvar2": 25.3669090271, "dmean2": 6.27554750443, "var": 27.0810966492, "median": 13.1597251892, "min": 2.58186602592, "dvar": 10.1041107178, "mean": 13.9982357025}, "erbbands_flatness_db": {"max": 0.36219099164, "dmean": 0.0203275568783, "dvar2": 0.000662168778945, "dmean2": 0.0297625232488, "var": 0.00233060447499, "median": 0.138975322247, "min": 0.0459735989571, "dvar": 0.00032892593299, "mean": 0.146372333169}, "melbands_kurtosis": {"max": 345.483520508, "dmean": 10.3414344788, "dvar2": 756.914855957, "dmean2": 16.0414009094, "var": 556.946899414, "median": 9.41577625275, "min": -1.68423640728, "dvar": 329.039520264, "mean": 17.1502761841}, "spectral_rms": {"max": 0.0117641622201, "dmean": 0.000918029923923, "dvar2": 1.427344273e-06, "dmean2": 0.0013495979365, "var": 3.42883913618e-06, "median": 0.00492654461414, "min": 3.21123965093e-12, "dvar": 7.06743492174e-07, "mean": 0.00499747833237}, "melbands_skewness": {"max": 14.255903244, "dmean": 0.931736290455, "dvar2": 2.10474538803, "dmean2": 1.38998508453, "var": 3.27570366859, "median": 2.40697026253, "min": -1.47698032856, "dvar": 0.983203053474, "mean": 2.79899764061}, "barkbands": {"max": [0.0248289853334, 0.0810588300228, 0.0517765507102, 0.0357108935714, 0.0956343412399, 0.108409248292, 0.0993262976408, 0.0842987149954, 0.0996903032064, 0.0521647743881, 0.0217163134366, 0.0316471494734, 0.0272526927292, 0.0213372297585, 0.0110803795978, 0.00676164682955, 0.00939579121768, 0.00719754584134, 0.00615505501628, 0.00303219421767, 0.00399528071284, 0.00374526996166, 0.00307093653828, 0.00474549178034, 0.00256254174747, 0.000897291582078, 0.000137981609441], "dmean": [0.000297566642985, 0.00486673507839, 0.00189643388148, 0.00108355551492, 0.00188589468598, 0.00175028340891, 0.000994431902654, 0.00196121260524, 0.00197863392532, 0.000665381900035, 0.000357656215783, 0.000467472389573, 0.000463052158011, 0.000319986749673, 0.000208038632991, 0.000133874680614, 0.000154711946379, 0.000123689853353, 0.000121842589579, 8.58798593981e-05, 0.000100404977275, 0.000116605238873, 9.10455710255e-05, 8.55656835483e-05, 4.78472029499e-05, 1.68470141944e-05, 2.1778566861e-06], "dvar2": [2.89880426863e-06, 0.00017032303731, 2.284556831e-05, 9.01256953512e-06, 2.64689278993e-05, 3.61296952178e-05, 1.93466094061e-05, 5.02245311509e-05, 4.59234870505e-05, 6.28296993455e-06, 1.75202262653e-06, 3.61527872883e-06, 2.5912017918e-06, 1.45286605857e-06, 4.60276226022e-07, 2.29809003827e-07, 2.84609654955e-07, 2.12923254139e-07, 1.49730922772e-07, 4.53330315509e-08, 6.10473733786e-08, 8.29189303886e-08, 6.75730404964e-08, 7.7488316208e-08, 2.5049944341e-08, 2.44620901313e-09, 1.1512513165e-10], "dmean2": [0.000517822336406, 0.00788130331784, 0.00306410016492, 0.00186224281788, 0.00317188119516, 0.00283873057924, 0.00157952192239, 0.00304085155949, 0.00301227415912, 0.000999532174319, 0.000584593100939, 0.000760780763812, 0.000757701753173, 0.000518544518854, 0.000330080656568, 0.000218903413042, 0.000255090300925, 0.000198477238882, 0.000191768631339, 0.00013638571545, 0.000161082454724, 0.000181967552635, 0.000142144737765, 0.000130636617541, 7.03047408024e-05, 2.4963519536e-05, 3.56658915734e-06], "var": [1.03360150661e-06, 9.79525430012e-05, 1.30056805574e-05, 4.68835696665e-06, 1.82482253877e-05, 3.14093376801e-05, 2.32115089602e-05, 5.95321798755e-05, 4.38840615971e-05, 1.08443955469e-05, 1.02335638985e-06, 1.9186420559e-06, 1.37133883982e-06, 1.07376342839e-06, 3.06919645254e-07, 1.03291291964e-07, 1.93579950292e-07, 1.14644421956e-07, 1.27623309254e-07, 5.57862094297e-08, 6.10493700037e-08, 8.38386995383e-08, 5.46350946706e-08, 6.84055336819e-08, 2.58627341765e-08, 2.65566657554e-09, 4.81626127868e-11], "median": [3.72189824702e-05, 0.00198915274814, 0.00157477869652, 0.000782914517913, 0.00168469978962, 0.00102084339596, 0.000388156389818, 0.000567603448872, 0.000592454336584, 0.000289432296995, 0.000212278711842, 0.000263541529421, 0.000230025092606, 0.000145532816532, 0.000115395661851, 8.80291772773e-05, 0.000101197045296, 8.59285210026e-05, 8.80484876689e-05, 8.22804358904e-05, 9.86528684734e-05, 0.000125327933347, 8.32276782603e-05, 6.99873053236e-05, 4.44533870905e-05, 1.31383803819e-05, 5.46870182916e-07], "min": [2.18674404406e-23, 1.7221548269e-23, 1.89224254662e-23, 1.14373392774e-23, 6.4455173993e-23, 1.50308622869e-22, 7.35016541492e-23, 8.9054192046e-23, 9.19288832262e-23, 5.28992042349e-23, 7.34915062425e-23, 5.8791291533e-23, 7.90123713758e-23, 6.16089196707e-23, 1.32822719423e-22, 1.40606062876e-22, 1.32251281205e-22, 2.22082974559e-22, 2.64414714859e-22, 3.3753868765e-22, 3.87035354941e-22, 4.32201920546e-22, 7.2973268804e-22, 8.49514388118e-22, 1.24026372544e-21, 1.68554922596e-21, 2.36639853873e-21], "dvar": [9.2508042826e-07, 7.04908961779e-05, 9.03313048184e-06, 3.32874606102e-06, 1.08354779513e-05, 1.55347588588e-05, 9.0348876256e-06, 2.21683367272e-05, 2.1767373255e-05, 3.14640033139e-06, 7.41942585591e-07, 1.44818602621e-06, 9.98805262498e-07, 6.04676756666e-07, 1.92142138644e-07, 9.28005121636e-08, 1.17514261433e-07, 8.90550495569e-08, 6.26327008035e-08, 1.93682723193e-08, 2.52442244886e-08, 3.47475896945e-08, 2.87894490469e-08, 3.57375000704e-08, 1.21721859259e-08, 1.23120180717e-09, 4.68306816936e-11], "mean": [0.000304903864162, 0.00613802159205, 0.00272848503664, 0.00146327668335, 0.00278344168328, 0.00259844493121, 0.00152886589058, 0.00316979456693, 0.00285686319694, 0.00114705238957, 0.000508763070684, 0.000658233708236, 0.000631203001831, 0.000446979363915, 0.00029738934245, 0.000187641111552, 0.000231985352002, 0.00019096849428, 0.000216875909246, 0.000167649573996, 0.000187686207937, 0.000232461388805, 0.000163025324582, 0.000148980368976, 9.19280719245e-05, 3.03398883261e-05, 2.36489813688e-06]}, "spectral_kurtosis": {"max": 16.1390552521, "dmean": 1.0307790041, "dvar2": 2.81617212296, "dmean2": 1.65540087223, "var": 5.08309030533, "median": 2.70250248909, "min": -1.18379342556, "dvar": 1.10222542286, "mean": 3.11793613434}, "erbbands_skewness": {"max": 6.19163227081, "dmean": 0.456952005625, "dvar2": 0.377651631832, "dmean2": 0.693556189537, "var": 0.747284770012, "median": 0.724808573723, "min": -2.59335112572, "dvar": 0.175067663193, "mean": 0.805321872234}, "melbands": {"max": [0.0198909584433, 0.0188750773668, 0.0145824914798, 0.0219118185341, 0.0357886664569, 0.0263400189579, 0.0185369681567, 0.0236774962395, 0.0206695124507, 0.0197002999485, 0.0088430121541, 0.00405822601169, 0.00341678224504, 0.00398839777336, 0.00227108690888, 0.00234703463502, 0.00256644119509, 0.00203143944964, 0.00124362716451, 0.000411921471823, 0.000377435673727, 0.000628672773018, 0.000355439668056, 0.000567012990359, 0.000311427284032, 0.000243192553171, 0.000238966196775, 0.000133673209348, 7.32009211788e-05, 5.51767807337e-05, 0.000169407197973, 9.60484176176e-05, 7.25845602574e-05, 5.34264108865e-05, 5.15084429935e-05, 7.5970616308e-05, 4.20210708398e-05, 6.01343926974e-05, 7.76253073127e-05, 4.05145292461e-05], "dmean": [0.00126154988538, 0.0012233388843, 0.000489383062813, 0.000412601337302, 0.000369160465198, 0.000330126349581, 0.000208320721867, 0.000217685243115, 0.000450171093689, 0.000280811014818, 0.000128859901452, 5.83756482229e-05, 5.03671435581e-05, 5.49525066162e-05, 4.30626278103e-05, 4.77979992866e-05, 3.02646622004e-05, 2.34283288592e-05, 1.37059778353e-05, 1.09552966023e-05, 8.77044840308e-06, 9.35368734645e-06, 7.35723233447e-06, 6.00670773565e-06, 5.37236110176e-06, 4.82045516037e-06, 3.6809606172e-06, 2.63966353486e-06, 2.22448670684e-06, 2.03581134883e-06, 3.50664731741e-06, 2.90286220661e-06, 1.90716855286e-06, 1.44355783505e-06, 1.56117459937e-06, 1.71826263795e-06, 1.19258834275e-06, 9.68266022028e-07, 9.47895330228e-07, 5.6361687939e-07], "dvar2": [1.1976726455e-05, 7.80175741966e-06, 1.48497963437e-06, 1.12977522804e-06, 1.71905389834e-06, 1.55237603394e-06, 8.19340073122e-07, 7.66036464483e-07, 2.49068921221e-06, 1.00875968201e-06, 2.35651157254e-07, 3.45386581557e-08, 3.70832928809e-08, 5.34108544059e-08, 2.39596964491e-08, 2.93699624621e-08, 1.20161534056e-08, 9.60323820465e-09, 2.26255303382e-09, 1.35297029136e-09, 8.69453342656e-10, 1.12171405497e-09, 8.1644307981e-10, 6.04223115985e-10, 3.92699261997e-10, 2.41520886624e-10, 1.0185160354e-10, 5.42386136004e-11, 3.55716706091e-11, 2.64139526224e-11, 8.21296086695e-11, 5.36974319176e-11, 2.59485922333e-11, 1.54608669617e-11, 1.97740834124e-11, 3.44632551663e-11, 1.53870735597e-11, 1.10573026429e-11, 1.36921004049e-11, 4.02334068839e-12], "dmean2": [0.00202687177807, 0.00191791320685, 0.000807524134871, 0.000703187426552, 0.00060334475711, 0.000532577687409, 0.000327827845467, 0.000337769888574, 0.000690934190061, 0.000422000070103, 0.000191402927157, 8.98844082258e-05, 8.16145111457e-05, 8.8884102297e-05, 7.08017978468e-05, 7.72859566496e-05, 4.86916833324e-05, 3.78524673579e-05, 2.17614142457e-05, 1.75182558451e-05, 1.43576426126e-05, 1.54478402692e-05, 1.19859305414e-05, 9.72586894932e-06, 8.50422475196e-06, 7.62400941312e-06, 5.7429174376e-06, 4.273909326e-06, 3.65968526239e-06, 3.35091249326e-06, 5.52698747924e-06, 4.54085375168e-06, 3.0514052014e-06, 2.28236785915e-06, 2.44710645347e-06, 2.72146667157e-06, 1.88697993053e-06, 1.49368588609e-06, 1.43107604345e-06, 8.54921438531e-07], "var": [6.57905638946e-06, 6.17221621724e-06, 8.99309952729e-07, 6.25547272648e-07, 1.50321238834e-06, 1.44055411511e-06, 9.62378294389e-07, 9.41999076076e-07, 2.90501634481e-06, 1.06451830106e-06, 3.92524242443e-07, 4.12900256208e-08, 2.19323759154e-08, 2.80331171609e-08, 1.21631558159e-08, 1.60454494136e-08, 8.76188810395e-09, 7.20673698495e-09, 1.55732493567e-09, 6.29367669092e-10, 4.24223850493e-10, 7.7141143473e-10, 4.80970541172e-10, 2.98357560879e-10, 2.45918146957e-10, 2.18023057941e-10, 1.19686080491e-10, 5.40109554303e-11, 2.64051870646e-11, 2.00185684002e-11, 9.54427092914e-11, 5.33369980127e-11, 1.96747236558e-11, 1.21926375246e-11, 1.57682755741e-11, 2.24438453933e-11, 1.04602949566e-11, 8.76805052175e-12, 1.11801991276e-11, 3.59199692559e-12], "median": [0.000476487184642, 0.000995596637949, 0.000517410924658, 0.000357816868927, 0.000262013782049, 0.000173401000211, 9.28427907638e-05, 8.33816011436e-05, 0.000134330126457, 8.87161804712e-05, 4.64568911411e-05, 3.81982536055e-05, 3.20586987073e-05, 3.26020381181e-05, 2.42945025093e-05, 2.34291110246e-05, 1.50324030983e-05, 1.14970371214e-05, 7.61517412684e-06, 6.4871410359e-06, 5.98847145739e-06, 5.47158242625e-06, 4.49819890491e-06, 3.96459017793e-06, 3.35684876518e-06, 3.34010564984e-06, 2.86649492409e-06, 2.23328424909e-06, 1.95733991859e-06, 1.94116660168e-06, 2.77274671134e-06, 2.7013052204e-06, 1.98475663638e-06, 1.43572390243e-06, 1.28855617731e-06, 1.1835454643e-06, 9.10775327156e-07, 7.07725121174e-07, 6.59003603687e-07, 4.66598066851e-07], "min": [4.2317969944e-24, 1.01607098973e-23, 7.35569564541e-24, 1.33994588075e-23, 2.01856205451e-23, 2.7703696897e-23, 1.98894932054e-23, 8.98669475481e-24, 2.24988841522e-23, 1.32680535133e-23, 8.76147733295e-24, 6.74222534069e-24, 1.26451105668e-23, 7.43909638689e-24, 1.9624425686e-24, 1.10904092953e-23, 7.01425455752e-24, 7.233490836e-24, 1.09431826069e-23, 1.19416123002e-23, 5.07094028815e-24, 9.59292489414e-24, 5.08273730856e-24, 1.09002362303e-23, 1.15086097047e-23, 1.04967425548e-23, 1.376122253e-23, 9.45751849748e-24, 5.80035500214e-24, 1.05082788567e-23, 9.56478385907e-24, 8.55695962125e-24, 9.3780746823e-24, 1.10216308796e-23, 1.01178652838e-23, 1.27337793214e-23, 9.2686746631e-24, 1.04647226906e-23, 1.00634749021e-23, 1.24013107375e-23], "dvar": [4.98577082908e-06, 3.40373003382e-06, 5.76401646413e-07, 4.40377220912e-07, 7.40540087918e-07, 6.79228833178e-07, 3.78391632694e-07, 3.57536464435e-07, 1.11933718472e-06, 4.91369405609e-07, 1.1422800128e-07, 1.71369478608e-08, 1.56894763848e-08, 2.13339355071e-08, 9.42981159824e-09, 1.15611253904e-08, 5.20280174499e-09, 3.82284959244e-09, 9.59248014354e-10, 5.46286738068e-10, 3.56885132557e-10, 4.59421861665e-10, 3.34630212429e-10, 2.49946646713e-10, 1.59263435773e-10, 1.0289166047e-10, 4.64401676836e-11, 2.30667152046e-11, 1.3851918744e-11, 1.00130338049e-11, 3.642998056e-11, 2.26205391224e-11, 1.03522607153e-11, 6.32711548085e-12, 8.41682366165e-12, 1.44009049477e-11, 6.43655398078e-12, 5.02879552236e-12, 6.29662511367e-12, 1.87269622552e-12], "mean": [0.00154616683722, 0.00188991148025, 0.000790113292169, 0.000583576504141, 0.000551575678401, 0.000489193131216, 0.000333510775818, 0.000339513906511, 0.000721131102182, 0.000417715957155, 0.000221203852561, 9.53407070483e-05, 7.53409258323e-05, 7.88867182564e-05, 5.99325285293e-05, 6.53873139527e-05, 4.22099183197e-05, 3.4145268728e-05, 1.94684835151e-05, 1.51277008626e-05, 1.23342897496e-05, 1.36102744364e-05, 1.09154889287e-05, 8.99447059055e-06, 8.5108949861e-06, 8.44119313115e-06, 6.89094758854e-06, 4.68367261419e-06, 3.75970557798e-06, 3.59248701898e-06, 6.38681467535e-06, 5.44303111383e-06, 3.56372470378e-06, 2.62904677584e-06, 2.66312531494e-06, 2.65295852842e-06, 1.92748052541e-06, 1.59151227308e-06, 1.58792363436e-06, 1.01101761629e-06]}, "spectral_centroid": {"max": 10981.4169922, "dmean": 260.717315674, "dvar2": 178849.78125, "dmean2": 404.990783691, "var": 265396.09375, "median": 1125.34594727, "min": 248.862350464, "dvar": 81192.1640625, "mean": 1202.37609863}, "pitch_salience": {"max": 0.901697039604, "dmean": 0.0854461118579, "dvar2": 0.0131649766117, "dmean2": 0.137372329831, "var": 0.0150964204222, "median": 0.563425064087, "min": 0.111620746553, "dvar": 0.00535389827564, "mean": 0.553534150124}, "gfcc": {"icov": [[0.000485673052026, -0.000166280471603, 0.00013974167814, -0.000580004008953, 0.000473126943689, -0.000154210487381, 0.000218597037019, -0.000410453882068, 0.000291539734462, -0.000660357356537, 0.000162809315952, -0.000314126431476, 0.000698467716575], [-0.000166280471603, 0.00267657125369, -0.00104807724711, 0.000337616482284, -0.00155399413779, 0.00213848776184, -0.00176639424171, 0.00212229788303, -0.00189977826085, 0.00237228046171, -0.00310717476532, 0.00301014794968, -0.00171631970443], [0.00013974167814, -0.00104807724711, 0.00217700330541, -0.00198965054005, 0.00124309211969, -0.00176348723471, 0.00153004564345, -0.00147951941472, 0.00147199176718, -0.00207571452484, 0.00205390551127, -0.0020062411204, 0.00195542396978], [-0.000580004008953, 0.000337616482284, -0.00198965054005, 0.00537973130122, -0.00160929898266, -0.000131418433739, -0.000900172803085, 0.00223826896399, -0.00215379660949, 0.00153728225268, -0.00186814193148, 0.00275906617753, -0.00320188747719], [0.000473126943689, -0.00155399413779, 0.00124309211969, -0.00160929898266, 0.00519522698596, -0.00331452838145, 0.00158328516409, -0.00268856924959, 0.00184282788541, -0.00212430977263, 0.00234157708474, -0.00373688782565, 0.00196800427511], [-0.000154210487381, 0.00213848776184, -0.00176348723471, -0.000131418433739, -0.00331452838145, 0.00976272206753, -0.00380288390443, 0.00148282258306, -0.000910367525648, 0.00181557633914, -0.00231985771097, 0.00231390935369, -0.00195771828294], [0.000218597037019, -0.00176639424171, 0.00153004564345, -0.000900172803085, 0.00158328516409, -0.00380288390443, 0.00750966835767, -0.00512580154464, 0.00246013351716, -0.00152957614046, 0.00264313141815, -0.00126704445574, 0.00079220806947], [-0.000410453882068, 0.00212229788303, -0.00147951941472, 0.00223826896399, -0.00268856924959, 0.00148282258306, -0.00512580154464, 0.0140302013606, -0.0060599478893, 0.00435385480523, -0.00432804133743, 0.00125735800248, 0.00079447083408], [0.000291539734462, -0.00189977826085, 0.00147199176718, -0.00215379660949, 0.00184282788541, -0.000910367525648, 0.00246013351716, -0.0060599478893, 0.01407035999, -0.00873578153551, 0.00182767922524, 0.000895754550584, -7.38455710234e-05], [-0.000660357356537, 0.00237228046171, -0.00207571452484, 0.00153728225268, -0.00212430977263, 0.00181557633914, -0.00152957614046, 0.00435385480523, -0.00873578153551, 0.0176988262683, -0.00496806111187, 0.00224588369019, -0.000969034968875], [0.000162809315952, -0.00310717476532, 0.00205390551127, -0.00186814193148, 0.00234157708474, -0.00231985771097, 0.00264313141815, -0.00432804133743, 0.00182767922524, -0.00496806111187, 0.0169685389847, -0.008594927378, 0.0025764752645], [-0.000314126431476, 0.00301014794968, -0.0020062411204, 0.00275906617753, -0.00373688782565, 0.00231390935369, -0.00126704445574, 0.00125735800248, 0.000895754550584, 0.00224588369019, -0.008594927378, 0.0200594644994, -0.00956595037133], [0.000698467716575, -0.00171631970443, 0.00195542396978, -0.00320188747719, 0.00196800427511, -0.00195771828294, 0.00079220806947, 0.00079447083408, -7.38455710234e-05, -0.000969034968875, 0.0025764752645, -0.00956595037133, 0.0204480011016]], "cov": [[2858.74853516, 171.180709839, 452.147766113, 400.500030518, -191.257369995, -2.91571044922, -68.001625061, 2.52722001076, 100.38318634, 137.187088013, 35.433555603, -70.306678772, -73.6340179443], [171.180709839, 777.970947266, 232.351867676, 185.272659302, 55.1237487793, -43.8911972046, 38.1382827759, -34.6899604797, 67.4835357666, -4.21396827698, 61.0489273071, -63.6220626831, 19.1949367523], [452.147766113, 232.351867676, 1174.33190918, 450.180175781, 7.45406198502, 130.551574707, -87.0116195679, -27.1021690369, 34.9334182739, 84.8969573975, -15.8442316055, -19.2055339813, -24.3829841614], [400.500030518, 185.272659302, 450.180175781, 453.779785156, 58.0507926941, 81.9060440063, -16.9006271362, -29.6654624939, 53.7694702148, 42.8388290405, 13.0294141769, -28.2077617645, 21.3248405457], [-191.257369995, 55.1237487793, 7.45406198502, 58.0507926941, 346.883728027, 107.80103302, 39.8356208801, 40.0946235657, -15.5033254623, -4.52417802811, 9.56964874268, 45.2011985779, 13.0410881042], [-2.91571044922, -43.8911972046, 130.551574707, 81.9060440063, 107.80103302, 194.742736816, 72.8187103271, 27.8696250916, -9.7620716095, 0.0762886479497, -1.1701887846, 11.9953670502, 6.84956645966], [-68.001625061, 38.1382827759, -87.0116195679, -16.9006271362, 39.8356208801, 72.8187103271, 238.927688599, 74.3213806152, -10.6997213364, -22.8696060181, -4.25079536438, -2.22561979294, 0.563903093338], [2.52722001076, -34.6899604797, -27.1021690369, -29.6654624939, 40.0946235657, 27.8696250916, 74.3213806152, 127.969543457, 28.3330459595, -2.4448890686, 14.5335483551, 6.66428184509, -12.8206720352], [100.38318634, 67.4835357666, 34.9334182739, 53.7694702148, -15.5033254623, -9.7620716095, -10.6997213364, 28.3330459595, 134.223480225, 58.3390159607, 13.2317028046, -24.900352478, -2.88113451004], [137.187088013, -4.21396827698, 84.8969573975, 42.8388290405, -4.52417802811, 0.0762886479497, -22.8696060181, -2.4448890686, 58.3390159607, 100.495285034, 16.9245357513, -5.67763853073, -4.84208726883], [35.433555603, 61.0489273071, -15.8442316055, 13.0294141769, 9.56964874268, -1.1701887846, -4.25079536438, 14.5335483551, 13.2317028046, 16.9245357513, 93.8061828613, 31.0334529877, 9.58435726166], [-70.306678772, -63.6220626831, -19.2055339813, -28.2077617645, 45.2011985779, 11.9953670502, -2.22561979294, 6.66428184509, -24.900352478, -5.67763853073, 31.0334529877, 97.184135437, 32.3016967773], [-73.6340179443, 19.1949367523, -24.3829841614, 21.3248405457, 13.0410881042, 6.84956645966, 0.563903093338, -12.8206720352, -2.88113451004, -4.84208726883, 9.58435726166, 32.3016967773, 72.2425460815]], "mean": [14.8346614838, 79.9278182983, -108.564445496, 28.7539196014, -69.6528625488, 22.8289928436, -35.8177757263, 9.73782444, -24.0665130615, 4.25196552277, -18.273815155, 0.221018373966, -14.0747203827]}, "spectral_flux": {"max": 0.276483535767, "dmean": 0.0259867124259, "dvar2": 0.00146763934754, "dmean2": 0.0415783450007, "var": 0.001733193174, "median": 0.0944714471698, "min": 1.02809837033e-10, "dvar": 0.000587091548368, "mean": 0.0979527533054}, "zerocrossingrate": {"max": 0.490234375, "dmean": 0.0115734571591, "dvar2": 0.000229210651014, "dmean2": 0.0135758332908, "var": 0.00105063617229, "median": 0.056640625, "min": 0.00439453125, "dvar": 0.000196946231881, "mean": 0.0626606792212}, "spectral_energyband_middle_low": {"max": 0.138245046139, "dmean": 0.00613967468962, "dvar2": 0.000137475304655, "dmean2": 0.00954246334732, "var": 0.000213240520679, "median": 0.010316260159, "min": 5.01219348522e-22, "dvar": 6.14234668319e-05, "mean": 0.0149140814319}, "silence_rate_20dB": {"max": 1, "dmean": 0, "dvar2": 0, "dmean2": 0, "var": 0, "median": 1, "min": 1, "dvar": 0, "mean": 1}, "silence_rate_30dB": {"max": 1, "dmean": 0.000714860158041, "dvar2": 0.00160647567827, "dmean2": 0.00142984802369, "var": 0.000892744981684, "median": 1, "min": 0, "dvar": 0.000714334484655, "mean": 0.999106526375}, "spectral_entropy": {"max": 9.81432819366, "dmean": 0.172832131386, "dvar2": 0.0539473481476, "dmean2": 0.262339323759, "var": 0.114377550781, "median": 7.71908950806, "min": 5.90760231018, "dvar": 0.0255837142467, "mean": 7.70969724655}, "spectral_rolloff": {"max": 18712.3535156, "dmean": 542.476257324, "dvar2": 2389278.75, "dmean2": 908.83807373, "var": 2002882, "median": 882.861328125, "min": 21.533203125, "dvar": 1134329.125, "mean": 1291.40258789}, "spectral_complexity": {"max": 47, "dmean": 3.43222236633, "dvar2": 27.2313728333, "dmean2": 5.30026817322, "var": 55.2330169678, "median": 16, "min": 0, "dvar": 12.6204090118, "mean": 16.9062728882},