{"tonal": {"chords_key": "C#", "hpcp_entropy": {"dmean": 0.41280862689, "dmean2": 0.689900100231, "max": 3.61924958229, "dvar": 0.166900143027, "mean": 1.39831411839, "dvar2": 0.410279870033, "min": 0, "var": 0.370111972094, "median": 1.46372461319}, "key_key": "C#", "chords_strength": {"dmean": 0.00753223570064, "dmean2": 0.00471791811287, "max": 0.720268189907, "dvar": 3.97174153477e-05, "mean": 0.535031378269, "dvar2": 2.62684097834e-05, "min": 0.271370917559, "var": 0.00802914332598, "median": 0.544106960297}, "key_scale": "major", "chords_number_rate": 0.00220661982894, "thpcp": [1, 0.641298115253, 0.443028658628, 0.84281629324, 0.580468952656, 0.441942751408, 0.696444809437, 0.394768744707, 0.32892331481, 0.626235842705, 0.443695783615, 0.490206182003, 0.693225860596, 0.341382592916, 0.360422670841, 0.706330180168, 0.436651140451, 0.292150169611, 0.50195556879, 0.329353570938, 0.488059550524, 0.90356272459, 0.563899517059, 0.367058217525, 0.595003783703, 0.372898459435, 0.359227895737, 0.613666713238, 0.388478904963, 0.303256779909, 0.513129293919, 0.360587716103, 0.463100075722, 0.76983577013, 0.49045714736, 0.548828363419], "key_strength": 0.427525877953, "tuning_nontempered_energy_ratio": 0.603978157043, "tuning_frequency": 440, "chords_changes_rate": 0.0305917747319, "tuning_diatonic_strength": 0.215045750141, "chords_scale": "major", "chords_histogram": [11.9658975601, 3.60080242157, 6.5897693634, 3.5205616951, 1.55466401577, 0.712136387825, 5.50651979446, 1.95586764812, 2.20661997795, 8.37512493134, 5.34603834152, 0.290872603655, 4.54363107681, 4.31293869019, 6.60982942581, 2.47743225098, 1.15346038342, 6.90070199966, 1.80541622639, 2.97893691063, 1.23370110989, 5.38615846634, 7.42226696014, 3.55065202713], "tuning_equal_tempered_deviation": 0, "hpcp": {"dmean": [0.0523951090872, 0.0465063378215, 0.0526882559061, 0.067816503346, 0.0577255301178, 0.0510906279087, 0.056024838239, 0.0516574084759, 0.0652353018522, 0.0721578747034, 0.0672786533833, 0.0683181509376, 0.0725770667195, 0.0688376948237, 0.0562920086086, 0.0639404729009, 0.0629359930754, 0.0529122389853, 0.0545963309705, 0.0447359606624, 0.0410386249423, 0.0488310866058, 0.0439427122474, 0.0496808513999, 0.0591332875192, 0.0391565337777, 0.0397172272205, 0.0545341186225, 0.0447601303458, 0.0381519123912, 0.0431311689317, 0.0397469513118, 0.0575681589544, 0.0673167333007, 0.0602327473462, 0.049163043499], "dmean2": [0.0856797173619, 0.0770177990198, 0.0896517634392, 0.113516673446, 0.0988733544946, 0.0893275886774, 0.0946936011314, 0.0890964269638, 0.110940873623, 0.118759378791, 0.114380456507, 0.116122730076, 0.121369458735, 0.11382227391, 0.0931779965758, 0.106388896704, 0.104172974825, 0.0876202508807, 0.0897336825728, 0.0740190967917, 0.0673313885927, 0.0790475532413, 0.0698918104172, 0.0801445171237, 0.0948668047786, 0.0640744939446, 0.0641419813037, 0.0860299244523, 0.0723376721144, 0.0639374405146, 0.0709791332483, 0.0662279054523, 0.0940348207951, 0.110639363527, 0.0985018759966, 0.0823899954557], "max": [1, 1, 1, 1, 1, 1, 1, 1, 1, 1, 1, 1, 1, 1, 1, 1, 1, 1, 1, 1, 1, 1, 1, 1, 1, 1, 1, 1, 1, 1, 1, 1, 1, 1, 1, 1], "dvar": [0.0204937681556, 0.0134915430099, 0.0154730966315, 0.0264028999954, 0.0204829778522, 0.0192561391741, 0.0232840832323, 0.0182829853147, 0.0226319450885, 0.0275681484491, 0.0219701807946, 0.0212122369558, 0.0270279124379, 0.0199577361345, 0.0143288169056, 0.0254687014967, 0.02018965967, 0.0137174902484, 0.0195875912905, 0.010580056347, 0.00994174741209, 0.0166419763118, 0.0102966204286, 0.0130029208958, 0.0189647432417, 0.00843854155391, 0.00829299073666, 0.0187317486852, 0.0102534610778, 0.00934402924031, 0.0150991324335, 0.0102824084461, 0.0142822787166, 0.0239221677184, 0.0159718673676, 0.014737483114], "mean": [0.122741430998, 0.076924033463, 0.0741039738059, 0.126591339707, 0.0801380723715, 0.0625578686595, 0.1058518067, 0.0743844881654, 0.0955314338207, 0.158806964755, 0.101174838841, 0.113216042519, 0.206286802888, 0.132291331887, 0.0913909673691, 0.17386187613, 0.119743078947, 0.0911669582129, 0.143667370081, 0.0814355835319, 0.0678525418043, 0.129184186459, 0.0915285870433, 0.101123064756, 0.143003344536, 0.0704227238894, 0.0743504390121, 0.14570659399, 0.090075366199, 0.060266725719, 0.10354681313, 0.0679412931204, 0.100680246949, 0.186393067241, 0.116325028241, 0.0757192671299], "dvar2": [0.047261480242, 0.0347731597722, 0.041446108371, 0.0649433806539, 0.0549520812929, 0.0541450120509, 0.0589650683105, 0.048984978348, 0.061050940305, 0.0648057833314, 0.0597754716873, 0.0589843317866, 0.0650424510241, 0.0517181716859, 0.0383645296097, 0.0598097704351, 0.0518528930843, 0.0364226177335, 0.0441769994795, 0.0268153417856, 0.0259486939758, 0.0380646586418, 0.0252355672419, 0.0312811918557, 0.0412926375866, 0.0214609950781, 0.021361367777, 0.0405983254313, 0.0251430273056, 0.0261201784015, 0.0356761850417, 0.0264716781676, 0.0373899117112, 0.0545149147511, 0.0400478094816, 0.0397930368781], "min": [0, 0, 0, 0, 0, 0, 0, 0, 0, 0, 0, 0, 0, 0, 0, 0, 0, 0, 0, 0, 0, 0, 0, 0, 0, 0, 0, 0, 0, 0, 0, 0, 0, 0, 0, 0], "var": [0.0767139345407, 0.0295828152448, 0.0253106281161, 0.0710831731558, 0.0308084003627, 0.0218003876507, 0.063722640276, 0.030960092321, 0.0350825041533, 0.0908179730177, 0.0384621582925, 0.0380624234676, 0.121344804764, 0.0537895224988, 0.0279610995203, 0.10797175765, 0.0544287338853, 0.0310123451054, 0.0875137895346, 0.0269144997001, 0.0218128692359, 0.0785167515278, 0.0362555161119, 0.0414887033403, 0.0754739269614, 0.0226100515574, 0.0216731503606, 0.0842343196273, 0.0334554947913, 0.0192546583712, 0.0641476437449, 0.0263305045664, 0.0329034999013, 0.108897075057, 0.0467414148152, 0.0259141530842], "median": [0.00341676711105, 0.00540001364425, 0.00485894503072, 0.00394497439265, 0.00394286960363, 0.00496001448482, 0.00269103562459, 0.00432359240949, 0.00933336932212, 0.00917074084282, 0.010490225628, 0.0123079670593, 0.0106362653896, 0.0113751934841, 0.0119645856321, 0.00527322711423, 0.00605920981616, 0.0126724746078, 0.00807594507933, 0.0071290070191, 0.0061501050368, 0.00349267059937, 0.00726891122758, 0.0118734752759, 0.0125683899969, 0.00793073885143, 0.00732941320166, 0.006021452602, 0.00626726169139, 0.0048658894375, 0.0032897638157, 0.00480609759688, 0.00964079331607, 0.0101862344891, 0.00972737744451, 0.00664063449949]}}, "lowlevel": {"melbands_flatness_db": {"dmean": 0.0188330356032, "dmean2": 0.0275637898594, "max": 0.550367116928, "dvar": 0.000524468137883, "mean": 0.261429488659, "dvar2": 0.00113023712765, "min": 0.00617718789726, "var": 0.00569895328954, "median": 0.255059242249}, "melbands_crest": {"dmean": 2.4820227623, "dmean2": 3.65782880783, "max": 33.8586883545, "dvar": 6.37461423874, "mean": 14.6687602997, "dvar2": 14.7610301971, "min": 2.47185444832, "var": 26.4796562195, "median": 13.6972179413}, "spectral_entropy": {"dmean": 0.145384088159, "dmean2": 0.206888407469, "max": 9.80552005768, "dvar": 0.0317956395447, "mean": 6.74936342239, "dvar2": 0.072402626276, "min": 4.59907579422, "var": 0.391899108887, "median": 6.75464916229}, "melbands": {"dmean": [0.000731541716959, 0.000539301545359, 0.000156144204084, 0.000122255427414, 0.000220934540266, 0.000148029314005, 0.000174392524059, 9.50147295953e-05, 0.000113413458166, 9.17738725548e-05, 7.14077468729e-05, 3.89086962969e-05, 1.91044255189e-05, 2.13608709601e-05, 2.50545817835e-05, 2.85098103632e-05, 1.89291149582e-05, 1.50986070366e-05, 8.38347568788e-06, 6.15703447693e-06, 4.75518618259e-06, 4.72228521176e-06, 2.59225430455e-06, 2.22615358325e-06, 1.95515417545e-06, 1.70701787283e-06, 1.56143926233e-06, 1.22594337881e-06, 1.07235575797e-06, 1.25615360957e-06, 1.01829414234e-06, 1.27046473608e-06, 1.38693269491e-06, 1.10939583919e-06, 1.19808487398e-06, 9.55510699896e-07, 7.92685511897e-07, 8.23565301289e-07, 2.64921482085e-07, 1.21325243185e-07], "dmean2": [0.00115314638242, 0.000856879341882, 0.000238286316744, 0.000173432767042, 0.000289031973807, 0.000193832020159, 0.000204512907658, 0.000117089854029, 0.000134699686896, 0.000113651542051, 9.05833949219e-05, 5.21000620211e-05, 2.61171608145e-05, 2.81709708361e-05, 3.33609059453e-05, 3.9759252104e-05, 2.70169330179e-05, 2.24158557103e-05, 1.28190486066e-05, 9.93757748802e-06, 7.75650914875e-06, 7.21218975741e-06, 4.22041739512e-06, 3.71326382265e-06, 3.30378020408e-06, 2.8719139209e-06, 2.5434676445e-06, 2.01871966965e-06, 1.73962462213e-06, 1.97823078452e-06, 1.61986406511e-06, 2.01129159905e-06, 2.2140427518e-06, 1.77715764949e-06, 1.90965806723e-06, 1.54557176302e-06, 1.37033009651e-06, 1.41603140946e-06, 4.29893333376e-07, 2.05237270734e-07], "max": [0.0595592744648, 0.0379252545536, 0.0110120140016, 0.0153489364311, 0.0286932978779, 0.0177889894694, 0.0453927926719, 0.0118515407667, 0.0309583544731, 0.0254832990468, 0.0243495367467, 0.0164192505181, 0.00591674912721, 0.0126400394365, 0.0120408646762, 0.0151463421062, 0.00528335059062, 0.0055185793899, 0.00549397757277, 0.00644547073171, 0.00434941332787, 0.00336637441069, 0.000660080171656, 0.000348025496351, 0.000340514845448, 0.000466718774987, 0.000582285982091, 0.000525039620697, 0.00030950710061, 0.00100976054091, 0.000832047197036, 0.00042467325693, 0.00163597543724, 0.000670394627377, 0.000982886413112, 0.000579166982789, 0.00186907756142, 0.00212464458309, 0.000169614635524, 5.57906350878e-05], "dvar": [9.43385020946e-06, 3.31601313519e-06, 1.47441710396e-07, 8.28153119414e-08, 3.01836763583e-07, 1.16010632212e-07, 3.0354175351e-07, 5.27275219042e-08, 1.49314274722e-07, 1.36820830221e-07, 1.15434424686e-07, 4.31202700213e-08, 8.48270698128e-09, 1.96846379197e-08, 2.61825334746e-08, 3.14727977013e-08, 8.95611496077e-09, 5.35866906404e-09, 5.87895421233e-09, 4.05437283746e-09, 1.97479788078e-09, 1.83804693688e-09, 8.49644660184e-11, 4.74759745406e-11, 4.01689168039e-11, 4.81863680901e-11, 7.24644858008e-11, 4.86842614833e-11, 2.46326448822e-11, 9.07148314799e-11, 7.1725625439e-11, 7.25913842925e-11, 3.93049065517e-10, 1.10551436061e-10, 1.47673109852e-10, 1.11347146781e-10, 3.22255777618e-10, 4.38803354763e-10, 6.32797460265e-12, 6.44825176328e-13], "mean": [0.00110765651334, 0.000998540665023, 0.000378859753255, 0.000381964084227, 0.000640341546386, 0.000428810017183, 0.000470348924864, 0.000254711223533, 0.000328491645632, 0.000252708385233, 0.000166886457009, 9.44439016166e-05, 4.69954029541e-05, 5.19972345501e-05, 5.26651383552e-05, 5.36013030796e-05, 3.5410572309e-05, 2.86707017949e-05, 1.11646695586e-05, 7.84086114436e-06, 5.92063179283e-06, 6.96234383213e-06, 3.98384690925e-06, 3.43824831361e-06, 2.8539413961e-06, 2.5880085559e-06, 2.44920965997e-06, 2.06563731808e-06, 1.81216444162e-06, 2.04832645068e-06, 1.75389220658e-06, 2.0571492314e-06, 1.98312727662e-06, 1.75679747372e-06, 2.01991701942e-06, 1.49854872689e-06, 1.2065112287e-06, 1.12738200642e-06, 5.18594902132e-07, 2.66237350388e-07], "dvar2": [2.22684939217e-05, 8.12796588434e-06, 3.68926720284e-07, 1.67043737065e-07, 4.93382003697e-07, 1.77609791763e-07, 3.31607139969e-07, 7.78094602083e-08, 2.20168345777e-07, 2.44123953053e-07, 2.02995011023e-07, 6.95508006743e-08, 1.46075755936e-08, 3.84550702393e-08, 5.03072072888e-08, 5.93217350797e-08, 2.01608809647e-08, 1.20660521574e-08, 1.29632509172e-08, 1.05993347432e-08, 4.6186157121e-09, 3.67413055535e-09, 1.93550064864e-10, 1.1368502667e-10, 9.82127573712e-11, 1.28456620341e-10, 1.52542548038e-10, 1.04496085396e-10, 5.11730310904e-11, 1.76751363545e-10, 1.32725122559e-10, 1.52948750887e-10, 9.65499791228e-10, 2.44051334697e-10, 3.05645814214e-10, 2.55819782025e-10, 9.65581725687e-10, 1.30441235591e-09, 1.392982691e-11, 1.8206532202e-12], "min": [4.99498521033e-24, 3.28700826493e-24, 7.68395802301e-24, 1.18541197372e-23, 1.53874466643e-23, 1.66550183435e-23, 1.22754677016e-23, 1.96415621115e-23, 2.24117639315e-23, 2.95492117412e-23, 1.53996061663e-23, 9.86425123591e-24, 1.23246350352e-23, 9.11512998765e-24, 1.49609647931e-23, 1.49029661617e-23, 1.47072907918e-23, 1.07546716718e-23, 1.41142472514e-23, 8.80119411295e-24, 5.97763374122e-24, 9.44911081795e-24, 1.26789771544e-23, 4.24956884731e-24, 6.91220751083e-24, 1.45315988465e-23, 1.6980683791e-23, 1.66347304188e-23, 1.10563131493e-23, 9.03877377405e-24, 9.33319086337e-24, 1.11007520507e-23, 1.10460642684e-23, 1.0855564615e-23, 7.32914889823e-24, 1.27505347271e-23, 8.47376319474e-24, 1.04079704594e-23, 1.23873084564e-23, 8.29135015446e-24], "var": [1.07296373244e-05, 4.83125904793e-06, 4.06105726825e-07, 6.61049170958e-07, 1.99029273062e-06, 8.99041140201e-07, 2.60476076619e-06, 3.2158806107e-07, 1.16706007702e-06, 6.53323354527e-07, 4.25458296149e-07, 1.94758527527e-07, 4.27186854779e-08, 6.92090296184e-08, 8.36482314526e-08, 8.80942394588e-08, 2.05396162301e-08, 1.21707994793e-08, 8.30425239684e-09, 4.08326839008e-09, 2.24601337528e-09, 3.41427752737e-09, 1.65768551663e-10, 8.9527191216e-11, 6.37481109567e-11, 5.88900039844e-11, 1.17754375695e-10, 8.92622364912e-11, 4.47820010241e-11, 1.41421846456e-10, 1.3505452312e-10, 1.03487968195e-10, 4.04243666319e-10, 1.43861630941e-10, 2.15855278096e-10, 1.33713970452e-10, 2.27049254398e-10, 3.1102062592e-10, 9.62297169033e-12, 6.56097572105e-13], "median": [0.000117724011943, 0.000255933613516, 0.000155251575052, 0.000141713593621, 0.000173446780536, 9.16526769288e-05, 9.20270831557e-05, 8.18812986836e-05, 7.06470018486e-05, 4.28516032116e-05, 1.96541532205e-05, 1.0526983715e-05, 8.78278933669e-06, 8.44864825922e-06, 5.07942058903e-06, 4.49443086836e-06, 3.89720025851e-06, 1.98102702598e-06, 1.15066563922e-06, 1.32084494453e-06, 1.21303276046e-06, 9.27622863856e-07, 8.64964988523e-07, 8.69246832735e-07, 6.49227331451e-07, 5.1504844123e-07, 3.4255515402e-07, 2.2711756742e-07, 2.49096530069e-07, 1.45150494291e-07, 1.59809928846e-07, 1.60662580129e-07, 1.09549937122e-07, 1.18147049477e-07, 1.28423607748e-07, 1.522185471e-07, 1.27444991449e-07, 1.20431451478e-07, 8.42105905008e-08, 6.14718587144e-08]}, "silence_rate_60dB": {"dmean": 0.0324020646513, "dmean2": 0.0648073852062, "max": 1, "dvar": 0.0313424505293, "mean": 0.171983152628, "dvar2": 0.068715788424, "min": 0, "var": 0.142376065254, "median": 0}, "spectral_energyband_middle_high": {"dmean": 0.00107849074993, "dmean2": 0.00148538465146, "max": 0.204359516501, "dvar": 1.30918897412e-05, "mean": 0.00306453811936, "dvar2": 2.52051413554e-05, "min": 1.76777463411e-21, "var": 4.76753048133e-05, "median": 0.00109740276821}, "erbbands_skewness": {"dmean": 0.408256411552, "dmean2": 0.56770670414, "max": 10.7573156357, "dvar": 0.177784219384, "mean": 1.18951880932, "dvar2": 0.339410454035, "min": -5.01061344147, "var": 1.73210000992, "median": 1.05732274055}, "dynamic_complexity": 4.80202531815, "dissonance": {"dmean": 0.0311977043748, "dmean2": 0.0516540184617, "max": 0.500000059605, "dvar": 0.000934565148782, "mean": 0.408887654543, "dvar2": 0.00250001368113, "min": 0.00738343922421, "var": 0.00298884324729, "median": 0.420156300068}, "spectral_skewness": {"dmean": 0.24573071301, "dmean2": 0.398761719465, "max": 8.60363674164, "dvar": 0.0871625170112, "mean": 2.34465289116, "dvar2": 0.220091372728, "min": -0.0148189831525, "var": 1.19155049324, "median": 2.14227843285}, "spectral_kurtosis": {"dmean": 2.41975188255, "dmean2": 4.07922744751, "max": 104.755577087, "dvar": 14.1165275574, "mean": 9.20748519897, "dvar2": 39.2074050903, "min": -1.20520532131, "var": 113.991119385, "median": 5.92147302628}, "gfcc": {"cov": [[13032.9736328, -1036.18322754, -1575.64819336, 1969.12475586, -94.7785644531, 523.979064941, 174.049423218, 257.984527588, 121.635566711, 122.443634033, 125.046875, 248.769927979, 306.224914551], [-1036.18322754, 1131.1673584, 239.723510742, -281.024902344, 434.785614014, -21.0495758057, 225.42225647, -32.7252159119, 121.373336792, -54.4533462524, 67.1450424194, -75.9976501465, 6.3337187767], [-1575.64819336, 239.723510742, 885.05645752, -6.08246231079, -65.1889419556, 55.3785171509, 69.756149292, 64.6851425171, 25.8095932007, -1.65618538857, -40.3572807312, 15.1799249649, -27.8817176819], [1969.12475586, -281.024902344, -6.08246231079, 765.334228516, 95.0512313843, 183.331726074, 130.476547241, 111.984039307, 89.0591964722, 42.3293838501, 10.7118959427, 57.2379302979, 59.4340171814], [-94.7785644531, 434.785614014, -65.1889419556, 95.0512313843, 554.640869141, 120.36277771, 185.700775146, 51.2575454712, 124.691078186, 39.9141807556, 54.6567573547, -36.5034294128, 23.6988620758], [523.979064941, -21.0495758057, 55.3785171509, 183.331726074, 120.36277771, 271.901672363, 92.2139587402, 72.3968658447, 34.0442352295, 24.9277057648, 15.2354726791, -2.68014287949, 17.4330196381], [174.049423218, 225.42225647, 69.756149292, 130.476547241, 185.700775146, 92.2139587402, 276.662506104, 118.183105469, 107.262275696, 4.96849107742, -16.3556594849, -16.8526992798, 13.6530132294], [257.984527588, -32.7252159119, 64.6851425171, 111.984039307, 51.2575454712, 72.3968658447, 118.183105469, 221.507019043, 110.657875061, 33.0497360229, -36.6651153564, -15.8996181488, -6.22099781036], [121.635566711, 121.373336792, 25.8095932007, 89.0591964722, 124.691078186, 34.0442352295, 107.262275696, 110.657875061, 172.700485229, 59.1441040039, 4.2525177002, -18.8885974884, 6.56158494949], [122.443634033, -54.4533462524, -1.65618538857, 42.3293838501, 39.9141807556, 24.9277057648, 4.96849107742, 33.0497360229, 59.1441040039, 127.752243042, 56.9063606262, 3.76549577713, -12.5586099625], [125.046875, 67.1450424194, -40.3572807312, 10.7118959427, 54.6567573547, 15.2354726791, -16.3556594849, -36.6651153564, 4.2525177002, 56.9063606262, 155.691619873, 51.2147254944, -5.58117818832], [248.769927979, -75.9976501465, 15.1799249649, 57.2379302979, -36.5034294128, -2.68014287949, -16.8526992798, -15.8996181488, -18.8885974884, 3.76549577713, 51.2147254944, 133.486099243, 60.3680610657], [306.224914551, 6.3337187767, -27.8817176819, 59.4340171814, 23.6988620758, 17.4330196381, 13.6530132294, -6.22099781036, 6.56158494949, -12.5586099625, -5.58117818832, 60.3680610657, 122.940124512]], "mean": [-80.7884368896, 114.763519287, -104.510063171, 15.9167795181, -79.8650894165, 15.8528156281, -44.2604103088, 6.75042486191, -19.4307765961, -0.615214169025, -8.19618415833, -6.63432264328, -9.33219909668], "icov": [[0.000306244706735, -0.000593956268858, 0.000805680349004, -0.000932490394916, 0.000723040720914, -0.000471067673061, 0.000231352212722, -0.000441350013716, 0.000419713120209, -0.000601009465754, 0.000357098440873, -0.000471356819617, -5.54229955014e-05], [-0.000593956268858, 0.00473917694762, -0.0028561684303, 0.00331079424359, -0.00347505859099, 0.0018951453967, -0.00252504041418, 0.00254174810834, -0.00317743257619, 0.00458638602868, -0.00389744481072, 0.00331836985424, -0.00137112208176], [0.000805680349004, -0.0028561684303, 0.00385617325082, -0.00282695028, 0.00292749516666, -0.00199273996986, 0.000952146481723, -0.00176002178341, 0.00171106460039, -0.00287751667202, 0.00260079256259, -0.00281973555684, 0.00102236343082], [-0.000932490394916, 0.00331079424359, -0.00282695028, 0.005254664924, -0.00293520395644, 0.000795195403043, -0.00195666332729, 0.00188290537335, -0.00277040619403, 0.00299845146947, -0.00212417915463, 0.00151358917356, -0.000649185152724], [0.000723040720914, -0.00347505859099, 0.00292749516666, -0.00293520395644, 0.00596842076629, -0.0025432028342, 0.000110684719402, -0.00112773198634, 0.000781399081461, -0.00316151999868, 0.00129673222546, -0.00118119316176, -0.000124062222312], [-0.000471067673061, 0.0018951453967, -0.00199273996986, 0.000795195403043, -0.0025432028342, 0.0064233946614, -0.00157553248573, -0.000432764471043, 0.000689690175932, 0.00121874618344, -0.00238125678152, 0.00260221189819, -0.0013263639994], [0.000231352212722, -0.00252504041418, 0.000952146481723, -0.00195666332729, 0.000110684719402, -0.00157553248573, 0.00820275396109, -0.00326495058835, -0.00037977079046, -0.000568628427573, 0.00232264515944, -0.00177450245246, 0.000780572125223], [-0.000441350013716, 0.00254174810834, -0.00176002178341, 0.00188290537335, -0.00112773198634, -0.000432764471043, -0.00326495058835, 0.0102322213352, -0.00633739726618, 0.0014959287364, 0.000701610813849, 0.000433553970652, 0.00112808693666], [0.000419713120209, -0.00317743257619, 0.00171106460039, -0.00277040619403, 0.000781399081461, 0.000689690175932, -0.00037977079046, -0.00633739726618, 0.0150620834902, -0.00758221326396, 0.00217222934589, -0.000175108420081, -0.00107514183037], [-0.000601009465754, 0.00458638602868, -0.00287751667202, 0.00299845146947, -0.00316151999868, 0.00121874618344, -0.000568628427573, 0.0014959287364, -0.00758221326396, 0.0168078839779, -0.00840682350099, 0.00392174161971, -0.00045168492943], [0.000357098440873, -0.00389744481072, 0.00260079256259, -0.00212417915463, 0.00129673222546, -0.00238125678152, 0.00232264515944, 0.000701610813849, 0.00217222934589, -0.00840682350099, 0.0149803236127, -0.00901655759662, 0.0049261348322], [-0.000471356819617, 0.00331836985424, -0.00281973555684, 0.00151358917356, -0.00118119316176, 0.00260221189819, -0.00177450245246, 0.000433553970652, -0.000175108420081, 0.00392174161971, -0.00901655759662, 0.0166371949017, -0.00845922995359], [-5.54229955014e-05, -0.00137112208176, 0.00102236343082, -0.000649185152724, -0.000124062222312, -0.0013263639994, 0.000780572125223, 0.00112808693666, -0.00107514183037, -0.00045168492943, 0.0049261348322, -0.00845922995359, 0.0134594915435]]}, "spectral_complexity": {"dmean": 1.53854644299, "dmean2": 2.5352127552, "max": 42, "dvar": 3.51072716713, "mean": 10.2478179932, "dvar2": 8.64910984039, "min": 0, "var": 27.86145401, "median": 10}, "spectral_flux": {"dmean": 0.0163539070636, "dmean2": 0.0266672130674, "max": 0.530444145203, "dvar": 0.000865666661412, "mean": 0.0435507558286, "dvar2": 0.00210953573696, "min": 1.0499679598e-10, "var": 0.00171198742464, "median": 0.0327753275633}, "spectral_energyband_low": {"dmean": 0.00322918058373, "dmean2": 0.00501800281927, "max": 0.23222604394, "dvar": 0.000131198743475, "mean": 0.005911573302, "dvar2": 0.000301045860397, "min": 3.8414181314e-23, "var": 0.000180093513336, "median": 0.00150223402306}, "spectral_decrease": {"dmean": 1.4923114966e-09, "dmean2": 2.07939843122e-09, "max": 3.85313542953e-22, "dvar": 1.25645988807e-17, "mean": -5.0083510672e-09, "dvar2": 2.63016270181e-17, "min": -8.56518695969e-08, "var": 4.48774830678e-17, "median": -2.80689160803e-09}, "barkbands_spread": {"dmean": 2.53461265564, "dmean2": 3.73547959328, "max": 113.316902161, "dvar": 11.2115726471, "mean": 12.835603714, "dvar2": 25.2412757874, "min": 0.32134154439, "var": 89.7514801025, "median": 10.7258586884}, "spectral_rms": {"dmean": 0.000531804456841, "dmean2": 0.000715991714969, "max": 0.0195643827319, "dvar": 7.75579849233e-07, "mean": 0.00375223718584, "dvar2": 1.49817333295e-06, "min": 3.27954894144e-12, "var": 5.44823296877e-06, "median": 0.00330677768216}, "spectral_centroid": {"dmean": 107.916862488, "dmean2": 161.560592651, "max": 10871.3212891, "dvar": 25502.4375, "mean": 804.370849609, "dvar2": 52894.3867188, "min": 166.664505005, "var": 160125.65625, "median": 706.065795898}, "barkbands_skewness": {"dmean": 0.434883892536, "dmean2": 0.613529026508, "max": 16.7748680115, "dvar": 0.264669626951, "mean": 1.71436595917, "dvar2": 0.555317461491, "min": -3.20559239388, "var": 1.94361913204, "median": 1.60429859161}, "spectral_rolloff": {"dmean": 172.696990967, "dmean2": 294.356048584, "max": 19056.8847656, "dvar": 172712.078125, "mean": 883.183349609, "dvar2": 380284.03125, "min": 64.599609375, "var": 712732.9375, "median": 667.529296875}, "erbbands_spread": {"dmean": 4.87277126312, "dmean2": 7.05151891708, "max": 131.371902466, "dvar": 31.6967735291, "mean": 26.1662540436, "dvar2": 71.5073547363, "min": 0.769540429115, "var": 364.488677979, "median": 20.8006706238}, "barkbands": {"dmean": [6.05253917456e-05, 0.00260983221233, 0.000714604684617, 0.00027294215397, 0.000712668697815, 0.000848116353154, 0.000841748027597, 0.000520005938597, 0.000664167222567, 0.000370505586034, 0.000183175172424, 0.000223102295422, 0.00024483006564, 0.000242845053435, 9.31397444219e-05, 7.5103045674e-05, 7.66551311244e-05, 4.80601993331e-05, 4.31492444477e-05, 4.3548981921e-05, 4.46014200861e-05, 6.37162665953e-05, 6.28966881777e-05, 5.36305233254e-05, 9.74090198724e-06, 1.03061665868e-06, 9.00932022319e-08], "dmean2": [9.16440258152e-05, 0.00413608225062, 0.00115131924395, 0.000413333182223, 0.000973264744971, 0.00113169709221, 0.000980671029538, 0.000623164291028, 0.000819044245873, 0.000482765346533, 0.000251105695497, 0.000293056335067, 0.000340749742463, 0.000348381028743, 0.000142628035974, 0.000123099816847, 0.000118722433399, 8.00414054538e-05, 7.2391674621e-05, 7.0680915087e-05, 7.06253558747e-05, 0.000100881283288, 0.000100072735222, 9.0979054221e-05, 1.62621872732e-05, 1.68756832863e-06, 1.55677568614e-07], "max": [0.00938700139523, 0.201748102903, 0.0994924679399, 0.0293481387198, 0.107221648097, 0.12074521184, 0.195358932018, 0.0945504009724, 0.133237123489, 0.198805004358, 0.0901134163141, 0.12025013566, 0.109124705195, 0.0541019886732, 0.0497893728316, 0.0694608911872, 0.0750098675489, 0.00921696424484, 0.00823121517897, 0.0135672697797, 0.0247119702399, 0.0427925102413, 0.0364096164703, 0.117785654962, 0.00631098076701, 0.000407639861805, 0.000119713353342], "dvar": [7.59639036119e-08, 0.000116309485747, 5.2749032875e-06, 5.53248355573e-07, 2.35454649555e-06, 4.30367026638e-06, 6.48435798212e-06, 2.11532710637e-06, 6.68285747452e-06, 4.15236172557e-06, 1.30951366373e-06, 2.22383209803e-06, 1.90993637261e-06, 1.13578562377e-06, 5.04838851612e-07, 4.82188681872e-07, 6.21395827238e-07, 2.12697415236e-08, 2.20018030461e-08, 4.37104077378e-08, 9.10707029789e-08, 3.36104704957e-07, 3.40327829917e-07, 1.32540094455e-06, 5.53221779498e-09, 2.84740338946e-11, 1.87666158655e-12], "mean": [0.00011217307474, 0.00408226810396, 0.00134492199868, 0.000611305003986, 0.00232923100702, 0.00236825761385, 0.00222162576392, 0.00141798355617, 0.00186242198106, 0.000813108228613, 0.000458925234852, 0.000532826408744, 0.000442959804786, 0.000463792646769, 0.000128730505821, 9.30180467549e-05, 0.000110025139293, 7.40123577998e-05, 6.73667163937e-05, 7.57508823881e-05, 7.95205851318e-05, 0.000103774116724, 0.000107750056486, 8.67366543389e-05, 2.42910482484e-05, 2.84177440335e-06, 1.22564074445e-07], "dvar2": [1.72567965251e-07, 0.000274635269307, 1.38654886541e-05, 1.35476636842e-06, 4.56054067399e-06, 6.81219171383e-06, 6.8884319262e-06, 3.48456319443e-06, 1.12850630103e-05, 7.23142466086e-06, 2.11363976632e-06, 4.44130228061e-06, 3.60817011824e-06, 2.52782638199e-06, 1.11355348054e-06, 1.26314682802e-06, 1.35696552661e-06, 4.90727956048e-08, 5.59773418729e-08, 9.16473084089e-08, 1.71693940842e-07, 7.70021529206e-07, 7.55711255351e-07, 3.94149310523e-06, 1.50308157032e-08, 7.40420155743e-11, 5.32862556163e-12], "min": [8.11494744541e-24, 1.15755437637e-23, 1.09675079217e-23, 1.97966474323e-23, 5.58644913569e-23, 8.02045737064e-23, 6.5453253432e-23, 1.11355832573e-22, 1.80145664711e-22, 9.28647625606e-23, 9.43210881441e-23, 1.08607920807e-22, 1.17988966339e-22, 1.57764052621e-22, 1.88015795486e-22, 8.79850772602e-23, 1.6880992283e-22, 1.49088513795e-22, 3.50527907232e-22, 4.38194486635e-22, 4.51264132165e-22, 5.47426857113e-22, 6.36691832793e-22, 8.8513374253e-22, 9.96985282674e-22, 1.96067008334e-21, 2.2954369031e-21], "var": [1.67379923255e-07, 0.00013486626267, 1.02204730865e-05, 1.52324662395e-06, 1.76922076207e-05, 2.99611692753e-05, 5.42657762708e-05, 1.3515576029e-05, 3.78447984986e-05, 1.34116717163e-05, 7.26565758669e-06, 7.3995843195e-06, 5.05568823428e-06, 2.68448002316e-06, 7.42227030059e-07, 4.79273069232e-07, 8.7780586e-07, 4.43558008101e-08, 3.16022124025e-08, 8.17225540573e-08, 1.66997779161e-07, 3.90532193251e-07, 4.59606837921e-07, 9.52441268964e-07, 5.90387694288e-09, 5.42011262261e-11, 1.26176098649e-12], "median": [1.34750575853e-06, 0.000490984297357, 0.000352250761352, 0.000185685334145, 0.000910863163881, 0.000506597629283, 0.00043091212865, 0.000336178112775, 0.00030958262505, 7.45949655538e-05, 4.47151469416e-05, 7.48834572732e-05, 5.09218116349e-05, 3.67473476217e-05, 1.49652369146e-05, 1.9946233806e-05, 1.69969098351e-05, 1.71055617102e-05, 1.50758387463e-05, 9.74125578068e-06, 8.30362660054e-06, 7.16676413504e-06, 8.06681509857e-06, 1.19458463814e-05, 5.28177224624e-06, 6.21088304342e-07, 1.0317905641e-08]}, "melbands_kurtosis": {"dmean": 4.89553117752, "dmean2": 7.19509315491, "max": 429.497772217, "dvar": 87.6218719482, "mean": 12.858710289, "dvar2": 195.031417847, "min": -1.81214177608, "var": 301.781860352, "median": 7.7484960556}, "erbbands_crest": {"dmean": 2.5407500267, "dmean2": 3.58745217323, "max": 33.6661453247, "dvar": 6.0263633728, "mean": 13.9758405685, "dvar2": 12.1021108627, "min": 2.54291129112, "var": 39.7576026917, "median": 12.8746366501}, "melbands_skewness": {"dmean": 0.519680321217, "dmean2": 0.733982026577, "max": 17.015203476, "dvar": 0.360050410032, "mean": 2.0615170002, "dvar2": 0.751711249352, "min": -2.672123909, "var": 2.37670135498, "median": 1.9280538559}, "spectral_energyband_middle_low": {"dmean": 0.00269644148648, "dmean2": 0.00338245090097, "max": 0.233842372894, "dvar": 2.63320052909e-05, "mean": 0.0111125838012, "dvar2": 4.173711568e-05, "min": 5.67582164889e-22, "var": 0.000255054386798, "median": 0.00595998577774}, "spectral_contrast_coeffs": {"dmean": [0.036027867347, 0.0352301038802, 0.0333159528673, 0.0318737439811, 0.02248130925, 0.0133371967822], "dmean2": [0.0586251616478, 0.0541418157518, 0.0502519123256, 0.0495217554271, 0.0365463122725, 0.0218341406435], "max": [-0.272560715675, -0.351523309946, -0.358117103577, -0.436529040337, -0.54142832756, -0.578770697117], "dvar": [0.0011556193931, 0.000940412341151, 0.000869988347404, 0.000745626632124, 0.000419889111072, 0.000164767421666], "mean": [-0.615613698959, -0.673952877522, -0.67374676466, -0.714906811714, -0.765429675579, -0.783533275127], "dvar2": [0.00280365394428, 0.00226051080972, 0.00198005512357, 0.00174332165625, 0.000997231574729, 0.000382542173611], "min": [-0.965972840786, -0.959589362144, -0.988374829292, -0.965077579021, -0.960026085377, -0.959106683731], "var": [0.0103039164096, 0.00667058257386, 0.00620193453506, 0.00543544674292, 0.00295289489441, 0.00278648873791], "median": [-0.625313699245, -0.679874897003, -0.680113554001, -0.722569346428, -0.762287139893, -0.778414726257]}, "spectral_contrast_valleys": {"dmean": [0.347567886114, 0.291455864906, 0.29052183032, 0.271896153688, 0.225935056806, 0.142401993275], "dmean2": [0.558936595917, 0.462969183922, 0.46361720562, 0.433356910944, 0.353371590376, 0.226160287857], "max": [-5.19291067123, -4.76265478134, -5.59393453598, -6.48275709152, -6.04934549332, -7.64130926132], "dvar": [0.157362505794, 0.0878247618675, 0.0926170870662, 0.109804444015, 0.114012829959, 0.0487604737282], "mean": [-8.17424583435, -7.18465423584, -8.63362121582, -9.38272857666, -9.37023162842, -11.1602973938], "dvar2": [0.301886260509, 0.192461878061, 0.199313923717, 0.22611425817, 0.234960272908, 0.103898279369], "min": [-27.3324451447, -27.140422821, -27.1197853088, -27.3812770844, -27.2082862854, -27.2766780853], "var": [2.26632237434, 0.934164881706, 1.19335961342, 1.57576489449, 1.8274435997, 1.44097507], "median": [-7.79812908173, -7.09179878235, -8.53435134888, -9.12482070923, -9.15975952148, -11.1369638443]}, "silence_rate_20dB": {"dmean": 0.000100315992313, "dmean2": 0.000200642054551, "max": 1, "dvar": 0.000100303790532, "mean": 0.999949872494, "dvar2": 0.000300914252875, "min": 0, "var": 5.01524336869e-05, "median": 1}, "silence_rate_30dB": {"dmean": 0.0129407634959, "dmean2": 0.0258828252554, "max": 1, "dvar": 0.0127735193819, "mean": 0.979837477207, "dvar2": 0.0291261505336, "min": 0, "var": 0.0197545196861, "median": 1}, "spectral_strongpeak": {"dmean": 0.45613104105, "dmean2": 0.705882608891, "max": 24.5989933014, "dvar": 0.81205034256, "mean": 1.26206469536, "dvar2": 1.80603671074, "min": 0, "var": 2.43157076836, "median": 0.684728264809}, "spectral_spread": {"dmean": 324242.28125, "dmean2": 509517.34375, "max": 40422648, "dvar": 161942355968, "mean": 4492275, "dvar2": 289933393920, "min": 928632.8125, "var": 2551091560450.0, "median": 4494263}, "barkbands_flatness_db": {"dmean": 0.0173545796424, "dmean2": 0.0254753306508, "max": 0.441748440266, "dvar": 0.000376813375624, "mean": 0.198859199882, "dvar2": 0.000872915552463, "min": 0.0321577079594, "var": 0.00361403543502, "median": 0.195553585887}, "pitch_salience": {"dmean": 0.0528665408492, "dmean2": 0.0809371396899, "max": 0.988260149956, "dvar": 0.0030388252344, "mean": 0.476041346788, "dvar2": 0.00702729634941, "min": 0.0825656354427, "var": 0.0114956153557, "median": 0.473050534725}, "erbbands_kurtosis": {"dmean": 2.48936986923, "dmean2": 3.48830747604, "max": 180.4296875, "dvar": 21.4371967316, "mean": 5.22255182266, "dvar2": 40.7465591431, "min": -1.83261239529, "var": 84.6276016235, "median": 2.03939771652}, "average_loudness": 0.110217750072, "barkbands_crest": {"dmean": 2.14415192604, "dmean2": 3.16820669174, "max": 26.3833007813, "dvar": 4.97657346725, "mean": 12.0270442963, "dvar2": 11.4160747528, "min": 2.72465395927, "var": 18.0876922607, "median": 11.2607584}, "hfc": {"dmean": 3.37456154823, "dmean2": 4.5753159523, "max": 1796.09790039, "dvar": 371.588012695, "mean": 12.2715892792, "dvar2": 894.625427246, "min": 1.18033829442e-16, "var": 696.108337402, "median": 6.41538143158}, "barkbands_kurtosis": {"dmean": 3.09839558601, "dmean2": 4.49087190628, "max": 419.743347168, "dvar": 45.3937644958, "mean": 7.95438814163, "dvar2": 95.9482040405, "min": -1.78456902504, "var": 157.005752563, "median": 4.26171588898}, "erbbands": {"dmean": [0.0793586373329, 0.58262783289, 0.831252515316, 0.934597313404, 1.08610093594, 2.57349801064, 7.27200508118, 6.00856494904, 11.840590477, 8.69273090363, 13.1530504227, 14.1047201157, 14.0502738953, 9.08323860168, 5.68736600876, 8.53508663177, 11.3121852875, 10.2965602875, 7.90604400635, 4.49966096878, 4.18764829636, 3.73991084099, 2.83761334419, 2.2531888485, 2.07192206383, 1.73585855961, 1.62012684345, 1.8205550909, 2.21253538132, 2.0392510891, 1.83211648464, 1.19122457504, 0.851636767387, 0.175433263183, 0.0444135516882, 0.00869380123913, 0.00146254419815, 0.000203441639314, 1.69360519067e-05, 7.14351654096e-06], "dmean2": [0.124484173954, 0.932590663433, 1.34703075886, 1.43812513351, 1.56871747971, 3.60755825043, 9.49452018738, 7.88465261459, 13.8780441284, 10.7424535751, 15.5160493851, 17.4111328125, 17.7703266144, 12.1888580322, 7.72212028503, 11.3592300415, 15.4155950546, 14.5575141907, 11.7596311569, 6.94744682312, 6.80905294418, 5.72079944611, 4.64912843704, 3.79639267921, 3.44082427025, 2.84000706673, 2.59048938751, 2.85345244408, 3.47848534584, 3.23355078697, 2.8828599453, 1.98882520199, 1.43726360798, 0.291515737772, 0.0729177743196, 0.0141381956637, 0.0023565380834, 0.000335654302035, 2.75982092717e-05, 9.96177914203e-06], "max": [7.07421302795, 39.7120780945, 100.52230072, 71.4476242065, 171.358230591, 492.604614258, 1041.38000488, 606.165527344, 3532.40209961, 1342.23986816, 2867.06445313, 3681.2331543, 4214.34130859, 3517.44799805, 1957.57861328, 6085.73828125, 4502.07373047, 2296.46313477, 2422.45532227, 1779.24267578, 2361.33276367, 2680.54541016, 643.646972656, 350.140594482, 565.055419922, 885.888366699, 888.677612305, 1109.18054199, 1394.21984863, 1173.80517578, 1728.8729248, 1777.32849121, 1738.43261719, 93.4326629639, 12.6042661667, 3.09390163422, 0.573670446873, 0.200399324298, 0.0135978162289, 0.00174223538488], "dvar": [0.115448571742, 5.73410797119, 6.90131235123, 5.85802030563, 6.96350479126, 37.7939186096, 376.484680176, 192.179534912, 1650.96594238, 454.354553223, 1756.95800781, 2822.50341797, 4248.14892578, 2334.93798828, 576.584899902, 4678.32617188, 3580.88378906, 2230.31030273, 1203.67663574, 976.942443848, 1043.10900879, 950.527954102, 87.304107666, 47.666885376, 76.3972473145, 92.4983520508, 96.2976379395, 158.41444397, 370.121795654, 339.317352295, 356.213256836, 320.769012451, 318.108032227, 1.81753695011, 0.0477176606655, 0.00178534490988, 6.39240024611e-05, 7.12624250809e-06, 3.21195159358e-08, 5.10030184753e-10], "mean": [0.116668619215, 0.906515836716, 1.60199403763, 2.06813001633, 3.39780974388, 7.83788204193, 20.140253067, 17.4655303955, 32.1936798096, 23.6879501343, 38.9330787659, 39.873752594, 33.9820518494, 23.0690422058, 14.0694389343, 20.4809265137, 22.1773052216, 20.162935257, 14.7883481979, 6.58737564087, 5.55922794342, 5.88162851334, 4.60172462463, 3.5960586071, 3.44706606865, 3.17099952698, 2.92913985252, 3.38520121574, 3.65416765213, 3.40150570869, 3.2614865303, 2.03183627129, 1.32122969627, 0.405276507139, 0.116504512727, 0.0243453215808, 0.00405113911256, 0.000453166285297, 3.59573568858e-05, 2.46901945502e-05], "dvar2": [0.274251043797, 13.8705120087, 17.902841568, 14.714006424, 14.4817714691, 75.3280715942, 599.211669922, 294.449401855, 1767.33691406, 625.865539551, 2681.9230957, 4948.34960938, 7480.30273438, 3686.20776367, 1022.60656738, 9667.04101563, 6561.56933594, 4779.13964844, 2718.08959961, 2311.37207031, 2574.8203125, 1865.82641602, 193.353271484, 116.553909302, 192.806655884, 192.207458496, 190.822677612, 296.020629883, 851.69720459, 690.655822754, 703.844299316, 912.46307373, 914.73236084, 4.80906105042, 0.114286735654, 0.00439798785374, 0.000156205758685, 1.97349436348e-05, 8.6840145741e-08, 1.17416365519e-09], "min": [7.56987239092e-22, 1.16447410961e-21, 8.58288742816e-21, 4.69437179151e-20, 7.07300686797e-20, 2.33691887183e-19, 4.42026139098e-19, 6.99344450075e-19, 8.91379237267e-19, 1.66307722722e-18, 2.48849056839e-18, 4.85009204441e-18, 3.33257006727e-18, 2.64576365903e-18, 3.17523204296e-18, 5.55411373556e-18, 6.07157642008e-18, 8.48667207991e-18, 7.41358886921e-18, 9.41910811668e-18, 5.1225434179e-18, 1.00253214907e-17, 8.28194156958e-18, 8.87989471796e-18, 2.18422003828e-17, 2.66054769268e-17, 1.82903860942e-17, 1.63891925199e-17, 1.99401366146e-17, 2.00023554859e-17, 1.56834354039e-17, 1.61767063642e-17, 1.64759985078e-17, 1.11525147211e-17, 7.84560958672e-18, 6.2718103766e-18, 3.7891824508e-18, 1.53714725077e-18, 2.85190213416e-19, 3.23720816261e-20], "var": [0.134520873427, 6.49540233612, 12.4850502014, 14.818810463, 58.3568763733, 232.658187866, 2420.9765625, 1434.65258789, 14619.0722656, 2795.53808594, 13084.1347656, 14259.1396484, 16044.5507813, 11894.2626953, 2550.34350586, 14790.2998047, 10023.6425781, 5945.82470703, 2562.50634766, 1338.73706055, 1151.00854492, 1896.06274414, 195.412506104, 78.2428665161, 101.805686951, 187.856063843, 164.71685791, 305.239440918, 437.585113525, 463.32611084, 539.333862305, 267.270202637, 253.015518188, 2.12888550758, 0.0912136510015, 0.0035079556983, 0.000130559419631, 5.95809706283e-06, 3.18968567115e-08, 1.34610866898e-09], "median": [0.00999093055725, 0.1243057549, 0.446173846722, 0.737761437893, 1.11788678169, 2.74410581589, 4.70376300812, 4.00546360016, 6.02559089661, 7.82092380524, 9.48312187195, 8.33959293365, 4.86026477814, 3.07407426834, 3.38262987137, 3.48713326454, 3.30892896652, 3.02585029602, 1.82529890537, 1.43574237823, 1.41644918919, 1.23243868351, 1.14570069313, 1.00880384445, 0.722672700882, 0.448147326708, 0.36535897851, 0.288114488125, 0.275162190199, 0.21673682332, 0.243203088641, 0.244787395, 0.170292764902, 0.0850900411606, 0.028475318104, 0.00568885495886, 0.000843595713377, 7.99171684776e-05, 9.83778227237e-06, 1.34844613058e-05]}, "spectral_energy": {"dmean": 0.00589753407985, "dmean2": 0.00819265004247, "max": 0.392334163189, "dvar": 0.000199043919565, "mean": 0.0200157444924, "dvar2": 0.00041534731281, "min": 1.1024327162e-20, "var": 0.000725138583221, "median": 0.0112081486732}, "zerocrossingrate": {"dmean": 0.00556467240676, "dmean2": 0.00689513562247, "max": 0.517578125, "dvar": 4.75465785712e-05, "mean"