{"tonal": {"chords_number_rate": 0.00113421550486, "thpcp": [1, 0.670649290085, 0.12610270083, 0.0617631413043, 0.075201369822, 0.270254760981, 0.517712652683, 0.367075204849, 0.117494553328, 0.0737057775259, 0.0738608166575, 0.325747430325, 0.618009865284, 0.424485862255, 0.545247256756, 0.884337723255, 0.48163497448, 0.142893955112, 0.178018569946, 0.156247720122, 0.357556432486, 0.633109927177, 0.404917180538, 0.0919620841742, 0.0585836693645, 0.0753796026111, 0.343867599964, 0.685212016106, 0.455116689205, 0.0953726842999, 0.0491081215441, 0.0558103211224, 0.202071726322, 0.408976137638, 0.348131507635, 0.529654204845], "hpcp": {"dvar": [0.0282312594354, 0.0218276940286, 0.0110213644803, 0.00875595305115, 0.0119744874537, 0.0199072547257, 0.0280633848161, 0.0233688503504, 0.01184380427, 0.00949031207711, 0.00982746202499, 0.0202728025615, 0.0294251441956, 0.0310577005148, 0.0264265853912, 0.0311435014009, 0.0257034059614, 0.0132297724485, 0.0086176386103, 0.0110045457259, 0.0193909220397, 0.0241114236414, 0.0222700983286, 0.0156577844173, 0.0129721462727, 0.0127017637715, 0.0228840745986, 0.0301880836487, 0.0252087060362, 0.021551951766, 0.0265843328089, 0.0187747012824, 0.0151041699573, 0.0161333698779, 0.0171336568892, 0.0257543064654], "mean": [0.232103601098, 0.148446157575, 0.0337140969932, 0.0214772820473, 0.0276348162442, 0.12606485188, 0.251204669476, 0.166849732399, 0.034964453429, 0.0180034637451, 0.0204605478793, 0.0740812495351, 0.149934202433, 0.127628028393, 0.194175839424, 0.366608679295, 0.245865851641, 0.0462303422391, 0.0226429030299, 0.0275694746524, 0.0990777388215, 0.189797952771, 0.134572952986, 0.0430745221674, 0.0270211771131, 0.0270780175924, 0.119421832263, 0.226567775011, 0.155620202422, 0.199892386794, 0.324205875397, 0.176571562886, 0.0523861646652, 0.0652631521225, 0.0572817698121, 0.131083294749], "min": [0, 0, 0, 0, 0, 0, 0, 0, 0, 0, 0, 0, 0, 0, 0, 0, 0, 0, 0, 0, 0, 0, 0, 0, 0, 0, 0, 0, 0, 0, 0, 0, 0, 0, 0, 0], "median": [0.0747171267867, 0.0512334890664, 0.00640214467421, 0.00130718271248, 0.00209371815436, 0.0372901037335, 0.0895196646452, 0.0584026575089, 0.00946168415248, 0.00264658336528, 0.00147198862396, 0.00580471288413, 0.0112964641303, 0.014530855231, 0.114125005901, 0.215780824423, 0.133751064539, 0.0127085084096, 0.00336761260405, 0.00314533221535, 0.0119313970208, 0.0311251170933, 0.0240669846535, 0.00805752817541, 0.00345026655123, 0.0022979110945, 0.0177545286715, 0.0413643233478, 0.0387991331518, 0.0640320181847, 0.0446596294641, 0.0336825363338, 0.00752769503742, 0.00453044194728, 0.00616177916527, 0.0320241600275], "dvar2": [0.06688246876, 0.0579254031181, 0.0314779281616, 0.0234531331807, 0.0327601544559, 0.051368355751, 0.0630532726645, 0.0597587116063, 0.0337254218757, 0.0271374378353, 0.0280682742596, 0.0551160946488, 0.0723645463586, 0.0823265686631, 0.0707911252975, 0.0673136115074, 0.0638595670462, 0.0362863428891, 0.0232808236033, 0.0312210284173, 0.0510735996068, 0.0554348565638, 0.0561371184886, 0.0421306416392, 0.0352120511234, 0.0353679358959, 0.0603529065847, 0.0698638707399, 0.0666428878903, 0.0579582117498, 0.0610639899969, 0.0512313805521, 0.0427526570857, 0.0435557179153, 0.049747813493, 0.0739711076021], "var": [0.0991937890649, 0.0440366268158, 0.00870130397379, 0.00734481075779, 0.00984081253409, 0.0367716886103, 0.107700996101, 0.0519383996725, 0.00880764517933, 0.00594965089113, 0.00631708046421, 0.0260230563581, 0.0816814899445, 0.0561881549656, 0.0450130552053, 0.135566905141, 0.0724952891469, 0.0110421516001, 0.00700642168522, 0.00853292178363, 0.0354760028422, 0.0952963903546, 0.0506588481367, 0.0137583492324, 0.0101250652224, 0.00933571811765, 0.039792381227, 0.113240107894, 0.0538633950055, 0.0583284795284, 0.17082644999, 0.0525228045881, 0.0163935683668, 0.0289243757725, 0.0185367614031, 0.0426688939333], "dmean2": [0.155097007751, 0.1386564821, 0.0672019347548, 0.0437208525836, 0.0620014369488, 0.124810807407, 0.150912970304, 0.143905162811, 0.0660693570971, 0.0425760261714, 0.0525377579033, 0.104060418904, 0.135636463761, 0.158225342631, 0.189183339477, 0.184497267008, 0.175844535232, 0.0872592404485, 0.0466962456703, 0.0596603266895, 0.107249289751, 0.122240133584, 0.125820979476, 0.0835709050298, 0.0590945743024, 0.0659166127443, 0.129529431462, 0.14742167294, 0.156140729785, 0.154220789671, 0.122295089066, 0.130357503891, 0.091602422297, 0.0811464190483, 0.0978195741773, 0.145980164409], "max": [1, 1, 1, 1, 1, 1, 1, 1, 1, 1, 1, 1, 1, 1, 1, 1, 1, 1, 1, 1, 1, 1, 1, 1, 1, 1, 1, 1, 1, 1, 1, 1, 1, 1, 1, 1], "dmean": [0.0948760509491, 0.0839760676026, 0.0375466458499, 0.0246320087463, 0.034508831799, 0.0749011933804, 0.0949155241251, 0.0875834450126, 0.0373706780374, 0.0231373067945, 0.0283691734076, 0.0606127157807, 0.0791981369257, 0.0924934148788, 0.113684929907, 0.116155602038, 0.108928121626, 0.0492780245841, 0.025864476338, 0.032876830548, 0.063836760819, 0.0748792365193, 0.0761424005032, 0.0472475290298, 0.0328490659595, 0.0362454019487, 0.0765975266695, 0.0891692191362, 0.09312453866, 0.0906387120485, 0.0741825699806, 0.0757560133934, 0.0507639423013, 0.0468981601298, 0.0547616146505, 0.0860641375184]}, "key_strength": 0.85388469696, "chords_strength": {"dvar": 0.000284951383946, "mean": 0.521808683872, "min": -1, "median": 0.53949368, "dvar2": 0.00050983770052, "var": 0.0310827642679, "dmean2": 0.00593167124316, "max": 0.802081882954, "dmean": 0.00829559843987}, "tuning_equal_tempered_deviation": 0.0727971196175, "chords_key": "G", "tuning_frequency": 437.971466064, "chords_scale": "major", "chords_changes_rate": 0.035538751632, "key_scale": "major", "tuning_diatonic_strength": 0.584181785583, "hpcp_entropy": {"dvar": 0.203046262264, "mean": 1.6411049366, "min": 0, "median": 1.66926288605, "dvar2": 0.533824920654, "var": 0.453458040953, "dmean2": 0.778664708138, "max": 3.99338555336, "dmean": 0.46512696147}, "chords_histogram": [37.7819786072, 16.6729679108, 18.0214233398, 6.5910525322, 7.83868932724, 1.43667292595, 5.24259614944, 0, 0, 0, 0.0882167592645, 0, 0, 0, 0, 0.16383112967, 0, 2.01638317108, 0, 0.882167637348, 0, 0.0630119740963, 0, 3.20100808144], "tuning_nontempered_energy_ratio": 0.65306866169, "key_key": "G"}, "metadata": {"version": {"extractor": "music 1.0", "essentia_build_sha": "ca57ba49d9b1854bd80e60cf9ccf267278fb7d6b", "essentia": "2.1-beta1", "essentia_git_sha": "v2.1_beta1-28-g21ef5f4-dirty"}, "audio_properties": {"sample_rate": 44100, "length": 368.440002441, "lossless": true, "analysis_sample_rate": 44100, "downmix": "mix", "bit_rate": 0, "equal_loudness": 0, "md5_encoded": "b3f8f8bed8d83037d856f3df68633085", "codec": "flac", "replay_gain": -10.9196147919}, "tags": {"totaltracks": ["13"], "album": ["Waiting for an Echo"], "tracktotal": ["13"], "date": ["2005"], "acoustid_id": ["2238c8b0-ff59-429c-941e-f3e001e69323"], "musicbrainz_recordingid": ["599317c8-5c90-4b6c-b868-3b430f11b33a"], "albumartistsort": ["Solas"], "title": ["Erin"], "artistsort": ["Solas"], "musicbrainz_albumid": ["fa0bdf87-6dae-4162-9165-afbadd9ce60e"], "albumartist": ["Solas"], "musicbrainz_artistid": ["ae389557-f85b-4954-88f2-7b542db07ff8"], "file_name": "10 - Erin.flac", "tracknumber": ["10"], "musicbrainz_albumartistid": ["ae389557-f85b-4954-88f2-7b542db07ff8"], "artist": ["Solas"]}}, "lowlevel": {"melbands": {"dvar": [8.30988540201e-08, 2.45897786044e-06, 2.9798925425e-06, 7.07036633685e-07, 3.47210203699e-07, 2.68171930884e-07, 3.464520546e-07, 1.6891263499e-07, 1.20828971717e-07, 3.17384731829e-08, 8.81545858533e-09, 1.08177804492e-08, 4.48656889418e-09, 4.38190728147e-09, 6.2169034365e-09, 5.36095168258e-09, 2.64495669811e-09, 2.09382911009e-09, 4.71354955067e-10, 2.09854300603e-10, 3.2570929287e-10, 1.49693091256e-10, 7.228199983e-11, 3.00552846499e-11, 1.15308162324e-11, 1.68810729284e-11, 2.79261128111e-11, 3.95120464125e-11, 2.86095331453e-11, 1.59376192799e-11, 2.05669994924e-11, 4.23987719933e-11, 7.46969638921e-11, 3.75766882887e-11, 3.50216695921e-11, 1.33306100533e-11, 7.04924790415e-12, 4.69553692803e-12, 4.07960861273e-12, 2.99007368344e-12], "mean": [0.000311462325044, 0.00130271539092, 0.00157236272935, 0.00108692841604, 0.000801185437012, 0.000702137243934, 0.000566224742215, 0.000420463242335, 0.000342948420439, 0.000138990435516, 8.38404957904e-05, 9.96420640149e-05, 5.1358150813e-05, 4.85360469611e-05, 4.08341547882e-05, 4.55623412563e-05, 3.87099535146e-05, 2.41393518081e-05, 1.34906249514e-05, 1.14801659947e-05, 1.29936679514e-05, 9.35574371397e-06, 6.13636666458e-06, 3.08264020532e-06, 1.71113867964e-06, 2.35871834775e-06, 2.05269020626e-06, 1.8166404061e-06, 1.51695155637e-06, 1.53459723151e-06, 1.82826727269e-06, 2.26353040489e-06, 2.28377007261e-06, 1.92765583051e-06, 1.84204611742e-06, 1.24324787976e-06, 8.15484781924e-07, 6.62138120333e-07, 6.30528290912e-07, 4.47191411013e-07], "min": [1.32936216785e-24, 7.82316564455e-25, 5.5248065782e-25, 1.77247500186e-24, 8.99345509555e-25, 1.29915264088e-24, 1.98154680757e-24, 1.46279029858e-24, 2.05180571802e-24, 1.1868877747e-24, 1.39324925155e-24, 2.12575669472e-24, 2.08185145775e-24, 2.67601202523e-24, 2.45174498355e-24, 1.75281737696e-24, 2.8576322603e-24, 3.22992609262e-24, 2.5930950527e-24, 1.91563136527e-24, 3.47738130618e-24, 3.27162744944e-24, 2.36971843776e-24, 3.28809945678e-24, 3.75476373312e-24, 3.89463942123e-24, 3.79334534227e-24, 4.07092182899e-24, 4.72321710645e-24, 4.74821216423e-24, 4.9499420415e-24, 5.22895267734e-24, 4.04741574617e-24, 5.35056386892e-24, 4.39579052698e-24, 6.39593512482e-24, 5.91887385897e-24, 6.17046723963e-24, 5.33837912338e-24, 6.54215877664e-24], "median": [0.000181196519407, 0.000607513589785, 0.000998406438157, 0.000695537484717, 0.000438634597231, 0.000308971735649, 0.000237546177232, 0.000142570206663, 0.000128473970108, 4.47455058747e-05, 3.32105155394e-05, 3.78782824555e-05, 2.00413378479e-05, 1.18689267765e-05, 1.20428803712e-05, 1.27202492877e-05, 9.80149525276e-06, 5.46467208551e-06, 3.76833759219e-06, 3.32607214659e-06, 2.78125207842e-06, 1.9836240881e-06, 1.06333413896e-06, 6.45471118332e-07, 3.61373508895e-07, 4.2180798232e-07, 3.05779877863e-07, 2.17312162931e-07, 1.89247330695e-07, 1.97187830508e-07, 2.03085946282e-07, 2.06018057725e-07, 1.61165274903e-07, 1.38178663178e-07, 1.11309390149e-07, 5.39361124652e-08, 3.00449514157e-08, 3.61706646856e-08, 3.84643321638e-08, 2.88437824736e-08], "dvar2": [2.19846796767e-07, 6.98887470207e-06, 8.36467370391e-06, 2.01901593755e-06, 8.44651253828e-07, 6.19864238161e-07, 8.10558560715e-07, 3.40432933399e-07, 2.53683424489e-07, 6.80072957948e-08, 1.72403762377e-08, 2.28263701274e-08, 9.61090229623e-09, 9.62930535309e-09, 1.26500330211e-08, 1.03789581374e-08, 5.67105518101e-09, 5.08834929747e-09, 1.01428510035e-09, 4.69928485014e-10, 8.46312742109e-10, 3.69463598604e-10, 1.65337923907e-10, 8.10950057106e-11, 2.84078923579e-11, 4.31316926619e-11, 5.43000956699e-11, 8.41052227862e-11, 6.58368012885e-11, 3.31293777134e-11, 2.97494875956e-11, 9.02629498922e-11, 1.65873009772e-10, 7.30200275245e-11, 7.15912051863e-11, 2.61790849415e-11, 1.54728799218e-11, 9.80814041096e-12, 8.15315523428e-12, 6.62378095082e-12], "var": [1.68246629073e-07, 3.69875124306e-06, 4.19300249632e-06, 1.57227759701e-06, 1.55426812398e-06, 1.2846237496e-06, 8.42030090098e-07, 5.67803283502e-07, 3.93346482497e-07, 8.89731097686e-08, 3.12358530152e-08, 3.44016228837e-08, 1.35196449591e-08, 1.29299850826e-08, 1.38127465021e-08, 1.64477835796e-08, 8.71190675156e-09, 4.60785054557e-09, 1.12640241579e-09, 5.53260159908e-10, 8.13042022596e-10, 3.6976066653e-10, 2.19466333995e-10, 5.52485314442e-11, 1.7998868021e-11, 3.32788067936e-11, 6.04060065856e-11, 8.43783654059e-11, 5.56938800633e-11, 3.81910510161e-11, 7.54408688297e-11, 8.70302718781e-11, 1.31747016074e-10, 1.00002311987e-10, 8.30922136652e-11, 3.09058299786e-11, 1.39785639661e-11, 9.29649673215e-12, 9.45565934579e-12, 5.21077885701e-12], "dmean2": [0.000186566336197, 0.000879460130818, 0.00113665207755, 0.000735857873224, 0.000473882944789, 0.000385045714211, 0.000377595220925, 0.000249972421443, 0.000220205402002, 8.84809851414e-05, 5.2166331443e-05, 6.21733852313e-05, 3.84989471058e-05, 3.69869849237e-05, 3.02212683891e-05, 3.20706458297e-05, 2.85188834823e-05, 2.04476273211e-05, 1.10256596599e-05, 9.38667562878e-06, 1.08881858978e-05, 7.3293404057e-06, 4.38892857346e-06, 2.49437471211e-06, 1.4761218381e-06, 1.99625583264e-06, 1.77492836428e-06, 1.59744490702e-06, 1.43563227084e-06, 1.30159128275e-06, 1.40139354698e-06, 1.92662264453e-06, 2.15485829358e-06, 1.7002740833e-06, 1.66319091477e-06, 1.11167071282e-06, 7.49537719003e-07, 5.87354634263e-07, 5.41442034319e-07, 4.16951081661e-07], "max": [0.00577440066263, 0.0258316025138, 0.0369737669826, 0.0149473827332, 0.0205110646784, 0.0114663960412, 0.0167823787779, 0.00844320654869, 0.0125472443178, 0.00895750522614, 0.00585259869695, 0.00279294257052, 0.00442471727729, 0.00186808686703, 0.00581727363169, 0.00458654668182, 0.00206535030156, 0.00165020651184, 0.00119882530998, 0.00057435198687, 0.000486868200824, 0.000320729915984, 0.000333492294885, 0.000281747372355, 0.000146681762999, 0.000168227139511, 0.000381238292903, 0.000368786189938, 0.000234566963627, 0.00030208210228, 0.00046708266018, 0.000307122478262, 0.000528263277374, 0.000481379509438, 0.000283653731458, 0.000175628068973, 0.000110285982373, 0.000108636901132, 9.11345268833e-05, 8.8269902335e-05], "dmean": [0.000114256275992, 0.000531736877747, 0.000690701883286, 0.000458353257272, 0.000309854396619, 0.000259999214904, 0.00025008112425, 0.000179533293704, 0.000154803710757, 6.18715712335e-05, 3.65605519619e-05, 4.37159724243e-05, 2.57646297541e-05, 2.48150918196e-05, 2.0549265173e-05, 2.18043278437e-05, 1.89418860828e-05, 1.32434042825e-05, 7.14471980245e-06, 6.00132443651e-06, 6.77894058754e-06, 4.71889779874e-06, 2.86899171442e-06, 1.55894167619e-06, 9.30254770992e-07, 1.2513061165e-06, 1.13377700472e-06, 1.02842170691e-06, 9.18807927519e-07, 8.68545328103e-07, 9.64021182881e-07, 1.29284308059e-06, 1.46067986861e-06, 1.14575493626e-06, 1.12605926006e-06, 7.55017822485e-07, 5.0349507319e-07, 3.88326952816e-07, 3.71984924641e-07, 2.79416696003e-07]}, "spectral_decrease": {"dvar": 6.81282909701e-18, "mean": -6.50214904141e-09, "min": -5.27728545308e-08, "median": -5.36757349678e-09, "dvar2": 1.74837675373e-17, "var": 2.68926707268e-17, "dmean2": 2.25335017312e-09, "max": 2.31921242024e-15, "dmean": 1.45216560998e-09}, "spectral_rolloff": {"dvar": 608639.375, "mean": 1063.19299316, "min": 129.19921875, "median": 559.86328125, "dvar2": 1208099.375, "var": 5797828, "dmean2": 370.023925781, "max": 21468.6035156, "dmean": 221.915405273}, "melbands_crest": {"dvar": 4.91412305832, "mean": 13.3273849487, "min": 1.55367660522, "median": 12.7573728561, "dvar2": 13.70520401, "var": 19.705827713, "dmean2": 3.47736406326, "max": 31.3726863861, "dmean": 2.18089294434}, "barkbands_skewness": {"dvar": 0.24050784111, "mean": 1.78716862202, "min": -22.477186203, "median": 1.71047532558, "dvar2": 0.54330688715, "var": 1.15972554684, "dmean2": 0.564146518707, "max": 8.73607444763, "dmean": 0.373009324074}, "spectral_centroid": {"dvar": 54800.6640625, "mean": 745.652282715, "min": 185.163803101, "median": 523.740905762, "dvar2": 101819.4375, "var": 1433086.5, "dmean2": 153.233657837, "max": 11786.0146484, "dmean": 104.696334839}, "spectral_energyband_middle_low": {"dvar": 4.82808791276e-05, "mean": 0.0177631676197, "min": 1.45589000602e-22, "median": 0.0138710737228, "dvar2": 0.000119134398119, "var": 0.000221621172386, "dmean2": 0.00681700510904, "max": 0.113959670067, "dmean": 0.00445848237723}, "erbbands_crest": {"dvar": 3.9158308506, "mean": 9.92169189453, "min": 2.66148924828, "median": 9.02413749695, "dvar2": 9.24883556366, "var": 16.3840789795, "dmean2": 2.97883033752, "max": 30.5026073456, "dmean": 1.95455992222}, "dynamic_complexity": 3.99681520462, "spectral_energyband_low": {"dvar": 6.12677249592e-05, "mean": 0.00655917264521, "min": 8.82151595872e-24, "median": 0.00387205602601, "dvar2": 0.000170139173861, "var": 8.331562276e-05, "dmean2": 0.00435248017311, "max": 0.139054834843, "dmean": 0.00262909242883}, "silence_rate_60dB": {"dvar": 0.0142873302102, "mean": 0.0857016816735, "min": 0, "median": 0, "dvar2": 0.0326987989247, "var": 0.0783437266946, "dmean2": 0.0289909876883, "max": 1, "dmean": 0.0144945802167}, "erbbands_kurtosis": {"dvar": 1.50661814213, "mean": 1.34488916397, "min": -1.82688117027, "median": 0.557534694672, "dvar2": 3.33115196228, "var": 8.75604248047, "dmean2": 1.35237789154, "max": 37.2985191345, "dmean": 0.890696585178}, "spectral_complexity": {"dvar": 3.94583487511, "mean": 13.4926586151, "min": 0, "median": 13, "dvar2": 8.63932037354, "var": 40.6034469604, "dmean2": 2.7299425602, "max": 42, "dmean": 1.72699773312}, "barkbands_crest": {"dvar": 2.66123390198, "mean": 9.45990276337, "min": 2.86869072914, "median": 8.89049816132, "dvar2": 7.06788539886, "var": 10.2164783478, "dmean2": 2.58455657959, "max": 26.7529983521, "dmean": 1.64650702477}, "spectral_energy": {"dvar": 0.000101409175841, "mean": 0.0257975552231, "min": 1.00343309093e-20, "median": 0.0213333312422, "dvar2": 0.000259277381701, "var": 0.000420984230004, "dmean2": 0.00877135340124, "max": 0.203280881047, "dmean": 0.00566773954779}, "spectral_spread": {"dvar": 518524469248, "mean": 3953796.75, "min": 364449.1875, "median": 3256274.5, "dvar2": 886973988864, "var": 20256701546500.0, "dmean2": 668902.25, "max": 43218720, "dmean": 470642.96875}, "spectral_contrast_valleys": {"dvar": [0.100862674415, 0.0703990757465, 0.0652657151222, 0.0774200856686, 0.0916704013944, 0.133538976312], "mean": [-7.7400727272, -7.02955675125, -8.1367521286, -8.92101478577, -9.37610626221, -11.6069087982], "min": [-28.2101802826, -27.9995803833, -27.8710250854, -27.7054538727, -27.5252876282, -27.4688301086], "median": [-7.24525022507, -6.64276218414, -7.75335502625, -8.55042934418, -9.01409244537, -11.1849002838], "dvar2": [0.243181139231, 0.152067348361, 0.130488052964, 0.147764712572, 0.164514929056, 0.22708119452], "var": [5.65522193909, 5.99124002457, 5.50741577148, 5.50401830673, 5.80274248123, 5.93153905869], "dmean2": [0.533604323864, 0.421555608511, 0.394896447659, 0.400159806013, 0.35702458024, 0.367322534323], "max": [-5.52965641022, -4.26570606232, -5.13484668732, -5.95853281021, -5.99069547653, -7.15783166885], "dmean": [0.326555937529, 0.265460640192, 0.25060737133, 0.262242972851, 0.248632803559, 0.27384224534]}, "spectral_rms": {"dvar": 4.64750428364e-07, "mean": 0.00457302154973, "min": 3.12883226272e-12, "median": 0.00456212740391, "dvar2": 1.11936594749e-06, "var": 4.25587040809e-06, "dmean2": 0.000732201850042, "max": 0.0140827130526, "dmean": 0.000486698438181}, "barkbands_spread": {"dvar": 35.5197105408, "mean": 11.0754880905, "min": 0.390321582556, "median": 8.05323219299, "dvar2": 65.0384216309, "var": 134.347549438, "dmean2": 3.9524834156, "max": 142.720687866, "dmean": 2.65954661369}, "pitch_salience": {"dvar": 0.00222948146984, "mean": 0.581599354744, "min": 0.156915053725, "median": 0.584008693695, "dvar2": 0.00595417385921, "var": 0.00935294199735, "dmean2": 0.0763162150979, "max": 0.970152378082, "dmean": 0.0480207800865}, "erbbands_skewness": {"dvar": 0.089546456933, "mean": 0.826339185238, "min": -3.57303118706, "median": 0.793679475784, "dvar2": 0.1887126863, "var": 0.518827080727, "dmean2": 0.421695560217, "max": 4.78265190125, "dmean": 0.28381216526}, "spectral_energyband_middle_high": {"dvar": 2.42829560193e-06, "mean": 0.00289206788875, "min": 1.10756131678e-21, "median": 0.0014360829955, "dvar2": 4.49090930488e-06, "var": 1.58896564244e-05, "dmean2": 0.0011242487235, "max": 0.0544034205377, "dmean": 0.000804987445008}, "erbbands": {"dvar": [0.0004286232288, 0.215146094561, 15.7687950134, 129.048568726, 140.196426392, 111.721511841, 331.176635742, 606.72845459, 1542.15209961, 1716.94897461, 2372.53759766, 854.824890137, 347.02557373, 564.721252441, 267.136871338, 454.170379639, 1438.90209961, 713.758911133, 672.975280762, 131.847869873, 216.680526733, 94.653427124, 33.5398788452, 16.3957824707, 28.1819114685, 64.9260635376, 50.0996131897, 44.9185829163, 141.159103394, 137.626068115, 75.7199935913, 18.8882598877, 8.45991230011, 4.13713598251, 0.794608354568, 0.141076758504, 0.00614177249372, 0.000377423799364, 1.57791532729e-06, 9.12153241828e-10], "mean": [0.0183813199401, 0.510884165764, 3.0348842144, 8.24301433563, 14.0614967346, 15.6175365448, 24.0247612, 31.8812732697, 36.2074127197, 39.4221343994, 46.0738258362, 24.7564277649, 17.0337219238, 23.746427536, 14.7871932983, 16.8216075897, 20.3964309692, 21.6048431396, 14.6192884445, 9.48102760315, 10.8151273727, 8.4135389328, 4.86297559738, 2.43992304802, 3.12346529961, 2.81295704842, 2.45083785057, 3.05689501762, 4.0485367775, 3.61422348022, 2.92951345444, 1.54003667831, 0.970300912857, 0.582210242748, 0.246261611581, 0.101202890277, 0.0294417217374, 0.0065062395297, 0.00044129989692, 3.99695090891e-05], "min": [1.34726512155e-22, 1.72583593587e-22, 7.84132031193e-22, 3.20218174887e-21, 6.01043892586e-21, 1.46599685155e-20, 2.9518386061e-20, 5.19692020279e-20, 1.12817315514e-19, 1.42501635299e-19, 2.39935963434e-19, 2.62984808366e-19, 3.2817455055e-19, 6.27366605291e-19, 9.72279258933e-19, 9.55904494925e-19, 8.48276044619e-19, 1.66255620683e-18, 1.97434239659e-18, 2.22869609225e-18, 3.4209299139e-18, 3.76110339131e-18, 4.54756562462e-18, 5.62328878224e-18, 6.64338445725e-18, 6.24580754046e-18, 8.72423504311e-18, 8.48436507318e-18, 1.06042974614e-17, 9.08152578253e-18, 9.4974586643e-18, 1.13954841368e-17, 8.74915468624e-18, 8.36082316715e-18, 6.23005223133e-18, 4.28908615886e-18, 2.15773371507e-18, 8.8557056821e-19, 2.54927939953e-19, 2.66842180976e-20], "median": [0.0116742681712, 0.257563322783, 1.30690550804, 4.57000684738, 8.79209327698, 9.12254905701, 12.5101242065, 12.8845233917, 15.0105924606, 12.412399292, 17.1989994049, 8.78547382355, 7.01312494278, 9.39215278625, 6.41462135315, 5.05337429047, 5.78166484833, 5.91038179398, 3.81133913994, 3.04634380341, 2.67986297607, 2.11482143402, 1.06457686424, 0.613401651382, 0.576453566551, 0.400761663914, 0.351413995028, 0.363641500473, 0.365676730871, 0.277467548847, 0.184175848961, 0.0732843652368, 0.0597675330937, 0.0398617610335, 0.0159067530185, 0.00560165289789, 0.00121484673582, 0.000157904956723, 2.25190342462e-05, 2.58255167864e-05], "dvar2": [0.0010995256016, 0.597924590111, 45.1023826599, 359.782409668, 397.113739014, 303.39730835, 817.150390625, 1380.8737793, 3650.53979492, 3415.22631836, 5062.39746094, 1800.35046387, 673.795471191, 1184.73522949, 583.544189453, 976.707275391, 2779.38476562, 1499.3605957, 1611.27026367, 300.208496094, 543.195251465, 227.111373901, 80.9361419678, 40.5200233459, 67.1340026855, 125.733078003, 109.192710876, 68.8734436035, 292.585845947, 274.215789795, 144.857772827, 37.4224319458, 16.6890354156, 8.73839855194, 1.65929114819, 0.291883051395, 0.0125573277473, 0.000799711153377, 3.26993176714e-06, 1.92340099403e-09], "var": [0.000658923876472, 0.47656750679, 22.3172645569, 164.165649414, 274.118530273, 365.940856934, 1367.18969727, 3028.07495117, 3661.36206055, 5813.85644531, 7403.11425781, 2536.640625, 1244.35913086, 1867.9119873, 836.75970459, 1421.80041504, 3772.03051758, 2495.15454102, 1632.85803223, 353.17880249, 554.701843262, 262.634277344, 119.188430786, 29.2136878967, 63.9403953552, 161.86076355, 112.260810852, 166.738998413, 289.613952637, 348.505767822, 198.504043579, 44.5462646484, 19.0187225342, 8.20982456207, 1.24348497391, 0.250322759151, 0.0119296927005, 0.000724407262169, 3.15282341035e-06, 2.60037658073e-09], "dmean2": [0.0118949534371, 0.300322949886, 2.1817612648, 6.51847219467, 10.1517887115, 9.44454479218, 14.7721891403, 17.5263900757, 24.9397335052, 23.0319252014, 29.9313087463, 14.8492298126, 10.1174497604, 14.324174881, 10.2012519836, 11.5996685028, 14.0005540848, 15.205080986, 11.4621200562, 7.22629356384, 8.36148452759, 5.9016866684, 3.20130062103, 1.80942845345, 2.44324159622, 2.21211695671, 2.04271149635, 2.21449971199, 3.33246994019, 3.03033304214, 2.45004630089, 1.29401111603, 0.790717124939, 0.497758209705, 0.224080681801, 0.0950358211994, 0.0256042722613, 0.0061010424979, 0.00038978442899, 1.65078909049e-05], "max": [0.582908034325, 9.87998008728, 63.9246063232, 249.074188232, 205.716079712, 230.154129028, 567.883178711, 586.81072998, 1131.12207031, 932.837463379, 1669.23242188, 1183.59069824, 1217.98681641, 620.15814209, 973.034362793, 955.867797852, 2434.06298828, 1092.36535645, 1096.46276855, 332.602935791, 470.398529053, 284.49710083, 171.518936157, 160.27772522, 173.966781616, 487.765808105, 293.874511719, 593.718994141, 555.140319824, 973.662963867, 444.943115234, 184.270446777, 131.797821045, 103.082687378, 35.3326187134, 14.2385826111, 2.72243332863, 0.643707215786, 0.0402345620096, 0.00084805325605], "dmean": [0.00723590794951, 0.18207359314, 1.31686520576, 3.93351006508, 6.28681135178, 6.04550647736, 9.6443157196, 11.8513002396, 16.3100757599, 16.6872215271, 20.8938159943, 10.4438228607, 7.10730457306, 10.0966434479, 6.86520957947, 7.88484430313, 9.55774784088, 10.1606798172, 7.41615867615, 4.65335321426, 5.28302383423, 3.83675503731, 2.07103848457, 1.15193986893, 1.54549360275, 1.45473825932, 1.3328602314, 1.54249691963, 2.26998305321, 2.09517502785, 1.6947221756, 0.885587871075, 0.538949489594, 0.343256741762, 0.152166709304, 0.0641556307673, 0.0181215815246, 0.00433627841994, 0.000281871703919, 1.15534339784e-05]}, "dissonance": {"dvar": 0.000533213547897, "mean": 0.417238622904, "min": 0.181532904506, "median": 0.425191521645, "dvar2": 0.00136624462903, "var": 0.00227651232854, "dmean2": 0.0408449172974, "max": 0.5, "dmean": 0.0249385479838}, "erbbands_flatness_db": {"dvar": 0.000254456477705, "mean": 0.207738056779, "min": 0.0344342850149, "median": 0.198894843459, "dvar2": 0.000475271168398, "var": 0.00423739710823, "dmean2": 0.0191861595958, "max": 0.409781634808, "dmean": 0.0138788614422}, "melbands_kurtosis": {"dvar": 46.8056335449, "mean": 11.2127857208, "min": -1.81976723671, "median": 7.61105251312, "dvar2": 120.560836792, "var": 159.178588867, "dmean2": 6.11960554123, "max": 173.35333252, "dmean": 3.94435238838}, "melbands_spread": {"dvar": 61.5933609009, "mean": 13.1345796585, "min": 1.09212958813, "median": 9.07977676392, "dvar2": 119.320510864, "var": 343.699157715, "dmean2": 4.58194494247, "max": 217.363876343, "dmean": 3.0807299614}, "melbands_skewness": {"dvar": 0.278667360544, "mean": 2.30383634567, "min": -0.88598638773, "median": 2.11528968811, "dvar2": 0.694091081619, "var": 1.39160251617, "dmean2": 0.664063930511, "max": 11.9813785553, "dmean": 0.439709186554}, "spectral_entropy": {"dvar": 0.0374792441726, "mean": 6.73779296875, "min": 4.52131223679, "median": 6.75589418411, "dvar2": 0.0681350380182, "var": 0.600888609886, "dmean2": 0.221251353621, "max": 9.83005428314, "dmean": 0.156523302197}, "zerocrossingrate": {"dvar": 0.000165786885191, "mean": 0.0409444868565, "min": 0.00390625, "median": 0.02734375, "dvar2": 0.000191981220269, "var": 0.00408697500825, "dmean2": 0.00717893755063, "max": 0.8447265625, "dmean": 0.00623284792528}, "average_loudness": 0.708133995533, "spectral_contrast_coeffs": {"dvar": [0.00115956843365, 0.00103841966484, 0.000718247145414, 0.00058921566233, 0.000385125895264, 0.000272378034424], "mean": [-0.573568701744, -0.674968838692, -0.722477197647, -0.737252891064, -0.778119266033, -0.785463929176], "min": [-0.986050248146, -0.978424549103, -0.983160555363, -0.981738746166, -0.973991453648, -0.965212762356], "median": [-0.574724912643, -0.673847913742, -0.722081065178, -0.736963510513, -0.779522657394, -0.780880212784], "dvar2": [0.00320876715705, 0.00259539647959, 0.00168306811247, 0.00136733672116, 0.000822568021249, 0.000570000847802], "var": [0.00830314401537, 0.00545742083341, 0.0041678333655, 0.00409451685846, 0.00362548884004, 0.00286420993507], "dmean2": [0.064833573997, 0.0558488257229, 0.046482488513, 0.0438582263887, 0.0326214656234, 0.0253168474883], "max": [-0.256498783827, -0.398388922215, -0.477893412113, -0.506351649761, -0.568779349327, -0.614091515541], "dmean": [0.0392794720829, 0.0350215323269, 0.0296691209078, 0.0278942566365, 0.0210334751755, 0.0166717134416]}, "barkbands_flatness_db": {"dvar": 0.000323916348862, "mean": 0.208014473319, "min": 0.0529512874782, "median": 0.194279119372, "dvar2": 0.000651347625535, "var": 0.0060952748172, "dmean2": 0.0233729295433, "max": 0.475334316492, "dmean": 0.0161630604416}, "silence_rate_30dB": {"dvar": 0.00201245886274, "mean": 0.998739659786, "min": 0, "median": 1, "dvar2": 0.00552939856425, "var": 0.00125888024922, "dmean2": 0.004033528734, "max": 1, "dmean": 0.00201663724147}, "spectral_energyband_high": {"dvar": 8.85589258814e-07, "mean": 0.000443081429694, "min": 6.98998475322e-21, "median": 4.82662617287e-05, "dvar2": 1.49814843553e-06, "var": 2.82574615085e-06, "dmean2": 0.000279471190879, "max": 0.0404062196612, "dmean": 0.000209218473174}, "melbands_flatness_db": {"dvar": 0.000495167274494, "mean": 0.289761871099, "min": 0.00241285609081, "median": 0.274128317833, "dvar2": 0.000956368632615, "var": 0.0106106447056, "dmean2": 0.027220884338, "max": 0.641695201397, "dmean": 0.0192749854177}, "barkbands": {"dvar": [9.6590277443e-11, 2.28825956583e-06, 2.2609709049e-05, 1.49898387463e-05, 1.23056115626e-05, 5.18546221429e-06, 8.27138228487e-06, 4.424412964e-06, 1.38542145578e-06, 4.90352761062e-07, 2.35374017166e-07, 2.90164337002e-07, 6.55223288959e-07, 2.75449110632e-07, 1.64007261105e-07, 5.5762754414e-08, 4.08736724467e-08, 1.1880205264e-08, 8.19860179746e-09, 2.77331970722e-08, 2.34750885397e-08, 1.1981863679e-07, 8.83804602836e-08, 3.07517851184e-08, 2.19278408764e-08, 3.095900869e-09, 6.89018841982e-11], "mean": [4.7003736654e-06, 0.00168948585633, 0.00305093172938, 0.00318915233947, 0.00528786843643, 0.00365351256914, 0.00258966116235, 0.00195725262165, 0.000980542623438, 0.000659024983179, 0.000337423814926, 0.000401616067393, 0.000467762962217, 0.000370576046407, 0.000223457464017, 0.000167512975167, 0.00016963253438, 7.21636170056e-05, 5.400945156e-05, 5.86349742662e-05, 6.67505519232e-05, 0.000114070491691, 0.000104982216726, 6.28680136288e-05, 4.24980207754e-05, 1.88532376342e-05, 2.69321230917e-06], "min": [3.24309716081e-25, 7.55271996738e-25, 4.09804464185e-25, 2.62943412751e-25, 8.56254002329e-24, 4.60744979646e-24, 7.50015264323e-24, 9.58578570295e-24, 9.65622072659e-24, 1.03106124019e-23, 1.15711316646e-23, 1.94423479116e-23, 1.51796102148e-23, 2.99434434009e-23, 3.73456092645e-23, 4.33414286161e-23, 6.27378995329e-23, 6.91646672862e-23, 1.08677769707e-22, 1.4006728981e-22, 2.53192467974e-22, 2.6000534843e-22, 3.50242175502e-22, 5.35230335455e-22, 8.89030538697e-22, 1.11066102264e-21, 1.93275374741e-21], "median": [7.13773260941e-07, 0.000867796770763, 0.00132303906139, 0.00177838024683, 0.00346638588235, 0.00190924759954, 0.000855664489791, 0.000665148952976, 0.000308335263981, 0.000249250733759, 0.000111017034214, 0.000108045547677, 0.000117622053949, 8.87173882802e-05, 6.24340245849e-05, 4.07924017054e-05, 3.65812011296e-05, 1.45489220813e-05, 1.11897443276e-05, 7.95939376985e-06, 9.06577588466e-06, 9.96528888209e-06, 7.23696348359e-06, 3.47709078596e-06, 2.90123966806e-06, 8.55947405398e-07, 5.65649465045e-08], "dvar2": [2.49436415967e-10, 6.24766516921e-06, 6.40346042928e-05, 4.28118910349e-05, 3.37254823535e-05, 1.20189206427e-05, 1.86046181625e-05, 9.35286061576e-06, 2.95564723274e-06, 1.03253466932e-06, 4.93863353768e-07, 6.46517833047e-07, 1.25046688026e-06, 5.9819052467e-07, 3.77119590667e-07, 1.34638838745e-07, 1.03281792008e-07, 3.01702378636e-08, 2.08224744114e-08, 5.16466869271e-08, 4.42327952044e-08, 2.50816100333e-07, 1.70226300611e-07, 5.92204152383e-08, 4.59021691768e-08, 6.40902397819e-09, 1.45124759432e-10], "var": [1.19589754766e-10, 5.25635505255e-06, 2.78567858913e-05, 2.10850012081e-05, 3.72533395421e-05, 2.54749975284e-05, 2.10157340916e-05, 1.33825669764e-05, 4.18316039941e-06, 1.58682973961e-06, 7.08004222361e-07, 8.53967378589e-07, 1.91846629605e-06, 8.03277657724e-07, 4.1632108605e-07, 1.43069229352e-07, 1.10369860806e-07, 3.09849674807e-08, 1.57385429134e-08, 7.12436758477e-08, 6.80304381717e-08, 2.54326124605e-07, 2.40366716753e-07, 7.3140739687e-08, 3.99392341421e-08, 5.8878577569e-09, 1.32398980668e-10], "dmean2": [4.59365128336e-06, 0.000997512484901, 0.00249710469507, 0.00256856228225, 0.00328286341392, 0.00193288933951, 0.00176797667518, 0.00129395991098, 0.000627584639005, 0.000425039906986, 0.000257749372395, 0.000304830115056, 0.000336191384122, 0.000288887851639, 0.000187830461073, 0.000140123142046, 0.000129233681946, 5.48949938093e-05, 4.39735194959e-05, 4.75294291391e-05, 5.11267062393e-05, 9.30227324716e-05, 8.64855610416e-05, 5.0187267334e-05, 3.67720676877e-05, 1.66336722032e-05, 2.61693799075e-06], "max": [0.000267874653218, 0.0329212024808, 0.0809227451682, 0.0845277309418, 0.0737872943282, 0.0502268821001, 0.0706689879298, 0.0609204173088, 0.0548285879195, 0.0263922903687, 0.0286844912916, 0.0204946752638, 0.0506871156394, 0.0195536129177, 0.0209523290396, 0.00747299054638, 0.00458532711491, 0.00430238526314, 0.00334355654195, 0.0109566552565, 0.00880513060838, 0.017907448113, 0.0187351908535, 0.00845221802592, 0.00633289990947, 0.00185603299178, 0.00025946891401], "dmean": [2.74718217952e-06, 0.000605897104833, 0.0015154783614, 0.00156224088278, 0.00207209866494, 0.0013040258782, 0.00120477192104, 0.000906394328922, 0.000440339208581, 0.000295669131447, 0.000174351152964, 0.000204003910767, 0.000230478210142, 0.00018988426018, 0.000119691438158, 8.8602231699e-05, 8.25468305266e-05, 3.47595487256e-05, 2.75657293969e-05, 3.12501069857e-05, 3.46242813976e-05, 6.48990098853e-05, 5.99428312853e-05, 3.47570166923e-05, 2.53591679211e-05, 1.15828852358e-05, 1.83011081845e-06]}, "erbbands_spread": {"dvar": 73.240737915, "mean": 27.2091598511, "min": 3.06022953987, "median": 22.5626850128, "dvar2": 151.289047241, "var": 319.117126465, "dmean2": 7.5751786232, "max": 210.72467041, "dmean": 5.133934021}, "barkbands_kurtosis": {"dvar": 61.5374107361, "mean": 6.63526821136, "min": -1.95593369007, "median": 4.52103567123, "dvar2": 145.348220825, "var": 95.7523727417, "dmean2": 3.85657048225, "max": 542.261169434, "dmean": 2.48530387878}, "spectral_flux": {"dvar": 0.000501241069287, "mean": 0.0550327114761, "min": 6.37149152882e-11, "median": 0.0459466055036, "dvar2": 0.00110754847992, "var": 0.00185116450302, "dmean2": 0.0246393848211, "max": 0.358071893454, "dmean": 0.0156018491834}, "silence_rate_20dB": {"dvar": 0, "mean": 1, "min": 1, "median": 1, "dvar2": 0, "var": 0, "dmean2": 0, "max": 1, "dmean": 0}, "gfcc": {"cov": [[27754.7304688, -2143.37353516, -2663.37036133, 1515.05895996, -2273.62182617, 891.236694336, -1429.51318359, 519.352478027, -348.872283936, 480.299468994, -789.182922363, 272.6378479, -525.92755127], [-2143.37353516, 3033.8371582, -131.976470947, -758.299926758, 804.184692383, -416.519439697, 312.866088867, -292.76651001, 72.1881561279, -252.801376343, 272.763885498, -228.786346436, 156.175918579], [-2663.37036133, -131.976470947, 921.208435059, 9.18929862976, 142.306427002, 80.9062652588, 130.426956177, -18.5545845032, 0.605919480324, -37.8636474609, 30.3055210114, 29.7460155487, 14.0821743011], [1515.05895996, -758.299926758, 9.18929862976, 656.842407227, -207.112594604, 116.149864197, -51.5825119019, 90.19581604, 26.4994907379, 41.4044532776, -83.2243423462, 61.4859085083, 9.24284744263], [-2273.62182617, 804.184692383, 142.306427002, -207.112594604, 588.552185059, -182.395172119, 202.989639282, -51.8447494507, 76.5866928101, -74.5547409058, 115.031806946, -68.7486495972, 67.7660903931], [891.236694336, -416.519439697, 80.9062652588, 116.149864197, -182.395172119, 265.603088379, -61.4036979675, 51.1964797974, -22.4014530182, 50.9538650513, -69.2389144897, 27.6452407837, -46.994178772], [-1429.51318359, 312.866088867, 130.426956177, -51.5825119019, 202.989639282, -61.4036979675, 239.390090942, -22.5347270966, 29.4826221466, -36.115901947, 67.6326522827, -34.6543006897, 45.8166618347], [519.352478027, -292.76651001, -18.5545845032, 90.19581604, -51.8447494507, 51.1964797974, -22.5347270966, 136.965042114, 10.5325889587, 33.958770752, -21.3426818848, 25.8240623474, -21.868768692], [-348.872283936, 72.1881561279, 0.605919480324, 26.4994907379, 76.5866928101, -22.4014530182, 29.4826221466, 10.5325889587, 108.123283386, 4.70708656311, 12.0830316544, -2.37894272804, 14.9578390121], [480.299468994, -252.801376343, -37.8636474609, 41.4044532776, -74.5547409058, 50.9538650513, -36.115901947, 33.958770752, 4.70708656311, 104.398834229, -14.6783876419, 13.8804616928, -22.7415084839], [-789.182922363, 272.763885498, 30.3055210114, -83.2243423462, 115.031806946, -69.2389144897, 67.6326522827, -21.3426818848, 12.0830316544, -14.6783876419, 129.747589111, -7.59946727753, 26.7980442047], [272.6378479, -228.786346436, 29.7460155487, 61.4859085083, -68.7486495972, 27.6452407837, -34.6543006897, 25.8240623474, -2.37894272804, 13.8804616928, -7.59946727753, 91.9717102051, -1.0080896616], [-525.92755127, 156.175918579, 14.0821743011, 9.24284744263, 67.7660903931, -46.994178772, 45.8166618347, -21.868768692, 14.9578390121, -22.7415084839, 26.7980442047, -1.0080896616, 92.6342773438]], "mean": [-76.2749176025, 143.735183716, -97.3032531738, 5.15116548538, -58.6219558716, 4.61947154999, -41.6991996765, -7.13452911377, -20.2039089203, -4.20502758026, -17.5292396545, -5.02503252029, -12.0099897385], "icov": [[0.000157065544045, -0.000284908543108, 0.000309073308017, -0.000403068523156, 0.000275268597761, -0.000199816990062, 0.000354863150278, -0.000370319699869, 0.000387985055568, -0.000398070347728, 0.000416660797782, -0.000391135748941, 0.000514460843988], [-0.000284908543108, 0.00159253040329, -0.00021663440566, 0.00136379397009, -0.0011794535676, 0.000289679592242, -0.000713600718882, 0.00163614831399, -0.00105025770608, 0.00204501138069, -0.00156808900647, 0.00178550020792, -0.00151193863712], [0.000309073308017, -0.00021663440566, 0.0021022579167, -0.00066541635897, -0.0001304144389, -0.00130148371682, -7.13926783646e-06, -8.02256981842e-05, 0.000902411644347, 6.46013286314e-05, 0.000467439444037, -0.00131336133927, 0.00100716447923], [-0.000403068523156, 0.00136379397009, -0.00066541635897, 0.00351481884718, -0.000436408241512, 0.000183899173862, -0.00121431960724, 0.000586945971008, -0.00205105636269, 0.00177697930485, -0.000681483768858, 0.00104173994623, -0.00270960340276], [0.000275268597761, -0.0011794535676, -0.0001304144389, -0.000436408241512, 0.00459289504215, 0.00101709295996, -0.000867949507665, -0.00164747284725, -0.000970834982581, -0.000725228805095, 0.000425783655373, -2.62144894805e-05, 0.000666375504807], [-0.000199816990062, 0.000289679592242, -0.00130148371682, 0.000183899173862, 0.00101709295996, 0.00642174296081, -0.000588899827562, -0.000579428568017, -0.000203590127057, -0.0011210743105, 0.00112737854943, 0.000646074477118, 0.000663447659463], [0.000354863150278, -0.000713600718882, -7.13926783646e-06, -0.00121431960724, -0.000867949507665, -0.000588899827562, 0.00772739434615, -0.00117595272604, 0.000608245492913, -0.000494130537845, -0.000873348501045, 0.000771039165556, -0.000381797173759], [-0.000370319699869, 0.00163614831399, -8.02256981842e-05, 0.000586945971008, -0.00164747284725, -0.000579428568017, -0.00117595272604, 0.0110380258411, -0.00199597561732, 0.000407024694141, -0.00149638752919, -3.45297776221e-05, 4.61272065877e-05], [0.000387985055568, -0.00105025770608, 0.000902411644347, -0.00205105636269, -0.000970834982581, -0.000203590127057, 0.000608245492913, -0.00199597561732, 0.012195895426, -0.00287978723645, 0.00142951018643, -0.00168166263029, 0.000767677265685], [-0.000398070347728, 0.00204501138069, 6.46013286314e-05, 0.00177697930485, -0.000725228805095, -0.