{"tonal": {"hpcp": {"dvar": [0.0243295505643, 0.027621563524, 0.0228302236646, 0.0199685394764, 0.0220770128071, 0.0168625377119, 0.0167160388082, 0.0208662059158, 0.0177379790694, 0.0206512622535, 0.0239319242537, 0.0146118337288, 0.0114530986175, 0.012884311378, 0.016761995852, 0.020947765559, 0.0246192533523, 0.0190902035683, 0.0135792186484, 0.0153548335657, 0.0176902543753, 0.0255828965455, 0.027637662366, 0.0273116752505, 0.0419862940907, 0.0269981268793, 0.018523203209, 0.0164593588561, 0.0163041967899, 0.0192793365568, 0.0315653793514, 0.0318014547229, 0.021639784798, 0.014279237017, 0.0114632723853, 0.0164787117392], "var": [0.0705025717616, 0.0706827118993, 0.0539398007095, 0.117495708168, 0.0752086490393, 0.0191687960178, 0.0314733758569, 0.0456295646727, 0.0230989307165, 0.0804511681199, 0.0913839563727, 0.0185043737292, 0.0218633003533, 0.0252514537424, 0.0160558149219, 0.0562514960766, 0.100534722209, 0.0320093072951, 0.0164692290127, 0.0193363763392, 0.0157113559544, 0.0500493310392, 0.0662955269217, 0.0370750129223, 0.116047926247, 0.100867114961, 0.0195065923035, 0.019187072292, 0.022341273725, 0.0203906148672, 0.0983948558569, 0.112114526331, 0.0234210789204, 0.0102156708017, 0.00824995432049, 0.0170120056719], "median": [0.0321729183197, 0.0445854961872, 0.0360876098275, 0.0137065108865, 0.0112183857709, 0.0114943655208, 0.0116139184684, 0.0111460611224, 0.0167047996074, 0.0483401976526, 0.0604144483805, 0.0298703163862, 0.00480739679188, 0.00365449674428, 0.0092008728534, 0.0401124805212, 0.0526733398438, 0.024262227118, 0.00391720794141, 0.00271550333127, 0.00436405278742, 0.0155139248818, 0.0209256149828, 0.0344213061035, 0.0564037263393, 0.0611163638532, 0.0197146646678, 0.00322786625475, 0.00339529640041, 0.0154530759901, 0.0751385837793, 0.095620661974, 0.036666803062, 0.00356748630293, 0.00270307715982, 0.00647900626063], "max": [1, 1, 1, 1, 1, 1, 1, 1, 1, 1, 1, 1, 1, 1, 1, 1, 1, 1, 1, 1, 1, 1, 1, 1, 1, 1, 1, 1, 1, 1, 1, 1, 1, 1, 1, 1], "dmean": [0.0738350450993, 0.0875599384308, 0.0794936418533, 0.0574894659221, 0.0655488297343, 0.0537786893547, 0.053786624223, 0.0586671568453, 0.0609362125397, 0.0741122066975, 0.0821179524064, 0.0570740774274, 0.0359590612352, 0.0383642651141, 0.0488124676049, 0.0769067034125, 0.0810292139649, 0.065118290484, 0.0371200479567, 0.036032717675, 0.0474763028324, 0.0687266513705, 0.0730853229761, 0.0888771936297, 0.108206495643, 0.0924365594983, 0.0589109882712, 0.0413413569331, 0.0421830005944, 0.0651110783219, 0.0991356223822, 0.106401436031, 0.0753489434719, 0.038474727422, 0.034359253943, 0.050771124661], "dmean2": [0.123561710119, 0.144645258784, 0.136207327247, 0.0985385626554, 0.114453665912, 0.0954900756478, 0.0917352512479, 0.0999274551868, 0.104983828962, 0.122051052749, 0.135259971023, 0.0969685986638, 0.0616380311549, 0.0655952692032, 0.0857952535152, 0.126159340143, 0.132167473435, 0.11172734946, 0.0662353634834, 0.0655674487352, 0.08476357162, 0.114814117551, 0.12185446918, 0.157153040171, 0.185917571187, 0.155367657542, 0.104208990932, 0.073193885386, 0.0742300152779, 0.11321169138, 0.165829271078, 0.175087943673, 0.129851877689, 0.0699512809515, 0.0628530681133, 0.091132633388], "mean": [0.153799578547, 0.172750771046, 0.148726284504, 0.19927944243, 0.155994296074, 0.0668606087565, 0.0801202356815, 0.0966092646122, 0.0804356485605, 0.182515531778, 0.208017528057, 0.0842083618045, 0.0483831949532, 0.0523731596768, 0.0502746924758, 0.156445339322, 0.213574290276, 0.104938648641, 0.0405104681849, 0.0386768206954, 0.0441321991384, 0.106382854283, 0.129453733563, 0.126924872398, 0.246113330126, 0.229786112905, 0.076833806932, 0.0429120548069, 0.0473426766694, 0.0734215453267, 0.232344686985, 0.262831658125, 0.0989222973585, 0.0310535654426, 0.0280427113175, 0.0550513081253], "dvar2": [0.05964429304, 0.0672677159309, 0.0621114037931, 0.0500807352364, 0.0598231516778, 0.047977514565, 0.0444506853819, 0.0550412125885, 0.0498014427722, 0.0513721257448, 0.0564982108772, 0.0402729548514, 0.0303419306874, 0.0337440147996, 0.0465082861483, 0.0532280057669, 0.0589077435434, 0.0534922555089, 0.0373165383935, 0.0426233261824, 0.0492858104408, 0.0635417401791, 0.0682318508625, 0.0777259469032, 0.111569613218, 0.0664465501904, 0.0525637604296, 0.0446456223726, 0.0436220504344, 0.0531708300114, 0.0829553678632, 0.0794564783573, 0.059849396348, 0.039948284626, 0.0317899510264, 0.0466674044728], "min": [0, 0, 0, 0, 0, 0, 0, 0, 0, 0, 0, 0, 0, 0, 0, 0, 0, 0, 0, 0, 0, 0, 0, 0, 0, 0, 0, 0, 0, 0, 0, 0, 0, 0, 0, 0]}, "key_key": "F", "thpcp": [1, 0.376371324062, 0.118150018156, 0.106694571674, 0.209454625845, 0.585163831711, 0.65726774931, 0.565861403942, 0.75820183754, 0.593514084816, 0.25438567996, 0.30483481288, 0.367570877075, 0.306034862995, 0.694419920444, 0.791447758675, 0.320388972759, 0.184084355831, 0.199265033007, 0.191280961037, 0.595230221748, 0.812589645386, 0.399261832237, 0.154130861163, 0.147154346108, 0.167910516262, 0.404756635427, 0.492534786463, 0.482913196087, 0.936391472816, 0.874271035194, 0.292330861092, 0.163268208504, 0.18012547493, 0.279348194599, 0.884005725384], "chords_key": "F", "tuning_equal_tempered_deviation": 0.230345532298, "tuning_frequency": 434.193115234, "tuning_diatonic_strength": 0.567218482494, "chords_histogram": [20.2935771942, 8.91743087769, 9.90825653076, 3.44954133034, 14.9541282654, 1.57798171043, 2.1284403801, 1.8715596199, 0.899082541466, 0.33027523756, 0.385321110487, 0, 0, 0, 0.0550458729267, 4.49541282654, 0, 2.25688076019, 0, 3.65137624741, 0.146788984537, 5.00917434692, 10.6055049896, 9.06422042847], "key_strength": 0.720433235168, "key_scale": "major", "chords_strength": {"dvar": 4.51034138678e-05, "var": 0.00689776008949, "median": 0.480641543865, "max": 0.752906501293, "dmean": 0.00753201777115, "dmean2": 0.00626570545137, "mean": 0.482885420322, "dvar2": 3.87833970308e-05, "min": 0.211917474866}, "chords_number_rate": 0.00256880745292, "tuning_nontempered_energy_ratio": 0.958720982075, "hpcp_entropy": {"dvar": 0.180909529328, "var": 0.426964998245, "median": 1.80479264259, "max": 3.97126579285, "dmean": 0.453291594982, "dmean2": 0.757837891579, "mean": 1.80889034271, "dvar2": 0.46838593483, "min": 0}, "chords_changes_rate": 0.0484403669834, "chords_scale": "major"}, "rhythm": {"bpm_histogram_first_peak_spread": {"dvar": 0, "var": 0, "median": 0.351694911718, "max": 0.351694911718, "dmean": 0, "dmean2": 0, "mean": 0.351694911718, "dvar2": 0, "min": 0.351694911718}, "bpm_histogram_first_peak_weight": {"dvar": 0, "var": 0, "median": 0.466463387012, "max": 0.466463387012, "dmean": 0, "dmean2": 0, "mean": 0.466463387012, "dvar2": 0, "min": 0.466463387012}, "bpm_histogram_first_peak_bpm": {"dvar": 0, "var": 0, "median": 161, "max": 161, "dmean": 0, "dmean2": 0, "mean": 161, "dvar2": 0, "min": 161}, "bpm": 161.978775024, "bpm_histogram_second_peak_weight": {"dvar": 0, "var": 0, "median": 0.0472560971975, "max": 0.0472560971975, "dmean": 0, "dmean2": 0, "mean": 0.0472560971975, "dvar2": 0, "min": 0.0472560971975}, "beats_loudness": {"dvar": 0.000196730266907, "var": 0.000396611751057, "median": 0.0196537654847, "max": 0.104114480317, "dmean": 0.0123213790357, "dmean2": 0.021181691438, "mean": 0.0234374944121, "dvar2": 0.000578703999054, "min": 9.19396029531e-07}, "beats_loudness_band_ratio": {"dvar": [0.0259024314582, 0.0166609082371, 0.0232645925134, 0.0127329481766, 0.00257404940203, 0.00483752554283], "var": [0.0700124427676, 0.0304101575166, 0.0378359481692, 0.0139649407938, 0.00400329614058, 0.00375642906874], "median": [0.410112291574, 0.15291801095, 0.183724835515, 0.0597256757319, 0.0260815322399, 0.0186976436526], "max": [0.994311034679, 0.848162770271, 0.920300066471, 0.777122795582, 0.567594230175, 0.612240970135], "dmean": [0.182096764445, 0.133664116263, 0.152687996626, 0.0802309587598, 0.0367240048945, 0.0417105183005], "dmean2": [0.309108644724, 0.233124285936, 0.266870945692, 0.140057489276, 0.0618921592832, 0.0762263834476], "mean": [0.428068488836, 0.207920625806, 0.241849094629, 0.0981503352523, 0.0473764203489, 0.0386126711965], "dvar2": [0.0688270255923, 0.0474288128316, 0.0666078701615, 0.0337424315512, 0.00643363315612, 0.0137586258352], "min": [0.00204177666456, 0.00383558054455, 0.00172241521068, 0.000309313560138, 4.67215322715e-05, 1.86004381248e-05]}, "bpm_histogram_second_peak_bpm": {"dvar": 0, "var": 0, "median": 167, "max": 167, "dmean": 0, "dmean2": 0, "mean": 167, "dvar2": 0, "min": 167}, "onset_rate": 2.56876945496, "beats_count": 657, "beats_position": [0.383129239082, 0.777868449688, 1.17260766029, 1.5673469305, 1.9620860815, 2.35682535172, 2.73995471001, 3.12308382988, 3.50621318817, 3.88934230804, 4.28408145905, 4.67882061005, 5.07355976105, 5.45668935776, 5.83981847763, 6.23455762863, 6.62929677963, 7.02403593063, 7.4303855896, 7.84834432602, 8.26630401611, 8.68426322937, 9.07900238037, 9.46213150024, 9.84526062012, 10.2399997711, 10.6115188599, 10.9946479797, 11.3661680222, 11.749297142, 12.1092061996, 12.4691152573, 12.840634346, 13.2237634659, 13.6068935394, 14.0016326904, 14.3963718414, 14.8839902878, 15.3599996567, 15.8476190567, 16.3236274719, 16.8112468719, 17.298866272, 17.7748756409, 18.2508831024, 18.7268924713, 19.2029018402, 19.7021312714, 20.2013607025, 20.7005901337, 21.0837192535, 21.4668483734, 21.8499774933, 22.2331066132, 22.616235733, 22.9993648529, 23.3708839417, 23.7540130615, 24.1255321503, 24.4854412079, 24.8569602966, 25.2284793854, 25.6116104126, 25.9831295013, 26.3546485901, 26.7261676788, 27.0860767365, 27.4692058563, 27.8523349762, 28.2702941895, 28.711473465, 29.1526527405, 29.5822219849, 30.0582313538, 30.5342407227, 31.0102481842, 31.567527771, 32.1248054504, 32.6820869446, 33.1929244995, 33.7037620544, 34.2146034241, 34.7370529175, 35.2478904724, 35.7587280273, 36.269569397, 36.7920188904, 37.244808197, 37.6975975037, 38.1619949341, 38.6263923645, 39.0443534851, 39.4390907288, 39.8222198486, 40.216960907, 40.6116981506, 41.006439209, 41.4011802673, 41.7378692627, 42.0745582581, 42.3996353149, 42.7247161865, 43.0497932434, 43.374874115, 43.6999549866, 44.0250320435, 44.350112915, 44.7216300964, 45.0931510925, 45.4646720886, 45.83618927, 46.2077102661, 46.5792274475, 46.9507484436, 47.3106575012, 47.6937866211, 48.0653038025, 48.4484329224, 48.8315620422, 49.2030830383, 49.5746040344, 49.9461212158, 50.3176422119, 50.6891593933, 51.0722885132, 51.4554176331, 51.8385467529, 52.2797279358, 52.720905304, 53.1620864868, 53.6148757935, 54.0560531616, 54.5088424683, 54.9500198364, 55.3912010193, 55.8323783875, 56.2851676941, 56.6566886902, 57.0282058716, 57.4113349915, 57.7828559875, 58.1543769836, 58.5375061035, 58.9090232849, 59.280544281, 59.6520614624, 60.0235824585, 60.3950996399, 60.766620636, 61.1497497559, 61.5328788757, 61.9160079956, 62.2991371155, 62.6706581116, 63.0537872314, 63.4369163513, 63.8084335327, 64.1799545288, 64.5514755249, 64.9229888916, 65.2945098877, 65.6776428223, 66.0607681274, 66.4322891235, 66.7921981812, 67.1637191772, 67.5352401733, 67.90675354, 68.2898864746, 68.6614074707, 69.0329208374, 69.4044418335, 69.7759628296, 70.1474838257, 70.5306091309, 70.9137420654, 71.2968673706, 71.6800003052, 72.0515213013, 72.423034668, 72.7945556641, 73.1660766602, 73.5375976563, 73.9091110229, 74.280632019, 74.6521530151, 75.0352783203, 75.4067993164, 75.7783203125, 76.1498413086, 76.5213623047, 76.8928756714, 77.276008606, 77.6475296021, 78.0306549072, 78.4137878418, 78.7736968994, 79.1452102661, 79.5283432007, 79.8998641968, 80.2713851929, 80.654510498, 81.0260314941, 81.4091567993, 81.7806777954, 82.1521987915, 82.5237197876, 82.8952331543, 83.2667541504, 83.6382751465, 84.0214080811, 84.4045333862, 84.7760543823, 85.1475753784, 85.5307006836, 85.9138336182, 86.2737426758, 86.6452560425, 87.0283889771, 87.3999099731, 87.7598190308, 88.1197280884, 88.4912490845, 88.8627624512, 89.2575073242, 89.6406326294, 90.0121536255, 90.3836746216, 90.7551879883, 91.1383209229, 91.5098419189, 91.8813552856, 92.2644882202, 92.6476211548, 93.0191345215, 93.3906555176, 93.7621765137, 94.1336975098, 94.5052108765, 94.8767318726, 95.2598648071, 95.6429901123, 96.0145111084, 96.3860321045, 96.7575454712, 97.1290664673, 97.5005874634, 97.8721084595, 98.2436294556, 98.6267547607, 99.0098876953, 99.381401062, 99.7529220581, 100.136054993, 100.519180298, 100.913917542, 101.331878662, 101.761451721, 102.191017151, 102.608978271, 103.015327454, 103.433288574, 103.851242065, 104.234375, 104.629112244, 105.00063324, 105.372154236, 105.743675232, 106.115188599, 106.498321533, 106.869842529, 107.229751587, 107.612876892, 107.996009827, 108.367523193, 108.739044189, 109.110565186, 109.493690491, 109.865211487, 110.236732483, 110.619865417, 110.991378784, 111.36289978, 111.734420776, 112.105941772, 112.477455139, 112.848976135, 113.220497131, 113.603622437, 113.986755371, 114.358276367, 114.729797363, 115.10131073, 115.472831726, 115.844352722, 116.215873718, 116.598999023, 116.982131958, 117.353645325, 117.725166321, 118.108299255, 118.479812622, 118.862945557, 119.234466553, 119.605987549, 119.977500916, 120.349021912, 120.720542908, 121.092063904, 121.463577271, 121.835098267, 122.206619263, 122.589744568, 122.972877502, 123.344398499, 123.727523804, 124.110656738, 124.482177734, 124.853691101, 125.225212097, 125.608345032, 125.979858398, 126.339767456, 126.711288452, 127.082809448, 127.454330444, 127.82585144, 128.197372437, 128.580490112, 128.963623047, 129.335144043, 129.706665039, 130.089797974, 130.472915649, 130.856048584, 131.239181519, 131.622314453, 131.993835449, 132.353744507, 132.725265503, 133.09677124, 133.468292236, 133.839813232, 134.211334229, 134.582855225, 134.977600098, 135.349105835, 135.720626831, 136.092147827, 136.463668823, 136.846801758, 137.229934692, 137.601455688, 137.972961426, 138.344482422, 138.727615356, 139.099136353, 139.470657349, 139.842178345, 140.202087402, 140.573608398, 140.945129395, 141.316635132, 141.699768066, 142.082901001, 142.454421997, 142.825942993, 143.197463989, 143.568969727, 143.952102661, 144.323623657, 144.695144653, 145.078277588, 145.449798584, 145.82131958, 146.204437256, 146.58757019, 146.959091187, 147.330612183, 147.702133179, 148.073654175, 148.445159912, 148.816680908, 149.199813843, 149.582946777, 149.966079712, 150.349197388, 150.720718384, 151.080627441, 151.452148438, 151.823669434, 152.206802368, 152.589935303, 152.94984436, 153.321365356, 153.692871094, 154.06439209, 154.435913086, 154.819046021, 155.202178955, 155.573699951, 155.945205688, 156.316726685, 156.688247681, 157.059768677, 157.431289673, 157.802810669, 158.185943604, 158.569061279, 158.940582275, 159.312103271, 159.683624268, 160.055145264, 160.438278198, 160.821395874, 161.19291687, 161.564437866, 161.935958862, 162.307479858, 162.690612793, 163.073745728, 163.445251465, 163.816772461, 164.176681519, 164.559814453, 164.931335449, 165.314468384, 165.68598938, 166.069107056, 166.440628052, 166.812149048, 167.183670044, 167.55519104, 167.926712036, 168.309844971, 168.681350708, 169.052871704, 169.436004639, 169.807525635, 170.179046631, 170.562179565, 170.922088623, 171.293609619, 171.665115356, 172.036636353, 172.408157349, 172.779678345, 173.162811279, 173.545944214, 173.917449951, 174.277359009, 174.648880005, 175.032012939, 175.403533936, 175.78666687, 176.169799805, 176.541305542, 176.924438477, 177.307571411, 177.679092407, 178.050613403, 178.422134399, 178.793640137, 179.165161133, 179.548294067, 179.931427002, 180.302947998, 180.674468994, 181.04598999, 181.417495728, 181.789016724, 182.16053772, 182.532058716, 182.91519165, 183.298324585, 183.658233643, 184.0181427, 184.401260376, 184.772781372, 185.155914307, 185.527435303, 185.898956299, 186.270477295, 186.641998291, 187.013504028, 187.396636963, 187.779769897, 188.151290894, 188.52281189, 188.894332886, 189.265853882, 189.637359619, 190.008880615, 190.39201355, 190.775146484, 191.14666748, 191.541397095, 191.912918091, 192.284439087, 192.655960083, 193.027481079, 193.399002075, 193.770523071, 194.142044067, 194.513549805, 194.896682739, 195.268203735, 195.628112793, 195.999633789, 196.371154785, 196.75428772, 197.137405396, 197.52053833, 197.903671265, 198.275192261, 198.646713257, 199.006622314, 199.378143311, 199.749649048, 200.121170044, 200.504302979, 200.887435913, 201.270568848, 201.642089844, 202.013595581, 202.396728516, 202.768249512, 203.151382446, 203.522903442, 203.894424438, 204.265930176, 204.637451172, 205.008972168, 205.380493164, 205.75201416, 206.123535156, 206.506668091, 206.889785767, 207.261306763, 207.62121582, 207.992736816, 208.364257813, 208.735778809, 209.118911743, 209.502029419, 209.885162354, 210.25668335, 210.628204346, 210.999725342, 211.371246338, 211.754379272, 212.137496948, 212.509017944, 212.88053894, 213.252059937, 213.623580933, 213.995101929, 214.366622925, 214.738143921, 215.109649658, 215.492782593, 215.875915527, 216.247436523, 216.61895752, 216.990478516, 217.361984253, 217.745117188, 218.105026245, 218.48815918, 218.871292114, 219.24281311, 219.614334106, 219.985839844, 220.368972778, 220.740493774, 221.112014771, 221.495147705, 221.878265381, 222.261398315, 222.64453125, 223.097320557, 223.550109863, 224.00289917, 224.51373291, 225.024581909, 225.535415649, 226.023040771, 226.510650635, 226.998275757, 227.48588562, 227.973510742, 228.472732544, 228.879089355, 229.297042847, 229.715011597, 230.132965088, 230.527709961, 230.922439575, 231.30557251, 231.700317383, 232.141494751, 232.582672119, 233.023849487, 233.465026855, 233.894592285, 234.312561035, 234.742126465, 235.183303833, 235.63609314, 236.088882446, 236.425567627, 236.762268066, 237.098953247, 237.447250366, 237.783935547, 238.132247925, 238.480545044, 238.805618286, 239.142303467, 239.479003906, 239.815689087, 240.152374268, 240.489059448, 240.814147949, 241.139221191, 241.475906372, 241.812606812, 242.149291992, 242.50920105, 242.857498169, 243.205795288, 243.565704346, 243.925613403, 244.285522461, 244.645431519, 245.005340576, 245.342041016, 245.678726196, 246.015411377, 246.352111816, 246.688796997, 247.025482178, 247.362167358, 247.698867798, 248.035552979, 248.372238159, 248.70892334, 249.045623779, 249.38230896, 249.753829956, 250.125350952, 250.496871948, 250.868392944, 251.239898682, 251.623031616, 251.994552612, 252.377685547], "danceability": 0.894772648811, "bpm_histogram_second_peak_spread": {"dvar": 0, "var": 0, "median": 0, "max": 0, "dmean": 0, "dmean2": 0, "mean": 0, "dvar2": 0, "min": 0}}, "lowlevel": {"spectral_flux": {"dvar": 0.000390143337427, "var": 0.00179598352406, "median": 0.0370710641146, "max": 0.354180604219, "dmean": 0.0133977485821, "dmean2": 0.0209373384714, "mean": 0.0485341064632, "dvar2": 0.000844725349452, "min": 6.73474540025e-11}, "spectral_rolloff": {"dvar": 1031123.9375, "var": 2406837, "median": 645.99609375, "max": 19056.8847656, "dmean": 314.753295898, "dmean2": 530.09161377, "mean": 1047.94555664, "dvar2": 2227969.5, "min": 64.599609375}, "barkbands_flatness_db": {"dvar": 0.000376177951694, "var": 0.00584171433002, "median": 0.167878627777, "max": 0.451337248087, "dmean": 0.0163491256535, "dmean2": 0.0237280353904, "mean": 0.179483488202, "dvar2": 0.000724930083379, "min": 0.0259402859956}, "spectral_centroid": {"dvar": 73677.96875, "var": 351921.21875, "median": 797.24230957, "max": 11120.859375, "dmean": 149.355133057, "dmean2": 225.937103271, "mean": 937.321044922, "dvar2": 139465.609375, "min": 142.461044312}, "melbands_skewness": {"dvar": 0.38690829277, "var": 2.84167170525, "median": 2.27854847908, "max": 12.3013896942, "dmean": 0.494749128819, "dmean2": 0.764308571815, "mean": 2.55803442001, "dvar2": 0.947139263153, "min": -4.11996841431}, "melbands": {"dvar": [9.55027985583e-07, 1.51208314492e-06, 1.45945151075e-07, 1.06381840226e-07, 6.82127492269e-08, 1.9637366222e-07, 1.71334860966e-07, 1.86710096273e-07, 1.85730328894e-07, 9.47143092844e-08, 3.97557471388e-08, 3.36977024062e-08, 4.40364438248e-08, 3.87142122804e-08, 1.25098491566e-08, 8.59359783334e-09, 5.615535148e-09, 2.39672170999e-09, 2.47550047128e-09, 1.5167461731e-09, 8.93930651724e-10, 5.08887321171e-10, 1.92461074855e-10, 3.77884668001e-10, 1.8586195083e-10, 1.46671119694e-10, 7.0971384325e-10, 1.06615417883e-10, 1.39623911391e-11, 9.54593262076e-12, 2.06163905392e-11, 1.28415229839e-11, 6.86212978801e-12, 7.97956839493e-12, 1.68144300566e-11, 1.41959308891e-11, 6.86530606669e-12, 5.1290256764e-12, 2.74446004117e-12, 1.94431320003e-12], "var": [2.96129201161e-06, 1.47199853018e-06, 2.69907786787e-07, 2.6941469855e-07, 1.79806150413e-07, 7.16822057711e-07, 6.48414356874e-07, 7.27106794329e-07, 7.06994910615e-07, 3.20298340739e-07, 1.58343112844e-07, 1.02397677892e-07, 9.85622676808e-08, 1.47266945305e-07, 7.17385688631e-08, 3.62719276836e-08, 2.01596535021e-08, 4.94424412523e-09, 1.14201306189e-08, 6.34166541502e-09, 3.0030362641e-09, 1.88631932296e-09, 6.70961453064e-10, 5.18003195893e-10, 3.22334603453e-10, 2.86723977894e-10, 1.36420719166e-09, 1.71001615645e-10, 1.98174913979e-11, 1.99810272494e-11, 3.57582193022e-11, 2.22273761896e-11, 1.84235352668e-11, 2.08026929016e-11, 4.2698074243e-11, 3.84684749333e-11, 1.70661176163e-11, 1.34166653482e-11, 6.20313045721e-12, 4.17696129421e-12], "median": [0.00133440387435, 0.000844379304908, 0.000169617895153, 0.000145324404002, 9.38316516113e-05, 0.000119577729492, 9.72424895735e-05, 7.21861724742e-05, 4.51846426586e-05, 2.93736738968e-05, 2.3993630748e-05, 1.52798565978e-05, 1.24729922391e-05, 1.02204567156e-05, 7.28871782485e-06, 5.52456276637e-06, 4.77251114717e-06, 3.7328372855e-06, 2.81850634565e-06, 3.34124206347e-06, 2.73633804682e-06, 2.43797103394e-06, 1.71786609826e-06, 9.98839368549e-07, 6.68200925702e-07, 5.48734021777e-07, 5.61020442547e-07, 3.16234775255e-07, 2.0621168062e-07, 2.33481614487e-07, 2.10521761801e-07, 2.07727055113e-07, 1.49745829958e-07, 1.59262526722e-07, 1.3091245421e-07, 9.30531882659e-08, 8.06103130913e-08, 6.77883136291e-08, 5.99122529366e-08, 4.71941703495e-08], "max": [0.0173582360148, 0.0234428998083, 0.00933826062828, 0.00972376111895, 0.0082976417616, 0.0181763265282, 0.0123563464731, 0.0117755495012, 0.0180524718016, 0.01054955367, 0.00689973402768, 0.00687069864944, 0.0104925949126, 0.00818065460771, 0.00556874927133, 0.00424463860691, 0.00475391140208, 0.00277323881164, 0.00279128691182, 0.00179806712549, 0.000927016371861, 0.000780815957114, 0.000449067592854, 0.00138918124139, 0.00064052559901, 0.000597602222115, 0.00207506935112, 0.000692731759045, 0.000113212459837, 6.21828367002e-05, 0.000150376596139, 8.27804833534e-05, 0.000117241906992, 8.71775409905e-05, 0.000179394308361, 0.000256289436948, 0.00011931759218, 8.0129771959e-05, 4.60007395304e-05, 3.88580556319e-05], "dmean": [0.000393975351471, 0.000355790107278, 0.000180804068805, 0.000163652701303, 0.000105130224256, 0.00015873418306, 0.000143870973261, 0.000146761449287, 0.00012351226178, 8.08619661257e-05, 5.73414799874e-05, 4.60640476376e-05, 4.18592280766e-05, 3.63965300494e-05, 2.57167921518e-05, 2.26599076996e-05, 1.8390133846e-05, 1.11760809887e-05, 1.06913012132e-05, 1.06686738945e-05, 8.70991516422e-06, 6.74973625792e-06, 4.94641972182e-06, 3.56836699211e-06, 3.23054700857e-06, 2.74062176686e-06, 3.06084439217e-06, 1.865689228e-06, 9.50219600782e-07, 9.95042341856e-07, 1.15050988825e-06, 1.00323404695e-06, 7.40330619919e-07, 8.51387369494e-07, 1.05127389816e-06, 8.63134346218e-07, 6.52912319765e-07, 6.0441379901e-07, 4.97057783377e-07, 4.17371694539e-07], "dmean2": [0.000652913819067, 0.000616019533481, 0.000307607173454, 0.000268542848062, 0.000166352838278, 0.000247749994742, 0.000216195025132, 0.000213093779166, 0.000176726447535, 0.000120122924272, 8.30730859889e-05, 6.82052050252e-05, 6.41357910354e-05, 5.72160497541e-05, 3.8421851059e-05, 3.3914042433e-05, 2.77640774584e-05, 1.74672040885e-05, 1.62772321346e-05, 1.66422687471e-05, 1.35456912176e-05, 1.06813940874e-05, 7.89425394032e-06, 5.8230916693e-06, 5.11473490405e-06, 4.18840636485e-06, 4.96310531162e-06, 3.09354254568e-06, 1.53820201376e-06, 1.56238684212e-06, 1.84818850357e-06, 1.59676983458e-06, 1.13927433176e-06, 1.28542194489e-06, 1.55760437792e-06, 1.25374583604e-06, 9.70946643974e-07, 9.0211119641e-07, 7.4902891356e-07, 6.35709000107e-07], "mean": [0.00169778475538, 0.000977357616648, 0.000340628233971, 0.000331183109665, 0.000232509686612, 0.000360379985068, 0.000354310846888, 0.000336132827215, 0.00028181829839, 0.000182595060323, 0.00013622341794, 9.41857651924e-05, 8.12047874206e-05, 8.16183965071e-05, 6.22470397502e-05, 4.79574373458e-05, 3.60406847904e-05, 2.12677132367e-05, 2.42244204856e-05, 2.37081439991e-05, 1.93691230379e-05, 1.54212521011e-05, 1.05501421785e-05, 6.32407090961e-06, 5.46019009562e-06, 4.61101808469e-06, 4.58348267784e-06, 2.72369334198e-06, 1.52432915002e-06, 1.79312291948e-06, 2.04534649129e-06, 1.78571178822e-06, 1.40052657116e-06, 1.62310755059e-06, 1.93613755073e-06, 1.50052596837e-06, 1.1648266991e-06, 1.07386892978e-06, 8.37515358398e-07, 6.84881172219e-07], "dvar2": [2.73468026535e-06, 4.44917804998e-06, 4.01991968602e-07, 2.73061658618e-07, 1.64920081147e-07, 4.26837289069e-07, 3.52979299123e-07, 3.74952207949e-07, 3.96146731418e-07, 2.1249978488e-07, 8.12724607613e-08, 6.46413695904e-08, 1.05301026565e-07, 1.03431915477e-07, 2.75893494717e-08, 1.7555123577e-08, 1.10979403445e-08, 5.8673452763e-09, 5.19041032376e-09, 3.53936435715e-09, 2.10641970533e-09, 1.22645915646e-09, 4.65304794695e-10, 9.29042009989e-10, 4.32191810118e-10, 3.12065401298e-10, 1.65859515011e-09, 2.7018251525e-10, 3.63988422736e-11, 2.39043108224e-11, 5.56024636056e-11, 3.31873556414e-11, 1.62005513171e-11, 1.78526048111e-11, 3.5120469033e-11, 2.56272295052e-11, 1.51727484743e-11, 1.09750758828e-11, 6.02879551836e-12, 4.30861206088e-12], "min": [6.14627484781e-24, 2.18895253905e-24, 2.66021173294e-24, 7.69637627138e-24, 8.48116823205e-24, 8.06273510868e-24, 1.01340314103e-23, 3.20422875142e-24, 7.12723048321e-24, 4.48275021443e-24, 8.29567705652e-24, 5.49398903668e-24, 4.54269969893e-24, 1.11586142092e-23, 4.63990787283e-24, 7.05530372359e-24, 9.14403464008e-24, 7.37619656261e-24, 1.00422829427e-23, 6.68311362648e-24, 6.71041136924e-24, 1.22477865724e-23, 1.29569449161e-23, 6.78876497865e-24, 5.84969272974e-24, 9.78133091072e-24, 9.13275314027e-24, 1.04259675321e-23, 6.48758537922e-24, 6.56246839508e-24, 6.71929078759e-24, 7.01349803992e-24, 6.69313137111e-24, 8.55811845791e-24, 8.70498542581e-24, 6.66478996537e-24, 5.90289863678e-24, 7.60358571854e-24, 1.09846995674e-23, 8.80496486807e-24]}, "spectral_decrease": {"dvar": 3.2649222028e-18, "var": 2.11265121363e-17, "median": -4.14909218094e-09, "max": 8.35352009938e-21, "dmean": 9.88849890859e-10, "dmean2": 1.53026991079e-09, "mean": -4.9600701324e-09, "dvar2": 8.18231924532e-18, "min": -3.28117941706e-08}, "barkbands_kurtosis": {"dvar": 38.6393165588, "var": 407.105560303, "median": 3.59200525284, "max": 468.296813965, "dmean": 2.87751936913, "dmean2": 4.52703094482, "mean": 8.4992017746, "dvar2": 94.0462646484, "min": -1.89505934715}, "silence_rate_30dB": {"dvar": 0.000733575900085, "var": 0.00100830639713, "median": 1, "max": 1, "dmean": 0.000734147033654, "dmean2": 0.00146842875984, "mean": 0.998990654945, "dvar2": 0.00146614259575, "min": 0}, "gfcc": {"mean": [-69.6879959106, 117.987854004, -97.5153961182, 13.3814687729, -50.6666412354, 10.7579870224, -32.9211120605, 11.125535965, -13.9753780365, 5.57583189011, -12.5850429535, 6.05783510208, -11.2824106216], "cov": [[16586.4140625, -4328.70019531, -909.16809082, 1451.71386719, -1182.01464844, 1367.20751953, -681.847290039, 1156.08276367, -346.572723389, 625.924072266, -279.336212158, 485.611236572, -117.711357117], [-4328.70019531, 2544.47314453, -258.634796143, -440.588226318, 616.173156738, -481.478302002, 346.248352051, -409.132293701, 346.40246582, -269.994506836, 209.914978027, -198.507003784, 183.931121826], [-909.16809082, -258.634796143, 1008.0524292, 17.1973571777, 63.1018676758, 122.790687561, -4.17233943939, 116.75566864, -78.8379516602, 109.869895935, -29.7405414581, 68.2603607178, -38.635055542], [1451.71386719, -440.588226318, 17.1973571777, 666.635986328, 17.8560314178, 167.652145386, -4.30028152466, 129.827316284, 31.44272995, 52.533706665, 48.0977287292, 35.0727348328, 74.3980712891], [-1182.01464844, 616.173156738, 63.1018676758, 17.8560314178, 530.191955566, -62.0366783142, 98.3980484009, -39.7176818848, 121.446525574, -9.39029407501, 61.6688194275, -15.835231781, 98.3868255615], [1367.20751953, -481.478302002, 122.790687561, 167.652145386, -62.0366783142, 361.718811035, 17.0093746185, 162.445678711, -35.5917243958, 88.8712005615, -0.72355389595, 74.5322265625, 12.6641330719], [-681.847290039, 346.248352051, -4.17233943939, -4.30028152466, 98.3980484009, 17.0093746185, 277.950592041, -4.37692594528, 70.8403091431, -23.7965316772, 67.2475509644, -12.4327335358, 48.8780860901], [1156.08276367, -409.132293701, 116.75566864, 129.827316284, -39.7176818848, 162.445678711, -4.37692594528, 246.453567505, 0.0317102149129, 81.1671905518, -2.97313022614, 58.9022903442, 6.89136123657], [-346.572723389, 346.40246582, -78.8379516602, 31.44272995, 121.446525574, -35.5917243958, 70.8403091431, 0.0317102149129, 207.191818237, -1.02377152443, 67.0094070435, -18.4335632324, 55.127986908], [625.924072266, -269.994506836, 109.869895935, 52.533706665, -9.39029407501, 88.8712005615, -23.7965316772, 81.1671905518, -1.02377152443, 138.028518677, 5.21725606918, 34.1654090881, -12.5789766312], [-279.336212158, 209.914978027, -29.7405414581, 48.0977287292, 61.6688194275, -0.72355389595, 67.2475509644, -2.97313022614, 67.0094070435, 5.21725606918, 139.594223022, 4.10328054428, 31.658788681], [485.611236572, -198.507003784, 68.2603607178, 35.0727348328, -15.835231781, 74.5322265625, -12.4327335358, 58.9022903442, -18.4335632324, 34.1654090881, 4.10328054428, 102.872383118, 17.2106437683], [-117.711357117, 183.931121826, -38.635055542, 74.3980712891, 98.3868255615, 12.6641330719, 48.8780860901, 6.89136123657, 55.127986908, -12.5789766312, 31.658788681, 17.2106437683, 129.010177612]], "icov": [[0.000341491366271, -0.000125184000353, 0.000638885307126, -0.00050839886535, 0.000385223072954, -0.000603575143032, 0.000500793685205, -0.000905089487787, 0.000230047022342, -0.0008681974723, 0.00061005668249, -0.000785629439633, 0.000370798021322], [-0.000125184000353, 0.00218484527431, -0.000429150357377, 0.00132337526884, -0.00135801522993, 0.000907527399249, -0.00110785500146, 0.00170201028232, -0.00164036988281, 0.00221572257578, -0.00186911178753, 0.0020008047577, -0.00173671974335], [0.000638885307126, -0.000429150357377, 0.00243998528458, -0.00101391016506, 0.0004353391123, -0.00125304656103, 0.000842481211293, -0.00212594494224, 0.00108715286478, -0.00247418438084, 0.00147895375267, -0.00208417605609, 0.00130487279966], [-0.00050839886535, 0.00132337526884, -0.00101391016506, 0.00331129902042, -0.00120643677656, 0.000577147991862, -0.000813297694549, 0.00142556999344, -0.00118173775263, 0.00223720655777, -0.00243313540705, 0.00253731152043, -0.00248673604801], [0.000385223072954, -0.00135801522993, 0.0004353391123, -0.00120643677656, 0.00376370945014, -0.000688580039423, 0.000714894384146, -0.00138987752143, 0.000180085378815, -0.00235025258735, 0.00140275084414, -0.00154396926519, -0.000329970673192], [-0.000603575143032, 0.000907527399249, -0.00125304656103, 0.000577147991862, -0.000688580039423, 0.0061131506227, -0.00206389534287, 0.000149650382809, -4.65559714939e-05, 0.000671414018143, -0.00138329935726, 0.00043757588719, -0.00148723262828], [0.000500793685205, -0.00110785500146, 0.000842481211293, -0.000813297694549, 0.000714894384146, -0.00206389534287, 0.00585423968732, -0.00204822956584, 0.000250297482125, -0.000929264933802, -0.000183780110092, -0.000984821934253, 0.000285462825559], [-0.000905089487787, 0.00170201028232, -0.00212594494224, 0.00142556999344, -0.00138987752143, 0.000149650382809, -0.00204822956584, 0.0101848291233, -0.00257247802801, 0.00155943899881, -0.00193083263002, 0.00149734353181, -0.00190854491666], [0.000230047022342, -0.00164036988281, 0.00108715286478, -0.00118173775263, 0.000180085378815, -4.65559714939e-05, 0.000250297482125, -0.00257247802801, 0.00856617558748, -0.00289830099791, -0.000619575090241, -0.000438182731159, -0.000267083261861], [-0.0008681974723, 0.00221572257578, -0.00247418438084, 0.00223720655777, -0.00235025258735, 0.000671414018143, -0.000929264933802, 0.00155943899881, -0.00289830099791, 0.0144442664459, -0.00390445161611, 0.00235518068075, -0.000696212169714], [0.00061005668249, -0.00186911178753, 0.00147895375267, -0.00243313540705, 0.00140275084414, -0.00138329935726, -0.000183780110092, -0.00193083263002, -0.000619575090241, -0.00390445161611, 0.0119221881032, -0.00392587063834, 0.00178838684224], [-0.000785629439633, 0.0020008047577, -0.00208417605609, 0.00253731152043, -0.00154396926519, 0.00043757588719, -0.000984821934253, 0.00149734353181, -0.000438182731159, 0.00235518068075, -0.00392587063834, 0.0164159107953, -0.0050388048403], [0.000370798021322, -0.00173671974335, 0.00130487279966, -0.00248673604801, -0.000329970673192, -0.00148723262828, 0.000285462825559, -0.00190854491666, -0.000267083261861, -0.000696212169714, 0.00178838684224, -0.0050388048403, 0.0130615588278]]}, "silence_rate_20dB": {"dvar": 0, "var": 0, "median": 1, "max": 1, "dmean": 0, "dmean2": 0, "mean": 1, "dvar2": 0, "min": 1}, "barkbands_skewness": {"dvar": 0.229252398014, "var": 2.23432826996, "median": 1.62441003323, "max": 16.303527832, "dmean": 0.402538269758, "dmean2": 0.616539478302, "mean": 1.88203108311, "dvar2": 0.52927094698, "min": -4.92382717133}, "erbbands_skewness": {"dvar": 0.100656278431, "var": 0.890309333801, "median": 0.651764154434, "max": 8.22062969208, "dmean": 0.307006299496, "dmean2": 0.456618875265, "mean": 0.690799355507, "dvar2": 0.209458634257, "min": -3.86330533028}, "spectral_contrast_valleys": {"dvar": [0.0855633690953, 0.0719816014171, 0.0712268128991, 0.0792508795857, 0.115186296403, 0.206759661436], "var": [1.5504604578, 1.00109803677, 1.25736558437, 1.48409509659, 2.19655203819, 4.04284334183], "median": [-7.10912132263, -6.99182271957, -7.772813797, -8.44024085999, -8.65595245361, -10.9901618958], "max": [-5.45875501633, -4.52327632904, -4.51326322556, -5.78390836716, -5.73137807846, -7.37631940842], "dmean": [0.305886864662, 0.279335796833, 0.267722010612, 0.25167042017, 0.25482583046, 0.359050363302], "dmean2": [0.511755287647, 0.454601615667, 0.429640948772, 0.402756869793, 0.392369508743, 0.483783602715], "mean": [-7.50884342194, -7.11502313614, -7.91588973999, -8.65969562531, -8.94279289246, -11.4988594055], "dvar2": [0.211048901081, 0.1561819911, 0.144663825631, 0.15557269752, 0.216798827052, 0.339781135321], "min": [-27.46717453, -27.8483257294, -27.3045063019, -27.5302734375, -27.384683609, -27.2928848267]}, "spectral_strongpeak": {"dvar": 0.574340462685, "var": 1.97639906406, "median": 0.256337702274, "max": 17.3192272186, "dmean": 0.305931806564, "dmean2": 0.501829624176, "mean": 0.800471365452, "dvar2": 1.38712489605, "min": 0}, "erbbands_crest": {"dvar": 4.75618600845, "var": 23.4708023071, "median": 9.21761512756, "max": 33.986530304, "dmean": 2.21686601639, "dmean2": 3.46563243866, "mean": 10.3512783051, "dvar2": 11.6195001602, "min": 2.34753417969}, "barkbands_crest": {"dvar": 3.50182747841, "var": 23.3102035522, "median": 11.1831798553, "max": 25.945318222, "dmean": 1.789747715, "dmean2": 2.84077239037, "mean": 12.1795253754, "dvar2": 9.01811981201, "min": 2.75083613396}, "spectral_energyband_middle_low": {"dvar": 1.8246450054e-05, "var": 0.000122834317153, "median": 0.00478366389871, "max": 0.100495345891, "dmean": 0.00237574707717, "dmean2": 0.00350450305268, "mean": 0.00876973941922, "dvar2": 3.63864273822e-05, "min": 2.85647896932e-22}, "spectral_contrast_coeffs": {"dvar": [0.00102236925159, 0.00103936484084, 0.000745763885789, 0.000561241467949, 0.000435894442489, 0.000399709126214], "var": [0.0067687984556, 0.00618848763406, 0.00490261102095, 0.00427417596802, 0.00310769723728, 0.00304846325889], "median": [-0.697433412075, -0.713376641273, -0.756866037846, -0.769052028656, -0.780890107155, -0.772297680378], "max": [-0.337298154831, -0.381016790867, -0.457240045071, -0.47657558322, -0.521100103855, -0.526291847229], "dmean": [0.0385396666825, 0.0375970900059, 0.0315996818244, 0.0274901743978, 0.0226605273783, 0.0210362114012], "dmean2": [0.0644711181521, 0.060668900609, 0.0503956004977, 0.0447568446398, 0.0363583751023, 0.0323137231171], "mean": [-0.68957901001, -0.705084145069, -0.74739998579, -0.761071145535, -0.777192950249, -0.769486188889], "dvar2": [0.00282078143209, 0.00258005340584, 0.00175387924537, 0.00137470907066, 0.000975279370323, 0.000863317865878], "min": [-0.966814517975, -0.963233828545, -0.966630101204, -0.964229464531, -0.959842205048, -0.960683107376]}, "hfc": {"dvar": 54.1446151733, "var": 416.799407959, "median": 6.56880426407, "max": 186.472091675, "dmean": 3.59482049942, "dmean2": 5.03845882416, "mean": 14.5478038788, "dvar2": 109.811729431, "min": 1.1364680758e-16}, "spectral_energyband_high": {"dvar": 4.55211164763e-07, "var": 1.49700588281e-06, "median": 7.5115756772e-05, "max": 0.0184372477233, "dmean": 0.000231130456086, "dmean2": 0.000331069837557, "mean": 0.000533254293259, "dvar2": 9.54424535848e-07, "min": 7.16759351699e-21}, "erbbands_spread": {"dvar": 77.4898300171, "var": 341.728912354, "median": 26.6591777802, "max": 150.016281128, "dmean": 5.914727211, "dmean2": 8.93158245087, "mean": 30.6403446198, "dvar2": 166.844329834, "min": 0.388958364725}, "dissonance": {"dvar": 0.000554203754291, "var": 0.00198258785531, "median": 0.450369477272, "max": 0.500000238419, "dmean": 0.0238656960428, "dmean2": 0.0397056154907, "mean": 0.439172208309, "dvar2": 0.00148535042536, "min": 0.155580282211}, "spectral_kurtosis": {"dvar": 38.0209922791, "var": 203.977172852, "median": 6.15299224854, "max": 114.069953918, "dmean": 3.74428534508, "dmean2": 6.26686906815, "mean": 11.2884340286, "dvar2": 109.817573547, "min": -1.24324393272}, "spectral_skewness": {"dvar": 0.162910193205, "var": 1.31681346893, "median": 2.03805565834, "max": 8.76425933838, "dmean": 0.332615047693, "dmean2": 0.53992587328, "mean": 2.34384179115, "dvar2": 0.448250561953, "min": 0.000613281445112}, "pitch_salience": {"dvar": 0.00255414703861, "var": 0.0192315913737, "median": 0.513600766659, "max": 0.860622167587, "dmean": 0.0515835694969, "dmean2": 0.0838663130999, "mean": 0.499591082335, "dvar2": 0.00655954750255, "min": 0.0886720120907}, "spectral_complexity": {"dvar": 8.2353143692, "var": 64.6950759888, "median": 11, "max": 51, "dmean": 1.94659078121, "dmean2": 3.14739346504, "mean": 12.4187927246, "dvar2": 19.2903862, "min": 0}, "spectral_spread": {"dvar": 942744731648, "var": 5509275975680.0, "median": 4099543.25, "max": 40902804, "dmean": 618886.75, "dmean2": 865817.375, "mean": 4319954, "dvar2": 1711964422140.0, "min": 757300.75}, "dynamic_complexity": 5.71205949783, "melbands_crest": {"dvar": 5.28841257095, "var": 39.1357116699, "median": 14.9443035126, "max": 35.2375907898, "dmean": 2.18797802925, "dmean2": 3.49124717712, "mean": 16.0677375793, "dvar2": 13.7635660172, "min": 1.58178389072}, "zerocrossingrate": {"dvar": 0.000204214520636, "var": 0.00161595304962, "median": 0.03564453125, "max": 0.5, "dmean": 0.00852419808507, "dmean2": 0.0100993467495, "mean": 0.0453432612121, "dvar2": 0.000236667852732, "min": 0.001953125}, "spectral_energyband_low": {"dvar": 2.83564677375e-05, "var": 4.98749759572e-05, "median": 0.00659479061142, "max": 0.102683641016, "dmean": 0.00188674777746, "dmean2": 0.00320556131192, "mean": 0.00719061912969, "dvar2": 8.37708066683e-05, "min": 4.26787823003e-23}, "melbands_kurtosis": {"dvar": 88.3531341553, "var": 406.491149902, "median": 7.9090180397, "max": 212.167449951, "dmean": 4.9449057579, "dmean2": 7.86149358749, "mean": 14