{"metadata": {"audio_properties": {"downmix": "mix", "bit_rate": 256000, "lossless": false, "md5_encoded": "9a292d57b4991f7e54368f1b0c000584", "analysis_sample_rate": 44100, "sample_rate": 44100, "replay_gain": -5.771484375, "equal_loudness": 0, "codec": "mp3", "length": 292.649810791}, "tags": {"album": ["Zen Peace"], "artist": ["Aeoliah"], "label": ["Oreade Music"], "albumartist": ["Aeoliah"], "musicbrainz_recordingid": ["02c938d3-e876-4624-b5f3-9db2c5251ec6"], "genre": ["New Age"], "tracknumber": ["3"], "title": ["Zen Peace"], "date": ["2001"], "file_name": "317720.mp3"}, "version": {"essentia_build_sha": "70f2e5ece6736b2c40cc944ad0e695b16b925413", "essentia_git_sha": "v2.1_beta2", "extractor": "music 1.0", "essentia": "2.1-beta2"}}, "tonal": {"chords_scale": "major", "hpcp": {"dmean": [0.0354528278112, 0.0279348529875, 0.0108855599537, 0.00823156256229, 0.021998507902, 0.0840048491955, 0.156650289893, 0.173168122768, 0.112573556602, 0.0610800646245, 0.0478180721402, 0.0256445687264, 0.0153388734907, 0.0147196380422, 0.0280435476452, 0.0455368459225, 0.0401053018868, 0.02097803168, 0.0216744560748, 0.0496676117182, 0.139773532748, 0.170092016459, 0.184621036053, 0.120550863445, 0.0852601602674, 0.0518277138472, 0.0243241060525, 0.0187506880611, 0.0221219975501, 0.030918771401, 0.0422290191054, 0.0557880662382, 0.0867244377732, 0.0979361087084, 0.0790695399046, 0.0424029529095], "dvar2": [0.0275295339525, 0.0196281634271, 0.00459334719926, 0.00366001669317, 0.00960851926357, 0.0351332500577, 0.0776290744543, 0.0746358931065, 0.0658633336425, 0.0454625599086, 0.038042653352, 0.0152267497033, 0.00620088493451, 0.00623442325741, 0.0147127984092, 0.0364153198898, 0.0271092429757, 0.0105878068134, 0.0119258863851, 0.0236034262925, 0.0497158765793, 0.0894447043538, 0.0784326568246, 0.0663098022342, 0.0678013190627, 0.0349455177784, 0.0135866971686, 0.00862905569375, 0.0079392567277, 0.0144750708714, 0.0222043804824, 0.0220223851502, 0.0388976633549, 0.062460206449, 0.0471447557211, 0.0268225166947], "mean": [0.0570070520043, 0.0368849411607, 0.0111849801615, 0.00773916393518, 0.0191851854324, 0.146440565586, 0.487133681774, 0.512230336666, 0.20479644835, 0.10323317349, 0.0757183358073, 0.0284868106246, 0.0194328669459, 0.0197718795389, 0.0412260852754, 0.0860708206892, 0.0683624148369, 0.022589540109, 0.0185506027192, 0.042379103601, 0.288403093815, 0.574843585491, 0.402544111013, 0.13867034018, 0.107951253653, 0.0732493549585, 0.0270980726928, 0.0194702781737, 0.0247507598251, 0.0379171147943, 0.0714489519596, 0.0807280093431, 0.144009903073, 0.236144721508, 0.149860665202, 0.0518146827817], "var": [0.0297017358243, 0.0121468883008, 0.00185770308599, 0.00140479602851, 0.00325191137381, 0.0365710482001, 0.118236601353, 0.112058773637, 0.0362823717296, 0.0520315803587, 0.0336173996329, 0.0079830288887, 0.00434163818136, 0.00581601448357, 0.0109401587397, 0.0463173948228, 0.0286867972463, 0.00494213122874, 0.00398976076394, 0.00735501339659, 0.0523726865649, 0.132882118225, 0.0738748535514, 0.0317942984402, 0.0498046576977, 0.0300150774419, 0.00913036242127, 0.00320130144246, 0.00400704331696, 0.00845171604306, 0.0326019451022, 0.0252226982266, 0.0366112031043, 0.110967412591, 0.048000048846, 0.0183195881546], "dmean2": [0.0598280839622, 0.0476227328181, 0.0192495081574, 0.0148873198777, 0.0386370979249, 0.136696904898, 0.254614949226, 0.276913225651, 0.193078935146, 0.104201667011, 0.0819843932986, 0.0443649925292, 0.0261720586568, 0.0250830929726, 0.0466001480818, 0.0758062750101, 0.0667380020022, 0.0367757976055, 0.0396486409009, 0.0883968472481, 0.222037747502, 0.278469353914, 0.29784399271, 0.21039685607, 0.151445612311, 0.0912375822663, 0.0425546728075, 0.0326132550836, 0.0382619462907, 0.0528123341501, 0.0701261013746, 0.0909124389291, 0.145460471511, 0.164973601699, 0.131579786539, 0.0722737312317], "dvar": [0.010467053391, 0.00681913457811, 0.0015959921293, 0.00127345696092, 0.00346077140421, 0.0134839015082, 0.0321741774678, 0.0318629294634, 0.0218621939421, 0.0171311944723, 0.0135718369856, 0.00548292323947, 0.00238892575726, 0.00259336829185, 0.00557890860364, 0.0141467032954, 0.0101130530238, 0.00387931568548, 0.00414356449619, 0.00832501519471, 0.0196109935641, 0.039046574384, 0.0299108698964, 0.0238521918654, 0.0248408615589, 0.012926212512, 0.00498664705083, 0.00309342308901, 0.00290717813186, 0.005183508154, 0.0083822524175, 0.0089631266892, 0.0144165921956, 0.0247779302299, 0.0167079716921, 0.0102395527065], "min": [1.90222067431e-06, 0, 0, 0, 0, 0, 0, 0.000588210881688, 0.000260191853158, 8.17810359877e-07, 2.82799555862e-06, 0, 0, 0, 0, 0, 0, 0, 0, 0, 0, 0, 0, 0, 0, 0, 0, 0, 5.53648897039e-06, 1.67622533809e-06, 1.9641538529e-06, 1.92570337276e-06, 0, 2.34157887462e-05, 1.32837849378e-05, 4.56386715086e-06], "median": [0.00267472467385, 0.00220104004256, 0.00089332513744, 0.000287274247967, 0.00186433282215, 0.0614237599075, 0.434848099947, 0.463041633368, 0.152873858809, 0.00897867418826, 0.00256725843064, 0.00224881176837, 0.00130298384465, 0.00121966225561, 0.00188825721852, 0.00222674314864, 0.00218882155605, 0.00235483632423, 0.00331056537107, 0.0121423052624, 0.243501126766, 0.548770844936, 0.369970858097, 0.0671391561627, 0.010670511052, 0.00318922637962, 0.00167066894937, 0.00508940080181, 0.0081652617082, 0.00726754078642, 0.00976776238531, 0.022080572322, 0.0585611388087, 0.0704948157072, 0.0433927252889, 0.00592168234289], "max": [1, 1, 0.999932765961, 0.71186119318, 0.93277913332, 1, 1, 1, 1, 1, 1, 1, 0.907767236233, 1, 1, 1, 1, 1, 1, 1, 1, 1, 1, 1, 1, 1, 1, 1, 1, 1, 1, 1, 1, 1, 1, 1]}, "tuning_equal_tempered_deviation": 0.115484289825, "chords_key": "E", "chords_strength": {"dmean": 0.00515486486256, "dvar2": 2.30009081861e-05, "mean": 0.53474599123, "var": 0.0126735670492, "dmean2": 0.0050486093387, "dvar": 2.17159322347e-05, "min": 0.22010473907, "median": 0.537424623966, "max": 0.855935394764}, "tuning_diatonic_strength": 0.556963086128, "thpcp": [1, 0.700267195702, 0.241231426597, 0.187792390585, 0.12742485106, 0.0471399053931, 0.0338705666363, 0.0430565103889, 0.0659607499838, 0.124292857945, 0.140434741974, 0.250520139933, 0.410798221827, 0.26069816947, 0.0901370123029, 0.0991696789861, 0.0641651749611, 0.0194574315101, 0.0134630780667, 0.0333746187389, 0.254748553038, 0.847419559956, 0.891077756882, 0.356264650822, 0.179584801197, 0.131719887257, 0.049555759877, 0.0338054858148, 0.0343952327967, 0.0717170462012, 0.149729117751, 0.118923507631, 0.0392968468368, 0.0322706960142, 0.073722846806, 0.501707077026], "chords_histogram": [45.0103111267, 0, 0, 0, 0, 0.190385535359, 2.39568448067, 2.88751387596, 0, 0, 0, 0, 0.0317309200764, 1.63414251804, 0.142789155245, 10.1538953781, 5.74329662323, 20.1015396118, 3.41107416153, 1.65000796318, 0, 0, 2.07837533951, 4.56925296783], "tuning_nontempered_energy_ratio": 0.780188083649, "tuning_frequency": 434.193115234, "key_strength": 0.718991518021, "chords_changes_rate": 0.0301443748176, "key_scale": "major", "hpcp_entropy": {"dmean": 0.539194583893, "dvar2": 0.598395586014, "mean": 1.70388293266, "var": 0.460422486067, "dmean2": 0.924275398254, "dvar": 0.214173674583, "min": 0.0372853539884, "median": 1.72768723965, "max": 4.48589038849}, "key_key": "E", "chords_number_rate": 0.00174520071596}, "lowlevel": {"melbands_skewness": {"dmean": 0.430242836475, "dvar2": 0.32633882761, "mean": 0.865737020969, "var": 0.709197819233, "dmean2": 0.665184438229, "dvar": 0.135165601969, "min": -2.61464500427, "median": 0.822553873062, "max": 5.96039962769}, "melbands_kurtosis": {"dmean": 1.61821305752, "dvar2": 9.89616203308, "mean": 2.29458212852, "var": 13.8843688965, "dmean2": 2.56031632423, "dvar": 4.22211027145, "min": -1.76455235481, "median": 1.21772813797, "max": 48.9708633423}, "barkbands_kurtosis": {"dmean": 1.65138781071, "dvar2": 11.5598802567, "mean": 2.48700428009, "var": 15.2699241638, "dmean2": 2.60347247124, "dvar": 4.80598640442, "min": -1.81869220734, "median": 1.40656757355, "max": 63.6823654175}, "hfc": {"dmean": 2.19207119942, "dvar2": 23.1810455322, "mean": 7.60156679153, "var": 66.8405380249, "dmean2": 3.20710754395, "dvar": 11.6624946594, "min": 1.15682863027e-16, "median": 4.90191364288, "max": 85.6690750122}, "silence_rate_20dB": {"dmean": 0, "dvar2": 0, "mean": 1, "var": 0, "dmean2": 0, "dvar": 0, "min": 1, "median": 1, "max": 1}, "erbbands_flatness_db": {"dmean": 0.0183557197452, "dvar2": 0.000586212263443, "mean": 0.336435884237, "var": 0.00266705476679, "dmean2": 0.0279842857271, "dvar": 0.000241888148594, "min": 0.0884972512722, "median": 0.336435109377, "max": 0.499166190624}, "spectral_flux": {"dmean": 0.0129521619529, "dvar2": 0.000617559242528, "mean": 0.0496394298971, "var": 0.000740500632674, "dmean2": 0.0224632620811, "dvar": 0.000204644864425, "min": 1.03042303856e-10, "median": 0.0464258007705, "max": 0.221373319626}, "spectral_energyband_low": {"dmean": 0.00111317343544, "dvar2": 7.04549665898e-06, "mean": 0.00312764407136, "var": 1.15932834888e-05, "dmean2": 0.00192508520558, "dvar": 2.23134316002e-06, "min": 1.93280905603e-22, "median": 0.00214759726077, "max": 0.0380990952253}, "spectral_rolloff": {"dmean": 72.8974456787, "dvar2": 51012.28125, "mean": 536.413635254, "var": 68905.7734375, "dmean2": 127.063331604, "dvar": 37012.9960938, "min": 107.666015625, "median": 495.263671875, "max": 18755.4199219}, "spectral_entropy": {"dmean": 0.12878754735, "dvar2": 0.0288101769984, "mean": 5.59707403183, "var": 0.218890964985, "dmean2": 0.194580852985, "dvar": 0.0122813442722, "min": 4.32188653946, "median": 5.52720022202, "max": 9.8029050827}, "spectral_energy": {"dmean": 0.00520503195003, "dvar2": 0.000107648542325, "mean": 0.0210687723011, "var": 0.000417376577388, "dmean2": 0.00753309438005, "dvar": 5.53019599465e-05, "min": 1.06177161921e-20, "median": 0.0149019593373, "max": 0.19230556488}, "spectral_centroid": {"dmean": 42.3598327637, "dvar2": 18798.4824219, "mean": 401.239746094, "var": 29190.5996094, "dmean2": 65.3993301392, "dvar": 11951.2412109, "min": 176.875518799, "median": 378.553131104, "max": 10665.4423828}, "barkbands_flatness_db": {"dmean": 0.0159264840186, "dvar2": 0.000416064664023, "mean": 0.336589187384, "var": 0.00298554589972, "dmean2": 0.0241414755583, "dvar": 0.000179169583134, "min": 0.0659393146634, "median": 0.343390792608, "max": 0.491350710392}, "spectral_rms": {"dmean": 0.00050121411914, "dvar2": 5.73262582293e-07, "mean": 0.00404518935829, "var": 4.19133175455e-06, "dmean2": 0.000735472072847, "dvar": 2.7594887797e-07, "min": 3.21850076972e-12, "median": 0.00381293799728, "max": 0.0136972693726}, "melbands": {"dmean": [9.95554873953e-05, 0.00022655686189, 0.000359873636626, 0.000375385890948, 0.000344590749592, 0.000320064718835, 0.000295396544971, 0.000406379200285, 0.000131047723698, 0.000149258237798, 4.09792482969e-05, 2.49357544817e-05, 2.80835720332e-05, 8.62171054905e-06, 2.39699306803e-06, 6.83785970068e-07, 4.28658466944e-07, 4.50835187848e-07, 1.15875337769e-07, 1.33618939913e-07, 8.29108017797e-08, 7.98157913096e-08, 6.92005741598e-08, 6.09321446632e-08, 4.8739089209e-08, 4.43184831056e-08, 3.41999104592e-08, 9.09699604534e-09, 2.44322451159e-09, 1.10186959557e-09, 7.50776829594e-10, 5.38250333193e-10, 3.95316890334e-10, 2.92238483413e-10, 2.26549154436e-10, 1.85236964656e-10, 1.45830653109e-10, 1.34184316436e-10, 1.26382460053e-10, 1.06554189083e-10], "dvar2": [6.88548098537e-08, 3.35917860639e-07, 6.66772734803e-07, 5.25983466559e-07, 6.42531119865e-07, 9.27866722122e-07, 5.86514829592e-07, 2.06673962566e-06, 3.13199052471e-07, 3.58630984465e-07, 3.24897051485e-08, 7.4022756813e-09, 1.4327170561e-08, 2.74166267467e-09, 2.9347616004e-10, 1.46017347519e-11, 6.63356565858e-12, 1.00455824215e-11, 6.05989759241e-13, 6.57400728906e-13, 5.78217920592e-13, 5.69156646726e-13, 6.86492692119e-13, 9.21401084771e-13, 6.99117142216e-13, 6.71647308083e-13, 5.79351291333e-13, 4.46488481495e-14, 9.72155066036e-16, 7.25250189693e-17, 1.28994672353e-17, 4.38660496282e-18, 1.86246932067e-18, 6.61491114281e-19, 2.7372104403e-19, 1.20995611457e-19, 9.50466842222e-20, 7.09634240853e-20, 5.69031114307e-20, 4.38826488166e-20], "mean": [0.000207816905458, 0.000485499709612, 0.00101254705805, 0.00112525757868, 0.000960041361395, 0.000686312443577, 0.000603054126259, 0.000672054768074, 0.000232274731388, 0.000281808257569, 6.92931062076e-05, 4.31990338257e-05, 4.23071032856e-05, 1.46340153151e-05, 4.02116984333e-06, 1.40128668136e-06, 8.11627842268e-07, 7.27313192783e-07, 2.12250782283e-07, 2.38630434524e-07, 1.41027243217e-07, 1.316551419e-07, 8.95016540881e-08, 6.78401050891e-08, 4.9023991977e-08, 3.76269468916e-08, 2.68723372443e-08, 1.04329558326e-08, 4.81917661332e-09, 2.77684719663e-09, 2.1357162705e-09, 1.63471325365e-09, 1.29392963011e-09, 1.03084840664e-09, 8.05939537329e-10, 6.85256407174e-10, 5.46684253422e-10, 5.20355369904e-10, 5.06925557087e-10, 4.39368236238e-10], "var": [9.77500604904e-08, 3.89639552623e-07, 1.64433004102e-06, 2.53107214121e-06, 2.31448439081e-06, 1.75385696366e-06, 1.19190224268e-06, 2.33879700318e-06, 3.80197093364e-07, 6.73307454235e-07, 4.22970884983e-08, 9.99295757254e-09, 1.11593010388e-08, 3.13234216343e-09, 2.12699621804e-10, 3.14893909559e-11, 1.01944997583e-11, 1.13785439404e-11, 4.69421105719e-13, 5.68836752875e-13, 3.20552829072e-13, 4.48205546028e-13, 1.94598853633e-13, 2.17781196722e-13, 1.46980477377e-13, 1.30512503474e-13, 1.08619832421e-13, 8.09127121722e-15, 2.00247244349e-16, 2.69965927359e-17, 1.29183377066e-17, 5.09518111042e-18, 2.98348247798e-18, 1.32561576484e-18, 4.31106708777e-19, 2.29228679092e-19, 1.64962135095e-19, 1.23206665234e-19, 1.04825600499e-19, 7.57822939907e-20], "dmean2": [0.000179585797014, 0.00039562935126, 0.000552228884771, 0.000460213195765, 0.000425849022577, 0.000454175227787, 0.000446247722721, 0.0006245431141, 0.000198939203983, 0.000209820689633, 6.18309059064e-05, 3.79231169063e-05, 4.68087673653e-05, 1.37610995807e-05, 4.11388054999e-06, 1.12092243398e-06, 7.11095992756e-07, 7.38910557629e-07, 1.97402130198e-07, 2.26993051911e-07, 1.42554867466e-07, 1.36112163318e-07, 1.22935560398e-07, 1.09180646746e-07, 8.92109994766e-08, 8.34253768289e-08, 6.49247056117e-08, 1.70664158361e-08, 4.4154160328e-09, 1.94944260734e-09, 1.31110888812e-09, 9.38800925887e-10, 6.88440027208e-10, 5.06711728132e-10, 3.92450238973e-10, 3.19826776174e-10, 2.53594006905e-10, 2.3222472556e-10, 2.17508691613e-10, 1.83103421314e-10], "dvar": [2.06574899408e-08, 1.05575388432e-07, 2.71920470141e-07, 3.80269256084e-07, 4.25656310199e-07, 4.70314489576e-07, 2.76076207228e-07, 9.27065173073e-07, 1.4070840848e-07, 2.04039409368e-07, 1.67806053497e-08, 3.78472231333e-09, 5.53733814357e-09, 1.12751497028e-09, 1.03911941551e-10, 5.92086449314e-12, 2.76388027048e-12, 4.58328904343e-12, 2.45726128247e-13, 2.59641049979e-13, 2.03686256772e-13, 2.20609283879e-13, 2.25633165038e-13, 3.08152917246e-13, 2.33467650594e-13, 2.21947663698e-13, 1.92763516195e-13, 1.48672781443e-14, 3.23350433631e-16, 2.4062399469e-17, 4.44689029945e-18, 1.42342180726e-18, 6.2699716575e-19, 2.26763344824e-19, 9.28991294816e-20, 4.14829073867e-20, 3.17886187951e-20, 2.39802890753e-20, 1.93867483387e-20, 1.53829179085e-20], "min": [2.20986255952e-23, 3.67627641178e-23, 2.60689609535e-23, 1.42023645922e-23, 2.97963512132e-24, 2.71205231898e-24, 2.16169408156e-23, 1.95638955999e-23, 1.01670570721e-23, 7.20697800984e-24, 1.35333001041e-23, 1.26814297229e-23, 5.94004885782e-24, 5.24635376562e-24, 5.41807182418e-24, 1.16684802558e-23, 7.7855593633e-24, 8.1871794942e-24, 1.14034182585e-23, 1.19691672116e-23, 1.12330732123e-23, 1.1745740504e-23, 1.36368096989e-23, 8.24967226625e-24, 1.12466132209e-23, 9.16650297638e-24, 7.86797876182e-24, 8.05221012648e-24, 8.80097796506e-24, 1.26783492211e-23, 1.37708056123e-23, 8.29295390868e-24, 9.39973206959e-24, 1.30446899146e-23, 1.51993743359e-23, 9.04837815557e-24, 6.63560447846e-24, 9.20915905211e-24, 8.52095206523e-24, 1.04819498351e-23], "median": [0.000104123580968, 0.000288073526463, 0.000597392208874, 0.000680502969772, 0.000484820979182, 0.000286155613139, 0.000234838371398, 0.000157727103215, 6.1840590206e-05, 4.3504529458e-05, 9.06959667191e-06, 1.09782467916e-05, 1.06000006781e-05, 1.80731956334e-06, 1.00004046999e-06, 4.75749686757e-07, 3.25079270169e-07, 2.12893880303e-07, 1.12748416825e-07, 1.28904915186e-07, 5.69784184279e-08, 4.53366695297e-08, 3.06350820267e-08, 2.14069153515e-08, 1.71233445201e-08, 9.48663814171e-09, 5.59444979231e-09, 4.81442929967e-09, 3.13813752761e-09, 1.79287862334e-09, 1.39135125643e-09, 1.16195653099e-09, 9.37769084608e-10, 7.94864118969e-10, 6.79495903988e-10, 6.04550076666e-10, 4.69889405164e-10, 4.69194016972e-10, 4.64054961125e-10, 4.03830802131e-10], "max": [0.00349201122299, 0.0075183622539, 0.0155282262713, 0.0318209566176, 0.0238418318331, 0.028344117105, 0.0200454480946, 0.0247973222286, 0.0103596514091, 0.0153704779223, 0.00471009733155, 0.00213279877789, 0.00244881538674, 0.00129592092708, 0.00035206793109, 0.000135727153975, 7.68429235904e-05, 0.000127313396661, 4.52986423625e-05, 4.45589721494e-05, 1.65845613083e-05, 2.24947198149e-05, 1.40089687193e-05, 2.36291707552e-05, 1.86312354344e-05, 1.3685601516e-05, 1.47162509165e-05, 5.88176999372e-06, 8.35435344015e-07, 1.97959408865e-07, 6.94859849659e-08, 4.48957102606e-08, 2.65925201859e-08, 1.80302883734e-08, 9.12615938375e-09, 6.5862328924e-09, 5.24632515209e-09, 5.02174302142e-09, 4.99168395507e-09, 4.00060296002e-09]}, "barkbands_crest": {"dmean": 2.23893618584, "dvar2": 8.75680923462, "mean": 11.2044248581, "var": 13.014954567, "dmean2": 3.514336586, "dvar": 3.55165147781, "min": 3.32611942291, "median": 10.5861759186, "max": 24.0134754181}, "mfcc": {"icov": [[0.0748287811875, -0.106028735638, 0.1074802652, -0.109434336424, 0.112734265625, -0.109210401773, 0.0981787294149, -0.0877694040537, 0.0699961259961, -0.0553294569254, 0.0409202575684, -0.027215173468, 0.0120809162036], [-0.106028735638, 0.151706367731, -0.152577966452, 0.155802235007, -0.16087038815, 0.158535301685, -0.141534611583, 0.126500606537, -0.102373532951, 0.0811324939132, -0.0601629912853, 0.0392768904567, -0.0170054621994], [0.1074802652, -0.152577966452, 0.157829359174, -0.161396369338, 0.166843563318, -0.163954392076, 0.151106923819, -0.135177090764, 0.111703366041, -0.0898871570826, 0.067828014493, -0.0438133403659, 0.0186658464372], [-0.109434336424, 0.155802235007, -0.161396369338, 0.172761544585, -0.177480623126, 0.176883339882, -0.166244551539, 0.152948588133, -0.129472151399, 0.107657857239, -0.0813580229878, 0.0531275123358, -0.0219425857067], [0.112734265625, -0.16087038815, 0.166843563318, -0.177480623126, 0.196164503694, -0.194168061018, 0.183145001531, -0.172650545835, 0.153231859207, -0.132827535272, 0.102368980646, -0.0665259063244, 0.0284632332623], [-0.109210401773, 0.158535301685, -0.163954392076, 0.176883339882, -0.194168061018, 0.2208314538, -0.214467853308, 0.203090414405, -0.18547911942, 0.162057608366, -0.127509772778, 0.0775729119778, -0.0320450440049], [0.0981787294149, -0.141534611583, 0.151106923819, -0.166244551539, 0.183145001531, -0.214467853308, 0.249986499548, -0.249052092433, 0.226926073432, -0.194709554315, 0.150911122561, -0.0919391810894, 0.0360574610531], [-0.0877694040537, 0.126500606537, -0.135177090764, 0.152948588133, -0.172650545835, 0.203090414405, -0.249052092433, 0.280518859625, -0.259047210217, 0.226503670216, -0.17574891448, 0.110874794424, -0.0472854971886], [0.0699961259961, -0.102373532951, 0.111703366041, -0.129472151399, 0.153231859207, -0.18547911942, 0.226926073432, -0.259047210217, 0.277291536331, -0.253405988216, 0.200073167682, -0.124014467001, 0.0513086430728], [-0.0553294569254, 0.0811324939132, -0.0898871570826, 0.107657857239, -0.132827535272, 0.162057608366, -0.194709554315, 0.226503670216, -0.253405988216, 0.271354585886, -0.223929405212, 0.145593196154, -0.0593532510102], [0.0409202575684, -0.0601629912853, 0.067828014493, -0.0813580229878, 0.102368980646, -0.127509772778, 0.150911122561, -0.17574891448, 0.200073167682, -0.223929405212, 0.220925927162, -0.154636636376, 0.0731075257063], [-0.027215173468, 0.0392768904567, -0.0438133403659, 0.0531275123358, -0.0665259063244, 0.0775729119778, -0.0919391810894, 0.110874794424, -0.124014467001, 0.145593196154, -0.154636636376, 0.136206790805, -0.0686388760805], [0.0120809162036, -0.0170054621994, 0.0186658464372, -0.0219425857067, 0.0284632332623, -0.0320450440049, 0.0360574610531, -0.0472854971886, 0.0513086430728, -0.0593532510102, 0.0731075257063, -0.0686388760805, 0.0491025224328]], "mean": [-844.428710938, 252.285873413, 43.1738014221, 2.06204533577, -6.23172807693, -15.5056810379, -5.61240530014, -2.71650385857, -6.17008829117, -6.62706184387, -6.26170063019, -4.01477193832, -0.993890285492], "cov": [[2499.34741211, 1263.99450684, -570.753234863, -23.8306465149, -76.3350830078, -161.917709351, -1.4454126358, 70.9671554565, 81.213508606, 45.8661651611, 29.8650531769, -9.84659957886, -50.5241203308], [1263.99450684, 935.829711914, -2.95381140709, -5.81323385239, -51.3937454224, -139.601852417, -58.7092895508, 3.95069670677, 31.4709796906, 23.0820522308, -0.2544028759, -15.0306348801, -28.3741073608], [-570.753234863, -2.95381140709, 573.332336426, 143.333648682, -27.8805160522, -22.6001472473, -65.5507965088, -56.3947067261, -28.0167751312, -23.6404094696, -28.505191803, -14.6286201477, 3.43931698799], [-23.8306465149, -5.81323385239, 143.333648682, 199.56993103, 53.1794662476, -11.2564535141, -2.16205787659, -12.6577949524, -8.39008903503, -4.4497961998, -10.0886669159, -12.8800773621, -9.82457065582], [-76.3350830078, -51.3937454224, -27.8805160522, 53.1794662476, 117.393196106, 45.3420143127, 17.038318634, 2.3597304821, -4.33354282379, 10.1258773804, 8.44240570068, 3.89968061447, -3.70307421684], [-161.917709351, -139.601852417, -22.6001472473, -11.2564535141, 45.3420143127, 98.4210891724, 55.8121299744, 18.5558376312, -1.76521170139, -3.94820165634, 11.7943820953, 14.6982889175, 9.94103240967], [-1.4454126358, -58.7092895508, -65.5507965088, -2.16205787659, 17.038318634, 55.8121299744, 96.6679840088, 57.0382118225, -1.61495912075, -11.057923317, -2.93705558777, 8.04109096527, 18.3984012604], [70.9671554565, 3.95069670677, -56.3947067261, -12.6577949524, 2.3597304821, 18.5558376312, 57.0382118225, 73.5833435059, 36.1158294678, -0.967226803303, -7.64084339142, 0.849041879177, 13.0623092651], [81.213508606, 31.4709796906, -28.0167751312, -8.39008903503, -4.33354282379, -1.76521170139, -1.61495912075, 36.1158294678, 70.2215652466, 39.9582901001, 1.58777368069, -11.0943527222, -7.80474901199], [45.8661651611, 23.0820522308, -23.6404094696, -4.4497961998, 10.1258773804, -3.94820165634, -11.057923317, -0.967226803303, 39.9582901001, 70.7723464966, 42.220916748, -8.63277626038, -28.6859874725], [29.8650531769, -0.2544028759, -28.505191803, -10.0886669159, 8.44240570068, 11.7943820953, -2.93705558777, -7.64084339142, 1.58777368069, 42.220916748, 72.7463989258, 33.4572601318, -15.6717920303], [-9.84659957886, -15.0306348801, -14.6286201477, -12.8800773621, 3.89968061447, 14.6982889175, 8.04109096527, 0.849041879177, -11.0943527222, -8.63277626038, 33.4572601318, 69.4226074219, 47.6547279358], [-50.5241203308, -28.3741073608, 3.43931698799, -9.82457065582, -3.70307421684, 9.94103240967, 18.3984012604, 13.0623092651, -7.80474901199, -28.6859874725, -15.6717920303, 47.6547279358, 88.4037322998]]}, "spectral_decrease": {"dmean": 1.32993682733e-09, "dvar2": 6.97873836683e-18, "mean": -5.39961986235e-09, "var": 2.72981844416e-17, "dmean2": 1.92403626365e-09, "dvar": 3.58763906737e-18, "min": -4.93835230486e-08, "median": -3.83140319471e-09, "max": -3.31038077286e-29}, "zerocrossingrate": {"dmean": 0.00195587566122, "dvar2": 2.12518953049e-05, "mean": 0.0191363636404, "var": 7.17845614417e-05, "dmean2": 0.00255225063302, "dvar": 1.78456521098e-05, "min": 0.0068359375, "median": 0.01806640625, "max": 0.4951171875}, "spectral_contrast_coeffs": {"dmean": [0.0446601957083, 0.0449192114174, 0.038531716913, 0.0226460713893, 0.0136118931696, 0.00934303365648], "dvar2": [0.00351272104308, 0.00325589836575, 0.00233488460071, 0.000898075231817, 0.000397227180656, 0.000212530023418], "mean": [-0.588750898838, -0.683914780617, -0.713092386723, -0.830662190914, -0.856600880623, -0.850201189518], "var": [0.00597951561213, 0.0063519962132, 0.00583930546418, 0.0011680360185, 0.000576099962927, 0.000331864517648], "dmean2": [0.0744392573833, 0.0717601254582, 0.0622046105564, 0.0390156321228, 0.0235117617995, 0.0163638722152], "dvar": [0.00125994009431, 0.00125248753466, 0.000901812920347, 0.000305273308186, 0.000132826156914, 7.05419879523e-05], "min": [-0.940467238426, -0.960529386997, -0.972218036652, -0.965594649315, -0.972596287727, -0.95975291729], "median": [-0.590339481831, -0.689624607563, -0.715879440308, -0.834685742855, -0.858881771564, -0.851890802383], "max": [-0.292049050331, -0.399452149868, -0.411688774824, -0.627375841141, -0.649689257145, -0.705412685871]}, "spectral_skewness": {"dmean": 0.998079419136, "dvar2": 1.83597874641, "mean": 7.08928442001, "var": 3.11079096794, "dmean2": 1.75065135956, "dvar": 0.61128026247, "min": 0.0105998013169, "median": 7.14067745209, "max": 12.9364290237}, "spectral_energyband_middle_high": {"dmean": 0.000446982769063, "dvar2": 2.10151551983e-06, "mean": 0.000856509490404, "var": 2.97314909403e-06, "dmean2": 0.000696932838764, "dvar": 1.03412742192e-06, "min": 1.4778154167e-21, "median": 0.000310239061946, "max": 0.0331519022584}, "gfcc": {"icov": [[0.00057567586191, -0.0011728014797, 0.00110220955685, -0.000843952293508, 0.000866554735694, -0.00107459630817, 0.000359246856533, 0.000427884224337, -0.000797451008111, 0.000395298586227, 0.000262079382082, 9.41875841818e-05, -1.89367965504e-05], [-0.0011728014797, 0.00871851388365, -0.00508562894538, 0.00480975396931, -0.00628300569952, 0.00921322964132, -0.00899863801897, 0.00325321638957, -0.00402816571295, 0.0078691849485, -0.00796679873019, 0.00488513614982, -0.00374618219212], [0.00110220955685, -0.00508562894538, 0.00729054631665, -0.0072070020251, 0.00842857081443, -0.00690955389291, 0.00538017880172, 0.00144661276136, -0.00211058720015, 0.00016351796512, 0.000424777215812, 0.000406078499509, 0.000507835822646], [-0.000843952293508, 0.00480975396931, -0.0072070020251, 0.0153243448585, -0.0146144637838, 0.0120689505711, -0.00806939601898, -0.00227088970132, 0.00831049028784, -0.0080209793523, 0.00603794446215, -0.00385270873085, -2.38670986619e-06], [0.000866554735694, -0.00628300569952, 0.00842857081443, -0.0146144637838, 0.0262841284275, -0.0194863714278, 0.0143021652475, -0.00271805818193, -0.00444486644119, 0.00689322454855, -0.00774194020778, 0.00614869827405, 0.00031205243431], [-0.00107459630817, 0.00921322964132, -0.00690955389291, 0.0120689505711, -0.0194863714278, 0.0314987525344, -0.0245322044939, 0.00509657897055, 0.00513506913558, -0.0114062391222, 0.0129115674645, -0.0115437274799, 0.00246644578874], [0.000359246856533, -0.00899863801897, 0.00538017880172, -0.00806939601898, 0.0143021652475, -0.0245322044939, 0.0416808240116, -0.0222572460771, 0.00369444489479, 0.00842955894768, -0.0117999762297, 0.00567269744352, 1.30909211293e-06], [0.000427884224337, 0.00325321638957, 0.00144661276136, -0.00227088970132, -0.00271805818193, 0.00509657897055, -0.0222572460771, 0.0411363430321, -0.0217147860676, 0.00500597851351, 0.0061616837047, -0.00583619996905, 0.0013419642346], [-0.000797451008111, -0.00402816571295, -0.00211058720015, 0.00831049028784, -0.00444486644119, 0.00513506913558, 0.00369444489479, -0.0217147860676, 0.0450943149626, -0.0392946228385, 0.0178035069257, 0.00183930923231, -0.00673314277083], [0.000395298586227, 0.0078691849485, 0.00016351796512, -0.0080209793523, 0.00689322454855, -0.0114062391222, 0.00842955894768, 0.00500597851351, -0.0392946228385, 0.0727000162005, -0.0508509650826, 0.0196748469025, -0.000823572161607], [0.000262079382082, -0.00796679873019, 0.000424777215812, 0.00603794446215, -0.00774194020778, 0.0129115674645, -0.0117999762297, 0.0061616837047, 0.0178035069257, -0.0508509650826, 0.0750843212008, -0.0470435135067, 0.0194181911647], [9.41875841818e-05, 0.00488513614982, 0.000406078499509, -0.00385270873085, 0.00614869827405, -0.0115437274799, 0.00567269744352, -0.00583619996905, 0.00183930923231, 0.0196748469025, -0.0470435135067, 0.0584560111165, -0.0288936011493], [-1.89367965504e-05, -0.00374618219212, 0.000507835822646, -2.38670986619e-06, 0.00031205243431, 0.00246644578874, 1.30909211293e-06, 0.0013419642346, -0.00673314277083, -0.000823572161607, 0.0194181911647, -0.0288936011493, 0.0369461812079]], "mean": [-179.848922729, 208.433319092, -59.2274284363, -31.4824104309, -55.4209899902, -18.8924388885, -27.7234249115, -4.42975854874, -20.6566524506, -11.5816068649, -11.4713563919, -5.49772930145, -8.28540039062], "cov": [[3734.65698242, 806.643981934, -326.474304199, -183.242675781, -15.1158437729, -98.5959396362, 130.897247314, 51.9349327087, 122.247413635, -105.917175293, -48.4854125977, -77.3400650024, 77.9158401489], [806.643981934, 686.946533203, 203.768173218, -75.2078475952, -83.9704055786, -179.751235962, 33.0749664307, -12.2341804504, 53.0325775146, -66.7501602173, 1.8080548048, -49.8878669739, 48.6253013611], [-326.474304199, 203.768173218, 474.364990234, 102.120788574, -77.4716491699, -81.8791122437, -34.199962616, -40.3775596619, -2.00042653084, -4.42415523529, 2.31069946289, -13.9491701126, 8.98187541962], [-183.242675781, -75.2078475952, 102.120788574, 208.642990112, 73.2050476074, 10.3553371429, -6.68491697311, -1.49332523346, -33.1809196472, 8.4941701889, 2.38865971565, 9.67479228973, -9.9119052887], [-15.1158437729, -83.9704055786, -77.4716491699, 73.2050476074, 127.758377075, 71.2942657471, 10.324505806, 12.9716930389, -10.7709197998, 8.8245382309, 3.71411848068, 8.24190711975, -11.0351448059], [-98.5959396362, -179.751235962, -81.8791122437, 10.3553371429, 71.2942657471, 159.105148315, 52.3624343872, 25.6203613281, -15.2863168716, 18.8123264313, 5.88373231888, 31.8353347778, -9.86866855621], [130.897247314, 33.0749664307, -34.199962616, -6.68491697311, 10.324505806, 52.3624343872, 82.4693527222, 39.4633407593, 4.64247655869, -6.38968467712, 5.91475248337, 11.4618396759, 5.4299120903], [51.9349327087, -12.2341804504, -40.3775596619, -1.49332523346, 12.9716930389, 25.6203613281, 39.4633407593, 63.5157775879, 35.4454193115, 9.5546913147, -5.98131656647, 1.08981215954, 5.88125610352], [122.247413635, 53.0325775146, -2.00042653084, -33.1809196472, -10.7709197998, -15.2863168716, 4.64247655869, 35.4454193115, 86.3559417725, 34.8437461853, -3.5055475235, -18.2206287384, 9.39658069611], [-105.917175293, -66.7501602173, -4.42415523529, 8.4941701889, 8.8245382309, 18.8123264313, -6.38968467712, 9.5546913147, 34.8437461853, 62.2329711914, 29.7618141174, 7.38615942001, -10.5670061111], [-48.4854125977, 1.8080548048, 2.31069946289, 2.38865971565, 3.71411848068, 5.88373231888, 5.91475248337, -5.98131656647, -3.5055475235, 29.7618141174, 57.8220787048, 34.6340637207, -3.36040663719], [-77.3400650024, -49.8878669739, -13.9491701126, 9.67479228973, 8.24190711975, 31.8353347778, 11.4618396759, 1.08981215954, -18.2206287384, 7.38615942001, 34.6340637207, 62.6366119385, 20.4852352142], [77.9158401489, 48.6253013611, 8.98187541962, -9.9119052887, -11.0351448059, -9.86866855621, 5.4299120903, 5.88125610352, 9.39658069611, -10.5670061111, -3.36040663719, 20.4852352142, 51.7142829895]]}, "erbbands_spread": {"dmean": 1.9985460043, "dvar2": 18.9581489563, "mean": 7.79369306564, "var": 20.6029109955, "dmean2": 3.18600702286, "dvar": 6.62881994247, "min": 0.512507677078, "median": 7.02017116547, "max": 69.3429718018}, "erbbands_kurtosis": {"dmean": 1.75013637543, "dvar2": 11.6710033417, "mean": 2.14831209183, "var": 12.2098360062, "dmean2": 2.76515507698, "dvar": 5.05921506882, "min": -1.70897936821, "median": 1.17812347412, "max": 53.135345459}, "dynamic_complexity": 4.47372531891, "erbbands_crest": {"dmean": 3.395216465, "dvar2": 21.8701343536, "mean": 14.2302045822, "var": 31.3801746368, "dmean2": 5.45107698441, "dvar": 8.83436584473, "min": 3.65619826317, "median": 12.9942951202, "max": 32.1890296936}, "erbbands": {"dmean": [0.00583304418251, 0.145484298468, 0.473730355501, 1.95365524292, 2.97766375542, 8.95912837982, 8.93614292145, 13.5558042526, 18.4430122375, 41.589969635, 16.2512969971, 25.8655738831, 8.64418411255, 5.31520366669, 7.05947208405, 2.2080578804, 0.440154463053, 0.224840521812, 0.213017657399, 0.0977754816413, 0.0723262652755, 0.0720791816711, 0.0672186389565, 0.0593991540372, 0.0554423220456, 0.0209146756679, 0.00343802850693, 0.00132410216611, 0.000785405223724, 0.000494031235576, 0.000320948573062, 0.000213919411181, 0.000162356111105, 0.000109167805931, 7.71263948991e-05, 4.34658359154e-05, 2.07254324778e-05, 7.56035205995e-06, 3.23904168908e-06, 5.81938456889e-06], "dvar2": [0.000265051057795, 0.13777859509, 1.55120825768, 21.3676300049, 51.2706985474, 350.848205566, 634.010375977, 1899.3125, 2705.54370117, 21400.7207031, 4726.98681641, 10705.8818359, 1158.48657227, 281.736938477, 1130.25427246, 302.260223389, 6.37578582764, 1.93970060349, 1.90562033653, 0.617529213428, 0.368726372719, 0.48276591301, 0.883708536625, 0.969940364361, 1.12535703182, 0.222818046808, 0.0022738177795, 6.85505801812e-05, 1.00948363979e-05, 2.28628505283e-06, 5.19189995885e-07, 1.85529188457e-07, 9.97673694769e-08, 4.43851604359e-08, 1.94820941601e-08, 5.82765657953e-09, 1.29933619419e-09, 1.61335292348e-10, 3.09114712993e-11, 1.34690286702e-10], "mean": [0.0113998772576, 0.305835604668, 0.97664219141, 5.16373205185, 8.60125160217, 25.1609115601, 23.1328086853, 28.3386230469, 38.1476287842, 70.1840362549, 28.8887081146, 49.1179924011, 15.6368341446, 9.57053947449, 11.4306125641, 3.7506840229, 0.94990581274, 0.468188494444, 0.368825644255, 0.19037899375, 0.138311833143, 0.122883416712, 0.0846252962947, 0.0628419592977, 0.0464104749262, 0.0207285750657, 0.00705639878288, 0.00403924845159, 0.00280350912362, 0.00201441440731, 0.00138830766082, 0.000977962743491, 0.00077002053149, 0.000552331737708, 0.000392589368857, 0.000228152697673, 0.000112783636723, 4.03211342928e-05, 1.83030315384e-05, 2.41720463237e-05], "var": [0.000278914376395, 0.203567177057, 1.45102453232, 43.6445274353, 145.316970825, 1677.1796875, 2145.17797852, 2979.23339844, 5699.85351562, 26339.5058594, 4375.6640625, 19972.6425781, 1555.71520996, 353.512329102, 1080.46337891, 220.695999146, 13.508980751, 3.15563893318, 2.26886773109, 0.54535317421, 0.255105793476, 0.354874163866, 0.228008672595, 0.211483061314, 0.218141242862, 0.0410712212324, 0.000473877298646, 4.72834108223e-05, 1.46771044456e-05, 5.55349788556e-06, 1.17258821319e-06, 4.65550016315e-07, 2.43502938702e-07, 1.1125428756e-07, 5.20696552542e-08, 1.42844074347e-08, 2.97428770502e-09, 3.76827763438e-10, 1.34844663213e-10, 5.21474086135e-10], "dmean2": [0.010949280113, 0.255567967892, 0.829187273979, 3.14562821388, 4.12622022629, 10.5664052963, 11.2019071579, 19.6321601868, 28.0844116211, 63.4449234009, 25.2839698792, 36.4218254089, 12.9016561508, 8.20655155182, 11.6403036118, 3.66939330101, 0.726922214031, 0.371134579182, 0.349830120802, 0.165030017495, 0.123807556927, 0.123445957899, 0.119827374816, 0.108788743615, 0.104688279331, 0.0395467281342, 0.00627473788336, 0.00231784791686, 0.00137090554927, 0.000859329185914, 0.000555725360755, 0.000371115893358, 0.000279468396911, 0.000186785779078, 0.0001319572184, 7.41799012758e-05, 3.53310460923e-05, 1.28535857584e-05, 4.92520302942e-06, 8.42789086164e-06], "dvar": [7.4208357546e-05, 0.0431572645903, 0.485654175282, 7.59160900116, 24.4388751984, 269.363739014, 432.518615723, 892.292541504, 1234.57946777, 9812.65332031, 1940.40405273, 6073.52197266, 599.148376465, 136.265563965, 467.619995117, 109.630134583, 2.67076396942, 0.799459218979, 0.861060380936, 0.255768924952, 0.131064042449, 0.178348556161, 0.292096793652, 0.32359841466, 0.371658354998, 0.0741296261549, 0.00075534923235, 2.31560024986e-05, 3.29653494191e-06, 7.81245944381e-07, 1.77076159957e-07, 6.25738465487e-08, 3.4050120945e-08, 1.54809143282e-08, 6.90649448742e-09, 2.0490975583e-09, 4.58486498767e-10, 5.76089731474e-11, 1.49080938566e-11, 6.91783921813e-11], "min": [1.80372306343e-21, 2.45028959702e-20, 7.02193105008e-20, 1.44235858227e-19, 2.07670142205e-19, 1.42780679509e-19, 9.05893051692e-20, 1.29179529642e-19, 1.17465075355e-18, 2.10627377519e-18, 1.28792238509e-18, 1.21137095531e-18, 2.69270801995e-18, 3.0232930265e-18, 1.44055850801e-18, 2.1153781386e-18, 4.01290957748e-18, 4.69568554819e-18, 5.49179767053e-18, 8.09831657258e-18, 1.06164570164e-17, 1.24490202424e-17, 1.11105154527e-17, 1.31354378758e-17, 1.13949944459e-17, 1.21001857704e-17, 1.65136203364e-17, 2.43503377315e-17, 1.54788206988e-17, 2.1423592399e-17, 2.29910996597e-17, 1.26166657644e-17, 1.29548982625e-17, 1.15085704799e-17, 7.50157110789e-18, 7.07610910546e-18, 3.32126023355e-18, 1.36034111715e-18, 2.9872619696e-19, 3.65698164397e-20], "median": [0.00597268110141, 0.15600836277, 0.594141960144, 3.01227831841, 5.30667352676, 13.8732423782, 9.77240943909, 12.1417036057, 15.256737709, 17.2740859985, 8.85791778564, 8.87652873993, 3.15137624741, 3.41969847679, 2.88945508003, 0.721532344818, 0.339471280575, 0.199466973543, 0.126153096557, 0.10090007633, 0.0662109777331, 0.0449753589928, 0.0290574021637, 0.0221546385437, 0.0108911236748, 0.00758778490126, 0.00446857605129, 0.00263120303862, 0.0020143459551, 0.00154165737331, 0.00119511201046, 0.000862273212988, 0.000705355254468, 0.000516828789841, 0.000361984071787, 0.000220743007958, 0.000111860194011, 3.94782218791e-05, 1.60726795002e-05, 1.73572752828e-05], "max": [0.182865038514, 5.02700614929, 14.683965683, 85.0847091675, 222.57723999, 874.950866699, 820.434692383, 1183.90661621, 1574.8182373, 2775.2121582, 1312.73999023, 2869.71166992, 870.660827637, 363.113311768, 869.811035156, 366.733398438, 103.690589905, 43.4459190369, 54.6596412659, 50.1288528442, 14.4873552322, 20.0620212555, 18.3955936432, 18.9745960236, 14.6375646591, 9.60996341705, 1.0016657114, 0.194888576865, 0.0678157359362, 0.0378739573061, 0.0129987699911, 0.00758555810899, 0.00653783231974, 0.00404201541096, 0.00202874117531, 0.00130777992308, 0.000739481532946, 0.000191391562112, 0.000108846012154, 0.00021487865888]}, "silence_rate_30dB": {"dmean": 0.00491907307878, "dvar2": 0.0110102668405, "mean": 0.993653297424, "var": 0.00630594138056, "dmean2": 0.0098389275372, "dvar": 0.00489436229691, "min": 0, "median": 1, "max": 1}, "silence_rate_60dB": {"dmean": 0.00793398916721, "dvar2": 0.0197499226779, "mean": 0.104958347976, "var": 0.0939425602555, "dmean2": 0.0158692374825, "dvar": 0.00787109229714, "min": 0, "median": 0, "max": 1}, "spectral_energyband_middle_low": {"dmean": 0.00496998103335, "dvar2": 0.000101829551568, "mean": 0.0183466635644, "var": 0.000364724954125, "dmean2": 0.00704178214073, "dvar": 5.32379890501e-05, "min": 3.74364279806e-22, "median": 0.0122795589268, "max": 0.189961984754}, "spectral_spread": {"dmean": 255831.09375, "dvar2": 217108217856, "mean": 1224913.875, "var": 475209007104, "dmean2": 456074.5, "dvar": 142021509120, "min": 417157.625, "median": 1103219.625, "max": 40716372}, "barkbands": {"dmean": [9.47241858285e-07, 0.000521248904988, 0.00046366546303, 0.000972919922788, 0.00172841118183, 0.00162581540644, 0.00202400190756, 0.00100239505991, 0.000928098103032, 0.000272503617452, 0.000197994697373, 5.16441941727e-05, 8.550995517e-06, 5.09307255925e-06, 2.24553650696e-06, 1.52012944454e-06, 1.28454905735e-06, 1.23038057609e-06, 1.17733077332e-06, 4.9805839808e-07, 4.20507220156e-08, 1.93909333035e-08, 1.15653611132e-08, 8.80972095274e-09, 8.72285799147e-09, 9.11559716599e-09, 9.48888789765e-09], "dvar2": [9.38265437567e-12, 1.77888534836e-06, 1.60871570642e-06, 4.63619517177e-06, 1.19670748973e-05, 2.5318755