{"lowlevel": {"spectral_strongpeak": {"max": 22.1717376709, "dmean": 1.04145741463, "dvar2": 5.63809490204, "dmean2": 1.73963153362, "var": 4.56760025024, "median": 1.15333521366, "min": 0, "dvar": 2.22494673729, "mean": 2.02396774292}, "barkbands_flatness_db": {"max": 0.442450612783, "dmean": 0.0182879418135, "dvar2": 0.000667646352667, "dmean2": 0.0264319851995, "var": 0.00504301302135, "median": 0.0933442413807, "min": 0.0230336133391, "dvar": 0.000356460193871, "mean": 0.110597878695}, "barkbands_skewness": {"max": 17.9329872131, "dmean": 0.430293083191, "dvar2": 0.610628545284, "dmean2": 0.628135979176, "var": 1.84326267242, "median": 0.542816698551, "min": -6.23023986816, "dvar": 0.300506174564, "mean": 0.764692246914}, "spectral_energyband_middle_high": {"max": 0.0659388452768, "dmean": 0.00372928730212, "dvar2": 4.9335136282e-05, "dmean2": 0.00557673722506, "var": 0.000112060311949, "median": 0.00986020453274, "min": 1.35553233335e-21, "dvar": 2.19566154556e-05, "mean": 0.0128850862384}, "erbbands_kurtosis": {"max": 81.7600326538, "dmean": 1.04721963406, "dvar2": 5.2009062767, "dmean2": 1.5925463438, "var": 29.4950790405, "median": 0.459461450577, "min": -1.71273171902, "dvar": 2.34497308731, "mean": 1.57180535793}, "erbbands_crest": {"max": 29.4849433899, "dmean": 2.89761972427, "dvar2": 20.3426208496, "dmean2": 4.61084079742, "var": 24.3435173035, "median": 9.0009431839, "min": 2.56207823753, "dvar": 8.12323570251, "mean": 10.2516708374}, "dynamic_complexity": 3.32370758057, "barkbands_crest": {"max": 25.7128353119, "dmean": 2.33285260201, "dvar2": 12.2815732956, "dmean2": 3.70858812332, "var": 13.7277336121, "median": 7.58949804306, "min": 2.44259858131, "dvar": 5.13822412491, "mean": 8.44258785248}, "dissonance": {"max": 0.5, "dmean": 0.01812267676, "dvar2": 0.000966346648056, "dmean2": 0.0301450043917, "var": 0.00179809366819, "median": 0.468055069447, "min": 0.141334027052, "dvar": 0.000359301804565, "mean": 0.456568419933}, "spectral_energyband_low": {"max": 0.0404495149851, "dmean": 0.00142209895421, "dvar2": 7.92288847151e-06, "dmean2": 0.00216528493911, "var": 1.22149567687e-05, "median": 0.00221683084965, "min": 2.17289748414e-23, "dvar": 3.51540234078e-06, "mean": 0.00339152151719}, "spectral_contrast_coeffs": {"max": [-0.25394436717, -0.295509308577, -0.378547400236, -0.498987644911, -0.557472527027, -0.630521297455], "dmean": [0.0462319776416, 0.0441234409809, 0.0407905876637, 0.0353530533612, 0.0273542497307, 0.0198182761669], "dvar2": [0.0038543138653, 0.00377124524675, 0.00281979632564, 0.0020391731523, 0.00114352197852, 0.000659008685034], "dmean2": [0.0756081566215, 0.0687683597207, 0.0608649030328, 0.0539446175098, 0.040468942374, 0.0295268241316], "var": [0.00677942717448, 0.00621359515935, 0.00803821720183, 0.00543673150241, 0.00422056764364, 0.00205253669992], "median": [-0.587523639202, -0.695000350475, -0.722118973732, -0.702342629433, -0.731228113174, -0.77580499649], "min": [-0.968289017677, -0.986017644405, -0.987995386124, -0.977077186108, -0.975718319416, -0.95991820097], "dvar": [0.00147609692067, 0.00158299761824, 0.00133216124959, 0.000932709604967, 0.000556233280804, 0.000327330664732], "mean": [-0.582615792751, -0.690117001534, -0.709564447403, -0.704495191574, -0.73615270853, -0.777664363384]}, "silence_rate_60dB": {"max": 1, "dmean": 0.00882531981915, "dvar2": 0.0176466889679, "dmean2": 0.0176533255726, "var": 0.0692472681403, "median": 0, "min": 0, "dvar": 0.00874694250524, "mean": 0.0748516693711}, "mfcc": {"icov": [[0.000130583721329, 0.00012776008225, 0.000248149677645, 0.000210787926335, -6.51149748592e-05, -6.63445171085e-05, 0.000106695901195, 1.78920781764e-05, 9.33850751608e-05, -0.000109176238766, 0.000141175652971, -0.000126662736875, 1.19952555906e-05], [0.00012776008225, 0.00101832300425, 0.000300882995361, -9.61864570854e-05, 0.000131325301481, -0.000127492923639, -7.93346116552e-05, 0.000151636981172, 0.00031348108314, -0.000377840420697, -0.000243218019023, 0.000298744271277, -0.000421836157329], [0.000248149677645, 0.000300882995361, 0.00241499184631, -0.000110032720841, -0.000632279377896, -0.000416501861764, 0.000161899602972, 0.000449555722298, -0.00101251504384, 0.00059047358809, -0.000200794398552, -0.00109834980685, -0.000154551031301], [0.000210787926335, -9.61864570854e-05, -0.000110032720841, 0.00604072352871, -0.00177959748544, -0.000610033690464, 0.000236717518419, -0.000647419074085, -0.00048324171803, -0.000367167900549, 0.000834549893625, -0.000451953848824, -0.00150985445362], [-6.51149748592e-05, 0.000131325301481, -0.000632279377896, -0.00177959748544, 0.00660389708355, -0.00217602192424, 0.00167200458236, 0.00125819281675, -0.000676040013786, -0.000840583816171, 0.00189001427498, -0.00219016266055, 0.000368826935301], [-6.63445171085e-05, -0.000127492923639, -0.000416501861764, -0.000610033690464, -0.00217602192424, 0.00829115416855, -0.00283865118399, 0.000276184407994, -0.00134895939846, 0.00108355144039, -0.00239239027724, 0.00126545119565, -0.000616026984062], [0.000106695901195, -7.93346116552e-05, 0.000161899602972, 0.000236717518419, 0.00167200458236, -0.00283865118399, 0.00775325717404, -0.00205583753996, 0.00107950309757, -0.000609397306107, 0.000180535964319, -0.00040656235069, 0.00155776366591], [1.78920781764e-05, 0.000151636981172, 0.000449555722298, -0.000647419074085, 0.00125819281675, 0.000276184407994, -0.00205583753996, 0.00842382200062, -0.00194429699332, -0.000512181606609, -0.000158306400408, -0.000646482454613, 2.85487494693e-05], [9.33850751608e-05, 0.00031348108314, -0.00101251504384, -0.00048324171803, -0.000676040013786, -0.00134895939846, 0.00107950309757, -0.00194429699332, 0.00986583717167, -0.00227386713959, -0.00144236872438, 0.0005232670228, 0.000684035883751], [-0.000109176238766, -0.000377840420697, 0.00059047358809, -0.000367167900549, -0.000840583816171, 0.00108355144039, -0.000609397306107, -0.000512181606609, -0.00227386713959, 0.0114419702441, -0.00207448378205, -0.000650151341688, 0.000832074030768], [0.000141175652971, -0.000243218019023, -0.000200794398552, 0.000834549893625, 0.00189001427498, -0.00239239027724, 0.000180535964319, -0.000158306400408, -0.00144236872438, -0.00207448378205, 0.0126122543588, -0.00521977990866, 0.000294768426102], [-0.000126662736875, 0.000298744271277, -0.00109834980685, -0.000451953848824, -0.00219016266055, 0.00126545119565, -0.00040656235069, -0.000646482454613, 0.0005232670228, -0.000650151341688, -0.00521977990866, 0.0165673624724, -0.00606870092452], [1.19952555906e-05, -0.000421836157329, -0.000154551031301, -0.00150985445362, 0.000368826935301, -0.000616026984062, 0.00155776366591, 2.85487494693e-05, 0.000684035883751, 0.000832074030768, 0.000294768426102, -0.00606870092452, 0.0166687443852]], "cov": [[13061.6904297, -1221.02526855, -1521.49157715, -615.244567871, -186.909469604, -250.17880249, -133.519699097, -55.3200683594, -327.294555664, 35.5944404602, -250.493225098, -121.982330322, -131.000259399], [-1221.02526855, 1212.40795898, -58.4279098511, 44.9959144592, -52.4659538269, 19.0145168304, 46.546295166, 1.06113779545, -25.2834472656, 28.6851463318, 37.7082023621, -18.1020584106, 24.9552440643], [-1521.49157715, -58.4279098511, 750.587158203, 140.195159912, 159.397140503, 96.2717132568, -29.7556533813, -24.8212928772, 119.866271973, -14.8031635284, 59.2704048157, 87.146446228, 48.6286239624], [-615.244567871, 44.9959144592, 140.195159912, 241.403762817, 103.617713928, 48.0781974792, -16.2635822296, 4.29820156097, 45.684047699, 8.40890312195, 8.0416431427, 34.7520446777, 35.960018158], [-186.909469604, -52.4659538269, 159.397140503, 103.617713928, 257.039093018, 63.2170715332, -55.469909668, -38.4339256287, 46.8669433594, 9.12825202942, -4.00088691711, 46.3990020752, 26.1535205841], [-250.17880249, 19.0145168304, 96.2717132568, 48.0781974792, 63.2170715332, 174.217056274, 44.0036621094, 5.95477485657, 42.3398208618, 0.585585057735, 35.6050491333, 15.3776798248, 10.0282888412], [-133.519699097, 46.546295166, -29.7556533813, -16.2635822296, -55.469909668, 44.0036621094, 177.555633545, 48.4388122559, -6.26895570755, 6.72567081451, 14.1695823669, -10.5635499954, -18.472661972], [-55.3200683594, 1.06113779545, -24.8212928772, 4.29820156097, -38.4339256287, 5.95477485657, 48.4388122559, 144.978500366, 25.2885990143, 14.6504487991, 14.1332168579, 1.79439282417, -4.84449577332], [-327.294555664, -25.2834472656, 119.866271973, 45.684047699, 46.8669433594, 42.3398208618, -6.26895570755, 25.2885990143, 143.96156311, 26.7506198883, 32.3015060425, 19.5301036835, 5.2115521431], [35.5944404602, 28.6851463318, -14.8031635284, 8.40890312195, 9.12825202942, 0.585585057735, 6.72567081451, 14.6504487991, 26.7506198883, 101.437973022, 22.2002887726, 10.1668577194, -2.36166787148], [-250.493225098, 37.7082023621, 59.2704048157, 8.0416431427, -4.00088691711, 35.6050491333, 14.1695823669, 14.1332168579, 32.3015060425, 22.2002887726, 113.963699341, 39.5041618347, 12.4019403458], [-121.982330322, -18.1020584106, 87.146446228, 34.7520446777, 46.3990020752, 15.3776798248, -10.5635499954, 1.79439282417, 19.5301036835, 10.1668577194, 39.5041618347, 97.212638855, 37.4966087341], [-131.000259399, 24.9552440643, 48.6286239624, 35.960018158, 26.1535205841, 10.0282888412, -18.472661972, -4.84449577332, 5.2115521431, -2.36166787148, 12.4019403458, 37.4966087341, 79.289390564]], "mean": [-614.37097168, 89.3930358887, -5.60759925842, 2.79824995995, 8.24604892731, 5.09706306458, 0.986682772636, -1.05916571617, -11.5843801498, 5.6798415184, -3.03752279282, -3.59911584854, -8.06766605377]}, "melbands_spread": {"max": 247.357757568, "dmean": 11.6052045822, "dvar2": 679.02130127, "dmean2": 17.0111846924, "var": 931.430725098, "median": 36.7000846863, "min": 0.327072530985, "dvar": 350.08782959, "mean": 41.3064842224}, "barkbands_kurtosis": {"max": 385.336181641, "dmean": 1.7012283802, "dvar2": 139.499130249, "dmean2": 2.59953665733, "var": 539.786132812, "median": -0.0344235897064, "min": -1.90281462669, "dvar": 55.4196166992, "mean": 3.67621064186}, "spectral_energyband_high": {"max": 0.0460133589804, "dmean": 0.00159870495554, "dvar2": 2.40524168476e-05, "dmean2": 0.00234796106815, "var": 2.03094823519e-05, "median": 0.00131150847301, "min": 7.7295512677e-21, "dvar": 1.16089904623e-05, "mean": 0.00273212790489}, "hfc": {"max": 416.050994873, "dmean": 18.0475997925, "dvar2": 2296.75732422, "dmean2": 27.0139102936, "var": 1797.97705078, "median": 41.7122077942, "min": 1.16076495119e-16, "dvar": 1040.79003906, "mean": 47.4956703186}, "spectral_skewness": {"max": 9.29881763458, "dmean": 0.182862862945, "dvar2": 0.115328006446, "dmean2": 0.282404065132, "var": 1.08868169785, "median": 1.49511742592, "min": -0.0545047335327, "dvar": 0.0494638122618, "mean": 1.66194581985}, "erbbands": {"max": [0.107963360846, 2.60982561111, 30.7672405243, 31.0428180695, 92.8950576782, 173.497970581, 276.810791016, 354.122833252, 575.113342285, 609.490783691, 945.727416992, 1319.40576172, 1680.75024414, 1266.14489746, 1418.78503418, 1503.46325684, 2121.81274414, 1583.00488281, 1958.4486084, 938.108703613, 1420.78771973, 811.653991699, 486.452545166, 292.938201904, 279.3125, 182.110061646, 128.73210144, 217.192779541, 284.434265137, 228.096862793, 378.466033936, 523.745056152, 429.308776855, 242.052963257, 187.096130371, 33.9859809875, 10.9814786911, 4.44350814819, 0.549863755703, 0.0216339528561], "dmean": [0.00215320289135, 0.114897236228, 1.06651842594, 1.3790718317, 3.5683054924, 3.56768465042, 9.09871673584, 7.85231876373, 6.94458341599, 8.32599639893, 18.1845932007, 25.3079967499, 32.5220184326, 23.746131897, 25.2208442688, 32.7667961121, 71.4036712646, 41.6848335266, 50.6272544861, 26.0270957947, 20.9268417358, 17.8047904968, 19.8484134674, 12.6944189072, 11.3929204941, 8.7377243042, 5.38073205948, 5.04234218597, 4.71319055557, 5.67845869064, 9.54170513153, 10.1082658768, 9.75405406952, 5.03534269333, 2.35003042221, 0.948170125484, 0.33862054348, 0.098875105381, 0.0113994469866, 0.000352389761247], "dvar2": [3.05561552523e-05, 0.059630703181, 4.54564809799, 10.2950487137, 129.726257324, 119.525627136, 688.884521484, 968.536376953, 1519.75378418, 2018.83117676, 4890.64257812, 10811.1171875, 15840.5, 7451.28271484, 9711.63867188, 16151.7431641, 40368.1484375, 16056.2060547, 25557.0546875, 6502.44775391, 4677.55810547, 2602.73510742, 2453.63647461, 732.132202148, 691.184143066, 334.077148438, 158.505020142, 243.683074951, 208.326446533, 231.574951172, 858.410827637, 1529.68066406, 1375.77124023, 400.74887085, 92.7021102905, 13.8461008072, 1.92557823658, 0.216216266155, 0.00435411557555, 4.71679413749e-06], "dmean2": [0.0034408243373, 0.179331019521, 1.58791363239, 2.17759799957, 5.71056318283, 5.52275800705, 13.709069252, 12.2468852997, 10.8052902222, 12.6572179794, 27.2915916443, 38.4139785767, 48.3384895325, 35.1308441162, 37.6196899414, 50.1944084167, 111.260887146, 64.8756256104, 78.1704864502, 40.5971298218, 31.10521698, 27.4829654694, 31.4984397888, 20.0382442474, 17.6304588318, 13.5344200134, 8.31084918976, 7.72090911865, 7.11972761154, 8.60553264618, 14.2496814728, 14.7972660065, 14.3177757263, 7.61873531342, 3.69665265083, 1.51059257984, 0.55694103241, 0.164851114154, 0.0199640132487, 0.000618735677563], "var": [2.43886825047e-05, 0.0900235101581, 7.58226060867, 9.42853164673, 74.3584442139, 143.243484497, 651.075317383, 674.194885254, 736.301086426, 1086.58886719, 4002.11230469, 9537.14550781, 17882.6679688, 9727.78222656, 10444.0214844, 12942.0517578, 29857.6679688, 14896.7666016, 31974.3847656, 4605.890625, 5911.2890625, 3128.71313477, 2272.84228516, 751.939575195, 731.320861816, 464.199493408, 166.452255249, 206.045532227, 175.84513855, 217.284454346, 669.072692871, 1351.45385742, 1367.33374023, 283.63104248, 39.4368896484, 5.00459861755, 0.603951990604, 0.0608302094042, 0.00109883933328, 1.1787137737e-06], "median": [0.00307713705115, 0.144486501813, 1.19144368172, 2.11920881271, 2.45277261734, 4.1545624733, 9.74995326996, 4.63786935806, 3.71702718735, 6.87291908264, 18.2105045319, 11.8015956879, 14.1256084442, 11.1199703217, 14.4310264587, 21.9679317474, 73.4610977173, 44.683631897, 36.335521698, 34.8493804932, 21.428232193, 19.7848567963, 21.3647441864, 21.9725284576, 18.8024559021, 15.3432970047, 9.33215236664, 4.81562805176, 4.34685134888, 6.31068134308, 6.9612994194, 4.49481296539, 3.53915548325, 1.33828318119, 0.672383725643, 0.241186499596, 0.0521156489849, 0.00918264687061, 0.000322240841342, 5.68501454836e-05], "min": [7.64893064245e-22, 4.87060999213e-22, 1.54583779446e-21, 4.7431889378e-21, 1.41818225785e-20, 1.12379000263e-19, 1.55879174981e-19, 1.58880651533e-19, 1.27975943077e-19, 9.9008039251e-19, 5.77301447017e-19, 7.75918523933e-19, 5.08605803205e-19, 1.3109190401e-18, 1.48339260847e-18, 2.09274068677e-18, 4.09118154295e-18, 4.23325105392e-18, 4.99076982401e-18, 3.30599813086e-18, 5.08747344147e-18, 8.54859399338e-18, 8.73761303515e-18, 1.49221910123e-17, 1.04241292522e-17, 1.07402470766e-17, 1.46567504081e-17, 1.54427572785e-17, 1.66090521637e-17, 1.5624740322e-17, 1.7512930617e-17, 1.57252129879e-17, 1.44647237376e-17, 9.76712947016e-18, 8.83467027233e-18, 5.66800120307e-18, 2.86200955746e-18, 1.22293473347e-18, 2.98866714266e-19, 3.16330700658e-20], "dvar": [1.25983569887e-05, 0.0242271069437, 2.149061203, 4.17753267288, 53.4664535522, 50.9751586914, 296.80581665, 402.497650146, 604.774291992, 850.919067383, 2017.58215332, 4622.0234375, 6980.01806641, 3549.43579102, 4565.31201172, 6891.02001953, 16435.1738281, 7012.12158203, 10656.9980469, 2653.25537109, 2216.50366211, 1177.43322754, 1011.31860352, 316.015960693, 288.704223633, 140.737243652, 69.3749465942, 108.299758911, 96.5535354614, 109.477310181, 398.380249023, 746.598999023, 703.986999512, 193.236099243, 38.4084472656, 5.49381351471, 0.745973587036, 0.0818119496107, 0.00162224925589, 1.75225693511e-06], "mean": [0.00451896572486, 0.259032726288, 2.27418732643, 2.99845314026, 5.30501127243, 7.52900075912, 17.7329273224, 12.8769187927, 11.1553277969, 14.6600131989, 36.9459877014, 42.4867553711, 60.3709907532, 46.1909713745, 48.5412864685, 56.8299865723, 128.519866943, 79.8896713257, 97.2112121582, 53.7683181763, 39.2329216003, 35.1161231995, 38.9941520691, 29.1877784729, 26.5158176422, 21.4504489899, 12.6839790344, 9.2457742691, 8.4644613266, 10.9325475693, 15.779417038, 15.6833000183, 14.2796106339, 6.2074508667, 2.66706681252, 0.977409005165, 0.303498148918, 0.0807968899608, 0.00801908224821, 0.000281136250123]}, "spectral_contrast_valleys": {"max": [-6.36084699631, -5.35054349899, -5.3243393898, -5.5067782402, -5.71679401398, -6.8883395195], "dmean": [0.428220570087, 0.318875074387, 0.324796706438, 0.313572525978, 0.298394829035, 0.40628439188], "dvar2": [0.330310344696, 0.192800909281, 0.190398678184, 0.173778504133, 0.165428817272, 0.317476481199], "dmean2": [0.69641315937, 0.48939833045, 0.483917593956, 0.45193195343, 0.413075387478, 0.523226439953], "var": [1.22651028633, 1.60862183571, 2.01799464226, 2.47800922394, 2.57811641693, 2.7611374855], "median": [-7.73956394196, -6.97269868851, -7.39589262009, -7.33182144165, -7.39388513565, -9.38469314575], "min": [-27.5594768524, -27.4324436188, -27.2378425598, -27.5244407654, -27.4282722473, -27.3064823151], "dvar": [0.147161588073, 0.106966324151, 0.105808436871, 0.11085434258, 0.112692788243, 0.215414389968], "mean": [-7.98093891144, -7.22105360031, -7.66608190536, -7.66879701614, -7.75214767456, -9.65303230286]}, "average_loudness": 0.938937842846, "erbbands_spread": {"max": 155.412750244, "dmean": 7.56376171112, "dvar2": 163.34312439, "dmean2": 11.2891340256, "var": 279.023284912, "median": 30.4260749817, "min": 2.42936110497, "dvar": 73.3821182251, "mean": 33.1787528992}, "melbands_flatness_db": {"max": 0.588933229446, "dmean": 0.0209341347218, "dvar2": 0.000979954842478, "dmean2": 0.0301119796932, "var": 0.00902914628386, "median": 0.128890052438, "min": 0.00111915438902, "dvar": 0.000526503194124, "mean": 0.150178194046}, "barkbands_spread": {"max": 98.522354126, "dmean": 7.54989147186, "dvar2": 202.69342041, "dmean2": 11.3418741226, "var": 294.874053955, "median": 26.7779788971, "min": 0.4459451437, "dvar": 97.2018508911, "mean": 29.6925506592}, "spectral_decrease": {"max": 7.75924915267e-29, "dmean": 1.39961342516e-09, "dvar2": 5.13650953537e-18, "dmean2": 2.12145656597e-09, "var": 1.1385876434e-17, "median": -6.41267572377e-09, "min": -2.00223464475e-08, "dvar": 2.26776238502e-18, "mean": -6.32268992717e-09}, "melbands_crest": {"max": 39.7074699402, "dmean": 2.90389633179, "dvar2": 18.1110401154, "dmean2": 4.59013843536, "var": 28.228553772, "median": 11.2654161453, "min": 1.61787199974, "dvar": 7.67037439346, "mean": 12.4217071533}, "erbbands_flatness_db": {"max": 0.331387490034, "dmean": 0.0186797846109, "dvar2": 0.000651738548186, "dmean2": 0.0264114663005, "var": 0.00254745827988, "median": 0.147589027882, "min": 0.0453423298895, "dvar": 0.00034909407259, "mean": 0.156471505761}, "melbands_kurtosis": {"max": 2069.58764648, "dmean": 3.99275326729, "dvar2": 2921.56933594, "dmean2": 6.25164079666, "var": 2743.42163086, "median": 2.14186573029, "min": -1.79623997211, "dvar": 1277.23400879, "mean": 8.29433631897}, "spectral_rms": {"max": 0.00891526788473, "dmean": 0.000577912433073, "dvar2": 7.10850770247e-07, "dmean2": 0.000854776299093, "var": 2.91843116429e-06, "median": 0.00535264983773, "min": 3.18633465966e-12, "dvar": 3.54099341848e-07, "mean": 0.00495638046414}, "melbands_skewness": {"max": 43.128578186, "dmean": 0.520341217518, "dvar2": 1.31111073494, "dmean2": 0.769738137722, "var": 2.65701127052, "median": 1.33256924152, "min": -3.01388502121, "dvar": 0.697047710419, "mean": 1.59355115891}, "barkbands": {"max": [0.00114748196211, 0.00748798670247, 0.0313132330775, 0.0217671021819, 0.0408685952425, 0.031281657517, 0.0359953716397, 0.0372925586998, 0.0663230344653, 0.0486637763679, 0.0304821357131, 0.0370527468622, 0.0439321063459, 0.0304738283157, 0.0261982437223, 0.024147702381, 0.0114720128477, 0.010304284282, 0.00744459312409, 0.00409757113084, 0.00457421969622, 0.0070687471889, 0.0105176866055, 0.0244442485273, 0.0146354380995, 0.00597567623481, 0.00309249921702], "dmean": [7.10969379725e-06, 0.000345310923876, 0.00109955540393, 0.000586215115618, 0.00129001354799, 0.000950484885834, 0.000463209609734, 0.000788225093856, 0.00114269624464, 0.00111633457709, 0.000559312000405, 0.000911328184884, 0.00167489622254, 0.000854611513205, 0.000889183604158, 0.000408008694649, 0.000288751034532, 0.00036320387153, 0.000235083076404, 0.000197064262466, 0.000130041982629, 0.000139962110552, 0.000302269967506, 0.000547443458345, 0.000373724353267, 0.000201039525564, 6.45313848509e-05], "dvar2": [2.05356509575e-09, 5.57430951176e-07, 5.02094735566e-06, 4.05070113629e-06, 1.00675788417e-05, 1.00509787444e-05, 8.97366771824e-06, 8.47157207318e-06, 2.24714458454e-05, 1.70171188074e-05, 4.60041928818e-06, 1.18226453196e-05, 2.18584482354e-05, 7.7250351751e-06, 7.56901590648e-06, 1.95174516193e-06, 8.0397990132e-07, 7.71973247993e-07, 2.77042687458e-07, 1.64680699299e-07, 1.16150914664e-07, 1.63477153592e-07, 8.10698452369e-07, 4.33743116446e-06, 1.95969892047e-06, 6.50404899716e-07, 1.28420595047e-07], "dmean2": [1.12676780191e-05, 0.000550007796846, 0.00166805589106, 0.000919871788938, 0.00200123246759, 0.00147321401164, 0.0007323512109, 0.00116537988652, 0.00174086296465, 0.00166046072263, 0.00082808494335, 0.00141760963015, 0.00261260615662, 0.00133343727794, 0.0013895482989, 0.000614966731519, 0.000449697399745, 0.000581084459554, 0.000368674343918, 0.000307198584778, 0.000201924951398, 0.000211835402297, 0.000450760708191, 0.000789430050645, 0.000574625737499, 0.000325398548739, 0.000112305111543], "var": [1.14470366519e-09, 7.26423081687e-07, 6.51907021165e-06, 2.7830669751e-06, 1.10180053525e-05, 7.40604900784e-06, 3.88976241084e-06, 6.54825180391e-06, 1.86806701095e-05, 2.46452327701e-05, 4.87647685077e-06, 8.6455629571e-06, 1.64911853062e-05, 5.85548741583e-06, 7.06572700437e-06, 2.05433047995e-06, 7.86242878803e-07, 6.85399129452e-07, 2.68210300192e-07, 2.31265474326e-07, 1.09008055915e-07, 1.42629289712e-07, 6.43833175218e-07, 4.31878606832e-06, 1.16435012387e-06, 2.13505757074e-07, 3.28235181257e-08], "median": [1.4102043906e-06, 0.000429318635724, 0.00119717395864, 0.000594825658482, 0.00173166790046, 0.000662694335915, 0.000154829060193, 0.000792736536823, 0.000393883528886, 0.000384807324735, 0.000181725961738, 0.000527245923877, 0.00151539896615, 0.000556769780815, 0.00070484605385, 0.000354638003046, 0.000265666254563, 0.00041149253957, 0.000370987516362, 0.000315656739986, 0.000164762634085, 0.000130228349008, 0.000254867860349, 0.000209065459785, 0.000101854879176, 3.85806415579e-05, 2.28513340517e-06], "min": [1.05423237267e-23, 9.91324107584e-24, 1.82006757192e-24, 1.88589446459e-24, 1.9736968527e-23, 1.15477269504e-23, 2.09654979024e-23, 5.25505750465e-23, 3.8651041534e-23, 1.95015645443e-23, 3.03967197216e-23, 4.14078768949e-23, 7.48895886476e-23, 9.73019284476e-23, 4.75509418677e-23, 7.28628850752e-23, 1.37308384478e-22, 1.72083657721e-22, 2.69887617249e-22, 2.89639255434e-22, 2.91747899566e-22, 5.28647171294e-22, 5.70485072046e-22, 8.60675772806e-22, 1.13611964664e-21, 1.56802818666e-21, 2.14429610139e-21], "dvar": [1.0043118559e-09, 2.14939774423e-07, 2.28497287935e-06, 1.65876542724e-06, 4.33144214185e-06, 4.21923141403e-06, 3.55847419087e-06, 3.49372794517e-06, 9.42983388086e-06, 8.09278753877e-06, 2.19826347347e-06, 4.98163262819e-06, 8.89694638317e-06, 3.26347412738e-06, 3.09814481625e-06, 9.07537923922e-07, 3.56223125664e-07, 3.17784383697e-07, 1.17546683498e-07, 6.97635798019e-08, 5.09651520986e-08, 7.59689129382e-08, 3.76759089704e-07, 2.20787819671e-06, 8.95418281743e-07, 2.5359614142e-07, 4.79499568939e-08], "mean": [6.7760629463e-06, 0.000743531098124, 0.00215248460881, 0.00111807277426, 0.00273696170188, 0.00157284934539, 0.000657151977066, 0.00157906196546, 0.00184998149052, 0.00211087800562, 0.000952265341766, 0.00145827187225, 0.00285907206126, 0.00134846789297, 0.0015978749143, 0.000698240648489, 0.000509245030116, 0.000708633917384, 0.000511023099534, 0.000458634982351, 0.000262847926933, 0.000250844546827, 0.000522580463439, 0.000827743264381, 0.000441469223006, 0.00018972432008, 4.65906014142e-05]}, "spectral_kurtosis": {"max": 123.565849304, "dmean": 1.39285862446, "dvar2": 27.7543830872, "dmean2": 2.26608204842, "var": 159.518127441, "median": 3.22747039795, "min": -1.23957705498, "dvar": 9.74354934692, "mean": 5.60736608505}, "erbbands_skewness": {"max": 8.54490089417, "dmean": 0.316522836685, "dvar2": 0.220542952418, "dmean2": 0.466955155134, "var": 0.87920331955, "median": 0.17812654376, "min": -3.58589148521, "dvar": 0.105600044131, "mean": 0.293341696262}, "melbands": {"max": [0.00112311448902, 0.0117239253595, 0.00797505956143, 0.00549906399101, 0.00964689999819, 0.00707284128293, 0.00835200212896, 0.00667115440592, 0.00803856365383, 0.0102507192641, 0.00841958075762, 0.00623572338372, 0.00461104791611, 0.00535315414891, 0.00597818614915, 0.00580221926793, 0.00310806278139, 0.00358774815686, 0.00209828140214, 0.00257073109969, 0.00206079683267, 0.000884179200511, 0.000886791502126, 0.000522274291143, 0.00022977363551, 0.000364136794815, 0.000230530626141, 0.000123974619783, 8.25883253128e-05, 0.000129354375531, 0.000147906001075, 0.000193873725948, 8.9047520305e-05, 0.000157267277245, 0.000240855719312, 0.000232125734328, 0.000375616393285, 0.000382412661565, 0.000312577933073, 0.000220178539166], "dmean": [5.22382324561e-05, 0.000411654124036, 0.000306902511511, 0.000230611607549, 0.000294447847409, 0.000172699554241, 0.000102243779111, 0.00011576119141, 0.000150583917275, 0.000167903956026, 0.000173103981069, 0.000111007204396, 7.47714439058e-05, 8.8376335043e-05, 0.000112265894131, 0.000186459452379, 7.24128403817e-05, 8.7306376372e-05, 5.69145267946e-05, 2.87166039925e-05, 2.3931841497e-05, 2.07510092878e-05, 1.69141603692e-05, 1.81218711077e-05, 1.07566338556e-05, 9.05615434021e-06, 8.88040449354e-06, 5.93553249928e-06, 3.52879033017e-06, 3.61360071111e-06, 2.99956809613e-06, 2.83744702756e-06, 2.82434029941e-06, 3.48499656866e-06, 5.39014354217e-06, 6.42768009129e-06, 6.72238729749e-06, 7.29363364371e-06, 6.14757664152e-06, 3.74823616767e-06], "dvar2": [1.24001200419e-08, 6.81222161347e-07, 7.10962240191e-07, 3.83765183187e-07, 6.87990905135e-07, 4.19229650106e-07, 3.52132531134e-07, 2.49169374911e-07, 3.84327677239e-07, 4.90083607474e-07, 4.32785498106e-07, 1.66961896753e-07, 8.90240698936e-08, 1.27287606233e-07, 1.95369807443e-07, 2.99845169138e-07, 5.64060584907e-08, 8.26981434443e-08, 3.51675204513e-08, 1.17356488971e-08, 7.52698881001e-09, 3.97919963646e-09, 2.72393529954e-09, 2.24965313045e-09, 5.6542009963e-10, 5.20301246532e-10, 3.88616777647e-10, 1.63922514451e-10, 6.32271041079e-11, 9.88736315044e-11, 1.02198652319e-10, 8.77424730095e-11, 5.77681028013e-11, 9.47007264274e-11, 2.6775712203e-10, 4.45525699666e-10, 8.36792690695e-10, 8.03594635279e-10, 6.63634258657e-10, 2.41061837158e-10], "dmean2": [8.34806123748e-05, 0.000618519843556, 0.000476593413623, 0.000367314234609, 0.000440884614363, 0.000267878436716, 0.000160412324476, 0.000171831226908, 0.000226229720283, 0.000255026447121, 0.000257750798482, 0.000165491568623, 0.000111325360194, 0.000137279857881, 0.000175464025233, 0.000293388671707, 0.000112326029921, 0.000134962465381, 8.7650376372e-05, 4.44120414613e-05, 3.58669240086e-05, 3.24002867274e-05, 2.68660569418e-05, 2.8868604204e-05, 1.71984520421e-05, 1.42094550029e-05, 1.37534807436e-05, 9.33263891056e-06, 5.50495951757e-06, 5.69436997466e-06, 4.64840786663e-06, 4.33465083916e-06, 4.37110702478e-06, 5.37233790965e-06, 8.16442570795e-06, 9.62505328062e-06, 9.97665483737e-06, 1.07573787318e-05, 9.23024254007e-06, 5.77761329623e-06], "var": [1.50182088987e-08, 1.11910105716e-06, 5.35461595064e-07, 3.24398513385e-07, 7.15576106813e-07, 2.94644706855e-07, 1.61242141417e-07, 1.72139721144e-07, 3.39131702276e-07, 4.17275231257e-07, 5.12422388965e-07, 2.27420656529e-07, 8.90977034373e-08, 8.15688068201e-08, 1.88714722071e-07, 2.26345548526e-07, 4.81583199985e-08, 1.02248627343e-07, 2.55734793342e-08, 1.0013295082e-08, 8.80315020879e-09, 4.26768709261e-09, 1.80087422752e-09, 1.98716176847e-09, 5.10350595118e-10, 4.59328908242e-10, 4.72191841183e-10, 1.91822085993e-10, 6.56642171193e-11, 8.20249215772e-11, 7.72073377453e-11, 6.31498880965e-11, 5.12603293146e-11, 7.8768505607e-11, 2.01785727016e-10, 3.27263327549e-10, 6.87130852217e-10, 7.91256726806e-10, 5.02622887755e-10, 1.44391873458e-10], "median": [6.86121566105e-05, 0.000492263992783, 0.000415746500948, 0.000219652487431, 0.000338610698236, 0.000106105413579, 4.59892071376e-05, 0.000104760692921, 0.000127343300846, 6.0008460423e-05, 6.69640212436e-05, 4.31707703683e-05, 3.51768430846e-05, 5.83213513892e-05, 6.02449799771e-05, 0.000178203044925, 5.10511526954e-05, 5.18076485605e-05, 5.29354765604e-05, 3.09404786094e-05, 1.97044591914e-05, 1.90525788639e-05, 1.53130713443e-05, 1.80409242603e-05, 1.61552543432e-05, 1.28562123791e-05, 1.20987870105e-05, 9.02714418771e-06, 5.89372348259e-06, 3.80183928428e-06, 2.22168955588e-06, 2.22958146878e-06, 2.6240313673e-06, 3.67869552065e-06, 4.16206512455e-06, 3.22509049511e-06, 2.3311881705e-06, 2.61546847469e-06, 1.58206830747e-06, 8.99649137409e-07], "min": [5.3076151258e-24, 6.72864776261e-25, 8.92314293699e-25, 4.13642607755e-24, 7.48555871649e-24, 2.92602985344e-24, 2.2350839415e-24, 1.14665941841e-23, 4.06261670138e-24, 4.46297386597e-24, 2.59006286859e-24, 4.9103211081e-24, 4.74762051855e-24, 4.65186897631e-24, 6.8509209071e-24, 9.3590970555e-24, 8.01169738583e-24, 7.88929693892e-24, 4.04103622803e-24, 4.35038448213e-24, 6.14640816531e-24, 9.44593486395e-24, 5.2589573963e-24, 9.54704553275e-24, 1.28914394842e-23, 8.01871272586e-24, 7.33018546146e-24, 7.06676823912e-24, 1.03964649231e-23, 6.9504073113e-24, 8.80005105349e-24, 7.16190013113e-24, 7.80670556873e-24, 8.75456454484e-24, 9.08392422796e-24, 9.00400946282e-24, 9.78569252266e-24, 9.91890430828e-24, 8.4566488574e-24, 7.02822133985e-24], "dvar": [4.80858020069e-09, 3.1462974448e-07, 2.94733951023e-07, 1.55582910111e-07, 3.00104204598e-07, 1.74193800717e-07, 1.39540020427e-07, 1.06590306359e-07, 1.62690838579e-07, 2.0565884995e-07, 1.92296269574e-07, 7.99577435373e-08, 4.14657321812e-08, 5.29756221113e-08, 8.55425668078e-08, 1.18959867734e-07, 2.50347493846e-08, 3.48695294861e-08, 1.45830565401e-08, 5.32435473488e-09, 3.53570883682e-09, 1.79721582061e-09, 1.11587006302e-09, 9.11307196372e-10, 2.40412328933e-10, 2.15962761563e-10, 1.64514540879e-10, 6.69914679285e-11, 2.7021858709e-11, 4.19678666819e-11, 4.48731919678e-11, 3.86878307168e-11, 2.67558752931e-11, 4.30830683629e-11, 1.21339646664e-10, 2.06391806423e-10, 3.98223370945e-10, 4.00977806514e-10, 3.22616683368e-10, 1.10656171726e-10], "mean": [0.000111618486699, 0.000895230798051, 0.000621787097771, 0.000408405467169, 0.000603081833106, 0.000285736838123, 0.000154985726112, 0.000220991074457, 0.000291219301289, 0.000272647070233, 0.000318331527524, 0.000211699370993, 0.000135947499075, 0.000148969353177, 0.000187848592759, 0.000328756257659, 0.000117269126349, 0.0001602214179, 0.000100997873233, 5.24813876837e-05, 4.06190010835e-05, 3.67724242096e-05, 2.95747486234e-05, 3.42670937243e-05, 2.25076128118e-05, 1.8868371626e-05, 1.93165906239e-05, 1.30899852593e-05, 8.01590795163e-06, 6.70021154292e-06, 4.90274032927e-06, 4.70436179967e-06, 4.95799349665e-06, 6.46040734864e-06, 8.90247520147e-06, 9.37883032748e-06, 9.96711514745e-06, 1.07166597445e-05, 7.73802003096e-06, 4.36793015979e-06]}, "spectral_centroid": {"max": 11096.6982422, "dmean": 272.153961182, "dvar2": 229049.59375, "dmean2": 391.890228271, "var": 513288.34375, "median": 1741.00598145, "min": 144.538696289, "dvar": 131818.28125, "mean": 1732.57177734}, "pitch_salience": {"max": 0.979680716991, "dmean": 0.0616822019219, "dvar2": 0.00705683836713, "dmean2": 0.0952036380768, "var": 0.0112497014925, "median": 0.538593053818, "min": 0.0469911582768, "dvar": 0.00312204565853, "mean": 0.537074923515}, "gfcc": {"icov": [[0.000145685713505, 0.000142747492646, 0.000309524766635, 8.29819546198e-05, -4.44143806817e-05, -0.000256007042481, 0.000320429418935, -5.96357931499e-05, 0.00012691532902, -0.00015608058311, 0.00016947844415, -0.000183967480552, 0.000261150911683], [0.000142747492646, 0.00107269349974, 0.000266529299552, 0.000237274725805, -0.000323023210512, 0.000298693717923, -0.000495799526107, 0.000804721435998, -0.000961206329521, 0.000508026219904, -0.000853558129165, 0.000996691640466, -0.000469964405056], [0.000309524766635, 0.000266529299552, 0.00159417267423, 4.54634864582e-05, -0.000401431927457, -0.000413581350585, 0.000294725090498, 0.0003986437805, -0.000501306785736, -0.000777677865699, 0.00119374797214, -0.000693673733622, 0.000791008467786], [8.29819546198e-05, 0.000237274725805, 4.54634864582e-05, 0.00339292292483, -0.000500898924656, -0.00141629565042, 0.00135197665077, -0.000731860811356, -0.000501954462379, 0.000134012385388, 0.000162570198881, 0.000165860925335, -0.000290722091449], [-4.44143806817e-05, -0.000323023210512, -0.000401431927457, -0.000500898924656, 0.0050476626493, -0.000292249111226, -0.000873125507496, 0.00178215897176, -0.000860611151438, -0.00061483978061, 0.00070633465657, -0.000242068999796, 0.000372300070012], [-0.000256007042481, 0.000298693717923, -0.000413581350585, -0.00141629565042, -0.000292249111226, 0.00757427327335, -0.002684840234, -0.000216304906644, 1.76909034053e-05, -0.0011054254137, -0.00083045050269, 0.00110720098019, -0.00129463314079], [0.000320429418935, -0.000495799526107, 0.000294725090498, 0.00135197665077, -0.000873125507496, -0.002684840234, 0.006749315653, -0.00278018577956, 0.00150606175885, 0.000970891385805, 0.000188854537555, -0.000953185779508, 0.00191433064174], [-5.96357931499e-05, 0.000804721435998, 0.0003986437805, -0.000731860811356, 0.00178215897176, -0.000216304906644, -0.00278018577956, 0.0117650320753, -0.00435146316886, 0.00128348357975, 0.00069917232031, 0.000134395828354, 0.00151172513142], [0.00012691532902, -0.000961206329521, -0.000501306785736, -0.000501954462379, -0.000860611151438, 1.76909034053e-05, 0.00150606175885, -0.00435146316886, 0.0106712915003, -0.00400822982192, 0.000715587055311, -0.000282863125904, -0.000431907596067], [-0.00015608058311, 0.000508026219904, -0.000777677865699, 0.000134012385388, -0.00061483978061, -0.0011054254137, 0.000970891385805, 0.00128348357975, -0.00400822982192, 0.0135198840871, -0.00322749605402, 7.20930620446e-05, 0.00169307226315], [0.00016947844415, -0.000853558129165, 0.00119374797214, 0.000162570198881, 0.00070633465657, -0.00083045050269, 0.000188854537555, 0.00069917232031, 0.000715587055311, -0.00322749605402, 0.0130053749308, -0.00352081283927, 0.00138293427881], [-0.000183967480552, 0.000996691640466, -0.000693673733622, 0.000165860925335, -0.000242068999796, 0.00110720098019, -0.000953185779508, 0.000134395828354, -0.000282863125904, 7.20930620446e-05, -0.00352081283927, 0.0139392148703, -0.00422356370836], [0.000261150911683, -0.000469964405056, 0.000791008467786, -0.000290722091449, 0.000372300070012, -0.00129463314079, 0.00191433064174, 0.00151172513142, -0.000431907596067, 0.00169307226315, 0.00138293427881, -0.00422356370836, 0.016621671617]], "cov": [[20544.5625, -3447.14038086, -3336.84228516, 91.3163223267, -536.866699219, 323.766815186, -801.467041016, 160.810668945, -545.931213379, 63.9067878723, -21.8479537964, 208.582809448, -110.810379028], [-3447.14038086, 1950.51159668, 232.623596191, -154.406173706, 159.946228027, -105.730178833, 212.900085449, -97.0364303589, 138.646408081, -48.4326400757, 87.0920181274, -107.056167603, 42.1125602722], [-3336.84228516, 232.623596191, 1411.06286621, 56.2234573364, 171.718673706, -3.12918615341, 73.0363464355, -31.8914051056, 149.761306763, 68.0136413574, -70.7502670288, -2.15344953537, -14.4619026184], [91.3163223267, -154.406173706, 56.2234573364, 370.056182861, 25.8397922516, 61.8699493408, -66.9662322998, 24.4235229492, 35.6891059875, 20.7906360626, -16.4941806793, 0.224420383573, 7.96686983109], [-536.866699219, 159.946228027, 171.718673706, 25.8397922516, 249.076461792, 13.952662468, 36.9044494629, -33.4349861145, 39.2389183044, 20.3341808319, -8.56082630157, -6.43077945709, -2.43767762184], [323.766815186, -105.730178833, -3.12918615341, 61.8699493408, 13.952662468, 177.937576294, 44.8078308105, 22.7260017395, -0.584141492844, 17.2379455566, 1.50723326206, -0.606336593628, -2.57646155357], [-801.467041016, 212.900085449, 73.0363464355, -66.9662322998, 36.9044494629, 44.8078308105, 255.89414978, 34.7100753784, -0.959979355335, -25.2984828949, 6.55401039124, -10.3973197937, -16.6354827881], [160.810668945, -97.0364303589, -31.8914051056, 24.4235229492, -33.4349861145, 22.7260017395, 34.7100753784, 122.793235779, 30.8165817261, -1.96438980103, -10.4400625229, -0.311579525471, -14.1815748215], [-545.931213379, 138.646408081, 149.761306763, 35.6891059875, 39.2389183044, -0.584141492844, -0.959979355335, 30.8165817261, 152.366226196, 40.2390060425, -2.20474815369, -7.22069883347, 0.58728158474], [63.9067878723, -48.4326400757, 68.0136413574, 20.7906360626, 20.3341808319, 17.2379455566, -25.2984828949, -1.96438980103, 40.2390060425, 101.489883423, 15.6024932861, 5.80329799652, -10.3826580048], [-21.8479537964, 87.0920181274, -70.7502670288, -16.4941806793, -8.56082630157, 1.50723326206, 6.55401039124, -10.4400625229, -2.20474815369, 15.6024932861, 98.7314147949, 15.3848581314, 0.43621006608], [208.582809448, -107.056167603, -2.15344953537, 0.224420383573, -6.43077945709, -0.606336593628, -10.3973197937, -0.311579525471, -7.22069883347, 5.80329799652, 15.3848581314, 89.7877807617, 15.8812351227], [-110.810379028, 42.1125602722, -14.4619026184, 7.96686983109, -2.43767762184, -2.57646155357, -16.6354827881, -14.1815748215, 0.58728158474, -10.3826580048, 0.43621006608, 15.8812351227, 72.0532913208]], "mean": [21.1156959534, 55.6833190918, -121.690940857, 19.0467357635, -59.2323265076, 20.5352916718, -48.9038200378, 3.62472033501, -31.6937503815, -1.16391193867, -18.0806312561, -8.72598743439, -21.1967391968]}, "spectral_flux": {"max": 0.25119420886, "dmean": 0.0232482571155, "dvar2": 0.00110826944001, "dmean2": 0.0360992215574, "var": 0.00193943560589, "median": 0.0908111408353, "min": 6.76258216092e-11, "dvar": 0.000495778163895, "mean": 0.0889137834311}, "zerocrossingrate": {"max": 0.5205078125, "dmean": 0.01953407377, "dvar2": 0.000774213927798, "dmean2": 0.0219358727336, "var": 0.00337934494019, "median": 0.08642578125, "min": 0.005859375, "dvar": 0.000681850069668, "mean": 0.0986881554127}, "spectral_energyband_middle_low": {"max": 0.0733285471797, "dmean": 0.00353080383502, "dvar2": 5.95693200012e-05, "dmean2": 0.00535799469799, "var": 6.20293503744e-05, "median": 0.00793909840286, "min": 2.61216660127e-22, "dvar": 2.45357678068e-05, "mean": 0.00984913483262}, "silence_rate_20dB": {"max": 1, "dmean": 0, "dvar2": 0, "dmean2": 0, "var": 0, "median": 1, "min": 1, "dvar": 0, "mean": 1}, "silence_rate_30dB": {"max": 1, "dmean": 0, "dvar2": 0, "dmean2": 0, "var": 0, "median": 1, "min": 1, "dvar": 0, "mean": 1}, "spectral_entropy": {"max": 9.80652523041, "dmean": 0.18700183928, "dvar2": 0.0724299550056, "dmean2": 0.256294101477, "var": 0.438998728991, "median": 7.69415616989, "min": 4.58269739151, "dvar": 0.0418133735657, "mean": 7.62680625916}, "spectral_rolloff": {"max": 18841.5527344, "dmean": 1018.81860352, "dvar2": 7548396.5, "dmean2": 1673.54455566, "var": 6263052.5, "median": 1937.98828125, "min": 43.06640625, "dvar": 3558898.5, "mean": 2793.56738281}, "spectral_complexity": {"max": 57, "dmean": 3.52404141426, "dvar2": 32.9122810364, "dmean2": 5.34621810913, "var": 86.49634552, "median": 25, "min": 0, "dvar": 16.8491764069, "mean": 23.7962875366}, "spectra