{"metadata": {"audio_properties": {"downmix": "mix", "bit_rate": 320000, "lossless": false, "md5_encoded": "6f488e5f32b8bd15eb306ed8ed264d0a", "analysis_sample_rate": 44100, "sample_rate": 44100, "replay_gain": -11.3543949127, "equal_loudness": 0, "codec": "mp3", "length": 203.284896851}, "tags": {"musicbrainz_albumid": ["898732fa-6cd0-3c92-b604-353eeeba27ae"], "musicbrainz_recordingid": ["49161548-8f22-47b7-89d6-105b99731642"], "tracknumber": ["4/15"], "artist": ["No te va gustar"], "acoustid_id": ["757eec8b-a3a2-4dfe-b1ed-db10ed4741a6"], "barcode": ["4042564012859"], "album": ["Sólo de noche"], "musicbrainz album type": ["album"], "originaldate": ["1999"], "albumartist": ["No te va gustar"], "asin": ["B0007GADSG"], "media": ["CD"], "musicbrainz_albumartistid": ["bbd05acc-33f0-4db6-bc01-41c8b4bfe2df"], "file_name": "04 Yrigoyen.mp3", "musicbrainz album release country": ["DE"], "catalognumber": ["UER017"], "musicbrainz_artistid": ["bbd05acc-33f0-4db6-bc01-41c8b4bfe2df"], "albumartistsort": ["No te va gustar"], "script": ["Latn"], "label": ["Übersee records"], "musicbrainz album status": ["official"], "date": ["2005"], "title": ["Yrigoyen"], "discnumber": ["1/1"], "artistsort": ["No te va gustar"], "genre": ["Pop"]}, "version": {"essentia_build_sha": "70f2e5ece6736b2c40cc944ad0e695b16b925413", "essentia_git_sha": "v2.1_beta2", "extractor": "music 1.0", "essentia": "2.1-beta2"}}, "tonal": {"chords_scale": "major", "hpcp": {"dmean": [0.129320323467, 0.147618234158, 0.151748925447, 0.162553936243, 0.155052423477, 0.123098544776, 0.0987641513348, 0.100698426366, 0.116680763662, 0.138686165214, 0.151246845722, 0.115613788366, 0.0927988961339, 0.0836678668857, 0.0894285812974, 0.115991309285, 0.126082867384, 0.122194431722, 0.105197981, 0.101506412029, 0.0920277833939, 0.0950616598129, 0.100158847868, 0.145401537418, 0.198381647468, 0.164286375046, 0.0863150581717, 0.0587774813175, 0.0602649822831, 0.0728526338935, 0.114254921675, 0.124901168048, 0.101564668119, 0.0818382650614, 0.0766788870096, 0.0984936654568], "dvar2": [0.11979046464, 0.139404058456, 0.128732487559, 0.13349750638, 0.129967540503, 0.114872336388, 0.107507027686, 0.106665894389, 0.128209650517, 0.129232913256, 0.145229130983, 0.110346257687, 0.102494753897, 0.0903258472681, 0.0918202400208, 0.1098491624, 0.123188875616, 0.112001515925, 0.112411662936, 0.108122423291, 0.102763488889, 0.1001399979, 0.103545330465, 0.120161868632, 0.19272749126, 0.12264470011, 0.0712992027402, 0.0585314519703, 0.0614290870726, 0.0658994540572, 0.0957370623946, 0.110964976251, 0.0925500243902, 0.0871732905507, 0.0827287659049, 0.102291382849], "mean": [0.130512192845, 0.155064076185, 0.151080936193, 0.196428924799, 0.200654670596, 0.121444657445, 0.078488253057, 0.0788538977504, 0.100786216557, 0.166802510619, 0.183160468936, 0.117744959891, 0.0762040615082, 0.0671259686351, 0.0769542604685, 0.135580465198, 0.16932746768, 0.13428966701, 0.122015938163, 0.103303000331, 0.0786515697837, 0.0893826857209, 0.0932835936546, 0.152085214853, 0.272137224674, 0.224420487881, 0.0835111066699, 0.0489364974201, 0.0470740273595, 0.0624935254455, 0.139170229435, 0.169983446598, 0.10549595207, 0.0609139166772, 0.0543268173933, 0.0779797136784], "var": [0.0531925112009, 0.0648492500186, 0.0532329827547, 0.0822440460324, 0.0935156494379, 0.0477598756552, 0.029957221821, 0.0290665533394, 0.0415219515562, 0.0718613415956, 0.0822413638234, 0.0455053187907, 0.0308246668428, 0.0261038374156, 0.0309100802988, 0.0575700215995, 0.0861585959792, 0.0513749904931, 0.0676520392299, 0.0481683164835, 0.0314691513777, 0.0372616313398, 0.0384087115526, 0.0492404475808, 0.132109731436, 0.0990350246429, 0.025400461629, 0.017726637423, 0.0166820250452, 0.019442986697, 0.0571604780853, 0.0811106339097, 0.041317075491, 0.0233347713947, 0.0203296449035, 0.0295317843556], "dmean2": [0.229032859206, 0.258833497763, 0.264977306128, 0.278166860342, 0.269520074129, 0.217463448644, 0.180028527975, 0.183691695333, 0.21278694272, 0.242992997169, 0.261636584997, 0.203797370195, 0.168084725738, 0.15320712328, 0.161006376147, 0.202653080225, 0.223636224866, 0.216080442071, 0.187719494104, 0.179463908076, 0.167995363474, 0.168411836028, 0.178109779954, 0.257598787546, 0.350570768118, 0.279390335083, 0.152833804488, 0.105471126735, 0.10966873914, 0.132520258427, 0.196161270142, 0.21460993588, 0.179642468691, 0.150203227997, 0.141971513629, 0.178699493408], "dvar": [0.0466035045683, 0.0547384209931, 0.0489157550037, 0.0546020567417, 0.0565743483603, 0.0434694103897, 0.0389112830162, 0.0385714732111, 0.0469607561827, 0.052053835243, 0.0578899383545, 0.0414981469512, 0.0372766517103, 0.0328347533941, 0.0346538312733, 0.0419788658619, 0.0493886880577, 0.0421749614179, 0.0465053506196, 0.0411933399737, 0.0364262610674, 0.0374176539481, 0.039147220552, 0.0440051630139, 0.0807541310787, 0.0522831454873, 0.0260038115084, 0.0214600022882, 0.022234801203, 0.0237252376974, 0.039601713419, 0.0474883653224, 0.0352743193507, 0.03178133443, 0.0296016074717, 0.0371953472495], "min": [0, 0, 0, 0, 0, 0, 0, 0, 0, 0, 0, 0, 0, 0, 0, 0, 0, 0, 0, 0, 0, 0, 0, 0, 0, 0, 0, 0, 0, 0, 0, 0, 0, 0, 0, 0], "median": [0.027948461473, 0.0415930002928, 0.0481677353382, 0.0551768615842, 0.0449400804937, 0.024368243292, 0.0146046755835, 0.0130795333534, 0.0152275031433, 0.0346731394529, 0.0374824404716, 0.0240694768727, 0.0122010242194, 0.0110798347741, 0.014905388467, 0.0267130285501, 0.0299819353968, 0.026724960655, 0.0136452363804, 0.0108743105084, 0.0120998006314, 0.0119861336425, 0.0129323592409, 0.0382862463593, 0.0554776079953, 0.0522101260722, 0.0180230904371, 0.00684557389468, 0.00632960954681, 0.0128716668114, 0.0307835508138, 0.0343588739634, 0.0204188600183, 0.00836353190243, 0.00624729413539, 0.0103765046224], "max": [1, 1, 1, 1, 1, 1, 1, 1, 1, 1, 1, 1, 1, 1, 1, 1, 1, 1, 1, 1, 1, 1, 1, 1, 1, 1, 1, 1, 1, 1, 1, 1, 1, 1, 1, 1]}, "tuning_equal_tempered_deviation": 0.224751248956, "chords_key": "F", "chords_strength": {"dmean": 0.0145338755101, "dvar2": 0.000989195890725, "mean": 0.507198154926, "var": 0.0251040961593, "dmean2": 0.0142115084454, "dvar": 0.00054799229838, "min": -1, "median": 0.512192666531, "max": 0.836154282093}, "tuning_diatonic_strength": 0.688283205032, "thpcp": [1, 0.82465928793, 0.306871324778, 0.179822877049, 0.172979012132, 0.229639753699, 0.511397242546, 0.624624013901, 0.38765719533, 0.223835304379, 0.199630230665, 0.286545574665, 0.479582279921, 0.569801032543, 0.555164515972, 0.721801042557, 0.737329006195, 0.446262568235, 0.288414239883, 0.289757847786, 0.370350718498, 0.612935304642, 0.673044502735, 0.432667613029, 0.280020713806, 0.246662214398, 0.282777398825, 0.49820625782, 0.622213542461, 0.493463069201, 0.448361814022, 0.379598945379, 0.289014369249, 0.3284471035, 0.342781454325, 0.558854877949], "chords_histogram": [21.5345973969, 2.30646276474, 28.5681667328, 6.12011861801, 4.27038145065, 0, 2.16944503784, 0, 0.0228362642229, 0, 0.822105526924, 0, 0.182690113783, 0, 0.159853845835, 0.502397835255, 0, 5.68622970581, 0.0456725284457, 0.959123075008, 0.388216495514, 5.52637577057, 2.80886054039, 17.9264678955], "tuning_nontempered_energy_ratio": 0.900098025799, "tuning_frequency": 434.193115234, "key_strength": 0.837589800358, "chords_changes_rate": 0.0872345268726, "key_scale": "major", "hpcp_entropy": {"dmean": 0.653111040592, "dvar2": 0.821234166622, "mean": 1.97582769394, "var": 0.603900194168, "dmean2": 1.09188866615, "dvar": 0.313708156347, "min": 0, "median": 2.00330734253, "max": 4.50943279266}, "key_key": "A#", "chords_number_rate": 0.00228362646885}, "lowlevel": {"melbands_skewness": {"dmean": 1.21563446522, "dvar2": 6.42407226562, "mean": 3.02336740494, "var": 7.02975463867, "dmean2": 1.88254499435, "dvar": 2.65645980835, "min": -3.60151958466, "median": 2.38924980164, "max": 21.2604789734}, "melbands_kurtosis": {"dmean": 16.8130245209, "dvar2": 3208.35961914, "mean": 24.5235958099, "var": 2265.2487793, "dmean2": 27.0593318939, "dvar": 1296.88720703, "min": -1.89719629288, "median": 8.54423618317, "max": 624.225585938}, "barkbands_kurtosis": {"dmean": 7.13986587524, "dvar2": 691.76940918, "mean": 9.32296943665, "var": 432.805786133, "dmean2": 11.6992301941, "dvar": 271.682373047, "min": -1.95412838459, "median": 3.14142227173, "max": 463.442199707}, "hfc": {"dmean": 6.86663389206, "dvar2": 321.759277344, "mean": 16.653799057, "var": 304.235656738, "dmean2": 10.5871200562, "dvar": 130.783340454, "min": 1.08464441633e-16, "median": 11.1070709229, "max": 135.918151855}, "silence_rate_20dB": {"dmean": 0, "dvar2": 0, "mean": 1, "var": 0, "dmean2": 0, "dvar": 0, "min": 1, "median": 1, "max": 1}, "erbbands_flatness_db": {"dmean": 0.0242949351668, "dvar2": 0.00118787284009, "mean": 0.170410588384, "var": 0.00367731205188, "dmean2": 0.033509761095, "dvar": 0.000637829012703, "min": 0.0335986874998, "median": 0.164185777307, "max": 0.46513620019}, "spectral_flux": {"dmean": 0.0488656461239, "dvar2": 0.0122502204031, "mean": 0.0949202179909, "var": 0.00979761965573, "dmean2": 0.0755424126983, "dvar": 0.00629388354719, "min": 6.33467861499e-11, "median": 0.0646672621369, "max": 0.591053783894}, "spectral_energyband_low": {"dmean": 0.019449589774, "dvar2": 0.00790077168494, "mean": 0.0174957327545, "var": 0.00188950356096, "dmean2": 0.0347501076758, "dvar": 0.00285938102752, "min": 9.17486963514e-24, "median": 0.00621331948787, "max": 0.369731098413}, "spectral_rolloff": {"dmean": 462.651275635, "dvar2": 2256365.75, "mean": 1323.79870605, "var": 5231914.5, "dmean2": 777.303405762, "dvar": 1081461, "min": 21.533203125, "median": 861.328125, "max": 19745.9472656}, "spectral_entropy": {"dmean": 0.222199752927, "dvar2": 0.136602595448, "mean": 7.35519695282, "var": 0.387654572725, "dmean2": 0.309002310038, "dvar": 0.0767525359988, "min": 3.86047911644, "median": 7.42468547821, "max": 9.81846523285}, "spectral_energy": {"dmean": 0.0246987603605, "dvar2": 0.00877932738513, "mean": 0.0331634581089, "var": 0.00252774474211, "dmean2": 0.0423283204436, "dvar": 0.00323597132228, "min": 9.85502093223e-21, "median": 0.018824622035, "max": 0.385411262512}, "spectral_centroid": {"dmean": 261.522338867, "dvar2": 259361.546875, "mean": 1295.06286621, "var": 1413373.25, "dmean2": 394.740722656, "dvar": 130505.203125, "min": 133.972839355, "median": 1099.38317871, "max": 11686.5371094}, "barkbands_flatness_db": {"dmean": 0.0298686213791, "dvar2": 0.00226999842562, "mean": 0.166907802224, "var": 0.00566872488707, "dmean2": 0.0447098426521, "dvar": 0.00104460213333, "min": 0.0253173001111, "median": 0.152393937111, "max": 0.562303125858}, "spectral_rms": {"dmean": 0.00153412984218, "dvar2": 1.82577587111e-05, "mean": 0.00469179870561, "var": 1.03415195554e-05, "dmean2": 0.00241464050487, "dvar": 7.25906465959e-06, "min": 3.10075077593e-12, "median": 0.00428549665958, "max": 0.0193910021335}, "melbands": {"dmean": [0.00403570989147, 0.00331058632582, 0.00076249439735, 0.000569076277316, 0.000178219430381, 0.000166435347637, 0.000301269814372, 0.000303885026369, 0.000169570193975, 0.000104473816464, 8.68920833454e-05, 7.11611792212e-05, 6.16461620666e-05, 7.74244690547e-05, 3.95341412514e-05, 3.47552158928e-05, 3.34083051712e-05, 1.93980667973e-05, 1.79431699507e-05, 1.55999769049e-05, 1.05850949694e-05, 8.37642528495e-06, 6.96370170772e-06, 4.59330658487e-06, 3.81440918318e-06, 4.65891253043e-06, 4.19252455686e-06, 3.91265302824e-06, 3.04191644318e-06, 3.20669664688e-06, 2.06820550375e-06, 1.73782677848e-06, 1.29975683194e-06, 8.21748812996e-07, 8.50677110975e-07, 8.64379103405e-07, 7.01954604665e-07, 5.58154511054e-07, 3.37285115393e-07, 2.56865149595e-07], "dvar2": [0.000345319276676, 0.000261141947703, 1.11573845061e-05, 1.41092923513e-05, 1.07856158138e-06, 9.66654170043e-07, 9.34006664011e-07, 1.16322905797e-06, 4.82914629174e-07, 1.67883655422e-07, 1.56036904286e-07, 6.39949462311e-08, 5.95138622828e-08, 1.02870700402e-07, 3.07169010227e-08, 1.69302190045e-08, 1.92792803944e-08, 5.44503375721e-09, 3.33301053423e-09, 2.75830780438e-09, 1.1570915337e-09, 6.73785582883e-10, 4.42397896094e-10, 2.82385254069e-10, 1.47706943898e-10, 2.14241971386e-10, 2.31882887891e-10, 2.27169963396e-10, 1.26215760066e-10, 2.10793354993e-10, 5.28999795357e-11, 3.22349577586e-11, 2.73612486834e-11, 1.19841367732e-11, 2.32804261979e-11, 3.64908346595e-11, 2.7853688106e-11, 1.18588758605e-11, 4.32624075453e-12, 2.97074452711e-12], "mean": [0.00334954075515, 0.00298200896941, 0.000818918459117, 0.000521952984855, 0.000233813610976, 0.000201271861442, 0.000589231611229, 0.000530707708094, 0.000330554088578, 0.000166103141964, 0.000137974944664, 0.000114828188089, 9.62471967796e-05, 0.000117624535051, 5.77293503738e-05, 5.50769836991e-05, 5.29275494046e-05, 2.9792996429e-05, 2.98265531455e-05, 2.40310200752e-05, 1.6986807168e-05, 1.39189905894e-05, 1.13446867545e-05, 7.25105473975e-06, 5.85095449424e-06, 6.58150929667e-06, 5.77916352995e-06, 4.75453725812e-06, 3.76136517843e-06, 3.23161748383e-06, 2.56764678852e-06, 2.24430891649e-06, 1.62042658758e-06, 1.31062256514e-06, 1.28044712255e-06, 1.27030500607e-06, 1.00200406905e-06, 8.41559995024e-07, 5.25389452832e-07, 3.90450537679e-07], "var": [8.27064068289e-05, 5.79444749746e-05, 3.43436477124e-06, 3.7901977521e-06, 3.70295026642e-07, 3.30524585479e-07, 1.35809284529e-06, 1.01381556306e-06, 7.70950748574e-07, 1.68300758219e-07, 1.71453052644e-07, 6.63308910021e-08, 4.68185277214e-08, 6.98082303074e-08, 2.04738128673e-08, 1.78400014761e-08, 1.76001666574e-08, 3.60305407732e-09, 2.43544451273e-09, 1.93942550908e-09, 7.44980133138e-10, 5.00368357859e-10, 3.16652926102e-10, 1.72884442873e-10, 1.01208125214e-10, 1.05529612826e-10, 1.24395271861e-10, 1.3735802773e-10, 5.30417966493e-11, 5.22351363552e-11, 2.16311690782e-11, 1.70001755728e-11, 9.84592008618e-12, 9.56324602841e-12, 1.80747326828e-11, 3.28622580537e-11, 2.31176622983e-11, 1.13319319206e-11, 3.69313867682e-12, 2.23499604241e-12], "dmean2": [0.00722177932039, 0.00599441351369, 0.00135439704172, 0.000983671285212, 0.000300395564409, 0.000279421597952, 0.000471152307, 0.00047995717614, 0.000262095039943, 0.000162138181622, 0.000135699126986, 0.00011083066056, 9.7782969533e-05, 0.000126916071167, 6.42404338578e-05, 5.34061910002e-05, 5.29603494215e-05, 3.11224503093e-05, 2.80239873973e-05, 2.51548790402e-05, 1.72838972503e-05, 1.37084853122e-05, 1.14406848297e-05, 7.53893300498e-06, 6.29303758615e-06, 7.69406506151e-06, 6.86063003741e-06, 6.65209427098e-06, 5.21877291249e-06, 5.70440852243e-06, 3.5304751691e-06, 2.94550522995e-06, 2.22338212552e-06, 1.28624571971e-06, 1.27953239826e-06, 1.29149179884e-06, 1.03211971236e-06, 8.10446636024e-07, 5.03238481997e-07, 3.79984186338e-07], "dvar": [0.00012491121015, 9.28656372707e-05, 4.03729654863e-06, 5.30896340933e-06, 3.98814165692e-07, 3.56902944532e-07, 4.16821023919e-07, 4.84198267259e-07, 2.14756298078e-07, 7.6286191586e-08, 7.17827717267e-08, 2.76686371592e-08, 2.37781652146e-08, 3.76113256095e-08, 1.19659748776e-08, 7.64205942971e-09, 8.23574541897e-09, 2.15235118617e-09, 1.36736288958e-09, 1.12315179379e-09, 4.39561026466e-10, 2.58787241636e-10, 1.68632829922e-10, 1.07767635094e-10, 5.69581638798e-11, 8.19070297697e-11, 9.60386700721e-11, 9.1543800318e-11, 4.69231875577e-11, 7.44829406485e-11, 1.96636838756e-11, 1.26428893396e-11, 9.95486939409e-12, 5.33284787857e-12, 1.05974794912e-11, 1.85753443877e-11, 1.37952973697e-11, 6.1377986027e-12, 2.14638224728e-12, 1.43721406304e-12], "min": [1.24431024189e-24, 4.3401919062e-25, 1.27754889613e-24, 1.18465648163e-24, 2.27822122238e-24, 1.40396237708e-24, 1.13464979999e-24, 2.66841332256e-24, 1.36646160597e-24, 1.69517688834e-24, 1.91145809387e-24, 2.25607138867e-24, 2.99379596343e-24, 1.79446647175e-24, 2.65620984157e-24, 1.92380140045e-24, 2.97213857614e-24, 2.31224045449e-24, 2.78566802979e-24, 2.36858918338e-24, 3.81792348706e-24, 3.92741225311e-24, 4.79366475187e-24, 4.01862232313e-24, 3.80463078638e-24, 4.88042761853e-24, 3.98914180224e-24, 5.21810899534e-24, 5.65359847478e-24, 3.77110814221e-24, 4.7254416942e-24, 5.58894146283e-24, 5.63739329963e-24, 4.60979586879e-24, 6.01123882135e-24, 5.78067371142e-24, 5.12314789172e-24, 5.39230920474e-24, 6.01766291013e-24, 5.58535648445e-24], "median": [0.000789014040492, 0.00106505688746, 0.00031352986116, 0.000144434947288, 7.31441396056e-05, 4.92151739309e-05, 8.55893958942e-05, 0.000108550018922, 2.9262220778e-05, 2.47617663263e-05, 1.77187939698e-05, 2.17295073526e-05, 1.50535261128e-05, 1.54634144565e-05, 1.04050286609e-05, 8.73740373208e-06, 7.22580898582e-06, 8.59782994667e-06, 1.06880233943e-05, 8.81630148797e-06, 6.31520106253e-06, 5.32867534275e-06, 4.15277600041e-06, 2.12533450394e-06, 1.69354427726e-06, 2.6763450478e-06, 2.26714064411e-06, 1.24022221826e-06, 1.06086645246e-06, 8.7994817477e-07, 7.92466494204e-07, 6.72945589031e-07, 4.51572702787e-07, 3.77248454697e-07, 3.20335999504e-07, 2.47346179094e-07, 1.83875386028e-07, 1.59297471214e-07, 1.12788306694e-07, 6.68026558515e-08], "max": [0.0833125859499, 0.0822660475969, 0.0300264898688, 0.0332453511655, 0.00992912985384, 0.0108970953152, 0.00859179161489, 0.0118683213368, 0.00847530644387, 0.00617670174688, 0.00725882733241, 0.00400045374408, 0.00307773402892, 0.00408389186487, 0.00280870310962, 0.00202673487365, 0.00253443769179, 0.00116229790729, 0.000969169021118, 0.00121328362729, 0.000519927532878, 0.000392186571844, 0.00020115141524, 0.000232430305914, 0.000106895771751, 0.00017243885668, 0.000477175432025, 0.000288211187581, 9.45535721257e-05, 0.000100387333077, 5.82639659115e-05, 5.50159857085e-05, 5.92712822254e-05, 6.84221449774e-05, 8.51757577038e-05, 0.000141724885907, 0.00014021609968, 8.18956686999e-05, 6.79210206727e-05, 7.45879442547e-05]}, "barkbands_crest": {"dmean": 3.14241075516, "dvar2": 23.7795963287, "mean": 12.220952034, "var": 23.7232875824, "dmean2": 5.16324472427, "dvar": 9.14161300659, "min": 2.54975628853, "median": 11.6346683502, "max": 26.0195789337}, "mfcc": {"icov": [[7.71790219005e-05, -1.98161342269e-05, 8.13487495179e-05, -4.31389926234e-05, 6.74536640872e-05, -0.000120317818073, 0.000155307076056, -5.21536094311e-05, -8.12080106698e-05, -5.95174824412e-05, -1.61031894095e-05, -0.000172936706804, 8.00194902695e-06], [-1.98161342269e-05, 0.00064798706444, 0.000156494250405, -0.00020643483731, -1.15651255328e-05, 3.24377106153e-05, -0.000328601832734, -3.10309951601e-05, 1.1588116422e-06, 5.1364680985e-05, -0.000103309677797, 3.67884858861e-05, -0.000218681525439], [8.13487495179e-05, 0.000156494250405, 0.00112535594963, -0.000277740997262, -4.3667772843e-05, -0.000735021370929, 0.000314991135383, -3.89978267776e-05, 4.45395235147e-05, 0.000537025509402, -5.24050046806e-05, -0.000507248216309, -0.000265680078883], [-4.31389926234e-05, -0.00020643483731, -0.000277740997262, 0.0027055775281, -0.00120330939535, -0.000855212158058, -0.00045304041123, 0.000825162453111, -0.00107918633148, 0.000325383298332, 0.000442744640168, 0.000528764212504, -0.00084713922115], [6.74536640872e-05, -1.15651255328e-05, -4.3667772843e-05, -0.00120330939535, 0.00303582381457, -0.000428141123848, -3.70260095224e-05, 0.000340137718013, -0.000190466525964, -0.0010446010856, 0.000120584343676, 0.000435209396528, -0.000878388877027], [-0.000120317818073, 3.24377106153e-05, -0.000735021370929, -0.000855212158058, -0.000428141123848, 0.0052442685701, -0.00142940459773, -0.000901182531379, -0.000641447317321, -0.00057908234885, -0.000532041478436, 1.16490109576e-05, 0.000788382836618], [0.000155307076056, -0.000328601832734, 0.000314991135383, -0.00045304041123, -3.70260095224e-05, -0.00142940459773, 0.00647806283087, -0.00253482954577, -0.000909834518097, 8.90537558007e-05, 0.000119149728562, -0.000319300161209, -7.87230746937e-05], [-5.21536094311e-05, -3.10309951601e-05, -3.89978267776e-05, 0.000825162453111, 0.000340137718013, -0.000901182531379, -0.00253482954577, 0.00678529171273, -0.00141824164893, 0.000247780961217, -0.000744344957639, 0.000604486849625, -0.000233818238485], [-8.12080106698e-05, 1.1588116422e-06, 4.45395235147e-05, -0.00107918633148, -0.000190466525964, -0.000641447317321, -0.000909834518097, -0.00141824164893, 0.0102566359565, -0.00202937657014, -0.000612505362369, 0.000215834530536, -0.000170808940311], [-5.95174824412e-05, 5.1364680985e-05, 0.000537025509402, 0.000325383298332, -0.0010446010856, -0.00057908234885, 8.90537558007e-05, 0.000247780961217, -0.00202937657014, 0.00856580212712, -0.00123461394105, -0.00035236144322, 0.000974701077212], [-1.61031894095e-05, -0.000103309677797, -5.24050046806e-05, 0.000442744640168, 0.000120584343676, -0.000532041478436, 0.000119149728562, -0.000744344957639, -0.000612505362369, -0.00123461394105, 0.0109091680497, -0.0038280650042, -0.000421831500717], [-0.000172936706804, 3.67884858861e-05, -0.000507248216309, 0.000528764212504, 0.000435209396528, 1.16490109576e-05, -0.000319300161209, 0.000604486849625, 0.000215834530536, -0.00035236144322, -0.0038280650042, 0.0122142238542, -0.00243373773992], [8.00194902695e-06, -0.000218681525439, -0.000265680078883, -0.00084713922115, -0.000878388877027, 0.000788382836618, -7.87230746937e-05, -0.000233818238485, -0.000170808940311, 0.000974701077212, -0.000421831500717, -0.00243373773992, 0.0107015408576]], "mean": [-698.891540527, 125.520744324, 1.63350188732, 21.5915222168, 3.10914182663, 7.3869600296, -0.0938077047467, 3.09291267395, 2.61441087723, 4.86665773392, 0.707972049713, 4.91806840897, 5.47105360031], "cov": [[16312.4980469, 675.019775391, -1060.46606445, 70.8358840942, -276.623077393, 263.027038574, -156.082504272, 136.552902222, 210.02520752, 240.685668945, 169.624954224, 233.361068726, -18.1834793091], [675.019775391, 1799.82971191, -221.136428833, 255.735031128, 127.261634827, 84.8427886963, 157.716308594, 63.1331863403, 71.3928909302, 29.1826438904, 20.5490150452, -2.45758771896, 56.4957122803], [-1060.46606445, -221.136428833, 1251.2175293, 264.135375977, 167.508544922, 202.954238892, 23.4437274933, -0.254363656044, 20.7117118835, -60.1510047913, 7.7225060463, 33.0855979919, 60.8486862183], [70.8358840942, 255.735031128, 264.135375977, 754.659301758, 380.854766846, 224.953903198, 115.704803467, -8.53127384186, 115.622138977, 29.3479442596, -16.8183441162, -22.2801036835, 80.265335083], [-276.623077393, 127.261634827, 167.508544922, 380.854766846, 558.629150391, 146.669296265, 71.8288879395, -12.1706237793, 73.8607025146, 58.172088623, -8.75373840332, -21.1845912933, 63.1423339844], [263.027038574, 84.8427886963, 202.954238892, 224.953903198, 146.669296265, 331.764251709, 117.381492615, 74.1542510986, 77.8395309448, 37.2687492371, 22.5059814453, 5.6544084549, 14.4854421616], [-156.082504272, 157.716308594, 23.4437274933, 115.704803467, 71.8288879395, 117.381492615, 248.204589844, 104.165397644, 60.3010940552, 17.4260730743, 11.0402450562, -2.43367195129, 13.6878900528], [136.552902222, 63.1331863403, -0.254363656044, -8.53127384186, -12.1706237793, 74.1542510986, 104.165397644, 210.80229187, 46.5912513733, 11.5716791153, 22.5709114075, 1.40253150463, 0.314867466688], [210.02520752, 71.3928909302, 20.7117118835, 115.622138977, 73.8607025146, 77.8395309448, 60.3010940552, 46.5912513733, 138.51953125, 41.316204071, 15.1933059692, 1.08526027203, 12.0519237518], [240.685668945, 29.1826438904, -60.1510047913, 29.3479442596, 58.172088623, 37.2687492371, 17.4260730743, 11.5716791153, 41.316204071, 143.870651245, 21.4363441467, 6.16118240356, -6.54173803329], [169.624954224, 20.5490150452, 7.7225060463, -16.8183441162, -8.75373840332, 22.5059814453, 11.0402450562, 22.5709114075, 15.1933059692, 21.4363441467, 113.323356628, 40.5775413513, 9.33643817902], [233.361068726, -2.45758771896, 33.0855979919, -22.2801036835, -21.1845912933, 5.6544084549, -2.43367195129, 1.40253150463, 1.08526027203, 6.16118240356, 40.5775413513, 105.338386536, 21.7019424438], [-18.1834793091, 56.4957122803, 60.8486862183, 80.265335083, 63.1423339844, 14.4854421616, 13.6878900528, 0.314867466688, 12.0519237518, -6.54173803329, 9.33643817902, 21.7019424438, 112.791885376]]}, "spectral_decrease": {"dmean": 6.40462305412e-09, "dvar2": 6.01851425617e-16, "mean": -8.38656077917e-09, "var": 1.7047743762e-16, "dmean2": 1.10025766276e-08, "dvar": 2.2159063497e-16, "min": -1.00992309626e-07, "median": -4.67692373718e-09, "max": 2.7175044849e-28}, "zerocrossingrate": {"dmean": 0.0110654961318, "dvar2": 0.000272597797448, "mean": 0.0572666451335, "var": 0.00356254028156, "dmean2": 0.0126741165295, "dvar": 0.000266204297077, "min": 0.001953125, "median": 0.04541015625, "max": 0.53271484375}, "spectral_contrast_coeffs": {"dmean": [0.0547281354666, 0.0542200915515, 0.0450162440538, 0.0369468405843, 0.0316736362875, 0.0334611684084], "dvar2": [0.00691604334861, 0.0053713163361, 0.00329315382987, 0.00233977450989, 0.00173164124135, 0.00329996994697], "mean": [-0.672950088978, -0.698626220226, -0.760881245136, -0.76479113102, -0.773001134396, -0.744047939777], "var": [0.0092597566545, 0.0107058249414, 0.00771743059158, 0.00549793895334, 0.00428938679397, 0.00428778491914], "dmean2": [0.0889935791492, 0.0854222774506, 0.0698999390006, 0.0574528202415, 0.0489924699068, 0.0521730706096], "dvar": [0.00272568338551, 0.00234942534007, 0.00156182830688, 0.00110239407513, 0.000822316214908, 0.00139253586531], "min": [-0.980810880661, -0.979791045189, -0.992756187916, -0.970485091209, -0.966232359409, -0.964797735214], "median": [-0.681974649429, -0.710610151291, -0.769771099091, -0.767979323864, -0.773887097836, -0.746948480606], "max": [-0.280562728643, -0.350456118584, -0.434564352036, -0.510611712933, -0.545526981354, -0.441637545824]}, "spectral_skewness": {"dmean": 0.345811069012, "dvar2": 0.434875875711, "mean": 1.71932601929, "var": 0.634528100491, "dmean2": 0.54130512476, "dvar": 0.196334332228, "min": -0.717287957668, "median": 1.66571855545, "max": 12.321062088}, "spectral_energyband_middle_high": {"dmean": 0.00198690011166, "dvar2": 3.16499499604e-05, "mean": 0.00472474563867, "var": 4.51184350823e-05, "dmean2": 0.00299881212413, "dvar": 1.30870030262e-05, "min": 1.03559306939e-21, "median": 0.00208909553476, "max": 0.0564311593771}, "gfcc": {"icov": [[9.66366787907e-05, -0.000214811399928, 0.000190256643691, -0.000249031872954, 0.000192021354451, -0.000267574796453, 0.00022813117539, -0.000318683130899, 0.000281309970887, -0.000410459906561, 0.000413850561017, -0.000262103538262, 0.00030840819818], [-0.000214811399928, 0.00148786860518, -0.00030597744626, 0.000436490925495, -0.000870303832926, 0.00107683520764, -0.00119463668671, 0.0013441190822, -0.0012058384018, 0.00146106607281, -0.00156092864927, 0.00124831055291, -0.000732942833565], [0.000190256643691, -0.00030597744626, 0.00119410594925, -0.000852953235153, 0.000155559289851, -0.000640392769128, 0.000312441494316, -0.000105337552668, 0.000523547118064, -0.000969097891357, 0.000878145452589, -0.00121379329357, 0.0010739392601], [-0.000249031872954, 0.000436490925495, -0.000852953235153, 0.00242309854366, -0.000996806658804, 0.000192592357052, -0.000310648349114, 0.00112012319732, -0.00111868046224, 0.000471956998808, -0.000406866718549, 0.00129018793814, -0.00166542327497], [0.000192021354451, -0.000870303832926, 0.000155559289851, -0.000996806658804, 0.00224984413944, -0.000390103174141, -1.09926759251e-05, -0.0013180054957, 0.000756216817535, -0.00134300475474, 0.00147201691289, -0.00095038569998, 8.4993946075e-05], [-0.000267574796453, 0.00107683520764, -0.000640392769128, 0.000192592357052, -0.000390103174141, 0.00550560746342, -0.00240461318754, 0.000116193448775, -0.00103376514744, 0.00140988524072, -0.000559239822906, 0.000599481980316, 0.000701204349753], [0.00022813117539, -0.00119463668671, 0.000312441494316, -0.000310648349114, -1.09926759251e-05, -0.00240461318754, 0.00494739646092, -0.00153414905071, 0.000743048789445, 3.54605981556e-05, 0.000446290156106, -0.00110891682561, -8.57283521327e-05], [-0.000318683130899, 0.0013441190822, -0.000105337552668, 0.00112012319732, -0.0013180054957, 0.000116193448775, -0.00153414905071, 0.00894677639008, -0.00227137096226, 0.000230330682825, -0.00147689413279, -0.000582285283599, 2.50129251071e-05], [0.000281309970887, -0.0012058384018, 0.000523547118064, -0.00111868046224, 0.000756216817535, -0.00103376514744, 0.000743048789445, -0.00227137096226, 0.00956403464079, -0.00343112787232, -0.000276632927125, 0.00157839618623, 0.000929806963541], [-0.000410459906561, 0.00146106607281, -0.000969097891357, 0.000471956998808, -0.00134300475474, 0.00140988524072, 3.54605981556e-05, 0.000230330682825, -0.00343112787232, 0.0102243525907, -0.00219779182225, -0.000785054173321, -3.30230182044e-06], [0.000413850561017, -0.00156092864927, 0.000878145452589, -0.000406866718549, 0.00147201691289, -0.000559239822906, 0.000446290156106, -0.00147689413279, -0.000276632927125, -0.00219779182225, 0.0118821468204, -0.00157797115389, -0.000857019214891], [-0.000262103538262, 0.00124831055291, -0.00121379329357, 0.00129018793814, -0.00095038569998, 0.000599481980316, -0.00110891682561, -0.000582285283599, 0.00157839618623, -0.000785054173321, -0.00157797115389, 0.0108696734533, -0.00165365391877], [0.00030840819818, -0.000732942833565, 0.0010739392601, -0.00166542327497, 8.4993946075e-05, 0.000701204349753, -8.57283521327e-05, 2.50129251071e-05, 0.000929806963541, -3.30230182044e-06, -0.000857019214891, -0.00165365391877, 0.0127370310947]], "mean": [-63.3387031555, 95.6798324585, -109.732215881, 27.1888389587, -52.3897628784, 13.2597055435, -30.6366634369, 10.5240478516, -17.8850536346, 8.10519981384, -13.7743473053, 0.840195655823, -12.1661243439], "cov": [[32010.3691406, 213.801147461, -1793.69482422, 1251.57666016, -554.07043457, 737.963195801, -588.66973877, 607.851196289, -108.133926392, 690.048217773, -596.603149414, 184.990570068, -498.03125], [213.801147461, 1993.83117676, -256.361419678, 179.706512451, 400.859741211, -167.384140015, 296.457336426, -156.261489868, 132.65562439, -169.647796631, 147.020629883, -196.785217285, 138.127471924], [-1793.69482422, -256.361419678, 1796.28149414, 481.189819336, 363.380249023, 147.705978394, 46.7084579468, -18.1703414917, -18.7507133484, 125.661491394, -91.2262039185, 147.16053772, -55.6958389282], [1251.57666016, 179.706512451, 481.189819336, 877.317199707, 370.572387695, 74.9005966187, 32.965297699, -25.4704208374, 56.1211738586, 73.9262237549, -56.6851959229, -15.863735199, 37.9012069702], [-554.07043457, 400.859741211, 363.380249023, 370.572387695, 865.445739746, 33.0267601013, 157.302032471, 34.6579437256, 29.05194664, 50.9115600586, -31.8347549438, 31.0076999664, 47.4717597961], [737.963195801, -167.384140015, 147.705978394, 74.9005966187, 33.0267601013, 300.194274902, 94.4245147705, 56.0605926514, -1.61022567749, 19.2686424255, -37.8956947327, 32.9380149841, -44.533405304], [-588.66973877, 296.457336426, 46.7084579468, 32.965297699, 157.302032471, 94.4245147705, 349.830810547, 21.4023361206, 12.3802804947, -47.4329910278, 25.3558635712, 1.26837170124, 28.7045269012], [607.851196289, -156.261489868, -18.1703414917, -25.4704208374, 34.6579437256, 56.0605926514, 21.4023361206, 171.450653076, 14.3490438461, 44.8146362305, -10.1835708618, 40.7056922913, -25.4548950195], [-108.133926392, 132.65562439, -18.7507133484, 56.1211738586, 29.05194664, -1.61022567749, 12.3802804947, 14.3490438461, 148.671020508, 28.751335144, 26.4149627686, -36.8118057251, 5.2733669281], [690.048217773, -169.647796631, 125.661491394, 73.9262237549, 50.9115600586, 19.2686424255, -47.4329910278, 44.8146362305, 28.751335144, 171.299575806, -14.7922334671, 44.3482627869, -26.4996452332], [-596.603149414, 147.020629883, -91.2262039185, -56.6851959229, -31.8347549438, -37.8956947327, 25.3558635712, -10.1835708618, 26.4149627686, -14.7922334671, 127.038848877, -15.2311944962, 30.3136844635], [184.990570068, -196.785217285, 147.16053772, -15.863735199, 31.0076999664, 32.9380149841, 1.26837170124, 40.7056922913, -36.8118057251, 44.3482627869, -15.2311944962, 145.112487793, -11.8631010056], [-498.03125, 138.127471924, -55.6958389282, 37.9012069702, 47.4717597961, -44.533405304, 28.7045269012, -25.4548950195, 5.2733669281, -26.4996452332, 30.3136844635, -11.8631010056, 110.656311035]]}, "erbbands_spread": {"dmean": 11.0775356293, "dvar2": 514.358703613, "mean": 36.6591949463, "var": 616.789855957, "dmean2": 16.9255390167, "dvar": 225.966873169, "min": 1.09668385983, "median": 30.7828865051, "max": 187.486450195}, "erbbands_kurtosis": {"dmean": 1.76913273335, "dvar2": 34.9259986877, "mean": 1.81925189495, "var": 24.4833526611, "dmean2": 2.73381376266, "dvar": 14.6153450012, "min": -1.84053707123, "median": 0.396724581718, "max": 139.205596924}, "dynamic_complexity": 4.77924251556, "erbbands_crest": {"dmean": 2.9495549202, "dvar2": 21.2657337189, "mean": 10.1604232788, "var": 24.188873291, "dmean2": 4.75947237015, "dvar": 8.6313123703, "min": 2.41484212875, "median": 9.07653045654, "max": 31.7796573639}, "erbbands": {"dmean": [0.441544264555, 3.16976928711, 5.17540550232, 4.27608108521, 5.93993759155, 8.0112695694, 4.64736700058, 7.54016447067, 17.163734436, 28.9408473969, 22.6260356903, 16.9551582336, 17.3295021057, 17.2912006378, 20.3164958954, 24.7823791504, 14.3067302704, 16.9682121277, 12.0335922241, 10.7655630112, 8.99960708618, 7.20403862, 5.85448884964, 4.58386659622, 6.11300039291, 5.64169692993, 4.85922193527, 3.99407792091, 2.86907410622, 1.5686917305, 1.45070743561, 1.15997040272, 0.690742015839, 0.306826651096, 0.172832757235, 0.0968281552196, 0.0366258174181, 0.00832561962306, 0.000264139001956, 3.02851058223e-05], "dvar2": [4.10515117645, 230.77116394, 697.061889648, 389.399597168, 1036.53771973, 3412.84448242, 538.991271973, 2174.88183594, 3163.52490234, 10828.8886719, 8597.46386719, 4224.95410156, 6038.9375, 3633.80102539, 6683.33837891, 14265.8847656, 2751.0690918, 4760.82226562, 1824.70715332, 1118.28540039, 871.702453613, 475.147583008, 367.969848633, 203.19317627, 388.836975098, 443.762329102, 336.896850586, 248.619369507, 97.4931259155, 31.8835639954, 72.423576355, 73.9796295166, 16.9300804138, 4.567278862, 1.05426287651, 0.155470326543, 0.0185175649822, 0.00108575751074, 1.7456675323e-06, 1.03693080789e-08], "mean": [0.355758577585, 2.69018888474, 4.74158143997, 4.58564710617, 5.72601413727, 7.55220079422, 6.48212194443, 9.07827949524, 32.769405365, 50.3963432312, 44.6081085205, 28.7029647827, 28.7917461395, 29.4527072906, 32.614364624, 37.9503593445, 23.8151836395, 28.4507579803, 20.3944263458, 19.0659713745, 15.3798427582, 12.6672973633, 10.1807937622, 7.63213634491, 9.09754657745, 7.36164855957, 5.90588092804, 4.70249462128, 3.72550702095, 2.51502037048, 2.26935195923, 1.75286531448, 1.10827660561, 0.49870288372, 0.292337089777, 0.157945811749, 0.0573551505804, 0.0119690028951, 0.000346394517692, 4.65715384053e-05], "var": [0.996390998363, 52.0909347534, 150.494750977, 113.202285767, 299.135742188, 881.871643066, 245.426818848, 678.074890137, 4240.07519531, 9162.46972656, 13345.0693359, 4421.31738281, 6843.23876953, 4162.18994141, 5683.39404297, 9316.59375, 2688.38647461, 4599.5, 1385.08630371, 838.979187012, 565.266967773, 367.689727783, 272.710266113, 144.131744385, 213.078018188, 255.365829468, 121.383636475, 76.853553772, 43.276058197, 26.0735397339, 63.0491027832, 65.0732879639, 17.7977390289, 3.51445031166, 1.03073513508, 0.179246023297, 0.0169457234442, 0.00083611800801, 8.92108516837e-07, 3.82370490826e-09], "dmean2": [0.789924681187, 5.74141359329, 9.43772125244, 7.6481628418, 10.3249006271, 13.9756412506, 7.64298391342, 12.7914886475, 27.1339759827, 45.4299850464, 35.2324066162, 26.3262348175, 26.9701633453, 26.7433700562, 32.3463058472, 40.4874649048, 22.1973152161, 26.5457763672, 19.0692710876, 16.997177124, 14.6382789612, 11.7552394867, 9.61736774445, 7.52627897263, 9.95643997192, 9.450963974, 8.40243911743, 6.9594039917, 4.89325904846, 2.47851872444, 2.15189170837, 1.6785248518, 0.989324748516, 0.442748039961, 0.241612792015, 0.139336869121, 0.0537183657289, 0.0126078911126, 0.00041427888209, 4.95335552841e-05], "dvar": [1.48689639568, 82.3804016113, 246.081787109, 139.162628174, 389.291381836, 1268.92431641, 205.310928345, 793.345153809, 1387.37658691, 4519.61425781, 3781.02172852, 1923.67883301, 2793.72485352, 1591.95385742, 2705.10058594, 5079.47021484, 1171.31689453, 2080.45629883, 733.545898438, 446.806762695, 335.262756348, 182.662979126, 142.497055054, 77.8749313354, 155.833999634, 178.937545776, 123.215545654, 89.5048370361, 36.8265571594, 14.110877037, 35.0988845825, 37.181224823, 9.12779521942, 2.20624470711, 0.566895365715, 0.0838828235865, 0.00873029232025, 0.000485410360852, 7.12968301286e-07, 3.94524812819e-09], "min": [6.61341035021e-23, 5.94086881562e-22, 5.53606427413e-22, 4.73262138236e-21, 1.12859900776e-20, 1.27836571221e-20, 7.37817124428e-20, 7.46976211008e-20, 8.77611746549e-20, 2.18259462838e-19, 2.211602043e-19, 3.33107674777e-19, 5.10669153544e-19, 6.42339194763e-19, 1.10064414492e-18, 9.20127175673e-19, 9.45622536513e-19, 1.83220340244e-18, 1.94302078911e-18, 2.59063310518e-18, 3.72121881013e-18, 4.49272934028e-18, 4.52649692083e-18, 5.52187974786e-18, 7.71565620376e-18, 9.02466952313e-18, 1.0177264643e-17, 9.02737192219e-18, 1.09457121234e-17, 9.01852605272e-18, 1.20716538296e-17, 9.5640003815e-18, 8.70492782043e-18, 7.37418694792e-18, 5.63003650809e-18, 4.46343267093e-18, 2.29522829687e-18, 9.25547897022e-19, 2.39361900089e-19, 2.75461806855e-20], "median": [0.0536834709346, 0.79074972868, 1.70357263088, 1.52697706223, 1.77644968033, 1.93622589111, 1.84798336029, 2.5691215992, 5.48506164551, 9.92678833008, 5.74192762375, 4.61393880844, 4.19037532806, 6.18890571594, 5.20523262024, 5.46781873703, 5.16713047028, 4.66998004913, 7.13706207275, 7.76500844955, 6.46629238129, 5.35232067108, 3.54454851151, 2.54958057404, 3.95099782944, 2.50673103333, 1.81223785877, 1.53796982765, 1.17296266556, 0.783690571785, 0.577471315861, 0.381297111511, 0.239276751876, 0.10780608654, 0.054224088788, 0.0263452269137, 0.00806882232428, 0.00096488953568, 4.19980096922e-05, 2.8415935958e-05], "max": [9.079413414, 73.388053894, 135.243469238, 217.038009644, 324.454681396, 568.640258789, 249.44921875, 517.892822266, 506.851348877, 1163.57055664, 1064.20349121, 1018.46502686, 1376.57263184, 1028.11035156, 1109.71899414, 1487.6262207, 687.601379395, 1173.87231445, 623.520690918, 523.187438965, 516.835266113, 358.614349365, 248.45161438, 124.423171997, 447.804779053, 518.46270752, 128.268814087, 105.808815002, 88.3689117432, 101.91897583, 170.001708984, 213.450622559, 104.735931396, 89.6598968506, 52.033821106, 15.2528524399, 1.92718172073, 0.388879179955, 0.0176268015057, 0.000554330414161]}, "silence_rate_30dB": {"dmean": 0.0954882949591, "dvar2": 0.177377179265, "mean": 0.91525810957, "var": 0.0775666460395, "dmean2": 0.190998405218, "dvar": 0.0863623097539, "min": 0, "median": 1, "max": 1}, "silence_rate_60dB": {"dmean": 0.0427184477448, "dvar2": 0.0918618068099, "mean": 0.145614430308, "var": 0.124413318932, "dmean2": 0.0854466557503, "dvar": 0.0408981405199, "min": 0, "median": 0, "max": 1}, "spectral_energyband_middle_low": {"dmean": 0.00606744131073, "dvar2": 0.000545635237359, "mean": 0.0113282846287, "var": 0.000248144555371, "dmean2": 0.00985534116626, "dvar": 0.000208884259337, "min": 1.62294487111e-22, "median": 0.00555261643603, "max": 0.180335283279}, "spectral_spread": {"dmean": 677194.8125, "dvar2": 1817804013570.0, "mean": 4960233.5, "var": 17236302495700.0, "dmean2": 941495.0625, "dvar": 983502225408, "min": 625474.0625, "median": 4209413.5, "max": 43065300}, "barkbands": {"dmean": [0.00110004516318, 0.0145689407364, 0.00392187293619, 0.00122729036957, 0.0021627349779, 0.000832724908832, 0.00171263678931, 0.00115340354387, 0.000647430191748, 0.000580283463933, 0.000473750929814, 0.000631974835414, 0.000330564245814, 0.000306266912958, 0.00024434941588, 0.000184395510587, 0.00015563191846, 0.000101322664705, 0.000107996202132, 0.000116