{"tonal": {"chords_number_rate": 0.00432900432497, "thpcp": [1, 0.637288868427, 0.388888090849, 0.311838507652, 0.26530149579, 0.400075167418, 0.549235403538, 0.512669980526, 0.438357979059, 0.413100630045, 0.412225812674, 0.610216915607, 0.66107749939, 0.42743870616, 0.399101018906, 0.441328048706, 0.355671226978, 0.264500796795, 0.214433029294, 0.229168668389, 0.332778781652, 0.354797869921, 0.244502604008, 0.193665608764, 0.206836163998, 0.278668135405, 0.558902859688, 0.675607264042, 0.46289780736, 0.350787878036, 0.371109306812, 0.385775536299, 0.433963656425, 0.464331835508, 0.491364210844, 0.835385799408], "hpcp": {"dvar": [0.021791825071, 0.0174486078322, 0.0146396150813, 0.0187537111342, 0.0286018550396, 0.0407317057252, 0.0510648190975, 0.0487764887512, 0.0505908317864, 0.0688013136387, 0.0647559538484, 0.0515006780624, 0.0418816544116, 0.0347237437963, 0.0390813350677, 0.0444419644773, 0.0448554717004, 0.0373096726835, 0.0369188934565, 0.0383822470903, 0.0446248911321, 0.0499110557139, 0.0453433692455, 0.0494734607637, 0.0407903008163, 0.0319298096001, 0.0333428792655, 0.0327133946121, 0.0296551324427, 0.0308368131518, 0.0326083526015, 0.0241444613785, 0.0203554686159, 0.0164669211954, 0.0162401851267, 0.0200338475406], "mean": [0.112700238824, 0.0776653513312, 0.0615171678364, 0.0657007470727, 0.0885179042816, 0.177533447742, 0.21460416913, 0.147037789226, 0.111426480114, 0.117881506681, 0.122540183365, 0.137846961617, 0.147493302822, 0.156080037355, 0.265357226133, 0.317646324635, 0.202432468534, 0.123528875411, 0.0990543588996, 0.0842720419168, 0.127082407475, 0.174462601542, 0.162847727537, 0.13924279809, 0.131219893694, 0.13094201684, 0.19383315742, 0.209988832474, 0.135774329305, 0.126772969961, 0.140186235309, 0.112977653742, 0.0840177088976, 0.0681138634682, 0.0727945864201, 0.105705961585], "min": [0, 0, 0, 0, 0, 0, 0, 0, 0, 0, 0, 0, 0, 0, 0, 0, 0, 0, 0, 0, 0, 0, 0, 0, 0, 0, 0, 0, 0, 0, 0, 0, 0, 0, 0, 0], "median": [0.0342992544174, 0.0220685359091, 0.0179827846587, 0.022768298164, 0.0318227186799, 0.0631779208779, 0.086509399116, 0.0568172708154, 0.0306813418865, 0.0288430508226, 0.0359953455627, 0.0529425181448, 0.0558297038078, 0.0756169185042, 0.116072446108, 0.129151627421, 0.0958153307438, 0.0601896494627, 0.0381935127079, 0.019704233855, 0.0213264748454, 0.0263544414192, 0.0290717128664, 0.0292538236827, 0.024313673377, 0.0403341501951, 0.0815557390451, 0.0713234096766, 0.0436325185001, 0.0228425692767, 0.0263256561011, 0.0291726645082, 0.0237138811499, 0.024988790974, 0.0326121710241, 0.0416036136448], "dvar2": [0.0565347447991, 0.0472712777555, 0.0401092395186, 0.0531974621117, 0.0830305740237, 0.11307413131, 0.141671478748, 0.138429060578, 0.134088337421, 0.182787492871, 0.177308112383, 0.144761532545, 0.111855708063, 0.0950680747628, 0.105506964028, 0.115045614541, 0.12499858439, 0.107579819858, 0.107610993087, 0.110876150429, 0.12562289834, 0.135229855776, 0.12468522042, 0.134768903255, 0.106949925423, 0.0848679244518, 0.0898714512587, 0.0801818296313, 0.0803706049919, 0.0793932750821, 0.0833654925227, 0.0667951256037, 0.057465557009, 0.0444998070598, 0.044919591397, 0.0533630549908], "var": [0.0332221053541, 0.022498069331, 0.0166649613529, 0.0161935575306, 0.0245384462178, 0.0623637884855, 0.081355445087, 0.0484457053244, 0.0429255589843, 0.0521324910223, 0.0497317016125, 0.0494454093277, 0.0513771474361, 0.0449686832726, 0.0916455313563, 0.132433414459, 0.0602846741676, 0.03208078444, 0.030026724562, 0.0321069508791, 0.0561077743769, 0.0941430702806, 0.0708305165172, 0.0583064928651, 0.0597955770791, 0.0486413650215, 0.0645340755582, 0.0812894031405, 0.0441595800221, 0.0528168901801, 0.0655555650592, 0.0416633784771, 0.0253058392555, 0.0175173524767, 0.0158776920289, 0.0271184723824], "dmean2": [0.138971805573, 0.120491102338, 0.103559851646, 0.118673756719, 0.164841115475, 0.235083058476, 0.271169155836, 0.252728432417, 0.232955127954, 0.272297888994, 0.271262198687, 0.237865373492, 0.213776350021, 0.206359967589, 0.238840758801, 0.240582481027, 0.259317785501, 0.22027772665, 0.190029740334, 0.181769773364, 0.207635849714, 0.214389801025, 0.229345351458, 0.230716869235, 0.197465449572, 0.183833137155, 0.205517172813, 0.198449298739, 0.185329332948, 0.175321683288, 0.168329671025, 0.149376347661, 0.126731052995, 0.108806550503, 0.118924170732, 0.142034620047], "max": [1, 1, 1, 1, 1, 1, 1, 1, 1, 1, 1, 1, 1, 1, 1, 1, 1, 1, 1, 1, 1, 1, 1, 1, 1, 1, 1, 1, 1, 1, 1, 1, 1, 1, 1, 1], "dmean": [0.0827292352915, 0.0684978738427, 0.0578923933208, 0.0662043094635, 0.0922214016318, 0.135035678744, 0.154308080673, 0.141550585628, 0.127986148, 0.147493079305, 0.146350726485, 0.131773710251, 0.121023647487, 0.117982022464, 0.137930735946, 0.137345552444, 0.146908000112, 0.121802255511, 0.103427901864, 0.0984240025282, 0.116246335208, 0.121364116669, 0.130282744765, 0.129690170288, 0.110673725605, 0.103848986328, 0.120077528059, 0.118105329573, 0.106184646487, 0.101988501847, 0.0966788232327, 0.0863628536463, 0.0722741037607, 0.0619948208332, 0.0675157159567, 0.0826803147793]}, "key_strength": 0.621967732906, "chords_strength": {"dvar": 0.000623378553428, "mean": 0.47121745348, "min": -1, "median": 0.489454269409, "dvar2": 0.00118000374641, "var": 0.0436489470303, "dmean2": 0.0107727218419, "max": 0.823019385338, "dmean": 0.0102137867361}, "tuning_equal_tempered_deviation": 0.131405264139, "chords_key": "B", "tuning_frequency": 443.060424805, "chords_scale": "minor", "chords_changes_rate": 0.0738816708326, "key_scale": "major", "tuning_diatonic_strength": 0.455777466297, "hpcp_entropy": {"dvar": 0.238416329026, "mean": 2.05601787567, "min": 0, "median": 2.07069706917, "dvar2": 0.639103591442, "var": 0.693712234497, "dmean2": 0.928111076355, "max": 4.53292036057, "dmean": 0.553589105606}, "chords_histogram": [12.7561330795, 18.3261184692, 2.07792210579, 2.25108218193, 8.31168842316, 5.80086565018, 4.06926393509, 0.432900428772, 8.71572875977, 0.0288600288332, 6.3492064476, 4.9639248848, 6.06060600281, 0.259740263224, 0.230880230665, 0.923520922661, 0.577200591564, 1.26984131336, 2.79942274094, 7.90764808655, 0.0288600288332, 0.66378068924, 0.836940824986, 4.35786437988], "tuning_nontempered_energy_ratio": 0.803971946239, "key_key": "G"}, "metadata": {"version": {"extractor": "music 1.0", "essentia_build_sha": "70f2e5ece6736b2c40cc944ad0e695b16b925413", "essentia": "2.1-beta2", "essentia_git_sha": "v2.1_beta2"}, "audio_properties": {"sample_rate": 44100, "length": 160.839996338, "lossless": true, "analysis_sample_rate": 44100, "downmix": "mix", "bit_rate": 0, "equal_loudness": 0, "md5_encoded": "823605de6fcc55d6961b7df6dc789785", "codec": "flac", "replay_gain": -11.0211830139}, "tags": {"disctotal": ["1"], "genre": ["Math Rock"], "catalognumber": ["MR 0081-2", "MR00981-2"], "barcode": ["035498008122"], "releasecountry": ["US"], "musicbrainz_recordingid": ["c5f480c7-75e0-4ca8-a4ce-646d88e7d389"], "language": ["eng"], "title": ["Narrow"], "musicbrainz_releasetrackid": ["55cd54fa-bb8d-3ec2-b51f-e5f00205b837"], "discnumber": ["1"], "artistsort": ["Chokebore"], "releasetype": ["album", "compilation"], "originaldate": ["1994-08-23"], "musicbrainz_discid": ["ZBVoSXnp5lx.V4lBPVfyGZEHB_A-"], "musicbrainz_artistid": ["e7680f97-5a8b-48d4-8c36-a0e1f01bf239"], "tracknumber": ["8"], "musicbrainz_albumartistid": ["89ad4ac3-39f7-470e-963a-56509c546377"], "compilation": ["1"], "tracktotal": ["19"], "grouping": ["Rock"], "date": ["1994-08-23"], "acoustid_id": ["c432dee2-3728-40d4-a4eb-d362db981769"], "albumartistsort": ["Various Artists"], "musicbrainz_releasegroupid": ["8b1cace3-131b-352f-8399-925e26b3f1de"], "media": ["CD"], "label": ["Mammoth Records"], "albumartist": ["Various Artists"], "asin": ["B000004AW3"], "script": ["Latn"], "musicbrainz_albumid": ["68d6edea-e6d8-4bd1-b434-609ec0913c96"], "file_name": "1-08 Narrow.flac", "releasestatus": ["official"], "totaldiscs": ["1"], "album": ["Jabberjaw Compilation Good to the Last Drop"], "artist": ["Chokebore"]}}, "lowlevel": {"melbands": {"dvar": [1.09345446617e-05, 6.64859589961e-06, 4.03701960749e-06, 4.89384035518e-07, 2.67067079562e-08, 1.45470719914e-08, 2.01385805809e-08, 2.27205099179e-08, 5.54780754669e-08, 9.73213829525e-08, 1.08745066285e-08, 5.77269565483e-09, 2.60761656712e-09, 1.16836069708e-08, 2.69527644647e-09, 2.18360529658e-09, 3.64363872407e-10, 1.61819321831e-10, 2.80418448878e-11, 1.1836687186e-10, 2.72283862124e-10, 4.16861323238e-10, 7.12799430591e-10, 6.25565488299e-10, 9.32185786895e-11, 7.71872565863e-11, 2.18257661944e-10, 1.93932786496e-10, 2.42543318763e-10, 9.13882927667e-11, 9.66330626628e-11, 5.20636762869e-11, 4.030256337e-11, 3.54738738384e-11, 5.23743678635e-12, 4.06077515364e-12, 1.12281815789e-11, 2.09090687472e-12, 7.64688388565e-13, 3.57029943804e-13], "mean": [0.00153911556117, 0.00187873677351, 0.00152045779396, 0.000787014141679, 0.000219377732719, 0.000165462057339, 0.000124846104882, 0.000168219776242, 0.000290023715934, 0.000284250912955, 0.000107553954876, 8.00730340416e-05, 8.54270329e-05, 0.000106569445052, 5.36391016794e-05, 4.84781230625e-05, 2.92926415568e-05, 1.89684087673e-05, 6.76392710375e-06, 1.74182914634e-05, 2.69947286142e-05, 2.77576455119e-05, 3.59372497769e-05, 2.81721731881e-05, 1.48026192619e-05, 1.62994692801e-05, 1.67776379385e-05, 1.74311771843e-05, 1.6726740796e-05, 1.4907228433e-05, 1.37913139042e-05, 8.37906918605e-06, 8.14884242573e-06, 4.35651554653e-06, 2.55960890172e-06, 1.83614815796e-06, 1.60874481026e-06, 1.11399867819e-06, 9.25994243062e-07, 6.88608054134e-07], "min": [1.23550823052e-24, 8.43760200806e-25, 1.29282193351e-24, 1.6929162102e-24, 1.85417890354e-24, 8.38928723584e-25, 1.90302595965e-24, 2.38593268481e-24, 1.40125895076e-24, 2.60587499379e-24, 2.13196522726e-24, 1.45195766063e-24, 2.31770588005e-24, 2.65087753628e-24, 2.69624472973e-24, 1.80019320749e-24, 2.13884902473e-24, 2.78129990974e-24, 3.0751513858e-24, 3.53662554902e-24, 2.90405731622e-24, 5.1599695522e-24, 3.32455962175e-24, 3.04580576012e-24, 4.9536204999e-24, 3.9000841392e-24, 3.35890228682e-24, 4.54114445965e-24, 3.9876595326e-24, 5.01572988555e-24, 4.62005382157e-24, 5.39007593951e-24, 4.75365451562e-24, 5.7345206153e-24, 6.38393339501e-24, 4.81809064651e-24, 5.91537565529e-24, 5.56676776608e-24, 6.01424674798e-24, 5.9015855778e-24], "median": [0.000301132065943, 0.00107338652015, 0.000877758371644, 0.000534075312316, 0.000155475223437, 0.000120012453408, 7.71337217884e-05, 5.00716632814e-05, 7.11110624252e-05, 5.04751733388e-05, 4.54900946352e-05, 3.69460613001e-05, 4.23289493483e-05, 4.86916978844e-05, 2.67156246991e-05, 7.27580254534e-06, 1.1995193745e-05, 1.05224025901e-05, 4.69424185212e-06, 1.34839056045e-05, 2.18761415454e-05, 1.7035390556e-05, 1.86638717423e-05, 1.31315791805e-05, 1.02377161966e-05, 1.40305855894e-05, 1.01309524325e-05, 1.06042789412e-05, 1.04099544842e-05, 1.16730616355e-05, 1.07801088234e-05, 5.5560144574e-06, 5.47971649212e-06, 2.42743544732e-06, 1.72610555182e-06, 1.22972357985e-06, 1.13598719054e-06, 7.51347897676e-07, 6.09799997164e-07, 3.8472092001e-07], "dvar2": [2.70173350145e-05, 1.60905019584e-05, 1.09517195597e-05, 1.32357786242e-06, 7.04284133235e-08, 4.0441133109e-08, 4.40258496326e-08, 5.36428288456e-08, 1.17975311298e-07, 1.98765988557e-07, 2.23737668392e-08, 1.13793063861e-08, 6.22203666367e-09, 2.7796691171e-08, 5.20900256262e-09, 4.74274841622e-09, 7.88632048554e-10, 3.66297131515e-10, 6.95896465452e-11, 3.12849607331e-10, 7.39959371554e-10, 9.94844429059e-10, 1.59306934311e-09, 1.44484935127e-09, 2.29053012668e-10, 2.04780040147e-10, 5.70451963444e-10, 4.05711020335e-10, 4.90188167834e-10, 2.12493439511e-10, 2.26919358304e-10, 1.07443567932e-10, 8.69443267382e-11, 8.10726902278e-11, 1.15698735315e-11, 9.11070177634e-12, 2.92726919093e-11, 5.03229532697e-12, 1.66272887386e-12, 7.16565370408e-13], "var": [1.08416634248e-05, 7.45934312363e-06, 4.1566145228e-06, 7.50472224809e-07, 5.2058329203e-08, 2.55231231705e-08, 3.7234944017e-08, 1.6532963798e-07, 3.81912627745e-07, 5.98372537297e-07, 4.65108662695e-08, 2.88081949407e-08, 2.57936463299e-08, 5.14827469544e-08, 9.89114035121e-09, 1.45218939096e-08, 2.31717955934e-09, 8.28511870221e-10, 5.87205700731e-11, 2.87764534423e-10, 5.94045368452e-10, 1.41465206216e-09, 2.92967095028e-09, 2.21788454269e-09, 3.11317666091e-10, 1.92003649091e-10, 4.95682217494e-10, 7.10223935219e-10, 6.78868794513e-10, 2.25733043369e-10, 2.03492500628e-10, 1.17134940636e-10, 1.02503804056e-10, 6.51854403788e-11, 1.18709703525e-11, 6.66476249189e-12, 1.08908724053e-11, 2.90625379665e-12, 1.41229812133e-12, 8.25473044953e-13], "dmean2": [0.00239464361221, 0.00235744658858, 0.00179526803549, 0.000788700475823, 0.000195448737941, 0.000149042694829, 0.000110855871753, 9.75420116447e-05, 0.000153628367116, 0.000162117925356, 7.15209680493e-05, 5.47281597392e-05, 5.12618098583e-05, 7.71259947214e-05, 3.70945926988e-05, 2.50941102422e-05, 1.80839251698e-05, 1.30767375595e-05, 5.43870783076e-06, 1.36101807584e-05, 2.20507718041e-05, 2.00739941647e-05, 2.23893457587e-05, 1.85975277418e-05, 9.75591046881e-06, 1.22030278362e-05, 1.28142137328e-05, 1.10933660835e-05, 1.10106802822e-05, 1.0200646102e-05, 9.91824254015e-06, 5.65432583244e-06, 5.6856511037e-06, 2.72391889666e-06, 1.64746154496e-06, 1.19407980037e-06, 1.14240299354e-06, 7.08638367541e-07, 5.82956488415e-07, 4.53875429685e-07], "max": [0.0290597956628, 0.0277199484408, 0.0255650822073, 0.00905864592642, 0.0023780525662, 0.00208312598988, 0.00849056895822, 0.00560291111469, 0.00685887504369, 0.00788228958845, 0.00253940024413, 0.00277318316512, 0.0013678065734, 0.00397801306099, 0.00195042381529, 0.00170561415143, 0.000489470432512, 0.000468615879072, 9.01098392205e-05, 0.000176138681127, 0.000253523699939, 0.000679543823935, 0.000701863551512, 0.000801457848866, 0.000303292355966, 0.000122389261378, 0.000577956088819, 0.000459325732663, 0.000436132715549, 0.000198258843739, 0.000181523457286, 0.000141495795106, 0.000195188491489, 0.000268017349299, 9.97249444481e-05, 9.40342724789e-05, 0.000212914063013, 7.97001266619e-05, 3.95508977817e-05, 1.3197233784e-05], "dmean": [0.00145681120921, 0.00140860234387, 0.00105412839912, 0.000466396508273, 0.000118244242913, 8.96577184903e-05, 6.8254841608e-05, 6.23872401775e-05, 9.98435134534e-05, 0.000110450142529, 4.84216398036e-05, 3.61529164365e-05, 3.27519446728e-05, 4.85067321279e-05, 2.39156579482e-05, 1.65934125107e-05, 1.15073489724e-05, 8.16907049739e-06, 3.36936068379e-06, 8.24302787805e-06, 1.31365322886e-05, 1.23160634757e-05, 1.42562703331e-05, 1.19584992717e-05, 6.04369688517e-06, 7.31828458811e-06, 7.8915800259e-06, 7.21862124919e-06, 7.28587883714e-06, 6.55315716358e-06, 6.32982755633e-06, 3.81594918508e-06, 3.71160331269e-06, 1.83826648481e-06, 1.09748179966e-06, 8.17759087113e-07, 7.53138920118e-07, 4.89066053433e-07, 4.11548995771e-07, 3.23367203237e-07]}, "spectral_decrease": {"dvar": 1.9802161234e-17, "mean": -6.48908304868e-09, "min": -4.84206950091e-08, "median": -5.18245801828e-09, "dvar2": 4.47634115526e-17, "var": 3.46799806239e-17, "dmean2": 4.11232381481e-09, "max": 2.04093853621e-28, "dmean": 2.61805244151e-09}, "spectral_rolloff": {"dvar": 822754.125, "mean": 2382.64746094, "min": 21.533203125, "median": 1830.32226562, "dvar2": 1821317.75, "var": 6653651.5, "dmean2": 1062.09924316, "max": 19616.7480469, "dmean": 639.335266113}, "melbands_crest": {"dvar": 7.74675273895, "mean": 13.5042285919, "min": 1.52095365524, "median": 12.9456443787, "dvar2": 21.9132652283, "var": 22.3405952454, "dmean2": 4.93855714798, "max": 37.3458328247, "dmean": 2.95290255547}, "barkbands_skewness": {"dvar": 0.39324221015, "mean": 1.18595707417, "min": -2.18717241287, "median": 1.0089713335, "dvar2": 0.92215514183, "var": 1.51098370552, "dmean2": 0.756990909576, "max": 9.58435058594, "dmean": 0.478700071573}, "spectral_centroid": {"dvar": 98747.109375, "mean": 1981.53271484, "min": 160.653289795, "median": 1905.38830566, "dvar2": 223271.515625, "var": 1872385.75, "dmean2": 410.505249023, "max": 11976.6416016, "dmean": 262.881408691}, "spectral_energyband_middle_low": {"dvar": 5.20317844348e-05, "mean": 0.0110660688952, "min": 1.2225224835e-22, "median": 0.0081789419055, "dvar2": 0.000135793889058, "var": 0.00010570773884, "dmean2": 0.00732583645731, "max": 0.101420357823, "dmean": 0.00448359875008}, "erbbands_crest": {"dvar": 3.73809766769, "mean": 8.5697889328, "min": 2.28526568413, "median": 6.82171344757, "dvar2": 9.64706230164, "var": 26.8538131714, "dmean2": 2.91491222382, "max": 34.0609703064, "dmean": 1.82236468792}, "dynamic_complexity": 3.4480073452, "spectral_energyband_low": {"dvar": 0.000215569350985, "mean": 0.0108239753172, "min": 8.05252961515e-24, "median": 0.00556606985629, "dvar2": 0.000494208245073, "var": 0.000261792360106, "dmean2": 0.0125256879255, "max": 0.138704434037, "dmean": 0.00768400728703}, "silence_rate_60dB": {"dvar": 0.00943786278367, "mean": 0.107534639537, "min": 0, "median": 0, "dvar2": 0.0238941069692, "var": 0.0959727540612, "dmean2": 0.0190586205572, "max": 1, "dmean": 0.00952793378383}, "erbbands_kurtosis": {"dvar": 4.01087093353, "mean": 0.708943068981, "min": -1.81468498707, "median": -0.640556812286, "dvar2": 7.42225790024, "var": 161.156921387, "dmean2": 0.921221494675, "max": 284.13885498, "dmean": 0.614832401276}, "spectral_complexity": {"dvar": 15.4468898773, "mean": 23.4428405762, "min": 0, "median": 26, "dvar2": 28.9638843536, "var": 142.829238892, "dmean2": 5.29685258865, "max": 58, "dmean": 3.4880900383}, "barkbands_crest": {"dvar": 7.22793865204, "mean": 9.3638715744, "min": 2.57422232628, "median": 8.38895130157, "dvar2": 19.605430603, "var": 15.8905391693, "dmean2": 4.23144721985, "max": 24.3998451233, "dmean": 2.53504991531}, "spectral_energy": {"dvar": 0.000290249794489, "mean": 0.0266988370568, "min": 9.85381731981e-21, "median": 0.0218050517142, "dvar2": 0.000652293150779, "var": 0.000541045563295, "dmean2": 0.0158425625414, "max": 0.189160987735, "dmean": 0.0101595073938}, "spectral_spread": {"dvar": 413558308864, "mean": 5259880.5, "min": 809869.125, "median": 4741959, "dvar2": 760869617664, "var": 23814222118900.0, "dmean2": 528510.6875, "max": 43437256, "dmean": 362960.90625}, "spectral_contrast_valleys": {"dvar": [0.185384780169, 0.114862725139, 0.086641728878, 0.0843268111348, 0.0732035264373, 0.0951172485948], "mean": [-7.60028409958, -7.39505672455, -7.6801609993, -8.43556976318, -7.69162940979, -10.4498786926], "min": [-28.5670433044, -28.1278495789, -27.7804088593, -27.7678222656, -27.4785499573, -27.416852951], "median": [-6.9789648056, -6.68465900421, -6.95288658142, -7.72591257095, -6.82478713989, -9.59972572327], "dvar2": [0.392932236195, 0.248595237732, 0.17185921967, 0.144405499101, 0.109456658363, 0.137296721339], "var": [8.69031620026, 8.91923999786, 8.65166664124, 8.21282100677, 9.16861915588, 8.13060188293], "dmean2": [0.715817093849, 0.546614587307, 0.452779203653, 0.374881953001, 0.278646558523, 0.27426302433], "max": [-4.93074035645, -5.1744389534, -5.6518073082, -6.10334157944, -5.76776170731, -7.65707874298], "dmean": [0.443269491196, 0.334242641926, 0.279703915119, 0.242150425911, 0.187824890018, 0.212016582489]}, "spectral_rms": {"dvar": 1.35747120567e-06, "mean": 0.00461156852543, "min": 3.10056125739e-12, "median": 0.00461229030043, "dvar2": 2.8573522286e-06, "var": 4.78105175716e-06, "dmean2": 0.00127307756338, "max": 0.013584818691, "dmean": 0.000831660465337}, "barkbands_spread": {"dvar": 41.5284881592, "mean": 31.976776123, "min": 0.89100664854, "median": 32.0975341797, "dvar2": 89.4196243286, "var": 228.460845947, "dmean2": 8.96819877625, "max": 88.1790313721, "dmean": 5.85426807404}, "pitch_salience": {"dvar": 0.00380208785646, "mean": 0.543124079704, "min": 0.123697005212, "median": 0.546123385429, "dvar2": 0.010667970404, "var": 0.0105286566541, "dmean2": 0.103230595589, "max": 0.872505187988, "dmean": 0.0622012652457}, "erbbands_skewness": {"dvar": 0.0816300436854, "mean": -0.0579043999314, "min": -2.5327296257, "median": -0.164336651564, "dvar2": 0.166826561093, "var": 0.967304110527, "dmean2": 0.386590838432, "max": 13.9020042419, "dmean": 0.256115317345}, "spectral_energyband_middle_high": {"dvar": 1.64826803939e-06, "mean": 0.00484132254496, "min": 1.23256595762e-21, "median": 0.00385149032809, "dvar2": 3.50566347151e-06, "var": 1.52010397869e-05, "dmean2": 0.00143850443419, "max": 0.0312708504498, "dmean": 0.000970290158875}, "erbbands": {"dvar": [0.0918429493904, 9.94825267792, 14.3505706787, 115.870056152, 224.845153809, 50.9669532776, 22.2706756592, 30.9645404816, 102.01966095, 113.336494446, 1075.08630371, 2002.85437012, 410.220275879, 300.014404297, 214.881607056, 1258.4317627, 303.115753174, 108.42980957, 36.9835777283, 22.3938465118, 180.881530762, 378.923065186, 864.466918945, 119.688796997, 112.344223022, 299.664001465, 323.142272949, 231.003982544, 132.415008545, 89.2374801636, 12.424864769, 15.4722452164, 2.85372591019, 0.53351855278, 0.144981727004, 0.0375597514212, 0.00399214308709, 0.000162637865287, 6.09644166616e-06, 4.48702515143e-08], "mean": [0.131458878517, 1.58040893078, 3.12874722481, 8.05591201782, 11.8989925385, 9.02842140198, 5.65681600571, 7.51005601883, 8.37702274323, 11.4900655746, 38.5218963623, 44.1220550537, 22.370092392, 20.2852325439, 25.7734260559, 36.8786811829, 20.3309803009, 16.691444397, 9.89956474304, 8.14433479309, 22.9677906036, 28.914730072, 37.733379364, 20.4089813232, 21.1358623505, 25.9883842468, 25.9085140228, 24.6515846252, 15.5140628815, 9.83189582825, 4.28695821762, 2.78351640701, 1.57225692272, 0.887847483158, 0.471541553736, 0.189372420311, 0.0568952001631, 0.011831484735, 0.00204242230393, 0.00018096480926], "min": [7.30598226225e-23, 6.50777985552e-22, 1.63176451274e-21, 5.46864652985e-21, 9.36954184525e-21, 2.04931589535e-20, 5.34949431301e-20, 4.46940548364e-20, 1.22817037316e-19, 2.15691855442e-19, 2.25233008992e-19, 4.39849154822e-19, 4.97653363208e-19, 5.62066589592e-19, 1.02978371774e-18, 1.31421587183e-18, 1.48337989056e-18, 1.40688812118e-18, 2.13254441106e-18, 3.17989279212e-18, 3.20261978624e-18, 5.35849627404e-18, 3.5332817206e-18, 7.20388617622e-18, 7.38791070146e-18, 6.89968885159e-18, 8.6396037131e-18, 1.07302812046e-17, 1.16416961005e-17, 1.15940033479e-17, 1.09956390908e-17, 9.53438152531e-18, 9.27107918298e-18, 7.69126347468e-18, 6.67724137332e-18, 4.00182328932e-18, 2.2065334421e-18, 9.41672542293e-19, 2.62430752452e-19, 2.55434778717e-20], "median": [0.019160810858, 0.460988104343, 2.02903795242, 4.15628242493, 7.26677799225, 6.01657772064, 3.76748847961, 5.47246265411, 5.1491060257, 4.84881496429, 9.32401275635, 9.0670337677, 9.96573543549, 10.4991073608, 14.3579463959, 18.1055488586, 6.9676322937, 6.68332862854, 5.99045372009, 6.45105981827, 18.8094921112, 18.355266571, 19.6446762085, 14.6741542816, 17.6512413025, 17.3419094086, 18.7118186951, 19.9103393555, 10.9024009705, 6.26621818542, 2.97482872009, 2.0020031929, 1.08719038963, 0.532365083694, 0.250751852989, 0.0876436010003, 0.0217604227364, 0.00392573093995, 0.000510754412971, 7.47063168092e-05], "dvar2": [0.223571509123, 25.2516460419, 36.6754493713, 314.223266602, 612.310119629, 138.889770508, 58.1034812927, 85.5370407104, 227.574661255, 273.143951416, 2273.63964844, 4203.73242188, 844.19909668, 582.561706543, 521.819213867, 2944.0065918, 673.425109863, 231.959136963, 83.7895812988, 56.5447502136, 487.951934814, 867.50958252, 1943.63659668, 285.751098633, 289.789703369, 633.8359375, 643.451416016, 516.858703613, 259.755004883, 191.349304199, 24.157283783, 36.8903121948, 6.41734838486, 1.03988587856, 0.28665086627, 0.0732268095016, 0.00789581146091, 0.000315585930366, 1.23555419123e-05, 9.41042515024e-08], "var": [0.0923755690455, 9.50143623352, 16.2780151367, 131.474243164, 237.062133789, 105.471382141, 42.9623298645, 54.193157196, 179.65222168, 602.463867188, 7690.91552734, 12037.4746094, 1831.58630371, 1495.05114746, 1448.19555664, 5514.74951172, 2077.42504883, 768.349304199, 167.181152344, 56.7157287598, 420.861480713, 1446.78771973, 3259.37084961, 489.410797119, 357.502349854, 1151.14208984, 1024.92712402, 577.409240723, 341.321166992, 211.927597046, 31.7989997864, 20.3039283752, 4.70197296143, 1.26536798477, 0.374012291431, 0.0784679949284, 0.00814558099955, 0.000358141813194, 1.21235789265e-05, 7.89999390349e-08], "dmean2": [0.209500297904, 2.42109417915, 3.92114114761, 9.77151584625, 14.2424964905, 8.63738059998, 5.27073383331, 6.79475450516, 7.71613836288, 7.1933465004, 19.7149467468, 24.7063751221, 14.0435752869, 12.9956932068, 14.9329719543, 25.7224197388, 10.3714456558, 9.09859371185, 6.42858219147, 5.72876024246, 17.7199802399, 17.5619125366, 21.9578781128, 11.2915010452, 12.7007923126, 15.0669870377, 15.1796674728, 15.7312660217, 9.2685213089, 5.69840621948, 2.3753387928, 1.74104630947, 0.893233478069, 0.520523130894, 0.29068762064, 0.135248199105, 0.0434265136719, 0.00892386585474, 0.00173538806848, 0.000153492583195], "max": [2.50923466682, 29.3503284454, 41.0866928101, 139.39541626, 226.912185669, 106.310440063, 79.8820724487, 82.6762390137, 626.050720215, 526.875915527, 955.849609375, 1068.17700195, 493.248779297, 630.924377441, 390.053527832, 1041.38769531, 626.153747559, 292.469573975, 195.595031738, 77.013458252, 196.318954468, 797.167907715, 1074.27978516, 318.319641113, 360.459564209, 506.241973877, 440.235870361, 262.978607178, 222.58833313, 409.14553833, 128.984680176, 220.533187866, 82.1598587036, 22.9651184082, 7.00332450867, 2.71832990646, 0.95337498188, 0.197434097528, 0.0350459590554, 0.00323807215318], "dmean": [0.130200609565, 1.43983662128, 2.30141878128, 5.70774173737, 8.34083175659, 5.09434843063, 3.20708084106, 4.08637046814, 4.73128461838, 4.61249732971, 12.8119821548, 16.6927165985, 9.4992980957, 8.55757713318, 9.43753528595, 16.3286571503, 6.82147312164, 5.88475513458, 4.01924133301, 3.51218914986, 10.5905132294, 10.9773855209, 14.1991405487, 7.11187028885, 7.83517503738, 9.80130767822, 10.1186561584, 10.2323055267, 6.36251926422, 3.90759825706, 1.65458357334, 1.19454228878, 0.640497684479, 0.38409358263, 0.209714099765, 0.0978071391582, 0.0310866814107, 0.00637225201353, 0.00119508500211, 0.000105193517811]}, "dissonance": {"dvar": 0.00043529222603, "mean": 0.465712845325, "min": 0, "median": 0.480001837015, "dvar2": 0.00128329510335, "var": 0.00276908231899, "dmean2": 0.0246257893741, "max": 0.500000059605, "dmean": 0.0143096083775}, "erbbands_flatness_db": {"dvar": 0.000182121817488, "mean": 0.146258115768, "min": 0.0300863571465, "median": 0.125524938107, "dvar2": 0.000321860308759, "var": 0.00607473216951, "dmean2": 0.0169007759541, "max": 0.496122777462, "dmean": 0.0118912346661}, "melbands_kurtosis": {"dvar": 239.958831787, "mean": 12.7511072159, "min": -1.7058621645, "median": 5.9379863739, "dvar2": 593.983093262, "var": 521.836120605, "dmean2": 11.6622753143, "max": 273.821411133, "dmean": 7.20489931107}, "melbands_spread": {"dvar": 85.0221710205, "mean": 32.2167434692, "min": 0.767641484737, "median": 29.6538944244, "dvar2": 195.266082764, "var": 449.116088867, "dmean2": 12.7356357574, "max": 155.971878052, "dmean": 7.99912881851}, "melbands_skewness": {"dvar": 0.814681768417, "mean": 2.60126066208, "min": -3.1798081398, "median": 2.32880377769, "dvar2": 1.84458875656, "var": 3.07434821129, "dmean2": 1.12698125839, "max": 13.342956543, "dmean": 0.706914305687}, "spectral_entropy": {"dvar": 0.0189909599721, "mean": 7.70129919052, "min": 4.00313043594, "median": 7.87961864471, "dvar2": 0.0348847694695, "var": 0.584548652172, "dmean2": 0.145658507943, "max": 9.81773948669, "dmean": 0.0996037349105}, "zerocrossingrate": {"dvar": 0.000147535145516, "mean": 0.0834149047732, "min": 0, "median": 0.07568359375, "dvar2": 0.000216739717871, "var": 0.00404250994325, "dmean2": 0.0126421554014, "max": 0.52880859375, "dmean": 0.0105189466849}, "average_loudness": 0.870633661747, "spectral_contrast_coeffs": {"dvar": [0.00180249125697, 0.00114605168346, 0.000721115618944, 0.000417035858845, 0.000234576364164, 0.00015034590615], "mean": [-0.645740687847, -0.73599666357, -0.766227722168, -0.773622393608, -0.786951899529, -0.717428088188], "min": [-0.999252974987, -0.980982363224, -0.97956943512, -0.976517736912, -0.967919707298, -0.964372158051], "median": [-0.641089498997, -0.751023173332, -0.776196122169, -0.773685693741, -0.786520302296, -0.708421349525], "dvar2": [0.00476582115516, 0.00320756039582, 0.00189110834617, 0.00108000740875, 0.000613298441749, 0.000374938681489], "var": [0.00802330486476, 0.00841237232089, 0.00537623092532, 0.00310079450719, 0.00222572102211, 0.00263433158398], "dmean2": [0.0843654498458, 0.0692919492722, 0.0543389245868, 0.0409965291619, 0.0307981073856, 0.0235018059611], "max": [-0.348413825035, -0.392275393009, -0.51197218895, -0.58193808794, -0.648063242435, -0.596927523613], "dmean": [0.0510973706841, 0.0413870327175, 0.033071346581, 0.0250363890082, 0.0186804123223, 0.0143405823037]}, "barkbands_flatness_db": {"dvar": 0.000428852683399, "mean": 0.117850132287, "min": 0.0258897021413, "median": 0.0916628092527, "dvar2": 0.000879000872374, "var": 0.0060791214928, "dmean2": 0.0275408755988, "max": 0.468940109015, "dmean": 0.0179424360394}, "silence_rate_30dB": {"dvar": 0.0111348368227, "mean": 0.992205560207, "min": 0, "median": 1, "dvar2": 0.0289440155029, "var": 0.00773391965777, "dmean2": 0.0225238241255, "max": 1, "dmean": 0.0112602859735}, "spectral_energyband_high": {"dvar": 8.24485027806e-07, "mean": 0.00178286933806, "min": 6.94902477261e-21, "median": 0.00144421088044, "dvar2": 1.42554586091e-06, "var": 3.08036283059e-06, "dmean2": 0.000744742108509, "max": 0.0183676537126, "dmean": 0.000555192935281}, "melbands_flatness_db": {"dvar": 0.000762753596064, "mean": 0.178111955523, "min": 0.00324243609793, "median": 0.149578779936, "dvar2": 0.00158465793356, "var": 0.00820826552808, "dmean2": 0.0372545644641, "max": 0.561109781265, "dmean": 0.0241398476064}, "barkbands": {"dvar": [1.02581614314e-08, 0.000169388193171, 1.12014440674e-05, 2.83512927126e-05, 5.96819654675e-06, 3.4587344544e-07, 3.76040503625e-07, 1.78558116204e-06, 3.21071615872e-06, 2.68456062713e-07, 1.26089943819e-07, 6.82188897372e-07, 1.70084248907e-07, 3.11024415112e-08, 6.83681422586e-09, 4.69442902329e-08, 1.24745412222e-07, 2.06444838113e-07, 3.93408186028e-08, 1.83839418355e-07, 1.35373880994e-07, 9.25366165916e-08, 3.26165334741e-08, 2.43836915104e-08, 3.10550540839e-09, 1.40513745084e-09, 2.54173265768e-10], "mean": [6.60959703964e-05, 0.00630224077031, 0.00270490464754, 0.00328832748346, 0.0030390038155, 0.000841191620566, 0.000518242886756, 0.00151052884758, 0.00175486353692, 0.000505765434355, 0.000572497490793, 0.00089015904814, 0.000469443417387, 0.000255350605585, 0.000104472834209, 0.000363666098565, 0.000461983669084, 0.000616103003267, 0.000389101769542, 0.000599964288995, 0.000634568452369, 0.000413643341744, 0.00016482740466, 0.000112308240205, 7.19851232134e-05, 3.50184564013e-05, 1.26102177092e-05], "min": [2.95909318335e-25, 3.01155203911e-24, 6.67174821159e-25, 4.35526358683e-25, 9.95487399898e-24, 4.6442761901e-24, 6.33177233423e-24, 3.0627534506e-24, 1.98999566564e-23, 1.41172827882e-23, 1.09181039298e-23, 1.66491129308e-23, 2.20087490946e-23, 2.5533930244e-23, 3.71603531695e-23, 5.03831039787e-23, 7.64281072265e-23, 6.59900070137e-23, 1.23542698573e-22, 1.57922556865e-22, 2.32965645223e-22, 3.33120687928e-22, 4.17593377785e-22, 5.74077330038e-22, 8.89829850431e-22, 1.39028078532e-21, 2.02490764532e-21], "median": [2.89733579848e-05, 0.00154053862207, 0.00172533572186, 0.00136904860847, 0.00213320972398, 0.000613667420112, 0.000277850049315, 0.000277808692772, 0.000363326340448, 0.000206728815101, 0.00026842020452, 0.000438262009993, 8.75454206835e-05, 0.000133450783323, 6.31054281257e-05, 0.000293975754175, 0.000271783035714, 0.000314204196911, 0.000324361433741, 0.000388365937397, 0.000510185549501, 0.00028593710158, 0.000104257953353, 8.2040533016e-05, 4.14800088038e-05, 1.44712012116e-05, 2.96090729535e-06], "dvar2": [2.40154545139e-08, 0.000424304977059, 3.14079370582e-05, 7.69837934058e-05, 1.61462485266e-05, 9.44649457324e-07, 7.78114383593e-07, 3.90855075239e-06, 6.65961624691e-06, 5.69034568798e-07, 2.94871000506e-07, 1.58958619068e-06, 3.67608919305e-07, 6.98175952607e-08, 1.66482720942e-08, 1.25748101709e-07, 2.84996588107e-07, 4.53066576256e-07, 9.79786847211e-08, 4.0853825567e-07, 2.8498783422e-07, 1.82041503649e-07, 6.8500156658e-08, 5.93774451829e-08, 5.94503957174e-09, 2.71843281219e-09, 5.16708065224e-10], "var": [1.108557246e-08, 0.000164405981195, 1.19951091619e-05, 2.82979381154e-05, 1.01541572803e-05, 6.20933576556e-07, 7.80926654897e-07, 1.43159004438e-05, 1.97599656531e-05, 1.31718957164e-06, 1.22047094919e-06, 3.00222541227e-06, 1.21975631373e-06, 1.70525851217e-07, 1.64559921245e-08, 1.098325626e-07, 4.22591512006e-07, 8.24921301046e-07, 1.20709131579e-07, 6.19064621787e-07, 3.91019710833e-07, 2.49038748734e-07, 6.84500420789e-08, 3.10822834138e-08, 8.08306577227e-09, 2.93723623201e-09, 4.88357021489e-10], "dmean2": [8.9212669991e-05, 0.00974971521646, 0.00364647665992, 0.00450631929561, 0.00287150684744, 0.00074122636579, 0.000461485789856, 0.000791690137703, 0.00100907415617, 0.000367468193872, 0.000366556574591, 0.000629163638223, 0.000248773751082, 0.000178712507477, 8.62910455908e-05, 0.000288091221591, 0.000308093469357, 0.000376509386115, 0.000250903482083, 0.00037134703598, 0.000374248978915, 0.000247172487434, 9.43582199397e-05, 6.43399107503e-05, 4.11290457123e-05, 2.55501217907e-05, 1.10790997496e-05], "max": [0.000976930488832, 0.117789506912, 0.0429743491113, 0.0670427232981, 0.0322226844728, 0.0087895039469, 0.0353224165738, 0.035650447011, 0.0450662299991, 0.016939021647, 0.00948342960328, 0.0269781928509, 0.0129193495959, 0.00561434030533, 0.00116851390339, 0.00307487812825, 0.0140632167459, 0.0150201637298, 0.00451578386128, 0.0127760106698, 0.0069099846296, 0.0067871036008, 0.00791890919209, 0.0088928444311, 0.00146484840661, 0.000523020979017, 0.000241235844442], "dmean": [5.55219012313e-05, 0.00585213955492, 0.00206476962194, 0.00262793945149, 0.00170339189935, 0.000447456783149, 0.000288291019388, 0.000506778887939, 0.000683778780513, 0.000241055298829, 0.000233834318351, 0.000398618227337, 0.000163805365446, 0.000111938519694, 5.3319541621e-05, 0.000171979685547, 0.000194664142327, 0.000241715606535, 0.00015389577311, 0.000238709166297, 0.000246918643825, 0.000169668477611, 6.6172950028e-05, 4.55689478258e-05, 3.06141191686e-05, 1.86609886441e-05, 7.63243588153e-06]}, "erbbands_spread": {"dvar": 71.0854644775, "mean": 46.8475532532, "min": 0.571336150169, "median": 46.7020721436, "dvar2": 151.490219116, "var": 390.170959473, "dmean2": 11.1519756317, "max": 131.933898926, "dmean": 7.26036834717}, "barkbands_kurtosis": {"dvar": 47.8158988953, "mean": 2.62987208366, "min": -1.88352835178, "median": 0.240639805794, "dvar2": 125.66809082, "var": 90.3971633911, "dmean2": 4.00689172745, "max": 125.973342896, "dmean": 2.47071290016}, "spectral_flux": {"dvar": 0.00124038511422, "mean": 0.0800698697567, "min": 6.36152866496e-11, "median": 0.0712479352951, "dvar2": 0.00265312637202, "var": 0.00270806578919, "dmean2": 0.038240455091, "max": 0.338902980089, "dmean": 0.0247554536909}, "silence_rate_20dB": {"dvar": 0, "mean": 1, "min": 1, "median": 1, "dvar2": 0, "var": 0, "dmean2": 0, "max": 1, "dmean": 0}, "gfcc": {"cov": [[42008.59375, -1742.26586914, -1931.89587402, 2907.6628418, -1944.29699707, 693.351928711, -1411.45458984, 3.96273946762, -1476.41650391, -457.948181152, -1283.87878418, 299.130187988, -78.705909729], [-1742.26586914, 2219.04467773, -951.499267578, -345.516845703, 311.166320801, -218.75553894, 240.491775513, -58.483505249, 276.446685791, 40.0634841919, 379.292327881, -108.114593506, 30.90417099], [-1931.89587402, -951.499267578, 1177.63574219, 113.450538635, 0.49627828598, 144.988327026, 7.26181077957, 25.2996902466, -12.882440567, 42.026096344, -114.234931946, 45.7894973755, -3.17835712433], [2907.6628418, -345.516845703, 113.450538635, 602.705505371, -182.053970337, 127.204833984, -184.407104492, -30.7236118317, -117.699821472, -59.7556037903, -137.473709106, 18.5562763214, 48.9192428589], [-1944.29699707, 311.166320801, 0.49627828598, -182.053970337, 350.895812988, -73.1127624512, 109.938072205, -24.3890419006, 76.3634719849, 40.7388496399, 113.436454773, 10.6986989975, 50.5245094299], [693.351928711, -218.75553894, 144.988327026, 127.204833984, -73.1127624512, 190.374038696, 8.32703971863, 47.5437240601, -19.9456539154, -12.4981079102, -60.3880119324, -6.99002695084, -24.3453559875], [-1411.45458984, 240.491775513, 7.26181077957, -184.407104492, 109.938072205, 8.32703971863, 172.678741455, 64.1929550171, 93.0930938721, 36.1605262756, 79.6918869019, -12.466676712, -10.265996933], [3.96273946762, -58.483505249, 25.2996902466, -30.7236118317, -24.3890419006, 47.5437240601, 64.1929550171, 137.743804932, 49.4998855591, 8.10256481171, -13.8694858551, 4.70183753967, -18.2525844574], [-1476.41650391, 276.446685791, -12.882440567, -117.699821472, 76.3634719849, -19.9456539154, 93.0930938721, 49.4998855591, 148.338378906, 48.9995994568, 86.5609359741, -23.3731613159, -8.7466211319], [-457.948181152, 40.0634841919, 42.026096344, -59.7556037903, 40.7388496399, -12.4981079102, 36.1605262756, 8.10256481171, 48.9995994568, 85.9803466797, 51.8919715881, 2.47601151466, -19.2056045532], [-1283.87878418, 379.292327881, -114.234931946, -137.473709106, 113.436454773, -60.3880119324, 79.6918869019, -13.8694858551, 86.5609359741, 51.8919715881, 150.000137329, 7.07564258575, 12.3612108231], [299.130187988, -108.114593506, 45.7894973755, 18.5562763214, 10.6986989975, -6.99002695084, -12.466676712, 4.70183753967, -23.3731613159, 2.47601151466, 7.07564258575, 74.6260223389, 43.2715263367], [-78.705909729, 30.90417099, -3.17835712433, 48.9192428589, 50.5245094299, -24.3453559875, -10.265996933, -18.2525844574, -8.7466211319, -19.2056045532, 12.3612108231, 43.2715263367, 93.7917785645]], "mean": [-18.1795349121, 79.021736145, -112.978500366, 41.7115898132, -55.4003601074, 7.27633523941, -21.3574943542, 5.0373711586, -24.9893932343, -4.37192392349, -18.3027362823, -1.05701100826, -12.6702871323], "icov": [[0.000123064688523, -0.000215479638427, 0.000248307187576, -0.000347163411789, 0.00014071095211, -0.000172451400431, 0.000172971558641, -0.0002745622769, 0.000798604800366, -0.00063733040588, 0.000941984471865, -0.000950476329308, 0.000467024947284], [-0.000215479638427, 0.00215150159784, 0.000605241919402, 8.01233400125e-05, -0.000431193475379, 0.000760330993216, -0.00185364135541, 0.00159933115356, -0.00299595226534, 0.00241106771864, -0.00415342673659, 0.00336132966913, -0.00116208370309], [0.000248307187576, 0.000605241919402, 0.00235076388344, -0.0011088103056, -0.000119965174235, -0.000770344922785, -0.00123743095901, 0.00111260823905, -0.000344002299244, -0.00165004446171, 0.00271185603924, -0.00254004704766, 0.00105717976112], [-0.000347163411789, 8.01233400125e-05, -0.0011088103056, 0.00497937202454, 0.000310507777613, -0.00233569112606, 0.00382197159342, -3.81510617444e-05, -0.00146296818275, 0.000820977322292, -0.00188856874593, 0.00379606685601, -0.00478579290211], [0.00014071095211, -0.000431193475379, -0.000119965174235, 0.000310507777613, 0.00539621710777, 0.000418561539846, -0.00223278370686, 0.00115146429744, 0.000993996742181, -0.00170977006201, 0.000136828355608, -0.000379201926989, -0.00282489741221], [-0.000172451400431, 0.000760330993216, -0.000770344922785, -0.00233569112606, 0.000418561539846, 0.00968852173537, -0.00502739241347, -0.000727076199837, -0.000528327480424, 0.00193865026813, -0.00054963119328, 0.00148803868797, 0.00212810141966], [0.000172971558641, -0.00185364135541, -0.00123743095901, 0.00382197159342, -0.00223278370686, -0.00502739241347, 0.0198427326977, -0.008774173446, 0.00175438867882, -0.00146042183042, -0.00