{"metadata": {"audio_properties": {"downmix": "mix", "bit_rate": 160017, "lossless": false, "md5_encoded": "e6da49973cfd64a8323a66d2a9680690", "analysis_sample_rate": 44100, "sample_rate": 44100, "replay_gain": -12.2824935913, "equal_loudness": 0, "codec": "mp3", "length": 251.715911865}, "tags": {"musicbrainz_albumid": ["558118bc-7c6d-4b5a-9434-84d42a5c699d"], "musicbrainz_recordingid": ["65494157-4ed5-486e-86fb-cf0cd50156f0"], "tracknumber": ["7/10"], "artist": ["Lackthereof"], "acoustid_id": ["0a7f8ea8-4f39-4aa2-beff-eefa69d4c78f"], "encoding": ["Lavf56.36.100"], "musicbrainz album type": ["album"], "originaldate": ["2008"], "albumartist": ["Lackthereof"], "media": ["CD"], "musicbrainz_albumartistid": ["736e1de2-d0ef-44f5-a85b-9f4ab3bc6176"], "file_name": "Lackthereof - Ask Permission.mp3", "musicbrainz album release country": ["XE"], "catalognumber": ["SLANG0807252"], "musicbrainz_artistid": ["736e1de2-d0ef-44f5-a85b-9f4ab3bc6176"], "albumartistsort": ["Lackthereof"], "script": ["Latn"], "label": ["City Slang"], "musicbrainz album status": ["official"], "album": ["Your Anchor"], "date": ["2008"], "title": ["Ask Permission"], "discnumber": ["1/1"], "artistsort": ["Lackthereof"], "originalyear": ["2008"], "musicbrainz_releasegroupid": ["bbbf757a-3860-3162-9678-c09a4e75e157"]}, "version": {"essentia_build_sha": "70f2e5ece6736b2c40cc944ad0e695b16b925413", "essentia_git_sha": "v2.1_beta2", "extractor": "music 1.0", "essentia": "2.1-beta2"}}, "tonal": {"chords_scale": "major", "hpcp": {"dmean": [0.10155981034, 0.0939153060317, 0.0579101480544, 0.0388854704797, 0.0349284037948, 0.0318956673145, 0.0372579246759, 0.0493685863912, 0.0930978804827, 0.0857735723257, 0.0821044892073, 0.0339266844094, 0.0186358261853, 0.0157123543322, 0.0210795681924, 0.0293977074325, 0.0326745919883, 0.0255174189806, 0.0179585963488, 0.019512867555, 0.0436749458313, 0.0551718920469, 0.0860708430409, 0.150468990207, 0.111635796726, 0.11684115231, 0.0546081922948, 0.0305026229471, 0.0428815446794, 0.108883813024, 0.120253615081, 0.125998139381, 0.0806919932365, 0.0802298933268, 0.106972299516, 0.117461316288], "dvar2": [0.112008206546, 0.101514212787, 0.0635414496064, 0.0442982539535, 0.0396349653602, 0.0321938954294, 0.039888933301, 0.0411737076938, 0.0658673197031, 0.0572968609631, 0.0508823059499, 0.021699026227, 0.0141456816345, 0.0171129181981, 0.0155919007957, 0.0206252224743, 0.0254818424582, 0.0170352011919, 0.0157005880028, 0.0120554175228, 0.0332078412175, 0.0472868457437, 0.0689443126321, 0.116185747087, 0.126495823264, 0.0861046612263, 0.0562869310379, 0.0340135283768, 0.0458284467459, 0.0930029526353, 0.133223712444, 0.103881217539, 0.0817916616797, 0.0931562185287, 0.131439507008, 0.140155807137], "mean": [0.158977910876, 0.100945562124, 0.0430364347994, 0.0365569144487, 0.0356857664883, 0.0338338837028, 0.0362672917545, 0.0423658974469, 0.144838422537, 0.261080503464, 0.161557599902, 0.0296487752348, 0.0153415724635, 0.0129031687975, 0.0228045228869, 0.0534397289157, 0.0522758923471, 0.0238753538579, 0.014772919938, 0.015525159426, 0.0579159148037, 0.129293367267, 0.136637032032, 0.312394529581, 0.480858683586, 0.254956692457, 0.0418022051454, 0.0213984455913, 0.0297145098448, 0.169943585992, 0.325149834156, 0.207437962294, 0.0602283887565, 0.0631804913282, 0.0886292532086, 0.137713193893], "var": [0.0807374939322, 0.0416190959513, 0.0153564708307, 0.0180814433843, 0.0181976445019, 0.0154696600512, 0.0130123598501, 0.0113485492766, 0.037049330771, 0.103014580905, 0.0455639027059, 0.00688739353791, 0.00392426829785, 0.00391312781721, 0.00554604548961, 0.0259804576635, 0.0232526231557, 0.00516870291904, 0.00445612799376, 0.00332899251953, 0.0159240681678, 0.0759430527687, 0.0567781403661, 0.0871794298291, 0.212434768677, 0.0721010491252, 0.0128976348788, 0.00756104849279, 0.0108770905063, 0.0508190728724, 0.150539919734, 0.0639398097992, 0.0218758676201, 0.0302356500179, 0.0441055633128, 0.0672635808587], "dmean2": [0.178324967623, 0.166986316442, 0.107324026525, 0.072793610394, 0.0631017014384, 0.0579632297158, 0.0662576407194, 0.0904838889837, 0.163572669029, 0.141497910023, 0.140412330627, 0.0606058835983, 0.0337032973766, 0.0290054008365, 0.037598490715, 0.049040671438, 0.0560454986989, 0.0452990792692, 0.0322459153831, 0.0354294143617, 0.0796942189336, 0.0924358889461, 0.150464862585, 0.263864159584, 0.199597299099, 0.206866294146, 0.101920470595, 0.0570527687669, 0.0794470980763, 0.198269620538, 0.214128226042, 0.228128731251, 0.150717273355, 0.147527068853, 0.19762262702, 0.215022087097], "dvar": [0.0425792112947, 0.0355897434056, 0.0217732321471, 0.015514482744, 0.0139294303954, 0.0114132389426, 0.0139741068706, 0.0139977028593, 0.0221917256713, 0.023044269532, 0.0182817317545, 0.00803421158344, 0.00516401138157, 0.00592694664374, 0.00548195745796, 0.00826707016677, 0.00947334617376, 0.00601862836629, 0.0057381647639, 0.00433852896094, 0.01142852474, 0.0188225246966, 0.0247875712812, 0.0430002994835, 0.050904341042, 0.0314985699952, 0.0194614380598, 0.0119717996567, 0.0161872114986, 0.0309560634196, 0.0451294369996, 0.0338478535414, 0.0283765625209, 0.0337783843279, 0.0459936931729, 0.0479774139822], "min": [0, 0, 0, 0, 0, 0, 0, 0, 0, 0, 0, 0, 0, 0, 0, 0, 0, 0, 0, 0, 0, 0, 0, 0, 0, 0, 0, 0, 0, 0, 0, 0, 0, 0, 0, 0], "median": [0.0204002354294, 0.0120248887688, 0.00470490474254, 0.00285632698797, 0.00240000989288, 0.00306851137429, 0.00342931365594, 0.00581970065832, 0.0533779338002, 0.0912607908249, 0.0549201443791, 0.00610823137686, 0.00239987298846, 0.0019977320917, 0.00251872092485, 0.00414888979867, 0.00414208415896, 0.00254212040454, 0.00182401458733, 0.00181247503497, 0.00529269035906, 0.0079562664032, 0.0308456271887, 0.2849650383, 0.296303778887, 0.137244045734, 0.0058601340279, 0.00158799672499, 0.0027568587102, 0.0411851890385, 0.0962286889553, 0.0688411146402, 0.00911420118064, 0.00254164077342, 0.00343726249412, 0.0130854742602], "max": [1, 1, 1, 1, 1, 1, 1, 1, 1, 1, 1, 1, 1, 1, 1, 1, 1, 1, 1, 1, 1, 1, 1, 1, 1, 1, 1, 1, 1, 1, 1, 1, 1, 1, 1, 1]}, "tuning_equal_tempered_deviation": 0.079120695591, "chords_key": "C", "chords_strength": {"dmean": 0.00659065973014, "dvar2": 2.98267659673e-05, "mean": 0.490087717772, "var": 0.00729414913803, "dmean2": 0.00547800958157, "dvar": 3.10051254928e-05, "min": 0.23481528461, "median": 0.481523871422, "max": 0.749956786633}, "tuning_diatonic_strength": 0.63776910305, "thpcp": [1, 0.530211269855, 0.08693241328, 0.0445004887879, 0.0617946833372, 0.353416889906, 0.676185846329, 0.431390702724, 0.125251740217, 0.131390973926, 0.184314548969, 0.286390155554, 0.330612540245, 0.209927707911, 0.0894991308451, 0.0760242342949, 0.0742125883698, 0.0703613832593, 0.07542193681, 0.08810467273, 0.301207870245, 0.542946398258, 0.3359772861, 0.0616579800844, 0.0319045335054, 0.0268335975707, 0.0474245846272, 0.111133955419, 0.108713626862, 0.0496514961123, 0.030721956864, 0.032286323607, 0.120442695916, 0.268880188465, 0.284152150154, 0.649659752846], "chords_histogram": [29.7491703033, 4.75839185715, 34.0095901489, 0.405754327774, 0.368867576122, 0, 0, 0.0368867591023, 0, 0.184433788061, 0.516414582729, 2.56362962723, 0, 0.922168970108, 0, 0.516414582729, 0.47952786088, 16.5990409851, 0, 3.8177793026, 0, 0.866838812828, 1.51235711575, 2.69273328781], "tuning_nontempered_energy_ratio": 0.660805284977, "tuning_frequency": 439.238189697, "key_strength": 0.790092587471, "chords_changes_rate": 0.0497971214354, "key_scale": "major", "hpcp_entropy": {"dmean": 0.505516946316, "dvar2": 0.610743939877, "mean": 1.752176404, "var": 0.57968878746, "dmean2": 0.842878818512, "dvar": 0.243054583669, "min": 0, "median": 1.71609771252, "max": 4.72798109055}, "key_key": "F", "chords_number_rate": 0.00147547025699}, "lowlevel": {"melbands_skewness": {"dmean": 0.816401541233, "dvar2": 2.69137358665, "mean": 3.99970340729, "var": 4.22035980225, "dmean2": 1.2487295866, "dvar": 1.13748574257, "min": -3.25375342369, "median": 3.67874670029, "max": 27.0594882965}, "melbands_kurtosis": {"dmean": 14.0394735336, "dvar2": 3403.65307617, "mean": 36.368057251, "var": 2550.32568359, "dmean2": 21.9818153381, "dvar": 1408.25158691, "min": -1.87834882736, "median": 25.2459945679, "max": 1206.33557129}, "barkbands_kurtosis": {"dmean": 6.42548418045, "dvar2": 583.18548584, "mean": 16.5521850586, "var": 446.828735352, "dmean2": 9.97405910492, "dvar": 245.220489502, "min": -1.93833076954, "median": 11.4117450714, "max": 587.857299805}, "hfc": {"dmean": 4.12594795227, "dvar2": 106.51348114, "mean": 15.2755918503, "var": 205.039749146, "dmean2": 5.99282169342, "dvar": 49.1534919739, "min": 1.13631719805e-16, "median": 11.5593881607, "max": 118.470695496}, "silence_rate_20dB": {"dmean": 0, "dvar2": 0, "mean": 1, "var": 0, "dmean2": 0, "dvar": 0, "min": 1, "median": 1, "max": 1}, "erbbands_flatness_db": {"dmean": 0.0166081842035, "dvar2": 0.000601873733103, "mean": 0.149072349072, "var": 0.00620954670012, "dmean2": 0.0235578957945, "dvar": 0.00031928595854, "min": 0.0229975041002, "median": 0.128696531057, "max": 0.5126324296}, "spectral_flux": {"dmean": 0.0246778465807, "dvar2": 0.00224175769836, "mean": 0.0770485848188, "var": 0.00286780623719, "dmean2": 0.0395231768489, "dvar": 0.000987614621408, "min": 1.02163125182e-10, "median": 0.0671347603202, "max": 0.472025603056}, "spectral_energyband_low": {"dmean": 0.0109739303589, "dvar2": 0.00100093567744, "mean": 0.0289100352675, "var": 0.00075990811456, "dmean2": 0.0184251889586, "dvar": 0.00036091185757, "min": 5.19780639777e-23, "median": 0.0200230628252, "max": 0.315060675144}, "spectral_rolloff": {"dmean": 207.835784912, "dvar2": 1486439, "mean": 788.327819824, "var": 4987567.5, "dmean2": 353.812225342, "dvar": 618904.1875, "min": 64.599609375, "median": 344.53125, "max": 19164.5507812}, "spectral_entropy": {"dmean": 0.194100916386, "dvar2": 0.0919237658381, "mean": 7.15541648865, "var": 0.820227742195, "dmean2": 0.275460422039, "dvar": 0.0512773394585, "min": 3.82895731926, "median": 7.37584400177, "max": 9.78430843353}, "spectral_energy": {"dmean": 0.0128899654374, "dvar2": 0.00108772341628, "mean": 0.0473255850375, "var": 0.00128189183306, "dmean2": 0.0210793241858, "dvar": 0.000403868674766, "min": 1.04373035769e-20, "median": 0.0398167148232, "max": 0.347840249538}, "spectral_centroid": {"dmean": 141.768722534, "dvar2": 114750.773438, "mean": 710.373352051, "var": 387049.71875, "dmean2": 207.545455933, "dvar": 59655.2265625, "min": 115.744239807, "median": 561.423339844, "max": 11007.0683594}, "barkbands_flatness_db": {"dmean": 0.0249154083431, "dvar2": 0.00136190652847, "mean": 0.208878219128, "var": 0.013620226644, "dmean2": 0.0362983159721, "dvar": 0.000658206583466, "min": 0.0302585847676, "median": 0.180243775249, "max": 0.701808750629}, "spectral_rms": {"dmean": 0.000842075853143, "dvar2": 2.97148221762e-06, "mean": 0.00624415278435, "var": 7.1816534728e-06, "dmean2": 0.00134141405579, "dvar": 1.16129865546e-06, "min": 3.19103988025e-12, "median": 0.00623262161389, "max": 0.0184216275811}, "melbands": {"dmean": [0.00162820017431, 0.00296692876145, 0.000706240709405, 0.000647564593237, 0.000341765815392, 0.000360738253221, 0.000192088351469, 9.12106988835e-05, 3.87688378396e-05, 6.42852755846e-05, 2.96057496598e-05, 1.77576566784e-05, 1.54471435962e-05, 1.67416947079e-05, 1.02990234154e-05, 1.14739759738e-05, 1.52878346853e-05, 7.43240889278e-06, 5.93808090343e-06, 6.83915959598e-06, 5.79200968787e-06, 4.03372769142e-06, 4.60230830868e-06, 3.99465625378e-06, 3.67134725821e-06, 2.33145988204e-06, 1.71708120433e-06, 1.1513792515e-06, 9.30962869461e-07, 1.03815796137e-06, 9.54555616772e-07, 9.91163688013e-07, 8.3286880681e-07, 8.96574647413e-07, 9.39503365771e-07, 8.77112995568e-07, 6.33214597201e-07, 4.4582949954e-07, 5.24390429746e-07, 5.00490159538e-07], "dvar2": [1.72344716702e-05, 8.70316362125e-05, 3.38809172717e-06, 4.85895179736e-06, 8.06270861631e-07, 9.64755486166e-07, 3.42234869777e-07, 1.32743153358e-07, 2.68000253101e-08, 5.43976526046e-08, 1.23111174588e-08, 5.23592635915e-09, 4.28364943517e-09, 7.41786143621e-09, 2.03460359671e-09, 2.32132069122e-09, 2.69287947496e-09, 5.52709766843e-10, 3.82197246074e-10, 6.37646602186e-10, 3.20487109073e-10, 1.73201994413e-10, 2.89449103574e-10, 1.45173109645e-10, 1.48604836769e-10, 6.7204193599e-11, 4.22029876324e-11, 2.36465031583e-11, 1.41403564205e-11, 1.78674262885e-11, 1.1407337748e-11, 1.19092366177e-11, 7.50227397567e-12, 7.72062275223e-12, 1.22619405948e-11, 9.51085304263e-12, 4.20631498382e-12, 2.81163113625e-12, 5.97810863312e-12, 4.97465827212e-12], "mean": [0.00382563634776, 0.00658457353711, 0.00221749208868, 0.00137791491579, 0.000763466174249, 0.000957210781053, 0.000434798159404, 0.000214755476918, 8.39789718157e-05, 0.000137975148391, 6.42558879917e-05, 3.16607147397e-05, 2.82218643406e-05, 2.98212726193e-05, 2.00792783289e-05, 2.07069042517e-05, 2.59645985352e-05, 1.38051409522e-05, 9.71125155047e-06, 1.04468308564e-05, 1.09214197437e-05, 7.96142285253e-06, 9.05063916434e-06, 7.70889255364e-06, 5.95277288085e-06, 4.19565958509e-06, 2.96977714243e-06, 1.90860509974e-06, 1.44030525462e-06, 1.76704588739e-06, 1.57088584274e-06, 1.52237805651e-06, 1.46601121287e-06, 1.55606016961e-06, 1.50972630308e-06, 1.43469878822e-06, 1.11342183118e-06, 8.36677031657e-07, 9.66322772911e-07, 9.17634679354e-07], "var": [1.24368843899e-05, 5.33315178473e-05, 8.66401205712e-06, 2.98976124213e-06, 8.16395356651e-07, 1.69022951013e-06, 4.24999939241e-07, 3.02077381775e-07, 3.39329737642e-08, 8.35289739598e-08, 1.89025239905e-08, 6.23632834262e-09, 4.02410282874e-09, 4.70849714773e-09, 1.74967773603e-09, 2.23252105691e-09, 3.50452822317e-09, 6.14141681954e-10, 3.6667996417e-10, 4.23305113184e-10, 3.0893995695e-10, 1.58359270142e-10, 2.61552862701e-10, 1.66970909321e-10, 1.41951436716e-10, 6.95720842048e-11, 3.01711676476e-11, 1.38238916841e-11, 8.24325937371e-12, 1.12768102148e-11, 8.12777015829e-12, 8.26124758879e-12, 8.31939725443e-12, 7.74836965423e-12, 9.47315229732e-12, 9.10803030219e-12, 5.77711099445e-12, 3.24160706958e-12, 7.85626685235e-12, 6.57390071199e-12], "dmean2": [0.00268684979528, 0.00514413556084, 0.0011343380902, 0.00107912474778, 0.000543907168321, 0.000562953879125, 0.000305955385556, 0.000137219103635, 6.07204456173e-05, 9.34024501476e-05, 4.5648219384e-05, 2.88028004434e-05, 2.46927120315e-05, 2.68281219178e-05, 1.66278896359e-05, 1.82728435902e-05, 2.40004865191e-05, 1.18868038044e-05, 9.3133730843e-06, 1.11554254545e-05, 9.20476031752e-06, 6.45870068183e-06, 7.4563781709e-06, 6.33030958852e-06, 5.73897523282e-06, 3.61482761946e-06, 2.73899422609e-06, 1.8216984472e-06, 1.48663536947e-06, 1.63532047281e-06, 1.48516221543e-06, 1.54669771746e-06, 1.28893657347e-06, 1.4103563899e-06, 1.46226989273e-06, 1.35361790399e-06, 9.17343186302e-07, 6.60899047489e-07, 7.71481495576e-07, 7.58554392633e-07], "dvar": [6.64917706672e-06, 2.92592885671e-05, 1.38467441957e-06, 1.86199565633e-06, 3.12850602313e-07, 3.84202479609e-07, 1.38603567734e-07, 6.30748999697e-08, 1.08920321651e-08, 2.43087434626e-08, 5.12405184949e-09, 2.1205541767e-09, 1.71391856263e-09, 2.85757639773e-09, 7.66034735644e-10, 8.94321949829e-10, 1.25012589169e-09, 2.25195556647e-10, 1.68654992749e-10, 2.48680159798e-10, 1.34036171051e-10, 6.95123680838e-11, 1.1175159409e-10, 5.96466695479e-11, 6.51663722984e-11, 2.90497677996e-11, 1.70256152926e-11, 9.49326554867e-12, 5.63271304599e-12, 6.87647811956e-12, 4.62767671405e-12, 5.02856306941e-12, 3.26202693329e-12, 3.30826685491e-12, 5.01273328402e-12, 4.0948451227e-12, 1.99008995047e-12, 1.25691796381e-12, 2.90445272e-12, 2.33205598929e-12], "min": [7.54565335139e-24, 8.10594890907e-24, 1.53916791003e-24, 3.04207050374e-24, 8.35977594938e-24, 2.8387141925e-24, 1.39804943072e-23, 1.97219012838e-23, 1.53702305639e-23, 1.31562174916e-23, 5.0995964494e-24, 3.93919822947e-24, 4.77393770721e-24, 6.70500688318e-24, 6.88976599579e-24, 1.13433701664e-23, 7.7950935362e-24, 7.81584767776e-24, 8.52582880334e-24, 1.50685275553e-23, 1.4067715502e-23, 1.58854056444e-23, 1.58021413759e-23, 1.60444889123e-23, 8.62666494855e-24, 9.79032313617e-24, 9.48198580732e-24, 1.13210509248e-23, 5.58312834682e-24, 8.79217901052e-24, 1.2776164029e-23, 9.31865610119e-24, 8.39767361612e-24, 1.2901966833e-23, 1.22490605828e-23, 1.40304923114e-23, 1.0378844137e-23, 9.7951935634e-24, 1.07500521023e-23, 1.0868206111e-23], "median": [0.00291992770508, 0.00399765651673, 0.0010848052334, 0.000728527782485, 0.000436525093392, 0.000379447592422, 0.000209823716432, 5.95621568209e-05, 2.67510331469e-05, 3.09363203996e-05, 2.02156479645e-05, 5.80600408284e-06, 6.00185012445e-06, 8.74743182067e-06, 4.95724270877e-06, 4.29667534263e-06, 1.10554174171e-05, 4.29479359809e-06, 2.23537472266e-06, 3.09056918013e-06, 3.94442531615e-06, 2.64193568e-06, 3.49225092577e-06, 2.69135466624e-06, 1.8424755126e-06, 1.38691029861e-06, 1.02762817278e-06, 6.69692099109e-07, 5.3571608305e-07, 7.22660843167e-07, 6.21861602212e-07, 5.44109298062e-07, 5.69837538933e-07, 6.15470582943e-07, 4.80065864394e-07, 4.07912921219e-07, 3.02803584873e-07, 3.03769240872e-07, 2.91969399768e-07, 2.72273837254e-07], "max": [0.0426236540079, 0.0854531228542, 0.0219194386154, 0.0203048270196, 0.00674281083047, 0.0133365746588, 0.0106053715572, 0.00685598375276, 0.00490505248308, 0.00370230781846, 0.00231763953343, 0.00139273121022, 0.00130295963027, 0.0021262250375, 0.000800939742476, 0.00107847165782, 0.00163093814626, 0.000287665374344, 0.000263816968072, 0.000404840422561, 0.000209885489312, 0.000151785163325, 0.000446266989456, 0.000144349600305, 0.000272353470791, 0.000261421635514, 9.0065637778e-05, 6.22041989118e-05, 5.30941215402e-05, 8.62046945258e-05, 5.4942764109e-05, 5.75182748435e-05, 7.27959049982e-05, 4.91346690978e-05, 5.51689008716e-05, 3.76460702682e-05, 2.49260174314e-05, 2.76185928669e-05, 5.69915682718e-05, 4.90184647788e-05]}, "barkbands_crest": {"dmean": 2.08851838112, "dvar2": 9.48526382446, "mean": 12.5317230225, "var": 14.488494873, "dmean2": 3.38703107834, "dvar": 3.76902794838, "min": 2.93250894547, "median": 12.0005064011, "max": 26.3159942627}, "mfcc": {"icov": [[9.53921553446e-05, -3.83939768653e-05, 0.000178490721737, -8.24890958029e-05, 3.24376196659e-06, 0.000247533811489, 0.000168772341567, -0.000100793295132, 0.000155105284648, 0.000116724251711, -8.78458595253e-05, 5.06175601913e-05, 9.10605085664e-05], [-3.83939768653e-05, 0.000636867654976, -0.000340572732966, 5.32032936462e-05, -0.000213866282138, -0.000211750768358, 8.85433910298e-05, -0.000192534411326, -0.000356929114787, 0.000191881626961, -0.000257788982708, -0.000759603863116, 0.000415884540416], [0.000178490721737, -0.000340572732966, 0.00196845596656, -0.00126706529409, 0.000294854486128, -0.000550742202904, -0.000333796226187, 0.000459156988654, 4.37105773017e-05, 0.000350901711499, -0.000495886080898, 0.000400911434554, 0.000151571060997], [-8.24890958029e-05, 5.32032936462e-05, -0.00126706529409, 0.00539348321036, -0.0025975049939, 0.000158096008818, 0.000617330602836, -0.000705191807356, 0.00148841622286, 0.000303707347484, 0.00118064542767, -0.000972333771642, 0.000161348783877], [3.24376196659e-06, -0.000213866282138, 0.000294854486128, -0.0025975049939, 0.00788596644998, -0.00141739845276, -0.00147110328544, 0.0018270809669, -0.000880595995113, -0.000425529899076, -0.000245734117925, 0.000396044837544, -0.00122131756507], [0.000247533811489, -0.000211750768358, -0.000550742202904, 0.000158096008818, -0.00141739845276, 0.00830803532153, -0.000278428517049, 0.000142129312735, 0.000841735163704, 0.000154495981405, -0.00234694220126, 0.00131383060943, 0.00183243094943], [0.000168772341567, 8.85433910298e-05, -0.000333796226187, 0.000617330602836, -0.00147110328544, -0.000278428517049, 0.0125285480171, -0.00498714949936, -8.13807200757e-05, 0.000801749818493, 0.00215257541277, 0.000337513454724, -0.00119757070206], [-0.000100793295132, -0.000192534411326, 0.000459156988654, -0.000705191807356, 0.0018270809669, 0.000142129312735, -0.00498714949936, 0.0151516264305, -0.0022083229851, -0.00133902824018, -0.000247212854447, 0.00245089945383, -0.00139869435225], [0.000155105284648, -0.000356929114787, 4.37105773017e-05, 0.00148841622286, -0.000880595995113, 0.000841735163704, -8.13807200757e-05, -0.0022083229851, 0.0140187423676, -0.00344305369072, 0.00204737205058, -0.00110586627852, 0.000426681595854], [0.000116724251711, 0.000191881626961, 0.000350901711499, 0.000303707347484, -0.000425529899076, 0.000154495981405, 0.000801749818493, -0.00133902824018, -0.00344305369072, 0.0206500496715, -0.00940067507327, 0.00251204217784, 0.00186212849803], [-8.78458595253e-05, -0.000257788982708, -0.000495886080898, 0.00118064542767, -0.000245734117925, -0.00234694220126, 0.00215257541277, -0.000247212854447, 0.00204737205058, -0.00940067507327, 0.0232985746115, -0.0100385239348, 0.00445923255756], [5.06175601913e-05, -0.000759603863116, 0.000400911434554, -0.000972333771642, 0.000396044837544, 0.00131383060943, 0.000337513454724, 0.00245089945383, -0.00110586627852, 0.00251204217784, -0.0100385239348, 0.0274439156055, -0.0106972819194], [9.10605085664e-05, 0.000415884540416, 0.000151571060997, 0.000161348783877, -0.00122131756507, 0.00183243094943, -0.00119757070206, -0.00139869435225, 0.000426681595854, 0.00186212849803, 0.00445923255756, -0.0106972819194, 0.0254070479423]], "mean": [-692.243225098, 136.79107666, 44.5445632935, 32.2553443909, 20.5142650604, 10.6079216003, -2.57853746414, 3.82857275009, -3.2270052433, 0.296524137259, 5.75576591492, 1.57771265507, -0.298947095871], "cov": [[16125.9101562, -277.37310791, -1818.89196777, -166.072113037, -201.134185791, -644.156494141, -256.054077148, 68.510093689, -141.270172119, -79.8829650879, -33.6382293701, 4.60565519333, 3.21219325066], [-277.37310791, 2004.16235352, 469.397918701, 115.147331238, 94.8069992065, 116.53313446, -9.18584918976, -6.52475547791, 35.5078735352, 7.28199958801, 71.0046386719, 63.1767463684, -26.975271225], [-1818.89196777, 469.397918701, 942.318603516, 216.883850098, 86.6062011719, 150.954437256, 31.6278648376, -29.5323562622, -5.75699186325, -4.78245830536, 25.0046463013, 7.17495918274, -15.9430303574], [-166.072113037, 115.147331238, 216.883850098, 286.370635986, 94.193107605, 32.210231781, 3.11697268486, -9.77037334442, -26.2361469269, -15.8094501495, -6.84458971024, 7.62433290482, 3.42245221138], [-201.134185791, 94.8069992065, 86.6062011719, 94.193107605, 171.429702759, 41.3220901489, 14.745642662, -14.9036445618, 0.0597685910761, -0.708750963211, 2.60922431946, 4.63072633743, 4.73177909851], [-644.156494141, 116.53313446, 150.954437256, 32.210231781, 41.3220901489, 170.699874878, 8.81528091431, -9.77427196503, -3.61718273163, 10.1534557343, 23.1646747589, -4.13214969635, -17.6403903961], [-256.054077148, -9.18584918976, 31.6278648376, 3.11697268486, 14.745642662, 8.81528091431, 102.765647888, 31.4756011963, 8.08160972595, -6.85604286194, -16.6270294189, -6.89613437653, 7.8907995224], [68.510093689, -6.52475547791, -29.5323562622, -9.77037334442, -14.9036445618, -9.77427196503, 31.4756011963, 83.0855484009, 14.4141407013, 4.22977161407, -6.92524337769, -8.41171360016, 3.26736021042], [-141.270172119, 35.5078735352, -5.75699186325, -26.2361469269, 0.0597685910761, -3.61718273163, 8.08160972595, 14.4141407013, 83.0204238892, 15.0879039764, -0.701682567596, 0.687229514122, -0.523288488388], [-79.8829650879, 7.28199958801, -4.78245830536, -15.8094501495, -0.708750963211, 10.1534557343, -6.85604286194, 4.22977161407, 15.0879039764, 66.662147522, 29.9597072601, 0.338483810425, -10.8155727386], [-33.6382293701, 71.0046386719, 25.0046463013, -6.84458971024, 2.60922431946, 23.1646747589, -16.6270294189, -6.92524337769, -0.701682567596, 29.9597072601, 71.157951355, 20.4939975739, -9.90200614929], [4.60565519333, 63.1767463684, 7.17495918274, 7.62433290482, 4.63072633743, -4.13214969635, -6.89613437653, -8.41171360016, 0.687229514122, 0.338483810425, 20.4939975739, 53.6412239075, 17.5422344208], [3.21219325066, -26.975271225, -15.9430303574, 3.42245221138, 4.73177909851, -17.6403903961, 7.8907995224, 3.26736021042, -0.523288488388, -10.8155727386, -9.90200614929, 17.5422344208, 51.839427948]]}, "spectral_decrease": {"dmean": 3.35155192488e-09, "dvar2": 7.45591950619e-17, "mean": -1.217204737e-08, "var": 8.58866129876e-17, "dmean2": 5.49022516338e-09, "dvar": 2.7619669841e-17, "min": -9.11280650939e-08, "median": -1.02667954138e-08, "max": 1.0835367434e-13}, "zerocrossingrate": {"dmean": 0.00876501109451, "dvar2": 0.000188881327631, "mean": 0.0424631759524, "var": 0.00301968120039, "dmean2": 0.0104098049924, "dvar": 0.000148415187141, "min": 0.00341796875, "median": 0.02978515625, "max": 0.51904296875}, "spectral_contrast_coeffs": {"dmean": [0.0421355105937, 0.0439849570394, 0.0346352122724, 0.0272877030075, 0.019349379465, 0.0161727275699], "dvar2": [0.00376840564422, 0.00356055563316, 0.00198021973483, 0.00125523144379, 0.000678073905874, 0.000479437643662], "mean": [-0.662152051926, -0.680043280125, -0.778261303902, -0.804474055767, -0.815126776695, -0.805737912655], "var": [0.00608962355182, 0.00607883185148, 0.00364374835044, 0.00225950730965, 0.0015094113769, 0.00147405802272], "dmean2": [0.0700408741832, 0.072438634932, 0.0552012994885, 0.0450402610004, 0.0316399894655, 0.0251686088741], "dvar": [0.00139230769128, 0.00129350402858, 0.000812191748992, 0.000497048720717, 0.000266422663117, 0.000212032799027], "min": [-0.972090959549, -0.972423315048, -0.969349622726, -0.972516894341, -0.962963044643, -0.95725351572], "median": [-0.664081931114, -0.67455136776, -0.781111240387, -0.809782624245, -0.815225601196, -0.803236365318], "max": [-0.355576395988, -0.427804231644, -0.489742457867, -0.592346847057, -0.663020968437, -0.661794245243]}, "spectral_skewness": {"dmean": 0.342412948608, "dvar2": 1.00842320919, "mean": 2.59811139107, "var": 9.24327087402, "dmean2": 0.515499353409, "dvar": 0.420966684818, "min": 0.0235338676721, "median": 1.86992228031, "max": 23.9942550659}, "spectral_energyband_middle_high": {"dmean": 0.000636904442217, "dvar2": 3.52054030373e-06, "mean": 0.00190698623192, "var": 7.46410660213e-06, "dmean2": 0.000943923601881, "dvar": 1.57274428148e-06, "min": 1.6403989172e-21, "median": 0.000833771948237, "max": 0.0365253686905}, "gfcc": {"icov": [[0.000151731539518, -0.000350185786374, 0.00016580891679, -0.000281241722405, 0.000196608394617, 5.03072078573e-05, 0.000470636005048, -0.00034605502151, 0.000572183809709, -0.000348457921064, 0.000596341444179, -0.000582124048378, 0.000783611671068], [-0.000350185786374, 0.0018982947804, -0.000429895619163, 0.00115822756197, -0.000793999119196, 0.000451023195637, -0.000662248930894, 0.00134410907049, -0.00220070104115, 0.00240020360798, -0.00310295796953, 0.0032305107452, -0.00242570368573], [0.00016580891679, -0.000429895619163, 0.00136764708441, -0.00030382964178, -0.000306590372929, 0.000346680084476, -0.00028304674197, 0.000634360068943, 0.000753514410462, -0.0010032429127, 0.000946882995777, -0.000441343843704, 0.000514315324835], [-0.000281241722405, 0.00115822756197, -0.00030382964178, 0.00406474852934, 4.9232825404e-05, -0.00124960194807, 0.00190055510029, 0.00100264081266, -0.00143052346539, 0.00272668129764, -0.00342626660131, 0.00252987886779, -0.00220066541806], [0.000196608394617, -0.000793999119196, -0.000306590372929, 4.9232825404e-05, 0.00498412083834, 0.000603844353464, -0.000186519624549, -0.000224090807023, 0.000907868205104, -0.000333911943017, 0.000577670696657, -0.000576794089284, 0.0012452803785], [5.03072078573e-05, 0.000451023195637, 0.000346680084476, -0.00124960194807, 0.000603844353464, 0.00855674780905, -0.00218218634836, 0.00103625038173, 8.52823213791e-05, -0.00180530012585, 0.00170086568687, 0.000726006459445, 0.00172550312709], [0.000470636005048, -0.000662248930894, -0.00028304674197, 0.00190055510029, -0.000186519624549, -0.00218218634836, 0.0128650441766, -0.00275515485555, -0.00225282111205, 0.00467631593347, -0.00110242585652, 0.000497124390677, 0.000696308736224], [-0.00034605502151, 0.00134410907049, 0.000634360068943, 0.00100264081266, -0.000224090807023, 0.00103625038173, -0.00275515485555, 0.0101249190047, -0.00164379738271, -0.000324398482917, 0.000849581789225, -0.00238949409686, -0.000170971325133], [0.000572183809709, -0.00220070104115, 0.000753514410462, -0.00143052346539, 0.000907868205104, 8.52823213791e-05, -0.00225282111205, -0.00164379738271, 0.0170303676277, -0.008406015113, 0.000579406449106, 0.00199111457914, -8.78176360857e-05], [-0.000348457921064, 0.00240020360798, -0.0010032429127, 0.00272668129764, -0.000333911943017, -0.00180530012585, 0.00467631593347, -0.000324398482917, -0.008406015113, 0.0209748335183, -0.00631404155865, -0.000132356712129, 0.00147779693361], [0.000596341444179, -0.00310295796953, 0.000946882995777, -0.00342626660131, 0.000577670696657, 0.00170086568687, -0.00110242585652, 0.000849581789225, 0.000579406449106, -0.00631404155865, 0.0198519453406, -0.00823469553143, 0.00139205961023], [-0.000582124048378, 0.0032305107452, -0.000441343843704, 0.00252987886779, -0.000576794089284, 0.000726006459445, 0.000497124390677, -0.00238949409686, 0.00199111457914, -0.000132356712129, -0.00823469553143, 0.0236016679555, -0.00950653385371], [0.000783611671068, -0.00242570368573, 0.000514315324835, -0.00220066541806, 0.0012452803785, 0.00172550312709, 0.000696308736224, -0.000170971325133, -8.78176360857e-05, 0.00147779693361, 0.00139205961023, -0.00950653385371, 0.0252094250172]], "mean": [-41.0540962219, 108.124794006, -60.4217643738, 37.4562416077, -47.9218978882, 16.644449234, -41.2350273132, 8.00187492371, -17.928899765, 7.42616462708, -11.0816249847, 5.09877490997, -12.2452459335], "cov": [[24282.5761719, -1034.85534668, -2742.03515625, 997.444702148, -963.811645508, 20.5072574615, -1221.21887207, 684.715576172, -751.465026855, 145.391403198, -396.087585449, 390.409973145, -468.826019287], [-1034.85534668, 2808.24267578, 740.891113281, -252.99331665, 401.103637695, -219.992797852, 259.316101074, -374.915710449, 255.480957031, -184.491699219, 237.358840942, -277.243835449, 144.769790649], [-2742.03515625, 740.891113281, 1288.421875, -138.657043457, 255.664169312, -69.6199951172, 171.393707275, -214.693405151, 98.8538970947, -39.9130439758, 65.4325332642, -107.566642761, 62.5868797302], [997.444702148, -252.99331665, -138.657043457, 437.602996826, -95.5135421753, 53.6451416016, -117.484909058, -10.8253593445, -36.6741065979, 0.314109355211, 11.1444263458, 11.4767713547, -6.53437566757], [-963.811645508, 401.103637695, 255.664169312, -95.5135421753, 299.960418701, -46.964302063, 79.4229278564, -66.9598083496, 42.7652740479, -29.7830886841, 34.2148017883, -45.693157196, 23.5243244171], [20.5072574615, -219.992797852, -69.6199951172, 53.6451416016, -46.964302063, 153.814910889, -2.82257080078, 12.6810483932, -9.22297382355, 18.4413852692, -26.6067333221, 1.42250728607, -22.8540554047], [-1221.21887207, 259.316101074, 171.393707275, -117.484909058, 79.4229278564, -2.82257080078, 177.492706299, -27.491481781, 60.0281562805, -35.5915985107, 26.2845935822, -39.8710594177, 26.1493434906], [684.715576172, -374.915710449, -214.693405151, -10.8253593445, -66.9598083496, 12.6810483932, -27.491481781, 188.824035645, -35.9769973755, 29.6851043701, -41.8584365845, 61.1734275818, -25.9296302795], [-751.465026855, 255.480957031, 98.8538970947, -36.6741065979, 42.7652740479, -9.22297382355, 60.0281562805, -35.9769973755, 121.056602478, 11.9808177948, 38.3744049072, -39.1218452454, 22.1874065399], [145.391403198, -184.491699219, -39.9130439758, 0.314109355211, -29.7830886841, 18.4413852692, -35.5915985107, 29.6851043701, 11.9808177948, 85.7593383789, 3.06143093109, 24.655008316, -15.8936014175], [-396.087585449, 237.358840942, 65.4325332642, 11.1444263458, 34.2148017883, -26.6067333221, 26.2845935822, -41.8584365845, 38.3744049072, 3.06143093109, 99.4463119507, -2.90142846107, 27.2789039612], [390.409973145, -277.243835449, -107.566642761, 11.4767713547, -45.693157196, 1.42250728607, -39.8710594177, 61.1734275818, -39.1218452454, 24.655008316, -2.90142846107, 96.1754379272, 2.90643429756], [-468.826019287, 144.769790649, 62.5868797302, -6.53437566757, 23.5243244171, -22.8540554047, 26.1493434906, -25.9296302795, 22.1874065399, -15.8936014175, 27.2789039612, 2.90643429756, 66.4262695312]]}, "erbbands_spread": {"dmean": 8.98671245575, "dvar2": 262.029998779, "mean": 44.3638343811, "var": 667.919921875, "dmean2": 13.1212711334, "dvar": 136.915588379, "min": 1.41829872131, "median": 41.6845855713, "max": 212.287063599}, "erbbands_kurtosis": {"dmean": 1.30024218559, "dvar2": 7.91543674469, "mean": 1.85488188267, "var": 13.7130289078, "dmean2": 1.99040305614, "dvar": 3.44198775291, "min": -1.89222705364, "median": 0.681695818901, "max": 44.1063957214}, "dynamic_complexity": 3.95015573502, "erbbands_crest": {"dmean": 2.06369328499, "dvar2": 9.68349552155, "mean": 9.71852397919, "var": 20.1663246155, "dmean2": 3.24184274673, "dvar": 4.35211277008, "min": 2.06416082382, "median": 8.72666168213, "max": 32.1896247864}, "erbbands": {"dmean": [0.171289741993, 1.80854260921, 6.37737512589, 3.4910390377, 8.06134319305, 9.48195266724, 9.19325733185, 16.699300766, 13.6850891113, 8.4916639328, 4.65672779083, 9.95114994049, 6.00942802429, 4.38344573975, 4.95287370682, 5.45758056641, 4.8697271347, 7.14914035797, 4.64065504074, 4.20342493057, 4.89945411682, 3.56379675865, 4.70234298706, 4.13700008392, 2.55210614204, 1.84852766991, 1.56163918972, 1.55271172523, 1.58229839802, 1.4607155323, 1.58147776127, 1.08509254456, 0.648039698601, 0.573041021824, 0.324381500483, 0.214417293668, 0.0699501186609, 0.0199469514191, 0.00150297803339, 3.41498125636e-05], "dvar2": [0.203021869063, 25.9529571533, 445.877075195, 95.6863250732, 670.741516113, 870.481018066, 636.610412598, 2242.65283203, 1672.99182129, 1094.35192871, 414.157928467, 1193.90124512, 492.999389648, 297.63494873, 424.034637451, 766.067687988, 419.233337402, 576.595214844, 231.464019775, 196.294677734, 256.441619873, 135.288406372, 223.303787231, 171.453689575, 63.2786598206, 58.3584594727, 39.8724327087, 28.786113739, 26.8295726776, 18.7087917328, 33.8405456543, 12.1245965958, 5.92697238922, 6.65363359451, 2.24992799759, 1.11374497414, 0.0850824415684, 0.0101728420705, 8.13988881418e-05, 1.71187402032e-08], "mean": [0.337978392839, 4.23861503601, 12.8791904449, 10.4191846848, 19.6787242889, 17.4885635376, 20.5149211884, 43.9904518127, 31.1017284393, 20.5371189117, 10.8106527328, 21.8741950989, 13.6350164413, 8.20411872864, 9.28864574432, 10.2323951721, 9.61818122864, 13.1127605438, 8.79403972626, 6.96238660812, 9.23978710175, 7.72903633118, 9.86014652252, 7.4462389946, 4.95373153687, 3.27995872498, 2.60540652275, 2.76332616806, 2.67818498611, 2.72823238373, 2.65035557747, 1.95674991608, 1.28514647484, 1.09340143204, 0.589766561985, 0.335019081831, 0.110514894128, 0.0238143671304, 0.00138603732921, 7.7739758126e-05], "var": [0.126761361957, 18.2157154083, 267.833251953, 236.607803345, 663.292907715, 475.089233398, 674.430114746, 3940.71948242, 2065.38696289, 2291.22045898, 613.808837891, 1965.35375977, 795.932739258, 369.774871826, 395.310821533, 548.14074707, 403.365509033, 774.146118164, 252.906494141, 169.580963135, 232.945022583, 145.4347229, 269.061859131, 192.55871582, 81.2053451538, 37.3024749756, 24.6876907349, 23.7732810974, 23.8117198944, 23.8329544067, 28.7103328705, 16.6981945038, 8.36963748932, 9.64113044739, 1.6825915575, 0.695336937904, 0.0620002523065, 0.00556973973289, 2.94765068247e-05, 9.41050437575e-09], "dmean2": [0.276872009039, 3.04881811142, 11.1719827652, 5.60219144821, 13.1397266388, 15.7259702682, 14.6395263672, 26.0645866394, 21.8462429047, 13.0193481445, 7.11295843124, 14.556848526, 9.20311641693, 7.08522462845, 7.92494297028, 8.73665714264, 7.78485012054, 11.1255455017, 7.30752372742, 6.63655853271, 7.79553937912, 5.60567474365, 7.55837965012, 6.37829303741, 3.84510374069, 2.90408778191, 2.46017122269, 2.37299442291, 2.42010760307, 2.24940395355, 2.43412399292, 1.58787202835, 0.937128007412, 0.848400175571, 0.488385260105, 0.322388231754, 0.102576225996, 0.0291925687343, 0.00241194781847, 5.3104104154e-05], "dvar": [0.0832667350769, 9.05084323883, 149.094314575, 39.5360603333, 258.506958008, 331.648620605, 247.929870605, 900.81817627, 668.730285645, 500.881317139, 178.161453247, 535.622802734, 207.23298645, 120.907905579, 167.214401245, 297.488525391, 158.104660034, 266.24206543, 95.0523910522, 83.6606369019, 105.083999634, 56.0491065979, 90.1975708008, 77.8204650879, 29.4056682587, 23.5232124329, 15.7680511475, 11.9381065369, 11.6714982986, 8.519282341, 14.1174135208, 5.72692155838, 2.85952353477, 3.2616019249, 0.918759405613, 0.471926063299, 0.0367453843355, 0.00450560869649, 3.28971436829e-05, 7.10030922946e-09], "min": [7.51582595258e-22, 3.35393324252e-21, 1.91579812005e-20, 9.1731333018e-21, 7.71405213254e-21, 1.09691865269e-19, 2.08404536418e-19, 1.2738852852e-19, 7.66847971529e-19, 1.64767264267e-18, 2.01094844742e-18, 2.15778686142e-18, 1.05860144951e-18, 1.01023909423e-18, 1.49564584167e-18, 2.83493117972e-18, 4.65962212785e-18, 4.4446610477e-18, 5.36740459565e-18, 7.93034762303e-18, 1.21320859907e-17, 1.56684766697e-17, 1.78572544731e-17, 1.19625487068e-17, 1.35642408607e-17, 1.6753438194e-17, 1.01309400472e-17, 1.95796264882e-17, 1.63965279576e-17, 2.05419336713e-17, 2.18359071927e-17, 1.93772517883e-17, 1.46364513959e-17, 1.29681108184e-17, 7.83500761281e-18, 6.62795588447e-18, 2.85346374776e-18, 1.16313681302e-18, 2.71901634424e-19, 3.50540855154e-20], "median": [0.25290119648, 2.94708919525, 6.60571193695, 4.0377163887, 8.41639041901, 10.5660705566, 10.4658184052, 15.8358192444, 15.7630720139, 6.34432601929, 3.59682416916, 5.19615459442, 4.53533172607, 1.67945742607, 2.31926560402, 2.79319596291, 2.34611845016, 5.5407242775, 2.66527175903, 2.03605651855, 3.31701660156, 2.83531904221, 3.86749076843, 2.49004220963, 1.78585004807, 1.18604123592, 1.0106921196, 1.15199530125, 1.00516247749, 1.10034048557, 0.850019156933, 0.568331897259, 0.458655178547, 0.333089381456, 0.171108514071, 0.0694973617792, 0.0190304853022, 0.00224178796634, 8.6160369392e-05, 5.22304908372e-05], "max": [3.88195014, 67.1102371216, 143.487731934, 103.49269104, 260.80960083, 319.359832764, 216.507446289, 647.828125, 670.002197266, 618.146972656, 659.58404541, 623.629638672, 459.107971191, 328.938995361, 302.389251709, 551.354187012, 602.962890625, 755.131835938, 196.418060303, 160.591430664, 208.346191406, 189.177459717, 208.079681396, 292.623321533, 184.339157104, 107.414009094, 83.5462417603, 83.2509231567, 103.346511841, 83.3747253418, 76.5349655151, 43.4652175903, 43.2307777405, 62.1118621826, 20.2614555359, 16.7133979797, 5.4679608345, 1.02969062328, 0.085031889379, 0.0013957520714]}, "silence_rate_30dB": {"dmean": 0.0453832671046, "dvar2": 0.103395275772, "mean": 0.934882879257, "var": 0.0608655102551, "dmean2": 0.0907749086618, "dvar": 0.0433161184192, "min": 0, "median": 1, "max": 1}, "silence_rate_60dB": {"dmean": 0.0023983027786, "dvar2": 0.00643443642184, "mean": 0.0479616299272, "var": 0.0456502065063, "dmean2": 0.00479704793543, "dvar": 0.00239252322353, "min": 0, "median": 0, "max": 1}, "spectral_energyband_middle_low": {"dmean": 0.00461470196024, "dvar2": 0.000126970204292, "mean": 0.017585285008, "var": 0.000243509522988, "dmean2": 0.00727190403268, "dvar": 5.15589636052e-05, "min": 3.11909114332e-22, "median": 0.0142290778458, "max": 0.122831776738}, "spectral_spread": {"dmean": 700438.1875, "dvar2": 1586039750660.0, "mean": 5476343, "var": 5701557551100.0, "dmean2": 999687.625, "dvar": 854866067456, "min": 169264.78125, "median": 5335357, "max": 40513140}, "barkbands": {"dmean": [0.000365149782738, 0.00698976032436, 0.00515969004482, 0.0012593222782, 0.00280260108411, 0.00169736694079, 0.000732754473574, 0.00034223095281, 0.000384735147236, 0.00017183359887, 0.00