{"lowlevel": {"spectral_strongpeak": {"max": 17.0505943298, "dmean": 0.616170823574, "dvar2": 2.7486448288, "dmean2": 1.0337010622, "var": 2.12733459473, "median": 0.309045433998, "min": 0, "dvar": 1.17137730122, "mean": 0.942130804062}, "barkbands_flatness_db": {"max": 0.372676789761, "dmean": 0.0229507014155, "dvar2": 0.001480323961, "dmean2": 0.0368986278772, "var": 0.002252205275, "median": 0.0858287885785, "min": 0.0184226799756, "dvar": 0.000586726062465, "mean": 0.0956837311387}, "barkbands_skewness": {"max": 8.17501449585, "dmean": 0.64034485817, "dvar2": 1.36641705036, "dmean2": 1.04197704792, "var": 1.22268640995, "median": 0.88972479105, "min": -4.66207885742, "dvar": 0.53295814991, "mean": 1.12037980556}, "spectral_energyband_middle_high": {"max": 0.0872457027435, "dmean": 0.0021459159907, "dvar2": 3.29711656377e-05, "dmean2": 0.00324352178723, "var": 5.32218837179e-05, "median": 0.00425760447979, "min": 1.92166092067e-11, "dvar": 1.4003870092e-05, "mean": 0.00678116595373}, "erbbands_kurtosis": {"max": 24.3502120972, "dmean": 0.788676559925, "dvar2": 2.25286531448, "dmean2": 1.24191641808, "var": 2.93098020554, "median": -0.098433971405, "min": -1.86665463448, "dvar": 1.05519270897, "mean": 0.283569663763}, "erbbands_crest": {"max": 32.8893928528, "dmean": 2.35549020767, "dvar2": 15.222902298, "dmean2": 3.8073694706, "var": 22.4500713348, "median": 6.38060808182, "min": 2.25861740112, "dvar": 6.40199899673, "mean": 8.05689048767}, "dynamic_complexity": 2.99431991577, "barkbands_crest": {"max": 25.5418052673, "dmean": 2.97197294235, "dvar2": 16.9091453552, "dmean2": 4.73743724823, "var": 18.7876186371, "median": 8.50908565521, "min": 2.22686982155, "dvar": 7.12421178818, "mean": 9.43458747864}, "dissonance": {"max": 0.500000178814, "dmean": 0.0107006635517, "dvar2": 0.000454885594081, "dmean2": 0.0182843375951, "var": 0.000380213372409, "median": 0.48902001977, "min": 0.280496299267, "dvar": 0.00016703500296, "mean": 0.482527107}, "spectral_energyband_low": {"max": 0.170572012663, "dmean": 0.0106961159036, "dvar2": 0.00147690053564, "dmean2": 0.0188237912953, "var": 0.000491020735353, "median": 0.00540033960715, "min": 3.25679630833e-12, "dvar": 0.000527875032276, "mean": 0.0132030528039}, "spectral_contrast_coeffs": {"max": [-0.348468065262, -0.408147484064, -0.462436974049, -0.513753712177, -0.593543171883, -0.536860525608], "dmean": [0.0614507645369, 0.0471297614276, 0.0389467924833, 0.0294582620263, 0.0215540155768, 0.0173176229], "dvar2": [0.00764803495258, 0.00381595850922, 0.00258522760123, 0.00147419050336, 0.000805775576737, 0.000528820673935], "dmean2": [0.100676506758, 0.0768068507314, 0.0631402656436, 0.0474546737969, 0.0358311906457, 0.0272336509079], "var": [0.00683726463467, 0.00502673722804, 0.00619966909289, 0.0032261502929, 0.00133050838485, 0.00181348866317], "median": [-0.652197122574, -0.791341841221, -0.80326294899, -0.807403087616, -0.793602705002, -0.716191768646], "min": [-0.963924407959, -0.945300161839, -0.965132296085, -0.964754402637, -0.956563830376, -0.958423554897], "dvar": [0.00295357592404, 0.00152337981854, 0.00106824084651, 0.000638204801362, 0.000318615144351, 0.000227371710935], "mean": [-0.653315901756, -0.779137253761, -0.781255960464, -0.793468296528, -0.78761446476, -0.713708639145]}, "silence_rate_60dB": {"max": 1, "dmean": 0.00737652322277, "dvar2": 0.0164634510875, "dmean2": 0.0147554129362, "var": 0.0437541417778, "median": 0, "min": 0, "dvar": 0.00732252141461, "mean": 0.0458553805947}, "mfcc": {"icov": [[0.000196767708985, -0.000184025819181, -0.000142691627843, 0.000150045088958, -0.000116331320896, -0.000126157785417, 0.000215112493606, -0.000125112521346, 0.000326953158947, -1.40971933433e-05, -2.85777005047e-05, 0.000166156169144, 0.00010663708963], [-0.000184025819181, 0.00271123368293, 0.000976439798251, -0.00136121176183, 2.52291829383e-06, 0.000242289170274, -0.000577411090489, -0.000169163409737, 0.000613516313024, 0.000742753327359, -0.000983799574897, -0.00101186020765, 0.00069397862535], [-0.000142691627843, 0.000976439798251, 0.00399470562115, -0.00279174651951, -0.00146279600449, 0.00291104800999, -0.00261039170437, -0.000569816678762, 0.00266072852537, -0.00327085773461, 0.00325205549598, -0.00136578793172, 0.000105874627479], [0.000150045088958, -0.00136121176183, -0.00279174651951, 0.00672326888889, -0.000200563386898, -0.0048592290841, 0.00170124974102, 0.00104424380697, -0.00311871664599, 0.00196757540107, -0.00063671177486, 0.000218947054236, -0.000239320404944], [-0.000116331320896, 2.52291829383e-06, -0.00146279600449, -0.000200563386898, 0.00852151401341, -0.00504741026089, 0.00126248586457, -9.41354755923e-06, 0.00203365646303, -0.0030161505565, 0.00121360167395, -0.00124398397747, 0.000566589413211], [-0.000126157785417, 0.000242289170274, 0.00291104800999, -0.0048592290841, -0.00504741026089, 0.0184511132538, -0.00855322089046, 0.000712212466169, 0.000375488016289, -0.00192924402654, 0.00124667549971, 0.00127034552861, -0.00136768433731], [0.000215112493606, -0.000577411090489, -0.00261039170437, 0.00170124974102, 0.00126248586457, -0.00855322089046, 0.0152568072081, -0.00762974098325, 0.00138286524452, 0.00278235110454, -0.00144453777466, -0.00175317830872, 0.00131432048511], [-0.000125112521346, -0.000169163409737, -0.000569816678762, 0.00104424380697, -9.41354755923e-06, 0.000712212466169, -0.00762974098325, 0.0177062172443, -0.00938944518566, 0.00113063096069, 0.000829972384963, -0.0017526189331, -0.000247434189077], [0.000326953158947, 0.000613516313024, 0.00266072852537, -0.00311871664599, 0.00203365646303, 0.000375488016289, 0.00138286524452, -0.00938944518566, 0.0199625026435, -0.00949395261705, 0.000240404391661, 0.00292316707782, 0.00249521713704], [-1.40971933433e-05, 0.000742753327359, -0.00327085773461, 0.00196757540107, -0.0030161505565, -0.00192924402654, 0.00278235110454, 0.00113063096069, -0.00949395261705, 0.0220505520701, -0.0115226665512, 0.00097517244285, -0.000528729753569], [-2.85777005047e-05, -0.000983799574897, 0.00325205549598, -0.00063671177486, 0.00121360167395, 0.00124667549971, -0.00144453777466, 0.000829972384963, 0.000240404391661, -0.0115226665512, 0.0265084393322, -0.0132016362622, 0.00328003312461], [0.000166156169144, -0.00101186020765, -0.00136578793172, 0.000218947054236, -0.00124398397747, 0.00127034552861, -0.00175317830872, -0.0017526189331, 0.00292316707782, 0.00097517244285, -0.0132016362622, 0.0290272720158, -0.0126077057794], [0.00010663708963, 0.00069397862535, 0.000105874627479, -0.000239320404944, 0.000566589413211, -0.00136768433731, 0.00131432048511, -0.000247434189077, 0.00249521713704, -0.000528729753569, 0.00328003312461, -0.0126077057794, 0.0188393276185]], "cov": [[6131.78515625, 342.739135742, 318.69744873, 29.476984024, 212.929885864, 46.6101608276, -25.9623508453, -69.5075912476, -216.134140015, -44.0979347229, -54.2430534363, -20.5524654388, -27.7930870056], [342.739135742, 502.079833984, -102.46232605, 74.1841430664, -2.04780244827, 33.9256248474, 22.2641048431, 3.75472021103, -12.4088335037, -27.3665904999, 34.5806312561, 25.4421958923, -6.01494073868], [318.69744873, -102.46232605, 674.251464844, 231.388885498, 191.270339966, 70.7663345337, 110.953475952, 26.8213882446, -58.1557579041, 45.1655044556, -55.8868179321, 31.0982704163, 32.6292991638], [29.476984024, 74.1841430664, 231.388885498, 321.198577881, 107.623558044, 107.195960999, 62.5091552734, 20.6527919769, 14.6691102982, 17.6879062653, -12.7353820801, 11.9019098282, 9.07189369202], [212.929885864, -2.04780244827, 191.270339966, 107.623558044, 220.887664795, 85.5895690918, 45.6842575073, 4.4853720665, -25.4786243439, 34.0406837463, -9.91891670227, 18.7232284546, 14.1914873123], [46.6101608276, 33.9256248474, 70.7663345337, 107.195960999, 85.5895690918, 131.457015991, 79.2534942627, 29.2563934326, 6.55710411072, 12.8269510269, -2.4994661808, 8.73920249939, 7.05015087128], [-25.9623508453, 22.2641048431, 110.953475952, 62.5091552734, 45.6842575073, 79.2534942627, 154.550964355, 69.6004180908, 8.33954906464, 2.43879365921, -1.32099699974, 18.6446495056, 5.68021869659], [-69.5075912476, 3.75472021103, 26.8213882446, 20.6527919769, 4.4853720665, 29.2563934326, 69.6004180908, 113.495147705, 56.4581756592, 18.1553020477, 7.10310173035, 6.394926548, -4.93448781967], [-216.134140015, -12.4088335037, -58.1557579041, 14.6691102982, -25.4786243439, 6.55710411072, 8.33954906464, 56.4581756592, 119.06967926, 45.962852478, 21.3902244568, -13.6193237305, -23.7233428955], [-44.0979347229, -27.3665904999, 45.1655044556, 17.6879062653, 34.0406837463, 12.8269510269, 2.43879365921, 18.1553020477, 45.962852478, 95.4304962158, 38.8934173584, 13.2326936722, -0.121004104614], [-54.2430534363, 34.5806312561, -55.8868179321, -12.7353820801, -9.91891670227, -2.4994661808, -1.32099699974, 7.10310173035, 21.3902244568, 38.8934173584, 78.773765564, 34.4630393982, 7.09476709366], [-20.5524654388, 25.4421958923, 31.0982704163, 11.9019098282, 18.7232284546, 8.73920249939, 18.6446495056, 6.394926548, -13.6193237305, 13.2326936722, 34.4630393982, 74.4867553711, 44.0333862305], [-27.7930870056, -6.01494073868, 32.6292991638, 9.07189369202, 14.1914873123, 7.05015087128, 5.68021869659, -4.93448781967, -23.7233428955, -0.121004104614, 7.09476709366, 44.0333862305, 84.3867340088]], "mean": [-614.960998535, 78.4795227051, -5.20024108887, 28.8376541138, 5.82149887085, 16.1632919312, 4.59740304947, 10.5877246857, 9.71183776855, -2.43503928185, 3.28809762001, -4.78436946869, -9.14486408234]}, "melbands_spread": {"max": 192.299346924, "dmean": 12.0868186951, "dvar2": 366.926696777, "dmean2": 19.3839893341, "var": 429.854858398, "median": 34.0931892395, "min": 1.63424968719, "dvar": 160.445663452, "mean": 36.6611824036}, "barkbands_kurtosis": {"max": 71.5175476074, "dmean": 2.42948746681, "dvar2": 62.3708152771, "dmean2": 4.21167802811, "var": 23.8492889404, "median": -0.102427721024, "min": -1.89850974083, "dvar": 22.4430198669, "mean": 1.50654065609}, "spectral_energyband_high": {"max": 0.0243774317205, "dmean": 0.000588517170399, "dvar2": 2.32872116612e-06, "dmean2": 0.000866602233145, "var": 2.89386662189e-06, "median": 0.00146629696246, "min": 1.65089122928e-11, "dvar": 1.121059654e-06, "mean": 0.00187895761337}, "hfc": {"max": 199.310699463, "dmean": 7.61742115021, "dvar2": 262.33581543, "dmean2": 11.2742004395, "var": 406.240905762, "median": 23.9558067322, "min": 3.83104350021e-07, "dvar": 120.200119019, "mean": 28.397857666}, "spectral_skewness": {"max": 4.11793518066, "dmean": 0.133431330323, "dvar2": 0.0421525426209, "dmean2": 0.214093804359, "var": 0.0923399552703, "median": 1.12584614754, "min": -0.0506107285619, "dvar": 0.0171807706356, "mean": 1.13702702522}, "erbbands": {"max": [4.30761575699, 25.4930057526, 90.6036605835, 190.193572998, 143.342773438, 326.222900391, 127.857009888, 229.162475586, 451.835754395, 369.100860596, 652.55078125, 1917.62731934, 3114.44726562, 869.118347168, 680.866943359, 874.034179688, 1071.14404297, 1207.92553711, 1848.19470215, 1301.92028809, 583.211486816, 628.000427246, 331.301147461, 333.884460449, 196.117095947, 123.344421387, 180.916320801, 436.438140869, 182.322769165, 348.534240723, 222.777618408, 166.680511475, 254.855773926, 93.8444900513, 35.2669487, 10.0542135239, 2.60816884041, 0.334813654423, 0.0395321957767, 0.00131722632796], "dmean": [0.182534724474, 1.62379384041, 4.90092563629, 5.81736898422, 6.66810274124, 10.3496904373, 3.22683191299, 4.57907533646, 7.00501251221, 7.07212972641, 7.97544765472, 16.5725021362, 37.0244178772, 16.580663681, 10.092250824, 16.5709266663, 19.0467948914, 20.9714508057, 21.9499931335, 20.1037979126, 15.3229980469, 18.0929088593, 11.0994443893, 14.3773727417, 7.45259618759, 5.43181276321, 5.57691717148, 11.4051351547, 6.30396080017, 4.52921533585, 3.39383935928, 1.97371566296, 1.64267504215, 0.869102716446, 0.480117052794, 0.207410424948, 0.0510470718145, 0.00800766795874, 0.000945471867453, 4.61228992208e-05], "dvar2": [0.238193929195, 43.9953041077, 378.257324219, 312.076812744, 574.462646484, 2709.07788086, 230.153381348, 496.247283936, 1178.25244141, 1156.55334473, 1256.38574219, 7022.94335938, 33358.4882812, 4442.31738281, 1330.46594238, 3870.81860352, 5423.67529297, 5243.30957031, 5750.79394531, 6072.12890625, 2064.03466797, 2275.22045898, 691.441650391, 916.760559082, 220.729705811, 168.018600464, 170.750564575, 457.788848877, 181.747970581, 212.639358521, 196.462783813, 94.0986175537, 69.1165924072, 12.7007551193, 3.40788006783, 0.615862071514, 0.0351587533951, 0.000843662419356, 1.14186786959e-05, 1.69081566526e-08], "dmean2": [0.266504734755, 2.96471881866, 9.03510189056, 10.1216754913, 11.2674846649, 17.9496898651, 5.47066450119, 7.63992834091, 11.3877811432, 11.5576982498, 12.7946767807, 26.0637588501, 57.843208313, 26.3565711975, 16.2300701141, 26.5908679962, 29.6451187134, 32.8456001282, 34.1913604736, 31.8168830872, 24.2174892426, 28.6519317627, 17.3909606934, 23.5446453094, 12.0307283401, 8.887383461, 9.03031635284, 18.4853572845, 10.0276117325, 7.05058383942, 5.20410728455, 2.9922952652, 2.47464156151, 1.28435111046, 0.713204503059, 0.317078143358, 0.0789832621813, 0.0126371374354, 0.00149745680392, 7.30985411792e-05], "var": [0.259363234043, 10.5629558563, 82.1909942627, 94.2614746094, 185.222183228, 724.568237305, 73.4772186279, 215.035446167, 645.405029297, 508.160705566, 892.750427246, 5573.10644531, 31282.9453125, 3647.10595703, 824.540405273, 2699.57714844, 3904.61669922, 4979.90722656, 6564.13085938, 5422.36035156, 1951.68554688, 2463.8190918, 778.596374512, 991.843017578, 222.009994507, 126.386795044, 149.45401001, 615.154418945, 202.469482422, 150.66078186, 156.410552979, 64.9122009277, 63.6036262512, 14.23670578, 2.72047829628, 0.38370642066, 0.0201536044478, 0.000437955779489, 5.89405181017e-06, 1.01528154772e-08], "median": [0.0327435433865, 0.356499314308, 1.82023751736, 4.84539556503, 3.99335837364, 2.79276061058, 1.54974293709, 1.76480257511, 2.0596473217, 2.59939312935, 3.26673984528, 5.95157146454, 7.97731685638, 8.48206233978, 8.06411838531, 8.66069889069, 10.1041946411, 11.9672851562, 14.7138757706, 15.0531711578, 18.1879882812, 21.5125350952, 16.2381019592, 25.7896976471, 16.3961334229, 8.60849189758, 10.848408699, 27.8033771515, 12.7864732742, 5.88005161285, 4.32414484024, 2.23434281349, 1.81942379475, 1.12962985039, 0.597496628761, 0.222426727414, 0.0465965680778, 0.00683032069355, 0.000705033075064, 6.40280341031e-05], "min": [4.48054683633e-11, 2.79121892266e-10, 1.40233080703e-09, 5.68363933695e-09, 2.2955711998e-08, 4.67969520912e-08, 8.32995397104e-08, 1.21404653441e-07, 9.42058804299e-08, 7.53191855551e-08, 4.62273348489e-08, 2.51932323891e-08, 9.7585136416e-08, 1.49509077119e-07, 1.89278122065e-08, 4.63677665152e-08, 9.27388583705e-08, 7.46252339923e-08, 1.20494206612e-07, 7.52912967528e-08, 1.5603950132e-08, 1.03995931866e-08, 1.35125510781e-08, 8.92399398822e-09, 1.67361982051e-08, 1.20027108252e-08, 3.39485666245e-08, 5.36637578818e-08, 4.87315290343e-08, 4.77131330001e-08, 1.15522409416e-08, 1.19446443847e-08, 1.55277124492e-08, 3.99346866686e-08, 2.28142944536e-08, 5.99042149219e-09, 2.47820408639e-09, 9.54548995402e-10, 2.54358922813e-10, 2.8785940645e-11], "dvar": [0.138344436884, 15.2244749069, 132.402435303, 111.600273132, 218.089782715, 1010.60919189, 83.3916091919, 193.254608154, 503.33114624, 471.929077148, 573.055908203, 2853.79321289, 13960.4580078, 1833.50061035, 532.10369873, 1631.68908691, 2363.69116211, 2292.27368164, 2756.42553711, 2768.05004883, 860.427124023, 1011.4720459, 304.336120605, 377.424957275, 90.7081756592, 67.5339813232, 70.2544631958, 196.278182983, 78.3990097046, 88.1026916504, 86.434463501, 39.8953018188, 31.8129138947, 6.59218025208, 1.56489098072, 0.267136305571, 0.0148075055331, 0.000336456054356, 4.60652427137e-06, 7.11801773079e-09], "mean": [0.25289028883, 1.40030837059, 4.22785282135, 7.40817403793, 7.77259159088, 9.32783603668, 3.92632770538, 5.42394256592, 8.18702793121, 8.33855628967, 10.7204113007, 27.4576721191, 62.1009559631, 27.8091506958, 16.7396068573, 25.7026824951, 30.2332019806, 36.9822311401, 39.9942970276, 37.0635604858, 32.2493515015, 38.0144081116, 25.3968849182, 34.3662223816, 19.9322814941, 11.9079589844, 14.2282123566, 32.9507789612, 16.816986084, 9.26676177979, 7.06523799896, 4.18921327591, 3.36277198792, 1.95082056522, 1.02624297142, 0.395550101995, 0.0889252647758, 0.0134417908266, 0.00150938064326, 9.17704528547e-05]}, "spectral_contrast_valleys": {"max": [-5.17320823669, -4.3482708931, -5.26710939407, -5.66128063202, -5.59636640549, -7.30478668213], "dmean": [0.413019001484, 0.395903974771, 0.307141363621, 0.260822296143, 0.198501810431, 0.213038578629], "dvar2": [0.356953054667, 0.34045574069, 0.188142344356, 0.159732341766, 0.107134692371, 0.120401538908], "dmean2": [0.665328145027, 0.640356779099, 0.491699725389, 0.40531000495, 0.304060012102, 0.290667712688], "var": [1.47337520123, 1.05276978016, 0.913321793079, 0.937517762184, 0.90684491396, 1.08320271969], "median": [-7.05078792572, -7.00176334381, -7.0699634552, -7.19406270981, -6.85982513428, -9.32230091095], "min": [-27.3471031189, -27.5158653259, -27.343000412, -27.3539924622, -27.3307647705, -27.3387699127], "dvar": [0.177081733942, 0.162427559495, 0.106254190207, 0.0951851382852, 0.075689509511, 0.0882216617465], "mean": [-7.31318092346, -7.12936162949, -7.18102025986, -7.31354570389, -7.02339506149, -9.50700283051]}, "average_loudness": 0.949868559837, "erbbands_spread": {"max": 145.154220581, "dmean": 10.7891969681, "dvar2": 366.080596924, "dmean2": 17.4888534546, "var": 420.616333008, "median": 42.9098014832, "min": 3.92082381248, "dvar": 141.220581055, "mean": 45.4662742615}, "melbands_flatness_db": {"max": 0.418253809214, "dmean": 0.0305319540203, "dvar2": 0.00250073894858, "dmean2": 0.0486274659634, "var": 0.00312006752938, "median": 0.142337024212, "min": 0.0290390718728, "dvar": 0.00101882731542, "mean": 0.15320405364}, "barkbands_spread": {"max": 105.984008789, "dmean": 8.55688285828, "dvar2": 188.735061646, "dmean2": 13.870800972, "var": 255.527450562, "median": 35.4993362427, "min": 2.33886957169, "dvar": 78.9943847656, "mean": 36.4077796936}, "spectral_decrease": {"max": -6.08718242311e-17, "dmean": 3.80265463562e-09, "dvar2": 1.10502416139e-16, "dmean2": 6.52156550984e-09, "var": 4.62019448123e-17, "median": -4.80963580074e-09, "min": -4.91317777573e-08, "dvar": 4.02194536762e-17, "mean": -6.92033630401e-09}, "melbands_crest": {"max": 35.005569458, "dmean": 4.23032331467, "dvar2": 32.1103363037, "dmean2": 6.79129648209, "var": 35.2383575439, "median": 14.6853685379, "min": 3.33353877068, "dvar": 12.9105587006, "mean": 15.5957365036}, "erbbands_flatness_db": {"max": 0.431119710207, "dmean": 0.0140581140295, "dvar2": 0.000389654451283, "dmean2": 0.0211175791919, "var": 0.0026593382936, "median": 0.118120007217, "min": 0.0205716025084, "dvar": 0.000206766082556, "mean": 0.131350144744}, "melbands_kurtosis": {"max": 408.992889404, "dmean": 10.4838972092, "dvar2": 1266.47094727, "dmean2": 18.1031742096, "var": 525.251953125, "median": 5.64149284363, "min": -1.63031852245, "dvar": 460.091766357, "mean": 13.3780612946}, "spectral_rms": {"max": 0.0136518748477, "dmean": 0.0011538232211, "dvar2": 6.2158151195e-06, "dmean2": 0.00188788911328, "var": 4.71674184155e-06, "median": 0.0045224847272, "min": 5.07978484166e-07, "dvar": 2.36104847318e-06, "mean": 0.00482473801821}, "melbands_skewness": {"max": 17.5909366608, "dmean": 1.0526393652, "dvar2": 4.50117731094, "dmean2": 1.72308754921, "var": 4.13529348373, "median": 2.35935807228, "min": -2.44519138336, "dvar": 1.73577976227, "mean": 2.79763507843}, "barkbands": {"max": [0.012845707126, 0.0977074056864, 0.0924402028322, 0.0601749829948, 0.0660431608558, 0.0216252859682, 0.0273667071015, 0.0231413803995, 0.0619057752192, 0.0887400880456, 0.0232226233929, 0.0228539332747, 0.0195985045284, 0.027051769197, 0.0296108648181, 0.0215505901724, 0.010037438944, 0.00565011007711, 0.00504160206765, 0.00235695228912, 0.00699915550649, 0.00625958899036, 0.00890729669482, 0.0107470043004, 0.0051606032066, 0.00151406880468, 0.000190336169908], "dmean": [0.000575408397708, 0.0063468911685, 0.00436701113358, 0.00182432762813, 0.00256965169683, 0.000499614339788, 0.0004957265337, 0.000344985630363, 0.000825784751214, 0.00100238714367, 0.000300154701108, 0.000410762993852, 0.000443083408754, 0.000501076341607, 0.000457866641227, 0.00029199392884, 0.000334873184329, 0.000213901948882, 0.000241293237195, 0.000115183545859, 0.000220713453018, 0.000184516946319, 0.000116277013149, 9.1228808742e-05, 6.92184476065e-05, 3.30932816723e-05, 5.01544627696e-06], "dvar2": [2.68133726422e-06, 0.000530514400452, 0.000275254569715, 2.53060334217e-05, 0.000144867328345, 5.28426107849e-06, 5.31703562956e-06, 2.25796748055e-06, 1.42401222547e-05, 2.55090599239e-05, 1.39032749757e-06, 2.60722845269e-06, 3.03856268147e-06, 3.27773273057e-06, 2.84862585431e-06, 1.08828430712e-06, 7.17827788321e-07, 2.55504318147e-07, 2.24546553795e-07, 7.04361156068e-08, 1.771679905e-07, 1.6678295367e-07, 2.00225713343e-07, 2.0579452098e-07, 7.47418411606e-08, 1.44066971686e-08, 3.2899952207e-10], "dmean2": [0.000824555405416, 0.0110185481608, 0.00796157028526, 0.00307002244517, 0.00440700678155, 0.000834762351587, 0.00080335495295, 0.000567729584873, 0.00130858656485, 0.001574780792, 0.000485329190269, 0.000675528426655, 0.000694995338563, 0.000797679880634, 0.000725917285308, 0.000465776829515, 0.000533559534233, 0.000341541599482, 0.000396942428779, 0.000188099729712, 0.000358245510142, 0.000294167664833, 0.000174877641257, 0.000137327559059, 0.000100540491985, 5.08204793732e-05, 7.95218238636e-06], "var": [2.05596757041e-06, 0.000203066956601, 6.16095057921e-05, 9.87092153082e-06, 4.17418341385e-05, 2.27655596063e-06, 2.99286693917e-06, 1.34487072501e-06, 1.42018252518e-05, 2.11191018025e-05, 9.19257217902e-07, 1.55708983129e-06, 1.95690995497e-06, 2.68782014246e-06, 2.66926167569e-06, 7.84036615187e-07, 7.77671516516e-07, 2.64059053734e-07, 2.25627061923e-07, 5.86224047083e-08, 2.17635971467e-07, 1.58216110435e-07, 1.70810636746e-07, 1.7837091093e-07, 7.04525078277e-08, 9.03781227635e-09, 1.65406216501e-10], "median": [5.90892523178e-05, 0.00145683414303, 0.00183913763613, 0.00162838620599, 0.000806844851468, 0.000228370292461, 0.000151920117787, 0.000106622988824, 0.0002628248767, 0.00023108246387, 0.000193232684978, 0.000180587390787, 0.00018357038789, 0.000239230590523, 0.0002702268539, 0.000260083179455, 0.000371458765585, 0.000284049310721, 0.000477138877613, 0.00017001046217, 0.000526994874235, 0.000343721185345, 0.000152725158841, 0.000101927638752, 9.46845611907e-05, 3.34368596668e-05, 3.5609657516e-06], "min": [1.28169523606e-12, 1.17707709898e-12, 1.63562685531e-12, 2.93541211303e-12, 1.22532097316e-11, 1.42240282053e-11, 5.65229156882e-12, 2.82461749303e-12, 1.02857349374e-12, 4.65172605296e-12, 2.9432624957e-13, 2.01784498399e-13, 2.05617554233e-12, 1.39880988737e-12, 2.29848106693e-12, 2.74903228436e-13, 1.99468466375e-13, 1.9060486967e-13, 2.90661808858e-13, 2.33454098067e-13, 1.32620010893e-12, 1.38094678921e-12, 4.11243820031e-13, 6.80105548701e-13, 3.50116875596e-12, 1.36337967825e-12, 2.01443310817e-12], "dvar": [1.44561363413e-06, 0.000196539069293, 9.63898783084e-05, 9.28520876187e-06, 5.50055483473e-05, 2.02217961487e-06, 2.30437854043e-06, 9.72333509708e-07, 5.80325968258e-06, 1.04854725578e-05, 5.87399938468e-07, 1.05784806692e-06, 1.29389377435e-06, 1.40027907491e-06, 1.30925059239e-06, 4.55171374369e-07, 3.15553222663e-07, 1.10570908873e-07, 9.01316994373e-08, 2.86948758088e-08, 7.6243296121e-08, 6.88502694857e-08, 9.02813042103e-08, 9.25774443772e-08, 3.60670711075e-08, 6.23818507961e-09, 1.31498562039e-10], "mean": [0.00062147679273, 0.00711219711229, 0.0039285053499, 0.00250488962047, 0.00243882741779, 0.000628721667454, 0.000580066465773, 0.000397711846745, 0.00139644357841, 0.00157537590712, 0.000445514189778, 0.000590522075072, 0.000637872959487, 0.000811445584986, 0.000781284354161, 0.000522168702446, 0.000679085904267, 0.000450868683401, 0.000594530894887, 0.00024467491312, 0.00063270406099, 0.000452339067124, 0.00024695447064, 0.000193091123947, 0.000158322960488, 6.11696377746e-05, 7.91410275269e-06]}, "spectral_kurtosis": {"max": 33.7701530457, "dmean": 0.711474180222, "dvar2": 2.12164402008, "dmean2": 1.17933106422, "var": 2.0935549736, "median": 2.37443590164, "min": -1.16702163219, "dvar": 0.777031123638, "mean": 2.63035511971}, "erbbands_skewness": {"max": 4.2303276062, "dmean": 0.309548050165, "dvar2": 0.203779652715, "dmean2": 0.48442864418, "var": 0.499061644077, "median": -0.415492147207, "min": -4.50612306595, "dvar": 0.0877799838781, "mean": -0.278933227062}, "melbands": {"max": [0.0290164723992, 0.0392506346107, 0.0286175608635, 0.0179343372583, 0.00558222737163, 0.00488516548648, 0.00653562461957, 0.00370416860096, 0.00527716241777, 0.0121705681086, 0.0159876942635, 0.00387695804238, 0.00334356818348, 0.00241454131901, 0.00369977112859, 0.00205324194394, 0.00274234148674, 0.00306477257982, 0.00189702503849, 0.0021675885655, 0.000791409926023, 0.000911510549486, 0.000599886989221, 0.00031828469946, 0.000318725709803, 0.000217094595428, 9.410171333e-05, 8.73201788636e-05, 9.03151085367e-05, 0.000149865518324, 0.000371567206457, 9.71139306785e-05, 0.000165177363669, 0.000186081204447, 0.000161232092069, 0.000115843235108, 0.000115657145216, 0.000154216366354, 0.000189757440239, 7.13718909537e-05], "dmean": [0.00159300374798, 0.00245319469832, 0.000952647591475, 0.00069416675251, 0.000153309229063, 0.000103014586784, 0.000103931794001, 7.55897417548e-05, 6.98561561876e-05, 0.000117570489238, 0.000187780271517, 7.29394887458e-05, 3.72043286916e-05, 3.90551758755e-05, 5.52170422452e-05, 3.86563951906e-05, 4.3330644985e-05, 3.92928304791e-05, 3.75014788006e-05, 2.08385044971e-05, 2.06723980227e-05, 2.22367070819e-05, 1.26809363792e-05, 1.03704651337e-05, 1.3396790564e-05, 8.32859859656e-06, 4.43573617304e-06, 3.84800614484e-06, 3.55839142685e-06, 5.04068293594e-06, 8.17153431854e-06, 4.08175219491e-06, 3.33076764036e-06, 2.38574762079e-06, 2.13213616007e-06, 1.62212029409e-06, 1.20616812183e-06, 1.30812247789e-06, 9.60006786954e-07, 7.44320516333e-07], "dvar2": [2.57084011537e-05, 9.95013833744e-05, 7.63699881645e-06, 1.03477705125e-05, 5.50128049781e-07, 2.35322815456e-07, 2.44784018832e-07, 1.17581166137e-07, 9.55595282903e-08, 3.36505678433e-07, 8.62463025442e-07, 9.60922861282e-08, 2.05771808481e-08, 2.18611138081e-08, 6.05005539001e-08, 1.92363316387e-08, 2.48688092341e-08, 2.14094750817e-08, 1.94714608881e-08, 8.4414466528e-09, 3.80907261288e-09, 3.74354547361e-09, 1.25133614581e-09, 6.28577689898e-10, 8.19981027522e-10, 2.84027551478e-10, 1.05123368344e-10, 8.66428664925e-11, 7.36305044713e-11, 1.02747484132e-10, 2.52227100317e-10, 6.52952483748e-11, 8.82061992891e-11, 6.3473268308e-11, 8.11818529067e-11, 4.86123884202e-11, 3.93559074219e-11, 4.51862887385e-11, 2.18291738852e-11, 8.68828013006e-12], "dmean2": [0.00261597102508, 0.00452789431438, 0.00165236671455, 0.00118975050282, 0.000262486137217, 0.000171054052771, 0.000167710299138, 0.000123717996757, 0.000111595996714, 0.00018534802075, 0.000293424964184, 0.000116106501082, 5.98394217377e-05, 6.2675535446e-05, 8.72851742315e-05, 6.08352493146e-05, 6.8525718234e-05, 6.169055996e-05, 5.9446952946e-05, 3.35988188453e-05, 3.31007904606e-05, 3.5439079511e-05, 2.04128191399e-05, 1.65077399288e-05, 2.2110527425e-05, 1.36993867272e-05, 7.26293592379e-06, 6.38051005808e-06, 5.84707640883e-06, 8.29139844427e-06, 1.34101046569e-05, 6.59657780488e-06, 5.34334321856e-06, 3.74435853701e-06, 3.33994262292e-06, 2.49333629654e-06, 1.86993020179e-06, 2.0299373773e-06, 1.42731164487e-06, 1.11706970074e-06], "var": [1.59528353834e-05, 2.18797431444e-05, 2.41483007812e-06, 2.96781081488e-06, 1.59428353186e-07, 1.03619363756e-07, 1.38693152962e-07, 5.54330306102e-08, 7.39342169709e-08, 2.93639772053e-07, 7.97505379069e-07, 7.65874474951e-08, 1.31446880047e-08, 1.44030618543e-08, 4.06635010108e-08, 1.4487019584e-08, 2.25445635493e-08, 2.07492512061e-08, 1.77476700003e-08, 5.64267566006e-09, 3.10565440031e-09, 3.70111896686e-09, 1.13444464933e-09, 6.46787456926e-10, 7.92753251933e-10, 2.419799916e-10, 8.91278925663e-11, 5.53965449901e-11, 5.75668956948e-11, 9.67027014021e-11, 3.2068198097e-10, 7.03238994815e-11, 6.02295574526e-11, 4.59701027244e-11, 6.0168897642e-11, 3.64251163953e-11, 2.30044611832e-11, 3.6235670714e-11, 2.14328919196e-11, 8.5399673444e-12], "median": [0.000352375209332, 0.00086031522369, 0.000862550165039, 0.000241759014898, 6.71784364386e-05, 4.19456191594e-05, 3.27117595589e-05, 2.76805312751e-05, 2.57504780166e-05, 3.82764374081e-05, 3.77611868316e-05, 3.16420882882e-05, 2.64514856099e-05, 1.99258338398e-05, 2.10618745768e-05, 1.79430444405e-05, 2.0154109734e-05, 2.10075177165e-05, 2.13520252146e-05, 1.5667772459e-05, 2.14610190596e-05, 2.32156253333e-05, 1.3864219909e-05, 1.40196943903e-05, 2.15453437704e-05, 1.60738800332e-05, 6.17600244368e-06, 5.18349088452e-06, 5.07554204887e-06, 1.02902504295e-05, 1.82717703865e-05, 7.80507252784e-06, 4.05524724556e-06, 2.69043039225e-06, 2.47509819928e-06, 1.79945584478e-06, 1.18742661925e-06, 1.28882174977e-06, 1.053114147e-06, 9.00436134543e-07], "min": [4.19443342906e-13, 5.80210575765e-13, 1.76478493277e-12, 2.44124794165e-12, 2.80759855469e-12, 2.72688187135e-12, 1.36146421827e-12, 7.91484499468e-13, 3.14718140871e-13, 1.54962956529e-13, 4.94256274363e-13, 6.13070629419e-13, 3.47858609864e-14, 1.94001224455e-14, 2.46859878459e-13, 1.82632920831e-13, 1.31040238881e-13, 1.85807735842e-13, 7.58918074868e-14, 1.87427096819e-14, 1.4181901435e-14, 8.42156832687e-15, 1.61930744421e-14, 7.6913607048e-15, 6.30882844609e-15, 1.39738565906e-14, 9.74004033081e-15, 6.48436840111e-15, 1.60166205385e-14, 2.39965856972e-14, 2.96737596517e-14, 3.12883569151e-14, 2.28396267827e-14, 8.30201216746e-15, 5.50098813682e-15, 6.79601511581e-15, 7.32381447426e-15, 9.57884826688e-15, 1.6216620264e-14, 3.72896090633e-14], "dvar": [1.10067439891e-05, 3.46825981978e-05, 2.73952150565e-06, 3.92289575757e-06, 2.02443786179e-07, 9.18657718785e-08, 1.05578287446e-07, 4.86458482385e-08, 4.47905748047e-08, 1.35043492833e-07, 3.60657736564e-07, 3.91678049994e-08, 8.58296278494e-09, 9.1744798425e-09, 2.58591938973e-08, 8.45024494822e-09, 1.09542801496e-08, 9.82394787741e-09, 8.8666798348e-09, 3.62550700572e-09, 1.56297719212e-09, 1.69793368254e-09, 5.33081967458e-10, 2.77709300001e-10, 3.3136030031e-10, 1.13139220215e-10, 4.28165905508e-11, 3.38574411562e-11, 3.00031735567e-11, 4.05560411643e-11, 1.10347023186e-10, 2.73394674954e-11, 3.50553683304e-11, 2.71667358748e-11, 3.51876063009e-11, 2.08181631656e-11, 1.61490820716e-11, 1.98054697642e-11, 1.09260100967e-11, 4.23676241659e-12], "mean": [0.00206319265999, 0.00212461245246, 0.00126608205028, 0.000672918919008, 0.00017098459648, 0.000125505452161, 0.000123780744616, 8.89754737727e-05, 9.38463199418e-05, 0.000196557157324, 0.000311864656396, 0.000115222537715, 5.70943921048e-05, 5.78543149459e-05, 7.90693520685e-05, 5.9434936702e-05, 7.1094611485e-05, 6.38847050141e-05, 6.28155321465e-05, 3.57308163075e-05, 3.88198059227e-05, 4.27761297033e-05, 2.53991693171e-05, 2.16284206545e-05, 2.94628171105e-05, 1.96034088731e-05, 9.04772423382e-06, 7.38401740819e-06, 7.3886149039e-06, 1.27383545987e-05, 2.186418169e-05, 1.00887036751e-05, 6.4319528974e-06, 4.47297406936e-06, 4.12099780078e-06, 3.26171584675e-06, 2.32271395362e-06, 2.46025319939e-06, 1.93119444702e-06, 1.57273814239e-06]}, "spectral_centroid": {"max": 11149.7763672, "dmean": 354.231750488, "dvar2": 332849.28125, "dmean2": 576.50177002, "var": 297338.875, "median": 2103.79492188, "min": 236.246902466, "dvar": 135538.515625, "mean": 2103.61499023}, "pitch_salience": {"max": 0.872203946114, "dmean": 0.0822656825185, "dvar2": 0.0139426244423, "dmean2": 0.134743005037, "var": 0.0140051720664, "median": 0.581337332726, "min": 0.122887052596, "dvar": 0.00552436383441, "mean": 0.564961671829}, "gfcc": {"icov": [[0.000174241067725, -0.000154303532327, 3.45973821823e-05, -0.000149433457409, 0.000153806977323, -0.000305726396618, 0.000443007738795, -0.000367244327208, 0.000611037597992, -0.000310549919959, 0.000409035535995, -0.000334642332746, 0.000403795711463], [-0.000154303532327, 0.00264385645278, 0.000336856581271, -0.000664951279759, -0.00101279176306, 0.00199620914645, -0.00182208837941, 0.00145156134386, -0.00148767896462, 0.0015196983004, -0.0029364801012, 0.00143490475602, -0.000315358833177], [3.45973821823e-05, 0.000336856581271, 0.00219541229308, -0.00167743663769, -0.00115535967052, 0.000268520438112, 0.00132700707763, -0.00239486596547, 0.00249454984441, -0.000297438498819, -0.000588391965721, -2.72297002084e-05, 0.000851573830005], [-0.000149433457409, -0.000664951279759, -0.00167743663769, 0.00435605598614, 0.000204513067729, -0.00150611798745, -0.000928553869016, 0.00270053604618, -0.00247014546767, 0.0012845400488, -0.00162212084979, 0.00282474583946, -0.0027078257408], [0.000153806977323, -0.00101279176306, -0.00115535967052, 0.000204513067729, 0.00706744194031, -0.00433372892439, -0.000985490041785, 0.0030760737136, -0.00178166758269, -0.00192809104919, 0.00258231069893, -0.00231075799093, 0.00146187387872], [-0.000305726396618, 0.00199620914645, 0.000268520438112, -0.00150611798745, -0.00433372892439, 0.0135987540707, -0.0030800900422, -0.0043341522105, 0.00202564452775, 0.00194331549574, -0.00529965246096, 0.00302428822033, -0.000919345126022], [0.000443007738795, -0.00182208837941, 0.00132700707763, -0.000928553869016, -0.000985490041785, -0.0030800900422, 0.0109855402261, -0.00698263105005, 0.00313088227995, 0.00148099230137, 0.000573768047616, 9.01892854017e-05, -0.00157917756587], [-0.000367244327208, 0.00145156134386, -0.00239486596547, 0.00270053604618, 0.0030760737136, -0.0043341522105, -0.00698263105005, 0.0212940182537, -0.0135235236958, 0.00218381197192, 0.00117338669952, -0.00286013749428, 0.00178088608664], [0.000611037597992, -0.00148767896462, 0.00249454984441, -0.00247014546767, -0.00178166758269, 0.00202564452775, 0.00313088227995, -0.0135235236958, 0.0235950350761, -0.0127584068105, 0.00394624145702, 0.00326642068103, -0.00417549163103], [-0.000310549919959, 0.0015196983004, -0.000297438498819, 0.0012845400488, -0.00192809104919, 0.00194331549574, 0.00148099230137, 0.00218381197192, -0.0127584068105, 0.0251045729965, -0.0134771950543, 0.0026669986546, 0.00341938412748], [0.000409035535995, -0.0029364801012, -0.000588391965721, -0.00162212084979, 0.00258231069893, -0.00529965246096, 0.000573768047616, 0.00117338669952, 0.00394624145702, -0.0134771950543, 0.0278576146811, -0.0185692515224, 0.00642170011997], [-0.000334642332746, 0.00143490475602, -2.72297002084e-05, 0.00282474583946, -0.00231075799093, 0.00302428822033, 9.01892854017e-05, -0.00286013749428, 0.00326642068103, 0.0026669986546, -0.0185692515224, 0.0315002389252, -0.0160583816469], [0.000403795711463, -0.000315358833177, 0.000851573830005, -0.0027078257408, 0.00146187387872, -0.000919345126022, -0.00157917756587, 0.00178088608664, -0.00417549163103, 0.00341938412748, 0.00642170011997, -0.0160583816469, 0.0260220337659]], "cov": [[8219.20605469, 0.748614370823, 518.280090332, 231.080978394, -97.1045074463, 106.510971069, -347.271484375, -85.3630599976, -302.577728271, -9.25105285645, 20.2324924469, -6.06311702728, -182.531692505], [0.748614370823, 639.964172363, -65.4141311646, 155.56539917, 74.9458389282, -26.6021461487, 90.7674407959, -43.4429206848, 28.9655570984, -0.256580412388, 54.2789993286, 0.379454821348, 20.9247550964], [518.280090332, -65.4141311646, 941.344116211, 330.101196289, 146.034606934, 105.950447083, -55.8519630432, 5.59766197205, -85.4622421265, 2.34423232079, 56.0878562927, 2.24011492729, -40.0042991638], [231.080978394, 155.56539917, 330.101196289, 470.040924072, 95.2856521606, 79.983795166, 37.4244613647, -22.0990390778, -4.81372451782, -11.9184627533, 31.2375488281, -19.9892234802, 18.4146671295], [-97.1045074463, 74.9458389282, 146.034606934, 95.2856521606, 233.503555298, 81.6176681519, 43.220790863, -0.5588722229, 10.8498744965, 17.3330688477, 21.8987197876, 5.1526222229, -2.78285479546], [106.510971069, -26.6021461487, 105.950447083, 79.983795166, 81.6176681519, 148.018005371, 60.5795516968, 40.2865486145, -4.77281570435, -3.42272591591, 22.4423179626, 5.5712184906, 2.02775669098], [-347.271484375, 90.7674407959, -55.8519630432, 37.4244613647, 43.220790863, 60.5795516968, 190.484680176, 62.0673599243, 25.3989868164, -22.9895267487, -1.90237081051, 4.47968244553, 29.5654296875], [-85.3630599976, -43.4429206848, 5.59766197205, -22.0990390778, -0.5588722229, 40.2865486145, 62.0673599243, 118.092895508, 61.0880432129, 12.6565465927, -5.50293493271, 2.28892731667, 6.36427021027], [-302.577728271, 28.9655570984, -85.4622421265, -4.81372451782, 10.8498744965, -4.77281570435, 25.3989868164, 61.0880432129, 123.932792664, 48.9966583252, -2.94566178322, -10.1504793167, 11.835518837], [-9.25105285645, -0.256580412388, 2.34423232079, -11.9184627533, 17.3330688477, -3.42272591591, -22.9895267487, 12.6565465927, 48.9966583252, 91.8103637695, 44.7035217285, 10.53561306, -13.2649936676], [20.2324924469, 54.2789993286, 56.0878562927, 31.2375488281, 21.8987197876, 22.4423179626, -1.90237081051, -5.50293493271, -2.94566178322, 44.7035217285, 103.379089355, 52.4871826172, 2.11424779892], [-6.06311702728, 0.379454821348, 2.24011492729, -19.9892234802, 5.1526222229, 5.5712184906, 4.47968244553, 2.28892731667, -10.1504793167, 10.53561306, 52.4871826172, 80.8613967896, 31.9021129608], [-182.531692505, 20.9247550964, -40.0042991638, 18.4146671295, -2.78285479546, 2.02775669098, 29.5654296875, 6.36427021027, 11.835518837, -13.2649936676, 2.11424779892, 31.9021129608, 69.1344299316]], "mean": [25.4006004333, 50.1241340637, -118.829978943, 47.3965606689, -49.1618919373, 23.5490951538, -29.6367435455, 10.3772783279, -25.6668949127, -0.141868323088, -27.6432228088, -0.348288595676, -13.1330804825]}, "spectral_flux": {"max": 0.372422486544, "dmean": 0.0353328511119, "dvar2": 0.00475984299555, "dmean2": 0.05789546296, "var": 0.00398389669135, "median": 0.0885066390038, "min": 2.61131590378e-05, "dvar": 0.00229075853713, "mean": 0.102924384177}, "zerocrossingrate": {"max": 0.31298828125, "dmean": 0.0137093812227, "dvar2": 0.000219293520786, "dmean2": 0.0160118658096, "var": 0.00129265000578, "median": 0.08984375, "min": 0.01416015625, "dvar": 0.000172866508365, "mean": 0.0937397480011}, "spectral_energyband_middle_low": {"max": 0.0865374356508, "dmean": 0.00544603634626, "dvar2": 0.000248054449912, "dmean2": 0.00899710692465, "var": 0.000116351307952, "median": 0.00511943921447, "min": 4.34353421286e-11, "dvar": 9.59267490543e-05, "mean": 0.00874233338982}, "silence_rate_20dB": {"max": 1, "dmean": 0, "dvar2": 0, "dmean2": 0, "var": 0, "median": 1, "min": 1, "dvar": 0, "mean": 1}, "silence_rate_30dB": {"max": 1, "dmean": 0.0089801158756, "dvar2": 0.0250175241381, "dmean2": 0.0179631114006, "var": 0.0054217427969, "median": 1, "min": 0, "dvar": 0.00889930035919, "mean": 0.994548678398}, "spectral_entropy": {"max": 9.7986125946, "dmean": 0.104784995317, "dvar2": 0.0218377672136, "dmean2": 0.161673411727, "var": 0.114790387452, "median": 8.02815055847, "min": 5.66884851456, "dvar": 0.0106629133224, "mean": 7.98257827759}, "spectral_rolloff": {"max": 10658.9355469, "dmean": 859.809753418, "dvar2": 2191841.5, "dmean2": 1415.54919434, "var": 2845513.5, "median": 2347.11914062, "min": 64.599609375, "dvar": 1056092.5, "mean": 2489.03540039}, "spectral_complexity": {"max": 59, "dmean": 4.48973703384, "dvar2": 34.8058929443, "dmean2": 6.74129915237, "var": 128.549880981, "median": 25, "min": 0, "dvar": 17.2138347626, "mean": 24.4979953766}, "spectral_spread": {"max": 38849124, "dmean": 430935.46875, "dvar2": 51113