{"tonal": {"chords_key": "G", "hpcp_entropy": {"dmean": 0.542459130287, "dmean2": 0.928018927574, "max": 4.3710808754, "dvar": 0.226633474231, "mean": 2.21487641335, "dvar2": 0.63689571619, "min": 0, "var": 0.60320776701, "median": 2.24527692795}, "key_key": "E", "chords_strength": {"dmean": 0.00827503204346, "dmean2": 0.00751849543303, "max": 0.745620250702, "dvar": 4.94202649861e-05, "mean": 0.443988054991, "dvar2": 4.67139507236e-05, "min": 0.163546457887, "var": 0.0115105248988, "median": 0.435745686293}, "key_scale": "minor", "chords_number_rate": 0.00304714101367, "thpcp": [1, 0.606917262077, 0.142779350281, 0.0814014449716, 0.119551584125, 0.382467240095, 0.980537831783, 0.974032759666, 0.67597079277, 0.663578689098, 0.435521185398, 0.248666897416, 0.228408023715, 0.196057572961, 0.134768724442, 0.14170499146, 0.20925347507, 0.30699673295, 0.438132017851, 0.620112061501, 0.638095140457, 0.401750534773, 0.24932269752, 0.617637932301, 0.915758669376, 0.547519624233, 0.182613179088, 0.112787380815, 0.0752503871918, 0.0923871546984, 0.180543109775, 0.174720451236, 0.0974226370454, 0.106609329581, 0.32963296771, 0.758212447166], "key_strength": 0.624760746956, "tuning_nontempered_energy_ratio": 0.942966282368, "tuning_frequency": 453.940612793, "chords_changes_rate": 0.0611220635474, "tuning_diatonic_strength": 0.370265513659, "chords_scale": "major", "chords_histogram": [6.45276927948, 22.5309200287, 7.06219768524, 0, 0.716974377632, 1.20093202591, 2.77827572823, 5.32353448868, 1.23678076267, 3.53109884262, 2.88582181931, 1.54149484634, 0.537730753422, 0.21509231627, 3.94335913658, 3.85373711586, 9.8046245575, 3.40562820435, 0, 0.358487188816, 0.860369265079, 1.3981000185, 9.28481769562, 11.0772542953], "tuning_equal_tempered_deviation": 0.283930957317, "hpcp": {"dmean": [0.0530843213201, 0.0379941165447, 0.0309440903366, 0.046649120748, 0.0659591108561, 0.0824517533183, 0.0863417237997, 0.099681712687, 0.0702523961663, 0.0799425020814, 0.0951717197895, 0.0901325643063, 0.101257674396, 0.0513041242957, 0.0317063890398, 0.0224886499345, 0.0230251923203, 0.0308404117823, 0.033643912524, 0.0257840566337, 0.0276134703308, 0.0785591974854, 0.116714529693, 0.0878010988235, 0.0802751109004, 0.0428319722414, 0.0278969090432, 0.042790196836, 0.0911211743951, 0.0952281579375, 0.13813701272, 0.139106675982, 0.088328756392, 0.100294798613, 0.0712257474661, 0.0633109286427], "dmean2": [0.098101966083, 0.0694832801819, 0.0563655272126, 0.0838363841176, 0.118297427893, 0.145082741976, 0.15427236259, 0.179151192307, 0.125597432256, 0.145527750254, 0.167748391628, 0.154829874635, 0.178520545363, 0.0933354347944, 0.057895373553, 0.041468128562, 0.040682528168, 0.0528611019254, 0.0589283816516, 0.0463708266616, 0.0493552647531, 0.141063481569, 0.209129497409, 0.150378853083, 0.140927731991, 0.0792601555586, 0.051505189389, 0.0799206420779, 0.16473506391, 0.165851220489, 0.248208284378, 0.255128592253, 0.156322285533, 0.18105481565, 0.129817515612, 0.116390794516], "max": [1, 1, 1, 1, 1, 1, 1, 1, 1, 1, 1, 1, 1, 1, 1, 1, 1, 1, 1, 1, 1, 1, 1, 1, 1, 1, 1, 1, 1, 1, 1, 1, 1, 1, 1, 1], "dvar": [0.0230687744915, 0.0138859236613, 0.0122564770281, 0.0142675973475, 0.0189168974757, 0.0227360595018, 0.0277762431651, 0.036265194416, 0.0211343541741, 0.0252022016793, 0.0278004091233, 0.0276034940034, 0.0300398208201, 0.0156664457172, 0.00964199565351, 0.00560083193704, 0.00499842409045, 0.00681747542694, 0.00658990535885, 0.00518883718178, 0.00590996583924, 0.0230316706002, 0.036890309304, 0.0251815672964, 0.0187221243978, 0.0111790122464, 0.00704862549901, 0.0131299011409, 0.0280167609453, 0.0297492928803, 0.0394936911762, 0.0426018349826, 0.0288433656096, 0.0332419686019, 0.0254199169576, 0.0253343656659], "mean": [0.0520171374083, 0.0357562489808, 0.0375965498388, 0.0555182173848, 0.0814510285854, 0.116243265569, 0.164525419474, 0.169296607375, 0.106590695679, 0.0661492049694, 0.163868993521, 0.242965087295, 0.145265504718, 0.048450127244, 0.0299242548645, 0.0199651028961, 0.0245117545128, 0.0479009076953, 0.0463560633361, 0.0258477479219, 0.0282851215452, 0.0874567776918, 0.201165601611, 0.265315622091, 0.16102463007, 0.037881590426, 0.0215970743448, 0.0317189022899, 0.101474530995, 0.26015201211, 0.258426100016, 0.179345607758, 0.176057785749, 0.115550577641, 0.0659752115607, 0.0606002174318], "dvar2": [0.0692422837019, 0.0400589779019, 0.034373331815, 0.0409072004259, 0.0552801974118, 0.0646767020226, 0.077427893877, 0.10648239404, 0.0562325529754, 0.0761645287275, 0.0774742737412, 0.069316290319, 0.0842776596546, 0.044235970825, 0.0277616232634, 0.0164674967527, 0.0137074105442, 0.0181193184108, 0.0183563064784, 0.0150412907824, 0.0170471500605, 0.0661901012063, 0.103338472545, 0.0630774050951, 0.0499864891171, 0.0325121991336, 0.0202096495777, 0.0390240848064, 0.0860710665584, 0.0770636945963, 0.118927873671, 0.137766137719, 0.0764125213027, 0.102336235344, 0.0741996839643, 0.0743794888258], "min": [0, 0, 0, 0, 0, 0, 0, 0, 0, 0, 0, 0, 0, 0, 0, 0, 0, 0, 0, 0, 0, 0, 0, 0, 0, 0, 0, 0, 0, 0, 0, 0, 0, 0, 0, 0], "var": [0.0265488214791, 0.0148970130831, 0.0215607974678, 0.0161671414971, 0.0271694902331, 0.0346606262028, 0.0878315418959, 0.0818383619189, 0.0574758090079, 0.0218976419419, 0.0662811547518, 0.124798610806, 0.0503138154745, 0.0152397546917, 0.00844239443541, 0.0039194598794, 0.00658938987181, 0.0150749236345, 0.00931000337005, 0.00408099452034, 0.00504907639697, 0.0285404045135, 0.0836684629321, 0.137488976121, 0.0727890431881, 0.00914387218654, 0.00479880766943, 0.00968278944492, 0.0312342625111, 0.133586004376, 0.116681881249, 0.0708924084902, 0.0971023142338, 0.0428970716894, 0.0240410603583, 0.0263996571302], "median": [0.00178964156657, 0.0017462328542, 0.00370409619063, 0.0140921091661, 0.0222224518657, 0.0314158350229, 0.0219134669751, 0.0141635695472, 0.00538437720388, 0.00845187250525, 0.0299723166972, 0.047165594995, 0.0355093367398, 0.00764383468777, 0.00490914518014, 0.00283306092024, 0.00390580296516, 0.00836352538317, 0.0116203213111, 0.00882493890822, 0.00781216891482, 0.0198727082461, 0.0551463328302, 0.0519030690193, 0.0258402489126, 0.0077389003709, 0.00277277268469, 0.00228386092931, 0.0166721697897, 0.0411722995341, 0.0651308298111, 0.053162895143, 0.0205651260912, 0.0232811290771, 0.0146702630445, 0.00577957369387]}}, "lowlevel": {"melbands_flatness_db": {"dmean": 0.067080013454, "dmean2": 0.10894625634, "max": 0.71187967062, "dvar": 0.00288013811223, "mean": 0.412245243788, "dvar2": 0.00808276236057, "min": 0.00900778453797, "var": 0.00622339406982, "median": 0.40928208828}, "melbands_crest": {"dmean": 3.19459080696, "dmean2": 5.27848291397, "max": 39.4331054688, "dvar": 10.1806430817, "mean": 19.7701148987, "dvar2": 28.927406311, "min": 2.98373794556, "var": 32.7949790955, "median": 19.1854076385}, "spectral_entropy": {"dmean": 0.633125424385, "dmean2": 1.02144229412, "max": 9.80341911316, "dvar": 0.254335075617, "mean": 6.24006843567, "dvar2": 0.691868185997, "min": 3.91554093361, "var": 0.694289088249, "median": 6.22192049026}, "melbands": {"dmean": [0.000190377890249, 0.000159197719768, 0.000522596295923, 0.000675003917422, 0.000405107013648, 0.000114755624963, 6.11716022831e-05, 2.36470859818e-05, 9.95325081021e-06, 5.80016785534e-06, 2.74861804428e-06, 3.13613372782e-06, 1.82200210475e-06, 1.03571073851e-06, 8.38716289309e-07, 6.57634871004e-07, 4.85219743496e-07, 3.72968429474e-07, 3.05103782239e-07, 2.56808249333e-07, 2.12895599816e-07, 1.75572324679e-07, 1.46593791328e-07, 1.22841100847e-07, 1.03566293319e-07, 8.76778329939e-08, 7.46583523892e-08, 6.37057695485e-08, 5.45383826989e-08, 4.68534260278e-08, 4.03469329058e-08, 3.48354873836e-08, 3.0207829127e-08, 2.62676476126e-08, 2.29279173425e-08, 2.01073948602e-08, 1.77351076047e-08, 1.57442947568e-08, 1.40867122411e-08, 1.27417498774e-08], "dmean2": [0.000307258800603, 0.000244936964009, 0.000854799640365, 0.00102803448681, 0.00054388307035, 0.000165328252479, 8.61178923515e-05, 3.68026157958e-05, 1.60439140018e-05, 8.91004947334e-06, 4.37342441728e-06, 4.69324777441e-06, 2.82637483906e-06, 1.68104725162e-06, 1.33341779929e-06, 1.036226422e-06, 7.8332539033e-07, 6.08875268426e-07, 4.99026782563e-07, 4.20474236762e-07, 3.47185874716e-07, 2.86838059083e-07, 2.40063769752e-07, 2.01318940185e-07, 1.69693436192e-07, 1.4359308409e-07, 1.22213634768e-07, 1.04240662324e-07, 8.92103955152e-08, 7.65801431157e-08, 6.59054393282e-08, 5.68756490793e-08, 4.92815743769e-08, 4.28174011802e-08, 3.73177861945e-08, 3.26670281936e-08, 2.87488131079e-08, 2.54465923888e-08, 2.26883241083e-08, 2.04409627003e-08], "max": [0.0478216521442, 0.0135278115049, 0.0620922632515, 0.0686505958438, 0.083268083632, 0.0343086011708, 0.0428061746061, 0.00319405598566, 0.000851225398947, 0.000706533319317, 0.000214406478335, 0.000908028217964, 0.000339478778187, 9.1344161774e-05, 9.44066487136e-05, 6.97517461958e-05, 4.35287001892e-05, 3.5449374991e-05, 2.9028598874e-05, 2.43069007411e-05, 2.01280072361e-05, 1.66875051946e-05, 1.40297997859e-05, 1.17635454444e-05, 9.94867059489e-06, 8.41234668769e-06, 7.13968665877e-06, 6.08390473644e-06, 5.19099558005e-06, 4.45797059001e-06, 3.81728295906e-06, 3.29921067532e-06, 2.85234773401e-06, 2.48281367021e-06, 2.14965461964e-06, 1.86913996458e-06, 1.63497657013e-06, 1.43227600802e-06, 1.26123097743e-06, 1.11379335976e-06], "dvar": [3.84619568194e-07, 1.95790136104e-07, 3.19953073813e-06, 4.54149812867e-06, 4.20692731495e-06, 3.97245315753e-07, 2.85398385813e-07, 9.468196005e-09, 1.09284692407e-09, 4.09039968563e-10, 7.35666527696e-11, 2.85704598868e-10, 6.2704730297e-11, 1.07358618523e-11, 7.47652200567e-12, 4.55277872694e-12, 2.37351826561e-12, 1.52609229507e-12, 1.03456577073e-12, 7.12562875458e-13, 4.82243964813e-13, 3.37017414843e-13, 2.39699292316e-13, 1.69217355514e-13, 1.20602190886e-13, 8.5973295269e-14, 6.22128149236e-14, 4.52067176011e-14, 3.31303181503e-14, 2.43703406793e-14, 1.79218212536e-14, 1.33145862838e-14, 9.96000970501e-15, 7.47716640123e-15, 5.63840567999e-15, 4.27518916061e-15, 3.26703551195e-15, 2.51754243198e-15, 1.95799754922e-15, 1.54138164126e-15], "mean": [0.00043477199506, 0.000426146114478, 0.00119701912627, 0.00175874424167, 0.00121166813187, 0.000247854215559, 0.000134910689667, 3.80760284315e-05, 1.91790240933e-05, 1.28741357912e-05, 3.91361936636e-06, 5.38644053449e-06, 2.58315776591e-06, 1.26474219542e-06, 1.06398408661e-06, 8.68676352184e-07, 5.18033459684e-07, 3.744708863e-07, 3.02768569327e-07, 2.56005336041e-07, 2.14960948597e-07, 1.76213390546e-07, 1.45382060168e-07, 1.20134274084e-07, 1.00963184479e-07, 8.54785398019e-08, 7.288906545e-08, 6.24501907964e-08, 5.36968478571e-08, 4.63413130092e-08, 4.01254531823e-08, 3.48979618536e-08, 3.04800913398e-08, 2.67373732044e-08, 2.35810713178e-08, 2.09422363895e-08, 1.87130932972e-08, 1.6867179653e-08, 1.53600154817e-08, 1.41672060749e-08], "dvar2": [7.29206306005e-07, 4.35069239302e-07, 8.65519177751e-06, 9.76259161689e-06, 6.54248060528e-06, 7.26106861748e-07, 4.53945915524e-07, 2.13860609222e-08, 2.74699973879e-09, 9.26340726348e-10, 1.77878697882e-10, 5.24975340976e-10, 1.30817884303e-10, 2.68621895561e-11, 1.79130581895e-11, 1.07445111835e-11, 5.91670809569e-12, 3.85667279362e-12, 2.61855272708e-12, 1.80764886566e-12, 1.2221801262e-12, 8.52825405781e-13, 6.06707555289e-13, 4.2880030581e-13, 3.05777565811e-13, 2.17884019746e-13, 1.57695986261e-13, 1.14472748771e-13, 8.39112104995e-14, 6.17204245069e-14, 4.53910522992e-14, 3.3678934614e-14, 2.516964332e-14, 1.88857091722e-14, 1.42348545467e-14, 1.07781664521e-14, 8.22072072145e-15, 6.3205492645e-15, 4.90348050792e-15, 3.84666587523e-15], "min": [8.3283721856e-24, 3.00803454778e-23, 2.78241622681e-23, 3.94345689506e-24, 1.11485797013e-24, 5.18420612022e-24, 7.28332160166e-24, 1.26302192395e-23, 1.43743536245e-23, 3.97539432324e-24, 7.88983967522e-24, 8.91250633098e-24, 2.00042456458e-23, 6.48852333484e-24, 9.00537813649e-24, 7.97535219735e-24, 9.14952984514e-24, 1.30048879376e-23, 7.05220034479e-24, 1.04766550007e-23, 6.83974432579e-24, 8.90919627062e-24, 1.05548973807e-23, 9.17088430985e-24, 9.19700112784e-24, 1.64120917832e-23, 7.95804064478e-24, 7.43558201156e-24, 6.79597832277e-24, 9.18612431367e-24, 9.45245085502e-24, 1.02138799111e-23, 1.30165701787e-23, 9.29411306071e-24, 8.65472867526e-24, 9.94162586894e-24, 8.75038279318e-24, 7.2197070694e-24, 8.87958164338e-24, 1.06768947197e-23], "var": [2.40826693698e-06, 8.92444290912e-07, 1.06019369923e-05, 2.17886463361e-05, 2.48625128734e-05, 1.24125222101e-06, 9.94409333543e-07, 1.59273856326e-08, 2.72475975116e-09, 2.02735717103e-09, 1.29236468749e-10, 9.23112475348e-10, 1.15610777895e-10, 1.45340458418e-11, 1.34834296506e-11, 9.61918565634e-12, 2.79903097228e-12, 1.67525531208e-12, 1.12701612365e-12, 7.7752664333e-13, 5.26816925587e-13, 3.6684972551e-13, 2.58280240728e-13, 1.81481755622e-13, 1.29442965136e-13, 9.25150730221e-14, 6.70352716479e-14, 4.88950039853e-14, 3.58956808234e-14, 2.65005218155e-14, 1.96061174701e-14, 1.4663991931e-14, 1.10462413684e-14, 8.36557267279e-15, 6.37755246427e-15, 4.90482178459e-15, 3.81328176568e-15, 3.0009972863e-15, 2.39411681432e-15, 1.94566538479e-15], "median": [0.000124959144159, 8.03384027677e-05, 0.000227344149607, 0.000276828446658, 7.22946278984e-05, 2.75387919828e-05, 1.24444613903e-05, 5.83572909818e-06, 2.58570139522e-06, 1.50910705088e-06, 5.8855766838e-07, 4.79278469356e-07, 3.78927666134e-07, 1.86912501476e-07, 1.46895956732e-07, 1.06954502144e-07, 7.72071757638e-08, 5.5377171293e-08, 4.33682032508e-08, 3.73837103496e-08, 3.08517691394e-08, 2.54118859289e-08, 2.11583177645e-08, 1.73350152011e-08, 1.43236897898e-08, 1.21015322208e-08, 1.04084856289e-08, 9.00367513879e-09, 7.8824164973e-09, 6.93054102996e-09, 6.11948181017e-09, 5.4512283576e-09, 4.86961893031e-09, 4.37127845032e-09, 3.99591826294e-09, 3.67686525671e-09, 3.40536754351e-09, 3.16910186982e-09, 2.99056290842e-09, 2.89990786939e-09]}, "silence_rate_60dB": {"dmean": 0.0516360364854, "dmean2": 0.103281334043, "max": 1, "dvar": 0.0489663183689, "mean": 0.216027244925, "dvar2": 0.110004469752, "min": 0, "var": 0.169358640909, "median": 0}, "spectral_energyband_middle_high": {"dmean": 6.51277805446e-05, "dmean2": 0.000101835459645, "max": 0.00692741200328, "dvar": 4.78758828137e-08, "mean": 9.18677906157e-05, "dvar2": 1.09998481435e-07, "min": 1.48593141964e-21, "var": 9.40878095435e-08, "median": 1.4103086869e-05}, "erbbands_skewness": {"dmean": 0.958615124226, "dmean2": 1.57076656818, "max": 11.4066352844, "dvar": 0.849874198437, "mean": 3.24354815483, "dvar2": 2.26766490936, "min": -1.53509747982, "var": 3.03257703781, "median": 2.94357442856}, "dynamic_complexity": 6.24329805374, "dissonance": {"dmean": 0.0448030121624, "dmean2": 0.0739509612322, "max": 0.500000178814, "dvar": 0.00154563388787, "mean": 0.407149702311, "dvar2": 0.004143234808, "min": 0.0953852012753, "var": 0.0031527262181, "median": 0.416754662991}, "spectral_skewness": {"dmean": 1.14391291142, "dmean2": 1.87943947315, "max": 13.9298429489, "dvar": 1.42386054993, "mean": 3.82877874374, "dvar2": 3.8601539135, "min": 0.0135710546747, "var": 2.14736104012, "median": 3.47050428391}, "spectral_kurtosis": {"dmean": 14.1393690109, "dmean2": 23.7262020111, "max": 269.997467041, "dvar": 387.643890381, "mean": 23.5618610382, "dvar2": 1055.15209961, "min": -1.14601099491, "var": 419.917724609, "median": 17.1318016052}, "gfcc": {"cov": [[11421.3867188, 659.023193359, -1054.60534668, -280.516448975, -676.511047363, -208.794830322, -511.014068604, -201.653274536, -392.617218018, -146.748596191, -182.593673706, -39.3253707886, -79.5608215332], [659.023193359, 772.729431152, 244.534515381, -116.173362732, -37.1971244812, -123.310714722, 27.054693222, -90.7735290527, 3.63671636581, -91.1986999512, 3.6684281826, -63.3962974548, -9.27963733673], [-1054.60534668, 244.534515381, 649.569885254, 12.4936923981, 115.575874329, -58.3020019531, 95.0574951172, -22.4616947174, 43.1042137146, -34.5759963989, 5.87482786179, -49.7915802002, -20.8328533173], [-280.516448975, -116.173362732, 12.4936923981, 263.679473877, 136.630325317, 94.2232284546, 1.77088928223, 34.4505615234, 10.6716032028, 25.6102027893, -13.0979299545, -5.71342086792, -16.1568336487], [-676.511047363, -37.1971244812, 115.575874329, 136.630325317, 185.740097046, 88.9736328125, 71.5960464478, 26.2945537567, 43.0996665955, 2.09881687164, -1.61209344864, -19.7831573486, -12.1181459427], [-208.794830322, -123.310714722, -58.3020019531, 94.2232284546, 88.9736328125, 146.472640991, 68.2654724121, 71.9948654175, 3.37079405785, 17.7485866547, -18.8129501343, 4.46430540085, -14.0463104248], [-511.014068604, 27.054693222, 95.0574951172, 1.77088928223, 71.5960464478, 68.2654724121, 118.366065979, 53.3290786743, 39.9249153137, -7.26190042496, 1.78435730934, -17.3487148285, -4.9429268837], [-201.653274536, -90.7735290527, -22.4616947174, 34.4505615234, 26.2945537567, 71.9948654175, 53.3290786743, 83.9120559692, 42.6906776428, 45.5666809082, 7.07584238052, 15.5838193893, -9.78368473053], [-392.617218018, 3.63671636581, 43.1042137146, 10.6716032028, 43.0996665955, 3.37079405785, 39.9249153137, 42.6906776428, 84.3203125, 55.8768424988, 46.9061088562, 12.3505687714, 1.84750831127], [-146.748596191, -91.1986999512, -34.5759963989, 25.6102027893, 2.09881687164, 17.7485866547, -7.26190042496, 45.5666809082, 55.8768424988, 91.9229660034, 58.4147148132, 48.6812210083, 8.11876392365], [-182.593673706, 3.6684281826, 5.87482786179, -13.0979299545, -1.61209344864, -18.8129501343, 1.78435730934, 7.07584238052, 46.9061088562, 58.4147148132, 71.2478637695, 47.2745399475, 30.1883678436], [-39.3253707886, -63.3962974548, -49.7915802002, -5.71342086792, -19.7831573486, 4.46430540085, -17.3487148285, 15.5838193893, 12.3505687714, 48.6812210083, 47.2745399475, 66.807220459, 40.8742256165], [-79.5608215332, -9.27963733673, -20.8328533173, -16.1568336487, -12.1181459427, -14.0463104248, -4.9429268837, -9.78368473053, 1.84750831127, 8.11876392365, 30.1883678436, 40.8742256165, 52.3994827271]], "mean": [-189.611953735, 110.211624146, -12.4640197754, 0.500758051872, -33.0207557678, -20.8775119781, -23.8302211761, -18.6070594788, -14.0996446609, -13.8921794891, -6.4146437645, -8.52249717712, -1.45686995983], "icov": [[0.000182328090887, -0.000326831446728, 0.000236021980527, 0.000190446648048, -0.00016862450866, 0.000100126489997, 0.00105516321491, -0.00146012799814, 0.00139228755143, -2.94033088721e-05, -0.000858735758811, 0.00101320166141, -0.000153876870172], [-0.000326831446728, 0.00317307584919, -0.00170875841286, -0.00111128110439, 0.00520826550201, -0.00532682519406, -0.0002075976372, 0.00758194830269, -0.0112723540515, 0.00947645306587, -0.00249376660213, -0.00361000047997, 0.00339816045016], [0.000236021980527, -0.00170875841286, 0.00519454991445, -5.77528007852e-05, -0.00919778086245, 0.016413109377, -0.01107107196, -0.00486425822601, 0.0164840146899, -0.0143041983247, 0.00604684324935, -0.000825274095405, 0.00121836201288], [0.000190446648048, -0.00111128110439, -5.77528007852e-05, 0.0133247515187, -0.0163861513138, 0.00147221435327, 0.018354114145, -0.0273800082505, 0.0208071004599, -0.00283033866435, -0.0168320480734, 0.0235677585006, -0.0115796318278], [-0.00016862450866, 0.00520826550201, -0.00919778086245, -0.0163861513138, 0.0605151541531, -0.058745611459, -0.00278417486697, 0.0765422210097, -0.0936536937952, 0.0393176190555, 0.0227657146752, -0.0391206592321, 0.0188438557088], [0.000100126489997, -0.00532682519406, 0.016413109377, 0.00147221435327, -0.058745611459, 0.10633020103, -0.0524379126728, -0.0597529932857, 0.112219706178, -0.0775412395597, 0.0200675986707, 0.00731204310432, -0.00420535961166], [0.00105516321491, -0.0002075976372, -0.01107107196, 0.018354114145, -0.00278417486697, -0.0524379126728, 0.112648427486, -0.0876047164202, -0.00753956707194, 0.0919891670346, -0.10945340991, 0.0739848315716, -0.0262487027794], [-0.00146012799814, 0.00758194830269, -0.00486425822601, -0.0273800082505, 0.0765422210097, -0.0597529932857, -0.0876047164202, 0.227215364575, -0.156907916069, -0.0370206423104, 0.159780278802, -0.136636003852, 0.050392370671], [0.00139228755143, -0.0112723540515, 0.0164840146899, 0.0208071004599, -0.0936536937952, 0.112219706178, -0.00753956707194, -0.156907916069, 0.222199961543, -0.0943808555603, -0.0734134018421, 0.111741818488, -0.0465782731771], [-2.94033088721e-05, 0.00947645306587, -0.0143041983247, -0.00283033866435, 0.0393176190555, -0.0775412395597, 0.0919891670346, -0.0370206423104, -0.0943808555603, 0.196616455913, -0.124254077673, -0.0164208691567, 0.0424042865634], [-0.000858735758811, -0.00249376660213, 0.00604684324935, -0.0168320480734, 0.0227657146752, 0.0200675986707, -0.10945340991, 0.159780278802, -0.0734134018421, -0.124254077673, 0.22960563004, -0.12733861804, 0.0145116085187], [0.00101320166141, -0.00361000047997, -0.000825274095405, 0.0235677585006, -0.0391206592321, 0.00731204310432, 0.0739848315716, -0.136636003852, 0.111741818488, -0.0164208691567, -0.12733861804, 0.192858546972, -0.0962545871735], [-0.000153876870172, 0.00339816045016, 0.00121836201288, -0.0115796318278, 0.0188438557088, -0.00420535961166, -0.0262487027794, 0.050392370671, -0.0465782731771, 0.0424042865634, 0.0145116085187, -0.0962545871735, 0.0883248522878]]}, "spectral_complexity": {"dmean": 0.896638274193, "dmean2": 1.53882014751, "max": 24, "dvar": 1.1162699461, "mean": 3.54813551903, "dvar2": 2.62773823738, "min": 0, "var": 4.85184192657, "median": 3}, "spectral_flux": {"dmean": 0.0171508211643, "dmean2": 0.0275864079595, "max": 0.509234368801, "dvar": 0.000597917416599, "mean": 0.0558769628406, "dvar2": 0.00144747889135, "min": 7.53306449042e-06, "var": 0.00170797563624, "median": 0.0450223535299}, "spectral_energyband_low": {"dmean": 0.00122202339116, "dmean2": 0.00189578684513, "max": 0.171444639564, "dvar": 1.01119812825e-05, "mean": 0.0032015168108, "dvar2": 2.06412278203e-05, "min": 1.43337553713e-22, "var": 4.93868938065e-05, "median": 0.00112634850666}, "spectral_decrease": {"dmean": 1.54576285105e-09, "dmean2": 2.47824805122e-09, "max": 2.04667536252e-08, "dvar": 1.16152850507e-17, "mean": -2.32948438317e-09, "dvar2": 2.52892638274e-17, "min": -9.13247717449e-08, "var": 4.30232154497e-17, "median": -4.60059934593e-10}, "barkbands_spread": {"dmean": 2.02821874619, "dmean2": 3.45086860657, "max": 121.376182556, "dvar": 17.7875385284, "mean": 3.94918489456, "dvar2": 49.638710022, "min": 0.138939902186, "var": 24.8301029205, "median": 3.04983520508}, "spectral_rms": {"dmean": 0.000676482915878, "dmean2": 0.00106635678094, "max": 0.0247026272118, "dvar": 8.63491663949e-07, "mean": 0.00392803689465, "dvar2": 1.74935848918e-06, "min": 3.24950136243e-12, "var": 9.11814186111e-06, "median": 0.00305586121976}, "spectral_centroid": {"dmean": 48.309677124, "dmean2": 79.8796005249, "max": 11007.7285156, "dvar": 18284.4804688, "mean": 300.891784668, "dvar2": 27932.1621094, "min": 133.602523804, "var": 54910.2890625, "median": 263.791442871}, "barkbands_skewness": {"dmean": 2.13916254044, "dmean2": 3.6496295929, "max": 38.5600395203, "dvar": 5.7662768364, "mean": 3.62793803215, "dvar2": 16.903837204, "min": -2.28940916061, "var": 10.9530763626, "median": 2.94507694244}, "spectral_rolloff": {"dmean": 2694.61816406, "dmean2": 5356.10986328, "max": 22050, "dvar": 49116428, "mean": 19159.7109375, "dvar2": 136712672, "min": 21.533203125, "var": 52023452, "median": 21920.8007812}, "erbbands_spread": {"dmean": 7.357858181, "dmean2": 12.1356058121, "max": 163.249389648, "dvar": 70.5473403931, "mean": 15.2950162888, "dvar2": 183.120559692, "min": 0.571296215057, "var": 269.060180664, "median": 10.3489723206}, "barkbands": {"dmean": [0.00117349426728, 0.000488307676278, 0.000401462166337, 0.00102732726373, 0.0032992111519, 0.000722126394976, 0.000257384526776, 6.1833721702e-05, 4.0853065002e-05, 2.20443998842e-05, 1.3001118532e-05, 8.64900903252e-06, 7.26968892195e-06, 5.00105761603e-06, 4.10801385442e-06, 3.54876692654e-06, 2.93679477181e-06, 2.65137077804e-06, 2.37753874899e-06, 2.10520806831e-06, 1.95321354113e-06, 1.66165159499e-06, 1.41162570344e-06, 1.37432516567e-06, 1.40769975587e-06, 1.75163665972e-06, 8.77544971445e-06], "dmean2": [0.00216980651021, 0.000755324494094, 0.000615548924543, 0.0016576325288, 0.00487253628671, 0.00105191662442, 0.000370746449335, 9.82282217592e-05, 6.37323464616e-05, 3.36709563271e-05, 2.02662704396e-05, 1.40810698213e-05, 1.14148142529e-05, 8.07233300293e-06, 6.72556461723e-06, 5.79876132178e-06, 4.79438767798e-06, 4.34151570516e-06, 3.89734850614e-06, 3.44544287145e-06, 3.19257151205e-06, 2.71056387646e-06, 2.29891497838e-06, 2.22337257583e-06, 2.25235953621e-06, 2.77316576103e-06, 1.43663864947e-05], "max": [0.0669774860144, 0.117412410676, 0.053455222398, 0.166107356548, 0.448738992214, 0.153546243906, 0.145178943872, 0.00670023215935, 0.00448459619656, 0.00516348704696, 0.00222339387983, 0.000776530418079, 0.000994240865111, 0.00045485701412, 0.000389725290006, 0.000336178083671, 0.000279805535683, 0.000253913429333, 0.000228129429161, 0.000201104849111, 0.000185569777386, 0.000157142188982, 0.000132496788865, 0.000125802034745, 0.000120505530504, 0.000115459130029, 0.000675292452797], "dvar": [3.55921042683e-06, 3.47665491063e-06, 1.75216962361e-06, 1.44807963807e-05, 0.000124825790408, 1.34443698698e-05, 3.45512080457e-06, 5.11429689709e-08, 1.96668192842e-08, 1.06735189576e-08, 2.97674263017e-09, 7.63274998761e-10, 5.92247362263e-10, 2.56086207795e-10, 1.87345181035e-10, 1.34343106084e-10, 9.46900544085e-11, 7.88889578662e-11, 6.33982796816e-11, 4.94225632641e-11, 4.22832671654e-11, 3.02190356072e-11, 2.13914597841e-11, 1.93655837893e-11, 1.82414517519e-11, 2.17903525085e-11, 5.46461653705e-10], "mean": [0.00114508101251, 0.00130986887962, 0.000821489782538, 0.00232533435337, 0.00913340691477, 0.00150804407895, 0.000533998769242, 0.000114227404993, 8.65417605382e-05, 3.60378762707e-05, 1.76978355739e-05, 1.01779160104e-05, 9.77831314231e-06, 5.26365738551e-06, 4.06722529078e-06, 3.57365274795e-06, 2.94913752441e-06, 2.60310957856e-06, 2.31505259762e-06, 2.06212371268e-06, 1.93252412828e-06, 1.671529958e-06, 1.45019760112e-06, 1.46415027302e-06, 1.58533111971e-06, 2.10302073356e-06, 9.48708293436e-06], "dvar2": [1.17266872621e-05, 6.64060371491e-06, 3.87157206205e-06, 3.36976117978e-05, 0.00023002254602, 2.6589297704e-05, 5.55089172849e-06, 1.267930827e-07, 4.67407623717e-08, 2.03668673038e-08, 6.28417184956e-09, 1.91007276662e-09, 1.37043087989e-09, 6.39483854759e-10, 4.74576433707e-10, 3.40242112262e-10, 2.39719161188e-10, 1.99850982985e-10, 1.60778751424e-10, 1.25195590006e-10, 1.07097268554e-10, 7.63883817312e-11, 5.40155940809e-11, 4.86591739124e-11, 4.53942404499e-11, 5.25718947542e-11, 1.30164090617e-09], "min": [2.45514393867e-25, 4.7165693756e-23, 6.1707293781e-23, 6.59508164039e-23, 9.81643127669e-24, 2.07815876041e-23, 3.33949528304e-23, 8.77660516076e-23, 3.48317683059e-23, 5.32927732514e-23, 1.45769327894e-22, 4.75591113112e-23, 8.7916471605e-23, 1.4020606622e-22, 8.60734022296e-23, 1.39816457286e-22, 1.27892086329e-22, 2.13876877391e-22, 3.53740880901e-22, 2.34750439866e-22, 3.28290057154e-22, 6.28632476375e-22, 5.94431405518e-22, 5.94753260768e-22, 1.34930081183e-21, 1.39638124234e-21, 2.8374809268e-21], "var": [5.43999385627e-06, 2.04622210731e-05, 4.07737252317e-06, 5.78167127969e-05, 0.00071891915286, 3.93395712308e-05, 1.18112684504e-05, 1.09324169273e-07, 7.99948409735e-08, 3.31317266955e-08, 5.35926147904e-09, 9.87721904266e-10, 1.42737044406e-09, 2.97097652036e-10, 2.03963262946e-10, 1.47344150769e-10, 1.0295991143e-10, 8.4655463195e-11, 6.80830253286e-11, 5.33821563342e-11, 4.60201390884e-11, 3.34101531163e-11, 2.41647604704e-11, 2.2891593135e-11, 2.35829463596e-11, 3.3575708186e-11, 7.02775893036e-10], "median": [0.000482007337268, 0.000210997153772, 0.000154769106302, 0.000304837652948, 0.00135143264197, 0.000161616917467, 5.76897109568e-05, 1.53622986545e-05, 1.0983676475e-05, 3.50034360963e-06, 2.62601724899e-06, 1.49122581661e-06, 1.12591760626e-06, 7.97486791271e-07, 5.78290155318e-07, 5.18989850207e-07, 4.25695759532e-07, 3.7836463207e-07, 3.28128521687e-07, 2.96495585417e-07, 2.90490277166e-07, 2.63779440957e-07, 2.4542924848e-07, 2.70798977908e-07, 3.33489083459e-07, 5.14299244969e-07, 2.35973607232e-06]}, "melbands_kurtosis": {"dmean": 24.8151760101, "dmean2": 42.1053504944, "max": 1706.78222656, "dvar": 3787.49975586, "mean": 39.3820915222, "dvar2": 11030.8261719, "min": -1.44086384773, "var": 4499.29101562, "median": 22.2928104401}, "erbbands_crest": {"dmean": 2.91895461082, "dmean2": 4.76183652878, "max": 31.8891448975, "dvar": 7.35551595688, "mean": 15.6467781067, "dvar2": 21.3161334991, "min": 1.79674625397, "var": 33.914226532, "median": 15.1035308838}, "melbands_skewness": {"dmean": 1.36393237114, "dmean2": 2.26203227043, "max": 32.4191207886, "dvar": 2.41477131844, "mean": 2.79402852058, "dvar2": 6.6464138031, "min": -2.57842159271, "var": 6.17982196808, "median": 2.28996706009}, "spectral_energyband_middle_low": {"dmean": 0.00459195766598, "dmean2": 0.00676096370444, "max": 0.485285639763, "dvar": 0.000207452874747, "mean": 0.0137079488486, "dvar2": 0.000398557458539, "min": 2.76420521504e-22, "var": 0.00111067050602, "median": 0.00287307938561}, "spectral_contrast_coeffs": {"dmean": [0.0464294999838, 0.0457521304488, 0.0359468013048, 0.0310995467007, 0.0226894319057, 0.016673842445], "dmean2": [0.076996140182, 0.0743833109736, 0.0597135983407, 0.0529401786625, 0.0390712507069, 0.0276490673423], "max": [-0.217126905918, -0.397822737694, -0.578304648399, -0.566625237465, -0.713517069817, -0.713675498962], "dvar": [0.00157011731062, 0.00141741009429, 0.000918686913792, 0.000748419261072, 0.000501297705341, 0.000209214616916], "mean": [-0.599607586861, -0.769601643085, -0.87198984623, -0.937628507614, -0.943697273731, -0.877232909203], "dvar2": [0.00412518018857, 0.0037813752424, 0.00245027872734, 0.00193745957222, 0.00130088429432, 0.000564517045859], "min": [-0.963643074036, -0.968544244766, -0.978124678135, -0.990630447865, -0.981580138206, -0.959918022156], "var": [0.0149579448625, 0.00580792920664, 0.00364811997861, 0.00174681551289, 0.000853227509651, 0.000399651908083], "median": [-0.600204586983, -0.77493262291, -0.884781002998, -0.948716461658, -0.955625414848, -0.873848974705]}, "spectral_contrast_valleys": {"dmean": [0.404075086117, 0.470871955156, 0.664197981358, 0.816097378731, 0.795896589756, 0.650624334812], "dmean2": [0.664623737335, 0.745878815651, 1.07500088215, 1.33739757538, 1.30315172672, 1.03543496132], "max": [-5.25814247131, -4.64091968536, -5.56122779846, -5.9866399765, -6.14901685715, -8.62917613983], "dvar": [0.139818206429, 0.189391538501, 0.300800591707, 0.438527554274, 0.418105989695, 0.29615983367], "mean": [-8.01049995422, -7.83122873306, -8.98590373993, -9.54290008545, -9.61770534515, -11.7698459625], "dvar2": [0.319921672344, 0.432067841291, 0.761223316193, 1.14180886745, 1.07309448719, 0.757173657417], "min": [-26.8965606689, -27.3270969391, -27.5230617523, -27.3053398132, -27.4798488617, -27.1901912689], "var": [1.09839355946, 1.49429273605, 1.48841452599, 1.63452017307, 1.50743401051, 1.14812469482], "median": [-7.96992826462, -7.7535572052, -8.92332649231, -9.47507667542, -9.56790542603, -11.7255554199]}, "silence_rate_20dB": {"dmean": 0.00268937693909, "dmean2": 0.00537923630327, "max": 1, "dvar": 0.00268247094937, "mean": 0.995069921017, "dvar2": 0.00588928675279, "min": 0, "var": 0.0049047973007, "median": 1}, "silence_rate_30dB": {"dmean": 0.0150605114177, "dmean2": 0.0301237218082, "max": 1, "dvar": 0.0148348491639, "mean": 0.949713170528, "dvar2": 0.0322654806077, "min": 0, "var": 0.0477575100958, "median": 1}, "spectral_strongpeak": {"dmean": 18.6272983551, "dmean2": 34.9161605835, "max": 289.801605225, "dvar": 962.215393066, "mean": 20.6554279327, "dvar2": 2865.23999023, "min": 0, "var": 1264.74511719, "median": 0.93411719799}, "spectral_spread": {"dmean": 1200641.125, "dmean2": 1924505.875, "max": 40673064, "dvar": 1299091947520.0, "mean": 4523769, "dvar2": 3267362553860.0, "min": 650953.3125, "var": 3591421558780.0, "median": 4319337.5}, "barkbands_flatness_db": {"dmean": 0.063575796783, "dmean2": 0.105046100914, "max": 0.549635052681, "dvar": 0.00258038542233, "mean": 0.290609508753, "dvar2": 0.00762491021305, "min": 0.0456735678017, "var": 0.0049020992592, "median": 0.288431704044}, "pitch_salience": {"dmean": 0.0822178274393, "dmean2": 0.140012845397, "max": 0.790544509888, "dvar": 0.0046699992381, "mean": 0.420990347862, "dvar2": 0.013724562712, "min": 0.0260255560279, "var": 0.0195725839585, "median": 0.435940355062}, "erbbands_kurtosis": {"dmean": 13.3517885208, "dmean2": 22.0810241699, "max": 226.52911377, "dvar": 330.926269531, "mean": 22.7739562988, "dvar2": 851.817077637, "min": -1.53783845901, "var": 649.987243652, "median": 14.6825180054}, "average_loudness": 0.0803816691041, "barkbands_crest": {"dmean": 3.20897269249, "dmean2": 5.51050043106, "max": 26.7126636505, "dvar": 9.1548614502, "mean": 15.358625412, "dvar2": 27.9375305176, "min": 4.30910158157, "var": 24.0827827454, "median": 14.6542806625}, "hfc": {"dmean": 74.0679092407, "dmean2": 119.592254639, "max": 3574.64257812, "dvar": 22734.2792969, "mean": 180.472381592, "dvar2": 53376.4609375, "min": 1.2676043932e-16, "var": 108569.773438, "median": 71.3069839478}, "barkbands_kurtosis": {"dmean": 39.2940597534, "dmean2": 68.8112716675, "max": 1840.6640625, "dvar": 7355.63769531, "mean": 51.9305343628, "dvar2": 22233.1953125, "min": -1.76415777206, "var": 7486.375, "median": 28.9378013611}, "erbbands": {"dmean": [0.0211620368063, 0.100840367377, 0.359273761511, 1.78628623486, 9.01759243011, 9.98384094238, 10.4088373184, 4.84971046448, 4.36414527893, 2.54289627075, 1.24902307987, 1.00164937973, 0.567144930363, 0.755382716656, 0.490432083607, 0.345114290714, 0.344501078129, 0.269436508417, 0.229454219341, 0.207820668817, 0.188651144505, 0.166816785932, 0.14765059948, 0.130173280835, 0.114145621657, 0.099329277873, 0.0854599624872, 0.0725039690733, 0.0604425817728, 0.0493378825486, 0.0391961075366, 0.0301227699965, 0.0222021173686, 0.0155203528702, 0.010168030858, 0.00614342838526, 0.0033522171434, 0.0016254709335, 0.000763270421885, 0.00181389623322], "dmean2": [0.0343182682991, 0.151968210936, 0.553649187088, 2.77629375458, 15.0537490845, 13.6744346619, 14.2770843506, 7.01310777664, 6.05294132233, 3.91090631485, 1.98191034794, 1.53611338139, 0.896569848061, 1.12844407558, 0.764601349831, 0.556368768215, 0.537812411785, 0.433855623007, 0.37421092391, 0.340157181025, 0.307415246964, 0.272505104542, 0.241933196783, 0.213254928589, 0.186896800995, 0.162541165948, 0.139748826623, 0.118459761143, 0.0986669808626, 0.0804453939199, 0.0637757927179, 0.0488613285124, 0.035857539624, 0.0249200128019, 0.0162089113146, 0.00971535034478, 0.00530855311081, 0.00259273289703, 0.00119558197912, 0.00280106277205], "max": [6.95063829422, 16.0309391022, 35.3126907349, 219.333236694, 711.87298584, 2208.35571289, 2680.70703125, 1200.44091797, 3285.52587891, 348.890411377, 120.783401489, 127.895851135, 44.3521995544, 210.467269897, 74.4397354126, 31.2647609711, 52.0508842468, 24.0660839081, 21.7472572327, 19.8556041718, 17.9179859161, 15.9201984406, 14.1413230896, 12.5019292831, 10.9424409866, 9.48791217804, 8.13216781616, 6.87482786179, 5.71969079971, 4.66091966629, 3.66952800751, 2.78475952148, 2.01389718056, 1.36513471603, 0.84699010849, 0.464255005121, 0.213858813047, 0.100855149329, 0.0593285635114, 0.106846235693], "dvar": [0.00663615670055, 0.137802481651, 1.0309419632, 38.9485473633, 929.89630127, 2075.87890625, 2954.43920898, 644.829040527, 1652.76538086, 113.689239502, 17.938873291, 12.7540454865, 3.12064647675, 15.4161500931, 3.5954105854, 1.24648225307, 1.39476108551, 0.731017351151, 0.57848918438, 0.476130217314, 0.380304902792, 0.306105494499, 0.244315341115, 0.190483555198, 0.145746991038, 0.109929770231, 0.0812824219465, 0.0580299049616, 0.0400419831276, 0.0264453683048, 0.016436195001, 0.00947774108499, 0.0049764229916, 0.0023097882513, 0.000916310818866, 0.000298768893117, 7.82317874837e-05, 1.68713613675e-05, 3.34663286594e-06, 1.64545272128e-05], "mean": [0.0436361208558, 0.281957238913, 0.852017343044, 4.08847379684, 18.81133461, 31.2514572144, 28.2160949707, 10.4188585281, 9.93873023987, 4.20276355743, 2.44118189812, 2.28579044342, 0.882620096207, 1.29800760746, 0.705243587494, 0.423357784748, 0.478843271732, 0.29697099328, 0.231563493609, 0.206967547536, 0.190770998597, 0.167527884245, 0.145434230566, 0.127044200897, 0.111358635128, 0.0973111242056, 0.0842420533299, 0.0720031708479, 0.0606413371861, 0.0500943623483, 0.0404215455055, 0.0316729769111, 0.0238915588707, 0.0171855613589, 0.0116182873026, 0.00724265631288, 0.00406905496493, 0.00205075717531, 0.00136758806184, 0.00492748897523], "dvar2": [0.0119282091036, 0.278150588274, 2.34290409088, 85.6187896729, 2827.99243164, 2901.56201172, 5108.27050781, 1220.19946289, 2615.16503906, 250.338378906, 44.5390739441, 29.1259441376, 7.4417719841, 28.4216899872, 7.81016206741, 3.07003474236, 3.17798233032, 1.81809461117, 1.46183276176, 1.20622122288, 0.963773608208, 0.774394273758, 0.61902910471, 0.482849389315, 0.369373381138, 0.27842232585, 0.205871045589, 0.146958917379, 0.101264797151, 0.0668069794774, 0.041482180357, 0.0238619856536, 0.0124870901927, 0.00576943904161, 0.00227181310765, 0.000732135027647, 0.000188012272702, 3.96803879994e-05, 7.47288777347e-06, 3.44565305568e-05], "min": [3.77249264043e-22, 1.42544351423e-20, 6.53375037831e-20, 1.57974539795e-19, 1.17788670996e-19, 2.26404681249e-20, 3.39777522862e-20, 2.42040388461e-19, 4.8561597244e-19, 8.61137255578e-19, 1.92632559601e-18, 6.47109028368e-19, 1.596075701e-18, 2.51817849417e-18, 5.60661282109e-18, 2.61066845359e-18, 4.22025397855e-18, 4.33297015831e-18, 6.74126308478e-18, 6.7881220393e-18, 6.52963306096e-18, 8.62218246221e-18, 1.16909265818e-17, 1.24406136059e-17, 1.83359720178e-17, 1.11526536875e-17, 1.23128555603e-17, 1.61753530967e-17, 1.87016139726e-17, 1.87311310856e-17, 1.60394539395e-17, 1.41215678605e-17, 1.0937741411e-17, 1.23990825217e-17, 1.05563730983e-17, 5.97991984513e-18, 2.5149983983e-18, 1.12847215509e-18, 4.20807741464e-19, 4.07307352536e-20], "var": [0.0409368872643, 0.777167022228, 3.21088218689, 120.659217834, 2257.79931641, 15391.8925781, 13790.1123047, 1918.34533691, 5797.44140625, 201.059310913, 42.9823379517, 63.058013916, 6.28763246536, 49.3921089172, 6.44012451172, 1.64185249805, 3.73068761826, 0.88100618124, 0.635841667652, 0.518243730068, 0.416571438313, 0.332977294922, 0.262293815613, 0.204510226846, 0.156891748309, 0.11882417649, 0.0881554335356, 0.0633758455515, 0.0441613085568, 0.0295067802072, 0.0186432823539, 0.0110068498179, 0.00596624938771, 0.00289334869012, 0.00121956004295, 0.000430548097938, 0.000122660552734, 2.80146978184e-05, 8.63944205776e-06, 9.57047814154e-05], "median": [0.0106055857614, 0.039313595742, 0.18825507164, 0.824871480465, 3.31514978409, 3.06013011932, 1.9224395752, 1.20786631107, 0.811063110828, 0.649577915668, 0.370995521545, 0.271060824394, 0.137343555689, 0.123513974249, 0.109335362911, 0.0673044919968, 0.0554921403527, 0.0444792211056, 0.0342738255858, 0.0301407314837, 0.0274802017957, 0.0241573639214, 0.0210520811379, 0.0181752629578, 0.0157958809286, 0.013996174559, 0.0123992888257, 0.0109325544909, 0.00952119007707, 0.00815109722316, 0.00689332187176, 0.00570958619937, 0.00452737417072, 0.00348088820465, 0.0025128419511, 0.00168187136296, 0.00101823126897, 0.000564287300222, 0.000486568023916, 0.0017766142264]}, "spectral_energy": {"dmean": 0.00770293409005, "dmean2": 0.0116196256131, "max": 0.625475287437, "dvar": 0.000346373475622, "mean": 0.0251614172012, "dvar2": 0.000646985659841, "min": 1.0823240686e-20, "var": 0.00224775518291, "median": 0.00957174412906}, "zerocrossingrate": {"dmean": 0.0671