{"lowlevel": {"spectral_strongpeak": {"max": 8.22634983063, "dmean": 0.342149525881, "dvar2": 0.806738734245, "dmean2": 0.589283108711, "var": 0.314665198326, "median": 0.38036441803, "min": 0, "dvar": 0.282548874617, "mean": 0.567972362041}, "barkbands_flatness_db": {"max": 0.382537305355, "dmean": 0.0266409516335, "dvar2": 0.00178928638343, "dmean2": 0.0413180477917, "var": 0.00388502865098, "median": 0.0908741429448, "min": 0.0167232584208, "dvar": 0.000827545474749, "mean": 0.108419597149}, "barkbands_skewness": {"max": 14.6764879227, "dmean": 0.746214687824, "dvar2": 1.89698910713, "dmean2": 1.15226507187, "var": 2.85518527031, "median": 1.33791363239, "min": -2.73285770416, "dvar": 0.857212662697, "mean": 1.72929656506}, "spectral_energyband_middle_high": {"max": 0.0313442870975, "dmean": 0.00231776898727, "dvar2": 2.65126000158e-05, "dmean2": 0.00359954778105, "var": 3.17648700729e-05, "median": 0.00387022248469, "min": 1.32471894676e-21, "dvar": 1.11171075332e-05, "mean": 0.00576760433614}, "erbbands_kurtosis": {"max": 27.5352706909, "dmean": 0.611599087715, "dvar2": 1.28220844269, "dmean2": 0.966483056545, "var": 2.10394597054, "median": -0.396997690201, "min": -1.73021042347, "dvar": 0.573642969131, "mean": -0.028531126678}, "erbbands_crest": {"max": 25.0279445648, "dmean": 2.34578227997, "dvar2": 12.4845056534, "dmean2": 3.91041088104, "var": 11.0607299805, "median": 6.26721382141, "min": 2.0371222496, "dvar": 4.83824777603, "mean": 7.05615091324}, "dynamic_complexity": 3.19149398804, "barkbands_crest": {"max": 26.0793704987, "dmean": 3.41301751137, "dvar2": 22.9039306641, "dmean2": 5.484998703, "var": 30.5768795013, "median": 9.10677719116, "min": 1.97628343105, "dvar": 9.55589675903, "mean": 10.4453821182}, "dissonance": {"max": 0.5, "dmean": 0.0128001319245, "dvar2": 0.000497413799167, "dmean2": 0.0217935033143, "var": 0.00045922154095, "median": 0.484592735767, "min": 0.221195027232, "dvar": 0.000184934120625, "mean": 0.478771328926}, "spectral_energyband_low": {"max": 0.124544158578, "dmean": 0.00872793607414, "dvar2": 0.000333137664711, "dmean2": 0.0133659103885, "var": 0.000534263555892, "median": 0.0067243585363, "min": 2.06390404385e-23, "dvar": 0.000179356225999, "mean": 0.0169846192002}, "spectral_contrast_coeffs": {"max": [-0.279197335243, -0.531008899212, -0.557390987873, -0.605576276779, -0.651551544666, -0.610763907433], "dmean": [0.0636851415038, 0.0497610904276, 0.0397910624743, 0.0296816471964, 0.0209523905069, 0.018041132018], "dvar2": [0.00636168848723, 0.00427488517016, 0.00270335725509, 0.0015602237545, 0.000758619746193, 0.000679213553667], "dmean2": [0.100015379488, 0.0830459967256, 0.0661728158593, 0.050447370857, 0.034382879734, 0.0289526134729], "var": [0.00863514095545, 0.00338904326782, 0.00262422207743, 0.00156625488307, 0.00137371313758, 0.00153096148279], "median": [-0.666593670845, -0.776631176472, -0.807685792446, -0.814159572124, -0.808318555355, -0.778348565102], "min": [-0.977443635464, -0.976896762848, -0.973942279816, -0.972122132778, -0.967893004417, -0.963929533958], "dvar": [0.00283373007551, 0.00153118919116, 0.000986049417406, 0.000570664880797, 0.000311090698233, 0.000289970892482], "mean": [-0.653298616409, -0.773397743702, -0.802625894547, -0.811812579632, -0.805496275425, -0.773733794689]}, "silence_rate_60dB": {"max": 1, "dmean": 0.0226206425577, "dvar2": 0.0532601214945, "dmean2": 0.045245077461, "var": 0.0712870508432, "median": 0, "min": 0, "dvar": 0.0221141204238, "mean": 0.0772388353944}, "mfcc": {"icov": [[0.000200833761482, 0.000235349900322, 8.87769565452e-05, 0.000233051134273, -0.000310598872602, -3.04514633171e-05, -0.00012401874119, 8.49459247547e-05, -0.000155003348482, -2.01195616683e-05, 6.88633517711e-05, -3.51654089172e-05, 0.000274650199572], [0.000235349900322, 0.00130218383856, 0.000151274958625, -0.000635929289274, 0.000273702724371, 0.000305186316837, -0.000738586182706, 8.52812008816e-05, -0.000337662990205, 0.000169795937836, 0.000545825459994, -0.000703101337422, 0.000514841114637], [8.87769565452e-05, 0.000151274958625, 0.00309069780633, -0.000878862512764, -0.00118972675409, 0.000755964661948, -0.00158697448205, 0.001003454905, -0.000628037087154, 0.00117820780724, -0.000704154721461, 0.00109174894169, -0.0017575226957], [0.000233051134273, -0.000635929289274, -0.000878862512764, 0.00649458914995, -0.00138025276829, -0.00252772751264, 0.00290997768752, -0.00175014289562, 0.000849003379699, -0.00144601683132, -0.00103905017022, -0.00077760242857, -0.000459336093627], [-0.000310598872602, 0.000273702724371, -0.00118972675409, -0.00138025276829, 0.00914376601577, -0.00287701003253, 0.000491591403261, -0.000181868395885, -0.00353941624053, 0.00104622985236, -0.000627787027042, -0.000871520489454, -0.000469710066682], [-3.04514633171e-05, 0.000305186316837, 0.000755964661948, -0.00252772751264, -0.00287701003253, 0.011640640907, -0.00846018735319, 0.00265300320461, 0.00162251351867, -0.00365096074529, 0.000945475650951, 0.00115787656978, -0.000182532021427], [-0.00012401874119, -0.000738586182706, -0.00158697448205, 0.00290997768752, 0.000491591403261, -0.00846018735319, 0.0153508065268, -0.00562952784821, -0.00062741257716, 0.00191746547353, -0.00183959328569, 0.000817301741336, -0.000979005475529], [8.49459247547e-05, 8.52812008816e-05, 0.001003454905, -0.00175014289562, -0.000181868395885, 0.00265300320461, -0.00562952784821, 0.0151320742443, -0.00727621279657, 0.00171709957067, -0.00176873616874, -6.06143330515e-05, 0.000615517725237], [-0.000155003348482, -0.000337662990205, -0.000628037087154, 0.000849003379699, -0.00353941624053, 0.00162251351867, -0.00062741257716, -0.00727621279657, 0.021585393697, -0.0138741051778, 0.0071539231576, -0.00397558277473, -0.000552890065592], [-2.01195616683e-05, 0.000169795937836, 0.00117820780724, -0.00144601683132, 0.00104622985236, -0.00365096074529, 0.00191746547353, 0.00171709957067, -0.0138741051778, 0.030455654487, -0.0170898828655, 0.00484705157578, -0.000595397606958], [6.88633517711e-05, 0.000545825459994, -0.000704154721461, -0.00103905017022, -0.000627787027042, 0.000945475650951, -0.00183959328569, -0.00176873616874, 0.0071539231576, -0.0170898828655, 0.0329656526446, -0.0170191898942, 0.00561591750011], [-3.51654089172e-05, -0.000703101337422, 0.00109174894169, -0.00077760242857, -0.000871520489454, 0.00115787656978, 0.000817301741336, -6.06143330515e-05, -0.00397558277473, 0.00484705157578, -0.0170191898942, 0.0330766513944, -0.0173853337765], [0.000274650199572, 0.000514841114637, -0.0017575226957, -0.000459336093627, -0.000469710066682, -0.000182532021427, -0.000979005475529, 0.000615517725237, -0.000552890065592, -0.000595397606958, 0.00561591750011, -0.0173853337765, 0.028135471046]], "cov": [[8417.54199219, -1735.11230469, -175.217926025, -457.805084229, 302.094909668, 151.585296631, 113.860137939, -16.9091091156, 97.8417358398, 41.3766517639, -34.8413696289, -105.071151733, -113.652404785], [-1735.11230469, 1201.77270508, 20.1652832031, 169.697067261, -62.761264801, -15.024438858, 20.9726371765, 35.1770782471, 8.2023859024, -2.26230072975, 6.72886133194, 42.0842475891, 22.5666046143], [-175.217926025, 20.1652832031, 425.530670166, 84.7022399902, 88.1520614624, 46.2706260681, 57.5849571228, 9.0552110672, 26.060874939, 3.84484672546, 15.5348892212, 20.7531108856, 43.1994743347], [-457.805084229, 169.697067261, 84.7022399902, 259.530487061, 64.1541900635, 61.9478988647, 8.70819377899, 32.4625091553, 29.8087062836, 40.8894119263, 39.9109764099, 39.660194397, 29.9489517212], [302.094909668, -62.761264801, 88.1520614624, 64.1541900635, 191.469589233, 86.5719833374, 50.793056488, 32.4387397766, 58.5454826355, 36.211933136, 25.0038719177, 24.3093261719, 21.5163421631], [151.585296631, -15.024438858, 46.2706260681, 61.9478988647, 86.5719833374, 196.57762146, 105.854042053, 20.5142860413, 27.9254207611, 37.8262481689, 21.0658740997, 6.35617780685, 9.72404098511], [113.860137939, 20.9726371765, 57.5849571228, 8.70819377899, 50.793056488, 105.854042053, 146.441223145, 47.4893913269, 32.0343322754, 18.8262023926, 14.0806360245, 6.64998626709, 10.1619272232], [-16.9091091156, 35.1770782471, 9.0552110672, 32.4625091553, 32.4387397766, 20.5142860413, 47.4893913269, 109.162994385, 55.5753974915, 26.0372161865, 18.0468597412, 17.4311161041, 9.36778450012], [97.8417358398, 8.2023859024, 26.060874939, 29.8087062836, 58.5454826355, 27.9254207611, 32.0343322754, 55.5753974915, 105.864311218, 52.6482391357, 20.0819091797, 23.6883125305, 15.8902359009], [41.3766517639, -2.26230072975, 3.84484672546, 40.8894119263, 36.211933136, 37.8262481689, 18.8262023926, 26.0372161865, 52.6482391357, 80.2394561768, 43.1127624512, 21.4553070068, 8.86536502838], [-34.8413696289, 6.72886133194, 15.5348892212, 39.9109764099, 25.0038719177, 21.0658740997, 14.0806360245, 18.0468597412, 20.0819091797, 43.1127624512, 69.4604263306, 39.5153541565, 14.3478279114], [-105.071151733, 42.0842475891, 20.7531108856, 39.660194397, 24.3093261719, 6.35617780685, 6.64998626709, 17.4311161041, 23.6883125305, 21.4553070068, 39.5153541565, 72.9153213501, 40.5842132568], [-113.652404785, 22.5666046143, 43.1994743347, 29.9489517212, 21.5163421631, 9.72404098511, 10.1619272232, 9.36778450012, 15.8902359009, 8.86536502838, 14.3478279114, 40.5842132568, 62.7108345032]], "mean": [-620.467224121, 99.1336517334, 9.03348827362, 19.3180351257, 7.13292837143, 6.84124088287, 1.59742820263, 7.69809818268, 3.31861829758, 1.64136624336, 1.30158162117, 1.22233462334, -1.97215461731]}, "melbands_spread": {"max": 252.237121582, "dmean": 10.8375968933, "dvar2": 469.123168945, "dmean2": 17.5301761627, "var": 484.378723145, "median": 23.9258213043, "min": 0.583450853825, "dvar": 197.390213013, "mean": 28.5108222961}, "barkbands_kurtosis": {"max": 253.684280396, "dmean": 4.69657325745, "dvar2": 341.197540283, "dmean2": 7.45223855972, "var": 269.49887085, "median": 1.25622797012, "min": -1.91419160366, "dvar": 147.866714478, "mean": 5.89247274399}, "spectral_energyband_high": {"max": 0.0181156881154, "dmean": 0.00114073243458, "dvar2": 1.28323172248e-05, "dmean2": 0.00187824165914, "var": 5.02712464368e-06, "median": 0.00115524278954, "min": 6.81120307319e-21, "dvar": 4.71231760457e-06, "mean": 0.00189457484521}, "hfc": {"max": 185.372314453, "dmean": 12.7492628098, "dvar2": 1225.1315918, "dmean2": 20.0912208557, "var": 701.863464355, "median": 23.7151679993, "min": 1.11053814735e-16, "dvar": 474.542388916, "mean": 29.3773117065}, "spectral_skewness": {"max": 7.34069061279, "dmean": 0.171015053988, "dvar2": 0.133256345987, "dmean2": 0.27551138401, "var": 0.253713488579, "median": 1.39507544041, "min": -0.0963668376207, "dvar": 0.0486308597028, "mean": 1.42907822132}, "erbbands": {"max": [2.32609224319, 28.418970108, 76.7487640381, 153.687850952, 279.868347168, 185.051528931, 303.289459229, 207.239974976, 413.574432373, 649.982849121, 605.471740723, 550.684448242, 667.190368652, 924.807250977, 538.093566895, 563.091918945, 532.543762207, 676.753540039, 418.470123291, 387.943572998, 384.765014648, 1096.91784668, 291.614074707, 450.613372803, 199.659332275, 182.184677124, 128.440185547, 166.877593994, 231.278320313, 131.264419556, 94.2267684937, 63.6366462708, 48.1383514404, 60.2297706604, 30.841884613, 14.6794281006, 3.02460551262, 0.566748082638, 0.0676775872707, 0.00164035055786], "dmean": [0.185608834028, 1.76688313484, 3.75067806244, 8.95143032074, 13.813624382, 7.26199102402, 7.12076473236, 6.29268026352, 7.99143743515, 10.5507049561, 21.1373252869, 16.6835899353, 18.9885749817, 22.2781791687, 15.8729381561, 22.8539791107, 15.1721525192, 21.0323944092, 17.2483043671, 14.419380188, 16.1331634521, 17.4092617035, 12.1407556534, 11.9861278534, 10.1107406616, 7.01003789902, 7.44498348236, 7.82336044312, 9.44852638245, 6.6414642334, 4.86214494705, 4.41262197495, 3.06582593918, 2.9923658371, 1.50221526623, 0.760034143925, 0.192109435797, 0.0372565127909, 0.00266730831936, 7.72057610448e-05], "dvar2": [0.194935083389, 18.2146453857, 148.965652466, 934.763916016, 3174.31347656, 567.785095215, 325.227172852, 304.809936523, 630.062316895, 1294.5657959, 3976.79003906, 2367.57714844, 3063.01977539, 4565.18896484, 2161.16723633, 3872.19213867, 1700.97375488, 3335.1965332, 1790.85766602, 1236.84265137, 1569.94396973, 2182.98925781, 986.856323242, 1175.12036133, 981.148742676, 364.35067749, 445.811279297, 748.353820801, 1322.0135498, 475.625274658, 259.850372314, 173.945007324, 71.7599182129, 88.6357650757, 16.4147052765, 4.68745136261, 0.298152804375, 0.0123123684898, 5.67114584555e-05, 3.90181398302e-08], "dmean2": [0.267665356398, 2.632853508, 5.63786125183, 14.4642724991, 24.4496669769, 12.5181112289, 11.602596283, 10.4429330826, 12.8390197754, 17.2389240265, 35.2747612, 27.091594696, 30.557434082, 36.0497703552, 25.4574966431, 38.1353874207, 24.3977985382, 34.7002182007, 28.6507644653, 23.8373603821, 26.1355075836, 28.1568832397, 19.9003162384, 20.4286346436, 17.3133583069, 11.7245874405, 12.6862239838, 13.4695796967, 16.5228996277, 11.1664600372, 8.29358577728, 7.43991947174, 5.09075021744, 5.07180833817, 2.35468578339, 1.18442428112, 0.3005849123, 0.0598624721169, 0.00408734939992, 0.000116239498311], "var": [0.165679484606, 25.0549240112, 80.1242294312, 317.521209717, 831.222106934, 176.578979492, 169.207626343, 155.948120117, 359.17565918, 689.066162109, 1921.40270996, 1695.93164063, 2338.11645508, 3308.80126953, 1724.72192383, 1885.91235352, 1612.66650391, 2356.4284668, 1273.73144531, 864.949035645, 1525.48083496, 2355.13916016, 882.541870117, 584.180847168, 419.843017578, 190.766296387, 216.95362854, 253.086334229, 367.772735596, 234.587036133, 95.2201843262, 68.9301300049, 34.6732788086, 36.0368690491, 9.5016450882, 2.59960508347, 0.156301721931, 0.00541521422565, 3.35627300956e-05, 2.78222600514e-08], "median": [0.0592553839087, 0.616583764553, 1.19085836411, 3.03435993195, 3.44873571396, 3.34766864777, 4.89668989182, 4.86005163193, 5.51060533524, 6.27339363098, 12.1099843979, 9.91060256958, 10.0924081802, 10.0518007278, 8.64839172363, 13.0664710999, 10.112739563, 13.0016183853, 14.0809831619, 12.7064323425, 15.5380983353, 17.3995723724, 14.1112928391, 13.0119085312, 10.7706441879, 8.8645362854, 8.5674571991, 7.19101905823, 6.47975444794, 5.80393981934, 4.70854091644, 3.75502467155, 2.64874625206, 1.71902287006, 0.866532027721, 0.334890782833, 0.0900386273861, 0.0118888085708, 0.000589034985751, 6.79892182234e-05], "min": [1.76986295719e-22, 3.15527448911e-22, 4.05595411786e-21, 1.5549715971e-20, 1.0249916472e-20, 1.95006440004e-20, 5.35246279281e-20, 8.65597529763e-20, 2.35440288504e-19, 2.00275742065e-19, 1.92025636506e-19, 4.36655979164e-19, 4.45010916941e-19, 8.45171273888e-19, 1.25397851167e-18, 1.32441263064e-18, 1.80162956623e-18, 1.83247719923e-18, 2.45929191995e-18, 2.68105139076e-18, 4.54165376479e-18, 5.64267458708e-18, 4.02890476899e-18, 5.23441380549e-18, 9.35095836038e-18, 9.64448174638e-18, 1.01121092805e-17, 1.07748075098e-17, 1.14672321288e-17, 9.70710759056e-18, 1.10710779626e-17, 1.18439310069e-17, 9.85725576099e-18, 8.73761634388e-18, 6.80807901234e-18, 4.62958637262e-18, 2.3231816249e-18, 1.01255985284e-18, 2.68105780141e-19, 2.63411449385e-20], "dvar": [0.0844751894474, 11.2739753723, 61.0941314697, 369.797088623, 1173.47155762, 209.484786987, 130.841827393, 118.31438446, 259.320404053, 516.646728516, 1485.16809082, 968.82220459, 1240.85083008, 1813.38171387, 850.815124512, 1472.78686523, 686.77911377, 1315.3013916, 698.689575195, 488.245544434, 637.322753906, 869.998474121, 386.211181641, 434.382873535, 359.908538818, 139.410247803, 166.432266235, 269.074920654, 471.548553467, 178.103012085, 94.3139343262, 64.5918731689, 26.9506168365, 33.2940750122, 6.66534519196, 1.96137344837, 0.118053637445, 0.00475712958723, 2.36696705542e-05, 1.66082099184e-08], "mean": [0.265194833279, 2.7071223259, 4.55935144424, 8.77765464783, 11.8820171356, 7.562541008, 9.24828243256, 8.75326251984, 10.6928758621, 14.1472663879, 27.2934474945, 24.1113414764, 27.9314823151, 31.7628517151, 24.4922122955, 29.6331291199, 24.658033371, 31.5994338989, 26.8496875763, 23.395647049, 28.8472137451, 33.6216506958, 24.1536235809, 20.5319156647, 16.8664474487, 12.4082489014, 13.1071376801, 12.1650209427, 12.0893154144, 11.0262489319, 7.61578178406, 6.52767801285, 4.75115823746, 3.82227945328, 2.05211830139, 1.01044905186, 0.269115000963, 0.0455120913684, 0.0033476985991, 0.00012992923439]}, "spectral_contrast_valleys": {"max": [-5.3849697113, -4.69290828705, -5.1395201683, -5.60315036774, -5.54252672195, -7.45213460922], "dmean": [0.435131818056, 0.429936468601, 0.406286478043, 0.351809293032, 0.300723314285, 0.372520625591], "dvar2": [0.315147280693, 0.350715041161, 0.324267655611, 0.287011384964, 0.289226442575, 0.505168199539], "dmean2": [0.695327579975, 0.685268938541, 0.619899570942, 0.525775194168, 0.445568680763, 0.526392459869], "var": [2.36111450195, 2.1110906601, 2.26787352562, 2.42077040672, 2.47704696655, 3.11619019508], "median": [-6.91275930405, -6.45623874664, -6.88275671005, -7.14193439484, -6.92438411713, -9.061876297], "min": [-28.1099796295, -27.7624111176, -27.5630817413, -27.7544898987, -27.4533042908, -27.3802947998], "dvar": [0.140358269215, 0.160597071052, 0.166872918606, 0.146024763584, 0.141470357776, 0.24638029933], "mean": [-7.18134355545, -6.6096329689, -7.04123067856, -7.39709234238, -7.27564907074, -9.53489112854]}, "average_loudness": 0.927521109581, "erbbands_spread": {"max": 162.218673706, "dmean": 9.86736392975, "dvar2": 205.533508301, "dmean2": 14.8153333664, "var": 459.520141602, "median": 45.59790802, "min": 2.40129423141, "dvar": 96.830657959, "mean": 48.9327888489}, "melbands_flatness_db": {"max": 0.515263795853, "dmean": 0.0361207947135, "dvar2": 0.00335489562713, "dmean2": 0.0558374598622, "var": 0.00677875755355, "median": 0.15986803174, "min": 0.00328701455146, "dvar": 0.00151836522855, "mean": 0.173592537642}, "barkbands_spread": {"max": 118.770080566, "dmean": 8.85340213776, "dvar2": 236.171615601, "dmean2": 14.2509412766, "var": 274.985900879, "median": 28.6478347778, "min": 0.527073323727, "dvar": 99.034828186, "mean": 29.5194244385}, "spectral_decrease": {"max": 1.33063378563e-28, "dmean": 3.19096149504e-09, "dvar2": 3.77619563246e-17, "dmean2": 4.93823071324e-09, "var": 5.05277619263e-17, "median": -6.16258777342e-09, "min": -3.37182122223e-08, "dvar": 1.61546107157e-17, "mean": -8.12933897976e-09}, "melbands_crest": {"max": 33.1890258789, "dmean": 4.38955068588, "dvar2": 34.3119430542, "dmean2": 7.22502660751, "var": 39.9603843689, "median": 14.4092597961, "min": 1.65875864029, "dvar": 13.9300775528, "mean": 14.9558067322}, "erbbands_flatness_db": {"max": 0.365497946739, "dmean": 0.0146969193593, "dvar2": 0.000428583443863, "dmean2": 0.021984256804, "var": 0.00201045465656, "median": 0.108810424805, "min": 0.0414103753865, "dvar": 0.00020256183052, "mean": 0.118371576071}, "melbands_kurtosis": {"max": 671.575683594, "dmean": 14.0765981674, "dvar2": 1976.00708008, "dmean2": 21.5701618195, "var": 2523.63598633, "median": 8.28229522705, "min": -1.82768845558, "dvar": 1053.11962891, "mean": 23.4246349335}, "spectral_rms": {"max": 0.0113242613152, "dmean": 0.00102509616408, "dvar2": 2.4128264613e-06, "dmean2": 0.00153816060629, "var": 5.96637255512e-06, "median": 0.0050381203182, "min": 3.169835271e-12, "dvar": 1.17593617688e-06, "mean": 0.00515431212261}, "melbands_skewness": {"max": 19.3324832916, "dmean": 1.08419966698, "dvar2": 3.5158162117, "dmean2": 1.63990867138, "var": 6.4994430542, "median": 2.58785557747, "min": -0.789238512516, "dvar": 1.68051123619, "mean": 3.28786110878}, "barkbands": {"max": [0.00270485738292, 0.112655602396, 0.0664611160755, 0.0827325582504, 0.0550676323473, 0.0213778223842, 0.0298160109669, 0.0236063040793, 0.0199335739017, 0.0189948566258, 0.0162537992001, 0.0133919315413, 0.0113596944138, 0.0154801737517, 0.00866593141109, 0.00677702110261, 0.017051063478, 0.00504336412996, 0.00485258270055, 0.00357670988888, 0.00373944127932, 0.0049906312488, 0.003049348481, 0.00288093136624, 0.00444511603564, 0.00242856075056, 0.000276953156572], "dmean": [0.000177503752639, 0.00731195136905, 0.00326244463213, 0.0043208040297, 0.00284273503348, 0.000805043033324, 0.000630341703072, 0.000847772869747, 0.000728477723897, 0.000723685137928, 0.000449881830718, 0.000524700910319, 0.000338271987857, 0.000437536800746, 0.000298246974126, 0.000295157602523, 0.000347721739672, 0.000216637796257, 0.000234564868151, 0.000139823852805, 0.000198311521672, 0.000236911437241, 0.000170622573933, 0.000193193860468, 0.00023305414652, 0.000135785739985, 1.54052486323e-05], "dvar2": [1.99813129598e-07, 0.000274651014479, 0.000115941715194, 0.000296802521916, 0.000101463978353, 4.01270835937e-06, 4.32222486779e-06, 6.31029479337e-06, 4.35922811448e-06, 4.25936104875e-06, 1.81733321369e-06, 1.98620250558e-06, 9.02646036138e-07, 1.46409149693e-06, 5.8553598592e-07, 5.76307968458e-07, 7.89861246631e-07, 2.96195679539e-07, 5.33975537564e-07, 1.26409830159e-07, 4.11714836446e-07, 7.04544845576e-07, 3.12668532843e-07, 3.0625020031e-07, 4.56187990494e-07, 1.60224786327e-07, 1.85736903635e-09], "dmean2": [0.000261703360593, 0.0104716271162, 0.00530387554318, 0.00746808340773, 0.00488762697205, 0.00131390569732, 0.00102083932143, 0.00141421635635, 0.00118992000353, 0.00117018166929, 0.000737675349228, 0.000874127086718, 0.000547270523384, 0.000733318040147, 0.00049959635362, 0.000482107774587, 0.000570175354369, 0.000355616328306, 0.000404466904001, 0.000232288832194, 0.000342697661836, 0.000404698948842, 0.000288559822366, 0.000321330648148, 0.000379371078452, 0.000211419581319, 2.38234315475e-05], "var": [1.93275553784e-07, 0.000377153017325, 5.60663465876e-05, 7.44295539334e-05, 2.85050682578e-05, 2.20110564442e-06, 2.40551071329e-06, 2.95498966807e-06, 3.22036839862e-06, 3.15516240335e-06, 1.33059279506e-06, 1.0214980648e-06, 8.13552674117e-07, 8.98857763332e-07, 3.83900925272e-07, 4.24668201049e-07, 7.93654010067e-07, 2.48444933959e-07, 2.0329872541e-07, 8.09138143154e-08, 1.58097833491e-07, 2.41336380213e-07, 1.29084767764e-07, 1.36542709583e-07, 2.23631403173e-07, 7.94286378891e-08, 1.08275433064e-09], "median": [3.9260408812e-05, 0.00270924670622, 0.000949586450588, 0.000986685394309, 0.00115641625598, 0.000679553137161, 0.000361642596545, 0.00048201638856, 0.000400017073844, 0.000333695410518, 0.000193493819097, 0.000293847755529, 0.000195376807824, 0.000232659469475, 0.000240612193011, 0.000223425900913, 0.000334441603627, 0.000260879402049, 0.000233551341807, 0.000185507029528, 0.000197375673451, 0.000185298064025, 0.000164273253176, 0.000171749939909, 0.000135364534799, 5.78557846893e-05, 3.24116490447e-06], "min": [2.12312150487e-25, 3.33520490523e-24, 3.28788863371e-24, 2.76713965928e-24, 6.82253848059e-24, 7.99408291068e-24, 1.12038325051e-23, 8.76993392185e-24, 1.68616951675e-23, 2.42049630983e-23, 1.95570119996e-23, 1.89494786621e-23, 3.90186980475e-23, 4.4070061569e-23, 4.07552680452e-23, 5.81226656515e-23, 7.97026940876e-23, 8.19960957548e-23, 1.86327746745e-22, 2.12675738844e-22, 2.85056844477e-22, 3.54191251059e-22, 3.94838186413e-22, 5.2685084035e-22, 9.27300061853e-22, 1.29559899842e-21, 1.93293570291e-21], "dvar": [8.87385454007e-08, 0.00016351287195, 5.22186091985e-05, 0.000109064741991, 3.69543631678e-05, 1.57829310865e-06, 1.772187602e-06, 2.36516848418e-06, 1.77139031621e-06, 1.70155180967e-06, 7.08776042302e-07, 7.58472992857e-07, 3.59895892643e-07, 5.65259938412e-07, 2.19824073611e-07, 2.27583640822e-07, 3.1270008094e-07, 1.14587798805e-07, 1.94525668462e-07, 4.94651288818e-08, 1.49232803892e-07, 2.56156681644e-07, 1.15276861834e-07, 1.1410721612e-07, 1.77166597837e-07, 6.43186055527e-08, 7.69352026531e-10], "mean": [0.000244402501266, 0.0114152897149, 0.00343636143953, 0.00356800272129, 0.00281889713369, 0.00115024973638, 0.000803588074632, 0.00106812617742, 0.00103387108538, 0.00101216230541, 0.000631855626125, 0.000677375763189, 0.000521264970303, 0.000609406619333, 0.000456763867987, 0.000463689444587, 0.00063208368374, 0.00041964801494, 0.000363162893336, 0.000263381196419, 0.000327875168296, 0.000341906852555, 0.000277139653917, 0.000300932879327, 0.000311023846734, 0.000179294263944, 1.88538524526e-05]}, "spectral_kurtosis": {"max": 76.4600906372, "dmean": 1.16545200348, "dvar2": 20.3686122894, "dmean2": 1.95345330238, "var": 23.4395236969, "median": 2.67568206787, "min": -1.25532066822, "dvar": 6.79944419861, "mean": 3.48250412941}, "erbbands_skewness": {"max": 2.85533738136, "dmean": 0.331995636225, "dvar2": 0.199688643217, "dmean2": 0.519513189793, "var": 0.350528329611, "median": 0.133661389351, "min": -2.52635622025, "dvar": 0.0857609957457, "mean": 0.169239237905}, "melbands": {"max": [0.0280212536454, 0.0359752587974, 0.0301149338484, 0.0142206028104, 0.00874023325741, 0.00452249543741, 0.0063333963044, 0.00634352909401, 0.00455303303897, 0.00316968350671, 0.0033794096671, 0.00386267853901, 0.00189736916218, 0.00161982956342, 0.00147951336112, 0.0011643191101, 0.0013329234207, 0.000927749089897, 0.000811049540062, 0.00061717646895, 0.00056320586009, 0.00152284116484, 0.000387997453799, 0.000241914007347, 0.000415309827076, 0.000150824285811, 0.000124463957036, 0.000138572679134, 8.45248505357e-05, 0.000109781816718, 0.000113829126349, 0.000177569541847, 7.87791723269e-05, 8.02296490292e-05, 5.15992978762e-05, 5.90752351854e-05, 4.48013561254e-05, 3.3292471926e-05, 4.67884383397e-05, 6.03547268838e-05], "dmean": [0.00190573278815, 0.00191559805535, 0.00166963413358, 0.000758662703447, 0.000236917519942, 0.000141009062645, 0.000125019607367, 0.000121597549878, 0.000172366868355, 0.000105339451693, 9.76788578555e-05, 9.49362874962e-05, 5.59860636713e-05, 5.51051671209e-05, 4.95442836836e-05, 3.43440988217e-05, 4.28468702012e-05, 3.02125281451e-05, 2.24440118473e-05, 2.11282040254e-05, 2.10329599213e-05, 2.12957147596e-05, 1.34977517519e-05, 1.03264810605e-05, 1.05243861981e-05, 8.04802857601e-06, 5.86977785133e-06, 4.83769008497e-06, 4.29925421486e-06, 5.20654702996e-06, 4.54357177659e-06, 6.32015780866e-06, 3.72789349967e-06, 3.58084321306e-06, 2.76116043096e-06, 2.6313143735e-06, 2.92931713375e-06, 2.1761015887e-06, 2.3093909931e-06, 2.6689558581e-06], "dvar2": [1.8665994503e-05, 2.60706929112e-05, 3.3869753679e-05, 7.70368660596e-06, 3.41218992617e-07, 1.40156473094e-07, 1.52538376597e-07, 1.53140874204e-07, 2.5898310696e-07, 9.74637828222e-08, 8.12145941609e-08, 8.36923348402e-08, 2.85718968485e-08, 2.08735020379e-08, 1.80440125064e-08, 1.00935073633e-08, 1.45980889599e-08, 6.13027983931e-09, 3.7883536308e-09, 3.27125460053e-09, 2.87013812716e-09, 3.57630924874e-09, 1.38114542025e-09, 6.41910247179e-10, 9.58145673913e-10, 5.42042077889e-10, 2.73081890434e-10, 1.75483724774e-10, 1.41801362319e-10, 2.31743027546e-10, 2.81399181734e-10, 6.29408303254e-10, 1.34083105729e-10, 1.32337890646e-10, 7.7290875089e-11, 5.63937785358e-11, 8.15645745389e-11, 3.64737753888e-11, 4.70589921198e-11, 7.27985866034e-11], "dmean2": [0.00262753968127, 0.00280282786116, 0.00271471799351, 0.00129726633895, 0.000388832471799, 0.000232260790654, 0.00020096640219, 0.000199820962735, 0.000287418602966, 0.000171316540218, 0.000157270362251, 0.000154002380441, 9.11359529709e-05, 9.04685439309e-05, 8.21008288767e-05, 5.55602127861e-05, 7.17477960279e-05, 5.07130935148e-05, 3.7855879782e-05, 3.49233159795e-05, 3.43625433743e-05, 3.49032779923e-05, 2.20222536882e-05, 1.70772600541e-05, 1.80973111128e-05, 1.37479100886e-05, 9.95271875581e-06, 8.10846995591e-06, 7.32164653527e-06, 8.90207229531e-06, 7.88295255916e-06, 1.11796462079e-05, 6.26298697171e-06, 6.01746478424e-06, 4.69776750833e-06, 4.46513558927e-06, 4.97843166158e-06, 3.66078029401e-06, 3.8877165025e-06, 4.54064684163e-06], "var": [2.10556299862e-05, 2.70264154096e-05, 1.15122084026e-05, 2.17502565647e-06, 1.71429618945e-07, 7.56876019636e-08, 8.82717898776e-08, 8.06551696542e-08, 1.30626517603e-07, 6.86617624979e-08, 6.12852417703e-08, 5.8961163063e-08, 2.18549551789e-08, 1.24785950462e-08, 1.06512230147e-08, 8.59162430089e-09, 9.10307740298e-09, 3.84841003509e-09, 2.2638975139e-09, 1.89892945812e-09, 2.56560972467e-09, 3.41568506812e-09, 1.17399900912e-09, 4.9355847187e-10, 4.36893993205e-10, 2.59972710026e-10, 1.42836312222e-10, 8.89589860109e-11, 6.32621177665e-11, 1.2884970868e-10, 8.29612489817e-11, 1.67758681946e-10, 6.53437720599e-11, 6.88324883202e-11, 2.93149463038e-11, 2.68464434711e-11, 2.93246572858e-11, 1.66435545901e-11, 2.07429091265e-11, 2.91117338569e-11], "median": [0.000715938280337, 0.000823301961645, 0.000568973366171, 0.000242972717388, 0.00017101308913, 0.00011436486966, 8.41488217702e-05, 7.30105311959e-05, 9.53655835474e-05, 5.6983804825e-05, 4.84936936118e-05, 3.97135081585e-05, 2.57813135249e-05, 3.17524172715e-05, 2.74957783404e-05, 1.9225934011e-05, 2.27579021157e-05, 2.07305020012e-05, 1.74059823621e-05, 1.51504318637e-05, 1.76179564733e-05, 1.91853068827e-05, 1.2175424672e-05, 1.20655731735e-05, 9.4547685876e-06, 7.81400558481e-06, 6.25887378192e-06, 5.3107810345e-06, 4.89910325996e-06, 5.00889154864e-06, 3.37921164828e-06, 3.39780422109e-06, 3.37337655765e-06, 3.05122307509e-06, 2.65470453087e-06, 2.39047017203e-06, 2.18930313167e-06, 1.84007035386e-06, 1.65282961007e-06, 1.35430582304e-06], "min": [1.52412265624e-24, 1.81813032675e-24, 3.29961643157e-24, 9.47686905827e-25, 1.95138333036e-24, 1.72735846897e-24, 3.62672608617e-24, 2.07215655444e-24, 1.535970854e-24, 2.39158566205e-24, 1.86746667384e-24, 3.45907145014e-24, 3.00752194596e-24, 2.33781414174e-24, 3.3788600733e-24, 2.97316015101e-24, 3.21425063757e-24, 2.357637033e-24, 4.04241042372e-24, 3.15685252646e-24, 5.18088659353e-24, 4.6957304315e-24, 3.89243771045e-24, 3.83904484337e-24, 3.36663430699e-24, 6.61816434157e-24, 3.8256823285e-24, 5.13251916485e-24, 6.56581434861e-24, 5.21349534234e-24, 6.29429158047e-24, 6.30928703742e-24, 5.37341125289e-24, 5.14108382769e-24, 4.92048834188e-24, 5.95158160982e-24, 5.94308123914e-24, 5.93313843629e-24, 6.72291560345e-24, 6.40611931911e-24], "dvar": [9.61265413935e-06, 1.2645012248e-05, 1.33619905682e-05, 2.83834265247e-06, 1.35991385264e-07, 5.47508314241e-08, 6.28760474797e-08, 6.01564380531e-08, 9.67286837295e-08, 3.99054513878e-08, 3.28418607864e-08, 3.32249818769e-08, 1.10996500879e-08, 8.24554824419e-09, 6.95600199663e-09, 4.02807431854e-09, 5.63377655638e-09, 2.35934671799e-09, 1.37856381865e-09, 1.28665367249e-09, 1.14394471673e-09, 1.40142908389e-09, 5.39554900758e-10, 2.48401327285e-10, 3.51657897246e-10, 2.02289462958e-10, 1.02432805293e-10, 6.68004193627e-11, 5.22146388626e-11, 8.72629260518e-11, 1.00439989659e-10, 2.23806459476e-10, 5.05365679859e-11, 5.00646503421e-11, 2.8098046459e-11, 2.11264460787e-11, 2.9935953022e-11, 1.35919834415e-11, 1.75575682465e-11, 2.74182360843e-11], "mean": [0.00283816712908, 0.00296400231309, 0.00164791056886, 0.000701481651049, 0.00030786060961, 0.00019954952586, 0.000167250997038, 0.000163324642926, 0.000222257804126, 0.000148008519318, 0.000139518117066, 0.000130714848638, 8.2182486949e-05, 7.50763938413e-05, 6.60569858155e-05, 5.28034870513e-05, 6.02793588769e-05, 4.33927270933e-05, 3.42535386153e-05, 3.10744690069e-05, 3.52866991307e-05, 3.82229773095e-05, 2.47946900345e-05, 1.90321625269e-05, 1.64197244885e-05, 1.28497140395e-05, 9.91116394289e-06, 7.92141872807e-06, 7.21491505828e-06, 9.12565155886e-06, 6.23723462922e-06, 7.35741878088e-06, 5.924294328e-06, 5.93645881963e-06, 4.29611054642e-06, 4.05669152315e-06, 4.00572389481e-06, 3.25681503455e-06, 3.30263969772e-06, 3.21599054587e-06]}, "spectral_centroid": {"max": 11536.3583984, "dmean": 361.950195313, "dvar2": 418120.65625, "dmean2": 568.518920898, "var": 773990.9375, "median": 1592.94067383, "min": 188.12689209, "dvar": 178335.328125, "mean": 1607.4140625}, "pitch_salience": {"max": 0.907693743706, "dmean": 0.0970683172345, "dvar2": 0.0199414528906, "dmean2": 0.155110657215, "var": 0.0254100952297, "median": 0.580952107906, "min": 0.0794785767794, "dvar": 0.0083184549585, "mean": 0.550498247147}, "gfcc": {"icov": [[0.000169126942637, -0.00010957680206, 9.52324699028e-05, -8.15795283415e-05, 0.000153231056174, -0.000368915993022, 0.000238841748796, -0.000300920219161, 0.000462568161311, -0.000528453907464, 0.000731945503503, -0.000639526697341, 0.0004770855885], [-0.00010957680206, 0.00193576037418, 3.76178759325e-05, -0.000183742973604, -0.000779390276875, 0.00122488162015, -0.00124984234571, 0.000987961422652, -0.00163532607257, 0.00265841092914, -0.00291575235315, 0.00298913987353, -0.00191342120524], [9.52324699028e-05, 3.76178759325e-05, 0.00196880358271, -0.000362830003724, -0.00126858556177, 0.00052020966541, -0.000624539563432, -0.000106677602162, 0.00100381684024, -0.00135550182313, 0.00120456551667, -0.00172904890496, 0.000896020850632], [-8.15795283415e-05, -0.000183742973604, -0.000362830003724, 0.00424967193976, -0.000158094931976, -0.00227606133558, 0.00120071147103, 0.000147564176586, -0.00223658792675, 0.000716602080502, -0.00207356037572, 0.00224534422159, -0.0010559335351], [0.000153231056174, -0.000779390276875, -0.00126858556177, -0.000158094931976, 0.00760158943012, -0.0036362784449, -0.00167766830418, 0.00102641445119, -0.00167262600735, -0.00188236543909, 0.00277393450961, -0.00225591962226, 0.000205989170354], [-0.000368915993022, 0.00122488162015, 0.00052020966541, -0.00227606133558, -0.0036362784449, 0.0118593424559, -0.00449455203488, -0.00293296249583, 0.0050670071505, -0.00246695708483, 0.000241740723141, 0.00154324178584, -0.00201790733263], [0.000238841748796, -0.00124984234571, -0.000624539563432, 0.00120071147103, -0.00167766830418, -0.00449455203488, 0.0117065794766, -0.00120061065536, -0.00201743701473, 0.00254680542275, -0.00389020144939, 0.00165976898279, 0.000319885555655], [-0.000300920219161, 0.000987961422652, -0.000106677602162, 0.000147564176586, 0.00102641445119, -0.00293296249583, -0.00120061065536, 0.01306153927, -0.00866831280291, 0.00072253664257, 0.00280994107015, -0.00340847065672, -0.00120281497948], [0.000462568161311, -0.00163532607257, 0.00100381684024, -0.00223658792675, -0.00167262600735, 0.0050670071505, -0.00201743701473, -0.00866831280291, 0.018894424662, -0.00689336238429, -0.000320606195601, 0.000173061445821, 0.000446341757197], [-0.000528453907464, 0.00265841092914, -0.00135550182313, 0.000716602080502, -0.00188236543909, -0.00246695708483, 0.00254680542275, 0.00072253664257, -0.00689336238429, 0.0195438172668, -0.0104155419394, 0.00350094214082, -0.00192114140373], [0.000731945503503, -0.00291575235315, 0.00120456551667, -0.00207356037572, 0.00277393450961, 0.000241740723141, -0.00389020144939, 0.00280994107015, -0.000320606195601, -0.0104155419394, 0.0271716676652, -0.0146235767752, 0.00258912984282], [-0.000639526697341, 0.00298913987353, -0.00172904890496, 0.00224534422159, -0.00225591962226, 0.00154324178584, 0.00165976898279, -0.00340847065672, 0.000173061445821, 0.00350094214082, -0.0146235767752, 0.0291432142258, -0.0116219418123], [0.0004770855885, -0.00191342120524, 0.000896020850632, -0.0010559335351, 0.000205989170354, -0.00201790733263, 0.000319885555655, -0.00120281497948, 0.000446341757197, -0.00192114140373, 0.00258912984282, -0.0116219418123, 0.022428015247]], "cov": [[13915.0292969, -2693.27636719, 67.3599243164, -40.7205619812, -119.152549744, 796.281433105, -603.502319336, 434.313079834, -540.316467285, 376.527862549, -505.707580566, 248.791122437, -195.436920166], [-2693.27636719, 1865.38269043, -214.160171509, 133.87411499, 57.9372596741, -262.179382324, 281.54498291, -157.48526001, 220.473861694, -192.004440308, 191.491195679, -140.124053955, 79.1590652466], [67.3599243164, -214.160171509, 768.416381836, 53.3402404785, 208.044342041, 111.64175415, 57.1704101563, 47.0548820496, -5.67590236664, 92.1719055176, -2.95450758934, 66.8032684326, 4.9166970253], [-40.7205619812, 133.87411499, 53.3402404785, 337.73236084, 81.1185531616, 81.9678497314, 48.8040237427, 38.4804153442, 69.492477417, 31.7958679199, 39.1912269592, -7.65955781937, 26.901966095], [-119.152549744, 57.9372596741, 208.044342041, 81.1185531616, 273.070831299, 120.253875732, 99.5879058838, 41.0280265808, 46.2035865784, 51.7304496765, 18.6782283783, 24.7973804474, 26.2816085815], [796.281433105, -262.179382324, 111.64175415, 81.9678497314, 120.253875732, 242.766204834, 39.5353736877, 78.742515564, -28.0852622986, 69.5425643921, -22.0876369476, 33.079624176, 10.6970615387], [-603.502319336, 281.54498291, 57.1704101563, 48.8040237427, 99.5879058838, 39.5353736877, 187.871841431, 14.9577436447, 64.6029434204, -7.68695735931, 53.3393630981, -8.49731636047, 25.1311740875], [434.313079834, -157.48526001, 47.0548820496, 38.4804153442, 41.0280265808, 78.742515564, 14.9577436447, 159.648330688, 52.5134010315, 50.0072517395, -8.04095840454, 38.5442657471, 16.4538536072], [-540.316467285, 220.473861694, -5.67590236664, 69.492477417, 46.2035865784, -28.0852622986, 64.6029434204, 52.5134010315, 145.557800293, 24.4383144379, 51.6256217957, -0.212757393718, 25.8717517853], [376.527862549, -192.004440308, 92.1719055176, 31.7958679199, 51.7304496765, 69.5425643921, -7.68695735931, 50.0072517395, 24.4383144379, 119.353134155, 20.4050712585, 36.6844902039, 8.38897323608], [-505.707580566, 191.491195679, -2.95450758934, 39.1912269592, 18.6782283783, -22.0876369476, 53.3393630981, -8.04095840454, 51.6256217957, 20.4050712585, 98.5797348022, 21.9481906891, 26.4200992584], [248.791122437, -140.124053955, 66.8032684326, -7.65955781937, 24.7973804474, 33.079624176, -8.49731636047, 38.5442657471, -0.212757393718, 36.6844902039, 21.9481906891, 81.4178771973, 27.4632205963], [-195.436920166, 79.1590652466, 4.9166970253, 26.901966095, 26.2816085815, 10.6970615387, 25.1311740875, 16.4538536072, 25.8717517853, 8.38897323608, 26.4200992584, 27.4632205963, 69.197807312]], "mean": [21.8883190155, 67.3386917114, -105.131011963, 35.1157493591, -55.724647522, 20.3199195862, -36.0653343201, 13.433508873, -23.2352161407, 2.62173223495, -19.6185321808, 1.09288728237, -14.0433359146]}, "spectral_flux": {"max": 0.317809343338, "dmean": 0.0316855087876, "dvar2": 0.00276829651557, "dmean2": 0.0496180988848, "var": 0.00397831108421, "median": 0.0993428081274, "min": 6.42466149725e-11, "dvar": 0.00125743134413, "mean": 0.107833094895}, "zerocrossingrate": {"max": 0.52587890625, "dmean": 0.016035636887, "dvar2": 0.000375761388568, "dmean2": 0.0191532671452, "var": 0.00272220559418, "median": 0.07177734375, "min": 0.00244140625, "dvar": 0.000286093127215, "mean": 0.0784825086594}, "spectral_energyband_middle_low": {"max": 0.106578178704, "dmean": 0.00747404713184, "dvar2": 0.000460352748632, "dmean2": 0.0119638517499, "var": 0.000184541335329, "median": 0.00666109425947, "min": 1.40998246652e-22, "dvar": 0.000186360892258, "mean": 0.0107397027314}, "silence_rate_20dB": {"max": 1, "dmean": 0, "dvar2": 0, "dmean2": 0, "var": 0, "median": 1, "min": 1, "dvar": 0, "mean": 1}, "silence_rate_30dB": {"max": 1, "dmean": 0.00217828410678, "dvar2": 0.00601304788142, "dmean2": 0.004356933292, "var": 0.00133865315001, "median": 1, "min": 0, "dvar": 0.00217307917774, "mean": 0.998659610748}, "spectral_entropy": {"max": 9.82314300537, "dmean": 0.157477349043, "dvar2": 0.0707800462842, "dmean2": 0.247016713023, "var": 0.198870480061, "median": 8.01913928986, "min": 5.58370256424, "dvar": 0.0308306738734, "mean": 7.94274950027}, "spectral_rolloff": {"max": 19853.6132813, "dmean": 965.043212891, "dvar2": 5405196, "dmean2": 1626.79528809, "var": 4796674, "median": 1399.65820313, "min": 64.599609375, "dvar": 2236651.5, "mean": 2002.06774902}, "spectral_complexity": {"max": 57, "dmean": 5.46682310104, "dvar2": 75.1858215332, "dmean2": 8.07876014709, "var": 170.77180481, "median": 24, "min": 0, "dvar": 37.0969657898, "mean": 23.6805725098}, "spectral_spread": {"max": 42250040, "dmean": 675579.625, "dvar2": 1520003317760.0, "dmean2": 1000280.4375, "var": 756110