{"tonal": {"chords_number_rate": 0.00212681107223, "thpcp": [1, 0.549509644508, 0.318424522877, 0.470242142677, 0.319770544767, 0.238730072975, 0.237271293998, 0.160753503442, 0.356636375189, 0.530350267887, 0.31812736392, 0.170500263572, 0.216466829181, 0.24337464571, 0.531726419926, 0.762872755527, 0.428379029036, 0.115685224533, 0.0925714671612, 0.118247210979, 0.337712466717, 0.46518445015, 0.282519906759, 0.544070720673, 0.753083050251, 0.37255397439, 0.300131291151, 0.409717440605, 0.294590294361, 0.52620857954, 0.787025153637, 0.41295966506, 0.110142290592, 0.116220891476, 0.148654699326, 0.626052439213], "hpcp": {"dvar": [0.0190491918474, 0.0155790997669, 0.0151458326727, 0.0196993276477, 0.0202444773167, 0.0202673431486, 0.023893488571, 0.0153112281114, 0.011191402562, 0.014098838903, 0.0157136861235, 0.0223312731832, 0.0267707426101, 0.0220384020358, 0.0138241257519, 0.0146648585796, 0.0153942583129, 0.0163456816226, 0.0135116418824, 0.0183870252222, 0.0257208831608, 0.0291741471738, 0.020588060841, 0.021796811372, 0.0204058587551, 0.0234949793667, 0.026261895895, 0.0265190973878, 0.0189480409026, 0.0144358687103, 0.0122432727367, 0.0105986390263, 0.0173608791083, 0.0182372219861, 0.0168654862791, 0.0166050679982], "mean": [0.198062315583, 0.0979824215174, 0.0789351165295, 0.107756488025, 0.0774778202176, 0.138393878937, 0.20698915422, 0.108609199524, 0.0289676375687, 0.0305663216859, 0.0390964746475, 0.164653018117, 0.263001948595, 0.144522100687, 0.0837462693453, 0.123674601316, 0.0841002762318, 0.062786474824, 0.0624028109014, 0.04227848351, 0.0937960594893, 0.13948315382, 0.0836681202054, 0.0448419004679, 0.0569311976433, 0.0640080049634, 0.139845088124, 0.200637027621, 0.112664520741, 0.0304254386574, 0.0243464764208, 0.0310992468148, 0.0888190343976, 0.12234441936, 0.0743032842875, 0.143091663718], "min": [0, 0, 0, 0, 0, 0, 0, 0, 0, 0, 0, 0, 0, 0, 0, 0, 0, 0, 0, 0, 0, 0, 0, 0, 0, 0, 0, 0, 0, 0, 0, 0, 0, 0, 0, 0], "median": [0.00321347592399, 0.00639462051913, 0.0019629325252, 0.00173542648554, 0.00299970968626, 0.00567542202771, 0.00595144601539, 0.0048945415765, 0.000511341029778, 0.000335975753842, 0.000908990681637, 0.0237590149045, 0.0430054217577, 0.0247070323676, 0.00266192271374, 0.000849441741593, 0.00153574498836, 0.00151397043373, 0.00100314535666, 0.00140229123645, 0.00287676928565, 0.00404212856665, 0.00472793448716, 0.00202568853274, 0.00195383327082, 0.0034516043961, 0.0221259128302, 0.0226247124374, 0.01093741972, 0.000761222443543, 0.000285239075311, 0.000528411823325, 0.0048078703694, 0.00688183261082, 0.010752745904, 0.00422435533255], "dvar2": [0.0424008406699, 0.0412428081036, 0.0370435789227, 0.0467527396977, 0.050757098943, 0.0508845560253, 0.0523546077311, 0.0384388528764, 0.0306701418012, 0.038607224822, 0.0409852005541, 0.0537494160235, 0.0588665902615, 0.056016549468, 0.0357735417783, 0.0347771272063, 0.0413362719119, 0.0438353829086, 0.0350457578897, 0.0514242835343, 0.0621279776096, 0.0647549256682, 0.0538484342396, 0.0611504949629, 0.0521749444306, 0.0598439909518, 0.0633209571242, 0.0617044568062, 0.0494003370404, 0.0407476238906, 0.0352039188147, 0.0291386879981, 0.0463284887373, 0.0449257753789, 0.0447369962931, 0.0410217195749], "var": [0.116834022105, 0.0280263498425, 0.0413032956421, 0.0629616603255, 0.0349690429866, 0.0593559108675, 0.126093566418, 0.0411183424294, 0.011649293825, 0.0163784977049, 0.0162828750908, 0.0656739398837, 0.13774895668, 0.0506526678801, 0.0326693952084, 0.0781024768949, 0.037770871073, 0.035112015903, 0.0360952727497, 0.0172006189823, 0.0435470417142, 0.0802716910839, 0.0325762592256, 0.0178429484367, 0.0277772601694, 0.0275710038841, 0.0563021451235, 0.101075425744, 0.0429764948785, 0.0117675736547, 0.0134084681049, 0.0155491642654, 0.039896491915, 0.0703446269035, 0.024702841416, 0.063055485487], "dmean2": [0.0845747664571, 0.0870860740542, 0.0694445669651, 0.0827137678862, 0.0893091633916, 0.0975008308887, 0.0948091223836, 0.0791895315051, 0.0497679822147, 0.0505697950721, 0.0688573494554, 0.118500553071, 0.11990237236, 0.12072853744, 0.0786834210157, 0.0641498938203, 0.0749044716358, 0.0681484043598, 0.059131693095, 0.0792148709297, 0.105675540864, 0.112864606082, 0.100621461868, 0.094745375216, 0.0884196907282, 0.105034127831, 0.13132442534, 0.123185835779, 0.100438863039, 0.0673951655626, 0.0503397807479, 0.051578886807, 0.0815217941999, 0.0806418433785, 0.0896204337478, 0.09250035882], "max": [1, 1, 1, 1, 1, 1, 1, 1, 1, 1, 1, 1, 1, 1, 1, 1, 1, 1, 1, 1, 1, 1, 1, 1, 1, 1, 1, 1, 1, 1, 1, 1, 1, 1, 1, 1], "dmean": [0.0521433912218, 0.0510497055948, 0.0409684889019, 0.0495162084699, 0.0523099564016, 0.0579504221678, 0.0583214201033, 0.0470562800765, 0.0275478493422, 0.0278599113226, 0.0388992205262, 0.0715494453907, 0.0740139037371, 0.0729664415121, 0.046473518014, 0.0384577773511, 0.0436525084078, 0.0395191907883, 0.0346364341676, 0.0444729849696, 0.0641078129411, 0.0680646076798, 0.0597041174769, 0.0522529892623, 0.0510527789593, 0.0618180446327, 0.079400151968, 0.0763602554798, 0.060333956033, 0.0374007336795, 0.0269933715463, 0.0289285816252, 0.0480965822935, 0.0485442616045, 0.0521182082593, 0.0550687387586]}, "key_strength": 0.647674918175, "chords_strength": {"dvar": 4.39859395556e-05, "mean": 0.527695119381, "min": 0.231163322926, "median": 0.526285290718, "dvar2": 3.33229800162e-05, "var": 0.00780448736623, "dmean2": 0.00521844811738, "max": 0.791895329952, "dmean": 0.00751580670476}, "tuning_equal_tempered_deviation": 0.0171189792454, "chords_key": "F#", "tuning_frequency": 440, "chords_scale": "major", "chords_changes_rate": 0.0354911610484, "key_scale": "minor", "tuning_diatonic_strength": 0.399235188961, "hpcp_entropy": {"dvar": 0.183184936643, "mean": 1.47110152245, "min": 0, "median": 1.52730083466, "dvar2": 0.457359969616, "var": 0.442536056042, "dmean2": 0.664136469364, "max": 3.95827937126, "dmean": 0.399982511997}, "chords_histogram": [4.12069654465, 15.2864551544, 5.29044246674, 5.41007566452, 3.15033888817, 4.83849525452, 2.61863613129, 16.2302265167, 4.09411144257, 6.27409267426, 0, 4.74544715881, 1.30267179012, 0.797554194927, 0.239266246557, 4.17386674881, 2.83131718636, 0.172803401947, 0.398777097464, 0.850724458694, 0.757676482201, 0.2525588274, 4.66569185257, 11.4980726242], "tuning_nontempered_energy_ratio": 0.624192774296, "key_key": "F#"}, "metadata": {"version": {"extractor": "music 1.0", "essentia_build_sha": "70f2e5ece6736b2c40cc944ad0e695b16b925413", "essentia": "2.1-beta2", "essentia_git_sha": "v2.1_beta2"}, "audio_properties": {"sample_rate": 44100, "length": 349.309387207, "lossless": false, "analysis_sample_rate": 44100, "downmix": "mix", "bit_rate": 256019, "equal_loudness": 0, "md5_encoded": "80d92c7820fc0441584d620387e4ca50", "codec": "mp3", "replay_gain": -10.6866836548}, "tags": {"genre": ["Pop"], "length": ["350"], "artist": ["Janove Ottesen"], "date": ["2004"], "musicbrainz_recordingid": ["e2f64f5d-c5ae-4580-afc4-859ac22b5be3"], "file_name": "2225015.mp3", "title": ["Wonderful Show"], "tracknumber": ["12"], "album": ["Wonderful Show"], "discnumber": ["1"]}}, "lowlevel": {"melbands": {"dvar": [5.16276656981e-07, 4.47180354968e-06, 1.31539572976e-05, 2.03773288376e-06, 3.70240883285e-07, 5.73941498772e-08, 1.31565286665e-07, 7.73992212544e-08, 2.19942766222e-08, 9.76175229539e-09, 4.09177181027e-09, 1.66047264827e-09, 1.59466340133e-09, 4.91179930062e-10, 2.10773606901e-10, 3.26227378444e-10, 7.3915804033e-11, 2.22116543908e-11, 3.01250344115e-11, 2.65001800885e-12, 2.64569702951e-12, 5.73084158254e-12, 5.75695220661e-12, 1.66947391241e-12, 8.92774049133e-12, 9.08064769212e-12, 4.74645843462e-12, 1.85760469507e-11, 2.20285300417e-11, 2.56780655766e-11, 3.37702157904e-11, 7.91463249106e-12, 2.15458141779e-12, 1.17217552938e-12, 2.67065232776e-12, 1.26794939565e-12, 9.55967726854e-13, 8.4052290952e-13, 2.3936682172e-13, 1.06222078659e-13], "mean": [0.000808147888165, 0.00226050359197, 0.00294665596448, 0.0022705916781, 0.00116868747864, 0.000380263634725, 0.000369569839677, 0.000268502481049, 0.000178656511707, 8.42390290927e-05, 4.46603335149e-05, 2.93237335427e-05, 1.7467631551e-05, 1.24613206935e-05, 6.95960079611e-06, 7.37147956897e-06, 4.26790484198e-06, 4.49768231192e-06, 3.02226430904e-06, 1.56475266522e-06, 1.39808366839e-06, 1.42406929626e-06, 1.20277832139e-06, 7.21255048575e-07, 9.16025783226e-07, 1.08249093955e-06, 8.23493053304e-07, 8.10006440588e-07, 6.87982208092e-07, 7.64046660606e-07, 7.88591876244e-07, 5.38163533292e-07, 4.06852876722e-07, 3.32597721808e-07, 3.6526068925e-07, 2.68520778945e-07, 2.39262931245e-07, 2.08549110425e-07, 1.14927125594e-07, 6.8887850091e-08], "min": [1.70095135017e-24, 2.03514418684e-24, 2.78732286275e-24, 3.69847180221e-24, 2.02724591424e-24, 2.70917711819e-24, 1.64285647766e-24, 2.0707922195e-24, 3.08532059173e-24, 2.82747174131e-24, 3.10847543423e-24, 1.64115470748e-24, 2.78235303905e-24, 2.30889055665e-24, 2.40452712242e-24, 5.53192811863e-24, 3.55738955134e-24, 3.88480469233e-24, 3.53800329459e-24, 1.56799979004e-24, 6.27682146687e-24, 5.13756669135e-24, 4.65697803396e-24, 2.97556124639e-24, 5.86272944506e-24, 5.09041292517e-24, 3.85020761961e-24, 5.05837965039e-24, 3.25266993859e-24, 5.8010409167e-24, 5.06488459742e-24, 5.84258351526e-24, 5.74252045373e-24, 4.55238533312e-24, 6.18226347117e-24, 7.82437920845e-24, 5.55118973535e-24, 5.39980653878e-24, 6.64295035121e-24, 6.840985204e-24], "median": [7.52300475142e-05, 0.00132349471096, 0.00145417789463, 0.00120435305871, 0.000710761349183, 0.000172250394826, 8.6023734184e-05, 5.83717264817e-05, 3.96558534703e-05, 1.58000111696e-05, 1.01747045846e-05, 9.63352249528e-06, 3.34304581884e-06, 2.33899527302e-06, 1.06986419723e-06, 1.31972387862e-06, 1.05777235149e-06, 1.27146199702e-06, 9.43687439303e-07, 4.61364095372e-07, 4.40649444045e-07, 4.00702475645e-07, 3.38106502795e-07, 2.17455593088e-07, 2.46096192313e-07, 2.49285193377e-07, 1.53598293196e-07, 1.04141683721e-07, 5.60665220917e-08, 5.52608767634e-08, 5.55230421639e-08, 5.78617438407e-08, 3.95797528085e-08, 5.15903231246e-08, 3.18966577595e-08, 1.9534427409e-08, 1.48936978306e-08, 7.87610865416e-09, 4.14043999086e-09, 3.41743411347e-09], "dvar2": [1.43146098708e-06, 1.24288371808e-05, 3.16317018587e-05, 5.22434720551e-06, 9.20264824344e-07, 1.13063485685e-07, 2.4367565743e-07, 1.35924281608e-07, 4.59483189275e-08, 1.87511126626e-08, 7.50396722538e-09, 2.71209099623e-09, 3.27435789593e-09, 1.09211739652e-09, 4.44566078395e-10, 6.86668777394e-10, 1.55977314398e-10, 5.16783976723e-11, 7.06045846788e-11, 5.97903367441e-12, 6.86788083001e-12, 1.49298802488e-11, 1.35525271561e-11, 3.62071939271e-12, 2.21581503146e-11, 1.95592014807e-11, 1.00065416023e-11, 4.85226303581e-11, 5.1183880051e-11, 5.92537546806e-11, 8.93752710729e-11, 1.86305641053e-11, 4.78266384829e-12, 2.71368973299e-12, 6.49006152639e-12, 2.63920461006e-12, 1.96965360688e-12, 1.79541548729e-12, 4.79553083441e-13, 2.5314117664e-13], "var": [3.77450874112e-06, 9.83546578937e-06, 2.48304113484e-05, 9.01443672774e-06, 1.94481526705e-06, 3.56219516107e-07, 8.11610505025e-07, 3.88732985357e-07, 1.35863331252e-07, 4.88102820384e-08, 2.23577441005e-08, 6.27902307926e-09, 4.04930267095e-09, 1.34971600563e-09, 7.1750166919e-10, 1.12496456595e-09, 2.16851134272e-10, 7.48090894787e-11, 7.59492607694e-11, 1.01430261759e-11, 7.04324142412e-12, 1.22143259049e-11, 1.3378948123e-11, 5.20163426221e-12, 1.22607219516e-11, 1.92085375383e-11, 1.0345054674e-11, 1.98001493673e-11, 2.98406195587e-11, 4.3286003254e-11, 4.54576133679e-11, 1.37275338666e-11, 5.0779207228e-12, 2.27965584777e-12, 4.32445355567e-12, 2.7826339323e-12, 2.23792295459e-12, 1.73312232621e-12, 5.77326435356e-13, 1.78286706687e-13], "dmean2": [0.00034947655513, 0.00151319394354, 0.00203354703262, 0.00107451342046, 0.000515356659889, 0.000137200622703, 0.00012077260908, 9.57247175393e-05, 5.84109075135e-05, 3.31262017426e-05, 1.83555221156e-05, 1.29462223413e-05, 9.35996649787e-06, 7.77000423113e-06, 4.05323635277e-06, 4.61476065539e-06, 2.91078049486e-06, 2.9280556646e-06, 2.12011855183e-06, 1.01393072782e-06, 1.08160918444e-06, 1.11151314286e-06, 9.98831183097e-07, 5.1611868912e-07, 6.85532654643e-07, 8.10611368252e-07, 6.64416916152e-07, 7.85738734521e-07, 8.00298550985e-07, 7.33383330953e-07, 7.83072607646e-07, 4.71808846214e-07, 3.36927200806e-07, 2.73212691582e-07, 3.39752830314e-07, 2.36084019889e-07, 2.15708055862e-07, 1.956129978e-07, 1.0750485302e-07, 6.88160142204e-08], "max": [0.0268628001213, 0.0492011010647, 0.0805080160499, 0.0237253680825, 0.0120156956837, 0.00678951572627, 0.0299043189734, 0.0140702165663, 0.0100612873212, 0.00493895169348, 0.00551015324891, 0.0026052466128, 0.00207220180891, 0.00120346317999, 0.000898216909263, 0.000958610267844, 0.000573600060306, 0.000182471281732, 0.000312551361276, 5.42119960301e-05, 3.93286645703e-05, 0.000112423527753, 0.000138118717587, 9.37033400987e-05, 0.000247444579145, 0.00022136203188, 8.27113981359e-05, 0.000319679442327, 0.000378627999453, 0.000395772338379, 0.00042631404358, 0.000230649602599, 5.90205381741e-05, 5.18541964993e-05, 9.73936112132e-05, 4.86612407258e-05, 4.01348079322e-05, 4.31777807535e-05, 2.01891034521e-05, 1.99046644411e-05], "dmean": [0.000226525808102, 0.000942486745771, 0.00132840126753, 0.000711102562491, 0.000343707302818, 0.000103384561953, 9.32608236326e-05, 7.54162465455e-05, 4.58440626971e-05, 2.58961099462e-05, 1.45124213304e-05, 1.02130461528e-05, 6.78025435263e-06, 5.37479172635e-06, 2.87335410576e-06, 3.21383231494e-06, 1.95991628971e-06, 1.95079201148e-06, 1.41974203416e-06, 6.79923289226e-07, 6.84977806031e-07, 7.09645007646e-07, 6.40729012957e-07, 3.34485406484e-07, 4.3817718165e-07, 5.41533893283e-07, 4.41969262965e-07, 4.93213690334e-07, 5.05380000959e-07, 5.03258604567e-07, 5.19837954016e-07, 3.23670036551e-07, 2.24349022915e-07, 1.83756910133e-07, 2.24061423637e-07, 1.61848888069e-07, 1.48293239022e-07, 1.3422558709e-07, 7.35994447609e-08, 4.56698430185e-08]}, "spectral_decrease": {"dvar": 1.71580999127e-17, "mean": -8.24652612863e-09, "min": -7.69545209778e-08, "median": -6.76491485052e-09, "dvar2": 4.0851505691e-17, "var": 5.47507108592e-17, "dmean2": 3.21051984997e-09, "max": 1.58973648366e-28, "dmean": 2.11977191356e-09}, "spectral_rolloff": {"dvar": 190615.296875, "mean": 464.997009277, "min": 86.1328125, "median": 301.46484375, "dvar2": 383128.3125, "var": 1123534, "dmean2": 145.398269653, "max": 19336.8164062, "dmean": 87.2955322266}, "melbands_crest": {"dvar": 6.10903596878, "mean": 17.1412982941, "min": 1.00143933296, "median": 16.4666862488, "dvar2": 16.7972583771, "var": 28.3817310333, "dmean2": 3.63486838341, "max": 33.8871269226, "dmean": 2.28141665459}, "barkbands_skewness": {"dvar": 0.600129544735, "mean": 2.7845621109, "min": -2.7204144001, "median": 2.48959255219, "dvar2": 1.4393351078, "var": 3.2093269825, "dmean2": 0.821887671947, "max": 25.3855628967, "dmean": 0.544351577759}, "spectral_centroid": {"dvar": 39883.515625, "mean": 433.551879883, "min": 113.11554718, "median": 321.969940186, "dvar2": 65449.03125, "var": 363426.375, "dmean2": 90.4421157837, "max": 11611.3564453, "dmean": 62.7495422363}, "spectral_energyband_middle_low": {"dvar": 0.000163769916981, "mean": 0.022142611444, "min": 1.86309470415e-22, "median": 0.0166707132012, "dvar2": 0.000383800914278, "var": 0.000496961758472, "dmean2": 0.00907206535339, "max": 0.267767488956, "dmean": 0.00609705457464}, "erbbands_crest": {"dvar": 3.97459840775, "mean": 12.4579486847, "min": 2.02422690392, "median": 11.7065172195, "dvar2": 10.0209951401, "var": 22.4255065918, "dmean2": 2.70707416534, "max": 30.8123722076, "dmean": 1.78416371346}, "dynamic_complexity": 4.43454217911, "spectral_energyband_low": {"dvar": 0.000104835489765, "mean": 0.0122364163399, "min": 2.81431239756e-23, "median": 0.00752867152914, "dvar2": 0.000281596760033, "var": 0.000243797941948, "dmean2": 0.00744724506512, "max": 0.16892015934, "dmean": 0.00467558717355}, "silence_rate_60dB": {"dvar": 0.0151877552271, "mean": 0.105682954192, "min": 0, "median": 0, "dvar2": 0.0342772156, "var": 0.0945032835007, "dmean2": 0.0308449119329, "max": 1, "dmean": 0.0154214305803}, "erbbands_kurtosis": {"dvar": 25.2945804596, "mean": 7.92865371704, "min": -1.91849708557, "median": 4.60724258423, "dvar2": 54.7294197083, "var": 141.312667847, "dmean2": 3.57224869728, "max": 242.373855591, "dmean": 2.3980152607}, "spectral_complexity": {"dvar": 1.89855110645, "mean": 7.89690923691, "min": 0, "median": 8, "dvar2": 3.92663550377, "var": 15.5419387817, "dmean2": 1.71136081219, "max": 43, "dmean": 1.05889391899}, "barkbands_crest": {"dvar": 3.56903076172, "mean": 12.9995985031, "min": 3.39210414886, "median": 11.9930553436, "dvar2": 9.47224330902, "var": 20.6112041473, "dmean2": 2.79231786728, "max": 26.7059593201, "dmean": 1.77522885799}, "spectral_energy": {"dvar": 0.000251940015005, "mean": 0.0319010838866, "min": 1.00846443316e-20, "median": 0.0261803679168, "dvar2": 0.000599131046329, "var": 0.000810540863313, "dmean2": 0.0123319318518, "max": 0.295231193304, "dmean": 0.00814898777753}, "spectral_spread": {"dvar": 354963488768, "mean": 3200627.75, "min": 532939.4375, "median": 2795672.5, "dvar2": 636829761536, "var": 5212068118530.0, "dmean2": 644072.5625, "max": 41850464, "dmean": 415992.65625}, "spectral_contrast_valleys": {"dvar": [0.135223969817, 0.0845667272806, 0.0960847437382, 0.103600285947, 0.112156309187, 0.110417589545], "mean": [-7.60057449341, -7.60738515854, -8.92694759369, -9.75112438202, -9.80697727203, -12.001704216], "min": [-28.1732940674, -28.2071151733, -27.660982132, -27.6786365509, -27.4979133606, -27.3739204407], "median": [-7.41071271896, -7.37563848495, -8.68545913696, -9.50233364105, -9.60267829895, -12.1994752884], "dvar2": [0.29333153367, 0.173129037023, 0.179216071963, 0.184034258127, 0.177373200655, 0.167192772031], "var": [2.28514456749, 2.06029272079, 2.08363103867, 2.01754236221, 1.99943721294, 1.74172997475], "dmean2": [0.58257484436, 0.414149492979, 0.441559076309, 0.414324641228, 0.359295845032, 0.315813332796], "max": [-4.86440229416, -4.78693819046, -5.42150115967, -6.69462585449, -5.92618131638, -7.75485420227], "dmean": [0.367700725794, 0.262885898352, 0.288522481918, 0.278600275517, 0.261462330818, 0.233744457364]}, "spectral_rms": {"dvar": 8.77620323081e-07, "mean": 0.00500056520104, "min": 3.13666649078e-12, "median": 0.00505389180034, "dvar2": 1.94079893845e-06, "var": 6.11739596934e-06, "dmean2": 0.000920813530684, "max": 0.0169714596123, "dmean": 0.00062363903271}, "barkbands_spread": {"dvar": 18.3636989594, "mean": 5.39602994919, "min": 0.0892558991909, "median": 3.3058116436, "dvar2": 37.1912307739, "var": 71.5059127808, "dmean2": 2.13933467865, "max": 91.8596038818, "dmean": 1.44603335857}, "pitch_salience": {"dvar": 0.00275336392224, "mean": 0.511653900146, "min": 0.0814051628113, "median": 0.523342847824, "dvar2": 0.00733203673735, "var": 0.0150339463726, "dmean2": 0.0787166059017, "max": 0.996023237705, "dmean": 0.0495810098946}, "erbbands_skewness": {"dvar": 0.21412409842, "mean": 1.8529099226, "min": -4.45149183273, "median": 1.70097208023, "dvar2": 0.453642994165, "var": 1.69070470333, "dmean2": 0.505390286446, "max": 11.7330532074, "dmean": 0.347628325224}, "spectral_energyband_middle_high": {"dvar": 3.54797293767e-07, "mean": 0.000704911130015, "min": 1.24819282515e-21, "median": 0.000311810465064, "dvar2": 6.3727458155e-07, "var": 2.00157728614e-06, "dmean2": 0.000246037787292, "max": 0.0289949066937, "dmean": 0.000187580895727}, "erbbands": {"dvar": [0.00215801317245, 1.13033890724, 25.062713623, 402.45501709, 653.874938965, 462.059356689, 274.677337646, 122.137039185, 618.712890625, 815.531982422, 316.745635986, 238.873672485, 169.381286621, 97.5914230347, 121.789154053, 50.7548370361, 57.2475357056, 25.4711322784, 6.98102998734, 4.75710487366, 1.81825256348, 5.57290124893, 3.13738083839, 9.97504234314, 9.80013179779, 25.1815338135, 48.3085861206, 74.3119506836, 15.0719652176, 4.1415772438, 6.02562475204, 2.33666396141, 1.19358062744, 0.162875652313, 0.0352153778076, 0.0023166469764, 0.000478453526739, 9.35439129535e-06, 2.16623092797e-07, 5.0266557583e-10], "mean": [0.0584196150303, 1.07446634769, 4.94112730026, 15.4180355072, 25.3734817505, 36.4554710388, 28.9293746948, 16.6695156097, 24.0566272736, 23.9910640717, 24.005859375, 14.2417030334, 9.2529964447, 6.95513153076, 5.0807466507, 3.43128085136, 3.51715278625, 2.4674744606, 2.64894413948, 1.68870055676, 1.29554009438, 1.39824736118, 0.990168690681, 1.12589204311, 1.26235246658, 1.2620357275, 1.16701078415, 1.35030770302, 0.914294958115, 0.635047912598, 0.583840489388, 0.405578315258, 0.263631641865, 0.096655510366, 0.0484685972333, 0.0119120888412, 0.00220822892152, 0.000320621038554, 3.38920981449e-05, 3.60297708539e-05], "min": [2.03028853498e-22, 6.12833296383e-22, 2.39289760085e-21, 1.00110874572e-20, 3.91615736316e-20, 4.65013443084e-20, 6.00250203095e-20, 9.75538621965e-20, 1.0270537503e-19, 1.61484254209e-19, 3.32000571076e-19, 5.41965066731e-19, 6.81835518049e-19, 7.03872074857e-19, 9.39733320744e-19, 9.26123718126e-19, 2.40681661587e-18, 2.39588563087e-18, 2.86434758346e-18, 3.64406064336e-18, 4.49333566367e-18, 4.96935163641e-18, 4.52047876829e-18, 8.21475547868e-18, 8.56738670972e-18, 7.36967964076e-18, 9.18774983526e-18, 9.28778574981e-18, 1.06799662895e-17, 1.15267659718e-17, 1.18061023831e-17, 1.2434967271e-17, 8.87104057668e-18, 8.32941511929e-18, 6.1983017307e-18, 4.47465130799e-18, 2.57605673522e-18, 9.32452787185e-19, 2.843226302e-19, 2.86519208317e-20], "median": [0.00442041130736, 0.223378032446, 2.92497324944, 7.29625606537, 10.292552948, 19.2058200836, 16.3169364929, 7.82185077667, 5.5710105896, 5.73448896408, 5.65088701248, 3.14426708221, 2.20922374725, 2.27104520798, 1.12681770325, 0.753040194511, 0.65356117487, 0.671509623528, 0.863186180592, 0.571525454521, 0.442431747913, 0.438160926104, 0.331238120794, 0.334820598364, 0.307136625051, 0.196494817734, 0.106069408357, 0.111256919801, 0.103991024196, 0.0961346998811, 0.0559544563293, 0.0303988475353, 0.0115432888269, 0.00520016625524, 0.00283774221316, 0.00101485743653, 0.000237128930166, 3.55673837475e-05, 1.62167725648e-05, 2.98191262118e-05], "dvar2": [0.00581841403618, 3.04296088219, 70.7912902832, 1019.74139404, 1570.99523926, 1170.85522461, 694.063415527, 238.651504517, 1168.65759277, 1428.85327148, 625.66809082, 474.344024658, 311.101654053, 171.842269897, 267.379394531, 109.363273621, 120.08846283, 54.3052864075, 15.3736000061, 10.9534301758, 4.68778324127, 14.0572366714, 7.14716482162, 23.8904876709, 19.7021751404, 63.2355995178, 103.187004089, 191.375320435, 33.3492965698, 9.23841571808, 14.0499782562, 4.47061109543, 2.42376470566, 0.354682058096, 0.0752720534801, 0.00503536034375, 0.00136302295141, 2.6631698347e-05, 6.43833402592e-07, 1.30578836632e-09], "var": [0.0249075442553, 5.20016098022, 43.5102500916, 708.738525391, 1696.16088867, 2399.45410156, 1405.75708008, 722.288330078, 3703.02368164, 3491.52001953, 2427.62719727, 1225.73046875, 925.241699219, 339.204742432, 298.257385254, 146.594818115, 211.072570801, 78.7853393555, 25.7126541138, 13.4524707794, 5.54240131378, 11.6202726364, 9.58381652832, 16.1135616302, 22.715133667, 33.3390388489, 82.6548919678, 115.446632385, 32.9580955505, 9.07598876953, 10.9609222412, 6.05240631104, 2.75908136368, 0.338764488697, 0.0730278193951, 0.00456209806725, 0.000373736082111, 6.92179492034e-06, 1.1365464303e-07, 1.10846454238e-09], "dmean2": [0.0186314061284, 0.594980955124, 3.60422468185, 11.4858055115, 14.7410068512, 16.5891170502, 12.9239959717, 6.00665092468, 7.65631055832, 9.03859519958, 7.71643686295, 5.27436971664, 3.60048413277, 3.00420641899, 2.69790410995, 1.8456479311, 2.02732801437, 1.54234576225, 1.59676730633, 1.06339764595, 0.919361829758, 1.0371594429, 0.689967393875, 0.771707355976, 0.89814466238, 1.06735897064, 1.16220104694, 1.25869512558, 0.728663146496, 0.470578640699, 0.500419020653, 0.334367215633, 0.231544941664, 0.0875440612435, 0.0435837768018, 0.0111144548282, 0.00231975596398, 0.000381823250791, 4.03654448746e-05, 1.42802146001e-05], "max": [1.82203984261, 33.6412010193, 118.278839111, 461.229248047, 581.980102539, 500.977996826, 336.7003479, 324.37878418, 2271.10083008, 1421.56335449, 919.289672852, 748.183959961, 1135.68432617, 703.773132324, 579.659729004, 638.93927002, 480.332305908, 339.656829834, 103.638702393, 102.651443481, 34.6188087463, 123.216171265, 134.882156372, 254.065185547, 185.220809937, 357.68145752, 525.496337891, 662.602478027, 278.315093994, 106.107139587, 141.877166748, 60.356426239, 51.4796447754, 21.908952713, 8.90319919586, 2.30104804039, 1.77033519745, 0.22890534997, 0.0347792133689, 0.00116031023208], "dmean": [0.0117734884843, 0.385253280401, 2.22548890114, 7.32494544983, 9.96643733978, 10.7854814529, 8.73382949829, 4.52576637268, 5.92376756668, 6.97159385681, 6.09848546982, 4.10765695572, 2.86174607277, 2.36107206345, 1.95088160038, 1.31147491932, 1.44478106499, 1.04982924461, 1.0829731226, 0.72217643261, 0.586420893669, 0.668089032173, 0.447456002235, 0.502931594849, 0.615859866142, 0.690243244171, 0.751030087471, 0.851268231869, 0.510360181332, 0.32844504714, 0.33627820015, 0.234097898006, 0.162176057696, 0.0599177218974, 0.0295040234923, 0.00752683961764, 0.00151760783046, 0.000241847374127, 2.32814836636e-05, 9.39739584283e-06]}, "dissonance": {"dvar": 0.000821237917989, "mean": 0.394344300032, "min": 0.0854416266084, "median": 0.402246803045, "dvar2": 0.00210540439002, "var": 0.00359069439583, "dmean2": 0.0491952486336, "max": 0.500000119209, "dmean": 0.0298623088747}, "erbbands_flatness_db": {"dvar": 0.000338279263815, "mean": 0.2346765697, "min": 0.030139638111, "median": 0.232085600495, "dvar2": 0.000624912499916, "var": 0.00379761820659, "dmean2": 0.0197442639619, "max": 0.423093765974, "dmean": 0.0141457756981}, "melbands_kurtosis": {"dvar": 343.417907715, "mean": 28.3279495239, "min": -1.75227200985, "median": 17.7578544617, "dvar2": 830.564758301, "var": 1138.81591797, "dmean2": 14.1050271988, "max": 434.30380249, "dmean": 9.26047325134}, "melbands_spread": {"dvar": 28.5566730499, "mean": 5.60028648376, "min": 0.258870303631, "median": 3.57038474083, "dvar2": 48.2086448669, "var": 136.029403687, "dmean2": 2.04329156876, "max": 199.012863159, "dmean": 1.42814409733}, "melbands_skewness": {"dvar": 0.646430194378, "mean": 3.07781243324, "min": -0.742342472076, "median": 2.70454192162, "dvar2": 1.5112606287, "var": 3.40161085129, "dmean2": 0.863994121552, "max": 17.0644683838, "dmean": 0.574351429939}, "spectral_entropy": {"dvar": 0.0642432048917, "mean": 6.0512213707, "min": 3.96326375008, "median": 6.05370330811, "dvar2": 0.119547270238, "var": 0.630243599415, "dmean2": 0.259594172239, "max": 9.82708930969, "dmean": 0.182445377111}, "zerocrossingrate": {"dvar": 6.71097368468e-05, "mean": 0.0212107170373, "min": 0.0029296875, "median": 0.01513671875, "dvar2": 7.08154038875e-05, "var": 0.000963740516454, "dmean2": 0.00436908332631, "max": 0.5205078125, "dmean": 0.00359907816164}, "average_loudness": 0.672943234444, "spectral_contrast_coeffs": {"dvar": [0.00128799036611, 0.000926270498894, 0.000660356250592, 0.000463418196887, 0.000335572811309, 0.000212083468796], "mean": [-0.529550373554, -0.655761599541, -0.725436687469, -0.763192594051, -0.782998621464, -0.78857177496], "min": [-0.980851173401, -0.985423028469, -0.984309315681, -0.989503383636, -0.984897017479, -0.964887499809], "median": [-0.531187713146, -0.659890472889, -0.727518975735, -0.763788223267, -0.784388303757, -0.784926354885], "dvar2": [0.00336696882732, 0.0020861052908, 0.00147784408182, 0.00101941823959, 0.000690676388331, 0.000427621940617], "var": [0.011517685838, 0.00855967774987, 0.00595798715949, 0.00446596508846, 0.0039475238882, 0.00297926226631], "dmean2": [0.0645663291216, 0.046867236495, 0.0430741608143, 0.0373231768608, 0.0287261288613, 0.0216097552329], "max": [-0.160937815905, -0.354575395584, -0.454311460257, -0.504938960075, -0.531868457794, -0.563593745232], "dmean": [0.0399094335735, 0.0300517007709, 0.0278753377497, 0.0239746514708, 0.0189574230462, 0.014494035393]}, "barkbands_flatness_db": {"dvar": 0.000567545706872, "mean": 0.286424010992, "min": 0.0359798446298, "median": 0.277634054422, "dvar2": 0.00112671067473, "var": 0.00654220487922, "dmean2": 0.0283193718642, "max": 0.551164567471, "dmean": 0.0195007640868}, "silence_rate_30dB": {"dvar": 0.0171136111021, "mean": 0.979528069496, "min": 0, "median": 1, "dvar2": 0.0396068841219, "var": 0.0200522635132, "dmean2": 0.0348334759474, "max": 1, "dmean": 0.0174155812711}, "spectral_energyband_high": {"dvar": 1.37560974167e-07, "mean": 0.00011515958613, "min": 7.42742516456e-21, "median": 1.64413977473e-05, "dvar2": 2.60969216015e-07, "var": 3.92009724237e-07, "dmean2": 8.06711832411e-05, "max": 0.0165009517223, "dmean": 5.98833066761e-05}, "melbands_flatness_db": {"dvar": 0.000768415047787, "mean": 0.379152476788, "min": 2.8043186262e-07, "median": 0.368377894163, "dvar2": 0.00148989481386, "var": 0.00991064589471, "dmean2": 0.031235370785, "max": 0.705419182777, "dmean": 0.0218200813979}, "barkbands": {"dvar": [9.25261978146e-10, 1.41048049045e-05, 2.75765614788e-05, 0.000106160863652, 2.77511753666e-05, 1.68032011061e-06, 3.76566595151e-06, 8.41469557145e-07, 5.81158701607e-07, 1.25246799598e-07, 9.42030951023e-08, 3.14435659732e-08, 2.53712268972e-08, 8.48551273691e-09, 3.5071612281e-09, 5.06052422189e-10, 1.77997394601e-09, 9.9615315996e-10, 5.0577146915e-09, 1.02969375249e-08, 3.47722739491e-08, 9.50975120872e-09, 5.99311622551e-09, 4.3476879874e-09, 8.50105486006e-10, 1.01226742266e-10, 4.35925037387e-12], "mean": [1.11283106889e-05, 0.00382783636451, 0.00512416893616, 0.00631002848968, 0.0100248064846, 0.00217360374518, 0.00184454943519, 0.00112971896306, 0.00059759884607, 0.000252817815635, 0.000120569035062, 0.000103018654045, 7.04436461092e-05, 5.14521816513e-05, 4.26351834903e-05, 2.16092885239e-05, 2.40947210841e-05, 1.59987102961e-05, 2.62238590949e-05, 2.51355959335e-05, 3.23323110933e-05, 2.46440922638e-05, 2.00727845368e-05, 1.75541681529e-05, 7.34519881007e-06, 1.64229277289e-06, 1.11019389237e-07], "min": [8.08347445909e-25, 4.10364101832e-24, 4.06386157319e-25, 3.7393115257e-24, 1.9280325348e-23, 1.41596177975e-23, 4.42755558905e-24, 8.21855959215e-24, 2.64538603886e-23, 2.21777294114e-23, 2.3001659917e-23, 2.52121018159e-23, 4.82607936201e-23, 3.49838669993e-23, 3.98083572799e-23, 3.11325092205e-23, 9.22759189156e-23, 4.55429847859e-23, 1.71829038665e-22, 1.50706776746e-22, 2.85221609121e-22, 3.1879000091e-22, 4.56243826095e-22, 6.18755634919e-22, 7.74986545838e-22, 1.35883731976e-21, 1.97217225594e-21], "median": [7.70118901983e-07, 0.000464451266453, 0.00281937210821, 0.0020749438554, 0.00604750635102, 0.00103843200486, 0.000355782016413, 0.000217624517973, 0.000119008436741, 6.55297480989e-05, 1.69115464814e-05, 1.97114786715e-05, 1.2305124983e-05, 1.21631346701e-05, 1.34890606205e-05, 6.58255612507e-06, 6.86997145749e-06, 4.82373616251e-06, 6.72596797813e-06, 3.79037805942e-06, 2.64427012553e-06, 3.00307897305e-06, 2.34534536503e-06, 1.04529192413e-06, 4.49984213446e-07, 1.51848226437e-07, 1.07622479817e-08], "dvar2": [2.27365060113e-09, 3.81184800062e-05, 7.90252888692e-05, 0.000252744765021, 7.02064862708e-05, 3.58201441486e-06, 6.77282378092e-06, 1.54971826305e-06, 1.25163057874e-06, 2.17351640686e-07, 1.99661400302e-07, 6.89784158681e-08, 5.33550874593e-08, 2.0674052692e-08, 7.90611132118e-09, 1.25025978459e-09, 4.62782967503e-09, 2.35640085222e-09, 1.10123892227e-08, 2.56022207878e-08, 7.93648666786e-08, 2.05797672237e-08, 1.3820168121e-08, 8.19587686607e-09, 1.85376836104e-09, 2.64800237293e-10, 1.28502720617e-11], "var": [3.11900816286e-09, 7.41633339203e-05, 4.49983308499e-05, 0.000191390805412, 0.000140602918691, 9.57623160502e-06, 2.14509454963e-05, 7.19435956853e-06, 2.18736272473e-06, 5.76494755933e-07, 2.05176760915e-07, 9.10032440515e-08, 8.66168790026e-08, 1.96749425641e-08, 1.00584580665e-08, 1.8231050003e-09, 3.40262906739e-09, 2.83955059466e-09, 1.02509725153e-08, 1.39528379961e-08, 6.46334967769e-08, 2.11436788078e-08, 1.13747882224e-08, 1.14210054747e-08, 1.75145808967e-09, 1.21575707834e-10, 2.39104764634e-12], "dmean2": [7.2213583735e-06, 0.00197190511972, 0.00379638583399, 0.00519517064095, 0.00440005166456, 0.000872473581694, 0.000654728908557, 0.000372649723431, 0.000241530491621, 0.00011163000454, 6.86377534294e-05, 6.29777641734e-05, 4.31079315604e-05, 3.7094730942e-05, 2.78173392871e-05, 1.54429326358e-05, 1.88525118574e-05, 1.14383583423e-05, 1.92505594896e-05, 2.28554472415e-05, 3.01403251797e-05, 1.93024116015e-05, 1.65224209923e-05, 1.45162302942e-05, 6.49699904898e-06, 1.63251024787e-06, 1.98092806158e-07], "max": [0.00189410918392, 0.124910503626, 0.10722656548, 0.243139117956, 0.0910907685757, 0.0316738076508, 0.127432301641, 0.0441029556096, 0.043656244874, 0.0200253445655, 0.0213568937033, 0.0123191000894, 0.00837046653032, 0.00553641282022, 0.00284419115633, 0.00067864486482, 0.0019925783854, 0.00249206274748, 0.00420944672078, 0.00705938320607, 0.0110487546772, 0.00658665411174, 0.0043837428093, 0.00262774573639, 0.00163347227499, 0.000724397366866, 0.000153859320562], "dmean": [4.4234429879e-06, 0.00128741865046, 0.00232076947577, 0.00340549414977, 0.0028923007194, 0.000633961812127, 0.000502254930325, 0.000301071879221, 0.000184898206498, 8.77806451172e-05, 4.9655114708e-05, 4.38145179942e-05, 3.04399782181e-05, 2.4098002541e-05, 1.91241888388e-05, 9.93113008008e-06, 1.20129243442e-05, 7.41011808714e-06, 1.28305491671e-05, 1.48003355207e-05, 2.03861145565e-05, 1.33407756948e-05, 1.12584393719e-05, 1.03359870991e-05, 4.40479743702e-06, 1.08807546439e-06, 1.15230676556e-07]}, "erbbands_spread": {"dvar": 64.1605072021, "mean": 21.0636386871, "min": 0.84712690115, "median": 15.4827823639, "dvar2": 130.071228027, "var": 392.639221191, "dmean2": 6.08618593216, "max": 169.614929199, "dmean": 4.16303634644}, "barkbands_kurtosis": {"dvar": 418.924865723, "mean": 23.2184524536, "min": -1.9051142931, "median": 13.6340484619, "dvar2": 975.325195312, "var": 1576.24682617, "dmean2": 11.2179861069, "max": 1155.10339355, "dmean": 7.28359699249}, "spectral_flux": {"dvar": 0.000811874808278, "mean": 0.0478962361813, "min": 6.47242259788e-11, "median": 0.0366087146103, "dvar2": 0.0018383928109, "var": 0.00194312038366, "dmean2": 0.0282158758491, "max": 0.439310729504, "dmean": 0.0181569140404}, "silence_rate_20dB": {"dvar": 0, "mean": 1, "min": 1, "median": 1, "dvar2": 0, "var": 0, "dmean2": 0, "max": 1, "dmean": 0}, "gfcc": {"cov": [[13571.7919922, 462.492980957, -2194.81762695, 465.80871582, -1107.74023438, 216.490188599, -241.477874756, 69.0014190674, 88.8442993164, -219.274459839, 120.869132996, -147.316223145, -92.2698745728], [462.492980957, 1330.53027344, 99.7830123901, -389.916259766, 204.145904541, -234.863815308, 138.555328369, -125.367355347, 107.602249146, -75.9590606689, 80.3574752808, -64.0219192505, 20.1648025513], [-2194.81762695, 99.7830123901, 1358.90576172, 37.4439544678, 220.3256073, 81.4250411987, -12.7211771011, 83.0407409668, 33.3647079468, 61.4195404053, -0.334928095341, -1.05177474022, -16.4016456604], [465.80871582, -389.916259766, 37.4439544678, 538.075561523, 39.4917640686, 83.1703491211, 14.8730707169, 35.1422424316, -1.30400264263, 1.82230246067, -28.4929656982, -5.83986330032, 47.1785812378], [-1107.74023438, 204.145904541, 220.3256073, 39.4917640686, 392.366760254, 22.126871109, 82.3563232422, -13.2036867142, 21.5875263214, 26.8793182373, 1.151460886, 3.30051088333, 37.2501716614], [216.490188599, -234.863815308, 81.4250411987, 83.1703491211, 22.126871109, 303.392974854, 32.069190979, 84.6093902588, 14.8947696686, 43.0974617004, 27.52003479, 28.4582977295, -27.3902454376], [-241.477874756, 138.555328369, -12.7211771011, 14.8730707169, 82.3563232422, 32.069190979, 228.703842163, 10.4168930054, 16.5289402008, 15.1229667664, 17.8738651276, 7.3884396553, 19.6650829315], [69.0014190674, -125.367355347, 83.0407409668, 35.1422424316, -13.2036867142, 84.6093902588, 10.4168930054, 163.004348755, 41.8499107361, 42.234046936, 15.3544168472, 11.4614238739, -13.8799190521], [88.8442993164, 107.602249146, 33.3647079468, -1.30400264263, 21.5875263214, 14.8947696686, 16.5289402008, 41.8499107361, 131.996520996, 54.9391937256, 39.6322402954, 1.19630181789, -5.51136445999], [-219.274459839, -75.9590606689, 61.4195404053, 1.82230246067, 26.8793182373, 43.0974617004, 15.1229667664, 42.234046936, 54.9391937256, 167.197570801, 58.6166229248, 19.0867843628, -4.85491323471], [120.869132996, 80.3574752808, -0.334928095341, -28.4929656982, 1.151460886, 27.52003479, 17.8738651276, 15.3544168472, 39.6322402954, 58.6166229248, 116.825668335, 33.4528923035, -8.11760616302], [-147.316223145, -64.0219192505, -1.05177474022, -5.83986330032, 3.30051088333, 28.4582977295, 7.3884396553, 11.4614238739, 1.19630181789, 19.0867843628, 33.4528923035, 91.9053573608, 19.7356758118], [-92.2698745728, 20.1648025513, -16.4016456604, 47.1785812378, 37.2501716614, -27.3902454376, 19.6650829315, -13.8799190521, -5.51136445999, -4.85491323471, -8.11760616302, 19.7356758118, 84.9051818848]], "mean": [-117.646911621, 152.114059448, -71.0852508545, 26.2080783844, -60.237903595, -5.02432918549, -39.9606513977, -8.7214679718, -23.364824295, -12.2817354202, -18.6250972748, -11.6630878448, -10.712310791], "icov": [[0.000347470690031, -0.000992093002424, 0.000579468964133, -0.00100275012664, 0.00111347902566, -0.00088112661615, 0.000753877102397, -0.000524463132024, 0.000473390799016, -0.000318333826726, 0.000265837763436, -5.47887175344e-05, 0.000299930892652], [-0.000992093002424, 0.00519340205938, -0.0019102023216, 0.00442176358774, -0.00414613261819, 0.00362766929902, -0.00332681881264, 0.00253201811574, -0.00357759580947, 0.00310048484243, -0.00322067877278, 0.00223534717225, -0.00184628402349], [0.000579468964133, -0.0019102023216, 0.00186515902169, -0.00184535386506, 0.00139268615749, -0.00165512540843, 0.00164198223501, -0.00140940560959, 0.00105736521073, -0.000945679552387, 0.000844085472636, -0.000304969929857, 0.000879593775608], [-0.00100275012664, 0.00442176358774, -0.00184535386506, 0.00608857395127, -0.00390596548095, 0.00252754008397, -0.00287163909525, 0.0018997482257, -0.0028366104234, 0.00233634817414, -0.00191992812324, 0.00210616504773, -0.00309851719067], [0.00111347902566, -0.00414613261819, 0.00139268615749, -0.00390596548095, 0.00728296441957, -0.00356480712071, 0.00181927357335, -0.00124821835198, 0.00193852290977, -0.00228242320009, 0.00213178712875, -0.000822729140054, 5.39175707672e-05], [-0.00088112661615, 0.00362766929902, -0.00165512540843, 0.00252754008397, -0.00356480712071, 0.00725519331172, -0.00298491958529, -4.47588790848e-05, -0.00166632945184, 0.00143182638567, -0.00219519599341, -0.000281028653262, 0.000874359218869], [0.000753877102397, -0.00332681881264, 0.00164198223501, -0.00287163909525, 0.00181927357335, -0.00298491958529, 0.00722130248323, -0.00194485485554, 0.0018967972137, -0.00168972427491, 0.00110291456804, -0.00084848102415, 9.98388641165e-05], [-0.000524463132024, 0.00253201811574, -0.00140940560959, 0.0018997482257, -0.00124821835198, -4.47588790848e-05, -0.00194485485554, 0.00956880394369, -0.00389820616692, 0.000400065764552, -0.000672500929795, 0.000331202347297, -0.00032272702083], [0.000473390799016, -0.00357759580947, 0.00105736521073, -0.0028366104234, 0.00193852290977, -0.00166632945184, 0.0018967972137, -0.00389820616692, 0.0126476623118, -0.00451955245808, 0.000157046146342, -0.000710173218977, 0.00142260442954], [-0.000318333826726, 0.00310048484243, -0.000945679552387, 0.00233634817414, -0.00228242320009, 0.00143182638567, -0.00168972427491, 0.000400065764552, -0.00451955245808, 0.0105970604345, -0.00571086304262, 0.00172273756471, -0.00127705291379], [0.000265837763436, -0.00322067877278, 