{"tonal": {"chords_number_rate": 0.00138257944491, "thpcp": [1, 0.3509811759, 0.0283834338188, 0.0224773380905, 0.0325062796474, 0.173281952739, 0.279824674129, 0.146460220218, 0.0318834446371, 0.0211346503347, 0.0345182567835, 0.188383534551, 0.300249785185, 0.245048984885, 0.652270138264, 0.832880377769, 0.310302436352, 0.0406415238976, 0.029614251107, 0.0492712631822, 0.421997398138, 0.663820326328, 0.298391252756, 0.0320911332965, 0.0213368665427, 0.0404602736235, 0.216660097241, 0.324623823166, 0.176603421569, 0.271151989698, 0.442532211542, 0.225495278835, 0.0349586047232, 0.035810161382, 0.125607162714, 0.77362459898], "hpcp": {"dvar": [0.0171944480389, 0.0117288017645, 0.0124441031367, 0.0128249218687, 0.00969517789781, 0.00716913351789, 0.00543618155643, 0.00926048494875, 0.0224429033697, 0.0282134916633, 0.0116851013154, 0.00458393618464, 0.00556050240993, 0.00583749683574, 0.00873113330454, 0.0139963123947, 0.00878674164414, 0.00396626722068, 0.00361619587056, 0.00628897920251, 0.0129068102688, 0.0174133535475, 0.0155161488801, 0.0230160150677, 0.0282517950982, 0.0148152215406, 0.00693343393505, 0.00584172597155, 0.00655604340136, 0.013625905849, 0.0246806330979, 0.0117934625596, 0.00510221812874, 0.00285520544276, 0.00423180498183, 0.0114405564964], "mean": [0.143453031778, 0.0780420154333, 0.119823545218, 0.195557385683, 0.0996475890279, 0.0154483970255, 0.0158247053623, 0.055506490171, 0.341868907213, 0.4419054389, 0.155100494623, 0.0125427935272, 0.00993285793811, 0.0143647016957, 0.0765742361546, 0.12365604192, 0.0647215694189, 0.0140894679353, 0.00933951698244, 0.0152538055554, 0.0832477062941, 0.132682010531, 0.108288481832, 0.288241714239, 0.368054360151, 0.137124329805, 0.0179597102106, 0.0130866989493, 0.0217732395977, 0.186482951045, 0.293345808983, 0.131860718131, 0.014181246981, 0.00942887738347, 0.0178796146065, 0.0957432761788], "min": [0, 0, 0, 0, 0, 0, 0, 0, 0, 0, 0, 0, 0, 0, 0, 0, 0, 0, 0, 0, 0, 0, 0, 0, 0, 0, 0, 0, 0, 0, 0, 0, 0, 0, 0, 0], "median": [0.0179063491523, 0.0171142276376, 0.0092296609655, 0.00503337848932, 0.00198479765095, 0.0029197211843, 0.00223922193982, 0.0234490241855, 0.229067727923, 0.314059555531, 0.109168730676, 0.00172643200494, 0.000591058691498, 0.00158499157988, 0.0110831595957, 0.0165789518505, 0.0116970883682, 0.00327463098802, 0.0017842175439, 0.00174416683149, 0.0114312460646, 0.0165101066232, 0.0487673692405, 0.131521984935, 0.184942156076, 0.0693954527378, 0.00159168289974, 0.000828463467769, 0.00339058320969, 0.0497232079506, 0.0835072770715, 0.0401568040252, 0.00169318134431, 0.00109332532156, 0.0016134736361, 0.0110310418531], "dvar2": [0.0365554019809, 0.029493810609, 0.0343890152872, 0.0282131880522, 0.0263730641454, 0.020602626726, 0.0149000948295, 0.0264263916761, 0.0520960390568, 0.0584076419473, 0.0317071378231, 0.0133699281141, 0.0158889833838, 0.0164097417146, 0.0207242779434, 0.0293962098658, 0.0229500140995, 0.0111944805831, 0.0102631635964, 0.018229207024, 0.0338741727173, 0.0390160046518, 0.0414640828967, 0.0573108643293, 0.0631049051881, 0.0396600663662, 0.0205061025918, 0.0172148197889, 0.0189354531467, 0.03126552701, 0.0486377067864, 0.0297880172729, 0.0143292974681, 0.00806532427669, 0.0119537767023, 0.0283235050738], "var": [0.0732001960278, 0.0226975083351, 0.0467734225094, 0.135626152158, 0.0370896570385, 0.00446442561224, 0.00383733981289, 0.00863793026656, 0.107247643173, 0.159338369966, 0.0242339782417, 0.00274063972756, 0.00346578424796, 0.00404707249254, 0.0256583634764, 0.0606629736722, 0.0187823027372, 0.00260723521933, 0.00216463021934, 0.00407015485689, 0.0323742181063, 0.0672547146678, 0.0236218236387, 0.102953217924, 0.153761431575, 0.0289813596755, 0.0043103499338, 0.00363935343921, 0.00463433563709, 0.0622693374753, 0.141846254468, 0.0323566570878, 0.00354717532173, 0.00183989165816, 0.00352495326661, 0.0394267775118], "dmean2": [0.0896803587675, 0.0785802379251, 0.0808783769608, 0.0562215857208, 0.0639823526144, 0.0347800143063, 0.0324919484556, 0.0834084451199, 0.168719232082, 0.162632778287, 0.119848586619, 0.0311796218157, 0.0255773626268, 0.0323204062879, 0.0614871196449, 0.0761440321803, 0.0616701357067, 0.0285091400146, 0.0221570339054, 0.0356828048825, 0.0779597759247, 0.0951188132167, 0.124839097261, 0.162619397044, 0.151007398963, 0.115277849138, 0.0407632701099, 0.0293872728944, 0.0426556430757, 0.100452177227, 0.117684654891, 0.0920680239797, 0.0327493064106, 0.0238086674362, 0.034656163305, 0.0739409327507], "max": [1, 1, 1, 1, 1, 1, 1, 1, 1, 1, 1, 1, 1, 1, 1, 1, 1, 1, 1, 1, 1, 1, 1, 1, 1, 1, 1, 1, 1, 1, 1, 1, 1, 0.875733792782, 1, 1], "dmean": [0.057461284101, 0.0481089390814, 0.0470943599939, 0.0344406589866, 0.0374970622361, 0.0190454218537, 0.0179639738053, 0.0472718626261, 0.105426982045, 0.104883655906, 0.071484208107, 0.0169189311564, 0.0136803817004, 0.0178057122976, 0.0387276932597, 0.0486782938242, 0.0371892787516, 0.0155415134504, 0.0118404245004, 0.0193653646857, 0.0470974743366, 0.0589276179671, 0.0744065716863, 0.0990923270583, 0.0952511057258, 0.0697813332081, 0.0218231789768, 0.0158443376422, 0.0235017035156, 0.0637345314026, 0.0758475884795, 0.0562237948179, 0.018062049523, 0.0128467818722, 0.0192342922091, 0.0460505671799]}, "key_strength": 0.885859489441, "chords_strength": {"dvar": 0.000409441941883, "mean": 0.540305435658, "min": -1, "median": 0.553466141224, "dvar2": 0.000773423584178, "var": 0.0144053231925, "dmean2": 0.00456963432953, "max": 0.785483717918, "dmean": 0.00687238574028}, "tuning_equal_tempered_deviation": 0.0235734339803, "chords_key": "F", "tuning_frequency": 440, "chords_scale": "major", "chords_changes_rate": 0.0292316805571, "key_scale": "major", "tuning_diatonic_strength": 0.651458740234, "hpcp_entropy": {"dvar": 0.158799722791, "mean": 1.45131480694, "min": 0, "median": 1.50766134262, "dvar2": 0.403626024723, "var": 0.363693773746, "dmean2": 0.668969929218, "max": 4.0539226532, "dmean": 0.401088744402}, "chords_histogram": [34.5842399597, 2.01461577415, 29.0539207458, 0.0395022705197, 0.177760228515, 0, 0.0987556800246, 0, 0.276515901089, 0, 0, 0, 0, 0, 0, 0.316018164158, 0, 5.0365395546, 0, 0.434524983168, 0.513529539108, 9.04602050781, 15.2873792648, 3.12067937851], "tuning_nontempered_energy_ratio": 0.621011376381, "key_key": "F"}, "metadata": {"version": {"extractor": "music 1.0", "essentia_build_sha": "70f2e5ece6736b2c40cc944ad0e695b16b925413", "essentia": "2.1-beta2", "essentia_git_sha": "v2.1_beta2"}, "audio_properties": {"sample_rate": 44100, "length": 235.075912476, "lossless": false, "analysis_sample_rate": 44100, "downmix": "mix", "bit_rate": 192000, "equal_loudness": 0, "md5_encoded": "45bd65f08b20f9cbad8ef9d9c4ff4520", "codec": "mp3", "replay_gain": -7.92270088196}, "tags": {"genre": ["Celtic"], "albumartist": ["phil coulter"], "date": ["1989"], "musicbrainz_recordingid": ["8ed27ed9-4258-4afe-912c-a8c2ba3f11bb"], "file_name": "60566.mp3", "title": ["The Green Fields of France"], "tracknumber": ["15"], "album": ["Dreams of Ireland"], "artist": ["phil coulter"]}}, "lowlevel": {"melbands": {"dvar": [4.25360838108e-07, 1.1810035403e-06, 5.26228575382e-07, 1.25514600313e-06, 4.46383040753e-07, 3.21981417528e-07, 1.49623502921e-07, 3.45949544567e-08, 3.80172267e-08, 2.87406880517e-08, 2.77452130604e-07, 3.67635131227e-08, 7.19950250527e-08, 1.07918749492e-08, 2.44770870239e-09, 4.0687306857e-09, 1.67453118038e-09, 1.42285094817e-09, 1.73238046131e-09, 4.46167797152e-10, 9.45995434765e-11, 3.73130033815e-11, 6.54666598709e-11, 2.46366312767e-11, 3.38763288255e-11, 2.79197030079e-11, 9.67302626886e-12, 5.46085962908e-12, 1.2110626087e-12, 1.3560372443e-11, 9.64037877305e-13, 2.03451770947e-13, 2.81905954743e-13, 3.12270391836e-13, 2.61255210174e-13, 2.05442166236e-14, 6.35415995536e-15, 1.99868282867e-14, 6.62124638429e-15, 1.70136494682e-14], "mean": [0.000304427900119, 0.00147594267037, 0.00132812466472, 0.00101255509071, 0.000810729223303, 0.000740901276004, 0.000350156537024, 0.000163840493769, 0.000103256556031, 0.000129049469251, 0.000274558435194, 0.000108892803837, 9.25890635699e-05, 4.52824242529e-05, 4.02780860895e-05, 4.92897488584e-05, 2.10526304727e-05, 2.32420679822e-05, 1.81808645721e-05, 1.00118859336e-05, 5.45417879039e-06, 3.02768148686e-06, 3.72871500076e-06, 2.20318293032e-06, 2.2379854272e-06, 1.31848207729e-06, 9.21101843687e-07, 6.15016574557e-07, 4.14066192889e-07, 5.3868490113e-07, 2.79967736105e-07, 2.34317582226e-07, 1.79708905534e-07, 1.38492140422e-07, 9.1337327035e-08, 6.00073235546e-08, 3.45494228782e-08, 3.1390150923e-08, 2.70121116586e-08, 2.93819759634e-08], "min": [1.37317757329e-24, 1.45850885462e-24, 2.29556216001e-24, 1.96099895314e-24, 1.42678609522e-24, 1.08761475737e-24, 2.1747108387e-24, 2.5457882475e-24, 1.91652790569e-24, 2.58940436695e-24, 1.83097672938e-24, 2.29852591043e-24, 2.11253144164e-24, 2.12930223006e-24, 2.29219431559e-24, 1.92061262746e-24, 3.63269263563e-24, 3.11066077616e-24, 2.5145745992e-24, 4.01244514781e-24, 3.58281769376e-24, 2.86850690509e-24, 3.54619798168e-24, 4.12665366865e-24, 4.18582454743e-24, 4.93527632841e-24, 4.22387959193e-24, 3.60605280286e-24, 4.33476819165e-24, 5.23187146269e-24, 4.94628646006e-24, 5.51881882811e-24, 4.75821768152e-24, 5.97194605409e-24, 6.45467804656e-24, 4.74200225119e-24, 6.39123114724e-24, 5.35054454183e-24, 6.61168227151e-24, 6.40723358514e-24], "median": [6.11625146121e-05, 0.000716762151569, 0.000816832936835, 0.00051131832879, 0.000432381901192, 0.000334384269081, 0.000105766375782, 5.96647332713e-05, 2.72079141723e-05, 3.71099522454e-05, 3.02109201584e-05, 1.77877318492e-05, 1.71132396645e-05, 1.25469232444e-05, 1.53457676788e-05, 1.14625836432e-05, 4.39674886366e-06, 4.50961260867e-06, 2.4199669042e-06, 1.81136556421e-06, 7.79365961989e-07, 4.23993327558e-07, 4.82113250655e-07, 2.7228557542e-07, 2.44535527827e-07, 1.22791163903e-07, 8.54306350107e-08, 6.57672813986e-08, 5.38588835752e-08, 4.05635702805e-08, 3.25723341632e-08, 3.04246547955e-08, 2.47578402224e-08, 1.74671459519e-08, 1.08706252888e-08, 7.52690176853e-09, 4.48916948059e-09, 3.68432373499e-09, 2.78808354182e-09, 2.5737330045e-09], "dvar2": [1.16987030196e-06, 3.12084648613e-06, 1.37541280765e-06, 3.39086250278e-06, 1.06674895051e-06, 7.18629564744e-07, 3.43474340525e-07, 7.46841806176e-08, 8.20095422682e-08, 5.82099879409e-08, 3.32979254836e-07, 7.1998520923e-08, 1.5783693641e-07, 2.27701466571e-08, 5.39911182429e-09, 7.63953789118e-09, 3.77733222479e-09, 2.83701817594e-09, 3.5824205824e-09, 1.04827191372e-09, 2.22977830644e-10, 9.28351909235e-11, 1.67278191299e-10, 6.37778926893e-11, 8.15264800114e-11, 7.06081859647e-11, 2.46573143847e-11, 1.40815978669e-11, 2.98193240933e-12, 3.45479651831e-11, 2.11976356607e-12, 5.01604291957e-13, 7.33898131069e-13, 8.43776058138e-13, 7.20465896144e-13, 5.19782276302e-14, 1.54975163968e-14, 5.53486157731e-14, 1.70595993115e-14, 4.50393472789e-14], "var": [5.73459487896e-07, 4.15406384491e-06, 2.76024297818e-06, 2.57740134657e-06, 1.42140527259e-06, 1.29646537061e-06, 4.84520114696e-07, 1.11668704506e-07, 9.09100492663e-08, 9.12018975896e-08, 1.57255226441e-06, 1.08109077246e-07, 1.43139274655e-07, 2.34430928003e-08, 6.17179418683e-09, 2.39392186074e-08, 4.05510203194e-09, 4.07598443886e-09, 4.3479229106e-09, 8.6305296243e-10, 2.76494882545e-10, 7.54054943486e-11, 1.33266161995e-10, 5.11935702163e-11, 5.42666571401e-11, 3.45932830992e-11, 1.2538844095e-11, 6.23954490506e-12, 1.83717082346e-12, 1.46509453874e-11, 1.2999857267e-12, 3.07644074061e-13, 3.13894635111e-13, 2.87499679012e-13, 1.87944251091e-13, 2.40143056265e-14, 7.72093316609e-15, 1.47381716884e-14, 6.87131168614e-15, 1.41499174709e-14], "dmean2": [0.000282575900201, 0.00073664606316, 0.000640760990791, 0.000581193598919, 0.000373027403839, 0.000345717038726, 0.000179784357897, 9.35629723244e-05, 7.44388235034e-05, 7.84832955105e-05, 0.000120668039017, 7.66446464695e-05, 6.9515168434e-05, 3.2355368603e-05, 2.90871957986e-05, 3.37646815751e-05, 1.77475267265e-05, 1.8733106117e-05, 1.52627944772e-05, 8.77461570781e-06, 4.51977666671e-06, 2.73063415079e-06, 3.53597579306e-06, 2.07001380659e-06, 2.35891548073e-06, 1.5703238887e-06, 1.04844514226e-06, 6.92937646818e-07, 3.98888602149e-07, 6.40736971036e-07, 3.01273558989e-07, 2.39399867041e-07, 1.87440136301e-07, 1.51648805513e-07, 1.12891122228e-07, 6.52433413961e-08, 3.49135724775e-08, 3.77529438822e-08, 2.90473973763e-08, 3.39364696345e-08], "max": [0.0122321024537, 0.0219589211047, 0.0179638694972, 0.0360471233726, 0.0226627029479, 0.026175763458, 0.0100009841844, 0.00789394881576, 0.00904852338135, 0.00562290707603, 0.0261210799217, 0.004883187823, 0.0128921158612, 0.0042538959533, 0.00215693120845, 0.003144727787, 0.00136422330979, 0.0016443268396, 0.00164390529972, 0.000728411541786, 0.000304162327666, 0.000220375455683, 0.000269613083219, 0.00020724850765, 0.000188583057025, 0.000141907206853, 0.000102126010461, 0.000109643464384, 5.60245971428e-05, 0.000249820004683, 4.31581393059e-05, 1.22115234262e-05, 3.21864936268e-05, 3.70119159925e-05, 2.75718339253e-05, 3.4013057757e-06, 2.92525965051e-06, 6.16638135398e-06, 2.99963016914e-06, 6.50949596093e-06], "dmean": [0.000170126280864, 0.000460997252958, 0.000392608024413, 0.000365881802281, 0.000255364750046, 0.000237710715737, 0.000125650592963, 6.74390321365e-05, 5.21881520399e-05, 5.6185072026e-05, 9.94492511381e-05, 5.20807770954e-05, 4.76035893371e-05, 2.19268640649e-05, 1.87509431271e-05, 2.26423908316e-05, 1.13884034363e-05, 1.203861666e-05, 1.00847928479e-05, 5.48529624211e-06, 2.80104427475e-06, 1.69573661424e-06, 2.17186016016e-06, 1.27594489641e-06, 1.45464275647e-06, 9.55839482231e-07, 6.32106377907e-07, 4.19476634761e-07, 2.52071288287e-07, 4.10092354741e-07, 1.96731548385e-07, 1.51639326873e-07, 1.21506189998e-07, 9.70082183471e-08, 7.07839831193e-08, 4.23485104761e-08, 2.32440964254e-08, 2.37690365168e-08, 1.87673574459e-08, 2.21168541259e-08]}, "spectral_decrease": {"dvar": 6.00488250165e-18, "mean": -5.85842352407e-09, "min": -5.39457722937e-08, "median": -4.12881329126e-09, "dvar2": 1.38589446335e-17, "var": 3.34682404359e-17, "dmean2": 1.82843873375e-09, "max": 9.79417258933e-20, "dmean": 1.22888810239e-09}, "spectral_rolloff": {"dvar": 106522.679688, "mean": 742.579162598, "min": 21.533203125, "median": 516.796875, "dvar2": 224489.96875, "var": 2330358.75, "dmean2": 186.257720947, "max": 19896.6796875, "dmean": 106.33430481}, "melbands_crest": {"dvar": 4.08028793335, "mean": 14.0949239731, "min": 1.0001899004, "median": 13.3199796677, "dvar2": 10.1277799606, "var": 22.4533557892, "dmean2": 3.07593274117, "max": 39.9450645447, "dmean": 1.95089614391}, "barkbands_skewness": {"dvar": 0.207639068365, "mean": 1.77035045624, "min": -2.21573448181, "median": 1.68735575676, "dvar2": 0.452571064234, "var": 2.5241522789, "dmean2": 0.540452420712, "max": 28.3728408813, "dmean": 0.365677952766}, "spectral_centroid": {"dvar": 30233.4453125, "mean": 608.973571777, "min": 159.967086792, "median": 469.425537109, "dvar2": 71435.234375, "var": 760865.3125, "dmean2": 110.020065308, "max": 11843.1054688, "dmean": 71.8440246582}, "spectral_energyband_middle_low": {"dvar": 5.3952971939e-05, "mean": 0.0147557221353, "min": 1.92543945434e-22, "median": 0.00984296854585, "dvar2": 0.000123643942061, "var": 0.000248593249125, "dmean2": 0.0050769993104, "max": 0.197079882026, "dmean": 0.00345409684815}, "erbbands_crest": {"dvar": 5.5382027626, "mean": 11.6725893021, "min": 1.97817194462, "median": 10.015007019, "dvar2": 11.5112514496, "var": 35.9096870422, "dmean2": 3.12953090668, "max": 32.8884124756, "dmean": 2.04918456078}, "dynamic_complexity": 4.80284404755, "spectral_energyband_low": {"dvar": 2.08748951991e-05, "mean": 0.00656845513731, "min": 1.23252464024e-23, "median": 0.00378081249073, "dvar2": 5.44690410607e-05, "var": 7.15099231456e-05, "dmean2": 0.00320646422915, "max": 0.09046921134, "dmean": 0.00201073847711}, "silence_rate_60dB": {"dvar": 0.0163181889802, "mean": 0.10775308311, "min": 0, "median": 0, "dvar2": 0.0378170050681, "var": 0.096130669117, "dmean2": 0.0331917405128, "max": 1, "dmean": 0.0165942311287}, "erbbands_kurtosis": {"dvar": 2.44434809685, "mean": 1.13279390335, "min": -1.65647625923, "median": 0.102885484695, "dvar2": 5.0526843071, "var": 10.5781574249, "dmean2": 1.367816329, "max": 37.3606071472, "dmean": 0.927616417408}, "spectral_complexity": {"dvar": 2.30055570602, "mean": 11.3996047974, "min": 0, "median": 11, "dvar2": 5.26736783981, "var": 33.5690574646, "dmean2": 2.29675006866, "max": 42, "dmean": 1.38917422295}, "barkbands_crest": {"dvar": 2.61350750923, "mean": 11.0418567657, "min": 4.04286003113, "median": 10.3268375397, "dvar2": 6.41680622101, "var": 13.6146144867, "dmean2": 2.41770219803, "max": 26.8861484528, "dmean": 1.55873334408}, "spectral_energy": {"dvar": 9.25365602598e-05, "mean": 0.0230018123984, "min": 1.01673357356e-20, "median": 0.0161716677248, "dvar2": 0.000211624035728, "var": 0.000520726200193, "dmean2": 0.00714820995927, "max": 0.209854990244, "dmean": 0.00482229702175}, "spectral_spread": {"dvar": 423075479552, "mean": 2713938.75, "min": 359600.5, "median": 2229542, "dvar2": 836106125312, "var": 11817793355800.0, "dmean2": 562619.875, "max": 46117272, "dmean": 399138.28125}, "spectral_contrast_valleys": {"dvar": [0.144700363278, 0.0786413177848, 0.0745362713933, 0.0845321565866, 0.103224232793, 0.121161222458], "mean": [-7.94346666336, -7.40679645538, -8.12189388275, -8.93323707581, -9.88368320465, -12.5844583511], "min": [-28.1914863586, -27.977104187, -27.624830246, -27.6346130371, -27.4795608521, -27.409488678], "median": [-7.68717765808, -7.12884950638, -7.84168577194, -8.6556892395, -9.44568061829, -12.2342748642], "dvar2": [0.353313356638, 0.171190351248, 0.166167005897, 0.18141245842, 0.199312523007, 0.232935667038], "var": [3.88756513596, 3.9268476963, 3.72535657883, 3.61741638184, 3.95159101486, 3.95400547981], "dmean2": [0.66325712204, 0.476583331823, 0.460380971432, 0.436750233173, 0.430304676294, 0.478622764349], "max": [-5.12306499481, -4.92737627029, -5.72018480301, -5.83737754822, -6.60376882553, -9.13854885101], "dmean": [0.403218388557, 0.294452607632, 0.28132095933, 0.271753549576, 0.289008826017, 0.34440729022]}, "spectral_rms": {"dvar": 4.45397262183e-07, "mean": 0.00419487524778, "min": 3.1495001919e-12, "median": 0.00397205725312, "dvar2": 9.79604465101e-07, "var": 4.84375777887e-06, "dmean2": 0.000637642107904, "max": 0.0143086183816, "dmean": 0.000434706482338}, "barkbands_spread": {"dvar": 5.10424613953, "mean": 8.59345722198, "min": 0.527067542076, "median": 7.2292137146, "dvar2": 11.6800832748, "var": 28.618024826, "dmean2": 2.43902301788, "max": 43.1540870667, "dmean": 1.60967028141}, "pitch_salience": {"dvar": 0.00227620080113, "mean": 0.542443990707, "min": 0.00543096289039, "median": 0.547205328941, "dvar2": 0.00580795947462, "var": 0.0125210182741, "dmean2": 0.073743224144, "max": 0.996096372604, "dmean": 0.0468101166189}, "erbbands_skewness": {"dvar": 0.0841655954719, "mean": 0.459158271551, "min": -4.44694948196, "median": 0.44295373559, "dvar2": 0.176356345415, "var": 0.837943196297, "dmean2": 0.4175337255, "max": 5.17676830292, "dmean": 0.283572167158}, "spectral_energyband_middle_high": {"dvar": 9.55263658398e-06, "mean": 0.00329430447891, "min": 1.14060128535e-21, "median": 0.00122281408403, "dvar2": 1.77351994353e-05, "var": 3.72685753973e-05, "dmean2": 0.00149640068412, "max": 0.102270402014, "dmean": 0.00108061672654}, "erbbands": {"dvar": [0.0034048773814, 0.494266450405, 6.00811100006, 16.1953315735, 76.3204727173, 562.317871094, 233.102752686, 736.748535156, 751.089599609, 281.05078125, 583.742553711, 735.152648926, 11380.5117188, 2496.59863281, 8194.49511719, 303.921356201, 856.146362305, 353.533569336, 692.379333496, 216.210952759, 83.563079834, 21.8340873718, 64.9706954956, 38.5879020691, 45.3654327393, 13.9706363678, 9.22635269165, 6.4208407402, 0.687515854836, 1.02297818661, 0.395019203424, 0.0222363956273, 0.0292022749782, 0.0156438425183, 0.0105332378298, 0.00596734834835, 0.000930368667468, 3.52481474692e-05, 1.9575157495e-08, 1.43385789353e-10], "mean": [0.0213650763035, 0.468647181988, 3.53680968285, 6.9294128418, 10.0368013382, 18.972196579, 20.4158535004, 33.8943862915, 24.4786720276, 15.2837018967, 13.3582344055, 20.2625484467, 56.5348129272, 30.3316726685, 27.4852714539, 14.82746315, 23.6723384857, 13.0169029236, 16.1042842865, 8.49564170837, 5.49953556061, 2.94605207443, 3.48898911476, 2.65661430359, 1.80818331242, 1.01072978973, 0.73164576292, 0.610420644283, 0.401303827763, 0.271164447069, 0.149953633547, 0.068800330162, 0.0441037975252, 0.0340439453721, 0.0254808757454, 0.0149789303541, 0.00482221320271, 0.000741502561141, 2.81075699604e-05, 2.63930833171e-05], "min": [1.28645833458e-22, 1.311178711e-21, 1.79484965304e-21, 8.99222793248e-21, 2.15962689238e-20, 1.9824368888e-20, 4.56300549359e-20, 5.08671098774e-20, 1.50196857763e-19, 2.06087513049e-19, 3.63677943772e-19, 4.65056036423e-19, 3.91283804246e-19, 7.13014902167e-19, 6.58555863877e-19, 1.45998546508e-18, 1.24279079049e-18, 2.32186392619e-18, 1.91678282687e-18, 2.38644191661e-18, 3.7346853105e-18, 3.35198151471e-18, 5.75087146556e-18, 5.68827209116e-18, 7.6851315848e-18, 7.83030343666e-18, 9.00774209907e-18, 1.08276676597e-17, 1.00995741855e-17, 1.06142393452e-17, 1.18779148952e-17, 1.17354636404e-17, 1.00066776668e-17, 8.23556734289e-18, 5.8699073052e-18, 4.42894461606e-18, 2.4113206143e-18, 9.56548351634e-19, 2.56889288583e-19, 2.81550793204e-20], "median": [0.00354341277853, 0.144571512938, 1.64593470097, 4.03613138199, 4.95079851151, 8.74575424194, 10.2990207672, 15.45429039, 7.67432594299, 5.74911975861, 3.95228743553, 6.2126288414, 6.93861055374, 5.5449051857, 5.97608804703, 5.29658651352, 7.04351139069, 3.65207266808, 3.05599713326, 1.80688965321, 0.929300129414, 0.491878241301, 0.448740184307, 0.358016848564, 0.194918587804, 0.113304622471, 0.0858024284244, 0.0658322572708, 0.0556473918259, 0.0355577878654, 0.0183902457356, 0.0095093017444, 0.00525651173666, 0.00316844321787, 0.00164315965958, 0.000579479150474, 0.000103925587609, 1.93336763914e-05, 9.78191292234e-06, 1.8253826056e-05], "dvar2": [0.00949306413531, 1.32776331902, 15.9186401367, 41.2573165894, 213.886871338, 1492.24816895, 525.839904785, 1669.70922852, 1713.75427246, 615.588134766, 1250.73388672, 1485.91687012, 13674.828125, 4769.22119141, 17535.3925781, 718.101379395, 1731.60510254, 790.495727539, 1379.93920898, 477.577606201, 190.519317627, 52.2917861938, 168.287155151, 92.5933456421, 115.2472229, 35.970413208, 23.6489200592, 14.6728029251, 1.66864478588, 2.74446964264, 1.07177448273, 0.053865108639, 0.0796467959881, 0.0403436906636, 0.0264015067369, 0.0142842587084, 0.00214575207792, 8.45431932248e-05, 4.74068961864e-08, 3.21037918471e-10], "var": [0.00344009092078, 0.946970462799, 24.8515834808, 84.244934082, 221.149581909, 1122.47412109, 965.195861816, 2827.00927734, 2357.2331543, 949.695678711, 1433.13500977, 2181.00195312, 64431.0664062, 7702.95703125, 16371.8798828, 863.714355469, 3516.44238281, 984.250061035, 2005.19311523, 528.252075195, 241.113967896, 56.9068565369, 134.602828979, 64.7456359863, 57.1319999695, 15.6595058441, 10.942325592, 8.18712043762, 0.992657005787, 1.00312554836, 0.316858768463, 0.0282808337361, 0.0235441420227, 0.0146276000887, 0.0107349650934, 0.00607690634206, 0.000950422487222, 3.14149256155e-05, 1.74624990024e-08, 7.14097614374e-10], "dmean2": [0.0229374896735, 0.348335117102, 1.72139978409, 3.45528626442, 6.3016371727, 10.4880495071, 9.45222473145, 16.2421550751, 12.3007659912, 8.64667606354, 8.9591550827, 12.5890464783, 24.442401886, 20.0144004822, 20.6167182922, 9.42259120941, 16.7033805847, 9.18209648132, 12.5252408981, 6.7947177887, 4.16051721573, 2.27257418633, 3.08729100227, 2.58293914795, 2.01306414604, 1.07629656792, 0.713968992233, 0.644543111324, 0.390756607056, 0.270083397627, 0.169594764709, 0.0672196894884, 0.0482164025307, 0.0364659316838, 0.0294451061636, 0.0200833640993, 0.00693206256256, 0.00131737894844, 3.27601810568e-05, 8.46109196573e-06], "max": [1.25050652027, 13.2838916779, 53.8338241577, 108.298835754, 239.549514771, 860.415100098, 408.011779785, 1334.0489502, 767.510192871, 670.072631836, 1131.55981445, 902.606567383, 5286.89453125, 1318.17199707, 4230.80126953, 461.083007812, 1090.56359863, 640.995117188, 1112.80114746, 515.995910645, 276.328735352, 132.466903687, 372.020690918, 197.400222778, 187.569000244, 178.744995117, 199.854522705, 104.898475647, 32.541305542, 73.5622406006, 29.7637176514, 4.72035837173, 7.82947874069, 5.53419017792, 2.72478604317, 1.96146190166, 0.631410181522, 0.109164640307, 0.00297047919594, 0.000240932888119], "dmean": [0.0135409217328, 0.212082669139, 1.07500433922, 2.1336877346, 3.81794261932, 6.78866815567, 6.53513908386, 11.0932855606, 8.60199832916, 6.11929130554, 6.34115076065, 8.97742843628, 20.1624908447, 13.883061409, 14.1518373489, 6.1996884346, 11.0603485107, 6.01699352264, 8.14671230316, 4.40079927444, 2.62349963188, 1.42678833008, 1.90800654888, 1.59518790245, 1.228926301, 0.653534114361, 0.46102565527, 0.421755284071, 0.252513617277, 0.177528619766, 0.108469575644, 0.0452799834311, 0.0312295872718, 0.0241792500019, 0.0194426868111, 0.0134132048115, 0.00472415611148, 0.000839804706629, 2.09624049603e-05, 5.73777015234e-06]}, "dissonance": {"dvar": 0.000780997856054, "mean": 0.417639672756, "min": 0.156206384301, "median": 0.425430238247, "dvar2": 0.00215467181988, "var": 0.00228147604503, "dmean2": 0.0490598678589, "max": 0.499999940395, "dmean": 0.0293741878122}, "erbbands_flatness_db": {"dvar": 0.000296458485536, "mean": 0.254527956247, "min": 0.0182314142585, "median": 0.241945877671, "dvar2": 0.000498815032188, "var": 0.00634037703276, "dmean2": 0.0215633250773, "max": 0.495469897985, "dmean": 0.0161259118468}, "melbands_kurtosis": {"dvar": 318.652709961, "mean": 12.6638631821, "min": -1.90523266792, "median": 7.08067321777, "dvar2": 798.821289062, "var": 1229.75, "dmean2": 6.71606445312, "max": 1186.91760254, "dmean": 4.40086698532}, "melbands_spread": {"dvar": 12.1224098206, "mean": 10.883898735, "min": 0.553591132164, "median": 8.291056633, "dvar2": 28.0710258484, "var": 149.10017395, "dmean2": 3.1089348793, "max": 169.852935791, "dmean": 2.01821804047}, "melbands_skewness": {"dvar": 0.353673577309, "mean": 2.31369686127, "min": -2.34846353531, "median": 2.17088675499, "dvar2": 0.783425569534, "var": 2.75818324089, "dmean2": 0.637441575527, "max": 32.6147346497, "dmean": 0.430618822575}, "spectral_entropy": {"dvar": 0.0324093289673, "mean": 6.43077754974, "min": 4.551217556, "median": 6.40108728409, "dvar2": 0.0616925060749, "var": 0.460192143917, "dmean2": 0.223417714238, "max": 9.82129955292, "dmean": 0.157047688961}, "zerocrossingrate": {"dvar": 4.99179659528e-05, "mean": 0.0296643041074, "min": 0, "median": 0.02392578125, "dvar2": 8.34729798953e-05, "var": 0.00165791646577, "dmean2": 0.00453952513635, "max": 0.52685546875, "dmean": 0.00364112923853}, "average_loudness": 0.395820617676, "spectral_contrast_coeffs": {"dvar": [0.00132667133585, 0.000901651801541, 0.00083090364933, 0.000589395000134, 0.000417522125645, 0.000323908228893], "mean": [-0.559028565884, -0.677095174789, -0.721717178822, -0.736646771431, -0.782403230667, -0.793200850487], "min": [-0.978457212448, -0.997779071331, -0.998466193676, -0.986927628517, -0.987679243088, -0.964030563831], "median": [-0.558514773846, -0.67181634903, -0.723891854286, -0.732051849365, -0.783067643642, -0.790687084198], "dvar2": [0.00351491221227, 0.00229370128363, 0.0020257094875, 0.00150634883903, 0.000951735128183, 0.000836641178466], "var": [0.00913229491562, 0.0067025674507, 0.00629718415439, 0.0040401853621, 0.00335201574489, 0.00238122511655], "dmean2": [0.0680853873491, 0.0574207864702, 0.051855891943, 0.0449714884162, 0.0355757512152, 0.0313038825989], "max": [-0.236382678151, -0.432465314865, -0.393623143435, -0.453606784344, -0.55888491869, -0.568056285381], "dmean": [0.041406724602, 0.0355199612677, 0.0321180187166, 0.0278637278825, 0.022351667285, 0.0192574951798]}, "barkbands_flatness_db": {"dvar": 0.000344574335031, "mean": 0.256486356258, "min": 0.0571445785463, "median": 0.248550489545, "dvar2": 0.000663257960696, "var": 0.00616772891954, "dmean2": 0.0261778756976, "max": 0.498369663954, "dmean": 0.0185441207141}, "silence_rate_30dB": {"dvar": 0.00628132838756, "mean": 0.991703689098, "min": 0, "median": 1, "dvar2": 0.015051946044, "var": 0.00822739768773, "dmean2": 0.012644472532, "max": 1, "dmean": 0.0063216118142}, "spectral_energyband_high": {"dvar": 2.25103704565e-08, "mean": 5.2377123211e-05, "min": 7.01402307418e-21, "median": 7.2339239523e-06, "dvar2": 5.53628929367e-08, "var": 2.85569523584e-08, "dmean2": 4.4907334086e-05, "max": 0.00869997777045, "dmean": 3.09221322823e-05}, "melbands_flatness_db": {"dvar": 0.000475428649224, "mean": 0.34135979414, "min": -1.63944292808e-07, "median": 0.331131368876, "dvar2": 0.000939045392442, "var": 0.00886982679367, "dmean2": 0.0281092338264, "max": 0.599723875523, "dmean": 0.0196708664298}, "barkbands": {"dvar": [3.42085781924e-09, 7.6300902947e-06, 6.76522859067e-06, 2.55889426626e-06, 2.5723618819e-05, 6.11961604591e-06, 2.47767957262e-06, 1.12164809707e-06, 9.56924168349e-07, 7.51380912334e-06, 4.45940668214e-06, 1.21018828736e-07, 3.97673602492e-07, 1.19762802342e-07, 3.01498374711e-07, 5.4979850006e-08, 1.9803509943e-08, 1.3350849315e-08, 1.76629786353e-08, 4.03717903552e-09, 7.16682979629e-09, 6.84097112291e-10, 4.56338022925e-10, 6.36359714923e-11, 1.49065537691e-10, 3.07101954977e-10, 2.01887053082e-12], "mean": [1.37648494274e-05, 0.00151888024993, 0.00393319595605, 0.00238053896464, 0.00490246340632, 0.00359810539521, 0.00120215199422, 0.000737435359042, 0.000662531936541, 0.00160867068917, 0.000865725858603, 0.000254901504377, 0.000500452006236, 0.000176542351255, 0.000304632529151, 0.000112369903945, 7.0400594268e-05, 4.77517714899e-05, 4.7390407417e-05, 2.11986389331e-05, 1.73152729985e-05, 1.04547507362e-05, 5.78207345825e-06, 2.78568109024e-06, 3.27082852891e-06, 2.97335691357e-06, 1.38438963404e-07], "min": [4.0406979053e-25, 4.59576242772e-24, 8.42646329207e-25, 4.41032607802e-25, 8.18801410904e-24, 6.88221738579e-24, 1.04787131388e-23, 8.8172064116e-24, 1.9118854987e-23, 1.45718780843e-23, 1.0593421403e-23, 2.52108554157e-23, 2.56616026484e-23, 3.42440890196e-23, 2.42378964633e-23, 6.41305482641e-23, 4.71209527209e-23, 1.06036108038e-22, 1.22980815038e-22, 1.699060987e-22, 2.7646686866e-22, 2.85023472505e-22, 4.39700011896e-22, 5.82820988581e-22, 7.6397944972e-22, 1.30650067748e-21, 1.86524179421e-21], "median": [8.12697749097e-07, 0.000356919539627, 0.00173143739812, 0.00108914729208, 0.00262035778724, 0.00169282814022, 0.000357777520549, 0.000230951598496, 0.000198639347218, 0.000222746399231, 0.000137116585393, 7.92805949459e-05, 0.000136568880407, 3.64373554476e-05, 4.01037323172e-05, 1.8682980226e-05, 9.52381287789e-06, 5.42617999599e-06, 5.71452846998e-06, 2.26370707423e-06, 1.69701502273e-06, 1.40047825425e-06, 7.52927235226e-07, 3.54700489424e-07, 2.53972984865e-07, 7.83842324381e-08, 5.2807935802e-09], "dvar2": [8.6427736079e-09, 2.0619831048e-05, 1.74653850991e-05, 6.5773492679e-06, 6.74976763548e-05, 1.36108128572e-05, 6.00583689447e-06, 2.36860955738e-06, 1.98625684789e-06, 9.23597326619e-06, 9.06428340386e-06, 3.02455475776e-07, 8.0435182781e-07, 2.73020731356e-07, 6.13012559825e-07, 1.27846831788e-07, 4.92711720312e-08, 3.47247635091e-08, 4.36256613057e-08, 1.03211501568e-08, 1.77137948754e-08, 1.74939607245e-09, 1.22841392614e-09, 1.65693528342e-10, 3.77560871456e-10, 7.17773285253e-10, 5.27238365813e-12], "var": [3.65225916177e-09, 1.30543403429e-05, 3.43990977854e-05, 1.47423079397e-05, 5.56889099244e-05, 2.73982532235e-05, 6.65216157358e-06, 2.88395904136e-06, 2.56553812505e-06, 4.23122619395e-05, 1.0637946616e-05, 2.87323786097e-07, 1.67572807186e-06, 2.83939840529e-07, 8.46556929446e-07, 1.18279366745e-07, 4.17116616802e-08, 2.68963891159e-08, 2.55886050127e-08, 5.26986898564e-09, 8.29828561422e-09, 8.62240223665e-10, 3.84618031868e-10, 6.26692725492e-11, 1.48551060342e-10, 3.11872666581e-10, 1.48479145645e-12], "dmean2": [2.2267940949e-05, 0.00128474796657, 0.00183935556561, 0.0013816311257, 0.00261457613669, 0.0016036744928, 0.000756887893658, 0.000463958218461, 0.000455905683339, 0.000775618711486, 0.000622879364528, 0.000189808633877, 0.000360934529454, 0.000151156797074, 0.000247127987677, 9.52311311266e-05, 6.37905322947e-05, 4.53437387478e-05, 5.05554489791e-05, 2.22031048907e-05, 1.8686592739e-05, 9.80167806119e-06, 6.36276126897e-06, 2.84157522401e-06, 3.51403991772e-06, 4.25006555815e-06, 2.96798589261e-07], "max": [0.00138241052628, 0.0524233803153, 0.0619211494923, 0.0503423064947, 0.18098205328, 0.112085483968, 0.0510890819132, 0.0395683087409, 0.0335200950503, 0.133396744728, 0.0879547595978, 0.00908915977925, 0.0233037527651, 0.011462777853, 0.0182507988065, 0.00820875260979, 0.00479685747996, 0.00532960612327, 0.00352874863893, 0.00261305249296, 0.00509119639173, 0.00169196631759, 0.00105599244125, 0.000304444227368, 0.000441080221208, 0.000334325770382, 4.1482380766e-05], "dmean": [1.33608928081e-05, 0.000781964452472, 0.00116132188123, 0.000836548919324, 0.00167820893694, 0.00111137249041, 0.000508261087816, 0.000342712068232, 0.000316540506901, 0.000612960022409, 0.000435937865404, 0.000121642318845, 0.000239425469772, 9.65676808846e-05, 0.000162255033501, 5.98159458605e-05, 3.94228081859e-05, 2.77758917946e-05, 3.09488168568e-05, 1.34591164169e-05, 1.21328193927e-05, 6.45134832666e-06, 4.09104268329e-06, 1.87757814274e-06, 2.35320180764e-06, 2.84786347038e-06, 1.77266173296e-07]}, "erbbands_spread": {"dvar": 27.5615406036, "mean": 22.5811843872, "min": 1.43807065487, "median": 20.2310733795, "dvar2": 50.6631393433, "var": 172.644104004, "dmean2": 5.37693071365, "max": 121.344528198, "dmean": 3.74955129623}, "barkbands_kurtosis": {"dvar": 105.234069824, "mean": 7.57327842712, "min": -1.8653781414, "median": 3.70561552048, "dvar2": 253.153198242, "var": 876.965332031, "dmean2": 4.02173757553, "max": 894.589294434, "dmean": 2.65365982056}, "spectral_flux": {"dvar": 0.000474492902867, "mean": 0.0423096865416, "min": 6.40436176313e-11, "median": 0.0327990204096, "dvar2": 0.00107449234929, "var": 0.00130979216192, "dmean2": 0.0210633762181, "max": 0.397092074156, "dmean": 0.0133530301973}, "silence_rate_20dB": {"dvar": 0, "mean": 1, "min": 1, "median": 1, "dvar2": 0, "var": 0, "dmean2": 0, "max": 1, "dmean": 0}, "gfcc": {"cov": [[22198.9042969, -862.461303711, -1701.83959961, 1059.64575195, -1283.35058594, 363.748260498, -768.656555176, 340.998168945, -519.780761719, 548.218078613, -524.655395508, 327.713043213, -274.996887207], [-862.461303711, 3167.04296875, -445.393218994, -1226.03881836, 798.889648438, -534.909423828, 376.074066162, -340.079376221, 316.729370117, -544.770385742, 343.419311523, -331.059448242, 239.487869263], [-1701.83959961, -445.393218994, 771.149291992, 175.201187134, -32.7855148315, 171.108932495, -28.5690345764, 67.5374755859, -39.0045471191, 102.243453979, -23.9987182617, 76.1983566284, -57.8067970276], [1059.64575195, -1226.03881836, 175.201187134, 876.194580078, -331.049438477, 246.879226685, -125.6224823, 137.587142944, -117.715713501, 231.584396362, -111.129898071, 108.859130859, -89.2633209229], [-1283.35058594, 798.889648438, -32.7855148315, -331.049438477, 466.850158691, -117.229415894, 171.441711426, -60.9102935791, 120.636703491, -135.316085815, 116.225914001, -86.925819397, 72.0943832397], [363.748260498, -534.909423828, 171.108932495, 246.879226685, -117.229415894, 273.480621338, -47.6875076294, 77.902381897, -57.8387107849, 105.53061676, -77.7254333496, 60.3879623413, -46.4863166809], [-768.656555176, 376.074066162, -28.5690345764, -125.6224823, 171.441711426, -47.6875076294, 210.274368286, -1.85711991787, 79.9703140259, -91.3228302002, 42.1497268677, -60.0817489624, 51.297706604], [340.998168945, -340.079376221, 67.5374755859, 137.587142944, -60.9102935791, 77.902381897, -1.85711991787, 145.739685059, -3.94963240623, 82.4667282104, -41.4991912842, 51.631778717, -23.3686790466], [-519.780761719, 316.729370117, -39.0045471191, -117.715713501, 120.636703491, -57.8387107849, 79.9703140259, -3.94963240623, 129.180984497, -37.4737625122, 49.167263031, -44.6388130188, 34.2297554016], [548.218078613, -544.770385742, 102.243453979, 231.584396362, -135.316085815, 105.53061676, -91.3228302002, 82.4667282104, -37.4737625122, 189.9140625, -38.7827949524, 64.9904632568, -63.6107330322], [-524.655395508, 343.419311523, -23.9987182617, -111.129898071, 116.225914001, -77.7254333496, 42.1497268677, -41.4991912842, 49.167263031, -38.7827949524, 127.797859192, -19.8650493622, 22.1357841492], [327.713043213, -331.059448242, 76.1983566284, 108.859130859, -86.925819397, 60.3879623413, -60.0817489624, 51.631778717, -44.6388130188, 64.9904632568, -19.8650493622, 118.684707642, -6.50525188446], [-274.996887207, 239.487869263, -57.8067970276, -89.2633209229, 72.0943832397, -46.4863166809, 51.297706604, -23.3686790466, 34.2297554016, -63.6107330322, 22.1357841492, -6.50525188446, 107.902198792]], "mean": [-126.686447144, 179.370513916, -111.144927979, 0.269265145063, -44.2222595215, 0.0680618211627, -35.8592948914, -16.0182247162, -23.7533512115, -10.8371725082, -11.3522052765, -8.96135807037, -7.74512290955], "icov": [[0.000184371951036, -0.000601145962719, 0.000507347169332, -0.000355519296136, 0.000337614445016, -0.000220903559239, 0.000278674968285, -0.000489544298034, 0.000561430468224, -0.000730245024897, 0.000851473771036, -0.000696528935805, 0.000397299416363], [-0.000601145962719, 0.00368433073163, -0.00151644693688, 0.00214883941226, -0.00174797477666, 0.000973424583208, -0.00087966141291, 0.002173503628, -0.00259705586359, 0.00397848570719, -0.00447749672458, 0.00376138673164, -0.00195338902995], [0.000507347169332, -0.00151644693688, 0.00302659277804, -0.000932500057388, 0.000546774303075, -0.00141725444701, 0.000561671040487, -0.00123363395687, 0.00156787713058, -0.00216823071241, 0.00202326476574, -0.0025698794052, 0.0016530797584], [-0.000355519296136, 0.00214883941226, -0.000932500057388, 0.00344425835647, -0.000127725972561, -0.000305427704006, -0.000990789267235, 0.000837207655422, -0.00078535056673, 0.000765019387472, -0.00275602587499, 0.00236380891874, -0.0013115304755], [0.000337614445016, -0.00174797477666, 0.000546774303075, -0.000127725972561, 0.00545259797946, -0.000800783222076, -0.00136645662133, -0.00105980027001, 0.000199738482479, -0.00151549233124, -8.96791607374e-06, -0.000949113222305, 0.000347131164744], [-0.000220903559239, 0.000973424583208, -0.00141725444701, -0.000305427704006, -0.000800783222076, 0.00680807465687, -0.000926263979636, 4.37074813817e-05, 3.61550446542e-05, -0.000143551093061, 0.00113878562115, 0.000252427329542, -0.000132022309117], [0.000278674968285, -0.00087966141291, 0.000561671040487, -0.000990789267235, -0.00136645662133, -0.000926263979636, 0.010027628392, -0.00407780241221, -0.001569348271, 0.00263672578149, 0.00063021684764, 0.00166396365967, -0.000969258195255], [-0.000489544298034, 0.002173503628, -0.00123363395687, 0.000837207655422, -0.00105980027001, 4.37074813817e-05, -0.00407780241221, 0.013980101794, -0.00426695868373, -0.00158195919357, 0.000364978070138, -0.00219070259482, -0.000132697299705], [0.000561430468224, -0.00259705586359, 0.00156787713058, -0.00078535056673, 0.000199738482479, 3.61550446542e-05, -0.001569348271, -0.00426695868373, 0.0156296435744, -0.00514971185476, 0.000593114935327, 0.000853240315337, -0.000974928669166], [-0.000730245024897, 0.00397848570719, -0.00216823071241, 0.000765019387472, -0.00151549233124, -0.000143551093061, 0.00263672578149, -0.00158195919357, -0.00514971185476, 0.0173528026789, -0.00614606868476, 0.00239954399876, 0.00140358728822], [0.000851473771036, -0.0044