{"tonal": {"hpcp": {"dvar": [0.039382878691, 0.0292994547635, 0.0184543803334, 0.0221414696425, 0.0325707197189, 0.0316203981638, 0.040465913713, 0.0340319015086, 0.0228688083589, 0.0191586147994, 0.0209454596043, 0.0294729657471, 0.0399333164096, 0.0389932952821, 0.0337089970708, 0.0331235565245, 0.0275295116007, 0.019754037261, 0.0153319435194, 0.026196166873, 0.0335025005043, 0.0387551560998, 0.0296013616025, 0.0348169468343, 0.0185302235186, 0.0121956160292, 0.0150970127434, 0.0183552838862, 0.014087645337, 0.0137788616121, 0.0128817940131, 0.0157169979066, 0.0236282739788, 0.026346558705, 0.0306372903287, 0.0365963093936], "var": [0.134670361876, 0.0338440984488, 0.0116424011067, 0.0149789433926, 0.0262399930507, 0.0533430688083, 0.0952491685748, 0.0444891862571, 0.0160335171968, 0.0123768141493, 0.0151820266619, 0.0498529560864, 0.101054176688, 0.0540207996964, 0.060838997364, 0.156089663506, 0.0721351355314, 0.0144938947633, 0.0108390608802, 0.0202174130827, 0.0688789635897, 0.118670687079, 0.046520806849, 0.0264704152942, 0.0129863070324, 0.00915195606649, 0.0264919903129, 0.0420487523079, 0.0167176127434, 0.0100100273266, 0.00844723638147, 0.0101241469383, 0.0262239426374, 0.0432640723884, 0.0336624495685, 0.0915428623557], "median": [0.155521571636, 0.071623377502, 0.00370865035802, 0.00172401370946, 0.00244828197174, 0.0286329109222, 0.0463560298085, 0.0244730059057, 0.00234733498655, 0.0013163468102, 0.0020623949822, 0.0119212903082, 0.0192536003888, 0.0185802299529, 0.0277122389525, 0.0214372780174, 0.0129079027101, 0.00504932738841, 0.00235822959803, 0.00566080445424, 0.0617148317397, 0.10927888751, 0.0624079033732, 0.00508532859385, 0.00198321044445, 0.00321958540007, 0.0183643233031, 0.0275746267289, 0.0142327416688, 0.00154839653987, 0.000959492870606, 0.00146709848195, 0.00565023859963, 0.00884871184826, 0.0237716976553, 0.108843952417], "max": [1, 1, 1, 1, 1, 1, 1, 1, 1, 1, 1, 1, 1, 1, 1, 1, 1, 1, 1, 1, 1, 1, 1, 1, 1, 1, 1, 1, 1, 1, 1, 1, 1, 1, 1, 1], "dmean": [0.126756727695, 0.100752741098, 0.0483999066055, 0.0469169616699, 0.0654664263129, 0.093525916338, 0.108631834388, 0.0922356173396, 0.0521029047668, 0.0394876115024, 0.048408459872, 0.0782235339284, 0.0920321643353, 0.100535817444, 0.101265378296, 0.0807470679283, 0.0858643874526, 0.0538174808025, 0.041462033987, 0.0651435703039, 0.107895493507, 0.119330070913, 0.102831661701, 0.0773880407214, 0.0496891513467, 0.033248309046, 0.0527616888285, 0.0622323825955, 0.0471535883844, 0.0309742037207, 0.0284391269088, 0.0346477814019, 0.0563468076289, 0.0671302080154, 0.0922963693738, 0.128748610616], "dmean2": [0.210556834936, 0.175369471312, 0.0904665291309, 0.0873654857278, 0.119869999588, 0.156448796391, 0.180257484317, 0.15762744844, 0.0963737294078, 0.0741784200072, 0.0897241979837, 0.132808730006, 0.157100945711, 0.173742830753, 0.174992278218, 0.139536932111, 0.147625416517, 0.0974083095789, 0.0759721845388, 0.117616593838, 0.180943116546, 0.195370227098, 0.173677384853, 0.139369443059, 0.0906559973955, 0.0607041418552, 0.0882302224636, 0.100361354649, 0.0807345956564, 0.0581939183176, 0.0539454594254, 0.0651560053229, 0.100319333375, 0.116847313941, 0.160200193524, 0.218985572457], "mean": [0.337968438864, 0.150872319937, 0.0324830375612, 0.0322484523058, 0.0505350977182, 0.137179657817, 0.204550534487, 0.121561639011, 0.0372497215867, 0.0267355423421, 0.0352743454278, 0.111608162522, 0.175418883562, 0.125635132194, 0.16882096231, 0.27439942956, 0.171301543713, 0.0420352779329, 0.0308489911258, 0.0523770786822, 0.191812455654, 0.282640576363, 0.160133957863, 0.0583897866309, 0.0355431325734, 0.0265245996416, 0.0790339931846, 0.108685471117, 0.0584472678602, 0.0218319557607, 0.0181162543595, 0.0234974585474, 0.0604727678001, 0.087495945394, 0.096623532474, 0.260916382074], "dvar2": [0.0958759710193, 0.0831243991852, 0.0524134226143, 0.0624316558242, 0.0900583714247, 0.0812827572227, 0.0957227870822, 0.0887622311711, 0.0641164928675, 0.0541115701199, 0.0602406263351, 0.0763124600053, 0.095132894814, 0.1022464782, 0.0910504832864, 0.0800197795033, 0.0735576674342, 0.0552145987749, 0.0430939123034, 0.0728773847222, 0.0877077952027, 0.0908886641264, 0.0783308073878, 0.0951755717397, 0.0516500882804, 0.0355034321547, 0.0380879454315, 0.0407090485096, 0.0372334383428, 0.0373736843467, 0.0359949953854, 0.0452229678631, 0.0639495551586, 0.0675212815404, 0.0838029906154, 0.0942647531629], "min": [0, 0, 0, 0, 0, 0, 0, 0, 0, 0, 0, 0, 0, 0, 0, 0, 0, 0, 0, 0, 0, 0, 0, 0, 0, 0, 0, 0, 0, 0, 0, 0, 0, 0, 0, 0]}, "key_key": "A", "thpcp": [1, 0.446409493685, 0.0961126387119, 0.0954185351729, 0.14952608943, 0.405894875526, 0.605235636234, 0.359683394432, 0.11021656543, 0.0791066214442, 0.104371711612, 0.33023250103, 0.519039273262, 0.371736288071, 0.499516934156, 0.811908423901, 0.506856620312, 0.124376341701, 0.0912777259946, 0.154976248741, 0.567545473576, 0.836292803288, 0.473813354969, 0.172766983509, 0.105167016387, 0.078482478857, 0.233850210905, 0.321584671736, 0.172937065363, 0.0645976141095, 0.0536033920944, 0.0695255994797, 0.178930222988, 0.258887916803, 0.285895138979, 0.772014021873], "chords_key": "A", "tuning_equal_tempered_deviation": 0.0154157867655, "tuning_frequency": 440.763122559, "tuning_diatonic_strength": 0.645847082138, "chords_histogram": [41.4596672058, 1.15236878395, 12.4455823898, 0, 0, 0, 0, 0.384122908115, 0.153649166226, 0, 0.512163877487, 0, 0, 0, 0, 0.588988482952, 0, 1.1779769659, 0, 0.307298332453, 0.102432779968, 9.42381572723, 22.9449424744, 9.34699058533], "key_strength": 0.831246435642, "key_scale": "major", "chords_strength": {"dvar": 5.43459900655e-05, "var": 0.0108941337094, "median": 0.514764249325, "max": 0.788559734821, "dmean": 0.00910231657326, "dmean2": 0.0068871951662, "mean": 0.518511652946, "dvar2": 4.39937757619e-05, "min": 0.234251514077}, "chords_number_rate": 0.00179257360287, "tuning_nontempered_energy_ratio": 0.622865557671, "hpcp_entropy": {"dvar": 0.220042347908, "var": 0.470688134432, "median": 1.62413716316, "max": 4.13745832443, "dmean": 0.51940703392, "dmean2": 0.86743748188, "mean": 1.60467982292, "dvar2": 0.574339926243, "min": 0}, "chords_changes_rate": 0.0394366197288, "chords_scale": "major"}, "rhythm": {"bpm_histogram_first_peak_spread": {"dvar": 0, "var": 0, "median": 0.359890162945, "max": 0.359890162945, "dmean": 0, "dmean2": 0, "mean": 0.359890162945, "dvar2": 0, "min": 0.359890162945}, "bpm_histogram_first_peak_weight": {"dvar": 0, "var": 0, "median": 0.571078419685, "max": 0.571078419685, "dmean": 0, "dmean2": 0, "mean": 0.571078419685, "dvar2": 0, "min": 0.571078419685}, "bpm_histogram_first_peak_bpm": {"dvar": 0, "var": 0, "median": 136, "max": 136, "dmean": 0, "dmean2": 0, "mean": 136, "dvar2": 0, "min": 136}, "bpm": 135.019729614, "bpm_histogram_second_peak_weight": {"dvar": 0, "var": 0, "median": 0.0367647074163, "max": 0.0367647074163, "dmean": 0, "dmean2": 0, "mean": 0.0367647074163, "dvar2": 0, "min": 0.0367647074163}, "beats_loudness": {"dvar": 0.000262031215243, "var": 0.000324009219185, "median": 0.0239044222981, "max": 0.0944387093186, "dmean": 0.0179525762796, "dmean2": 0.0321810245514, "mean": 0.0272562783211, "dvar2": 0.000762957439292, "min": 4.32646487525e-08}, "beats_loudness_band_ratio": {"dvar": [0.0329403541982, 0.0330831520259, 0.0280039869249, 0.0254619326442, 0.00346979405731, 0.00748476013541], "var": [0.065262131393, 0.0381944105029, 0.0291537567973, 0.0204839594662, 0.00359207764268, 0.00502004753798], "median": [0.440116554499, 0.185542196035, 0.110349081457, 0.0304421614856, 0.0172215364873, 0.0184435229748], "max": [0.993603289127, 0.860370635986, 0.835897445679, 0.83902913332, 0.440261036158, 0.605931341648], "dmean": [0.231363415718, 0.203183785081, 0.163398087025, 0.0967203229666, 0.0413661934435, 0.0540500469506], "dmean2": [0.399311721325, 0.371117174625, 0.298700004816, 0.179878368974, 0.0717916488647, 0.102119930089], "mean": [0.44744887948, 0.244055002928, 0.170802488923, 0.0815189555287, 0.0424443893135, 0.0429581776261], "dvar2": [0.0818833708763, 0.0991088822484, 0.0736486241221, 0.0677611678839, 0.00886466354132, 0.0213899780065], "min": [0.00157359952573, 6.46916669211e-05, 0.000270440039458, 5.8412017097e-05, 7.92917944636e-06, 7.63018306316e-06]}, "bpm_histogram_second_peak_bpm": {"dvar": 0, "var": 0, "median": 129, "max": 129, "dmean": 0, "dmean2": 0, "mean": 129, "dvar2": 0, "min": 129}, "onset_rate": 3.97705793381, "beats_count": 409, "beats_position": [0.417959183455, 0.859138309956, 1.30031740665, 1.74149656296, 2.17106580734, 2.60063481331, 3.04181408882, 3.48299312592, 3.92417216301, 4.3653512001, 4.80653047562, 5.23609972, 5.66566896439, 6.10684776306, 6.54802703857, 6.98920631409, 7.4303855896, 7.87156438828, 8.31274318695, 8.75392246246, 9.19510173798, 9.62467098236, 10.0542402267, 10.4954195023, 10.9365987778, 11.3777770996, 11.8189563751, 12.2601356506, 12.7013149261, 13.1424942017, 13.5836734772, 14.0248527527, 14.4660310745, 14.90721035, 15.3483896255, 15.7895689011, 16.2307472229, 16.6719264984, 17.1014957428, 17.5310649872, 17.9722442627, 18.4134235382, 18.8546028137, 19.2957820892, 19.7369613647, 20.1781406403, 20.6193199158, 21.0604991913, 21.5016784668, 21.942855835, 22.3840351105, 22.825214386, 23.2663936615, 23.707572937, 24.1603622437, 24.6131515503, 25.0543308258, 25.4955101013, 25.9366893768, 26.3778686523, 26.8190479279, 27.2602272034, 27.7014045715, 28.142583847, 28.5837631226, 29.0249423981, 29.4661216736, 29.9073009491, 30.3484802246, 30.7896595001, 31.2308387756, 31.66040802, 32.0899772644, 32.5311546326, 32.9723358154, 33.4135131836, 33.8546943665, 34.2958717346, 34.7370529175, 35.1782302856, 35.6194114685, 36.0605888367, 36.5017662048, 36.9429473877, 37.3841247559, 37.8253059387, 38.2664833069, 38.7076644897, 39.1488418579, 39.5900230408, 40.0312004089, 40.4723815918, 40.91355896, 41.3547401428, 41.8075294495, 42.2603149414, 42.7014961243, 43.1426734924, 43.5954627991, 44.0482521057, 44.5010414124, 44.9422225952, 45.3950119019, 45.83618927, 46.2773704529, 46.718547821, 47.1597251892, 47.6009063721, 48.0536956787, 48.4832649231, 48.9244422913, 49.3772315979, 49.8300209045, 50.2712020874, 50.7123794556, 51.1535606384, 51.6063499451, 52.0591392517, 52.5119247437, 52.9647140503, 53.4175033569, 53.8819046021, 54.3463020325, 54.8223114014, 55.2867126465, 55.7395019531, 56.2155075073, 56.6799087524, 57.1210861206, 57.5622673035, 58.0034446716, 58.4562339783, 58.9090232849, 59.3502044678, 59.7913818359, 60.2557830811, 60.6969604492, 61.1381378174, 61.590927124, 62.0321083069, 62.4848976135, 62.9260749817, 63.3672561646, 63.8200454712, 64.2728347778, 64.714012146, 65.1551895142, 65.5963668823, 66.0375518799, 66.4903411865, 66.9315185547, 67.3843078613, 67.8254852295, 68.2666625977, 68.7078475952, 69.1606369019, 69.6134262085, 70.0546035767, 70.4957809448, 70.9601821899, 71.4129714966, 71.8657608032, 72.3069381714, 72.759727478, 73.2125167847, 73.6536941528, 74.094871521, 74.5360565186, 74.9772338867, 75.4300231934, 75.8828125, 76.3356018066, 76.7883911133, 77.2411804199, 77.6939697266, 78.1467590332, 78.5995483398, 79.0523376465, 79.4935150146, 79.9346923828, 80.375869751, 80.8170471191, 81.2698364258, 81.7110214233, 82.1521987915, 82.5933761597, 83.0345535278, 83.4873428345, 83.9401321411, 84.3813171387, 84.8224945068, 85.2752838135, 85.7280731201, 86.1692504883, 86.6104278564, 87.0516052246, 87.4927902222, 87.9455795288, 88.3983688354, 88.8395462036, 89.2923355103, 89.7451248169, 90.1863021851, 90.6274795532, 91.0686569214, 91.5098419189, 91.9510192871, 92.4038085938, 92.8565979004, 93.2977752686, 93.7505645752, 94.2033538818, 94.64453125, 95.0857162476, 95.5268936157, 95.9680709839, 96.4092483521, 96.8504257202, 97.2916107178, 97.7327880859, 98.1739654541, 98.6151428223, 99.0563278198, 99.497505188, 99.9386825562, 100.379859924, 100.821044922, 101.273826599, 101.703399658, 102.156188965, 102.608978271, 103.05015564, 103.491333008, 103.932518005, 104.373695374, 104.814872742, 105.267662048, 105.720451355, 106.161628723, 106.602806091, 107.043991089, 107.496780396, 107.949569702, 108.39074707, 108.831924438, 109.273101807, 109.714286804, 110.155464172, 110.596641541, 111.049430847, 111.490608215, 111.931785583, 112.372970581, 112.814147949, 113.255325317, 113.708114624, 114.149291992, 114.602081299, 115.054870605, 115.496055603, 115.937232971, 116.378410339, 116.819587708, 117.260765076, 117.701950073, 118.15473938, 118.607528687, 119.048706055, 119.489883423, 119.954284668, 120.395462036, 120.836639404, 121.289428711, 121.742218018, 122.183395386, 122.624580383, 123.065757751, 123.50693512, 123.948112488, 124.389297485, 124.830474854, 125.271652222, 125.724441528, 126.177230835, 126.618408203, 127.07119751, 127.523986816, 127.965164185, 128.394729614, 128.824310303, 129.277099609, 129.729888916, 130.171066284, 130.612243652, 131.053421021, 131.494598389, 131.935775757, 132.388565063, 132.864578247, 133.352203369, 133.816589355, 134.280990601, 134.745391846, 135.209793091, 135.662582397, 136.115371704, 136.556549072, 136.99772644, 137.450515747, 137.903305054, 138.35609436, 138.808883667, 139.273284912, 139.71446228, 140.167251587, 140.620040894, 141.061218262, 141.50239563, 141.943572998, 142.384765625, 142.837554932, 143.290344238, 143.731521606, 144.172698975, 144.625488281, 145.078277588, 145.519454956, 145.960632324, 146.413421631, 146.866210938, 147.307388306, 147.760177612, 148.212966919, 148.654144287, 149.095321655, 149.536499023, 149.98928833, 150.442077637, 150.894866943, 151.336044312, 151.788833618, 152.230026245, 152.682815552, 153.12399292, 153.565170288, 154.017959595, 154.459136963, 154.900314331, 155.353103638, 155.805892944, 156.258682251, 156.711471558, 157.164260864, 157.628662109, 158.081451416, 158.545852661, 158.998641968, 159.451431274, 159.904220581, 160.357009888, 160.798187256, 161.239364624, 161.692153931, 162.133331299, 162.586120605, 163.027297974, 163.48008728, 163.932876587, 164.374053955, 164.826843262, 165.279632568, 165.720809937, 166.161987305, 166.614776611, 167.067565918, 167.508743286, 167.949935913, 168.391113281, 168.832290649, 169.273468018, 169.714645386, 170.167434692, 170.620223999, 171.084625244, 171.560638428, 172.036636353, 172.454605103, 172.872558594, 173.290512085, 173.708480835, 174.080001831, 174.451522827, 174.811431885, 175.182937622, 175.589294434, 176.007247925, 176.425216675, 176.831558228, 177.179855347, 177.528152466, 177.876464844, 178.236373901, 178.584671021, 178.93296814, 179.281265259, 179.641174316, 179.989471436, 180.349380493, 180.709289551], "danceability": 1.03788197041, "bpm_histogram_second_peak_spread": {"dvar": 0, "var": 0, "median": 0.25, "max": 0.25, "dmean": 0, "dmean2": 0, "mean": 0.25, "dvar2": 0, "min": 0.25}}, "lowlevel": {"spectral_flux": {"dvar": 0.000971806235611, "var": 0.00229723704979, "median": 0.0475488454103, "max": 0.380906403065, "dmean": 0.0225045233965, "dmean2": 0.035314925015, "mean": 0.0611079670489, "dvar2": 0.00210111611523, "min": 6.49618622783e-11}, "spectral_rolloff": {"dvar": 1444218.125, "var": 3331670.25, "median": 581.396484375, "max": 19401.4160156, "dmean": 408.060119629, "dmean2": 693.942504883, "mean": 1152.92614746, "dvar2": 3118782.75, "min": 64.599609375}, "barkbands_flatness_db": {"dvar": 0.000477034598589, "var": 0.00501305190846, "median": 0.173230752349, "max": 0.537656486034, "dmean": 0.0211342368275, "dmean2": 0.0298066586256, "mean": 0.181932121515, "dvar2": 0.000983032630756, "min": 0.0289640501142}, "spectral_centroid": {"dvar": 110471.171875, "var": 516524.53125, "median": 705.348388672, "max": 11209.2128906, "dmean": 183.164199829, "dmean2": 273.837799072, "mean": 892.625183105, "dvar2": 232552.609375, "min": 125.435913086}, "melbands_skewness": {"dvar": 0.708481371403, "var": 3.73961853981, "median": 2.66231584549, "max": 21.0479621887, "dmean": 0.668394446373, "dmean2": 1.0003516674, "mean": 2.87988305092, "dvar2": 1.67774796486, "min": -1.43000173569}, "melbands": {"dvar": [6.27135113973e-06, 4.00070075557e-06, 3.13469968205e-07, 3.6625544908e-07, 2.92544342528e-07, 1.05563835007e-07, 4.59364919436e-08, 1.95412582116e-07, 2.92854906547e-07, 5.23525500284e-07, 1.2316004927e-07, 1.76270926744e-08, 3.50096129864e-08, 4.65264236027e-08, 2.55519427839e-08, 5.91310422848e-09, 3.64413410558e-09, 2.51370502191e-09, 1.30385457986e-09, 6.81798839608e-10, 1.21972776324e-09, 8.76749839396e-10, 4.5294870632e-10, 1.78823691965e-10, 4.93136156909e-11, 4.73874099682e-11, 9.04249869427e-11, 1.4194859177e-10, 7.1801579439e-12, 3.83370592216e-11, 1.81698683877e-11, 2.44725437831e-11, 1.78870737666e-11, 2.05753383081e-11, 1.60117925863e-11, 1.09727834458e-11, 3.53504170381e-11, 3.66060133594e-11, 4.20363847897e-11, 1.28388324278e-11], "var": [4.54451992482e-06, 3.16892010233e-06, 1.22014387216e-06, 1.07757830392e-06, 1.2014800177e-06, 2.52524955613e-07, 1.5424231492e-07, 6.08583263784e-07, 7.96228277977e-07, 1.44416037529e-06, 4.78591289266e-07, 1.17348328388e-07, 2.15686199567e-07, 1.87361862913e-07, 9.20103460089e-08, 2.3526443016e-08, 1.00450137097e-08, 6.94964708003e-09, 3.67235442056e-09, 1.49671031124e-09, 2.24252927339e-09, 1.95155136495e-09, 1.65296598631e-09, 5.69973568343e-10, 1.09575459817e-10, 1.31975264051e-10, 1.75679554237e-10, 1.29836030816e-10, 1.00398326805e-11, 2.68435863815e-11, 2.23115224213e-11, 2.99206943943e-11, 4.18828513538e-11, 3.34315214401e-11, 2.19889384478e-11, 2.3136615887e-11, 7.86877160652e-11, 8.43326866673e-11, 7.68805713536e-11, 2.41535593609e-11], "median": [0.00030946591869, 0.000626087770797, 0.000652825983707, 0.000390467990655, 0.000295028090477, 0.000134798247018, 9.59556928137e-05, 5.19410023117e-05, 4.12181543652e-05, 3.95375682274e-05, 2.04292373382e-05, 1.90095070138e-05, 8.61957141751e-06, 7.34513287171e-06, 5.04783110955e-06, 4.44703300673e-06, 2.45866658588e-06, 2.71674161922e-06, 2.09695144804e-06, 2.10271923606e-06, 2.46567651629e-06, 1.89608761048e-06, 1.97911185751e-06, 2.00710064746e-06, 1.04977414139e-06, 9.83531663223e-07, 9.01211592463e-07, 5.44863326013e-07, 3.32779677592e-07, 2.04723306751e-07, 2.38849480638e-07, 1.78208040325e-07, 1.45896706272e-07, 1.54539861796e-07, 1.40834544027e-07, 1.42883493481e-07, 1.62388076319e-07, 1.58331260991e-07, 1.2895668533e-07, 9.38658502037e-08], "max": [0.033673800528, 0.031977340579, 0.0102039687335, 0.0107813915238, 0.0119049930945, 0.00859498791397, 0.00824853684753, 0.0158727411181, 0.0133839379996, 0.0168366376311, 0.0121900746599, 0.00530627323315, 0.00820095743984, 0.00975898560137, 0.00877688266337, 0.00303912884556, 0.00275024375878, 0.00147515896242, 0.00162055843975, 0.000658705655951, 0.000960917037446, 0.00078945455607, 0.000650010537356, 0.000463329226477, 0.000173476219061, 0.000140915319207, 0.000248760887189, 0.000209151388844, 5.72742719669e-05, 7.07808576408e-05, 9.10203743842e-05, 8.49950156407e-05, 0.000206554352189, 0.00016504812811, 8.27594121802e-05, 0.00011696304864, 0.000252942030784, 0.000299976876704, 0.00030872609932, 0.000139495794429], "dmean": [0.00057569774799, 0.000564404472243, 0.000299870880553, 0.000341816717992, 0.000277889164863, 0.000122319805087, 8.48447816679e-05, 0.000115638475108, 0.000157744027092, 0.000167189573403, 7.76444430812e-05, 4.09411404689e-05, 4.30990039604e-05, 4.45728801424e-05, 2.67956220341e-05, 1.73213375092e-05, 1.15185548566e-05, 1.28728488562e-05, 8.44465830596e-06, 7.70147198637e-06, 9.35281332204e-06, 8.56888436829e-06, 7.51039897295e-06, 5.29492263013e-06, 2.83739245788e-06, 2.85800319944e-06, 3.33133129971e-06, 3.13541636388e-06, 9.3634582754e-07, 1.38060022437e-06, 1.17566071367e-06, 1.21829134514e-06, 1.02392789358e-06, 1.09717245778e-06, 1.09095458356e-06, 9.34452316415e-07, 1.18273430871e-06, 1.21160712752e-06, 1.15161094527e-06, 7.0776661687e-07], "dmean2": [0.000987731502391, 0.00101266638376, 0.000496815599035, 0.000535729283001, 0.000414289679611, 0.000173100226675, 0.000125892736833, 0.000154088585987, 0.000208543075132, 0.000222103713895, 9.62356571108e-05, 5.19330169482e-05, 5.48434727534e-05, 5.89514602325e-05, 3.74425544578e-05, 2.32646598306e-05, 1.61964471772e-05, 1.85634671652e-05, 1.23342460938e-05, 1.13863643492e-05, 1.42811195474e-05, 1.23742429423e-05, 1.08637495941e-05, 7.88622219261e-06, 4.44887518825e-06, 4.40826715931e-06, 5.15389001521e-06, 5.34175660505e-06, 1.54118447426e-06, 2.4620703698e-06, 1.96652536033e-06, 2.00194631361e-06, 1.56639418947e-06, 1.72012244093e-06, 1.77817685199e-06, 1.46539218804e-06, 1.73056298536e-06, 1.75707259586e-06, 1.69090253621e-06, 1.03105833205e-06], "mean": [0.000735041510779, 0.00112751172855, 0.0010153898038, 0.000750006176531, 0.000671986781526, 0.000281268177787, 0.000221658978262, 0.000258229731116, 0.000318157748552, 0.000363376107998, 0.000187460522284, 0.000103079153632, 0.000100295619632, 9.15651180549e-05, 5.29212738911e-05, 3.75645067834e-05, 2.20775982598e-05, 2.36639571085e-05, 1.52364927999e-05, 1.37842916956e-05, 1.67617399711e-05, 1.54162989929e-05, 1.50087171278e-05, 9.89048476185e-06, 4.91675427838e-06, 5.23771996086e-06, 5.44598060515e-06, 3.60602075489e-06, 1.24747657537e-06, 1.32166553612e-06, 1.42995997976e-06, 1.39598921578e-06, 1.38303244057e-06, 1.44275020375e-06, 1.33445121264e-06, 1.26893280594e-06, 1.77138008439e-06, 1.82341022992e-06, 1.52297764089e-06, 9.08304571112e-07], "dvar2": [1.70437415363e-05, 1.1753137187e-05, 9.03693091914e-07, 8.59360284267e-07, 5.89816352203e-07, 2.117128588e-07, 1.01690872611e-07, 3.39361349688e-07, 5.11230041411e-07, 9.87686121334e-07, 1.97914829414e-07, 2.53201175582e-08, 6.01302971859e-08, 8.01578678988e-08, 4.13537719623e-08, 9.3100176457e-09, 7.38835082004e-09, 4.64515759191e-09, 2.57044208141e-09, 1.44451861583e-09, 2.63904720299e-09, 1.87251725237e-09, 8.7722112907e-10, 3.48763268265e-10, 1.14086649849e-10, 1.04771288867e-10, 2.2161171509e-10, 3.87666260204e-10, 1.80273573847e-11, 1.09397893522e-10, 4.69275104886e-11, 6.19765350152e-11, 3.45776532407e-11, 4.38926117674e-11, 3.86582849066e-11, 2.46024780409e-11, 7.46661274476e-11, 6.82970277555e-11, 8.3167507603e-11, 2.32259194516e-11], "min": [3.91217934903e-24, 1.77278699635e-24, 1.74130414927e-24, 2.8738070643e-24, 4.05998348368e-24, 2.00734670069e-24, 4.76765876884e-24, 4.02086071594e-24, 4.66285662543e-24, 1.51393106638e-24, 4.81081064364e-24, 2.19384189894e-24, 3.15965554647e-24, 3.1894565421e-24, 3.17462437936e-24, 5.80329863661e-24, 3.75504890633e-24, 5.15857445168e-24, 6.17719109555e-24, 4.83587433232e-24, 4.96372856911e-24, 6.07057181105e-24, 5.79127955186e-24, 5.42814794452e-24, 3.25754647949e-24, 5.73932162276e-24, 8.08682770959e-24, 5.59942700198e-24, 8.679446054e-24, 6.41964473376e-24, 5.3802605377e-24, 7.97121146646e-24, 6.83154490554e-24, 6.04271673805e-24, 6.59440542883e-24, 9.33102859563e-24, 7.92304914161e-24, 8.20546923429e-24, 6.5614389316e-24, 8.38008990655e-24]}, "spectral_decrease": {"dvar": 1.07897174404e-17, "var": 2.17767141481e-17, "median": -4.40014824576e-09, "max": 2.21429654607e-28, "dmean": 1.58719581922e-09, "dmean2": 2.44267606142e-09, "mean": -5.64058089125e-09, "dvar2": 2.78907700149e-17, "min": -5.05260402406e-08}, "barkbands_kurtosis": {"dvar": 74.8591308594, "var": 1974.91027832, "median": 5.53315496445, "max": 1011.87561035, "dmean": 4.39585161209, "dmean2": 6.63756942749, "mean": 12.5392980576, "dvar2": 147.090026855, "min": -1.95208835602}, "silence_rate_30dB": {"dvar": 0.0012792206835, "var": 0.001023458899, "median": 1, "max": 1, "dmean": 0.00128090172075, "dmean2": 0.0025621317327, "mean": 0.998975396156, "dvar2": 0.00332401902415, "min": 0}, "gfcc": {"mean": [-45.8592948914, 107.428451538, -88.0115814209, 22.9393043518, -55.6403427124, 5.23395204544, -38.8413772583, 9.70935916901, -25.0056056976, -7.68513345718, -13.1944198608, -4.46903753281, -8.90075492859], "cov": [[14379.1835938, -1708.9206543, -2056.26245117, -225.865447998, -608.699462891, 280.273132324, -617.389099121, 393.183197021, -380.268615723, -159.725845337, -147.994995117, -151.878570557, -190.469818115], [-1708.9206543, 1974.74182129, -184.02973938, -165.366699219, 216.404281616, -213.357574463, 186.372787476, -166.255218506, 99.9284820557, -61.880531311, 94.4077301025, -120.143768311, 59.2336807251], [-2056.26245117, -184.02973938, 1308.53356934, 174.466384888, 47.8769798279, 10.9955720901, 105.027801514, -134.512542725, 44.8090896606, 103.135017395, -46.8142662048, 152.749725342, -11.4055204391], [-225.865447998, -165.366699219, 174.466384888, 512.486938477, -16.8472118378, -29.5009174347, -44.3635864258, -13.6398620605, 64.6727523804, 25.2683334351, -10.3984022141, 83.5808334351, 20.4477939606], [-608.699462891, 216.404281616, 47.8769798279, -16.8472118378, 326.7762146, -48.9125823975, 73.5406265259, -13.3374614716, 65.4409713745, 36.337146759, 0.279192119837, 15.6448478699, 20.1073532104], [280.273132324, -213.357574463, 10.9955720901, -29.5009174347, -48.9125823975, 260.30670166, 32.6097373962, 17.3971004486, -21.7974624634, 24.3113899231, 14.8876447678, -19.04139328, -8.63099479675], [-617.389099121, 186.372787476, 105.027801514, -44.3635864258, 73.5406265259, 32.6097373962, 295.248657227, -51.6876411438, 22.2984256744, 34.373588562, 8.0956029892, 3.40524530411, -14.6871681213], [393.183197021, -166.255218506, -134.512542725, -13.6398620605, -13.3374614716, 17.3971004486, -51.6876411438, 244.242446899, 22.2272624969, -19.8276634216, 26.2319374084, -27.67486763, 23.2803821564], [-380.268615723, 99.9284820557, 44.8090896606, 64.6727523804, 65.4409713745, -21.7974624634, 22.2984256744, 22.2272624969, 170.385009766, 49.0112533569, -17.405632019, 14.4752388, 28.0920143127], [-159.725845337, -61.880531311, 103.135017395, 25.2683334351, 36.337146759, 24.3113899231, 34.373588562, -19.8276634216, 49.0112533569, 114.378082275, 9.04124641418, 27.6681079865, -6.80970287323], [-147.994995117, 94.4077301025, -46.8142662048, -10.3984022141, 0.279192119837, 14.8876447678, 8.0956029892, 26.2319374084, -17.405632019, 9.04124641418, 131.022583008, -0.809067666531, 5.24715137482], [-151.878570557, -120.143768311, 152.749725342, 83.5808334351, 15.6448478699, -19.04139328, 3.40524530411, -27.67486763, 14.4752388, 27.6681079865, -0.809067666531, 131.365280151, 12.2972211838], [-190.469818115, 59.2336807251, -11.4055204391, 20.4477939606, 20.1073532104, -8.63099479675, -14.6871681213, 23.2803821564, 28.0920143127, -6.80970287323, 5.24715137482, 12.2972211838, 90.0926895142]], "icov": [[0.000127056613564, 5.53694444534e-05, 0.000208364595892, 8.32850037114e-06, 9.35600182856e-05, -8.2542122982e-05, 0.000132560948259, -9.24711712287e-05, 0.000165691017173, -9.84364523902e-05, 0.00021764934354, -0.000112568108307, 0.000217001899728], [5.53694444534e-05, 0.000989847350866, 0.000142152057379, 0.000216207248741, -0.000277530692983, 0.000675673771184, -0.00041825484368, 0.000919490761589, -0.000775192631409, 0.000811015313957, -0.000949505192693, 0.000959105498623, -0.00051652698312], [0.000208364595892, 0.000142152057379, 0.001342722564, -0.000167321763001, 0.000124217040138, -0.000177922687726, -6.37318298686e-05, 0.000196392094949, 0.000275763159152, -0.000654663250316, 0.000642978178803, -0.00100877298974, 0.000413883040892], [8.32850037114e-06, 0.000216207248741, -0.000167321763001, 0.00243600201793, 0.00025417629513, 0.000250329758273, 0.000328548747348, 0.000309820345137, -0.00113077124115, 0.00029921773239, -0.000292058743071, -0.00100402592216, -0.000228595192311], [9.35600182856e-05, -0.000277530692983, 0.000124217040138, 0.00025417629513, 0.00389046431519, 0.00048725499073, -0.000561260210816, -0.000302661093883, -0.000630409282167, -0.00105415296275, 0.000400335615268, -0.000569318654016, -0.000325313274516], [-8.2542122982e-05, 0.000675673771184, -0.000177922687726, 0.000250329758273, 0.00048725499073, 0.00496101472527, -0.0010572525207, 0.000249584380072, 6.37353005004e-05, -0.000859829247929, -0.00106360693462, 0.00155392847955, -0.000803433998954], [0.000132560948259, -0.00041825484368, -6.37318298686e-05, 0.000328548747348, -0.000561260210816, -0.0010572525207, 0.00444139586762, 0.000213874925976, 1.03036290966e-05, -0.000796684005763, 0.000265971466433, -0.000459956325358, 0.00114923156798], [-9.24711712287e-05, 0.000919490761589, 0.000196392094949, 0.000309820345137, -0.000302661093883, 0.000249584380072, 0.000213874925976, 0.00591671746224, -0.00218764482997, 0.00175877043512, -0.00223867758177, 0.00162120314781, -0.00152390706353], [0.000165691017173, -0.000775192631409, 0.000275763159152, -0.00113077124115, -0.000630409282167, 6.37353005004e-05, 1.03036290966e-05, -0.00218764482997, 0.00951167009771, -0.00468008872122, 0.00283274333924, -0.000393818947487, -0.00156552973203], [-9.84364523902e-05, 0.000811015313957, -0.000654663250316, 0.00029921773239, -0.00105415296275, -0.000859829247929, -0.000796684005763, 0.00175877043512, -0.00468008872122, 0.01312692184, -0.00269706477411, -0.000805408228189, 0.00139495439362], [0.00021764934354, -0.000949505192693, 0.000642978178803, -0.000292058743071, 0.000400335615268, -0.00106360693462, 0.000265971466433, -0.00223867758177, 0.00283274333924, -0.00269706477411, 0.00986480247229, -0.00156234018505, 0.000214272600715], [-0.000112568108307, 0.000959105498623, -0.00100877298974, -0.00100402592216, -0.000569318654016, 0.00155392847955, -0.000459956325358, 0.00162120314781, -0.000393818947487, -0.000805408228189, -0.00156234018505, 0.0112427799031, -0.00236805481836], [0.000217001899728, -0.00051652698312, 0.000413883040892, -0.000228595192311, -0.000325313274516, -0.000803433998954, 0.00114923156798, -0.00152390706353, -0.00156552973203, 0.00139495439362, 0.000214272600715, -0.00236805481836, 0.0134834479541]]}, "silence_rate_20dB": {"dvar": 0, "var": 0, "median": 1, "max": 1, "dmean": 0, "dmean2": 0, "mean": 1, "dvar2": 0, "min": 1}, "barkbands_skewness": {"dvar": 0.383106827736, "var": 3.519926548, "median": 1.9059844017, "max": 26.6301994324, "dmean": 0.546261847019, "dmean2": 0.805245637894, "mean": 2.15907287598, "dvar2": 0.84824359417, "min": -4.80820941925}, "erbbands_skewness": {"dvar": 0.182872518897, "var": 0.98178601265, "median": 0.909325778484, "max": 5.71064519882, "dmean": 0.388922959566, "dmean2": 0.571027457714, "mean": 0.8502997756, "dvar2": 0.37942352891, "min": -5.26826000214}, "spectral_contrast_valleys": {"dvar": [0.125404700637, 0.0683405399323, 0.0889361798763, 0.136199310422, 0.143622294068, 0.241410300136], "var": [1.29689633846, 1.46842598915, 1.6281311512, 1.6561217308, 1.8062363863, 2.2647895813], "median": [-7.2170381546, -7.06942558289, -7.97048473358, -8.87457847595, -8.62951469421, -10.6580715179], "max": [-4.96981906891, -5.49165582657, -5.5794506073, -5.87318134308, -5.90226507187, -7.3210811615], "dmean": [0.335903435946, 0.280595988035, 0.288341194391, 0.306250423193, 0.296203970909, 0.412302196026], "dmean2": [0.542294502258, 0.453650355339, 0.46271649003, 0.482611268759, 0.438839614391, 0.518379151821], "mean": [-7.37482976913, -7.23165464401, -8.14230823517, -8.99471664429, -8.75884532928, -10.7990636826], "dvar2": [0.270916104317, 0.156676724553, 0.198072120547, 0.299086481333, 0.295950353146, 0.437319606543], "min": [-27.5865936279, -27.943693161, -27.3975811005, -27.4621219635, -27.2843647003, -27.2503166199]}, "spectral_strongpeak": {"dvar": 0.583248734474, "var": 2.18376684189, "median": 0.548492848873, "max": 11.8092775345, "dmean": 0.419710934162, "dmean2": 0.669745326042, "mean": 1.13116312027, "dvar2": 1.32206809521, "min": 0}, "erbbands_crest": {"dvar": 6.92972326279, "var": 25.599817276, "median": 10.2465276718, "max": 31.2058734894, "dmean": 2.61090993881, "dmean2": 3.99287080765, "mean": 11.2972946167, "dvar2": 15.9363431931, "min": 2.32026433945}, "barkbands_crest": {"dvar": 5.0763926506, "var": 18.8939857483, "median": 10.6064281464, "max": 26.0949897766, "dmean": 2.11476707458, "dmean2": 3.36484503746, "mean": 11.3884325027, "dvar2": 12.8610906601, "min": 2.88669800758}, "spectral_energyband_middle_low": {"dvar": 2.99527218885e-05, "var": 0.000128818370285, "median": 0.009636326693, "max": 0.0987279266119, "dmean": 0.00360278203152, "dmean2": 0.00516523700207, "mean": 0.012864404358, "dvar2": 5.71561686229e-05, "min": 1.70811092553e-22}, "spectral_contrast_coeffs": {"dvar": [0.00134375214111, 0.00118289934471, 0.00105788640212, 0.000783620402217, 0.000630279362667, 0.000349764741259], "var": [0.00918614398688, 0.00634287437424, 0.00899255182594, 0.00591751839966, 0.00471628410742, 0.00179712520912], "median": [-0.61915242672, -0.687341749668, -0.731940209866, -0.754387497902, -0.763816595078, -0.798598408699], "max": [-0.242204800248, -0.394614338875, -0.347129136324, -0.455171108246, -0.509441614151, -0.609503448009], "dmean": [0.0408371239901, 0.0382501147687, 0.0347447656095, 0.0303687490523, 0.0254137124866, 0.0188885368407], "dmean2": [0.0665586069226, 0.0598035939038, 0.0526610165834, 0.0468205213547, 0.0383797362447, 0.0294651687145], "mean": [-0.613528907299, -0.679591238499, -0.713593006134, -0.742744803429, -0.755057692528, -0.796688854694], "dvar2": [0.00335405091755, 0.00267932377756, 0.00208151037805, 0.00165729096625, 0.0012164558284, 0.0008112777723], "min": [-0.977217555046, -0.975894093513, -0.973598897457, -0.971628725529, -0.96508795023, -0.962148547173]}, "hfc": {"dvar": 103.606544495, "var": 375.176208496, "median": 7.95249891281, "max": 304.754302979, "dmean": 5.15946626663, "dmean2": 7.26719617844, "mean": 15.6095581055, "dvar2": 208.594848633, "min": 1.15663315095e-16}, "spectral_energyband_high": {"dvar": 1.17832587421e-06, "var": 2.40424151343e-06, "median": 9.86875238596e-05, "max": 0.0333258807659, "dmean": 0.000346737942891, "dmean2": 0.000521147507243, "mean": 0.00051756540779, "dvar2": 2.49291997534e-06, "min": 7.36174993198e-21}, "erbbands_spread": {"dvar": 160.781219482, "var": 538.167175293, "median": 31.1658821106, "max": 163.959136963, "dmean": 8.49321365356, "dmean2": 12.6677846909, "mean": 35.5085258484, "dvar2": 361.252288818, "min": 3.15645241737}, "dissonance": {"dvar": 0.000649726192933, "var": 0.00192951248027, "median": 0.444867253304, "max": 0.499991178513, "dmean": 0.0253482293338, "dmean2": 0.0415566749871, "mean": 0.434986680746, "dvar2": 0.00173896818887, "min": 0.170596137643}, "spectral_kurtosis": {"dvar": 15.3059406281, "var": 134.404724121, "median": 6.22825813293, "max": 131.010772705, "dmean": 2.62731599808, "dmean2": 4.2830696106, "mean": 8.62113571167, "dvar2": 41.9053230286, "min": -1.58498179913}, "spectral_skewness": {"dvar": 0.111103802919, "var": 1.05801308155, "median": 2.05312919617, "max": 9.57199382782, "dmean": 0.30103456974, "dmean2": 0.474002927542, "mean": 2.17624735832, "dvar2": 0.256505161524, "min": -0.525726735592}, "pitch_salience": {"dvar": 0.0031624676194, "var": 0.0140884835273, "median": 0.535292863846, "max": 0.873975634575, "dmean": 0.057784859091, "dmean2": 0.0910590365529, "mean": 0.531258106232, "dvar2": 0.00800364371389, "min": 0.0717044174671}, "spectral_complexity": {"dvar": 7.66816473007, "var": 31.2611522675, "median": 11, "max": 43, "dmean": 2.01075959206, "dmean2": 3.26313090324, "mean": 11.5691595078, "dvar2": 18.8100528717, "min": 0}, "spectral_spread": {"dvar": 1439885819900.0, "var": 6456509202430.0, "median": 4280184, "max": 42022548, "dmean": 841205.625, "dmean2": 1145115.375, "mean": 4852850.5, "dvar2": 2700400656380.0, "min": 717430.25}, "dynamic_complexity": 3.69818043709, "melbands_crest": {"dvar": 7.7241268158, "var": 29.5716362, "median": 14.4420127869, "max": 32.7366790771, "dmean": 2.69603705406, "dmean2": 4.31120109558, "mean": 15.3191356659, "dvar2": 19.9339561462, "min": 2.36951780319}, "zerocrossingrate": {"dvar": 0.000308681657771, "var": 0.00212461361662, "median": 0.03662109375, "max": 0.51318359375, "dmean": 0.0107172951102, "dmean2": 0.0120823653415, "mean": 0.0476275570691, "dvar2": 0.000365154002793, "min": 0.001953125}, "spectral_energyband_low": {"dvar": 0.000127816892928, "var": 0.000105774030089, "median": 0.00424064043909, "max": 0.156937897205, "dmean": 0.00317947939038, "dmean2": 0.00546254077926, "mean": 0.00682386988774, "dvar2": 0.000354504212737, "min": 3.85159853916e-23}, "melbands_kurtosis": {"dvar": 202.40246582, "var": 1398.78271484, "median": 11.4950838089, "max": 710.427185059, "dmean": 8.0656375885, "dmean2": 12.4585752487, "mean": 20.9019832611, "dvar2": 478.637878418, "min": -1.86100327969}, "spectral_energyband_middle_high": {"dvar": 7.40882705941e-06, "var": 6.44736646791e-05, "median": 0.00110240024514, "max": 0.0747603550553, "dmean": 0.0011691392865, "dmean2": 0.00153861136641, "mean": 0.00396736292168, "dvar2": 1.1784556591e-05, "min": 1.28532073405e-21}, "barkbands_spread": {"dvar": 89.9499816895, "var": 260.314483643, "median": 10.5112533569, "max": 121.423744202, "dmean": 5.0013217926, "dmean2": 7.50307703018, "mean": 15.7165994644, "dvar2": 179.813659668, "min": 0.21955524385}, "mfcc": {"mean": [-695.604858398, 140.667114258, 21.4285202026, 21.7846488953, 8.90570735931, -6.35517835617, 1.34030973911, 5.15248012543, -3.72705698013, -0.648658514023, -4.13143110275, -2.88120937347, -3.59477114677], "cov": [[7879.68066406, -680.049560547, -944.170227051, -438.001342773, 16.5584621429, -421.705413818, -36.7280693054, 56.4952735901, -71.0833282471, 67.4396972656, -72.6372680664, -20.0938072205, -76.919303894], [-680.049560547, 1747.45227051, -291.224884033, -14.9638023376, -55.830116272, -22.018901825, 37.2627944946, -77.5635375977, -31.1647357941, -1.978733778, 0.482922494411, -8.04218387604, -57.5488777161], [-944.170227051, -291.224884033, 945.353149414, 130.691741943, -25.6359405518, 174.242645264, -26.6672382355, 10.3758974075, -5.52109289169, -61.5711174011, -11.5205612183, 0.305163860321, 60.1186599731], [-438.001342773, -14.9638023376, 130.691741943, 478.832885742, 34.1633300781, 66.0774078369, -96.8648452759, 31.3323097229, 21.247505188, -40.7990951538, -8.28359699249, 22.7101192474, 65.5487976074], [16.5584621429, -55.830116272, -25.6359405518, 34.1633300781, 275.24597168, -68.8543395996, -32.47473526, 0.107398852706, 18.8612136841, 32.5604362488, -17.1339702606, 19.9654083252, 16.7389373779], [-421.705413818, -22.018901825, 174.242645264, 66.0774078369, -68.8543395996, 345.844573975, 7.37395238876, -18.4709911346, 31.3801136017, -20.5071277618, 44.0985641479, -10.4574632645, 24.5239772797], [-36.7280693054, 37.2627944946, -26.6672382355, -96.8648452759, -32.47473526, 7.37395238876, 222.499740601, 16.8731155396, -24.4736995697, 16.2778873444, 37.0963134766, -2.12105083466, -24.732881546], [56.4952735901, -77.5635375977, 10.3758974075, 31.3323097229, 0.107398852706, -18.4709911346, 16.8731155396, 115.847328186, 20.48204422, 2.89096307755, 0.793708741665, 6.83351182938, 12.7950878143], [-71.0833282471, -31.1647357941, -5.52109289169, 21.247505188, 18.8612136841, 31.3801136017, -24.4736995697, 20.48204422, 155.683517456, 38.5990219116, 10.7918815613, 0.0584578253329, 3.10665249825], [67.4396972656, -1.978733778, -61.5711174011, -40.7990951538, 32.5604362488, -20.5071277618, 16.2778873444, 2.89096307755, 38.5990219116, 130.578323364, 20.9359798431, -0.0350684076548, -2.95631599426], [-72.6372680664, 0.482922494411, -11.5205612183, -8.28359699249, -17.1339702606, 44.0985641479, 37.0963134766, 0.793708741665, 10.7918815613, 20.9359798431, 121.808532715, 24.7273101807, -5.83225536346], [-20.0938072205, -8.04218387604, 0.305163860321, 22.7101192474, 19.9654083252, -10.4574632645, -2.12105083466, 6.83351182938, 0.0584578253329, -0.0350684076548, 24.7273101807, 104.614097595, 26.9104976654], [-76.919303894, -57.5488777161, 60.1186599731, 65.5487976074, 16.7389373779, 24.5239772797, -24.732881546, 12.7950878143, 3.10665249825, -2.95631599426, -5.83225536346, 26.9104976654, 112.341712952]], "icov": [[0.000169038641616, 9.3803020718e-05, 0.000169986582478, 0.000114677386591, 4.23026540375e-05, 8.9331275376e-05, 9.27622822928e-05, -8.1997612142e-05, 8.69010982569e-05, -1.19050546346e-05, 6.40188518446e-05, 4.79799155073e-06, 9.32813873078e-06], [9.38