{"metadata": {"audio_properties": {"downmix": "mix", "bit_rate": 192000, "lossless": false, "md5_encoded": "46c9dc185585cb9ec7dcf73802c16e2d", "analysis_sample_rate": 44100, "sample_rate": 44100, "replay_gain": -2.36289596558, "equal_loudness": 0, "codec": "mp3", "length": 177.554290771}, "tags": {"album": ["Pianissimo"], "artist": ["Suzanne Ciani"], "musicbrainz_recordingid": ["c54d2cfe-3bda-4888-aea7-4de7b9ea73e6"], "albumartist": ["Suzanne Ciani"], "title": ["Adagio"], "genre": ["Other"], "tracknumber": ["4"], "date": ["1990"], "file_name": "309029.mp3"}, "version": {"essentia_build_sha": "70f2e5ece6736b2c40cc944ad0e695b16b925413", "essentia_git_sha": "v2.1_beta2", "extractor": "music 1.0", "essentia": "2.1-beta2"}}, "tonal": {"chords_scale": "minor", "hpcp": {"dmean": [0.00557954143733, 0.00618375232443, 0.0310342535377, 0.0473227240145, 0.0319316200912, 0.0321228951216, 0.039825540036, 0.0319549031556, 0.0450424477458, 0.0624849423766, 0.0431307554245, 0.0189528241754, 0.0222267322242, 0.0251492541283, 0.0569164641201, 0.0755746886134, 0.0682688355446, 0.0469589270651, 0.0544015131891, 0.0353016443551, 0.0182925332338, 0.0204435922205, 0.0142060210928, 0.0277754217386, 0.0412982068956, 0.0347286239266, 0.0277097281069, 0.0225186664611, 0.0212241187692, 0.0554700493813, 0.0652757808566, 0.044218942523, 0.0324994549155, 0.0388563871384, 0.0270503070205, 0.00746627151966], "dvar2": [0.000480284215882, 0.00084101385437, 0.0125318802893, 0.0289729814976, 0.00970388576388, 0.0101900389418, 0.0201272778213, 0.0105450479314, 0.0142702748999, 0.0363360159099, 0.0161037929356, 0.00845361873507, 0.0107201244682, 0.00698800943792, 0.0264727193862, 0.0423059687018, 0.0319300442934, 0.0187627505511, 0.0270829573274, 0.0128248482943, 0.00653355475515, 0.0117137366906, 0.00535947689787, 0.0143935382366, 0.0266247261316, 0.0296230204403, 0.0239054728299, 0.012960919179, 0.00931854918599, 0.0194744244218, 0.0279892925173, 0.0156732369214, 0.0181889329106, 0.0298881512135, 0.0137818902731, 0.00141412508674], "mean": [0.0114231482148, 0.00883084442466, 0.089637182653, 0.167905420065, 0.0881696939468, 0.0925401225686, 0.162590175867, 0.0865088552237, 0.194351419806, 0.342818170786, 0.162428617477, 0.0509599894285, 0.0895940214396, 0.0530785061419, 0.158564835787, 0.299532532692, 0.171551808715, 0.136150792241, 0.22268819809, 0.114029087126, 0.0481602475047, 0.0744539871812, 0.036819383502, 0.0634275898337, 0.117138259113, 0.0694862529635, 0.0609441660345, 0.0773955062032, 0.0385207906365, 0.180399566889, 0.306314170361, 0.143742382526, 0.068236745894, 0.115557312965, 0.0588825047016, 0.00919984094799], "var": [0.000413644913351, 0.000261204317212, 0.0267708748579, 0.0875139832497, 0.020438561216, 0.0283299330622, 0.0972029492259, 0.0240000765771, 0.0516032464802, 0.16130040586, 0.0371537655592, 0.0171331111342, 0.058197055012, 0.014318854548, 0.0406708307564, 0.133764728904, 0.051960401237, 0.0382485799491, 0.1134557724, 0.0312260612845, 0.014337672852, 0.0449072420597, 0.0119521347806, 0.0161338597536, 0.055860735476, 0.0198077131063, 0.0239969007671, 0.0420192629099, 0.00846850499511, 0.048231292516, 0.136109530926, 0.0306926425546, 0.0259567536414, 0.0696374624968, 0.0188625603914, 0.000394332309952], "dmean2": [0.00870896689594, 0.0106741813943, 0.0484274886549, 0.071974337101, 0.0499280765653, 0.0517653264105, 0.0636278241873, 0.0532839298248, 0.0695800110698, 0.0934478342533, 0.0685536637902, 0.0306184627116, 0.0326409041882, 0.0406430959702, 0.0864718556404, 0.112884655595, 0.100966572762, 0.0710521042347, 0.0798114687204, 0.0526610836387, 0.0289371423423, 0.0321721285582, 0.0227903462946, 0.0438364781439, 0.0637345835567, 0.0591807290912, 0.0464440472424, 0.0352651625872, 0.0349783971906, 0.0825112983584, 0.0918268114328, 0.0680486857891, 0.0527538172901, 0.0617450289428, 0.0440533719957, 0.0131210442632], "dvar": [0.000187950252439, 0.000287944509182, 0.00594515539706, 0.0158608127385, 0.00467692501843, 0.00449925055727, 0.0104440329596, 0.00448396755382, 0.00671755429357, 0.0197202693671, 0.00741281686351, 0.00347489956766, 0.00592712126672, 0.00301972567104, 0.0114295734093, 0.0219121016562, 0.0154476789758, 0.00860000867397, 0.0151492478326, 0.00641581090167, 0.00301973707974, 0.00630861800164, 0.00244111241773, 0.0057959840633, 0.0129948742688, 0.0100138755515, 0.00778258871287, 0.00637816404924, 0.00362598220818, 0.00880132522434, 0.0155791761354, 0.00654307333753, 0.007553989999, 0.0150570385158, 0.00588842574507, 0.000488480145577], "min": [0, 0, 0, 0, 0, 0, 0, 0, 0, 0, 0, 0, 0, 0, 0, 0, 0, 0, 0, 0, 0, 0, 0, 0, 0, 0, 0, 0, 0, 0, 0, 0, 0, 0, 0, 0], "median": [0.00320639437996, 0.00326968031004, 0.0153775746003, 0.0299735479057, 0.022192267701, 0.0118225198239, 0.0145781058818, 0.0157847870141, 0.0655518174171, 0.113971568644, 0.0565286688507, 0.00177150056697, 0.000733353081159, 0.00345322582871, 0.0473532639444, 0.0916393473744, 0.0509363524616, 0.0224334914237, 0.0277136396617, 0.0192393343896, 0.00601397873834, 0.00688173994422, 0.00335251982324, 0.00681277690455, 0.0082451319322, 0.0100484928116, 0.00613368628547, 0.00705437548459, 0.00743879377842, 0.0624531507492, 0.0984269455075, 0.0529244728386, 0.00270213466138, 0.00198913109489, 0.00165210373234, 0.00338906468824], "max": [0.282007694244, 0.377486526966, 0.874257266521, 1, 0.782155156136, 1, 1, 1, 1, 1, 1, 1, 1, 0.677442610264, 1, 1, 1, 1, 1, 1, 1, 1, 0.932177960873, 1, 1, 1, 1, 1, 1, 1, 1, 1, 1, 1, 1, 0.391779631376]}, "tuning_equal_tempered_deviation": 0.00403303373605, "chords_key": "C", "chords_strength": {"dmean": 0.00603201892227, "dvar2": 0.00100879895035, "mean": 0.453370779753, "var": 0.0461642742157, "dmean2": 0.0040269899182, "dvar": 0.000521081732586, "min": -1, "median": 0.471718579531, "max": 0.711707055569}, "tuning_diatonic_strength": 0.42326977849, "thpcp": [1, 0.47380399704, 0.148650199175, 0.261345595121, 0.154829904437, 0.462533354759, 0.873735845089, 0.500416338444, 0.397151619196, 0.649581074715, 0.332622647285, 0.140483364463, 0.217182144523, 0.107402078807, 0.1850181669, 0.341692090034, 0.202691271901, 0.17777402699, 0.225762560964, 0.112365081906, 0.526225209236, 0.893517911434, 0.419296264648, 0.199046462774, 0.337080478668, 0.171760156751, 0.0268359202892, 0.0333213023841, 0.0257595572621, 0.261471509933, 0.489779800177, 0.257190853357, 0.269939363003, 0.474275261164, 0.25234618783, 0.566922724247], "chords_histogram": [26.0392150879, 1.98692810535, 13.6209154129, 3.00653600693, 0, 0, 0, 7.55555534363, 1.28104579449, 13.490196228, 0, 0, 0, 2.77124190331, 1.46405231953, 6.09150314331, 3.34640526772, 6.56209135056, 0.653594791889, 6.74509811401, 0, 0, 0.261437922716, 5.12418317795], "tuning_nontempered_energy_ratio": 0.578002810478, "tuning_frequency": 441.527557373, "key_strength": 0.753468334675, "chords_changes_rate": 0.0308496728539, "key_scale": "minor", "hpcp_entropy": {"dmean": 0.255435824394, "dvar2": 0.233355775476, "mean": 1.48530983925, "var": 0.388726055622, "dmean2": 0.417109459639, "dvar": 0.0942102968693, "min": 0, "median": 1.58233678341, "max": 3.33361840248}, "key_key": "C", "chords_number_rate": 0.00366013078019}, "lowlevel": {"melbands_skewness": {"dmean": 0.394530415535, "dvar2": 1.07885110378, "mean": 0.779173314571, "var": 3.21112728119, "dmean2": 0.615902364254, "dvar": 0.57363140583, "min": -7.93875265121, "median": 0.891472399235, "max": 51.3620414734}, "melbands_kurtosis": {"dmean": 2.85356736183, "dvar2": 2736.79101562, "mean": 6.73540115356, "var": 3019.40014648, "dmean2": 4.61261844635, "dvar": 1409.07458496, "min": -1.89635682106, "median": 2.59782409668, "max": 2838.2265625}, "barkbands_kurtosis": {"dmean": 2.6496629715, "dvar2": 764.225769043, "mean": 6.2133102417, "var": 721.192443848, "dmean2": 4.04556465149, "dvar": 356.578430176, "min": -1.95705366135, "median": 2.30816054344, "max": 1467.5657959}, "hfc": {"dmean": 3.36201620102, "dvar2": 355.520141602, "mean": 9.98857975006, "var": 426.560394287, "dmean2": 4.42504501343, "dvar": 174.538848877, "min": 1.07285318831e-16, "median": 2.588514328, "max": 613.453430176}, "silence_rate_20dB": {"dmean": 0, "dvar2": 0, "mean": 1, "var": 0, "dmean2": 0, "dvar": 0, "min": 1, "median": 1, "max": 1}, "erbbands_flatness_db": {"dmean": 0.0123158553615, "dvar2": 0.000438741320977, "mean": 0.357837438583, "var": 0.00468567060307, "dmean2": 0.018402531743, "dvar": 0.000218733606744, "min": 0.0297322291881, "median": 0.357601732016, "max": 0.577994704247}, "spectral_flux": {"dmean": 0.0132037792355, "dvar2": 0.00221688160673, "mean": 0.028028273955, "var": 0.0012619496556, "dmean2": 0.021249063313, "dvar": 0.00088189606322, "min": 6.26419818794e-11, "median": 0.0170315504074, "max": 0.506525635719}, "spectral_energyband_low": {"dmean": 0.000187677942449, "dvar2": 9.93706294139e-07, "mean": 0.000441663345555, "var": 2.11242581827e-06, "dmean2": 0.000298276165267, "dvar": 4.52080541891e-07, "min": 1.13390598304e-23, "median": 3.52108763764e-05, "max": 0.0221506748348}, "spectral_rolloff": {"dmean": 88.3850479126, "dvar2": 661755.1875, "mean": 1305.98522949, "var": 7917202.5, "dmean2": 153.600631714, "dvar": 286541.9375, "min": 21.533203125, "median": 775.1953125, "max": 19982.8125}, "spectral_entropy": {"dmean": 0.131337493658, "dvar2": 0.0774623528123, "mean": 5.99473619461, "var": 0.607623517513, "dmean2": 0.202696457505, "dvar": 0.0342908315361, "min": 3.92685127258, "median": 5.90606021881, "max": 9.83006191254}, "spectral_energy": {"dmean": 0.00399769237265, "dvar2": 0.00024612058769, "mean": 0.0139113338664, "var": 0.000527478230651, "dmean2": 0.00538085447624, "dvar": 0.000130124288262, "min": 1.01851265812e-20, "median": 0.00445695314556, "max": 0.307926923037}, "spectral_centroid": {"dmean": 59.6872215271, "dvar2": 60107.9804688, "mean": 980.444763184, "var": 2662839, "dmean2": 94.4685287476, "dvar": 28081.1582031, "min": 320.866271973, "median": 612.439208984, "max": 11800.3691406}, "barkbands_flatness_db": {"dmean": 0.0161394253373, "dvar2": 0.000690891582053, "mean": 0.309466093779, "var": 0.00375935062766, "dmean2": 0.025218449533, "dvar": 0.000318859849358, "min": 0.0531601756811, "median": 0.309108376503, "max": 0.538204193115}, "spectral_rms": {"dmean": 0.000389022025047, "dvar2": 1.07903542812e-06, "mean": 0.00280579295941, "var": 5.69957046537e-06, "dmean2": 0.000519254652318, "dvar": 6.02884938417e-07, "min": 3.15225449909e-12, "median": 0.0020852452144, "max": 0.0173325277865}, "melbands": {"dmean": [1.74691031134e-05, 5.00993446622e-05, 3.47256900568e-05, 5.30279467057e-05, 0.000124676153064, 8.03425864433e-05, 0.000119579883176, 0.000281263084617, 0.000114959460916, 5.27890442754e-05, 6.2180130044e-05, 4.98673362017e-05, 4.30287473137e-05, 3.54359217454e-05, 3.24356806232e-05, 1.8951113816e-05, 1.23828049254e-05, 1.36128046506e-05, 7.27844781068e-06, 6.12460235061e-06, 1.08555432234e-05, 1.49835423144e-05, 2.54660449173e-06, 1.41874738802e-06, 8.52153107189e-07, 1.75743210207e-07, 2.13654985259e-07, 4.10786960003e-08, 2.69138968889e-08, 1.03761578885e-07, 1.09402975568e-08, 5.17371638864e-08, 1.74652470264e-08, 4.41855263489e-09, 2.34089125861e-09, 9.23961962496e-10, 4.87713758268e-10, 4.24774632135e-10, 1.55318133355e-10, 3.42299466549e-10], "dvar2": [1.41771705486e-08, 7.86278704368e-08, 2.25075158511e-08, 3.96218666765e-08, 3.29819584977e-07, 1.09953120386e-07, 3.71969264279e-07, 3.63440221918e-06, 4.31027444847e-07, 1.16241380965e-07, 6.38026847355e-07, 4.87071190491e-07, 2.16139994791e-07, 1.13228068699e-07, 1.10060199177e-07, 8.78046719777e-08, 3.15530463979e-08, 7.69314496551e-08, 4.09713614147e-08, 1.89318196675e-08, 5.19137302035e-08, 1.04558132819e-07, 3.36517080868e-09, 4.33036384528e-10, 8.54911003101e-11, 1.98446814537e-12, 1.38250765003e-11, 1.70882432553e-13, 2.0707283002e-13, 2.63705411674e-11, 2.37034106535e-14, 7.42051038671e-12, 6.12141847628e-13, 1.04419098304e-15, 1.23654750668e-15, 3.19386954712e-16, 5.33271495687e-17, 6.25545015029e-17, 4.72681649054e-18, 6.3008531015e-17], "mean": [2.6767655072e-05, 0.000112231980893, 0.000101602177892, 0.000174895758391, 0.000226234769798, 0.000210773054278, 0.000358791498002, 0.000829908938613, 0.000416201743064, 0.000185276643606, 0.000163472170243, 0.000106995823444, 8.15059611341e-05, 0.000104762359115, 9.0222543804e-05, 5.57879720873e-05, 2.25516778301e-05, 2.14083047467e-05, 1.61910884344e-05, 1.02514195532e-05, 1.45694557432e-05, 1.90815844689e-05, 3.58969623449e-06, 2.28200178753e-06, 1.54430165367e-06, 3.16851668458e-07, 3.61049444564e-07, 7.40024361789e-08, 4.23479633582e-08, 9.15452247341e-08, 1.67713558596e-08, 3.47853763571e-08, 1.43177159018e-08, 8.40341485286e-09, 3.03486591413e-09, 1.08100695062e-09, 5.35119892842e-10, 4.55640719599e-10, 1.82794598902e-10, 3.36880356944e-10], "var": [1.06006137202e-08, 1.85900205452e-07, 6.48615596788e-08, 1.23353473214e-07, 2.2525824761e-07, 1.75919694811e-07, 1.0423356116e-06, 7.00590544511e-06, 9.33692035687e-07, 3.5706585777e-07, 1.0551862033e-06, 6.13898919255e-07, 2.06925719226e-07, 2.50652590239e-07, 1.6832804306e-07, 1.0001166828e-07, 2.47080365057e-08, 1.30047752123e-07, 5.49750289736e-08, 2.28880541187e-08, 3.28694049756e-08, 6.63116281885e-08, 1.76889902725e-09, 2.24859644793e-10, 9.26480628327e-11, 1.42291527953e-12, 9.90282768981e-12, 1.57128352213e-13, 9.69859297582e-14, 7.50678685879e-12, 1.21163184195e-14, 1.43531790186e-12, 1.22804584969e-13, 2.76749698428e-15, 8.07452950514e-16, 1.67960902733e-16, 1.40006588704e-17, 2.86786794007e-17, 2.97787915651e-18, 2.77782866865e-17], "dmean2": [2.72223660431e-05, 8.07830656413e-05, 5.14095918334e-05, 7.92563805589e-05, 0.000206359822187, 0.000131324704853, 0.000169600782101, 0.000398189731641, 0.000149784405949, 6.81395686115e-05, 7.95062878751e-05, 6.6308050009e-05, 5.94681550865e-05, 4.41604825028e-05, 4.2455863877e-05, 2.86490321741e-05, 1.74576871359e-05, 1.53616620082e-05, 9.69668235484e-06, 7.72383828007e-06, 1.44101450132e-05, 1.99908117793e-05, 3.74550586457e-06, 2.09833069675e-06, 1.10302210032e-06, 2.53914322457e-07, 2.8813886388e-07, 5.83213051186e-08, 3.83313683017e-08, 1.71869231735e-07, 1.61023123724e-08, 9.58508650228e-08, 3.09458556558e-08, 5.38784084014e-09, 3.37301120368e-09, 1.4049928998e-09, 7.88108023286e-10, 6.9809358294e-10, 2.50077042407e-10, 5.6894444711e-10], "dvar": [6.35961283635e-09, 3.58866927286e-08, 1.04220649888e-08, 1.83481656535e-08, 1.17153305723e-07, 4.18658743229e-08, 1.98880570679e-07, 1.91504227587e-06, 2.06533357527e-07, 6.81254377355e-08, 3.37496771863e-07, 2.42422515839e-07, 1.14949564534e-07, 6.07029164712e-08, 5.47686589414e-08, 3.59420724294e-08, 1.51761874179e-08, 5.44353042642e-08, 2.07052970325e-08, 1.1643579434e-08, 2.45029951884e-08, 4.87975206909e-08, 1.50153911527e-09, 1.91356847035e-10, 4.2963372443e-11, 9.04554859835e-13, 6.34591467916e-12, 8.69258481927e-14, 9.07419958943e-14, 1.00674772338e-11, 1.06904392497e-14, 2.56571391737e-12, 2.12923659281e-13, 6.84697547666e-16, 5.75249773573e-16, 1.53627146502e-16, 1.92916336318e-17, 2.54580798099e-17, 2.17627124619e-18, 2.54990153241e-17], "min": [8.40000588339e-25, 1.037132294e-24, 1.06086487851e-24, 6.14079896984e-25, 1.50062978683e-24, 1.24313967091e-24, 1.38938452337e-24, 6.37774714779e-25, 9.86474999321e-25, 1.95932893461e-24, 1.84795656593e-24, 2.00425476038e-24, 1.67371158868e-24, 1.81634158465e-24, 1.64133703295e-24, 2.1748701886e-24, 1.39511254101e-24, 1.83182416321e-24, 2.86017377292e-24, 3.46067717651e-24, 2.7900913701e-24, 2.08884786512e-24, 3.31756242552e-24, 3.62488291267e-24, 3.79480473494e-24, 3.86339895167e-24, 3.99376847145e-24, 3.30614326948e-24, 3.99653973981e-24, 5.06479861158e-24, 3.68953479702e-24, 4.72009163954e-24, 5.1039004745e-24, 4.82203928977e-24, 5.18522256749e-24, 5.65457508458e-24, 5.03437382418e-24, 4.91540965537e-24, 5.89292112405e-24, 5.35006649212e-24], "median": [4.2451565605e-06, 6.01739020567e-06, 3.86335796065e-06, 2.82744385913e-05, 6.27405825071e-05, 5.89650262555e-05, 5.07715594722e-05, 6.37900811853e-05, 7.5476753409e-05, 1.61075258802e-05, 1.73506196006e-05, 8.90039791557e-06, 9.53290054895e-06, 6.27265944786e-06, 6.04490105616e-06, 3.02272565023e-06, 2.60714136857e-06, 6.17370233158e-07, 6.96668735145e-07, 6.58937779008e-07, 2.72293789294e-07, 2.51287815445e-07, 1.59722759463e-07, 1.2595096166e-07, 5.72704728086e-08, 1.19260885612e-08, 1.03509876226e-08, 3.36258443312e-09, 1.30262667319e-09, 8.10472411406e-10, 3.38332556415e-10, 1.80315873344e-10, 1.00068189846e-10, 7.85585207996e-11, 4.89197120312e-11, 3.51302389956e-11, 3.10429980332e-11, 2.55502338037e-11, 2.21809758061e-11, 3.01425204241e-11], "max": [0.00200574984774, 0.00733212102205, 0.00361594744027, 0.00525374803692, 0.00730196386576, 0.00615049665794, 0.011812530458, 0.0375441536307, 0.0175457913429, 0.0117158638313, 0.0324810408056, 0.0257990844548, 0.0148980328813, 0.00829092971981, 0.0123320547864, 0.0102959703654, 0.00564349675551, 0.0188558399677, 0.0111453672871, 0.00931128207594, 0.0105030564591, 0.0136323021725, 0.00264995102771, 0.000577001250349, 0.000313615484629, 4.32210435974e-05, 0.00018022643053, 1.74495817191e-05, 1.72431227838e-05, 0.000226623582421, 6.30700378679e-06, 7.84450603533e-05, 2.24846644414e-05, 1.53855955887e-06, 1.03577065147e-06, 8.13401470623e-07, 1.73398632342e-07, 2.72993219141e-07, 7.67680674585e-08, 3.01158962657e-07]}, "barkbands_crest": {"dmean": 1.61089932919, "dvar2": 7.60491991043, "mean": 12.7277927399, "var": 28.2945270538, "dmean2": 2.52910280228, "dvar": 3.45985865593, "min": 3.91485095024, "median": 11.2122764587, "max": 26.8972091675}, "mfcc": {"icov": [[0.00669885240495, -0.00926495436579, 0.00980100594461, -0.00942650996149, 0.00923814810812, -0.0092668524012, 0.00839771702886, -0.00692380499095, 0.00526127871126, -0.00379186705686, 0.00355890160426, -0.00261146435514, 0.00174957164563], [-0.00926495436579, 0.0133435511962, -0.0132958013564, 0.0133974272758, -0.0129479588941, 0.0133870281279, -0.0116286305711, 0.00972292292863, -0.00699733104557, 0.00549491168931, -0.00513550685719, 0.00391816860065, -0.00220147636719], [0.00980100594461, -0.0132958013564, 0.0157596506178, -0.0127905746922, 0.0140801556408, -0.0145171396434, 0.0134417144582, -0.0105780996382, 0.00809310097247, -0.00647378480062, 0.00571543909609, -0.00393518572673, 0.00289483787492], [-0.00942650996149, 0.0133974272758, -0.0127905746922, 0.0170766990632, -0.0140404505655, 0.0142327630892, -0.0124437157065, 0.0110650323331, -0.0093032065779, 0.00613965047523, -0.00697208149359, 0.00523564592004, -0.00299218622968], [0.00923814810812, -0.0129479588941, 0.0140801556408, -0.0140404505655, 0.0199979562312, -0.0157985370606, 0.0147831728682, -0.0126898577437, 0.0103011317551, -0.00779960956424, 0.00703044515103, -0.00612660124898, 0.00423216354102], [-0.0092668524012, 0.0133870281279, -0.0145171396434, 0.0142327630892, -0.0157985370606, 0.0227036233991, -0.0188108216971, 0.0142967998981, -0.0121992761269, 0.0109683033079, -0.010330692865, 0.00713811488822, -0.00530980853364], [0.00839771702886, -0.0116286305711, 0.0134417144582, -0.0124437157065, 0.0147831728682, -0.0188108216971, 0.0231521874666, -0.0166224166751, 0.0136206327006, -0.0122556323186, 0.0113477474079, -0.0100498003885, 0.00678551988676], [-0.00692380499095, 0.00972292292863, -0.0105780996382, 0.0110650323331, -0.0126898577437, 0.0142967998981, -0.0166224166751, 0.0240807384253, -0.015243508853, 0.0133552635089, -0.0123042073101, 0.0105616673827, -0.00920804124326], [0.00526127871126, -0.00699733104557, 0.00809310097247, -0.0093032065779, 0.0103011317551, -0.0121992761269, 0.0136206327006, -0.015243508853, 0.0211976654828, -0.0156476292759, 0.0153111629188, -0.011602438055, 0.00743505731225], [-0.00379186705686, 0.00549491168931, -0.00647378480062, 0.00613965047523, -0.00779960956424, 0.0109683033079, -0.0122556323186, 0.0133552635089, -0.0156476292759, 0.02282243222, -0.0185590032488, 0.0155491754413, -0.00861317012459], [0.00355890160426, -0.00513550685719, 0.00571543909609, -0.00697208149359, 0.00703044515103, -0.010330692865, 0.0113477474079, -0.0123042073101, 0.0153111629188, -0.0185590032488, 0.0233074370772, -0.0167140867561, 0.00922974664718], [-0.00261146435514, 0.00391816860065, -0.00393518572673, 0.00523564592004, -0.00612660124898, 0.00713811488822, -0.0100498003885, 0.0105616673827, -0.011602438055, 0.0155491754413, -0.0167140867561, 0.020106613636, -0.0116192372516], [0.00174957164563, -0.00220147636719, 0.00289483787492, -0.00299218622968, 0.00423216354102, -0.00530980853364, 0.00678551988676, -0.00920804124326, 0.00743505731225, -0.00861317012459, 0.00922974664718, -0.0116192372516, 0.0123946238309]], "mean": [-847.421508789, 204.366958618, -22.8401088715, -21.4154129028, -7.91976261139, -17.8133220673, -11.3504285812, -4.4118437767, -8.43463134766, -6.16938066483, 3.590528965, 5.38945055008, 2.5660097599], "cov": [[11031.0498047, 4631.51611328, -2750.34545898, 849.475280762, 94.6602783203, -615.975952148, -203.350296021, -145.061401367, -287.64263916, -103.330238342, 46.2456512451, -262.667602539, -359.612884521], [4631.51611328, 2985.04614258, -618.289978027, -34.3866958618, 47.4281158447, -352.307830811, -156.358428955, -116.939811707, -201.998657227, -60.9136734009, -30.9435424805, -209.00189209, -249.911300659], [-2750.34545898, -618.289978027, 1221.76696777, -326.381225586, -94.7010421753, 139.884216309, -29.6490859985, 4.515625, 50.0688552856, 41.3745956421, -34.0363616943, -23.4224071503, 28.2199993134], [849.475280762, -34.3866958618, -326.381225586, 418.313018799, 52.4920921326, -62.8819389343, -19.1775417328, -13.415143013, 32.4988059998, 48.7297401428, 38.1572914124, -24.7734508514, -30.4015426636], [94.6602783203, 47.4281158447, -94.7010421753, 52.4920921326, 178.143264771, 25.0951747894, -8.239985466, 10.6167612076, -17.9354953766, -4.56973648071, 24.4489555359, 20.4523887634, 0.723985254765], [-615.975952148, -352.307830811, 139.884216309, -62.8819389343, 25.0951747894, 251.470352173, 122.797233582, 28.6908016205, 15.7586345673, -23.314447403, 30.02161026, 84.2716751099, 60.7601127625], [-203.350296021, -156.358428955, -29.6490859985, -19.1775417328, -8.239985466, 122.797233582, 198.82194519, 54.5133514404, -8.61710739136, -7.68566226959, 19.7454624176, 67.7934112549, 38.9757423401], [-145.061401367, -116.939811707, 4.515625, -13.415143013, 10.6167612076, 28.6908016205, 54.5133514404, 126.231513977, 40.0804672241, -19.1931991577, 1.75919294357, 40.7884101868, 67.5595550537], [-287.64263916, -201.998657227, 50.0688552856, 32.4988059998, -17.9354953766, 15.7586345673, -8.61710739136, 40.0804672241, 154.586257935, 48.8415336609, -36.3364601135, -5.04044437408, 11.7878322601], [-103.330238342, -60.9136734009, 41.3745956421, 48.7297401428, -4.56973648071, -23.314447403, -7.68566226959, -19.1931991577, 48.8415336609, 174.927047729, 65.3048324585, -60.8784599304, -26.0506591797], [46.2456512451, -30.9435424805, -34.0363616943, 38.1572914124, 24.4489555359, 30.02161026, 19.7454624176, 1.75919294357, -36.3364601135, 65.3048324585, 177.77130127, 87.0419845581, 16.5432300568], [-262.667602539, -209.00189209, -23.4224071503, -24.7734508514, 20.4523887634, 84.2716751099, 67.7934112549, 40.7884101868, -5.04044437408, -60.8784599304, 87.0419845581, 252.96862793, 154.796417236], [-359.612884521, -249.911300659, 28.2199993134, -30.4015426636, 0.723985254765, 60.7601127625, 38.9757423401, 67.5595550537, 11.7878322601, -26.0506591797, 16.5432300568, 154.796417236, 235.377929688]]}, "spectral_decrease": {"dmean": 9.7970520585e-10, "dvar2": 1.43540370455e-17, "mean": -3.44583561684e-09, "var": 3.20693721409e-17, "dmean2": 1.32189093005e-09, "dvar": 7.6342186181e-18, "min": -7.54725775209e-08, "median": -1.1187014648e-09, "max": 1.70289737104e-17}, "zerocrossingrate": {"dmean": 0.00281935022213, "dvar2": 0.000120247816085, "mean": 0.0458803698421, "var": 0.00567060476169, "dmean2": 0.00380330602638, "dvar": 7.07065992174e-05, "min": 0, "median": 0.029296875, "max": 0.52490234375}, "spectral_contrast_coeffs": {"dmean": [0.0412032008171, 0.0317308492959, 0.0244489200413, 0.0215669348836, 0.0186804812402, 0.0295718517154], "dvar2": [0.00293562980369, 0.00229168869555, 0.00152472429909, 0.00143942853902, 0.000974930881057, 0.00248908274807], "mean": [-0.639625251293, -0.684478521347, -0.706862211227, -0.708044350147, -0.725384712219, -0.810085535049], "var": [0.0137318708003, 0.00978353433311, 0.00759581709281, 0.00679000793025, 0.00581252900884, 0.00567667512223], "dmean2": [0.0676010549068, 0.0529288351536, 0.0381802357733, 0.0343802534044, 0.0288442038, 0.0512174889445], "dvar": [0.00108176423237, 0.000911576964427, 0.000688560830895, 0.000629825575743, 0.000442430231487, 0.000867515860591], "min": [-0.981603205204, -0.976755440235, -0.979488611221, -0.976624131203, -0.967630982399, -0.964631319046], "median": [-0.625009655952, -0.690447688103, -0.708641648293, -0.707930207253, -0.718040168285, -0.823496341705], "max": [-0.334624230862, -0.391659885645, -0.337987869978, -0.405988782644, -0.424054145813, -0.498905897141]}, "spectral_skewness": {"dmean": 1.21120774746, "dvar2": 2.98861312866, "mean": 4.8942694664, "var": 4.22006130219, "dmean2": 2.12804627419, "dvar": 1.03298616409, "min": -0.0847352445126, "median": 4.8442773819, "max": 11.7203702927}, "spectral_energyband_middle_high": {"dmean": 0.00163236772642, "dvar2": 0.000130311993416, "mean": 0.00405054818839, "var": 0.000168604252394, "dmean2": 0.00212967162952, "dvar": 6.42445811536e-05, "min": 9.92585635011e-22, "median": 0.000576924881898, "max": 0.286563426256}, "gfcc": {"icov": [[0.000467158650281, -0.000921588158235, 0.00142154202331, -0.000666750129312, 0.000621838145889, -0.000650661822874, 0.000160412004334, 0.000214382831473, -0.000241828951403, 0.000684392056428, -4.17909086536e-06, 0.000240900568315, 0.000553661899175], [-0.000921588158235, 0.002848331118, -0.00236149178818, 0.00217705103569, -0.00113641889766, 0.00160956883337, 0.000416837603552, -0.000321126717608, 0.00038837196189, -0.000342352403095, -0.000397123309085, 0.000554825703148, -0.00129807612393], [0.00142154202331, -0.00236149178818, 0.00554091949016, -0.00179202272557, 0.00175850803498, -0.00244653387927, 0.00120916182641, -1.34529091156e-05, -9.76105438895e-05, 0.00217488477938, 0.000975681934506, 0.000956144067459, 0.00196488667279], [-0.000666750129312, 0.00217705103569, -0.00179202272557, 0.00455169985071, -0.00147285300773, 0.00169952586293, -0.00118504057173, 0.000317188183544, -0.00130132283084, -0.000347229390172, 0.0010288603371, -0.000218995643081, -0.000559953099582], [0.000621838145889, -0.00113641889766, 0.00175850803498, -0.00147285300773, 0.00550050381571, -0.00148390966933, -0.000628617475741, 0.0010254472727, 0.00023055964266, 0.000214316896745, -0.000693027453963, 0.000963383179624, 0.00130826293025], [-0.000650661822874, 0.00160956883337, -0.00244653387927, 0.00169952586293, -0.00148390966933, 0.00475429184735, -0.000927448098082, -0.00125414319336, 0.001859880751, -0.00279776402749, 0.000673357397318, -0.00271454430185, 0.00101002387237], [0.000160412004334, 0.000416837603552, 0.00120916182641, -0.00118504057173, -0.000628617475741, -0.000927448098082, 0.00630851322785, 0.00039514634409, -0.000830384611618, 0.00213720137253, -0.00121373473667, 0.00173442193773, -0.000549634394702], [0.000214382831473, -0.000321126717608, -1.34529091156e-05, 0.000317188183544, 0.0010254472727, -0.00125414319336, 0.00039514634409, 0.00685039581731, -0.00298368488438, -0.000511913734954, -0.00129606120754, 0.00117871421389, -0.00203880248591], [-0.000241828951403, 0.00038837196189, -9.76105438895e-05, -0.00130132283084, 0.00023055964266, 0.001859880751, -0.000830384611618, -0.00298368488438, 0.0108133098111, -0.00502123171464, 0.00333924638107, -0.00343717029318, 0.00417122384533], [0.000684392056428, -0.000342352403095, 0.00217488477938, -0.000347229390172, 0.000214316896745, -0.00279776402749, 0.00213720137253, -0.000511913734954, -0.00502123171464, 0.0132958004251, -0.00633491249755, 0.00417233398184, -0.00211024028249], [-4.17909086536e-06, -0.000397123309085, 0.000975681934506, 0.0010288603371, -0.000693027453963, 0.000673357397318, -0.00121373473667, -0.00129606120754, 0.00333924638107, -0.00633491249755, 0.0151627268642, -0.00731125008315, 0.00656442670152], [0.000240900568315, 0.000554825703148, 0.000956144067459, -0.000218995643081, 0.000963383179624, -0.00271454430185, 0.00173442193773, 0.00117871421389, -0.00343717029318, 0.00417233398184, -0.00731125008315, 0.0123680941761, -0.00691187242046], [0.000553661899175, -0.00129807612393, 0.00196488667279, -0.000559953099582, 0.00130826293025, 0.00101002387237, -0.000549634394702, -0.00203880248591, 0.00417122384533, -0.00211024028249, 0.00656442670152, -0.00691187242046, 0.0112780118361]], "mean": [-255.019256592, 197.515823364, -151.586074829, -41.7526359558, -39.4156951904, -23.4345817566, -26.7748203278, -2.19385457039, -7.52816915512, -6.83625555038, 4.62883043289, -6.16661119461, -2.09271430969], "cov": [[36172.2773438, 7226.61767578, -6295.19726562, -167.490661621, -716.130432129, -2110.23388672, -39.565284729, -1134.16796875, 26.5364227295, -940.539306641, 3.4720249176, -760.317138672, -444.247283936], [7226.61767578, 2656.11303711, -858.957580566, -541.097351074, -227.889343262, -551.651000977, -264.112365723, -189.332977295, -160.752807617, -263.625762939, -46.5320968628, -238.048309326, -6.21025753021], [-6295.19726562, -858.957580566, 1544.23254395, -70.4860229492, 54.9179039001, 413.594909668, -103.327445984, 206.407791138, -61.6112174988, 93.5923080444, -60.9627342224, 58.3773040771, 38.0679206848], [-167.490661621, -541.097351074, -70.4860229492, 571.580932617, 96.5311203003, -75.4794998169, 172.587158203, -54.4485626221, 117.024925232, -6.4368929863, -49.5334701538, -21.4409503937, -48.0632209778], [-716.130432129, -227.889343262, 54.9179039001, 96.5311203003, 279.53515625, 86.0006713867, 76.2554702759, -26.2600364685, 8.48841285706, 37.1218986511, 28.1482524872, -16.2569789886, -59.5483474731], [-2110.23388672, -551.651000977, 413.594909668, -75.4794998169, 86.0006713867, 559.093811035, 11.2388191223, 128.721664429, -11.0259475708, 136.606552124, 79.8363113403, 126.459060669, -11.2610034943], [-39.565284729, -264.112365723, -103.327445984, 172.587158203, 76.2554702759, 11.2388191223, 250.179275513, -33.8463630676, 37.4609680176, -8.67833900452, 3.12048482895, -14.1690740585, -31.642791748], [-1134.16796875, -189.332977295, 206.407791138, -54.4485626221, -26.2600364685, 128.721664429, -33.8463630676, 241.229980469, 49.295627594, 82.3637619019, 25.8848686218, 50.1527786255, 41.5494422913], [26.5364227295, -160.752807617, -61.6112174988, 117.024925232, 8.48841285706, -11.0259475708, 37.4609680176, 49.295627594, 177.674072266, 63.6846733093, 12.5213699341, 8.87312602997, -48.1683120728], [-940.539306641, -263.625762939, 93.5923080444, -6.4368929863, 37.1218986511, 136.606552124, -8.67833900452, 82.3637619019, 63.6846733093, 179.64239502, 73.5746231079, 36.3947944641, -13.3294048309], [3.4720249176, -46.5320968628, -60.9627342224, -49.5334701538, 28.1482524872, 79.8363113403, 3.12048482895, 25.8848686218, 12.5213699341, 73.5746231079, 147.889450073, 60.4043006897, -42.8728637695], [-760.317138672, -238.048309326, 58.3773040771, -21.4409503937, -16.2569789886, 126.459060669, -14.1690740585, 50.1527786255, 8.87312602997, 36.3947944641, 60.4043006897, 204.668823242, 91.4313354492], [-444.247283936, -6.21025753021, 38.0679206848, -48.0632209778, -59.5483474731, -11.2610034943, -31.642791748, 41.5494422913, -48.1683120728, -13.3294048309, -42.8728637695, 91.4313354492, 210.93939209]]}, "erbbands_spread": {"dmean": 1.61254119873, "dvar2": 23.2949199677, "mean": 10.7761516571, "var": 63.4576835632, "dmean2": 2.43324971199, "dvar": 9.58956336975, "min": 0.222275987267, "median": 9.6860294342, "max": 142.076828003}, "erbbands_kurtosis": {"dmean": 1.76232910156, "dvar2": 32.5448646545, "mean": 4.36639118195, "var": 92.8939285278, "dmean2": 2.53329396248, "dvar": 18.1748523712, "min": -1.84974861145, "median": 1.39519834518, "max": 170.348770142}, "dynamic_complexity": 7.68251037598, "erbbands_crest": {"dmean": 1.89796793461, "dvar2": 10.317237854, "mean": 14.8453731537, "var": 46.5512161255, "dmean2": 2.89384198189, "dvar": 4.91404533386, "min": 2.11599850655, "median": 13.5371141434, "max": 35.0025901794}, "erbbands": {"dmean": [0.00119848526083, 0.0247002076358, 0.116655938327, 0.144928559661, 0.512408912182, 1.25318837166, 4.15284919739, 3.13825941086, 6.49105453491, 26.45586586, 15.0862760544, 9.48659992218, 11.9015569687, 11.7491807938, 11.9950704575, 15.119052887, 9.66259670258, 6.67432451248, 6.93992996216, 4.69972372055, 7.03113222122, 10.3985834122, 2.38814735413, 1.00408625603, 0.291047334671, 0.110305026174, 0.0811452195048, 0.0631893798709, 0.0818948894739, 0.0121580054983, 0.00356399221346, 0.000982314348221, 0.000491065671667, 0.000330928654876, 8.96028359421e-05, 4.15386275563e-05, 6.10136930845e-06, 9.95757659439e-07, 2.11956330531e-06, 4.70328222946e-06], "dvar2": [6.80919911247e-05, 0.0275733228773, 0.422059327364, 0.556622207165, 4.18913316727, 24.991443634, 431.10244751, 159.175643921, 1084.62280273, 32164.125, 9182.11328125, 3646.66967773, 19609.4101562, 21665.7988281, 21434.625, 16111.375, 10766.8046875, 7001.19482422, 15741.5507812, 7750.76025391, 16784.5703125, 51700.4570312, 1382.54333496, 91.5306472778, 6.4752612114, 1.67632389069, 8.97200775146, 5.90075063705, 18.1438789368, 0.0885243564844, 0.00243409071118, 0.000171942825546, 7.36203583074e-05, 4.82692485093e-05, 2.14878150473e-06, 1.52293569045e-06, 1.64275864023e-08, 1.32346869575e-10, 7.85130016556e-11, 3.5861824621e-10], "mean": [0.00177629548125, 0.0433072298765, 0.268110454082, 0.391724914312, 1.5068911314, 3.72549533844, 6.69758892059, 8.904920578, 19.4651603699, 76.2053146362, 53.4350662231, 34.1338233948, 32.4493103027, 25.4608249664, 23.931520462, 47.9725074768, 26.9533843994, 14.3424797058, 12.0801305771, 9.61568832397, 10.2608804703, 13.6446475983, 3.57032394409, 1.8425437212, 0.534705102444, 0.201703906059, 0.0968856662512, 0.0645570084453, 0.0567734315991, 0.0163894128054, 0.00503184413537, 0.00123398250435, 0.000567204493564, 0.000363837636542, 0.000110565822979, 4.1651805077e-05, 8.99745828065e-06, 1.99445344151e-06, 7.17626653568e-06, 1.61276875588e-05], "var": [4.75260894746e-05, 0.0291878562421, 1.12529826164, 0.993503391743, 13.9479131699, 60.7098197937, 232.297531128, 336.191955566, 2367.74047852, 65665.9140625, 15986.1416016, 11650.4882812, 33667.7382812, 27611.8144531, 17989.6835938, 54600.2460938, 11942.3632812, 5678.35498047, 27078.234375, 8769.33496094, 12593.6171875, 32982.3164062, 652.104614258, 97.2488098145, 5.26540708542, 1.38609361649, 2.71288776398, 1.73096013069, 3.50963544846, 0.0224159695208, 0.00149803352542, 7.26094876882e-05, 3.30234252033e-05, 2.5218085284e-05, 6.58567842038e-07, 3.82441783131e-07, 4.29035784677e-09, 5.18445911202e-11, 1.46644335564e-10, 7.21715465168e-10], "dmean2": [0.00186671316624, 0.0387103259563, 0.192437708378, 0.235808223486, 0.699085593224, 1.97365927696, 6.98203992844, 5.06532907486, 9.48732376099, 37.1508255005, 20.434797287, 12.0837335587, 15.1420698166, 15.521982193, 16.6400032043, 17.9895439148, 14.0417051315, 9.51363277435, 7.99244499207, 6.21379184723, 9.2241973877, 14.0426778793, 3.58520412445, 1.31125092506, 0.395309120417, 0.149346143007, 0.126664564013, 0.103187583387, 0.151280641556, 0.0184777807444, 0.00505594303831, 0.00152231345419, 0.000791766389739, 0.000538093736395, 0.000148505554534, 7.18409210094e-05, 1.01729456219e-05, 1.5581832713e-06, 2.83129134004e-06, 6.31275588603e-06], "dvar": [3.19930259138e-05, 0.0122054498643, 0.185420319438, 0.205487415195, 2.45681214333, 10.605711937, 148.200149536, 64.0973739624, 487.317779541, 17945.4101562, 4232.59863281, 2175.453125, 10511.4951172, 11182.3857422, 11157.3105469, 9656.63378906, 4529.37451172, 3226.28833008, 10934.3183594, 3794.6652832, 8212.42382812, 24015.3085938, 588.846374512, 45.7789077759, 3.03721189499, 0.818947613239, 3.47718667984, 2.27508950233, 6.27189588547, 0.0316733792424, 0.0011210514931, 7.29038511054e-05, 2.98508821288e-05, 2.04974439839e-05, 8.13013969037e-07, 5.43432804534e-07, 6.10202821605e-09, 5.20572508711e-11, 4.07958458681e-11, 1.87909882099e-10], "min": [4.18882300773e-23, 3.24173768329e-22, 2.23668829841e-21, 3.77347840102e-21, 1.12837436037e-20, 1.10088635697e-20, 5.11951257644e-20, 5.86109162782e-20, 1.0158487488e-19, 8.07468316945e-20, 1.42840572555e-19, 2.64682415627e-19, 4.51649454947e-19, 5.84205458301e-19, 4.68332809023e-19, 8.01989757576e-19, 1.41400280502e-18, 8.14595007834e-19, 2.17043569376e-18, 3.10780296776e-18, 3.19375820034e-18, 3.52292045624e-18, 3.37556856987e-18, 5.55601914611e-18, 7.04648776772e-18, 6.97930581273e-18, 8.19463679182e-18, 7.93666066546e-18, 8.93915890013e-18, 9.36376063472e-18, 1.09555092505e-17, 9.44515437981e-18, 7.67178088971e-18, 7.52141103488e-18, 6.44051468971e-18, 4.33445577469e-18, 2.23915785905e-18, 9.32646967834e-19, 2.34437021819e-19, 2.74937451895e-20], "median": [0.000397085415898, 0.00440408103168, 0.0112594682723, 0.0163505077362, 0.0889288783073, 0.856833517551, 1.73196732998, 2.51510024071, 3.54579567909, 5.67874670029, 10.7094392776, 3.81029891968, 4.33944654465, 2.6711769104, 3.12799358368, 3.0084335804, 2.18026900291, 1.75106453896, 0.620549678802, 0.690210998058, 0.39847266674, 0.281961321831, 0.216372236609, 0.113037928939, 0.0305294878781, 0.0105686560273, 0.00336845451966, 0.000942612416111, 0.00036728134728, 0.000175599489012, 9.2977519671e-05, 5.98686456215e-05, 4.09201238654e-05, 3.99736345571e-05, 4.99959714944e-05, 1.10374567157e-05, 2.13018984141e-06, 5.11116695634e-07, 2.23294864554e-06, 5.08078665007e-06], "max": [0.16169603169, 2.80869626999, 19.0087738037, 13.0459651947, 58.5934829712, 98.5587081909, 263.086853027, 297.26260376, 557.759887695, 4080.15795898, 2679.43383789, 2143.71191406, 5608.19140625, 5331.52001953, 5621.24853516, 4010.43310547, 2938.99291992, 2488.35009766, 8343.32226562, 4304.74511719, 5496.46337891, 8452.74707031, 908.689880371, 311.865814209, 99.8925857544, 62.3920478821, 134.503448486, 107.510848999, 122.0599823, 8.76857662201, 1.54359149933, 0.378881186247, 0.285064280033, 0.285184293985, 0.0403013117611, 0.039917960763, 0.00340468995273, 0.00031448280788, 0.000219864028622, 0.00039245741209]}, "silence_rate_30dB": {"dmean": 0.00836929492652, "dvar2": 0.0185528118163, "mean": 0.987970709801, "var": 0.0118847778067, "dmean2": 0.0167407803237, "dvar": 0.00829866155982, "min": 0, "median": 1, "max": 1}, "silence_rate_60dB": {"dmean": 0.0342618003488, "dvar2": 0.0714242011309, "mean": 0.441161096096, "var": 0.246522367001, "dmean2": 0.068532563746, "dvar": 0.0330887138844, "min": 0, "median": 0, "max": 1}, "spectral_energyband_middle_low": {"dmean": 0.00258432840928, "dvar2": 0.000114510461572, "mean": 0.00966590736061, "var": 0.000301403837511, "dmean2": 0.003591776127, "dvar": 6.16602701484e-05, "min": 1.04763277812e-22, "median": 0.00265090772882, "max": 0.204001560807}, "spectral_spread": {"dmean": 260285.796875, "dvar2": 683846991872, "mean": 2233778, "var": 37052150186000.0, "dmean2": 453561, "dvar": 305406672896, "min": 392115.84375, "median": 1145891.25, "max": 42615760}, "barkbands": {"dmean": [4.74154461472e-07, 8.76439517015e-05, 0.000111767694762, 6.2788145442e-05, 0.000362590741133, 0.000485639000544, 0.000941780686844, 0.000936718308367, 0.000386386382161, 0.000410679145716, 0.000365583371604, 0.000320683728205, 0.000214070489164, 0.000180844115675, 7.32850530767e-05, 6.79745862726e-05, 0.000252776400885, 2.98948398267e-05, 1.23793597595e-05, 3.40394853993e-06, 2.20372430704e-06, 1.46827721892e-06, 1.52616735249e-07, 3.37276162554e-08, 1.86857338491e-08, 6.18770990002e-09, 5.74148284471e-10], "dvar2": [5.70021634061e-12, 3.58468753348e-07, 3.78438016924e-07, 1.04550387903e-07, 1.62043488672e-06, 4.6938853302e-06, 3.23075655615e-05, 4.72274550702e-05, 4.81605047753e-06, 4.480