{"metadata": {"audio_properties": {"downmix": "mix", "bit_rate": 320056, "lossless": false, "md5_encoded": "2c67ac1307c2d6ac5f5fe4593ab950ab", "analysis_sample_rate": 44100, "sample_rate": 44100, "replay_gain": 6.70617103577, "equal_loudness": 0, "codec": "mp3", "length": 148.610610962}, "tags": {"album": ["Sakuteiki"], "artist": ["Arve Henriksen"], "musicbrainz_recordingid": ["02b9855c-edee-4fb3-9ebf-5026a38bba64"], "albumartist": ["Arve Henriksen"], "title": ["Breathing"], "file_name": "2131829.mp3"}, "version": {"essentia_build_sha": "70f2e5ece6736b2c40cc944ad0e695b16b925413", "essentia_git_sha": "v2.1_beta2", "extractor": "music 1.0", "essentia": "2.1-beta2"}}, "tonal": {"chords_scale": "major", "hpcp": {"dmean": [0.193879216909, 0.185128197074, 0.17640529573, 0.183977678418, 0.18913204968, 0.211596399546, 0.22192248702, 0.227683931589, 0.232261016965, 0.220644623041, 0.222578600049, 0.230699643493, 0.227255687118, 0.233202397823, 0.249629974365, 0.258279532194, 0.282959699631, 0.286814719439, 0.263618737459, 0.242619425058, 0.204022914171, 0.175307229161, 0.214201971889, 0.232321307063, 0.175184458494, 0.152351140976, 0.149228125811, 0.150761052966, 0.146544501185, 0.149740293622, 0.16599817574, 0.18712490797, 0.19318395853, 0.179159253836, 0.184640780091, 0.192133888602], "dvar2": [0.126792788506, 0.116850778461, 0.106469266117, 0.11481513828, 0.113573245704, 0.139160886407, 0.145977914333, 0.141849532723, 0.15073390305, 0.137844517827, 0.145555779338, 0.148374274373, 0.152470499277, 0.147836968303, 0.167657181621, 0.163022473454, 0.175981596112, 0.178697928786, 0.169911816716, 0.165321201086, 0.141978636384, 0.116523094475, 0.150156900287, 0.184030652046, 0.10611512512, 0.0845850855112, 0.0836761966348, 0.0923738256097, 0.0851061269641, 0.0857954472303, 0.102189712226, 0.125994741917, 0.128562986851, 0.111683569849, 0.113916389644, 0.12303096801], "mean": [0.218234881759, 0.217702567577, 0.218713343143, 0.229162245989, 0.245301783085, 0.277262270451, 0.302649080753, 0.327490657568, 0.33624714613, 0.307299911976, 0.300692945719, 0.304372280836, 0.286284357309, 0.288808017969, 0.308165460825, 0.326381236315, 0.360351711512, 0.373425006866, 0.341708093882, 0.292878001928, 0.23565043509, 0.197633653879, 0.228130027652, 0.239966422319, 0.196333348751, 0.179484322667, 0.179923295975, 0.175118282437, 0.167851507664, 0.167025372386, 0.189707025886, 0.228240609169, 0.234214574099, 0.214553877711, 0.214347571135, 0.217701882124], "var": [0.0527242831886, 0.0536685958505, 0.0492932647467, 0.051860012114, 0.0549030452967, 0.0758615732193, 0.0825166031718, 0.0873705670238, 0.0961485058069, 0.0805188193917, 0.0797206908464, 0.0845269039273, 0.0742538124323, 0.0705574378371, 0.077100366354, 0.0803659036756, 0.0929551646113, 0.0982833504677, 0.0891700685024, 0.0781357586384, 0.0597692616284, 0.0487347915769, 0.0588639862835, 0.0699524432421, 0.0415711775422, 0.0365598574281, 0.0361497737467, 0.037136733532, 0.0343426577747, 0.0337755642831, 0.0436762161553, 0.0632795840502, 0.0628237426281, 0.0494197569788, 0.0498365983367, 0.0520006790757], "dmean2": [0.34469383955, 0.328825175762, 0.311325550079, 0.324291199446, 0.333678692579, 0.370682954788, 0.387651562691, 0.395581960678, 0.405281335115, 0.387435734272, 0.387913286686, 0.40108820796, 0.401304811239, 0.409478068352, 0.439397782087, 0.452157318592, 0.493090391159, 0.505370259285, 0.464455485344, 0.427720367908, 0.360351413488, 0.311026960611, 0.384098500013, 0.41645488143, 0.310433357954, 0.266221046448, 0.261869966984, 0.26650005579, 0.257932841778, 0.262766003609, 0.292184412479, 0.33018258214, 0.340787291527, 0.314860641956, 0.323299914598, 0.339457005262], "dvar": [0.0430306605995, 0.0406744219363, 0.0373694002628, 0.0402010753751, 0.0397193841636, 0.0501727424562, 0.0519578754902, 0.0498129017651, 0.0552511140704, 0.0493068546057, 0.0519400127232, 0.0529955923557, 0.0534069538116, 0.0527037158608, 0.0580295808613, 0.0571848712862, 0.0616113394499, 0.0639045163989, 0.0611997619271, 0.0581043474376, 0.0495538339019, 0.0415150858462, 0.0527910143137, 0.0650732144713, 0.0380357429385, 0.0306807588786, 0.0298302397132, 0.0328262671828, 0.0305540785193, 0.0306342039257, 0.0363673791289, 0.0458866357803, 0.0464525334537, 0.0388000570238, 0.0397886186838, 0.0432045347989], "min": [0, 0, 0, 0, 0, 0, 0, 0, 0, 0, 0, 0, 0, 0, 0, 0, 0, 0, 0, 0, 0, 0, 0, 0, 0, 0, 0, 0, 0, 0, 0, 0, 0, 0, 0, 0], "median": [0.147052109241, 0.14348551631, 0.151346534491, 0.1687489748, 0.182353883982, 0.194907277822, 0.226314529777, 0.258147656918, 0.244062244892, 0.235502272844, 0.232112139463, 0.221434697509, 0.213229954243, 0.221367806196, 0.236207455397, 0.257012635469, 0.281477749348, 0.303771257401, 0.271930277348, 0.209143549204, 0.159264624119, 0.123624637723, 0.135932922363, 0.14457899332, 0.137786731124, 0.124319970608, 0.126364678144, 0.119267091155, 0.113771103323, 0.11180023849, 0.118064582348, 0.136926293373, 0.143155708909, 0.143941164017, 0.142621427774, 0.146458804607], "max": [1, 1, 1, 1, 1, 1, 1, 1, 1, 1, 1, 1, 1, 1, 1, 1, 1, 1, 1, 1, 1, 1, 1, 1, 1, 1, 1, 1, 1, 1, 1, 1, 1, 1, 1, 1]}, "tuning_equal_tempered_deviation": 0.294546246529, "chords_key": "G", "chords_strength": {"dmean": 0.0155743295327, "dvar2": 0.00150100840256, "mean": 0.416118890047, "var": 0.0760907828808, "dmean2": 0.0207473225892, "dvar": 0.000743128592148, "min": -1, "median": 0.434020221233, "max": 0.810145378113}, "tuning_diatonic_strength": 0.411488324404, "thpcp": [1, 0.915064811707, 0.784302055836, 0.631051540375, 0.529245913029, 0.610912561417, 0.642609417439, 0.525763809681, 0.480643540621, 0.481819093227, 0.468951672316, 0.449491888285, 0.447279572487, 0.508019089699, 0.611208677292, 0.62720644474, 0.574556827545, 0.574004352093, 0.58298689127, 0.584414184093, 0.582988739014, 0.585695505142, 0.613676726818, 0.656897068024, 0.74248445034, 0.810468137264, 0.87699174881, 0.900440871716, 0.822922706604, 0.805229783058, 0.815082728863, 0.766644835472, 0.773402988911, 0.825240552425, 0.874020814896, 0.964990854263], "chords_histogram": [2.96689558029, 0.468457221985, 5.40287303925, 5.0593380928, 1.03060591221, 1.43660211563, 0.0312304813415, 0.249843850732, 7.99500322342, 34.9469070435, 4.84072446823, 2.40474700928, 0.218613371253, 3.12304806709, 4.21611499786, 3.18550896645, 11.8988132477, 0.780762016773, 1.46783256531, 0.28107431531, 0.374765783548, 0.437226742506, 0, 7.18301057816], "tuning_nontempered_energy_ratio": 0.916191279888, "tuning_frequency": 444.855529785, "key_strength": 0.320528060198, "chords_changes_rate": 0.134915679693, "key_scale": "minor", "hpcp_entropy": {"dmean": 0.700652480125, "dvar2": 0.980088829994, "mean": 2.90904998779, "var": 0.790391266346, "dmean2": 1.2161886692, "dvar": 0.33638843894, "min": 0, "median": 3.07148647308, "max": 4.64338970184}, "key_key": "C", "chords_number_rate": 0.00468457210809}, "lowlevel": {"melbands_skewness": {"dmean": 1.20889914036, "dvar2": 7.99566602707, "mean": 1.99995779991, "var": 10.3798274994, "dmean2": 1.92683458328, "dvar": 3.20803451538, "min": -2.17392373085, "median": 0.915483236313, "max": 41.2339782715}, "melbands_kurtosis": {"dmean": 15.4253511429, "dvar2": 13324.7382812, "mean": 19.4772853851, "var": 6757.73583984, "dmean2": 26.1450252533, "dvar": 4585.73828125, "min": -1.83361423016, "median": 1.04692268372, "max": 2014.86083984}, "barkbands_kurtosis": {"dmean": 11.9752941132, "dvar2": 7830.68945312, "mean": 13.9747543335, "var": 5879.54882812, "dmean2": 19.5542945862, "dvar": 3224.95678711, "min": -1.98261463642, "median": 0.0483276844025, "max": 1696.21032715}, "hfc": {"dmean": 10.1367692947, "dvar2": 3564.44750977, "mean": 14.0393428802, "var": 2055.11376953, "dmean2": 15.6205482483, "dvar": 1457.72644043, "min": 1.15796365442e-16, "median": 0.800865292549, "max": 1441.81494141}, "silence_rate_20dB": {"dmean": 0.000624902371783, "dvar2": 0.00156101747416, "mean": 0.999531388283, "var": 0.000468389916932, "dmean2": 0.00124999997206, "dvar": 0.000624531996436, "min": 0, "median": 1, "max": 1}, "erbbands_flatness_db": {"dmean": 0.0242237579077, "dvar2": 0.00207703164779, "mean": 0.161961406469, "var": 0.00232396274805, "dmean2": 0.0410732775927, "dvar": 0.00078111939365, "min": 0.0173782482743, "median": 0.163518220186, "max": 0.387227863073}, "spectral_flux": {"dmean": 0.0167931374162, "dvar2": 0.00288998614997, "mean": 0.0475896596909, "var": 0.00400699209422, "dmean2": 0.028243245557, "dvar": 0.00129051308613, "min": 1.03032263277e-10, "median": 0.022038301453, "max": 0.709572374821}, "spectral_energyband_low": {"dmean": 0.00134148681536, "dvar2": 4.77621069876e-05, "mean": 0.00126505061053, "var": 1.71281699295e-05, "dmean2": 0.00225398177281, "dvar": 1.84117961908e-05, "min": 6.75912558118e-23, "median": 8.69573268574e-05, "max": 0.0840825289488}, "spectral_rolloff": {"dmean": 906.29510498, "dvar2": 2512663.5, "mean": 3022.97753906, "var": 13543944, "dmean2": 1416.47045898, "dvar": 1310885.625, "min": 21.533203125, "median": 2239.453125, "max": 19939.7460938}, "spectral_entropy": {"dmean": 0.183258339763, "dvar2": 0.102190360427, "mean": 7.85765504837, "var": 0.116929545999, "dmean2": 0.292967945337, "dvar": 0.045527510345, "min": 5.97715568542, "median": 7.88266181946, "max": 9.78885650635}, "spectral_energy": {"dmean": 0.00650249188766, "dvar2": 0.0018028068589, "mean": 0.00794130098075, "var": 0.000594106968492, "dmean2": 0.0113690737635, "dvar": 0.000604969507549, "min": 1.0615646625e-20, "median": 0.000928555964492, "max": 0.602894127369}, "spectral_centroid": {"dmean": 445.277496338, "dvar2": 415957.75, "mean": 2076.0078125, "var": 712516.0625, "dmean2": 678.67376709, "dvar": 226554.0625, "min": 239.386154175, "median": 2116.00634766, "max": 10786.2412109}, "barkbands_flatness_db": {"dmean": 0.0368200056255, "dvar2": 0.00328613258898, "mean": 0.121901080012, "var": 0.00522097432986, "dmean2": 0.0570337213576, "dvar": 0.00156799401157, "min": 0.0277808438987, "median": 0.092497959733, "max": 0.475692808628}, "spectral_rms": {"dmean": 0.000687209190801, "dvar2": 5.41708777746e-06, "mean": 0.00175999477506, "var": 4.65002040073e-06, "dmean2": 0.00113762344699, "dvar": 1.94831159206e-06, "min": 3.21818721845e-12, "median": 0.000951791997068, "max": 0.024252615869}, "melbands": {"dmean": [0.00026519538369, 0.000226499862038, 0.000114915084851, 6.73859904055e-05, 2.76266673609e-05, 5.37255837116e-05, 1.88332178368e-05, 4.8651677389e-06, 4.70798931929e-06, 2.21571281145e-05, 6.01302526775e-05, 0.000120368276839, 0.000167133883224, 0.000149754851009, 0.000141011551023, 6.25998945907e-05, 4.49661456514e-05, 2.51444143942e-05, 1.20118802442e-05, 1.91542549146e-05, 2.80982458207e-05, 2.8458349334e-05, 2.50473858614e-05, 8.61594435264e-06, 5.94021503275e-06, 1.07261448647e-05, 9.01532712305e-06, 3.14974863613e-06, 5.03461023982e-06, 8.07206652098e-06, 4.34429966845e-06, 2.66112328973e-06, 2.87858233605e-06, 2.04938714887e-06, 1.67191285527e-06, 9.80762933978e-07, 9.169208397e-07, 7.27247027044e-07, 5.57245186883e-07, 4.58643654611e-07], "dvar2": [1.52224140493e-06, 1.76298181032e-06, 7.64071273807e-07, 2.52961427805e-07, 2.07344044156e-07, 8.71716054007e-07, 5.81772461317e-08, 3.13436965271e-09, 1.55689006132e-09, 4.13368326235e-08, 5.02042837525e-07, 1.48856588567e-06, 1.90532705346e-06, 1.94480344362e-06, 2.17849947148e-06, 3.46148567587e-07, 1.59573758651e-07, 4.17258689822e-08, 6.89082257921e-09, 1.36553275354e-08, 6.6372123797e-08, 2.57742680532e-08, 4.87165969787e-08, 2.65662092325e-09, 1.10446218837e-09, 4.55882842587e-09, 3.44067507818e-09, 3.79293457753e-10, 8.99868402016e-10, 3.50751672151e-09, 1.08627129514e-09, 3.98714505856e-10, 4.49527748358e-10, 2.37262293146e-10, 1.73751152355e-10, 1.01025438015e-10, 6.5913420555e-11, 1.70083634676e-11, 7.05054417627e-12, 4.69429183025e-12], "mean": [0.000241983914748, 0.000208007870242, 9.73923524725e-05, 5.58622996323e-05, 2.03558429348e-05, 3.95685783587e-05, 1.32350660351e-05, 3.85677049053e-06, 4.08582809541e-06, 1.67584003066e-05, 4.4072727178e-05, 8.40277571115e-05, 0.000117699237308, 0.000114113099698, 0.000109389206045, 5.23994094692e-05, 4.16122493334e-05, 2.33667688008e-05, 1.25209626276e-05, 1.96673336177e-05, 3.01467607642e-05, 3.3223965147e-05, 2.70400560112e-05, 1.01110827018e-05, 6.68695793138e-06, 1.13065025289e-05, 9.62368903856e-06, 3.57137651008e-06, 5.71214741285e-06, 8.49713796924e-06, 4.80335074826e-06, 3.09246252073e-06, 3.22573896483e-06, 2.29290685638e-06, 1.85816656995e-06, 1.10063854208e-06, 1.03591014522e-06, 8.74722047683e-07, 6.90546016813e-07, 5.74014563881e-07], "var": [5.68028724501e-07, 6.40351174752e-07, 2.14207787508e-07, 7.65533201275e-08, 5.71211025147e-08, 3.38594702498e-07, 1.36202347178e-08, 6.23051943371e-10, 4.28033219979e-10, 9.00228513956e-09, 9.38463600164e-08, 2.82699346599e-07, 3.71754168782e-07, 3.99892201131e-07, 4.41987992872e-07, 7.69993633298e-08, 4.47874128895e-08, 1.08232907081e-08, 2.64782884507e-09, 4.51233495014e-09, 1.82526473935e-08, 1.55793298262e-08, 1.99092369257e-08, 1.41911826734e-09, 4.80737116781e-10, 2.37710939821e-09, 1.78079262447e-09, 1.9737857182e-10, 5.26005350387e-10, 1.69238234538e-09, 6.20126949791e-10, 2.39257835766e-10, 2.31310109955e-10, 1.20739210296e-10, 8.65163912733e-11, 3.66902827564e-11, 2.67150468414e-11, 1.1648449566e-11, 5.10164870418e-12, 3.75565030464e-12], "dmean2": [0.000441590411356, 0.000374291528715, 0.000204853116884, 0.000118544652651, 4.98978006362e-05, 9.66727675404e-05, 3.46671622538e-05, 9.02531428437e-06, 8.50098876981e-06, 4.03001795348e-05, 0.000111419940367, 0.000225893512834, 0.000312548101647, 0.000278308725683, 0.000258060812484, 0.000113332651381, 7.88567049312e-05, 4.36969930888e-05, 1.98620036826e-05, 3.14230455842e-05, 4.56821835542e-05, 4.42253622168e-05, 3.86697538488e-05, 1.30595262817e-05, 9.58355485636e-06, 1.67663183674e-05, 1.38888308356e-05, 4.81355391457e-06, 7.69449252402e-06, 1.24578073155e-05, 6.62149523123e-06, 3.97735630031e-06, 4.48249193141e-06, 3.09498864226e-06, 2.54783140008e-06, 1.49583797793e-06, 1.41630926009e-06, 1.11137558179e-06, 8.2269741597e-07, 6.81021390392e-07], "dvar": [5.90599995576e-07, 6.9270856784e-07, 2.78316946378e-07, 9.58888293212e-08, 7.95110040031e-08, 3.80600340577e-07, 2.08368238219e-08, 1.0319209931e-09, 5.46482248343e-10, 1.3891204631e-08, 1.63984452684e-07, 4.87127181259e-07, 6.33804972949e-07, 6.4175674197e-07, 7.19092781765e-07, 1.13224551512e-07, 5.6286229011e-08, 1.48372816255e-08, 2.70382871648e-09, 5.13810993752e-09, 2.40338913216e-08, 1.11353157806e-08, 1.9844240029e-08, 1.12747089442e-09, 4.36449931751e-10, 2.05355132898e-09, 1.54015988851e-09, 1.65934099794e-10, 4.11670530998e-10, 1.51919121727e-09, 5.01438002232e-10, 1.91549762163e-10, 2.00973196418e-10, 1.04654042377e-10, 7.58127727263e-11, 4.02562289059e-11, 2.68148506871e-11, 8.13670311683e-12, 3.35154733827e-12, 2.4045830431e-12], "min": [1.28958776157e-23, 1.06217959409e-23, 6.59180455442e-24, 6.17236090023e-24, 3.32493038637e-23, 1.99558158971e-23, 8.10069430658e-24, 3.41947536586e-24, 1.38090637884e-23, 1.07365941353e-23, 1.35252237461e-23, 1.46499453372e-23, 5.54183660603e-24, 1.73623867618e-24, 1.02971654789e-23, 6.0956067063e-24, 6.9683799293e-24, 1.19732203789e-23, 1.34571750267e-23, 2.10034231792e-23, 6.37743594216e-24, 3.40730797526e-24, 9.92188935795e-24, 1.18160863863e-23, 1.81088984582e-23, 1.3897517184e-23, 8.89022258813e-24, 1.0503104718e-23, 1.18494504695e-23, 9.48250014463e-24, 5.82599810916e-24, 8.32040153501e-24, 8.89350188291e-24, 6.24270362715e-24, 9.28226910308e-24, 1.24959133038e-23, 1.25669715276e-23, 1.28043003309e-23, 1.08602346715e-23, 8.94589250221e-24], "median": [1.43230099638e-05, 1.08752046799e-05, 3.49208676198e-06, 4.10892243963e-06, 3.04132663587e-06, 2.85478154183e-06, 9.65476942838e-07, 4.09357483022e-07, 3.88034550269e-07, 1.02850708572e-06, 3.80228584618e-06, 4.31857506555e-06, 6.76990384818e-06, 5.10620975547e-06, 5.63199228054e-06, 2.62519597527e-06, 1.6586707261e-06, 1.41973259815e-06, 1.65823234966e-06, 1.69196300703e-06, 1.38522386806e-06, 9.96153630695e-07, 5.16877207701e-07, 4.03395972626e-07, 3.57919191174e-07, 3.48527095184e-07, 3.34585678274e-07, 2.1220833446e-07, 2.43552563006e-07, 1.62024178962e-07, 8.33858848637e-08, 6.46195061904e-08, 3.81209943612e-08, 3.00866211944e-08, 3.0553792385e-08, 2.37535022762e-08, 1.78324697231e-08, 2.36200534687e-08, 2.80838641231e-08, 1.99600034279e-08], "max": [0.0119175612926, 0.0198361445218, 0.0166601017118, 0.00968451797962, 0.0168731212616, 0.0351821109653, 0.00445289490744, 0.00106761627831, 0.000639604229946, 0.00316250533797, 0.0156197678298, 0.0167164467275, 0.0160503685474, 0.0261852238327, 0.0256711896509, 0.0128817334771, 0.00966861192137, 0.00402894290164, 0.00143557076808, 0.00141010759398, 0.00780664104968, 0.00303361937404, 0.00630584685132, 0.0010264434386, 0.000411559420172, 0.00106668658555, 0.00116578920279, 0.000465271179564, 0.000636163749732, 0.000982804922387, 0.000695429684129, 0.000548797601368, 0.000484957447043, 0.000350600254023, 0.000333070551278, 0.000313776050461, 0.000228916527703, 7.63621283113e-05, 5.38867898285e-05, 2.99909370369e-05]}, "barkbands_crest": {"dmean": 3.60844182968, "dvar2": 28.6622581482, "mean": 9.52672100067, "var": 33.2723503113, "dmean2": 5.84231853485, "dvar": 13.068772316, "min": 2.23327302933, "median": 7.30302524567, "max": 26.7476921082}, "mfcc": {"icov": [[0.000116745468404, 4.40831463493e-05, 0.00038095578202, -2.57476913248e-05, 7.97626635176e-05, -0.000230630204896, -8.4903127572e-05, -0.000248326396104, 0.000188579404494, 0.000415455579059, 3.52484967152e-05, -4.22333650931e-05, 0.000241030778852], [4.40831463493e-05, 0.000680661934894, 0.00024519735598, 0.000104358929093, -0.000413129484514, -0.000530251942109, -0.000708449981175, 5.71775635763e-05, 0.000342891231412, -1.4172603187e-05, 2.89227427857e-05, 0.000319215760101, -0.000282042106846], [0.00038095578202, 0.00024519735598, 0.00293503166176, -0.000578227161895, -0.000152373992023, -0.000359190249583, -0.000486086355522, -0.000985988066532, 0.0010007803794, 0.000187351819477, -0.000175999404746, -2.5882918635e-05, 0.000939841906074], [-2.57476913248e-05, 0.000104358929093, -0.000578227161895, 0.00374088925309, -0.000333881005645, -0.000804334529676, -0.000941205827985, 0.000577472615987, -0.00030362061807, -0.00147026428021, -0.000181714523933, 1.81810628419e-05, 0.000575116660912], [7.97626635176e-05, -0.000413129484514, -0.000152373992023, -0.000333881005645, 0.00518070766702, -0.000603376247454, 0.000447201426141, -0.000872648321092, -0.000483384501422, -0.000728769926354, 0.000199985588551, 0.000228262433666, -0.000546074530575], [-0.000230630204896, -0.000530251942109, -0.000359190249583, -0.000804334529676, -0.000603376247454, 0.00675475597382, 0.000450448744232, -0.00124831264839, -0.000763187475968, -0.0015007769689, -0.0013120607473, -0.000521906826179, -0.000196466571651], [-8.4903127572e-05, -0.000708449981175, -0.000486086355522, -0.000941205827985, 0.000447201426141, 0.000450448744232, 0.00829615071416, -0.00231500039808, -0.00253708753735, 0.00140692747664, 0.00156395009253, -0.00086116255261, -0.00066638313001], [-0.000248326396104, 5.71775635763e-05, -0.000985988066532, 0.000577472615987, -0.000872648321092, -0.00124831264839, -0.00231500039808, 0.00796381011605, -0.00141896610148, 0.000211951832171, -0.00199069082737, -0.000761265459005, 0.000791484490037], [0.000188579404494, 0.000342891231412, 0.0010007803794, -0.00030362061807, -0.000483384501422, -0.000763187475968, -0.00253708753735, -0.00141896610148, 0.0144272539765, -0.00260692532174, -1.90232422028e-05, -0.000636961893179, 0.000713080691639], [0.000415455579059, -1.4172603187e-05, 0.000187351819477, -0.00147026428021, -0.000728769926354, -0.0015007769689, 0.00140692747664, 0.000211951832171, -0.00260692532174, 0.0158591531217, -0.00522913504392, 0.00150551460683, -0.000875767087564], [3.52484967152e-05, 2.89227427857e-05, -0.000175999404746, -0.000181714523933, 0.000199985588551, -0.0013120607473, 0.00156395009253, -0.00199069082737, -1.90232422028e-05, -0.00522913504392, 0.0124509967864, -0.00469159102067, 0.00274855690077], [-4.22333650931e-05, 0.000319215760101, -2.5882918635e-05, 1.81810628419e-05, 0.000228262433666, -0.000521906826179, -0.00086116255261, -0.000761265459005, -0.000636961893179, 0.00150551460683, -0.00469159102067, 0.0149748511612, -0.00085041805869], [0.000241030778852, -0.000282042106846, 0.000939841906074, 0.000575116660912, -0.000546074530575, -0.000196466571651, -0.00066638313001, 0.000791484490037, 0.000713080691639, -0.000875767087564, 0.00274855690077, -0.00085041805869, 0.0163251534104]], "mean": [-800.970336914, 84.8053665161, -22.4623832703, 9.21799755096, 13.0633478165, 20.8291721344, 20.8138198853, 9.37884426117, 4.48907375336, -6.77008199692, -8.6004152298, -0.763672590256, 4.64315032959], "cov": [[23243.4941406, -323.745239258, -2751.03076172, -549.534667969, -548.511901855, 324.430450439, 256.450439453, 439.512542725, -159.893096924, -790.830993652, -287.071166992, 97.765625, -178.331085205], [-323.745239258, 1940.94433594, -72.434928894, 14.8608179092, 182.435745239, 154.256072998, 157.644378662, 43.271396637, 9.40748977661, 22.2171783447, -19.6770420074, -33.3535614014, 56.6115112305], [-2751.03076172, -72.434928894, 747.900268555, 155.454879761, 87.0274505615, 13.4543638229, 1.83362078667, 30.1993103027, 16.9480571747, 109.09463501, 77.966583252, 8.99853801727, -15.0295572281], [-549.534667969, 14.8608179092, 155.454879761, 346.490936279, 54.2296562195, 68.7845993042, 30.9484863281, 22.0954780579, 30.6378917694, 71.0623016357, 52.7791557312, 12.2564811707, -15.725646019], [-548.511901855, 182.435745239, 87.0274505615, 54.2296562195, 241.484573364, 52.0522346497, 9.49230003357, 34.2279777527, 21.7450675964, 46.0463294983, 26.5268249512, 0.17533518374, 8.82506656647], [324.430450439, 154.256072998, 13.4543638229, 68.7845993042, 52.0522346497, 222.159942627, 22.887424469, 75.0919723511, 26.3854618073, 39.4071083069, 60.171459198, 25.0094890594, -11.480796814], [256.450439453, 157.644378662, 1.83362078667, 30.9484863281, 9.49230003357, 22.887424469, 171.399795532, 61.7434387207, 28.1481533051, -18.0985546112, -14.6451129913, 9.58162403107, 3.10171437263], [439.512542725, 43.271396637, 30.1993103027, 22.0954780579, 34.2279777527, 75.0919723511, 61.7434387207, 197.584915161, 31.0138397217, 8.43233013153, 50.580745697, 31.1551151276, -21.0643081665], [-159.893096924, 9.40748977661, 16.9480571747, 30.6378917694, 21.7450675964, 26.3854618073, 28.1481533051, 31.0138397217, 86.4467926025, 27.5072002411, 21.5642719269, 10.551908493, -4.22283029556], [-790.830993652, 22.2171783447, 109.09463501, 71.0623016357, 46.0463294983, 39.4071083069, -18.0985546112, 8.43233013153, 27.5072002411, 121.972229004, 65.9698944092, 6.96182918549, -1.25970625877], [-287.071166992, -19.6770420074, 77.966583252, 52.7791557312, 26.5268249512, 60.171459198, -14.6451129913, 50.580745697, 21.5642719269, 65.9698944092, 147.879455566, 42.3556900024, -23.9820652008], [97.765625, -33.3535614014, 8.99853801727, 12.2564811707, 0.17533518374, 25.0094890594, 9.58162403107, 31.1551151276, 10.551908493, 6.96182918549, 42.3556900024, 83.4107055664, -6.65553951263], [-178.331085205, 56.6115112305, -15.0295572281, -15.725646019, 8.82506656647, -11.480796814, 3.10171437263, -21.0643081665, -4.22283029556, -1.25970625877, -23.9820652008, -6.65553951263, 71.3981781006]]}, "spectral_decrease": {"dmean": 1.53955193039e-09, "dvar2": 1.01689336108e-16, "mean": -1.7666870189e-09, "var": 3.04556287926e-17, "dmean2": 2.73685252239e-09, "dvar": 3.36814776716e-17, "min": -1.3899537521e-07, "median": -2.12778294983e-10, "max": 6.88002130242e-15}, "zerocrossingrate": {"dmean": 0.0233803652227, "dvar2": 0.000776063941885, "mean": 0.0976880565286, "var": 0.00435335049406, "dmean2": 0.027379989624, "dvar": 0.000574255420361, "min": 0, "median": 0.0908203125, "max": 0.48974609375}, "spectral_contrast_coeffs": {"dmean": [0.055052626878, 0.0493069440126, 0.0387754663825, 0.0315103977919, 0.0256977695972, 0.0218428261578], "dvar2": [0.00597703829408, 0.00482928939164, 0.00329083018005, 0.00235904077999, 0.00150836573448, 0.000978246680461], "mean": [-0.754057347775, -0.808315873146, -0.828256726265, -0.820854246616, -0.811782240868, -0.778225064278], "var": [0.00615031225607, 0.00387227884494, 0.00300497584976, 0.00292158150114, 0.00280275009573, 0.00346109061502], "dmean2": [0.0930648073554, 0.083694383502, 0.066106043756, 0.0536969192326, 0.0411876663566, 0.0331415347755], "dvar": [0.00220150058158, 0.00173915585037, 0.00116926024202, 0.000840917869937, 0.000633169780485, 0.00049480679445], "min": [-0.945923507214, -0.994902551174, -0.977031946182, -0.960339307785, -0.964834749699, -0.95839124918], "median": [-0.763654470444, -0.812957942486, -0.830660104752, -0.823791384697, -0.813508868217, -0.7779545784], "max": [-0.391517430544, -0.399985134602, -0.553805351257, -0.524634122849, -0.62450158596, -0.512121021748]}, "spectral_skewness": {"dmean": 0.298458874226, "dvar2": 0.339479357004, "mean": 1.67081451416, "var": 0.254934072495, "dmean2": 0.488569706678, "dvar": 0.13910010457, "min": 0.0319682471454, "median": 1.58020603657, "max": 5.71858644485}, "spectral_energyband_middle_high": {"dmean": 0.00493150018156, "dvar2": 0.00138773221988, "mean": 0.00508639216423, "var": 0.000370801892132, "dmean2": 0.00867089536041, "dvar": 0.000460471841507, "min": 1.62240077166e-21, "median": 0.000324926804751, "max": 0.512744247913}, "gfcc": {"icov": [[0.00021136624855, -0.000156860813149, 0.000487869023345, -0.000344730477082, 0.000157796996064, -0.000457693036878, 0.000298352038953, -0.000193709536688, 0.000643603038043, -0.000126535611344, 0.000401484430768, -0.000866186397616, 0.00100336526521], [-0.000156860813149, 0.000686048122589, -0.000288902054308, 0.000280483887764, -0.000762847077567, 3.99324417231e-05, -0.000336888595484, 0.000748383172322, -8.04814917501e-05, 0.000330963172019, -0.000707718485501, 0.00116636021994, -0.00111732480582], [0.000487869023345, -0.000288902054308, 0.0025507339742, -0.000891265575774, -0.000256173632806, -0.000266119866865, 3.48148273588e-06, -0.000480360584334, 0.000739440787584, -3.50350856024e-05, 0.000416274473537, -0.00150870752987, 0.00244356808253], [-0.000344730477082, 0.000280483887764, -0.000891265575774, 0.00384324439801, -9.18815858313e-05, 4.07992320106e-06, -0.000430699496064, 0.00048810642329, -0.000226359043154, 0.000212459184695, 0.000210532045458, 0.00331331114285, -0.00100048794411], [0.000157796996064, -0.000762847077567, -0.000256173632806, -9.18815858313e-05, 0.00475209811702, -0.000480391347082, -0.000983714242466, -0.000410398497479, -0.00131507904734, 2.28951303143e-05, 0.00126221927349, -0.000601608247962, 0.00205741007812], [-0.000457693036878, 3.99324417231e-05, -0.000266119866865, 4.07992320106e-06, -0.000480391347082, 0.00781984720379, -0.000983156496659, -0.0011465853313, -0.00130874558818, 0.00186318322085, -6.69966684654e-05, 0.000504742551129, -0.00131850515027], [0.000298352038953, -0.000336888595484, 3.48148273588e-06, -0.000430699496064, -0.000983714242466, -0.000983156496659, 0.00644595595077, -0.00125850189943, 8.19386477815e-05, -0.000145479818457, 0.000193270097952, -0.00220610690303, 0.00316017214209], [-0.000193709536688, 0.000748383172322, -0.000480360584334, 0.00048810642329, -0.000410398497479, -0.0011465853313, -0.00125850189943, 0.00983293447644, 0.000664539751597, -0.000441265961854, -0.000457273999928, 0.000873530749232, -0.00153102574404], [0.000643603038043, -8.04814917501e-05, 0.000739440787584, -0.000226359043154, -0.00131507904734, -0.00130874558818, 8.19386477815e-05, 0.000664539751597, 0.0107094747946, -0.00232836371288, -0.00160608929582, -0.0010484540835, 0.0048280376941], [-0.000126535611344, 0.000330963172019, -3.50350856024e-05, 0.000212459184695, 2.28951303143e-05, 0.00186318322085, -0.000145479818457, -0.000441265961854, -0.00232836371288, 0.0101395966485, -0.000224657836952, -0.000291180418571, -0.000636439130176], [0.000401484430768, -0.000707718485501, 0.000416274473537, 0.000210532045458, 0.00126221927349, -6.69966684654e-05, 0.000193270097952, -0.000457273999928, -0.00160608929582, -0.000224657836952, 0.0143032548949, -0.00300784339197, -0.00291732256301], [-0.000866186397616, 0.00116636021994, -0.00150870752987, 0.00331331114285, -0.000601608247962, 0.000504742551129, -0.00220610690303, 0.000873530749232, -0.0010484540835, -0.000291180418571, -0.00300784339197, 0.0176891703159, -0.00240885862149], [0.00100336526521, -0.00111732480582, 0.00244356808253, -0.00100048794411, 0.00205741007812, -0.00131850515027, 0.00316017214209, -0.00153102574404, 0.0048280376941, -0.000636439130176, -0.00291732256301, -0.00240885862149, 0.014515183866]], "mean": [-177.603210449, 53.4233703613, -132.547836304, 29.4442481995, -35.1957817078, 32.7414245605, -25.716342926, 5.38995075226, -29.589805603, -2.42344331741, -6.72288179398, 3.93560290337, 7.33196735382], "cov": [[32781.4179688, 569.607849121, -4441.18408203, 1148.16418457, -1207.58312988, 1301.68664551, -921.570678711, 253.991073608, -1564.66784668, -280.291412354, -821.240112305, 468.797027588, -457.654846191], [569.607849121, 2554.59985352, 70.526260376, 14.0620412827, 343.249603271, 73.4803619385, 75.1271057129, -128.677078247, -13.7480211258, -94.9665679932, 65.2103424072, -93.2847213745, 72.4929428101], [-4441.18408203, 70.526260376, 1240.93212891, -52.7542572021, 365.146606445, -143.051727295, 268.573791504, -24.0322856903, 267.369689941, 30.3490028381, 54.2012672424, -44.6340141296, -109.988693237], [1148.16418457, 14.0620412827, -52.7542572021, 375.516845703, -22.4798545837, 54.4040985107, -19.0778636932, 2.45110011101, -56.4017181396, -21.6022415161, -54.7039375305, -41.5892066956, -31.0635757446], [-1207.58312988, 343.249603271, 365.146606445, -22.4798545837, 457.641693115, -4.58136892319, 189.220123291, -16.0463733673, 155.455963135, 4.86824035645, -12.5977077484, -15.220416069, -117.847648621], [1301.68664551, 73.4803619385, -143.051727295, 54.4040985107, -4.58136892319, 197.913742065, 1.70972490311, 27.6533737183, -44.0085258484, -34.9625740051, -34.669719696, 16.8764190674, -26.3816108704], [-921.570678711, 75.1271057129, 268.573791504, -19.0778636932, 189.220123291, 1.70972490311, 281.624725342, 11.5701084137, 103.656059265, 9.07623767853, -4.0503692627, 9.72224903107, -97.0807800293], [253.991073608, -128.677078247, -24.0322856903, 2.45110011101, -16.0463733673, 27.6533737183, 11.5701084137, 119.143486023, -19.3355197906, 3.09428095818, -8.03947162628, 9.92827796936, -1.81435990334], [-1564.66784668, -13.7480211258, 267.369689941, -56.4017181396, 155.455963135, -44.0085258484, 103.656059265, -19.3355197906, 220.707550049, 38.7196731567, 31.2424087524, -11.0156650543, -59.700378418], [-280.291412354, -94.9665679932, 30.3490028381, -21.6022415161, 4.86824035645, -34.9625740051, 9.07623767853, 3.09428095818, 38.7196731567, 114.389854431, 8.37604904175, 6.20805025101, -5.19826364517], [-821.240112305, 65.2103424072, 54.2012672424, -54.7039375305, -12.5977077484, -34.669719696, -4.0503692627, -8.03947162628, 31.2424087524, 8.37604904175, 112.065513611, 0.0334445014596, 60.0674858093], [468.797027588, -93.2847213745, -44.6340141296, -41.5892066956, -15.220416069, 16.8764190674, 9.72224903107, 9.92827796936, -11.0156650543, 6.20805025101, 0.0334445014596, 86.8991546631, -13.9539422989], [-457.654846191, 72.4929428101, -109.988693237, -31.0635757446, -117.847648621, -26.3816108704, -97.0807800293, -1.81435990334, -59.700378418, -5.19826364517, 60.0674858093, -13.9539422989, 187.122711182]]}, "erbbands_spread": {"dmean": 8.01869869232, "dvar2": 203.66317749, "mean": 28.2219715118, "var": 270.359191895, "dmean2": 13.5654029846, "dvar": 80.1688690186, "min": 1.32710516453, "median": 24.5230178833, "max": 129.378692627}, "erbbands_kurtosis": {"dmean": 1.47576737404, "dvar2": 16.4843730927, "mean": 1.1098228693, "var": 5.79648590088, "dmean2": 2.55903100967, "dvar": 6.07910442352, "min": -1.59230089188, "median": 0.584254741669, "max": 50.627910614}, "dynamic_complexity": 13.3284139633, "erbbands_crest": {"dmean": 2.61187648773, "dvar2": 17.3369655609, "mean": 7.92252588272, "var": 10.0452737808, "dmean2": 4.47529602051, "dvar": 6.32730340958, "min": 2.06984829903, "median": 7.28847360611, "max": 27.1754341125}, "erbbands": {"dmean": [0.0260980147868, 0.235277041793, 0.325984209776, 0.556157410145, 1.1266027689, 0.635027647018, 0.863142192364, 2.50385522842, 1.33642923832, 0.516130745411, 0.614711940289, 2.88037228584, 11.6936378479, 31.2401504517, 49.7189064026, 57.4759941101, 37.2920722961, 25.0708522797, 13.6907377243, 10.668009758, 21.8390216827, 26.8093185425, 16.2917060852, 7.87992334366, 14.0177373886, 6.28844499588, 10.2411804199, 8.34680843353, 4.89015579224, 4.02972364426, 2.48701691628, 1.53627610207, 0.989494979382, 0.542317807674, 0.301500499249, 0.127308994532, 0.0350450314581, 0.00728564150631, 0.000800544861704, 5.77731698286e-05], "dvar2": [0.0150631610304, 1.49763667583, 4.52496194839, 22.5169734955, 66.9204330444, 22.0265254974, 231.88520813, 2005.34814453, 304.829498291, 35.6404342651, 26.8631839752, 682.481811523, 17860.4863281, 93950.453125, 162974.9375, 367841.875, 124727.140625, 45599.59375, 11822.1484375, 4053.16772461, 33023.3085938, 26900.7070312, 16394.8046875, 1704.41833496, 8013.54443359, 1387.82434082, 4364.71240234, 3569.72192383, 1216.42333984, 950.729003906, 385.401794434, 215.927932739, 28.7462444305, 5.94307422638, 2.17087197304, 0.496896475554, 0.0596145838499, 0.00482682883739, 5.32011836185e-05, 2.01400197852e-07], "mean": [0.0225677154958, 0.214213117957, 0.284667402506, 0.458405941725, 0.94303971529, 0.505599319935, 0.629939079285, 1.84401333332, 0.943360209465, 0.402649372816, 0.528657913208, 2.2130022049, 8.60786342621, 21.916513443, 35.7146072388, 44.5711135864, 30.5858135223, 23.1684875488, 13.2560014725, 11.5590839386, 24.1066570282, 31.9667415619, 18.5861148834, 9.43701457977, 15.3153944016, 7.30163621902, 11.4350223541, 9.42988681793, 5.80257081985, 4.63397073746, 2.87341141701, 1.77859759331, 1.22789061069, 0.703525066376, 0.399219274521, 0.158493608236, 0.0438736602664, 0.00892905145884, 0.000949644600041, 7.27154547349e-05], "var": [0.00525628402829, 0.590315818787, 1.39628481865, 5.99797058105, 20.1245441437, 6.11830043793, 62.8740272522, 792.944946289, 74.2430648804, 7.21558380127, 7.15241861343, 147.601318359, 3348.52539062, 17898.3066406, 32265.5039062, 74486.6953125, 26752.7597656, 12731.5009766, 3187.52294922, 1555.22180176, 9754.51367188, 15883.5253906, 7235.12207031, 925.23046875, 4391.08740234, 817.786865234, 2386.765625, 2115.08935547, 755.583435059, 475.279998779, 195.590698242, 82.9319915771, 20.3602848053, 5.11255073547, 1.94412350655, 0.430043488741, 0.0528454296291, 0.00323486654088, 3.69429617422e-05, 1.27381952097e-07], "dmean2": [0.0452245511115, 0.379964739084, 0.559764146805, 1.00053834915, 1.9734480381, 1.13598787785, 1.55674469471, 4.5130777359, 2.46234488487, 0.955691576004, 1.11190915108, 5.24209117889, 21.6911239624, 58.5741882324, 92.8445510864, 106.035736084, 68.094543457, 44.2649917603, 23.6914482117, 17.2501716614, 35.2313194275, 41.2684860229, 24.7126922607, 12.2569856644, 21.4709644318, 9.46241188049, 15.5728378296, 12.5056877136, 7.31709527969, 6.11722946167, 3.72768950462, 2.34741830826, 1.48332417011, 0.795293033123, 0.44116050005, 0.187309071422, 0.0517604723573, 0.0111579010263, 0.00121876457706, 8.73832468642e-05], "dvar": [0.00566733302549, 0.603131949902, 1.70091795921, 8.08707332611, 25.2554721832, 8.13178825378, 88.4866409302, 882.401550293, 110.799354553, 11.7953252792, 9.32637882233, 227.83354187, 5828.25390625, 30710.5507812, 54288.6054688, 120978.820312, 41020.78125, 15848.4365234, 4227.82666016, 1580.37561035, 12123.2666016, 11636.7509766, 6759.62304688, 727.633483887, 3691.38549805, 643.968139648, 1956.49145508, 1680.96203613, 589.584716797, 417.410003662, 170.39302063, 86.8534011841, 13.8285074234, 3.11502933502, 1.13884890079, 0.259023219347, 0.0307586267591, 0.00217807246372, 2.51651908911e-05, 8.96374032777e-08], "min": [1.28482797997e-21, 9.7091762271e-21, 1.69886483453e-20, 2.91992849838e-20, 6.14537809472e-20, 1.92353290501e-19, 1.08497682713e-18, 8.93025430083e-19, 5.63578572354e-19, 3.75223032828e-19, 1.28994173976e-18, 1.68091806547e-18, 2.61549670683e-18, 3.53755162692e-18, 1.23768450117e-18, 1.71293222992e-18, 4.31285932967e-18, 3.73218805223e-18, 7.17812529041e-18, 1.46057464515e-17, 7.45944941673e-18, 4.93189648468e-18, 1.14488637561e-17, 2.13161879595e-17, 1.50675067936e-17, 1.62021884901e-17, 1.82524598631e-17, 1.23867591849e-17, 1.60543266469e-17, 1.24928326908e-17, 1.81876055944e-17, 2.00457444177e-17, 1.8141773171e-17, 1.11378579079e-17, 7.42894878601e-18, 6.78323340188e-18, 3.53859676962e-18, 1.3152067308e-18, 4.17072943451e-19, 3.58438782105e-20], "median": [0.00119681982324, 0.00834977626801, 0.017609147355, 0.0176755152643, 0.0349336266518, 0.0672406256199, 0.0886918902397, 0.123932950199, 0.0689869150519, 0.0414495095611, 0.0523904561996, 0.158731848001, 0.753050327301, 1.14428269863, 2.07314920425, 2.10076785088, 1.65657424927, 1.0095345974, 0.996304869652, 1.30842101574, 1.27312707901, 0.914812743664, 0.565045952797, 0.477875947952, 0.501640558243, 0.394365817308, 0.391172885895, 0.185486853123, 0.111492522061, 0.0589117668569, 0.0508486256003, 0.0351980403066, 0.0385608449578, 0.0277093313634, 0.0168623030186, 0.00205429922789, 0.000184359043487, 1.62837932294e-05, 9.71134795691e-06, 4.11781184084e-06], "max": [1.15522956848, 14.4871730804, 34.8738708496, 100.947189331, 131.596923828, 75.0710449219, 564.309448242, 1704.25402832, 332.361602783, 115.862709045, 85.1382217407, 413.646972656, 2852.54052734, 4362.72021484, 4534.44482422, 11884.7519531, 6552.43945312, 4602.71142578, 1860.02050781, 853.733215332, 5379.56591797, 3257.14941406, 3502.34423828, 599.989868164, 1622.21008301, 863.568664551, 993.110229492, 1247.07629395, 907.859924316, 785.307434082, 547.984375, 443.80279541, 100.226425171, 38.0584983826, 35.3722801208, 13.2197656631, 4.58225297928, 1.47768807411, 0.139156252146, 0.00855796039104]}, "silence_rate_30dB": {"dmean": 0.00562412105501, "dvar2": 0.0136242583394, "mean": 0.991565108299, "var": 0.00836411677301, "dmean2": 0.011250000447, "dvar": 0.00559223955497, "min": 0, "median": 1, "max": 1}, "silence_rate_60dB": {"dmean": 0.0628026872873, "dvar2": 0.135166332126, "mean": 0.669790685177, "var": 0.221161961555, "dmean2": 0.125624999404, "dvar": 0.0588545911014, "min": 0, "median": 1, "max": 1}, "spectral_energyband_middle_low": {"dmean": 0.00100876251236, "dvar2": 5.26298645127e-05, "mean": 0.000861370179337, "var": 1.6365918782e-05, "dmean2": 0.00180651713163, "dvar": 1.99575042643e-05, "min": 3.95627956086e-22, "median": 9.1763358796e-05, "max": 0.178865760565}, "spectral_spread": {"dmean": 629043.25, "dvar2": 1381851987970.0, "mean": 4568735, "var": 3396970479620.0, "dmean2": 1011030.375, "dvar": 652089950208, "min": 1092021.625, "median": 4150191, "max": 40113800}, "barkbands": {"dmean": [0.000155171728693, 0.00101367640309, 0.000225274518016, 0.000260770611931, 0.000255729304627, 0.000254181475611, 6.04856140853e-05, 2.25808562391e-05, 0.000155055633513, 0.000574175326619, 0.00117228808813, 0.00141815724783, 0.000774796411861, 0.000443840166554, 0.000172259577084, 0.000356785400072, 0.000487361830892, 0.00024622012279, 0.000225704439799, 0.000157158166985, 0.000261956418399, 0.000137993367389, 9.14486008696e-05, 6.44878091407e-05, 4.31732878496e-05, 2.22252365347e-05, 5.41072040505e-06], "dvar2": [2.3966038043e-07, 2.45703686232e-05, 2.55717145592e-06, 5.11142252435e-06, 3.65960681847e-06, 1.94346321223e-05, 5.67307665733e-07, 4.09475617857e-08, 2.08594155993e-06, 4.03179219575e-05, 0.000104631493741, 0.000184179807547, 5.22261070728e-05, 1.61807547556e-05, 1.77482593244e-06, 7.7788854469e-06, 7.75044190959e-06, 4.00476847062e-06, 1.74048227564e-06, 1.003