{"tonal": {"hpcp": {"dvar": [0.0300699397922, 0.0294899977744, 0.0201315190643, 0.0191838033497, 0.0200931951404, 0.0230238754302, 0.0343732982874, 0.0337559990585, 0.0393407866359, 0.0383213013411, 0.0357716605067, 0.0211899671704, 0.0142574235797, 0.0173098780215, 0.0219564381987, 0.021853916347, 0.0238885376602, 0.0173194743693, 0.0130129540339, 0.01411301177, 0.0230348557234, 0.0267229937017, 0.0264502894133, 0.0254254285246, 0.0250140409917, 0.022415721789, 0.0138594675809, 0.0160356294364, 0.0171117912978, 0.0283218175173, 0.0375559516251, 0.0320959687233, 0.0254663731903, 0.0188503786922, 0.0255266651511, 0.0353552103043], "var": [0.0965594425797, 0.0407459288836, 0.0171456448734, 0.0147154349834, 0.0150575265288, 0.029750244692, 0.0852443799376, 0.0522847957909, 0.0554343424737, 0.108269266784, 0.0623004995286, 0.0187137108296, 0.0100209107623, 0.0133816702291, 0.0246152300388, 0.037808381021, 0.0307282172143, 0.0159136168659, 0.00951760355383, 0.0104389470071, 0.0325641073287, 0.0803925618529, 0.0518044829369, 0.048828445375, 0.0909851565957, 0.0387911610305, 0.011407344602, 0.0150687880814, 0.0181428734213, 0.0738889798522, 0.183415919542, 0.0646511465311, 0.0210851840675, 0.0144022218883, 0.0199337657541, 0.0575219839811], "median": [0.0134738907218, 0.00948144402355, 0.00224885041825, 0.00123250298202, 0.00134706043173, 0.0215488150716, 0.0500058569014, 0.050725530833, 0.0270024780184, 0.0192590449005, 0.0124750575051, 0.00375768821687, 0.00191973033361, 0.00192192778923, 0.0175345614552, 0.0370643101633, 0.0264222733676, 0.00651601888239, 0.00464221369475, 0.00378436013125, 0.0099121471867, 0.0194397121668, 0.0233329534531, 0.0114321950823, 0.00561611307785, 0.00456366641447, 0.00942774023861, 0.0123852239922, 0.0189365316182, 0.144583761692, 0.221552282572, 0.129480421543, 0.00533042382449, 0.00221144314855, 0.00349069549702, 0.00909153744578], "max": [1, 1, 1, 1, 1, 1, 1, 1, 1, 1, 1, 1, 1, 1, 1, 1, 1, 1, 1, 1, 1, 1, 1, 1, 1, 1, 1, 1, 1, 1, 1, 1, 1, 1, 1, 1], "dmean": [0.07601698488, 0.0807506591082, 0.0507951192558, 0.0435144603252, 0.0458910912275, 0.0759687498212, 0.101801916957, 0.114475913346, 0.113142214715, 0.100217655301, 0.0939060524106, 0.0541819036007, 0.0327540747821, 0.0394767224789, 0.0571460388601, 0.0664371028543, 0.0626242756844, 0.0444720722735, 0.0332399979234, 0.0371944010258, 0.0636936798692, 0.0764569267631, 0.0807889997959, 0.0765519440174, 0.0676452368498, 0.0656130686402, 0.0445072427392, 0.0475760549307, 0.0594032481313, 0.115568608046, 0.106208980083, 0.11573613435, 0.0634128972888, 0.0462635606527, 0.0631632357836, 0.0896110162139], "dmean2": [0.129827022552, 0.141778111458, 0.09302880615, 0.0789370536804, 0.0840131491423, 0.130655452609, 0.167187809944, 0.197205483913, 0.194632813334, 0.168453395367, 0.160912662745, 0.0961622074246, 0.0595386214554, 0.0710318088531, 0.0988431796432, 0.109950013459, 0.106537021697, 0.0782042890787, 0.0593795962632, 0.066588550806, 0.109846673906, 0.125850841403, 0.138068571687, 0.133827015758, 0.115993767977, 0.116013899446, 0.0793365836143, 0.0831583961844, 0.102103598416, 0.185942560434, 0.173901855946, 0.19429539144, 0.114526972175, 0.0843383893371, 0.114311695099, 0.160239011049], "mean": [0.165578365326, 0.100320152938, 0.0414769910276, 0.0327685549855, 0.033907469362, 0.0975373461843, 0.194224134088, 0.158283114433, 0.142053440213, 0.202940970659, 0.137423545122, 0.0455008223653, 0.0243871249259, 0.0308703128248, 0.0686336457729, 0.109068252146, 0.0846131071448, 0.0430508889258, 0.0307070314884, 0.0299665462226, 0.0876559838653, 0.158739045262, 0.125743821263, 0.118563137949, 0.154909446836, 0.0956890359521, 0.0451467819512, 0.0539819300175, 0.0653089284897, 0.263562291861, 0.438548922539, 0.241218164563, 0.0494199357927, 0.034626211971, 0.0474977940321, 0.120548687875], "dvar2": [0.0710602849722, 0.0807634964585, 0.0557535812259, 0.0534749999642, 0.055392537266, 0.0600945726037, 0.0794779211283, 0.0901526585221, 0.104682952166, 0.0923948213458, 0.0925594568253, 0.0572360269725, 0.0389979816973, 0.0471672229469, 0.0580164529383, 0.0540204495192, 0.0613460317254, 0.0456343591213, 0.0357067547739, 0.0393851697445, 0.0618333928287, 0.059733171016, 0.066420443356, 0.0704814568162, 0.0611231699586, 0.0615132041276, 0.0388315357268, 0.0439344830811, 0.0454150214791, 0.0720115974545, 0.083787150681, 0.084541849792, 0.0682080313563, 0.0508696846664, 0.0708405822515, 0.0998161956668], "min": [0, 0, 0, 0, 0, 0, 0, 0, 0, 0, 0, 0, 0, 0, 0, 0, 0, 0, 0, 0, 0, 0, 0, 0, 0, 0, 0, 0, 0, 0, 0, 0, 0, 0, 0, 0]}, "key_key": "C", "thpcp": [1, 0.55003708601, 0.112689673901, 0.0789563283324, 0.108306713402, 0.274880826473, 0.377559632063, 0.228754758835, 0.0945777967572, 0.0747204124928, 0.0773174166679, 0.222409278154, 0.44287905097, 0.360924631357, 0.323916971684, 0.462755590677, 0.313359677792, 0.103753127158, 0.0556086748838, 0.0703919455409, 0.156501680613, 0.248702585697, 0.192938804626, 0.0981666743755, 0.0700196251273, 0.0683311372995, 0.19987732172, 0.361964285374, 0.286727011204, 0.270353287458, 0.353231847286, 0.218194663525, 0.102945826948, 0.123092152178, 0.148920506239, 0.600987195969], "chords_key": "G", "tuning_equal_tempered_deviation": 0.039839040488, "tuning_frequency": 440.508575439, "tuning_diatonic_strength": 0.63369345665, "chords_histogram": [17.5462875366, 11.005364418, 33.8293838501, 1.48814678192, 0.484512895346, 0, 0.588337063789, 0.0173040311784, 1.1420661211, 0, 0.155736282468, 0.0173040311784, 0, 0.19034434855, 0, 3.68575882912, 0, 2.99359750748, 0.0346080623567, 0.294168531895, 0.19034434855, 2.80325317383, 11.0745801926, 12.4589033127], "key_strength": 0.866371095181, "key_scale": "major", "chords_strength": {"dvar": 0.000428488187026, "var": 0.0165535435081, "median": 0.494782030582, "max": 0.771075189114, "dmean": 0.0104719391093, "dmean2": 0.00873056054115, "mean": 0.487975686789, "dvar2": 0.000785012438428, "min": -1}, "chords_number_rate": 0.0017304031644, "tuning_nontempered_energy_ratio": 0.648634791374, "hpcp_entropy": {"dvar": 0.22260184586, "var": 0.459167271852, "median": 1.62798011303, "max": 4.2321805954, "dmean": 0.49525475502, "dmean2": 0.831192612648, "mean": 1.61100876331, "dvar2": 0.566841602325, "min": 0}, "chords_changes_rate": 0.0596989095211, "chords_scale": "major"}, "rhythm": {"bpm_histogram_first_peak_spread": {"dvar": 0, "var": 0, "median": 0.421621620655, "max": 0.421621620655, "dmean": 0, "dmean2": 0, "mean": 0.421621620655, "dvar2": 0, "min": 0.421621620655}, "bpm_histogram_first_peak_weight": {"dvar": 0, "var": 0, "median": 0.420432209969, "max": 0.420432209969, "dmean": 0, "dmean2": 0, "mean": 0.420432209969, "dvar2": 0, "min": 0.420432209969}, "bpm_histogram_first_peak_bpm": {"dvar": 0, "var": 0, "median": 117, "max": 117, "dmean": 0, "dmean2": 0, "mean": 117, "dvar2": 0, "min": 117}, "bpm": 117.825737, "bpm_histogram_second_peak_weight": {"dvar": 0, "var": 0, "median": 0.039292730391, "max": 0.039292730391, "dmean": 0, "dmean2": 0, "mean": 0.039292730391, "dvar2": 0, "min": 0.039292730391}, "beats_loudness": {"dvar": 0.000287206959911, "var": 0.000376693235012, "median": 0.0248980261385, "max": 0.158276721835, "dmean": 0.0180141888559, "dmean2": 0.0310490913689, "mean": 0.027151029557, "dvar2": 0.000849297153763, "min": 3.38210154327e-10}, "beats_loudness_band_ratio": {"dvar": [0.0345602706075, 0.0259583629668, 0.0230962336063, 0.0255188755691, 0.0104883629829, 0.0140446415171], "var": [0.0785180777311, 0.0341871380806, 0.0329735279083, 0.0194415636361, 0.0116650452837, 0.00805334094912], "median": [0.332413375378, 0.272832512856, 0.129576683044, 0.0398053452373, 0.0161388982087, 0.00384242041036], "max": [0.964148283005, 0.921639382839, 0.904978752136, 0.7446641922, 0.597439527512, 0.879155397415], "dmean": [0.211012542248, 0.187206149101, 0.16385088861, 0.110267817974, 0.0723357945681, 0.0356777310371], "dmean2": [0.343901187181, 0.333121538162, 0.283472597599, 0.202937245369, 0.123668856919, 0.0677629262209], "mean": [0.393558323383, 0.301813602448, 0.190304473042, 0.0928158834577, 0.0684009939432, 0.0244637485594], "dvar2": [0.0769646912813, 0.0722413882613, 0.0631130635738, 0.0746398493648, 0.0271742157638, 0.0435710139573], "min": [0.01107742358, 0.00352529599331, 0.00156519166194, 0.00114669941831, 4.69241276733e-05, 2.54460314864e-06]}, "bpm_histogram_second_peak_bpm": {"dvar": 0, "var": 0, "median": 112, "max": 112, "dmean": 0, "dmean2": 0, "mean": 112, "dvar2": 0, "min": 112}, "onset_rate": 3.08575487137, "beats_count": 510, "beats_position": [0.441179126501, 0.917188167572, 1.40480720997, 1.90403628349, 2.41487526894, 2.92571425438, 3.43655323982, 3.94739222527, 4.45823097229, 4.96907043457, 5.47990942001, 5.99074840546, 6.5015873909, 7.01242637634, 7.52326536179, 8.03410434723, 8.54494285583, 9.04417228699, 9.54340076447, 10.0542402267, 10.5650787354, 11.0759181976, 11.5867567062, 12.0975961685, 12.6084346771, 13.1192741394, 13.6301136017, 14.1293420792, 14.6285715103, 15.1394100189, 15.6502494812, 16.1610889435, 16.6603164673, 17.1595458984, 17.6471652985, 18.1580047607, 18.6572322845, 19.1564617157, 19.667301178, 20.1781406403, 20.6889801025, 21.1882076263, 21.6874370575, 22.1866664886, 22.6858959198, 23.1967334747, 23.707572937, 24.2184123993, 24.7292518616, 25.2400894165, 25.7393188477, 26.2501583099, 26.7493877411, 27.2370071411, 27.7246246338, 28.2122440338, 28.711473465, 29.2107028961, 29.6983222961, 30.2323799133, 30.778049469, 31.3237190247, 31.869386673, 32.4150543213, 32.9491157532, 33.4831733704, 34.0172348022, 34.5280723572, 35.0389099121, 35.5497512817, 36.0605888367, 36.5714263916, 37.093875885, 37.6047172546, 38.1271629333, 38.6496124268, 39.1836738586, 39.7061233521, 40.2053489685, 40.7045783997, 41.2038078308, 41.7146492004, 42.2370948792, 42.7479362488, 43.2355537415, 43.7463951111, 44.2456245422, 44.7564620972, 45.2556915283, 45.743309021, 46.2309303284, 46.7417678833, 47.2409973145, 47.7402267456, 48.2510643005, 48.7619056702, 49.3540115356, 49.9461212158, 50.538230896, 51.1071205139, 51.6876182556, 52.2216758728, 52.720905304, 53.2317466736, 53.7425842285, 54.2650337219, 54.7758712769, 55.2867126465, 55.7975502014, 56.2967796326, 56.8076171875, 57.3184585571, 57.8176841736, 58.3169136047, 58.8277549744, 59.3269844055, 59.8378219604, 60.3486595154, 60.8478889465, 61.3471183777, 61.8347396851, 62.3339653015, 62.8331947327, 63.3440361023, 63.8548736572, 64.3541030884, 64.864944458, 65.3641738892, 65.8866195679, 66.3974609375, 66.8966903687, 67.3959197998, 67.9183654785, 68.4292068481, 68.9400405884, 69.450881958, 69.9617233276, 70.4725646973, 70.9833984375, 71.4942398071, 72.0050811768, 72.5275268555, 73.0499725342, 73.5724258423, 74.0832672119, 74.6057128906, 75.1165542603, 75.6273880005, 76.2891616821, 76.9509277344, 77.6126937866, 78.2744674683, 78.9362335205, 79.5747833252, 80.2249450684, 80.8634872437, 81.5020370483, 82.1173706055, 82.7326965332, 83.2551422119, 83.7543716431, 84.2652130127, 84.7644424438, 85.263671875, 85.7745132446, 86.2853469849, 86.7961883545, 87.3070297241, 87.8178634644, 88.328704834, 88.8395462036, 89.3503875732, 89.849609375, 90.3488388062, 90.8596801758, 91.3705215454, 91.8813552856, 92.3921966553, 92.9030380249, 93.4138793945, 93.9131011963, 94.4123306274, 94.9115600586, 95.4804534912, 96.0609512329, 96.6298370361, 97.1987304688, 97.7560043335, 98.3132858276, 98.8705673218, 99.4278411865, 99.9502944946, 100.472740173, 101.006797791, 101.51763916, 102.02848053, 102.53931427, 103.05015564, 103.560997009, 104.071838379, 104.571060181, 105.08190155, 105.59274292, 106.091972351, 106.61441803, 107.125259399, 107.647705078, 108.181770325, 108.715827942, 109.238273621, 109.772331238, 110.294784546, 110.805618286, 111.316459656, 111.827301025, 112.326530457, 112.825759888, 113.336593628, 113.847434998, 114.346664429, 114.84589386, 115.356735229, 115.86756897, 116.390022278, 116.912467957, 117.423309326, 117.934150696, 118.444984436, 118.944213867, 119.443443298, 119.942672729, 120.441902161, 120.95274353, 121.463577271, 121.97441864, 122.48526001, 122.99609375, 123.50693512, 124.017776489, 124.528617859, 125.016235352, 125.515464783, 126.003082275, 126.502311707, 127.013153076, 127.512374878, 128.011611938, 128.522445679, 129.033279419, 129.544128418, 130.054962158, 130.565795898, 131.065032959, 131.575866699, 132.07510376, 132.5859375, 133.09677124, 133.607620239, 134.141677856, 134.675735474, 135.186569214, 135.709014893, 136.219863892, 136.730697632, 137.229934692, 137.740768433, 138.251602173, 138.750839233, 139.261672974, 139.772521973, 140.271743774, 140.782577515, 141.293426514, 141.804260254, 142.303482056, 142.802719116, 143.313552856, 143.824401855, 144.335235596, 144.846069336, 145.356918335, 145.867752075, 146.366973877, 146.866210938, 147.377044678, 147.887893677, 148.398727417, 148.909561157, 149.408798218, 149.90802002, 150.418869019, 150.929702759, 151.440536499, 151.951385498, 152.462219238, 152.973052979, 153.460678101, 153.959899902, 154.459136963, 154.958358765, 155.457595825, 155.956817627, 156.514099121, 157.071380615, 157.605438232, 158.13949585, 158.685165405, 159.230834961, 159.776504517, 160.310562134, 160.833007812, 161.343856812, 161.86630249, 162.388748169, 162.911193848, 163.433654785, 164.002532959, 164.571426392, 165.082260132, 165.581497192, 166.092330933, 166.603164673, 167.114013672, 167.613235474, 168.135681152, 168.65814209, 169.180587769, 169.795913696, 170.422851562, 171.049789429, 171.676727295, 172.292053223, 172.919006348, 173.545944214, 174.196090698, 174.834640503, 175.426757812, 176.030471802, 176.634185791, 177.249526978, 177.864852905, 178.491790771, 179.118728638, 179.745666504, 180.395828247, 181.04598999, 181.696136475, 182.334686279, 182.973236084, 183.611785889, 184.238723755, 184.865661621, 185.480987549, 186.107940674, 186.723266602, 187.24571228, 187.744934082, 188.255783081, 188.755004883, 189.254241943, 189.753463745, 190.241088867, 190.72869873, 191.216323853, 191.761993408, 192.319274902, 192.864944458, 193.422225952, 193.991104126, 194.559997559, 195.128890991, 195.697769165, 196.197006226, 196.696228027, 197.195465088, 197.706298828, 198.228744507, 198.751205444, 199.273651123, 199.784484863, 200.306930542, 200.829391479, 201.34022522, 201.85105896, 202.327072144, 202.814697266, 203.29069519, 203.766708374, 204.231109619, 204.695510864, 205.159912109, 205.612701416, 206.077087402, 206.529876709, 207.040725708, 207.563171387, 208.085617065, 208.608062744, 209.130523682, 209.629745483, 210.128982544, 210.628204346, 211.139038086, 211.649887085, 212.160720825, 212.671554565, 213.182403564, 213.693237305, 214.204071045, 214.714920044, 215.214141846, 215.724990845, 216.235824585, 216.746658325, 217.269119263, 217.779953003, 218.279174805, 218.790023804, 219.289245605, 219.800079346, 220.322540283, 220.833374023, 221.344207764, 221.855056763, 222.354278564, 222.853515625, 223.352737427, 223.863571167, 224.362808228, 224.873641968, 225.372879028, 225.883712769, 226.394546509, 226.905395508, 227.416229248, 227.927078247, 228.437911987, 228.971969604, 229.506027222, 230.040084839, 230.574142456, 231.096588135, 231.619049072, 232.141494751, 232.66394043, 233.17477417, 233.685623169, 234.196456909, 234.707290649, 235.229751587, 235.752197266, 236.274642944, 236.797088623, 237.33114624, 237.841995239, 238.352828979, 238.86366272, 239.374511719, 239.885345459, 240.396179199, 240.89541626, 241.40625, 241.905487061, 242.404708862, 242.903945923, 243.414779663, 243.925613403, 244.436462402, 244.947296143, 245.458129883, 245.968978882, 246.479812622, 246.990646362, 247.5131073, 248.035552979, 248.546386719, 249.057235718, 249.568069458, 250.078903198, 250.589752197, 251.088973999, 251.599807739, 252.110656738, 252.621490479, 253.132324219, 253.654785156, 254.177230835, 254.676452637, 255.175689697, 255.663299561, 256.150939941, 256.638549805, 257.195831299, 257.753112793, 258.310394287, 258.879272461, 259.448150635, 260.017059326, 260.667205811, 261.317352295, 261.967529297, 262.606079102, 263.256225586, 263.906402588, 264.521728516, 265.125427246, 265.729156494, 266.344482422, 266.95980835, 267.575134277], "danceability": 1.06435143948, "bpm_histogram_second_peak_spread": {"dvar": 0, "var": 0, "median": 0.5, "max": 0.5, "dmean": 0, "dmean2": 0, "mean": 0.5, "dvar2": 0, "min": 0.5}}, "lowlevel": {"spectral_flux": {"dvar": 0.000445564306574, "var": 0.00183887255844, "median": 0.0451620705426, "max": 0.431207001209, "dmean": 0.0182264950126, "dmean2": 0.0289669092745, "mean": 0.0554909296334, "dvar2": 0.00109844235703, "min": 1.02257181889e-10}, "spectral_rolloff": {"dvar": 467088.625, "var": 2284802.75, "median": 645.99609375, "max": 18906.1523438, "dmean": 249.805206299, "dmean2": 420.414367676, "mean": 1060.62841797, "dvar2": 983551.0625, "min": 86.1328125}, "barkbands_flatness_db": {"dvar": 0.000458203663584, "var": 0.00556078739464, "median": 0.220750853419, "max": 0.51549911499, "dmean": 0.0192171409726, "dmean2": 0.0289421286434, "mean": 0.232522368431, "dvar2": 0.000955464784056, "min": 0.0215854551643}, "spectral_centroid": {"dvar": 65569.59375, "var": 451065.75, "median": 580.943481445, "max": 11054.6767578, "dmean": 140.577529907, "dmean2": 201.022521973, "mean": 828.980163574, "dvar2": 116025.289062, "min": 141.633071899}, "melbands_skewness": {"dvar": 0.326307833195, "var": 2.31885886192, "median": 2.34304642677, "max": 10.5090827942, "dmean": 0.50448256731, "dmean2": 0.752258419991, "mean": 2.46709036827, "dvar2": 0.711122572422, "min": -3.32338643074}, "melbands": {"dvar": [1.58761768176e-08, 3.13998555157e-07, 3.24777232663e-07, 8.71355609888e-07, 3.46849049038e-07, 1.07942511818e-07, 5.25853920408e-08, 1.19620992223e-07, 1.47981197074e-07, 3.73092461814e-07, 6.30104466381e-08, 2.80786611739e-08, 1.84345889664e-08, 5.87273296659e-09, 1.40673082072e-08, 1.24204655449e-08, 1.22563479366e-08, 1.16549774276e-08, 7.780664113e-09, 7.32958360672e-09, 7.44815409348e-09, 1.28988664194e-09, 9.77162462057e-10, 6.97228719204e-10, 1.71381950298e-10, 7.78064279672e-11, 1.11276036996e-10, 7.56642734578e-11, 4.08014073916e-11, 2.92135760027e-11, 6.6007858901e-12, 9.18822049695e-12, 2.1552728352e-11, 3.31710388324e-11, 6.74653041766e-11, 3.84474813098e-11, 1.34333351734e-11, 5.17090016638e-12, 1.94773841153e-12, 4.69711726112e-13], "var": [2.79442360807e-07, 6.19893080511e-06, 6.21098308784e-07, 2.05803939934e-06, 1.02709930161e-06, 3.12601741825e-07, 1.00343093834e-07, 3.84721403179e-07, 5.06294725255e-07, 9.39119047416e-07, 3.29577687808e-07, 1.45567327081e-07, 9.56486374548e-08, 2.15829594197e-08, 4.87860738474e-08, 4.879060711e-08, 3.49283162393e-08, 2.83512253674e-08, 2.19510898347e-08, 2.47631213313e-08, 1.37613271889e-08, 3.93881816052e-09, 3.44449957446e-09, 2.2595740834e-09, 5.90286430846e-10, 2.09240402782e-10, 2.02896352497e-10, 1.1196212707e-10, 1.32886757154e-10, 8.35836330704e-11, 1.71276517275e-11, 1.87358583509e-11, 4.61336940871e-11, 7.9863594904e-11, 1.10524749075e-10, 8.0321277407e-11, 2.90627123062e-11, 8.28071639036e-12, 2.83961352696e-12, 6.32044817959e-13], "median": [0.000112564339361, 0.00079522584565, 0.00038760213647, 0.000505667063408, 0.000386931962566, 9.09027876332e-05, 2.98591421597e-05, 5.00792266394e-05, 3.49376132363e-05, 3.8674363168e-05, 3.23329295497e-05, 7.96770109446e-06, 2.3164335289e-05, 7.94599873188e-06, 1.09453949335e-05, 4.88470141136e-06, 3.51333756043e-06, 2.52923837252e-06, 1.76640730842e-06, 1.48652861753e-06, 7.9117489804e-07, 8.71481518061e-07, 1.44961700244e-06, 1.29603870391e-06, 8.18039609385e-07, 3.81163516749e-07, 2.06418491189e-07, 1.57139254497e-07, 1.27490451973e-07, 8.07797420066e-08, 2.56754706385e-08, 1.79741945772e-08, 2.62272212836e-08, 3.85612146658e-08, 1.79334396222e-08, 8.79879458182e-09, 8.70153726851e-09, 8.21024315201e-09, 4.53055593042e-09, 2.40807263019e-09], "max": [0.00481784436852, 0.015568992123, 0.0142030240968, 0.0192354191095, 0.0110386181623, 0.00936867576092, 0.0091303056106, 0.00796403456479, 0.0129568073899, 0.0316106081009, 0.00952483247966, 0.00794682838023, 0.00817959289998, 0.00295599526726, 0.00474252738059, 0.00616584531963, 0.00397147703916, 0.00438690371811, 0.00282248784788, 0.00367036112584, 0.00474991183728, 0.00211159698665, 0.00126416969579, 0.000642700237222, 0.000538044725545, 0.000683314690832, 0.000482922769152, 0.000315922661684, 0.000306221045321, 0.000302132277284, 0.000185928001883, 0.000228262404562, 0.000469075806905, 0.000585767265875, 0.000655982468743, 0.000417143368395, 0.000182806703378, 0.000105386352516, 8.56629994814e-05, 4.51969608548e-05], "dmean": [6.72699243296e-05, 0.000332787283696, 0.000259120570263, 0.000498979934491, 0.000298586848658, 0.000122884419397, 6.08297705185e-05, 0.000137735580211, 0.00012221650104, 0.000128989777295, 7.77034729254e-05, 3.62586215488e-05, 4.21097538492e-05, 2.1436580937e-05, 2.76684822893e-05, 2.63680503849e-05, 2.49169625022e-05, 2.44860839302e-05, 2.29890974879e-05, 2.10959042306e-05, 1.19489004646e-05, 7.03474188413e-06, 1.01858640846e-05, 9.89068666968e-06, 3.98824431613e-06, 2.15719751395e-06, 1.83357121841e-06, 1.68886390384e-06, 1.64427160598e-06, 1.11853273665e-06, 4.01091682534e-07, 3.56007205937e-07, 4.33026229985e-07, 6.17606247033e-07, 6.9399578706e-07, 6.5881312139e-07, 4.1322840616e-07, 2.33911180203e-07, 1.49537768834e-07, 7.36415231017e-08], "dmean2": [8.55058679008e-05, 0.000447809899924, 0.000411569199059, 0.000799624249339, 0.000467295874842, 0.000189582773601, 9.13947442314e-05, 0.000206217126106, 0.00017996164388, 0.000189539801795, 0.000115544753498, 4.86670505779e-05, 6.03059197601e-05, 3.07998998323e-05, 3.87349828088e-05, 3.73118455173e-05, 3.63360377378e-05, 3.61016136594e-05, 3.33248317474e-05, 3.005976032e-05, 1.70600324054e-05, 1.03246311483e-05, 1.51650965563e-05, 1.47265409396e-05, 5.91397565586e-06, 3.13420969178e-06, 2.74586705018e-06, 2.63861943495e-06, 2.4061359909e-06, 1.59603848715e-06, 5.61909928365e-07, 5.14582211508e-07, 6.19643003574e-07, 8.89116051894e-07, 1.01128330243e-06, 1.00797683444e-06, 6.18831904831e-07, 3.34505017463e-07, 2.19411333546e-07, 1.15224025876e-07], "mean": [0.000367873581126, 0.00175208912697, 0.000617841433268, 0.00100054731593, 0.00072667200584, 0.000278587423963, 0.00011304965301, 0.000292083685054, 0.0002630528179, 0.000273921672488, 0.000181923416676, 8.10001802165e-05, 9.20189049793e-05, 4.30920554209e-05, 5.91302123212e-05, 5.15007632202e-05, 4.35876572737e-05, 4.34276335e-05, 4.19808056904e-05, 4.02789228247e-05, 2.11365713767e-05, 1.50664018292e-05, 2.18209843297e-05, 2.01253860723e-05, 8.66675509315e-06, 4.6238728828e-06, 3.23578228745e-06, 2.8673127872e-06, 3.42405951415e-06, 2.14219244299e-06, 6.93506933658e-07, 5.55416477255e-07, 7.35354092285e-07, 1.03803495222e-06, 1.02048102235e-06, 9.56223743742e-07, 6.06078060628e-07, 3.39988702081e-07, 1.97976746108e-07, 9.19961777868e-08], "dvar2": [2.34513723996e-08, 5.5684012068e-07, 7.69746293372e-07, 2.16710168388e-06, 8.24956657652e-07, 2.53423763752e-07, 1.17765544871e-07, 2.71935817864e-07, 3.10294808514e-07, 8.64526384703e-07, 1.34991367418e-07, 4.80572310835e-08, 3.59901868308e-08, 1.08185940206e-08, 2.59237129541e-08, 2.26660841207e-08, 2.54909657826e-08, 2.49980285361e-08, 1.54336472491e-08, 1.44090348542e-08, 1.50432661883e-08, 3.1608711204e-09, 2.27281105047e-09, 1.54197365987e-09, 3.87829796056e-10, 1.53971002614e-10, 2.47532411235e-10, 1.95899144129e-10, 8.74666866713e-11, 5.84460674302e-11, 1.32419214482e-11, 1.90166181413e-11, 4.27902956124e-11, 6.57800203197e-11, 1.50541523691e-10, 8.82595177498e-11, 2.92368212973e-11, 1.2075675529e-11, 4.40285264844e-12, 1.14963106309e-12], "min": [8.32773478599e-24, 1.03378533467e-23, 1.35392765143e-23, 2.11643945857e-24, 4.81298711088e-24, 4.38238501918e-24, 1.78000310148e-24, 6.87233690295e-24, 4.316748242e-24, 4.06191934834e-24, 7.85390153896e-24, 1.13663047195e-23, 8.54957509431e-24, 1.41950597402e-23, 9.4114009001e-24, 1.28238072834e-23, 1.30682752779e-23, 1.12930645064e-23, 7.594696045e-24, 5.42503312724e-24, 7.15989642443e-24, 1.10230153305e-23, 1.02047938112e-23, 1.6877776886e-23, 1.29790180331e-23, 9.62281641156e-24, 1.56938749498e-23, 1.07052424363e-23, 6.97555304151e-24, 7.72215230146e-24, 7.63330447543e-24, 8.78475425168e-24, 6.40189496896e-24, 1.14705392774e-23, 8.20785159422e-24, 1.19593356381e-23, 1.02577855425e-23, 9.97807360934e-24, 1.23253923417e-23, 1.18269245463e-23]}, "spectral_decrease": {"dvar": 2.88264378464e-18, "var": 1.77585056516e-17, "median": -4.80110040613e-09, "max": 6.11698822609e-29, "dmean": 1.15797760269e-09, "dmean2": 1.77016523661e-09, "mean": -5.56199886148e-09, "dvar2": 6.4384372256e-18, "min": -5.52313608182e-08}, "barkbands_kurtosis": {"dvar": 22.588634491, "var": 83.2137298584, "median": 3.07199954987, "max": 123.078010559, "dmean": 2.71812534332, "dmean2": 4.21193361282, "mean": 6.29095315933, "dvar2": 54.3243675232, "min": -1.90057110786}, "silence_rate_30dB": {"dvar": 0.000346082058968, "var": 0.000432354572695, "median": 1, "max": 1, "dmean": 0.000346140528563, "dmean2": 0.00069234095281, "mean": 0.999567389488, "dvar2": 0.000691860273946, "min": 0}, "gfcc": {"mean": [-104.066345215, 156.397567749, -115.953056335, 17.2779560089, -46.3871536255, -1.38873887062, -30.4669818878, -4.31023359299, -24.1879081726, -16.9519996643, -10.5323762894, -11.3138008118, -9.49148845673], "cov": [[17360.8027344, 97.7459945679, -3320.37255859, 1330.73535156, -1078.42944336, -358.724761963, -621.5703125, 299.838989258, 231.938323975, -228.879074097, 108.907096863, -323.134460449, 91.5175323486], [97.7459945679, 2127.27587891, 294.393951416, -611.643798828, 553.65447998, -217.128662109, 317.555847168, -142.32649231, 44.0496101379, -140.911575317, 101.776542664, -38.9587135315, 24.6132850647], [-3320.37255859, 294.393951416, 1614.14489746, -212.541152954, 223.165390015, 282.019836426, 149.830154419, -85.2775650024, -126.624900818, 59.0693626404, -23.9670886993, 120.497413635, -38.2091674805], [1330.73535156, -611.643798828, -212.541152954, 658.105957031, -147.494781494, 10.7802524567, -128.819900513, 80.8465652466, 86.0877380371, 21.5635108948, -10.1411743164, -3.14781069756, 72.7438201904], [-1078.42944336, 553.65447998, 223.165390015, -147.494781494, 470.382568359, -40.2169685364, 82.228012085, -19.5892734528, 52.8122367859, -1.1873203516, 9.42220878601, 0.715638041496, 46.0145263672], [-358.724761963, -217.128662109, 282.019836426, 10.7802524567, -40.2169685364, 296.20892334, 57.8470115662, -2.41617703438, -37.3998565674, 24.9801940918, 6.92574882507, 32.7886886597, -23.34258461], [-621.5703125, 317.555847168, 149.830154419, -128.819900513, 82.228012085, 57.8470115662, 314.979217529, -6.83667707443, -30.3064289093, -20.4251174927, 37.7904052734, 28.4273319244, -15.815861702], [299.838989258, -142.32649231, -85.2775650024, 80.8465652466, -19.5892734528, -2.41617703438, -6.83667707443, 157.885391235, 45.9745330811, 4.7697930336, 3.5195286274, -4.88626146317, 4.59597253799], [231.938323975, 44.0496101379, -126.624900818, 86.0877380371, 52.8122367859, -37.3998565674, -30.3064289093, 45.9745330811, 178.008239746, 8.60395145416, -18.9796829224, -17.9122276306, 43.6759719849], [-228.879074097, -140.911575317, 59.0693626404, 21.5635108948, -1.1873203516, 24.9801940918, -20.4251174927, 4.7697930336, 8.60395145416, 111.219078064, 0.566385984421, -8.69950294495, 2.57169985771], [108.907096863, 101.776542664, -23.9670886993, -10.1411743164, 9.42220878601, 6.92574882507, 37.7904052734, 3.5195286274, -18.9796829224, 0.566385984421, 127.57094574, 14.060418129, -28.7658443451], [-323.134460449, -38.9587135315, 120.497413635, -3.14781069756, 0.715638041496, 32.7886886597, 28.4273319244, -4.88626146317, -17.9122276306, -8.69950294495, 14.060418129, 105.653526306, 5.97593593597], [91.5175323486, 24.6132850647, -38.2091674805, 72.7438201904, 46.0145263672, -23.34258461, -15.815861702, 4.59597253799, 43.6759719849, 2.57169985771, -28.7658443451, 5.97593593597, 116.971679688]], "icov": [[0.000327824353008, -0.000921964878216, 0.000733774795663, -0.000943660910707, 0.000850948330481, -0.000836009217892, 0.00076798471855, -0.000643451290671, 0.000627258908935, -0.000407441315474, 0.00047356277355, -0.000191804516362, 0.000292606535368], [-0.000921964878216, 0.00416235160083, -0.00242858752608, 0.00362574029714, -0.00325698312372, 0.00346169481054, -0.00308217923157, 0.00271574314684, -0.0027164965868, 0.00286422600038, -0.00277306884527, 0.00172882678453, -0.00157298240811], [0.000733774795663, -0.00242858752608, 0.00275070406497, -0.0022645057179, 0.00149455945939, -0.00294069224037, 0.00183933135122, -0.00141966517549, 0.0021624811925, -0.00184536492452, 0.00196520425379, -0.00162720645312, 0.00117298320401], [-0.000943660910707, 0.00362574029714, -0.0022645057179, 0.00547213153914, -0.00229211547412, 0.00275057624094, -0.00215384317562, 0.0017085892614, -0.00308337132446, 0.00208842870779, -0.00266966316849, 0.00117340288125, -0.00268628029153], [0.000850948330481, -0.00325698312372, 0.00149455945939, -0.00229211547412, 0.00578930135816, -0.00204570312053, 0.00197884486988, -0.00201872526668, 0.000829125579912, -0.00185979856178, 0.00124000071082, -0.000559697160497, -0.000340706319548], [-0.000836009217892, 0.00346169481054, -0.00294069224037, 0.00275057624094, -0.00204570312053, 0.00747531792149, -0.00336626567878, 0.00211128406227, -0.00214922055602, 0.00155799649656, -0.00232082791626, 0.000972954672761, -0.000839295331389], [0.00076798471855, -0.00308217923157, 0.00183933135122, -0.00215384317562, 0.00197884486988, -0.00336626567878, 0.00631494773552, -0.00239753397182, 0.00226593972184, -0.00117396877613, 0.000952581060119, -0.00162317487411, 0.000982739962637], [-0.000643451290671, 0.00271574314684, -0.00141966517549, 0.0017085892614, -0.00201872526668, 0.00211128406227, -0.00239753397182, 0.0090924911201, -0.00349539006129, 0.00157486554235, -0.00195733574219, 0.000943144608755, -0.000319310813211], [0.000627258908935, -0.0027164965868, 0.0021624811925, -0.00308337132446, 0.000829125579912, -0.00214922055602, 0.00226593972184, -0.00349539006129, 0.0095321862027, -0.00243771472014, 0.00268193893135, -0.000669276400004, -0.000418466952397], [-0.000407441315474, 0.00286422600038, -0.00184536492452, 0.00208842870779, -0.00185979856178, 0.00155799649656, -0.00117396877613, 0.00157486554235, -0.00243771472014, 0.0121744908392, -0.00285816146061, 0.00295326719061, -0.00157478812616], [0.00047356277355, -0.00277306884527, 0.00196520425379, -0.00266966316849, 0.00124000071082, -0.00232082791626, 0.000952581060119, -0.00195733574219, 0.00268193893135, -0.00285816146061, 0.0111968321726, -0.00301220826805, 0.00373882032], [-0.000191804516362, 0.00172882678453, -0.00162720645312, 0.00117340288125, -0.000559697160497, 0.000972954672761, -0.00162317487411, 0.000943144608755, -0.000669276400004, 0.00295326719061, -0.00301220826805, 0.0122606819496, -0.00249934964813], [0.000292606535368, -0.00157298240811, 0.00117298320401, -0.00268628029153, -0.000340706319548, -0.000839295331389, 0.000982739962637, -0.000319310813211, -0.000418466952397, -0.00157478812616, 0.00373882032, -0.00249934964813, 0.01205485221]]}, "silence_rate_20dB": {"dvar": 0, "var": 0, "median": 1, "max": 1, "dmean": 0, "dmean2": 0, "mean": 1, "dvar2": 0, "min": 1}, "barkbands_skewness": {"dvar": 0.249600097537, "var": 1.53605365753, "median": 1.56373512745, "max": 9.28056144714, "dmean": 0.435159921646, "dmean2": 0.644961833954, "mean": 1.63339591026, "dvar2": 0.542729616165, "min": -4.26432037354}, "erbbands_skewness": {"dvar": 0.138747185469, "var": 0.913942098618, "median": 0.448977053165, "max": 5.50324201584, "dmean": 0.343770861626, "dmean2": 0.510590851307, "mean": 0.451932698488, "dvar2": 0.290512979031, "min": -5.73612451553}, "spectral_contrast_valleys": {"dvar": [0.133494570851, 0.0892916023731, 0.085851855576, 0.0905606523156, 0.1215390414, 0.174180418253], "var": [1.68597650528, 1.58547616005, 1.43082892895, 1.69986259937, 2.28651595116, 1.98708438873], "median": [-7.6263217926, -7.39766550064, -8.21295070648, -8.80224609375, -9.03349208832, -12.289727211], "max": [-5.71231412888, -4.8688325882, -5.47925806046, -6.01809644699, -5.72414731979, -7.38696479797], "dmean": [0.396932125092, 0.301946461201, 0.28984105587, 0.281573593616, 0.298863619566, 0.340976387262], "dmean2": [0.649983465672, 0.497195482254, 0.468405336142, 0.439842939377, 0.443558573723, 0.498950600624], "mean": [-7.87225151062, -7.5469326973, -8.33424186707, -8.98932933807, -9.3329668045, -12.2893676758], "dvar2": [0.327610641718, 0.200982883573, 0.184858128428, 0.186544582248, 0.244395703077, 0.353552043438], "min": [-27.2471427917, -26.899646759, -27.3193511963, -27.2733383179, -27.4853630066, -27.240655899]}, "spectral_strongpeak": {"dvar": 1.10426914692, "var": 2.7888572216, "median": 0.597723007202, "max": 20.6814651489, "dmean": 0.472951292992, "dmean2": 0.780796647072, "mean": 1.20572221279, "dvar2": 2.66356492043, "min": 0}, "erbbands_crest": {"dvar": 5.92010784149, "var": 23.896566391, "median": 10.5430850983, "max": 31.6978912354, "dmean": 2.39220952988, "dmean2": 3.78792834282, "mean": 11.6123046875, "dvar2": 13.9913873672, "min": 2.30735325813}, "barkbands_crest": {"dvar": 4.39152288437, "var": 15.0500020981, "median": 10.8543024063, "max": 25.84724617, "dmean": 2.0824213028, "dmean2": 3.32904243469, "mean": 11.3044538498, "dvar2": 10.9623250961, "min": 3.00045967102}, "spectral_energyband_middle_low": {"dvar": 3.57410681318e-05, "var": 0.000133975714562, "median": 0.00820487644523, "max": 0.21234883368, "dmean": 0.00367546849884, "dmean2": 0.0056701391004, "mean": 0.0120136393234, "dvar2": 8.33527374198e-05, "min": 1.53787297513e-22}, "spectral_contrast_coeffs": {"dvar": [0.00137439440005, 0.00128785381094, 0.00101301900577, 0.000759034941439, 0.000611588766333, 0.000318116508424], "var": [0.00686894590035, 0.00806093681604, 0.00840319972485, 0.00685479864478, 0.00636556278914, 0.00361754372716], "median": [-0.56502020359, -0.677449643612, -0.704101383686, -0.731414079666, -0.75090265274, -0.775874018669], "max": [-0.266421735287, -0.366555035114, -0.409073323011, -0.420552283525, -0.488237887621, -0.549942910671], "dmean": [0.0438154004514, 0.0391167216003, 0.03451596573, 0.0295302718878, 0.0248678810894, 0.0186477452517], "dmean2": [0.0720509514213, 0.0625304356217, 0.0540688820183, 0.0455255806446, 0.0378799960017, 0.0276458151639], "mean": [-0.561721801758, -0.676390886307, -0.699214041233, -0.72400945425, -0.743472635746, -0.773853063583], "dvar2": [0.00362479197793, 0.00300734490156, 0.00220903707668, 0.00161936460063, 0.00119685404934, 0.000623063882813], "min": [-0.994191169739, -0.992291092873, -0.992080807686, -0.988485455513, -0.985745608807, -0.994917571545]}, "hfc": {"dvar": 57.2782554626, "var": 340.621459961, "median": 6.33694934845, "max": 371.113769531, "dmean": 3.70014619827, "dmean2": 5.23397779465, "mean": 14.4927968979, "dvar2": 113.438034058, "min": 1.1782860924e-16}, "spectral_energyband_high": {"dvar": 5.42698387562e-07, "var": 1.82713438335e-06, "median": 1.51942322191e-05, "max": 0.0532615110278, "dmean": 0.000137719092891, "dmean2": 0.000189080456039, "mean": 0.00028341365396, "dvar2": 9.69395046013e-07, "min": 7.51394874131e-21}, "erbbands_spread": {"dvar": 57.0173301697, "var": 270.140228271, "median": 22.9832630157, "max": 138.681610107, "dmean": 5.06280612946, "dmean2": 7.52980422974, "mean": 26.6061286926, "dvar2": 118.977874756, "min": 0.668100595474}, "dissonance": {"dvar": 0.000684950966388, "var": 0.00210705399513, "median": 0.430777847767, "max": 0.499999344349, "dmean": 0.027260472998, "dmean2": 0.0452310554683, "mean": 0.423802822828, "dvar2": 0.00186068087351, "min": 0.206379354}, "spectral_kurtosis": {"dvar": 78.8975830078, "var": 420.891784668, "median": 11.8774824142, "max": 179.264877319, "dmean": 7.15274238586, "dmean2": 12.1995038986, "mean": 19.2620372772, "dvar2": 205.402206421, "min": -1.23470127583}, "spectral_skewness": {"dvar": 0.302712798119, "var": 2.57239151001, "median": 2.45275092125, "max": 11.1938943863, "dmean": 0.542968690395, "dmean2": 0.902001917362, "mean": 2.82663249969, "dvar2": 0.789107561111, "min": -0.345877349377}, "pitch_salience": {"dvar": 0.00288704806007, "var": 0.0144906910136, "median": 0.492718338966, "max": 0.993429899216, "dmean": 0.0548825226724, "dmean2": 0.087398737669, "mean": 0.491192728281, "dvar2": 0.00714143086225, "min": 0.140458449721}, "spectral_complexity": {"dvar": 3.70006370544, "var": 40.5327262878, "median": 10, "max": 45, "dmean": 1.62686049938, "dmean2": 2.54902648926, "mean": 11.5048027039, "dvar2": 7.5663523674, "min": 0}, "spectral_spread": {"dvar": 394372055040, "var": 2526776918020.0, "median": 2412632.75, "max": 40471708, "dmean": 387121.28125, "dmean2": 594964.625, "mean": 2726387.75, "dvar2": 656460546048, "min": 583390.1875}, "dynamic_complexity": 4.61790323257, "melbands_crest": {"dvar": 5.83485460281, "var": 36.0504646301, "median": 15.2484970093, "max": 33.2368927002, "dmean": 2.45840573311, "dmean2": 3.91505360603, "mean": 16.351026535, "dvar2": 14.9778461456, "min": 1.44613945484}, "zerocrossingrate": {"dvar": 0.000116491879453, "var": 0.00168510444928, "median": 0.02685546875, "max": 0.5068359375, "dmean": 0.00559123419225, "dmean2": 0.0064844423905, "mean": 0.0360346250236, "dvar2": 0.000145703117596, "min": 0.00390625}, "spectral_energyband_low": {"dvar": 3.73247371499e-06, "var": 5.86427631788e-05, "median": 0.00309490179643, "max": 0.048657797277, "dmean": 0.00119245017413, "dmean2": 0.00163872365374, "mean": 0.00592157011852, "dvar2": 7.081068361e-06, "min": 7.44472396282e-23}, "melbands_kurtosis": {"dvar": 62.061668396, "var": 266.075714111, "median": 7.46720409393, "max": 180.721710205, "dmean": 4.7258310318, "dmean2": 7.24857139587, "mean": 13.0917406082, "dvar2": 142.951538086, "min": -1.86448526382}, "spectral_energyband_middle_high": {"dvar": 8.57561826706e-06, "var": 6.49292051094e-05, "median": 0.00101141235791, "max": 0.0658676996827, "dmean": 0.00143884378485, "dmean2": 0.00197030953132, "mean": 0.00469476729631, "dvar2": 1.61426341947e-05, "min": 1.69149832266e-21}, "barkbands_spread": {"dvar": 34.4366073608, "var": 222.631774902, "median": 8.62885093689, "max": 128.377182007, "dmean": 2.98843359947, "dmean2": 4.42992115021, "mean": 13.1283149719, "dvar2": 65.6971511841, "min": 0.61051261425}, "mfcc": {"mean": [-741.814331055, 181.642990112, -2.6938085556, 22.8795623779, 5.56571102142, 0.051345590502, 2.96350741386, 6.41052436829, -8.45430850983, -2.137362957, -5.2780828476, -4.24058961868, -9.10063076019], "cov": [[11866.4931641, -1061.20983887, -2156.68774414, 672.80090332, -340.183258057, -484.755767822, -665.886535645, 31.2179355621, -210.966384888, 387.874816895, 11.0052013397, -46.8857078552, -135.377792358], [-1061.20983887, 2632.25390625, 65.2644271851, -231.876464844, 147.91053772, 1.48839485645, 256.345672607, 63.5871047974, 24.8398799896, -116.487098694, 85.904510498, 9.06363582611, 43.7361755371], [-2156.68774414, 65.2644271851, 1236.13537598, -109.38243103, 66.2049560547, 248.95791626, 196.738815308, 50.1654167175, 27.5072059631, -78.8915023804, -36.4689788818, 61.3710784912, 57.142906189], [672.80090332, -231.876464844, -109.38243103, 406.42678833, 61.3066368103, -39.9313812256, -66.6922683716, 11.7007436752, 42.845035553, 51.1117973328, -57.7915840149, 36.3410186768, 22.3816928864], [-340.183258057, 147.91053772, 66.2049560547, 61.3066368103, 335.378326416, 26.6188316345, -50.2499656677, -16.7761440277, 61.0798454285, 24.130903244, -20.9904251099, 0.697045743465, 11.8769674301], [-484.755767822, 1.48839485645, 248.95791626, -39.9313812256, 26.6188316345, 238.414352417, 79.1107635498, 12.8948926926, 29.9060611725, -18.2070102692, 5.38923549652, 4.89819383621, 7.63941955566], [-665.886535645, 256.345672607, 196.738815308, -66.6922683716, -50.2499656677, 79.1107635498, 285.412475586, 52.0095558167, -31.3620681763, -19.0758838654, 30.0208148956, 10.0823221207, 30.380487442], [31.2179355621, 63.587