{"tonal": {"chords_number_rate": 0.00265306117944, "thpcp": [1, 0.649604439735, 0.259709268808, 0.132081761956, 0.0732073560357, 0.441008299589, 0.761994481087, 0.435990303755, 0.305712014437, 0.449178576469, 0.25583666563, 0.205901131034, 0.309740394354, 0.214310631156, 0.534977018833, 0.830067932606, 0.390574008226, 0.0515795424581, 0.038356564939, 0.0414253734052, 0.289484977722, 0.615150511265, 0.421335309744, 0.106057107449, 0.0664858222008, 0.0745141580701, 0.31855353713, 0.496427237988, 0.270601212978, 0.261274069548, 0.412197768688, 0.228076547384, 0.0573494546115, 0.0528731457889, 0.0763578563929, 0.556952893734], "hpcp": {"dvar": [0.017238361761, 0.00977823045105, 0.00344793195836, 0.0036356151104, 0.00413268478587, 0.00874140486121, 0.0158904995769, 0.011049978435, 0.00689872400835, 0.00517772417516, 0.00480684731156, 0.00771412858739, 0.00933084078133, 0.00819026678801, 0.011165317148, 0.00970846880227, 0.0077803209424, 0.00204425142147, 0.00168806733564, 0.00538922473788, 0.0179523844272, 0.0242612790316, 0.023292131722, 0.0211957991123, 0.0135956835002, 0.00608358625323, 0.00921261962503, 0.0123958652839, 0.00765365641564, 0.00647831941023, 0.00997499376535, 0.00637987814844, 0.00703442934901, 0.00833695940673, 0.00532780168578, 0.0132487183437], "mean": [0.249148800969, 0.117232628167, 0.0154818426818, 0.0115129034966, 0.0124340206385, 0.0868902802467, 0.184640333056, 0.126465782523, 0.0318335406482, 0.0199560336769, 0.022365776822, 0.09561534971, 0.149004980922, 0.0812222287059, 0.0784226432443, 0.123723104596, 0.0684582516551, 0.0172137096524, 0.0158701241016, 0.0229191705585, 0.167172029614, 0.300154715776, 0.194981828332, 0.0779529586434, 0.0396449640393, 0.0219735335559, 0.132370725274, 0.228716239333, 0.130864545703, 0.0917609035969, 0.134823068976, 0.0767905861139, 0.0618021935225, 0.0929700434208, 0.0643263459206, 0.160575866699], "min": [0, 0, 0, 0, 0, 0, 0, 0, 0, 0, 0, 0, 0, 0, 0, 0, 0, 0, 0, 0, 0, 0, 0, 0, 0, 0, 0, 0, 0, 0, 6.9844219297e-08, 1.21771017803e-06, 0, 0, 0, 0], "median": [0.013525779359, 0.00964471325278, 0.00129417190328, 0.00079579197336, 0.00132124719676, 0.0151281338185, 0.0278793908656, 0.0173696614802, 0.00334300589748, 0.0010004718788, 0.00154231337365, 0.00562314037234, 0.00790778361261, 0.00836181268096, 0.00411046110094, 0.00198941025883, 0.00182114518248, 0.00215654494241, 0.00124449993018, 0.00354730803519, 0.0390395149589, 0.0867773145437, 0.0557726770639, 0.00601564487442, 0.00123244756833, 0.00189421977848, 0.012808104977, 0.0194059126079, 0.0159176960588, 0.00392288994044, 0.00181082705967, 0.00256483349949, 0.00535005237907, 0.00450313277543, 0.00818101502955, 0.0128488019109], "dvar2": [0.0391013547778, 0.0262080412358, 0.0097329840064, 0.0106860557571, 0.0121277561411, 0.0232153106481, 0.0387278236449, 0.0287538636476, 0.019608432427, 0.0138873020187, 0.0133281070739, 0.0190879628062, 0.0197539459914, 0.0209728162736, 0.0318173021078, 0.0211481954902, 0.0211576074362, 0.00553641607985, 0.00412972830236, 0.0157325640321, 0.0512851066887, 0.0565011352301, 0.0659305229783, 0.0624619498849, 0.0399577282369, 0.0165297854692, 0.0209376513958, 0.0249922014773, 0.0177986249328, 0.0143970195204, 0.0221735946834, 0.0155629850924, 0.019712170586, 0.0187006816268, 0.0142982779071, 0.0360387936234], "var": [0.140139222145, 0.0395136550069, 0.0036159788724, 0.0041188634932, 0.00317178131081, 0.0246703587472, 0.0952865034342, 0.0555185638368, 0.00867808237672, 0.00864127557725, 0.00642290059477, 0.0453718565404, 0.0928407609463, 0.0269159842283, 0.0308563113213, 0.0758917704225, 0.0256326273084, 0.00300229364075, 0.00477214856073, 0.00431037554517, 0.0610484480858, 0.146732881665, 0.0709782466292, 0.0436280556023, 0.0166402570903, 0.00579077471048, 0.0504231601954, 0.134003609419, 0.0520486868918, 0.0403871051967, 0.0948207527399, 0.035159278661, 0.0199421197176, 0.0533106662333, 0.0165132842958, 0.0647599995136], "dmean2": [0.0865763351321, 0.0754061788321, 0.0260539166629, 0.0184010583907, 0.0240346360952, 0.0694727376103, 0.0936393365264, 0.0784789919853, 0.0442037135363, 0.0265017151833, 0.0304581876844, 0.0527521893382, 0.0541753321886, 0.0617427788675, 0.0695904120803, 0.0527287609875, 0.0535307973623, 0.0247743222862, 0.0182398222387, 0.0433181189001, 0.121044941247, 0.124501116574, 0.145103678107, 0.0912094339728, 0.0621281266212, 0.0378258153796, 0.0745485275984, 0.072658918798, 0.0691870972514, 0.0531648360193, 0.0480963364244, 0.0442454777658, 0.0502722859383, 0.051155153662, 0.0578890778124, 0.095206797123], "max": [1, 1, 1, 1, 1, 1, 1, 1, 1, 1, 1, 1, 1, 1, 1, 1, 1, 1, 1, 1, 1, 1, 1, 1, 1, 1, 1, 1, 1, 1, 1, 1, 1, 1, 1, 1], "dmean": [0.056304294616, 0.047562289983, 0.0148579059169, 0.0101926308125, 0.0133832022548, 0.0434887222946, 0.0584915094078, 0.0489628128707, 0.025640251115, 0.0152388289571, 0.0177634395659, 0.0333023555577, 0.0353182256222, 0.0388277620077, 0.0413715317845, 0.0339054912329, 0.0321931093931, 0.0143709881231, 0.0105593409389, 0.0239003617316, 0.0726965591311, 0.0788206905127, 0.0885679200292, 0.0530462153256, 0.035658787936, 0.0222523100674, 0.0481597296894, 0.0472531355917, 0.04417251423, 0.0339005924761, 0.0302771665156, 0.0278489310294, 0.0304515063763, 0.0321308374405, 0.0343815945089, 0.0585371889174]}, "key_strength": 0.769335567951, "chords_strength": {"dvar": 1.98547713808e-05, "mean": 0.527431547642, "min": 0.221642062068, "median": 0.54039645195, "dvar2": 1.45307403727e-05, "var": 0.00872412882745, "dmean2": 0.00381212099455, "max": 0.743072211742, "dmean": 0.00497091002762}, "tuning_equal_tempered_deviation": 0.0109421852976, "chords_key": "E", "tuning_frequency": 440.254241943, "chords_scale": "minor", "chords_changes_rate": 0.0224489793181, "key_scale": "major", "tuning_diatonic_strength": 0.538156211376, "hpcp_entropy": {"dvar": 0.141358315945, "mean": 1.44799399376, "min": 0.03440175578, "median": 1.5013654232, "dvar2": 0.368603259325, "var": 0.400987029076, "dmean2": 0.658790111542, "max": 4.09135389328, "dmean": 0.389502346516}, "chords_histogram": [8.24489784241, 5.32653045654, 15.8571424484, 0, 4.75510215759, 0, 4.8775510788, 0, 4.51020431519, 0, 0, 0.183673471212, 0, 0, 0, 0, 0, 6.89795923233, 4.75510215759, 16.3877544403, 2.83673477173, 6.55102062225, 5.51020431519, 13.3061227798], "tuning_nontempered_energy_ratio": 0.596112728119, "key_key": "A"}, "metadata": {"version": {"extractor": "music 1.0", "essentia_build_sha": "5c9e65ec81695c916afb4cba055c226bfc528ee6", "essentia": "2.1-beta1", "essentia_git_sha": "v2.1_beta1-28-g21ef5f4"}, "audio_properties": {"sample_rate": 44100, "length": 227.506668091, "lossless": true, "analysis_sample_rate": 44100, "downmix": "mix", "bit_rate": 0, "equal_loudness": 0, "md5_encoded": "f3b55e68bf18b68a7cf13ad9b7ac8383", "codec": "flac", "replay_gain": -3.20085906982}, "tags": {"disctotal": ["1"], "musicbrainz_workid": ["7529b279-c139-41df-821e-b527a119846b"], "genre": ["Soundtrack"], "catalognumber": ["VSD-6999"], "conductor": ["Benjamin Wallfisch"], "releasecountry": ["XE"], "musicbrainz_recordingid": ["1504bbfc-2bec-4082-92db-4d3740cb8e88"], "title": ["A Hospital Visit"], "releasetype": ["album", "soundtrack"], "discnumber": ["1"], "artistsort": ["Marianelli, Dario"], "originaldate": ["2009-12-22"], "musicbrainz_artistid": ["9af7a998-33f9-4900-9396-9b5e1862298d"], "isrc": ["US3M50999910"], "tracknumber": ["10"], "musicbrainz_albumartistid": ["9af7a998-33f9-4900-9396-9b5e1862298d"], "totaltracks": ["12"], "barcode": ["4005939699925"], "tracktotal": ["12"], "date": ["2010"], "acoustid_id": ["21a24bd1-4ec4-43c9-91e0-5218ef575624"], "composer": ["Dario Marianelli"], "albumartistsort": ["Marianelli, Dario"], "musicbrainz_releasegroupid": ["b18d06c7-3852-47f9-97fe-134ce138ec43"], "media": ["CD"], "arranger": ["Dario Marianelli", "Benjamin Wallfisch"], "label": ["Varèse Sarabande"], "albumartist": ["Dario Marianelli"], "asin": ["B002YH6FCE"], "script": ["Latn"], "musicbrainz_albumid": ["550a9b1d-fb98-4d81-bf56-71d9d978fc5d"], "file_name": "10 A Hospital Visit.flac", "releasestatus": ["official"], "totaldiscs": ["1"], "album": ["Everybody's Fine"], "artist": ["Dario Marianelli"]}}, "lowlevel": {"melbands": {"dvar": [1.0142433382e-07, 4.51918481303e-07, 3.53212868731e-07, 1.63273227827e-07, 5.81902895647e-07, 1.84859146657e-07, 6.35779358049e-08, 2.09875111068e-07, 8.43953955609e-08, 1.79976868964e-08, 3.20290176603e-08, 6.68835298256e-09, 3.51388362851e-09, 6.34647800979e-09, 1.87229467485e-08, 4.34898073109e-09, 3.72553632388e-09, 1.49456613752e-09, 2.80425682675e-10, 1.81563084012e-10, 1.82912074376e-10, 2.5390205563e-11, 1.99864534645e-11, 1.47663114375e-11, 2.39289317527e-12, 2.5219019581e-12, 1.28498329598e-12, 3.67661332152e-13, 8.70906875805e-14, 1.15691427589e-14, 3.43286486951e-15, 8.29777192053e-16, 1.66748851525e-16, 5.71505636483e-17, 2.30226168954e-17, 1.59178616982e-17, 2.55244213494e-17, 4.19993875358e-17, 1.46266077398e-18, 7.0792944746e-19], "mean": [0.0007382556214, 0.00168365333229, 0.000723038741853, 0.000403243000619, 0.00042079173727, 0.000396332732635, 0.000262353132712, 0.000206272874493, 0.000176036250195, 0.000100787598058, 0.000128143787151, 4.19873867941e-05, 2.68609855993e-05, 2.95575191558e-05, 2.09007084777e-05, 1.75264958671e-05, 2.28365643125e-05, 1.66013778653e-05, 9.14848533284e-06, 6.30276645097e-06, 4.72213469038e-06, 2.74050557891e-06, 2.2206045287e-06, 1.80872154942e-06, 9.87960788734e-07, 1.00756631127e-06, 6.35464687093e-07, 3.27659932964e-07, 1.49438321273e-07, 6.28686009918e-08, 3.65042254202e-08, 2.09117096972e-08, 1.09955786698e-08, 6.95875046475e-09, 5.13366105181e-09, 3.86050524881e-09, 2.24062812748e-09, 1.46990708494e-09, 1.05687558705e-09, 6.43959330304e-10], "min": [3.8252752077e-09, 8.66535287969e-09, 3.11839665201e-09, 6.02508931635e-10, 2.38344566306e-10, 3.69474346951e-11, 1.26850448548e-11, 1.23938088525e-12, 9.92713398464e-13, 2.19982040396e-12, 1.61116259223e-12, 6.80054103308e-13, 2.84868049288e-13, 2.30514636242e-13, 3.60041477968e-13, 2.58774338763e-13, 2.15322714086e-13, 2.32703613323e-13, 1.82521234455e-13, 1.52990562385e-13, 6.58437944467e-14, 1.05102971953e-13, 1.40815459878e-13, 2.39595588378e-13, 2.08960480213e-13, 1.57911363022e-13, 1.57540552327e-13, 1.84839150279e-13, 1.4392050648e-13, 2.14958693207e-13, 1.67551289141e-13, 2.03707019243e-13, 2.15189262351e-13, 1.55499894103e-13, 1.51379383746e-13, 1.50742035499e-13, 2.11260696437e-13, 1.76153335625e-13, 1.7977392036e-13, 2.01474985783e-13], "median": [0.000118728916277, 0.000219606445171, 0.000144609861309, 6.00643179496e-05, 5.74812038394e-05, 6.88765139785e-05, 3.84138766094e-05, 1.85934259207e-05, 8.6212730821e-06, 1.00514143924e-05, 5.20915364177e-06, 3.84535542253e-06, 3.39753569278e-06, 9.51675758643e-07, 1.08522738174e-06, 1.16723720112e-06, 9.4405316986e-07, 5.27182749011e-07, 6.11665768702e-07, 6.07038487033e-07, 3.6490172306e-07, 2.8119950457e-07, 3.47046210436e-07, 8.1348538572e-08, 9.29502093072e-08, 7.53740465598e-08, 4.48260557562e-08, 3.82526010867e-08, 1.36391227201e-08, 6.14433082191e-09, 4.19505052918e-09, 2.55197751819e-09, 1.51232060208e-09, 8.5694701335e-10, 1.01205421821e-09, 7.44179662338e-10, 3.51650875086e-10, 2.67258271069e-10, 2.08619940767e-10, 1.44638911959e-10], "dvar2": [2.21878124762e-07, 7.84896030837e-07, 8.85809924966e-07, 3.05983945736e-07, 1.36352093705e-06, 3.57653391347e-07, 1.06891462792e-07, 3.63334152098e-07, 1.48717774096e-07, 2.3936010507e-08, 5.91503734881e-08, 1.47599674705e-08, 8.76893224699e-09, 1.42256846303e-08, 3.62470977677e-08, 1.08243458641e-08, 9.65916946427e-09, 3.91768706365e-09, 7.41430472573e-10, 5.39348732342e-10, 5.24214560649e-10, 6.81627324028e-11, 5.59090551633e-11, 4.05223007927e-11, 7.04983077124e-12, 6.84384883834e-12, 3.61194494453e-12, 1.08701307504e-12, 2.37656411477e-13, 3.34576896082e-14, 1.01861471731e-14, 2.24889513309e-15, 4.94576502792e-16, 1.67674698241e-16, 6.62235107407e-17, 4.64944292595e-17, 7.54121704747e-17, 1.23872983412e-16, 4.27566019034e-18, 2.0566656859e-18], "var": [4.74340276924e-06, 2.48655978794e-05, 2.94903816211e-06, 1.12293332677e-06, 2.12989584725e-06, 1.11903659672e-06, 5.35778553967e-07, 9.05275953755e-07, 5.29511567038e-07, 1.28516447262e-07, 2.33809529959e-07, 1.8719907402e-08, 7.25307902627e-09, 1.5455380975e-08, 2.94945206036e-08, 6.55100151903e-09, 7.90030973974e-09, 4.95884977525e-09, 9.86292714167e-10, 3.19063692134e-10, 3.01433183969e-10, 6.32076960216e-11, 5.04472609519e-11, 3.57581915467e-11, 9.82460814092e-12, 1.27417477611e-11, 4.36787151586e-12, 1.16261947986e-12, 2.85108877696e-13, 4.37710509656e-14, 1.55568137853e-14, 4.74299868112e-15, 1.0584989577e-15, 3.91694769288e-16, 1.71002743631e-16, 9.43017794395e-17, 4.54610622987e-17, 3.62596308961e-17, 7.23454479845e-18, 2.53314239825e-18], "dmean2": [0.0001631553896, 0.00030074082315, 0.000230503137573, 0.000156056878041, 0.000204457159271, 0.000175163615495, 0.000109665925265, 0.000107145911898, 8.46573529998e-05, 4.46551566711e-05, 5.14159692102e-05, 2.98318118439e-05, 2.30446294154e-05, 2.58605286945e-05, 2.0190158466e-05, 1.68030037457e-05, 1.86489050975e-05, 1.16312103273e-05, 7.10541780791e-06, 6.08060963714e-06, 4.91309265271e-06, 2.51519259109e-06, 1.95555139726e-06, 1.6957490061e-06, 7.8454161212e-07, 7.04878459601e-07, 5.15406554769e-07, 2.73228977221e-07, 1.10133733244e-07, 4.41000089779e-08, 2.38492692262e-08, 1.24955441549e-08, 6.68723254549e-09, 3.9485401615e-09, 2.58851806656e-09, 2.07217887294e-09, 1.31489441557e-09, 9.58185641942e-10, 5.43311562407e-10, 2.96171892566e-10], "max": [0.0328582935035, 0.0532089807093, 0.0335327088833, 0.0262723304331, 0.0386142097414, 0.0158048458397, 0.0186590012163, 0.0281584877521, 0.0153128001839, 0.0065556881018, 0.00859041698277, 0.00308727705851, 0.00295547931455, 0.00290421373211, 0.00761907780543, 0.00270722317509, 0.00258529908024, 0.00148323003668, 0.000748210703023, 0.000442467804532, 0.000596278579906, 0.000196467255591, 0.00023512741609, 0.000116152958071, 5.5496886489e-05, 6.45286272629e-05, 3.32295749104e-05, 1.91425551748e-05, 1.30426396936e-05, 4.48478476756e-06, 2.49868548963e-06, 1.13271335067e-06, 4.81226834381e-07, 3.12035012939e-07, 2.04921263958e-07, 1.64110318224e-07, 2.454428909e-07, 3.33580743472e-07, 4.11464782246e-08, 3.88302687782e-08], "dmean": [0.000122087396448, 0.000247395597398, 0.000162487267517, 0.000115658745926, 0.000146361999214, 0.000133421344799, 8.18730113679e-05, 8.22159345262e-05, 6.39379504719e-05, 3.49247493432e-05, 3.79635494028e-05, 2.01430393645e-05, 1.47966511577e-05, 1.68875249074e-05, 1.37262732096e-05, 1.06077732198e-05, 1.16002602226e-05, 7.31915952201e-06, 4.29002193414e-06, 3.55990050593e-06, 2.89838567369e-06, 1.50122195919e-06, 1.16817125217e-06, 1.01030082078e-06, 4.56739712718e-07, 4.25423706929e-07, 3.06049486198e-07, 1.59553920298e-07, 6.5251420267e-08, 2.59154493421e-08, 1.41741338666e-08, 7.54935669534e-09, 3.94935062431e-09, 2.30099606036e-09, 1.56705470822e-09, 1.22528276414e-09, 7.48819228846e-10, 5.41148237332e-10, 3.15148657171e-10, 1.73233219436e-10]}, "spectral_decrease": {"dvar": 2.22898539867e-18, "mean": -4.28030855204e-09, "min": -6.78247644714e-08, "median": -1.30747646043e-09, "dvar2": 4.41817058858e-18, "var": 6.36942902126e-17, "dmean2": 8.0878354014e-10, "max": -3.32824418795e-14, "dmean": 6.10424044645e-10}, "spectral_rolloff": {"dvar": 29348.8671875, "mean": 540.484130859, "min": 43.06640625, "median": 452.197265625, "dvar2": 72754.1875, "var": 126025.515625, "dmean2": 143.737594604, "max": 2648.58398438, "dmean": 82.0337600708}, "melbands_crest": {"dvar": 5.29360723495, "mean": 17.567817688, "min": 4.64753389359, "median": 16.9724349976, "dvar2": 13.7528009415, "var": 40.599697113, "dmean2": 3.20322060585, "max": 36.6993598938, "dmean": 2.13870763779}, "barkbands_skewness": {"dvar": 1.94653689861, "mean": 2.22133779526, "min": -5.11442756653, "median": 1.57621955872, "dvar2": 3.38649225235, "var": 11.6336669922, "dmean2": 0.883441865444, "max": 65.4593429565, "dmean": 0.618228137493}, "spectral_centroid": {"dvar": 6713.21679688, "mean": 553.840637207, "min": 141.349990845, "median": 507.531646729, "dvar2": 16801.0957031, "var": 73108.5703125, "dmean2": 88.1342315674, "max": 2763.73461914, "dmean": 57.8395729065}, "spectral_energyband_middle_low": {"dvar": 2.49551867455e-05, "mean": 0.00855861604214, "min": 8.20845258431e-09, "median": 0.00223608105443, "dvar2": 4.97143846587e-05, "var": 0.000278267834801, "dmean2": 0.00242479238659, "max": 0.192209050059, "dmean": 0.00177893508226}, "erbbands_crest": {"dvar": 5.94213151932, "mean": 13.7010173798, "min": 2.13405299187, "median": 12.4563951492, "dvar2": 15.0374937057, "var": 38.8127784729, "dmean2": 3.49592638016, "max": 32.3474464417, "dmean": 2.30484604836}, "dynamic_complexity": 9.29422283173, "spectral_energyband_low": {"dvar": 7.16309068594e-06, "mean": 0.00719046080485, "min": 9.746956664e-08, "median": 0.00136919226497, "dvar2": 1.49026909639e-05, "var": 0.000358032586519, "dmean2": 0.0012894597603, "max": 0.213878080249, "dmean": 0.00100761104841}, "silence_rate_60dB": {"dvar": 0.0196013599634, "mean": 0.425757735968, "min": 0, "median": 0, "dvar2": 0.0422851853073, "var": 0.24447388947, "dmean2": 0.0400122478604, "max": 1, "dmean": 0.0200040824711}, "erbbands_kurtosis": {"dvar": 86.3119430542, "mean": 7.50013160706, "min": -1.7619484663, "median": 0.819843769073, "dvar2": 172.566970825, "var": 481.513763428, "dmean2": 4.52683067322, "max": 237.060180664, "dmean": 3.12796473503}, "spectral_complexity": {"dvar": 1.3961840868, "mean": 7.12450265884, "min": 0, "median": 5, "dvar2": 3.58662962914, "var": 42.300994873, "dmean2": 1.59946918488, "max": 38, "dmean": 0.946111440659}, "barkbands_crest": {"dvar": 3.47016644478, "mean": 13.7349061966, "min": 3.37896990776, "median": 12.806886673, "dvar2": 8.65288066864, "var": 29.4116134644, "dmean2": 2.57915329933, "max": 26.9714336395, "dmean": 1.7284091711}, "spectral_energy": {"dvar": 3.41750201187e-05, "mean": 0.0167030449957, "min": 1.31608373977e-07, "median": 0.00511443102732, "dvar2": 6.74996699672e-05, "var": 0.000963695172686, "dmean2": 0.00316404155456, "max": 0.260849177837, "dmean": 0.00238478556275}, "spectral_spread": {"dvar": 101072478208, "mean": 2271666.75, "min": 308026.65625, "median": 2077118.75, "dvar2": 267454431232, "var": 1897648881660.0, "dmean2": 434354.84375, "max": 14781219, "dmean": 252896.640625}, "spectral_contrast_valleys": {"dvar": [0.0610781125724, 0.0599082559347, 0.0513106882572, 0.0265845358372, 0.0106046451256, 0.00880142953247], "mean": [-8.51882266998, -8.31398487091, -9.35380744934, -9.92841339111, -10.2008047104, -13.4147377014], "min": [-14.4369726181, -15.3994035721, -15.948597908, -16.0206413269, -15.7687635422, -17.0605354309], "median": [-7.93454837799, -8.0256023407, -9.10160446167, -9.63541412354, -9.87163543701, -13.505736351], "dvar2": [0.174149215221, 0.14829787612, 0.132135778666, 0.0712667778134, 0.0300764050335, 0.0261220242828], "var": [3.16273570061, 3.14712929726, 3.35079860687, 3.4428524971, 2.71721291542, 0.763546466827], "dmean2": [0.478801071644, 0.455425173044, 0.420808821917, 0.329031050205, 0.220646336675, 0.167964547873], "max": [-5.0638589859, -4.80029726028, -5.73903083801, -6.2973651886, -6.65202617645, -10.9489011765], "dmean": [0.290840387344, 0.276260405779, 0.251136630774, 0.192823648453, 0.12889790535, 0.0973076820374]}, "spectral_rms": {"dvar": 1.17643054409e-07, "mean": 0.00296451733448, "min": 1.13313026304e-05, "median": 0.0022337611299, "dvar2": 2.31946941653e-07, "var": 7.5073262451e-06, "dmean2": 0.000313334545353, "max": 0.015952648595, "dmean": 0.000238178210566}, "barkbands_spread": {"dvar": 3.90663981438, "mean": 6.94154691696, "min": 0.0183358360082, "median": 6.23450279236, "dvar2": 10.1262254715, "var": 25.8755588531, "dmean2": 2.13444590569, "max": 44.51146698, "dmean": 1.39182436466}, "pitch_salience": {"dvar": 0.00203348579817, "mean": 0.439296722412, "min": 0.0138801923022, "median": 0.44833740592, "dvar2": 0.00477348873392, "var": 0.015770258382, "dmean2": 0.0709391087294, "max": 0.826509594917, "dmean": 0.046510361135}, "erbbands_skewness": {"dvar": 0.266499817371, "mean": 1.16266334057, "min": -3.82105612755, "median": 0.818665146828, "dvar2": 0.592719554901, "var": 2.35202121735, "dmean2": 0.564682662487, "max": 11.0492238998, "dmean": 0.387955635786}, "spectral_energyband_middle_high": {"dvar": 3.32256649926e-06, "mean": 0.00159962789621, "min": 4.9727968271e-11, "median": 0.000175687819137, "dvar2": 7.52970936446e-06, "var": 1.35295458676e-05, "dmean2": 0.000748302787542, "max": 0.0551610141993, "dmean": 0.000495548069011}, "erbbands": {"dvar": [0.00055549654644, 0.213718309999, 2.07404613495, 11.0522518158, 31.296169281, 55.9479408264, 567.639221191, 416.616638184, 279.570739746, 2021.98632812, 1615.2935791, 421.446655273, 1220.46276855, 304.815979004, 229.689453125, 1172.42919922, 1503.32226562, 1145.94836426, 469.768829346, 117.671295166, 109.452171326, 17.5995082855, 19.0177516937, 3.30072665215, 2.91920614243, 0.702741444111, 0.109208516777, 0.00907759834081, 0.00128995080013, 0.000165591933182, 4.56325324194e-05, 3.08281742036e-05, 3.23674248648e-05, 1.31933290959e-06, 9.93123379089e-08, 2.79981726692e-08, 5.47910938842e-10, 3.28503162172e-11, 8.59580635837e-12, 4.27267943248e-11], "mean": [0.072608217597, 0.788678050041, 3.8626294136, 3.68892741203, 5.37152433395, 6.22818756104, 12.7844829559, 17.9673366547, 17.5308227539, 18.5205974579, 24.0552806854, 14.8817214966, 25.226776123, 9.95720672607, 8.01524162292, 10.1917352676, 7.56783866882, 12.3004388809, 9.94593429565, 6.04135370255, 4.3454656601, 2.7473487854, 2.13175344467, 1.36381649971, 1.18773365021, 0.575603544712, 0.212835356593, 0.0746132731438, 0.0337250120938, 0.01480794698, 0.00877815019339, 0.00440200185403, 0.00202958681621, 0.000911092094611, 0.000455999630503, 0.000182731004315, 5.65876835026e-05, 1.90151477e-05, 1.05473473013e-05, 1.88234535017e-05], "min": [3.39079463174e-07, 6.03805756327e-06, 1.49322731886e-05, 9.26073062146e-06, 1.45996036736e-05, 4.12622011936e-06, 5.624833193e-06, 1.34292122311e-06, 9.01988528312e-07, 2.31238374226e-07, 1.58939414518e-07, 3.6586789065e-07, 3.51949637434e-07, 1.74670304887e-07, 8.77904682284e-08, 9.87660300211e-08, 1.15504192877e-07, 1.44744049635e-07, 1.49448112552e-07, 1.50187318582e-07, 7.26158901898e-08, 1.44199262309e-07, 2.47149046118e-07, 3.11690087074e-07, 2.74264351674e-07, 3.01878088749e-07, 3.34536821356e-07, 3.54312930995e-07, 4.1718666921e-07, 3.69987560589e-07, 2.70657551482e-07, 3.01249514223e-07, 2.71381082939e-07, 2.32628650565e-07, 2.26144848625e-07, 7.95719117264e-08, 4.41464251821e-08, 3.21389563851e-08, 7.21499615608e-09, 7.52599260689e-10], "median": [0.00837158877403, 0.13468721509, 0.356937229633, 0.729404568672, 0.707025766373, 0.781601011753, 1.61448168755, 3.10299777985, 2.55512738228, 2.09933423996, 1.10638284683, 1.87938892841, 1.29887461662, 1.08310711384, 1.05788505077, 0.37507212162, 0.648536741734, 0.536410748959, 0.369770407677, 0.587444603443, 0.37794315815, 0.357356518507, 0.204697936773, 0.120304465294, 0.0780230611563, 0.0654495730996, 0.0219836067408, 0.00816432200372, 0.00414481060579, 0.00199086056091, 0.00180421944242, 0.000748462800402, 0.000379457516829, 0.000192372826859, 0.000109515451186, 5.19083005202e-05, 2.24046052608e-05, 7.57699126552e-06, 4.18549734604e-06, 5.81596486882e-06], "dvar2": [0.000738577917218, 0.535903275013, 2.5103738308, 29.9190826416, 66.9212036133, 107.153121948, 1375.69091797, 783.71484375, 435.947906494, 3443.07470703, 2822.02929688, 593.432495117, 2231.40234375, 672.72265625, 562.660583496, 2437.59399414, 3315.22631836, 3001.06860352, 1194.38195801, 340.032928467, 314.826721191, 46.9524841309, 53.7552490234, 9.52163219452, 7.60022926331, 2.08135342598, 0.299492627382, 0.0274035800248, 0.00350563507527, 0.000470709142974, 0.000127755847643, 9.07010908122e-05, 9.52656482696e-05, 3.84813438359e-06, 2.36168915535e-07, 6.86351668833e-08, 1.49629952872e-09, 9.07527872296e-11, 1.75187694212e-11, 8.40797223511e-11], "var": [0.0753444284201, 3.21966195107, 168.026870728, 87.8913497925, 218.461685181, 311.245666504, 1951.64245605, 2516.78344727, 2656.25830078, 8259.76171875, 10219.0986328, 2126.44750977, 9108.59765625, 826.553039551, 549.048461914, 2489.01049805, 2055.65966797, 2297.07592773, 1783.64648438, 286.266815186, 204.096908569, 58.6409835815, 48.7668380737, 16.8932666779, 17.454202652, 3.23874497414, 0.49727421999, 0.0596739649773, 0.0114028407261, 0.00177539722063, 0.000462538853753, 0.000138382223668, 4.28703642683e-05, 5.10891914018e-06, 1.15574391657e-06, 1.6482219678e-07, 1.18678267214e-08, 8.29864399421e-10, 3.06294933861e-10, 1.20199494802e-09], "dmean2": [0.0115802204236, 0.223448261619, 0.574864268303, 1.19596207142, 2.25151562691, 2.49948167801, 6.47640562057, 7.9752612114, 7.21777629852, 9.53861904144, 11.1373405457, 6.77285289764, 9.92536067963, 6.66075372696, 6.2356543541, 8.57032871246, 6.89656448364, 10.0731735229, 6.35937786102, 5.10061597824, 4.08064365387, 2.16913890839, 1.73126637936, 0.930511236191, 0.736618757248, 0.402098894119, 0.131394430995, 0.0399478636682, 0.0162762161344, 0.00683814426884, 0.00390024669468, 0.00204627029598, 0.00100551336072, 0.000371168542188, 0.000161020230735, 6.51916270726e-05, 1.51290787471e-05, 4.65972198072e-06, 1.73357170752e-06, 3.53352970706e-06], "max": [4.23455524445, 21.4645290375, 144.426925659, 211.083114624, 269.58706665, 382.991333008, 1057.76867676, 771.259338379, 1452.13098145, 2961.05395508, 2036.71118164, 1041.43701172, 1706.57922363, 701.536560059, 630.967468262, 1586.41748047, 1938.95544434, 1534.3458252, 1016.11199951, 338.270507812, 451.960418701, 157.097061157, 241.894012451, 66.1812896729, 79.1279067993, 30.9974632263, 15.588139534, 3.68221282959, 1.52548837662, 0.568509876728, 0.305050998926, 0.238968446851, 0.289433717728, 0.0532238669693, 0.0174485575408, 0.0066104400903, 0.00140375236515, 0.000402019679314, 0.000154608875164, 0.000286616850644], "dmean": [0.00952569581568, 0.162608340383, 0.531622886658, 0.835469722748, 1.6331397295, 1.80585229397, 4.62435436249, 6.14004325867, 5.39433288574, 7.41584539413, 8.47190284729, 5.25452041626, 7.32394266129, 4.47693681717, 4.01896047592, 5.71343994141, 4.58682870865, 6.23388385773, 4.02418470383, 3.02161240578, 2.40093970299, 1.29669773579, 1.03039503098, 0.544484257698, 0.447567969561, 0.234791189432, 0.0773774683475, 0.023481503129, 0.00982587132603, 0.00398405641317, 0.00235990877263, 0.0011838421924, 0.000575036101509, 0.000216235741391, 0.000101127421658, 3.9525959437e-05, 9.07575486053e-06, 2.77695744444e-06, 1.24160169435e-06, 2.65829817181e-06]}, "dissonance": {"dvar": 0.0013164972188, "mean": 0.391720741987, "min": 0.0562960170209, "median": 0.418883651495, "dvar2": 0.00366847333498, "var": 0.00736829079688, "dmean2": 0.0552988350391, "max": 0.499760359526, "dmean": 0.0327437222004}, "erbbands_flatness_db": {"dvar": 0.00029509383603, "mean": 0.270950704813, "min": 0.0282692350447, "median": 0.252252399921, "dvar2": 0.000610272109043, "var": 0.0062446477823, "dmean2": 0.019494375214, "max": 0.586728334427, "dmean": 0.0137997772545}, "melbands_kurtosis": {"dvar": 343.561584473, "mean": 20.8418483734, "min": -1.76936042309, "median": 7.61111450195, "dvar2": 895.048461914, "var": 2323.78369141, "dmean2": 10.1045732498, "max": 792.511352539, "dmean": 6.55709934235}, "melbands_spread": {"dvar": 6.69082975388, "mean": 8.21222400665, "min": 0.157368525863, "median": 6.81951284409, "dvar2": 16.2755470276, "var": 44.2700767517, "dmean2": 2.56496024132, "max": 74.7024078369, "dmean": 1.69871783257}, "melbands_skewness": {"dvar": 0.500197887421, "mean": 2.3108420372, "min": -3.42110443115, "median": 1.93457710743, "dvar2": 1.25105547905, "var": 5.43512868881, "dmean2": 0.779851019382, "max": 23.3289928436, "dmean": 0.529089927673}, "spectral_entropy": {"dvar": 0.0248633660376, "mean": 6.12397575378, "min": 2.80785822868, "median": 6.404941082, "dvar2": 0.049639262259, "var": 0.862409651279, "dmean2": 0.182068884373, "max": 8.46029758453, "dmean": 0.125384002924}, "zerocrossingrate": {"dvar": 9.55483392318e-06, "mean": 0.022988434881, "min": 0.00244140625, "median": 0.0205078125, "dvar2": 1.51775402628e-05, "var": 0.000163682867424, "dmean2": 0.0033099160064, "max": 0.12158203125, "dmean": 0.00256036198698}, "average_loudness": 0.00412274943665, "spectral_contrast_coeffs": {"dvar": [0.000711103726644, 0.000811615667772, 0.000646978267469, 0.00036752660526, 0.000177881578566, 7.31582913431e-05], "mean": [-0.66351377964, -0.657198905945, -0.721814155579, -0.76968562603, -0.804307103157, -0.809617877007], "min": [-0.921832978725, -0.948589920998, -0.951954841614, -0.946383833885, -0.933299362659, -0.932137727737], "median": [-0.660233855247, -0.662646889687, -0.732853710651, -0.77032917738, -0.796761214733, -0.799080431461], "dvar2": [0.00189558311831, 0.00192722387146, 0.00165311596356, 0.000975557253696, 0.000483827723656, 0.000208390905755], "var": [0.011416268535, 0.00879338290542, 0.00712445843965, 0.00404684897512, 0.00319237960503, 0.00242503383197], "dmean2": [0.0509363561869, 0.0526295788586, 0.0470152497292, 0.0376471467316, 0.0265956651419, 0.0173483733088], "max": [-0.296589285135, -0.343640863895, -0.394523262978, -0.518897235394, -0.660049378872, -0.674003243446], "dmean": [0.0312498994172, 0.0343829542398, 0.0294924043119, 0.0232188459486, 0.0158480722457, 0.0101436898112]}, "barkbands_flatness_db": {"dvar": 0.000293090473861, "mean": 0.281748831272, "min": 0.0820798948407, "median": 0.255005806684, "dvar2": 0.000636855373159, "var": 0.00837207119912, "dmean2": 0.0216850470752, "max": 0.605109453201, "dmean": 0.0150480018929}, "silence_rate_30dB": {"dvar": 0.0058840890415, "mean": 0.966935396194, "min": 0, "median": 1, "dvar2": 0.0129232741892, "var": 0.0319746211171, "dmean2": 0.0118403593078, "max": 1, "dmean": 0.00591957522556}, "spectral_energyband_high": {"dvar": 1.3033830959e-10, "mean": 9.1214915301e-06, "min": 1.48466031136e-10, "median": 9.73432975115e-07, "dvar2": 3.79320991284e-10, "var": 8.53133397261e-10, "dmean2": 4.81475444758e-06, "max": 0.000372624723241, "dmean": 2.79775508716e-06}, "melbands_flatness_db": {"dvar": 0.000300683721434, "mean": 0.383261233568, "min": 0.163609415293, "median": 0.35537186265, "dvar2": 0.000670108827762, "var": 0.0113040171564, "dmean2": 0.0224311668426, "max": 0.718561291695, "dmean": 0.0155580500141}, "barkbands": {"dvar": [1.21561272159e-09, 2.84939414996e-06, 1.85845385658e-06, 2.45343949246e-06, 6.81385017742e-06, 4.35635320173e-06, 3.09472284243e-06, 3.57480803359e-06, 1.09755580979e-06, 9.94970605461e-07, 1.53011370685e-07, 8.10746257685e-07, 5.80748235279e-07, 3.63153475291e-07, 1.09077042509e-07, 3.23927871193e-08, 5.54823342824e-09, 5.52280043919e-09, 1.28660238019e-09, 4.44839304281e-10, 2.58585809015e-11, 8.42336508704e-13, 6.6661804657e-14, 1.20491859762e-13, 4.18027361316e-15, 4.92985563159e-16, 2.53723838984e-17], "mean": [5.03139890498e-05, 0.0030729775317, 0.00352154416032, 0.00111144315451, 0.00220433739014, 0.00197605509311, 0.00119146099314, 0.00106631626841, 0.000769055972341, 0.000553369114641, 0.000163914635777, 0.000268483563559, 0.000149382161908, 0.000246643990977, 0.000157340080477, 7.65917429817e-05, 4.75122542412e-05, 3.38903482771e-05, 2.51595665759e-05, 1.26269951579e-05, 3.24311395161e-06, 8.29185239581e-07, 3.1842722592e-07, 1.5588682345e-07, 6.9937975411e-08, 3.20174962098e-08, 2.0003442458e-08], "min": [6.13072995148e-11, 1.30702435541e-08, 9.22753784494e-09, 2.08250139355e-10, 2.14593587344e-09, 3.86395582197e-10, 6.48247289181e-11, 6.29316043721e-12, 1.16220635546e-11, 7.48022564029e-12, 1.7061583266e-12, 2.19988502241e-12, 2.67767492207e-12, 2.98977769625e-12, 2.23671406917e-12, 1.6207982222e-12, 2.39029976368e-12, 5.05831661279e-12, 5.83388719277e-12, 7.41761166378e-12, 9.22437386891e-12, 1.13083578959e-11, 8.5250626003e-12, 1.57712159304e-11, 2.63123463989e-11, 2.26533427433e-11, 4.74937485173e-11], "median": [7.77245622885e-06, 0.000518344982993, 0.000280744745396, 0.000171850741026, 0.000260877335677, 0.0003102311166, 0.000154262801516, 3.72075373889e-05, 7.06656210241e-05, 2.44217426371e-05, 1.73164880835e-05, 7.68720929045e-06, 1.23193522086e-05, 1.12721818368e-05, 8.60691034177e-06, 6.45284035272e-06, 6.40527241558e-06, 1.68694384683e-06, 2.08690380532e-06, 1.22557003124e-06, 3.26017982388e-07, 1.1440722858e-07, 5.95739528819e-08, 2.65957638135e-08, 1.57534341128e-08, 1.07326592058e-08, 1.14785700944e-08], "dvar2": [3.28111493531e-09, 7.0217352004e-06, 2.13130988413e-06, 6.29083024251e-06, 1.40370684676e-05, 9.09620212042e-06, 5.24185725226e-06, 6.5614281084e-06, 1.45464650814e-06, 2.08101619137e-06, 3.7604209524e-07, 1.65541541719e-06, 1.34744971092e-06, 9.3450478289e-07, 2.7516810519e-07, 9.42244611224e-08, 1.48327430338e-08, 1.54324801827e-08, 3.58675156242e-09, 1.32510058481e-09, 7.33347965687e-11, 2.2905590185e-12, 1.90064191599e-13, 3.5625189322e-13, 1.18408124831e-14, 1.23864613668e-15, 6.76415299212e-17], "var": [3.54389122492e-08, 5.89982519159e-05, 0.000153992761625, 1.06356774268e-05, 3.95967981603e-05, 2.66636961896e-05, 1.66127429111e-05, 1.97918634512e-05, 8.77338698047e-06, 5.18825891049e-06, 2.99899795664e-07, 1.65949575148e-06, 7.55904238758e-07, 8.08132028851e-07, 4.32826340102e-07, 5.69858116251e-08, 1.62594044895e-08, 1.41010030319e-08, 6.76432154734e-09, 1.64686275728e-09, 1.18793030968e-10, 6.50958367071e-12, 6.67565666374e-13, 2.18263341428e-13, 2.83261979953e-14, 4.4685828761e-15, 7.53710721714e-16], "dmean2": [2.87045768346e-05, 0.000828587741125, 0.000503159419168, 0.000541473098565, 0.000890080584213, 0.000899844628293, 0.000528980628587, 0.000522630987689, 0.000338391721016, 0.000293430523016, 0.000153800006956, 0.00023594108643, 0.000145319179865, 0.00020508558373, 0.000114861963084, 7.67828023527e-05, 4.10980683228e-05, 2.94732708426e-05, 1.7174603272e-05, 9.79119522526e-06, 2.06650565815e-06, 4.17524205432e-07, 1.40207632171e-07, 7.46442054833e-08, 2.47102711626e-08, 9.64439550444e-09, 4.1950700691e-09], "max": [0.0030180872418, 0.107376858592, 0.139074876904, 0.0930328369141, 0.138348594308, 0.0720746666193, 0.0992348343134, 0.0952830091119, 0.0575999766588, 0.0455342009664, 0.0197526346892, 0.0434187799692, 0.0380519703031, 0.0197388101369, 0.0172401722521, 0.00662604440004, 0.00223408266902, 0.00382829643786, 0.00123784272, 0.000610863673501, 0.000203317365958, 3.95470269723e-05, 1.00453771665e-05, 1.74049491761e-05, 2.80791664409e-06, 7.94939921889e-07, 4.66952087663e-07], "dmean": [1.69568720594e-05, 0.000601383566391, 0.000492783030495, 0.000359283963917, 0.000646956148557, 0.000660522608086, 0.0004075645993, 0.000391528301407, 0.000265651586233, 0.000202892377274, 9.81802586466e-05, 0.0001574048365, 9.36430733418e-05, 0.000128263331135, 6.96778370184e-05, 4.4800741307e-05, 2.44909861067e-05, 1.75708810275e-05, 1.02429148683e-05, 5.70527708987e-06, 1.21902439787e-06, 2.50316958272e-07, 8.46940295673e-08, 4.27133812764e-08, 1.47111087756e-08, 5.86930593016e-09, 2.53564946817e-09]}, "erbbands_spread": {"dvar": 14.879734993, "mean": 20.1738033295, "min": 0.391374796629, "median": 18.385383606, "dvar2": 35.0890350342, "var": 309.101654053, "dmean2": 4.86365604401, "max": 150.675613403, "dmean": 3.21452689171}, "barkbands_kurtosis": {"dvar": 19586.8457031, "mean": 36.9350204468, "min": -1.67090451717, "median": 5.02950572968, "dvar2": 32436.8398438, "var": 52960.4101562, "dmean2": 24.555557251, "max": 7855.56445312, "dmean": 18.3458518982}, "spectral_flux": {"dvar": 0.000144125209772, "mean": 0.0255565773696, "min": 1.69893337443e-05, "median": 0.0164630506188, "dvar2": 0.000381045858376, "var": 0.000740327697713, "dmean2": 0.0114148976281, "max": 0.267930656672, "dmean": 0.00680618453771}, "silence_rate_20dB": {"dvar": 0, "mean": 1, "min": 1, "median": 1, "dvar2": 0, "var": 0, "dmean2": 0, "max": 1, "dmean": 0}, "gfcc": {"cov": [[21881.8847656, 3599.4128418, -5535.88867188, 962.248901367, 956.847412109, -161.057403564, 964.382446289, 496.854400635, 416.998046875, -250.47567749, 323.595703125, -657.157470703, 128.973236084], [3599.4128418, 1522.00036621, -266.876617432, 8.52279663086, 203.112762451, -158.690292358, 40.8258247375, -179.764785767, -93.6765441895, -193.475524902, 29.5878715515, -169.173400879, 89.907989502], [-5535.88867188, -266.876617432, 2413.14086914, -46.5512123108, -170.555038452, -83.2499008179, -490.828521729, -531.055603027, -400.88168335, -142.374938965, -122.869132996, 98.0858001709, 23.76820755], [962.248901367, 8.52279663086, -46.5512123108, 754.818054199, 377.122375488, 74.8852615356, 84.7875900269, 29.5082187653, -53.6842651367, -70.7161560059, 5.60513925552, -44.6906547546, -4.72408914566], [956.847412109, 203.112762451, -170.555038452, 377.122375488, 411.807495117, 129.687225342, 165.079116821, 83.48487854, 28.2974720001, -15.0361795425, 29.6535606384, -37.9624595642, 17.7704906464], [-161.057403564, -158.690292358, -83.2499008179, 74.8852615356, 129.687225342, 188.303100586, 142.32901001, 108.279396057, 40.2683677673, 24.9545612335, -13.5682582855, -0.570114135742, -9.08173370361], [964.382446289, 40.8258247375, -490.828521729, 84.7875900269, 165.079116821, 142.32901001, 318.310943604, 280.698638916, 167.939575195, 58.6753883362, 27.8202667236, -31.0713005066, -16.0887470245], [496.854400635, -179.764785767, -531.055603027, 29.5082187653, 83.48487854, 108.279396057, 280.698638916, 379.512420654, 249.028442383, 111.095169067, 30.7288722992, -3.17398834229, -50.5999183655], [416.998046875, -93.6765441895, -400.88168335, -53.6842651367, 28.2974720001, 40.2683677673, 167.939575195, 249.028442383, 250.621154785, 129.011856079, 47.1797447205, 0.886104166508, -28.5496025085], [-250.47567749, -193.475524902, -142.374938965, -70.7161560059, -15.0361795425, 24.9545612335, 58.6753883362, 111.095169067, 129.011856079, 161.681564331, 77.5246124268, 47.950553894, -8.07321357727], [323.595703125, 29.5878715515, -122.869132996, 5.60513925552, 29.6535606384, -13.5682582855, 27.8202667236, 30.7288722992, 47.1797447205, 77.5246124268, 119.019493103, 65.5435638428, 27.2208175659], [-657.157470703, -169.173400879, 98.0858001709, -44.6906547546, -37.9624595642, -0.570114135742, -31.0713005066, -3.17398834229, 0.886104166508, 47.950553894, 65.5435638428, 130.113510132, 55.7437057495], [128.973236084, 89.907989502, 23.76820755, -4.72408914566, 17.7704906464, -9.08173370361, -16.0887470245, -50.5999183655, -28.5496025085, -8.07321357727, 27.2208175659, 55.7437057495, 107.566009521]], "mean": [-212.714553833, 172.534683228, -102.862411499, 5.15979623795, -33.8610038757, -13.1399803162, -25.0708675385, -0.359870374203, -10.1886377335, -2.39533805847, -5.96930885315, -5.69743204117, -4.32369184494], "icov": [[0.000632220762782, -0.00107403355651, 0.00138661370147, -0.000948773988057, 0.000754143460654, -0.000525912444573, 0.00025743097649, 0.000493527273647, -0.000222386312089, 0.000621184066404, -0.0013848739909, 0.00139827444218, -0.000493278319482], [-0.00107403355651, 0.00448552099988, -0.00241121649742, 0.0031010734383, -0.0034096040763, 0.00401803245768, -0.00284323561937, 0.00103516224772, -0.000364283769159, 0.00266399350949, -0.00152340787463, 0.0020475727506, -0.00140054035001], [0.00138661370147, -0.00241121649742, 0.00383480335586, -0.00210748868994, 0.00145114178304, -0.00135115673766, 0.00102368963417, 0.00183739338536, -0.000148719191202, 0.000839703483507, -0.00164824642707, 0.00162026239559, -0.00032247058698], [-0.000948773988057, 0.0031010734383, -0.00210748868994, 0.00516700465232, -0.00543235149235, 0.0033173840493, -0.000723310513422, -0.00134528870694, 0.00164823641535, 0.00150601938367, -0.000193354077055, 0.000310148083372, 0.000113415393571], [0.000754143460654, -0.0034096040763, 0.00145114178304, -0.00543235149235, 0.0103781456128, -0.00703555904329, 0.000358770717867, 0.000604082306381, -0.0016957402695, -0.000338850659318, -0.00276658823714, 0.0