{"metadata": {"audio_properties": {"downmix": "mix", "bit_rate": 0, "lossless": true, "md5_encoded": "d7ed88e0da7ade3c6f38bddde6afecb5", "analysis_sample_rate": 44100, "sample_rate": 44100, "replay_gain": -11.9458560944, "equal_loudness": 0, "codec": "flac", "length": 202.266662598}, "tags": {"releasestatus": ["official"], "musicbrainz_albumid": ["3e9e1e6c-fad9-4415-9dda-02b505897386"], "musicbrainz_recordingid": ["321e70a9-4424-4492-b0ae-f641c99add4b"], "tracknumber": ["18"], "artist": ["Domenico Modugno"], "acoustid_id": ["76e9d010-6700-4053-ba30-11518fc37c1c"], "barcode": ["0639842689724"], "totaltracks": ["18"], "originaldate": ["1987"], "musicbrainz_releasegroupid": ["44982517-2e54-398f-93f2-7d57d8cf27cc"], "releasetype": ["album", "compilation"], "media": ["CD"], "musicbrainz_albumartistid": ["b8e60837-e646-4f18-8f92-27d1173511b0"], "file_name": "18. Stasera Pago Io.flac", "musicbrainz_artistid": ["b8e60837-e646-4f18-8f92-27d1173511b0"], "albumartistsort": ["Modugno, Domenico"], "musicbrainz_releasetrackid": ["6f41b0fb-7007-3665-a0a3-4071420d909d"], "script": ["Latn"], "label": ["Fonit-Cetra"], "releasecountry": ["IT"], "album": ["Il Meglio Di Domenico Modugno"], "date": ["1987"], "title": ["Stasera Pago Io"], "tracktotal": ["18"], "discnumber": ["1"], "artistsort": ["Modugno, Domenico"], "disctotal": ["1"], "genre": ["Latino - Italia - Cantoautore"], "originalyear": ["1987"], "totaldiscs": ["1"], "albumartist": ["Domenico Modugno"]}, "version": {"essentia_build_sha": "2d9f1f26377add8aeb1075a9c2973f962c4f09fd", "essentia_git_sha": "v2.1_beta2-1-ge3940c0", "extractor": "music 1.0", "essentia": "2.1-beta2"}}, "tonal": {"chords_scale": "major", "hpcp": {"dmean": [0.0816403627396, 0.0726423412561, 0.0484800748527, 0.0453216955066, 0.0550998263061, 0.0752748250961, 0.0799819529057, 0.0844025835395, 0.0827206224203, 0.0907604396343, 0.115526564419, 0.13228225708, 0.144425779581, 0.136715427041, 0.105649195611, 0.0776695609093, 0.0679453089833, 0.0727255046368, 0.0783031955361, 0.0671245157719, 0.0612998306751, 0.0606806389987, 0.0586002133787, 0.0609938204288, 0.068624727428, 0.0752458423376, 0.092484138906, 0.118294410408, 0.110938332975, 0.0812750905752, 0.0737599879503, 0.0860795676708, 0.115907125175, 0.130942553282, 0.116512477398, 0.0872239917517], "dvar2": [0.0701414719224, 0.0602563433349, 0.031178701669, 0.0321917980909, 0.0410574153066, 0.0608288682997, 0.0617337450385, 0.0604806244373, 0.0764183551073, 0.0920656621456, 0.116631150246, 0.0991677120328, 0.123563855886, 0.111780516803, 0.0945662558079, 0.065485522151, 0.0527230165899, 0.0538257397711, 0.0675467699766, 0.0501661114395, 0.0479553937912, 0.0452604591846, 0.0451666265726, 0.0479917526245, 0.0603983178735, 0.0655936002731, 0.0716060623527, 0.095632225275, 0.0945308580995, 0.0721606612206, 0.0765204057097, 0.0806552395225, 0.0899163037539, 0.104100182652, 0.0791183114052, 0.059539578855], "mean": [0.13381229341, 0.102136254311, 0.058148059994, 0.0558749735355, 0.0649253129959, 0.100365594029, 0.154846966267, 0.138334363699, 0.0924758464098, 0.0959336310625, 0.12876175344, 0.214015230536, 0.267263829708, 0.203309550881, 0.147149562836, 0.133880645037, 0.094314545393, 0.0906221494079, 0.112324297428, 0.0873928591609, 0.0782127901912, 0.0912697538733, 0.074941419065, 0.067558132112, 0.0811756327748, 0.0856070518494, 0.123208783567, 0.198472619057, 0.171145796776, 0.0932069420815, 0.0771863609552, 0.0892997980118, 0.172184407711, 0.254583150148, 0.187712863088, 0.117927022278], "var": [0.0671094208956, 0.0446224585176, 0.0161293931305, 0.0213857609779, 0.0221706926823, 0.0352901108563, 0.0787280201912, 0.0614070482552, 0.0343701504171, 0.0417314358056, 0.0531766042113, 0.0880431979895, 0.120295546949, 0.0792756304145, 0.0633176714182, 0.0697878822684, 0.0382578410208, 0.0319762714207, 0.0521613322198, 0.0331963561475, 0.0296489819884, 0.0421858765185, 0.0283052455634, 0.0212916173041, 0.0325619578362, 0.0324249863625, 0.0415611714125, 0.0919680967927, 0.0762580633163, 0.0325183756649, 0.0336740501225, 0.0353696085513, 0.066368535161, 0.12159563601, 0.0738128274679, 0.0433408468962], "dmean2": [0.139805272222, 0.124941729009, 0.0833751112223, 0.0774486660957, 0.0943105220795, 0.129186972976, 0.135197252035, 0.144246652722, 0.14443564415, 0.162046432495, 0.204882115126, 0.225610345602, 0.248842895031, 0.234651505947, 0.182543486357, 0.133226692677, 0.116781532764, 0.12465583533, 0.132969394326, 0.112866692245, 0.104298718274, 0.10256331414, 0.100530795753, 0.10621843487, 0.119959235191, 0.128587275743, 0.1575961411, 0.199647799134, 0.189550384879, 0.141641259193, 0.129810005426, 0.150115445256, 0.195745930076, 0.222938716412, 0.196269318461, 0.148373186588], "dvar": [0.0269172657281, 0.0226719006896, 0.0115813864395, 0.0124136637896, 0.0153080737218, 0.0222379565239, 0.0248019695282, 0.0240447558463, 0.0282990932465, 0.0331380628049, 0.041394777596, 0.0382698960602, 0.0464473254979, 0.0411908142269, 0.033621031791, 0.0247278865427, 0.0197114143521, 0.0206742901355, 0.0259805414826, 0.0202064905316, 0.0185412243009, 0.0182928871363, 0.0172600410879, 0.0179310012609, 0.0224437694997, 0.0248430781066, 0.0274253897369, 0.0380414575338, 0.0356708467007, 0.026041297242, 0.0278642792255, 0.0299904141575, 0.0347485430539, 0.0421748161316, 0.0319842174649, 0.0229058265686], "min": [0, 0, 0, 0, 0, 0, 0, 0, 0, 0, 0, 0, 0, 0, 0, 0, 0, 0, 0, 0, 0, 0, 0, 0, 0, 0, 0, 0, 0, 0, 0, 0, 0, 0, 0, 0], "median": [0.0166907384992, 0.0134513182566, 0.00953368470073, 0.00624478142709, 0.0102666188031, 0.0192262660712, 0.0215629711747, 0.0220233462751, 0.0180202834308, 0.014123651199, 0.0239843428135, 0.0562610439956, 0.0764089673758, 0.061193857342, 0.0259127616882, 0.0125747444108, 0.0136850643903, 0.0156141379848, 0.016759365797, 0.0145932389423, 0.0113197332248, 0.011503865011, 0.0138803664595, 0.0143448840827, 0.0129646835849, 0.0162406954914, 0.0343996025622, 0.0415553189814, 0.0348165072501, 0.0177356228232, 0.00845177657902, 0.0129300486296, 0.0414187833667, 0.0581161119044, 0.053623624146, 0.0273074861616], "max": [1, 1, 1, 1, 1, 1, 1, 1, 1, 1, 1, 1, 1, 1, 1, 1, 1, 1, 1, 1, 1, 1, 1, 1, 1, 1, 1, 1, 1, 1, 1, 1, 1, 1, 1, 1]}, "tuning_equal_tempered_deviation": 0.0615348145366, "chords_key": "F#", "chords_strength": {"dmean": 0.00944965984672, "dvar2": 6.67810309096e-05, "mean": 0.537172734737, "var": 0.0123360967264, "dmean2": 0.00895199552178, "dvar": 6.40490834485e-05, "min": 0.235689640045, "median": 0.539895951748, "max": 0.826431453228}, "tuning_diatonic_strength": 0.666754662991, "thpcp": [1, 0.760707318783, 0.550577938557, 0.500930666924, 0.352889299393, 0.339073747396, 0.420274972916, 0.326990962029, 0.292642623186, 0.341496855021, 0.280402392149, 0.252776950598, 0.303728461266, 0.32030916214, 0.461000591516, 0.742609322071, 0.640362739563, 0.348745077848, 0.288802117109, 0.334126025438, 0.644248843193, 0.95255368948, 0.702350437641, 0.441238254309, 0.500674903393, 0.382155179977, 0.217568010092, 0.209062978625, 0.242925927043, 0.375530034304, 0.579378664494, 0.517594754696, 0.346009582281, 0.358947306871, 0.481777697802, 0.800763905048], "chords_histogram": [10.3741102219, 5.60018348694, 10.1216430664, 1.53775537014, 6.24282741547, 4.91163635254, 1.90498054028, 10.4429655075, 2.6164791584, 9.61670875549, 2.9607527256, 8.23961448669, 0.550837755203, 0, 1.07872390747, 0, 0.619692444801, 1.2393848896, 3.07551074028, 2.11154460907, 0.481983006001, 7.84943771362, 7.59697055817, 0.8262565732], "tuning_nontempered_energy_ratio": 0.789244055748, "tuning_frequency": 445.112548828, "key_strength": 0.801783025265, "chords_changes_rate": 0.0628873109818, "key_scale": "minor", "hpcp_entropy": {"dmean": 0.590846121311, "dvar2": 0.625820457935, "mean": 1.72842466831, "var": 0.569277405739, "dmean2": 0.996990501881, "dvar": 0.231524780393, "min": 0, "median": 1.76314210892, "max": 4.22104644775}, "key_key": "F#", "chords_number_rate": 0.0041312831454}, "lowlevel": {"melbands_skewness": {"dmean": 0.670205295086, "dvar2": 1.39595723152, "mean": 1.48309874535, "var": 4.20424604416, "dmean2": 1.05413174629, "dvar": 0.606198966503, "min": -5.46300935745, "median": 1.14985251427, "max": 19.6047554016}, "melbands_kurtosis": {"dmean": 6.5377702713, "dvar2": 729.190612793, "mean": 12.8088912964, "var": 1232.88928223, "dmean2": 10.4527692795, "dvar": 332.091003418, "min": -1.92118108273, "median": 3.653465271, "max": 703.506164551}, "barkbands_kurtosis": {"dmean": 5.07703351974, "dvar2": 597.668395996, "mean": 8.98158740997, "var": 766.274108887, "dmean2": 7.89536809921, "dvar": 284.577301025, "min": -1.9088139534, "median": 2.29085683823, "max": 1085.34899902}, "hfc": {"dmean": 3.50648522377, "dvar2": 95.6913299561, "mean": 11.7561969757, "var": 287.575958252, "dmean2": 5.22482061386, "dvar": 42.64087677, "min": 1.10259701495e-16, "median": 4.64237213135, "max": 156.946243286}, "silence_rate_20dB": {"dmean": 0, "dvar2": 0, "mean": 1, "var": 0, "dmean2": 0, "dvar": 0, "min": 1, "median": 1, "max": 1}, "erbbands_flatness_db": {"dmean": 0.0199291072786, "dvar2": 0.000742673466448, "mean": 0.272044539452, "var": 0.00637622224167, "dmean2": 0.0303504317999, "dvar": 0.000342759944033, "min": 0.0332837812603, "median": 0.272337257862, "max": 0.616323709488}, "spectral_flux": {"dmean": 0.013993977569, "dvar2": 0.000852873665281, "mean": 0.045777913183, "var": 0.00151544972323, "dmean2": 0.0231427960098, "dvar": 0.000326254084939, "min": 6.72186056816e-11, "median": 0.036370202899, "max": 0.314868211746}, "spectral_energyband_low": {"dmean": 0.000562449276913, "dvar2": 7.19454919818e-06, "mean": 0.0011587261688, "var": 9.86199665931e-06, "dmean2": 0.000771712977439, "dvar": 3.58956253876e-06, "min": 2.98931677176e-23, "median": 0.000119184114737, "max": 0.0482206940651}, "spectral_rolloff": {"dmean": 231.797576904, "dvar2": 649703.1875, "mean": 1273.1463623, "var": 1319676.75, "dmean2": 396.710998535, "dvar": 270851.46875, "min": 86.1328125, "median": 1141.25976563, "max": 19401.4160156}, "spectral_entropy": {"dmean": 0.17130805552, "dvar2": 0.0611246973276, "mean": 6.78799962997, "var": 0.41947337985, "dmean2": 0.262661427259, "dvar": 0.0290213581175, "min": 3.6456451416, "median": 6.85699272156, "max": 9.82352352142}, "spectral_energy": {"dmean": 0.00446732668206, "dvar2": 0.000155805435497, "mean": 0.0140223018825, "var": 0.000383443461033, "dmean2": 0.00676746340469, "dvar": 6.62840539007e-05, "min": 1.0311974405e-20, "median": 0.00631863810122, "max": 0.197251603007}, "spectral_centroid": {"dmean": 152.197463989, "dvar2": 97990.59375, "mean": 1095.14343262, "var": 386090.9375, "dmean2": 234.896392822, "dvar": 49198.6445313, "min": 117.476928711, "median": 1012.2590332, "max": 11467.0546875}, "barkbands_flatness_db": {"dmean": 0.0224880799651, "dvar2": 0.000984045211226, "mean": 0.227076724172, "var": 0.00547021348029, "dmean2": 0.0345809236169, "dvar": 0.000449994346127, "min": 0.0152966594324, "median": 0.219272896647, "max": 0.544120550156}, "spectral_rms": {"dmean": 0.000497401691973, "dvar2": 8.76836509178e-07, "mean": 0.00292041595094, "var": 5.15140482094e-06, "dmean2": 0.000730746949557, "dvar": 3.97409394282e-07, "min": 3.17182326411e-12, "median": 0.00248284591362, "max": 0.0138722956181}, "melbands": {"dmean": [3.93786649511e-05, 0.000139804178616, 0.000118037001812, 8.58064304339e-05, 8.6669519078e-05, 3.51724738721e-05, 0.000137475566589, 0.000258823420154, 0.000258773681708, 0.000107267718704, 0.0001019998017, 8.47691117087e-05, 5.1676248404e-05, 0.00013460732589, 8.08761324151e-05, 3.37449200742e-05, 2.75286092801e-05, 1.70031435118e-05, 6.23248979537e-06, 4.20561354986e-06, 4.44788383902e-06, 3.41511986335e-06, 6.63261016598e-06, 5.94983112023e-06, 2.51713322541e-06, 9.54538336373e-07, 8.91819240678e-07, 9.88459532891e-07, 8.7882921207e-07, 4.50086560022e-07, 3.38044600312e-07, 2.32859804328e-07, 2.33506838754e-07, 1.27773489567e-07, 6.4583204562e-08, 3.17947410622e-08, 9.45502254268e-09, 2.5432271844e-09, 1.14281617503e-09, 9.27328991374e-10], "dvar2": [2.8579043132e-08, 3.30143393512e-07, 1.32906029648e-06, 3.3140730693e-07, 2.19864645601e-07, 2.82080279135e-08, 4.90712864121e-07, 1.75509319433e-06, 1.50371727159e-06, 3.98701814674e-07, 2.04269113624e-07, 1.85347246884e-07, 1.69584609466e-07, 4.92567266974e-07, 1.78264784267e-07, 2.65206754335e-08, 2.52477736495e-08, 8.87768880631e-09, 1.13007769809e-09, 5.64631341682e-10, 2.19692286585e-09, 2.65078514694e-10, 1.07553288498e-09, 9.63136570498e-10, 1.27785462767e-10, 2.26255229829e-11, 1.91326052223e-11, 3.65011840198e-11, 7.6816449035e-11, 1.56787118011e-11, 1.13816464933e-11, 1.70282494702e-12, 2.43884122966e-12, 5.1227560605e-13, 1.06937767289e-13, 2.97387745126e-14, 6.98868970033e-15, 1.57325067357e-16, 6.75504077049e-17, 9.97021571087e-17], "mean": [7.06935534254e-05, 0.000298957718769, 0.000169422331965, 0.000146384831169, 0.000152762993821, 6.70454537612e-05, 0.000270159071079, 0.000426340644481, 0.00048113061348, 0.000192436869838, 0.000186408098671, 0.000138848641654, 8.57094491948e-05, 0.000226352960453, 0.000138938994496, 5.92051655985e-05, 4.56944544567e-05, 3.19058563036e-05, 1.19249589261e-05, 8.12368671177e-06, 7.47368585508e-06, 6.44324973109e-06, 1.23696036098e-05, 1.17842637337e-05, 5.22680784343e-06, 1.90627554275e-06, 1.88296701253e-06, 2.11524866245e-06, 1.38296024943e-06, 6.81786275436e-07, 6.2360351194e-07, 4.61503304905e-07, 4.45514473313e-07, 2.77742884691e-07, 1.37576336101e-07, 5.99108673782e-08, 1.67035061338e-08, 4.8844608358e-09, 2.11657735782e-09, 1.47232459558e-09], "var": [3.34744356678e-08, 7.0808800956e-07, 6.63017431179e-07, 1.99237348397e-07, 1.42774538858e-07, 5.45108314043e-08, 1.64214657161e-06, 1.52003542553e-06, 2.25796134146e-06, 5.68616144392e-07, 2.37500756839e-07, 1.53921277501e-07, 1.03539733232e-07, 4.77881201277e-07, 2.38665990082e-07, 3.00842160073e-08, 1.95852969398e-08, 1.73597758391e-08, 2.14126361087e-09, 8.53440873527e-10, 9.6771557434e-10, 2.69099159622e-10, 9.12135089681e-10, 1.00272579129e-09, 1.80467946143e-10, 2.32905934122e-11, 2.83580121191e-11, 4.0052138689e-11, 3.29628616069e-11, 7.08032851099e-12, 5.07529825458e-12, 1.37247364081e-12, 1.41296804985e-12, 4.58464375405e-13, 1.10665864222e-13, 3.08239795721e-14, 2.84258814912e-15, 1.54501377148e-16, 4.96754581841e-17, 5.77293783189e-17], "dmean2": [5.45908842469e-05, 0.000180515606189, 0.000190843406017, 0.00014122511493, 0.000139868381666, 5.35176041012e-05, 0.000199287402211, 0.000405787606724, 0.000406193983508, 0.000165728255524, 0.000159935676493, 0.000137077411637, 8.28097472549e-05, 0.000211890612263, 0.000121964309074, 5.19358109159e-05, 4.19501629949e-05, 2.60451251961e-05, 9.50108551478e-06, 6.52570179227e-06, 7.31820728106e-06, 5.40517748959e-06, 1.05605749923e-05, 9.29551697482e-06, 3.93056689063e-06, 1.51006122451e-06, 1.38002496897e-06, 1.52146787968e-06, 1.44980378991e-06, 7.23434425254e-07, 5.40427379292e-07, 3.61645788871e-07, 3.73559117861e-07, 1.93373480784e-07, 9.83364003559e-08, 4.83652975447e-08, 1.48772665298e-08, 3.98609456553e-09, 1.74470671244e-09, 1.45673151319e-09], "dvar": [1.49728283105e-08, 2.13515718883e-07, 5.14207158631e-07, 1.21208415749e-07, 8.06517803653e-08, 1.47479797263e-08, 2.91858725632e-07, 7.09168034518e-07, 6.12444466697e-07, 1.73825327465e-07, 8.30544806263e-08, 7.07854965754e-08, 5.7601877046e-08, 2.00396570449e-07, 8.38856735186e-08, 1.13211315877e-08, 1.04403392598e-08, 3.92058385756e-09, 5.68126823364e-10, 2.49690074172e-10, 7.33895721972e-10, 1.10724936164e-10, 4.0662695433e-10, 3.8385480905e-10, 5.22863072283e-11, 9.06654265553e-12, 8.46316332986e-12, 1.47663027639e-11, 2.78541720938e-11, 6.04395223106e-12, 4.314936429e-12, 6.83511624036e-13, 8.99315452836e-13, 2.11598913304e-13, 4.44468782254e-14, 1.28008904475e-14, 2.63779802885e-15, 6.87387022857e-17, 3.03168179597e-17, 3.59476944697e-17], "min": [2.50391038306e-24, 1.66216956756e-24, 2.73744614595e-24, 2.52524709839e-24, 4.74005100374e-24, 3.56365350136e-24, 6.245877609e-24, 3.49650487224e-24, 7.24781418346e-24, 5.8500303622e-24, 3.15604414125e-24, 3.68648584962e-24, 4.65721350894e-24, 4.4974376212e-24, 6.42780944413e-24, 7.76528721576e-24, 4.21194136542e-24, 5.48513328416e-24, 6.18029053005e-24, 5.53248071569e-24, 4.42422659603e-24, 5.66822750583e-24, 8.25779753358e-24, 5.43629372223e-24, 4.82838212588e-24, 5.65621118209e-24, 5.23172473456e-24, 8.12274927977e-24, 7.73377932234e-24, 5.77162192696e-24, 5.25665550018e-24, 7.32882625412e-24, 9.19031158736e-24, 8.24755023042e-24, 7.08394805192e-24, 5.74365759673e-24, 5.05342718163e-24, 7.26225664891e-24, 9.67792938984e-24, 9.69627119475e-24], "median": [5.2073637562e-06, 2.36874147959e-05, 1.83256015589e-05, 3.36441880791e-05, 2.91693249892e-05, 1.26318072944e-05, 2.37502354139e-05, 6.36281474726e-05, 4.76086388517e-05, 1.86295637832e-05, 2.35857114603e-05, 1.30123098643e-05, 1.19691985674e-05, 1.43404813571e-05, 8.41898690851e-06, 7.05685079083e-06, 5.66503786104e-06, 3.22759206028e-06, 1.48218236973e-06, 9.77774334388e-07, 8.06629202543e-07, 9.33249111768e-07, 1.16053979582e-06, 9.28586018745e-07, 5.36736251888e-07, 2.86407271233e-07, 2.1647815629e-07, 1.54060785462e-07, 1.04323504502e-07, 9.19570055657e-08, 1.17727282145e-07, 5.71041169906e-08, 5.82700394602e-08, 5.68454723293e-08, 2.17079119125e-08, 8.33766566899e-09, 3.99347044322e-09, 1.24659416123e-09, 5.59610247031e-10, 2.78058825964e-10], "max": [0.00342200649902, 0.0125407408923, 0.0213443543762, 0.00913985539228, 0.00753297377378, 0.00544642750174, 0.0336547084153, 0.0252368822694, 0.0276497434825, 0.0142360115424, 0.00706757884473, 0.00635537831113, 0.0122334258631, 0.0117712523788, 0.0116186821833, 0.00297504221089, 0.00281833694316, 0.00361935561523, 0.00145854672883, 0.000644485000521, 0.00133223587181, 0.000330628827214, 0.000758702110033, 0.000573589582928, 0.00017385504907, 0.000101592479041, 9.16210192372e-05, 0.000125218502944, 0.000136603281135, 8.07547839941e-05, 0.000107060361188, 2.45425690082e-05, 2.75170787063e-05, 2.26588181249e-05, 8.73467706697e-06, 3.10612381327e-06, 3.18388833875e-06, 4.07176969475e-07, 2.99880042576e-07, 3.98386305278e-07]}, "barkbands_crest": {"dmean": 2.81115198135, "dvar2": 16.0385570526, "mean": 12.1144456863, "var": 25.3732128143, "dmean2": 4.58779525757, "dvar": 6.38005161285, "min": 2.46055960655, "median": 11.0842399597, "max": 26.8993301392}, "mfcc": {"icov": [[0.000890180177521, -0.00113668828271, 0.00128084374592, -0.00130644615274, 0.00130789296236, -0.00115648005158, 0.00152074126527, -0.00138409994543, 0.00121551810298, -0.00146452034824, 0.00121159316041, -0.00104816129897, 0.000568651244976], [-0.00113668828271, 0.0020053582266, -0.00171079393476, 0.00166081322823, -0.00152511533815, 0.00167184427846, -0.00189333257731, 0.00155846448615, -0.00145428138785, 0.00185546895955, -0.00158248422667, 0.00139667943586, -0.000865985115524], [0.00128084374592, -0.00171079393476, 0.00268886750564, -0.00245724990964, 0.00134674541187, -0.0010136453202, 0.00152211170644, -0.00191780063324, 0.00140103825834, -0.00182280759327, 0.00203635753132, -0.00201238249429, 0.00102760503069], [-0.00130644615274, 0.00166081322823, -0.00245724990964, 0.00479229493067, -0.00221068435349, 0.000622016203124, -0.000673177302815, 0.000560626154765, -0.00205324403942, 0.00251602940261, -0.00120863004122, 0.00145553436596, -0.00102035072632], [0.00130789296236, -0.00152511533815, 0.00134674541187, -0.00221068435349, 0.00512331956998, -0.00370977399871, 0.00204287003726, 6.98745498084e-05, 5.23593735124e-05, -0.00254240492359, 0.00127546221483, -0.000361045036698, -0.000226245974773], [-0.00115648005158, 0.00167184427846, -0.0010136453202, 0.000622016203124, -0.00370977399871, 0.00806421972811, -0.00355065101758, 0.000833855650853, -0.00088464730652, 0.000380078010494, -0.00248447153717, 0.00147963641211, -0.000112716094009], [0.00152074126527, -0.00189333257731, 0.00152211170644, -0.000673177302815, 0.00204287003726, -0.00355065101758, 0.00737848319113, -0.00439471937716, 0.00177991809323, -0.00320197967812, 0.00308400881477, -0.00297854677774, 0.000875174766406], [-0.00138409994543, 0.00155846448615, -0.00191780063324, 0.000560626154765, 6.98745498084e-05, 0.000833855650853, -0.00439471937716, 0.00826857984066, -0.0026987651363, 0.00202808668837, -0.00237516360357, 0.0012094626436, -0.00160130253062], [0.00121551810298, -0.00145428138785, 0.00140103825834, -0.00205324403942, 5.23593735124e-05, -0.00088464730652, 0.00177991809323, -0.0026987651363, 0.0115047730505, -0.00518199149519, 0.00263776653446, -0.00119426136371, 0.000715412199497], [-0.00146452034824, 0.00185546895955, -0.00182280759327, 0.00251602940261, -0.00254240492359, 0.000380078010494, -0.00320197967812, 0.00202808668837, -0.00518199149519, 0.0111124264076, -0.00473246118054, 0.00302749522962, -0.000472145387903], [0.00121159316041, -0.00158248422667, 0.00203635753132, -0.00120863004122, 0.00127546221483, -0.00248447153717, 0.00308400881477, -0.00237516360357, 0.00263776653446, -0.00473246118054, 0.0114930197597, -0.00729074003175, 0.00355254649185], [-0.00104816129897, 0.00139667943586, -0.00201238249429, 0.00145553436596, -0.000361045036698, 0.00147963641211, -0.00297854677774, 0.0012094626436, -0.00119426136371, 0.00302749522962, -0.00729074003175, 0.0151229687035, -0.0052804290317], [0.000568651244976, -0.000865985115524, 0.00102760503069, -0.00102035072632, -0.000226245974773, -0.000112716094009, 0.000875174766406, -0.00160130253062, 0.000715412199497, -0.000472145387903, 0.00355254649185, -0.0052804290317, 0.00954338163137]], "mean": [-791.955688477, 147.554199219, -31.1977310181, 10.6833438873, -24.176410675, 6.30581855774, -8.26185417175, 6.90187168121, -8.66086673737, -1.58279502392, 6.10010957718, 1.95550763607, -4.40194034576], "cov": [[17222.7421875, 3054.27563477, -3391.09204102, 346.543487549, -2382.41918945, -234.264007568, -807.624206543, 906.108703613, -689.619995117, -141.413635254, 76.7853469849, 142.740631104, -84.9370193481], [3054.27563477, 2048.24902344, 113.572624207, 30.9543495178, -340.01550293, -177.482345581, -25.0830059052, 148.698135376, -79.1476516724, -92.0737838745, -27.3290996552, 42.5358047485, 47.1309394836], [-3391.09204102, 113.572624207, 2041.20812988, 393.505249023, 475.434265137, 16.2424316406, 224.573120117, 12.5596590042, 176.4818573, -16.7734985352, -101.593307495, 34.0461044312, 70.2205734253], [346.543487549, 30.9543495178, 393.505249023, 556.685241699, 135.981811523, 76.5931243896, -50.1327171326, 85.6536026001, 52.989490509, -12.6452188492, -39.3508605957, -2.41725730896, 31.1181697845], [-2382.41918945, -340.01550293, 475.434265137, 135.981811523, 851.724365234, 252.054321289, 81.5434646606, -181.86328125, 190.493774414, 141.547119141, 4.77198839188, -62.717792511, 15.8700962067], [-234.264007568, -177.482345581, 16.2424316406, 76.5931243896, 252.054321289, 301.48828125, 105.488464355, 22.6171703339, 63.2051010132, 109.565429688, 48.99659729, -7.73890209198, -13.8872003555], [-807.624206543, -25.0830059052, 224.573120117, -50.1327171326, 81.5434646606, 105.488464355, 362.090759277, 108.437911987, 52.6734962463, 63.6865158081, 6.89978599548, 37.7311592102, 21.9847507477], [906.108703613, 148.698135376, 12.5596590042, 85.6536026001, -181.86328125, 22.6171703339, 108.437911987, 297.898834229, -6.03231668472, 3.16568374634, 14.8261222839, 48.2780532837, 25.1060886383], [-689.619995117, -79.1476516724, 176.4818573, 52.989490509, 190.493774414, 63.2051010132, 52.6734962463, -6.03231668472, 165.955703735, 76.9383392334, -4.55796337128, -15.8884811401, 4.26317930222], [-141.413635254, -92.0737838745, -16.7734985352, -12.6452188492, 141.547119141, 109.565429688, 63.6865158081, 3.16568374634, 76.9383392334, 196.228439331, 59.4482841492, -10.2983112335, -24.0214061737], [76.7853469849, -27.3290996552, -101.593307495, -39.3508605957, 4.77198839188, 48.99659729, 6.89978599548, 14.8261222839, -4.55796337128, 59.4482841492, 167.716766357, 52.4609985352, -27.8995018005], [142.740631104, 42.5358047485, 34.0461044312, -2.41725730896, -62.717792511, -7.73890209198, 37.7311592102, 48.2780532837, -15.8884811401, -10.2983112335, 52.4609985352, 120.570884705, 42.357963562], [-84.9370193481, 47.1309394836, 70.2205734253, 31.1181697845, 15.8700962067, -13.8872003555, 21.9847507477, 25.1060886383, 4.26317930222, -24.0214061737, -27.8995018005, 42.357963562, 144.611724854]]}, "spectral_decrease": {"dmean": 1.10721898317e-09, "dvar2": 9.67522887693e-18, "mean": -3.43275297077e-09, "var": 2.31946952783e-17, "dmean2": 1.67785729754e-09, "dvar": 4.10174422578e-18, "min": -4.95759273633e-08, "median": -1.56283519459e-09, "max": 1.06130981628e-28}, "zerocrossingrate": {"dmean": 0.00537019688636, "dvar2": 8.65298279678e-05, "mean": 0.048677302897, "var": 0.00117568532005, "dmean2": 0.00652301125228, "dvar": 6.1535203713e-05, "min": 0.0029296875, "median": 0.04443359375, "max": 0.51904296875}, "spectral_contrast_coeffs": {"dmean": [0.0439508967102, 0.046408623457, 0.03956630826, 0.0305106937885, 0.0201499443501, 0.0152288498357], "dvar2": [0.00333237368613, 0.00369372800924, 0.00265136710368, 0.00160869921092, 0.000703344936483, 0.000399574317271], "mean": [-0.634923636913, -0.699960529804, -0.73027908802, -0.730227530003, -0.770911216736, -0.709661841393], "var": [0.0115425251424, 0.0135738328099, 0.00937003083527, 0.00797517411411, 0.00531592685729, 0.00489460490644], "dmean2": [0.0720007792115, 0.0743502154946, 0.0642697438598, 0.0486059784889, 0.031578220427, 0.0233131460845], "dvar": [0.00127441121731, 0.00145606475417, 0.00102891295683, 0.00066311849514, 0.000316489080433, 0.000203972333111], "min": [-0.967639148235, -0.971734762192, -0.973462402821, -0.969201505184, -0.968417048454, -0.964004158974], "median": [-0.629635572433, -0.708802878857, -0.737647175789, -0.729168891907, -0.77271592617, -0.703226149082], "max": [-0.268575251102, -0.249985814095, -0.372065812349, -0.433536887169, -0.54753524065, -0.533210515976]}, "spectral_skewness": {"dmean": 0.404211729765, "dvar2": 0.479406744242, "mean": 2.09563922882, "var": 1.0801615715, "dmean2": 0.687090873718, "dvar": 0.16729529202, "min": -0.632920205593, "median": 1.86103653908, "max": 8.37048149109}, "spectral_energyband_middle_high": {"dmean": 0.00215832935646, "dvar2": 5.41162808076e-05, "mean": 0.00553449708968, "var": 9.06887362362e-05, "dmean2": 0.00328468647785, "dvar": 2.24348877964e-05, "min": 1.26551716988e-21, "median": 0.00165953440592, "max": 0.11175532639}, "gfcc": {"icov": [[0.000620066886768, -0.00103244849015, 0.00123578577768, -0.00106265128125, 0.000810393539723, -0.00033193238778, 0.000104019047285, -7.54031716497e-05, -0.000258843123447, 0.000787201803178, -0.000790343096014, 0.00110285228584, -7.9903868027e-05], [-0.00103244849015, 0.00292478781193, -0.00267782248557, 0.0022889545653, -0.00188469944987, 0.00139021791983, -0.000964745937381, 0.0014733140124, -0.00138979731128, 0.00102242268622, -0.000505385920405, -0.000379722943762, -0.000625411688816], [0.00123578577768, -0.00267782248557, 0.00343178701587, -0.00289977435023, 0.00206147041172, -0.0011702835327, 0.000949294888414, -0.00186480663251, 0.00145795568824, -0.000310091010761, 0.000199353889911, 0.00109843723476, 0.000763934163842], [-0.00106265128125, 0.0022889545653, -0.00289977435023, 0.00406355597079, -0.00201912713237, 0.000468113750685, -0.000502693408635, 0.00147740135435, -0.00210884958506, 0.00118116394151, 0.000407872779761, -0.00171869015321, -0.000648346671369], [0.000810393539723, -0.00188469944987, 0.00206147041172, -0.00201912713237, 0.00406932272017, -0.00246928515844, 0.000852816388942, -0.000629623653367, 0.00124920066446, -0.00216099969111, 0.0016480126651, 0.000989351421595, 0.000457842485048], [-0.00033193238778, 0.00139021791983, -0.0011702835327, 0.000468113750685, -0.00246928515844, 0.00554095162079, -0.00241284072399, 2.14667179534e-05, -0.000844136229716, 0.000448851351393, -0.00177907617763, 0.00158760824706, -0.000789486279245], [0.000104019047285, -0.000964745937381, 0.000949294888414, -0.000502693408635, 0.000852816388942, -0.00241284072399, 0.00661340774968, -0.00416480796412, 0.00303911813535, 6.0449106968e-05, -0.000873511831742, -0.000373764429241, 0.00195125641767], [-7.54031716497e-05, 0.0014733140124, -0.00186480663251, 0.00147740135435, -0.000629623653367, 2.14667179534e-05, -0.00416480796412, 0.0115313474089, -0.00554221728817, 0.00336557487026, -0.00234888261184, 0.000991305685602, -0.00181289040484], [-0.000258843123447, -0.00138979731128, 0.00145795568824, -0.00210884958506, 0.00124920066446, -0.000844136229716, 0.00303911813535, -0.00554221728817, 0.0124346874654, -0.00711819063872, 0.00323762302287, -0.00108896032907, 0.00251390365884], [0.000787201803178, 0.00102242268622, -0.000310091010761, 0.00118116394151, -0.00216099969111, 0.000448851351393, 6.0449106968e-05, 0.00336557487026, -0.00711819063872, 0.0148117756471, -0.00666635716334, 0.00433724233881, -0.00239535840228], [-0.000790343096014, -0.000505385920405, 0.000199353889911, 0.000407872779761, 0.0016480126651, -0.00177907617763, -0.000873511831742, -0.00234888261184, 0.00323762302287, -0.00666635716334, 0.0175382904708, -0.00871352944523, 0.00483433622867], [0.00110285228584, -0.000379722943762, 0.00109843723476, -0.00171869015321, 0.000989351421595, 0.00158760824706, -0.000373764429241, 0.000991305685602, -0.00108896032907, 0.00433724233881, -0.00871352944523, 0.0155456345528, -0.00473530823365], [-7.9903868027e-05, -0.000625411688816, 0.000763934163842, -0.000648346671369, 0.000457842485048, -0.000789486279245, 0.00195125641767, -0.00181289040484, 0.00251390365884, -0.00239535840228, 0.00483433622867, -0.00473530823365, 0.0125153269619]], "mean": [-170.694778442, 130.985168457, -161.438095093, 10.0323925018, -61.8847923279, -4.91590213776, -12.6629714966, -15.2589159012, -6.43857955933, -11.9184484482, -5.67041158676, -6.01145124435, -15.1816186905], "cov": [[20556.8613281, 3128.82568359, -4626.91943359, 94.4932403564, -1678.03833008, -688.776672363, 477.360534668, -297.483306885, 469.054931641, -1039.01245117, 578.718811035, -228.797592163, -127.848937988], [3128.82568359, 1822.30371094, 291.010742188, -16.241350174, -239.114379883, -202.629638672, 111.083053589, -28.3497924805, 48.7416381836, -238.98210144, 76.2507858276, -58.8637695313, -40.281047821], [-4626.91943359, 291.010742188, 2735.36230469, 536.655639648, 212.719894409, 169.825180054, -50.8803138733, 183.430007935, -114.331573486, 90.8583984375, -147.659317017, 40.230594635, -4.11555576324], [94.4932403564, -16.241350174, 536.655639648, 757.332214355, 121.074043274, 97.8148880005, -30.1721458435, 23.0321083069, 68.8741455078, -30.5184936523, -42.0803947449, 14.0371770859, 17.9389228821], [-1678.03833008, -239.114379883, 212.719894409, 121.074043274, 758.242919922, 284.345581055, -55.247718811, -0.62583899498, 14.9096593857, 186.393600464, -104.94430542, -72.1571121216, 15.262421608], [-688.776672363, -202.629638672, 169.825180054, 97.8148880005, 284.345581055, 402.271331787, 124.158836365, 77.6594696045, 1.10346066952, 67.1118240356, -2.15563750267, -43.0854072571, -15.8025684357], [477.360534668, 111.083053589, -50.8803138733, -30.1721458435, -55.247718811, 124.158836365, 326.505737305, 105.049217224, -41.9398155212, -65.0426940918, 70.8510818481, 1.89247727394, -46.3702507019], [-297.483306885, -28.3497924805, 183.430007935, 23.0321083069, -0.62583899498, 77.6594696045, 105.049217224, 166.396316528, 21.8665065765, -5.43374443054, 17.3099384308, 3.24951219559, -11.5617237091], [469.054931641, 48.7416381836, -114.331573486, 68.8741455078, 14.9096593857, 1.10346066952, -41.9398155212, 21.8665065765, 165.348571777, 45.9228401184, -1.06689834595, -24.0976238251, -7.92147302628], [-1039.01245117, -238.98210144, 90.8583984375, -30.5184936523, 186.393600464, 67.1118240356, -65.0426940918, -5.43374443054, 45.9228401184, 191.972335815, -15.5396108627, -18.6099948883, 7.54483032227], [578.718811035, 76.2507858276, -147.659317017, -42.0803947449, -104.94430542, -2.15563750267, 70.8510818481, 17.3099384308, -1.06689834595, -15.5396108627, 125.067214966, 40.449016571, -26.2631130219], [-228.797592163, -58.8637695313, 40.230594635, 14.0371770859, -72.1571121216, -43.0854072571, 1.89247727394, 3.24951219559, -24.0976238251, -18.6099948883, 40.449016571, 120.519096375, 25.2205543518], [-127.848937988, -40.281047821, -4.11555576324, 17.9389228821, 15.262421608, -15.8025684357, -46.3702507019, -11.5617237091, -7.92147302628, 7.54483032227, -26.2631130219, 25.2205543518, 104.975395203]]}, "erbbands_spread": {"dmean": 4.59221076965, "dvar2": 88.5983963013, "mean": 19.2545871735, "var": 249.272094727, "dmean2": 7.27251434326, "dvar": 37.4511032104, "min": 0.181468322873, "median": 15.3121004105, "max": 168.153106689}, "erbbands_kurtosis": {"dmean": 2.474868536, "dvar2": 64.0552444458, "mean": 4.09836101532, "var": 95.7875900269, "dmean2": 3.93705058098, "dvar": 27.3002872467, "min": -1.9113740921, "median": 1.6415014267, "max": 172.911483765}, "dynamic_complexity": 8.77389812469, "erbbands_crest": {"dmean": 3.35319399834, "dvar2": 23.2717437744, "mean": 13.7513980865, "var": 41.7030296326, "dmean2": 5.45990848541, "dvar": 9.05966281891, "min": 2.0519759655, "median": 12.4020214081, "max": 35.0137519836}, "erbbands": {"dmean": [0.00210825679824, 0.0668212473392, 0.318565994501, 0.571862459183, 1.14545917511, 1.51639544964, 2.4645690918, 1.44679331779, 8.82508850098, 19.5814037323, 34.5967330933, 17.919878006, 19.2980003357, 18.5589542389, 20.2885131836, 47.9562683105, 17.5310764313, 14.9204673767, 9.22018146515, 3.39633965492, 3.46297192574, 3.85329842567, 6.55017328262, 3.07177066803, 1.18195021152, 1.32932090759, 1.14003837109, 0.624586939812, 0.396716684103, 0.268150180578, 0.0958960354328, 0.0248334743083, 0.00345290615223, 0.00109435990453, 0.000267597788479, 2.96388625429e-05, 1.08614658529e-05, 5.23259950569e-06, 2.78557877209e-06, 5.18887327416e-06], "dvar2": [0.000111920962809, 0.0780294910073, 1.77764582634, 31.1382598877, 116.993667603, 81.8276596069, 184.370178223, 42.6870765686, 2242.01196289, 8776.37304688, 30535.1015625, 10736.0693359, 7004.27734375, 8669.39550781, 23713.3574219, 65821.3046875, 7034.85253906, 6566.57177734, 2227.96118164, 222.843078613, 1122.90539551, 298.777404785, 1196.73010254, 163.017974854, 25.2818126678, 49.4275817871, 109.559906006, 35.7083015442, 4.37646961212, 2.43118429184, 0.22222840786, 0.0205138400197, 0.000314713310217, 9.90779371932e-05, 7.32662738301e-06, 1.79591133076e-08, 1.3156969958e-09, 3.76418174408e-10, 5.62230539902e-11, 2.05871750203e-10], "mean": [0.00345588591881, 0.129498869181, 0.690924525261, 0.839166045189, 1.52044904232, 2.8182182312, 4.21303796768, 2.84301781654, 17.6818656921, 33.1998672485, 63.9157752991, 32.9027252197, 36.2546348572, 31.7400093079, 35.8452224731, 83.5643081665, 32.4756965637, 26.6913070679, 18.3799133301, 7.22291183472, 6.46402454376, 7.80455636978, 13.7414102554, 7.07833242416, 2.71694898605, 3.05461812019, 1.87538444996, 1.14782941341, 0.832150995731, 0.588205516338, 0.217809572816, 0.0490047223866, 0.00734773138538, 0.00202653137967, 0.000505384290591, 8.25088718557e-05, 3.50828086084e-05, 1.52623597387e-05, 1.01803752841e-05, 1.6765192413e-05], "var": [7.35649446142e-05, 0.128051817417, 4.02347564697, 17.050983429, 49.6557502747, 57.9396743774, 114.796920776, 81.4696273804, 8477.83789063, 8467.8125, 41759.0585938, 13082.75, 8620.13378906, 7155.00097656, 14214.875, 80275.6796875, 8257.41210938, 5405.10009766, 4737.04101563, 377.674468994, 535.986816406, 311.321807861, 1217.7755127, 286.812957764, 42.2484703064, 69.0174255371, 47.8727455139, 15.8433952332, 3.53175997734, 1.99934017658, 0.261129975319, 0.0154404863715, 0.000293399381917, 7.05816491973e-05, 3.58949819201e-06, 1.97409164571e-08, 1.95910732081e-09, 4.14152767636e-10, 1.50096546303e-10, 5.32995259039e-10], "dmean2": [0.00312464614399, 0.0886167287827, 0.411841899157, 0.921098828316, 1.88786530495, 2.48300790787, 3.97639703751, 2.20254445076, 12.6637277603, 30.5023174286, 54.5966339111, 27.7130374908, 30.3049755096, 29.9961509705, 32.4642105103, 74.006690979, 26.677904129, 22.680519104, 13.9521331787, 5.17590141296, 5.61476993561, 6.14249897003, 10.2000808716, 4.7527551651, 1.81985604763, 2.01052927971, 1.8582919836, 0.997218430042, 0.619871199131, 0.411109745502, 0.144274905324, 0.0379213951528, 0.00531706074253, 0.0016632823972, 0.000418262468884, 4.60912451672e-05, 1.67318612512e-05, 7.91912589193e-06, 4.17763794758e-06, 7.84270287113e-06], "dvar": [4.85728378408e-05, 0.0473363623023, 1.14053201675, 12.2091007233, 43.6541175842, 29.8148174286, 67.9527359009, 22.2830905914, 1407.94506836, 3766.60620117, 12082.8867188, 4479.79150391, 2888.59228516, 3306.19873047, 7877.38183594, 28519.9160156, 3297.47729492, 2720.92211914, 1003.23278809, 104.127449036, 378.363952637, 119.570732117, 471.172180176, 69.1335678101, 10.9689464569, 20.8574676514, 39.9193496704, 13.5390949249, 1.6917937994, 0.971802532673, 0.094168074429, 0.00835272762924, 0.000134045461891, 3.83953738492e-05, 2.48324340646e-06, 7.34416261139e-09, 5.78102066218e-10, 1.6388639057e-10, 2.45348689282e-11, 8.81782286077e-11], "min": [1.7016657426e-22, 2.05164217927e-21, 2.88647522223e-21, 1.0374654339e-20, 1.88940298058e-20, 7.25891700311e-20, 1.51391914029e-19, 1.56696041685e-19, 3.88205089705e-19, 3.67167844625e-19, 8.11473383299e-19, 7.9443475515e-19, 7.70264434254e-19, 9.77498044815e-19, 1.46264960704e-18, 2.15046238389e-18, 4.79966215119e-18, 3.02452283728e-18, 4.14596240619e-18, 5.25234542681e-18, 4.0823604889e-18, 6.32621321831e-18, 1.11774045858e-17, 7.32029530383e-18, 8.50905724164e-18, 1.36150826899e-17, 1.12433019293e-17, 1.09942179945e-17, 1.53713434675e-17, 1.61499933935e-17, 1.48157394849e-17, 8.88491074119e-18, 1.19000510756e-17, 1.16992198947e-17, 6.936739512e-18, 4.96358039728e-18, 2.7039099066e-18, 1.10522248621e-18, 2.74536799211e-19, 2.85761336393e-20], "median": [0.000356714823283, 0.00821197964251, 0.0496221408248, 0.0784562826157, 0.199154675007, 0.72789478302, 0.71934068203, 0.651715517044, 1.6490790844, 5.71676540375, 7.11259412766, 4.26193094254, 5.2702589035, 3.98388910294, 4.91136360168, 5.53794002533, 4.52890586853, 4.03488206863, 2.5771780014, 1.30736196041, 1.02313685417, 1.28083753586, 1.2955725193, 0.819052696228, 0.456871598959, 0.292774915695, 0.189869761467, 0.213891327381, 0.121248081326, 0.110498644412, 0.0378973409534, 0.0111931469291, 0.00207804958336, 0.000497222121339, 0.000139748735819, 4.08637824876e-05, 1.93771065824e-05, 7.88801935414e-06, 5.30967190571e-06, 7.62159106671e-06], "max": [0.305611401796, 6.05268669128, 31.4923171997, 117.677230835, 193.475875854, 220.96270752, 232.942642212, 209.235046387, 2511.12060547, 2061.43725586, 4212.92480469, 1953.65124512, 1409.05578613, 1485.23803711, 4408.39306641, 5274.33691406, 2812.48461914, 1373.74682617, 1657.45825195, 323.003662109, 946.879394531, 348.194244385, 749.862426758, 197.216049194, 109.060699463, 154.58265686, 176.172592163, 182.804626465, 31.5293540955, 46.2806396484, 12.4320716858, 4.32503604889, 0.474311411381, 0.390995055437, 0.102756336331, 0.00560962036252, 0.000901843130123, 0.000349379668478, 0.000108588821604, 0.000224047835218]}, "silence_rate_30dB": {"dmean": 0.00367351621389, "dvar2": 0.00867147091776, "mean": 0.995752990246, "var": 0.00422898959368, "dmean2": 0.00734787620604, "dvar": 0.00365993008018, "min": 0, "median": 1, "max": 1}, "silence_rate_60dB": {"dmean": 0.0454597622156, "dvar2": 0.0941295102239, "mean": 0.374196499586, "var": 0.234161823988, "dmean2": 0.0909299626946, "dvar": 0.0433949753642, "min": 0, "median": 0, "max": 1}, "spectral_energyband_middle_low": {"dmean": 0.00320668634959, "dvar2": 0.000117840856547, "mean": 0.00751135870814, "var": 0.000187278288649, "dmean2": 0.00495174061507, "dvar": 4.84877964482e-05, "min": 2.73113061231e-22, "median": 0.0026745214127, "max": 0.195611000061}, "spectral_spread": {"dmean": 281575.6875, "dvar2": 510275387392, "mean": 2880547.25, "var": 2747786330110.0