{"tonal": {"chords_key": "F#", "hpcp_entropy": {"dmean": 0.490624308586, "dmean2": 0.819016337395, "max": 4.37325143814, "dvar": 0.203109070659, "mean": 1.84205305576, "dvar2": 0.536721408367, "min": 0, "var": 0.435759931803, "median": 1.82681536674}, "key_key": "B", "chords_strength": {"dmean": 0.00727554550394, "dmean2": 0.00623417459428, "max": 0.762125372887, "dvar": 3.91957291868e-05, "mean": 0.493349850178, "dvar2": 3.69411354768e-05, "min": 0.232922777534, "var": 0.00557885831222, "median": 0.488919854164}, "key_scale": "major", "chords_number_rate": 0.00170972640626, "thpcp": [1, 0.616036653519, 0.14137686789, 0.0927244201303, 0.0961336120963, 0.240163728595, 0.402181446552, 0.270874083042, 0.0943547561765, 0.0683674961329, 0.0764370784163, 0.314249545336, 0.660324037075, 0.491239100695, 0.34630471468, 0.509565234184, 0.319203585386, 0.112675234675, 0.112473338842, 0.0973302274942, 0.244879826903, 0.465707093477, 0.313596189022, 0.0889400839806, 0.0672183334827, 0.0649972856045, 0.188557639718, 0.303301155567, 0.194873616099, 0.0801353529096, 0.0581970140338, 0.0654162690043, 0.184049189091, 0.263395309448, 0.203142389655, 0.558182418346], "key_strength": 0.821380198002, "tuning_nontempered_energy_ratio": 0.64102268219, "tuning_frequency": 439.238189697, "chords_changes_rate": 0.0391337387264, "tuning_diatonic_strength": 0.617518365383, "chords_scale": "major", "chords_histogram": [21.428571701, 14.2097263336, 36.6261405945, 4.57826757431, 11.2462005615, 0.550911843777, 2.24164128304, 0, 0.0379939228296, 0.0189969614148, 0.835866272449, 0, 0, 0, 0, 0, 0, 2.6975684166, 0, 1.48176288605, 0, 0.474923998117, 0, 3.57142853737], "tuning_equal_tempered_deviation": 0.0234843418002, "hpcp": {"dmean": [0.0379821807146, 0.0437393188477, 0.0936452075839, 0.100753083825, 0.121004901826, 0.10136590898, 0.0733404532075, 0.0749145969748, 0.0490872077644, 0.0428630895913, 0.0411268509924, 0.0665116384625, 0.0871790796518, 0.0768361836672, 0.038064096123, 0.0304112676531, 0.0315530635417, 0.051764190197, 0.0590505562723, 0.0528714358807, 0.0340760573745, 0.0262014940381, 0.0364597551525, 0.0926919654012, 0.0999512299895, 0.082048855722, 0.142185255885, 0.122432917356, 0.149879649282, 0.0866635814309, 0.0610270090401, 0.0613406971097, 0.0839974358678, 0.0854775235057, 0.0814809650183, 0.0523554421961], "dmean2": [0.0695543512702, 0.0801194310188, 0.160900950432, 0.16679777205, 0.208828836679, 0.176964819431, 0.123591177166, 0.125868484378, 0.0864725410938, 0.0745286643505, 0.0732532441616, 0.113032072783, 0.142054349184, 0.126808062196, 0.0665272474289, 0.0540099665523, 0.056731145829, 0.087603494525, 0.0977982506156, 0.0887240171432, 0.0603457689285, 0.0474438741803, 0.0661510154605, 0.164595976472, 0.174623712897, 0.143406674266, 0.243247255683, 0.203569248319, 0.258262246847, 0.159640431404, 0.114863939583, 0.114102914929, 0.146641969681, 0.144021078944, 0.138837441802, 0.0949397534132], "max": [1, 1, 1, 1, 1, 1, 1, 1, 1, 1, 1, 1, 1, 1, 1, 1, 1, 1, 1, 1, 1, 1, 1, 1, 1, 1, 1, 1, 1, 1, 1, 1, 1, 1, 1, 1], "dvar": [0.0135426698253, 0.0146755240858, 0.0245090480894, 0.0302875954658, 0.032694850117, 0.0260853022337, 0.0255983099341, 0.0188430435956, 0.0124252410606, 0.0111851738766, 0.0103037972003, 0.0137737579644, 0.020380333066, 0.0150244710967, 0.00940031185746, 0.00944892410189, 0.0091005852446, 0.0141340643167, 0.016744684428, 0.0131531925872, 0.00935032404959, 0.00732011348009, 0.00927388854325, 0.0448978915811, 0.0395591035485, 0.0210387483239, 0.0320239551365, 0.0370588898659, 0.036337133497, 0.030225628987, 0.0300881713629, 0.027344994247, 0.0277338065207, 0.0287470314652, 0.0257660895586, 0.0187828801572], "mean": [0.0324300788343, 0.0362578816712, 0.149064078927, 0.313224285841, 0.233018964529, 0.164269432425, 0.241711944342, 0.15141402185, 0.0534474290907, 0.0533516593277, 0.0461685322225, 0.116158597171, 0.220907866955, 0.148754164577, 0.0421886742115, 0.0318849757314, 0.0308314207941, 0.0894422009587, 0.143870711327, 0.0924381762743, 0.0380121544003, 0.0276057180017, 0.0310301650316, 0.0873036161065, 0.124941408634, 0.0963604673743, 0.264773488045, 0.474349379539, 0.292216598988, 0.0670620277524, 0.043983772397, 0.0456009209156, 0.113921515644, 0.190774515271, 0.128488957882, 0.0447571203113], "dvar2": [0.0376380570233, 0.0422644168139, 0.0685525685549, 0.0688307583332, 0.0895104035735, 0.0734118297696, 0.0596483647823, 0.0493353642523, 0.0332514308393, 0.0302163697779, 0.028974192217, 0.0371676422656, 0.0482923351228, 0.0395062193274, 0.0259153023362, 0.0268761962652, 0.0247214417905, 0.0379117615521, 0.0412650331855, 0.0339779891074, 0.0258520450443, 0.0202443450689, 0.0258440971375, 0.120744556189, 0.103328831494, 0.0583018511534, 0.0875587537885, 0.085116058588, 0.101541273296, 0.0848022252321, 0.0849410295486, 0.0782555937767, 0.0776107609272, 0.0716975107789, 0.0691689252853, 0.052530054003], "min": [0, 0, 0, 0, 0, 0, 0, 0, 0, 0, 0, 0, 0, 0, 0, 0, 0, 0, 0, 0, 0, 0, 0, 0, 0, 0, 0, 0, 0, 0, 0, 0, 0, 0, 0, 0], "var": [0.00948450528085, 0.0101307621226, 0.03767741099, 0.139098525047, 0.0803847536445, 0.0505374744534, 0.135929197073, 0.0549733303487, 0.0114318821579, 0.0125649766997, 0.00896063726395, 0.0271351002157, 0.0760223641992, 0.0337389037013, 0.0080002034083, 0.00688710901886, 0.00726203946397, 0.0324086286128, 0.0708697587252, 0.0267947111279, 0.00768554396927, 0.00541888736188, 0.00668245973065, 0.036547485739, 0.0497343018651, 0.0252830777317, 0.0636605024338, 0.166551798582, 0.0778949186206, 0.0218866541982, 0.0198568347842, 0.0177599918097, 0.0372053384781, 0.0934763476253, 0.046099383384, 0.0134995644912], "median": [0.00938736833632, 0.0102073550224, 0.0559850595891, 0.1071690768, 0.0851496309042, 0.052283026278, 0.0303903184831, 0.0247365124524, 0.0195594541728, 0.0149696897715, 0.0152356894687, 0.0482169985771, 0.102000564337, 0.0750846415758, 0.0188358612359, 0.0112030655146, 0.00942493602633, 0.0166452713311, 0.0244953390211, 0.0239821970463, 0.0151927741244, 0.0111797088757, 0.0082770427689, 0.0225317776203, 0.0346489846706, 0.0374045521021, 0.185851454735, 0.357166618109, 0.210363119841, 0.0162052959204, 0.00680120754987, 0.00903570186347, 0.0242437701672, 0.0374706685543, 0.0268744900823, 0.0116834379733]}}, "lowlevel": {"melbands_flatness_db": {"dmean": 0.0184251777828, "dmean2": 0.0282801389694, "max": 0.736661195755, "dvar": 0.00049536844017, "mean": 0.204043239355, "dvar2": 0.00106290390249, "min": 0.00632179761305, "var": 0.00671142339706, "median": 0.180866509676}, "melbands_crest": {"dmean": 2.44690203667, "dmean2": 4.06393289566, "max": 34.7629814148, "dvar": 7.29349708557, "mean": 13.6790838242, "dvar2": 19.6037254333, "min": 2.17593383789, "var": 21.8197307587, "median": 12.8658561707}, "spectral_entropy": {"dmean": 0.122244082391, "dmean2": 0.177731871605, "max": 9.80607700348, "dvar": 0.0285069067031, "mean": 7.52216625214, "dvar2": 0.053545050323, "min": 4.61714601517, "var": 0.31499812007, "median": 7.70523929596}, "melbands": {"dmean": [0.000714211899322, 0.00114928989206, 0.000777268200181, 0.000847345450893, 0.000276392529486, 0.000238998560235, 0.000210319049074, 0.000161225529155, 0.000108703061414, 0.000130604981678, 9.30722890189e-05, 5.81762506044e-05, 3.06463334709e-05, 3.03686647385e-05, 2.95117315545e-05, 3.76847965526e-05, 2.38846751017e-05, 2.30775749515e-05, 2.84607504e-05, 2.7769810913e-05, 1.80270508281e-05, 1.52849934238e-05, 1.28233650685e-05, 7.07872277417e-06, 5.96130257691e-06, 6.48607647236e-06, 5.13140412295e-06, 3.49082074536e-06, 3.70912289327e-06, 2.63306696979e-06, 2.13843259189e-06, 2.43714407588e-06, 2.09190375244e-06, 1.86885620224e-06, 1.35775962917e-06, 9.64296646089e-07, 6.81901212829e-07, 6.60277976294e-07, 5.93716833919e-07, 3.74358620547e-07], "dmean2": [0.00114611559547, 0.00195872108452, 0.00129434105475, 0.00142341083847, 0.000458213646198, 0.000383480917662, 0.00031367468182, 0.000237098516664, 0.00015959564189, 0.000188413556316, 0.00013514640159, 8.68686765898e-05, 4.62217612949e-05, 4.65923803858e-05, 4.45629411843e-05, 5.82101893087e-05, 3.77476681024e-05, 3.65093474102e-05, 4.66041819891e-05, 4.51451596746e-05, 2.95037025353e-05, 2.53598027484e-05, 2.12112408917e-05, 1.17180270536e-05, 1.01289460872e-05, 1.09275169962e-05, 8.58865405462e-06, 5.76561660637e-06, 6.25742450211e-06, 4.40101393906e-06, 3.49807669409e-06, 3.80833466807e-06, 3.26107351611e-06, 2.8629094686e-06, 2.04570528695e-06, 1.41950465604e-06, 1.02246940514e-06, 1.01117620943e-06, 9.07184357857e-07, 5.65004654618e-07], "max": [0.0333630740643, 0.0384492687881, 0.0164749305695, 0.0185656975955, 0.00881898030639, 0.00857828464359, 0.0112259658054, 0.00669529149309, 0.00539877358824, 0.00752783939242, 0.00477812532336, 0.00367094809189, 0.00157835381106, 0.00197512493469, 0.00253921025433, 0.00234410329722, 0.00158691569231, 0.00148248393089, 0.00145508733112, 0.00172983284574, 0.00192960340064, 0.0005323375226, 0.000762607029174, 0.000606225512456, 0.000246275012614, 0.000224721065024, 0.000200346272322, 0.000141665514093, 0.000116169518151, 8.63789173309e-05, 0.000133971436298, 0.000167461665114, 0.000199546382646, 0.000172656858922, 0.000120563803648, 7.34315835871e-05, 6.54213145026e-05, 4.72536776215e-05, 6.98860094417e-05, 3.58158358722e-05], "dvar": [5.1798729146e-06, 8.10407527752e-06, 1.3332604567e-06, 1.50489256612e-06, 1.77018250724e-07, 2.10765918496e-07, 1.81717865644e-07, 8.0724632312e-08, 4.66934935162e-08, 7.74451578422e-08, 3.55514018224e-08, 1.56862380862e-08, 3.04579361732e-09, 3.66035024513e-09, 5.30629540307e-09, 6.94082613606e-09, 2.42142084161e-09, 2.42691911012e-09, 2.86505530411e-09, 2.78032330492e-09, 1.13619902375e-09, 6.10144545998e-10, 4.84253803723e-10, 2.60483468129e-10, 9.85050235824e-11, 8.50001180552e-11, 5.74834346789e-11, 3.98940429303e-11, 3.99718660948e-11, 2.11027514907e-11, 2.2293557625e-11, 2.50106810262e-11, 2.47238583773e-11, 2.27795716318e-11, 1.34602919089e-11, 7.08449401574e-12, 3.73272029605e-12, 2.73990270576e-12, 1.74090462098e-12, 6.34547264993e-13], "mean": [0.00127550784964, 0.00278086797334, 0.00224015582353, 0.00204500812106, 0.000604947155807, 0.000473611638881, 0.000533090264071, 0.000447195430752, 0.000277357990853, 0.00031835041591, 0.000222345930524, 0.000130521453684, 6.92426037858e-05, 6.49073772365e-05, 5.81233543926e-05, 8.05136587587e-05, 5.33837373951e-05, 4.76219029224e-05, 5.47003437532e-05, 6.34666503174e-05, 4.13899506384e-05, 3.42929452017e-05, 3.03219931084e-05, 1.61464286066e-05, 1.44349996845e-05, 1.66082736541e-05, 1.2762670849e-05, 8.19204433355e-06, 8.62401338964e-06, 6.05065770287e-06, 4.49008985015e-06, 5.56235363547e-06, 4.54371092928e-06, 3.92773472413e-06, 2.94221990771e-06, 2.05692867894e-06, 1.49164156937e-06, 1.50787650455e-06, 1.39760868478e-06, 8.90093986072e-07], "dvar2": [1.25276646941e-05, 2.23535134865e-05, 3.62556147593e-06, 4.51723371953e-06, 4.71281111913e-07, 5.58990564059e-07, 4.66301003144e-07, 1.91777900227e-07, 9.93089486201e-08, 1.64466143815e-07, 8.16185661279e-08, 3.48586581822e-08, 6.63693278113e-09, 8.56313064901e-09, 1.09974243045e-08, 1.63033941902e-08, 5.76121284013e-09, 5.69991831512e-09, 7.31781391039e-09, 7.04147806729e-09, 2.46764253475e-09, 1.58634505532e-09, 1.16779053094e-09, 6.60996535284e-10, 2.71007050134e-10, 2.35360175793e-10, 1.49075043976e-10, 1.01617651793e-10, 1.11965201e-10, 5.56095967885e-11, 5.62301594176e-11, 5.80255739291e-11, 5.14402374863e-11, 4.63335099454e-11, 2.62870784168e-11, 1.26903773948e-11, 6.17270037168e-12, 5.6885013193e-12, 3.70989480455e-12, 1.25951679641e-12], "min": [7.02663099627e-24, 1.58669242111e-23, 1.48891626735e-23, 1.95769749137e-23, 4.74771399857e-24, 8.44419116598e-24, 8.16264197574e-24, 1.49231341796e-23, 1.10329234234e-23, 1.21654989137e-23, 4.68774755357e-24, 7.25877225029e-24, 3.06386692776e-24, 2.18370128922e-24, 7.18802720431e-24, 9.10638309793e-24, 9.61601248625e-24, 6.96954665458e-24, 1.46313408416e-23, 1.02360382251e-23, 6.01386927804e-24, 6.21167417787e-24, 4.65661121364e-24, 8.72710508559e-24, 7.06896363902e-24, 5.85506960567e-24, 4.29787356155e-24, 9.84010657018e-24, 7.02142214771e-24, 1.04442880377e-23, 1.18261057087e-23, 1.07890644295e-23, 8.24445947339e-24, 8.66770938145e-24, 1.03826764233e-23, 8.04493288463e-24, 7.22604398905e-24, 1.17176830882e-23, 1.00298875713e-23, 1.10390102742e-23], "var": [6.78767264617e-06, 9.24829328142e-06, 3.47919899468e-06, 3.18112324749e-06, 3.97508898686e-07, 4.21011691287e-07, 4.27610387987e-07, 3.03383728806e-07, 1.89192221001e-07, 2.66139238647e-07, 1.37318139082e-07, 6.99873439203e-08, 1.0800595085e-08, 1.15589369187e-08, 1.4531244652e-08, 2.35160886319e-08, 7.44242756312e-09, 8.01530664063e-09, 7.71493091634e-09, 1.01920507589e-08, 5.16551068586e-09, 1.903593283e-09, 1.15979870152e-09, 3.67382124722e-10, 2.09659289929e-10, 2.72117661737e-10, 1.94183807922e-10, 1.06277958656e-10, 1.13700070192e-10, 5.14796816287e-11, 3.90200198541e-11, 6.35800856408e-11, 6.39199942976e-11, 6.52092269071e-11, 4.01092284386e-11, 2.28832803401e-11, 1.14621784286e-11, 6.72602772089e-12, 4.05580603824e-12, 1.67764998941e-12], "median": [0.000587424088735, 0.00206935824826, 0.00180353643373, 0.0015563366469, 0.000407972343965, 0.000268297910225, 0.000321121478919, 0.00023867674463, 0.000120320517453, 0.000153494343976, 0.000105319602881, 5.60070766369e-05, 3.77213364118e-05, 3.75478157366e-05, 2.58843901975e-05, 3.84900995414e-05, 2.73263631243e-05, 2.20573801926e-05, 2.86201975541e-05, 2.99559487758e-05, 2.41100951826e-05, 2.18702989514e-05, 2.28999597311e-05, 1.3175867025e-05, 1.23620193335e-05, 1.37448751047e-05, 1.01645573523e-05, 5.77965511184e-06, 5.96776271777e-06, 4.1536441131e-06, 2.95995619126e-06, 3.10869768327e-06, 2.50631364906e-06, 2.07112429962e-06, 1.46087108988e-06, 9.22418450955e-07, 7.44202282021e-07, 8.25110532787e-07, 8.67949438543e-07, 5.62663501569e-07]}, "silence_rate_60dB": {"dmean": 0.0026600798592, "dmean2": 0.00532066496089, "max": 1, "dvar": 0.00265348120593, "mean": 0.00921440124512, "dvar2": 0.00605103932321, "min": 0, "var": 0.00912865623832, "median": 0}, "spectral_energyband_middle_high": {"dmean": 0.00135217013303, "dmean2": 0.0020735624712, "max": 0.0466862954199, "dvar": 3.60259787158e-06, "mean": 0.00638284068555, "dvar2": 8.56732640386e-06, "min": 1.03265643685e-21, "var": 2.70052532869e-05, "median": 0.00559630431235}, "erbbands_skewness": {"dmean": 0.256597846746, "dmean2": 0.381676703691, "max": 7.91621780396, "dvar": 0.0827622115612, "mean": 0.3583086133, "dvar2": 0.165247499943, "min": -3.57296776772, "var": 0.583990156651, "median": 0.267539203167}, "dynamic_complexity": 1.56345522404, "dissonance": {"dmean": 0.0153510738164, "dmean2": 0.0254069846123, "max": 0.500000059605, "dvar": 0.000303496781271, "mean": 0.458550930023, "dvar2": 0.000824221177027, "min": 0.191306188703, "var": 0.00134040717967, "median": 0.469755679369}, "spectral_skewness": {"dmean": 0.187575027347, "dmean2": 0.293793529272, "max": 13.3788423538, "dvar": 0.104199782014, "mean": 1.73985612392, "dvar2": 0.24317355454, "min": 0.0213521644473, "var": 1.20901334286, "median": 1.55104899406}, "spectral_kurtosis": {"dmean": 1.67724049091, "dmean2": 2.75428795815, "max": 259.928497314, "dvar": 32.6196708679, "mean": 6.55388975143, "dvar2": 84.5865402222, "min": -1.16062450409, "var": 331.367584229, "median": 3.96525526047}, "gfcc": {"cov": [[5521.09570312, -1626.81530762, -930.422180176, 344.41305542, -81.8994216919, 211.087615967, -94.4320678711, 357.245788574, 21.5114555359, 218.57963562, -243.938919067, 4.34756183624, -134.734649658], [-1626.81530762, 1146.77941895, 238.822433472, -157.17855835, 170.546630859, -101.304328918, 141.630355835, -75.5906677246, 53.5782814026, -58.7829971313, 157.583084106, -24.1068878174, 89.4879150391], [-930.422180176, 238.822433472, 589.182189941, -24.8792476654, 33.5659599304, -2.66672182083, -5.43327474594, -74.4342727661, 10.7703437805, -0.187248766422, 25.9026927948, 33.2062416077, 12.6606349945], [344.41305542, -157.17855835, -24.8792476654, 423.806274414, 51.4456481934, 20.3679046631, -19.625038147, 3.55543088913, 38.448589325, -1.84004616737, 16.1524982452, -14.0758466721, 84.0939941406], [-81.8994216919, 170.546630859, 33.5659599304, 51.4456481934, 211.974349976, -4.05247211456, 36.3312187195, 36.0905761719, 51.5857582092, 19.2949409485, 17.1567020416, 2.35947537422, 42.9755935669], [211.087615967, -101.304328918, -2.66672182083, 20.3679046631, -4.05247211456, 142.588104248, 57.5197372437, 15.8285198212, -2.34090948105, 19.0469512939, -3.45663261414, -3.00618600845, -13.6981048584], [-94.4320678711, 141.630355835, -5.43327474594, -19.625038147, 36.3312187195, 57.5197372437, 184.368270874, 39.7202568054, 11.801823616, 15.1590766907, 47.1858215332, -1.31367564201, 9.15298271179], [357.245788574, -75.5906677246, -74.4342727661, 3.55543088913, 36.0905761719, 15.8285198212, 39.7202568054, 135.394042969, 52.2667198181, 36.2646560669, -9.76317691803, 7.43337202072, 2.03693413734], [21.5114555359, 53.5782814026, 10.7703437805, 38.448589325, 51.5857582092, -2.34090948105, 11.801823616, 52.2667198181, 107.604072571, 38.1413955688, 12.7579193115, -9.56555652618, 25.47797966], [218.57963562, -58.7829971313, -0.187248766422, -1.84004616737, 19.2949409485, 19.0469512939, 15.1590766907, 36.2646560669, 38.1413955688, 87.8046646118, 18.1219348907, 1.22166478634, -12.0218009949], [-243.938919067, 157.583084106, 25.9026927948, 16.1524982452, 17.1567020416, -3.45663261414, 47.1858215332, -9.76317691803, 12.7579193115, 18.1219348907, 98.8576431274, 10.4378995895, 23.2975730896], [4.34756183624, -24.1068878174, 33.2062416077, -14.0758466721, 2.35947537422, -3.00618600845, -1.31367564201, 7.43337202072, -9.56555652618, 1.22166478634, 10.4378995895, 69.4099578857, 7.04864454269], [-134.734649658, 89.4879150391, 12.6606349945, 84.0939941406, 42.9755935669, -13.6981048584, 9.15298271179, 2.03693413734, 25.47797966, -12.0218009949, 23.2975730896, 7.04864454269, 91.3000106812]], "mean": [40.9728088379, 87.7858505249, -100.737487793, 29.0956382751, -55.1595077515, 6.94323730469, -41.2566108704, 5.81560564041, -25.8925151825, -0.748145163059, -24.9257144928, -2.5142595768, -17.2740058899], "icov": [[0.000527405703906, 0.000291187141556, 0.000587883056141, -0.000400588323828, -5.77679711569e-05, -0.000295704026939, 0.000130824992084, -0.00067386624869, 0.000329398870235, -0.0010251046624, 0.000707787054125, -0.000312348041916, 0.000381700869184], [0.000291187141556, 0.00296269753017, -0.000358870165655, 0.00148046913091, -0.00184367853217, 0.0014139378909, -0.00151900737546, 0.00106845528353, -0.00145762192551, 0.00228538224474, -0.00308548845351, 0.00181062333286, -0.00122437567916], [0.000587883056141, -0.000358870165655, 0.00285969628021, -0.000660109333694, -1.42440367199e-05, -0.000897916790564, 0.000436692032963, 0.000656237942167, -0.000245920091402, -0.00195069913752, 0.00162979285233, -0.00208989228122, 0.000801559363026], [-0.000400588323828, 0.00148046913091, -0.000660109333694, 0.00450876029208, -0.00135894818231, 2.15793788811e-05, -3.48783250956e-05, 0.00143226515502, -0.00159830297343, 0.00251802126877, -0.00304410606623, 0.00227309716865, -0.00411029253155], [-5.77679711569e-05, -0.00184367853217, -1.42440367199e-05, -0.00135894818231, 0.00717554986477, -0.000381046935217, -9.72957859631e-05, -0.00155608064961, -0.0005835959455, -0.00236459821463, 0.00256683398038, -0.00131248519756, -0.0011169470381], [-0.000295704026939, 0.0014139378909, -0.000897916790564, 2.15793788811e-05, -0.000381046935217, 0.0101910810918, -0.00461364118382, 0.0013801936293, -0.000317694240948, 4.94531332151e-06, -0.000178035494173, 0.00109767355025, 0.000472479034215], [0.000130824992084, -0.00151900737546, 0.000436692032963, -3.48783250956e-05, -9.72957859631e-05, -0.00461364118382, 0.00961389485747, -0.00407322868705, 0.00212585390545, -0.000647480948828, -0.00272369594313, 0.000371474219719, 0.000122001809359], [-0.00067386624869, 0.00106845528353, 0.000656237942167, 0.00143226515502, -0.00155608064961, 0.0013801936293, -0.00407322868705, 0.014447084628, -0.00691860960796, -0.000100236851722, 0.00121284835041, -0.00218997104093, -0.00064927956555], [0.000329398870235, -0.00145762192551, -0.000245920091402, -0.00159830297343, -0.0005835959455, -0.000317694240948, 0.00212585390545, -0.00691860960796, 0.0172744225711, -0.0073340497911, 0.00133653380908, 0.00264106504619, -0.00274188607], [-0.0010251046624, 0.00228538224474, -0.00195069913752, 0.00251802126877, -0.00236459821463, 4.94531332151e-06, -0.000647480948828, -0.000100236851722, -0.0073340497911, 0.021574864164, -0.00917141605169, 0.00212151068263, 0.0024433422368], [0.000707787054125, -0.00308548845351, 0.00162979285233, -0.00304410606623, 0.00256683398038, -0.000178035494173, -0.00272369594313, 0.00121284835041, 0.00133653380908, -0.00917141605169, 0.0200437009335, -0.0053948815912, -0.000621121725999], [-0.000312348041916, 0.00181062333286, -0.00208989228122, 0.00227309716865, -0.00131248519756, 0.00109767355025, 0.000371474219719, -0.00218997104093, 0.00264106504619, 0.00212151068263, -0.0053948815912, 0.0183682516217, -0.00374451326206], [0.000381700869184, -0.00122437567916, 0.000801559363026, -0.00411029253155, -0.0011169470381, 0.000472479034215, 0.000122001809359, -0.00064927956555, -0.00274188607, 0.0024433422368, -0.000621121725999, -0.00374451326206, 0.0185243431479]]}, "spectral_complexity": {"dmean": 3.03876113892, "dmean2": 4.95828962326, "max": 58, "dvar": 10.0832710266, "mean": 24.9677028656, "dvar2": 23.4878482819, "min": 0, "var": 126.22215271, "median": 28}, "spectral_flux": {"dmean": 0.0201907902956, "dmean2": 0.0322708897293, "max": 0.349895715714, "dvar": 0.000689995475113, "mean": 0.0803818777204, "dvar2": 0.00157738546841, "min": 1.00646990742e-10, "var": 0.00180894881487, "median": 0.0723625719547}, "spectral_energyband_low": {"dmean": 0.00477208150551, "dmean2": 0.00800904165953, "max": 0.14060652256, "dvar": 0.000108159409137, "mean": 0.0129936886951, "dvar2": 0.000285786780296, "min": 7.86640987525e-23, "var": 0.000178936941666, "median": 0.00977358967066}, "spectral_decrease": {"dmean": 2.10001505074e-09, "dmean2": 3.45222250786e-09, "max": 1.52903369959e-28, "dvar": 9.02978728958e-18, "mean": -9.96279858612e-09, "dvar2": 2.38745599868e-17, "min": -4.31436291137e-08, "var": 1.92499883967e-17, "median": -9.7617887107e-09}, "barkbands_spread": {"dmean": 3.66525030136, "dmean2": 5.60923433304, "max": 101.0652771, "dvar": 25.564453125, "mean": 21.1560554504, "dvar2": 50.9422912598, "min": 0.256743460894, "var": 149.349594116, "median": 20.7389850616}, "spectral_rms": {"dmean": 0.000597547972575, "dmean2": 0.000970006280113, "max": 0.012702729553, "dvar": 5.40396456472e-07, "mean": 0.00608715740964, "dvar2": 1.38615507694e-06, "min": 3.14368366408e-12, "var": 2.03661784326e-06, "median": 0.00620635785162}, "spectral_centroid": {"dmean": 161.560546875, "dmean2": 253.515228271, "max": 10776.0791016, "dvar": 46950.2265625, "mean": 1166.79418945, "dvar2": 94717.734375, "min": 178.986312866, "var": 315102.21875, "median": 1191.1081543}, "barkbands_skewness": {"dmean": 0.392499685287, "dmean2": 0.614202260971, "max": 9.9972858429, "dvar": 0.232175603509, "mean": 1.8226531744, "dvar2": 0.530276656151, "min": -3.51494908333, "var": 1.25621128082, "median": 1.56581330299}, "spectral_rolloff": {"dmean": 312.738586426, "dmean2": 515.151428223, "max": 19509.0820312, "dvar": 403381.71875, "mean": 1231.75354004, "dvar2": 761806.375, "min": 21.533203125, "var": 1189960.625, "median": 968.994140625}, "erbbands_spread": {"dmean": 5.94072723389, "dmean2": 9.03624725342, "max": 142.318634033, "dvar": 55.3655929565, "mean": 42.8031387329, "dvar2": 118.033798218, "min": 1.93566679955, "var": 306.075653076, "median": 42.4819107056}, "barkbands": {"dmean": [0.0002266484953, 0.00271723326296, 0.0023806754034, 0.00165244436357, 0.0034201645758, 0.00104753882624, 0.00108567054849, 0.00063162308652, 0.000937159173191, 0.000399397686124, 0.000305187277263, 0.000290826748824, 0.000321378291119, 0.000300505256746, 0.000333581323503, 0.000324692489812, 0.000243001035415, 0.000175394772668, 0.000147244951222, 0.00012148226233, 9.89530890365e-05, 0.000103710415715, 7.75962762418e-05, 5.09715464432e-05, 3.50695263478e-05, 1.89472648344e-05, 4.48441232948e-06], "dmean2": [0.000306690868456, 0.00456672068685, 0.00404662638903, 0.00278023863211, 0.00572482077405, 0.00168480048887, 0.00159633462317, 0.000931755872443, 0.00135088502429, 0.000601235951763, 0.000452681648312, 0.000443756929599, 0.000496694818139, 0.00047407267266, 0.000546152936295, 0.000525950454175, 0.000401138473535, 0.000290523370495, 0.000247792486334, 0.000201590984943, 0.000164659169968, 0.00015798433742, 0.00011398235074, 7.53321874072e-05, 5.11295329488e-05, 2.81936881947e-05, 6.81291203364e-06], "max": [0.0174817964435, 0.105872109532, 0.0800457373261, 0.0387285873294, 0.0738063678145, 0.0375031232834, 0.0502200648189, 0.0314711928368, 0.0440844744444, 0.0364430733025, 0.0225984044373, 0.0165474899113, 0.0170429050922, 0.0132716204971, 0.0143290758133, 0.0230600181967, 0.0115258488804, 0.0156198255718, 0.00477713532746, 0.00391107518226, 0.00348929432221, 0.00973582919687, 0.00702453777194, 0.00358449690975, 0.00358734815381, 0.000931623508222, 0.000185009950656], "dvar": [7.61987564601e-07, 5.52292076463e-05, 3.03869128402e-05, 6.87539613864e-06, 2.33853716054e-05, 4.04058982895e-06, 4.25577309215e-06, 1.46896240949e-06, 3.11700341626e-06, 1.26957536395e-06, 3.8862413021e-07, 3.38568355573e-07, 4.65830765961e-07, 3.27523423493e-07, 4.04667787279e-07, 3.25780632693e-07, 1.4713751284e-07, 1.47422497321e-07, 4.46447323554e-08, 3.78352034147e-08, 3.13791232998e-08, 5.45981215794e-08, 4.34597140497e-08, 1.68959601865e-08, 5.99660410217e-09, 1.27076005274e-09, 7.11273609455e-11], "mean": [0.000272546370979, 0.00536929955706, 0.00593576766551, 0.00371124758385, 0.00849502999336, 0.00208701635711, 0.00278269127011, 0.00146843586117, 0.00238126027398, 0.000872672535479, 0.000629716552794, 0.000629890360869, 0.000671010115184, 0.000651671667583, 0.000637872610241, 0.000789774698205, 0.000579160463531, 0.000408631633036, 0.000408881780459, 0.000313374737743, 0.000249943288509, 0.000253278907621, 0.000184477728908, 0.000127903724206, 9.34413110372e-05, 5.30619145138e-05, 9.26740813156e-06], "dvar2": [1.37363372232e-06, 0.000145873520523, 8.3283513959e-05, 1.90933715203e-05, 6.90598171786e-05, 1.06447159851e-05, 1.02901449281e-05, 3.15747047352e-06, 6.85775785314e-06, 2.86492036139e-06, 8.09534867585e-07, 7.7345828231e-07, 1.10565474642e-06, 7.94165771367e-07, 1.03934576146e-06, 7.62554293487e-07, 3.77532245466e-07, 3.68064888789e-07, 1.22523459822e-07, 9.65753770288e-08, 8.2576399052e-08, 1.16745972889e-07, 7.57706715149e-08, 2.87093868678e-08, 1.094277291e-08, 2.65189914472e-09, 1.55982338157e-10], "min": [9.76150525845e-24, 2.16045683212e-23, 4.00159539157e-23, 1.91435084681e-23, 7.81348488157e-23, 3.63868592747e-23, 3.23880349937e-23, 8.80140884088e-23, 7.11271765136e-23, 5.39325394456e-23, 1.8071468586e-23, 2.6863389639e-23, 9.36544312594e-23, 9.65645770041e-23, 1.50514282063e-22, 1.2300771204e-22, 1.00405982514e-22, 1.52208931992e-22, 1.62927305018e-22, 2.13506150631e-22, 4.56161582613e-22, 4.6223507952e-22, 5.91618668318e-22, 8.0094362896e-22, 1.22543546283e-21, 1.83716551515e-21, 2.14638101659e-21], "var": [1.21450477764e-06, 7.62331328588e-05, 5.09567726112e-05, 1.51528092829e-05, 4.99195593875e-05, 7.98470318841e-06, 1.45026942846e-05, 4.84058227812e-06, 1.16135306598e-05, 5.62746254218e-06, 1.37362951591e-06, 1.04377693333e-06, 1.47617527091e-06, 1.15721218208e-06, 9.53823587224e-07, 1.59270780387e-06, 5.59619877549e-07, 2.2894349172e-07, 1.5015254462e-07, 1.24831245785e-07, 7.88733061086e-08, 1.47196885791e-07, 1.51236335455e-07, 5.41924656261e-08, 1.7392720153e-08, 4.15863921077e-09, 1.60712346209e-10], "median": [1.45768299262e-05, 0.00272412528284, 0.00349632627331, 0.00253995764069, 0.00658732652664, 0.00116589432582, 0.0013448423706, 0.00067635421874, 0.00121895852499, 0.00029069458833, 0.000285405025352, 0.000343565450748, 0.000332141062245, 0.000323854241287, 0.00034400264849, 0.000416851835325, 0.00038658088306, 0.000332083669491, 0.000355717056664, 0.00023870721634, 0.000181212919415, 0.000148899503984, 9.52561094891e-05, 7.29439634597e-05, 6.24978929409e-05, 3.90378518205e-05, 5.35429853699e-06]}, "melbands_kurtosis": {"dmean": 5.75747346878, "dmean2": 9.19782733917, "max": 271.554382324, "dvar": 125.499931335, "mean": 15.1821050644, "dvar2": 311.591278076, "min": -1.83386945724, "var": 399.863739014, "median": 8.66322517395}, "erbbands_crest": {"dmean": 1.7887557745, "dmean2": 2.83169388771, "max": 26.7587852478, "dvar": 3.39833664894, "mean": 8.1909532547, "dvar2": 8.46168327332, "min": 2.25341558456, "var": 14.3511762619, "median": 7.28236150742}, "melbands_skewness": {"dmean": 0.539766728878, "dmean2": 0.848090291023, "max": 13.0904664993, "dvar": 0.459019362926, "mean": 2.89343595505, "dvar2": 1.09268069267, "min": -1.00186514854, "var": 2.27945780754, "median": 2.5827999115}, "spectral_energyband_middle_low": {"dmean": 0.00542329903692, "dmean2": 0.00879819691181, "max": 0.106225699186, "dvar": 5.06404103362e-05, "mean": 0.0210464131087, "dvar2": 0.000134883885039, "min": 3.3077884389e-22, "var": 0.000123603196698, "median": 0.0196049455553}, "spectral_contrast_coeffs": {"dmean": [0.0450600013137, 0.04135074839, 0.0344167053699, 0.0281698033214, 0.0201261620969, 0.0159916803241], "dmean2": [0.0748822242022, 0.0669565722346, 0.0543193295598, 0.0457401648164, 0.0328568294644, 0.0258770529181], "max": [-0.263035535812, -0.405725330114, -0.45566290617, -0.522365093231, -0.576533973217, -0.638737082481], "dvar": [0.00142781843897, 0.00112822838128, 0.000745285593439, 0.000521776732057, 0.000291506323265, 0.000204425581614], "mean": [-0.570076704025, -0.696111023426, -0.741337060928, -0.759084761143, -0.788339853287, -0.760064303875], "dvar2": [0.00390989100561, 0.00293672038242, 0.00185394380242, 0.00129518192261, 0.000689711072482, 0.000499730755109], "min": [-0.951140701771, -0.954895138741, -0.957214951515, -0.984748661518, -0.977776527405, -0.959086894989], "var": [0.00716997683048, 0.00519494200125, 0.00453574489802, 0.00282876496203, 0.00135941291228, 0.00102879130282], "median": [-0.57447463274, -0.699327349663, -0.748545527458, -0.762667536736, -0.791519701481, -0.758657574654]}, "spectral_contrast_valleys": {"dmean": [0.349560379982, 0.309796512127, 0.269231945276, 0.241345599294, 0.204094305634, 0.225941970944], "dmean2": [0.585916280746, 0.50572091341, 0.43786534667, 0.383208364248, 0.309433370829, 0.311853945255], "max": [-5.12313938141, -4.58711957932, -5.339656353, -5.66307020187, -5.52065134048, -7.64456176758], "dvar": [0.120290979743, 0.0876498743892, 0.0716731101274, 0.0714669153094, 0.0809074491262, 0.101348474622], "mean": [-6.93762111664, -6.5431637764, -7.2040643692, -7.50529050827, -7.29003190994, -9.76508140564], "dvar2": [0.292780786753, 0.189818128943, 0.152823060751, 0.139934077859, 0.143816381693, 0.169756144285], "min": [-27.4523353577, -27.3909397125, -27.3312950134, -27.3413314819, -27.3061885834, -27.2231273651], "var": [0.706239521503, 0.606040358543, 0.671492218971, 0.929063916206, 1.26010203362, 1.13696360588], "median": [-6.75135421753, -6.40253543854, -7.01656770706, -7.16638469696, -6.81196784973, -9.52187347412]}, "silence_rate_20dB": {"dmean": 0, "dmean2": 0, "max": 1, "dvar": 0, "mean": 1, "dvar2": 0, "min": 1, "var": 0, "median": 1}, "silence_rate_30dB": {"dmean": 0.0026600798592, "dmean2": 0.00532066496089, "max": 1, "dvar": 0.00265337410383, "mean": 0.998575091362, "dvar2": 0.00776321720332, "min": 0, "var": 0.00142277940176, "median": 1}, "spectral_strongpeak": {"dmean": 0.393265455961, "dmean2": 0.684325635433, "max": 12.42648983, "dvar": 0.566431522369, "mean": 0.98384976387, "dvar2": 1.4297157526, "min": 0, "var": 0.999539136887, "median": 0.665535569191}, "spectral_spread": {"dmean": 383764.125, "dmean2": 560671.9375, "max": 39021132, "dvar": 301436010496, "mean": 4854631.5, "dvar2": 481512357888, "min": 357998.3125, "var": 1509280186370.0, "median": 4781580.5}, "barkbands_flatness_db": {"dmean": 0.0150903491303, "dmean2": 0.0233144648373, "max": 0.57084196806, "dvar": 0.000323379324982, "mean": 0.128509610891, "dvar2": 0.000710272288416, "min": 0.0249260272831, "var": 0.00445065135136, "median": 0.108928479254}, "pitch_salience": {"dmean": 0.054085534066, "dmean2": 0.0896466076374, "max": 0.854495108128, "dvar": 0.00286600505933, "mean": 0.551306605339, "dvar2": 0.00775773311034, "min": 0.0768984556198, "var": 0.00915420707315, "median": 0.556897163391}, "erbbands_kurtosis": {"dmean": 0.605384111404, "dmean2": 0.936100125313, "max": 79.4454421997, "dvar": 2.1453640461, "mean": 0.309024006128, "dvar2": 4.2445936203, "min": -1.84918153286, "var": 6.84935617447, "median": -0.481790304184}, "average_loudness": 0.966433167458, "barkbands_crest": {"dmean": 1.88781809807, "dmean2": 3.12922143936, "max": 24.7216720581, "dvar": 4.06867837906, "mean": 9.52170562744, "dvar2": 11.0999469757, "min": 2.7827026844, "var": 14.7413644791, "median": 8.65475082397}, "hfc": {"dmean": 4.36260271072, "dmean2": 6.57916641235, "max": 129.595870972, "dvar": 48.2132148743, "mean": 27.1815090179, "dvar2": 107.310310364, "min": 1.18043610025e-16, "var": 247.185150146, "median": 26.6224079132}, "barkbands_kurtosis": {"dmean": 2.45674967766, "dmean2": 3.88790488243, "max": 238.036254883, "dvar": 28.2914867401, "mean": 5.47256803513, "dvar2": 63.1535491943, "min": -1.92639744282, "var": 96.7125167847, "median": 2.24201488495}, "erbbands": {"dmean": [0.0859111770988, 0.642431974411, 2.59118652344, 3.49519872665, 10.437953949, 12.766462326, 5.95746850967, 11.4961242676, 12.8926849365, 15.2063369751, 13.6500082016, 18.320400238, 17.967546463, 13.657292366, 7.78418827057, 9.88098144531, 13.4477453232, 12.5724515915, 12.634759903, 19.1545810699, 15.1645727158, 13.4453544617, 10.0937213898, 6.65962171555, 7.58500099182, 5.05139303207, 5.04525899887, 3.40979218483, 3.86117935181, 3.17724776268, 2.0543692112, 1.15645396709, 0.876125454903, 0.468255639076, 0.233767345548, 0.0938368067145, 0.0369500331581, 0.00821411516517, 0.000726595520973, 2.61407221842e-05], "dmean2": [0.130358159542, 1.11392331123, 4.40672683716, 5.92505025864, 17.2939453125, 21.5537071228, 9.77758407593, 18.4491214752, 19.430311203, 22.489068985, 19.8318729401, 26.6127758026, 25.9899177551, 20.4030227661, 11.921957016, 14.9635972977, 20.4599056244, 19.7332324982, 20.1394901276, 31.3196258545, 24.6173934937, 22.1643161774, 16.6768894196, 11.2385587692, 12.7430343628, 8.33399486542, 8.42910671234, 5.57610702515, 5.94351625443, 4.82639169693, 3.00146222115, 1.68323898315, 1.32228720188, 0.693497419357, 0.344262361526, 0.142154797912, 0.0563707128167, 0.0126344729215, 0.00107822706923, 3.90295099351e-05], "max": [4.53642559052, 19.5160274506, 88.0003128052, 111.622589111, 328.544647217, 331.713928223, 237.470031738, 424.778533936, 729.028808594, 711.643432617, 651.029296875, 1141.640625, 901.546203613, 847.494995117, 372.310028076, 674.728515625, 819.022094727, 822.768981934, 828.687255859, 1215.43249512, 1558.40087891, 417.464263916, 795.559204102, 333.85458374, 238.551254272, 193.045013428, 182.157821655, 180.681213379, 308.131622314, 284.402832031, 189.799026489, 93.8001785278, 79.2639160156, 55.0101890564, 17.4152793884, 4.46139001846, 1.66757380962, 0.575318694115, 0.0366564057767, 0.0012240326032], "dvar": [0.109412193298, 2.79788708687, 41.0074920654, 31.2634315491, 269.144317627, 379.037322998, 103.798828125, 478.264099121, 775.62298584, 810.359863281, 681.063354492, 1711.14880371, 1275.16223145, 825.991821289, 173.056015015, 437.711914062, 803.424926758, 632.569946289, 659.1015625, 1253.64660645, 711.500732422, 456.357269287, 431.759399414, 138.115432739, 114.857505798, 77.069480896, 72.9112167358, 52.0734863281, 67.471031189, 65.7291564941, 31.5404090881, 10.4875335693, 4.47023296356, 1.06471562386, 0.272901505232, 0.0331636816263, 0.00463738664985, 0.000228528151638, 2.45884803007e-06, 2.60943266994e-09], "mean": [0.119911856949, 1.36025595665, 6.03503847122, 9.99513435364, 24.9770450592, 28.6475849152, 13.0111455917, 22.603307724, 31.2936325073, 41.8539810181, 35.9323425293, 45.5752410889, 44.1775856018, 31.3098926544, 19.2621688843, 23.1538448334, 30.5322322845, 30.7775154114, 29.4539318085, 43.5763931274, 39.9493484497, 34.144115448, 25.0072498322, 18.4522647858, 21.308965683, 13.6720933914, 12.8797779083, 8.38740158081, 9.46061611176, 7.30976724625, 4.82984542847, 2.72868394852, 2.16248083115, 1.21077239513, 0.579215943813, 0.239530801773, 0.098284214735, 0.0217797849327, 0.00144661287777, 8.49402422318e-05], "dvar2": [0.250598847866, 8.01608276367, 112.400436401, 87.8960571289, 754.39074707, 1124.43188477, 259.605529785, 1264.75378418, 2032.04309082, 1945.80786133, 1428.09448242, 3610.01733398, 2938.09008789, 1809.84814453, 402.495239258, 968.069946289, 1890.35949707, 1500.91040039, 1589.41772461, 3291.99536133, 1528.10437012, 1166.35009766, 1043.60083008, 371.898620605, 306.151763916, 195.229690552, 200.365982056, 130.373016357, 148.746810913, 128.271240234, 56.3501739502, 16.5381851196, 8.96251296997, 2.07025051117, 0.511823475361, 0.0707813277841, 0.00989816244692, 0.000491652463097, 5.3376534197e-06, 5.70364644403e-09], "min": [7.30484339954e-22, 5.1025185385e-21, 3.90980875196e-20, 5.87940850851e-20, 2.48723723467e-19, 1.86981889796e-19, 1.57110691817e-19, 3.98333321769e-19, 6.1315166156e-19, 1.07528568247e-18, 1.47182355702e-18, 1.95825021816e-18, 9.99644668343e-19, 1.66573723328e-18, 1.02380051358e-18, 1.32761309582e-18, 4.13115670041e-18, 5.00979456451e-18, 5.08455059878e-18, 1.00406193689e-17, 5.72078442514e-18, 5.73865276714e-18, 7.33452363754e-18, 8.93050162783e-18, 7.37872982384e-18, 1.24994989393e-17, 1.42142418676e-17, 2.01047769893e-17, 1.87621023821e-17, 1.47909174491e-17, 1.6945220019e-17, 1.24626290179e-17, 1.62272371735e-17, 1.2601271106e-17, 9.26310268034e-18, 5.78550882653e-18, 3.93378478881e-18, 1.36957245278e-18, 2.86274078512e-19, 3.10060510056e-20], "var": [0.124335356057, 3.37604093552, 48.9611778259, 99.8506469727, 578.231506348, 954.558349609, 211.024383545, 998.546691895, 1490.3894043, 3058.73461914, 2557.10449219, 5657.35986328, 4817.73828125, 3534.03295898, 658.572570801, 1427.57995605, 2799.41455078, 2015.44519043, 2005.26184082, 3304.02661133, 3951.07666016, 1664.62670898, 801.164123535, 308.312591553, 421.70324707, 229.312408447, 227.022994995, 108.419006348, 183.939575195, 198.479293823, 106.834640503, 35.6555213928, 11.9030437469, 2.87224602699, 0.759380400181, 0.0900657624006, 0.0156647488475, 0.000747596495785, 4.69846554552e-06, 5.02883956699e-09], "median": [0.0352181568742, 0.795227646828, 4.18342399597, 7.40384864807, 17.1548290253, 18.0122394562, 8.8936548233, 12.2004919052, 18.6003799438, 20.5758895874, 17.7295150757, 22.4200153351, 22.0301876068, 14.5759057999, 11.9376029968, 13.0602321625, 16.8974742889, 17.4080314636, 17.0173988342, 25.9615154266, 24.5424022675, 23.7249717712, 20.5618438721, 16.7796897888, 18.119556427, 10.7451095581, 9.27517318726, 5.88652420044, 5.49689292908, 3.97385501862, 2.43520188332, 1.37620270252, 1.26783943176, 0.800224006176, 0.369655787945, 0.173214554787, 0.064461581409, 0.014387649484, 0.000819087086711, 7.02914039721e-05]}, "spectral_energy": {"dmean": 0.00814838614315, "dmean2": 0.0133734932169, "max": 0.165393337607, "dvar": 0.000134276837343, "mean": 0.0400673225522, "dvar2": 0.000354776362656, "min": 1.01298161478e-20, "var": 0.000296809652355, "median": 0.0394818522036}, "zerocrossingrate": {"dmean": 0.0073059881106, "dmean2": 0.00866551883519, "max": 0.51025390625, "dvar": 9.841141582e-05, "mean": 0.0558573417366, "dvar2": 9.66402731137e-05, "min": 0.00244140625, "var": 0.000819568173029, "median": 0.0546875}, "spectral_energyband_high": {"dmean": 0.000321717641782, "dmean2": 0.000