{"tonal": {"chords_key": "A", "hpcp_entropy": {"dmean": 0.416567385197, "dmean2": 0.69934540987, "max": 4.72817516327, "dvar": 0.232443720102, "mean": 1.75724315643, "dvar2": 0.633253633976, "min": 0, "var": 1.27980041504, "median": 1.78980278969}, "key_key": "A#", "chords_strength": {"dmean": 0.00734040280804, "dmean2": 0.007035382092, "max": 0.755660414696, "dvar": 0.000357402139343, "mean": 0.264161199331, "dvar2": 0.000674426381011, "min": -1, "var": 0.314393609762, "median": 0.469875395298}, "key_scale": "minor", "chords_number_rate": 0.000942350307014, "thpcp": [1, 0.664681851864, 0.257117956877, 0.479517370462, 0.521485924721, 0.288869857788, 0.267064034939, 0.257227659225, 0.227217152715, 0.355351746082, 0.395111739635, 0.295400977135, 0.379374921322, 0.406781375408, 0.254541307688, 0.191091954708, 0.194627061486, 0.204277560115, 0.206370353699, 0.188589051366, 0.210506275296, 0.381816059351, 0.398976117373, 0.255756676197, 0.373144090176, 0.416392654181, 0.255350798368, 0.289685964584, 0.327603727579, 0.217301696539, 0.204584136605, 0.220811352134, 0.199455872178, 0.238732263446, 0.244409963489, 0.564653158188], "key_strength": 0.523389101028, "tuning_nontempered_energy_ratio": 0.850407004356, "tuning_frequency": 434.193115234, "chords_changes_rate": 0.050166297704, "tuning_diatonic_strength": 0.357207894325, "chords_scale": "major", "chords_histogram": [6.79600906372, 12.7272729874, 8.6141910553, 7.00110864639, 0.742793798447, 1.04767179489, 0.382483363152, 5.17184019089, 4.30709552765, 7.22838115692, 0.947893559933, 2.84368062019, 2.54434585571, 1.05875825882, 1.16407978535, 6.23059844971, 6.88470077515, 18.8858089447, 1.74611973763, 0.648558735847, 0.299334824085, 2.08980035782, 0.354767173529, 0.282705098391], "tuning_equal_tempered_deviation": 0.198133006692, "hpcp": {"dmean": [0.0697863474488, 0.0663071647286, 0.0572653822601, 0.0518749281764, 0.0525813959539, 0.0532174892724, 0.0538063161075, 0.0542587228119, 0.0573578327894, 0.0643796846271, 0.0632205158472, 0.0595142692327, 0.060927439481, 0.0589656531811, 0.0583920255303, 0.0559887103736, 0.0526666641235, 0.051832601428, 0.0520837679505, 0.0525525771081, 0.0512456893921, 0.0540040880442, 0.0581887513399, 0.0729448050261, 0.0916103050113, 0.0721337273717, 0.0569282844663, 0.0687989369035, 0.0703306049109, 0.0646249577403, 0.0624336078763, 0.0613508634269, 0.061137586832, 0.0694359615445, 0.0705184862018, 0.0681501850486], "dmean2": [0.118906497955, 0.112028859556, 0.0984897464514, 0.0905153900385, 0.09172347188, 0.0932004973292, 0.0935612693429, 0.094651542604, 0.100407145917, 0.110608316958, 0.107956677675, 0.103144153953, 0.103435389698, 0.100141897798, 0.100196957588, 0.0962047055364, 0.0909191817045, 0.0896070674062, 0.088929489255, 0.0892483741045, 0.08822055161, 0.0912462696433, 0.0997894927859, 0.126090526581, 0.159360274673, 0.123851627111, 0.0973616763949, 0.115007355809, 0.118669167161, 0.111593738198, 0.108699075878, 0.106569498777, 0.106505632401, 0.118588082492, 0.119033187628, 0.116600185633], "max": [1, 1, 1, 1, 1, 1, 1, 1, 1, 1, 1, 1, 1, 1, 1, 1, 1, 1, 1, 1, 1, 1, 1, 1, 1, 1, 1, 1, 1, 1, 1, 1, 1, 1, 1, 1], "dvar": [0.0251826737076, 0.0236580222845, 0.0201186109334, 0.01936625503, 0.0196650475264, 0.0199426524341, 0.0206912495196, 0.0205409377813, 0.0201143845916, 0.022024910897, 0.0222819633782, 0.0180894676596, 0.0185386203229, 0.0198110155761, 0.017883900553, 0.0189743805677, 0.0191473439336, 0.017387829721, 0.0178654585034, 0.018678240478, 0.0168073382229, 0.0190318822861, 0.0212886072695, 0.0245747640729, 0.0415669456124, 0.0228046700358, 0.0171815752983, 0.0216893944889, 0.0242513939738, 0.020302420482, 0.024178314954, 0.0233302973211, 0.0210623871535, 0.0248466134071, 0.0252602063119, 0.0237865373492], "mean": [0.126115113497, 0.13522580266, 0.0846168324351, 0.0635244473815, 0.0646996200085, 0.0679077208042, 0.068603426218, 0.0626924112439, 0.0699783265591, 0.126926615834, 0.132631108165, 0.0850208550692, 0.124043807387, 0.13842086494, 0.0848859325051, 0.0962999239564, 0.108904875815, 0.0722373202443, 0.0680096372962, 0.0734040290117, 0.0663048550487, 0.0793614536524, 0.0812488868833, 0.187706917524, 0.332428693771, 0.220959320664, 0.0854733884335, 0.159405335784, 0.173356875777, 0.0960286334157, 0.0887797474861, 0.0855098515749, 0.0755335018039, 0.118129119277, 0.131346479058, 0.098199762404], "dvar2": [0.0665140673518, 0.0592877045274, 0.0546111725271, 0.0531772151589, 0.0543814636767, 0.055823199451, 0.056623596698, 0.0570329986513, 0.0559406355023, 0.0578874722123, 0.0577589385211, 0.0494997389615, 0.0480181388557, 0.0497349500656, 0.0486950092018, 0.0513054989278, 0.0505814142525, 0.0480993725359, 0.0480139553547, 0.0501514561474, 0.0458340458572, 0.0506320595741, 0.0569365955889, 0.0677538737655, 0.113403946161, 0.0611859597266, 0.0459088981152, 0.0549653731287, 0.0615154728293, 0.0561888962984, 0.066353417933, 0.0642035007477, 0.0576583519578, 0.0648858770728, 0.0649068504572, 0.0643161088228], "min": [0, 0, 0, 0, 0, 0, 0, 0, 0, 0, 0, 0, 0, 0, 0, 0, 0, 0, 0, 0, 0, 0, 0, 0, 0, 0, 0, 0, 0, 0, 0, 0, 0, 0, 0, 0], "var": [0.0547831840813, 0.0686899796128, 0.0308852810413, 0.0281475838274, 0.0283629689366, 0.0302390661091, 0.0306810569018, 0.0247687660158, 0.0236387290061, 0.0666451379657, 0.0733323767781, 0.0268972367048, 0.0574018135667, 0.073740825057, 0.0251228231937, 0.044226732105, 0.0621007680893, 0.0247752647847, 0.0269595906138, 0.0328709483147, 0.0233637169003, 0.0364798903465, 0.0370679721236, 0.0605746842921, 0.175373390317, 0.0824240297079, 0.0273824874312, 0.0734597146511, 0.0873862653971, 0.0291150454432, 0.0422000363469, 0.0395082831383, 0.0285937152803, 0.0510559082031, 0.0590623393655, 0.0348236039281], "median": [0.010607779026, 0.00969057716429, 0.0070699704811, 0.00150200095959, 0.00148903473746, 0.00163918803446, 0.00159046880435, 0.00158772687428, 0.00468206126243, 0.00523942522705, 0.00528237503022, 0.0117004513741, 0.00822219252586, 0.00857349764556, 0.0136182364076, 0.00297530461103, 0.00266397744417, 0.00419073458761, 0.00291752279736, 0.00238580512814, 0.00325147155672, 0.00284851994365, 0.00274417619221, 0.0373354181647, 0.0543609634042, 0.0432125926018, 0.0150288585573, 0.017909348011, 0.0203477870673, 0.0168340392411, 0.0023799710907, 0.00222204322927, 0.00626671686769, 0.00997330620885, 0.0124444589019, 0.018865428865]}}, "lowlevel": {"melbands_flatness_db": {"dmean": 0.0292719043791, "dmean2": 0.0461178198457, "max": 1, "dvar": 0.0016903715441, "mean": 0.341496169567, "dvar2": 0.00397102255374, "min": 3.19260976767e-07, "var": 0.0506826862693, "median": 0.337339729071}, "melbands_crest": {"dmean": 2.27018785477, "dmean2": 3.6913485527, "max": 39.9932594299, "dvar": 8.55720424652, "mean": 16.8738956451, "dvar2": 22.4352703094, "min": 1.00147366524, "var": 108.420608521, "median": 15.7831420898}, "spectral_entropy": {"dmean": 0.20284691453, "dmean2": 0.329723954201, "max": 9.83650684357, "dvar": 0.0953750833869, "mean": 6.88337230682, "dvar2": 0.233462810516, "min": 2.18624973297, "var": 3.14569449425, "median": 6.98994159698}, "melbands": {"dmean": [0.000473430496641, 0.000433950161096, 0.000371825823095, 0.00025241356343, 0.000232679376495, 0.000239599132328, 0.000122407043818, 5.53374593437e-05, 5.08005250595e-05, 4.72763967991e-05, 3.43901519955e-05, 2.91256601486e-05, 1.89644797501e-05, 1.40417459988e-05, 9.93297362584e-06, 7.15695523468e-06, 6.28761245025e-06, 6.56330894344e-06, 5.55052520212e-06, 4.75399565403e-06, 4.35445826952e-06, 3.31972319145e-06, 3.0689718642e-06, 2.38005964093e-06, 2.00895078706e-06, 2.65653284259e-06, 1.51703625306e-06, 9.8901898582e-07, 8.66968548507e-07, 5.7212827187e-07, 5.11705309236e-07, 5.23986614098e-07, 3.29882368533e-07, 3.18899310514e-07, 3.15979946208e-07, 1.79729582328e-07, 1.8135234825e-07, 1.91786568848e-07, 1.42804964298e-07, 2.20193143718e-07], "dmean2": [0.000728075392544, 0.000607282156125, 0.000536860898137, 0.000365985848475, 0.00035910969018, 0.000390138884541, 0.000188591846381, 8.41908331495e-05, 7.50902181608e-05, 7.26499274606e-05, 5.39130523975e-05, 4.54774562968e-05, 3.04044115182e-05, 2.24014929699e-05, 1.57803278853e-05, 1.16393111966e-05, 1.01072246252e-05, 1.09525626613e-05, 9.19269768929e-06, 7.85591419117e-06, 7.10792119207e-06, 5.37356618224e-06, 4.87170973429e-06, 3.80245637643e-06, 3.3226024243e-06, 4.20121887146e-06, 2.51397045758e-06, 1.63869935932e-06, 1.38841164699e-06, 9.41273810895e-07, 8.23719688015e-07, 8.43432303554e-07, 5.32912679319e-07, 5.33731622454e-07, 5.24540041624e-07, 2.97942619909e-07, 3.01186133811e-07, 3.13389136863e-07, 2.30644118915e-07, 3.60195826943e-07], "max": [0.0677909329534, 0.107363037765, 0.0514756850898, 0.062028568238, 0.0612350404263, 0.0375240072608, 0.015070291236, 0.024281071499, 0.00851954892278, 0.0110605563968, 0.0121471304446, 0.00767741911113, 0.00526542495936, 0.0029038512148, 0.00455743819475, 0.00211304426193, 0.00247243978083, 0.00222742580809, 0.00189952575602, 0.00251132552512, 0.00231947633438, 0.00215256935917, 0.0018553774571, 0.00100783933885, 0.00101564778015, 0.00213044392876, 0.0013429664541, 0.000828528485727, 0.00296394899487, 0.000576495134737, 0.000435071677202, 0.000197786415811, 0.000300779996905, 0.000237043568632, 0.000483106472529, 6.80252851453e-05, 0.000112048350275, 0.000131405278808, 9.30048699956e-05, 0.000141096490552], "dvar": [2.18437980948e-06, 2.28009639613e-06, 2.16365720007e-06, 1.08094559437e-06, 7.07049366611e-07, 6.49153776067e-07, 1.30088650963e-07, 6.45645030772e-08, 2.83544032698e-08, 3.78816125135e-08, 2.43337030525e-08, 2.17729620999e-08, 1.02097299504e-08, 4.7498529554e-09, 3.30424376749e-09, 1.33569677541e-09, 1.40050115949e-09, 1.80856551957e-09, 1.09698217177e-09, 1.14968001785e-09, 1.05338859857e-09, 6.27710161627e-10, 6.08710526429e-10, 2.39187641915e-10, 1.64788280244e-10, 5.96905302963e-10, 1.97597896379e-10, 8.65666704986e-11, 3.51280643462e-10, 2.56195290677e-11, 2.1603855857e-11, 1.85281130716e-11, 1.17579557202e-11, 8.81505979322e-12, 1.49360836199e-11, 2.06807509485e-12, 3.2602358313e-12, 3.64615325779e-12, 1.82108104638e-12, 4.42226680622e-12], "mean": [0.00168900261633, 0.00123045162763, 0.000977447256446, 0.000649397843517, 0.000701641722117, 0.000713367306162, 0.000436706817709, 0.000117514042358, 0.000118769989058, 0.000128674699226, 9.94253641693e-05, 0.00011260532483, 3.51344206138e-05, 2.42478163273e-05, 1.63384574989e-05, 1.22362644106e-05, 1.00517045212e-05, 9.64625360211e-06, 8.2707083493e-06, 6.61985723127e-06, 6.10009556112e-06, 4.80521475765e-06, 4.58404747405e-06, 3.76799107471e-06, 2.7967614642e-06, 3.61483648703e-06, 2.1544392439e-06, 1.46901265907e-06, 1.22105359424e-06, 8.29164775951e-07, 6.97096140811e-07, 6.77106072544e-07, 4.81510028294e-07, 5.06912556375e-07, 4.7331730002e-07, 2.64160973984e-07, 2.75136756045e-07, 2.79083593568e-07, 2.37328819708e-07, 6.00232965553e-07], "dvar2": [5.57112616661e-06, 4.254083251e-06, 4.51878713648e-06, 2.18826880882e-06, 1.54681538334e-06, 1.7853750478e-06, 3.04160295173e-07, 1.72124288156e-07, 6.55766214663e-08, 9.55730357077e-08, 6.33325427657e-08, 5.36023492259e-08, 2.54600109884e-08, 1.15932454747e-08, 7.69960184499e-09, 3.31028249256e-09, 3.34123662071e-09, 4.82290740678e-09, 2.62535482243e-09, 2.71150812914e-09, 2.36492270211e-09, 1.54879675751e-09, 1.24334775808e-09, 5.12645204065e-10, 4.21941315221e-10, 1.25574595167e-09, 5.3827331481e-10, 2.35598623943e-10, 6.19897022602e-10, 6.09689798647e-11, 4.7876536069e-11, 4.14154786854e-11, 2.5412739621e-11, 2.24619055994e-11, 3.50581612352e-11, 5.32738480066e-12, 8.92148854792e-12, 8.73360064824e-12, 4.25484560779e-12, 1.18326919443e-11], "min": [2.72906183642e-25, 1.94205993123e-25, 4.08713740724e-25, 2.48661554448e-25, 2.6552284e-25, 6.59178384682e-25, 7.71921448484e-25, 3.62045690995e-25, 1.08813008076e-24, 8.10859228335e-25, 7.41071514367e-25, 8.62231674724e-25, 1.25079645347e-24, 1.53197142781e-24, 1.04724943511e-24, 1.06517807411e-24, 1.41873586829e-24, 1.51099857457e-24, 1.66862718293e-24, 1.80402924086e-24, 1.50244327945e-24, 1.55785326386e-24, 1.23682385329e-24, 2.02746028719e-24, 2.54788760359e-24, 3.29599299622e-24, 2.53399852406e-24, 3.20541362049e-24, 3.08012613988e-24, 3.33699601392e-24, 3.40799980627e-24, 3.52469008353e-24, 3.70271705717e-24, 3.67408535062e-24, 3.9722049586e-24, 3.98176043075e-24, 4.43836298345e-24, 4.57769317425e-24, 4.61420481239e-24, 4.13207393193e-24], "var": [1.0104688954e-05, 1.21796492749e-05, 1.10891869554e-05, 5.10025756739e-06, 3.09836696033e-06, 2.4089335966e-06, 7.31721229386e-07, 1.1184560833e-07, 9.31102803747e-08, 1.1810078604e-07, 6.84733407752e-08, 1.63260992281e-07, 2.5004927906e-08, 9.17777320808e-09, 5.99308069837e-09, 3.07578096326e-09, 3.17795012528e-09, 2.65772870378e-09, 1.82959591921e-09, 1.59233914943e-09, 1.44484224585e-09, 8.47030945383e-10, 9.63619073424e-10, 4.62735544327e-10, 2.03952701949e-10, 1.03373987148e-09, 1.81440279468e-10, 1.1895298635e-10, 5.23353305137e-10, 4.2966057795e-11, 3.30512978097e-11, 2.61436584187e-11, 1.74953974919e-11, 1.27909098244e-11, 2.29601251206e-11, 3.16310020711e-12, 5.42290518046e-12, 4.75789026233e-12, 3.61415498223e-12, 2.21330436617e-11], "median": [0.000264965259703, 5.68084324186e-05, 1.53439686983e-05, 3.05868561554e-05, 6.27325571259e-05, 5.60336193303e-05, 3.56316995749e-05, 1.10138525997e-05, 9.58610053203e-06, 8.05510171631e-06, 5.84101189816e-06, 2.91570017907e-06, 1.30524904307e-06, 8.28603504033e-07, 4.23296881991e-07, 3.22011771914e-07, 2.50023873605e-07, 2.06079590725e-07, 1.85117315255e-07, 1.52770482487e-07, 1.21513423323e-07, 9.76221414817e-08, 8.37198896875e-08, 8.76267094441e-08, 9.0994006996e-08, 6.93715094258e-08, 4.57390108011e-08, 2.0336278439e-08, 9.7147712097e-09, 5.58918600291e-09, 3.50754492118e-09, 2.04006789239e-09, 1.2815447592e-09, 9.74851421809e-10, 5.56405199692e-10, 5.0303394783e-10, 3.95129040598e-10, 3.38543054701e-10, 2.48303627659e-10, 1.88387333511e-10]}, "silence_rate_60dB": {"dmean": 0.0168523751199, "dmean2": 0.0337056852877, "max": 1, "dvar": 0.0165693387389, "mean": 0.278305947781, "dvar2": 0.0391069278121, "min": 0, "var": 0.200932458043, "median": 0}, "spectral_energyband_middle_high": {"dmean": 0.000624182575848, "dmean2": 0.000959441880696, "max": 0.196201339364, "dvar": 6.05429249845e-06, "mean": 0.00194336019922, "dvar2": 1.34697984322e-05, "min": 1.00017142245e-21, "var": 2.13032562897e-05, "median": 0.000278463499853}, "erbbands_skewness": {"dmean": 0.41813826561, "dmean2": 0.664617240429, "max": 17.6964054108, "dvar": 0.314854323864, "mean": 0.128142416477, "dvar2": 0.769985318184, "min": -9.69658756256, "var": 2.1818780899, "median": -0.046278949827}, "dynamic_complexity": 15.9749317169, "dissonance": {"dmean": 0.0274756364524, "dmean2": 0.0466776564717, "max": 0.500000178814, "dvar": 0.00151121465024, "mean": 0.418011933565, "dvar2": 0.00398965319619, "min": 0.0308351442218, "var": 0.0101344957948, "median": 0.465471565723}, "spectral_skewness": {"dmean": 0.841013014317, "dmean2": 1.40673220158, "max": 24.1857280731, "dvar": 1.81027269363, "mean": 4.17933082581, "dvar2": 4.55377197266, "min": -1.14730489254, "var": 22.3098297119, "median": 2.08804726601}, "spectral_kurtosis": {"dmean": 19.1717357635, "dmean2": 32.282913208, "max": 910.002868652, "dvar": 1511.59204102, "mean": 58.8369255066, "dvar2": 4034.38110352, "min": -1.53777682781, "var": 9696.53613281, "median": 9.37659168243}, "gfcc": {"cov": [[144625.046875, 17067.8164062, -12268.3017578, 1241.75036621, -5399.65722656, 59.1244316101, -2344.69995117, 1261.04992676, -1876.29980469, -34.8523712158, -787.65246582, 230.670578003, -257.590698242], [17067.8164062, 9333.46777344, -118.456008911, -2035.50219727, -1553.76708984, -1281.72229004, -396.352050781, -707.048156738, 45.2846679688, -562.092468262, 130.928527832, -173.703369141, 344.023284912], [-12268.3017578, -118.456008911, 3571.52807617, -740.946044922, -106.912353516, -157.999008179, 112.832450867, -352.097747803, 207.348098755, -121.235671997, 1.24151301384, -12.7953386307, 71.5969772339], [1241.75036621, -2035.50219727, -740.946044922, 1989.73974609, 1030.0267334, 627.2890625, 286.97756958, 557.778137207, 1.62704205513, 200.011901855, -13.8074455261, -31.7160358429, -187.170822144], [-5399.65722656, -1553.76708984, -106.912353516, 1030.0267334, 1469.48059082, 601.499633789, 442.866943359, 359.876617432, 119.307197571, 78.5984191895, 53.1844444275, -49.340461731, -102.596786499], [59.1244316101, -1281.72229004, -157.999008179, 627.2890625, 601.499633789, 973.295532227, 404.684265137, 290.750854492, 10.763718605, 78.8137054443, -77.3331298828, 37.0750770569, -94.009803772], [-2344.69995117, -396.352050781, 112.832450867, 286.97756958, 442.866943359, 404.684265137, 615.610168457, 232.327728271, 56.45520401, 11.9254388809, 13.0544729233, -24.5643558502, 6.87436437607], [1261.04992676, -707.048156738, -352.097747803, 557.778137207, 359.876617432, 290.750854492, 232.327728271, 502.579864502, 56.2254714966, 84.4342880249, -4.28729772568, -14.7697649002, -60.8076820374], [-1876.29980469, 45.2846679688, 207.348098755, 1.62704205513, 119.307197571, 10.763718605, 56.45520401, 56.2254714966, 274.784454346, 51.279094696, 29.1443996429, -17.9732666016, 9.8776473999], [-34.8523712158, -562.092468262, -121.235671997, 200.011901855, 78.5984191895, 78.8137054443, 11.9254388809, 84.4342880249, 51.279094696, 247.928985596, 53.6923408508, 19.8842601776, -39.3755340576], [-787.65246582, 130.928527832, 1.24151301384, -13.8074455261, 53.1844444275, -77.3331298828, 13.0544729233, -4.28729772568, 29.1443996429, 53.6923408508, 218.647537231, 45.0023574829, 26.0585289001], [230.670578003, -173.703369141, -12.7953386307, -31.7160358429, -49.340461731, 37.0750770569, -24.5643558502, -14.7697649002, -17.9732666016, 19.8842601776, 45.0023574829, 159.760375977, 37.98279953], [-257.590698242, 344.023284912, 71.5969772339, -187.170822144, -102.596786499, -94.009803772, 6.87436437607, -60.8076820374, 9.8776473999, -39.3755340576, 26.0585289001, 37.98279953, 166.694564819]], "mean": [-320.407989502, 112.449638367, -72.7551956177, 0.590759217739, -37.2209777832, -9.9351606369, -17.3672714233, 4.85269451141, -10.4482622147, -0.0503482818604, -0.825370013714, 2.32560133934, 1.05728793144], "icov": [[3.9448888856e-05, -0.000108663014544, 7.14802808943e-05, -9.36882424867e-05, 0.000147500293679, -0.000142845732626, 0.000145720739965, -0.000183814277989, 0.000183334908797, -0.00012338484521, 0.000125519523863, -0.000115900475066, 5.32591038791e-05], [-0.000108663014544, 0.000494721636642, -0.000132001441671, 0.000331494520651, -0.00027294177562, 0.000468477897812, -0.000472043902846, 0.000587410351727, -0.000671177404001, 0.000705452228431, -0.000569193973206, 0.000600299041253, -0.00027144359774], [7.14802808943e-05, -0.000132001441671, 0.000499865098391, -5.12534170412e-05, 0.000269110954832, -0.000205946867936, 6.64453036734e-05, -4.32561719208e-05, -1.64633529494e-05, -1.73872358573e-05, 0.000212299040868, -0.000173674867256, 0.000144854813698], [-9.36882424867e-05, 0.000331494520651, -5.12534170412e-05, 0.00140045688022, -0.000919346814044, 0.000223315277253, -0.0001515114418, -0.000234834020375, -0.000146650039824, -3.2557923987e-05, -0.000216161541175, 0.000391692912672, 0.000191815837752], [0.000147500293679, -0.00027294177562, 0.000269110954832, -0.000919346814044, 0.00211384869181, -0.000918718345929, 5.93421718804e-05, -0.000557552906685, 8.03792645456e-05, 0.000169770224602, -0.000338321435265, 0.000172088315594, 0.000269446783932], [-0.000142845732626, 0.000468477897812, -0.000205946867936, 0.000223315277253, -0.000918718345929, 0.00265840790235, -0.0016074499581, 0.000559751002584, -0.000559428124689, 0.00022016208095, 0.000601219304372, -0.000734629342332, 0.000514459970873], [0.000145720739965, -0.000472043902846, 6.64453036734e-05, -0.0001515114418, 5.93421718804e-05, -0.0016074499581, 0.00354452501051, -0.00169231637847, 0.000795485335402, -0.000315707351547, -3.51466114807e-05, 0.000368223583791, -0.000832926423755], [-0.000183814277989, 0.000587410351727, -4.32561719208e-05, -0.000234834020375, -0.000557552906685, 0.000559751002584, -0.00169231637847, 0.0045006191358, -0.00166335585527, 0.000447418657131, -0.000526643474586, 0.00059081701329, 9.45806168602e-05], [0.000183334908797, -0.000671177404001, -1.64633529494e-05, -0.000146650039824, 8.03792645456e-05, -0.000559428124689, 0.000795485335402, -0.00166335585527, 0.00549011910334, -0.00199272646569, 0.000571204931475, -0.000137831812026, -0.000248633557931], [-0.00012338484521, 0.000705452228431, -1.73872358573e-05, -3.2557923987e-05, 0.000169770224602, 0.00022016208095, -0.000315707351547, 0.000447418657131, -0.00199272646569, 0.00633453810588, -0.00225068605505, 0.000409716682043, 0.000602088693995], [0.000125519523863, -0.000569193973206, 0.000212299040868, -0.000216161541175, -0.000338321435265, 0.000601219304372, -3.51466114807e-05, -0.000526643474586, 0.000571204931475, -0.00225068605505, 0.006663818378, -0.00265007442795, -2.84304551315e-05], [-0.000115900475066, 0.000600299041253, -0.000173674867256, 0.000391692912672, 0.000172088315594, -0.000734629342332, 0.000368223583791, 0.00059081701329, -0.000137831812026, 0.000409716682043, -0.00265007442795, 0.00874915719032, -0.00248599331826], [5.32591038791e-05, -0.00027144359774, 0.000144854813698, 0.000191815837752, 0.000269446783932, 0.000514459970873, -0.000832926423755, 9.45806168602e-05, -0.000248633557931, 0.000602088693995, -2.84304551315e-05, -0.00248599331826, 0.00804734230042]]}, "spectral_complexity": {"dmean": 1.31271135807, "dmean2": 2.13604235649, "max": 59, "dvar": 5.44079685211, "mean": 6.49857234955, "dvar2": 12.3033056259, "min": 0, "var": 44.8117980957, "median": 5}, "spectral_flux": {"dmean": 0.0140584409237, "dmean2": 0.0234538801014, "max": 0.477640241385, "dvar": 0.000604041502811, "mean": 0.0424302816391, "dvar2": 0.00160969619174, "min": 6.12242478937e-11, "var": 0.00189921830315, "median": 0.0307628437877}, "spectral_energyband_low": {"dmean": 0.00268413964659, "dmean2": 0.00392796006054, "max": 0.329770475626, "dvar": 5.54801590624e-05, "mean": 0.00964255444705, "dvar2": 0.00011919609824, "min": 5.78316256757e-24, "var": 0.00035637212568, "median": 0.00156587385572}, "spectral_decrease": {"dmean": 1.46401313295e-09, "dmean2": 2.18426809973e-09, "max": 3.40922498565e-11, "dvar": 1.10512893208e-17, "mean": -6.13593575949e-09, "dvar2": 2.32866463295e-17, "min": -1.10129263931e-07, "var": 7.67985847383e-17, "median": -3.38271655131e-09}, "barkbands_spread": {"dmean": 3.69000792503, "dmean2": 5.9520611763, "max": 136.543365479, "dvar": 43.7759056091, "mean": 15.6944208145, "dvar2": 110.142578125, "min": 0.0245671458542, "var": 313.569366455, "median": 8.47714328766}, "spectral_rms": {"dmean": 0.000458679540316, "dmean2": 0.000696228060406, "max": 0.0202213898301, "dvar": 5.84217502819e-07, "mean": 0.00377850187942, "dvar2": 1.30739931592e-06, "min": 3.00907237495e-12, "var": 9.1554793471e-06, "median": 0.00362566951662}, "spectral_centroid": {"dmean": 195.595031738, "dmean2": 316.709075928, "max": 12120.8486328, "dvar": 99704.0234375, "mean": 2736.00366211, "dvar2": 240000.9375, "min": 47.6671905518, "var": 13903076, "median": 871.748596191}, "barkbands_skewness": {"dmean": 0.611266970634, "dmean2": 0.962583720684, "max": 103.74230957, "dvar": 1.80424189568, "mean": 1.25309169292, "dvar2": 4.05988645554, "min": -9.25632381439, "var": 10.7111492157, "median": 0.865687012672}, "spectral_rolloff": {"dmean": 292.145233154, "dmean2": 505.663482666, "max": 20090.4785156, "dvar": 692233.5625, "mean": 4087.19799805, "dvar2": 1773018.25, "min": 21.533203125, "var": 46391432, "median": 624.462890625}, "erbbands_spread": {"dmean": 5.57114982605, "dmean2": 8.9978723526, "max": 240.201309204, "dvar": 89.0353240967, "mean": 25.7929077148, "dvar2": 222.028549194, "min": 0.207258746028, "var": 551.008361816, "median": 20.5823001862}, "barkbands": {"dmean": [0.00132445001509, 0.00145415426232, 0.000878618331626, 0.000862037180923, 0.00131148076616, 0.00110245379619, 0.000481998955365, 0.000288949901005, 0.000324946362525, 0.000234375911532, 0.000134614354465, 0.000113785848953, 7.98857217887e-05, 6.9657828135e-05, 7.91809216025e-05, 6.89708467689e-05, 5.5338961829e-05, 5.12857513968e-05, 5.95991186856e-05, 3.27579473378e-05, 2.48314809141e-05, 1.98450034077e-05, 1.59400369739e-05, 1.34563106258e-05, 1.61748066603e-05, 1.4289943465e-05, 1.18995594676e-05], "dmean2": [0.00206782063469, 0.00217383448035, 0.00122549920343, 0.00125428743195, 0.00194973801263, 0.00177588523366, 0.000730729429051, 0.000436694885138, 0.000497125496622, 0.000367881264538, 0.000214833300561, 0.000183300115168, 0.000128710453282, 0.000112423876999, 0.000130878499476, 0.000113163885544, 8.91069430509e-05, 8.12029757071e-05, 9.53974449658e-05, 5.40680048289e-05, 3.96391405957e-05, 3.15891702485e-05, 2.6439271096e-05, 2.17562355829e-05, 2.60086089838e-05, 2.33969512919e-05, 1.94958065549e-05], "max": [0.360383272171, 0.248001232743, 0.205909311771, 0.126217663288, 0.300392150879, 0.165053874254, 0.0734106004238, 0.0654305741191, 0.0895244926214, 0.0740270540118, 0.0395307540894, 0.0276482477784, 0.0204516556114, 0.0284400265664, 0.0276561789215, 0.0390756316483, 0.0292184539139, 0.0275846272707, 0.0324156992137, 0.0292401835322, 0.0483667925, 0.00883677974343, 0.0174301080406, 0.00607976736501, 0.00717138824984, 0.00652806879953, 0.00553272571415], "dvar": [5.01078684465e-05, 1.7507793018e-05, 1.19046608233e-05, 1.29903100969e-05, 2.38903267018e-05, 1.22457431644e-05, 2.25476287596e-06, 1.17733566185e-06, 1.69421150531e-06, 1.1959365338e-06, 4.25361776024e-07, 3.08337178012e-07, 1.62881150345e-07, 1.75241467559e-07, 2.22327358301e-07, 2.82360730353e-07, 1.45150579556e-07, 1.42200036635e-07, 1.93223257838e-07, 9.95522668745e-08, 1.02968712667e-07, 2.26299157191e-08, 2.54966359137e-08, 1.26874670769e-08, 1.44519081147e-08, 1.18306413555e-08, 8.74544259233e-09], "mean": [0.00271290517412, 0.00504450127482, 0.00197896594182, 0.00196126289666, 0.00373636186123, 0.00334621942602, 0.0015290469164, 0.000565043534152, 0.000913836585823, 0.000836584658828, 0.0002391988819, 0.00018771426403, 0.000135494759888, 0.000109090906335, 0.000117269504699, 9.42278347793e-05, 8.05604577181e-05, 8.21402209112e-05, 8.3470462414e-05, 5.098548354e-05, 3.77079959435e-05, 2.90439966193e-05, 2.62941011897e-05, 2.25562907872e-05, 4.20851938543e-05, 2.9503407859e-05, 2.62222147285e-05], "dvar2": [0.000102244666778, 4.2483330617e-05, 2.18047716771e-05, 2.72165725619e-05, 4.97800501762e-05, 3.23624335579e-05, 5.12269571118e-06, 2.94362894238e-06, 4.32039041698e-06, 2.96299003821e-06, 1.02321473605e-06, 7.67913434174e-07, 4.07074452369e-07, 4.27729105468e-07, 5.58484941848e-07, 6.50470042274e-07, 3.55163109589e-07, 2.85339211814e-07, 4.38217199417e-07, 2.69738194447e-07, 1.83576219115e-07, 4.86703370939e-08, 6.2143094226e-08, 3.24594644496e-08, 3.57165319542e-08, 3.08644665381e-08, 2.42751614365e-08], "min": [9.04999950509e-27, 6.07181801406e-25, 1.32645482099e-25, 2.39193892383e-25, 1.55371874525e-24, 2.89771802998e-24, 2.03626338325e-24, 1.99842882537e-24, 5.76579816133e-24, 7.24769979862e-24, 5.34054375771e-24, 1.2342648674e-23, 1.37437255951e-23, 1.62823478301e-23, 2.04382106515e-23, 2.34455913914e-23, 3.41559543239e-23, 4.95853794324e-23, 8.43787649221e-23, 1.06306580043e-22, 1.62879556845e-22, 2.3217928343e-22, 2.99965230113e-22, 4.62218822674e-22, 7.08673812672e-22, 1.0566775922e-21, 1.66649054844e-21], "var": [0.000157962509547, 9.97355455183e-05, 5.07967197336e-05, 5.69532603549e-05, 0.00011023839761, 5.00269125041e-05, 1.14465728984e-05, 2.46666900239e-06, 5.28750888407e-06, 7.2613811426e-06, 1.26737677419e-06, 5.43943542652e-07, 3.59193336408e-07, 3.64388739627e-07, 3.50893685663e-07, 3.6203149989e-07, 2.02868193355e-07, 2.52994738048e-07, 2.92738093322e-07, 1.10739968306e-07, 1.80395659299e-07, 3.76841491345e-08, 4.05096614031e-08, 2.36284716237e-08, 7.7788854469e-08, 4.34480931233e-08, 3.81495190993e-08], "median": [0.000132254644996, 0.000676658994053, 2.59572043433e-05, 1.76274061232e-05, 0.000278592662653, 0.00028648469015, 0.000131354754558, 3.5911663872e-05, 5.64386973565e-05, 2.83211211354e-05, 7.27928227207e-06, 6.28277621217e-06, 3.39024359164e-06, 2.68911344392e-06, 2.48610740528e-06, 2.13213002098e-06, 1.6874148514e-06, 1.85075327863e-06, 2.06626327781e-06, 9.67324467638e-07, 2.81607611896e-07, 9.59957304758e-08, 4.40625029796e-08, 3.33234702055e-08, 2.10282031787e-08, 1.91203177735e-08, 7.11448056023e-09]}, "melbands_kurtosis": {"dmean": 24.1762943268, "dmean2": 38.3292617798, "max": 12608.4794922, "dvar": 34549.7890625, "mean": 50.5824966431, "dvar2": 83588.796875, "min": -1.93832063675, "var": 111554.6875, "median": 3.42942714691}, "erbbands_crest": {"dmean": 2.07123470306, "dmean2": 3.40905475616, "max": 33.3093566895, "dvar": 5.98208999634, "mean": 11.4076347351, "dvar2": 15.415605545, "min": 2.17454218864, "var": 41.0771522522, "median": 10.5800428391}, "melbands_skewness": {"dmean": 0.834698736668, "dmean2": 1.30945730209, "max": 96.8991622925, "dvar": 4.01844215393, "mean": 2.72917580605, "dvar2": 9.02355098724, "min": -5.20046615601, "var": 32.0359725952, "median": 1.29528772831}, "spectral_energyband_middle_low": {"dmean": 0.00311866519041, "dmean2": 0.00472128717229, "max": 0.350894331932, "dvar": 6.73771719448e-05, "mean": 0.012148020789, "dvar2": 0.000145994767081, "min": 1.1073912005e-22, "var": 0.000436990114395, "median": 0.00331875937991}, "spectral_contrast_coeffs": {"dmean": [0.039382301271, 0.0382353290915, 0.0336635261774, 0.0278181806207, 0.0237952191383, 0.0232851952314], "dmean2": [0.0651522427797, 0.0637803003192, 0.0556265898049, 0.046221755445, 0.0394335836172, 0.0387306623161], "max": [-0.169460371137, -0.205188855529, -0.302540302277, -0.358306735754, -0.360453188419, -0.373380959034], "dvar": [0.00145323411562, 0.00160951237194, 0.00138383649755, 0.000926167413127, 0.000749856699258, 0.000781647861004], "mean": [-0.694505214691, -0.717765927315, -0.775501608849, -0.837536275387, -0.828253567219, -0.823750436306], "dvar2": [0.00382118229754, 0.00426488509402, 0.00348521815613, 0.00240088021383, 0.00196440704167, 0.00206434214488], "min": [-0.986175596714, -0.992737352848, -0.996837973595, -0.984843611717, -0.988565564156, -0.967613041401], "var": [0.0306369457394, 0.0327393040061, 0.0208903905004, 0.00729133188725, 0.0074527207762, 0.00756846088916], "median": [-0.69867670536, -0.741381645203, -0.797222673893, -0.843102812767, -0.828831493855, -0.820251703262]}, "spectral_contrast_valleys": {"dmean": [0.412873864174, 0.405518203974, 0.401261717081, 0.398744225502, 0.353649556637, 0.400142371655], "dmean2": [0.693057179451, 0.668147921562, 0.655872285366, 0.64666467905, 0.568186581135, 0.659265041351], "max": [-4.85233879089, -3.87554311752, -4.735455513, -4.54314947128, -4.36539506912, -7.62250328064], "dvar": [0.16744454205, 0.18996655941, 0.219796404243, 0.283596038818, 0.275189131498, 0.292694151402], "mean": [-11.4405584335, -11.0561285019, -11.6909542084, -12.2255382538, -12.4712705612, -14.9181375504], "dvar2": [0.421875149012, 0.442534565926, 0.485473394394, 0.607286036015, 0.610022783279, 0.713594138622], "min": [-28.7453193665, -28.5636672974, -28.2954864502, -27.9848556519, -27.6183109283, -27.509141922], "var": [51.2645988464, 52.4715423584, 47.9872817993, 44.9421424866, 44.0657577515, 30.9566020966], "median": [-8.3371925354, -7.93417787552, -8.88445663452, -9.66044616699, -9.95268249512, -13.3362407684]}, "silence_rate_20dB": {"dmean": 5.54354446649e-05, "dmean2": 0.00011087396706, "max": 1, "dvar": 5.54319012736e-05, "mean": 0.99997228384, "dvar2": 0.000166296769748, "min": 0, "var": 2.77160688711e-05, "median": 1}, "silence_rate_30dB": {"dmean": 0.0155773600563, "dmean2": 0.03115558438, "max": 1, "dvar": 0.0153360310942, "mean": 0.961113095284, "dvar2": 0.0366203598678, "min": 0, "var": 0.0373747684062, "median": 1}, "spectral_strongpeak": {"dmean": 0.29554271698, "dmean2": 0.509744465351, "max": 33.5066757202, "dvar": 0.970548510551, "mean": 0.807296395302, "dvar2": 2.65701818466, "min": 0, "var": 2.64241266251, "median": 0.282707631588}, "spectral_spread": {"dmean": 627959.3125, "dmean2": 1056418.5, "max": 48036012, "dvar": 974999322624, "mean": 8855575, "dvar2": 2314561388540.0, "min": 136337.6875, "var": 195037468033000.0, "median": 2589142.75}, "barkbands_flatness_db": {"dmean": 0.0281603243202, "dmean2": 0.0448376536369, "max": 1, "dvar": 0.00139704893809, "mean": 0.277507245541, "dvar2": 0.00327079184353, "min": 0.0156958829612, "var": 0.0305031985044, "median": 0.250029355288}, "pitch_salience": {"dmean": 0.0501538813114, "dmean2": 0.0823047459126, "max": 0.99607694149, "dvar": 0.00398159725592, "mean": 0.507424533367, "dvar2": 0.0105640348047, "min": 0.00175598834176, "var": 0.0439526215196, "median": 0.506573021412}, "erbbands_kurtosis": {"dmean": 2.1325044632, "dmean2": 3.39851474762, "max": 531.425720215, "dvar": 40.4990272522, "mean": 4.00887584686, "dvar2": 91.7929611206, "min": -1.94438529015, "var": 266.096130371, "median": 0.508664131165}, "average_loudness": 0.0580048747361, "barkbands_crest": {"dmean": 1.70301437378, "dmean2": 2.78347754478, "max": 26.9412670135, "dvar": 4.28519678116, "mean": 11.7539424896, "dvar2": 11.3614587784, "min": 2.33182144165, "var": 24.3537998199, "median": 11.0962648392}, "hfc": {"dmean": 2.4693133831, "dmean2": 3.77873635292, "max": 766.562316895, "dvar": 69.0087203979, "mean": 9.48388195038, "dvar2": 161.352767944, "min": 1.01105816434e-16, "var": 261.523742676, "median": 5.18834018707}, "barkbands_kurtosis": {"dmean": 8.75644111633, "dmean2": 13.8936710358, "max": 11782.5244141, "dvar": 8808.17578125, "mean": 17.5087547302, "dvar2": 17929.6621094, "min": -1.97452044487, "var": 15040.3886719, "median": 3.2716383934}, "erbbands": {"dmean": [0.0562315434217, 0.303599745035, 0.895619213581, 1.81380569935, 3.71391367912, 3.90111923218, 6.732421875, 11.5569286346, 8.59808158875, 4.95012283325, 6.2574467659, 7.23903131485, 6.67081975937, 6.67896938324, 5.97099399567, 3.83710598946, 3.57831025124, 3.27173519135, 3.86426448822, 3.64617538452, 3.64399147034, 2.98483371735, 3.04378509521, 2.43417930603, 2.8858127594, 1.54805612564, 1.20596039295, 0.837910234928, 0.780095756054, 0.542641222477, 0.453794389963, 0.277581393719, 0.243324682117, 0.209135815501, 0.112890355289, 0.0644448548555, 0.0261436328292, 0.00940830633044, 0.00258117495105, 0.000104530801764], "dmean2": [0.0881992429495, 0.440608948469, 1.25265693665, 2.61529493332, 5.3910279274, 5.885201931, 10.3932952881, 18.9200706482, 13.3380842209, 7.52174711227, 9.21792507172, 11.1160984039, 10.4394464493, 10.4178733826, 9.50842761993, 6.08827447891, 5.73635149002, 5.234416008, 6.40069293976, 6.0522274971, 5.93167972565, 4.76425981522, 4.79309654236, 3.9511885643, 4.58334493637, 2.53781151772, 1.91828894615, 1.36003339291, 1.23971557617, 0.894690394402, 0.750698685646, 0.462649971247, 0.395505070686, 0.339237302542, 0.183636933565, 0.105158641934, 0.0432074293494, 0.0155548760667, 0.00428419839591, 0.00017073705385], "max": [7.40962839127, 70.0149536133, 259.857147217, 217.103927612, 703.683959961, 1258.38952637, 1477.2286377, 1723.87072754, 1048.30786133, 2305.6340332, 1193.171875, 1425.66101074, 2424.86621094, 1870.77648926, 1743.58666992, 1045.34936523, 938.655822754, 1016.61437988, 1294.96972656, 1690.1640625, 1896.06286621, 2011.51269531, 1672.33007812, 1173.41760254, 1848.87011719, 1359.3638916, 3084.28149414, 605.872070312, 332.346466064, 313.388153076, 514.715332031, 146.668777466, 170.073760986, 136.750900269, 56.1823234558, 33.7092666626, 12.7155008316, 5.11281585693, 1.17579507828, 0.0486138425767], "dvar": [0.0367943011224, 0.857589006424, 11.5995960236, 44.4509124756, 302.525238037, 260.252044678, 538.354187012, 1600.95812988, 656.593017578, 544.111816406, 442.394927979, 850.749389648, 907.315612793, 1104.66662598, 1158.43457031, 343.21887207, 327.197021484, 332.830810547, 584.78515625, 551.677062988, 746.537658691, 508.334777832, 545.230529785, 224.728103638, 568.857177734, 197.090423584, 394.860717773, 46.0679588318, 36.3534851074, 23.2352313995, 21.2961940765, 5.93478441238, 5.2387471199, 3.54898166656, 0.681818723679, 0.298665642738, 0.0399641171098, 0.00645202910528, 0.00046502231271, 6.51274376651e-07], "mean": [0.189058452845, 0.97237098217, 2.17799162865, 5.03844976425, 8.32721710205, 10.9941301346, 20.2811698914, 33.6972045898, 30.737247467, 11.8100738525, 14.2373323441, 19.9052047729, 19.3913822174, 25.6206226349, 11.4303627014, 7.00902509689, 6.4519405365, 5.6006731987, 5.98393440247, 5.53996181488, 5.30885887146, 4.62822723389, 4.84944105148, 3.73736548424, 4.12579965591, 2.45127272606, 1.81909441948, 1.25714719296, 1.09663009644, 0.888511478901, 0.713014423847, 0.451207429171, 0.396553456783, 0.554589807987, 0.250728935003, 0.122791707516, 0.0522106066346, 0.0192386992276, 0.00534538691863, 0.000247724237852], "dvar2": [0.0975600779057, 1.90718078613, 21.4392280579, 91.9586715698, 631.961791992, 537.678588867, 1204.0612793, 4472.63574219, 1541.87548828, 1442.40661621, 1015.70410156, 2166.08837891, 2368.10522461, 2728.8996582, 2879.51123047, 812.011047363, 789.199890137, 799.335266113, 1556.21069336, 1264.22058105, 1673.09460449, 1237.93383789, 1106.99243164, 563.136657715, 1260.44494629, 531.607421875, 701.867126465, 107.241584778, 81.9942932129, 58.3442344666, 51.1638870239, 16.3510723114, 12.5892276764, 9.06985378265, 1.66558337212, 0.800142407417, 0.104410611093, 0.0182510204613, 0.00132258736994, 1.79982896498e-06], "min": [2.33280242952e-23, 1.02124765276e-22, 2.39613937741e-22, 2.07524085858e-21, 3.31400743962e-21, 6.8341048286e-21, 8.33699183521e-21, 3.55187186815e-20, 5.49678965383e-20, 6.45201136285e-20, 1.2187672683e-19, 1.39574682551e-19, 2.67195105985e-19, 3.28635264302e-19, 5.38908220777e-19, 6.49309018605e-19, 8.90520933984e-19, 1.2274905341e-18, 1.53251276459e-18, 2.29271159986e-18, 1.5456578019e-18, 2.65470899697e-18, 3.42298855964e-18, 4.75090895307e-18, 4.98042468968e-18, 6.11761274348e-18, 7.27689479145e-18, 7.3512674275e-18, 7.9901023233e-18, 8.94917605734e-18, 8.59958057916e-18, 8.6470954879e-18, 8.43171833591e-18, 6.160512398e-18, 5.20094070123e-18, 3.09039681293e-18, 1.89708807008e-18, 7.77167153068e-19, 1.81268992745e-19, 2.38182860755e-20], "var": [0.137593924999, 5.91366624832, 49.7269668579, 305.014221191, 1195.85229492, 1063.12939453, 2483.84814453, 5788.31835938, 3695.23120117, 1005.18719482, 1302.42443848, 2775.09228516, 2444.23022461, 8266.99316406, 2432.79589844, 695.515869141, 797.105041504, 798.326721191, 880.336975098, 847.040710449, 1011.13952637, 702.136657715, 944.546142578, 307.648986816, 893.453186035, 243.974700928, 625.361450195, 82.3115692139, 55.0172080994, 34.3761558533, 33.5630683899, 10.6647424698, 7.98290205002, 15.6760702133, 2.5596177578, 0.778858304024, 0.145235955715, 0.0230084583163, 0.00175197108183, 2.63727861238e-06], "median": [0.0289944242686, 0.0722049251199, 0.0515414811671, 0.0753185153008, 0.21089553833, 0.847686231136, 1.86126112938, 2.44523477554, 2.3831346035, 1.94148790836, 1.43807625771, 1.54223692417, 1.54986643791, 0.953711748123, 0.592924594879, 0.324018597603, 0.197552099824, 0.166758462787, 0.154132306576, 0.147598072886, 0.133786514401, 0.118578307331, 0.123583272099, 0.137797638774, 0.110073819757, 0.0485158115625, 0.0193557608873, 0.00883555412292, 0.00393847003579, 0.00236587063409, 0.0011664016638, 0.000837533792946, 0.000512730213813, 0.000278692546999, 0.000160242110724, 9.414840315e-05, 4.81280621898e-05, 1.36044282044e-05, 1.36724920594e-05, 2.0454173864e-05]}, "spectral_energy": {"dmean": 0.00569186871871, "dmean2": 0.00849543418735, "max": 0.419127225876, "dvar": 0.000164510172908, "mean": 0.0240185540169, "dvar2": 0.000347015418811, "min": 9.28088003893e-21, "var": 0.00114326563198, "median": 0.0134741170332}, "zerocrossingrate": {"dmean": 0.00702113751322, "dmean2": 0.0097768