{"metadata": {"version": {"essentia_git_sha": "v2.1_beta2", "essentia_build_sha": "70f2e5ece6736b2c40cc944ad0e695b16b925413", "extractor": "music 1.0", "essentia": "2.1-beta2"}, "audio_properties": {"analysis_sample_rate": 44100, "md5_encoded": "8c4fce5ebe07c836508e09ce192a1d2a", "downmix": "mix", "sample_rate": 44100, "equal_loudness": 0, "lossless": false, "codec": "mp3", "bit_rate": 320030, "length": 279.013885498, "replay_gain": -14.272518158}, "tags": {"script": ["Latn"], "musicbrainz album type": ["album"], "title": ["Pretty Smiles & Shattered Teeth"], "musicbrainz_artistid": ["10031131-b9a0-4f2a-83bb-a7f26375efd7"], "label": ["Relapse Records"], "catalognumber": ["yscy-1003"], "musicip_puid": ["24b25f6e-d86c-73ac-ab1e-56e73a75efb0"], "date": ["2005-07-15"], "contentgroup": ["Metal"], "musicbrainz_albumid": ["2a0a5dff-fdfa-4666-b893-39ec48de3097"], "musicbrainz album release country": ["JP"], "mood": ["Moody"], "album": ["Confrontation"], "discnumber": ["1/1"], "artistsort": ["Soilent Green"], "file_name": "07 Pretty Smiles & Shattered Teeth (1).mp3", "genre": ["Metal; Doom Metal"], "artist": ["Soilent Green"], "asin": ["B0009OASS6"], "originaldate": ["2005-07-15"], "albumartist": ["Soilent Green"], "tracknumber": ["7/16"], "musicbrainz_recordingid": ["332e9eeb-63f6-458f-83c3-124608790591"], "albumartistsort": ["Soilent Green"], "originalyear": ["2005"], "musicbrainz_albumartistid": ["10031131-b9a0-4f2a-83bb-a7f26375efd7"]}}, "rhythm": {"beats_loudness": {"var": 0.00019435401191, "mean": 0.0408557802439, "dmean2": 0.0219679102302, "dvar": 0.000108607855509, "dmean": 0.0128636751324, "max": 0.0916612669826, "min": 6.58774226281e-08, "median": 0.0400803126395, "dvar2": 0.00029235900729}, "beats_position": [0.626938760281, 1.26548755169, 1.88081634045, 2.48453521729, 3.08825397491, 3.69197273254, 4.29569149017, 4.91102027893, 5.52634906769, 6.13006782532, 6.73378658295, 7.33750534058, 7.94122457504, 8.54494285583, 9.13705158234, 9.72916126251, 10.321269989, 10.9133787155, 11.505487442, 12.1208162308, 12.7245349884, 13.3166437149, 13.9203624725, 14.5356912613, 15.15102005, 15.7663488388, 16.3700675964, 16.9737873077, 17.5775051117, 18.181224823, 18.784942627, 19.3886623383, 19.9923801422, 20.5960998535, 21.1998176575, 21.8035373688, 22.3956451416, 22.9877548218, 23.5914726257, 24.195192337, 24.7989120483, 25.4026298523, 26.0295696259, 26.6332874298, 27.2370071411, 27.8407249451, 28.4444446564, 29.0481624603, 29.6518821716, 30.2555999756, 30.8477096558, 31.4398174286, 32.0435371399, 32.6472549438, 33.2509727478, 33.8546943665, 34.4468002319, 35.0389099121, 35.6426315308, 36.2347373962, 36.8500671387, 37.4537849426, 38.034286499, 38.638004303, 39.2417221069, 39.8338317871, 40.4375495911, 41.0528793335, 41.6565971375, 42.2603149414, 42.8756446838, 43.4909744263, 44.0830841064, 44.6751937866, 45.2556915283, 45.83618927, 46.439907074, 47.0552368164, 47.6589546204, 48.2742843628, 48.901222229, 49.5281639099, 50.1551017761, 50.7704315186, 51.3973693848, 52.0126991272, 52.6280250549, 53.2317466736, 53.8470726013, 54.4740142822, 55.1009521484, 55.7162818909, 56.3316078186, 56.9353294373, 57.5390472412, 58.0847167969, 58.6303825378, 59.1760520935, 59.7217216492, 60.2557830811, 60.8130607605, 61.3587303162, 61.9043960571, 62.4500656128, 62.9725151062, 63.5065765381, 64.0290222168, 64.5514755249, 65.0855331421, 65.6312026978, 66.1768722534, 66.7109298706, 67.2449874878, 67.7674331665, 68.2898864746, 68.8123321533, 69.3347854614, 69.8688430786, 70.4029006958, 70.936958313, 71.4826278687, 72.0282974243, 72.5623550415, 73.0964126587, 73.6304779053, 74.1645355225, 74.7334213257, 75.2907028198, 75.8363723755, 76.3704299927, 76.9044876099, 77.4385452271, 77.9726028442, 78.5066680908, 79.0291137695, 79.5515594482, 80.0856246948, 80.619682312, 81.1537399292, 81.6877975464, 82.2334671021, 82.7675247192, 83.3131942749, 83.8472518921, 84.3813171387, 85.0082550049, 85.6351928711, 86.2621307373, 86.8890686035, 87.5160064697, 88.1197280884, 88.7234420776, 89.3271636963, 89.9308853149, 90.5462112427, 91.1615371704, 91.7768707275, 92.3805847168, 92.9843063354, 93.5764160156, 94.2033538818, 94.830291748, 95.4572296143, 96.0841674805, 96.7343292236, 97.3844909668, 98.0230331421, 98.6383666992, 99.2653045654, 99.8690261841, 100.472740173, 101.08807373, 101.703399658, 102.307121277, 102.934059143, 103.560997009, 104.211151123, 104.849700928, 105.488250732, 106.115188599, 106.730522156, 107.345848083, 107.949569702, 108.553283691, 109.168617249, 109.795555115, 110.422492981, 111.061042786, 111.664756775, 112.268478394, 112.872200012, 113.31337738, 113.777778625, 114.230567932, 114.6717453, 115.124534607, 115.554100037, 116.006889343, 116.436462402, 116.866027832, 117.283988953, 117.725166321, 118.15473938, 118.58430481, 119.00226593, 119.420227051, 119.838180542, 120.267753601, 120.697319031, 121.12689209, 121.55645752, 121.986030579, 122.415596008, 122.833557129, 123.263130188, 123.692695618, 124.145484924, 124.598274231, 124.94657135, 125.271652222, 125.608345032, 125.968254089, 126.316551208, 126.64163208, 126.966712952, 127.291786194, 127.616867065, 127.91872406, 128.243804932, 128.580490112, 128.917190552, 129.242263794, 129.567337036, 129.892425537, 130.217498779, 130.554199219, 130.890884399, 131.215957642, 131.541046143, 131.866119385, 132.191192627, 132.516281128, 132.84135437, 133.166442871, 133.491516113, 133.979141235, 134.466751099, 134.954376221, 135.430389404, 135.894775391, 136.370788574, 136.835189819, 137.311203003, 137.787200928, 138.251602173, 138.716003418, 139.192016602, 139.656417847, 140.13243103, 140.608428955, 141.084442139, 141.572067261, 142.059677124, 142.547302246, 143.02331543, 143.510925293, 143.998550415, 144.486160278, 144.962173462, 145.438186646, 145.925796509, 146.401809692, 146.866210938, 147.330612183, 147.795013428, 148.259414673, 148.735412598, 149.211425781, 149.699050903, 150.175048828, 150.627838135, 151.09223938, 151.556640625, 152.009429932, 152.4506073, 152.903396606, 153.356185913, 153.80897522, 154.273376465, 154.714553833, 155.16734314, 155.620132446, 156.061309814, 156.514099121, 156.966888428, 157.431289673, 157.895690918, 158.360092163, 158.81288147, 159.265670776, 159.730072021, 160.194458008, 160.635650635, 161.100036621, 161.541213989, 161.982406616, 162.446792603, 162.899581909, 163.352371216, 163.805160522, 164.257949829, 164.699142456, 165.163528442, 165.604721069, 166.069107056, 166.510284424, 166.974685669, 167.427474976, 167.880264282, 168.344665527, 168.797454834, 169.250244141, 169.691421509, 170.144210815, 170.597000122, 171.03817749, 171.479354858, 171.932144165, 172.384933472, 172.849334717, 173.313735962, 173.766525269, 174.219314575, 174.672103882, 175.124893188, 175.589294434, 176.053695679, 176.518096924, 176.982498169, 177.435287476, 177.888076782, 178.34085083, 178.793640137, 179.246429443, 179.710830688, 180.302947998, 180.895050049, 181.487167358, 182.079269409, 182.671386719, 183.275100708, 183.878814697, 184.436096191, 184.993377686, 185.55065918, 186.131149292, 186.688430786, 187.24571228, 187.802993774, 188.337051392, 188.85949707, 189.381942749, 189.927612305, 190.461669922, 190.995727539, 191.529785156, 191.970977783, 192.412155151, 192.864944458, 193.306121826, 193.747299194, 194.200088501, 194.652877808, 195.117279053, 195.593276978, 196.16217041, 196.684616089, 197.207077026, 197.648254395, 198.089431763, 198.530609131, 198.983398438, 199.436187744, 199.877365112, 200.330154419, 200.782943726, 201.235733032, 201.688522339, 202.129699707, 202.570877075, 203.012054443, 203.453231812, 203.894424438, 204.335601807, 204.776779175, 205.229568481, 205.682357788, 206.135147095, 206.587936401, 207.040725708, 207.493515015, 207.934692383, 208.375869751, 208.840270996, 209.304672241, 209.931610107, 210.558547974, 211.162261963, 211.765975952, 212.3697052, 212.950195312, 213.507476807, 214.087982178, 214.691696167, 215.295410156, 215.899139404, 216.479629517, 217.071746826, 217.663848877, 218.255966187, 218.848068237, 219.440170288, 220.055511475, 220.659225464, 221.262939453, 221.866668701, 222.481994629, 223.07409668, 223.642990112, 224.235092163, 224.815597534, 225.384490967, 225.953369141, 226.510650635, 227.079544067, 227.6484375, 228.217315674, 228.786209106, 229.366714478, 229.923980713, 230.504486084, 231.084991455, 231.665481567, 232.245986938, 232.826477051, 233.395370483, 233.964263916, 234.521530151, 235.078811646, 235.63609314, 236.193374634, 236.750656128, 237.307937622, 237.865203857, 238.410873413, 238.956542969, 239.444168091, 239.931793213, 240.419403076, 240.744491577, 241.081176758, 241.417861938, 241.742950439, 242.068023682, 242.404708862, 242.741394043, 243.078094482, 243.414779663, 243.751464844, 244.088165283, 244.424850464, 244.761535645, 245.098220825, 245.434921265, 245.771606445, 246.108291626, 246.444976807, 246.781677246, 247.118362427, 247.455047607, 247.791748047, 248.140045166, 248.476730347, 248.813415527, 249.150115967, 249.486801147, 249.835098267, 250.171783447, 250.520080566, 250.879989624, 251.228302002, 251.58821106, 251.913284302, 252.238357544, 252.563446045, 252.888519287, 253.225204468, 253.561904907, 253.886978149, 254.212051392, 254.548751831, 254.885437012, 255.210510254, 255.535598755, 255.860671997, 256.185760498, 256.52243042, 256.84753418, 257.184204102, 257.509277344, 257.834381104, 258.171051025, 258.496154785, 258.832824707, 259.157897949, 259.483001709, 259.808074951, 260.15637207, 260.504669189, 260.852966309, 261.189666748, 261.51473999, 261.851409912, 262.188110352, 262.524810791, 262.849884033, 263.186584473, 263.511657715, 263.848327637, 264.161804199, 264.475280762, 264.800354004, 265.125427246, 265.450531006, 265.775604248, 266.10067749, 266.425750732, 266.750823975, 267.075927734, 267.401000977, 267.726074219, 268.062774658, 268.3878479, 268.724517822, 269.049621582, 269.374694824, 269.699768066, 270.024841309, 270.349914551, 270.663391113, 270.976867676, 271.290344238, 271.61541748, 271.928894043, 272.242340088, 272.55581665, 272.880889893, 273.217590332, 273.554290771, 273.879364014, 274.227661133, 274.552734375, 274.877807617, 275.214508057, 275.551208496, 275.887878418, 276.224578857, 276.561279297, 276.909576416, 277.246246338, 277.594543457, 277.942840576, 278.279541016], "bpm_histogram_first_peak_spread": {"var": 0, "mean": 0.394117593765, "dmean2": 0, "dvar": 0, "dmean": 0, "max": 0.394117593765, "min": 0.394117593765, "median": 0.394117593765, "dvar2": 0}, "danceability": 1.17276775837, "bpm_histogram_second_peak_weight": {"var": 0, "mean": 0.108391605318, "dmean2": 0, "dvar": 0, "dmean": 0, "max": 0.108391605318, "min": 0.108391605318, "median": 0.108391605318, "dvar2": 0}, "bpm_histogram_first_peak_weight": {"var": 0, "mean": 0.180069938302, "dmean2": 0, "dvar": 0, "dmean": 0, "max": 0.180069938302, "min": 0.180069938302, "median": 0.180069938302, "dvar2": 0}, "bpm": 99.1932754517, "bpm_histogram_second_peak_spread": {"var": 0, "mean": 0, "dmean2": 0, "dvar": 0, "dmean": 0, "max": 0, "min": 0, "median": 0, "dvar2": 0}, "bpm_histogram_second_peak_bpm": {"var": 0, "mean": 185, "dmean2": 0, "dvar": 0, "dmean": 0, "max": 185, "min": 185, "median": 185, "dvar2": 0}, "beats_count": 573, "beats_loudness_band_ratio": {"var": [0.0367124453187, 0.00750472210348, 0.00311089772731, 0.00235348637216, 0.00220419256948, 0.0108058201149], "mean": [0.590290009975, 0.113458499312, 0.0532319992781, 0.0385147295892, 0.086822360754, 0.14581117034], "dmean2": [0.305163741112, 0.157396271825, 0.0859197825193, 0.0690252780914, 0.0737241506577, 0.102384492755], "dvar": [0.0223012156785, 0.00744029926136, 0.00269122701138, 0.00243355589919, 0.00188185682055, 0.005072908476], "dmean": [0.175205826759, 0.0882404372096, 0.0480571202934, 0.0386187061667, 0.0423363558948, 0.0602202527225], "max": [0.902766823769, 0.521827578545, 0.336910635233, 0.287279874086, 0.408137321472, 0.921036422253], "min": [0.0126722780988, 0.000168149912497, 0.00130380841438, 0.0020879523363, 0.0218380466104, 0.0404835231602], "median": [0.626568257809, 0.0863281860948, 0.0308673866093, 0.0163952913135, 0.0755724534392, 0.122913956642], "dvar2": [0.0590387992561, 0.0223233737051, 0.00771952280775, 0.00678760465235, 0.00531986355782, 0.0102835707366]}, "onset_rate": 3.00321602821, "bpm_histogram_first_peak_bpm": {"var": 0, "mean": 99, "dmean2": 0, "dvar": 0, "dmean": 0, "max": 99, "min": 99, "median": 99, "dvar2": 0}}, "lowlevel": {"hfc": {"var": 241.842987061, "mean": 38.9853439331, "dmean2": 15.909280777, "dvar": 116.390602112, "dmean": 9.66603279114, "max": 138.858154297, "min": 1.16792701181e-16, "median": 36.8520050049, "dvar2": 292.840515137}, "barkbands_spread": {"var": 185.280471802, "mean": 47.4850082397, "dmean2": 17.3699016571, "dvar": 92.279258728, "dmean": 10.4077320099, "max": 102.273406982, "min": 0.454599618912, "median": 47.0110931396, "dvar2": 238.48425293}, "spectral_spread": {"var": 928805421056, "mean": 4306911.5, "dmean2": 597523.875, "dvar": 354904375296, "dmean": 392642.90625, "max": 41744112, "min": 1842443.75, "median": 4161061.5, "dvar2": 491720015872}, "spectral_energy": {"var": 0.000329298723955, "mean": 0.0370311848819, "dmean2": 0.0243324991316, "dvar": 0.000259046064457, "dmean": 0.0141914868727, "max": 0.118564985693, "min": 1.06794227349e-20, "median": 0.0330998674035, "dvar2": 0.000708259118255}, "gfcc": {"icov": [[0.000299341190839, -0.000530408811755, -0.000168650425621, 6.00066523475e-05, 0.000253982492723, -0.000938769662753, 0.000980748096481, -0.000357068842277, -0.000381266669137, 0.000209533143789, 0.000562204455491, -0.000947483524214, 0.000610403658357], [-0.000530408811755, 0.00331890303642, 0.00213139597327, -0.000635481439531, -0.000690741057042, 0.00304601155221, -0.00279985251836, 0.0011434777407, 0.00039944119635, 0.000444957695436, -0.00131914380472, 0.0015448568156, -0.00226304749958], [-0.000168650425621, 0.00213139597327, 0.00579431094229, -0.000673153204843, -0.00215384433977, 0.00134303304367, 0.00133792054839, -0.00142505695112, -0.00144875980914, 0.00264320895076, -0.000706104910932, -0.00199006428011, 4.62515745312e-05], [6.00066523475e-05, -0.000635481439531, -0.000673153204843, 0.00732060242444, -0.00480858795345, 0.000806334370282, 0.0037050046958, -0.00246125878766, 0.000974546419457, -0.00120167725254, -0.000147545099026, 0.00325691117905, -0.00343978195451], [0.000253982492723, -0.000690741057042, -0.00215384433977, -0.00480858795345, 0.0129846911877, -0.0054746591486, -0.00193409575149, 0.00487005058676, -0.000979909906164, -0.00590089615434, 0.00227082474157, -0.00156450062059, 0.000792602542788], [-0.000938769662753, 0.00304601155221, 0.00134303304367, 0.000806334370282, -0.0054746591486, 0.0188387297094, -0.00771078513935, -0.00308167818002, 0.00578440539539, 0.001906265039, -0.00956411566585, 0.00597727717832, -0.00102683214936], [0.000980748096481, -0.00279985251836, 0.00133792054839, 0.0037050046958, -0.00193409575149, -0.00771078513935, 0.0210232175887, -0.00927107036114, -0.00464814016595, 0.00590258510783, 0.0061610294506, -0.0117353191599, 0.00510632339865], [-0.000357068842277, 0.0011434777407, -0.00142505695112, -0.00246125878766, 0.00487005058676, -0.00308167818002, -0.00927107036114, 0.0207337457687, -0.00677694100887, -0.00303052505478, 0.00516825448722, 0.002672821749, -0.00656406302005], [-0.000381266669137, 0.00039944119635, -0.00144875980914, 0.000974546419457, -0.000979909906164, 0.00578440539539, -0.00464814016595, -0.00677694100887, 0.0249187145382, -0.00857252907008, -0.0053625293076, 0.00735328253359, -0.00185538933147], [0.000209533143789, 0.000444957695436, 0.00264320895076, -0.00120167725254, -0.00590089615434, 0.001906265039, 0.00590258510783, -0.00303052505478, -0.00857252907008, 0.0249298028648, -0.00749002816156, -0.00676737492904, 0.00984247867018], [0.000562204455491, -0.00131914380472, -0.000706104910932, -0.000147545099026, 0.00227082474157, -0.00956411566585, 0.0061610294506, 0.00516825448722, -0.0053625293076, -0.00749002816156, 0.0268567409366, -0.0102622034028, -0.00224006245844], [-0.000947483524214, 0.0015448568156, -0.00199006428011, 0.00325691117905, -0.00156450062059, 0.00597727717832, -0.0117353191599, 0.002672821749, 0.00735328253359, -0.00676737492904, -0.0102622034028, 0.0326625183225, -0.0146001335233], [0.000610403658357, -0.00226304749958, 4.62515745312e-05, -0.00343978195451, 0.000792602542788, -0.00102683214936, 0.00510632339865, -0.00656406302005, -0.00185538933147, 0.00984247867018, -0.00224006245844, -0.0146001335233, 0.0311866458505]], "mean": [50.6301345825, 49.4294395447, -102.286849976, 75.8924789429, -43.8212165833, 3.39052867889, -35.0962219238, 14.2483634949, -24.041967392, 6.94529247284, -11.2957048416, -1.45097506046, -14.0737705231], "cov": [[5497.41845703, 771.061645508, -134.840957642, -104.110176086, -132.229522705, 101.613090515, 1.40038883686, 72.4381790161, 3.23087763786, -78.8426208496, -41.1789131165, 71.1738586426, 14.2308979034], [771.061645508, 676.765441895, -237.129211426, -25.2272033691, -54.0384674072, -49.5943260193, 60.5830841064, -5.22577142715, -11.6316518784, -40.4561386108, -21.9079017639, 10.4116334915, 35.6843605042], [-134.840957642, -237.129211426, 303.639343262, 79.024810791, 70.3304519653, 7.83933067322, -47.9645042419, 8.05504226685, 18.486946106, 18.5703334808, 18.1116523743, 8.30036258698, 2.14318394661], [-104.110176086, -25.2272033691, 79.024810791, 301.864624023, 133.706680298, -12.5430650711, -101.133789062, -24.7789230347, 9.62770748138, 59.4985427856, 24.7317256927, -30.1543560028, 10.3717737198], [-132.229522705, -54.0384674072, 70.3304519653, 133.706680298, 180.262298584, 28.8677597046, -39.3571052551, -31.8984851837, 10.194729805, 62.5896034241, 30.9939594269, -1.83710622787, -8.37127971649], [101.613090515, -49.5943260193, 7.83933067322, -12.5430650711, 28.8677597046, 102.628868103, 39.3001022339, 21.5933532715, -6.09604120255, -3.72250699997, 17.153181076, 7.71056747437, -0.573212504387], [1.40038883686, 60.5830841064, -47.9645042419, -101.133789062, -39.3571052551, 39.3001022339, 153.237167358, 67.6510162354, 7.61554718018, -43.0616950989, -27.6899604797, 30.3593635559, 10.9954481125], [72.4381790161, -5.22577142715, 8.05504226685, -24.7789230347, -31.8984851837, 21.5933532715, 67.6510162354, 104.151641846, 25.5301856995, -18.0350761414, -23.1066970825, 6.13181781769, 16.2460365295], [3.23087763786, -11.6316518784, 18.486946106, 9.62770748138, 10.194729805, -6.09604120255, 7.61554718018, 25.5301856995, 63.4378395081, 27.1460018158, 8.82288169861, -3.77806925774, -2.1341574192], [-78.8426208496, -40.4561386108, 18.5703334808, 59.4985427856, 62.5896034241, -3.72250699997, -43.0616950989, -18.0350761414, 27.1460018158, 93.7388153076, 38.0057220459, 1.85358393192, -17.6874065399], [-41.1789131165, -21.9079017639, 18.1116523743, 24.7317256927, 30.9939594269, 17.153181076, -27.6899604797, -23.1066970825, 8.82288169861, 38.0057220459, 71.8714752197, 19.0034790039, 3.95387530327], [71.1738586426, 10.4116334915, 8.30036258698, -30.1543560028, -1.83710622787, 7.71056747437, 30.3593635559, 6.13181781769, -3.77806925774, 1.85358393192, 19.0034790039, 61.6810874939, 22.0759506226], [14.2308979034, 35.6843605042, 2.14318394661, 10.3717737198, -8.37127971649, -0.573212504387, 10.9954481125, 16.2460365295, -2.1341574192, -17.6874065399, 3.95387530327, 22.0759506226, 53.4037399292]]}, "silence_rate_60dB": {"var": 0.0178094636649, "mean": 0.0181394573301, "dmean2": 0.00199733697809, "dvar": 0.00099754484836, "dmean": 0.000998585368507, "max": 1, "min": 0, "median": 0, "dvar2": 0.00199317350052}, "spectral_centroid": {"var": 204127.15625, "mean": 2715.87280273, "dmean2": 538.114868164, "dvar": 114795.859375, "dmean": 321.838165283, "max": 10920.1396484, "min": 117.074432373, "median": 2746.74609375, "dvar2": 288665.46875}, "spectral_complexity": {"var": 68.1922912598, "mean": 37.6302223206, "dmean2": 6.91386461258, "dvar": 12.4522953033, "dmean": 4.30706501007, "max": 59, "min": 0, "median": 38, "dvar2": 30.2659492493}, "melbands_spread": {"var": 505.140167236, "mean": 40.6991996765, "dmean2": 23.0078887939, "dvar": 171.8256073, "dmean": 14.0292606354, "max": 226.069763184, "min": 0.321815848351, "median": 37.3592033386, "dvar2": 438.455230713}, "spectral_strongpeak": {"var": 0.136017069221, "mean": 0.360862672329, "dmean2": 0.392146497965, "dvar": 0.14434863627, "dmean": 0.222817629576, "max": 7.01888513565, "min": 0, "median": 0.290080726147, "dvar2": 0.405590653419}, "zerocrossingrate": {"var": 0.00157660502009, "mean": 0.0941238254309, "dmean2": 0.0164522659034, "dvar": 0.000168142709299, "dmean": 0.0130854258314, "max": 0.5087890625, "min": 0.00439453125, "median": 0.08740234375, "dvar2": 0.000243777001742}, "erbbands_kurtosis": {"var": 6.04972314835, "mean": 1.44776260853, "dmean2": 2.11811709404, "dvar": 2.40087676048, "dmean": 1.30935931206, "max": 80.7499008179, "min": -1.81913506985, "median": 1.17941355705, "dvar2": 5.62169790268}, "spectral_energyband_middle_low": {"var": 6.94470654707e-05, "mean": 0.00913368258625, "dmean2": 0.0097998585552, "dvar": 8.17408654257e-05, "dmean": 0.00558959273621, "max": 0.068435639143, "min": 1.37377741129e-22, "median": 0.00686741713434, "dvar2": 0.00023041680106}, "erbbands": {"var": [0.230658486485, 8.89843559265, 31.1313343048, 26.3427143097, 223.157699585, 313.256011963, 130.629653931, 346.504699707, 327.827453613, 586.667602539, 943.787841797, 530.544372559, 726.393554688, 1437.08459473, 1076.66772461, 1355.03259277, 1339.20080566, 1359.31066895, 456.409973145, 382.9375, 555.701416016, 1082.7767334, 1445.43469238, 782.655029297, 664.377746582, 2128.28881836, 745.194213867, 90.0884170532, 125.94468689, 104.882987976, 155.94241333, 174.706420898, 52.9935188293, 15.3741445541, 2.26694345474, 0.22334459424, 0.0236219055951, 0.00139609968755, 3.21951301885e-05, 6.26639931056e-08], "mean": [0.398224323988, 2.67798519135, 5.75062465668, 6.42334938049, 10.405711174, 11.6374855042, 9.98270988464, 11.6964445114, 10.9678907394, 14.6803951263, 13.7992687225, 11.7188425064, 11.3950157166, 13.8955163956, 12.4480714798, 14.5889825821, 15.823425293, 18.7654914856, 15.5410547256, 15.795791626, 30.525396347, 51.6826438904, 60.6927871704, 60.9105491638, 63.3274612427, 106.580192566, 51.6565971375, 14.7943668365, 14.6392145157, 12.5208673477, 10.6397848129, 7.20908594131, 3.82410573959, 2.18596577644, 0.972617506981, 0.323940366507, 0.0971300750971, 0.0191964767873, 0.00255597382784, 0.000164043463883], "dmean2": [0.408174395561, 3.72909712791, 6.92234134674, 6.30006170273, 16.7457790375, 19.7646255493, 12.0233345032, 17.4577865601, 17.462474823, 22.8467845917, 17.4657592773, 14.4051837921, 12.5426530838, 17.6599025726, 16.2297153473, 18.3138809204, 18.0253067017, 18.2803878784, 13.5665359497, 12.6336126328, 21.7052402496, 38.1884078979, 42.7908096313, 39.6517791748, 37.5154304504, 63.6427993774, 30.9190139771, 11.1955833435, 13.3217496872, 11.1380138397, 9.05560112, 6.38864374161, 3.20965313911, 1.814691782, 0.824587643147, 0.269148081541, 0.0883298367262, 0.0200958475471, 0.00296691036783, 0.000154099747306], "dvar": [0.141997799277, 10.7906732559, 30.8517799377, 17.7848129272, 302.33605957, 435.65335083, 108.614631653, 403.667358398, 402.435058594, 580.950134277, 595.305175781, 332.490753174, 398.869445801, 986.413574219, 842.365844727, 1017.69311523, 898.659301758, 787.669067383, 264.493896484, 244.36227417, 341.760894775, 752.932006836, 906.272888184, 509.461669922, 445.4972229, 1163.93518066, 362.606048584, 84.5393447876, 115.885536194, 88.9393463135, 88.6665039062, 88.0043792725, 27.0460338593, 8.92576885223, 1.60954499245, 0.179659038782, 0.0152629325166, 0.00110207265243, 3.08358467009e-05, 5.86170330052e-08], "dmean": [0.262738287449, 2.11965608597, 3.96718549728, 3.72795963287, 9.37632656097, 11.0473518372, 7.07393836975, 10.0852603912, 9.94818019867, 13.2385320663, 10.5634050369, 8.69423484802, 7.93259334564, 11.0840530396, 10.1210384369, 11.3154850006, 11.183049202, 11.2413053513, 8.23293590546, 7.78163957596, 13.0780954361, 22.4851875305, 25.408613205, 23.1973190308, 21.9437274933, 36.9993743896, 18.3700389862, 6.58582830429, 7.80193376541, 6.55912256241, 5.61822032928, 4.09614086151, 2.09308791161, 1.17079365253, 0.526022017002, 0.17311052978, 0.0573494844139, 0.0128916958347, 0.00188985618297, 9.6853087598e-05], "max": [2.86346077919, 22.513168335, 63.1017189026, 58.8649673462, 159.785736084, 188.424133301, 161.597793579, 247.526046753, 320.217712402, 323.222106934, 478.613067627, 352.489685059, 438.158935547, 609.79486084, 613.570800781, 703.373779297, 562.27545166, 625.125183105, 503.302703857, 381.284912109, 474.304046631, 518.454284668, 584.934875488, 313.902709961, 317.802062988, 413.591308594, 312.417297363, 123.457603455, 172.983276367, 130.029388428, 173.403961182, 143.391586304, 93.1349945068, 61.0891723633, 36.6955184937, 20.8816795349, 3.55688929558, 0.998321413994, 0.160524994135, 0.00789778772742], "min": [1.27512718703e-21, 4.17506731827e-21, 2.36371383681e-21, 1.32186903087e-20, 7.16125556866e-21, 2.1396562967e-20, 6.6155921451e-20, 2.98938006895e-19, 2.59433411804e-19, 3.48597252133e-19, 6.44887893327e-19, 5.37741896113e-19, 1.86861837455e-18, 2.23326006128e-18, 3.14785298507e-18, 2.11518230359e-18, 3.70062284006e-18, 4.12852088939e-18, 8.03907720583e-18, 7.04434123403e-18, 6.75803748042e-18, 7.94484644481e-18, 9.45067498322e-18, 9.51570378708e-18, 1.41199912543e-17, 1.15103588444e-17, 1.34071137675e-17, 1.67741541052e-17, 1.4430124427e-17, 1.7877313603e-17, 1.27148090897e-17, 1.56261680357e-17, 1.44225739223e-17, 1.08367592018e-17, 8.43390374709e-18, 7.00046178408e-18, 3.49001107557e-18, 1.13709406541e-18, 3.03860946462e-19, 3.01154424422e-20], "median": [0.169118523598, 1.79144382477, 4.21963882446, 5.08655309677, 5.84413433075, 6.35253953934, 6.44744491577, 6.10641050339, 5.49183893204, 5.48881626129, 2.9627559185, 3.71828889847, 2.33202600479, 1.59747552872, 1.85006189346, 3.46658229828, 4.5040473938, 9.07452583313, 10.0188751221, 11.0906829834, 25.4429321289, 44.7606773376, 52.2144355774, 56.3515548706, 59.5468978882, 99.7359085083, 46.4231109619, 12.5735664368, 11.4915304184, 9.77195167542, 7.0909781456, 3.44270706177, 1.9093900919, 1.21196651459, 0.58952999115, 0.193594783545, 0.0505798384547, 0.00848071556538, 0.00105515494943, 9.58920863923e-05], "dvar2": [0.332346588373, 30.134469986, 88.4474029541, 48.2789459229, 863.209960938, 1239.5390625, 294.231262207, 1087.89624023, 1102.35083008, 1564.17504883, 1605.2668457, 845.198730469, 954.268554688, 2424.34057617, 2124.34692383, 2590.84619141, 2289.32983398, 2030.84936523, 670.12322998, 601.409179688, 866.996398926, 2015.77478027, 2357.19165039, 1426.86315918, 1246.55737305, 3275.953125, 986.811157227, 228.071762085, 317.994812012, 237.119384766, 197.812850952, 179.87739563, 53.7915802002, 18.1630916595, 3.60084247589, 0.444604814053, 0.0354433916509, 0.00268345535733, 7.8870136349e-05, 1.49415086526e-07]}, "barkbands_crest": {"var": 16.2314319611, "mean": 9.50971221924, "dmean2": 5.04572582245, "dvar": 8.78500366211, "dmean": 3.11281275749, "max": 23.835855484, "min": 2.5983402729, "median": 8.58634757996, "dvar2": 22.4729633331}, "melbands_crest": {"var": 26.2502861023, "mean": 15.9617271423, "dmean2": 6.15791273117, "dvar": 10.7617368698, "dmean": 3.88825702667, "max": 32.3130226135, "min": 2.04431915283, "median": 15.4225759506, "dvar2": 26.1180400848}, "spectral_flux": {"var": 0.00196503405459, "mean": 0.112263694406, "dmean2": 0.0477249324322, "dvar": 0.000969847547822, "dmean": 0.0297068338841, "max": 0.305891931057, "min": 1.0390969335e-10, "median": 0.103200182319, "dvar2": 0.00204697041772}, "spectral_contrast_valleys": {"var": [0.883088290691, 0.906641900539, 0.947559833527, 0.65205603838, 0.551965177059, 0.561319887638], "mean": [-6.55779027939, -6.76773118973, -7.60868024826, -7.32268381119, -6.14156484604, -9.21086120605], "dmean2": [0.610242903233, 0.69038361311, 0.628760099411, 0.387162297964, 0.265728831291, 0.347125917673], "dvar": [0.121018968523, 0.174319684505, 0.155197232962, 0.0700417384505, 0.0534806922078, 0.0915418863297], "dmean": [0.366182744503, 0.423331588507, 0.396898597479, 0.237965986133, 0.159086436033, 0.226926490664], "max": [-5.20372247696, -4.63008260727, -5.32932281494, -5.88998317719, -5.35047245026, -7.54991292953], "min": [-27.2254543304, -27.8923473358, -27.3524951935, -27.365694046, -27.420337677, -27.2720432281], "median": [-6.41804981232, -6.71364402771, -7.62109899521, -7.27623462677, -6.05139923096, -9.17464065552], "dvar2": [0.267195343971, 0.409143716097, 0.341594576836, 0.135306030512, 0.0856298953295, 0.16835244]}, "mfcc": {"icov": [[0.000349484529579, -0.000645889900625, -0.000370047288015, 4.09044769185e-05, -0.000248413416557, -9.3486829428e-05, 0.000253023463301, -0.000537170271855, 0.000363657105481, -0.000288363953587, 0.000125165461213, -0.000274622085271, 0.000171435793163], [-0.000645889900625, 0.00407970277593, 0.00223221676424, -0.0010883694049, 0.0019842942711, 0.000344184314599, 7.89587720647e-05, 2.76589235e-05, -0.000220890302444, 0.00136438885238, -6.85655249981e-05, 0.000414860958699, -0.000280731881503], [-0.000370047288015, 0.00223221676424, 0.00799873750657, -0.000265505135758, -0.00235611526296, 0.0033784925472, 0.000705793849193, -0.00272558699362, 0.00143081578426, -0.000832428922877, 0.00222387700342, -0.000554292637389, 0.000183850555914], [4.09044769185e-05, -0.0010883694049, -0.000265505135758, 0.00663196342066, -0.00480941915885, -0.00033429558971, 0.00187760777771, 0.00156248139683, -0.0033732780721, 0.00126914260909, -0.00046322774142, 0.00138812232763, -0.000819407810923], [-0.000248413416557, 0.0019842942711, -0.00235611526296, -0.00480941915885, 0.013556192629, -0.00594786508009, -0.00328478007577, 0.00608797231689, 0.00134776160121, -0.00493165291846, 0.00319748977199, -0.00375925493427, 0.00171165680513], [-9.3486829428e-05, 0.000344184314599, 0.0033784925472, -0.00033429558971, -0.00594786508009, 0.0191918127239, -0.00636766431853, -0.00152715365402, 0.0061935801059, 0.00090059672948, -0.006034148857, 0.0043085673824, -0.00321916514076], [0.000253023463301, 7.89587720647e-05, 0.000705793849193, 0.00187760777771, -0.00328478007577, -0.00636766431853, 0.0220089405775, -0.00955458451062, -0.00370738306083, 0.00525222485885, 0.00191632751375, -0.00529567571357, 0.00109012564644], [-0.000537170271855, 2.76589235e-05, -0.00272558699362, 0.00156248139683, 0.00608797231689, -0.00152715365402, -0.00955458451062, 0.0242843702435, -0.0135140959173, -0.0003724086273, 0.00495665241033, -0.00147512706462, -0.000560487504117], [0.000363657105481, -0.000220890302444, 0.00143081578426, -0.0033732780721, 0.00134776160121, 0.0061935801059, -0.00370738306083, -0.0135140959173, 0.0311650652438, -0.0132087171078, -0.00398320518434, 0.00974017754197, -0.00329012889415], [-0.000288363953587, 0.00136438885238, -0.000832428922877, 0.00126914260909, -0.00493165291846, 0.00090059672948, 0.00525222485885, -0.0003724086273, -0.0132087171078, 0.0339606329799, -0.0133343664929, -0.00288662081584, 0.00770543841645], [0.000125165461213, -6.85655249981e-05, 0.00222387700342, -0.00046322774142, 0.00319748977199, -0.006034148857, 0.00191632751375, 0.00495665241033, -0.00398320518434, -0.0133343664929, 0.0330984443426, -0.0149283511564, 0.000269170850515], [-0.000274622085271, 0.000414860958699, -0.000554292637389, 0.00138812232763, -0.00375925493427, 0.0043085673824, -0.00529567571357, -0.00147512706462, 0.00974017754197, -0.00288662081584, -0.0149283511564, 0.0378592684865, -0.0161434486508], [0.000171435793163, -0.000280731881503, 0.000183850555914, -0.000819407810923, 0.00171165680513, -0.00321916514076, 0.00109012564644, -0.000560487504117, -0.00329012889415, 0.00770543841645, 0.000269170850515, -0.0161434486508, 0.0287606175989]], "mean": [-591.101318359, 70.3354873657, 6.17226171494, 64.5852813721, 16.1696681976, 4.52983570099, 5.69042253494, 3.4522588253, -3.62489914894, 7.88465881348, 0.674254357815, 4.8252863884, 2.93923377991], "cov": [[4362.46435547, 708.196166992, 47.1656913757, 8.59663486481, -78.1219024658, -34.7161064148, -18.5086555481, 119.47543335, 3.78700184822, -6.01346349716, -34.37159729, 2.6227478981, -11.515961647], [708.196166992, 514.034423828, -131.016540527, -21.0378189087, -148.696121216, -30.9124526978, -6.46912527084, 47.9569549561, 22.3879108429, -36.4786605835, -13.452755928, -22.6333007812, 7.35954999924], [47.1656913757, -131.016540527, 201.751983643, 21.8570480347, 60.6072845459, -22.5868530273, -4.17100429535, 6.89829492569, -1.74069309235, 15.0143117905, -17.5174198151, 2.25888204575, -10.8593902588], [8.59663486481, -21.0378189087, 21.8570480347, 276.69342041, 154.274215698, 41.3526496887, -26.5912322998, -71.1041412354, -12.5048084259, 17.2512817383, 14.5746927261, 4.36590576172, -1.18201816082], [-78.1219024658, -148.696121216, 60.6072845459, 154.274215698, 254.375152588, 79.062713623, -2.97468948364, -94.5350952148, -50.0404930115, 27.0087070465, 21.3817615509, 31.6524868011, -0.390765786171], [-34.7161064148, -30.9124526978, -22.5868530273, 41.3526496887, 79.062713623, 101.276817322, 22.9987545013, -29.9820251465, -30.5633239746, -1.94239616394, 19.5341835022, 17.6350955963, 13.1421451569], [-18.5086555481, -6.46912527084, -4.17100429535, -26.5912322998, -2.97468948364, 22.9987545013, 80.9095687866, 45.6350708008, 16.4432983398, -9.06177330017, -5.37254428864, 7.6321811676, 8.53322505951], [119.47543335, 47.9569549561, 6.89829492569, -71.1041412354, -94.5350952148, -29.9820251465, 45.6350708008, 127.363517761, 63.6797294617, -0.930644214153, -19.8369789124, -16.1200714111, -0.619843959808], [3.78700184822, 22.3879108429, -1.74069309235, -12.5048084259, -50.0404930115, -30.5633239746, 16.4432983398, 63.6797294617, 84.225944519, 23.9911689758, -0.330811202526, -19.8308200836, -7.89474010468], [-6.01346349716, -36.4786605835, 15.0143117905, 17.2512817383, 27.0087070465, -1.94239616394, -9.06177330017, -0.930644214153, 23.9911689758, 58.4327354431, 25.6023731232, 4.87237071991, -11.8394670486], [-34.37159729, -13.452755928, -17.5174198151, 14.5746927261, 21.3817615509, 19.5341835022, -5.37254428864, -19.8369789124, -0.330811202526, 25.6023731232, 58.5328330994, 26.2845726013, 8.64047527313], [2.6227478981, -22.6333007812, 2.25888204575, 4.36590576172, 31.6524868011, 17.6350955963, 7.6321811676, -16.1200714111, -19.8308200836, 4.87237071991, 26.2845726013, 55.3011245728, 26.5808525085], [-11.515961647, 7.35954999924, -10.8593902588, -1.18201816082, -0.390765786171, 13.1421451569, 8.53322505951, -0.619843959808, -7.89474010468, -11.8394670486, 8.64047527313, 26.5808525085, 53.2126464844]]}, "erbbands_flatness_db": {"var": 0.000470673112432, "mean": 0.128168612719, "dmean2": 0.0182676501572, "dvar": 9.8487813375e-05, "dmean": 0.011533989571, "max": 0.354709029198, "min": 0.0624341331422, "median": 0.125804245472, "dvar2": 0.000236154955928}, "barkbands": {"var": [1.1736307215e-06, 0.000182033603778, 2.19740813918e-05, 4.07385095968e-06, 2.63626934611e-05, 3.80098640562e-06, 1.79267522071e-06, 1.77375818566e-06, 9.87845055533e-07, 1.20113395496e-06, 7.55266341912e-07, 8.82538415681e-07, 7.52033542994e-07, 4.07583200968e-07, 1.44082633824e-07, 1.72394138076e-07, 3.41313523222e-07, 4.72965183462e-07, 2.27587221957e-07, 8.7594685283e-07, 1.34580602662e-07, 9.10184283498e-08, 1.66929865486e-07, 2.77332048881e-07, 7.19952026884e-08, 7.71352048901e-09, 9.24708198902e-10], "mean": [0.000805812655017, 0.0127499578521, 0.00466890819371, 0.00209676171653, 0.00355710834265, 0.0013895414304, 0.000838337582536, 0.000642191560473, 0.0004976936616, 0.000411075248849, 0.000303755892674, 0.000352603936335, 0.000349754118361, 0.00037465521018, 0.000226313670282, 0.00048262841301, 0.000888633774593, 0.00113398348913, 0.00107593426947, 0.00226876651868, 0.00062069966225, 0.000394101021811, 0.000386536732549, 0.000275339145446, 0.000167391452123, 5.82317297813e-05, 1.43337365444e-05], "dmean2": [0.000572549761273, 0.0150526324287, 0.00548278586939, 0.00244456110522, 0.005721939262, 0.00191969145089, 0.00137148273643, 0.000868660048582, 0.000613950192928, 0.000503825664055, 0.000437699840404, 0.000485734839458, 0.000431179592852, 0.000371149362763, 0.000220449976041, 0.000388030457543, 0.000683452002704, 0.000825872819405, 0.000693597714417, 0.00128719583154, 0.000454325723695, 0.000354103976861, 0.000320399121847, 0.000234426202951, 0.000133567678859, 4.95921703987e-05, 1.65675919561e-05], "dvar": [3.93345516159e-07, 0.000171629333636, 1.89320817299e-05, 3.08268477056e-06, 3.66662425222e-05, 4.02220848628e-06, 2.0746726932e-06, 1.11587337415e-06, 6.15933117842e-07, 7.16330532669e-07, 6.13886356859e-07, 6.91985405865e-07, 5.12222925408e-07, 2.3892582135e-07, 9.98410882858e-08, 1.10251583862e-07, 2.35299552287e-07, 2.97037274777e-07, 1.48450638449e-07, 4.66206074634e-07, 8.87874449518e-08, 8.48002059683e-08, 9.76063745384e-08, 1.35334090601e-07, 4.32879865286e-08, 5.37891509111e-09, 8.22177936843e-10], "dmean": [0.000480145390611, 0.00890239793807, 0.00319066480733, 0.00143150822259, 0.00319762923755, 0.00111915101297, 0.00078282027971, 0.000522880523931, 0.000371653033653, 0.000316564750392, 0.000267349125352, 0.000297034537653, 0.000263480353169, 0.000223537412239, 0.000134500325657, 0.000231277314015, 0.000402732839575, 0.000488846271764, 0.000408488500398, 0.00075399124762, 0.000268767587841, 0.000207493227208, 0.000197432804271, 0.000152132241055, 8.61337539391e-05, 3.23309359374e-05, 1.05795988929e-05], "max": [0.00644854968414, 0.0965083763003, 0.0570219829679, 0.0189140662551, 0.0508224107325, 0.022862482816, 0.0168860666454, 0.0174185968935, 0.0140975788236, 0.0167341381311, 0.0159804970026, 0.0174184963107, 0.0116473026574, 0.0111998161301, 0.00717430468649, 0.00814931094646, 0.00817508902401, 0.00954338721931, 0.00489019462839, 0.0125044519082, 0.00490260915831, 0.00371584435925, 0.00562702957541, 0.00491187907755, 0.00419716211036, 0.00313395005651, 0.000913876516279], "min": [1.07344831435e-23, 2.72607451878e-23, 1.21288369975e-24, 4.63274264923e-24, 4.96673452359e-24, 3.1615181654e-23, 1.69910983327e-23, 2.60085736512e-23, 2.50020644445e-23, 9.38346765099e-23, 6.27887021752e-23, 4.98944993113e-23, 7.73361807917e-23, 8.19156508752e-23, 1.5250310769e-22, 1.39868168696e-22, 1.13130933693e-22, 1.80941063696e-22, 2.68259660776e-22, 2.43072127244e-22, 4.09715951625e-22, 4.61466413454e-22, 4.38393961159e-22, 8.2962893388e-22, 1.01801861157e-21, 1.94172671835e-21, 2.02201271513e-21], "median": [0.000178787784535, 0.00826528668404, 0.00336300092749, 0.00148811668623, 0.00208434183151, 0.000789761543274, 0.000377848860808, 0.000145138896187, 0.000150344596477, 5.46104056411e-05, 4.02700607083e-05, 7.43315467844e-05, 9.61674668361e-05, 0.000217605527723, 0.000131039021653, 0.000393534370232, 0.000767630059272, 0.000984480138868, 0.00100278959144, 0.00214505265467, 0.000540745444596, 0.000312107789796, 0.000272352306638, 0.000129844003823, 0.000100070647022, 3.23603308061e-05, 5.75147851123e-06], "dvar2": [6.31053467259e-07, 0.000462184339995, 5.37319501746e-05, 8.42850295157e-06, 0.000104682410893, 1.08430385808e-05, 5.70840393266e-06, 2.94746678264e-06, 1.57392366873e-06, 1.70354519469e-06, 1.58535783612e-06, 1.75103855327e-06, 1.30887997329e-06, 5.98145732056e-07, 2.54894359841e-07, 2.76213000916e-07, 6.32937315004e-07, 8.02595764071e-07, 4.14994076436e-07, 1.32047819079e-06, 2.41874744233e-07, 2.3277770822e-07, 2.23562196311e-07, 2.67857700464e-07, 8.96251748372e-08, 1.27901769176e-08, 2.05792427543e-09]}, "spectral_energyband_low": {"var": 0.000248021999141, "mean": 0.0192982070148, "dmean2": 0.0184430256486, "dvar": 0.000218525194214, "dmean": 0.0109072597697, "max": 0.106881670654, "min": 4.35692011585e-23, "median": 0.0146197713912, "dvar2": 0.0006000965368}, "erbbands_spread": {"var": 174.350189209, "mean": 43.307636261, "dmean2": 16.5356407166, "dvar": 89.8401031494, "dmean": 9.97253799438, "max": 129.776184082, "min"