{"tonal": {"hpcp": {"dvar": [0.0248728301376, 0.0187146961689, 0.0177420563996, 0.017794623971, 0.0199409388006, 0.0196928847581, 0.0282213240862, 0.0300152860582, 0.0313154831529, 0.0380055122077, 0.0321817845106, 0.0225676745176, 0.0169745478779, 0.0149828009307, 0.0177395194769, 0.0197332017124, 0.0171464476734, 0.0115181915462, 0.00919830054045, 0.00825328286737, 0.00773101020604, 0.0109337838367, 0.00955772027373, 0.0122139230371, 0.0128475222737, 0.0121408030391, 0.00900697149336, 0.0125916544348, 0.0198445115238, 0.0251042284071, 0.0351353138685, 0.0269981604069, 0.0172826163471, 0.0189424864948, 0.0160508491099, 0.0223727859557], "var": [0.0519406311214, 0.0231796242297, 0.0137374140322, 0.0127355381846, 0.0136215295643, 0.0274257417768, 0.0719971731305, 0.0466021038592, 0.0847840830684, 0.189780920744, 0.0766902193427, 0.0284851118922, 0.0140927694738, 0.0104210991412, 0.0161131992936, 0.0358657725155, 0.0237799435854, 0.0111182695255, 0.0104281380773, 0.00558120617643, 0.00966298673302, 0.0183438621461, 0.0116143934429, 0.0221247989684, 0.0630532130599, 0.027398519218, 0.00754702044651, 0.015231076628, 0.0189995598048, 0.0561416819692, 0.182860523462, 0.0859093815088, 0.0205231197178, 0.0152925522998, 0.0133155286312, 0.0307634882629], "median": [0.0153012210503, 0.0113039081916, 0.00447708088905, 0.00313117937185, 0.00362772401422, 0.02343201451, 0.0373983122408, 0.0408348925412, 0.0624867938459, 0.0633304342628, 0.0566733591259, 0.0157350059599, 0.0096504567191, 0.00557949021459, 0.0215902738273, 0.0434057861567, 0.0310233812779, 0.0110782617703, 0.00668589398265, 0.00423127505928, 0.00637704413384, 0.010071599856, 0.0125919952989, 0.00959462206811, 0.00625050952658, 0.0032626343891, 0.00715216109529, 0.00920769944787, 0.0130006857216, 0.196584105492, 0.341482847929, 0.170987814665, 0.0100873047486, 0.00230199354701, 0.00327420560643, 0.00932761840522], "max": [1, 1, 1, 1, 1, 1, 1, 1, 1, 1, 1, 1, 1, 1, 1, 1, 1, 1, 1, 1, 1, 1, 1, 1, 1, 1, 1, 1, 1, 1, 1, 1, 1, 1, 1, 1], "dmean": [0.0579950511456, 0.0513995401561, 0.0394313633442, 0.0391539111733, 0.0426986627281, 0.0649785995483, 0.0884693264961, 0.0977078825235, 0.10904276371, 0.0844063684344, 0.0987956449389, 0.0619596093893, 0.0422063618898, 0.0376198738813, 0.0510984286666, 0.0629167035222, 0.0537749119103, 0.0337111987174, 0.0255750771612, 0.0226543657482, 0.0279600154608, 0.0353833287954, 0.0329938940704, 0.0382041186094, 0.0314934179187, 0.0316808484495, 0.0281638260931, 0.0353766009212, 0.0517009310424, 0.103651411831, 0.0995618626475, 0.105058982968, 0.0557367503643, 0.0406582504511, 0.0394228510559, 0.0560460612178], "dmean2": [0.098147302866, 0.0881774425507, 0.0718929022551, 0.0719160959125, 0.0782440751791, 0.111110277474, 0.146545812488, 0.166184157133, 0.181635990739, 0.145851463079, 0.164491251111, 0.109700448811, 0.0761523097754, 0.0681917592883, 0.0899936333299, 0.105142533779, 0.0905092731118, 0.0596636198461, 0.0452693961561, 0.0412240736187, 0.0476676523685, 0.0588056743145, 0.0564302280545, 0.0672448724508, 0.0563432723284, 0.0560843795538, 0.0492770709097, 0.0607089884579, 0.0920180231333, 0.172649741173, 0.165410205722, 0.177745774388, 0.0994633510709, 0.0743282809854, 0.0703518912196, 0.0965967401862], "mean": [0.0998293235898, 0.0640734881163, 0.0319997407496, 0.0289000831544, 0.0316638313234, 0.0952228084207, 0.176565930247, 0.142494350672, 0.232925489545, 0.36387142539, 0.220223680139, 0.0726751759648, 0.0436931736767, 0.0319262109697, 0.062418654561, 0.11340264231, 0.0842401832342, 0.0378018766642, 0.0304826386273, 0.0207202751189, 0.0385034754872, 0.0587435662746, 0.0469836033881, 0.0629146024585, 0.0896671041846, 0.0546361915767, 0.0302014965564, 0.0451776571572, 0.0527182035148, 0.256524354219, 0.485023975372, 0.295792192221, 0.0573299750686, 0.0313237570226, 0.0322485491633, 0.0705189034343], "dvar2": [0.0602540373802, 0.0488771349192, 0.0472711846232, 0.0482940785587, 0.0558738149703, 0.0523851774633, 0.0698016434908, 0.0774586126208, 0.079467497766, 0.0883391648531, 0.0792195051908, 0.0614898949862, 0.0477810166776, 0.0424084700644, 0.050155878067, 0.0519300289452, 0.0464088357985, 0.0314433537424, 0.0251255743206, 0.0237481053919, 0.0211012791842, 0.0288774874061, 0.0248107742518, 0.0347439572215, 0.0346548371017, 0.0319822691381, 0.0251371394843, 0.0328795537353, 0.0499042868614, 0.0663384050131, 0.0808136761189, 0.0690152570605, 0.0470280908048, 0.0494626089931, 0.0423422940075, 0.0572996102273], "min": [0, 0, 0, 0, 0, 0, 0, 0, 0, 0, 0, 0, 0, 0, 0, 0, 0, 0, 0, 0, 0, 0, 0, 0, 0, 0, 0, 0, 0, 0, 0, 0, 0, 0, 0, 0]}, "key_key": "C", "thpcp": [1, 0.609850645065, 0.118200294673, 0.0645818710327, 0.0664885640144, 0.145392611623, 0.205823481083, 0.13210375607, 0.0659755840898, 0.0595848560333, 0.0652830228209, 0.196325987577, 0.364035457373, 0.293788254261, 0.480235010386, 0.750213265419, 0.454046994448, 0.14983831346, 0.0900845676661, 0.0658239871264, 0.128691896796, 0.233808323741, 0.173682510853, 0.0779381617904, 0.0628476962447, 0.042720105499, 0.0793846845627, 0.121114768088, 0.0968686193228, 0.129714414477, 0.18487149477, 0.112646371126, 0.0622680485249, 0.0931452065706, 0.108691953123, 0.528890073299], "chords_key": "G", "tuning_equal_tempered_deviation": 0.0346141681075, "tuning_frequency": 439.745910645, "tuning_diatonic_strength": 0.639124810696, "chords_histogram": [21.2323894501, 1.60808312893, 49.0536499023, 1.96385371685, 0.953465223312, 0, 0.156539067626, 0, 0, 0, 0, 0, 0, 0, 0, 0.156539067626, 0, 9.86196136475, 0, 0.18500071764, 0, 0.853849411011, 10.5592718124, 3.41539764404], "key_strength": 0.869244337082, "key_scale": "major", "chords_strength": {"dvar": 3.74781884602e-05, "var": 0.00628007017076, "median": 0.477794587612, "max": 0.705726802349, "dmean": 0.00735671119764, "dmean2": 0.00551242660731, "mean": 0.480494499207, "dvar2": 2.77823801298e-05, "min": 0.29455152154}, "chords_number_rate": 0.000996157643385, "tuning_nontempered_energy_ratio": 0.632225036621, "hpcp_entropy": {"dvar": 0.21400244534, "var": 0.555506527424, "median": 1.75761568546, "max": 4.31027460098, "dmean": 0.475975036621, "dmean2": 0.784705340862, "mean": 1.75077438354, "dvar2": 0.523149967194, "min": 0}, "chords_changes_rate": 0.0407001562417, "chords_scale": "major"}, "rhythm": {"bpm_histogram_first_peak_spread": {"dvar": 0, "var": 0, "median": 0.268505036831, "max": 0.268505036831, "dmean": 0, "dmean2": 0, "mean": 0.268505036831, "dvar2": 0, "min": 0.268505036831}, "bpm_histogram_first_peak_weight": {"dvar": 0, "var": 0, "median": 0.699999988079, "max": 0.699999988079, "dmean": 0, "dmean2": 0, "mean": 0.699999988079, "dvar2": 0, "min": 0.699999988079}, "bpm_histogram_first_peak_bpm": {"dvar": 0, "var": 0, "median": 133, "max": 133, "dmean": 0, "dmean2": 0, "mean": 133, "dvar2": 0, "min": 133}, "bpm": 132.353485107, "bpm_histogram_second_peak_weight": {"dvar": 0, "var": 0, "median": 0.00972222257406, "max": 0.00972222257406, "dmean": 0, "dmean2": 0, "mean": 0.00972222257406, "dvar2": 0, "min": 0.00972222257406}, "beats_loudness": {"dvar": 9.42673868849e-05, "var": 0.000407760497183, "median": 0.0328343734145, "max": 0.119295865297, "dmean": 0.0104810148478, "dmean2": 0.0180154126137, "mean": 0.0353751666844, "dvar2": 0.000279106636299, "min": 4.81265260532e-07}, "beats_loudness_band_ratio": {"dvar": [0.0209554731846, 0.011360428296, 0.00750499358401, 0.00146916066296, 0.00191652821377, 0.00432428438216], "var": [0.0445929951966, 0.0170769300312, 0.010178277269, 0.0028910827823, 0.00569949904457, 0.00371599337086], "median": [0.594962537289, 0.207535475492, 0.0686156079173, 0.0547830015421, 0.0361849404871, 0.0318120829761], "max": [0.983972370625, 0.671133935452, 0.671542942524, 0.400204956532, 0.593375325203, 0.564917802811], "dmean": [0.180861085653, 0.125305086374, 0.0783799290657, 0.0385808199644, 0.0358088240027, 0.0433440059423], "dmean2": [0.306115746498, 0.216152757406, 0.133093386889, 0.0667720884085, 0.0603663250804, 0.0781116187572], "mean": [0.586054980755, 0.222421973944, 0.103951454163, 0.0645854696631, 0.0561866983771, 0.0495010390878], "dvar2": [0.0551333166659, 0.0317892469466, 0.0221166275442, 0.00398309528828, 0.00386019796133, 0.0122632011771], "min": [0.00276500568725, 0.0025758582633, 0.00462838634849, 0.00113186484668, 0.000134236339363, 6.25508764642e-05]}, "bpm_histogram_second_peak_bpm": {"dvar": 0, "var": 0, "median": 140, "max": 140, "dmean": 0, "dmean2": 0, "mean": 140, "dvar2": 0, "min": 140}, "onset_rate": 2.76443910599, "beats_count": 721, "beats_position": [0.49922901392, 0.986848056316, 1.46285712719, 1.92725622654, 2.39165520668, 2.8444442749, 3.28562355042, 3.73841261864, 4.19120168686, 4.6439909935, 5.0967798233, 5.54956912994, 6.01396799088, 6.47836732864, 6.94276618958, 7.39555549622, 7.84834432602, 8.28952407837, 8.74231243134, 9.19510173798, 9.64789104462, 10.1006803513, 10.5534696579, 11.0062580109, 11.4474372864, 11.9118366241, 12.3762359619, 12.840634346, 13.2934236526, 13.7462129593, 14.1990022659, 14.6517915726, 15.1045799255, 15.5573692322, 15.9985485077, 16.4397277832, 16.8925170898, 17.3453063965, 17.8097057343, 18.2741031647, 18.7268924713, 19.179681778, 19.6324710846, 20.0852603912, 20.5380496979, 20.9908390045, 21.4552383423, 21.9080276489, 22.3608150482, 22.8019943237, 23.2431735992, 23.6959629059, 24.1487522125, 24.6131515503, 25.0775508881, 25.5419502258, 26.0063495636, 26.4591369629, 26.9119262695, 27.353105545, 27.7942848206, 28.2586841583, 28.7230834961, 29.1758728027, 29.6286621094, 30.081451416, 30.5342407227, 30.9754180908, 31.4165973663, 31.8809967041, 32.3337860107, 32.7981834412, 33.2509727478, 33.7037620544, 34.1565513611, 34.6093406677, 35.0621299744, 35.514919281, 35.9677085876, 36.4321098328, 36.8848991394, 37.3376846313, 37.7788658142, 38.2316551208, 38.6844444275, 39.1372337341, 39.5900230408, 40.0544204712, 40.5072097778, 40.9599990845, 41.4011802673, 41.8655776978, 42.3183670044, 42.771156311, 43.2239456177, 43.6767349243, 44.129524231, 44.5823135376, 45.0351028442, 45.4878921509, 45.9406776428, 46.4050788879, 46.8578681946, 47.3106575012, 47.7634468079, 48.2162361145, 48.6690254211, 49.1218147278, 49.5746040344, 50.0273895264, 50.480178833, 50.9445800781, 51.3973693848, 51.8501586914, 52.302947998, 52.7557373047, 53.2085266113, 53.661315918, 54.1257133484, 54.578502655, 55.0312919617, 55.4840812683, 55.936870575, 56.4012680054, 56.8424491882, 57.2952384949, 57.7480278015, 58.2008171082, 58.6536026001, 59.1063919067, 59.5591812134, 60.01197052, 60.4647598267, 60.9291610718, 61.3819503784, 61.8463478088, 62.2991371155, 62.7519264221, 63.2047157288, 63.6691131592, 64.1219024658, 64.5746917725, 65.0274810791, 65.4802703857, 65.9214477539, 66.3742370605, 66.8270263672, 67.2798156738, 67.7326049805, 68.1853942871, 68.6381835938, 69.0909729004, 69.543762207, 70.0081634521, 70.4609527588, 70.9137420654, 71.3549194336, 71.8193206787, 72.2837142944, 72.7365036011, 73.1892929077, 73.6420822144, 74.094871521, 74.5360565186, 74.9888458252, 75.4416275024, 75.8944168091, 76.3472061157, 76.7883911133, 77.252784729, 77.7171859741, 78.1699752808, 78.6227645874, 79.075553894, 79.5283432007, 79.9811325073, 80.433921814, 80.8867111206, 81.3395004272, 81.7922897339, 82.256690979, 82.7094802856, 83.1622695923, 83.6150588989, 84.0562362671, 84.5090255737, 84.9618148804, 85.414604187, 85.8673934937, 86.3317871094, 86.7961883545, 87.2489776611, 87.7017669678, 88.1545562744, 88.6073455811, 89.0601348877, 89.5129241943, 89.965713501, 90.4185028076, 90.8829040527, 91.3356933594, 91.788482666, 92.2412643433, 92.6940536499, 93.158454895, 93.6112442017, 94.0640335083, 94.5168228149, 94.9580001831, 95.4107894897, 95.8635787964, 96.316368103, 96.7691574097, 97.2219467163, 97.6863479614, 98.1391372681, 98.5919265747, 99.0447158813, 99.497505188, 99.9502944946, 100.403083801, 100.855873108, 101.308662415, 101.749839783, 102.202629089, 102.667030334, 103.119819641, 103.584213257, 104.025398254, 104.478187561, 104.930976868, 105.372154236, 105.836547852, 106.300949097, 106.753738403, 107.194915771, 107.647705078, 108.100494385, 108.56489563, 109.029296875, 109.482086182, 109.934875488, 110.387664795, 110.828842163, 111.270019531, 111.734420776, 112.198822021, 112.663215637, 113.116004944, 113.580406189, 114.033195496, 114.474372864, 114.92716217, 115.379951477, 115.844352722, 116.297142029, 116.749931335, 117.202720642, 117.655509949, 118.108299255, 118.561088562, 119.013877869, 119.466667175, 119.919456482, 120.372245789, 120.825035095, 121.277824402, 121.730613708, 122.183395386, 122.636184692, 123.088973999, 123.553375244, 124.006164551, 124.458953857, 124.900131226, 125.352920532, 125.805709839, 126.270111084, 126.734512329, 127.187301636, 127.640090942, 128.092880249, 128.534057617, 128.986846924, 129.428024292, 129.892425537, 130.345214844, 130.79800415, 131.262405396, 131.726806641, 132.179595947, 132.632385254, 133.085174561, 133.537963867, 133.990753174, 134.44354248, 134.896316528, 135.349105835, 135.790298462, 136.243087769, 136.695877075, 137.148666382, 137.601455688, 138.054244995, 138.507034302, 138.959823608, 139.412597656, 139.865386963, 140.31817627, 140.770965576, 141.235366821, 141.688156128, 142.140945435, 142.60534668, 143.058135986, 143.522537231, 143.975326538, 144.428115845, 144.869293213, 145.32208252, 145.774871826, 146.227661133, 146.680450439, 147.133239746, 147.597640991, 148.050430298, 148.491607666, 148.944396973, 149.397186279, 149.849975586, 150.302764893, 150.767166138, 151.231567383, 151.684356689, 152.137145996, 152.589935303, 153.042724609, 153.495513916, 153.948303223, 154.401092529, 154.853881836, 155.306671143, 155.759460449, 156.212234497, 156.665023804, 157.11781311, 157.570602417, 158.023391724, 158.47618103, 158.928970337, 159.381759644, 159.846160889, 160.310562134, 160.76335144, 161.216140747, 161.668930054, 162.12171936, 162.574508667, 163.027297974, 163.491699219, 163.944488525, 164.397277832, 164.850067139, 165.302856445, 165.755645752, 166.208435059, 166.661224365, 167.102401733, 167.55519104, 168.007980347, 168.460769653, 168.901947021, 169.354736328, 169.807525635, 170.27192688, 170.724716187, 171.177505493, 171.641906738, 172.106307983, 172.55909729, 173.011871338, 173.464660645, 173.917449951, 174.370239258, 174.823028564, 175.275817871, 175.728607178, 176.181396484, 176.634185791, 177.086975098, 177.539764404, 177.992553711, 178.445343018, 178.898132324, 179.350921631, 179.803710938, 180.268112183, 180.720901489, 181.173690796, 181.626480103, 182.079269409, 182.532058716, 182.984848022, 183.437637329, 183.890426636, 184.354827881, 184.807617188, 185.260406494, 185.713195801, 186.165985107, 186.618774414, 187.071563721, 187.524353027, 187.988754272, 188.441543579, 188.894332886, 189.347122192, 189.799911499, 190.252700806, 190.705490112, 191.158279419, 191.611068726, 192.075454712, 192.528244019, 192.981033325, 193.433822632, 193.886611938, 194.339401245, 194.792190552, 195.244979858, 195.697769165, 196.150558472, 196.603347778, 197.067749023, 197.52053833, 197.973327637, 198.414505005, 198.855682373, 199.320083618, 199.784484863, 200.23727417, 200.690063477, 201.142852783, 201.59564209, 202.036819458, 202.501220703, 202.95401001, 203.406799316, 203.859588623, 204.31237793, 204.753555298, 205.206344604, 205.659133911, 206.123535156, 206.576324463, 207.02911377, 207.493515015, 207.946304321, 208.399093628, 208.851882935, 209.304672241, 209.769073486, 210.221862793, 210.6746521, 211.127426147, 211.580215454, 212.021408081, 212.474197388, 212.926986694, 213.391372681, 213.855773926, 214.308563232, 214.761352539, 215.225753784, 215.666931152, 216.119720459, 216.572509766, 217.036911011, 217.489700317, 217.942489624, 218.395278931, 218.848068237, 219.289245605, 219.742034912, 220.194824219, 220.647613525, 221.100402832, 221.564804077, 222.029205322, 222.481994629, 222.934783936, 223.387573242, 223.840362549, 224.293151855, 224.745941162, 225.198730469, 225.651519775, 226.092697144, 226.54548645, 226.998275757, 227.451065063, 227.915466309, 228.368255615, 228.821044922, 229.273834229, 229.726623535, 230.179412842, 230.632202148, 231.084991455, 231.537780762, 231.990570068, 232.443344116, 232.896133423, 233.360534668, 233.813323975, 234.266113281, 234.707290649, 235.160079956, 235.612869263, 236.065658569, 236.518447876, 236.971237183, 237.424026489, 237.888427734, 238.341217041, 238.794006348, 239.246795654, 239.699584961, 240.152374268, 240.605163574, 241.069564819, 241.533966064, 241.986755371, 242.439544678, 242.892333984, 243.345123291, 243.797912598, 244.250701904, 244.703491211, 245.156280518, 245.609069824, 246.061859131, 246.514648438, 246.967437744, 247.420227051, 247.873016357, 248.337417603, 248.790206909, 249.242996216, 249.695770264, 250.14855957, 250.601348877, 251.054138184, 251.50692749, 251.959716797, 252.400909424, 252.86529541, 253.329696655, 253.782485962, 254.235275269, 254.688064575, 255.140853882, 255.58203125, 256.034820557, 256.487609863, 256.94039917, 257.393188477, 257.85760498, 258.310394287, 258.763183594, 259.2159729, 259.668762207, 260.121551514, 260.57434082, 261.027130127, 261.479919434, 261.93270874, 262.385467529, 262.826660156, 263.279449463, 263.73223877, 264.185028076, 264.637817383, 265.090606689, 265.543395996, 265.996185303, 266.448974609, 266.901763916, 267.354553223, 267.818939209, 268.271728516, 268.724517822, 269.177307129, 269.641723633, 270.106109619, 270.558898926, 271.011688232, 271.464477539, 271.928894043, 272.38168335, 272.834472656, 273.287261963, 273.74005127, 274.181213379, 274.634002686, 275.086791992, 275.551208496, 276.003997803, 276.456787109, 276.909576416, 277.362365723, 277.815155029, 278.267944336, 278.720733643, 279.173522949, 279.626312256, 280.079101562, 280.531890869, 280.996276855, 281.449066162, 281.901855469, 282.354644775, 282.807434082, 283.260223389, 283.724609375, 284.177398682, 284.630187988, 285.082977295, 285.535766602, 285.988555908, 286.441345215, 286.905761719, 287.358551025, 287.811340332, 288.275726318, 288.728515625, 289.181304932, 289.634094238, 290.086883545, 290.528076172, 290.969238281, 291.422027588, 291.874816895, 292.316009521, 292.757171631, 293.209960938, 293.662750244, 294.103942871, 294.556732178, 295.009521484, 295.450683594, 295.880279541, 296.309844971, 296.75100708, 297.192199707, 297.644989014, 298.086151123, 298.53894043, 298.980133057, 299.432922363, 299.88571167, 300.326873779, 300.768066406, 301.220855713, 301.66204834, 302.103210449, 302.544403076, 302.997192383, 303.438354492, 303.891143799, 304.332336426, 304.785125732, 305.226287842, 305.667480469, 306.108642578, 306.549835205, 306.991027832, 307.432189941, 307.873382568, 308.326171875, 308.778961182, 309.231750488, 309.684539795, 310.125701904, 310.566894531, 311.054504395, 311.542114258, 311.994903564, 312.378051758, 312.749572754, 313.13269043, 313.515808105, 313.945404053, 314.374969482, 314.804534912, 315.210876465, 315.628845215, 316.046783447, 316.453155518, 316.87109375, 317.2890625, 317.71862793, 318.13659668, 318.55456543, 318.972503662, 319.402069092, 319.761993408, 320.121887207, 320.493408203, 320.864929199, 321.248077393, 321.631195068, 322.014312744, 322.478729248, 322.943115234, 323.407531738, 323.871917725, 324.324707031, 324.789123535, 325.253509521, 325.717895508], "danceability": 0.933899462223, "bpm_histogram_second_peak_spread": {"dvar": 0, "var": 0, "median": 0.5, "max": 0.5, "dmean": 0, "dmean2": 0, "mean": 0.5, "dvar2": 0, "min": 0.5}}, "lowlevel": {"spectral_flux": {"dvar": 0.000438280170783, "var": 0.00166143174283, "median": 0.0482304319739, "max": 0.27269127965, "dmean": 0.0154552403837, "dmean2": 0.0240244790912, "mean": 0.0588016211987, "dvar2": 0.000897691352293, "min": 6.61520560552e-11}, "spectral_rolloff": {"dvar": 440322.21875, "var": 1671321.5, "median": 516.796875, "max": 19336.8164062, "dmean": 292.485046387, "dmean2": 486.27947998, "mean": 956.416259766, "dvar2": 935878.8125, "min": 64.599609375}, "barkbands_flatness_db": {"dvar": 0.000422044395236, "var": 0.00490161869675, "median": 0.145005896688, "max": 0.411724090576, "dmean": 0.0167177133262, "dmean2": 0.0236950740218, "mean": 0.159665316343, "dvar2": 0.000808065291494, "min": 0.0257120784372}, "spectral_centroid": {"dvar": 105969.007812, "var": 617026.125, "median": 1044.54431152, "max": 11714.5253906, "dmean": 197.567932129, "dmean2": 301.2081604, "mean": 1174.765625, "dvar2": 197420.34375, "min": 150.98777771}, "melbands_skewness": {"dvar": 0.476406753063, "var": 2.96859097481, "median": 3.57801818848, "max": 16.9340991974, "dmean": 0.560702621937, "dmean2": 0.870040714741, "mean": 3.80530071259, "dvar2": 1.1203533411, "min": -0.823088824749}, "melbands": {"dvar": [1.17126421628e-06, 3.82510688723e-06, 1.07289849893e-06, 6.98425367318e-07, 1.96232193161e-07, 5.93434634766e-08, 8.97243737086e-08, 7.35841751975e-08, 1.33774404887e-08, 5.57360735343e-09, 3.23597793006e-09, 1.04125807976e-09, 1.86276838399e-09, 3.64290242416e-09, 1.43655287665e-09, 5.10116948682e-10, 7.86252840612e-10, 1.06628239571e-09, 7.52260476133e-10, 1.01381969486e-09, 2.23884480399e-10, 1.25781898785e-10, 2.46346082422e-10, 1.23855412038e-10, 4.65670661753e-11, 9.07716263265e-11, 8.2063189577e-11, 8.35806562849e-11, 2.20441123688e-10, 1.81047288272e-10, 1.52999987679e-10, 7.07316219484e-11, 2.69927535185e-11, 1.58011329715e-11, 7.49778190923e-12, 6.90948253473e-12, 8.1977332908e-12, 1.78731291919e-12, 2.10992616607e-12, 1.66508451992e-12], "var": [3.24135748997e-06, 9.53077778831e-06, 1.9389613044e-06, 1.4029619706e-06, 5.01374415762e-07, 1.33568946126e-07, 1.55638744559e-07, 2.66712646635e-07, 1.49172450392e-07, 1.79637922315e-08, 1.46151561964e-08, 3.06896019708e-09, 4.34533253824e-09, 1.41729650238e-08, 6.03322636294e-09, 1.46038803273e-09, 2.45109155195e-09, 2.76027067869e-09, 2.04438066476e-09, 3.30576144236e-09, 7.80963682612e-10, 4.13845263614e-10, 7.94075749599e-10, 3.74681369264e-10, 1.10882476811e-10, 2.35730629461e-10, 2.29049251788e-10, 1.83802514875e-10, 4.00894567543e-10, 3.02854102907e-10, 2.82133177931e-10, 1.44524364698e-10, 7.25951312952e-11, 5.28393544197e-11, 2.65937463023e-11, 2.34047850545e-11, 2.90160812044e-11, 7.42318879976e-12, 6.67055083045e-12, 3.82432106816e-12], "median": [0.00211234111339, 0.00300006126054, 0.000713033194188, 0.000704048376065, 0.000331779534463, 9.72612615442e-05, 9.96522212517e-05, 8.36583421915e-05, 4.55081390101e-05, 3.18962884194e-05, 4.20184296672e-05, 2.11687529372e-05, 2.92421682389e-05, 2.60249908024e-05, 2.54321967077e-05, 1.42798789966e-05, 1.58740331244e-05, 1.10313685582e-05, 9.83218887995e-06, 1.34280217026e-05, 1.22923447634e-05, 8.07803098724e-06, 6.05601417192e-06, 2.5729796107e-06, 1.74203285042e-06, 1.55949976488e-06, 2.52163795267e-06, 2.66719735009e-06, 3.15762781611e-06, 2.22471271627e-06, 1.53273049364e-06, 1.07001108063e-06, 9.48335355133e-07, 1.0205237686e-06, 4.54307411246e-07, 2.41079561647e-07, 2.40185812572e-07, 1.98723881795e-07, 2.34634569551e-07, 2.26022280003e-07], "max": [0.0204127058387, 0.0314428284764, 0.0138922799379, 0.0134620955214, 0.0101741589606, 0.00376066821627, 0.00562047678977, 0.00735940458253, 0.00683894753456, 0.0015654694289, 0.00159956235439, 0.0010690886993, 0.00135572371073, 0.00140349450521, 0.000851666787639, 0.000397616735427, 0.000547348638065, 0.000834611186292, 0.00107743183617, 0.000951887806877, 0.000332206109306, 0.00027817679802, 0.000485860975459, 0.000377010903321, 0.000164509547176, 0.00025844440097, 0.000205917662242, 0.000250978802796, 0.000878251274116, 0.000524246192072, 0.000377842778107, 0.00021114142146, 0.000154518231284, 0.000106927167508, 7.94777588453e-05, 9.01728708413e-05, 8.51397126098e-05, 3.6676225136e-05, 6.15218305029e-05, 3.19047867379e-05], "dmean": [0.000621745246463, 0.00103447400033, 0.000572625373024, 0.00045633528498, 0.000245546601946, 0.000105269093183, 0.000108427739178, 0.000114595430205, 3.99875316361e-05, 3.3082349546e-05, 3.32546696882e-05, 1.73423395609e-05, 2.4764211048e-05, 2.73412824754e-05, 2.05951146199e-05, 1.27416597024e-05, 1.66424961208e-05, 1.45784388224e-05, 1.26476406876e-05, 1.44276236824e-05, 8.69681662152e-06, 6.25640132057e-06, 7.28067971068e-06, 4.50935203844e-06, 3.08363678414e-06, 3.81628751711e-06, 3.79650396098e-06, 3.51722678715e-06, 4.39800123786e-06, 3.5656869386e-06, 3.69108670384e-06, 2.73151863439e-06, 1.89405704987e-06, 1.6886508547e-06, 1.0927957419e-06, 8.46796183396e-07, 9.5073266948e-07, 5.47917977656e-07, 5.61473598282e-07, 4.85400846628e-07], "dmean2": [0.000967360974755, 0.00176320329774, 0.000968281470705, 0.000728255254216, 0.000402820645832, 0.000174844448338, 0.000172066167579, 0.000175846740603, 5.9169389715e-05, 5.1531187637e-05, 4.95116873935e-05, 2.67738178081e-05, 3.75006238755e-05, 4.01567122026e-05, 3.01620311802e-05, 2.03970557777e-05, 2.56571292994e-05, 2.30223995459e-05, 1.95153352252e-05, 2.30071764236e-05, 1.41212503877e-05, 9.9358467196e-06, 1.18564375953e-05, 7.39133429306e-06, 5.13543136549e-06, 6.34496564089e-06, 6.1773116613e-06, 5.5959940255e-06, 6.94563277648e-06, 5.55814540348e-06, 5.69720623389e-06, 4.21281083618e-06, 2.97347332889e-06, 2.66650090452e-06, 1.76876949354e-06, 1.30318028368e-06, 1.49758170664e-06, 8.48131946896e-07, 8.77470256455e-07, 7.49928631194e-07], "mean": [0.00249873986468, 0.00373419863172, 0.00119765708223, 0.00105005339719, 0.000569286115933, 0.000231723519391, 0.000234682345763, 0.000262613059022, 0.000118759759062, 7.55159489927e-05, 8.16615211079e-05, 3.97743679059e-05, 5.14501516591e-05, 6.67297354084e-05, 5.2938976296e-05, 2.73090481642e-05, 3.37822275469e-05, 2.86216618406e-05, 2.48951273534e-05, 3.27745219693e-05, 2.16263833863e-05, 1.46638121805e-05, 1.61606276379e-05, 1.00460829344e-05, 6.10497272646e-06, 7.68605332269e-06, 8.29410146252e-06, 7.36085166864e-06, 8.56107453728e-06, 6.81443316353e-06, 6.60730029267e-06, 5.04433137394e-06, 4.09376661992e-06, 4.01294209951e-06, 2.48054971053e-06, 1.87859234302e-06, 2.10933808376e-06, 1.3454045984e-06, 1.18642367397e-06, 9.1546536396e-07], "dvar2": [3.36588527716e-06, 1.21530565593e-05, 3.12431325256e-06, 1.8237999484e-06, 5.44749468645e-07, 1.63676929787e-07, 2.31634714964e-07, 1.66837139659e-07, 2.03918393282e-08, 1.2898789592e-08, 7.02413771592e-09, 2.54552423584e-09, 4.44704806313e-09, 7.35233385285e-09, 3.00951352727e-09, 1.31256294722e-09, 1.8532823054e-09, 2.54405940758e-09, 1.63962221578e-09, 2.5033934925e-09, 6.02631278213e-10, 3.09310216329e-10, 6.23090523622e-10, 2.96136559719e-10, 1.24999843809e-10, 2.48479736786e-10, 2.09830514075e-10, 1.98161265175e-10, 4.46841980084e-10, 3.86884524417e-10, 3.33289923438e-10, 1.56234497561e-10, 6.21952142565e-11, 3.74101721823e-11, 1.89196349559e-11, 1.56559695763e-11, 2.00018751562e-11, 4.116351357e-12, 4.86225339505e-12, 3.68332014195e-12], "min": [1.23175552058e-24, 2.37113602081e-24, 2.18735844838e-24, 1.81554108805e-24, 2.3691204812e-24, 4.25172283201e-24, 3.48404244766e-24, 2.5512580118e-24, 3.95342849133e-24, 2.20562195884e-24, 3.4918868805e-24, 2.93540664859e-24, 3.11986816343e-24, 2.37450564016e-24, 4.67994493036e-24, 5.31497243703e-24, 4.03286205133e-24, 3.82049675134e-24, 4.55290755904e-24, 3.25116439755e-24, 3.17856730338e-24, 6.30249336731e-24, 4.40192194836e-24, 5.60354367262e-24, 4.96594290167e-24, 4.77349042308e-24, 6.03500759486e-24, 7.06590128099e-24, 6.56220452111e-24, 6.28277500012e-24, 7.19151396951e-24, 5.3341906664e-24, 6.1558658187e-24, 5.15043459043e-24, 5.85101486061e-24, 5.88085707423e-24, 5.95399552419e-24, 6.5397724724e-24, 7.12131244869e-24, 5.92978774959e-24]}, "spectral_decrease": {"dvar": 5.07200516402e-18, "var": 2.30575487327e-17, "median": -7.32855864882e-09, "max": 1.68361365176e-28, "dmean": 1.50847179192e-09, "dmean2": 2.50131892976e-09, "mean": -7.94999266418e-09, "dvar2": 1.46504357113e-17, "min": -3.51417916988e-08}, "barkbands_kurtosis": {"dvar": 33.1472167969, "var": 183.922424316, "median": 4.49098300934, "max": 180.218673706, "dmean": 2.83970570564, "dmean2": 4.40601682663, "mean": 8.64120006561, "dvar2": 77.5919799805, "min": -1.94786632061}, "silence_rate_30dB": {"dvar": 0.000995303737, "var": 0.000497881439514, "median": 1, "max": 1, "dmean": 0.000996299437247, "dmean2": 0.00199274066836, "mean": 0.999501883984, "dvar2": 0.00298512727022, "min": 0}, "gfcc": {"mean": [-13.6311559677, 109.421165466, -102.018157959, 39.1315536499, -43.4239578247, 16.3056812286, -28.6776885986, 5.34692049026, -19.7414150238, 4.55620336533, -17.1094779968, -0.391492307186, -5.6074180603], "cov": [[13270.2724609, -2890.01391602, 304.763519287, 1193.16662598, -1249.89758301, 1324.42126465, -800.792053223, 147.995040894, -228.974884033, 442.634185791, -29.4936733246, 262.265289307, -287.408416748], [-2890.01391602, 2210.51000977, -624.806213379, -550.39074707, 646.97644043, -473.085144043, 262.225158691, -160.513397217, 139.659332275, -276.425201416, 76.2888259888, -169.772125244, 184.509292603], [304.763519287, -624.806213379, 1133.13842773, 239.662216187, -171.273452759, 395.812133789, 23.8037528992, 177.041885376, 44.6334686279, 186.336013794, 20.504825592, 93.5385894775, -57.8464508057], [1193.16662598, -550.39074707, 239.662216187, 511.351501465, -207.123565674, 252.039978027, -69.5657806396, 46.5887641907, 3.97576069832, 70.2289810181, 39.1910171509, 44.5856552124, -7.77963161469], [-1249.89758301, 646.97644043, -171.273452759, -207.123565674, 389.089752197, -168.203552246, 83.1811218262, -34.126991272, 32.2495422363, -117.600128174, 24.3779125214, -57.3562583923, 70.2074203491], [1324.42126465, -473.085144043, 395.812133789, 252.039978027, -168.203552246, 394.733123779, -40.536567688, 94.4442749023, 13.9965629578, 98.7180938721, 30.5711193085, 57.6638793945, -36.4725608826], [-800.792053223, 262.225158691, 23.8037528992, -69.5657806396, 83.1811218262, -40.536567688, 188.340164185, 8.40833568573, 50.3471641541, -10.5212926865, 7.14139556885, -13.8948469162, 7.38110113144], [147.995040894, -160.513397217, 177.041885376, 46.5887641907, -34.126991272, 94.4442749023, 8.40833568573, 113.900787354, 16.4996700287, 36.4115524292, 14.4277105331, 19.9780731201, -16.3937721252], [-228.974884033, 139.659332275, 44.6334686279, 3.97576069832, 32.2495422363, 13.9965629578, 50.3471641541, 16.4996700287, 104.221008301, 15.0221443176, 23.7607154846, -0.756595253944, 6.69361925125], [442.634185791, -276.425201416, 186.336013794, 70.2289810181, -117.600128174, 98.7180938721, -10.5212926865, 36.4115524292, 15.0221443176, 141.797897339, -12.7222166061, 29.2481193542, -32.0339241028], [-29.4936733246, 76.2888259888, 20.504825592, 39.1910171509, 24.3779125214, 30.5711193085, 7.14139556885, 14.4277105331, 23.7607154846, -12.7222166061, 92.6062545776, 4.14031744003, 18.4238147736], [262.265289307, -169.772125244, 93.5385894775, 44.5856552124, -57.3562583923, 57.6638793945, -13.8948469162, 19.9780731201, -0.756595253944, 29.2481193542, 4.14031744003, 72.3344268799, -14.1550912857], [-287.408416748, 184.509292603, -57.8464508057, -7.77963161469, 70.2074203491, -36.4725608826, 7.38110113144, -16.3937721252, 6.69361925125, -32.0339241028, 18.4238147736, -14.1550912857, 75.5954742432]], "icov": [[0.000224367307965, -2.14851788769e-05, 0.000291864620522, -0.000105738712591, 0.000205413787626, -0.000767003162764, 0.000569427269511, 4.228574835e-05, 0.000150157691678, -0.000237681728322, 8.35782484501e-05, -0.000142851175042, 0.000349534093402], [-2.14851788769e-05, 0.00171237706672, 0.000141235112096, 0.000916988006793, -0.00102691201027, 0.000153906003106, -0.00104071514215, 0.00107991951518, -0.00161755573936, 0.00089802959701, -0.000879830331542, 0.00124704267364, -0.00172323023435], [0.000291864620522, 0.000141235112096, 0.00211241771467, -0.000151175860083, -0.000142476623296, -0.00212197587825, 0.000190080536413, -0.00108334841207, 8.76443664311e-05, -0.00141675432678, 0.000201980365091, -0.000807972915936, 0.000412216992117], [-0.000105738712591, 0.000916988006793, -0.000151175860083, 0.00397422537208, 0.000839299638756, -0.00125348230358, -0.000315293262247, 0.000920029706322, -0.00126904551871, 0.000926476495806, -0.0014541981509, 0.000840797554702, -0.00248396024108], [0.000205413787626, -0.00102691201027, -0.000142476623296, 0.000839299638756, 0.00618216162547, -0.000232435224461, 0.000159173330758, -0.000791948288679, -0.000114346483315, 0.00210177293047, -0.000227324053412, 0.000679257325828, -0.00169285712764], [-0.000767003162764, 0.000153906003106, -0.00212197587825, -0.00125348230358, -0.000232435224461, 0.0084517961368, -0.00139933207538, -0.00179734965786, -0.000727180449758, 0.000253690348472, -0.00137758848723, -0.000170236016857, -0.000528274686076], [0.000569427269511, -0.00104071514215, 0.000190080536413, -0.000315293262247, 0.000159173330758, -0.00139933207538, 0.00893259048462, -0.00094270252157, -0.00165635591839, -0.000996865564957, 0.000856822472997, -0.000547748582903, 0.0023313218262], [4.228574835e-05, 0.00107991951518, -0.00108334841207, 0.000920029706322, -0.000791948288679, -0.00179734965786, -0.00094270252157, 0.0133339995518, -0.00169970944989, 7.14582129149e-05, -0.00186068471521, 0.000280484673567, 0.000329446280375], [0.000150157691678, -0.00161755573936, 8.76443664311e-05, -0.00126904551871, -0.000114346483315, -0.000727180449758, -0.00165635591839, -0.00169970944989, 0.014109143056, -0.00347357569262, -0.00178999768104, -0.00108038820326, 0.00151658395771], [-0.000237681728322, 0.00089802959701, -0.00141675432678, 0.000926476495806, 0.00210177293047, 0.000253690348472, -0.000996865564957, 7.14582129149e-05, -0.00347357569262, 0.0127951363102, 0.00124763033818, 0.000133588226163, -0.000350509362761], [8.35782484501e-05, -0.000879830331542, 0.000201980365091, -0.0014541981509, -0.000227324053412, -0.00137758848723, 0.000856822472997, -0.00186068471521, -0.00178999768104, 0.00124763033818, 0.0138638298959, -0.00174455461092, -0.00148890528362], [-0.000142851175042, 0.00124704267364, -0.000807972915936, 0.000840797554702, 0.000679257325828, -0.000170236016857, -0.000547748582903, 0.000280484673567, -0.00108038820326, 0.000133588226163, -0.00174455461092, 0.0181782003492, -0.00073595700087], [0.000349534093402, -0.00172323023435, 0.000412216992117, -0.00248396024108, -0.00169285712764, -0.000528274686076, 0.0023313218262, 0.000329446280375, 0.00151658395771, -0.000350509362761, -0.00148890528362, -0.00073595700087, 0.0199263636023]]}, "silence_rate_20dB": {"dvar": 0, "var": 0, "median": 1, "max": 1, "dmean": 0, "dmean2": 0, "mean": 1, "dvar2": 0, "min": 1}, "barkbands_skewness": {"dvar": 0.259629100561, "var": 1.946159482, "median": 2.10743618011, "max": 12.0249404907, "dmean": 0.394513368607, "dmean2": 0.604809105396, "mean": 2.33436274529, "dvar2": 0.583219766617, "min": -2.41076898575}, "erbbands_skewness": {"dvar": 0.102662421763, "var": 0.562451004982, "median": 0.0689345225692, "max": 3.29832005501, "dmean": 0.237049028277, "dmean2": 0.347100943327, "mean": 0.125061824918, "dvar2": 0.18881238997, "min": -6.04288005829}, "spectral_contrast_valleys": {"dvar": [0.0775376781821, 0.0996722355485, 0.0848058313131, 0.0844315588474, 0.097686432302, 0.210878059268], "var": [2.01905584335, 1.45028054714, 1.56763577461, 1.67128789425, 1.78006577492, 3.34799361229], "median": [-6.54589796066, -6.92219161987, -7.3705124855, -7.82091331482, -7.76536846161, -10.2702684402], "max": [-5.2428817749, -4.81492710114, -5.14376068115, -5.69923639297, -5.79906845093, -7.71190881729], "dmean": [0.272449016571, 0.307134836912, 0.271316230297, 0.251948058605, 0.233344763517, 0.319091796875], "dmean2": [0.455344736576, 0.504850149155, 0.447295993567, 0.401591539383, 0.348204344511, 0.417610824108], "mean": [-6.84005069733, -7.06909942627, -7.57089471817, -7.9758439064, -7.94179773331, -10.6806049347], "dvar2": [0.188327670097, 0.227950558066, 0.188852936029, 0.17926093936, 0.186279326677, 0.361450195312], "min": [-28.4988613129, -27.9106464386, -27.7643508911, -27.5988388062, -27.5027370453, -27.3261432648]}, "spectral_strongpeak": {"dvar": 0.0855307430029, "var": 0.225126355886, "median": 0.362891793251, "max": 5.97161817551, "dmean": 0.161324828863, "dmean2": 0.280289411545, "mean": 0.488776922226, "dvar2": 0.207558840513, "min": 0}, "erbbands_crest": {"dvar": 3.01106214523, "var": 14.1660518646, "median": 6.6853852272, "max": 28.5539836884, "dmean": 1.63014221191, "dmean2": 2.53989267349, "mean": 7.67064380646, "dvar2": 6.83128070831, "min": 2.33689689636}, "barkbands_crest": {"dvar": 3.10342359543, "var": 17.4738712311, "median": 10.5911331177, "max": 26.4335918427, "dmean": 1.6442322731, "dmean2": 2.60151219368, "mean": 11.2923851013, "dvar2": 8.02656936646, "min": 3.11742758751}, "spectral_energyband_middle_low": {"dvar": 3.19166210829e-05, "var": 8.690503455e-05, "median": 0.00879045203328, "max": 0.0798527300358, "dmean": 0.00339037622325, "dmean2": 0.00545444898307, "mean": 0.0109272459522, "dvar2": 8.4113504272e-05, "min": 1.52106796593e-22}, "spectral_contrast_coeffs": {"dvar": [0.00122504937463, 0.00105177552905, 0.000610914372373, 0.000499471323565, 0.000322291802149, 0.000390119181247], "var": [0.00524943321943, 0.00519708171487, 0.00319030648097, 0.00274894782342, 0.00184314523358, 0.00254783337004], "median": [-0.651552021503, -0.729512214661, -0.765479445457, -0.760604858398, -0.784002304077, -0.743381023407], "max": [-0.376438260078, -0.423163205385, -0.508047580719, -0.558962464333, -0.531706809998, -0.557034015656], "dmean": [0.0383775234222, 0.0369360074401, 0.0299575552344, 0.0265120808035, 0.0201259851456, 0.0192134045064], "dmean2": [0.0638158470392, 0.0602111332119, 0.0488411560655, 0.0432261228561, 0.0322796888649, 0.0295682232827], "mean": [-0.648963630199, -0.722367227077, -0.762116491795, -0.761933267117, -0.784860193729, -0.743388056755], "dvar2": [0.00336676812731, 0.00269002560526, 0.00160066469107, 0.00124847295228, 0.000751632207539, 0.000843021436594], "min": [-0.974062621593, -0.971332013607, -0.976473629475, -0.97368401289, -0.966403126717, -0.962990701199]}, "hfc": {"dvar": 55.5475502014, "var": 367.334259033, "median": 11.5141782761, "max": 151.078125, "dmean": 3.77258419991, "dmean2": 5.50662565231, "mean": 18.2812042236, "dvar2": 113.375793457, "min": 1.10629424759e-16}, "spectral_energyband_high": {"dvar": 1.00857994312e-06, "var": 3.56474060936e-06, "median": 0.000397549010813, "max": 0.0206961110234, "dmean": 0.000375710485969, "dmean2": 0.000546610797755, "mean": 0.00110828515608, "dvar2": 1.92416496247e-06, "min": 7.28689816448e-21}, "erbbands_spread": {"dvar": 68.925453186, "var": 279.068450928, "median": 44.8893203735, "max": 139.312149048, "dmean": 6.51175355911, "dmean2": 10.1068172455, "mean": 46.5999488831, "dvar2": 156.339004517, "min": 5.10482645035}, "dissonance": {"dvar": 0.000165367426234, "var": 0.000624928914476, "median": 0.470392763615, "max": 0.500000059605, "dmean": 0.0132909137756, "dmean2": 0.0220747105777, "mean": 0.464480549097, "dvar2": 0.000436668196926, "min": 0.265233188868}, "spectral_kurtosis": {"dvar": 17.4213790894, "var": 42.6163444519, "median": 3.37330055237, "max": 76.3198165894, "dmean": 2.21265769005, "dmean2": 3.78741931915, "mean": 5.54662132263, "dvar2": 51.6214294434, "min": -1.25805902481}, "spectral_skewness": {"dvar": 0.110674887896, "var": 0.446591764688, "median": 1.43638443947, "max": 6.32110500336, "dmean": 0.241224259138, "dmean2": 0.39745426178, "mean": 1.59162080288, "dvar2": 0.307670086622, "min": -0.147643238306}, "pitch_salience": {"dvar": 0.00286011653952, "var": 0.0139254964888, "median": 0.491090506315, "max": 0.831574738026, "dmean": 0.0508429333568, "dmean2": 0.0806138515472, "mean": 0.485462129116, "dvar2": 0.00729208206758, "min": 0.0653675422072}, "spectral_complexity": {"dvar": 9.73926830292, "var": 116.178672791, "median": 17, "max": 58, "dmean": 2.65841150284, "dmean2": 4.21293878555, "mean": 18.4036865234, "dvar2": 20.5865516663, "min": 0}, "spectral_spread": {"dvar": 712432287744, "var": 4691975471100.0, "median": 4764720.5, "max": 45508876, "dmean": 493098.59375, "dmean2": 718278.3125