{"metadata": {"version": {"essentia_git_sha": "v2.1_beta2", "essentia_build_sha": "70f2e5ece6736b2c40cc944ad0e695b16b925413", "extractor": "music 1.0", "essentia": "2.1-beta2"}, "audio_properties": {"analysis_sample_rate": 44100, "md5_encoded": "a2d5f3d3a88ee437a6f54d163466c6d3", "downmix": "mix", "sample_rate": 44100, "equal_loudness": 0, "lossless": false, "codec": "mp3", "bit_rate": 256000, "length": 124.18611908, "replay_gain": -16.0677833557}, "tags": {"album": ["Anthologie des 3 Perchoirs"], "albumartist": ["Duchess Says"], "musicbrainz_recordingid": ["d029707f-8172-4cff-850a-3de730bd9365"], "file_name": "235801.mp3", "genre": ["Other"], "artist": ["Duchess Says"], "tracknumber": ["11"], "date": ["2008"], "title": ["Les r¨¦sidents"]}}, "rhythm": {"beats_loudness": {"var": 0.000640643935185, "mean": 0.0547392554581, "dmean2": 0.0513829737902, "dvar": 0.000472133222502, "dmean": 0.0267597679049, "max": 0.134919345379, "min": 6.54528964361e-09, "median": 0.0522506609559, "dvar2": 0.00159402948339}, "beats_position": [0.359909296036, 0.743038535118, 1.1261677742, 1.50929701328, 1.89242625237, 2.26394557953, 2.6470746994, 3.04181408882, 3.43655323982, 3.83129239082, 4.22603178024, 4.62077093124, 5.02712011337, 5.42185926437, 5.81659841537, 6.21133756638, 6.60607719421, 6.98920631409, 7.38394546509, 7.77868461609, 8.17342376709, 8.56816291809, 8.96290206909, 9.35764122009, 9.75238037109, 10.1471195221, 10.5418596268, 10.9365987778, 11.3313379288, 11.7260770798, 12.1208162308, 12.5155553818, 12.9102945328, 13.3050336838, 13.6997728348, 14.0945119858, 14.4892511368, 14.8839902878, 15.2671203613, 15.6502494812, 16.0449886322, 16.4397277832, 16.8344669342, 17.2292060852, 17.6239452362, 18.0186843872, 18.4134235382, 18.8081626892, 19.2029018402, 19.5976409912, 19.9923801422, 20.3871192932, 20.7818584442, 21.1765975952, 21.5713367462, 21.9660758972, 22.3608150482, 22.7555541992, 23.1502952576, 23.5450344086, 23.9397735596, 24.3345127106, 24.7292518616, 25.1239910126, 25.5187301636, 25.9134693146, 26.3082084656, 26.7029476166, 27.0976867676, 27.4924259186, 27.8871650696, 28.2819042206, 28.6766433716, 29.0713825226, 29.4661216736, 29.8608608246, 30.2555999756, 30.6503391266, 31.0450782776, 31.4398174286, 31.8345565796, 32.2292976379, 32.6240348816, 33.0187759399, 33.4135131836, 33.8082542419, 34.2029914856, 34.5861206055, 34.9692497253, 35.3639907837, 35.7587280273, 36.1534690857, 36.5482063293, 36.9545555115, 37.3492965698, 37.7440338135, 38.1271629333, 38.5219039917, 38.91664505, 39.3113822937, 39.7061233521, 40.1008605957, 40.4956016541, 40.8903388977, 41.2850799561, 41.6798171997, 42.0745582581, 42.4692955017, 42.8640365601, 43.2587738037, 43.6535148621, 44.0482521057, 44.4429931641, 44.8377304077, 45.2324714661, 45.6272087097, 46.0219497681, 46.4166870117, 46.8114280701, 47.2061653137, 47.6009063721, 47.9956436157, 48.3903846741, 48.7851219177, 49.1798629761, 49.5746040344, 49.9693412781, 50.3640823364, 50.7588195801, 51.1535606384, 51.5482978821, 51.9430389404, 52.3377761841, 52.7325172424, 53.1272544861, 53.5219955444, 53.9167327881, 54.299861908, 54.6829910278, 55.0777320862, 55.4724693298, 55.8672103882, 56.2619476318, 56.6566886902, 57.0514259338, 57.4461669922, 57.8409042358, 58.2356452942, 58.6303825378, 59.0251235962, 59.4198646545, 59.8146018982, 60.2093429565, 60.6040802002, 60.9988212585, 61.3935585022, 61.7882995605, 62.1830368042, 62.5777778625, 62.9725151062, 63.3672561646, 63.7619934082, 64.1567306519, 64.5514755249, 64.9462127686, 65.3409500122, 65.7356872559, 66.1304321289, 66.5251693726, 66.9199066162, 67.3146438599, 67.7093887329, 68.1041259766, 68.4988632202, 68.8936004639, 69.2883453369, 69.6830825806, 70.0778198242, 70.4725646973, 70.8673019409, 71.2620391846, 71.6567764282, 72.0515213013, 72.4462585449, 72.8409957886, 73.2357330322, 73.6304779053, 74.0252151489, 74.4199523926, 74.8146896362, 75.2094345093, 75.6041717529, 75.9872970581, 76.3704299927, 76.7651672363, 77.15990448, 77.554649353, 77.9493865967, 78.3441238403, 78.738861084, 79.133605957, 79.5283432007, 79.9230804443, 80.3178253174, 80.712562561, 81.1072998047, 81.5020370483, 81.8967819214, 82.291519165, 82.6862564087, 83.0809936523, 83.4757385254, 83.870475769, 84.2652130127, 84.6599502563, 85.0546951294, 85.449432373, 85.8441696167, 86.2389068604, 86.6336517334, 87.0283889771, 87.4231262207, 87.8294754028, 88.2242126465, 88.6189575195, 89.0253067017, 89.4084320068, 89.7915649414, 90.1746902466, 90.5578231812, 90.9525604248, 91.3472976685, 91.7420425415, 92.1367797852, 92.5315170288, 92.9262542725, 93.3209991455, 93.7157363892, 94.1104736328, 94.5052108765, 94.8999557495, 95.2946929932, 95.6894302368, 96.0841674805, 96.4789123535, 96.8736495972, 97.2683868408, 97.6631240845, 98.0578689575, 98.4526062012, 98.8473434448, 99.2420806885, 99.6368255615, 100.031562805, 100.426300049, 100.821044922, 101.215782166, 101.598907471, 101.970428467, 102.353561401, 102.725074768, 103.096595764, 103.46811676, 103.851242065, 104.234375, 104.605895996, 104.977409363, 105.348930359, 105.720451355, 106.091972351, 106.463493347, 106.858230591, 107.241355896, 107.624488831, 107.996009827, 108.367523193, 108.739044189, 109.110565186, 109.482086182, 109.853607178, 110.236732483, 110.619865417, 110.991378784, 111.36289978, 111.734420776, 112.105941772, 112.477455139, 112.860588074, 113.243713379, 113.615234375, 113.986755371, 114.369888306, 114.753013611, 115.136146545, 115.530883789, 116.076553345, 116.6222229, 117.144668579, 117.678726196, 118.212783813, 118.758453369, 119.304122925, 119.84979248, 120.395462036, 120.941131592, 121.486801147, 122.032470703, 122.56652832, 123.112197876, 123.657867432], "bpm_histogram_first_peak_spread": {"var": 0, "mean": 0.0168067216873, "dmean2": 0, "dvar": 0, "dmean": 0, "max": 0.0168067216873, "min": 0.0168067216873, "median": 0.0168067216873, "dvar2": 0}, "danceability": 1.08091402054, "bpm_histogram_second_peak_weight": {"var": 0, "mean": 0.103559873998, "dmean2": 0, "dvar": 0, "dmean": 0, "max": 0.103559873998, "min": 0.103559873998, "median": 0.103559873998, "dvar2": 0}, "bpm_histogram_first_peak_weight": {"var": 0, "mean": 0.757281541824, "dmean2": 0, "dvar": 0, "dmean": 0, "max": 0.757281541824, "min": 0.757281541824, "median": 0.757281541824, "dvar2": 0}, "bpm": 152.480606079, "bpm_histogram_second_peak_spread": {"var": 0, "mean": 0.372548997402, "dmean2": 0, "dvar": 0, "dmean": 0, "max": 0.372548997402, "min": 0.372548997402, "median": 0.372548997402, "dvar2": 0}, "bpm_histogram_second_peak_bpm": {"var": 0, "mean": 157, "dmean2": 0, "dvar": 0, "dmean": 0, "max": 157, "min": 157, "median": 157, "dvar2": 0}, "beats_count": 310, "beats_loudness_band_ratio": {"var": [0.0378325693309, 0.0100238276646, 0.00156338431407, 0.00168712018058, 0.00274666165933, 0.0101095568389], "mean": [0.691244840622, 0.103051483631, 0.0419773682952, 0.0354077219963, 0.0459429249167, 0.0999154895544], "dmean2": [0.465764224529, 0.162262439728, 0.0552263744175, 0.042089857161, 0.0619944855571, 0.273406118155], "dvar": [0.0213820356876, 0.00851231906563, 0.000898464291822, 0.00100727053359, 0.00218047341332, 0.00804406311363], "dmean": [0.245366901159, 0.0877750068903, 0.0317360907793, 0.0255018230528, 0.0354945026338, 0.13860501349], "max": [0.99516004324, 0.956970095634, 0.218759566545, 0.245312154293, 0.576092720032, 0.587156057358], "min": [0.00497575942427, 0.00173315685242, 0.000287281436613, 0.000204990865313, 0.000213858409552, 7.87100452726e-06], "median": [0.698835134506, 0.0774873122573, 0.029467638582, 0.0187780633569, 0.0271152593195, 0.071922197938], "dvar2": [0.0687369257212, 0.0218398086727, 0.00258625182323, 0.00251557631418, 0.00589560205117, 0.0280670132488]}, "onset_rate": 4.3477025032, "bpm_histogram_first_peak_bpm": {"var": 0, "mean": 152, "dmean2": 0, "dvar": 0, "dmean": 0, "max": 152, "min": 152, "median": 152, "dvar2": 0}}, "lowlevel": {"hfc": {"var": 307.403961182, "mean": 23.6514511108, "dmean2": 9.97720909119, "dvar": 77.9066467285, "dmean": 6.55567407608, "max": 88.6930541992, "min": 1.12772709283e-16, "median": 21.1401901245, "dvar2": 153.821121216}, "barkbands_spread": {"var": 289.400177002, "mean": 28.4958782196, "dmean2": 12.9357557297, "dvar": 80.4859466553, "dmean": 8.01784706116, "max": 113.86856842, "min": 0.100969366729, "median": 27.6910667419, "dvar2": 190.534957886}, "spectral_spread": {"var": 3126476406780.0, "mean": 4250904, "dmean2": 999887.375, "dvar": 922948927488, "dmean": 700477.1875, "max": 41143512, "min": 657669.25, "median": 3666102.5, "dvar2": 1584672931840.0}, "spectral_energy": {"var": 0.00045108894119, "mean": 0.0343791842461, "dmean2": 0.0168860219419, "dvar": 0.000186544973985, "dmean": 0.0103429686278, "max": 0.136538311839, "min": 1.06408691713e-20, "median": 0.0339640751481, "dvar2": 0.000462741794763}, "gfcc": {"icov": [[0.000179272523383, -0.000560969929211, 0.000406014005421, -0.000700206437614, 0.000673687085509, -0.00073031586362, 0.000643112114631, -0.000610227754805, 0.000451103813248, -0.000422152515966, 0.000393540190998, -0.000467285659397, 0.000271269847872], [-0.000560969929211, 0.00377833936363, -0.00163007655647, 0.00357560627162, -0.00333757768385, 0.0030195445288, -0.00335698295385, 0.00270173465833, -0.00302693806589, 0.00266976770945, -0.0031148456037, 0.00274204439484, -0.00231045787223], [0.000406014005421, -0.00163007655647, 0.00197422178462, -0.00198871502653, 0.00161265791394, -0.00178951222915, 0.00150405499153, -0.00199509854428, 0.00189822423272, -0.00183363549877, 0.00170807505492, -0.00203266041353, 0.00108905602247], [-0.000700206437614, 0.00357560627162, -0.00198871502653, 0.0054192901589, -0.00358964432962, 0.00313696195371, -0.00307177822106, 0.00306122773327, -0.00304070976563, 0.00123685027938, -0.00272871181369, 0.00438359007239, -0.00343796727248], [0.000673687085509, -0.00333757768385, 0.00161265791394, -0.00358964432962, 0.00724683981389, -0.0036761672236, 0.00223463680595, -0.00214420328848, 0.000445389305241, -0.00224000588059, 0.00189955777023, -0.00200605578721, 0.00124654301908], [-0.00073031586362, 0.0030195445288, -0.00178951222915, 0.00313696195371, -0.0036761672236, 0.0097730923444, -0.00606918893754, 0.00221595470794, -0.00226185959764, 0.000399996526539, -0.000308772665448, -0.00268074776977, 0.00308303674683], [0.000643112114631, -0.00335698295385, 0.00150405499153, -0.00307177822106, 0.00223463680595, -0.00606918893754, 0.0153576536104, -0.00757099920884, 0.00337589369155, 0.00396523531526, -0.00510301720351, 0.00458786264062, -0.00178963958751], [-0.000610227754805, 0.00270173465833, -0.00199509854428, 0.00306122773327, -0.00214420328848, 0.00221595470794, -0.00757099920884, 0.0131299057975, -0.00359221547842, -0.00366041716188, 0.00278009916656, -6.31155562587e-05, -0.000851784599945], [0.000451103813248, -0.00302693806589, 0.00189822423272, -0.00304070976563, 0.000445389305241, -0.00226185959764, 0.00337589369155, -0.00359221547842, 0.0118486564606, -0.00106806517579, 0.00190564233344, -0.00225021643564, -0.000780819100328], [-0.000422152515966, 0.00266976770945, -0.00183363549877, 0.00123685027938, -0.00224000588059, 0.000399996526539, 0.00396523531526, -0.00366041716188, -0.00106806517579, 0.0162497200072, -0.0106736738235, 0.00587832694873, -0.00118619576097], [0.000393540190998, -0.0031148456037, 0.00170807505492, -0.00272871181369, 0.00189955777023, -0.000308772665448, -0.00510301720351, 0.00278009916656, 0.00190564233344, -0.0106736738235, 0.0209394879639, -0.00507897185162, -0.00162875966635], [-0.000467285659397, 0.00274204439484, -0.00203266041353, 0.00438359007239, -0.00200605578721, -0.00268074776977, 0.00458786264062, -6.31155562587e-05, -0.00225021643564, 0.00587832694873, -0.00507897185162, 0.0198153071105, -0.00824840925634], [0.000271269847872, -0.00231045787223, 0.00108905602247, -0.00343796727248, 0.00124654301908, 0.00308303674683, -0.00178963958751, -0.000851784599945, -0.000780819100328, -0.00118619576097, -0.00162875966635, -0.00824840925634, 0.0190052781254]], "mean": [-16.8135070801, 98.3226165771, -112.154075623, 61.0239715576, -51.6196098328, 7.00611925125, -30.0938968658, 8.84055519104, -25.08111763, 1.57281398773, -11.7647914886, -3.3665626049, -5.71365261078], "cov": [[18251.5136719, -752.682067871, -1150.8359375, 1033.04089355, -616.133972168, 624.035705566, -254.161102295, 313.38369751, -75.593711853, 320.195953369, -80.625213623, 96.4915084839, -118.055427551], [-752.682067871, 2189.38330078, -359.528259277, -347.48046875, 476.804107666, -277.440979004, 355.438232422, -147.093292236, 280.910644531, -207.308166504, 250.007736206, -88.310256958, 256.96081543], [-1150.8359375, -359.528259277, 1313.58569336, 92.8504333496, -77.5264129639, 146.669525146, -60.1035881042, 137.881378174, -115.985397339, 119.319999695, -70.0991363525, 63.4415893555, -79.7365188599], [1033.04089355, -347.48046875, 92.8504333496, 817.51550293, 75.1258926392, -62.4466133118, 24.5079250336, 15.1712818146, 37.0919265747, 127.582069397, 68.6027374268, -92.7271881104, 68.8885421753], [-616.133972168, 476.804107666, -77.5264129639, 75.1258926392, 367.012268066, -30.1604995728, 98.967376709, -19.1101284027, 109.402870178, -15.4598083496, 71.8948059082, -30.1161117554, 70.6955032349], [624.035705566, -277.440979004, 146.669525146, -62.4466133118, -30.1604995728, 280.692626953, -6.74682235718, 68.685043335, -40.2197875977, 24.3048400879, -53.0692138672, 58.9232902527, -82.5594329834], [-254.161102295, 355.438232422, -60.1035881042, 24.5079250336, 98.967376709, -6.74682235718, 205.363388062, 25.7339420319, 39.8845787048, -28.9575004578, 77.190032959, -49.4035873413, 54.8153572083], [313.38369751, -147.093292236, 137.881378174, 15.1712818146, -19.1101284027, 68.685043335, 25.7339420319, 154.260299683, -6.0781879425, 51.4111061096, -21.1932811737, 9.57290267944, -22.7659034729], [-75.593711853, 280.910644531, -115.985397339, 37.0919265747, 109.402870178, -40.2197875977, 39.8845787048, -6.0781879425, 156.740097046, -17.4890918732, 36.6065864563, -8.63160610199, 56.1562843323], [320.195953369, -207.308166504, 119.319999695, 127.582069397, -15.4598083496, 24.3048400879, -28.9575004578, 51.4111061096, -17.4890918732, 146.066116333, 29.6760673523, -13.8387460709, -11.9471254349], [-80.625213623, 250.007736206, -70.0991363525, 68.6027374268, 71.8948059082, -53.0692138672, 77.190032959, -21.1932811737, 36.6065864563, 29.6760673523, 126.529563904, -22.9329319, 62.4297485352], [96.4915084839, -88.310256958, 63.4415893555, -92.7271881104, -30.1161117554, 58.9232902527, -49.4035873413, 9.57290267944, -8.63160610199, -13.8387460709, -22.9329319, 104.772361755, -2.04054713249], [-118.055427551, 256.96081543, -79.7365188599, 68.8885421753, 70.6955032349, -82.5594329834, 54.8153572083, -22.7659034729, 56.1562843323, -11.9471254349, 62.4297485352, -2.04054713249, 121.494720459]]}, "silence_rate_60dB": {"var": 0.0782751664519, "mean": 0.0856074765325, "dmean2": 0.0231862384826, "dvar": 0.0114558106288, "dmean": 0.0115909511223, "max": 1, "min": 0, "median": 0, "dvar2": 0.0248897019774}, "spectral_centroid": {"var": 721818.1875, "mean": 1829.65893555, "dmean2": 535.207580566, "dvar": 133743.65625, "dmean": 329.217529297, "max": 10893.3349609, "min": 103.442222595, "median": 1920.31286621, "dvar2": 312811.0625}, "spectral_complexity": {"var": 240.011795044, "mean": 25.779253006, "dmean2": 6.64023923874, "dvar": 19.8214836121, "dmean": 4.07291078568, "max": 61, "min": 0, "median": 26, "dvar2": 49.7587127686}, "melbands_spread": {"var": 586.296142578, "mean": 25.8225078583, "dmean2": 14.8950443268, "dvar": 176.803482056, "dmean": 9.05255031586, "max": 215.71333313, "min": 0.244794175029, "median": 20.2213401794, "dvar2": 434.389160156}, "spectral_strongpeak": {"var": 0.547436356544, "mean": 0.487130135298, "dmean2": 0.530553281307, "dvar": 0.4877615273, "dmean": 0.305025815964, "max": 11.4973268509, "min": 0, "median": 0.302486360073, "dvar2": 1.26924443245}, "zerocrossingrate": {"var": 0.00167524244171, "mean": 0.0642777979374, "dmean2": 0.0141300270334, "dvar": 0.000183293246664, "dmean": 0.0121447751299, "max": 0.51025390625, "min": 0.0029296875, "median": 0.0595703125, "dvar2": 0.000224687260925}, "erbbands_kurtosis": {"var": 18.0982837677, "mean": 0.594075620174, "dmean2": 1.79870927334, "dvar": 8.29532718658, "dmean": 1.14154839516, "max": 95.8767471313, "min": -1.89310586452, "median": -0.355605840683, "dvar2": 18.9296302795}, "spectral_energyband_middle_low": {"var": 6.02176151006e-05, "mean": 0.00974824465811, "dmean2": 0.00623405911028, "dvar": 2.74784033536e-05, "dmean": 0.00378591986373, "max": 0.0559320673347, "min": 1.76702192197e-22, "median": 0.00819541141391, "dvar2": 6.88128493493e-05}, "erbbands": {"var": [0.126589715481, 10.1057281494, 101.822898865, 112.95614624, 108.334320068, 107.362548828, 477.094818115, 304.35244751, 351.948974609, 260.381713867, 326.675201416, 538.26940918, 990.641113281, 1054.92480469, 807.415771484, 855.229370117, 420.160827637, 799.505981445, 1093.5715332, 1242.77160645, 3502.00512695, 2504.44799805, 1015.84118652, 1117.52661133, 1370.84619141, 2051.17504883, 473.36328125, 196.579162598, 360.969451904, 141.611328125, 81.4315567017, 23.612329483, 9.84166908264, 3.58384823799, 0.654770791531, 0.0984895825386, 0.00988463032991, 8.73236131156e-05, 6.03013816658e-08, 8.27002355486e-10], "mean": [0.291548669338, 2.41565704346, 8.37091445923, 9.180352211, 8.05188655853, 9.43186855316, 14.851064682, 16.3327503204, 12.0251369476, 10.6964092255, 11.3966732025, 13.850071907, 18.383184433, 18.5746517181, 19.1689624786, 17.7473239899, 12.9320602417, 16.7017288208, 21.3820114136, 25.9134349823, 35.4509391785, 28.3652687073, 23.331363678, 30.480714798, 38.2631378174, 40.5850601196, 20.6999206543, 10.7642059326, 9.87124443054, 6.21550655365, 4.52117776871, 2.71098637581, 1.80183303356, 1.0255086422, 0.422472298145, 0.163905650377, 0.0501434542239, 0.00475984252989, 0.000138307921588, 4.65817720396e-05], "dmean2": [0.238506063819, 2.71661829948, 9.27389621735, 10.2662849426, 9.37693881989, 9.08300495148, 12.4231739044, 15.4611740112, 10.7720756531, 10.9187088013, 10.0012454987, 11.7407712936, 16.5881977081, 16.4327526093, 15.8478326797, 14.7808647156, 10.0398654938, 13.8410358429, 17.716178894, 19.5312385559, 25.8673458099, 21.9479846954, 20.4816074371, 25.5832004547, 27.3559188843, 28.6284503937, 13.2208375931, 7.99263906479, 8.50790786743, 5.57451200485, 4.51597690582, 3.04299759865, 2.239975214, 1.31634986401, 0.548564195633, 0.225272685289, 0.067973844707, 0.00636841962114, 0.00016596003843, 2.38307748077e-05], "dvar": [0.0685051083565, 7.74573469162, 77.6791534424, 87.4307022095, 90.4208221436, 52.2359848022, 135.084320068, 154.956314087, 133.949401855, 126.121749878, 123.956954956, 207.059051514, 424.236816406, 408.008453369, 301.048736572, 320.385284424, 124.202301025, 255.333770752, 390.955963135, 374.972900391, 863.999511719, 638.941223145, 437.392272949, 489.454467773, 475.266967773, 899.765258789, 163.570968628, 80.0517730713, 181.778274536, 56.7302246094, 42.29737854, 12.8884534836, 6.35496902466, 2.42876696587, 0.446006298065, 0.0751316100359, 0.00712152849883, 6.14332748228e-05, 4.25858601716e-08, 3.47225498354e-10], "dmean": [0.149040058255, 1.62054014206, 5.49460601807, 6.08326244354, 5.55352163315, 5.50237846375, 7.62462043762, 9.2935333252, 6.63372850418, 6.37524747849, 6.14537191391, 7.17279958725, 10.17370224, 10.0203886032, 9.69311237335, 8.95429229736, 6.11341190338, 8.22378349304, 10.5970630646, 11.7998180389, 16.1264190674, 13.4607591629, 11.9197692871, 14.634100914, 16.2937049866, 17.3239040375, 8.41229534149, 5.2126698494, 5.788834095, 4.06849336624, 3.01435661316, 2.04738020897, 1.45106172562, 0.866818785667, 0.37161308527, 0.152179524302, 0.0462977997959, 0.00429226038978, 0.000111692832434, 1.52435604832e-05], "max": [3.35799956322, 27.8779315948, 75.7465744019, 78.2867431641, 107.305549622, 97.8381195068, 347.166168213, 232.235275269, 292.31161499, 217.604629517, 210.334640503, 237.142364502, 480.916473389, 424.670349121, 329.332366943, 340.688964844, 289.169586182, 304.860015869, 346.18850708, 314.6199646, 656.545166016, 813.664611816, 529.19342041, 324.132598877, 346.187072754, 700.656738281, 279.65536499, 109.566444397, 142.401077271, 94.0639190674, 71.8061828613, 31.9345588684, 20.5441703796, 11.6674175262, 5.83383655548, 2.42875623703, 0.747244417667, 0.0632802471519, 0.00173299456947, 0.000176987508894], "min": [5.4571382988e-22, 2.45193579953e-21, 2.03417154312e-20, 3.40206752052e-20, 4.16742801451e-20, 8.70745048865e-20, 8.2024030872e-20, 3.89397548106e-19, 1.83464937552e-19, 8.3625917827e-19, 9.95218735078e-19, 9.39009124118e-19, 1.11916668339e-18, 2.73552040691e-18, 2.82812141533e-18, 4.34982106816e-18, 5.52575343467e-18, 3.43471818753e-18, 1.17276095605e-17, 1.33124677618e-17, 7.90418059153e-18, 1.80874141699e-17, 8.82365636247e-18, 8.41121831879e-18, 1.36444939238e-17, 1.01609716665e-17, 1.82688793983e-17, 2.70518748706e-17, 2.65357191314e-17, 1.95850478299e-17, 2.10566104115e-17, 2.2271856191e-17, 1.46726488195e-17, 1.3924397781e-17, 1.03799453998e-17, 4.65562477754e-18, 2.86519689116e-18, 9.70994027056e-19, 3.08467127552e-19, 3.20543247175e-20], "median": [0.172438770533, 1.45426094532, 4.91537666321, 6.0659532547, 4.72574234009, 6.21488285065, 9.30488586426, 11.4591751099, 6.6955537796, 5.62768268585, 4.95621204376, 4.82474040985, 7.14818286896, 5.61396551132, 7.97943019867, 5.85762023926, 4.26438426971, 5.36240673065, 7.32537174225, 10.9679527283, 11.8634748459, 11.6934185028, 12.6344413757, 23.1208610535, 31.81199646, 31.6134033203, 15.830239296, 6.80428123474, 3.63637804985, 1.75966310501, 1.12537229061, 0.584581494331, 0.347351908684, 0.111074961722, 0.0397156700492, 0.0133706573397, 0.00412743212655, 0.000379019737011, 3.46225715475e-05, 4.4545824494e-05], "dvar2": [0.158291757107, 20.6401042938, 223.251922607, 222.459686279, 241.420791626, 129.580123901, 333.402893066, 409.740264893, 305.23727417, 340.709136963, 311.519195557, 541.83972168, 1115.17663574, 1077.48059082, 793.099182129, 827.092102051, 294.299224854, 687.309814453, 992.301147461, 972.242797852, 1952.61462402, 1288.14013672, 1154.96716309, 1378.24304199, 1320.23376465, 2337.19506836, 369.523620605, 155.414505005, 358.587127686, 89.3860092163, 82.4442825317, 25.7510719299, 14.6687383652, 5.33375835419, 0.965669393539, 0.170188203454, 0.0156114203855, 0.00013166537974, 9.23289391608e-08, 7.73691055667e-10]}, "barkbands_crest": {"var": 19.3532657623, "mean": 10.5308837891, "dmean2": 4.86469650269, "dvar": 6.57450437546, "dmean": 2.916898489, "max": 26.2470664978, "min": 2.15447568893, "median": 9.9971113205, "dvar2": 16.7958278656}, "melbands_crest": {"var": 30.5141181946, "mean": 16.205329895, "dmean2": 6.23440790176, "dvar": 10.9125547409, "dmean": 3.74881839752, "max": 34.7649154663, "min": 2.50018024445, "median": 15.9521179199, "dvar2": 28.7405185699}, "spectral_flux": {"var": 0.00225837482139, "mean": 0.0920009613037, "dmean2": 0.0401153154671, "dvar": 0.000929147645365, "dmean": 0.0247274171561, "max": 0.325864642859, "min": 1.03154589037e-10, "median": 0.0888017416, "dvar2": 0.00212631863542}, "spectral_contrast_valleys": {"var": [2.13195538521, 1.77126061916, 2.01509475708, 2.23742103577, 2.39509010315, 2.54076504707], "mean": [-6.93934345245, -6.87050819397, -7.51464748383, -7.83551263809, -7.29667425156, -10.2786693573], "dmean2": [0.658688783646, 0.59284299612, 0.518618762493, 0.566367328167, 0.508576512337, 0.696857333183], "dvar": [0.176819950342, 0.133574664593, 0.119170643389, 0.203669577837, 0.212724193931, 0.348606944084], "dmean": [0.398911684752, 0.35969132185, 0.317658811808, 0.341933131218, 0.320387423038, 0.499054014683], "max": [-5.08884525299, -5.00513982773, -5.13144874573, -5.76733636856, -5.43057012558, -7.9713973999], "min": [-27.1006946564, -27.2951812744, -26.9258079529, -27.6302757263, -27.1902484894, -27.2662467957], "median": [-6.50451278687, -6.59158325195, -7.23618984222, -7.5912399292, -6.80382823944, -10.1494560242], "dvar2": [0.377802789211, 0.281732231379, 0.237557679415, 0.472705841064, 0.485357314348, 0.679130494595]}, "mfcc": {"icov": [[9.32806360652e-05, 2.12905870285e-05, 8.79043436726e-05, -0.000134848771268, 0.000162235824973, -0.000119881238788, 3.76218267775e-05, -9.61802797974e-05, 2.20774018089e-06, 6.97935684002e-05, -0.000108377345896, 5.54855032533e-05, -0.000102136022178], [2.12905870285e-05, 0.000594678742345, 0.000193694242625, 8.28058691695e-05, -0.000231749159866, 0.000264849310042, -0.000126813320094, -0.000627041677944, 0.000161108444445, -0.000268071802566, 0.000334595621098, -0.000288252864266, -8.3199229266e-05], [8.79043436726e-05, 0.000193694242625, 0.00117927335668, -0.000194373453269, -0.000315058714477, 0.000507773074787, -0.00108056445606, 0.000379758770578, -0.000676370516885, 0.00102614215575, -0.00142425007652, 0.00137602700852, -0.000387859530747], [-0.000134848771268, 8.28058691695e-05, -0.000194373453269, 0.0028623463586, -0.00135813851375, -0.000633245508652, 0.00033544114558, 0.000810357567389, 0.00042502724682, -0.00352874025702, 0.00364704942331, -0.00206298474222, 0.000567847222555], [0.000162235824973, -0.000231749159866, -0.000315058714477, -0.00135813851375, 0.00700158625841, -0.00300266034901, 0.00104224053212, 0.000511743943207, -0.0021915261168, 0.00121948146261, -0.00170298642479, 0.000858834886458, -0.00183217076119], [-0.000119881238788, 0.000264849310042, 0.000507773074787, -0.000633245508652, -0.00300266034901, 0.00940003804862, -0.00293528707698, -3.9646809455e-05, -0.000890634721145, 0.00320125930011, -0.00422915164381, 8.95778157428e-06, 0.000709439511411], [3.76218267775e-05, -0.000126813320094, -0.00108056445606, 0.00033544114558, 0.00104224053212, -0.00293528707698, 0.0103530809283, -0.00456795468926, 0.00522164208815, -0.00815774220973, 0.00577784888446, -0.00408219499514, 0.000111260189442], [-9.61802797974e-05, -0.000627041677944, 0.000379758770578, 0.000810357567389, 0.000511743943207, -3.9646809455e-05, -0.00456795468926, 0.0132696749642, -0.00946050323546, 0.00715365260839, -0.00539248948917, 0.00115914153866, -0.000123927209643], [2.20774018089e-06, 0.000161108444445, -0.000676370516885, 0.00042502724682, -0.0021915261168, -0.000890634721145, 0.00522164208815, -0.00946050323546, 0.0194345936179, -0.00962813012302, 0.0065311761573, -0.00293295434676, 0.00103136873804], [6.97935684002e-05, -0.000268071802566, 0.00102614215575, -0.00352874025702, 0.00121948146261, 0.00320125930011, -0.00815774220973, 0.00715365260839, -0.00962813012302, 0.0203709639609, -0.0122711043805, 0.00524704344571, -0.00443344097584], [-0.000108377345896, 0.000334595621098, -0.00142425007652, 0.00364704942331, -0.00170298642479, -0.00422915164381, 0.00577784888446, -0.00539248948917, 0.0065311761573, -0.0122711043805, 0.0253481883556, -0.0114668691531, 0.00598521763459], [5.54855032533e-05, -0.000288252864266, 0.00137602700852, -0.00206298474222, 0.000858834886458, 8.95778157428e-06, -0.00408219499514, 0.00115914153866, -0.00293295434676, 0.00524704344571, -0.0114668691531, 0.0257451366633, -0.00883751548827], [-0.000102136022178, -8.3199229266e-05, -0.000387859530747, 0.000567847222555, -0.00183217076119, 0.000709439511411, 0.000111260189442, -0.000123927209643, 0.00103136873804, -0.00443344097584, 0.00598521763459, -0.00883751548827, 0.0210245065391]], "mean": [-650.051818848, 111.648681641, 5.77712583542, 48.9889945984, 5.3539056778, 6.33196640015, 7.06498670578, 2.89347338676, -0.591971039772, 6.19671201706, -6.53918743134, -1.65285158157, 1.97787511349], "cov": [[13345.8369141, -224.122146606, -1152.64782715, 669.029846191, -165.371658325, 193.812423706, -10.6753311157, 34.0684318542, 6.18627071381, 76.2080688477, -9.14527702332, 87.5510025024, 59.0904502869], [-224.122146606, 2026.81347656, -349.367156982, -82.9460983276, 18.0281600952, -31.5900936127, 58.4317054749, 142.811325073, 44.7327461243, 16.018327713, -13.4753723145, 43.2668952942, 29.1030826569], [-1152.64782715, -349.367156982, 1169.17224121, -6.50183963776, 66.0854110718, -11.6105003357, 68.860824585, -15.1724872589, 9.89568996429, 3.09061956406, 30.8903942108, -42.9113502502, -6.20570087433], [669.029846191, -82.9460983276, -6.50183963776, 775.181884766, 118.045631409, 40.0218887329, 88.4017944336, -124.813728333, 23.3450908661, 176.499771118, -57.656162262, 36.4984436035, 57.4268722534], [-165.371658325, 18.0281600952, 66.0854110718, 118.045631409, 219.150772095, 72.9839096069, -5.20988416672, 0.562566936016, 33.2751731873, 16.122428894, 14.243391037, 10.6989421844, 16.1746463776], [193.812423706, -31.5900936127, -11.6105003357, 40.0218887329, 72.9839096069, 161.020233154, 29.1570320129, 24.777463913, 10.4318180084, -2.21257424355, 30.2513751984, 18.750951767, -1.26846063137], [-10.6753311157, 58.4317054749, 68.860824585, 88.4017944336, -5.20988416672, 29.1570320129, 188.070526123, 15.9593896866, -1.79492127895, 74.5378494263, -2.35063052177, 25.0483207703, 23.7269573212], [34.0684318542, 142.811325073, -15.1724872589, -124.813728333, 0.562566936016, 24.777463913, 15.9593896866, 162.883087158, 51.3862533569, -39.1063232422, 24.8011341095, 8.87908172607, -10.1848077774], [6.18627071381, 44.7327461243, 9.89568996429, 23.3450908661, 33.2751731873, 10.4318180084, -1.79492127895, 51.3862533569, 93.9550704956, 27.1959686279, 2.41528773308, 6.3147482872, 5.71182203293], [76.2080688477, 16.018327713, 3.09061956406, 176.499771118, 16.122428894, -2.21257424355, 74.5378494263, -39.1063232422, 27.1959686279, 146.177352905, 14.8663320541, 16.8971252441, 28.9390563965], [-9.14527702332, -13.4753723145, 30.8903942108, -57.656162262, 14.243391037, 30.2513751984, -2.35063052177, 24.8011341095, 2.41528773308, 14.8663320541, 79.6962051392, 21.547990799, -8.20541381836], [87.5510025024, 43.2668952942, -42.9113502502, 36.4984436035, 10.6989421844, 18.750951767, 25.0483207703, 8.87908172607, 6.3147482872, 16.8971252441, 21.547990799, 62.075843811, 22.2508068085], [59.0904502869, 29.1030826569, -6.20570087433, 57.4268722534, 16.1746463776, -1.26846063137, 23.7269573212, -10.1848077774, 5.71182203293, 28.9390563965, -8.20541381836, 22.2508068085, 65.0780639648]]}, "erbbands_flatness_db": {"var": 0.00258784857579, "mean": 0.155227705836, "dmean2": 0.0288284346461, "dvar": 0.000469936378067, "dmean": 0.0199346318841, "max": 0.478462159634, "min": 0.0344355516136, "median": 0.153486296535, "dvar2": 0.000910896109417}, "barkbands": {"var": [1.98248699235e-07, 0.000167932565091, 8.15558669274e-05, 2.08216006286e-05, 8.0197232819e-06, 5.1180063565e-06, 1.68224551089e-06, 6.32884677998e-07, 1.50970174673e-06, 9.34164916089e-07, 4.37406583842e-07, 5.49333890376e-07, 2.57466666653e-07, 4.09617598507e-07, 4.95678932566e-07, 1.06846368908e-06, 7.27034375814e-07, 3.29579535219e-07, 5.10771826612e-07, 8.17011937215e-07, 1.6288522886e-07, 2.00159632868e-07, 1.26331613615e-07, 3.64291707911e-08, 2.0824911573e-08, 3.30517302416e-09, 1.04131904922e-12], "mean": [0.000275378813967, 0.0104221990332, 0.00751773780212, 0.00283882417716, 0.00272985338233, 0.00205359584652, 0.000710562104359, 0.000503051385749, 0.000743102049455, 0.000558259780519, 0.000406766572269, 0.000461942137918, 0.000284105917672, 0.000358399032848, 0.000450271589216, 0.000619616708718, 0.000487421726575, 0.00043854964315, 0.000707736704499, 0.000830474018585, 0.000349403708242, 0.00023715707357, 0.000176110566827, 0.000111983623356, 7.65825388953e-05, 2.95949375868e-05, 4.85081272927e-07], "dmean2": [0.000310987845296, 0.0102468803525, 0.00832571089268, 0.0038904575631, 0.00242927158251, 0.00176924886182, 0.000708925712388, 0.000513838022016, 0.000601617444772, 0.000532270350959, 0.000386217870982, 0.00040193030145, 0.000252296944382, 0.000323622516589, 0.000381256802939, 0.000483761366922, 0.000393448484829, 0.000379931560019, 0.000588638067711, 0.000575798097998, 0.00024636022863, 0.00019626354333, 0.000186170509551, 0.000127260529553, 9.94936344796e-05, 4.01620272896e-05, 8.13489691609e-07], "dvar": [1.38434373298e-07, 0.000105813574919, 5.62923924008e-05, 1.86218130693e-05, 3.70574616682e-06, 2.14211991079e-06, 6.75647584103e-07, 2.91415091169e-07, 5.06465653416e-07, 3.92543881844e-07, 1.88762214748e-07, 2.06492401844e-07, 8.65595808364e-08, 1.4894563094e-07, 1.77999098128e-07, 2.81138113678e-07, 1.92149641975e-07, 1.31378172341e-07, 2.34311087866e-07, 3.27986498405e-07, 6.23411864353e-08, 9.13617483889e-08, 6.69866153657e-08, 2.07311714462e-08, 1.43288998444e-08, 2.43853137682e-09, 9.43970487714e-13], "dmean": [0.00018612194981, 0.00617814343423, 0.00496246665716, 0.00229958305135, 0.00146246585064, 0.00108215690125, 0.000432932574768, 0.000307637790684, 0.000378206488676, 0.000318757694913, 0.00023249546939, 0.00024343028781, 0.000153760032845, 0.000190834398381, 0.000231852332945, 0.000298085215036, 0.000241400703089, 0.000222585411393, 0.00034071932896, 0.000347780587617, 0.000159679824719, 0.000134085261379, 0.00012201735808, 8.5528496129e-05, 6.62947932142e-05, 2.74693084066e-05, 4.92786398354e-07], "max": [0.00640286598355, 0.107231684029, 0.0640091374516, 0.0386551693082, 0.0351895429194, 0.0259759277105, 0.0193981919438, 0.0119814667851, 0.0138185182586, 0.0109417727217, 0.00831987615675, 0.00801813043654, 0.00825953297317, 0.00740849412978, 0.00850636325777, 0.0115485368297, 0.0120581183583, 0.00787497963756, 0.00772047508508, 0.0111816860735, 0.00515065295622, 0.0030811491888, 0.00309358234517, 0.00115532008931, 0.000909934635274, 0.000425269128755, 8.57345276017e-06], "min": [3.61818075042e-24, 1.24394600509e-23, 2.33833202893e-23, 1.03001883939e-23, 1.92351157295e-23, 3.31556944733e-23, 3.50092178334e-23, 3.13630238434e-23, 4.40679032455e-23, 7.12118686204e-23, 3.57789472839e-23, 1.20042112529e-22, 1.24079502642e-22, 1.04693422601e-22, 3.00536971253e-22, 9.31244681924e-23, 3.19967561982e-22, 1.5244392419e-22, 2.23107736429e-22, 2.7009489203e-22, 5.74126453984e-22, 6.77297444458e-22, 7.77078630202e-22, 9.75041065557e-22, 1.37728752677e-21, 1.366333846e-21, 2.07281000579e-21], "median": [9.68723907135e-05, 0.0065030856058, 0.00429417705163, 0.00144664268009, 0.00195283640642, 0.00135938392486, 0.000322331034113, 0.000257801701082, 0.000251538353041, 0.000179844646482, 0.000144347257446, 0.000174348504515, 8.85321423993e-05, 0.000103310507257, 0.000170123559656, 0.000207276490983, 0.000187206605915, 0.000256469851593, 0.000572893419303, 0.000641330494545, 0.000243840477196, 8.66147747729e-05, 4.14357564296e-05, 2.34309954976e-05, 7.45959823689e-06, 2.40475355895e-06, 4.35269704724e-08], "dvar2": [3.54890829612e-07, 0.000259800028289, 0.00016095607134, 4.70615159429e-05, 9.13952135306e-06, 5.52886922378e-06, 1.55795623868e-06, 7.57984764732e-07, 1.24310975025e-06, 1.06076026896e-06, 5.11435644057e-07, 5.37811388313e-07, 2.01712921921e-07, 4.08319436929e-07, 4.26241825835e-07, 6.52947676372e-07, 4.11528816358e-07, 3.46943835439e-07, 6.55811788874e-07, 8.38678374748e-07, 1.28420907686e-07, 1.77206132435e-07, 1.24689123027e-07, 4.34972058372e-08, 3.16782582388e-08, 5.41530820186e-09, 2.3066301473e-12]}, "spectral_energyband_low": {"var": 0.000352017697878, "mean": 0.0197964999825, "dmean2": 0.0156305059791, "dvar": 0.000191975006601, "dmean": 0.0094718914479, "max": 0.132518455386, "min": 4.40608098083e-23, "median": 0.0156696885824, "dvar2": 0.000492113875225}, "erbbands_spread": {"var": 508.655273438, "mean": 49.4750976562, "dmean2": 17.0636081696, "dvar": 141.744384766, "dmean": 10.8354101181, "max": 139.957931519, "min": 1.00923192501, "median": 46.3206176758, "dvar2": 327.689453125}, "average_loudness": 0.957985162735, "spectral_energyband_middle_high": {"var": 2.26985175686e-05, "mean": 0.00511341542006, "dmean2": 0.00201381486841, "dvar": 2.5031745281e-06, "dmean": 0.00122448836919, "max": 0.0304890330881, "min": 1.64507442636e-21, "median": 0.00367934675887, "dvar2": 6.72929172651e-06}, "barkbands_flatness_db": {"var": 0.00462677376345, "mean": 0.152595594525, "dmean2": 0.0457354411483, "dvar": 0.00090478383936, "dmean": 0.02869553864, "max": 0.516950428486, "min": 0.0385467670858, "median": 0.139046490192, "dvar2": 0.00222993851639}, "spectral_entropy": {"var": 0.285894215107, "mean": 7.63129138947, "dmean2": 0.302192568779, "dvar": 0.0629774034023, "dmean": 0.196618378162, "max": 9.80332756042, "min": 3.93076491356, "median": 7.74725055695, "dvar2": 0.14529427886}, "melbands_skewness": {"var": 4.36377096176, "mean": 3.63821411133, "dmean2": 1.56281483173, "dvar": 1.25763320923, "dmean": 0.975712835789, "max": 17.3693943024, "min": -2.58909964561, "median": 3.29244375229, "dvar2": 3.02649497986}, "spectral_contrast_coeffs": {"var": [0.00631410256028, 0.00488906819373, 0.00334352464415, 0.00216514454223, 0.00231000594795, 0.00344542879611], "mean": [-0.661569237709, -0.752513408661, -0.805783808231, -0.800883769989, -0.780826985836, -0.747827768326], "dmean2": [0.0891825407743, 0.0797081962228, 0.0583518110216, 0.0502698123455, 0.0418091379106, 0.0384882427752], "dvar": [0.00196600123309, 0.00137407321017, 0.000763244752306, 0.000633072573692, 0.000549988006242, 0.000583332963288], "dmean": [0.0535278320312, 0.0475059337914, 0.0349412821233, 0.0300128590316, 0.0252300333232, 0.0244442727417], "max": [-0.265260159969, -0.421690165997, -0.546225130558, -0.561073601246, -0.534779310226, -0.577894508839], "min": [-0.94567990303, -0.984289348125, -0.979509830475, -0.972336292267, -0.958932220936, -0.960586965084], "median": [-0.667465090752, -0.755856871605, -0.813248038292, -0.80313283205, -0.785893976688, -0.739027261734], "dvar2": [0.00530622294173, 0.0039502219297, 0.00210335617885, 0.00166697113309, 0.00142778398003, 0.00126760546118]}, "pitch_salience": {"var": 0.0173421539366, "mean": 0.543699860573, "dmean2": 0.152900904417, "dvar": 0.00702500157058, "dmean": 0.091405980289, "max": 0.928214073181, "min": 0.0469430014491, "median": 0.558335244656, "dvar2": 0.0188752561808}, "spectral_rolloff": {"var": 2939635.25, "mean": 1697.92224121, "dmean2": 1155.30700684, "dvar": 1143390.5, "dmean": 676.582824707, "max": 18475.4882812, "min": 21.533203125, "median": 1076.66015625, "dvar2": 2604942}, "melbands_kurtosis": {"var": 1107.81347656, "mean": 22.22306633, "dmean2": 20.3704471588, "dvar": 659.420715332, "dmean": 12.3453273773, "max": 513.190856934, "min": -1.8492423296, "median": 12.7337799072, "dvar2": 1688.8885498}, "silence_rate_30dB": {"var": 0.00205166917294, "mean": 0.997943937778, "dmean2": 0.00673148827627, "dvar": 0.00335388514213, "dmean": 0.00336511502974, "max": 1, "min": 0, "median": 1, "dvar2": 0.00930434372276}, "spectral_decrease": {"var": 2.96516158547e-17, "mean": -8.54051673826e-09, "dmean2": 4.38380309831e-09, "dvar": 1.2759647242e-17, "dmean": 2.67595301473e-09, "max": 1.92730374565e-24, "min": -3.57875755697e-08, "median": -8.37475777615e-09, "dvar2": 3.19433958424e-17}, "spectral_rms": {"var": 4.5282836254e-06, "mean": 0.00538630457595, "dmean2": 0.00132175348699, "dvar": 9.02826002402e-07, "dmean": 0.00082296069013, "max": 0.0115415817127, "min": 3.22200816374e-12, "median": 0.0057563604787, "dvar2": 2.08299024962e-06}, "spectral_skewness": {"var": 0.784256339073, "mean": 1.172342062, "dmean2": 0.450065165758, "dvar": 0.145127341151, "dmean": 0.281593352556, "max": 10.353685379, "min": -0.353359669447, "median": 0.972306489944, "dvar2": 0.390631347895}, "erbbands_crest": {"var": 19.1138000488, "mean": 7.67671823502, "dmean2": 3.47477889061, "dvar": 5.3575630188, "dmean": 2.12279200554, "max": 31.9304790497, "min": 2.47255992889, "median": 6.40908193588, "dvar2": 13.2943058014}, "melbands_flatness_db": {"var": 0.00774068478495, "mean": 0.219687700272, "dmean2": 0.0563340298831, "dvar": 0.00135269586463, "dmean": 0.0352115668356, "max": 0.625518858433, "min": 0.00731149595231, "median": 0.202813714743, "dvar2": 0.00332986796275}, "dynamic_complexity": 3.48390603065, "dissonance": {"var": 0.000717318325769, "mean": 0.478199064732, "dmean2": 0.0198892802, "dvar": 0.000241564048338, "dmean": 0.0118569051847, "max": 0.50