{"lowlevel": {"erbbands": {"mean": [0.910768985748, 3.13328123093, 3.83074712753, 4.18946218491, 6.76498508453, 8.71678924561, 13.0540990829, 16.5007095337, 28.4186096191, 41.06848526, 51.1195907593, 42.4560012817, 54.9288482666, 68.0796279907, 79.8541870117, 83.0909881592, 62.0831222534, 41.3219223022, 35.4013748169, 24.7809791565, 19.3452415466, 20.0703487396, 19.9933929443, 15.6714391708, 11.0221643448, 11.7393932343, 11.0434875488, 8.1699924469, 6.9872713089, 5.88446569443, 3.54039525986, 0.953775644302, 0.112123012543, 0.0608324334025, 0.0395386330783, 0.0306980293244, 0.151681825519, 0.119771897793, 0.0779261440039, 0.05441493541], "dvar": [1.54559063911, 11.4819383621, 34.2858428955, 53.770652771, 137.579177856, 205.243988037, 422.911560059, 499.498962402, 2575.78442383, 3729.69482422, 4926.85839844, 4420.69775391, 8933.37207031, 15558.9003906, 15560.2441406, 7846.05175781, 3508.20336914, 1191.88183594, 1069.02600098, 611.919372559, 250.901870728, 166.206054688, 155.512420654, 143.433990479, 119.548461914, 116.273612976, 64.4557723999, 27.2052326202, 16.2697792053, 13.0606021881, 4.26041936874, 0.3592248559, 0.0280285775661, 0.0129708060995, 0.00523573113605, 0.00176062399987, 0.00951647944748, 0.00584768783301, 0.00131410150789, 0.000256152532529], "min": [1.63413748207e-22, 5.25149526123e-22, 2.9838638244e-21, 6.28713730311e-21, 1.45148241674e-20, 2.3486014732e-20, 3.58862033622e-20, 1.03900308511e-19, 1.62678108478e-19, 1.35342128603e-19, 1.72643541058e-19, 4.03260991775e-19, 4.51257371336e-19, 7.63689951046e-19, 1.29237551192e-18, 1.08456592516e-18, 1.62555507386e-18, 2.31628810847e-18, 3.25499045198e-18, 3.48834968331e-18, 2.99699530047e-18, 4.97406739308e-18, 5.73968839727e-18, 6.96355712105e-18, 7.22679328893e-18, 7.49552441761e-18, 1.1152546154e-17, 9.81531604957e-18, 1.13436265298e-17, 1.13544088291e-17, 1.17202459986e-17, 1.16084641194e-17, 1.14527879009e-17, 8.73769492604e-18, 6.39681184282e-18, 4.50013674266e-18, 2.19157036521e-18, 8.71980094143e-19, 2.61770041938e-19, 2.61196608671e-20], "dmean": [0.815871417522, 2.47275853157, 3.26466727257, 3.76269507408, 5.95713853836, 7.48954629898, 10.2118644714, 12.0404996872, 21.225610733, 29.9132995605, 37.2245521545, 30.3829841614, 40.0823173523, 47.97838974, 51.0596122742, 50.3062515259, 39.3785324097, 24.9392108917, 22.5151805878, 15.7209692001, 10.9751625061, 10.0996046066, 9.11463832855, 7.45219945908, 5.51707172394, 5.38282060623, 4.53620195389, 3.25320982933, 2.74590873718, 2.31218314171, 1.39563202858, 0.429280400276, 0.0925409346819, 0.0608334131539, 0.039155870676, 0.0240572672337, 0.0632716417313, 0.0423275120556, 0.022725135088, 0.0137602686882], "dmean2": [1.40069723129, 4.15255022049, 5.5798406601, 6.48163938522, 10.4107074738, 12.8226261139, 16.9503765106, 19.9649066925, 34.6487998962, 48.9778862, 61.2957382202, 49.6927833557, 65.2901153564, 78.776222229, 83.5119400024, 83.1881103516, 65.374168396, 41.6204528809, 37.9963951111, 26.4918079376, 18.4456882477, 16.8090000153, 14.8797512054, 11.9768028259, 8.54040527344, 8.35016345978, 6.99790143967, 5.00686407089, 4.15379905701, 3.42981338501, 2.01518750191, 0.657096922398, 0.155882924795, 0.103075265884, 0.0662346258759, 0.0403499938548, 0.0939819812775, 0.0606781616807, 0.0322424806654, 0.020536031574], "dvar2": [4.13287258148, 31.0686359406, 92.4096450806, 147.397186279, 380.707000732, 549.876281738, 1086.88842773, 1257.42724609, 6345.65429688, 9431.15234375, 12275.3603516, 10930.9091797, 22775.2226562, 40000.703125, 38601.6640625, 20154.4570312, 9335.79785156, 3177.22509766, 2859.48217773, 1659.31237793, 668.783203125, 439.210601807, 388.504852295, 340.12298584, 257.077270508, 250.895187378, 138.1118927, 59.1842956543, 35.9827613831, 28.254901886, 8.73056983948, 0.782137215137, 0.0735056176782, 0.0341180451214, 0.0137667311355, 0.00460458081216, 0.0201618634164, 0.0132249835879, 0.00254879356362, 0.000570925942156], "max": [10.7866706848, 54.7655181885, 81.8694763184, 140.475494385, 204.524963379, 258.320587158, 514.259460449, 439.92086792, 1294.85803223, 1552.75866699, 1124.8338623, 1713.7980957, 2183.80981445, 3993.80541992, 3481.81274414, 1721.05737305, 1118.77160645, 593.410705566, 598.907287598, 527.084716797, 326.282958984, 199.072906494, 281.886749268, 354.077514648, 383.100769043, 285.297668457, 220.461349487, 133.913406372, 85.4563217163, 85.792350769, 35.7406349182, 10.5161390305, 2.83681154251, 1.88657414913, 1.17742943764, 0.675421357155, 1.57289016247, 2.56090664864, 0.878754258156, 0.494223088026], "median": [0.454436123371, 1.86970412731, 2.03426933289, 2.2112569809, 3.47625899315, 4.03890562057, 5.47561359406, 8.06792259216, 11.0033531189, 17.1800804138, 21.6625328064, 17.4930992126, 19.3473129272, 25.688287735, 37.3387947083, 49.9892234802, 41.1172409058, 31.4468536377, 26.1836490631, 18.7540416718, 15.3753042221, 17.3059082031, 16.8794651031, 11.5448856354, 6.824842453, 8.06526374817, 8.293800354, 6.05432510376, 5.03670597076, 3.95299172401, 2.22996878624, 0.625321149826, 0.0661290585995, 0.0257900394499, 0.017286811024, 0.0189407393336, 0.096056163311, 0.0825713127851, 0.062284052372, 0.0556635186076], "var": [1.55721592903, 14.9395360947, 33.061378479, 45.3881759644, 119.515357971, 207.04246521, 549.605529785, 726.747924805, 3602.37280273, 5763.1328125, 7710.77246094, 6920.74560547, 13865.4228516, 25006.8847656, 30320.7246094, 13546.0019531, 5198.63964844, 1675.1776123, 1419.96789551, 733.651794434, 390.453399658, 322.881072998, 392.500091553, 335.359313965, 254.543609619, 263.087249756, 178.036956787, 83.8290786743, 51.6598548889, 41.3823394775, 15.7111587524, 1.09915649891, 0.0255761370063, 0.0113899130374, 0.00465134344995, 0.00167400296777, 0.0297902040184, 0.0156023018062, 0.00654090521857, 0.00148256774992]}, "gfcc": {"icov": [[0.000125992155517, -0.000392128014937, 0.000815466337372, -0.000689530046657, 0.000326829234837, -0.000340398430126, 0.00041830324335, -0.000133691151859, -0.000290722760838, 0.000255937542534, -0.000105527506093, -0.000302298605675, 0.000168995073182], [-0.000392128014937, 0.00403442932293, -0.00448449328542, 0.00466414261609, -0.00139891030267, 0.00137659953907, -0.00228405091912, 0.00215395214036, -0.00013545701222, 0.00111689884216, -0.00274810031988, 0.00478413468227, -0.00196254206821], [0.000815466337372, -0.00448449328542, 0.0126871177927, -0.0100245028734, 0.00595453986898, -0.00559307960793, 0.00600472232327, -0.00317275058478, -0.00269871694036, 0.00230411509983, -0.000943946302868, -0.00156975083519, -0.000224792893277], [-0.000689530046657, 0.00466414261609, -0.0100245028734, 0.015789212659, -0.011198118329, 0.00695648370311, -0.00409448193386, -0.000515334191732, 0.00575600098819, -0.00761162862182, 0.00796960480511, -0.00594347296283, 0.00604678085074], [0.000326829234837, -0.00139891030267, 0.00595453986898, -0.011198118329, 0.0141238989308, -0.00822657998651, 0.000466128927656, 0.00531240319833, -0.00809221435338, 0.00893323402852, -0.0121067157015, 0.0119199678302, -0.00944206770509], [-0.000340398430126, 0.00137659953907, -0.00559307960793, 0.00695648370311, -0.00822657998651, 0.0125509602949, -0.0039868648164, -0.00600486202165, 0.011178791523, -0.00789960194379, 0.00812850426883, -0.00970991514623, 0.00673080654815], [0.00041830324335, -0.00228405091912, 0.00600472232327, -0.00409448193386, 0.000466128927656, -0.0039868648164, 0.0114087667316, -0.00174175656866, -0.0046987934038, 0.00448534172028, -0.00156962242909, -0.0033246173989, 0.0019815582782], [-0.000133691151859, 0.00215395214036, -0.00317275058478, -0.000515334191732, 0.00531240319833, -0.00600486202165, -0.00174175656866, 0.017497241497, -0.00838204752654, -6.40423677396e-05, -0.00407654745504, 0.0143875591457, -0.0121552310884], [-0.000290722760838, -0.00013545701222, -0.00269871694036, 0.00575600098819, -0.00809221435338, 0.011178791523, -0.0046987934038, -0.00838204752654, 0.0230851415545, -0.0165729243308, 0.013459732756, -0.0171948242933, 0.0131566878408], [0.000255937542534, 0.00111689884216, 0.00230411509983, -0.00761162862182, 0.00893323402852, -0.00789960194379, 0.00448534172028, -6.40423677396e-05, -0.0165729243308, 0.0394227877259, -0.0326011367142, 0.0189857557416, -0.00707620428875], [-0.000105527506093, -0.00274810031988, -0.000943946302868, 0.00796960480511, -0.0121067157015, 0.00812850426883, -0.00156962242909, -0.00407654745504, 0.013459732756, -0.0326011367142, 0.0502729490399, -0.0275761857629, 0.00689621223137], [-0.000302298605675, 0.00478413468227, -0.00156975083519, -0.00594347296283, 0.0119199678302, -0.00970991514623, -0.0033246173989, 0.0143875591457, -0.0171948242933, 0.0189857557416, -0.0275761857629, 0.0409779585898, -0.0175276435912], [0.000168995073182, -0.00196254206821, -0.000224792893277, 0.00604678085074, -0.00944206770509, 0.00673080654815, 0.0019815582782, -0.0121552310884, 0.0131566878408, -0.00707620428875, 0.00689621223137, -0.0175276435912, 0.0263734906912]], "mean": [32.7162208557, 80.2429504395, -93.599899292, -0.419013887644, -18.4549064636, -9.50726127625, 14.0964069366, -20.1819667816, 6.48080015182, -5.31050920486, -2.69830083847, 4.97511768341, -12.9026031494], "cov": [[17205.8984375, 264.343963623, -1150.81958008, 351.749176025, 334.176239014, -278.424102783, 313.872009277, -504.032501221, 383.39541626, -102.785423279, 97.6481933594, 288.683258057, -298.740722656], [264.343963623, 862.671020508, 74.3240280151, -361.774597168, -140.429412842, -33.960105896, -80.5894393921, 39.3668022156, -84.6049423218, -19.2338619232, 12.6877813339, -118.113494873, 83.9003067017], [-1150.81958008, 74.3240280151, 351.485198975, 56.5152130127, -66.9840698242, 90.8963317871, -103.378746033, 109.095100403, -45.5916290283, 28.5455360413, -17.52069664, -34.1590003967, 26.094575882], [351.749176025, -361.774597168, 56.5152130127, 426.319274902, 234.597442627, 30.7069473267, 82.2375183105, -49.0904121399, 64.9249038696, 17.418888092, 3.37815451622, 65.887336731, -63.8990859985], [334.176239014, -140.429412842, -66.9840698242, 234.597442627, 343.70223999, 75.5311126709, 105.452606201, -58.5718231201, 22.6479244232, -0.996833324432, 33.5775108337, 30.7849388123, 2.02000594139], [-278.424102783, -33.960105896, 90.8963317871, 30.7069473267, 75.5311126709, 242.859680176, 22.512720108, 61.2423934937, -73.3651504517, 4.38190793991, 0.000482970499434, 3.48743963242, 24.6787662506], [313.872009277, -80.5894393921, -103.378746033, 82.2375183105, 105.452606201, 22.512720108, 194.034317017, -41.9408302307, 60.9598808289, -13.2495193481, 13.6110858917, 51.6487770081, -32.844078064], [-504.032501221, 39.3668022156, 109.095100403, -49.0904121399, -58.5718231201, 61.2423934937, -41.9408302307, 168.185012817, -9.65361976624, 40.5969390869, -4.55048942566, -47.7251548767, 47.5909843445], [383.39541626, -84.6049423218, -45.5916290283, 64.9249038696, 22.6479244232, -73.3651504517, 60.9598808289, -9.65361976624, 156.593978882, 38.4900474548, 16.5913619995, 42.2858657837, -50.2510757446], [-102.785423279, -19.2338619232, 28.5455360413, 17.418888092, -0.996833324432, 4.38190793991, -13.2495193481, 40.5969390869, 38.4900474548, 81.2683563232, 39.0224723816, -2.12720608711, 4.69423389435], [97.6481933594, 12.6877813339, -17.52069664, 3.37815451622, 33.5775108337, 0.000482970499434, 13.6110858917, -4.55048942566, 16.5913619995, 39.0224723816, 62.9776000977, 28.9194164276, 13.2410669327], [288.683258057, -118.113494873, -34.1590003967, 65.887336731, 30.7849388123, 3.48743963242, 51.6487770081, -47.7251548767, 42.2858657837, -2.12720608711, 28.9194164276, 96.6932296753, -6.74743318558], [-298.740722656, 83.9003067017, 26.094575882, -63.8990859985, 2.02000594139, 24.6787662506, -32.844078064, 47.5909843445, -50.2510757446, 4.69423389435, 13.2410669327, -6.74743318558, 98.1552047729]]}, "spectral_skewness": {"mean": 2.5588145256, "dvar": 0.387326925993, "min": -0.0966880843043, "dmean": 0.313308209181, "dmean2": 0.476419270039, "dvar2": 1.0436784029, "max": 15.6854715347, "median": 2.41183805466, "var": 1.04865932465}, "spectral_energyband_low": {"mean": 0.0301710274071, "dvar": 0.000974601483904, "min": 1.5269818037e-23, "dmean": 0.0227501634508, "dmean2": 0.0379417538643, "dvar2": 0.0025477160234, "max": 0.270805299282, "median": 0.0188122801483, "var": 0.00111688580364}, "spectral_energyband_middle_low": {"mean": 0.0132325179875, "dvar": 7.44014250813e-05, "min": 1.42434667697e-22, "dmean": 0.00661237118766, "dmean2": 0.0106034372002, "dvar2": 0.000188838355825, "max": 0.106562398374, "median": 0.00909117795527, "var": 0.000162918542628}, "mfcc": {"icov": [[0.000206863827771, -0.000177644673386, 0.000236244770349, -0.000176587942406, -8.88921276783e-05, -0.000208757410292, 0.000278385268757, -0.000201960559934, -4.0614624595e-05, 0.000144349600305, -4.30919935752e-05, -0.000106554754893, -0.000174276996404], [-0.000177644673386, 0.00144289468881, -0.00039121840382, 0.00050936016487, 0.000977060524747, -0.000124310754472, -0.000522402347997, 0.00108926044777, -0.000610516348388, 0.000504914554767, -0.000377416348783, -0.000154902983923, 0.000914623728022], [0.000236244770349, -0.00039121840382, 0.00330478465185, 0.000537227839231, -0.00159294670448, 0.00168605544604, 0.000136659335112, -0.000973930058535, 0.000936984841246, -0.00172954250593, 0.000967434840277, -0.000106843806861, -0.000627637433354], [-0.000176587942406, 0.00050936016487, 0.000537227839231, 0.00475995754823, -0.00170092191547, -0.00171819457319, 0.00238091894425, -0.000838734733406, 0.000819384411443, -0.00137199589517, -0.00180014315993, 0.00255125202239, -0.00218663737178], [-8.88921276783e-05, 0.000977060524747, -0.00159294670448, -0.00170092191547, 0.0082546249032, -0.00289716245607, -0.00290409335867, 0.00480952532962, -0.00525556690991, 0.003892327426, -0.000503196846694, -0.00313786114566, 0.00325563363731], [-0.000208757410292, -0.000124310754472, 0.00168605544604, -0.00171819457319, -0.00289716245607, 0.011611526832, -0.00409331452101, -0.00758831202984, 0.00812011398375, -0.00347231817432, 0.00180780619849, -0.00126008631196, -0.00154503423255], [0.000278385268757, -0.000522402347997, 0.000136659335112, 0.00238091894425, -0.00290409335867, -0.00409331452101, 0.0108672035858, -0.00179634278174, -0.00398512231186, 0.00475533818826, -0.00584845244884, 0.0078416466713, -0.00437130779028], [-0.000201960559934, 0.00108926044777, -0.000973930058535, -0.000838734733406, 0.00480952532962, -0.00758831202984, -0.00179634278174, 0.0184448044747, -0.00826012622565, -0.0033162352629, 0.00882654543966, -0.00705553777516, 0.00399150932208], [-4.0614624595e-05, -0.000610516348388, 0.000936984841246, 0.000819384411443, -0.00525556690991, 0.00812011398375, -0.00398512231186, -0.00826012622565, 0.0222953502089, -0.00693847984076, -0.00418579857796, 0.00461952853948, -0.00291829858907], [0.000144349600305, 0.000504914554767, -0.00172954250593, -0.00137199589517, 0.003892327426, -0.00347231817432, 0.00475533818826, -0.0033162352629, -0.00693847984076, 0.0257765669376, -0.0140018323436, 0.00190190202557, 0.00142593402416], [-4.30919935752e-05, -0.000377416348783, 0.000967434840277, -0.00180014315993, -0.000503196846694, 0.00180780619849, -0.00584845244884, 0.00882654543966, -0.00418579857796, -0.0140018323436, 0.0338160991669, -0.018709031865, 0.00292103877291], [-0.000106554754893, -0.000154902983923, -0.000106843806861, 0.00255125202239, -0.00313786114566, -0.00126008631196, 0.0078416466713, -0.00705553777516, 0.00461952853948, 0.00190190202557, -0.018709031865, 0.0350456535816, -0.0166041143239], [-0.000174276996404, 0.000914623728022, -0.000627637433354, -0.00218663737178, 0.00325563363731, -0.00154503423255, -0.00437130779028, 0.00399150932208, -0.00291829858907, 0.00142593402416, 0.00292103877291, -0.0166041143239, 0.0312061998993]], "mean": [-626.24432373, 145.213272095, -18.4697475433, 29.3021125793, -15.650346756, 29.1230773926, -2.33731007576, 17.0846481323, -2.33603811264, 7.339615345, 5.1309261322, 7.86080408096, 5.12959814072], "cov": [[7874.22167969, 134.438369751, -827.192321777, 752.278747559, -85.0505981445, 622.9140625, -244.871948242, 302.556854248, -150.423233032, 68.306388855, 18.5950679779, 180.641830444, 120.010368347], [134.438369751, 1030.375, 121.712623596, -263.88571167, -92.7789077759, -166.325973511, 40.3009681702, -107.577507019, 30.5136508942, -39.70337677, 6.41016721725, -38.255241394, -40.9285316467], [-827.192321777, 121.712623596, 471.747314453, -164.848068237, 48.1533203125, -161.251968384, 23.305305481, -62.1858825684, 41.0880355835, -1.31467163563, 2.08187127113, -21.3116931915, -19.6704158783], [752.278747559, -263.88571167, -164.848068237, 444.788452148, 43.7105903625, 193.926620483, -71.2366485596, 87.2095413208, -40.5117607117, 51.2513008118, 18.5444107056, 43.5609970093, 39.0059127808], [-85.0505981445, -92.7789077759, 48.1533203125, 43.7105903625, 258.328277588, 38.8976211548, 108.231536865, -26.6832962036, 46.8611106873, -24.625415802, 22.5520915985, -0.0533087998629, 3.19300818443], [622.9140625, -166.325973511, -161.251968384, 193.926620483, 38.8976211548, 305.048950195, 37.9730300903, 128.440750122, -49.7098083496, 20.4645080566, -11.0315856934, 32.8749656677, 31.5755519867], [-244.871948242, 40.3009681702, 23.305305481, -71.2366485596, 108.231536865, 37.9730300903, 222.239990234, 3.15094876289, 53.151424408, -33.0836410522, 6.77587223053, -33.988193512, 2.00866818428], [302.556854248, -107.577507019, -62.1858825684, 87.2095413208, -26.6832962036, 128.440750122, 3.15094876289, 143.213088989, 1.07752943039, 29.2286529541, -16.7225952148, 19.0164108276, 11.4177722931], [-150.423233032, 30.5136508942, 41.0880355835, -40.5117607117, 46.8611106873, -49.7098083496, 53.151424408, 1.07752943039, 95.0758132935, 16.2010955811, 22.8342971802, -8.93599033356, -2.53032469749], [68.306388855, -39.70337677, -1.31467163563, 51.2513008118, -24.625415802, 20.4645080566, -33.0836410522, 29.2286529541, 16.2010955811, 79.4195632935, 35.155544281, 24.1044960022, 7.74015808105], [18.5950679779, 6.41016721725, 2.08187127113, 18.5444107056, 22.5520915985, -11.0315856934, 6.77587223053, -16.7225952148, 22.8342971802, 35.155544281, 73.5010986328, 36.7395744324, 14.643661499], [180.641830444, -38.255241394, -21.3116931915, 43.5609970093, -0.0533087998629, 32.8749656677, -33.988193512, 19.0164108276, -8.93599033356, 24.1044960022, 36.7395744324, 73.3282928467, 32.8338851929], [120.010368347, -40.9285316467, -19.6704158783, 39.0059127808, 3.19300818443, 31.5755519867, 2.00866818428, 11.4177722931, -2.53032469749, 7.74015808105, 14.643661499, 32.8338851929, 51.8125648499]]}, "silence_rate_20dB": {"mean": 1, "dvar": 0, "min": 1, "dmean": 0, "dmean2": 0, "dvar2": 0, "max": 1, "median": 1, "var": 0}, "dynamic_complexity": 2.00758528709, "silence_rate_60dB": {"mean": 0.0225366875529, "dvar": 0.00583603885025, "min": 0, "dmean": 0.00587063655257, "dmean2": 0.0117425033823, "dvar2": 0.0137009508908, "max": 1, "median": 0, "var": 0.0220301169902}, "dissonance": {"mean": 0.476182252169, "dvar": 0.000446235848358, "min": 0.162631079555, "dmean": 0.0176024530083, "dmean2": 0.03019166179, "dvar2": 0.00122167973313, "max": 0.500000178814, "median": 0.483948022127, "var": 0.000644063926302}, "barkbands": {"mean": [0.0097106071189, 0.0197376906872, 0.00270485226065, 0.00148712284863, 0.00263848761097, 0.00194514810573, 0.00241201929748, 0.00225088791922, 0.00188069196884, 0.00174468941987, 0.00203109998256, 0.00212041544728, 0.00126481626648, 0.000786260119639, 0.000552159617655, 0.000368871318642, 0.000345803855453, 0.000353194773197, 0.000254454527749, 0.000242235400947, 0.000234306440689, 0.000194719992578, 0.000136820890475, 1.86347679119e-05, 5.42234010936e-06, 6.52042872389e-05, 0.00187527900562], "dvar": [0.000338745041518, 0.000456138805021, 2.57416832028e-05, 8.02727026894e-06, 1.43767256304e-05, 6.58012731947e-06, 1.73673506652e-05, 1.01685564005e-05, 8.07860033092e-06, 8.85993449629e-06, 1.792751209e-05, 6.92029061611e-06, 1.65453968748e-06, 5.03546573327e-07, 3.35745653501e-07, 1.05245113957e-07, 5.69752387491e-08, 5.37629532005e-08, 5.36980486743e-08, 4.80399258151e-08, 2.31573320519e-08, 1.24513581667e-08, 6.47206288562e-09, 2.59355231735e-10, 1.05286571128e-10, 1.86745063857e-09, 3.93653436959e-07], "min": [3.54415138067e-25, 2.302644356e-24, 7.47062124082e-25, 1.28154625155e-24, 8.332680155e-24, 7.58376637716e-24, 1.1200084627e-23, 5.69649475865e-24, 1.47490073342e-23, 1.70024942173e-23, 1.76394252454e-23, 1.96693095049e-23, 2.86222844003e-23, 4.97008970679e-23, 6.46134131797e-23, 4.2212107966e-23, 7.0326022e-23, 1.12504275211e-22, 1.0631473371e-22, 1.55942629589e-22, 2.19087978935e-22, 3.10612327978e-22, 3.90772384686e-22, 6.24530904539e-22, 9.26524479055e-22, 1.2674830365e-21, 1.84126365386e-21], "dmean": [0.0103778215125, 0.0156673230231, 0.00261531281285, 0.00143664621282, 0.00213066209108, 0.0014396365732, 0.00183655600995, 0.00169577670749, 0.00136972893961, 0.00132698542438, 0.00144591508433, 0.00134894589428, 0.000856079393998, 0.000506424170453, 0.000372641370632, 0.000225449519348, 0.000183976226253, 0.000166177327628, 0.000128737054183, 0.000110663415398, 9.283280815e-05, 7.47206140659e-05, 5.31973928446e-05, 1.12931520562e-05, 5.48844673176e-06, 2.63727997662e-05, 0.000524177274201], "dmean2": [0.0174818113446, 0.0265198554844, 0.00451907236129, 0.00249368138611, 0.0036187467631, 0.00237515824847, 0.00299719744362, 0.00280100316741, 0.00224210624583, 0.00218269578181, 0.00238156365231, 0.00223755673505, 0.00142824463546, 0.000853752775583, 0.000632314360701, 0.000380509038223, 0.000307456328301, 0.00027075750404, 0.000204932395718, 0.000171052175574, 0.000142036471516, 0.000111376175482, 7.69219186623e-05, 1.85054268513e-05, 9.29769430513e-06, 3.89071647078e-05, 0.000788219331298], "dvar2": [0.000831098295748, 0.00123556505423, 6.98968287907e-05, 2.24021569011e-05, 3.84859595215e-05, 1.65996170836e-05, 4.3642721721e-05, 2.53317357419e-05, 1.98045345314e-05, 2.28889584832e-05, 4.57269816252e-05, 1.76449066203e-05, 4.40999156126e-06, 1.35318725825e-06, 8.97513473319e-07, 2.80369278016e-07, 1.52572440015e-07, 1.3307172253e-07, 1.23340001323e-07, 1.02164584348e-07, 4.84906550469e-08, 2.66255284487e-08, 1.35762947551e-08, 6.55828447105e-10, 2.76870221194e-10, 4.18304102467e-09, 8.66902723828e-07], "max": [0.202107489109, 0.241707772017, 0.0827109962702, 0.0557813197374, 0.0666057467461, 0.0465296208858, 0.0869819521904, 0.0482151992619, 0.0563853606582, 0.0761812329292, 0.135407656431, 0.0876188129187, 0.0253408104181, 0.00984881445765, 0.0104108760133, 0.00680751446635, 0.00340736680664, 0.00465392507613, 0.00693078292534, 0.00545216770843, 0.00415471382439, 0.00262677180581, 0.00143620965537, 0.00026512608747, 0.000169504681253, 0.00112572219223, 0.0166107155383], "median": [0.00320363277569, 0.0120268426836, 0.00126365327742, 0.000690065906383, 0.00136289151851, 0.000917218916584, 0.000877207843587, 0.000917364726774, 0.000730959931388, 0.00062038586475, 0.000748921302147, 0.00120798067655, 0.000809863442555, 0.000588844588492, 0.000392533373088, 0.000282631401205, 0.000291470612865, 0.000290082243737, 0.000163737495313, 0.000167352889548, 0.000175689288881, 0.000139786425279, 8.74429533724e-05, 1.23032586998e-05, 2.27193572755e-06, 4.32426531916e-05, 0.0018337466754], "var": [0.000314619275741, 0.00054176885169, 2.19744651986e-05, 6.65768948238e-06, 1.52102857101e-05, 9.64547234616e-06, 2.51871351793e-05, 1.58052280312e-05, 1.31723591039e-05, 1.31205642901e-05, 3.49894144165e-05, 1.15607308544e-05, 2.3334926027e-06, 6.53065967526e-07, 4.06081170468e-07, 1.51433425799e-07, 1.01235812622e-07, 1.33425729132e-07, 1.17389085119e-07, 1.10964400335e-07, 7.2658274064e-08, 4.1150183705e-08, 2.28807763847e-08, 4.38205888242e-10, 9.27042123622e-11, 5.10285458333e-09, 2.21326217797e-06]}, "spectral_complexity": {"mean": 26.9386787415, "dvar": 16.1023597717, "min": 0, "dmean": 4.4614739418, "dmean2": 6.62088489532, "dvar2": 32.224822998, "max": 60, "median": 29, "var": 114.213996887}, "spectral_energyband_high": {"mean": 0.00205771159381, "dvar": 5.4766599078e-07, "min": 7.16770741588e-21, "dmean": 0.000552643439732, "dmean2": 0.000788774690591, "dvar2": 1.02548153791e-06, "max": 0.0168589521199, "median": 0.00183479720727, "var": 3.03210708807e-06}, "hfc": {"mean": 306.408477783, "dvar": 14762.5537109, "min": 1.08734003251e-16, "dmean": 114.869010925, "dmean2": 190.055725098, "dvar2": 39317.5898438, "max": 1486.02722168, "median": 296.3487854, "var": 30110.6210938}, "melbands_kurtosis": {"mean": 14.9844532013, "dvar": 2914.48461914, "min": -1.88389980793, "dmean": 12.6484966278, "dmean2": 21.1518001556, "dvar2": 9133.45703125, "max": 1919.16320801, "median": 5.10285234451, "var": 2749.08984375}, "spectral_strongpeak": {"mean": 6.51439094543, "dvar": 560.276733398, "min": 0, "dmean": 9.53294944763, "dmean2": 18.1150398254, "dvar2": 1516.06420898, "max": 175.869125366, "median": 0.291830211878, "var": 406.698730469}, "silence_rate_30dB": {"mean": 0.839308202267, "dvar": 0.128308668733, "min": 0, "dmean": 0.151168882847, "dmean2": 0.302369475365, "dvar2": 0.260418325663, "max": 1, "median": 1, "var": 0.134876519442}, "melbands_spread": {"mean": 22.829706192, "dvar": 71.0532302856, "min": 0.0661458447576, "dmean": 7.72370100021, "dmean2": 12.3816070557, "dvar2": 170.004257202, "max": 191.837127686, "median": 20.173866272, "var": 304.623535156}, "melbands_crest": {"mean": 17.5734863281, "dvar": 26.6807575226, "min": 1.79569804668, "dmean": 5.87911462784, "dmean2": 9.74217605591, "dvar2": 67.2041015625, "max": 39.2001800537, "median": 16.3376998901, "var": 58.2073364258}, "average_loudness": 0.916111409664, "spectral_flux": {"mean": 0.160721495748, "dvar": 0.00209211185575, "min": 6.45853440173e-11, "dmean": 0.043327011168, "dmean2": 0.0701752007008, "dvar2": 0.00467517366633, "max": 0.461791306734, "median": 0.152069658041, "var": 0.00457446789369}, "spectral_rolloff": {"mean": 15033.4570312, "dvar": 68586896, "min": 43.06640625, "dmean": 5771.69287109, "dmean2": 11029.4130859, "dvar2": 154445280, "max": 22028.4667969, "median": 20844.140625, "var": 84521232}, "melbands": {"mean": [0.0072977244854, 0.00275152618997, 0.000801824498922, 0.00056593248155, 0.000446954771178, 0.000374776573153, 0.000456154433778, 0.000466946483357, 0.000398393574869, 0.000263906695182, 0.000271077704383, 0.000265902781393, 0.000276646460406, 0.000241221670876, 0.000186881996342, 0.00010787165229, 7.28861632524e-05, 5.95971032453e-05, 3.98504598706e-05, 2.76135669992e-05, 2.11162514461e-05, 2.01050988835e-05, 2.0236670025e-05, 1.63349213835e-05, 1.24431708173e-05, 8.68908682605e-06, 6.85081340634e-06, 8.13412316347e-06, 7.3331607382e-06, 5.53270501769e-06, 4.42514965471e-06, 3.93396067011e-06, 3.7016116039e-06, 3.11140001941e-06, 2.25767053053e-06, 1.24812231661e-06, 2.77969377294e-07, 6.10331269968e-08, 5.39662252663e-08, 4.88116214115e-08], "dvar": [7.74680593167e-05, 1.01990781332e-05, 1.72535578713e-06, 8.61289720433e-07, 3.92914358827e-07, 2.32393006172e-07, 6.22303957698e-07, 4.01445703346e-07, 2.92680766734e-07, 1.86519983458e-07, 2.30554647374e-07, 2.42036776399e-07, 2.66724782705e-07, 1.05283191942e-07, 3.90380172632e-08, 1.24491048581e-08, 4.27584412321e-09, 3.42348327464e-09, 2.15989959251e-09, 6.97281121731e-10, 3.28609556233e-10, 2.06999403729e-10, 1.89723167732e-10, 1.40965822348e-10, 1.12950274134e-10, 8.7287961581e-11, 5.4590932469e-11, 6.38835581657e-11, 3.33429395205e-11, 1.82312637209e-11, 8.82324508594e-12, 5.76846513264e-12, 6.10228404266e-12, 4.29706877719e-12, 2.05680416275e-12, 6.13472543164e-13, 5.1271924125e-14, 1.42284052379e-14, 1.0984990722e-14, 8.70040056168e-15], "min": [1.46880930728e-24, 1.78921916622e-24, 1.4868195934e-24, 2.03124820005e-24, 9.68817235427e-25, 3.18547417504e-24, 2.31692530219e-24, 1.65433893979e-24, 1.85505296142e-24, 1.92805592453e-24, 2.15978440708e-24, 2.38920586592e-24, 3.76952568724e-24, 2.24461791718e-24, 2.64548133326e-24, 2.58852222324e-24, 4.24736595323e-24, 4.10365837326e-24, 5.19317744086e-24, 2.86628724772e-24, 2.90369799007e-24, 4.05232561644e-24, 4.81729034712e-24, 5.3355467183e-24, 4.73966367303e-24, 4.27207662665e-24, 5.97021884314e-24, 4.46725343638e-24, 5.4552879151e-24, 4.207480357e-24, 5.55958834298e-24, 4.90583485613e-24, 4.61358437329e-24, 4.80073688988e-24, 6.02834448122e-24, 6.10555305903e-24, 6.53578556939e-24, 5.79742675046e-24, 7.45329272774e-24, 6.36870561852e-24], "dmean": [0.00606982922181, 0.00209039216861, 0.000684523023665, 0.000480171322124, 0.000342891202308, 0.000270659860689, 0.000340775644872, 0.000337525620125, 0.000293400575174, 0.00019503106887, 0.000204130148632, 0.000194875610759, 0.000185838216566, 0.000159404953592, 0.000120812270325, 7.26320504327e-05, 4.68774705951e-05, 4.02510377171e-05, 2.77421659121e-05, 1.78884893103e-05, 1.26659087982e-05, 1.1060918041e-05, 1.0468263099e-05, 8.16075862531e-06, 6.48643526802e-06, 4.74178204968e-06, 3.69486815543e-06, 3.95674487663e-06, 3.28631108459e-06, 2.44314196607e-06, 1.91966773855e-06, 1.66885774888e-06, 1.59779688147e-06, 1.31745355247e-06, 9.58091504799e-07, 5.4298914165e-07, 1.61668907595e-07, 6.33119228155e-08, 5.56479271552e-08, 4.97957621803e-08], "dmean2": [0.0102762226015, 0.00351430801675, 0.00117505341768, 0.000827110488899, 0.000570253585465, 0.0004473621957, 0.000554490601644, 0.000551173521671, 0.000482765462948, 0.000319949234836, 0.000333448348101, 0.000320838793414, 0.000305026449496, 0.000264263188001, 0.000200796406716, 0.000121475903143, 7.8928496805e-05, 6.8427703809e-05, 4.71130988444e-05, 3.03009637719e-05, 2.14020565181e-05, 1.86150191439e-05, 1.7319660401e-05, 1.33311996251e-05, 1.05790295493e-05, 7.53830363465e-06, 5.78891922487e-06, 6.27178997092e-06, 5.18365459357e-06, 3.86651936424e-06, 3.03402998725e-06, 2.58629711425e-06, 2.48415358328e-06, 1.9917008558e-06, 1.42268766012e-06, 8.20735181151e-07, 2.63812268031e-07, 1.07352626344e-07, 9.43635640738e-08, 8.43822363095e-08], "dvar2": [0.000205577278393, 2.73127752735e-05, 4.73807313028e-06, 2.3491261345e-06, 1.00426916561e-06, 5.80284336138e-07, 1.54559052135e-06, 1.01419061593e-06, 7.33817046239e-07, 4.60925718926e-07, 5.89785940974e-07, 6.20493551651e-07, 6.59490353883e-07, 2.72295011428e-07, 9.8101153867e-08, 3.27657332377e-08, 1.14896829828e-08, 9.23696319433e-09, 5.8397744418e-09, 1.89089388591e-09, 8.78860262343e-10, 5.56992618694e-10, 4.9816867298e-10, 3.5610001059e-10, 2.75748368583e-10, 2.01043834358e-10, 1.19821735867e-10, 1.4414895666e-10, 7.45037642691e-11, 4.14398931836e-11, 2.05769897649e-11, 1.33553697615e-11, 1.38545997591e-11, 9.79186436795e-12, 4.44648094386e-12, 1.30482321996e-12, 1.26507216703e-13, 3.74514804477e-14, 2.89154889811e-14, 2.2886501586e-14], "max": [0.0771729275584, 0.0408615767956, 0.0256619751453, 0.0170254018158, 0.0139343384653, 0.010284322314, 0.0184229388833, 0.0135852862149, 0.00775217358023, 0.0106729296967, 0.0106429103762, 0.0163553599268, 0.0179710742086, 0.0104104746133, 0.00387723161839, 0.00229154876433, 0.00101198337507, 0.000979168573394, 0.00104514660779, 0.000491042505018, 0.000308691116516, 0.000208872297662, 0.000229983837926, 0.000248039053986, 0.000307072768919, 0.000341226055752, 0.000184855336556, 0.000213031744352, 0.000138079849421, 0.000117444353236, 8.02572758403e-05, 5.12190308655e-05, 5.55224287382e-05, 5.06617761857e-05, 2.67476170848e-05, 1.3129164472e-05, 3.32044737661e-06, 2.0238912839e-06, 1.75470404429e-06, 1.53893438437e-06], "median": [0.00410487083718, 0.0016445821384, 0.0004440904886, 0.000286974507617, 0.00019876738952, 0.000181935014552, 0.00017482531257, 0.000197783883777, 0.000167364371009, 0.00010222777928, 9.24911146285e-05, 9.71906556515e-05, 0.000111810455564, 0.000133060413646, 0.000113655412861, 7.07865256118e-05, 5.46727715118e-05, 4.25055113737e-05, 2.76631217275e-05, 2.06755012186e-05, 1.60252711794e-05, 1.65630044648e-05, 1.67895996128e-05, 1.2971851902e-05, 8.76807462191e-06, 5.0831927183e-06, 4.21793811256e-06, 5.56535496798e-06, 5.42910720469e-06, 4.07024208471e-06, 3.25272367263e-06, 2.81524989987e-06, 2.52823156188e-06, 2.01144075618e-06, 1.39638996188e-06, 7.76133390445e-07, 1.83990778169e-07, 2.40254252049e-08, 2.14735873527e-08, 2.00871426159e-08], "var": [8.26436516945e-05, 1.20327840705e-05, 1.4832605757e-06, 8.06610898962e-07, 5.3241325304e-07, 3.50366349267e-07, 8.92083619419e-07, 6.4590835791e-07, 4.53254386912e-07, 2.90639746936e-07, 3.52278362925e-07, 3.76980295869e-07, 5.58327201361e-07, 1.64063735042e-07, 6.32801686606e-08, 1.68009197665e-08, 5.61709567748e-09, 4.36388702951e-09, 2.47891884797e-09, 8.83516537709e-10, 4.98268704074e-10, 3.52858853248e-10, 3.75525444074e-10, 3.24382604111e-10, 2.33525615512e-10, 1.72743097604e-10, 1.05697867125e-10, 1.32189106883e-10, 8.23150783646e-11, 4.55951248979e-11, 2.42381444776e-11, 1.68221356983e-11, 1.64951524662e-11, 1.22472509564e-11, 6.71764813914e-12, 2.03580121511e-12, 9.65651170137e-14, 1.23978857237e-14, 9.59257020062e-15, 7.64304679252e-15]}, "spectral_energy": {"mean": 0.0685889050364, "dvar": 0.00134735496249, "min": 1.01371719161e-20, "dmean": 0.0299504026771, "dmean2": 0.0485151298344, "dvar2": 0.00340431299992, "max": 0.352511465549, "median": 0.0595027878881, "var": 0.00201351870783}, "spectral_decrease": {"mean": -1.08093063389e-08, "dvar": 8.28388362422e-17, "min": -7.87473624086e-08, "dmean": 7.38895256092e-09, "dmean2": 1.19402550069e-08, "dvar2": 2.09184090452e-16, "max": 5.35337063567e-09, "median": -8.20232592957e-09, "var": 1.06245837351e-16}, "erbbands_spread": {"mean": 29.4849720001, "dvar": 46.4163894653, "min": 0.654641389847, "dmean": 7.02242422104, "dmean2": 10.7669010162, "dvar2": 98.4671401978, "max": 118.514526367, "median": 28.2967967987, "var": 211.027709961}, "spectral_contrast_coeffs": {"mean": [-0.724821209908, -0.778427183628, -0.796131134033, -0.809647381306, -0.827419579029, -0.674424350262], "dvar": [0.0021250077989, 0.00163239031099, 0.00118976540398, 0.000620270264335, 0.000310798786813, 0.00154530606233], "min": [-0.977952718735, -0.973717868328, -0.975841999054, -0.982098698616, -0.974024415016, -0.96456938982], "dmean": [0.0582714378834, 0.05196897313, 0.0423760488629, 0.0303048547357, 0.0196230076253, 0.0471149384975], "dmean2": [0.0967552140355, 0.0871396809816, 0.0711683630943, 0.0511480346322, 0.032863009721, 0.0758377686143], "dvar2": [0.00573732145131, 0.00454221665859, 0.00323751452379, 0.00165404658765, 0.000839310174342, 0.00401004869491], "max": [-0.359900146723, -0.480193197727, -0.452329933643, -0.555460095406, -0.650664925575, -0.423591285944], "median": [-0.729268074036, -0.785197377205, -0.805163621902, -0.812409818172, -0.823674798012, -0.665446043015], "var": [0.0054839537479, 0.00434274971485, 0.0035258254502, 0.00180341757368, 0.0011936473893, 0.00784637592733]}, "spectral_energyband_middle_high": {"mean": 0.00960864126682, "dvar": 3.85433013435e-05, "min": 1.26390107788e-21, "dmean": 0.00417223386467, "dmean2": 0.00661954144016, "dvar2": 9.75077491603e-05, "max": 0.144972726703, "median": 0.00707790395245, "var": 9.74898284767e-05}, "erbbands_crest": {"mean": 8.33041858673, "dvar": 7.09588861465, "min": 2.15529751778, "dmean": 2.83237314224, "dmean2": 4.73623991013, "dvar2": 18.3033161163, "max": 31.1324081421, "median": 7.14097452164, "var": 18.1987743378}, "barkbands_crest": {"mean": 10.3560056686, "dvar": 7.79385280609, "min": 2.67342543602, "dmean": 3.45312094688, "dmean2": 5.73933076859, "dvar2": 20.5173473358, "max": 26.0069675446, "median": 9.61761665344, "var": 19.4352912903}, "pitch_salience": {"mean": 0.517706155777, "dvar": 0.00809461250901, "min": 0.0482483319938, "dmean": 0.105175919831, "dmean2": 0.174328058958, "dvar2": 0.0212819129229, "max": 0.974389791489, "median": 0.536474347115, "var": 0.0206166170537}, "melbands_skewness": {"mean": 2.51221823692, "dvar": 1.93055009842, "min": -2.86840248108, "dmean": 1.13646256924, "dmean2": 1.815122962, "dvar2": 4.87262392044, "max": 36.4173851013, "median": 2.03399038315, "var": 5.18287801743}, "spectral_spread": {"mean": 4567820, "dvar": 376492982272, "min": 530847.75, "dmean": 435732.375, "dmean2": 684115.3125, "dvar2": 812673728512, "max": 41624916, "median": 4437232, "var": 7240450834430.0}, "spectral_entropy": {"mean": 7.74540901184, "dvar": 0.0238349288702, "min": 5.0312128067, "dmean": 0.139498725533, "dmean2": 0.215298011899, "dvar2": 0.0581872239709, "max": 9.82182407379, "median": 7.83348560333, "var": 0.202304005623}, "erbbands_flatness_db": {"mean": 0.134179666638, "dvar": 0.000441831827629, "min": 0.0403690747917, "dmean": 0.0218200515956, "dmean2": 0.0341198518872, "dvar2": 0.00107081327587, "max": 0.494501560926, "median": 0.122280910611, "var": 0.00283334543929}, "spectral_kurtosis": {"mean": 15.4678554535, "dvar": 212.198455811, "min": -1.23560714722, "dmean": 4.315969944, "dmean2": 6.98389339447, "dvar2": 600.991088867, "max": 378.268005371, "median": 12.9007005692, "var": 261.228485107}, "erbbands_skewness": {"mean": 0.315250992775, "dvar": 0.167973041534, "min": -3.47030210495, "dmean": 0.414842009544, "dmean2": 0.644029915333, "dvar2": 0.409363925457, "max": 7.18508434296, "median": 0.256883502007, "var": 0.596694052219}, "erbbands_kurtosis": {"mean": 1.66950762272, "dvar": 7.87248897552, "min": -1.6228812933, "dmean": 1.47870779037, "dmean2": 2.38491487503, "dvar2": 20.7266616821, "max": 86.5663757324, "median": 0.547237157822, "var": 15.9756059647}, "barkbands_spread": {"mean": 35.5221557617, "dvar": 95.7599411011, "min": 0.270721405745, "dmean": 10.0356836319, "dmean2": 15.9187364578, "dvar2": 221.503616333, "max": 119.391983032, "median": 33.1934700012, "var": 402.610992432}, "zerocrossingrate": {"mean": 0.293322116137, "dvar": 0.00204026629217, "min": 0.0224609375, "dmean": 0.0517791062593, "dmean2": 0.0675398185849, "dvar2": 0.00331651628949, "max": 0.73486328125, "median": 0.2919921875, "var": 0.00977686792612}, "spectral_centroid": {"mean": 1409.5760498, "dvar": 71238.3984375, "min": 124.595573425, "dmean": 238.029586792, "dmean2": 353.804016113, "dvar2": 133764.125, "max": 11565.7763672, "median": 1268.93774414, "var": 820572.75}, "barkbands_skewness": {"mean": 1.92094957829, "dvar": 0.970494687557, "min": -2.31952476501, "dmean": 0.814684092999, "dmean2": 1.29361486435, "dvar2": 2.28218626976, "max": 19.2611064911, "median": 1.62626934052, "var": 2.66284036636}, "melbands_flatness_db": {"mean": 0.224352642894, "dvar": 0.00116432202049, "min": 0.00380038539879, "dmean": 0.0375546552241, "dmean2": 0.0606441497803, "dvar2": 0.00301043642685, "max": 0.669577717781, "median": 0.212183222175, "var": 0.0050250547938}, "spectral_contrast_valleys": {"mean": [-6.71128082275, -6.27592229843, -6.54826450348, -7.06298065186, -7.25987052917, -10.93242836], "dvar": [0.132519558072, 0.131088793278, 0.109318062663, 0.112104505301, 0.113765522838, 0.292466074228], "min": [-27.9888439178, -28.0521411896, -27.5592727661, -27.5567817688, -27.5363712311, -27.4267482758], "dmean": [0.438579976559, 0.402574598789, 0.346877425909, 0.328869849443, 0.264426916838, 0.647397756577], "dmean2": [0.707795441151, 0.650950789452, 0.549913048744, 0.509611785412, 0.399612396955, 1.05980956554], "dvar2": [0.330541282892, 0.29718542099, 0.233556777239, 0.250207871199, 0.262579679489, 0.805589497089], "max": [-4.58396911621, -4.23443746567, -4.863073349, -5.27507162094, -5.61914110184, -8.86689949036], "median": [-6.43738174438, -6.04513549805, -6.28946208954, -6.70229721069, -6.89385652542, -10.7535295486], "var": [3.27659320831, 3.29158687592, 3.16299033165, 3.20080423355, 3.16206717491, 2.25817012787]}, "barkbands_flatness_db": {"mean": 0.122541576624, "dvar": 0.000849107280374, "min": 0.0286330543458, "dmean": 0.0301136728376, "dmean2": 0.0488982275128, "dvar2": 0.00216622580774, "max": 0.514376223087, "median": 0.107240021229, "var": 0.0034208081197}, "barkbands_kurtosis": {"mean": 7.78050708771, "dvar": 429.3487854, "min": -1.79668235779, "dmean": 6.45557832718, "dmean2": 10.5736064911, "dvar2": 1047.94750977, "max": 599.465209961, "median": 2.870