{"tonal": {"chords_number_rate": 0.00310237845406, "thpcp": [1, 0.614597320557, 0.219249933958, 0.219937950373, 0.229496121407, 0.237472236156, 0.328398644924, 0.408973127604, 0.374449521303, 0.383553832769, 0.516442000866, 0.634931206703, 0.623809218407, 0.474197566509, 0.293056100607, 0.207979053259, 0.207353681326, 0.255185574293, 0.335094541311, 0.345955938101, 0.278794199228, 0.239175230265, 0.222595974803, 0.21524348855, 0.254813998938, 0.308264017105, 0.288433790207, 0.260980814695, 0.256905466318, 0.220089301467, 0.192751899362, 0.165117740631, 0.156395554543, 0.220419570804, 0.276076555252, 0.642034351826], "hpcp": {"dvar": [0.0739271715283, 0.0642839148641, 0.0513048842549, 0.0478994473815, 0.0441878810525, 0.0367108695209, 0.0465379282832, 0.0477635189891, 0.0405401699245, 0.0380244106054, 0.0368162430823, 0.0408418029547, 0.0340316556394, 0.0301748253405, 0.030141659081, 0.0308747664094, 0.0334467962384, 0.0262080859393, 0.0205445960164, 0.018026670441, 0.0169789269567, 0.0222432613373, 0.0323868766427, 0.0433483198285, 0.09238152951, 0.0426247902215, 0.0300847291946, 0.0296250488609, 0.0337159410119, 0.0342334844172, 0.0526914745569, 0.0656774863601, 0.05774224177, 0.0624394230545, 0.0729732960463, 0.0758027508855], "mean": [0.210000678897, 0.159635037184, 0.0986551344395, 0.0700145810843, 0.0698040574789, 0.085906304419, 0.112807057798, 0.116463460028, 0.0938539654016, 0.0805165395141, 0.0749352574348, 0.0724601000547, 0.0857812166214, 0.103774763644, 0.0970990657806, 0.0878572314978, 0.0864852964878, 0.0740914046764, 0.0648884773254, 0.0555856451392, 0.0526493862271, 0.0742025896907, 0.092939093709, 0.216136023402, 0.336642473936, 0.206899568439, 0.0738088414073, 0.0740404576063, 0.0772581398487, 0.0799432396889, 0.110552929342, 0.13767772913, 0.12605561316, 0.129120513797, 0.173856303096, 0.213744819164], "min": [0, 0, 0, 0, 0, 0, 0, 0, 0, 0, 0, 0, 0, 0, 0, 0, 0, 0, 0, 0, 0, 0, 0, 0, 0, 0, 0, 0, 0, 0, 0, 0, 0, 0, 0, 0], "median": [0.0366497300565, 0.0240511484444, 0.0129675678909, 0.0066908323206, 0.00685797026381, 0.0109622329473, 0.0219447799027, 0.0303001794964, 0.025228112936, 0.0168255083263, 0.0134366322309, 0.0120947211981, 0.019992209971, 0.0241650529206, 0.02207705006, 0.0238361284137, 0.0228973515332, 0.0182409510016, 0.0111336195841, 0.00950914341956, 0.0114908050746, 0.0182247944176, 0.0228323619813, 0.0722081661224, 0.0836930051446, 0.0641066431999, 0.0180140659213, 0.0185464266688, 0.0155106857419, 0.0146788004786, 0.0182345733047, 0.0218967758119, 0.026009965688, 0.0281878076494, 0.0320580564439, 0.0395309627056], "dvar2": [0.191523790359, 0.168428331614, 0.145134970546, 0.147010147572, 0.136849790812, 0.105324245989, 0.138641282916, 0.141992911696, 0.121194928885, 0.112935714424, 0.10995581001, 0.127923190594, 0.0993266105652, 0.0836355760694, 0.0846177041531, 0.092684045434, 0.100022353232, 0.0770270451903, 0.0556224621832, 0.0485356710851, 0.0454150140285, 0.0576565377414, 0.0839649513364, 0.109879799187, 0.239853531122, 0.114107079804, 0.083711348474, 0.0810306295753, 0.0934607163072, 0.0933274030685, 0.146168455482, 0.182732000947, 0.155685663223, 0.168926626444, 0.195507079363, 0.201907873154], "var": [0.100210487843, 0.0776069387794, 0.0462443344295, 0.03422498703, 0.0348499640822, 0.0405594967306, 0.0499406531453, 0.0455652475357, 0.0350010022521, 0.0307899899781, 0.0286714360118, 0.0292444638908, 0.02952147834, 0.0384013056755, 0.0360979475081, 0.0288380011916, 0.0303329993039, 0.0258396789432, 0.0251912306994, 0.0189063698053, 0.0156602561474, 0.0246423557401, 0.0349251776934, 0.0625605210662, 0.169112160802, 0.0617552436888, 0.0253720059991, 0.0256565157324, 0.0287194028497, 0.0298160463572, 0.0484521873295, 0.0707214921713, 0.055508248508, 0.0544227100909, 0.0819936394691, 0.102226115763], "dmean2": [0.332640141249, 0.280344218016, 0.215792179108, 0.180598288774, 0.168653547764, 0.161998018622, 0.20541973412, 0.22017621994, 0.190147385001, 0.178354561329, 0.175127282739, 0.180518254638, 0.179168656468, 0.171551540494, 0.161598816514, 0.164489582181, 0.163287401199, 0.133485659957, 0.108341053128, 0.0977982208133, 0.0963687896729, 0.123569630086, 0.159873083234, 0.253238499165, 0.358332723379, 0.253347575665, 0.15315079689, 0.152927592397, 0.163920298219, 0.17529027164, 0.235399886966, 0.261946082115, 0.260697573423, 0.288697630167, 0.329400479794, 0.341268420219], "max": [1, 1, 1, 1, 1, 1, 1, 1, 1, 1, 1, 1, 1, 1, 1, 1, 1, 1, 1, 1, 1, 1, 1, 1, 1, 1, 1, 1, 1, 1, 1, 1, 1, 1, 1, 1], "dmean": [0.190078034997, 0.157466903329, 0.117397300899, 0.09736187011, 0.0898413434625, 0.0894636958838, 0.114107713103, 0.122542127967, 0.10488538444, 0.0975977405906, 0.0947079584002, 0.0968205034733, 0.0981920436025, 0.0971847847104, 0.0910101756454, 0.091469116509, 0.0905034393072, 0.074142023921, 0.0609039627016, 0.054728563875, 0.0541414618492, 0.0705257952213, 0.0907356217504, 0.141406729817, 0.194129258394, 0.139550596476, 0.0853331908584, 0.0851046144962, 0.0900930464268, 0.0959090590477, 0.12875238061, 0.142319262028, 0.143898323178, 0.158300027251, 0.18470300734, 0.193149402738]}, "key_strength": 0.449768275023, "chords_strength": {"dvar": 7.24267156329e-05, "mean": 0.47858864069, "min": 0.157004460692, "median": 0.472861617804, "dvar2": 0.000107735548227, "var": 0.0113078225404, "dmean2": 0.011958473362, "max": 0.755058407784, "dmean": 0.0100608291104}, "tuning_equal_tempered_deviation": 0.232945859432, "chords_key": "E", "tuning_frequency": 434.193115234, "chords_scale": "major", "chords_changes_rate": 0.0748017951846, "key_scale": "minor", "tuning_diatonic_strength": 0.469168573618, "hpcp_entropy": {"dvar": 0.279937982559, "mean": 2.26189208031, "min": 0, "median": 2.24892878532, "dvar2": 0.78699439764, "var": 0.508893966675, "dmean2": 1.12573778629, "max": 4.2712931633, "dmean": 0.660538077354}, "chords_histogram": [0.930713534355, 1.65460181236, 7.58359193802, 7.42847299576, 2.77490520477, 4.79145145416, 0.930713534355, 5.01551198959, 5.44639778137, 22.8197174072, 6.42881774902, 0.172354355454, 0.103412613273, 0.310237854719, 1.25818681717, 3.4298517704, 2.37849020958, 1.03412616253, 2.74043440819, 0, 1.79248535633, 3.8435022831, 11.0306787491, 6.10134458542], "tuning_nontempered_energy_ratio": 0.866013288498, "key_key": "A"}, "metadata": {"version": {"extractor": "music 1.0", "essentia_build_sha": "ca57ba49d9b1854bd80e60cf9ccf267278fb7d6b", "essentia": "2.1-beta1", "essentia_git_sha": "v2.1_beta1-28-g21ef5f4-dirty"}, "audio_properties": {"sample_rate": 44100, "length": 269.375762939, "lossless": false, "analysis_sample_rate": 44100, "downmix": "mix", "bit_rate": 212387, "equal_loudness": 0, "md5_encoded": "7ec6fdca1393e683ed37ebcee1e7d7e0", "codec": "mp3", "replay_gain": 2.20561408997}, "tags": {"musicbrainz_albumid": ["6737b0ef-6104-49e2-96fe-8c38a048838a"], "artist": ["Kristin Hersh"], "date": ["1999-06-28"], "musicbrainz_artistid": ["0b461f11-c7af-4ddb-a30e-5cb0aabb3e7f"], "file_name": "02 - Kristin Hersh - White Trash Moon.mp3", "musicbrainz_recordingid": ["c757d05a-56a2-4aa9-ac73-20a7b96db6b7"], "tracknumber": ["02/13"], "album": ["Sky Motel"], "title": ["White Trash Moon"]}}, "lowlevel": {"melbands": {"dvar": [3.26041736116e-05, 8.09478206065e-06, 7.39519748549e-07, 2.6764431027e-07, 1.73463831743e-07, 5.98470080604e-07, 3.18152160617e-07, 2.17433338889e-07, 7.76057120788e-08, 4.09137328461e-08, 3.9092640236e-08, 1.03007032237e-07, 1.24003264546e-07, 1.09603348619e-07, 6.798502028e-08, 1.22304699701e-08, 7.47079020869e-09, 1.26007710932e-08, 3.89101417753e-09, 6.07644157213e-10, 1.85313253631e-09, 2.87852214287e-10, 9.1680790737e-10, 6.86983858689e-10, 3.29652333209e-10, 1.37156086488e-09, 7.62106933117e-10, 3.18454401738e-10, 2.39974956573e-10, 1.4472033294e-10, 1.01021399579e-10, 2.82623126291e-11, 5.10116688474e-12, 1.07880989298e-12, 3.25555256581e-13, 2.24985327135e-13, 1.70531964201e-13, 4.30452724788e-14, 4.31446438431e-15, 2.54658570944e-15], "mean": [0.00875536724925, 0.00309731159359, 0.000866289774422, 0.000403532583732, 0.00024442654103, 0.000313082244247, 0.000225621304708, 0.000179948125151, 0.000121285622299, 0.000125346559798, 0.000121546407172, 0.00021992000984, 0.000214417799725, 0.000251635443419, 0.000213506020373, 9.10022718017e-05, 6.80638695485e-05, 3.78149925382e-05, 1.8181053747e-05, 1.39545763886e-05, 1.25465558085e-05, 1.0035681953e-05, 6.38679057374e-06, 5.83483915761e-06, 4.18369609179e-06, 5.46821365788e-06, 5.31056139152e-06, 3.2235116123e-06, 3.19679065797e-06, 3.85850762541e-06, 2.4286136977e-06, 1.02822093595e-06, 6.30188026207e-07, 3.92342485611e-07, 1.78628624781e-07, 1.15363071984e-07, 8.37254603425e-08, 5.84871244769e-08, 3.56590739159e-08, 2.89230364103e-08], "min": [2.46311246919e-23, 9.74552530309e-24, 4.43804152263e-24, 7.45803062634e-24, 1.60389558419e-23, 1.82476070266e-23, 1.16664087071e-23, 6.11276876973e-24, 7.20869851547e-24, 8.18544084477e-24, 9.22206166107e-24, 8.37808541099e-24, 8.90656778608e-24, 1.8238757585e-23, 1.0081782786e-23, 4.57398434471e-24, 4.50313359136e-24, 7.70108655985e-24, 9.02984465746e-24, 1.37817139809e-23, 6.13307286614e-24, 6.39950235383e-24, 1.80252334483e-23, 8.61719388452e-24, 9.58893877999e-24, 1.30916594817e-23, 6.50035545955e-24, 1.27525960206e-23, 6.82551564165e-24, 8.50064284122e-24, 1.12257391725e-23, 1.39395871361e-23, 8.76397959974e-24, 8.71418827713e-24, 1.58943181949e-23, 1.10012759016e-23, 7.34190951223e-24, 7.43086935651e-24, 9.97651718677e-24, 1.12797895551e-23], "median": [0.00416201492772, 0.00201933388598, 0.000389580643969, 0.000165828430909, 8.86857305886e-05, 7.20564567018e-05, 4.17955416196e-05, 2.62243884208e-05, 2.53221569437e-05, 3.16215591738e-05, 2.62945068243e-05, 4.17447990912e-05, 6.69495202601e-05, 5.13575105288e-05, 3.58116521966e-05, 2.28057069762e-05, 1.64453376783e-05, 7.16985960025e-06, 4.6968971219e-06, 4.75203296446e-06, 4.00955013902e-06, 2.26145107263e-06, 1.09313577923e-06, 4.91350419907e-07, 2.77790064729e-07, 3.16330982741e-07, 2.98647876207e-07, 2.00333715838e-07, 1.83147818689e-07, 1.69054771959e-07, 1.23218114823e-07, 8.21286292307e-08, 7.18841235425e-08, 5.99301870352e-08, 3.93828614165e-08, 2.31838868103e-08, 1.73371645928e-08, 1.38504567815e-08, 1.03057127276e-08, 8.40015879078e-09], "dvar2": [8.02680588095e-05, 2.25504645641e-05, 1.68423582636e-06, 6.61063438656e-07, 4.08990047163e-07, 1.2019844462e-06, 7.68866300405e-07, 5.5942768995e-07, 1.87282878983e-07, 9.49957339458e-08, 8.74706955756e-08, 2.24984106012e-07, 2.96790602761e-07, 2.60693042264e-07, 1.45503989302e-07, 2.60979700073e-08, 1.77036945104e-08, 3.29661489218e-08, 1.04090362996e-08, 1.46891010466e-09, 4.98519758807e-09, 6.68205935028e-10, 2.4456792147e-09, 1.69627423219e-09, 7.51325945902e-10, 3.47362605346e-09, 1.90849469561e-09, 6.73169298082e-10, 5.70202052241e-10, 2.63528920907e-10, 1.84713341844e-10, 5.49101979164e-11, 1.13881950745e-11, 2.56610639855e-12, 7.67261200321e-13, 4.96510059629e-13, 3.93418723163e-13, 1.00973889623e-13, 1.02653218838e-14, 6.0928261507e-15], "var": [0.000121465272969, 1.35725604196e-05, 2.40386384576e-06, 6.59311353957e-07, 2.90212142318e-07, 1.37231052122e-06, 5.87787440054e-07, 5.27839233655e-07, 2.0024944547e-07, 9.01697703171e-08, 9.48358191977e-08, 2.75087217005e-07, 2.47951732035e-07, 2.89767143613e-07, 2.46494892053e-07, 3.79920024329e-08, 1.95989535712e-08, 1.27056445365e-08, 3.56990903505e-09, 9.08116304377e-10, 1.55561341586e-09, 5.81256431875e-10, 8.23403956129e-10, 8.05482847088e-10, 5.97914773248e-10, 1.62161351014e-09, 1.14501175208e-09, 5.02322294871e-10, 2.95408003614e-10, 2.83114198751e-10, 2.13345854871e-10, 5.51447151831e-11, 7.74838526674e-12, 1.42863487967e-12, 3.48430269012e-13, 2.47906377501e-13, 1.6521767949e-13, 4.39227511783e-14, 5.31704180332e-15, 3.15209758794e-15], "dmean2": [0.00594453979284, 0.00290908291936, 0.000747196492739, 0.000389475841075, 0.000256544735748, 0.000317396072205, 0.000222455812036, 0.000169928884134, 0.000109558743134, 0.000122973040561, 0.0001111987076, 0.000197422035853, 0.000214462459553, 0.000235334242461, 0.000167802369106, 7.69976322772e-05, 5.92699434492e-05, 3.87940490327e-05, 1.93935702555e-05, 1.34448091558e-05, 1.37384222398e-05, 9.4655497378e-06, 7.68541940488e-06, 7.31071258997e-06, 4.98311874253e-06, 7.34831201044e-06, 6.7909122663e-06, 3.95094957639e-06, 3.64373886441e-06, 3.4878171391e-06, 2.39702990257e-06, 1.15588602512e-06, 7.14505290489e-07, 4.38396313029e-07, 2.39948008129e-07, 1.70110837416e-07, 1.3034515689e-07, 8.83218902459e-08, 5.39362154939e-08, 4.4555026335e-08], "max": [0.111817076802, 0.0752279385924, 0.024376835674, 0.0176941603422, 0.0144171491265, 0.0332540646195, 0.0174646265805, 0.0200330354273, 0.01076215785, 0.00645599747077, 0.00613984372467, 0.00890812557191, 0.0112218568102, 0.00950141064823, 0.00974700041115, 0.00693028792739, 0.00216721813194, 0.00474418932572, 0.00290619814768, 0.00101663533133, 0.00201115827076, 0.000556656625122, 0.001592497807, 0.00101088231895, 0.00069988204632, 0.00140758615453, 0.00124057487119, 0.00084047758719, 0.000654311617836, 0.000573999481276, 0.000552795070689, 0.000215705760638, 8.93605974852e-05, 3.8184090954e-05, 2.20761176024e-05, 1.71815881913e-05, 1.55380221258e-05, 9.31473459787e-06, 1.60769559443e-06, 1.05973936115e-06], "dmean": [0.00379278301261, 0.00174921622965, 0.000468621554319, 0.00024104147451, 0.000162383774295, 0.000206625496503, 0.00014510647452, 0.000107354440843, 6.94355330779e-05, 7.8107281297e-05, 7.1764778113e-05, 0.000128333413159, 0.000136297065183, 0.0001471718424, 0.000109145978058, 4.92200488225e-05, 3.80155142921e-05, 2.39417404373e-05, 1.18756488519e-05, 8.50078231451e-06, 8.51133154356e-06, 5.98608858127e-06, 4.88512387165e-06, 4.68551797894e-06, 3.32219610755e-06, 4.70628310723e-06, 4.3168852244e-06, 2.61789614342e-06, 2.36850860347e-06, 2.33251876125e-06, 1.61315870173e-06, 7.81773053404e-07, 4.62181219518e-07, 2.77947890481e-07, 1.50078278693e-07, 1.08072875094e-07, 8.06143560794e-08, 5.49964376262e-08, 3.30812106597e-08, 2.72131597256e-08]}, "spectral_decrease": {"dvar": 3.51364982953e-17, "mean": -1.17624940899e-08, "min": -1.26702715875e-07, "median": -8.45167669183e-09, "dvar2": 8.55354384217e-17, "var": 1.51060941074e-16, "dmean2": 6.67281563338e-09, "max": 9.49218037505e-09, "dmean": 4.22946211387e-09}, "spectral_rolloff": {"dvar": 48211608, "mean": 6407.63867188, "min": 43.06640625, "median": 1162.79296875, "dvar2": 123036400, "var": 84251792, "dmean2": 6155.41259766, "max": 22028.4667969, "dmean": 3173.93164062}, "melbands_crest": {"dvar": 12.3169898987, "mean": 22.2775878906, "min": 2.14279103279, "median": 22.3943691254, "dvar2": 34.2776145935, "var": 47.1243858337, "dmean2": 6.65770196915, "max": 37.6832809448, "dmean": 4.05499410629}, "barkbands_skewness": {"dvar": 1.75422310829, "mean": 3.36314964294, "min": -2.18089222908, "median": 2.52716445923, "dvar2": 4.67283582687, "var": 8.80980587006, "dmean2": 1.83313786983, "max": 25.7535762787, "dmean": 1.15000283718}, "spectral_centroid": {"dvar": 78894.234375, "mean": 851.505187988, "min": 92.4560699463, "median": 807.121948242, "dvar2": 147182.53125, "var": 312709.25, "dmean2": 294.596130371, "max": 11473.9921875, "dmean": 192.587615967}, "spectral_energyband_middle_low": {"dvar": 3.98781048716e-05, "mean": 0.00754830706865, "min": 3.03318936567e-22, "median": 0.00355701195076, "dvar2": 9.02117972146e-05, "var": 0.000161496165674, "dmean2": 0.00467548053712, "max": 0.252918303013, "dmean": 0.00302350427955}, "erbbands_crest": {"dvar": 9.28064823151, "mean": 11.0676250458, "min": 2.3822889328, "median": 10.1252355576, "dvar2": 25.0496559143, "var": 23.8444023132, "dmean2": 5.69787693024, "max": 33.2928466797, "dmean": 3.43880295753}, "dynamic_complexity": 5.38833045959, "spectral_energyband_low": {"dvar": 0.000397019699449, "mean": 0.0350171253085, "min": 1.03596306408e-22, "median": 0.0218571629375, "dvar2": 0.00100162927993, "var": 0.00150197034236, "dmean2": 0.0228003654629, "max": 0.369622141123, "dmean": 0.0142275989056}, "silence_rate_60dB": {"dvar": 0.0263317860663, "mean": 0.1035939008, "min": 0, "median": 0, "dvar2": 0.0653386339545, "var": 0.0928713232279, "dmean2": 0.0541332662106, "max": 1, "dmean": 0.0270642992109}, "erbbands_kurtosis": {"dvar": 10.4991817474, "mean": 2.80802035332, "min": -1.72298753262, "median": 1.21513414383, "dvar2": 26.7141551971, "var": 21.9681453705, "dmean2": 3.39393973351, "max": 94.1139755249, "dmean": 2.10457420349}, "spectral_complexity": {"dvar": 13.9808616638, "mean": 14.0666208267, "min": 0, "median": 15, "dvar2": 25.2120285034, "var": 99.4122238159, "dmean2": 4.04465150833, "max": 57, "dmean": 2.69505262375}, "barkbands_crest": {"dvar": 6.59344291687, "mean": 13.7470674515, "min": 3.19294071198, "median": 13.2548084259, "dvar2": 17.5974617004, "var": 23.7503604889, "dmean2": 4.86633014679, "max": 26.3476314545, "dmean": 3.0146355629}, "spectral_energy": {"dvar": 0.000534888822585, "mean": 0.0575157180429, "min": 1.07753789171e-20, "median": 0.0454465039074, "dvar2": 0.00129568052944, "var": 0.00298151001334, "dmean2": 0.0263831242919, "max": 0.508029937744, "dmean": 0.0168007966131}, "spectral_spread": {"dvar": 474041188352, "mean": 3845887.25, "min": 987750.75, "median": 3802456.75, "dvar2": 1142687662080.0, "var": 1736842936320.0, "dmean2": 1104392.625, "max": 39988604, "dmean": 690392.25}, "spectral_contrast_valleys": {"dvar": [0.106857173145, 0.143850073218, 0.137467429042, 0.18923021853, 0.281339973211, 0.327591121197], "mean": [-6.81289863586, -7.09482145309, -7.30773878098, -7.97114992142, -8.50355148315, -11.2421236038], "min": [-26.9689903259, -27.7044467926, -27.6071014404, -27.4832267761, -27.226442337, -27.3450508118], "median": [-6.57352924347, -6.8762178421, -6.9119811058, -7.59485769272, -8.34906482697, -11.1438579559], "dvar2": [0.282431572676, 0.36676248908, 0.339962869883, 0.472779393196, 0.720783114433, 0.890895903111], "var": [1.11971879005, 1.3126360178, 1.79349887371, 1.74497759342, 1.53171849251, 1.14651811123], "dmean2": [0.647181928158, 0.695419490337, 0.610447645187, 0.63868367672, 0.880727469921, 1.11363375187], "max": [-4.88275051117, -4.33553743362, -4.8458313942, -5.50414991379, -5.01056480408, -8.65738391876], "dmean": [0.38522836566, 0.426776081324, 0.387250542641, 0.409649521112, 0.56959348917, 0.697744488716]}, "spectral_rms": {"dvar": 1.10230587325e-06, "mean": 0.00652981875464, "min": 3.24230854838e-12, "median": 0.00665868259966, "dvar2": 2.74344483842e-06, "var": 1.34745414471e-05, "dmean2": 0.00164734828286, "max": 0.0222629513592, "dmean": 0.0010471137939}, "barkbands_spread": {"dvar": 38.8011665344, "mean": 13.715593338, "min": 0.127555519342, "median": 11.9009408951, "dvar2": 83.5512695312, "var": 143.368789673, "dmean2": 7.21880054474, "max": 138.561065674, "dmean": 4.58586406708}, "pitch_salience": {"dvar": 0.00535885477439, "mean": 0.413394451141, "min": 0.0458130352199, "median": 0.418866544962, "dvar2": 0.0145094217733, "var": 0.0187418088317, "dmean2": 0.140772610903, "max": 0.985202729702, "dmean": 0.0866404995322}, "erbbands_skewness": {"dvar": 0.237131878734, "mean": -0.0775387138128, "min": -7.78958892822, "median": -0.0265697650611, "dvar2": 0.590604841709, "var": 1.47192621231, "dmean2": 0.785882055759, "max": 5.86343669891, "dmean": 0.499143004417}, "spectral_energyband_middle_high": {"dvar": 2.56388411799e-05, "mean": 0.00766978412867, "min": 1.41681831861e-21, "median": 0.00361188175157, "dvar2": 5.57737985218e-05, "var": 0.000111767651106, "dmean2": 0.00415201159194, "max": 0.110655806959, "dmean": 0.00282391603105}, "erbbands": {"dvar": [0.731671154499, 5.45519971848, 37.9442672729, 24.2538509369, 79.0826721191, 49.1756286621, 193.998657227, 1359.84631348, 1260.47399902, 2453.625, 1050.59631348, 1070.57666016, 1470.90454102, 5963.57861328, 7662.23046875, 18181.7207031, 3983.13867188, 1862.59924316, 4876.31298828, 593.355834961, 1212.94165039, 305.794891357, 728.17401123, 506.580200195, 2698.63720703, 634.970703125, 470.702301025, 303.744171143, 61.0987281799, 5.57091236115, 0.97546929121, 0.444003045559, 0.0566122606397, 0.00394160114229, 0.00150376022793, 0.00101705803536, 0.00310687045567, 0.00274581508711, 0.00155884679407, 4.03273043048e-05], "mean": [1.1755604744, 3.39416384697, 4.78204774857, 4.62516593933, 5.88907241821, 5.20434570312, 7.11820030212, 14.212518692, 14.3025093079, 17.7364425659, 14.4965524673, 20.3439216614, 24.5481834412, 55.2994270325, 64.3843917847, 102.252319336, 57.2680244446, 37.651134491, 21.8319702148, 11.7948646545, 11.0204153061, 8.89546585083, 7.02297067642, 5.56875228882, 7.92299461365, 5.4355764389, 5.5381398201, 4.92754888535, 1.76125097275, 0.845641851425, 0.307830810547, 0.151938945055, 0.0771123990417, 0.0366143621504, 0.0229653380811, 0.0162169635296, 0.0150045929477, 0.0181797780097, 0.0139480903745, 0.00908455904573], "min": [3.04683274658e-21, 1.09024723102e-20, 1.47514559837e-20, 2.13505316584e-20, 5.26752653042e-20, 1.95179327215e-19, 4.4638605301e-19, 8.59595184121e-19, 8.4617640173e-19, 5.29765341768e-19, 9.07134959984e-19, 1.19908701302e-18, 1.79145214277e-18, 2.10438139274e-18, 3.53913030112e-18, 6.89381173334e-18, 2.48176869194e-18, 2.5090381484e-18, 5.24633554607e-18, 6.68449905601e-18, 7.26471042102e-18, 9.01078033346e-18, 1.43321581183e-17, 1.19416218644e-17, 1.42815065407e-17, 1.62695970926e-17, 1.18263252948e-17, 1.84306676543e-17, 2.11581799189e-17, 1.6611087028e-17, 2.59107610176e-17, 1.35162288164e-17, 1.11743167205e-17, 1.34585246969e-17, 9.43001614742e-18, 5.95401130757e-18, 3.59374035157e-18, 1.24294712762e-18, 3.68910791724e-19, 3.86214343851e-20], "median": [0.453060090542, 1.94176709652, 2.56800556183, 2.00170278549, 1.94629251957, 2.37763953209, 2.35160112381, 3.09639692307, 2.78214979172, 2.62896966934, 2.98466300964, 5.26449537277, 5.99951934814, 12.1225118637, 23.2503452301, 19.9463996887, 13.2036485672, 10.4344263077, 4.87539100647, 4.02805423737, 4.03615474701, 2.26918888092, 0.98628872633, 0.435101062059, 0.464010030031, 0.356180310249, 0.302404284477, 0.243698477745, 0.156742528081, 0.118558786809, 0.0712044686079, 0.033336546272, 0.0192314703017, 0.0110319321975, 0.00715768802911, 0.00531013170257, 0.00439859414473, 0.00374975753948, 0.003037474351, 0.00511105917394], "dvar2": [1.83084118366, 13.7577905655, 104.405052185, 54.2557525635, 184.840118408, 126.213943481, 451.311096191, 2731.94165039, 2882.12646484, 6403.51904297, 2479.72338867, 2496.24658203, 3262.34741211, 12870.8974609, 18553.21875, 42468.9414062, 9175.0625, 4399.86328125, 12885.4765625, 1501.36706543, 3233.61303711, 743.132202148, 1809.85534668, 1132.38061523, 6883.4609375, 1331.69116211, 1017.75500488, 531.624633789, 116.347343445, 12.5471038818, 2.23956441879, 0.992319583893, 0.129277989268, 0.00939545035362, 0.00359054352157, 0.00234002666548, 0.00706188287586, 0.00551932165399, 0.00296048261225, 8.94803961273e-05], "var": [2.57732510567, 15.4158821106, 56.4941062927, 71.5491104126, 256.300537109, 77.7759475708, 312.66229248, 3102.47924805, 2335.77734375, 5568.51513672, 3176.92504883, 2304.9140625, 3673.7409668, 16105.6015625, 15982.2333984, 51007.71875, 13183.4414062, 5365.63671875, 4580.93164062, 786.318969727, 1054.2253418, 468.331817627, 866.059570312, 929.532775879, 3211.22119141, 1129.13134766, 711.178771973, 658.906677246, 122.201683044, 8.57386875153, 1.08239710331, 0.462675303221, 0.0616674795747, 0.00495063327253, 0.00188947201241, 0.00124403089285, 0.0032639564015, 0.00489403959364, 0.00311158341356, 0.000125579230371], "dmean2": [0.830787420273, 2.84715056419, 5.42127275467, 4.25463438034, 5.69628429413, 5.41516447067, 7.64831352234, 14.6331834793, 14.076965332, 17.0725536346, 12.1777639389, 19.6167125702, 21.3929615021, 48.0822296143, 57.9089508057, 89.4711074829, 43.4946479797, 30.1367950439, 21.0903129578, 10.6930246353, 11.0693044662, 8.18509292603, 8.13603591919, 6.3255147934, 10.3220901489, 6.2237329483, 5.37913608551, 4.49086809158, 1.82209932804, 0.902554690838, 0.398939669132, 0.225063875318, 0.114411532879, 0.0553847439587, 0.0345469899476, 0.022962519899, 0.0201117079705, 0.0177110154182, 0.0121717546135, 0.0046114474535], "max": [17.5308856964, 37.2774162292, 176.992233276, 173.203063965, 405.587310791, 230.621643066, 548.150024414, 1587.72741699, 1200.4465332, 2182.36572266, 1346.01477051, 1051.40966797, 1269.31726074, 2077.85253906, 2763.53369141, 4554.51074219, 2752.55444336, 1106.31445312, 3105.82983398, 938.590393066, 1656.98205566, 581.403076172, 1018.73016357, 836.43536377, 2113.29101562, 1007.32702637, 1010.7565918, 854.332763672, 308.612487793, 76.3834381104, 37.0111465454, 24.2047519684, 10.1440124512, 1.29804599285, 0.810886323452, 1.03660142422, 2.18975257874, 1.61969482899, 1.39234232903, 0.157649993896], "dmean": [0.531542241573, 1.79537773132, 3.22155213356, 2.6660027504, 3.51508665085, 3.32471036911, 4.85294818878, 9.50067138672, 9.20764255524, 10.7357158661, 7.75778627396, 12.4539785385, 13.8768005371, 31.3261985779, 37.1262550354, 56.5566940308, 27.8213729858, 19.3089199066, 13.0729370117, 6.72373485565, 6.954018116, 5.26648187637, 5.24327850342, 4.25709438324, 6.57278728485, 4.17159605026, 3.63929176331, 3.04065513611, 1.23884725571, 0.580200791359, 0.252858400345, 0.14109057188, 0.0712207630277, 0.0338822118938, 0.0211484599859, 0.0142329204828, 0.0127918263897, 0.0118128750473, 0.00834990479052, 0.00322890118696]}, "dissonance": {"dvar": 0.00058816181263, "mean": 0.461280375719, "min": 0.236462056637, "median": 0.469339251518, "dvar2": 0.00162500271108, "var": 0.000977614661679, "dmean2": 0.0409460440278, "max": 0.5, "dmean": 0.0241034515202}, "erbbands_flatness_db": {"dvar": 0.000743797922041, "mean": 0.165733113885, "min": 0.0288773551583, "median": 0.158218249679, "dvar2": 0.00194138032384, "var": 0.00320262042806, "dmean2": 0.049207713455, "max": 0.383063852787, "dmean": 0.031268119812}, "melbands_kurtosis": {"dvar": 2353.33569336, "mean": 41.6469459534, "min": -1.91341793537, "median": 13.6694049835, "dvar2": 7033.98388672, "var": 7486.93798828, "dmean2": 35.808216095, "max": 1704.15539551, "dmean": 21.5720424652}, "melbands_spread": {"dvar": 58.160358429, "mean": 13.1555185318, "min": 0.116710819304, "median": 9.50016403198, "dvar2": 132.244277954, "var": 217.066818237, "dmean2": 7.76834487915, "max": 224.646575928, "dmean": 4.90609312057}, "melbands_skewness": {"dvar": 1.49243426323, "mean": 4.06081390381, "min": -2.18480944633, "median": 3.38720655441, "dvar2": 4.05272960663, "var": 8.94069480896, "dmean2": 1.93803334236, "max": 30.29712677, "dmean": 1.20748817921}, "spectral_entropy": {"dvar": 0.0964896604419, "mean": 7.21384620667, "min": 4.4742603302, "median": 7.27194881439, "dvar2": 0.258324444294, "var": 0.21950095892, "dmean2": 0.478402137756, "max": 9.78699398041, "dmean": 0.300603747368}, "zerocrossingrate": {"dvar": 0.00123968289699, "mean": 0.189245328307, "min": 0.0048828125, "median": 0.16455078125, "dvar2": 0.0020293914713, "var": 0.0135632762685, "dmean2": 0.0480861291289, "max": 0.82958984375, "dmean": 0.0372576862574}, "average_loudness": 0.477402210236, "spectral_contrast_coeffs": {"dvar": [0.00148300814908, 0.00150705582928, 0.00105425203219, 0.000833360245451, 0.000920639489777, 0.00141722825356], "mean": [-0.724459707737, -0.783239722252, -0.788334965706, -0.798254907131, -0.838424563408, -0.788412988186], "min": [-0.988140761852, -0.98845911026, -0.988975524902, -0.988958120346, -0.975378930569, -0.963345706463], "median": [-0.729431986809, -0.790770769119, -0.788774251938, -0.795957446098, -0.833267509937, -0.835155069828], "dvar2": [0.00419821869582, 0.00397627661005, 0.00274808541872, 0.0021563700866, 0.00230421265587, 0.00319833052345], "var": [0.00482104998082, 0.00556845311075, 0.00539786787704, 0.00597172649577, 0.00486936839297, 0.00866873376071], "dmean2": [0.0842568725348, 0.0815556719899, 0.0670917183161, 0.0573162250221, 0.0560703314841, 0.0528838410974], "max": [-0.460390239954, -0.426280260086, -0.48851326108, -0.558926165104, -0.581715106964, -0.425444185734], "dmean": [0.0499795824289, 0.0495480671525, 0.0411532521248, 0.0353426896036, 0.0350025482476, 0.0339633226395]}, "barkbands_flatness_db": {"dvar": 0.00144934817217, "mean": 0.212314680219, "min": 0.0388498865068, "median": 0.201819583774, "dvar2": 0.00382625404745, "var": 0.00545333418995, "dmean2": 0.0653990805149, "max": 0.549814999104, "dmean": 0.0413735099137}, "silence_rate_30dB": {"dvar": 0.0588154271245, "mean": 0.829440653324, "min": 0, "median": 1, "dvar2": 0.134577468038, "var": 0.141458451748, "dmean2": 0.125506415963, "max": 1, "dmean": 0.0627477988601}, "spectral_energyband_high": {"dvar": 1.14156023301e-06, "mean": 0.000368116190657, "min": 7.99519741337e-21, "median": 6.97717769071e-05, "dvar2": 2.10915095522e-06, "var": 2.33089940593e-06, "dmean2": 0.000318570120726, "max": 0.040215075016, "dmean": 0.000219585796003}, "melbands_flatness_db": {"dvar": 0.00196030223742, "mean": 0.336673289537, "min": 0.00572157884017, "median": 0.327331364155, "dvar2": 0.00511409202591, "var": 0.00796712096781, "dmean2": 0.0782853588462, "max": 0.70949858427, "dmean": 0.0496798828244}, "barkbands": {"dvar": [0.000114927155664, 0.000222170783672, 2.5104613087e-05, 4.11202427131e-06, 4.79496566186e-06, 1.23759809867e-05, 8.98991493159e-06, 2.00623071578e-06, 2.03937156584e-06, 3.56838791049e-06, 6.50006631986e-06, 8.92747084436e-06, 1.98905081561e-06, 7.32674095616e-07, 1.31233844058e-06, 2.93157654596e-07, 1.19268335652e-07, 2.16152400867e-07, 7.07325227722e-07, 2.86914740855e-07, 2.1794078009e-07, 3.44235537852e-08, 1.50244650055e-09, 4.60549126613e-10, 3.00783183083e-11, 4.83749373892e-10, 7.27848643578e-08], "mean": [0.00886831339449, 0.0235403906554, 0.00381204579026, 0.00145488220733, 0.00176563381683, 0.00152381474618, 0.00109306047671, 0.000621308281552, 0.000871770840604, 0.00126384908799, 0.00143156107515, 0.00238223560154, 0.00107405916788, 0.000667355256155, 0.000278727005934, 0.000196120061446, 0.000164127894095, 0.000116780443932, 0.000136276372359, 0.000118330273835, 0.000141711716424, 4.34785288235e-05, 1.3279540326e-05, 5.5921477724e-06, 3.17941930916e-06, 7.27029237169e-06, 0.000145321173477], "min": [2.28826697158e-23, 6.58902760626e-23, 1.43002874741e-23, 5.02165423095e-24, 5.077240368e-23, 8.6348739929e-23, 4.715430576e-23, 4.61905543921e-23, 5.2759840912e-23, 6.18570637571e-23, 5.56530955669e-23, 1.58741394485e-22, 4.75241679286e-23, 6.21607815165e-23, 1.01811032138e-22, 1.76014191892e-22, 1.06573278138e-22, 2.72194751407e-22, 3.09097992719e-22, 3.10039577096e-22, 3.5606757881e-22, 5.83284712575e-22, 7.37566417617e-22, 6.03446381726e-22, 1.28640186476e-21, 1.87958113976e-21, 2.45807664623e-21], "median": [0.0027232223656, 0.0122944805771, 0.00175974541344, 0.000416614988353, 0.000765792967286, 0.000372289505322, 0.000182843039511, 0.000105175444332, 0.000213582010474, 0.000217114153202, 0.000379876524676, 0.000461349962279, 0.000246804527706, 0.0001445611706, 6.54321411275e-05, 6.71532689012e-05, 3.89720808016e-05, 1.14496306196e-05, 8.54810878081e-06, 7.5883849604e-06, 6.98449002812e-06, 4.18919125877e-06, 2.80350354842e-06, 1.28441411107e-06, 9.48989566041e-07, 2.29123907047e-06, 5.85747293371e-05], "dvar2": [0.000273687415756, 0.000543470901903, 6.63066966808e-05, 9.31803060666e-06, 1.19275928228e-05, 2.54435253737e-05, 2.38603897742e-05, 4.62233901999e-06, 4.84290740133e-06, 8.27591793495e-06, 1.49930910993e-05, 2.06501808862e-05, 4.6559484872e-06, 1.71194699305e-06, 3.53660061592e-06, 7.70655674387e-07, 3.01144439163e-07, 5.21989250046e-07, 1.77729293682e-06, 6.15134240434e-07, 3.96330420926e-07, 6.66501733804e-08, 3.52265572268e-09, 1.03381836425e-09, 7.19255072168e-11, 1.09470199572e-09, 1.55958389314e-07], "var": [0.000252278143307, 0.000792425824329, 4.12686458731e-05, 1.1942744095e-05, 1.11123163151e-05, 2.79705254798e-05, 1.66631107277e-05, 6.06948242421e-06, 4.44370562036e-06, 9.10053313419e-06, 1.379375135e-05, 2.68988296739e-05, 5.18543765793e-06, 1.88163073744e-06, 1.10974656309e-06, 2.81975587768e-07, 1.62493037692e-07, 2.76732123439e-07, 9.14850375011e-07, 5.04912861743e-07, 4.3153460183e-07, 6.81169396444e-08, 1.72580916225e-09, 4.85129991734e-10, 3.74089231814e-11, 5.31534816162e-10, 1.26144811929e-07], "dmean2": [0.00732866255566, 0.0172498691827, 0.00443346938118, 0.00148934614845, 0.00169649242889, 0.0015360058751, 0.00109837844502, 0.000562573841307, 0.000854575133417, 0.00119475694373, 0.00147867493797, 0.00211441144347, 0.000959761906415, 0.000581772823352, 0.000309935974656, 0.000201038346859, 0.000161812393344, 0.0001406679512, 0.000175003762706, 0.000139301511808, 0.000123518897453, 4.72276151413e-05, 1.6308582417e-05, 8.3717304733e-06, 4.86006501887e-06, 9.60190573096e-06, 0.000116348244774], "max": [0.313716381788, 0.283711731434, 0.138965532184, 0.0600450821221, 0.0695019289851, 0.145836353302, 0.10419484973, 0.0541454814374, 0.0376803465188, 0.0495167449117, 0.0976106002927, 0.0891153737903, 0.0544087402523, 0.0178032629192, 0.0549990646541, 0.0248665995896, 0.0133492955938, 0.0168654583395, 0.0392757989466, 0.0187603030354, 0.0238433796912, 0.00729411281645, 0.00165152002592, 0.000800279784016, 0.000114981623483, 0.000920285994653, 0.00729243038222], "dmean": [0.00454596057534, 0.0109497774392, 0.00266600609757, 0.000922484439798, 0.00105632399209, 0.00100049201865, 0.000707391416654, 0.000362156046322, 0.000542620196939, 0.000763804127928, 0.000938971701544, 0.00133866164833, 0.000605426379479, 0.000372253474779, 0.000189103666344, 0.000126371873193, 0.000102153542684, 9.10315284273e-05, 0.000113668109407, 9.23994230106e-05, 8.46144102979e-05, 3.13064701913e-05, 1.03508764369e-05, 5.22704249306e-06, 2.97087558465e-06, 6.07507627137e-06, 7.91693819338e-05]}, "erbbands_spread": {"dvar": 66.8413314819, "mean": 27.4791622162, "min": 1.4422981739, "median": 24.8419246674, "dvar2": 171.978729248, "var": 296.022613525, "dmean2": 12.4047269821, "max": 155.41178894, "dmean": 7.81483650208}, "barkbands_kurtosis": {"dvar": 2221.01782227, "mean": 31.4927711487, "min": -1.92541015148, "median": 7.58432197571, "dvar2": 6589.5859375, "var": 4754.96679688, "dmean2": 31.1420116425, "max": 1142.29125977, "dmean": 18.7929515839}, "spectral_flux": {"dvar": 0.000679123448208, "mean": 0.098567135632, "min": 1.03804520535e-10, "median": 0.0975927487016, "dvar2": 0.00175042077899, "var": 0.00328506552614, "dmean2": 0.0406279601157, "max": 0.385447889566, "dmean": 0.0247411765158}, "silence_rate_20dB": {"dvar": 0.000689061533194, "mean": 0.999396681786, "min": 0, "median": 1, "dvar2": 0.00172208982985, "var": 0.000602983112913, "dmean2": 0.0013791914098, "max": 1, "dmean": 0.000689536274876}, "gfcc": {"cov": [[14451.7548828, 64.1209564209, -2615.63378906, -693.062438965, 125.588012695, -244.127822876, 479.657653809, -626.007446289, 72.0754089355, 41.5714263916, -177.32182312, 88.5540542603, 155.648681641], [64.1209564209, 884.563842773, 44.433380127, -450.645050049, 159.806671143, 105.55657196, -11.7350034714, -37.6754341125, 25.3514099121, -67.383430481, 97.3876724243, -10.2102327347, 82.5258331299], [-2615.63378906, 44.433380127, 963.102233887, 236.296783447, -150.008132935, 94.0104522705, -107.726257324, 181.85697937, -55.5079727173, 5.11246824265, 31.6090335846, -35.8625144958, -22.231628418], [-693.062438965, -450.645050049, 236.296783447, 601.631652832, -128.422409058, -188.074554443, 58.601108551, 3.45724391937, 12.3945455551, 54.9047355652, -94.815536499, -13.994843483, -80.4280700684], [125.588012695, 159.806671143, -150.008132935, -128.422409058, 283.018005371, 111.486274719, 26.3243274689, -31.9191455841, 9.93394184113, -44.3749580383, 66.1852111816, 5.38247489929, 13.4667139053], [-244.127822876, 105.55657196, 94.0104522705, -188.074554443, 111.486274719, 303.225219727, -37.3737945557, 82.7488937378, -54.1512718201, -21.0512886047, 72.6541366577, 12.6972570419, 31.7861881256], [479.657653809, -11.7350034714, -107.726257324, 58.601108551, 26.3243274689, -37.3737945557, 251.731643677, -42.5868721008, 40.4199485779, -12.6043405533, -25.4324989319, 5.05108451843, 10.1573057175], [-626.007446289, -37.6754341125, 181.85697937, 3.45724391937, -31.9191455841, 82.7488937378, -42.5868721008, 250.732528687, -2.92457556725, -22.2156085968, 37.3160591125, -18.0077075958, -17.8000888824], [72.0754089355, 25.3514099121, -55.5079727173, 12.3945455551, 9.93394184113, -54.1512718201, 40.4199485779, -2.92457556725, 109.931045532, 42.284488678, -20.0104122162, -4.48408603668, 2.27561736107], [41.5714263916, -67.383430481, 5.11246824265, 54.9047355652, -44.3749580383, -21.0512886047, -12.6043405533, -22.2156085968, 42.284488678, 95.2066040039, 1.32224476337, 6.97507047653, 8.97396945953], [-177.32182312, 97.3876724243, 31.6090335846, -94.815536499, 66.1852111816, 72.6541366577, -25.4324989319, 37.3160591125, -20.0104122162, 1.32224476337, 114.388153076, 34.8922462463, 11.2665719986], [88.5540542603, -10.2102327347, -35.8625144958, -13.994843483, 5.38247489929, 12.6972570419, 5.05108451843, -18.0077075958, -4.48408603668, 6.97507047653, 34.8922462463, 68.6454238892, 30.1664714813], [155.648681641, 82.5258331299, -22.231628418, -80.4280700684, 13.4667139053, 31.7861881256, 10.1573057175, -17.8000888824, 2.27561736107, 8.97396945953, 11.2665719986, 30.1664714813, 89.1308898926]], "mean": [-58.147769928, 114.579872131, -73.6753463745, -1.2985137701, -7.75790452957, 9.51766872406, 4.3773932457, -12.1727781296, -5.04549455643, -3.39626836777, -1.63108694553, 1.01068067551, -1.35289347172], "icov": [[0.000158933922648, -0.000104910293885, 0.000479385780636, -3.81458376069e-05, 0.000237460946664, -0.000111266715976, -0.000164198470884, 4.73744548799e-05, 0.000239721004618, -0.000177072972292, 8.12832950032e-05, 7.99092813395e-05, -8.88955182745e-05], [-0.000104910293885, 0.00300500984304, -0.00151173130143, 0.00233937543817, -0.000872317061294, 0.00101805548184, -0.000153570596012, 0.00118471460883, -0.00190254265908, 0.0018555119168, -0.00162818783429, 0.00155875564087, -0.00130239315331], [0.000479385780636, -0.00151173130143, 0.00409009447321, -0.00297847739421, 0.00316350418143, -0.00263429014012, 0.000584071152844, -6.97147697792e-05, -9.98414107016e-05, 0.00119725661352, -0.00222395407036, 0.00248211505823, -0.00140087632462], [-3.81458376069e-05, 0.00233937543817, -0.00297847739421, 0.00699280854315, -0.00365104712546, 0.00462449947372, -0.00216673547402, -0.00123868894298, 0.00318415486254, -0.00498244911432, 0.00512259593233, -0.0038753352128, 0.00345412734896], [0.000237460946664, -0.000872317061294, 0.00316350418143, -0.00365104712546, 0.0103195682168, -0.00595200061798, 0.00100898719393, 0.00393911683932, -0.0067358375527, 0.00866977963597, -0.00891261547804, 0.00602747127414, -0.00249169417657], [-0.000111266715976, 0.00101805548184, -0.00263429014012, 0.00462449947372, -0.00595200061798, 0.00933986995369, -0.0014734523138, -0.00367072457448, 0.00658667413518, -0.00631881365553, 0.00417028926313, -0.00372932897881, 0.000973980058916], [-0.000164198470884, -0.000153570596012, 0.000584071152844, -0.00216673547402, 0.00100898719393, -0.0014734523138, 0.00566798914224, 0.00131593190599, -0.00409058202058, 0.00431394437328, -0.00185736664571, 0.00125158298761, -0.00190938380547], [4.73744548799e-05, 0.00118471460883, -6.97147697792e-05, -0.00123868894298, 0.00393911683932, -0.00367072457448, 0.00131593190599, 0.00816619116813, -0.00648226868361, 0.00737891159952, -0.00694055715576, 0.00530650047585, -0.00161609123461], [0.000239721004618, -0.00190254265908, -9.98414107016e-05, 0.00318415486254, -0.0067358375527, 0.00658667413518, -0.00409058202058, -0.00648226868361, 0.0224132072181, -0.0170342028141, 0.0112370345742, -0.00631122058257, 0.00389007735066], [-0.000177072972292, 0.0018555119168, 0.00119725661352, -0.00498244911432, 0.00866977963597, -0.00631881365553, 0.00431394437328, 0.00737891159952, -0.0170342028141, 0.0274451915175, -0.0139705426991, 0.00855870731175, -0.00713970605284], [8.12832950032e-05, -0.00162818783429, -0.002223954070