{"tonal": {"chords_key": "A", "hpcp_entropy": {"dmean": 0.69535523653, "dmean2": 1.15937101841, "max": 4.50108718872, "dvar": 0.370017319918, "mean": 1.9062435627, "dvar2": 0.950311243534, "min": 0, "var": 0.808088839054, "median": 1.90323710442}, "key_key": "D", "chords_strength": {"dmean": 0.0123156988993, "dmean2": 0.0133163128048, "max": 0.770279109478, "dvar": 0.000497554196045, "mean": 0.506014704704, "dvar2": 0.000932009308599, "min": -1, "var": 0.0226843617857, "median": 0.513042092323}, "key_scale": "major", "chords_number_rate": 0.00298253097571, "thpcp": [1, 0.623995542526, 0.200474917889, 0.145929768682, 0.193357080221, 0.414287537336, 0.871439993382, 0.911257565022, 0.410728216171, 0.134237185121, 0.144056543708, 0.232301533222, 0.319843530655, 0.350462704897, 0.373635023832, 0.37184843421, 0.334977865219, 0.384531587362, 0.557368576527, 0.647634148598, 0.785176575184, 0.932931303978, 0.670030295849, 0.345500409603, 0.273502588272, 0.282397955656, 0.405816107988, 0.623320937157, 0.574770212173, 0.368188738823, 0.323988616467, 0.36907273531, 0.723697066307, 0.996204555035, 0.744669377804, 0.773429989815], "key_strength": 0.750793337822, "tuning_nontempered_energy_ratio": 0.940361618996, "tuning_frequency": 434.193115234, "chords_changes_rate": 0.0815935209394, "tuning_diatonic_strength": 0.673246741295, "chords_scale": "major", "chords_histogram": [10.8862380981, 2.40732860565, 37.4094581604, 3.8346824646, 3.15296125412, 0.426075845957, 0, 0, 0.213037922978, 0.0213037915528, 0.106518961489, 1.06518959999, 0.596506178379, 0.660417556763, 0, 1.3847464323, 3.8346824646, 6.75330209732, 5.4324669838, 5.24073266983, 0.234341710806, 1.81082236767, 7.64806127548, 6.8811249733], "tuning_equal_tempered_deviation": 0.256819963455, "hpcp": {"dmean": [0.188817769289, 0.198824360967, 0.193792641163, 0.158949330449, 0.113618858159, 0.0948785841465, 0.0954542160034, 0.108696319163, 0.122398875654, 0.124982848763, 0.110165514052, 0.106662124395, 0.116354204714, 0.152540579438, 0.166367083788, 0.158813774586, 0.14548638463, 0.124856598675, 0.104024261236, 0.0576240941882, 0.0467676371336, 0.0602870285511, 0.0925225690007, 0.161389097571, 0.207870364189, 0.1183565557, 0.04654103145, 0.0454083941877, 0.0599952228367, 0.071093775332, 0.0974051132798, 0.121183775365, 0.129640430212, 0.121818378568, 0.123978257179, 0.162372276187], "dmean2": [0.348400235176, 0.360970884562, 0.346153944731, 0.284030675888, 0.21079851687, 0.177449300885, 0.177561923862, 0.19698575139, 0.215142607689, 0.220648542047, 0.198130235076, 0.194928213954, 0.211318686604, 0.269638925791, 0.292429983616, 0.276476830244, 0.257026076317, 0.215562909842, 0.178199842572, 0.102480374277, 0.0846941396594, 0.107987038791, 0.159821674228, 0.277714252472, 0.369704067707, 0.212139159441, 0.0856327563524, 0.082480609417, 0.105682335794, 0.123485893011, 0.175685495138, 0.223261341453, 0.243329912424, 0.230640381575, 0.228874817491, 0.299752354622], "max": [1, 1, 1, 1, 1, 1, 1, 1, 1, 1, 1, 1, 1, 1, 1, 1, 1, 1, 1, 1, 1, 1, 1, 1, 1, 1, 1, 1, 1, 1, 1, 1, 1, 1, 1, 1], "dvar": [0.0750318095088, 0.0750188231468, 0.0707961171865, 0.0563040226698, 0.0456517376006, 0.0394840091467, 0.0408648811281, 0.0456802211702, 0.0487852580845, 0.050633251667, 0.0455478057265, 0.0477085970342, 0.0461465902627, 0.05603415519, 0.062596462667, 0.0526854880154, 0.0444077290595, 0.0471910350025, 0.0325616002083, 0.0184805355966, 0.0168709699064, 0.0216163657606, 0.0308611299843, 0.0439487807453, 0.0779979899526, 0.0306824818254, 0.016020487994, 0.0141959981993, 0.0238165482879, 0.0250937845558, 0.0403905212879, 0.0575587712228, 0.0629233568907, 0.0571568794549, 0.0504282042384, 0.0684445425868], "mean": [0.15574605763, 0.188822895288, 0.224355638027, 0.161131978035, 0.0830875337124, 0.0657731667161, 0.0679123699665, 0.0975925326347, 0.149899095297, 0.138223394752, 0.088543727994, 0.0779142826796, 0.0887563154101, 0.174038022757, 0.239571884274, 0.179081529379, 0.185998022556, 0.240484625101, 0.15006133914, 0.0482111349702, 0.0350938662887, 0.0464994050562, 0.0996297821403, 0.209567919374, 0.219143435359, 0.0987738221884, 0.0322819799185, 0.0346433855593, 0.0558649487793, 0.0769174546003, 0.0842808932066, 0.0898534804583, 0.089423827827, 0.080557025969, 0.0924739316106, 0.134038567543], "dvar2": [0.214948534966, 0.210353389382, 0.19228105247, 0.154643088579, 0.129415988922, 0.113560721278, 0.117092370987, 0.126150071621, 0.123459458351, 0.130919456482, 0.122200094163, 0.127681940794, 0.123332135379, 0.144311785698, 0.150750458241, 0.132016003132, 0.116163469851, 0.111598663032, 0.0812355205417, 0.0487853549421, 0.0465442240238, 0.0586949102581, 0.0803100764751, 0.107395157218, 0.198135018349, 0.0818790793419, 0.0449853166938, 0.0390247777104, 0.0628968030214, 0.0636275261641, 0.108805708587, 0.158790946007, 0.180535629392, 0.165125459433, 0.146926939487, 0.200613707304], "min": [0, 0, 0, 0, 0, 0, 0, 0, 0, 0, 0, 0, 0, 0, 0, 0, 0, 0, 0, 0, 0, 0, 0, 0, 0, 0, 0, 0, 0, 0, 0, 0, 0, 0, 0, 0], "var": [0.0645089298487, 0.0751901343465, 0.0915571600199, 0.0597420334816, 0.0326251536608, 0.0268058255315, 0.0282615367323, 0.0389947220683, 0.0727401822805, 0.0622146353126, 0.0378562621772, 0.0363828912377, 0.0358674228191, 0.0725655034184, 0.117413811386, 0.0696233212948, 0.0653031095862, 0.128745570779, 0.0578037127852, 0.0157611817122, 0.0117859328166, 0.0168838687241, 0.0358364284039, 0.0798608064651, 0.0975421220064, 0.0289899241179, 0.0108653372154, 0.0114770624787, 0.0237593222409, 0.0334017314017, 0.0372857935727, 0.045288991183, 0.0472815670073, 0.0403204485774, 0.0376271605492, 0.0579041466117], "median": [0.0379420816898, 0.0559448897839, 0.078443005681, 0.0494975224137, 0.012862262316, 0.00699683185667, 0.00714217592031, 0.0161306746304, 0.0259448904544, 0.0219748467207, 0.0105319060385, 0.00603547738865, 0.0110699571669, 0.0299619436264, 0.049493804574, 0.0454036258161, 0.0461631603539, 0.0288130436093, 0.0175259709358, 0.00735132023692, 0.00382376881316, 0.00465851183981, 0.019908266142, 0.0705073699355, 0.0543089434505, 0.0150036942214, 0.00256418460049, 0.00343055836856, 0.0057428451255, 0.0083533320576, 0.00935043022037, 0.00637411046773, 0.00514794047922, 0.00600105477497, 0.0150913745165, 0.027742754668]}}, "lowlevel": {"melbands_flatness_db": {"dmean": 0.0374165661633, "dmean2": 0.0530707873404, "max": 0.676991820335, "dvar": 0.00148279825225, "mean": 0.210543289781, "dvar2": 0.00291548785754, "min": 0.00396113749593, "var": 0.00944317877293, "median": 0.197064906359}, "melbands_crest": {"dmean": 3.96068072319, "dmean2": 6.15570831299, "max": 35.8050804138, "dvar": 13.1373386383, "mean": 16.4085407257, "dvar2": 29.4239330292, "min": 1.54567503929, "var": 43.4890670776, "median": 15.2764606476}, "spectral_entropy": {"dmean": 0.252286195755, "dmean2": 0.341323792934, "max": 9.82744693756, "dvar": 0.0843939930201, "mean": 7.77439069748, "dvar2": 0.169504716992, "min": 4.88289356232, "var": 0.350752234459, "median": 7.82669734955}, "melbands": {"dmean": [0.00188240979332, 0.000913139665499, 0.00037979480112, 0.000391282083001, 0.000385112856748, 0.000294830446364, 0.000148932231241, 7.00049786246e-05, 4.38160059275e-05, 4.22369557782e-05, 4.57839923911e-05, 5.66275703022e-05, 2.64338304987e-05, 3.32500385412e-05, 1.74086762854e-05, 1.18813695735e-05, 1.06556262836e-05, 1.79748076334e-05, 1.13470441647e-05, 1.55951074703e-05, 1.46296060848e-05, 8.77888669493e-06, 1.04053624455e-05, 9.38262837735e-06, 6.72434725857e-06, 8.21860339784e-06, 8.56532278704e-06, 7.19174340702e-06, 1.10723894977e-05, 9.32202510739e-06, 1.03040347312e-05, 7.57111729399e-06, 5.07646564074e-06, 7.13428471499e-06, 9.79842570814e-06, 5.76914681005e-06, 4.45277464678e-06, 4.46850572189e-06, 3.57620001523e-06, 3.05703019876e-06], "dmean2": [0.00286287534982, 0.00145711062942, 0.000625707092695, 0.0006665160181, 0.000600370985921, 0.000454696535598, 0.000231938232901, 0.000111858418677, 6.88735453878e-05, 6.49886205792e-05, 7.12173423381e-05, 8.76830890775e-05, 3.86168758268e-05, 5.21879919688e-05, 2.7255176974e-05, 1.81859995791e-05, 1.67063026311e-05, 2.80183940049e-05, 1.86492343346e-05, 2.60827600869e-05, 2.35385905398e-05, 1.3260486412e-05, 1.59481533046e-05, 1.48765211634e-05, 1.04361888589e-05, 1.30581765916e-05, 1.36938760988e-05, 1.1013465155e-05, 1.77565907507e-05, 1.44797186294e-05, 1.64532248164e-05, 1.24747393784e-05, 7.59812974138e-06, 1.15934944915e-05, 1.53633300215e-05, 8.79836898093e-06, 6.65403740641e-06, 6.77719799569e-06, 5.47428862774e-06, 4.48363834948e-06], "max": [0.0316829159856, 0.0181600153446, 0.0132506880909, 0.0103953974321, 0.0148245412856, 0.0140622491017, 0.00790020916611, 0.00461376365274, 0.00267024361528, 0.00377392931841, 0.00526770204306, 0.00633746478707, 0.00415814947337, 0.00491710659117, 0.00328389904462, 0.00266874232329, 0.00318549829535, 0.00235697394237, 0.00151287333574, 0.00235588592477, 0.00167428085115, 0.00211643148214, 0.0010770985391, 0.00139984348789, 0.000953621289227, 0.000618716760073, 0.000607367837802, 0.000248163501965, 0.000440397736384, 0.000395712442696, 0.000375843519578, 0.000296955142403, 0.000128920641146, 0.000186381948879, 0.000257507665083, 0.000315063924063, 0.000264041358605, 0.000403859361541, 0.000238839566009, 0.000133577836095], "dvar": [9.9869848782e-06, 2.58664726971e-06, 8.96470453426e-07, 8.32523312511e-07, 5.21112497154e-07, 4.6202430326e-07, 1.25085335867e-07, 3.44933681617e-08, 1.50352761352e-08, 1.52814401133e-08, 3.13201233837e-08, 2.15353654909e-08, 8.48859649238e-09, 1.46506451415e-08, 3.28847660214e-09, 1.69977609765e-09, 1.77288261849e-09, 4.59842119938e-09, 1.32737865144e-09, 3.69665520417e-09, 2.36114194863e-09, 1.22228793753e-09, 8.29405488734e-10, 1.02551289682e-09, 5.64607860465e-10, 4.14453305009e-10, 5.11545972248e-10, 3.0456506761e-10, 1.24831434078e-09, 7.71694708135e-10, 1.21758314542e-09, 6.04127303738e-10, 1.41822595334e-10, 3.85578569073e-10, 6.27350837945e-10, 1.36954059204e-10, 1.08737664706e-10, 1.27243590664e-10, 6.27478902171e-11, 4.06922273655e-11], "mean": [0.00297485920601, 0.00152678170707, 0.000628840294667, 0.000518037122674, 0.000704324920662, 0.000520718167536, 0.000248664990067, 0.000114670307084, 6.66667474434e-05, 6.88179861754e-05, 6.92281755619e-05, 9.978023445e-05, 4.80989401694e-05, 6.37075208942e-05, 3.07232039631e-05, 2.08087622013e-05, 1.71769079316e-05, 2.71188946499e-05, 1.52237553266e-05, 1.88533176697e-05, 2.80321728496e-05, 1.54369845404e-05, 1.85688168131e-05, 1.39147823575e-05, 1.23108402477e-05, 1.37861206895e-05, 1.31859314934e-05, 1.11100544018e-05, 1.33260246002e-05, 1.13112837425e-05, 1.0559329894e-05, 7.14007501301e-06, 6.34416119283e-06, 7.6122801147e-06, 1.02617977973e-05, 7.59541990192e-06, 6.94587652106e-06, 6.53536426398e-06, 5.25259929418e-06, 4.68151529276e-06], "dvar2": [2.1568423108e-05, 6.0517941165e-06, 2.23399183596e-06, 2.26460065278e-06, 1.22486846976e-06, 1.09938537207e-06, 2.86257289872e-07, 8.32789766037e-08, 3.71175445935e-08, 3.60668401811e-08, 7.28511935222e-08, 4.60855567042e-08, 1.69116507465e-08, 3.70375161651e-08, 7.38739203143e-09, 3.01388092261e-09, 4.05539068993e-09, 1.02902593113e-08, 3.19716386699e-09, 9.69216440438e-09, 5.515247814e-09, 2.09876382939e-09, 1.62453872576e-09, 2.51498288861e-09, 1.300116792e-09, 9.89240356297e-10, 1.26681354295e-09, 6.45515307873e-10, 3.18002468802e-09, 1.89491977665e-09, 3.08954173356e-09, 1.58313540055e-09, 2.6886423643e-10, 9.69424873709e-10, 1.5110647178e-09, 2.87551676914e-10, 2.19038259752e-10, 2.73700895281e-10, 1.37984623727e-10, 8.75194777761e-11], "min": [8.21806892067e-25, 9.29811120499e-25, 8.65801566143e-25, 7.39858788637e-25, 1.27106860101e-24, 1.21894303897e-24, 2.14317158806e-24, 1.49161478302e-24, 1.23461523997e-24, 2.03135232968e-24, 1.97204695012e-24, 2.57950988183e-24, 2.32439995648e-24, 3.74212736471e-24, 3.2818710055e-24, 3.38661773144e-24, 2.6878007626e-24, 2.8069785155e-24, 3.40838832027e-24, 3.7039634574e-24, 3.62446244981e-24, 2.50686170892e-24, 4.18627814245e-24, 3.21230846202e-24, 2.55615545752e-24, 5.03193703285e-24, 4.6124511746e-24, 5.03819979957e-24, 4.95131663163e-24, 4.56723287865e-24, 4.21942568326e-24, 5.49349875963e-24, 3.67828090734e-24, 4.93810952235e-24, 5.5174509433e-24, 4.781651978e-24, 5.9168705467e-24, 6.52719802958e-24, 5.93192556265e-24, 5.38788921708e-24], "var": [2.11493716051e-05, 4.20447895522e-06, 9.48009073909e-07, 9.0175871037e-07, 1.4294828361e-06, 1.14415820462e-06, 3.20363085393e-07, 6.93507828942e-08, 2.77137992555e-08, 3.62933540998e-08, 5.73301726092e-08, 7.38794199151e-08, 2.79742575771e-08, 4.93354903597e-08, 8.38428171335e-09, 6.55549126094e-09, 4.59284699161e-09, 8.00017296854e-09, 1.76817205322e-09, 4.08143296937e-09, 7.29608151673e-09, 5.2197988154e-09, 3.6423410954e-09, 1.82922776926e-09, 1.32015220977e-09, 7.60911833542e-10, 7.62771956708e-10, 4.73646344368e-10, 1.19989151948e-09, 7.64487861904e-10, 1.04871666906e-09, 4.82959616743e-10, 2.07887873582e-10, 3.75291353549e-10, 6.48689990612e-10, 2.49081227865e-10, 2.73511213678e-10, 2.97091046209e-10, 1.30432054046e-10, 8.34071700595e-11], "median": [0.00132541521452, 0.000973836635239, 0.000320430874126, 0.000153748973389, 0.000202829338377, 0.000114798429422, 6.05868481216e-05, 3.02861517412e-05, 1.11694644147e-05, 1.20016293295e-05, 8.86582802195e-06, 1.39694111567e-05, 6.08091522736e-06, 5.04238960275e-06, 4.14317946706e-06, 3.01751742882e-06, 2.18628611037e-06, 4.74476382806e-06, 4.4757643991e-06, 4.01297984354e-06, 2.79253504232e-06, 2.72952638625e-06, 4.78946094518e-06, 3.14900671583e-06, 3.19947866956e-06, 5.03638420923e-06, 4.5843821681e-06, 3.71038322555e-06, 3.60323110726e-06, 3.74492151423e-06, 2.63526430899e-06, 1.60837021213e-06, 1.50356106587e-06, 1.69295935848e-06, 1.79228004527e-06, 1.86554530046e-06, 1.82629935352e-06, 1.99840314963e-06, 1.81424843504e-06, 1.64925961599e-06]}, "silence_rate_60dB": {"dmean": 0.0170484818518, "dmean2": 0.0341005958617, "max": 1, "dvar": 0.0167571175843, "mean": 0.0918389111757, "dvar2": 0.0369842983782, "min": 0, "var": 0.0834019333124, "median": 0}, "spectral_energyband_middle_high": {"dmean": 0.00124116009101, "dmean2": 0.00195061322302, "max": 0.0526498109102, "dvar": 5.62816012462e-06, "mean": 0.00361500470899, "dvar2": 1.37906399686e-05, "min": 1.12181846934e-21, "var": 2.74678022834e-05, "median": 0.00129101681523}, "erbbands_skewness": {"dmean": 0.525408267975, "dmean2": 0.739661097527, "max": 8.20809078217, "dvar": 0.377355605364, "mean": 0.170496702194, "dvar2": 0.708770036697, "min": -8.67328357697, "var": 1.676902771, "median": 0.203926235437}, "dynamic_complexity": 3.91259813309, "dissonance": {"dmean": 0.0181924495846, "dmean2": 0.0294961892068, "max": 0.499999970198, "dvar": 0.000345566717442, "mean": 0.457442432642, "dvar2": 0.000847427756526, "min": 0.188243463635, "var": 0.00112202751916, "median": 0.465043962002}, "spectral_skewness": {"dmean": 0.19732452929, "dmean2": 0.279910713434, "max": 4.18998575211, "dvar": 0.0506320036948, "mean": 1.20165479183, "dvar2": 0.100506514311, "min": -0.882329821587, "var": 0.202108681202, "median": 1.22456073761}, "spectral_kurtosis": {"dmean": 0.829725086689, "dmean2": 1.2171176672, "max": 21.2183094025, "dvar": 1.04206120968, "mean": 2.08727526665, "dvar2": 2.28531432152, "min": -1.55220258236, "var": 3.31470513344, "median": 1.83034420013}, "gfcc": {"cov": [[29183.2285156, -128.030212402, -1738.86621094, 85.0120697021, -1063.69189453, 245.657531738, -604.959960938, 250.563018799, -398.934204102, 168.407943726, -361.909912109, 173.156951904, -8.07272815704], [-128.030212402, 1376.49829102, -82.0184173584, -99.3355712891, 88.8263702393, -26.6670303345, 96.9704208374, 18.1637020111, -72.2355957031, 38.7408561707, 95.3445968628, -103.886734009, 84.4664611816], [-1738.86621094, -82.0184173584, 1679.19873047, 416.252685547, 60.7754325867, 16.4389629364, 7.5336766243, -25.2356796265, 117.592712402, -7.31863451004, -4.58122491837, -21.688079834, -112.047645569], [85.0120697021, -99.3355712891, 416.252685547, 562.474731445, 95.9368209839, 7.82530450821, -42.29529953, 86.6006774902, 78.1953353882, -26.738199234, -4.01058387756, 25.7310676575, -33.3922691345], [-1063.69189453, 88.8263702393, 60.7754325867, 95.9368209839, 361.157897949, 98.1293106079, 134.16847229, 41.2092285156, 50.8223152161, 11.1314496994, 15.784453392, -6.26598930359, -2.50886774063], [245.657531738, -26.6670303345, 16.4389629364, 7.82530450821, 98.1293106079, 309.545776367, 128.038787842, -21.2425956726, -2.74260997772, 53.4693908691, 5.80266952515, -15.9098424911, -4.71237659454], [-604.959960938, 96.9704208374, 7.5336766243, -42.29529953, 134.16847229, 128.038787842, 240.649230957, 13.7964220047, 26.082069397, 39.9305038452, 17.1250972748, 0.898645401001, 13.2620573044], [250.563018799, 18.1637020111, -25.2356796265, 86.6006774902, 41.2092285156, -21.2425956726, 13.7964220047, 212.363067627, 59.7992935181, -5.95250082016, 31.917388916, 22.0537204742, 26.0462665558], [-398.934204102, -72.2355957031, 117.592712402, 78.1953353882, 50.8223152161, -2.74260997772, 26.082069397, 59.7992935181, 154.042984009, 22.387140274, -1.4438533783, 21.5585384369, -3.05829071999], [168.407943726, 38.7408561707, -7.31863451004, -26.738199234, 11.1314496994, 53.4693908691, 39.9305038452, -5.95250082016, 22.387140274, 146.681991577, 44.0020561218, -15.111995697, 17.9757995605], [-361.909912109, 95.3445968628, -4.58122491837, -4.01058387756, 15.784453392, 5.80266952515, 17.1250972748, 31.917388916, -1.4438533783, 44.0020561218, 126.569763184, 22.5155162811, 7.1758389473], [173.156951904, -103.886734009, -21.688079834, 25.7310676575, -6.26598930359, -15.9098424911, 0.898645401001, 22.0537204742, 21.5585384369, -15.111995697, 22.5155162811, 108.75377655, 14.1664943695], [-8.07272815704, 84.4664611816, -112.047645569, -33.3922691345, -2.50886774063, -4.71237659454, 13.2620573044, 26.0462665558, -3.05829071999, 17.9757995605, 7.1758389473, 14.1664943695, 126.690475464]], "mean": [-18.1990814209, 38.4800872803, -66.8808746338, 44.0149230957, -55.9888801575, 15.4238510132, -38.1306152344, 14.6359052658, -27.276014328, 10.0207195282, -12.1817731857, 8.10798549652, -5.41564273834], "icov": [[5.9813959524e-05, -5.29653007106e-05, 6.01233477937e-05, -6.31372458884e-05, 0.00016796370619, -0.00015440765128, 0.000146849793964, -0.000194124149857, 0.000186317804037, -0.000245589326369, 0.000351169583155, -0.000256430677837, 0.000145904836245], [-5.29653007106e-05, 0.00104047229979, -6.69597429805e-05, 8.21133871796e-05, -0.000331917806761, 0.00051637069555, -0.000596565369051, 0.000169620281667, 0.000228021483053, 0.000386163825169, -0.00122023397125, 0.00144238001667, -0.000835899671074], [6.01233477937e-05, -6.69597429805e-05, 0.000888655078597, -0.000700554810464, 0.000317006662954, -9.51600959525e-05, -9.43343547988e-05, 0.000256688857917, -0.000366218300769, -0.000139886818943, 0.000140885516885, 8.17259788164e-05, 0.000603500928264], [-6.31372458884e-05, 8.21133871796e-05, -0.000700554810464, 0.00282645877451, -0.00100601289887, -0.000252829748206, 0.00106168200728, -0.000860868545715, -0.000550034805201, 0.000427676830441, -5.79194493184e-05, -0.000388058368117, 7.58606693125e-05], [0.00016796370619, -0.000331917806761, 0.000317006662954, -0.00100601289887, 0.00453247549012, -0.000964018458035, -0.00163037702441, -0.0006206924445, -0.000404834368965, -4.09028943977e-05, 0.000568043731619, -0.000142274642712, 0.000579148356337], [-0.00015440765128, 0.00051637069555, -9.51600959525e-05, -0.000252829748206, -0.000964018458035, 0.00511826295406, -0.00274932035245, 0.000980566022918, 0.000438139250036, -0.000671658082865, -0.000813664402813, 0.00131692946889, -0.000242712601903], [0.000146849793964, -0.000596565369051, -9.43343547988e-05, 0.00106168200728, -0.00163037702441, -0.00274932035245, 0.00754444720224, -0.000983857316896, -0.000307953188894, -0.00132495618891, 0.001228688634, -0.00183585169725, 0.000197710294742], [-0.000194124149857, 0.000169620281667, 0.000256688857917, -0.000860868545715, -0.0006206924445, 0.000980566022918, -0.000983857316896, 0.00707986718044, -0.00306880474091, 0.00203857338056, -0.00317489146255, 0.00118555279914, -0.00176978402305], [0.000186317804037, 0.000228021483053, -0.000366218300769, -0.000550034805201, -0.000404834368965, 0.000438139250036, -0.000307953188894, -0.00306880474091, 0.00989133957773, -0.003280590754, 0.00281913811341, -0.00247146724723, 0.000883344211616], [-0.000245589326369, 0.000386163825169, -0.000139886818943, 0.000427676830441, -4.09028943977e-05, -0.000671658082865, -0.00132495618891, 0.00203857338056, -0.003280590754, 0.0105758337304, -0.00552490213886, 0.00368711166084, -0.00226943939924], [0.000351169583155, -0.00122023397125, 0.000140885516885, -5.79194493184e-05, 0.000568043731619, -0.000813664402813, 0.001228688634, -0.00317489146255, 0.00281913811341, -0.00552490213886, 0.0132338758558, -0.00548413349316, 0.00216597667895], [-0.000256430677837, 0.00144238001667, 8.17259788164e-05, -0.000388058368117, -0.000142274642712, 0.00131692946889, -0.00183585169725, 0.00118555279914, -0.00247146724723, 0.00368711166084, -0.00548413349316, 0.0135510358959, -0.00280085438862], [0.000145904836245, -0.000835899671074, 0.000603500928264, 7.58606693125e-05, 0.000579148356337, -0.000242712601903, 0.000197710294742, -0.00176978402305, 0.000883344211616, -0.00226943939924, 0.00216597667895, -0.00280085438862, 0.00989303179085]]}, "spectral_complexity": {"dmean": 3.36174750328, "dmean2": 5.00873804092, "max": 61, "dvar": 27.2778053284, "mean": 12.8116340637, "dvar2": 49.8050384521, "min": 0, "var": 97.2502365112, "median": 11}, "spectral_flux": {"dmean": 0.0285558458418, "dmean2": 0.0441355146468, "max": 0.318843483925, "dvar": 0.00106481579132, "mean": 0.0832537785172, "dvar2": 0.00233081076294, "min": 6.46231124168e-11, "var": 0.00270115421154, "median": 0.0757770836353}, "spectral_energyband_low": {"dmean": 0.00690173078328, "dmean2": 0.0107019552961, "max": 0.109207309783, "dvar": 0.000121929995657, "mean": 0.0126388175413, "dvar2": 0.000277687067864, "min": 1.00189768361e-23, "var": 0.000274892634479, "median": 0.0074762981385}, "spectral_decrease": {"dmean": 2.39946551517e-09, "dmean2": 3.8051868323e-09, "max": 2.28662677106e-28, "dvar": 1.02089828836e-17, "mean": -6.41597219797e-09, "dvar2": 2.35984255916e-17, "min": -2.94792581457e-08, "var": 2.63380676328e-17, "median": -5.22766541167e-09}, "barkbands_spread": {"dmean": 12.6157064438, "dmean2": 18.509437561, "max": 124.278587341, "dvar": 211.046264648, "mean": 35.8226928711, "dvar2": 405.968719482, "min": 0.15164065361, "var": 617.178161621, "median": 29.999080658}, "spectral_rms": {"dmean": 0.000884936889634, "dmean2": 0.0013757821871, "max": 0.0107350675389, "dvar": 1.1529209587e-06, "mean": 0.00470884656534, "dvar2": 2.51322398981e-06, "min": 3.1233492355e-12, "var": 4.463809546e-06, "median": 0.00471341330558}, "spectral_centroid": {"dmean": 380.830444336, "dmean2": 555.102844238, "max": 11566.8876953, "dvar": 224649.28125, "mean": 1822.59985352, "dvar2": 400607.90625, "min": 108.573623657, "var": 1973751.125, "median": 1530.68896484}, "barkbands_skewness": {"dmean": 0.933103144169, "dmean2": 1.33333778381, "max": 29.1398143768, "dvar": 1.82129275799, "mean": 2.00980401039, "dvar2": 3.69760227203, "min": -8.67078113556, "var": 5.93951272964, "median": 1.66877484322}, "spectral_rolloff": {"dmean": 1243.53186035, "dmean2": 2068.93701172, "max": 19466.015625, "dvar": 4136037.25, "mean": 2779.87133789, "dvar2": 8354434.5, "min": 64.599609375, "var": 12060041, "median": 1119.7265625}, "erbbands_spread": {"dmean": 16.2557582855, "dmean2": 23.4087791443, "max": 218.120681763, "dvar": 337.370239258, "mean": 61.5717506409, "dvar2": 652.67199707, "min": 3.19010472298, "var": 1101.83422852, "median": 56.8311576843}, "barkbands": {"dmean": [0.000200985363335, 0.00622898899019, 0.00103349355049, 0.0008214742993, 0.00189580500592, 0.00162828981411, 0.000607010209933, 0.000276709848549, 0.000282744702417, 0.000394312228309, 0.000215914347791, 0.000265837123152, 0.000127992097987, 0.000153316999786, 0.000165885168826, 0.000248181138886, 0.000160601572134, 0.000188556557987, 0.000189424637938, 0.000247140269494, 0.000442537100753, 0.000314209610224, 0.000480334449094, 0.000336368626449, 0.000308198388666, 0.000237211876083, 5.97248181293e-05], "dmean2": [0.000277392246062, 0.00971979275346, 0.001702787471, 0.00139665231109, 0.00318467780016, 0.00250863959081, 0.000955887779128, 0.000443172582891, 0.000440779956989, 0.000608133152127, 0.000320613879012, 0.000421915145125, 0.000196714579943, 0.000242831913056, 0.000269770127488, 0.00041384837823, 0.000243766960921, 0.000301272928482, 0.000296604441246, 0.000377903867047, 0.000695794937201, 0.000484444841277, 0.000746052653994, 0.000498242210597, 0.000444494129624, 0.000349455658579, 9.53558337642e-05], "max": [0.00465597212315, 0.105601511896, 0.0414394959807, 0.0299875698984, 0.0557735264301, 0.0666326880455, 0.0298683028668, 0.0187000930309, 0.0218418780714, 0.0434689857066, 0.0252364296466, 0.0332072451711, 0.0380674526095, 0.0245454702526, 0.020137893036, 0.0286398902535, 0.0224737208337, 0.0188606660813, 0.0187586247921, 0.0116711389273, 0.0147895682603, 0.00973170343786, 0.0117518408224, 0.0226594395936, 0.0110312020406, 0.0110939014703, 0.00382376252674], "dvar": [1.04612965401e-07, 0.000111187109724, 5.35556182513e-06, 4.86268572786e-06, 1.54357894644e-05, 1.14523199954e-05, 2.16337593884e-06, 6.38702658762e-07, 6.86437488184e-07, 1.13473925012e-06, 5.38190136012e-07, 7.46198509205e-07, 2.4010796551e-07, 3.01145604453e-07, 3.26175154441e-07, 6.94658069733e-07, 3.3904581187e-07, 2.88872314513e-07, 2.37649956603e-07, 3.88912496874e-07, 2.07201310332e-06, 7.76148226578e-07, 1.31377714752e-06, 5.73945953874e-07, 2.77745783706e-07, 1.70914802311e-07, 2.76781246811e-08], "mean": [0.000356398522854, 0.00985640753061, 0.00151156820357, 0.0013167214347, 0.00280921417288, 0.00294587481767, 0.000967680593021, 0.000440636038547, 0.00045503381989, 0.000652623013593, 0.000351192691596, 0.000489892496262, 0.000212947416003, 0.000239630506258, 0.000228238743148, 0.000405797560234, 0.000276505976217, 0.00032079545781, 0.00033754616743, 0.000376832758775, 0.000512698374223, 0.000342050974723, 0.000539069413207, 0.000542361813132, 0.000482170522446, 0.000277238228591, 5.57718994969e-05], "dvar2": [1.94400030296e-07, 0.000255653867498, 1.3385895727e-05, 1.29805639517e-05, 4.18093659391e-05, 2.67839386652e-05, 5.08637958774e-06, 1.55390785039e-06, 1.63771460393e-06, 2.45793467002e-06, 1.00771876532e-06, 1.86968009075e-06, 4.59772053318e-07, 6.72025123549e-07, 7.53318147417e-07, 1.83346514859e-06, 6.09335302215e-07, 7.02551972154e-07, 5.55106737465e-07, 8.98656026038e-07, 5.22193022334e-06, 1.87192802059e-06, 3.11397957375e-06, 1.0500832559e-06, 6.04100705459e-07, 3.87339525787e-07, 7.07693672553e-08], "min": [3.80590578282e-25, 1.90086290305e-24, 3.31032092893e-25, 2.05150661648e-25, 5.42047942766e-24, 4.75904677434e-24, 1.02826338722e-23, 5.94678296894e-24, 1.57931199625e-23, 1.36196677514e-23, 1.72177128272e-23, 2.78902183249e-23, 3.09656020302e-23, 3.07217935234e-23, 4.65925926193e-23, 6.2077749173e-23, 5.2314835009e-23, 6.50963033387e-23, 1.20285485585e-22, 1.54707639443e-22, 2.22999668796e-22, 2.9622032438e-22, 3.54631372335e-22, 5.9941751131e-22, 8.08210539888e-22, 1.29408680886e-21, 2.03095539381e-21], "var": [2.91178025691e-07, 0.000220087153139, 5.7680313148e-06, 4.88747900818e-06, 2.09575518966e-05, 2.99034927593e-05, 4.89835383632e-06, 1.38424763918e-06, 1.53956227678e-06, 2.90922730528e-06, 1.52012228227e-06, 2.3772277018e-06, 7.7934203091e-07, 6.15948124505e-07, 4.9793487733e-07, 1.19058472592e-06, 1.31305318973e-06, 7.11553752808e-07, 4.80406697534e-07, 5.66221046938e-07, 1.87356897641e-06, 7.85190479746e-07, 1.51013568939e-06, 1.64358743859e-06, 7.33032948119e-07, 2.67074398153e-07, 2.89794268582e-08], "median": [0.000108217878733, 0.00497566955164, 0.000731871579774, 0.000510272278916, 0.000828302407172, 0.00064571184339, 0.000244464696152, 6.69270157232e-05, 7.62755371397e-05, 0.000103593120002, 4.01525721827e-05, 3.67391985492e-05, 2.81364627881e-05, 2.89689596684e-05, 6.04983069934e-05, 6.85617269482e-05, 4.59271395812e-05, 8.80262814462e-05, 0.000117877942102, 0.00012848865299, 0.000159627059475, 8.68632341735e-05, 0.000112468595034, 0.000167653473909, 0.000175299996044, 7.12246546755e-05, 7.39759025237e-06]}, "melbands_kurtosis": {"dmean": 25.5614967346, "dmean2": 38.4152908325, "max": 2346.13305664, "dvar": 5433.04443359, "mean": 42.4501304626, "dvar2": 11875.9121094, "min": -1.88954138756, "var": 10628.0625, "median": 17.285074234}, "erbbands_crest": {"dmean": 2.79588365555, "dmean2": 4.34840250015, "max": 31.0613555908, "dvar": 7.66321325302, "mean": 9.79831600189, "dvar2": 16.9557533264, "min": 2.57743287086, "var": 25.0032119751, "median": 8.67218589783}, "melbands_skewness": {"dmean": 1.30749166012, "dmean2": 1.91728651524, "max": 33.286113739, "dvar": 3.09184360504, "mean": 4.12472105026, "dvar2": 6.28424167633, "min": -3.88571357727, "var": 11.2993478775, "median": 3.54044675827}, "spectral_energyband_middle_low": {"dmean": 0.00412166537717, "dmean2": 0.0066178846173, "max": 0.0827024281025, "dvar": 4.24926547566e-05, "mean": 0.00908386334777, "dvar2": 0.000106965017039, "min": 1.62375190737e-22, "var": 8.50533615449e-05, "median": 0.00629898626357}, "spectral_contrast_coeffs": {"dmean": [0.0480914078653, 0.0488309450448, 0.040239430964, 0.0345134697855, 0.0267719458789, 0.021744415164], "dmean2": [0.0778649523854, 0.0769778266549, 0.06341458112, 0.0557515844703, 0.0419589206576, 0.0333962738514], "max": [-0.321929454803, -0.301317602396, -0.417727440596, -0.431544005871, -0.524671852589, -0.621720075607], "dvar": [0.00183995941188, 0.00192183919717, 0.00119735079352, 0.000902666593902, 0.000596619094722, 0.000408659543609], "mean": [-0.674931168556, -0.667874693871, -0.741567134857, -0.766257584095, -0.773562848568, -0.788245916367], "dvar2": [0.0046266852878, 0.00457411166281, 0.0027955675032, 0.00227459450252, 0.001330892439, 0.000926643901039], "min": [-0.977669715881, -0.980418562889, -0.977138459682, -0.969988048077, -0.969935297966, -0.964755296707], "var": [0.00873921066523, 0.0107972268015, 0.00849744491279, 0.00482814805582, 0.00378965539858, 0.00199547642842], "median": [-0.678539156914, -0.674169242382, -0.749591886997, -0.771012067795, -0.780525445938, -0.791299760342]}, "spectral_contrast_valleys": {"dmean": [0.426233828068, 0.45826497674, 0.431532382965, 0.399296045303, 0.380578994751, 0.480527848005], "dmean2": [0.684788703918, 0.72199600935, 0.675661325455, 0.608193993568, 0.538993775845, 0.615055680275], "max": [-5.08699846268, -4.77145814896, -5.53209495544, -5.89376878738, -5.29933404922, -6.97287607193], "dvar": [0.225861057639, 0.270541161299, 0.23862361908, 0.220604375005, 0.224074557424, 0.294850438833], "mean": [-7.57224369049, -7.97195100784, -8.66238307953, -8.93403911591, -8.15124797821, -9.67098808289], "dvar2": [0.447883218527, 0.580500781536, 0.507930755615, 0.455123960972, 0.437509775162, 0.575128853321], "min": [-28.2771987915, -28.2669868469, -27.8516674042, -27.7290821075, -27.4656105042, -27.3703022003], "var": [5.81387472153, 5.7617020607, 5.55999803543, 5.51543092728, 5.73934268951, 5.20895051956], "median": [-7.032558918, -7.62879085541, -8.23589324951, -8.52822113037, -7.74341869354, -9.28087043762]}, "silence_rate_20dB": {"dmean": 0, "dmean2": 0, "max": 1, "dvar": 0, "mean": 1, "dvar2": 0, "min": 1, "var": 0, "median": 1}, "silence_rate_30dB": {"dmean": 0.000213106017327, "dmean2": 0.000426257465733, "max": 1, "dvar": 0.000213052495383, "mean": 0.9998934865, "dvar2": 0.000639172038063, "min": 0, "var": 0.000106528277684, "median": 1}, "spectral_strongpeak": {"dmean": 0.553208172321, "dmean2": 0.960232853889, "max": 25.7162494659, "dvar": 1.91037034988, "mean": 0.953222095966, "dvar2": 5.1574716568, "min": 0, "var": 2.73673462868, "median": 0.383937180042}, "spectral_spread": {"dmean": 1122239.125, "dmean2": 1496285.25, "max": 43058392, "dvar": 1442206711810.0, "mean": 7947555.5, "dvar2": 2671308177410.0, "min": 2251852, "var": 16542014111700.0, "median": 7264816.5}, "barkbands_flatness_db": {"dmean": 0.029891455546, "dmean2": 0.0429183207452, "max": 0.524918913841, "dvar": 0.000992582761683, "mean": 0.139389187098, "dvar2": 0.0020362532232, "min": 0.0242962371558, "var": 0.00512256426737, "median": 0.122472114861}, "pitch_salience": {"dmean": 0.0828049555421, "dmean2": 0.125744327903, "max": 0.891747713089, "dvar": 0.00698150554672, "mean": 0.489305734634, "dvar2": 0.0147448843345, "min": 0.015476453118, "var": 0.0193288382143, "median": 0.484661579132}, "erbbands_kurtosis": {"dmean": 1.66733717918, "dmean2": 2.50909352303, "max": 92.422416687, "dvar": 15.3994836807, "mean": 1.2701086998, "dvar2": 30.2704811096, "min": -1.90401852131, "var": 33.5470657349, "median": -0.193816661835}, "average_loudness": 0.908198416233, "barkbands_crest": {"dmean": 3.28010320663, "dmean2": 5.18186092377, "max": 26.1571826935, "dvar": 9.52330970764, "mean": 11.8552103043, "dvar2": 21.9093360901, "min": 2.40428161621, "var": 28.2186336517, "median": 10.806804657}, "hfc": {"dmean": 18.1988697052, "dmean2": 26.3879985809, "max": 355.98046875, "dvar": 1175.15441895, "mean": 34.0402145386, "dvar2": 2633.92871094, "min": 1.07284789435e-16, "var": 1887.06665039, "median": 19.9085502625}, "barkbands_kurtosis": {"dmean": 9.51255226135, "dmean2": 14.3848543167, "max": 1386.48022461, "dvar": 1463.82739258, "mean": 11.7491226196, "dvar2": 3209.22485352, "min": -1.96760451794, "var": 2207.73779297, "median": 2.40807080269}, "erbbands": {"dmean": [0.230001881719, 1.27741611004, 1.14663982391, 2.32141661644, 3.27890348434, 7.41684293747, 11.7484149933, 13.5738286972, 10.0132570267, 6.74013805389, 5.59004259109, 6.40303277969, 9.14892578125, 13.634349823, 7.70377111435, 9.96803283691, 6.71349954605, 5.39794015884, 10.2768249512, 7.7742099762, 12.3580226898, 8.4205121994, 9.13391971588, 8.09430503845, 10.5371704102, 10.9159183502, 16.5356674194, 16.9169578552, 11.9424686432, 11.8314437866, 14.9916219711, 7.5373468399, 5.84432554245, 3.65274167061, 2.10666227341, 1.11188435555, 0.418109714985, 0.100232437253, 0.0100065330043, 0.000182466916158], "dmean2": [0.329327642918, 2.06844902039, 1.83470952511, 3.83438944817, 5.68804073334, 12.4009752274, 18.131603241, 21.0374031067, 15.4913482666, 10.7991743088, 8.84016132355, 9.82894420624, 14.2542476654, 21.1036949158, 11.4783401489, 15.6590709686, 10.201169014, 8.44043445587, 16.1055469513, 12.8833580017, 20.3089542389, 12.5702180862, 14.4746408463, 12.4121904373, 16.5743427277, 16.6015377045, 26.0157489777, 26.8404197693, 18.6118240356, 18.5304260254, 22.9679355621, 11.2510414124, 8.66721820831, 5.3504858017, 3.05338215828, 1.6473493576, 0.617825746536, 0.151804000139, 0.0160010065883, 0.000283259199932], "max": [4.06838178635, 22.1363964081, 35.4915657043, 83.1153869629, 97.7323226929, 306.685089111, 502.030151367, 672.409851074, 613.025817871, 448.389526367, 328.291900635, 577.531555176, 1095.82641602, 1362.43969727, 1094.03173828, 1347.4329834, 1986.24755859, 1408.41833496, 1276.44091797, 1316.30664062, 1631.48571777, 1503.63439941, 941.284484863, 997.61505127, 1173.54919434, 482.279205322, 527.504516602, 566.272277832, 433.297668457, 290.879425049, 352.992492676, 392.80166626, 466.097015381, 167.310470581, 80.075920105, 60.6311912537, 7.24983119965, 6.24249219894, 0.309694558382, 0.00556111056358], "dvar": [0.145955726504, 5.08365726471, 5.39465284348, 35.3470001221, 73.2572555542, 249.757003784, 574.239257812, 1076.67321777, 586.198974609, 299.91229248, 248.557617188, 321.923614502, 1263.93371582, 1215.06567383, 687.241882324, 924.402526855, 621.589172363, 356.191558838, 1337.78845215, 760.413024902, 1716.11950684, 836.374755859, 668.868713379, 670.764343262, 676.61730957, 738.551330566, 2729.78833008, 3078.97485352, 1297.81848145, 935.829406738, 1186.21862793, 269.263519287, 196.366531372, 51.3640365601, 13.3808326721, 4.44988107681, 0.421315938234, 0.0638868361712, 0.00049743661657, 1.40748781519e-07], "mean": [0.359684467316, 1.89090943336, 1.89538919926, 3.89769077301, 4.0849146843, 10.9837007523, 21.1524524689, 23.2100849152, 16.8624706268, 11.1353940964, 8.82347297668, 10.6388921738, 14.4088068008, 24.6605644226, 15.6970119476, 19.0305404663, 12.1421203613, 9.77495574951, 16.1328792572, 11.4012756348, 22.4511795044, 17.0422096252, 16.5278511047, 15.8903217316, 18.9192371368, 17.7866859436, 20.831155777, 18.4720897675, 12.5164070129, 13.2118635178, 16.7435417175, 11.592300415, 8.93474197388, 5.66495418549, 3.23731231689, 1.36625778675, 0.481676906347, 0.103424817324, 0.00940338987857, 0.000209485951927], "dvar2": [0.280510932207, 12.6923656464, 12.4883241653, 88.7512435913, 199.521911621, 671.79510498, 1311.39770508, 2576.2902832, 1305.25061035, 734.010742188, 620.952941895, 749.735961914, 2976.77099609, 2582.37597656, 1419.20166016, 2249.31591797, 1130.96350098, 832.201538086, 3000.29101562, 1985.29516602, 4356.22607422, 1444.75244141, 1619.3560791, 1559.17358398, 1594.94238281, 1634.83654785, 6872.88232422, 7737.32128906, 3188.22192383, 2237.35522461, 2745.9597168, 516.349182129, 405.651977539, 110.966156006, 27.0713844299, 10.0249624252, 0.886100411415, 0.15935395658, 0.00131240661722, 3.61076331501e-07], "min": [6.69164073955e-23, 5.88886357065e-22, 1.07357360439e-21, 2.06535346532e-21, 1.04967991887e-20, 1.69995325558e-20, 4.15286252714e-20, 6.12297636352e-20, 1.25589074645e-19, 1.60899140248e-19, 1.97840354321e-19, 3.7178919931e-19, 4.47492355381e-19, 7.67001206737e-19, 8.93850956334e-19, 1.10902917139e-18, 1.90320507071e-18, 1.54469920296e-18, 1.99055265506e-18, 3.80501261977e-18, 3.36242591071e-18, 3.2203280688e-18, 4.36998690431e-18, 3.93595406997e-18, 7.34739704942e-18, 8.61482055476e-18, 8.1205015566e-18, 9.00321163086e-18, 1.06034107238e-17, 1.14751689268e-17, 9.86709755591e-18, 1.05831348726e-17, 9.61376025843e-18, 7.49490816805e-18, 6.12589902527e-18, 4.62602949599e-18, 2.30267499034e-18, 1.02340450086e-18, 2.49333226332e-19, 2.7754261846e-20], "var": [0.336936622858, 8.27403640747, 6.92962026596, 37.9143028259, 61.98046875, 358.203918457, 1594.81164551, 2494.08959961, 1553.77246094, 573.977539062, 477.466430664, 790.773742676, 2280.30395508, 4251.72363281, 2555.72021484, 2727.36303711, 2157.34082031, 1070.40307617, 2387.51049805, 842.684265137, 3907.02929688, 3876.83496094, 1744.18334961, 1696.43151855, 1306.32263184, 1119.24450684, 2657.19116211, 2728.87646484, 1221.0715332, 1012.41436768, 1413.5324707, 667.105224609, 480.81451416, 116.874305725, 39.0112075806, 7.63639307022, 0.609771370888, 0.071101218462, 0.000477238703752, 1.51078680233e-07], "median": [0.130004763603, 0.976573050022, 1.17921495438, 1.87902617455, 1.54663336277, 3.19921779633, 5.03370904922, 5.16629219055, 4.35373687744, 3.31959724426, 1.84728550911, 2.25467300415, 2.3918390274, 4.18329811096, 2.23535442352, 2.09430837631, 1.91201496124, 1.57312011719, 3.48263835907, 3.56960439682, 3.16655015945, 3.6526350975, 4.4687166214, 4.46676063538, 7.3680562973, 6.25474262238, 6.28622341156, 5.42178106308, 3.0385184288, 3.30326294899, 3.28682661057, 3.07606196404, 2.97817730904, 2.09190034866, 1.06891512871, 0.387359887362, 0.114792041481, 0.0201236046851, 0.00132572557777, 7.13898480171e-05]}, "spectral_energy": {"dmean": 0.0100191757083, "dmean2": 0.0159117877483, "max": 0.118122711778, "dvar": 0.00018604361685, "mean": 0.0273028872907, "dvar2": 0.000432046683272, "min": 9.99919269688e-21, "var": 0.000437729817349, "median": 0.0227716695517}, "zerocrossingrate": {"dmean": 0.0253930706531, "dmean2": 0.0273814741522, "max": 0.53173828125, "dvar": 0.000601972278673, "mean": 0.106203302741, "dvar2": 0.000690719811246, "min": 0.001953125, "var": 0.006594682578, "median": 0.0869140625}, "spectral_energyband_high": {"dmean": 0.00206024432555, "dmean2": 0.00300115300342, "max": 0.0423292331398, "dvar": 1