{"tonal": {"chords_number_rate": 0.00138376385439, "thpcp": [1, 0.730021893978, 0.599192559719, 0.693650186062, 0.450660288334, 0.255344003439, 0.23683963716, 0.241718441248, 0.382162481546, 0.490004956722, 0.330075204372, 0.203293219209, 0.201735541224, 0.20815962553, 0.296923458576, 0.355435937643, 0.276673197746, 0.212884292006, 0.19140380621, 0.18235757947, 0.282785713673, 0.410446017981, 0.358206659555, 0.517597675323, 0.854726493359, 0.665395796299, 0.292027235031, 0.1822078228, 0.164149925113, 0.200712427497, 0.242040514946, 0.203597575426, 0.165850251913, 0.166442856193, 0.206972017884, 0.613160252571], "hpcp": {"dvar": [0.0272702462971, 0.0237424038351, 0.0222492385656, 0.0246175415814, 0.0285858251154, 0.0294198058546, 0.0295187812299, 0.0281524378806, 0.0226808134466, 0.022270321846, 0.0242202244699, 0.0245943199843, 0.0285654105246, 0.0292621236295, 0.0337040945888, 0.0443248264492, 0.0389994382858, 0.0252862516791, 0.0177760664374, 0.0179291795939, 0.0192031059414, 0.0211081635207, 0.0201565977186, 0.0217514019459, 0.0230589285493, 0.0274847391993, 0.0384490899742, 0.0517186746001, 0.0493701919913, 0.0511195808649, 0.0538136214018, 0.0538980588317, 0.0365365445614, 0.025462962687, 0.0287262182683, 0.0284126959741], "mean": [0.208987101912, 0.14077706635, 0.0867045521736, 0.0860401988029, 0.0887800753117, 0.126637846231, 0.151593416929, 0.118001110852, 0.0907951444387, 0.0816337168217, 0.0777755007148, 0.120608098805, 0.175055205822, 0.152775123715, 0.220755383372, 0.364540815353, 0.283791273832, 0.124549604952, 0.0777116268873, 0.0700099393725, 0.0856038406491, 0.103230267763, 0.0868343561888, 0.0707351267338, 0.0709878727794, 0.0882735550404, 0.261512815952, 0.426499962807, 0.31135430932, 0.255555599928, 0.295841783285, 0.192206591368, 0.108904212713, 0.101012095809, 0.103092908859, 0.162992283702], "min": [0, 0, 0, 0, 0, 0, 0, 0, 0, 0, 0, 0, 0, 0, 0, 0, 0, 0, 0, 0, 0, 0, 0, 0, 0, 0, 0, 0, 0, 0, 0, 0, 0, 0, 0, 0], "median": [0.0896185785532, 0.0687641203403, 0.0409166105092, 0.0377998277545, 0.0355002135038, 0.0494521073997, 0.0577982738614, 0.0535073764622, 0.0386288538575, 0.0322453379631, 0.0288539007306, 0.0600918419659, 0.0834038183093, 0.0788910910487, 0.125737965107, 0.201565638185, 0.167354285717, 0.0623876415193, 0.0329602211714, 0.0253008790314, 0.0322069525719, 0.0329182595015, 0.0303294099867, 0.0286622792482, 0.026655305177, 0.0301822144538, 0.162490293384, 0.276709765196, 0.197376132011, 0.113075762987, 0.0775004923344, 0.0608996078372, 0.0395620986819, 0.0412944927812, 0.0459398552775, 0.0702197998762], "dvar2": [0.0716281458735, 0.0683386474848, 0.0631704255939, 0.0695902407169, 0.0804194584489, 0.0813836604357, 0.0787770152092, 0.0774963572621, 0.062070377171, 0.0627164021134, 0.0671288445592, 0.0690683498979, 0.0773970782757, 0.0809258744121, 0.0935641229153, 0.110600113869, 0.10601940006, 0.0720427110791, 0.0495731644332, 0.0501503236592, 0.0531966872513, 0.0562712289393, 0.0544863753021, 0.0601225197315, 0.0627794116735, 0.0754302218556, 0.107289843261, 0.129267632961, 0.137718766928, 0.146056607366, 0.139173492789, 0.155040502548, 0.100862160325, 0.0709575116634, 0.0815572589636, 0.081516854465], "var": [0.0742329135537, 0.0333141349256, 0.0194197352976, 0.0207290314138, 0.0256654843688, 0.0389648005366, 0.0546667128801, 0.0315802283585, 0.0218141898513, 0.0194094851613, 0.0205117594451, 0.0268946811557, 0.0516430437565, 0.0367229357362, 0.0543150939047, 0.133184999228, 0.0817521065474, 0.0277470201254, 0.0166121274233, 0.0160585399717, 0.0198821462691, 0.0307883918285, 0.0234867054969, 0.0176420770586, 0.0198559630662, 0.0264806523919, 0.0697465986013, 0.148664489388, 0.0914676561952, 0.0846466869116, 0.139573931694, 0.0671744197607, 0.0326005071402, 0.0258412286639, 0.0261202529073, 0.0492746420205], "dmean2": [0.183275565505, 0.16659425199, 0.133803665638, 0.139555826783, 0.151668012142, 0.168867230415, 0.172863334417, 0.166004657745, 0.140921771526, 0.13262476027, 0.136856436729, 0.16579772532, 0.194171518087, 0.205892473459, 0.247782871127, 0.262702047825, 0.272208988667, 0.181946590543, 0.119945816696, 0.112122200429, 0.127344951034, 0.132715880871, 0.124087646604, 0.123487114906, 0.123911842704, 0.158630296588, 0.278080821037, 0.300670206547, 0.342376023531, 0.325137287378, 0.263241052628, 0.278893977404, 0.193079575896, 0.155530840158, 0.165313690901, 0.185928061604], "max": [1, 1, 1, 1, 1, 1, 1, 1, 1, 1, 1, 1, 1, 1, 1, 1, 1, 1, 1, 1, 1, 1, 1, 1, 1, 1, 1, 1, 1, 1, 1, 1, 1, 1, 1, 1], "dmean": [0.107952080667, 0.0956149548292, 0.074887059629, 0.0777799263597, 0.0852964743972, 0.097014002502, 0.10016027838, 0.0954461544752, 0.0799189805984, 0.0744398087263, 0.0754511505365, 0.0942660942674, 0.112900212407, 0.117860645056, 0.144134238362, 0.155119732022, 0.160385280848, 0.104552067816, 0.0674745962024, 0.0626560077071, 0.0717786550522, 0.0762671232224, 0.0706905424595, 0.0690022557974, 0.0690898373723, 0.0890760272741, 0.163398712873, 0.175066262484, 0.195982351899, 0.184714362025, 0.148428559303, 0.15548171103, 0.107709981501, 0.0880060791969, 0.092508494854, 0.106774307787]}, "key_strength": 0.74953687191, "chords_strength": {"dvar": 0.000327118526911, "mean": 0.536505162716, "min": -1, "median": 0.541208148003, "dvar2": 0.000596012338065, "var": 0.007080742158, "dmean2": 0.00723627721891, "max": 0.751180529594, "dmean": 0.00757307792082}, "tuning_equal_tempered_deviation": 0.0169660057873, "chords_key": "D", "tuning_frequency": 441.272583008, "chords_scale": "major", "chords_changes_rate": 0.0513530150056, "key_scale": "major", "tuning_diatonic_strength": 0.553088366985, "hpcp_entropy": {"dvar": 0.340891420841, "mean": 1.9468678236, "min": 0, "median": 1.9389051199, "dvar2": 0.910251677036, "var": 0.74723058939, "dmean2": 1.15336692333, "max": 4.48508930206, "dmean": 0.693902015686}, "chords_histogram": [20.2029514313, 19.7263221741, 21.9557189941, 10.5781059265, 4.12054109573, 0.0461254604161, 0, 0, 1.98339486122, 0, 12.2232475281, 0, 0, 0, 0, 0, 0, 4.78167295456, 0, 3.6900370121, 0.538130402565, 0.0461254604161, 0, 0.107626073062], "tuning_nontempered_energy_ratio": 0.679927706718, "key_key": "G"}, "metadata": {"version": {"extractor": "music 1.0", "essentia_build_sha": "cead25079874084f62182a551b7393616cd33d87", "essentia": "2.1-beta2", "essentia_git_sha": "v2.1_beta2-1-ge3940c0"}, "audio_properties": {"sample_rate": 44100, "length": 301.959991455, "lossless": true, "analysis_sample_rate": 44100, "downmix": "mix", "bit_rate": 0, "equal_loudness": 0, "md5_encoded": "a131053d517c4dc094edcf8c3ea50ee5", "codec": "flac", "replay_gain": -13.8915100098}, "tags": {"musicbrainz_albumid": ["b52bf855-f75e-4c93-8d3d-7c5551f1bb76"], "artist": ["Whipping Boy"], "date": ["1995-00-00"], "musicbrainz_artistid": ["0c5c0ff2-bcde-401d-9d88-c9cff190d673"], "file_name": "01-Twinkle.flac", "musicbrainz_recordingid": ["0a254c13-d912-4b96-8e90-7b0177695af3"], "tracknumber": ["1"], "album": ["Heartworm"], "title": ["Twinkle"]}}, "lowlevel": {"melbands": {"dvar": [1.44672287661e-06, 8.15952171251e-06, 5.85917575791e-07, 2.19864148221e-07, 3.8392908408e-08, 9.25847132294e-08, 2.95280440099e-08, 1.79447177118e-08, 3.0557266939e-08, 1.01294936883e-08, 1.61508371121e-08, 2.44537079475e-09, 5.19816634181e-09, 3.57691143371e-09, 1.39166589364e-09, 1.0222108715e-09, 1.9200561141e-09, 2.10189199379e-09, 5.99047644823e-10, 4.98481533828e-10, 1.07652720072e-09, 1.05407904627e-09, 4.97535401767e-10, 1.37282976653e-10, 1.66740454777e-10, 3.50730500198e-10, 1.99506258736e-10, 1.15659253008e-10, 4.79830307432e-11, 6.08846792427e-11, 6.19345130737e-11, 6.55657889093e-11, 5.8836137351e-11, 2.31004798623e-11, 1.56129085355e-11, 6.9680147069e-12, 3.66259973739e-12, 2.42146862457e-12, 1.0988618869e-12, 4.59771869014e-13], "mean": [0.000573111639824, 0.00164121040143, 0.00070844439324, 0.000261758832494, 0.000222407208639, 0.000368818058632, 0.000205770498724, 0.000121380813653, 0.000139962590765, 0.000124860060168, 0.00014816543262, 4.99025336467e-05, 4.58490503661e-05, 5.06484684593e-05, 3.56988239218e-05, 3.17311751132e-05, 4.73647851322e-05, 4.23457240686e-05, 2.71626031463e-05, 2.78185016214e-05, 4.13676716562e-05, 4.29118626926e-05, 3.07595255435e-05, 1.82601233973e-05, 1.9639821403e-05, 2.86182221316e-05, 2.383107676e-05, 1.80038605322e-05, 1.11454073703e-05, 1.08006152004e-05, 7.92298851593e-06, 7.44820590626e-06, 6.67489257467e-06, 5.59690488444e-06, 4.6701266001e-06, 3.5197631405e-06, 2.34389312936e-06, 1.93365690393e-06, 1.4720561694e-06, 1.00015063254e-06], "min": [1.71826605818e-24, 7.29381483221e-25, 2.04598846049e-24, 2.56851355524e-24, 1.8079918864e-24, 2.48909853349e-24, 1.96108060025e-24, 1.98385304243e-24, 2.87644087365e-24, 1.97953363454e-24, 2.36847105145e-24, 3.27556110434e-24, 2.45305607037e-24, 2.90622628928e-24, 3.27692543927e-24, 2.95132033963e-24, 3.34692580056e-24, 3.98420116639e-24, 3.70486196997e-24, 3.41745667081e-24, 3.7049905543e-24, 4.21328913428e-24, 3.08928205398e-24, 4.04802277463e-24, 3.39257718115e-24, 4.06157382726e-24, 6.27388572101e-24, 4.27124713941e-24, 5.61764495573e-24, 4.3585219768e-24, 5.73357989867e-24, 5.80654716582e-24, 5.36000101193e-24, 5.02552359369e-24, 5.57903613088e-24, 5.3840036827e-24, 6.47792814402e-24, 7.05862325028e-24, 6.19103915431e-24, 6.37980568032e-24], "median": [0.00031740081613, 0.0010197206866, 0.000473757565487, 0.000126234255731, 0.000129675623612, 0.000216014770558, 0.000132835353725, 6.35632386548e-05, 5.31803052581e-05, 7.38129820093e-05, 8.05421805126e-05, 2.17933993554e-05, 1.81952418643e-05, 2.52925128734e-05, 1.87636251212e-05, 1.86113502423e-05, 2.67620707746e-05, 2.07919329114e-05, 1.43264551298e-05, 1.43747947732e-05, 2.22848102567e-05, 1.99903624889e-05, 1.55626130436e-05, 1.1586803339e-05, 1.13155620056e-05, 1.61386906257e-05, 1.50326968651e-05, 1.23226936921e-05, 7.59963177188e-06, 6.45196541882e-06, 3.91174762626e-06, 3.80884989681e-06, 3.42794010066e-06, 3.17770172842e-06, 2.59670787273e-06, 2.0816205506e-06, 1.41738951243e-06, 1.0941914752e-06, 8.10504729998e-07, 5.74190607949e-07], "dvar2": [3.92568063035e-06, 2.32580168813e-05, 1.64230232258e-06, 5.95011727e-07, 9.90857316197e-08, 2.11321577126e-07, 7.4997245747e-08, 4.76291397433e-08, 7.04023861431e-08, 2.38434108013e-08, 3.87841936345e-08, 5.80707482101e-09, 1.25661117067e-08, 8.15140666077e-09, 3.4362068746e-09, 2.44575093511e-09, 4.99930052911e-09, 5.40415223682e-09, 1.58618762569e-09, 1.37285216528e-09, 3.0495170833e-09, 2.92634294574e-09, 1.40307299112e-09, 3.77324060885e-10, 4.64763533214e-10, 9.9507835305e-10, 5.51702128426e-10, 3.25705379334e-10, 1.2655179682e-10, 1.55609289343e-10, 1.45018955178e-10, 1.47267920081e-10, 1.32475960757e-10, 4.71325409257e-11, 3.28117498449e-11, 1.55419305897e-11, 7.98700341975e-12, 5.23882586617e-12, 2.43244400316e-12, 1.03342670792e-12], "var": [1.12588986667e-06, 6.12007261225e-06, 6.08429559179e-07, 1.98883427061e-07, 7.68836372345e-08, 2.53336196465e-07, 5.5456013115e-08, 3.02570803967e-08, 8.21833907594e-08, 2.90980377571e-08, 4.31592113159e-08, 6.92629109622e-09, 9.84055059661e-09, 8.6832061541e-09, 2.84351653335e-09, 2.04637573553e-09, 4.44207159944e-09, 4.7570760664e-09, 1.48649992315e-09, 1.48061318761e-09, 2.98220337314e-09, 3.93352994621e-09, 1.94427696165e-09, 4.60278731795e-10, 6.47521980479e-10, 1.34777322636e-09, 8.0014511683e-10, 4.10155409636e-10, 1.7052217971e-10, 2.13488407508e-10, 2.01574409942e-10, 2.32624738916e-10, 1.7270591901e-10, 8.68242006069e-11, 5.6455701225e-11, 2.42934544009e-11, 1.07454574752e-11, 7.39962605079e-12, 3.80394587357e-12, 1.61797181555e-12], "dmean2": [0.000793760991655, 0.00209356495179, 0.000789439713117, 0.000338437996106, 0.000207002769457, 0.000306887726765, 0.000179119713721, 0.000114274589578, 0.00012038431305, 9.5756346127e-05, 0.000118436379125, 3.79258308385e-05, 4.03169142373e-05, 4.26381448051e-05, 2.98646355077e-05, 2.58648069575e-05, 3.89912311221e-05, 3.50181908289e-05, 2.18322711589e-05, 2.09620975511e-05, 3.37105957442e-05, 3.05678659061e-05, 2.13403291127e-05, 1.31573797262e-05, 1.32132290673e-05, 1.92260431504e-05, 1.51335725604e-05, 1.19374490168e-05, 7.01300314176e-06, 7.06250921212e-06, 5.27868087374e-06, 5.04811669089e-06, 4.50204515801e-06, 3.49139713762e-06, 2.91567221211e-06, 2.23336564886e-06, 1.45141336816e-06, 1.22210428799e-06, 9.21147147892e-07, 6.10707047599e-07], "max": [0.0116056296974, 0.0276776999235, 0.00915341358632, 0.00579406972975, 0.00391875393689, 0.00758445821702, 0.00391395902261, 0.00274352938868, 0.0040568895638, 0.00250692293048, 0.00232791737653, 0.00165786047, 0.00262777647004, 0.00205387128517, 0.00129366246983, 0.00104120210744, 0.000918028003071, 0.00105630164035, 0.000644265208393, 0.000642618339043, 0.000598225800786, 0.000739377108403, 0.000415525690187, 0.00020633310487, 0.000290813681204, 0.000384671438951, 0.000301950989524, 0.000221765469178, 0.000150240230141, 0.000264346512267, 0.000290605879854, 0.000241997244302, 0.000398027303163, 0.000180685223313, 0.000106376719486, 6.03778971708e-05, 5.39571628906e-05, 4.32795750385e-05, 2.69338470389e-05, 1.86959405255e-05], "dmean": [0.00046001872397, 0.00118940731045, 0.00045992640662, 0.000200504990062, 0.000126881874166, 0.00019545579562, 0.000110580935143, 6.94966656738e-05, 7.73225619923e-05, 6.3763858634e-05, 7.76907254476e-05, 2.4257122277e-05, 2.54554797721e-05, 2.74120829999e-05, 1.85251428775e-05, 1.64140401466e-05, 2.41162852035e-05, 2.16110638576e-05, 1.32156756081e-05, 1.25882543216e-05, 1.99405149033e-05, 1.8126122086e-05, 1.26594386529e-05, 7.82798088039e-06, 7.80453592597e-06, 1.13632786451e-05, 9.0000576165e-06, 7.04269541529e-06, 4.18155013904e-06, 4.27797021985e-06, 3.30402076543e-06, 3.17126205118e-06, 2.84818702312e-06, 2.24710879593e-06, 1.87184480183e-06, 1.41706107115e-06, 9.47727187395e-07, 7.92696425833e-07, 6.02652278303e-07, 3.99876824986e-07]}, "spectral_decrease": {"dvar": 9.11815830314e-18, "mean": -4.59516646956e-09, "min": -2.95919093674e-08, "median": -4.12054879106e-09, "dvar2": 2.53879745986e-17, "var": 1.21161826163e-17, "dmean2": 2.73730971223e-09, "max": 9.12504765056e-29, "dmean": 1.61065327742e-09}, "spectral_rolloff": {"dvar": 563715.5, "mean": 2251.73876953, "min": 21.533203125, "median": 1981.0546875, "dvar2": 1303872.375, "var": 3388019, "dmean2": 830.14050293, "max": 19293.75, "dmean": 507.355926514}, "melbands_crest": {"dvar": 8.24013805389, "mean": 13.3148479462, "min": 1.66678988934, "median": 12.7567138672, "dvar2": 21.9410800934, "var": 22.9973640442, "dmean2": 4.9569606781, "max": 39.8119773865, "dmean": 3.04196977615}, "barkbands_skewness": {"dvar": 0.322034657001, "mean": 1.11710309982, "min": -2.15052032471, "median": 1.01436269283, "dvar2": 0.808301568031, "var": 1.0399698019, "dmean2": 0.662048637867, "max": 21.2197265625, "dmean": 0.41371396184}, "spectral_centroid": {"dvar": 62493.5273438, "mean": 1814.39453125, "min": 165.92086792, "median": 1854.4642334, "dvar2": 146487.34375, "var": 1004598.8125, "dmean2": 339.461517334, "max": 11613.4238281, "dmean": 212.38961792}, "spectral_energyband_middle_low": {"dvar": 1.26537170217e-05, "mean": 0.00696870870888, "min": 1.57392454959e-22, "median": 0.00588458310813, "dvar2": 3.3521973819e-05, "var": 2.61718014372e-05, "dmean2": 0.00396369909868, "max": 0.0403549447656, "dmean": 0.00246346276253}, "erbbands_crest": {"dvar": 3.75940513611, "mean": 7.60811138153, "min": 2.23610830307, "median": 6.27809667587, "dvar2": 9.36490058899, "var": 16.8335189819, "dmean2": 3.11815357208, "max": 31.1812286377, "dmean": 1.93599116802}, "dynamic_complexity": 3.55243206024, "spectral_energyband_low": {"dvar": 0.0001240533893, "mean": 0.00685230223462, "min": 2.23867175978e-23, "median": 0.0046408129856, "dvar2": 0.000347565364791, "var": 9.54226561589e-05, "dmean2": 0.00819757580757, "max": 0.102482795715, "dmean": 0.00471867108718}, "silence_rate_60dB": {"dvar": 0.0128982979804, "mean": 0.114101186395, "min": 0, "median": 0, "dvar2": 0.0299246758223, "var": 0.101065404713, "dmean2": 0.0261458009481, "max": 1, "dmean": 0.013071895577}, "erbbands_kurtosis": {"dvar": 2.17369842529, "mean": 0.362794399261, "min": -1.69658589363, "median": -0.294649481773, "dvar2": 4.72070121765, "var": 9.09136009216, "dmean2": 1.12820029259, "max": 110.187904358, "dmean": 0.715189218521}, "spectral_complexity": {"dvar": 10.4655818939, "mean": 26.1855297089, "min": 0, "median": 27, "dvar2": 25.0260448456, "var": 260.718170166, "dmean2": 5.12365436554, "max": 63, "dmean": 3.14540553093}, "barkbands_crest": {"dvar": 3.53822469711, "mean": 7.4970164299, "min": 2.17357683182, "median": 6.83519077301, "dvar2": 9.16921520233, "var": 10.9560003281, "dmean2": 3.11643981934, "max": 26.8555431366, "dmean": 1.92202818394}, "spectral_energy": {"dvar": 0.000133612717036, "mean": 0.0195730365813, "min": 1.01295592695e-20, "median": 0.0177473910153, "dvar2": 0.000371571921278, "var": 0.000206277967663, "dmean2": 0.0106546133757, "max": 0.114572033286, "dmean": 0.0062913550064}, "spectral_spread": {"dvar": 245210562560, "mean": 4751235.5, "min": 404396.78125, "median": 4659585, "dvar2": 508173254656, "var": 6330737754110.0, "dmean2": 554980.25, "max": 42303048, "dmean": 364123.6875}, "spectral_contrast_valleys": {"dvar": [0.12408977747, 0.0980418175459, 0.0684005841613, 0.0504419580102, 0.0453060381114, 0.0422896929085], "mean": [-7.52346515656, -7.02009010315, -7.56557512283, -7.79384851456, -7.41045999527, -10.0187807083], "min": [-28.0126247406, -28.1754627228, -27.9728450775, -27.5582942963, -27.6374378204, -27.4131717682], "median": [-7.36460399628, -6.72651433945, -7.18581581116, -7.31237649918, -6.67224359512, -9.3362159729], "dvar2": [0.313569098711, 0.245398581028, 0.16285777092, 0.112266547978, 0.0995430275798, 0.0777018666267], "var": [1.96617567539, 2.35889148712, 2.64927053452, 3.07563972473, 3.93015217781, 3.87998175621], "dmean2": [0.635787308216, 0.55140119791, 0.45496815443, 0.365592449903, 0.284836262465, 0.242438286543], "max": [-5.60628652573, -4.82862663269, -5.66572332382, -5.89651155472, -5.36011457443, -7.67341566086], "dmean": [0.388462513685, 0.333906888962, 0.27622538805, 0.224032342434, 0.173797562718, 0.169842094183]}, "spectral_rms": {"dvar": 8.01729868272e-07, "mean": 0.00404693000019, "min": 3.14364376544e-12, "median": 0.00416107289493, "dvar2": 2.17845195039e-06, "var": 2.71811836683e-06, "dmean2": 0.000981470453553, "max": 0.010572492145, "dmean": 0.00059860147303}, "barkbands_spread": {"dvar": 37.6558494568, "mean": 32.2975463867, "min": 0.646224975586, "median": 33.0129470825, "dvar2": 92.3489227295, "var": 269.855804443, "dmean2": 8.57744216919, "max": 99.8729476929, "dmean": 5.39997959137}, "pitch_salience": {"dvar": 0.00382393505424, "mean": 0.564226508141, "min": 0.0147343082353, "median": 0.568246126175, "dvar2": 0.00995167996734, "var": 0.0116467885673, "dmean2": 0.100988097489, "max": 0.875249683857, "dmean": 0.0616725683212}, "erbbands_skewness": {"dvar": 0.0614569783211, "mean": 0.0107167642564, "min": -2.93712925911, "median": -0.0715861618519, "dvar2": 0.137485578656, "var": 0.652842700481, "dmean2": 0.403964787722, "max": 7.07025289536, "dmean": 0.263228178024}, "spectral_energyband_middle_high": {"dvar": 1.89010029317e-06, "mean": 0.00499844131991, "min": 1.12642955696e-21, "median": 0.00370069057681, "dvar2": 4.9118084462e-06, "var": 2.46457602771e-05, "dmean2": 0.00160360371228, "max": 0.0321821309626, "dmean": 0.000997721916065}, "erbbands": {"dvar": [0.00923878792673, 2.30222082138, 38.62317276, 23.7640457153, 35.0445213318, 32.1194877625, 41.2976799011, 215.791702271, 133.613327026, 145.415237427, 529.489379883, 163.717590332, 641.32409668, 135.297225952, 316.880767822, 495.359832764, 207.338165283, 412.463928223, 504.615325928, 144.306732178, 643.997314453, 789.784301758, 196.591842651, 188.686767578, 487.826385498, 201.368988037, 99.9144287109, 145.817871094, 170.106460571, 82.1508178711, 33.2989807129, 9.73037624359, 3.67226600647, 0.694973707199, 0.217103868723, 0.0685578659177, 0.00598948355764, 0.000422583514592, 9.78691878117e-06, 1.71813905325e-08], "mean": [0.0398425869644, 0.814842224121, 3.5508544445, 4.09278249741, 3.92986798286, 3.46104311943, 7.23680257797, 17.0016670227, 13.7192640305, 10.366350174, 18.7006492615, 16.8215408325, 29.6348228455, 13.060049057, 13.8778533936, 18.6111946106, 13.8121194839, 24.5967159271, 24.7564411163, 18.7273864746, 34.2047119141, 40.6130828857, 25.3764801025, 25.2289924622, 37.8544158936, 28.3114299774, 18.0773258209, 15.2349748611, 13.0420093536, 10.5766868591, 7.73314476013, 4.36731433868, 2.63913297653, 1.33902728558, 0.618313729763, 0.243075504899, 0.0733184441924, 0.0161170046777, 0.0020411987789, 0.00011432672909], "min": [8.33574929724e-23, 9.22304464487e-22, 1.68654432666e-21, 1.11142095444e-20, 1.2506516074e-20, 3.68584087694e-20, 4.84189040647e-20, 9.39126971506e-20, 1.35331775921e-19, 1.78199377191e-19, 3.99933864556e-19, 3.72515282942e-19, 5.04479567815e-19, 9.79438507135e-19, 8.92052665683e-19, 1.66745838933e-18, 1.65735334418e-18, 1.68916960567e-18, 3.03486156096e-18, 2.96968034908e-18, 3.44886793908e-18, 4.3661901453e-18, 4.94852819167e-18, 4.72810771948e-18, 7.16450824316e-18, 8.3606461505e-18, 8.91207700687e-18, 1.07049165383e-17, 1.12433027564e-17, 1.13059616878e-17, 1.10623065394e-17, 1.20450144779e-17, 1.09822437279e-17, 8.91725184878e-18, 6.66812749733e-18, 3.86815958773e-18, 2.31143731457e-18, 1.00840027173e-18, 2.6923601905e-19, 2.95280925085e-20], "median": [0.0172399692237, 0.509144663811, 2.12523078918, 2.60024356842, 2.11350727081, 1.74736166, 4.23049640656, 9.47822666168, 8.7664604187, 5.67997169495, 7.15752315521, 10.3533782959, 16.2331581116, 6.32339763641, 6.61928939819, 9.20783042908, 8.22245788574, 14.6218833923, 13.2538795471, 10.356590271, 18.47240448, 19.5912017822, 15.3825130463, 15.555437088, 22.9253082275, 20.2561035156, 12.6437587738, 8.42017745972, 6.86446666718, 5.98117542267, 4.54091644287, 2.71192216873, 1.53054499626, 0.789952397346, 0.308949321508, 0.0932486578822, 0.0231686271727, 0.00402810471132, 0.000401050347136, 4.71103994641e-05], "dvar2": [0.024689251557, 6.44042444229, 110.92414856, 66.8651580811, 92.4270095825, 88.7291183472, 106.074966431, 488.583435059, 339.308105469, 388.341278076, 1223.71728516, 389.092163086, 1542.28161621, 322.673858643, 772.952575684, 1167.78869629, 499.757110596, 1070.58972168, 1292.50878906, 386.512908936, 1824.36254883, 2194.95361328, 538.026916504, 523.614013672, 1375.63720703, 562.58807373, 250.34046936, 325.775634766, 368.846435547, 163.04196167, 66.5536193848, 20.0328121185, 7.66810941696, 1.48574733734, 0.464632064104, 0.165486603975, 0.0136028667912, 0.000933399191126, 2.08720048249e-05, 3.51839766211e-08], "var": [0.0072404211387, 1.76263475418, 29.0419979095, 23.9972553253, 35.2019615173, 31.6071147919, 85.3853225708, 596.086914062, 253.298248291, 216.823547363, 1416.20080566, 491.446380615, 1717.21594238, 411.334869385, 666.917785645, 1079.06970215, 415.976501465, 1031.09973145, 1294.99072266, 553.775024414, 2015.12609863, 3415.41601562, 997.606628418, 952.889770508, 2117.65673828, 938.737731934, 452.44833374, 576.875244141, 654.790405273, 332.289031982, 138.125442505, 35.1085739136, 12.7864427567, 2.80036830902, 0.772013962269, 0.160958424211, 0.0144870039076, 0.000861462613102, 1.81707182492e-05, 3.65966457139e-08], "dmean2": [0.0623074024916, 1.03435611725, 4.72814893723, 4.80687570572, 4.65832948685, 4.34320259094, 6.62915420532, 14.2728366852, 12.0401124954, 9.68513584137, 16.1735134125, 12.190990448, 23.5152721405, 9.22218418121, 11.0144367218, 15.4618358612, 10.3956546783, 19.0592956543, 18.5309028625, 11.8191280365, 25.5499420166, 26.3114109039, 15.1390724182, 14.5705194473, 23.0331077576, 16.1409549713, 9.69773578644, 8.81669616699, 7.89131593704, 6.01094436646, 4.32769012451, 2.38590741158, 1.49497520924, 0.735755681992, 0.388228774071, 0.192938968539, 0.0581640787423, 0.0142315085977, 0.0018864000449, 8.03602451924e-05], "max": [0.851145505905, 15.9282255173, 61.3944854736, 60.1316261292, 73.7778701782, 80.8387451172, 141.823867798, 366.061279297, 230.067718506, 276.62487793, 521.037353516, 342.939086914, 481.756896973, 373.938415527, 658.609191895, 703.550231934, 448.350708008, 407.600708008, 488.905517578, 253.311340332, 448.509338379, 691.211791992, 281.058197021, 336.295227051, 515.468566895, 254.196426392, 207.727035522, 397.532592773, 507.595001221, 359.753570557, 151.606307983, 93.5988388062, 51.8538093567, 23.6154842377, 16.4599838257, 7.42138814926, 1.93754947186, 0.308385968208, 0.0538978278637, 0.00214033690281], "dmean": [0.0363767407835, 0.59606730938, 2.66749739647, 2.78404760361, 2.81912493706, 2.51816105843, 4.0910525322, 9.11732959747, 7.42854595184, 5.90253591537, 10.3434915543, 8.04979038239, 15.4136333466, 5.89366388321, 6.99624013901, 9.81814575195, 6.52307987213, 11.8356561661, 11.4172925949, 7.18517160416, 15.1545581818, 15.5871458054, 9.00709342957, 8.62609004974, 13.6569862366, 9.55618667603, 5.83652257919, 5.55469226837, 5.04429864883, 3.92644524574, 2.81805229187, 1.58460879326, 0.988242566586, 0.492652088404, 0.25885361433, 0.124032951891, 0.0384414792061, 0.00948301982135, 0.00126064021606, 5.49791147932e-05]}, "dissonance": {"dvar": 0.000444666133262, "mean": 0.467199206352, "min": 0.0677658468485, "median": 0.479681253433, "dvar2": 0.00125132803805, "var": 0.0012882942101, "dmean2": 0.0253723952919, "max": 0.499999940395, "dmean": 0.01505205594}, "erbbands_flatness_db": {"dvar": 0.000135908892844, "mean": 0.138750627637, "min": 0.0251604672521, "median": 0.124412477016, "dvar2": 0.000284989451757, "var": 0.00278557604179, "dmean2": 0.0175023302436, "max": 0.478752464056, "dmean": 0.0119509957731}, "melbands_kurtosis": {"dvar": 442.054443359, "mean": 8.52390956879, "min": -1.7750442028, "median": 5.39864063263, "dvar2": 1005.08166504, "var": 440.068054199, "dmean2": 8.35174179077, "max": 1701.15075684, "dmean": 4.98009443283}, "melbands_spread": {"dvar": 110.27381897, "mean": 35.5751533508, "min": 0.258587449789, "median": 30.2177848816, "dvar2": 258.917877197, "var": 634.665893555, "dmean2": 12.6888504028, "max": 181.318191528, "dmean": 8.06651592255}, "melbands_skewness": {"dvar": 0.764528691769, "mean": 2.28028655052, "min": -1.03293561935, "median": 2.11009263992, "dvar2": 1.95236933231, "var": 1.53455686569, "dmean2": 0.96820217371, "max": 36.431186676, "dmean": 0.603623092175}, "spectral_entropy": {"dvar": 0.00982217211276, "mean": 7.72640037537, "min": 4.36421537399, "median": 7.97122812271, "dvar2": 0.0213878005743, "var": 0.455551326275, "dmean2": 0.140311539173, "max": 9.83199310303, "dmean": 0.09188465029}, "zerocrossingrate": {"dvar": 0.000117696938105, "mean": 0.0827321708202, "min": 0.00048828125, "median": 0.08056640625, "dvar2": 0.000164283032063, "var": 0.00222173589282, "dmean2": 0.0115864668041, "max": 0.51318359375, "dmean": 0.00960327778012}, "average_loudness": 0.819193959236, "spectral_contrast_coeffs": {"dvar": [0.00136993872002, 0.00124968588352, 0.000861793407239, 0.000425866193837, 0.000218259752728, 0.000195519256522], "mean": [-0.645175457001, -0.716709375381, -0.765406727791, -0.792074918747, -0.796182096004, -0.757815122604], "min": [-0.9803622365, -0.973466455936, -0.978268325329, -0.969028532505, -0.966556549072, -0.966437458992], "median": [-0.646844983101, -0.72229552269, -0.770714879036, -0.792658507824, -0.796648740768, -0.752315878868], "dvar2": [0.003895588452, 0.0034035302233, 0.00221391580999, 0.00114703190047, 0.000595732766669, 0.000465790799353], "var": [0.00399011932313, 0.00524164689705, 0.00388592341915, 0.00198271730915, 0.00145752681419, 0.00222687306814], "dmean2": [0.0754402503371, 0.0712130889297, 0.0584201961756, 0.0433116331697, 0.0311016738415, 0.0242499355227], "max": [-0.357407361269, -0.444635599852, -0.522395431995, -0.606470108032, -0.647327363491, -0.59883660078], "dmean": [0.0446489788592, 0.0434043109417, 0.0365751758218, 0.026042830199, 0.018505891785, 0.0151169300079]}, "barkbands_flatness_db": {"dvar": 0.000293641613098, "mean": 0.106334708631, "min": 0.0178168620914, "median": 0.0816127583385, "dvar2": 0.000772488536313, "var": 0.0053386525251, "dmean2": 0.0234877280891, "max": 0.514427423477, "dmean": 0.0148086240515}, "silence_rate_30dB": {"dvar": 0, "mean": 1, "min": 1, "median": 1, "dvar2": 0, "var": 0, "dmean2": 0, "max": 1, "dmean": 0}, "spectral_energyband_high": {"dvar": 6.04710294283e-07, "mean": 0.00167323334608, "min": 7.26062387092e-21, "median": 0.00114705227315, "dvar2": 1.06516699816e-06, "var": 4.2919691623e-06, "dmean2": 0.000603261112701, "max": 0.0246260017157, "dmean": 0.000411411252571}, "melbands_flatness_db": {"dvar": 0.000583066197578, "mean": 0.165710687637, "min": 0.00373420375399, "median": 0.13919749856, "dvar2": 0.00150286313146, "var": 0.0092638861388, "dmean2": 0.0327005758882, "max": 0.655250012875, "dmean": 0.0206043180078}, "barkbands": {"dvar": [8.68456251357e-10, 2.98860959447e-05, 3.43224855897e-05, 1.16517901461e-06, 3.27868451677e-06, 1.86408396985e-06, 5.72005546928e-07, 8.60787736201e-07, 6.02178431564e-07, 3.58378400733e-07, 2.34284527778e-07, 2.3936343041e-07, 9.92514728182e-08, 2.76456404436e-07, 9.66373363553e-08, 1.69795711713e-07, 2.38571487898e-07, 5.92176014891e-08, 1.47406709061e-07, 9.15218407727e-08, 6.94633115472e-08, 1.20768078204e-07, 4.33063824801e-08, 1.50947805366e-08, 4.21210755164e-09, 2.21592189042e-09, 3.14739484475e-10], "mean": [1.8943052055e-05, 0.00287606404163, 0.0031851187814, 0.00115138024557, 0.00125953112729, 0.0018095956184, 0.000702995224856, 0.0007946768892, 0.000960379140452, 0.000556373561267, 0.000307943671942, 0.000438666524133, 0.000274221558357, 0.00057141733123, 0.000363473285688, 0.000525918556377, 0.000715554109775, 0.00040228528087, 0.000680552795529, 0.000596617755946, 0.000405359751312, 0.000356777716661, 0.000286270456854, 0.000173447275301, 0.000102716388938, 4.48285900347e-05, 1.17693680295e-05], "min": [3.76323038e-25, 7.16520545832e-24, 1.25453713327e-24, 2.62011669414e-24, 1.3429774732e-23, 1.17228185727e-23, 7.20098424468e-24, 1.95595158441e-23, 1.6381138459e-23, 1.73126143719e-23, 1.56417265108e-23, 3.50161661202e-23, 3.32266856438e-23, 4.18332464722e-23, 4.22601054189e-23, 6.47852965046e-23, 6.87545669006e-23, 8.93973465398e-23, 1.08457393524e-22, 1.61851008443e-22, 2.85097638052e-22, 3.34934386434e-22, 4.15278519101e-22, 6.13287478316e-22, 8.98360352446e-22, 1.24295287023e-21, 2.01410683949e-21], "median": [8.06406933407e-06, 0.0017610299401, 0.00188038486522, 0.000750272592995, 0.000703120371327, 0.00114428438246, 0.00041427652468, 0.000297888182104, 0.000546720111743, 0.000225163967116, 0.000112374087621, 0.000228909688303, 0.000150462248712, 0.000309599679895, 0.000198607216589, 0.000277390819974, 0.000345737702446, 0.000254305778071, 0.000395184499212, 0.000417232513428, 0.00025056663435, 0.000188182049897, 0.000170978339156, 0.000105949977296, 5.74058649363e-05, 1.50392024807e-05, 2.25507824325e-06], "dvar2": [1.8666737045e-09, 8.25301322038e-05, 9.83310383162e-05, 3.2190496313e-06, 8.76208832779e-06, 4.34938010585e-06, 1.48599303884e-06, 2.04752518584e-06, 1.39887868045e-06, 8.6588687509e-07, 5.61831825507e-07, 5.59273473755e-07, 2.37485465959e-07, 7.21136188986e-07, 2.48781020673e-07, 4.80140840864e-07, 6.69521966756e-07, 1.62509707025e-07, 4.13691651602e-07, 2.54052821447e-07, 1.59338156891e-07, 2.5528754577e-07, 8.48267163178e-08, 3.03496996423e-08, 8.71562999549e-09, 5.18169640529e-09, 6.7471267462e-10], "var": [1.16820830787e-09, 2.33909777307e-05, 2.55785289482e-05, 1.73489911504e-06, 3.3369499306e-06, 4.95622043672e-06, 8.40713994421e-07, 2.22358949031e-06, 1.71804913407e-06, 9.49217564994e-07, 4.55847356307e-07, 5.68022983316e-07, 1.8489826914e-07, 6.3470713485e-07, 2.44114090719e-07, 5.02774582856e-07, 1.03162597043e-06, 2.30641845178e-07, 7.13149177045e-07, 4.24705319801e-07, 3.02641012695e-07, 4.80761968902e-07, 1.86621633702e-07, 5.41896980621e-08, 1.75647443257e-08, 5.33390132063e-09, 5.93466331633e-10], "dmean2": [2.09240606637e-05, 0.00368113652803, 0.00459812348709, 0.00120136118494, 0.00142758560833, 0.00147950369865, 0.000683390011545, 0.000725518155377, 0.000751747051254, 0.000454997207271, 0.000286360300379, 0.000368517823517, 0.000234005157836, 0.000466646422865, 0.000290144293103, 0.000413659523474, 0.000478978530737, 0.000267166120466, 0.000407545274356, 0.000339283840731, 0.000225552706979, 0.000206537937629, 0.000155087167514, 9.23101397348e-05, 5.6751203374e-05, 3.54330259142e-05, 1.09136644824e-05], "max": [0.000340317434166, 0.0565648078918, 0.0560431703925, 0.025896133855, 0.0218467973173, 0.0328771881759, 0.0205969437957, 0.018803332001, 0.0166692417115, 0.0118192182854, 0.0159418471158, 0.0152319762856, 0.0110208345577, 0.00944641325623, 0.00651815766469, 0.00714775780216, 0.0104378359392, 0.00468922173604, 0.00796850956976, 0.00574164977297, 0.00746839260682, 0.0156735852361, 0.00591617962345, 0.00367542356253, 0.00205223145895, 0.00120511266869, 0.000269827316515], "dmean": [1.39234934977e-05, 0.00213376688771, 0.00259202765301, 0.000711410946678, 0.000856955011841, 0.000939436431509, 0.000419764983235, 0.000455949018942, 0.000503742194269, 0.000289318122668, 0.000179779177415, 0.000235174127738, 0.000145946687553, 0.000288478127914, 0.000177550886292, 0.000247157498961, 0.000282526365481, 0.000159280447406, 0.000242731097387, 0.000201227070647, 0.000140237869346, 0.000133198249387, 0.000101595767774, 6.21651342954e-05, 3.84375125577e-05, 2.32586244238e-05, 7.28263512428e-06]}, "erbbands_spread": {"dvar": 48.6522102356, "mean": 41.5399589539, "min": 1.04610514641, "median": 40.8513298035, "dvar2": 121.451080322, "var": 246.308761597, "dmean2": 10.4750404358, "max": 120.893119812, "dmean": 6.66428613663}, "barkbands_kurtosis": {"dvar": 45.4996643066, "mean": 2.04757332802, "min": -1.90798199177, "median": 0.256929159164, "dvar2": 99.9866867065, "var": 69.5240783691, "dmean2": 2.89869451523, "max": 472.24407959, "dmean": 1.72909748554}, "spectral_flux": {"dvar": 0.000663948070724, "mean": 0.0695462822914, "min": 6.50361500765e-11, "median": 0.065742187202, "dvar2": 0.00129342405125, "var": 0.00182979332749, "dmean2": 0.0265514329076, "max": 0.276549249887, "dmean": 0.0167269185185}, "silence_rate_20dB": {"dvar": 0, "mean": 1, "min": 1, "median": 1, "dvar2": 0, "var": 0, "dmean2": 0, "max": 1, "dmean": 0}, "gfcc": {"cov": [[18674.8964844, -3926.04003906, -2139.21337891, 1168.67358398, -784.94732666, 900.036804199, -62.2936172485, 740.388305664, -216.520172119, 291.574523926, -310.103057861, -68.8048095703, -457.848510742], [-3926.04003906, 2221.47558594, 242.727645874, -316.889099121, 283.253356934, -353.444854736, 17.5559997559, -269.319549561, 67.811050415, -164.450881958, 124.728286743, -28.0315933228, 180.534393311], [-2139.21337891, 242.727645874, 719.158325195, -189.509750366, 74.1364364624, -78.1352081299, -10.1550235748, -62.0003471375, 5.8749423027, 15.8450927734, 38.2080688477, 51.9296875, 18.2561721802], [1168.67358398, -316.889099121, -189.509750366, 339.770019531, -65.2725982666, 98.9210891724, -15.061580658, 33.6707878113, 14.0751428604, 15.8049583435, -21.9518642426, -22.3592624664, -15.8208246231], [-784.94732666, 283.253356934, 74.1364364624, -65.2725982666, 263.722808838, -96.4223556519, 70.6241989136, -29.2310943604, 15.9832868576, -1.38730847836, 23.184261322, 23.2315044403, 30.2711658478], [900.036804199, -353.444854736, -78.1352081299, 98.9210891724, -96.4223556519, 258.02633667, -12.6152601242, 87.5503768921, -8.35691070557, 13.7472171783, -14.0561189651, -10.6598949432, -29.9618682861], [-62.2936172485, 17.5559997559, -10.1550235748, -15.061580658, 70.6241989136, -12.6152601242, 156.041290283, 38.8250999451, -2.86857748032, -2.61999392509, 7.0271320343, 0.85699903965, -2.92978811264], [740.388305664, -269.319549561, -62.0003471375, 33.6707878113, -29.2310943604, 87.5503768921, 38.8250999451, 139.915420532, 9.03963565826, 20.9092197418, -17.8966007233, -5.70125150681, -30.8522548676], [-216.520172119, 67.811050415, 5.8749423027, 14.0751428604, 15.9832868576, -8.35691070557, -2.86857748032, 9.03963565826, 87.0004119873, 21.0571708679, 9.97763824463, -5.14620018005, 5.27289485931], [291.574523926, -164.450881958, 15.8450927734, 15.8049583435, -1.38730847836, 13.7472171783, -2.61999392509, 20.9092197418, 21.0571708679, 79.6947860718, 17.0575771332, 8.77219390869, -20.9548473358], [-310.103057861, 124.728286743, 38.2080688477, -21.9518642426, 23.184261322, -14.0561189651, 7.0271320343, -17.8966007233, 9.97763824463, 17.0575771332, 65.3595046997, 19.0389900208, 10.9006671906], [-68.8048095703, -28.0315933228, 51.9296875, -22.3592624664, 23.2315044403, -10.6598949432, 0.85699903965, -5.70125150681, -5.14620018005, 8.77219390869, 19.0389900208, 62.5660743713, 19.1056728363], [-457.848510742, 180.534393311, 18.2561721802, -15.8208246231, 30.2711658478, -29.9618682861, -2.92978811264, -30.8522548676, 5.27289485931, -20.9548473358, 10.9006671906, 19.1056728363, 66.3901977539]], "mean": [-2.72596025467, 77.3916931152, -112.253738403, 39.0619430542, -56.3555297852, 9.86190128326, -36.1259155273, 8.48157501221, -20.0086517334, 0.956624567509, -15.7941608429, -2.52967119217, -12.1211709976], "icov": [[0.000181923969649, 3.46204833477e-05, 0.000417788367486, -0.000247752905125, 0.000144165940583, -5.78812287131e-05, 9.96257949737e-05, -0.000406130420743, 0.000458888767753, -0.000496176828165, 0.000394077942474, -0.000517809065059, 0.00060160231078], [3.46204833477e-05, 0.001442134846, -2.23656443268e-05, 0.000648977758829, -0.00066552485805, 0.000612427131273, 0.000123523539514, 0.000922126870137, -0.00110441294964, 0.0024681778159, -0.00257926480845, 0.00228959717788, -0.00187687226571], [0.000417788367486, -2.23656443268e-05, 0.00274487631395, 0.000269409269094, 0.000189723679796, -0.000263757974608, 0.000350189337041, -0.00036974818795, 0.000866416317876, -0.00170552532654, 0.000963375903666, -0.00242563360371, 0.00182225462049], [-0.000247752905125, 0.000648977758829, 0.000269409269094, 0.00462547829375, -0.000236369727645, -0.000889870978426, -0.000104807601019, 0.00161985610612, -0.00198451173492, 0.000955738651101, -0.000901871360838, 0.00211878237315, -0.00199324218556], [0.000144165940583, -0.00066552485805, 0.000189723679796, -0.000236369727645, 0.00591039890423, 0.000973350543063, -0.0025011987891, -0.000195680564502, 9.08915353648e-06, -0.00195351662114, 0.00132396235131, -0.00256555946544, 0.000142155986396], [-5.78812287131e-05, 0.000612427131273, -0.000263757974608, -0.000889870978426, 0.000973350543063, 0.00639479607344, 0.000747854821384, -0.00304741924629, 0.000316799763823, 0.00150047754869, -0.00215670210309, 0.00123709929176, -0.000698532327078], [9.96257949737e-05, 0.000123523539514, 0.000350189337041, -0.000104807601019, -0.0025011987891, 0.000747854821384, 0.00871652364731, -0.00381503417157, 0.00130374077708, 0.00106911442708, -0.00172872305848, 0.000716563663445, 0.000631131581031], [-0.000406130420743, 0.000922126870137, -0.00036974818795, 0.00161985610612, -0.000195680564502, -0.00304741924629, -0.00381503417157, 0.0137849021703, -0.00402349233627, 0.000799794157501, 0.000750185688958, 0.00094914220972, 0.000306588772219], [0.000458888767753, -0.00110441294964, 0.000866416317876, -0.00198451173492, 9.08915353648e-06, 0.000316799763823, 0.00130374077708, -0.00402349233627, 0.015843341127, -0.00718614738435, 0.00134926557075, 0.000150149135152, -7.9353867477e-06], [-0.000496176828165, 0.0024681778159, -0.00170552532654, 0.000955738651101, -0.00195351662114, 0.00150047754869, 0.00106911442708, 0.000799794157501, -0.00718614738435, 0.0234904028475, -0.0105710392818, 0.00218758685514, 0.00164117419627], [0.000394077942474, -0.00257926480845, 0.000963375903666, -0.000901871360838, 0.00132396235131, -0.00215670210309, -0.00172872305848, 0.000750185688958, 0.00134926557075, -0.0105710392818, 0.025556191802, -0.0097450055182, 0.0031115708407], [-0.000517809065059, 0.00228959717788, -0.0024256336037