{"tonal": {"chords_key": "C", "hpcp_entropy": {"dmean": 0.420210123062, "dmean2": 0.701580762863, "max": 3.47768950462, "dvar": 0.162252560258, "mean": 1.56370794773, "dvar2": 0.401074141264, "min": 0, "var": 0.51202839613, "median": 1.62981283665}, "key_key": "C", "chords_strength": {"dmean": 0.00718022044748, "dmean2": 0.00538800144568, "max": 0.781019151211, "dvar": 0.000498653098475, "mean": 0.524611413479, "dvar2": 0.000956090225372, "min": -1, "var": 0.0314881242812, "median": 0.542604446411}, "key_scale": "minor", "chords_number_rate": 0.00364050059579, "thpcp": [1, 0.588906407356, 0.167668923736, 0.182062059641, 0.125864371657, 0.273216277361, 0.549542784691, 0.405924469233, 0.378223925829, 0.536456406116, 0.300011187792, 0.195221230388, 0.269547343254, 0.195818841457, 0.325777083635, 0.4983972013, 0.292868643999, 0.0883013233542, 0.0742217302322, 0.0715665072203, 0.374366134405, 0.665756702423, 0.403216689825, 0.25295561552, 0.368616998196, 0.256076365709, 0.251753538847, 0.345454037189, 0.212825015187, 0.287652432919, 0.561152875423, 0.389002859592, 0.191614940763, 0.26750382781, 0.242343693972, 0.589340806007], "key_strength": 0.65035122633, "tuning_nontempered_energy_ratio": 0.622906625271, "tuning_frequency": 444.341888428, "chords_changes_rate": 0.032764505595, "tuning_diatonic_strength": 0.403529733419, "chords_scale": "minor", "chords_histogram": [19.2036399841, 9.62457370758, 10.0796356201, 0.841865777969, 1.52445960045, 6.25711011887, 10.3754262924, 1.43344712257, 1.0466439724, 4.73265075684, 1.59271895885, 2.02502846718, 0, 0.910125136375, 0.295790672302, 3.66325378418, 0.0455062575638, 0, 0, 0, 2.54835033417, 1.59271895885, 12.8555173874, 9.35153579712], "tuning_equal_tempered_deviation": 0.000803252449259, "hpcp": {"dmean": [0.0579048246145, 0.0523981936276, 0.0594659596682, 0.0654160752892, 0.0625179708004, 0.0452965907753, 0.0512700080872, 0.0637976154685, 0.0969682782888, 0.110639065504, 0.0975307449698, 0.043979421258, 0.034174811095, 0.0328227169812, 0.0552596375346, 0.074281014502, 0.0711560845375, 0.0638066977262, 0.0681720077991, 0.0541062913835, 0.0397623181343, 0.0449453368783, 0.0444513633847, 0.0590156428516, 0.0711571499705, 0.0523030087352, 0.0227173548192, 0.0169923249632, 0.0211131945252, 0.0603032708168, 0.0845030993223, 0.0709225982428, 0.0581285320222, 0.0625481531024, 0.0612219274044, 0.05751446262], "dmean2": [0.0935491174459, 0.0872232764959, 0.100993208587, 0.104935787618, 0.101645156741, 0.0764129161835, 0.0849344432354, 0.108194388449, 0.158994793892, 0.17653901875, 0.15637588501, 0.073252774775, 0.0566013641655, 0.0542992241681, 0.0877439454198, 0.116197161376, 0.113589510322, 0.101070955396, 0.104697421193, 0.086065351963, 0.0641181617975, 0.0722662955523, 0.0720412731171, 0.0953414142132, 0.11230956018, 0.0803711265326, 0.0381974056363, 0.0282243471593, 0.0366973169148, 0.0965487360954, 0.133834183216, 0.113512165844, 0.0976224020123, 0.103526510298, 0.104068882763, 0.0958869680762], "max": [1, 1, 1, 1, 1, 1, 1, 1, 1, 1, 1, 1, 1, 1, 1, 1, 1, 1, 1, 1, 1, 1, 1, 1, 1, 1, 1, 1, 1, 1, 1, 1, 1, 1, 1, 1], "dvar": [0.0171526763588, 0.0131571367383, 0.0138527201489, 0.018765475601, 0.0145871629938, 0.00971378292888, 0.0153892962262, 0.0189926642925, 0.0188001990318, 0.033083293587, 0.0212881080806, 0.00993797928095, 0.0118632111698, 0.0076060872525, 0.0118787940592, 0.0194461196661, 0.0174753330648, 0.012175402604, 0.0183487664908, 0.00974472425878, 0.00827656965703, 0.013449287042, 0.00928681064397, 0.0141683574766, 0.0197566896677, 0.0121456859633, 0.00459623988718, 0.0036916974932, 0.0036072016228, 0.0117393927649, 0.0235529113561, 0.0139782698825, 0.0145332347602, 0.0194789730012, 0.0176029130816, 0.0169426519424], "mean": [0.131066262722, 0.0807464271784, 0.109136171639, 0.212903037667, 0.147588819265, 0.0726992636919, 0.101491726935, 0.0919459015131, 0.223597615957, 0.379402905703, 0.223432809114, 0.0636140778661, 0.0690748766065, 0.0477533079684, 0.103659048676, 0.208498120308, 0.154008924961, 0.14349925518, 0.203533127904, 0.113825112581, 0.0740675032139, 0.102267049253, 0.0742942392826, 0.123600773513, 0.189093351364, 0.111115209758, 0.0335017777979, 0.0281599406153, 0.0271525401622, 0.142035603523, 0.252590030432, 0.152981579304, 0.0959720909595, 0.139854356647, 0.0971561223269, 0.0955160185695], "dvar2": [0.0398078486323, 0.0341401025653, 0.0366850271821, 0.0418611876667, 0.0360509455204, 0.0258511882275, 0.0363301932812, 0.0503088384867, 0.0472128018737, 0.0699930414557, 0.0519372336566, 0.026233330369, 0.0280230715871, 0.0190330892801, 0.0272205565125, 0.0398106686771, 0.0389807671309, 0.0280770678073, 0.0357443913817, 0.0231627691537, 0.0204793829471, 0.0301470141858, 0.0221434831619, 0.0337180532515, 0.0433579161763, 0.027482861653, 0.0119774453342, 0.0102522401139, 0.0104525471106, 0.0287451390177, 0.0514884777367, 0.0351056233048, 0.0387524142861, 0.0483994185925, 0.0478628054261, 0.0443191863596], "min": [0, 0, 0, 0, 0, 0, 0, 0, 0, 0, 0, 0, 0, 0, 0, 0, 0, 0, 0, 0, 0, 0, 0, 0, 0, 0, 0, 0, 0, 0, 0, 0, 0, 0, 0, 0], "var": [0.0672681629658, 0.025525547564, 0.0310320332646, 0.111185573041, 0.057107783854, 0.0206456147134, 0.0535071268678, 0.0371021218598, 0.0583893880248, 0.153173550963, 0.068166680634, 0.0183458402753, 0.0367789156735, 0.0150070013478, 0.0270508117974, 0.0957736000419, 0.0585951469839, 0.0454867146909, 0.0960830971599, 0.0304423086345, 0.0239313337952, 0.0520184859633, 0.0219565331936, 0.0459305644035, 0.0935624986887, 0.0389817617834, 0.008116052486, 0.00992470514029, 0.00594563502818, 0.043103069067, 0.114233911037, 0.04081306234, 0.0308165736496, 0.0672625228763, 0.0358395315707, 0.0353941842914], "median": [0.0139292161912, 0.012259834446, 0.0226407740265, 0.0305750574917, 0.0246599745005, 0.0149097759277, 0.00895383488387, 0.0128445383161, 0.125274971128, 0.201205834746, 0.0940265655518, 0.00913347769529, 0.00304114143364, 0.00352969579399, 0.0308417920023, 0.0552058294415, 0.038643848151, 0.043570779264, 0.0445226691663, 0.0359155423939, 0.0101988846436, 0.00575264450163, 0.0100548518822, 0.0227347593755, 0.0289407670498, 0.0188869871199, 0.00541201466694, 0.00287196435966, 0.00484139891341, 0.0407414473593, 0.0777929350734, 0.056911110878, 0.0177692417055, 0.00942516792566, 0.010012563318, 0.0114719392732]}}, "lowlevel": {"melbands_flatness_db": {"dmean": 0.0164427887648, "dmean2": 0.0259781740606, "max": 0.508160173893, "dvar": 0.00028741999995, "mean": 0.276479154825, "dvar2": 0.000706398510374, "min": -3.79659866212e-07, "var": 0.00674742879346, "median": 0.27558863163}, "melbands_crest": {"dmean": 2.66746377945, "dmean2": 4.36176395416, "max": 38.1203765869, "dvar": 7.09150409698, "mean": 13.0886697769, "dvar2": 20.4435710907, "min": 1.00097358227, "var": 25.0570068359, "median": 12.2060432434}, "spectral_entropy": {"dmean": 0.114445470273, "dmean2": 0.179522767663, "max": 9.81811618805, "dvar": 0.0150040695444, "mean": 6.66334056854, "dvar2": 0.0352359861135, "min": 4.49667072296, "var": 0.343541562557, "median": 6.7158241272}, "melbands": {"dmean": [0.000250376819167, 0.000501920178067, 0.000215832405956, 0.000355661846697, 0.000383082719054, 0.000222515169298, 0.00014591155923, 0.00022731719946, 0.000144683886901, 7.70729893702e-05, 4.38621209469e-05, 5.34243044967e-05, 5.8848378103e-05, 2.85068654193e-05, 2.98750965158e-05, 2.47586813202e-05, 1.14997983474e-05, 8.03335206001e-06, 1.80154929694e-05, 2.94015699183e-05, 1.52171924128e-05, 1.37208089654e-05, 9.87211569736e-06, 6.66897540214e-06, 6.97842642694e-06, 3.44903332916e-06, 3.36314496963e-06, 2.76624245998e-06, 1.07470339117e-06, 4.84330200834e-07, 3.54642168077e-07, 2.50040471883e-07, 1.12458167223e-07, 8.56303188357e-08, 5.23577199374e-08, 4.56090418766e-08, 2.54117846765e-08, 1.80999464305e-08, 1.68603460082e-08, 9.75428093852e-09], "dmean2": [0.000409958302043, 0.000808625714853, 0.000339403253747, 0.000547541654669, 0.000602442247327, 0.000321516534314, 0.00020092682098, 0.000328013760736, 0.000195460946998, 0.000104809478216, 6.4519008447e-05, 7.68698519096e-05, 8.74326215126e-05, 4.52881140518e-05, 4.74127300549e-05, 4.0305647417e-05, 1.86468914762e-05, 1.29552181534e-05, 2.99970924971e-05, 4.93403822475e-05, 2.57808860624e-05, 2.29789729929e-05, 1.6503074221e-05, 1.10698010758e-05, 1.19511096273e-05, 5.77940818403e-06, 5.69862186239e-06, 4.69590258945e-06, 1.81840744062e-06, 8.09390542145e-07, 5.60025625873e-07, 3.99687706931e-07, 1.82239517699e-07, 1.40117066394e-07, 8.60817337411e-08, 7.33151139798e-08, 4.13734824178e-08, 3.05692964275e-08, 2.79277347914e-08, 1.59490340934e-08], "max": [0.0251083448529, 0.0435387603939, 0.00819980725646, 0.0232453532517, 0.0150344157591, 0.0101125212386, 0.00814243219793, 0.0117325847968, 0.0119952149689, 0.0093625029549, 0.00254473509267, 0.00585629744455, 0.00812844838947, 0.00217832555063, 0.00188343750779, 0.00162591820117, 0.000732588930987, 0.000731146079488, 0.00139113562182, 0.00284560746513, 0.00084103748668, 0.00130036962219, 0.0012802783167, 0.000700546777807, 0.000709648418706, 0.000347426277585, 0.000391001929529, 0.000350768037606, 0.000152752341819, 0.000155178655405, 0.000120954558952, 7.26644066162e-05, 1.63473032444e-05, 1.04362470665e-05, 6.41666383672e-06, 7.83714858699e-06, 3.72567592422e-06, 2.76114792541e-06, 2.1579744498e-06, 2.97482688438e-06], "dvar": [5.10730671976e-07, 2.44597526944e-06, 2.12060484728e-07, 5.50664992716e-07, 4.70182868639e-07, 1.47888215452e-07, 9.69556168684e-08, 2.55465238297e-07, 9.57238768251e-08, 4.47875763143e-08, 9.68103464061e-09, 2.92640560673e-08, 3.34697887183e-08, 5.74830805178e-09, 4.99647923036e-09, 4.52136772466e-09, 7.33430982613e-10, 4.62909266474e-10, 3.58098128928e-09, 7.46338812974e-09, 1.40239797553e-09, 1.88628446196e-09, 9.98548133069e-10, 5.77536296564e-10, 6.09443717714e-10, 1.40130726467e-10, 1.37436562131e-10, 1.11649828272e-10, 1.81834304558e-11, 1.00140173931e-11, 3.36625042077e-12, 1.5278337406e-12, 1.82950890223e-13, 1.09806593343e-13, 3.59783410746e-14, 3.0865778954e-14, 9.51739009732e-15, 5.39974991193e-15, 4.14086413474e-15, 1.60332039613e-15], "mean": [0.000567256007344, 0.00109291239642, 0.000519690685906, 0.000890052237082, 0.00102975114714, 0.000683007179759, 0.000467161997221, 0.000620472768787, 0.000408562424127, 0.000197527493583, 0.000103426922578, 0.000123318997794, 0.000121413388115, 5.3613945056e-05, 5.76454367547e-05, 4.49323852081e-05, 2.11040260183e-05, 1.62874985108e-05, 3.11483490805e-05, 5.31126752321e-05, 2.6216468541e-05, 2.37361236941e-05, 1.76596531674e-05, 1.2015696484e-05, 1.15908260341e-05, 6.14783311903e-06, 6.06237063039e-06, 5.25896530235e-06, 1.9529304609e-06, 8.4835431835e-07, 6.86717783083e-07, 4.9788832257e-07, 2.28742379704e-07, 1.85175849765e-07, 1.30190059622e-07, 1.03209977453e-07, 6.36837071966e-08, 4.45760264256e-08, 4.19731200907e-08, 2.9048933925e-08], "dvar2": [1.16729927413e-06, 6.08551363257e-06, 5.1661714906e-07, 1.18963373552e-06, 1.17572335512e-06, 3.16834814384e-07, 1.95536088654e-07, 5.30047714165e-07, 1.6732747099e-07, 7.80569351377e-08, 2.04434229545e-08, 5.86317163709e-08, 6.50036753314e-08, 1.4485954658e-08, 1.30648807328e-08, 1.24896386566e-08, 1.92780014174e-09, 1.16848153375e-09, 9.82203918198e-09, 1.96096134886e-08, 3.86621357151e-09, 4.93730656359e-09, 2.76291078904e-09, 1.57036628146e-09, 1.72369174489e-09, 3.83547277272e-10, 3.83002907167e-10, 3.05621805641e-10, 4.99158769873e-11, 2.65734517724e-11, 7.35795799289e-12, 3.42570958579e-12, 4.62694715441e-13, 2.69072741518e-13, 9.32479665857e-14, 7.7718986303e-14, 2.43179923491e-14, 1.45636744309e-14, 1.09279472881e-14, 3.82049171013e-15], "min": [1.40395113581e-24, 1.66325563181e-24, 1.41650506826e-24, 1.1150946284e-24, 1.66422080313e-24, 8.90312066114e-25, 2.16618522447e-24, 2.47476078932e-24, 1.89718740288e-24, 2.28791987278e-24, 1.86925975468e-24, 1.35911740955e-24, 2.98669266541e-24, 1.35929125477e-24, 1.94873709645e-24, 2.07651540537e-24, 3.94989873321e-24, 3.28432357406e-24, 1.65969392483e-24, 2.99403636879e-24, 3.61657462961e-24, 2.64366951698e-24, 2.98011100166e-24, 3.1694672012e-24, 3.34353330424e-24, 3.6883779325e-24, 4.13466770659e-24, 4.13408079407e-24, 4.07926639964e-24, 4.42934788102e-24, 5.50023247632e-24, 5.03740423335e-24, 5.58585149467e-24, 5.37823237631e-24, 5.10497253647e-24, 5.83073482446e-24, 7.09119058389e-24, 5.3207823976e-24, 6.20510572754e-24, 6.59844794654e-24], "var": [2.00314161702e-06, 7.40924724596e-06, 6.85143561441e-07, 1.89669390238e-06, 2.01535203814e-06, 9.17913155263e-07, 5.94713071678e-07, 1.33814296532e-06, 5.13636223332e-07, 2.4057183623e-07, 3.41390062886e-08, 9.20035958529e-08, 1.19992662917e-07, 1.24809895752e-08, 1.17550289502e-08, 9.7713703795e-09, 1.38166322827e-09, 1.08864983694e-09, 7.35710026234e-09, 1.87629218829e-08, 3.08674064087e-09, 4.50645165628e-09, 1.95557148253e-09, 1.23720622636e-09, 1.10430808942e-09, 2.89229223904e-10, 3.02319669299e-10, 3.08612968514e-10, 4.3514841036e-11, 1.94445275853e-11, 1.00717637355e-11, 4.25545449573e-12, 5.27614139444e-13, 3.59231958416e-13, 1.76405941178e-13, 1.19791478711e-13, 5.12470992834e-14, 2.66175563578e-14, 2.20270341951e-14, 1.8908560427e-14], "median": [0.000116701747174, 0.000214483108721, 0.00023780731135, 0.000442598189693, 0.000523621682078, 0.000348644971382, 0.000172047293745, 0.000173160631675, 0.000145376645378, 7.59688336984e-05, 3.97795993194e-05, 3.0805793358e-05, 3.43427600455e-05, 1.98287489184e-05, 1.68513979588e-05, 1.13441001304e-05, 8.91480340215e-06, 6.58004228171e-06, 7.35575986255e-06, 1.49681027324e-05, 7.76059459895e-06, 5.96050676904e-06, 4.52033464171e-06, 2.64698314822e-06, 2.16773332795e-06, 1.13315695671e-06, 1.1392783108e-06, 6.69413566357e-07, 2.97372764635e-07, 1.17137545885e-07, 5.59304957903e-08, 3.79430105113e-08, 2.60452068801e-08, 1.51549990335e-08, 1.22732846108e-08, 9.36027788612e-09, 5.433185013e-09, 3.80417297663e-09, 2.79964629257e-09, 1.88373050491e-09]}, "silence_rate_60dB": {"dmean": 0.00500739738345, "dmean2": 0.0100159347057, "max": 1, "dvar": 0.00498372828588, "mean": 0.0743058696389, "dvar2": 0.0110527100042, "min": 0, "var": 0.0687864646316, "median": 0}, "spectral_energyband_middle_high": {"dmean": 0.00134705076925, "dmean2": 0.00210331799462, "max": 0.0556119643152, "dvar": 5.45167085875e-06, "mean": 0.00472471071407, "dvar2": 1.27564517243e-05, "min": 1.20009205039e-21, "var": 2.91996220767e-05, "median": 0.00310514983721}, "erbbands_skewness": {"dmean": 0.295905411243, "dmean2": 0.462531596422, "max": 4.01788663864, "dvar": 0.071106903255, "mean": 0.512564837933, "dvar2": 0.178162589669, "min": -2.29021048546, "var": 0.779990613461, "median": 0.445965886116}, "dynamic_complexity": 3.28269267082, "dissonance": {"dmean": 0.0237437281758, "dmean2": 0.0396330095828, "max": 0.500000119209, "dvar": 0.000517345033586, "mean": 0.433659613132, "dvar2": 0.00134825753048, "min": 0.211788624525, "var": 0.00183803623077, "median": 0.442102015018}, "spectral_skewness": {"dmean": 0.481140732765, "dmean2": 0.84058380127, "max": 10.0587406158, "dvar": 0.231890618801, "mean": 2.55816292763, "dvar2": 0.69017624855, "min": -0.0701709240675, "var": 2.01131510735, "median": 2.12584686279}, "spectral_kurtosis": {"dmean": 6.57720088959, "dmean2": 11.5461626053, "max": 148.597335815, "dvar": 61.6234703064, "mean": 17.3811588287, "dvar2": 180.896453857, "min": -1.25726127625, "var": 327.506408691, "median": 10.9751224518}, "gfcc": {"cov": [[21672.515625, 1854.8137207, -3110.51025391, 1218.86181641, -548.627624512, -433.354797363, -494.690734863, 14.5615291595, -394.539398193, -175.60987854, -58.6102714539, -76.7485198975, -77.9475402832], [1854.8137207, 2353.5246582, 282.662567139, -630.394470215, 138.943206787, -434.761749268, -44.3054542542, -281.784851074, 70.2283172607, -75.0449066162, 74.2827148438, -151.315078735, 49.3123474121], [-3110.51025391, 282.662567139, 1055.44799805, -226.187316895, 85.6784820557, 79.6979904175, 27.2461738586, -94.1728515625, 21.6162223816, 8.99373912811, -19.4133262634, -20.3043174744, -2.1025364399], [1218.86181641, -630.394470215, -226.187316895, 761.020141602, 49.345703125, 94.7724380493, 31.2965564728, 104.62903595, -53.977481842, -4.04362821579, -39.6640090942, 3.04912471771, -33.4349555969], [-548.627624512, 138.943206787, 85.6784820557, 49.345703125, 216.24571228, 33.3021202087, 61.860206604, -22.6760501862, 19.292098999, -20.5179862976, 11.3268013, -15.2189664841, 7.55934476852], [-433.354797363, -434.761749268, 79.6979904175, 94.7724380493, 33.3021202087, 347.924407959, 66.4307403564, 60.5044746399, -56.0778999329, 14.8256521225, -46.6296234131, 39.2928161621, -41.0569114685], [-494.690734863, -44.3054542542, 27.2461738586, 31.2965564728, 61.860206604, 66.4307403564, 159.093780518, 48.9601211548, 33.1963768005, 8.20795154572, 2.2861635685, -10.2720746994, -3.64415240288], [14.5615291595, -281.784851074, -94.1728515625, 104.62903595, -22.6760501862, 60.5044746399, 48.9601211548, 145.676071167, 46.0600624084, 31.2984485626, -10.4534854889, 7.07652330399, -19.2769908905], [-394.539398193, 70.2283172607, 21.6162223816, -53.977481842, 19.292098999, -56.0778999329, 33.1963768005, 46.0600624084, 124.527313232, 48.2515640259, 27.6206111908, -17.1811847687, -4.14326095581], [-175.60987854, -75.0449066162, 8.99373912811, -4.04362821579, -20.5179862976, 14.8256521225, 8.20795154572, 31.2984485626, 48.2515640259, 92.7019271851, 40.4374580383, 13.3532238007, -13.8829097748], [-58.6102714539, 74.2827148438, -19.4133262634, -39.6640090942, 11.3268013, -46.6296234131, 2.2861635685, -10.4534854889, 27.6206111908, 40.4374580383, 90.897026062, 27.7083683014, 4.66537666321], [-76.7485198975, -151.315078735, -20.3043174744, 3.04912471771, -15.2189664841, 39.2928161621, -10.2720746994, 7.07652330399, -17.1811847687, 13.3532238007, 27.7083683014, 91.8922119141, 33.0585365295], [-77.9475402832, 49.3123474121, -2.1025364399, -33.4349555969, 7.55934476852, -41.0569114685, -3.64415240288, -19.2769908905, -4.14326095581, -13.8829097748, 4.66537666321, 33.0585365295, 79.9720535278]], "mean": [-82.1038513184, 155.349243164, -138.22013855, 8.64493846893, -44.2488059998, -15.5201673508, -32.5949287415, 3.00122404099, -16.9915447235, -2.96877288818, -8.3317861557, -2.36978077888, -3.25169587135], "icov": [[0.000397627678467, -0.00104512297548, 0.00111113104504, -0.0010718133999, 0.00121841812506, -0.00075614603702, 0.000796413456555, -0.000389498716686, 0.000479867478134, -5.91871539655e-05, 0.000312484771712, -0.000560323649552, 0.000280126580037], [-0.00104512297548, 0.00371818616986, -0.00297222705558, 0.00340023706667, -0.00378739833832, 0.0027628543321, -0.00223535485566, 0.00191189697944, -0.00124093319755, 0.000432827713666, -0.00128481059801, 0.00267330533825, -0.000851792166941], [0.00111113104504, -0.00297222705558, 0.00430916529149, -0.00273893633857, 0.00309166451916, -0.00262240413576, 0.00210342509672, -5.06992109877e-05, 0.000766569573898, -0.000638230354525, 0.00157316203695, -0.00158449122682, 0.000821132620331], [-0.0010718133999, 0.00340023706667, -0.00273893633857, 0.005109871272, -0.00477831996977, 0.00291104963981, -0.00219843839295, -0.000173569278559, 0.00062887329841, -0.000597784877755, -0.000224118557526, 0.00198749289848, -0.000152532797074], [0.00121841812506, -0.00378739833832, 0.00309166451916, -0.00477831996977, 0.01135338936, -0.00488087395206, 0.000638748460915, 0.00126539042685, -0.00220561330207, 0.00352507736534, -0.00205419794656, -0.000439217983512, -0.000839270011056], [-0.00075614603702, 0.0027628543321, -0.00262240413576, 0.00291104963981, -0.00488087395206, 0.00873211212456, -0.00397461093962, -0.000996292917989, 0.00402858480811, -0.0034675297793, 0.00408131536096, -0.00302655342966, 0.00385033665225], [0.000796413456555, -0.00223535485566, 0.00210342509672, -0.00219843839295, 0.000638748460915, -0.00397461093962, 0.0110059194267, -0.00380877754651, -0.000873242039233, 0.00119815859944, -0.00167656352278, 0.00160540081561, -0.00162976828869], [-0.000389498716686, 0.00191189697944, -5.06992109877e-05, -0.000173569278559, 0.00126539042685, -0.000996292917989, -0.00380877754651, 0.0154921496287, -0.00824899040163, 5.309174594e-05, 0.00194462330546, -0.000678457319736, 0.00104608177207], [0.000479867478134, -0.00124093319755, 0.000766569573898, 0.00062887329841, -0.00220561330207, 0.00402858480811, -0.000873242039233, -0.00824899040163, 0.0193291008472, -0.00894938129932, 0.000823800102808, 0.00141295779031, 0.000580210471526], [-5.91871539655e-05, 0.000432827713666, -0.000638230354525, -0.000597784877755, 0.00352507736534, -0.0034675297793, 0.00119815859944, 5.309174594e-05, -0.00894938129932, 0.0213629007339, -0.0100653832778, 0.00066495075589, 0.000919901882298], [0.000312484771712, -0.00128481059801, 0.00157316203695, -0.000224118557526, -0.00205419794656, 0.00408131536096, -0.00167656352278, 0.00194462330546, 0.000823800102808, -0.0100653832778, 0.0224015675485, -0.010945093818, 0.00523924967274], [-0.000560323649552, 0.00267330533825, -0.00158449122682, 0.00198749289848, -0.000439217983512, -0.00302655342966, 0.00160540081561, -0.000678457319736, 0.00141295779031, 0.00066495075589, -0.010945093818, 0.023618131876, -0.0119439698756], [0.000280126580037, -0.000851792166941, 0.000821132620331, -0.000152532797074, -0.000839270011056, 0.00385033665225, -0.00162976828869, 0.00104608177207, 0.000580210471526, 0.000919901882298, 0.00523924967274, -0.0119439698756, 0.0203158594668]]}, "spectral_complexity": {"dmean": 1.68954133987, "dmean2": 2.83519244194, "max": 34, "dvar": 2.30305933952, "mean": 14.607419014, "dvar2": 5.99608659744, "min": 0, "var": 35.7358779907, "median": 15}, "spectral_flux": {"dmean": 0.0144205894321, "dmean2": 0.0234439484775, "max": 0.244155332446, "dvar": 0.000329036323819, "mean": 0.0541231669486, "dvar2": 0.000829685828649, "min": 6.34063287985e-11, "var": 0.00096602702979, "median": 0.0497515872121}, "spectral_energyband_low": {"dmean": 0.00195977091789, "dmean2": 0.00314304465428, "max": 0.142525553703, "dvar": 2.91079904855e-05, "mean": 0.00483317207545, "dvar2": 6.83138569002e-05, "min": 2.02367371541e-23, "var": 0.000109284679638, "median": 0.00125752633903}, "spectral_decrease": {"dmean": 1.35991118366e-09, "dmean2": 2.08302952664e-09, "max": 6.37245310226e-23, "dvar": 3.40852468625e-18, "mean": -6.37481223364e-09, "dvar2": 7.72596039265e-18, "min": -4.15081125027e-08, "var": 2.46965392877e-17, "median": -5.4316542375e-09}, "barkbands_spread": {"dmean": 2.4866194725, "dmean2": 4.00926160812, "max": 145.021942139, "dvar": 9.60111713409, "mean": 13.5343770981, "dvar2": 26.2200469971, "min": 1.02643406391, "var": 112.209640503, "median": 11.1846103668}, "spectral_rms": {"dmean": 0.00049291778123, "dmean2": 0.000757712870836, "max": 0.0124671859667, "dvar": 2.93258068496e-07, "mean": 0.00457001756877, "dvar2": 6.66881135203e-07, "min": 3.10174173672e-12, "var": 3.93572554458e-06, "median": 0.00460976688191}, "spectral_centroid": {"dmean": 126.990585327, "dmean2": 204.857635498, "max": 11664.0976563, "dvar": 38610.359375, "mean": 1097.93969727, "dvar2": 86670.3515625, "min": 246.188873291, "var": 1360956.5, "median": 793.024780273}, "barkbands_skewness": {"dmean": 0.371256232262, "dmean2": 0.589263796806, "max": 8.2130613327, "dvar": 0.135203629732, "mean": 1.19245505333, "dvar2": 0.337726980448, "min": -2.22953701019, "var": 0.998626828194, "median": 1.13222432137}, "spectral_rolloff": {"dmean": 221.188201904, "dmean2": 389.896087646, "max": 19638.28125, "dvar": 216761.5625, "mean": 1309.4822998, "dvar2": 531882.625, "min": 21.533203125, "var": 3957339, "median": 796.728515625}, "erbbands_spread": {"dmean": 3.65495324135, "dmean2": 5.78940534592, "max": 97.5577392578, "dvar": 14.6142368317, "mean": 23.3275566101, "dvar2": 38.0277137756, "min": 2.52993392944, "var": 132.852310181, "median": 21.9240646362}, "barkbands": {"dmean": [1.93166488316e-05, 0.00106233952101, 0.00102434458677, 0.000382205907954, 0.00183386937715, 0.0013103496749, 0.00080777995754, 0.00101950066164, 0.000569758412894, 0.000339867867297, 0.000456641078927, 0.000223970419029, 0.000285302347038, 0.000122848476167, 0.000182102550752, 0.000355230382411, 0.000218286921154, 0.000149162908201, 0.000133810885018, 8.83682441781e-05, 1.31938477352e-05, 1.15539569379e-05, 3.19018863593e-06, 1.61922446296e-06, 1.00287718396e-06, 3.15610549251e-07, 2.58794035091e-08], "dmean2": [3.28236164933e-05, 0.0017615063116, 0.00162746745627, 0.000637073244434, 0.00281034619547, 0.00197028066032, 0.00113512598909, 0.00142708362546, 0.000776225526351, 0.000494026055094, 0.000666215200908, 0.000359454628779, 0.000458262278698, 0.000199820438866, 0.000301800697343, 0.000599572551437, 0.00036578689469, 0.000248663098319, 0.000229690733249, 0.000150743901031, 2.20819365495e-05, 1.82528492587e-05, 5.15915098731e-06, 2.7005451102e-06, 1.63257971053e-06, 5.23456265e-07, 4.20880716945e-08], "max": [0.00155327760149, 0.114693619311, 0.104592740536, 0.0155402310193, 0.0869232416153, 0.0471151843667, 0.0649627149105, 0.0543810687959, 0.0571860596538, 0.0334987938404, 0.0489811301231, 0.0128249190748, 0.0173619333655, 0.0070847934112, 0.0128055922687, 0.0330688655376, 0.0174669325352, 0.0127401230857, 0.00933922361583, 0.00662665115669, 0.00290282256901, 0.00373459071852, 0.000378450495191, 0.00031579847564, 0.000296347396215, 6.20023056399e-05, 4.14505939261e-06], "dvar": [2.00596383948e-09, 9.77858508122e-06, 1.18364569062e-05, 7.2158633202e-07, 1.20839886222e-05, 4.64895720143e-06, 3.73845364265e-06, 4.37619883087e-06, 2.10509006138e-06, 8.88829447376e-07, 1.79954452051e-06, 3.41349618793e-07, 5.71545626826e-07, 9.10310120616e-08, 3.04648438032e-07, 1.10647647489e-06, 3.72446322672e-07, 2.54265785316e-07, 1.52773182549e-07, 7.16233543585e-08, 3.88167364918e-09, 3.21913340429e-09, 1.35464001128e-10, 4.28985839906e-11, 1.62500082834e-11, 1.63781846158e-12, 8.27270736859e-15], "mean": [2.4948929422e-05, 0.00243109208532, 0.00202726502903, 0.000714124355, 0.00495166378096, 0.00376356206834, 0.00238053547218, 0.00270801782608, 0.00147083331831, 0.000791299797129, 0.000931055925321, 0.000418829295086, 0.000523993861862, 0.000223187293159, 0.000318475213135, 0.000636923999991, 0.000380159472115, 0.000270336633548, 0.000240061388467, 0.000167802034412, 2.5700617698e-05, 2.4394281354e-05, 8.40454595163e-06, 4.43415001428e-06, 3.39131588589e-06, 8.97333336525e-07, 5.23427310384e-08], "dvar2": [5.0908912641e-09, 2.32311813306e-05, 2.52345453191e-05, 2.23565871238e-06, 2.63285382971e-05, 1.17701492854e-05, 7.55494147597e-06, 8.38512460177e-06, 3.73203147319e-06, 1.79780681719e-06, 3.4930953916e-06, 8.63714319621e-07, 1.59225771768e-06, 2.41810369062e-07, 8.33165756831e-07, 2.96927487398e-06, 9.7209579053e-07, 6.94273580848e-07, 4.32416157992e-07, 1.98953316044e-07, 1.02462323071e-08, 6.91731871783e-09, 3.33805066921e-10, 1.16016266039e-10, 4.05808164849e-11, 4.31216824401e-12, 2.06579765365e-14], "min": [3.37149068263e-25, 4.23858750908e-24, 2.4059788237e-24, 1.92559290357e-24, 6.20366723968e-24, 4.68924126169e-24, 1.26042901704e-23, 8.91701782649e-24, 1.46080867998e-23, 1.13290310417e-23, 1.50912609488e-23, 1.38286701374e-23, 3.28643839182e-23, 4.62888369945e-23, 1.79543038089e-23, 4.54078655346e-23, 5.17949030973e-23, 6.4343685859e-23, 1.07921826389e-22, 1.71165335275e-22, 2.46225702843e-22, 3.46472228168e-22, 3.05000586069e-22, 6.10127288908e-22, 8.41401161967e-22, 1.40045837842e-21, 1.98200976795e-21], "var": [4.12179135267e-09, 4.03011144954e-05, 3.64245133824e-05, 1.36055325584e-06, 5.18390806974e-05, 2.54711248999e-05, 2.20165602514e-05, 2.54652204603e-05, 1.07698524516e-05, 3.04307309307e-06, 6.19144293523e-06, 6.9384299195e-07, 1.22506367006e-06, 1.73379888224e-07, 6.50065373975e-07, 2.72012789537e-06, 8.79973072188e-07, 5.55058534246e-07, 3.06837364406e-07, 1.83025903766e-07, 8.36775271296e-09, 9.72976721414e-09, 6.75169475883e-10, 2.4922586217e-10, 2.18371196126e-10, 1.02905054269e-11, 3.10405320154e-14], "median": [7.9308210843e-06, 0.000473430438433, 0.000337594130542, 0.000275878614048, 0.00254714069888, 0.00202190503478, 0.000718498486094, 0.000875234021805, 0.000537353917025, 0.000219918176299, 0.000269765965641, 0.000153800152475, 0.000121650402434, 8.29822311061e-05, 8.89913208084e-05, 0.00015220484056, 0.00011842189997, 6.06196335866e-05, 4.91122482345e-05, 2.88737992378e-05, 5.23326616531e-06, 1.80673464456e-06, 7.74902218836e-07, 3.9792229245e-07, 2.00976700171e-07, 1.00624376387e-07, 1.00426413852e-08]}, "melbands_kurtosis": {"dmean": 2.71882033348, "dmean2": 4.3523182869, "max": 202.327102661, "dvar": 23.5513553619, "mean": 6.24227142334, "dvar2": 62.9354934692, "min": -1.71899044514, "var": 72.3531570435, "median": 4.18303966522}, "erbbands_crest": {"dmean": 2.29063510895, "dmean2": 3.62720298767, "max": 31.4960651398, "dvar": 4.78771066666, "mean": 10.7505140305, "dvar2": 12.5426683426, "min": 1.90054559708, "var": 19.3636493683, "median": 9.93492889404}, "melbands_skewness": {"dmean": 0.422441065311, "dmean2": 0.664347946644, "max": 11.2757835388, "dvar": 0.196118682623, "mean": 1.68545413017, "dvar2": 0.504000425339, "min": -1.39938819408, "var": 1.16086471081, "median": 1.57959985733}, "spectral_energyband_middle_low": {"dmean": 0.00379595323466, "dmean2": 0.00574610754848, "max": 0.0994274616241, "dvar": 2.47876796493e-05, "mean": 0.0162437874824, "dvar2": 5.61454544368e-05, "min": 1.62615660785e-22, "var": 0.000180866190931, "median": 0.0131494868547}, "spectral_contrast_coeffs": {"dmean": [0.0418362319469, 0.0368306562304, 0.0312877222896, 0.0271478369832, 0.0200319942087, 0.0137004265562], "dmean2": [0.0694542080164, 0.058844588697, 0.0498322509229, 0.0448553040624, 0.0330239124596, 0.0222973227501], "max": [-0.274659723043, -0.364395558834, -0.399750769138, -0.437087625265, -0.498460441828, -0.551003098488], "dvar": [0.00122680061031, 0.00100307562388, 0.000731359468773, 0.000534251390491, 0.000295713049127, 0.000177282752702], "mean": [-0.610627710819, -0.66868853569, -0.709407508373, -0.704879283905, -0.720713198185, -0.764324784279], "dvar2": [0.00328826159239, 0.00254189455882, 0.00181749695912, 0.00143342989031, 0.000767009856645, 0.000426632032031], "min": [-0.981217622757, -0.98619478941, -0.988097190857, -0.990469098091, -0.989891827106, -0.964159965515], "var": [0.0109937367961, 0.00836053863168, 0.00602747546509, 0.00520695885643, 0.00572349550202, 0.00339078390971], "median": [-0.608970046043, -0.670784294605, -0.714016199112, -0.705669879913, -0.72207057476, -0.763410329819]}, "spectral_contrast_valleys": {"dmean": [0.328634798527, 0.267277002335, 0.243235349655, 0.214086249471, 0.16027726233, 0.155357643962], "dmean2": [0.54960757494, 0.432859659195, 0.398870825768, 0.352445721626, 0.260840624571, 0.241725757718], "max": [-5.24112892151, -4.94968652725, -5.69344329834, -6.48051929474, -6.87438583374, -8.95944023132], "dvar": [0.0909391269088, 0.0730356425047, 0.0670072510839, 0.0591942034662, 0.0422919504344, 0.0631090179086], "mean": [-7.9139084816, -7.01008176804, -8.03415775299, -8.70378112793, -9.09886837006, -12.3856687546], "dvar2": [0.207856997848, 0.152214244008, 0.134017512202, 0.119133330882, 0.0732277929783, 0.116289421916], "min": [-28.0953884125, -28.1068592072, -27.8323898315, -27.8074893951, -27.4987392426, -27.4115943909], "var": [5.19193935394, 5.43481826782, 4.72004508972, 4.4655957222, 4.35116863251, 2.94109964371], "median": [-7.61033678055, -6.61413192749, -7.71789836884, -8.3165807724, -8.65341567993, -12.2764415741]}, "silence_rate_20dB": {"dmean": 0, "dmean2": 0, "max": 1, "dvar": 0, "mean": 1, "dvar2": 0, "min": 1, "var": 0, "median": 1}, "silence_rate_30dB": {"dmean": 0.00341413449496, "dmean2": 0.00682904617861, "max": 1, "dvar": 0.0034023381304, "mean": 0.995789706707, "dvar2": 0.00769241107628, "min": 0, "var": 0.00419309129938, "median": 1}, "spectral_strongpeak": {"dmean": 0.538558006287, "dmean2": 0.903945863247, "max": 14.3589363098, "dvar": 0.953052639961, "mean": 1.32954967022, "dvar2": 2.56373286247, "min": 0, "var": 1.81633508205, "median": 0.978209614754}, "spectral_spread": {"dmean": 230221.59375, "dmean2": 387450.9375, "max": 42364804, "dvar": 249576357888, "mean": 2713016.75, "dvar2": 397578174464, "min": 583768.9375, "var": 15232034406400.0, "median": 2233694}, "barkbands_flatness_db": {"dmean": 0.0147790480405, "dmean2": 0.0234639272094, "max": 0.403806895018, "dvar": 0.000211510880035, "mean": 0.206581607461, "dvar2": 0.000518722226843, "min": 0.0323587991297, "var": 0.00360229518265, "median": 0.199763759971}, "pitch_salience": {"dmean": 0.0529023818672, "dmean2": 0.085997402668, "max": 0.996051490307, "dvar": 0.00242145732045, "mean": 0.522020280361, "dvar2": 0.00654563540593, "min": 0.0778783857822, "var": 0.0108543615788, "median": 0.520354032516}, "erbbands_kurtosis": {"dmean": 0.808830678463, "dmean2": 1.26644468307, "max": 30.4779472351, "dvar": 1.24153196812, "mean": 0.943092226982, "dvar2": 2.73194766045, "min": -1.6517803669, "var": 8.12065887451, "median": -0.0749261528254}, "average_loudness": 0.747389733791, "barkbands_crest": {"dmean": 2.008259058, "dmean2": 3.20645070076, "max": 25.3694190979, "dvar": 3.86910176277, "mean": 10.4617414474, "dvar2": 10.1234779358, "min": 2.68350863457, "var": 17.6087417603, "median": 9.58943939209}, "hfc": {"dmean": 3.11110901833, "dmean2": 4.89410591125, "max": 98.5121612549, "dvar": 18.4774608612, "mean": 15.2308864594, "dvar2": 45.7004127502, "min": 1.075316466e-16, "var": 144.484024048, "median": 12.5618038177}, "barkbands_kurtosis": {"dmean": 1.67727565765, "dmean2": 2.67597556114, "max": 83.0981216431, "dvar": 8.02188205719, "mean": 3.39334869385, "dvar2": 20.5327205658, "min": -1.9073278904, "var": 30.3122196198, "median": 1.84862196445}, "erbbands": {"dmean": [0.0237769633532, 0.27598080039, 1.14026749134, 1.08650457859, 3.01464033127, 6.93200874329, 11.5178165436, 9.4596452713, 9.07605075836, 20.2775993347, 17.4309673309, 13.0586853027, 8.70131015778, 13.3706493378, 16.89128685, 9.06623744965, 13.3445749283, 6.19701957703, 5.76794290543, 14.7066354752, 15.2087955475, 11.7310199738, 9.26374530792, 7.41955423355, 4.97467136383, 3.96445345879, 1.2374932766, 0.574150562286, 0.324137806892, 0.160974666476, 0.0819687247276, 0.0451339818537, 0.0219398085028, 0.0123580629006, 0.00707613956183, 0.00235558208078, 0.000426477374276, 6.00540370215e-05, 5.81338827033e-06, 6.08464551988e-06], "dmean2": [0.0388874299824, 0.455883860588, 1.83905851841, 1.7485023737, 4.60121536255, 10.6828050613, 18.3289146423, 13.4323863983, 12.5881223679, 29.3402442932, 23.7763805389, 17.5288982391, 12.7757463455, 19.2651786804, 25.6515083313, 14.4554595947, 21.5073451996, 10.0226535797, 9.38616943359, 24.6156387329, 25.7792568207, 19.7438163757, 15.4604072571, 12.6959695816, 8.35857963562, 6.74166584015, 2.0936563015, 0.929288744926, 0.518972635269, 0.266071081161, 0.133130937815, 0.0732657313347, 0.036602281034, 0.0202987659723, 0.011708278209, 0.00394568499178, 0.000702475954313, 9.7296833701e-05, 9.26760094444e-06, 9.320891877e-06], "max": [1.62701189518, 30.3940563202, 113.155265808, 48.72397995, 243.202835083, 264.532653809, 362.649353027, 528.941650391, 585.258239746, 1061.18981934, 1507.56188965, 1714.97253418, 492.701049805, 1361.60986328, 2056.56152344, 509.750976563, 946.283447266, 312.597961426, 328.934783936, 721.023071289, 1168.9354248, 855.829101563, 902.740661621, 695.088562012, 454.847198486, 445.387908936, 131.062011719, 121.056617737, 77.1276473999, 15.5910596848, 11.1058959961, 8.33083057404, 3.47804903984, 3.15790104866, 2.00634622574, 0.512313008308, 0.0680783241987, 0.0065985545516, 0.000828398973681, 0.000174329077709], "dvar": [0.0041014207527, 0.703540027142, 14.4745798111, 6.20730495453, 64.396697998, 160.035507202, 423.610778809, 297.990081787, 370.47769165, 2115.49584961, 1241.58776855, 1298.72546387, 362.854064941, 1770.67773438, 2581.74169922, 434.34274292, 1388.83630371, 188.268173218, 159.627624512, 1167.46459961, 1684.51672363, 1139.9395752, 1012.90032959, 593.170166016, 252.328323364, 182.275756836, 16.1355514526, 6.29946327209, 1.89316380024, 0.294662117958, 0.0850044116378, 0.0290873292834, 0.00785225257277, 0.00223537557758, 0.00112268386874, 0.000112893125333, 2.21861864702e-06, 3.2770667957e-08, 2.45464176762e-10, 6.36284080979e-11], "mean": [0.0485054440796, 0.63819873333, 2.26802539825, 2.42622351646, 6.96923398972, 18.0015830994, 28.975938797, 29.2948703766, 29.414981842, 55.7024040222, 50.5347900391, 34.7313270569, 21.5280914307, 31.4806632996, 34.1345100403, 18.8008804321, 25.4008407593, 12.3476934433, 12.1227788925, 27.8274345398, 28.0059719086, 21.736743927, 17.8013591766, 13.5260152817, 9.42271900177, 7.85213661194, 2.53413248062, 1.2023870945, 0.704736053944, 0.373101115227, 0.223436608911, 0.120366744697, 0.0624136850238, 0.0388472378254, 0.0214319135994, 0.00660464633256, 0.00122153258417, 0.000177551904926, 2.11647511605e-05, 2.96119469567e-05], "dvar2": [0.00981079507619, 1.71585798264, 34.3909835815, 16.0789794922, 127.69480896, 367.504058838, 1147.50610352, 620.455627441, 797.567138672, 4445.12792969, 2173.42724609, 2295.76806641, 763.946228027, 3544.98754883, 5443.70751953, 1098.9654541, 3941.43945313, 498.916442871, 408.069763184, 3089.44335938, 4627.73388672, 3077.60522461, 2845.50195313, 1667.27819824, 677.863220215, 498.92868042, 43.7357673645, 15.5568656921, 4.33475017548, 0.752559185028, 0.213207617402, 0.0747384428978, 0.0211252178997, 0.00572802685201, 0.00293433573097, 0.000295039382763, 5.72226599616e-06, 8.36930169612e-08, 6.38550823329e-10, 1.44591574824e-10], "min": [1.05683310508e-22, 6.36710109122e-22, 2.33161171656e-21, 8.79703915731e-21, 1.15807587969e-20, 2.47191730043e-20, 5.51224371411e-20, 4.12844422009e-20, 1.31777406678e-19, 2.25105416383e-19, 2.3235229403e-19, 3.55575192684e-19, 4.37242088326e-19, 3.76281203627e-19, 7.97720781832e-19, 8.51449626436e-19, 1.69277621654e-18, 1.88063255256e-18, 2.1065676311e-18, 3.37789212021e-18, 3.42982003753e-18, 3.65379904071e-18, 4.06596121966e-18, 5.20074672738e-18, 7.06257477628e-18, 7.61268297085e-18, 9.47720514701e-18, 9.18490350677e-18, 1.20015560629e-17, 1.07233750737e-17, 9.40905869942e-18, 1.18115965168e-17, 9.81614323018e-18, 8.48234261658e-18, 6.81227736754e-18, 4.46807522212e-18, 2.37189884067e-18, 9.91226761442e-19, 2.58376766119e-19, 2.63938163102e-20], "var": [0.0124989720061, 2.88266563416, 40.0227470398, 18.0138435364, 201.198852539, 678.370605469, 1584.30883789, 1833.07629395, 2062.4440918, 10594.3427734, 7003.16992188, 6737.22900391, 1284.34887695, 5571.11914063, 8390.65820313, 1051.60424805, 2957.61767578, 368.437957764, 395.77142334, 2780.79711914, 3941.34228516, 2633.84741211, 2262.30883789, 1129.18566895, 544.709106445, 497.400024414, 42.5865287781, 16.9865760803, 5.51702833176, 1.01271367073, 0.465038716793, 0.158585518599, 0.0469663143158, 0.0257744584233, 0.00993471033871, 0.000797549320851, 1.35977215905e-05, 1.74722529778e-07, 1.0638764314e-09, 4.91755025589e-10], "median": [0.0106623629108, 0.11803676188, 0.398914366961, 1.00410330296, 2.98365664482, 8.71730613708, 13.9905185699, 14.8780994415, 12.1081981659, 15.5059337616, 19.6360054016, 14.5582885742, 9.45666122437, 8.86297130585, 10.0719871521, 8.68478965759, 6.96370220184, 6.14342212677, 5.69097948074, 10.3182973862, 9.97031879425, 7.45133781433, 5.04266929626, 3.44066238403, 2.27652287483, 1.34870123863, 0.520070910454, 0.167719140649, 0.0725773572922, 0.0361651480198, 0.0216348543763, 0.0114660523832, 0.00544518325478, 0.00263060885482, 0.00128724216484, 0.000507171265781, 0.000185176279047, 3.91601352021e-05, 1.36879825732e-05, 2.55116774497e-05]}, "spectral_energy": {"dmean": 0.00535694370046, "dmean2": 0.00820669811219, "max": 0.159316495061, "dvar": 5.13320228492e-05, "mean": 0.0254413802177, "dvar2": 0.000116373121273, "min": 9.86132172205e-21, "var": 0.000380728888558, "median": 0.0217811986804}, "zerocrossingrate": {"dmean": 0.00413358118385, "dmean2": 0.00538532109931, "max": 0.52197265625, "dvar": 5.54298458155e-05, "m