{"lowlevel": {"erbbands": {"mean": [0.424433350563, 1.77750647068, 4.56073713303, 5.78864860535, 8.51117706299, 12.4583463669, 20.8258304596, 30.0251331329, 30.4737625122, 23.0596370697, 26.3355579376, 34.5568122864, 33.508731842, 23.9725704193, 23.5507392883, 26.7924098969, 21.2774085999, 13.196846962, 11.6179771423, 13.8848333359, 11.2042942047, 11.4629592896, 13.6087312698, 15.3029632568, 17.1337051392, 14.3596668243, 13.7052774429, 10.1140060425, 6.57261323929, 3.8961558342, 2.45806694031, 1.20169448853, 0.723118305206, 0.254592865705, 0.0649053752422, 0.194672808051, 0.16171258688, 0.161255344748, 0.100393094122, 0.0164442826062], "dvar": [0.772517442703, 10.3162240982, 36.7606506348, 35.7750701904, 76.405632019, 318.38873291, 1072.59765625, 1812.61730957, 2956.71704102, 1255.06176758, 1756.59777832, 4126.74462891, 3007.93969727, 1621.67675781, 1171.39489746, 1568.88793945, 986.847106934, 325.4637146, 184.00390625, 189.470489502, 170.420822144, 125.602111816, 189.015655518, 301.961883545, 576.338195801, 394.444000244, 360.588806152, 231.206832886, 92.1694030762, 33.1710472107, 11.5075807571, 3.62929010391, 1.60283684731, 0.232725292444, 0.0109831187874, 0.135933533311, 0.0685431659222, 0.068744122982, 0.0263295117766, 0.000189216516446], "min": [2.77820452999e-22, 1.05602984273e-21, 2.03758838874e-21, 1.19715265115e-20, 3.73014641538e-20, 7.86971104483e-20, 1.20973626547e-19, 2.65809242417e-19, 3.08050564565e-19, 3.41461992169e-19, 4.31398936178e-19, 8.66038249008e-19, 1.61353975848e-18, 2.05934037441e-18, 2.99379369791e-18, 3.05465102993e-18, 1.66731197837e-18, 3.9996527674e-18, 6.26930195139e-18, 6.38524537631e-18, 6.45475170882e-18, 7.90152534177e-18, 7.90711046526e-18, 6.78640274439e-18, 8.13699471084e-18, 1.26959377912e-17, 1.5850848488e-17, 1.73216087044e-17, 1.31339944456e-17, 1.29618101837e-17, 1.49090934345e-17, 1.5030659206e-17, 1.4032368012e-17, 1.22546733303e-17, 8.63480192964e-18, 5.11075237186e-18, 2.44944102604e-18, 1.01738800268e-18, 2.99660678407e-19, 3.30262845554e-20], "dmean": [0.406922459602, 1.64405167103, 3.92389059067, 4.25547885895, 5.85848379135, 10.4527416229, 18.0328350067, 20.5564041138, 20.3637828827, 15.2067832947, 19.8122940063, 24.9730892181, 24.1399555206, 17.1116523743, 15.7193479538, 18.2502307892, 15.0631666183, 9.66383075714, 8.12884044647, 9.4253988266, 7.62408685684, 7.79180145264, 9.02756309509, 11.5266809464, 14.0834989548, 11.2718067169, 11.0235519409, 8.49008274078, 5.51205968857, 3.27624464035, 2.10541296005, 1.0638641119, 0.694885909557, 0.257992595434, 0.0629395097494, 0.194977402687, 0.144741535187, 0.146580457687, 0.0899252891541, 0.00991344451904], "dmean2": [0.636400699615, 2.71597838402, 6.73031425476, 7.24359798431, 9.8325958252, 17.4646434784, 29.3136844635, 31.9322395325, 31.8984947205, 24.0576725006, 31.6300449371, 39.8258247375, 38.6028060913, 27.4291381836, 24.7289066315, 29.313659668, 24.3911762238, 15.6471004486, 12.8915109634, 15.1779241562, 11.8665275574, 12.3109722137, 13.8812761307, 17.1307582855, 20.7206439972, 16.5930080414, 16.0992259979, 12.3490743637, 7.9612197876, 4.75889778137, 3.10581088066, 1.56971871853, 1.02112209797, 0.387791693211, 0.09526014328, 0.289301723242, 0.210527509451, 0.21394585073, 0.132337614894, 0.0138617800549], "dvar2": [1.80554294586, 25.9546928406, 99.4276199341, 98.3057632446, 200.534225464, 750.524047852, 2456.97631836, 3898.09179688, 6937.91845703, 3033.015625, 4133.45410156, 10301.5078125, 7418.32861328, 3969.14746094, 2787.14624023, 3886.73706055, 2459.86254883, 826.707824707, 445.873962402, 476.632293701, 432.156066895, 304.22857666, 437.351745605, 629.789916992, 1175.02478027, 827.687866211, 743.304870605, 494.436676025, 188.338928223, 70.6850509644, 24.1245765686, 7.79430580139, 3.29075789452, 0.497508525848, 0.0234900042415, 0.280928820372, 0.140822201967, 0.142989829183, 0.0547939240932, 0.000378785043722], "max": [9.45775127411, 36.9470558167, 79.2686309814, 96.1508636475, 183.853363037, 556.303283691, 633.039489746, 747.853210449, 1886.64929199, 778.003356934, 868.153564453, 1908.27832031, 989.496520996, 826.141052246, 606.119750977, 1117.07519531, 819.687438965, 473.318481445, 333.393035889, 214.70753479, 449.194610596, 202.848510742, 169.741973877, 234.528167725, 471.794769287, 539.921020508, 358.901763916, 188.766372681, 108.29724884, 63.7677383423, 46.6527328491, 28.3799152374, 15.1979875565, 4.5517334938, 1.54271113873, 3.59018540382, 3.85331082344, 2.15454220772, 1.25164532661, 0.120017260313], "median": [0.108980640769, 0.721561014652, 2.42923498154, 3.63597846031, 5.13417625427, 6.13542032242, 8.14903926849, 8.55138778687, 8.47489833832, 8.03353881836, 9.23416137695, 10.3210277557, 11.2068109512, 9.06024456024, 8.65926551819, 8.73816776276, 9.11617946625, 7.55215024948, 6.87814283371, 8.83003520966, 5.91057634354, 6.92379045486, 7.66902637482, 6.5418639183, 5.99053049088, 4.66622304916, 4.05691337585, 2.65671944618, 1.77140009403, 1.13956189156, 0.718731105328, 0.350249320269, 0.12674754858, 0.0438025295734, 0.0178584009409, 0.02894080244, 0.0412672199309, 0.0406040735543, 0.0286399628967, 0.010450720787], "var": [0.846022367477, 10.1736917496, 37.7860221863, 48.135269165, 115.294296265, 462.109161377, 1527.47802734, 3867.73950195, 6948.49121094, 2477.53076172, 2761.75732422, 6269.84814453, 4772.36035156, 2319.95410156, 2153.2331543, 3058.59155273, 1496.75390625, 357.015655518, 235.197463989, 261.702514648, 366.428833008, 182.946380615, 300.353790283, 461.081787109, 818.22076416, 740.828125, 654.516601562, 368.049987793, 140.723709106, 48.3850898743, 17.0968379974, 5.26566839218, 2.19380545616, 0.283796966076, 0.0138066336513, 0.172317773104, 0.0947739630938, 0.0877452045679, 0.0322163142264, 0.000299890118185]}, "gfcc": {"icov": [[0.000185992772458, 5.61584529351e-05, 0.00039898531395, -0.000279963860521, 0.000452551292256, -6.7634457082e-05, -5.09062301717e-05, 0.000103457976365, -7.27641963749e-05, 0.000120399185107, -4.83100193378e-05, -0.00016613129992, 0.000302275759168], [5.61584529351e-05, 0.00292635592632, -0.00275575951673, 0.00405427720398, -0.00132765260059, 0.000359021651093, -0.00111888512038, 0.0031015665736, -0.00412614829838, 0.00396713195369, -0.00348630128428, 0.00302181742154, -0.0023782432545], [0.00039898531395, -0.00275575951673, 0.0104135805741, -0.0094052683562, 0.0057050534524, -0.00417709117755, 0.00410699984059, -0.00471449270844, 0.00225536595099, 0.000266923278105, -0.00143158098217, 0.00193185301032, -0.000234915423789], [-0.000279963860521, 0.00405427720398, -0.0094052683562, 0.0151367820799, -0.0101003851742, 0.00531622301787, -0.00394430756569, 0.00205296184868, -0.00142231548671, -0.00166021299083, 0.0044022561051, -0.00668558990583, 0.00410510832444], [0.000452551292256, -0.00132765260059, 0.0057050534524, -0.0101003851742, 0.0152805559337, -0.00768980989233, -8.06171592558e-05, 0.00430887052789, -0.00415982119739, 0.00669369241223, -0.00997299142182, 0.0135510247201, -0.00733776530251], [-6.7634457082e-05, 0.000359021651093, -0.00417709117755, 0.00531622301787, -0.00768980989233, 0.0101039744914, -0.00166939396877, -0.00412865029648, 0.0061662318185, -0.00431487848982, 0.00568638183177, -0.0106240836903, 0.00675649475306], [-5.09062301717e-05, -0.00111888512038, 0.00410699984059, -0.00394430756569, -8.06171592558e-05, -0.00166939396877, 0.0108014345169, -0.00218993262388, -0.0022362456657, 0.00533212488517, -0.00323557201773, -0.000559212232474, -0.00133840204217], [0.000103457976365, 0.0031015665736, -0.00471449270844, 0.00205296184868, 0.00430887052789, -0.00412865029648, -0.00218993262388, 0.0190960131586, -0.0112591916695, 0.00309884292074, -0.0079711759463, 0.0125808250159, -0.00969046726823], [-7.27641963749e-05, -0.00412614829838, 0.00225536595099, -0.00142231548671, -0.00415982119739, 0.0061662318185, -0.0022362456657, -0.0112591916695, 0.0236592423171, -0.0176011975855, 0.0104799363762, -0.0140182217583, 0.0144834443927], [0.000120399185107, 0.00396713195369, 0.000266923278105, -0.00166021299083, 0.00669369241223, -0.00431487848982, 0.00533212488517, 0.00309884292074, -0.0176011975855, 0.0401829443872, -0.0249581765383, 0.0204152911901, -0.0149414474145], [-4.83100193378e-05, -0.00348630128428, -0.00143158098217, 0.0044022561051, -0.00997299142182, 0.00568638183177, -0.00323557201773, -0.0079711759463, 0.0104799363762, -0.0249581765383, 0.0402531214058, -0.0316304378211, 0.0166370719671], [-0.00016613129992, 0.00302181742154, 0.00193185301032, -0.00668558990583, 0.0135510247201, -0.0106240836903, -0.000559212232474, 0.0125808250159, -0.0140182217583, 0.0204152911901, -0.0316304378211, 0.0505553968251, -0.0253778081387], [0.000302275759168, -0.0023782432545, -0.000234915423789, 0.00410510832444, -0.00733776530251, 0.00675649475306, -0.00133840204217, -0.00969046726823, 0.0144834443927, -0.0149414474145, 0.0166370719671, -0.0253778081387, 0.034574534744]], "mean": [19.7710647583, 77.0848007202, -78.9659347534, 10.4743928909, -24.5350532532, -17.2359752655, -1.90608859062, -14.2648248672, -6.15375804901, -7.82752990723, -7.27852678299, -1.25721251965, -9.97021007538], "cov": [[8010.00292969, -841.819396973, -575.643676758, 22.4596233368, -337.115814209, -282.465240479, 92.5355224609, -158.798080444, 8.9654302597, -29.4928874969, -49.2285842896, 101.466217041, -110.121360779], [-841.819396973, 1193.29614258, -32.8943519592, -319.534912109, 57.1601676941, -14.2978172302, 65.5967559814, -51.0094490051, 100.109863281, -35.5267562866, 74.2490005493, -20.1266822815, 22.5343551636], [-575.643676758, -32.8943519592, 357.394622803, 159.980789185, 5.7244143486, 98.9124984741, -62.1699638367, 87.5126419067, -8.8869638443, 20.1146221161, 2.76357102394, -6.09157466888, -3.17543315887], [22.4596233368, -319.534912109, 159.980789185, 343.676116943, 127.40499115, 40.059337616, 35.9587478638, 13.6079406738, -2.72611117363, 1.25595068932, -7.29860687256, 12.2787084579, -23.268032074], [-337.115814209, 57.1601676941, 5.7244143486, 127.40499115, 245.3253479, 93.5752334595, 75.6998825073, -33.7120857239, -1.71174860001, -24.4999294281, 21.7611293793, -3.76050233841, -4.05039930344], [-282.465240479, -14.2978172302, 98.9124984741, 40.059337616, 93.5752334595, 239.893096924, 19.3906822205, 22.0153369904, -48.309753418, -14.5367097855, 14.3416471481, 23.9190731049, 1.91348159313], [92.5355224609, 65.5967559814, -62.1699638367, 35.9587478638, 75.6998825073, 19.3906822205, 162.051589966, -11.5661907196, 24.6616020203, -21.6323509216, 24.5977668762, 22.6435165405, -0.576080143452], [-158.798080444, -51.0094490051, 87.5126419067, 13.6079406738, -33.7120857239, 22.0153369904, -11.5661907196, 128.491088867, 46.8404693604, 40.8255729675, 13.0225152969, -10.1690425873, 5.25767850876], [8.9654302597, 100.109863281, -8.8869638443, -2.72611117363, -1.71174860001, -48.309753418, 24.6616020203, 46.8404693604, 129.92855835, 46.1274795532, 27.2782173157, -2.08058404922, -18.9155368805], [-29.4928874969, -35.5267562866, 20.1146221161, 1.25595068932, -24.4999294281, -14.5367097855, -21.6323509216, 40.8255729675, 46.1274795532, 70.7362594604, 29.3585357666, -2.02510142326, 1.68003129959], [-49.2285842896, 74.2490005493, 2.76357102394, -7.29860687256, 21.7611293793, 14.3416471481, 24.5977668762, 13.0225152969, 27.2782173157, 29.3585357666, 76.1885375977, 32.6077194214, 1.37393248081], [101.466217041, -20.1266822815, -6.09157466888, 12.2787084579, -3.76050233841, 23.9190731049, 22.6435165405, -10.1690425873, -2.08058404922, -2.02510142326, 32.6077194214, 61.94688797, 18.5582408905], [-110.121360779, 22.5343551636, -3.17543315887, -23.268032074, -4.05039930344, 1.91348159313, -0.576080143452, 5.25767850876, -18.9155368805, 1.68003129959, 1.37393248081, 18.5582408905, 56.0051956177]]}, "spectral_skewness": {"mean": 2.2018661499, "dvar": 0.0856937617064, "min": 0.00663283234462, "dmean": 0.300068944693, "dmean2": 0.422587037086, "dvar2": 0.169894829392, "max": 5.65455436707, "median": 2.11542510986, "var": 0.308719664812}, "spectral_energyband_low": {"mean": 0.0181055627763, "dvar": 0.000374688301235, "min": 2.83720545658e-23, "dmean": 0.0122407097369, "dmean2": 0.0186012182385, "dvar2": 0.000772888888605, "max": 0.215500831604, "median": 0.00923446007073, "var": 0.000610540097114}, "spectral_energyband_middle_low": {"mean": 0.0139253847301, "dvar": 7.06572391209e-05, "min": 1.87750208107e-22, "dmean": 0.00678163487464, "dmean2": 0.0104396576062, "dvar2": 0.000161774849403, "max": 0.134344413877, "median": 0.00944685563445, "var": 0.0001988018048}, "mfcc": {"icov": [[0.000229642464546, 0.000171639272594, 0.000113792179036, 1.30241896841e-05, 0.000378667173209, -1.51785488924e-05, 0.000110665867396, 2.00432441488e-06, 0.000251933786785, -0.00010060488421, 0.000122213721625, -2.23176120926e-05, 8.30238423077e-05], [0.000171639272594, 0.00111111497972, 0.000315868237521, 0.000652192858979, 0.000336028169841, -0.000123610952869, 0.000592739321291, -0.000408152322052, 0.00015290293959, 3.26242989104e-05, -3.00223246086e-06, -0.00058069039369, -0.00042774938629], [0.000113792179036, 0.000315868237521, 0.00351297063753, 7.18688752386e-05, -0.00158626341727, 0.0017881388776, -6.91999275659e-06, -0.000964834878687, 0.000402644596761, -0.000574444013182, 0.00061445106985, -0.00026138118119, 0.000242169204284], [1.30241896841e-05, 0.000652192858979, 7.18688752386e-05, 0.0042115743272, -0.00024112383835, -0.00135915947612, 0.00103323173244, -0.000745409925003, 0.000359815428965, -0.00116653612349, -0.00135585851967, 0.00198700767942, -0.000998213188723], [0.000378667173209, 0.000336028169841, -0.00158626341727, -0.00024112383835, 0.00802592653781, -0.00351486727595, -0.00141210539732, 0.00160517951008, -0.000136049013236, -0.00113532145042, -0.0018626684323, 8.0391728261e-05, 0.00104184739757], [-1.51785488924e-05, -0.000123610952869, 0.0017881388776, -0.00135915947612, -0.00351486727595, 0.011626389809, -0.00449934601784, -0.0031067316886, 0.00144818029366, 0.000126776547404, 0.00504364399239, -0.00341290119104, 0.00150584569201], [0.000110665867396, 0.000592739321291, -6.91999275659e-06, 0.00103323173244, -0.00141210539732, -0.00449934601784, 0.0132858548313, -0.0060013923794, -0.000842860667035, 0.00483470968902, -0.00332295708358, 0.0034365572501, -0.00378699204884], [2.00432441488e-06, -0.000408152322052, -0.000964834878687, -0.000745409925003, 0.00160517951008, -0.0031067316886, -0.0060013923794, 0.0174473393708, -0.00170297070872, -0.00790189299732, 0.00719996355474, -0.0040608313866, 0.000383349019103], [0.000251933786785, 0.00015290293959, 0.000402644596761, 0.000359815428965, -0.000136049013236, 0.00144818029366, -0.000842860667035, -0.00170297070872, 0.0168319568038, -0.0020737873856, -0.00369710987434, 0.00756727298722, -0.00222699786536], [-0.00010060488421, 3.26242989104e-05, -0.000574444013182, -0.00116653612349, -0.00113532145042, 0.000126776547404, 0.00483470968902, -0.00790189299732, -0.0020737873856, 0.0181926265359, -0.00965768098831, -0.00445130374283, 0.00304386136122], [0.000122213721625, -3.00223246086e-06, 0.00061445106985, -0.00135585851967, -0.0018626684323, 0.00504364399239, -0.00332295708358, 0.00719996355474, -0.00369710987434, -0.00965768098831, 0.0263517741114, -0.00687060691416, -0.00259055895731], [-2.23176120926e-05, -0.00058069039369, -0.00026138118119, 0.00198700767942, 8.0391728261e-05, -0.00341290119104, 0.0034365572501, -0.0040608313866, 0.00756727298722, -0.00445130374283, -0.00687060691416, 0.0274471156299, -0.0104542914778], [8.30238423077e-05, -0.00042774938629, 0.000242169204284, -0.000998213188723, 0.00104184739757, 0.00150584569201, -0.00378699204884, 0.000383349019103, -0.00222699786536, 0.00304386136122, -0.00259055895731, -0.0104542914778, 0.0275213159621]], "mean": [-644.942993164, 136.720001221, -0.13298407197, 38.3152046204, -5.12892818451, 13.2816772461, 1.1274497509, 7.6096367836, -2.00277996063, 4.32731771469, -1.51482141018, 2.05094909668, -1.56670165062], "cov": [[5796.58154297, -738.326049805, -231.192581177, 55.8317832947, -354.936431885, -101.480522156, -136.708007812, -62.9140625, -90.6801528931, -24.7186565399, -59.20104599, -32.3953475952, -46.3307151794], [-738.326049805, 1263.20483398, -99.5028305054, -205.838150024, -66.6161880493, -14.6856679916, -47.6696586609, 15.2206287384, -18.0616111755, 1.74353861809, 1.99959981441, 65.9131622314, 35.395980835], [-231.192581177, -99.5028305054, 360.001403809, 17.388923645, 77.7062911987, -33.2400550842, -1.58611238003, 15.4835386276, 5.37563562393, 33.6711235046, 14.4432287216, 3.48564743996, -5.54841804504], [55.8317832947, -205.838150024, 17.388923645, 307.884521484, 43.5415229797, 42.3092041016, 7.22172307968, 24.5227088928, 6.6350979805, 39.5808525085, 16.8583812714, -10.4907569885, -1.9035847187], [-354.936431885, -66.6161880493, 77.7062911987, 43.5415229797, 206.076293945, 79.407875061, 56.7225112915, 25.712802887, 5.4936466217, 19.8505535126, 10.7473201752, 5.30863237381, -2.49097728729], [-101.480522156, -14.6856679916, -33.2400550842, 42.3092041016, 79.407875061, 201.695755005, 97.8312149048, 76.1192398071, -18.62682724, -8.15165996552, -39.7092819214, 14.5058326721, 1.43120503426], [-136.708007812, -47.6696586609, -1.58611238003, 7.22172307968, 56.7225112915, 97.8312149048, 153.702362061, 59.4518852234, 4.89929389954, -25.8034057617, -19.7242622375, -6.06333589554, 11.8593206406], [-62.9140625, 15.2206287384, 15.4835386276, 24.5227088928, 25.712802887, 76.1192398071, 59.4518852234, 118.41166687, -0.168455690145, 32.7813453674, -18.5069351196, 20.7741603851, 5.08261346817], [-90.6801528931, -18.0616111755, 5.37563562393, 6.6350979805, 5.4936466217, -18.62682724, 4.89929389954, -0.168455690145, 75.8194351196, 11.1598091125, 15.151802063, -18.8340854645, 0.846738815308], [-24.7186565399, 1.74353861809, 33.6711235046, 39.5808525085, 19.8505535126, -8.15165996552, -25.8034057617, 32.7813453674, 11.1598091125, 112.245101929, 42.9682579041, 30.8071537018, 1.16408252716], [-59.20104599, 1.99959981441, 14.4432287216, 16.8583812714, 10.7473201752, -39.7092819214, -19.7242622375, -18.5069351196, 15.151802063, 42.9682579041, 73.5228118896, 18.8975086212, 10.5764493942], [-32.3953475952, 65.9131622314, 3.48564743996, -10.4907569885, 5.30863237381, 14.5058326721, -6.06333589554, 20.7741603851, -18.8340854645, 30.8071537018, 18.8975086212, 67.1073684692, 20.9316596985], [-46.3307151794, 35.395980835, -5.54841804504, -1.9035847187, -2.49097728729, 1.43120503426, 11.8593206406, 5.08261346817, 0.846738815308, 1.16408252716, 10.5764493942, 20.9316596985, 47.4686737061]]}, "silence_rate_20dB": {"mean": 1, "dvar": 0, "min": 1, "dmean": 0, "dmean2": 0, "dvar2": 0, "max": 1, "median": 1, "var": 0}, "dynamic_complexity": 2.50187945366, "silence_rate_60dB": {"mean": 0.0236698165536, "dvar": 0.00553841143847, "min": 0, "dmean": 0.00556992227212, "dmean2": 0.0110414801165, "dvar2": 0.0123123526573, "max": 1, "median": 0, "var": 0.0231063570827}, "dissonance": {"mean": 0.471006095409, "dvar": 0.000367865577573, "min": 0.278287827969, "dmean": 0.0185105856508, "dmean2": 0.0310101248324, "dvar2": 0.000965442101005, "max": 0.500000059605, "median": 0.47881269455, "var": 0.000651748210657}, "barkbands": {"mean": [0.00431136460975, 0.0101005611941, 0.00399902835488, 0.00192902388517, 0.00376870320179, 0.00338494149037, 0.00186685845256, 0.00107241841033, 0.00160542305093, 0.000836528663058, 0.000546424183995, 0.000645853288006, 0.000436989037553, 0.000254049402429, 0.000249958626227, 0.000197528963326, 0.000198132751393, 0.000235335784964, 0.000359039928298, 0.000304186862195, 0.000296644924674, 0.000162528653163, 9.00407831068e-05, 4.8425510613e-05, 1.55496582011e-05, 8.69470459293e-05, 0.000733716296963], "dvar": [5.39480133739e-05, 0.00025044803624, 2.37259064306e-05, 5.4289075706e-06, 1.81394771062e-05, 2.14344618144e-05, 1.22302226373e-05, 2.82732298729e-06, 7.97168831923e-06, 2.20044034904e-06, 8.51382537803e-07, 1.00688862403e-06, 4.80059100028e-07, 1.17724418658e-07, 8.02263357969e-08, 4.76873438515e-08, 4.14204137655e-08, 5.76480481129e-08, 2.4162545742e-07, 1.71361932644e-07, 1.884249059e-07, 5.55371784117e-08, 1.49191290433e-08, 6.04879168975e-09, 9.53130685488e-10, 1.96785894246e-08, 8.19224567294e-07], "min": [7.59254166587e-24, 9.31645833471e-24, 2.02415259342e-24, 8.42541390986e-24, 1.70940415254e-23, 3.19959143258e-23, 1.5563051835e-23, 1.04921095747e-23, 4.08765380545e-23, 3.71119739079e-23, 5.26960599301e-23, 7.50543596026e-23, 2.87359403241e-23, 6.45211858735e-23, 1.0734475886e-22, 1.13322469121e-22, 1.31228160165e-22, 1.34071631386e-22, 1.1498731904e-22, 3.28581796849e-22, 3.46539350765e-22, 4.14639882555e-22, 5.14870554932e-22, 7.64874888889e-22, 1.10889983072e-21, 1.3842785762e-21, 2.21840510271e-21], "dmean": [0.00402739737183, 0.0083846822381, 0.00343732745387, 0.00151892576832, 0.00289378408343, 0.00237972312607, 0.00126946729142, 0.000835252052639, 0.00115403637756, 0.000636089127511, 0.000407122453908, 0.000449704617495, 0.000327922258293, 0.000195298009203, 0.000176782152266, 0.000135725204018, 0.000140600255691, 0.00015743196127, 0.000297247985145, 0.000237845466472, 0.000245081319008, 0.000134113099193, 7.56941808504e-05, 4.3835490942e-05, 1.6377753127e-05, 7.97503089416e-05, 0.000558977306355], "dmean2": [0.00648601306602, 0.0132220629603, 0.00591089669615, 0.00259014964104, 0.00480043468997, 0.00368718104437, 0.00202228920534, 0.00134059460834, 0.00183356518392, 0.00102592119947, 0.000653156603221, 0.00072922243271, 0.000533537124284, 0.000317668600474, 0.000286110065645, 0.000212602157262, 0.000222977556405, 0.000241419358645, 0.000441097741714, 0.000348642497556, 0.000358850840712, 0.000194074353203, 0.000110849141493, 6.39934005449e-05, 2.5244686185e-05, 0.000116030561912, 0.000798563007265], "dvar2": [0.000124231824884, 0.000548790616449, 6.4705760451e-05, 1.49367633639e-05, 4.52340391348e-05, 4.61903473479e-05, 2.97587994282e-05, 6.84787437422e-06, 1.97943954845e-05, 5.35097842658e-06, 2.0483823846e-06, 2.51915753324e-06, 1.20023912586e-06, 2.99483673416e-07, 1.98992637479e-07, 1.20257766412e-07, 1.01428966559e-07, 1.33636746114e-07, 5.10554741595e-07, 3.47731827333e-07, 4.00671780199e-07, 1.14622345393e-07, 3.09598817694e-08, 1.24444543559e-08, 2.146431477e-09, 3.98842914251e-08, 1.65308244959e-06], "max": [0.101839035749, 0.165117830038, 0.058431878686, 0.0417050719261, 0.0977343544364, 0.0748639553785, 0.124491348863, 0.0331226214767, 0.0620050430298, 0.0412875451148, 0.0188245270401, 0.0239732917398, 0.0175119526684, 0.00918459892273, 0.0075555597432, 0.00685188919306, 0.00323747633956, 0.00331079075113, 0.00765991397202, 0.011613721028, 0.0070725842379, 0.00232063932344, 0.00153971940745, 0.00112493382767, 0.000355100986781, 0.00171918026172, 0.00706154573709], "median": [0.00113134668209, 0.00354531221092, 0.00219336641021, 0.00107761169784, 0.00213940115646, 0.00106789520942, 0.00055593426805, 0.000378028897103, 0.000471999577712, 0.000286274123937, 0.000198364199605, 0.000200998038054, 0.000183828640729, 0.000141172713484, 0.000154766705236, 0.000105750310468, 0.000116954688565, 0.00013066388783, 0.00012764269195, 9.81550765573e-05, 8.5702733486e-05, 4.58844042441e-05, 2.7185997169e-05, 1.15584989544e-05, 3.03159868054e-06, 1.99520090973e-05, 0.000329693488311], "var": [6.73910835758e-05, 0.000329369533574, 2.70456348517e-05, 7.128919151e-06, 2.53186208283e-05, 4.25241960329e-05, 2.79422256426e-05, 4.32994283983e-06, 1.33729099616e-05, 3.01131308333e-06, 1.29910336e-06, 1.92008928934e-06, 6.66675873617e-07, 1.32121627416e-07, 1.03056912337e-07, 1.01205138492e-07, 5.67076696711e-08, 9.31238943735e-08, 3.1951341839e-07, 3.32510836643e-07, 3.18232224572e-07, 8.53854373872e-08, 2.28882939268e-08, 8.92311202705e-09, 1.0554183083e-09, 2.70862035023e-08, 1.13418343517e-06]}, "spectral_complexity": {"mean": 20.2460460663, "dvar": 48.7242126465, "min": 0, "dmean": 6.87606906891, "dmean2": 9.34855270386, "dvar2": 74.3141479492, "max": 61, "median": 17, "var": 145.031265259}, "spectral_energyband_high": {"mean": 0.00150841497816, "dvar": 3.75365016225e-06, "min": 7.43633351201e-21, "dmean": 0.0011860266095, "dmean2": 0.0016784715699, "dvar2": 7.41594885767e-06, "max": 0.0178653392941, "median": 0.000522675865795, "var": 5.74354680793e-06}, "hfc": {"mean": 133.069015503, "dvar": 5767.24511719, "min": 1.13215508991e-16, "dmean": 61.8570709229, "dmean2": 92.5627441406, "dvar2": 13349.3457031, "max": 2397.53295898, "median": 109.509155273, "var": 9520.21875}, "melbands_kurtosis": {"mean": 21.1918411255, "dvar": 720.36151123, "min": -1.83310651779, "dmean": 13.970621109, "dmean2": 22.1873950958, "dvar2": 1750.45935059, "max": 495.425231934, "median": 10.9554052353, "var": 1113.24182129}, "spectral_strongpeak": {"mean": 1.33878564835, "dvar": 86.7053527832, "min": 0, "dmean": 1.8097628355, "dmean2": 3.43955779076, "dvar2": 256.459655762, "max": 244.776855469, "median": 0.312322646379, "var": 48.2637214661}, "silence_rate_30dB": {"mean": 0.957434117794, "dvar": 0.0497534796596, "min": 0, "dmean": 0.0525164119899, "dmean2": 0.105043269694, "dvar2": 0.119473226368, "max": 1, "median": 1, "var": 0.0407504551113}, "melbands_spread": {"mean": 17.915763855, "dvar": 105.062339783, "min": 0.724553525448, "dmean": 7.96027851105, "dmean2": 12.0342769623, "dvar2": 219.733383179, "max": 169.749542236, "median": 13.3556175232, "var": 260.580780029}, "melbands_crest": {"mean": 15.9076356888, "dvar": 16.1429424286, "min": 1.74590289593, "dmean": 4.80730247498, "dmean2": 7.66686487198, "dvar2": 37.5556755066, "max": 38.3837280273, "median": 14.6682786942, "var": 43.2511520386}, "average_loudness": 0.933155536652, "spectral_flux": {"mean": 0.127769947052, "dvar": 0.00130203505978, "min": 6.37881206189e-11, "dmean": 0.0363710299134, "dmean2": 0.0559859275818, "dvar2": 0.0028041000478, "max": 0.467273592949, "median": 0.122319988906, "var": 0.0030280451756}, "spectral_rolloff": {"mean": 9455.1875, "dvar": 59082952, "min": 21.533203125, "dmean": 5453.74902344, "dmean2": 10173.5605469, "dvar2": 134785824, "max": 22028.4667969, "median": 3445.3125, "var": 89824288}, "melbands": {"mean": [0.00346954166889, 0.00240173493512, 0.00110456219409, 0.00072884990368, 0.000717709888704, 0.000671558489557, 0.000448709732154, 0.000241273533902, 0.000216230735532, 0.000225246898481, 0.000164906072314, 9.62135600275e-05, 7.71435443312e-05, 7.643547724e-05, 6.20426581008e-05, 3.56226519216e-05, 2.34448489209e-05, 1.84949185495e-05, 1.98453817575e-05, 1.48686012835e-05, 1.29062464111e-05, 1.15684624689e-05, 1.16006294775e-05, 1.18743082567e-05, 1.23314084703e-05, 1.39003377626e-05, 9.96518610918e-06, 9.5011164376e-06, 9.03101772565e-06, 6.92408866598e-06, 5.63694493394e-06, 3.90950754081e-06, 2.69692577604e-06, 1.96275391318e-06, 1.54988549639e-06, 9.03348791326e-07, 6.71469706504e-07, 5.38235383374e-07, 3.90673648099e-07, 1.50292180479e-07], "dvar": [3.27137167915e-05, 1.15002194434e-05, 9.99784901978e-07, 6.14814211986e-07, 1.1177273791e-06, 8.38447306251e-07, 6.18030355781e-07, 1.21321775737e-07, 1.23661422435e-07, 1.87184213019e-07, 7.81833762176e-08, 3.08623135936e-08, 1.55373562905e-08, 1.65866698154e-08, 8.40762837129e-09, 3.13862291712e-09, 1.14429510312e-09, 5.4928656068e-10, 5.39181588266e-10, 2.03902492113e-10, 2.82332768275e-10, 1.43443881773e-10, 1.55089108222e-10, 1.67406186136e-10, 2.16814996512e-10, 4.54185411503e-10, 2.06379538459e-10, 1.85341145209e-10, 1.7282222875e-10, 9.88012796577e-11, 8.54934040229e-11, 3.48645314008e-11, 1.78531980866e-11, 8.49130488145e-12, 4.79936706696e-12, 1.97650511409e-12, 1.33794321108e-12, 9.579269886e-13, 5.9450632351e-13, 8.98755421756e-14], "min": [3.14975731426e-24, 1.07854660405e-24, 2.87156748819e-24, 3.5921996165e-24, 4.54090661809e-24, 6.45634135978e-24, 4.64965109387e-24, 3.99267195479e-24, 3.75780794735e-24, 6.71141085601e-24, 7.61194764414e-24, 8.22421493598e-24, 9.25472129141e-24, 9.09409027844e-24, 4.83791827093e-24, 3.90754439678e-24, 5.97781794024e-24, 9.46160558583e-24, 9.05387730494e-24, 6.82513383297e-24, 7.60687053535e-24, 8.17935320516e-24, 6.64107443998e-24, 7.61832558456e-24, 4.35653010302e-24, 4.39655217218e-24, 8.29594369151e-24, 8.53527856813e-24, 9.90179549297e-24, 8.3836421472e-24, 9.90577214079e-24, 6.42008294599e-24, 6.03668786858e-24, 6.97935929538e-24, 8.03816682465e-24, 9.75334133694e-24, 8.9650902212e-24, 9.41054104171e-24, 9.36321175398e-24, 9.94869011834e-24], "dmean": [0.0029019464273, 0.0020342990756, 0.000742452510167, 0.000511180318426, 0.000630636292044, 0.000455418514321, 0.000297728576697, 0.000164688564837, 0.000164279801538, 0.000165684177773, 0.000121561082778, 7.18214068911e-05, 5.54018042749e-05, 5.34195569344e-05, 4.48855244031e-05, 2.65444705292e-05, 1.81723571586e-05, 1.39421154017e-05, 1.41275222632e-05, 1.00111283245e-05, 9.46153977566e-06, 8.25880488264e-06, 8.18733042252e-06, 8.273936146e-06, 9.69726443145e-06, 1.20175836855e-05, 7.91695310909e-06, 7.64682317822e-06, 7.46991645428e-06, 5.61576598557e-06, 4.99736415804e-06, 3.33932212015e-06, 2.31232320402e-06, 1.68005385603e-06, 1.35315360694e-06, 7.96171036654e-07, 6.14686200606e-07, 5.26976975834e-07, 3.97287266196e-07, 1.57927232181e-07], "dmean2": [0.00438842875883, 0.00343038095161, 0.00125324761029, 0.000843582267407, 0.00103425350972, 0.000704151811078, 0.000467022851808, 0.00026124442229, 0.000260402477579, 0.000264159025392, 0.000195209431695, 0.000115776492748, 8.82598105818e-05, 8.64406392793e-05, 7.30426327209e-05, 4.3355015805e-05, 2.97485075862e-05, 2.24200848606e-05, 2.28788903769e-05, 1.61143852893e-05, 1.49832385432e-05, 1.32727027449e-05, 1.28771926029e-05, 1.28282026708e-05, 1.46962311192e-05, 1.78963418875e-05, 1.16198043543e-05, 1.14110071081e-05, 1.10813898573e-05, 8.20960667625e-06, 7.39974575481e-06, 4.87116585646e-06, 3.41196709996e-06, 2.4683065476e-06, 2.01750231099e-06, 1.194970082e-06, 9.18571913644e-07, 7.85714121321e-07, 5.98757935677e-07, 2.42363057623e-07], "dvar2": [7.09383457433e-05, 3.04777950078e-05, 2.74118769994e-06, 1.45939509366e-06, 2.66267147708e-06, 1.79519634003e-06, 1.47262289829e-06, 2.91880610348e-07, 2.86920112558e-07, 4.69719850571e-07, 1.91895637158e-07, 7.54404965164e-08, 3.72658597314e-08, 4.14540402005e-08, 2.07388222151e-08, 8.0134929803e-09, 2.93120860917e-09, 1.35137989687e-09, 1.36079358892e-09, 5.09473074839e-10, 7.23626769616e-10, 3.56535245771e-10, 3.78015369007e-10, 3.932869308e-10, 4.67750838062e-10, 9.84951675775e-10, 4.32947344642e-10, 4.00460664629e-10, 3.64620111881e-10, 2.11700018626e-10, 1.8844047156e-10, 7.23859375218e-11, 3.91373877751e-11, 1.82966090195e-11, 1.02632945545e-11, 4.35449983363e-12, 2.92602097066e-12, 2.01461070048e-12, 1.26815018989e-12, 2.02816238738e-13], "max": [0.0630658566952, 0.0430046096444, 0.0147371171042, 0.0263870768249, 0.0168748833239, 0.0171850696206, 0.0285011529922, 0.00693886866793, 0.0075514158234, 0.0122177237645, 0.00495539791882, 0.00395900337026, 0.00218563852832, 0.00353808444925, 0.00227510649711, 0.00209457613528, 0.000977915828116, 0.000627753848676, 0.000477092544315, 0.000258576037595, 0.000566937495023, 0.000243833594141, 0.000166203462868, 0.000189589220099, 0.000194697830011, 0.000309589406243, 0.00055163592333, 0.000296251906548, 0.000234903913224, 0.000164661774761, 0.000115031463793, 7.51539482735e-05, 4.87103570777e-05, 3.04778150166e-05, 3.36793054885e-05, 2.14158935705e-05, 1.96644868993e-05, 1.31219067043e-05, 7.26037478671e-06, 3.09988035951e-06], "median": [0.00110540387686, 0.00129566714168, 0.000740925373975, 0.000427087652497, 0.000291187083349, 0.000193658692297, 0.000126473445562, 8.55402613524e-05, 7.4190334999e-05, 6.40647267574e-05, 5.31396690349e-05, 3.40334481734e-05, 2.8218366424e-05, 2.3166066967e-05, 2.26996871788e-05, 1.63561689988e-05, 1.28100200527e-05, 1.037831953e-05, 1.21375960589e-05, 9.09773552848e-06, 6.24279891781e-06, 6.85823624735e-06, 6.56133215671e-06, 6.35126525594e-06, 4.98540157423e-06, 4.59414604848e-06, 3.47585660165e-06, 2.89540298581e-06, 2.63432139036e-06, 1.98049406208e-06, 1.34234221605e-06, 1.01715568235e-06, 7.77544300945e-07, 5.60852868148e-07, 4.42439926474e-07, 2.74331881656e-07, 1.78678618568e-07, 8.84319888428e-08, 5.14489819636e-08, 2.84724617217e-08], "var": [4.34139728895e-05, 1.12584302769e-05, 1.42769204103e-06, 1.11574661332e-06, 1.46989918903e-06, 1.82841324659e-06, 1.39998326176e-06, 2.29226600368e-07, 1.94333907189e-07, 2.87690880896e-07, 1.21901564398e-07, 4.26406181475e-08, 2.52757512698e-08, 3.10341015108e-08, 1.33922801737e-08, 4.04049638192e-09, 1.21662846464e-09, 6.71418309839e-10, 6.65413502077e-10, 3.30595190112e-10, 5.63054047831e-10, 1.93547913807e-10, 2.23924087606e-10, 2.51851484112e-10, 3.13505027494e-10, 5.63177005031e-10, 3.37535360773e-10, 3.36163208381e-10, 2.90512086609e-10, 1.7686394016e-10, 1.21144011489e-10, 5.16689989405e-11, 2.4456214831e-11, 1.22061024482e-11, 6.8071780851e-12, 2.81958007289e-12, 1.8226299376e-12, 1.26850873555e-12, 7.26070733485e-13, 1.00341650679e-13]}, "spectral_energy": {"mean": 0.0423839502037, "dvar": 0.000454926834209, "min": 1.02565040285e-20, "dmean": 0.0184836015105, "dmean2": 0.0270166452974, "dvar2": 0.000896251294762, "max": 0.265298306942, "median": 0.0345975197852, "var": 0.000992515706457}, "spectral_decrease": {"mean": -8.03188626719e-09, "dvar": 2.56802307439e-17, "min": -6.23638172215e-08, "dmean": 4.07974232175e-09, "dmean2": 6.12729378346e-09, "dvar2": 5.3898837251e-17, "max": 2.51917224858e-08, "median": -5.89782089833e-09, "var": 5.12818197727e-17}, "erbbands_spread": {"mean": 41.1127243042, "dvar": 98.342666626, "min": 3.41099572182, "dmean": 11.1529588699, "dmean2": 16.8009185791, "dvar2": 209.810760498, "max": 187.250717163, "median": 40.492893219, "var": 360.364868164}, "spectral_contrast_coeffs": {"mean": [-0.668715298176, -0.766194522381, -0.797191500664, -0.820138454437, -0.82078653574, -0.715958356857], "dvar": [0.00225432496518, 0.0017298492603, 0.0011023361003, 0.000533814541996, 0.000301660853438, 0.00102385913488], "min": [-0.964848577976, -0.97880166769, -0.9838976264, -0.985548973083, -0.976523518562, -0.961189985275], "dmean": [0.061122611165, 0.052447758615, 0.0414182506502, 0.028817217797, 0.0218850709498, 0.0389738231897], "dmean2": [0.100428961217, 0.0865904837847, 0.0679162070155, 0.0478119030595, 0.0344644226134, 0.0588529706001], "dvar2": [0.00589137012139, 0.00451580761001, 0.00289847422391, 0.00143668579403, 0.000723016506527, 0.00242783385329], "max": [-0.336867392063, -0.443215966225, -0.496904045343, -0.627999782562, -0.685646891594, -0.407457828522], "median": [-0.669409811497, -0.775084197521, -0.806166946888, -0.822533786297, -0.822194695473, -0.713627099991], "var": [0.0063848705031, 0.00477039301768, 0.00347699061967, 0.00136401457712, 0.000896535988431, 0.00376979797147]}, "spectral_energyband_middle_high": {"mean": 0.00392987206578, "dvar": 6.53887764201e-06, "min": 1.31461668042e-21, "dmean": 0.00201300880872, "dmean2": 0.00294147478417, "dvar2": 1.46817692439e-05, "max": 0.0461673289537, "median": 0.00246496847831, "var": 1.70449548023e-05}, "erbbands_crest": {"mean": 7.77385091782, "dvar": 6.77942180634, "min": 2.29704546928, "dmean": 2.67524147034, "dmean2": 4.31143760681, "dvar2": 16.2378978729, "max": 28.9735107422, "median": 6.53835248947, "var": 16.4142513275}, "barkbands_crest": {"mean": 9.85766220093, "dvar": 7.11932229996, "min": 2.43633198738, "dmean": 3.20562386513, "dmean2": 5.31080913544, "dvar2": 18.387386322, "max": 24.5868606567, "median": 9.07238769531, "var": 16.3241596222}, "pitch_salience": {"mean": 0.573385059834, "dvar": 0.00600961409509, "min": 0.0584404468536, "dmean": 0.090625308454, "dmean2": 0.144479498267, "dvar2": 0.0141871748492, "max": 0.872524440289, "median": 0.599797606468, "var": 0.0164961107075}, "melbands_skewness": {"mean": 3.27064704895, "dvar": 1.56800830364, "min": -1.76753771305, "dmean": 1.16433525085, "dmean2": 1.78052508831, "dvar2": 3.46242380142, "max": 20.593296051, "median": 2.83181190491, "var": 4.65283346176}, "spectral_spread": {"mean": 4660934, "dvar": 526605910016, "min": 1559950.75, "dmean": 607500.5625, "dmean2": 877854.25, "dvar2": 998932283392, "max": 45874176, "median": 4616333, "var": 1898301227010.0}, "spectral_entropy": {"mean": 7.64423894882, "dvar": 0.0381076782942, "min": 5.47486591339, "dmean": 0.207820147276, "dmean2": 0.293281108141, "dvar2": 0.0712616443634, "max": 9.80499839783, "median": 7.70841407776, "var": 0.14621886611}, "erbbands_flatness_db": {"mean": 0.116069287062, "dvar": 0.000452398904599, "min": 0.0327786765993, "dmean": 0.0233834013343, "dmean2": 0.0334054231644, "dvar2": 0.00083104922669, "max": 0.324948191643, "median": 0.104450710118, "var": 0.00190811988432}, "spectral_kurtosis": {"mean": 11.1182384491, "dvar": 9.14823436737, "min": -1.21101522446, "dmean": 2.81790566444, "dmean2": 4.12227582932, "dvar2": 20.1871433258, "max": 53.0825462341, "median": 9.98387145996, "var": 24.1552219391}, "erbbands_skewness": {"mean": 0.327051252127, "dvar": 0.172943279147, "min": -2.81205487251, "dmean": 0.470674425364, "dmean2": 0.699239611626, "dvar2": 0.351500332355, "max": 5.23195838928, "median": 0.267517119646, "var": 0.77411866188}, "erbbands_kurtosis": {"mean": 0.754524767399, "dvar": 3.57027864456, "min": -1.78714609146, "dmean": 1.30905437469, "dmean2": 2.06269884109, "dvar2": 7.93951654434, "max": 45.552986145, "median": -0.134461402893, "var": 7.56495761871}, "barkbands_spread": {"mean": 27.1263713837, "dvar": 126.127151489, "min": 0.879879057407, "dmean": 10.3859195709, "dmean2": 15.1914587021, "dvar2": 227.775909424, "max": 137.983062744, "median": 19.9729976654, "var": 421.303436279}, "zerocrossingrate": {"mean": 0.231270447373, "dvar": 0.00101764686406, "min": 0.0166015625, "dmean": 0.0394723489881, "dmean2": 0.0494829080999, "dvar2": 0.00159416440874, "max": 0.57080078125, "median": 0.22509765625, "var": 0.00632413802668}, "spectral_centroid": {"mean": 1245.83874512, "dvar": 161985.34375, "min": 180.940826416, "dmean": 376.833679199, "dmean2": 529.989135742, "dvar2": 289184.59375, "max": 11107.1474609, "median": 1029.56298828, "var": 538834.5}, "barkbands_skewness": {"mean": 2.37311863899, "dvar": 0.675478339195, "min": -2.9262444973, "dmean": 0.867111742496, "dmean2": 1.31320750713, "dvar2": 1.53013145924, "max": 12.0281324387, "median": 2.10269498825, "var": 2.27237987518}, "melbands_flatness_db": {"mean": 0.226457759738, "dvar": 0.00109996844549, "min": 0.00421360740438, "dmean": 0.0406905151904, "dmean2": 0.0587468333542, "dvar2": 0.00222591892816, "max": 0.562551558018, "median": 0.229539111257, "var": 0.00488867843524}, "spectral_contrast_valleys": {"mean": [-6.76571273804, -6.41511249542, -7.00393629074, -7.48258399963, -7.33259439468, -10.6535806656], "dvar": [0.177655994892, 0.163330987096, 0.137434974313, 0.137108251452, 0.159572467208, 0.274749666452], "min": [-27.8637313843, -27.4059333801, -27.4666194916, -27.3649406433, -27.3316802979, -27.2462081909], "dmean": [0.444265067577, 0.4291472435, 0.37470754981, 0.366224199533, 0.399319291115, 0.638684689999], "dmean2": [0.711511492729, 0.668656289577, 0.577551782131, 0.53847104311, 0.517356693745, 0.896223366261], "dvar2": [0.356729447842, 0.323395043612, 0.254265338182, 0.234714850783, 0.246263995767, 0.535624444485], "max": [-4.94061899185, -4.4375667572, -5.23464441299, -5.77594518661, -5.45743656158, -8.48980617523], "median": [-6.67811155319, -6.31246328354, -6.90186882019, -7.36980962753, -7.25057888031, -10.6261634827], "var": [0.82097029686, 0.990314126015, 0.938475370407, 0.875112652779, 1.04121243954, 1.05254507065]}, "barkbands_flatness_db": {"mean": 0.124467112124, "dvar": 0.000708706618752, "min": 0.0127836186439, "dmean": 0.03120665811, "dmean2": 0.0461500398815, "dvar2": 0.00152054347564, "max": 0.39750751853, "median": 0.122550398111, "var": 0.00290131382644}, "barkbands_kurtosis": {"mean": 10.0001344681, "dvar": 104.725257874, "min": -1.95324826241, "dmean": 6.67486429214, "dmean2": 10.4709663391, "dvar2": 258.672729492, "max": 189.952957153, "median": 5.759843