{"metadata": {"audio_properties": {"downmix": "mix", "bit_rate": 192000, "lossless": false, "md5_encoded": "7cf26b12f0e1ccd291e2eaf4194216e8", "analysis_sample_rate": 44100, "sample_rate": 44100, "replay_gain": -5.0788936615, "equal_loudness": 0, "codec": "mp3", "length": 189.335510254}, "tags": {"date": ["1969"], "bpm": ["107.27"], "musicbrainz_albumid": ["b58fb082-8745-45e1-ab57-eefa3039ac0e"], "musicbrainz_recordingid": ["35f319e1-6fa6-4d03-bb7a-e679717a755c"], "musicbrainz_artistid": ["4d3279bc-b3de-45da-aa2c-2274ef08c6dd"], "musicbrainz album type": ["Compilation"], "acoustid_id": ["26d50329-d261-4b52-b58b-73c3901d24c5"], "file_name": "Jay & The Americans - Gypsy Woman.mp3", "musicip_puid": ["45ab0596-5cc5-f9ed-7edc-f96c82d3cfe4"], "album": ["Sands of Time & Wax Museum"], "artist": ["Jay & The Americans"], "title": ["Gypsy Woman"], "acoustid_fingerprint": ["AQADtNKiyEk04cqFkGGOhBfecHic4rLwHacohNeyIrGio5mOPp1wLi_6SXD0JynK3MiPH12WsGh4fElW4cfVqGiHMGMm5CyeQ7Nyodpwh9DmREWY4_nQHs2FwCuPG1qUZGtQssZ3o-whxodjOoK-THiGUBI-NeiY5EhfVCrK_BCP5h-uKB30ufBi5BTxxagSPvjR57ge5JqCS5nRH00t3ILuo5LxF_lx5bBzhMd7uGKGL5BvE00unNDKxbhw9A_CJMZXE8_RR4Z_PNcQ8g5xQj-aH3HQ5LiV46G6IFdCQ1dio6cRpg8-4dLR6YJfBH546PqMFO3Rp4OnjUaPLlSQMNcQFv9x5fjRJJVQiVGCH5eHpkduiE-QD76O8iF-VNGDH8dR-3iKJ_CeEX_wHNXxRSsFz9En5BGhXUNoG864HO_RqHzwM8OHH6V6lNEU5If6D1a94NI1FT9KfVKRPAyeLBqD0yec53iDi1mMI4euhRSeD9_xVCl8VD6eZ3hR7ocPXdLwUxD55PhjHI1y_MShfwjjJDqeo1lPXDyaUIk0dBeDmE5U_NDyH-WTCe-gWSnSWPHw_Cr8C8WPozl71MPZ1Wiv4jx8I_QvqGbwZkXOF9WWHO6FU0mOD2kHjcSFPGjiLOgm4jVy_KegHc11fLvxvUbZBz7C7-jT4rFwSvlg8gitQ0ceo3phiaEkfD4u_EctJA93hA_hfUN94cMTo3mUw6N0tMeRRye0H2GqsDh-XFGCMziaH-2yHLmrBMlg_niWwsmOHv9whcee5ThP4mCe2LgN5AnEaMl6FHnxH9-FUA6YjDy0Lq0wZaSR50QPF3EqXMwhUkd_hKYM38H1EdaSScKpjMiHGyIPR08qhOuN0MohpghFMT2uTAzOC0fz4MfzxEQzHlcePGguXSj6oOlG4Tl-Bnl8aEgfScOdFGlOdGEHXcH3COElI8wl4tAj5G9wNCMfdGbx48ejCh--4-eK3set4VFY4XKPKc-Cl_h_5CKkZDnjIeSHPofVox-4o0yS5Me1HOWN80WeJGSEKjPE_Ar26QryD_7xrjizCJ7U5Qi7TMSP9-j0wZF6aM8QPof3oM2U44t0Yj_sGFdeXMeTp_hjoefRVAmeHHuOH_-G_8Fz-Mzx7Mj9IvlQSrvRn8Nx_NgTgneKYzj6J4R_5BBxmDee58aPRxc0_8hxS8MUShRKfeDD4z8cZkgu7cjxg2rC4Mtm40ezo5-FpxYe9FWRhxOk8Iiu4Itx48qPKxNyMhX6o_kSEj-O7kkliFuIj0Eu_EZzHvmDZCQtmNlx-Dn641RioWmyMUH46NCPMD3qhDHxjMcDYz-PJxW-aviMSDySH70U_Pil48vw8fjRfEGPHHophNTX4h8-Evfx44d_JHuOHM3KGL3xXcRjauhzpIeOfPB3Ij90w1w2DumOPi_iHprFoHmO_MeT4SJPfAvC54KWKg9x7CUmO4bYLEH4D8cdPLmCv_iNk0fTI_UUJIenEa2P2xO666gWRxFuPFqQD9qXESlHE5WYK3jxB_nRHs2kJYP2S_BEC1q5-GiS3KjsDc-RP5LwNUKuHO0hsgp6hQtUJ0eu48fRRtnhpnnwLoZ_-EPt5NHw4zqDhMuFWDfe3EA_eFIUmFWOkCv0zIh1NB_aFX3MwcwY_Ca8H13DI5YH3UPYL3BFGz0-4cGX4RSRPGsQqikahXWCLyLROin8CDfS0YT2ILSPxmF2vDmumeh1PBp-tMMRNrqQMFWLJzcenJTRHw-PPyueGM079HGE60jOC_GW5biOLpKp4cdFGw-DH7WPp_gV2JGOvQlyqJYkHZmSZqGC28IE__gxPUd2QuOPSOHy4UrY4EeDHncu5L-0QWWP_EN9IB2lC9pZIRdKDudRtceYSAXNIfkRKZOSo06M5gqueGgu46kjXDhPPPnRMDamZ8F18BjHS-j3CE0ppcUX4jd6H9YP1yl-hPkMdV2OfB8uo6Io-EGn5UKtR_DWIBchzkd6GZ2mC89xOiV6I_2heUd0H9-I78Ql_AczujmcJpGR5DrSw-vR8gom8juYHDmhRzyio3pWdMYf1EfzOniO8IEnZVHwjYeHvMfh6A_K7DjyGFrOHKGNJ0p-fMQf9GOKpsbDhMiVIVlO9MeXWUaV_CkiJZSgM0LKCieDp3gO5mIieNONR-NR6Xkx4zpO6cMVJUEuJLOyHKePM4uFnvLw4Te6HyO1HFek4mj2HJdo4ckF3iLMCzN7CXemDW6uYV_yCPmP5HCT41tMjCnRoyF77JXwAJHC8Uj-GM1TvDve48qL__hzNM9RTjny6IIeIzx-NKF44UfzHuFf6MqFfEVJ7ngG77gelEqWNMgpKH4QpjfaJEyHOw9-wXlxErc0PIVfGUmstUGYHX0LfDvxKceHXkJz5FKgG2F-HPiOixb8IzwS_Gi64-EDPwoz9BFubcclTUQFd4uDkw16JEGGF3ce4l_gfA_OI_myIk90-Cvuk-BTwz3yhkhywif-4MK7wcoSGRfiz0LyHHYuXEflHL4OjyGFZOuCHLuOVjq87vhyHPbhkPrRJ0feQUvGBeFxNPbANDr6HGnFwym6PSXU7WhWjtCO_Th6wzmUKflwIU92WC-yHT_EMcsWDtEPD7WkC1eCPtThWUGPH-GyE_px70jDA4QcEpIBBYBSAAACAHAGGUeAJIoKQqUzwAIJACKKMAGJoggoohwBRgHiCBFIEWEkMMg4pIgBlCHFBJAGIGCIcQgRQQgwQgmgAGEQMCKoMo4QgYwiCjMoDAMGAQMIFaUpJYwE2hBBASEAAGShccoAAIAhwhAiiBPACOIEYQQiYKQAljgAAKDMAQSKEVQAI4xiAhihACACISeCIIAAYIQQTBkiHPfcCQEwEEIBYYRxQhIEDJgGGEgIQIISBQAgEFJDFGAIKMSBAQYhJjwQDgBDjFhIAKUQEEhIgAJAhjBAACZAGEaQkEBQQYBBhAJhmSCEAGEEIUgIZwgQhQnIBAQUCcCYIQAoAAAxQgkiKBYCAUEYEQAIQYBBCiAGGANaUOGIcAQhgAQASBAonEPOMAAIsMAxZYQBxIBLkQCQDCUIMwAAAAQiQEgkGHFAAOQECAxKYs0QWjGIhAGCGKCcGEA4AoBxkikCCSAECsUEQABQaoiCgggmACBGECGcAQwBIi2gSBCkqAIOCGA4GMQAIwRCQjICBAAIGKQRARAARokRRCgIABBaGSIEIIIwwICgwhBiDCEIYADNUAQJAZRBgAiBjEDEAiAAQRARJR1BSAgFjCDACAMRGUBYApxxBDAkiEWAMAQIUQYoigwUFhADGCOKEAAIogIQAABBzADikADIEQEpQ8QoAwSSKADhDDGGEIaEYkQhYIwSCBHAgKFEICcIEFAIARARgCqCBACGCaUQAA4xIZRYAAEkAFNKGSqkEQIQxggjgAhgBFFIAUaIAggBIwwSgigBBAFECOEEM0gDahkQiChjCAFACEGQkMRAZZRRDAglhDCEGgaMcMAIbAwSQQsghCBCIQAICA4ppgxGihEIhCCoASKQAMABIYkwAADDmCEGDEQMIoZAJyQiDgAlABJCIEGEQIgrgxgRRAFmmAIAOMAwYARBASg"], "tracknumber": ["07"], "musicbrainz_albumartistid": ["4d3279bc-b3de-45da-aa2c-2274ef08c6dd"], "genre": ["Pop"]}, "version": {"essentia_build_sha": "2d9f1f26377add8aeb1075a9c2973f962c4f09fd", "essentia_git_sha": "v2.1_beta2-1-ge3940c0", "extractor": "music 1.0", "essentia": "2.1-beta2"}}, "tonal": {"chords_scale": "minor", "hpcp": {"dmean": [0.0975973904133, 0.0761086642742, 0.0760066956282, 0.082522764802, 0.10138540715, 0.130854412913, 0.138525903225, 0.126956358552, 0.0991004928946, 0.0846591889858, 0.0846370607615, 0.11481987685, 0.143861219287, 0.148487329483, 0.109904877841, 0.0870186462998, 0.0910479798913, 0.117344677448, 0.131425529718, 0.103130102158, 0.0875173658133, 0.0820395648479, 0.084609888494, 0.12017274648, 0.107052452862, 0.0690055787563, 0.107537023723, 0.125668868423, 0.121916726232, 0.12005725503, 0.134417042136, 0.165770232677, 0.207357555628, 0.218005388975, 0.21459287405, 0.160465747118], "dvar2": [0.0917384326458, 0.0745934844017, 0.0638422816992, 0.0665118917823, 0.0867743194103, 0.0988979563117, 0.105461359024, 0.103845745325, 0.0950000807643, 0.0891208872199, 0.0860686451197, 0.10134537518, 0.123998619616, 0.133806571364, 0.104546643794, 0.0868293344975, 0.0863061994314, 0.0916988700628, 0.0926187261939, 0.0717611312866, 0.06729619205, 0.0639348849654, 0.0516220740974, 0.0851912871003, 0.0696085616946, 0.052363909781, 0.0825859308243, 0.094266474247, 0.0847988426685, 0.096895955503, 0.11288407445, 0.12994544208, 0.137998372316, 0.146868661046, 0.169265031815, 0.168068706989], "mean": [0.0760112851858, 0.063301704824, 0.0808314085007, 0.0981202423573, 0.101860545576, 0.172765627503, 0.235907524824, 0.163300260901, 0.0870541408658, 0.0720775723457, 0.0743436068296, 0.128157824278, 0.196566790342, 0.163341462612, 0.0892997160554, 0.0682396665215, 0.0808289349079, 0.154848232865, 0.19825682044, 0.125397264957, 0.101379938424, 0.132395252585, 0.115082249045, 0.152418166399, 0.134841173887, 0.0706380903721, 0.136459454894, 0.204560399055, 0.163252919912, 0.11026571691, 0.111090928316, 0.161090180278, 0.306937724352, 0.374562650919, 0.246707573533, 0.121232822537], "var": [0.0284481160343, 0.0225961152464, 0.0289588142186, 0.0373366288841, 0.0314318612218, 0.062825076282, 0.105912744999, 0.0601933673024, 0.0300410501659, 0.027506602928, 0.0275278165936, 0.04667359218, 0.0911753028631, 0.0648066401482, 0.0339405611157, 0.0259339511395, 0.0281440541148, 0.0526056885719, 0.0726401731372, 0.0360244512558, 0.0321611426771, 0.0652406662703, 0.0304293800145, 0.0566897541285, 0.0425256155431, 0.0195913407952, 0.0474719330668, 0.0907336622477, 0.0601537935436, 0.0377479977906, 0.0386310964823, 0.0536439940333, 0.102733708918, 0.133423790336, 0.0818904787302, 0.0499022789299], "dmean2": [0.176235109568, 0.138144865632, 0.135809957981, 0.145864054561, 0.179659590125, 0.226110622287, 0.234835296869, 0.218521609902, 0.177505910397, 0.151727080345, 0.151246473193, 0.199800342321, 0.249074965715, 0.25837162137, 0.196850955486, 0.156239673495, 0.164298340678, 0.202696502209, 0.220585167408, 0.175641700625, 0.151545092463, 0.137365058064, 0.142679125071, 0.202103942633, 0.179038077593, 0.12134667486, 0.183509126306, 0.21415014565, 0.207261070609, 0.210286363959, 0.240352347493, 0.292002528906, 0.357003211975, 0.378252089024, 0.374740064144, 0.294715613127], "dvar": [0.0340625755489, 0.0268676746637, 0.0234280750155, 0.0251820012927, 0.0309357792139, 0.0369543768466, 0.0452483817935, 0.0398271903396, 0.0350628904998, 0.0332640372217, 0.0309315975755, 0.0370043776929, 0.0504282265902, 0.0514872483909, 0.0403033047915, 0.0324532464147, 0.0313652344048, 0.0343172997236, 0.0368509478867, 0.0269518494606, 0.0244995411485, 0.0268132183701, 0.0190042182803, 0.0356570705771, 0.0280239898711, 0.0194615442306, 0.0310763921589, 0.0384438708425, 0.0323843844235, 0.0365379117429, 0.0426966436207, 0.048335570842, 0.0525942631066, 0.0612946338952, 0.0636093094945, 0.0627507716417], "min": [0, 0, 0, 0, 0, 0, 0, 0, 0, 0, 0, 0, 0, 0, 0, 0, 0, 0, 0, 0, 0, 0, 0, 0, 0, 0, 0, 0, 0, 0, 0, 0, 0, 0, 0, 0], "median": [0.00994307175279, 0.00837209261954, 0.0145368929952, 0.0213609654456, 0.0278450474143, 0.0507228635252, 0.0682494342327, 0.0461186058819, 0.0205857641995, 0.014341916889, 0.0135740526021, 0.0276392754167, 0.0426363274455, 0.037671238184, 0.0159298405051, 0.00915152207017, 0.0153330750763, 0.0556607171893, 0.0796311050653, 0.0499004423618, 0.0215265974402, 0.011925669387, 0.038831859827, 0.0507070571184, 0.0458106584847, 0.0228331573308, 0.0375405699015, 0.0510985963047, 0.0433140434325, 0.0265962518752, 0.0253425016999, 0.0588376969099, 0.180609822273, 0.240847110748, 0.120397314429, 0.0256920605898], "max": [1, 1, 1, 1, 1, 1, 1, 1, 1, 1, 1, 1, 1, 1, 1, 1, 1, 1, 1, 1, 1, 1, 1, 1, 1, 1, 1, 1, 1, 1, 1, 1, 1, 1, 1, 1]}, "tuning_equal_tempered_deviation": 0.0461629591882, "chords_key": "G#", "chords_strength": {"dmean": 0.0100710997358, "dvar2": 7.02487959643e-05, "mean": 0.58716994524, "var": 0.0112253688276, "dmean2": 0.00945195183158, "dvar": 7.0586669608e-05, "min": 0.226078748703, "median": 0.595130622387, "max": 0.851200044155}, "tuning_diatonic_strength": 0.486415356398, "thpcp": [1, 0.658655047417, 0.323664993048, 0.202933430672, 0.16900165379, 0.215802103281, 0.26195949316, 0.271945267916, 0.461246281862, 0.629821300507, 0.435975819826, 0.232415437698, 0.192431285977, 0.198481097817, 0.342153251171, 0.524790167809, 0.436085820198, 0.238410621881, 0.182184919715, 0.215795502067, 0.413410753012, 0.529302179813, 0.334783166647, 0.270662158728, 0.353466242552, 0.307244330645, 0.406923025846, 0.359996318817, 0.188588187099, 0.364316761494, 0.546131312847, 0.435849428177, 0.294385254383, 0.296588361263, 0.430075407028, 0.819456279278], "chords_histogram": [34.2324676514, 17.2633647919, 4.26679754257, 2.8445315361, 0, 1.32417857647, 0.0245218239725, 2.9180970192, 0.956351161003, 0.343305528164, 0.858263850212, 0.220696419477, 0, 0, 0, 0.318783730268, 0.784698367119, 0.441392838955, 4.41392850876, 0, 0.19617459178, 3.84992647171, 22.5110340118, 2.23148608208], "tuning_nontempered_energy_ratio": 0.737292349339, "tuning_frequency": 439.745910645, "key_strength": 0.574391782284, "chords_changes_rate": 0.0399705730379, "key_scale": "minor", "hpcp_entropy": {"dmean": 0.641356885433, "dvar2": 0.737694501877, "mean": 1.96507716179, "var": 0.576466202736, "dmean2": 1.08555436134, "dvar": 0.277410328388, "min": 0, "median": 1.97587454319, "max": 4.64368104935}, "key_key": "G#", "chords_number_rate": 0.00245218235068}, "lowlevel": {"melbands_skewness": {"dmean": 0.855452299118, "dvar2": 2.31716823578, "mean": 3.18439984322, "var": 4.94205284119, "dmean2": 1.29716134071, "dvar": 0.996683418751, "min": -1.17644286156, "median": 2.68136739731, "max": 17.7534732819}, "melbands_kurtosis": {"dmean": 10.8009614944, "dvar2": 1099.34338379, "mean": 23.458486557, "var": 1267.68835449, "dmean2": 17.0509319305, "dvar": 435.17489624, "min": -1.9219481945, "median": 11.2023353577, "max": 463.561645508}, "barkbands_kurtosis": {"dmean": 3.87407255173, "dvar2": 132.983627319, "mean": 7.36292123795, "var": 168.789154053, "dmean2": 6.10053873062, "dvar": 53.7730293274, "min": -1.93815684319, "median": 3.03347754478, "max": 162.956054688}, "hfc": {"dmean": 5.34535884857, "dvar2": 181.800430298, "mean": 18.4905834198, "var": 387.437194824, "dmean2": 7.37609434128, "dvar": 89.822883606, "min": 1.17091690576e-16, "median": 12.087305069, "max": 181.292816162}, "silence_rate_20dB": {"dmean": 0, "dvar2": 0, "mean": 1, "var": 0, "dmean2": 0, "dvar": 0, "min": 1, "median": 1, "max": 1}, "erbbands_flatness_db": {"dmean": 0.016082117334, "dvar2": 0.000448012258857, "mean": 0.174771308899, "var": 0.0011540481355, "dmean2": 0.0231721568853, "dvar": 0.000221764174057, "min": 0.0665301904082, "median": 0.170895650983, "max": 0.332075923681}, "spectral_flux": {"dmean": 0.0198484286666, "dvar2": 0.000977175077423, "mean": 0.0704102143645, "var": 0.00153858435806, "dmean2": 0.0310960561037, "dvar": 0.000435964117059, "min": 1.04132320822e-10, "median": 0.0650041773915, "max": 0.284323990345}, "spectral_energyband_low": {"dmean": 0.00243585021235, "dvar2": 3.81187855965e-05, "mean": 0.00487623503432, "var": 2.70580640063e-05, "dmean2": 0.00391602097079, "dvar": 1.41272421388e-05, "min": 2.22555000526e-23, "median": 0.00317002204247, "max": 0.0457855015993}, "spectral_rolloff": {"dmean": 572.072998047, "dvar2": 3759453.5, "mean": 1487.68127441, "var": 3167342, "dmean2": 987.933288574, "dvar": 1580294.25, "min": 64.599609375, "median": 839.794921875, "max": 18518.5546875}, "spectral_entropy": {"dmean": 0.173068061471, "dvar2": 0.0629965215921, "mean": 7.51121044159, "var": 0.171606048942, "dmean2": 0.256196320057, "dvar": 0.0305145867169, "min": 5.40091323853, "median": 7.5318775177, "max": 9.80286884308}, "spectral_energy": {"dmean": 0.00539178913459, "dvar2": 8.59594365465e-05, "mean": 0.0208200123161, "var": 0.000205720774829, "dmean2": 0.0079644639045, "dvar": 3.86176652682e-05, "min": 1.08435397305e-20, "median": 0.0182398594916, "max": 0.0970972925425}, "spectral_centroid": {"dmean": 244.840667725, "dvar2": 241941.703125, "mean": 1186.70263672, "var": 556981.375, "dmean2": 375.331054688, "dvar": 117345.03125, "min": 140.749725342, "median": 1001.5802002, "max": 10895.796875}, "barkbands_flatness_db": {"dmean": 0.0190730728209, "dvar2": 0.000743095122743, "mean": 0.163834497333, "var": 0.00248342705891, "dmean2": 0.0294645018876, "dvar": 0.000317254685797, "min": 0.0522203929722, "median": 0.154091984034, "max": 0.437129497528}, "spectral_rms": {"dmean": 0.00057786994148, "dvar2": 7.56735289542e-07, "mean": 0.004174801521, "var": 2.8832685075e-06, "dmean2": 0.00083379552234, "dvar": 3.63308885198e-07, "min": 3.25254710318e-12, "median": 0.0042184102349, "max": 0.00973288621753}, "melbands": {"dmean": [0.000124085418065, 0.000571611803025, 0.000494802021421, 0.000591359683312, 0.000245006987825, 0.000183887255844, 0.000173124062712, 0.000119602998893, 0.000134774367325, 0.000102286292531, 0.000101187572, 5.25305404153e-05, 3.74882292817e-05, 3.29249196511e-05, 4.47876700491e-05, 3.11331714329e-05, 3.19527425745e-05, 1.45325566336e-05, 1.18209518405e-05, 6.52806511425e-06, 4.16256398239e-06, 4.33668310507e-06, 3.51399626197e-06, 8.79826984601e-06, 6.34459183857e-06, 4.17846422351e-06, 6.25283291811e-06, 5.74963860345e-06, 2.29469242186e-06, 1.08862639081e-06, 1.11909753286e-06, 1.20800780223e-06, 1.25246810967e-06, 3.90340755985e-06, 4.41162228526e-06, 2.41289285441e-06, 1.8120773575e-06, 3.14430963044e-06, 7.7200877513e-07, 2.15186574337e-07], "dvar2": [6.58347545368e-08, 2.24641325985e-06, 1.34843958222e-06, 3.56499322152e-06, 4.07091874877e-07, 3.46734907453e-07, 2.74319660321e-07, 1.54391415208e-07, 2.61133777713e-07, 1.07703087338e-07, 1.29798209514e-07, 5.23020773358e-08, 2.16886881788e-08, 4.30809947716e-08, 5.6417270855e-08, 2.16467554992e-08, 2.52128753431e-08, 6.45066133842e-09, 1.20491971956e-08, 2.70733324648e-09, 5.69537694783e-10, 2.40483633007e-10, 3.78072989582e-10, 2.01688465928e-09, 1.36451827615e-09, 8.33003666045e-10, 7.52886752942e-10, 7.16532166933e-10, 1.59368268582e-10, 3.21199594699e-11, 6.67176383584e-11, 3.40086049599e-11, 1.66501187837e-11, 3.3693733914e-10, 4.66607252836e-10, 7.21117332514e-11, 3.31491709082e-11, 2.00804928241e-10, 1.25721542552e-11, 1.9210655202e-12], "mean": [0.000279615924228, 0.00102098600473, 0.00093476328766, 0.000811727310065, 0.000437705137301, 0.000372545735445, 0.000325607659761, 0.000209260600968, 0.000259583350271, 0.000201295362785, 0.000207783668884, 0.000106644220068, 6.77902062307e-05, 6.14784148638e-05, 7.79928814154e-05, 5.497760867e-05, 6.51879890938e-05, 2.54944425251e-05, 1.94439908228e-05, 1.13425985546e-05, 7.68801510276e-06, 7.47498734199e-06, 7.12373821443e-06, 1.66459303728e-05, 1.20891927509e-05, 8.3960203483e-06, 1.3137329006e-05, 1.22672254292e-05, 4.38117649537e-06, 2.02561022888e-06, 1.95559391614e-06, 2.21871118811e-06, 2.18171908273e-06, 5.7564270719e-06, 5.64028323424e-06, 3.12090401167e-06, 2.6631671517e-06, 4.29977671956e-06, 1.06964967017e-06, 3.16997329719e-07], "var": [1.18301478835e-07, 1.66457448358e-06, 9.82974256658e-07, 1.59668456945e-06, 4.45755375722e-07, 5.12001065545e-07, 2.55436702901e-07, 1.6034670125e-07, 2.91293389409e-07, 1.47887107005e-07, 2.15201040987e-07, 8.86162396796e-08, 2.82780270311e-08, 6.32805168266e-08, 5.9968158439e-08, 2.0705135384e-08, 3.90491017299e-08, 6.70214994614e-09, 9.76970504496e-09, 3.28949623096e-09, 6.05993588643e-10, 2.15596734909e-10, 4.04518862851e-10, 1.99348826335e-09, 1.13080644848e-09, 5.33287358717e-10, 1.10690978605e-09, 1.03376218696e-09, 1.79629242036e-10, 3.97772266514e-11, 6.41580052974e-11, 3.84917722696e-11, 1.59273531863e-11, 2.10094039388e-10, 1.99661218114e-10, 4.36172348239e-11, 2.92671095692e-11, 1.14867053369e-10, 1.00828729047e-11, 3.78893314293e-12], "dmean2": [0.000171178791788, 0.0009345744038, 0.000799679139163, 0.000966256833635, 0.000399862765335, 0.000287589238724, 0.000269974698313, 0.000181698807864, 0.000206035227166, 0.000155049172463, 0.000159058181453, 8.08843833511e-05, 5.80627092859e-05, 5.08725752297e-05, 7.17923103366e-05, 4.87092256662e-05, 4.85996788484e-05, 2.27051168622e-05, 1.82107251021e-05, 9.6599369499e-06, 6.23724190518e-06, 6.90975093676e-06, 5.46311957805e-06, 1.3636435142e-05, 9.95130903902e-06, 6.58361705064e-06, 9.51697529672e-06, 8.79972139955e-06, 3.50130585502e-06, 1.61003822541e-06, 1.67174539456e-06, 1.80142501449e-06, 1.86360773569e-06, 6.06219282417e-06, 7.02970646671e-06, 3.70585848941e-06, 2.63972083303e-06, 4.8810111366e-06, 1.19746744076e-06, 3.05947992274e-07], "dvar": [3.60498226826e-08, 8.14034422092e-07, 5.4463515653e-07, 1.37906272357e-06, 1.63403171882e-07, 1.53612774056e-07, 1.0724889421e-07, 7.24012991782e-08, 1.0687937646e-07, 4.68577248114e-08, 5.27756576219e-08, 2.38160726695e-08, 1.03275565877e-08, 2.07722621326e-08, 2.4683929567e-08, 9.10572151014e-09, 1.09478781596e-08, 2.4911226415e-09, 4.70058170166e-09, 1.52856738378e-09, 2.56193816162e-10, 9.86348919207e-11, 1.68319955196e-10, 8.63908999893e-10, 5.89815474239e-10, 3.25386634303e-10, 3.53724882718e-10, 3.21288051719e-10, 7.5746603434e-11, 1.55447408418e-11, 3.91391294374e-11, 2.04068741072e-11, 7.59898741154e-12, 1.4465728615e-10, 1.83946691212e-10, 3.00465173575e-11, 1.54991870033e-11, 8.59184320912e-11, 5.67310651581e-12, 1.32625778849e-12], "min": [2.35839098681e-24, 2.38607724357e-24, 1.40732233289e-23, 2.28562902071e-23, 1.3574650615e-23, 4.72663524075e-24, 5.84443733838e-24, 1.73087726192e-23, 1.71418985611e-23, 1.25604634251e-23, 1.289995366e-23, 9.95850039256e-24, 3.48846716848e-24, 1.03666617581e-23, 1.96653383791e-23, 8.57578105358e-24, 9.48439814396e-24, 1.27216632068e-23, 1.42585456882e-23, 1.10879283278e-23, 1.40660573164e-23, 9.41603230247e-24, 5.45997808762e-24, 7.08477714473e-24, 1.32656885083e-23, 7.7715618154e-24, 1.03214095411e-23, 1.16254991694e-23, 1.3176207227e-23, 7.72028980086e-24, 1.14862699528e-23, 1.38968166755e-23, 1.182534998e-23, 7.74748972488e-24, 1.23103487642e-23, 1.25654695364e-23, 8.30746027186e-24, 9.12940127028e-24, 9.832610025e-24, 1.60251065998e-23], "median": [0.000126803890453, 0.000518735381775, 0.000624153588433, 0.000353386480128, 0.000181139141205, 0.000154408437083, 0.00014277707669, 7.11902830517e-05, 7.1407201176e-05, 5.8838766563e-05, 4.38956121798e-05, 2.05581472983e-05, 1.99752139451e-05, 1.23297886603e-05, 1.31117358251e-05, 8.21747562441e-06, 7.29643852537e-06, 4.35259107689e-06, 2.91852029477e-06, 2.79857545138e-06, 1.81038910796e-06, 2.73451291832e-06, 2.20250035454e-06, 3.15860916089e-06, 2.87871466753e-06, 2.3166912797e-06, 2.71361477644e-06, 2.51883284363e-06, 1.43899467275e-06, 7.98900543941e-07, 8.19943522856e-07, 1.01622902093e-06, 8.17530690256e-07, 1.31189960939e-06, 1.37136851208e-06, 7.61055275689e-07, 6.25443078661e-07, 6.69005032705e-07, 2.44935478122e-07, 7.08557408302e-08], "max": [0.00318404915743, 0.0107218259946, 0.00913234334439, 0.0120582915843, 0.008011800237, 0.0135307377204, 0.010833773762, 0.00745715852827, 0.00803822465241, 0.00459842383862, 0.00715484609827, 0.0058367960155, 0.0043255072087, 0.00941669102758, 0.00616070348769, 0.00329741812311, 0.00296157365665, 0.00135114847217, 0.00286790938117, 0.00235604983754, 0.00061975576682, 0.000273668614682, 0.000448896025773, 0.000865053909365, 0.000747594807763, 0.000848773051985, 0.000549392716493, 0.000712790060788, 0.000432885542978, 0.000135079913889, 0.00048661333858, 0.000346096261637, 5.8292367612e-05, 0.00032206706237, 0.000277434126474, 8.49027346703e-05, 7.77343229856e-05, 0.000188784761121, 8.86791603989e-05, 7.93048966443e-05]}, "barkbands_crest": {"dmean": 2.53261423111, "dvar2": 13.1520366669, "mean": 9.91525936127, "var": 14.946811676, "dmean2": 4.14917993546, "dvar": 5.16878604889, "min": 2.48808574677, "median": 9.1982717514, "max": 24.4996337891}, "mfcc": {"icov": [[0.000219931665924, 8.78171340446e-05, 0.000166314202943, 0.000192833947949, 4.7220793931e-05, 0.000204765121453, 1.67926136783e-05, -0.000180756251211, 0.000394196133129, -0.000301428895909, 0.000148481063661, 2.36504984059e-05, 0.000164326425875], [8.78171340446e-05, 0.00107180757914, 0.000397981668357, -5.68620598642e-05, 0.000107394131192, 0.000364851963241, -0.000350696005626, 0.000331858027494, -1.79843573278e-05, 0.000184636752238, 0.000188836696907, -0.000814355851617, 0.000304980989313], [0.000166314202943, 0.000397981668357, 0.00180322525557, -9.6417410532e-05, -0.000250873621553, -0.000996716669761, 0.00152145081665, -0.000807082105894, 0.000214842017158, -9.11525494303e-05, 0.0012014543172, -0.00143379671499, 0.000559852109291], [0.000192833947949, -5.68620598642e-05, -9.6417410532e-05, 0.00343358819373, -0.0018356841756, 0.000245663715759, -0.000568449904677, 0.000717631774023, -0.00171024433803, 0.00112263008486, 0.000571612035856, 0.000290000345558, -0.00119997817092], [4.7220793931e-05, 0.000107394131192, -0.000250873621553, -0.0018356841756, 0.00812152121216, -0.00291890604421, 0.0015547783114, -0.00128297752235, -0.000693008070812, -0.00053681054851, 0.000382302619983, -0.000405125203542, 0.000582996173762], [0.000204765121453, 0.000364851963241, -0.000996716669761, 0.000245663715759, -0.00291890604421, 0.0106808617711, -0.00368717103265, 0.00016802130267, -0.000342773797456, 0.00020459877851, -0.000844285183121, 0.000398929754738, 0.000104137820017], [1.67926136783e-05, -0.000350696005626, 0.00152145081665, -0.000568449904677, 0.0015547783114, -0.00368717103265, 0.00812713801861, -0.00263254437596, -0.000345666863723, -0.000700704520568, -0.000244435446803, -0.00019941116625, -5.88333641645e-05], [-0.000180756251211, 0.000331858027494, -0.000807082105894, 0.000717631774023, -0.00128297752235, 0.00016802130267, -0.00263254437596, 0.0109925279394, -0.00330185657367, -0.00035323924385, 0.00091338873608, -0.00135834142566, 0.00122227193788], [0.000394196133129, -1.79843573278e-05, 0.000214842017158, -0.00171024433803, -0.000693008070812, -0.000342773797456, -0.000345666863723, -0.00330185657367, 0.01093077939, -0.00353308441117, -0.000617928395513, 0.000373662798665, 0.00044363969937], [-0.000301428895909, 0.000184636752238, -9.11525494303e-05, 0.00112263008486, -0.00053681054851, 0.00020459877851, -0.000700704520568, -0.00035323924385, -0.00353308441117, 0.0109731052071, -0.00430602999404, 0.000743695010897, 0.00165648199618], [0.000148481063661, 0.000188836696907, 0.0012014543172, 0.000571612035856, 0.000382302619983, -0.000844285183121, -0.000244435446803, 0.00091338873608, -0.000617928395513, -0.00430602999404, 0.0138635076582, -0.00546266604215, 0.00118938297965], [2.36504984059e-05, -0.000814355851617, -0.00143379671499, 0.000290000345558, -0.000405125203542, 0.000398929754738, -0.00019941116625, -0.00135834142566, 0.000373662798665, 0.000743695010897, -0.00546266604215, 0.0173981115222, -0.00698631349951], [0.000164326425875, 0.000304980989313, 0.000559852109291, -0.00119997817092, 0.000582996173762, 0.000104137820017, -5.88333641645e-05, 0.00122227193788, 0.00044363969937, 0.00165648199618, 0.00118938297965, -0.00698631349951, 0.0143176829442]], "mean": [-666.922302246, 111.841217041, 22.0692596436, 22.5643138885, -7.2742433548, 3.34302663803, -1.42497444153, 7.01304388046, -13.8040466309, 6.71851539612, -5.98381757736, -0.782538533211, -5.76784563065], "cov": [[7837.37890625, -262.282196045, -1042.60717773, -1009.04260254, -439.470550537, -328.944885254, 28.6346797943, -16.9281806946, -365.041687012, 248.653945923, 59.7331352234, -163.477127075, -208.502426147], [-262.282196045, 1195.5703125, -377.736480713, 22.8066082001, -72.405456543, -58.1993331909, 91.6796951294, -59.0226860046, -9.6984539032, -30.5651702881, 26.1909141541, 40.4370803833, 24.4044017792], [-1042.60717773, -377.736480713, 1093.49963379, 186.273590088, 175.483169556, 111.378494263, -172.670623779, 63.6805648804, 45.5083580017, -61.2819480896, -87.5324020386, 57.3405990601, 19.6952323914], [-1009.04260254, 22.8066082001, 186.273590088, 533.06628418, 160.427093506, 70.3607254028, 8.65931129456, 10.3535060883, 105.045433044, -66.1742019653, -39.8112411499, 24.1326160431, 60.0796203613], [-439.470550537, -72.405456543, 175.483169556, 160.427093506, 209.919952393, 75.2767562866, -15.8278970718, 36.9521942139, 60.6609230042, -4.80218887329, -14.7696609497, 11.7293701172, 6.4814786911], [-328.944885254, -58.1993331909, 111.378494263, 70.3607254028, 75.2767562866, 148.620040894, 48.0021095276, 31.3659057617, 42.5812683105, 5.16966247559, 3.95708298683, 7.77324056625, 1.47711896896], [28.6346797943, 91.6796951294, -172.670623779, 8.65931129456, -15.8278970718, 48.0021095276, 202.9034729, 40.2201690674, 35.5893745422, 33.2806167603, 29.2379589081, -1.16331553459, -5.05799293518], [-16.9281806946, -59.0226860046, 63.6805648804, 10.3535060883, 36.9521942139, 31.3659057617, 40.2201690674, 129.324050903, 54.3674926758, 28.5291404724, 2.83611035347, 5.36082315445, -15.3834819794], [-365.041687012, -9.6984539032, 45.5083580017, 105.045433044, 60.6609230042, 42.5812683105, 35.5893745422, 54.3674926758, 158.021774292, 43.8013458252, 16.8664875031, 5.29955101013, -4.63319158554], [248.653945923, -30.5651702881, -61.2819480896, -66.1742019653, -4.80218887329, 5.16966247559, 33.2806167603, 28.5291404724, 43.8013458252, 147.916381836, 52.7152137756, -7.75293827057, -34.1259346008], [59.7331352234, 26.1909141541, -87.5324020386, -39.8112411499, -14.7696609497, 3.95708298683, 29.2379589081, 2.83611035347, 16.8664875031, 52.7152137756, 108.446983337, 24.3650455475, -4.44808292389], [-163.477127075, 40.4370803833, 57.3405990601, 24.1326160431, 11.7293701172, 7.77324056625, -1.16331553459, 5.36082315445, 5.29955101013, -7.75293827057, 24.3650455475, 89.1527481079, 42.0095977783], [-208.502426147, 24.4044017792, 19.6952323914, 60.0796203613, 6.4814786911, 1.47711896896, -5.05799293518, -15.3834819794, -4.63319158554, -34.1259346008, -4.44808292389, 42.0095977783, 101.959739685]]}, "spectral_decrease": {"dmean": 1.35347855146e-09, "dvar2": 5.71883393325e-18, "mean": -5.07198327782e-09, "var": 1.20354357264e-17, "dmean2": 2.03202654703e-09, "dvar": 2.50172607858e-18, "min": -2.29171543964e-08, "median": -4.4779868702e-09, "max": -5.90758968732e-29}, "zerocrossingrate": {"dmean": 0.0120070837438, "dvar2": 0.000303391308989, "mean": 0.0633738189936, "var": 0.00164975959342, "dmean2": 0.0140219908208, "dvar": 0.000227594471653, "min": 0.00439453125, "median": 0.05517578125, "max": 0.51904296875}, "spectral_contrast_coeffs": {"dmean": [0.0507192574441, 0.0480807386339, 0.0377462692559, 0.0288130454719, 0.0200348738581, 0.0171968899667], "dvar2": [0.00473120249808, 0.00397157901898, 0.0024174801074, 0.0013845609501, 0.000674981449265, 0.000536723178811], "mean": [-0.593752205372, -0.708299398422, -0.748831927776, -0.772676944733, -0.793648779392, -0.766374409199], "var": [0.00865693297237, 0.0063506080769, 0.00562855135649, 0.00392451277003, 0.00252776523121, 0.000885902147274], "dmean2": [0.0816569924355, 0.0787206366658, 0.0613588057458, 0.0468014739454, 0.0323575735092, 0.0271761026233], "dvar": [0.00197100732476, 0.00153451110236, 0.000984173384495, 0.000531023717485, 0.00027454260271, 0.000229544893955], "min": [-0.966951906681, -0.946683704853, -0.962300181389, -0.956733167171, -0.959373354912, -0.962110579014], "median": [-0.597162008286, -0.711842060089, -0.751875579357, -0.777441084385, -0.803212702274, -0.765895545483], "max": [-0.294133067131, -0.412874490023, -0.474543571472, -0.55163538456, -0.590210080147, -0.593833684921]}, "spectral_skewness": {"dmean": 0.211151629686, "dvar2": 0.0954280793667, "mean": 1.22099721432, "var": 0.204847201705, "dmean2": 0.332280427217, "dvar": 0.0420251265168, "min": -0.362016201019, "median": 1.20455646515, "max": 3.60133600235}, "spectral_energyband_middle_high": {"dmean": 0.00124884431716, "dvar2": 1.42180988405e-05, "mean": 0.00450286455452, "var": 5.17467851751e-05, "dmean2": 0.00185558642261, "dvar": 6.57975033391e-06, "min": 1.56177697517e-21, "median": 0.00148380629253, "max": 0.0854252204299}, "gfcc": {"icov": [[0.000236489533563, -0.000276869657682, 0.000340503233019, -0.000177970214281, 0.00039410268073, -0.000347918015905, 0.000531121506356, -0.000570911855903, 0.000555613311008, -6.72264141031e-05, 2.37393232965e-05, 9.75652728812e-05, 0.000214584855712], [-0.000276869657682, 0.00553042860702, -0.00274220877327, 0.0047716461122, -0.00457498058677, 0.00437825266272, -0.00387658667751, 0.00342807616107, -0.00400664238259, 0.00307761970907, -0.00358966668136, 0.00264367088675, -0.00203584413975], [0.000340503233019, -0.00274220877327, 0.00354283931665, -0.00394025072455, 0.00314223649912, -0.00279402453452, 0.00224953796715, -0.00120804214384, 0.0012941918103, -0.00126846809871, 0.0022577829659, -0.00210445746779, 0.000947495049331], [-0.000177970214281, 0.0047716461122, -0.00394025072455, 0.00818124692887, -0.00554264569655, 0.00371160451323, -0.00291496491991, 0.00245330645703, -0.00371350627393, 0.0029477677308, -0.00185616430826, 0.00137244886719, -0.00172796437982], [0.00039410268073, -0.00457498058677, 0.00314223649912, -0.00554264569655, 0.00870672054589, -0.00315399374813, 0.000589199073147, -0.00278809061274, 0.00348142581061, -0.00342739373446, 0.00324638187885, -0.00160721433349, 0.000355629075784], [-0.000347918015905, 0.00437825266272, -0.00279402453452, 0.00371160451323, -0.00315399374813, 0.00834689941257, -0.00406058132648, 0.00128777464852, -0.00330961518921, 0.00314873922616, -0.00239643920213, 0.00245287478901, 8.79022991285e-05], [0.000531121506356, -0.00387658667751, 0.00224953796715, -0.00291496491991, 0.000589199073147, -0.00406058132648, 0.0112448008731, -0.00611476413906, 0.00420922506601, -0.00194302794989, -0.000497895118315, 0.00115629809443, -0.000587078626268], [-0.000570911855903, 0.00342807616107, -0.00120804214384, 0.00245330645703, -0.00278809061274, 0.00128777464852, -0.00611476413906, 0.014148500748, -0.00598975690082, -0.000321786763379, 0.00197345390916, -0.000170248153154, 0.000472894811537], [0.000555613311008, -0.00400664238259, 0.0012941918103, -0.00371350627393, 0.00348142581061, -0.00330961518921, 0.00420922506601, -0.00598975690082, 0.012683656998, -0.00271014263853, -4.96197280881e-05, 0.00131897453684, 0.000119934498798], [-6.72264141031e-05, 0.00307761970907, -0.00126846809871, 0.0029477677308, -0.00342739373446, 0.00314873922616, -0.00194302794989, -0.000321786763379, -0.00271014263853, 0.0116479583085, -0.00408788910136, -0.000783655676059, 0.000959219527431], [2.37393232965e-05, -0.00358966668136, 0.0022577829659, -0.00185616430826, 0.00324638187885, -0.00239643920213, -0.000497895118315, 0.00197345390916, -4.96197280881e-05, -0.00408788910136, 0.01590783149, -0.00674684578553, 0.00270239124075], [9.75652728812e-05, 0.00264367088675, -0.00210445746779, 0.00137244886719, -0.00160721433349, 0.00245287478901, 0.00115629809443, -0.000170248153154, 0.00131897453684, -0.000783655676059, -0.00674684578553, 0.0158523786813, -0.00769658386707], [0.000214584855712, -0.00203584413975, 0.000947495049331, -0.00172796437982, 0.000355629075784, 8.79022991285e-05, -0.000587078626268, 0.000472894811537, 0.000119934498798, 0.000959219527431, 0.00270239124075, -0.00769658386707, 0.0177852530032]], "mean": [-38.5897865295, 108.318244934, -122.713851929, 53.1248207092, -86.0932846069, 19.9458999634, -38.8703651428, 1.8365291357, -19.7977619171, -14.4179792404, -2.27265119553, -16.5075836182, -7.31971406937], "cov": [[7607.39257813, -461.698791504, -1192.81506348, -775.546691895, -465.859680176, 187.468933105, -210.154434204, 151.488723755, -249.039321899, -39.4710273743, -2.28170657158, -224.969665527, -252.21635437], [-461.698791504, 1089.1229248, -75.8616027832, -202.878540039, 274.375549316, -229.896133423, 200.499984741, -83.76612854, 69.728843689, -23.0314388275, 124.067443848, -36.1260299683, 85.3531494141], [-1192.81506348, -75.8616027832, 1053.87451172, 455.872894287, -67.9767150879, 75.8264541626, -103.903259277, -38.9726791382, 88.5825271606, -45.6127204895, -64.1234436035, 93.7044296265, 44.602558136], [-775.546691895, -202.878540039, 455.872894287, 512.39239502, 107.152732849, 26.5143642426, -9.12790298462, 10.4982700348, 49.2942504883, -16.3472366333, -57.6323699951, 52.7225761414, 40.8983078003], [-465.859680176, 274.375549316, -67.9767150879, 107.152732849, 365.585113525, -34.0981292725, 149.477386475, 32.5822296143, 9.11222839355, 32.606842041, 4.27245903015, -5.86335325241, 42.9796485901], [187.468933105, -229.896133423, 75.8264541626, 26.5143642426, -34.0981292725, 268.115447998, 23.1272373199, 56.4160957336, 17.3345794678, -20.3156070709, -32.8432006836, -37.7901687622, -41.8056983948], [-210.154434204, 200.499984741, -103.903259277, -9.12790298462, 149.477386475, 23.1272373199, 225.430374146, 59.8935852051, 6.417324543, 18.9152851105, 20.0982017517, -33.4860610962, 14.2721204758], [151.488723755, -83.76612854, -38.9726791382, 10.4982700348, 32.5822296143, 56.4160957336, 59.8935852051, 137.130584717, 31.8436470032, 22.278087616, -26.5180358887, -23.0852451324, -18.2966995239], [-249.039321899, 69.728843689, 88.5825271606, 49.2942504883, 9.11222839355, 17.3345794678, 6.417324543, 31.8436470032, 135.265716553, 8.74584960938, 3.13134288788, -12.5978393555, 2.84247398376], [-39.4710273743, -23.0314388275, -45.6127204895, -16.3472366333, 32.606842041, -20.3156070709, 18.9152851105, 22.278087616, 8.74584960938, 123.524101257, 28.6275119781, 20.3167190552, -4.11676979065], [-2.28170657158, 124.067443848, -64.1234436035, -57.6323699951, 4.27245903015, -32.8432006836, 20.0982017517, -26.5180358887, 3.13134288788, 28.6275119781, 110.864830017, 32.3028755188, 9.06001281738], [-224.969665527, -36.1260299683, 93.7044296265, 52.7225761414, -5.86335325241, -37.7901687622, -33.4860610962, -23.0852451324, -12.5978393555, 20.3167190552, 32.3028755188, 124.096809387, 46.305809021], [-252.21635437, 85.3531494141, 44.602558136, 40.8983078003, 42.9796485901, -41.8056983948, 14.2721204758, -18.2966995239, 2.84247398376, -4.11676979065, 9.06001281738, 46.305809021, 89.806968689]]}, "erbbands_spread": {"dmean": 12.0106163025, "dvar2": 445.269866943, "mean": 48.3176765442, "var": 779.332458496, "dmean2": 17.8792057037, "dvar": 205.675933838, "min": 2.46342229843, "median": 40.298286438, "max": 163.21862793}, "erbbands_kurtosis": {"dmean": 1.28412795067, "dvar2": 15.6590127945, "mean": 1.05506706238, "var": 12.3829574585, "dmean2": 2.02195501328, "dvar": 6.45988559723, "min": -1.93808305264, "median": 0.152132034302, "max": 79.9504241943}, "dynamic_complexity": 3.86984610558, "erbbands_crest": {"dmean": 2.63473439217, "dvar2": 13.8455429077, "mean": 9.48128223419, "var": 16.128944397, "dmean2": 4.19391584396, "dvar": 5.83419799805, "min": 2.79499173164, "median": 8.6403093338, "max": 31.471446991}, "erbbands": {"dmean": [0.0148714855313, 0.158857733011, 1.46683001518, 2.86676669121, 6.03368234634, 8.97906398773, 6.31282997131, 8.01529312134, 12.0537052155, 11.3922567368, 14.5524158478, 15.4936923981, 19.3934745789, 11.4244689941, 9.89896965027, 14.4305486679, 11.7808790207, 16.7366714478, 7.75620508194, 6.33123111725, 3.67087578773, 3.77692055702, 6.32115221024, 7.28635311127, 5.87946653366, 7.94290828705, 2.89641070366, 1.75411403179, 2.01033306122, 5.08924484253, 6.51141500473, 3.20816135406, 3.42890977859, 0.410864681005, 0.0830278769135, 0.0135100577027, 0.00103694607969, 5.61131237191e-05, 7.29034763935e-06, 7.1396129897e-06], "dvar2": [0.000752988329623, 0.168145149946, 15.0837068558, 57.6008911133, 312.814239502, 779.492431641, 282.237670898, 772.897583008, 1380.26159668, 1374.25231934, 3145.08959961, 2529.42700195, 4644.56738281, 2419.68261719, 1904.65637207, 6107.63134766, 2873.70043945, 6578.17871094, 1647.59838867, 2199.8828125, 454.809082031, 180.315841675, 1108.28991699, 1668.51733398, 880.963195801, 1154.80786133, 193.559356689, 110.65587616, 60.7864265442, 485.423400879, 862.705200195, 98.5457382202, 228.857650757, 3.71235871315, 0.401408493519, 0.0109592732042, 0.000117949552077, 1.54667986862e-07, 4.89876916809e-10, 1.55633950172e-10], "mean": [0.0324595086277, 0.287502080202, 2.57593131065, 4.90698337555, 8.77399539948, 12.2832517624, 11.5609722137, 16.105890274, 22.272102356, 20.7697792053, 28.4228515625, 31.1381778717, 40.6184501648, 24.5237770081, 19.3158626556, 27.545173645, 23.9849090576, 35.3693618774, 15.654548645, 11.3926029205, 7.56124639511, 7.41378259659, 13.5735139847, 15.4070911407, 13.7516317368, 18.6387691498, 6.35049343109, 3.40804100037, 3.90002250671, 8.02801418304, 8.57573795319, 4.72693061829, 4.77164125443, 0.621597230434, 0.129851073027, 0.0208539087325, 0.00156418478582, 8.89358198037e-05, 2.02426417673e-05, 2.73610494332e-05], "var": [0.00203804159537, 0.149094760418, 10.8110723495, 34.9287834167, 158.28968811, 402.359741211, 326.817352295, 1158.52270508, 1309.9901123, 1541.33154297, 3257.04785156, 3273.99072266, 7839.08886719, 4326.52636719, 2751.30566406, 7865.70263672, 3398.171875, 10472.6855469, 1916.42956543, 1925.9119873, 556.046508789, 210.094024658, 1278.47546387, 1553.37927246, 1041.81628418, 1978.23913574, 303.950317383, 136.499160767, 82.805519104, 338.340148926, 400.795288086, 88.6359710693, 135.653915405, 6.37378072739, 0.539222180843, 0.0184536837041, 0.000144986872328, 1.84827143812e-07, 8.43956848851e-10, 3.95501270622e-10], "dmean2": [0.0173299312592, 0.249348461628, 2.41306638718, 4.70174503326, 9.91506576538, 14.8030853271, 10.1400499344, 12.4670810699, 18.8518428802, 17.1926612854, 22.4885749817, 23.3025627136, 30.3882656097, 17.5156078339, 15.0857038498, 22.7649536133, 18.6460971832, 25.5759143829, 12.0392713547, 9.5439748764, 5.43319416046, 5.86665153503, 9.79445838928, 11.2720909119, 8.96404838562, 12.0313396454, 4.22421550751, 2.50010991096, 2.91091942787, 7.69811916351, 10.1411380768, 4.61120128632, 5.2841129303, 0.594700992107, 0.116895154119, 0.0181286539882, 0.00140450662002, 7.61476185289e-05, 9.88518058875e-06, 1.01390869531e-05], "dvar": [0.000542752270121, 0.0687962397933, 5.36298418045, 22.7197246552, 119.446868896, 299.512054443, 118.667633057, 348.46395874, 542.836181641, 664.810546875, 1267.35119629, 1103.36865234, 1900.25708008, 1106.45422363, 868.995788574, 2830.30615234, 1341.27185059, 2852.30200195, 664.854248047, 926.254394531, 203.02935791, 79.256652832, 496.536834717, 730.117736816, 378.254882813, 521.173828125, 103.329605103, 68.1458206177, 37.6949729919, 213.945388794, 342.99118042, 46.3707084656, 98.2510986328, 2.