{"tonal": {"hpcp": {"dvar": [0.0334614925086, 0.0269458834082, 0.0255349744111, 0.0320735760033, 0.0268632154912, 0.0239747688174, 0.0260608755052, 0.0217940937728, 0.0271722450852, 0.0301253385842, 0.0236989036202, 0.0175290219486, 0.0136312227696, 0.0140731940046, 0.0223238263279, 0.0295110829175, 0.0255878251046, 0.0228682812303, 0.0255048498511, 0.0250665806234, 0.0278527289629, 0.0388477444649, 0.0421369448304, 0.0422731116414, 0.0394220612943, 0.0297320224345, 0.0320433154702, 0.0307623259723, 0.0315534994006, 0.0358230322599, 0.0308986790478, 0.0264652632177, 0.0183613821864, 0.0166843514889, 0.0224038772285, 0.0274574030191], "var": [0.115946859121, 0.0461518019438, 0.0376360751688, 0.0993851274252, 0.0586522519588, 0.0304563548416, 0.0600669533014, 0.0312096513808, 0.0359826609492, 0.0678690895438, 0.0336225517094, 0.012655957602, 0.0110658435151, 0.0101800523698, 0.0405358746648, 0.114307537675, 0.0519817359746, 0.0327704809606, 0.0506451465189, 0.0261484924704, 0.0342326201499, 0.0957420021296, 0.0761477723718, 0.0543678440154, 0.0784397497773, 0.0380208157003, 0.0412919819355, 0.0854283571243, 0.0447013601661, 0.0505033954978, 0.0959887877107, 0.0462501347065, 0.0137815196067, 0.0120605155826, 0.0168244820088, 0.0542032755911], "median": [0.13633506, 0.102296002209, 0.0397409647703, 0.0285058636218, 0.031364493072, 0.0437746793032, 0.0371707640588, 0.0357323139906, 0.0400428846478, 0.0336576625705, 0.0249924175441, 0.0239775031805, 0.0216072462499, 0.0215679146349, 0.106486961246, 0.2019995749, 0.150557368994, 0.0433911122382, 0.0260345712304, 0.0212976522744, 0.0340855680406, 0.0503448694944, 0.0530824139714, 0.0650539845228, 0.0498843900859, 0.0307993162423, 0.0436185002327, 0.0481127202511, 0.0393331050873, 0.0667315721512, 0.094723790884, 0.0635237842798, 0.0252206102014, 0.0178674831986, 0.0224030166864, 0.0839732587337], "max": [1, 1, 1, 1, 1, 1, 1, 1, 1, 1, 1, 1, 1, 1, 1, 1, 1, 1, 1, 1, 1, 1, 1, 1, 1, 1, 1, 1, 1, 1, 1, 1, 1, 1, 1, 1], "dmean": [0.122381955385, 0.11616820842, 0.096505522728, 0.0908432081342, 0.0964792817831, 0.0945893898606, 0.0867104977369, 0.0838367119431, 0.093752630055, 0.092084005475, 0.0764853209257, 0.0562727972865, 0.0479792095721, 0.0528253316879, 0.10360493511, 0.125615879893, 0.123314455152, 0.0876933261752, 0.0778701901436, 0.0768703520298, 0.0942078530788, 0.110899142921, 0.129030555487, 0.141760215163, 0.121443808079, 0.0978380516171, 0.0999508053064, 0.0905257537961, 0.101656578481, 0.122956678271, 0.111873701215, 0.102626502514, 0.0664388984442, 0.0544934980571, 0.0708589702845, 0.112649194896], "dmean2": [0.207085490227, 0.199856236577, 0.169043570757, 0.15995451808, 0.16891245544, 0.167086184025, 0.150592818856, 0.147045090795, 0.164821907878, 0.160242825747, 0.134329736233, 0.101988069713, 0.0857760757208, 0.095331735909, 0.177775740623, 0.211093857884, 0.208139896393, 0.155003383756, 0.139844015241, 0.138363867998, 0.164716795087, 0.189982965589, 0.227796539664, 0.248991623521, 0.212963491678, 0.172773763537, 0.17548251152, 0.158408910036, 0.178314253688, 0.209913164377, 0.189588218927, 0.174734801054, 0.120379805565, 0.0992514044046, 0.128942683339, 0.190544575453], "mean": [0.306225627661, 0.193179354072, 0.12711584568, 0.188681825995, 0.149834424257, 0.115189380944, 0.143614158034, 0.110889956355, 0.121139489114, 0.155757814646, 0.10220721364, 0.0577717125416, 0.0546791106462, 0.0525847524405, 0.188007637858, 0.349823445082, 0.239683002234, 0.115855745971, 0.118089593947, 0.0852600187063, 0.114594012499, 0.202668890357, 0.187027320266, 0.170516490936, 0.183914721012, 0.118206217885, 0.129603028297, 0.17646817863, 0.129032626748, 0.163579598069, 0.237075924873, 0.154212370515, 0.0629446581006, 0.0516281090677, 0.0641489028931, 0.196663036942], "dvar2": [0.0816820189357, 0.0754423141479, 0.0704251155257, 0.0831323936582, 0.0723381787539, 0.0685390979052, 0.0680462196469, 0.0605171583593, 0.0747135803103, 0.0772190466523, 0.0650207549334, 0.0505021885037, 0.0382769033313, 0.0399451069534, 0.0616736859083, 0.0754119455814, 0.0658095702529, 0.0625776648521, 0.0701804161072, 0.0711523070931, 0.0778019651771, 0.0981064215302, 0.117222674191, 0.117153845727, 0.101030446589, 0.0837025418878, 0.08844486624, 0.0824404656887, 0.0837075635791, 0.0938628837466, 0.0786200016737, 0.0695454180241, 0.0528864786029, 0.047155931592, 0.0628461167216, 0.073824070394], "min": [0, 0, 0, 0, 0, 0, 0, 0, 0, 0, 0, 0, 0, 0, 0, 0, 0, 0, 0, 0, 0, 0, 0, 0, 0, 0, 0, 0, 0, 0, 0, 0, 0, 0, 0, 0]}, "key_key": "D", "thpcp": [1, 0.6851541996, 0.331183493137, 0.337569117546, 0.243723005056, 0.327576696873, 0.579346239567, 0.534633457661, 0.487435847521, 0.525735855103, 0.337902516127, 0.37048125267, 0.504449248314, 0.368850708008, 0.467606157064, 0.67770165205, 0.440829157829, 0.179932639003, 0.147583335638, 0.183375075459, 0.562177956104, 0.875371932983, 0.552219569683, 0.363371431828, 0.539363026619, 0.428314417601, 0.329278618097, 0.410533249378, 0.316988348961, 0.34628751874, 0.445246934891, 0.2921679914, 0.165145337582, 0.156304880977, 0.150317981839, 0.537435770035], "chords_key": "D", "tuning_equal_tempered_deviation": 0.0166120026261, "tuning_frequency": 439.745910645, "tuning_diatonic_strength": 0.477680534124, "chords_histogram": [13.2728767395, 8.51195430756, 3.77164053917, 5.81203603745, 5.52349567413, 6.71887874603, 0.432811200619, 24.5053577423, 0, 2.49381709099, 0, 0.0412201136351, 0, 1.50453424454, 1.11294317245, 0, 0.267930746078, 0, 0, 0, 0.226710632443, 7.15169000626, 16.7971973419, 1.85490524769], "key_strength": 0.614268004894, "key_scale": "minor", "chords_strength": {"dvar": 6.331136683e-05, "var": 0.0114189414307, "median": 0.495275080204, "max": 0.777123034, "dmean": 0.00913559086621, "dmean2": 0.00725544476882, "mean": 0.494525611401, "dvar2": 4.61811905552e-05, "min": 0.179057896137}, "chords_number_rate": 0.00267930747941, "tuning_nontempered_energy_ratio": 0.640008330345, "hpcp_entropy": {"dvar": 0.207785964012, "var": 0.562283813953, "median": 1.86914467812, "max": 4.21831321716, "dmean": 0.509775161743, "dmean2": 0.856252193451, "mean": 1.86926841736, "dvar2": 0.549925982952, "min": 0}, "chords_changes_rate": 0.0533800497651, "chords_scale": "major"}, "rhythm": {"bpm_histogram_first_peak_spread": {"dvar": 0, "var": 0, "median": 0.459290206432, "max": 0.459290206432, "dmean": 0, "dmean2": 0, "mean": 0.459290206432, "dvar2": 0, "min": 0.459290206432}, "bpm_histogram_first_peak_weight": {"dvar": 0, "var": 0, "median": 0.514910519123, "max": 0.514910519123, "dmean": 0, "dmean2": 0, "mean": 0.514910519123, "dvar2": 0, "min": 0.514910519123}, "bpm_histogram_first_peak_bpm": {"dvar": 0, "var": 0, "median": 133, "max": 133, "dmean": 0, "dmean2": 0, "mean": 133, "dvar2": 0, "min": 133}, "bpm": 133.843917847, "bpm_histogram_second_peak_weight": {"dvar": 0, "var": 0, "median": 0.0139165008441, "max": 0.0139165008441, "dmean": 0, "dmean2": 0, "mean": 0.0139165008441, "dvar2": 0, "min": 0.0139165008441}, "beats_loudness": {"dvar": 7.55515357014e-05, "var": 0.000216093059862, "median": 0.0379552841187, "max": 0.0932675376534, "dmean": 0.00973063427955, "dmean2": 0.0164051968604, "mean": 0.0363795012236, "dvar2": 0.000219098161324, "min": 3.71213033645e-08}, "beats_loudness_band_ratio": {"dvar": [0.0118634179235, 0.00465759914368, 0.00730741769075, 0.00589150795713, 0.00319516658783, 0.002885582624], "var": [0.0296703986824, 0.0106158368289, 0.0146325835958, 0.0125686349347, 0.00556070823222, 0.00250379624777], "median": [0.446788430214, 0.112110078335, 0.131717085838, 0.0969530344009, 0.0694328844547, 0.0460494682193], "max": [0.936132013798, 0.687400817871, 0.642362236977, 0.592430412769, 0.455597788095, 0.473667025566], "dmean": [0.141902789474, 0.0817558690906, 0.09474324435, 0.074490480125, 0.051353700459, 0.0311901103705], "dmean2": [0.231636807323, 0.144442990422, 0.159367159009, 0.120684236288, 0.0854639112949, 0.0559774078429], "mean": [0.46238297224, 0.1427590698, 0.165541619062, 0.132276818156, 0.0903719738126, 0.0575894601643], "dvar2": [0.0314915366471, 0.012412766926, 0.0183177106082, 0.0147659983486, 0.00834768824279, 0.0086890719831], "min": [0.00316622271203, 0.016679758206, 0.00704572210088, 0.000872835866176, 0.00293829361908, 0.000619888596702]}, "bpm_histogram_second_peak_bpm": {"dvar": 0, "var": 0, "median": 126, "max": 126, "dmean": 0, "dmean2": 0, "mean": 126, "dvar2": 0, "min": 126}, "onset_rate": 3.28957915306, "beats_count": 504, "beats_position": [0.476009070873, 0.96362811327, 1.43963718414, 1.91564619541, 2.39165520668, 2.86766433716, 3.30884337425, 3.73841261864, 4.17959165573, 4.6439909935, 5.11999988556, 5.59600877762, 6.06040811539, 6.52480697632, 6.98920631409, 7.44199514389, 7.89478445053, 8.33596324921, 8.77714252472, 9.22993183136, 9.682721138, 10.1355104446, 10.5766887665, 11.0294780731, 11.4822673798, 11.9350566864, 12.3762359619, 12.8174142838, 13.2585935593, 13.7113828659, 14.1641721725, 14.6169614792, 15.0697498322, 15.5109291077, 15.9521083832, 16.4048976898, 16.8576869965, 17.298866272, 17.7400455475, 18.181224823, 18.6340141296, 19.0868015289, 19.5279808044, 19.9807701111, 20.4335594177, 20.8747386932, 21.3159179688, 21.7687072754, 22.221496582, 22.6626758575, 23.1038551331, 23.5566444397, 24.009431839, 24.4622211456, 24.9034004211, 25.3561897278, 25.7973690033, 26.2501583099, 26.6913375854, 27.1441268921, 27.5853061676, 28.0380954742, 28.4908847809, 28.9436721802, 29.3964614868, 29.8376407623, 30.2788200378, 30.7199993134, 31.17278862, 31.6255779266, 32.0667572021, 32.5079345703, 32.960723877, 33.4135131836, 33.8546943665, 34.3074836731, 34.7602729797, 35.2014503479, 35.6426315308, 36.0954170227, 36.5482063293, 37.000995636, 37.4421768188, 37.8949661255, 38.3361434937, 38.7889328003, 39.2417221069, 39.6829032898, 40.124080658, 40.5768699646, 41.0296592712, 41.4824485779, 41.9352378845, 42.3764152527, 42.8175964355, 43.2587738037, 43.6999549866, 44.1527442932, 44.6055335999, 45.046710968, 45.4995002747, 45.9522895813, 46.3934669495, 46.8346481323, 47.287437439, 47.7402267456, 48.1814041138, 48.6225852966, 49.0637626648, 49.5049438477, 49.9577331543, 50.4105224609, 50.8633079529, 51.3160972595, 51.7688865662, 52.2216758728, 52.6628570557, 53.1040344238, 53.5568237305, 53.9980049133, 54.45079422, 54.9035835266, 55.3563690186, 55.7975502014, 56.2387275696, 56.6799087524, 57.1210861206, 57.5738754272, 58.0266647339, 58.4794540405, 58.9322433472, 59.37342453, 59.8146018982, 60.2673912048, 60.7201805115, 61.1613578796, 61.6141471863, 62.0669364929, 62.5081176758, 62.9492950439, 63.3904762268, 63.831653595, 64.2728347778, 64.7372360229, 65.2016296387, 65.6544189453, 66.107208252, 66.5483856201, 66.9895706177, 67.4423599243, 67.895149231, 68.3363265991, 68.7775039673, 69.2302932739, 69.6830825806, 70.1242599487, 70.5770492554, 71.029838562, 71.4710159302, 71.9122009277, 72.3649902344, 72.817779541, 73.2589569092, 73.7117462158, 74.1645355225, 74.6057128906, 75.0468902588, 75.4996795654, 75.9524688721, 76.3936462402, 76.8348312378, 77.2876205444, 77.7404098511, 78.1815872192, 78.6227645874, 79.075553894, 79.5283432007, 79.9695205688, 80.4223098755, 80.8750991821, 81.3162765503, 81.7690658569, 82.2218551636, 82.6630401611, 83.1158294678, 83.5686187744, 84.0097961426, 84.4509735107, 84.9037628174, 85.356552124, 85.7977294922, 86.2505187988, 86.7033081055, 87.1444854736, 87.5856704712, 88.0384597778, 88.4912490845, 88.9324264526, 89.3736038208, 89.8263931274, 90.2791824341, 90.7203598022, 91.1615371704, 91.6143264771, 92.0671157837, 92.5199050903, 92.9610900879, 93.4138793945, 93.8550567627, 94.3078460693, 94.7490234375, 95.1902008057, 95.6429901123, 96.0957794189, 96.5485687256, 96.9897460938, 97.4425354004, 97.895324707, 98.3365097046, 98.7776870728, 99.2304763794, 99.683265686, 100.124443054, 100.577232361, 101.030021667, 101.471199036, 101.912376404, 102.36516571, 102.817955017, 103.259140015, 103.700317383, 104.153106689, 104.605895996, 105.058685303, 105.511474609, 105.952651978, 106.393829346, 106.835006714, 107.276191711, 107.728981018, 108.181770325, 108.634559631, 109.087341309, 109.528526306, 109.969703674, 110.410881042, 110.863670349, 111.316459656, 111.757637024, 112.210426331, 112.663215637, 113.104400635, 113.545578003, 113.986755371, 114.439544678, 114.892333984, 115.345123291, 115.797912598, 116.250701904, 116.691879272, 117.144668579, 117.585845947, 118.027030945, 118.479812622, 118.932601929, 119.373786926, 119.814964294, 120.267753601, 120.720542908, 121.161720276, 121.614509583, 122.067298889, 122.520088196, 122.972877502, 123.414054871, 123.855232239, 124.308021545, 124.760810852, 125.20199585, 125.643173218, 126.095962524, 126.548751831, 126.989929199, 127.442718506, 127.895507812, 128.336685181, 128.777862549, 129.219039917, 129.671829224, 130.12461853, 130.565795898, 131.018585205, 131.471374512, 131.924163818, 132.365356445, 132.818145752, 133.25932312, 133.712112427, 134.164901733, 134.606079102, 135.04725647, 135.500045776, 135.941223145, 136.394012451, 136.846801758, 137.299591064, 137.740768433, 138.181945801, 138.634735107, 139.087524414, 139.528701782, 139.96987915, 140.422668457, 140.863845825, 141.305038452, 141.757827759, 142.210617065, 142.663391113, 143.10458374, 143.557373047, 144.010162354, 144.46295166, 144.915740967, 145.356918335, 145.798095703, 146.239273071, 146.680450439, 147.121627808, 147.574417114, 148.027206421, 148.468383789, 148.921173096, 149.373962402, 149.815139771, 150.256317139, 150.709106445, 151.17350769, 151.626296997, 152.067474365, 152.508651733, 152.94984436, 153.402633667, 153.855422974, 154.296600342, 154.749389648, 155.202178955, 155.643356323, 156.09614563, 156.548934937, 156.990112305, 157.431289673, 157.884078979, 158.336868286, 158.778045654, 159.230834961, 159.683624268, 160.124801636, 160.565979004, 161.018768311, 161.471557617, 161.924346924, 162.37713623, 162.818313599, 163.259490967, 163.700683594, 164.141860962, 164.594650269, 165.047439575, 165.500228882, 165.953018188, 166.394195557, 166.835372925, 167.288162231, 167.7293396, 168.170516968, 168.623306274, 169.064483643, 169.517272949, 169.970062256, 170.411239624, 170.864028931, 171.316818237, 171.757995605, 172.210784912, 172.663574219, 173.104751587, 173.557540894, 174.0103302, 174.451522827, 174.892700195, 175.333877563, 175.78666687, 176.251068115, 176.703857422, 177.14503479, 177.586212158, 178.027389526, 178.468566895, 178.921356201, 179.374145508, 179.826934814, 180.279724121, 180.720901489, 181.162078857, 181.614868164, 182.067657471, 182.508834839, 182.950012207, 183.402801514, 183.85559082, 184.296783447, 184.749572754, 185.202362061, 185.643539429, 186.096328735, 186.549118042, 186.99029541, 187.431472778, 187.884262085, 188.337051392, 188.789840698, 189.242630005, 189.683807373, 190.124984741, 190.566162109, 190.995727539, 191.448516846, 191.901306152, 192.354095459, 192.795272827, 193.248062134, 193.70085144, 194.153640747, 194.606430054, 195.047622681, 195.488800049, 195.941589355, 196.394378662, 196.83555603, 197.288345337, 197.741134644, 198.182312012, 198.62348938, 199.064666748, 199.517456055, 199.970245361, 200.411422729, 200.864212036, 201.317001343, 201.758178711, 202.210968018, 202.663757324, 203.104934692, 203.546112061, 203.987304688, 204.440093994, 204.892883301, 205.334060669, 205.786849976, 206.239639282, 206.692428589, 207.133605957, 207.586395264, 208.027572632, 208.480361938, 208.933151245, 209.374328613, 209.815505981, 210.268295288, 210.721084595, 211.173873901, 211.638275146, 212.102676392, 212.567077637, 213.031463623, 213.507476807, 213.971878052, 214.424667358, 214.877456665, 215.330245972, 215.794647217, 216.259048462, 216.711837769, 217.164627075, 217.617416382, 218.070205688, 218.534591675, 218.99899292, 219.463394165, 219.92779541, 220.276092529, 220.624389648, 220.984298706, 221.344207764, 221.692520142, 222.040817261, 222.377502441, 222.702575684, 223.027664185, 223.364349365, 223.701034546, 224.026123047, 224.351196289, 224.68788147], "danceability": 0.992360174656, "bpm_histogram_second_peak_spread": {"dvar": 0, "var": 0, "median": 0.125, "max": 0.125, "dmean": 0, "dmean2": 0, "mean": 0.125, "dvar2": 0, "min": 0.125}}, "lowlevel": {"spectral_flux": {"dvar": 0.00071835424751, "var": 0.00191614148207, "median": 0.0806100666523, "max": 0.276317477226, "dmean": 0.0216169953346, "dmean2": 0.0333304293454, "mean": 0.085183262825, "dvar2": 0.00127571925987, "min": 1.02786043565e-10}, "spectral_rolloff": {"dvar": 469208.03125, "var": 1987650.75, "median": 1550.390625, "max": 21016.40625, "dmean": 349.586578369, "dmean2": 568.471618652, "mean": 1708.18371582, "dvar2": 919041.375, "min": 107.666015625}, "barkbands_flatness_db": {"dvar": 0.000182747797226, "var": 0.0027940440923, "median": 0.0865934193134, "max": 0.356603115797, "dmean": 0.0132767977193, "dmean2": 0.0211626682431, "mean": 0.100683584809, "dvar2": 0.000475298846141, "min": 0.0280635412782}, "spectral_centroid": {"dvar": 42877.109375, "var": 310247.5625, "median": 1570.48986816, "max": 10910.4121094, "dmean": 182.208145142, "dmean2": 285.496765137, "mean": 1547.46032715, "dvar2": 86881.078125, "min": 255.285644531}, "melbands_skewness": {"dvar": 0.382393300533, "var": 2.13957619667, "median": 1.85419082642, "max": 11.6702442169, "dmean": 0.533024966717, "dmean2": 0.851754009724, "mean": 2.19722509384, "dvar2": 0.987264215946, "min": -0.568821489811}, "melbands": {"dvar": [4.42119517174e-06, 6.49119601803e-06, 8.46598993576e-07, 4.71971020488e-07, 1.08502561602e-07, 6.8802890496e-08, 1.75199502905e-07, 6.5166176455e-08, 1.15519554811e-07, 3.04537302043e-08, 5.9972613542e-08, 2.10746460283e-08, 3.31903371453e-09, 8.3622442304e-09, 1.40042839547e-08, 1.44076421904e-08, 1.70615805928e-08, 7.1354637754e-09, 3.72124020487e-09, 1.08274644806e-09, 1.38913724967e-09, 1.16309584186e-09, 4.96239327408e-10, 2.42801972972e-10, 2.44659570381e-10, 2.15851211904e-10, 1.41831033029e-10, 9.29238352931e-11, 5.28735631666e-11, 5.9777335859e-11, 7.50611794942e-11, 5.53557685801e-11, 2.08958926551e-11, 1.0926792457e-11, 2.55619865552e-11, 4.50157897069e-11, 4.59702033384e-11, 3.88249397909e-11, 1.1954531115e-11, 4.02113325276e-12], "var": [3.23029939864e-06, 5.24911456523e-06, 1.06396203137e-06, 5.56824431897e-07, 2.43407242806e-07, 1.48942206124e-07, 2.55508211922e-07, 1.31116365765e-07, 5.65625157378e-07, 1.98757845737e-07, 3.05733465211e-07, 9.66209441344e-08, 1.25985506472e-08, 2.66149555728e-08, 9.77176881634e-08, 8.67417284667e-08, 6.60497292415e-08, 2.80292962174e-08, 1.69928622284e-08, 3.29336602434e-09, 3.4901284085e-09, 2.90446733331e-09, 1.374642844e-09, 6.09874706292e-10, 6.63268218126e-10, 5.56119372774e-10, 3.67850444549e-10, 1.7538795416e-10, 9.09244277092e-11, 8.22043891291e-11, 1.00969517469e-10, 8.36555408279e-11, 3.17810708306e-11, 1.78166370546e-11, 5.48842499226e-11, 9.52649417685e-11, 1.02019816206e-10, 6.18411016839e-11, 2.41848728544e-11, 7.14419322312e-12], "median": [0.000552204321139, 0.00189997430425, 0.00109195802361, 0.000508773257025, 0.000242691399762, 0.000142669392517, 0.000143393612234, 0.000139590760227, 0.000145681478898, 6.36623444734e-05, 0.000104327758891, 8.5432024207e-05, 3.53131254087e-05, 5.22002519574e-05, 4.65078410343e-05, 4.18869312853e-05, 4.25537436968e-05, 4.03061276302e-05, 3.33822863468e-05, 2.38397515204e-05, 2.27876826102e-05, 2.47058378591e-05, 2.40931840381e-05, 1.75797649717e-05, 1.47496411955e-05, 1.3861653315e-05, 1.29300597109e-05, 9.37514414545e-06, 6.09009475738e-06, 6.09244580119e-06, 5.44078420717e-06, 4.09725089412e-06, 2.6464849725e-06, 2.53694065577e-06, 1.9256028736e-06, 1.64832590599e-06, 1.81878294825e-06, 1.26536451717e-06, 1.0290254977e-06, 8.35201888094e-07], "max": [0.0178271792829, 0.0260284096003, 0.0101340245456, 0.0110908905044, 0.00867507699877, 0.00580794317648, 0.0090702297166, 0.00434280280024, 0.00653692614287, 0.0053927814588, 0.00420774053782, 0.00450681056827, 0.0021188009996, 0.00171612622216, 0.00345016899519, 0.00355612998828, 0.00333562935703, 0.00212866533548, 0.00176607328467, 0.0010500800563, 0.000742557516787, 0.000836854218505, 0.000577595550567, 0.000296985061141, 0.000297023594612, 0.000281999615254, 0.000206077966141, 0.000195302985958, 0.000160683921422, 0.000197481364012, 0.000328136637108, 0.000270427874057, 7.81963462941e-05, 7.04714548192e-05, 0.000225435622269, 0.000203673975193, 0.00024477468105, 0.00026452189195, 0.000135515903821, 7.40112227504e-05], "dmean": [0.000878921011463, 0.00129018467851, 0.000668655731715, 0.000437382201198, 0.000189925689483, 0.000132221088279, 0.00018286780687, 0.000135368478368, 0.000172918968019, 8.19059132482e-05, 0.000128753934405, 8.28983684187e-05, 2.97660080832e-05, 5.27292941115e-05, 5.20526045875e-05, 5.7526765886e-05, 6.35434407741e-05, 4.29096689913e-05, 3.10373907269e-05, 1.91516919585e-05, 2.10480975511e-05, 1.96810378839e-05, 1.56989863171e-05, 1.1078004718e-05, 1.0231982742e-05, 9.46173713601e-06, 8.07442393125e-06, 6.09705966781e-06, 4.23123265136e-06, 4.160485787e-06, 3.92729407395e-06, 3.49112087861e-06, 2.37199333242e-06, 1.81520829301e-06, 1.67897212577e-06, 1.65004280461e-06, 1.68202745954e-06, 1.29244631353e-06, 8.86462487415e-07, 5.76814670694e-07], "dmean2": [0.00154524715617, 0.00224676541984, 0.00111763644964, 0.000740724150091, 0.000311332027195, 0.000217729990254, 0.000308833870804, 0.000215455380385, 0.000260762433754, 0.00011833870667, 0.000190245627891, 0.00013049908739, 4.63863907498e-05, 8.36509061628e-05, 8.18720145617e-05, 8.97243444342e-05, 0.000101487799839, 6.7876506364e-05, 4.97402288602e-05, 3.14230201184e-05, 3.53759787686e-05, 3.29845206579e-05, 2.59414809989e-05, 1.87734931387e-05, 1.74235974555e-05, 1.59721384989e-05, 1.37132328746e-05, 1.03889706224e-05, 7.26707730792e-06, 7.10591530151e-06, 6.69964674671e-06, 5.95266919845e-06, 4.11647670262e-06, 3.1214003684e-06, 2.68978919848e-06, 2.5759293294e-06, 2.53534267358e-06, 1.94088988792e-06, 1.314251449e-06, 8.91365402822e-07], "mean": [0.00103875482455, 0.00234576803632, 0.0013233574573, 0.000726433587261, 0.00037144855014, 0.000240438064793, 0.000293962279102, 0.000255126476986, 0.000408544321544, 0.000224723451538, 0.000327028130414, 0.000173795517185, 6.22520019533e-05, 0.00010872096027, 0.000137115450343, 0.000146450140164, 0.000140152886161, 9.18161240406e-05, 7.17744260328e-05, 4.05528844567e-05, 4.33131390309e-05, 4.24267673225e-05, 3.46097076545e-05, 2.43782760663e-05, 2.29028228205e-05, 2.11249662243e-05, 1.82993007911e-05, 1.24490934468e-05, 8.24564267532e-06, 8.15100884211e-06, 7.66632092564e-06, 6.41979295324e-06, 4.24904010288e-06, 3.58260376743e-06, 3.26904705616e-06, 3.21563857142e-06, 3.42698058375e-06, 2.53294865615e-06, 1.81066195637e-06, 1.27125031213e-06], "dvar2": [1.21481889437e-05, 1.85965091077e-05, 2.32632510233e-06, 1.29733587073e-06, 2.85522077093e-07, 1.59632563168e-07, 4.57515000107e-07, 1.6524900559e-07, 2.62157385578e-07, 5.80068935108e-08, 1.29931876813e-07, 4.93900387255e-08, 7.53772866346e-09, 2.11925605953e-08, 3.32054597152e-08, 3.34780239086e-08, 4.33370423991e-08, 1.69904712521e-08, 8.73097327769e-09, 2.68792432756e-09, 3.79090447922e-09, 3.06951619677e-09, 1.30691868439e-09, 6.71713740186e-10, 6.86147860751e-10, 5.95612559273e-10, 3.95318250357e-10, 2.47501991124e-10, 1.40878086974e-10, 1.57158036584e-10, 1.95778698808e-10, 1.42163905648e-10, 5.52224203865e-11, 2.84386923732e-11, 5.56781357131e-11, 1.01067050562e-10, 9.92178214587e-11, 8.36408373117e-11, 2.34123970211e-11, 8.58346813765e-12], "min": [2.52141118335e-23, 1.48195425432e-23, 7.46154184623e-24, 3.55086567165e-24, 6.63491264745e-24, 3.33308010838e-24, 7.02675405857e-24, 6.50653263487e-24, 6.38784811725e-24, 9.1759117204e-24, 8.39735097201e-24, 1.06796123455e-23, 1.43325944836e-23, 8.97505511215e-24, 1.137102053e-23, 7.94058315295e-24, 5.74481998327e-24, 1.00461065515e-23, 1.27553964768e-23, 9.59205083626e-24, 1.04997915022e-23, 7.81910409557e-24, 6.70205338795e-24, 1.41213359555e-23, 1.33737829627e-23, 1.4283823947e-23, 1.13437432976e-23, 7.46365599345e-24, 8.83259235469e-24, 1.18205213624e-23, 1.38415837904e-23, 8.54930767046e-24, 6.21660179752e-24, 8.59333951961e-24, 1.22756948935e-23, 1.51859447679e-23, 1.12716666544e-23, 8.52119503439e-24, 9.03126145165e-24, 9.40488175358e-24]}, "spectral_decrease": {"dvar": 1.02080853926e-17, "var": 1.66551509392e-17, "median": -7.71616903705e-09, "max": 1.18455334212e-16, "dmean": 2.23651519526e-09, "dmean2": 3.73082809091e-09, "mean": -7.84822873356e-09, "dvar2": 2.73997026638e-17, "min": -3.24631663773e-08}, "barkbands_kurtosis": {"dvar": 5.82162094116, "var": 29.1190700531, "median": 0.229299902916, "max": 84.0952682495, "dmean": 1.26117348671, "dmean2": 2.02964258194, "mean": 1.98764669895, "dvar2": 15.0953674316, "min": -1.92861902714}, "silence_rate_30dB": {"dvar": 0, "var": 0, "median": 1, "max": 1, "dmean": 0, "dmean2": 0, "mean": 1, "dvar2": 0, "min": 1}, "gfcc": {"mean": [35.0066108704, 78.928894043, -111.99848175, 31.0855388641, -48.0562057495, 12.7876682281, -32.2720527649, 6.29576539993, -22.7725906372, 0.370424091816, -18.8027019501, -6.86176156998, -14.484793663], "cov": [[14979.4277344, -3016.32885742, -333.501464844, 164.53678894, -848.621154785, 1516.59436035, -171.331680298, 509.17086792, -361.86932373, 19.6801109314, -207.814407349, 266.360748291, -428.29977417], [-3016.32885742, 1507.2355957, -440.364715576, -10.1761035919, 282.10369873, -489.582763672, 92.4670639038, -116.691604614, 128.069381714, -1.62804758549, 85.7733306885, -114.273994446, 102.038795471], [-333.501464844, -440.364715576, 754.28137207, -63.2692451477, 16.4429111481, 91.0812072754, 24.1301841736, -40.8998947144, -12.4383840561, 0.821178436279, -38.3483581543, 63.0928268433, 12.0021114349], [164.53678894, -10.1761035919, -63.2692451477, 247.53036499, 17.6944484711, -20.913602829, -15.8350906372, 7.73412132263, 15.7824687958, -6.18291854858, -8.88910388947, 9.92530536652, 8.40939712524], [-848.621154785, 282.10369873, 16.4429111481, 17.6944484711, 253.344116211, -115.003875732, 50.1125602722, -63.9472084045, 56.4659500122, 10.7742033005, 17.5408325195, 0.94254899025, 39.8142547607], [1516.59436035, -489.582763672, 91.0812072754, -20.913602829, -115.003875732, 374.848175049, 1.49323964119, 64.5539855957, -87.1595687866, 19.3563404083, -18.6260871887, 29.372297287, -43.6885795593], [-171.331680298, 92.4670639038, 24.1301841736, -15.8350906372, 50.1125602722, 1.49323964119, 109.131622314, -7.47871208191, 9.39810180664, -2.16306066513, 2.07193374634, -2.51122236252, 2.92906498909], [509.17086792, -116.691604614, -40.8998947144, 7.73412132263, -63.9472084045, 64.5539855957, -7.47871208191, 122.182685852, -0.820761084557, -1.64904415607, -10.1942863464, 9.45663833618, -12.439699173], [-361.86932373, 128.069381714, -12.4383840561, 15.7824687958, 56.4659500122, -87.1595687866, 9.39810180664, -0.820761084557, 85.4714584351, 18.6694755554, 6.17842531204, -7.27073478699, 13.7479257584], [19.6801109314, -1.62804758549, 0.821178436279, -6.18291854858, 10.7742033005, 19.3563404083, -2.16306066513, -1.64904415607, 18.6694755554, 55.6293945312, 18.188999176, -4.61363744736, -4.67328977585], [-207.814407349, 85.7733306885, -38.3483581543, -8.88910388947, 17.5408325195, -18.6260871887, 2.07193374634, -10.1942863464, 6.17842531204, 18.188999176, 60.7963294983, 5.87333202362, 5.27376174927], [266.360748291, -114.273994446, 63.0928268433, 9.92530536652, 0.94254899025, 29.372297287, -2.51122236252, 9.45663833618, -7.27073478699, -4.61363744736, 5.87333202362, 60.6977958679, 9.06886959076], [-428.29977417, 102.038795471, 12.0021114349, 8.40939712524, 39.8142547607, -43.6885795593, 2.92906498909, -12.439699173, 13.7479257584, -4.67328977585, 5.27376174927, 9.06886959076, 58.80676651]], "icov": [[0.000220951566007, 0.000229993529501, 0.000360305712093, -6.12337098573e-05, 0.000102704027086, -0.000477270921692, -2.45539486059e-05, -8.31870056572e-05, -0.000123306541354, -6.62934762659e-05, 0.000503972754814, -0.000850052630994, 0.000814346189145], [0.000229993529501, 0.00259365118109, 0.0013405547943, 0.000305411405861, -0.000877664075233, 0.00142014073208, -0.00156794663053, 0.00022415209969, -8.66589252837e-05, 0.000119592317787, -0.00129168073181, 0.00200954289176, -0.00153210596181], [0.000360305712093, 0.0013405547943, 0.00271931290627, 0.000573217635974, -0.000215302236029, -0.000427742081229, -0.000954566407017, 0.00101620727219, -0.000604194472544, -0.000404292077292, 0.00166703877039, -0.00223797559738, 5.63829125895e-05], [-6.12337098573e-05, 0.000305411405861, 0.000573217635974, 0.00448794197291, -0.000579797604587, 0.00033369808807, 0.000511806691065, 3.01225081785e-05, -0.000868705159519, 0.000472388986964, 0.000715680653229, -0.000634027586784, -0.000839124724735], [0.000102704027086, -0.000877664075233, -0.000215302236029, -0.000579797604587, 0.00699383113533, -0.000296146288747, -0.0019936200697, 0.00250704330392, -0.00273843156174, -0.000968555104919, 0.00065079331398, -0.00253321346827, -0.00103218865115], [-0.000477270921692, 0.00142014073208, -0.000427742081229, 0.00033369808807, -0.000296146288747, 0.00786905921996, -0.00234801275656, -0.00175775785465, 0.00568650010973, -0.00414661783725, -0.000956795702223, 0.00229425681755, -0.00203586835414], [-2.45539486059e-05, -0.00156794663053, -0.000954566407017, 0.000511806691065, -0.0019936200697, -0.00234801275656, 0.0117225944996, -0.000531922793016, -0.00122345192358, 0.00210959743708, 0.000332118303049, -0.000529385113623, 0.00207792082801], [-8.31870056572e-05, 0.00022415209969, 0.00101620727219, 3.01225081785e-05, 0.00250704330392, -0.00175775785465, -0.000531922793016, 0.0114426268265, -0.00427047396079, 0.00141643546522, 0.000934512645472, -0.00169061368797, -0.000474896718515], [-0.000123306541354, -8.66589252837e-05, -0.000604194472544, -0.000868705159519, -0.00273843156174, 0.00568650010973, -0.00122345192358, -0.00427047396079, 0.0212976448238, -0.00941302441061, 0.00172561453655, 0.000914478907362, -0.00128677033354], [-6.62934762659e-05, 0.000119592317787, -0.000404292077292, 0.000472388986964, -0.000968555104919, -0.00414661783725, 0.00210959743708, 0.00141643546522, -0.00941302441061, 0.0263598300517, -0.00888001453131, 0.00425402633846, 0.00153001456056], [0.000503972754814, -0.00129168073181, 0.00166703877039, 0.000715680653229, 0.00065079331398, -0.000956795702223, 0.000332118303049, 0.000934512645472, 0.00172561453655, -0.00888001453131, 0.023966845125, -0.00936060491949, 0.0026840288192], [-0.000850052630994, 0.00200954289176, -0.00223797559738, -0.000634027586784, -0.00253321346827, 0.00229425681755, -0.000529385113623, -0.00169061368797, 0.000914478907362, 0.00425402633846, -0.00936060491949, 0.0283396616578, -0.00944892503321], [0.000814346189145, -0.00153210596181, 5.63829125895e-05, -0.000839124724735, -0.00103218865115, -0.00203586835414, 0.00207792082801, -0.000474896718515, -0.00128677033354, 0.00153001456056, 0.0026840288192, -0.00944892503321, 0.0263240598142]]}, "silence_rate_20dB": {"dvar": 0, "var": 0, "median": 1, "max": 1, "dmean": 0, "dmean2": 0, "mean": 1, "dvar2": 0, "min": 1}, "barkbands_skewness": {"dvar": 0.148045450449, "var": 0.958291947842, "median": 0.947226166725, "max": 8.05223846436, "dmean": 0.356818884611, "dmean2": 0.564401507378, "mean": 1.13836491108, "dvar2": 0.369832575321, "min": -1.97088003159}, "erbbands_skewness": {"dvar": 0.0524840764701, "var": 0.512103378773, "median": 0.11808950454, "max": 3.59069442749, "dmean": 0.25237557292, "dmean2": 0.386804550886, "mean": 0.178273841739, "dvar2": 0.12037756294, "min": -2.88378429413}, "spectral_contrast_valleys": {"dvar": [0.103209264576, 0.090712480247, 0.0650070756674, 0.058294672519, 0.0621402710676, 0.0535955429077], "var": [0.951649665833, 1.06762313843, 1.41746854782, 1.50296640396, 1.70935094357, 2.91141843796], "median": [-6.7201089859, -6.35981178284, -6.87654447556, -7.03206253052, -6.72512722015, -9.24849319458], "max": [-5.17996549606, -4.71827983856, -5.50777196884, -5.72668743134, -5.53527116776, -7.31065893173], "dmean": [0.360753953457, 0.320476621389, 0.272831678391, 0.238678976893, 0.202296152711, 0.188243225217], "dmean2": [0.594812273979, 0.526629090309, 0.450449734926, 0.390495836735, 0.326531916857, 0.289010167122], "mean": [-6.88833713531, -6.57352685928, -7.14347791672, -7.33753204346, -7.11469221115, -9.71962738037], "dvar2": [0.251715034246, 0.216758549213, 0.151956185699, 0.124316722155, 0.125175386667, 0.106269329786], "min": [-27.3741111755, -27.1151332855, -27.08344841, -27.310459137, -27.233631134, -27.245464325]}, "spectral_strongpeak": {"dvar": 1.54461562634, "var": 3.56449460983, "median": 0.436625480652, "max": 10.6152191162, "dmean": 0.750246226788, "dmean2": 1.29610216618, "mean": 1.4649668932, "dvar2": 3.81114602089, "min": 0}, "erbbands_crest": {"dvar": 4.57310962677, "var": 28.0689201355, "median": 8.60683059692, "max": 31.935667038, "dmean": 2.24554729462, "dmean2": 3.55520582199, "mean": 9.87476825714, "dvar2": 11.0418548584, "min": 2.30397081375}, "barkbands_crest": {"dvar": 4.22732877731, "var": 8.97972106934, "median": 7.4419131279, "max": 22.136800766, "dmean": 1.97897994518, "dmean2": 3.2592318058, "mean": 8.02300643921, "dvar2": 11.8010215759, "min": 2.25248765945}, "spectral_energyband_middle_low": {"dvar": 3.11127914756e-05, "var": 7.44905482861e-05, "median": 0.0110390558839, "max": 0.0676294788718, "dmean": 0.00417445739731, "dmean2": 0.00668703066185, "mean": 0.0127714676782, "dvar2": 8.18751941551e-05, "min": 2.02809954063e-22}, "spectral_contrast_coeffs": {"dvar": [0.00155986391474, 0.00120141578373, 0.000828745542094, 0.00051057751989, 0.000224749877816, 0.000255438353634], "var": [0.00380982528441, 0.00463502202183, 0.00462803710252, 0.00279290764593, 0.00106006662827, 0.00129351159558], "median": [-0.651143431664, -0.748520851135, -0.763756394386, -0.772700309753, -0.794893085957, -0.758010625839], "max": [-0.402892231941, -0.470766544342, -0.533145606518, -0.563874185085, -0.67252355814, -0.549787759781], "dmean": [0.0473706126213, 0.0424667000771, 0.0352141819894, 0.0283886771649, 0.0187103450298, 0.0170237813145], "dmean2": [0.0797958821058, 0.069737739861, 0.0576912611723, 0.0467003621161, 0.0310826282948, 0.0285626277328], "mean": [-0.647496342659, -0.738175988197, -0.754978477955, -0.766717851162, -0.793798923492, -0.756955862045], "dvar2": [0.0043573975563, 0.00320364627987, 0.00217759050429, 0.00137012766208, 0.000595613091718, 0.00069842999801], "min": [-0.956066131592, -0.959131717682, -0.990234911442, -0.967880666256, -0.961167037487, -0.95897436142]}, "hfc": {"dvar": 105.55896759, "var": 422.359161377, "median": 31.5771827698, "max": 203.629135132, "dmean": 6.81921243668, "dmean2": 10.8634614944, "mean": 31.8980979919, "dvar2": 244.73777771, "min": 1.16290410643e-16}, "spectral_energyband_high": {"dvar": 1.26866234496e-06, "var": 3.41553754879e-06, "median": 0.00104523962364, "max": 0.024394351989, "dmean": 0.000521373585798, "dmean2": 0.000827755779028, "mean": 0.00143266818486, "dvar2": 2.62214939539e-06, "min": 7.72639602603e-21}, "erbbands_spread": {"dvar": 41.2767295837, "var": 315.374420166, "median": 34.5234603882, "max": 128.059692383, "dmean": 6.19552850723, "dmean2": 9.73118495941, "mean": 37.3846054077, "dvar2": 98.4821014404, "min": 3.20055007935}, "dissonance": {"dvar": 0.000248402619036, "var": 0.000723709410522, "median": 0.476770073175, "max": 0.500000178814, "dmean": 0.0144829489291, "dmean2": 0.0244148690253, "mean": 0.469252675772, "dvar2": 0.000702399061993, "min": 0.167358294129}, "spectral_kurtosis": {"dvar": 8.60910320282, "var": 16.4264698029, "median": 3.42461323738, "max": 107.623497009, "dmean": 1.23574638367, "dmean2": 2.16424584389, "mean": 4.21135234833, "dvar2": 27.6704769135, "min": -1.16536200047}, "spectral_skewness": {"dvar": 0.0558204911649, "var": 0.190847843885, "median": 1.39256441593, "max": 8.2146396637, "dmean": 0.167445972562, "dmean2": 0.282876193523, "mean": 1.45646750927, "dvar2": 0.170202150941, "min": 0.00189107540064}, "pitch_salience": {"dvar": 0.00306795001961, "var": 0.00834936182946, "median": 0.548748254776, "max": 0.927892625332, "dmean": 0.0576110035181, "dmean2": 0.0955059230328, "mean": 0.551524877548, "dvar2": 0.00839255005121, "min": 0.180106699467}, "spectral_complexity": {"dvar": 15.3864955902, "var": 163.790527344, "median": 29, "max": 57, "dmean": 3.76497268677, "dmean2": 6.14061832428, "mean": 27.7742729187, "dvar2": 38.4263839722, "min": 0}, "spectral_spread": {"dvar": 273557536768, "var": 2304186515460.0, "median": 4814602, "max": 40414184, "dmean": 367300.875, "dmean2": 546845.375, "mean": 4924114.5, "dvar2": 412763488256, "min": 1197872}, "dynamic_complexity": 3.01275587082, "melbands_crest": {"dvar": 5.82839298248, "var": 15.5197124481, "median": 11.7489500046, "max": 28.0390911102, "dmean": 2.55638074875, "dmean2": 4.21753406525, "mean": 12.4002904892, "dvar2": 15.6262578964, "min": 2.52711224556}, "zerocrossingrate": {"dvar": 0.000114555885375, "var": 0.00112505001016, "median": 0.0693359375, "max": 0.7314453125, "dmean": 0.00805117934942, "dmean2": 0.00993103627115, "mean": 0.0718688890338, "dvar2": 0.000135946480441, "min": 0.0078125}, "spectral_energyband_low": {"dvar": 0.000125594015117, "var": 0.000106014143967, "median": 0.00830992124975, "max": 0.100003115833, "dmean": 0.00566798029467, "dmean2": 0.00972312130034, "mean": 0.0105261364952, "dvar2": 0.000344739761204, "min": 1.32206991398e-22}, "melbands_kurtosis": {"dvar": 65.8886489868, "var": 253.719207764, "median": 4.1115064621, "max": 192.695037842, "dmean": 3.98882031441, "dmean2": 6.46243476868, "mean": 9.0047121048, "dvar2": 175.493301392, "min": -1.6194653511}, "spectral_energyband_middle_high": {"dvar": 5.65994923818e-06, "var": 5.07473050675e-05, "median": 0.00862538814545, "max": 0.0466095842421, "dmean": 0.00200605858117, "dmean2": 0.00317618530244, "mean": 0.00933400355279, "dvar2": 1.39762169056e-05, "min": 1.59525486884e-21}, "barkbands_spread": {"dvar": 27.710439682, "var": 162.18927002, "median": 27.7835083008, "max": 128.74407959, "dmean": 4.28265428543, "dmean2": 6.63191461563, "mean": 28.445514679, "dvar2": 54.9041252136, "min": 2.37633895874}, "mfcc": {"mean": [-605.590881348, 108.508270264, -0.427120417356, 22.2790679932, 7.64356899261, 7.58548974991, 2.76750516891, 2.93485331535, 1.6431145668, 3.80827569962, 1.78082382679, -1.03574967384, -5.27288532257], "cov": [[9825.72070312, -1006.15460205, -453.555603027, -133.412689209, -380.661895752, 267.873474121, 171.090988159, 276.223236084, 91.7414093018, 26.6192836761, 23.0306510925, 135.572937012, -152.370330811], [-1006.15460205, 833.046203613, -214.31451416, 74.8160324097, 44.9017448425, -98.6669998169, -13.9856443405, -55.2835159302, -11.964550972, 27.1207294464, 51.7505302429, -27.4847373962, 23.3153209686], [-453.555603027, -214.31451416, 523.211425781, -65.1008300781, 26.8882408142, 80.3111801147, 11.1392040253, 5.55875349045, 22.2070941925, -35.9622344971, -30.3324623108, 9.21499633789, -0.119293928146], [-133.412689209, 74.8160324097, -65.1008300781, 239.004867554, 56.1179389954, -38.499004364, -38.5175437927, -6.66893815994, 19.4808502197, -9.50899791718, -11.3591737747, -14.0353956223, 47.0460968018], [-380.661895752, 44.9017448425, 26.8882408142, 56.1179389954, 140.492919922, 17.5916137695, -15.6097068787, -15.6832542419, 11.4725999832, -1.55061006546, -15.753745079, -6.04753637314, 26.3267402649], [267.873474121, -98.6669998169, 80.3111801147, -38.499004364, 17.5916137695, 149.671768188, 63.5497703552, 3.62418007851, 10.2101306915, -6.75535440445, 2.30483794212, 9.09074401855, -24.2728996277], [171.090988159, -13.9856443405, 11.1392040253, -38.5175437927, -15.6097068787, 63.5497703552, 103.667633057, 31.5231781006, 3.05830574036, -4.96451711655, 11.5242052078, 8.16394710541, -21.4193229675], [276.223236084, -55.2835159302, 5.55875349045, -6.66893815994, -15.6832542419, 3.62418007851, 31.5231781006, 74.1872329712, 27.6808738708, -10.3259925842, -0.903839468956, 7.5524058342, 0.51141