{"metadata": {"version": {"essentia_git_sha": "v2.1_beta1-6-g5578087", "essentia_build_sha": "7598a69e7b456135ce4c070efb04a3d0ebb71fdd", "extractor": "music 1.0", "essentia": "2.1-beta1"}, "audio_properties": {"analysis_sample_rate": 44100, "md5_encoded": "b9f595cbd19d2cf05d65cf2ebae97d43", "downmix": "mix", "equal_loudness": 0, "lossless": true, "codec": "flac", "bit_rate": 0, "length": 296.893341064, "replay_gain": -14.9227294922}, "tags": {"script": ["Latn"], "musicbrainz_releasetrackid": ["72fb1746-936a-3a30-aa39-07a72d1f662d"], "releasecountry": ["XE"], "releasestatus": ["official"], "musicbrainz_artistid": ["bf48d271-9595-4043-9064-52f43707d4ab"], "catalognumber": ["!K7226CD"], "label": ["!K7"], "date": ["2008-05-26"], "disctotal": ["1"], "musicbrainz_albumid": ["9d11dc0b-33e3-4da2-9605-857e328c1b4b"], "tracktotal": ["12"], "acoustid_id": ["36fc8a54-b02e-47f6-8ae7-fc93a080b750"], "album": ["Same as It Never Was"], "discnumber": ["1"], "artistsort": ["Herbaliser, The"], "file_name": "09 Blackwater Drive.flac", "artist": ["The Herbaliser"], "asin": ["B00171NYN6"], "isrc": ["DEG930800725"], "totaltracks": ["12"], "originaldate": ["2008-05-26"], "albumartist": ["The Herbaliser"], "tracknumber": ["9"], "musicbrainz_recordingid": ["4a78bee8-94bc-4034-ab98-1bf08a60c588"], "totaldiscs": ["1"], "releasetype": ["album"], "albumartistsort": ["Herbaliser, The"], "media": ["CD"], "barcode": ["0730003722622"], "title": ["Blackwater Drive"], "musicbrainz_releasegroupid": ["5922014a-9914-3f41-8342-c05651ff2254"], "musicbrainz_albumartistid": ["bf48d271-9595-4043-9064-52f43707d4ab"]}}, "rhythm": {"beats_loudness": {"var": 0.000603430380579, "mean": 0.0526889637113, "dmean2": 0.036925394088, "dvar": 0.000272939156275, "dmean": 0.0209196843207, "max": 0.116071075201, "min": 0, "median": 0.0553353950381, "dvar2": 0.000804998504464}, "beats_position": [0.603718817234, 1.23065757751, 1.86920630932, 2.50775504112, 3.14630389214, 3.79646253586, 4.446621418, 5.0967798233, 5.72371864319, 6.33904743195, 6.9543762207, 7.56970500946, 8.18503379822, 8.78875255585, 9.4040813446, 10.0194101334, 10.6347389221, 11.2384576797, 11.8537864685, 12.4691152573, 13.0728340149, 13.6881628036, 14.3034915924, 14.9188203812, 15.5341491699, 16.1378688812, 16.7415866852, 17.3569164276, 17.9722442627, 18.575963974, 19.1912918091, 19.8066215515, 20.4219493866, 21.037279129, 21.6526069641, 22.2679367065, 22.8716545105, 23.4753742218, 24.0907020569, 24.7060317993, 25.3213596344, 25.9366893768, 26.5404071808, 27.1441268921, 27.7710647583, 28.3747844696, 28.9901123047, 29.6054420471, 30.2091598511, 30.8244895935, 31.4398174286, 32.0435371399, 32.6588668823, 33.2741928101, 33.901134491, 34.5048522949, 35.1085700989, 35.7238998413, 36.3392295837, 36.9429473877, 37.5582771301, 38.1736030579, 38.7889328003, 39.4042625427, 40.0079803467, 40.6116981506, 41.2386398315, 41.8423576355, 42.4576873779, 43.0730133057, 43.6883430481, 44.2920608521, 44.9073905945, 45.5111083984, 46.1264381409, 46.7417678833, 47.3454856873, 47.9724235535, 48.5761451721, 49.1914749146, 49.8068008423, 50.4105224609, 51.0258483887, 51.6411781311, 52.2448959351, 52.8602256775, 53.4755554199, 54.1024932861, 54.7062110901, 55.3099327087, 55.9252586365, 56.5405883789, 57.1443061829, 57.7712478638, 58.3865737915, 58.9902954102, 59.6056213379, 60.2209510803, 60.8362808228, 61.4399986267, 62.0553283691, 62.6706581116, 63.2743759155, 63.889705658, 64.5050354004, 65.1087493896, 65.7124710083, 66.3394088745, 66.9547348022, 67.5700683594, 68.1853942871, 68.7891159058, 69.4044418335, 70.0081634521, 70.6234893799, 71.238822937, 71.8541488647, 72.4578704834, 73.0731964111, 73.6769180298, 74.2922439575, 74.9075698853, 75.5345077515, 76.1382293701, 76.7419509888, 77.3572769165, 77.9726028442, 78.5763244629, 79.1800460815, 79.8069839478, 80.433921814, 81.0376434326, 81.6413574219, 82.2450790405, 82.8720169067, 83.4757385254, 84.0910644531, 84.7063903809, 85.3333282471, 85.9370498657, 86.5407714844, 87.1444854736, 87.7714233398, 88.3751449585, 88.9904708862, 89.6058044434, 90.2095184326, 90.8248519897, 91.4401779175, 92.0438995361, 92.6592254639, 93.274559021, 93.8898849487, 94.5052108765, 95.1205444336, 95.7358703613, 96.33959198, 96.9433059692, 97.5586395264, 98.1739654541, 98.7776870728, 99.3930130005, 100.008346558, 100.623672485, 101.238998413, 101.842720032, 102.458045959, 103.073379517, 103.677093506, 104.292427063, 104.907752991, 105.511474609, 106.126800537, 106.742126465, 107.357460022, 107.97278595, 108.588119507, 109.203445435, 109.807167053, 110.422492981, 111.037818909, 111.653152466, 112.268478394, 112.872200012, 113.475914001, 114.091247559, 114.706573486, 115.321899414, 115.925621033, 116.54094696, 117.144668579, 117.759994507, 118.375328064, 118.979042053, 119.59437561, 120.209701538, 120.825035095, 121.440361023, 122.044082642, 122.659408569, 123.274734497, 123.878456116, 124.493782043, 125.12071991, 125.736053467, 126.339767456, 126.955101013, 127.570426941, 128.17414856, 128.789474487, 129.404800415, 130.008529663, 130.623855591, 131.239181519, 131.854507446, 132.469833374, 133.085174561, 133.700500488, 134.304214478, 134.907928467, 135.511657715, 136.126983643, 136.74230957, 137.34602356, 137.972961426, 138.576690674, 139.180404663, 139.795730591, 140.411056519, 141.026397705, 141.641723633, 142.257049561, 142.872375488, 143.476104736, 144.091430664, 144.706756592, 145.32208252, 145.937408447, 146.541137695, 147.144851685, 147.760177612, 148.37550354, 148.979232788, 149.594558716, 150.209884644, 150.825210571, 151.440536499, 152.044265747, 152.659591675, 153.274917603, 153.89024353, 154.493972778, 155.109298706, 155.724624634, 156.339950562, 156.943664551, 157.547393799, 158.174331665, 158.778045654, 159.393371582, 160.00869751, 160.624038696, 161.239364624, 161.843078613, 162.458404541, 163.073745728, 163.689071655, 164.292785645, 164.908111572, 165.51184082, 166.127166748, 166.742492676, 167.346206665, 167.961532593, 168.576873779, 169.180587769, 169.807525635, 170.422851562, 171.03817749, 171.641906738, 172.245620728, 172.860946655, 173.476272583, 174.080001831, 174.706939697, 175.310653687, 175.925979614, 176.541305542, 177.156646729, 177.771972656, 178.387298584, 178.991012573, 179.606338501, 180.210067749, 180.825393677, 181.429107666, 182.044433594, 182.65977478, 183.275100708, 183.878814697, 184.494140625, 185.109481812, 185.713195801, 186.340133667, 186.955459595, 187.570785522, 188.174514771, 188.789840698, 189.405166626, 190.008880615, 190.624221802, 191.239547729, 191.843261719, 192.458587646, 193.073913574, 193.677642822, 194.304580688, 194.908294678, 195.523620605, 196.138946533, 196.742675781, 197.358001709, 197.973327637, 198.577041626, 199.192382812, 199.80770874, 200.411422729, 201.038360596, 201.642089844, 202.245803833, 202.861129761, 203.476455688, 204.091781616, 204.707122803, 205.32244873, 205.937774658, 206.541488647, 207.156814575, 207.772155762, 208.375869751, 208.97958374, 209.594909668, 210.210250854, 210.825576782, 211.44090271, 212.056228638, 212.671554565, 213.275283813, 213.890609741, 214.505935669, 215.121261597, 215.736587524, 216.340316772, 216.944030762, 217.559356689, 218.174682617, 218.778411865, 219.405349731, 220.020675659, 220.636001587, 221.262939453, 221.866668701, 222.47038269, 223.07409668, 223.689422607, 224.293151855, 224.908477783, 225.512191772, 226.139129639, 226.754455566, 227.358184814, 227.973510742, 228.58883667, 229.204162598, 229.831100464, 230.44644165, 231.061767578, 231.665481567, 232.269195557, 232.872924805, 233.476638794, 234.091964722, 234.707290649, 235.322631836, 235.937957764, 236.541671753, 237.156997681, 237.760726929, 238.376052856, 238.991378784, 239.606704712, 240.21043396, 240.825759888, 241.441085815, 242.044799805, 242.648529053, 243.26385498, 243.879180908, 244.506118774, 245.109832764, 245.725158691, 246.328887939, 246.944213867, 247.547927856, 248.163253784, 248.778594971, 249.393920898, 250.009246826, 250.636184692, 251.239898682, 251.855239868, 252.458953857, 253.062667847, 253.677993774, 254.293334961, 254.908660889, 255.523986816, 256.127716064, 256.743041992, 257.346740723, 257.973693848, 258.577423096, 259.204345703, 259.831298828, 260.434997559, 261.038726807, 261.642456055, 262.246154785, 262.861480713, 263.476806641, 264.092163086, 264.707489014, 265.311187744, 265.926513672, 266.5418396, 267.145568848, 267.760894775, 268.376220703, 268.991546631, 269.618499756, 270.233825684, 270.837554932, 271.441253662, 272.04498291, 272.648712158, 273.275634766, 273.902587891, 274.506286621, 275.110015869, 275.725341797, 276.340667725, 276.944396973, 277.548126221, 278.175048828, 278.790374756, 279.405700684, 280.032653809, 280.636352539, 281.240081787, 281.843811035, 282.459136963, 283.074462891, 283.689788818, 284.293518066, 284.908843994, 285.512542725, 286.12789917, 286.743225098, 287.346923828, 287.962249756, 288.577606201, 289.192932129, 289.808258057, 290.411956787, 291.027282715, 291.64263916, 292.269561768, 292.919708252, 293.569885254, 294.220031738, 294.87020874, 295.520355225, 296.182128906], "bpm_histogram_first_peak_spread": {"var": 0, "mean": 0.0866807699203, "dmean2": 0, "dvar": 0, "dmean": 0, "max": 0.0866807699203, "min": 0.0866807699203, "median": 0.0866807699203, "dvar2": 0}, "danceability": 1.21458470821, "bpm_histogram_second_peak_weight": {"var": 0, "mean": 0.0186721999198, "dmean2": 0, "dvar": 0, "dmean": 0, "max": 0.0186721999198, "min": 0.0186721999198, "median": 0.0186721999198, "dvar2": 0}, "bpm_histogram_first_peak_weight": {"var": 0, "mean": 0.896265566349, "dmean2": 0, "dvar": 0, "dmean": 0, "max": 0.896265566349, "min": 0.896265566349, "median": 0.896265566349, "dvar2": 0}, "bpm": 97.9716491699, "bpm_histogram_second_peak_spread": {"var": 0, "mean": 0, "dmean2": 0, "dvar": 0, "dmean": 0, "max": 0, "min": 0, "median": 0, "dvar2": 0}, "bpm_histogram_second_peak_bpm": {"var": 0, "mean": 92, "dmean2": 0, "dvar": 0, "dmean": 0, "max": 92, "min": 92, "median": 92, "dvar2": 0}, "beats_count": 483, "beats_loudness_band_ratio": {"var": [0.0499375276268, 0.0317938961089, 0.00870987214148, 0.0042417505756, 0.00210392661393, 0.00515336496755], "mean": [0.537989318371, 0.240649625659, 0.0995898172259, 0.0589080490172, 0.0551340840757, 0.082888379693], "dmean2": [0.524818480015, 0.416694462299, 0.135806277394, 0.0898675769567, 0.0901610851288, 0.123205721378], "dvar": [0.0356097370386, 0.0196722839028, 0.00798500701785, 0.00555281713605, 0.00206769397482, 0.00480519095436], "dmean": [0.276618719101, 0.215905666351, 0.0750168859959, 0.0500208735466, 0.0484276935458, 0.0664208754897], "max": [0.977609574795, 0.929564714432, 0.646278202534, 0.756117463112, 0.421367168427, 0.783767282963], "min": [0, 0, 0, 0, 0, 0], "median": [0.564528107643, 0.206445381045, 0.0729589313269, 0.0433715432882, 0.0435498468578, 0.0705937147141], "dvar2": [0.114074386656, 0.0624074079096, 0.0225502829999, 0.0163439344615, 0.00657592481002, 0.0162200611085]}, "onset_rate": 5.02839946747, "bpm_histogram_first_peak_bpm": {"var": 0, "mean": 98, "dmean2": 0, "dvar": 0, "dmean": 0, "max": 98, "min": 98, "median": 98, "dvar2": 0}}, "lowlevel": {"hfc": {"var": 381.134124756, "mean": 23.7645549774, "dmean2": 12.1913833618, "dvar": 117.679481506, "dmean": 8.79465579987, "max": 121.272163391, "min": 1.0927363603e-16, "median": 17.9026641846, "dvar2": 237.130081177}, "barkbands_spread": {"var": 247.386245728, "mean": 23.7606430054, "dmean2": 11.656006813, "dvar": 82.513168335, "dmean": 7.70063829422, "max": 97.0880432129, "min": 0.251705378294, "median": 20.5728607178, "dvar2": 174.388763428}, "spectral_spread": {"var": 7809453785090.0, "mean": 5357668.5, "dmean2": 1090017.375, "dvar": 869326585856, "dmean": 827072.5, "max": 42919344, "min": 544136.4375, "median": 5369848, "dvar2": 1480273952770.0}, "spectral_energy": {"var": 0.000757177069318, "mean": 0.0390672981739, "dmean2": 0.0225106980652, "dvar": 0.000294072233373, "dmean": 0.0141689628363, "max": 0.15489256382, "min": 1.01249532306e-20, "median": 0.0351845026016, "dvar2": 0.000764267053455}, "gfcc": {"icov": [[0.000160760071594, -0.000250685261562, 0.000139824565849, -0.000407899118727, 0.000440487579908, -0.00047654111404, 0.000478135625599, -0.000443384808023, 0.000315250101266, -0.000313334079692, 0.000388443644624, -0.00018962615286, 0.000162818585522], [-0.000250685261562, 0.00193428446073, -0.000141509284731, 0.00122194725554, -0.00184502941556, 0.00153184181545, -0.00183123594616, 0.00166326423641, -0.00139870040584, 0.00169443537015, -0.00175142718945, 0.00159248348791, -0.00112258573063], [0.000139824565849, -0.000141509284731, 0.00180926243775, -0.000436432630522, 0.000107037718408, -0.00121231388766, 0.000406333245337, -0.000212840663153, 0.00113766570576, -0.00136055110488, 0.000603008666076, -0.000829252647236, 0.000439816241851], [-0.000407899118727, 0.00122194725554, -0.000436432630522, 0.00451985141262, -0.00167187734041, -0.000144728721352, -0.00131695671007, 0.00124652741943, -0.000980142736807, 0.00164212856907, -0.00167807063553, 0.00141232262831, -0.000911146344151], [0.000440487579908, -0.00184502941556, 0.000107037718408, -0.00167187734041, 0.00658041425049, -0.00271242461167, 0.000607824127655, -0.0013734488748, -0.000176826695679, -0.000745911151171, 0.00175523164216, -0.000971482717432, 0.000609210517723], [-0.00047654111404, 0.00153184181545, -0.00121231388766, -0.000144728721352, -0.00271242461167, 0.00999084953219, -0.0036940833088, -0.00186472572386, -0.000472823099699, -0.000356680742698, 0.000727255363017, 0.000189996469999, -0.00108046177775], [0.000478135625599, -0.00183123594616, 0.000406333245337, -0.00131695671007, 0.000607824127655, -0.0036940833088, 0.0116845816374, -0.00356970541179, -0.00267085013911, 0.0026074394118, -0.000819119333755, 0.000139626907185, 0.000577440427151], [-0.000443384808023, 0.00166326423641, -0.000212840663153, 0.00124652741943, -0.0013734488748, -0.00186472572386, -0.00356970541179, 0.0134850181639, -0.00510949175805, -0.00145672203507, 0.000907642941456, -0.00159782066476, 0.00169486366212], [0.000315250101266, -0.00139870040584, 0.00113766570576, -0.000980142736807, -0.000176826695679, -0.000472823099699, -0.00267085013911, -0.00510949175805, 0.0153033398092, -0.00559209752828, -0.00165493029635, 0.00485031446442, -0.00271584675647], [-0.000313334079692, 0.00169443537015, -0.00136055110488, 0.00164212856907, -0.000745911151171, -0.000356680742698, 0.0026074394118, -0.00145672203507, -0.00559209752828, 0.0184227228165, -0.00669233780354, -0.00281783775426, 0.00306204939261], [0.000388443644624, -0.00175142718945, 0.000603008666076, -0.00167807063553, 0.00175523164216, 0.000727255363017, -0.000819119333755, 0.000907642941456, -0.00165493029635, -0.00669233780354, 0.0170124582946, -0.00524166319519, -0.000324621651089], [-0.00018962615286, 0.00159248348791, -0.000829252647236, 0.00141232262831, -0.000971482717432, 0.000189996469999, 0.000139626907185, -0.00159782066476, 0.00485031446442, -0.00281783775426, -0.00524166319519, 0.0201995763928, -0.00902755185962], [0.000162818585522, -0.00112258573063, 0.000439816241851, -0.000911146344151, 0.000609210517723, -0.00108046177775, 0.000577440427151, 0.00169486366212, -0.00271584675647, 0.00306204939261, -0.000324621651089, -0.00902755185962, 0.0193738043308]], "mean": [9.34997177124, 87.0034103394, -98.7350082397, 37.584777832, -50.123085022, 12.648431778, -32.5258140564, 6.45565128326, -19.7865085602, 0.0487942062318, -16.4045028687, -4.20447778702, -8.90157985687], "cov": [[15401.1621094, -2198.2109375, 456.283569336, 999.697875977, -736.002990723, 796.955505371, -625.64855957, 506.708465576, -440.127349854, 329.975830078, -351.176239014, 247.105636597, -182.83001709], [-2198.2109375, 2499.90112305, -642.941650391, -270.015808105, 471.602325439, -309.485351562, 429.041564941, -203.265075684, 328.926483154, -251.828720093, 161.110458374, -239.545013428, 115.119590759], [456.283569336, -642.941650391, 884.740234375, 111.092170715, -54.3206481934, 185.56854248, -107.204124451, 77.949432373, -115.627708435, 115.843261719, -43.1602249146, 103.332008362, -34.6079826355], [999.697875977, -270.015808105, 111.092170715, 375.497375488, 25.1110095978, 129.385574341, 6.99363470078, 59.4095535278, -3.58728194237, 18.3815898895, -19.0509605408, 8.72845935822, -7.54932641983], [-736.002990723, 471.602325439, -54.3206481934, 25.1110095978, 330.897918701, 37.8642883301, 143.058807373, 18.2773475647, 107.645606995, -37.2601280212, 21.1989917755, -48.4253082275, 20.5390625], [796.955505371, -309.485351562, 185.56854248, 129.385574341, 37.8642883301, 255.7056427, 29.7666988373, 118.176849365, 6.36820173264, 52.5667877197, -33.548500061, 29.2978515625, -15.2395935059], [-625.64855957, 429.041564941, -107.204124451, 6.99363470078, 143.058807373, 29.7666988373, 236.852111816, 37.0710411072, 125.467887878, -43.8723564148, 34.5509147644, -55.4895362854, 18.9848194122], [506.708465576, -203.265075684, 77.949432373, 59.4095535278, 18.2773475647, 118.176849365, 37.0710411072, 167.593490601, 44.4441604614, 53.3450164795, -13.1792907715, 17.4256343842, -19.064365387], [-440.127349854, 328.926483154, -115.627708435, -3.58728194237, 107.645606995, 6.36820173264, 125.467887878, 44.4441604614, 175.444519043, 2.78808426857, 42.9422912598, -50.2274093628, 16.0253944397], [329.975830078, -251.828720093, 115.843261719, 18.3815898895, -37.2601280212, 52.5667877197, -43.8723564148, 53.3450164795, 2.78808426857, 117.17868042, 19.9068927765, 42.0971984863, -16.5660896301], [-351.176239014, 161.110458374, -43.1602249146, -19.0509605408, 21.1989917755, -33.548500061, 34.5509147644, -13.1792907715, 42.9422912598, 19.9068927765, 100.384208679, 10.8820734024, 19.5821285248], [247.105636597, -239.545013428, 103.332008362, 8.72845935822, -48.4253082275, 29.2978515625, -55.4895362854, 17.4256343842, -50.2274093628, 42.0971984863, 10.8820734024, 103.177070618, 19.9590187073], [-182.83001709, 115.119590759, -34.6079826355, -7.54932641983, 20.5390625, -15.2395935059, 18.9848194122, -19.064365387, 16.0253944397, -16.5660896301, 19.5821285248, 19.9590187073, 74.3529434204]]}, "silence_rate_60dB": {"var": 0.0473304726183, "mean": 0.0498123243451, "dmean2": 0.0331612713635, "dvar": 0.0163042675704, "dmean": 0.0165793392807, "max": 1, "min": 0, "median": 0, "dvar2": 0.0383176133037}, "spectral_centroid": {"var": 758285.1875, "mean": 1297.34448242, "dmean2": 476.273956299, "dvar": 128950.3125, "dmean": 312.9659729, "max": 11634.8242188, "min": 169.214813232, "median": 1165.87304688, "dvar2": 273727.0625}, "spectral_complexity": {"var": 138.457229614, "mean": 20.1678142548, "dmean2": 6.78476476669, "dvar": 27.1402416229, "dmean": 4.66614532471, "max": 61, "min": 0, "median": 18, "dvar2": 47.6415672302}, "melbands_spread": {"var": 332.773498535, "mean": 20.0336036682, "dmean2": 11.711730957, "dvar": 112.237869263, "dmean": 7.49747610092, "max": 207.234451294, "min": 0.520322620869, "median": 15.0226516724, "dvar2": 248.871322632}, "spectral_strongpeak": {"var": 0.458110868931, "mean": 0.632169365883, "dmean2": 0.581617474556, "dvar": 0.30818387866, "dmean": 0.33944272995, "max": 12.8843450546, "min": 0, "median": 0.439221322536, "dvar2": 0.779181301594}, "zerocrossingrate": {"var": 0.00213035033084, "mean": 0.0620303526521, "dmean2": 0.0164945200086, "dvar": 0.000243697111728, "dmean": 0.0142860542983, "max": 0.52392578125, "min": 0.001953125, "median": 0.05322265625, "dvar2": 0.00030776069616}, "erbbands_kurtosis": {"var": 7.74207258224, "mean": 0.0515004135668, "dmean2": 1.25678551197, "dvar": 3.52485013008, "dmean": 0.810982167721, "max": 75.6944046021, "min": -1.87870132923, "median": -0.617915630341, "dvar2": 8.36030769348}, "spectral_energyband_middle_low": {"var": 0.000192925770534, "mean": 0.0150183150545, "dmean2": 0.0117264147848, "dvar": 0.000122541954624, "dmean": 0.00740101933479, "max": 0.115491986275, "min": 1.28712665754e-22, "median": 0.0112459752709, "dvar2": 0.00030134562985}, "erbbands": {"var": [0.233719721437, 7.40032243729, 100.536682129, 366.742523193, 771.30065918, 708.503234863, 460.757049561, 978.253295898, 991.305725098, 706.924377441, 3766.25463867, 1962.79272461, 983.915527344, 1794.81311035, 608.865722656, 430.758850098, 348.669036865, 521.539428711, 867.705993652, 1087.85754395, 2775.26245117, 835.989257812, 389.63973999, 510.233886719, 393.355682373, 403.811126709, 267.841644287, 272.718139648, 126.96396637, 72.248085022, 102.684463501, 51.8877105713, 23.1824913025, 17.222700119, 1.99633562565, 0.428583741188, 0.040042411536, 0.000660312303808, 6.91924606144e-06, 9.23744138959e-08], "mean": [0.317612141371, 2.33703446388, 7.41142940521, 12.9279003143, 16.6871986389, 17.3900508881, 14.5695114136, 17.2901592255, 19.293012619, 16.6279468536, 26.313501358, 21.1241836548, 20.7597503662, 22.5790786743, 15.3622703552, 14.0654506683, 13.6178569794, 17.4977455139, 21.4457550049, 22.1086425781, 25.1908187866, 18.5696983337, 14.7056827545, 16.8122234344, 16.5007400513, 14.6422672272, 12.2179794312, 12.4456787109, 8.93109035492, 6.52260494232, 7.17315196991, 5.3178653717, 3.48425626755, 2.59150052071, 0.998123526573, 0.442047923803, 0.126713201404, 0.016453364864, 0.00172033300623, 0.000200643611606], "dmean2": [0.341556310654, 2.38273835182, 8.12576198578, 15.1783676147, 21.1906356812, 20.4573040009, 14.368806839, 15.4332151413, 18.3873023987, 15.1195831299, 22.0121917725, 24.8632602692, 16.1043720245, 15.8859777451, 13.2623949051, 10.9406051636, 11.1068744659, 14.9362630844, 17.3805027008, 15.7347955704, 18.7037620544, 13.4092998505, 11.1040525436, 12.8866786957, 11.5576591492, 11.1876506805, 12.4272499084, 10.8392324448, 7.81951761246, 6.11541604996, 7.42942523956, 5.27697896957, 3.48925876617, 2.61482357979, 1.04642105103, 0.465613037348, 0.154343649745, 0.019976336509, 0.00197852472775, 0.000205815405934], "dvar": [0.140507221222, 4.33965587616, 63.9150619507, 268.496856689, 680.470153809, 529.085266113, 233.044754028, 411.893096924, 542.733764648, 417.292572021, 1030.75048828, 1438.23242188, 332.821472168, 402.313293457, 271.250762939, 168.150314331, 139.677566528, 256.691589355, 377.78338623, 314.628082275, 838.375793457, 258.54284668, 148.000091553, 183.55519104, 123.158325195, 128.769607544, 181.118850708, 111.997596741, 56.0186958313, 37.1653251648, 65.2619247437, 26.9909820557, 12.4430208206, 10.4339027405, 1.32806742191, 0.278701812029, 0.0318513102829, 0.000531001598574, 5.2617892834e-06, 8.50222505733e-08], "dmean": [0.221075519919, 1.41827774048, 4.77097606659, 9.2232542038, 12.9018936157, 12.4216747284, 8.70672893524, 9.6892490387, 11.3887748718, 9.45715808868, 13.7997751236, 14.6794977188, 10.3876094818, 10.55580616, 8.3210439682, 7.04898357391, 7.15662431717, 9.32851886749, 11.1521234512, 10.1945133209, 12.1529588699, 8.64621734619, 7.16589355469, 8.39856433868, 7.58970737457, 7.24174499512, 8.13320922852, 7.32529640198, 5.35732984543, 4.25337696075, 4.89964151382, 3.50587511063, 2.39501309395, 1.78309822083, 0.706952869892, 0.330044686794, 0.106370590627, 0.0135623961687, 0.00133151293267, 0.000135555470479], "max": [5.32993650436, 25.9312858582, 88.9630279541, 188.102661133, 339.627258301, 428.074554443, 304.75894165, 385.358428955, 516.727661133, 614.170166016, 1348.8425293, 707.31439209, 566.641296387, 1010.30645752, 516.389404297, 524.812866211, 211.114212036, 348.231567383, 499.455596924, 444.676025391, 1488.00354004, 415.502960205, 246.369018555, 269.757965088, 248.129241943, 234.682739258, 198.486968994, 169.105575562, 84.842918396, 83.869102478, 86.3264923096, 59.3988380432, 46.6914634705, 71.3881149292, 11.8609495163, 6.3752951622, 2.13034367561, 0.540595471859, 0.082455419004, 0.00924063567072], "min": [8.60245117861e-23, 4.74501879218e-22, 1.14781508386e-21, 3.55045588681e-21, 2.32269763377e-20, 2.56986130107e-20, 6.50143475822e-20, 1.49980252765e-19, 1.5099975287e-19, 1.4208514986e-19, 2.7385884715e-19, 2.81945985204e-19, 7.74252737276e-19, 9.23060254727e-19, 8.47630533548e-19, 1.19419072418e-18, 1.82368406252e-18, 2.23776943639e-18, 2.61211147017e-18, 2.75453811638e-18, 3.29475240364e-18, 4.78258542103e-18, 5.7073849264e-18, 7.1893294518e-18, 7.84887198705e-18, 9.8171962311e-18, 9.42470812943e-18, 9.9698457957e-18, 1.03127071965e-17, 1.14738040787e-17, 1.14080514919e-17, 1.09104552041e-17, 9.47030728788e-18, 8.83894927764e-18, 7.34885867756e-18, 4.54395911715e-18, 2.60402826122e-18, 1.00050348861e-18, 2.42427612385e-19, 2.7734070238e-20], "median": [0.136030077934, 1.41498279572, 3.20447206497, 5.40638160706, 7.51169538498, 7.63699579239, 6.28194522858, 6.78229522705, 8.11315917969, 8.74998378754, 10.410987854, 8.05165481567, 10.341878891, 11.0025243759, 8.16710948944, 7.62607526779, 6.90828514099, 10.2506065369, 12.1469831467, 12.2435359955, 11.5097332001, 9.49192333221, 8.58154678345, 9.57174873352, 9.42124843597, 7.12736320496, 5.96928691864, 5.88238048553, 4.29219341278, 2.87727856636, 2.8659901619, 2.09797120094, 1.31207108498, 0.882188558578, 0.358403861523, 0.141862601042, 0.0362450927496, 0.00515867676586, 0.00065225828439, 9.67136729741e-05], "dvar2": [0.31322067976, 11.9808044434, 170.504333496, 678.708129883, 1694.86450195, 1349.14453125, 593.11529541, 933.100952148, 1335.26855469, 973.679321289, 2560.46850586, 3855.26977539, 771.461853027, 901.326049805, 625.045288086, 354.912475586, 324.079956055, 612.962646484, 877.30847168, 701.749084473, 1874.96398926, 577.405151367, 326.871856689, 409.716186523, 292.264038086, 309.524749756, 449.857025146, 251.1612854, 126.122848511, 78.4577407837, 155.399337769, 61.9590606689, 27.9764442444, 23.6717815399, 2.94627737999, 0.594669759274, 0.0731587707996, 0.00121954840142, 1.19863907457e-05, 2.17610576669e-07]}, "barkbands_crest": {"var": 16.0591011047, "mean": 10.8788051605, "dmean2": 4.73825454712, "dvar": 6.45575046539, "dmean": 2.89522838593, "max": 25.7768611908, "min": 2.29457259178, "median": 10.2858791351, "dvar2": 16.8350791931}, "melbands_crest": {"var": 25.3908443451, "mean": 15.540430069, "dmean2": 5.88301372528, "dvar": 10.1733531952, "dmean": 3.56770300865, "max": 35.345161438, "min": 1.67350494862, "median": 15.0838718414, "dvar2": 25.4853553772}, "spectral_flux": {"var": 0.00309627642855, "mean": 0.0982412099838, "dmean2": 0.0518569536507, "dvar": 0.00133911531884, "dmean": 0.0333351790905, "max": 0.385389834642, "min": 6.4336709571e-11, "median": 0.0900873690844, "dvar2": 0.00307013676502}, "spectral_contrast_valleys": {"var": [2.81328940392, 2.41375494003, 2.27605199814, 2.31502962112, 2.63428425789, 3.60404539108], "mean": [-7.00080347061, -6.88278055191, -7.50778198242, -7.76723957062, -7.64238834381, -10.0719108582], "dmean2": [0.682257533073, 0.645689725876, 0.586434185505, 0.509690880775, 0.511005699635, 0.661239683628], "dvar": [0.142233818769, 0.145304888487, 0.14198115468, 0.121758230031, 0.167089313269, 0.338756293058], "dmean": [0.422449350357, 0.41053929925, 0.377458751202, 0.343130588531, 0.377835392952, 0.552632570267], "max": [-5.09079170227, -4.93818759918, -5.55815458298, -5.90320110321, -5.65917491913, -7.75276851654], "min": [-27.752450943, -27.8322124481, -27.605890274, -27.6985626221, -27.4769992828, -27.4041309357], "median": [-6.63907146454, -6.67049503326, -7.2852435112, -7.53569507599, -7.34406661987, -9.5646944046], "dvar2": [0.316526144743, 0.319963365793, 0.30771946907, 0.234868854284, 0.302618801594, 0.640279829502]}, "mfcc": {"icov": [[0.000157818154548, 0.000136129034217, -7.95519808889e-05, -0.000134512607474, -5.66977359995e-05, -8.95895500435e-05, 9.13545954973e-05, -0.000116764815175, -1.6918826077e-05, -0.000125440768898, 3.86879291909e-05, 0.000138448478538, -4.87445104227e-05], [0.000136129034217, 0.00073343369877, 0.000368188921129, -0.000171920779394, -0.000166705314768, -1.70334460563e-05, -0.000108265172457, -5.50544755242e-05, -0.000207582488656, -0.000128105137264, 5.59116924705e-05, 0.000167136880918, -0.000223176073632], [-7.95519808889e-05, 0.000368188921129, 0.00207967241295, 0.000149315208546, -0.000469590449939, -0.000339714926668, -0.000961167213973, 0.000831855926663, -0.000130273838295, 0.000953048642259, -0.000425359437941, -0.000503261340782, 0.000338972284226], [-0.000134512607474, -0.000171920779394, 0.000149315208546, 0.0050517693162, -0.000850274984259, -0.00170359807089, 3.18273014273e-05, -0.000871258205734, 0.000971660658251, -0.000556848477572, 0.000310664967401, -0.00104318547528, 0.0012860345887], [-5.66977359995e-05, -0.000166705314768, -0.000469590449939, -0.000850274984259, 0.00721268774942, -0.00189350312576, -0.00119987770449, 0.000822938745841, -0.00109329167753, -0.00018677591288, -0.000767291523516, 0.00156089442316, -0.00193541275803], [-8.95895500435e-05, -1.70334460563e-05, -0.000339714926668, -0.00170359807089, -0.00189350312576, 0.0103391092271, -0.00293688732199, -0.000871047901455, -0.00149315258022, -0.000127823208459, 0.00069433246972, -0.000492343970109, 0.000511339574587], [9.13545954973e-05, -0.000108265172457, -0.000961167213973, 3.18273014273e-05, -0.00119987770449, -0.00293688732199, 0.014464369975, -0.00533473398536, 0.000435266265413, -3.12806696456e-05, -0.000303894135868, -0.000776371045504, -0.000411948887631], [-0.000116764815175, -5.50544755242e-05, 0.000831855926663, -0.000871258205734, 0.000822938745841, -0.000871047901455, -0.00533473398536, 0.0151516208425, -0.00738607719541, -2.58476029558e-05, -0.000121886791021, -0.000235786836129, -0.000569985306356], [-1.6918826077e-05, -0.000207582488656, -0.000130273838295, 0.000971660658251, -0.00109329167753, -0.00149315258022, 0.000435266265413, -0.00738607719541, 0.0165032073855, -0.00694625917822, -0.00061375554651, 0.00183576438576, -0.000733870838303], [-0.000125440768898, -0.000128105137264, 0.000953048642259, -0.000556848477572, -0.00018677591288, -0.000127823208459, -3.12806696456e-05, -2.58476029558e-05, -0.00694625917822, 0.0157256890088, -0.00480578606948, -0.00273463362828, 0.000576616846956], [3.86879291909e-05, 5.59116924705e-05, -0.000425359437941, 0.000310664967401, -0.000767291523516, 0.00069433246972, -0.000303894135868, -0.000121886791021, -0.00061375554651, -0.00480578606948, 0.0160702932626, -0.00532913859934, -0.000218881395995], [0.000138448478538, 0.000167136880918, -0.000503261340782, -0.00104318547528, 0.00156089442316, -0.000492343970109, -0.000776371045504, -0.000235786836129, 0.00183576438576, -0.00273463362828, -0.00532913859934, 0.018524447456, -0.00761700747535], [-4.87445104227e-05, -0.000223176073632, 0.000338972284226, 0.0012860345887, -0.00193541275803, 0.000511339574587, -0.000411948887631, -0.000569985306356, -0.000733870838303, 0.000576616846956, -0.000218881395995, -0.00761700747535, 0.0162637159228]], "mean": [-634.386047363, 115.860565186, 12.6512384415, 28.4298706055, 8.55381393433, 8.2587223053, 1.50405466557, 3.32506585121, 2.84321808815, 4.59464454651, -2.11962199211, -2.05382323265, -2.56632256508], "cov": [[8742.17089844, -1810.64331055, 674.328125, 258.024780273, 167.928283691, 206.028579712, 64.1481399536, 100.410102844, 77.2886886597, 61.0523910522, 11.1857423782, -26.7809658051, -25.5215454102], [-1810.64331055, 2003.3034668, -465.700958252, 35.530506134, 29.092956543, 6.98397541046, 25.0398273468, 71.2502365112, 83.6753997803, 73.2846221924, 14.7513656616, 7.87903261185, 40.3998947144], [674.328125, -465.700958252, 662.122131348, 1.84989833832, 47.9864883423, 38.2891578674, 35.7490539551, -36.4773254395, -32.1297569275, -48.0768547058, 5.79470300674, 9.06793117523, -9.60246658325], [258.024780273, 35.530506134, 1.84989833832, 246.557113647, 51.2706069946, 68.4244613647, 30.9013671875, 39.31042099, 22.5956497192, 27.055934906, 7.92251968384, 12.4853858948, -6.1490650177], [167.928283691, 29.092956543, 47.9864883423, 51.2706069946, 183.677703857, 64.1069030762, 42.244808197, 31.6359519958, 41.5496711731, 27.4872303009, 18.6345424652, 5.19609069824, 21.4540748596], [206.028579712, 6.98397541046, 38.2891578674, 68.4244613647, 64.1069030762, 150.03163147, 56.0844230652, 52.9287223816, 49.2358970642, 31.1042194366, 12.1546525955, 11.0495815277, 7.14951562881], [64.1481399536, 25.0398273468, 35.7490539551, 30.9013671875, 42.244808197, 56.0844230652, 109.14125061, 61.2982826233, 42.2027740479, 27.1493377686, 17.448600769, 15.9666547775, 14.1784086227], [100.410102844, 71.2502365112, -36.4773254395, 39.31042099, 31.6359519958, 52.9287223816, 61.2982826233, 138.74671936, 88.8785858154, 55.2654953003, 24.9125156403, 16.6779212952, 17.6437282562], [77.2886886597, 83.6753997803, -32.1297569275, 22.5956497192, 41.5496711731, 49.2358970642, 42.2027740479, 88.8785858154, 139.760162354, 79.184173584, 33.8508529663, 15.1136522293, 18.8761005402], [61.0523910522, 73.2846221924, -48.0768547058, 27.055934906, 27.4872303009, 31.1042194366, 27.1493377686, 55.2654953003, 79.184173584, 124.482055664, 50.0514831543, 32.64037323, 20.089012146], [11.1857423782, 14.7513656616, 5.79470300674, 7.92251968384, 18.6345424652, 12.1546525955, 17.448600769, 24.9125156403, 33.8508529663, 50.0514831543, 92.9276428223, 40.1941261292, 22.4673938751], [-26.7809658051, 7.87903261185, 9.06793117523, 12.4853858948, 5.19609069824, 11.0495815277, 15.9666547775, 16.6779212952, 15.1136522293, 32.64037323, 40.1941261292, 87.6308517456, 41.2184867859], [-25.5215454102, 40.3998947144, -9.60246658325, -6.1490650177, 21.4540748596, 7.14951562881, 14.1784086227, 17.6437282562, 18.8761005402, 20.089012146, 22.4673938751, 41.2184867859, 85.7028884888]]}, "erbbands_flatness_db": {"var": 0.00389395724051, "mean": 0.131659805775, "dmean2": 0.0262340251356, "dvar": 0.000441791809862, "dmean": 0.0193365793675, "max": 0.49358767271, "min": 0.0364977829158, "median": 0.111509673297, "dvar2": 0.000814651255496}, "barkbands": {"var": [2.86327099275e-06, 0.000154050387209, 9.97915558401e-05, 4.3673277105e-05, 6.4216699684e-05, 9.69515167526e-06, 4.00716680815e-06, 7.23915354683e-06, 3.06217225443e-06, 2.11471228795e-06, 5.68196981021e-07, 2.8996976198e-07, 1.96316548795e-07, 3.99643028004e-07, 3.32896178179e-07, 7.55290102461e-07, 3.27174831227e-07, 1.50594445358e-07, 1.77576183091e-07, 1.57772333864e-07, 1.7877393077e-07, 9.64289554872e-08, 1.11427468141e-07, 8.65749356649e-08, 7.49411626089e-08, 1.43018628052e-08, 3.54965862259e-10], "mean": [0.000957580457907, 0.0106632933021, 0.00692067528144, 0.00428421795368, 0.00543679809198, 0.00194500072394, 0.00123604258988, 0.00110650528222, 0.000866168935318, 0.000808696262538, 0.000405465281801, 0.00035630070488, 0.00028896459844, 0.000429648003774, 0.000371358415578, 0.000446990132332, 0.00033364011324, 0.000268065050477, 0.00034306535963, 0.000300901127048, 0.000317064870615, 0.000244111273787, 0.00024237766047, 0.000216193322558, 0.000187396959518, 7.89343175711e-05, 1.17282579595e-05], "dmean2": [0.000923166866414, 0.0102298520505, 0.0079736597836, 0.00550500210375, 0.0061042602174, 0.00171128299553, 0.00122597429436, 0.000926210545003, 0.000985070946626, 0.000615007826127, 0.000370567810023, 0.000302734319121, 0.000267541850917, 0.000396095070755, 0.000304620276438, 0.000352100090822, 0.000259279826423, 0.00022691009508, 0.000253258942394, 0.000228429576964, 0.000296152749797, 0.000215318417759, 0.000242433379753, 0.000216543441638, 0.000186139237485, 8.79461294971e-05, 1.40084457598e-05], "dvar": [1.33617959364e-06, 8.6604464741e-05, 6.78949654684e-05, 3.22751729982e-05, 4.87826109747e-05, 4.05261607739e-06, 2.3107272682e-06, 2.03169724955e-06, 1.97147733161e-06, 5.77559774229e-07, 1.98787617478e-07, 1.28977347913e-07, 9.47110905258e-08, 2.01520023779e-07, 1.24584474293e-07, 2.2697973634e-07, 9.97148106308e-08, 6.04087944112e-08, 5.90584505744e-08, 4.86192845983e-08, 9.20295590845e-08, 4.32068283374e-08, 6.54945679912e-08, 4.46626771122e-08, 4.56770763435e-08, 1.00370947109e-08, 2.87476459304e-10], "dmean": [0.000641097489279, 0.00631034746766, 0.00468146707863, 0.00336831086315, 0.00369587447494, 0.00106685725041, 0.000754505919758, 0.000589442672208, 0.000586143229157, 0.000407454150263, 0.000234666586039, 0.000192963707377, 0.000169990205904, 0.000247364398092, 0.000196115099243, 0.000227382901357, 0.00016716925893, 0.000144629506394, 0.000166488927789, 0.000147075275891, 0.000200532973395, 0.000146823600517, 0.000163254953804, 0.000145205209265, 0.000128415500512, 6.20206410531e-05, 9.32681086852e-06], "max": [0.0180001240224, 0.10217320919, 0.0841657072306, 0.0623551346362, 0.0825165808201, 0.0313034690917, 0.0299997869879, 0.0511906482279, 0.0280219409615, 0.0216514393687, 0.0143230259418, 0.0101333484054, 0.0060369502753, 0.0123712318018, 0.00888348184526, 0.0220464710146, 0.00777538027614, 0.00614142091945, 0.00470627518371, 0.003973135259, 0.00430431356654, 0.0023915793281, 0.00260647921823, 0.00208357139491, 0.00330547289923, 0.00134402164258, 0.000425872800406], "min": [1.75677782849e-25, 1.88341803299e-24, 4.03869518468e-25, 8.80708670669e-25, 6.60898515608e-24, 1.46915104183e-23, 7.27666124904e-24, 7.85486789357e-24, 1.46471590805e-23, 2.13713668381e-23, 1.20641791967e-23, 2.1409303159e-23, 2.53554047103e-23, 3.46178513165e-23, 5.88838217617e-23, 4.28678312385e-23, 7.03315945135e-23, 9.45992026339e-23, 1.50990223935e-22, 1.98899160348e-22, 2.5171657864e-22, 2.65049135731e-22, 3.99079986164e-22, 6.24190671986e-22, 9.72812968951e-22, 1.41257124296e-21, 1.97553671615e-21], "median": [0.000221369060455, 0.00654641352594, 0.00248128292151, 0.00155503489077, 0.00258629163727, 0.000788245350122, 0.000540021108463, 0.000382025493309, 0.000312909542117, 0.000318510719808, 0.000156818015967, 0.000175715351361, 0.00012791811605, 0.000232449892792, 0.000177230365807, 0.000197893081349, 0.000149782412336, 0.00014751071285, 0.000197524699615, 0.000146444217535, 0.000151824773639, 0.000115667979117, 9.76425799308e-05, 8.20081622805e-05, 6.81229794282e-05, 2.4791337637e-05, 4.13365251006e-06], "dvar2": [2.47087314165e-06, 0.000225665571634, 0.000182338859304, 7.88143006503e-05, 0.000125210703118, 9.45886586123e-06, 5.58255624128e-06, 4.9688242143e-06, 5.23625612914e-06, 1.26955626456e-06, 4.45824781536e-07, 2.95845893561e-07, 2.28421342285e-07, 4.82461416595e-07, 2.80119706986e-07, 5.08625532802e-07, 2.19308589067e-07, 1.3518726405e-07, 1.36665832429e-07, 1.16463588995e-07, 2.13206973854e-07, 9.82153096629e-08, 1.50111560515e-07, 1.03208229518e-07, 1.00814020243e-07, 2.2091899865e-08, 6.74614974994e-10]}, "spectral_energyband_low": {"var": 0.00047586162691, "mean": 0.0210883002728, "dmean2": 0.0172859802842, "dvar": 0.000224123825319, "dmean": 0.0106139378622, "max": 0.139970988035, "min": 9.4999970795e-24, "median": 0.0146331982687, "dvar2": 0.000598557875492}, "erbbands_spread": {"var": 497.866210938, "mean": 51.3651313782, "dmean2": 16.7507953644, "dvar": 154.541641235, "dmean": 11.4836196899, "max": 167.682357788, "min": 0.791017949581, "median": 50.7336730957, "dvar2": 321.511505127}, "average_loudness": 0.92923116684, "spectral_energyband_middle_high": {"var": 1.32780405693e-05, "mean": 0.00417536823079, "dmean2": 0.00180855952203, "dvar": 2.35927814174e-06, "dmean": 0.00124599353876, "max": 0.0305097978562, "min": 1.15170713423e-21, "median": 0.00326602160931, "dvar2": 4.75898923469e-06}, "barkbands_flatness_db": {"var": 0.00516914436594, "mean": 0.134981945157, "dmean2": 0.0404378920794, "dvar": 0.000753445201553, "dmean": 0.0275846235454, "max": 0.489881664515, "min": 0.0122889643535, "median": 0.116972759366, "dvar2": 0.00153473671526}, "spectral_entropy": {"var": 0.358332276344, "mean": 7.61123895645, "dmean2": 0.319390058517, "dvar": 0.0658986121416, "dmean": 0.236472696066, "max": 9.81741142273, "min": 4.54733419418, "median": 7.74493932724, "dvar2": 0.126569792628}, "melbands_skewness": {"var": 3.22150993347, "mean": 3.58866643906, "dmean2": 1.52189040184, "dvar": 0.985739171505, "dmean": 0.963768601418, "max": 15.9270057678, "min": -2.79891228676, "median": 3.40659165382, "dvar2": 2.34054160118}, "spectral_contrast_coeffs": {"var": [0.00832709856331, 0.00667947763577, 0.00408427231014, 0.00278444029391, 0.00200152397156, 0.0016048