{"tonal": {"chords_number_rate": 0.00106567202602, "thpcp": [1, 0.554405987263, 0.0698576942086, 0.0414779521525, 0.0715567916632, 0.355758458376, 0.597264051437, 0.318054765463, 0.0427240096033, 0.0369872376323, 0.0634939670563, 0.218225419521, 0.32345277071, 0.218043625355, 0.205781728029, 0.199770063162, 0.0876170918345, 0.105934798717, 0.184536293149, 0.238587662578, 0.681931495667, 0.994646906853, 0.501222193241, 0.0758870616555, 0.0479407347739, 0.102792792022, 0.436068296432, 0.692256629467, 0.418756961823, 0.125267460942, 0.0837927758694, 0.135756075382, 0.404285937548, 0.578753650188, 0.421050429344, 0.648727953434], "hpcp": {"dvar": [0.0321840755641, 0.038637496531, 0.0310643669218, 0.0361155644059, 0.0199630316347, 0.0098762633279, 0.00909694936126, 0.0103595359251, 0.0170973911881, 0.0266869347543, 0.0117000639439, 0.00471209129319, 0.00667822593823, 0.00944780465215, 0.014136351645, 0.0152279138565, 0.0145739167929, 0.00986229348928, 0.00966764613986, 0.00834997091442, 0.00814819801599, 0.00868500117213, 0.0161514431238, 0.0420733466744, 0.0335569828749, 0.0191626660526, 0.0102754691616, 0.00820259656757, 0.0117215663195, 0.0352170243859, 0.0461847148836, 0.0414668470621, 0.024678863585, 0.021199779585, 0.0233370494097, 0.0329851321876], "mean": [0.194794520736, 0.141715422273, 0.218346193433, 0.336575895548, 0.186599686742, 0.0235124155879, 0.0139604788274, 0.0240842923522, 0.119739718735, 0.20102468133, 0.107049569488, 0.0143798720092, 0.0124490130693, 0.0213705375791, 0.0734494179487, 0.108866408467, 0.0733882263303, 0.0692611709237, 0.0672377869487, 0.029489800334, 0.0356550998986, 0.0621104687452, 0.0803028568625, 0.2295217067, 0.334774166346, 0.16869930923, 0.0255417563021, 0.0161356963217, 0.0345975756645, 0.146770074964, 0.232996895909, 0.140943497419, 0.0421620085835, 0.0282026287168, 0.0456922203302, 0.136072903872], "min": [0, 0, 0, 0, 0, 0, 0, 0, 0, 0, 0, 0, 0, 0, 0, 0, 0, 0, 0, 0, 0, 0, 0, 0, 0, 0, 0, 0, 0, 0, 0, 0, 0, 0, 0, 0], "median": [0.0184873379767, 0.0219847671688, 0.0947369337082, 0.14943818748, 0.077201269567, 0.00349658494815, 0.000487696292112, 0.00135432521347, 0.0308800823987, 0.056432902813, 0.0300403330475, 0.00192455621436, 0.000458441470983, 0.00169398239814, 0.00530912633985, 0.00708262063563, 0.00660136761144, 0.00158399192151, 0.00079487496987, 0.000758430687711, 0.00138797482941, 0.0016207419103, 0.00834788475186, 0.0837983489037, 0.145241394639, 0.0595028139651, 0.00168820354156, 0.000400769698899, 0.00109256291762, 0.020973443985, 0.0471240133047, 0.0295453555882, 0.0020901223179, 0.000536484236363, 0.00135445897467, 0.0104326596484], "dvar2": [0.0816368833184, 0.116386331618, 0.0857322216034, 0.0789918377995, 0.0513552948833, 0.0289940070361, 0.0263478644192, 0.0298961661756, 0.0439885035157, 0.0580190271139, 0.0268648229539, 0.0128071531653, 0.0189587436616, 0.0259406995028, 0.0373355671763, 0.0378537587821, 0.0392788127065, 0.0250042378902, 0.025230223313, 0.0236407928169, 0.0231525059789, 0.023113431409, 0.0438965335488, 0.107519328594, 0.0760344043374, 0.0509127229452, 0.0284286309034, 0.0230888295919, 0.0322491005063, 0.0931190922856, 0.111685931683, 0.10341822356, 0.0674344822764, 0.0609163306653, 0.068332105875, 0.0926360785961], "var": [0.106001704931, 0.0560414195061, 0.0716269612312, 0.14097237587, 0.0522002615035, 0.00651051336899, 0.00599393062294, 0.00821263436228, 0.0371911898255, 0.0893590524793, 0.027742780745, 0.00358577421866, 0.00479665817693, 0.00761846173555, 0.0280472636223, 0.0586390271783, 0.0277262032032, 0.0433774888515, 0.0461335964501, 0.0103675900027, 0.0133959781379, 0.0424929484725, 0.0281732715666, 0.0835165902972, 0.142414823174, 0.0511127635837, 0.0102171888575, 0.00705667631701, 0.0120874494314, 0.0706572234631, 0.116142585874, 0.0581901967525, 0.019379382953, 0.0150151895359, 0.0208488423377, 0.0662871450186], "dmean2": [0.15148973465, 0.198061466217, 0.21029984951, 0.194277405739, 0.15052382648, 0.0587546974421, 0.0363106764853, 0.0551288388669, 0.121698342264, 0.14964748919, 0.0959535092115, 0.0303983520716, 0.0299158729613, 0.0448675788939, 0.079916767776, 0.0809612348676, 0.0842395499349, 0.0571722537279, 0.04947649315, 0.0439343340695, 0.0440604388714, 0.0465145558119, 0.109277024865, 0.219605371356, 0.191860467196, 0.13248680532, 0.0530799031258, 0.0391499213874, 0.0669039711356, 0.158774912357, 0.190952152014, 0.173797935247, 0.0995516851544, 0.0744426324964, 0.0967911332846, 0.155442923307], "max": [1, 1, 1, 1, 1, 1, 1, 1, 1, 1, 1, 1, 1, 1, 1, 1, 1, 1, 1, 1, 1, 1, 1, 1, 1, 1, 1, 1, 1, 1, 1, 1, 1, 1, 1, 1], "dmean": [0.0904854536057, 0.111805208027, 0.121309101582, 0.122210822999, 0.092388831079, 0.0316982604563, 0.0194314476103, 0.0299645923078, 0.0737434923649, 0.0941854193807, 0.0611481815577, 0.0170642044395, 0.0164696220309, 0.0252945199609, 0.0474503524601, 0.0490101501346, 0.0500748977065, 0.0331145487726, 0.0289405938238, 0.0249864421785, 0.0251892507076, 0.0264101792127, 0.0623013265431, 0.127832069993, 0.117975562811, 0.0819725319743, 0.029573623091, 0.0212043039501, 0.0372502617538, 0.0938483476639, 0.113878369331, 0.101998724043, 0.0554256252944, 0.0400939583778, 0.0527905076742, 0.0883505195379]}, "key_strength": 0.880140066147, "chords_strength": {"dvar": 0.000288825831376, "mean": 0.504391312599, "min": -1, "median": 0.504354894161, "dvar2": 0.000533879909199, "var": 0.0234304629266, "dmean2": 0.00551724946126, "max": 0.768880546093, "dmean": 0.00713787321001}, "tuning_equal_tempered_deviation": 0.00635819835588, "chords_key": "F", "tuning_frequency": 442.293365479, "chords_scale": "major", "chords_changes_rate": 0.0335686691105, "key_scale": "major", "tuning_diatonic_strength": 0.632428646088, "hpcp_entropy": {"dvar": 0.137216165662, "mean": 1.65680873394, "min": 0, "median": 1.68092668056, "dvar2": 0.353006094694, "var": 0.363174319267, "dmean2": 0.65953707695, "max": 4.25566530228, "dmean": 0.393997341394}, "chords_histogram": [14.9726924896, 0.58611959219, 35.4069519043, 2.63753819466, 8.72519016266, 0.0532836019993, 0.932463049889, 0.319701611996, 0.519515097141, 0, 0.772612214088, 0.74597042799, 0, 0, 0, 0, 0, 0.253097116947, 0, 6.7670173645, 0, 7.32649517059, 3.17037439346, 16.8109760284], "tuning_nontempered_energy_ratio": 0.60949575901, "key_key": "A#"}, "metadata": {"version": {"extractor": "music 1.0", "essentia_build_sha": "70f2e5ece6736b2c40cc944ad0e695b16b925413", "essentia": "2.1-beta2", "essentia_git_sha": "v2.1_beta2"}, "audio_properties": {"sample_rate": 44100, "length": 348.559997559, "lossless": true, "analysis_sample_rate": 44100, "downmix": "mix", "bit_rate": 0, "equal_loudness": 0, "md5_encoded": "0e93ee4496197a82e880ad5458fa9ff5", "codec": "flac", "replay_gain": -3.32208442688}, "tags": {"disctotal": ["2"], "genre": ["Jazz"], "catalognumber": ["SLANG 9550047"], "releasecountry": ["DE"], "musicbrainz_recordingid": ["d6527b68-fafc-417d-92e7-76aab150e1c6"], "language": ["eng"], "title": ["That Love"], "releasetype": ["album"], "discnumber": ["1"], "artistsort": ["Get Well Soon"], "originaldate": ["2010-01-22"], "musicbrainz_artistid": ["7bfdd0ec-adc2-455e-bd1f-eba31d64aa3a"], "tracknumber": ["9"], "musicbrainz_albumartistid": ["7bfdd0ec-adc2-455e-bd1f-eba31d64aa3a"], "totaltracks": ["14"], "barcode": ["4027795500474"], "tracktotal": ["14"], "date": ["2010-01-22"], "albumartistsort": ["Get Well Soon"], "musicbrainz_releasegroupid": ["cb86a68d-0520-4833-8e69-bd2b6b214f87"], "media": ["CD"], "musicip_puid": ["418f5687-9a32-481a-7afa-f64d4503d573"], "label": ["City Slang"], "albumartist": ["Get Well Soon"], "asin": ["B002TKU234"], "script": ["Latn"], "musicbrainz_albumid": ["b5674f35-1b4d-4e59-98c2-172f96ede10d"], "file_name": "09. That Love.flac", "releasestatus": ["official"], "totaldiscs": ["2"], "album": ["Vexations"], "artist": ["Get Well Soon"]}}, "lowlevel": {"melbands": {"dvar": [0.00120377843268, 0.000223780109081, 1.16218689072e-06, 7.81728772381e-07, 1.49600467125e-07, 4.30957783237e-07, 4.97886787798e-07, 1.70905394725e-07, 5.49375691605e-08, 1.1843855674e-08, 4.60530413804e-09, 2.57046073315e-09, 2.21397500333e-09, 4.22730850325e-10, 2.53553789076e-10, 2.42209113877e-10, 6.12657008459e-11, 1.13220283843e-11, 5.76701707222e-12, 1.03483437097e-11, 5.95695324665e-12, 1.15591841654e-11, 7.3359937916e-12, 6.84752038058e-12, 2.61875764129e-11, 2.50849924166e-10, 7.05776409538e-11, 3.45067876183e-12, 1.11228929713e-12, 9.57661467488e-13, 1.29524722111e-12, 4.96446796432e-13, 5.22803859666e-13, 3.87918673963e-13, 2.62734224567e-13, 1.95496451059e-13, 1.98092871316e-13, 2.39044759464e-13, 1.21485707236e-13, 8.05323486391e-14], "mean": [0.0107259759679, 0.00460070744157, 0.000759214395657, 0.00074251438491, 0.000538124062587, 0.000672620662954, 0.000571722281165, 0.000493657251354, 0.000199472022359, 8.8202956249e-05, 6.48845962132e-05, 3.51314702129e-05, 2.75652855635e-05, 1.18395964819e-05, 6.94383288646e-06, 8.07637297839e-06, 4.4523244469e-06, 1.67350822267e-06, 1.15232285225e-06, 1.52061863901e-06, 1.24458381379e-06, 1.56775934101e-06, 1.25873907564e-06, 9.45775695982e-07, 1.39601809224e-06, 1.95797360902e-06, 1.23370045912e-06, 6.68059158215e-07, 4.06717134638e-07, 3.54350987664e-07, 3.50057121068e-07, 2.57921072944e-07, 2.43634332264e-07, 1.8282645442e-07, 1.70722813664e-07, 1.3658139153e-07, 1.5074128612e-07, 1.22660040347e-07, 8.96092515745e-08, 7.13473156111e-08], "min": [1.23898414888e-24, 5.87449727761e-25, 1.64693370525e-24, 2.42553231896e-24, 2.01496926641e-24, 1.34711351037e-24, 1.06399714934e-24, 2.31655729857e-24, 2.16781441945e-24, 2.00056782172e-24, 2.51082553775e-24, 2.41446144501e-24, 2.37582422117e-24, 3.13496558065e-24, 2.41630126586e-24, 3.41811260865e-24, 2.96228550621e-24, 3.01070460529e-24, 3.53203398412e-24, 3.71445530744e-24, 3.10646876931e-24, 4.85380159083e-24, 2.64657351118e-24, 2.89155209593e-24, 2.99861117039e-24, 4.67347074891e-24, 4.32028746645e-24, 4.72805874026e-24, 5.18563159187e-24, 4.58798070932e-24, 4.31160684105e-24, 5.56958754938e-24, 5.62246726244e-24, 4.45761000625e-24, 6.35017685358e-24, 5.16662872153e-24, 6.38214307518e-24, 4.85533158655e-24, 5.62970742783e-24, 7.03421352729e-24], "median": [0.000324862048728, 0.000788347155321, 0.000154172987095, 0.000304235494696, 0.000257195031736, 0.000262452202151, 0.000254930928349, 0.000178583271918, 2.93433004117e-05, 1.38307859743e-05, 2.14913270611e-05, 4.59796638097e-06, 2.79626988231e-06, 1.82043152108e-06, 1.10424628019e-06, 1.52992822677e-06, 7.94293043782e-07, 4.59559032606e-07, 2.70639418432e-07, 2.13550038097e-07, 1.98264274331e-07, 1.98992310629e-07, 1.52367576334e-07, 1.05127341499e-07, 1.21674517573e-07, 1.17597053872e-07, 9.47295859532e-08, 6.599142921e-08, 4.34741700417e-08, 3.76486788412e-08, 3.59896077384e-08, 3.45434294502e-08, 3.12549239823e-08, 2.25382610353e-08, 1.51660408676e-08, 1.16121423588e-08, 9.53032763817e-09, 6.0434022231e-09, 4.03535516114e-09, 2.81334733288e-09], "dvar2": [0.00330788665451, 0.000664846855216, 3.18602155858e-06, 2.01050056603e-06, 3.77507603844e-07, 1.059015176e-06, 1.22756773635e-06, 2.94076073715e-07, 7.9550474652e-08, 2.42273223705e-08, 7.31495219952e-09, 4.19269374774e-09, 4.29680513392e-09, 8.37623304051e-10, 4.643433138e-10, 5.07621333856e-10, 1.33580202455e-10, 2.83743098461e-11, 1.4062809077e-11, 2.61098677401e-11, 1.49175654468e-11, 2.85264156047e-11, 1.7388637405e-11, 1.40239443322e-11, 6.59990673224e-11, 6.32196961448e-10, 1.85599619007e-10, 8.01588309618e-12, 2.43371251971e-12, 2.0414991312e-12, 2.94659695949e-12, 1.08684599948e-12, 1.17143653718e-12, 8.85367788198e-13, 5.56637093189e-13, 4.19342620524e-13, 3.27283014058e-13, 3.96524772652e-13, 1.88519474554e-13, 1.26203477465e-13], "var": [0.00177770503797, 0.000208143130294, 2.87350621875e-06, 1.89863135347e-06, 8.39377435113e-07, 1.59358944529e-06, 1.18500111057e-06, 8.49209641274e-07, 4.08974585753e-07, 5.45189422496e-08, 3.49066837657e-08, 2.21719389515e-08, 8.86991990967e-09, 1.31878996612e-09, 8.03173916264e-10, 8.19310785882e-10, 1.80830198038e-10, 1.98743382862e-11, 1.06816508763e-11, 2.25215315147e-11, 1.35448076366e-11, 2.32375681197e-11, 1.42383726337e-11, 1.31140237558e-11, 5.01838952338e-11, 3.55488027903e-10, 1.06121084142e-10, 8.62949295355e-12, 2.60032230123e-12, 2.28834182506e-12, 2.34516334303e-12, 9.65102346998e-13, 1.02956608083e-12, 7.05165147195e-13, 6.25035288283e-13, 5.01195276687e-13, 6.95091282709e-13, 7.69098489322e-13, 3.85817625678e-13, 2.49436620447e-13], "dmean2": [0.0124787455425, 0.00576567370445, 0.00053175969515, 0.000593010394368, 0.000326851935824, 0.000358713557944, 0.000408858410083, 0.00024676945759, 8.66479531396e-05, 4.7588833695e-05, 2.83798817691e-05, 1.60527160915e-05, 1.54038734763e-05, 7.00459122527e-06, 4.89181047669e-06, 6.031666544e-06, 3.15595139e-06, 1.36553592256e-06, 1.00673378256e-06, 1.39908127039e-06, 1.0344643897e-06, 1.29843681407e-06, 1.12205884761e-06, 8.68198071657e-07, 1.2886504237e-06, 1.88369278931e-06, 1.18356001622e-06, 5.61020044643e-07, 3.28892468815e-07, 2.79848165974e-07, 3.08878441047e-07, 2.00905830638e-07, 1.94748864146e-07, 1.40578137575e-07, 1.25866620238e-07, 1.02664529322e-07, 1.04672324142e-07, 9.08201656102e-08, 6.43211919282e-08, 5.28099945996e-08], "max": [0.532916128635, 0.278380215168, 0.0269086640328, 0.0294633563608, 0.0109767410904, 0.0216591916978, 0.0295258872211, 0.0119461286813, 0.012922774069, 0.00435700267553, 0.00563258631155, 0.00291675748304, 0.00217833626084, 0.00142995244823, 0.000806460680906, 0.000766993500292, 0.000324226217344, 0.000123103585793, 8.59939464135e-05, 0.000110387343739, 8.38158885017e-05, 0.000152349442942, 0.000111310386274, 0.000235033861827, 0.000283706962364, 0.00177700864151, 0.000923171581235, 0.000164840268553, 6.41058359179e-05, 3.74621231458e-05, 5.43571259186e-05, 3.61898601113e-05, 2.45134287979e-05, 4.0333448851e-05, 2.46525924013e-05, 2.66605093202e-05, 3.42060520779e-05, 4.61978561361e-05, 3.56261080015e-05, 2.48512969847e-05], "dmean": [0.00701779080555, 0.0032326746732, 0.000329054368194, 0.000373333954485, 0.000207714168937, 0.000252763944445, 0.000265588867478, 0.000181625131518, 7.01185708749e-05, 3.50131558662e-05, 2.10818925552e-05, 1.20088925541e-05, 1.10668133857e-05, 5.02699458593e-06, 3.38775703312e-06, 4.01553279517e-06, 2.08482333619e-06, 8.7239828872e-07, 6.39188499463e-07, 8.80177253748e-07, 6.62610375457e-07, 8.27125177238e-07, 7.14634040833e-07, 5.64219874377e-07, 8.11749657714e-07, 1.20483798582e-06, 7.45360978271e-07, 3.48429352925e-07, 2.09067977153e-07, 1.78758114089e-07, 1.97572234129e-07, 1.29766021928e-07, 1.2674553318e-07, 9.17011249157e-08, 8.48408276966e-08, 6.83011904812e-08, 7.38944265777e-08, 6.41281872049e-08, 4.77315218461e-08, 3.94150703187e-08]}, "spectral_decrease": {"dvar": 1.0131113325e-15, "mean": -1.41050131575e-08, "min": -5.38099129699e-07, "median": -3.61058760667e-09, "dvar2": 2.8010308069e-15, "var": 1.52862394865e-15, "dmean2": 1.24278614066e-08, "max": 1.35328813846e-28, "dmean": 7.17257231386e-09}, "spectral_rolloff": {"dvar": 240198.109375, "mean": 645.819702148, "min": 21.533203125, "median": 473.73046875, "dvar2": 513584.3125, "var": 2806441.5, "dmean2": 175.336410522, "max": 19745.9472656, "dmean": 102.949157715}, "melbands_crest": {"dvar": 7.09132480621, "mean": 16.6085338593, "min": 1.56894731522, "median": 15.2145004272, "dvar2": 16.5156269073, "var": 43.1673126221, "dmean2": 4.19595146179, "max": 39.22448349, "dmean": 2.6621055603}, "barkbands_skewness": {"dvar": 0.713827311993, "mean": 1.87796163559, "min": -2.97180104256, "median": 1.52322292328, "dvar2": 1.60026228428, "var": 3.51256394386, "dmean2": 0.913920223713, "max": 20.6293869019, "dmean": 0.600516140461}, "spectral_centroid": {"dvar": 34962.7929688, "mean": 575.983398438, "min": 104.596939087, "median": 418.95199585, "dvar2": 73334.078125, "var": 898040.125, "dmean2": 108.808189392, "max": 11564.9667969, "dmean": 70.4602432251}, "spectral_energyband_middle_low": {"dvar": 4.01082179451e-05, "mean": 0.0129999993369, "min": 1.52276508973e-22, "median": 0.00749978935346, "dvar2": 9.50847097556e-05, "var": 0.000259651133092, "dmean2": 0.00504473503679, "max": 0.17360574007, "dmean": 0.00344938063063}, "erbbands_crest": {"dvar": 4.69224071503, "mean": 13.805973053, "min": 2.17112541199, "median": 13.087064743, "dvar2": 11.0603580475, "var": 26.3364295959, "dmean2": 3.60995793343, "max": 32.4204101562, "dmean": 2.38267755508}, "dynamic_complexity": 5.21706151962, "spectral_energyband_low": {"dvar": 0.0144247710705, "mean": 0.0406662300229, "min": 1.33221267729e-23, "median": 0.00379420584068, "dvar2": 0.0400744490325, "var": 0.0205862093717, "dmean2": 0.0446911603212, "max": 1.9815466404, "dmean": 0.0253857020289}, "silence_rate_60dB": {"dvar": 0.0198369007558, "mean": 0.12988743186, "min": 0, "median": 0, "dvar2": 0.0453984253109, "var": 0.112997628748, "dmean2": 0.0405036322773, "max": 1, "dmean": 0.0202504657209}, "erbbands_kurtosis": {"dvar": 14.3117704391, "mean": 6.79946708679, "min": -1.82727181911, "median": 4.29985809326, "dvar2": 27.6006069183, "var": 77.0918502808, "dmean2": 3.67752075195, "max": 146.126739502, "dmean": 2.48899483681}, "spectral_complexity": {"dvar": 2.34383225441, "mean": 7.82062196732, "min": 0, "median": 7, "dvar2": 5.15334749222, "var": 16.9818286896, "dmean2": 1.95456659794, "max": 45, "dmean": 1.17812418938}, "barkbands_crest": {"dvar": 4.49314546585, "mean": 13.2744483948, "min": 1.8470890522, "median": 12.0889816284, "dvar2": 10.864938736, "var": 25.1960334778, "dmean2": 3.54140686989, "max": 26.6038627625, "dmean": 2.23017477989}, "spectral_energy": {"dvar": 0.0145879071206, "mean": 0.054040748626, "min": 1.00251567977e-20, "median": 0.0141536640003, "dvar2": 0.0403351560235, "var": 0.0220538210124, "dmean2": 0.0472643375397, "max": 2.04387187958, "dmean": 0.0272978022695}, "spectral_spread": {"dvar": 318536777728, "mean": 3212536.25, "min": 280318.5625, "median": 2846526.75, "dvar2": 670511333376, "var": 12484121460700.0, "dmean2": 563516.875, "max": 42896496, "dmean": 355187.96875}, "spectral_contrast_valleys": {"dvar": [0.117167182267, 0.073279812932, 0.0637142732739, 0.0576674230397, 0.0506739988923, 0.0708448365331], "mean": [-7.84283256531, -7.3612408638, -8.77332878113, -9.55734443665, -9.65794372559, -12.2397241592], "min": [-28.0608139038, -28.0010089874, -27.7825298309, -27.720905304, -27.5465698242, -27.4385662079], "median": [-7.52598667145, -7.0313706398, -8.45934009552, -9.15756607056, -9.14459228516, -11.931968689], "dvar2": [0.269833028316, 0.178418830037, 0.15203179419, 0.133180990815, 0.104766309261, 0.137773022056], "var": [4.97318935394, 4.37936878204, 3.90498447418, 3.83272314072, 4.48793745041, 3.97244954109], "dmean2": [0.545560956001, 0.450783014297, 0.431809306145, 0.371705383062, 0.269253462553, 0.268011957407], "max": [-4.09049510956, -4.49678325653, -5.51835346222, -6.28807449341, -5.86921215057, -7.61578083038], "dmean": [0.329819619656, 0.27799898386, 0.263761788607, 0.229534417391, 0.17445781827, 0.185923561454]}, "spectral_rms": {"dvar": 7.10585391062e-06, "mean": 0.00515818409622, "min": 3.12740154954e-12, "median": 0.00371597264893, "dvar2": 1.72615764313e-05, "var": 2.61157529167e-05, "dmean2": 0.00158701126929, "max": 0.0446544662118, "dmean": 0.000983128556982}, "barkbands_spread": {"dvar": 12.04753685, "mean": 6.18533420563, "min": 0.122571408749, "median": 4.50714302063, "dvar2": 25.8257026672, "var": 50.5749435425, "dmean2": 2.23628115654, "max": 109.660186768, "dmean": 1.47350502014}, "pitch_salience": {"dvar": 0.00346387783065, "mean": 0.494539469481, "min": 0.0455964021385, "median": 0.509145140648, "dvar2": 0.00809306744486, "var": 0.0223781187087, "dmean2": 0.0962928831577, "max": 0.992326915264, "dmean": 0.0605769492686}, "erbbands_skewness": {"dvar": 0.148914083838, "mean": 1.39463794231, "min": -5.61301374435, "median": 1.32627522945, "dvar2": 0.336999058723, "var": 1.23468661308, "dmean2": 0.566974699497, "max": 10.3654260635, "dmean": 0.3788382411}, "spectral_energyband_middle_high": {"dvar": 5.22131074376e-07, "mean": 0.000859042687807, "min": 1.2106757617e-21, "median": 0.000258452375419, "dvar2": 1.04921593902e-06, "var": 3.65971573046e-06, "dmean2": 0.000325980683556, "max": 0.0455360077322, "dmean": 0.000237210188061}, "erbbands": {"dvar": [20.1751976013, 423.082397461, 336.389923096, 42.2015724182, 66.0400085449, 195.869140625, 138.463394165, 1054.74536133, 2192.37963867, 1415.17822266, 1012.32946777, 339.304901123, 182.980300903, 160.573318481, 166.858978271, 23.052936554, 54.621635437, 17.7427635193, 3.63426089287, 2.30869960785, 3.45458221436, 8.98656654358, 9.10784435272, 39.4552955627, 447.491088867, 14.496506691, 2.23707962036, 3.39896583557, 1.46682810783, 1.23643875122, 0.704884946346, 0.465189993382, 0.382873386145, 0.115970648825, 0.0364841483533, 0.00459948182106, 0.0015150886029, 0.000283827452222, 3.38935706168e-06, 2.15540367776e-08], "mean": [1.43220484257, 5.68601465225, 5.85015106201, 3.87875461578, 6.76665019989, 12.9217653275, 14.7768516541, 32.9106864929, 34.5468025208, 46.2495918274, 28.3112449646, 15.640707016, 13.6500425339, 9.28137588501, 8.11847877502, 3.01949882507, 3.71868157387, 2.5737349987, 1.03918588161, 0.893720209599, 1.09582030773, 1.43098628521, 1.27648341656, 1.72528934479, 2.41591715813, 1.13150370121, 0.622321367264, 0.620817303658, 0.467856049538, 0.363537579775, 0.282747238874, 0.238228425384, 0.162048175931, 0.091302447021, 0.0468777269125, 0.0161785446107, 0.00726175867021, 0.00219936855137, 0.000269115524134, 6.88313521096e-05], "min": [7.70301532476e-23, 3.76182825074e-22, 1.15984353396e-21, 9.07638305849e-21, 1.103235663e-20, 2.50645257568e-20, 4.68765450332e-20, 6.7032745825e-20, 8.00032803343e-20, 1.95418770153e-19, 3.15145215131e-19, 3.04805509173e-19, 5.65214322015e-19, 6.69677720803e-19, 8.76786944081e-19, 9.29049766145e-19, 1.57562707248e-18, 1.96167350513e-18, 2.17215560905e-18, 3.66451227042e-18, 2.99174415114e-18, 4.93930512784e-18, 4.35001504201e-18, 4.73196858499e-18, 7.53987453333e-18, 1.00432506304e-17, 8.55728021699e-18, 1.04655031721e-17, 1.0905109963e-17, 9.07774639431e-18, 1.1923533906e-17, 1.1089495139e-17, 9.0453937062e-18, 8.83604752805e-18, 6.41648798805e-18, 4.21614495886e-18, 2.27069887619e-18, 9.54273604949e-19, 2.46149046262e-19, 2.64634319598e-20], "median": [0.0178102962673, 0.406531184912, 1.18460083008, 0.795394897461, 1.43164122105, 6.55808830261, 5.88426589966, 12.8052406311, 14.8904752731, 18.3070316315, 5.36707019806, 2.93355226517, 4.69282960892, 1.43167126179, 0.992627501488, 0.565551877022, 0.775052428246, 0.549886465073, 0.299719244242, 0.179465353489, 0.179624572396, 0.190457388759, 0.145296111703, 0.157908290625, 0.158798128366, 0.120086155832, 0.0742406100035, 0.0649302899837, 0.0628846734762, 0.0468197241426, 0.0275916885585, 0.0174986775964, 0.00826377980411, 0.00391133781523, 0.00137764739338, 0.000385991937947, 9.99863405013e-05, 1.84223536053e-05, 1.36950129672e-05, 1.7326869056e-05], "dvar2": [52.1042098999, 1273.00073242, 993.165100098, 115.91254425, 164.572814941, 501.528656006, 338.380584717, 2539.11547852, 5395.13867188, 2607.02124023, 1471.21228027, 702.464172363, 290.311828613, 262.645324707, 318.766662598, 42.2763748169, 114.276550293, 37.5803985596, 9.07887363434, 5.68741559982, 8.60104751587, 22.0641784668, 19.9144649506, 94.7005004883, 1190.07568359, 33.6816749573, 4.46544504166, 7.38579511642, 3.10065937042, 2.72660303116, 1.45086634159, 0.800780832767, 0.610249400139, 0.163521125913, 0.0649902001023, 0.00654691550881, 0.00265699042939, 0.000583559682127, 6.74183820593e-06, 5.43142100184e-08], "var": [34.173740387, 435.299377441, 273.158843994, 92.2653198242, 235.223571777, 446.721710205, 921.731994629, 3919.74267578, 4968.04101562, 6497.75048828, 7391.51708984, 1576.7442627, 1417.54199219, 1440.49645996, 733.354431152, 80.313331604, 188.030044556, 58.6998901367, 6.62649917603, 4.97500181198, 8.25338363647, 17.7760925293, 18.2465744019, 78.0848770142, 562.427185059, 35.0029716492, 6.10848808289, 7.15457057953, 3.21843147278, 2.42606401443, 1.7829028368, 1.61256599426, 1.27555263042, 0.39194047451, 0.100575983524, 0.0150242345408, 0.00312757934444, 0.000366949272575, 4.3981226554e-06, 3.35242873462e-08], "dmean2": [1.50589811802, 7.89053153992, 7.50204324722, 3.02506184578, 4.37709903717, 11.6424703598, 8.11497688293, 17.4146900177, 24.6687202454, 24.0774345398, 11.8381347656, 7.93147230148, 5.73520994186, 4.00714874268, 4.41173124313, 1.8399657011, 2.63719320297, 1.68539237976, 0.803244590759, 0.72024512291, 0.866406261921, 1.12725281715, 1.09051656723, 1.48392999172, 2.28913021088, 0.865072846413, 0.432837367058, 0.484505444765, 0.331998109818, 0.25879612565, 0.193737983704, 0.155696094036, 0.110086210072, 0.0612623281777, 0.0339676067233, 0.0116146430373, 0.00662789028138, 0.00275448034517, 0.00032063407707, 6.05637615081e-05], "max": [66.3437652588, 385.831329346, 373.246490479, 166.560714722, 269.291687012, 379.083862305, 388.633270264, 1098.68261719, 2033.5402832, 1271.3848877, 1724.39697266, 688.066223145, 1122.57800293, 701.608093262, 513.613586426, 236.132003784, 289.855194092, 203.184570312, 63.7811965942, 46.1926651001, 68.6839752197, 154.767120361, 172.198196411, 497.588470459, 2369.22607422, 425.842895508, 83.4025115967, 84.4161376953, 50.1382217407, 66.4588775635, 46.3528823853, 50.336479187, 62.7282867432, 31.0654239655, 17.0680828094, 6.30639028549, 2.40149974823, 0.671940922737, 0.072890855372, 0.00251505500637], "dmean": [0.867803156376, 4.38072347641, 4.21149682999, 1.84609222412, 2.87006926537, 7.17269420624, 5.33867073059, 12.3355808258, 16.0667972565, 17.2267799377, 9.69008827209, 5.89719581604, 4.28796482086, 3.0082256794, 3.19398665428, 1.30280745029, 1.77124989033, 1.13112699986, 0.513682663441, 0.45915672183, 0.554756820202, 0.720833599567, 0.711375713348, 0.953315913677, 1.44240903854, 0.551243305206, 0.284965574741, 0.314140349627, 0.219364434481, 0.171592667699, 0.132017195225, 0.111167609692, 0.0808073580265, 0.0470692068338, 0.0246359128505, 0.00895060971379, 0.00503448350355, 0.00190955447033, 0.000224345552851, 3.69985536963e-05]}, "dissonance": {"dvar": 0.00134731922299, "mean": 0.384439975023, "min": 0.0879234448075, "median": 0.396927624941, "dvar2": 0.00375998811796, "var": 0.00493504153565, "dmean2": 0.0642981901765, "max": 0.500000119209, "dmean": 0.0376446507871}, "erbbands_flatness_db": {"dvar": 0.000257457635598, "mean": 0.253906130791, "min": 0.0307782255113, "median": 0.241425350308, "dvar2": 0.00052525108913, "var": 0.00666167913005, "dmean2": 0.0220964290202, "max": 0.505992889404, "dmean": 0.0159191694111}, "melbands_kurtosis": {"dvar": 441.882232666, "mean": 14.9479494095, "min": -1.73082780838, "median": 6.3792552948, "dvar2": 1020.94769287, "var": 1022.96746826, "dmean2": 11.131734848, "max": 915.316589355, "dmean": 7.23135566711}, "melbands_spread": {"dvar": 26.2557163239, "mean": 7.70824670792, "min": 0.180474713445, "median": 5.62296104431, "dvar2": 55.1142272949, "var": 169.903915405, "dmean2": 2.62408089638, "max": 295.532196045, "dmean": 1.69559264183}, "melbands_skewness": {"dvar": 0.624092459679, "mean": 2.0160806179, "min": -1.95712602139, "median": 1.61075842381, "dvar2": 1.39518678188, "var": 3.53206658363, "dmean2": 0.90041077137, "max": 28.4532203674, "dmean": 0.598015666008}, "spectral_entropy": {"dvar": 0.0307158902287, "mean": 6.30564641953, "min": 3.75433135033, "median": 6.32684755325, "dvar2": 0.0647852346301, "var": 0.674624323845, "dmean2": 0.23595264554, "max": 9.83136367798, "dmean": 0.161611050367}, "zerocrossingrate": {"dvar": 5.76599159103e-05, "mean": 0.0262788198888, "min": 0.001953125, "median": 0.01806640625, "dvar2": 7.07705039531e-05, "var": 0.00237739039585, "dmean2": 0.0043930998072, "max": 0.53662109375, "dmean": 0.00354921142571}, "average_loudness": 0.380280405283, "spectral_contrast_coeffs": {"dvar": [0.00125486589968, 0.000909235503059, 0.000597103615291, 0.000355733296601, 0.000231260113651, 0.000115844602988], "mean": [-0.620069503784, -0.650206744671, -0.735656440258, -0.810703575611, -0.831494092941, -0.804917812347], "min": [-0.977870464325, -0.993106365204, -0.992000937462, -0.99800157547, -0.981985628605, -0.96622800827], "median": [-0.620025396347, -0.648878455162, -0.742178678513, -0.814426243305, -0.845504760742, -0.794915914536], "dvar2": [0.00336500909179, 0.00239688251168, 0.00148611608893, 0.000915376353078, 0.000544988841284, 0.000312994234264], "var": [0.00881427153945, 0.00745735503733, 0.00656558899209, 0.00301077682525, 0.00284124840982, 0.00196378747933], "dmean2": [0.071531817317, 0.05787595734, 0.0470161922276, 0.0368940755725, 0.02584473975, 0.0199501737952], "max": [-0.276725739241, -0.324587762356, -0.418230354786, -0.611901640892, -0.567043483257, -0.64534497261], "dmean": [0.0433127656579, 0.0360310338438, 0.0293268747628, 0.0223527774215, 0.0159575492144, 0.0118811540306]}, "barkbands_flatness_db": {"dvar": 0.000599081860855, "mean": 0.283005416393, "min": 0.00508609227836, "median": 0.276579916477, "dvar2": 0.00129729544278, "var": 0.00941342301667, "dmean2": 0.0318924114108, "max": 0.633411228657, "dmean": 0.0210390053689}, "silence_rate_30dB": {"dvar": 0.0240415968001, "mean": 0.89795511961, "min": 0, "median": 1, "dvar2": 0.0528693348169, "var": 0.0916237309575, "dmean2": 0.0492971837521, "max": 1, "dmean": 0.024646949023}, "spectral_energyband_high": {"dvar": 3.03868645801e-08, "mean": 7.19325907994e-05, "min": 6.98598940623e-21, "median": 8.24428570922e-06, "dvar2": 4.92441820654e-08, "var": 9.56366719151e-08, "dmean2": 3.93461377826e-05, "max": 0.0106845507398, "dmean": 2.92915119644e-05}, "melbands_flatness_db": {"dvar": 0.000790531397797, "mean": 0.378823518753, "min": 0.00286551308818, "median": 0.373335987329, "dvar2": 0.00164105452131, "var": 0.0141470711678, "dmean2": 0.03439540416, "max": 0.790708601475, "dmean": 0.022754304111}, "barkbands": {"dvar": [0.00010654541984, 0.0116372331977, 0.000134651229018, 2.93115431305e-06, 1.16249329949e-05, 8.25454753794e-06, 1.06335073724e-05, 3.48879893863e-06, 4.37878156845e-07, 1.7412784814e-07, 1.67062907508e-07, 2.05517221019e-08, 2.98494491346e-08, 4.73799888212e-09, 1.02765040921e-09, 1.42066736153e-09, 3.38758288088e-09, 2.44208187006e-09, 1.08843337898e-07, 4.6859240932e-09, 1.70501501806e-09, 9.62893542678e-10, 7.96515575718e-10, 1.19582621583e-09, 7.48789197313e-10, 3.34429789417e-10, 1.64097971322e-10], "mean": [0.00236385245807, 0.0340213738382, 0.00387515709735, 0.00120123184752, 0.00330567127094, 0.00315949344076, 0.00282423291355, 0.00175437203143, 0.00050539226504, 0.000386746338336, 0.000245203467784, 6.369897892e-05, 8.11489953776e-05, 3.73209259124e-05, 1.55874840857e-05, 1.941132723e-05, 2.75289148703e-05, 1.96314413188e-05, 4.88093864988e-05, 2.43644299189e-05, 1.47304072016e-05, 1.26568656924e-05, 9.77195577434e-06, 1.07614050648e-05, 7.38821108826e-06, 3.73238003704e-06, 1.55829343385e-06], "min": [2.26173373364e-25, 2.86811878553e-24, 3.26458178756e-25, 2.33297191629e-24, 1.06262364389e-23, 6.6677939477e-24, 3.65440839863e-24, 1.10602156442e-23, 1.38043732215e-23, 1.73101468149e-23, 1.50653673785e-23, 2.13391213597e-23, 2.42010724363e-23, 3.13657122813e-23, 4.57666962723e-23, 6.9968832093e-23, 8.58079032033e-23, 7.24743363695e-23, 1.33130147984e-22, 1.91478503585e-22, 2.5648167716e-22, 3.12789053962e-22, 3.73820710466e-22, 5.59404668662e-22, 8.65877155584e-22, 1.22552724838e-21, 1.83243386433e-21], "median": [5.38715175935e-06, 0.00164059759118, 0.000662520295009, 0.000126994389575, 0.00148942135274, 0.00122721795924, 0.00126819335856, 0.000281829939922, 6.7066779593e-05, 0.000110819040856, 1.98976376851e-05, 1.10890914584e-05, 1.51737422129e-05, 6.28218367638e-06, 3.84108398066e-06, 2.98851955449e-06, 3.47551690538e-06, 2.35420952777e-06, 3.44163231603e-06, 2.4507969556e-06, 1.6382667809e-06, 1.76568858024e-06, 1.04378534616e-06, 6.43196528927e-07, 2.68211039156e-07, 5.74684122512e-08, 1.42731320096e-08], "dvar2": [0.00029667315539, 0.0327065251768, 0.000395083305193, 7.91684396972e-06, 3.00416268146e-05, 2.06271324714e-05, 2.58777090494e-05, 5.26036183146e-06, 9.36938306495e-07, 2.64142926198e-07, 3.07754135065e-07, 3.88556280484e-08, 6.28001757264e-08, 1.03301251997e-08, 2.55257104342e-09, 3.5132154963e-09, 8.56566906293e-09, 5.0530024609e-09, 2.85861631255e-07, 9.0990885937e-09, 3.54484663845e-09, 1.95923011148e-09, 1.57262491918e-09, 1.88417281777e-09, 1.14400511286e-09, 5.53905865619e-10, 3.3886971007e-10], "var": [0.00012158860045, 0.0162487886846, 0.000116399947728, 1.06698962554e-05, 3.03406177409e-05, 3.22104788211e-05, 2.65548551397e-05, 2.06634867936e-05, 1.91810318029e-06, 1.44479065511e-06, 8.12805183159e-07, 5.10670652432e-08, 9.30797696697e-08, 1.30936355092e-08, 1.76242742622e-09, 3.27952554002e-09, 6.47384945651e-09, 4.96504837244e-09, 1.51486005961e-07, 1.40772451473e-08, 3.94388921521e-09, 2.26641461154e-09, 2.10910400256e-09, 4.23947410511e-09, 2.38141306674e-09, 7.91453569349e-10, 1.99953109625e-10], "dmean2": [0.00302399275824, 0.0398559309542, 0.00494757248089, 0.00085536041297, 0.00250586494803, 0.0016573893372, 0.00203144876286, 0.000792851205915, 0.000285739515675, 0.000167730380781, 0.000131871653139, 4.40617259301e-05, 6.0074711655e-05, 2.78520656138e-05, 1.40187949e-05, 1.70402254298e-05, 2.30176519835e-05, 1.77344409167e-05, 4.57274472865e-05, 1.83886440936e-05, 1.09967631943e-05, 8.75190198713e-06, 6.53850474919e-06, 6.87396823196e-06, 4.97071550853e-06, 3.15068905365e-06, 2.07193352253e-06], "max": [0.182360842824, 1.83928310871, 0.253468304873, 0.0412965640426, 0.106765411794, 0.0916548073292, 0.126448154449, 0.062924169004, 0.0222845990211, 0.0313571617007, 0.0161166861653, 0.0110325720161, 0.00734235066921, 0.0029940311797, 0.0012247558916, 0.00122993858531, 0.0025670863688, 0.00353220081888, 0.0357112586498, 0.00707063218579, 0.00148998817895, 0.00110580725595, 0.00168588350061, 0.00327717233449, 0.00190919241868, 0.00129438994918, 0.000472261017421], "dmean": [0.00173880520742, 0.0224456526339, 0.00280290958472, 0.000546102819499, 0.00158000190277, 0.00116114481352, 0.00132088619284, 0.000655429554172, 0.000207183809835, 0.00012675038306, 9.59400567808e-05, 3.09533206746e-05, 3.99146192649e-05, 1.82527364814e-05, 8.84210840013e-06, 1.08120311779e-05, 1.45646517922e-05, 1.16049777716e-05, 2.87326656689e-05, 1.18570906125e-05, 7.17747752788e-06, 5.79232300879e-06, 4.41850988864e-06, 5.02816328662e-06, 3.76480443265e-06, 2.42493024416e-06, 1.43937802477e-06]}, "erbbands_spread": {"dvar": 32.8655204773, "mean": 16.0677452087, "min": 0.730566620827, "median": 11.5862770081, "dvar2": 70.7704315186, "var": 200.227172852, "dmean2": 5.24805879593, "max": 151.597763062, "dmean": 3.5451798439}, "barkbands_kurtosis": {"dvar": 510.391723633, "mean": 13.8886518478, "min": -1.83582246304, "median": 5.72066783905, "dvar2": 1127.66381836, "var": 1050.09020996, "dmean2": 10.9909009933, "max": 811.471313477, "dmean": 7.15504598618}, "spectral_flux": {"dvar": 0.00685737887397, "mean": 0.0635980516672, "min": 6.1850385924e-11, "median": 0.035497635603, "dvar2": 0.0163263399154, "var": 0.0107780238613, "dmean2": 0.0467622093856, "max": 1.2235506773, "dmean": 0.0290850382298}, "silence_rate_20dB": {"dvar": 0.0159877110273, "mean": 0.959102094173, "min": 0, "median": 1, "dvar2": 0.0319903194904, "var": 0.0392219312489, "dmean2": 0.0325094945729, "max": 1, "dmean": 0.016253663227}, "gfcc": {"cov": [[25097.8164062, -653.974975586, -1468.8638916, 1927.5111084, -898.06842041, 681.773376465, 31.136089325, 877.98236084, -170.365493774, 269.691986084, 145.215667725, 119.904312134, -271.454315186], [-653.974975586, 2608.53173828, 367.205444336, -753.38104248, 393.087738037, -202.057632446, 236.286392212, -237.280166626, 267.491912842, -152.006713867, 182.609527588, -136.152862549, 112.391342163], [-1468.8638916, 367.205444336, 978.041687012, 14.1856327057, 353.082519531, 84.0332183838, 137.149734497, 57.7110595703, 86.4454956055, 19.4715023041, 82.1641616821, 22.1136741638, -13.1366319656], [1927.5111084, -753.38104248, 14.1856327057, 903.844299316, -58.3227043152, 195.318618774, 74.019744873, 173.287017822, 29.9325866699, 90.4312515259, 48.8448066711, 73.1529312134, 18.1714420319], [-898.06842041, 393.087738037, 353.082519531, -58.3227043152, 461.617126465, 77.3319396973, 120.654777527, 47.3078842163, 94.1816558838, -14.1503553391, 67.3686141968, 2.55621099472, 14.9581165314], [681.773376465, -202.057632446, 84.0332183838, 195.318618774, 77.3319396973, 246.640899658, 128.023605347, 111.284072876, 25.0723266602, 37.4028129578, 7.97672653198, 17.6501045227, -4.88849544525], [31.136089325, 236.286392212, 137.149734497, 74.019744873, 120.654777527, 128.023605347, 296.930328369, 69.5877609253, 113.677032471, 13.9949798584, 62.9680709839, 2.60476374626, 53.3111915588], [877.98236084, -237.280166626, 57.7110595703, 173.287017822, 47.3078842163, 111.284072876, 69.5877609253, 203.956375122, 14.5859193802, 36.1093101501, 4.5286989212, 12.9145393372, -37.1711845398], [-170.365493774, 267.491912842, 86.4454956055, 29.9325866699, 94.1816558838, 25.0723266602, 113.677032471, 14.5859193802, 185.863021851, 49.2617797852, 46.7834014893, -18.199098587, 47.1826972961], [269.691986084, -152.006713867, 19.4715023041, 90.4312515259, -14.1503553391, 37.4028129578, 13.9949798584, 36.1093101501, 49.2617797852, 113.267372131, 40.0796127319, 9.53265190125, -19.4331817627], [145.215667725, 182.609527588, 82.1641616821, 48.8448066711, 67.3686141968, 7.97672653198, 62.9680709839, 4.5286989212, 46.7834014893, 40.0796127319, 121.293251038, 27.6887245178, 15.2801465988], [119.904312134, -136.152862549, 22.1136741638, 73.1529312134, 2.55621099472, 17.6501045227, 2.60476374626, 12.9145393372, -18.199098587, 9.53265190125, 27.6887245178, 94.6164321899, 38.5331802368], [-271.454315186, 112.391342163, -13.1366319656, 18.1714420319, 14.9581165314, -4.88849544525, 53.3111915588, -37.1711845398, 47.1826972961, -19.4331817627, 15.2801465988, 38.5331802368, 125.799461365]], "mean": [-144.699050903, 162.750106812, -74.4823455811, 11.8554468155, -63.8316307068, -8.4556350708, -28.2739162445, 0.445915430784, -9.98794174194, -0.510115146637, -0.412086099386, -4.0868768692, -5.90636777878], "icov": [[0.000100383265817, -0.000247011426836, 0.000183993106475, -0.000252966448897, 0.000206009397516, -0.000260247121332, 0.000165237550391, -0.000438789720647, 0.000227653086768, -0.000240930326981, 9.05305714696e-05, -0.00027553390828, 0.000209561359952], [-0.000247011426836, 0.00190192332957, -0.000657477707136, 0.00140457600355, -0.000644329586066, 0.000889739603736, -0.000700684206095, 0.00159961625468, -0.00206798594445, 0.00285386666656, -0.00262839649804, 0.00215869187377, -0.000748468795791], [0.000183993106475, -0.000657477707136, 0.00185431481805, -0.000642008963041, -0.000661665340886, -0.000439908297267, -6.69955306876e-06, -0.000737674476113, 0.000524955161382, -0.000914264353923, 0.000457349320641, -0.0013149556471, 0.00112635700498], [-0.000252966448897, 0.00140457600355, -0.000642008963041, 0.00280735362321, 3.20576850754e-06, -0.000349588430254, -0.000107348947495, 0.000327463407302, -0.00173363578506, 0.00168169417884, -0.00241291662678, 0.00106427655555, -0.00126790918875], [0.000206009397516, -0.000644329586066, -0.000661665340886, 3.20576850754e-06, 0.00439611217007, -0.00191488582641, 0.000831370532978, -0.00171022559516, -0.00121174461674, 0.00160168833099, -0.00146972038783, -0.000805120915174, 0.000622885476332], [-0.000260247121332, 0.000889739603736, -0.000439908297267, -0.000349588430254, -0.00191488582641, 0.00882920622826, -0.00409720512107, -0.00026877343771, 0.00100300868507, -0.00162662891671, 0.00212261290289, 0.00031641262467, -0.000106448766019], [0.000165237550391, -0.000700684206095, -6.69955306876e-06, -0.000107348947495, 0.000831370532978, -0.00409720512107, 0.00772383483127, -0.00250227190554, -0.00237628421746, 0.00164980266709, -0.00274704652838, 0.000741111813113, -0.00202050060034], [-0