{"metadata": {"audio_properties": {"downmix": "mix", "bit_rate": 192000, "lossless": false, "md5_encoded": "5aa744e40ed2b6e1407ece1216d3a443", "analysis_sample_rate": 44100, "sample_rate": 44100, "replay_gain": -12.0679397583, "equal_loudness": 0, "codec": "mp3", "length": 140.146942139}, "tags": {"musicbrainz_albumid": ["e952fcfd-cdee-31d5-9ff2-f2d9ff8b848e"], "musicbrainz_recordingid": ["0ca50375-2b24-46ac-99af-a7ce5bd546e7"], "tracknumber": ["3/12"], "artist": ["DJ Food"], "barcode": ["625978104729"], "album": ["Kaleidoscope"], "musicbrainz album type": ["album"], "originaldate": ["2000"], "albumartist": ["DJ Food"], "asin": ["B000003S85"], "media": ["CD"], "musicbrainz_albumartistid": ["0019749d-ee29-4a5f-ab17-6bfa11deb969"], "file_name": "03 - Break.mp3", "musicbrainz album release country": ["CA"], "catalognumber": ["ZEN CD47"], "musicbrainz_artistid": ["0019749d-ee29-4a5f-ab17-6bfa11deb969"], "albumartistsort": ["Food, DJ"], "script": ["Latn"], "label": ["Ninja Tune"], "musicbrainz album status": ["official"], "date": ["2000"], "title": ["Break"], "discnumber": ["1/1"], "artistsort": ["Food, DJ"], "musicbrainz_releasegroupid": ["2e29c5ce-ca7e-3ea4-ad50-a970746fb9a4"]}, "version": {"essentia_build_sha": "c0e182ba78c2de26e491b7b7a4a2c98c1ed34208", "essentia_git_sha": "v2.1_beta2-2-gbb40004", "extractor": "music 1.0", "essentia": "2.1-beta2"}}, "tonal": {"chords_scale": "minor", "hpcp": {"dmean": [0.164453238249, 0.158380299807, 0.151291981339, 0.147028386593, 0.138616740704, 0.117782667279, 0.114589832723, 0.114853590727, 0.119191475213, 0.134847685695, 0.135905563831, 0.129063859582, 0.130422756076, 0.12300953269, 0.127125889063, 0.134848579764, 0.132040187716, 0.127635598183, 0.134968698025, 0.127326369286, 0.11204969883, 0.128642678261, 0.135023981333, 0.178173437715, 0.253593564034, 0.190932869911, 0.125143378973, 0.122428432107, 0.127386301756, 0.121708102524, 0.132896080613, 0.136730372906, 0.137546524405, 0.158941879869, 0.174594923854, 0.170310348272], "dvar2": [0.176055490971, 0.167280778289, 0.1636159271, 0.136666670442, 0.126823723316, 0.108565032482, 0.106066308916, 0.105983354151, 0.0957422628999, 0.12032186985, 0.110807880759, 0.113238319755, 0.115314058959, 0.0979741215706, 0.103597424924, 0.122106082737, 0.117682777345, 0.109474413097, 0.110576443374, 0.108805455267, 0.105767421424, 0.113151825964, 0.114116556942, 0.140548944473, 0.284063130617, 0.150526076555, 0.111204706132, 0.116430468857, 0.129962712526, 0.106891483068, 0.132130771875, 0.132201179862, 0.130510449409, 0.152652233839, 0.167277082801, 0.163145378232], "mean": [0.151462376118, 0.150391876698, 0.151801556349, 0.160528734326, 0.153530016541, 0.127936527133, 0.115839533508, 0.113239303231, 0.128979146481, 0.161820665002, 0.159263029695, 0.137102797627, 0.137304261327, 0.138311699033, 0.147119253874, 0.15132021904, 0.138862192631, 0.136157482862, 0.157489895821, 0.143125921488, 0.111520789564, 0.137654438615, 0.143497496843, 0.244188576937, 0.386442393064, 0.273239225149, 0.125383794308, 0.117467999458, 0.118920192122, 0.118446148932, 0.126883879304, 0.128307029605, 0.131398439407, 0.156215697527, 0.169833913445, 0.160078078508], "var": [0.0576650574803, 0.058695461601, 0.0592472963035, 0.0597812309861, 0.0587618984282, 0.0481363534927, 0.0409430041909, 0.0388392359018, 0.0424970276654, 0.0719350650907, 0.0626889467239, 0.051246650517, 0.0510630905628, 0.0469786226749, 0.0536408945918, 0.0596955828369, 0.0483226589859, 0.0462588779628, 0.0638116896152, 0.0560034923255, 0.035311024636, 0.0548115633428, 0.0564298965037, 0.0639473423362, 0.168036401272, 0.0822040066123, 0.0426941215992, 0.0439141616225, 0.0458148084581, 0.0397444106638, 0.0465000644326, 0.0454098694026, 0.0472800284624, 0.0573749169707, 0.0646695122123, 0.0587614700198], "dmean2": [0.299461603165, 0.286792695522, 0.27457395196, 0.263028025627, 0.245548829436, 0.207375466824, 0.202931955457, 0.204924836755, 0.207535251975, 0.234134346247, 0.23375429213, 0.226890966296, 0.227834969759, 0.213973969221, 0.221760392189, 0.236853420734, 0.232336357236, 0.225241154432, 0.23397526145, 0.222444474697, 0.201493740082, 0.223139613867, 0.235283210874, 0.317086011171, 0.465605825186, 0.34181240201, 0.219719305634, 0.220667988062, 0.228514254093, 0.219367101789, 0.239596262574, 0.246444121003, 0.245834574103, 0.284905225039, 0.308384329081, 0.303699880838], "dvar": [0.0621282272041, 0.0592564754188, 0.0578614510596, 0.050314642489, 0.046898804605, 0.040011908859, 0.0387140624225, 0.0382370576262, 0.0352759808302, 0.0472519993782, 0.0425231270492, 0.0426671393216, 0.0432639941573, 0.036743093282, 0.0397919677198, 0.0453940629959, 0.0426637046039, 0.0410043224692, 0.0439121574163, 0.0405091531575, 0.0370290055871, 0.0428038425744, 0.0439598448575, 0.0508600249887, 0.106418043375, 0.0581620633602, 0.0401381999254, 0.0415218807757, 0.0466864407063, 0.0376940891147, 0.0468709617853, 0.0470093861222, 0.0468725971878, 0.0545792840421, 0.0624708533287, 0.0599843114614], "min": [0, 0, 0, 0, 0, 0, 0, 0, 0, 0, 0, 0, 0, 0, 0, 0, 0, 0, 0, 0, 0, 0, 0, 0, 0, 0, 0, 0, 0, 0, 0, 0, 0, 0, 0, 0], "median": [0.0334902778268, 0.0302175879478, 0.0355957224965, 0.044946372509, 0.0398823320866, 0.0270985625684, 0.0252399276942, 0.0254355370998, 0.0307446140796, 0.0326535105705, 0.0318771600723, 0.0290871672332, 0.0348062217236, 0.0415892377496, 0.0393674448133, 0.0370554998517, 0.0309854000807, 0.0329521074891, 0.0379286967218, 0.0339737012982, 0.0277351178229, 0.030935710296, 0.033971209079, 0.139714866877, 0.173956736922, 0.154272094369, 0.0303019396961, 0.0177892297506, 0.0188048351556, 0.0238011628389, 0.0289229005575, 0.0313985198736, 0.0344515964389, 0.0440916866064, 0.0490629896522, 0.0472313016653], "max": [1, 1, 1, 1, 1, 1, 1, 1, 1, 1, 1, 1, 1, 1, 1, 1, 1, 1, 1, 1, 1, 1, 1, 1, 1, 1, 1, 1, 1, 1, 1, 1, 1, 1, 1, 1]}, "tuning_equal_tempered_deviation": 0.184510841966, "chords_key": "A#", "chords_strength": {"dmean": 0.0146755222231, "dvar2": 0.000318878970575, "mean": 0.481773912907, "var": 0.00919344462454, "dmean2": 0.0181949958205, "dvar": 0.000168623475474, "min": 0.213768392801, "median": 0.485863149166, "max": 0.711484372616}, "tuning_diatonic_strength": 0.504572153091, "thpcp": [1, 0.707063257694, 0.324456632137, 0.303972870111, 0.307730704546, 0.306504011154, 0.328338414431, 0.33202111721, 0.340020775795, 0.404240578413, 0.439480543137, 0.414235293865, 0.391940385103, 0.389170229435, 0.392818063498, 0.41540145874, 0.397290825844, 0.331062346697, 0.299758851528, 0.293030232191, 0.333760350943, 0.418744593859, 0.41212618351, 0.354781985283, 0.355303317308, 0.357910275459, 0.380701631308, 0.391572505236, 0.359334766865, 0.352335780859, 0.407537847757, 0.37036806345, 0.288583219051, 0.356209456921, 0.371329605579, 0.631888687611], "chords_histogram": [9.07585334778, 10.5664129257, 4.60417366028, 4.50480270386, 1.12620067596, 0, 2.98111963272, 1.09307718277, 1.05995357037, 2.28552508354, 1.72242462635, 2.41801929474, 0.364359050989, 0.364359050989, 0, 0.529976785183, 0.563100337982, 22.4246444702, 12.2557134628, 14.8724746704, 0.894335865974, 2.02053666115, 0.828088760376, 3.4448492527], "tuning_nontempered_energy_ratio": 0.828108072281, "tuning_frequency": 434.193115234, "key_strength": 0.653177917004, "chords_changes_rate": 0.105664126575, "key_scale": "major", "hpcp_entropy": {"dmean": 0.724281191826, "dvar2": 0.918655872345, "mean": 2.3594930172, "var": 0.941454589367, "dmean2": 1.20575690269, "dvar": 0.3637599051, "min": 0, "median": 2.39444231987, "max": 4.57454538345}, "key_key": "A#", "chords_number_rate": 0.00529976794496}, "lowlevel": {"melbands_skewness": {"dmean": 1.77718245983, "dvar2": 31.7279567719, "mean": 4.63511562347, "var": 63.4395561218, "dmean2": 2.63611555099, "dvar": 14.438539505, "min": -3.31236600876, "median": 2.49944782257, "max": 123.251480103}, "melbands_kurtosis": {"dmean": 73.6974945068, "dvar2": 612786.8125, "mean": 125.000198364, "var": 482556.90625, "dmean2": 113.536567688, "dvar": 248057.515625, "min": -1.88783717155, "median": 9.35665798187, "max": 19677.1230469}, "barkbands_kurtosis": {"dmean": 25.2330131531, "dvar2": 57199.6679688, "mean": 34.0680198669, "var": 24469.6269531, "dmean2": 40.6394691467, "dvar": 21683.7753906, "min": -1.95091831684, "median": 5.0334854126, "max": 6594.54589844}, "hfc": {"dmean": 6.00313425064, "dvar2": 510.383300781, "mean": 11.2325077057, "var": 488.347808838, "dmean2": 8.23083019257, "dvar": 233.64515686, "min": 1.24958151732e-16, "median": 2.57743144035, "max": 390.216400146}, "silence_rate_20dB": {"dmean": 0, "dvar2": 0, "mean": 1, "var": 0, "dmean2": 0, "dvar": 0, "min": 1, "median": 1, "max": 1}, "erbbands_flatness_db": {"dmean": 0.0253703761846, "dvar2": 0.00148192420602, "mean": 0.18420381844, "var": 0.00604032771662, "dmean2": 0.0366436392069, "dvar": 0.000839404528961, "min": 0.0295391492546, "median": 0.176863521338, "max": 0.443936645985}, "spectral_flux": {"dmean": 0.0297640096396, "dvar2": 0.00497062411159, "mean": 0.0680904015899, "var": 0.00614456040785, "dmean2": 0.0457987263799, "dvar": 0.00240795849822, "min": 1.05666260464e-10, "median": 0.0403269380331, "max": 0.480518132448}, "spectral_energyband_low": {"dmean": 0.00755618140101, "dvar2": 0.00095201615477, "mean": 0.020736252889, "var": 0.00188630633056, "dmean2": 0.0117170605808, "dvar": 0.000407617015298, "min": 9.90426099884e-23, "median": 0.000270405173069, "max": 0.202256709337}, "spectral_rolloff": {"dmean": 541.097473145, "dvar2": 2834008.75, "mean": 1400.8885498, "var": 3658020.75, "dmean2": 884.232666016, "dvar": 1422077.625, "min": 21.533203125, "median": 689.0625, "max": 19013.8183594}, "spectral_entropy": {"dmean": 0.237504646182, "dvar2": 0.164509683847, "mean": 7.38703918457, "var": 0.491308927536, "dmean2": 0.349807262421, "dvar": 0.0829081609845, "min": 4.99749565125, "median": 7.54654216766, "max": 9.81292819977}, "spectral_energy": {"dmean": 0.0128021100536, "dvar2": 0.00145553110633, "mean": 0.03151274845, "var": 0.00260215532035, "dmean2": 0.0194160733372, "dvar": 0.000638483150396, "min": 1.11653582252e-20, "median": 0.004472150933, "max": 0.262069910765}, "spectral_centroid": {"dmean": 315.611572266, "dvar2": 389840.25, "mean": 1357.24816895, "var": 1007974.125, "dmean2": 471.078948975, "dvar": 204210.8125, "min": 88.7401809692, "median": 1028.6126709, "max": 10729.109375}, "barkbands_flatness_db": {"dmean": 0.0382313877344, "dvar2": 0.00388693762943, "mean": 0.20687559247, "var": 0.0147283431143, "dmean2": 0.0565281733871, "dvar": 0.0018706980627, "min": 0.0236848816276, "median": 0.180599555373, "max": 0.768928527832}, "spectral_rms": {"dmean": 0.0010043940274, "dvar2": 4.75744445794e-06, "mean": 0.0037539920304, "var": 1.66517147591e-05, "dmean2": 0.00142214645166, "dvar": 2.46061335929e-06, "min": 3.30045951506e-12, "median": 0.0020887972787, "max": 0.0159899331629}, "melbands": {"dmean": [0.00193881464656, 0.0010601793183, 0.000642683007754, 0.000335463235388, 0.000220198155148, 0.000140949574416, 0.000150120991748, 0.000124708807562, 0.000102633166534, 9.16346398299e-05, 4.60837727587e-05, 6.93556139595e-05, 3.85576531698e-05, 2.92613804049e-05, 5.41511144547e-05, 1.97358876903e-05, 1.9309891286e-05, 1.93040305021e-05, 1.66552454175e-05, 1.61235948326e-05, 1.12084935608e-05, 9.29680118134e-06, 5.5295004131e-06, 4.61444233224e-06, 5.36110519533e-06, 4.47070624432e-06, 3.48000776285e-06, 3.15941088047e-06, 2.63255196842e-06, 3.51699372914e-06, 3.07178197545e-06, 2.53679149864e-06, 2.38783331952e-06, 1.70384350895e-06, 9.66735001384e-07, 5.06287278768e-07, 3.01910063172e-07, 2.30209394658e-07, 1.60481775424e-07, 1.15611584306e-07], "dvar2": [7.58152164053e-05, 4.01373581553e-05, 1.48191111293e-05, 2.79263599623e-06, 1.13708028948e-06, 6.28023826721e-07, 6.869970548e-07, 6.93750337177e-07, 3.79262530714e-07, 2.03659240583e-07, 5.65330111613e-08, 3.56672444468e-07, 9.59006172252e-08, 2.5196422726e-08, 1.43631453398e-07, 9.99095650656e-09, 1.1712983472e-08, 2.1051825172e-08, 1.97865492879e-08, 1.35702453719e-08, 5.90009952006e-09, 3.31578076107e-09, 1.06185793491e-09, 1.04556396874e-09, 1.9970627374e-09, 1.85766135807e-09, 1.1722083304e-09, 1.01490282844e-09, 2.9356223008e-10, 7.43194894515e-10, 4.73024841519e-10, 2.16693843424e-10, 3.44521688955e-10, 2.53027349073e-10, 8.62644955468e-11, 9.93865493376e-12, 4.20495582798e-12, 1.56850823562e-12, 8.56831261758e-13, 2.89776259628e-13], "mean": [0.00545257795602, 0.00119277182966, 0.000513284350745, 0.000341927021509, 0.000240386725636, 0.000149349943968, 0.000186622943147, 0.000145719270222, 0.000127215957036, 0.000130387430545, 5.38539679837e-05, 8.50029464345e-05, 4.7268862545e-05, 4.40748954134e-05, 9.68442764133e-05, 2.67827781499e-05, 2.50203684118e-05, 2.24691448238e-05, 2.16226508201e-05, 2.19146040763e-05, 1.49944507939e-05, 1.12530315164e-05, 7.25034669813e-06, 6.07554284215e-06, 6.58116050545e-06, 5.16084810442e-06, 4.09283711633e-06, 3.80671326639e-06, 3.33796788254e-06, 4.02406476496e-06, 3.62181117453e-06, 2.95847326015e-06, 2.66971846941e-06, 1.94690346689e-06, 1.1588815596e-06, 6.43667306122e-07, 3.8833300664e-07, 2.87784473585e-07, 2.12449307924e-07, 1.64068723052e-07], "var": [0.000150730265887, 1.92204952327e-05, 4.01063198296e-06, 1.04868570361e-06, 4.74287759289e-07, 2.12327179838e-07, 3.18114871334e-07, 3.45212413322e-07, 2.32496105923e-07, 2.28087202458e-07, 2.55353889145e-08, 1.84786102864e-07, 4.15687502198e-08, 2.9653500988e-08, 2.81301936411e-07, 7.5108106401e-09, 1.15880851581e-08, 9.82934000859e-09, 1.11131246427e-08, 1.25833476972e-08, 4.34038582853e-09, 2.07543049413e-09, 6.50660469947e-10, 6.43748609974e-10, 1.17118936771e-09, 6.19224893583e-10, 3.50315915165e-10, 2.98188501668e-10, 1.541047151e-10, 3.03266439738e-10, 2.11832412722e-10, 1.21641363648e-10, 1.61193017267e-10, 1.00697464256e-10, 3.44930958796e-11, 6.34020266843e-12, 2.31669588027e-12, 1.09910897658e-12, 5.35148151921e-13, 2.38973852642e-13], "dmean2": [0.00296173011884, 0.00164429377764, 0.00111930875573, 0.000546827912331, 0.000355540541932, 0.000237471584114, 0.000245933973929, 0.000201629096409, 0.000160492185387, 0.000140583637403, 7.58732130635e-05, 0.000111146109703, 6.35703254375e-05, 4.21656877734e-05, 6.84952465235e-05, 3.07741756842e-05, 3.03675042232e-05, 3.18282873195e-05, 2.74660869763e-05, 2.55794147961e-05, 1.79372564162e-05, 1.46330439748e-05, 8.17467116576e-06, 7.20505295249e-06, 8.43131965667e-06, 7.16583326721e-06, 5.47177296539e-06, 5.0660355555e-06, 3.85507246392e-06, 5.41374538443e-06, 4.66633036922e-06, 3.87411910197e-06, 3.640484465e-06, 2.65193625637e-06, 1.48611673012e-06, 7.5611990269e-07, 4.59043889123e-07, 3.37562198638e-07, 2.34020930634e-07, 1.69584367882e-07], "dvar": [3.12450465572e-05, 1.71538849827e-05, 5.54495181859e-06, 1.10177177248e-06, 4.53288095059e-07, 2.34671531985e-07, 2.72974432391e-07, 2.72317095096e-07, 1.60114794312e-07, 1.05100163239e-07, 2.19000941826e-08, 1.44398157431e-07, 3.66253765094e-08, 1.26985009175e-08, 8.6977479441e-08, 4.25317736585e-09, 5.10474551518e-09, 7.76816300174e-09, 7.7420754252e-09, 5.52298828893e-09, 2.45565812129e-09, 1.43729861346e-09, 4.5952602834e-10, 4.66143623701e-10, 8.67512006675e-10, 7.08595682131e-10, 4.3778070058e-10, 3.73922004471e-10, 1.26867474859e-10, 2.95333174583e-10, 1.92581353642e-10, 9.28132223854e-11, 1.43654449447e-10, 1.01429774302e-10, 3.46774935156e-11, 4.38465886862e-12, 1.72465470724e-12, 7.12606839856e-13, 3.71682285644e-13, 1.38410401304e-13], "min": [1.02758946335e-23, 1.02738917156e-23, 1.55388432715e-23, 1.08774294727e-23, 1.85389507138e-23, 2.43924422033e-23, 5.26139655422e-24, 1.18285969314e-23, 8.3029416766e-24, 1.12888180682e-23, 6.62800695908e-24, 6.83340661728e-24, 2.66705415466e-23, 2.25845591797e-23, 1.27555747594e-23, 3.63933366116e-24, 4.90712030498e-24, 1.42330717918e-23, 9.28401248568e-24, 1.00220794261e-23, 7.17624793327e-24, 5.42635170824e-24, 1.06637033876e-23, 1.36600006318e-23, 1.29898435713e-23, 8.60161467051e-24, 6.59252281228e-24, 1.72747316935e-23, 9.55921213449e-24, 9.02930744319e-24, 1.04613834424e-23, 1.05818148925e-23, 6.63054078031e-24, 1.00740156615e-23, 1.0581982131e-23, 8.86948106834e-24, 9.87644071461e-24, 1.34860946675e-23, 1.06385694903e-23, 1.2119144658e-23], "median": [2.80099848169e-05, 1.50373871293e-05, 1.84643467946e-05, 1.7704864149e-05, 1.01877876659e-05, 6.28379802947e-06, 5.81563563173e-06, 4.84158863401e-06, 5.29333647137e-06, 3.48494108948e-06, 2.01664306587e-06, 2.09193626688e-06, 1.4334223124e-06, 1.12358452498e-06, 1.10548069188e-06, 7.28847737719e-07, 5.74463513203e-07, 6.53763891023e-07, 7.9415417531e-07, 5.9865607227e-07, 3.04716223809e-07, 2.7782067491e-07, 3.80806028488e-07, 3.14023111514e-07, 1.78856183197e-07, 1.7168176214e-07, 1.66879658536e-07, 1.07010158956e-07, 8.19019589926e-08, 7.29124280952e-08, 7.41730303844e-08, 6.06782109003e-08, 4.17823251553e-08, 2.60536996421e-08, 1.73948286886e-08, 1.37847813164e-08, 1.10594369218e-08, 8.59736459802e-09, 6.45738573724e-09, 5.46521050637e-09], "max": [0.0628520473838, 0.0533797703683, 0.0270711891353, 0.0216795559973, 0.00981342606246, 0.00916121155024, 0.0125610791147, 0.0155443567783, 0.0105870142579, 0.00627518258989, 0.00326185673475, 0.00791633781046, 0.00413142889738, 0.00252299220301, 0.00630553113297, 0.00171938666608, 0.00253982935101, 0.00298140873201, 0.00268872198649, 0.00253645516932, 0.00149939127732, 0.00123004533816, 0.000700862903614, 0.00116902217269, 0.00140971294604, 0.000885104120243, 0.000916636665352, 0.000732486252673, 0.000329885224346, 0.000440096046077, 0.000422741024522, 0.000223082024604, 0.000350938586053, 0.000436123722466, 0.000263894122327, 6.99945812812e-05, 4.05323698942e-05, 2.29204670177e-05, 2.1380270482e-05, 8.8966498879e-06]}, "barkbands_crest": {"dmean": 3.37910580635, "dvar2": 28.1001186371, "mean": 13.0152254105, "var": 35.2750968933, "dmean2": 5.47637224197, "dvar": 10.9898710251, "min": 2.22130060196, "median": 12.428235054, "max": 26.829536438}, "mfcc": {"icov": [[8.53100937093e-05, -0.000109094275103, 0.000166736615938, -0.000350846821675, 0.000345570559148, -0.000337119650794, 0.000294630037388, -0.000175944413058, 0.000128137500724, -0.000116136172437, 9.90245534922e-05, -0.000142106393469, 8.87617279659e-05], [-0.000109094275103, 0.000403040437959, -0.000208023760933, 0.000631397182588, -0.000669933622703, 0.000484267889988, -0.000361187878298, 0.000221558104386, -0.000438467191998, 0.000386048224755, -0.000166176469065, 0.000238224529312, -0.000251328194281], [0.000166736615938, -0.000208023760933, 0.00123168772552, -0.00112390762661, 0.000719995354302, -0.000796132371761, 0.000355089112418, -0.000322096107993, 2.35538500419e-05, -0.000485794618726, -0.000123534031445, 4.4921067456e-05, -0.000215291845961], [-0.000350846821675, 0.000631397182588, -0.00112390762661, 0.00397625146434, -0.00220892159268, 0.000426827609772, -0.00097591674421, 0.000869426236022, -0.000159449846251, 0.000597474339884, -0.00125409208704, 0.00143366644625, 9.30723326746e-05], [0.000345570559148, -0.000669933622703, 0.000719995354302, -0.00220892159268, 0.00504875835031, -0.00298733287491, 0.000616883917246, -0.000206096301554, 0.000585730827879, -0.00204453617334, 0.00131187785883, -0.000623400323093, 5.56993763894e-05], [-0.000337119650794, 0.000484267889988, -0.000796132371761, 0.000426827609772, -0.00298733287491, 0.00800978112966, -0.00307530444115, 0.00108948932029, -0.00255354470573, 0.00203084177338, -0.00116067973431, 0.000557960011065, -0.000666059961077], [0.000294630037388, -0.000361187878298, 0.000355089112418, -0.00097591674421, 0.000616883917246, -0.00307530444115, 0.0100341821089, -0.00614592945203, 0.000604646047577, -0.00200075120665, 0.00120630546007, -0.00279449438676, 0.000902010709979], [-0.000175944413058, 0.000221558104386, -0.000322096107993, 0.000869426236022, -0.000206096301554, 0.00108948932029, -0.00614592945203, 0.0123355062678, -0.00643491698429, 0.00310386507772, -0.00324281072244, 0.00169710430782, -0.00236595468596], [0.000128137500724, -0.000438467191998, 2.35538500419e-05, -0.000159449846251, 0.000585730827879, -0.00255354470573, 0.000604646047577, -0.00643491698429, 0.0151893645525, -0.00611410150304, 0.00315326894633, -0.00384602951817, 0.00134181906469], [-0.000116136172437, 0.000386048224755, -0.000485794618726, 0.000597474339884, -0.00204453617334, 0.00203084177338, -0.00200075120665, 0.00310386507772, -0.00611410150304, 0.0158955100924, -0.0100007755682, 0.0037463309709, -0.00312237464823], [9.90245534922e-05, -0.000166176469065, -0.000123534031445, -0.00125409208704, 0.00131187785883, -0.00116067973431, 0.00120630546007, -0.00324281072244, 0.00315326894633, -0.0100007755682, 0.0215806979686, -0.011552949436, 0.00356773776002], [-0.000142106393469, 0.000238224529312, 4.4921067456e-05, 0.00143366644625, -0.000623400323093, 0.000557960011065, -0.00279449438676, 0.00169710430782, -0.00384602951817, 0.0037463309709, -0.011552949436, 0.023621654138, -0.00966355018318], [8.87617279659e-05, -0.000251328194281, -0.000215291845961, 9.30723326746e-05, 5.56993763894e-05, -0.000666059961077, 0.000902010709979, -0.00236595468596, 0.00134181906469, -0.00312237464823, 0.00356773776002, -0.00966355018318, 0.0193232614547]], "mean": [-821.295837402, 109.524497986, 4.91399478912, 18.0453586578, 0.3492590487, 7.55403709412, 0.895284354687, 3.91062378883, 4.19804477692, 2.94702887535, 2.32142210007, 0.354930281639, 1.02175462246], "cov": [[30305.5878906, 3465.15942383, -1952.46948242, 1099.45483398, -672.314880371, 323.594848633, -637.291015625, -219.680023193, -246.528411865, -326.693939209, -159.891799927, -141.738479614, -182.277786255], [3465.15942383, 4388.09619141, -119.286819458, -321.453460693, 227.647216797, 44.1333618164, 105.358276367, 125.797927856, 148.445129395, -6.88800573349, -6.75174808502, 55.4277000427, 70.270362854], [-1952.46948242, -119.286819458, 1433.89990234, 342.767944336, 171.973327637, 183.818862915, 168.19102478, 118.60168457, 118.855293274, 124.580276489, 101.430145264, 47.6627616882, 51.2387695312], [1099.45483398, -321.453460693, 342.767944336, 603.588378906, 185.253540039, 149.377349854, 38.0201225281, 0.887708723545, 10.4744186401, 40.4903373718, 36.1864395142, -14.0857973099, -13.2809810638], [-672.314880371, 227.647216797, 171.973327637, 185.253540039, 437.367462158, 172.870758057, 110.484947205, 54.3218460083, 71.6126480103, 73.860496521, 34.9429016113, 26.8881778717, 27.2218608856], [323.594848633, 44.1333618164, 183.818862915, 149.377349854, 172.870758057, 272.904541016, 135.597702026, 90.5200500488, 88.9000854492, 45.6592330933, 43.5187988281, 39.2533416748, 26.8784351349], [-637.291015625, 105.358276367, 168.19102478, 38.0201225281, 110.484947205, 135.597702026, 283.252288818, 184.550140381, 124.715591431, 75.4853515625, 67.4706268311, 73.1567687988, 47.3835830688], [-219.680023193, 125.797927856, 118.60168457, 0.887708723545, 54.3218460083, 90.5200500488, 184.550140381, 235.17956543, 132.314605713, 55.9868278503, 62.2648277283, 63.8749961853, 47.4130821228], [-246.528411865, 148.445129395, 118.855293274, 10.4744186401, 71.6126480103, 88.9000854492, 124.715591431, 132.314605713, 166.416473389, 76.3567428589, 52.3323669434, 56.9933319092, 37.1959609985], [-326.693939209, -6.88800573349, 124.580276489, 40.4903373718, 73.860496521, 45.6592330933, 75.4853515625, 55.9868278503, 76.3567428589, 139.655532837, 77.6929931641, 42.3039093018, 31.3719558716], [-159.891799927, -6.75174808502, 101.430145264, 36.1864395142, 34.9429016113, 43.5187988281, 67.4706268311, 62.2648277283, 52.3323669434, 77.6929931641, 112.886054993, 62.4961547852, 26.8077812195], [-141.738479614, 55.4277000427, 47.6627616882, -14.0857973099, 26.8881778717, 39.2533416748, 73.1567687988, 63.8749961853, 56.9933319092, 42.3039093018, 62.4961547852, 98.3869171143, 48.1947288513], [-182.277786255, 70.270362854, 51.2387695312, -13.2809810638, 27.2218608856, 26.8784351349, 47.3835830688, 47.4130821228, 37.1959609985, 31.3719558716, 26.8077812195, 48.1947288513, 80.2175369263]]}, "spectral_decrease": {"dmean": 3.28028737506e-09, "dvar2": 9.84349693498e-17, "mean": -8.07951838766e-09, "var": 1.76984741767e-16, "dmean2": 4.99653607378e-09, "dvar": 4.29702692731e-17, "min": -6.73520830219e-08, "median": -1.02074615427e-09, "max": 4.47012252137e-29}, "zerocrossingrate": {"dmean": 0.0127305015922, "dvar2": 0.000455210509244, "mean": 0.0536412186921, "var": 0.00290553970262, "dmean2": 0.0145617844537, "dvar": 0.000393318652641, "min": 0, "median": 0.03662109375, "max": 0.49609375}, "spectral_contrast_coeffs": {"dmean": [0.0594486482441, 0.0506948046386, 0.0381503924727, 0.0300904605538, 0.0236688647419, 0.0229463186115], "dvar2": [0.00752305146307, 0.00507431896403, 0.00257251039147, 0.00187640404329, 0.00121282949112, 0.00141250935849], "mean": [-0.705788075924, -0.782296359539, -0.811807513237, -0.825344324112, -0.829529166222, -0.787835359573], "var": [0.017396742478, 0.010532874614, 0.00642858678475, 0.00491518853232, 0.00305681535974, 0.00379611481912], "dmean2": [0.0932031795382, 0.0799920335412, 0.0596634373069, 0.0472646839917, 0.0364522524178, 0.034102011472], "dvar": [0.00369956996292, 0.00234499247745, 0.0011784969829, 0.000891642295755, 0.000588485330809, 0.000709792249836], "min": [-0.96505022049, -0.964314103127, -0.968349814415, -0.976064801216, -0.961160600185, -0.961137413979], "median": [-0.738666474819, -0.807937800884, -0.832210183144, -0.842017412186, -0.836650848389, -0.795090317726], "max": [-0.248953968287, -0.335047543049, -0.455075472593, -0.484072178602, -0.593076944351, -0.554950237274]}, "spectral_skewness": {"dmean": 0.434902012348, "dvar2": 0.726193070412, "mean": 2.0217962265, "var": 1.31526625156, "dmean2": 0.680190980434, "dvar": 0.300720185041, "min": 0.0216941796243, "median": 1.66701054573, "max": 9.89279556274}, "spectral_energyband_middle_high": {"dmean": 0.00178727600724, "dvar2": 5.51020493731e-05, "mean": 0.00321855721995, "var": 7.2853792517e-05, "dmean2": 0.00254933908582, "dvar": 2.63379697572e-05, "min": 1.54856359288e-21, "median": 0.000246273819357, "max": 0.0964537188411}, "gfcc": {"icov": [[3.05801004288e-05, -8.25147071737e-05, 6.50038782624e-05, -0.000134475412779, 3.44664185832e-05, 2.84587567876e-05, -5.58789251954e-05, 6.2870808506e-06, 4.08474152209e-05, -9.07722278498e-05, 0.000172059575561, -0.000229683428188, 7.21787000657e-05], [-8.25147071737e-05, 0.00110115809366, -0.000421479839133, 0.00098363799043, -0.000609964015894, 5.19838176842e-05, 0.000296652753605, 0.00054562225705, -0.000535383471288, 0.00133611203637, -0.00118257547729, 0.00157088541891, -0.00100709020626], [6.50038782624e-05, -0.000421479839133, 0.000891473086085, -0.000766622077208, 6.01531792199e-05, 2.17940851144e-05, -0.000578335486352, -0.000124632686493, -7.80005211709e-06, -0.000769301026594, 0.000720032025129, -0.00106003519613, 0.000224065690418], [-0.000134475412779, 0.00098363799043, -0.000766622077208, 0.00228984071873, -0.00063048658194, -0.000521947746165, 0.000981793622486, 0.000397850060835, 0.000100960496638, 0.000270992517471, -0.000777210632805, 0.00161777040921, -0.000595627294388], [3.44664185832e-05, -0.000609964015894, 6.01531792199e-05, -0.00063048658194, 0.00232579256408, -0.00102098216303, -0.000659280165564, -0.000147548693349, -0.000414452078985, -4.99361340189e-05, 0.000400082004489, -0.000276879087323, 0.000172737927642], [2.84587567876e-05, 5.19838176842e-05, 2.17940851144e-05, -0.000521947746165, -0.00102098216303, 0.00567174702883, -0.00193047861103, -0.000933242146857, 0.000618346966803, -0.0011572180083, 0.000981230288744, -0.000899951497559, 7.54584470997e-05], [-5.58789251954e-05, 0.000296652753605, -0.000578335486352, 0.000981793622486, -0.000659280165564, -0.00193047861103, 0.00581783568487, -0.0023896144703, -0.00133291783277, 0.00194693123922, -0.00159931508824, -0.000377277319785, -0.000660886114929], [6.2870808506e-06, 0.00054562225705, -0.000124632686493, 0.000397850060835, -0.000147548693349, -0.000933242146857, -0.0023896144703, 0.00847381260246, -0.00192166178022, -0.000863852153998, -0.000358156132279, -0.00103358586784, 0.00135872967076], [4.08474152209e-05, -0.000535383471288, -7.80005211709e-06, 0.000100960496638, -0.000414452078985, 0.000618346966803, -0.00133291783277, -0.00192166178022, 0.010034320876, -0.00421901233494, -0.00208262982778, 0.00202500144951, -0.00245212810114], [-9.07722278498e-05, 0.00133611203637, -0.000769301026594, 0.000270992517471, -4.99361340189e-05, -0.0011572180083, 0.00194693123922, -0.000863852153998, -0.00421901233494, 0.0135323274881, -0.00419461075217, -0.000129583087983, 0.00137428415474], [0.000172059575561, -0.00118257547729, 0.000720032025129, -0.000777210632805, 0.000400082004489, 0.000981230288744, -0.00159931508824, -0.000358156132279, -0.00208262982778, -0.00419461075217, 0.0128090344369, -0.00268056686036, -0.00200913124718], [-0.000229683428188, 0.00157088541891, -0.00106003519613, 0.00161777040921, -0.000276879087323, -0.000899951497559, -0.000377277319785, -0.00103358586784, 0.00202500144951, -0.000129583087983, -0.00268056686036, 0.0146103985608, -0.00464083999395], [7.21787000657e-05, -0.00100709020626, 0.000224065690418, -0.000595627294388, 0.000172737927642, 7.54584470997e-05, -0.000660886114929, 0.00135872967076, -0.00245212810114, 0.00137428415474, -0.00200913124718, -0.00464083999395, 0.0141050051898]], "mean": [-205.6796875, 91.8322982788, -108.94631958, 20.6736488342, -51.7620544434, 10.6617050171, -26.2421398163, 7.32199621201, -15.7028999329, 5.22722387314, -13.0676689148, 1.20673668385, -6.25796985626], "cov": [[53358.6054688, -237.176010132, -1524.95239258, 2504.17773438, -454.712738037, -230.228881836, -764.235839844, -568.352539062, -818.302856445, -160.293762207, -750.525695801, 280.43661499, -275.54901123], [-237.176010132, 3286.71582031, 150.769729614, -1069.36535645, 552.67401123, -106.631584167, 231.650817871, -101.926170349, 281.416564941, -208.902313232, 239.257461548, -139.362991333, 260.310089111], [-1524.95239258, 150.769729614, 2133.79467773, 481.811767578, 402.926239014, 283.944976807, 348.669219971, 193.644088745, 154.328186035, 137.183029175, 62.1840629578, 118.642440796, 57.6045455933], [2504.17773438, -1069.36535645, 481.811767578, 1213.40270996, 20.2440624237, 117.629432678, -138.634353638, -12.8482093811, -116.706115723, 93.5576858521, -109.578643799, 27.0912590027, -87.8156051636], [-454.712738037, 552.67401123, 402.926239014, 20.2440624237, 765.952636719, 221.134216309, 265.456420898, 110.208572388, 139.995742798, 15.1822214127, 73.2005691528, 18.6246871948, 66.9133377075], [-230.228881836, -106.631584167, 283.944976807, 117.629432678, 221.134216309, 327.108215332, 201.252441406, 125.024353027, 51.8803634644, 52.2506065369, 19.832775116, 54.3993682861, 11.6012582779], [-764.235839844, 231.650817871, 348.669219971, -138.634353638, 265.456420898, 201.252441406, 447.513000488, 188.604598999, 147.993774414, 31.3089561462, 99.2860870361, 64.9046325684, 65.7050857544], [-568.352539062, -101.926170349, 193.644088745, -12.8482093811, 110.208572388, 125.024353027, 188.604598999, 230.463378906, 90.9845733643, 59.3649673462, 49.436050415, 48.5170860291, 9.66853904724], [-818.302856445, 281.416564941, 154.328186035, -116.706115723, 139.995742798, 51.8803634644, 147.993774414, 90.9845733643, 219.038085938, 60.4093856812, 99.938621521, 5.04689598083, 61.1676864624], [-160.293762207, -208.902313232, 137.183029175, 93.5576858521, 15.1822214127, 52.2506065369, 31.3089561462, 59.3649673462, 60.4093856812, 135.471755981, 40.9090309143, 26.7614803314, -5.10588550568], [-750.525695801, 239.257461548, 62.1840629578, -109.578643799, 73.2005691528, 19.832775116, 99.2860870361, 49.436050415, 99.938621521, 40.9090309143, 152.693695068, 20.0874252319, 55.9429664612], [280.43661499, -139.362991333, 118.642440796, 27.0912590027, 18.6246871948, 54.3993682861, 64.9046325684, 48.5170860291, 5.04689598083, 26.7614803314, 20.0874252319, 113.127670288, 24.0747356415], [-275.54901123, 260.310089111, 57.6045455933, -87.8156051636, 66.9133377075, 11.6012582779, 65.7050857544, 9.66853904724, 61.1676864624, -5.10588550568, 55.9429664612, 24.0747356415, 114.556243896]]}, "erbbands_spread": {"dmean": 10.26816082, "dvar2": 332.801940918, "mean": 34.8664016724, "var": 729.274780273, "dmean2": 15.7831106186, "dvar": 155.349273682, "min": 1.42128908634, "median": 27.6639728546, "max": 156.685806274}, "erbbands_kurtosis": {"dmean": 2.04050779343, "dvar2": 20.7329235077, "mean": 2.28086543083, "var": 22.7032032013, "dmean2": 3.15375375748, "dvar": 9.38654136658, "min": -1.85922253132, "median": 0.621008872986, "max": 64.4391937256}, "dynamic_complexity": 11.8856105804, "erbbands_crest": {"dmean": 3.09181070328, "dvar2": 22.2183094025, "mean": 10.6609840393, "var": 34.2034950256, "dmean2": 4.85557842255, "dvar": 10.0873699188, "min": 2.32906508446, "median": 8.96881866455, "max": 31.1060791016}, "erbbands": {"dmean": [0.277840912342, 1.04714167118, 1.82213568687, 3.41285252571, 4.57004261017, 5.46758365631, 5.84657239914, 6.14675474167, 10.1979637146, 11.3287220001, 12.0441179276, 15.0338926315, 9.5245513916, 17.5172176361, 9.043384552, 16.3660907745, 12.4135150909, 9.9847574234, 11.3873357773, 11.8443183899, 9.42453193665, 7.88665533066, 5.2294549942, 6.29784011841, 5.41322517395, 4.64874124527, 4.52302217484, 5.41257047653, 4.31367444992, 3.41941571236, 1.50777804852, 0.573387444019, 0.301677793264, 0.146672829986, 0.0750700309873, 0.0278893318027, 0.00951293483377, 0.00153310492169, 0.000142198943649, 1.66474983416e-05], "dvar2": [1.72086262703, 34.3764572144, 152.879257202, 529.300109863, 643.585693359, 673.213989258, 899.501403809, 1263.22106934, 3546.00708008, 5524.97753906, 5520.65429688, 5318.55908203, 2141.98510742, 24450.6875, 3926.3449707, 11005.703125, 3476.90576172, 2662.03393555, 7556.97363281, 7622.12011719, 3164.26904297, 1828.5949707, 1079.35900879, 2603.72338867, 2343.61669922, 2273.99023438, 899.269592285, 1532.75256348, 686.005615234, 850.238586426, 178.849441528, 13.3075914383, 2.58744978905, 0.540427446365, 0.0791035816073, 0.0109859965742, 0.00151111232117, 3.2864179957e-05, 3.508048394e-07, 2.17051399076e-09], "mean": [0.771780312061, 1.49085664749, 1.67660105228, 2.58118009567, 4.17831325531, 5.68463993073, 6.18583774567, 6.34771490097, 12.7992067337, 13.1115140915, 15.1416730881, 21.5327014923, 11.832865715, 21.8813247681, 11.8987522125, 28.4050617218, 19.8347377777, 13.8682365417, 14.3174781799, 16.5132675171, 13.786318779, 10.2283143997, 7.15665245056, 7.97651958466, 6.56726932526, 5.75021362305, 5.73575925827, 6.42239189148, 5.15607404709, 3.93048477173, 1.86506724358, 0.762504339218, 0.39319139719, 0.209479808807, 0.104877717793, 0.0372485816479, 0.011383285746, 0.00206209206954, 0.000183072173968, 3.95667557314e-05], "var": [3.39132404327, 20.1421718597, 56.7580909729, 123.523124695, 244.997848511, 252.617752075, 355.282226562, 405.658569336, 1600.91894531, 2531.49707031, 3382.12890625, 5575.75, 1095.78161621, 12761.5478516, 1836.06604004, 20791.21875, 4872.79785156, 3054.34741211, 3865.27270508, 6675.03613281, 3494.6340332, 1340.39892578, 597.474487305, 1522.18200684, 809.666809082, 653.049255371, 463.916046143, 656.001831055, 398.027740479, 367.840454102, 77.9887161255, 8.4472990036, 1.91889238358, 0.418063461781, 0.0749402940273, 0.00933846086264, 0.000867669878062, 2.45732680924e-05, 2.49474169323e-07, 3.69927399824e-09], "dmean2": [0.419117003679, 1.66011250019, 2.99444317818, 6.06755781174, 7.65932273865, 9.04889011383, 9.59555435181, 10.463842392, 16.6289520264, 18.3190174103, 18.8553962708, 22.9351768494, 15.3612318039, 28.0021972656, 14.3133153915, 21.1185436249, 17.4790267944, 15.3360109329, 18.1958961487, 18.4311027527, 14.6766376495, 11.9757184982, 7.80284881592, 9.78883075714, 8.38803195953, 7.36942529678, 6.58315420151, 8.20524311066, 6.5444188118, 5.19035243988, 2.26309347153, 0.847281455994, 0.435307234526, 0.214338824153, 0.108315251768, 0.0414885096252, 0.014749663882, 0.00232759490609, 0.0002255855361, 2.47701718763e-05], "dvar": [0.691336870193, 14.1296854019, 63.3263587952, 190.249069214, 266.306243896, 258.327453613, 356.359771729, 467.045776367, 1393.55004883, 2148.53540039, 2330.91162109, 2671.82666016, 848.301879883, 9871.54785156, 1562.50170898, 6601.38818359, 1807.2088623, 1194.78015137, 2811.06152344, 3279.09155273, 1384.78857422, 817.288085938, 442.708618164, 1132.42370605, 898.264892578, 836.784240723, 385.160217285, 615.838562012, 301.054229736, 346.874176025, 73.0431213379, 5.77776765823, 1.19164168835, 0.252409338951, 0.0392701849341, 0.00525053776801, 0.000655098294374, 1.51291960719e-05, 1.52863904646e-07, 9.93391702231e-10], "min": [1.29486582478e-21, 3.22964289313e-21, 2.37986986971e-20, 1.06178273445e-19, 5.60289366196e-20, 3.1840280748e-19, 4.41169386778e-19, 1.22266507259e-18, 3.19973442517e-19, 1.1368512879e-18, 1.00611952799e-18, 1.6247002861e-18, 1.4178138329e-18, 2.20765179029e-18, 8.78882626842e-18, 6.25016305997e-18, 2.96346119164e-18, 2.89160732055e-18, 8.43987929983e-18, 7.46732169462e-18, 6.27898492764e-18, 6.51265476529e-18, 1.31555408462e-17, 1.58823971566e-17, 1.09438724737e-17, 2.10996204946e-17, 1.39679273335e-17, 1.86972547308e-17, 1.74205163446e-17, 1.65012258621e-17, 1.83088537286e-17, 1.69016193289e-17, 1.85071851697e-17, 1.34975444608e-17, 9.14201584637e-18, 5.86243538273e-18, 3.3220518454e-18, 1.29275405045e-18, 3.702494026e-19, 4.10802836859e-20], "median": [0.00253324909136, 0.0109791774303, 0.0272685196251, 0.0838649272919, 0.198405742645, 0.242756903172, 0.275756597519, 0.323360651731, 0.394335001707, 0.523872256279, 0.723474860191, 0.658843994141, 0.58290708065, 0.56187582016, 0.465003281832, 0.475820720196, 0.519669651985, 0.382927417755, 0.47721645236, 0.564429581165, 0.346235722303, 0.309614062309, 0.44953161478, 0.265119045973, 0.266481846571, 0.197555869818, 0.136463105679, 0.135550841689, 0.104312419891, 0.0604428909719, 0.0323855467141, 0.0204521287233, 0.0124060735106, 0.00709474552423, 0.00370793580078, 0.00138481392059, 0.000600797357038, 0.000138211675221, 1.6419984604e-05, 7.38588960303e-06], "max": [9.32739448547, 43.7848587036, 113.538536072, 168.398788452, 338.392822266, 249.688293457, 347.544250488, 421.978881836, 921.893798828, 1298.96337891, 1286.05480957, 930.189575195, 574.750976562, 2123.87426758, 1395.01623535, 1692.38513184, 704.054504395, 1261.04333496, 1929.13989258, 2108.00146484, 1091.20690918, 827.666931152, 770.667602539, 1605.23730469, 1067.24694824, 1164.82885742, 539.177429199, 749.942260742, 424.535491943, 752.838439941, 380.484100342, 68.1112365723, 30.4109592438, 14.805346489, 4.14198684692, 1.3689135313, 0.328687727451, 0.0575684644282, 0.00744075793773, 0.000341803504853]}, "silence_rate_30dB": {"dmean": 0.039098739624, "dvar2": 0.0830252617598, "mean": 0.870299816132, "var": 0.112880595028, "dmean2": 0.0782104358077, "dvar": 0.0375680327415, "min": 0, "median": 1, "max": 1}, "silence_rate_60dB": {"dmean": 0.0801855549216, "dvar2": 0.149262681603, "mean": 0.448898464441, "var": 0.247398331761, "dmean2": 0.160397678614, "dvar": 0.0737586691976, "min": 0, "median": 0, "max": 1}, "spectral_energyband_middle_low": {"dmean": 0.00448561180383, "dvar2": 0.00028728984762, "mean": 0.00594635913149, "var": 0.000161144751473, "dmean2": 0.00698276469484, "dvar": 0.000121557452076, "min": 3.79761274844e-22, "median": 0.000633423682302, "max": 0.126460134983}, "spectral_spread": {"dmean": 689713, "dvar2": 2725496487940.0, "mean": 4210842, "var": 4086303555580.0, "dmean2": 1043212.6875, "dvar": 1258629365760.0, "min": 641380.75, "median": 4003858.5, "max": 41041532}, "barkbands": {"dmean": [0.00301566137932, 0.00556839443743, 0.00161012774333, 0.0013838527957, 0.00153091060929, 0.000709548301529, 0.000726696453057, 0.000557709019631, 0.000615088269114, 0.000346241431544, 0.000402858160669, 0.000437432405306, 0.000208162411582, 0.000214904619497, 0.000219849811401, 0.000199384594453, 0.000149984756717, 9.97346287477e-05, 0.000118599724374, 9.926412