{"tonal": {"chords_key": "C", "hpcp_entropy": {"dmean": 0.563761472702, "dmean2": 0.936827898026, "max": 4.1401424408, "dvar": 0.249604418874, "mean": 1.90127408504, "dvar2": 0.648709356785, "min": 0, "var": 0.500391483307, "median": 1.92231273651}, "key_key": "C", "chords_strength": {"dmean": 0.00719757378101, "dmean2": 0.00697233853862, "max": 0.757086038589, "dvar": 3.86338833778e-05, "mean": 0.5626065135, "dvar2": 4.43326971435e-05, "min": 0.275059074163, "var": 0.00599739281461, "median": 0.567674815655}, "key_scale": "minor", "chords_number_rate": 0.00156592542771, "thpcp": [1, 0.575340330601, 0.385394275188, 0.480400919914, 0.310226380825, 0.177623599768, 0.166478797793, 0.178937643766, 0.320439398289, 0.415906757116, 0.270908981562, 0.143865033984, 0.143068015575, 0.232345148921, 0.715655684471, 0.901558816433, 0.445089876652, 0.21411973238, 0.202449023724, 0.155919507146, 0.229689761996, 0.347919434309, 0.316784709692, 0.444207638502, 0.541666328907, 0.341214239597, 0.252929508686, 0.225756049156, 0.183128610253, 0.296503901482, 0.374006927013, 0.292233735323, 0.222037643194, 0.189548254013, 0.208720952272, 0.675268054008], "key_strength": 0.80813652277, "tuning_nontempered_energy_ratio": 0.656985223293, "tuning_frequency": 440.254241943, "chords_changes_rate": 0.0371124334633, "tuning_diatonic_strength": 0.606019556522, "chords_scale": "minor", "chords_histogram": [51.7068595886, 2.53679919243, 3.82085824013, 1.9417475462, 0, 0.281866580248, 0, 21.3435649872, 0, 1.44065141678, 0.0156592540443, 0, 0, 0, 1.87911057472, 0, 0, 0.156592547894, 0, 0, 0, 1.34669589996, 1.29971814156, 12.2298774719], "tuning_equal_tempered_deviation": 0.0443041436374, "hpcp": {"dmean": [0.0751546993852, 0.0711355209351, 0.0914969965816, 0.103415824473, 0.0916250273585, 0.0697963535786, 0.0686941891909, 0.0982678234577, 0.167905136943, 0.182424798608, 0.134269356728, 0.0928517207503, 0.0858296230435, 0.0792696177959, 0.0906167849898, 0.113297387958, 0.118283629417, 0.13349352777, 0.132841691375, 0.112015359104, 0.0979432463646, 0.0927993878722, 0.092687278986, 0.123745791614, 0.129327341914, 0.107997916639, 0.104994155467, 0.102903038263, 0.109144672751, 0.165162697434, 0.195919662714, 0.157783269882, 0.12239356339, 0.11672526598, 0.100867256522, 0.0832053348422], "dmean2": [0.135077685118, 0.125793859363, 0.156788498163, 0.176925733685, 0.160215735435, 0.126022949815, 0.123036399484, 0.174706250429, 0.277523458004, 0.304838240147, 0.231023609638, 0.168114438653, 0.157882004976, 0.146547690034, 0.161195546389, 0.195184543729, 0.207510083914, 0.226795375347, 0.223338574171, 0.196153134108, 0.172274917364, 0.163445979357, 0.16604976356, 0.21972964704, 0.225224643946, 0.191087275743, 0.189832344651, 0.187788844109, 0.197782188654, 0.28271701932, 0.328129768372, 0.271751761436, 0.212748318911, 0.201387196779, 0.175966054201, 0.150062784553], "max": [1, 1, 1, 1, 1, 1, 1, 1, 1, 1, 1, 1, 1, 1, 1, 1, 1, 1, 1, 1, 1, 1, 1, 1, 1, 1, 1, 1, 1, 1, 1, 1, 1, 1, 1, 1], "dvar": [0.0261143241078, 0.0198262631893, 0.0240688789636, 0.0336312241852, 0.0300800446421, 0.0233393497765, 0.0212648548186, 0.0289786010981, 0.0437038354576, 0.0546453297138, 0.0339661389589, 0.0317760109901, 0.0338996499777, 0.0288678817451, 0.0281381458044, 0.0358473397791, 0.0337006859481, 0.0409446619451, 0.0439715199172, 0.0327176861465, 0.0307404734194, 0.0302290767431, 0.0314971283078, 0.0416630506516, 0.0415786877275, 0.0366353020072, 0.040217589587, 0.0419829487801, 0.0396592319012, 0.0398147776723, 0.0522690750659, 0.0384443439543, 0.0368474721909, 0.0399673096836, 0.0294587928802, 0.0290288366377], "mean": [0.0705808997154, 0.0758629888296, 0.135854542255, 0.176329195499, 0.114855460823, 0.0609934926033, 0.0606555826962, 0.0985058099031, 0.303411722183, 0.382227838039, 0.188701763749, 0.090778902173, 0.0858309492469, 0.066104143858, 0.0973800271749, 0.147505059838, 0.134305089712, 0.188327729702, 0.229646623135, 0.144662305713, 0.107232823968, 0.095712274313, 0.0776398032904, 0.125706762075, 0.158565208316, 0.123896367848, 0.0941358059645, 0.0803615003824, 0.0884900167584, 0.28628885746, 0.423963278532, 0.243923172355, 0.16339302063, 0.203672349453, 0.131524592638, 0.0753058865666], "dvar2": [0.072150953114, 0.0546160526574, 0.0621620826423, 0.0805779546499, 0.0806980654597, 0.0651586353779, 0.0586723797023, 0.080101005733, 0.103717677295, 0.12312168628, 0.0921036303043, 0.0886885151267, 0.0932899042964, 0.0797241404653, 0.079058162868, 0.0942772328854, 0.092137336731, 0.103807739913, 0.104938104749, 0.0901003926992, 0.0829540789127, 0.0819321423769, 0.0866341069341, 0.112809807062, 0.110526800156, 0.0998513177037, 0.108898460865, 0.11445274204, 0.110223144293, 0.107556469738, 0.125713840127, 0.106230333447, 0.0986116155982, 0.100424900651, 0.0808826610446, 0.080364741385], "min": [0, 0, 0, 0, 0, 0, 0, 0, 0, 0, 0, 0, 0, 0, 0, 0, 0, 0, 0, 0, 0, 0, 0, 0, 0, 0, 0, 0, 0, 0, 0, 0, 0, 0, 0, 0], "var": [0.0218699276447, 0.0180250722915, 0.0388639383018, 0.0762943774462, 0.0409290082753, 0.0190119296312, 0.0185201242566, 0.0269896797836, 0.0966416746378, 0.131955265999, 0.0443293191493, 0.0351232886314, 0.0407217368484, 0.0226407963783, 0.0263122338802, 0.0491230413318, 0.0375344790518, 0.0725831463933, 0.10193118453, 0.0405254326761, 0.0363816618919, 0.0288537796587, 0.0252309199423, 0.0412689708173, 0.0550046265125, 0.0429064966738, 0.0362437255681, 0.0317238532007, 0.0307206325233, 0.0682257413864, 0.120212890208, 0.0508186556399, 0.0589361526072, 0.0975981503725, 0.0403891801834, 0.0229232721031], "median": [0.0198890715837, 0.0304299071431, 0.0555008128285, 0.0546663291752, 0.0305505972356, 0.0149843990803, 0.0136607810855, 0.034266859293, 0.166984289885, 0.227894753218, 0.105242758989, 0.0211477987468, 0.0155041571707, 0.0142119415104, 0.034094132483, 0.0530449710786, 0.0525905936956, 0.0543281249702, 0.060848325491, 0.05523943156, 0.0346702039242, 0.0311702415347, 0.0201925523579, 0.0383891165257, 0.0511196516454, 0.0401183962822, 0.0198648422956, 0.0134517289698, 0.0236172527075, 0.196600690484, 0.317019164562, 0.169962853193, 0.0459519736469, 0.0380487814546, 0.0363148674369, 0.0241812039167]}}, "lowlevel": {"melbands_flatness_db": {"dmean": 0.0212129764259, "dmean2": 0.032027810812, "max": 0.574224889278, "dvar": 0.000490757462103, "mean": 0.22140224278, "dvar2": 0.00103835819755, "min": 0.00755572179332, "var": 0.00531944306567, "median": 0.20176152885}, "melbands_crest": {"dmean": 2.69365763664, "dmean2": 4.39274024963, "max": 29.1541843414, "dvar": 6.54414987564, "mean": 12.8666238785, "dvar2": 17.249628067, "min": 2.43007564545, "var": 16.0422458649, "median": 12.4188804626}, "spectral_entropy": {"dmean": 0.137303546071, "dmean2": 0.199585273862, "max": 9.80540847778, "dvar": 0.0215779300779, "mean": 7.33430099487, "dvar2": 0.0411997288465, "min": 4.61738538742, "var": 0.215407669544, "median": 7.45371961594}, "melbands": {"dmean": [0.000910098140594, 0.00159908295609, 0.00123075803276, 0.000519890687428, 0.000217635199078, 0.00026980045368, 0.000223128125072, 0.000218099972699, 0.000168478814885, 0.000166586629348, 0.000170446714037, 4.41464144387e-05, 6.23718369752e-05, 3.62485952792e-05, 2.83127446892e-05, 1.76742269105e-05, 4.24252611992e-05, 3.19576611219e-05, 2.15643303818e-05, 2.07342945941e-05, 2.17724245886e-05, 2.82051660179e-05, 1.2405630514e-05, 7.53363156036e-06, 1.25297483464e-05, 8.42859481054e-06, 4.46586636826e-06, 1.75825800852e-06, 1.40253553127e-06, 1.07489552192e-06, 1.22360791011e-06, 1.08108724817e-06, 9.67397568274e-07, 5.9629610405e-07, 4.36620325672e-07, 3.71961533574e-07, 2.76226046481e-07, 2.36908093143e-07, 2.2158646118e-07, 1.87233709426e-07], "dmean2": [0.00153849110939, 0.00264382781461, 0.00203088275157, 0.000861512380652, 0.000365835410776, 0.000445649056928, 0.000357961369446, 0.000336498080287, 0.000265692186076, 0.000260696426267, 0.000262679997832, 7.08738880348e-05, 9.90469925455e-05, 5.75008743908e-05, 4.56215057056e-05, 2.85581991193e-05, 6.81879027979e-05, 5.16363797942e-05, 3.38165846188e-05, 3.32900781359e-05, 3.50707523467e-05, 4.48139107903e-05, 2.02157025342e-05, 1.22638575704e-05, 2.04159750865e-05, 1.38877539939e-05, 7.20815296518e-06, 2.84500288217e-06, 2.29636202675e-06, 1.71153021711e-06, 1.9060263412e-06, 1.67860764577e-06, 1.49797926952e-06, 9.13277006021e-07, 6.7600700504e-07, 5.65687457765e-07, 4.17386956997e-07, 3.55034757149e-07, 3.33625138182e-07, 2.8141963071e-07], "max": [0.0205660462379, 0.0364855863154, 0.0339466892183, 0.0153676616028, 0.00663072708994, 0.0117175104097, 0.00924720894545, 0.0108731165528, 0.0118114901707, 0.0168734993786, 0.00752870226279, 0.00487195653841, 0.00474220467731, 0.00277772592381, 0.00227858428843, 0.00208130874671, 0.00164752302226, 0.00214708293788, 0.0010438321624, 0.000798271910753, 0.0014041227987, 0.00135495793074, 0.000615442928392, 0.000272949546343, 0.00065391510725, 0.000296442303807, 0.000244869821472, 8.53132660268e-05, 5.71881100768e-05, 3.50954214809e-05, 5.74390323891e-05, 3.36688353855e-05, 2.86731374217e-05, 2.04392781598e-05, 2.53409234574e-05, 4.08877785958e-05, 4.14905771322e-05, 4.10528082284e-05, 3.83785081794e-05, 5.17895714438e-05], "dvar": [4.2580140871e-06, 7.84745770943e-06, 5.59541285838e-06, 1.27629641611e-06, 2.18646277972e-07, 2.54231366625e-07, 1.16953295048e-07, 1.18235149671e-07, 1.76022268761e-07, 2.09256370454e-07, 1.00367152811e-07, 1.14962217523e-08, 2.16601439007e-08, 5.64960789262e-09, 3.6706198081e-09, 3.79036935172e-09, 6.65498500751e-09, 4.81928141838e-09, 1.87319337819e-09, 1.36359690206e-09, 2.03216221628e-09, 3.38012551282e-09, 7.11892433891e-10, 1.79061473982e-10, 1.02233710386e-09, 2.22111551373e-10, 5.66030000648e-11, 9.32265462744e-12, 5.27888887117e-12, 4.13277094838e-12, 4.63711968129e-12, 3.75836818264e-12, 3.16164065414e-12, 1.1229085153e-12, 7.77734593307e-13, 1.3264949035e-12, 1.15248685161e-12, 8.62884741958e-13, 1.15449880558e-12, 1.5537278495e-12], "mean": [0.00114085676614, 0.0028347382322, 0.00209617521614, 0.000706088438164, 0.000327990826918, 0.000516737636644, 0.000496933411341, 0.000431590597145, 0.000291782314889, 0.000340529426467, 0.000346630171407, 8.50498836371e-05, 0.000113239577331, 7.1874295827e-05, 5.12977858307e-05, 2.79726900771e-05, 6.55824042042e-05, 5.3389409004e-05, 3.83824517485e-05, 3.53956856998e-05, 3.81247446057e-05, 5.32406920684e-05, 2.25443909585e-05, 1.52570437422e-05, 2.33082882914e-05, 1.66822501342e-05, 8.96677101991e-06, 3.49481388184e-06, 2.84572138298e-06, 2.04256070901e-06, 2.47960201705e-06, 2.12150689549e-06, 1.78271852747e-06, 1.13034957394e-06, 8.43005409479e-07, 7.00659938957e-07, 5.06048763782e-07, 4.07212439768e-07, 3.64314047374e-07, 2.80152306686e-07], "dvar2": [1.13813803182e-05, 2.13319162867e-05, 1.46629390656e-05, 3.345227924e-06, 5.96245286033e-07, 6.82194411183e-07, 3.01028649119e-07, 2.68257622338e-07, 4.33132015587e-07, 4.8465119562e-07, 2.52733372008e-07, 2.61474433216e-08, 5.27682182394e-08, 1.32287647503e-08, 9.01596663994e-09, 9.04029651139e-09, 1.60993280929e-08, 1.18173382191e-08, 4.1894523406e-09, 3.30768346046e-09, 5.14382847427e-09, 7.8655171265e-09, 1.87386683947e-09, 4.5114531555e-10, 2.49832554644e-09, 5.77919989642e-10, 1.36247138571e-10, 2.25742202709e-11, 1.35982050273e-11, 1.03235978793e-11, 1.07928596615e-11, 8.30269186736e-12, 6.87809227976e-12, 2.40159433139e-12, 1.74486553678e-12, 2.86874278672e-12, 2.43938137919e-12, 1.88620430039e-12, 2.54504035034e-12, 3.58129541647e-12], "min": [7.69382509521e-24, 5.90345241714e-24, 1.43284957596e-24, 6.48111395878e-24, 2.21930506679e-23, 1.46438537533e-23, 3.59547023382e-24, 2.78486871648e-24, 1.16315465771e-23, 8.25263128351e-24, 5.11431383288e-24, 6.42306484021e-24, 9.58753224099e-24, 4.39136186186e-24, 6.96783245984e-24, 9.51990713989e-24, 8.40468501185e-24, 6.88460447889e-24, 1.20268392546e-23, 1.50657775862e-23, 1.1942066684e-23, 1.1482985136e-23, 1.2108034341e-23, 6.98593287331e-24, 8.76775824348e-24, 4.52818663042e-24, 6.67497652624e-24, 9.59750107625e-24, 1.67828911186e-23, 1.36820982035e-23, 6.98215580729e-24, 9.12263047713e-24, 8.67149118063e-24, 9.13190984796e-24, 8.19387534556e-24, 9.70016737876e-24, 1.16309273213e-23, 9.41770626532e-24, 9.42554596499e-24, 1.14788783261e-23], "var": [3.79015273211e-06, 9.69084885583e-06, 6.01775309406e-06, 1.21625100746e-06, 2.22948571604e-07, 3.70199131794e-07, 2.91425777732e-07, 2.71409305697e-07, 2.77305616692e-07, 8.84629798747e-07, 2.52308069548e-07, 3.50169528929e-08, 4.82049635764e-08, 1.46245415777e-08, 7.88788057093e-09, 7.08822023299e-09, 1.05530473249e-08, 8.95862761752e-09, 4.26940482967e-09, 2.7779287759e-09, 4.11210487883e-09, 8.80929551528e-09, 1.45225487191e-09, 4.58837273731e-10, 2.23486562589e-09, 4.93248275557e-10, 1.38256225912e-10, 2.18433448412e-11, 1.04545721039e-11, 6.46650007846e-12, 9.45750682629e-12, 7.53349899824e-12, 5.73624654721e-12, 2.07441507548e-12, 1.40456363987e-12, 2.18923707287e-12, 1.83200872007e-12, 1.24611638282e-12, 1.59811313488e-12, 2.02553338685e-12], "median": [0.000567914627027, 0.00202260888182, 0.00151542306412, 0.000347696157405, 0.000185875178431, 0.000358303106623, 0.000333487987518, 0.000281006214209, 0.000165234450833, 0.000145575264469, 0.000202092560357, 4.9243644753e-05, 4.76486784464e-05, 3.86474675906e-05, 2.64760274149e-05, 1.08801586975e-05, 3.21028746839e-05, 2.80216754618e-05, 1.84588880074e-05, 1.82479579962e-05, 1.88797566807e-05, 2.08695346373e-05, 1.02866279121e-05, 7.54760503696e-06, 7.98439941718e-06, 8.70156054589e-06, 5.2464156397e-06, 2.30059595197e-06, 1.98689372155e-06, 1.35388245326e-06, 1.55717918915e-06, 1.29994953113e-06, 1.01697185073e-06, 6.8942983944e-07, 5.00273756643e-07, 3.7988147028e-07, 2.44467827315e-07, 1.84797755765e-07, 1.43478828818e-07, 8.51567065752e-08]}, "silence_rate_60dB": {"dmean": 0.00422866083682, "dmean2": 0.00845798384398, "max": 1, "dvar": 0.00421147095039, "mean": 0.0483908839524, "dvar2": 0.0093240942806, "min": 0, "var": 0.0460449457169, "median": 0}, "spectral_energyband_middle_high": {"dmean": 0.00165868503973, "dmean2": 0.00255573634058, "max": 0.0480661541224, "dvar": 4.88107571073e-06, "mean": 0.00619173049927, "dvar2": 1.15372577056e-05, "min": 1.30465618184e-21, "var": 2.42858586716e-05, "median": 0.0053172186017}, "erbbands_skewness": {"dmean": 0.301811754704, "dmean2": 0.463728517294, "max": 6.76895618439, "dvar": 0.0837669745088, "mean": 0.442053347826, "dvar2": 0.195546969771, "min": -2.26567435265, "var": 0.785239577293, "median": 0.333630263805}, "dynamic_complexity": 2.8794093132, "dissonance": {"dmean": 0.0182848721743, "dmean2": 0.0308957118541, "max": 0.500000059605, "dvar": 0.000333648640662, "mean": 0.46322658658, "dvar2": 0.000881317537278, "min": 0.191053211689, "var": 0.000911580689717, "median": 0.4712844491}, "spectral_skewness": {"dmean": 0.29012721777, "dmean2": 0.474979162216, "max": 11.0877151489, "dvar": 0.17404191196, "mean": 1.83325719833, "dvar2": 0.477223575115, "min": 0.00551801547408, "var": 0.863451719284, "median": 1.5794724226}, "spectral_kurtosis": {"dmean": 3.15821361542, "dmean2": 5.36970233917, "max": 183.411026001, "dvar": 40.6624794006, "mean": 8.10005474091, "dvar2": 116.30532074, "min": -1.21902573109, "var": 164.517913818, "median": 4.75219917297}, "gfcc": {"cov": [[15600.6689453, -1577.56958008, -1238.41833496, 2204.55859375, -320.35559082, 1579.73486328, 145.32182312, 465.00289917, -9.95223808289, -26.565164566, -458.304138184, -110.004806519, -175.081680298], [-1577.56958008, 1201.15649414, -322.484558105, -500.643218994, 310.57711792, -455.06350708, 9.97001266479, -104.433753967, 133.286483765, -97.336517334, 200.362472534, -60.1971168518, 93.0942840576], [-1238.41833496, -322.484558105, 997.424194336, -8.86639499664, -115.691375732, 199.950698853, -16.9893264771, -30.0921268463, -60.1654090881, 122.225578308, -105.493370056, 68.3049621582, -43.3722610474], [2204.55859375, -500.643218994, -8.86639499664, 811.631164551, -148.733016968, 363.089385986, 77.658782959, 64.5381546021, 5.59409761429, -49.3974609375, -87.9738922119, -11.4135684967, -54.1695327759], [-320.35559082, 310.57711792, -115.691375732, -148.733016968, 241.12197876, -96.2901992798, 3.103328228, 10.9878978729, 30.2100429535, -29.1295757294, 40.6094589233, -10.5743274689, 14.5143632889], [1579.73486328, -455.06350708, 199.950698853, 363.089385986, -96.2901992798, 430.534973145, 48.5429229736, 66.5581054688, -22.0466518402, 39.5639381409, -124.633850098, 8.11450004578, -42.2502746582], [145.32182312, 9.97001266479, -16.9893264771, 77.658782959, 3.103328228, 48.5429229736, 109.507530212, 24.2643737793, 8.74607563019, -7.73629760742, -0.264522284269, -16.8366756439, -9.79405879974], [465.00289917, -104.433753967, -30.0921268463, 64.5381546021, 10.9878978729, 66.5581054688, 24.2643737793, 99.3877563477, 10.404135704, 2.87740397453, -25.104391098, 1.58520972729, -13.1249647141], [-9.95223808289, 133.286483765, -60.1654090881, 5.59409761429, 30.2100429535, -22.0466518402, 8.74607563019, 10.404135704, 89.3551559448, 1.42477476597, 19.2504253387, -13.9990520477, 11.077334404], [-26.565164566, -97.336517334, 122.225578308, -49.3974609375, -29.1295757294, 39.5639381409, -7.73629760742, 2.87740397453, 1.42477476597, 100.220230103, -6.14238548279, 12.8810310364, -7.48106765747], [-458.304138184, 200.362472534, -105.493370056, -87.9738922119, 40.6094589233, -124.633850098, -0.264522284269, -25.104391098, 19.2504253387, -6.14238548279, 108.070800781, 5.04864931107, 13.3761844635], [-110.004806519, -60.1971168518, 68.3049621582, -11.4135684967, -10.5743274689, 8.11450004578, -16.8366756439, 1.58520972729, -13.9990520477, 12.8810310364, 5.04864931107, 74.6819610596, 13.6015825272], [-175.081680298, 93.0942840576, -43.3722610474, -54.1695327759, 14.5143632889, -42.2502746582, -9.79405879974, -13.1249647141, 11.077334404, -7.48106765747, 13.3761844635, 13.6015825272, 58.7639503479]], "mean": [-10.1932888031, 126.170593262, -126.899139404, 26.1508903503, -54.7440032959, 5.16274929047, -34.2500839233, 11.5628795624, -14.7897176743, -3.16699767113, -16.2729740143, -6.52997255325, -13.030421257], "icov": [[0.000277410348644, -0.000455792614957, 0.000647261738777, -0.000541390269063, 0.000252672703937, -0.000881934189238, 0.000568818883039, -0.000596654543187, 0.000652034534141, -0.000843831163365, 0.000755001208745, -0.000224796647672, 0.00044212694047], [-0.000455792614957, 0.00487818615511, -0.00137739139609, 0.00225146883167, -0.00313513609581, 0.00226208847016, -0.00253233266994, 0.00366781465709, -0.00526335695758, 0.00452225655317, -0.00437966780737, 0.00265266303904, -0.00327849201858], [0.000647261738777, -0.00137739139609, 0.00314221344888, -0.00103942584246, 0.00100466026925, -0.00261065596715, 0.00120122928638, -0.000427424412919, 0.00196243892424, -0.00344990822487, 0.00329462811351, -0.00218013674021, 0.00239668786526], [-0.000541390269063, 0.00225146883167, -0.00103942584246, 0.0043314085342, -3.97441872337e-05, -0.000478030939121, -0.00220982544124, 0.00205399887636, -0.00377357075922, 0.00513160601258, -0.00305723515339, 0.000807743810583, -0.000324081542203], [0.000252672703937, -0.00313513609581, 0.00100466026925, -3.97441872337e-05, 0.00767628476024, -0.00165547092911, 0.00123229599558, -0.00362116051838, 0.00182013993617, -0.000699016731232, 0.00162488291971, -0.00152267958038, 0.00228522042744], [-0.000881934189238, 0.00226208847016, -0.00261065596715, -0.000478030939121, -0.00165547092911, 0.00957362912595, -0.00339742493816, 0.00101161829662, -0.00212247762829, 0.00029514360358, 0.00159564195201, 0.000525187759195, -0.00167400157079], [0.000568818883039, -0.00253233266994, 0.00120122928638, -0.00220982544124, 0.00123229599558, -0.00339742493816, 0.0128354439512, -0.00449416926131, 0.00280313775875, -0.00212696241215, 0.000180252071004, 0.00145105097909, 0.00176837178878], [-0.000596654543187, 0.00366781465709, -0.000427424412919, 0.00205399887636, -0.00362116051838, 0.00101161829662, -0.00449416926131, 0.0165666919202, -0.00610003201291, 0.00286359526217, -0.000468288053526, -0.000881359388586, 0.000387612584746], [0.000652034534141, -0.00526335695758, 0.00196243892424, -0.00377357075922, 0.00182013993617, -0.00212247762829, 0.00280313775875, -0.00610003201291, 0.0195248350501, -0.00758211780339, 0.0029005962424, 0.000369808927644, -1.16706805784e-05], [-0.000843831163365, 0.00452225655317, -0.00344990822487, 0.00513160601258, -0.000699016731232, 0.00029514360358, -0.00212696241215, 0.00286359526217, -0.00758211780339, 0.0196451805532, -0.00730008725077, 0.00164824025705, -0.00161383522209], [0.000755001208745, -0.00437966780737, 0.00329462811351, -0.00305723515339, 0.00162488291971, 0.00159564195201, 0.000180252071004, -0.000468288053526, 0.0029005962424, -0.00730008725077, 0.0212129596621, -0.00626358902082, 0.00461762025952], [-0.000224796647672, 0.00265266303904, -0.00218013674021, 0.000807743810583, -0.00152267958038, 0.000525187759195, 0.00145105097909, -0.000881359388586, 0.000369808927644, 0.00164824025705, -0.00626358902082, 0.0190118271858, -0.00777258630842], [0.00044212694047, -0.00327849201858, 0.00239668786526, -0.000324081542203, 0.00228522042744, -0.00167400157079, 0.00176837178878, 0.000387612584746, -1.16706805784e-05, -0.00161383522209, 0.00461762025952, -0.00777258630842, 0.0241565182805]]}, "spectral_complexity": {"dmean": 3.5376663208, "dmean2": 5.46542406082, "max": 50, "dvar": 12.7628221512, "mean": 22.0353927612, "dvar2": 28.2006416321, "min": 0, "var": 81.4024581909, "median": 22}, "spectral_flux": {"dmean": 0.0269699562341, "dmean2": 0.0407099127769, "max": 0.340774774551, "dvar": 0.00110980065074, "mean": 0.0869476124644, "dvar2": 0.00217768107541, "min": 1.00925268143e-10, "var": 0.00301141664386, "median": 0.076670370996}, "spectral_energyband_low": {"dmean": 0.00715357204899, "dmean2": 0.0116013195366, "max": 0.139654919505, "dvar": 0.000162359749083, "mean": 0.0138336746022, "dvar2": 0.000415120943217, "min": 4.40238784961e-23, "var": 0.000210500831599, "median": 0.0106811961159}, "spectral_decrease": {"dmean": 3.01089242427e-09, "dmean2": 4.68385152885e-09, "max": 3.37976105209e-17, "dvar": 2.30421085794e-17, "mean": -8.55390069887e-09, "dvar2": 5.57806135876e-17, "min": -5.00618924093e-08, "var": 3.69071776581e-17, "median": -7.43662820213e-09}, "barkbands_spread": {"dmean": 3.63521194458, "dmean2": 5.65516281128, "max": 97.7812805176, "dvar": 19.1623897552, "mean": 18.6849155426, "dvar2": 41.7234115601, "min": 0.70232206583, "var": 96.6629638672, "median": 17.8843746185}, "spectral_rms": {"dmean": 0.000864400935825, "dmean2": 0.00129371741787, "max": 0.0137773072347, "dvar": 1.31276942739e-06, "mean": 0.00541354063898, "dvar2": 2.96081816487e-06, "min": 3.1523757129e-12, "var": 4.0199470277e-06, "median": 0.00540676154196}, "spectral_centroid": {"dmean": 175.245101929, "dmean2": 268.848388672, "max": 10921.7587891, "dvar": 37593.9570312, "mean": 1140.47009277, "dvar2": 78883.8203125, "min": 251.923049927, "var": 262507.1875, "median": 1074.61047363}, "barkbands_skewness": {"dmean": 0.392079681158, "dmean2": 0.605713546276, "max": 6.90261316299, "dvar": 0.161050051451, "mean": 1.37355196476, "dvar2": 0.376183450222, "min": -2.33334302902, "var": 0.716207325459, "median": 1.24994111061}, "spectral_rolloff": {"dmean": 312.96295166, "dmean2": 526.565063477, "max": 18410.8886719, "dvar": 332193.34375, "mean": 1169.40856934, "dvar2": 730089.3125, "min": 107.666015625, "var": 904924.75, "median": 839.794921875}, "erbbands_spread": {"dmean": 5.46357870102, "dmean2": 8.08567714691, "max": 139.734695435, "dvar": 35.781414032, "mean": 31.3593540192, "dvar2": 69.8157196045, "min": 1.24698257446, "var": 169.521377563, "median": 31.082408905}, "barkbands": {"dmean": [0.00012964301277, 0.00383459520526, 0.0034943500068, 0.00276744063012, 0.00206061941572, 0.00126024323981, 0.00100997416303, 0.00101151189301, 0.00119804160204, 0.000810975965578, 0.000474076950923, 0.000289535004413, 0.000187670899322, 0.000426484009949, 0.000308293150738, 0.000265976617811, 0.000463542703073, 0.000168985585333, 0.000226043426665, 6.79869917803e-05, 4.5727021643e-05, 4.79686823383e-05, 2.50795692409e-05, 2.01339607884e-05, 1.80952065421e-05, 7.00510690876e-06, 8.63522529926e-07], "dmean2": [0.000204004376428, 0.00652235327289, 0.00574493361637, 0.00465352972969, 0.00340834143572, 0.00208894419484, 0.00163321965374, 0.001569933258, 0.00188243959565, 0.00124143483117, 0.000755673332606, 0.000461675575934, 0.000304762332235, 0.000686557439622, 0.000491305137984, 0.000426756218076, 0.000741157855373, 0.000275591213722, 0.000365399144357, 0.000108686122985, 7.17763468856e-05, 7.30044412194e-05, 3.77464966732e-05, 2.95618247037e-05, 2.66007045866e-05, 1.04560485852e-05, 1.32246600515e-06], "max": [0.00498686451465, 0.0807604566216, 0.0793495699763, 0.0725261569023, 0.0597326792777, 0.0525375120342, 0.0483744964004, 0.0392353311181, 0.0882111042738, 0.0422739647329, 0.030592110008, 0.0200520344079, 0.0158677883446, 0.016041200608, 0.0150307621807, 0.0106374481693, 0.0222871322185, 0.00611872598529, 0.00739526515827, 0.00370610388927, 0.00139817607123, 0.00149313139264, 0.00123581604566, 0.00353798107244, 0.00455570220947, 0.00237927795388, 0.000348706642399], "dvar": [1.36463484068e-07, 6.38439742033e-05, 3.54931689799e-05, 3.18538695865e-05, 1.89926740859e-05, 5.87944805375e-06, 2.34425101553e-06, 2.56668454313e-06, 1.04460559669e-05, 2.49223558058e-06, 1.08713618374e-06, 3.44465320268e-07, 2.61244451849e-07, 6.49286164389e-07, 4.20173790872e-07, 1.90737367234e-07, 8.26240409424e-07, 9.51748830857e-08, 1.62791465641e-07, 1.30025830103e-08, 6.46630304857e-09, 7.54539630776e-09, 2.55036636254e-09, 6.87189105619e-09, 1.64677782521e-08, 2.33364749747e-09, 4.05093007749e-11], "mean": [0.000116376169899, 0.00505661265925, 0.00619640294462, 0.00404979754239, 0.00286227976903, 0.00233155325986, 0.00213790894486, 0.00191919517238, 0.00229829456657, 0.0016258538235, 0.000850487442221, 0.000538854277693, 0.000304777728161, 0.000676876574289, 0.000549371819943, 0.000461929914309, 0.000888034177478, 0.000340121070622, 0.000482977862703, 0.00014100963017, 9.8563512438e-05, 0.000101063400507, 5.2834770031e-05, 3.8274567487e-05, 2.81416814687e-05, 1.06691859401e-05, 1.05222375169e-06], "dvar2": [3.16165738923e-07, 0.000172083993675, 9.82210913207e-05, 8.43060261104e-05, 4.95818312629e-05, 1.57822523761e-05, 6.01147894486e-06, 5.82937809668e-06, 2.54874430539e-05, 5.99779423283e-06, 2.64858522314e-06, 8.14009752048e-07, 6.15783221747e-07, 1.55582461048e-06, 9.88115857581e-07, 4.64182420501e-07, 2.06973027161e-06, 2.43913689246e-07, 3.99442200205e-07, 3.04535454632e-08, 1.5805520448e-08, 1.57164148362e-08, 5.38376720982e-09, 1.43959226762e-08, 3.69412909151e-08, 4.61669857899e-09, 8.90136159226e-11], "min": [1.61872269822e-23, 1.59374199771e-23, 1.16384159778e-23, 1.71873996637e-24, 5.86358417585e-23, 8.91787752711e-23, 9.64168359783e-24, 3.20720678022e-23, 7.37436514314e-23, 2.82798272596e-23, 7.16336946345e-23, 2.96760921292e-23, 9.77544379955e-23, 9.33760264687e-23, 1.1951235141e-22, 2.16844786687e-22, 1.73824225666e-22, 1.97901345966e-22, 1.7604313362e-22, 2.64754442541e-22, 5.71762193675e-22, 4.54300224286e-22, 5.28012548473e-22, 8.81367405024e-22, 1.15685449582e-21, 1.87378825015e-21, 2.28202268313e-21], "var": [1.31807524895e-07, 6.08767368249e-05, 4.49572617072e-05, 3.2815758459e-05, 1.91352173715e-05, 7.86652071838e-06, 5.2285458878e-06, 5.57026351089e-06, 3.38306053891e-05, 6.9406937655e-06, 2.43379849962e-06, 8.99558528999e-07, 5.47970330445e-07, 1.02576495919e-06, 9.19765909657e-07, 4.08163231214e-07, 2.00933413907e-06, 2.35972279938e-07, 4.1266611106e-07, 3.1449523874e-08, 1.26233699049e-08, 1.59073874073e-08, 5.04531039169e-09, 1.05713242604e-08, 2.181095482e-08, 3.90163235053e-09, 5.15882406238e-11], "median": [1.15746443043e-05, 0.0025795022957, 0.00450498983264, 0.00229172990657, 0.00138211401645, 0.00155150226783, 0.00147666339763, 0.00122031662613, 0.000968479842413, 0.000976326526143, 0.000387051375583, 0.000262647372438, 0.000141772034112, 0.00035373843275, 0.000257855077507, 0.000254347221926, 0.000362252729246, 0.000160323776072, 0.000243937654886, 9.41792604863e-05, 6.8183602707e-05, 6.42810264253e-05, 3.34294854838e-05, 1.87071145774e-05, 8.49436582939e-06, 2.08012443181e-06, 6.75357725299e-08]}, "melbands_kurtosis": {"dmean": 3.68097352982, "dmean2": 5.83592271805, "max": 101.049240112, "dvar": 27.393529892, "mean": 7.95143699646, "dvar2": 66.1156082153, "min": -1.58632612228, "var": 70.1172332764, "median": 5.40621566772}, "erbbands_crest": {"dmean": 2.31138753891, "dmean2": 3.69460821152, "max": 29.5609359741, "dvar": 5.47198963165, "mean": 9.03462505341, "dvar2": 13.6616544724, "min": 2.35182714462, "var": 17.3622207642, "median": 7.96008872986}, "melbands_skewness": {"dmean": 0.521363735199, "dmean2": 0.800747811794, "max": 8.18552303314, "dvar": 0.303008675575, "mean": 2.10917496681, "dvar2": 0.704249620438, "min": -1.42943644524, "var": 1.0429315567, "median": 1.99516749382}, "spectral_energyband_middle_low": {"dmean": 0.00657704053447, "dmean2": 0.0103666810319, "max": 0.136551171541, "dvar": 0.000119552663818, "mean": 0.0167325716466, "dvar2": 0.000300031446386, "min": 2.67453760475e-22, "var": 0.000174446919118, "median": 0.0137658398598}, "spectral_contrast_coeffs": {"dmean": [0.0492921918631, 0.0439566485584, 0.0386576242745, 0.0312503352761, 0.0237052831799, 0.0164250507951], "dmean2": [0.0821633189917, 0.0722578689456, 0.0622393339872, 0.0505509749055, 0.0380600206554, 0.0261826142669], "max": [-0.325192570686, -0.449505627155, -0.383896648884, -0.536653697491, -0.591378629208, -0.630304992199], "dvar": [0.00174925709143, 0.00130367628299, 0.00106320879422, 0.00069171609357, 0.000421246280894, 0.000265652313828], "mean": [-0.626246392727, -0.732038915157, -0.740830361843, -0.768098711967, -0.763152420521, -0.757904350758], "dvar2": [0.00485068606213, 0.00346374278888, 0.00261285644956, 0.00169165246189, 0.00102625368163, 0.00062223430723], "min": [-0.953115999699, -0.965051949024, -0.955720186234, -0.960878431797, -0.96026301384, -0.959167003632], "var": [0.00464996974915, 0.0043584103696, 0.00449049798772, 0.00306070176885, 0.00252106972039, 0.00203927909024], "median": [-0.62687343359, -0.735806405544, -0.7470921278, -0.771709561348, -0.759688913822, -0.747323989868]}, "spectral_contrast_valleys": {"dmean": [0.41727373004, 0.338696181774, 0.311936378479, 0.305088371038, 0.273404419422, 0.270505338907], "dmean2": [0.661426663399, 0.540723800659, 0.489949285984, 0.463187932968, 0.392530024052, 0.36200389266], "max": [-4.99609994888, -4.35637950897, -5.23152351379, -5.86461830139, -5.93161869049, -7.85644721985], "dvar": [0.140116497874, 0.0973458439112, 0.0835365504026, 0.0910426601768, 0.102914489806, 0.147292912006], "mean": [-7.17598581314, -6.28739833832, -7.13183498383, -7.65867853165, -7.79797267914, -10.7400197983], "dvar2": [0.310444891453, 0.213547751307, 0.174326658249, 0.181494876742, 0.184417143464, 0.254734784365], "min": [-27.4390621185, -27.1222362518, -27.5020465851, -27.262556076, -27.187789917, -27.2592811584], "var": [1.61820042133, 0.984154105186, 1.38122749329, 1.56605482101, 1.95235836506, 2.23576307297], "median": [-6.9023680687, -6.136033535, -6.92922401428, -7.43058919907, -7.43918132782, -10.3148069382]}, "silence_rate_20dB": {"dmean": 0, "dmean2": 0, "max": 1, "dvar": 0, "mean": 1, "dvar2": 0, "min": 1, "var": 0, "median": 1}, "silence_rate_30dB": {"dmean": 0.0145653877407, "dmean2": 0.0291330572218, "max": 1, "dvar": 0.0143544301391, "mean": 0.990916907787, "dvar2": 0.0403489992023, "min": 0, "var": 0.00900147575885, "median": 1}, "spectral_strongpeak": {"dmean": 0.513929188251, "dmean2": 0.89541387558, "max": 12.021774292, "dvar": 1.10310447216, "mean": 0.903978168964, "dvar2": 2.7480301857, "min": 7.27958082702e-10, "var": 1.60593569279, "median": 0.482883870602}, "spectral_spread": {"dmean": 392315.25, "dmean2": 550735.8125, "max": 40334640, "dvar": 359055720448, "mean": 3612600.5, "dvar2": 570874200064, "min": 467554.53125, "var": 1903295856640.0, "median": 3516127.5}, "barkbands_flatness_db": {"dmean": 0.0167608857155, "dmean2": 0.0256043169647, "max": 0.470397740602, "dvar": 0.000296918791719, "mean": 0.150936499238, "dvar2": 0.000631766975857, "min": 0.026271738112, "var": 0.00361748482101, "median": 0.132769852877}, "pitch_salience": {"dmean": 0.0643666684628, "dmean2": 0.103880442679, "max": 0.892772436142, "dvar": 0.00348275830038, "mean": 0.558886349201, "dvar2": 0.00894917082042, "min": 0.198527246714, "var": 0.0103358356282, "median": 0.559375047684}, "erbbands_kurtosis": {"dmean": 0.82504427433, "dmean2": 1.26146686077, "max": 70.6080322266, "dvar": 3.00086975098, "mean": 1.00373148918, "dvar2": 6.47768115997, "min": -1.66513395309, "var": 21.0975036621, "median": -0.197182893753}, "average_loudness": 0.918282389641, "barkbands_crest": {"dmean": 1.87266898155, "dmean2": 3.08745980263, "max": 25.3430652618, "dvar": 3.45796751976, "mean": 8.31974697113, "dvar2": 9.17984008789, "min": 2.8282263279, "var": 9.68354606628, "median": 7.66915845871}, "hfc": {"dmean": 5.09167432785, "dmean2": 7.57113552094, "max": 94.0299453735, "dvar": 43.1976509094, "mean": 20.6714038849, "dvar2": 99.4396591187, "min": 1.13609683714e-16, "var": 167.855010986, "median": 19.9556350708}, "barkbands_kurtosis": {"dmean": 1.78540635109, "dmean2": 2.82410025597, "max": 103.93283844, "dvar": 7.85892724991, "mean": 3.27272200584, "dvar2": 17.8162231445, "min": -1.84456837177, "var": 42.1600952148, "median": 1.55613088608}, "erbbands": {"dmean": [0.0860191434622, 0.979209184647, 3.51965451241, 6.7839050293, 9.32639217377, 5.92322206497, 6.0947599411, 11.8789958954, 15.7033071518, 19.0289440155, 19.13123703, 24.9867782593, 34.0527839661, 10.9561777115, 19.5303268433, 11.3734607697, 8.7816028595, 19.3061084747, 17.7962837219, 12.1816415787, 15.9774169922, 22.2327327728, 7.7215514183, 13.8010253906, 9.50703525543, 3.03580164909, 1.94503164291, 1.91092252731, 1.72873568535, 1.18949985504, 0.719961643219, 0.470706760883, 0.327080696821, 0.221021160483, 0.122367523611, 0.0447203814983, 0.00986105948687, 0.00200138008222, 0.000132275366923, 1.46979346027e-05], "dmean2": [0.14448839426, 1.67755520344, 5.79995107651, 11.2098331451, 15.6680202484, 9.86856174469, 10.3389377594, 19.6823444366, 25.2642612457, 29.6072025299, 30.1833515167, 38.9238243103, 52.4948654175, 17.5774288177, 30.891702652, 18.1733226776, 14.1540746689, 30.9520778656, 28.4946594238, 19.2479457855, 25.5333690643, 35.3488807678, 12.5331678391, 22.3866596222, 15.4631605148, 4.86511421204, 3.12907886505, 2.94848418236, 2.6539504528, 1.80295646191, 1.09108793736, 0.701224327087, 0.480211317539, 0.32804954052, 0.181048214436, 0.0669242590666, 0.0144886961207, 0.00295688863844, 0.000202368988539, 2.24061350309e-05], "max": [2.05922985077, 20.2782688141, 76.4061889648, 226.254776001, 285.992156982, 274.534088135, 203.645187378, 466.078216553, 655.737792969, 926.756591797, 1223.90856934, 2425.7722168, 1479.43945312, 1267.52404785, 1332.9642334, 602.305541992, 748.772399902, 890.902770996, 1126.62585449, 458.51361084, 786.963317871, 942.394592285, 227.139450073, 704.039978027, 358.126556396, 143.891860962, 61.0696105957, 70.7457580566, 57.6020584106, 42.0793266296, 47.3434104919, 65.994430542, 53.9710350037, 50.9665412903, 44.4829673767, 17.571018219, 3.28127884865, 0.553969800472, 0.0575562566519, 0.000874711025972], "dvar": [0.0465748235583, 3.81759858131, 37.0920715332, 153.849700928, 475.091461182, 151.429534912, 176.824371338, 536.04888916, 608.657897949, 921.438232422, 1658.45202637, 4639.51806641, 3884.26416016, 561.350708008, 2023.23852539, 467.754425049, 518.612915039, 1355.8079834, 1447.76794434, 415.896331787, 781.345031738, 1851.63220215, 155.020553589, 1175.35131836, 271.341644287, 23.6381931305, 10.8312520981, 11.476477623, 9.95364952087, 4.74390125275, 2.4547419548, 3.08227682114, 1.85566365719, 1.84057235718, 1.07154357433, 0.123815797269, 0.00382513762452, 0.000181321694981, 9.92520085674e-07, 6.59145293902e-10], "mean": [0.0973892062902, 1.34985804558, 6.23192071915, 12.00785923, 11.6667194366, 8.42485618591, 9.04366874695, 21.78881073, 34.5495567322, 38.857585907, 35.4260368347, 51.1670150757, 70.2861785889, 23.3553714752, 36.1671791077, 23.3815536499, 15.9894809723, 31.6017513275, 32.8322296143, 25.1022720337, 31.7301921844, 44.4761238098, 17.9040260315, 27.7870941162, 20.2205429077, 6.89141654968, 4.27299880981, 4.06282329559, 3.63581252098, 2.40693163872, 1.47519683838, 0.92358738184, 0.58566981554, 0.355939984322, 0.177885681391, 0.066030614078, 0.0149088799953, 0.00283742952161, 0.000176632311195, 4.30405707448e-05], "dvar2": [0.123197861016, 10.4448394775, 101.723869324, 406.465820312, 1250.38476562, 404.632659912, 484.93347168, 1447.3704834, 1588.7635498, 2148.78417969, 4041.05249023, 10874.4228516, 9846.96582031, 1313.44946289, 5032.39697266, 1150.06628418, 1234.3659668, 3314.63671875, 3523.27832031, 979.832397461, 1948.15368652, 4359.16552734, 408.536560059, 2859.8371582, 695.326477051, 57.7563591003, 27.383184433, 26.5633201599, 21.2406845093, 9.67298221588, 5.31791353226, 6.43367958069, 3.96390867233, 4.15966320038, 2.45445775986, 0.252649992704, 0.00760899111629, 0.000398886913899, 2.14931515075e-06, 1.49636869562e-09], "min": [9.30601110265e-22, 2.21121836529e-21, 1.52477288083e-20, 4.57076620873e-21, 3.00793954621e-20, 2.07396410046e-19, 7.13056209499e-19, 6.52249955875e-19, 2.36334625843e-19, 2.40115642573e-19, 1.17093061215e-18, 1.2801144205e-18, 1.01761775209e-18, 1.6923893028e-18, 2.58781572801e-18, 1.66239180469e-18, 4.60340982855e-18, 4.30789211009e-18, 4.56385984192e-18, 1.0411295545e-17, 1.11197037749e-17, 1.14323242798e-17, 1.06336640275e-17, 1.029813641e-17, 7.33526975446e-18, 1.40510027368e-17, 2.61438158464e-17, 1.51260149327e-17, 1.6099960547e-17, 1.70680811554e-17, 1.53773405269e-17, 1.77731616377e-17, 1.40140079111e-17, 1.30084912944e-17, 8.94751094277e-18, 6.10518559555e-18, 3.71007337855e-18, 1.29121787265e-18, 3.47066735355e-19, 3.03437798342e-20], "var": [0.0389939136803, 3.7110004425, 47.4644126892, 181.719009399, 406.171447754, 167.297943115, 169.189056396, 705.917785645, 1538.14355469, 1995.99768066, 2665.29052734, 18111.9414062, 9617.9765625, 1502.57666016, 4664.76464844, 1305.33972168, 991.886901855, 2161.10864258, 2992.6484375, 1036.1887207, 1803.22265625, 5052.875, 415.799560547, 2690.97045898, 640.78692627, 61.6376419067, 21.7644710541, 23.4032249451, 20.540769577, 9.27017498016, 4.58143377304, 5.0696978569, 2.74555540085, 2.50388598442, 1.29633975029, 0.187435418367, 0.00629581371322, 0.000236770036281, 1.31148794935e-06, 1.14966614007e-09], "median": [0.0411252863705, 0.729742705822, 4.36901473999, 8.68891525269, 5.88171386719, 4.16896915436, 5.20363140106, 14.8997602463, 22.1476974487, 26.1514892578, 22.6865196228, 22.8739147186, 42.1099243164, 15.8062810898, 15.4508924484, 12.6389808655, 8.92459106445, 16.6584873199, 18.5268859863, 14.9856538773, 18.3373222351, 18.9134407043, 10.5438776016, 10.8440561295, 11.8115129471, 4.94497823715, 3.15593266487, 2.67137789726, 2.32460808754, 1.48592221737, 0.902578234673, 0.479807764292, 0.268974423409, 0.121295444667, 0.0454976707697, 0.013373487629, 0.00287373899482, 0.000400057411753, 3.04038094328e-05, 3.68521432392e-05]}, "spectral_energy": {"dmean": 0.0117243267596, "dmean2": 0.0181919690222, "max": 0.194559544325, "dvar": 0.000342894170899, "mean": 0.0341592356563, "dvar2": 0.000828396237921, "min": 1.01859093331e-20, "var": 0.000564791320357, "median": 0.0299638975412}, "zerocrossingrate": {"dmean": 0.00634115608409, "dmean2": 0.00770619418472, "max": 0.5908203125, "dvar": 6.68408029014e-05, "mean": 0.0462003685534, "dvar2": 7.82121278462e-05, "min": 0.00634765625, "var": 0.000557125546038, "median": 0.04443359375}, "spectral_energyband_high": {"dmean": 0.000145946338307, "dmean2": 0.000212316328543, "max": 0.00791894458234, "dvar": 1.09619563204e-07, "mean": 0.000