{"tonal": {"chords_key": "F", "hpcp_entropy": {"dmean": 0.498519480228, "dmean2": 0.837333917618, "max": 3.87794351578, "dvar": 0.206294432282, "mean": 1.67665278912, "dvar2": 0.53303694725, "min": 0, "var": 0.441455602646, "median": 1.7361972332}, "key_key": "F", "chords_strength": {"dmean": 0.00870704650879, "dmean2": 0.00714039849117, "max": 0.792490541935, "dvar": 0.000382420577807, "mean": 0.479801625013, "dvar2": 0.000709162035491, "min": -1, "var": 0.012545125559, "median": 0.48125526309}, "key_scale": "minor", "chords_number_rate": 0.00177493784577, "thpcp": [1, 0.528577387333, 0.154005885124, 0.0576539821923, 0.0708508491516, 0.321236163378, 0.6418607831, 0.542972445488, 0.523567140102, 0.758067190647, 0.514674186707, 0.142665848136, 0.0705820471048, 0.114790469408, 0.504891335964, 0.904529452324, 0.585639417171, 0.142408147454, 0.0716474428773, 0.12156816572, 0.586746037006, 0.902529418468, 0.467458218336, 0.177061289549, 0.225146368146, 0.142866969109, 0.122032284737, 0.177834242582, 0.15327937901, 0.262423157692, 0.334609955549, 0.177878379822, 0.10758267343, 0.14738664031, 0.263604879379, 0.775731980801], "key_strength": 0.734527885914, "tuning_nontempered_energy_ratio": 0.644957363605, "tuning_frequency": 441.017791748, "chords_changes_rate": 0.0521831735969, "tuning_diatonic_strength": 0.524824380875, "chords_scale": "minor", "chords_histogram": [32.2861213684, 11.6258430481, 9.03443336487, 7.95172166824, 2.00567984581, 10.0816469193, 0, 4.0468583107, 0, 9.81540679932, 0.922967672348, 0, 0, 0, 0, 0.248491302133, 0.0532481372356, 0, 0, 0, 0.674476385117, 0, 6.51402187347, 4.73908424377], "tuning_equal_tempered_deviation": 0, "hpcp": {"dmean": [0.0333936549723, 0.0440278574824, 0.0891652628779, 0.113953799009, 0.102234475315, 0.0501421913505, 0.0331710353494, 0.047701202333, 0.0977449342608, 0.105756700039, 0.0856209173799, 0.0486495010555, 0.0399594977498, 0.0345560498536, 0.0327392891049, 0.0387233160436, 0.0419290587306, 0.0535250194371, 0.0634379759431, 0.0466454550624, 0.035115249455, 0.0409784018993, 0.0676852837205, 0.117856882513, 0.12130843848, 0.0970781967044, 0.0500840470195, 0.0299708656967, 0.0334768407047, 0.0684150606394, 0.0921463146806, 0.116306342185, 0.133494481444, 0.123447909951, 0.102727718651, 0.0527124665678], "dmean2": [0.0632699206471, 0.0808933973312, 0.148286610842, 0.186968937516, 0.169345885515, 0.0901610404253, 0.0621248222888, 0.0864435359836, 0.162510037422, 0.172386035323, 0.142011225224, 0.0862674340606, 0.0682733952999, 0.0596666559577, 0.0571386702359, 0.0682897418737, 0.0743757262826, 0.0929541811347, 0.106677986681, 0.0813456997275, 0.0641546621919, 0.0731885656714, 0.120990470052, 0.201692998409, 0.203027307987, 0.16726346314, 0.0890412628651, 0.0576213598251, 0.0631872937083, 0.119199149311, 0.154658734798, 0.203149452806, 0.235668167472, 0.205841600895, 0.173020347953, 0.0960508361459], "max": [1, 1, 1, 1, 1, 1, 1, 1, 1, 1, 1, 1, 1, 1, 1, 1, 1, 1, 1, 1, 1, 1, 1, 1, 1, 1, 1, 1, 1, 1, 1, 1, 1, 1, 1, 1], "dvar": [0.0143075212836, 0.0151856411248, 0.0242597386241, 0.0395498014987, 0.028759136796, 0.017410332337, 0.0146489497274, 0.0162262413651, 0.0278394855559, 0.0365927442908, 0.0234626457095, 0.0162047743797, 0.0144636742771, 0.0106570646167, 0.0100918216631, 0.0147571898997, 0.0145963495597, 0.0219897404313, 0.0236659478396, 0.0146460831165, 0.0136868422851, 0.016381656751, 0.0206327177584, 0.0374225489795, 0.0402618274093, 0.0282898191363, 0.0199108310044, 0.0130203422159, 0.0128081385046, 0.0197027884424, 0.0308377016336, 0.0350759290159, 0.0399570353329, 0.0416940264404, 0.033692818135, 0.0190231185406], "mean": [0.0218159779906, 0.0354802198708, 0.156055241823, 0.279578119516, 0.181013420224, 0.0440164767206, 0.0221452787519, 0.0375751145184, 0.181355461478, 0.278959929943, 0.144485160708, 0.0547273084521, 0.0695897713304, 0.0441582947969, 0.0377185679972, 0.0549662150443, 0.0473766326904, 0.08111153543, 0.103423520923, 0.0549798607826, 0.0332523845136, 0.0455552637577, 0.0814767852426, 0.239768519998, 0.309086799622, 0.163376286626, 0.047601185739, 0.0178200844675, 0.0218990631402, 0.0992898568511, 0.198390692472, 0.167825609446, 0.16182769835, 0.234308570623, 0.159079000354, 0.0440961308777], "dvar2": [0.0409573465586, 0.0435201786458, 0.0595099888742, 0.0830733403563, 0.0695068761706, 0.0496803894639, 0.0411301329732, 0.045082859695, 0.0711085274816, 0.0770939067006, 0.0607353448868, 0.0439320616424, 0.0352242849767, 0.028205441311, 0.0269409064204, 0.0395521260798, 0.0407244078815, 0.051135443151, 0.0561186224222, 0.0395068563521, 0.0388185866177, 0.0431458950043, 0.0571687184274, 0.0928955823183, 0.0902199223638, 0.0726508200169, 0.0546485930681, 0.0371391102672, 0.0370311401784, 0.0535808578134, 0.070968195796, 0.092711403966, 0.115146204829, 0.0969182178378, 0.0802574679255, 0.0541632436216], "min": [0, 0, 0, 0, 0, 0, 0, 0, 0, 0, 0, 0, 0, 0, 0, 0, 0, 0, 0, 0, 0, 0, 0, 0, 0, 0, 0, 0, 0, 0, 0, 0, 0, 0, 0, 0], "var": [0.00875969789922, 0.0112534379587, 0.0592197775841, 0.128800436854, 0.0671488940716, 0.0139161804691, 0.00963185355067, 0.0119476355612, 0.0643561333418, 0.136290207505, 0.0471222102642, 0.0206846054643, 0.0408991612494, 0.0180080085993, 0.0125174792483, 0.0258258450776, 0.0164239387959, 0.0424996055663, 0.0513765476644, 0.0187049731612, 0.0112423673272, 0.0198991093785, 0.0243018511683, 0.103486329317, 0.133871212602, 0.0609580129385, 0.0194860212505, 0.00793769210577, 0.00760136591271, 0.0323282293975, 0.103384695947, 0.0705024376512, 0.051511798054, 0.113615579903, 0.0738864094019, 0.0151083823293], "median": [0.000974606664386, 0.00227368203923, 0.0419375747442, 0.0834805294871, 0.0517713017762, 0.00423030974343, 0.00077050406253, 0.00335934432223, 0.0456537902355, 0.0694344490767, 0.0336782336235, 0.00259574363008, 0.000462731171865, 0.00114466180094, 0.00456643942744, 0.0064941868186, 0.00532668130472, 0.00742633081973, 0.0110226981342, 0.008076463826, 0.00156874803361, 0.00107554439455, 0.0161620099097, 0.0654428452253, 0.109853625298, 0.0487263202667, 0.00233485060744, 0.000345555657987, 0.000813723425381, 0.013491647318, 0.0290625579655, 0.0373756960034, 0.060405485332, 0.0507321581244, 0.0204915497452, 0.00280059874058]}}, "lowlevel": {"melbands_flatness_db": {"dmean": 0.0254895109683, "dmean2": 0.0376401692629, "max": 0.580619454384, "dvar": 0.00076850183541, "mean": 0.319170176983, "dvar2": 0.0016884978395, "min": 0.00626002578065, "var": 0.0068477508612, "median": 0.323821008205}, "melbands_crest": {"dmean": 2.64906144142, "dmean2": 4.40965938568, "max": 36.7025299072, "dvar": 6.60366725922, "mean": 15.531416893, "dvar2": 17.7444343567, "min": 1.81253743172, "var": 25.7841949463, "median": 14.557800293}, "spectral_entropy": {"dmean": 0.235625654459, "dmean2": 0.341712892056, "max": 9.79965782166, "dvar": 0.0638199597597, "mean": 6.56582736969, "dvar2": 0.130523458123, "min": 4.67721652985, "var": 0.33281686902, "median": 6.54017925262}, "melbands": {"dmean": [0.00103805959225, 0.00126779836137, 0.000615884258877, 0.000725626421627, 0.000326105131535, 0.000339867459843, 0.000327644287609, 0.000203916948522, 6.4540632593e-05, 3.65705491276e-05, 3.69223016605e-05, 1.84070577234e-05, 1.36802473207e-05, 6.35869446342e-06, 4.32799015471e-06, 3.13497571369e-06, 2.86474528366e-06, 1.31091132971e-06, 1.81884661288e-06, 2.13285875361e-06, 1.2990195728e-06, 8.22247386623e-07, 9.66775814959e-07, 1.40699683016e-06, 2.66014558292e-06, 1.31434239847e-06, 1.59321064075e-06, 5.7481378235e-07, 4.22311302373e-07, 3.13253372042e-06, 5.08794482812e-06, 7.3475479212e-07, 9.57731458584e-07, 1.02672822777e-06, 3.53055241931e-07, 2.76083824247e-07, 2.42740640033e-07, 1.12366230098e-07, 1.03948643471e-07, 9.70631148789e-08], "dmean2": [0.00175195978954, 0.00223574740812, 0.00104012992233, 0.00121161888819, 0.000550971948542, 0.000511235673912, 0.000492163700983, 0.000278468069155, 9.2355410743e-05, 5.23324379174e-05, 5.15939937031e-05, 2.6930396416e-05, 2.05376072699e-05, 9.77653326117e-06, 6.81659594193e-06, 5.09389110448e-06, 4.46173044111e-06, 2.1321704935e-06, 2.81221218756e-06, 3.26633016812e-06, 1.99357054953e-06, 1.29701891183e-06, 1.42957367189e-06, 2.05229389394e-06, 3.75510421691e-06, 1.87245848338e-06, 2.2171980163e-06, 8.53914968957e-07, 6.20256344064e-07, 4.25449070462e-06, 6.85365694153e-06, 1.00257557278e-06, 1.23362315207e-06, 1.28392059651e-06, 4.79341224491e-07, 3.8508153466e-07, 3.42153214206e-07, 1.7551298015e-07, 1.66227565046e-07, 1.55810084834e-07], "max": [0.0422165095806, 0.0532236881554, 0.0215957444161, 0.03205447644, 0.0132538387552, 0.0190193466842, 0.0158041082323, 0.0135238654912, 0.00549814896658, 0.00352497329004, 0.00211006728932, 0.00110329454765, 0.000728156825062, 0.000446722231572, 0.000301305030007, 0.000178045665962, 0.000191339815501, 8.12912694528e-05, 0.000117908450193, 0.000251618650509, 0.000321331783198, 0.000120163349493, 9.49265740928e-05, 0.000116725299449, 0.000560284650419, 0.000162799144164, 0.000145445315866, 0.000153307046276, 3.47958521161e-05, 0.000541250396054, 0.000693053880241, 0.000118515796203, 0.000150428357301, 0.000224005256314, 5.27342017449e-05, 5.09752971993e-05, 6.23623855063e-05, 7.4979625424e-06, 7.35728553991e-06, 6.43006251266e-06], "dvar": [7.46275736674e-06, 1.38542864079e-05, 1.06415211576e-06, 1.34782715122e-06, 3.15407703511e-07, 6.53022823371e-07, 4.78351466882e-07, 2.79982259599e-07, 2.63384034582e-08, 8.78314310171e-09, 6.33403862693e-09, 1.42969724948e-09, 6.87341739081e-10, 1.54644019812e-10, 7.94226906464e-11, 4.62238303189e-11, 4.77275406696e-11, 8.18222399557e-12, 2.01722475529e-11, 3.23429928673e-11, 2.17008824105e-11, 6.5980020926e-12, 7.51464428878e-12, 1.52816856391e-11, 9.92143034395e-11, 2.0205708634e-11, 2.39602625934e-11, 4.68419096913e-12, 1.40682116564e-12, 2.48815551496e-10, 4.28478613701e-10, 7.83260695886e-12, 1.50559148482e-11, 2.29015955505e-11, 1.70536219694e-12, 1.57168635745e-12, 1.41714580609e-12, 8.02403187839e-14, 8.91498721091e-14, 8.01324677728e-14], "mean": [0.0028853926342, 0.00260633695871, 0.00113748793956, 0.00138443824835, 0.000674567651004, 0.000968567328528, 0.000978750642389, 0.00059363123728, 0.000177986701601, 9.45582360146e-05, 8.83531974978e-05, 4.74479311379e-05, 3.30356124323e-05, 1.41479158628e-05, 9.22637809708e-06, 5.7878332882e-06, 6.11812220086e-06, 2.56407497545e-06, 4.14561372963e-06, 5.03780984218e-06, 2.95435961561e-06, 1.89333354683e-06, 2.67402992904e-06, 3.90618424717e-06, 7.6893638834e-06, 3.69148960999e-06, 4.80622748e-06, 1.51749316046e-06, 1.14222893899e-06, 9.12821087695e-06, 1.50552295963e-05, 1.75290006155e-06, 2.32870274885e-06, 2.52784798249e-06, 7.53609697313e-07, 5.59563488878e-07, 4.6437793344e-07, 1.64047150975e-07, 1.28000635868e-07, 1.14158126507e-07], "dvar2": [2.10630714719e-05, 3.9770748117e-05, 2.92938329949e-06, 3.54831149707e-06, 9.35861294238e-07, 1.60207821409e-06, 1.18916182146e-06, 5.34005266672e-07, 5.76736312041e-08, 1.8837921445e-08, 1.33691315796e-08, 3.03625480313e-09, 1.55240786892e-09, 3.35121375095e-10, 1.83866477599e-10, 1.12555659237e-10, 1.06815327416e-10, 2.00142454693e-11, 4.44738482153e-11, 6.9565006533e-11, 3.85822658544e-11, 1.61121341963e-11, 1.46426291231e-11, 2.98380729846e-11, 1.72876518656e-10, 3.78726321137e-11, 4.13560331813e-11, 9.00742154475e-12, 2.51561878967e-12, 4.45381398428e-10, 7.38204886108e-10, 1.21252461197e-11, 2.13872097116e-11, 3.0477578794e-11, 2.8497954864e-12, 2.55868199892e-12, 2.56333365992e-12, 1.92382432684e-13, 2.1857224418e-13, 1.9449662692e-13], "min": [1.34183770725e-24, 2.88620559115e-24, 1.16270674248e-23, 3.18547792213e-24, 6.19670711992e-24, 8.00225314308e-24, 1.16422790297e-23, 1.28968652695e-23, 2.63806824956e-23, 1.08980108537e-23, 5.85717034226e-24, 1.30828960259e-23, 1.41950344967e-23, 5.20204187085e-24, 5.29571515904e-24, 1.6225351052e-23, 1.00157180517e-23, 6.26745966007e-24, 1.27932980879e-23, 1.54981096498e-23, 1.22891410277e-23, 9.43796894653e-24, 9.96164242554e-24, 9.02453167927e-24, 1.17268993501e-23, 9.89820144269e-24, 9.7132419594e-24, 7.46088788054e-24, 8.89172694587e-24, 1.41769112063e-23, 1.6930288201e-23, 1.00808345752e-23, 1.07736453543e-23, 1.52514896427e-23, 1.07425689678e-23, 1.07570705978e-23, 1.20396543001e-23, 9.97787797183e-24, 7.77371934997e-24, 1.04380386817e-23], "var": [1.04869295683e-05, 1.24017105918e-05, 1.8259773924e-06, 3.71297301172e-06, 8.88512317943e-07, 2.97642191072e-06, 2.65707399194e-06, 1.56769260684e-06, 1.38612222145e-07, 3.81137184036e-08, 2.41709976478e-08, 7.6745081401e-09, 3.40534667131e-09, 5.17046627735e-10, 3.25325516526e-10, 1.2478397482e-10, 2.19213452946e-10, 2.04127253295e-11, 9.86330114805e-11, 1.6119870716e-10, 9.70575980697e-11, 2.00563229219e-11, 4.63922858462e-11, 8.41079289549e-11, 6.54025167357e-10, 1.14531044371e-10, 1.82578702157e-10, 2.70773820032e-11, 9.05057192385e-12, 1.65856461898e-09, 2.87301937796e-09, 3.68975128229e-11, 7.51220197159e-11, 1.11700364236e-10, 6.8416214534e-12, 5.7643312866e-12, 4.51181323205e-12, 1.15656372283e-13, 1.0358668811e-13, 9.10077609518e-14], "median": [0.00238402932882, 0.00173352030106, 0.000701535260305, 0.000811345991679, 0.000389923690818, 0.000271926459391, 0.000232693491853, 0.000102550409792, 5.27627198608e-05, 3.37565397786e-05, 3.15331017191e-05, 1.58029579325e-05, 1.2183751096e-05, 6.56940846966e-06, 3.32567788064e-06, 2.24955101658e-06, 1.71590272657e-06, 1.11187023322e-06, 9.61452769843e-07, 1.02562808024e-06, 6.14113503161e-07, 4.69488099952e-07, 3.88401588225e-07, 4.52079973456e-07, 5.2411633078e-07, 2.54647659403e-07, 2.28902194976e-07, 1.60668889748e-07, 1.31367357881e-07, 1.55906974442e-07, 1.50988427094e-07, 9.93967290697e-08, 8.23813195439e-08, 8.1920305206e-08, 6.63777797172e-08, 7.18603416772e-08, 6.95725503874e-08, 4.67526746206e-08, 2.82475589586e-08, 2.24861693709e-08]}, "silence_rate_60dB": {"dmean": 0.00976475793868, "dmean2": 0.01953125, "max": 1, "dvar": 0.00966710224748, "mean": 0.074915677309, "dvar2": 0.0221682470292, "min": 0, "var": 0.0693053230643, "median": 0}, "spectral_energyband_middle_high": {"dmean": 0.000346489105141, "dmean2": 0.000485204276629, "max": 0.0190571788698, "dvar": 3.08783171477e-07, "mean": 0.00133162818383, "dvar2": 5.78417029828e-07, "min": 1.5550713798e-21, "var": 2.87987950287e-06, "median": 0.000679911579937}, "erbbands_skewness": {"dmean": 0.451899081469, "dmean2": 0.685551702976, "max": 8.64362239838, "dvar": 0.215740889311, "mean": 1.61715650558, "dvar2": 0.513615429401, "min": -2.581158638, "var": 1.35441863537, "median": 1.5456520319}, "dynamic_complexity": 3.94916987419, "dissonance": {"dmean": 0.0302642378956, "dmean2": 0.0502267815173, "max": 0.500000059605, "dvar": 0.000699860975146, "mean": 0.421187967062, "dvar2": 0.00185435754247, "min": 0.216647729278, "var": 0.00193002820015, "median": 0.426903188229}, "spectral_skewness": {"dmean": 0.386672794819, "dmean2": 0.566366136074, "max": 7.88951539993, "dvar": 0.149596169591, "mean": 2.63196516037, "dvar2": 0.309745013714, "min": -0.0111599033698, "var": 1.09263634682, "median": 2.63156557083}, "spectral_kurtosis": {"dmean": 3.68221855164, "dmean2": 5.54346418381, "max": 87.5479354858, "dvar": 17.5556240082, "mean": 11.1199216843, "dvar2": 38.7127838135, "min": -1.20505011082, "var": 78.021156311, "median": 9.33145523071}, "gfcc": {"cov": [[14393.1757813, 672.336791992, -775.498779297, 982.043823242, -807.832397461, -149.031021118, 152.801681519, 278.766052246, 177.480743408, 227.373519897, -120.163627625, 104.845649719, -208.479049683], [672.336791992, 1643.71313477, 172.363540649, -213.63420105, 163.384338379, 0.859373450279, 16.4008197784, -42.1408576965, 56.8936958313, -89.4176635742, 104.814224243, -87.0763168335, 124.722427368], [-775.498779297, 172.363540649, 1039.03625488, -239.426849365, 321.344177246, 290.949920654, -97.115776062, 78.7261962891, -104.259666443, 2.14510536194, -25.7473430634, -5.75040340424, 44.4840965271], [982.043823242, -213.63420105, -239.426849365, 553.233459473, -48.6597633362, 9.2163476944, 217.242279053, 16.5896854401, 110.778083801, 35.915927887, -0.351269751787, 9.03037834167, -39.1807556152], [-807.832397461, 163.384338379, 321.344177246, -48.6597633362, 315.906860352, 149.301055908, 25.4881439209, 56.8064842224, -7.995429039, 7.5697479248, 19.2093296051, -17.4060192108, 31.2153301239], [-149.031021118, 0.859373450279, 290.949920654, 9.2163476944, 149.301055908, 214.926513672, 42.6764221191, 57.4674224854, -4.07304143906, 16.7062625885, -12.2427453995, -5.288189888, 2.91227173805], [152.801681519, 16.4008197784, -97.115776062, 217.242279053, 25.4881439209, 42.6764221191, 225.045043945, 41.2316894531, 93.3348388672, 25.1823730469, 20.8350734711, 4.94433450699, -3.80177235603], [278.766052246, -42.1408576965, 78.7261962891, 16.5896854401, 56.8064842224, 57.4674224854, 41.2316894531, 142.308990479, 46.7203292847, 42.0884094238, 10.4111175537, 11.9108428955, -0.995031356812], [177.480743408, 56.8936958313, -104.259666443, 110.778083801, -7.995429039, -4.07304143906, 93.3348388672, 46.7203292847, 137.748031616, 45.6108932495, 43.0949020386, 4.44976997375, -1.27392196655], [227.373519897, -89.4176635742, 2.14510536194, 35.915927887, 7.5697479248, 16.7062625885, 25.1823730469, 42.0884094238, 45.6108932495, 95.2920303345, 34.5255889893, 28.6296348572, -15.4137496948], [-120.163627625, 104.814224243, -25.7473430634, -0.351269751787, 19.2093296051, -12.2427453995, 20.8350734711, 10.4111175537, 43.0949020386, 34.5255889893, 91.4666213989, 32.72290802, 19.9036903381], [104.845649719, -87.0763168335, -5.75040340424, 9.03037834167, -17.4060192108, -5.288189888, 4.94433450699, 11.9108428955, 4.44976997375, 28.6296348572, 32.72290802, 77.57787323, 21.4031200409], [-208.479049683, 124.722427368, 44.4840965271, -39.1807556152, 31.2153301239, 2.91227173805, -3.80177235603, -0.995031356812, -1.27392196655, -15.4137496948, 19.9036903381, 21.4031200409, 80.4510650635]], "mean": [-63.6545257568, 126.30670929, -70.2677612305, 22.7982749939, -63.663898468, 3.42847490311, -30.3240756989, 4.7761964798, -20.5971279144, 2.3996257782, -13.0825881958, 3.81191396713, -8.62008571625], "icov": [[0.000202026538318, -0.000433116598288, 8.06182433735e-05, -0.000569269061089, 0.000653167779092, -0.000200412483537, 0.000424425612437, -0.000742118863855, 0.000433962093666, -0.000677187519614, 0.000804883486126, -0.000721769349184, 0.000507883611135], [-0.000433116598288, 0.00200549536385, -0.000393812370021, 0.00162764417473, -0.00153653754387, 0.00066795560997, -0.00131308671553, 0.00196163309738, -0.00160122988746, 0.00238152546808, -0.00332325324416, 0.00335776573047, -0.00232701003551], [8.06182433735e-05, -0.000393812370021, 0.002357943682, 0.000106540712295, -0.000804673240054, -0.00249807350338, 0.00115182239097, -0.000718567112926, 0.00107148278039, -0.00077928986866, 0.00100252614357, -0.000861919485033, -0.000135337133543], [-0.000569269061089, 0.00162764417473, 0.000106540712295, 0.00516620418057, -0.00178206304554, 0.000267534662271, -0.00413949228823, 0.00295740971342, -0.00253381137736, 0.00194958481006, -0.00153684860561, 0.00171514146496, -0.000761357543524], [0.000653167779092, -0.00153653754387, -0.000804673240054, -0.00178206304554, 0.00839823018759, -0.00311079947278, 0.000476161891129, -0.0035118854139, 0.00267464411445, -0.00244628754444, -1.8589801698e-08, 0.000490722479299, -7.203068526e-05], [-0.000200412483537, 0.00066795560997, -0.00249807350338, 0.000267534662271, -0.00311079947278, 0.0107811680064, -0.00288347480819, -0.000380116398446, -0.000179482507519, -5.45856491954e-05, 0.000878675025888, 0.000682414509356, 0.000220228510443], [0.000424425612437, -0.00131308671553, 0.00115182239097, -0.00413949228823, 0.000476161891129, -0.00288347480819, 0.0107308011502, -0.00241001904942, -0.00264535448514, -0.000480280199554, 0.00186330080032, -0.00261100148782, 0.00097929162439], [-0.000742118863855, 0.00196163309738, -0.000718567112926, 0.00295740971342, -0.0035118854139, -0.000380116398446, -0.00241001904942, 0.0131192672998, -0.00550594041124, 2.99425464618e-05, -0.00120386178605, 0.00146246224176, -0.0018745145062], [0.000433962093666, -0.00160122988746, 0.00107148278039, -0.00253381137736, 0.00267464411445, -0.000179482507519, -0.00264535448514, -0.00550594041124, 0.0170286018401, -0.00646957429126, -0.00302035058849, 0.00235833437182, -0.00029395511956], [-0.000677187519614, 0.00238152546808, -0.00077928986866, 0.00194958481006, -0.00244628754444, -5.45856491954e-05, -0.000480280199554, 2.99425464618e-05, -0.00646957429126, 0.0211970731616, -0.00813197251409, -0.00218644435517, 0.00341456383467], [0.000804883486126, -0.00332325324416, 0.00100252614357, -0.00153684860561, -1.8589801698e-08, 0.000878675025888, 0.00186330080032, -0.00120386178605, -0.00302035058849, -0.00813197251409, 0.0243415683508, -0.0119536034763, 0.00152847333811], [-0.000721769349184, 0.00335776573047, -0.000861919485033, 0.00171514146496, 0.000490722479299, 0.000682414509356, -0.00261100148782, 0.00146246224176, 0.00235833437182, -0.00218644435517, -0.0119536034763, 0.0260643903166, -0.0104427738115], [0.000507883611135, -0.00232701003551, -0.000135337133543, -0.000761357543524, -7.203068526e-05, 0.000220228510443, 0.00097929162439, -0.0018745145062, -0.00029395511956, 0.00341456383467, 0.00152847333811, -0.0104427738115, 0.0201502684504]]}, "spectral_complexity": {"dmean": 1.37807369232, "dmean2": 2.26331686974, "max": 28, "dvar": 1.754966259, "mean": 10.1143264771, "dvar2": 4.08408689499, "min": 0, "var": 19.532081604, "median": 10}, "spectral_flux": {"dmean": 0.0239900052547, "dmean2": 0.0384163334966, "max": 0.427727043629, "dvar": 0.00109716097359, "mean": 0.0650045201182, "dvar2": 0.0022905068472, "min": 1.06291288271e-10, "var": 0.00213619857095, "median": 0.0558219067752}, "spectral_energyband_low": {"dmean": 0.0058535784483, "dmean2": 0.0100533869117, "max": 0.238849371672, "dvar": 0.000257422798313, "mean": 0.0151396077126, "dvar2": 0.000730108993594, "min": 3.84606231332e-23, "var": 0.000291796372039, "median": 0.0128815229982}, "spectral_decrease": {"dmean": 2.49054799006e-09, "dmean2": 4.12247525006e-09, "max": 7.0277509688e-17, "dvar": 2.01419157445e-17, "mean": -9.05339891943e-09, "dvar2": 5.56229860501e-17, "min": -6.70532926961e-08, "var": 4.22088958413e-17, "median": -8.55781401299e-09}, "barkbands_spread": {"dmean": 2.63095927238, "dmean2": 3.92082905769, "max": 152.092132568, "dvar": 26.5058441162, "mean": 10.4406585693, "dvar2": 55.0149536133, "min": 0.28364354372, "var": 202.615615845, "median": 5.92418575287}, "spectral_rms": {"dmean": 0.000742605421692, "dmean2": 0.00119031232316, "max": 0.0157958138734, "dvar": 1.0792990679e-06, "mean": 0.00541263166815, "dvar2": 2.76964988188e-06, "min": 3.31998209306e-12, "var": 5.27323072674e-06, "median": 0.00571471592411}, "spectral_centroid": {"dmean": 107.166885376, "dmean2": 157.769271851, "max": 11157.2636719, "dvar": 49362.890625, "mean": 669.474853516, "dvar2": 84330.84375, "min": 141.726348877, "var": 466829.375, "median": 427.915710449}, "barkbands_skewness": {"dmean": 0.68236130476, "dmean2": 1.04599416256, "max": 18.1294174194, "dvar": 0.748854219913, "mean": 2.3583073616, "dvar2": 1.7637680769, "min": -4.20001792908, "var": 3.36861991882, "median": 1.97181200981}, "spectral_rolloff": {"dmean": 171.805267334, "dmean2": 287.982330322, "max": 19078.4179688, "dvar": 507577.21875, "mean": 783.630737305, "dvar2": 1139052.875, "min": 64.599609375, "var": 3259507.75, "median": 409.130859375}, "erbbands_spread": {"dmean": 6.92442083359, "dmean2": 10.3556289673, "max": 156.077316284, "dvar": 98.2620391846, "mean": 26.4213886261, "dvar2": 215.671188354, "min": 1.31982254982, "var": 413.850494385, "median": 18.9697647095}, "barkbands": {"dmean": [0.000107993248093, 0.0042333798483, 0.00189521850552, 0.00121774908621, 0.00309865362942, 0.00140599941369, 0.00149433431216, 0.000727245002054, 0.000248808966717, 0.000218972956645, 0.000132409695652, 4.53278735222e-05, 3.01151849271e-05, 2.70925520454e-05, 1.97695771931e-05, 2.50264056376e-05, 1.62509131769e-05, 2.65565995505e-05, 5.4109186749e-05, 2.53791386058e-05, 0.000152018285007, 4.70370105177e-05, 2.23707429541e-05, 1.50897067215e-05, 1.19485912364e-05, 1.25036995087e-05, 2.60270121544e-06], "dmean2": [0.000175486609805, 0.00725011667237, 0.0033266111277, 0.0020858834032, 0.00518409721553, 0.00210337527096, 0.00225031701848, 0.000984385143965, 0.000351782568032, 0.000304091023281, 0.000197980742087, 7.16404756531e-05, 4.8245103244e-05, 4.258889021e-05, 3.06276742776e-05, 3.7877853174e-05, 2.52970658039e-05, 3.90975110349e-05, 7.53669155529e-05, 3.63158433174e-05, 0.000203743489692, 6.05659224675e-05, 3.00719129882e-05, 2.15772452066e-05, 1.87267269212e-05, 2.01448165171e-05, 4.20523201683e-06], "max": [0.00400245236233, 0.171117007732, 0.076788470149, 0.0537446290255, 0.117645710707, 0.0779979452491, 0.0634762868285, 0.0586473420262, 0.026344191283, 0.0117235695943, 0.00905737653375, 0.00392629206181, 0.00133080803789, 0.00153405952733, 0.00107246171683, 0.00362694519572, 0.00232822378166, 0.00238498556428, 0.00792727526277, 0.00385910854675, 0.0208752546459, 0.0109868245199, 0.00433426070958, 0.00251556979492, 0.000745065568481, 0.000871848198585, 0.00024783302797], "dvar": [5.37856301719e-08, 0.000136097994982, 2.6226078262e-05, 5.30352463102e-06, 2.19823650696e-05, 1.15762577479e-05, 9.31274007598e-06, 4.46482408734e-06, 4.62937066459e-07, 1.91237788272e-07, 7.49017630142e-08, 8.06165534328e-09, 3.1354567831e-09, 3.68996211364e-09, 1.98591854073e-09, 5.3457966942e-09, 2.21114615506e-09, 5.45271872099e-09, 3.16885504503e-08, 6.27878371517e-09, 4.05383190127e-07, 4.46106938057e-08, 8.16029199768e-09, 3.74750186438e-09, 1.13500953081e-09, 1.28602839489e-09, 9.81579123538e-11], "mean": [0.000288660550723, 0.0108361374587, 0.00313448510133, 0.00193259539083, 0.00615235883743, 0.00394194340333, 0.00430467817932, 0.00201166048646, 0.000656612508465, 0.000512374215759, 0.000319907674566, 9.46604413912e-05, 6.16439720034e-05, 5.60926673643e-05, 4.39258074039e-05, 5.73368160985e-05, 3.94729577238e-05, 6.86966450303e-05, 0.000167393940501, 7.30016836314e-05, 0.000458923255792, 0.000116461109428, 4.70812847198e-05, 2.81375632767e-05, 1.44740324686e-05, 1.28730680444e-05, 2.49543336395e-06], "dvar2": [1.36013355245e-07, 0.000389299850212, 7.38006128813e-05, 1.51321619342e-05, 5.87500544498e-05, 2.84997640847e-05, 2.2747211915e-05, 8.36209437693e-06, 9.21361277051e-07, 4.00508724852e-07, 1.63520823548e-07, 1.74929972729e-08, 7.55704387956e-09, 8.40582803363e-09, 4.4263104293e-09, 1.0383829796e-08, 5.07410602424e-09, 1.0881468171e-08, 5.39777964548e-08, 1.14004015117e-08, 7.09778930741e-07, 6.04729422093e-08, 1.27336639011e-08, 6.43668407463e-09, 2.64289501395e-09, 3.01819369497e-09, 2.32793659349e-10], "min": [1.83874973086e-23, 4.94421254474e-24, 7.59172913914e-24, 3.27850182002e-23, 2.05731121772e-23, 3.41194048204e-23, 7.46053841516e-23, 1.02244747864e-22, 7.41962430208e-23, 5.67914407858e-23, 1.21566671425e-22, 3.12721912433e-23, 1.2832313255e-22, 1.07693523732e-22, 1.37583034291e-22, 2.19469964318e-22, 1.53757560612e-22, 1.87655671016e-22, 2.81275966687e-22, 2.61329322086e-22, 6.18671321466e-22, 5.90900287402e-22, 7.25799490675e-22, 8.08368009147e-22, 1.2257408088e-21, 1.80810877665e-21, 2.55667289979e-21], "var": [2.08984644701e-07, 0.000159476097906, 2.47594816756e-05, 8.56676706462e-06, 6.4470928919e-05, 5.14913554071e-05, 5.0023147196e-05, 2.5791259759e-05, 2.31938565776e-06, 7.84879432558e-07, 4.13549003042e-07, 2.51603680113e-08, 9.22756981936e-09, 1.60877782207e-08, 8.56376036751e-09, 2.8346130776e-08, 8.95791529842e-09, 2.92916570999e-08, 2.19500762455e-07, 4.30007922603e-08, 2.81314737549e-06, 2.3039065411e-07, 3.22006847853e-08, 1.22442429529e-08, 1.4243056734e-09, 1.40104727819e-09, 9.53883638743e-11], "median": [4.86000062665e-05, 0.00863451138139, 0.00156867550686, 0.000892432581168, 0.00371516542509, 0.00127454195172, 0.000981586053967, 0.00031707182643, 0.000215570558794, 0.000185668148333, 0.000102905731183, 4.61949239252e-05, 2.68435978796e-05, 1.55228117364e-05, 1.22134679259e-05, 1.00432216641e-05, 8.16989359009e-06, 8.88030263013e-06, 1.07712940007e-05, 6.51963091514e-06, 6.88770705892e-06, 4.92429489896e-06, 4.53978009318e-06, 5.08111361341e-06, 2.81803022517e-06, 2.06274125958e-06, 1.41490090755e-07]}, "melbands_kurtosis": {"dmean": 10.0389051437, "dmean2": 15.8562078476, "max": 848.718078613, "dvar": 603.044616699, "mean": 21.5483398438, "dvar2": 1501.00817871, "min": -1.79671502113, "var": 1617.67260742, "median": 11.5717105865}, "erbbands_crest": {"dmean": 2.63560414314, "dmean2": 4.13019514084, "max": 32.7130889893, "dvar": 6.33382368088, "mean": 13.3951644897, "dvar2": 15.7380838394, "min": 2.48900985718, "var": 34.1418914795, "median": 12.2732639313}, "melbands_skewness": {"dmean": 0.715214431286, "dmean2": 1.1180576086, "max": 23.3092193604, "dvar": 0.83041447401, "mean": 2.62292981148, "dvar2": 2.05765748024, "min": -1.53865659237, "var": 3.1717467308, "median": 2.342877388}, "spectral_energyband_middle_low": {"dmean": 0.0056985556148, "dmean2": 0.00909460987896, "max": 0.123920716345, "dvar": 4.99927155033e-05, "mean": 0.0192825365812, "dvar2": 0.000129214196932, "min": 3.55295277673e-22, "var": 0.000226750984439, "median": 0.0164530687034}, "spectral_contrast_coeffs": {"dmean": [0.0478911325336, 0.0395554751158, 0.0333419106901, 0.0273025073111, 0.0211213044822, 0.0182979833335], "dmean2": [0.0792937800288, 0.0629856958985, 0.0525606125593, 0.0432897433639, 0.0316444858909, 0.0266323704273], "max": [-0.258789360523, -0.330621659756, -0.480322986841, -0.573913156986, -0.50721848011, -0.454977065325], "dvar": [0.00163229031023, 0.00112806563266, 0.000750339764636, 0.000513614795636, 0.000442818534793, 0.000391353620216], "mean": [-0.636795759201, -0.673817694187, -0.72615146637, -0.778639674187, -0.792212128639, -0.784675836563], "dvar2": [0.00433467375115, 0.00274161132984, 0.00178393232636, 0.00122161069885, 0.000793817220256, 0.000646536645945], "min": [-0.940925061703, -0.955934226513, -0.958082854748, -0.962245166302, -0.960794627666, -0.960800111294], "var": [0.00904315430671, 0.00969682261348, 0.00407658983022, 0.00320304743946, 0.00634590769187, 0.00636419001967], "median": [-0.6498888731, -0.682497680187, -0.72664129734, -0.784603357315, -0.819427728653, -0.815309107304]}, "spectral_contrast_valleys": {"dmean": [0.360993087292, 0.283315300941, 0.281951516867, 0.281426817179, 0.275993794203, 0.336773782969], "dmean2": [0.574283659458, 0.4543376863, 0.448121845722, 0.42965695262, 0.383353441954, 0.414058238268], "max": [-5.04035663605, -4.97072601318, -6.12862014771, -6.91866111755, -6.79700374603, -8.29943943024], "dvar": [0.14978428185, 0.0771667733788, 0.0749261900783, 0.0831048861146, 0.0959960743785, 0.15194915235], "mean": [-7.04621267319, -6.91905117035, -8.21364879608, -9.08994483948, -9.18233966827, -11.1058712006], "dvar2": [0.303173452616, 0.162283316255, 0.154679954052, 0.1568531394, 0.167786061764, 0.245316013694], "min": [-27.5445632935, -27.9958133698, -27.5179176331, -27.2608089447, -27.1754684448, -27.2566738129], "var": [2.3447291851, 1.65433990955, 1.30611693859, 1.03907239437, 1.0378973484, 1.16753315926], "median": [-6.58177375793, -6.688996315, -8.01237297058, -8.93660354614, -9.0772895813, -11.0682172775]}, "silence_rate_20dB": {"dmean": 0, "dmean2": 0, "max": 1, "dvar": 0, "mean": 1, "dvar2": 0, "min": 1, "var": 0, "median": 1}, "silence_rate_30dB": {"dmean": 0.0106524629518, "dmean2": 0.0213068183511, "max": 1, "dvar": 0.0105392849073, "mean": 0.991833865643, "dvar2": 0.0258267596364, "min": 0, "var": 0.00809963513166, "median": 1}, "spectral_strongpeak": {"dmean": 0.479588419199, "dmean2": 0.82418847084, "max": 28.4662075043, "dvar": 2.1353263855, "mean": 1.07734465599, "dvar2": 5.52679347992, "min": 0, "var": 4.24908494949, "median": 0.4696380198}, "spectral_spread": {"dmean": 756600.3125, "dmean2": 1049950.875, "max": 39921960, "dvar": 953656279040, "mean": 4268639.5, "dvar2": 1717899624450.0, "min": 1028506.0625, "var": 3306684940290.0, "median": 3856401}, "barkbands_flatness_db": {"dmean": 0.023255193606, "dmean2": 0.0336024835706, "max": 0.439805835485, "dvar": 0.000573612982407, "mean": 0.222065925598, "dvar2": 0.0012413575314, "min": 0.0176325216889, "var": 0.00401174463332, "median": 0.221631407738}, "pitch_salience": {"dmean": 0.0635566189885, "dmean2": 0.105105161667, "max": 0.929232418537, "dvar": 0.00385724706575, "mean": 0.492404907942, "dvar2": 0.0104038231075, "min": 0.0880040302873, "var": 0.0130586130545, "median": 0.49166238308}, "erbbands_kurtosis": {"dmean": 2.84253644943, "dmean2": 4.44827222824, "max": 113.013175964, "dvar": 20.8202724457, "mean": 5.85315179825, "dvar2": 51.9232788086, "min": -1.81463968754, "var": 63.8573913574, "median": 3.74950909615}, "average_loudness": 0.864287912846, "barkbands_crest": {"dmean": 2.24170684814, "dmean2": 3.67109203339, "max": 26.1225795746, "dvar": 4.69732427597, "mean": 12.8605508804, "dvar2": 12.3633460999, "min": 3.36455416679, "var": 18.9350261688, "median": 12.0014667511}, "hfc": {"dmean": 3.27110600471, "dmean2": 4.69349336624, "max": 152.769348145, "dvar": 31.7362823486, "mean": 13.940372467, "dvar2": 53.0738143921, "min": 1.25967325314e-16, "var": 280.074371338, "median": 9.02730369568}, "barkbands_kurtosis": {"dmean": 7.39262294769, "dmean2": 11.5425882339, "max": 502.478881836, "dvar": 261.551696777, "mean": 16.1449699402, "dvar2": 612.260192871, "min": -1.92984807491, "var": 882.195739746, "median": 7.94282388687}, "erbbands": {"dmean": [0.0994928628206, 1.04821336269, 2.32354974747, 2.84213018417, 8.2907333374, 11.4975738525, 7.73498678207, 15.1689052582, 23.4652328491, 19.0639839172, 8.83804321289, 5.79508209229, 7.28001880646, 4.47736644745, 3.84085774422, 1.85603713989, 1.34843730927, 1.39681696892, 0.793095827103, 1.2873967886, 1.15835142136, 0.726484000683, 1.42837393284, 2.90629434586, 1.98477113247, 1.07458841801, 1.53691446781, 8.30850315094, 1.61154603958, 2.02613735199, 0.594985187054, 0.44128075242, 0.162890598178, 0.116557955742, 0.0978767424822, 0.0520471222699, 0.0253188405186, 0.00452849362046, 0.000488840509206, 2.29334946198e-05], "dmean2": [0.163217067719, 1.82087671757, 4.1178278923, 4.82648897171, 13.5780725479, 19.7109661102, 12.8773069382, 22.5518665314, 35.5574264526, 26.290397644, 12.5310554504, 8.26851272583, 10.183391571, 6.56489086151, 5.78621244431, 2.90623545647, 2.17027854919, 2.17136096954, 1.2696980238, 1.94136917591, 1.76551163197, 1.11324489117, 2.09672188759, 4.08955430984, 2.7637655735, 1.54609787464, 2.10920023918, 11.2150802612, 2.1294324398, 2.53172016144, 0.78859269619, 0.611344635487, 0.25086286664, 0.18491153419, 0.152848288417, 0.0827221795917, 0.0412770844996, 0.0072985063307, 0.000791815866251, 3.695295527e-05], "max": [4.01479625702, 41.732006073, 96.9364395142, 130.901000977, 346.358062744, 369.347137451, 405.35848999, 981.159240723, 1230.67834473, 1070.3104248, 573.94543457, 623.940368652, 424.03616333, 290.306182861, 157.234741211, 194.716918945, 59.6515083313, 83.7707901001, 40.5711631775, 189.919296265, 250.521591187, 92.5896606445, 168.113967896, 567.366027832, 167.838516235, 251.186981201, 196.466873169, 1313.14941406, 200.1171875, 450.632781982, 82.6304092407, 99.9080123901, 10.7285699844, 7.48653268814, 6.51803731918, 3.92931056023, 1.54835617542, 0.292402744293, 0.0551011934876, 0.00154289987404], "dvar": [0.0580505281687, 8.97095298767, 44.5051994324, 30.638715744, 196.419662476, 310.706329346, 213.016845703, 1543.65588379, 2734.57299805, 2113.71459961, 485.255157471, 223.785491943, 251.350082397, 87.6469116211, 58.3475151062, 12.9992427826, 5.69584321976, 9.52633190155, 2.2354016304, 10.8956880569, 13.4234170914, 4.18420314789, 19.4455337524, 107.17628479, 39.2800445557, 14.1397266388, 33.7033996582, 1354.88342285, 32.5540733337, 88.1590499878, 5.43644571304, 4.97339057922, 0.177262127399, 0.109974429011, 0.0813154801726, 0.0232625994831, 0.00495718093589, 0.000175627312274, 4.29278861702e-06, 4.80390260904e-09], "mean": [0.298942267895, 2.42846083641, 4.0916519165, 5.23392438889, 14.2387685776, 21.4408912659, 16.5700969696, 42.9974784851, 68.7229614258, 56.6007080078, 25.5251636505, 15.7670822144, 17.8434562683, 11.8595123291, 9.04640674591, 4.26598024368, 2.93370342255, 3.1176636219, 1.79067647457, 3.31478643417, 2.84078264236, 1.91035175323, 4.11870384216, 8.56746864319, 6.18536281586, 3.18428754807, 4.54831171036, 24.9849681854, 4.35866212845, 5.07966566086, 1.32077372074, 0.880203962326, 0.246692210436, 0.143050804734, 0.116876021028, 0.0575797371566, 0.0247875228524, 0.00446070171893, 0.000470569066238, 5.32781996299e-05], "dvar2": [0.157017201185, 25.8790569305, 126.886138916, 82.6968307495, 488.356658936, 914.393554688, 597.7265625, 3684.61572266, 6943.60107422, 4130.43945313, 1047.06884766, 471.185577393, 531.264892578, 188.929870605, 135.696792603, 28.5870475769, 13.846578598, 21.3359832764, 5.57936239243, 21.3431529999, 24.2643623352, 9.98969078064, 38.1444587708, 187.423934937, 67.5729064941, 26.1226272583, 56.0709724426, 2393.38989258, 48.3938751221, 116.850120544, 8.60329341888, 8.47494602203, 0.414458870888, 0.263714969158, 0.190331846476, 0.0535699389875, 0.0117857605219, 0.000415142421843, 1.0309478057e-05, 1.16687894902e-08], "min": [1.0289918056e-22, 1.25254592371e-21, 6.98734003708e-21, 7.85562894113e-20, 3.93075903968e-20, 7.42050221213e-20, 1.74396323852e-19, 3.96672885937e-19, 6.46579322583e-19, 1.2478377296e-18, 3.08255762226e-18, 2.09274937217e-18, 1.27103115019e-18, 3.49665333589e-18, 3.82178494746e-18, 1.67759197222e-18, 5.81932314279e-18, 5.78636495846e-18, 4.73620540409e-18, 9.71738613685e-18, 1.17012564133e-17, 9.63437938956e-18, 1.03562309588e-17, 1.38961313651e-17, 1.34258171483e-17, 1.22341741404e-17, 1.61945469956e-17, 2.76468460328e-17, 1.86837187473e-17, 2.45573545691e-17, 1.8674369952e-17, 1.91592731532e-17, 1.31386804238e-17, 1.22907168984e-17, 9.37363303533e-18, 6.70564758273e-18, 3.15438667793e-18, 1.71463777295e-18, 2.81601283533e-19, 3.66924782772e-20], "var": [0.11212708801, 9.49777126312, 38.1618347168, 51.9868011475, 475.999328613, 795.15826416, 572.69317627, 6805.64941406, 14652.7890625, 11381.8398438, 2599.06933594, 1034.64807129, 948.666137695, 463.970581055, 223.443588257, 41.5736351013, 16.6205253601, 43.343208313, 6.62078809738, 52.4777374268, 65.1192550659, 16.0937328339, 115.919960022, 709.541320801, 275.660919189, 88.6352005005, 223.814331055, 9670.87011719, 176.942550659, 445.174957275, 22.7526855469, 16.8036346436, 0.280716270208, 0.129942849278, 0.102421946824, 0.0274464245886, 0.00517421728, 0.000181341325515, 3.9785604713e-06, 5.18191622945e-09], "median": [0.208712935448, 1.56199669838, 2.41146087646, 2.79530191422, 7.83709907532, 11.994644165, 9.29315185547, 11.9154939651, 16.8429946899, 13.4876060486, 8.01267910004, 6.11307048798, 6.84755897522, 4.49676799774, 3.90310502052, 2.25415468216, 1.54880583286, 1.06485033035, 0.900134921074, 0.946417510509, 0.716316223145, 0.498777031898, 0.564727187157, 0.690089821815, 0.387027829885, 0.290223777294, 0.249745875597, 0.280622899532, 0.185410916805, 0.155333161354, 0.132363021374, 0.120789527893, 0.067316301167, 0.03112834692, 0.0211129449308, 0.0112217254937, 0.00319897942245, 0.000467541569378, 4.40004951088e-05, 4.244640877e-05]}, "spectral_energy": {"dmean": 0.00961165688932, "dmean2": 0.0158683024347, "max": 0.255745410919, "dvar": 0.000293873861665, "mean": 0.0354341082275, "dvar2": 0.000810238532722, "min": 1.12978379858e-20, "var": 0.000637094548438, "median": 0.0334744304419}, "zerocrossingrate": {"dmean": 0.00666814902797, "dmean2": 0.00813107099384, "max": 0.6201171875, "dvar": 0.000114564201795, "mean": 0.0350683555007, "dvar2": 0.000141733122291, "min": 0.001953125, "var": 0.00251442892477, "median": 0.02197265625}, "spectral_energyband_high": {"dmean": 0.000245145143708, "dmean2": 0.000325378467096, "max": 0.0237477198243, "dv