{"tonal": {"chords_key": "B", "hpcp_entropy": {"dmean": 0.293614923954, "dmean2": 0.490178287029, "max": 3.42682123184, "dvar": 0.137004718184, "mean": 1.34922480583, "dvar2": 0.339663416147, "min": 0, "var": 0.325911551714, "median": 1.3866724968}, "key_key": "E", "chords_strength": {"dmean": 0.00711784791201, "dmean2": 0.00413159327582, "max": 0.703972935677, "dvar": 0.000398948701331, "mean": 0.486894845963, "dvar2": 0.000741377589293, "min": -1, "var": 0.0173275582492, "median": 0.501556277275}, "key_scale": "major", "chords_number_rate": 0.00190548785031, "thpcp": [1, 0.484254509211, 0.0239432770759, 0.013620454818, 0.0289306733757, 0.163985073566, 0.282133668661, 0.16753128171, 0.269011348486, 0.472200274467, 0.262590795755, 0.227729275823, 0.337503492832, 0.163774311543, 0.206888839602, 0.335450649261, 0.164951533079, 0.0386694073677, 0.0412669368088, 0.0376594848931, 0.127403989434, 0.196762278676, 0.0973959639668, 0.016520421952, 0.014952564612, 0.011347476393, 0.0225999653339, 0.031979739666, 0.0452907085419, 0.233366400003, 0.345606595278, 0.153090938926, 0.0185043793172, 0.0162794422358, 0.0394347123802, 0.564187943935], "key_strength": 0.60103905201, "tuning_nontempered_energy_ratio": 0.584488213062, "tuning_frequency": 441.272583008, "chords_changes_rate": 0.0352515242994, "tuning_diatonic_strength": 0.463060498238, "chords_scale": "major", "chords_histogram": [4.40167665482, 2.83917689323, 41.6730194092, 0, 0.952743887901, 1.41006100178, 0, 0, 0, 0, 0, 0, 0.0190548785031, 0.609756112099, 0, 0.819359779358, 0, 1.2957316637, 1.35289633274, 15.4153966904, 6.84070110321, 3.48704266548, 18.0068588257, 0.87652438879], "tuning_equal_tempered_deviation": 0.00122525799088, "hpcp": {"dmean": [0.0543087385595, 0.0372792594135, 0.0144377490506, 0.0113871581852, 0.0250944588333, 0.0729622989893, 0.058913692832, 0.0675255134702, 0.0187370385975, 0.0105704236776, 0.0175457987934, 0.0414557866752, 0.0497731529176, 0.0495704114437, 0.0401009619236, 0.0380558781326, 0.0507964193821, 0.0504653826356, 0.0529766529799, 0.0375153273344, 0.0432400628924, 0.0475517511368, 0.038931760937, 0.0156999491155, 0.0111992834136, 0.0153078502044, 0.0272476226091, 0.0331418439746, 0.0194173883647, 0.00866593699902, 0.00744297588244, 0.00670674443245, 0.00950492266566, 0.0129477167502, 0.0210213027894, 0.0478348210454], "dmean2": [0.0840501263738, 0.0611629262567, 0.0272630061954, 0.0212944932282, 0.0450583994389, 0.119573459029, 0.096140101552, 0.112095497549, 0.0343452468514, 0.0196460522711, 0.0313799083233, 0.069522768259, 0.0809314996004, 0.079541400075, 0.0659000352025, 0.0625633075833, 0.0880391299725, 0.0843980312347, 0.0848400965333, 0.0603507496417, 0.0687604621053, 0.0711382552981, 0.060621291399, 0.028212485835, 0.0200455728918, 0.0267009902745, 0.0441361777484, 0.0518422089517, 0.0311295315623, 0.0153347859159, 0.0127738043666, 0.0118964696303, 0.0161951109767, 0.0215863008052, 0.0356502979994, 0.0770336389542], "max": [1, 1, 1, 1, 1, 1, 1, 1, 1, 1, 1, 1, 1, 1, 1, 1, 1, 1, 1, 1, 1, 1, 1, 1, 1, 1, 1, 1, 1, 1, 1, 1, 1, 1, 1, 1], "dvar": [0.0149898529053, 0.00957933627069, 0.00517149548978, 0.00367751717567, 0.00766944186762, 0.0166858937591, 0.0252146534622, 0.0151773737743, 0.00606871815398, 0.0044720233418, 0.00630520377308, 0.0126941669732, 0.0207899995148, 0.0146693233401, 0.0112178912386, 0.0156893134117, 0.0128631908447, 0.0146109582856, 0.0202257130295, 0.00778320012614, 0.0132986903191, 0.0170299224555, 0.0115091539919, 0.00534078897908, 0.00492097670212, 0.00530531816185, 0.00847223680466, 0.0107905641198, 0.00400302279741, 0.00267235655338, 0.00211506080814, 0.00134882540442, 0.00290529849008, 0.00385533948429, 0.00529185449705, 0.0118757979944], "mean": [0.179205700755, 0.0793814957142, 0.00959498528391, 0.00844130013138, 0.0204478893429, 0.292545616627, 0.518525123596, 0.251098126173, 0.0124151911587, 0.00706254784018, 0.0150012811646, 0.0850303843617, 0.146293401718, 0.0868691802025, 0.139489144087, 0.2448477, 0.136159926653, 0.11808335036, 0.175004035234, 0.084921091795, 0.107277058065, 0.173939585686, 0.0855315104127, 0.0200510583818, 0.0213979426771, 0.0195273887366, 0.0660621672869, 0.102026186883, 0.050502255559, 0.00856625381857, 0.00775328045711, 0.00588395167142, 0.0117186494172, 0.0165822990239, 0.0234843697399, 0.121006339788], "dvar2": [0.0305254925042, 0.0244474243373, 0.0150333028287, 0.0102323256433, 0.0201245676726, 0.0411835685372, 0.0517789684236, 0.0388530418277, 0.0165851656348, 0.0117838596925, 0.0163452513516, 0.0298436433077, 0.042330339551, 0.033112321049, 0.0271063894033, 0.0308357439935, 0.0328185074031, 0.0341359004378, 0.0403437800705, 0.0185489561409, 0.0314900018275, 0.0350295640528, 0.0272175054997, 0.013654852286, 0.0123513452709, 0.0141937034205, 0.0196145474911, 0.0227497350425, 0.00949358567595, 0.00667951442301, 0.00472722575068, 0.00351338391192, 0.00789569690824, 0.00991118699312, 0.0126160122454, 0.026852786541], "min": [0, 0, 0, 0, 0, 0, 0, 0, 0, 0, 0, 0, 0, 0, 0, 0, 0, 0, 0, 0, 0, 0, 0, 0, 0, 0, 0, 0, 0, 0, 0, 0, 0, 0, 0, 0], "var": [0.078246563673, 0.0183934178203, 0.00305703328922, 0.0025062689092, 0.0067485049367, 0.0722554400563, 0.210504859686, 0.056865401566, 0.0041273185052, 0.0033058039844, 0.00623741745949, 0.0313903279603, 0.0833478346467, 0.0313973501325, 0.0554122850299, 0.15864020586, 0.0436876863241, 0.0410459749401, 0.091164201498, 0.0189262889326, 0.043550260365, 0.101850636303, 0.0299009718001, 0.0106553435326, 0.0165901482105, 0.00734342960641, 0.0230582300574, 0.0420222058892, 0.00959536619484, 0.00326888985001, 0.00345153920352, 0.00130974024069, 0.00332120270468, 0.00506003433838, 0.00782627705485, 0.0418156012893], "median": [0.0529198013246, 0.0241650603712, 0.000186176388524, 0.000126851489767, 0.00156725081615, 0.298495173454, 0.556089758873, 0.227797776461, 0.000189627840882, 3.06195070152e-05, 0.000124098995002, 0.000870050862432, 0.000963497441262, 0.00315166497603, 0.000273629324511, 0.000141690688906, 0.0102859614417, 0.00860733538866, 0.00952564366162, 0.0121136773378, 0.00412631453946, 0.00623582210392, 0.0039797318168, 0.000296382466331, 0.000196338485694, 0.000543845468201, 0.0196261331439, 0.0358664318919, 0.0190738365054, 0.00041916227201, 6.88881991664e-05, 4.86334247398e-05, 0.000268135394435, 0.000445530662546, 0.0017361450009, 0.0296333655715]}}, "lowlevel": {"melbands_flatness_db": {"dmean": 0.0239424183965, "dmean2": 0.0356099270284, "max": 0.841219067574, "dvar": 0.000762168725487, "mean": 0.513666272163, "dvar2": 0.00153430760838, "min": -3.27888187712e-07, "var": 0.0129780098796, "median": 0.525955915451}, "melbands_crest": {"dmean": 2.07550024986, "dmean2": 3.41779589653, "max": 34.6310844421, "dvar": 4.88276338577, "mean": 15.4059667587, "dvar2": 13.4286899567, "min": 1.0007750988, "var": 22.1390666962, "median": 14.5044822693}, "spectral_entropy": {"dmean": 0.156322866678, "dmean2": 0.23926307261, "max": 9.82008361816, "dvar": 0.0421779379249, "mean": 5.22059297562, "dvar2": 0.0893874540925, "min": 2.93981528282, "var": 0.523299336433, "median": 5.15806245804}, "melbands": {"dmean": [8.55948928802e-06, 0.000188076373888, 0.000415607501054, 0.000549704127479, 0.000665786617901, 0.000164343990036, 7.62979179854e-05, 5.84996851103e-05, 6.70169101795e-05, 5.02470720676e-05, 1.59975061251e-05, 1.52383172463e-05, 1.08585027192e-05, 1.79253959232e-06, 1.73876480858e-06, 1.49991058151e-06, 2.43279123424e-06, 2.80130529973e-06, 1.11189297058e-06, 7.44067563119e-07, 2.97756884038e-07, 2.68218570909e-07, 3.3513742892e-07, 5.89148271501e-07, 2.50361296139e-07, 9.6883717049e-08, 1.30280042754e-07, 2.41850642624e-07, 1.47423946828e-07, 5.9658624707e-08, 4.54706956532e-08, 7.99255843731e-08, 4.92527192364e-08, 3.06796543725e-08, 2.91570128041e-08, 2.37396804437e-08, 1.36100739567e-08, 8.28057267199e-09, 9.26425514081e-09, 3.5607556903e-09], "dmean2": [1.42581202454e-05, 0.000279651867459, 0.00059809407685, 0.000906225293875, 0.00108878314495, 0.000235546074691, 0.000111662404379, 8.24174567242e-05, 8.49619536893e-05, 5.50646691408e-05, 1.96923319891e-05, 1.63274362421e-05, 1.10654518721e-05, 2.42539954343e-06, 2.22131575356e-06, 1.75966317784e-06, 2.88707610707e-06, 3.3463481941e-06, 1.47910679971e-06, 9.91073648038e-07, 3.73739879933e-07, 3.41579919905e-07, 4.31751885799e-07, 7.35348578473e-07, 3.36410266755e-07, 1.20841733064e-07, 1.51593283704e-07, 3.08966065177e-07, 2.04605939302e-07, 8.37028295564e-08, 7.11118417485e-08, 1.28723726789e-07, 6.59053256413e-08, 3.8408145997e-08, 4.12243643666e-08, 3.39046621889e-08, 1.91090219204e-08, 1.23799033247e-08, 1.40412677041e-08, 5.28691801449e-09], "max": [0.000428128609201, 0.00709058530629, 0.0180656109005, 0.0315307378769, 0.0194511990994, 0.0136463679373, 0.010414856486, 0.00910472963005, 0.01981523633, 0.0208113566041, 0.0109140491113, 0.0114110792056, 0.00949419103563, 0.00165975210257, 0.000980808632448, 0.000652799848467, 0.000968615640886, 0.00129361602012, 0.000365259620594, 0.000424966099672, 0.000237905289396, 5.67226998101e-05, 0.000163828182849, 0.000355036638211, 7.66302691773e-05, 3.80348610634e-05, 5.57381208637e-05, 9.69013999566e-05, 5.25048999407e-05, 3.28267269651e-05, 2.56815583271e-05, 9.40606114455e-05, 5.94244193053e-05, 4.10645407101e-05, 4.09240492445e-05, 2.76012306131e-05, 1.85296612472e-05, 1.14685262815e-05, 1.1813312085e-05, 3.07308732772e-06], "dvar": [5.86337201014e-10, 9.77726202223e-08, 5.1515519317e-07, 1.00943532289e-06, 1.34325523504e-06, 1.1833306246e-07, 3.84966050149e-08, 3.08729717347e-08, 1.24083328501e-07, 7.45333252894e-08, 3.05504279652e-08, 1.94477696169e-08, 6.66649624392e-09, 3.89822091273e-10, 1.09433545559e-10, 9.47237982496e-11, 3.95881993853e-10, 3.58326729399e-10, 5.27342024215e-11, 2.85518674675e-11, 3.15476225872e-12, 1.32410477981e-12, 3.22987318314e-12, 1.47649757004e-11, 2.14583168942e-12, 3.28705948094e-13, 5.0524894598e-13, 2.33892441005e-12, 8.13868287e-13, 2.10480992444e-13, 4.04931188407e-13, 2.65488824501e-12, 7.91059817477e-13, 2.5632246976e-13, 2.68680612698e-13, 1.70395761303e-13, 6.2496984313e-14, 1.97530353348e-14, 2.41207556451e-14, 1.93811027441e-15], "mean": [1.61372827279e-05, 0.00105766346678, 0.00191586022265, 0.00158525549341, 0.00184766796883, 0.000778515066486, 0.000290265190415, 0.000205290372833, 0.000267050956609, 0.000228312099352, 5.26006115251e-05, 5.13964769198e-05, 7.63893986004e-05, 4.39574660049e-06, 6.46537364446e-06, 5.15839519721e-06, 8.20865170681e-06, 1.23471527331e-05, 2.98017289424e-06, 1.77112633537e-06, 9.94959691525e-07, 8.530996638e-07, 1.04327693862e-06, 2.12199643101e-06, 8.88290912826e-07, 4.2161360625e-07, 5.31296336703e-07, 1.00712668427e-06, 6.36046252112e-07, 1.55708605121e-07, 5.56101191762e-08, 8.82346355979e-08, 6.32561807379e-08, 4.6247770058e-08, 5.00540444648e-08, 4.96360641478e-08, 3.05947942536e-08, 1.97668850177e-08, 2.48282745474e-08, 1.05736761569e-08], "dvar2": [1.52307577661e-09, 2.27175561918e-07, 1.02129718016e-06, 2.8597862638e-06, 3.96426867155e-06, 2.40822373598e-07, 7.53562900968e-08, 5.10281026322e-08, 2.17201559849e-07, 9.26528826994e-08, 6.21930738021e-08, 2.5187606667e-08, 5.75985392715e-09, 8.79898875983e-10, 1.74355405114e-10, 1.32451175028e-10, 6.9678346426e-10, 4.44699693736e-10, 8.14734946175e-11, 4.58538935988e-11, 4.09601562737e-12, 1.99896956626e-12, 4.73595208189e-12, 2.07834912475e-11, 3.74852145851e-12, 5.12758563907e-13, 6.86034887752e-13, 3.46231919003e-12, 1.52140474698e-12, 3.83417662854e-13, 9.51261205223e-13, 6.90814896606e-12, 1.54019928322e-12, 4.78215449011e-13, 5.91469473225e-13, 3.56092488395e-13, 1.39765559152e-13, 4.50197299958e-14, 5.00527218414e-14, 3.48340499613e-15], "min": [1.08890927812e-24, 1.28252650983e-24, 1.0871074212e-24, 1.23215389534e-24, 9.39425165567e-25, 2.15136371135e-24, 2.49562852684e-24, 2.04280915383e-24, 2.29044619983e-24, 1.18845967866e-24, 1.77646663804e-24, 1.37607150952e-24, 2.05940185689e-24, 2.09939927415e-24, 2.41933364718e-24, 1.99151307903e-24, 2.92956888068e-24, 3.41775249364e-24, 2.19060520265e-24, 2.93061392416e-24, 3.60485807302e-24, 4.11635942827e-24, 3.32310930097e-24, 2.87898711943e-24, 4.23141636902e-24, 4.18902298397e-24, 4.47476575878e-24, 3.22203097546e-24, 5.54585309133e-24, 4.99846566464e-24, 5.57651887573e-24, 3.92483543896e-24, 6.01673481528e-24, 6.38683206441e-24, 5.46143274713e-24, 5.13226870151e-24, 5.16088896958e-24, 5.95910182083e-24, 5.94974750822e-24, 4.96847198973e-24], "var": [8.08926814422e-10, 9.28872054828e-07, 4.75552906209e-06, 3.5690165987e-06, 2.94611345453e-06, 9.86438863038e-07, 1.81178890557e-07, 1.65239484318e-07, 7.51044808567e-07, 1.31657350266e-06, 7.09723977366e-08, 9.27637344716e-08, 3.05376659071e-07, 6.14195694304e-10, 2.01463556948e-09, 1.21918675156e-09, 2.75867595434e-09, 6.46742481791e-09, 2.60345911496e-10, 9.05813063445e-11, 5.58949553309e-11, 9.71008516648e-12, 2.13739650978e-11, 1.9405822782e-10, 2.03766101214e-11, 5.78356243106e-12, 8.65639677994e-12, 2.94898445941e-11, 1.3514448241e-11, 1.07336492125e-12, 5.52991300754e-13, 2.81307746194e-12, 1.30196287779e-12, 4.05121303258e-13, 3.24587877193e-13, 2.43642589827e-13, 8.27588187867e-14, 2.73783681273e-14, 5.07429046156e-14, 8.65649545589e-15], "median": [6.82823974785e-06, 0.000833840575069, 0.00127705489285, 0.000881135289092, 0.00144555943552, 0.000488241756102, 0.000169692269992, 8.26873583719e-05, 4.07340630773e-05, 3.05066714645e-05, 1.3365972336e-05, 3.86221972803e-06, 1.39587700687e-06, 5.01070189785e-07, 3.65091153753e-07, 2.52765403275e-07, 1.68848373505e-07, 2.18503458882e-07, 3.0225686487e-07, 1.99061176431e-07, 8.36992768427e-08, 1.1928575816e-07, 1.17226974794e-07, 4.53817108337e-08, 1.1287725421e-08, 4.26656487917e-09, 2.44406272998e-09, 1.22417787018e-09, 4.32861468891e-10, 3.32490590615e-10, 2.29320146206e-10, 1.5299508882e-10, 1.23429988452e-10, 1.24953547509e-10, 9.6408526995e-11, 8.10686726083e-11, 7.10519143521e-11, 5.86300036298e-11, 5.079280746e-11, 4.50852549738e-11]}, "silence_rate_60dB": {"dmean": 0.0118174022064, "dmean2": 0.0236370563507, "max": 1, "dvar": 0.0116770239547, "mean": 0.0744234770536, "dvar2": 0.0259382203221, "min": 0, "var": 0.0688816681504, "median": 0}, "spectral_energyband_middle_high": {"dmean": 0.000203092233278, "dmean2": 0.000211876787944, "max": 0.0792685821652, "dvar": 1.57538477197e-06, "mean": 0.0011752207065, "dvar2": 2.45995374826e-06, "min": 1.19487632927e-21, "var": 2.94040692097e-05, "median": 0.000105014099972}, "erbbands_skewness": {"dmean": 0.322505414486, "dmean2": 0.498124182224, "max": 9.56304168701, "dvar": 0.164862319827, "mean": 1.2603443861, "dvar2": 0.372571289539, "min": -4.86157989502, "var": 1.14577186108, "median": 1.171022892}, "dynamic_complexity": 3.5224673748, "dissonance": {"dmean": 0.0457298792899, "dmean2": 0.0771207883954, "max": 0.500000059605, "dvar": 0.00185195577797, "mean": 0.334428101778, "dvar2": 0.00503185251728, "min": 0.0501057393849, "var": 0.00805693026632, "median": 0.3463729918}, "spectral_skewness": {"dmean": 1.51308381557, "dmean2": 2.55044198036, "max": 20.6099967957, "dvar": 2.28107142448, "mean": 8.09077835083, "dvar2": 5.97990846634, "min": -0.173527777195, "var": 14.7270393372, "median": 8.03984546661}, "spectral_kurtosis": {"dmean": 38.5723800659, "dmean2": 65.4980545044, "max": 597.453186035, "dvar": 2267.53662109, "mean": 123.022941589, "dvar2": 6794.38964844, "min": -1.25621140003, "var": 8732.69628906, "median": 112.953140259}, "gfcc": {"cov": [[17150.7226563, 608.23626709, -3421.02929688, 559.680664063, -952.983581543, -155.594985962, -505.91607666, -221.632369995, -481.205993652, -172.304824829, 381.782196045, -574.735900879, -3.20530247688], [608.23626709, 2077.26464844, 303.594024658, -855.859436035, 484.903839111, -410.088531494, -100.932029724, -59.6200218201, 150.348480225, -200.232421875, -10.8438749313, 167.722976685, 4.37312316895], [-3421.02929688, 303.594024658, 1727.89343262, -66.4757614136, 71.013923645, 95.6669158936, 69.3880004883, -15.8010654449, 132.791320801, 33.7719764709, -140.675125122, 147.689208984, 6.02175045013], [559.680664063, -855.859436035, -66.4757614136, 716.418640137, -232.497253418, 119.540359497, 15.4985351563, 6.85049343109, -40.6914291382, 100.818977356, 1.21410381794, -80.1782302856, 3.39592170715], [-952.983581543, 484.903839111, 71.013923645, -232.497253418, 496.931152344, -178.102996826, -124.51335144, 1.93882906437, 92.4252090454, -31.2520198822, 41.8861579895, 93.6367034912, -28.3235969543], [-155.594985962, -410.088531494, 95.6669158936, 119.540359497, -178.102996826, 357.197570801, 143.990066528, -27.4017238617, -79.6201248169, 38.4378433228, -10.2547445297, -30.4283237457, -1.06596016884], [-505.91607666, -100.932029724, 69.3880004883, 15.4985351563, -124.51335144, 143.990066528, 297.631469727, 9.19294929504, -74.0927810669, 4.4228887558, -28.4384174347, 10.4636611938, 11.0765924454], [-221.632369995, -59.6200218201, -15.8010654449, 6.85049343109, 1.93882906437, -27.4017238617, 9.19294929504, 162.69380188, 42.9254226685, -30.1537189484, -32.5218582153, -34.8410987854, -6.19796228409], [-481.205993652, 150.348480225, 132.791320801, -40.6914291382, 92.4252090454, -79.6201248169, -74.0927810669, 42.9254226685, 150.644302368, -5.48006391525, -54.9044380188, 42.859790802, -1.2310116291], [-172.304824829, -200.232421875, 33.7719764709, 100.818977356, -31.2520198822, 38.4378433228, 4.4228887558, -30.1537189484, -5.48006391525, 101.299987793, 12.121260643, -26.3467159271, -0.261860370636], [381.782196045, -10.8438749313, -140.675125122, 1.21410381794, 41.8861579895, -10.2547445297, -28.4384174347, -32.5218582153, -54.9044380188, 12.121260643, 127.655891418, -6.78504943848, -16.0219211578], [-574.735900879, 167.722976685, 147.689208984, -80.1782302856, 93.6367034912, -30.4283237457, 10.4636611938, -34.8410987854, 42.859790802, -26.3467159271, -6.78504943848, 173.571105957, 17.8689022064], [-3.20530247688, 4.37312316895, 6.02175045013, 3.39592170715, -28.3235969543, -1.06596016884, 11.0765924454, -6.19796228409, -1.2310116291, -0.261860370636, -16.0219211578, 17.8689022064, 89.781791687]], "mean": [-210.140670776, 221.217498779, -64.9835968018, -19.5002822876, -43.5586090088, -36.4989471436, -44.4757881165, -10.3876600266, -16.0805492401, -28.1942901611, -15.5588130951, -16.9524536133, -4.60423755646], "icov": [[0.000440586096374, -0.00115472241305, 0.0008658443694, -0.00106767972466, 0.00124177057296, -0.000687310122885, 0.00125742610544, -0.000152439708472, 0.000904664804693, -9.04231201275e-05, -0.000239746994339, 0.000180318224011, 0.000205681382795], [-0.00115472241305, 0.00468704849482, -0.00256588496268, 0.00411857990548, -0.00369841395877, 0.00307485600933, -0.00392943341285, 0.00190743419807, -0.00345372827724, 0.0023162253201, 0.000260212400462, 0.000183799886145, -0.00079772924073], [0.0008658443694, -0.00256588496268, 0.00250356690958, -0.00227128644474, 0.00240965047851, -0.00187866413034, 0.00248348806053, -0.000484095944557, 0.00154915417079, -0.000994101748802, 0.000281670858385, -0.000293225253699, 0.000598908867687], [-0.00106767972466, 0.00411857990548, -0.00227128644474, 0.00559297855943, -0.00255981157534, 0.00241401954554, -0.00312414881773, 0.00101306498982, -0.00289530144073, 5.75681442569e-05, 0.000254651968135, -6.26938935966e-06, -0.000614294782281], [0.00124177057296, -0.00369841395877, 0.00240965047851, -0.00255981157534, 0.00711396383122, -0.00142683438025, 0.00430905492976, -0.00109230610542, 0.00159968715161, -0.00112228759099, -0.00216979719698, -0.000928654393647, 0.00159624707885], [-0.000687310122885, 0.00307485600933, -0.00187866413034, 0.00241401954554, -0.00142683438025, 0.0063933734782, -0.00382607826032, 0.00181818695273, -0.00106485781725, 0.000978696742095, 0.000291201140499, 0.00037041970063, 5.02135881106e-05], [0.00125742610544, -0.00392943341285, 0.00248348806053, -0.00312414881773, 0.00430905492976, -0.00382607826032, 0.00926766637713, -0.00269667478278, 0.00643356284127, -0.00199871882796, 0.00130088324659, -0.00161537830718, 0.00080834061373], [-0.000152439708472, 0.00190743419807, -0.000484095944557, 0.00101306498982, -0.00109230610542, 0.00181818695273, -0.00269667478278, 0.0102063193917, -0.00516741443425, 0.00549534941092, 1.09123438961e-05, 0.00378193985671, -0.000195509928744], [0.000904664804693, -0.00345372827724, 0.00154915417079, -0.00289530144073, 0.00159968715161, -0.00106485781725, 0.00643356284127, -0.00516741443425, 0.0169719010592, -0.00457632448524, 0.00597916357219, -0.00360902189277, 0.00155234709382], [-9.04231201275e-05, 0.0023162253201, -0.000994101748802, 5.75681442569e-05, -0.00112228759099, 0.000978696742095, -0.00199871882796, 0.00549534941092, -0.00457632448524, 0.0166895817965, -0.00270061194897, 0.00400245143101, -0.00106062507257], [-0.000239746994339, 0.000260212400462, 0.000281670858385, 0.000254651968135, -0.00216979719698, 0.000291201140499, 0.00130088324659, 1.09123438961e-05, 0.00597916357219, -0.00270061194897, 0.0128777949139, -0.00159005238675, 0.00179811113048], [0.000180318224011, 0.000183799886145, -0.000293225253699, -6.26938935966e-06, -0.000928654393647, 0.00037041970063, -0.00161537830718, 0.00378193985671, -0.00360902189277, 0.00400245143101, -0.00159005238675, 0.00949458032846, -0.00202203192748], [0.000205681382795, -0.00079772924073, 0.000598908867687, -0.000614294782281, 0.00159624707885, 5.02135881106e-05, 0.00080834061373, -0.000195509928744, 0.00155234709382, -0.00106062507257, 0.00179811113048, -0.00202203192748, 0.0122998319566]]}, "spectral_complexity": {"dmean": 0.824549674988, "dmean2": 1.36828064919, "max": 24, "dvar": 0.909542858601, "mean": 7.17981719971, "dvar2": 1.84721243382, "min": 0, "var": 9.75636482239, "median": 7}, "spectral_flux": {"dmean": 0.0169743448496, "dmean2": 0.0273527614772, "max": 0.319534927607, "dvar": 0.000429000065196, "mean": 0.0408065244555, "dvar2": 0.0010510450229, "min": 6.35900082591e-11, "var": 0.000999504816718, "median": 0.0344154387712}, "spectral_energyband_low": {"dmean": 0.00134189112578, "dmean2": 0.00192763609812, "max": 0.0565985515714, "dvar": 4.16419243265e-06, "mean": 0.00696770334616, "dvar2": 8.71849442774e-06, "min": 1.68775907148e-23, "var": 3.96701980208e-05, "median": 0.00558924954385}, "spectral_decrease": {"dmean": 1.29707189434e-09, "dmean2": 2.01276284528e-09, "max": 8.49477166703e-17, "dvar": 3.26626140821e-18, "mean": -6.84665479866e-09, "dvar2": 7.85792465168e-18, "min": -4.18556425075e-08, "var": 2.69669929048e-17, "median": -5.98067195767e-09}, "barkbands_spread": {"dmean": 0.667380332947, "dmean2": 1.02024209499, "max": 128.13343811, "dvar": 5.58092880249, "mean": 3.29717803001, "dvar2": 11.5556945801, "min": 0.0551244020462, "var": 23.3171310425, "median": 2.26744174957}, "spectral_rms": {"dmean": 0.000471925683087, "dmean2": 0.000723534962162, "max": 0.0128053445369, "dvar": 3.38508215236e-07, "mean": 0.0046887579374, "dvar2": 7.48148124785e-07, "min": 3.13281887411e-12, "var": 3.99825012209e-06, "median": 0.00475325994194}, "spectral_centroid": {"dmean": 33.4179878235, "dmean2": 50.6560821533, "max": 11567.8349609, "dvar": 20766.6289063, "mean": 432.164855957, "dvar2": 39675.3398438, "min": 135.992080688, "var": 931603.375, "median": 303.030456543}, "barkbands_skewness": {"dmean": 0.3548386693, "dmean2": 0.5457675457, "max": 15.8439397812, "dvar": 0.253036648035, "mean": 1.44070386887, "dvar2": 0.564703941345, "min": -3.24048757553, "var": 2.14629983902, "median": 1.173858881}, "spectral_rolloff": {"dmean": 52.9978485107, "dmean2": 94.1389083862, "max": 20413.4765625, "dvar": 91335.8046875, "mean": 579.81048584, "dvar2": 181948.4375, "min": 129.19921875, "var": 3049607.25, "median": 344.53125}, "erbbands_spread": {"dmean": 1.71986424923, "dmean2": 2.5476911068, "max": 193.120559692, "dvar": 23.3377876282, "mean": 9.82602214813, "dvar2": 48.2538146973, "min": 0.732410609722, "var": 101.493927002, "median": 7.89869165421}, "barkbands": {"dmean": [2.91370770356e-06, 4.35066322098e-05, 0.00072198495036, 0.000985736493021, 0.00309044099413, 0.0013004738139, 0.000367913598893, 0.000310105533572, 0.000342231855029, 0.000107959262095, 8.14084996819e-05, 1.36762664624e-05, 1.61257194122e-05, 3.05816211039e-05, 1.7919786842e-05, 6.7435771598e-06, 5.22056870977e-06, 1.01060122688e-05, 3.40040651281e-06, 6.28723637419e-06, 2.62573189502e-06, 2.94698361358e-06, 1.60634988333e-06, 8.41079327074e-07, 3.26297879383e-07, 4.25217159261e-08, 2.26675478388e-08], "dmean2": [4.24403697252e-06, 7.40735267755e-05, 0.00105400278699, 0.0014150472125, 0.00513033429161, 0.00192066375166, 0.000546622439288, 0.000414331181673, 0.000391378183849, 0.000129409963847, 9.24139021663e-05, 1.8806740627e-05, 1.96729561139e-05, 3.61974998668e-05, 2.32494076045e-05, 8.61468015501e-06, 6.57293185213e-06, 1.29370200739e-05, 4.41743441115e-06, 7.86310647527e-06, 3.68670589523e-06, 4.25291364081e-06, 2.14853571379e-06, 1.21134632991e-06, 4.87342560973e-07, 6.16899313854e-08, 3.29500551288e-08], "max": [0.000275329482974, 0.00262006279081, 0.0258159097284, 0.0489942729473, 0.120533309877, 0.060277312994, 0.0433826074004, 0.0808192044497, 0.128542304039, 0.0657978057861, 0.0674209818244, 0.0118126124144, 0.00962783023715, 0.0129395592958, 0.0080276383087, 0.00406080903485, 0.00131921842694, 0.00439827237278, 0.0013642256381, 0.00197974639013, 0.0011075832881, 0.00277546443976, 0.00228009046987, 0.000976715120487, 0.000342493352946, 3.91368885175e-05, 2.47266816586e-05], "dvar": [1.01884362058e-10, 1.47457654975e-08, 1.31603667342e-06, 3.85382463719e-06, 2.43970698648e-05, 6.40143889541e-06, 7.68597260503e-07, 3.13528607876e-06, 3.32415152116e-06, 1.62135745541e-06, 4.80713708839e-07, 1.96775840067e-08, 1.1267051292e-08, 4.67927065984e-08, 1.28766117768e-08, 2.69937161512e-09, 6.71170674593e-10, 3.02542257913e-09, 3.96645771783e-10, 1.22661214519e-09, 3.23971349747e-10, 2.54208409878e-09, 7.95101429141e-10, 2.00425079311e-10, 2.34885236261e-11, 3.29605429322e-13, 1.1961846715e-13], "mean": [3.64670177078e-06, 9.67346713878e-05, 0.00389695563354, 0.00414058240131, 0.00837928988039, 0.00500033469871, 0.00121302995831, 0.00104495801497, 0.00163165456615, 0.000295660836855, 0.000517426640727, 3.55994488928e-05, 6.41105289105e-05, 0.000135420370498, 5.05980206071e-05, 1.66450026882e-05, 1.54520130309e-05, 3.5161672713e-05, 1.40071997521e-05, 2.88330957119e-05, 6.46753551337e-06, 3.71825899492e-06, 2.97801602755e-06, 2.16191324398e-06, 9.47095315951e-07, 6.87913299657e-08, 3.07771159669e-08], "dvar2": [2.10507111742e-10, 4.00123205679e-08, 2.94392407341e-06, 7.54257007429e-06, 6.91329551046e-05, 1.53295513883e-05, 1.56818259711e-06, 5.38218046131e-06, 4.49102890343e-06, 3.15040756504e-06, 6.35617709577e-07, 4.42301661963e-08, 1.58158304231e-08, 6.77598066545e-08, 1.82167365637e-08, 3.57678131557e-09, 1.00047203855e-09, 4.62870941575e-09, 6.30946184188e-10, 1.80996573285e-09, 6.11440953424e-10, 5.58066037826e-09, 1.63958591148e-09, 3.73619579719e-10, 4.34900067348e-11, 5.7935454394e-13, 1.97487832294e-13], "min": [3.72519791664e-25, 2.36574159272e-24, 6.07614393005e-25, 7.17039655751e-25, 8.43125700258e-24, 1.02267620097e-23, 8.67445650877e-24, 7.89078157514e-24, 7.07654617004e-24, 6.96106166669e-24, 1.35859407923e-23, 1.52039134416e-23, 1.04642130865e-23, 2.92420829472e-23, 3.26740223154e-23, 3.39034588808e-23, 8.06183975155e-23, 5.93151267285e-23, 1.41604192802e-22, 1.2506029025e-22, 2.48452335323e-22, 3.50578823471e-22, 4.66221288337e-22, 5.74971204107e-22, 8.26133005271e-22, 1.34144441354e-21, 1.95397710974e-21], "var": [1.66001962176e-10, 2.62505324145e-08, 1.23688723761e-05, 3.50055343006e-05, 8.1555925135e-05, 3.12139491143e-05, 3.91603634853e-06, 9.46451473283e-06, 5.93421282247e-05, 3.68870041711e-06, 1.4138199731e-05, 3.72510768898e-08, 2.40177115529e-07, 8.37328684611e-07, 1.1025553448e-07, 1.19073781946e-08, 3.69553809776e-09, 3.69307144865e-08, 6.62655397221e-09, 2.30550369906e-08, 1.61892210748e-09, 3.89354859465e-09, 1.07622588619e-09, 3.33938682262e-10, 7.28399285332e-11, 5.30832214123e-13, 1.91265257213e-13], "median": [4.27254065016e-07, 4.13016314269e-05, 0.00306064845063, 0.00162197486497, 0.00540406210348, 0.0034401230514, 0.00059091730509, 0.000135233087349, 0.00025772821391, 2.66382630798e-05, 6.25964639767e-06, 4.56470752397e-06, 2.40870349444e-06, 2.05519336305e-06, 4.64414279122e-06, 1.72580132585e-06, 1.78202071766e-06, 1.46651836985e-06, 1.20291801409e-07, 5.29459107668e-08, 1.43677052478e-08, 8.03509436764e-09, 6.47904974116e-09, 5.33135136038e-09, 4.91174567685e-09, 4.90000706677e-09, 1.49136236693e-09]}, "melbands_kurtosis": {"dmean": 3.03877520561, "dmean2": 4.66660451889, "max": 605.65435791, "dvar": 56.8622817993, "mean": 8.68869590759, "dvar2": 114.815315247, "min": -1.82507157326, "var": 453.221405029, "median": 4.41898727417}, "erbbands_crest": {"dmean": 1.94657731056, "dmean2": 3.1290807724, "max": 30.1101207733, "dvar": 4.44060897827, "mean": 13.64498806, "dvar2": 11.9081296921, "min": 2.71974039078, "var": 19.0574607849, "median": 12.8781261444}, "melbands_skewness": {"dmean": 0.333208501339, "dmean2": 0.512293159962, "max": 18.1625022888, "dvar": 0.241171360016, "mean": 1.59308421612, "dvar2": 0.538492143154, "min": -2.35449528694, "var": 1.41718065739, "median": 1.37261414528}, "spectral_energyband_middle_low": {"dmean": 0.00463780714199, "dmean2": 0.0072717955336, "max": 0.149879947305, "dvar": 4.37526468886e-05, "mean": 0.021449778229, "dvar2": 0.000109392247396, "min": 1.72068915489e-22, "var": 0.000289267918561, "median": 0.018521765247}, "spectral_contrast_coeffs": {"dmean": [0.0393375381827, 0.0341283418238, 0.0279675815254, 0.0255335196853, 0.020509775728, 0.0253346469253], "dmean2": [0.0653981566429, 0.0545415133238, 0.0432390235364, 0.0400665178895, 0.0313006453216, 0.0420660339296], "max": [-0.185615941882, -0.296316415071, -0.319828957319, -0.507594823837, -0.565867364407, -0.584075331688], "dvar": [0.00123841885943, 0.00131543760654, 0.000775911379606, 0.000566097151022, 0.000499568588566, 0.000603596505243], "mean": [-0.434558808804, -0.607073068619, -0.667809188366, -0.757276415825, -0.762295603752, -0.853569507599], "dvar2": [0.00325931445695, 0.00316974218003, 0.00172903493512, 0.00127715046983, 0.00099399627652, 0.00155898917001], "min": [-0.981378495693, -0.98630797863, -0.99775826931, -0.987612307072, -0.989122867584, -0.965132713318], "var": [0.0122682815418, 0.00895245559514, 0.00760928634554, 0.00517019536346, 0.00582567695528, 0.00335230142809], "median": [-0.432294070721, -0.602509260178, -0.665913045406, -0.757765173912, -0.757086753845, -0.864807724953]}, "spectral_contrast_valleys": {"dmean": [0.413924336433, 0.297306150198, 0.310312449932, 0.324961721897, 0.301490217447, 0.456107974052], "dmean2": [0.688799619675, 0.472688049078, 0.4952865839, 0.506087899208, 0.445912152529, 0.786185801029], "max": [-6.11865234375, -5.14990186691, -5.75984382629, -6.81558036804, -6.96943330765, -8.42740821838], "dvar": [0.191159248352, 0.132397100329, 0.118165865541, 0.126051291823, 0.14226987958, 0.207077860832], "mean": [-8.80429840088, -7.6201171875, -9.57326889038, -10.6344203949, -11.4018850327, -13.7385110855], "dvar2": [0.451519370079, 0.28707742691, 0.262247830629, 0.266282528639, 0.278984814882, 0.622604727745], "min": [-28.1359996796, -28.0184822083, -27.8348484039, -27.6418304443, -27.5789299011, -27.4299793243], "var": [3.9289522171, 4.30165195465, 3.8243792057, 3.45619225502, 3.87445616722, 2.60210204124], "median": [-8.41029071808, -7.27883529663, -9.27676582336, -10.4062786102, -11.6328983307, -13.8010635376]}, "silence_rate_20dB": {"dmean": 0, "dmean2": 0, "max": 1, "dvar": 0, "mean": 1, "dvar2": 0, "min": 1, "var": 0, "median": 1}, "silence_rate_30dB": {"dmean": 0.00304965209216, "dmean2": 0.00609988579527, "max": 1, "dvar": 0.0030405188445, "mean": 0.991614282131, "dvar2": 0.00758831435814, "min": 0, "var": 0.00831436552107, "median": 1}, "spectral_strongpeak": {"dmean": 0.236163467169, "dmean2": 0.401334047318, "max": 10.4805603027, "dvar": 0.158518537879, "mean": 0.969306468964, "dvar2": 0.366217285395, "min": 0, "var": 1.13938629627, "median": 0.714603066444}, "spectral_spread": {"dmean": 396301.0625, "dmean2": 685624.1875, "max": 42513096, "dvar": 346512883712, "mean": 1614896.25, "dvar2": 790205693952, "min": 136000.25, "var": 13552580558800.0, "median": 1016669}, "barkbands_flatness_db": {"dmean": 0.021753963083, "dmean2": 0.033145878464, "max": 0.702369570732, "dvar": 0.000577695784159, "mean": 0.403315991163, "dvar2": 0.0012223807862, "min": 0.0619173534214, "var": 0.00806269049644, "median": 0.407528221607}, "pitch_salience": {"dmean": 0.0437268540263, "dmean2": 0.0711728408933, "max": 0.996069967747, "dvar": 0.00229868199676, "mean": 0.53454554081, "dvar2": 0.00589944189414, "min": 0.104646533728, "var": 0.0112317437306, "median": 0.546315908432}, "erbbands_kurtosis": {"dmean": 1.79557800293, "dmean2": 2.7778775692, "max": 140.204818726, "dvar": 11.7652521133, "mean": 5.36635446548, "dvar2": 25.9993858337, "min": -1.92358350754, "var": 76.5411987305, "median": 3.2143573761}, "average_loudness": 0.588317930698, "barkbands_crest": {"dmean": 1.77542042732, "dmean2": 2.87428402901, "max": 26.6039905548, "dvar": 3.47773599625, "mean": 12.9162187576, "dvar2": 9.2956571579, "min": 5.05374097824, "var": 15.0067138672, "median": 12.3495674133}, "hfc": {"dmean": 1.50627171993, "dmean2": 2.19351387024, "max": 111.393180847, "dvar": 7.36962604523, "mean": 8.7281036377, "dvar2": 13.3394680023, "min": 1.0930067491e-16, "var": 139.101287842, "median": 6.16599178314}, "barkbands_kurtosis": {"dmean": 3.03292322159, "dmean2": 4.70853328705, "max": 433.224700928, "dvar": 47.8804016113, "mean": 9.25297641754, "dvar2": 107.997344971, "min": -1.93003809452, "var": 609.945556641, "median": 4.06126403809}, "erbbands": {"dmean": [0.000823781825602, 0.0186613183469, 0.497661709785, 2.63961195946, 2.9513669014, 13.7692155838, 18.8211727142, 6.70819616318, 4.6722612381, 5.20485162735, 7.77232503891, 8.83823394775, 3.38329863548, 3.41041612625, 2.37342762947, 0.561627924442, 0.797907233238, 1.07965123653, 1.38626778126, 0.76350235939, 0.263182282448, 0.250410318375, 0.468203783035, 0.309638977051, 0.121501177549, 0.317829668522, 0.172639921308, 0.0761505663395, 0.123344913125, 0.0635575279593, 0.0473931804299, 0.0262671336532, 0.0121233174577, 0.00586053449661, 0.000872789416462, 0.00018962645845, 8.41165237944e-05, 2.93359025818e-05, 5.69112489757e-06, 5.59181171411e-06], "dmean2": [0.00133469409775, 0.0303233265877, 0.737418293953, 3.76367115974, 4.72644519806, 22.617767334, 30.6223163605, 9.54658985138, 6.75743103027, 7.4649605751, 10.0610780716, 9.74212837219, 4.12301015854, 3.66584610939, 2.44758367538, 0.744597196579, 0.914152681828, 1.29885494709, 1.67461431026, 1.02460980415, 0.327171415091, 0.299682408571, 0.563686907291, 0.400106519461, 0.141454592347, 0.393777877092, 0.236639305949, 0.114865683019, 0.190290004015, 0.0783672854304, 0.0649787187576, 0.0348417274654, 0.0175443664193, 0.00868415366858, 0.00117153092287, 0.00026750593679, 0.000124401907669, 4.29259380326e-05, 8.36811614136e-06, 8.65078436618e-06], "max": [0.0655062049627, 0.966327726841, 18.741733551, 129.411605835, 169.253707886, 589.783569336, 735.046203613, 657.358154297, 719.009338379, 639.113769531, 2339.1159668, 3808.79858398, 2150.74951172, 2631.61523438, 1944.25744629, 504.92791748, 474.050720215, 462.374420166, 583.21697998, 253.201660156, 146.750808716, 63.5093688965, 209.73878479, 90.8428497314, 47.9782752991, 125.193603516, 62.1721763611, 33.6667785645, 124.970436096, 82.5271682739, 66.079536438, 31.4393634796, 16.7890129089, 6.4917216301, 0.598905682564, 0.127113237977, 0.100744970143, 0.0410279482603, 0.00409530941397, 0.000192972816876], "dvar": [6.24663925919e-06, 0.00193909776863, 0.683530628681, 19.0101680756, 34.8080863953, 586.558288574, 1321.88903809, 222.381713867, 168.017654419, 169.581115723, 1856.35620117, 2330.92529297, 1171.37438965, 993.073669434, 292.695098877, 34.2570114136, 27.2188873291, 81.0253067017, 82.4918365479, 21.7274551392, 1.99690711498, 1.19329476357, 6.68363857269, 2.90833067894, 0.395598828793, 3.7642147541, 1.13343250751, 0.732011139393, 5.44093179703, 1.13943004608, 0.721086084843, 0.216714531183, 0.043490100652, 0.00751483161002, 9.81255507213e-05, 4.78906758872e-06, 1.65924382145e-06, 2.81342835251e-07, 3.27737303962e-09, 6.38466848835e-11], "mean": [0.00187957263552, 0.0858652740717, 2.91192913055, 12.3033561707, 9.74152755737, 38.8202590942, 49.4016075134, 33.7836112976, 19.0104904175, 18.0055007935, 28.8275356293, 41.0318069458, 11.9204645157, 13.1191606522, 16.4394073486, 1.97992491722, 3.31849861145, 3.71033859253, 5.90456581116, 2.17330145836, 0.891349852085, 0.871702075005, 1.73090779781, 1.25222623348, 0.558023035526, 1.37391376495, 0.760364592075, 0.141806200147, 0.146666631103, 0.0918742343783, 0.0867215767503, 0.0610557235777, 0.0316293649375, 0.0174338947982, 0.00174947257619, 0.000326942186803, 0.000142887278344, 4.34950634371e-05, 1.79366415978e-05, 2.97422575386e-05], "dvar2": [1.55793350132e-05, 0.0053016487509, 1.5816693306, 37.6052742004, 85.1350708008, 1609.97717285, 3893.35717773, 427.615325928, 319.556945801, 292.596618652, 3284.80981445, 2882.22583008, 2367.42700195, 1236.02905273, 242.581329346, 78.5785675049, 35.060218811, 147.705368042, 105.510017395, 37.1855506897, 2.51381921768, 1.53713977337, 8.65644836426, 4.56661987305, 0.514862537384, 5.21616077423, 2.07139873505, 1.57543802261, 13.3185596466, 2.09531974792, 1.54055583477, 0.446741878986, 0.0937897190452, 0.0143423080444, 0.000166506040841, 7.37190930522e-06, 3.25582277583e-06, 5.32348110482e-07, 5.19838616597e-09, 1.49501938607e-10], "min": [6.06110800454e-23, 4.66464030304e-22, 1.65224803713e-21, 4.77189509389e-21, 1.07119550052e-20, 1.76122423608e-20, 3.10342171517e-20, 1.00823700696e-19, 1.75363233364e-19, 2.48852711944e-19, 2.80025323521e-19, 2.4766250244e-19, 4.85867073455e-19, 4.5479294807e-19, 7.85852135909e-19, 1.21349443134e-18, 7.93011694304e-19, 2.07162628125e-18, 2.24882615285e-18, 2.51469275507e-18, 2.76474014846e-18, 4.62154659066e-18, 3.71598813353e-18, 6.65364273762e-18, 7.28606243418e-18, 5.94978813695e-18, 1.0051144415e-17, 1.04528820503e-17, 1.11665006909e-17, 1.21182158262e-17, 1.23052124114e-17, 8.79149309871e-18, 9.90151157812e-18, 8.18221998365e-18, 5.86640088658e-18, 3.84821626316e-18, 2.39056293042e-18, 9.75596770177e-19, 2.41154581422e-19, 2.60224073685e-20], "var": [7.24687242837e-06, 0.00763416150585, 6.61367559433, 200.113571167, 166.956695557, 2511.59716797, 2553.21411133, 2086.38110352, 788.586303711, 1121.87988281, 6971.96728516, 44011.6015625, 2691.47265625, 5859.36132813, 13238.7011719, 87.6505050659, 605.21661377, 471.508728027, 1321.57421875, 99.7509231567, 26.0367679596, 10.1917066574, 86.7714614868, 38.2920341492, 8.06986999512, 55.4745750427, 18.0398368835, 1.44949090481, 6.75581741333, 1.88889396191, 0.910045325756, 0.324328243732, 0.0689832791686, 0.0237118601799, 0.000215095613385, 1.09577467811e-05, 2.14361898543e-06, 3.56731192142e-07, 5.80395997929e-09, 5.53993961816e-10], "median": [0.00130085251294, 0.0556624010205, 2.34733605385, 8.07285690308, 6.24838638306, 20.2604179382, 37.1147689819, 19.9720115662, 11.2873821259, 8.60952758789, 4.94797086716, 5.04246330261, 3.27763271332, 1.08854007721, 0.453683942556, 0.209539473057, 0.149045854807, 0.117181286216, 0.162269115448, 0.240452498198, 0.110054813325, 0.129857122898, 0.0982602834702, 0.0225989669561, 0.00620590988547, 0.0026113523636, 0.000839054118842, 0.000558835221455, 0.00033023089054, 0.000254695827607, 0.0001840259647, 0.00013749266509, 9.78233365458e-05, 7.11072643753e-05, 4.82992909383e-05, 3.05506109726e-05, 1.59974733833e-05, 3.35788945449e-06, 1.11857589218e-05, 2.56324437942e-05]}, "spectral_energy": {"dmean": 0.00502344081178, "dmean2": 0.0077847042121, "max": 0.168076276779, "dvar": 4.93097832077e-05, "mean": 0.0266324356198, "dvar2": 0.000118010597362, "min": 1.00599177705e-20, "var": 0.00042015