{"metadata": {"audio_properties": {"downmix": "mix", "bit_rate": 160020, "lossless": false, "md5_encoded": "b408e26ebccd259d4e325eb39066f4b4", "analysis_sample_rate": 44100, "sample_rate": 44100, "replay_gain": -15.443025589, "equal_loudness": 0, "codec": "mp3", "length": 212.401626587}, "tags": {"musicbrainz_albumid": ["e7524f83-4c86-4da7-929a-255a12029d07"], "musicbrainz_recordingid": ["b3d78c3f-3ab9-429d-a048-f3337079a2e8"], "tracknumber": ["2/11"], "artist": ["The Plastic Constellations"], "barcode": ["675640912626"], "encoding": ["Lavf56.36.100"], "musicbrainz album type": ["album"], "originaldate": ["2008"], "albumartist": ["The Plastic Constellations"], "asin": ["B0015D3YWM"], "media": ["CD"], "musicbrainz_albumartistid": ["fd579e2e-f147-432c-bf52-74f98c480e2a"], "file_name": "The Plastic Constellations - Black Market Pandas.mp3", "musicbrainz album release country": ["US"], "catalognumber": ["FKR034-2"], "musicbrainz_artistid": ["fd579e2e-f147-432c-bf52-74f98c480e2a"], "albumartistsort": ["Plastic Constellations, The"], "script": ["Latn"], "label": ["Frenchkiss Records"], "musicbrainz album status": ["official"], "album": ["We Appreciate You"], "date": ["2008"], "title": ["Black Market Pandas"], "discnumber": ["1/1"], "artistsort": ["Plastic Constellations, The"], "originalyear": ["2008"], "musicbrainz_releasegroupid": ["b591f7fc-0554-3153-a604-96362fd4e1aa"]}, "version": {"essentia_build_sha": "70f2e5ece6736b2c40cc944ad0e695b16b925413", "essentia_git_sha": "v2.1_beta2", "extractor": "music 1.0", "essentia": "2.1-beta2"}}, "tonal": {"chords_scale": "minor", "hpcp": {"dmean": [0.147699117661, 0.152069747448, 0.137088403106, 0.116975679994, 0.121168263257, 0.126350417733, 0.149451002479, 0.166206926107, 0.149440199137, 0.121814265847, 0.102235324681, 0.0933988541365, 0.102377146482, 0.120976373553, 0.121325135231, 0.1384152174, 0.166167706251, 0.156819075346, 0.122229918838, 0.104889243841, 0.103849411011, 0.1288947016, 0.14516480267, 0.182945221663, 0.246913582087, 0.179540276527, 0.133691698313, 0.168813794851, 0.177896097302, 0.168667525053, 0.156277641654, 0.139824107289, 0.128140851855, 0.123926892877, 0.122003629804, 0.125641092658], "dvar2": [0.10825804621, 0.106069587171, 0.10427749902, 0.0940769091249, 0.10848440975, 0.100497096777, 0.0954445004463, 0.114698179066, 0.103191897273, 0.0991238579154, 0.0836315825582, 0.0762218236923, 0.0744920745492, 0.0852672681212, 0.0826866403222, 0.092294126749, 0.113695539534, 0.113136544824, 0.0947229862213, 0.091385230422, 0.0870135426521, 0.105803892016, 0.110686473548, 0.119952581823, 0.252915203571, 0.129593878984, 0.116534888744, 0.127139464021, 0.130543604493, 0.122733801603, 0.117684386671, 0.111736916006, 0.103107221425, 0.104391306639, 0.103851914406, 0.100212544203], "mean": [0.188851684332, 0.220769882202, 0.168510407209, 0.121575310826, 0.12375652045, 0.128601446748, 0.212024644017, 0.277155846357, 0.198597103357, 0.127299398184, 0.108464837074, 0.0976366698742, 0.119926542044, 0.149208754301, 0.139298379421, 0.183029085398, 0.266118139029, 0.221546858549, 0.139293953776, 0.109046012163, 0.102898009121, 0.149959370494, 0.191195815802, 0.21546664834, 0.22959856689, 0.172836735845, 0.138314843178, 0.220596432686, 0.2759116292, 0.217841416597, 0.193736955523, 0.194909706712, 0.152709305286, 0.140195906162, 0.14183460176, 0.143367260695], "var": [0.0587803721428, 0.0745229497552, 0.0483568124473, 0.0337376147509, 0.0424888730049, 0.0393796339631, 0.0622923001647, 0.100744515657, 0.0521704368293, 0.0354383066297, 0.0307402089238, 0.0254408307374, 0.0276779290289, 0.0415934324265, 0.0340710915625, 0.0475990027189, 0.0942846536636, 0.071827404201, 0.0357041731477, 0.0281813759357, 0.0279539823532, 0.0480750724673, 0.0667501166463, 0.0640168935061, 0.0965210944414, 0.0508654564619, 0.0445407480001, 0.0716394335032, 0.103756546974, 0.0680898800492, 0.0638631135225, 0.0801112726331, 0.0480157919228, 0.0457646586001, 0.0472985357046, 0.0452046021819], "dmean2": [0.254104316235, 0.259166002274, 0.238203272223, 0.2074868083, 0.215675652027, 0.222523614764, 0.253347039223, 0.282755255699, 0.256636202335, 0.215915709734, 0.181347355247, 0.16550001502, 0.177084282041, 0.205725714564, 0.207831025124, 0.23721280694, 0.279409646988, 0.269078016281, 0.212660372257, 0.186008095741, 0.182880997658, 0.222136244178, 0.244528383017, 0.320174664259, 0.443842113018, 0.319194614887, 0.237339392304, 0.288736402988, 0.30287411809, 0.291867852211, 0.27180776, 0.243885666132, 0.224941045046, 0.217625275254, 0.211966499686, 0.219951093197], "dvar": [0.040796354413, 0.0418323911726, 0.0383614078164, 0.0332904867828, 0.0392776727676, 0.037255961448, 0.0369842909276, 0.0470769666135, 0.0386860333383, 0.0359477438033, 0.030559791252, 0.0271617434919, 0.0269178058952, 0.032496906817, 0.0307790189981, 0.0348346866667, 0.0466559529305, 0.0438345186412, 0.0342137701809, 0.0327596589923, 0.0315499156713, 0.0401714369655, 0.0432715639472, 0.0449344664812, 0.0960203334689, 0.0481800064445, 0.0432769171894, 0.0471525117755, 0.0537685789168, 0.0475459881127, 0.043986953795, 0.0448920242488, 0.0385508947074, 0.0391956008971, 0.0389273203909, 0.0380288660526], "min": [0, 0, 0, 0, 0, 0, 0, 0, 0, 0, 0, 0, 0, 0, 0, 0, 0, 0, 0, 0, 0, 0, 0, 0, 0, 0, 0, 0, 0, 0, 0, 0, 0, 0, 0, 0], "median": [0.0861287042499, 0.0991937220097, 0.0738869160414, 0.0474579781294, 0.0408381819725, 0.0486655533314, 0.106153577566, 0.133010193706, 0.102832712233, 0.0562791600823, 0.0428022965789, 0.0409549809992, 0.0598489865661, 0.0703793391585, 0.0713377743959, 0.0990429446101, 0.130833223462, 0.104121245444, 0.0672044828534, 0.0479134395719, 0.0412516519427, 0.0600710362196, 0.0805749744177, 0.101796083152, 0.082091242075, 0.0703263878822, 0.0517135597765, 0.100581876934, 0.122501671314, 0.105252727866, 0.0775660052896, 0.0638094991446, 0.0569077692926, 0.0557223297656, 0.0540601797402, 0.0573102496564], "max": [1, 1, 1, 1, 1, 1, 1, 1, 1, 1, 1, 1, 1, 1, 1, 1, 1, 1, 1, 1, 1, 1, 1, 1, 1, 1, 1, 1, 1, 1, 1, 1, 1, 1, 1, 1]}, "tuning_equal_tempered_deviation": 0.279880285263, "chords_key": "B", "chords_strength": {"dmean": 0.0120531478897, "dvar2": 0.000125188351376, "mean": 0.535381138325, "var": 0.0102756768465, "dmean2": 0.0121839279309, "dvar": 0.000100171084341, "min": 0.17707131803, "median": 0.537051796913, "max": 0.791914284229}, "tuning_diatonic_strength": 0.524283528328, "thpcp": [1, 0.716553926468, 0.459306210279, 0.391349613667, 0.352280765772, 0.432704359293, 0.538356900215, 0.502599477768, 0.660383284092, 0.960175096989, 0.799358427525, 0.502583503723, 0.393446564674, 0.371264070272, 0.54106515646, 0.689849495888, 0.777420520782, 0.828409612179, 0.623608469963, 0.499050796032, 0.795929193497, 0.995510756969, 0.785988867283, 0.699018120766, 0.703249514103, 0.550987124443, 0.505837798119, 0.511750340462, 0.51728028059, 0.681391656399, 0.796555042267, 0.607998728752, 0.438653230667, 0.446523219347, 0.464004099369, 0.765001535416], "chords_histogram": [15.1475410461, 22.7103824615, 10.0983610153, 5.72677612305, 1.50819671154, 0.743169426918, 3.10382509232, 1.09289622307, 3.36612010002, 0.131147533655, 2.6010928154, 1.44262290001, 0.393442630768, 0.30601093173, 0.546448111534, 0.30601093173, 0.153005465865, 4.63387966156, 3.23497271538, 9.74863433838, 0.371584713459, 0.0655737668276, 0.612021863461, 11.956284523], "tuning_nontempered_energy_ratio": 0.941978216171, "tuning_frequency": 434.193115234, "key_strength": 0.587933659554, "chords_changes_rate": 0.067759566009, "key_scale": "major", "hpcp_entropy": {"dmean": 0.660729408264, "dvar2": 0.845408022404, "mean": 2.28855252266, "var": 0.687730491161, "dmean2": 1.09534728527, "dvar": 0.310999125242, "min": 0, "median": 2.3002114296, "max": 4.52156543732}, "key_key": "G", "chords_number_rate": 0.00306010921486}, "lowlevel": {"melbands_skewness": {"dmean": 0.81146967411, "dvar2": 2.47332429886, "mean": 2.25945281982, "var": 3.54109859467, "dmean2": 1.23597109318, "dvar": 1.14199900627, "min": -4.74581050873, "median": 1.88176286221, "max": 18.1633682251}, "melbands_kurtosis": {"dmean": 7.77859163284, "dvar2": 1150.9230957, "mean": 10.8809680939, "var": 963.313171387, "dmean2": 12.1659288406, "dvar": 514.339782715, "min": -1.8718187809, "median": 3.05765485764, "max": 541.450683594}, "barkbands_kurtosis": {"dmean": 3.19032049179, "dvar2": 369.277893066, "mean": 2.8354074955, "var": 256.688049316, "dmean2": 5.01308298111, "dvar": 158.968704224, "min": -1.8941129446, "median": -0.634680747986, "max": 357.625946045}, "hfc": {"dmean": 7.06167268753, "dvar2": 172.625915527, "mean": 31.7937450409, "var": 601.417541504, "dmean2": 9.99879074097, "dvar": 88.7062911987, "min": 1.29299155882e-16, "median": 30.5119438171, "max": 132.430007935}, "silence_rate_20dB": {"dmean": 0, "dvar2": 0, "mean": 1, "var": 0, "dmean2": 0, "dvar": 0, "min": 1, "median": 1, "max": 1}, "erbbands_flatness_db": {"dmean": 0.0163752958179, "dvar2": 0.000588380382396, "mean": 0.148297056556, "var": 0.00366908614524, "dmean2": 0.0234459396452, "dvar": 0.000311915064231, "min": 0.0404301211238, "median": 0.131789341569, "max": 0.475072443485}, "spectral_flux": {"dmean": 0.0218799170107, "dvar2": 0.0018050908111, "mean": 0.0841122195125, "var": 0.00255581061356, "dmean2": 0.0346678905189, "dvar": 0.000787999073509, "min": 1.0492075958e-10, "median": 0.0850538909435, "max": 0.284943431616}, "spectral_energyband_low": {"dmean": 0.00550155621022, "dvar2": 0.000260016327957, "mean": 0.00837903935462, "var": 0.000150582854985, "dmean2": 0.00884114578366, "dvar": 0.000109375789179, "min": 6.36036775319e-23, "median": 0.00452194269747, "max": 0.090956941247}, "spectral_rolloff": {"dmean": 798.420349121, "dvar2": 3257778, "mean": 2880.82250977, "var": 4878522.5, "dmean2": 1261.41357422, "dvar": 1681257.875, "min": 64.599609375, "median": 2605.51757812, "max": 19143.0175781}, "spectral_entropy": {"dmean": 0.132940456271, "dvar2": 0.0597506836057, "mean": 7.80073547363, "var": 0.271080166101, "dmean2": 0.190208926797, "dvar": 0.0296683106571, "min": 4.90977191925, "median": 7.95930337906, "max": 9.7897939682}, "spectral_energy": {"dmean": 0.00716552417725, "dvar2": 0.000255796883721, "mean": 0.0234344284981, "var": 0.000301108288113, "dmean2": 0.0113118812442, "dvar": 0.000108753811219, "min": 1.10083659689e-20, "median": 0.0235190056264, "max": 0.0966790020466}, "spectral_centroid": {"dmean": 251.646942139, "dvar2": 175666.484375, "mean": 2009.95239258, "var": 554433.625, "dmean2": 386.073944092, "dvar": 92740.828125, "min": 114.560371399, "median": 2156.02612305, "max": 11432.3515625}, "barkbands_flatness_db": {"dmean": 0.020507408306, "dvar2": 0.00112189829815, "mean": 0.107837811112, "var": 0.00508366990834, "dmean2": 0.030911102891, "dvar": 0.000545223010704, "min": 0.0154114067554, "median": 0.0826319903135, "max": 0.459515601397}, "spectral_rms": {"dmean": 0.000672768510412, "dvar2": 1.69328473021e-06, "mean": 0.00428276695311, "var": 4.52070207757e-06, "dmean2": 0.00102625286672, "dvar": 7.84659050623e-07, "min": 3.277174105e-12, "median": 0.00479013286531, "max": 0.00971189886332}, "melbands": {"dmean": [0.00116345332935, 0.00111631618347, 0.000350570830051, 0.000229873432545, 0.000169955877936, 0.000192265812075, 9.0544570412e-05, 6.20372520643e-05, 7.49222599552e-05, 8.32431542221e-05, 7.03886471456e-05, 4.35238762293e-05, 4.70817940368e-05, 3.69073495676e-05, 3.06691836158e-05, 3.19437749567e-05, 4.05426253565e-05, 5.0193964853e-05, 3.97511939809e-05, 3.32439558406e-05, 3.97205367335e-05, 3.40389415214e-05, 2.76548780676e-05, 1.55579891725e-05, 1.13961141324e-05, 9.98648829409e-06, 7.59897829994e-06, 8.27551048133e-06, 5.93362801737e-06, 5.05936486661e-06, 4.31740454587e-06, 3.45095372722e-06, 2.77938170257e-06, 2.54545875578e-06, 1.56950409291e-06, 1.37372762765e-06, 1.18305331398e-06, 1.11408610337e-06, 1.16735589017e-06, 1.03852426037e-06], "dvar2": [1.22322398965e-05, 1.38095156217e-05, 7.06270441242e-07, 4.19907962623e-07, 2.90215098175e-07, 5.63594426239e-07, 1.24004031932e-07, 6.28282990078e-08, 9.52366363549e-08, 1.39482764894e-07, 1.10545329335e-07, 3.50343150046e-08, 5.59419355284e-08, 3.46068169677e-08, 2.08589021611e-08, 1.57631365738e-08, 1.92803444321e-08, 3.2704818409e-08, 2.18818474451e-08, 1.33254722812e-08, 1.09012940896e-08, 6.81611034281e-09, 5.31030242001e-09, 1.14123843709e-09, 6.285946208e-10, 4.85506745918e-10, 4.10971257025e-10, 5.25824994657e-10, 2.82197626378e-10, 2.58721738478e-10, 1.90875856787e-10, 1.12810004393e-10, 6.87862891646e-11, 5.35688611525e-11, 1.84314594837e-11, 1.425476924e-11, 1.1607102432e-11, 1.1634554431e-11, 1.51385882996e-11, 1.15310486853e-11], "mean": [0.00143233069684, 0.00143539626151, 0.000616491248365, 0.000389491440728, 0.000268563278951, 0.000269087933702, 0.000139337018481, 9.90432672552e-05, 0.000110291184683, 0.000125890175696, 0.000113236834295, 7.03437981429e-05, 7.62092677178e-05, 5.91001444263e-05, 4.76145469293e-05, 5.22625159647e-05, 6.66332125547e-05, 8.23751252028e-05, 6.69126166031e-05, 5.74600126129e-05, 7.34473651391e-05, 6.71928282827e-05, 5.44954564248e-05, 3.36187549692e-05, 2.53167527262e-05, 2.15246145672e-05, 1.66511399584e-05, 1.69432369148e-05, 1.17406643767e-05, 1.03322772702e-05, 9.02606825548e-06, 6.98979192748e-06, 5.88270631852e-06, 5.36847301191e-06, 3.39178632203e-06, 3.00213082483e-06, 2.5077574719e-06, 2.26255542657e-06, 2.33351715906e-06, 2.11274505091e-06], "var": [7.03497198629e-06, 5.03482169734e-06, 4.30250253203e-07, 2.04821148486e-07, 1.58927178973e-07, 3.04651081251e-07, 6.6312701108e-08, 3.73567594636e-08, 6.30178362826e-08, 1.04148114133e-07, 9.09716320052e-08, 2.92836865867e-08, 4.37506741946e-08, 2.30812453594e-08, 1.10258824293e-08, 1.21314807089e-08, 1.3436864954e-08, 2.3364876256e-08, 1.45964280662e-08, 9.36895894199e-09, 9.27373999815e-09, 5.75641001532e-09, 4.32178204335e-09, 1.19254384146e-09, 6.47549902588e-10, 4.44181885717e-10, 3.32052385588e-10, 3.71252750764e-10, 2.11269779449e-10, 2.15750278754e-10, 1.72984501723e-10, 1.09342590537e-10, 7.56426657422e-11, 5.88262355494e-11, 1.95013363097e-11, 1.61622520922e-11, 1.3010848475e-11, 1.17867599361e-11, 1.77089974629e-11, 1.47563940234e-11], "dmean2": [0.00185267906636, 0.00191467360128, 0.000598757411353, 0.000388615531847, 0.000281652726699, 0.00031420099549, 0.000147294224007, 0.000100768593256, 0.000118169024063, 0.000130111933686, 0.000109909182356, 6.76357740304e-05, 7.27833903511e-05, 5.82628708798e-05, 4.96864049637e-05, 5.09224119014e-05, 6.52653397992e-05, 7.94487350504e-05, 6.30991780781e-05, 5.32543344889e-05, 6.44681495032e-05, 5.52748351765e-05, 4.50705556432e-05, 2.54858568951e-05, 1.8799017198e-05, 1.64902685356e-05, 1.24324105855e-05, 1.39076246342e-05, 1.00169263533e-05, 8.31314628158e-06, 6.91779860063e-06, 5.4262895901e-06, 4.33137438449e-06, 4.01021270591e-06, 2.43766658059e-06, 2.11526571547e-06, 1.79341304829e-06, 1.7042067384e-06, 1.77356457698e-06, 1.56230737502e-06], "dvar": [5.44701879335e-06, 5.09700748808e-06, 2.55003641314e-07, 1.50908817886e-07, 1.17675341471e-07, 2.25579938729e-07, 4.92756306869e-08, 2.5014022853e-08, 3.98636608168e-08, 5.76994771961e-08, 4.8075204262e-08, 1.51077337307e-08, 2.37434569783e-08, 1.39472531302e-08, 8.44193515093e-09, 6.4724092752e-09, 7.81420794738e-09, 1.34141266983e-08, 8.97010821177e-09, 5.58087043245e-09, 4.53323334426e-09, 2.63208077556e-09, 2.09017048114e-09, 4.37582720059e-10, 2.39216674247e-10, 1.8716686534e-10, 1.65330998891e-10, 1.95624877408e-10, 1.07319278464e-10, 1.01296485089e-10, 7.63845167673e-11, 4.7803903197e-11, 2.93342364288e-11, 2.16487695825e-11, 7.70750824275e-12, 6.07552202991e-12, 5.13980351335e-12, 4.98547730876e-12, 6.8544384578e-12, 5.29324414161e-12], "min": [7.94386244773e-24, 1.09722008553e-23, 4.51282711417e-24, 4.11797777642e-24, 6.35661395857e-24, 3.48194092221e-24, 2.38761335297e-24, 2.79028089393e-24, 4.72409550307e-24, 3.40530821286e-24, 2.53379558959e-24, 2.75102776694e-24, 6.14659551977e-24, 8.40869242525e-24, 5.65295200326e-24, 1.0760557363e-23, 8.0364526299e-24, 7.34608653072e-24, 8.58494919502e-24, 8.85309090532e-24, 9.49913722112e-24, 1.22911376346e-23, 1.16412669211e-23, 7.00809355386e-24, 1.59517598906e-23, 2.66716617291e-23, 1.57066592296e-23, 7.91240819686e-24, 1.50177943327e-23, 1.03843843072e-23, 5.50405805728e-24, 8.15644389561e-24, 1.0127079968e-23, 9.52021952881e-24, 6.89160561942e-24, 1.07012531667e-23, 8.21161367188e-24, 8.81599156581e-24, 9.94757861333e-24, 9.96791229202e-24], "median": [0.000438363756984, 0.000659520330373, 0.00042789147119, 0.000259459280642, 0.000153567321831, 0.000109160922875, 6.97523719282e-05, 4.8559926654e-05, 4.11756409449e-05, 3.20962790283e-05, 3.26876797772e-05, 2.28023582167e-05, 2.15643449337e-05, 2.16394964809e-05, 1.87950645341e-05, 1.87002478924e-05, 2.92253480438e-05, 3.94105481973e-05, 3.55485026375e-05, 3.44133914041e-05, 5.00761161675e-05, 4.98449044244e-05, 3.79716657335e-05, 2.68535659416e-05, 2.07146385947e-05, 1.80585466296e-05, 1.34711826831e-05, 1.19582764455e-05, 7.60612192607e-06, 5.96160725763e-06, 4.5481710913e-06, 3.12315296469e-06, 2.4683704396e-06, 2.25748840421e-06, 1.86770637356e-06, 1.74860144853e-06, 1.35970265092e-06, 1.1869641412e-06, 1.00132695025e-06, 8.53071242091e-07], "max": [0.0222327355295, 0.0202376004308, 0.00563523126766, 0.00541142048314, 0.00895308796316, 0.0113557158038, 0.0049285297282, 0.00311242067255, 0.00478859758005, 0.00579512910917, 0.005145016592, 0.00319012324326, 0.00490010390058, 0.0039108581841, 0.002892262768, 0.00197851751, 0.00161543430295, 0.00255661597475, 0.00265139923431, 0.0021227276884, 0.00151431234553, 0.00120521953795, 0.000959465280175, 0.000435984751675, 0.000360958947567, 0.000286398251774, 0.000544970505871, 0.000274284015177, 0.000234950217418, 0.000227025258937, 0.000245146948146, 0.00011639524746, 7.45043507777e-05, 8.74296820257e-05, 6.78372380207e-05, 5.42948910152e-05, 5.3183070122e-05, 4.7403969802e-05, 5.70704505662e-05, 4.29465435445e-05]}, "barkbands_crest": {"dmean": 2.69850277901, "dvar2": 17.1120433807, "mean": 8.62527275085, "var": 18.9345932007, "dmean2": 4.32086038589, "dvar": 7.06944561005, "min": 1.96092200279, "median": 7.4377450943, "max": 25.9789180756}, "mfcc": {"icov": [[5.89574119658e-05, -2.12017289414e-06, 8.40424763737e-05, 1.48017243191e-05, 3.001186451e-05, -8.8911052444e-05, 0.000189943326404, -0.000173476844793, -0.000131950582727, -4.55441513623e-05, 9.63908951235e-06, -0.000164340584888, -2.9111844924e-05], [-2.12017289414e-06, 0.000835474813357, 0.000261808163486, -0.000352569593815, -4.43071257905e-05, 0.000789052399341, -0.000759304210078, 0.000330847076839, -0.00039217149606, 6.0905731516e-05, 0.000134472487844, -0.000398342875997, 0.000465557619464], [8.40424763737e-05, 0.000261808163486, 0.00193004566245, 0.00058012799127, -0.000542215711903, -0.00119784323033, 0.00121468654834, -0.00124972104095, 0.000596060825046, -0.000687430030666, 0.00024105104967, -0.000496169843245, -0.000201439339435], [1.48017243191e-05, -0.000352569593815, 0.00058012799127, 0.0032373375725, -0.00093152502086, -0.00188063655514, 0.000905806373339, 0.000732455984689, -0.000535526080057, -0.000249755132245, 0.000813030463178, -0.000889503688086, -0.000625112850685], [3.001186451e-05, -4.43071257905e-05, -0.000542215711903, -0.00093152502086, 0.00558799784631, -0.000346609973349, -0.000442678923719, -0.000121237513667, -0.0010824581841, -0.00195866008289, 0.000776267901529, -0.000762330717407, -0.00149309064727], [-8.8911052444e-05, 0.000789052399341, -0.00119784323033, -0.00188063655514, -0.000346609973349, 0.0110668232664, -0.00502449786291, -0.000663275422994, 0.000503987306729, -3.93227928726e-05, -0.00381512893364, 0.00138300727122, -0.000121266341012], [0.000189943326404, -0.000759304210078, 0.00121468654834, 0.000905806373339, -0.000442678923719, -0.00502449786291, 0.0113462982699, -0.00423874612898, -0.000549631658942, -0.000669855158776, 3.23700660374e-05, 1.80185543286e-05, -0.000436194910435], [-0.000173476844793, 0.000330847076839, -0.00124972104095, 0.000732455984689, -0.000121237513667, -0.000663275422994, -0.00423874612898, 0.0129184210673, -0.00530525529757, -0.000942202459555, 0.000418439798523, -0.00358933513053, 0.000544662878383], [-0.000131950582727, -0.00039217149606, 0.000596060825046, -0.000535526080057, -0.0010824581841, 0.000503987306729, -0.000549631658942, -0.00530525529757, 0.0165486112237, -0.00627234578133, 0.000229634853895, 0.00265226792544, -0.00152949756011], [-4.55441513623e-05, 6.0905731516e-05, -0.000687430030666, -0.000249755132245, -0.00195866008289, -3.93227928726e-05, -0.000669855158776, -0.000942202459555, -0.00627234578133, 0.0194241907448, -0.00877489615232, 0.00154451839626, 0.000370519584976], [9.63908951235e-06, 0.000134472487844, 0.00024105104967, 0.000813030463178, 0.000776267901529, -0.00381512893364, 3.23700660374e-05, 0.000418439798523, 0.000229634853895, -0.00877489615232, 0.0236668735743, -0.0127589553595, 0.00559580884874], [-0.000164340584888, -0.000398342875997, -0.000496169843245, -0.000889503688086, -0.000762330717407, 0.00138300727122, 1.80185543286e-05, -0.00358933513053, 0.00265226792544, 0.00154451839626, -0.0127589553595, 0.028410570696, -0.012153997086], [-2.9111844924e-05, 0.000465557619464, -0.000201439339435, -0.000625112850685, -0.00149309064727, -0.000121266341012, -0.000436194910435, 0.000544662878383, -0.00152949756011, 0.000370519584976, 0.00559580884874, -0.012153997086, 0.0209920015186]], "mean": [-651.720703125, 86.9050292969, -12.0308952332, 30.7293014526, 13.3083667755, 3.41565036774, -2.20056557655, -0.188972786069, 1.63781881332, -1.21729505062, -2.93713283539, -2.38304376602, -2.80913853645], "cov": [[21443.1445312, 93.2626571655, -461.094726562, 194.002548218, 148.384216309, 228.749969482, 31.6334648132, 530.680297852, 449.361846924, 307.514251709, 246.990921021, 306.915313721, 166.956924438], [93.2626571655, 1670.78955078, -484.850067139, 192.583206177, -16.101984024, -132.773468018, 56.8019752502, -78.4705810547, 32.433719635, -31.2298622131, -44.4952430725, -16.1613254547, -29.1206417084], [-461.094726562, -484.850067139, 865.483886719, -111.363388062, 116.340118408, 139.146560669, 14.8755245209, 134.983291626, 21.1864776611, 79.4332046509, 63.593372345, 52.6451568604, 34.6581687927], [194.002548218, 192.583206177, -111.363388062, 421.655639648, 88.8751831055, 55.1802978516, 17.0040550232, -7.2844414711, 32.8483886719, 21.1672954559, 5.42337846756, 24.7045001984, 29.5456485748], [148.384216309, -16.101984024, 116.340118408, 88.8751831055, 262.831970215, 72.4433288574, 54.8202133179, 72.3716659546, 62.5641860962, 69.9776916504, 35.8166351318, 41.9636573792, 40.772026062], [228.749969482, -132.773468018, 139.146560669, 55.1802978516, 72.4433288574, 191.386032104, 94.3990249634, 87.5356063843, 43.5775642395, 60.0402259827, 60.4725227356, 34.9515838623, 18.4204978943], [31.6334648132, 56.8019752502, 14.8755245209, 17.0040550232, 54.8202133179, 94.3990249634, 172.485244751, 91.8562393188, 52.6525421143, 49.0953826904, 38.9073562622, 25.3053092957, 12.3280963898], [530.680297852, -78.4705810547, 134.983291626, -7.2844414711, 72.3716659546, 87.5356063843, 91.8562393188, 185.348724365, 83.1608657837, 72.5994949341, 53.6304168701, 48.0371322632, 24.6016864777], [449.361846924, 32.433719635, 21.1864776611, 32.8483886719, 62.5641860962, 43.5775642395, 52.6525421143, 83.1608657837, 118.644104004, 65.3770370483, 32.5057487488, 21.2266807556, 15.8388805389], [307.514251709, -31.2298622131, 79.4332046509, 21.1672954559, 69.9776916504, 60.0402259827, 49.0953826904, 72.5994949341, 65.3770370483, 113.254730225, 59.9289207458, 31.1988925934, 11.8251094818], [246.990921021, -44.4952430725, 63.593372345, 5.42337846756, 35.8166351318, 60.4725227356, 38.9073562622, 53.6304168701, 32.5057487488, 59.9289207458, 94.087387085, 45.9046325684, 7.22273731232], [306.915313721, -16.1613254547, 52.6451568604, 24.7045001984, 41.9636573792, 34.9515838623, 25.3053092957, 48.0371322632, 21.2266807556, 31.1988925934, 45.9046325684, 77.0522460938, 37.8620567322], [166.956924438, -29.1206417084, 34.6581687927, 29.5456485748, 40.772026062, 18.4204978943, 12.3280963898, 24.6016864777, 15.8388805389, 11.8251094818, 7.22273731232, 37.8620567322, 73.2926254272]]}, "spectral_decrease": {"dmean": 1.82646264779e-09, "dvar2": 1.75431673771e-17, "mean": -5.44499467736e-09, "var": 1.80534600601e-17, "dmean2": 2.89588908409e-09, "dvar": 7.42503704889e-18, "min": -2.47911202678e-08, "median": -5.27497467928e-09, "max": 1.90619132913e-28}, "zerocrossingrate": {"dmean": 0.015924597159, "dvar2": 0.000344663218129, "mean": 0.10037843883, "var": 0.00320527167059, "dmean2": 0.0164840705693, "dvar": 0.000377604737878, "min": 0.001953125, "median": 0.09326171875, "max": 0.50634765625}, "spectral_contrast_coeffs": {"dmean": [0.0526695139706, 0.0480353534222, 0.038073785603, 0.0313861109316, 0.0227043647319, 0.0223003067076], "dvar2": [0.00476705934852, 0.00409658718854, 0.00246350560337, 0.00170265918132, 0.000959753117058, 0.001494852826], "mean": [-0.653754770756, -0.74988168478, -0.772031128407, -0.772391736507, -0.785909116268, -0.753851950169], "var": [0.00840763095766, 0.00565471453592, 0.00520126661286, 0.00333045446314, 0.00191071780864, 0.00380176957697], "dmean2": [0.0849112346768, 0.0781306251884, 0.0601462870836, 0.0500580780208, 0.0363505296409, 0.0350881107152], "dvar": [0.00186341372319, 0.00166561664082, 0.00110949808732, 0.000756190507673, 0.000441042677267, 0.000710706459358], "min": [-0.962438046932, -0.972169518471, -0.963150620461, -0.956855177879, -0.963127791882, -0.957096874714], "median": [-0.664436936378, -0.759160637856, -0.783053994179, -0.777200639248, -0.786922156811, -0.751419186592], "max": [-0.301672339439, -0.403709173203, -0.436060786247, -0.508547306061, -0.497455835342, -0.506525397301]}, "spectral_skewness": {"dmean": 0.235075026751, "dvar2": 0.342057496309, "mean": 1.40790462494, "var": 0.331938564777, "dmean2": 0.377978116274, "dvar": 0.127209559083, "min": -0.3726567626, "median": 1.34509992599, "max": 7.90548086166}, "spectral_energyband_middle_high": {"dmean": 0.00204057013616, "dvar2": 1.82623261935e-05, "mean": 0.00743206497282, "var": 4.26581209467e-05, "dmean2": 0.00304293469526, "dvar": 8.27154235594e-06, "min": 1.68596362406e-21, "median": 0.00685399118811, "max": 0.0494965836406}, "gfcc": {"icov": [[7.14039924787e-05, -5.54946309421e-05, 0.000162801312399, -9.0409645054e-05, 0.000121531513287, -0.000104312937765, -4.02795694754e-06, -0.000203668299946, 7.45194556657e-05, -0.000426117971074, 0.000488248973852, -0.000380713579943, 0.00017444549303], [-5.54946309421e-05, 0.00146909849718, -7.42961201468e-05, 0.000170025610714, -0.000603552209213, 0.000962125021033, -0.00106900068931, 3.14438439091e-05, -0.000984568148851, 0.00194931146689, -0.00247064861469, 0.00257956027053, -0.000981060205959], [0.000162801312399, -7.42961201468e-05, 0.00169666379225, 4.3324107537e-05, -0.00021193921566, -0.00103887543082, 0.000704219157342, -0.00062122073723, -3.81625359296e-05, -0.000967670464888, 0.00146499555558, -0.00140980025753, 0.00107967725489], [-9.0409645054e-05, 0.000170025610714, 4.3324107537e-05, 0.00207232800312, -0.000307207665173, -0.00100383302197, 0.0001740456064, 0.000819739419967, -0.00195840839297, 0.00101247953717, -0.0015506404452, 0.00121432635933, -5.11613143317e-05], [0.000121531513287, -0.000603552209213, -0.00021193921566, -0.000307207665173, 0.00368572841398, 0.000419855379732, -0.00137307727709, -0.00131652981509, 0.000507875636686, -0.00205576256849, 0.00104010209907, -0.000200173599296, -0.00061789265601], [-0.000104312937765, 0.000962125021033, -0.00103887543082, -0.00100383302197, 0.000419855379732, 0.00594306318089, -0.0022177034989, -0.00386483152397, 0.0020950823091, -0.000291393720545, -0.00221672584303, 0.00171231164131, 7.07630897523e-05], [-4.02795694754e-06, -0.00106900068931, 0.000704219157342, 0.0001740456064, -0.00137307727709, -0.0022177034989, 0.00718922680244, 0.000113565307402, -0.000818787666503, 0.00118821498472, 0.000342736340826, -0.00061951513635, 0.000487062119646], [-0.000203668299946, 3.14438439091e-05, -0.00062122073723, 0.000819739419967, -0.00131652981509, -0.00386483152397, 0.000113565307402, 0.0105105256662, -0.00403248844668, -0.00033542647725, 0.00148439349141, -0.00211566826329, 0.000593712960836], [7.45194556657e-05, -0.000984568148851, -3.81625359296e-05, -0.00195840839297, 0.000507875636686, 0.0020950823091, -0.000818787666503, -0.00403248844668, 0.0155896469951, -0.00651973066851, 0.00153717608191, -5.91419375269e-05, -0.00201969477348], [-0.000426117971074, 0.00194931146689, -0.000967670464888, 0.00101247953717, -0.00205576256849, -0.000291393720545, 0.00118821498472, -0.00033542647725, -0.00651973066851, 0.0208126734942, -0.00966959632933, 0.00140856998041, 0.00145960971713], [0.000488248973852, -0.00247064861469, 0.00146499555558, -0.0015506404452, 0.00104010209907, -0.00221672584303, 0.000342736340826, 0.00148439349141, 0.00153717608191, -0.00966959632933, 0.022594332695, -0.0082017313689, -0.000659407640342], [-0.000380713579943, 0.00257956027053, -0.00140980025753, 0.00121432635933, -0.000200173599296, 0.00171231164131, -0.00061951513635, -0.00211566826329, -5.91419375269e-05, 0.00140856998041, -0.0082017313689, 0.0204941257834, -0.00609046826139], [0.00017444549303, -0.000981060205959, 0.00107967725489, -5.11613143317e-05, -0.00061789265601, 7.07630897523e-05, 0.000487062119646, 0.000593712960836, -0.00201969477348, 0.00145960971713, -0.000659407640342, -0.00609046826139, 0.0180811695755]], "mean": [-20.5486164093, 62.1400909424, -122.379318237, 38.9837150574, -43.8595542908, 5.92968559265, -41.9503746033, 8.34057044983, -26.063659668, 3.92390465736, -21.4653587341, 2.11895179749, -10.7082452774], "cov": [[32774.8125, -3534.98730469, -72.348739624, 1169.80700684, -812.363769531, 1979.84130859, -108.574211121, 1493.48083496, 236.43812561, 835.38684082, -307.861999512, 654.086853027, -413.937774658], [-3534.98730469, 2700.2644043, -884.998291016, -35.2704963684, 381.931915283, -736.980957031, 347.353637695, -424.849121094, 71.7763214111, -272.266052246, 132.637954712, -305.125671387, 185.948425293], [-72.348739624, -884.998291016, 1300.31958008, -17.6240749359, 22.3383522034, 466.611022949, -117.201766968, 299.930023193, 3.83248472214, 138.991516113, -50.8285102844, 129.010971069, -101.960174561], [1169.80700684, -35.2704963684, -17.6240749359, 701.01953125, 30.4198799133, 189.943786621, 43.7136955261, 66.9150543213, 86.2757263184, 43.776725769, 39.8446807861, -13.8086709976, -10.3375368118], [-812.363769531, 381.931915283, 22.3383522034, 30.4198799133, 415.779418945, -31.47133255, 120.498786926, 24.7538890839, 38.6403198242, 3.82151079178, 22.464963913, -32.3346138, 31.521238327], [1979.84130859, -736.980957031, 466.611022949, 189.943786621, -31.47133255, 615.801513672, 14.5316057205, 310.212188721, 13.7208576202, 128.938751221, -13.367357254, 93.6501998901, -78.2955245972], [-108.574211121, 347.353637695, -117.201766968, 43.7136955261, 120.498786926, 14.5316057205, 230.540344238, 2.23152065277, 23.9378757477, -26.3282642365, 18.2914886475, -34.4888076782, 18.6432113647], [1493.48083496, -424.849121094, 299.930023193, 66.9150543213, 24.7538890839, 310.212188721, 2.23152065277, 296.188903809, 46.047996521, 95.6344909668, -19.7739334106, 75.6792297363, -43.1407623291], [236.43812561, 71.7763214111, 3.83248472214, 86.2757263184, 38.6403198242, 13.7208576202, 23.9378757477, 46.047996521, 103.240966797, 35.2820014954, 13.5633611679, 1.62909245491, 10.4659481049], [835.38684082, -272.266052246, 138.991516113, 43.776725769, 3.82151079178, 128.938751221, -26.3282642365, 95.6344909668, 35.2820014954, 117.651382446, 17.1749706268, 47.196598053, -22.8456172943], [-307.861999512, 132.637954712, -50.8285102844, 39.8446807861, 22.464963913, -13.367357254, 18.2914886475, -19.7739334106, 13.5633611679, 17.1749706268, 80.2476425171, 8.56244945526, 20.2307701111], [654.086853027, -305.125671387, 129.010971069, -13.8086709976, -32.3346138, 93.6501998901, -34.4888076782, 75.6792297363, 1.62909245491, 47.196598053, 8.56244945526, 107.656150818, -0.689199447632], [-413.937774658, 185.948425293, -101.960174561, -10.3375368118, 31.521238327, -78.2955245972, 18.6432113647, -43.1407623291, 10.4659481049, -22.8456172943, 20.2307701111, -0.689199447632, 81.2650909424]]}, "erbbands_spread": {"dmean": 8.33462047577, "dvar2": 203.499252319, "mean": 37.7173080444, "var": 323.480194092, "dmean2": 12.7459220886, "dvar": 90.6783065796, "min": 0.605082988739, "median": 34.4462966919, "max": 161.407943726}, "erbbands_kurtosis": {"dmean": 1.06060922146, "dvar2": 11.7305526733, "mean": 0.902575135231, "var": 9.86142253876, "dmean2": 1.66826987267, "dvar": 4.84348106384, "min": -1.83872425556, "median": 0.271649837494, "max": 73.0716552734}, "dynamic_complexity": 5.06479883194, "erbbands_crest": {"dmean": 2.36142921448, "dvar2": 14.698843956, "mean": 8.23682117462, "var": 17.3939418793, "dmean2": 3.84108424187, "dvar": 6.08119106293, "min": 2.35906553268, "median": 7.03834676743, "max": 33.7487983704}, "erbbands": {"dmean": [0.14110994339, 0.948637187481, 2.07097363472, 2.02359056473, 2.77671837807, 3.68443584442, 5.16252946854, 8.91816806793, 6.12482213974, 5.7971162796, 8.40187358856, 12.5952005386, 13.8872299194, 10.4948577881, 12.943780899, 13.1109657288, 12.7467784882, 19.7054462433, 28.979845047, 24.2331409454, 29.0377960205, 28.0983734131, 18.8703327179, 13.0508861542, 10.8576345444, 11.2488803864, 8.26530647278, 7.21732711792, 5.48296880722, 4.31300544739, 2.46990871429, 1.91066205502, 1.54567909241, 1.18635749817, 0.668708086014, 0.40840664506, 0.198434755206, 0.0393756553531, 0.00210599205457, 4.06742474297e-05], "dvar2": [0.178647726774, 10.1084852219, 48.1391601562, 29.1327724457, 50.0146217346, 114.421394348, 318.564697266, 1302.00268555, 614.584106445, 551.968383789, 1111.80810547, 3334.2578125, 4294.92578125, 1947.35559082, 4111.55126953, 4377.04394531, 2658.65600586, 4302.99267578, 9346.08984375, 6527.7734375, 5596.60058594, 4419.85546875, 1717.36755371, 766.051513672, 570.044006348, 935.353210449, 584.724853516, 529.71685791, 273.10369873, 141.130615234, 43.5787963867, 27.355173111, 22.498790741, 14.61353302, 3.27921819687, 1.19427406788, 0.409924089909, 0.0157412216067, 4.27586273872e-05, 1.15547882373e-08], "mean": [0.164738208055, 1.05841052532, 2.65917801857, 3.31640052795, 4.55493354797, 6.09800100327, 7.6341676712, 12.2633924484, 9.22877502441, 9.35168075562, 12.7971515656, 19.3092403412, 22.917842865, 17.9891891479, 21.6819972992, 21.64427948, 22.158908844, 35.4195899963, 51.19739151, 45.5834503174, 58.8842163086, 62.5844955444, 45.6602973938, 32.7280731201, 26.6010799408, 25.4678344727, 18.4073028564, 16.2668857574, 12.0991802216, 9.95461559296, 5.96976900101, 4.40426778793, 3.34674119949, 2.56939458847, 1.4905269146, 0.801581680775, 0.329899430275, 0.0650100558996, 0.00328901293688, 9.31261238293e-05], "var": [0.111400999129, 3.59209775925, 17.2710914612, 15.6185750961, 25.9292144775, 62.4994468689, 165.297821045, 686.877319336, 317.981384277, 353.255493164, 714.405334473, 2552.68237305, 3561.74658203, 1652.73303223, 3073.43896484, 2515.12915039, 1985.18334961, 3220.95727539, 7244.20117188, 5163.01367188, 5642.14355469, 4372.30224609, 2047.53637695, 955.876281738, 619.200927734, 751.171691895, 513.260742188, 518.797973633, 309.885375977, 187.835571289, 56.8665733337, 35.8092384338, 26.4454917908, 20.6557388306, 5.55366897583, 1.7063331604, 0.42645612359, 0.017574833706, 4.93312472827e-05, 1.61964717194e-08], "dmean2": [0.218109965324, 1.62184202671, 3.5916428566, 3.48701643944, 4.69114732742, 6.23196792603, 8.54251289368, 14.6423797607, 9.97862625122, 9.31488418579, 13.3361053467, 19.6726665497, 21.6462860107, 16.2459640503, 19.9318733215, 20.9477500916, 20.1478748322, 31.6020202637, 45.7197990417, 38.7081375122, 46.4648513794, 45.1587638855, 30.352722168, 21.324426651, 17.660905838, 18.6949748993, 13.7207784653, 11.508058548, 8.46806049347, 6.67544794083, 3.73985147476, 2.84706568718, 2.31343317032, 1.7495367527, 0.942584395409, 0.567394316196, 0.27523869276, 0.0537477321923, 0.00293268053792, 5.56133963983e-05], "dvar": [0.0844006612897, 3.82317900658, 17.3795509338, 10.4777870178, 18.0633583069, 42.0887641907, 130.439361572, 521.350646973, 241.517593384, 221.859115601, 460.613739014, 1375.93688965, 1862.67248535, 828.467041016, 1736.83215332, 1812.23168945, 1071.18701172, 1733.17797852, 3874.1171875, 2767.94775391, 2383.10571289, 1741.04089355, 684.360046387, 297.175109863, 225.454086304, 355.833679199, 228.079956055, 213.899856567, 119.024612427, 60.8510551453, 19.0826759338, 12.4285202026, 10.0882310867, 6.9113945961, 1.670830369, 0.629313707352, 0.204661250114, 0.00803630333394, 2.16986973101e-05, 6.12902972819e-09], "min": [9.69706295866e-22, 3.40403360928e-21, 2.8108847679e-20, 2.60088299742e-20, 2.36521956402e-20, 1.03003670576e-19, 1.5243460104e-19, 1.65508138923e-19, 1.6837026139e-19, 2.41714401751e-19, 5.32154291076e-19, 5.14622870077e-19, 5.13059653815e-19, 7.96635158977e-19, 2.20706800757e-18, 2.50065115738e-18, 4.24468310358e-18, 4.58733853643e-18, 5.13640820574e-18, 5.40836947472e-18, 9.18804596591e-18, 1.23259887069e-17, 8.82449429643e-18, 1.9088934677e-17, 3.34896313265e-17, 1.38311232407e-17, 2.25124185111e-17, 1.13549117549e-17, 1.59095055196e-17, 1.67125440388e-17, 1.46920164263e-17, 1.44637757886e-17, 1.33976102894e-17, 1.17264663969e-17, 8.84211820656e-18, 6.1832404261e-18, 3.71334984096e-18, 1.52674059488e-18, 3.80122966434e-19, 4.47773383532e-20], "median": [0.0348839536309, 0.410071492195, 1.09864234924, 2.02714729309, 3.07708311081, 3.63716125488, 3.88269114494, 4.7279343605, 4.51536750793, 4.50624036789, 5.38513565063, 5.51800489426, 7.0614566803, 6.34308862686, 7.8310751915, 8.87920093536, 9.36252403259, 16.8146305084, 27.2573337555, 28.3393115997, 41.7803039551, 50.2962036133, 38.0521583557, 28.6576900482, 23.6279525757, 19.2589683533, 12.2009830475, 8.77518749237, 5.52487754822, 4.49308776855, 3.39347243309, 2.54326868057, 1.72061491013, 1.07666671276, 0.61742579937, 0.239936560392, 0.0604671314359, 0.00959069374949, 0.000308175425744, 5.32301419298e-05], "max": [2.88747549057, 18.548116684, 45.5933570862, 40.7829360962, 55.0879631042, 170.044906616, 328.424102783, 578.814697266, 375.465301514, 354.249267578, 529.828918457, 876.149230957, 1057.80383301, 846.778564453, 1101.84362793, 2057.9128418, 725.993591309, 657.86730957, 1383.1003418, 1157.58105469, 1033.16821289, 837.751586914, 494.213012695, 396.676147461, 387.654632568, 535.543151855, 331.158630371, 434.812194824, 171.455505371, 113.562957764, 108.061470032, 77.1095428467, 73.5276107788, 47.2375946045, 22.8367042542, 10.5937318802, 5.86985588074, 1.34690785408, 0.0630483925343, 0.00112836749759]}, "silence_rate_30dB": {"dmean": 0, "dvar2": 0, "mean": 1, "var": 0, "dmean2": 0, "dvar": 0, "min": 1, "median": 1, "max": 1}, "silence_rate_60dB": {"dmean": 0.0273283775896, "dvar2": 0.057580973953, "mean": 0.163624435663, "var": 0.136849597096, "dmean2": 0.0546627305448, "dvar": 0.0265823490918, "min": 0, "median": 0, "max": 1}, "spectral_energyband_middle_low": {"dmean": 0.00249275518581, "dvar2": 3.51983435394e-05, "mean": 0.00639574602246, "var": 3.21916959365e-05, "dmean2": 0.00399741716683, "dvar": 1.39237681651e-05, "min": 1.15825379622e-22, "median": 0.00524651166052, "max": 0.0542344599962}, "spectral_spread": {"dmean": 582600.125, "dvar2": 1490638209020.0, "mean": 4902046, "var": 4018366054400.0, "dmean2": 803479.4375, "dvar": 840824782848, "min": 815321.5, "median": 4595225, "max": 41330296}, "barkbands": {"dmean": [0.000372517883079, 0.00416599400342, 0.00181803642772, 0.000645940075628, 0.00100221054163, 0.000959328608587, 0.000381741236197, 0.000333102332661, 0.000598175975028, 0.000385225139325, 0.000329397124005, 0.000324919848936, 0.000299578008708, 0.000484358810354, 0.000551926088519, 0.000505110947415, 0.000592008407693, 0.00034