{"tonal": {"hpcp": {"dvar": [0.0292985774577, 0.0229406375438, 0.023781336844, 0.0188186336309, 0.0292172264308, 0.0445482507348, 0.0366114340723, 0.042340785265, 0.0243962276727, 0.01354993321, 0.0200351327658, 0.0304202437401, 0.0222350805998, 0.0312935076654, 0.0227187685668, 0.020741250366, 0.0263181552291, 0.0256711952388, 0.0336263179779, 0.0368331968784, 0.0442492701113, 0.0474527850747, 0.0557349771261, 0.054135620594, 0.0224737357348, 0.0163737274706, 0.00876009184867, 0.00559156481177, 0.00623644096777, 0.0139582660049, 0.0326550044119, 0.0277503635734, 0.0284228790551, 0.0422922074795, 0.038374312222, 0.035744689405], "var": [0.0217898692936, 0.0218365434557, 0.0197305176407, 0.0159883815795, 0.0278170667589, 0.0918794870377, 0.118839457631, 0.0473411902785, 0.0175966359675, 0.0109001211822, 0.0146102765575, 0.0654738545418, 0.146303504705, 0.0508553087711, 0.0221131853759, 0.0319094918668, 0.0274364147335, 0.0330465473235, 0.0385176837444, 0.0309261232615, 0.0832974463701, 0.180413320661, 0.103869073093, 0.0447157993913, 0.0171950664371, 0.0106786321849, 0.0062574762851, 0.00486047239974, 0.00559148332104, 0.0107727237046, 0.0256371945143, 0.0230133775622, 0.0234730485827, 0.0348496995866, 0.0340078510344, 0.026356479153], "median": [0.00362807675265, 0.00313236331567, 0.0024937603157, 0.00220235669985, 0.00886664539576, 0.0458479374647, 0.0615095943213, 0.0270368997008, 0.00207283138297, 0.0014827081468, 0.00300894118845, 0.00623693782836, 0.007957553491, 0.00739294011146, 0.00286988192238, 0.002712583635, 0.00280143041164, 0.0024296217598, 0.00192243838683, 0.0120350774378, 0.170067608356, 0.364477872849, 0.270267307758, 0.0183039717376, 0.00292637199163, 0.00152205326594, 0.0031260412652, 0.00460097659379, 0.00339350430295, 0.00136150966864, 0.0014262823388, 0.00256551313214, 0.00447196606547, 0.00544212386012, 0.00426948536187, 0.00346536980942], "max": [1, 1, 1, 1, 1, 1, 1, 1, 1, 1, 1, 1, 1, 1, 1, 1, 1, 1, 1, 1, 1, 1, 1, 1, 1, 1, 1, 1, 1, 1, 1, 1, 1, 1, 1, 1], "dmean": [0.0663784518838, 0.0595297813416, 0.0571961291134, 0.0557070560753, 0.0867270156741, 0.123862326145, 0.116047009826, 0.11598585546, 0.0641401261091, 0.0411044955254, 0.0555751621723, 0.0866174176335, 0.0584286823869, 0.0920921042562, 0.0640559569001, 0.0578525662422, 0.0680507048965, 0.0655083358288, 0.0755585879087, 0.107672527432, 0.162072047591, 0.137694612145, 0.19576318562, 0.145167961717, 0.066620349884, 0.0400024354458, 0.0305463373661, 0.0264538414776, 0.0280340369791, 0.0412726551294, 0.0607278496027, 0.0587580874562, 0.0659367442131, 0.0893688797951, 0.0848893597722, 0.0769862681627], "dmean2": [0.125573471189, 0.107480682433, 0.103917621076, 0.101746767759, 0.15255407989, 0.215479969978, 0.199927255511, 0.206980168819, 0.11873909831, 0.0737513527274, 0.101670846343, 0.155372813344, 0.106017194688, 0.166115283966, 0.115008674562, 0.103030867875, 0.120576351881, 0.118439115584, 0.14032690227, 0.195269659162, 0.281238794327, 0.244386941195, 0.341793209314, 0.265439838171, 0.122850224376, 0.0742965638638, 0.0559411160648, 0.0461648106575, 0.0489330030978, 0.0747918188572, 0.111647203565, 0.10573092103, 0.117449179292, 0.164777651429, 0.155440971255, 0.14423699677], "mean": [0.0517934672534, 0.0536469593644, 0.0516374483705, 0.0479653850198, 0.0790874883533, 0.206550747156, 0.252847135067, 0.131309375167, 0.0476557053626, 0.0339767113328, 0.0429249294102, 0.147494196892, 0.227826356888, 0.133007332683, 0.0590156167746, 0.0683827549219, 0.0652625262737, 0.0671062916517, 0.0716735199094, 0.0869717374444, 0.271582186222, 0.472592592239, 0.336042702198, 0.114911019802, 0.0502731613815, 0.0312726013362, 0.0264880154282, 0.0268557053059, 0.0256526302546, 0.0316407158971, 0.0475465431809, 0.0504337996244, 0.056214183569, 0.0733271092176, 0.074093401432, 0.0601709745824], "dvar2": [0.0859518051147, 0.0635584592819, 0.0683177411556, 0.0538263395429, 0.0825656950474, 0.122182354331, 0.101047478616, 0.123569324613, 0.0694251731038, 0.0376355461776, 0.0591388233006, 0.0890291929245, 0.0594498179853, 0.0885793268681, 0.0648982077837, 0.056815892458, 0.073021300137, 0.070612795651, 0.0937208607793, 0.102522335947, 0.123499788344, 0.129126220942, 0.155093058944, 0.156103283167, 0.0642777755857, 0.0494554489851, 0.0257895663381, 0.015619087033, 0.0166598688811, 0.0385357886553, 0.0906307548285, 0.0768938064575, 0.07979644835, 0.12052539736, 0.107615351677, 0.103608556092], "min": [0, 0, 0, 0, 0, 0, 0, 0, 0, 0, 0, 0, 0, 0, 0, 0, 0, 0, 0, 0, 0, 0, 0, 0, 0, 0, 0, 0, 0, 0, 0, 0, 0, 0, 0, 0]}, "key_key": "E", "thpcp": [1, 0.711062133312, 0.243150278926, 0.106377378106, 0.0661724358797, 0.0560483075678, 0.0568263344467, 0.0542806424201, 0.0669513568282, 0.10060788691, 0.106717288494, 0.118948504329, 0.155159249902, 0.156780704856, 0.12732103467, 0.109594330192, 0.113516293466, 0.109264194965, 0.101494155824, 0.167348131537, 0.437058776617, 0.535021364689, 0.277848988771, 0.100838877261, 0.0718942955136, 0.0908286124468, 0.312095880508, 0.482077717781, 0.281441837549, 0.124876305461, 0.144697055221, 0.138094693422, 0.141996070743, 0.151660263538, 0.184031099081, 0.574664473534], "chords_key": "E", "tuning_equal_tempered_deviation": 0.0741808190942, "tuning_frequency": 443.572570801, "tuning_diatonic_strength": 0.590957462788, "chords_histogram": [28.5499992371, 1.70000004768, 3.65000009537, 0.699999988079, 0.300000011921, 0, 0.949999988079, 0, 0, 0, 0.600000023842, 0, 0.20000000298, 0, 0, 11.5500001907, 0, 3.40000009537, 2.15000009537, 0, 0, 2.84999990463, 26.6000003815, 16.7999992371], "key_strength": 0.683187305927, "key_scale": "major", "chords_strength": {"dvar": 0.000987654784694, "var": 0.00895448774099, "median": 0.532048583031, "max": 0.759968757629, "dmean": 0.00708740251139, "dmean2": 0.00770265702158, "mean": 0.532075941563, "dvar2": 0.00102918711491, "min": -1}, "chords_number_rate": 0.00449999980628, "tuning_nontempered_energy_ratio": 0.747576475143, "hpcp_entropy": {"dvar": 0.362385988235, "var": 0.960407674313, "median": 1.82726383209, "max": 4.33371257782, "dmean": 0.683208703995, "dmean2": 1.16260921955, "mean": 1.79961562157, "dvar2": 0.997418701649, "min": 0}, "chords_changes_rate": 0.0500000007451, "chords_scale": "major"}, "rhythm": {"bpm_histogram_first_peak_spread": {"dvar": 0, "var": 0, "median": 0.142857134342, "max": 0.142857134342, "dmean": 0, "dmean2": 0, "mean": 0.142857134342, "dvar2": 0, "min": 0.142857134342}, "bpm_histogram_first_peak_weight": {"dvar": 0, "var": 0, "median": 0.715231776237, "max": 0.715231776237, "dmean": 0, "dmean2": 0, "mean": 0.715231776237, "dvar2": 0, "min": 0.715231776237}, "bpm_histogram_first_peak_bpm": {"dvar": 0, "var": 0, "median": 96, "max": 96, "dmean": 0, "dmean2": 0, "mean": 96, "dvar2": 0, "min": 96}, "bpm": 95.9047698975, "bpm_histogram_second_peak_weight": {"dvar": 0, "var": 0, "median": 0.0463576167822, "max": 0.0463576167822, "dmean": 0, "dmean2": 0, "mean": 0.0463576167822, "dvar2": 0, "min": 0.0463576167822}, "beats_loudness": {"dvar": 0.0044595184736, "var": 0.0054029696621, "median": 0.0333404615521, "max": 0.308013826609, "dmean": 0.10296407342, "dmean2": 0.207078546286, "mean": 0.0698737129569, "dvar2": 0.0137882633135, "min": 0}, "beats_loudness_band_ratio": {"dvar": [0.0619430653751, 0.0135400798172, 0.0262400638312, 0.00212275586091, 0.00116838805843, 0.00543560786173], "var": [0.094192802906, 0.0171828623861, 0.0255362112075, 0.00205617467873, 0.00114757753909, 0.00437520071864], "median": [0.820784330368, 0.106938645244, 0.015491951257, 0.00472547952086, 0.00344464695081, 0.00258131045848], "max": [0.994338274002, 0.759870648384, 0.477717995644, 0.202731698751, 0.192227378488, 0.431023359299], "dmean": [0.336338996887, 0.126030728221, 0.16582429409, 0.0464001819491, 0.033103082329, 0.065236389637], "dmean2": [0.534536421299, 0.214639380574, 0.301370590925, 0.0838560909033, 0.0589174255729, 0.121177174151], "mean": [0.682803571224, 0.141656428576, 0.109559871256, 0.0299356020987, 0.0220789127052, 0.0377976596355], "dvar2": [0.128477573395, 0.0444754883647, 0.0533782057464, 0.0043746996671, 0.00254297140054, 0.0117380265146], "min": [0, 0, 0, 0, 0, 0]}, "bpm_histogram_second_peak_bpm": {"dvar": 0, "var": 0, "median": 129, "max": 129, "dmean": 0, "dmean2": 0, "mean": 129, "dvar2": 0, "min": 129}, "onset_rate": 1.16322922707, "beats_count": 152, "beats_position": [0.568888902664, 1.16099774837, 1.74149656296, 2.32199549675, 2.90249419212, 3.49460315704, 4.08671188354, 4.7020406723, 5.31736946106, 5.94430828094, 6.57124710083, 7.19818592072, 7.8251247406, 8.45206356049, 9.07900238037, 9.70594120026, 10.3328800201, 10.95981884, 11.5867567062, 12.2136955261, 12.840634346, 13.4675731659, 14.0945119858, 14.7098407745, 15.3251695633, 15.9521083832, 16.5790481567, 17.2059860229, 17.8329238892, 18.4598636627, 19.0868015289, 19.7137413025, 20.3406791687, 20.9676189423, 21.5945568085, 22.221496582, 22.8484344482, 23.4753742218, 24.102312088, 24.7292518616, 25.3561897278, 25.9831295013, 26.6100673676, 27.22539711, 27.8407249451, 28.4676647186, 29.0946025848, 29.7215423584, 30.3484802246, 30.9754180908, 31.6023578644, 32.2292976379, 32.8562355042, 33.4831733704, 34.1101112366, 34.7370529175, 35.3639907837, 35.9909286499, 36.6178665161, 37.244808197, 37.8717460632, 38.4986839294, 39.1256217957, 39.7409515381, 40.3562812805, 40.9832191467, 41.6101570129, 42.2370948792, 42.8640365601, 43.4909744263, 44.1179122925, 44.7448501587, 45.3717918396, 45.9987297058, 46.625667572, 47.2526054382, 47.8795471191, 48.5064849854, 49.1334228516, 49.7603607178, 50.3756904602, 51.0026283264, 51.6411781311, 52.2565078735, 52.871837616, 53.4987754822, 54.1257133484, 54.7526512146, 55.3795890808, 56.0065307617, 56.6334686279, 57.2604064941, 57.8873443604, 58.5142860413, 59.1412239075, 59.7681617737, 60.3950996399, 61.0220413208, 61.648979187, 62.2759170532, 62.9028549194, 63.5297966003, 64.1567306519, 64.7836685181, 65.4106140137, 66.0375518799, 66.6644897461, 67.2798156738, 67.895149231, 68.5220870972, 69.1490249634, 69.7759628296, 70.4029006958, 71.029838562, 71.6567764282, 72.2837142944, 72.91065979, 73.5375976562, 74.1645355225, 74.7914733887, 75.4184112549, 76.0453491211, 76.6722869873, 77.2876205444, 77.9029464722, 78.5298843384, 79.1684341431, 79.7837600708, 80.410697937, 81.0376434326, 81.6645812988, 82.291519165, 82.9184570312, 83.44090271, 83.9633560181, 84.4858016968, 85.0430831909, 85.6119689941, 86.1808624268, 86.6220397949, 87.0516052246, 87.4927902222, 87.9455795288, 88.3983688354, 88.8511581421, 89.3155517578, 89.7799530029, 90.244354248, 90.7087478638, 91.1731491089, 91.637550354, 92.1019515991], "danceability": 1.13054287434, "bpm_histogram_second_peak_spread": {"dvar": 0, "var": 0, "median": 0.300000071526, "max": 0.300000071526, "dmean": 0, "dmean2": 0, "mean": 0.300000071526, "dvar2": 0, "min": 0.300000071526}}, "lowlevel": {"spectral_flux": {"dvar": 0.00367123680189, "var": 0.00677919760346, "median": 0.0409121215343, "max": 0.677082836628, "dmean": 0.0254975054413, "dmean2": 0.0409805215895, "mean": 0.0635479837656, "dvar2": 0.0072758118622, "min": 6.31189961409e-11}, "spectral_rolloff": {"dvar": 338620.21875, "var": 4742189.5, "median": 258.3984375, "max": 19530.6152344, "dmean": 195.986724854, "dmean2": 323.442199707, "mean": 812.830810547, "dvar2": 797074.9375, "min": 21.533203125}, "barkbands_flatness_db": {"dvar": 0.00127949612215, "var": 0.0143310027197, "median": 0.278968364, "max": 0.564806342125, "dmean": 0.0239822119474, "dmean2": 0.038044411689, "mean": 0.268949091434, "dvar2": 0.00276483339258, "min": 0.0363681465387}, "spectral_centroid": {"dvar": 97567.5390625, "var": 1385862.75, "median": 358.635253906, "max": 11609.2958984, "dmean": 135.198684692, "dmean2": 227.464096069, "mean": 745.169189453, "dvar2": 249022.109375, "min": 129.807174683}, "melbands_skewness": {"dvar": 1.12461924553, "var": 6.79419946671, "median": 3.48080992699, "max": 18.5753288269, "dmean": 0.833795487881, "dmean2": 1.30138599873, "mean": 4.10973358154, "dvar2": 2.77907824516, "min": -0.988831579685}, "melbands": {"dvar": [6.74861585139e-05, 0.000123823905597, 1.91734452528e-05, 1.47951979557e-07, 1.0664908956e-07, 8.3643982407e-08, 1.34236381655e-06, 2.50137787816e-07, 1.35485329622e-08, 9.9455242264e-08, 3.57180107713e-09, 1.19526077924e-08, 9.73571268048e-09, 9.17002740408e-09, 1.52834900291e-09, 5.43568079436e-09, 3.11495762517e-09, 7.89947107727e-10, 1.12055587032e-09, 8.23754220391e-09, 2.30577801297e-09, 1.66760194542e-09, 3.55178220168e-10, 1.33370536837e-09, 2.88689544492e-10, 3.53187395996e-10, 3.66028346521e-10, 1.43639822259e-10, 9.57528778489e-11, 1.07920956893e-10, 1.66613278729e-10, 3.23754634213e-10, 4.87307305619e-10, 7.84834558454e-11, 1.32910011122e-11, 2.24606774152e-11, 3.4920367379e-12, 3.66470439064e-12, 9.92677945053e-13, 9.99862302328e-13], "var": [7.52369232941e-05, 9.74056019913e-05, 2.46696909016e-05, 2.47101098694e-07, 3.27328592675e-07, 6.41832798465e-07, 1.07192636278e-06, 1.55239959554e-07, 1.8982214911e-08, 9.88876962538e-08, 4.22434798253e-09, 1.16344454071e-08, 9.530944034e-09, 8.15944467547e-09, 1.93079974231e-09, 4.02628641538e-09, 2.08491623965e-09, 6.8204680792e-10, 1.19579690594e-09, 5.24011634084e-09, 1.66334679363e-09, 1.22852272799e-09, 3.53738149883e-10, 8.75072958539e-10, 2.87231349816e-10, 3.09414216471e-10, 2.65753113959e-10, 1.41114481211e-10, 1.37107866727e-10, 1.59006932621e-10, 2.41377806631e-10, 3.26286608843e-10, 4.33931335309e-10, 1.51003515247e-10, 2.25109045987e-11, 1.82433027018e-11, 5.61838553112e-12, 7.48724953564e-12, 2.18662869929e-12, 2.22482731023e-12], "median": [0.000532529957127, 0.00215439544991, 0.000961177749559, 0.000169874139829, 0.000211493679672, 0.000115288203233, 2.6975885703e-05, 1.78303762368e-05, 1.14881759146e-05, 7.64378910389e-06, 3.31037767864e-06, 2.716952622e-06, 1.60108891123e-06, 1.25180770283e-06, 9.7190309134e-07, 1.15088300845e-06, 6.58928740904e-07, 6.68209054311e-07, 7.09483231276e-07, 8.13859230675e-07, 9.2548577868e-07, 4.55548672562e-07, 4.50441632438e-07, 2.77506359225e-07, 1.32036404921e-07, 3.16313730764e-07, 2.40390590989e-07, 1.8108084987e-07, 9.27482375346e-08, 7.57128759687e-08, 5.59928423627e-08, 9.45380804751e-08, 8.91872957709e-08, 3.40313945912e-08, 6.52455156569e-09, 4.06909794748e-09, 3.31122329555e-09, 2.82675416408e-09, 1.96469485125e-09, 1.22758125887e-09], "max": [0.129035949707, 0.145197853446, 0.0618709474802, 0.00560690928251, 0.00596499769017, 0.00947375968099, 0.0123706245795, 0.00743692368269, 0.00144464871846, 0.00407298188657, 0.000793118961155, 0.00126503803767, 0.001316197915, 0.00127972988412, 0.000595307152253, 0.000915245735087, 0.000717219314538, 0.000329974980559, 0.000448362057796, 0.00117606983986, 0.000595956109464, 0.000483785697725, 0.000234360690229, 0.000469984021038, 0.000221375928959, 0.000254389335169, 0.000182689880603, 0.000168165905052, 0.000139517040225, 0.000129929263494, 0.000172086583916, 0.000456292997114, 0.000201811577426, 0.000104177735921, 5.28263371962e-05, 6.3548941398e-05, 2.52386016655e-05, 2.63420533884e-05, 1.41613309097e-05, 1.37524712045e-05], "dmean": [0.00202504429035, 0.00258760596626, 0.00137493631337, 0.000166283934959, 0.000165553690749, 0.000135341266287, 0.000228184944717, 9.08616784727e-05, 3.61251513823e-05, 6.72571040923e-05, 1.56573369168e-05, 2.54928709182e-05, 1.98898833332e-05, 1.94601452677e-05, 8.88912200026e-06, 1.40371967063e-05, 9.55936047831e-06, 5.92957348999e-06, 7.55809969633e-06, 1.53033706738e-05, 9.81188895821e-06, 7.25699055693e-06, 4.41443989985e-06, 6.20689115749e-06, 3.46822071151e-06, 4.37243761553e-06, 4.20967171522e-06, 2.7689354738e-06, 2.38876214098e-06, 2.48001606451e-06, 2.72870920526e-06, 3.86517422157e-06, 4.72571673527e-06, 2.07432753996e-06, 7.77665206897e-07, 7.75453202095e-07, 3.7157474253e-07, 3.90135880934e-07, 2.02935410698e-07, 2.0613020979e-07], "dmean2": [0.00340356002562, 0.00447528064251, 0.00236431066878, 0.000270256423391, 0.000261701672571, 0.00017841468798, 0.000399783981266, 0.000164717246662, 5.71126365685e-05, 0.000104601633211, 2.54679052887e-05, 4.13072630181e-05, 3.17080193781e-05, 3.22944906657e-05, 1.38524828799e-05, 2.60211854766e-05, 1.76347821252e-05, 1.01207178886e-05, 1.18760244732e-05, 2.76377177215e-05, 1.79442886292e-05, 1.26644290503e-05, 7.59216482038e-06, 1.1250263924e-05, 5.80160258323e-06, 7.6264332165e-06, 7.71700706537e-06, 4.89545755045e-06, 3.93333584725e-06, 4.05605987908e-06, 4.55250892628e-06, 6.99042038832e-06, 8.4753783085e-06, 3.1926686006e-06, 1.28039198444e-06, 1.3855215002e-06, 5.9209395431e-07, 5.32269893938e-07, 2.89529850761e-07, 3.21373448742e-07], "mean": [0.00269327848218, 0.00417197681963, 0.00273738242686, 0.000331653573085, 0.000399725482566, 0.000376281474018, 0.000219601235585, 9.22181061469e-05, 5.5366072047e-05, 7.53002386773e-05, 2.24312279897e-05, 3.17925405398e-05, 2.36314499489e-05, 2.07884058909e-05, 1.23664212879e-05, 1.46831571328e-05, 8.91557829164e-06, 6.61938338453e-06, 8.94307231647e-06, 1.28231677081e-05, 9.50787944021e-06, 7.48252296034e-06, 5.65093796467e-06, 5.61752131034e-06, 4.40756639364e-06, 5.08783568876e-06, 4.51804089607e-06, 3.71536930288e-06, 3.45989383277e-06, 3.6594822177e-06, 4.09059657613e-06, 4.7243197514e-06, 5.63254116059e-06, 3.38087738783e-06, 1.30134753817e-06, 8.898886108e-07, 5.79304980874e-07, 6.53735526157e-07, 3.79719011789e-07, 3.86785330875e-07], "dvar2": [0.000171852254425, 0.000341100676451, 5.40137698408e-05, 3.95730182845e-07, 3.06542744966e-07, 1.39896243923e-07, 3.52638357981e-06, 7.3397751521e-07, 3.05033616144e-08, 2.33349396694e-07, 9.37713995341e-09, 3.08867100784e-08, 2.41897488706e-08, 2.28386749512e-08, 3.48623929725e-09, 1.5741413506e-08, 8.88396911591e-09, 2.11794848326e-09, 2.6244875162e-09, 2.32918999643e-08, 6.54158016644e-09, 4.63959937136e-09, 9.28156940194e-10, 3.82714882008e-09, 7.68403785045e-10, 9.51553946749e-10, 1.02577479844e-09, 3.88178683641e-10, 2.21887758167e-10, 2.59554239213e-10, 4.0672532009e-10, 9.01203611736e-10, 1.35437838722e-09, 1.62068886089e-10, 3.32382732449e-11, 6.44108932857e-11, 8.19291683107e-12, 7.07469369546e-12, 2.11795143056e-12, 2.27119603506e-12], "min": [1.87856062197e-24, 2.49076815759e-24, 1.87548031735e-24, 1.60450462425e-24, 1.65657378273e-24, 1.23629433041e-24, 2.7200933754e-24, 3.17132615192e-24, 2.14908035346e-24, 3.81349837181e-24, 4.06170438374e-24, 3.58348230907e-24, 5.06409573651e-24, 3.16142831414e-24, 2.29649755183e-24, 3.22507380919e-24, 2.23741896978e-24, 2.81057000199e-24, 2.51561214851e-24, 4.13030491135e-24, 3.26734906232e-24, 5.0369230282e-24, 4.30753947422e-24, 5.38452038659e-24, 6.40097791816e-24, 2.83580585956e-24, 4.81160699873e-24, 5.22380259892e-24, 5.18279839793e-24, 5.13651671748e-24, 3.88007073804e-24, 4.7906808855e-24, 4.25562374919e-24, 6.57295275094e-24, 7.14783710777e-24, 6.09362429885e-24, 4.79046197659e-24, 6.50805908072e-24, 4.44886035551e-24, 7.50781721579e-24]}, "spectral_decrease": {"dvar": 1.76564070795e-16, "var": 2.03736133354e-16, "median": -4.62968996473e-09, "max": 1.91302452857e-28, "dmean": 4.06677624909e-09, "dmean2": 6.73728273171e-09, "mean": -8.23425416741e-09, "dvar2": 4.44488268247e-16, "min": -1.67098605175e-07}, "barkbands_kurtosis": {"dvar": 493.188079834, "var": 1191.00109863, "median": 12.4580173492, "max": 423.407623291, "dmean": 10.8624420166, "dmean2": 17.466714859, "mean": 25.2855529785, "dvar2": 1245.81420898, "min": -1.87756252289}, "silence_rate_30dB": {"dvar": 0.0384188480675, "var": 0.051766846329, "median": 1, "max": 1, "dmean": 0.0400200113654, "dmean2": 0.0800600424409, "mean": 0.945236325264, "dvar2": 0.0846576169133, "min": 0}, "gfcc": {"mean": [-142.625808716, 143.774612427, -76.2903671265, 45.9397125244, -40.8708572388, -4.22972774506, -22.505651474, -6.14697313309, -13.1349220276, -2.68284630775, -14.1516771317, -2.42327070236, -7.32478666306], "cov": [[33712.7148438, -1045.57226562, -4594.92333984, 1234.08288574, -2187.78344727, 969.914611816, -694.867858887, 384.642944336, -486.355407715, 34.6265106201, -828.173522949, -89.5473022461, -597.139831543], [-1045.57226562, 3129.45629883, 313.238983154, -271.190307617, 678.747375488, -573.903625488, 363.230926514, -428.134002686, 184.597747803, -252.55809021, 201.409667969, -153.664474487, 191.182876587], [-4594.92333984, 313.238983154, 1974.12524414, -118.48651886, 525.135681152, -100.808082581, -33.2891273499, 65.0941772461, -11.7867040634, 81.1472244263, 130.688705444, 24.7793140411, 128.411270142], [1234.08288574, -271.190307617, -118.48651886, 616.032836914, -59.4551239014, 104.703300476, 22.13514328, 25.6954288483, 115.926475525, 36.556186676, 14.178776741, 15.0704984665, 70.1039657593], [-2187.78344727, 678.747375488, 525.135681152, -59.4551239014, 477.344696045, -142.719284058, 131.219940186, -91.4561691284, 53.4581947327, -39.1242523193, 78.3112411499, -46.8815498352, 76.4506378174], [969.914611816, -573.903625488, -100.808082581, 104.703300476, -142.719284058, 237.726867676, -30.9017047882, 126.319015503, -30.4824542999, 43.1600265503, -45.1145439148, 16.0868377686, -32.2573471069], [-694.867858887, 363.230926514, -33.2891273499, 22.13514328, 131.219940186, -30.9017047882, 187.890014648, -47.313117981, 89.0329818726, -43.0446891785, 39.946762085, -28.4793987274, 44.810962677], [384.642944336, -428.134002686, 65.0941772461, 25.6954288483, -91.4561691284, 126.319015503, -47.313117981, 166.408325195, -10.3792524338, 62.9516296387, -40.8589477539, 10.4708776474, -23.6422023773], [-486.355407715, 184.597747803, -11.7867040634, 115.926475525, 53.4581947327, -30.4824542999, 89.0329818726, -10.3792524338, 132.906524658, 6.7817401886, 47.0856513977, -13.7541618347, 51.2004508972], [34.6265106201, -252.55809021, 81.1472244263, 36.556186676, -39.1242523193, 43.1600265503, -43.0446891785, 62.9516296387, 6.7817401886, 102.892662048, 20.8245105743, 44.4995727539, 3.78066205978], [-828.173522949, 201.409667969, 130.688705444, 14.178776741, 78.3112411499, -45.1145439148, 39.946762085, -40.8589477539, 47.0856513977, 20.8245105743, 104.798126221, 40.2007598877, 66.3948135376], [-89.5473022461, -153.664474487, 24.7793140411, 15.0704984665, -46.8815498352, 16.0868377686, -28.4793987274, 10.4708776474, -13.7541618347, 44.4995727539, 40.2007598877, 97.3882141113, 42.2061882019], [-597.139831543, 191.182876587, 128.411270142, 70.1039657593, 76.4506378174, -32.2573471069, 44.810962677, -23.6422023773, 51.2004508972, 3.78066205978, 66.3948135376, 42.2061882019, 110.366607666]], "icov": [[0.000145733894897, -0.000426150771091, 0.000243437461904, -0.000435304216808, 0.000315027107717, -0.000581591564696, 0.000405917700846, -0.000256706640357, 0.00060325715458, -0.000533775542863, 0.000714751775376, -0.00024023532751, 0.000312268181005], [-0.000426150771091, 0.00231699226424, -0.000645768537652, 0.00154541316442, -0.00122241757344, 0.00309220934287, -0.0018909398932, 0.00125093723182, -0.00157502759248, 0.00225422228687, -0.00302654434927, 0.00234702671878, -0.0021866960451], [0.000243437461904, -0.000645768537652, 0.00148943858221, -0.000660082849208, -0.000897133722901, -0.000636477197986, 0.00159631553106, -0.00175442313775, 0.00162163516507, -0.0010873361025, 0.00015636793978, 4.49958060926e-05, -0.000292791373795], [-0.000435304216808, 0.00154541316442, -0.000660082849208, 0.00418074754998, -0.0010588056175, -0.000258236424997, 8.30274802865e-05, 0.0028111981228, -0.00530942389742, 0.0010131803574, -0.000552387558855, 0.00131893786602, -0.00343706761487], [0.000315027107717, -0.00122241757344, -0.000897133722901, -0.0010588056175, 0.00666243536398, -0.000144528676174, -0.00271004298702, 0.000757990928832, 0.00329884793609, -0.00260218046606, 0.000947009189986, 0.00277669518255, -0.000929039902985], [-0.000581591564696, 0.00309220934287, -0.000636477197986, -0.000258236424997, -0.000144528676174, 0.0146635100245, -0.00625010440126, -0.00609667878598, 0.00365999690257, 0.00293253618293, -0.00574016431347, 0.00308059947565, -0.00150433951057], [0.000405917700846, -0.0018909398932, 0.00159631553106, 8.30274802865e-05, -0.00271004298702, -0.00625010440126, 0.0149087272584, 0.000265901267994, -0.00745763815939, 0.00271427747793, 0.00180458743125, -0.00235437089577, 0.000797439774033], [-0.000256706640357, 0.00125093723182, -0.00175442313775, 0.0028111981228, 0.000757990928832, -0.00609667878598, 0.000265901267994, 0.0182189941406, -0.00623742723837, -0.00632896646857, 0.0066901575774, 0.00200298335403, -0.00349262286909], [0.00060325715458, -0.00157502759248, 0.00162163516507, -0.00530942389742, 0.00329884793609, 0.00365999690257, -0.00745763815939, -0.00623742723837, 0.0250619817525, -0.00725231692195, -0.00455856043845, 0.00836912449449, -0.00388185773045], [-0.000533775542863, 0.00225422228687, -0.0010873361025, 0.0010131803574, -0.00260218046606, 0.00293253618293, 0.00271427747793, -0.00632896646857, -0.00725231692195, 0.0241589080542, -0.00960711762309, -0.00742145814002, 0.00518494239077], [0.000714751775376, -0.00302654434927, 0.00015636793978, -0.000552387558855, 0.000947009189986, -0.00574016431347, 0.00180458743125, 0.0066901575774, -0.00455856043845, -0.00960711762309, 0.0299850832671, -0.00964514631778, -0.00426061265171], [-0.00024023532751, 0.00234702671878, 4.49958060926e-05, 0.00131893786602, 0.00277669518255, 0.00308059947565, -0.00235437089577, 0.00200298335403, 0.00836912449449, -0.00742145814002, -0.00964514631778, 0.0283187646419, -0.0145491659641], [0.000312268181005, -0.0021866960451, -0.000292791373795, -0.00343706761487, -0.000929039902985, -0.00150433951057, 0.000797439774033, -0.00349262286909, -0.00388185773045, 0.00518494239077, -0.00426061265171, -0.0145491659641, 0.0259441379458]]}, "silence_rate_20dB": {"dvar": 0.0103951003402, "var": 0.00645914115012, "median": 1, "max": 1, "dmean": 0.0105052525178, "dmean2": 0.0210157614201, "mean": 0.993498384953, "dvar2": 0.0285808146, "min": 0}, "barkbands_skewness": {"dvar": 1.05489969254, "var": 5.32188653946, "median": 2.73045706749, "max": 18.0463314056, "dmean": 0.750333607197, "dmean2": 1.18547987938, "mean": 3.24860787392, "dvar2": 2.67730307579, "min": -2.15885472298}, "erbbands_skewness": {"dvar": 0.180506259203, "var": 1.29224598408, "median": 1.10650241375, "max": 6.2823805809, "dmean": 0.370095789433, "dmean2": 0.573935270309, "mean": 1.21439611912, "dvar2": 0.444169998169, "min": -2.38072276115}, "spectral_contrast_valleys": {"dvar": [0.133423954248, 0.156041190028, 0.173822343349, 0.183406844735, 0.289355546236, 0.324526101351], "var": [5.61573934555, 6.21271753311, 6.12767648697, 5.95513534546, 6.16779088974, 5.45704460144], "median": [-7.18512392044, -7.37092447281, -8.51492595673, -8.8475933075, -8.77296543121, -12.4088897705], "max": [-4.86520624161, -4.24994373322, -4.82313632965, -5.13323545456, -5.15011310577, -7.67909240723], "dmean": [0.370497703552, 0.344999521971, 0.317296147346, 0.262574404478, 0.231974825263, 0.242242902517], "dmean2": [0.621922373772, 0.574894607067, 0.526337981224, 0.423279255629, 0.352290987968, 0.333162993193], "mean": [-7.67793035507, -7.77540636063, -8.78495025635, -9.17556381226, -9.10186767578, -12.2823925018], "dvar2": [0.306345969439, 0.33349737525, 0.332182258368, 0.338667571545, 0.532367825508, 0.567284345627], "min": [-27.947183609, -27.8798160553, -27.6277370453, -27.6447658539, -27.4549102783, -27.3354854584]}, "spectral_strongpeak": {"dvar": 0.0701525583863, "var": 0.188780546188, "median": 0.34318780899, "max": 3.49476361275, "dmean": 0.161962524056, "dmean2": 0.273430138826, "mean": 0.481686830521, "dvar2": 0.181861802936, "min": 0}, "erbbands_crest": {"dvar": 4.4034986496, "var": 34.4236793518, "median": 9.68603801727, "max": 28.9710712433, "dmean": 2.09086441994, "dmean2": 3.25961780548, "mean": 10.7535839081, "dvar2": 10.8471488953, "min": 2.31227374077}, "barkbands_crest": {"dvar": 5.53955936432, "var": 22.509677887, "median": 12.8953704834, "max": 25.5816612244, "dmean": 2.2748067379, "dmean2": 3.81642627716, "mean": 13.2454824448, "dvar2": 15.840880394, "min": 2.2466146946}, "spectral_energyband_middle_low": {"dvar": 0.000192278908798, "var": 0.000245850009378, "median": 0.00555622437969, "max": 0.163302704692, "dmean": 0.00457804696634, "dmean2": 0.00756810465828, "mean": 0.0103110522032, "dvar2": 0.000501021626405, "min": 2.21736986477e-22}, "spectral_contrast_coeffs": {"dvar": [0.00163984217215, 0.00125043059234, 0.000724518089555, 0.000422062119469, 0.000173719978193, 0.000379591219826], "var": [0.00955131649971, 0.00857265759259, 0.00350138940848, 0.00139926222619, 0.00100915995426, 0.00441648392007], "median": [-0.628491103649, -0.730469822884, -0.809893369675, -0.840773463249, -0.837626218796, -0.728724956512], "max": [-0.31896930933, -0.410852134228, -0.553500890732, -0.640367567539, -0.723900079727, -0.604305267334], "dmean": [0.0444373264909, 0.0419007465243, 0.0329154990613, 0.0233059953898, 0.0152341229841, 0.0148542076349], "dmean2": [0.0758229792118, 0.0686568245292, 0.0541382096708, 0.0393321029842, 0.02584307082, 0.0245000179857], "mean": [-0.622127354145, -0.719493448734, -0.80745947361, -0.841274380684, -0.840291261673, -0.750477910042], "dvar2": [0.00466198520735, 0.00358587363735, 0.00193245732225, 0.00117156503256, 0.000483582698507, 0.000886179681402], "min": [-0.970814466476, -0.982810556889, -0.977393269539, -0.970815896988, -0.968439042568, -0.96526157856]}, "hfc": {"dvar": 774.223449707, "var": 918.166564941, "median": 3.7618291378, "max": 334.931121826, "dmean": 6.48872566223, "dmean2": 9.97481441498, "mean": 11.5892152786, "dvar2": 1980.46447754, "min": 1.10484151991e-16}, "spectral_energyband_high": {"dvar": 3.79837388209e-06, "var": 5.73169427298e-06, "median": 1.5511035599e-05, "max": 0.0224770121276, "dmean": 0.000431511754869, "dmean2": 0.00067426788155, "mean": 0.000693110108841, "dvar2": 9.27432392928e-06, "min": 7.171334409e-21}, "erbbands_spread": {"dvar": 93.9350814819, "var": 624.905090332, "median": 33.7832717896, "max": 149.238525391, "dmean": 6.35070800781, "dmean2": 9.96585178375, "mean": 36.8051300049, "dvar2": 208.248565674, "min": 1.10695707798}, "dissonance": {"dvar": 0.000578437349759, "var": 0.00365111930296, "median": 0.453580141068, "max": 0.49995008111, "dmean": 0.0208319742233, "dmean2": 0.0343146249652, "mean": 0.432702034712, "dvar2": 0.00149491184857, "min": 0}, "spectral_kurtosis": {"dvar": 86.7017288208, "var": 464.517150879, "median": 5.6383562088, "max": 123.520072937, "dmean": 5.61496210098, "dmean2": 9.74691295624, "mean": 15.6756620407, "dvar2": 232.553009033, "min": -1.26047492027}, "spectral_skewness": {"dvar": 0.427662998438, "var": 3.35775947571, "median": 1.80587160587, "max": 9.4221496582, "dmean": 0.454897522926, "dmean2": 0.778109431267, "mean": 2.53019428253, "dvar2": 1.08109712601, "min": -0.0515923649073}, "pitch_salience": {"dvar": 0.00488463137299, "var": 0.0258624423295, "median": 0.443262755871, "max": 0.942020893097, "dmean": 0.0680321082473, "dmean2": 0.111765362322, "mean": 0.447100162506, "dvar2": 0.0132842799649, "min": 0.0617090575397}, "spectral_complexity": {"dvar": 23.784116745, "var": 123.440246582, "median": 5, "max": 66, "dmean": 2.26113057137, "dmean2": 3.63422560692, "mean": 9.37009239197, "dvar2": 48.3324928284, "min": 0}, "spectral_spread": {"dvar": 477245898752, "var": 15499227299800.0, "median": 3570100, "max": 42444680, "dmean": 368754.40625, "dmean2": 604343.8125, "mean": 4012063.5, "dvar2": 908156928000, "min": 773320.75}, "dynamic_complexity": 5.89958429337, "melbands_crest": {"dvar": 6.27432537079, "var": 28.4366378784, "median": 18.3469982147, "max": 33.4508247375, "dmean": 2.50948500633, "dmean2": 4.11187744141, "mean": 17.8541488647, "dvar2": 16.9367828369, "min": 1.50310778618}, "zerocrossingrate": {"dvar": 0.000101579244074, "var": 0.00335778086446, "median": 0.013671875, "max": 0.5244140625, "dmean": 0.00508823757991, "dmean2": 0.00588148646057, "mean": 0.032013617456, "dvar2": 9.9153156043e-05, "min": 0.00244140625}, "spectral_energyband_low": {"dvar": 0.00221027317457, "var": 0.00247368449345, "median": 0.0111099611968, "max": 0.609968483448, "dmean": 0.012734095566, "dmean2": 0.0212609097362, "mean": 0.0238018538803, "dvar2": 0.00564338453114, "min": 1.96178363309e-23}, "melbands_kurtosis": {"dvar": 1205.7277832, "var": 3880.04980469, "median": 22.2727508545, "max": 661.938781738, "dmean": 17.745639801, "dmean2": 28.5360794067, "mean": 45.9156112671, "dvar2": 2982.52050781, "min": -1.56496012211}, "spectral_energyband_middle_high": {"dvar": 3.81132340408e-05, "var": 3.26858607878e-05, "median": 0.000154208944878, "max": 0.077087149024, "dmean": 0.00112546398304, "dmean2": 0.00187971058767, "mean": 0.00146031519398, "dvar2": 0.000101792880741, "min": 1.20073323653e-21}, "barkbands_spread": {"dvar": 27.1237812042, "var": 228.411102295, "median": 3.50706601143, "max": 118.537994385, "dmean": 2.49782013893, "dmean2": 4.00063610077, "mean": 10.169298172, "dvar2": 61.7605209351, "min": 0.355960726738}, "mfcc": {"mean": [-775.443054199, 157.906311035, 28.5832195282, 49.0286750793, 10.3880901337, 13.0495605469, -1.23644566536, 2.38055849075, 3.10469174385, -2.27264642715, 0.322224080563, -4.11231374741, 3.59473752975], "cov": [[19473.8417969, -1462.27246094, -1819.35839844, -114.855331421, -1449.1229248, 216.911270142, -569.959838867, 225.36529541, 123.067489624, -53.8221855164, 158.249160767, -56.7631568909, 222.567199707], [-1462.27246094, 2952.07104492, 328.044158936, 244.542221069, 365.441680908, -49.4015045166, 143.686782837, -69.2320632935, -36.8175163269, -57.933391571, -29.8274650574, -40.7745819092, -93.8053894043], [-1819.35839844, 328.044158936, 847.008361816, 193.978088379, 383.75289917, 14.6902084351, 132.095611572, -14.2027797699, 8.18800735474, 47.7199668884, -39.0453567505, 5.49339580536, -27.64478302], [-114.855331421, 244.542221069, 193.978088379, 489.212799072, 152.478286743, 137.580429077, 9.01502799988, 12.3090381622, 74.1644744873, 32.5552520752, 16.0361404419, -43.2229270935, 90.7210159302], [-1449.1229248, 365.441680908, 383.75289917, 152.478286743, 336.03793335, 24.1157417297, 99.9220428467, -27.5653591156, 3.50269079208, 25.3084564209, -25.436000824, 2.83021187782, -12.966427803], [216.911270142, -49.4015045166, 14.6902084351, 137.580429077, 24.1157417297, 127.623191833, 28.3655376434, 32.8898429871, 29.9875011444, 10.1969022751, 13.4088277817, -9.1293926239, 39.6860847473], [-569.959838867, 143.686782837, 132.095611572, 9.01502799988, 99.9220428467, 28.3655376434, 101.135177612, 17.2452793121, 8.50549888611, 6.80392885208, -6.93596696854, 8.42657661438, -4.91257953644], [225.36529541, -69.2320632935, -14.2027797699, 12.3090381622, -27.5653591156, 32.8898429871, 17.2452793121, 73.4963378906, 39.9954795837, 18.4329090118, 4.55551767349, 0.837206482887, 14.3655357361], [123.067489624, -36.8175163269, 8.18800735474, 74.1644744873, 3.50269079208, 29.9875011444, 8.50549888611, 39.9954795837, 87.0251922607, 50.7563018799, 17.9208583832, -4.92670345306, 31.7724971771], [-53.8221855164, -57.933391571, 47.7199668884, 32.5552520752, 25.3084564209, 10.1969022751, 6.80392885208, 18.4329090118, 50.7563018799, 82.0981369019, 32.3968048096, 9.69150829315, 14.7575302124], [158.249160767, -29.8274650574, -39.0453567505, 16.0361404419, -25.436000824, 13.4088277817, -6.93596696854, 4.55551767349, 17.9208583832, 32.3968048096, 59.6683197021, 22.7398376465, 11.4905509949], [-56.7631568909, -40.7745819092, 5.49339580536, -43.2229270935, 2.83021187782, -9.1293926239, 8.42657661438, 0.837206482887, -4.92670345306, 9.69150829315, 22.7398376465, 48.9270401001, 4.08780002594], [222.567199707, -93.8053894043, -27.64478302, 90.7210159302, -12.966427803, 39.6860847473, -4.91257953644, 14.3655357361, 31.7724971771, 14.7575302124, 11.4905509949, 4.08780002594, 80.382270813]], "icov": [[8.61208318383e-05, -1.9031960619e-05, 1.42421986311e-05, 7.04720332578e-06, 0.000296528451145, -0.000238149805227, 0.000289700838039, -0.000102474696178, -3.18793718179e-05, -9.08950642042e-06, 2.68381863862e-05, -3.07320624415e-05, -5.02957045683e-05], [-1.9031960619e-05, 0.000499230576679, 0.000174504995812, -0.000547704403289, -0.000418249284849, 0.000860220694449, -0.000893069722224, 7.6775366324e-05, -1.99655296456e-05, 0.000570073607378, -0.00046211888548, 0.000268367031822, 0.000708627921995], [1.42421986311e-05, 0.000174504995812, 0.00284386263229, -0.00130473216996, -0.00214956095442, 0.00124134705402, -0.00158617750276, -0.000615330471192, 0.00104166020174, -0.00164357060567, 0.00167467375286, -0.00113318196964, 0.00137646577787], [7.04720332578e-06, -0.000547704403289, -0.00130473216996, 0.00730045745149, -0.00315938470885, -0.00543597852811, 0.0054800058715, 0.000391957117245, -0.00324656954035, 0.00259936321527, -0.00422057369724, 0.00597004964948, -0.00580201577395], [0.000296528451145, -0.000418249284849, -0.00214956095442, -0.00315938470885, 0.0115967327729, -0.00070781155955, -0.00556234456599, 0.004760698881, 0.000531841302291, -0.00428692623973, 0.00596255064011, -0.00455823540688, 0.002502997173], [-0.000238149805227, 0.000860220694449, 0.00124134705402, -0.00543597852811, -0.00070781155955, 0.0175614934415, -0.00785667914897, -0.00498896511272, 0.00266422168352, 0.00140719581395, -0.00356596359052, 0.00198994204402, -0.00105067307595], [0.000289700838039, -0.000893069722224, -0.00158617750276, 0.0054800058715, -0.00556234456599, -0.00785667914897, 0.02284966968, -0.00565843004733, -0.00259486702271, 0.00306828529574, -0.00152730348054, -0.000323028187267, -0.00248816679232], [-0.000102474696178, 7.6775366324e-05, -0.000615330471192, 0.000391957117245, 0.004760698881, -0.00498896511272, -0.00565843004733, 0.0245831497014, -0.0107606416568, -0.00106561230496, 0.00526790367439, -0.00378822092898, 0.00209980155341], [-3.18793718179e-05, -1.99655296456e-05, 0.00104166020174, -0.00324656954035, 0.000531841302291, 0.00266422168352, -0.00259486702271, -0.0107606416568, 0.0289037004113, -0.0149935511872, 0.000524154689629, 0.00405737105757, -0.00433098105714], [-9.08950642042e-06, 0.000570073607378, -0.00164357060567, 0.00259936321527, -0.00428692623973, 0.00140719581395, 0.00306828529574, -0.00106561230496, -0.0149935511872, 0.0287488270551, -0.0151530066505, 0.00288001797162, -0.001148768235], [2.68381863862e-05, -0.00046211888548, 0.00167467375286, -0.00422057369724, 0.00596255064011, -0.00356596359052, -0.00152730348054, 0.00526790367439, 0.000524154689629, -0.0151530066505, 0.0358822271228, -0.0191343110055, 0.00483189849183], [-3.07320624415e-05, 0.000268367031822, -0.00113318196964, 0.00597004964948, -0.00455823540688, 0.00198994204402, -0.000323028187267, -0.00378822092898, 0.00405737105757, 0.00288001797162, -0.0191343110055, 0.0362690128386, -0.00903155468404], [-5.02957045683e-05, 0.000708627921995, 0.00137646577787, -0.00580201577395, 0.002502997173, -0.00105067307595, -0.00248816679232, 0.00209980155341, -0.00433098105714, -0.001148768235, 0.00483189849183, -0.00903155468404, 0.0225149802864]]}, "silence_rate_60dB": {"dvar": 0.0167197715491, "var": 0.125944271684, "median": 0, "max": 1, "dmean": 0.017008503899, "dmean2": 0.0340255200863, "mean": 0.147786945105, "dvar2": 0.0373727642, "min": 0}, "melbands_flatness_db": {"dvar": 0.00189803133253, "var": 0.0227083098143, "median": 0.38736218214, "max": 0.699172735214, "dmean": 0.0275216065347, "dmean2": 0.0434706173837, "mean": 0.366637557745, "dvar2": 0.00397773459554, "min": 0.00389458122663}, "spectral_rms": {"dvar": 3.74856631424e-06, "var": 1.01504983832e-05, "median": 0.00418608775362, "max": 0.0250044446439, "dmean": 0.000927120621782, "dmean2": 0.00148500385694, "mean": 0.00460378918797, "dvar2": 8.72802047525e-06, "min": 3.16912446806e-12}, "melbands_spread": {"dvar": 28.1829891205, "var": 282.884277344, "median": 3.09719705582, "max": 154.327972412, "dmean": 2.3672606945, "dmean2": 3.88975405693, "mean": 9.22625637054, "dvar2": 69.8216018677, "min": 0.31774532795}, "average_loudness": 0.772173762321, "erbbands_kurtosis": {"dvar": 8.2588262558, "var": 56.9794158936, 