{"tonal": {"chords_key": "A", "hpcp_entropy": {"dmean": 0.558732271194, "dmean2": 0.940551817417, "max": 4.35438299179, "dvar": 0.223477676511, "mean": 2.05921411514, "dvar2": 0.600444853306, "min": 0, "var": 0.412910848856, "median": 2.09061479568}, "key_key": "A", "chords_strength": {"dmean": 0.00896621495485, "dmean2": 0.00861379411072, "max": 0.793885350227, "dvar": 5.24943607161e-05, "mean": 0.553373217583, "dvar2": 5.67794377275e-05, "min": 0.307258665562, "var": 0.00721793761477, "median": 0.550577282906}, "key_scale": "minor", "chords_number_rate": 0.00175169692375, "thpcp": [1, 0.782298624516, 0.886455714703, 0.611644625664, 0.187125727534, 0.165759369731, 0.201639458537, 0.261771202087, 0.568780779839, 0.615381538868, 0.298002839088, 0.221523314714, 0.249220266938, 0.321729660034, 0.713444471359, 0.717344522476, 0.277669042349, 0.138357579708, 0.144877210259, 0.201771318913, 0.489804118872, 0.60135024786, 0.428138017654, 0.664744853973, 0.682634353638, 0.272668063641, 0.126777946949, 0.122739054263, 0.164658725262, 0.380704134703, 0.469291836023, 0.283816695213, 0.174507126212, 0.174567297101, 0.284037590027, 0.80889326334], "key_strength": 0.762203812599, "tuning_nontempered_energy_ratio": 0.930384457111, "tuning_frequency": 434.193115234, "chords_changes_rate": 0.0543026067317, "tuning_diatonic_strength": 0.528430819511, "chords_scale": "minor", "chords_histogram": [30.6109046936, 25.3558139801, 14.2544336319, 4.09459161758, 0.109481059015, 0, 0, 0.481716662645, 0, 7.99211740494, 0, 0, 0, 0, 0, 0, 1.66411209106, 0.197065904737, 0.109481059015, 0, 0, 0, 3.15305447578, 11.9772281647], "tuning_equal_tempered_deviation": 0.189236298203, "hpcp": {"dmean": [0.127859815955, 0.129529938102, 0.0883459597826, 0.0631097555161, 0.0650993511081, 0.0749125033617, 0.115346342325, 0.132836729288, 0.116781413555, 0.140186607838, 0.13394151628, 0.0836968943477, 0.0574066638947, 0.0557186156511, 0.0617015697062, 0.0982988998294, 0.110339857638, 0.0939929708838, 0.076525606215, 0.0781679302454, 0.0980081707239, 0.167642995715, 0.174035295844, 0.152931079268, 0.158480837941, 0.117939934134, 0.0725815221667, 0.0669950097799, 0.0811383277178, 0.0961501449347, 0.127630978823, 0.128876060247, 0.0955206528306, 0.0840033069253, 0.0829627364874, 0.0998768135905], "dmean2": [0.21868044138, 0.219156816602, 0.156849876046, 0.116294905543, 0.119136691093, 0.132837727666, 0.191771864891, 0.222114995122, 0.201712667942, 0.236314803362, 0.224315628409, 0.147072404623, 0.104454115033, 0.102668151259, 0.109047994018, 0.16253888607, 0.185613662004, 0.165265232325, 0.138458624482, 0.141566678882, 0.171874642372, 0.280733436346, 0.293000370264, 0.262999862432, 0.282272934914, 0.206409603357, 0.133149906993, 0.121986143291, 0.147572830319, 0.172415003181, 0.218403398991, 0.22202527523, 0.169548124075, 0.152213290334, 0.149621412158, 0.177969172597], "max": [1, 1, 1, 1, 1, 1, 1, 1, 1, 1, 1, 1, 1, 1, 1, 1, 1, 1, 1, 1, 1, 1, 1, 1, 1, 1, 1, 1, 1, 1, 1, 1, 1, 1, 1, 1], "dvar": [0.0431454144418, 0.0400127843022, 0.0266791395843, 0.0232103150338, 0.0257818754762, 0.0244064051658, 0.0331821329892, 0.0418853536248, 0.0303013958037, 0.0410979762673, 0.0404651872814, 0.0227450337261, 0.0208901017904, 0.0203260909766, 0.0187063384801, 0.0280283484608, 0.0366525575519, 0.0333101786673, 0.0291265361011, 0.0298944339156, 0.0309692230076, 0.0442649833858, 0.0549070462584, 0.0378747135401, 0.0633991658688, 0.0375963747501, 0.026207793504, 0.023424172774, 0.0319759584963, 0.0333786159754, 0.0398788303137, 0.0445645190775, 0.0295785684139, 0.0334920622408, 0.0364051535726, 0.0350962169468], "mean": [0.239635497332, 0.240945473313, 0.0932649448514, 0.046472273767, 0.048662122339, 0.0677720159292, 0.164517998695, 0.201984703541, 0.143805265427, 0.223278015852, 0.229286834598, 0.0915851891041, 0.042582847178, 0.0412262417376, 0.0553064420819, 0.127872914076, 0.1576282233, 0.0953298509121, 0.0586143769324, 0.0586345866323, 0.0954040512443, 0.27169534564, 0.335885286331, 0.262762606144, 0.297747433186, 0.205442428589, 0.0628527775407, 0.0556761324406, 0.0677277296782, 0.0879250988364, 0.191045090556, 0.2066975981, 0.100094772875, 0.0744064226747, 0.0837094187737, 0.108064256608], "dvar2": [0.105704665184, 0.0976164937019, 0.075041487813, 0.0652828067541, 0.0702306628227, 0.0641544163227, 0.0815175920725, 0.0992344766855, 0.0825552195311, 0.10154928267, 0.099164403975, 0.0628445148468, 0.058414708823, 0.0557011365891, 0.0511114858091, 0.0710600167513, 0.08690944314, 0.090058773756, 0.0778126046062, 0.0800503194332, 0.0842138752341, 0.10859785229, 0.124394394457, 0.100279167295, 0.162490963936, 0.0977653264999, 0.074971921742, 0.0647083893418, 0.0894601270556, 0.0952444523573, 0.102004356682, 0.110764116049, 0.082535430789, 0.0919914767146, 0.0974204838276, 0.0938208028674], "min": [0, 0, 0, 0, 0, 0, 0, 0, 0, 0, 0, 0, 0, 0, 0, 0, 0, 0, 0, 0, 0, 0, 0, 0, 0, 0, 0, 0, 0, 0, 0, 0, 0, 0, 0, 0], "var": [0.107886768878, 0.10252507031, 0.0237457081676, 0.0170934963971, 0.0199251994491, 0.0225305426866, 0.0563596524298, 0.0787177309394, 0.0373870581388, 0.0844952464104, 0.091454602778, 0.0225691590458, 0.0145065207034, 0.0147178284824, 0.0161177366972, 0.0436079725623, 0.0651248842478, 0.0341288819909, 0.0229040719569, 0.0238282438368, 0.0293883308768, 0.082868129015, 0.123360052705, 0.0788398981094, 0.147297739983, 0.0833813846111, 0.0200543291867, 0.0182188395411, 0.0249229874462, 0.0278712827712, 0.0758854597807, 0.0893759205937, 0.0286591462791, 0.0307467300445, 0.045891828835, 0.0361768603325], "median": [0.070978179574, 0.078030474484, 0.0307888966054, 0.00585201196373, 0.00441366853192, 0.0138719351962, 0.0563205108047, 0.0690435990691, 0.0664131343365, 0.0849409997463, 0.0845125541091, 0.0279989484698, 0.00648670364171, 0.0052353264764, 0.0103333909065, 0.0295325983316, 0.030947631225, 0.0162591263652, 0.00628419127315, 0.00532995909452, 0.0287219565362, 0.153192773461, 0.174683228135, 0.148650974035, 0.0532781258225, 0.036565952003, 0.00721118273214, 0.00884336233139, 0.0108230663463, 0.0219257101417, 0.057361189276, 0.0588319152594, 0.0260236375034, 0.00806763488799, 0.00694654881954, 0.0235343258828]}}, "lowlevel": {"melbands_flatness_db": {"dmean": 0.0271082352847, "dmean2": 0.038070499897, "max": 0.70296561718, "dvar": 0.00105839094613, "mean": 0.23375351727, "dvar2": 0.00212588044815, "min": 0.00575127219781, "var": 0.00751839624718, "median": 0.220229759812}, "melbands_crest": {"dmean": 2.6718723774, "dmean2": 4.2361330986, "max": 35.9170188904, "dvar": 9.08852481842, "mean": 14.1803665161, "dvar2": 22.3173160553, "min": 1.98719203472, "var": 37.978061676, "median": 13.0086278915}, "spectral_entropy": {"dmean": 0.193647667766, "dmean2": 0.270813494921, "max": 9.79555892944, "dvar": 0.059884890914, "mean": 7.33707857132, "dvar2": 0.111866980791, "min": 4.79671525955, "var": 0.269130706787, "median": 7.35605764389}, "melbands": {"dmean": [0.00104529620148, 0.00115652754903, 0.000395684939576, 0.000227814845857, 0.000195960790734, 0.000156019159476, 0.000103312915599, 0.000169860999449, 0.000119863034342, 9.75628790911e-05, 8.67551862029e-05, 6.4482614107e-05, 7.72391285864e-05, 5.89152114117e-05, 5.98780607106e-05, 3.46599881595e-05, 4.88502300868e-05, 2.96796733892e-05, 2.6040859666e-05, 2.68032836175e-05, 1.65421697602e-05, 1.05641056507e-05, 8.48985564517e-06, 7.76430806582e-06, 9.18628666113e-06, 4.88523846798e-06, 2.91662308882e-06, 3.15483134727e-06, 2.13088787859e-06, 1.35984771532e-06, 1.02060948848e-06, 8.26460279768e-07, 6.99736347087e-07, 6.15318924702e-07, 6.9285073323e-07, 9.27461314859e-07, 7.39520032766e-07, 6.9103595024e-07, 1.10681889964e-06, 1.07269443106e-06], "dmean2": [0.00173262425233, 0.00208602310158, 0.000690716085956, 0.000370395078789, 0.000305342895444, 0.000250351789873, 0.000162004085723, 0.000266041490249, 0.000178434886038, 0.000145744008478, 0.000129523279611, 9.1013040219e-05, 0.00011345234816, 8.54952086229e-05, 8.71454103617e-05, 5.08396224177e-05, 7.2678703873e-05, 4.32980668847e-05, 3.95104325435e-05, 4.09182539443e-05, 2.43123067776e-05, 1.61378411576e-05, 1.31150000016e-05, 1.18375401144e-05, 1.39179555845e-05, 7.44435783417e-06, 4.45181012765e-06, 4.76169361718e-06, 3.29934846377e-06, 2.15648515223e-06, 1.63728839198e-06, 1.33213723075e-06, 1.13498651899e-06, 9.64154764915e-07, 1.09048471586e-06, 1.41520411034e-06, 1.11508484224e-06, 1.068530878e-06, 1.6977995756e-06, 1.62858589192e-06], "max": [0.0339285358787, 0.0331171043217, 0.0101395379752, 0.00768552999943, 0.00816716067493, 0.00653211493045, 0.00479523511603, 0.00634818803519, 0.00665559619665, 0.0066737816669, 0.00509208720177, 0.00389348180033, 0.00479636806995, 0.00586457550526, 0.00500749470666, 0.00404357444495, 0.00535810925066, 0.0018838532269, 0.00203042780049, 0.0017794391606, 0.00103496224619, 0.000870908144861, 0.000623469240963, 0.000401575234719, 0.000568534771446, 0.000372398790205, 0.00016369484365, 0.000193509069504, 0.000120668562886, 0.000159770686878, 0.000100256285805, 6.8217254011e-05, 4.28435632784e-05, 5.28609380126e-05, 0.000118617848784, 7.35831417842e-05, 0.000128263563965, 0.000119845390145, 0.000194320600713, 0.000290295458399], "dvar": [6.34783509668e-06, 1.08760350486e-05, 6.6763459472e-07, 1.61513568742e-07, 1.36192198852e-07, 1.15558165703e-07, 5.65391609086e-08, 1.06717799042e-07, 8.29237976063e-08, 5.68234064247e-08, 4.93056830919e-08, 2.65055213333e-08, 3.10058503317e-08, 2.73162275022e-08, 2.841848179e-08, 1.12082902959e-08, 2.13052313569e-08, 6.60268595354e-09, 4.89677542959e-09, 5.36975663934e-09, 2.36889841077e-09, 1.29745225674e-09, 6.14935380394e-10, 3.7473252279e-10, 4.83325490741e-10, 1.43570405564e-10, 4.43706148212e-11, 5.93379304026e-11, 3.31401711628e-11, 2.05881475063e-11, 1.27589397381e-11, 7.58546437468e-12, 5.99035187773e-12, 3.44687798269e-12, 6.37191211253e-12, 1.04639760398e-11, 1.14731167275e-11, 9.66310885475e-12, 2.80434668543e-11, 2.9769214871e-11], "mean": [0.00179127859883, 0.00179034017492, 0.000682198558934, 0.00048567756312, 0.000400604971219, 0.000279212981695, 0.000178193746251, 0.000310109287966, 0.000238248947426, 0.000180470873602, 0.000155246816576, 0.000128533618408, 0.000142836055602, 0.000116650247946, 0.000112840294605, 6.26879773336e-05, 9.06303394004e-05, 4.70173254143e-05, 4.24813551945e-05, 4.24041718361e-05, 2.57723404502e-05, 1.64375833265e-05, 1.34143383548e-05, 1.34238180181e-05, 1.58893017215e-05, 9.27531982597e-06, 6.24858739684e-06, 6.33382478554e-06, 3.75686613552e-06, 2.0226855213e-06, 1.37840436309e-06, 1.10626444894e-06, 8.99295798718e-07, 9.28170891257e-07, 1.03198578927e-06, 1.23329721191e-06, 9.77740000963e-07, 9.26320694816e-07, 1.52402230924e-06, 1.49055324528e-06], "dvar2": [1.594826972e-05, 3.13838318107e-05, 1.89084425983e-06, 4.39980908595e-07, 3.31686408117e-07, 2.68411696425e-07, 1.38513073011e-07, 2.68163176997e-07, 1.89140735074e-07, 1.30795214659e-07, 1.13421151582e-07, 5.37201962914e-08, 7.00631943573e-08, 5.40572209218e-08, 5.13140285818e-08, 1.92155091838e-08, 4.1015219665e-08, 1.30374750995e-08, 1.16971135e-08, 1.27337420608e-08, 4.87307305619e-09, 3.01648395151e-09, 1.45742651281e-09, 8.57221515993e-10, 1.09820419425e-09, 3.36812661095e-10, 9.92303669789e-11, 1.29876082111e-10, 7.71222946616e-11, 5.08964329016e-11, 3.32879245002e-11, 1.97104728372e-11, 1.58752420931e-11, 8.41077554825e-12, 1.64837449246e-11, 2.41774239518e-11, 2.76499032004e-11, 2.32263461936e-11, 6.38274641473e-11, 6.33310764941e-11], "min": [4.71245625484e-24, 5.40878574803e-24, 1.53219759423e-23, 1.51008030104e-23, 2.19978927908e-23, 1.28869413994e-23, 1.31865207944e-23, 2.0383081896e-23, 1.58632938732e-23, 5.92645244569e-24, 1.07150124786e-23, 4.95687888987e-24, 9.6249644798e-24, 1.32517524916e-23, 1.14844145519e-23, 1.2853289382e-23, 1.39525812529e-23, 5.0641059917e-24, 5.86481282671e-24, 1.46803180598e-23, 1.48035996643e-23, 1.22761981868e-23, 1.08572472553e-23, 6.18372641372e-24, 9.97339645303e-24, 2.09920462273e-23, 1.12833883386e-23, 1.47417387698e-23, 1.20592196282e-23, 8.42585961627e-24, 6.94317661224e-24, 1.46016844047e-23, 8.97459283966e-24, 8.89913592749e-24, 8.05581285424e-24, 7.07948309919e-24, 9.91121133673e-24, 7.24367818573e-24, 8.13745364704e-24, 8.11451830508e-24], "var": [6.19928641754e-06, 7.53728727432e-06, 7.34066418318e-07, 3.4550566852e-07, 3.01418822346e-07, 2.90626559263e-07, 9.27013559249e-08, 2.26942930226e-07, 1.84908145684e-07, 1.33504855171e-07, 9.76810810016e-08, 7.99211150593e-08, 8.51591579476e-08, 1.1382014975e-07, 1.0191065769e-07, 4.03116651171e-08, 8.87583624376e-08, 1.45081768821e-08, 1.06867945604e-08, 1.02988133577e-08, 5.26758769936e-09, 2.01054684013e-09, 1.08547226763e-09, 7.50977724451e-10, 9.36994815071e-10, 3.69905689412e-10, 1.43763181915e-10, 1.65446212286e-10, 6.48998910169e-11, 2.62241513227e-11, 1.33879947059e-11, 8.56656239001e-12, 6.09806996565e-12, 4.92312570918e-12, 7.274608433e-12, 1.4407245362e-11, 1.33918249753e-11, 1.11566407154e-11, 4.21622389779e-11, 4.63836434539e-11], "median": [0.00123529136181, 0.00120299030095, 0.000421260861913, 0.000289371033432, 0.000206488140975, 9.94723086478e-05, 7.42691481719e-05, 0.000138109797263, 8.62426604726e-05, 6.54097893857e-05, 3.9935195673e-05, 3.25428773067e-05, 3.79048360628e-05, 1.53181608766e-05, 2.41250891122e-05, 1.45283602251e-05, 1.16971259558e-05, 7.67452365835e-06, 7.68495556258e-06, 7.39644838177e-06, 4.46534659204e-06, 4.06199342251e-06, 3.30915281666e-06, 2.7728654004e-06, 3.78507456844e-06, 2.12653321796e-06, 1.28122860588e-06, 1.40229269618e-06, 9.19449746561e-07, 5.42233465239e-07, 3.08265242666e-07, 2.57054637132e-07, 1.99778938281e-07, 1.97460749973e-07, 2.08507245247e-07, 2.08013247516e-07, 1.77285954805e-07, 1.93519284153e-07, 2.67297167511e-07, 2.35906568946e-07]}, "silence_rate_60dB": {"dmean": 0.0181778352708, "dmean2": 0.0363596528769, "max": 1, "dvar": 0.0178499724716, "mean": 0.0813533365726, "dvar2": 0.0394135266542, "min": 0, "var": 0.0747388452291, "median": 0}, "spectral_energyband_middle_high": {"dmean": 0.00185552309267, "dmean2": 0.00255091721192, "max": 0.0648395046592, "dvar": 1.0290690625e-05, "mean": 0.00649962294847, "dvar2": 1.9224744392e-05, "min": 1.68660804138e-21, "var": 7.94751322246e-05, "median": 0.00214228173718}, "erbbands_skewness": {"dmean": 0.365784138441, "dmean2": 0.54464507103, "max": 4.79671669006, "dvar": 0.199142590165, "mean": 0.40590441227, "dvar2": 0.404914081097, "min": -7.59776449203, "var": 0.661953032017, "median": 0.378134846687}, "dynamic_complexity": 4.45572328568, "dissonance": {"dmean": 0.0228598751128, "dmean2": 0.0377306826413, "max": 0.500000059605, "dvar": 0.000438633491285, "mean": 0.446349650621, "dvar2": 0.00113645242527, "min": 0.2572260499, "var": 0.0012060883455, "median": 0.453125983477}, "spectral_skewness": {"dmean": 0.273790806532, "dmean2": 0.421692311764, "max": 8.80976581573, "dvar": 0.127353012562, "mean": 1.97164046764, "dvar2": 0.282910019159, "min": -0.908527672291, "var": 0.435216873884, "median": 1.91009950638}, "spectral_kurtosis": {"dmean": 2.26993608475, "dmean2": 3.66754603386, "max": 147.222213745, "dvar": 18.6044559479, "mean": 6.85938882828, "dvar2": 46.8756866455, "min": -1.67554044724, "var": 44.0097999573, "median": 5.67314910889}, "gfcc": {"cov": [[12789.1025391, -1323.92468262, -560.901062012, 400.224853516, -545.926452637, 315.2315979, -387.161590576, 333.972808838, -507.141601563, 69.0132675171, -316.74420166, 64.8975143433, -161.499328613], [-1323.92468262, 1834.79406738, -205.129364014, 35.8526649475, 339.336761475, -162.114089966, 328.953399658, -119.450309753, 159.56867981, -95.3589477539, 140.179718018, -138.18572998, 130.89163208], [-560.901062012, -205.129364014, 1107.51635742, 176.704238892, 63.2539482117, 174.176727295, -44.8470153809, 78.8436584473, 33.722454071, -21.4956150055, -41.534362793, 18.3677616119, -22.9867801666], [400.224853516, 35.8526649475, 176.704238892, 410.792114258, 63.8215560913, 69.9323196411, 68.4187240601, 0.730432927608, 70.0886611938, -30.4567909241, -4.26097297668, 10.8401126862, -19.4865627289], [-545.926452637, 339.336761475, 63.2539482117, 63.8215560913, 320.737701416, 25.5444297791, 117.312812805, 7.84914398193, 35.4583129883, -17.0457496643, 29.5871829987, -27.6091461182, 34.0550498962], [315.2315979, -162.114089966, 174.176727295, 69.9323196411, 25.5444297791, 277.437286377, 64.6660690308, 8.52216053009, 15.2244958878, 18.6722488403, 7.3666434288, 15.0989732742, -46.6510124207], [-387.161590576, 328.953399658, -44.8470153809, 68.4187240601, 117.312812805, 64.6660690308, 289.976074219, -26.1235370636, 99.4738693237, 7.19526863098, 52.0370445251, -8.4838180542, -16.3552112579], [333.972808838, -119.450309753, 78.8436584473, 0.730432927608, 7.84914398193, 8.52216053009, -26.1235370636, 200.131088257, 16.1942844391, 15.5746860504, -15.2426786423, 10.8571166992, 31.8705043793], [-507.141601563, 159.56867981, 33.722454071, 70.0886611938, 35.4583129883, 15.2244958878, 99.4738693237, 16.1942844391, 211.744689941, 12.4538955688, 31.7075595856, 27.1661949158, -10.9202384949], [69.0132675171, -95.3589477539, -21.4956150055, -30.4567909241, -17.0457496643, 18.6722488403, 7.19526863098, 15.5746860504, 12.4538955688, 120.734230042, 38.0592384338, 11.1901321411, -10.7503576279], [-316.74420166, 140.179718018, -41.534362793, -4.26097297668, 29.5871829987, 7.3666434288, 52.0370445251, -15.2426786423, 31.7075595856, 38.0592384338, 120.138198853, 13.6651039124, 12.6152305603], [64.8975143433, -138.18572998, 18.3677616119, 10.8401126862, -27.6091461182, 15.0989732742, -8.4838180542, 10.8571166992, 27.1661949158, 11.1901321411, 13.6651039124, 106.725990295, 3.60015082359], [-161.499328613, 130.89163208, -22.9867801666, -19.4865627289, 34.0550498962, -46.6510124207, -16.3552112579, 31.8705043793, -10.9202384949, -10.7503576279, 12.6152305603, 3.60015082359, 120.990829468]], "mean": [-27.2316246033, 101.585266113, -104.296447754, 16.7805614471, -45.0056266785, 16.3674068451, -34.693561554, 19.3067054749, -26.5743427277, 8.0702753067, -12.2083711624, -2.39787340164, -9.5323266983], "icov": [[0.000143233904964, -7.89033438195e-05, 0.000162983225891, -0.00027928253985, 0.000210216152482, -0.000251100427704, 0.000118506301078, -0.000347231340129, 0.000418960349634, -0.000192171122762, 0.000334783922881, -0.000190585342352, 0.000205534510314], [-7.89033438195e-05, 0.00141763233114, -7.0889473136e-05, 0.00026549238828, -0.000796516833361, 0.000886812515091, -0.00105949479621, 0.000863658380695, -0.000988635234535, 0.00116818048991, -0.00133280188311, 0.0017091894988, -0.00131158635486], [0.000162983225891, -7.0889473136e-05, 0.00134237098973, -0.000678812561091, -6.56493721181e-05, -0.00098496384453, 0.000671327463351, -0.000716722919606, 0.000238012202317, -4.60290975752e-05, 0.000593414006289, -0.000246897776378, 0.000321056344546], [-0.00027928253985, 0.00026549238828, -0.000678812561091, 0.00351206655614, -0.000779398018494, 0.000176695044502, -0.00064142071642, 0.000830989913084, -0.00160175212659, 0.00122606556397, -0.000564547313843, 0.000270614109468, -0.000226237913012], [0.000210216152482, -0.000796516833361, -6.56493721181e-05, -0.000779398018494, 0.00481181871146, -0.000786429038271, -0.000975697184913, -0.00103969185147, 0.00108305597678, -0.000257201492786, 0.000430249085184, 2.80312015093e-05, -0.000482125382405], [-0.000251100427704, 0.000886812515091, -0.00098496384453, 0.000176695044502, -0.000786429038271, 0.00561582157388, -0.00199490250088, 0.0006609831471, -0.000400874239858, 0.000234837731114, -0.0013168718433, 0.000454570254078, 0.000598135578912], [0.000118506301078, -0.00105949479621, 0.000671327463351, -0.00064142071642, -0.000975697184913, -0.00199490250088, 0.00646538054571, -0.000211058344576, -0.00129359692801, -0.000729002349544, -0.000242488196818, -0.000547028670553, 0.00162365753204], [-0.000347231340129, 0.000863658380695, -0.000716722919606, 0.000830989913084, -0.00103969185147, 0.0006609831471, -0.000211058344576, 0.00696717388928, -0.00220019021071, -0.000273475336144, -8.39320418891e-05, 0.00097961560823, -0.00295970169827], [0.000418960349634, -0.000988635234535, 0.000238012202317, -0.00160175212659, 0.00108305597678, -0.000400874239858, -0.00129359692801, -0.00220019021071, 0.00804152432829, -0.00142966536805, 0.000790057820268, -0.00301973638125, 0.00196754140779], [-0.000192171122762, 0.00116818048991, -4.60290975752e-05, 0.00122606556397, -0.000257201492786, 0.000234837731114, -0.000729002349544, -0.000273475336144, -0.00142966536805, 0.0111950542778, -0.00483094155788, 0.00118686328642, 0.000138932155096], [0.000334783922881, -0.00133280188311, 0.000593414006289, -0.000564547313843, 0.000430249085184, -0.0013168718433, -0.000242488196818, -8.39320418891e-05, 0.000790057820268, -0.00483094155788, 0.0127127626911, -0.00299857789651, -0.00032318814192], [-0.000190585342352, 0.0017091894988, -0.000246897776378, 0.000270614109468, 2.80312015093e-05, 0.000454570254078, -0.000547028670553, 0.00097961560823, -0.00301973638125, 0.00118686328642, -0.00299857789651, 0.0126260211691, -0.00250152009539], [0.000205534510314, -0.00131158635486, 0.000321056344546, -0.000226237913012, -0.000482125382405, 0.000598135578912, 0.00162365753204, -0.00295970169827, 0.00196754140779, 0.000138932155096, -0.00032318814192, -0.00250152009539, 0.0116464048624]]}, "spectral_complexity": {"dmean": 2.71397280693, "dmean2": 3.95312666893, "max": 58, "dvar": 14.7173881531, "mean": 15.1511001587, "dvar2": 25.6623287201, "min": 0, "var": 92.2615661621, "median": 14}, "spectral_flux": {"dmean": 0.0259863734245, "dmean2": 0.0401452742517, "max": 0.342310607433, "dvar": 0.00129765202291, "mean": 0.0763530060649, "dvar2": 0.00253472989425, "min": 1.04113627442e-10, "var": 0.00329742697068, "median": 0.0618823841214}, "spectral_energyband_low": {"dmean": 0.00569894909859, "dmean2": 0.0095874639228, "max": 0.162967890501, "dvar": 0.0002132809459, "mean": 0.0102304574102, "dvar2": 0.000570188742131, "min": 5.67947098254e-23, "var": 0.000180831106263, "median": 0.00755592621863}, "spectral_decrease": {"dmean": 2.09713113541e-09, "dmean2": 3.3707567848e-09, "max": 5.34320712675e-11, "dvar": 1.63469781846e-17, "mean": -6.37620356514e-09, "dvar2": 4.23731176627e-17, "min": -4.41947172192e-08, "var": 2.6113183694e-17, "median": -5.42737899067e-09}, "barkbands_spread": {"dmean": 5.46086454391, "dmean2": 8.21002674103, "max": 133.906051636, "dvar": 93.3596496582, "mean": 20.4366016388, "dvar2": 196.529373169, "min": 0.327199041843, "var": 247.764678955, "median": 17.5668983459}, "spectral_rms": {"dmean": 0.000716275593732, "dmean2": 0.00109643558972, "max": 0.0128243407235, "dvar": 1.31683032123e-06, "mean": 0.00458654994145, "dvar2": 3.15512670568e-06, "min": 3.25196336873e-12, "var": 4.1751450226e-06, "median": 0.00459713302553}, "spectral_centroid": {"dmean": 223.430282593, "dmean2": 328.007324219, "max": 10269.2001953, "dvar": 148554.640625, "mean": 1158.14892578, "dvar2": 281914.21875, "min": 120.656715393, "var": 454781.46875, "median": 1047.24975586}, "barkbands_skewness": {"dmean": 0.594022393227, "dmean2": 0.869558990002, "max": 14.9071521759, "dvar": 0.712522029877, "mean": 1.58125066757, "dvar2": 1.53308391571, "min": -10.15259552, "var": 2.47146391869, "median": 1.32521224022}, "spectral_rolloff": {"dmean": 462.535797119, "dmean2": 782.70904541, "max": 19724.4140625, "dvar": 1911754.875, "mean": 1352.44506836, "dvar2": 4165886.75, "min": 64.599609375, "var": 3698249, "median": 882.861328125}, "erbbands_spread": {"dmean": 8.50763893127, "dmean2": 12.7953128815, "max": 245.840805054, "dvar": 186.848556519, "mean": 32.9619750977, "dvar2": 427.461151123, "min": 1.67674148083, "var": 435.365905762, "median": 28.2020931244}, "barkbands": {"dmean": [0.000515279883984, 0.00387834873982, 0.00177803845145, 0.000781380746048, 0.00103290134575, 0.000827693496831, 0.000552170153242, 0.000771540624555, 0.000701089680661, 0.000622384191956, 0.000557205057703, 0.000464868411655, 0.000446927268058, 0.00045782289817, 0.00036858918611, 0.000294107565423, 0.000203035699087, 0.000162924799952, 0.00014749771799, 8.89929724508e-05, 5.53115969524e-05, 3.74258343072e-05, 4.29634055763e-05, 5.97569596721e-05, 9.928928921e-05, 5.78951221542e-05, 6.39961899651e-06], "dmean2": [0.000866370159201, 0.0065661217086, 0.00323796435259, 0.00134522852022, 0.00165926665068, 0.00133429444395, 0.000880048784893, 0.00116138858721, 0.00105713342782, 0.000914115458727, 0.000825468450785, 0.000692143454216, 0.000679097662214, 0.000686317041982, 0.000558019382879, 0.000446026446298, 0.000312059244607, 0.000248851079959, 0.000224813833483, 0.000134381611133, 8.65424444783e-05, 5.9621539549e-05, 6.4436266257e-05, 8.86474299477e-05, 0.000146620324813, 8.09225675766e-05, 1.04770415419e-05], "max": [0.0143664274365, 0.119182914495, 0.0492102354765, 0.0274387672544, 0.035763181746, 0.0365110822022, 0.0218204054981, 0.0391329489648, 0.0421233810484, 0.0326011180878, 0.0345286875963, 0.0427875481546, 0.0446616746485, 0.0418862216175, 0.0187349822372, 0.0180805753917, 0.0133514059708, 0.00735196797177, 0.00772515125573, 0.004750108812, 0.0034061439801, 0.00214387057349, 0.00482259504497, 0.00662762997672, 0.0150991920382, 0.0054388763383, 0.000769277277868], "dvar": [1.19778871976e-06, 9.65592407738e-05, 2.64005921053e-05, 2.24658879233e-06, 3.15597458211e-06, 3.17451190313e-06, 1.49692323248e-06, 2.77971184914e-06, 2.75464481092e-06, 2.10093253372e-06, 1.75413094894e-06, 1.87508135241e-06, 1.94074982574e-06, 1.72290367573e-06, 8.21640696813e-07, 6.81100630118e-07, 3.79895681135e-07, 1.64947991266e-07, 1.20268751402e-07, 4.27292690119e-08, 2.6175158041e-08, 1.52849555235e-08, 1.84299153716e-08, 5.78195127332e-08, 1.90017345858e-07, 4.48773214146e-08, 5.43859624003e-10], "mean": [0.000657067401335, 0.0065061757341, 0.0025622562971, 0.00126589788124, 0.00225468492135, 0.00154268019833, 0.000936501601245, 0.00144958437886, 0.00126143137459, 0.00116224621888, 0.00100377527997, 0.000933163566515, 0.000779231020715, 0.000842679059133, 0.000614064338151, 0.000467504403787, 0.000327362969983, 0.000276625767583, 0.000283185538137, 0.000193777988898, 8.69518335094e-05, 5.15489118698e-05, 6.61441590637e-05, 8.45161484904e-05, 0.000152080727275, 7.44881399442e-05, 6.29921441941e-06], "dvar2": [3.17382136927e-06, 0.000257790496107, 7.64662472648e-05, 6.25361781204e-06, 8.40669417812e-06, 7.50157823859e-06, 3.81655218007e-06, 6.53991673971e-06, 6.40994539935e-06, 4.79504842588e-06, 3.95246161133e-06, 3.92988067688e-06, 3.79708740184e-06, 3.35318827638e-06, 1.82801920801e-06, 1.55219686349e-06, 8.50712524425e-07, 3.74241210466e-07, 2.84496479708e-07, 9.46453013739e-08, 6.29439469435e-08, 3.92861849718e-08, 4.38228831001e-08, 1.2894571455e-07, 3.90244281334e-07, 8.7798625259e-08, 1.42832756733e-09], "min": [2.33883137788e-24, 1.22553746255e-23, 2.06690944613e-23, 3.30048358692e-23, 7.8648681255e-23, 8.22397338677e-23, 7.63094562355e-23, 1.03960318384e-22, 4.16368106405e-23, 6.04530301853e-23, 7.23014622353e-23, 1.13704492369e-22, 1.20509421107e-22, 1.18022464529e-22, 7.1733905213e-23, 2.29604138512e-22, 2.26957125211e-22, 1.35136934396e-22, 4.58763940076e-22, 4.16581136715e-22, 3.58478867851e-22, 5.52266398859e-22, 4.58231856551e-22, 7.18642692108e-22, 9.45347280855e-22, 2.02665025799e-21, 2.16021629896e-21], "var": [1.25517021843e-06, 8.38011401356e-05, 1.86918168765e-05, 3.29458430315e-06, 7.09281903255e-06, 8.29725740914e-06, 2.34108370023e-06, 5.66937342228e-06, 6.61071544528e-06, 4.8417796279e-06, 4.46964986622e-06, 8.1045764091e-06, 6.17557134319e-06, 6.66152618578e-06, 1.95371194422e-06, 1.40555209782e-06, 6.99629993051e-07, 3.23522471035e-07, 2.66045759645e-07, 1.36298837106e-07, 3.78062168238e-08, 1.76999925827e-08, 2.69029367672e-08, 8.22722867611e-08, 3.6528513192e-07, 7.89845842064e-08, 4.83783790806e-10], "median": [0.000244891707553, 0.00454808445647, 0.00129066279624, 0.000587216112763, 0.0013692677021, 0.000542493595276, 0.000397539115511, 0.000558246159926, 0.000422205775976, 0.00030206143856, 0.000252277182881, 0.000104208898847, 0.00018187778187, 0.000112079054816, 0.000117079398478, 6.85983686708e-05, 8.72019081726e-05, 5.72593562538e-05, 7.19491072232e-05, 4.21851182182e-05, 2.35820753005e-05, 1.24804982988e-05, 1.3340480109e-05, 1.82406602107e-05, 2.69753127213e-05, 9.13845451578e-06, 5.04180547978e-07]}, "melbands_kurtosis": {"dmean": 9.80000400543, "dmean2": 15.5641412735, "max": 621.444519043, "dvar": 708.163635254, "mean": 15.5016031265, "dvar2": 1686.2434082, "min": -1.92450964451, "var": 1099.14208984, "median": 6.01980209351}, "erbbands_crest": {"dmean": 2.64097046852, "dmean2": 4.15689754486, "max": 30.5723705292, "dvar": 6.29398584366, "mean": 9.92252254486, "dvar2": 14.783996582, "min": 2.44457006454, "var": 18.9043369293, "median": 9.01655197144}, "melbands_skewness": {"dmean": 0.795175433159, "dmean2": 1.19315826893, "max": 18.8508033752, "dvar": 1.47969841957, "mean": 2.52031993866, "dvar2": 3.368922472, "min": -2.56935167313, "var": 3.98189783096, "median": 2.0862493515}, "spectral_energyband_middle_low": {"dmean": 0.00306728552096, "dmean2": 0.00476998416707, "max": 0.066531509161, "dvar": 2.24493396672e-05, "mean": 0.00922561157495, "dvar2": 5.48205607629e-05, "min": 4.60651299258e-22, "var": 6.9643741881e-05, "median": 0.00738475238904}, "spectral_contrast_coeffs": {"dmean": [0.04288784042, 0.045115724206, 0.0391284748912, 0.0331561155617, 0.025632629171, 0.0198926012963], "dmean2": [0.0698963552713, 0.0719621479511, 0.0595932081342, 0.051149353385, 0.0398309640586, 0.0318508669734], "max": [-0.354785740376, -0.384595185518, -0.4720710814, -0.498219043016, -0.559764027596, -0.636076748371], "dvar": [0.00172970327549, 0.00154583656695, 0.00109882839024, 0.000807926000562, 0.000542845344171, 0.000358644610969], "mean": [-0.677582323551, -0.705115318298, -0.718044400215, -0.742325782776, -0.772494316101, -0.79595053196], "dvar2": [0.00433557108045, 0.00364662287757, 0.00240055657923, 0.00178705109283, 0.00116751273163, 0.000877096492331], "min": [-0.953712880611, -0.955534756184, -0.951344490051, -0.964888036251, -0.960152685642, -0.959347009659], "var": [0.00909426342696, 0.00578038580716, 0.00622815545648, 0.00460535334423, 0.00310410303064, 0.00124815374147], "median": [-0.69141459465, -0.707356750965, -0.720746517181, -0.750345408916, -0.779920399189, -0.794858038425]}, "spectral_contrast_valleys": {"dmean": [0.372572571039, 0.370755314827, 0.345918148756, 0.329678922892, 0.341115146875, 0.395759254694], "dmean2": [0.58189034462, 0.584236383438, 0.532462060452, 0.497389137745, 0.481333225965, 0.516291618347], "max": [-5.15538740158, -4.52288293839, -5.29551744461, -5.45641279221, -5.73799705505, -7.84466266632], "dvar": [0.181956171989, 0.164494857192, 0.138523757458, 0.143440783024, 0.178746417165, 0.266216009855], "mean": [-7.23626375198, -7.11161708832, -7.79517459869, -8.21568775177, -8.24179267883, -10.6414527893], "dvar2": [0.367590039968, 0.341009765863, 0.264568597078, 0.264319300652, 0.31787276268, 0.474407672882], "min": [-27.3582706451, -27.1847629547, -27.342256546, -27.1297092438, -27.15284729, -27.2676792145], "var": [1.68221712112, 1.34775424004, 1.42796123028, 1.31093537807, 1.5280944109, 1.9974091053], "median": [-6.8537902832, -6.90993690491, -7.56812524796, -7.99760437012, -8.01198387146, -10.3512182236]}, "silence_rate_20dB": {"dmean": 0, "dmean2": 0, "max": 1, "dvar": 0, "mean": 1, "dvar2": 0, "min": 1, "var": 0, "median": 1}, "silence_rate_30dB": {"dmean": 0.000219010078581, "dmean2": 0.000438068120275, "max": 1, "dvar": 0.00021894305246, "mean": 0.999890506268, "dvar2": 0.000656834046822, "min": 0, "var": 0.000109476291982, "median": 1}, "spectral_strongpeak": {"dmean": 0.549811124802, "dmean2": 0.933269500732, "max": 13.0448122025, "dvar": 1.1487133503, "mean": 0.960988640785, "dvar2": 2.75983762741, "min": 0, "var": 2.53241920471, "median": 0.302261531353}, "spectral_spread": {"dmean": 775291.375, "dmean2": 1056552.25, "max": 41073356, "dvar": 1754548666370.0, "mean": 4891729.5, "dvar2": 2958762704900.0, "min": 608120.875, "var": 7076773363710.0, "median": 4346125}, "barkbands_flatness_db": {"dmean": 0.0220620557666, "dmean2": 0.0312166716903, "max": 0.532108426094, "dvar": 0.000660723482724, "mean": 0.149764716625, "dvar2": 0.00131147168577, "min": 0.0195252243429, "var": 0.00471385056153, "median": 0.135978862643}, "pitch_salience": {"dmean": 0.0634529516101, "dmean2": 0.101135998964, "max": 0.872030079365, "dvar": 0.00427599996328, "mean": 0.507258951664, "dvar2": 0.0105804959312, "min": 0.0703243538737, "var": 0.013126026839, "median": 0.507806539536}, "erbbands_kurtosis": {"dmean": 1.10053682327, "dmean2": 1.68561720848, "max": 80.8372650146, "dvar": 4.7957868576, "mean": 1.15195918083, "dvar2": 10.5193481445, "min": -1.93785643578, "var": 9.22970485687, "median": 0.4748454988}, "average_loudness": 0.88148856163, "barkbands_crest": {"dmean": 2.15994143486, "dmean2": 3.44180560112, "max": 26.1081829071, "dvar": 5.18437719345, "mean": 10.1748876572, "dvar2": 12.8768053055, "min": 2.47934174538, "var": 18.998998642, "median": 9.35539913177}, "hfc": {"dmean": 5.85997343063, "dmean2": 8.13775539398, "max": 201.90802002, "dvar": 110.522514343, "mean": 19.5878105164, "dvar2": 200.972137451, "min": 1.21215126373e-16, "var": 476.462158203, "median": 10.7543783188}, "barkbands_kurtosis": {"dmean": 4.10288381577, "dmean2": 6.39398431778, "max": 318.618682861, "dvar": 119.602729797, "mean": 6.32795000076, "dvar2": 283.613342285, "min": -1.97335314751, "var": 239.981307983, "median": 1.80913805962}, "erbbands": {"dmean": [0.121375970542, 0.894934117794, 2.1405351162, 2.22627973557, 2.77237391472, 4.19433450699, 5.62133789063, 7.07598495483, 6.61885213852, 14.9649648666, 13.819357872, 16.6163864136, 17.2318897247, 15.5497579575, 22.31549263, 21.9708518982, 19.8929615021, 22.5929965973, 16.2765522003, 20.2857494354, 13.2493581772, 8.88196563721, 7.30038022995, 10.003238678, 4.95114088058, 4.37463521957, 2.7669005394, 1.76382398605, 1.34969890118, 1.12177765369, 1.26257133484, 1.24258828163, 1.09382987022, 1.24144053459, 0.674156486988, 0.390457093716, 0.0707222223282, 0.0133113544434, 0.00109735096339, 3.32532654284e-05], "dmean2": [0.200748547912, 1.58347117901, 3.89390492439, 3.94510149956, 4.61520862579, 6.65737104416, 8.74420261383, 11.3168306351, 10.3327465057, 23.584690094, 20.5123195648, 24.7290477753, 25.6166095734, 21.7929573059, 32.4498329163, 31.2833518982, 28.9317569733, 33.5130310059, 23.4021091461, 30.5252017975, 19.215473175, 13.2886190414, 10.8149089813, 14.9624013901, 7.40359258652, 6.55068206787, 4.22367715836, 2.75591135025, 2.14716100693, 1.75723576546, 1.91547429562, 1.82542252541, 1.65934574604, 1.86241090298, 0.997457146645, 0.550496637821, 0.101265221834, 0.0202216431499, 0.00182879134081, 5.23039307154e-05], "max": [3.82121872902, 25.6991729736, 58.1357002258, 57.6550445557, 91.100692749, 166.601348877, 304.374237061, 321.882446289, 356.403808594, 513.586120605, 858.405639648, 1182.55212402, 1047.32067871, 893.503662109, 1646.48632813, 2062.34179688, 2327.14819336, 2346.72973633, 1032.20324707, 1415.35522461, 901.791625977, 811.932617188, 440.866149902, 562.209899902, 300.34979248, 280.699707031, 152.282226563, 148.777908325, 97.9416503906, 73.4209899902, 159.733520508, 157.498397827, 143.684936523, 320.243225098, 77.1949996948, 35.120552063, 14.2036924362, 0.932332277298, 0.158558890224, 0.0026923995465], "dvar": [0.0839694291353, 5.91209077835, 38.1808891296, 25.1360836029, 24.0404338837, 59.2735443115, 139.102371216, 256.666870117, 239.497207642, 804.661315918, 1160.51660156, 1677.16003418, 1929.9473877, 1445.01513672, 3043.68994141, 3964.21386719, 3419.79052734, 4364.21777344, 1847.91748047, 2769.35839844, 1312.81311035, 867.852416992, 372.241851807, 538.628234863, 123.947547913, 112.592903137, 57.5172691345, 33.8807983398, 20.1499671936, 11.6337985992, 17.7559070587, 24.6235466003, 20.8547592163, 39.2361030579, 8.68092060089, 2.3766412735, 0.0871115773916, 0.00153612776194, 2.06481036003e-05, 1.07311297626e-08], "mean": [0.201096698642, 1.37086939812, 3.23333120346, 3.51699662209, 5.27260065079, 8.48652935028, 10.9014339447, 12.2039842606, 11.6179103851, 27.1969261169, 27.6714191437, 31.5333347321, 31.9151191711, 32.7078399658, 43.5498809814, 45.4975662231, 39.2197113037, 45.3498535156, 30.16173172, 34.7068748474, 23.4310722351, 15.4655160904, 13.4656572342, 18.9734039307, 11.0386543274, 9.62277030945, 5.25360584259, 2.6573369503, 1.88793945313, 1.67077350616, 1.905346632, 1.71722877026, 1.56849575043, 1.79596972466, 0.990584254265, 0.489269584417, 0.0963415801525, 0.0159591324627, 0.00104872894008, 5.73673969484e-05], "dvar2": [0.204816639423, 16.8272705078, 110.436386108, 72.2304611206, 65.5863647461, 155.349960327, 333.839782715, 594.984619141, 575.929077148, 2047.78955078, 2638.92749023, 3858.59204102, 4394.47851563, 2883.31982422, 6647.45849609, 8219.32519531, 6384.953125, 8494.60546875, 3618.85913086, 6649.671875, 2695.4230957, 2052.82666016, 843.444030762, 1193.03625488, 275.088531494, 243.24307251, 131.08605957, 86.7253341675, 51.8611793518, 28.6047916412, 43.036857605, 56.7679443359, 45.5668487549, 83.7395248413, 17.603061676, 4.72901582718, 0.185595110059, 0.00348052196205, 5.60821099498e-05, 2.78665748255e-08], "min": [7.79011225824e-22, 1.26404839923e-21, 1.38721355276e-20, 9.02755129114e-20, 1.34942871786e-19, 2.79160428642e-19, 7.22592878179e-19, 5.05408698438e-19, 8.89357401054e-19, 1.94757607274e-18, 1.95594569297e-18, 9.78739125927e-19, 2.19398014913e-18, 1.43720635858e-18, 3.19498180726e-18, 5.81453666218e-18, 4.443052595e-18, 7.66220792848e-18, 3.47466977034e-18, 6.23594506601e-18, 1.2921032661e-17, 1.15717306827e-17, 8.98773425442e-18, 1.28734457876e-17, 2.40910794752e-17, 1.95770192149e-17, 1.81311356283e-17, 1.33798556847e-17, 2.22901170302e-17, 1.64898206958e-17, 1.38643221346e-17, 1.49156066546e-17, 1.12293043789e-17, 9.6276362132e-18, 7.27861946302e-18, 8.3240219017e-18, 3.73359343209e-18, 1.19604929561e-18, 2.8519985524e-19, 3.22114470286e-20], "var": [0.0871443301439, 4.40650558472, 26.6503810883, 23.9910564423, 46.5123558044, 131.953063965, 298.584197998, 592.333374023, 401.747070313, 1669.7166748, 2394.86352539, 4092.45288086, 3955.23095703, 4474.24658203, 8756.13574219, 15782.7958984, 13432.7255859, 19463.3359375, 4859.28808594, 5923.85351563, 3350.75366211, 1494.93359375, 752.429138184, 1192.53613281, 420.143585205, 352.331268311, 111.897735596, 40.4186859131, 23.4257946014, 15.9663047791, 24.1023921967, 32.6244621277, 30.3629283905, 63.4873809814, 15.4619045258, 3.77866148949, 0.151821196079, 0.00219265813939, 1.66421614267e-05, 1.13573372928e-08], "median": [0.124128304422, 0.907342970371, 1.91091215611, 2.02527189255, 2.8753631115, 4.41942453384, 4.95086812973, 4.34049749374, 4.92815971375, 12.2609500885, 10.0978946686, 11.9323329926, 8.97284698486, 9.57952404022, 11.2157459259, 7.19914770126, 9.97230529785, 7.05700445175, 5.58682966232, 6.76680135727, 4.51228141785, 4.09069061279, 3.25870800018, 4.74720048904, 2.52323269844, 2.16479516029, 1.47287476063, 0.703853011131, 0.467693269253, 0.379229277372, 0.38408190012, 0.336863219738, 0.328653723001, 0.305757552385, 0.167667135596, 0.0564765185118, 0.0127666769549, 0.00231017032638, 9.60024553933e-05, 3.13803284371e-05]}, "spectral_energy": {"dmean": 0.0082829920575, "dmean2": 0.0132207693532, "max": 0.168575301766, "dvar": 0.000243089336436, "mean": 0.0258419290185, "dvar2": 0.00062543945387, "min": 1.08396477811e-20, "var": 0.000422986602644, "median": 0.0216619744897}, "zerocrossingrate": {"dmean": 0.0116529297084, "dmean2": 0.012866165489, "max": 0.75341796875, "dvar": 0.000452281179605, "mean": 0.0558214597404, "dvar2": 0.000430297688581, "min": 0.001953125, "var": 0.00273263850249, "median": 0.046875}, "spectral_energyband_high": {"dmean": 0.000326704088366, "dmean2": 0.000464321521576, "max": 0.0187934339046, "dvar": 6.97919745107e-07, "mean": 0.000618809310254, "dvar2":