{"lowlevel": {"erbbands": {"mean": [0.39348679781, 1.5599616766, 4.84298229218, 11.3844909668, 14.5068559647, 19.4101295471, 19.0682258606, 22.6248474121, 16.1703357697, 34.1199874878, 22.4072246552, 27.7729377747, 23.3335113525, 38.6361999512, 32.47082901, 17.4271793365, 18.6527366638, 22.7535991669, 18.5770626068, 5.65908622742, 4.02888774872, 4.25297546387, 6.68259906769, 6.47967338562, 3.29775118828, 2.35400032997, 1.82574224472, 1.32137739658, 0.98045617342, 0.461041480303, 0.183281511068, 0.0889260470867, 0.0586388595402, 0.0321234948933, 0.0195615887642, 0.0368781723082, 0.0834068059921, 0.139485672116, 0.0552898831666, 0.0120384506881], "dvar": [0.246608823538, 3.23156142235, 36.159942627, 201.857025146, 308.782867432, 450.038970947, 873.751525879, 2184.09814453, 942.984619141, 5161.78173828, 4303.43115234, 11352.8896484, 5684.17919922, 40884.8984375, 52031.296875, 29304.3691406, 19943.4492188, 1992.85302734, 1260.41809082, 88.5687408447, 69.9748535156, 34.0409355164, 113.933128357, 125.710227966, 40.6958847046, 71.783416748, 7.71226263046, 3.56571125984, 4.98321437836, 1.18961918354, 0.199181213975, 0.0265569277108, 0.00868703145534, 0.00290311872959, 0.00110953091644, 0.00464010378346, 0.0186551995575, 0.0450592786074, 0.00624049920589, 0.000131637803861], "min": [6.0574965362e-22, 5.81572190213e-22, 4.03445953883e-21, 2.0647376439e-20, 7.82665112407e-20, 2.27013722056e-19, 3.2069694121e-19, 1.14366560178e-18, 8.90160179839e-19, 1.07772700265e-18, 1.36078789807e-18, 1.30169235735e-18, 5.6984591306e-19, 5.00194100158e-19, 1.13546534678e-18, 3.48496982333e-18, 4.12643267193e-18, 2.95759503353e-18, 5.91220270428e-18, 8.90994453525e-18, 4.91610271166e-18, 1.18382896351e-17, 1.27446355682e-17, 1.26123809688e-17, 1.55255100813e-17, 1.71803527255e-17, 2.39134490561e-17, 1.59619057571e-17, 1.84559115522e-17, 2.91492823036e-17, 2.0806080565e-17, 1.419128926e-17, 1.41127749306e-17, 1.23884160277e-17, 7.96710422073e-18, 5.66899092467e-18, 3.13248128095e-18, 1.7023818514e-18, 4.14276142402e-19, 4.27542904506e-20], "dmean": [0.238008707762, 1.04499208927, 3.31880545616, 6.92067718506, 8.92647361755, 10.7827501297, 12.7290754318, 16.1580467224, 11.7861938477, 21.3872737885, 16.1054439545, 19.74650383, 15.5753965378, 27.7373046875, 27.4195022583, 13.6072807312, 13.5236110687, 14.4871492386, 11.6343698502, 3.93061494827, 3.04358172417, 2.72696447372, 3.99969315529, 3.73717951775, 1.9212385416, 1.46766006947, 1.05249786377, 0.766706287861, 0.647755622864, 0.32732591033, 0.139994084835, 0.0736505612731, 0.0496499687433, 0.0295432712883, 0.0181940179318, 0.0247469972819, 0.0506112277508, 0.0808351561427, 0.0264564566314, 0.00548048503697], "dmean2": [0.373574316502, 1.71253919601, 5.62740564346, 10.8982772827, 14.1090431213, 15.9974412918, 19.6484298706, 24.4540519714, 18.3549861908, 31.8817882538, 24.9149665833, 31.3364696503, 22.5031051636, 40.6468887329, 44.0879402161, 22.4832019806, 22.3505458832, 22.2176113129, 17.9274291992, 6.0811047554, 4.66450214386, 4.20057201385, 6.14304924011, 5.64571046829, 2.87971663475, 2.17786288261, 1.54344403744, 1.11414945126, 0.920861721039, 0.467400789261, 0.210009858012, 0.115798085928, 0.0784811004996, 0.0480630174279, 0.029727306217, 0.0341659225523, 0.0652306601405, 0.104673840106, 0.0352516360581, 0.00777072552592], "dvar2": [0.608844995499, 8.88733863831, 108.303161621, 467.713195801, 748.263305664, 922.866760254, 2051.77099609, 4078.66162109, 2224.88061523, 11049.7763672, 9859.80273438, 28841.0429688, 9434.75683594, 79836.6171875, 132473.5, 58361.5625, 59006.609375, 4684.45166016, 2544.03393555, 204.158432007, 154.472137451, 77.2581558228, 248.495605469, 235.447036743, 76.9578323364, 145.902267456, 15.6538515091, 7.31003665924, 9.91762638092, 2.35448265076, 0.407468736172, 0.0583559311926, 0.02012687549, 0.00718472991139, 0.00275649433024, 0.00806460622698, 0.0305022895336, 0.0799212157726, 0.0101359449327, 0.000251834688243], "max": [7.99574947357, 28.5986995697, 139.525253296, 314.803253174, 403.965270996, 509.622650146, 766.004211426, 1408.70031738, 1166.27429199, 2855.57006836, 1837.27429199, 3525.34472656, 4076.47241211, 6321.80761719, 6425.28222656, 10898.5234375, 9790.97851562, 988.781555176, 1220.17175293, 194.523300171, 198.439056396, 176.752990723, 307.414489746, 589.41998291, 284.585876465, 574.832885742, 113.695465088, 74.511177063, 143.93196106, 69.5015792847, 29.8013401031, 8.99508953094, 3.61526012421, 0.813610076904, 0.49589702487, 3.80242753029, 5.7195558548, 8.47134780884, 3.85975813866, 0.369709014893], "median": [0.096123456955, 0.709325432777, 2.25505828857, 4.2957906723, 5.63491868973, 6.70616483688, 7.49453163147, 5.54614543915, 4.67998504639, 4.59213161469, 3.29763746262, 3.92173242569, 3.30343413353, 3.43913817406, 2.86318993568, 2.98761844635, 3.58299517632, 3.73567676544, 3.70875883102, 1.99555182457, 1.41155004501, 1.76855635643, 1.87966072559, 1.93778657913, 1.28811049461, 0.832346320152, 0.639596998692, 0.477039575577, 0.245085805655, 0.118246182799, 0.0528980828822, 0.0307931192219, 0.0204381085932, 0.0110955368727, 0.00698886625469, 0.00892543420196, 0.0159008074552, 0.0282514542341, 0.0210833400488, 0.00726702623069], "var": [0.458744645119, 5.12456130981, 52.9299354553, 462.005981445, 697.145629883, 1276.78015137, 1417.02978516, 4262.71923828, 1328.4362793, 17357.7402344, 7058.17236328, 19136.8828125, 15568.09375, 87187.3359375, 71165.1875, 43353.1757812, 25935.9960938, 3842.36889648, 2953.16333008, 127.029083252, 90.0291519165, 58.4494819641, 250.891143799, 257.947143555, 78.2851409912, 109.726951599, 17.1938762665, 7.95629262924, 8.89156913757, 2.07594943047, 0.330817341805, 0.0437655970454, 0.012805050239, 0.00334199192002, 0.00123667763546, 0.0102590313181, 0.0449725426733, 0.104030862451, 0.0158584117889, 0.000285926391371]}, "gfcc": {"icov": [[9.78669340839e-05, -0.00031215994386, 0.000529709213879, -0.00046448642388, 0.000285252841422, -9.02714018594e-05, -0.000129425068735, 0.000196924695047, -0.00012837741815, -6.63112514303e-05, 0.000169839535374, -0.000351680297172, 0.000305958965328], [-0.00031215994386, 0.00378335290588, -0.0042392546311, 0.00351579650305, -0.00150234380271, 0.000800144800451, -0.00106258946471, 0.00226259138435, -0.00372197595425, 0.00406173663214, -0.00422497978434, 0.00399927562103, -0.00139570469037], [0.000529709213879, -0.0042392546311, 0.00954513810575, -0.00806064158678, 0.00447307154536, -0.00192749581765, 0.000921099504922, -0.000425377278589, 0.00206618173979, -0.00317755551077, 0.00430680811405, -0.00376015971415, 0.00136620202102], [-0.00046448642388, 0.00351579650305, -0.00806064158678, 0.0111764594913, -0.00683284318075, 0.00254815258086, 0.00108913844451, -0.00256683956832, 0.00116888689809, 0.000804437033366, -0.000913388037588, 0.00166940269992, 8.57722116052e-05], [0.000285252841422, -0.00150234380271, 0.00447307154536, -0.00683284318075, 0.0077367387712, -0.00235387659632, -0.00296840304509, 0.00432345550507, -0.0023332471028, 0.000794171530288, -0.00200258241966, 0.000403518439271, 0.000967820174992], [-9.02714018594e-05, 0.000800144800451, -0.00192749581765, 0.00254815258086, -0.00235387659632, 0.00450908904895, 0.00058654602617, -0.00348282558843, 0.00230904272757, -0.00048359358334, 0.000725430378225, 1.05522667582e-05, -0.00128381722607], [-0.000129425068735, -0.00106258946471, 0.000921099504922, 0.00108913844451, -0.00296840304509, 0.00058654602617, 0.00696415640414, -0.00472440943122, 0.00105515646283, -0.00107299734373, 0.00317362998612, -0.00421971129254, 0.00140689185355], [0.000196924695047, 0.00226259138435, -0.000425377278589, -0.00256683956832, 0.00432345550507, -0.00348282558843, -0.00472440943122, 0.0130247687921, -0.0103244716302, 0.00495214248076, -0.00618118140846, 0.00479126069695, -0.0017489901511], [-0.00012837741815, -0.00372197595425, 0.00206618173979, 0.00116888689809, -0.0023332471028, 0.00230904272757, 0.00105515646283, -0.0103244716302, 0.021912779659, -0.0140138706192, 0.00942717585713, -0.00369987171143, 0.00100822991226], [-6.63112514303e-05, 0.00406173663214, -0.00317755551077, 0.000804437033366, 0.000794171530288, -0.00048359358334, -0.00107299734373, 0.00495214248076, -0.0140138706192, 0.0183241274208, -0.010224564001, 0.00219917087816, 0.00314435199834], [0.000169839535374, -0.00422497978434, 0.00430680811405, -0.000913388037588, -0.00200258241966, 0.000725430378225, 0.00317362998612, -0.00618118140846, 0.00942717585713, -0.010224564001, 0.0169917047024, -0.00541122024879, -0.00148011604324], [-0.000351680297172, 0.00399927562103, -0.00376015971415, 0.00166940269992, 0.000403518439271, 1.05522667582e-05, -0.00421971129254, 0.00479126069695, -0.00369987171143, 0.00219917087816, -0.00541122024879, 0.0160689540207, -0.00598485441878], [0.000305958965328, -0.00139570469037, 0.00136620202102, 8.57722116052e-05, 0.000967820174992, -0.00128381722607, 0.00140689185355, -0.0017489901511, 0.00100822991226, 0.00314435199834, -0.00148011604324, -0.00598485441878, 0.0153355635703]], "mean": [-66.8439865112, 97.9334106445, -59.712638855, -1.08247280121, -10.1891651154, -23.7778110504, -6.38873767853, -17.5151023865, -11.1217632294, -5.256731987, -9.13447952271, -3.82013034821, -10.6226663589], "cov": [[26072.609375, 2396.73608398, -1282.2064209, -236.407012939, 757.768798828, -1044.43139648, 1065.54187012, -707.444763184, 574.932128906, 84.7740325928, 52.339969635, 122.247283936, -502.607147217], [2396.73608398, 1300.03417969, 53.3782615662, -199.550765991, 74.8926544189, -221.719070435, 45.5580711365, -212.677108765, 36.4858703613, -127.704490662, 74.8056945801, -112.305511475, 2.31534385681], [-1282.2064209, 53.3782615662, 485.651489258, 238.59513855, -78.0892028809, 60.3044509888, -120.711204529, 22.387336731, -42.8973312378, -12.2536716461, -52.6423835754, -13.1754646301, 4.55341434479], [-236.407012939, -199.550765991, 238.59513855, 434.093841553, 196.146942139, 6.29848337173, -2.28418421745, 20.9126644135, -13.5090312958, 33.7389373779, -28.1630992889, 6.68490982056, -52.5241851807], [757.768798828, 74.8926544189, -78.0892028809, 196.146942139, 444.227508545, -9.7593870163, 145.798339844, -63.6200065613, 23.4501533508, 17.9301128387, 37.2931098938, 1.1266207695, -53.1048164368], [-1044.43139648, -221.719070435, 60.3044509888, 6.29848337173, -9.7593870163, 403.686309814, 8.66244792938, 156.181549072, -21.6619033813, -5.29501914978, -3.94551539421, 16.4440536499, 55.2254371643], [1065.54187012, 45.5580711365, -120.711204529, -2.28418421745, 145.798339844, 8.66244792938, 336.1925354, 90.3686065674, 101.31300354, 37.4773368835, -3.45734238625, 46.852432251, -31.751947403], [-707.444763184, -212.677108765, 22.387336731, 20.9126644135, -63.6200065613, 156.181549072, 90.3686065674, 282.489318848, 95.1193466187, 55.0893630981, 4.66683197021, 4.22858524323, 18.21525383], [574.932128906, 36.4858703613, -42.8973312378, -13.5090312958, 23.4501533508, -21.6619033813, 101.31300354, 95.1193466187, 174.798019409, 103.1432724, -4.38589096069, 3.09369397163, -37.8484802246], [84.7740325928, -127.704490662, -12.2536716461, 33.7389373779, 17.9301128387, -5.29501914978, 37.4773368835, 55.0893630981, 103.1432724, 169.037857056, 33.5741043091, 16.1220855713, -43.0489234924], [52.339969635, 74.8056945801, -52.6423835754, -28.1630992889, 37.2931098938, -3.94551539421, -3.45734238625, 4.66683197021, -4.38589096069, 33.5741043091, 124.243911743, 13.3561544418, 19.3849906921], [122.247283936, -112.305511475, -13.1754646301, 6.68490982056, 1.1266207695, 16.4440536499, 46.852432251, 4.22858524323, 3.09369397163, 16.1220855713, 13.3561544418, 113.536567688, 28.0547275543], [-502.607147217, 2.31534385681, 4.55341434479, -52.5241851807, -53.1048164368, 55.2254371643, -31.751947403, 18.21525383, -37.8484802246, -43.0489234924, 19.3849906921, 28.0547275543, 112.43372345]]}, "spectral_skewness": {"mean": 3.1017472744, "dvar": 0.456127345562, "min": 0.01176440157, "dmean": 0.473215818405, "dmean2": 0.751007080078, "dvar2": 1.20500349998, "max": 13.0569143295, "median": 2.95354485512, "var": 0.96297955513}, "spectral_energyband_low": {"mean": 0.0191011298448, "dvar": 0.000213574559893, "min": 2.43950801541e-23, "dmean": 0.00947176199406, "dmean2": 0.0150027126074, "dvar2": 0.000552845769562, "max": 0.189786836505, "median": 0.0114059280604, "var": 0.000508665572852}, "spectral_energyband_middle_low": {"mean": 0.0161236822605, "dvar": 0.000116180883197, "min": 3.58372971163e-22, "dmean": 0.00738845858723, "dmean2": 0.0109431780875, "dvar2": 0.000264159112703, "max": 0.149821653962, "median": 0.0110536348075, "var": 0.000318502803566}, "mfcc": {"icov": [[0.000151293046656, -0.000200856593437, 0.000227138487389, -0.000165150646353, 0.000221494890866, -0.000323311542161, 0.000370730675058, -0.000444617558969, 0.0003380010603, -0.000292833836284, -2.35551433434e-05, -0.000108681160782, 8.27437252156e-05], [-0.000200856593437, 0.00102589698508, -0.000258169748122, 0.000199801594135, -0.000153362881974, 0.000537495303433, -0.000757676723879, 0.0008588845958, -0.000387820822652, 0.000419234100264, -0.000189223486814, 8.12734942883e-05, 0.000336460478138], [0.000227138487389, -0.000258169748122, 0.00227859243751, -0.000294951954857, -0.000621362996753, 0.000197209257749, 0.00113870529458, -0.000563723151572, 0.000167801787029, -0.000619792728685, 0.00169293978252, -0.000976670184173, -0.00026443094248], [-0.000165150646353, 0.000199801594135, -0.000294951954857, 0.00249454309233, -0.00101605791133, 4.16913426307e-05, -0.00071721553104, 0.00154191884212, -0.00154630572069, 0.00160780677106, -0.00201715156436, 0.00118743185885, -0.000405599974329], [0.000221494890866, -0.000153362881974, -0.000621362996753, -0.00101605791133, 0.00596572784707, -0.00289412448183, -0.000393611670006, -0.00118961010594, 0.00306345010176, -0.002081399085, 0.000314170029014, 0.000441240379587, 0.000661145197228], [-0.000323311542161, 0.000537495303433, 0.000197209257749, 4.16913426307e-05, -0.00289412448183, 0.00790443923324, -0.00296805216931, 0.00223227706738, -0.00363819487393, 0.00324793322943, -0.000993008725345, 0.000393140653614, -0.00115907331929], [0.000370730675058, -0.000757676723879, 0.00113870529458, -0.00071721553104, -0.000393611670006, -0.00296805216931, 0.0105523895472, -0.00787824764848, 0.00530088040978, -0.00389927253127, 0.00256816204637, -0.00269372202456, 0.00221226993017], [-0.000444617558969, 0.0008588845958, -0.000563723151572, 0.00154191884212, -0.00118961010594, 0.00223227706738, -0.00787824764848, 0.0164073128253, -0.013322503306, 0.00882722996175, -0.00603962829337, 0.00599552039057, -0.00488072168082], [0.0003380010603, -0.000387820822652, 0.000167801787029, -0.00154630572069, 0.00306345010176, -0.00363819487393, 0.00530088040978, -0.013322503306, 0.0232323743403, -0.0179765820503, 0.0117369238287, -0.00949440803379, 0.00412985589355], [-0.000292833836284, 0.000419234100264, -0.000619792728685, 0.00160780677106, -0.002081399085, 0.00324793322943, -0.00389927253127, 0.00882722996175, -0.0179765820503, 0.027461733669, -0.0189108923078, 0.010419793427, -0.00647455872968], [-2.35551433434e-05, -0.000189223486814, 0.00169293978252, -0.00201715156436, 0.000314170029014, -0.000993008725345, 0.00256816204637, -0.00603962829337, 0.0117369238287, -0.0189108923078, 0.0259031206369, -0.0182371940464, 0.0107760736719], [-0.000108681160782, 8.12734942883e-05, -0.000976670184173, 0.00118743185885, 0.000441240379587, 0.000393140653614, -0.00269372202456, 0.00599552039057, -0.00949440803379, 0.010419793427, -0.0182371940464, 0.0281688943505, -0.0162157304585], [8.27437252156e-05, 0.000336460478138, -0.00026443094248, -0.000405599974329, 0.000661145197228, -0.00115907331929, 0.00221226993017, -0.00488072168082, 0.00412985589355, -0.00647455872968, 0.0107760736719, -0.0162157304585, 0.0203492678702]], "mean": [-734.986022949, 165.066955566, 6.13262224197, 38.9226341248, 5.57943439484, 11.4705848694, 3.89662241936, -0.791166782379, -2.08665060997, -0.709865450859, 3.37848711014, -2.63913965225, -6.54154157639], "cov": [[14446.9941406, 2093.16625977, -1521.96850586, 621.305786133, -318.53527832, 281.485656738, 11.2220802307, 105.929504395, 44.0326194763, 294.430175781, 569.773071289, 131.815826416, -162.120941162], [2093.16625977, 1438.22912598, -130.195831299, 44.8381919861, -30.483587265, -30.6257686615, 19.6659240723, -67.7289657593, -62.8351516724, 11.568113327, 66.3742141724, -15.8904390335, -83.6045303345], [-1521.96850586, -130.195831299, 700.310913086, -33.1328086853, 67.7932815552, -46.5765342712, -64.5056686401, -16.0155773163, 12.4769201279, -48.0235214233, -118.518226624, -5.88492202759, 55.3576507568], [621.305786133, 44.8381919861, -33.1328086853, 533.790466309, 107.418525696, 67.4451217651, 23.7591915131, -33.3166542053, -16.117931366, 17.9331817627, 69.2838516235, 0.563016414642, -30.545167923], [-318.53527832, -30.483587265, 67.7932815552, 107.418525696, 273.150970459, 93.3161315918, 55.8502235413, -5.93123579025, -42.0021133423, -12.9584741592, -3.0370824337, -25.4115867615, -20.4727325439], [281.485656738, -30.6257686615, -46.5765342712, 67.4451217651, 93.3161315918, 203.815139771, 71.4493789673, 32.9434890747, 18.2904319763, -2.7843439579, 8.84035778046, 9.0158996582, 6.71706438065], [11.2220802307, 19.6659240723, -64.5056686401, 23.7591915131, 55.8502235413, 71.4493789673, 187.565872192, 92.1174621582, 17.7792472839, 7.90753507614, 11.5351171494, 2.68250441551, -1.8406085968], [105.929504395, -67.7289657593, -16.0155773163, -33.3166542053, -5.93123579025, 32.9434890747, 92.1174621582, 188.159286499, 108.376800537, 25.8079376221, 2.24356985092, 20.2548923492, 38.1699256897], [44.0326194763, -62.8351516724, 12.4769201279, -16.117931366, -42.0021133423, 18.2904319763, 17.7792472839, 108.376800537, 173.634475708, 85.1776199341, 19.3657341003, 46.3809623718, 45.7348480225], [294.430175781, 11.568113327, -48.0235214233, 17.9331817627, -12.9584741592, -2.7843439579, 7.90753507614, 25.8079376221, 85.1776199341, 139.47958374, 97.5139694214, 41.6988716125, 12.6189155579], [569.773071289, 66.3742141724, -118.518226624, 69.2838516235, -3.0370824337, 8.84035778046, 11.5351171494, 2.24356985092, 19.3657341003, 97.5139694214, 167.389907837, 67.9931945801, -11.0517082214], [131.815826416, -15.8904390335, -5.88492202759, 0.563016414642, -25.4115867615, 9.0158996582, 2.68250441551, 20.2548923492, 46.3809623718, 41.6988716125, 67.9931945801, 112.640647888, 63.1753692627], [-162.120941162, -83.6045303345, 55.3576507568, -30.545167923, -20.4727325439, 6.71706438065, -1.8406085968, 38.1699256897, 45.7348480225, 12.6189155579, -11.0517082214, 63.1753692627, 112.624954224]]}, "silence_rate_20dB": {"mean": 1, "dvar": 0, "min": 1, "dmean": 0, "dmean2": 0, "dvar2": 0, "max": 1, "median": 1, "var": 0}, "dynamic_complexity": 4.52076816559, "silence_rate_60dB": {"mean": 0.131618574262, "dvar": 0.0187122635543, "min": 0, "dmean": 0.0190739110112, "dmean2": 0.0381526090205, "dvar2": 0.0427237451077, "max": 1, "median": 0, "var": 0.11430440098}, "dissonance": {"mean": 0.449474096298, "dvar": 0.00110774068162, "min": 0.0918904468417, "dmean": 0.0283009633422, "dmean2": 0.0471005029976, "dvar2": 0.0029423229862, "max": 0.500000059605, "median": 0.461181879044, "var": 0.00196805968881}, "barkbands": {"mean": [0.00403851503506, 0.00908639654517, 0.00485177850351, 0.00390031770803, 0.00569684291258, 0.00254028034396, 0.00148866407108, 0.00118937448133, 0.00117987254634, 0.00110863475129, 0.000770787475631, 0.000397268129745, 0.000396928895498, 0.000492426159326, 0.000180916307727, 7.58809110266e-05, 7.14112684363e-05, 0.000137281982461, 8.77081547515e-05, 4.80215603602e-05, 3.73134425899e-05, 2.56094499491e-05, 8.0409754446e-06, 3.75476633963e-06, 2.64324307864e-06, 4.35061556345e-05, 0.000526576128323], "dvar": [3.15840698022e-05, 9.95936279651e-05, 3.73480033886e-05, 3.09458264383e-05, 3.12333868351e-05, 2.08086839848e-05, 7.72174007579e-06, 1.3310189388e-05, 1.79112903425e-05, 3.08136113745e-05, 3.03003525914e-05, 1.47289283632e-05, 7.87443241279e-06, 1.00207330433e-06, 1.26259834587e-07, 2.67855426728e-08, 1.23478898217e-08, 5.74190899272e-08, 2.01541681122e-08, 2.38621211679e-08, 2.40840591914e-09, 3.22969673228e-09, 4.54262683025e-10, 4.04492793427e-11, 2.21096283642e-11, 5.38831290697e-09, 3.43849308138e-07], "min": [1.20660740406e-23, 8.01215886946e-24, 4.29429489405e-24, 1.46604608531e-23, 4.71666246119e-23, 1.13053284536e-22, 5.53437989832e-23, 5.89313995407e-23, 6.62795946966e-23, 1.47709124238e-23, 2.29718472856e-23, 6.94169260711e-23, 7.67030031639e-23, 7.427156346e-23, 1.50444546759e-22, 9.96482153499e-23, 2.09305775544e-22, 2.06469486113e-22, 3.0823448664e-22, 3.72460966701e-22, 4.49606943662e-22, 6.31380792038e-22, 8.21987762095e-22, 7.65447513554e-22, 1.11285801919e-21, 1.74401419413e-21, 3.04058991595e-21], "dmean": [0.00250618788414, 0.00551300914958, 0.00336095620878, 0.00260767713189, 0.00312263052911, 0.00178308249451, 0.00103446946014, 0.00084177532699, 0.00084860943025, 0.000778029905632, 0.000673741917126, 0.000343512394466, 0.000300153449643, 0.000317439436913, 0.000128569619847, 6.0017209762e-05, 4.88980513182e-05, 8.31473807921e-05, 5.06251526531e-05, 3.00382362184e-05, 2.11159567698e-05, 1.71004885487e-05, 6.04194110565e-06, 3.15263173434e-06, 2.53189477917e-06, 2.71967874141e-05, 0.00025335745886], "dmean2": [0.00377853470854, 0.00880002044141, 0.00563367735595, 0.00410616863519, 0.00471831345931, 0.00269723823294, 0.00161146419123, 0.00127075077035, 0.00135260540992, 0.00111715740059, 0.00107927864883, 0.000564582587685, 0.000499444548041, 0.000491725106258, 0.000199065194465, 9.29684829316e-05, 7.6638731116e-05, 0.000127940365928, 7.68027457525e-05, 4.44364850409e-05, 3.07832196995e-05, 2.42847563641e-05, 8.99669794308e-06, 4.9908649089e-06, 4.16513285018e-06, 3.55494194082e-05, 0.000344621599652], "dvar2": [6.57631680951e-05, 0.000251535151619, 0.00010592230683, 7.27444785298e-05, 6.7828441388e-05, 4.11719083786e-05, 1.8678179913e-05, 2.52372919931e-05, 4.73341351608e-05, 5.94412340433e-05, 7.46085497667e-05, 3.18710990541e-05, 2.40036006289e-05, 2.20823380914e-06, 2.55271885408e-07, 5.98306186816e-08, 2.86081220935e-08, 1.20980431007e-07, 3.76470516983e-08, 4.74544314955e-08, 4.64728211469e-09, 6.60471943803e-09, 9.32659727226e-10, 9.27084936597e-11, 5.52999347703e-11, 9.18446918519e-09, 5.99737234097e-07], "max": [0.117713049054, 0.134433850646, 0.122831918299, 0.128672167659, 0.106934390962, 0.110564723611, 0.0797845572233, 0.143930703402, 0.144470140338, 0.171872109175, 0.152600422502, 0.215908676386, 0.175246730447, 0.0252167992294, 0.0160357858986, 0.00375486537814, 0.0026406722609, 0.00888789072633, 0.00590427033603, 0.00974295474589, 0.0018220951315, 0.00360564538278, 0.00146422279067, 0.000299310369883, 7.00848759152e-05, 0.00295547139831, 0.0222382228822], "median": [0.000430425745435, 0.00353575497866, 0.00195031240582, 0.00114955566823, 0.00219355127774, 0.00070456037065, 0.0003061669413, 0.000142725475598, 0.000163356380654, 9.86931408988e-05, 5.66556991544e-05, 6.19458878646e-05, 7.134918269e-05, 7.19120071153e-05, 4.99214256706e-05, 2.38411557802e-05, 2.89152649202e-05, 3.5229299101e-05, 3.23457497871e-05, 1.65732963069e-05, 1.3915980162e-05, 6.24573749519e-06, 2.15284330807e-06, 1.31780973334e-06, 9.04164949134e-07, 8.15213206806e-06, 0.000222612841753], "var": [7.34619316063e-05, 0.000184068470844, 5.93383629166e-05, 6.47332635708e-05, 9.16832723306e-05, 4.0567767428e-05, 1.69561808434e-05, 2.77026738331e-05, 2.87336315523e-05, 7.25420322851e-05, 4.07917395933e-05, 1.97435365408e-05, 1.00498564279e-05, 2.00774775294e-06, 2.52770718134e-07, 3.4054476572e-08, 1.85380883977e-08, 1.19505216389e-07, 4.24623181061e-08, 3.92269434712e-08, 5.98081939529e-09, 5.74206993065e-09, 7.2040928778e-10, 6.17958809124e-11, 2.38160081933e-11, 1.23899059901e-08, 8.28682061638e-07]}, "spectral_complexity": {"mean": 10.7914676666, "dvar": 11.5310735703, "min": 0, "dmean": 2.91454386711, "dmean2": 4.16792154312, "dvar2": 21.0315074921, "max": 48, "median": 10, "var": 52.7142829895}, "spectral_energyband_high": {"mean": 0.00055239291396, "dvar": 4.38750220155e-07, "min": 8.58821644232e-21, "dmean": 0.000269372481853, "dmean2": 0.000354565272573, "dvar2": 7.16969225323e-07, "max": 0.0252497605979, "median": 0.000228051096201, "var": 1.12477380299e-06}, "hfc": {"mean": 101.498039246, "dvar": 2894.18066406, "min": 1.28997691562e-16, "dmean": 40.6261940002, "dmean2": 61.1860733032, "dvar2": 6735.015625, "max": 961.655456543, "median": 86.8513412476, "var": 7331.6875}, "melbands_kurtosis": {"mean": 35.1428375244, "dvar": 1012.02703857, "min": -1.94042205811, "dmean": 18.8734531403, "dmean2": 29.537727356, "dvar2": 2532.12158203, "max": 549.735839844, "median": 19.3048934937, "var": 2368.02099609}, "spectral_strongpeak": {"mean": 1.71945548058, "dvar": 58.8054618835, "min": 0, "dmean": 1.76594924927, "dmean2": 3.17821240425, "dvar2": 160.659103394, "max": 114.003791809, "median": 0.371071010828, "var": 46.2081069946}, "silence_rate_30dB": {"mean": 0.961104154587, "dvar": 0.0385447740555, "min": 0, "dmean": 0.0401556044817, "dmean2": 0.0803212821484, "dvar2": 0.0937030091882, "max": 1, "median": 1, "var": 0.0373842306435}, "melbands_spread": {"mean": 13.1659049988, "dvar": 67.440246582, "min": 0.207192569971, "dmean": 3.96308660507, "dmean2": 6.12876462936, "dvar2": 146.43170166, "max": 342.670715332, "median": 6.44007205963, "var": 1365.40124512}, "melbands_crest": {"mean": 18.2974491119, "dvar": 12.1872797012, "min": 2.50942087173, "dmean": 4.04480838776, "dmean2": 6.51154947281, "dvar2": 29.7900428772, "max": 37.337059021, "median": 17.5906524658, "var": 37.2988853455}, "average_loudness": 0.883004724979, "spectral_flux": {"mean": 0.0973837003112, "dvar": 0.00098343344871, "min": 1.06176831216e-10, "dmean": 0.0286295618862, "dmean2": 0.0453746058047, "dvar2": 0.00240503018722, "max": 0.382039368153, "median": 0.0957161858678, "var": 0.00335740600713}, "spectral_rolloff": {"mean": 8358.71875, "dvar": 58430780, "min": 21.533203125, "dmean": 4225.65185547, "dmean2": 8108.27441406, "dvar2": 135865344, "max": 22050, "median": 1378.125, "var": 95687352}, "melbands": {"mean": [0.00313941878267, 0.00241216621362, 0.0019896896556, 0.00127120304387, 0.000733522814699, 0.000490260019433, 0.000262579764239, 0.000356540782377, 0.000181276904186, 0.000168731174199, 0.000118528048915, 0.000162576412549, 0.00011090238695, 5.42658199265e-05, 3.98742231482e-05, 3.89497872675e-05, 4.39234936493e-05, 3.47733912349e-05, 1.0210696928e-05, 5.72832277612e-06, 4.38883762399e-06, 4.26314500146e-06, 4.91193532071e-06, 6.94921754985e-06, 5.18211754752e-06, 2.9038685625e-06, 1.64428718108e-06, 1.54850090439e-06, 1.2651543102e-06, 8.86353802798e-07, 7.19019169537e-07, 6.12246367382e-07, 3.59512654313e-07, 2.17930590907e-07, 1.0944051354e-07, 6.37567865169e-08, 5.01902235328e-08, 4.23326618204e-08, 3.47650512822e-08, 2.40102036031e-08], "dvar": [1.20591384984e-05, 7.02259330865e-06, 4.87536135552e-06, 1.69118482063e-06, 9.49231264258e-07, 9.11422546324e-07, 2.30415523106e-07, 6.5146673478e-07, 3.3900374774e-07, 4.08472061508e-07, 1.80449816867e-07, 7.77269008267e-07, 6.64033109388e-07, 2.12051901372e-07, 1.07097385182e-07, 4.74369841186e-08, 8.48347969651e-09, 5.38171729403e-09, 3.40282080291e-10, 1.5492300498e-10, 1.04184785799e-10, 4.86258880383e-11, 4.78125143644e-11, 1.92664953436e-10, 8.93945889535e-11, 2.69652789681e-11, 3.00416913568e-11, 2.81791569245e-11, 5.15345058294e-12, 1.36752317369e-12, 1.63321428864e-12, 2.09729174132e-12, 6.2026740081e-13, 3.9444776655e-13, 8.37439452094e-14, 1.60224735362e-14, 7.54484263965e-15, 4.54139933396e-15, 3.1172394293e-15, 1.86097500731e-15], "min": [4.6751013244e-24, 1.54206293094e-24, 5.88216342789e-24, 1.04881786808e-23, 1.20971086175e-23, 2.47462131871e-23, 1.36777373804e-23, 1.23030628449e-23, 1.27466290767e-23, 7.73559528015e-24, 2.76371205865e-24, 1.90098517649e-24, 3.2473790485e-24, 6.39481336461e-24, 9.37074379791e-24, 7.61134889871e-24, 5.40507731292e-24, 9.83496556366e-24, 1.13286003236e-23, 8.83655953619e-24, 5.36526586961e-24, 1.10074305944e-23, 1.46850038935e-23, 9.19464874462e-24, 1.03710557133e-23, 1.08781244592e-23, 1.04471697466e-23, 1.19310447195e-23, 1.65868623391e-23, 1.10337722378e-23, 9.24186049207e-24, 1.00341190212e-23, 1.30766821686e-23, 1.73816759887e-23, 1.1768238817e-23, 1.02343839838e-23, 8.27610778405e-24, 8.98395661861e-24, 1.07070796934e-23, 1.06604659025e-23], "dmean": [0.00179856654722, 0.00153768761083, 0.00117125164252, 0.000702110992279, 0.000459016504465, 0.000348078698153, 0.000187855126569, 0.000226737494813, 0.000137872426421, 0.000121249642689, 8.17268446553e-05, 0.00011751405691, 9.55402865657e-05, 4.66507590318e-05, 3.15475226671e-05, 2.76330283668e-05, 2.93455759675e-05, 2.2656910005e-05, 7.32102853362e-06, 4.5345077524e-06, 3.49331207872e-06, 2.98738132187e-06, 3.11838221023e-06, 4.37990547653e-06, 3.14155431624e-06, 1.77405820523e-06, 1.11618692245e-06, 1.00008412574e-06, 7.96720314611e-07, 5.23996391166e-07, 4.58771211242e-07, 4.14528642523e-07, 2.54884156448e-07, 1.64137304637e-07, 8.57316280189e-08, 5.28930321764e-08, 4.2395353006e-08, 3.6023934058e-08, 3.01287919058e-08, 2.31963248609e-08], "dmean2": [0.00283106788993, 0.00258635776117, 0.00183234806173, 0.00105260813143, 0.000702061748598, 0.000524677801877, 0.000292104523396, 0.000336246885126, 0.000216470230953, 0.000192306441022, 0.000118687363283, 0.00017103117716, 0.000154034773004, 7.50470790081e-05, 5.15099563927e-05, 4.50936022389e-05, 4.5387816499e-05, 3.55034680979e-05, 1.14619742817e-05, 7.11311258783e-06, 5.41286863154e-06, 4.68329972136e-06, 4.89949979965e-06, 6.78199739923e-06, 4.82723589812e-06, 2.71946100838e-06, 1.70494831764e-06, 1.50942742039e-06, 1.19497042306e-06, 7.82935046573e-07, 6.881203376e-07, 6.05479954174e-07, 3.67073255347e-07, 2.43435096081e-07, 1.30323854819e-07, 8.26823907119e-08, 6.72753301956e-08, 5.71367735347e-08, 4.80359396704e-08, 3.82072684602e-08], "dvar2": [2.9862187148e-05, 2.0897221475e-05, 1.15471393656e-05, 3.72425688511e-06, 2.14417423194e-06, 1.71914643943e-06, 5.45907710148e-07, 1.30933631226e-06, 8.28710142287e-07, 1.0573835425e-06, 3.01265828284e-07, 1.52248856011e-06, 1.67184680322e-06, 4.74627881886e-07, 2.92868719498e-07, 1.31490892841e-07, 1.99351077868e-08, 1.11792965996e-08, 7.2553063557e-10, 3.51692674982e-10, 2.32216537666e-10, 1.12632403404e-10, 1.15638137954e-10, 4.12893608193e-10, 1.70973638025e-10, 5.25551858976e-11, 6.38120181695e-11, 5.50605637473e-11, 1.09938976325e-11, 2.84793586283e-12, 3.7919125305e-12, 4.36770281401e-12, 1.1670552762e-12, 8.35520725957e-13, 1.77338612545e-13, 3.19954193619e-14, 1.73080882851e-14, 1.05225488492e-14, 7.33294803053e-15, 4.65850079188e-15], "max": [0.0509423539042, 0.0582005679607, 0.0462983772159, 0.025014564395, 0.0218279473484, 0.0273005012423, 0.0168063919991, 0.0285748392344, 0.0164587721229, 0.0207294952124, 0.0225509554148, 0.02820703201, 0.0233995914459, 0.0237933024764, 0.0176122579724, 0.0160286631435, 0.00218576774932, 0.00209852820262, 0.000652159622405, 0.000331239949446, 0.000274581485428, 0.000228950419114, 0.000178575151949, 0.000539504690096, 0.000508846831508, 0.000211601436604, 0.000328305643052, 0.000343485444319, 9.7426767752e-05, 3.07155860355e-05, 5.7147051848e-05, 9.12419418455e-05, 4.69203587272e-05, 4.05316641263e-05, 1.87493060366e-05, 7.42898100725e-06, 4.19140951635e-06, 2.61426293946e-06, 1.82682822469e-06, 6.45847819669e-07], "median": [0.000975813833065, 0.0013171749888, 0.000894451397471, 0.000461965129944, 0.000293748860713, 0.000123675185023, 7.04167759977e-05, 4.56370835309e-05, 2.59303742496e-05, 2.26804058912e-05, 1.49858979057e-05, 1.28322799355e-05, 8.56715996633e-06, 7.25866539142e-06, 6.81559504301e-06, 6.83045345795e-06, 6.46678381599e-06, 6.05981540502e-06, 3.20370986628e-06, 1.80012216333e-06, 1.46499542097e-06, 1.64882771969e-06, 1.72780892171e-06, 1.56515420713e-06, 1.51023380113e-06, 1.02852050077e-06, 5.84221311328e-07, 4.95630843034e-07, 3.87977877381e-07, 3.30333250531e-07, 2.37242133494e-07, 1.44833364857e-07, 8.68783800456e-08, 5.45727303347e-08, 3.04095557624e-08, 2.02563477103e-08, 1.77247336808e-08, 1.47610013101e-08, 1.20019372218e-08, 8.07486877363e-09], "var": [2.36953146668e-05, 1.08134827315e-05, 1.1052247828e-05, 5.12637552674e-06, 1.83554379873e-06, 1.80509596248e-06, 3.51264816345e-07, 2.01924331122e-06, 5.153056577e-07, 6.78766184592e-07, 4.83888072722e-07, 1.68074814155e-06, 8.79258777786e-07, 2.75791904869e-07, 1.68907945408e-07, 6.08242132216e-08, 1.55079096231e-08, 1.16219149859e-08, 6.06925620872e-10, 1.94247090635e-10, 1.28926036513e-10, 7.25024137949e-11, 9.82380010672e-11, 3.63120089553e-10, 1.74257552832e-10, 5.35145990022e-11, 4.42849819315e-11, 4.60328927754e-11, 9.79182533667e-12, 3.16752396881e-12, 2.81891957693e-12, 3.52806781186e-12, 1.19824473694e-12, 5.69954511104e-13, 1.29219023177e-13, 3.00653497595e-14, 1.16670267333e-14, 6.7443736346e-15, 4.30333013622e-15, 1.99326757763e-15]}, "spectral_energy": {"mean": 0.0420364066958, "dvar": 0.000397059018724, "min": 1.12735201683e-20, "dmean": 0.0156187703833, "dmean2": 0.0234073791653, "dvar2": 0.000954611285124, "max": 0.2621717453, "median": 0.0366591252387, "var": 0.00122715474572}, "spectral_decrease": {"mean": -8.69851746188e-09, "dvar": 2.39719853194e-17, "min": -5.35641504484e-08, "dmean": 3.75772479799e-09, "dmean2": 5.74667424758e-09, "dvar2": 5.92197261721e-17, "max": 2.7157118776e-09, "median": -6.92237112077e-09, "var": 6.63537486738e-17}, "erbbands_spread": {"mean": 32.6639213562, "dvar": 68.559753418, "min": 0.18212120235, "dmean": 8.17267799377, "dmean2": 12.5726060867, "dvar2": 157.675140381, "max": 147.959899902, "median": 31.9200248718, "var": 375.781219482}, "spectral_contrast_coeffs": {"mean": [-0.639865398407, -0.752982139587, -0.808008611202, -0.821125030518, -0.832868397236, -0.779549121857], "dvar": [0.00213674572296, 0.00203675427474, 0.00122861447744, 0.000826624978799, 0.000468225742225, 0.00110454368405], "min": [-0.976584851742, -0.962385416031, -0.978979468346, -0.986125707626, -0.974976241589, -0.961805284023], "dmean": [0.0567483119667, 0.0553254000843, 0.0409835204482, 0.0337691344321, 0.0246671512723, 0.0350127518177], "dmean2": [0.0903783291578, 0.0895946398377, 0.0657089650631, 0.0534813478589, 0.0394426435232, 0.0557797625661], "dvar2": [0.00536211626604, 0.00516569102183, 0.00298059429042, 0.00191717187408, 0.00111024163198, 0.00258314749226], "max": [-0.259643495083, -0.407195746899, -0.373875647783, -0.473543405533, -0.585601687431, -0.538767278194], "median": [-0.640085279942, -0.758207559586, -0.817112088203, -0.825612068176, -0.828717052937, -0.785442829132], "var": [0.010979113169, 0.00746550690383, 0.0062354337424, 0.00473595457152, 0.00346900778823, 0.00461453571916]}, "spectral_energyband_middle_high": {"mean": 0.0036787786521, "dvar": 8.72770542628e-05, "min": 1.36470311274e-21, "dmean": 0.00228067929856, "dmean2": 0.00339724868536, "dvar2": 0.000195348009584, "max": 0.219067931175, "median": 0.000998988980427, "var": 0.000163888355019}, "erbbands_crest": {"mean": 11.8677978516, "dvar": 10.7584104538, "min": 2.05350708961, "dmean": 3.41239142418, "dmean2": 5.40443181992, "dvar2": 24.1287269592, "max": 34.8120307922, "median": 10.2360515594, "var": 39.9432601929}, "barkbands_crest": {"mean": 12.5453186035, "dvar": 6.39787578583, "min": 3.7336397171, "dmean": 2.85478067398, "dmean2": 4.58288574219, "dvar2": 15.4878482819, "max": 26.7678012848, "median": 11.6157112122, "var": 23.1636600494}, "pitch_salience": {"mean": 0.517659127712, "dvar": 0.005321607925, "min": 0.0708519816399, "dmean": 0.0846602022648, "dmean2": 0.134391412139, "dvar2": 0.0132258059457, "max": 0.924053907394, "median": 0.532257556915, "var": 0.0162904579192}, "melbands_skewness": {"mean": 3.59193897247, "dvar": 1.51850187778, "min": -8.78944015503, "dmean": 1.19287145138, "dmean2": 1.82138323784, "dvar2": 3.63120245934, "max": 17.481256485, "median": 3.30191612244, "var": 6.54426860809}, "spectral_spread": {"mean": 4433454, "dvar": 401031626752, "min": 933453, "dmean": 630400.4375, "dmean2": 967553.3125, "dvar2": 856798855168, "max": 40651800, "median": 4217783, "var": 2685800546300.0}, "spectral_entropy": {"mean": 7.04730939865, "dvar": 0.100037164986, "min": 3.70952486992, "dmean": 0.310156673193, "dmean2": 0.475115686655, "dvar2": 0.243968233466, "max": 9.807970047, "median": 7.12927532196, "var": 0.418643981218}, "erbbands_flatness_db": {"mean": 0.159305647016, "dvar": 0.000926581560634, "min": 0.0284289717674, "dmean": 0.0308236666024, "dmean2": 0.0462157763541, "dvar2": 0.00209007272497, "max": 0.561770379543, "median": 0.147131592035, "var": 0.00444870488718}, "spectral_kurtosis": {"mean": 18.6222419739, "dvar": 120.012229919, "min": -1.19967293739, "dmean": 6.15967416763, "dmean2": 9.96058750153, "dvar2": 321.764709473, "max": 223.89793396, "median": 16.1122207642, "var": 161.868560791}, "erbbands_skewness": {"mean": 1.03551399708, "dvar": 0.573497474194, "min": -6.92029762268, "dmean": 0.627756357193, "dmean2": 0.952155411243, "dvar2": 1.36072266102, "max": 20.6857738495, "median": 0.799342036247, "var": 2.92499351501}, "erbbands_kurtosis": {"mean": 7.22729873657, "dvar": 262.179290771, "min": -1.77800858021, "dmean": 5.27855110168, "dmean2": 8.15027523041, "dvar2": 628.753173828, "max": 752.143371582, "median": 0.588235497475, "var": 563.404785156}, "barkbands_spread": {"mean": 17.7210025787, "dvar": 74.4139022827, "min": 0.057555694133, "dmean": 6.1837477684, "dmean2": 9.28652858734, "dvar2": 152.509429932, "max": 145.298919678, "median": 11.8170528412, "var": 422.102783203}, "zerocrossingrate": {"mean": 0.21552066505, "dvar": 0.00147446861956, "min": 0.01904296875, "dmean": 0.0417978912592, "dmean2": 0.0515090152621, "dvar2": 0.00217860005796, "max": 0.828125, "median": 0.19873046875, "var": 0.0103239463642}, "spectral_centroid": {"mean": 744.455871582, "dvar": 54600.0234375, "min": 128.982910156, "dmean": 164.925354004, "dmean2": 250.957275391, "dvar2": 110446.296875, "max": 11010.7207031, "median": 565.774658203, "var": 670007.375}, "barkbands_skewness": {"mean": 3.786921978, "dvar": 2.16835594177, "min": -6.4530673027, "dmean": 1.17799735069, "dmean2": 1.7842566967, "dvar2": 5.29282140732, "max": 32.0353622437, "median": 3.33177804947, "var": 7.60172939301}, "melbands_flatness_db": {"mean": 0.317929446697, "dvar": 0.00143765984103, "min": 0.00747143570334, "dmean": 0.0424373485148, "dmean2": 0.0649336799979, "dvar2": 0.00346643128432, "max": 0.665952503681, "median": 0.312085986137, "var": 0.00620398530737}, "spectral_contrast_valleys": {"mean": [-7.26138877869, -7.09515428543, -7.86682939529, -8.32056903839, -8.43509674072, -11.4445753098], "dvar": [0.136720553041, 0.163268819451, 0.15044285357, 0.15715020895, 0.177448153496, 0.299602329731], "min": [-27.1277523041, -27.0307312012, -27.1758575439, -27.4164886475, -27.2220306396, -27.2180843353], "dmean": [0.428128391504, 0.471845805645, 0.440884649754, 0.417180150747, 0.394468933344, 0.620990991592], "dmean2": [0.679401159286, 0.730713009834, 0.676514148712, 0.627236425877, 0.589839577675, 0.979180932045], "dvar2": [0.311622709036, 0.373260051012, 0.33359375596, 0.338852971792, 0.398384213448, 0.7424903512], "max": [-4.84896850586, -4.49566602707, -5.23313760757, -6.13135004044, -5.7542591095, -8.9157409668], "median": [-6.74202251434, -6.7282128334, -7.50206565857, -7.93885278702, -8.05799865723, -11.2269248962], "var": [3.49673652649, 2.84607625008, 2.58213114738, 2.46973872185, 2.23789095879, 1.70089781284]}, "barkbands_flatness_db": {"mean": 0.196833431721, "dvar": 0.00110172014683, "min": 0.0485600717366, "dmean": 0.0360101908445, "dmean2": 0.0547060891986, "dvar2": 0.00259826215915, "max": 0.526673138142, "median": 0.187341421843, "var": 0.00453675491735}, "barkbands_kurtosis": {"mean": 37.3127250671, "dvar": 3943.20410156, "min": -1.96327126026, "dmean": 20.9983825684, "dmean2": 32.799446106, "dvar2": 9529.