{"tonal": {"hpcp": {"dvar": [0.0253194607794, 0.0365209318697, 0.030967194587, 0.0368077084422, 0.037850599736, 0.0220661666244, 0.0206744484603, 0.0166425332427, 0.0144596584141, 0.0294086076319, 0.0317912250757, 0.0229348149151, 0.0169538892806, 0.0135492673144, 0.0140959536657, 0.0306893568486, 0.0425967499614, 0.0279821995646, 0.0410863310099, 0.0347983278334, 0.0239012595266, 0.0220987219363, 0.0252340454608, 0.0273679662496, 0.0455118305981, 0.0251975096762, 0.0118726529181, 0.00973300263286, 0.016882115975, 0.0275025013834, 0.0477672852576, 0.055255882442, 0.0299893151969, 0.0274399667978, 0.0236265901476, 0.0182794965804], "var": [0.0401341095567, 0.0644962191582, 0.0303150881082, 0.0906569436193, 0.111661985517, 0.0270679853857, 0.0171151738614, 0.0133754760027, 0.0134965116158, 0.0697161331773, 0.0784468129277, 0.0213764943182, 0.012106442824, 0.00874296482652, 0.0111111607403, 0.0739445239305, 0.118557065725, 0.0386974103749, 0.0994714051485, 0.0828120708466, 0.0205031484365, 0.0163887143135, 0.0192536041141, 0.0334074944258, 0.101706832647, 0.0605066902936, 0.011267574504, 0.00884560495615, 0.0145665816963, 0.0322401747108, 0.123008579016, 0.154002696276, 0.0400255285203, 0.0185742024332, 0.0145139154047, 0.0121847214177], "median": [0.0298113003373, 0.0348838418722, 0.0441910624504, 0.0549222417176, 0.0591466724873, 0.0372803881764, 0.0160488504916, 0.0131210098043, 0.0123078608885, 0.014605182223, 0.0148123558611, 0.0170738566667, 0.00802024081349, 0.00563521450385, 0.0173499975353, 0.0780302286148, 0.100497871637, 0.0857318267226, 0.0215740613639, 0.0140877589583, 0.0117052681744, 0.009132838808, 0.00899830274284, 0.0170449931175, 0.0329872630537, 0.033892210573, 0.0140700796619, 0.00685361074284, 0.00691081490368, 0.0385669544339, 0.17340311408, 0.190276995301, 0.0570912286639, 0.00507021648809, 0.0036032050848, 0.00855309888721], "max": [1, 1, 1, 1, 1, 1, 1, 1, 1, 1, 1, 1, 1, 1, 1, 1, 1, 1, 1, 1, 1, 1, 1, 1, 1, 1, 1, 1, 1, 1, 1, 1, 1, 1, 1, 1], "dmean": [0.0865714624524, 0.10454223305, 0.0995211452246, 0.119517549872, 0.117185413837, 0.0859268382192, 0.0628540962934, 0.054508600384, 0.0513500161469, 0.0745988860726, 0.0809600204229, 0.067948050797, 0.0521320700645, 0.0419352985919, 0.0554182231426, 0.115367174149, 0.133452475071, 0.115121290088, 0.107325829566, 0.098812520504, 0.0701463147998, 0.0633392110467, 0.0675341933966, 0.0832954868674, 0.112451553345, 0.08807310462, 0.047519158572, 0.0384454466403, 0.0496927537024, 0.0915109291673, 0.161660522223, 0.157803952694, 0.110647208989, 0.0688441172242, 0.0575345158577, 0.0567863993347], "dmean2": [0.147916331887, 0.17764018476, 0.174221873283, 0.199622005224, 0.193139225245, 0.148969978094, 0.110258929431, 0.0953669175506, 0.0902911573648, 0.127637475729, 0.137259721756, 0.11913625896, 0.0930109843612, 0.0761607587337, 0.0969959124923, 0.188986331224, 0.222793132067, 0.193404570222, 0.18455979228, 0.169143185019, 0.123781450093, 0.112604700029, 0.120995923877, 0.148036688566, 0.194469496608, 0.148735493422, 0.0817547217011, 0.0675356909633, 0.0905020013452, 0.161223396659, 0.269556850195, 0.264467984438, 0.188665062189, 0.127651378512, 0.10837996006, 0.104339465499], "mean": [0.116441480815, 0.150156870484, 0.113940596581, 0.212925836444, 0.243641808629, 0.110603190958, 0.0592573806643, 0.0510298088193, 0.0538594312966, 0.129223898053, 0.142653629184, 0.0727517083287, 0.0439993701875, 0.0332022048533, 0.0535488463938, 0.210666269064, 0.27461373806, 0.168107077479, 0.186231404543, 0.16692315042, 0.0658553391695, 0.0530555024743, 0.0575241111219, 0.103439077735, 0.194890066981, 0.154393002391, 0.0527428798378, 0.0372813306749, 0.0443313755095, 0.108584143221, 0.344275981188, 0.382240027189, 0.15226469934, 0.0492834821343, 0.0375092104077, 0.0437132678926], "dvar2": [0.0643530189991, 0.0935233458877, 0.0910660102963, 0.0852726474404, 0.0857222601771, 0.0618644468486, 0.0571954809129, 0.0448309704661, 0.0403375178576, 0.070053473115, 0.0790344178677, 0.0654029101133, 0.0475564822555, 0.0387532524765, 0.0391630195081, 0.0742619559169, 0.101219370961, 0.0759887620807, 0.0951341092587, 0.0852336362004, 0.0675947889686, 0.0608785971999, 0.0693531408906, 0.074777059257, 0.109768286347, 0.0609506592155, 0.0334154292941, 0.026652848348, 0.0469765812159, 0.0788218230009, 0.116245046258, 0.123121924698, 0.0834858715534, 0.0779488384724, 0.067502848804, 0.0516475252807], "min": [0, 0, 0, 0, 0, 0, 0, 0, 0, 0, 0, 0, 0, 0, 0, 0, 0, 0, 0, 0, 0, 0, 0, 0, 0, 0, 0, 0, 0, 0, 0, 0, 0, 0, 0, 0]}, "key_key": "G", "thpcp": [1, 0.398348391056, 0.128933340311, 0.0981299877167, 0.114360779524, 0.304629206657, 0.392833977938, 0.29808652401, 0.557047486305, 0.637405276299, 0.28935533762, 0.155026629567, 0.133502006531, 0.140904739499, 0.338070034981, 0.373204320669, 0.190329909325, 0.115109272301, 0.0868621841073, 0.14009219408, 0.55113607645, 0.718432724476, 0.439794540405, 0.487210631371, 0.436697214842, 0.172287926078, 0.138801530004, 0.150492116809, 0.270612895489, 0.509863078594, 0.403916358948, 0.13798366487, 0.0975338220596, 0.115977846086, 0.284073174, 0.900680065155], "chords_key": "G", "tuning_equal_tempered_deviation": 0.193081051111, "tuning_frequency": 434.193115234, "tuning_diatonic_strength": 0.54293525219, "chords_histogram": [35.4786605835, 11.9723186493, 6.85121107101, 7.31257200241, 0.253748565912, 2.07612466812, 0, 8.25836181641, 0.853517889977, 3.32179927826, 0, 0.530565142632, 0, 0, 0, 0, 0, 0, 0.346020758152, 0, 0.346020758152, 0, 11.1649370193, 11.2341403961], "key_strength": 0.746172606945, "key_scale": "minor", "chords_strength": {"dvar": 5.47194213141e-05, "var": 0.00995918363333, "median": 0.525713562965, "max": 0.800265669823, "dmean": 0.00896718818694, "dmean2": 0.00789575558156, "mean": 0.526574969292, "dvar2": 6.01170831942e-05, "min": 0.268604934216}, "chords_number_rate": 0.0020761245396, "tuning_nontempered_energy_ratio": 0.942060709, "hpcp_entropy": {"dvar": 0.270001202822, "var": 0.727382540703, "median": 1.98490595818, "max": 4.65638828278, "dmean": 0.603658735752, "dmean2": 1.00970613956, "mean": 1.93557441235, "dvar2": 0.732585549355, "min": 0}, "chords_changes_rate": 0.054671280086, "chords_scale": "minor"}, "rhythm": {"bpm_histogram_first_peak_spread": {"dvar": 0, "var": 0, "median": 0.274052500725, "max": 0.274052500725, "dmean": 0, "dmean2": 0, "mean": 0.274052500725, "dvar2": 0, "min": 0.274052500725}, "bpm_histogram_first_peak_weight": {"dvar": 0, "var": 0, "median": 0.614814817905, "max": 0.614814817905, "dmean": 0, "dmean2": 0, "mean": 0.614814817905, "dvar2": 0, "min": 0.614814817905}, "bpm_histogram_first_peak_bpm": {"dvar": 0, "var": 0, "median": 120, "max": 120, "dmean": 0, "dmean2": 0, "mean": 120, "dvar2": 0, "min": 120}, "bpm": 119.958717346, "bpm_histogram_second_peak_weight": {"dvar": 0, "var": 0, "median": 0.034567900002, "max": 0.034567900002, "dmean": 0, "dmean2": 0, "mean": 0.034567900002, "dvar2": 0, "min": 0.034567900002}, "beats_loudness": {"dvar": 0.000287901551928, "var": 0.000760658993386, "median": 0.0528475306928, "max": 0.144120946527, "dmean": 0.0196194536984, "dmean2": 0.0342436917126, "mean": 0.0506639182568, "dvar2": 0.000801682239398, "min": 3.50326406773e-10}, "beats_loudness_band_ratio": {"dvar": [0.0273482333869, 0.0101189045236, 0.0127463368699, 0.00633586244658, 0.00189896998927, 0.00328648998402], "var": [0.0641997754574, 0.0314977280796, 0.0246041417122, 0.00706019951031, 0.00193761463743, 0.00326926331036], "median": [0.608887910843, 0.104726269841, 0.0897214412689, 0.0479594916105, 0.0280321408063, 0.0189583487809], "max": [0.967647016048, 0.879502475262, 0.87544131279, 0.563308537006, 0.246347770095, 0.304975628853], "dmean": [0.205530971289, 0.110558874905, 0.0928348302841, 0.0650870725513, 0.0356634743512, 0.0650302544236], "dmean2": [0.36407572031, 0.195101708174, 0.160481885076, 0.116524375975, 0.063514739275, 0.129024222493], "mean": [0.568743109703, 0.16862256825, 0.151160851121, 0.0797174945474, 0.0431640930474, 0.0471000522375], "dvar2": [0.0685071721673, 0.0268205031753, 0.028819764033, 0.0166996233165, 0.00540104601532, 0.0117587922141], "min": [0.00945350900292, 0.00253281230107, 0.00350489025004, 0.00160165817942, 0.000106258950836, 6.55666281091e-06]}, "bpm_histogram_second_peak_bpm": {"dvar": 0, "var": 0, "median": 152, "max": 152, "dmean": 0, "dmean2": 0, "mean": 152, "dvar2": 0, "min": 152}, "onset_rate": 4.72028684616, "beats_count": 406, "beats_position": [0.417959183455, 0.847528338432, 1.27709746361, 1.72988653183, 2.18267560005, 2.62385487556, 3.14630389214, 3.68036270142, 4.20281171799, 4.72526073456, 5.24770975113, 5.78176879883, 6.30421733856, 6.82666635513, 7.3491153717, 7.87156438828, 8.38240337372, 8.88163280487, 9.38086128235, 9.8800907135, 10.379319191, 10.8785486221, 11.3777770996, 11.8886165619, 12.387845993, 12.8870744705, 13.3863039017, 13.8855323792, 14.3847618103, 14.8839902878, 15.3832197189, 15.8824491501, 16.3816776276, 16.8809070587, 17.3801364899, 17.8793640137, 18.3785934448, 18.877822876, 19.3770523071, 19.8762817383, 20.3871192932, 20.8747386932, 21.3855781555, 21.8731975555, 22.3840351105, 22.8832645416, 23.3824939728, 23.8817234039, 24.3809528351, 24.8801803589, 25.37940979, 25.8786392212, 26.3778686523, 26.8887062073, 27.3879356384, 27.8871650696, 28.3863945007, 28.8856239319, 29.3848514557, 29.8840808868, 30.383310318, 30.8825397491, 31.3817672729, 31.8809967041, 32.3802261353, 32.8794555664, 33.3786849976, 33.8779144287, 34.3771438599, 34.8763694763, 35.3872108459, 35.8748283386, 36.3856697083, 36.8848991394, 37.3841247559, 37.883354187, 38.3825836182, 38.8818130493, 39.3926506042, 39.8918800354, 40.3795013428, 40.8787307739, 41.3779602051, 41.8771858215, 42.3764152527, 42.8872566223, 43.374874115, 43.8741035461, 44.3733329773, 44.8841705322, 45.3833999634, 45.8826293945, 46.3818588257, 46.8810882568, 47.380317688, 47.8795471191, 48.3787727356, 48.8780021667, 49.3772315979, 49.8764610291, 50.3756904602, 50.8749198914, 51.3741493225, 51.8733787537, 52.3842163086, 52.8834457397, 53.3826751709, 53.8702926636, 54.3811340332, 54.8803634644, 55.3795890808, 55.878818512, 56.3780479431, 56.8772773743, 57.3765068054, 57.8873443604, 58.3865737915, 58.8858032227, 59.3850326538, 59.884262085, 60.3834915161, 60.8827209473, 61.3819503784, 61.8811798096, 62.3920173645, 62.8796348572, 63.3788642883, 63.8780937195, 64.3889312744, 64.8765487671, 65.3757781982, 65.8750076294, 66.385848999, 66.8734664917, 67.3726959229, 67.871925354, 68.3827667236, 68.8819961548, 69.3812255859, 69.8804550171, 70.3796844482, 70.8789138794, 71.3781356812, 71.8889770508, 72.3882064819, 72.8874359131, 73.3866653442, 73.8858947754, 74.3851242065, 74.8843536377, 75.3835830688, 75.8828125, 76.3820419312, 76.8812713623, 77.3805007935, 77.8797302246, 78.3789520264, 78.8781814575, 79.3890228271, 79.8766403198, 80.375869751, 80.8750991821, 81.3859405518, 81.8735580444, 82.3843994141, 82.8836288452, 83.3828582764, 83.8820877075, 84.3813171387, 84.8805389404, 85.3797683716, 85.8789978027, 86.3782272339, 86.8890686035, 87.3999099731, 87.8991394043, 88.3983688354, 88.9092025757, 89.4084320068, 89.8960494995, 90.3952789307, 90.8945083618, 91.393737793, 91.8929672241, 92.3921966553, 92.8914260864, 93.3906555176, 93.8898849487, 94.3891143799, 94.888343811, 95.3875732422, 95.8984146118, 96.4092483521, 96.9084777832, 97.4077072144, 97.895324707, 98.3945541382, 98.9053955078, 99.404624939, 99.9038543701, 100.403083801, 100.902313232, 101.401542664, 101.889160156, 102.376777649, 102.887619019, 103.38684845, 103.89768219, 104.396911621, 104.896141052, 105.395370483, 105.894599915, 106.393829346, 106.893058777, 107.392288208, 107.891517639, 108.39074707, 108.878364563, 109.377593994, 109.876823425, 110.387664795, 110.898498535, 111.409339905, 111.908569336, 112.419410706, 112.930244446, 113.452697754, 113.986755371, 114.520812988, 115.054870605, 115.577323914, 116.157821655, 116.738319397, 117.318817139, 117.806434631, 118.294059753, 118.770065308, 119.280906677, 119.791740417, 120.290969849, 120.801811218, 121.301040649, 121.800270081, 122.299499512, 122.798728943, 123.297958374, 123.797187805, 124.296417236, 124.795646667, 125.294876099, 125.79410553, 126.293327332, 126.792556763, 127.291786194, 127.791015625, 128.290252686, 128.789474487, 129.288711548, 129.799545288, 130.29876709, 130.79800415, 131.297225952, 131.796463013, 132.295684814, 132.794921875, 133.294143677, 133.793380737, 134.304214478, 134.7918396, 135.30267334, 135.790298462, 136.301132202, 136.788757324, 137.299591064, 137.798812866, 138.298049927, 138.797271729, 139.296508789, 139.795730591, 140.294967651, 140.794189453, 141.293426514, 141.792648315, 142.291885376, 142.791107178, 143.290344238, 143.801177979, 144.288803101, 144.788024902, 145.287246704, 145.798095703, 146.297317505, 146.796554565, 147.295776367, 147.795013428, 148.294235229, 148.79347229, 149.292694092, 149.791931152, 150.291152954, 150.790390015, 151.301223755, 151.800445557, 152.299682617, 152.78729248, 153.298141479, 153.80897522, 154.296600342, 154.795822144, 155.295059204, 155.805892944, 156.293518066, 156.804351807, 157.291976929, 157.802810669, 158.290420532, 158.801269531, 159.288879395, 159.799728394, 160.298950195, 160.798187256, 161.297409058, 161.796646118, 162.29586792, 162.79510498, 163.294326782, 163.793563843, 164.304397583, 164.803619385, 165.302856445, 165.802078247, 166.301315308, 166.800537109, 167.29977417, 167.798995972, 168.298233032, 168.797454834, 169.296691895, 169.795913696, 170.295150757, 170.805984497, 171.293609619, 171.804443359, 172.292053223, 172.802902222, 173.290512085, 173.801361084, 174.300582886, 174.799819946, 175.28742981, 175.798278809, 176.29750061, 176.796737671, 177.295959473, 177.795196533, 178.294418335, 178.793640137, 179.292877197, 179.792098999, 180.302947998, 180.8021698, 181.30140686, 181.800628662, 182.299865723, 182.799087524, 183.298324585, 183.809158325, 184.319992065, 184.842453003, 185.364898682, 185.898956299, 186.444625854, 186.99029541, 187.454696655, 187.919082642, 188.383483887, 188.836273193, 189.300674438, 189.765075684, 190.21786499, 190.670654297, 191.123443604, 191.57623291, 191.959365845, 192.342483521, 192.725616455, 193.10874939, 193.503494263, 193.886611938, 194.281356812, 194.676101685, 195.070831299, 195.465576172, 195.860321045, 196.255050659, 196.649795532, 197.044525146, 197.450881958, 197.834014893, 198.228744507, 198.611877441, 199.006622314, 199.38973999, 199.784484863, 200.179229736, 200.573959351], "danceability": 1.16758668423, "bpm_histogram_second_peak_spread": {"dvar": 0, "var": 0, "median": 0.0666667222977, "max": 0.0666667222977, "dmean": 0, "dmean2": 0, "mean": 0.0666667222977, "dvar2": 0, "min": 0.0666667222977}}, "lowlevel": {"spectral_flux": {"dvar": 0.00151377462316, "var": 0.00276945321821, "median": 0.0587918311357, "max": 0.33262655139, "dmean": 0.029938660562, "dmean2": 0.0472595393658, "mean": 0.0735368058085, "dvar2": 0.00361058558337, "min": 1.0488494101e-10}, "spectral_rolloff": {"dvar": 1942917.875, "var": 5197953, "median": 775.1953125, "max": 18820.0195312, "dmean": 570.140686035, "dmean2": 923.008300781, "mean": 1393.06188965, "dvar2": 3880867.75, "min": 86.1328125}, "barkbands_flatness_db": {"dvar": 0.000780277652666, "var": 0.00988563336432, "median": 0.148571655154, "max": 0.461806625128, "dmean": 0.0254129096866, "dmean2": 0.0368483476341, "mean": 0.173257395625, "dvar2": 0.00164453254547, "min": 0.0178612489253}, "spectral_centroid": {"dvar": 100653.335938, "var": 439336.78125, "median": 924.746276855, "max": 10986.6083984, "dmean": 217.532302856, "dmean2": 332.44430542, "mean": 1062.5246582, "dvar2": 222509.484375, "min": 142.133911133}, "melbands_skewness": {"dvar": 1.188798666, "var": 5.45539855957, "median": 2.23620271683, "max": 15.7801065445, "dmean": 0.816710293293, "dmean2": 1.20214402676, "mean": 2.91116571426, "dvar2": 2.31799173355, "min": -1.07993340492}, "melbands": {"dvar": [4.75260321764e-06, 6.05453988101e-06, 2.10700272874e-06, 4.46502212981e-07, 7.03766573906e-08, 7.82493714269e-08, 1.56584235356e-07, 7.64341550052e-08, 4.24679882371e-08, 2.51558756048e-08, 4.48246879614e-08, 3.50185125342e-08, 7.0916770234e-09, 9.9021670863e-09, 5.54900569938e-09, 7.82801379273e-09, 2.83943091262e-09, 1.58283963714e-09, 2.538023125e-09, 1.17844867198e-09, 4.9550363812e-10, 5.66294844351e-10, 3.44974493416e-10, 3.19341053601e-10, 1.699237695e-10, 9.60534707328e-11, 8.68913344054e-11, 4.54789921001e-11, 2.99616512156e-11, 3.31290168909e-11, 3.25688330471e-11, 2.59162118849e-11, 5.14791403949e-11, 2.98451575953e-11, 7.73071277133e-12, 6.93653164421e-12, 9.58355617087e-12, 3.88593714498e-12, 2.0371660088e-12, 1.23861533009e-12], "var": [1.89646016224e-05, 1.81001269084e-05, 2.06758795684e-06, 4.45676249683e-07, 2.09657855521e-07, 5.47491993075e-07, 1.18259777082e-06, 9.56841063271e-07, 4.00236615405e-07, 2.03329435067e-07, 4.53244922483e-07, 1.8074265995e-07, 2.97479498812e-08, 2.93723836364e-08, 1.74340755166e-08, 1.84877038123e-08, 8.17064993441e-09, 3.43140738046e-09, 5.89597703993e-09, 2.30667862589e-09, 8.84250894728e-10, 1.01715935674e-09, 4.79161210709e-10, 2.61374533128e-10, 1.5692902533e-10, 1.0058376354e-10, 8.8930203479e-11, 5.56451967837e-11, 4.90101015327e-11, 5.22241937195e-11, 5.67689749376e-11, 5.23762005988e-11, 8.02062444238e-11, 4.80621827059e-11, 1.50375926988e-11, 1.2107251833e-11, 1.19655301292e-11, 6.94063036211e-12, 4.45719286132e-12, 2.70202718707e-12], "median": [0.00244766240939, 0.0021091052331, 0.000527890224475, 0.000175228546141, 0.000169483493664, 0.000200277601834, 0.000209965757676, 0.000117531584692, 8.39961576276e-05, 7.50246254029e-05, 7.8168392065e-05, 6.81871169945e-05, 3.20095277857e-05, 3.36278171744e-05, 2.53631187661e-05, 2.11512560782e-05, 1.53339678945e-05, 1.29215586639e-05, 1.34755955514e-05, 8.21517096483e-06, 7.13438248567e-06, 6.1370401454e-06, 4.29783949585e-06, 1.91257322513e-06, 1.31599267661e-06, 9.08149615952e-07, 1.00784018287e-06, 7.67439701121e-07, 7.80987079452e-07, 7.98836367721e-07, 6.87672240929e-07, 6.61158196635e-07, 7.01284761817e-07, 4.93756942888e-07, 4.62199295725e-07, 4.48846037671e-07, 3.68753489965e-07, 3.1161005154e-07, 3.32752676968e-07, 2.79893470179e-07], "max": [0.0163420028985, 0.0360252894461, 0.0158016961068, 0.00808538682759, 0.00480888504535, 0.00777517445385, 0.0113818813115, 0.0127486446872, 0.00880227982998, 0.00770311662927, 0.00838517025113, 0.00761681608856, 0.00235833530314, 0.00200881855562, 0.00152687600348, 0.00190127710812, 0.00189524062444, 0.000590950250626, 0.000804221723229, 0.000608162314165, 0.000324203399941, 0.000445075740572, 0.000491708691698, 0.000220456175157, 0.000149949089973, 0.000112880719826, 0.000123725563753, 9.93837675196e-05, 5.97994730924e-05, 6.85879276716e-05, 7.09661544533e-05, 7.09931846359e-05, 8.08443728602e-05, 6.14381133346e-05, 3.41261620633e-05, 3.43583560607e-05, 4.76412751595e-05, 2.46397012234e-05, 1.45583917401e-05, 1.02020994746e-05], "dmean": [0.00133209314663, 0.0014074415667, 0.000637067249045, 0.000277762912447, 0.000157260554261, 0.000172118321643, 0.000216709682718, 0.000140111558721, 0.000108208718302, 7.8891076555e-05, 0.000100742348877, 8.80060542841e-05, 4.35879810539e-05, 4.84215415781e-05, 3.80552119168e-05, 4.01205652452e-05, 2.49659806286e-05, 2.13643234019e-05, 2.66822680715e-05, 1.71301780938e-05, 1.27761213662e-05, 1.28759083964e-05, 9.08931178856e-06, 6.58373392071e-06, 5.18267643201e-06, 3.76507364308e-06, 3.54524604518e-06, 2.64900972979e-06, 2.39444284489e-06, 2.47428761213e-06, 2.33038804254e-06, 2.28121325563e-06, 2.84416228169e-06, 2.16105854633e-06, 1.32539764763e-06, 1.261745183e-06, 1.19132494092e-06, 9.94720153358e-07, 7.86314444667e-07, 6.50043148198e-07], "dmean2": [0.00195074139629, 0.00218234048225, 0.00106077059172, 0.000456550682429, 0.000250421231613, 0.000261194014456, 0.000332354218699, 0.000213887906284, 0.000155760833877, 0.00011950746557, 0.0001474704477, 0.000131553548272, 6.46428670734e-05, 7.35285721021e-05, 5.92095748289e-05, 6.18712074356e-05, 3.96196010115e-05, 3.34131109412e-05, 4.07027546316e-05, 2.72378292721e-05, 1.99374189833e-05, 1.98666530196e-05, 1.46230340761e-05, 1.10769051389e-05, 8.69390078151e-06, 6.05895547778e-06, 5.78714252697e-06, 4.21617914981e-06, 3.70602901967e-06, 3.81539166483e-06, 3.32138506565e-06, 3.21199763675e-06, 4.27566374128e-06, 3.30366879098e-06, 1.92901347873e-06, 1.86647275768e-06, 1.81632208296e-06, 1.47447940435e-06, 1.12353313853e-06, 9.54207848736e-07], "mean": [0.00412594107911, 0.00364573183469, 0.000981086166576, 0.000374377210392, 0.000331156712491, 0.000457684334833, 0.000593473494519, 0.000380387442419, 0.000268071307801, 0.000192512365174, 0.000284820329398, 0.000200024951482, 9.16233839234e-05, 9.84450962278e-05, 7.58106180001e-05, 7.17929797247e-05, 4.61907038698e-05, 3.6064095184e-05, 4.69843544124e-05, 2.82216460619e-05, 1.95166558115e-05, 1.94067597477e-05, 1.28283381855e-05, 7.57702309784e-06, 6.03847183811e-06, 4.70632767247e-06, 4.91292985316e-06, 3.55610632141e-06, 3.55038696398e-06, 3.56845316674e-06, 3.45222292708e-06, 3.5791672417e-06, 3.87121099266e-06, 2.8623903745e-06, 1.92832840185e-06, 1.86926001788e-06, 1.63399124631e-06, 1.46659795064e-06, 1.25187659705e-06, 1.03864203993e-06], "dvar2": [8.63497825776e-06, 1.35841755764e-05, 5.5435343711e-06, 1.10277449039e-06, 1.97684130399e-07, 1.76904862315e-07, 3.86850672385e-07, 1.59373357178e-07, 7.73358834749e-08, 5.75056624541e-08, 8.70315801649e-08, 7.67426087123e-08, 1.50206389549e-08, 2.30188224037e-08, 1.37174254178e-08, 1.9263836748e-08, 7.09383130015e-09, 3.87427645521e-09, 5.7927485031e-09, 2.96788615906e-09, 1.16288212393e-09, 1.35274880186e-09, 8.96521135108e-10, 8.95550578139e-10, 4.68310112911e-10, 2.47050685465e-10, 2.35017505457e-10, 1.10412443077e-10, 6.74657205102e-11, 7.09807698729e-11, 6.22040266518e-11, 4.7608257614e-11, 1.00165792327e-10, 5.55768799038e-11, 1.36860462199e-11, 1.59553863177e-11, 2.41558145014e-11, 8.94058611867e-12, 4.22809920755e-12, 2.6508285584e-12], "min": [2.27303832734e-23, 4.77259837917e-23, 2.27929099665e-23, 8.48811336346e-24, 4.16147635559e-24, 6.97760644645e-24, 6.69502621501e-24, 9.64044745279e-24, 1.19507812305e-23, 4.3218683437e-24, 5.54751048809e-24, 7.70510107299e-24, 8.10787057423e-24, 6.10717890135e-24, 1.05906035919e-23, 3.789844772e-24, 8.75205281172e-24, 8.43754106855e-24, 1.3466100199e-23, 2.03342135407e-23, 2.4155345325e-23, 1.11223131969e-23, 1.11856366395e-23, 8.6666207534e-24, 1.13345980331e-23, 1.32223516456e-23, 1.97991276109e-23, 1.62426807484e-23, 7.06551789459e-24, 9.74868784646e-24, 9.2315469246e-24, 8.54157762245e-24, 8.65001838679e-24, 9.80123150477e-24, 1.13330392439e-23, 1.14507696343e-23, 1.49117966706e-23, 1.25784470872e-23, 9.17322722673e-24, 1.10839998005e-23]}, "spectral_decrease": {"dvar": 1.21485055259e-17, "var": 5.0622311979e-17, "median": -9.22554121985e-09, "max": -1.55429901157e-28, "dmean": 2.41205588836e-09, "dmean2": 3.57596485756e-09, "mean": -9.73660885251e-09, "dvar2": 2.42090949876e-17, "min": -3.73590012259e-08}, "barkbands_kurtosis": {"dvar": 97.726234436, "var": 204.784393311, "median": 2.33117699623, "max": 246.521316528, "dmean": 4.11056900024, "dmean2": 6.2249341011, "mean": 6.85451936722, "dvar2": 210.415985107, "min": -1.88049805164}, "silence_rate_30dB": {"dvar": 0.0041366238147, "var": 0.00425043469295, "median": 1, "max": 1, "dmean": 0.00415368657559, "dmean2": 0.00830833148211, "mean": 0.995731413364, "dvar2": 0.0107777621597, "min": 0}, "gfcc": {"mean": [-31.431634903, 109.445304871, -96.8803710938, 2.72683978081, -44.3867492676, 14.6183223724, -30.6298446655, 8.23107814789, -14.532491684, 3.85982966423, -14.3695278168, 2.35383987427, -8.50590610504], "cov": [[21922.0605469, -5121.40185547, 127.569534302, 1687.29272461, -119.181144714, 1479.95397949, 10.718952179, 1080.53588867, -187.620223999, 917.519592285, -707.090942383, 585.218322754, -454.864898682], [-5121.40185547, 6010.00976562, -539.766845703, -1354.33776855, 513.749633789, -833.318725586, 274.879058838, -572.891601562, 346.909454346, -536.214233398, 697.88293457, -425.616973877, 287.567565918], [127.569534302, -539.766845703, 1085.57763672, 463.147399902, 229.525741577, 368.7237854, 190.164001465, 250.814239502, 52.3896369934, 125.073249817, -103.437995911, 73.1686019897, -42.2997779846], [1687.29272461, -1354.33776855, 463.147399902, 1116.14465332, 1.60159754753, 424.290313721, 65.2060012817, 259.698303223, -35.6250457764, 141.414123535, -180.130462646, 83.3702926636, -84.9793319702], [-119.181144714, 513.749633789, 229.525741577, 1.60159754753, 426.088256836, 130.510009766, 140.342727661, 90.9132461548, 106.183197021, 22.4359207153, 31.9947795868, -3.4254128933, 1.22649884224], [1479.95397949, -833.318725586, 368.7237854, 424.290313721, 130.510009766, 442.4949646, 115.153930664, 225.336990356, 7.30343437195, 147.596694946, -125.879486084, 89.9017791748, -60.2153816223], [10.718952179, 274.879058838, 190.164001465, 65.2060012817, 140.342727661, 115.153930664, 213.534103394, 96.6881027222, 66.1316680908, 6.67452955246, 39.6130104065, -4.38883066177, 7.36572360992], [1080.53588867, -572.891601562, 250.814239502, 259.698303223, 90.9132461548, 225.336990356, 96.6881027222, 241.996627808, 39.4804496765, 107.865371704, -88.2392730713, 71.2656555176, -50.7810668945], [-187.620223999, 346.909454346, 52.3896369934, -35.6250457764, 106.183197021, 7.30343437195, 66.1316680908, 39.4804496765, 112.381317139, 16.4614334106, 42.3983154297, -18.665555954, 12.6234045029], [917.519592285, -536.214233398, 125.073249817, 141.414123535, 22.4359207153, 147.596694946, 6.67452955246, 107.865371704, 16.4614334106, 145.650588989, -36.8199195862, 60.8965110779, -38.3751869202], [-707.090942383, 697.88293457, -103.437995911, -180.130462646, 31.9947795868, -125.879486084, 39.6130104065, -88.2392730713, 42.3983154297, -36.8199195862, 151.045959473, -32.4859886169, 46.298664093], [585.218322754, -425.616973877, 73.1686019897, 83.3702926636, -3.4254128933, 89.9017791748, -4.38883066177, 71.2656555176, -18.665555954, 60.8965110779, -32.4859886169, 91.5007629395, -3.59650111198], [-454.864898682, 287.567565918, -42.2997779846, -84.9793319702, 1.22649884224, -60.2153816223, 7.36572360992, -50.7810668945, 12.6234045029, -38.3751869202, 46.298664093, -3.59650111198, 62.6618003845]], "icov": [[9.18460355024e-05, -8.94728364074e-05, 0.00014891839237, -5.71838936594e-05, 8.15495004645e-05, -0.000103494050563, -7.54688735469e-05, -0.000138838528073, 0.000210705926293, -0.000503834278788, 0.000383689039154, -0.000337312580086, 0.000241747839027], [-8.94728364074e-05, 0.00124130921904, -0.000223853072384, 0.000462270341814, -0.000944436585996, -0.000104827413452, 0.000273272104096, 5.25389477843e-05, -0.00155962991994, 0.00307105272077, -0.0037095376756, 0.0024307325948, -0.000866775633767], [0.00014891839237, -0.000223853072384, 0.00177538546268, -0.000451722240541, -0.000293830235023, -0.000315204903018, -0.00113130430691, -0.000192020946997, 0.000426164653618, -0.00151331454981, 0.00168919272255, -0.000911591982003, 6.13570664427e-05], [-5.71838936594e-05, 0.000462270341814, -0.000451722240541, 0.00185821764171, 0.000184464253834, -0.0014654523693, 0.000763471995015, -0.00111227238085, -0.000124826226966, 0.00162720307708, -0.00167390750721, 0.00181684654672, -0.000361680577043], [8.15495004645e-05, -0.000944436585996, -0.000293830235023, 0.000184464253834, 0.00474850740284, -0.00173099187668, -0.000412223627791, -0.000431302411016, -0.00169157609344, -0.000801790680271, 0.00160202197731, -0.00183754938189, 0.00148116308264], [-0.000103494050563, -0.000104827413452, -0.000315204903018, -0.0014654523693, -0.00173099187668, 0.0091868583113, -0.00486995466053, 0.00107691157609, 0.00160730211064, -0.00541600817814, 0.0057205981575, -0.00244515901431, -0.000170860817889], [-7.54688735469e-05, 0.000273272104096, -0.00113130430691, 0.000763471995015, -0.000412223627791, -0.00486995466053, 0.0137577699497, -0.00808955915272, -0.000792030710727, 0.00675264140591, -0.0100379902869, 0.0053806793876, -0.00235439627431], [-0.000138838528073, 5.25389477843e-05, -0.000192020946997, -0.00111227238085, -0.000431302411016, 0.00107691157609, -0.00808955915272, 0.0189138874412, -0.00742341345176, -0.00344787025824, 0.00892588496208, -0.00968260597438, 0.00666818860918], [0.000210705926293, -0.00155962991994, 0.000426164653618, -0.000124826226966, -0.00169157609344, 0.00160730211064, -0.000792030710727, -0.00742341345176, 0.0210698787123, -0.00923771597445, 0.000698902003933, 0.00574490707368, -0.00562838185579], [-0.000503834278788, 0.00307105272077, -0.00151331454981, 0.00162720307708, -0.000801790680271, -0.00541600817814, 0.00675264140591, -0.00344787025824, -0.00923771597445, 0.0272320974618, -0.0160996206105, 1.15758821266e-05, 0.00509188510478], [0.000383689039154, -0.0037095376756, 0.00168919272255, -0.00167390750721, 0.00160202197731, 0.0057205981575, -0.0100379902869, 0.00892588496208, 0.000698902003933, -0.0160996206105, 0.0308074895293, -0.0107658561319, -0.000822399684694], [-0.000337312580086, 0.0024307325948, -0.000911591982003, 0.00181684654672, -0.00183754938189, -0.00244515901431, 0.0053806793876, -0.00968260597438, 0.00574490707368, 1.15758821266e-05, -0.0107658561319, 0.0303911305964, -0.0139995170757], [0.000241747839027, -0.000866775633767, 6.13570664427e-05, -0.000361680577043, 0.00148116308264, -0.000170860817889, -0.00235439627431, 0.00666818860918, -0.00562838185579, 0.00509188510478, -0.000822399684694, -0.0139995170757, 0.0307860895991]]}, "silence_rate_20dB": {"dvar": 0, "var": 0, "median": 1, "max": 1, "dmean": 0, "dmean2": 0, "mean": 1, "dvar2": 0, "min": 1}, "barkbands_skewness": {"dvar": 0.608840584755, "var": 2.57616233826, "median": 1.50512826443, "max": 13.018445015, "dmean": 0.593872368336, "dmean2": 0.873677551746, "mean": 1.83967411518, "dvar2": 1.20581519604, "min": -2.50835990906}, "erbbands_skewness": {"dvar": 0.100711554289, "var": 0.457047134638, "median": 0.317052781582, "max": 3.26572871208, "dmean": 0.338784396648, "dmean2": 0.494570076466, "mean": 0.341730386019, "dvar2": 0.218847498298, "min": -2.79515647888}, "spectral_contrast_valleys": {"dvar": [0.289043694735, 0.129465922713, 0.104908749461, 0.117662705481, 0.168124735355, 0.213613674045], "var": [2.48206210136, 1.61526012421, 1.53785204887, 1.92758858204, 2.79071450233, 4.22638750076], "median": [-6.7914223671, -6.56963586807, -7.18689441681, -7.7158908844, -7.99088096619, -9.88227844238], "max": [-5.29677200317, -4.70104789734, -5.1968536377, -5.77976322174, -5.64008760452, -7.81966304779], "dmean": [0.483975857496, 0.360395371914, 0.327292889357, 0.322310209274, 0.327092856169, 0.401248961687], "dmean2": [0.717745482922, 0.563765645027, 0.50744920969, 0.481177896261, 0.470824927092, 0.542825460434], "mean": [-7.3145532608, -6.771733284, -7.31447410583, -7.93990182877, -8.43791484833, -10.72270298], "dvar2": [0.478453546762, 0.286126673222, 0.20987303555, 0.237097874284, 0.340866088867, 0.424328297377], "min": [-27.0773544312, -27.8227729797, -26.9535579681, -27.0989761353, -27.2404994965, -27.3604831696]}, "spectral_strongpeak": {"dvar": 0.441149324179, "var": 1.1728528738, "median": 0.41099986434, "max": 6.95464324951, "dmean": 0.319601774216, "dmean2": 0.542729437351, "mean": 0.821552395821, "dvar2": 1.01573014259, "min": 0}, "erbbands_crest": {"dvar": 3.38933706284, "var": 17.823179245, "median": 7.68253040314, "max": 26.8163375854, "dmean": 1.97871780396, "dmean2": 3.07245898247, "mean": 8.65127658844, "dvar2": 8.18453598022, "min": 2.18935704231}, "barkbands_crest": {"dvar": 6.26808309555, "var": 21.9726085663, "median": 11.0128555298, "max": 23.9957866669, "dmean": 2.26524281502, "dmean2": 3.53500628471, "mean": 11.5077314377, "dvar2": 13.4542541504, "min": 2.00418233871}, "spectral_energyband_middle_low": {"dvar": 4.50062798336e-05, "var": 0.000152295353473, "median": 0.00836210697889, "max": 0.0904089808464, "dmean": 0.00392128573731, "dmean2": 0.00616455730051, "mean": 0.0122964214534, "dvar2": 0.000116708179121, "min": 2.50588494923e-22}, "spectral_contrast_coeffs": {"dvar": [0.00186264549848, 0.00121347932145, 0.000871568452567, 0.000631888920907, 0.0004317247367, 0.000225382056669], "var": [0.00664058467373, 0.00660587102175, 0.00570434890687, 0.00352225801907, 0.0018092545215, 0.00149170146324], "median": [-0.674269080162, -0.725589811802, -0.759496033192, -0.784389019012, -0.796370387077, -0.801070094109], "max": [-0.333664208651, -0.394197285175, -0.464248716831, -0.549714684486, -0.598174571991, -0.65335392952], "dmean": [0.0489707998931, 0.0423318147659, 0.0360691770911, 0.0292172171175, 0.0224981382489, 0.0160997379571], "dmean2": [0.0803250968456, 0.0681764483452, 0.0569760091603, 0.0455865636468, 0.0360808894038, 0.025256305933], "mean": [-0.663587331772, -0.718326449394, -0.751053750515, -0.778752326965, -0.795084655285, -0.798323154449], "dvar2": [0.00463737780228, 0.00315303984098, 0.00213793385774, 0.0014749787515, 0.000986662809737, 0.000505465781316], "min": [-0.965768098831, -0.954590559006, -0.966432929039, -0.97022151947, -0.961247444153, -0.957568764687]}, "hfc": {"dvar": 137.762680054, "var": 430.558837891, "median": 16.4999198914, "max": 145.285247803, "dmean": 7.81334924698, "dmean2": 10.8378829956, "mean": 22.4855308533, "dvar2": 292.906616211, "min": 1.14816824778e-16}, "spectral_energyband_high": {"dvar": 1.14025556286e-06, "var": 2.46130093728e-06, "median": 0.000283297151327, "max": 0.0106719853356, "dmean": 0.000576426566113, "dmean2": 0.000790012534708, "mean": 0.00094200699823, "dvar2": 2.14718625102e-06, "min": 7.91112064333e-21}, "erbbands_spread": {"dvar": 118.175346375, "var": 610.413269043, "median": 27.7109870911, "max": 147.86618042, "dmean": 8.53409481049, "dmean2": 12.0995931625, "mean": 35.0256347656, "dvar2": 236.353240967, "min": 2.72751498222}, "dissonance": {"dvar": 0.000482761737658, "var": 0.00208978820592, "median": 0.462624341249, "max": 0.500000059605, "dmean": 0.0213841143996, "dmean2": 0.0356216467917, "mean": 0.448216855526, "dvar2": 0.00130798248574, "min": 0.207554504275}, "spectral_kurtosis": {"dvar": 180.453475952, "var": 1100.13378906, "median": 5.95063400269, "max": 191.699432373, "dmean": 6.6930565834, "dmean2": 11.4431695938, "mean": 20.4671649933, "dvar2": 546.657592773, "min": -1.22853422165}, "spectral_skewness": {"dvar": 0.507380902767, "var": 4.02848863602, "median": 2.03923583031, "max": 10.8999948502, "dmean": 0.504720389843, "dmean2": 0.822534143925, "mean": 2.76360797882, "dvar2": 1.5448679924, "min": -0.0290338397026}, "pitch_salience": {"dvar": 0.00525918463245, "var": 0.0185182578862, "median": 0.524386882782, "max": 0.874889731407, "dmean": 0.0676451846957, "dmean2": 0.104830875993, "mean": 0.52200961113, "dvar2": 0.0120456116274, "min": 0.0885244309902}, "spectral_complexity": {"dvar": 29.289932251, "var": 115.477607727, "median": 16, "max": 59, "dmean": 3.93677163124, "dmean2": 5.72697877884, "mean": 17.6320953369, "dvar2": 52.3488349915, "min": 0}, "spectral_spread": {"dvar": 1054621106180.0, "var": 7779574087680.0, "median": 4829879, "max": 41021424, "dmean": 838961, "dmean2": 1143684.75, "mean": 4736698.5, "dvar2": 1812031209470.0, "min": 445995.625}, "dynamic_complexity": 3.53258299828, "melbands_crest": {"dvar": 8.49668598175, "var": 28.6947460175, "median": 15.1146821976, "max": 30.7571620941, "dmean": 2.61141061783, "dmean2": 4.18464803696, "mean": 15.035738945, "dvar2": 19.4160919189, "min": 1.64036035538}, "zerocrossingrate": {"dvar": 0.00041310704546, "var": 0.00406526913866, "median": 0.0419921875, "max": 0.568359375, "dmean": 0.014198240824, "dmean2": 0.0148935355246, "mean": 0.0607787929475, "dvar2": 0.000416974595282, "min": 0.00244140625}, "spectral_energyband_low": {"dvar": 0.000131886117742, "var": 0.000475315493532, "median": 0.0142137631774, "max": 0.127025738358, "dmean": 0.00699162157252, "dmean2": 0.01040735282, "mean": 0.0213000439107, "dvar2": 0.000255431601545, "min": 2.26965076929e-22}, "melbands_kurtosis": {"dvar": 525.850341797, "var": 1327.33178711, "median": 6.80624437332, "max": 385.84387207, "dmean": 10.158823967, "dmean2": 15.3938579559, "mean": 19.5485153198, "dvar2": 1123.05126953, "min": -1.74002027512}, "spectral_energyband_middle_high": {"dvar": 7.30010242478e-06, "var": 4.66902856715e-05, "median": 0.00343381101266, "max": 0.0581665150821, "dmean": 0.00181345758028, "dmean2": 0.00257116067223, "mean": 0.00580563163385, "dvar2": 1.5595674995e-05, "min": 1.85300190413e-21}, "barkbands_spread": {"dvar": 82.8741912842, "var": 236.585479736, "median": 14.7375001907, "max": 133.281539917, "dmean": 6.12951087952, "dmean2": 9.37339401245, "mean": 18.902715683, "dvar2": 194.20501709, "min": 0.807844340801}, "mfcc": {"mean": [-679.576599121, 150.894226074, 7.57828617096, 2.89718437195, 7.69711256027, 6.27967166901, -1.82268571854, 4.9055814743, 5.04970741272, 1.67716729641, 1.6398665905, 2.16958832741, 2.28145456314], "cov": [[14203.5449219, -3751.90991211, -409.789916992, 618.473144531, 122.859550476, 681.489685059, 260.527282715, 437.739898682, 568.956176758, 309.957366943, 216.793869019, 290.867553711, 167.731002808], [-3751.90991211, 5145.50683594, -414.474243164, -621.81842041, 97.3473052979, -380.501861572, -33.7498245239, -125.47026062, -333.106658936, -33.9657859802, 92.5058059692, -65.4706573486, 12.1146173477], [-409.789916992, -414.474243164, 821.122070312, 276.472320557, 121.765319824, 189.461364746, 141.709197998, 152.533172607, 155.513397217, 71.0862426758, 42.4778633118, 53.7355804443, 23.0467815399], [618.473144531, -621.81842041, 276.472320557, 481.200561523, 134.888595581, 173.047286987, 94.8143157959, 127.494880676, 104.134056091, 86.087638855, 34.2567138672, 28.3047504425, 13.4997501373], [122.859550476, 97.3473052979, 121.765319824, 134.888595581, 266.208648682, 148.400115967, 78.8312606812, 98.6890869141, 108.830482483, 61.4761962891, 53.0206069946, 44.4635162354, 23.6665325165], [681.489685059, -380.501861572, 189.461364746, 173.047286987, 148.400115967, 247.252227783, 128.86328125, 116.711906433, 125.830986023, 73.4648513794, 44.7228317261, 52.6147880554, 29.490562439], [260.527282715, -33.7498245239, 141.709197998, 94.8143157959, 78.8312606812, 128.86328125, 155.947784424, 117.50843811, 79.0138702393, 57.7195358276, 48.7136421204, 34.7724571228, 22.3243274689], [437.739898682, -125.47026062, 152.533172607, 127.494880676, 98.6890869141, 116.711906433, 117.50843811, 180.570083618, 137.597320557, 62.900844574, 48.499797821, 49.6596984863, 28.7885684967], [568.956176758, -333.106658936, 155.513397217, 104.134056091, 108.830482483, 125.830986023, 79.0138702393, 137.597320557, 184.886352539, 79.9460754395, 42.6014862061, 57.9751358032, 30.1017742157], [309.957366943, -33.9657859802, 71.0862426758, 86.087638855, 61.4761962891, 73.4648513794, 57.7195358276, 62.900844574, 79.9460754395, 97.8588790894, 57.9057846069, 29.8394584656, 21.4622936249], [216.793869019, 92.5058059692, 42.4778633118, 34.2567138672, 53.0206069946, 44.7228317261, 48.7136421204, 48.499797821, 42.6014862061, 57.9057846069, 79.0026779175, 45.5772590637, 22.2742271423], [290.867553711, -65.4706573486, 53.7355804443, 28.3047504425, 44.4635162354, 52.6147880554, 34.7724571228, 49.6596984863, 57.9751358032, 29.8394584656, 45.5772590637, 76.3955917358, 40.7166442871], [167.731002808, 12.1146173477, 23.0467815399, 13.4997501373, 23.6665325165, 29.490562439, 22.3243274689, 28.7885684967, 30.1017742157, 21.4622936249, 22.2742271423, 40.7166442871, 58.8953132629]], "icov": [[0.000126503233332, 6.81865785737e-05, 0.000222419635975, -6.51922891848e-05, 0.000183785625268, -0.000318954465911, 0.000118679694424, -0.000149350031279, -0.000149613028043, 1.65976634889e-05, -0.000317274214467, -4.37967646576e-05, -0.000111828070658], [6.81865785737e-05, 0.000468450394692, 3.53339055437e-05, 0.000641431077383, -0.000873603217769, 0.000661430007312, -0.000172028056113, -0.000927889836021, 0.00157082441729, -0.0