{"tonal": {"hpcp": {"dvar": [0.0232176613063, 0.0141874589026, 0.0142351556569, 0.0183360166848, 0.0161433666945, 0.0230515301228, 0.0434138663113, 0.0214042626321, 0.0113766258582, 0.0155033627525, 0.0149056715891, 0.0206425841898, 0.0341392867267, 0.0234340149909, 0.0163708589971, 0.0171134825796, 0.0223441217095, 0.0296537596732, 0.0370650440454, 0.0304260775447, 0.0322260409594, 0.0466012917459, 0.0297194756567, 0.0441767796874, 0.0309679824859, 0.0206601005048, 0.0283949840814, 0.0312715992332, 0.0277577601373, 0.037521045655, 0.038720946759, 0.0261637140065, 0.0282727405429, 0.0353658795357, 0.0249847024679, 0.0218858551234], "var": [0.0758525282145, 0.0223255287856, 0.0281080659479, 0.0649455040693, 0.0255724713206, 0.051300264895, 0.142730101943, 0.0503730326891, 0.0114749399945, 0.022223148495, 0.016558336094, 0.044933617115, 0.100079275668, 0.0388227924705, 0.0176480617374, 0.0248911678791, 0.0190877113491, 0.0428782962263, 0.0827485918999, 0.0418318994343, 0.0640165582299, 0.140626937151, 0.0584697835147, 0.0394630692899, 0.0273600444198, 0.015026432462, 0.0382010526955, 0.0674784705043, 0.0352356396616, 0.029178025201, 0.0313683412969, 0.0209612436593, 0.0450582541525, 0.0798017084599, 0.0371506810188, 0.0501437671483], "median": [0.0208098590374, 0.020557411015, 0.019459400326, 0.0179532747716, 0.0238496791571, 0.124367006123, 0.21543109417, 0.124197222292, 0.0194939170033, 0.0167354699224, 0.0239959806204, 0.0607334151864, 0.0868659093976, 0.0691819787025, 0.0239672251046, 0.0170111488551, 0.0172969345003, 0.0321808792651, 0.0350785106421, 0.0375360846519, 0.146266624331, 0.246519878507, 0.15688662231, 0.0322619304061, 0.0220297724009, 0.0159822329879, 0.0386283993721, 0.0620103776455, 0.0506043545902, 0.0223858412355, 0.0180522277951, 0.0258683431894, 0.0842439010739, 0.121086478233, 0.0768496915698, 0.0275487992913], "max": [1, 1, 1, 1, 1, 1, 1, 1, 1, 1, 1, 1, 1, 1, 1, 1, 1, 1, 1, 1, 1, 1, 1, 1, 1, 1, 1, 1, 1, 1, 1, 1, 1, 1, 1, 1], "dmean": [0.0724869519472, 0.0608276724815, 0.0600641742349, 0.0637550652027, 0.0694999471307, 0.113532349467, 0.146071702242, 0.111638396978, 0.0504778288305, 0.0527515485883, 0.0628568232059, 0.0929959639907, 0.117844238877, 0.100003674626, 0.0609663724899, 0.0562772452831, 0.0666180551052, 0.0911694839597, 0.106092467904, 0.101612985134, 0.135515138507, 0.158837363124, 0.136007845402, 0.116207778454, 0.0910828709602, 0.0636523514986, 0.0900079980493, 0.103590734303, 0.0968615338206, 0.0960137844086, 0.0933590456843, 0.0837847590446, 0.114033490419, 0.132070273161, 0.104039676487, 0.0781640633941], "dmean2": [0.122277162969, 0.105069331825, 0.103574559093, 0.109278619289, 0.121300548315, 0.188288927078, 0.242333009839, 0.184698477387, 0.0889810547233, 0.0928790345788, 0.110193945467, 0.152924001217, 0.193202644587, 0.169876351953, 0.106067508459, 0.098714210093, 0.118770755827, 0.157118082047, 0.180784925818, 0.175646588206, 0.229587957263, 0.265623986721, 0.228502482176, 0.207742422819, 0.160366430879, 0.114272736013, 0.152390599251, 0.172149121761, 0.165548220277, 0.172261714935, 0.166691124439, 0.148249909282, 0.191411748528, 0.216951206326, 0.171934142709, 0.132850304246], "mean": [0.141862288117, 0.0845145508647, 0.0891975462437, 0.123895153403, 0.0927727147937, 0.221167832613, 0.383299976587, 0.220465198159, 0.054596632719, 0.0634162425995, 0.0698381364346, 0.155439287424, 0.24141278863, 0.15410913527, 0.0680051073432, 0.0666398778558, 0.0653369948268, 0.123991034925, 0.177704200149, 0.132379189134, 0.246639251709, 0.395220130682, 0.242976337671, 0.110423006117, 0.0859138593078, 0.0550218746066, 0.116941183805, 0.175438836217, 0.1265014112, 0.0821225941181, 0.0795812830329, 0.0773688703775, 0.170999497175, 0.239808216691, 0.153542622924, 0.125700041652], "dvar2": [0.0551339462399, 0.0392771400511, 0.0396739393473, 0.0456002466381, 0.0444293878973, 0.0587079934776, 0.0981504693627, 0.0538692437112, 0.0308649111539, 0.0416099540889, 0.0412392616272, 0.0512213967741, 0.0755700543523, 0.062185190618, 0.0441531278193, 0.0436399281025, 0.0631019845605, 0.0780575051904, 0.0873963683844, 0.0798183903098, 0.0844598412514, 0.104667402804, 0.0771496668458, 0.120298236609, 0.0839936286211, 0.0588362142444, 0.0746698975563, 0.0717603564262, 0.0713960453868, 0.102273516357, 0.102254457772, 0.0721124261618, 0.0723556429148, 0.08128246665, 0.063776999712, 0.054642431438], "min": [0, 0, 0, 0, 0, 0, 0, 0, 0, 0, 0, 0, 0, 0, 0, 0, 0, 0, 0, 0, 0, 0, 0, 0, 0, 0, 0, 0, 0, 0, 0, 0, 0, 0, 0, 0]}, "key_key": "E", "thpcp": [1, 0.614787340164, 0.279396206141, 0.21738229692, 0.139218300581, 0.295888721943, 0.443901568651, 0.320078372955, 0.207789495587, 0.201359391212, 0.195761457086, 0.432668983936, 0.606771230698, 0.388498991728, 0.318050712347, 0.35894498229, 0.213841721416, 0.225690796971, 0.313483923674, 0.234736815095, 0.559606671333, 0.969839215279, 0.557828843594, 0.138142332435, 0.160458028316, 0.176706925035, 0.393298000097, 0.610831201077, 0.389932394028, 0.172068938613, 0.168614581227, 0.165317982435, 0.313726514578, 0.449633479118, 0.334950536489, 0.62405538559], "chords_key": "E", "tuning_equal_tempered_deviation": 0.00916299503297, "tuning_frequency": 440, "tuning_diatonic_strength": 0.609033286572, "chords_histogram": [29.7600364685, 11.0562906265, 5.58421182632, 0.358824849129, 4.30589818954, 0.156985864043, 0.0224265530705, 0, 0, 0.269118636847, 0.0448531061411, 0, 0, 0, 0, 6.4588470459, 0, 4.55259037018, 0, 2.98273158073, 0, 1.6371383667, 13.7923297882, 19.0177173615], "key_strength": 0.869708001614, "key_scale": "major", "chords_strength": {"dvar": 0.000521753041539, "var": 0.0309935957193, "median": 0.51185387373, "max": 0.775668263435, "dmean": 0.00890653580427, "dmean2": 0.00768104381859, "mean": 0.49649348855, "dvar2": 0.00104252947494, "min": -1}, "chords_number_rate": 0.00224265526049, "tuning_nontempered_energy_ratio": 0.61341547966, "hpcp_entropy": {"dvar": 0.23418071866, "var": 0.546166837215, "median": 1.74993216991, "max": 4.39752101898, "dmean": 0.531408786774, "dmean2": 0.880141496658, "mean": 1.72177743912, "dvar2": 0.594012498856, "min": 0}, "chords_changes_rate": 0.0444045737386, "chords_scale": "major"}, "rhythm": {"bpm_histogram_first_peak_spread": {"dvar": 0, "var": 0, "median": 0.327548801899, "max": 0.327548801899, "dmean": 0, "dmean2": 0, "mean": 0.327548801899, "dvar2": 0, "min": 0.327548801899}, "bpm_histogram_first_peak_weight": {"dvar": 0, "var": 0, "median": 0.640495896339, "max": 0.640495896339, "dmean": 0, "dmean2": 0, "mean": 0.640495896339, "dvar2": 0, "min": 0.640495896339}, "bpm_histogram_first_peak_bpm": {"dvar": 0, "var": 0, "median": 140, "max": 140, "dmean": 0, "dmean2": 0, "mean": 140, "dvar2": 0, "min": 140}, "bpm": 140.535858154, "bpm_histogram_second_peak_weight": {"dvar": 0, "var": 0, "median": 0.012396694161, "max": 0.012396694161, "dmean": 0, "dmean2": 0, "mean": 0.012396694161, "dvar2": 0, "min": 0.012396694161}, "beats_loudness": {"dvar": 0.000149265004438, "var": 0.000275238242466, "median": 0.0417706854641, "max": 0.121841832995, "dmean": 0.0130836069584, "dmean2": 0.0227946918458, "mean": 0.0417501851916, "dvar2": 0.000426993676228, "min": 0}, "beats_loudness_band_ratio": {"dvar": [0.021786250174, 0.00938515271991, 0.0115206865594, 0.00725895399228, 0.00449377857149, 0.0015177980531], "var": [0.0316944681108, 0.0144731234759, 0.0210817027837, 0.0109604438767, 0.00463692145422, 0.00161275628489], "median": [0.33911934495, 0.143934503198, 0.23761600256, 0.121127687395, 0.0486229173839, 0.0488417185843], "max": [0.885050654411, 0.562027096748, 0.784184753895, 0.637481749058, 0.550150990486, 0.323602765799], "dmean": [0.17602071166, 0.136250272393, 0.131551712751, 0.0918920040131, 0.0535624325275, 0.0401976071298], "dmean2": [0.320406496525, 0.255851149559, 0.224105030298, 0.156787276268, 0.0918618440628, 0.0744938328862], "mean": [0.355663210154, 0.169338330626, 0.255643904209, 0.14768949151, 0.0682289972901, 0.0549098588526], "dvar2": [0.0668540000916, 0.0297282133251, 0.0340414345264, 0.0211108978838, 0.0119051188231, 0.00445595663041], "min": [0, 0, 0, 0, 0, 0]}, "bpm_histogram_second_peak_bpm": {"dvar": 0, "var": 0, "median": 172, "max": 172, "dmean": 0, "dmean2": 0, "mean": 172, "dvar2": 0, "min": 172}, "onset_rate": 4.12065553665, "beats_count": 485, "beats_position": [0.383129239082, 0.789478421211, 1.21904754639, 1.64861679077, 2.06657600403, 2.48453521729, 2.91410422325, 3.34367346764, 3.76163268089, 4.19120168686, 4.62077093124, 5.06195020676, 5.47990942001, 5.89786815643, 6.32743740082, 6.7570066452, 7.18657588959, 7.61614513397, 8.04571437836, 8.47528362274, 8.90485286713, 9.33442115784, 9.75238037109, 10.1819496155, 10.6115188599, 11.0294780731, 11.4590473175, 11.8886165619, 12.3065757751, 12.7361450195, 13.1657142639, 13.5952835083, 14.0248527527, 14.4428119659, 14.8607711792, 15.301949501, 15.7315187454, 16.1610889435, 16.5906581879, 17.0202255249, 17.4381847382, 17.8677539825, 18.2973232269, 18.7152824402, 19.1448516846, 19.574420929, 19.9923801422, 20.4335594177, 20.851518631, 21.2694778442, 21.6990470886, 22.128616333, 22.5465755463, 22.9877548218, 23.4173240662, 23.8468933105, 24.2648525238, 24.6828117371, 25.1123809814, 25.5419502258, 25.9599094391, 26.3894786835, 26.8190479279, 27.2486171722, 27.6781845093, 28.0961437225, 28.5257129669, 28.9552822113, 29.3848514557, 29.8144207001, 30.2323799133, 30.6619491577, 31.0915184021, 31.5094776154, 31.9390468597, 32.3686180115, 32.7981834412, 33.2277526855, 33.6573219299, 34.0868911743, 34.5164604187, 34.9460296631, 35.3639907837, 35.7819480896, 36.211517334, 36.6410865784, 37.0706558228, 37.5002250671, 37.9181861877, 38.3477554321, 38.7773246765, 39.1952819824, 39.6248512268, 40.0544204712, 40.4839897156, 40.91355896, 41.3315200806, 41.7494773865, 42.1790466309, 42.6086158752, 43.0381851196, 43.467754364, 43.8973236084, 44.3268928528, 44.7564620972, 45.1860313416, 45.6039886475, 46.0335578918, 46.4631271362, 46.8810882568, 47.3106575012, 47.7402267456, 48.16979599, 48.5993652344, 49.0289344788, 49.4585037231, 49.8764610291, 50.3060302734, 50.7355995178, 51.1535606384, 51.5715179443, 52.0010871887, 52.4190483093, 52.8370056152, 53.2549667358, 53.5916557312, 53.9283447266, 54.2650337219, 54.6133308411, 54.9616317749, 55.3099327087, 55.6582298279, 56.0065307617, 56.3548278809, 56.7495689392, 57.1443061829, 57.5274353027, 57.9686164856, 58.39818573, 58.8277549744, 59.2573242188, 59.6868934631, 60.1164627075, 60.5344200134, 60.952381134, 61.3819503784, 61.8115196228, 62.252696991, 62.6822662354, 63.1118354797, 63.5297966003, 63.9477539062, 64.3657150269, 64.806892395, 65.2364578247, 65.6660308838, 66.0839920044, 66.5251693726, 66.9547348022, 67.3843078613, 67.8022689819, 68.2318344116, 68.6497955322, 69.0793609619, 69.508934021, 69.9384994507, 70.3680725098, 70.7976379395, 71.2155990601, 71.6335601807, 72.0631256104, 72.4926986694, 72.9222640991, 73.3518371582, 73.7814025879, 74.210975647, 74.6289291382, 75.0585021973, 75.488067627, 75.917640686, 76.3472061157, 76.7651672363, 77.1947402954, 77.6243057251, 78.0538787842, 78.4834442139, 78.9014053345, 79.3309707642, 79.7605438232, 80.1901092529, 80.619682312, 81.0492477417, 81.4788208008, 81.8967819214, 82.3263473511, 82.7559204102, 83.1854858398, 83.6150588989, 84.0330123901, 84.4509735107, 84.8805389404, 85.298500061, 85.7164611816, 86.1460266113, 86.5755996704, 87.0051651001, 87.4347381592, 87.8643035889, 88.2938766479, 88.7234420776, 89.1530151367, 89.5825805664, 90.000541687, 90.4185028076, 90.8480682373, 91.2776412964, 91.695602417, 92.1367797852, 92.5663452148, 92.9959182739, 93.4254837036, 93.8550567627, 94.2730178833, 94.702583313, 95.1321487427, 95.5501098633, 95.9796829224, 96.4092483521, 96.8272094727, 97.2683868408, 97.6979598999, 98.1275253296, 98.5570983887, 98.9750518799, 99.404624939, 99.8225860596, 100.252151489, 100.681724548, 101.111289978, 101.540863037, 101.958816528, 102.376777649, 102.806350708, 103.235916138, 103.665489197, 104.095054626, 104.513015747, 104.930976868, 105.360542297, 105.790107727, 106.219680786, 106.649246216, 107.078819275, 107.508384705, 107.937957764, 108.367523193, 108.797096252, 109.226661682, 109.644622803, 110.074195862, 110.503761292, 110.921722412, 111.339683533, 111.757637024, 112.187210083, 112.628387451, 113.05796051, 113.475914001, 113.905487061, 114.33505249, 114.753013611, 115.18258667, 115.6121521, 116.03011322, 116.448066711, 116.877639771, 117.3072052, 117.748390198, 118.177955627, 118.607528687, 119.025482178, 119.443443298, 119.873016357, 120.302581787, 120.732154846, 121.161720276, 121.579681396, 122.009246826, 122.438819885, 122.856781006, 123.286346436, 123.715919495, 124.133872986, 124.563446045, 124.993011475, 125.422584534, 125.852149963, 126.281723022, 126.711288452, 127.140861511, 127.570426941, 127.988388062, 128.394729614, 128.812698364, 129.219039917, 129.648620605, 130.078186035, 130.519363403, 130.960540771, 131.40171814, 131.842895508, 132.272476196, 132.702041626, 133.119995117, 133.537963867, 133.967529297, 134.397094727, 134.826660156, 135.256240845, 135.674194336, 136.092147827, 136.521713257, 136.951293945, 137.392471313, 137.810424805, 138.239990234, 138.669570923, 139.087524414, 139.517089844, 139.946670532, 140.376235962, 140.805801392, 141.235366821, 141.66494751, 142.082901001, 142.500854492, 142.930435181, 143.36000061, 143.777954102, 144.21913147, 144.648712158, 145.078277588, 145.507843018, 145.937408447, 146.355377197, 146.773330688, 147.202896118, 147.632461548, 148.062042236, 148.491607666, 148.921173096, 149.350738525, 149.768707275, 150.186660767, 150.616226196, 151.045806885, 151.475372314, 151.904937744, 152.322906494, 152.740859985, 153.170425415, 153.599990845, 154.029571533, 154.459136963, 154.888702393, 155.318267822, 155.747848511, 156.17741394, 156.595367432, 157.013336182, 157.442901611, 157.872467041, 158.290420532, 158.720001221, 159.14956665, 159.57913208, 160.00869751, 160.42666626, 160.856231689, 161.285797119, 161.715377808, 162.133331299, 162.562896729, 162.992462158, 163.422042847, 163.839996338, 164.269561768, 164.710739136, 165.140319824, 165.569885254, 165.999450684, 166.429016113, 166.858596802, 167.276550293, 167.694503784, 168.112472534, 168.542037964, 168.959991455, 169.389572144, 169.819137573, 170.248703003, 170.666656494, 171.084625244, 171.514190674, 171.943756104, 172.373336792, 172.81451416, 173.24407959, 173.662033081, 174.080001831, 174.497955322, 174.927520752, 175.35710144, 175.775054932, 176.204620361, 176.634185791, 177.052154541, 177.481719971, 177.9112854, 178.352462769, 178.782043457, 179.211608887, 179.641174316, 180.070739746, 180.488708496, 180.918273926, 181.347839355, 181.777404785, 182.206985474, 182.636550903, 183.066116333, 183.484085083, 183.902038574, 184.331604004, 184.761169434, 185.202362061, 185.63192749, 186.06149292, 186.479446411, 186.920639038, 187.338592529, 187.756546021, 188.174514771, 188.615692139, 189.045257568, 189.474822998, 189.892791748, 190.322357178, 190.740310669, 191.169876099, 191.599456787, 192.029022217, 192.458587646, 192.888153076, 193.317733765, 193.747299194, 194.176864624, 194.606430054, 195.024398804, 195.453964233, 195.883529663, 196.301498413, 196.731063843, 197.160629272, 197.590194702, 198.008163452, 198.437728882, 198.867294312, 199.296859741, 199.714828491, 200.144393921, 200.573959351, 201.003540039, 201.433105469, 201.862670898, 202.292236328, 202.733413696, 203.186203003, 203.650604248, 204.115005493, 204.579406738, 205.055419922, 205.531417847, 205.995819092, 206.460220337], "danceability": 1.2047355175, "bpm_histogram_second_peak_spread": {"dvar": 0, "var": 0, "median": 0, "max": 0, "dmean": 0, "dmean2": 0, "mean": 0, "dvar2": 0, "min": 0}}, "lowlevel": {"spectral_flux": {"dvar": 0.000881626852788, "var": 0.00209970003925, "median": 0.0730209797621, "max": 0.29959821701, "dmean": 0.0244530681521, "dmean2": 0.0376629382372, "mean": 0.082310244441, "dvar2": 0.0019179751398, "min": 6.44320499732e-11}, "spectral_rolloff": {"dvar": 737152.0625, "var": 5188102.5, "median": 1313.52539062, "max": 19509.0820312, "dmean": 473.703521729, "dmean2": 805.673278809, "mean": 1888.39746094, "dvar2": 1788846.75, "min": 107.666015625}, "barkbands_flatness_db": {"dvar": 0.00040580361383, "var": 0.00178516993765, "median": 0.105959005654, "max": 0.629012107849, "dmean": 0.0194100197405, "dmean2": 0.0291395038366, "mean": 0.112635828555, "dvar2": 0.00090213137446, "min": 0.023802222684}, "spectral_centroid": {"dvar": 65225.890625, "var": 1331752.5, "median": 1332.01318359, "max": 11959.5478516, "dmean": 217.865570068, "dmean2": 333.209716797, "mean": 1536.80200195, "dvar2": 135472.3125, "min": 124.146530151}, "melbands_skewness": {"dvar": 0.447762817144, "var": 1.06013023853, "median": 1.68594396114, "max": 10.223400116, "dmean": 0.52566576004, "dmean2": 0.836412608624, "mean": 1.81151461601, "dvar2": 1.1276267767, "min": -0.932981073856}, "melbands": {"dvar": [3.71985925085e-06, 6.90341539666e-06, 9.16596206935e-07, 8.13014310097e-07, 2.12178179027e-07, 1.77544976054e-07, 1.15966244607e-07, 1.8845049965e-07, 1.45604829527e-07, 1.33260897428e-07, 7.08224376922e-08, 3.42437935785e-08, 3.54074956022e-08, 2.52183873783e-08, 1.92748554895e-08, 1.19644338881e-08, 3.73813735521e-09, 6.37947117355e-09, 2.89724422231e-09, 1.07527375892e-09, 1.37122313504e-09, 1.03486708092e-09, 1.1282568213e-09, 1.09578879304e-09, 5.68633640174e-10, 2.66401761762e-10, 1.85175930145e-10, 1.91921895043e-10, 7.94928636805e-11, 5.53998444341e-11, 2.77253116299e-11, 1.34017718798e-11, 1.60813948963e-11, 1.65716832617e-11, 1.19254571496e-11, 6.06512366372e-12, 3.39482131642e-12, 1.82983858101e-12, 1.93023570218e-12, 1.71703591016e-12], "var": [3.4355648495e-06, 5.49131709704e-06, 1.00481167919e-06, 1.19006847399e-06, 6.11551456586e-07, 5.94311927671e-07, 3.28695165308e-07, 6.89522096309e-07, 4.6232739237e-07, 5.50036531877e-07, 1.90627545749e-07, 9.01254182395e-08, 1.1887325968e-07, 3.86298495414e-08, 4.65223735091e-08, 1.99164951198e-08, 8.50233039529e-09, 1.37269786649e-08, 5.03354558035e-09, 1.94210070248e-09, 2.85580226134e-09, 2.19210583019e-09, 1.40994571574e-09, 1.69100033975e-09, 1.22741972142e-09, 4.50413983888e-10, 4.02279182188e-10, 4.13869799543e-10, 1.96935842633e-10, 1.05428471509e-10, 5.14386623574e-11, 2.57008771903e-11, 3.00951312482e-11, 3.82558117129e-11, 2.74354133162e-11, 1.36673086043e-11, 6.62162295481e-12, 2.64276209423e-12, 2.70631390561e-12, 2.70694859757e-12], "median": [0.000297162914649, 0.000710053020157, 0.000438196730101, 0.000389895809349, 0.000332272145897, 0.000140193806146, 0.000132990448037, 0.000233727187151, 0.000316195830237, 0.000333217729349, 0.000156070513185, 0.000114809023216, 0.000105473634903, 2.24082141358e-05, 3.16377663694e-05, 2.20369201998e-05, 1.88330996025e-05, 1.74291199073e-05, 1.55245452333e-05, 1.22740393635e-05, 1.24704984046e-05, 1.30554462885e-05, 1.02279855128e-05, 1.67364305526e-05, 1.63629410963e-05, 9.48506476561e-06, 5.63098365092e-06, 7.7660452007e-06, 5.24570350535e-06, 3.46280785379e-06, 2.509886599e-06, 1.96784549189e-06, 2.56956695921e-06, 2.50800940194e-06, 2.02118326342e-06, 1.58808870765e-06, 1.03977890831e-06, 6.04900208145e-07, 5.11099813139e-07, 4.58850593077e-07], "max": [0.0192794688046, 0.0308637898415, 0.0117274010554, 0.0128351924941, 0.0120686031878, 0.0131306638941, 0.00778045179322, 0.0101541439071, 0.0109068574384, 0.00723900506273, 0.00607663672417, 0.00543667655438, 0.00424591312185, 0.00540560623631, 0.0027084921021, 0.00193502847105, 0.00202735746279, 0.00200644973665, 0.00118534010835, 0.000635291566141, 0.00173325324431, 0.00105112825986, 0.00113537139259, 0.000862628861796, 0.000716562673915, 0.000779633875936, 0.000486717093736, 0.000615335651673, 0.000416360446252, 0.000231412501307, 0.000197982983082, 0.000108679341793, 9.87526364042e-05, 9.54807692324e-05, 0.000108222251583, 7.36068977858e-05, 7.37548762118e-05, 3.73903276341e-05, 1.89526545e-05, 1.57243466674e-05], "dmean": [0.000689222535584, 0.000906612316612, 0.00046087775263, 0.000431011925684, 0.000269252777798, 0.000183372903848, 0.000161137519171, 0.000217537191929, 0.000212004117202, 0.000226397445658, 0.000140884163557, 9.43843042478e-05, 0.000110323031549, 4.55250701634e-05, 6.0037127696e-05, 4.04405800509e-05, 2.60334818449e-05, 3.00931787933e-05, 2.31866779359e-05, 1.67183843587e-05, 1.62203305081e-05, 1.39309149745e-05, 1.23100226119e-05, 1.50925216076e-05, 1.20783452076e-05, 7.61108185543e-06, 5.38637823411e-06, 6.37376342638e-06, 4.42087730335e-06, 3.58667398359e-06, 2.39404403146e-06, 1.84150167115e-06, 2.08367737287e-06, 2.07660946216e-06, 1.673987299e-06, 1.23450979572e-06, 9.54759684646e-07, 6.70994097618e-07, 7.0441507205e-07, 6.40230837234e-07], "dmean2": [0.00122468883637, 0.00157451606356, 0.000771928695031, 0.000695054186508, 0.000427117338404, 0.000280200329144, 0.000248809694313, 0.00033555625123, 0.000322034291457, 0.000336227298249, 0.000221257112571, 0.000146898906678, 0.000168595128343, 7.40331452107e-05, 9.82414640021e-05, 6.79287113599e-05, 4.10515785916e-05, 4.72198116768e-05, 3.72292925022e-05, 2.71206645266e-05, 2.56443036051e-05, 2.24569084821e-05, 2.00764170586e-05, 2.48082724283e-05, 1.96779783437e-05, 1.2667068404e-05, 8.69099949341e-06, 1.05863437057e-05, 7.23701714378e-06, 5.96991185375e-06, 3.979898338e-06, 3.02931312035e-06, 3.44634031535e-06, 3.33427169608e-06, 2.73996397482e-06, 2.00322938326e-06, 1.54264398589e-06, 1.10830353606e-06, 1.11052906959e-06, 1.03061518075e-06], "mean": [0.000835262879264, 0.00125300255604, 0.000740763323847, 0.000761278497521, 0.000612818636, 0.000413974514231, 0.000355787429726, 0.000499363872223, 0.000530753866769, 0.000558817118872, 0.000303560285829, 0.000205392614589, 0.000234732797253, 7.750595978e-05, 0.000105707069451, 6.68252832838e-05, 4.64293116238e-05, 5.046397564e-05, 3.76858879463e-05, 2.81724060187e-05, 2.80651238427e-05, 2.65459002549e-05, 2.08689452847e-05, 2.79822615994e-05, 2.65183116426e-05, 1.53820219566e-05, 1.05171175164e-05, 1.29255822685e-05, 8.6099425971e-06, 6.22800052952e-06, 4.38415690951e-06, 3.37014535035e-06, 4.02113755626e-06, 4.0531454033e-06, 3.29700696966e-06, 2.45984597314e-06, 1.72447869318e-06, 1.11279507564e-06, 1.03645220406e-06, 1.00765203115e-06], "dvar2": [1.06399565993e-05, 1.8751652533e-05, 2.36461733039e-06, 2.06576464734e-06, 5.3304887615e-07, 3.99365575277e-07, 2.69720601409e-07, 4.15994918512e-07, 3.30897506728e-07, 2.75536223171e-07, 1.65753391457e-07, 7.98359138798e-08, 7.57282805353e-08, 6.73960798281e-08, 4.95620184893e-08, 3.37547234608e-08, 9.10088537864e-09, 1.51249555103e-08, 6.74682043567e-09, 2.74746914108e-09, 3.02671554486e-09, 2.48383891233e-09, 3.0774194304e-09, 2.85609402795e-09, 1.36629263459e-09, 6.80319967028e-10, 3.89432597281e-10, 4.66767624552e-10, 1.7928356022e-10, 1.4014450711e-10, 6.61531246449e-11, 3.28517595072e-11, 4.13245375419e-11, 3.71559623347e-11, 2.65176283709e-11, 1.31824585969e-11, 7.38522003968e-12, 4.51419630842e-12, 4.12591879065e-12, 3.56526765576e-12], "min": [1.15430515691e-24, 1.38026538991e-24, 8.62760507354e-25, 7.96760114592e-25, 1.4948746521e-24, 1.35476822217e-24, 1.36690405833e-24, 2.39546961872e-24, 1.76138164538e-24, 2.23826186765e-24, 2.29478454037e-24, 3.07186065253e-24, 1.5313508901e-24, 2.58600339037e-24, 2.80051025051e-24, 2.9753088109e-24, 3.63825292172e-24, 3.59527144087e-24, 3.56404990396e-24, 3.972378508e-24, 3.80912926569e-24, 3.89389749755e-24, 3.64182764491e-24, 3.71424862589e-24, 2.64217975316e-24, 4.47988428276e-24, 4.16840570978e-24, 5.01261585713e-24, 3.78084820781e-24, 5.07268288189e-24, 3.61605595357e-24, 5.18244735483e-24, 5.66614491304e-24, 5.04666979911e-24, 6.13311309804e-24, 5.83770638271e-24, 5.20125853197e-24, 6.3556326156e-24, 6.52725167212e-24, 5.98111853427e-24]}, "spectral_decrease": {"dvar": 9.4003344255e-18, "var": 1.80013443728e-17, "median": -6.96419499846e-09, "max": 1.52251493625e-20, "dmean": 2.08214623321e-09, "dmean2": 3.26901994363e-09, "mean": -7.37653982341e-09, "dvar2": 2.37926343646e-17, "min": -3.30843903384e-08}, "barkbands_kurtosis": {"dvar": 6.5771613121, "var": 11.6924190521, "median": 1.2347407341, "max": 81.5360641479, "dmean": 1.50811433792, "dmean2": 2.43309140205, "mean": 1.966360569, "dvar2": 17.0081100464, "min": -1.92304062843}, "silence_rate_30dB": {"dvar": 0.000224247283768, "var": 0.000112134490337, "median": 1, "max": 1, "dmean": 0.000224340998102, "dmean2": 0.000448732316727, "mean": 0.999887824059, "dvar2": 0.000672723574098, "min": 0}, "gfcc": {"mean": [13.0932312012, 74.9712905884, -119.044189453, 20.85820961, -66.8619766235, 8.63245868683, -31.2623157501, 14.5844917297, -23.0043849945, -2.77292513847, -19.6719074249, -1.30995309353, -14.1456308365], "cov": [[25822.2714844, 337.999023438, -1309.62158203, 257.733215332, -1027.09887695, 157.445053101, -522.81652832, 311.765777588, -537.144897461, 131.018997192, -389.736450195, 183.243591309, -355.033691406], [337.999023438, 1159.8927002, -455.12878418, 208.2706604, -46.2496604919, 125.913490295, -9.66192150116, -35.7578086853, 22.615819931, -121.832107544, 29.7785758972, -103.681526184, 19.3922271729], [-1309.62158203, -455.12878418, 1146.38891602, -98.2440948486, 349.940795898, 30.095035553, 202.377212524, 77.6386947632, 70.1595458984, 49.8884658813, -72.6228408813, 56.7297134399, -22.7051277161], [257.733215332, 208.2706604, -98.2440948486, 479.862976074, 16.0762062073, 43.7431182861, -31.7629566193, 45.3734207153, 20.4556865692, -15.10044384, -41.5388793945, -59.5870285034, -23.4804096222], [-1027.09887695, -46.2496604919, 349.940795898, 16.0762062073, 370.149749756, 58.1999702454, 100.371566772, 3.58460712433, 48.5030441284, 4.02368688583, -28.4716186523, -15.9466152191, -4.57302427292], [157.445053101, 125.913490295, 30.095035553, 43.7431182861, 58.1999702454, 226.180084229, 82.9557495117, 35.2490501404, 0.867122471333, 4.68255805969, 6.09333753586, -15.6492729187, -3.58513617516], [-522.81652832, -9.66192150116, 202.377212524, -31.7629566193, 100.371566772, 82.9557495117, 201.455184937, 53.9910202026, 6.64647197723, 7.66913986206, 10.1626119614, -13.5246686935, -11.084400177], [311.765777588, -35.7578086853, 77.6386947632, 45.3734207153, 3.58460712433, 35.2490501404, 53.9910202026, 170.766784668, 56.4075431824, 26.7125148773, -26.674495697, 7.56723546982, -8.70019340515], [-537.144897461, 22.615819931, 70.1595458984, 20.4556865692, 48.5030441284, 0.867122471333, 6.64647197723, 56.4075431824, 164.55796814, 38.1842536926, -1.2482688427, -7.65412759781, 6.34524250031], [131.018997192, -121.832107544, 49.8884658813, -15.10044384, 4.02368688583, 4.68255805969, 7.66913986206, 26.7125148773, 38.1842536926, 144.73500061, 49.6720733643, -0.112057760358, -21.2095813751], [-389.736450195, 29.7785758972, -72.6228408813, -41.5388793945, -28.4716186523, 6.09333753586, 10.1626119614, -26.674495697, -1.2482688427, 49.6720733643, 136.366455078, 40.3660736084, 21.8547382355], [183.243591309, -103.681526184, 56.7297134399, -59.5870285034, -15.9466152191, -15.6492729187, -13.5246686935, 7.56723546982, -7.65412759781, -0.112057760358, 40.3660736084, 122.803153992, 46.0230941772], [-355.033691406, 19.3922271729, -22.7051277161, -23.4804096222, -4.57302427292, -3.58513617516, -11.084400177, -8.70019340515, 6.34524250031, -21.2095813751, 21.8547382355, 46.0230941772, 110.2368927]], "icov": [[7.22918266547e-05, -7.92241189629e-05, 6.30542490399e-05, 1.43532297443e-05, 0.000101910118246, -9.45271312958e-05, 0.000116888542834, -0.000142063770909, 0.000281489861663, -0.000321136903949, 0.000447222817456, -0.000403697020374, 0.0002663898631], [-7.92241189629e-05, 0.00158497341909, 0.000376665178919, -0.000406425824622, -0.00015429467021, -0.000626208842732, -0.000205275529879, 0.000308126036543, -0.00100222381297, 0.00192807719577, -0.00152112380601, 0.00156664545648, -0.000489894940984], [6.30542490399e-05, 0.000376665178919, 0.00194636615925, 8.010523743e-05, -0.00116567860823, 0.00012918592256, -0.00138179934584, 6.03572043474e-05, -0.000226813630434, -0.00074717408279, 0.00170841778163, -0.00174111337401, 0.000633934047073], [1.43532297443e-05, -0.000406425824622, 8.010523743e-05, 0.00261146761477, -0.000375591334887, -0.000358584336936, 0.0010204243008, -0.00110668619163, 0.000244896888034, -9.80021068244e-05, 0.000389921449823, 0.000741807976738, 0.000258527899859], [0.000101910118246, -0.00015429467021, -0.00116567860823, -0.000375591334887, 0.00464041531086, -0.00081136834342, -0.000954498595092, 0.00123874167912, -0.000778183632065, -0.000279737258097, 0.000999415176921, 1.88107915164e-05, -1.18490006571e-05], [-9.45271312958e-05, -0.000626208842732, 0.00012918592256, -0.000358584336936, -0.00081136834342, 0.00608248868957, -0.00242078281008, -0.000514743267559, 0.000398109055823, -0.000551836681552, -0.000286713300738, 0.0001132881589, -0.000483472977066], [0.000116888542834, -0.000205275529879, -0.00138179934584, 0.0010204243008, -0.000954498595092, -0.00242078281008, 0.00949631258845, -0.00368687976152, 0.00185832357965, 0.00112547585741, -0.00277053029276, 0.00245763058774, 0.000523668248206], [-0.000142063770909, 0.000308126036543, 6.03572043474e-05, -0.00110668619163, 0.00123874167912, -0.000514743267559, -0.00368687976152, 0.00963752996176, -0.00368231395259, -0.00132189621218, 0.00274186953902, -0.00212608021684, -8.82229051058e-06], [0.000281489861663, -0.00100222381297, -0.000226813630434, 0.000244896888034, -0.000778183632065, 0.000398109055823, 0.00185832357965, -0.00368231395259, 0.00941773504019, -0.00344243459404, 0.00146060960833, -0.000426112033892, -0.00035084708361], [-0.000321136903949, 0.00192807719577, -0.00074717408279, -9.80021068244e-05, -0.000279737258097, -0.000551836681552, 0.00112547585741, -0.00132189621218, -0.00344243459404, 0.0132592478767, -0.00856162048876, 0.00478550046682, 0.000879755243659], [0.000447222817456, -0.00152112380601, 0.00170841778163, 0.000389921449823, 0.000999415176921, -0.000286713300738, -0.00277053029276, 0.00274186953902, 0.00146060960833, -0.00856162048876, 0.0164824929088, -0.00851825624704, 0.000670099572744], [-0.000403697020374, 0.00156664545648, -0.00174111337401, 0.000741807976738, 1.88107915164e-05, 0.0001132881589, 0.00245763058774, -0.00212608021684, -0.000426112033892, 0.00478550046682, -0.00851825624704, 0.0166869051754, -0.00602521793917], [0.0002663898631, -0.000489894940984, 0.000633934047073, 0.000258527899859, -1.18490006571e-05, -0.000483472977066, 0.000523668248206, -8.82229051058e-06, -0.00035084708361, 0.000879755243659, 0.000670099572744, -0.00602521793917, 0.012808973901]]}, "silence_rate_20dB": {"dvar": 0, "var": 0, "median": 1, "max": 1, "dmean": 0, "dmean2": 0, "mean": 1, "dvar2": 0, "min": 1}, "barkbands_skewness": {"dvar": 0.202728524804, "var": 0.616714000702, "median": 1.08723139763, "max": 6.99360752106, "dmean": 0.395579516888, "dmean2": 0.621131360531, "mean": 1.11060631275, "dvar2": 0.505838274956, "min": -2.17756772041}, "erbbands_skewness": {"dvar": 0.0964369252324, "var": 0.599200427532, "median": 0.551957249641, "max": 5.75513505936, "dmean": 0.31688863039, "dmean2": 0.473199099302, "mean": 0.548717677593, "dvar2": 0.205857247114, "min": -3.70742034912}, "spectral_contrast_valleys": {"dvar": [0.201608881354, 0.129735827446, 0.112120240927, 0.0858788341284, 0.0804424062371, 0.144856721163], "var": [6.00277614594, 5.95566892624, 5.59486436844, 5.36696815491, 5.58255529404, 4.7327876091], "median": [-7.31789970398, -6.58170890808, -7.12405729294, -7.4852809906, -7.08965396881, -9.55838871002], "max": [-5.2229642868, -4.75799608231, -5.25713253021, -5.72831964493, -5.53037166595, -7.94655561447], "dmean": [0.44321808219, 0.381468951702, 0.34717670083, 0.285665243864, 0.228122234344, 0.292957186699], "dmean2": [0.708886027336, 0.61516559124, 0.552237987518, 0.448944628239, 0.346867531538, 0.407429426908], "mean": [-7.80474948883, -6.94744825363, -7.46656227112, -7.80970287323, -7.46863365173, -9.99112129211], "dvar2": [0.40999341011, 0.2799924016, 0.242234066129, 0.176792174578, 0.149337559938, 0.271017700434], "min": [-28.4196586609, -28.0118350983, -27.7529163361, -27.6523303986, -27.5559959412, -27.4023590088]}, "spectral_strongpeak": {"dvar": 0.78385925293, "var": 1.56163811684, "median": 1.03505825996, "max": 11.5772647858, "dmean": 0.646701276302, "dmean2": 1.096170187, "mean": 1.39388871193, "dvar2": 1.98537528515, "min": 0}, "erbbands_crest": {"dvar": 6.00136947632, "var": 18.7437553406, "median": 8.57527923584, "max": 31.023355484, "dmean": 2.41750001907, "dmean2": 3.86847448349, "mean": 9.52125358582, "dvar2": 14.2259044647, "min": 2.4309899807}, "barkbands_crest": {"dvar": 5.31294822693, "var": 12.1678304672, "median": 7.88754367828, "max": 23.6586208344, "dmean": 2.22798752785, "dmean2": 3.65464615822, "mean": 8.71008491516, "dvar2": 14.3931732178, "min": 2.26502609253}, "spectral_energyband_middle_low": {"dvar": 3.92318324884e-05, "var": 0.000105511971924, "median": 0.0142211206257, "max": 0.0846693143249, "dmean": 0.00475798128173, "dmean2": 0.00728583801538, "mean": 0.0157170053571, "dvar2": 9.20836318983e-05, "min": 1.4464673465e-22}, "spectral_contrast_coeffs": {"dvar": [0.00170971930493, 0.00166088587139, 0.00119290978182, 0.000638803758193, 0.000353106064722, 0.000336820754455], "var": [0.0112884212285, 0.0075610158965, 0.00612237583846, 0.00340278213844, 0.00188877468463, 0.00198045745492], "median": [-0.630568146706, -0.68368524313, -0.691464304924, -0.771176993847, -0.778893828392, -0.757608234882], "max": [-0.260213553905, -0.384495198727, -0.468068391085, -0.536382675171, -0.606544494629, -0.532407581806], "dmean": [0.0477702133358, 0.0472562648356, 0.041026186198, 0.0311706196517, 0.0219473615289, 0.0187086705118], "dmean2": [0.0780789926648, 0.0758493244648, 0.0655388385057, 0.0509152039886, 0.0356096476316, 0.0295536108315], "mean": [-0.617794513702, -0.684479594231, -0.695586681366, -0.769389688969, -0.780486762524, -0.760358273983], "dvar2": [0.00424851942807, 0.00398337235674, 0.00288814422674, 0.0016557230847, 0.000866722955834, 0.000768438330851], "min": [-0.977004528046, -0.979301214218, -0.982647955418, -0.970014452934, -0.967711567879, -0.964845776558]}, "hfc": {"dvar": 103.760520935, "var": 283.007080078, "median": 27.3481140137, "max": 130.163238525, "dmean": 7.74566030502, "dmean2": 11.9852638245, "mean": 28.6633911133, "dvar2": 253.066238403, "min": 1.10335788876e-16}, "spectral_energyband_high": {"dvar": 7.81733717758e-07, "var": 1.69821339568e-06, "median": 0.000865559326485, "max": 0.017487347126, "dmean": 0.000535469851457, "dmean2": 0.000852418015711, "mean": 0.00123232067563, "dvar2": 1.89191655409e-06, "min": 7.00627794946e-21}, "erbbands_spread": {"dvar": 65.2313766479, "var": 225.862121582, "median": 33.3132705688, "max": 142.751907349, "dmean": 6.93602228165, "dmean2": 10.585606575, "mean": 35.1116523743, "dvar2": 146.444015503, "min": 1.17181384563}, "dissonance": {"dvar": 0.000376782612875, "var": 0.000846591137815, "median": 0.464521348476, "max": 0.5, "dmean": 0.0199535898864, "dmean2": 0.0334066264331, "mean": 0.458257615566, "dvar2": 0.00101296324283, "min": 0.251075983047}, "spectral_kurtosis": {"dvar": 17.9051609039, "var": 26.8288173676, "median": 3.59304141998, "max": 360.311004639, "dmean": 1.20305562019, "dmean2": 1.99061012268, "mean": 4.00126409531, "dvar2": 43.0403213501, "min": -1.25393080711}, "spectral_skewness": {"dvar": 0.0536269694567, "var": 0.205587774515, "median": 1.4732298851, "max": 16.3955783844, "dmean": 0.178471937776, "dmean2": 0.281121551991, "mean": 1.48598885536, "dvar2": 0.121692448854, "min": -0.409727632999}, "pitch_salience": {"dvar": 0.0038670648355, "var": 0.00890603754669, "median": 0.56595915556, "max": 0.904504776001, "dmean": 0.0616223067045, "dmean2": 0.101623117924, "mean": 0.563632726669, "dvar2": 0.0107271345332, "min": 0.175774559379}, "spectral_complexity": {"dvar": 18.2523937225, "var": 100.833877563, "median": 22, "max": 60, "dmean": 3.82299494743, "dmean2": 5.90060567856, "mean": 22.4705028534, "dvar2": 39.5616912842, "min": 0}, "spectral_spread": {"dvar": 922689863680, "var": 16595339444200.0, "median": 4638299.5, "max": 42847156, "dmean": 648049.0625, "dmean2": 952231.6875, "mean": 5307453, "dvar2": 1823286493180.0, "min": 357539.46875}, "dynamic_complexity": 2.25832223892, "melbands_crest": {"dvar": 7.42131137848, "var": 17.9554309845, "median": 10.4536819458, "max": 30.2319335938, "dmean": 2.64180278778, "dmean2": 4.33662652969, "mean": 11.2625055313, "dvar2": 19.6805782318, "min": 1.59803450108}, "zerocrossingrate": {"dvar": 0.000181249211892, "var": 0.0032640164718, "median": 0.068359375, "max": 0.5283203125, "dmean": 0.0115677472204, "dmean2": 0.0142013486475, "mean": 0.077954903245, "dvar2": 0.000263695867034, "min": 0.0048828125}, "spectral_energyband_low": {"dvar": 0.000121628800116, "var": 0.000113152826088, "median": 0.00365142151713, "max": 0.115493088961, "dmean": 0.00419013109058, "dmean2": 0.00725176511332, "mean": 0.00641396455467, "dvar2": 0.000335618300596, "min": 1.64196680034e-23}, "melbands_kurtosis": {"dvar": 47.8789596558, "var": 68.3215179443, "median": 4.46312046051, "max": 211.29335022, "dmean": 3.50037813187, "dmean2": 5.73838281631, "mean": 6.36367511749, "dvar2": 122.736427307, "min": -1.6886742115}, "spectral_energyband_middle_high": {"dvar": 1.06713487185e-05, "var": 3.30580114678e-05, "median": 0.00682155415416, "max": 0.0442659184337, "dmean": 0.00247990735807, "dmean2": 0.00390724791214, "mean": 0.0078898826614, "dvar2": 2.64457594312e-05, "min": 1.24854502314e-21}, "barkbands_spread": {"dvar": 45.0553894043, "var": 135.807159424, "median": 21.7122783661, "max": 106.259819031, "dmean": 5.51811647415, "dmean2": 8.62016868591, "mean": 23.8609008789, "dvar2": 106.542579651, "min": 0.422722935677}, "mfcc": {"mean": [-620.162780762, 108.755653381, -2.09459471703, 15.1066093445, -10.5026016235, -5.00899839401, -3.15825915337, 10.1999797821, -0.546812593937, 6.43481063843, -1.32576727867, -4.37257575989, -5.29865503311], "cov": [[9184.06347656, 555.391845703, 57.8941383362, 162.721572876, -144.100784302, -61.5885810852, 17.0609722137, -2.65382003784, -54.5953330994, -39.1293640137, 14.2855672836, 14.5826616287, 39.0177688599], [555.391845703, 917.70135498, -56.629776001, -12.7046251297, 27.9690589905, 73.7473373413, 29.2299671173, 94.8131484985, -10.7600955963, 41.1299476624, -15.0979652405, -26.4749412537, -21.9394645691], [57.8941383362, -56.629776001, 499.488677979, 59.1042404175, 65.5219726562, 31.4260940552, 70.1065444946, 63.009967804, 121.118507385, 12.497584343, 45.7710800171, 30.1860904694, 22.4349002838], [162.721572876, -12.7046251297, 59.1042404175, 343.220794678, 96.0916595459, 14.6379261017, -9.86825275421, 21.3989238739, 57.5700531006, 8.26121807098, 7.5683889389, 25.4842948914, 4.46183729172], [-144.100784302, 27.9690589905, 65.5219726562, 96.0916595459, 232.4087677, 74.368560791, 1.3158236742, 36.9300918579, 74.6147079468, 25.9700698853, 5.95506811142, 4.67956638336, 8.56988620758], [-61.5885810852, 73.7473373413, 31.4260940552, 14.6379261017, 74.368560791, 185.251113892, 77.4232635498, 25.5662555695, 5.2769536972, 35.7528495789, 16.0099582672, -12.1804323196, -8.44084072113], [17.0609722137, 29.2299671173, 70.1065444946, -9.86825275421, 1.3158236742, 77.4232635498, 225.885131836, 40.7257461548, 25.8398609161, 7.78570365906, 20.1384239197, 16.963886261, 8.26411342621], [-2.65382003784, 94.8131484985, 63.009967804, 21.3989238739, 36.9300918579, 25.5662555695, 40.7257461548, 170.889022827, 71.9217681885, 9.49676322937, -3.46209955215, -7.3975725174, -2.54001235962], [-54.5953330994, -10.7600955963, 121.118507385, 57.5700531006, 74.6147079468, 5.2769536972, 25.8398609161, 71.9217681885, 179.121810913, 57.5245285034, 18.3178710938, 6.13498544693, 4.29565620422], [-39.1293640137, 41.1299476624, 12.497584343, 8.26121807098, 25.9700698853, 35.7528495789, 7.78570365906, 9.49676322937, 57.5245285034, 143.507461548, 60.5071716309, -0.74926674366, -10.7906646729]