{"tonal": {"hpcp": {"dvar": [0.0187290180475, 0.0191863384098, 0.0159765910357, 0.0178702156991, 0.0204754713923, 0.026770664379, 0.0354895740747, 0.0349160246551, 0.0413190275431, 0.0676499530673, 0.0414497703314, 0.0350873321295, 0.0330026522279, 0.0272996835411, 0.0269202031195, 0.0314195603132, 0.0324303358793, 0.0327863432467, 0.0249822642654, 0.0212584398687, 0.018268212676, 0.0246083084494, 0.0343091823161, 0.0472402758896, 0.0595831945539, 0.0462243333459, 0.0382439345121, 0.0491476990283, 0.0594331398606, 0.0514816865325, 0.0461985319853, 0.0377374887466, 0.0218709763139, 0.0148570267484, 0.0164258927107, 0.0189136005938], "var": [0.0471698120236, 0.0304704364389, 0.0158433970064, 0.0145243965089, 0.0179921854287, 0.0363964103162, 0.0782040655613, 0.0568929947913, 0.0681611150503, 0.128019824624, 0.0690934658051, 0.0302813556045, 0.0239061992615, 0.022300330922, 0.0343513786793, 0.0521468818188, 0.03693260625, 0.0239300411195, 0.018508868292, 0.0147742349654, 0.0188062600791, 0.0370340868831, 0.0401462242007, 0.0587955527008, 0.105604968965, 0.0662568062544, 0.0420041382313, 0.076103925705, 0.0762382149696, 0.095225661993, 0.121723048389, 0.0668285191059, 0.0215357206762, 0.0143387271091, 0.0163471139967, 0.0327539928257], "median": [0.0565584562719, 0.0456071905792, 0.0294172745198, 0.0237262360752, 0.0266109220684, 0.0739517584443, 0.113787010312, 0.102009013295, 0.159370407462, 0.228307500482, 0.168321445584, 0.0626514777541, 0.0420630760491, 0.0329745039344, 0.0674897432327, 0.12199780345, 0.087192311883, 0.036366071552, 0.0247572418302, 0.0232685171068, 0.0388665273786, 0.0522403530777, 0.0568086765707, 0.0725091844797, 0.0647720992565, 0.0551703870296, 0.0658571943641, 0.0932187661529, 0.103633329272, 0.207419157028, 0.316676616669, 0.166673213243, 0.0339896976948, 0.0212125256658, 0.0218254737556, 0.0361306220293], "max": [1, 1, 1, 1, 1, 1, 1, 1, 1, 1, 1, 1, 1, 1, 1, 1, 1, 1, 1, 1, 1, 1, 1, 1, 1, 1, 1, 1, 1, 1, 1, 1, 1, 1, 1, 1], "dmean": [0.0837628394365, 0.0781535729766, 0.0602944418788, 0.0586233995855, 0.0668287500739, 0.104966633022, 0.135142639279, 0.137287795544, 0.17773681879, 0.22041580081, 0.174617275596, 0.120480306447, 0.0992101505399, 0.0854078382254, 0.102485604584, 0.128717079759, 0.119584843516, 0.0906760394573, 0.0721619874239, 0.0609007291496, 0.0685184821486, 0.090195313096, 0.113692820072, 0.156579896808, 0.172431156039, 0.150617361069, 0.134467124939, 0.158686712384, 0.186285629869, 0.203194022179, 0.194077372551, 0.161571487784, 0.0833495259285, 0.0568775087595, 0.0567850880325, 0.071536205709], "dmean2": [0.142193123698, 0.133086949587, 0.105446085334, 0.104133978486, 0.119635604322, 0.179816916585, 0.231023654342, 0.236604586244, 0.307939678431, 0.378988951445, 0.298912405968, 0.216195315123, 0.180829063058, 0.154208824039, 0.178579002619, 0.220372915268, 0.209058076143, 0.164666488767, 0.132186666131, 0.110232070088, 0.118064299226, 0.153534129262, 0.200328677893, 0.274852901697, 0.298334151506, 0.258753806353, 0.235771164298, 0.281487047672, 0.331617325544, 0.354874968529, 0.332821279764, 0.27822047472, 0.14720004797, 0.100218631327, 0.100293293595, 0.12325322628], "mean": [0.142069995403, 0.111709088087, 0.068598985672, 0.0584918484092, 0.0682462602854, 0.149630442262, 0.233773335814, 0.199761405587, 0.258368074894, 0.372426211834, 0.262683957815, 0.124928370118, 0.092597566545, 0.0827350243926, 0.134096205235, 0.20050033927, 0.154944032431, 0.0854220464826, 0.0671953856945, 0.0577736571431, 0.0830405503511, 0.124530956149, 0.134524390101, 0.183482423425, 0.24385856092, 0.185728251934, 0.150395035744, 0.211310341954, 0.228159919381, 0.329723596573, 0.429598689079, 0.260882943869, 0.0893209204078, 0.0613591447473, 0.0620611608028, 0.103137150407], "dvar2": [0.0492161773145, 0.0514460764825, 0.0421455577016, 0.0489849746227, 0.0558326691389, 0.0731568112969, 0.0909186601639, 0.0923933759332, 0.119724243879, 0.167497575283, 0.111714974046, 0.099765509367, 0.0937305614352, 0.0752658471465, 0.0716294944286, 0.0811722576618, 0.0855303406715, 0.0908634960651, 0.0698061361909, 0.0602240748703, 0.0490211993456, 0.0639032274485, 0.0951419323683, 0.135778740048, 0.152435228229, 0.123665638268, 0.104002982378, 0.130886897445, 0.160944268107, 0.136100158095, 0.118942342699, 0.103758595884, 0.0594673939049, 0.0402364693582, 0.0448279082775, 0.0504222363234], "min": [0, 0, 0, 0, 0, 0, 0, 0, 0, 0, 0, 0, 0, 0, 0, 0, 0, 0, 0, 0, 0, 0, 0, 0, 0, 0, 0, 0, 0, 0, 0, 0, 0, 0, 0, 0]}, "key_key": "C", "thpcp": [1, 0.607271254063, 0.207917109132, 0.142828986049, 0.14446310699, 0.240077897906, 0.33070397377, 0.260031253099, 0.159681558609, 0.13615462184, 0.158860489726, 0.348302841187, 0.54416680336, 0.464995384216, 0.601417303085, 0.866916537285, 0.611463606358, 0.290802508593, 0.215544342995, 0.192586764693, 0.312142968178, 0.466715425253, 0.360671579838, 0.198841497302, 0.156414315104, 0.134482845664, 0.193297967315, 0.289877414703, 0.313139677048, 0.427101910114, 0.567642688751, 0.432329654694, 0.35008263588, 0.491878449917, 0.531100153923, 0.767515361309], "chords_key": "C", "tuning_equal_tempered_deviation": 0.0547659434378, "tuning_frequency": 439.491973877, "tuning_diatonic_strength": 0.734179973602, "chords_histogram": [24.8329372406, 11.7913341522, 14.7445573807, 9.24768257141, 0.301789164543, 0, 0, 0, 0, 0, 7.58784198761, 0.323345541954, 1.14248764515, 0.194007322192, 0, 1.57361495495, 0, 11.5973272324, 0, 0.172450959682, 2.00474238396, 3.53524470329, 9.82970428467, 1.12093126774], "key_strength": 0.84919667244, "key_scale": "major", "chords_strength": {"dvar": 4.94882260682e-05, "var": 0.00846741348505, "median": 0.52157586813, "max": 0.713213443756, "dmean": 0.00841881707311, "dmean2": 0.00886459182948, "mean": 0.513323903084, "dvar2": 5.77823084313e-05, "min": 0.250164538622}, "chords_number_rate": 0.00258676428348, "tuning_nontempered_energy_ratio": 0.713190436363, "hpcp_entropy": {"dvar": 0.234861016273, "var": 0.467914223671, "median": 2.09432005882, "max": 4.41446876526, "dmean": 0.584268331528, "dmean2": 0.986189424992, "mean": 2.08969593048, "dvar2": 0.654902935028, "min": 0}, "chords_changes_rate": 0.062944598496, "chords_scale": "major"}, "rhythm": {"bpm_histogram_first_peak_spread": {"dvar": 0, "var": 0, "median": 0, "max": 0, "dmean": 0, "dmean2": 0, "mean": 0, "dvar2": 0, "min": 0}, "bpm_histogram_first_peak_weight": {"dvar": 0, "var": 0, "median": 0.464106857777, "max": 0.464106857777, "dmean": 0, "dmean2": 0, "mean": 0.464106857777, "dvar2": 0, "min": 0.464106857777}, "bpm_histogram_first_peak_bpm": {"dvar": 0, "var": 0, "median": 167, "max": 167, "dmean": 0, "dmean2": 0, "mean": 167, "dvar2": 0, "min": 167}, "bpm": 165.874038696, "bpm_histogram_second_peak_weight": {"dvar": 0, "var": 0, "median": 0.388981640339, "max": 0.388981640339, "dmean": 0, "dmean2": 0, "mean": 0.388981640339, "dvar2": 0, "min": 0.388981640339}, "beats_loudness": {"dvar": 6.16868419456e-05, "var": 0.000117254006909, "median": 0.0342890843749, "max": 0.0741872414947, "dmean": 0.00969132129103, "dmean2": 0.0168789587915, "mean": 0.0343201644719, "dvar2": 0.000185030148714, "min": 9.13381636991e-09}, "beats_loudness_band_ratio": {"dvar": [0.0139806652442, 0.00709465611726, 0.00900207459927, 0.0059724948369, 0.00319878966548, 0.00503115402535], "var": [0.0386788845062, 0.0145784569904, 0.015320870094, 0.0113380560651, 0.00912460964173, 0.00412763142958], "median": [0.344534516335, 0.117142245173, 0.142124682665, 0.121816128492, 0.127409994602, 0.0647734999657], "max": [0.999688029289, 0.608057379723, 0.652223110199, 0.541861712933, 0.591672718525, 0.699269294739], "dmean": [0.143367394805, 0.0955479890108, 0.0976632684469, 0.0782021582127, 0.0592710599303, 0.0541957803071], "dmean2": [0.238988175988, 0.165357977152, 0.166188552976, 0.136500552297, 0.101868622005, 0.101681195199], "mean": [0.381033778191, 0.150507435203, 0.175433024764, 0.14947155118, 0.144324421883, 0.0744279548526], "dvar2": [0.0372999086976, 0.0194405242801, 0.0246317405254, 0.016584418714, 0.00878748390824, 0.0152856819332], "min": [0.0516567677259, 0.000240683570155, 9.8510126918e-06, 1.62834487583e-06, 1.7165865529e-06, 2.20998708755e-06]}, "bpm_histogram_second_peak_bpm": {"dvar": 0, "var": 0, "median": 172, "max": 172, "dmean": 0, "dmean2": 0, "mean": 172, "dvar2": 0, "min": 172}, "onset_rate": 3.38959312439, "beats_count": 600, "beats_position": [0.371519267559, 0.754648506641, 1.14938771725, 1.55573689938, 1.9620860815, 2.36843538284, 2.73995471001, 3.11147379875, 3.47138309479, 3.83129239082, 4.19120168686, 4.55111122131, 4.91102027893, 5.27092981339, 5.61922883987, 5.9675283432, 6.32743740082, 6.68734693527, 7.05886602402, 7.4303855896, 7.79029464722, 8.15020370483, 8.498503685, 8.84680271149, 9.19510173798, 9.55501079559, 9.91492080688, 10.2748298645, 10.623128891, 10.9830379486, 11.3313379288, 11.6796369553, 12.0279359818, 12.3762359619, 12.7477550507, 13.0960540771, 13.4443531036, 13.8158731461, 14.1757822037, 14.5356912613, 14.8956003189, 15.2555103302, 15.6154193878, 15.9753284454, 16.3236274719, 16.6719264984, 17.0202255249, 17.3685264587, 17.7168254852, 18.0651245117, 18.4366436005, 18.8081626892, 19.1680717468, 19.5279808044, 19.8762817383, 20.2245807648, 20.5844898224, 20.94439888, 21.2926979065, 21.6526069641, 22.0125160217, 22.3608150482, 22.7091159821, 23.0574150085, 23.4173240662, 23.7772331238, 24.1371421814, 24.497051239, 24.8453502655, 25.1936511993, 25.5419502258, 25.9018592834, 26.2617683411, 26.6100673676, 26.9699764252, 27.3298854828, 27.6781845093, 28.0264854431, 28.3863945007, 28.7463035583, 29.0946025848, 29.4429016113, 29.8028106689, 30.1627197266, 30.5110206604, 30.8593196869, 31.2076187134, 31.5559177399, 31.9042167664, 32.2525177002, 32.6124267578, 32.9723358154, 33.3206329346, 33.6689338684, 34.0172348022, 34.3655319214, 34.7138328552, 35.0389099121, 35.3988189697, 35.7587280273, 36.1070289612, 36.455329895, 36.8152389526, 37.1751480103, 37.5234451294, 37.8717460632, 38.2200431824, 38.5683441162, 38.9282531738, 39.2881622314, 39.6480712891, 39.9847602844, 40.344669342, 40.7045783997, 41.0528793335, 41.4011802673, 41.761089325, 42.1209983826, 42.4576873779, 42.7943763733, 43.1542854309, 43.5141944885, 43.8741035461, 44.2340126038, 44.5823135376, 44.9306106567, 45.2789115906, 45.6272087097, 45.9755096436, 46.3354187012, 46.6953277588, 47.0552368164, 47.415145874, 47.7634468079, 48.111743927, 48.4716529846, 48.8315620422, 49.1914749146, 49.5513839722, 49.9112930298, 50.2712020874, 50.631111145, 51.0026283264, 51.362537384, 51.7224464417, 52.0823554993, 52.4538764954, 52.8253974915, 53.1853065491, 53.5452156067, 53.9167327881, 54.2766418457, 54.6365509033, 55.0080718994, 55.367980957, 55.7278900146, 56.0877990723, 56.4477081299, 56.819229126, 57.1791381836, 57.5390472412, 57.9105644226, 58.2820854187, 58.6536026001, 59.0251235962, 59.3850326538, 59.7449417114, 60.104850769, 60.4647598267, 60.8362808228, 61.2077980042, 61.5793190002, 61.9508361816, 62.3339653015, 62.7170982361, 63.0886154175, 63.4601364136, 63.8200454712, 64.1915664673, 64.5514755249, 64.9229888916, 65.2828979492, 65.6544189453, 66.0143280029, 66.3742370605, 66.7573699951, 67.1288909912, 67.4888000488, 67.8487091064, 68.2202224731, 68.5801315308, 68.9400405884, 69.2883453369, 69.6482543945, 70.0081634521, 70.3796844482, 70.7395935059, 71.0995025635, 71.4594116211, 71.8193206787, 72.1792297363, 72.5391387939, 72.8990478516, 73.2589569092, 73.6188659668, 73.9787750244, 74.338684082, 74.6985931396, 75.0585021973, 75.4184112549, 75.7783203125, 76.1382293701, 76.4865264893, 76.8348312378, 77.1831283569, 77.5314254761, 77.8913345337, 78.2512435913, 78.5995483398, 78.9594573975, 79.3077545166, 79.6676635742, 80.0275726318, 80.3874816895, 80.7357788086, 81.0840835571, 81.4439926147, 81.8039016724, 82.1521987915, 82.5237197876, 82.8720169067, 83.2203140259, 83.5802230835, 83.9401321411, 84.2884368896, 84.6483459473, 85.0082550049, 85.3681640625, 85.7164611816, 86.0763702393, 86.4246673584, 86.784576416, 87.1444854736, 87.5043945312, 87.8526992798, 88.2126083374, 88.5609054565, 88.9092025757, 89.2575073242, 89.6058044434, 89.9541015625, 90.3140106201, 90.6623077393, 91.0222167969, 91.3705215454, 91.7188186646, 92.0671157837, 92.4154205322, 92.7753295898, 93.1352386475, 93.4835357666, 93.8434448242, 94.2033538818, 94.551651001, 94.9115600586, 95.2714691162, 95.6197738647, 95.9680709839, 96.3279800415, 96.6878890991, 97.0361862183, 97.3844909668, 97.7327880859, 98.0810852051, 98.4293823242, 98.7776870728, 99.1259841919, 99.474281311, 99.8225860596, 100.170883179, 100.519180298, 100.867477417, 101.215782166, 101.564079285, 101.912376404, 102.272285461, 102.62059021, 102.980499268, 103.328796387, 103.653877258, 104.013786316, 104.373695374, 104.721992493, 105.070289612, 105.430198669, 105.790107727, 106.138412476, 106.486709595, 106.835006714, 107.194915771, 107.554824829, 107.903129578, 108.251426697, 108.599723816, 108.948028564, 109.296325684, 109.644622803, 110.00453186, 110.352828979, 110.701133728, 111.049430847, 111.397727966, 111.746032715, 112.105941772, 112.454238892, 112.802536011, 113.15083313, 113.499137878, 113.847434998, 114.195732117, 114.544036865, 114.903945923, 115.26385498, 115.6121521, 115.972061157, 116.331970215, 116.703491211, 117.063400269, 117.423309326, 117.794830322, 118.166343689, 118.526252747, 118.886169434, 119.2576828, 119.629203796, 119.989112854, 120.349021912, 120.720542908, 121.092063904, 121.451972961, 121.811882019, 122.171791077, 122.531700134, 122.891609192, 123.25151825, 123.623039246, 123.982948303, 124.342857361, 124.702766418, 125.062675476, 125.422584534, 125.782493591, 126.13079071, 126.502311707, 126.873832703, 127.245346069, 127.605255127, 127.965164185, 128.325073242, 128.6849823, 129.044891357, 129.404800415, 129.776321411, 130.136230469, 130.496139526, 130.867660522, 131.239181519, 131.610702515, 131.970611572, 132.33052063, 132.690429688, 133.050338745, 133.410247803, 133.77015686, 134.141677856, 134.513198853, 134.87310791, 135.233016968, 135.604537964, 135.964447021, 136.324356079, 136.695877075, 137.055786133, 137.41569519, 137.775604248, 138.135513306, 138.495422363, 138.855331421, 139.215240479, 139.586761475, 139.946670532, 140.30657959, 140.654876709, 141.014785767, 141.374694824, 141.734603882, 142.082901001, 142.43119812, 142.779495239, 143.127792358, 143.476104736, 143.824401855, 144.172698975, 144.520996094, 144.869293213, 145.217590332, 145.565887451, 145.925796509, 146.285705566, 146.634017944, 146.982315063, 147.330612183, 147.69052124, 148.050430298, 148.398727417, 148.747024536, 149.095321655, 149.455230713, 149.815139771, 150.16343689, 150.523345947, 150.871658325, 151.231567383, 151.59147644, 151.951385498, 152.322906494, 152.682815552, 153.042724609, 153.391021729, 153.739318848, 154.087615967, 154.447525024, 154.795822144, 155.155731201, 155.515640259, 155.875549316, 156.223846436, 156.572158813, 156.920455933, 157.268753052, 157.628662109, 157.988571167, 158.336868286, 158.696777344, 159.045074463, 159.404983521, 159.75328064, 160.089981079, 160.438278198, 160.798187256, 161.158096313, 161.518005371, 161.86630249, 162.214599609, 162.562896729, 162.911193848, 163.259490967, 163.619400024, 163.979324341, 164.32762146, 164.675918579, 165.024215698, 165.372512817, 165.720809937, 166.069107056, 166.417419434, 166.777328491, 167.137237549, 167.497146606, 167.857055664, 168.205352783, 168.553649902, 168.901947021, 169.261856079, 169.621765137, 169.970062256, 170.329971313, 170.689880371, 171.03817749, 171.398086548, 171.757995605, 172.106307983, 172.454605103, 172.81451416, 173.174423218, 173.534332275, 173.894241333, 174.242538452, 174.60244751, 174.962356567, 175.310653687, 175.658950806, 176.007247925, 176.355545044, 176.703857422, 177.052154541, 177.40045166, 177.748748779, 178.097045898, 178.445343018, 178.793640137, 179.153549194, 179.513473511, 179.86177063, 180.221679688, 180.581588745, 180.929885864, 181.278182983, 181.638092041, 181.998001099, 182.346298218, 182.694595337, 183.054504395, 183.414413452, 183.77432251, 184.134231567, 184.482528687, 184.830841064, 185.179138184, 185.527435303, 185.875732422, 186.224029541, 186.583938599, 186.943847656, 187.292144775, 187.640457153, 187.988754272, 188.337051392, 188.685348511, 189.03364563, 189.393554688, 189.753463745, 190.113372803, 190.47328186, 190.821578979, 191.169876099, 191.529785156, 191.889694214, 192.238006592, 192.586303711, 192.946212769, 193.306121826, 193.654418945, 194.002716064, 194.362625122, 194.72253418, 195.082443237, 195.442352295, 195.790649414, 196.150558472, 196.510467529, 196.858764648, 197.218673706, 197.578598022, 197.926895142, 198.275192261, 198.62348938, 198.971786499, 199.320083618, 199.668380737, 200.016693115, 200.364990234, 200.713287354, 201.061584473, 201.42149353, 201.781402588, 202.129699707, 202.477996826, 202.837905884, 203.197814941, 203.546112061, 203.894424438, 204.254333496, 204.614242554, 204.962539673, 205.32244873, 205.682357788, 206.042266846, 206.413787842, 206.808517456, 207.191650391, 207.586395264, 207.981124878, 208.375869751, 208.770614624, 209.1537323, 209.560089111, 209.966430664, 210.372787476, 210.779129028, 211.18548584, 211.580215454, 211.974960327, 212.381317139, 212.787658691, 213.194015503, 213.611968994, 214.018310547, 214.436279297, 214.854232788], "danceability": 1.05541241169, "bpm_histogram_second_peak_spread": {"dvar": 0, "var": 0, "median": 0, "max": 0, "dmean": 0, "dmean2": 0, "mean": 0, "dvar2": 0, "min": 0}}, "lowlevel": {"spectral_flux": {"dvar": 0.000661442929413, "var": 0.00140966486651, "median": 0.088952600956, "max": 0.250023007393, "dmean": 0.0231895968318, "dmean2": 0.0360563062131, "mean": 0.0927772969007, "dvar2": 0.00124737189617, "min": 4.98411063745e-05}, "spectral_rolloff": {"dvar": 740128.375, "var": 1950446.25, "median": 1787.25585938, "max": 15051.7089844, "dmean": 418.025512695, "dmean2": 694.680847168, "mean": 1866.03063965, "dvar2": 1695744, "min": 86.1328125}, "barkbands_flatness_db": {"dvar": 0.000257370236795, "var": 0.00519167771563, "median": 0.0928939282894, "max": 0.686088979244, "dmean": 0.0162716526538, "dmean2": 0.0250584222376, "mean": 0.108590230346, "dvar2": 0.000629570044111, "min": 0.0187199432403}, "spectral_centroid": {"dvar": 54828.8632812, "var": 310179.9375, "median": 1586.06750488, "max": 10940.40625, "dmean": 196.211242676, "dmean2": 303.952545166, "mean": 1544.00952148, "dvar2": 104264.898438, "min": 90.6586074829}, "melbands_skewness": {"dvar": 0.452190876007, "var": 1.95496571064, "median": 1.54180502892, "max": 21.0906143188, "dmean": 0.571410596371, "dmean2": 0.933843016624, "mean": 1.832685709, "dvar2": 1.21338832378, "min": -0.466819912195}, "melbands": {"dvar": [3.1210090583e-06, 4.50675088359e-06, 9.92973014036e-07, 8.03346040357e-07, 1.41580585478e-07, 1.18468527432e-07, 9.19699161273e-08, 8.40379712486e-08, 8.23157364493e-08, 7.47158139802e-08, 1.30962291678e-07, 4.16154577465e-08, 5.10029529721e-08, 5.81165560121e-09, 4.38225411514e-09, 5.69214364532e-09, 9.44719413809e-09, 1.0480169621e-08, 3.14928483292e-09, 3.4336262722e-09, 1.95231497635e-09, 9.05221786418e-10, 1.30966759659e-09, 1.0624263691e-09, 4.00527666589e-10, 8.00838631521e-11, 1.30466790149e-10, 1.09094316914e-10, 4.09138591062e-11, 3.41712109997e-11, 3.86686793696e-11, 7.03698141424e-11, 6.25042170799e-11, 7.73847513846e-11, 4.94146286389e-11, 4.50097320526e-11, 2.4513753874e-11, 1.6536117961e-11, 2.07172941996e-11, 4.47778099322e-12], "var": [2.1774403649e-06, 4.020281267e-06, 1.14325962386e-06, 7.31065938453e-07, 2.98786318353e-07, 5.2913003401e-07, 3.72450102759e-07, 2.08014228065e-07, 1.8699635973e-07, 2.23952028477e-07, 3.18086506468e-07, 9.76705436528e-08, 1.33445851702e-07, 1.40336231524e-08, 1.01822088538e-08, 1.325617216e-08, 2.19969908954e-08, 2.63254502642e-08, 7.95358179317e-09, 9.31785493208e-09, 5.42262457159e-09, 2.2546762235e-09, 2.91655966045e-09, 1.85375448325e-09, 7.99380228678e-10, 2.05477648785e-10, 2.72168121374e-10, 1.7497843452e-10, 7.55722637247e-11, 7.17214065915e-11, 8.17630754768e-11, 1.30711538815e-10, 1.326129484e-10, 1.38566366714e-10, 9.01331301262e-11, 7.80369865949e-11, 3.50141166061e-11, 2.65580873265e-11, 3.35241417959e-11, 6.9952221099e-12], "median": [0.000474407337606, 0.00159682484809, 0.000864795758389, 0.000315448560286, 0.00023547312594, 0.000192174920812, 0.000159931310918, 0.000109233951662, 9.49602690525e-05, 0.00011556550453, 0.000175030756509, 7.48552265577e-05, 9.49721725192e-05, 6.37852208456e-05, 5.7875229686e-05, 5.68173127249e-05, 7.41030671634e-05, 5.48216121388e-05, 4.97986475239e-05, 5.322702782e-05, 4.99502348248e-05, 3.61410129699e-05, 3.36913799401e-05, 2.50206012424e-05, 1.50440255311e-05, 9.0713147074e-06, 9.50640787778e-06, 7.30861302145e-06, 4.94172400067e-06, 4.53316533822e-06, 3.66193307855e-06, 2.83537951873e-06, 2.55724080489e-06, 3.17009448736e-06, 1.99476903617e-06, 1.22851588458e-06, 9.0036326128e-07, 7.24800656826e-07, 6.31332113699e-07, 4.34975561348e-07], "max": [0.0155252180994, 0.0222753379494, 0.0123544577509, 0.0157088432461, 0.00711519364268, 0.00715408846736, 0.00583866564557, 0.00509820505977, 0.00690273940563, 0.00528488820419, 0.00658797333017, 0.00418397784233, 0.00499932235107, 0.00133932312019, 0.00161685061175, 0.001871776185, 0.00169798650313, 0.00182404241059, 0.00159211014397, 0.000964249426033, 0.00086664268747, 0.000741392897908, 0.000510040845256, 0.000472462183097, 0.000525334326085, 0.000176639849087, 0.000282963825157, 0.000311416137265, 0.00020209926879, 0.000188335237908, 0.000266788993031, 0.000321357627399, 0.000240460547502, 0.000304324203171, 0.00026529666502, 0.000190828053746, 0.000160762792802, 0.000116659015475, 0.000212910206756, 6.34877433185e-05], "dmean": [0.000840080261696, 0.00126675295178, 0.000657779513858, 0.000420030584792, 0.000223013194045, 0.000178037706064, 0.000158301467309, 0.000145675483509, 0.000121256991406, 0.000142976641655, 0.000205998498132, 8.95077610039e-05, 0.000114650109026, 5.06959731865e-05, 4.15038884967e-05, 4.68374310003e-05, 6.52956296108e-05, 5.64337933611e-05, 3.77054857381e-05, 3.97167350457e-05, 3.26126573782e-05, 2.25164767471e-05, 2.46036561293e-05, 2.04447715078e-05, 1.07457062768e-05, 5.85028510613e-06, 6.66290907247e-06, 5.00549958815e-06, 3.43433976013e-06, 3.32165745931e-06, 2.83434997073e-06, 3.19763648804e-06, 2.40776603277e-06, 2.75948559647e-06, 1.86791237411e-06, 1.54407473474e-06, 1.12870441171e-06, 9.3324615591e-07, 8.89985585673e-07, 5.46881210539e-07], "dmean2": [0.0014901565155, 0.00221239728853, 0.00111218017992, 0.000713092333172, 0.000365458225133, 0.000273980520433, 0.000245371833444, 0.000236271574977, 0.000192926148884, 0.000224953066208, 0.000329535425408, 0.000144917095895, 0.000184522315976, 8.27345211292e-05, 6.67722633807e-05, 7.70465630922e-05, 0.000108513078885, 9.36418582569e-05, 6.21176586719e-05, 6.60468285787e-05, 5.44540052942e-05, 3.73934053641e-05, 4.06119870604e-05, 3.4532367863e-05, 1.76823959919e-05, 9.60077704804e-06, 1.08895610538e-05, 8.25023198558e-06, 5.61318393011e-06, 5.47346553503e-06, 4.44854958914e-06, 5.07780578118e-06, 3.64419429388e-06, 4.22858829552e-06, 2.87828424916e-06, 2.31192825595e-06, 1.73325781816e-06, 1.40031136198e-06, 1.30915270802e-06, 8.23637662961e-07], "mean": [0.000887023401447, 0.00212580082007, 0.00114379124716, 0.000551457575057, 0.000396003451897, 0.000427122286055, 0.000368523760699, 0.000266671471763, 0.000224253235501, 0.000278873718344, 0.000384531042073, 0.000177046778845, 0.000212760991417, 0.00010038416076, 8.48215058795e-05, 9.33281990001e-05, 0.000125887483591, 0.000113965157652, 8.01699861768e-05, 8.71684460435e-05, 7.38688759157e-05, 4.99194538861e-05, 4.95366912219e-05, 3.86887368222e-05, 2.35846327996e-05, 1.34815554702e-05, 1.44337491292e-05, 1.03887077785e-05, 6.89293074174e-06, 6.40008738628e-06, 5.33992124474e-06, 4.92094341098e-06, 4.41867268819e-06, 5.17034732184e-06, 3.58657507604e-06, 2.64466007138e-06, 1.85057672297e-06, 1.54246652073e-06, 1.44281773373e-06, 9.09147047423e-07], "dvar2": [8.64091180119e-06, 1.27584034999e-05, 2.61252421296e-06, 2.10290750147e-06, 3.6110924384e-07, 2.71550476327e-07, 2.10759765196e-07, 2.18808807517e-07, 1.98323576228e-07, 1.844995694e-07, 3.40998525417e-07, 1.10360886652e-07, 1.316938949e-07, 1.50628025608e-08, 1.09838680373e-08, 1.5045459989e-08, 2.53387462124e-08, 2.8534783425e-08, 8.32832025566e-09, 9.37473387808e-09, 5.38993027988e-09, 2.44726705567e-09, 3.38876748884e-09, 3.05504976872e-09, 1.06828512703e-09, 1.99219377106e-10, 3.16377368748e-10, 2.68129768388e-10, 9.76764363836e-11, 8.33581745296e-11, 7.62424706702e-11, 1.4106248114e-10, 1.13272211055e-10, 1.6534662528e-10, 1.0039587911e-10, 9.0263289898e-11, 5.40136893545e-11, 3.54507603828e-11, 4.15625069083e-11, 9.28117565441e-12], "min": [2.01582702963e-15, 6.25214923643e-15, 1.2461547873e-14, 1.75278255723e-14, 1.87132583463e-14, 1.49457066189e-14, 8.01542026382e-15, 2.18658442488e-15, 5.91790421209e-16, 2.07663616019e-15, 2.78607538143e-15, 1.32775728499e-15, 2.74086388614e-16, 9.7018253806e-16, 1.16871784941e-15, 3.22731146667e-16, 6.07778631309e-17, 1.26169766188e-16, 2.33074562085e-16, 1.29269297971e-16, 3.00044533845e-16, 2.53200038442e-16, 5.65123971145e-16, 6.25738707641e-16, 3.3280718591e-16, 2.41920233032e-16, 1.85549330125e-16, 3.82588662179e-16, 1.70214036843e-16, 1.66452720866e-16, 1.37701709484e-16, 1.0900218844e-16, 1.65023590996e-16, 2.18877945782e-16, 1.07371484581e-16, 1.57870212467e-16, 1.75570951134e-16, 3.01304521824e-16, 1.78716328574e-16, 3.5613293803e-16]}, "spectral_decrease": {"dvar": 7.82918508848e-18, "var": 1.03979241704e-17, "median": -7.49571782421e-09, "max": -7.6541755653e-20, "dmean": 2.234801455e-09, "dmean2": 3.78535469636e-09, "mean": -7.77426656384e-09, "dvar2": 2.1305638098e-17, "min": -2.63237893705e-08}, "barkbands_kurtosis": {"dvar": 43.6434593201, "var": 355.075775146, "median": -0.11162507534, "max": 437.391174316, "dmean": 1.62827289104, "dmean2": 2.69247221947, "mean": 2.49977421761, "dvar2": 116.260673523, "min": -1.9020973444}, "silence_rate_30dB": {"dvar": 0, "var": 0, "median": 1, "max": 1, "dmean": 0, "dmean2": 0, "mean": 1, "dvar2": 0, "min": 1}, "gfcc": {"mean": [35.4948692322, 83.5619506836, -122.936729431, 28.9726753235, -46.1064453125, 15.6697797775, -35.2947883606, 8.99328422546, -19.8143367767, -2.26141452789, -19.7019844055, -1.55067527294, -12.9080657959], "cov": [[12780.8369141, -790.687255859, -2398.97363281, -227.496276855, -976.242919922, 337.350708008, -420.511566162, 56.1935005188, -198.373596191, 51.3134040833, -107.331520081, 147.456604004, -34.9816970825], [-790.687255859, 988.613037109, -24.4374809265, -27.0563087463, 211.45753479, -141.51725769, 86.6245269775, -17.7823371887, 70.2554321289, -79.3606262207, 49.2435569763, -88.077041626, 41.8732452393], [-2398.97363281, -24.4374809265, 1101.91101074, 33.0077476501, 229.850570679, -91.6432952881, 86.6015014648, 2.05956697464, 28.3215770721, 36.6472816467, -5.48473215103, -8.80389690399, -14.5199785233], [-227.496276855, -27.0563087463, 33.0077476501, 248.11315918, 14.0083990097, 9.35016155243, 10.1172161102, -31.4211349487, 28.1436309814, 3.36606311798, 12.4384231567, 3.58587694168, 10.1032190323], [-976.242919922, 211.45753479, 229.850570679, 14.0083990097, 301.778778076, -29.4098758698, 80.8962478638, -7.7770242691, 28.4572238922, -5.47108364105, 11.7378349304, -3.65742301941, 13.985543251], [337.350708008, -141.51725769, -91.6432952881, 9.35016155243, -29.4098758698, 165.698852539, 34.1070823669, 17.4357376099, -20.6859779358, -11.9552707672, -20.3625030518, 2.84292173386, 1.79632222652], [-420.511566162, 86.6245269775, 86.6015014648, 10.1172161102, 80.8962478638, 34.1070823669, 136.488113403, 22.3685512543, 3.98877739906, -21.1457252502, -3.25045108795, -15.6345481873, -3.91755652428], [56.1935005188, -17.7823371887, 2.05956697464, -31.4211349487, -7.7770242691, 17.4357376099, 22.3685512543, 82.4115600586, 26.1398696899, 5.72244930267, -6.93905735016, -7.49211502075, -0.476520001888], [-198.373596191, 70.2554321289, 28.3215770721, 28.1436309814, 28.4572238922, -20.6859779358, 3.98877739906, 26.1398696899, 89.2017669678, 24.0959205627, 2.5003759861, -14.5135002136, 6.68810510635], [51.3134040833, -79.3606262207, 36.6472816467, 3.36606311798, -5.47108364105, -11.9552707672, -21.1457252502, 5.72244930267, 24.0959205627, 79.7753677368, 32.7876281738, 21.2887630463, -8.67837142944], [-107.331520081, 49.2435569763, -5.48473215103, 12.4384231567, 11.7378349304, -20.3625030518, -3.25045108795, -6.93905735016, 2.5003759861, 32.7876281738, 73.9808273315, 25.84856987, 1.97929370403], [147.456604004, -88.077041626, -8.80389690399, 3.58587694168, -3.65742301941, 2.84292173386, -15.6345481873, -7.49211502075, -14.5135002136, 21.2887630463, 25.84856987, 71.6632232666, 19.8155860901], [-34.9816970825, 41.8732452393, -14.5199785233, 10.1032190323, 13.985543251, 1.79632222652, -3.91755652428, -0.476520001888, 6.68810510635, -8.67837142944, 1.97929370403, 19.8155860901, 51.4130935669]], "icov": [[0.000185050608707, -0.000100127464975, 0.000327064248268, 2.623139153e-06, 0.000248325930443, -0.00017317176389, 0.000237270593061, -0.000220620451728, 0.000327618123265, -0.000490056467243, 0.000640829966869, -0.000518744986039, 0.000303771026665], [-0.000100127464975, 0.00279406108893, 0.000296838174108, 0.000832528108731, -0.00134937057737, 0.00206357706338, -0.00137940852437, 0.00123578426428, -0.00205954280682, 0.00330454157665, -0.00405956851318, 0.00416462821886, -0.0028453329578], [0.000327064248268, 0.000296838174108, 0.00188843056094, -9.01824314496e-05, -0.00057126901811, 0.000818109256215, -0.000410573760746, -0.000385035935324, 0.000705125101376, -0.00145211210474, 0.00140610069502, -0.000291520351311, 0.000345173320966], [2.623139153e-06, 0.000832528108731, -9.01824314496e-05, 0.00512097356841, 7.99143235781e-05, -0.000338517827913, -0.000988273648545, 0.00334301055409, -0.00343170179985, 0.00165425508749, -0.00212901458144, 0.000836517836433, -0.00127708993386], [0.000248325930443, -0.00134937057737, -0.00057126901811, 7.99143235781e-05, 0.00593245960772, -0.000538638909347, -0.00200339709409, 0.000973521498963, -0.000573649944272, -0.00129621464293, 0.00161881942768, -0.00261192419566, 0.000152526277816], [-0.00017317176389, 0.00206357706338, 0.000818109256215, -0.000338517827913, -0.000538638909347, 0.00957034528255, -0.00394918676466, -0.000793518382125, 0.000963420723565, 0.00109075277578, -0.000327385525452, 0.00243997084908, -0.00286607886665], [0.000237270593061, -0.00137940852437, -0.000410573760746, -0.000988273648545, -0.00200339709409, -0.00394918676466, 0.0123092578724, -0.00418708194047, 0.00158119190019, 0.00160001183394, 0.000304925371893, -0.00109288259409, 0.00341909308918], [-0.000220620451728, 0.00123578426428, -0.000385035935324, 0.00334301055409, 0.000973521498963, -0.000793518382125, -0.00418708194047, 0.0176263507456, -0.00772899901494, 0.00125711329747, -0.00153965386562, 0.00187178445049, -0.00175956182647], [0.000327618123265, -0.00205954280682, 0.000705125101376, -0.00343170179985, -0.000573649944272, 0.000963420723565, 0.00158119190019, -0.00772899901494, 0.0204175412655, -0.010758000426, 0.00539433630183, 0.00267194258049, -0.00276439450681], [-0.000490056467243, 0.00330454157665, -0.00145211210474, 0.00165425508749, -0.00129621464293, 0.00109075277578, 0.00160001183394, 0.00125711329747, -0.010758000426, 0.0267035532743, -0.0138535369188, -0.000895344652236, 0.00347341969609], [0.000640829966869, -0.00405956851318, 0.00140610069502, -0.00212901458144, 0.00161881942768, -0.000327385525452, 0.000304925371893, -0.00153965386562, 0.00539433630183, -0.0138535369188, 0.0271181799471, -0.0118821766227, 0.00463332142681], [-0.000518744986039, 0.00416462821886, -0.000291520351311, 0.000836517836433, -0.00261192419566, 0.00243997084908, -0.00109288259409, 0.00187178445049, 0.00267194258049, -0.000895344652236, -0.0118821766227, 0.028925601393, -0.0146219665185], [0.000303771026665, -0.0028453329578, 0.000345173320966, -0.00127708993386, 0.000152526277816, -0.00286607886665, 0.00341909308918, -0.00175956182647, -0.00276439450681, 0.00347341969609, 0.00463332142681, -0.0146219665185, 0.0290287919343]]}, "silence_rate_20dB": {"dvar": 0, "var": 0, "median": 1, "max": 1, "dmean": 0, "dmean2": 0, "mean": 1, "dvar2": 0, "min": 1}, "barkbands_skewness": {"dvar": 0.179550945759, "var": 1.17530238628, "median": 0.734700918198, "max": 16.4429779053, "dmean": 0.388310849667, "dmean2": 0.626718997955, "mean": 0.906027674675, "dvar2": 0.464384913445, "min": -1.19639360905}, "erbbands_skewness": {"dvar": 0.112018682063, "var": 1.48848795891, "median": 0.016041636467, "max": 15.6291189194, "dmean": 0.308756142855, "dmean2": 0.489455252886, "mean": 0.173874914646, "dvar2": 0.287201881409, "min": -2.69385385513}, "spectral_contrast_valleys": {"dvar": [0.12975807488, 0.0817623436451, 0.063553571701, 0.051471684128, 0.0721361637115, 0.107554219663], "var": [0.825315952301, 1.22892653942, 1.64108109474, 1.61559224129, 1.50604069233, 1.5177218914], "median": [-6.94488811493, -6.41099691391, -6.76052093506, -6.8418712616, -6.84690189362, -9.52935028076], "max": [-5.32869338989, -5.11942911148, -5.41371250153, -5.49360847473, -5.54696035385, -7.33438491821], "dmean": [0.416796594858, 0.313775002956, 0.269965350628, 0.21745814383, 0.213723629713, 0.24469576776], "dmean2": [0.693733692169, 0.5267547369, 0.446004331112, 0.3581340909, 0.339863032103, 0.319861352444], "mean": [-7.05110025406, -6.58306121826, -6.97558641434, -7.05027151108, -7.09606790543, -9.79443740845], "dvar2": [0.316563785076, 0.179781213403, 0.135040685534, 0.0953681096435, 0.140275657177, 0.163797572255], "min": [-27.045255661, -27.6969604492, -27.0768737793, -27.2784862518, -27.2766056061, -27.2636547089]}, "spectral_strongpeak": {"dvar": 1.12321150303, "var": 1.70081377029, "median": 0.500908970833, "max": 10.1018381119, "dmean": 0.733762741089, "dmean2": 1.27934515476, "mean": 1.16081833839, "dvar2": 2.89776086807, "min": 0}, "erbbands_crest": {"dvar": 4.63997364044, "var": 18.0206222534, "median": 7.52564430237, "max": 29.1628990173, "dmean": 2.3111884594, "dmean2": 3.79474925995, "mean": 8.66082382202, "dvar2": 12.2222681046, "min": 2.09104800224}, "barkbands_crest": {"dvar": 4.77713394165, "var": 10.1948261261, "median": 6.83293151855, "max": 21.568107605, "dmean": 2.21052885056, "dmean2": 3.74331307411, "mean": 7.55303859711, "dvar2": 13.3608951569, "min": 2.24134945869}, "spectral_energyband_middle_low": {"dvar": 3.38975405612e-05, "var": 7.06146311131e-05, "median": 0.0104227364063, "max": 0.0656455755234, "dmean": 0.00448790332302, "dmean2": 0.00726939551532, "mean": 0.0125488406047, "dvar2": 8.70903095347e-05, "min": 2.50875221205e-13}, "spectral_contrast_coeffs": {"dvar": [0.00179802905768, 0.00125559512526, 0.000958151882514, 0.000517415581271, 0.000311352923745, 0.00035494484473], "var": [0.00414309510961, 0.00502373510972, 0.00437870342284, 0.0023152504582, 0.00162385439035, 0.00166897301096], "median": [-0.640713095665, -0.746338844299, -0.741415321827, -0.769182443619, -0.781226336956, -0.750170588493], "max": [-0.379365205765, -0.443331807852, -0.492341250181, -0.589813113213, -0.627621352673, -0.605106830597], "dmean": [0.0526430346072, 0.0451185628772, 0.0389519743621, 0.0290225818753, 0.0214667022228, 0.0189850684255], "dmean2": [0.0875000506639, 0.0744882002473, 0.063996553421, 0.0480677112937, 0.0352387912571, 0.0309623312205], "mean": [-0.638440668583, -0.740041196346, -0.737220942974, -0.770721495152, -0.781270027161, -0.757998049259], "dvar2": [0.00484101939946, 0.0033670598641, 0.00257136602886, 0.00143187737558, 0.000809652614407, 0.000915663375054], "min": [-0.97603815794, -0.960447251797, -0.967649996281, -0.963528752327, -0.959976673126, -0.959606647491]}, "hfc": {"dvar": 118.459243774, "var": 399.282806396, "median": 31.1051368713, "max": 215.204986572, "dmean": 7.09032773972, "dmean2": 10.9835653305, "mean": 32.1910171509, "dvar2": 235.051727295, "min": 2.66733168885e-09}, "spectral_energyband_high": {"dvar": 1.76104310867e-06, "var": 4.16244574808e-06, "median": 0.000806708412711, "max": 0.0286490116268, "dmean": 0.00048452016199, "dmean2": 0.000695550639648, "mean": 0.00116285635158, "dvar2": 3.12420525006e-06, "min": 1.82862392221e-13}, "erbbands_spread": {"dvar": 53.4257316589, "var": 258.136169434, "median": 29.3686408997, "max": 147.768783569, "dmean": 6.31763315201, "dmean2": 9.90958023071, "mean": 32.3028564453, "dvar2": 122.536514282, "min": 0.647349238396}, "dissonance": {"dvar": 0.000215280873817, "var": 0.000508800090756, "median": 0.478629797697, "max": 0.499999970198, "dmean": 0.0144761698321, "dmean2": 0.0245355609804, "mean": 0.472653150558, "dvar2": 0.000556423678063, "min": 0.0204367935658}, "spectral_kurtosis": {"dvar": 9.67598342896, "var": 85.1769180298, "median": 4.29571580887, "max": 142.634872437, "dmean": 1.53080427647, "dmean2": 2.53902363777, "mean": 5.65929746628, "dvar2": 28.9022712708, "min": -1.17819154263}, "spectral_skewness": {"dvar": 0.0662840604782, "var": 0.631765425205, "median": 1.52756047249, "max": 10.4415464401, "dmean": 0.206357941031, "dmean2": 0.333561211824, "mean": 1.6483361721, "dvar2": 0.183147951961, "min": 0.0183026473969}, "pitch_salience": {"dvar": 0.0032750852406, "var": 0.00948395766318, "median": 0.562683105469, "max": 0.929743289948, "dmean": 0.0636104717851, "dmean2": 0.105757705867, "mean": 0.551791489124, "dvar2": 0.00906803831458, "min": 0.050651948899}, "spectral_complexity": {"dvar": 13.1782846451, "var": 106.841659546, "median": 29, "max": 56, "dmean": 3.65649604797, "dmean2": 5.84731531143, "mean": 28.9008197784, "dvar2": 29.6723804474, "min": 0}, "spectral_spread": {"dvar": 394626203648, "var": 1980171812860.0, "median": 4035133.5, "max": 39600312, "dmean": 453065.75, "dmean2": 611027, "mean": 4312984, "dvar2": 571665088512, "min": 804284.5625}, "dynamic_complexity": 2.29773235321, "melbands_crest": {"dvar": 6.35441732407, "var": 22.4100322723, "median": 11.3416557312, "max": 32.0101585388, "dmean": 2.86050343513, "dmean2": 4.77691698074, "mean": 12.175359726, "dvar2": 17.0065002441, "min": 3.28755140305}, "zerocrossingrate": {"dvar": 0.000139323339681, "var": 0.000984415295534, "median": 0.0673828125, "max": 0.4873046875, "dmean": 0.00900343246758, "dmean2": 0.0108525427058, "mean": 0.0684050694108, "dvar2": 0.000173794236616, "min": 0.00341796875}, "spectral_energyband_low": {"dvar": 9.18295772863e-05, "var": 7.78373432695e-05, "median": 0.00711664464325, "max": 0.0919196084142, "dmean": 0.00552307767794, "dmean2": 0.00959544535726, "mean": 0.00938250031322, "dvar2": 0.000256798346527, "min": 3.67523055717e-14}, "melbands_kurtosis": {"dvar": 133.370697021, "var": 929.864501953, "median": 2.57460403442, "max": 885.250671387, "dmean": 4.0439991951, "dmean2": 6.72553443909, "mean": 7.53252363205, "dvar2": 351.521850586, "min": -1.7042658329}, "spectral_energyband_middle_high": {"dvar": 7.31851514502e-06, "var": 5.35911749466e-05, "median": 0.00929044932127, "max": 0.0477567613125, "dmean": 0.00232517858967, "dmean2": 0.00377217703499, "mean": 0.0105697661638, "dvar2": 1.94023377844e-05, "min": 6.4677755339e-14}, "barkbands_spread": {"dvar": 35.759967804, "var": 165.574935913, "median": 26.4859733582, "max": 115.5210495, "dmean": 5.02975463867, "dmean2": 7.76122665405, "mean": 27.2500209808, "dvar2": 73.2540817261, "min": 0.209428578615}, "mfcc": {"mean": [-600.80657959, 114.861351013, -12.9248476028, 18.9933681488, 9.99438381195, 7.95078277588, -1.62501490116, 8.61534786224, 3.13432860374, 2.74696445465, -0.97773951292, -2.24519753456, -1.77065515518], "cov": [[8281.43164062, -232.276947021, -938.409484863, -368.102508545, -441.296966553, -105.098693848, -301.624603271, -52.8995132446, -177.615951538, -75.8232040405, -106.808418274, -71.3410186768, -36.960773468], [-232.276947021, 933.078735352, -78.8478469849, 52.6606559753, 79.8370513916, -79.084953308