{"tonal": {"chords_key": "D", "hpcp_entropy": {"dmean": 0.686389684677, "dmean2": 1.15431308746, "max": 4.6027765274, "dvar": 0.344154119492, "mean": 1.89804458618, "dvar2": 0.919334352016, "min": 0, "var": 0.660783588886, "median": 1.96126949787}, "key_key": "F", "chords_strength": {"dmean": 0.0132687008008, "dmean2": 0.0140190320089, "max": 0.796025693417, "dvar": 0.000452155596577, "mean": 0.537630140781, "dvar2": 0.000822004221845, "min": -1, "var": 0.0276965163648, "median": 0.552048444748}, "key_scale": "major", "chords_number_rate": 0.00238619674928, "thpcp": [1, 0.773150503635, 0.309816658497, 0.209064304829, 0.187027424574, 0.271690547466, 0.61157476902, 0.748610377312, 0.538156867027, 0.404365569353, 0.360563457012, 0.449647337198, 0.654029071331, 0.57271271944, 0.321737170219, 0.343318045139, 0.386641323566, 0.347543716431, 0.389341294765, 0.379632800817, 0.416358649731, 0.652867794037, 0.605023801327, 0.297117471695, 0.196709111333, 0.203691825271, 0.311084151268, 0.65113222599, 0.742903053761, 0.507803916931, 0.414403498173, 0.327926903963, 0.325579822063, 0.51588755846, 0.518863916397, 0.633654713631], "key_strength": 0.653700470924, "tuning_nontempered_energy_ratio": 0.860489368439, "tuning_frequency": 434.193115234, "chords_changes_rate": 0.0785609409213, "tuning_diatonic_strength": 0.618276774883, "chords_scale": "minor", "chords_histogram": [8.93906021118, 1.54185020924, 13.0690164566, 7.0851688385, 4.22173261642, 0, 0.62408220768, 0, 1.11967694759, 0, 1.10132157803, 0.385462552309, 0, 0, 0, 0.146842882037, 0, 11.2151250839, 0.183553591371, 2.23935389519, 4.8641705513, 7.50734233856, 7.96622610092, 27.790014267], "tuning_equal_tempered_deviation": 0.172315061092, "hpcp": {"dmean": [0.154256403446, 0.141435846686, 0.10287194699, 0.087859660387, 0.0948489457369, 0.118465304375, 0.121837794781, 0.116406813264, 0.124297954142, 0.151074260473, 0.147420570254, 0.0937996506691, 0.073239184916, 0.0783751159906, 0.0990216210485, 0.142493858933, 0.155727103353, 0.145019426942, 0.113592982292, 0.096726089716, 0.106713868678, 0.125980362296, 0.134503170848, 0.171882748604, 0.223753765225, 0.162700995803, 0.100589334965, 0.0784395262599, 0.0723391026258, 0.0895200073719, 0.138236522675, 0.159380748868, 0.153748452663, 0.143494039774, 0.133201688528, 0.138225033879], "dmean2": [0.264696985483, 0.242810711265, 0.183071583509, 0.157528296113, 0.169558703899, 0.215000107884, 0.220961481333, 0.207089364529, 0.217514052987, 0.261510580778, 0.252864897251, 0.166631132364, 0.132040277123, 0.142119035125, 0.177734360099, 0.248676881194, 0.269106686115, 0.253882527351, 0.201301649213, 0.171169638634, 0.190274149179, 0.21586099267, 0.232999905944, 0.301444083452, 0.395944595337, 0.279289335012, 0.179543316364, 0.141820967197, 0.130818203092, 0.158387154341, 0.239537611604, 0.270325124264, 0.26803958416, 0.25532412529, 0.238242745399, 0.245440006256], "max": [1, 1, 1, 1, 1, 1, 1, 1, 1, 1, 1, 1, 1, 1, 1, 1, 1, 1, 1, 1, 1, 1, 1, 1, 1, 1, 1, 1, 1, 1, 1, 1, 1, 1, 1, 1], "dvar": [0.0508752577007, 0.0461406931281, 0.0320552401245, 0.0304152909666, 0.0338951162994, 0.0436144918203, 0.0468772761524, 0.036699090153, 0.0389757491648, 0.0474931374192, 0.0474858395755, 0.0258365310729, 0.0237860567868, 0.0282573979348, 0.0299841165543, 0.0467054322362, 0.0491685904562, 0.0451329834759, 0.0394950993359, 0.0325439199805, 0.0332442857325, 0.0412420593202, 0.0428118407726, 0.0462355278432, 0.0884606465697, 0.0430160798132, 0.0311508309096, 0.0264117121696, 0.0221643485129, 0.024227116257, 0.0441209562123, 0.0539774484932, 0.0523406043649, 0.0532095842063, 0.0470418855548, 0.0454030446708], "mean": [0.196886390448, 0.172407224774, 0.0968545228243, 0.103351138532, 0.116393014789, 0.104623220861, 0.117205806077, 0.114283196628, 0.125339001417, 0.196536809206, 0.182134032249, 0.089443102479, 0.059216555208, 0.0613186024129, 0.0936475768685, 0.196014329791, 0.223640680313, 0.152867332101, 0.124750435352, 0.0987178534269, 0.0980112925172, 0.155300810933, 0.156196802855, 0.190752968192, 0.301036149263, 0.232746258378, 0.093266017735, 0.062935911119, 0.0563020147383, 0.0817886739969, 0.184106111526, 0.225358784199, 0.162004679441, 0.121728651226, 0.108542636037, 0.135360106826], "dvar2": [0.125696450472, 0.11513184756, 0.0892104953527, 0.0836664736271, 0.0895648747683, 0.120419681072, 0.129716143012, 0.098589129746, 0.108157046139, 0.118929222226, 0.119624882936, 0.0711383149028, 0.0653128698468, 0.0770768001676, 0.083532884717, 0.118406042457, 0.122214838862, 0.121174834669, 0.102800190449, 0.0872266367078, 0.0931387990713, 0.101918756962, 0.106848791242, 0.123207859695, 0.219754338264, 0.103286087513, 0.0862583518028, 0.070908986032, 0.0602185167372, 0.0652297213674, 0.108125448227, 0.126992538571, 0.135376140475, 0.143605440855, 0.125052645802, 0.120097205043], "min": [0, 0, 0, 0, 0, 0, 0, 0, 0, 0, 0, 0, 0, 0, 0, 0, 0, 0, 0, 0, 0, 0, 0, 0, 0, 0, 0, 0, 0, 0, 0, 0, 0, 0, 0, 0], "var": [0.0825104564428, 0.070979423821, 0.0306356437504, 0.0461575202644, 0.0583883374929, 0.0400984324515, 0.0512037053704, 0.0431628264487, 0.0415042638779, 0.0808323398232, 0.0728304088116, 0.0234933942556, 0.0201696734875, 0.0234073903412, 0.0286438763142, 0.0856184065342, 0.0955348387361, 0.0508161410689, 0.0593477338552, 0.0431239530444, 0.0308068618178, 0.0666087046266, 0.0631374269724, 0.059393633157, 0.140220105648, 0.0917661637068, 0.0290291830897, 0.0228145774454, 0.0175746679306, 0.0230867452919, 0.0819075629115, 0.10352897644, 0.0630686357617, 0.0504405200481, 0.0420310236514, 0.0497050397098], "median": [0.0507187508047, 0.0428333282471, 0.0240656547248, 0.0121895642951, 0.0108768828213, 0.0155595932156, 0.0151588348672, 0.0201972424984, 0.0384391546249, 0.0477238073945, 0.046270750463, 0.0264124199748, 0.0109295099974, 0.0100803915411, 0.0210324265063, 0.0492632947862, 0.0664764046669, 0.0462498627603, 0.0155644286424, 0.0107625257224, 0.020240098238, 0.0309182349592, 0.0365407653153, 0.0728318169713, 0.0859098732471, 0.067791454494, 0.0197690352798, 0.00907882302999, 0.00934377964586, 0.0173301957548, 0.0366970598698, 0.0479352846742, 0.0368741154671, 0.0169646888971, 0.0181980319321, 0.0340191051364]}}, "lowlevel": {"melbands_flatness_db": {"dmean": 0.0318506993353, "dmean2": 0.0456560961902, "max": 0.640318572521, "dvar": 0.00111893669236, "mean": 0.224225983024, "dvar2": 0.00221641920507, "min": 0.00439640786499, "var": 0.00575887225568, "median": 0.218775212765}, "melbands_crest": {"dmean": 3.5863032341, "dmean2": 5.84179782867, "max": 35.4873733521, "dvar": 11.7234344482, "mean": 14.1284360886, "dvar2": 28.8954715729, "min": 1.88858640194, "var": 34.8893508911, "median": 12.8239355087}, "spectral_entropy": {"dmean": 0.245523512363, "dmean2": 0.33651548624, "max": 9.79399871826, "dvar": 0.0708142220974, "mean": 7.35588407516, "dvar2": 0.127210587263, "min": 4.67790985107, "var": 0.350208640099, "median": 7.35484075546}, "melbands": {"dmean": [0.00138165883254, 0.00127396383323, 0.000781780516263, 0.000356593576726, 0.000291584641673, 0.000285529968096, 0.000297045422485, 0.000188156933291, 0.000113935006084, 0.00013081986981, 0.00017583220324, 8.91147283255e-05, 7.90496778791e-05, 6.63182072458e-05, 5.47053168702e-05, 2.2818097932e-05, 2.54125534411e-05, 3.16801015288e-05, 1.51428421304e-05, 1.32219875013e-05, 6.43136172584e-06, 6.08557138548e-06, 6.26506061963e-06, 6.34621164863e-06, 7.75858461566e-06, 5.91843081565e-06, 4.15067052018e-06, 4.09297626902e-06, 3.75350828108e-06, 2.99232601719e-06, 2.7886285352e-06, 2.68297048933e-06, 1.84005216397e-06, 1.55522320711e-06, 1.78789139227e-06, 1.53294809024e-06, 1.51440519858e-06, 1.18628838663e-06, 1.06944401068e-06, 8.33388980936e-07], "dmean2": [0.00211199955083, 0.00216763350181, 0.00133725418709, 0.000583285465837, 0.000458957714727, 0.000469778402476, 0.000497252738569, 0.000312601914629, 0.000181337818503, 0.000209971694858, 0.000271798955509, 0.000135046007927, 0.000121606353787, 0.000100896475487, 8.21399298729e-05, 3.52912138624e-05, 3.95836905227e-05, 4.96880893479e-05, 2.35714051087e-05, 1.99480109586e-05, 9.87572639133e-06, 9.60341913014e-06, 1.01469413494e-05, 1.0193268281e-05, 1.20366694318e-05, 8.95621815289e-06, 6.50139600111e-06, 6.65673633193e-06, 5.76595812163e-06, 4.38379311163e-06, 4.44842908109e-06, 4.26929364039e-06, 2.88332262244e-06, 2.4046848921e-06, 2.75004344985e-06, 2.29757552006e-06, 2.28105045608e-06, 1.7765529492e-06, 1.58236309744e-06, 1.27726445953e-06], "max": [0.0403572544456, 0.0345938950777, 0.0246271044016, 0.0110304132104, 0.00789926201105, 0.00942645873874, 0.0104601681232, 0.00914053153247, 0.00496002566069, 0.00738301640376, 0.00884432904422, 0.0045280768536, 0.00687758624554, 0.00344565138221, 0.00425386801362, 0.00252776639536, 0.00174017006066, 0.00173883128446, 0.000752227089833, 0.00151244248264, 0.000393206690205, 0.000567152863368, 0.000265763228526, 0.000330729177222, 0.000304813816911, 0.000250976649113, 0.000301063264487, 0.000125286605908, 0.00014554822701, 0.000141012409586, 0.000112307141535, 0.000102635283838, 9.91234483081e-05, 8.30065182527e-05, 0.000125277671032, 0.000145661557326, 0.000109284665086, 0.000105700462882, 0.000101197918411, 4.63230280729e-05], "dvar": [1.20476979646e-05, 1.12893503683e-05, 3.87008185498e-06, 3.70133733441e-07, 2.07093947324e-07, 2.47528220143e-07, 6.2764655695e-07, 2.9723003081e-07, 5.68697196002e-08, 9.29745596068e-08, 1.6024776528e-07, 5.6713453489e-08, 4.35398597176e-08, 2.74615246099e-08, 2.73281202112e-08, 4.61603555379e-09, 5.45788481077e-09, 7.41032923912e-09, 1.333564148e-09, 1.40320022268e-09, 2.42665137984e-10, 2.79287426519e-10, 2.77704276241e-10, 2.32289867896e-10, 2.92008778269e-10, 1.34327868273e-10, 9.61538695887e-11, 8.05273001059e-11, 5.44201489427e-11, 3.49019910195e-11, 3.83107191804e-11, 4.63025381925e-11, 2.49001669977e-11, 1.25546734467e-11, 1.81465658472e-11, 1.87071469426e-11, 2.20988106286e-11, 1.58716321336e-11, 1.5189889277e-11, 5.16569209283e-12], "mean": [0.00174433656503, 0.0016799971927, 0.00126721116249, 0.000701540906448, 0.000621868064627, 0.000490653503221, 0.000390182744013, 0.000224761490244, 0.000170807441464, 0.000205235395697, 0.000283013563603, 0.000148662147694, 0.000125918464619, 0.000103176993434, 9.04744229047e-05, 3.83012520615e-05, 3.83885853807e-05, 4.84154043079e-05, 2.24539089686e-05, 2.14524297917e-05, 1.04799801193e-05, 1.00162715171e-05, 9.01050407265e-06, 9.6823732747e-06, 1.24115376821e-05, 1.07644282252e-05, 7.03117120793e-06, 6.50356287224e-06, 6.3904117269e-06, 5.06400283484e-06, 3.5129880871e-06, 2.7973781016e-06, 1.91591379917e-06, 1.66521385836e-06, 2.15293221117e-06, 2.03607805815e-06, 1.76858486611e-06, 1.45143906138e-06, 1.34270567287e-06, 1.01918942619e-06], "dvar2": [2.55538870988e-05, 2.99129351333e-05, 1.06799116111e-05, 9.85014935395e-07, 5.19891841577e-07, 6.39058896468e-07, 1.70761074969e-06, 7.75616967985e-07, 1.3143136357e-07, 2.37871887521e-07, 3.920493441e-07, 1.26979713855e-07, 9.40884703482e-08, 6.06688175253e-08, 5.9791453566e-08, 9.95156401729e-09, 1.28165433821e-08, 1.93765963274e-08, 3.11234038541e-09, 3.05242586762e-09, 5.30484656203e-10, 6.79855172159e-10, 7.00733415737e-10, 5.84149673077e-10, 6.84591716649e-10, 2.97317975795e-10, 2.47006304299e-10, 2.15858109165e-10, 1.26516908061e-10, 6.819110554e-11, 9.15438835847e-11, 1.14894642411e-10, 6.0022202486e-11, 2.82046781763e-11, 4.15289955202e-11, 3.80489806329e-11, 4.30747451596e-11, 3.19222669132e-11, 2.85769047315e-11, 1.06387884613e-11], "min": [4.48487895559e-24, 7.73665866465e-24, 3.51568444743e-24, 6.02251046039e-24, 6.28968502722e-24, 6.93878581244e-24, 5.13080457567e-24, 6.98355761312e-24, 8.40577916192e-24, 4.75166343069e-24, 6.59933541505e-24, 6.5651899652e-24, 4.97571412727e-24, 4.82113919948e-24, 9.09645212799e-24, 7.39135452491e-24, 6.9368294374e-24, 8.03988575256e-24, 3.95396570561e-24, 5.86693289039e-24, 9.3444920847e-24, 9.65468402555e-24, 8.22058065379e-24, 5.3627892408e-24, 1.11091281757e-23, 9.4123814542e-24, 7.25264832308e-24, 8.2471873544e-24, 1.35380963784e-23, 1.10879472604e-23, 8.55488491706e-24, 8.60118237473e-24, 9.68880935945e-24, 1.42049268124e-23, 9.54641444403e-24, 8.08494548747e-24, 1.03225699555e-23, 1.04917419655e-23, 7.55611680243e-24, 8.16554813932e-24], "var": [1.61446259881e-05, 1.10055871119e-05, 3.68391761185e-06, 6.63173238991e-07, 6.6402151333e-07, 4.73954685276e-07, 6.40175755962e-07, 2.75276590855e-07, 9.57765777798e-08, 1.74025785782e-07, 3.41791462688e-07, 1.23643275174e-07, 1.09425400296e-07, 5.89629181036e-08, 6.28707681471e-08, 1.2432268548e-08, 1.09616475896e-08, 1.52222856542e-08, 2.51341880642e-09, 3.16534332079e-09, 4.81080231207e-10, 6.30934915424e-10, 4.69008387682e-10, 4.10256606465e-10, 4.81383710671e-10, 3.56306456561e-10, 1.47357431812e-10, 1.0903988823e-10, 1.2741951938e-10, 9.39852293214e-11, 4.77376783936e-11, 5.09152685291e-11, 2.76920292253e-11, 1.54130180841e-11, 2.31997355354e-11, 2.81709898464e-11, 3.42052913771e-11, 2.73743007428e-11, 2.55881010824e-11, 8.61615293002e-12], "median": [0.000322283536661, 0.000565845111851, 0.000753690022975, 0.000452446227428, 0.000345784967067, 0.000251636025496, 0.000116906332551, 7.09947271389e-05, 7.26538637537e-05, 6.12398434896e-05, 4.4000458729e-05, 2.3624726964e-05, 1.37452843774e-05, 1.1661397366e-05, 7.24857272871e-06, 4.76766126667e-06, 5.39274333278e-06, 6.49533603791e-06, 5.01061003888e-06, 4.70212171422e-06, 3.21587094732e-06, 2.95735571854e-06, 2.25025542022e-06, 2.54081828643e-06, 4.10888196711e-06, 3.72868089471e-06, 2.25896314987e-06, 2.3325235361e-06, 1.80264044047e-06, 1.2757117247e-06, 7.66416292208e-07, 3.23220035625e-07, 1.7128787988e-07, 2.36248069996e-07, 5.12404596975e-07, 5.52036169665e-07, 3.05093749375e-07, 2.22853756782e-07, 1.99399934786e-07, 1.72014935629e-07]}, "silence_rate_60dB": {"dmean": 0.0240499358624, "dmean2": 0.0481042861938, "max": 1, "dvar": 0.0234726406634, "mean": 0.177971541882, "dvar2": 0.0533218830824, "min": 0, "var": 0.146281257272, "median": 0}, "spectral_energyband_middle_high": {"dmean": 0.00213536480442, "dmean2": 0.00312552973628, "max": 0.0603821054101, "dvar": 1.31881652123e-05, "mean": 0.00560004543513, "dvar2": 2.78854367934e-05, "min": 1.25175882985e-21, "var": 5.75321610086e-05, "median": 0.00199692416936}, "erbbands_skewness": {"dmean": 0.461486428976, "dmean2": 0.698242425919, "max": 7.70751333237, "dvar": 0.272343426943, "mean": 0.732151269913, "dvar2": 0.57360047102, "min": -5.21782636642, "var": 1.09516000748, "median": 0.648019969463}, "dynamic_complexity": 4.79595422745, "dissonance": {"dmean": 0.0279956292361, "dmean2": 0.0462050139904, "max": 0.500000059605, "dvar": 0.000725999241695, "mean": 0.44228503108, "dvar2": 0.00186084373854, "min": 0.17180018127, "var": 0.00170964503195, "median": 0.451034188271}, "spectral_skewness": {"dmean": 0.248840883374, "dmean2": 0.364105641842, "max": 5.98641109467, "dvar": 0.0652290433645, "mean": 1.66356122494, "dvar2": 0.133677825332, "min": -0.387255042791, "var": 0.262215107679, "median": 1.6139485836}, "spectral_kurtosis": {"dmean": 1.5723927021, "dmean2": 2.40772628784, "max": 56.4174346924, "dvar": 3.50977778435, "mean": 4.52586841583, "dvar2": 8.04090690613, "min": -1.4006049633, "var": 9.23764896393, "median": 4.05124378204}, "gfcc": {"cov": [[29871.2441406, 4077.43701172, -902.267089844, 1586.62451172, -26.1156597137, 934.497070312, 136.527954102, 274.114593506, -747.523986816, 176.103469849, -158.407363892, 189.040313721, 180.076248169], [4077.43701172, 2563.03222656, -199.343658447, 239.707366943, 63.6654167175, 19.6814193726, 98.559967041, -75.1069259644, -277.820892334, -116.031257629, 73.219367981, -129.644424438, 127.583885193], [-902.267089844, -199.343658447, 1040.75170898, 172.092926025, 77.518737793, 1.12519800663, 16.6644535065, -60.3178520203, 44.3050498962, -30.5750579834, 13.9871692657, 133.140380859, -38.1085243225], [1586.62451172, 239.707366943, 172.092926025, 662.694824219, 371.306304932, 88.338432312, -30.1903457642, 139.405654907, 105.028411865, 47.2986030579, -143.610824585, -2.34486532211, 12.0860719681], [-26.1156597137, 63.6654167175, 77.518737793, 371.306304932, 906.33203125, 246.218566895, 161.351089478, 172.659011841, 262.561187744, 87.6520843506, -178.503753662, -75.0654754639, 22.3500480652], [934.497070312, 19.6814193726, 1.12519800663, 88.338432312, 246.218566895, 373.028869629, 145.991882324, 44.6564865112, 20.006357193, 63.9223937988, -14.6543464661, -23.9913597107, -10.867515564], [136.527954102, 98.559967041, 16.6644535065, -30.1903457642, 161.351089478, 145.991882324, 267.849517822, 31.6012973785, 12.3692598343, 10.599606514, 42.5121154785, 6.5449552536, 20.5758457184], [274.114593506, -75.1069259644, -60.3178520203, 139.405654907, 172.659011841, 44.6564865112, 31.6012973785, 252.806793213, 145.699325562, 38.8908538818, -112.918029785, -2.96070837975, 20.9320926666], [-747.523986816, -277.820892334, 44.3050498962, 105.028411865, 262.561187744, 20.006357193, 12.3692598343, 145.699325562, 281.356262207, 68.6253662109, -105.970939636, -19.6144161224, -17.1581115723], [176.103469849, -116.031257629, -30.5750579834, 47.2986030579, 87.6520843506, 63.9223937988, 10.599606514, 38.8908538818, 68.6253662109, 160.766769409, 0.392497986555, -6.19101476669, -3.87504482269], [-158.407363892, 73.219367981, 13.9871692657, -143.610824585, -178.503753662, -14.6543464661, 42.5121154785, -112.918029785, -105.970939636, 0.392497986555, 238.638519287, 57.7937927246, 8.1999874115], [189.040313721, -129.644424438, 133.140380859, -2.34486532211, -75.0654754639, -23.9913597107, 6.5449552536, -2.96070837975, -19.6144161224, -6.19101476669, 57.7937927246, 152.221740723, 34.9068717957], [180.076248169, 127.583885193, -38.1085243225, 12.0860719681, 22.3500480652, -10.867515564, 20.5758457184, 20.9320926666, -17.1581115723, -3.87504482269, 8.1999874115, 34.9068717957, 141.718078613]], "mean": [-47.9305343628, 78.9764938354, -98.9044723511, 21.0328598022, -66.3152542114, 4.05726242065, -35.8089523315, 6.66623020172, -28.934677124, 0.484381228685, -12.0064439774, -4.24753665924, -7.01401424408], "icov": [[7.45033976273e-05, -0.000115598544653, 9.32201437536e-05, -0.00016399048036, 0.000105855098809, -0.000204063660931, 3.85452176488e-06, -3.9589813241e-05, 0.000148349965457, -0.000140258125612, 0.000170825049281, -0.000332013936713, 0.000107419335109], [-0.000115598544653, 0.00078134785872, -9.28538356675e-05, -0.000143711687997, -0.000239788394538, 0.000478701636894, -0.000281044864096, 3.75444165002e-06, 0.000428116531111, 0.000526335672475, -0.000602313084528, 0.00131811690517, -0.00067806354491], [9.32201437536e-05, -9.28538356675e-05, 0.00144734827336, -0.000682842510287, 9.12865507416e-05, -0.000230909921811, -0.000267121358775, 0.000825915718451, -0.000311318697641, 0.000247740012128, 0.000349799782271, -0.00175343826413, 0.0006779981195], [-0.00016399048036, -0.000143711687997, -0.000682842510287, 0.00315679330379, -0.00129426713102, 0.000198405337869, 0.00127304228954, -0.001020436408, 0.000206171229365, -0.000282758177491, 0.000317862344673, -8.03993316367e-05, 8.87791975401e-05], [0.000105855098809, -0.000239788394538, 9.12865507416e-05, -0.00129426713102, 0.00295811379328, -0.00126880605239, -0.00131344527472, 0.000634986557998, -0.00197877199389, -0.000225765019422, 0.00108438136522, 0.000365101790521, -0.000649034162052], [-0.000204063660931, 0.000478701636894, -0.000230909921811, 0.000198405337869, -0.00126880605239, 0.00495804147795, -0.00196484359913, -0.000274449354038, 0.00119397137314, -0.0010663792491, -0.000357891025487, 0.00123566214461, 0.000487185840029], [3.85452176488e-06, -0.000281044864096, -0.000267121358775, 0.00127304228954, -0.00131344527472, -0.00196484359913, 0.00631139660254, -0.00142094993498, 0.000224586037803, 0.0006768424646, -0.00181616924237, -0.000426408805652, -0.000326463865349], [-3.9589813241e-05, 3.75444165002e-06, 0.000825915718451, -0.001020436408, 0.000634986557998, -0.000274449354038, -0.00142094993498, 0.00781756825745, -0.00360981654376, -7.31041000108e-05, 0.0024886650499, -0.00139730097726, -0.000952385424171], [0.000148349965457, 0.000428116531111, -0.000311318697641, 0.000206171229365, -0.00197877199389, 0.00119397137314, 0.000224586037803, -0.00360981654376, 0.00892724562436, -0.00229343236424, 0.00087152433116, 4.25018515671e-05, 0.00118621264119], [-0.000140258125612, 0.000526335672475, 0.000247740012128, -0.000282758177491, -0.000225765019422, -0.0010663792491, 0.0006768424646, -7.31041000108e-05, -0.00229343236424, 0.00841626338661, -0.0020986367017, 0.00105534889735, -0.000524587114342], [0.000170825049281, -0.000602313084528, 0.000349799782271, 0.000317862344673, 0.00108438136522, -0.000357891025487, -0.00181616924237, 0.0024886650499, 0.00087152433116, -0.0020986367017, 0.00820163358003, -0.00363650708459, 0.000559072184842], [-0.000332013936713, 0.00131811690517, -0.00175343826413, -8.03993316367e-05, 0.000365101790521, 0.00123566214461, -0.000426408805652, -0.00139730097726, 4.25018515671e-05, 0.00105534889735, -0.00363650708459, 0.0122812306508, -0.00370455533266], [0.000107419335109, -0.00067806354491, 0.0006779981195, 8.87791975401e-05, -0.000649034162052, 0.000487185840029, -0.000326463865349, -0.000952385424171, 0.00118621264119, -0.000524587114342, 0.000559072184842, -0.00370455533266, 0.00904213730246]]}, "spectral_complexity": {"dmean": 3.57132363319, "dmean2": 5.25089502335, "max": 55, "dvar": 27.2572078705, "mean": 13.6731529236, "dvar2": 53.1641349792, "min": 0, "var": 96.3975296021, "median": 12}, "spectral_flux": {"dmean": 0.0296881664544, "dmean2": 0.0474054440856, "max": 0.397395610809, "dvar": 0.0015480715083, "mean": 0.0872905552387, "dvar2": 0.0033688438125, "min": 1.05582896592e-10, "var": 0.00383852724917, "median": 0.0804179906845}, "spectral_energyband_low": {"dmean": 0.00693489564583, "dmean2": 0.011138195172, "max": 0.148014366627, "dvar": 0.000273078505415, "mean": 0.0109357545152, "dvar2": 0.000607304682489, "min": 3.99144496053e-23, "var": 0.000383852981031, "median": 0.00446385005489}, "spectral_decrease": {"dmean": 2.87757484507e-09, "dmean2": 4.56632154311e-09, "max": 3.57244477056e-11, "dvar": 2.55252749998e-17, "mean": -7.21137904947e-09, "dvar2": 5.76305070746e-17, "min": -4.79662958242e-08, "var": 4.92533743873e-17, "median": -5.9873794811e-09}, "barkbands_spread": {"dmean": 6.40446949005, "dmean2": 9.6185092926, "max": 141.861709595, "dvar": 98.4688568115, "mean": 19.0128364563, "dvar2": 210.286682129, "min": 0.208333238959, "var": 244.845199585, "median": 15.8369264603}, "spectral_rms": {"dmean": 0.000917575380299, "dmean2": 0.00139841448981, "max": 0.0134906573221, "dvar": 1.66144320701e-06, "mean": 0.00463214190677, "dvar2": 3.54841063199e-06, "min": 3.23312557282e-12, "var": 6.83823463987e-06, "median": 0.00486017204821}, "spectral_centroid": {"dmean": 261.737579346, "dmean2": 381.463470459, "max": 11010.5693359, "dvar": 154735.953125, "mean": 1199.0826416, "dvar2": 301262.1875, "min": 119.682479858, "var": 607681.5, "median": 1041.55090332}, "barkbands_skewness": {"dmean": 0.707561612129, "dmean2": 1.06462526321, "max": 27.1997528076, "dvar": 0.785545289516, "mean": 1.72536158562, "dvar2": 1.60541462898, "min": -15.391825676, "var": 4.51318883896, "median": 1.58189749718}, "spectral_rolloff": {"dmean": 607.838745117, "dmean2": 999.14239502, "max": 19143.0175781, "dvar": 2268383.25, "mean": 1725.01147461, "dvar2": 4665242, "min": 64.599609375, "var": 8714998, "median": 839.794921875}, "erbbands_spread": {"dmean": 10.5097351074, "dmean2": 15.4042301178, "max": 186.892684937, "dvar": 165.846450806, "mean": 37.3712844849, "dvar2": 346.70791626, "min": 0.816532194614, "var": 512.72668457, "median": 31.6382236481}, "barkbands": {"dmean": [0.000536055245902, 0.00454117171466, 0.00251219887286, 0.00159172492567, 0.00155275070574, 0.00144830776844, 0.00147329899482, 0.000639063713606, 0.00084082147805, 0.00109449529555, 0.000544261420146, 0.00059094914468, 0.000322053965647, 0.000301341002341, 0.00027187919477, 0.000152366264956, 0.000108000247565, 0.000139051044243, 0.000154869194375, 0.000128842133563, 0.000116080969747, 0.000116831099149, 9.82233104878e-05, 0.000106404164399, 9.05808919924e-05, 3.72715257981e-05, 1.03763350126e-05], "dmean2": [0.000774595246185, 0.00719911139458, 0.00426544900984, 0.00272295973264, 0.00250118458644, 0.00234605302103, 0.00248025590554, 0.00101371074561, 0.00134713971056, 0.00170848076232, 0.000853542878758, 0.000912178831641, 0.000513450126164, 0.000466771714855, 0.000436002039351, 0.000233575381571, 0.000174106869963, 0.000221983253141, 0.000233178245253, 0.000205684933462, 0.000173707623617, 0.000180393835763, 0.000148744715261, 0.000155826724949, 0.000136380083859, 5.42777124792e-05, 1.46186503116e-05], "max": [0.0109859108925, 0.128331169486, 0.0914419442415, 0.0550397858024, 0.041936725378, 0.0475027188659, 0.0563926622272, 0.0306716747582, 0.0378976278007, 0.0470835827291, 0.0495641082525, 0.0372679568827, 0.0301529932767, 0.0157163273543, 0.0155596043915, 0.0153674958274, 0.00938007142395, 0.00591812608764, 0.00651672761887, 0.00435809558257, 0.00478646112606, 0.00501538952813, 0.00663943355903, 0.00953021273017, 0.0047790245153, 0.00194801960606, 0.000629187736195], "dvar": [1.27298744701e-06, 0.000130454995087, 5.35431099706e-05, 1.4416968952e-05, 5.74256819164e-06, 5.32577496415e-06, 1.89113416127e-05, 2.07193147617e-06, 3.25680821334e-06, 6.60851992507e-06, 2.1536661734e-06, 2.40264785134e-06, 1.00358499822e-06, 6.10712277194e-07, 5.64308152207e-07, 1.68707884995e-07, 8.02380384357e-08, 1.04447636318e-07, 8.0720525375e-08, 7.63354606192e-08, 4.99731456216e-08, 8.18866539021e-08, 5.22699288297e-08, 1.12013317732e-07, 5.54400010344e-08, 8.50983994383e-09, 8.59541438025e-10], "mean": [0.000761835544836, 0.00587703986093, 0.00305825355463, 0.00261214212514, 0.00322308158502, 0.00273981038481, 0.00174495857209, 0.000925948435906, 0.00130470737349, 0.00183547497727, 0.000809023389593, 0.00087388639804, 0.000513594364747, 0.000444838427939, 0.000403467478463, 0.000241091445787, 0.000179906288395, 0.000206001990591, 0.000283112633042, 0.000207729215617, 0.000202400988201, 0.00012406197493, 0.000122258177726, 0.000132388362545, 0.000111395012937, 4.47081802122e-05, 1.93221167137e-05], "dvar2": [2.37444714912e-06, 0.000289260118734, 0.000144053134136, 4.05449027312e-05, 1.49798470375e-05, 1.3515576029e-05, 5.11718499183e-05, 4.77765070173e-06, 8.02807244327e-06, 1.62491287483e-05, 4.83737494505e-06, 5.45906095795e-06, 2.35357629208e-06, 1.42956889704e-06, 1.45197077472e-06, 3.65202794228e-07, 2.01550264478e-07, 2.54939095612e-07, 1.7939441932e-07, 2.00142380891e-07, 1.02864497364e-07, 1.94353830807e-07, 1.14161764486e-07, 2.06773336231e-07, 1.11469120156e-07, 1.75329191165e-08, 1.44542866565e-09], "min": [7.09603655643e-25, 2.00601364409e-23, 4.92482747129e-24, 5.06565846996e-24, 3.64699768151e-23, 2.83446306053e-23, 2.27375745295e-23, 3.79785123687e-23, 3.72891993989e-23, 3.95362823092e-23, 2.4687253723e-23, 6.58618202721e-23, 6.61457597108e-23, 9.49454052862e-23, 7.54808809168e-23, 1.6014780095e-22, 1.63263612199e-22, 1.28195627384e-22, 2.8278073464e-22, 2.29343625087e-22, 5.18042659296e-22, 4.84447282153e-22, 6.39276671233e-22, 8.25809887844e-22, 1.14254372596e-21, 1.48977217512e-21, 2.27827250149e-21], "var": [2.7080207019e-06, 0.000165471341461, 4.69058941235e-05, 1.57669219334e-05, 1.23517920656e-05, 1.31444994622e-05, 1.64194098033e-05, 3.15708189191e-06, 6.41833503323e-06, 1.4314490727e-05, 4.74935950479e-06, 4.96313123222e-06, 2.30158047998e-06, 1.23121378692e-06, 1.01398370589e-06, 3.63251160707e-07, 1.78530271455e-07, 1.90126399957e-07, 1.83270287835e-07, 1.10310395485e-07, 1.2882334488e-07, 9.72866303073e-08, 7.33929397256e-08, 1.96828978005e-07, 9.75719913754e-08, 1.4109541091e-08, 4.34337543709e-09], "median": [8.09091943665e-05, 0.00124719343148, 0.00073451094795, 0.00129437656142, 0.00217759935185, 0.00149090122432, 0.000478680507513, 0.000329503818648, 0.000391578359995, 0.000231247118791, 9.28989902604e-05, 8.31696597743e-05, 4.88533878524e-05, 5.93799486523e-05, 7.15350470273e-05, 5.7518001995e-05, 5.42720335943e-05, 5.14283747179e-05, 0.000110911867523, 7.49979153625e-05, 5.73339020775e-05, 1.35282880365e-05, 3.07647533191e-05, 2.42448459176e-05, 1.63540262292e-05, 4.59493230665e-06, 8.88185979875e-07]}, "melbands_kurtosis": {"dmean": 11.5269546509, "dmean2": 18.4619655609, "max": 833.287841797, "dvar": 843.43170166, "mean": 19.3626327515, "dvar2": 1989.23950195, "min": -1.93419098854, "var": 1336.58752441, "median": 9.06513309479}, "erbbands_crest": {"dmean": 3.21454119682, "dmean2": 5.19932365417, "max": 34.164894104, "dvar": 9.08150863647, "mean": 10.9653253555, "dvar2": 21.2505092621, "min": 2.05908846855, "var": 25.0890712738, "median": 9.8913974762}, "melbands_skewness": {"dmean": 0.934941411018, "dmean2": 1.42876136303, "max": 23.39361763, "dvar": 1.41199064255, "mean": 2.73284244537, "dvar2": 3.10872626305, "min": -5.55032205582, "var": 4.46595954895, "median": 2.40855622292}, "spectral_energyband_middle_low": {"dmean": 0.00526693975553, "dmean2": 0.00860623084009, "max": 0.0969735756516, "dvar": 7.40465329727e-05, "mean": 0.0132779655978, "dvar2": 0.000190916616702, "min": 2.49196262711e-22, "var": 0.000148361752508, "median": 0.0110609969124}, "spectral_contrast_coeffs": {"dmean": [0.0497277975082, 0.0540520437062, 0.0481324270368, 0.0355247817934, 0.0256112366915, 0.0197913814336], "dmean2": [0.081305347383, 0.0871833488345, 0.0733251646161, 0.0540200807154, 0.0388333387673, 0.0299900081009], "max": [-0.301112353802, -0.321243613958, -0.355369597673, -0.473505795002, -0.583996474743, -0.59742808342], "dvar": [0.00193578889593, 0.00212076515891, 0.00173064263072, 0.000986660365015, 0.000520148896612, 0.000328366644681], "mean": [-0.61919260025, -0.693015635014, -0.71878516674, -0.759168386459, -0.782989799976, -0.786714375019], "dvar2": [0.00497116474435, 0.00513267377391, 0.00352626433596, 0.00204028072767, 0.00106977694668, 0.000716483802535], "min": [-0.968364417553, -0.965546131134, -0.966418206692, -0.9574406147, -0.960973680019, -0.962264358997], "var": [0.0111282654107, 0.00715354224667, 0.00931575801224, 0.0056914864108, 0.0028447471559, 0.00182794465218], "median": [-0.618671536446, -0.695183873177, -0.722833395004, -0.767034709454, -0.787469148636, -0.785600304604]}, "spectral_contrast_valleys": {"dmean": [0.448193699121, 0.473895817995, 0.438747644424, 0.387393206358, 0.37883529067, 0.445423930883], "dmean2": [0.715158522129, 0.734886169434, 0.65146702528, 0.564913034439, 0.507422268391, 0.544332802296], "max": [-5.01990127563, -4.41542053223, -5.18135452271, -5.49541521072, -5.59952926636, -7.31623697281], "dvar": [0.212236568332, 0.234694704413, 0.205332174897, 0.176173567772, 0.190661877394, 0.260935872793], "mean": [-8.02760505676, -7.31022405624, -8.11672973633, -8.66563892365, -8.28966236115, -10.4015302658], "dvar2": [0.430671513081, 0.486391454935, 0.393812984228, 0.317168951035, 0.343798041344, 0.453767925501], "min": [-27.2741470337, -27.4269542694, -27.1684646606, -27.7234477997, -27.3055744171, -27.333902359], "var": [5.87910175323, 3.59906816483, 3.2677898407, 3.30010938644, 2.91802239418, 2.39754271507], "median": [-7.11023330688, -6.82599830627, -7.72094488144, -8.15567302704, -7.84837293625, -10.1903190613]}, "silence_rate_20dB": {"dmean": 0, "dmean2": 0, "max": 1, "dvar": 0, "mean": 1, "dvar2": 0, "min": 1, "var": 0, "median": 1}, "silence_rate_30dB": {"dmean": 0.0290067922324, "dmean2": 0.0580189116299, "max": 1, "dvar": 0.0281669031829, "mean": 0.982377231121, "dvar2": 0.0775981470942, "min": 0, "var": 0.0173109732568, "median": 1}, "spectral_strongpeak": {"dmean": 0.554059624672, "dmean2": 0.950220942497, "max": 11.8991737366, "dvar": 0.842161476612, "mean": 0.912234127522, "dvar2": 2.12382650375, "min": 0, "var": 1.32023072243, "median": 0.492387324572}, "spectral_spread": {"dmean": 765912.75, "dmean2": 1029795.625, "max": 41874048, "dvar": 964017324032, "mean": 5346580.5, "dvar2": 1592728616960.0, "min": 1486942.125, "var": 4942026244100.0, "median": 4764018}, "barkbands_flatness_db": {"dmean": 0.0264827944338, "dmean2": 0.0387419313192, "max": 0.496161550283, "dvar": 0.000741774681956, "mean": 0.156868696213, "dvar2": 0.00149868580047, "min": 0.0182898212224, "var": 0.00429832004011, "median": 0.144171059132}, "pitch_salience": {"dmean": 0.0789933726192, "dmean2": 0.126998901367, "max": 0.869843065739, "dvar": 0.00560398306698, "mean": 0.555013120174, "dvar2": 0.0134514626116, "min": 0.0352656580508, "var": 0.0147317303345, "median": 0.559572339058}, "erbbands_kurtosis": {"dmean": 1.72007238865, "dmean2": 2.68643450737, "max": 91.5135803223, "dvar": 11.182185173, "mean": 2.07513046265, "dvar2": 24.5451755524, "min": -1.89526379108, "var": 27.8941802979, "median": 0.660499811172}, "average_loudness": 0.893807590008, "barkbands_crest": {"dmean": 2.77456498146, "dmean2": 4.52400064468, "max": 26.5843486786, "dvar": 6.87952280045, "mean": 10.156832695, "dvar2": 16.8964366913, "min": 2.42503595352, "var": 20.1262111664, "median": 9.10405445099}, "hfc": {"dmean": 7.84292459488, "dmean2": 11.4069681168, "max": 197.541931152, "dvar": 178.630569458, "mean": 19.6801815033, "dvar2": 392.808135986, "min": 1.17647079492e-16, "var": 428.952972412, "median": 13.4738788605}, "barkbands_kurtosis": {"dmean": 5.46517562866, "dmean2": 8.58021450043, "max": 1046.85681152, "dvar": 283.953399658, "mean": 9.83453845978, "dvar2": 569.114685059, "min": -1.92138183117, "var": 695.491210938, "median": 3.20329523087}, "erbbands": {"dmean": [0.18516677618, 0.940019488335, 2.5295882225, 4.36208057404, 5.2848739624, 5.14391565323, 9.27460956573, 12.3739805222, 19.7185630798, 19.1223602295, 13.7444009781, 19.9499797821, 33.9869155884, 19.9088363647, 25.5356140137, 21.2806835175, 14.6987133026, 12.0005435944, 17.0860157013, 9.3384885788, 6.00212860107, 5.5012178421, 5.94590330124, 8.6937084198, 6.7061123848, 5.89687252045, 5.44233083725, 4.37217712402, 4.1923661232, 2.92357063293, 2.90885663033, 2.40117073059, 1.65691125393, 1.03529381752, 0.643315672874, 0.215175718069, 0.0610771365464, 0.0130125405267, 0.00216256873682, 7.8276367276e-05], "dmean2": [0.282724827528, 1.59155011177, 4.29185342789, 7.47627496719, 8.92380428314, 8.13586521149, 14.6282434464, 20.4889659882, 33.073097229, 32.013961792, 21.8136844635, 31.9388046265, 52.5225334167, 30.014831543, 39.2783889771, 31.4755516052, 22.4761314392, 18.733253479, 26.8974895477, 14.2386808395, 9.07008266449, 8.72538852692, 9.48935699463, 13.4269123077, 9.96583080292, 9.35177898407, 8.10970020294, 6.73371076584, 6.61091899872, 4.44535398483, 4.4052324295, 3.56422066689, 2.43561816216, 1.5583152771, 0.978686690331, 0.326580911875, 0.0876996144652, 0.018232755363, 0.00307718804106, 0.000110992274131], "max": [5.19033718109, 23.7919597626, 79.0626754761, 151.453277588, 199.193756104, 131.092529297, 303.761047363, 410.856994629, 697.547546387, 820.867675781, 667.055297852, 1114.69372559, 1748.35620117, 1122.7767334, 2425.40893555, 1685.38879395, 1164.30480957, 759.415588379, 1029.41247559, 718.438781738, 391.084625244, 358.997619629, 318.419219971, 320.734741211, 330.128234863, 171.254104614, 276.321014404, 151.769088745, 165.126907349, 145.867767334, 232.011947632, 180.032577515, 157.710586548, 69.2434844971, 26.0789718628, 11.1272106171, 2.83353471756, 0.838495373726, 0.157428354025, 0.00607679132372], "dvar": [0.221805408597, 5.64508390427, 49.3925552368, 134.887588501, 117.238708496, 67.3034667969, 246.121780396, 471.443450928, 2642.60107422, 3540.65917969, 938.318786621, 1999.2166748, 6065.18554688, 2620.29370117, 4834.67431641, 3104.00439453, 1814.43139648, 1086.46960449, 2238.10693359, 518.559509277, 205.555404663, 196.34828186, 209.710510254, 349.940643311, 180.758209229, 168.698959351, 117.963417053, 80.6374588013, 111.698448181, 45.1940116882, 49.2547225952, 51.5409393311, 31.2917709351, 9.21786975861, 2.61807751656, 0.317554652691, 0.0205643735826, 0.000906779547222, 4.61161253043e-05, 6.81953906678e-08], "mean": [0.211997017264, 1.14423847198, 3.27582526207, 6.68335294724, 9.36649036407, 10.5437288284, 19.1373443604, 20.691570282, 26.2900619507, 22.2148704529, 21.2995891571, 32.236240387, 55.5157241821, 35.1765937805, 42.2246398926, 37.3421859741, 25.883441925, 20.4432220459, 27.7084980011, 16.3528938293, 10.7025299072, 9.54508876801, 9.74037456512, 14.992433548, 12.8219270706, 10.0878381729, 9.9160785675, 6.56391429901, 4.55974626541, 3.19233775139, 3.69398236275, 2.98799371719, 2.08755493164, 1.30834805965, 0.75108397007, 0.256075233221, 0.0712750405073, 0.0166264269501, 0.00430082716048, 0.000184467178769], "dvar2": [0.470263421535, 14.2568769455, 133.053329468, 373.304473877, 326.595947266, 170.199462891, 614.978515625, 1223.90454102, 7245.30322266, 9362.6171875, 2148.0949707, 5073.21582031, 14870.9472656, 5810.94042969, 10658.0693359, 6816.2109375, 4218.54199219, 2590.3605957, 5949.56201172, 1107.75976562, 448.589080811, 482.562072754, 541.05065918, 816.087646484, 410.773834229, 447.14050293, 254.6300354, 179.822723389, 272.687530518, 100.400741577, 107.156112671, 98.8822631836, 59.0866889954, 17.9010982513, 5.70948410034, 0.669620752335, 0.043032232672, 0.00176275509875, 7.61451010476e-05, 1.07998225474e-07], "min": [4.47100461198e-22, 4.73511665669e-21, 8.11568224726e-21, 1.25262238137e-20, 1.80197305944e-20, 1.81917566969e-19, 1.24363903836e-19, 2.91608643831e-19, 3.72714090633e-19, 4.96420812396e-19, 9.76445043895e-19, 6.4174202206e-19, 1.39303170854e-18, 1.70078363506e-18, 1.44788360593e-18, 2.9079505483e-18, 3.32226587838e-18, 3.9696285927e-18, 5.78936431536e-18, 4.79946610938e-18, 9.694144016e-18, 1.03241322151e-17, 7.48552711273e-18, 1.25982245998e-17, 1.15123755107e-17, 1.28954669898e-17, 2.46803414369e-17, 1.88439535581e-17, 1.60134622703e-17, 2.36952503911e-17, 1.60787582535e-17, 1.59789324428e-17, 1.42680102618e-17, 1.01116617758e-17, 9.12913002679e-18, 5.92955943507e-18, 2.67460910135e-18, 1.32306091412e-18, 3.25939534384e-19, 3.26903587539e-20], "var": [0.287677109241, 5.87489795685, 45.9191360474, 125.561470032, 147.689437866, 157.784561157, 794.96307373, 844.938293457, 2797.03686523, 3032.68823242, 1548.03942871, 3844.17797852, 12850.4921875, 5901.89648438, 11684.4677734, 8265.48632812, 4661.09765625, 2368.17089844, 4665.38427734, 1405.75402832, 446.576507568, 478.442443848, 372.780517578, 620.198181152, 443.816802979, 250.775177002, 319.039367676, 131.479324341, 128.571136475, 57.6263198853, 69.2146453857, 81.9393157959, 56.2685813904, 16.1377258301, 4.16390705109, 0.525940954685, 0.0322578251362, 0.00165962567553, 0.000254942162428, 4.02336553407e-07], "median": [0.0257047079504, 0.312296956778, 0.970239460468, 3.41765475273, 5.76028442383, 6.4302687645, 9.31520271301, 10.4040670395, 7.97916030884, 6.87106275558, 9.5750951767, 11.4811973572, 10.4324274063, 7.93010377884, 5.86311912537, 4.48411083221, 3.27731323242, 3.72397398949, 4.46301937103, 4.2339425087, 3.49723339081, 3.02771425247, 2.84472084045, 5.47502231598, 4.63758802414, 3.74817419052, 3.00807213783, 1.76708769798, 0.653179526329, 0.442591935396, 0.951674997807, 0.64816570282, 0.335289150476, 0.219559058547, 0.0867593735456, 0.0263528861105, 0.00698149949312, 0.00147267919965, 0.00018821960839, 3.99703385483e-05]}, "spectral_energy": {"dmean": 0.0113752996549, "dmean2": 0.0179731603712, "max": 0.186547785997, "dvar": 0.000385594496038, "mean": 0.0290024392307, "dvar2": 0.000871802621987, "min": 1.07144276613e-20, "var": 0.000763893767726, "median": 0.0242118053138}, "zerocrossingrate": {"dmean": 0.0144115574658, "dmean2": 0.0157314594835, "max": 0.79296875, "dvar": 0.000465861288831, "mean": 0.0709508731961, "dvar2": 0.000484772666823, "min": 0.00244140625, "var": 0.00876272469759, "median": 0.0478515625}, "spectral_energyband_high": {"dmean": 0.000567996466998, "dmean2": 0.000832694931887, "max": 0.0196137931198, "dvar": 1.44499404087e-06, "mean": 0.000870219198987, "dvar2"