{"tonal": {"chords_key": "G", "hpcp_entropy": {"dmean": 0.675137162209, "dmean2": 1.15863394737, "max": 4.52154159546, "dvar": 0.334454983473, "mean": 2.17112994194, "dvar2": 0.903572976589, "min": 0.0418734699488, "var": 0.531183421612, "median": 2.13728260994}, "key_key": "A", "chords_strength": {"dmean": 0.00933070853353, "dmean2": 0.0100568532944, "max": 0.695670723915, "dvar": 5.99239501753e-05, "mean": 0.440967977047, "dvar2": 8.23372101877e-05, "min": 0.22839307785, "var": 0.00629450427368, "median": 0.433670014143}, "key_scale": "minor", "chords_number_rate": 0.00153875746764, "thpcp": [1, 0.59491443634, 0.169835567474, 0.137685388327, 0.14038091898, 0.39656239748, 0.772555291653, 0.590582370758, 0.269451022148, 0.228159323335, 0.1582108289, 0.117025487125, 0.117953397334, 0.13555547595, 0.27250790596, 0.522179484367, 0.472790449858, 0.256272494793, 0.21762958169, 0.234349146485, 0.549993336201, 0.914093852043, 0.737789213657, 0.566700935364, 0.419880986214, 0.148890867829, 0.110944323242, 0.130942553282, 0.122533723712, 0.322864979506, 0.659899175167, 0.559065878391, 0.265182346106, 0.201348662376, 0.225717186928, 0.626060128212], "key_strength": 0.739996373653, "tuning_nontempered_energy_ratio": 0.722193539143, "tuning_frequency": 437.971466064, "chords_changes_rate": 0.0617426410317, "tuning_diatonic_strength": 0.558744430542, "chords_scale": "major", "chords_histogram": [9.88651657104, 0.827082157135, 27.0628967285, 34.2565879822, 1.19253706932, 4.69321012497, 0, 0.577034056187, 0, 2.36583948135, 0.0192344672978, 0, 0, 0, 0, 0, 0, 0, 0.0577034056187, 0, 0.153875738382, 0, 17.5803031921, 1.32717835903], "tuning_equal_tempered_deviation": 0.0964628979564, "hpcp": {"dmean": [0.163337633014, 0.136043816805, 0.0724874064326, 0.0594041869044, 0.0615594908595, 0.108367353678, 0.130329459906, 0.147357687354, 0.12666746974, 0.102958865464, 0.0557703822851, 0.0359220206738, 0.0423855930567, 0.0521142669022, 0.0824066698551, 0.139590427279, 0.144824683666, 0.106466859579, 0.0979156643152, 0.104780815542, 0.143208354712, 0.15713852644, 0.155624136329, 0.193534716964, 0.161687582731, 0.0615307353437, 0.0432382039726, 0.0423267558217, 0.0406868159771, 0.0836323574185, 0.134525164962, 0.158257484436, 0.117758952081, 0.100293599069, 0.106892295182, 0.147779807448], "dmean2": [0.285916239023, 0.239871546626, 0.135204508901, 0.111473858356, 0.115484669805, 0.189694628119, 0.22373059392, 0.258697152138, 0.241659730673, 0.196596473455, 0.103106945753, 0.0642397031188, 0.0754994824529, 0.0953350067139, 0.144610226154, 0.240665346384, 0.252088010311, 0.193659231067, 0.181624174118, 0.193985998631, 0.254643321037, 0.270839482546, 0.267789155245, 0.354512155056, 0.301850050688, 0.115121766925, 0.0794581472874, 0.0742821842432, 0.0716484189034, 0.146720692515, 0.232673630118, 0.282644540071, 0.220269784331, 0.188516899943, 0.1970205158, 0.256420969963], "max": [1, 1, 1, 1, 1, 1, 1, 1, 1, 1, 1, 1, 1, 1, 1, 1, 1, 1, 1, 1, 1, 1, 1, 1, 1, 1, 1, 1, 1, 1, 1, 1, 1, 1, 1, 1], "dvar": [0.073907494545, 0.0442591048777, 0.027537798509, 0.0243119262159, 0.0241829361767, 0.0356009490788, 0.0505778081715, 0.0490717664361, 0.0642846301198, 0.0548209547997, 0.018853019923, 0.00953536015004, 0.0124893700704, 0.0163159687072, 0.0253879334778, 0.0525464601815, 0.0595183260739, 0.04274674505, 0.0423747301102, 0.0431127734482, 0.0498270429671, 0.058083858341, 0.0387226641178, 0.0765864178538, 0.0728207677603, 0.0167032945901, 0.0158155951649, 0.0125612663105, 0.0100928079337, 0.0253404602408, 0.054770886898, 0.0611731782556, 0.0485645644367, 0.046281978488, 0.0480129644275, 0.0518740937114], "mean": [0.318447560072, 0.189449042082, 0.0540837235749, 0.0438455753028, 0.0447039604187, 0.126284331083, 0.246018350124, 0.18806950748, 0.0858060196042, 0.0726567804813, 0.0503818504512, 0.0372664816678, 0.0375619716942, 0.0431673116982, 0.0867794752121, 0.16628678143, 0.150558963418, 0.0816093534231, 0.0693036094308, 0.0746279135346, 0.175144031644, 0.291090965271, 0.234947174788, 0.180464535952, 0.133710071445, 0.0474139340222, 0.0353299491107, 0.0416983366013, 0.0390205644071, 0.102815568447, 0.21014328301, 0.178033158183, 0.0844466686249, 0.064118988812, 0.0718790888786, 0.199367329478], "dvar2": [0.166172921658, 0.116029843688, 0.0767098516226, 0.0692265257239, 0.0698693990707, 0.0984132960439, 0.115658581257, 0.134041026235, 0.182289421558, 0.155444040895, 0.0512441918254, 0.0256496742368, 0.0338830128312, 0.0470766946673, 0.0683836340904, 0.120354883373, 0.14878334105, 0.114628836513, 0.113072894514, 0.114972345531, 0.134290516376, 0.131036877632, 0.0981855690479, 0.209264919162, 0.206014990807, 0.0472462549806, 0.0460831224918, 0.0347919464111, 0.0278703961521, 0.0664857327938, 0.122118368745, 0.154774233699, 0.137202963233, 0.126404881477, 0.127395004034, 0.132286697626], "min": [2.22146190936e-05, 2.2186914066e-05, 9.82852361631e-06, 4.25396081027e-07, 3.29815975419e-07, 1.22461897263e-05, 1.38488239827e-05, 3.25138753396e-05, 3.47161112586e-05, 8.98854796105e-06, 8.09285040759e-07, 6.57782311464e-06, 2.46523518399e-06, 1.80539391295e-05, 1.67459420481e-05, 6.44840429231e-06, 1.22493156596e-05, 1.41613991218e-05, 5.51701623408e-06, 3.84470013159e-06, 4.56761481473e-05, 2.44872826443e-05, 7.62170202506e-06, 6.3955008045e-06, 7.18213823347e-06, 2.11052133636e-06, 2.80264771391e-06, 4.03853437092e-06, 9.23409515963e-06, 1.27890134536e-05, 1.09914781206e-05, 1.29570953504e-05, 5.90633590036e-06, 0, 7.64867399994e-06, 1.13668756967e-05], "var": [0.164333194494, 0.0613978207111, 0.0197045989335, 0.0177545752376, 0.0172214414924, 0.0421551167965, 0.115378759801, 0.0662734732032, 0.0390462651849, 0.0360033474863, 0.0208865907043, 0.0134184323251, 0.011913690716, 0.0124350851402, 0.0233988165855, 0.0651711672544, 0.0626291632652, 0.0341033153236, 0.0326465368271, 0.0324764959514, 0.0546517185867, 0.11994754523, 0.063643693924, 0.0787175223231, 0.0607370063663, 0.0146484933794, 0.0112530821934, 0.0119775496423, 0.009441412054, 0.0325669907033, 0.100082747638, 0.0748659521341, 0.0336733385921, 0.0311435870826, 0.0343836955726, 0.0707691982388], "median": [0.0712142661214, 0.0493279024959, 0.00785863678902, 0.00326549238525, 0.00354181556031, 0.0284458640963, 0.0579963363707, 0.0532541200519, 0.0152376471087, 0.00657773390412, 0.00429363688454, 0.00363677879795, 0.00461472244933, 0.00644811429083, 0.0290770456195, 0.0483979098499, 0.0334828607738, 0.00803786981851, 0.00429504783824, 0.00646762130782, 0.0633553192019, 0.118893407285, 0.121379859746, 0.0531265065074, 0.0266945641488, 0.0062887375243, 0.00445712357759, 0.00588721875101, 0.00613640248775, 0.0167580097914, 0.0397714972496, 0.0380869209766, 0.00929174665362, 0.00406981492415, 0.00623658159748, 0.041901845485]}}, "lowlevel": {"melbands_flatness_db": {"dmean": 0.0580487251282, "dmean2": 0.0821144580841, "max": 0.635505259037, "dvar": 0.00307403411716, "mean": 0.294875890017, "dvar2": 0.00638634618372, "min": 0.0207279194146, "var": 0.0133805312216, "median": 0.289621472359}, "melbands_crest": {"dmean": 3.81237077713, "dmean2": 6.35674667358, "max": 35.8721961975, "dvar": 11.9051647186, "mean": 18.8327350616, "dvar2": 29.8915328979, "min": 2.73716139793, "var": 37.6826400757, "median": 19.2990436554}, "spectral_entropy": {"dmean": 0.415677517653, "dmean2": 0.610799968243, "max": 9.79022407532, "dvar": 0.194260880351, "mean": 7.18644428253, "dvar2": 0.39569324255, "min": 4.57065868378, "var": 0.517003715038, "median": 7.19849920273}, "melbands": {"dmean": [0.00516438344494, 0.00456235557795, 0.00182376988232, 0.000498322711792, 0.000136577466037, 0.000191620361875, 0.000102007266833, 8.61612643348e-05, 9.09875598154e-05, 5.4499883845e-05, 6.66455016471e-05, 3.86321880796e-05, 4.12230219808e-05, 3.28701462422e-05, 2.60757824435e-05, 2.28132048505e-05, 2.22764992941e-05, 1.73751504917e-05, 1.24782154671e-05, 1.10951341412e-05, 6.43127759758e-06, 5.42382758795e-06, 3.88527860196e-06, 4.24081326855e-06, 3.81912695957e-06, 3.22143637277e-06, 2.43329532168e-06, 1.74074466486e-06, 1.84676116533e-06, 1.99963756131e-06, 2.04162347472e-06, 1.86617887721e-06, 1.96623523152e-06, 4.42811278845e-06, 2.12281906897e-06, 1.10515600227e-06, 1.15812679269e-06, 9.87750809145e-07, 9.52150799094e-07, 1.17459080684e-06], "dmean2": [0.00829387456179, 0.00645616976544, 0.0028697529342, 0.000887722708285, 0.000213941239053, 0.000291823555017, 0.000172104191734, 0.000148790888488, 0.000157849644893, 9.09263617359e-05, 0.000101574318251, 6.5478234319e-05, 7.07951912773e-05, 5.81706990488e-05, 4.50045736216e-05, 4.05939390475e-05, 4.03445446864e-05, 3.15698234772e-05, 2.18959939957e-05, 1.94965177798e-05, 1.15021757665e-05, 9.61246132647e-06, 6.67391668685e-06, 7.22410050003e-06, 6.56303245705e-06, 5.37985033588e-06, 4.08624418924e-06, 2.90667253466e-06, 3.07757045448e-06, 3.43520196111e-06, 3.41683380611e-06, 3.09730785375e-06, 3.29908493768e-06, 7.69445523474e-06, 3.54094458999e-06, 1.75305217454e-06, 1.9520339265e-06, 1.62502760759e-06, 1.6179207023e-06, 1.98080647351e-06], "max": [0.0900303348899, 0.105466075242, 0.0421375110745, 0.0118085043505, 0.00235683098435, 0.00516492780298, 0.00612491648644, 0.0052475403063, 0.00665064435452, 0.00313969166018, 0.00243317126296, 0.0024826428853, 0.00170533149503, 0.0009242768283, 0.00106675352436, 0.00149077014066, 0.0014867966529, 0.00085433665663, 0.000437976268586, 0.000872827193234, 0.000221734066145, 0.000228467208217, 0.000239526518271, 0.000164132317877, 0.000152331500431, 7.80729169492e-05, 0.000112777139293, 9.76385636022e-05, 0.000123953272123, 0.000103666658106, 8.45541726449e-05, 8.81759769982e-05, 5.8396050008e-05, 0.000120832199173, 6.21275903541e-05, 2.89332147076e-05, 3.28634159814e-05, 2.70790678769e-05, 3.06652254949e-05, 3.90297645936e-05], "dvar": [0.000140099888085, 0.000131823428092, 2.09267327591e-05, 1.66604365859e-06, 4.74036916387e-08, 1.66624388953e-07, 5.58532775585e-08, 4.13161629353e-08, 1.12489921378e-07, 2.82104082316e-08, 3.02734051161e-08, 1.48411336554e-08, 1.11883107223e-08, 5.81017323142e-09, 3.60276963818e-09, 4.61475480051e-09, 4.9845048089e-09, 2.32325136906e-09, 8.05334243736e-10, 9.97190663377e-10, 2.65802324595e-10, 1.58849960963e-10, 8.0969474181e-11, 7.24860796386e-11, 6.18514475748e-11, 3.92677071415e-11, 2.69032279093e-11, 1.42515504606e-11, 2.1708482234e-11, 2.40939108942e-11, 1.68035446668e-11, 1.54929697543e-11, 1.76907984789e-11, 1.57628007869e-10, 3.04619177105e-11, 7.30570638707e-12, 9.94226836276e-12, 6.48321457283e-12, 7.5456186438e-12, 1.03801984369e-11], "mean": [0.00629925401881, 0.00765886949375, 0.00275093107484, 0.00059633620549, 0.0002072150819, 0.000267013063421, 0.000154375535203, 0.000122527650092, 9.09142472665e-05, 5.63345492992e-05, 7.56034860387e-05, 4.09379172197e-05, 3.83395599783e-05, 2.96455673379e-05, 2.32536822296e-05, 1.795274693e-05, 1.63134482136e-05, 1.2937851352e-05, 1.03828288047e-05, 9.63620277616e-06, 6.57874079479e-06, 5.74945670451e-06, 4.49020262749e-06, 4.15093927586e-06, 3.51195967596e-06, 3.08499284074e-06, 2.40551116804e-06, 1.95255643121e-06, 1.82805558779e-06, 1.74334343228e-06, 1.78986397259e-06, 1.65405594998e-06, 1.63525442076e-06, 3.13075383929e-06, 1.65109611316e-06, 9.33651790547e-07, 8.84483938535e-07, 7.69938480971e-07, 7.0380087891e-07, 9.13380290513e-07], "dvar2": [0.000385108520277, 0.000250333978329, 4.74434636999e-05, 4.71953944725e-06, 1.10547112797e-07, 3.84539760034e-07, 1.42746372944e-07, 1.08161636092e-07, 3.02233473803e-07, 7.18868733429e-08, 6.82296956711e-08, 3.91356067553e-08, 3.04163911835e-08, 1.58673660877e-08, 9.15788600508e-09, 1.16288276786e-08, 1.36390969629e-08, 6.57086296485e-09, 2.21038654047e-09, 2.79627609956e-09, 7.44208528136e-10, 4.34476954414e-10, 2.13490822243e-10, 1.89480250934e-10, 1.63431587707e-10, 1.00399535907e-10, 6.97012655926e-11, 3.58301027736e-11, 5.75072836573e-11, 6.61107904532e-11, 4.27038716888e-11, 3.87352407094e-11, 4.6320194208e-11, 4.19772855365e-10, 7.66126814766e-11, 1.77794549916e-11, 2.58617571802e-11, 1.63149806165e-11, 2.00361116587e-11, 2.7642308581e-11], "min": [7.28605110273e-13, 1.19269264603e-12, 7.15000161942e-13, 3.70034601918e-12, 2.8990926413e-12, 3.19474779747e-13, 9.5728318935e-13, 2.28387361106e-12, 2.78611470917e-13, 5.20717637845e-13, 6.54389628423e-13, 1.559155474e-12, 5.80389740174e-13, 1.45686436005e-12, 7.33744987512e-13, 1.05957170121e-12, 6.24769875592e-13, 6.57460251605e-13, 1.15608867965e-12, 7.38368296626e-13, 4.17636791036e-13, 7.2034424866e-13, 1.44970678257e-13, 2.72143012335e-13, 1.39023138162e-13, 5.20909921101e-13, 4.62974222761e-13, 8.00298249979e-13, 2.26502193737e-13, 2.2598229169e-13, 3.10235398569e-13, 3.18577521134e-13, 2.57593208916e-13, 4.35846535729e-13, 2.39962699234e-13, 2.33178358349e-13, 1.06094739114e-13, 1.53820735988e-13, 1.10364259506e-13, 3.30917639211e-13], "var": [0.00020024740661, 0.00023386743851, 2.26362190006e-05, 1.22452127016e-06, 8.13316418657e-08, 2.58931720509e-07, 1.04814269264e-07, 6.477736747e-08, 8.14096310364e-08, 2.44118769643e-08, 3.67076893326e-08, 1.26710606452e-08, 8.99895979956e-09, 4.43130643291e-09, 3.00236879802e-09, 3.6275429327e-09, 3.29025917623e-09, 1.42428002725e-09, 5.75022529592e-10, 6.60124843677e-10, 2.09829875697e-10, 1.5455990654e-10, 9.14103168159e-11, 6.95932061978e-11, 5.54647577866e-11, 3.66141041097e-11, 2.49642181926e-11, 1.91746792055e-11, 2.06039959399e-11, 1.72749418936e-11, 1.48792176496e-11, 1.51122205028e-11, 1.41096101816e-11, 1.10151991695e-10, 2.41353274172e-11, 6.4397181164e-12, 7.43772664985e-12, 5.23126854335e-12, 5.43921678531e-12, 7.34208093628e-12], "median": [0.000582503213082, 0.00220646732487, 0.00156115414575, 0.000231165744481, 8.49660573294e-05, 6.76538329571e-05, 4.12517911172e-05, 3.18641032209e-05, 2.10421785596e-05, 1.22444416775e-05, 1.15415450637e-05, 8.79082654137e-06, 7.27314272808e-06, 5.30776924279e-06, 4.76279865325e-06, 2.58664749708e-06, 1.74278034137e-06, 2.18096192839e-06, 2.06187542062e-06, 1.94884660232e-06, 1.41139503285e-06, 1.35027755732e-06, 1.08993640424e-06, 1.04124194422e-06, 8.11386883015e-07, 6.43137354928e-07, 5.64155925531e-07, 5.71830241825e-07, 5.07180402565e-07, 3.51923461039e-07, 3.22975495237e-07, 2.61310674432e-07, 2.69276057452e-07, 1.72350709704e-07, 1.2146996653e-07, 8.19779870653e-08, 8.09180278338e-08, 4.81609134795e-08, 4.16886436483e-08, 1.00698969163e-07]}, "silence_rate_60dB": {"dmean": 0.0519480518997, "dmean2": 0.103809893131, "max": 1, "dvar": 0.0492433272302, "mean": 0.15390534699, "dvar2": 0.103049091995, "min": 0, "var": 0.130213916302, "median": 0}, "spectral_energyband_middle_high": {"dmean": 0.0017778032925, "dmean2": 0.00301148300059, "max": 0.0608280450106, "dvar": 1.58938000823e-05, "mean": 0.00179759867024, "dvar2": 4.20526448579e-05, "min": 9.23747536796e-11, "var": 1.30037897179e-05, "median": 0.000562642642763}, "erbbands_skewness": {"dmean": 0.604964613914, "dmean2": 0.909079432487, "max": 9.9679069519, "dvar": 0.428595751524, "mean": 0.92355042696, "dvar2": 0.880094110966, "min": -3.54723596573, "var": 1.11003696918, "median": 0.782458603382}, "dynamic_complexity": 4.02812290192, "dissonance": {"dmean": 0.0211141556501, "dmean2": 0.0351048596203, "max": 0.500000059605, "dvar": 0.00038658696576, "mean": 0.459274590015, "dvar2": 0.00104943907354, "min": 0.228652209044, "var": 0.00089541770285, "median": 0.466061890125}, "spectral_skewness": {"dmean": 0.457304269075, "dmean2": 0.705296218395, "max": 10.6241493225, "dvar": 0.305717676878, "mean": 1.98899781704, "dvar2": 0.715170919895, "min": 0.0120364865288, "var": 1.16330182552, "median": 1.75955271721}, "spectral_kurtosis": {"dmean": 3.66330575943, "dmean2": 5.85392999649, "max": 176.476272583, "dvar": 39.8386611938, "mean": 7.64357328415, "dvar2": 100.894485474, "min": -1.26045453548, "var": 179.029754639, "median": 4.55902910233}, "gfcc": {"cov": [[8533.99316406, -1802.27148438, -325.555114746, 628.660095215, 215.295959473, 417.891723633, 64.6225891113, 164.596038818, -65.2279434204, 244.489151001, -76.0127258301, 247.861801147, -422.020385742], [-1802.27148438, 2298.1730957, -134.416000366, -98.2572174072, 396.101837158, -180.131362915, 271.611602783, -94.375831604, 271.723388672, -203.767700195, 122.768638611, -208.839035034, 266.003570557], [-325.555114746, -134.416000366, 1200.99255371, 265.435119629, 294.194946289, 216.579925537, 92.8594741821, 137.366287231, 5.25620317459, 56.4388694763, -41.0962638855, -16.1236457825, -39.154712677], [628.660095215, -98.2572174072, 265.435119629, 658.647644043, 311.387359619, 140.019134521, 171.413406372, 50.2968330383, 63.0389022827, 1.60513615608, 35.3563346863, -29.9024448395, -9.60888671875], [215.295959473, 396.101837158, 294.194946289, 311.387359619, 560.79675293, 202.308197021, 246.278289795, 99.6970443726, 100.248832703, 4.91002416611, -7.07835483551, -72.911781311, 34.7866287231], [417.891723633, -180.131362915, 216.579925537, 140.019134521, 202.308197021, 285.672241211, 123.821006775, 88.1356506348, 10.9783411026, 28.9411582947, -38.3537445068, -20.4044380188, -25.8147945404], [64.6225891113, 271.611602783, 92.8594741821, 171.413406372, 246.278289795, 123.821006775, 248.429275513, 82.1368560791, 94.1185150146, -15.9278936386, 17.1063861847, -46.1221084595, 36.8827934265], [164.596038818, -94.375831604, 137.366287231, 50.2968330383, 99.6970443726, 88.1356506348, 82.1368560791, 152.169952393, 10.5268716812, 69.6046142578, -13.8757381439, -1.18433022499, -11.4876070023], [-65.2279434204, 271.723388672, 5.25620317459, 63.0389022827, 100.248832703, 10.9783411026, 94.1185150146, 10.5268716812, 151.599227905, -11.5282411575, 51.1728363037, -17.0649471283, 31.618221283], [244.489151001, -203.767700195, 56.4388694763, 1.60513615608, 4.91002416611, 28.9411582947, -15.9278936386, 69.6046142578, -11.5282411575, 139.423355103, 14.7385759354, 32.8369369507, -23.3124275208], [-76.0127258301, 122.768638611, -41.0962638855, 35.3563346863, -7.07835483551, -38.3537445068, 17.1063861847, -13.8757381439, 51.1728363037, 14.7385759354, 115.012184143, 19.3631134033, 20.1328201294], [247.861801147, -208.839035034, -16.1236457825, -29.9024448395, -72.911781311, -20.4044380188, -46.1221084595, -1.18433022499, -17.0649471283, 32.8369369507, 19.3631134033, 108.895385742, 9.10639190674], [-422.020385742, 266.003570557, -39.154712677, -9.60888671875, 34.7866287231, -25.8147945404, 36.8827934265, -11.4876070023, 31.618221283, -23.3124275208, 20.1328201294, 9.10639190674, 132.928115845]], "mean": [-57.3908119202, 104.650878906, -82.8563613892, 35.649887085, -51.1383514404, 18.0960254669, -33.4956321716, 9.96187496185, -26.6312484741, 2.48724579811, -21.1605644226, -2.02558946609, -11.0287132263], "icov": [[0.00021710585861, 2.97639799101e-05, 0.000201615155675, -0.000199114409043, -0.000133923138492, -0.000191579587408, -2.77185827144e-05, 1.72490290424e-05, -6.8033914431e-05, -0.000141846787301, 0.000219188717892, -0.00066319538746, 0.000685265695211], [2.97639799101e-05, 0.00169335154351, -7.03615514794e-05, 0.00103086791933, -0.00148473784793, 0.00156377791427, -0.000865284237079, 0.000683319813106, -0.000949812063482, 0.000923789222725, -0.00125821016263, 0.00234167440794, -0.00183084188029], [0.000201615155675, -7.03615514794e-05, 0.00131057424005, -0.000509489153046, -0.000488131277962, -0.000716718262993, 0.000688035157509, -0.00080507225357, -1.94279637071e-05, -3.1532777939e-05, 0.000370004796423, -0.000849365023896, 0.00085940991994], [-0.000199114409043, 0.00103086791933, -0.000509489153046, 0.00315661611967, -0.00176098651718, 0.00101570063271, -0.00138395407703, 0.00097930280026, -0.000179948518053, 0.000801308546215, -0.00196233508177, 0.00183131254744, -0.00113511423115], [-0.000133923138492, -0.00148473784793, -0.000488131277962, -0.00176098651718, 0.00574457831681, -0.00234040967189, -0.00162973592523, -0.00039923278382, -5.86395399296e-05, -0.00151797605213, 0.00186081894208, -0.000285995571176, 0.000220209345571], [-0.000191579587408, 0.00156377791427, -0.000716718262993, 0.00101570063271, -0.00234040967189, 0.0079488651827, -0.00321926968172, 1.72557811311e-05, 1.22636329252e-05, 0.000253611069638, 0.000404354330385, 0.00210310472175, -0.000988089945167], [-2.77185827144e-05, -0.000865284237079, 0.000688035157509, -0.00138395407703, -0.00162973592523, -0.00321926968172, 0.0125726442784, -0.00596631830558, -0.00308970827609, 0.00323410099372, -0.00113593868446, 0.000518973276485, -0.00101801473647], [1.72490290424e-05, 0.000683319813106, -0.00080507225357, 0.00097930280026, -0.00039923278382, 1.72557811311e-05, -0.00596631830558, 0.014081818983, 0.000311944168061, -0.00673202658072, 0.00190945737995, 0.000528967997525, -7.9041798017e-05], [-6.8033914431e-05, -0.000949812063482, -1.94279637071e-05, -0.000179948518053, -5.86395399296e-05, 1.22636329252e-05, -0.00308970827609, 0.000311944168061, 0.0112581644207, -0.000255004590144, -0.0034243343398, -0.000645265099593, 0.000408179708757], [-0.000141846787301, 0.000923789222725, -3.1532777939e-05, 0.000801308546215, -0.00151797605213, 0.000253611069638, 0.00323410099372, -0.00673202658072, -0.000255004590144, 0.0130001911893, -0.00404366943985, -0.000579232466407, -0.000290230585961], [0.000219188717892, -0.00125821016263, 0.000370004796423, -0.00196233508177, 0.00186081894208, 0.000404354330385, -0.00113593868446, 0.00190945737995, -0.0034243343398, -0.00404366943985, 0.0140960188583, -0.00448634242639, 0.00153034494724], [-0.00066319538746, 0.00234167440794, -0.000849365023896, 0.00183131254744, -0.000285995571176, 0.00210310472175, 0.000518973276485, 0.000528967997525, -0.000645265099593, -0.000579232466407, -0.00448634242639, 0.0174444112927, -0.00698794377968], [0.000685265695211, -0.00183084188029, 0.00085940991994, -0.00113511423115, 0.000220209345571, -0.000988089945167, -0.00101801473647, -7.9041798017e-05, 0.000408179708757, -0.000290230585961, 0.00153034494724, -0.00698794377968, 0.0136583130807]]}, "spectral_complexity": {"dmean": 4.33583450317, "dmean2": 6.82547616959, "max": 46, "dvar": 31.5028076172, "mean": 10.0447282791, "dvar2": 70.820602417, "min": 0, "var": 59.7589263916, "median": 8}, "spectral_flux": {"dmean": 0.0477071776986, "dmean2": 0.0734031572938, "max": 0.501899659634, "dvar": 0.00374911027029, "mean": 0.101075462997, "dvar2": 0.0076856026426, "min": 1.70349485415e-05, "var": 0.0100242774934, "median": 0.0591618269682}, "spectral_energyband_low": {"dmean": 0.0227198302746, "dmean2": 0.0375630185008, "max": 0.394770145416, "dvar": 0.00250507402234, "mean": 0.0400926694274, "dvar2": 0.0052733598277, "min": 6.24360632639e-12, "var": 0.00519376993179, "median": 0.0127662774175}, "spectral_decrease": {"dmean": 6.81097089839e-09, "dmean2": 1.11474909303e-08, "max": -3.38747004453e-17, "dvar": 1.8316951165e-16, "mean": -1.28859687365e-08, "dvar2": 3.82860109769e-16, "min": -1.09156680139e-07, "var": 3.95814711073e-16, "median": -5.0855000211e-09}, "barkbands_spread": {"dmean": 9.44699859619, "dmean2": 14.6124191284, "max": 112.389060974, "dvar": 235.955429077, "mean": 14.6273593903, "dvar2": 516.128051758, "min": 0.223756328225, "var": 341.9871521, "median": 7.83964538574}, "spectral_rms": {"dmean": 0.00153488561045, "dmean2": 0.00239117164165, "max": 0.0201895404607, "dvar": 5.09588926434e-06, "mean": 0.00554149737582, "dvar2": 9.68830045167e-06, "min": 5.32082367499e-07, "var": 1.79705093615e-05, "median": 0.0044498834759}, "spectral_centroid": {"dmean": 320.476623535, "dmean2": 499.143829346, "max": 10404.4482422, "dvar": 189368.53125, "mean": 767.776306152, "dvar2": 388377.625, "min": 108.69556427, "var": 398372.46875, "median": 567.670776367}, "barkbands_skewness": {"dmean": 1.53121805191, "dmean2": 2.20872616768, "max": 29.6545200348, "dvar": 3.11986804008, "mean": 3.78247594833, "dvar2": 6.80328321457, "min": -4.29543542862, "var": 10.1305770874, "median": 2.96506643295}, "spectral_rolloff": {"dmean": 920.524291992, "dmean2": 1597.7142334, "max": 13716.6503906, "dvar": 4777372.5, "mean": 1087.50732422, "dvar2": 11453906, "min": 64.599609375, "var": 4880979.5, "median": 344.53125}, "erbbands_spread": {"dmean": 14.2655258179, "dmean2": 21.8542480469, "max": 169.702209473, "dvar": 280.868621826, "mean": 45.5583190918, "dvar2": 587.627685547, "min": 1.49003469944, "var": 617.289794922, "median": 41.282623291}, "barkbands": {"dmean": [0.00093094969634, 0.016585227102, 0.00892584677786, 0.00380547810346, 0.00169174780603, 0.000886893365532, 0.000493071391247, 0.000391716894228, 0.000413952919189, 0.000407313840697, 0.00030227471143, 0.000266668008408, 0.000246492039878, 0.000230418430874, 0.000184380071005, 0.000118612450024, 9.34516283451e-05, 8.464838902e-05, 8.56758051668e-05, 5.84989466006e-05, 8.25795723358e-05, 9.95752125164e-05, 0.000157845119247, 8.8590735686e-05, 0.000160797004355, 0.000175407971255, 6.41917358735e-06], "dmean2": [0.00143067818135, 0.0251998659223, 0.0133655807003, 0.00662992568687, 0.00301680667326, 0.00134336191695, 0.000822800735477, 0.000683652877342, 0.000701438693795, 0.00062846991932, 0.000522185175214, 0.000471182051115, 0.00043035694398, 0.000418971438194, 0.000322186824633, 0.000211696722545, 0.000164994693478, 0.000143385143019, 0.00014351484424, 9.73600836005e-05, 0.000138977702591, 0.000164331868291, 0.000267157884082, 0.000146518519614, 0.000273332116194, 0.000310611882014, 1.09051306936e-05], "max": [0.0149752609432, 0.300485223532, 0.262517273426, 0.103120878339, 0.0430376902223, 0.0243359841406, 0.0328775718808, 0.0295643415302, 0.0216223541647, 0.0122115844861, 0.0198486596346, 0.00777084659785, 0.014815560542, 0.0132100796327, 0.00504047097638, 0.00921891536564, 0.0046933456324, 0.00383681454696, 0.00216754036956, 0.00322052533738, 0.00356381176971, 0.0028836990241, 0.00428692856804, 0.00247075874358, 0.00594062870368, 0.00880427006632, 0.000583354034461], "dvar": [3.74721912522e-06, 0.00146596180275, 0.000561792810913, 0.000110741952085, 1.80862989509e-05, 3.44114823747e-06, 1.47668640693e-06, 1.47006596762e-06, 1.94332778847e-06, 9.39363587804e-07, 7.83327038789e-07, 3.66945016594e-07, 4.67698271223e-07, 5.12185579282e-07, 1.69479648093e-07, 1.21584150747e-07, 4.30550350927e-08, 2.92556769921e-08, 2.65357105178e-08, 1.65755302817e-08, 3.38239445341e-08, 4.07265687841e-08, 1.86419939041e-07, 5.52944108279e-08, 2.18308343847e-07, 3.62738376225e-07, 7.26492699332e-10], "mean": [0.00112203788012, 0.0238365177065, 0.0123999519274, 0.00512241246179, 0.00198936858214, 0.00126648019068, 0.000782905437518, 0.000437704497017, 0.000406998413382, 0.000462604890345, 0.000270873657428, 0.00024085440964, 0.000200541791855, 0.000166566533153, 0.000155550122145, 0.000107337735244, 0.000101992700365, 8.72972304933e-05, 8.22341171443e-05, 6.31134607829e-05, 7.44446879253e-05, 8.68573988555e-05, 0.000117885567306, 6.89508087817e-05, 0.000124369689729, 0.000115338691103, 4.50281731901e-06], "dvar2": [9.73353053269e-06, 0.00336747663096, 0.00115595315583, 0.000297283026157, 5.17871230841e-05, 7.85965767136e-06, 3.75278409592e-06, 4.01160696128e-06, 5.01722115587e-06, 2.15676277548e-06, 2.13004432226e-06, 9.99915073407e-07, 1.17208276151e-06, 1.41410703236e-06, 4.64292753577e-07, 3.44668052321e-07, 1.17075430239e-07, 7.53205995352e-08, 6.73002489293e-08, 4.1672976181e-08, 9.07670525407e-08, 1.03063918289e-07, 4.83325550249e-07, 1.40582429253e-07, 5.78925835271e-07, 9.86283794191e-07, 1.88403448398e-09], "min": [1.02916969651e-13, 3.02001999797e-12, 2.23828681284e-12, 9.67035262631e-13, 1.91852263243e-11, 2.70355569529e-12, 8.30977734539e-12, 5.04065929621e-12, 3.82590617173e-12, 7.10518623104e-12, 5.01901168196e-12, 1.21211461007e-11, 1.05584013754e-11, 6.03489090298e-12, 1.18130713544e-11, 6.8716148223e-12, 1.13946404395e-11, 3.97017141385e-12, 8.92007995246e-12, 2.05477405923e-11, 9.29476981493e-12, 1.54366346095e-11, 1.99291329966e-11, 9.98456265583e-12, 3.20861150149e-11, 2.72165033566e-11, 1.69316210358e-11], "var": [6.32302953818e-06, 0.00267691048793, 0.000683570979163, 9.05186971067e-05, 1.37628248922e-05, 5.54180405743e-06, 2.70423993243e-06, 1.15357545383e-06, 1.58905959324e-06, 1.13817770853e-06, 5.96636880346e-07, 2.84257652083e-07, 3.78748183039e-07, 3.30207939214e-07, 1.22055737961e-07, 7.8855073582e-08, 4.48359429583e-08, 3.1052451277e-08, 2.59187924456e-08, 2.01829877255e-08, 2.60584425149e-08, 3.68414063701e-08, 1.39279279665e-07, 4.35230127493e-08, 1.53475866682e-07, 2.3914097369e-07, 5.2810056328e-10], "median": [8.67194466991e-05, 0.00272792391479, 0.0033829016611, 0.00206881808117, 0.000787066761404, 0.00034269929165, 0.000187496072613, 0.000127047300339, 7.88193938206e-05, 7.68659156165e-05, 4.4870779675e-05, 4.38864299213e-05, 3.19885475619e-05, 1.80120787263e-05, 3.24962675222e-05, 2.35979259742e-05, 2.4870991183e-05, 2.13274761336e-05, 1.81392861123e-05, 1.8710612494e-05, 1.63872264238e-05, 1.50432579176e-05, 7.43371583667e-06, 5.42366888112e-06, 1.33489265863e-05, 1.62676894888e-06, 4.92228409144e-08]}, "melbands_kurtosis": {"dmean": 33.1528205872, "dmean2": 49.1370582581, "max": 942.332946777, "dvar": 2793.26293945, "mean": 60.3054771423, "dvar2": 5922.55126953, "min": -1.75873482227, "var": 6889.13037109, "median": 27.5391921997}, "erbbands_crest": {"dmean": 3.02041912079, "dmean2": 4.62319993973, "max": 30.3418331146, "dvar": 8.09986114502, "mean": 9.7481584549, "dvar2": 17.2740383148, "min": 2.5746049881, "var": 20.5968227386, "median": 8.77649593353}, "melbands_skewness": {"dmean": 1.47960448265, "dmean2": 2.24958229065, "max": 21.5980453491, "dvar": 2.62869715691, "mean": 4.78483390808, "dvar2": 5.80493783951, "min": -1.4680942297, "var": 8.87987804413, "median": 4.15229225159}, "spectral_energyband_middle_low": {"dmean": 0.00675130309537, "dmean2": 0.0112931644544, "max": 0.133369117975, "dvar": 0.000214532381506, "mean": 0.0102737452835, "dvar2": 0.000567827490158, "min": 4.07841573014e-11, "var": 0.000191708328202, "median": 0.00648721586913}, "spectral_contrast_coeffs": {"dmean": [0.049582734704, 0.0505720824003, 0.0397584475577, 0.0326033867896, 0.0241558346897, 0.023516215384], "dmean2": [0.0773859918118, 0.0827687680721, 0.0635779500008, 0.0530603080988, 0.0384012386203, 0.0384643450379], "max": [-0.315616905689, -0.400366127491, -0.507338523865, -0.596848785877, -0.580677628517, -0.60391074419], "dvar": [0.00181655504275, 0.002065845998, 0.00122049346101, 0.000787889759522, 0.000499136163853, 0.000511575955898], "mean": [-0.600205600262, -0.754742145538, -0.795977890491, -0.816143155098, -0.818853020668, -0.776594161987], "dvar2": [0.00436928588897, 0.00498534785584, 0.00290869898163, 0.00203518336639, 0.0011515528895, 0.0012419159757], "min": [-0.945917904377, -0.9418643713, -0.964869558811, -0.946921229362, -0.958604693413, -0.958612442017], "var": [0.00582537334412, 0.00636115018278, 0.00401515280828, 0.00215129484423, 0.00215012137778, 0.00171282386873], "median": [-0.598543167114, -0.766516327858, -0.805443644524, -0.821731209755, -0.82918637991, -0.781132102013]}, "spectral_contrast_valleys": {"dmean": [0.414412975311, 0.489603489637, 0.568850934505, 0.631673157215, 0.6372641325, 0.806734263897], "dmean2": [0.642415940762, 0.784854412079, 0.856283605099, 0.928390860558, 0.907262384892, 1.05725729465], "max": [-5.00262975693, -4.45735692978, -4.9222445488, -5.28608894348, -5.71104335785, -7.58261299133], "dvar": [0.211849823594, 0.282357692719, 0.366759568453, 0.474819391966, 0.445941478014, 0.684729158878], "mean": [-7.40512371063, -7.13410568237, -7.84393405914, -8.43817615509, -8.42104148865, -10.8588867188], "dvar2": [0.416451007128, 0.61971950531, 0.782916724682, 1.01495444775, 0.928535163403, 1.37239444256], "min": [-27.4523010254, -27.3240013123, -26.7765235901, -27.384021759, -27.2804145813, -27.2852191925], "var": [1.52066266537, 0.728259384632, 0.952636241913, 1.20390331745, 1.34578645229, 1.85650241375], "median": [-7.14020109177, -7.11243629456, -7.86277484894, -8.54054641724, -8.40013122559, -10.8177089691]}, "silence_rate_20dB": {"dmean": 0.000769600796048, "dmean2": 0.00153934967238, "max": 1, "dvar": 0.000768951955251, "mean": 0.999615252018, "dvar2": 0.00230644876137, "min": 0, "var": 0.000384640035918, "median": 1}, "silence_rate_30dB": {"dmean": 0.0704184696078, "dmean2": 0.140850484371, "max": 1, "dvar": 0.0654503703117, "mean": 0.842920362949, "dvar2": 0.121603108943, "min": 0, "var": 0.132399946451, "median": 1}, "spectral_strongpeak": {"dmean": 0.282218724489, "dmean2": 0.469136446714, "max": 7.0169711113, "dvar": 0.178746312857, "mean": 0.546183645725, "dvar2": 0.452413469553, "min": 0, "var": 0.221902251244, "median": 0.457755893469}, "spectral_spread": {"dmean": 1189306.25, "dmean2": 1730949.875, "max": 42850516, "dvar": 2857752330240.0, "mean": 4986855, "dvar2": 6370579447810.0, "min": 541359.375, "var": 5170429689860.0, "median": 4566217}, "barkbands_flatness_db": {"dmean": 0.0487804412842, "dmean2": 0.0688398480415, "max": 0.499479711056, "dvar": 0.00204473594204, "mean": 0.203491583467, "dvar2": 0.00423208717257, "min": 0.0265578273684, "var": 0.00845641735941, "median": 0.194744467735}, "pitch_salience": {"dmean": 0.0912348926067, "dmean2": 0.143078893423, "max": 0.919309198856, "dvar": 0.00668675638735, "mean": 0.501943290234, "dvar2": 0.015778163448, "min": 0.043793015182, "var": 0.0243198983371, "median": 0.511954128742}, "erbbands_kurtosis": {"dmean": 1.94624102116, "dmean2": 3.03360652924, "max": 152.730651855, "dvar": 14.7410860062, "mean": 1.85272538662, "dvar2": 30.1012744904, "min": -1.8642462492, "var": 30.1922855377, "median": 0.320800542831}, "average_loudness": 0.918570399284, "barkbands_crest": {"dmean": 3.14515399933, "dmean2": 4.72397518158, "max": 25.7362251282, "dvar": 7.21853208542, "mean": 12.9841184616, "dvar2": 16.3966693878, "min": 2.31922030449, "var": 25.6489372253, "median": 12.3593883514}, "hfc": {"dmean": 11.7965717316, "dmean2": 19.0831699371, "max": 286.684082031, "dvar": 498.16619873, "mean": 13.9049301147, "dvar2": 1268.95910645, "min": 1.78978166332e-06, "var": 446.715789795, "median": 5.87195777893}, "barkbands_kurtosis": {"dmean": 26.6812114716, "dmean2": 40.3614234924, "max": 1361.41870117, "dvar": 3264.21582031, "mean": 37.2920875549, "dvar2": 8046.87646484, "min": -1.91996884346, "var": 5273.55908203, "median": 11.9279508591}, "erbbands": {"dmean": [0.633974671364, 3.37427330017, 10.0473661423, 10.1767034531, 10.0244226456, 4.85558652878, 3.53642034531, 9.03063106537, 6.55497217178, 8.39562225342, 10.48579216, 9.16083049774, 13.4918527603, 10.0038671494, 11.9630174637, 10.7489891052, 11.3547677994, 11.8080968857, 10.2958288193, 9.67184829712, 5.84659671783, 4.897564888, 4.06347084045, 4.71574687958, 4.15617322922, 2.78639268875, 3.05039596558, 3.4592359066, 3.2735478878, 6.2180981636, 3.33480763435, 1.89798223972, 1.43581259251, 1.33805000782, 1.33380770683, 0.829652428627, 0.36351159215, 0.031610313803, 0.00132202205714, 7.44048084016e-05], "dmean2": [1.08472657204, 5.0254149437, 14.7278308868, 16.0866203308, 17.8267383575, 8.52753734589, 5.38591623306, 13.7218561172, 10.9530258179, 14.3591566086, 18.1516838074, 15.2504014969, 20.5734825134, 16.9115962982, 20.695640564, 18.7238693237, 19.8062820435, 21.2916126251, 18.5396976471, 16.8810901642, 10.4277534485, 8.64917755127, 6.85813045502, 8.04052448273, 6.92907953262, 4.65568780899, 5.11312437057, 5.80901288986, 5.39176416397, 10.7085037231, 5.53689146042, 3.12711572647, 2.37918400764, 2.26217317581, 2.27833867073, 1.45503532887, 0.650561153889, 0.0545755811036, 0.00226413039491, 0.00012485217303], "max": [10.4713582993, 64.3953399658, 256.741241455, 245.873458862, 264.545898438, 113.264060974, 74.5852127075, 248.482376099, 414.745849609, 517.750732422, 825.148071289, 527.685852051, 504.599853516, 669.63848877, 396.987518311, 376.791625977, 766.390563965, 770.152038574, 445.183807373, 381.073272705, 250.054992676, 205.864273071, 178.56362915, 182.849609375, 115.235198975, 115.999008179, 127.89037323, 120.373855591, 116.717651367, 156.979888916, 90.3017959595, 50.9541702271, 41.7430610657, 43.3235397339, 54.0383529663, 37.370677948, 19.003578186, 1.96030247211, 0.112666346133, 0.00453404476866], "dvar": [2.21999073029, 64.6850128174, 696.174865723, 643.87701416, 822.271362305, 105.27205658, 35.9519538879, 391.916412354, 225.640258789, 390.627044678, 1362.19848633, 843.078857422, 1222.5637207, 969.688598633, 850.459960938, 561.34979248, 1134.80004883, 1302.51208496, 727.76159668, 504.463348389, 233.386383057, 124.256568909, 72.2301254272, 89.3193893433, 64.0621566772, 31.7466964722, 51.6696739197, 51.7481002808, 43.1276626587, 268.184661865, 73.677192688, 24.8269958496, 14.6873512268, 14.0049524307, 15.7617044449, 7.47421550751, 1.63630223274, 0.0123534873128, 2.93220618914e-05, 3.65820120862e-08], "mean": [0.659307181835, 5.44105815887, 14.6553020477, 15.7231988907, 11.5200357437, 6.37558317184, 5.38009262085, 12.4001779556, 9.88656902313, 12.50278759, 11.1256742477, 9.50815582275, 15.3086690903, 10.5804166794, 11.0327482224, 10.1921186447, 9.37228107452, 8.82807064056, 7.94145727158, 8.35669231415, 5.77501106262, 5.33378410339, 4.46042633057, 4.45669126511, 4.02992391586, 3.08995652199, 2.94782185555, 3.04484534264, 2.90722131729, 4.55631399155, 2.60940599442, 1.50280761719, 1.10460305214, 1.02669596672, 1.0137668848, 0.56906580925, 0.234480842948, 0.0217856802046, 0.000938671117183, 8.76083940966e-05], "dvar2": [6.64752721786, 121.068588257, 1435.28063965, 1427.41333008, 2301.25390625, 296.587982178, 77.2950134277, 899.64074707, 569.656982422, 1005.05194092, 3671.54077148, 2162.24023438, 2766.05151367, 2564.01513672, 2327.08276367, 1506.72814941, 2814.77368164, 3517.93530273, 2043.14196777, 1372.37353516, 657.438293457, 340.248504639, 186.404098511, 234.086929321, 161.889007568, 79.9958343506, 140.036193848, 134.093887329, 107.344429016, 710.582824707, 185.975540161, 63.0598068237, 37.6977386475, 37.1932258606, 41.7240524292, 20.2641010284, 4.50124120712, 0.0325579978526, 7.62999261497e-05, 9.31526003001e-08], "min": [6.48308767781e-11, 7.59125484695e-10, 2.30722418948e-09, 4.24290602652e-09, 1.57181023752e-08, 8.61243094619e-08, 6.6795216469e-08, 1.43929410612e-08, 4.3378065584e-08, 2.26398199743e-07, 5.34880406633e-08, 6.63458692429e-08, 1.36420240437e-07, 3.90260936456e-07, 2.16948080833e-07, 4.89801095682e-07, 3.58008492185e-07, 3.74306097228e-07, 4.52171292409e-07, 7.50036576846e-07, 3.66557742382e-07, 5.18346269018e-07, 2.56225803241e-07, 2.46519675784e-07, 6.04772537827e-07, 1.07639573343e-06, 3.88463973877e-07, 4.66601392191e-07, 5.12259759944e-07, 6.82768359184e-07, 4.3878770839e-07, 2.30437080972e-07, 2.05641683237e-07, 2.99996116837e-07, 2.59937849023e-07, 9.29755543666e-08, 5.51900321e-08, 2.32976713477e-08, 4.12285494633e-09, 1.13545388369e-10], "var": [2.46994996071, 136.570068359, 940.948608398, 724.394470215, 563.913269043, 118.680046082, 64.3489761353, 588.964294434, 432.272735596, 705.57434082, 1016.10852051, 714.383117676, 1472.53735352, 810.06262207, 650.521850586, 462.528320313, 927.18536377, 889.378112793, 461.449829102, 372.058135986, 167.131866455, 121.36882019, 77.3508071899, 82.0948867798, 62.7955513, 39.1087722778, 42.8156318665, 43.348110199, 41.1186752319, 192.265472412, 58.458480835, 19.6921329498, 11.3984899521, 9.97217655182, 11.034869194, 4.96803760529, 1.04541885853, 0.00874307285994, 2.11039787246e-05, 3.06412886175e-08], "median": [0.0477859973907, 0.850998520851, 3.80063724518, 8.83166122437, 4.72532939911, 2.32029151917, 2.09962368011, 3.12711191177, 2.74790096283, 3.04753828049, 2.8487071991, 2.22414445877, 2.42473125458, 2.39376187325, 2.34430384636, 2.12678217888, 1.64095139503, 1.08327877522, 1.45836186409, 1.5860272646, 1.39019608498, 1.39728522301, 1.26891684532, 1.11888432503, 0.900959610939, 0.867190003395, 0.777673244476, 0.581199109554, 0.487229943275, 0.387123525143, 0.205668747425, 0.13915348053, 0.0772863775492, 0.110310032964, 0.0934750139713, 0.0235865972936, 0.00385381584056, 0.000340056663845, 3.22487867379e-05, 2.72980396403e-05]}, "spectral_energy": {"dmean": 0.0264820531011