{"tonal": {"chords_number_rate": 0.00196393509395, "thpcp": [1, 0.613205969334, 0.186306402087, 0.16960388422, 0.193182811141, 0.213904291391, 0.342334419489, 0.662348330021, 0.844394385815, 0.584976196289, 0.27427020669, 0.20268188417, 0.198614358902, 0.194398403168, 0.227665886283, 0.409032613039, 0.665171444416, 0.598208129406, 0.343235462904, 0.260120034218, 0.278220683336, 0.265869468451, 0.224791824818, 0.193550899625, 0.149832487106, 0.133559569716, 0.148138105869, 0.185872375965, 0.222547516227, 0.223943918943, 0.254493445158, 0.335936069489, 0.367461323738, 0.326355427504, 0.255749255419, 0.602834403515], "hpcp": {"dvar": [0.0361515469849, 0.0386400893331, 0.0428462252021, 0.0568951405585, 0.0536510460079, 0.0534744597971, 0.0467504113913, 0.0424060560763, 0.0357177257538, 0.0299101360142, 0.0254592970014, 0.0248432848603, 0.0145007790998, 0.0124534741044, 0.0143909100443, 0.0182617045939, 0.0246675498784, 0.0273580625653, 0.0360220186412, 0.0355010069907, 0.0347242504358, 0.0331453718245, 0.027689833194, 0.0402188673615, 0.129176795483, 0.0393156260252, 0.01889263466, 0.0189709980041, 0.0206444766372, 0.0256717223674, 0.0541059114039, 0.062416087836, 0.0690567567945, 0.0591076426208, 0.0422342568636, 0.0375870093703], "mean": [0.0822807773948, 0.0805342197418, 0.094316072762, 0.169451609254, 0.275563269854, 0.247822105885, 0.142193555832, 0.107760988176, 0.115259610116, 0.110142827034, 0.0931254252791, 0.0801831185818, 0.0620717145503, 0.0553302690387, 0.0613697767258, 0.0770021080971, 0.0921956673265, 0.0927741602063, 0.105430029333, 0.139169603586, 0.152229696512, 0.135200589895, 0.105950288475, 0.249738648534, 0.414274066687, 0.254035323858, 0.0771819129586, 0.070262491703, 0.0800306275487, 0.088615000248, 0.141820266843, 0.274393737316, 0.349810689688, 0.242340475321, 0.113623037934, 0.0839658454061], "min": [0, 0, 0, 0, 0, 0, 0, 0, 0, 0, 0, 0, 0, 0, 0, 0, 0, 0, 0, 0, 0, 0, 0, 0, 0, 0, 0, 0, 0, 0, 0, 0, 0, 0, 0, 0], "median": [0.0232595968992, 0.0209816563874, 0.0225934069604, 0.0542883723974, 0.112639397383, 0.107083171606, 0.0555019937456, 0.028654826805, 0.0253187995404, 0.0267590284348, 0.0238545015454, 0.0167268011719, 0.0198818836361, 0.0211272966117, 0.0236219353974, 0.0287177953869, 0.0340030677617, 0.030396880582, 0.0274929534644, 0.0368958711624, 0.0508970431983, 0.0489917993546, 0.0344790518284, 0.165676876903, 0.197394803166, 0.163998931646, 0.0296369884163, 0.0230299923569, 0.0188460201025, 0.0198041256517, 0.0449116453528, 0.143741637468, 0.202040582895, 0.116674467921, 0.0355102047324, 0.0231816191226], "dvar2": [0.103145293891, 0.107322186232, 0.1183526963, 0.159961029887, 0.141042843461, 0.147147938609, 0.131919488311, 0.119601175189, 0.0990430116653, 0.0809043347836, 0.0675129070878, 0.0669837221503, 0.039646871388, 0.0346466079354, 0.0410045087337, 0.0497250109911, 0.0681558996439, 0.0771306753159, 0.103655450046, 0.0964979529381, 0.094828389585, 0.0926179587841, 0.0779716074467, 0.102265574038, 0.319565057755, 0.100282952189, 0.0528759546578, 0.0521239377558, 0.0552403144538, 0.0714166685939, 0.150551721454, 0.168335393071, 0.173562556505, 0.157279416919, 0.116509623826, 0.104545354843], "var": [0.0272335447371, 0.028901476413, 0.0339282415807, 0.0626142174006, 0.110517896712, 0.0918007418513, 0.0413682870567, 0.035084053874, 0.0406485646963, 0.0357403978705, 0.029048807919, 0.0298547204584, 0.0138979880139, 0.0109761562198, 0.0125195356086, 0.0168151184916, 0.0230504181236, 0.0259948112071, 0.0369741097093, 0.0539213716984, 0.0522415488958, 0.0407074689865, 0.0321857966483, 0.0562398768961, 0.179108187556, 0.0608022250235, 0.0180110037327, 0.0180615931749, 0.0294098351151, 0.0312258657068, 0.0498055703938, 0.091636992991, 0.121175296605, 0.0795591324568, 0.0365379303694, 0.0286176092923], "dmean2": [0.181762591004, 0.182601124048, 0.214572399855, 0.304729789495, 0.313925325871, 0.335819393396, 0.285257041454, 0.232053354383, 0.202719762921, 0.184056460857, 0.160908311605, 0.14137236774, 0.115032531321, 0.10529807955, 0.113451637328, 0.133856147528, 0.160567238927, 0.173177585006, 0.1973862499, 0.198473334312, 0.214434742928, 0.214572489262, 0.173603460193, 0.330513238907, 0.547117471695, 0.321154981852, 0.13961802423, 0.128255188465, 0.129121422768, 0.165185555816, 0.297370940447, 0.373090267181, 0.407986789942, 0.364127576351, 0.227347314358, 0.183772280812], "max": [1, 1, 1, 1, 1, 1, 1, 1, 1, 1, 1, 1, 1, 1, 1, 1, 1, 1, 1, 1, 1, 1, 1, 1, 1, 1, 1, 1, 1, 1, 1, 1, 1, 1, 1, 1], "dmean": [0.0994968488812, 0.0998419821262, 0.116511449218, 0.170732975006, 0.178957730532, 0.189971923828, 0.158116221428, 0.127582609653, 0.11401193589, 0.104940705001, 0.092149078846, 0.0802172347903, 0.0647962465882, 0.0584748387337, 0.0637278407812, 0.0763143599033, 0.0913797691464, 0.0973105952144, 0.111152127385, 0.114034563303, 0.124301128089, 0.12256629765, 0.0975241735578, 0.182947263122, 0.297115027905, 0.18027472496, 0.0791053846478, 0.0720621198416, 0.0730118229985, 0.0913408920169, 0.164446264505, 0.212579518557, 0.235984817147, 0.206536650658, 0.126237154007, 0.100555494428]}, "key_strength": 0.442324787378, "chords_strength": {"dvar": 0.000416563241743, "mean": 0.480823248625, "min": -1, "median": 0.475836843252, "dvar2": 0.000760831637308, "var": 0.0106870951131, "dmean2": 0.0132448114455, "max": 0.733964920044, "dmean": 0.0110954428092}, "tuning_equal_tempered_deviation": 0.263951927423, "chords_key": "D#", "tuning_frequency": 434.193115234, "chords_scale": "major", "chords_changes_rate": 0.0828423500061, "key_scale": "minor", "tuning_diatonic_strength": 0.427382975817, "hpcp_entropy": {"dvar": 0.313844561577, "mean": 2.50309514999, "min": 0, "median": 2.52264332771, "dvar2": 0.848804116249, "var": 0.624315857887, "dmean2": 1.1664968729, "max": 4.62351846695, "dmean": 0.688705682755}, "chords_histogram": [9.1769323349, 0.0178539548069, 1.32119262218, 30.3695774078, 13.1940727234, 10.8373508453, 0.767720043659, 0.910551667213, 0.446348875761, 7.23085165024, 12.5513305664, 2.69594717026, 0, 0, 0.285663276911, 0.142831638455, 0.214247450233, 0, 0.964113533497, 0.0357079096138, 1.76754152775, 0.821281909943, 1.44617033005, 4.802713871], "tuning_nontempered_energy_ratio": 0.853363990784, "key_key": "F"}, "metadata": {"version": {"extractor": "music 1.0", "essentia_build_sha": "9f04d4dd351e2d05498f0c7e4880499648f24ac0", "essentia": "2.1-beta1", "essentia_git_sha": "v2.1_beta1-34-gf95df8b"}, "audio_properties": {"sample_rate": 44100, "length": 260.022857666, "lossless": false, "analysis_sample_rate": 44100, "downmix": "mix", "bit_rate": 112000, "equal_loudness": 0, "md5_encoded": "4631728bf1c09261234f2fb06abf6ad4", "codec": "mp3", "replay_gain": -7.05342102051}, "tags": {"album": ["Brooklyn Bank"], "musicbrainz album status": ["official"], "musicbrainz_recordingid": ["0a40b349-57aa-46f6-b503-5d9690e8a742"], "albumartistsort": ["Here"], "title": ["Turco"], "artistsort": ["Here"], "musicbrainz_albumid": ["f64ddf14-4e1f-4506-88ce-4b4be2acb5b1"], "albumartist": ["Here"], "musicbrainz_artistid": ["42975624-66a4-4dbe-879b-c01b036894aa"], "file_name": "02 Turco.mp3", "tracknumber": ["2/12"], "musicbrainz_albumartistid": ["42975624-66a4-4dbe-879b-c01b036894aa"], "artist": ["Here"]}}, "lowlevel": {"melbands": {"dvar": [0.000156173264259, 1.01572104541e-05, 1.61809646215e-06, 6.35889307432e-07, 1.19666879073e-07, 2.11584193721e-07, 6.8515369378e-08, 1.04663058664e-07, 1.33112806111e-07, 1.16490802782e-07, 4.32862385935e-08, 1.5541003151e-08, 3.35193761636e-09, 2.36448283175e-09, 1.98501548532e-09, 1.83806514453e-09, 1.27819044238e-09, 8.20987833272e-10, 9.07705521858e-10, 4.87848428321e-10, 3.40560801781e-10, 4.89879747878e-10, 3.56390611467e-10, 2.72820405156e-10, 3.43273715009e-10, 2.69412048226e-10, 1.71541628124e-10, 7.31929516995e-11, 3.25810316226e-11, 5.23482576731e-11, 1.16855648422e-11, 1.37324197153e-11, 1.68231210212e-11, 9.00748746424e-12, 1.03719428879e-11, 7.80848909837e-12, 5.28279568528e-13, 1.17404983711e-14, 8.8866842826e-15, 6.90306737485e-15], "mean": [0.0182313900441, 0.00353705440648, 0.00151673005894, 0.000950267829467, 0.000390675326344, 0.000370384019334, 0.000234965002164, 0.000177446141606, 0.000264366215561, 0.000239628890995, 0.000149831495946, 8.92344396561e-05, 4.73571308248e-05, 4.47670754511e-05, 4.26239530498e-05, 3.2408235711e-05, 2.9179998819e-05, 2.64784848696e-05, 2.36970190599e-05, 1.89364891412e-05, 1.74091092049e-05, 1.87584882951e-05, 1.58015500347e-05, 1.29528134494e-05, 1.20336571854e-05, 1.09592729132e-05, 7.32354283173e-06, 5.61143224331e-06, 5.38988888366e-06, 6.23454479864e-06, 3.18086472362e-06, 2.11427595787e-06, 2.00142608264e-06, 1.63621984939e-06, 1.51243364144e-06, 1.20493893974e-06, 3.30162748696e-07, 5.69416123142e-08, 4.96318470766e-08, 4.39491394388e-08], "min": [1.60959987684e-24, 1.03484873889e-24, 1.89897042574e-24, 2.56649979057e-24, 2.57949213246e-24, 4.08516707922e-24, 2.12760539025e-24, 2.32459519955e-24, 2.17978025609e-24, 2.9740770046e-24, 1.31210820213e-24, 4.00322454712e-24, 3.91094951488e-24, 2.98658104159e-24, 2.41722896628e-24, 4.23529874796e-24, 4.44602518942e-24, 4.16914408359e-24, 3.57883079074e-24, 4.0022633201e-24, 2.96419021087e-24, 3.9820408708e-24, 3.19030732859e-24, 5.23466245258e-24, 4.16970062496e-24, 4.10930977279e-24, 4.83984427483e-24, 4.33745426304e-24, 5.05487631911e-24, 4.23282054143e-24, 4.81974370453e-24, 5.54495300104e-24, 5.06527192812e-24, 6.142269801e-24, 5.72450642053e-24, 6.3641992506e-24, 6.79336246001e-24, 5.72515446977e-24, 6.57241593109e-24, 5.74326908273e-24], "median": [0.017370859161, 0.00187340471894, 0.000691757421009, 0.000534164835699, 0.000209693564102, 0.000188453414012, 0.000126443541376, 6.1546183133e-05, 9.96681119432e-05, 8.64936155267e-05, 6.18463673163e-05, 4.3359133997e-05, 2.31806334341e-05, 2.1185784135e-05, 1.83137708518e-05, 1.29942472995e-05, 1.33866760734e-05, 1.25910228235e-05, 9.94592846837e-06, 8.21401408757e-06, 8.55485268403e-06, 8.64027333591e-06, 7.94649167801e-06, 6.09884727965e-06, 4.90439697387e-06, 4.74502212455e-06, 2.86185331788e-06, 1.80456845555e-06, 2.22752532864e-06, 2.1669347916e-06, 1.11412327897e-06, 5.76277216169e-07, 3.22694688748e-07, 2.55299426044e-07, 2.04319746899e-07, 1.07552338591e-07, 4.15842933421e-08, 1.67488032332e-08, 1.45202090351e-08, 1.30168960055e-08], "dvar2": [0.000427434395533, 3.12520169246e-05, 4.96286702401e-06, 1.68426072378e-06, 3.11187335456e-07, 5.13011571002e-07, 1.71233196511e-07, 2.71020866194e-07, 3.35162411602e-07, 3.07789946419e-07, 1.07114090042e-07, 3.79843747567e-08, 8.16899703437e-09, 6.13441075714e-09, 5.31201216347e-09, 4.76928807558e-09, 3.21425308591e-09, 1.8629182641e-09, 2.15683160221e-09, 1.15394538369e-09, 7.9511441875e-10, 1.12730269564e-09, 8.25434331997e-10, 6.42653597005e-10, 7.62639673635e-10, 6.03810945687e-10, 3.77197523216e-10, 1.54512819206e-10, 6.76693354129e-11, 1.29097607604e-10, 2.47376789192e-11, 3.07892045193e-11, 3.58761666208e-11, 1.69950442608e-11, 2.18060933893e-11, 1.6342203632e-11, 1.15886250249e-12, 3.1642799546e-14, 2.40279157519e-14, 1.86778472869e-14], "var": [0.000323278072756, 1.81715386134e-05, 3.71251485376e-06, 1.42342275922e-06, 2.51201328183e-07, 3.93107569607e-07, 1.1907035713e-07, 1.31869555275e-07, 2.16949970877e-07, 1.77069637175e-07, 7.35547018849e-08, 2.1146920659e-08, 5.45788658712e-09, 4.74712980036e-09, 4.29235003097e-09, 3.94250276869e-09, 2.27519736384e-09, 1.83223825001e-09, 1.70785563469e-09, 9.38768618397e-10, 7.58064389039e-10, 1.04469488615e-09, 6.00591909539e-10, 4.52195808576e-10, 6.87286116907e-10, 5.8758103938e-10, 3.95023874722e-10, 1.80496437241e-10, 8.13440773073e-11, 1.04443405313e-10, 2.25055321601e-11, 1.62187503011e-11, 1.92275587813e-11, 1.19499280263e-11, 1.18848134459e-11, 8.6903921559e-12, 5.65627460234e-13, 1.12082042323e-14, 8.47239199777e-15, 6.58785719254e-15], "dmean2": [0.0147344060242, 0.00389326410368, 0.00148708967026, 0.000861298525706, 0.000378713593818, 0.000408975407481, 0.000252198980888, 0.000231034777244, 0.00028961992939, 0.000270046293736, 0.000165459656273, 9.85723381746e-05, 5.18106644449e-05, 4.45842379122e-05, 4.07697916671e-05, 3.16181249218e-05, 2.92472723231e-05, 2.4588611268e-05, 2.33672890317e-05, 1.81261984835e-05, 1.56983605848e-05, 1.72965301317e-05, 1.58227649081e-05, 1.34397614602e-05, 1.07600371848e-05, 9.74628801487e-06, 6.30149042991e-06, 5.26749727214e-06, 4.67069548904e-06, 5.88935927226e-06, 3.08803510052e-06, 2.75723800769e-06, 2.9257330425e-06, 2.19112598643e-06, 2.2580913992e-06, 1.94240556084e-06, 5.54765961169e-07, 1.10008798515e-07, 9.6180087894e-08, 8.49654853141e-08], "max": [0.162165045738, 0.0395265892148, 0.0156678333879, 0.018994519487, 0.00710409134626, 0.0125111844391, 0.00495320977643, 0.00786856003106, 0.00911520048976, 0.0055600758642, 0.0049076937139, 0.00297499843873, 0.00150999077596, 0.0012417617254, 0.000828921038192, 0.00120694446377, 0.000880651117768, 0.000940887548495, 0.000875890313182, 0.000452278909506, 0.000599976687226, 0.000629158283118, 0.000309013848891, 0.000311016076012, 0.000789520330727, 0.00056015845621, 0.000480379123474, 0.00037157535553, 0.000135509631946, 0.000197942848899, 3.98504453187e-05, 3.83740007237e-05, 3.94814087485e-05, 2.6303483537e-05, 3.69484951079e-05, 3.01456111629e-05, 7.824014574e-06, 1.35786865485e-06, 1.25113956528e-06, 1.12428165266e-06], "dmean": [0.00854993145913, 0.00217813928612, 0.000850535463542, 0.000521766021848, 0.000231068581343, 0.000247978430707, 0.000154483219376, 0.00013720903371, 0.000177630747203, 0.000161784526426, 0.000100937693787, 6.11902287346e-05, 3.19245882565e-05, 2.69504253083e-05, 2.47075004154e-05, 1.97219997062e-05, 1.82703224709e-05, 1.55587677e-05, 1.46236743603e-05, 1.16225428428e-05, 1.01103069028e-05, 1.13281002996e-05, 1.03340535134e-05, 8.72295731824e-06, 7.28232544134e-06, 6.41868882667e-06, 4.18675881519e-06, 3.71312876268e-06, 3.22543473885e-06, 3.90294917452e-06, 2.10073335438e-06, 1.84576788342e-06, 1.97505914912e-06, 1.51991412167e-06, 1.54140798259e-06, 1.31325725761e-06, 3.61883934374e-07, 6.3083234636e-08, 5.50956542611e-08, 4.86703157776e-08]}, "spectral_decrease": {"dvar": 1.92181505458e-16, "mean": -2.56046241986e-08, "min": -2.06235398537e-07, "median": -2.50415901348e-08, "dvar2": 4.79656440943e-16, "var": 5.28393763816e-16, "dmean2": 1.64980527018e-08, "max": 2.60041588263e-09, "dmean": 9.980221094e-09}, "spectral_rolloff": {"dvar": 18470744, "mean": 5047.22167969, "min": 21.533203125, "median": 387.59765625, "dvar2": 46851096, "var": 75000432, "dmean2": 2421.75952148, "max": 22050, "dmean": 1283.0357666}, "melbands_crest": {"dvar": 14.0066680908, "mean": 23.2920780182, "min": 1.54428982735, "median": 24.0654678345, "dvar2": 36.6611213684, "var": 81.1835632324, "dmean2": 6.87561941147, "max": 39.6129379272, "dmean": 4.0839471817}, "barkbands_skewness": {"dvar": 0.971334815025, "mean": 3.46572542191, "min": -2.1001367569, "median": 3.18847036362, "dvar2": 2.36212348938, "var": 4.30457162857, "dmean2": 1.5403188467, "max": 16.1623630524, "dmean": 0.97542732954}, "spectral_centroid": {"dvar": 96088, "mean": 1128.35339355, "min": 164.479156494, "median": 949.971801758, "dvar2": 183156.359375, "var": 883740.5, "dmean2": 380.542602539, "max": 11591.7265625, "dmean": 263.989135742}, "spectral_energyband_middle_low": {"dvar": 4.98797526234e-05, "mean": 0.0121524836868, "min": 1.97048050902e-22, "median": 0.00847592763603, "dvar2": 0.000123485093354, "var": 0.000129971886054, "dmean2": 0.00801338069141, "max": 0.143470570445, "dmean": 0.00497036986053}, "erbbands_crest": {"dvar": 6.29369735718, "mean": 7.99980735779, "min": 1.99551570415, "median": 6.90625572205, "dvar2": 15.0992012024, "var": 17.2343463898, "dmean2": 4.16274738312, "max": 28.939414978, "dmean": 2.56728172302}, "dynamic_complexity": 2.95671772957, "spectral_energyband_low": {"dvar": 0.00184885645285, "mean": 0.0752422660589, "min": 1.38306848881e-23, "median": 0.0743234306574, "dvar2": 0.00487405294552, "var": 0.00487744109705, "dmean2": 0.0518318749964, "max": 0.573256671429, "dmean": 0.0304638165981}, "silence_rate_60dB": {"dvar": 0.00726827327162, "mean": 0.0376785732806, "min": 0, "median": 0, "dvar2": 0.0163947753608, "var": 0.0362633764744, "dmean2": 0.0146454721689, "max": 1, "dmean": 0.00732208229601}, "erbbands_kurtosis": {"dvar": 3.62253856659, "mean": 0.517128288746, "min": -1.77544081211, "median": -0.242015123367, "dvar2": 8.06676483154, "var": 7.14884138107, "dmean2": 1.7088906765, "max": 41.3032302856, "dmean": 1.07028794289}, "spectral_complexity": {"dvar": 26.758354187, "mean": 20.2264289856, "min": 0, "median": 18, "dvar2": 41.616985321, "var": 157.784469604, "dmean2": 6.63779258728, "max": 63, "dmean": 4.83436012268}, "barkbands_crest": {"dvar": 5.96097230911, "mean": 13.3744392395, "min": 2.32449531555, "median": 13.3076982498, "dvar2": 15.935798645, "var": 19.3268432617, "dmean2": 5.0383605957, "max": 25.205532074, "dmean": 3.0040705204}, "spectral_energy": {"dvar": 0.00273957662284, "mean": 0.106435783207, "min": 1.02465374715e-20, "median": 0.104795962572, "dvar2": 0.00682417582721, "var": 0.00800233427435, "dmean2": 0.0628953278065, "max": 0.787841379642, "dmean": 0.0381906032562}, "spectral_spread": {"dvar": 415688654848, "mean": 4055346.75, "min": 807605.3125, "median": 3846933.75, "dvar2": 871563395072, "var": 7424621150210.0, "dmean2": 947561.375, "max": 42530748, "dmean": 600196.75}, "spectral_contrast_valleys": {"dvar": [0.113037250936, 0.13218228519, 0.102710790932, 0.111948505044, 0.156657978892, 0.404079973698], "mean": [-6.60970211029, -6.51438808441, -7.12659311295, -7.64071846008, -7.69177818298, -11.1044015884], "min": [-28.6948604584, -28.0042762756, -27.87931633, -27.568939209, -27.4680862427, -27.3571872711], "median": [-6.13050174713, -6.3547372818, -6.91287517548, -7.32364273071, -7.2833609581, -10.9385948181], "dvar2": [0.275016844273, 0.314469993114, 0.218663692474, 0.220761582255, 0.307902663946, 1.10557377338], "var": [3.45199036598, 2.82311010361, 2.70665884018, 2.89088892937, 3.34316825867, 2.40328550339], "dmean2": [0.648038625717, 0.676821887493, 0.565222680569, 0.508121192455, 0.527185916901, 1.28566205502], "max": [-4.4304022789, -4.28603506088, -5.03451156616, -5.64244651794, -5.10682010651, -8.68625068665], "dmean": [0.387006849051, 0.415755689144, 0.352323114872, 0.336400479078, 0.382555156946, 0.75742149353]}, "spectral_rms": {"dvar": 3.22502864947e-06, "mean": 0.00906271487474, "min": 3.16174343651e-12, "median": 0.0101113775745, "dvar2": 8.03411876404e-06, "var": 2.17070519284e-05, "dmean2": 0.00264593050815, "max": 0.0277241002768, "dmean": 0.00164019060321}, "barkbands_spread": {"dvar": 37.7019805908, "mean": 11.9948034286, "min": 0.527605891228, "median": 9.15614700317, "dvar2": 75.1905212402, "var": 106.451293945, "dmean2": 7.06282997131, "max": 102.284599304, "dmean": 4.66306591034}, "pitch_salience": {"dvar": 0.00582322943956, "mean": 0.428433954716, "min": 0.0395341701806, "median": 0.44074434042, "dvar2": 0.0156724788249, "var": 0.0283344592899, "dmean2": 0.146499142051, "max": 0.872449159622, "dmean": 0.0872988179326}, "erbbands_skewness": {"dvar": 0.148166447878, "mean": 0.297515392303, "min": -3.36966466904, "median": 0.289199441671, "dvar2": 0.313004523516, "var": 0.577309548855, "dmean2": 0.594597041607, "max": 5.56883907318, "dmean": 0.390415638685}, "spectral_energyband_middle_high": {"dvar": 4.59405100628e-06, "mean": 0.0037063579075, "min": 1.14313220357e-21, "median": 0.00245081400499, "dvar2": 9.06627974473e-06, "var": 1.62990090757e-05, "dmean2": 0.00210624677129, "max": 0.036721136421, "dmean": 0.00146670662798}, "erbbands": {"dvar": [3.54613542557, 12.9254016876, 44.6010932922, 63.2048721313, 110.02620697, 144.351821899, 84.5415878296, 468.45223999, 295.29977417, 932.430725098, 1629.15222168, 2912.75317383, 1675.46923828, 880.252502441, 252.931442261, 310.577850342, 402.593231201, 319.593231201, 281.495574951, 297.329406738, 212.721939087, 352.014099121, 376.884460449, 419.536804199, 319.864227295, 179.227340698, 74.1925430298, 51.5960426331, 47.902469635, 32.2326164246, 28.1047611237, 5.08067846298, 0.0274625048041, 0.0104001481086, 0.00402916362509, 0.00129428936634, 0.0259306710213, 0.00948202516884, 0.000518952612765, 2.09445443033e-05], "mean": [2.35592412949, 3.51798820496, 6.27637290955, 8.06486988068, 11.7923965454, 13.2154865265, 9.38343906403, 16.6291275024, 16.0417671204, 15.9360132217, 29.5253791809, 39.34740448, 30.7104473114, 21.6914634705, 13.8646469116, 17.5277614594, 16.6820430756, 15.7193527222, 16.3434009552, 15.8987531662, 15.0103597641, 17.4415817261, 16.2707004547, 14.9196166992, 13.2277355194, 8.98842525482, 9.24062824249, 7.06074476242, 3.89728164673, 3.11721777916, 2.5124733448, 1.00176072121, 0.109434850514, 0.0552100278437, 0.0341784283519, 0.0226850230247, 0.0775632783771, 0.0579556934536, 0.0240606628358, 0.00776341930032], "min": [1.49956058843e-22, 5.4264396189e-22, 1.9015824073e-21, 9.23785776135e-21, 1.60727106068e-20, 2.25490097373e-20, 8.11014142963e-20, 1.78564745452e-19, 1.52160907655e-19, 2.1552919813e-19, 2.9803330395e-19, 4.95369517537e-19, 2.8791853942e-19, 1.01005328879e-18, 1.49296174398e-18, 1.31973616504e-18, 2.10672748375e-18, 2.70222390572e-18, 3.03752859805e-18, 2.61625543824e-18, 3.24503078382e-18, 4.19181716345e-18, 6.00046535718e-18, 6.31903494495e-18, 6.70668279927e-18, 7.14627883682e-18, 1.03689753305e-17, 9.92398772972e-18, 1.18449426488e-17, 1.0895015878e-17, 1.20882594804e-17, 1.20135675526e-17, 1.04235957207e-17, 8.45909718701e-18, 5.69378235481e-18, 4.17614457239e-18, 2.39223859155e-18, 1.0602659437e-18, 2.44609094456e-19, 2.70437589363e-20], "median": [2.10462403297, 2.00316882133, 2.30701398849, 3.05716896057, 5.91771411896, 7.37436151505, 5.18124008179, 8.06781291962, 8.73674964905, 5.77701950073, 11.0696582794, 14.7270488739, 13.172580719, 10.6692276001, 7.31104660034, 8.18915939331, 6.9709353447, 7.59809494019, 8.06221103668, 7.1171631813, 7.49323892593, 8.67725944519, 8.2901802063, 6.52248239517, 5.93175506592, 3.25104856491, 3.81302809715, 2.43623876572, 0.996166944504, 0.518169999123, 0.326474785805, 0.105843089521, 0.0351161435246, 0.0175689868629, 0.0104756616056, 0.00838855281472, 0.010835072957, 0.0129632661119, 0.0104026608169, 0.00548528134823], "dvar2": [10.238161087, 37.9224815369, 142.145339966, 199.765274048, 290.2003479, 397.196380615, 221.079833984, 1136.83642578, 738.469238281, 2480.26318359, 4028.15795898, 7744.55517578, 4137.84716797, 2121.64624023, 637.104797363, 781.739135742, 1059.89672852, 785.074584961, 590.197387695, 689.868103027, 477.58013916, 781.698852539, 878.871398926, 898.721496582, 651.219726562, 378.889343262, 148.163131714, 114.459136963, 104.528953552, 61.4577331543, 57.5566291809, 10.7197904587, 0.0692448541522, 0.0280889347196, 0.0108957160264, 0.00341391633265, 0.0530123263597, 0.0181019678712, 0.000899223145097, 3.77517753805e-05], "var": [5.96473073959, 19.3872718811, 73.5578231812, 124.50769043, 275.438903809, 276.240875244, 141.276657104, 851.120727539, 537.409729004, 1065.5402832, 2744.21386719, 4490.85058594, 2910.8269043, 1219.20263672, 414.550170898, 717.772338867, 884.062133789, 651.156799316, 698.839538574, 633.703186035, 531.547790527, 822.492492676, 626.200195312, 932.398864746, 840.010192871, 477.181304932, 204.65953064, 112.371627808, 57.0136146545, 42.6587867737, 32.942489624, 5.63046121597, 0.0315322838724, 0.0100188506767, 0.00386515306309, 0.00137127714697, 0.0303708165884, 0.0128215868026, 0.00164208107162, 6.70038643875e-05], "dmean2": [2.22575163841, 4.06109857559, 7.77438926697, 8.92745304108, 10.65391922, 13.3983678818, 9.48495483398, 18.9740104675, 17.1088371277, 21.1773166656, 32.1323432922, 43.4476699829, 32.8468894958, 22.9936008453, 14.2279853821, 16.2346286774, 15.3264322281, 14.2652206421, 13.8987417221, 14.1047592163, 12.4165897369, 14.6841802597, 15.6558971405, 12.3229064941, 10.6202583313, 7.51846504211, 7.4037566185, 6.43915128708, 5.08335256577, 4.1139793396, 3.75973629951, 1.62906372547, 0.181300014257, 0.104415789247, 0.0650511905551, 0.0385273732245, 0.118565917015, 0.0714689642191, 0.0172300580889, 0.00381807261147], "max": [23.0031509399, 46.4421958923, 84.3678512573, 93.9868392944, 287.548095703, 237.571472168, 200.652938843, 588.926635742, 317.834991455, 674.944213867, 993.04095459, 883.324951172, 911.638061523, 664.258666992, 379.496856689, 412.608856201, 478.356231689, 513.477355957, 567.370300293, 387.471374512, 466.882080078, 529.680114746, 299.065948486, 845.942199707, 537.622070312, 522.250061035, 167.017776489, 138.649017334, 73.025970459, 50.0704917908, 51.5554084778, 24.1858253479, 2.06991004944, 1.37688302994, 0.865198254585, 0.491447925568, 1.61287713051, 0.967256247997, 0.606050133705, 0.104053683579], "dmean": [1.27070987225, 2.32390403748, 4.30416584015, 5.04575586319, 6.46422719955, 7.97875022888, 5.76229095459, 11.4447660446, 10.4995412827, 12.502820015, 19.7623386383, 26.0850849152, 20.0812797546, 14.3820095062, 8.70895862579, 9.95994091034, 9.49681186676, 9.05593299866, 8.99922943115, 9.11028003693, 8.21679210663, 9.86431980133, 10.3957586288, 8.50521755219, 7.1724562645, 5.41729784012, 5.25117540359, 4.40434932709, 3.44629502296, 2.88901591301, 2.57003617287, 1.08915710449, 0.109214499593, 0.059982996434, 0.0373042449355, 0.0226861387491, 0.0802876278758, 0.0503587946296, 0.0129640577361, 0.00282726832666]}, "dissonance": {"dvar": 0.000454490247648, "mean": 0.470163404942, "min": 0.109784826636, "median": 0.479057103395, "dvar2": 0.00124708854128, "var": 0.00084767997032, "dmean2": 0.031301304698, "max": 0.500000119209, "dmean": 0.0184190813452}, "erbbands_flatness_db": {"dvar": 0.000447022990556, "mean": 0.13892544806, "min": 0.0348413102329, "median": 0.127232953906, "dvar2": 0.00107843009755, "var": 0.00250475271605, "dmean2": 0.0375555753708, "max": 0.393862038851, "dmean": 0.024083070457}, "melbands_kurtosis": {"dvar": 1334.5645752, "mean": 37.6592979431, "min": -1.84809887409, "median": 21.2875289917, "dvar2": 3620.08349609, "var": 2408.82910156, "dmean2": 34.2131843567, "max": 768.814880371, "dmean": 20.4833316803}, "melbands_spread": {"dvar": 45.5492706299, "mean": 10.9065713882, "min": 0.258670181036, "median": 7.39714670181, "dvar2": 83.3642578125, "var": 217.494598389, "dmean2": 6.28458118439, "max": 167.25541687, "dmean": 4.12026453018}, "melbands_skewness": {"dvar": 2.12591695786, "mean": 4.4820394516, "min": -1.54570686817, "median": 3.96308994293, "dvar2": 5.54421949387, "var": 7.98137140274, "dmean2": 2.06323027611, "max": 23.986738205, "dmean": 1.27157962322}, "spectral_entropy": {"dvar": 0.042430523783, "mean": 7.46566915512, "min": 4.88257789612, "median": 7.59259748459, "dvar2": 0.0927422493696, "var": 0.295323371887, "dmean2": 0.303502559662, "max": 9.81726455688, "dmean": 0.209912851453}, "zerocrossingrate": {"dvar": 0.00077930878615, "mean": 0.166087165475, "min": 0, "median": 0.11669921875, "dvar2": 0.00121193251107, "var": 0.0205239281058, "dmean2": 0.0383327379823, "max": 0.7890625, "dmean": 0.02952407673}, "average_loudness": 0.871725022793, "spectral_contrast_coeffs": {"dvar": [0.00159717292991, 0.0014205344487, 0.00108329020441, 0.000485357508296, 0.000346073997207, 0.00265762140043], "mean": [-0.704892098904, -0.776528775692, -0.795415103436, -0.8291015625, -0.826500594616, -0.726194739342], "min": [-0.973954617977, -0.979227244854, -0.973250389099, -0.971869885921, -0.970437049866, -0.965017855167], "median": [-0.703385829926, -0.783167302608, -0.802332997322, -0.830340981483, -0.819280087948, -0.729401648045], "dvar2": [0.0044245487079, 0.00398027198389, 0.00296479882672, 0.0013537252089, 0.000917401455808, 0.00612602382898], "var": [0.00697563868016, 0.0040395502001, 0.00317983492278, 0.00131543271709, 0.00180488498881, 0.0105109848082], "dmean2": [0.0854488387704, 0.0806677341461, 0.0683415457606, 0.0458597056568, 0.0368395112455, 0.0889892876148], "max": [-0.312768518925, -0.413533568382, -0.558438241482, -0.621876776218, -0.666022598743, -0.413842856884], "dmean": [0.051196038723, 0.0481123700738, 0.0408170633018, 0.0273675359786, 0.0223859995604, 0.0571205690503]}, "barkbands_flatness_db": {"dvar": 0.000998410629109, "mean": 0.195317968726, "min": 0.0268857572228, "median": 0.194688558578, "dvar2": 0.00248278817162, "var": 0.00389141310006, "dmean2": 0.0576767399907, "max": 0.472764343023, "dmean": 0.0368339717388}, "silence_rate_30dB": {"dvar": 0.0727022215724, "mean": 0.470267862082, "min": 0, "median": 0, "dvar2": 0.173306599259, "var": 0.249135062099, "dmean2": 0.157885342836, "max": 1, "dmean": 0.0789356157184}, "spectral_energyband_high": {"dvar": 6.05170384915e-07, "mean": 0.000746572331991, "min": 6.96728575398e-21, "median": 0.000286841095658, "dvar2": 1.06395464172e-06, "var": 1.30135151721e-06, "dmean2": 0.000649363850243, "max": 0.010764952749, "dmean": 0.000482413102873}, "melbands_flatness_db": {"dvar": 0.00119304051623, "mean": 0.301891863346, "min": 0.00229361187667, "median": 0.303771853447, "dvar2": 0.00289435987361, "var": 0.00561339128762, "dmean2": 0.0643072724342, "max": 0.600639402866, "dmean": 0.041293784976}, "barkbands": {"dvar": [0.00163093511946, 0.000827068521176, 4.47629063274e-05, 6.17202931608e-06, 1.10478149509e-05, 4.3907939471e-06, 1.86850945738e-06, 2.49266645369e-06, 5.15074134455e-06, 1.35280356517e-06, 2.9232623433e-07, 1.8060283935e-07, 1.87936194607e-07, 1.23944701613e-07, 1.37741650974e-07, 7.9619972837e-08, 1.13247551781e-07, 1.10706679379e-07, 1.71098918145e-07, 7.96377577217e-08, 4.12965555086e-08, 3.26056763811e-08, 3.498918133e-08, 1.56644253124e-09, 8.11620146091e-11, 4.13359790841e-09, 3.81840479236e-08], "mean": [0.0441218055785, 0.0358251929283, 0.0060418182984, 0.00221702363342, 0.00414702529088, 0.00171642249916, 0.000986321945675, 0.00106559577398, 0.00169612187892, 0.000845508475322, 0.000381191290217, 0.00040263790288, 0.000348945119185, 0.000318635982694, 0.000312017917167, 0.000261583103565, 0.000303974287817, 0.000287278409814, 0.000297069404041, 0.000186344812391, 0.000217068256461, 0.000102968384454, 9.24289779505e-05, 1.98538855329e-05, 4.78258152725e-06, 3.39191647072e-05, 0.000214768268052], "min": [5.44112470641e-25, 5.12448895526e-24, 1.10468836977e-24, 1.92148786863e-24, 1.14079723525e-23, 1.55462774967e-23, 5.36841776336e-24, 9.6437827567e-24, 1.86219830573e-23, 1.43098200693e-23, 2.6806130959e-23, 2.12755991242e-23, 3.90549414729e-23, 4.38649987544e-23, 6.19487798814e-23, 6.73286029957e-23, 5.95546753864e-23, 1.02122670061e-22, 1.38859120935e-22, 1.37746120239e-22, 2.24212924246e-22, 3.29052361846e-22, 3.93310825483e-22, 5.84718293721e-22, 8.62405763704e-22, 1.26794115643e-21, 2.0390242418e-21], "median": [0.0224587656558, 0.0289966799319, 0.00172736123204, 0.000881520216353, 0.00237383879721, 0.000869591836818, 0.00051515060477, 0.000353971030563, 0.000622678897344, 0.000395817682147, 0.000174875778612, 0.000191252183868, 0.000139260286232, 0.000152260327013, 0.000134449830512, 0.000123227247968, 0.000147411265061, 0.00014119023399, 0.000134326735861, 6.72375172144e-05, 8.42603476485e-05, 2.41139168793e-05, 1.22968012874e-05, 3.02171929434e-06, 1.42212570609e-06, 5.96920381213e-06, 0.000101704667031], "dvar2": [0.00395141402259, 0.00239351717755, 0.000145807891386, 1.72689706233e-05, 2.92840104521e-05, 1.06844408947e-05, 4.91161381433e-06, 6.05744435234e-06, 1.34763495225e-05, 3.38319728144e-06, 6.84640497184e-07, 4.71293304827e-07, 4.90294553401e-07, 3.12140969072e-07, 3.06164054109e-07, 1.83698531941e-07, 2.54211300899e-07, 2.55857230513e-07, 3.55390852746e-07, 1.70063856331e-07, 8.81812098896e-08, 6.89269796794e-08, 6.90133035164e-08, 3.34472094465e-09, 2.1961761576e-10, 8.23751555856e-09, 6.35725143638e-08], "var": [0.00307662924752, 0.00140345329419, 7.87525350461e-05, 1.08259946501e-05, 2.57659303315e-05, 8.04956653155e-06, 2.3533489184e-06, 4.09664153267e-06, 8.29087275633e-06, 2.17202887143e-06, 4.39852897216e-07, 3.70428807628e-07, 4.0570711235e-07, 2.3348283662e-07, 2.92356929776e-07, 1.73903416112e-07, 2.55853109365e-07, 1.9714180155e-07, 4.07173644135e-07, 2.16478198922e-07, 1.03969910015e-07, 4.0600664164e-08, 4.29018456316e-08, 1.78691150765e-09, 7.7496370432e-11, 5.13176878769e-09, 1.15854092542e-07], "dmean2": [0.0392152406275, 0.0352444164455, 0.00753572490066, 0.00270354119129, 0.00362091953866, 0.00189786416013, 0.00119309395086, 0.00126244896092, 0.0018702049274, 0.00091916078236, 0.0004356825375, 0.000399327051127, 0.000337184756063, 0.000310923147481, 0.000294393277727, 0.00024078268325, 0.000268616160611, 0.000275458034594, 0.000242171445279, 0.000157208662131, 0.000182133298949, 0.000131513050292, 0.00013407926599, 3.22086707456e-05, 9.22104663914e-06, 4.91284808959e-05, 0.000146203121403], "max": [0.644952535629, 0.391189783812, 0.074748493731, 0.0398917905986, 0.0783560052514, 0.0553977228701, 0.0239029563963, 0.0519068129361, 0.0331801325083, 0.0364688970149, 0.0126978354529, 0.00909149926156, 0.0103435497731, 0.00759714050218, 0.0113320369273, 0.00648235203698, 0.00946308672428, 0.00587336439639, 0.0161897111684, 0.0105113992468, 0.0040974849835, 0.00180721713696, 0.00167394138407, 0.000419434334617, 0.000122140962048, 0.000664194638375, 0.00454477639869], "dmean": [0.0238699316978, 0.0201651956886, 0.00417054444551, 0.00156491051894, 0.00220991624519, 0.00115073553752, 0.000714874768164, 0.000769641424995, 0.00112735724542, 0.000563525652979, 0.000270964519586, 0.000241422196268, 0.000210047684959, 0.000194615582586, 0.000187306199223, 0.000155079425895, 0.000177678200998, 0.000183709344128, 0.000163960125064, 0.000111332781671, 0.000126092476421, 9.06889545149e-05, 9.21481550904e-05, 2.10257458093e-05, 5.28170448888e-06, 3.35591830662e-05, 0.000112944690045]}, "erbbands_spread": {"dvar": 63.1229667664, "mean": 37.6416473389, "min": 2.09490871429, "median": 37.179725647, "dvar2": 137.926452637, "var": 285.775543213, "dmean2": 12.5065746307, "max": 112.429534912, "dmean": 8.19852828979}, "barkbands_kurtosis": {"dvar": 318.906005859, "mean": 21.623456955, "min": -1.74408841133, "median": 13.1369028091, "dvar2": 836.385253906, "var": 658.487060547, "dmean2": 18.8293571472, "max": 351.148651123, "dmean": 11.5919761658}, "spectral_flux": {"dvar": 0.00227675260976, "mean": 0.136834397912, "min": 6.17635526057e-11, "median": 0.131079047918, "dvar2": 0.00613608816639, "var": 0.00650142598897, "dmean2": 0.0677233114839, "max": 0.65222287178, "dmean": 0.041591476649}, "silence_rate_20dB": {"dvar": 0.0135622704402, "mean": 0.989553570747, "min": 0, "median": 1, "dvar2": 0.0342529192567, "var": 0.0103370472789, "dmean2": 0.0275049116462, "max": 1, "dmean": 0.0137512274086}, "gfcc": {"cov": [[15021.5253906, -677.528930664, -1179.49975586, 1691.70983887, 168.448516846, 195.610671997, 546.310974121, 228.144943237, 373.218597412, 215.177108765, -167.145721436, 274.995300293, -473.86114502], [-677.528930664, 1094.74987793, 296.738647461, -424.306549072, 93.2585296631, 33.9748497009, -58.2678260803, -58.2964782715, -112.596801758, -47.4797935486, 42.5515403748, -164.580871582, 129.57850647], [-1179.49975586, 296.738647461, 674.481811523, -116.991584778, -27.6499633789, 264.086181641, -138.807678223, 51.5289535522, -120.670860291, -9.95968055725, 23.7071590424, -50.5702285767, 60.6928977966], [1691.70983887, -424.306549072, -116.991584778, 669.09765625, 190.37701416, 36.6235389709, 140.549514771, 77.3204193115, 118.032264709, 82.6944351196, -25.1310462952, 108.53338623, -84.2359085083], [168.448516846, 93.2585296631, -27.6499633789, 190.37701416, 289.847320557, 50.2267227173, 57.8543968201, 12.7141084671, 36.5331726074, 31.2428874969, 2.11727929115, -36.6397018433, 26.4057750702], [195.610671997, 33.9748497009, 264.086181641, 36.6235389709, 50.2267227173, 321.285888672, -8.3634185791, 101.464851379, -32.580493927, 36.5352706909, -1.62865126133, -18.0184745789, -4.86266708374], [546.310974121, -58.2678260803, -138.807678223, 140.549514771, 57.8543968201, -8.3634185791, 259.147247314, 12.5149116516, 82.7075042725, 0.401994943619, -19.5573425293, 20.6351089478, -54.1642837524], [228.144943237, -58.2964782715, 51.5289535522, 77.3204193115, 12.7141084671, 101.464851379, 12.5149116516, 181.861068726, 5.20542383194, 48.3593635559, 1.97743308544, -9.23085689545, 22.8375053406], [373.218597412, -112.596801758, -120.670860291, 118.032264709, 36.5331726074, -32.580493927, 82.7075042725, 5.20542383194, 136.973327637, 35.7749404907, -6.59733200073, 35.9572486877, -60.3164215088], [215.177108765, -47.4797935486, -9.95968055725, 82.6944351196, 31.2428874969, 36.5352706909, 0.401994943619, 48.3593635559, 35.7749404907, 96.7618408203, 36.7028617859, 10.516292572, 2.42763352394], [-167.145721436, 42.5515403748, 23.7071590424, -25.1310462952, 2.11727929115, -1.62865126133, -19.5573425293, 1.97743308544, -6.59733200073, 36.7028617859, 78.8964614868, 39.8048439026, 24.522600174], [274.995300293, -164.580871582, -50.5702285767, 108.53338623, -36.6397018433, -18.0184745789, 20.6351089478, -9.23085689545, 35.9572486877, 10.516292572, 39.8048439026, 124.208724976, -7.6139330864], [-473.86114502, 129.57850647, 60.6928977966, -84.2359085083, 26.4057750702, -4.86266708374, -54.1642837524, 22.8375053406, -60.3164215088, 2.42763352394, 24.522600174, -7.6139330864, 118.064987183]], "mean": [-9.2642364502, 104.610549927, -81.9098205566, 11.3645210266, -18.5128498077, -14.7949914932, 3.79900240898, -9.83107471466, 0.434228956699, -6.53722238541, -6.49333715439, 0.285359174013, -4.80593156815], "icov": [[0.000198561538127, -0.000438246323029, 0.000741429219488, -0.000937984092161, 0.000798142631538, -0.000735433306545, 0.000184268821613, 8.1422214862e-05, -1.76275352715e-05, 0.000222111557378, -0.000116618211905, 0.0002359853097, 0.000113413479994], [-0.000438246323029, 0.00302956928499, -0.002477691276, 0.00306952884421, -0.00276786927134, 0.00194028636906, -0.00110631994903, 0.000331659393851, -0.000320820545312, 0.00011356559844, -0.00141046370845, 0.00142421852797, -0.00127439177595], [0.000741429219488, -0.002477691276, 0.00665206601843, -0.0058331405744, 0.00608755834401, -0.00683610141277, 0.00219338852912, 0.00155390345026, -0.00154785602354, 0.00451335776597, -0.00467245979235, 0.00485065765679, -0.00242391810752], [-0.000937984092161, 0.00306952884421, -0.0058331405744, 0.0128653924912, -0.0124139999971, 0.00801945477724, -0.0024765918497, -0.00430781533942, 0.00624724151567, -0.0105226058513, 0.0124256545678, -0.0143044413999, 0.00775256985798], [0.000798142631538, -0.00276786927134, 0.00608755834401, -0.0124139999971, 0.0170973613858, -0.00960723031312, 0.00142774067353, 0.0056677563116, -0.00923935323954, 0.0104540167376, -0.0138621004298, 0.0172612965107, -0.0113488668576], [-0.000735433306545, 0.00194028636906, -0.00683610141277, 0.00801945477724, -0.00960723031312, 0.0125487158075, -0.00214484077878, -0.00550063094124, 0.00678671663627, -0.00913218781352, 0.0098098507151, -0.0105121834204, 0.00783964525908], [0.000184268821613, -0.00110631994903, 0.00219338852912, -0.0024765918497, 0.00142774067353, -0.00214484077878, 0.00620492873713, -0.000276028178632, -0.00324049033225, 0.00354282162152, -0.00173739437014, 0.00145378813613, 0.000277898914646], [8.1422214862e-05, 0.000331659393851, 0.00155390345026, -0.00430781533942, 0.0056677563116, -0.00550063094124, -0.000276028178632, 0.0108135184273, -0.00461851106957, 0.00171165319625, -0.0055052950047, 0.00882678106427, -0.00830396264791], [-1.76275352715e-05, -0.000320820545312, -0.00154785602354, 0.00624724151567, -0.00923935323954, 0.00678671663627, -0.00324049033225, -0.00461851106957, 0.0223416909575, -0.0155124804005, 0.0155124692246, -0.0172462742776, 0.0146855227649], [0.000222111557378, 0.00011356559844, 0.00451335776597, -0.0105226058513, 0.0104540167376, -0.00913218781352, 0.00354282162152, 0.00171165319625, -0.0155124804005, 0.0327634066343, -0.0278208758682, 0.0218922067434, -0.0118891568854], [-0.000116618211905, -0.00141046370845, -0.00467245979235, 0.0124256545678, -0.