{"tonal": {"chords_key": "G", "hpcp_entropy": {"dmean": 0.649615108967, "dmean2": 1.09083497524, "max": 4.32241153717, "dvar": 0.277801275253, "mean": 2.14248847961, "dvar2": 0.755118727684, "min": 0, "var": 0.601940393448, "median": 2.15900492668}, "key_key": "D", "chords_strength": {"dmean": 0.0122651290148, "dmean2": 0.0142149459571, "max": 0.759149432182, "dvar": 0.000762152834795, "mean": 0.523993074894, "dvar2": 0.00160727463663, "min": -1, "var": 0.0113348383456, "median": 0.531628608704}, "key_scale": "major", "chords_number_rate": 0.00338696013205, "thpcp": [1, 0.879032313824, 0.603492438793, 0.551511466503, 0.524959623814, 0.606099128723, 0.865406095982, 0.832948088646, 0.59638440609, 0.5472625494, 0.595705986023, 0.682298064232, 0.954232931137, 0.918672323227, 0.538012325764, 0.370047420263, 0.325672209263, 0.500418305397, 0.770136713982, 0.669994354248, 0.509994447231, 0.718121528625, 0.892660737038, 0.70104265213, 0.477256536484, 0.400294214487, 0.4435954988, 0.809847891331, 0.992697775364, 0.734532535076, 0.516018390656, 0.364983230829, 0.307854175568, 0.445638656616, 0.563827455044, 0.745163738728], "key_strength": 0.592457056046, "tuning_nontempered_energy_ratio": 0.902249872684, "tuning_frequency": 435.700531006, "chords_changes_rate": 0.0629410073161, "tuning_diatonic_strength": 0.503464221954, "chords_scale": "major", "chords_histogram": [12.4470787048, 8.46740055084, 16.9065761566, 1.94750213623, 12.1366071701, 0.0282246675342, 0.592718064785, 0.197572678328, 1.52413213253, 0, 0.0282246675342, 0.141123339534, 0.338696032763, 0.225797340274, 1.7499294281, 0.70561671257, 0, 0, 0, 1.69348013401, 2.28619813919, 15.24132061, 21.3096237183, 2.03217601776], "tuning_equal_tempered_deviation": 0.182934105396, "hpcp": {"dmean": [0.18680241704, 0.181282237172, 0.153459772468, 0.153712660074, 0.16117669642, 0.165640458465, 0.157659545541, 0.139249250293, 0.11806730926, 0.100027240813, 0.0865950956941, 0.0979763418436, 0.103583060205, 0.117116726935, 0.111570768058, 0.136179327965, 0.148668080568, 0.140984714031, 0.122200571001, 0.110710851848, 0.112269252539, 0.140079498291, 0.155207455158, 0.144297227263, 0.133767336607, 0.0955327674747, 0.0733140408993, 0.0864338874817, 0.113429397345, 0.172112524509, 0.220412045717, 0.201190918684, 0.151008784771, 0.125498980284, 0.120496436954, 0.150710880756], "dmean2": [0.332862913609, 0.323633491993, 0.281079173088, 0.286041170359, 0.295491188765, 0.300410419703, 0.282159775496, 0.245296403766, 0.213341444731, 0.185191780329, 0.158644214272, 0.175473451614, 0.184709116817, 0.206155642867, 0.196241900325, 0.236383870244, 0.259703934193, 0.252331405878, 0.225524425507, 0.20680488646, 0.205302074552, 0.24482652545, 0.274673014879, 0.256813794374, 0.24501670897, 0.176779776812, 0.132970169187, 0.151900216937, 0.2009575665, 0.305472284555, 0.387284725904, 0.36084073782, 0.276570647955, 0.226009756327, 0.218758359551, 0.273308813572], "max": [1, 1, 1, 1, 1, 1, 1, 1, 1, 1, 1, 1, 1, 1, 1, 1, 1, 1, 1, 1, 1, 1, 1, 1, 1, 1, 1, 1, 1, 1, 1, 1, 1, 1, 1, 1], "dvar": [0.0706672146916, 0.0680214613676, 0.0542139858007, 0.0614745132625, 0.0640073567629, 0.0622698701918, 0.0526104830205, 0.0449406094849, 0.04136043787, 0.0392525829375, 0.0333925485611, 0.0359156131744, 0.0382939688861, 0.0384625941515, 0.0351473018527, 0.0432420149446, 0.0529908314347, 0.0488287769258, 0.0477711595595, 0.0473457798362, 0.043386105448, 0.0464370623231, 0.0527547001839, 0.0483637824655, 0.0493362694979, 0.0371910221875, 0.0231485273689, 0.0287294927984, 0.0386454537511, 0.0619082562625, 0.090291261673, 0.0839344784617, 0.0595916844904, 0.0415818840265, 0.0401497073472, 0.0522591844201], "mean": [0.180534496903, 0.173763349652, 0.124413222075, 0.114165782928, 0.124271683395, 0.142335876822, 0.19906488061, 0.191646486521, 0.112236075103, 0.0771965011954, 0.0679392814636, 0.104393497109, 0.160660117865, 0.139769166708, 0.106391198933, 0.149809092283, 0.186220154166, 0.146246224642, 0.0995616614819, 0.0835063606501, 0.0925395488739, 0.168944358826, 0.20708912611, 0.153232634068, 0.10764785856, 0.0761400461197, 0.0642222166061, 0.0929657742381, 0.117621436715, 0.155450433493, 0.208612456918, 0.183377087116, 0.125896036625, 0.115052163601, 0.109513118863, 0.1264398247], "dvar2": [0.184054657817, 0.184285447001, 0.154331803322, 0.169524773955, 0.171078681946, 0.163669928908, 0.141220629215, 0.117959171534, 0.112172916532, 0.108156643808, 0.0893683955073, 0.0995854586363, 0.10087583214, 0.102575704455, 0.0950148999691, 0.113754123449, 0.133675917983, 0.13148316741, 0.134070411325, 0.134973153472, 0.122221887112, 0.124911099672, 0.137617260218, 0.131224900484, 0.137598633766, 0.102839715779, 0.0658092945814, 0.0797132924199, 0.105144865811, 0.163310870528, 0.223696455359, 0.222669243813, 0.164491057396, 0.113618209958, 0.110828623176, 0.143615096807], "min": [0, 0, 0, 0, 0, 0, 0, 0, 0, 0, 0, 0, 0, 0, 0, 0, 0, 0, 0, 0, 0, 0, 0, 0, 0, 0, 0, 0, 0, 0, 0, 0, 0, 0, 0, 0], "var": [0.0783439949155, 0.0710141658783, 0.0433290190995, 0.0451704077423, 0.050728622824, 0.052163336426, 0.0790763199329, 0.0790604352951, 0.0371059924364, 0.0291415601969, 0.0257254894823, 0.0408254824579, 0.0837994366884, 0.0518251396716, 0.0325908958912, 0.0520416423678, 0.0828056335449, 0.0563865527511, 0.0362005420029, 0.0331475920975, 0.0339941568673, 0.0628986954689, 0.0850184857845, 0.0568453557789, 0.0399175435305, 0.0273910015821, 0.0191158708185, 0.030910121277, 0.0409969240427, 0.0610215552151, 0.0985441803932, 0.0849786028266, 0.0486336871982, 0.0363086685538, 0.0332030057907, 0.0459874756634], "median": [0.0448378436267, 0.049064334482, 0.0354111008346, 0.0272540673614, 0.028681948781, 0.0430154725909, 0.068882457912, 0.0615525990725, 0.0325530655682, 0.0172880832106, 0.0146219069138, 0.0205263271928, 0.0322446711361, 0.03889727965, 0.0377147272229, 0.0482537150383, 0.045721065253, 0.0348264910281, 0.0279235150665, 0.0203709956259, 0.0236061811447, 0.0591402985156, 0.07218246907, 0.0501286014915, 0.0299256946892, 0.0212035756558, 0.0175911877304, 0.0336230807006, 0.0425536707044, 0.0402048304677, 0.0469183325768, 0.0368340723217, 0.0318224020302, 0.0436049513519, 0.0416580252349, 0.0332103893161]}}, "lowlevel": {"melbands_flatness_db": {"dmean": 0.0277803968638, "dmean2": 0.0447918474674, "max": 0.428207695484, "dvar": 0.000664773280732, "mean": 0.194936230779, "dvar2": 0.00170164788142, "min": 0.00262631452642, "var": 0.00241845473647, "median": 0.189148545265}, "melbands_crest": {"dmean": 3.3342769146, "dmean2": 5.57769823074, "max": 28.2028045654, "dvar": 7.76307153702, "mean": 15.3726224899, "dvar2": 20.911277771, "min": 1.54321217537, "var": 21.6037025452, "median": 14.9757995605}, "spectral_entropy": {"dmean": 0.116509243846, "dmean2": 0.177727863193, "max": 9.81803894043, "dvar": 0.0156929623336, "mean": 7.75670289993, "dvar2": 0.0368035212159, "min": 5.71273565292, "var": 0.111454337835, "median": 7.77208042145}, "melbands": {"dmean": [0.00175619486254, 0.00251513905823, 0.00103912258055, 0.000863516877871, 0.000178525107913, 0.000120971853903, 0.000114425041829, 0.000208844488952, 0.000190773585928, 0.000134594680276, 8.54666213854e-05, 4.77269168186e-05, 5.64335859963e-05, 3.74058108719e-05, 4.29275605711e-05, 4.93791521876e-05, 5.40313340025e-05, 4.92665749334e-05, 3.84859486076e-05, 2.37851963902e-05, 1.28936353576e-05, 1.22722176457e-05, 1.06455181594e-05, 8.50361266203e-06, 7.49275841372e-06, 6.24104404778e-06, 3.81616109735e-06, 3.98775273425e-06, 2.41236284637e-06, 2.21852565119e-06, 2.28037765737e-06, 2.3928439532e-06, 1.99478540708e-06, 1.31142496684e-06, 9.55911445999e-07, 5.72212854877e-07, 4.70380172146e-07, 3.28612884459e-07, 2.42960339847e-07, 2.92740054419e-07], "dmean2": [0.00297830556519, 0.00428341561928, 0.00163869175594, 0.00133415707387, 0.000280254142126, 0.000192162027815, 0.000169556748006, 0.000312405376462, 0.000295294361422, 0.000215227191802, 0.000137924347655, 7.56529334467e-05, 8.91026575118e-05, 6.04166853009e-05, 6.9041554525e-05, 8.04946612334e-05, 8.74285324244e-05, 8.0502104538e-05, 6.31691873423e-05, 3.85086568713e-05, 2.04750067496e-05, 1.98901634576e-05, 1.67019443325e-05, 1.3433951608e-05, 1.18982497952e-05, 1.00205688796e-05, 6.06490084465e-06, 6.55848089082e-06, 3.95862343794e-06, 3.64895777238e-06, 3.64334800906e-06, 3.79006837647e-06, 3.20527988151e-06, 2.06676463677e-06, 1.5164287106e-06, 8.85840563569e-07, 7.29000817046e-07, 5.15317310601e-07, 3.73737321979e-07, 4.40229939613e-07], "max": [0.0207610893995, 0.0391342304647, 0.0129252150655, 0.0247717257589, 0.0130112376064, 0.0077725877054, 0.00798519607633, 0.00792621355504, 0.00675372919068, 0.00756725203246, 0.00519145000726, 0.00244114454836, 0.00316826906055, 0.00147623801604, 0.0014894377673, 0.00337803293951, 0.00319787045009, 0.00235038390383, 0.00344773707911, 0.00128627347294, 0.00114280486014, 0.000567500072066, 0.000937496952247, 0.000442930642748, 0.000741266587283, 0.000747207901441, 0.00021736616327, 0.000112860310765, 7.54214343033e-05, 0.000107183775981, 0.000136508140713, 0.000189883387065, 0.00022522956715, 7.56845984142e-05, 5.96093886998e-05, 5.52607962163e-05, 7.81209746492e-05, 3.00817882817e-05, 1.37713177537e-05, 1.76039011421e-05], "dvar": [7.20705565982e-06, 1.46015408973e-05, 1.89329500699e-06, 4.09518634115e-06, 1.60740881938e-07, 9.30045160885e-08, 1.09068970744e-07, 2.5631771905e-07, 1.97593735152e-07, 1.32771745598e-07, 4.08154043896e-08, 1.13032081472e-08, 1.09271685034e-08, 4.8502593053e-09, 6.60435528488e-09, 1.76585324141e-08, 1.9628691561e-08, 9.52014289624e-09, 8.64311644477e-09, 2.83850853933e-09, 1.58922364157e-09, 7.44590333834e-10, 9.58747969904e-10, 2.98917168795e-10, 5.26977628201e-10, 4.41173680921e-10, 4.99128516296e-11, 3.54436861805e-11, 1.18739055047e-11, 1.2403123667e-11, 1.86013548314e-11, 4.43216262302e-11, 3.50309156683e-11, 8.57893964201e-12, 5.0794576878e-12, 2.16549564738e-12, 2.775438733e-12, 1.18554114008e-12, 3.07602494908e-13, 6.45058225585e-13], "mean": [0.00220101512969, 0.00370390759781, 0.00153022469021, 0.000825734052341, 0.000276721693808, 0.000170306215296, 0.000217660912313, 0.000465026911115, 0.000420036114519, 0.000270806456683, 0.000157281072461, 9.51252950472e-05, 0.000114575959742, 6.66304986225e-05, 7.97589309514e-05, 8.65329420776e-05, 9.89860345726e-05, 8.92442258191e-05, 7.47084486648e-05, 4.32373017247e-05, 2.2877506126e-05, 2.18544591917e-05, 1.90172868315e-05, 1.7751388441e-05, 1.41337804962e-05, 1.15757275125e-05, 8.44279475132e-06, 8.61557236931e-06, 4.79782875118e-06, 4.41633756054e-06, 4.5733445404e-06, 4.35919719166e-06, 3.49550691681e-06, 2.38655434259e-06, 1.8074891841e-06, 1.11140775516e-06, 8.22273648282e-07, 5.84524627811e-07, 4.75219366081e-07, 4.95658071031e-07], "dvar2": [1.88934791368e-05, 3.88627850043e-05, 4.40608164354e-06, 9.76375031314e-06, 3.53251778051e-07, 2.09265053286e-07, 2.20401801698e-07, 5.81685753787e-07, 4.59317618606e-07, 3.3260207033e-07, 1.06549379097e-07, 2.78876193249e-08, 2.66122981429e-08, 1.18677156991e-08, 1.65699152177e-08, 4.77657593478e-08, 5.02104100519e-08, 2.42789113258e-08, 2.25439009682e-08, 6.84446410659e-09, 3.47660544797e-09, 1.81066972527e-09, 2.32646812925e-09, 6.65622168494e-10, 1.18413590044e-09, 1.10890341354e-09, 1.203136063e-10, 9.02741562059e-11, 3.05689952518e-11, 3.26814617035e-11, 4.80268741443e-11, 1.16756646018e-10, 9.31102833723e-11, 2.27911352985e-11, 1.33687895823e-11, 4.88269147336e-12, 5.82405868324e-12, 2.77370617793e-12, 7.6955168583e-13, 1.51039814336e-12], "min": [1.31123493311e-24, 1.1848310171e-24, 1.98864359749e-24, 9.69891368157e-25, 1.93837678897e-24, 1.62080495574e-24, 1.55414118026e-24, 2.68337012532e-24, 2.36047081858e-24, 1.71864214761e-24, 3.84870957275e-24, 2.12635346799e-24, 2.25915129886e-24, 3.90614890184e-24, 3.232537025e-24, 3.21816496538e-24, 2.75019749083e-24, 4.20453120051e-24, 4.57574547668e-24, 3.82219359114e-24, 3.98631925792e-24, 3.06878054513e-24, 3.777203276e-24, 4.46678800845e-24, 4.56347316757e-24, 5.65732268711e-24, 5.10229198711e-24, 3.08535924591e-24, 4.41919839662e-24, 5.69044143449e-24, 4.90084294433e-24, 6.43272325871e-24, 6.83969541642e-24, 6.27880387432e-24, 4.15855520366e-24, 4.66849027558e-24, 6.3059087406e-24, 6.34732669913e-24, 6.84118636353e-24, 7.07356664241e-24], "var": [7.05979073246e-06, 1.45517724377e-05, 2.4404071155e-06, 4.00714816351e-06, 3.23385648926e-07, 1.27401563077e-07, 4.35459725168e-07, 9.40532004279e-07, 6.55192025079e-07, 3.90270173511e-07, 7.41693071404e-08, 1.75882526321e-08, 2.85416010826e-08, 7.80933362421e-09, 1.15689413605e-08, 2.64163659836e-08, 3.80119828947e-08, 1.71223355494e-08, 1.08920943376e-08, 4.20032941761e-09, 2.4061337367e-09, 1.11370168643e-09, 1.39440936575e-09, 5.84226778066e-10, 7.21263826442e-10, 4.65641358804e-10, 8.63525501105e-11, 5.522804436e-11, 1.82527638837e-11, 1.62050043523e-11, 2.62550623603e-11, 4.67722076347e-11, 3.60286800394e-11, 1.14498063808e-11, 6.77037158975e-12, 3.45399793836e-12, 4.04060769219e-12, 1.50279560931e-12, 4.86579580881e-13, 9.41326335456e-13], "median": [0.0014131795615, 0.00268627284095, 0.00101880752482, 0.000144071847899, 0.000119830721815, 7.75889202487e-05, 5.77038117626e-05, 8.0995283497e-05, 0.000101288504084, 8.27852636576e-05, 8.98727303138e-05, 6.73356771586e-05, 6.54594623484e-05, 4.44112010882e-05, 5.24221613887e-05, 4.63317555841e-05, 4.31954613305e-05, 5.13428967679e-05, 4.68917860417e-05, 2.51288802247e-05, 1.26500481201e-05, 1.27347366288e-05, 9.37391450861e-06, 1.20822078316e-05, 9.54064489633e-06, 7.51677680455e-06, 6.22591596766e-06, 6.94839536663e-06, 3.7894765228e-06, 3.51551716449e-06, 3.19940590998e-06, 2.78470611192e-06, 2.10525581679e-06, 1.43440752254e-06, 1.12826739951e-06, 7.38646804166e-07, 4.83859025735e-07, 3.2885282053e-07, 2.70694357596e-07, 2.13513075664e-07]}, "silence_rate_60dB": {"dmean": 0.00790625438094, "dmean2": 0.0158147420734, "max": 1, "dvar": 0.00784233957529, "mean": 0.0237154141068, "dvar2": 0.0181077830493, "min": 0, "var": 0.0231549590826, "median": 0}, "spectral_energyband_middle_high": {"dmean": 0.00184936902951, "dmean2": 0.00282088108361, "max": 0.0493290498853, "dvar": 9.14695010579e-06, "mean": 0.00662485416979, "dvar2": 2.07359462365e-05, "min": 1.16905682349e-21, "var": 2.79783253063e-05, "median": 0.004995548632}, "erbbands_skewness": {"dmean": 0.275684803724, "dmean2": 0.425598859787, "max": 2.45768284798, "dvar": 0.0587471313775, "mean": 0.0748969689012, "dvar2": 0.138944372535, "min": -2.31392669678, "var": 0.344967126846, "median": 0.0127859916538}, "dynamic_complexity": 2.53106331825, "dissonance": {"dmean": 0.0137025918812, "dmean2": 0.0231461357325, "max": 0.499999970198, "dvar": 0.000178761110874, "mean": 0.473495006561, "dvar2": 0.000502443814185, "min": 0.335430175066, "var": 0.000420466298237, "median": 0.479370772839}, "spectral_skewness": {"dmean": 0.175701797009, "dmean2": 0.293288975954, "max": 3.50116086006, "dvar": 0.0271454993635, "mean": 1.28966367245, "dvar2": 0.0758851617575, "min": -0.0934208258986, "var": 0.082956045866, "median": 1.29100239277}, "spectral_kurtosis": {"dmean": 1.27035522461, "dmean2": 2.1957244873, "max": 21.5774173737, "dvar": 1.92384624481, "mean": 3.43882417679, "dvar2": 5.75610303879, "min": -1.24074423313, "var": 3.09027886391, "median": 3.12919926643}, "gfcc": {"cov": [[15656.3095703, 347.168365479, -166.953704834, 485.792816162, -505.108795166, 714.543640137, -734.723754883, 328.955535889, -105.928375244, 298.74105835, -277.282745361, -7.90671396255, -355.764038086], [347.168365479, 819.035217285, -401.295135498, -4.41899585724, 7.6205997467, -186.797180176, 130.723327637, -80.8235015869, 91.985458374, -24.5265045166, 72.2808303833, -82.2376022339, 68.2472839355], [-166.953704834, -401.295135498, 939.157043457, 123.983360291, 97.6822357178, 261.717193604, -165.625900269, 115.865196228, -18.7172031403, 106.560142517, -17.4629631042, 83.6255264282, -63.1981735229], [485.792816162, -4.41899585724, 123.983360291, 238.029037476, 40.759803772, 148.245651245, -9.75870513916, 31.965970993, -5.7729549408, -24.3872699738, 23.4098701477, 8.19820976257, 26.3171615601], [-505.108795166, 7.6205997467, 97.6822357178, 40.759803772, 226.023193359, 76.5299453735, 69.1757354736, 46.1857185364, -4.77141523361, 1.74278604984, 27.754491806, 23.7602424622, 22.3723697662], [714.543640137, -186.797180176, 261.717193604, 148.245651245, 76.5299453735, 319.25302124, -25.9265003204, 116.068435669, -15.5658664703, 32.4199905396, 13.086148262, 13.7842416763, -17.7015380859], [-734.723754883, 130.723327637, -165.625900269, -9.75870513916, 69.1757354736, -25.9265003204, 196.224105835, 13.595413208, 28.7851276398, -39.3156280518, 25.7055568695, -26.9364414215, 39.5882720947], [328.955535889, -80.8235015869, 115.865196228, 31.965970993, 46.1857185364, 116.068435669, 13.595413208, 139.020721436, 51.1877059937, 44.0308799744, -1.93552196026, -9.82026481628, -25.085559845], [-105.928375244, 91.985458374, -18.7172031403, -5.7729549408, -4.77141523361, -15.5658664703, 28.7851276398, 51.1877059937, 130.011978149, 54.5155639648, 11.8003435135, -48.8362312317, -19.8566036224], [298.74105835, -24.5265045166, 106.560142517, -24.3872699738, 1.74278604984, 32.4199905396, -39.3156280518, 44.0308799744, 54.5155639648, 102.846656799, 6.60019826889, -8.78777503967, -43.4309921265], [-277.282745361, 72.2808303833, -17.4629631042, 23.4098701477, 27.754491806, 13.086148262, 25.7055568695, -1.93552196026, 11.8003435135, 6.60019826889, 68.2466125488, 13.6451311111, 26.2345123291], [-7.90671396255, -82.2376022339, 83.6255264282, 8.19820976257, 23.7602424622, 13.7842416763, -26.9364414215, -9.82026481628, -48.8362312317, -8.78777503967, 13.6451311111, 87.3683929443, 29.0663223267], [-355.764038086, 68.2472839355, -63.1981735229, 26.3171615601, 22.3723697662, -17.7015380859, 39.5882720947, -25.085559845, -19.8566036224, -43.4309921265, 26.2345123291, 29.0663223267, 82.5984649658]], "mean": [9.53622150421, 100.017211914, -132.200088501, 41.6471672058, -46.1257781982, 22.7640628815, -20.7133483887, 7.13292217255, -15.6959514618, 2.10876107216, -17.2630290985, -8.64993286133, -12.2002906799], "icov": [[0.000385394640034, -0.000997927389108, 0.000819481851067, -0.000952668429818, 0.000775642925873, -0.0010382210603, 0.00111371360254, -0.00126640300732, 0.00122726976406, -0.00147946085781, 0.00230561220087, -0.00175647682045, 0.00146697438322], [-0.000997927389108, 0.00493410089985, -0.00163204153068, 0.00169580837246, -0.00251733954065, 0.00377799011767, -0.00307494169101, 0.0040905312635, -0.00393324671313, 0.00303683523089, -0.00763884792104, 0.0065861037001, -0.00519667193294], [0.000819481851067, -0.00163204153068, 0.00392041960731, -0.00279152835719, 0.000751722662244, -0.00282498612069, 0.00343154231086, -0.00275861285627, 0.00229026307352, -0.00458008144051, 0.00555766187608, -0.00524194911122, 0.00369739835151], [-0.000952668429818, 0.00169580837246, -0.00279152835719, 0.0103663671762, -0.00198514992371, -0.00188503565732, -0.00125056621619, 0.00418470147997, -0.00551084242761, 0.00841352995485, -0.00694967620075, 0.00474686129019, -0.00530319334939], [0.000775642925873, -0.00251733954065, 0.000751722662244, -0.00198514992371, 0.00817867089063, -0.00276443199255, -0.000865847512614, -0.00387535034679, 0.00380693143234, -0.00362086924724, 0.00379584287293, -0.00502854026854, 0.0026339890901], [-0.0010382210603, 0.00377799011767, -0.00282498612069, -0.00188503565732, -0.00276443199255, 0.0119700133801, -0.003105918644, -0.00261900131591, 0.0015493829269, 0.00131209264509, -0.00876005645841, 0.00764925545081, -0.00399402109906], [0.00111371360254, -0.00307494169101, 0.00343154231086, -0.00125056621619, -0.000865847512614, -0.003105918644, 0.0129723688588, -0.00572298513725, 0.00144404859748, 6.09937196714e-05, 0.00453303707764, -0.00235342187807, 0.00174257485196], [-0.00126640300732, 0.0040905312635, -0.00275861285627, 0.00418470147997, -0.00387535034679, -0.00261900131591, -0.00572298513725, 0.0206550564617, -0.0117644816637, 0.00372546818107, -0.00451387744397, 0.00367709808052, -0.00350360176526], [0.00122726976406, -0.00393324671313, 0.00229026307352, -0.00551084242761, 0.00380693143234, 0.0015493829269, 0.00144404859748, -0.0117644816637, 0.0230856593698, -0.0143279386684, 0.00476882606745, 0.00238259229809, 0.00274287885986], [-0.00147946085781, 0.00303683523089, -0.00458008144051, 0.00841352995485, -0.00362086924724, 0.00131209264509, 6.09937196714e-05, 0.00372546818107, -0.0143279386684, 0.0294097326696, -0.0140521945432, 0.00387402717024, 0.00241705426015], [0.00230561220087, -0.00763884792104, 0.00555766187608, -0.00694967620075, 0.00379584287293, -0.00876005645841, 0.00453303707764, -0.00451387744397, 0.00476882606745, -0.0140521945432, 0.036393776536, -0.0162276811898, 0.00416878936812], [-0.00175647682045, 0.0065861037001, -0.00524194911122, 0.00474686129019, -0.00502854026854, 0.00764925545081, -0.00235342187807, 0.00367709808052, 0.00238259229809, 0.00387402717024, -0.0162276811898, 0.0317115448415, -0.0166796837002], [0.00146697438322, -0.00519667193294, 0.00369739835151, -0.00530319334939, 0.0026339890901, -0.00399402109906, 0.00174257485196, -0.00350360176526, 0.00274287885986, 0.00241705426015, 0.00416878936812, -0.0166796837002, 0.030244814232]]}, "spectral_complexity": {"dmean": 3.57362699509, "dmean2": 5.59728908539, "max": 51, "dvar": 10.449968338, "mean": 24.3633537292, "dvar2": 23.6504840851, "min": 0, "var": 66.4124145508, "median": 25}, "spectral_flux": {"dmean": 0.0340792573988, "dmean2": 0.0525001548231, "max": 0.30714020133, "dvar": 0.00131551141385, "mean": 0.100459054112, "dvar2": 0.0028283901047, "min": 6.2562156844e-11, "var": 0.00272636418231, "median": 0.0910052806139}, "spectral_energyband_low": {"dmean": 0.0107823954895, "dmean2": 0.0179606564343, "max": 0.152988061309, "dvar": 0.000261263194261, "mean": 0.0170572847128, "dvar2": 0.000669085769914, "min": 1.74187887388e-23, "var": 0.000279490370303, "median": 0.0125330295414}, "spectral_decrease": {"dmean": 3.92713372932e-09, "dmean2": 6.18803275287e-09, "max": 1.25636956587e-28, "dvar": 2.35351164963e-17, "mean": -8.97209240236e-09, "dvar2": 5.72668917122e-17, "min": -4.18511660882e-08, "var": 3.57299077406e-17, "median": -7.62166330048e-09}, "barkbands_spread": {"dmean": 5.3753900528, "dmean2": 8.47329807281, "max": 84.1237258911, "dvar": 30.0890617371, "mean": 23.6752185822, "dvar2": 72.3599777222, "min": 2.88815116882, "var": 91.4322509766, "median": 22.8553943634}, "spectral_rms": {"dmean": 0.00116033817176, "dmean2": 0.001766715548, "max": 0.0125013133511, "dvar": 1.55732948315e-06, "mean": 0.0055745667778, "dvar2": 3.6105154777e-06, "min": 3.13357412934e-12, "var": 3.92029505747e-06, "median": 0.00547972228378}, "spectral_centroid": {"dmean": 239.763626099, "dmean2": 367.26864624, "max": 11727.4375, "dvar": 78138.28125, "mean": 1497.35900879, "dvar2": 167315.625, "min": 290.370697021, "var": 776708.125, "median": 1401.9934082}, "barkbands_skewness": {"dmean": 0.565196275711, "dmean2": 0.886276602745, "max": 6.19658708572, "dvar": 0.327613294125, "mean": 1.39884698391, "dvar2": 0.796980619431, "min": -2.11004519463, "var": 0.821320652962, "median": 1.2828347683}, "spectral_rolloff": {"dmean": 419.846313477, "dmean2": 704.262207031, "max": 19573.6816406, "dvar": 363523.0625, "mean": 1329.3828125, "dvar2": 820793.1875, "min": 86.1328125, "var": 2543295.5, "median": 1184.32617188}, "erbbands_spread": {"dmean": 7.38188648224, "dmean2": 11.0666732788, "max": 109.510513306, "dvar": 61.236743927, "mean": 35.4940109253, "dvar2": 132.187210083, "min": 7.35253858566, "var": 183.126144409, "median": 32.7452087402}, "barkbands": {"dmean": [0.00016819773009, 0.00727481208742, 0.00454873917624, 0.00154184596613, 0.0034959174227, 0.000621322367806, 0.000623696832918, 0.00125653203577, 0.000931108079385, 0.000423555320594, 0.000408949214034, 0.000355217256583, 0.000494169595186, 0.000603054650128, 0.000531537923962, 0.000246363779297, 0.000201247632504, 0.000174748463905, 0.000162161479238, 0.0001050182982, 8.43652305775e-05, 0.000104030790681, 5.42229499843e-05, 2.94644614769e-05, 3.07764639729e-05, 1.17395538837e-05, 1.92499032892e-06], "dmean2": [0.000286951923044, 0.012423992157, 0.00767895393074, 0.00254647899419, 0.00530369672924, 0.000981461256742, 0.000941346632317, 0.00191569700837, 0.00148173468187, 0.000678821932524, 0.000646490778308, 0.000573287601583, 0.000795040978119, 0.000983183039352, 0.00086641323287, 0.000388630956877, 0.000319701357512, 0.000276949489489, 0.000255583989201, 0.000168890925124, 0.000135126625537, 0.000162701035151, 8.40606517158e-05, 4.48993814643e-05, 4.59356524516e-05, 1.84907312359e-05, 2.91434230348e-06], "max": [0.00188695557881, 0.0910091251135, 0.0984517931938, 0.0231859572232, 0.0934723466635, 0.0381976999342, 0.0331445671618, 0.0477184392512, 0.0431766994298, 0.0321768596768, 0.0245941765606, 0.0127786044031, 0.0259727165103, 0.0405835323036, 0.0324412286282, 0.0156276486814, 0.0140869244933, 0.0107175977901, 0.0126669565216, 0.00456498377025, 0.00458929501474, 0.00785685423762, 0.0032975457143, 0.00365086644888, 0.00176948669832, 0.000573176657781, 9.05819324544e-05], "dvar": [5.50683836309e-08, 0.000121146418678, 4.87324614369e-05, 4.49402705271e-06, 6.16750112385e-05, 2.35247739511e-06, 3.09836013912e-06, 9.07355661184e-06, 5.68819632463e-06, 8.1797884377e-07, 6.57693021822e-07, 4.9049072004e-07, 1.25344956814e-06, 2.03871786653e-06, 1.231736519e-06, 3.98631186727e-07, 2.33724364307e-07, 1.40100141266e-07, 2.51337212376e-07, 2.8669827401e-08, 1.92705940094e-08, 8.24874888394e-08, 1.52619907823e-08, 8.87288464924e-09, 8.68133653853e-09, 1.29638522139e-09, 3.26320082067e-11], "mean": [0.000185593686183, 0.00933513324708, 0.00633420050144, 0.00221896078438, 0.00358423311263, 0.000912859104574, 0.00116077880375, 0.00274912500754, 0.00187534024008, 0.000759887800086, 0.000793425133452, 0.000638065394014, 0.000847338233143, 0.00109964725561, 0.00102609326132, 0.000434428919107, 0.000363412691513, 0.0003694492043, 0.000322288426105, 0.000247384858085, 0.000187753510545, 0.000198369845748, 0.000108100481157, 5.69627372897e-05, 4.63580763608e-05, 1.35665650305e-05, 2.27892110161e-06], "dvar2": [1.43569380384e-07, 0.000321981904563, 0.000125687176478, 1.16817918752e-05, 0.000143198136357, 5.39441862202e-06, 6.55472877042e-06, 2.02658848139e-05, 1.43973538798e-05, 2.15354793909e-06, 1.57532610956e-06, 1.20932998016e-06, 3.25949145008e-06, 5.28297823621e-06, 3.12640281663e-06, 8.88690919965e-07, 5.51829202777e-07, 3.2463984212e-07, 5.93089566792e-07, 7.07251714971e-08, 5.01881913806e-08, 2.16458488467e-07, 3.97982553579e-08, 1.9295322673e-08, 2.16360547256e-08, 3.38547856416e-09, 8.24597959359e-11], "min": [2.2869824595e-25, 5.23302319961e-24, 2.7968031959e-24, 2.12345026265e-24, 8.86106471135e-24, 1.40953571882e-23, 7.64191173676e-24, 1.54862088942e-23, 1.2785351892e-23, 2.1063240924e-23, 1.43132216375e-23, 3.21734932265e-23, 3.20874253463e-23, 3.12471906635e-23, 6.05562321244e-23, 6.61445543314e-23, 5.60328279632e-23, 9.74801794578e-23, 1.62202789919e-22, 1.27366174852e-22, 2.68271525244e-22, 3.4233720863e-22, 3.22138784872e-22, 6.11314341555e-22, 9.07758626701e-22, 1.34438427726e-21, 1.89591997635e-21], "var": [6.28032736927e-08, 0.000116494498798, 5.50988988834e-05, 6.03145008427e-06, 6.58435892547e-05, 3.31679962073e-06, 1.06221859824e-05, 3.71757232642e-05, 1.77390920726e-05, 1.09963741579e-06, 1.61063644555e-06, 8.38983055473e-07, 1.81128109489e-06, 3.80360415875e-06, 1.8029960529e-06, 6.39916265754e-07, 3.64258568197e-07, 2.54283406775e-07, 3.12719237172e-07, 4.79866670844e-08, 2.83048908756e-08, 8.98649190617e-08, 2.15152908822e-08, 1.32172779388e-08, 9.94771731655e-09, 1.1217684559e-09, 3.04336937595e-11], "median": [9.25697968341e-05, 0.00626134406775, 0.00420165900141, 0.00138765829615, 0.000679964781739, 0.000438920396846, 0.000287342030788, 0.000477371970192, 0.000590130570345, 0.000504681374878, 0.000427904888056, 0.00040970381815, 0.000503025192302, 0.000506068929099, 0.000659160665236, 0.000243957620114, 0.000202255323529, 0.000246251525823, 0.000214901214349, 0.000200249167392, 0.000150479216245, 0.000130551896291, 7.0572772529e-05, 3.51470916939e-05, 1.94987296709e-05, 3.49142510458e-06, 5.11239477419e-07]}, "melbands_kurtosis": {"dmean": 6.87772989273, "dmean2": 11.1174468994, "max": 173.609100342, "dvar": 104.020294189, "mean": 10.3494729996, "dvar2": 261.533233643, "min": -1.58299481869, "var": 148.040267944, "median": 6.47366952896}, "erbbands_crest": {"dmean": 2.26540017128, "dmean2": 3.59493279457, "max": 29.7967567444, "dvar": 4.81069087982, "mean": 8.66832923889, "dvar2": 11.6455926895, "min": 2.2765545845, "var": 18.2510986328, "median": 7.43995285034}, "melbands_skewness": {"dmean": 0.831500887871, "dmean2": 1.30780446529, "max": 11.2028770447, "dvar": 0.762610852718, "mean": 2.59121489525, "dvar2": 1.84850931168, "min": -0.26900306344, "var": 1.89742577076, "median": 2.38217639923}, "spectral_energyband_middle_low": {"dmean": 0.00641287351027, "dmean2": 0.0095200156793, "max": 0.105990163982, "dvar": 0.0001009972475, "mean": 0.0127770546824, "dvar2": 0.000224502233323, "min": 1.71744169853e-22, "var": 0.00018481585721, "median": 0.00696653686464}, "spectral_contrast_coeffs": {"dmean": [0.0564507879317, 0.0453445091844, 0.0366150476038, 0.0290793254972, 0.0198861788958, 0.0170953255147], "dmean2": [0.0917355269194, 0.0739016234875, 0.0595458783209, 0.0480126738548, 0.0322887152433, 0.0276450347155], "max": [-0.371730804443, -0.469404459, -0.474104553461, -0.523603022099, -0.624898016453, -0.569882929325], "dvar": [0.00216803723015, 0.00146347016562, 0.000905808876269, 0.000576754915528, 0.000311220122967, 0.000223692026339], "mean": [-0.642162680626, -0.745264708996, -0.773700594902, -0.782451152802, -0.800485432148, -0.723048627377], "dvar2": [0.00541020790115, 0.00355600565672, 0.00234342343174, 0.00145425042138, 0.000725892779883, 0.000557216349989], "min": [-0.978581786156, -0.977083384991, -0.98422396183, -0.983988523483, -0.981610655785, -0.980025112629], "var": [0.00505149224773, 0.0070593864657, 0.00441716425121, 0.00253451848403, 0.00145033642184, 0.00204274593852], "median": [-0.644245862961, -0.763034462929, -0.78410923481, -0.788481473923, -0.806310772896, -0.726175665855]}, "spectral_contrast_valleys": {"dmean": [0.424480468035, 0.348077774048, 0.280051589012, 0.24311375618, 0.213413402438, 0.297589510679], "dmean2": [0.692210674286, 0.560457646847, 0.447021305561, 0.387952655554, 0.329108089209, 0.399708479643], "max": [-5.38710021973, -5.04940271378, -5.24580335617, -5.74541902542, -5.71613454819, -7.85596704483], "dvar": [0.157900229096, 0.138398438692, 0.102828115225, 0.0918627679348, 0.0913472771645, 0.148422569036], "mean": [-7.18969678879, -6.84340572357, -7.00523614883, -7.18398761749, -7.28187322617, -10.3176164627], "dvar2": [0.359696120024, 0.293590068817, 0.207386597991, 0.17713983357, 0.168641060591, 0.284420013428], "min": [-28.3144683838, -27.7330551147, -28.0170001984, -27.6300983429, -27.5148658752, -27.4040794373], "var": [3.88076758385, 3.47665381432, 3.41052174568, 3.36655974388, 3.2159011364, 3.22532963753], "median": [-6.84708213806, -6.60152339935, -6.71699619293, -6.88902378082, -7.02467632294, -9.88438129425]}, "silence_rate_20dB": {"dmean": 0, "dmean2": 0, "max": 1, "dvar": 0, "mean": 1, "dvar2": 0, "min": 1, "var": 0, "median": 1}, "silence_rate_30dB": {"dmean": 0.00112946494482, "dmean2": 0.00225924886763, "max": 1, "dvar": 0.00112818705384, "mean": 0.9994353652, "dvar2": 0.00338392541744, "min": 0, "var": 0.000564331538044, "median": 1}, "spectral_strongpeak": {"dmean": 0.516657650471, "dmean2": 0.897741436958, "max": 8.02489185333, "dvar": 0.763230383396, "mean": 0.878204643726, "dvar2": 1.97210788727, "min": 0, "var": 1.16951870918, "median": 0.399273723364}, "spectral_spread": {"dmean": 424428.5625, "dmean2": 620756.9375, "max": 42214248, "dvar": 488135163904, "mean": 4336469, "dvar2": 931318726656, "min": 2094708.75, "var": 9717617262590.0, "median": 4098597.25}, "barkbands_flatness_db": {"dmean": 0.0217088963836, "dmean2": 0.0350053533912, "max": 0.344826340675, "dvar": 0.000403929676395, "mean": 0.126588135958, "dvar2": 0.00105135608464, "min": 0.0328923352063, "var": 0.001931555802, "median": 0.118779808283}, "pitch_salience": {"dmean": 0.074098162353, "dmean2": 0.123189941049, "max": 0.888967394829, "dvar": 0.00443442072719, "mean": 0.502336919308, "dvar2": 0.0120253209025, "min": 0.15824110806, "var": 0.0101391626522, "median": 0.500398814678}, "erbbands_kurtosis": {"dmean": 0.598834574223, "dmean2": 0.934978663921, "max": 12.5944385529, "dvar": 0.464907407761, "mean": 0.268867701292, "dvar2": 1.1290692091, "min": -1.52277946472, "var": 1.28690814972, "median": 0.0191396474838}, "average_loudness": 0.949156582355, "barkbands_crest": {"dmean": 2.87267327309, "dmean2": 4.79730224609, "max": 23.1099395752, "dvar": 5.76719379425, "mean": 10.5585403442, "dvar2": 16.4832382202, "min": 3.0447499752, "var": 12.810921669, "median": 10.2095050812}, "hfc": {"dmean": 6.11820173264, "dmean2": 8.78364467621, "max": 122.425697327, "dvar": 71.5794143677, "mean": 22.1414661407, "dvar2": 155.039382935, "min": 1.04686429843e-16, "var": 219.586410522, "median": 19.0256195068}, "barkbands_kurtosis": {"dmean": 2.32902145386, "dmean2": 3.77909493446, "max": 46.9847679138, "dvar": 11.2553129196, "mean": 2.27737498283, "dvar2": 28.2868041992, "min": -1.76657986641, "var": 15.4371242523, "median": 1.14130735397}, "erbbands": {"dmean": [0.165819942951, 1.85400104523, 5.09845876694, 4.98278856277, 12.9606428146, 7.97699356079, 5.06298923492, 5.48950004578, 7.38805770874, 15.9206295013, 25.3354473114, 21.4377555847, 16.9443016052, 11.5117378235, 13.3872652054, 13.999420166, 20.6627044678, 26.9229354858, 27.1320819855, 24.1692028046, 10.6313276291, 10.5736017227, 9.50597572327, 8.52116298676, 6.69559001923, 5.41669034958, 3.54892206192, 3.53634119034, 3.84862422943, 2.5401134491, 1.43929302692, 0.775551021099, 0.423581987619, 0.316007852554, 0.238139227033, 0.0692481920123, 0.0180756188929, 0.00372750405222, 0.000317655008985, 2.48506348726e-05], "dmean2": [0.28000202775, 3.22235536575, 8.70881271362, 8.15731811523, 19.6091518402, 12.9175071716, 7.79648828506, 8.79145717621, 10.980629921, 23.8496074677, 39.0703277588, 34.009563446, 27.2944011688, 18.2280521393, 21.0505447388, 22.3120670319, 33.2332267761, 43.5724754333, 44.2080345154, 39.2612380981, 16.548418045, 16.8068561554, 14.9374370575, 13.3813142776, 10.6270036697, 8.75119113922, 5.75018024445, 5.59596729279, 6.0354809761, 3.96914815903, 2.23877334595, 1.17764186859, 0.651334941387, 0.468654125929, 0.369261950254, 0.109307013452, 0.0284595936537, 0.00576828001067, 0.000475241453387, 3.70069501514e-05], "max": [2.09218144417, 24.2265090942, 92.3217697144, 83.586807251, 243.059158325, 340.921508789, 454.08795166, 385.910980225, 618.063171387, 718.732421875, 900.647033691, 1160.21032715, 995.827270508, 648.139099121, 602.658508301, 591.226806641, 1114.9362793, 1464.5390625, 973.838928223, 1471.26647949, 775.485656738, 617.22869873, 509.259155273, 781.136047363, 602.007385254, 192.050430298, 117.25668335, 212.893539429, 305.314422607, 158.420394897, 99.8426055908, 119.219078064, 33.9192352295, 16.6202011108, 14.8808040619, 3.8265850544, 0.710362613201, 0.20073133707, 0.0159856397659, 0.000607377442066], "dvar": [0.0655048042536, 7.97429895401, 59.6404151917, 45.1437988281, 811.753723145, 374.880767822, 149.389099121, 199.976959229, 521.523376465, 1715.64978027, 3587.80029297, 3178.02856445, 1589.22277832, 679.447753906, 574.532958984, 855.746582031, 1748.52185059, 5106.89501953, 2656.2800293, 2885.69897461, 885.451904297, 589.211791992, 438.00201416, 644.685852051, 318.059234619, 69.1261444092, 25.4837284088, 43.3349647522, 122.350868225, 39.2175941467, 11.7838087082, 6.21208429337, 1.56285917759, 0.669271826744, 0.717769742012, 0.0492083877325, 0.00257585477084, 0.000132804969326, 8.47916851399e-07, 1.32710309408e-09], "mean": [0.193710699677, 2.37267303467, 7.27170991898, 7.69839477539, 13.1611595154, 8.06161594391, 8.04100513458, 7.59707593918, 14.0688867569, 33.6068954468, 54.7498016357, 45.1874351501, 32.57472229, 24.1901664734, 29.045085907, 27.6769924164, 38.9714050293, 52.0926437378, 53.8645057678, 48.2218055725, 21.8990116119, 20.6100463867, 20.3790855408, 17.9056129456, 14.4254570007, 12.8138227463, 7.88161849976, 7.68739557266, 7.39295911789, 4.82119989395, 2.87222361565, 1.48954892159, 0.817249298096, 0.573794484138, 0.292642354965, 0.0818912759423, 0.0207566078752, 0.00421622442082, 0.000398906762712, 5.47474774066e-05], "dvar2": [0.167716518044, 21.6208572388, 158.984985352, 116.956459045, 1828.29882812, 932.458862305, 333.462982178, 449.285003662, 1059.66809082, 3929.25170898, 8239.33886719, 7765.54638672, 4146.47802734, 1674.50537109, 1447.79663086, 2110.44897461, 4622.48632812, 13094.4423828, 6574.81494141, 7471.203125, 1875.56481934, 1385.15246582, 990.565917969, 1440.43713379, 793.173583984, 171.18119812, 65.0933380127, 111.566795349, 320.563140869, 103.272827148, 30.3797855377, 12.8624172211, 3.65935730934, 1.57952535152, 1.852845788, 0.129046797752, 0.00668892869726, 0.000343717838405, 2.13002886085e-06, 3.10749337373e-09], "min": [6.73224625024e-23, 5.91248294968e-22, 2.78694071644e-21, 1.18749782166e-20, 1.21704682956e-20, 2.10843459067e-20, 4.41513435752e-20, 8.03881907378e-20, 1.11303303575e-19, 2.29975468088e-19, 2.82987483144e-19, 3.01837972876e-19, 8.27252784061e-19, 5.73340854546e-19, 1.06479103524e-18, 1.58160851888e-18, 2.09689644217e-18, 1.9968824479e-18, 3.00447011807e-18, 3.67835058847e-18, 3.64475464789e-18, 3.76332850716e-18, 6.36213974026e-18, 6.85572957871e-18, 9.30665208523e-18, 5.81952497486e-18, 8.60482573142e-18, 9.80161132118e-18, 1.18908941862e-17, 1.31143745487e-17, 9.80962752849e-18, 1.17323906644e-17, 9.47034699255e-18, 8.23674855681e-18, 6.84681050376e-18, 4.36209270614e-18, 2.52710191182e-18, 9.90189580351e-19, 2.37010871843e-19, 2.56130902901e-20], "var": [0.0655325502157, 7.28596925735, 62.3041992188, 55.5879936218, 870.340515137, 375.270019531, 283.742095947, 268.031066895, 1974.04052734, 4733.46435547, 11942.7207031, 10725.8359375, 2879.4362793, 1068.86853027, 1318.18200684, 1475.79443359, 2617.39282227, 10100.9228516, 4983.45117188, 4170.08789062, 1566.73657227, 978.293762207, 818.77947998, 923.873535156, 397.247741699, 117.046485901, 40.6919174194, 61.6219940186, 129.92098999, 48.7899131775, 16.0372123718, 9.9085187912, 2.17635297775, 1.02215361595, 0.654283285141, 0.0421373099089, 0.00234678271227, 0.000115355389426, 8.1524080997e-07, 1.98619165559e-09], "median": [0.105876609683, 1.63141417503, 5.11713600159, 5.55704212189, 2.98505020142, 1.74781703949, 3.62782144547, 3.34167957306, 4.14868068695, 6.74501514435, 13.016705513, 13.3093214035, 19.2998695374, 17.2728366852, 19.1365127563, 18.3759231567, 25.3759231567, 24.4165554047, 34.4997253418, 28.3901462555, 13.1217918396, 11.8969459534, 12.7011480331, 12.5264921188, 9.96764183044, 10.4924249649, 6.57690429688, 5.73891353607, 4.87127256393, 3.04098749161, 1.8829716444, 0.93825340271, 0.481133669615, 0.274964272976, 0.0982430875301, 0.0244439840317, 0.00503085646778, 0.000928502646275, 0.00010687350732, 4.4224478188e-05]}, "spectral_energy": {"dmean": 0.0152416098863, "dmean2": 0.0238947849721, "max": 0.160189896822, "dvar": 0.000349309091689, "mean": 0.0358710326254, "dvar2": 0.000846404465847, "min": 1.00647693786e-20, "var": 0.000550376542378, "median": 0.0307780429721}, "zerocrossingrate": {"dmean": 0.00759851932526, "dmean2": 0.00970495212823, "max": 0.525390625, "dvar": 8.75683763297e-05, "mean": 0.0548368655145, "dvar2": 0.000151287342305, "min": 0.0087890625, "var": 0.00168475368991, "median": 0.0498046875}, "spectral_energyband_high": {"dmean": 0.000303694454487, "dmean2": 0.000453252665466, "max": 0.0144055467099, "dvar": 3.75179780576e-07, "mean": 0.000748678343371, "dvar2": 9.19703097679e-07, "min": 