{"tonal": {"chords_key": "G", "hpcp_entropy": {"dmean": 0.413434028625, "dmean2": 0.706170678139, "max": 3.70161795616, "dvar": 0.163079276681, "mean": 1.45283699036, "dvar2": 0.420962631702, "min": 0, "var": 0.366402089596, "median": 1.54123771191}, "key_key": "D", "chords_strength": {"dmean": 0.00953377783298, "dmean2": 0.00769404647872, "max": 0.761009037495, "dvar": 0.000716056616511, "mean": 0.460898995399, "dvar2": 0.00131755019538, "min": -1, "var": 0.038090929389, "median": 0.47968479991}, "key_scale": "minor", "chords_number_rate": 0.00661559868604, "thpcp": [1, 0.542203307152, 0.147807583213, 0.146845877171, 0.12912234664, 0.433775782585, 0.718792676926, 0.486122637987, 0.521682977676, 0.570716440678, 0.265406757593, 0.281403183937, 0.389234393835, 0.422449827194, 0.532717823982, 0.468418508768, 0.232082307339, 0.13957183063, 0.151369050145, 0.388194024563, 0.67394554615, 0.550895273685, 0.297658473253, 0.321963220835, 0.390536516905, 0.279266238213, 0.257541149855, 0.240127936006, 0.184084251523, 0.341461867094, 0.422500163317, 0.243869438767, 0.236286044121, 0.283965110779, 0.223167702556, 0.63268828392], "key_strength": 0.654138147831, "tuning_nontempered_energy_ratio": 0.685317873955, "tuning_frequency": 445.112548828, "chords_changes_rate": 0.0605849586427, "tuning_diatonic_strength": 0.407886862755, "chords_scale": "minor", "chords_histogram": [7.41643476486, 1.81058490276, 8.14763259888, 13.0919218063, 3.55153203011, 0.313370466232, 1.63649022579, 4.00417804718, 8.39136505127, 8.66991615295, 5.50139284134, 1.32311975956, 1.39275765419, 0.940111398697, 2.05431747437, 1.60167133808, 2.3676879406, 0.591921985149, 1.35793876648, 0.452646225691, 4.63091945648, 0, 13.1267414093, 7.62534809113], "tuning_equal_tempered_deviation": 0.0556639917195, "hpcp": {"dmean": [0.0770216360688, 0.0587209388614, 0.0542320013046, 0.06084240973, 0.0565435923636, 0.0410639904439, 0.0399026758969, 0.0371886193752, 0.0514043979347, 0.0551849864423, 0.0490750409663, 0.0410390011966, 0.0472005084157, 0.0504197143018, 0.0817709267139, 0.0707937702537, 0.0735208913684, 0.0367520861328, 0.0293449554592, 0.0321199335158, 0.0572854802012, 0.0605563521385, 0.0729319453239, 0.0758116319776, 0.0662953928113, 0.0489686913788, 0.0438380166888, 0.0481581576169, 0.0550445653498, 0.0551776215434, 0.0653454512358, 0.0450577549636, 0.0298762060702, 0.0347877554595, 0.0541363619268, 0.0689236819744], "dmean2": [0.127534031868, 0.101521782577, 0.0933936685324, 0.0991229340434, 0.0973385572433, 0.0703320726752, 0.0670451000333, 0.0639722421765, 0.085234194994, 0.0937152430415, 0.083303719759, 0.0699378028512, 0.081213504076, 0.088074311614, 0.13804730773, 0.117221273482, 0.122238501906, 0.0651561915874, 0.0522687472403, 0.0575231611729, 0.0966234356165, 0.100996136665, 0.126606911421, 0.126362591982, 0.108950987458, 0.0844091996551, 0.0737266913056, 0.0793377757072, 0.0924399867654, 0.0924014002085, 0.108913145959, 0.0750594958663, 0.0529922172427, 0.0607271790504, 0.0946995615959, 0.115881100297], "max": [1, 1, 1, 1, 1, 1, 1, 1, 1, 1, 1, 1, 1, 1, 1, 1, 1, 1, 1, 1, 1, 1, 1, 1, 1, 1, 1, 1, 1, 1, 1, 1, 1, 1, 1, 1], "dvar": [0.0260384324938, 0.0212820805609, 0.0214557945728, 0.02366585657, 0.0226631276309, 0.0185274705291, 0.0158458892256, 0.0109994746745, 0.0175545215607, 0.0210678130388, 0.0153626604006, 0.0156640857458, 0.0212940759957, 0.0165093075484, 0.0268880371004, 0.0299896616489, 0.0226521939039, 0.0118505181745, 0.0120772030205, 0.00963809061795, 0.0191256403923, 0.0249554011971, 0.0208620391786, 0.0242078900337, 0.0276312567294, 0.0137868318707, 0.0159697812051, 0.0169826243073, 0.0190185252577, 0.0209843944758, 0.0227149482816, 0.0147876944393, 0.0125530222431, 0.0116975372657, 0.0196243077517, 0.0296302437782], "mean": [0.136166229844, 0.0735730230808, 0.0795804932714, 0.0965299382806, 0.0690269693732, 0.0636571198702, 0.0593530535698, 0.045500587672, 0.0844000279903, 0.104430474341, 0.0602778494358, 0.0584034398198, 0.0701884031296, 0.055160947144, 0.156383216381, 0.247172623873, 0.134017810225, 0.0365339890122, 0.0362962819636, 0.0319155082107, 0.107217498124, 0.177665874362, 0.120156206191, 0.128945752978, 0.141065478325, 0.0656012818217, 0.0695551633835, 0.0962080881, 0.104418031871, 0.131673261523, 0.115780234337, 0.0573643930256, 0.034498333931, 0.0374142862856, 0.0959509387612, 0.166580885649], "dvar2": [0.0633488968015, 0.0585684999824, 0.0517570562661, 0.0557061135769, 0.0600256994367, 0.0458392202854, 0.0388188995421, 0.0270282384008, 0.0402047112584, 0.0501843877137, 0.0411132164299, 0.0386034026742, 0.0535282418132, 0.0459349825978, 0.0676611661911, 0.0625799968839, 0.0581958666444, 0.0334178209305, 0.0323226675391, 0.0273701418191, 0.0483959913254, 0.0543373711407, 0.0558021962643, 0.0566685646772, 0.0582881383598, 0.0367207229137, 0.0389511175454, 0.0392792262137, 0.0472901836038, 0.0456744432449, 0.0520602986217, 0.0368533916771, 0.0304672885686, 0.031239874661, 0.0503418967128, 0.0692121386528], "min": [0, 0, 0, 0, 0, 0, 0, 0, 0, 0, 0, 0, 0, 0, 0, 0, 0, 0, 0, 0, 0, 0, 0, 0, 0, 0, 0, 0, 0, 0, 0, 0, 0, 0, 0, 0], "var": [0.0548156388104, 0.0288978852332, 0.040361918509, 0.0461698807776, 0.0281015411019, 0.039220366627, 0.0307386517525, 0.0187617130578, 0.0437216125429, 0.0576947294176, 0.0206119511276, 0.0292137786746, 0.0380473770201, 0.019589971751, 0.0663652792573, 0.147961735725, 0.0552288778126, 0.0124404262751, 0.018036890775, 0.010012164712, 0.0458823591471, 0.111997239292, 0.0429711900651, 0.0610865317285, 0.0837337076664, 0.0207988042384, 0.035952296108, 0.0576117858291, 0.0524824969471, 0.0807331800461, 0.0521812327206, 0.0218134708703, 0.0194874666631, 0.0149459624663, 0.0528374686837, 0.0996403694153], "median": [0.0220091529191, 0.00802281871438, 0.00394021812826, 0.00224540894851, 0.0035664443858, 0.000906661967747, 0.000606559682637, 0.0011435886845, 0.00161911558826, 0.0018833919894, 0.00317760137841, 0.00160428648815, 0.00107208453119, 0.00371563062072, 0.0095446119085, 0.0130165675655, 0.00665737967938, 0.000587436254136, 0.000116254479508, 0.000827331910841, 0.00624240748584, 0.0095021314919, 0.0196722764522, 0.00948358513415, 0.00504241976887, 0.00425862520933, 0.00108162499964, 0.00107199000195, 0.00230258470401, 0.00560943596065, 0.00577369006351, 0.00256647914648, 0.000429321953561, 0.000456070236396, 0.00200576754287, 0.0148576507345]}}, "lowlevel": {"melbands_flatness_db": {"dmean": 0.0220662150532, "dmean2": 0.032034046948, "max": 0.615674257278, "dvar": 0.000866562011652, "mean": 0.399761676788, "dvar2": 0.00164059887175, "min": 0.000680059602018, "var": 0.006984654814, "median": 0.408321917057}, "melbands_crest": {"dmean": 2.44463157654, "dmean2": 3.92851781845, "max": 38.0036010742, "dvar": 6.82610464096, "mean": 16.8896865845, "dvar2": 16.5545349121, "min": 1.6355805397, "var": 31.5811042786, "median": 16.477268219}, "spectral_entropy": {"dmean": 0.176611483097, "dmean2": 0.266461491585, "max": 9.81855964661, "dvar": 0.0505456067622, "mean": 6.02138280869, "dvar2": 0.10189563781, "min": 4.59954357147, "var": 0.476870536804, "median": 5.90599250793}, "melbands": {"dmean": [0.000731915410142, 0.0017197515117, 0.00148008123506, 0.000531880417839, 0.000227196214837, 0.000226289237617, 0.000148745966726, 0.000162366995937, 0.000107818836113, 4.52347048849e-05, 1.40915999509e-05, 1.97288100026e-05, 1.23439676827e-05, 1.06533907456e-05, 1.81637751666e-05, 4.54595501651e-05, 5.97517719143e-05, 2.41926718445e-05, 7.52235382606e-06, 7.42398924558e-06, 2.04888215194e-06, 3.55849039124e-07, 3.17292261798e-07, 2.57787462488e-07, 3.16332148032e-07, 2.28968545457e-07, 1.4970029838e-07, 1.31883410859e-07, 1.46821250269e-07, 1.17762226637e-07, 1.28318291104e-07, 8.34897377899e-08, 6.24597547016e-08, 4.17476080372e-08, 2.86561601115e-08, 2.00014280693e-08, 3.60740024519e-08, 4.57384174979e-08, 1.23593784096e-08, 2.42025777197e-08], "dmean2": [0.00110156834126, 0.0025862948969, 0.00228217360564, 0.000866619986482, 0.000361936312402, 0.000364842300769, 0.000227588039706, 0.000238226770307, 0.000152201173478, 5.87094073126e-05, 1.77172660187e-05, 2.46608124144e-05, 1.60012696142e-05, 1.33738467412e-05, 2.23617789743e-05, 6.12172007095e-05, 7.91415877757e-05, 3.20985564031e-05, 1.01006235127e-05, 9.6717822089e-06, 3.00654846797e-06, 5.37675873602e-07, 4.78976630802e-07, 3.9922247197e-07, 4.72185092804e-07, 3.64745943671e-07, 2.41433639303e-07, 2.04829660788e-07, 2.31706039244e-07, 1.93444037677e-07, 2.09219336966e-07, 1.28942900801e-07, 1.01510899242e-07, 6.94568313975e-08, 4.81315289846e-08, 3.32306697715e-08, 6.45950706257e-08, 8.4587298943e-08, 1.96675689068e-08, 4.10394953576e-08], "max": [0.0267862025648, 0.0416056923568, 0.0357189923525, 0.0168775357306, 0.00695020379499, 0.010910234414, 0.0133245056495, 0.0150077296421, 0.0110232168809, 0.00525593897328, 0.00139731424861, 0.00385318160988, 0.00327073317021, 0.00221204152331, 0.0016979156062, 0.00693013472483, 0.00967528112233, 0.00476680602878, 0.00182930543087, 0.00142028043047, 0.000555070640985, 4.31405314885e-05, 3.84651793865e-05, 1.91964463738e-05, 7.39396127756e-05, 2.21878708544e-05, 1.15033835755e-05, 5.30479701411e-05, 8.79362414707e-05, 3.68713008356e-05, 5.23709059053e-05, 1.92131974472e-05, 2.43205722654e-05, 2.3089844035e-05, 1.28535593831e-05, 6.87020701662e-06, 4.01863871957e-05, 5.72213939449e-05, 1.9186247755e-06, 3.59980258509e-05], "dvar": [1.76479204583e-06, 1.09921729745e-05, 8.75574460224e-06, 8.56656527048e-07, 1.10581019896e-07, 1.74291926669e-07, 1.52586594027e-07, 2.9219754083e-07, 1.18171648467e-07, 2.62649244576e-08, 1.36342326318e-09, 7.0267600627e-09, 2.79368861378e-09, 2.06278150117e-09, 4.22684109935e-09, 3.11621874971e-08, 6.00268279527e-08, 9.12984798873e-09, 1.02188812967e-09, 1.30657162867e-09, 1.02985307782e-10, 1.07841242446e-12, 9.31375202656e-13, 4.14055373104e-13, 1.4684181605e-12, 4.66974061416e-13, 1.83028505546e-13, 5.4557795998e-13, 1.72655498839e-12, 6.17742077109e-13, 1.49278983272e-12, 2.18549448829e-13, 2.3617056661e-13, 1.85967886056e-13, 8.66830140111e-14, 2.29111468567e-14, 7.10960153597e-13, 1.58512916335e-12, 3.23680278848e-15, 3.81088552642e-13], "mean": [0.00245611649007, 0.00599043257535, 0.00391305843368, 0.0013328648638, 0.00075987476157, 0.000591546180658, 0.000494034436997, 0.000502640148625, 0.00032223094604, 0.000129447988002, 3.98326264985e-05, 5.39030770597e-05, 2.87214861601e-05, 2.30924561038e-05, 3.74683768314e-05, 9.74249487626e-05, 0.000122072000522, 4.79130831081e-05, 1.58543316502e-05, 1.45400917972e-05, 3.61614252142e-06, 6.46337070975e-07, 5.13791860612e-07, 4.40443983507e-07, 5.33593208729e-07, 3.57529444273e-07, 2.38956289422e-07, 1.93531718651e-07, 2.43758250917e-07, 1.63292085631e-07, 1.44155237081e-07, 1.13619208264e-07, 7.7715050395e-08, 4.68802312525e-08, 3.22487885285e-08, 2.5476357024e-08, 3.12540962e-08, 3.4906431523e-08, 1.60378963443e-08, 2.24610285926e-08], "dvar2": [3.44815362041e-06, 2.22076596401e-05, 1.92654060811e-05, 2.20724768951e-06, 2.66939110816e-07, 4.93383197409e-07, 3.94769131162e-07, 7.05506295162e-07, 2.57727094777e-07, 4.65470364475e-08, 2.13178763531e-09, 1.21051115798e-08, 5.18677989447e-09, 2.55556331652e-09, 6.19739726204e-09, 5.37159259295e-08, 1.01271069752e-07, 1.54786157225e-08, 1.73784486801e-09, 2.12789696974e-09, 1.96482025094e-10, 2.15634606525e-12, 1.8405758688e-12, 9.19870733404e-13, 2.98708063493e-12, 1.13440127517e-12, 4.65286663365e-13, 7.34407272409e-13, 3.63905607037e-12, 1.53772383282e-12, 4.08938464688e-12, 5.64051951847e-13, 6.4278497889e-13, 5.3747327769e-13, 2.55846125535e-13, 6.5424133667e-14, 2.0893091944e-12, 4.67174432819e-12, 7.99776047391e-15, 1.05817871826e-12], "min": [9.80375132372e-25, 9.71932742964e-25, 1.48777204433e-24, 1.34898380097e-24, 2.02325782794e-24, 1.91712625668e-24, 2.15283276757e-24, 2.25275501742e-24, 2.09468208316e-24, 2.25797727661e-24, 2.4344064125e-24, 3.04217068907e-24, 1.28684917177e-24, 1.77364369929e-24, 3.23556072885e-24, 2.46368419613e-24, 3.04147649148e-24, 2.74448929332e-24, 3.74481304166e-24, 4.08866449404e-24, 3.04937239749e-24, 4.68619704746e-24, 3.33464402513e-24, 3.88597772849e-24, 4.7831543636e-24, 3.11358745011e-24, 3.90380716824e-24, 5.28474604816e-24, 4.66908902101e-24, 5.50041628091e-24, 5.38575574277e-24, 5.79794858195e-24, 6.25240582742e-24, 5.00029700523e-24, 5.70029154619e-24, 5.71799397933e-24, 6.42911303677e-24, 6.41121299397e-24, 6.4718921748e-24, 5.79142943543e-24], "var": [7.70443784859e-06, 3.78590048058e-05, 2.37447129621e-05, 2.04905404644e-06, 7.61718297326e-07, 9.06472564566e-07, 1.02454134776e-06, 1.9972364953e-06, 8.50497713145e-07, 1.48672597788e-07, 9.25978760336e-09, 4.30072581992e-08, 1.22121228685e-08, 9.06524455502e-09, 1.71067888743e-08, 1.33607784392e-07, 2.27478821557e-07, 3.3711739178e-08, 4.48459447355e-09, 4.5170693852e-09, 2.90109547496e-10, 3.2015028649e-12, 1.92633864589e-12, 8.04268002023e-13, 2.85220154786e-12, 6.75353056898e-13, 2.80506087108e-13, 1.34148855219e-12, 3.391118766e-12, 7.40458584204e-13, 1.0105479821e-12, 1.87592549459e-13, 1.76342257853e-13, 1.13014564612e-13, 5.92752368998e-14, 1.95305536609e-14, 3.83767968576e-13, 8.43995609078e-13, 3.62175787543e-15, 2.44045587775e-13], "median": [0.00182237033732, 0.00397382397205, 0.00218396144919, 0.000916115532164, 0.000470582541311, 0.000244133145316, 0.000105370905658, 7.26918442524e-05, 3.93456321035e-05, 1.03254405985e-05, 4.09500444221e-06, 4.66688516099e-06, 3.66983704225e-06, 4.47452384833e-06, 3.25779478771e-06, 3.6753774566e-06, 4.28000794273e-06, 2.30449700211e-06, 1.30399746467e-06, 1.08243659724e-06, 7.17679824902e-07, 1.90947346823e-07, 1.46620664054e-07, 1.62876361287e-07, 1.60532536597e-07, 1.28794283683e-07, 9.19981246739e-08, 5.73534215675e-08, 5.40520339598e-08, 4.47537615855e-08, 3.78138551582e-08, 3.17141619632e-08, 2.30058265771e-08, 1.39842022406e-08, 8.15414757938e-09, 6.0333555929e-09, 5.33299093775e-09, 4.77938000287e-09, 4.82672213309e-09, 4.13259293452e-09]}, "silence_rate_60dB": {"dmean": 0.00766283506528, "dmean2": 0.0153283402324, "max": 1, "dvar": 0.0076036802493, "mean": 0.0395263805985, "dvar2": 0.0185785889626, "min": 0, "var": 0.0379654206336, "median": 0}, "spectral_energyband_middle_high": {"dmean": 0.00108800665475, "dmean2": 0.00143511721399, "max": 0.107500076294, "dvar": 8.2754122559e-06, "mean": 0.00311208819039, "dvar2": 1.47244500113e-05, "min": 1.07187966128e-21, "var": 4.3820557039e-05, "median": 0.000653157185297}, "erbbands_skewness": {"dmean": 0.473694175482, "dmean2": 0.67223316431, "max": 7.47948980331, "dvar": 0.242683291435, "mean": 0.50764477253, "dvar2": 0.484474539757, "min": -5.42589998245, "var": 2.08618998528, "median": 0.625319778919}, "dynamic_complexity": 2.542937994, "dissonance": {"dmean": 0.0371764861047, "dmean2": 0.062740072608, "max": 0.499999970198, "dvar": 0.00125835381914, "mean": 0.393893003464, "dvar2": 0.00351929315366, "min": 0.147572264075, "var": 0.00381560088135, "median": 0.403216212988}, "spectral_skewness": {"dmean": 0.5670748353, "dmean2": 0.93548232317, "max": 9.0620508194, "dvar": 0.251101762056, "mean": 3.49262309074, "dvar2": 0.683526754379, "min": -0.0812215059996, "var": 1.31925308704, "median": 3.44643902779}, "spectral_kurtosis": {"dmean": 7.81360673904, "dmean2": 13.1757183075, "max": 120.29499054, "dvar": 59.1019477844, "mean": 22.4316825867, "dvar2": 168.209030151, "min": -1.29389464855, "var": 209.047561646, "median": 19.7002601624}, "gfcc": {"cov": [[23428.9042969, 4228.82177734, -1582.19396973, 365.561645508, -692.209960938, -59.8635368347, -711.793212891, -446.055999756, -331.295074463, 49.4752578735, -175.542602539, -382.34185791, -119.210083008], [4228.82177734, 1497.09216309, -183.88269043, -219.869644165, 90.9106445313, -126.900886536, -59.160243988, -135.846832275, 45.9349212646, -48.1418113708, 0.359022259712, -130.778564453, -23.4272975922], [-1582.19396973, -183.88269043, 1171.60705566, 488.394714355, -265.968170166, -124.797325134, 171.761367798, 135.24508667, 17.704580307, -75.1162796021, 25.1006450653, -7.37775659561, -57.6488647461], [365.561645508, -219.869644165, 488.394714355, 600.29095459, -96.5599441528, 25.8472061157, 9.95573043823, -7.50770759583, -59.9174194336, 38.3328590393, 17.0427284241, -1.68873238564, -49.744644165], [-692.209960938, 90.9106445313, -265.968170166, -96.5599441528, 641.85925293, 236.844741821, -22.6556053162, -188.956085205, 41.3773422241, 67.7732162476, 44.6460113525, -39.7716445923, -18.3766345978], [-59.8635368347, -126.900886536, -124.797325134, 25.8472061157, 236.844741821, 296.940734863, 6.33689212799, -87.278717041, -42.3028450012, 49.2788009644, 7.26279211044, -3.65047764778, -7.72101831436], [-711.793212891, -59.160243988, 171.761367798, 9.95573043823, -22.6556053162, 6.33689212799, 184.294128418, 101.033119202, 11.5202226639, -50.4483757019, -0.900480747223, 2.484156847, 14.7991867065], [-446.055999756, -135.846832275, 135.24508667, -7.50770759583, -188.956085205, -87.278717041, 101.033119202, 253.787902832, 68.4667053223, -63.0881614685, -45.4698982239, 13.9533643723, 21.1273612976], [-331.295074463, 45.9349212646, 17.704580307, -59.9174194336, 41.3773422241, -42.3028450012, 11.5202226639, 68.4667053223, 128.610366821, 25.4727420807, -13.4915113449, -27.1138248444, 0.0187199991196], [49.4752578735, -48.1418113708, -75.1162796021, 38.3328590393, 67.7732162476, 49.2788009644, -50.4483757019, -63.0881614685, 25.4727420807, 129.447357178, 61.3186950684, 6.3715877533, -24.1498832703], [-175.542602539, 0.359022259712, 25.1006450653, 17.0427284241, 44.6460113525, 7.26279211044, -0.900480747223, -45.4698982239, -13.4915113449, 61.3186950684, 118.433563232, 49.6355361938, -10.1240119934], [-382.34185791, -130.778564453, -7.37775659561, -1.68873238564, -39.7716445923, -3.65047764778, 2.484156847, 13.9533643723, -27.1138248444, 6.3715877533, 49.6355361938, 107.507888794, 51.1718406677], [-119.210083008, -23.4272975922, -57.6488647461, -49.744644165, -18.3766345978, -7.72101831436, 14.7991867065, 21.1273612976, 0.0187199991196, -24.1498832703, -10.1240119934, 51.1718406677, 97.8935699463]], "mean": [-111.149848938, 170.181274414, -79.3122329712, 19.4126186371, -34.8568191528, 8.01235389709, -32.6330375671, -11.5493345261, -15.7196559906, 5.14292907715, -9.45555877686, -13.2774438858, -7.93811845779], "icov": [[0.000764668453485, -0.00255734147504, 0.00183441617992, -0.0024575854186, 0.0019524168456, -0.0017341558123, 0.00139600178227, -0.00104798946995, 0.000836081337184, 0.000111381523311, -0.000191493323655, 0.00075063703116, 1.06226234493e-05], [-0.00255734147504, 0.00958951935172, -0.00589012028649, 0.00825385097414, -0.00626737158746, 0.00608621956781, -0.00461902795359, 0.00451810704544, -0.00378542230465, 0.0011300019687, -0.000846024428029, -0.000679466989823, -0.000519877881743], [0.00183441617992, -0.00589012028649, 0.00689989048988, -0.00801573693752, 0.00584580982104, -0.004257008899, 0.00159584288485, -0.000908311689273, -0.00147141923662, 0.00395534280688, -0.00274772266857, 0.00187791907229, 0.00124101247638], [-0.0024575854186, 0.00825385097414, -0.00801573693752, 0.0117467157543, -0.00694520119578, 0.00567995011806, -0.00340109597892, 0.00199171365239, 0.00136740889866, -0.00449538324028, 0.00270935357548, -0.00214260467328, -0.00024929290521], [0.0019524168456, -0.00626737158746, 0.00584580982104, -0.00694520119578, 0.00956430844963, -0.00762048689649, 0.00237018754706, 0.00172744109295, -0.0042184907943, 0.00460826884955, -0.00374407041818, 0.00272841309197, 0.000578504696023], [-0.0017341558123, 0.00608621956781, -0.004257008899, 0.00567995011806, -0.00762048689649, 0.0111275864765, -0.00470863934606, 0.00131600303575, 0.00344404275529, -0.00522440345958, 0.00413175299764, -0.00212740828283, -0.000151102183736], [0.00139600178227, -0.00461902795359, 0.00159584288485, -0.00340109597892, 0.00237018754706, -0.00470863934606, 0.0129417534918, -0.00732977548614, 0.0041117076762, 0.0019726427272, -0.00397601956502, 0.00496151158586, -0.00301378825679], [-0.00104798946995, 0.00451810704544, -0.000908311689273, 0.00199171365239, 0.00172744109295, 0.00131600303575, -0.00732977548614, 0.0151473395526, -0.0131729058921, 0.00730882911012, 0.000220900357817, -0.00454225856811, 0.00275210104883], [0.000836081337184, -0.00378542230465, -0.00147141923662, 0.00136740889866, -0.0042184907943, 0.00344404275529, 0.0041117076762, -0.0131729058921, 0.0262365844101, -0.0162768457085, 0.00666274037212, 0.00501861935481, -0.00431307172403], [0.000111381523311, 0.0011300019687, 0.00395534280688, -0.00449538324028, 0.00460826884955, -0.00522440345958, 0.0019726427272, 0.00730882911012, -0.0162768457085, 0.0262642093003, -0.0148557247594, 0.00240965257399, 0.00271482462995], [-0.000191493323655, -0.000846024428029, -0.00274772266857, 0.00270935357548, -0.00374407041818, 0.00413175299764, -0.00397601956502, 0.000220900357817, 0.00666274037212, -0.0148557247594, 0.0247613303363, -0.0148360524327, 0.0061493399553], [0.00075063703116, -0.000679466989823, 0.00187791907229, -0.00214260467328, 0.00272841309197, -0.00212740828283, 0.00496151158586, -0.00454225856811, 0.00501861935481, 0.00240965257399, -0.0148360524327, 0.0272007621825, -0.0138162234798], [1.06226234493e-05, -0.000519877881743, 0.00124101247638, -0.00024929290521, 0.000578504696023, -0.000151102183736, -0.00301378825679, 0.00275210104883, -0.00431307172403, 0.00271482462995, 0.0061493399553, -0.0138162234798, 0.0191948376596]]}, "spectral_complexity": {"dmean": 1.01288747787, "dmean2": 1.71433544159, "max": 21, "dvar": 1.00469958782, "mean": 8.06964969635, "dvar2": 2.37517046928, "min": 0, "var": 8.8042383194, "median": 8}, "spectral_flux": {"dmean": 0.0271354708821, "dmean2": 0.0443285293877, "max": 0.357132166624, "dvar": 0.0015529631637, "mean": 0.0625445097685, "dvar2": 0.00394800957292, "min": 6.36992680825e-11, "var": 0.00204256968573, "median": 0.051881428808}, "spectral_energyband_low": {"dmean": 0.00787098426372, "dmean2": 0.0117083368823, "max": 0.143293008208, "dvar": 0.000198958747205, "mean": 0.0279237404466, "dvar2": 0.000393709720811, "min": 1.15873293456e-23, "var": 0.000622197578195, "median": 0.0229563694447}, "spectral_decrease": {"dmean": 2.86237633595e-09, "dmean2": 4.32087166047e-09, "max": 2.28407876574e-28, "dvar": 1.88720661184e-17, "mean": -1.25854606736e-08, "dvar2": 3.85585411807e-17, "min": -4.29138786728e-08, "var": 6.81097803224e-17, "median": -1.19849765667e-08}, "barkbands_spread": {"dmean": 2.01566362381, "dmean2": 3.01484966278, "max": 134.548629761, "dvar": 18.7364234924, "mean": 7.88634204865, "dvar2": 45.2261657715, "min": 0.444653123617, "var": 87.2971572876, "median": 4.81305265427}, "spectral_rms": {"dmean": 0.000778648362029, "dmean2": 0.00114899233449, "max": 0.0126535966992, "dvar": 1.19376272778e-06, "mean": 0.00640811026096, "dvar2": 2.22044263865e-06, "min": 3.11755113912e-12, "var": 6.46886292088e-06, "median": 0.00673014856875}, "spectral_centroid": {"dmean": 81.6560668945, "dmean2": 117.072746277, "max": 11907.1513672, "dvar": 31174.4707031, "mean": 648.700012207, "dvar2": 47865.09375, "min": 136.861419678, "var": 1784306.125, "median": 381.067199707}, "barkbands_skewness": {"dmean": 0.568473577499, "dmean2": 0.832590460777, "max": 16.3272705078, "dvar": 0.47583130002, "mean": 1.72669696808, "dvar2": 1.05486989021, "min": -3.4038028717, "var": 2.74021887779, "median": 1.65614044666}, "spectral_rolloff": {"dmean": 133.622024536, "dmean2": 228.321212769, "max": 19552.1484375, "dvar": 220732.203125, "mean": 869.838562012, "dvar2": 421804.40625, "min": 21.533203125, "var": 5782015.5, "median": 387.59765625}, "erbbands_spread": {"dmean": 4.29069328308, "dmean2": 6.41896677017, "max": 138.188186646, "dvar": 33.189491272, "mean": 19.4437046051, "dvar2": 69.7425613403, "min": 0.777810275555, "var": 179.969985962, "median": 15.6937131882}, "barkbands": {"dmean": [2.41040343099e-05, 0.00335182575509, 0.00396100990474, 0.00339857698418, 0.00208096578717, 0.00109721138142, 0.000676274241414, 0.000798316847067, 0.000313157361234, 0.000116099778097, 0.00010242137796, 0.000105331819213, 0.000361447338946, 0.000584051012993, 0.000101698460639, 7.99334738986e-05, 7.24564506527e-06, 5.55403858016e-06, 6.45483441986e-06, 3.91710682379e-06, 5.63249932384e-06, 3.51507878804e-06, 1.73546823135e-06, 2.72456304629e-06, 2.05177411772e-06, 7.19419517736e-07, 2.36146995292e-08], "dmean2": [3.66501190001e-05, 0.00511272531003, 0.00592995854095, 0.00528134824708, 0.00340593000874, 0.00176030769944, 0.00100439717062, 0.00116927106865, 0.00041349377716, 0.000144437362906, 0.00013347058848, 0.00012877980771, 0.000487267534481, 0.000767693389207, 0.000137241222546, 0.00010710334027, 1.07651858343e-05, 8.59441661305e-06, 9.89019372355e-06, 6.16171519141e-06, 9.02111787582e-06, 5.53381778445e-06, 2.86911176772e-06, 4.88837804369e-06, 3.4899212551e-06, 1.2449844462e-06, 4.39061622615e-08], "max": [0.00147759506945, 0.0926114544272, 0.106545582414, 0.0952928587794, 0.0667594671249, 0.0509305745363, 0.0598513036966, 0.0572430081666, 0.0377750694752, 0.0195727869868, 0.0374295935035, 0.0223561841995, 0.0521613955498, 0.105548165739, 0.01616435498, 0.0156966131181, 0.000946296611801, 0.000419692805735, 0.00097069243202, 0.000959207885899, 0.00277790427208, 0.00120124220848, 0.000761302129831, 0.00291454908438, 0.00250616855919, 0.000903501117136, 3.8344762288e-05], "dvar": [2.96855517945e-09, 3.49345245922e-05, 7.38711314625e-05, 5.55096266908e-05, 1.18868392747e-05, 3.67640814147e-06, 3.57544558938e-06, 6.72150918035e-06, 1.20216202504e-06, 1.60883686817e-07, 2.98367467622e-07, 2.22987097231e-07, 1.89011268503e-06, 5.91824118601e-06, 1.47141534512e-07, 1.66374746868e-07, 4.36557484607e-10, 2.08193226547e-10, 3.92483684442e-10, 2.4342103333e-10, 2.4201887161e-09, 5.92837945401e-10, 2.70617028786e-10, 3.99041466537e-09, 2.0070103357e-09, 2.99024249806e-10, 5.26182938367e-13], "mean": [5.54840844416e-05, 0.0117878634483, 0.0112285707146, 0.00843444094062, 0.00549469422549, 0.00307364342734, 0.00228999718092, 0.00228448957205, 0.000900918617845, 0.000323951680912, 0.000235452011111, 0.000225998723181, 0.000775005784817, 0.00118704675697, 0.000212216633372, 0.00015200478083, 1.31521037474e-05, 9.32867988013e-06, 1.10065520857e-05, 6.01579904469e-06, 8.07519882073e-06, 4.79998652736e-06, 2.04482421395e-06, 2.42286887442e-06, 1.99381315724e-06, 6.55304802422e-07, 2.07039452249e-08], "dvar2": [5.40384714753e-09, 7.44086355553e-05, 0.00015216198517, 0.000120672026242, 3.10545547109e-05, 1.04100063254e-05, 8.16542524262e-06, 1.57284448505e-05, 2.1515154458e-06, 2.33138763406e-07, 6.02058264576e-07, 2.73890009339e-07, 3.29403133037e-06, 9.92319201032e-06, 2.69317865786e-07, 2.81432136262e-07, 8.4720241933e-10, 4.57497373318e-10, 8.67688532136e-10, 4.08948319652e-10, 6.02809491212e-09, 1.60572866115e-09, 7.87173548566e-10, 1.17329781446e-08, 5.73591529829e-09, 8.34042779285e-10, 1.54291423388e-12], "min": [3.72768627976e-25, 3.24229681212e-24, 6.79053291455e-25, 2.76241773512e-24, 9.2990489634e-24, 1.10821578103e-23, 1.15404733744e-23, 5.80510788909e-24, 1.7295242077e-23, 2.10969347509e-23, 8.79973945344e-24, 1.553284004e-23, 2.22812468948e-23, 3.09811836108e-23, 4.6707592762e-23, 4.63502419274e-23, 8.64238205546e-23, 9.08492923675e-23, 9.12593927532e-23, 2.00314376812e-22, 2.54332188966e-22, 3.26489636754e-22, 3.71446630416e-22, 6.16613871251e-22, 8.62395666285e-22, 1.29582295918e-21, 1.93915147246e-21], "var": [2.26636078793e-08, 0.000141514654388, 0.00023450225126, 0.000175771972863, 3.2034535252e-05, 2.05142277991e-05, 2.80324693449e-05, 4.21758231823e-05, 7.52355163058e-06, 1.15993611871e-06, 1.2766869304e-06, 9.94540528154e-07, 8.1017951743e-06, 2.25739877351e-05, 5.94223138251e-07, 5.39741222383e-07, 1.3705991897e-09, 3.91226828711e-10, 6.97615687439e-10, 5.23128373953e-10, 2.89156187883e-09, 4.4484790851e-10, 1.84356654942e-10, 2.15797935077e-09, 1.20817933436e-09, 1.88021515024e-10, 2.81533097616e-13], "median": [7.54061738917e-06, 0.00902988668531, 0.00484136911109, 0.00276283267885, 0.00394590850919, 0.00137059623376, 0.000377486721845, 0.000233379658312, 5.72444732825e-05, 2.62327066594e-05, 2.00469694391e-05, 3.26661393046e-05, 2.99903749692e-05, 3.13595046464e-05, 1.61348471011e-05, 1.40632419061e-05, 3.7754218738e-06, 3.29075305672e-06, 3.93862910641e-06, 2.12649615605e-06, 2.04009120353e-06, 1.48728622662e-06, 5.45281068298e-07, 4.2900805397e-07, 4.38720263674e-07, 1.58731836564e-07, 8.78061889864e-09]}, "melbands_kurtosis": {"dmean": 7.54785108566, "dmean2": 11.5907211304, "max": 606.250732422, "dvar": 304.437896729, "mean": 16.6385765076, "dvar2": 696.67791748, "min": -1.88911235332, "var": 899.231567383, "median": 8.22483634949}, "erbbands_crest": {"dmean": 2.7375638485, "dmean2": 4.12100076675, "max": 33.3406410217, "dvar": 7.07755470276, "mean": 14.7120923996, "dvar2": 15.5698442459, "min": 2.66423606873, "var": 36.5571365356, "median": 13.6658535004}, "melbands_skewness": {"dmean": 0.639257073402, "dmean2": 0.942530870438, "max": 19.9372253418, "dvar": 0.575812399387, "mean": 2.43927669525, "dvar2": 1.23023974895, "min": -2.79609060287, "var": 3.62667155266, "median": 2.26297712326}, "spectral_energyband_middle_low": {"dmean": 0.00598587049171, "dmean2": 0.00948189478368, "max": 0.124088034034, "dvar": 7.930083666e-05, "mean": 0.0225648209453, "dvar2": 0.000182689298526, "min": 1.71365327292e-22, "var": 0.000345964566804, "median": 0.0180809684098}, "spectral_contrast_coeffs": {"dmean": [0.0415579006076, 0.0401153415442, 0.0329135842621, 0.0293397922069, 0.016533439979, 0.0116861527786], "dmean2": [0.0679507479072, 0.0651700571179, 0.0510854162276, 0.0450031794608, 0.0265148747712, 0.0190734826028], "max": [-0.243129193783, -0.335006773472, -0.406411081553, -0.422948896885, -0.571566462517, -0.653378725052], "dvar": [0.00131299300119, 0.00120031135157, 0.000832878053188, 0.000639178790152, 0.000189609170775, 0.000102151578176], "mean": [-0.595213055611, -0.615398108959, -0.696342647076, -0.704775214195, -0.827011048794, -0.801384210587], "dvar2": [0.00328730931506, 0.00308842677623, 0.00187209004071, 0.00138118863106, 0.000458822614746, 0.000250241631875], "min": [-0.980061411858, -0.984346628189, -0.982603490353, -0.979670763016, -0.983656048775, -0.964851975441], "var": [0.00968703255057, 0.0102163217962, 0.0095854299143, 0.00993589777499, 0.00172551220749, 0.0012002751464], "median": [-0.591295659542, -0.61296916008, -0.702184736729, -0.7191375494, -0.831007361412, -0.802134513855]}, "spectral_contrast_valleys": {"dmean": [0.38156747818, 0.327986478806, 0.300675153732, 0.264528989792, 0.208110883832, 0.194502368569], "dmean2": [0.608407735825, 0.533660829067, 0.492476254702, 0.42626324296, 0.312892854214, 0.268516004086], "max": [-5.20727157593, -5.20590162277, -7.08126306534, -7.08869552612, -6.60772943497, -8.67216014862], "dvar": [0.154721066356, 0.10270217061, 0.0913717672229, 0.0790887400508, 0.0810024887323, 0.0993615239859], "mean": [-7.24470090866, -7.8464140892, -9.22000789642, -9.5460357666, -9.57287406921, -12.1265659332], "dvar2": [0.317421674728, 0.222767278552, 0.192795425653, 0.157151848078, 0.133326679468, 0.15783315897], "min": [-28.2740726471, -28.0039024353, -27.9500312805, -27.8172073364, -27.743642807, -27.4782581329], "var": [7.631316185, 7.16084051132, 5.69418382645, 5.53577423096, 5.34408283234, 4.04007816315], "median": [-6.65590429306, -7.40544605255, -8.89983177185, -9.28337287903, -9.27826595306, -11.9123096466]}, "silence_rate_20dB": {"dmean": 0, "dmean2": 0, "max": 1, "dvar": 0, "mean": 1, "dvar2": 0, "min": 1, "var": 0, "median": 1}, "silence_rate_30dB": {"dmean": 0.0470219440758, "dmean2": 0.0940602645278, "max": 1, "dvar": 0.0448109693825, "mean": 0.957861721516, "dvar2": 0.110646799207, "min": 0, "var": 0.0403606891632, "median": 1}, "spectral_strongpeak": {"dmean": 0.478262037039, "dmean2": 0.798479557037, "max": 18.989900589, "dvar": 1.02184939384, "mean": 1.27985525131, "dvar2": 2.16029596329, "min": 0, "var": 2.56791782379, "median": 0.796880125999}, "spectral_spread": {"dmean": 402097.71875, "dmean2": 625876.125, "max": 45381464, "dvar": 586646880256, "mean": 3093773, "dvar2": 1111547183100.0, "min": 832244.5625, "var": 22952542208000.0, "median": 2228190}, "barkbands_flatness_db": {"dmean": 0.0194800812751, "dmean2": 0.0288016628474, "max": 0.475783288479, "dvar": 0.000610146031249, "mean": 0.306424170732, "dvar2": 0.00121311959811, "min": 0.0421107895672, "var": 0.00357411033474, "median": 0.311194419861}, "pitch_salience": {"dmean": 0.0558234006166, "dmean2": 0.0897213295102, "max": 0.9885866642, "dvar": 0.00289924466051, "mean": 0.467141032219, "dvar2": 0.00716301333159, "min": 0.0867570266128, "var": 0.0139004494995, "median": 0.465695858002}, "erbbands_kurtosis": {"dmean": 2.26274752617, "dmean2": 3.43434119225, "max": 92.8010025024, "dvar": 12.9992351532, "mean": 4.04034662247, "dvar2": 29.1053771973, "min": -1.87119114399, "var": 48.6568489075, "median": 2.11010575294}, "average_loudness": 0.925914645195, "barkbands_crest": {"dmean": 1.90088999271, "dmean2": 3.01992487907, "max": 25.9311599731, "dvar": 3.88968324661, "mean": 12.2050514221, "dvar2": 9.36515331268, "min": 3.71908140182, "var": 16.0414142609, "median": 11.4076404572}, "hfc": {"dmean": 3.19711351395, "dmean2": 4.6216750145, "max": 176.529388428, "dvar": 25.2552871704, "mean": 13.4604454041, "dvar2": 50.6205635071, "min": 1.06755651923e-16, "var": 127.084236145, "median": 11.4148683548}, "barkbands_kurtosis": {"dmean": 4.89649343491, "dmean2": 7.57934904099, "max": 422.803955078, "dvar": 150.062210083, "mean": 9.63426017761, "dvar2": 369.29385376, "min": -1.91112661362, "var": 305.452545166, "median": 4.78811836243}, "erbbands": {"dmean": [0.0585129074752, 0.908743262291, 3.9336130619, 8.62982559204, 8.58275508881, 7.40729904175, 6.01859807968, 10.4271450043, 9.56014156342, 13.8945446014, 14.0467948914, 8.14535331726, 3.09553647041, 4.90172863007, 3.19627213478, 5.32368421555, 16.25715065, 29.3187198639, 11.6321430206, 4.97304153442, 2.6481347084, 0.347721874714, 0.280594676733, 0.357091546059, 0.275736540556, 0.194846302271, 0.224081546068, 0.204114705324, 0.138713538647, 0.0839164480567, 0.0468838773668, 0.0457823686302, 0.0464086569846, 0.0236806888133, 0.0129294879735, 0.00675220601261, 0.000651523645502, 7.01463941368e-05, 7.99002373242e-06, 1.22254914459e-05], "dmean2": [0.086016535759, 1.39303791523, 5.86925506592, 13.1927061081, 13.8207359314, 12.1261482239, 9.33813476563, 16.8526706696, 14.7905473709, 20.5253791809, 20.0298519135, 10.6772232056, 3.88474750519, 6.12114143372, 4.15324687958, 6.43405914307, 21.5640506744, 38.9584121704, 15.4322080612, 6.42722797394, 3.69812965393, 0.51558560133, 0.424028515816, 0.531451046467, 0.439195364714, 0.301225692034, 0.355976760387, 0.330902308226, 0.217374414206, 0.137211829424, 0.0780838727951, 0.0796100497246, 0.0837038084865, 0.0397379361093, 0.0220151878893, 0.0120272506028, 0.00113279500511, 0.000124544094433, 1.30018052005e-05, 1.84384080057e-05], "max": [2.85839915276, 20.0118350983, 103.529022217, 251.546279907, 305.298370361, 219.782180786, 251.114456177, 504.889251709, 943.786682129, 1484.75231934, 1360.4197998, 959.736206055, 278.602386475, 1042.81860352, 481.09085083, 1160.7800293, 1823.55529785, 4009.46337891, 1762.66699219, 852.917053223, 639.74621582, 25.7302398682, 30.4013633728, 70.2676925659, 23.5268287659, 61.8628234863, 132.564102173, 66.3299179077, 34.1450958252, 43.5128631592, 19.4188137054, 39.4461975098, 49.0314941406, 28.9690303802, 13.784573555, 9.87610721588, 0.551740825176, 0.0848770961165, 0.00532116321847, 0.000223910392378], "dvar": [0.0140435323119, 2.52757143974, 66.6578521729, 347.02456665, 303.255126953, 135.800292969, 89.070526123, 376.428588867, 677.798278809, 2189.65771484, 2044.2689209, 823.777770996, 54.9146080017, 432.510375977, 105.893676758, 564.101745605, 3060.58837891, 12334.9853516, 1567.26135254, 342.411132813, 176.659881592, 0.844463467598, 0.54541516304, 1.53306925297, 0.627075970173, 0.804482579231, 4.12720394135, 2.85602664948, 0.779224395752, 0.665673553944, 0.220521613955, 0.712179601192, 1.18766093254, 0.252823114395, 0.0625206977129, 0.034631870687, 0.000163473217981, 2.71561839327e-06, 1.09287192629e-08, 3.38024108704e-10], "mean": [0.178512752056, 3.25732660294, 12.6478471756, 22.3173656464, 20.8064250946, 18.5482292175, 20.8532371521, 26.3126220703, 31.7973537445, 44.4041481018, 42.3712539673, 23.7828178406, 8.99963951111, 13.4535655975, 7.67280054092, 11.7274265289, 35.3819961548, 61.6028060913, 24.5501594543, 10.9129734039, 5.08677005768, 0.732426524162, 0.516014397144, 0.635035216808, 0.460825949907, 0.311217993498, 0.365090429783, 0.25298756361, 0.191787555814, 0.101255334914, 0.0554304383695, 0.0458470880985, 0.0402284450829, 0.0238769780844, 0.0127809019759, 0.00549804605544, 0.000684778788127, 8.12867074274e-05, 2.54656788456e-05, 5.38988606422e-05], "dvar2": [0.0225775353611, 5.51588916779, 133.501998901, 759.476074219, 709.372558594, 368.668060303, 205.263717651, 1057.84411621, 1808.67431641, 5262.63525391, 4600.05371094, 1470.47009277, 86.6188354492, 771.311645508, 182.884780884, 667.710388184, 5180.38769531, 20708.9648438, 2756.0859375, 524.312255859, 327.950012207, 1.67680728436, 1.1092543602, 3.15378928185, 1.50525760651, 1.20075821877, 8.8859128952, 7.76208496094, 1.96690011024, 1.90445494652, 0.646924257278, 2.09063768387, 3.48845791817, 0.702043890953, 0.179124057293, 0.0992245823145, 0.000469950580737, 7.90734156908e-06, 3.18074278027e-08, 7.02059022029e-10], "min": [4.3407030289e-23, 5.98649047193e-22, 1.34414880543e-21, 6.75485704851e-21, 1.00510425426e-20, 2.77461548298e-20, 6.56139889028e-20, 8.74452627467e-20, 1.34677876722e-19, 2.48439121638e-19, 2.61926327375e-19, 3.3382049767e-19, 5.79228054061e-19, 7.66842232963e-19, 4.84126478651e-19, 7.86121589994e-19, 1.30286261113e-18, 1.73736321611e-18, 2.53271164394e-18, 3.72883300767e-18, 2.76462434318e-18, 5.12727365024e-18, 5.54525214966e-18, 6.43186858436e-18, 5.56679069204e-18, 8.79774162106e-18, 9.6678231289e-18, 1.00369226988e-17, 1.11998815645e-17, 1.11183066669e-17, 1.13316952767e-17, 1.23700600627e-17, 1.09246785747e-17, 7.74644303898e-18, 5.7885139737e-18, 3.6619401523e-18, 2.26559434463e-18, 9.73772009746e-19, 2.20952814611e-19, 2.54450029891e-20], "var": [0.0804105997086, 9.75590133667, 231.241424561, 966.92010498, 786.298278809, 381.341674805, 728.444763184, 1892.07104492, 4443.23583984, 15934.6669922, 14109.0136719, 4618.14746094, 368.3125, 2530.95947266, 475.074432373, 2492.85205078, 12863.2421875, 47188.2539063, 5956.29345703, 1363.5526123, 530.592224121, 2.71416807175, 1.10778594017, 3.05736470222, 1.01661860943, 1.99868655205, 7.33057975769, 2.11216759682, 0.697637617588, 0.423529624939, 0.15606996417, 0.393210142851, 0.643737077713, 0.162943318486, 0.0383733585477, 0.0202863160521, 9.37856602832e-05, 1.48962772073e-06, 6.14852702085e-09, 1.2105152436e-09], "median": [0.093388274312, 2.58454942703, 6.88955688477, 10.2099199295, 11.0938987732, 13.0613737106, 11.4930992126, 11.2222232819, 7.26736116409, 7.15866613388, 6.35691595078, 2.82716703415, 1.50858771801, 1.76073932648, 1.83422935009, 2.50241589546, 2.55075502396, 2.97322773933, 1.8396064043, 1.14765107632, 0.802903115749, 0.244582161307, 0.193391278386, 0.214786723256, 0.17564830184, 0.104622259736, 0.0888161808252, 0.0738590806723, 0.0545694157481, 0.0320262759924, 0.0141804106534, 0.00925969704986, 0.00707812281325, 0.00515202153474, 0.00292404275388, 0.000994642381556, 0.000250055571087, 4.00155950047e-05, 2.26864831347e-05, 5.1252234698e-05]}, "spectral_energy": {"dmean": 0.0110376756638, "dmean2": 0.0166439563036, "max": 0.164116337895, "dvar": 0.000276023929473, "mean": 0.0487211570144, "dvar2": 0.000565077585634, "min": 9.96210285526e-21, "var": 0.00100498308893, "median": 0.0464272759855}, "zerocrossingrate": {"dmean": 0.00407861964777, "dmean2": 0.00486818375066, "max": 0.5205078125, "dvar": 8.73573153513e-05, "mean": 0.02914834208