{"tonal": {"hpcp": {"dvar": [0.0462232902646, 0.0377386063337, 0.0314610153437, 0.0345900133252, 0.0358157753944, 0.0405115112662, 0.0498278141022, 0.0554857179523, 0.055093690753, 0.0615614205599, 0.0501074902713, 0.0401335507631, 0.0313141047955, 0.033340152353, 0.0263877753168, 0.019730957225, 0.0140707287937, 0.0148497456685, 0.0157689023763, 0.0250973589718, 0.0307682622224, 0.032270912081, 0.0313137508929, 0.0425691455603, 0.0823307931423, 0.0535571612418, 0.0616223700345, 0.0621058493853, 0.0563725307584, 0.0578483603895, 0.0551372282207, 0.048121586442, 0.0502040758729, 0.0528579242527, 0.0509025454521, 0.0506301820278], "var": [0.0472886636853, 0.0350781008601, 0.025448217988, 0.0256623253226, 0.0276586785913, 0.0349509641528, 0.0909515321255, 0.116938851774, 0.0652614235878, 0.0638166889548, 0.0585432127118, 0.0402431115508, 0.0335515104234, 0.0358648970723, 0.0274043120444, 0.0234656278044, 0.0134880822152, 0.0126405563205, 0.0160063058138, 0.0252071805298, 0.0344075411558, 0.0330361016095, 0.0326778106391, 0.0545781478286, 0.123253829777, 0.0917405858636, 0.079957254231, 0.0743464455009, 0.0681368336082, 0.0573356896639, 0.0507124811411, 0.044242888689, 0.0500307902694, 0.0629396960139, 0.0839445143938, 0.0733002647758], "median": [0.0611992180347, 0.0421750247478, 0.0314861759543, 0.0239077433944, 0.0252742748708, 0.0508646480739, 0.111180461943, 0.143000513315, 0.12736082077, 0.078893661499, 0.0663862079382, 0.0509701371193, 0.0491298809648, 0.0491845160723, 0.0465504899621, 0.037297591567, 0.0250231251121, 0.0147162619978, 0.0192782822996, 0.0347014814615, 0.048671759665, 0.0511994212866, 0.0481002554297, 0.0960771813989, 0.152563259006, 0.191724523902, 0.109961494803, 0.0698634535074, 0.0466506406665, 0.0374123379588, 0.0397444143891, 0.0453461892903, 0.0636246576905, 0.0973991155624, 0.098421856761, 0.0830490961671], "max": [1, 1, 1, 1, 1, 1, 1, 1, 1, 1, 1, 1, 1, 1, 1, 1, 1, 1, 1, 1, 1, 1, 1, 1, 1, 1, 1, 1, 1, 1, 1, 1, 1, 1, 1, 1], "dmean": [0.158299595118, 0.125979200006, 0.10566431284, 0.0997591018677, 0.105531319976, 0.134805977345, 0.185465320945, 0.197935983539, 0.206286102533, 0.212108388543, 0.17209635675, 0.140932157636, 0.125892475247, 0.12330186367, 0.106212407351, 0.0830093473196, 0.0625193715096, 0.0545883104205, 0.0647858157754, 0.0930991321802, 0.117613144219, 0.123658366501, 0.120522327721, 0.17584297061, 0.254448145628, 0.222110807896, 0.210446506739, 0.198403596878, 0.164303481579, 0.161030545831, 0.15619802475, 0.14896684885, 0.16264924407, 0.187757611275, 0.181285828352, 0.175440981984], "dmean2": [0.282440423965, 0.225186303258, 0.190933778882, 0.181356042624, 0.190572753549, 0.243215575814, 0.328806102276, 0.346798449755, 0.360557258129, 0.379256993532, 0.308463811874, 0.253227382898, 0.223527804017, 0.215989843011, 0.185570821166, 0.145756959915, 0.109720513225, 0.0965107232332, 0.113460376859, 0.162999749184, 0.205654814839, 0.218074187636, 0.21445068717, 0.311817377806, 0.457178890705, 0.386087328196, 0.371807485819, 0.351927936077, 0.292297154665, 0.28882548213, 0.281833618879, 0.268631219864, 0.28971350193, 0.330148279667, 0.318508595228, 0.306779325008], "mean": [0.150888815522, 0.11575448513, 0.0918621942401, 0.0821510776877, 0.0868374630809, 0.122078888118, 0.254513770342, 0.30757188797, 0.225197300315, 0.192070648074, 0.170152634382, 0.131998822093, 0.121922433376, 0.123074360192, 0.109892256558, 0.0904868170619, 0.0648928433657, 0.0510131083429, 0.0640187263489, 0.094814658165, 0.121689230204, 0.121633842587, 0.119991086423, 0.201333776116, 0.315550327301, 0.303147315979, 0.234738051891, 0.198539242148, 0.165758267045, 0.146497994661, 0.136178314686, 0.132959097624, 0.155038714409, 0.201825201511, 0.229348793626, 0.201520010829], "dvar2": [0.127748161554, 0.103029340506, 0.0881987884641, 0.097187936306, 0.099222227931, 0.112450033426, 0.136412665248, 0.145320415497, 0.150614261627, 0.168969273567, 0.134894892573, 0.110434375703, 0.0846993178129, 0.0890383943915, 0.0708418115973, 0.0537337996066, 0.0392473042011, 0.0402011461556, 0.0413286201656, 0.0682215318084, 0.0841225832701, 0.089421145618, 0.0847909003496, 0.114027440548, 0.219965875149, 0.141631931067, 0.167089611292, 0.167058199644, 0.152685329318, 0.15773281455, 0.14888137579, 0.130500212312, 0.135408729315, 0.144973218441, 0.136235266924, 0.136728823185], "min": [0, 0, 0, 0, 0, 0, 0, 0, 0, 0, 0, 0, 0, 0, 0, 0, 0, 0, 0, 0, 0, 0, 0, 0, 0, 0, 0, 0, 0, 0, 0, 0, 0, 0, 0, 0]}, "key_key": "F", "thpcp": [1, 0.960694015026, 0.743900537491, 0.629184067249, 0.525299012661, 0.464261889458, 0.431558161974, 0.421356230974, 0.491328001022, 0.639597475529, 0.726821601391, 0.638630330563, 0.47817671299, 0.366833657026, 0.291117399931, 0.260342240334, 0.275193691254, 0.386876136065, 0.80657106638, 0.974715769291, 0.713665246964, 0.608684659004, 0.539225041866, 0.418313056231, 0.386380314827, 0.390030831099, 0.348255872726, 0.286758750677, 0.205649748445, 0.161663934588, 0.202879607677, 0.300473958254, 0.385641276836, 0.385465741158, 0.380259752274, 0.63804012537], "chords_key": "F", "tuning_equal_tempered_deviation": 0.24519392848, "tuning_frequency": 434.193115234, "tuning_diatonic_strength": 0.352322161198, "chords_histogram": [19.9609031677, 0.651607275009, 0.456125110388, 0, 0.0217202436179, 0.065160728991, 0.62988704443, 1.75933969021, 0.238922670484, 1.49869680405, 19.9174633026, 0.521285831928, 3.06255435944, 0.108601219952, 0.62988704443, 1.08601212502, 4.82189416885, 9.81754970551, 2.58470892906, 7.49348402023, 0.0217202436179, 0.173761948943, 4.60469150543, 19.8740234375], "key_strength": 0.443760186434, "key_scale": "minor", "chords_strength": {"dvar": 0.00055710284505, "var": 0.0295538883656, "median": 0.519373357296, "max": 0.824632227421, "dmean": 0.0119966752827, "dmean2": 0.0152826011181, "mean": 0.506431400776, "dvar2": 0.00103734154254, "min": -1}, "chords_number_rate": 0.00260642915964, "tuning_nontempered_energy_ratio": 0.896094322205, "hpcp_entropy": {"dvar": 0.316529750824, "var": 0.746746838093, "median": 2.62913918495, "max": 4.59434175491, "dmean": 0.692533314228, "dmean2": 1.17127716541, "mean": 2.54825472832, "dvar2": 0.872269392014, "min": 0}, "chords_changes_rate": 0.0751520395279, "chords_scale": "minor"}, "rhythm": {"bpm_histogram_first_peak_spread": {"dvar": 0, "var": 0, "median": 0.489361703396, "max": 0.489361703396, "dmean": 0, "dmean2": 0, "mean": 0.489361703396, "dvar2": 0, "min": 0.489361703396}, "bpm_histogram_first_peak_weight": {"dvar": 0, "var": 0, "median": 0.442396312952, "max": 0.442396312952, "dmean": 0, "dmean2": 0, "mean": 0.442396312952, "dvar2": 0, "min": 0.442396312952}, "bpm_histogram_first_peak_bpm": {"dvar": 0, "var": 0, "median": 126, "max": 126, "dmean": 0, "dmean2": 0, "mean": 126, "dvar2": 0, "min": 126}, "bpm": 124.923042297, "bpm_histogram_second_peak_weight": {"dvar": 0, "var": 0, "median": 0.0299539174885, "max": 0.0299539174885, "dmean": 0, "dmean2": 0, "mean": 0.0299539174885, "dvar2": 0, "min": 0.0299539174885}, "beats_loudness": {"dvar": 0.000847959134262, "var": 0.00156694441102, "median": 0.0506161898375, "max": 0.209017053246, "dmean": 0.0272918380797, "dmean2": 0.0464038811624, "mean": 0.0525827258825, "dvar2": 0.00235067028552, "min": 2.29987762168e-09}, "beats_loudness_band_ratio": {"dvar": [0.0323407426476, 0.0114087425172, 0.00873034633696, 0.00273464480415, 0.010327453725, 0.0156340524554], "var": [0.0586594492197, 0.0136682726443, 0.0115548241884, 0.00429194327444, 0.00684399111196, 0.0255346298218], "median": [0.492617756128, 0.109396226704, 0.0602494329214, 0.0359373614192, 0.0152420587838, 0.157256454229], "max": [0.955352723598, 0.625855505466, 0.529518127441, 0.57085955143, 0.574517905712, 0.943810045719], "dmean": [0.214853569865, 0.109634183347, 0.0869859755039, 0.0439447835088, 0.0587013401091, 0.122244283557], "dmean2": [0.365961194038, 0.194558277726, 0.160263061523, 0.076878502965, 0.111094333231, 0.20900657773], "mean": [0.484023451805, 0.140177503228, 0.101593695581, 0.0548144206405, 0.0447509661317, 0.192509233952], "dvar2": [0.0927142500877, 0.0341590791941, 0.0276775751263, 0.00718202488497, 0.0286868717521, 0.0386855229735], "min": [0.00587081350386, 0.00231132120825, 0.00287042115815, 0.00160747824702, 0.000368004839402, 0.00557684898376]}, "bpm_histogram_second_peak_bpm": {"dvar": 0, "var": 0, "median": 117, "max": 117, "dmean": 0, "dmean2": 0, "mean": 117, "dvar2": 0, "min": 117}, "onset_rate": 2.90025234222, "beats_count": 435, "beats_position": [0.46439909935, 0.940408170223, 1.4164172411, 1.90403628349, 2.39165520668, 2.87927436829, 3.36689329147, 3.85451245308, 4.34213161469, 4.82975053787, 5.32897949219, 5.8282084465, 6.33904743195, 6.86149644852, 7.37233543396, 7.87156438828, 8.35918331146, 8.84680271149, 9.33442115784, 9.82204055786, 10.2980499268, 10.774058342, 11.261677742, 11.749297142, 12.2253055573, 12.7129249573, 13.1889343262, 13.6649427414, 14.1409521103, 14.6169614792, 15.0929698944, 15.5805892944, 16.0565986633, 16.5442180634, 17.0202255249, 17.4962348938, 17.9722442627, 18.4598636627, 18.9474830627, 19.4351024628, 19.9111099243, 20.3871192932, 20.8631286621, 21.339138031, 21.8151473999, 22.2911567688, 22.7671642303, 23.2547836304, 23.7424030304, 24.2300224304, 24.7060317993, 25.1820411682, 25.6580486298, 26.1456680298, 26.6332874298, 27.1209068298, 27.6085262299, 28.0961437225, 28.5837631226, 29.0829925537, 29.7215423584, 30.3484802246, 30.9754180908, 31.6255779266, 32.264125824, 32.8910636902, 33.5296134949, 34.1797714233, 34.8067131042, 35.4336509705, 36.1070289612, 36.7804069519, 37.4653968811, 38.1503829956, 38.8005447388, 39.4507026672, 40.1008605957, 40.7626304626, 41.4243965149, 41.9120178223, 42.4112472534, 42.9104766846, 43.3864860535, 43.8624954224, 44.350112915, 44.8145103455, 45.3021316528, 45.7897491455, 46.2773704529, 46.7649879456, 47.2642173767, 47.8098869324, 48.355556488, 48.901222229, 49.4120635986, 49.9229011536, 50.4337387085, 50.9561882019, 51.4670295715, 51.9778671265, 52.4770965576, 52.9647140503, 53.4523353577, 53.9399528503, 54.4275741577, 54.9035835266, 55.3795890808, 55.8672103882, 56.3548278809, 56.8424491882, 57.3300666809, 57.8176841736, 58.2820854187, 58.7464828491, 59.222492218, 59.6985015869, 60.1861228943, 60.673740387, 61.1613578796, 61.648979187, 62.1365966797, 62.6126060486, 63.100227356, 63.5762329102, 64.0406341553, 64.5282516479, 65.0158691406, 65.4802703857, 65.9562835693, 66.4322891235, 66.9199066162, 67.3959197998, 67.871925354, 68.3479385376, 68.8239440918, 69.3115615845, 69.7991790771, 70.2868041992, 70.7744216919, 71.2620391846, 71.7380523682, 72.2256698608, 72.7132873535, 73.1892929077, 73.6536941528, 74.1180953979, 74.5941009521, 75.0701141357, 75.5461196899, 76.0221328735, 76.5097503662, 76.9973678589, 77.4849853516, 77.9609985352, 78.4370040894, 78.924621582, 79.4122467041, 79.8882522583, 80.3642578125, 80.8286590576, 81.3162765503, 81.7922897339, 82.2682952881, 82.7559204102, 83.2435379028, 83.719543457, 84.1955566406, 84.6831741333, 85.170791626, 85.6584091187, 86.1228103638, 86.598815918, 87.0748291016, 87.5624465942, 88.0384597778, 88.514465332, 89.0020828247, 89.4897003174, 89.9541015625, 90.4417190552, 90.9293441772, 91.393737793, 91.8697509766, 92.3573684692, 92.8333740234, 93.3209991455, 93.7970046997, 94.2730178833, 94.760635376, 95.2482528687, 95.7358703613, 96.2118835449, 96.6878890991, 97.1755065918, 97.6631240845, 98.1507492065, 98.6383666992, 99.1027679443, 99.5671615601, 100.043174744, 100.519180298, 101.006797791, 101.482810974, 101.958816528, 102.434829712, 102.910835266, 103.398452759, 103.886077881, 104.362083435, 104.838096619, 105.314102173, 105.790107727, 106.277732849, 106.765350342, 107.241355896, 107.728981018, 108.216598511, 108.692604065, 109.168617249, 109.644622803, 110.120635986, 110.596641541, 111.072654724, 111.560272217, 112.036277771, 112.512290955, 112.988296509, 113.475914001, 113.951927185, 114.427932739, 114.915550232, 115.391563416, 115.86756897, 116.355194092, 116.842811584, 117.318817139, 117.794830322, 118.282447815, 118.770065308, 119.246078491, 119.722084045, 120.186485291, 120.674102783, 121.161720276, 121.626121521, 122.113739014, 122.601356506, 123.088973999, 123.564987183, 124.040992737, 124.51700592, 124.993011475, 125.45741272, 125.945030212, 126.432647705, 126.908660889, 127.384666443, 127.930335999, 128.487609863, 129.033279419, 129.544128418, 130.054962158, 130.565795898, 131.076644897, 131.599090576, 132.109924316, 132.632385254, 133.143218994, 133.630844116, 134.118453979, 134.594467163, 135.070480347, 135.55809021, 136.034103394, 136.521713257, 136.99772644, 137.485351562, 137.961364746, 138.437362671, 138.913375854, 139.389389038, 139.865386963, 140.353012085, 140.829025269, 141.316635132, 141.804260254, 142.280273438, 142.756271362, 143.232284546, 143.708297729, 144.195922852, 144.671920776, 145.14793396, 145.635559082, 146.111557007, 146.58757019, 147.075195312, 147.562805176, 148.038818359, 148.514831543, 149.002441406, 149.490066528, 149.97769165, 150.453689575, 150.929702759, 151.417327881, 151.881713867, 152.357727051, 152.833740234, 153.309753418, 153.785751343, 154.273376465, 154.761001587, 155.24861145, 155.724624634, 156.212234497, 156.688247681, 157.175872803, 157.651885986, 158.13949585, 158.615509033, 159.091522217, 159.567520142, 160.043533325, 160.531158447, 161.007156372, 161.483169556, 161.959182739, 162.446792603, 162.922805786, 163.39881897, 163.886444092, 164.362442017, 164.8384552, 165.326080322, 165.813690186, 166.278091431, 166.765716553, 167.253326416, 167.7293396, 168.205352783, 168.692962646, 169.16897583, 169.644989014, 170.132598877, 170.608612061, 171.084625244, 171.560638428, 172.036636353, 172.524261475, 173.011871338, 173.487884521, 173.963897705, 174.451522827, 174.927520752, 175.403533936, 175.879547119, 176.355545044, 176.843170166, 177.31918335, 177.806793213, 178.282806396, 178.75881958, 179.234832764, 179.710830688, 180.186843872, 180.674468994, 181.162078857, 181.649703979, 182.125717163, 182.601715088, 183.077728271, 183.553741455, 184.029754639, 184.517364502, 185.004989624, 185.492599487, 185.968612671, 186.444625854, 186.932235718, 187.408248901, 187.884262085, 188.360275269, 188.847885132, 189.323898315, 189.799911499, 190.287521362, 190.763534546, 191.239547729, 191.715545654, 192.191558838, 192.67918396, 193.166793823, 193.642807007, 194.11882019, 194.606430054, 195.094055176, 195.570068359, 196.046066284, 196.533691406, 196.998092651, 197.485717773, 197.973327637, 198.460952759, 198.925354004, 199.401351929, 199.877365112, 200.364990234, 200.852600098, 201.328613281, 201.804626465, 202.28062439, 202.756637573, 203.244262695, 203.731872559, 204.219497681, 204.683898926, 205.159912109, 205.635910034, 206.111923218, 206.587936401, 207.063934326, 207.53994751, 208.015960693, 208.491973877, 208.967971802, 209.443984985, 209.885162354, 210.326339722, 210.76751709, 211.208709717, 211.649887085, 212.091064453, 212.532241821, 212.973419189], "danceability": 1.05102300644, "bpm_histogram_second_peak_spread": {"dvar": 0, "var": 0, "median": 0.480000019073, "max": 0.480000019073, "dmean": 0, "dmean2": 0, "mean": 0.480000019073, "dvar2": 0, "min": 0.480000019073}}, "lowlevel": {"spectral_flux": {"dvar": 0.000699592463206, "var": 0.00333374156617, "median": 0.0966837257147, "max": 0.356587469578, "dmean": 0.0224363002926, "dmean2": 0.0360262691975, "mean": 0.0945093333721, "dvar2": 0.00182659202255, "min": 1.06151670787e-10}, "spectral_rolloff": {"dvar": 46537848, "var": 102199680, "median": 3962.109375, "max": 22006.9335938, "dmean": 3223.84277344, "dmean2": 6186.87890625, "mean": 10756.171875, "dvar2": 115089720, "min": 21.533203125}, "barkbands_flatness_db": {"dvar": 0.000540004926734, "var": 0.0028450039681, "median": 0.156066000462, "max": 0.424283146858, "dmean": 0.0264729652554, "dmean2": 0.0405183061957, "mean": 0.15725684166, "dvar2": 0.00122390757315, "min": 0.0396342948079}, "spectral_centroid": {"dvar": 97078.0078125, "var": 730461.0625, "median": 644.556335449, "max": 10816.2998047, "dmean": 203.771286011, "dmean2": 291.463989258, "mean": 997.073669434, "dvar2": 147738.53125, "min": 152.675994873}, "melbands_skewness": {"dvar": 0.718185901642, "var": 3.02039003372, "median": 2.47661066055, "max": 18.3449249268, "dmean": 0.814210474491, "dmean2": 1.28452551365, "mean": 2.70427465439, "dvar2": 1.6643050909, "min": -2.16107177734}, "melbands": {"dvar": [1.89455095096e-05, 5.67758434045e-06, 1.62221977007e-06, 6.73483782521e-07, 3.11426219923e-07, 1.8823087089e-07, 1.44314796557e-07, 8.00983244176e-08, 1.48397223398e-08, 1.02136832325e-08, 1.11999707286e-08, 5.53132606385e-09, 3.37370442693e-09, 6.52630482989e-09, 1.19124177189e-08, 3.95536581266e-09, 3.27141780332e-09, 1.76357783932e-09, 5.11228392952e-10, 1.64315760998e-09, 1.31393784741e-09, 1.21411292131e-09, 8.81792472374e-10, 9.3046159666e-10, 8.78216832589e-10, 5.99045035798e-10, 1.94993465819e-10, 7.98212884678e-11, 5.06032681036e-11, 6.5464890453e-11, 4.57940768639e-11, 7.8439156212e-12, 2.20503368169e-12, 1.04420487014e-12, 1.99291687211e-13, 4.21081796005e-14, 8.4057943711e-14, 1.02810750026e-14, 1.1458316968e-14, 2.971906575e-15], "var": [3.0026802051e-05, 1.12509742394e-05, 2.9757206903e-06, 1.14712975119e-06, 6.04045283126e-07, 3.14102976517e-07, 2.42175985932e-07, 1.31453816721e-07, 2.56189007786e-08, 1.78166121856e-08, 1.669808114e-08, 1.09101456758e-08, 7.75046338219e-09, 1.03605302115e-08, 2.29556782472e-08, 6.99922875214e-09, 5.7138258569e-09, 3.3437126401e-09, 9.92663617971e-10, 3.52650264546e-09, 2.58170773648e-09, 3.27098037545e-09, 2.29195351586e-09, 2.12750372874e-09, 1.8716721506e-09, 1.24186427808e-09, 5.38570577024e-10, 1.90805551914e-10, 1.23511215144e-10, 1.55022480963e-10, 9.61362794927e-11, 2.08042628264e-11, 5.68249180349e-12, 2.33376013827e-12, 5.15899931282e-13, 1.32859801177e-13, 1.64407943097e-13, 2.28785716636e-14, 2.12438776965e-14, 4.58654153136e-15], "median": [0.00119551946409, 0.0014996038517, 0.00101390329655, 0.000446591613581, 0.000235676925513, 0.00018842042482, 0.000116532552056, 8.97668942343e-05, 3.47362038156e-05, 3.74254559574e-05, 3.3766242268e-05, 2.79223568214e-05, 2.06193490158e-05, 1.33817447932e-05, 9.85614769888e-06, 6.25593156656e-06, 5.66016751691e-06, 5.9337771745e-06, 5.51735001864e-06, 4.50955940323e-06, 3.77145329367e-06, 3.8012431105e-06, 3.02482249026e-06, 1.85113697171e-06, 1.54160670718e-06, 1.00001841474e-06, 7.34047659989e-07, 6.2705066739e-07, 4.56142430494e-07, 3.71106807506e-07, 3.25854728089e-07, 2.41378245391e-07, 1.60396012916e-07, 1.12814710462e-07, 8.18609038333e-08, 1.96200218738e-07, 1.21420200117e-07, 1.74383618656e-08, 1.31135946546e-08, 1.0523383942e-08], "max": [0.0759333744645, 0.0314016975462, 0.0234988033772, 0.0143317533657, 0.00840666983277, 0.0099995424971, 0.0101461960003, 0.00541401654482, 0.00217872229405, 0.00186513829976, 0.00164656038396, 0.00136222981382, 0.000896945828572, 0.00161244266201, 0.00251195486635, 0.00176125194412, 0.00168585742358, 0.000859403808136, 0.000589729228523, 0.000831477402244, 0.000999040086754, 0.000754009291995, 0.00094365736004, 0.000766792276409, 0.000500095135067, 0.000512237253133, 0.000392833782826, 0.000249385193456, 0.000176388915861, 0.000231765880017, 0.000255111226579, 8.68644419825e-05, 6.22205698164e-05, 4.98587869515e-05, 1.26518916659e-05, 4.52069934909e-06, 6.1032242229e-06, 1.27789814997e-06, 1.55675513724e-06, 7.83863356446e-07], "dmean": [0.00205102842301, 0.00159214937594, 0.000880841922481, 0.000487869721837, 0.000325972912833, 0.000253885780694, 0.000177382738912, 0.000144893812831, 6.35585965938e-05, 5.76138918404e-05, 5.67601819057e-05, 4.25003017881e-05, 3.22828163917e-05, 3.27700763592e-05, 3.9136124542e-05, 2.10957914533e-05, 1.95511765924e-05, 1.58161547006e-05, 1.04184518932e-05, 1.44746281876e-05, 1.30700564114e-05, 1.3366154235e-05, 1.12232137326e-05, 9.95439131657e-06, 9.80144886853e-06, 7.7558133853e-06, 5.24332563145e-06, 3.05460457639e-06, 2.16767739403e-06, 2.17651268031e-06, 1.81033146873e-06, 9.29822306261e-07, 4.7377534429e-07, 3.49626560592e-07, 1.98569580334e-07, 1.22486923715e-07, 1.23968945331e-07, 5.40409708094e-08, 5.01386452356e-08, 3.0360734371e-08], "dmean2": [0.0033419278916, 0.00266848900355, 0.00144879647996, 0.000787352619227, 0.000527099415194, 0.000420144671807, 0.000298246508464, 0.000244979513809, 0.000107008549094, 9.60480683716e-05, 9.54399220063e-05, 7.16442955309e-05, 5.36502921022e-05, 5.40599430678e-05, 6.48340355838e-05, 3.57069293386e-05, 3.21910447383e-05, 2.58470317931e-05, 1.66486097442e-05, 2.31645044551e-05, 2.08216442843e-05, 2.03794807021e-05, 1.7016325728e-05, 1.50018904606e-05, 1.48328517753e-05, 1.20286304082e-05, 7.89017576608e-06, 4.61227909909e-06, 3.16046362059e-06, 3.05689536617e-06, 2.63208175966e-06, 1.35064965434e-06, 6.89257376507e-07, 5.24834206317e-07, 2.94452320304e-07, 1.86466692753e-07, 1.91685884943e-07, 8.30331430279e-08, 7.88456944179e-08, 4.88248410591e-08], "mean": [0.00339840631932, 0.00264110066928, 0.0015101544559, 0.000784104224294, 0.000511261867359, 0.00038404809311, 0.000284182169707, 0.000219694833504, 9.68972235569e-05, 8.82141976035e-05, 8.50932046887e-05, 7.08019215381e-05, 5.64719339309e-05, 5.36309598829e-05, 6.23875166639e-05, 3.30657203449e-05, 3.10691575578e-05, 2.633198892e-05, 1.75590812432e-05, 2.45927803917e-05, 2.09929385164e-05, 2.38357552007e-05, 1.9678433091e-05, 1.62297528732e-05, 1.58680850291e-05, 1.30276657728e-05, 9.25045151234e-06, 5.13511395184e-06, 3.63608432963e-06, 3.59168893738e-06, 2.92609229291e-06, 1.58129580541e-06, 8.18756916487e-07, 5.77656692258e-07, 3.47667565848e-07, 2.96815414913e-07, 2.40615094071e-07, 7.76245130396e-08, 6.71076563208e-08, 3.73945674426e-08], "dvar2": [4.68648249807e-05, 1.54545996338e-05, 4.36418986283e-06, 1.66367760812e-06, 7.94350512479e-07, 4.9874108754e-07, 4.14459890408e-07, 2.28282615922e-07, 4.07883469222e-08, 2.73798050898e-08, 3.0576661203e-08, 1.50027581469e-08, 9.05373198634e-09, 1.74333028014e-08, 3.01451343887e-08, 1.09949507276e-08, 8.85698803188e-09, 5.04277197777e-09, 1.26133448131e-09, 4.20571710791e-09, 3.26112048477e-09, 2.71574029931e-09, 1.88359150499e-09, 2.09832418108e-09, 2.00589234112e-09, 1.43065981284e-09, 4.29232538401e-10, 1.77094908183e-10, 1.07890377188e-10, 1.3209157379e-10, 9.73702091178e-11, 1.51355195738e-11, 4.4622530497e-12, 2.23194553117e-12, 4.16065511037e-13, 9.35663154486e-14, 1.93520126681e-13, 2.25546662645e-14, 2.64614752907e-14, 7.08412532601e-15], "min": [1.49012527558e-23, 4.093388982e-24, 1.57388510654e-23, 4.58731175527e-24, 7.68130113948e-24, 4.11597485858e-24, 3.67383054855e-24, 6.33699577672e-24, 4.96212520932e-24, 5.80235160909e-24, 5.32159531876e-24, 9.15518992214e-24, 1.19232791727e-23, 8.62673989034e-24, 9.45294625967e-24, 9.36698093139e-24, 5.93564267523e-24, 7.49211493947e-24, 8.75661006116e-24, 9.80784847004e-24, 9.74978041881e-24, 1.05154503911e-23, 2.11178521867e-23, 1.53291798201e-23, 6.45553396064e-24, 1.03973011156e-23, 1.02303458048e-23, 7.82234158073e-24, 7.09746597239e-24, 6.46737910156e-24, 1.17132638894e-23, 1.5190288236e-23, 1.58709915779e-23, 1.01066737141e-23, 1.17798689933e-23, 1.44621506878e-23, 1.42140996871e-23, 9.12335228486e-24, 9.31112011297e-24, 6.4859855693e-24]}, "spectral_decrease": {"dvar": 2.06398602753e-17, "var": 6.55899168613e-17, "median": -6.02170668884e-09, "max": 6.44228048685e-09, "dmean": 3.25078208796e-09, "dmean2": 5.14938802709e-09, "mean": -7.98944821412e-09, "dvar2": 5.00753007486e-17, "min": -6.73357547498e-08}, "barkbands_kurtosis": {"dvar": 116.369476318, "var": 276.219116211, "median": 8.70746135712, "max": 288.124938965, "dmean": 6.36199378967, "dmean2": 9.88702106476, "mean": 12.9740877151, "dvar2": 266.350341797, "min": -1.90773046017}, "silence_rate_30dB": {"dvar": 0.0307130478323, "var": 0.0277457758784, "median": 1, "max": 1, "dmean": 0.0317184440792, "dmean2": 0.0634437799454, "mean": 0.971434772015, "dvar2": 0.0726741403341, "min": 0}, "gfcc": {"mean": [-57.9994354248, 100.515899658, -75.6713180542, 1.0809327364, -21.2543182373, -15.9937820435, -9.05611419678, -9.05030822754, -7.04361152649, -10.074763298, -8.36032581329, 1.6944065094, -9.70702171326], "cov": [[30576.5429688, 956.098937988, -1129.63964844, 2482.41040039, 1115.3001709, -198.500305176, 857.942626953, -893.054077148, 408.675598145, 182.721084595, -17.5311889648, 145.486785889, -705.063842773], [956.098937988, 1339.87866211, 272.586578369, -440.903930664, 28.2205028534, -71.0770797729, -68.1176986694, -59.283367157, 32.9471931458, -122.843429565, 41.6588439941, -23.6774463654, 14.6539344788], [-1129.63964844, 272.586578369, 761.700683594, -127.206832886, -271.417114258, 137.713821411, -205.442840576, 63.4126052856, -64.5298919678, 3.33817148209, -28.7033290863, -25.7714118958, -0.774883329868], [2482.41040039, -440.903930664, -127.206832886, 671.816955566, 181.39503479, -37.1773109436, 149.151687622, -90.1155166626, 35.4086380005, 75.1273880005, -49.166683197, 27.2728347778, -97.4472503662], [1115.3001709, 28.2205028534, -271.417114258, 181.39503479, 347.007080078, -20.48188591, 129.479904175, -72.2956848145, 39.2112197876, -8.13611412048, 31.553483963, 7.19844245911, -37.4411506653], [-198.500305176, -71.0770797729, 137.713821411, -37.1773109436, -20.48188591, 272.495117188, -58.1649742126, 61.9854927063, -43.4795532227, 55.9770698547, 14.7643556595, -0.713593661785, 6.21725273132], [857.942626953, -68.1176986694, -205.442840576, 149.151687622, 129.479904175, -58.1649742126, 220.824203491, -38.9756393433, 57.5146369934, -5.66000843048, 5.34046125412, 26.9302539825, -34.0059814453], [-893.054077148, -59.283367157, 63.4126052856, -90.1155166626, -72.2956848145, 61.9854927063, -38.9756393433, 156.268615723, 6.71108007431, 24.3815975189, 15.7482213974, -3.72927427292, 41.016998291], [408.675598145, 32.9471931458, -64.5298919678, 35.4086380005, 39.2112197876, -43.4795532227, 57.5146369934, 6.71108007431, 96.8154907227, 25.0630283356, 11.9287557602, 19.2799339294, -15.4145650864], [182.721084595, -122.843429565, 3.33817148209, 75.1273880005, -8.13611412048, 55.9770698547, -5.66000843048, 24.3815975189, 25.0630283356, 86.6913223267, 27.4511127472, 12.1297931671, -5.70111942291], [-17.5311889648, 41.6588439941, -28.7033290863, -49.166683197, 31.553483963, 14.7643556595, 5.34046125412, 15.7482213974, 11.9287557602, 27.4511127472, 74.7234649658, 24.0276184082, 8.93360710144], [145.486785889, -23.6774463654, -25.7714118958, 27.2728347778, 7.19844245911, -0.713593661785, 26.9302539825, -3.72927427292, 19.2799339294, 12.1297931671, 24.0276184082, 54.2089424133, 12.5521097183], [-705.063842773, 14.6539344788, -0.774883329868, -97.4472503662, -37.4411506653, 6.21725273132, -34.0059814453, 41.016998291, -15.4145650864, -5.70111942291, 8.93360710144, 12.5521097183, 80.8074035645]], "icov": [[0.00010554088658, -0.000337443052558, 0.000345471140463, -0.000665600644425, 0.00040154857561, -0.00036068938789, 8.01730056992e-05, 0.000226153817493, -0.000239148415858, 0.000269326352281, -0.00037609267747, 0.000104878687125, 0.000314133823849], [-0.000337443052558, 0.00270687974989, -0.00217361352406, 0.00325970258564, -0.00235140742734, 0.00145636196248, -0.000235870233155, 0.000367461354472, -0.00082922418369, 0.00053965713596, 0.000389940250898, 0.000168076454429, -0.00120170274749], [0.000345471140463, -0.00217361352406, 0.00432505691424, -0.00361399026588, 0.0039885644801, -0.00283668912016, 0.00191877922043, 8.69565919857e-05, -0.000701288750861, 0.00231631775387, -0.00187099352479, 0.000564653426409, 0.0020702064503], [-0.000665600644425, 0.00325970258564, -0.00361399026588, 0.00967551954091, -0.00647859973833, 0.00490447552875, -0.00215189321898, -0.00127698830329, 0.00453685550019, -0.00919351261109, 0.0094503313303, -0.00559451850131, 0.00163913390134], [0.00040154857561, -0.00235140742734, 0.0039885644801, -0.00647859973833, 0.00992660596967, -0.0049167284742, -3.5758712329e-05, 0.00270327366889, -0.00442140037194, 0.00796000193805, -0.00915114302188, 0.00581835163757, -0.000427848193794], [-0.00036068938789, 0.00145636196248, -0.00283668912016, 0.00490447552875, -0.0049167284742, 0.00888051837683, -0.000928148918319, -0.00347168161534, 0.00707636680454, -0.00983673334122, 0.0061423140578, -0.0046242615208, 0.00158133986406], [8.01730056992e-05, -0.000235870233155, 0.00191877922043, -0.00215189321898, -3.5758712329e-05, -0.000928148918319, 0.00896965898573, -3.13299788104e-05, -0.00417556008324, 0.00460785767063, -0.00155331275892, -0.00211896398105, 0.00204056454822], [0.000226153817493, 0.000367461354472, 8.69565919857e-05, -0.00127698830329, 0.00270327366889, -0.00347168161534, -3.13299788104e-05, 0.0115625038743, -0.00600651791319, 0.00257759145461, -0.00502299005166, 0.0056525664404, -0.00528170680627], [-0.000239148415858, -0.00082922418369, -0.000701288750861, 0.00453685550019, -0.00442140037194, 0.00707636680454, -0.00417556008324, -0.00600651791319, 0.0233842227608, -0.0162088647485, 0.0100403511897, -0.010540869087, 0.00607119081542], [0.000269326352281, 0.00053965713596, 0.00231631775387, -0.00919351261109, 0.00796000193805, -0.00983673334122, 0.00460785767063, 0.00257759145461, -0.0162088647485, 0.0360459461808, -0.0210729334503, 0.00978549476713, -0.00347575102933], [-0.00037609267747, 0.000389940250898, -0.00187099352479, 0.0094503313303, -0.00915114302188, 0.0061423140578, -0.00155331275892, -0.00502299005166, 0.0100403511897, -0.0210729334503, 0.0336330793798, -0.0175822954625, 0.00465084193274], [0.000104878687125, 0.000168076454429, 0.000564653426409, -0.00559451850131, 0.00581835163757, -0.0046242615208, -0.00211896398105, 0.0056525664404, -0.010540869087, 0.00978549476713, -0.0175822954625, 0.0338771753013, -0.0112045900896], [0.000314133823849, -0.00120170274749, 0.0020702064503, 0.00163913390134, -0.000427848193794, 0.00158133986406, 0.00204056454822, -0.00528170680627, 0.00607119081542, -0.00347575102933, 0.00465084193274, -0.0112045900896, 0.0226893723011]]}, "silence_rate_20dB": {"dvar": 0, "var": 0, "median": 1, "max": 1, "dmean": 0, "dmean2": 0, "mean": 1, "dvar2": 0, "min": 1}, "barkbands_skewness": {"dvar": 0.503125011921, "var": 2.58460116386, "median": 2.2776992321, "max": 13.534072876, "dmean": 0.704910337925, "dmean2": 1.08110225201, "mean": 2.38078141212, "dvar2": 1.08360791206, "min": -4.41092586517}, "erbbands_skewness": {"dvar": 0.16365917027, "var": 1.09460294247, "median": 0.573089063168, "max": 4.74056577682, "dmean": 0.420567065477, "dmean2": 0.629708111286, "mean": 0.478411465883, "dvar2": 0.32876136899, "min": -4.30053377151}, "spectral_contrast_valleys": {"dvar": [0.123414322734, 0.10999186337, 0.0870508030057, 0.086291089654, 0.121899455786, 0.260837048292], "var": [3.73889517784, 2.69263291359, 2.48475718498, 3.04463934898, 3.47543311119, 2.22547364235], "median": [-6.63243103027, -6.51578474045, -7.13687849045, -7.70730781555, -7.89156150818, -11.0707483292], "max": [-5.10400485992, -4.40480279922, -5.19632101059, -5.593085289, -5.37347745895, -8.84916782379], "dmean": [0.400889247656, 0.385031789541, 0.320540040731, 0.314573138952, 0.358556866646, 0.575481653214], "dmean2": [0.657765686512, 0.612569630146, 0.501791894436, 0.467868804932, 0.513645112514, 0.90758395195], "mean": [-7.25682830811, -6.91816616058, -7.44818210602, -8.13272476196, -8.29174995422, -11.4484643936], "dvar2": [0.292679607868, 0.249438837171, 0.177488341928, 0.168696597219, 0.2311411798, 0.626960277557], "min": [-27.5220451355, -27.0644779205, -27.1872386932, -27.2595691681, -27.1075382233, -27.3465461731]}, "spectral_strongpeak": {"dvar": 383.245635986, "var": 489.19909668, "median": 0.260068714619, "max": 153.102279663, "dmean": 6.22210264206, "dmean2": 11.6435270309, "mean": 7.13260126114, "dvar2": 1051.3659668, "min": 0}, "erbbands_crest": {"dvar": 5.48755025864, "var": 16.1304759979, "median": 7.54399728775, "max": 29.491147995, "dmean": 2.51547551155, "dmean2": 4.12104558945, "mean": 8.54655265808, "dvar2": 13.6702947617, "min": 2.57371449471}, "barkbands_crest": {"dvar": 5.20967912674, "var": 14.150759697, "median": 9.42582511902, "max": 24.3352470398, "dmean": 2.66760396957, "dmean2": 4.35953330994, "mean": 9.98367214203, "dvar2": 13.6687479019, "min": 2.37745642662}, "spectral_energyband_middle_low": {"dvar": 3.59530495189e-05, "var": 0.000113363421406, "median": 0.00860981270671, "max": 0.0864305570722, "dmean": 0.00450677704066, "dmean2": 0.00715130800381, "mean": 0.0111663471907, "dvar2": 9.05349006644e-05, "min": 1.98307842835e-22}, "spectral_contrast_coeffs": {"dvar": [0.0017005961854, 0.00150162272621, 0.000749971950427, 0.000512726430316, 0.000394340691855, 0.00136432889849], "var": [0.00694937678054, 0.00393127091229, 0.00201130774803, 0.00224298401736, 0.00223404611461, 0.00857196003199], "median": [-0.674924314022, -0.765369653702, -0.818843603134, -0.831730306149, -0.823743164539, -0.774979412556], "max": [-0.357497632504, -0.498742938042, -0.614162147045, -0.578152656555, -0.653684437275, -0.409120678902], "dmean": [0.052268832922, 0.049577690661, 0.0340437665582, 0.0276911798865, 0.0239897314459, 0.0372434407473], "dmean2": [0.0865712836385, 0.0826492831111, 0.0572357922792, 0.0449147261679, 0.0382429510355, 0.0563289038837], "mean": [-0.674612343311, -0.763681709766, -0.816074371338, -0.828579485416, -0.822473526001, -0.762985765934], "dvar2": [0.00466279126704, 0.00419714581221, 0.0021197446622, 0.00133161363192, 0.000952753296588, 0.00287370383739], "min": [-0.948006749153, -0.96635311842, -0.96890103817, -0.96621632576, -0.965226888657, -0.955637693405]}, "hfc": {"dvar": 2944.64257812, "var": 17994.3945312, "median": 112.296272278, "max": 860.414794922, "dmean": 35.1806945801, "dmean2": 55.2822303772, "mean": 139.153900146, "dvar2": 7236.25048828, "min": 1.27884174109e-16}, "spectral_energyband_high": {"dvar": 3.32463770292e-07, "var": 1.33606386044e-06, "median": 0.00012080304441, "max": 0.0148740392178, "dmean": 0.000221447946387, "dmean2": 0.000285626389086, "mean": 0.000508104451001, "dvar2": 5.21334300174e-07, "min": 8.37287564104e-21}, "erbbands_spread": {"dvar": 53.4028129578, "var": 223.515533447, "median": 28.023765564, "max": 140.762008667, "dmean": 6.86033582687, "dmean2": 10.6356086731, "mean": 29.4913349152, "dvar2": 122.68170929, "min": 2.79305124283}, "dissonance": {"dvar": 0.000509114412125, "var": 0.00115223182365, "median": 0.47036626935, "max": 0.500000178814, "dmean": 0.021747585386, "dmean2": 0.0367331504822, "mean": 0.46106004715, "dvar2": 0.00139560468961, "min": 0.23145455122}, "spectral_kurtosis": {"dvar": 47.1060523987, "var": 161.032333374, "median": 13.5237846375, "max": 142.638336182, "dmean": 4.70691537857, "dmean2": 7.34154939651, "mean": 17.0296459198, "dvar2": 114.936851501, "min": -1.18455016613}, "spectral_skewness": {"dvar": 0.206216067076, "var": 1.29745471478, "median": 2.52680850029, "max": 9.33177471161, "dmean": 0.397611171007, "dmean2": 0.604794859886, "mean": 2.79477858543, "dvar2": 0.492112189531, "min": 0.0123818414286}, "pitch_salience": {"dvar": 0.00422964710742, "var": 0.0147057753056, "median": 0.572779893875, "max": 0.83220499754, "dmean": 0.0786427333951, "dmean2": 0.127707600594, "mean": 0.558646321297, "dvar2": 0.0109228622168, "min": 0.0907284617424}, "spectral_complexity": {"dvar": 16.77734375, "var": 180.510650635, "median": 13, "max": 60, "dmean": 3.31262230873, "dmean2": 4.76154279709, "mean": 16.757358551, "dvar2": 28.2059879303, "min": 0}, "spectral_spread": {"dvar": 301733609472, "var": 2242110029820.0, "median": 3680236.5, "max": 39518656, "dmean": 517463.15625, "dmean2": 791335.4375, "mean": 3901781, "dvar2": 607104335872, "min": 1251318.875}, "dynamic_complexity": 5.64693069458, "melbands_crest": {"dvar": 11.5704660416, "var": 38.7526473999, "median": 14.8619308472, "max": 38.4142112732, "dmean": 3.9305934906, "dmean2": 6.39878129959, "mean": 15.8175859451, "dvar2": 29.8169269562, "min": 2.2160923481}, "zerocrossingrate": {"dvar": 0.00105350685772, "var": 0.0163182001561, "median": 0.2431640625, "max": 0.83349609375, "dmean": 0.0359147675335, "dmean2": 0.0456362888217, "mean": 0.251594573259, "dvar2": 0.00164607330225, "min": 0.001953125}, "spectral_energyband_low": {"dvar": 0.000245019065915, "var": 0.000531142519321, "median": 0.012253110297, "max": 0.243618860841, "dmean": 0.00974615290761, "dmean2": 0.0158386006951, "mean": 0.0199629608542, "dvar2": 0.000614436226897, "min": 9.3887896222e-23}, "melbands_kurtosis": {"dvar": 223.841949463, "var": 473.021118164, "median": 9.22361183167, "max": 446.347961426, "dmean": 8.52754116058, "dmean2": 13.6099977493, "mean": 16.0051727295, "dvar2": 538.941833496, "min": -1.87676429749}, "spectral_energyband_middle_high": {"dvar": 6.32035744275e-06, "var": 3.81760146411e-05, "median": 0.00136947305873, "max": 0.0561777949333, "dmean": 0.00138855155092, "dmean2": 0.00204493664205, "mean": 0.00398948090151, "dvar2": 1.29095160446e-05, "min": 1.55365360111e-21}, "barkbands_spread": {"dvar": 47.0958633423, "var": 260.85760498, "median": 11.2630472183, "max": 133.936340332, "dmean": 4.90643358231, "dmean2": 7.35716915131, "mean": 17.0125331879, "dvar2": 90.2278747559, "min": 0.495312213898}, "mfcc": {"mean": [-714.55480957, 156.488708496, 3.27868676186, 31.3910369873, 1.93737673759, 8.70225715637, -1.40534818172, 10.514043808, -1.11537694931, 1.76729774475, -5.128262043, 2.52131032944, -0.368089586496], "cov": [[19237.6503906, 1260.61975098, -2034.58789062, 2124.84521484, 310.659393311, 1070.64440918, 226.607116699, 323.817230225, -216.443496704, 401.108856201, 295.467315674, 413.405578613, -106.672172546], [1260.61975098, 1510.78564453, 244.709320068, -160.936645508, 137.475143433, -2.55720829964, -28.7522544861, 31.7860183716, -46.1234054565, 4.25438165665, -45.7174720764, 57.8125343323, -27.5002555847], [-2034.58789062, 244.709320068, 1050.55712891, -404.020141602, 2.28373742104, -190.197311401, -65.0272521973, -93.8078765869, 26.4657154083, -53.858127594, -77.2952804565, -21.1561183929, 7.60546207428], [2124.84521484, -160.936645508, -404.020141602, 710.813476562, -4.56438779831, 183.897247314, 5.23511075974, 63.2039031982, -19.1376533508, 53.1711730957, 43.7301139832, 28.861825943, -29.4607086182], [310.659393311, 137.475143433, 2.28373742104, -4.56438779831, 193.658462524, 48.5309410095, 41.1718330383, -7.70100021362, -13.6186094284, 8.75582408905, 7.12381887436, 21.7767658234, -3.93609976768], [1070.64440918, -2.55720829964, -190.197311401, 183.897247314, 48.5309410095, 231.059967041, 58.8949317932, 35.1713523865, -30.1502819061, 33.6799354553, 23.4407444, 33.199672699, -17.5411586761], [226.607116699, -28.7522544861, -65.0272521973, 5.23511075974, 41.1718330383, 58.8949317932, 115.262016296, 29.2541046143, -1.06377112865, 9.69586849213, 11.9064693451, 13.8149843216, 4.99920082092], [323.817230225, 31.7860183716, -93.8078765869, 63.2039031982, -7.70100021362, 35.1713523865, 29.2541046143, 86.5741577148, 18.5347652435, 23.4259166718, 8.07733631134, 12.8689479828, -0.575838387012], [-216.443496704, -46.1234054565, 26.4657154083, -19.1376533508, -13.6186094284, -30.1502819061, -1.06377112865, 18.5347652435, 79.4585342407, 11.5548763275, 5.12234115601, -20.6974925995, 13.2125492096], [401.108856201, 4.25438165665, -53.858127594, 53.1711730957, 8.75582408905, 33.6799354553, 9.69586849213, 23.4259166718, 11.5548763275, 70.7627563477, 26.3541412354, 22.1848716736, -4.15684318542], [295.467315674, -45.7174720764, -77.2952804565, 43.7301139832, 7.12381887436, 23.4407444, 11.9064693451, 8.07733631134, 5.12234115601, 26.3541412354, 73.6655273438, 26.0081233978, 9.63128948212], [413.405578613, 57.8125343323, -21.1561183929, 28.861825943, 21.7767658234, 33.199672699, 13.8149843216, 12.8689479828, -20.6974925995, 22.1848716736, 26.0081233978, 81.2995452881, 22.6580734253], [-106.672172546, -27.5002555847, 7.60546207428, -29.4607086182, -3.93609976768, -17.5411586761, 4.99920082092, -0.575838387012, 13.2125492096, -4.15684318542, 9.63128948212, 22.6580734253