{"tonal": {"chords_key": "G", "hpcp_entropy": {"dmean": 0.588938355446, "dmean2": 0.969408154488, "max": 4.4756231308, "dvar": 0.250250011683, "mean": 2.16531896591, "dvar2": 0.658121645451, "min": 0, "var": 0.517566025257, "median": 2.19944429398}, "key_key": "G", "chords_strength": {"dmean": 0.00742998765782, "dmean2": 0.00792043935508, "max": 0.765453457832, "dvar": 0.0006205062964, "mean": 0.536873817444, "dvar2": 0.00124701973982, "min": -1, "var": 0.011695548892, "median": 0.552404046059}, "key_scale": "major", "chords_number_rate": 0.00188933871686, "thpcp": [1, 0.625345408916, 0.252755373716, 0.192650079727, 0.218040972948, 0.417763411999, 0.582421600819, 0.404029726982, 0.200102284551, 0.174832105637, 0.19419644773, 0.361475586891, 0.541745126247, 0.503245055676, 0.565550863743, 0.587709724903, 0.382405012846, 0.27123066783, 0.229874938726, 0.247563749552, 0.552691221237, 0.986342430115, 0.795920372009, 0.338017493486, 0.211657598615, 0.217100203037, 0.413663357496, 0.63403069973, 0.509421527386, 0.275363117456, 0.157722130418, 0.0902775377035, 0.129799410701, 0.182032883167, 0.227208465338, 0.656170368195], "key_strength": 0.824018597603, "tuning_nontempered_energy_ratio": 0.672365784645, "tuning_frequency": 441.017791748, "chords_changes_rate": 0.0364372469485, "tuning_diatonic_strength": 0.683152973652, "chords_scale": "major", "chords_histogram": [43.4547920227, 0.512820541859, 9.14979743958, 0, 1.67341434956, 0, 0.0269905533642, 0.0539811067283, 0, 0, 0, 0, 0, 0, 0, 0.0809716582298, 0.0269905533642, 0.998650491238, 0, 2.40215921402, 0, 8.44804286957, 20.863697052, 12.3076925278], "tuning_equal_tempered_deviation": 0.0818627551198, "hpcp": {"dmean": [0.131140545011, 0.113810762763, 0.0817111358047, 0.0781781971455, 0.0871675238013, 0.116688527167, 0.137287721038, 0.154853567481, 0.154373854399, 0.128911867738, 0.122404612601, 0.0992648750544, 0.0928811132908, 0.111433357, 0.164940565825, 0.186979487538, 0.188732326031, 0.12547954917, 0.0904367566109, 0.0923585146666, 0.124195367098, 0.130612820387, 0.140559926629, 0.116037242115, 0.0738012939692, 0.0410473905504, 0.0474553406239, 0.0619494318962, 0.0908910259604, 0.157823801041, 0.169553637505, 0.175025209785, 0.110494785011, 0.080074056983, 0.0940860956907, 0.129002183676], "dmean2": [0.227703377604, 0.197514057159, 0.148983433843, 0.144120782614, 0.160363674164, 0.208505824208, 0.240334272385, 0.272140562534, 0.276113301516, 0.230456739664, 0.219617709517, 0.179362773895, 0.170608982444, 0.205591440201, 0.287369012833, 0.3203997612, 0.328620553017, 0.223583310843, 0.163871437311, 0.165521577001, 0.214468792081, 0.223188832402, 0.247143626213, 0.20912887156, 0.135328218341, 0.0749848037958, 0.0837465822697, 0.10798560828, 0.162319764495, 0.273491382599, 0.292169421911, 0.309570640326, 0.201838955283, 0.145024463534, 0.170163467526, 0.22749325633], "max": [1, 1, 1, 1, 1, 1, 1, 1, 1, 1, 1, 1, 1, 1, 1, 1, 1, 1, 1, 1, 1, 1, 1, 1, 1, 1, 1, 1, 1, 1, 1, 1, 1, 1, 1, 1], "dvar": [0.0423314012587, 0.0321279913187, 0.0286333207041, 0.0303320288658, 0.0315937250853, 0.0367295108736, 0.0384483598173, 0.0457447320223, 0.0490763820708, 0.0454562269151, 0.0387502759695, 0.0326007716358, 0.0315673574805, 0.0411423444748, 0.0443367063999, 0.0498313605785, 0.0505380034447, 0.0370792336762, 0.0332273542881, 0.02916084975, 0.0380394123495, 0.0428630560637, 0.0442279353738, 0.0369317047298, 0.0244285017252, 0.0139258243144, 0.0118694128469, 0.0159872733057, 0.025501454249, 0.0418093129992, 0.0470473915339, 0.0493413694203, 0.0345954187214, 0.0248283874243, 0.0300172735006, 0.0434335283935], "mean": [0.221191212535, 0.153441816568, 0.0759945511818, 0.0663974806666, 0.0737516433001, 0.137280672789, 0.205743163824, 0.191121667624, 0.214784085751, 0.223199546337, 0.14522922039, 0.10300758481, 0.0873015671968, 0.0940193980932, 0.209900259972, 0.374591678381, 0.302273482084, 0.128371790051, 0.0803830102086, 0.0824499949813, 0.157100468874, 0.240791246295, 0.193467363715, 0.104576997459, 0.0598994791508, 0.0342854708433, 0.0492950305343, 0.0691321790218, 0.0862888991833, 0.249199420214, 0.379778534174, 0.237492755055, 0.0959910601377, 0.0731643661857, 0.0828072801232, 0.158657580614], "dvar2": [0.108470357955, 0.0903335362673, 0.0831176638603, 0.0872816443443, 0.0896309763193, 0.101793460548, 0.101159013808, 0.124637193978, 0.138684019446, 0.120275199413, 0.110767073929, 0.0927042141557, 0.0918086543679, 0.116732604802, 0.126525640488, 0.127794057131, 0.140263587236, 0.101901434362, 0.0919694676995, 0.0805861875415, 0.10265570879, 0.105375409126, 0.123932562768, 0.101054869592, 0.0692850649357, 0.0389997884631, 0.0325862392783, 0.0447573773563, 0.0725638121367, 0.12032546103, 0.118839278817, 0.143621757627, 0.0988520234823, 0.0687580779195, 0.0859114527702, 0.122126080096], "min": [0, 0, 0, 0, 0, 0, 0, 0, 0, 0, 0, 0, 0, 0, 0, 0, 0, 0, 0, 0, 0, 0, 0, 0, 0, 0, 0, 0, 0, 0, 0, 0, 0, 0, 0, 0], "var": [0.0855106189847, 0.042230039835, 0.0212107282132, 0.020683420822, 0.0227018278092, 0.0383071005344, 0.0620480515063, 0.0570298135281, 0.0871531516314, 0.106469370425, 0.0437189117074, 0.0254975985736, 0.022800359875, 0.0320875309408, 0.0564047843218, 0.111163601279, 0.084165379405, 0.0354620404541, 0.0251386705786, 0.0244404412806, 0.0529438555241, 0.104602321982, 0.0707243531942, 0.0319717898965, 0.0163243282586, 0.00961574818939, 0.0103033222258, 0.0146236885339, 0.0215212069452, 0.0738456249237, 0.12342081964, 0.0623472519219, 0.0284189898521, 0.0191213134676, 0.0235121976584, 0.0576015375555], "median": [0.0878906175494, 0.0738628804684, 0.0299231000245, 0.0227752923965, 0.0242524314672, 0.0635402724147, 0.102583914995, 0.0901942923665, 0.065032325685, 0.0600273087621, 0.0603859610856, 0.0492508672178, 0.0372791327536, 0.0281315594912, 0.113337270916, 0.248034447432, 0.190577730536, 0.0530471131206, 0.0261338949203, 0.0260301809758, 0.0519068911672, 0.0797873139381, 0.0720612555742, 0.0341262333095, 0.018481226638, 0.0100873475894, 0.0194943230599, 0.0284650530666, 0.033923458308, 0.127927154303, 0.227791696787, 0.143518924713, 0.028292182833, 0.0242305472493, 0.026612598449, 0.052013643086]}}, "lowlevel": {"melbands_flatness_db": {"dmean": 0.0244398489594, "dmean2": 0.0406008809805, "max": 0.477630198002, "dvar": 0.000550226657651, "mean": 0.161926716566, "dvar2": 0.00155534339137, "min": 0.00496164010838, "var": 0.00473258178681, "median": 0.149690389633}, "melbands_crest": {"dmean": 2.96050906181, "dmean2": 4.95449209213, "max": 39.5637130737, "dvar": 6.46286773682, "mean": 14.502907753, "dvar2": 17.5264720917, "min": 1.96937179565, "var": 22.97290802, "median": 14.116355896}, "spectral_entropy": {"dmean": 0.102322094142, "dmean2": 0.161575838923, "max": 9.81638050079, "dvar": 0.0140204047784, "mean": 7.91538238525, "dvar2": 0.0399496220052, "min": 5.57126283646, "var": 0.154238820076, "median": 7.98271036148}, "melbands": {"dmean": [0.000988518469967, 0.00162157032173, 0.000920545426197, 0.000362292048521, 0.000161443196703, 0.000150854612002, 0.000130335611175, 0.000107144602225, 0.0001272042864, 7.02691177139e-05, 7.7991237049e-05, 3.70309207938e-05, 2.59427815763e-05, 2.73864061455e-05, 2.26879656111e-05, 1.55229135999e-05, 1.58050097525e-05, 1.78189893631e-05, 1.54858680617e-05, 1.76952835318e-05, 2.03667732421e-05, 1.73283078766e-05, 1.79464750545e-05, 9.29040743358e-06, 9.7345582617e-06, 1.04050704977e-05, 9.22944127524e-06, 9.98304585664e-06, 5.80790265303e-06, 5.18365050084e-06, 5.00938313053e-06, 5.42582483831e-06, 4.50854713563e-06, 3.24954362441e-06, 2.80308540823e-06, 2.35998959397e-06, 1.81968414381e-06, 1.41102816542e-06, 1.10445625978e-06, 7.59615261359e-07], "dmean2": [0.00169642746914, 0.0027982708998, 0.00156856433023, 0.000598233367782, 0.000257616280578, 0.000245958595769, 0.000210059093661, 0.000171398249222, 0.000198408335564, 0.000108240899863, 0.000119060714496, 5.86446039961e-05, 4.11978217016e-05, 4.34615394624e-05, 3.64861589333e-05, 2.51836481766e-05, 2.51333822234e-05, 2.80753429251e-05, 2.50535522355e-05, 2.86958165816e-05, 3.34003307216e-05, 2.9119413739e-05, 2.93368120765e-05, 1.59936989803e-05, 1.63733220688e-05, 1.71329957084e-05, 1.55587349582e-05, 1.69508093677e-05, 9.72695852397e-06, 8.55447615322e-06, 8.00109046395e-06, 8.46047532832e-06, 6.89747867e-06, 4.98620465805e-06, 4.32488059232e-06, 3.67514144273e-06, 2.84095199277e-06, 2.2179822281e-06, 1.7412444322e-06, 1.17465322091e-06], "max": [0.0203846991062, 0.0329388454556, 0.0181851964444, 0.00924659147859, 0.00597865274176, 0.00441635865718, 0.00419526407495, 0.00322118564509, 0.00462768785655, 0.0027837427333, 0.00433681206778, 0.00110272865277, 0.00160358764697, 0.00116752833128, 0.00080572051229, 0.000566868926398, 0.000446409074357, 0.000480563030578, 0.000682258920278, 0.000346164160874, 0.000325125380186, 0.000391823821701, 0.000322541018249, 0.000266095739789, 0.000210980826523, 0.000245287868893, 0.000204253534321, 0.000190958118765, 0.000168689744896, 0.0002596223203, 0.000295154604828, 0.000237959844526, 0.000241981353611, 0.00016502077051, 0.000208933357499, 0.000148785853526, 0.000203721472644, 8.08152617537e-05, 5.01176655234e-05, 1.89846959984e-05], "dvar": [4.84710835735e-06, 8.03811781225e-06, 1.53389999014e-06, 4.68804984166e-07, 6.5742398192e-08, 5.89127608919e-08, 5.40221058998e-08, 3.89308958404e-08, 5.83185695291e-08, 2.19561879788e-08, 2.88368209311e-08, 4.41219416558e-09, 3.1639619813e-09, 2.41178810256e-09, 1.35897182396e-09, 8.76290762175e-10, 7.95215227001e-10, 6.84185874622e-10, 6.39558572768e-10, 5.66225788479e-10, 6.60538346242e-10, 5.05122110805e-10, 5.0984250155e-10, 2.22791118887e-10, 1.79185222215e-10, 2.32281360812e-10, 1.66343591679e-10, 1.64849189854e-10, 6.25155552325e-11, 9.16567793885e-11, 1.29786903447e-10, 1.65795877027e-10, 1.21120988239e-10, 4.58988819174e-11, 4.30442174959e-11, 2.69288428362e-11, 2.18873669189e-11, 7.92802715838e-12, 4.04714716601e-12, 1.31913425495e-12], "mean": [0.00116061663721, 0.00263834022917, 0.00160783331376, 0.000494835723657, 0.000306357047521, 0.000290806288831, 0.000252278987318, 0.000188161066035, 0.00023488921579, 0.000136950708111, 0.000151829823153, 7.40293835406e-05, 4.19428761234e-05, 4.53068023489e-05, 3.95049319195e-05, 2.57550709648e-05, 2.76781374851e-05, 3.67498068954e-05, 3.4061842598e-05, 4.03385602112e-05, 4.8792186135e-05, 4.18055387854e-05, 3.74147784896e-05, 1.7454931367e-05, 2.20474576054e-05, 2.43029444391e-05, 2.39580094785e-05, 2.56336443272e-05, 1.50651057993e-05, 1.21065349958e-05, 1.14118311103e-05, 1.11490035124e-05, 8.91204672371e-06, 6.6948514359e-06, 5.53829795535e-06, 4.89831791128e-06, 3.73244347429e-06, 2.90348975795e-06, 2.27839950639e-06, 1.59662977239e-06], "dvar2": [1.286524639e-05, 2.23641054617e-05, 4.19989055445e-06, 1.17688909995e-06, 1.61168514978e-07, 1.4653180358e-07, 1.38235108693e-07, 9.49534353367e-08, 1.38217458812e-07, 5.05868804623e-08, 6.92859458695e-08, 1.09054036912e-08, 7.48414219487e-09, 5.83602055571e-09, 3.31809157927e-09, 2.19068096996e-09, 1.96588656465e-09, 1.68677438683e-09, 1.65241331729e-09, 1.47266399075e-09, 1.78745018786e-09, 1.38973887953e-09, 1.33915822875e-09, 6.17846274142e-10, 4.87914209035e-10, 6.18853968071e-10, 4.63483501578e-10, 4.6456682945e-10, 1.64967955962e-10, 2.26700047623e-10, 2.91346669012e-10, 3.59155011287e-10, 2.50699710991e-10, 9.08976643954e-11, 8.98701876806e-11, 5.83397566367e-11, 5.21490593763e-11, 1.78045148069e-11, 9.89309675847e-12, 3.10197657491e-12], "min": [1.72502166575e-24, 2.53372656426e-24, 1.64787442188e-24, 3.47283549521e-24, 3.96600806176e-24, 3.29169054884e-24, 2.62768857554e-24, 3.70681558401e-24, 2.81591275968e-24, 3.25758848634e-24, 3.20065876139e-24, 3.04264104739e-24, 1.89200833382e-24, 4.56220191822e-24, 1.88714185089e-24, 4.83380515017e-24, 3.2404236619e-24, 5.40379146964e-24, 4.25216656627e-24, 3.92433963989e-24, 5.3246616211e-24, 3.96964865484e-24, 5.76688126735e-24, 5.99702157569e-24, 4.76311256344e-24, 7.51482782265e-24, 6.80929350599e-24, 5.43543228612e-24, 7.47597247877e-24, 5.34695916902e-24, 7.13417640348e-24, 7.29305693409e-24, 4.38522412958e-24, 6.80816464604e-24, 8.65301605823e-24, 7.28972715221e-24, 7.06089753627e-24, 7.3161587257e-24, 6.99418041407e-24, 6.30881648189e-24], "var": [4.04492038797e-06, 6.9668112701e-06, 1.86625857168e-06, 4.90783122586e-07, 1.45333586943e-07, 1.26922316213e-07, 9.87589174883e-08, 6.80680400933e-08, 1.12529988883e-07, 4.79555950506e-08, 5.96974700784e-08, 1.03178221522e-08, 5.18142995176e-09, 4.45666881177e-09, 2.51612508606e-09, 1.46402578949e-09, 1.52370527307e-09, 1.4640786361e-09, 1.22884857845e-09, 1.24833099413e-09, 1.7945913644e-09, 1.38564260066e-09, 1.18609311262e-09, 3.36100813847e-10, 4.91019780391e-10, 6.94492241493e-10, 6.1990557132e-10, 5.86892145993e-10, 1.89882221058e-10, 2.3498900048e-10, 3.1227503916e-10, 4.09553418956e-10, 3.04647612692e-10, 1.26449031801e-10, 1.09723320707e-10, 6.93252538708e-11, 4.08224426485e-11, 1.71228690948e-11, 8.8052560035e-12, 3.40504490923e-12], "median": [0.000585814123042, 0.00205577048473, 0.00124339177273, 0.000282999244519, 0.000170959814568, 0.000175907014636, 0.000150318810483, 0.000108994972834, 0.000117913179565, 6.0972153733e-05, 7.94615334598e-05, 3.84624763683e-05, 2.13003731915e-05, 2.33506907534e-05, 2.38828379224e-05, 1.37903425639e-05, 1.52247503138e-05, 2.65852195298e-05, 2.56788644037e-05, 3.19424725603e-05, 3.86868523492e-05, 3.15405595757e-05, 2.74727190117e-05, 1.17260715342e-05, 1.48450180859e-05, 1.48122753671e-05, 1.54344670591e-05, 1.794466516e-05, 1.11427707452e-05, 7.01313638274e-06, 4.91036917083e-06, 4.26198994319e-06, 3.67122152056e-06, 3.3579697174e-06, 2.7403104923e-06, 2.47241382567e-06, 2.04307480089e-06, 1.75358138677e-06, 1.34961624099e-06, 1.0372931456e-06]}, "silence_rate_60dB": {"dmean": 0.000539956788998, "dmean2": 0.00108005944639, "max": 1, "dvar": 0.000539615168236, "mean": 0.0520987994969, "dvar2": 0.00107869214844, "min": 0, "var": 0.0493846535683, "median": 0}, "spectral_energyband_middle_high": {"dmean": 0.00116035388783, "dmean2": 0.00183485914022, "max": 0.0291596185416, "dvar": 2.29556076192e-06, "mean": 0.00528604816645, "dvar2": 5.58916553928e-06, "min": 1.25070082223e-21, "var": 1.40769179779e-05, "median": 0.00476850802079}, "erbbands_skewness": {"dmean": 0.229126244783, "dmean2": 0.358265042305, "max": 3.6234190464, "dvar": 0.0452874414623, "mean": -0.202018171549, "dvar2": 0.112464495003, "min": -2.34975409508, "var": 0.323573321104, "median": -0.253834843636}, "dynamic_complexity": 3.24735975266, "dissonance": {"dmean": 0.0098896631971, "dmean2": 0.0167500339448, "max": 0.500000059605, "dvar": 0.00012544200581, "mean": 0.476055145264, "dvar2": 0.000341572158504, "min": 0.244835242629, "var": 0.000579539162572, "median": 0.481801122427}, "spectral_skewness": {"dmean": 0.138217508793, "dmean2": 0.212735921144, "max": 4.04354906082, "dvar": 0.0186315476894, "mean": 1.20232081413, "dvar2": 0.0421667322516, "min": -0.0472418218851, "var": 0.176483154297, "median": 1.15712237358}, "spectral_kurtosis": {"dmean": 0.735759019852, "dmean2": 1.21819221973, "max": 25.8404407501, "dvar": 0.738785564899, "mean": 2.91381597519, "dvar2": 2.14533567429, "min": -1.24906992912, "var": 5.11978006363, "median": 2.5191617012}, "gfcc": {"cov": [[25264.9453125, -899.243835449, -2506.18920898, 645.445983887, -683.581481934, 530.660400391, -576.181396484, 161.345733643, -376.10647583, 305.055236816, -133.324707031, 280.789703369, -125.727203369], [-899.243835449, 1072.81335449, -166.985397339, 88.8219604492, -27.5002918243, -128.00970459, 37.7319717407, -8.39794158936, 33.6575965881, -60.0340309143, 40.4243202209, -95.173538208, 64.0897293091], [-2506.18920898, -166.985397339, 641.626403809, -156.200668335, 186.411804199, -15.1655712128, 62.7841529846, -5.79479932785, 36.6221160889, 6.03855371475, -2.30517435074, 20.3890419006, -18.9059104919], [645.445983887, 88.8219604492, -156.200668335, 287.203155518, -69.9433670044, 86.6560745239, -47.564239502, 15.0901422501, 39.1354293823, -9.86770820618, 20.847782135, -10.6805057526, 42.4058074951], [-683.581481934, -27.5002918243, 186.411804199, -69.9433670044, 222.685424805, -14.8526220322, 64.9200592041, -6.0332365036, 12.4105110168, 28.9680366516, 12.833199501, 17.5146713257, 9.01402378082], [530.660400391, -128.00970459, -15.1655712128, 86.6560745239, -14.8526220322, 161.955886841, -9.91325950623, 33.7531852722, 6.77436256409, 18.0068569183, 19.810546875, 9.97339725494, -0.96191740036], [-576.181396484, 37.7319717407, 62.7841529846, -47.564239502, 64.9200592041, -9.91325950623, 131.105987549, 23.7144184113, 20.1921386719, -4.78919744492, -3.31922721863, 5.06051826477, -1.62438464165], [161.345733643, -8.39794158936, -5.79479932785, 15.0901422501, -6.0332365036, 33.7531852722, 23.7144184113, 93.7511825562, 17.5679283142, 8.4587020874, -4.16246318817, -1.10679614544, -0.428069412708], [-376.10647583, 33.6575965881, 36.6221160889, 39.1354293823, 12.4105110168, 6.77436256409, 20.1921386719, 17.5679283142, 79.431678772, 10.8896789551, 14.0854568481, -9.96930980682, 10.6923809052], [305.055236816, -60.0340309143, 6.03855371475, -9.86770820618, 28.9680366516, 18.0068569183, -4.78919744492, 8.4587020874, 10.8896789551, 73.52759552, 22.0017261505, 17.3687210083, -5.59524297714], [-133.324707031, 40.4243202209, -2.30517435074, 20.847782135, 12.833199501, 19.810546875, -3.31922721863, -4.16246318817, 14.0854568481, 22.0017261505, 63.9302825928, 13.5871772766, 12.4163074493], [280.789703369, -95.173538208, 20.3890419006, -10.6805057526, 17.5146713257, 9.97339725494, 5.06051826477, -1.10679614544, -9.96930980682, 17.3687210083, 13.5871772766, 61.5076179504, 9.26745223999], [-125.727203369, 64.0897293091, -18.9059104919, 42.4058074951, 9.01402378082, -0.96191740036, -1.62438464165, -0.428069412708, 10.6923809052, -5.59524297714, 12.4163074493, 9.26745223999, 57.6895332336]], "mean": [22.0500545502, 66.3530426025, -105.013641357, 46.520236969, -54.9578895569, 9.70785427094, -33.8262023926, 13.4481430054, -19.3786430359, -0.424672454596, -22.1426372528, -6.47060441971, -12.7818231583], "icov": [[0.000120266289741, -9.04341868591e-06, 0.000481178984046, -5.53939280508e-05, -0.000130767017254, -0.000273073383141, 0.000360623525921, -0.00014697444567, 0.000163151693414, -0.000386848463677, 0.000584671681281, -0.00073981465539, 0.000420755124651], [-9.04341868591e-06, 0.00166972400621, 0.000203005532967, -0.000585299334489, 3.38851714332e-05, 0.001683339593, -0.000880137144122, -0.000313419295708, 0.000410081789596, 0.000664937368128, -0.00211473996751, 0.00279509508982, -0.00138762663119], [0.000481178984046, 0.000203005532967, 0.00451912963763, 0.00110209023114, -0.00248500122689, -0.0016048544785, 0.00192521966528, -0.000427547754953, -0.0014607856283, -1.16672517834e-05, 0.00238103908487, -0.00348183582537, 0.00222307885997], [-5.53939280508e-05, -0.000585299334489, 0.00110209023114, 0.00713637238368, 0.000336563796736, -0.00402148347348, 0.00211452529766, 0.000522418762557, -0.00425753090531, 0.00186043826398, 0.000293951743515, -0.00014296376321, -0.00348202325404], [-0.000130767017254, 3.38851714332e-05, -0.00248500122689, 0.000336563796736, 0.00790564995259, 0.000620915729087, -0.00375913712196, 0.0013145954581, 0.000951882742811, -0.00318288453855, -0.00116075202823, 0.00129662116524, -0.00314901396632], [-0.000273073383141, 0.001683339593, -0.0016048544785, -0.00402148347348, 0.000620915729087, 0.0113622173667, -0.00188794441056, -0.0030025287997, 0.00218196515925, -0.000158723138156, -0.00549750123173, 0.00334876845591, 0.000207344986848], [0.000360623525921, -0.000880137144122, 0.00192521966528, 0.00211452529766, -0.00375913712196, -0.00188794441056, 0.0125102903694, -0.00309643242508, -0.00345214060508, 0.00204773549922, 0.00311135617085, -0.00522456550971, 0.00273357727565], [-0.00014697444567, -0.000313419295708, -0.000427547754953, 0.000522418762557, 0.0013145954581, -0.0030025287997, -0.00309643242508, 0.0134918047115, -0.00273950886913, -0.00159156846348, 0.00228922488168, 0.0006768850144, -0.000986849889159], [0.000163151693414, 0.000410081789596, -0.0014607856283, -0.00425753090531, 0.000951882742811, 0.00218196515925, -0.00345214060508, -0.00273950886913, 0.0191162992269, -0.0047687808983, -0.00301610562019, 0.00462377537042, -0.00177827011794], [-0.000386848463677, 0.000664937368128, -1.16672517834e-05, 0.00186043826398, -0.00318288453855, -0.000158723138156, 0.00204773549922, -0.00159156846348, -0.0047687808983, 0.0211092568934, -0.00748415756971, -0.00158293056302, 0.00238366145641], [0.000584671681281, -0.00211473996751, 0.00238103908487, 0.000293951743515, -0.00116075202823, -0.00549750123173, 0.00311135617085, 0.00228922488168, -0.00301610562019, -0.00748415756971, 0.0257020127028, -0.00976347085088, 0.00025192918838], [-0.00073981465539, 0.00279509508982, -0.00348183582537, -0.00014296376321, 0.00129662116524, 0.00334876845591, -0.00522456550971, 0.0006768850144, 0.00462377537042, -0.00158293056302, -0.00976347085088, 0.0294312592596, -0.00967944320291], [0.000420755124651, -0.00138762663119, 0.00222307885997, -0.00348202325404, -0.00314901396632, 0.000207344986848, 0.00273357727565, -0.000986849889159, -0.00177827011794, 0.00238366145641, 0.00025192918838, -0.00967944320291, 0.0257074330002]]}, "spectral_complexity": {"dmean": 3.66819643974, "dmean2": 5.91575527191, "max": 62, "dvar": 13.5468845367, "mean": 28.6039943695, "dvar2": 31.698928833, "min": 0, "var": 188.474746704, "median": 29}, "spectral_flux": {"dmean": 0.0216221492738, "dmean2": 0.0333270728588, "max": 0.323913574219, "dvar": 0.000763855467085, "mean": 0.0847131162882, "dvar2": 0.00147962232586, "min": 6.52148196556e-11, "var": 0.00206787721254, "median": 0.0793001428246}, "spectral_energyband_low": {"dmean": 0.00741491466761, "dmean2": 0.0125619769096, "max": 0.130927860737, "dvar": 0.000163268268807, "mean": 0.0126948375255, "dvar2": 0.000436443893705, "min": 2.22080311364e-23, "var": 0.000154013585416, "median": 0.00983252283186}, "spectral_decrease": {"dmean": 2.40250752626e-09, "dmean2": 3.93704446822e-09, "max": 6.92814096953e-18, "dvar": 1.31786332474e-17, "mean": -6.78136879984e-09, "dvar2": 3.39130253774e-17, "min": -4.02862774251e-08, "var": 1.87586083712e-17, "median": -6.15795459069e-09}, "barkbands_spread": {"dmean": 6.76618528366, "dmean2": 10.8351240158, "max": 160.63470459, "dvar": 56.8999557495, "mean": 35.5315933228, "dvar2": 131.761703491, "min": 1.04429066181, "var": 260.783111572, "median": 34.5594139099}, "spectral_rms": {"dmean": 0.000778301677201, "dmean2": 0.00124703918118, "max": 0.0124256024137, "dvar": 8.96729829947e-07, "mean": 0.00497290724888, "dvar2": 2.21973255066e-06, "min": 3.15426786253e-12, "var": 2.96671873912e-06, "median": 0.00507183000445}, "spectral_centroid": {"dmean": 258.063354492, "dmean2": 414.160614014, "max": 11426.0507812, "dvar": 71832.2265625, "mean": 1894.97692871, "dvar2": 166797.4375, "min": 163.556915283, "var": 671473.5625, "median": 1868.5369873}, "barkbands_skewness": {"dmean": 0.480414777994, "dmean2": 0.802469134331, "max": 12.1628980637, "dvar": 0.275694668293, "mean": 1.46704506874, "dvar2": 0.841820299625, "min": -2.0672211647, "var": 1.37685072422, "median": 1.23656916618}, "spectral_rolloff": {"dmean": 687.578063965, "dmean2": 1135.47607422, "max": 21145.6054688, "dvar": 939878.125, "mean": 2232.08496094, "dvar2": 2198193.25, "min": 21.533203125, "var": 3978847, "median": 2024.12109375}, "erbbands_spread": {"dmean": 6.81336784363, "dmean2": 11.1273565292, "max": 152.440490723, "dvar": 45.7441101074, "mean": 50.8401832581, "dvar2": 121.334838867, "min": 8.97107601166, "var": 206.895431519, "median": 49.7711524963}, "barkbands": {"dmean": [6.69602886774e-05, 0.0039766440168, 0.00364959333092, 0.00185142899863, 0.00146751757711, 0.000805828778539, 0.000608580710832, 0.00065947213443, 0.00050868827384, 0.000428956001997, 0.00018675942556, 0.000255574123003, 0.000162143856869, 0.000164612050867, 0.000234410632402, 0.000274693215033, 0.000322201201925, 0.00020918995142, 0.000241110508796, 0.000255039223703, 0.000193003303139, 0.000221059366595, 0.000156340349349, 0.000118101845146, 7.58378882892e-05, 5.74265286559e-05, 2.67139621428e-05], "dmean2": [9.6907329862e-05, 0.00681255012751, 0.00635681208223, 0.00314635317773, 0.00240008044057, 0.00130921893287, 0.00098363449797, 0.00103846297134, 0.000786443124525, 0.000670174311381, 0.00029794065631, 0.000410515727708, 0.000263889174676, 0.000260013795923, 0.000377134885639, 0.000445387035143, 0.000536522711627, 0.000353502109647, 0.000397811672883, 0.000431320891948, 0.000312707037665, 0.000335552933393, 0.000234853112488, 0.000179400260095, 0.000115180773719, 8.9241322712e-05, 3.93825794163e-05], "max": [0.00135541695636, 0.0808158069849, 0.0723840594292, 0.0325403772295, 0.0359694175422, 0.0193875283003, 0.0175235383213, 0.0192506667227, 0.0160452518612, 0.0234877355397, 0.0103034852073, 0.00852798204869, 0.00629605958238, 0.00385090778582, 0.00748863629997, 0.00449872901663, 0.00666616251692, 0.00459172343835, 0.00502853794023, 0.00541429640725, 0.00775535544381, 0.0108894370496, 0.00971178896725, 0.00969269592315, 0.00186565355398, 0.0021478284616, 0.00070876366226], "dvar": [2.53855994004e-08, 7.02087272657e-05, 3.24203901982e-05, 6.35381093161e-06, 7.16993099559e-06, 1.48599440308e-06, 1.22521066714e-06, 1.39447786296e-06, 1.13058115403e-06, 7.60826594615e-07, 1.64274098324e-07, 1.8833844706e-07, 9.44208977671e-08, 7.62624594586e-08, 1.25264477902e-07, 1.27756806023e-07, 1.66273878222e-07, 9.6636199487e-08, 1.0637193526e-07, 1.07189102039e-07, 1.30218538175e-07, 2.80112914197e-07, 1.14162460818e-07, 6.7762258027e-08, 1.43033984656e-08, 1.77384809064e-08, 4.61011806507e-09], "mean": [6.91337845637e-05, 0.00511083332822, 0.00555233005434, 0.00288804178126, 0.00212321639992, 0.00158138351981, 0.00112124707084, 0.00116808887105, 0.000945666397456, 0.000901098712347, 0.000289370102109, 0.00041751228855, 0.00025961920619, 0.000301527703414, 0.000523140653968, 0.000616021396127, 0.000797254906502, 0.000419649790274, 0.000637163873762, 0.000770244107116, 0.000505071307998, 0.000503165472765, 0.000349579495378, 0.000267088966211, 0.000161200383445, 7.86374002928e-05, 3.12729825964e-05], "dvar2": [5.17966256552e-08, 0.000186416233191, 9.24369815039e-05, 1.72679519892e-05, 1.78058089659e-05, 3.71039186575e-06, 3.15028137265e-06, 3.34777064381e-06, 2.64776463155e-06, 1.88330898254e-06, 3.99753730562e-07, 4.65330202815e-07, 2.31173046927e-07, 1.86047302009e-07, 3.20442353541e-07, 3.34798471613e-07, 4.54080804957e-07, 2.56863046388e-07, 2.83816603996e-07, 3.00576829204e-07, 3.00150730936e-07, 5.5165565982e-07, 2.17433836269e-07, 1.48168581404e-07, 3.29076321748e-08, 4.42492762431e-08, 9.56175760791e-09], "min": [3.0135050615e-24, 2.79668979714e-24, 8.17050258023e-25, 1.72862005477e-24, 2.14607747554e-23, 1.37319557904e-23, 6.8110771205e-24, 1.19413914191e-23, 2.16251228809e-23, 2.74241245922e-23, 1.07509261602e-23, 4.06533156618e-23, 4.81032833409e-23, 3.36537086736e-23, 5.38144375017e-23, 7.10195506426e-23, 7.24220696014e-23, 1.41193871535e-22, 1.84836118058e-22, 2.21951859566e-22, 2.69743501828e-22, 3.89674921395e-22, 4.41839049261e-22, 7.24195919471e-22, 9.41327599092e-22, 1.35923364347e-21, 2.18369926185e-21], "var": [3.1714449733e-08, 6.01056490268e-05, 2.99643452308e-05, 8.28702832223e-06, 8.15206294646e-06, 3.29193971993e-06, 2.0641748506e-06, 2.6536902169e-06, 2.39234577748e-06, 1.69205304701e-06, 2.70823022674e-07, 3.40764700013e-07, 1.57274371304e-07, 1.58358332669e-07, 2.63631477537e-07, 3.03683890479e-07, 4.84819736357e-07, 1.75988759565e-07, 3.93383004393e-07, 5.04558443026e-07, 3.84094818173e-07, 7.96964798155e-07, 3.447049437e-07, 1.59298380709e-07, 3.49540982825e-08, 2.06375450063e-08, 6.09777250915e-09], "median": [7.403275049e-06, 0.00302838371135, 0.00420987885445, 0.00202629109845, 0.00124055997003, 0.000973545596935, 0.000658082542941, 0.00062624324346, 0.000394092319766, 0.00052241521189, 0.000140109666972, 0.000221463167691, 0.000133975161589, 0.000179604117875, 0.000400003453251, 0.000477514433442, 0.000617977173533, 0.000280692824163, 0.000431025226135, 0.000548244046513, 0.000291647069389, 0.0002091301576, 0.000183478405233, 0.000159858478582, 0.000101749406895, 2.45532046392e-05, 3.97631310989e-06]}, "melbands_kurtosis": {"dmean": 7.23085594177, "dmean2": 12.4925918579, "max": 560.587280273, "dvar": 182.604095459, "mean": 15.7167034149, "dvar2": 583.426757812, "min": -1.32015395164, "var": 993.873779297, "median": 8.33258533478}, "erbbands_crest": {"dmean": 1.53866791725, "dmean2": 2.56772542, "max": 21.4722003937, "dvar": 2.59149861336, "mean": 5.90022659302, "dvar2": 7.68473339081, "min": 2.23630404472, "var": 5.93419933319, "median": 5.30865573883}, "melbands_skewness": {"dmean": 0.712144136429, "dmean2": 1.18841767311, "max": 20.9492301941, "dvar": 0.572275936604, "mean": 3.13217735291, "dvar2": 1.60359847546, "min": -0.254719346762, "var": 2.94463348389, "median": 2.73364233971}, "spectral_energyband_middle_low": {"dmean": 0.00370387011208, "dmean2": 0.0059687611647, "max": 0.0691623687744, "dvar": 2.61508648691e-05, "mean": 0.0103229600936, "dvar2": 6.51698428555e-05, "min": 2.23387561169e-22, "var": 5.30238830834e-05, "median": 0.00923986639827}, "spectral_contrast_coeffs": {"dmean": [0.0505575984716, 0.0405199490488, 0.0345946438611, 0.026195043698, 0.0184129234403, 0.0181931294501], "dmean2": [0.084316201508, 0.0673878192902, 0.0567720420659, 0.0430075526237, 0.0309237185866, 0.0282348841429], "max": [-0.31586048007, -0.540812075138, -0.550707221031, -0.638552963734, -0.671442687511, -0.595177412033], "dvar": [0.00167591974605, 0.00111952889711, 0.000780489761382, 0.000419178541051, 0.000214626590605, 0.000287445407594], "mean": [-0.630263626575, -0.737152636051, -0.761953771114, -0.784289956093, -0.796785235405, -0.750522732735], "dvar2": [0.00458642560989, 0.003033824265, 0.00204725097865, 0.00112087279558, 0.00059505313402, 0.000628136273008], "min": [-0.973756313324, -0.977191984653, -0.99532020092, -0.987797617912, -0.963558077812, -0.965697109699], "var": [0.00542796310037, 0.00354571617208, 0.00324247474782, 0.00205273367465, 0.00126046128571, 0.00205598352477], "median": [-0.633779764175, -0.737442910671, -0.762275874615, -0.781817674637, -0.792962968349, -0.746964514256]}, "spectral_contrast_valleys": {"dmean": [0.405672609806, 0.319929748774, 0.299853861332, 0.247564181685, 0.176429376006, 0.232266962528], "dmean2": [0.667627513409, 0.527278661728, 0.493572711945, 0.394061207771, 0.288504779339, 0.32263442874], "max": [-5.19060754776, -4.80987024307, -5.49781513214, -5.87545108795, -5.52132797241, -7.62104177475], "dvar": [0.130957186222, 0.0813364163041, 0.073325894773, 0.0525208376348, 0.0392959229648, 0.0889458954334], "mean": [-7.23736047745, -6.80979013443, -7.53129816055, -7.64889097214, -7.06704616547, -9.61033916473], "dvar2": [0.314987748861, 0.198685213923, 0.176606252789, 0.114405587316, 0.0868769064546, 0.159576430917], "min": [-28.0002765656, -28.0122337341, -27.4657382965, -27.6461315155, -27.4199810028, -27.318277359], "var": [2.81007218361, 2.92606544495, 3.13419079781, 3.22778248787, 3.41186714172, 3.1627099514], "median": [-6.92039108276, -6.48926925659, -7.16237783432, -7.26110076904, -6.70736598969, -9.15208721161]}, "silence_rate_20dB": {"dmean": 0, "dmean2": 0, "max": 1, "dvar": 0, "mean": 1, "dvar2": 0, "min": 1, "var": 0, "median": 1}, "silence_rate_30dB": {"dmean": 0, "dmean2": 0, "max": 1, "dvar": 0, "mean": 1, "dvar2": 0, "min": 1, "var": 0, "median": 1}, "spectral_strongpeak": {"dmean": 0.260472923517, "dmean2": 0.460489213467, "max": 5.71572494507, "dvar": 0.189596354961, "mean": 0.413942754269, "dvar2": 0.496805429459, "min": 0, "var": 0.215984925628, "median": 0.281006187201}, "spectral_spread": {"dmean": 490002.9375, "dmean2": 739774.1875, "max": 42074232, "dvar": 458719232000, "mean": 5304702, "dvar2": 1004538953730.0, "min": 2168597.5, "var": 5151391219710.0, "median": 4995583.5}, "barkbands_flatness_db": {"dmean": 0.0177511852235, "dmean2": 0.0291857942939, "max": 0.379784584045, "dvar": 0.000303930108203, "mean": 0.0983228385448, "dvar2": 0.000894872762728, "min": 0.0177413392812, "var": 0.00278692878783, "median": 0.0848895609379}, "pitch_salience": {"dmean": 0.0687801018357, "dmean2": 0.11673270911, "max": 0.954401731491, "dvar": 0.003721694462, "mean": 0.538911581039, "dvar2": 0.0106545193121, "min": 0.0596720017493, "var": 0.0131939891726, "median": 0.551629304886}, "erbbands_kurtosis": {"dmean": 0.426994979382, "dmean2": 0.702223241329, "max": 16.7369041443, "dvar": 0.435496777296, "mean": -0.352698266506, "dvar2": 1.42160785198, "min": -1.63150906563, "var": 1.38904643059, "median": -0.659216403961}, "average_loudness": 0.947994410992, "barkbands_crest": {"dmean": 2.23171925545, "dmean2": 3.79708051682, "max": 26.4547119141, "dvar": 4.55705451965, "mean": 8.18874359131, "dvar2": 12.6483602524, "min": 2.04405927658, "var": 13.1089143753, "median": 7.41127729416}, "hfc": {"dmean": 6.8043923378, "dmean2": 10.0661945343, "max": 168.982299805, "dvar": 93.804359436, "mean": 30.809595108, "dvar2": 191.964141846, "min": 1.09670120241e-16, "var": 530.518737793, "median": 26.5527114868}, "barkbands_kurtosis": {"dmean": 2.48517775536, "dmean2": 4.45142745972, "max": 211.283477783, "dvar": 51.8166503906, "mean": 3.05480885506, "dvar2": 194.358596802, "min": -1.96726953983, "var": 117.314323425, "median": 0.457458257675}, "erbbands": {"dmean": [0.094893887639, 0.999487996101, 3.51398158073, 5.76588344574, 5.75634098053, 3.97182822227, 5.07652425766, 6.48104858398, 8.717461586, 9.77069950104, 15.5614242554, 11.4000682831, 15.5906515121, 8.80465221405, 6.84561347961, 11.6876058578, 7.57180404663, 7.79395723343, 11.2841682434, 11.0985746384, 16.4040756226, 14.6953086853, 12.3016853333, 10.795042038, 12.3208093643, 12.9482145309, 7.85295629501, 8.16895198822, 8.36322402954, 6.03038740158, 4.37405729294, 2.98168230057, 1.80065882206, 0.947503149509, 0.513931930065, 0.251826018095, 0.100526332855, 0.0341341756284, 0.00463139591739, 0.000193191284779], "dmean2": [0.162669822574, 1.72709941864, 6.12600803375, 9.86980724335, 9.5472946167, 6.61157846451, 8.07620620728, 10.6089582443, 14.1023788452, 15.6460256577, 24.3298683167, 17.4885787964, 23.762714386, 13.95195961, 10.7429208755, 18.7696247101, 12.2158317566, 12.3101797104, 17.6939468384, 17.9737205505, 26.6908817291, 24.5709171295, 20.6234016418, 18.1262359619, 20.4620800018, 21.9600505829, 12.9865932465, 12.9772787094, 12.8356370926, 9.09889698029, 6.64567708969, 4.54432344437, 2.78490018845, 1.44982016087, 0.786352992058, 0.398332685232, 0.153981626034, 0.0517028644681, 0.00682044913992, 0.000279042025795], "max": [1.76822769642, 19.8514938354, 69.8610458374, 123.133964539, 129.776580811, 96.69947052, 175.765853882, 223.793869019, 296.792541504, 285.514801025, 523.229003906, 493.805236816, 854.063659668, 263.407897949, 410.478027344, 383.723205566, 268.447967529, 202.064331055, 352.329925537, 341.598175049, 265.936584473, 309.160736084, 234.062225342, 229.414718628, 298.556732178, 259.179595947, 275.363098145, 418.509735107, 395.742614746, 270.564422607, 286.685943604, 267.481048584, 103.629089355, 22.4646987915, 16.9822006226, 12.8781909943, 3.00350999832, 1.15684390068, 0.123704083264, 0.00536471698433], "dvar": [0.0504720248282, 4.22650575638, 34.2045288086, 61.1115226746, 110.843666077, 50.8588867188, 67.821144104, 122.054443359, 250.007980347, 330.54977417, 859.187561035, 593.366333008, 1148.54553223, 246.747283936, 215.321533203, 393.364471436, 188.213348389, 184.47756958, 282.011383057, 254.337600708, 434.677978516, 346.881072998, 321.064025879, 214.46295166, 312.653167725, 280.994384766, 140.994522095, 306.266052246, 408.511688232, 171.863082886, 97.3490829468, 50.5049552917, 12.7004003525, 2.1406929493, 0.927458703518, 0.401808530092, 0.0485264696181, 0.00687633035704, 0.000142514560139, 2.33035265751e-07], "mean": [0.0985649079084, 1.35809576511, 5.62327003479, 9.62520503998, 7.92151737213, 6.01332712173, 9.39470005035, 12.0899896622, 16.7454910278, 17.2965774536, 28.9601478577, 22.9576683044, 31.0205459595, 18.5867786407, 12.2569580078, 19.7205200195, 13.4963350296, 14.9189033508, 24.3365478516, 25.9515628815, 41.3453483582, 39.7812995911, 27.5890331268, 27.2061920166, 33.4213867188, 37.5601577759, 22.824344635, 20.5023994446, 18.7549152374, 13.2400550842, 9.51804924011, 6.66297531128, 3.99745416641, 2.11763167381, 0.9413408041, 0.364642798901, 0.139191672206, 0.0412902273238, 0.00537981884554, 0.000258740474237], "dvar2": [0.133233159781, 11.4193143845, 97.3762893677, 169.891815186, 281.174713135, 131.911911011, 164.133056641, 302.207122803, 639.574951172, 807.755004883, 2037.87695312, 1377.56079102, 2765.70874023, 611.406921387, 502.371368408, 962.384155273, 461.800964355, 453.264312744, 704.672241211, 650.031494141, 1154.89892578, 947.886108398, 859.700622559, 581.06072998, 832.722290039, 785.634399414, 361.171478271, 669.354492188, 823.108337402, 325.915283203, 190.10736084, 111.434883118, 28.5315170288, 4.97051715851, 2.20305991173, 1.06907188892, 0.114261008799, 0.01542232465, 0.000295019795885, 4.59801867692e-07], "min": [9.36924606659e-23, 8.04321872144e-22, 4.32478337407e-21, 6.90499759983e-21, 1.79123651359e-20, 6.3515696645e-20, 1.09916806697e-19, 1.3398057639e-19, 1.96569236213e-19, 3.60942509185e-19, 3.12208646408e-19, 4.66019960331e-19, 6.97796278161e-19, 9.29578437954e-19, 9.41300000824e-19, 1.40459383235e-18, 2.56406468429e-18, 2.13771863258e-18, 3.48918844445e-18, 3.33550531768e-18, 4.58773682389e-18, 4.50784813392e-18, 7.38751117322e-18, 7.51155600506e-18, 9.91746623777e-18, 9.61263694716e-18, 1.1292012114e-17, 1.14288881715e-17, 1.45487669422e-17, 1.38594045459e-17, 1.43563084835e-17, 1.28795247379e-17, 1.13934815325e-17, 9.04694880575e-18, 7.06823517321e-18, 4.47947170301e-18, 2.38977979718e-18, 1.15250568099e-18, 2.63931335631e-19, 2.83517608981e-20], "var": [0.0420911535621, 3.52300691605, 29.9397392273, 73.6073074341, 114.557983398, 61.858795166, 153.496337891, 249.919204712, 451.072479248, 580.127685547, 1683.02624512, 1289.92663574, 2392.18041992, 591.245239258, 365.526489258, 721.967407227, 339.180450439, 379.398223877, 610.75982666, 548.129394531, 1235.85839844, 1108.28759766, 613.554138184, 679.48840332, 1156.18115234, 1237.84387207, 476.057800293, 856.877807617, 1119.67993164, 513.887084961, 282.67074585, 120.327011108, 29.2890796661, 5.9918718338, 1.52208042145, 0.396079093218, 0.0660422816873, 0.00866221729666, 0.000186190402019, 3.25781826405e-07], "median": [0.036090940237, 0.880542337894, 4.37034749985, 7.29164600372, 4.86030578613, 3.38359045982, 4.83628082275, 7.03414916992, 10.0187683105, 10.004825592, 14.7239122391, 10.6048688889, 16.709154129, 10.3962574005, 6.85828828812, 10.815366745, 7.72257661819, 8.82087039948, 17.893409729, 21.1305561066, 33.2618598938, 31.8166828156, 20.3269958496, 19.0448589325, 22.1317405701, 26.4134616852, 16.1827259064, 9.83129119873, 7.61272287369, 6.50106668472, 4.90922832489, 3.69127678871, 2.47151684761, 1.3769133091, 0.557367384434, 0.151860028505, 0.0393803268671, 0.00726123806089, 0.000651029578876, 7.00320160831e-05]}, "spectral_energy": {"dmean": 0.00938019622117, "dmean2": 0.0152818234637, "max": 0.15825548768, "dvar": 0.000194999724044, "mean": 0.0283890105784, "dvar2": 0.000498832843732, "min": 1.01981417511e-20, "var": 0.000305219960865, "median": 0.0263665467501}, "zerocrossingrate": {"dmean": 0.0118857072666, "dmean2": 0.0145227909088, "max": 0.5205078125, "dvar": 0.000150204708916, "mean": 0.0852063596249, "dvar2": 0.000198125620955, "min": 0, "var": 0.00196408992633, "median": 0.08056640625}, "spectral_energyband_high": {"dmean": 0.000708283972926, "dmean2": 0.00105376553256, "max": 0.0232020244002, "dvar": 1.58554496466e-06, "mean": 0.00231450865977, "dvar2": 2.94696087622e-06, "min": 7.36603204567e-21, "var": 6.76751142237e-06, "median": 0.00151815277059}, "mfcc": {