{"tonal": {"chords_key": "G", "hpcp_entropy": {"dmean": 0.650489389896, "dmean2": 1.083152771, "max": 4.45738744736, "dvar": 0.309300601482, "mean": 1.89406013489, "dvar2": 0.841441571712, "min": 0, "var": 0.655048012733, "median": 1.92451322079}, "key_key": "G", "chords_strength": {"dmean": 0.00976300891489, "dmean2": 0.0101514905691, "max": 0.788177847862, "dvar": 6.85945851728e-05, "mean": 0.551740586758, "dvar2": 9.02109823073e-05, "min": 0.300119638443, "var": 0.0110152205452, "median": 0.568390369415}, "key_scale": "major", "chords_number_rate": 0.00191877200268, "thpcp": [1, 0.588155806065, 0.226944699883, 0.194924220443, 0.255028754473, 0.526380360126, 0.689573168755, 0.454446166754, 0.244213581085, 0.228490188718, 0.306419223547, 0.650427639484, 0.885717511177, 0.593458235264, 0.347269892693, 0.312647730112, 0.236094027758, 0.231866315007, 0.256230086088, 0.257371455431, 0.513828754425, 0.790196061134, 0.566194117069, 0.258723795414, 0.181217074394, 0.199603974819, 0.388259202242, 0.541996061802, 0.465027987957, 0.360714614391, 0.297618299723, 0.269067049026, 0.362796783447, 0.430760592222, 0.42340284586, 0.756601631641], "key_strength": 0.819145441055, "tuning_nontempered_energy_ratio": 0.690144300461, "tuning_frequency": 441.527557373, "chords_changes_rate": 0.0466901175678, "tuning_diatonic_strength": 0.668316841125, "chords_scale": "major", "chords_histogram": [50.1439094543, 0.831467866898, 18.0044765472, 0.895426928997, 4.47713470459, 0.031979534775, 0.0959386005998, 0.479692995548, 0, 0, 0, 0, 0, 0, 0, 0.639590680599, 0, 0.28781580925, 0, 0.383754402399, 0, 7.00351762772, 3.96546220779, 12.7598333359], "tuning_equal_tempered_deviation": 0.0300623495132, "hpcp": {"dmean": [0.162816256285, 0.138141721487, 0.0988649427891, 0.0932799577713, 0.120069392025, 0.16174082458, 0.156291007996, 0.154927656054, 0.121797911823, 0.106844767928, 0.0885795727372, 0.0883502140641, 0.0963788181543, 0.0983223393559, 0.133537173271, 0.159601852298, 0.14690387249, 0.0981910303235, 0.0733282864094, 0.0839767232537, 0.119560979307, 0.137079715729, 0.140131771564, 0.140681773424, 0.128656372428, 0.119730643928, 0.127766251564, 0.132696092129, 0.144837766886, 0.175713405013, 0.175821065903, 0.144957646728, 0.0943700745702, 0.0835520923138, 0.105316311121, 0.145741403103], "dmean2": [0.275796830654, 0.238987773657, 0.179356366396, 0.168986856937, 0.216237455606, 0.272830337286, 0.265091896057, 0.263766616583, 0.214852809906, 0.185467943549, 0.154382050037, 0.156528055668, 0.171592056751, 0.174202382565, 0.224530905485, 0.265125244856, 0.244480416179, 0.174177989364, 0.132779672742, 0.152889475226, 0.208265006542, 0.235609352589, 0.241947382689, 0.252491533756, 0.234509140253, 0.217762932181, 0.226486623287, 0.233765363693, 0.25597178936, 0.296104282141, 0.290403217077, 0.243925407529, 0.170342832804, 0.150751650333, 0.190322160721, 0.25107729435], "max": [1, 1, 1, 1, 1, 1, 1, 1, 1, 1, 1, 1, 1, 1, 1, 1, 1, 1, 1, 1, 1, 1, 1, 1, 1, 1, 1, 1, 1, 1, 1, 1, 1, 1, 1, 1], "dvar": [0.0517167858779, 0.0398272611201, 0.0348461233079, 0.0336785055697, 0.0432034470141, 0.0483157783747, 0.0509761422873, 0.0463481359184, 0.040454082191, 0.039879001677, 0.0268931221217, 0.0267400611192, 0.0314487367868, 0.0264044702053, 0.0347179025412, 0.0480925887823, 0.0412416383624, 0.028452636674, 0.0214661173522, 0.0268709231168, 0.0367010682821, 0.0451959036291, 0.0450961068273, 0.0484836958349, 0.0459579154849, 0.0428086444736, 0.0424201786518, 0.0447231791914, 0.0438806451857, 0.0460102334619, 0.053251773119, 0.0397990196943, 0.0298588573933, 0.0260129384696, 0.0351486243308, 0.0436659194529], "mean": [0.236492261291, 0.15585437417, 0.0837541595101, 0.078361749649, 0.105087861419, 0.223067119718, 0.30376085639, 0.203529193997, 0.119097791612, 0.107223965228, 0.0809695199132, 0.0795196071267, 0.087875276804, 0.0882667154074, 0.176219910383, 0.271001338959, 0.194178849459, 0.0887305065989, 0.0621492192149, 0.0684550926089, 0.13315525651, 0.185880020261, 0.159483462572, 0.123708717525, 0.102069549263, 0.092277765274, 0.124422810972, 0.147731304169, 0.145207926631, 0.25947996974, 0.342954546213, 0.20171071589, 0.0778317153454, 0.0668501481414, 0.0874632745981, 0.180524528027], "dvar2": [0.123827137053, 0.106661573052, 0.09786452353, 0.0953503325582, 0.119970604777, 0.123517073691, 0.120625384152, 0.119695603848, 0.105943650007, 0.100753642619, 0.0726476535201, 0.0732789337635, 0.0848739221692, 0.0710766687989, 0.0884622186422, 0.105944022536, 0.102685801685, 0.0772167369723, 0.0593247748911, 0.0733122602105, 0.0956738069654, 0.115995891392, 0.115282185376, 0.131093159318, 0.1245669052, 0.116657398641, 0.116837792099, 0.116722606122, 0.116429768503, 0.114727422595, 0.122549638152, 0.10407923162, 0.0812199786305, 0.0729095116258, 0.0972946062684, 0.112466856837], "min": [0, 0, 0, 0, 0, 0, 0, 0, 0, 0, 0, 0, 0, 0, 0, 0, 0, 0, 0, 0, 0, 0, 0, 0, 0, 0, 0, 0, 0, 0, 0, 0, 0, 0, 0, 0], "var": [0.0873801335692, 0.0458642393351, 0.0269982311875, 0.025906117633, 0.0362611301243, 0.0764769986272, 0.130112946033, 0.0689401105046, 0.0427838936448, 0.0438819117844, 0.0232787374407, 0.0219197534025, 0.0271483622491, 0.0227836053818, 0.0528684593737, 0.106224253774, 0.0637047812343, 0.0243312232196, 0.0160971917212, 0.0215252377093, 0.047760669142, 0.0777234211564, 0.0584142506123, 0.0428983718157, 0.0356381833553, 0.0332218632102, 0.044223215431, 0.0570391155779, 0.0474831797183, 0.0809617266059, 0.133413761854, 0.058811288327, 0.0236410237849, 0.0195693876594, 0.029061993584, 0.0631823688745], "median": [0.102837875485, 0.0654517263174, 0.0238301176578, 0.0214163344353, 0.0304597876966, 0.0891264900565, 0.115090496838, 0.0762089043856, 0.0344722643495, 0.027472037822, 0.0214230883867, 0.025410046801, 0.0253954492509, 0.0279322210699, 0.0725027918816, 0.112447194755, 0.0777928829193, 0.0287070702761, 0.0179338827729, 0.0173455905169, 0.0351336337626, 0.0496368072927, 0.0517203621566, 0.0393307283521, 0.0270802173764, 0.0192649625242, 0.0333001688123, 0.0418230034411, 0.0492483265698, 0.126755103469, 0.172859698534, 0.0988989844918, 0.0219982340932, 0.0157841704786, 0.0210399031639, 0.0650414377451]}}, "lowlevel": {"melbands_flatness_db": {"dmean": 0.0235289949924, "dmean2": 0.0356416963041, "max": 0.567873120308, "dvar": 0.000645025342237, "mean": 0.174134284258, "dvar2": 0.00144281820394, "min": 0.00451533077285, "var": 0.00750658521429, "median": 0.154211580753}, "melbands_crest": {"dmean": 3.11141943932, "dmean2": 4.95520877838, "max": 34.489906311, "dvar": 8.67565155029, "mean": 13.7958641052, "dvar2": 21.1066379547, "min": 1.70381128788, "var": 32.4018325806, "median": 12.7169141769}, "spectral_entropy": {"dmean": 0.145964980125, "dmean2": 0.205216094851, "max": 9.8166847229, "dvar": 0.0245901942253, "mean": 7.63780021667, "dvar2": 0.0464510023594, "min": 5.72528886795, "var": 0.235069528222, "median": 7.73922300339}, "melbands": {"dmean": [0.000983828445897, 0.00165436288808, 0.000730870466214, 0.000288113427814, 0.00018359987007, 0.000154655790539, 0.000129813532112, 0.000145671001519, 8.44142632559e-05, 8.04173905635e-05, 0.000138710864121, 8.16971441964e-05, 9.39526653383e-05, 6.617980398e-05, 4.97093933518e-05, 4.19849311584e-05, 6.93096735631e-05, 4.06870603911e-05, 3.47084387613e-05, 2.64930877165e-05, 2.72390134342e-05, 2.55276372627e-05, 1.73144162545e-05, 1.53745204443e-05, 1.33903631649e-05, 8.34873480926e-06, 7.23713128536e-06, 6.94117989042e-06, 4.90696584166e-06, 4.38387178292e-06, 3.27101224684e-06, 2.44874604505e-06, 1.90690366253e-06, 2.8418301099e-06, 1.85940496067e-06, 1.5456539586e-06, 1.18732316423e-06, 9.45143710851e-07, 7.99367171567e-07, 5.45368152416e-07], "dmean2": [0.00152541452553, 0.00284369196743, 0.00122331746388, 0.000478133704746, 0.0003184103698, 0.000248133554123, 0.000191866565729, 0.000216033382458, 0.000129275591462, 0.000119808661111, 0.00020283399499, 0.000118369185657, 0.000132575776661, 9.36825817917e-05, 6.90434753778e-05, 6.15944954916e-05, 0.000101847668702, 6.09570415691e-05, 5.34062710358e-05, 3.95237620978e-05, 4.28537896369e-05, 4.12020308431e-05, 2.69475385721e-05, 2.44647744694e-05, 2.17256256292e-05, 1.37235883813e-05, 1.16706069093e-05, 1.10455230242e-05, 7.86230157246e-06, 6.9604689088e-06, 5.34174932909e-06, 3.99640612159e-06, 3.15244051308e-06, 4.56187262898e-06, 2.88824639938e-06, 2.38714255829e-06, 1.81032942237e-06, 1.43903707794e-06, 1.2127413811e-06, 8.22385572974e-07], "max": [0.0187414102256, 0.0281592141837, 0.0157224889845, 0.00414840364829, 0.00470427097753, 0.00532814860344, 0.00532326800749, 0.00701315235347, 0.00694763334468, 0.00481520267203, 0.00676573719829, 0.00548038352281, 0.00526249688119, 0.0063108811155, 0.00270152743906, 0.00178420520388, 0.00410279724747, 0.0021515188273, 0.00121120538097, 0.00113529723603, 0.00195421418175, 0.0018632938154, 0.00103005045094, 0.000536322419066, 0.000481819442939, 0.0003136684536, 0.000162524942425, 0.000209237477975, 0.000157005008077, 0.000126017053844, 5.91397874814e-05, 9.58098244155e-05, 8.49448188092e-05, 0.00012491333473, 0.000129950625706, 0.000146287522512, 0.000111177585495, 9.67197265709e-05, 9.89909822238e-05, 6.19318234385e-05], "dvar": [5.21906849826e-06, 1.35595491884e-05, 1.3611918348e-06, 1.4298090889e-07, 1.4965557682e-07, 1.1515109577e-07, 6.96074806683e-08, 1.18132405191e-07, 5.26976755566e-08, 3.6783013968e-08, 9.71525935256e-08, 4.07062437091e-08, 5.68886306951e-08, 3.59940486305e-08, 1.15506031406e-08, 8.63285354313e-09, 2.24901448576e-08, 1.0383113036e-08, 5.15841591664e-09, 3.55156792864e-09, 3.98563670956e-09, 3.90798238215e-09, 1.23624033233e-09, 6.34236829722e-10, 6.50051790174e-10, 1.86848106432e-10, 1.13130206592e-10, 1.11719924978e-10, 5.43778355677e-11, 5.51031650864e-11, 2.68039340723e-11, 2.0623561886e-11, 1.26436638936e-11, 2.93114178762e-11, 1.60771795182e-11, 2.06157278748e-11, 1.57724579924e-11, 1.13600786764e-11, 9.43402474196e-12, 3.51256653972e-12], "mean": [0.000965933897533, 0.00180778012145, 0.00111175014172, 0.000462403753772, 0.000243900009082, 0.000268928415608, 0.000318953214446, 0.000460261304397, 0.000172293715877, 0.000158776092576, 0.000286886963295, 0.000166912359418, 0.000252007215749, 0.000133944296977, 0.000113239053462, 8.61693624756e-05, 0.000137923503644, 7.00917516951e-05, 6.19477796135e-05, 4.64882177766e-05, 4.90671554871e-05, 4.88859441248e-05, 3.7693833292e-05, 3.17388330586e-05, 2.39364198933e-05, 1.56375754159e-05, 1.54475637828e-05, 1.49021752804e-05, 1.06390270957e-05, 8.30785211292e-06, 5.91943762629e-06, 4.00082535634e-06, 3.07416394207e-06, 4.05291439165e-06, 2.94392862088e-06, 2.53134635386e-06, 2.02129785976e-06, 1.67436098764e-06, 1.4346626358e-06, 9.47450473632e-07], "dvar2": [1.22441324493e-05, 3.67207612726e-05, 3.61908655577e-06, 3.76749824227e-07, 4.15583315316e-07, 2.94652664934e-07, 1.51557685513e-07, 2.47574121204e-07, 1.19096405626e-07, 7.7836240564e-08, 2.28887671483e-07, 8.65555023211e-08, 1.04553791402e-07, 7.83459626064e-08, 2.08109494082e-08, 1.74805681041e-08, 4.89496265743e-08, 2.36726638292e-08, 1.13826619241e-08, 7.35099536797e-09, 9.3076470975e-09, 1.0296430375e-08, 2.77852607589e-09, 1.53734147634e-09, 1.60666446813e-09, 4.68998340164e-10, 2.79231138212e-10, 2.79911815948e-10, 1.30706515056e-10, 1.31384361723e-10, 6.77398762083e-11, 5.17032736069e-11, 3.07280520473e-11, 7.06573688447e-11, 3.52261136927e-11, 4.60742381747e-11, 3.21669010872e-11, 2.44280221051e-11, 1.95804778641e-11, 6.74323704514e-12], "min": [2.53284363169e-24, 2.48466572684e-24, 5.20935066714e-24, 4.73907084406e-24, 3.7138498567e-24, 1.76784872708e-24, 1.99032820995e-24, 2.83139336609e-24, 3.34109690733e-24, 1.57929124921e-24, 2.728921715e-24, 4.41721796132e-24, 3.41466134219e-24, 4.36902723748e-24, 2.66220419837e-24, 5.60645338607e-24, 6.41698430035e-24, 4.05493635161e-24, 5.65020479516e-24, 5.0398852009e-24, 5.94960156895e-24, 4.96159903909e-24, 3.31983710594e-24, 6.26961561693e-24, 6.30142367192e-24, 6.4927634622e-24, 6.77519341564e-24, 5.9524245077e-24, 6.13589028286e-24, 5.11488023501e-24, 6.44256745394e-24, 7.15796134863e-24, 6.08709765815e-24, 6.18667241477e-24, 7.79028227354e-24, 7.43393171455e-24, 6.83084834137e-24, 6.57190119935e-24, 7.72508923061e-24, 7.89513056531e-24], "var": [4.92238359584e-06, 1.04710243249e-05, 1.57284216584e-06, 2.17870905317e-07, 1.50634249962e-07, 2.33775708125e-07, 2.66519350589e-07, 1.10115411189e-06, 1.72340818949e-07, 9.60785584425e-08, 2.88402134174e-07, 1.20545976756e-07, 4.25187039355e-07, 9.77193295171e-08, 4.67368508339e-08, 2.83188885675e-08, 7.70994361687e-08, 1.78420016539e-08, 9.72405533872e-09, 8.07418931714e-09, 8.80285888627e-09, 6.60155441423e-09, 4.00729316397e-09, 1.37348854512e-09, 1.12220444048e-09, 3.59341278955e-10, 2.75556022444e-10, 2.6351962279e-10, 1.14809134422e-10, 1.08731960935e-10, 4.79337368409e-11, 3.05873416873e-11, 1.95395713498e-11, 4.0026631315e-11, 2.5193543432e-11, 3.06671632533e-11, 3.06509262415e-11, 2.63152555302e-11, 1.96192506685e-11, 7.85126564457e-12], "median": [0.000277403742075, 0.000825600931421, 0.000824405287858, 0.00032039009966, 0.000118720563478, 8.21836365503e-05, 9.087381477e-05, 4.9853217206e-05, 5.32571284566e-05, 5.30909492227e-05, 7.81103444751e-05, 5.77971040912e-05, 3.68939290638e-05, 3.19768078043e-05, 2.72865381703e-05, 2.31632220675e-05, 3.40597289323e-05, 2.77242870652e-05, 3.18146740028e-05, 2.15038271563e-05, 1.94019994524e-05, 2.19526737055e-05, 1.94611966435e-05, 2.07525736187e-05, 1.29669751914e-05, 9.82648634817e-06, 1.04206928881e-05, 9.96117705654e-06, 7.82065308158e-06, 5.28810051037e-06, 3.76045954908e-06, 2.24019890993e-06, 1.65434198607e-06, 1.97241524802e-06, 1.44321847984e-06, 1.18559057682e-06, 8.78959838246e-07, 7.22958134247e-07, 6.29131022833e-07, 4.13072342553e-07]}, "silence_rate_60dB": {"dmean": 0.00703887362033, "dmean2": 0.01408000011, "max": 1, "dvar": 0.00698937289417, "mean": 0.0588611662388, "dvar2": 0.0174018684775, "min": 0, "var": 0.0553957633674, "median": 0}, "spectral_energyband_middle_high": {"dmean": 0.00238459277898, "dmean2": 0.00352366059087, "max": 0.0493947453797, "dvar": 1.12683574116e-05, "mean": 0.00995689909905, "dvar2": 2.40379431489e-05, "min": 1.36497099728e-21, "var": 7.21740289009e-05, "median": 0.00762175116688}, "erbbands_skewness": {"dmean": 0.298456996679, "dmean2": 0.441542267799, "max": 3.49389243126, "dvar": 0.0909827575088, "mean": 0.170204564929, "dvar2": 0.18951612711, "min": -3.27703905106, "var": 0.684682011604, "median": 0.120552070439}, "dynamic_complexity": 3.27651715279, "dissonance": {"dmean": 0.0149974767119, "dmean2": 0.0250313058496, "max": 0.500000059605, "dvar": 0.000253954989603, "mean": 0.464137226343, "dvar2": 0.000677719363011, "min": 0.301412731409, "var": 0.000849422183819, "median": 0.471514582634}, "spectral_skewness": {"dmean": 0.156413897872, "dmean2": 0.256141632795, "max": 4.67002296448, "dvar": 0.023964472115, "mean": 1.49616789818, "dvar2": 0.0611464492977, "min": -0.0606995746493, "var": 0.253991663456, "median": 1.39460778236}, "spectral_kurtosis": {"dmean": 1.10366654396, "dmean2": 1.83649230003, "max": 32.5902862549, "dvar": 1.7997096777, "mean": 4.41593694687, "dvar2": 5.00836801529, "min": -1.2519505024, "var": 11.4065265656, "median": 3.67497467995}, "gfcc": {"cov": [[21134.0234375, -1716.01379395, -2883.00341797, 73.0703201294, -588.500854492, 145.889602661, -412.933837891, -67.371131897, -769.56829834, -197.690032959, -501.807312012, 33.0857849121, -493.840332031], [-1716.01379395, 1154.28930664, 213.567108154, 3.87005662918, 166.640350342, 40.6918525696, 123.898796082, -12.9728918076, 118.22127533, -5.22723293304, 115.819099426, -110.700965881, 91.6467132568], [-2883.00341797, 213.567108154, 1115.765625, 175.884216309, 111.612091064, 16.0290679932, 75.5232772827, 60.017326355, 177.241714478, 48.8685569763, -34.6354789734, 34.0026702881, -18.3816814423], [73.0703201294, 3.87005662918, 175.884216309, 312.809661865, 73.5033111572, -10.2846021652, -21.6175727844, 42.2075157166, 23.0353851318, -15.0230178833, -37.9043121338, -16.8293418884, 2.05227828026], [-588.500854492, 166.640350342, 111.612091064, 73.5033111572, 260.514465332, 83.3740158081, 88.7145080566, 13.0445613861, 15.5980415344, -4.1373090744, -5.14136886597, -7.74569749832, 19.0492630005], [145.889602661, 40.6918525696, 16.0290679932, -10.2846021652, 83.3740158081, 215.765396118, 86.8807296753, -43.9105987549, -69.0623245239, -30.3201179504, 0.923087835312, -14.226984024, 3.41422724724], [-412.933837891, 123.898796082, 75.5232772827, -21.6175727844, 88.7145080566, 86.8807296753, 190.570114136, 18.5154933929, -10.1068315506, -14.202331543, 0.868839502335, -3.83243656158, -11.0122509003], [-67.371131897, -12.9728918076, 60.017326355, 42.2075157166, 13.0445613861, -43.9105987549, 18.5154933929, 137.546417236, 78.1228103638, 16.9103164673, -11.5425758362, 5.09691905975, -5.36828565598], [-769.56829834, 118.22127533, 177.241714478, 23.0353851318, 15.5980415344, -69.0623245239, -10.1068315506, 78.1228103638, 176.632217407, 63.119720459, 16.5097141266, 2.0600130558, 1.99980425835], [-197.690032959, -5.22723293304, 48.8685569763, -15.0230178833, -4.1373090744, -30.3201179504, -14.202331543, 16.9103164673, 63.119720459, 87.839515686, 31.6855983734, 11.4251565933, -6.68303012848], [-501.807312012, 115.819099426, -34.6354789734, -37.9043121338, -5.14136886597, 0.923087835312, 0.868839502335, -11.5425758362, 16.5097141266, 31.6855983734, 112.916763306, 5.73475980759, 39.845123291], [33.0857849121, -110.700965881, 34.0026702881, -16.8293418884, -7.74569749832, -14.226984024, -3.83243656158, 5.09691905975, 2.0600130558, 11.4251565933, 5.73475980759, 85.6607971191, 5.66313934326], [-493.840332031, 91.6467132568, -18.3816814423, 2.05227828026, 19.0492630005, 3.41422724724, -11.0122509003, -5.36828565598, 1.99980425835, -6.68303012848, 39.845123291, 5.66313934326, 97.4978637695]], "mean": [10.8870038986, 71.1350784302, -118.970787048, 31.5155220032, -48.648311615, 14.4256677628, -33.227684021, 10.31889534, -26.3337135315, 1.19228124619, -19.4480400085, -2.37898254395, -12.2007131577], "icov": [[0.000167364240042, -0.000140198200825, 0.000483556475956, -0.000325410161167, 0.000303389853798, -0.000430635991506, 0.000334127136739, -0.000336686411174, 0.00043054582784, -0.000411092158174, 0.000722336699255, -0.000564478861634, 0.000753104803152], [-0.000140198200825, 0.00186218193267, -0.000642673578113, 0.000477093883092, -0.000964338192716, 0.000788021599874, -0.00123843748588, 0.00128722109366, -0.0019494072767, 0.00175063242204, -0.00227200449444, 0.00279072206467, -0.00157354504336], [0.000483556475956, -0.000642673578113, 0.00278310989961, -0.00174069381319, 0.00099883810617, -0.0016821915051, 0.000455363246147, -0.000407134764828, -0.000319062091876, -0.00142317905556, 0.00282269786112, -0.00276019214652, 0.00242325267754], [-0.000325410161167, 0.000477093883092, -0.00174069381319, 0.00508272182196, -0.00215276610106, 0.00122615601867, 0.000849318283144, -0.000823413662147, -0.000102759739093, 0.00170736818109, -0.000935913121793, 0.00248060026206, -0.0017460740637], [0.000303389853798, -0.000964338192716, 0.00099883810617, -0.00215276610106, 0.00659109838307, -0.00267301127315, -0.00131539837457, -0.000627841975074, 0.000269142270554, -0.00190779811237, 0.00272857653908, -0.00199783383869, 0.000164138837135], [-0.000430635991506, 0.000788021599874, -0.0016821915051, 0.00122615601867, -0.00267301127315, 0.00875302497298, -0.00349618960172, 0.00244969315827, 0.00114915764425, 0.00166529091075, -0.0027289991267, 0.00308706797659, -0.00228264695033], [0.000334127136739, -0.00123843748588, 0.000455363246147, 0.000849318283144, -0.00131539837457, -0.00349618960172, 0.00957371573895, -0.00386064872146, 0.00265208492056, -0.000145364101627, 0.001108738943, -0.00215350859798, 0.00378030212596], [-0.000336686411174, 0.00128722109366, -0.000407134764828, -0.000823413662147, -0.000627841975074, 0.00244969315827, -0.00386064872146, 0.012747861445, -0.0074614668265, 0.0025021226611, -0.000881540589035, 0.00125314644538, -0.00205999822356], [0.00043054582784, -0.0019494072767, -0.000319062091876, -0.000102759739093, 0.000269142270554, 0.00114915764425, 0.00265208492056, -0.0074614668265, 0.015945898369, -0.0087762195617, 0.00254163774662, -0.00130730529781, 0.00185967690777], [-0.000411092158174, 0.00175063242204, -0.00142317905556, 0.00170736818109, -0.00190779811237, 0.00166529091075, -0.000145364101627, 0.0025021226611, -0.0087762195617, 0.0209513437003, -0.00848566181958, 0.00116103317123, 0.00142029882409], [0.000722336699255, -0.00227200449444, 0.00282269786112, -0.000935913121793, 0.00272857653908, -0.0027289991267, 0.001108738943, -0.000881540589035, 0.00254163774662, -0.00848566181958, 0.0178287960589, -0.00463677290827, -0.00166526448447], [-0.000564478861634, 0.00279072206467, -0.00276019214652, 0.00248060026206, -0.00199783383869, 0.00308706797659, -0.00215350859798, 0.00125314644538, -0.00130730529781, 0.00116103317123, -0.00463677290827, 0.0177586786449, -0.00497718295082], [0.000753104803152, -0.00157354504336, 0.00242325267754, -0.0017460740637, 0.000164138837135, -0.00228264695033, 0.00378030212596, -0.00205999822356, 0.00185967690777, 0.00142029882409, -0.00166526448447, -0.00497718295082, 0.0174342319369]]}, "spectral_complexity": {"dmean": 4.46136617661, "dmean2": 6.58112001419, "max": 59, "dvar": 24.2205867767, "mean": 23.5369472504, "dvar2": 48.0304832458, "min": 0, "var": 127.465560913, "median": 23}, "spectral_flux": {"dmean": 0.0311716794968, "dmean2": 0.0465498380363, "max": 0.329310745001, "dvar": 0.00135160028003, "mean": 0.0921593084931, "dvar2": 0.00289268838242, "min": 6.28747540143e-11, "var": 0.00304598268121, "median": 0.0803291797638}, "spectral_energyband_low": {"dmean": 0.00727557111531, "dmean2": 0.0117763988674, "max": 0.123823039234, "dvar": 0.000224608040298, "mean": 0.00894445087761, "dvar2": 0.000570411386434, "min": 2.61924744831e-23, "var": 0.000203621748369, "median": 0.00516703911126}, "spectral_decrease": {"dmean": 2.67205813032e-09, "dmean2": 4.17182555168e-09, "max": 9.78176207636e-29, "dvar": 1.68672152329e-17, "mean": -7.0482273351e-09, "dvar2": 4.14665475637e-17, "min": -3.51674067645e-08, "var": 2.42421061115e-17, "median": -6.36474339899e-09}, "barkbands_spread": {"dmean": 5.70438146591, "dmean2": 8.65617275238, "max": 116.322944641, "dvar": 42.2619476318, "mean": 26.4593372345, "dvar2": 94.568397522, "min": 0.461740911007, "var": 200.407836914, "median": 25.5347213745}, "spectral_rms": {"dmean": 0.000872207339853, "dmean2": 0.00130136415828, "max": 0.0114618372172, "dvar": 1.26110205656e-06, "mean": 0.00499928928912, "dvar2": 2.86455815512e-06, "min": 3.17097975482e-12, "var": 3.6293604353e-06, "median": 0.0051265116781}, "spectral_centroid": {"dmean": 216.932693481, "dmean2": 328.800689697, "max": 11523.71875, "dvar": 69208.234375, "mean": 1670.72253418, "dvar2": 139066.0625, "min": 169.165084839, "var": 575325.75, "median": 1680.11987305}, "barkbands_skewness": {"dmean": 0.475214719772, "dmean2": 0.7137337327, "max": 15.27876091, "dvar": 0.292927592993, "mean": 1.12142181396, "dvar2": 0.675039291382, "min": -2.67047953606, "var": 2.67780160904, "median": 0.813362598419}, "spectral_rolloff": {"dmean": 501.046203613, "dmean2": 808.608703613, "max": 19121.484375, "dvar": 698654.25, "mean": 1915.18981934, "dvar2": 1415006.125, "min": 64.599609375, "var": 2615523.25, "median": 1636.5234375}, "erbbands_spread": {"dmean": 6.85421514511, "dmean2": 10.120057106, "max": 144.87940979, "dvar": 59.405216217, "mean": 34.6162414551, "dvar2": 125.703117371, "min": 4.48472690582, "var": 315.817687988, "median": 32.0440101624}, "barkbands": {"dmean": [0.000220446352614, 0.0044657131657, 0.00270444923081, 0.00155080016702, 0.00122686591931, 0.000801003654487, 0.000759855145589, 0.000560793851037, 0.000562129542232, 0.000842302513774, 0.000648063491099, 0.000552864337806, 0.000403949263273, 0.000677609117702, 0.000497569795698, 0.000317161699058, 0.000447407510364, 0.000313761120196, 0.000243621616391, 0.000193697516806, 0.000153217144543, 0.000110300694359, 0.00012481478916, 8.17418040242e-05, 6.00095772825e-05, 6.26294131507e-05, 7.98248584033e-06], "dmean2": [0.000391782465158, 0.0073061529547, 0.00457507371902, 0.00263960449956, 0.0020532393828, 0.00130862381775, 0.00107699364889, 0.000853430712596, 0.000856192491483, 0.0012535789283, 0.000945054751355, 0.000798573542852, 0.000597585632931, 0.00100776006002, 0.000764822761994, 0.000478699046653, 0.000716514827218, 0.000492578954436, 0.000393727154005, 0.000307581794914, 0.000241783869569, 0.000178091329872, 0.00019346922636, 0.000120850447274, 8.8980414148e-05, 0.000100023142295, 1.26296772578e-05], "max": [0.00448755221441, 0.0858244597912, 0.0554732233286, 0.0347769148648, 0.0163079090416, 0.0232761278749, 0.0290125235915, 0.0285257138312, 0.0247146338224, 0.0334402434528, 0.0332682430744, 0.0448443740606, 0.0141649870202, 0.0331837907434, 0.018865197897, 0.0195437073708, 0.0281125381589, 0.0126026952639, 0.00575023563579, 0.00563284847885, 0.00343740405515, 0.00366995763034, 0.00735299754888, 0.00731951138005, 0.00560308806598, 0.00314517598599, 0.000244803464739], "dvar": [1.70811745193e-07, 0.000115269729577, 2.90119314741e-05, 6.3731249611e-06, 2.85048531623e-06, 2.95436507258e-06, 2.37865083363e-06, 1.79342805495e-06, 1.85282522125e-06, 3.3582020933e-06, 2.79834966932e-06, 2.24714290198e-06, 7.47195485928e-07, 2.01532975552e-06, 1.05597621314e-06, 6.08574282523e-07, 9.33798276037e-07, 2.65200839067e-07, 1.57429539627e-07, 7.94671279891e-08, 5.43327374203e-08, 3.9125708895e-08, 6.50635314514e-08, 7.69047332483e-08, 3.29371658836e-08, 1.504163194e-08, 3.2457300736e-10], "mean": [0.000197448229301, 0.00410565827042, 0.00344200315885, 0.00214076647535, 0.00194545695558, 0.00134721014183, 0.00220955116674, 0.00112138094846, 0.00105770409573, 0.00170899811201, 0.00172552606091, 0.00116062001325, 0.000879878876731, 0.00130586663727, 0.00087583612185, 0.000515185529366, 0.000901616702322, 0.000695532187819, 0.000478321540868, 0.000457024987554, 0.000332076073391, 0.000188455276657, 0.000199229092686, 0.000150621417561, 0.000102062396763, 8.38042760734e-05, 9.99475378194e-06], "dvar2": [5.06476624196e-07, 0.000294555677101, 7.81493872637e-05, 1.73247826751e-05, 7.47673402657e-06, 7.7138247434e-06, 4.66631308882e-06, 3.99589407607e-06, 3.84320219382e-06, 7.81653307058e-06, 5.4195188568e-06, 4.85754753754e-06, 1.413267114e-06, 4.52104586657e-06, 2.27395958063e-06, 1.35574077831e-06, 2.3689271984e-06, 6.29335204394e-07, 3.88737106505e-07, 1.94256514874e-07, 1.29711267505e-07, 9.56985459766e-08, 1.45304468901e-07, 1.52572937395e-07, 6.26067233611e-08, 3.59620635493e-08, 8.16641032575e-10], "min": [2.72388542977e-24, 6.94072562141e-24, 3.98006990183e-24, 7.32627350023e-24, 1.87693138754e-23, 1.69205631237e-23, 1.19639559964e-23, 1.0297414759e-23, 1.11178766432e-23, 2.76307430405e-23, 2.1598602955e-23, 4.2093706255e-23, 4.0057302849e-23, 6.00541631789e-23, 8.17848577371e-23, 9.00836050403e-23, 9.0156041404e-23, 1.58487027864e-22, 1.79526389968e-22, 2.39359280819e-22, 2.71242489009e-22, 3.91080027817e-22, 4.56880215965e-22, 6.71791372044e-22, 1.07291464679e-21, 1.50222744316e-21, 2.07877455154e-21], "var": [1.23932323959e-07, 9.36497526709e-05, 2.82680084638e-05, 7.09348341843e-06, 4.12432291341e-06, 5.23424660059e-06, 1.91690050997e-05, 5.56415761821e-06, 5.0433081924e-06, 9.10510425456e-06, 1.9915161829e-05, 6.89660328135e-06, 3.53715836354e-06, 6.1066825765e-06, 1.99599003281e-06, 1.15891953101e-06, 2.20410879592e-06, 7.2136521112e-07, 3.29920823106e-07, 2.09604692714e-07, 1.20678450344e-07, 6.25133438348e-08, 1.02008534952e-07, 1.76689397335e-07, 7.93875400973e-08, 2.53486849289e-08, 3.42794570507e-10], "median": [9.70018008957e-05, 0.00119718455244, 0.00179380539339, 0.00136615370866, 0.00130815641023, 0.000470823521027, 0.000367624248611, 0.000237373023992, 0.000287302769721, 0.000583962304518, 0.000235573679674, 0.000247430725722, 0.000200756432605, 0.000336536264513, 0.000452253967524, 0.000208938028663, 0.000433065724792, 0.000448308739578, 0.000291907344945, 0.000328398484271, 0.000235613289988, 0.000108774620458, 0.000102748439531, 6.78384676576e-05, 4.5039167162e-05, 2.66564857156e-05, 3.91919365939e-06]}, "melbands_kurtosis": {"dmean": 5.22948741913, "dmean2": 8.34264564514, "max": 688.256835938, "dvar": 132.44694519, "mean": 11.8394727707, "dvar2": 344.174316406, "min": -1.82450532913, "var": 1540.24121094, "median": 3.73538041115}, "erbbands_crest": {"dmean": 2.44282102585, "dmean2": 3.70140695572, "max": 29.7829399109, "dvar": 6.48903179169, "mean": 10.6955432892, "dvar2": 14.097869873, "min": 1.95948123932, "var": 31.044216156, "median": 9.42537593842}, "melbands_skewness": {"dmean": 0.684844315052, "dmean2": 1.0327745676, "max": 18.0452136993, "dvar": 0.71622812748, "mean": 2.08999156952, "dvar2": 1.63527846336, "min": -1.42396998405, "var": 3.55792689323, "median": 1.76932299137}, "spectral_energyband_middle_low": {"dmean": 0.00387196615338, "dmean2": 0.00611035292968, "max": 0.0548855997622, "dvar": 2.71346998488e-05, "mean": 0.0108601003885, "dvar2": 6.86353814672e-05, "min": 1.90023642127e-22, "var": 7.07994040567e-05, "median": 0.00901895575225}, "spectral_contrast_coeffs": {"dmean": [0.0528054758906, 0.0449636206031, 0.039795704186, 0.0334092602134, 0.0240254923701, 0.0181516781449], "dmean2": [0.0871334969997, 0.0714830458164, 0.0617160797119, 0.0518887639046, 0.0376879945397, 0.0287282373756], "max": [-0.369994670153, -0.307916730642, -0.433766961098, -0.435610353947, -0.54155009985, -0.632225096226], "dvar": [0.00209995778278, 0.00155228585936, 0.0012426021276, 0.00087163184071, 0.000435732363258, 0.000268251838861], "mean": [-0.650169849396, -0.711986720562, -0.727525949478, -0.747446358204, -0.772343814373, -0.759257912636], "dvar2": [0.00540954200551, 0.0038603618741, 0.00279016210698, 0.0018752188189, 0.00096775777638, 0.000639623322058], "min": [-0.980833768845, -0.983089268208, -0.969697535038, -0.966874361038, -0.965714395046, -0.965054392815], "var": [0.00575108546764, 0.00881326757371, 0.00726697873324, 0.00487979175523, 0.00275648874231, 0.00175008247606], "median": [-0.647939562798, -0.727637410164, -0.73923099041, -0.75575196743, -0.774711191654, -0.752529263496]}, "spectral_contrast_valleys": {"dmean": [0.474005907774, 0.408672958612, 0.36995896697, 0.333240240812, 0.277446717024, 0.280585736036], "dmean2": [0.737646400928, 0.644863247871, 0.563930571079, 0.49590626359, 0.406125068665, 0.383988231421], "max": [-5.14905071259, -4.77755641937, -5.24213695526, -5.56777715683, -5.53878974915, -7.35452318192], "dvar": [0.227031350136, 0.173184335232, 0.141574308276, 0.123637542129, 0.105309158564, 0.108216434717], "mean": [-7.39423179626, -7.16706037521, -7.49810600281, -7.77493000031, -7.40457201004, -9.9329328537], "dvar2": [0.445208519697, 0.36433199048, 0.267548948526, 0.213839828968, 0.172665804625, 0.175659328699], "min": [-27.7982597351, -27.4801425934, -27.5705108643, -27.5771999359, -27.4919204712, -27.397983551], "var": [2.07811927795, 2.58996272087, 2.83397841454, 2.96310544014, 3.08198618889, 2.56799888611], "median": [-7.11775112152, -6.89896154404, -7.21625328064, -7.4546995163, -6.98913955688, -9.56769275665]}, "silence_rate_20dB": {"dmean": 0, "dmean2": 0, "max": 1, "dvar": 0, "mean": 1, "dvar2": 0, "min": 1, "var": 0, "median": 1}, "silence_rate_30dB": {"dmean": 0.000639897596557, "dmean2": 0.00127999996766, "max": 1, "dvar": 0.000639515579678, "mean": 0.999680101871, "dvar2": 0.00191847118549, "min": 0, "var": 0.000319802376907, "median": 1}, "spectral_strongpeak": {"dmean": 0.856113672256, "dmean2": 1.45155608654, "max": 12.2849979401, "dvar": 1.63802087307, "mean": 1.77183258533, "dvar2": 3.73562908173, "min": 0, "var": 3.73459625244, "median": 0.844116866589}, "spectral_spread": {"dmean": 521485.59375, "dmean2": 756575.4375, "max": 43220088, "dvar": 668345171968, "mean": 4744954, "dvar2": 1108545503230.0, "min": 2001942.25, "var": 4371436273660.0, "median": 4562054.5}, "barkbands_flatness_db": {"dmean": 0.0189137626439, "dmean2": 0.0284890215844, "max": 0.421264708042, "dvar": 0.000369576097, "mean": 0.111000292003, "dvar2": 0.000839760352392, "min": 0.0176457446069, "var": 0.00432071322575, "median": 0.0950942784548}, "pitch_salience": {"dmean": 0.0690073668957, "dmean2": 0.110130749643, "max": 0.909272313118, "dvar": 0.0048143947497, "mean": 0.532541453838, "dvar2": 0.0118561722338, "min": 0.128210708499, "var": 0.0164778549224, "median": 0.536273360252}, "erbbands_kurtosis": {"dmean": 0.792450726032, "dmean2": 1.17940855026, "max": 16.7332344055, "dvar": 1.0999417305, "mean": 0.861908197403, "dvar2": 2.40985608101, "min": -1.62543594837, "var": 4.74404144287, "median": 0.235863447189}, "average_loudness": 0.940496981144, "barkbands_crest": {"dmean": 2.38032388687, "dmean2": 3.77633738518, "max": 23.9277839661, "dvar": 5.8485994339, "mean": 9.50816059113, "dvar2": 14.8240203857, "min": 2.29771614075, "var": 19.7596130371, "median": 8.42015075684}, "hfc": {"dmean": 7.76447343826, "dmean2": 11.3896141052, "max": 173.659057617, "dvar": 114.849845886, "mean": 30.1664218903, "dvar2": 240.5756073, "min": 1.13305638591e-16, "var": 415.313171387, "median": 28.5076446533}, "barkbands_kurtosis": {"dmean": 1.91646337509, "dmean2": 3.04074716568, "max": 347.511993408, "dvar": 19.4643363953, "mean": 5.11866474152, "dvar2": 46.6189193726, "min": -1.86935925484, "var": 738.235534668, "median": 0.340351700783}, "erbbands": {"dmean": [0.0785278826952, 1.18825769424, 3.13876056671, 4.26705121994, 4.6031961441, 3.97937607765, 5.37337779999, 6.87066078186, 8.03737068176, 14.1778564453, 10.5710420609, 11.9047679901, 27.6857719421, 19.7969055176, 24.3798236847, 23.7201156616, 17.3152198792, 32.5976448059, 22.5381221771, 24.350271225, 18.8647384644, 19.9224720001, 15.8121051788, 15.0172510147, 10.9617338181, 9.83680152893, 6.90433979034, 5.43913555145, 3.92095851898, 4.24767446518, 2.94700336456, 2.0089533329, 1.24681758881, 0.695675849915, 0.463272660971, 0.455873966217, 0.0487279929221, 0.0101023875177, 0.00151051953435, 5.36178195034e-05], "dmean2": [0.124889619648, 2.04356884956, 5.36135864258, 7.22469615936, 7.60486555099, 6.81282949448, 9.33243846893, 11.0811834335, 12.1357698441, 20.7208957672, 16.2056808472, 17.8673992157, 40.3534889221, 28.7854747772, 34.1180114746, 33.3946075439, 24.9496440887, 47.9444007874, 33.6146659851, 37.569896698, 28.8964576721, 31.7273349762, 24.6543655396, 24.0657444, 17.795791626, 15.5868377686, 10.8816976547, 8.66002845764, 6.35629081726, 6.76946544647, 4.49565267563, 3.03931832314, 1.8553019762, 1.0334444046, 0.722477793694, 0.735923230648, 0.0752759128809, 0.0156184034422, 0.00238982075825, 8.26965915621e-05], "max": [1.35475456715, 22.4292316437, 56.1580238342, 109.605690002, 70.2504730225, 62.9218826294, 152.822570801, 265.924682617, 342.396881104, 748.833557129, 717.611328125, 739.837890625, 1365.37036133, 1241.03393555, 1157.50561523, 1675.32922363, 742.367980957, 1979.6796875, 1240.18322754, 1315.16210938, 1231.22851562, 1746.6192627, 862.102600098, 536.591674805, 367.220031738, 318.628540039, 203.794631958, 130.051483154, 137.820388794, 197.012237549, 233.358047485, 173.474029541, 146.464202881, 75.0328521729, 32.1847419739, 25.1999549866, 2.35676670074, 0.275549948215, 0.0505902059376, 0.00124620704446], "dvar": [0.032549675554, 8.77363777161, 42.8697624207, 54.8497123718, 42.2584533691, 32.1091117859, 146.191986084, 240.955413818, 308.413726807, 1194.80310059, 797.988647461, 828.654785156, 3914.74194336, 2353.70068359, 3644.27172852, 3829.33251953, 1361.71362305, 4930.48974609, 2962.34838867, 2467.20263672, 1810.67382812, 2489.75390625, 861.067810059, 722.227111816, 283.411468506, 227.398422241, 110.795051575, 73.0234451294, 51.5855979919, 63.5004806519, 44.5363960266, 42.0900344849, 20.452041626, 5.89025831223, 1.51149094105, 0.850940346718, 0.00850260071456, 0.000416293740273, 1.25145925267e-05, 1.18984386788e-08], "mean": [0.0850940197706, 1.05085361004, 3.70193839073, 6.29397201538, 6.7634100914, 5.96301698685, 6.97933244705, 11.5634851456, 17.9503993988, 47.9326667786, 23.1321411133, 24.947883606, 58.3002700806, 45.3123283386, 63.0845489502, 55.2170715332, 44.5382614136, 68.6709976196, 43.6206932068, 45.9540748596, 38.0785102844, 42.7947311401, 37.4061088562, 30.4123363495, 22.8759918213, 22.7393302917, 16.0969009399, 11.1746015549, 6.80734586716, 6.5779967308, 4.93789434433, 3.55725288391, 2.35280776024, 1.28191173077, 0.684854745865, 0.585027337074, 0.0739594548941, 0.0144000863656, 0.00188715790864, 9.26353168325e-05], "dvar2": [0.0627631098032, 23.6261806488, 116.319526672, 147.472869873, 109.008750916, 88.5810775757, 400.654724121, 621.394470215, 667.391296387, 2401.06347656, 1807.07788086, 1786.40258789, 9253.92382812, 5021.46679688, 6669.6875, 7920.08789062, 2399.11206055, 10770.8222656, 6598.35253906, 5312.91113281, 4081.21020508, 6471.73193359, 2032.37597656, 1763.15039062, 701.878723145, 563.4375, 260.614257812, 178.541854858, 127.456878662, 151.958633423, 96.1237487793, 86.2107086182, 42.3294868469, 11.0622997284, 3.26595115662, 2.04568576813, 0.0192618444562, 0.000994792208076, 3.18784586852e-05, 2.94056814454e-08], "min": [1.96865552665e-22, 1.17782360513e-21, 7.15503071143e-21, 2.37906579199e-20, 2.69786330033e-20, 6.53760775415e-20, 9.75120120274e-20, 6.77614273212e-20, 1.03374816178e-19, 2.36633444839e-19, 3.93226412065e-19, 4.764445557e-19, 5.58071824221e-19, 1.13254901813e-18, 1.23991716504e-18, 1.60501566227e-18, 1.9016993952e-18, 3.73882948537e-18, 2.91021950472e-18, 5.23982894337e-18, 5.04481532369e-18, 4.57870690674e-18, 6.27528908467e-18, 8.54600491806e-18, 9.92938756476e-18, 9.92711695398e-18, 9.32981562392e-18, 1.10646714488e-17, 1.40617627022e-17, 1.20958091578e-17, 1.37452081264e-17, 1.15223364196e-17, 1.21290800164e-17, 1.04688755874e-17, 7.84659724037e-18, 4.80513850043e-18, 2.82090116256e-18, 1.16314911733e-18, 2.6806056955e-19, 3.03779462709e-20], "var": [0.0369205251336, 6.27886390686, 36.4046173096, 60.8590316772, 54.75025177, 43.7492904663, 148.956359863, 445.581878662, 936.461669922, 12646.6279297, 2665.7175293, 2246.8815918, 11555.7304688, 7638.58544922, 21596.8574219, 13117.984375, 8337.61621094, 16379.78125, 5455.43701172, 5327.57763672, 4182.52539062, 4312.21533203, 2266.89501953, 1407.77429199, 631.742431641, 568.40838623, 248.398727417, 154.635437012, 81.4849853516, 93.7732849121, 72.487411499, 78.3197479248, 49.3584938049, 13.8664369583, 3.17139458656, 1.45075345039, 0.0149943726137, 0.000545950955711, 1.2660111679e-05, 1.37064644079e-08], "median": [0.0214704889804, 0.341357111931, 1.7389330864, 4.29078435898, 4.61654424667, 3.70922994614, 3.0864610672, 3.51352882385, 6.1260766983, 5.04509210587, 7.20484113693, 9.27097702026, 17.1027126312, 16.840637207, 13.8546161652, 15.2153100967, 14.1428537369, 21.1346893311, 21.387348175, 23.8606567383, 17.7770328522, 22.3623065948, 24.8825817108, 18.3217639923, 15.1611976624, 15.9695234299, 11.9462814331, 7.58599853516, 3.91395044327, 3.48808860779, 2.54438042641, 1.65572619438, 1.05138623714, 0.576147973537, 0.278304994106, 0.144729748368, 0.0344984233379, 0.00631239591166, 0.000744321965612, 5.7997451222e-05]}, "spectral_energy": {"dmean": 0.0105843571946, "dmean2": 0.0164224840701, "max": 0.134658053517, "dvar": 0.00025134588941, "mean": 0.029337702319, "dvar2": 0.000614229822531, "min": 1.03064911022e-20, "var": 0.000386715692002, "median": 0.0269381515682}, "zerocrossingrate": {"dmean": 0.0103440480307, "dmean2": 0.0123530467972, "max": 0.52001953125, "dvar": 0.000168989776284, "mean": 0.0735553652048, "dvar2": 0.000210719968891, "min": 0.001953125, "var": 0.00172446866054, "median": 0.06982421875}, "spectral_energyband_high": {"dmean": 0.000569267605897, "dmean2": 0.000837793515529, "max": 0.0178559757769, "dvar": 9.2809796115e-07, "mean": 0.00130625313614, "dvar2": 1.936413355e-06, "min": 7.36456186138e-21, "var": 2.33155