{"tonal": {"chords_key": "D", "hpcp_entropy": {"dmean": 0.728835880756, "dmean2": 1.23798954487, "max": 4.49903392792, "dvar": 0.341901659966, "mean": 2.45810556412, "dvar2": 0.958605587482, "min": 0, "var": 0.717666268349, "median": 2.51289868355}, "key_key": "A#", "chords_strength": {"dmean": 0.00907153263688, "dmean2": 0.00950318202376, "max": 0.857159852982, "dvar": 0.000379379489459, "mean": 0.565127491951, "dvar2": 0.000713661895134, "min": -1, "var": 0.023035954684, "median": 0.582874000072}, "key_scale": "major", "chords_number_rate": 0.00138816586696, "thpcp": [1, 0.644971132278, 0.219119369984, 0.155049785972, 0.144046410918, 0.165087834001, 0.181325629354, 0.168203115463, 0.173581495881, 0.212245583534, 0.290768057108, 0.48874861002, 0.760105252266, 0.720916330814, 0.433707118034, 0.290434330702, 0.237236455083, 0.202746763825, 0.20084181428, 0.195937663317, 0.197156235576, 0.231249421835, 0.234990939498, 0.201404511929, 0.194000557065, 0.198173835874, 0.21690069139, 0.306914657354, 0.37052822113, 0.355523377657, 0.335272669792, 0.290075689554, 0.237955361605, 0.24317355454, 0.263034939766, 0.619714736938], "key_strength": 0.683682560921, "tuning_nontempered_energy_ratio": 0.844967842102, "tuning_frequency": 434.193115234, "chords_changes_rate": 0.0433801822364, "tuning_diatonic_strength": 0.606252729893, "chords_scale": "minor", "chords_histogram": [3.69599175453, 59.1011619568, 17.1091442108, 3.83480834961, 0, 0, 1.14523684978, 0, 1.16258895397, 0.0694082975388, 6.68054819107, 0, 0, 0.0520562194288, 0, 0, 0, 0.503210127354, 0, 0.780843317509, 0.0173520743847, 0.0520562194288, 5.25767850876, 0.537914276123], "tuning_equal_tempered_deviation": 0.140312507749, "hpcp": {"dmean": [0.185717254877, 0.186547651887, 0.163366958499, 0.12936116755, 0.106232844293, 0.0982868522406, 0.099349103868, 0.0940954461694, 0.0889477208257, 0.0974501669407, 0.0981513187289, 0.0872573256493, 0.0795281082392, 0.0824753269553, 0.0871613621712, 0.103943392634, 0.115734703839, 0.125271752477, 0.105161495507, 0.0972112044692, 0.0974603518844, 0.0966365784407, 0.104769200087, 0.152522057295, 0.20437951386, 0.13825468719, 0.0826918780804, 0.0661887675524, 0.0617438554764, 0.0705367401242, 0.0761606171727, 0.0761269181967, 0.0857041105628, 0.107194319367, 0.144073829055, 0.186936676502], "dmean2": [0.321296304464, 0.321947842836, 0.283954769373, 0.229695647955, 0.188736468554, 0.178557887673, 0.18108843267, 0.171867743134, 0.16051633656, 0.174842134118, 0.176067605615, 0.155414506793, 0.140964433551, 0.145316377282, 0.153286710382, 0.179534286261, 0.199131369591, 0.212160751224, 0.179601475596, 0.168964982033, 0.170608535409, 0.169422507286, 0.185142353177, 0.267896026373, 0.363642990589, 0.241911172867, 0.144124269485, 0.117614336312, 0.10897936672, 0.122976206243, 0.132704734802, 0.136331811547, 0.156863734126, 0.195969507098, 0.262098580599, 0.330809354782], "max": [1, 1, 1, 1, 1, 1, 1, 1, 1, 1, 1, 1, 1, 1, 1, 1, 1, 1, 1, 1, 1, 1, 1, 1, 1, 1, 1, 1, 1, 1, 1, 1, 1, 1, 1, 1], "dvar": [0.0539427548647, 0.0529575683177, 0.0511938780546, 0.0430196411908, 0.0332280136645, 0.0360568724573, 0.0385809913278, 0.0371710956097, 0.0298498086631, 0.0345204770565, 0.0373637713492, 0.03014860861, 0.0253640562296, 0.0268987510353, 0.0289335511625, 0.0331063456833, 0.0353408157825, 0.0389400161803, 0.0324697084725, 0.0293131563812, 0.0305773951113, 0.0276739560068, 0.0298355277628, 0.0376361198723, 0.0856454670429, 0.0341969840229, 0.0243415944278, 0.0173352640122, 0.0162073038518, 0.0213467683643, 0.0238336957991, 0.0254197977483, 0.0328897461295, 0.0408570915461, 0.0527587868273, 0.060159265995], "mean": [0.32021021843, 0.303701072931, 0.182708188891, 0.122351534665, 0.0999408140779, 0.0854113101959, 0.0846088156104, 0.0825428366661, 0.0830561891198, 0.0974186509848, 0.0989948436618, 0.0848458632827, 0.0817267894745, 0.0834848731756, 0.091373950243, 0.129294216633, 0.156092762947, 0.149771660566, 0.141240626574, 0.122200444341, 0.100243672729, 0.102441944182, 0.110808968544, 0.261067777872, 0.421270906925, 0.271707564592, 0.0923086181283, 0.0653179660439, 0.0606825649738, 0.0695466995239, 0.0763872116804, 0.0708590820432, 0.073124833405, 0.0894128903747, 0.12249212712, 0.205895572901], "dvar2": [0.139548882842, 0.136452928185, 0.135975122452, 0.115576826036, 0.0922920405865, 0.101479694247, 0.106586463749, 0.104157805443, 0.0838600024581, 0.0975955873728, 0.106849506497, 0.0854553282261, 0.0710631683469, 0.0738646760583, 0.0778406187892, 0.0906629338861, 0.0932663604617, 0.10243267566, 0.08378752321, 0.0781968086958, 0.0821649506688, 0.07453545928, 0.0836187899113, 0.0944197624922, 0.194270119071, 0.0842706114054, 0.0668914243579, 0.0488769821823, 0.0451632626355, 0.0575653687119, 0.0641006305814, 0.0720821619034, 0.0934817492962, 0.117166616023, 0.149276480079, 0.166605129838], "min": [0, 0, 0, 0, 0, 0, 0, 0, 0, 0, 0, 0, 0, 0, 0, 0, 0, 0, 0, 0, 0, 0, 0, 0, 0, 0, 0, 0, 0, 0, 0, 0, 0, 0, 0, 0], "var": [0.123600967228, 0.112940996885, 0.060750387609, 0.0386889092624, 0.0277869515121, 0.0265795905143, 0.0286995526403, 0.0272238701582, 0.024868639186, 0.0338795781136, 0.0348876044154, 0.0242616739124, 0.0209788847715, 0.0233701318502, 0.0294388830662, 0.0469807088375, 0.0612451732159, 0.0536134280264, 0.0591798499227, 0.0502985231578, 0.032659906894, 0.0293048154563, 0.0318540483713, 0.0591228976846, 0.178940340877, 0.0767758488655, 0.0290453210473, 0.0159183237702, 0.0140509884804, 0.0187565144151, 0.0212712436914, 0.019181901589, 0.023735255003, 0.0308432281017, 0.0429976135492, 0.0712560787797], "median": [0.139978915453, 0.136348426342, 0.0737671256065, 0.0425329655409, 0.0347999706864, 0.0257919449359, 0.023873405531, 0.0247590504587, 0.0257197637111, 0.0285623501986, 0.029236536473, 0.0295053701848, 0.0320596657693, 0.0306267030537, 0.0288250818849, 0.0382639020681, 0.0476093888283, 0.0472792871296, 0.0352553837001, 0.0281922370195, 0.0306942965835, 0.0386011041701, 0.0444005541503, 0.166220530868, 0.186072409153, 0.149270102382, 0.0269746463746, 0.0216292589903, 0.0198648851365, 0.0229541100562, 0.025813985616, 0.0237360987812, 0.0202522408217, 0.0229404699057, 0.035353641957, 0.0815507993102]}}, "lowlevel": {"melbands_flatness_db": {"dmean": 0.026822257787, "dmean2": 0.040838740766, "max": 0.830469071865, "dvar": 0.000676069408655, "mean": 0.174446105957, "dvar2": 0.0016633248888, "min": 0.0032078824006, "var": 0.014310750179, "median": 0.146957486868}, "melbands_crest": {"dmean": 3.97090029716, "dmean2": 6.29965162277, "max": 37.6401290894, "dvar": 11.8291501999, "mean": 18.0790882111, "dvar2": 30.6785984039, "min": 1.68823313713, "var": 68.1861114502, "median": 17.1512184143}, "spectral_entropy": {"dmean": 0.100707061589, "dmean2": 0.155986636877, "max": 9.81919384003, "dvar": 0.0207441598177, "mean": 8.05143451691, "dvar2": 0.039036989212, "min": 3.81979322433, "var": 0.582965970039, "median": 8.30467605591}, "melbands": {"dmean": [0.00436734920368, 0.00152692745905, 0.000689117703587, 0.000348234840203, 0.000148297345731, 0.000131003733259, 0.000112297282612, 0.000102715021058, 9.25652639125e-05, 6.3852276071e-05, 5.5589924159e-05, 8.00539637567e-05, 4.55872323073e-05, 4.11905057263e-05, 3.60837620974e-05, 2.41700126935e-05, 1.94671556528e-05, 2.55279792327e-05, 1.86362376553e-05, 1.45892363435e-05, 1.71548799699e-05, 1.75472323463e-05, 1.6131942175e-05, 1.21865632536e-05, 9.7813863249e-06, 9.8101390904e-06, 5.88577586313e-06, 4.72283454656e-06, 4.7562148211e-06, 4.99211319038e-06, 8.96082838153e-06, 7.37075060897e-06, 4.11070686823e-06, 3.44174236488e-06, 7.24498568161e-06, 3.05147204926e-06, 3.91931689592e-06, 4.06490789828e-06, 3.76832167603e-06, 3.65465871255e-06], "dmean2": [0.00751417176798, 0.00252403435297, 0.00110124854837, 0.000586184731219, 0.0002457301307, 0.000216530912439, 0.000189033671631, 0.000172710511833, 0.000154748558998, 0.000106955441879, 9.20644088183e-05, 0.000134018220706, 7.59068279876e-05, 6.90750093781e-05, 5.9939113271e-05, 4.07594161516e-05, 3.25646979036e-05, 4.36420741607e-05, 3.13204545819e-05, 2.4375744033e-05, 2.89468189294e-05, 2.9478345823e-05, 2.7344447517e-05, 2.05341493711e-05, 1.65974615811e-05, 1.67406924447e-05, 9.9494773167e-06, 7.86357668403e-06, 8.0044283095e-06, 8.51351705933e-06, 1.44230189107e-05, 1.19582591651e-05, 6.73570684739e-06, 5.67602000956e-06, 1.05671151687e-05, 5.12603673997e-06, 6.5174572228e-06, 6.44039118924e-06, 5.90702757108e-06, 5.73103625356e-06], "max": [0.103639051318, 0.0495041720569, 0.0208158120513, 0.0134079055861, 0.00437970273197, 0.00546851241961, 0.00337324594148, 0.00299181835726, 0.00319483038038, 0.00171098636929, 0.00208392529748, 0.00356998969801, 0.00122840225231, 0.00137953786179, 0.00131108472124, 0.000709020241629, 0.000620753038675, 0.000687278341502, 0.000379993784009, 0.000373827613657, 0.000407213839935, 0.000605717941653, 0.000490984355565, 0.000282956054434, 0.000339810270816, 0.000236519743339, 0.00012159900507, 8.95482007763e-05, 0.000111812056275, 0.000146246573422, 0.000209749341593, 0.000131528620841, 8.88368012966e-05, 8.81211526575e-05, 0.000138209725264, 5.77069840801e-05, 9.93732464849e-05, 9.54051429289e-05, 9.70445980784e-05, 0.000125530074001], "dvar": [9.04829357751e-05, 9.33215324039e-06, 1.92308266378e-06, 7.04401031726e-07, 6.65538877342e-08, 4.55141311306e-08, 3.46552830877e-08, 3.88533898388e-08, 3.16598729455e-08, 1.26713830539e-08, 1.14842997334e-08, 2.78294933764e-08, 7.72394326276e-09, 5.86971005134e-09, 5.4505617797e-09, 1.83691584166e-09, 1.1266568789e-09, 1.56343582525e-09, 7.09879599547e-10, 5.34324640089e-10, 6.91830648325e-10, 8.82779405131e-10, 7.00583147051e-10, 4.0745026797e-10, 3.35123262474e-10, 2.74775480147e-10, 7.48023795683e-11, 4.0421888059e-11, 4.44362151242e-11, 7.69987476557e-11, 1.64264185587e-10, 1.06825791268e-10, 3.19506435198e-11, 2.46824106293e-11, 1.01748692805e-10, 1.92695356199e-11, 5.18958868934e-11, 5.22613896603e-11, 4.15461900993e-11, 4.82513647093e-11], "mean": [0.00729340082034, 0.00271943304688, 0.00105418718886, 0.000450371240731, 0.000223663941142, 0.000186568329809, 0.00015495425032, 0.000142506498378, 0.000125686303363, 8.86105917743e-05, 7.97027314547e-05, 0.000107385305455, 6.78016731399e-05, 6.67242056807e-05, 5.7374167227e-05, 3.84324521292e-05, 3.18582024192e-05, 4.58649665234e-05, 3.74232404283e-05, 2.65969483735e-05, 3.4132750443e-05, 3.45623775502e-05, 3.17501835525e-05, 2.48282030952e-05, 1.92502666323e-05, 1.98503676074e-05, 1.33223411467e-05, 1.12109837573e-05, 1.12984380394e-05, 1.06838924694e-05, 2.96299895126e-05, 2.6869975045e-05, 1.1794348211e-05, 9.59929820965e-06, 2.00108297577e-05, 8.07415926829e-06, 9.22233266465e-06, 9.57489010034e-06, 8.93807464308e-06, 8.1014004536e-06], "dvar2": [0.000302310654661, 2.53556263488e-05, 4.53166421721e-06, 1.96943415176e-06, 1.6536770886e-07, 1.11464650843e-07, 9.15768154641e-08, 1.01225325011e-07, 8.2706435478e-08, 3.34662182411e-08, 2.96670794597e-08, 7.3386011934e-08, 2.06819663617e-08, 1.57359281161e-08, 1.43834215649e-08, 4.8840407274e-09, 2.99668889703e-09, 4.47491554922e-09, 1.92772686702e-09, 1.41253875263e-09, 1.90951054968e-09, 2.39615260966e-09, 1.94621074812e-09, 1.12671250108e-09, 9.47093736769e-10, 7.86663179042e-10, 2.07721131962e-10, 1.08639659768e-10, 1.21494439509e-10, 2.16286197285e-10, 3.95384419649e-10, 2.61091037679e-10, 8.24878082506e-11, 6.28679192038e-11, 2.00323230226e-10, 4.94266502726e-11, 1.32627117622e-10, 1.28578397929e-10, 9.33597227304e-11, 1.12496803539e-10], "min": [1.16253001792e-24, 1.50512096918e-24, 1.32404672447e-24, 1.56752538881e-24, 1.34793057306e-24, 1.80862968044e-24, 1.90770922963e-24, 1.47698013133e-24, 2.38176039948e-24, 2.54959943175e-24, 1.81789859886e-24, 2.40409068512e-24, 3.50147430152e-24, 2.40008307451e-24, 2.83875915757e-24, 3.28195324425e-24, 2.20310411205e-24, 3.76240897858e-24, 2.80663733316e-24, 2.95121127961e-24, 3.90265227588e-24, 3.7068076954e-24, 1.90314527486e-24, 3.07603017685e-24, 4.35850580515e-24, 4.47626617222e-24, 4.3069718888e-24, 4.8814452491e-24, 3.87611144515e-24, 4.62152544159e-24, 4.11127758632e-24, 4.17872953245e-24, 5.32808567186e-24, 4.83761100961e-24, 6.29182599572e-24, 4.37754575196e-24, 5.37313081284e-24, 4.57153256501e-24, 5.56315320541e-24, 6.65962844847e-24], "var": [0.000152808672283, 2.11126480281e-05, 2.85338978756e-06, 6.56470149352e-07, 1.1685157375e-07, 7.17969896868e-08, 4.57045814528e-08, 5.10823809918e-08, 4.45730670151e-08, 1.68123630573e-08, 1.61377062824e-08, 3.72612021238e-08, 1.20921868074e-08, 1.18486012113e-08, 9.9804555731e-09, 3.08813197236e-09, 1.89718130095e-09, 2.67924060715e-09, 1.43867251445e-09, 1.08431508217e-09, 1.64641111855e-09, 1.9986741151e-09, 1.70531877508e-09, 9.00377494784e-10, 5.24225163279e-10, 4.98384167269e-10, 1.80884737744e-10, 1.19398421705e-10, 1.20824114602e-10, 1.32913416384e-10, 7.80796649558e-10, 5.10987197e-10, 9.64127250258e-11, 6.90637269596e-11, 4.53582199578e-10, 5.220261029e-11, 1.0385103888e-10, 1.11916184653e-10, 1.0927338201e-10, 1.09188484643e-10], "median": [0.00115869310685, 0.00104344915599, 0.000491612649057, 0.000195271335542, 0.000108385516796, 9.96247545118e-05, 8.16138781374e-05, 6.47412816761e-05, 4.98688787047e-05, 4.27861814387e-05, 3.55740121449e-05, 3.98461670557e-05, 2.4219705665e-05, 2.41772504523e-05, 2.24996620091e-05, 1.81831746886e-05, 1.63741715369e-05, 2.95405443467e-05, 2.71847748081e-05, 1.4666138668e-05, 2.12222694245e-05, 1.95016455109e-05, 1.68342958204e-05, 1.49461247929e-05, 1.28674273583e-05, 1.40747943078e-05, 1.02854910438e-05, 8.43386806082e-06, 8.60124600877e-06, 7.57979023547e-06, 2.38071370404e-05, 2.32409802265e-05, 1.0515649592e-05, 8.41796372697e-06, 1.36989438033e-05, 7.12786732038e-06, 7.27140422896e-06, 6.99147221894e-06, 5.97160487814e-06, 5.08167931912e-06]}, "silence_rate_60dB": {"dmean": 0.0234313979745, "dmean2": 0.046866863966, "max": 1, "dvar": 0.0228826962411, "mean": 0.0753210708499, "dvar2": 0.0533503293991, "min": 0, "var": 0.069651030004, "median": 0}, "spectral_energyband_middle_high": {"dmean": 0.00153386301827, "dmean2": 0.00240894407034, "max": 0.0359272025526, "dvar": 4.89051171826e-06, "mean": 0.00531510449946, "dvar2": 1.14505519377e-05, "min": 1.14525326753e-21, "var": 2.47610860242e-05, "median": 0.00406131241471}, "erbbands_skewness": {"dmean": 0.264181852341, "dmean2": 0.418904453516, "max": 3.08474850655, "dvar": 0.0602102950215, "mean": -0.372165739536, "dvar2": 0.140104651451, "min": -3.0589993, "var": 0.404959857464, "median": -0.333971560001}, "dynamic_complexity": 4.25215244293, "dissonance": {"dmean": 0.0126127069816, "dmean2": 0.0218051895499, "max": 0.500000119209, "dvar": 0.000387820473406, "mean": 0.478042393923, "dvar2": 0.00115109386388, "min": 0.0717777013779, "var": 0.00134211417753, "median": 0.486934930086}, "spectral_skewness": {"dmean": 0.201180174947, "dmean2": 0.329965472221, "max": 18.9513263702, "dvar": 0.184183090925, "mean": 1.68718278408, "dvar2": 0.506289303303, "min": -0.0792322382331, "var": 4.05714082718, "median": 1.28946423531}, "spectral_kurtosis": {"dmean": 3.12301683426, "dmean2": 5.30007839203, "max": 477.419555664, "dvar": 174.161560059, "mean": 10.3681707382, "dvar2": 485.398071289, "min": -1.27254092693, "var": 1696.21228027, "median": 2.25407242775}, "gfcc": {"cov": [[30695.0898438, -7275.24023438, -74.514251709, 1227.73620605, -379.025909424, 559.319702148, -328.15322876, 723.970153809, -317.144165039, 418.686676025, -564.485046387, 723.268676758, -505.235137939], [-7275.24023438, 5312.36865234, -509.562774658, -611.577819824, 197.080123901, -262.735839844, 116.65499115, -366.23248291, 163.814071655, -213.318405151, 326.560455322, -427.059417725, 280.512420654], [-74.514251709, -509.562774658, 987.365722656, -50.5066108704, 144.941299438, -115.618515015, 125.140663147, 10.49766922, 51.6548805237, -11.2257795334, 18.6108322144, 11.8795833588, 12.7617902756], [1227.73620605, -611.577819824, -50.5066108704, 687.688476562, -165.360290527, 295.991119385, -72.6898727417, 110.857048035, 38.7015686035, 113.518486023, -104.679290771, 124.128601074, -54.5539131165], [-379.025909424, 197.080123901, 144.941299438, -165.360290527, 325.596374512, -97.7292022705, 119.68221283, -18.4941177368, 26.9239883423, -30.530664444, 83.0204162598, -32.5599555969, 53.6108970642], [559.319702148, -262.735839844, -115.618515015, 295.991119385, -97.7292022705, 271.653869629, -10.7737197876, 79.0274124146, -7.82488489151, 77.779914856, -50.9098052979, 72.012512207, -27.4266891479], [-328.15322876, 116.65499115, 125.140663147, -72.6898727417, 119.68221283, -10.7737197876, 146.171630859, -0.0743716880679, 44.3500900269, -6.82909202576, 42.2170181274, -8.46294689178, 38.3256492615], [723.970153809, -366.23248291, 10.49766922, 110.857048035, -18.4941177368, 79.0274124146, -0.0743716880679, 162.701766968, -3.22859168053, 58.8186035156, -22.3446369171, 61.4304771423, -34.2102813721], [-317.144165039, 163.814071655, 51.6548805237, 38.7015686035, 26.9239883423, -7.82488489151, 44.3500900269, -3.22859168053, 107.762649536, 15.7896003723, 28.3208293915, -5.96055364609, 31.2794113159], [418.686676025, -213.318405151, -11.2257795334, 113.518486023, -30.530664444, 77.779914856, -6.82909202576, 58.8186035156, 15.7896003723, 97.6503067017, -0.697750329971, 45.4692306519, -11.5423030853], [-564.485046387, 326.560455322, 18.6108322144, -104.679290771, 83.0204162598, -50.9098052979, 42.2170181274, -22.3446369171, 28.3208293915, -0.697750329971, 95.019821167, -11.0655097961, 41.7179718018], [723.268676758, -427.059417725, 11.8795833588, 124.128601074, -32.5599555969, 72.012512207, -8.46294689178, 61.4304771423, -5.96055364609, 45.4692306519, -11.0655097961, 110.535774231, -9.75491905212], [-505.235137939, 280.512420654, 12.7617902756, -54.5539131165, 53.6108970642, -27.4266891479, 38.3256492615, -34.2102813721, 31.2794113159, -11.5423030853, 41.7179718018, -9.75491905212, 79.7766876221]], "mean": [26.4498691559, 41.3104286194, -81.368309021, 29.4303684235, -45.2300567627, 20.6766223907, -27.7238101959, 8.16221523285, -14.704410553, 4.96331071854, -16.317237854, 3.7463953495, -9.85597419739], "icov": [[5.19088607689e-05, 5.31829537067e-05, 3.77658616344e-05, -2.20290075958e-05, -4.19740244979e-05, 4.78299807583e-05, 8.06607113191e-06, -4.60844894405e-05, 3.11839285132e-05, -5.35523868166e-05, 9.46430591284e-05, -9.22372128116e-05, 6.09042617725e-05], [5.31829537067e-05, 0.000538015097845, 0.000248014723184, -6.5332846134e-05, 0.000208453246159, -0.000247219024459, 5.44723843632e-05, 3.76967955162e-06, -0.000242344875005, 0.000520471076015, -0.00137935089879, 0.00156553171109, -0.000805881922133], [3.77658616344e-05, 0.000248014723184, 0.00143475178629, -0.00037306160084, -0.000111589106382, 0.0010448449757, -0.00129382510204, -3.39738435287e-05, -0.000172517742612, -9.05152319319e-06, -3.77687683795e-05, 0.000175486682565, 3.12145566568e-05], [-2.20290075958e-05, -6.5332846134e-05, -0.00037306160084, 0.00427663791925, -0.000458497612271, -0.00379334297031, 0.00249747885391, 0.000284212845145, -0.00342436903156, -0.000543050584383, 0.00271502602845, -0.00213922024705, 0.000583167246077], [-4.19740244979e-05, 0.000208453246159, -0.000111589106382, -0.000458497612271, 0.00588405085728, 0.0013885475928, -0.00389154651202, -0.000828540709335, 0.0013958819909, 0.000851865566801, -0.0038836968597, 0.0018079666188, -0.001429078402], [4.78299807583e-05, -0.000247219024459, 0.0010448449757, -0.00379334297031, 0.0013885475928, 0.0103751383722, -0.00468962779269, -0.000991952838376, 0.00376886804588, -0.00375852151774, 0.00173318712041, -0.00137551291846, -0.000223661409109], [8.06607113191e-06, 5.44723843632e-05, -0.00129382510204, 0.00249747885391, -0.00389154651202, -0.00468962779269, 0.014275573194, -0.000786298245657, -0.00520897656679, 0.00176508084405, -0.000384349346859, -0.000286905764369, -0.0019543999806], [-4.60844894405e-05, 3.76967955162e-06, -3.39738435287e-05, 0.000284212845145, -0.000828540709335, -0.000991952838376, -0.000786298245657, 0.00999093893915, -0.000404379941756, -0.00365072535351, 0.00113807036541, -0.00331578310579, 0.00340232718736], [3.11839285132e-05, -0.000242344875005, -0.000172517742612, -0.00342436903156, 0.0013958819909, 0.00376886804588, -0.00520897656679, -0.000404379941756, 0.0153930904344, -0.00330284261145, -0.00252440781333, 0.00213158223778, -0.00351031427272], [-5.35523868166e-05, 0.000520471076015, -9.05152319319e-06, -0.000543050584383, 0.000851865566801, -0.00375852151774, 0.00176508084405, -0.00365072535351, -0.00330284261145, 0.018627660349, -0.00620325421914, -0.000595628458541, 0.000343903666362], [9.46430591284e-05, -0.00137935089879, -3.77687683795e-05, 0.00271502602845, -0.0038836968597, 0.00173318712041, -0.000384349346859, 0.00113807036541, -0.00252440781333, -0.00620325421914, 0.0245093256235, -0.00727302860469, -0.00242323242128], [-9.22372128116e-05, 0.00156553171109, 0.000175486682565, -0.00213922024705, 0.0018079666188, -0.00137551291846, -0.000286905764369, -0.00331578310579, 0.00213158223778, -0.000595628458541, -0.00727302860469, 0.0205080304295, -0.0051627214998], [6.09042617725e-05, -0.000805881922133, 3.12145566568e-05, 0.000583167246077, -0.001429078402, -0.000223661409109, -0.0019543999806, 0.00340232718736, -0.00351031427272, 0.000343903666362, -0.00242323242128, -0.0051627214998, 0.0214915554971]]}, "spectral_complexity": {"dmean": 4.24455451965, "dmean2": 6.51657676697, "max": 63, "dvar": 20.8816051483, "mean": 26.993057251, "dvar2": 42.6336555481, "min": 0, "var": 274.871917725, "median": 29}, "spectral_flux": {"dmean": 0.0223230924457, "dmean2": 0.0343819335103, "max": 0.438026100397, "dvar": 0.000828107120469, "mean": 0.107385501266, "dvar2": 0.00179372332059, "min": 6.26247664837e-11, "var": 0.00474517652765, "median": 0.0994356274605}, "spectral_energyband_low": {"dmean": 0.0147369019687, "dmean2": 0.0247739329934, "max": 0.327378034592, "dvar": 0.000876064586919, "mean": 0.0297676194459, "dvar2": 0.00286166160367, "min": 2.06599736515e-23, "var": 0.00197437522002, "median": 0.00887225195765}, "spectral_decrease": {"dmean": 4.15734513481e-09, "dmean2": 6.95874691203e-09, "max": 2.57740295773e-09, "dvar": 5.96423956128e-17, "mean": -1.03346939895e-08, "dvar2": 1.94708257679e-16, "min": -9.10201904958e-08, "var": 1.59629751362e-16, "median": -5.12735276459e-09}, "barkbands_spread": {"dmean": 9.75297737122, "dmean2": 15.3197689056, "max": 139.140426636, "dvar": 122.789428711, "mean": 50.1319999695, "dvar2": 295.022094727, "min": 0.414766699076, "var": 716.404846191, "median": 53.2699203491}, "spectral_rms": {"dmean": 0.000972839014139, "dmean2": 0.00156653346494, "max": 0.0185039527714, "dvar": 1.68740234585e-06, "mean": 0.00602730782703, "dvar2": 5.14100611326e-06, "min": 3.13271132125e-12, "var": 1.23420795717e-05, "median": 0.00555464718491}, "spectral_centroid": {"dmean": 271.195526123, "dmean2": 424.203552246, "max": 11661.8564453, "dvar": 89447.9453125, "mean": 2316.09765625, "dvar2": 182849.640625, "min": 126.862129211, "var": 1429188.5, "median": 2374.88330078}, "barkbands_skewness": {"dmean": 0.547056376934, "dmean2": 0.848577439785, "max": 10.617477417, "dvar": 0.352697700262, "mean": 1.16497945786, "dvar2": 0.969438910484, "min": -3.96319484711, "var": 2.13048291206, "median": 0.921736836433}, "spectral_rolloff": {"dmean": 1792.39916992, "dmean2": 2947.55664062, "max": 21877.734375, "dvar": 7630243.5, "mean": 6428.36376953, "dvar2": 18284070, "min": 43.06640625, "var": 41250304, "median": 5275.63476562}, "erbbands_spread": {"dmean": 8.15958404541, "dmean2": 12.9397439957, "max": 151.712646484, "dvar": 67.872177124, "mean": 52.9245643616, "dvar2": 162.268554688, "min": 1.90621352196, "var": 402.346008301, "median": 54.2137908936}, "barkbands": {"dmean": [0.00214282376692, 0.0126291941851, 0.00242542056367, 0.00159975304268, 0.00132614071481, 0.000723429722711, 0.000563686946407, 0.000547135423403, 0.000443449214799, 0.000511151447427, 0.000354513380444, 0.000383236911148, 0.000255560909864, 0.00019535109459, 0.000294588593533, 0.000216043030377, 0.000288291776087, 0.000266474497039, 0.000225507974392, 0.000142060569488, 0.000230567791732, 0.00024351135653, 0.000250863697147, 0.000291394855594, 0.000393004156649, 0.000663265236653, 0.000454121618532], "dmean2": [0.00318880891427, 0.0219929534942, 0.00390306767076, 0.00259751896374, 0.00224067480303, 0.00118727679364, 0.000946054700762, 0.000924694293644, 0.000741447496694, 0.00084998307284, 0.000592282740399, 0.000637518009171, 0.000428795494372, 0.000327270565322, 0.00049898319412, 0.000359176192433, 0.000483992742375, 0.000447772734333, 0.000382381898817, 0.000234299965086, 0.000377973308787, 0.000393368711229, 0.000378217519028, 0.00046325311996, 0.000613662705291, 0.0010824383935, 0.000730091473088], "max": [0.0660338774323, 0.288851082325, 0.0795465260744, 0.0486439950764, 0.0471108816564, 0.0231257379055, 0.0199339687824, 0.0183559507132, 0.0131154917181, 0.0168514754623, 0.00966135598719, 0.0135252801701, 0.0104000791907, 0.00507596740499, 0.00545360753313, 0.00519827799872, 0.00887978449464, 0.00605758652091, 0.00683155748993, 0.00281075458042, 0.00492044398561, 0.00411576777697, 0.00448766397312, 0.00655711395666, 0.0109546277672, 0.0218886900693, 0.0129143605009], "dvar": [2.04720854526e-05, 0.000739186420105, 2.717226198e-05, 1.17762829177e-05, 9.63973525359e-06, 1.27986163534e-06, 8.99930057585e-07, 1.18893751733e-06, 6.02879538292e-07, 9.67120286077e-07, 4.89901992751e-07, 5.47647175608e-07, 2.19552404701e-07, 1.01625360571e-07, 1.8118559808e-07, 1.10281227705e-07, 2.1314971832e-07, 1.8695894255e-07, 1.70265437305e-07, 3.76173119321e-08, 1.14432502585e-07, 1.09054859365e-07, 1.06575818393e-07, 2.86168329922e-07, 6.78194794546e-07, 4.67481959276e-06, 1.20417837479e-06], "mean": [0.00563171412796, 0.0200061704963, 0.00354449101724, 0.00204096245579, 0.00176162796561, 0.00104246486444, 0.000764650991186, 0.000695811351761, 0.000621940591373, 0.000706690654624, 0.000498896464705, 0.000612958043348, 0.000405556784244, 0.000334365293384, 0.000576638616621, 0.000416702823713, 0.000597026548348, 0.000568799907342, 0.000492464052513, 0.000364892650396, 0.000784588512033, 0.000927062064875, 0.000825955881737, 0.000776387110818, 0.00090508791618, 0.00111466960516, 0.00102162675466], "dvar2": [4.69188125862e-05, 0.00243082875386, 6.56403863104e-05, 2.94197670883e-05, 2.69384254352e-05, 3.11552435051e-06, 2.3905265607e-06, 3.19077025779e-06, 1.59248497766e-06, 2.48500123234e-06, 1.32015065901e-06, 1.48460333094e-06, 5.85364489325e-07, 2.69739302894e-07, 5.11903635925e-07, 2.91081562409e-07, 5.75399155878e-07, 5.19166007962e-07, 4.85090197344e-07, 1.00822688864e-07, 2.99733983411e-07, 2.67089376393e-07, 2.26903026146e-07, 6.9371861855e-07, 1.65638448379e-06, 1.225507458e-05, 2.83256395051e-06], "min": [2.53853393192e-25, 2.89899914009e-24, 1.31645423408e-24, 8.19846079679e-25, 8.02325183151e-24, 9.79373022642e-24, 4.59543228943e-24, 5.93819976786e-24, 1.60563202481e-23, 1.57815978602e-23, 1.13780555915e-23, 1.88460353316e-23, 3.34647386215e-23, 2.41998370801e-23, 3.68762086269e-23, 5.01763340691e-23, 6.40634067348e-23, 7.29710915479e-23, 1.39494703011e-22, 1.6510558348e-22, 2.74382887475e-22, 3.06151388979e-22, 4.00169649199e-22, 4.84165109763e-22, 9.015117571e-22, 1.29910603419e-21, 1.77447124278e-21], "var": [0.000107550578832, 0.0011542950524, 4.54189103039e-05, 1.43710230986e-05, 9.37940058066e-06, 2.22675225814e-06, 1.16742887712e-06, 1.49303048147e-06, 8.12830762698e-07, 1.38611164857e-06, 7.32191040242e-07, 1.06752327156e-06, 3.69328546412e-07, 1.84993439234e-07, 3.5142400634e-07, 2.54937503996e-07, 5.21384492913e-07, 4.89224078137e-07, 2.97415880368e-07, 1.23841829236e-07, 4.3581241016e-07, 4.89232888867e-07, 4.70519381679e-07, 6.67411882205e-07, 1.34755850922e-06, 4.76756258649e-06, 3.10393693326e-06], "median": [0.000185980490642, 0.00415480043739, 0.00129047397058, 0.000776934088208, 0.00076935836114, 0.00052772811614, 0.000384625513107, 0.000268733740086, 0.00029747231747, 0.000284384354018, 0.000167068239534, 0.00022027338855, 0.000186467936146, 0.000188133199117, 0.00040738642565, 0.000228129967581, 0.000370627793018, 0.000327992980601, 0.000372913840692, 0.000284230016405, 0.000700856093317, 0.000884870125446, 0.000739524024539, 0.000596672180109, 0.000576983380597, 0.000391769921407, 3.92119218304e-05]}, "melbands_kurtosis": {"dmean": 10.7768363953, "dmean2": 17.8192443848, "max": 380.25302124, "dvar": 495.118774414, "mean": 20.0855369568, "dvar2": 1600.40563965, "min": -1.79926633835, "var": 1154.10534668, "median": 8.11289405823}, "erbbands_crest": {"dmean": 1.6564078331, "dmean2": 2.76857733727, "max": 27.7258358002, "dvar": 2.75314116478, "mean": 6.55020427704, "dvar2": 7.2279510498, "min": 2.09064006805, "var": 11.1900157928, "median": 5.56593418121}, "melbands_skewness": {"dmean": 0.922481954098, "dmean2": 1.45205831528, "max": 17.9699554443, "dvar": 1.18034052849, "mean": 3.42655920982, "dvar2": 3.58198165894, "min": -0.711003065109, "var": 5.89478206635, "median": 2.76862716675}, "spectral_energyband_middle_low": {"dmean": 0.00330176530406, "dmean2": 0.00526204751804, "max": 0.101077392697, "dvar": 4.03321901103e-05, "mean": 0.00707754865289, "dvar2": 0.00010026783275, "min": 1.84751930822e-22, "var": 6.49389694445e-05, "median": 0.00460113305598}, "spectral_contrast_coeffs": {"dmean": [0.0524164140224, 0.0482842326164, 0.0369568616152, 0.0266390815377, 0.0190454497933, 0.0157867651433], "dmean2": [0.0849401950836, 0.0817112401128, 0.0630475357175, 0.0456848889589, 0.0321230851114, 0.0255458168685], "max": [-0.396864950657, -0.555066645145, -0.596976459026, -0.556918203831, -0.585037827492, -0.524463534355], "dvar": [0.00183928909246, 0.00138994352892, 0.000836004852317, 0.00045566726476, 0.000283583562123, 0.000277473969618], "mean": [-0.697092354298, -0.785993516445, -0.816980063915, -0.814861297607, -0.807346582413, -0.763604223728], "dvar2": [0.00475390488282, 0.0039726649411, 0.00240279035643, 0.00131773937028, 0.000746510806493, 0.000598913407885], "min": [-0.978796899319, -0.980890095234, -0.976849257946, -0.972509980202, -0.967214286327, -0.965295493603], "var": [0.00617437064648, 0.00316983135417, 0.00193106092047, 0.00144605827518, 0.00176146579906, 0.00353202642873], "median": [-0.700447261333, -0.788610100746, -0.819922864437, -0.81609082222, -0.807709157467, -0.769759654999]}, "spectral_contrast_valleys": {"dmean": [0.369384586811, 0.369649231434, 0.312499821186, 0.251719653606, 0.212217777967, 0.213595867157], "dmean2": [0.605282843113, 0.61036491394, 0.501619875431, 0.408210933208, 0.335538029671, 0.32261171937], "max": [-4.95951700211, -4.84701299667, -5.21938467026, -5.67675495148, -5.37829065323, -7.30343008041], "dvar": [0.110274977982, 0.111347541213, 0.085973456502, 0.0679261833429, 0.0777398347855, 0.134942471981], "mean": [-7.16430473328, -6.84017038345, -7.24440145493, -7.56257534027, -7.52167844772, -9.53237819672], "dvar2": [0.24481920898, 0.248477563262, 0.173866152763, 0.132031857967, 0.138675704598, 0.226323246956], "min": [-28.0151920319, -27.9880638123, -27.9528961182, -27.6742897034, -27.4785900116, -27.4493846893], "var": [4.59836483002, 4.36953258514, 4.36980390549, 4.74546384811, 5.91563129425, 6.73630237579], "median": [-6.89744853973, -6.53662872314, -6.92905235291, -7.09845256805, -6.68270492554, -8.4569644928]}, "silence_rate_20dB": {"dmean": 0, "dmean2": 0, "max": 1, "dvar": 0, "mean": 1, "dvar2": 0, "min": 1, "var": 0, "median": 1}, "silence_rate_30dB": {"dmean": 0.0508548133075, "dmean2": 0.101718448102, "max": 1, "dvar": 0.0482687018812, "mean": 0.84146130085, "dvar2": 0.107700668275, "min": 0, "var": 0.133409783244, "median": 1}, "spectral_strongpeak": {"dmean": 0.642746508121, "dmean2": 1.17605412006, "max": 46.2661094666, "dvar": 5.02299880981, "mean": 0.90003913641, "dvar2": 13.3461227417, "min": 0, "var": 5.88427639008, "median": 0.313077330589}, "spectral_spread": {"dmean": 635664.5625, "dmean2": 976899.625, "max": 42793628, "dvar": 1123675537410.0, "mean": 7240088, "dvar2": 2282861101060.0, "min": 162720.5, "var": 16404622344200.0, "median": 7207928}, "barkbands_flatness_db": {"dmean": 0.0192257799208, "dmean2": 0.0300812888891, "max": 0.658508896828, "dvar": 0.000401206256356, "mean": 0.105609409511, "dvar2": 0.00104848830961, "min": 0.00625112140551, "var": 0.00885726045817, "median": 0.0749768018723}, "pitch_salience": {"dmean": 0.0791152045131, "dmean2": 0.1269954741, "max": 0.951254785061, "dvar": 0.00515378266573, "mean": 0.524443030357, "dvar2": 0.0141293508932, "min": 0.0768011510372, "var": 0.0237899105996, "median": 0.545568823814}, "erbbands_kurtosis": {"dmean": 0.542289674282, "dmean2": 0.875947237015, "max": 12.7424936295, "dvar": 0.446824461222, "mean": -0.0784944966435, "dvar2": 1.06626534462, "min": -1.82555413246, "var": 1.62901306152, "median": -0.454748272896}, "average_loudness": 0.822617530823, "barkbands_crest": {"dmean": 2.72880673409, "dmean2": 4.53062295914, "max": 24.4836559296, "dvar": 6.73961591721, "mean": 9.77631855011, "dvar2": 19.0742893219, "min": 1.92207455635, "var": 23.1099071503, "median": 8.87227344513}, "hfc": {"dmean": 32.5823936462, "dmean2": 51.806602478, "max": 885.71484375, "dvar": 5078.4765625, "mean": 119.973487854, "dvar2": 12693.5185547, "min": 1.07267742897e-16, "var": 17703.1953125, "median": 61.2314491272}, "barkbands_kurtosis": {"dmean": 2.33715438843, "dmean2": 3.85964488983, "max": 139.138412476, "dvar": 25.1468906403, "mean": 2.46351361275, "dvar2": 75.1147232056, "min": -1.94313406944, "var": 64.7465591431, "median": -0.134469389915}, "erbbands": {"dmean": [0.64903986454, 1.87308943272, 2.72792077065, 3.81774997711, 5.59696960449, 3.9079310894, 4.72943210602, 5.9503121376, 7.21711397171, 8.98306751251, 11.5032491684, 10.2642469406, 10.7487621307, 18.8720569611, 13.1788406372, 15.1806621552, 11.1261863708, 9.94088077545, 15.7789106369, 10.2773265839, 12.7105121613, 14.7946376801, 15.079911232, 11.324133873, 10.4960002899, 6.70837688446, 7.09972333908, 11.1856718063, 9.8786907196, 6.12248754501, 8.93787002563, 5.45338726044, 5.37652778625, 4.03792667389, 3.34499502182, 2.81860661507, 1.27216231823, 0.267216652632, 0.0646924003959, 0.00746929366142], "dmean2": [1.12827324867, 3.24573540688, 4.37501621246, 6.14235019684, 9.30872249603, 6.65118694305, 7.78958845139, 9.87740325928, 12.1831464767, 15.0634584427, 19.2268276215, 17.176076889, 17.7421188354, 31.4973888397, 21.8859519958, 25.1108074188, 18.4817218781, 16.5116157532, 26.911277771, 17.0551548004, 21.193529129, 24.6401290894, 25.4228630066, 19.0814151764, 17.823797226, 11.0243186951, 11.8924350739, 18.1635341644, 15.9306697845, 9.88322544098, 13.2165555954, 8.98813533783, 8.41577720642, 6.20869970322, 5.34325218201, 4.56580400467, 2.11207175255, 0.448530644178, 0.104493610561, 0.01199720148], "max": [14.9168176651, 54.0539474487, 95.5421524048, 138.58946228, 226.410583496, 140.157852173, 160.684234619, 278.017944336, 202.452301025, 289.39175415, 400.092010498, 290.772796631, 420.588317871, 867.178771973, 359.926361084, 624.128356934, 441.176300049, 285.83404541, 366.800598145, 233.005767822, 323.961303711, 453.659606934, 364.497558594, 386.234954834, 252.45602417, 135.233901978, 170.909957886, 223.846298218, 167.369689941, 138.381851196, 158.507369995, 120.757148743, 123.663444519, 133.183654785, 102.737792969, 100.412963867, 42.6042098999, 9.60492897034, 2.02917313576, 0.197132632136], "dvar": [2.1287522316, 15.9853029251, 33.1431350708, 63.6455726624, 198.115936279, 71.1455383301, 72.1376571655, 102.149925232, 142.982818604, 291.298370361, 524.858703613, 332.653198242, 429.696075439, 1564.1574707, 641.502929688, 937.789550781, 399.972839355, 281.232025146, 577.762634277, 231.369064331, 369.591674805, 609.477111816, 636.059692383, 452.120422363, 294.047485352, 82.9222793579, 117.535385132, 252.251586914, 185.494232178, 73.8452224731, 143.670135498, 94.5561523438, 94.0001983643, 57.3216819763, 58.8249969482, 75.2193374634, 17.4632205963, 0.582470297813, 0.0308451354504, 0.000276638165815], "mean": [1.001090765, 2.83319926262, 4.34209728241, 5.59942913055, 7.16074895859, 5.04238319397, 6.90375995636, 8.28752326965, 9.93700885773, 12.7275905609, 15.6150426865, 14.5165472031, 15.9884548187, 26.1769371033, 21.0410728455, 25.0676651001, 19.6752738953, 18.2114925385, 30.0576210022, 22.061876297, 27.4052085876, 32.0297012329, 32.3421630859, 24.9086475372, 24.0284996033, 17.6935329437, 18.6422748566, 39.3717384338, 38.3143501282, 20.7127552032, 27.3291416168, 14.8260231018, 13.5645580292, 9.78021621704, 6.86118984222, 4.4652299881, 2.06918787956, 0.578069269657, 0.120411217213, 0.018905820325], "dvar2": [7.32168579102, 46.5139389038, 83.2600708008, 153.060089111, 542.871032715, 198.999725342, 172.516769409, 249.008834839, 377.611968994, 754.289550781, 1393.84338379, 879.695983887, 1114.02307129, 4128.63574219, 1711.79675293, 2517.16137695, 1048.3125, 735.042358398, 1652.75061035, 612.063842773, 991.769226074, 1635.18127441, 1761.60595703, 1270.9597168, 830.091186523, 222.483398438, 320.831726074, 628.888427734, 452.163208008, 183.511734009, 294.261627197, 240.014190674, 224.233322144, 129.052932739, 151.362457275, 197.538574219, 45.5570869446, 1.53493201733, 0.0741847380996, 0.000641572521999], "min": [7.52511141342e-23, 3.34179124692e-22, 2.63982615982e-21, 3.86805487184e-21, 1.22959356002e-20, 2.00219422698e-20, 3.80024189436e-20, 7.63345210601e-20, 1.43248553543e-19, 1.37184492472e-19, 2.18348669097e-19, 4.09009044002e-19, 4.07408113475e-19, 6.84972807317e-19, 1.26375847485e-18, 9.99474062342e-19, 1.52916899036e-18, 1.56473217323e-18, 2.62818193511e-18, 2.73934032698e-18, 3.34414563276e-18, 4.56648241805e-18, 3.90972499992e-18, 6.12496265682e-18, 7.2793457276e-18, 8.09364879238e-18, 1.03167256399e-17, 8.31883134335e-18, 9.10886410178e-18, 1.1180575169e-17, 1.10510767354e-17, 8.83843394412e-18, 7.78966818907e-18, 8.29373633793e-18, 6.19971910468e-18, 3.83862923986e-18, 2.39778380358e-18, 8.77719176631e-19, 2.3916859832e-19, 2.62957372465e-20], "var": [3.08194899559, 28.01978302, 61.228099823, 93.9640197754, 187.246826172, 69.768447876, 136.411483765, 156.215957642, 187.938720703, 387.67364502, 708.257019043, 440.13885498, 613.456726074, 2143.28857422, 1084.17126465, 1807.97033691, 803.797119141, 542.956298828, 1044.22595215, 544.965698242, 974.731689453, 1535.86743164, 1656.48718262, 795.056945801, 631.355285645, 278.967254639, 316.237945557, 1117.99389648, 890.182861328, 250.819046021, 641.604858398, 206.986114502, 219.074035645, 141.967300415, 91.2342834473, 74.932220459, 17.5403308868, 0.945352911949, 0.0641014277935, 0.00088397070067], "median": [0.11629255861, 0.771434545517, 1.68625974655, 2.3718726635, 2.98251700401, 2.33445119858, 3.09539031982, 4.41261577606, 5.3142323494, 6.08208084106, 6.23431444168, 7.08208942413, 7.37658786774, 9.9880065918, 7.77737379074, 9.50355911255, 9.29459953308, 10.1119470596, 20.4322452545, 14.889881134, 17.1369018555, 18.681728363, 18.2420501709, 17.7609024048, 18.6967468262, 14.0687236786, 14.4851722717, 34.8626708984, 35.3064346313, 20.168170929, 21.9991073608, 12.8277540207, 9.96685791016, 6.49615812302, 4.06190013885, 1.9103372097, 0.672208666801, 0.128226965666, 0.00463252421468, 0.000291994452709]}, "spectral_energy": {"dmean": 0.0167348496616, "dmean2": 0.0279359538108, "max": 0.350956201553, "dvar": 0.000871985335834, "mean": 0.0498876087368, "dvar2": 0.00281943404116, "min": 1.0059227107e-20, "var": 0.0027811403852, "median": 0.0316254608333}, "zerocrossingrate": {"dmean": 0.0225588232279, "dmean2": 0.025654938072, "max": 0.57763671875, "dvar": 0.000712955079507, "mean": 0.168021291494, "dvar2": 0.000781699665822, "min": 0.00439453125, "var": 0.0129365324974, "median": 0.15576171875}, "spectral_energyband_high": {"dmean": 0.00194888934493, "dmean2": 0.00302952248603, "max": 0.0510647259653, "dvar": 2.13554467337e-05, "mean": 0.00636200327426, "dvar2": 5.34843929927e-05, "min": 7.04763859568e-21, "var": 4.1