{"tonal": {"hpcp": {"dvar": [0.0305646285415, 0.0171095505357, 0.0136133506894, 0.0148543575779, 0.0191264543682, 0.0280308388174, 0.037903059274, 0.0272535961121, 0.0290909744799, 0.0244072414935, 0.0172474645078, 0.00810343492776, 0.00898236222565, 0.0110399443656, 0.0110682975501, 0.0141666345298, 0.0124865900725, 0.0125211933628, 0.0157102290541, 0.0150859896094, 0.0263405330479, 0.0279950164258, 0.0203621387482, 0.0237245652825, 0.0203961990774, 0.0159180648625, 0.0249374099076, 0.0317730344832, 0.0257268212736, 0.0369911193848, 0.0362795256078, 0.0298348162323, 0.0244628675282, 0.0221547782421, 0.0218843426555, 0.0300180576742], "var": [0.0960212871432, 0.0263063088059, 0.00979603547603, 0.0102615170181, 0.0145629327744, 0.0747849717736, 0.152045816183, 0.0532265119255, 0.0591876246035, 0.0838825330138, 0.0230643115938, 0.00648957211524, 0.00672463839874, 0.008814108558, 0.0270365979522, 0.0495559312403, 0.0182053484023, 0.0222977567464, 0.0499590821564, 0.0200411193073, 0.067866563797, 0.126949742436, 0.037963591516, 0.0186677873135, 0.0171227697283, 0.0136223090813, 0.0553390346467, 0.0975673720241, 0.0366159975529, 0.0699093714356, 0.102197110653, 0.0382505618036, 0.0179788377136, 0.0159468147904, 0.0179097671062, 0.0638601928949], "median": [0.0229377038777, 0.0140637392178, 0.00488906726241, 0.00341933523305, 0.00796662829816, 0.100887835026, 0.170817062259, 0.103292785585, 0.0157106332481, 0.0058009470813, 0.00457531167194, 0.00414835009724, 0.00399143667892, 0.00374512583949, 0.00410836050287, 0.00533354701474, 0.00580399250612, 0.00658228574321, 0.00611364142969, 0.0163369942456, 0.0580063387752, 0.0862493738532, 0.0415643379092, 0.00404766900465, 0.00249788397923, 0.00446474272758, 0.028615616262, 0.0480746477842, 0.045660931617, 0.0377360507846, 0.0435809679329, 0.0195138342679, 0.00419976422563, 0.00373427080922, 0.00562496995553, 0.0189617723227], "max": [1, 1, 1, 1, 1, 1, 1, 1, 1, 1, 1, 1, 1, 1, 1, 1, 1, 1, 1, 1, 1, 1, 1, 1, 1, 1, 1, 1, 1, 1, 1, 1, 1, 1, 1, 1], "dmean": [0.0870678201318, 0.061838965863, 0.0350052788854, 0.0359167605639, 0.0562961213291, 0.112247690558, 0.119920939207, 0.117126516998, 0.0876941904426, 0.0714566037059, 0.0528815798461, 0.0253837760538, 0.0256301984191, 0.0273620504886, 0.0334871038795, 0.0352989695966, 0.0386485867202, 0.0444725640118, 0.0492836348712, 0.0591177493334, 0.096586920321, 0.0955320075154, 0.0808810889721, 0.0550777614117, 0.0488849058747, 0.0473273284733, 0.0843025222421, 0.0978271737695, 0.0983130410314, 0.111979231238, 0.102977082133, 0.0871336609125, 0.0538207702339, 0.0441650412977, 0.0547984912992, 0.0852216407657], "dmean2": [0.140433594584, 0.103307858109, 0.0640503615141, 0.0663709416986, 0.100656844676, 0.183658227324, 0.195421308279, 0.19378067553, 0.151017010212, 0.116967655718, 0.0916162580252, 0.0449328348041, 0.0452633872628, 0.0490525737405, 0.0563477277756, 0.0612862110138, 0.0665858089924, 0.0758429020643, 0.0812156945467, 0.101786874235, 0.160402908921, 0.152081429958, 0.135199218988, 0.100911177695, 0.0901751071215, 0.0845171436667, 0.140586823225, 0.163518875837, 0.167783483863, 0.190527632833, 0.173006147146, 0.149729698896, 0.0995271354914, 0.0818309262395, 0.09734120965, 0.143847867846], "mean": [0.185868874192, 0.0879990458488, 0.0288107246161, 0.0286608785391, 0.0472364649177, 0.235032051802, 0.364688515663, 0.202605217695, 0.132549077272, 0.150750309229, 0.0690599232912, 0.0238281767815, 0.0253166463226, 0.0248285755515, 0.0549147054553, 0.0771839246154, 0.0488176718354, 0.0651426166296, 0.0945059508085, 0.073682911694, 0.189914882183, 0.275977313519, 0.1357178092, 0.0424586609006, 0.0378654301167, 0.0397819764912, 0.144182249904, 0.206040039659, 0.131174191833, 0.167190268636, 0.206974238157, 0.106329850852, 0.0409018620849, 0.0344909876585, 0.0458811558783, 0.142397776246], "dvar2": [0.0665668919683, 0.0443678349257, 0.0383366458118, 0.0421530753374, 0.0533890016377, 0.07163618505, 0.0850425884128, 0.070557653904, 0.0786867365241, 0.0575691387057, 0.0455256775022, 0.0218730326742, 0.0252754669636, 0.0320222601295, 0.028477454558, 0.0353798642755, 0.0343726798892, 0.0325815156102, 0.0368721820414, 0.0408490933478, 0.0689455419779, 0.0634780749679, 0.0559696480632, 0.0713884159923, 0.0593889243901, 0.044200271368, 0.0660326108336, 0.0791348293424, 0.0701158195734, 0.0948086306453, 0.0868022218347, 0.0801185145974, 0.0705408081412, 0.0626719146967, 0.0607857741416, 0.0738921388984], "min": [0, 0, 0, 0, 0, 0, 0, 0, 0, 0, 0, 0, 0, 0, 0, 0, 0, 0, 0, 0, 0, 0, 0, 0, 0, 0, 0, 0, 0, 0, 0, 0, 0, 0, 0, 0]}, "key_key": "E", "thpcp": [1, 0.555556893349, 0.3634583354, 0.413367301226, 0.189366877079, 0.0653384327888, 0.0694199129939, 0.0680815950036, 0.150579750538, 0.211643412709, 0.133861273527, 0.178625360131, 0.259141564369, 0.202043414116, 0.520759165287, 0.756748020649, 0.372147202492, 0.116424456239, 0.10382951051, 0.109084807336, 0.395357251167, 0.564975380898, 0.359688311815, 0.458446770906, 0.567537009716, 0.291563481092, 0.112155608833, 0.0945765674114, 0.125809162855, 0.390464097261, 0.509664714336, 0.241299197078, 0.0790009126067, 0.0785900205374, 0.129525512457, 0.644473433495], "chords_key": "E", "tuning_equal_tempered_deviation": 0.0189722832292, "tuning_frequency": 440.508575439, "tuning_diatonic_strength": 0.596233546734, "chords_histogram": [29.5555095673, 2.73857164383, 2.46471452713, 5.16115427017, 1.4114177227, 1.09542870522, 0.50558245182, 1.89593422413, 0.568780303001, 24.7103443146, 0, 0, 0, 0, 0, 0, 1.49568152428, 1.26395618916, 0.0210659354925, 0, 0.33705496788, 1.87486839294, 16.1997051239, 8.70023155212], "key_strength": 0.881040453911, "key_scale": "minor", "chords_strength": {"dvar": 0.000459921750007, "var": 0.0325744003057, "median": 0.562013566494, "max": 0.78726875782, "dmean": 0.00893611088395, "dmean2": 0.00716878985986, "mean": 0.536964118481, "dvar2": 0.000849426549394, "min": -1}, "chords_number_rate": 0.00273857172579, "tuning_nontempered_energy_ratio": 0.639188289642, "hpcp_entropy": {"dvar": 0.240471154451, "var": 0.606462538242, "median": 1.49422121048, "max": 3.9963183403, "dmean": 0.532086312771, "dmean2": 0.893470525742, "mean": 1.41168880463, "dvar2": 0.603633165359, "min": 0}, "chords_changes_rate": 0.0326522029936, "chords_scale": "minor"}, "rhythm": {"bpm_histogram_first_peak_spread": {"dvar": 0, "var": 0, "median": 0.297752797604, "max": 0.297752797604, "dmean": 0, "dmean2": 0, "mean": 0.297752797604, "dvar2": 0, "min": 0.297752797604}, "bpm_histogram_first_peak_weight": {"dvar": 0, "var": 0, "median": 0.444049745798, "max": 0.444049745798, "dmean": 0, "dmean2": 0, "mean": 0.444049745798, "dvar2": 0, "min": 0.444049745798}, "bpm_histogram_first_peak_bpm": {"dvar": 0, "var": 0, "median": 157, "max": 157, "dmean": 0, "dmean2": 0, "mean": 157, "dvar2": 0, "min": 157}, "bpm": 155.702041626, "bpm_histogram_second_peak_weight": {"dvar": 0, "var": 0, "median": 0.10834813863, "max": 0.10834813863, "dmean": 0, "dmean2": 0, "mean": 0.10834813863, "dvar2": 0, "min": 0.10834813863}, "beats_loudness": {"dvar": 0.000209572230233, "var": 0.000482365285279, "median": 0.0222950652242, "max": 0.0987461805344, "dmean": 0.0145871276036, "dmean2": 0.0244950242341, "mean": 0.0265540909022, "dvar2": 0.000571098586079, "min": 0}, "beats_loudness_band_ratio": {"dvar": [0.0301327332854, 0.0284999012947, 0.0187136102468, 0.0140504520386, 0.000749838189222, 0.0208017900586], "var": [0.0491910688579, 0.0554415099323, 0.0327837094665, 0.0188322998583, 0.000821388268378, 0.0137428669259], "median": [0.142207562923, 0.4335514009, 0.188020899892, 0.0589982271194, 0.0124631552026, 0.00315922591835], "max": [0.93438988924, 0.949369013309, 0.85494184494, 0.832655847073, 0.25260335207, 0.994180500507], "dmean": [0.18144005537, 0.212112665176, 0.150259226561, 0.0851455703378, 0.0172673277557, 0.0430924855173], "dmean2": [0.316323548555, 0.364001631737, 0.257465392351, 0.146953672171, 0.0307423099875, 0.0806992724538], "mean": [0.230569958687, 0.435969769955, 0.241556689143, 0.10432716459, 0.0207968074828, 0.0278654694557], "dvar2": [0.0803185999393, 0.0776596963406, 0.0549601949751, 0.0358552075922, 0.00209508067928, 0.0578336156905], "min": [0, 0, 0, 0, 0, 0]}, "bpm_histogram_second_peak_bpm": {"dvar": 0, "var": 0, "median": 152, "max": 152, "dmean": 0, "dmean2": 0, "mean": 152, "dvar2": 0, "min": 152}, "onset_rate": 2.39131784439, "beats_count": 564, "beats_position": [0.394739210606, 0.801088392735, 1.20743763447, 1.6137868166, 2.00852608681, 2.39165520668, 2.7863945961, 3.16952371597, 3.55265307426, 3.92417216301, 4.3073015213, 4.69043064117, 5.07355976105, 5.45668935776, 5.83981847763, 6.21133756638, 6.59446716309, 6.96598625183, 7.3491153717, 7.73224496841, 8.10376358032, 8.47528362274, 8.85841274261, 9.24154186249, 9.61306095123, 9.99619007111, 10.379319191, 10.7624483109, 11.1455783844, 11.5287075043, 11.9234466553, 12.3065757751, 12.689704895, 13.0612239838, 13.4327430725, 13.8042631149, 14.1873922348, 14.5589113235, 14.9536504745, 15.3367795944, 15.7199087143, 16.114648819, 16.4977779388, 16.8692970276, 17.2524261475, 17.6239452362, 18.0070743561, 18.390203476, 18.7733325958, 19.1564617157, 19.5395908356, 19.9111099243, 20.2826309204, 20.6657600403, 21.037279129, 21.3971881866, 21.7687072754, 22.1518363953, 22.5814056396, 22.9761447906, 23.3824939728, 23.8120632172, 24.2416324615, 24.6595916748, 25.0775508881, 25.5071201324, 25.9366893768, 26.3546485901, 26.8887062073, 27.4111557007, 27.9336051941, 28.5141029358, 29.0946025848, 29.686712265, 30.2788200378, 30.8593196869, 31.3237190247, 31.776506424, 32.2292976379, 32.6820869446, 33.0884361267, 33.4947853088, 33.901134491, 34.2958717346, 34.690612793, 35.0853500366, 35.480091095, 35.8748283386, 36.269569397, 36.6759185791, 37.151927948, 37.5931053162, 38.034286499, 38.4754638672, 38.8934249878, 39.3229942322, 39.7409515381, 40.1473007202, 40.5420417786, 40.9483909607, 41.3431282043, 41.7494773865, 42.1442184448, 42.5389556885, 42.9336967468, 43.340045929, 43.7463951111, 44.1527442932, 44.5590934753, 44.9654426575, 45.3717918396, 45.7781410217, 46.1380500793, 46.4863471985, 46.8346481323, 47.1829452515, 47.5660743713, 47.9492073059, 48.3323364258, 48.7154655457, 49.1102027893, 49.4933319092, 49.8764610291, 50.2595901489, 50.6427192688, 51.0258483887, 51.4089775085, 51.7921066284, 52.1752357483, 52.5583648682, 52.941493988, 53.3362350464, 53.7077522278, 54.0908851624, 54.4740142822, 54.8571434021, 55.240272522, 55.6117897034, 55.9833106995, 56.3548278809, 56.726348877, 57.1094779968, 57.4809951782, 57.8641242981, 58.2588653564, 58.6419944763, 59.0251235962, 59.4082527161, 59.7913818359, 60.1861228943, 60.5576400757, 60.9291610718, 61.3122901917, 61.6954193115, 62.0785484314, 62.4616775513, 62.8331947327, 63.2163238525, 63.5878448486, 63.95936203, 64.3424911499, 64.7256240845, 65.1203613281, 65.4918823242, 65.8750076294, 66.2465286255, 66.6296615601, 67.0011749268, 67.3726959229, 67.7442169189, 68.115737915, 68.4988632202, 68.8819961548, 69.26512146, 69.6482543945, 70.0313796997, 70.4145126343, 70.7976379395, 71.180770874, 71.5638961792, 71.9470291138, 72.3301544189, 72.701675415, 73.0731964111, 73.4563217163, 73.8394546509, 74.2225799561, 74.6057128906, 74.9772338867, 75.3487548828, 75.7202682495, 76.1034011841, 76.4865264893, 76.8580474854, 77.2411804199, 77.6126937866, 77.9842147827, 78.3673477173, 78.7620849609, 79.1452102661, 79.5283432007, 79.8998641968, 80.282989502, 80.6661224365, 81.0492477417, 81.4323806763, 81.8155059814, 82.1870269775, 82.5701599121, 82.9532852173, 83.3364181519, 83.7079315186, 84.0910644531, 84.4741897583, 84.8573226929, 85.2404556274, 85.6235809326, 86.0067138672, 86.3782272339, 86.74974823, 87.1444854736, 87.5276184082, 87.9107437134, 88.2938766479, 88.6770019531, 89.0485229492, 89.4316558838, 89.814781189, 90.1979141235, 90.5810394287, 90.9525604248, 91.3356933594, 91.730430603, 92.1135559082, 92.4618606567, 92.8101577759, 93.158454895, 93.4951477051, 93.8086166382, 94.1336975098, 94.4471664429, 94.7722396851, 95.0973205566, 95.4920654297, 95.8751907349, 96.2583236694, 96.6298370361, 97.0129699707, 97.3960952759, 97.7792282104, 98.1507492065, 98.5338745117, 98.9170074463, 99.288520813, 99.6716537476, 100.043174744, 100.403083801, 100.786209106, 101.297050476, 101.807891846, 102.318725586, 102.817955017, 103.328796387, 103.839637756, 104.338867188, 104.838096619, 105.33732605, 105.720451355, 106.10358429, 106.475097656, 106.858230591, 107.241355896, 107.624488831, 108.019226074, 108.402359009, 108.785484314, 109.15700531, 109.528526306, 109.92326355, 110.306388855, 110.68952179, 111.072654724, 111.444168091, 111.804077148, 112.163986206, 112.512290955, 112.860588074, 113.197273254, 113.533966064, 113.870658875, 114.207344055, 114.544036865, 114.869110107, 115.194190979, 115.530883789, 115.855964661, 116.169433594, 116.494506836, 116.819587708, 117.156280518, 117.5626297, 117.98059082, 118.41015625, 118.828117371, 119.234466553, 119.652427673, 120.070381165, 120.465126038, 120.859863281, 121.254600525, 121.649337769, 122.044082642, 122.438819885, 122.833557129, 123.205078125, 123.58820343, 123.971336365, 124.35446167, 124.725982666, 125.109115601, 125.480628967, 125.87537384, 126.246894836, 126.630020142, 127.001541138, 127.384666443, 127.756187439, 128.150924683, 128.545669556, 128.952011108, 129.346755981, 129.741500854, 130.136230469, 130.54258728, 130.983764648, 131.413330078, 131.842895508, 132.260864258, 132.678817749, 133.09677124, 133.503128052, 133.863037109, 134.234558105, 134.606079102, 134.989196777, 135.372329712, 135.743850708, 136.126983643, 136.510116577, 136.881637573, 137.264755249, 137.636276245, 138.01940918, 138.390930176, 138.762451172, 139.157180786, 139.551925659, 139.946670532, 140.341400146, 140.724533081, 141.107666016, 141.467575073, 141.839096069, 142.222213745, 142.593734741, 142.965255737, 143.348388672, 143.731521606, 144.114639282, 144.497772217, 144.880905151, 145.264038086, 145.635559082, 146.007064819, 146.390197754, 146.773330688, 147.144851685, 147.527984619, 147.911102295, 148.282623291, 148.665756226, 149.04888916, 149.420410156, 149.803527832, 150.186660767, 150.569793701, 150.952926636, 151.336044312, 151.719177246, 152.102310181, 152.485443115, 152.856964111, 153.240081787, 153.623214722, 153.994735718, 154.366256714, 154.749389648, 155.132507324, 155.50402832, 155.887161255, 156.270294189, 156.653427124, 157.0365448, 157.408065796, 157.779586792, 158.162719727, 158.545852661, 158.917373657, 159.300491333, 159.683624268, 160.078369141, 160.461486816, 160.844619751, 161.216140747, 161.587661743, 161.959182739, 162.342315674, 162.72543335, 163.096954346, 163.48008728, 163.863220215, 164.246353149, 164.629470825, 165.024215698, 165.418960571, 165.790466309, 166.161987305, 166.533508301, 166.928253174, 167.311386108, 167.694503784, 168.06602478, 168.437545776, 168.809066772, 169.192199707, 169.575332642, 169.958450317, 170.329971313, 170.70149231, 171.073013306, 171.444534302, 171.839263916, 172.222396851, 172.605529785, 172.98866272, 173.360183716, 173.743301392, 174.126434326, 174.509567261, 174.892700195, 175.264221191, 175.647338867, 176.030471802, 176.413604736, 176.796737671, 177.179855347, 177.562988281, 177.934509277, 178.317642212, 178.689163208, 179.072280884, 179.455413818, 179.838546753, 180.210067749, 180.593200684, 180.976318359, 181.347839355, 181.719360352, 182.102493286, 182.485626221, 182.868743896, 183.251876831, 183.623397827, 183.994918823, 184.378051758, 184.761169434, 185.144302368, 185.527435303, 185.910568237, 186.282089233, 186.653594971, 187.013504028, 187.408248901, 187.802993774, 188.18611145, 188.569244385, 188.952377319, 189.323898315, 189.70703125, 190.090148926, 190.47328186, 190.844802856, 191.216323853, 191.587844849, 191.982574463, 192.365707397, 192.748840332, 193.131973267, 193.515090942, 193.898223877, 194.269744873, 194.652877808, 195.036010742, 195.419128418, 195.790649414, 196.16217041, 196.533691406, 196.916824341, 197.299957275, 197.671463013, 198.054595947, 198.437728882, 198.820861816, 199.203994751, 199.587112427, 199.970245361, 200.353378296, 200.724899292, 201.108016968, 201.491149902, 201.874282837, 202.26902771, 202.663757324, 203.058502197, 203.441635132, 203.824752808, 204.207885742, 204.602630615, 204.985748291, 205.368881226, 205.740402222, 206.123535156, 206.506668091, 206.913009644, 207.307754517, 207.702484131, 208.120452881, 208.538406372, 208.956375122, 209.362716675, 209.757461548, 210.163803101, 210.570159912, 210.976501465, 211.382858276, 211.789199829, 212.195556641, 212.590286255, 212.996643066, 213.402984619, 213.809341431, 214.273742676, 214.738143921, 215.202529907, 215.678543091, 216.154556274, 216.642166138, 217.048522949, 217.454864502, 217.861221313, 218.325622559, 218.790023804, 219.24281311, 219.695602417], "danceability": 0.92727714777, "bpm_histogram_second_peak_spread": {"dvar": 0, "var": 0, "median": 0.377551019192, "max": 0.377551019192, "dmean": 0, "dmean2": 0, "mean": 0.377551019192, "dvar2": 0, "min": 0.377551019192}}, "lowlevel": {"spectral_flux": {"dvar": 0.000326249224599, "var": 0.00113378209062, "median": 0.044321373105, "max": 0.276356816292, "dmean": 0.0143581330776, "dmean2": 0.0233949217945, "mean": 0.0485347621143, "dvar2": 0.000793445447925, "min": 6.23959356405e-11}, "spectral_rolloff": {"dvar": 940382.875, "var": 7801896, "median": 602.9296875, "max": 21791.6015625, "dmean": 236.842590332, "dmean2": 409.334564209, "mean": 1212.13586426, "dvar2": 2037687.875, "min": 107.666015625}, "barkbands_flatness_db": {"dvar": 0.000401453202358, "var": 0.00337235513143, "median": 0.2094797194, "max": 0.471046179533, "dmean": 0.0189778283238, "dmean2": 0.0286191459745, "mean": 0.212980061769, "dvar2": 0.000880755425896, "min": 0.0369161367416}, "spectral_centroid": {"dvar": 64209.9453125, "var": 1443273.125, "median": 539.760986328, "max": 11695.9755859, "dmean": 107.75038147, "dmean2": 159.790145874, "mean": 757.619384766, "dvar2": 119296.984375, "min": 189.114685059}, "melbands_skewness": {"dvar": 0.40521940589, "var": 2.57209444046, "median": 1.99207675457, "max": 11.7958631516, "dmean": 0.558683812618, "dmean2": 0.864566624165, "mean": 2.25985503197, "dvar2": 0.975473284721, "min": -1.37058186531}, "melbands": {"dvar": [5.68808182777e-08, 9.09657842385e-07, 4.53463314898e-07, 4.34237136915e-07, 4.10969931863e-07, 4.43066056732e-07, 3.90186784216e-07, 9.38964674901e-08, 5.27168957376e-08, 1.44810048397e-08, 6.96931223843e-08, 5.05392172556e-08, 2.14968629564e-08, 1.41780243101e-09, 1.15941489742e-09, 3.85024262473e-10, 4.58541815629e-10, 3.73996361658e-10, 2.19236934162e-10, 8.6090190532e-11, 8.21550397156e-11, 1.07797715199e-10, 5.01934882546e-11, 2.31280584961e-11, 1.84902614053e-11, 3.63637635628e-12, 8.57552657357e-12, 4.0976653494e-12, 3.33343899359e-12, 5.56082957459e-12, 4.15340400961e-11, 2.12328724047e-10, 7.21527351755e-11, 7.67230983606e-12, 5.71232124102e-12, 4.163551795e-11, 3.52750051391e-11, 2.66932413673e-11, 3.44761337534e-11, 1.72549349808e-10], "var": [1.13710996175e-07, 1.73199759956e-06, 9.8638918189e-07, 1.66025085946e-06, 1.90306684544e-06, 1.52441930368e-06, 1.9863914531e-06, 3.6103458001e-07, 4.18457943852e-07, 1.7474319236e-07, 6.03160174251e-07, 3.61416397254e-07, 5.1459653605e-07, 5.9229443572e-09, 4.4204577776e-09, 2.92391932888e-09, 3.19452730935e-09, 1.17820031509e-09, 7.43534955827e-10, 2.27873650505e-10, 2.4575483315e-10, 3.37085498403e-10, 1.22730131613e-10, 7.56783385958e-11, 6.02583816178e-11, 8.29454387119e-12, 1.45290056028e-11, 8.47275721805e-12, 3.87095347096e-12, 7.38265872047e-12, 6.33575553133e-11, 3.05185238192e-10, 1.22236207267e-10, 1.38346877357e-11, 1.27328746505e-11, 6.50389672674e-11, 6.17715531503e-11, 6.31646263072e-11, 7.10209460686e-11, 1.91060195442e-10], "median": [2.99171697407e-05, 0.000171795196366, 0.000163975084433, 0.000330283190124, 0.000468952523079, 0.000384963437682, 0.000169698701939, 0.000118991491036, 3.87649633922e-05, 4.25102261943e-05, 3.46552842529e-05, 2.31717822317e-05, 2.94779511023e-05, 9.87471503322e-06, 9.89742329693e-06, 5.54673579245e-06, 7.09968935553e-06, 3.95964480049e-06, 2.39045948547e-06, 1.53630139721e-06, 1.31182650875e-06, 1.08078347694e-06, 9.2977506938e-07, 1.10468215553e-06, 8.18010562398e-07, 4.39272412223e-07, 3.08195382104e-07, 1.9049738853e-07, 1.24220576936e-07, 7.81030493613e-08, 6.74473312756e-08, 4.1776633708e-08, 3.07061824856e-08, 2.42128965766e-08, 3.45749704422e-08, 3.91996408666e-08, 3.14742649721e-08, 3.20651096786e-08, 3.03996898765e-08, 2.0165492387e-08], "max": [0.00652424339205, 0.0259934961796, 0.0113593861461, 0.0112815406173, 0.0153080737218, 0.0120170591399, 0.0199616774917, 0.010879590176, 0.0111875059083, 0.00516071449965, 0.0085730953142, 0.00882361922413, 0.00975527893752, 0.00121869088616, 0.00135485397186, 0.000805806252174, 0.00083733687643, 0.00118252739776, 0.000708994222805, 0.00039276224561, 0.000297885562759, 0.000531152531039, 0.000344228872564, 0.000201561619178, 0.000186731384019, 7.22846089047e-05, 0.000169637656654, 0.000136709903018, 9.72245907178e-05, 0.000103246275103, 0.000337234931067, 0.000937521050218, 0.000349440320861, 8.26280956971e-05, 0.000168666985701, 0.000458683032775, 0.000336162105668, 0.000266728980932, 0.000250126118772, 0.000631595903542], "dmean": [9.21586615732e-05, 0.000370768917492, 0.000277935469057, 0.000332380092004, 0.000325002649333, 0.000325971632265, 0.000235676925513, 0.000141462194733, 6.85244667693e-05, 5.2296447393e-05, 9.2720030807e-05, 5.9423437051e-05, 4.80345188407e-05, 1.58616512635e-05, 1.49837514982e-05, 7.99332883616e-06, 9.15900363907e-06, 5.68882114749e-06, 4.67050904263e-06, 3.15205375045e-06, 2.77190315501e-06, 2.47253979069e-06, 1.83143390586e-06, 1.65239100625e-06, 1.43281374676e-06, 6.20895548309e-07, 4.45741619615e-07, 3.73576085622e-07, 2.92045484684e-07, 3.0671972695e-07, 6.2301228354e-07, 1.14715317068e-06, 9.35865841711e-07, 3.89828244352e-07, 3.33652565132e-07, 5.79010531965e-07, 6.13538247762e-07, 6.30003398783e-07, 7.27719395854e-07, 1.08833057766e-06], "dmean2": [0.000145694953972, 0.000579259591177, 0.00043566027307, 0.000522792630363, 0.00048292716383, 0.000510208250489, 0.00036016033846, 0.000212397644646, 9.37096338021e-05, 7.31753389118e-05, 0.000122344077681, 8.04862211226e-05, 6.82410172885e-05, 2.33187456615e-05, 2.30767400353e-05, 1.20113654702e-05, 1.37906245072e-05, 8.60927866597e-06, 7.34667264624e-06, 5.04437366544e-06, 4.32061870015e-06, 3.74597061636e-06, 2.89444142254e-06, 2.53014081864e-06, 2.2392334813e-06, 1.00290810678e-06, 6.95444100529e-07, 5.75840999772e-07, 4.69238244705e-07, 4.88412126742e-07, 9.46731972817e-07, 1.64570508332e-06, 1.36794642458e-06, 5.82975644647e-07, 5.04978345361e-07, 8.75340560924e-07, 9.02911551748e-07, 8.6379344566e-07, 1.02434398741e-06, 1.66575534877e-06], "mean": [0.000154262539581, 0.000660305435304, 0.000522465910763, 0.000829859811347, 0.000953865936026, 0.000878578517586, 0.000684652768541, 0.000333233532729, 0.000186771998415, 0.000161377058248, 0.000293314195005, 0.00017993801157, 0.000162685726536, 3.99374803237e-05, 3.26298068103e-05, 1.89282091014e-05, 2.16957632801e-05, 1.27272078316e-05, 9.7874981293e-06, 5.73100533074e-06, 5.68316590943e-06, 4.99091402162e-06, 3.64933634955e-06, 3.50481172973e-06, 3.01416616821e-06, 1.30996363623e-06, 8.77121237863e-07, 6.88774832724e-07, 4.53264902944e-07, 4.23336700806e-07, 8.11940083167e-07, 1.3409684243e-06, 1.12547866138e-06, 4.91330069963e-07, 4.64938949563e-07, 7.983947512e-07, 8.90339663329e-07, 9.6175449471e-07, 1.025927304e-06, 1.32413049414e-06], "dvar2": [1.47179534338e-07, 2.32723709814e-06, 1.12027237265e-06, 1.1201829011e-06, 9.37707284265e-07, 1.26157056002e-06, 8.7712982122e-07, 2.1937547956e-07, 7.74964092898e-08, 2.62376858018e-08, 1.06172898029e-07, 7.97697552457e-08, 3.61089398382e-08, 2.93737101309e-09, 2.65416222334e-09, 7.62264418253e-10, 9.30444110647e-10, 7.51045226011e-10, 5.02847485873e-10, 2.0429290204e-10, 1.69591507504e-10, 2.03449465608e-10, 1.23951710007e-10, 4.51221456033e-11, 4.03644444258e-11, 9.22963441785e-12, 2.13079606043e-11, 8.27753317278e-12, 7.4215512208e-12, 1.16095752803e-11, 8.33806704237e-11, 4.37197750225e-10, 1.40545797223e-10, 1.59052909732e-11, 1.12003635533e-11, 8.492982706e-11, 7.07195205174e-11, 4.64097614505e-11, 6.53395740291e-11, 4.1301789766e-10], "min": [5.34495171523e-25, 9.47103937618e-25, 1.44717174012e-24, 1.11845330231e-24, 2.0609186392e-24, 1.9230573074e-24, 2.67516912735e-24, 3.04221525971e-24, 2.22928660271e-24, 2.5664522617e-24, 2.77133324385e-24, 2.9423699238e-24, 1.39494904959e-24, 1.63296406331e-24, 3.62198384884e-24, 2.60878904598e-24, 3.65137404516e-24, 2.95357667904e-24, 4.36744281035e-24, 3.57126127593e-24, 3.44532791545e-24, 3.20022705726e-24, 3.3549114395e-24, 4.26710325308e-24, 4.15964817044e-24, 4.38087119511e-24, 4.58080168065e-24, 3.92777631242e-24, 4.0577624458e-24, 4.18127163672e-24, 4.27027368506e-24, 5.1790872018e-24, 5.68801016518e-24, 5.36070270371e-24, 5.97082626604e-24, 6.41264556538e-24, 6.33556714962e-24, 6.46984389746e-24, 6.39765760261e-24, 5.68837383006e-24]}, "spectral_decrease": {"dvar": 3.1516743527e-18, "var": 2.44960439421e-17, "median": -4.19594403667e-09, "max": 8.34560228287e-16, "dmean": 1.23967813792e-09, "dmean2": 1.88590565386e-09, "mean": -5.47210809998e-09, "dvar2": 7.45434323081e-18, "min": -3.07249194975e-08}, "barkbands_kurtosis": {"dvar": 202.13092041, "var": 984.219848633, "median": 4.97925662994, "max": 1307.45397949, "dmean": 4.31936454773, "dmean2": 6.58189821243, "mean": 10.0791473389, "dvar2": 299.573577881, "min": -1.9627584219}, "silence_rate_30dB": {"dvar": 0.000421304051997, "var": 0.000315900455462, "median": 1, "max": 1, "dmean": 0.000421451899456, "dmean2": 0.000842992623802, "mean": 0.999683916569, "dvar2": 0.00105314922985, "min": 0}, "gfcc": {"mean": [-114.086997986, 136.48449707, -106.270187378, -1.79324758053, -64.0791549683, -3.1715722084, -45.1160697937, -2.48772549629, -25.6982116699, -8.2457818985, -5.56692075729, -4.66227054596, -4.3902630806], "cov": [[30616.1582031, 1251.41638184, -3446.12084961, 374.994354248, -1851.06970215, 569.697021484, -1144.1763916, 631.120849609, -688.916809082, -152.273010254, 91.4311065674, -161.506790161, 122.301734924], [1251.41638184, 2006.60095215, -301.141235352, -379.993713379, 343.222839355, -221.702011108, 214.085281372, -201.262115479, 14.6311435699, -9.80448627472, 99.4507904053, -118.518310547, -15.697473526], [-3446.12084961, -301.141235352, 1032.89257812, 92.1303863525, 147.313766479, 107.610908508, 106.128860474, -25.6630477905, 87.4898071289, 49.3804779053, -75.4137420654, 24.1629047394, -85.6117782593], [374.994354248, -379.993713379, 92.1303863525, 500.538208008, -34.3274345398, 57.1421928406, -54.6856231689, 54.767578125, 12.0597000122, -39.7899665833, -47.3204040527, -9.16592121124, -9.22133827209], [-1851.06970215, 343.222839355, 147.313766479, -34.3274345398, 437.383911133, -43.7430305481, 186.714553833, -33.9877662659, 77.9271240234, 25.3393955231, 21.5039997101, -6.26910591125, -18.8253574371], [569.697021484, -221.702011108, 107.610908508, 57.1421928406, -43.7430305481, 255.352279663, 18.6246337891, 55.7489776611, 6.28439998627, 23.7542514801, -16.7200679779, 10.3310813904, -8.82807922363], [-1144.1763916, 214.085281372, 106.128860474, -54.6856231689, 186.714553833, 18.6246337891, 274.352600098, 0.676330566406, 54.0837440491, 48.6326370239, 10.1447944641, 28.9767379761, -13.0228748322], [631.120849609, -201.262115479, -25.6630477905, 54.767578125, -33.9877662659, 55.7489776611, 0.676330566406, 230.688568115, 30.4022464752, -2.70324063301, 24.5493659973, 13.9880695343, 27.0467185974], [-688.916809082, 14.6311435699, 87.4898071289, 12.0597000122, 77.9271240234, 6.28439998627, 54.0837440491, 30.4022464752, 121.95526123, 41.0424232483, 14.9895610809, 22.243560791, -8.68779182434], [-152.273010254, -9.80448627472, 49.3804779053, -39.7899665833, 25.3393955231, 23.7542514801, 48.6326370239, -2.70324063301, 41.0424232483, 123.315536499, 28.4314804077, 30.413640976, -15.1830186844], [91.4311065674, 99.4507904053, -75.4137420654, -47.3204040527, 21.5039997101, -16.7200679779, 10.1447944641, 24.5493659973, 14.9895610809, 28.4314804077, 125.230957031, 7.33807420731, 15.2891407013], [-161.506790161, -118.518310547, 24.1629047394, -9.16592121124, -6.26910591125, 10.3310813904, 28.9767379761, 13.9880695343, 22.243560791, 30.413640976, 7.33807420731, 120.371955872, 0.964999854565], [122.301734924, -15.697473526, -85.6117782593, -9.22133827209, -18.8253574371, -8.82807922363, -13.0228748322, 27.0467185974, -8.68779182434, -15.1830186844, 15.2891407013, 0.964999854565, 104.350234985]], "icov": [[0.000227360054851, -0.00052119162865, 0.000576199963689, -0.000408315798268, 0.000596383062657, -0.000798833963927, 0.000694364251103, -0.000803539005574, 0.00077078526374, -0.000591611489654, 0.000351631606463, -0.000346267624991, 0.000356482254574], [-0.00052119162865, 0.00214338721707, -0.00102285086177, 0.00141280482057, -0.00176930148154, 0.00217484286986, -0.00218905252405, 0.00245208689012, -0.0020030841697, 0.00172968639527, -0.00129659438971, 0.00170389213599, -0.000565876893234], [0.000576199963689, -0.00102285086177, 0.00281779374927, -0.00103863235563, 0.00106844154652, -0.00239124894142, 0.0014759064652, -0.00166928337421, 0.00126531138085, -0.00158426212147, 0.00144744920544, -0.000714281515684, 0.0016674909275], [-0.000408315798268, 0.00141280482057, -0.00103863235563, 0.00328914471902, -0.00132541661151, 0.00121211924125, -0.00100926309824, 0.00124476628844, -0.00199002982117, 0.00194501399528, -0.000209433579585, 0.00111901038326, -0.000317874888424], [0.000596383062657, -0.00176930148154, 0.00106844154652, -0.00132541661151, 0.0055795297958, -0.00149106187746, -0.000337948731612, -0.00176427222323, 0.000495737767778, -0.00107450142968, 0.000424815894803, -0.000405698257964, 0.000916299642995], [-0.000798833963927, 0.00217484286986, -0.00239124894142, 0.00121211924125, -0.00149106187746, 0.007685192395, -0.00331991864368, 0.00188846257515, -0.00226979912259, 0.00113594089635, -0.000905088847503, 0.00168011360802, -0.00102055445313], [0.000694364251103, -0.00218905252405, 0.0014759064652, -0.00100926309824, -0.000337948731612, -0.00331991864368, 0.00835752207786, -0.00313678872772, 0.00210870965384, -0.00323305046186, 0.00181262288243, -0.00266780378297, 0.000957022537477], [-0.000803539005574, 0.00245208689012, -0.00166928337421, 0.00124476628844, -0.00176427222323, 0.00188846257515, -0.00313678872772, 0.00860490556806, -0.00466776639223, 0.00324075762182, -0.00276260939427, 0.00149748439435, -0.00225536036305], [0.00077078526374, -0.0020030841697, 0.00126531138085, -0.00199002982117, 0.000495737767778, -0.00226979912259, 0.00210870965384, -0.00466776639223, 0.014285126701, -0.00511395931244, 0.00082355941413, -0.00249701924622, 0.00137561513111], [-0.000591611489654, 0.00172968639527, -0.00158426212147, 0.00194501399528, -0.00107450142968, 0.00113594089635, -0.00323305046186, 0.00324075762182, -0.00511395931244, 0.0128070563078, -0.00352073833346, -0.000456167326774, 0.000442220509285], [0.000351631606463, -0.00129659438971, 0.00144744920544, -0.000209433579585, 0.000424815894803, -0.000905088847503, 0.00181262288243, -0.00276260939427, 0.00082355941413, -0.00352073833346, 0.0105712097138, -0.00103006314021, -0.000478868139908], [-0.000346267624991, 0.00170389213599, -0.000714281515684, 0.00111901038326, -0.000405698257964, 0.00168011360802, -0.00266780378297, 0.00149748439435, -0.00249701924622, -0.000456167326774, -0.00103006314021, 0.0106971776113, -0.000699371041264], [0.000356482254574, -0.000565876893234, 0.0016674909275, -0.000317874888424, 0.000916299642995, -0.00102055445313, 0.000957022537477, -0.00225536036305, 0.00137561513111, 0.000442220509285, -0.000478868139908, -0.000699371041264, 0.0114586176351]]}, "silence_rate_20dB": {"dvar": 0, "var": 0, "median": 1, "max": 1, "dmean": 0, "dmean2": 0, "mean": 1, "dvar2": 0, "min": 1}, "barkbands_skewness": {"dvar": 0.413581639528, "var": 3.10785913467, "median": 1.70606184006, "max": 18.5841693878, "dmean": 0.522677242756, "dmean2": 0.798707127571, "mean": 1.88890314102, "dvar2": 0.887800276279, "min": -31.5428924561}, "erbbands_skewness": {"dvar": 0.147242471576, "var": 0.813169419765, "median": 0.975755214691, "max": 6.48643779755, "dmean": 0.35436975956, "dmean2": 0.535750508308, "mean": 0.987006545067, "dvar2": 0.310929983854, "min": -4.83748817444}, "spectral_contrast_valleys": {"dvar": [0.111808225513, 0.074445143342, 0.0731122270226, 0.0732118114829, 0.0682569816709, 0.13112193346], "var": [5.79362154007, 6.18367528915, 6.01661586761, 5.52849912643, 5.65965080261, 5.05315065384], "median": [-8.03039264679, -6.88872432709, -7.78820133209, -8.55171585083, -8.68787479401, -11.2245149612], "max": [-5.67115783691, -4.71812820435, -5.58167362213, -6.13883972168, -6.30835103989, -7.18099308014], "dmean": [0.393365353346, 0.296779066324, 0.277678996325, 0.251029133797, 0.208820745349, 0.239146992564], "dmean2": [0.647009074688, 0.486764848232, 0.455938816071, 0.40691280365, 0.317766785622, 0.328936129808], "mean": [-8.45884990692, -7.38189792633, -8.28318309784, -9.04673862457, -9.25606632233, -11.7384824753], "dvar2": [0.284231603146, 0.184152081609, 0.170858472586, 0.165584236383, 0.140029639006, 0.245849087834], "min": [-28.1705207825, -28.1465187073, -27.7394771576, -27.6559848785, -27.4987335205, -27.3977336884]}, "spectral_strongpeak": {"dvar": 0.505242347717, "var": 2.14556050301, "median": 0.797045588493, "max": 16.696975708, "dmean": 0.383656293154, "dmean2": 0.622688889503, "mean": 1.24441766739, "dvar2": 1.24552536011, "min": 0}, "erbbands_crest": {"dvar": 5.12983465195, "var": 22.9006595612, "median": 11.1218557358, "max": 30.6769371033, "dmean": 2.33419132233, "dmean2": 3.66066050529, "mean": 11.9368238449, "dvar2": 12.3050003052, "min": 2.41966223717}, "barkbands_crest": {"dvar": 4.22748041153, "var": 19.4331741333, "median": 11.6232566833, "max": 26.7016506195, "dmean": 2.15578913689, "dmean2": 3.41949987411, "mean": 12.3727989197, "dvar2": 10.6054649353, "min": 3.53744935989}, "spectral_energyband_middle_low": {"dvar": 3.45243497577e-05, "var": 0.000222062008106, "median": 0.0120842587203, "max": 0.0999826043844, "dmean": 0.00406907359138, "dmean2": 0.00625762157142, "mean": 0.0159207880497, "dvar2": 8.39780404931e-05, "min": 1.95704551361e-22}, "spectral_contrast_coeffs": {"dvar": [0.00140375096817, 0.00107576150913, 0.000809874734841, 0.000512385857292, 0.000239908025833, 0.00017733623099], "var": [0.0131242694333, 0.00792143028229, 0.00694289524108, 0.00420985929668, 0.00269074738026, 0.00172548939008], "median": [-0.582962274551, -0.657892048359, -0.725384414196, -0.767433285713, -0.807491600513, -0.813274383545], "max": [-0.228332817554, -0.405465841293, -0.426455020905, -0.546861588955, -0.567925274372, -0.568080961704], "dmean": [0.0443447120488, 0.0391677841544, 0.0332249440253, 0.0261519886553, 0.0178124047816, 0.0136665133759], "dmean2": [0.072420284152, 0.0629444122314, 0.0532023534179, 0.0426588580012, 0.0290202833712, 0.0212084017694], "mean": [-0.579390764236, -0.664200484753, -0.724002242088, -0.769208550453, -0.8074914217, -0.813318014145], "dvar2": [0.00364798447117, 0.00275201862678, 0.00194348813966, 0.00128539162688, 0.000577153172344, 0.000380516547011], "min": [-0.983423769474, -0.991771459579, -0.990743398666, -0.981308460236, -0.966986000538, -0.964997589588]}, "hfc": {"dvar": 117.608154297, "var": 341.246826172, "median": 7.54885482788, "max": 396.240783691, "dmean": 3.37070703506, "dmean2": 4.85834264755, "mean": 12.8024311066, "dvar2": 236.329238892, "min": 1.06900071041e-16}, "spectral_energyband_high": {"dvar": 1.55721602368e-06, "var": 3.1866052268e-06, "median": 2.52187019214e-05, "max": 0.0447422526777, "dmean": 0.000190704173292, "dmean2": 0.000267201947281, "mean": 0.000293576624244, "dvar2": 2.96613234241e-06, "min": 6.83629637255e-21}, "erbbands_spread": {"dvar": 93.5859909058, "var": 337.32019043, "median": 17.9751052856, "max": 171.749191284, "dmean": 5.15584850311, "dmean2": 7.89074277878, "mean": 22.8628311157, "dvar2": 199.944915771, "min": 1.76385486126}, "dissonance": {"dvar": 0.000699211028405, "var": 0.00180818443187, "median": 0.42726534605, "max": 0.500000059605, "dmean": 0.0294685922563, "dmean2": 0.0497924685478, "mean": 0.422363728285, "dvar2": 0.00194866373204, "min": 0.181316047907}, "spectral_kurtosis": {"dvar": 56.0428886414, "var": 349.442138672, "median": 10.4769554138, "max": 149.597442627, "dmean": 5.06701898575, "dmean2": 8.55384540558, "mean": 15.9351472855, "dvar2": 155.902694702, "min": -1.62943458557}, "spectral_skewness": {"dvar": 0.213854715228, "var": 1.85621798038, "median": 2.58744478226, "max": 9.59360599518, "dmean": 0.411521017551, "dmean2": 0.666084110737, "mean": 2.81218671799, "dvar2": 0.55054807663, "min": -0.642841279507}, "pitch_salience": {"dvar": 0.00296261371113, "var": 0.0131054809317, "median": 0.548919439316, "max": 0.92424249649, "dmean": 0.0581346005201, "dmean2": 0.0920761227608, "mean": 0.545562505722, "dvar2": 0.00750156538561, "min": 0.09239474684}, "spectral_complexity": {"dvar": 2.59157896042, "var": 33.0079956055, "median": 11, "max": 38, "dmean": 1.48034977913, "dmean2": 2.40821909904, "mean": 10.6789932251, "dvar2": 6.00630950928, "min": 0}, "spectral_spread": {"dvar": 746672619520, "var": 21010940166100.0, "median": 3062376.5, "max": 42233912, "dmean": 497460.5625, "dmean2": 711538.125, "mean": 3916797.5, "dvar2": 1202077958140.0, "min": 628088.25}, "dynamic_complexity": 5.97035598755, "melbands_crest": {"dvar": 5.72931957245, "var": 25.1684799194, "median": 13.7021989822, "max": 34.7131156921, "dmean": 2.48868107796, "dmean2": 3.97139382362, "mean": 14.4588127136, "dvar2": 14.5295553207, "min": 1.57939577103}, "zerocrossingrate": {"dvar": 0.000241481597186, "var": 0.00585237052292, "median": 0.02734375, "max": 0.89599609375, "dmean": 0.00666204746813, "dmean2": 0.0076073599048, "mean": 0.0440864153206, "dvar2": 0.00021441327408, "min": 0.00537109375}, "spectral_energyband_low": {"dvar": 1.28200927065e-05, "var": 2.72881516139e-05, "median": 0.000831203709822, "max": 0.0830667614937, "dmean": 0.00146444910206, "dmean2": 0.00227119890042, "mean": 0.00284960260615, "dvar2": 3.20068756992e-05, "min": 1.21899062701e-23}, "melbands_kurtosis": {"dvar": 108.270866394, "var": 377.505889893, "median": 7.52278089523, "max": 243.028335571, "dmean": 5.70672893524, "dmean2": 9.03579807281, "mean": 13.4486694336, "dvar2": 279.109069824, "min": -1.92315363884}, "spectral_energyband_middle_high": {"dvar": 3.44904537997e-06, "var": 5.50362565264e-05, "median": 0.00127624929883, "max": 0.07668364048, "dmean": 0.00083057268057, "dmean2": 0.00117954600137, "mean": 0.00358398375101, "dvar2": 6.20585160505e-06, "min": 1.23836318913e-21}, "barkbands_spread": {"dvar": 42.6750221252, "var": 180.569900513, "median": 6.6103553772, "max": 149.471054077, "dmean": 2.75284004211, "dmean2": 4.17432975769, "mean": 9.90907382965, "dvar2": 83.4327850342, "min": 0.133921355009}, "mfcc": {"mean": [-746.677246094, 167.00819397, 9.78072929382, 2.20357370377, 0.171898409724, -12.0326194763, -5.14697980881, -7.01157045364, -12.2338914871, -7.48930358887, -6.96389484406, -4.94684791565, -6.04389286041], "cov": [[14576.1074219, 1428.58129883, -1127.80505371, -263.788574219, -146.376083374, -616.033569336, 110.544845581, 68.2418823242, -62.4228553772, 16.8245315552, -81.3405838013, 66.1939468384, -151.367858887], [1428.58129883, 2286.80444336, -362.43371582, -64.3708267212, -53.3119506836, 37.2990875244, 98.1396942139, -90.3154296875, -78.5722427368, 19.5936756134, -6.51794624329, 24.0945301056, 2.07855725288], [-1127.80505371, -362.43371582, 797.939025879, 11.0292806625, 70.9703826904, 126.492729187, -36.9829368591, 25.8266563416, 38.1696510315, -18.6421737671, 43.5318641663, -3.52657699585, 4.13758993149], [-263.788574219, -64.3708267212, 11.0292