{"tonal": {"chords_number_rate": 0.0014777284814, "thpcp": [1, 0.652333855629, 0.376474022865, 0.355183422565, 0.219971552491, 0.129961490631, 0.131534188986, 0.201706722379, 0.675889134407, 0.998555421829, 0.56149315834, 0.182926118374, 0.154796868563, 0.183348745108, 0.61984962225, 0.945263326168, 0.512028813362, 0.133303985, 0.104021511972, 0.124031051993, 0.340743273497, 0.636927604675, 0.541262984276, 0.514178514481, 0.703206181526, 0.444409817457, 0.130680546165, 0.0892943292856, 0.118365578353, 0.389806270599, 0.657313525677, 0.421734690666, 0.14307180047, 0.119415350258, 0.190159454942, 0.658479094505], "hpcp": {"dvar": [0.0388683862984, 0.0330143012106, 0.0196001734585, 0.0218619834632, 0.0244944710284, 0.0293625146151, 0.0446982383728, 0.0311548355967, 0.0236688815057, 0.0238518603146, 0.0246806684881, 0.0329727269709, 0.0422496125102, 0.0386778004467, 0.0362542048097, 0.0378007441759, 0.0277165845037, 0.0156433526427, 0.0142869399861, 0.0169773418456, 0.0245972219855, 0.0355968177319, 0.0257370416075, 0.0228698551655, 0.0240246467292, 0.0272348411381, 0.0413384586573, 0.0450526922941, 0.0425857044756, 0.0440616607666, 0.0344800837338, 0.0241506509483, 0.0159109644592, 0.0129692526534, 0.0200972612947, 0.0306965168566], "mean": [0.333953619003, 0.187783941627, 0.0611772164702, 0.0517697632313, 0.0613185577095, 0.20730048418, 0.316130787134, 0.171241253614, 0.0445817522705, 0.0347886160016, 0.0414805412292, 0.113957069814, 0.213011994958, 0.181018233299, 0.171960189939, 0.235177978873, 0.148626968265, 0.0437043756247, 0.0298633053899, 0.0395857989788, 0.130365535617, 0.219829797745, 0.141043573618, 0.0478484667838, 0.0399368815124, 0.0635963082314, 0.220219612122, 0.334436744452, 0.218164414167, 0.12590675056, 0.118786387146, 0.073566570878, 0.04346389696, 0.043989866972, 0.0674581378698, 0.226042166352], "min": [0, 0, 0, 0, 0, 0, 0, 0, 0, 0, 0, 0, 0, 0, 0, 0, 0, 0, 0, 0, 0, 0, 0, 0, 0, 0, 0, 0, 0, 0, 0, 0, 0, 0, 0, 0], "median": [0.16820281744, 0.0836582258344, 0.0102567244321, 0.00600234651938, 0.00931867398322, 0.0678685680032, 0.129986450076, 0.0710553005338, 0.00730042764917, 0.00351459207013, 0.0042251390405, 0.0363309271634, 0.0831135734916, 0.0729763507843, 0.0649953484535, 0.0773273333907, 0.0449817292392, 0.0114979716018, 0.00564183900133, 0.00520191714168, 0.0239393413067, 0.0435938872397, 0.0303186010569, 0.00908437650651, 0.00526905246079, 0.0104600368068, 0.0946461483836, 0.175886482, 0.108546122909, 0.0228590834886, 0.0122713595629, 0.00981132965535, 0.0127434795722, 0.0156449973583, 0.0232794694602, 0.101229324937], "dvar2": [0.0834147706628, 0.0839634984732, 0.054177660495, 0.062024526298, 0.0675272122025, 0.0766874849796, 0.0999483540654, 0.080908074975, 0.0690274313092, 0.0696405619383, 0.0684218034148, 0.0891476944089, 0.103487990797, 0.0979138612747, 0.0974548086524, 0.0900422185659, 0.0735845342278, 0.0439042672515, 0.0407730638981, 0.0479111857712, 0.0630695819855, 0.0797669887543, 0.0665573552251, 0.0643241032958, 0.0683231949806, 0.0757303088903, 0.106578782201, 0.100794374943, 0.117893248796, 0.121367320418, 0.0872834697366, 0.0668891370296, 0.0448693223298, 0.0379058755934, 0.0567768216133, 0.0759027451277], "var": [0.125848770142, 0.0526115782559, 0.0192267354578, 0.0254734586924, 0.0207332745194, 0.0751334652305, 0.131731718779, 0.0471489317715, 0.0150221409276, 0.0141619741917, 0.0159148927778, 0.0324199162424, 0.0761478841305, 0.0579170025885, 0.0536223910749, 0.102090746164, 0.0486325584352, 0.0108069200069, 0.0089513072744, 0.0121308267117, 0.0449911952019, 0.102724544704, 0.0463730432093, 0.0173102989793, 0.0155745754018, 0.0221166089177, 0.0745299458504, 0.123548842967, 0.0651749521494, 0.0547744333744, 0.0596418492496, 0.0267229676247, 0.0114105297253, 0.00888332445174, 0.0158682949841, 0.0724884718657], "dmean2": [0.236320495605, 0.218781560659, 0.126747339964, 0.101652011275, 0.125789582729, 0.200556531549, 0.235353425145, 0.197135061026, 0.114380463958, 0.103150032461, 0.119583003223, 0.189600482583, 0.23902630806, 0.239259824157, 0.235232308507, 0.209554046392, 0.176757782698, 0.0974302813411, 0.0745497196913, 0.0934917479753, 0.144796550274, 0.17667132616, 0.151427313685, 0.108720757067, 0.107958808541, 0.140237376094, 0.251295208931, 0.259074926376, 0.27880564332, 0.226685479283, 0.165807962418, 0.132718637586, 0.0913196057081, 0.0858651697636, 0.131166502833, 0.216117024422], "max": [1, 1, 1, 1, 1, 1, 1, 1, 1, 1, 1, 1, 1, 1, 1, 1, 1, 1, 1, 1, 1, 1, 1, 1, 1, 1, 1, 1, 1, 1, 1, 1, 1, 1, 1, 1], "dmean": [0.144835874438, 0.128685966134, 0.0695057436824, 0.0547154992819, 0.0694001466036, 0.117873035371, 0.141557589173, 0.116773918271, 0.061607517302, 0.0545477233827, 0.0639980658889, 0.108315326273, 0.143941357732, 0.140006810427, 0.135121554136, 0.12386892736, 0.102910831571, 0.0537472739816, 0.0403658859432, 0.0509842298925, 0.0854503288865, 0.107439242303, 0.0909889861941, 0.0594053864479, 0.0579227432609, 0.0774134844542, 0.147755682468, 0.157079488039, 0.160653159022, 0.126171797514, 0.0959832370281, 0.0751012116671, 0.0501432418823, 0.0471520461142, 0.0730675756931, 0.12886621058]}, "key_strength": 0.78444725275, "chords_strength": {"dvar": 3.77356882382e-05, "mean": 0.509134113789, "min": 0.286399245262, "median": 0.521144390106, "dvar2": 4.39204231952e-05, "var": 0.00589880719781, "dmean2": 0.00751843163744, "max": 0.698437035084, "dmean": 0.00774688506499}, "tuning_equal_tempered_deviation": 0.00617701606825, "chords_key": "D", "tuning_frequency": 441.272583008, "chords_scale": "major", "chords_changes_rate": 0.0527760200202, "key_scale": "major", "tuning_diatonic_strength": 0.62193697691, "hpcp_entropy": {"dvar": 0.235137805343, "mean": 1.9883210659, "min": 0, "median": 2.03216481209, "dvar2": 0.62694144249, "var": 0.437657773495, "dmean2": 0.973012924194, "max": 4.15902471542, "dmean": 0.583487570286}, "chords_histogram": [36.4998931885, 27.1690940857, 10.4707622528, 0, 1.26662445068, 0, 0.0211104080081, 0, 3.44099640846, 0, 0, 0, 0, 0, 0, 0, 0, 0, 0, 0, 0, 0.443318545818, 1.3088452816, 19.3793544769], "tuning_nontempered_energy_ratio": 0.633311033249, "key_key": "D"}, "metadata": {"version": {"extractor": "music 1.0", "essentia_build_sha": "70f2e5ece6736b2c40cc944ad0e695b16b925413", "essentia": "2.1-beta2", "essentia_git_sha": "v2.1_beta2"}, "audio_properties": {"sample_rate": 44100, "length": 219.898773193, "lossless": false, "analysis_sample_rate": 44100, "downmix": "mix", "bit_rate": 192000, "equal_loudness": 0, "md5_encoded": "90da83053dcc868b1ef17c5ba18290f6", "codec": "mp3", "replay_gain": -12.9614543915}, "tags": {"albumartist": ["Trembling Blue Stars"], "date": ["2001"], "musicbrainz_recordingid": ["38cbc19e-873c-488b-83eb-d45b53c857dd"], "file_name": "368072.mp3", "title": ["3.Haunted Days"], "tracknumber": ["4"], "album": ["Alive to Every Smile"], "artist": ["Trembling Blue Stars"]}}, "lowlevel": {"melbands": {"dvar": [4.86782346343e-06, 9.7776955954e-06, 3.50999789589e-06, 2.96951270684e-06, 1.06642949049e-06, 1.99731658768e-07, 1.00209085474e-07, 2.95670616879e-08, 2.06881285436e-08, 2.56236436513e-08, 1.62630797718e-08, 9.08973962765e-09, 6.27347007676e-10, 2.62003030382e-10, 6.9045061335e-11, 2.45289538681e-10, 5.53117662783e-10, 5.79962355918e-10, 1.80189821397e-10, 1.64830787908e-10, 6.9262835467e-09, 2.72046563055e-09, 1.68996372452e-10, 1.33280081416e-10, 3.62081961636e-11, 2.63590191341e-11, 1.01790700868e-10, 1.11875987641e-10, 4.29267142665e-11, 4.32138838602e-11, 6.30835939042e-11, 6.07179306833e-11, 1.99431304804e-11, 7.9188183788e-12, 6.31836943876e-12, 1.56759431824e-11, 9.77642879846e-12, 4.74137786324e-12, 6.62662459627e-12, 4.18567827967e-12], "mean": [0.000511506397743, 0.00140660442412, 0.00183092162479, 0.00223963032477, 0.00133697036654, 0.000639395497274, 0.000392356596421, 0.000182079165825, 0.000183517564437, 0.000172899177414, 0.000129101288621, 9.09136797418e-05, 2.06588647416e-05, 1.85556855286e-05, 8.89924922376e-06, 1.70268758666e-05, 2.20610381803e-05, 2.19863759412e-05, 1.66448971868e-05, 1.68872011272e-05, 2.59415719484e-05, 2.12587674469e-05, 1.15005223051e-05, 9.83453719527e-06, 6.23803498456e-06, 5.97227972321e-06, 5.26663870914e-06, 4.31021771874e-06, 3.61060733667e-06, 3.34064861818e-06, 3.69225745089e-06, 3.49554079548e-06, 3.00569513456e-06, 1.90879813999e-06, 1.52958386934e-06, 1.9601236545e-06, 1.86161901183e-06, 1.29021043449e-06, 1.36346784529e-06, 9.84702637652e-07], "min": [2.68159716044e-24, 9.12648958468e-25, 2.8379344035e-24, 1.37282771348e-24, 1.7949139531e-24, 2.55913044921e-24, 2.61350820913e-24, 5.03091309139e-24, 5.09870858645e-24, 4.86076604933e-24, 4.20968049007e-24, 4.55825209167e-24, 1.81462936205e-24, 3.49371427679e-24, 6.05245443707e-24, 4.31761717228e-24, 5.1180715718e-24, 2.74299164089e-24, 5.68382723023e-24, 4.981018428e-24, 4.99942925823e-24, 5.69804210932e-24, 8.440629459e-24, 5.59016261951e-24, 4.75321235908e-24, 6.37484847839e-24, 5.63401658053e-24, 4.78046395348e-24, 6.74473786267e-24, 8.23166099406e-24, 6.60746028795e-24, 7.09842049409e-24, 6.69134460116e-24, 7.31602461935e-24, 6.45057636428e-24, 6.4489083179e-24, 6.92505568839e-24, 6.99736662327e-24, 7.64482421123e-24, 7.85730310719e-24], "median": [0.000162960059242, 0.000744802760892, 0.00111951469444, 0.0015001790598, 0.000979454722255, 0.000395630078856, 0.000198978115804, 8.71616430231e-05, 9.85691294773e-05, 7.55568180466e-05, 7.15430651326e-05, 4.69812075607e-05, 9.09366644919e-06, 1.19023243315e-05, 5.06678998136e-06, 1.02305821201e-05, 1.33556368382e-05, 1.16170886031e-05, 1.1574700693e-05, 1.03286420199e-05, 1.00079014373e-05, 8.29680266179e-06, 5.69124222238e-06, 5.21160472999e-06, 3.57592557521e-06, 4.1413532017e-06, 2.83839153781e-06, 1.79467451744e-06, 1.77830588655e-06, 1.40786460179e-06, 9.05482806957e-07, 5.08461994286e-07, 4.79955645005e-07, 4.74426315122e-07, 4.02844250402e-07, 4.01999727728e-07, 4.64638787889e-07, 2.34235756125e-07, 1.72606547721e-07, 1.4923426761e-07], "dvar2": [1.38829982461e-05, 2.69842657872e-05, 9.42357655731e-06, 8.30751014291e-06, 2.93082621283e-06, 5.21015692811e-07, 2.29821665698e-07, 6.86464716182e-08, 4.4508496444e-08, 4.9605226593e-08, 4.0360927045e-08, 2.15127915482e-08, 1.25161325748e-09, 6.55639709191e-10, 1.6694469418e-10, 6.08541550484e-10, 1.31073407683e-09, 1.28394850307e-09, 4.13497208696e-10, 3.95625393557e-10, 1.89328552835e-08, 7.27350357721e-09, 4.02648719922e-10, 3.30795418835e-10, 8.67468735732e-11, 6.45780651176e-11, 2.18544113362e-10, 2.9261665313e-10, 9.97543089798e-11, 1.07416284201e-10, 1.5354105487e-10, 1.42997752528e-10, 4.46219762529e-11, 1.97139492231e-11, 1.57088526215e-11, 4.1210569679e-11, 2.45121509895e-11, 1.04115509617e-11, 1.51394695391e-11, 9.54748519827e-12], "var": [2.94577603199e-06, 7.02581246514e-06, 4.45523392045e-06, 5.33730826646e-06, 1.62711785379e-06, 5.46824480807e-07, 3.35690970132e-07, 8.01011026397e-08, 7.66017080878e-08, 1.0545831941e-07, 3.13537071861e-08, 2.25027836365e-08, 2.25971974466e-09, 5.46195366713e-10, 1.64650112988e-10, 5.40168687557e-10, 1.01096164773e-09, 1.28759392037e-09, 4.47068215781e-10, 3.75808384412e-10, 5.05918995586e-09, 2.35425368089e-09, 3.40876660232e-10, 2.32199481864e-10, 6.40871244961e-11, 5.54686817311e-11, 2.22988072451e-10, 1.84426404704e-10, 7.33357194416e-11, 6.22219636925e-11, 8.1550835529e-11, 8.76596017996e-11, 3.82081623285e-11, 1.13784598063e-11, 8.72525402623e-12, 1.39153992149e-11, 1.11273681241e-11, 9.03065990043e-12, 1.26110111937e-11, 8.93484158188e-12], "dmean2": [0.000964406121057, 0.00175672653131, 0.00192306889221, 0.00215038098395, 0.00125228916295, 0.000483233074192, 0.000293297547614, 0.000128305866383, 0.000127172621433, 0.000115884744446, 0.00010569839651, 7.94570078142e-05, 1.6296728063e-05, 1.89670390682e-05, 8.68415736477e-06, 1.63176009664e-05, 2.18493078137e-05, 2.18721361307e-05, 1.34569490911e-05, 1.32742579808e-05, 3.412192018e-05, 2.43513950409e-05, 9.5368914117e-06, 8.92643947736e-06, 5.28392820343e-06, 5.02756438436e-06, 4.55130066257e-06, 4.52224412584e-06, 3.58125817002e-06, 3.46250271832e-06, 4.17720093537e-06, 4.06799927077e-06, 2.90270031655e-06, 1.9491542389e-06, 1.69338386513e-06, 2.56885368799e-06, 2.17514184442e-06, 1.28778049202e-06, 1.56017472364e-06, 1.01926832485e-06], "max": [0.021543039009, 0.0332755297422, 0.019467253238, 0.0315806567669, 0.0133773554116, 0.00774210551754, 0.00672351429239, 0.0039086304605, 0.00464695785195, 0.00442338129506, 0.00283172912896, 0.00277312030084, 0.000930981419515, 0.00044419412734, 0.000261647801381, 0.000432656379417, 0.000607651774772, 0.000675122544635, 0.00036625014036, 0.000237590502365, 0.00149824656546, 0.000911109382287, 0.000685744453222, 0.000347093620803, 0.000257322855759, 0.000174333050381, 0.000488606339786, 0.000447690719739, 0.00025002314942, 0.000240940251388, 0.000207956400118, 0.000214843879803, 9.2397131084e-05, 6.3075334765e-05, 6.62916791043e-05, 4.88232399221e-05, 3.75857998733e-05, 4.48073478765e-05, 5.29473654751e-05, 5.03283554281e-05], "dmean": [0.000538568361662, 0.00101991998963, 0.00113619631156, 0.00126705144066, 0.000740849878639, 0.000296131998766, 0.000185112774489, 8.54203244671e-05, 8.62225933815e-05, 7.98462642706e-05, 6.84686383465e-05, 5.08699376951e-05, 1.06152710941e-05, 1.17269255497e-05, 5.27473684997e-06, 9.96650851448e-06, 1.35954305733e-05, 1.37650577017e-05, 8.3674221969e-06, 8.27438816486e-06, 2.02946830541e-05, 1.48211720443e-05, 5.99406757829e-06, 5.5321020227e-06, 3.2312152598e-06, 3.04326636069e-06, 2.82462997347e-06, 2.74730359706e-06, 2.24149448513e-06, 2.18510331251e-06, 2.64979644271e-06, 2.59186435869e-06, 1.90072171335e-06, 1.24808116198e-06, 1.0775473811e-06, 1.53962457716e-06, 1.32655452489e-06, 8.14663621895e-07, 9.53374865276e-07, 6.38257972696e-07]}, "spectral_decrease": {"dvar": 1.88967524966e-17, "mean": -7.61851293163e-09, "min": -4.20218064789e-08, "median": -6.35137453742e-09, "dvar2": 4.95545409222e-17, "var": 2.8232501487e-17, "dmean2": 4.89461982056e-09, "max": 1.21472482157e-28, "dmean": 2.96463675831e-09}, "spectral_rolloff": {"dvar": 892734.0625, "mean": 990.314208984, "min": 107.666015625, "median": 602.9296875, "dvar2": 1956783.125, "var": 2066503.125, "dmean2": 742.238464355, "max": 19444.4824219, "dmean": 433.04800415}, "melbands_crest": {"dvar": 7.23406505585, "mean": 13.9969501495, "min": 1.68524622917, "median": 13.3284606934, "dvar2": 20.8674564362, "var": 20.097076416, "dmean2": 5.32345104218, "max": 34.6473197937, "dmean": 3.15893554688}, "barkbands_skewness": {"dvar": 0.394622027874, "mean": 2.3561527729, "min": -2.1434905529, "median": 2.26832485199, "dvar2": 0.975569844246, "var": 1.06583809853, "dmean2": 0.99913674593, "max": 8.03988170624, "dmean": 0.620282292366}, "spectral_centroid": {"dvar": 89511.4296875, "mean": 871.365844727, "min": 201.594024658, "median": 757.876098633, "dvar2": 182374.71875, "var": 319456.5, "dmean2": 348.248931885, "max": 11564.8056641, "dmean": 218.352676392}, "spectral_energyband_middle_low": {"dvar": 0.000105627521407, "mean": 0.0213462300599, "min": 1.94066270276e-22, "median": 0.0174530781806, "dvar2": 0.000280303211184, "var": 0.000231581434491, "dmean2": 0.0134827950969, "max": 0.120640680194, "dmean": 0.00816550664604}, "erbbands_crest": {"dvar": 4.92999219894, "mean": 8.4556684494, "min": 2.56390500069, "median": 7.45603179932, "dvar2": 13.6501913071, "var": 16.2767410278, "dmean2": 3.89095425606, "max": 30.5233764648, "dmean": 2.33838677406}, "dynamic_complexity": 2.14371323586, "spectral_energyband_low": {"dvar": 0.000201657123398, "mean": 0.00687058083713, "min": 2.1814416366e-23, "median": 0.00396555010229, "dvar2": 0.000553898804355, "var": 0.000145040801726, "dmean2": 0.00855395197868, "max": 0.142711013556, "dmean": 0.0049354233779}, "silence_rate_60dB": {"dvar": 0.00126525852829, "mean": 0.0191089529544, "min": 0, "median": 0, "dvar2": 0.00337199447677, "var": 0.0187429655343, "dmean2": 0.00253431894816, "max": 1, "dmean": 0.00126702571288}, "erbbands_kurtosis": {"dvar": 1.96334517002, "mean": 0.376590520144, "min": -1.84217166901, "median": -0.365404844284, "dvar2": 5.3018116951, "var": 7.58900308609, "dmean2": 1.40291452408, "max": 43.2776298523, "dmean": 0.876396238804}, "spectral_complexity": {"dvar": 12.4248409271, "mean": 16.9281044006, "min": 0, "median": 16, "dvar2": 25.0441360474, "var": 44.810634613, "dmean2": 4.83569145203, "max": 50, "dmean": 3.12532997131}, "barkbands_crest": {"dvar": 5.48023509979, "mean": 11.0920286179, "min": 3.06416797638, "median": 10.3500766754, "dvar2": 15.6037359238, "var": 16.020280838, "dmean2": 4.50334358215, "max": 26.561044693, "dmean": 2.65670919418}, "spectral_energy": {"dvar": 0.000279270927422, "mean": 0.0302889868617, "min": 1.02640043918e-20, "median": 0.0254573374987, "dvar2": 0.000731118198019, "var": 0.000427908584243, "dmean2": 0.0189858563244, "max": 0.161316424608, "dmean": 0.0115265054628}, "spectral_spread": {"dvar": 889127239680, "mean": 4752802.5, "min": 359275.28125, "median": 4349361, "dvar2": 1523940589570.0, "var": 5025722007550.0, "dmean2": 870463.25, "max": 53721288, "dmean": 592338.3125}, "spectral_contrast_valleys": {"dvar": [0.230071470141, 0.110832087696, 0.0970622897148, 0.102929785848, 0.128671616316, 0.190693229437], "mean": [-7.49759578705, -6.59561777115, -7.62304830551, -8.09209251404, -7.92366981506, -10.2931623459], "min": [-27.7464065552, -28.2095184326, -27.3680820465, -27.5450305939, -27.4721546173, -27.3499755859], "median": [-7.21385383606, -6.46624183655, -7.48158740997, -8.00386428833, -7.8166179657, -10.1784353256], "dvar2": [0.48210901022, 0.2460603863, 0.209706872702, 0.196885466576, 0.232492282987, 0.35381603241], "var": [1.66823494434, 1.29996216297, 1.32527124882, 1.40845656395, 1.74476826191, 1.95422422886], "dmean2": [0.703071117401, 0.528318226337, 0.496906101704, 0.465965807438, 0.430705964565, 0.462802767754], "max": [-4.92532682419, -4.80009078979, -5.69405841827, -6.21674823761, -5.87156486511, -7.7678155899], "dmean": [0.445166289806, 0.335269898176, 0.312866985798, 0.303599625826, 0.293659299612, 0.323783814907]}, "spectral_rms": {"dvar": 1.23137215269e-06, "mean": 0.00514189014211, "min": 3.16443724523e-12, "median": 0.00498361606151, "dvar2": 3.06161746266e-06, "var": 3.11096664518e-06, "dmean2": 0.00152028910816, "max": 0.0125451935455, "dmean": 0.000945570121985}, "barkbands_spread": {"dvar": 61.3992652893, "mean": 16.4836521149, "min": 0.223376452923, "median": 12.7273368835, "dvar2": 127.278877258, "var": 179.620880127, "dmean2": 8.80896854401, "max": 103.351081848, "dmean": 5.61590147018}, "pitch_salience": {"dvar": 0.0039563071914, "mean": 0.596970379353, "min": 0.104437880218, "median": 0.609712123871, "dvar2": 0.0109559046105, "var": 0.0112213008106, "dmean2": 0.116506487131, "max": 0.877031505108, "dmean": 0.0690328851342}, "erbbands_skewness": {"dvar": 0.144161015749, "mean": 0.711973488331, "min": -3.35957121849, "median": 0.699044823647, "dvar2": 0.336703449488, "var": 0.589011728764, "dmean2": 0.574063777924, "max": 4.89142799377, "dmean": 0.368808984756}, "spectral_energyband_middle_high": {"dvar": 2.91596234092e-06, "mean": 0.00267849094234, "min": 1.21851459047e-21, "median": 0.00204033683985, "dvar2": 7.28089071345e-06, "var": 5.83679002375e-06, "dmean2": 0.00147414277308, "max": 0.0258078873158, "dmean": 0.000955996452831}, "erbbands": {"dvar": [0.0410807579756, 5.07878160477, 39.3023529053, 88.7831344604, 572.646606445, 776.647644043, 902.310302734, 418.065582275, 465.492126465, 322.319763184, 321.770935059, 666.540222168, 594.278991699, 450.754577637, 28.8220252991, 14.1188049316, 22.5974369049, 132.273834229, 180.139328003, 104.584617615, 2359.17260742, 1142.64440918, 122.631469727, 51.3323287964, 72.6959075928, 195.451065063, 96.6384887695, 171.437026978, 133.838302612, 28.4999504089, 17.3540611267, 33.1234169006, 9.34745121002, 5.95944976807, 1.90283274651, 0.163328915834, 0.00511113321409, 4.8876976507e-05, 2.53479477408e-08, 4.18564655158e-10], "mean": [0.0423242896795, 0.619141936302, 3.18774628639, 7.8379650116, 24.2828178406, 34.8451805115, 36.7057991028, 28.4077281952, 26.0996570587, 17.0912818909, 22.6164245605, 27.4075374603, 25.9201469421, 21.0931739807, 6.20097017288, 5.17517709732, 5.79997062683, 11.9757537842, 13.6733083725, 13.6702165604, 19.4418182373, 17.9413299561, 11.0309734344, 8.39725494385, 7.80022954941, 6.9388551712, 5.71662139893, 6.31107616425, 6.07586431503, 3.96482396126, 2.84061360359, 3.19750261307, 1.93391132355, 1.29534041882, 0.634840965271, 0.167452096939, 0.0334725081921, 0.00366868893616, 0.000104829538031, 4.00072603952e-05], "min": [2.47216991767e-22, 1.11166369641e-21, 2.1711172712e-21, 1.30233052397e-20, 1.32599386716e-20, 3.24481693178e-20, 5.32296152551e-20, 1.18032107665e-19, 1.67267707182e-19, 3.87562473766e-19, 6.69420054043e-19, 6.8494070237e-19, 8.80989331785e-19, 9.92476114359e-19, 9.45662654773e-19, 1.60367852481e-18, 2.33595742946e-18, 3.28621817447e-18, 2.11445376426e-18, 4.41282121156e-18, 4.60859873253e-18, 6.20162120649e-18, 8.76516642136e-18, 6.47437532809e-18, 1.04412899412e-17, 8.4031624068e-18, 1.40844075987e-17, 1.28691353494e-17, 1.41641130681e-17, 1.45422619939e-17, 1.25817438533e-17, 1.37266842438e-17, 1.12347588079e-17, 1.00863293696e-17, 7.77304930339e-18, 4.6834701585e-18, 2.59401648068e-18, 1.15809607776e-18, 2.58892383984e-19, 2.49054857437e-20], "median": [0.0106525896117, 0.261004239321, 1.67565178871, 4.93657398224, 14.1914997101, 23.6323871613, 25.0040512085, 16.6323757172, 13.2388010025, 7.69628143311, 12.4492940903, 11.6825942993, 14.6051244736, 11.0691776276, 3.57589387894, 3.56929826736, 3.43489551544, 7.485476017, 7.95701742172, 9.38878536224, 8.97855377197, 7.76411724091, 6.49463748932, 5.11143875122, 5.20061969757, 3.22190856934, 2.90860581398, 1.8654974699, 0.920668959618, 0.891404032707, 0.732648551464, 0.748413443565, 0.329870581627, 0.184566423297, 0.13008569181, 0.0219729002565, 0.00245055463165, 0.00017340190243, 2.52429963439e-05, 3.35361182806e-05], "dvar2": [0.116951778531, 14.5922517776, 104.511528015, 234.613708496, 1544.31811523, 2311.51098633, 2466.91918945, 1070.91687012, 1073.86938477, 757.949584961, 699.280822754, 1231.46936035, 1460.91674805, 1033.86450195, 61.3824577332, 35.1344566345, 53.6412811279, 314.838897705, 387.82635498, 259.69921875, 6410.54638672, 2999.51708984, 279.306365967, 119.677108765, 157.958892822, 463.376861572, 225.30871582, 420.240661621, 309.126586914, 64.9527435303, 42.7879257202, 84.9874038696, 20.1346645355, 13.1556005478, 4.07552862167, 0.363672226667, 0.0122269466519, 0.000125217280583, 6.33226449054e-08, 1.06468278638e-09], "var": [0.024921875447, 3.04577589035, 31.6330661774, 96.7026977539, 834.901000977, 1300.95874023, 1460.96691895, 1164.71765137, 1481.4362793, 835.998657227, 1113.20043945, 2985.37988281, 1214.58496094, 1204.94677734, 97.4876556396, 36.2938308716, 59.5226135254, 259.475891113, 472.316986084, 224.03793335, 1851.78393555, 1154.35522461, 240.436599731, 103.226112366, 180.675888062, 399.58013916, 170.623474121, 223.533126831, 213.799407959, 50.3101806641, 24.0828704834, 33.3853378296, 19.389629364, 13.2550029755, 4.66241788864, 0.309289693832, 0.00799682457, 6.31768416497e-05, 3.70002162242e-08, 7.65261076729e-10], "dmean2": [0.0863563790917, 1.03131699562, 3.73325133324, 8.78175735474, 24.8324565887, 35.0780105591, 34.9965324402, 21.1096420288, 19.872133255, 12.0476913452, 16.3459529877, 17.2096805573, 20.4490909576, 17.6365566254, 4.65741491318, 4.69174814224, 4.97153902054, 11.2373905182, 12.4034433365, 10.6506166458, 22.4429550171, 18.1566925049, 8.23546695709, 6.43691444397, 5.99616241455, 6.4429731369, 5.29963254929, 6.68783760071, 6.41044092178, 3.71056509018, 3.0481672287, 3.80549430847, 1.88602828979, 1.33792543411, 0.597923576832, 0.188176646829, 0.0406609363854, 0.00448820320889, 0.000108352898678, 2.42767600867e-05], "max": [2.06405735016, 25.4251251221, 66.8407745361, 115.708450317, 279.340148926, 499.860595703, 427.773193359, 367.615661621, 419.101013184, 441.325042725, 629.76171875, 761.239746094, 555.196228027, 655.004760742, 168.399032593, 119.03968811, 117.44329834, 290.514221191, 357.383300781, 239.997024536, 875.946777344, 570.773010254, 563.286499023, 284.581756592, 412.632171631, 585.286437988, 355.643249512, 277.277496338, 321.510742188, 98.1915664673, 91.0939102173, 61.5662536621, 55.4362297058, 51.6890144348, 40.8552131653, 13.7454738617, 1.22302651405, 0.101904317737, 0.00219818600453, 0.000244484166615], "dmean": [0.0482978373766, 0.575609564781, 2.20119833946, 5.12789154053, 14.8040914536, 20.3707370758, 20.8942604065, 13.0543298721, 12.4310493469, 8.01810455322, 10.9495420456, 12.0365810394, 13.2816123962, 11.3533630371, 2.99111628532, 2.89674019814, 3.04903554916, 6.98829746246, 7.85440444946, 6.60300922394, 13.5193996429, 11.1917676926, 5.26204442978, 3.96493649483, 3.71363949776, 3.97997760773, 3.34289860725, 4.27538347244, 4.14680528641, 2.42882442474, 1.94257450104, 2.30954170227, 1.1902346611, 0.83387953043, 0.389986336231, 0.120346181095, 0.0251501891762, 0.00268534640782, 6.5967127739e-05, 1.49380957737e-05]}, "dissonance": {"dvar": 0.000407177372836, "mean": 0.455463886261, "min": 0.0788147523999, "median": 0.464049369097, "dvar2": 0.00113235705066, "var": 0.00175542267971, "dmean2": 0.0312851592898, "max": 0.500000178814, "dmean": 0.0187334511429}, "erbbands_flatness_db": {"dvar": 0.000272762088571, "mean": 0.16368919611, "min": 0.0556632466614, "median": 0.158539921045, "dvar2": 0.000585209578276, "var": 0.00350358965807, "dmean2": 0.0237963031977, "max": 0.520547568798, "dmean": 0.0156673584133}, "melbands_kurtosis": {"dvar": 138.54208374, "mean": 20.4141769409, "min": -1.57978749275, "median": 16.9882469177, "dvar2": 362.324249268, "var": 226.692428589, "dmean2": 15.0620527267, "max": 162.455368042, "dmean": 9.14813518524}, "melbands_spread": {"dvar": 57.9566230774, "mean": 13.9577569962, "min": 0.487957626581, "median": 11.1850557327, "dvar2": 136.920715332, "var": 136.226409912, "dmean2": 8.26999473572, "max": 147.112731934, "dmean": 5.14522314072}, "melbands_skewness": {"dvar": 0.627282857895, "mean": 3.49779438972, "min": -0.314662545919, "median": 3.41774082184, "dvar2": 1.62013280392, "var": 1.55491673946, "dmean2": 1.28100097179, "max": 10.421959877, "dmean": 0.787619352341}, "spectral_entropy": {"dvar": 0.0479663982987, "mean": 7.2542386055, "min": 2.96055293083, "median": 7.30472564697, "dvar2": 0.0964946523309, "var": 0.498306423426, "dmean2": 0.305881947279, "max": 9.81238174438, "dmean": 0.203274324536}, "zerocrossingrate": {"dvar": 0.000182608317118, "mean": 0.049862165004, "min": 0.00634765625, "median": 0.04052734375, "dvar2": 0.000228089716984, "var": 0.00125708559062, "dmean2": 0.0119618074968, "max": 0.51708984375, "dmean": 0.00991998147219}, "average_loudness": 0.91835039854, "spectral_contrast_coeffs": {"dvar": [0.00207005348057, 0.00123978464399, 0.000910499307793, 0.00056421168847, 0.000462185504148, 0.000355342926923], "mean": [-0.517379045486, -0.707532763481, -0.730844438076, -0.770630836487, -0.773798882961, -0.77537560463], "min": [-0.973165035248, -0.970206439495, -0.970763087273, -0.968412101269, -0.96403080225, -0.962401986122], "median": [-0.522874951363, -0.70964461565, -0.733147859573, -0.771677672863, -0.774740695953, -0.776548147202], "dvar2": [0.00529416743666, 0.00328917126171, 0.00228878087364, 0.00145792379044, 0.00109555327799, 0.00069749559043], "var": [0.00824762042612, 0.00406417250633, 0.00318116578273, 0.00173197465483, 0.00181251601316, 0.00191698863637], "dmean2": [0.0899143218994, 0.0701003819704, 0.0605063401163, 0.0483152903616, 0.0378132723272, 0.029019664973], "max": [-0.202488645911, -0.473904430866, -0.505207359791, -0.615535676479, -0.600369095802, -0.603682935238], "dmean": [0.054593604058, 0.0428242497146, 0.0378307066858, 0.0298378821462, 0.0235116202384, 0.0194047261029]}, "barkbands_flatness_db": {"dvar": 0.000523165857885, "mean": 0.170065492392, "min": 0.0292982049286, "median": 0.162570908666, "dvar2": 0.00122430420015, "var": 0.00608140788972, "dmean2": 0.0385048016906, "max": 0.63558191061, "dmean": 0.0240252055228}, "silence_rate_30dB": {"dvar": 0.00210723932832, "mean": 0.998838663101, "min": 0, "median": 1, "dvar2": 0.0061074597761, "var": 0.00115989265032, "dmean2": 0.00422386499122, "max": 1, "dmean": 0.00211170944385}, "spectral_energyband_high": {"dvar": 7.28271913886e-07, "mean": 0.000741198426113, "min": 7.50531665925e-21, "median": 0.000228832228458, "dvar2": 1.62888682098e-06, "var": 1.57020019742e-06, "dmean2": 0.000618724676315, "max": 0.0139379557222, "dmean": 0.000406640669098}, "melbands_flatness_db": {"dvar": 0.000785619777162, "mean": 0.233878672123, "min": 0.00437727477401, "median": 0.224609345198, "dvar2": 0.00177209463436, "var": 0.00789071526378, "dmean2": 0.044554784894, "max": 0.737778902054, "dmean": 0.0283495727926}, "barkbands": {"dvar": [5.13166646954e-08, 8.22185538709e-05, 3.88163643947e-05, 1.65515957633e-05, 5.02745133417e-05, 6.03313264946e-06, 1.95990446628e-06, 5.37001994871e-07, 1.13937562674e-06, 6.42831878395e-07, 6.11646697735e-08, 1.54514161466e-08, 1.95677039017e-08, 5.89374913318e-08, 4.72324721557e-08, 1.20481473687e-07, 1.14696103992e-06, 4.17792769269e-08, 1.55365409427e-08, 7.99662629447e-08, 7.01274203152e-08, 8.14330363141e-08, 1.88092297293e-08, 4.64894327479e-08, 3.76872897334e-08, 3.03278624436e-09, 1.58432240851e-12], "mean": [8.97891950444e-05, 0.00225334451534, 0.00327219278552, 0.00333312829025, 0.0103775644675, 0.00377842714079, 0.00154724647291, 0.000891567964572, 0.00122667464893, 0.000772822473664, 0.000146437756484, 0.000147288490552, 0.000142844466609, 0.000234691149672, 0.000244534108788, 0.00027295172913, 0.000404326361604, 0.000184963137144, 0.000147024358739, 0.000144165504025, 0.000150668784045, 0.0001632344065, 9.70747787505e-05, 0.000139141164254, 0.000103046630102, 2.31996546063e-05, 6.43315729576e-07], "min": [8.08747792819e-25, 5.55154235618e-24, 1.33556754495e-24, 3.03368175687e-24, 8.87560341783e-24, 1.2415673528e-23, 1.34017875248e-23, 2.91955022885e-23, 3.25036662252e-23, 1.76562200941e-23, 1.04396913452e-23, 2.90607269806e-23, 5.12008024832e-23, 7.44018769707e-23, 6.77493246045e-23, 7.26530228309e-23, 9.66027073848e-23, 1.22994749477e-22, 1.65614947811e-22, 1.83138161224e-22, 3.89501069073e-22, 4.27916373725e-22, 4.38985467999e-22, 5.95415752467e-22, 1.09406066289e-21, 1.40399772593e-21, 1.96378513729e-21], "median": [4.90468846692e-06, 0.000771112449002, 0.0013801518362, 0.00163492746651, 0.00753337331116, 0.00263951811939, 0.000661472033244, 0.000463497155579, 0.000547474250197, 0.000438213755842, 4.33480963693e-05, 9.46584332269e-05, 7.99360423116e-05, 0.000134113928652, 0.000154222710989, 0.000151777960127, 0.000148717634147, 0.000104961574834, 9.84728394542e-05, 6.53423048789e-05, 6.66096893838e-05, 2.71193166554e-05, 2.52665267908e-05, 2.81373231701e-05, 1.75617915374e-05, 1.93874848264e-06, 1.33948461212e-08], "dvar2": [1.39955361078e-07, 0.000235303799855, 9.92147470242e-05, 4.69169244752e-05, 0.000140273856232, 1.59463870659e-05, 4.37432481704e-06, 1.1339395769e-06, 2.27853729484e-06, 1.62262233516e-06, 1.17412142231e-07, 3.83887339694e-08, 4.98883956368e-08, 1.37460304472e-07, 1.03636423887e-07, 3.12944791858e-07, 3.10301879836e-06, 1.00046122498e-07, 3.80436731007e-08, 1.72763932937e-07, 1.71161573803e-07, 1.82712071251e-07, 4.64200731187e-08, 1.11975545281e-07, 7.98529598001e-08, 7.07686309553e-09, 4.36322679376e-12], "var": [5.87588928624e-08, 4.95144959132e-05, 3.45641055901e-05, 2.02845039894e-05, 8.8484142907e-05, 1.58793864102e-05, 6.46373337077e-06, 1.84695625194e-06, 4.65124321636e-06, 1.22357698729e-06, 2.21937483502e-07, 3.41483215038e-08, 4.09724592032e-08, 1.02824124326e-07, 1.39282974487e-07, 1.48830437752e-07, 9.54137362896e-07, 7.33250828944e-08, 3.20170450152e-08, 1.8327121154e-07, 1.02762520271e-07, 1.35944588919e-07, 2.74783484855e-08, 6.68061446163e-08, 9.51502201474e-08, 4.99827157441e-09, 1.92908189423e-12], "dmean2": [0.000144468518556, 0.00402307230979, 0.00384344207123, 0.0040013580583, 0.00921985134482, 0.00292222574353, 0.00114668603055, 0.000681178120431, 0.000829600903671, 0.000676272960845, 0.000122547789942, 0.00014734925935, 0.00014233715774, 0.000235448096646, 0.000214402680285, 0.000253131292993, 0.000466546393, 0.000150541673065, 0.000117907300591, 0.000129928797833, 0.000145634694491, 0.000167122052517, 0.000100240104075, 0.000148179969983, 0.000102269244962, 2.81631655525e-05, 8.79317781255e-07], "max": [0.00296911154874, 0.0952577739954, 0.0631242766976, 0.0539432093501, 0.113609626889, 0.0472250245512, 0.0315123237669, 0.0230352990329, 0.0272863265127, 0.0189548172057, 0.00985385663807, 0.00315523892641, 0.00421232357621, 0.0049837087281, 0.00590878166258, 0.00648132525384, 0.0183876007795, 0.00978499092162, 0.00478262547404, 0.0109661500901, 0.0076054353267, 0.00656855246052, 0.00341974641196, 0.00265149213374, 0.00466560432687, 0.00146914646029, 1.77353704203e-05], "dmean": [8.4072817117e-05, 0.002248857636, 0.00227723480202, 0.00231525953859, 0.00547555834055, 0.00177470629569, 0.000754040491302, 0.000455574132502, 0.000569075811654, 0.000429195788456, 8.12395082903e-05, 9.10520320758e-05, 8.6517262389e-05, 0.000147565209772, 0.000133543435368, 0.000154874433065, 0.000281296175672, 9.52747359406e-05, 7.19829040463e-05, 8.16072788439e-05, 9.22619583434e-05, 0.000109116008389, 6.46745611448e-05, 9.06262284843e-05, 6.52338712825e-05, 1.7708294763e-05, 5.09144513217e-07]}, "erbbands_spread": {"dvar": 129.521621704, "mean": 46.4848403931, "min": 1.06185567379, "median": 43.8099136353, "dvar2": 287.283508301, "var": 439.393676758, "dmean2": 14.6847810745, "max": 151.094238281, "dmean": 9.40274047852}, "barkbands_kurtosis": {"dvar": 31.8313465118, "mean": 8.15127658844, "min": -1.92898714542, "median": 6.04622411728, "dvar2": 78.6123123169, "var": 70.6537246704, "dmean2": 7.18011474609, "max": 88.0515213013, "dmean": 4.40505695343}, "spectral_flux": {"dvar": 0.00124480354134, "mean": 0.0836312323809, "min": 6.46573836138e-11, "median": 0.0718791410327, "dvar2": 0.0024429615587, "var": 0.0023925951682, "dmean2": 0.0433619841933, "max": 0.35246771574, "dmean": 0.0274857077748}, "silence_rate_20dB": {"dvar": 0, "mean": 1, "min": 1, "median": 1, "dvar2": 0, "var": 0, "dmean2": 0, "max": 1, "dmean": 0}, "gfcc": {"cov": [[9479.18164062, -1971.47180176, -696.49005127, 1060.68579102, -759.68939209, 478.694549561, -169.676849365, 524.837219238, 142.847457886, 431.535583496, -117.610214233, 248.466033936, -355.860961914], [-1971.47180176, 1501.35253906, -46.6548538208, -277.545928955, 504.297271729, -231.690231323, 119.826889038, -73.8745727539, 8.24400234222, -161.958358765, 114.208427429, -197.733062744, 168.650970459], [-696.49005127, -46.6548538208, 651.61907959, -48.3325004578, -3.93820786476, 124.657928467, 51.1868438721, -45.3943061829, 75.3584136963, -22.9829044342, -34.9556083679, 54.6959457397, -47.9571418762], [1060.68579102, -277.545928955, -48.3325004578, 413.024627686, -34.5534477234, 97.9228668213, 28.0509128571, 42.9402999878, 79.2142715454, 37.2337913513, -26.3909931183, 31.7659244537, -32.7600784302], [-759.68939209, 504.297271729, -3.93820786476, -34.5534477234, 378.638275146, -72.0786132812, 51.3057594299, 55.7497749329, -10.7114133835, -28.654920578, 30.4188976288, -49.9088287354, 80.8800964355], [478.694549561, -231.690231323, 124.657928467, 97.9228668213, -72.0786132812, 200.493423462, 30.2297439575, 34.9871368408, 40.3479118347, 23.5826816559, -5.55372953415, 32.9448165894, -44.3781852722], [-169.676849365, 119.826889038, 51.1868438721, 28.0509128571, 51.3057594299, 30.2297439575, 125.479347229, 26.6812286377, 18.2265625, 18.989402771, 13.3520069122, -1.36376285553, 8.53959369659], [524.837219238, -73.8745727539, -45.3943061829, 42.9402999878, 55.7497749329, 34.9871368408, 26.6812286377, 169.019317627, 22.090013504, 62.4753189087, 13.734377861, 21.6569786072, -0.560302734375], [142.847457886, 8.24400234222, 75.3584136963, 79.2142715454, -10.7114133835, 40.3479118347, 18.2265625, 22.090013504, 153.035827637, -14.293012619, 0.776556491852, 22.9965362549, -27.8388233185], [431.535583496, -161.958358765, -22.9829044342, 37.2337913513, -28.654920578, 23.5826816559, 18.989402771, 62.4753189087, -14.293012619, 138.255661011, 14.1021089554, 23.5278663635, -7.01146602631], [-117.610214233, 114.208427429, -34.9556083679, -26.3909931183, 30.4188976288, -5.55372953415, 13.3520069122, 13.734377861, 0.776556491852, 14.1021089554, 76.1084213257, 1.33366179466, 18.9810848236], [248.466033936, -197.733062744, 54.6959457397, 31.7659244537, -49.9088287354, 32.9448165894, -1.36376285553, 21.6569786072, 22.9965362549, 23.5278663635, 1.33366179466, 99.760925293, -1.40334308147], [-355.860961914, 168.650970459, -47.9571418762, -32.7600784302, 80.8800964355, -44.3781852722, 8.53959369659, -0.560302734375, -27.8388233185, -7.01146602631, 18.9810848236, -1.40334308147, 90.8956451416]], "mean": [-9.67028236389, 109.623947144, -107.440620422, 33.525932312, -67.7256851196, 1.0158110857, -55.7834472656, 5.04006099701, -31.4033565521, -7.37672710419, -23.670665741, -9.91226196289, -2.47936606407], "icov": [[0.000481000344735, -0.000796296226326, 0.000513501639944, -0.0011016188655, 0.00116686569527, -0.000771224149503, 0.00127089663874, -0.00150888413191, 0.000681531673763, -0.000884730136022, 0.00110797735397, -0.00146474200301, 0.00157747766934], [-0.000796296226326, 0.0057088714093, -0.000913224706892, 0.00347719248384, -0.00528122950345, 0.00311445468105, -0.00533356983215, 0.00433616992086, -0.00397047726437, 0.00376196857542, -0.0058792415075, 0.0080327866599, -0.00576499616727], [0.000513501639944, -0.000913224706892, 0.0030973253306, -0.000112680419988, 0.000331326271407, -0.00264112371951, 0.000566260772757, -5.80347659707e-05, -0.000356030213879, -0.00126752338838, 0.00272305612452, -0.00330853625201, 0.00283398083411], [-0.0011016188655, 0.00347719248384, -0.000112680419988, 0.00673373462632, -0.00444543734193, 0.000602432875894, -0.00466346926987, 0.00472883321345, -0.00448471633717, 0.00191074237227, -0.00214608642273, 0.00459024962038, -0.00438723480329], [0.00116686569527, -0.00528122950345, 0.000331326271407, -0.00444543734193, 0.0101975072175, -0.0015232260339, 0.00436481647193, -0.00784034933895, 0.0040972866118, -0.00228279246949, 0.00459961732849, -0.00520330807194, 0.00270192325115], [-0.000771224149503, 0.00311445468105, -0.00264112371951, 0.000602432875894, -0.0015232260339, 0.0103441746905, -0.00461658695713, 0.000880169915035, -0.00167756038718, 0.00303334370255, -0.00490359775722, 0.00462215952575, -0.00231396243908], [0.00127089663874, -0.00533356983215, 0.000566260772757, -0.00466346926987, 0.00436481647193, -0.00461658695713, 0.0155732855201, -0.00578740565106, 0.00321408780292, -0.00539707066491, 0.00459254113957, -0.00683893170208, 0.00535654183477], [-0.00150888413191, 0.00433616992086, -5.80347659707e-05, 0.00472883321345, -0.00784034933895, 0.000880169915035, -0.00578740565106, 0.0151884602383, -0.00510789221153, -0.000427309947554, -0.00449892599136, 0.00455979909748, -0.00482309190556], [0.000681531673763, -0.00397047726437, -0.000356030213879, -0.00448471633717, 0.0040972866118, -0.00167756038718, 0.00321408780292, -0.00510789221153, 0.0118705397472, -0.000145059413626, 0.00230215280317, -0.00682925526053, 0.00647093914449], [-0.000884730136022, 0.00376196857542, -0.00126752338838, 0.00191074237227, -0.00228279246949, 0.00303334370255, -0.00539707066491, -0.000427309947554, -0.000145059413626, 0.0132680078968, -0.00630305986851, 0.00455343071371, -0.00404173741117], [0.00110797735397, -0.0058792415075, 0.00272305612452, -0.00214608642273, 0.00459961732849, -0.00490359775722, 0.00459254113957, -0.00449892599136, 0.00230215280317, -0.00630305986851, 0.0222049150616, -0.00954143796116, 0.00439814804122], [-0.00146474200301, 0.0080327866599, -0.00330853625201, 0.00459024962038, -0.00520330807194, 0.00462