{"tonal": {"chords_number_rate": 0.0036496350076, "thpcp": [1, 0.447898864746, 0.193432539701, 0.199797093868, 0.202798247337, 0.56499683857, 0.846067547798, 0.623010098934, 0.717384040356, 0.920601189137, 0.587739646435, 0.317205101252, 0.30461448431, 0.22854590416, 0.343560278416, 0.580238461494, 0.413369566202, 0.211816444993, 0.242042288184, 0.236142247915, 0.553210318089, 0.842886805534, 0.540906727314, 0.388769090176, 0.486664950848, 0.296381562948, 0.199608281255, 0.273725450039, 0.224182143807, 0.474718034267, 0.768847107887, 0.461950778961, 0.169825717807, 0.181237205863, 0.282944619656, 0.827278971672], "hpcp": {"dvar": [0.024084335193, 0.0182784944773, 0.019137494266, 0.025426402688, 0.0209375843406, 0.0170402489603, 0.0179549083114, 0.0188136342913, 0.0255770944059, 0.029054351151, 0.0261633228511, 0.022050851956, 0.0247264653444, 0.0184845402837, 0.0123964184895, 0.0122769260779, 0.0139066269621, 0.0186644364148, 0.0277174245566, 0.0210333969444, 0.016637513414, 0.0182638466358, 0.0177818257362, 0.0430248454213, 0.0352728292346, 0.0198500752449, 0.017254140228, 0.0181008465588, 0.0173567775637, 0.0267899725586, 0.0394847765565, 0.0384342633188, 0.0432780124247, 0.0384667925537, 0.0331419594586, 0.0286546591669], "mean": [0.0646399632096, 0.0484980158508, 0.072904355824, 0.123128063977, 0.0877180621028, 0.0449479818344, 0.0513619817793, 0.0501099787652, 0.117392621934, 0.178862705827, 0.11478176713, 0.0824977830052, 0.103271529078, 0.0628929138184, 0.0423573814332, 0.0580852329731, 0.047572016716, 0.100736364722, 0.163151293993, 0.0980271175504, 0.0360374450684, 0.0384589917958, 0.0600415617228, 0.175550684333, 0.212202519178, 0.0950452685356, 0.041046872735, 0.0423974469304, 0.0430343002081, 0.119893752038, 0.179537668824, 0.132204309106, 0.15223069489, 0.195353895426, 0.124719835818, 0.0673117190599], "min": [0, 0, 0, 0, 0, 0, 0, 0, 0, 0, 0, 0, 0, 0, 0, 0, 0, 0, 0, 0, 0, 0, 0, 0, 0, 0, 0, 0, 0, 0, 0, 0, 0, 0, 0, 0], "median": [0.00139637221582, 0.00126829603687, 0.00349275255576, 0.00477146916091, 0.00472719874233, 0.00174858490936, 0.000847089104354, 0.00232949573547, 0.0173240639269, 0.0248853527009, 0.0133736431599, 0.0028591316659, 0.00168802053668, 0.00182149210013, 0.00131597812288, 0.00110471830703, 0.00209645810537, 0.0140250297263, 0.0182717591524, 0.0108007472008, 0.00102185388096, 0.000438020157162, 0.00462533440441, 0.0264834612608, 0.0350017845631, 0.0129152368754, 0.000820142158773, 0.00050089956494, 0.00154970318545, 0.00813450105488, 0.0163267143071, 0.0184142515063, 0.00940251350403, 0.00864386558533, 0.00702440273017, 0.00319116236642], "dvar2": [0.0633053854108, 0.0455574393272, 0.0483409687877, 0.057599067688, 0.0514610223472, 0.0464139580727, 0.0450236089528, 0.0474872514606, 0.0655970573425, 0.0628443211317, 0.0635388121009, 0.0560136958957, 0.0579378753901, 0.0458161048591, 0.0321403816342, 0.0311443414539, 0.0381575971842, 0.0463227853179, 0.0594649165869, 0.0488384403288, 0.0427257567644, 0.0472667962313, 0.0455023497343, 0.101436138153, 0.0780373215675, 0.0482341051102, 0.0442198142409, 0.0461983084679, 0.0455793626606, 0.0653788372874, 0.0937627106905, 0.0978599116206, 0.108199909329, 0.0928265973926, 0.0842934772372, 0.0744454041123], "var": [0.0401799492538, 0.0242384746671, 0.0314683429897, 0.0740849226713, 0.0428520366549, 0.01966576837, 0.0320703163743, 0.0235259067267, 0.0471567958593, 0.0925726071, 0.0508037507534, 0.0375499017537, 0.0666052550077, 0.0279713086784, 0.0177649017423, 0.0345136746764, 0.0188536420465, 0.0375287234783, 0.0843359157443, 0.0402753427625, 0.0159140303731, 0.0210979636759, 0.0211585052311, 0.0832851454616, 0.107449062169, 0.037709441036, 0.0200243536383, 0.0263068471104, 0.0175372045487, 0.0533027537167, 0.0953457504511, 0.0545937269926, 0.0735835134983, 0.115937158465, 0.0565229766071, 0.0321798361838], "dmean2": [0.0916405022144, 0.0773842930794, 0.0884313434362, 0.0997889637947, 0.0948658809066, 0.0743688419461, 0.0682450309396, 0.0816245824099, 0.123601846397, 0.1285931319, 0.12032032758, 0.104476176202, 0.0928947031498, 0.0843168869615, 0.0595456883311, 0.0545370914042, 0.0681446939707, 0.100122526288, 0.120259582996, 0.102081365883, 0.0680277645588, 0.0645818039775, 0.0930323451757, 0.180665209889, 0.160089954734, 0.0988616868854, 0.0693040043116, 0.0644985511899, 0.0781659632921, 0.124007940292, 0.159934923053, 0.178424283862, 0.180278435349, 0.157238811255, 0.150483757257, 0.121160000563], "max": [1, 1, 1, 1, 1, 1, 1, 1, 1, 1, 1, 1, 1, 1, 1, 1, 1, 1, 1, 1, 1, 1, 1, 1, 1, 1, 1, 1, 1, 1, 1, 1, 1, 1, 1, 1], "dmean": [0.0513341203332, 0.0451030619442, 0.052310269326, 0.0598296187818, 0.05588722229, 0.0418655984104, 0.0384806916118, 0.0473458394408, 0.0739334374666, 0.0794110447168, 0.0726217925549, 0.0619126111269, 0.0539480708539, 0.0486642196774, 0.03431455791, 0.0313233472407, 0.0397209003568, 0.0614887028933, 0.0751709640026, 0.06208916381, 0.0389796085656, 0.0358864590526, 0.0539507977664, 0.106231957674, 0.0955042615533, 0.0593618378043, 0.0394637063146, 0.0362101905048, 0.0444575548172, 0.0731708779931, 0.0939643234015, 0.10404138267, 0.104093551636, 0.0929818376899, 0.0877093300223, 0.0685723274946]}, "key_strength": 0.710546731949, "chords_strength": {"dvar": 0.000535149301868, "mean": 0.491342753172, "min": -1, "median": 0.494897127151, "dvar2": 0.00095985858934, "var": 0.0187603533268, "dmean2": 0.00880154501647, "max": 0.750715970993, "dmean": 0.0100920824334}, "tuning_equal_tempered_deviation": 0.0262612160295, "chords_key": "G#", "tuning_frequency": 440, "chords_scale": "major", "chords_changes_rate": 0.0605839416385, "key_scale": "major", "tuning_diatonic_strength": 0.511933922768, "hpcp_entropy": {"dvar": 0.246600717306, "mean": 1.20144033432, "min": 0, "median": 1.15325832367, "dvar2": 0.596215367317, "var": 0.569094121456, "dmean2": 0.790232002735, "max": 3.63111400604, "dmean": 0.462345004082}, "chords_histogram": [19.9756698608, 11.508515358, 5.18248176575, 2.89537715912, 1.77615571022, 0.924574196339, 4.37956190109, 3.79562044144, 3.72262763977, 2.7493917942, 5.79075431824, 0.900243282318, 0.218978106976, 0.316301703453, 0.827250599861, 0.0973236039281, 0.97323602438, 1.97080290318, 0, 1.70316302776, 0.340632617474, 10.9975671768, 5.30413627625, 13.6496353149], "tuning_nontempered_energy_ratio": 0.670324802399, "key_key": "G#"}, "metadata": {"version": {"extractor": "music 1.0", "essentia_build_sha": "2d9f1f26377add8aeb1075a9c2973f962c4f09fd", "essentia": "2.1-beta2", "essentia_git_sha": "v2.1_beta2-1-ge3940c0"}, "audio_properties": {"sample_rate": 44100, "length": 190.798370361, "lossless": false, "analysis_sample_rate": 44100, "downmix": "mix", "bit_rate": 174507, "equal_loudness": 0, "md5_encoded": "3ff1a9191b1183b5d74748e1003d4e21", "codec": "mp3", "replay_gain": -11.8567619324}, "tags": {"genre": ["Jazz"], "catalognumber": ["ACT 9721-2"], "musicbrainz_recordingid": ["466a3828-1f13-4f4b-8eb5-562d7ab8d1f6"], "language": ["german"], "title": ["You Can't Go Home Again"], "artist": ["Viktoria Tolstoy"], "discnumber": ["1/1"], "artistsort": ["Tolstoy, Viktoria"], "originaldate": ["2008"], "musicbrainz_artistid": ["953be6ce-7e42-476b-a520-d6e7a27279ee"], "encodedby": ["lame"], "tracknumber": ["7/12"], "musicbrainz_albumartistid": ["953be6ce-7e42-476b-a520-d6e7a27279ee"], "barcode": ["614427972125"], "musicbrainz album status": ["official"], "date": ["2008"], "albumartistsort": ["Tolstoy, Viktoria"], "musicbrainz_releasegroupid": ["378a0200-5199-385d-ad0c-3f91b1bf690e"], "media": ["CD"], "musicbrainz album release country": ["DE"], "label": ["ACT"], "musicbrainz album type": ["album"], "asin": ["B001CDF022"], "script": ["Latn"], "musicbrainz_albumid": ["cd81a530-9b12-417a-badd-62952b7aca03"], "file_name": "07. You Can Go Home Again_3-11.mp3", "album": ["My Russian Soul"], "albumartist": ["Viktoria Tolstoy"]}}, "lowlevel": {"melbands": {"dvar": [1.21741470593e-06, 9.73008468463e-07, 9.42015887517e-08, 1.70077939288e-07, 2.04597071729e-07, 2.5028666073e-07, 3.10891834943e-07, 2.15015006688e-07, 4.9102226285e-08, 1.40753186884e-07, 9.6128545124e-08, 2.52622989194e-08, 1.69694800434e-08, 1.28592798632e-08, 4.96466823208e-09, 6.14211437266e-09, 6.7714389651e-09, 2.05715311452e-09, 6.40833219823e-10, 1.33479594044e-09, 5.25612053881e-10, 1.80211942591e-10, 1.00176034135e-10, 9.43796638064e-11, 3.4879266142e-11, 2.99982543146e-12, 1.68838565091e-12, 7.69365300635e-12, 1.05297845096e-12, 8.3375054907e-13, 1.47580222782e-12, 1.47121008952e-12, 1.27280109195e-12, 5.01796304161e-13, 6.25172114598e-13, 9.82106323349e-13, 1.85188301326e-12, 1.7696716488e-12, 3.89630428616e-12, 3.08440556082e-12], "mean": [0.000575257989112, 0.000558186729904, 0.000297161488561, 0.00045437636436, 0.000509482983034, 0.000665192725137, 0.000708648411091, 0.000586239679251, 0.000196226494154, 0.000297978287563, 0.000324270891724, 0.000181947689271, 0.000132870278321, 0.000131940629217, 6.01707615715e-05, 2.86095455522e-05, 4.46375597676e-05, 1.88935282495e-05, 9.77053514362e-06, 8.92827665666e-06, 5.08366383656e-06, 3.66523818229e-06, 2.83325402961e-06, 2.24672203331e-06, 2.5002645998e-06, 1.18763330192e-06, 6.97158156981e-07, 9.74672616394e-07, 6.21916115051e-07, 3.25376134924e-07, 2.62734118905e-07, 2.85445707959e-07, 2.78462209735e-07, 2.16861920421e-07, 2.27169564937e-07, 2.63674934331e-07, 2.5079808097e-07, 2.41719106953e-07, 2.83777211507e-07, 2.2864071525e-07], "min": [2.56021907726e-24, 1.7451591153e-24, 2.82987954201e-24, 2.48296652045e-24, 9.80863338665e-25, 2.44274743328e-24, 3.48509439368e-24, 2.42231278039e-24, 3.52627806053e-24, 2.84403939804e-24, 2.88145053483e-24, 2.11171082909e-24, 1.9736112613e-24, 3.44453234922e-24, 3.62192547313e-24, 4.3876542156e-24, 2.423864667e-24, 3.60566231671e-24, 4.64579829721e-24, 6.15804386366e-24, 4.20779314035e-24, 3.88606726421e-24, 5.18669063764e-24, 4.91813477537e-24, 2.6245199185e-24, 5.52276116048e-24, 5.38801070166e-24, 5.64653146436e-24, 6.23227015281e-24, 4.90447604323e-24, 6.05279049181e-24, 5.93667923846e-24, 6.34618403411e-24, 5.15291240254e-24, 6.91856730744e-24, 6.19589972078e-24, 7.35118888306e-24, 7.49239182965e-24, 5.53774675667e-24, 7.09447618956e-24], "median": [0.000131823588163, 0.000152091160999, 0.000139529205626, 0.000157399248565, 0.000166769721545, 0.000207282544579, 9.42393235164e-05, 3.15108336508e-05, 2.06548575079e-05, 1.37258066388e-05, 6.28758471066e-06, 4.03586773245e-06, 4.52950644103e-06, 2.14315741687e-06, 1.24089228848e-06, 8.54994482324e-07, 5.69239546167e-07, 4.23990513809e-07, 3.36130767664e-07, 2.24236657687e-07, 1.73078660737e-07, 1.32501668304e-07, 9.31471362264e-08, 8.7141998506e-08, 8.92924418849e-08, 6.84083190094e-08, 5.8197727526e-08, 4.8217003723e-08, 4.20863734973e-08, 2.98748545902e-08, 2.33993695531e-08, 2.00697343189e-08, 1.88029645187e-08, 2.02187386833e-08, 1.98633678394e-08, 2.21072973261e-08, 2.07623571669e-08, 1.78864603129e-08, 1.40700349149e-08, 1.10957421029e-08], "dvar2": [3.71560986423e-06, 2.0944253265e-06, 2.38799572116e-07, 3.07423590584e-07, 3.74268495307e-07, 4.9392241408e-07, 5.89114620198e-07, 3.03850072214e-07, 7.7897375661e-08, 2.44791209525e-07, 1.4819578098e-07, 3.80673661482e-08, 2.38265815966e-08, 1.86107467215e-08, 6.89070045468e-09, 1.16603633415e-08, 1.44039145056e-08, 3.66482111325e-09, 1.14679044039e-09, 2.48729348229e-09, 8.11222033992e-10, 3.14159281922e-10, 1.41409925436e-10, 2.26842877815e-10, 7.00391411534e-11, 5.78354768591e-12, 3.49392129811e-12, 1.41698762099e-11, 2.35175746065e-12, 2.13672547537e-12, 3.68209369245e-12, 3.21232840675e-12, 2.78676257418e-12, 1.10224709134e-12, 1.35258774667e-12, 1.77751617678e-12, 3.56181685708e-12, 3.65996555979e-12, 7.93599040649e-12, 6.64860874688e-12], "var": [1.52966515543e-06, 2.19624666897e-06, 2.40815296593e-07, 9.07943046968e-07, 1.01710656963e-06, 1.32404568376e-06, 2.53405869444e-06, 3.03066121887e-06, 2.83420746428e-07, 8.36736830934e-07, 7.53397841891e-07, 3.42874017178e-07, 1.64999320873e-07, 2.18869800506e-07, 5.02669941227e-08, 2.50940601632e-08, 3.06378673542e-08, 9.72574820679e-09, 2.11832706931e-09, 3.63072460985e-09, 1.43343914516e-09, 5.16024223352e-10, 4.50853299139e-10, 1.59978238989e-10, 1.04335304285e-10, 1.37989324828e-11, 5.16335368558e-12, 1.92679778382e-11, 3.63781921253e-12, 1.55419524906e-12, 2.02197850477e-12, 2.74989688138e-12, 2.66975851149e-12, 1.13306206865e-12, 1.32542577174e-12, 2.92807553377e-12, 4.72566734008e-12, 4.28711580125e-12, 7.97600960972e-12, 5.3878286381e-12], "dmean2": [0.000630438036751, 0.000422475422965, 0.0002276742307, 0.000271736556897, 0.000257960316958, 0.000290599622531, 0.000246333191171, 0.000157575195772, 7.72292114561e-05, 0.000114877781016, 9.90801781882e-05, 5.23984635947e-05, 3.97774056182e-05, 3.24187494698e-05, 1.93114046851e-05, 1.39320463859e-05, 1.87361511053e-05, 9.96288781607e-06, 5.14346356795e-06, 5.54140115128e-06, 3.76248408429e-06, 2.40245162786e-06, 1.5858313418e-06, 1.64114851486e-06, 1.71311899066e-06, 7.08752963874e-07, 4.46126847464e-07, 7.24465792246e-07, 4.14569626628e-07, 2.65607184247e-07, 2.74065058647e-07, 2.61171237526e-07, 2.53659607097e-07, 1.83846395885e-07, 1.89486598856e-07, 1.98296660869e-07, 2.10194173178e-07, 2.09154976005e-07, 2.46708765417e-07, 2.08540484437e-07], "max": [0.0171460267156, 0.0401098839939, 0.00854099076241, 0.0183202959597, 0.0160591639578, 0.0161314550787, 0.0191292408854, 0.0149264447391, 0.00759019562975, 0.00982126314193, 0.0104457587004, 0.00720957620069, 0.0058186207898, 0.00565391266719, 0.0026072091423, 0.0042907516472, 0.00384459760971, 0.00204579625279, 0.0011846635025, 0.00144292111509, 0.0012308715377, 0.000754603475798, 0.000571241951548, 0.00050846504746, 0.00018048385391, 7.44623903302e-05, 4.80427333969e-05, 0.000109188316856, 4.35179790657e-05, 4.08589912695e-05, 4.40707226517e-05, 5.78870203753e-05, 5.80572122999e-05, 2.21716054511e-05, 2.55410031968e-05, 6.00607963861e-05, 8.24360104161e-05, 6.53416136629e-05, 8.71498850756e-05, 7.70725382608e-05], "dmean": [0.000357393466402, 0.000261626933934, 0.000139479263453, 0.000182623902219, 0.000183697644388, 0.000208754092455, 0.000178286005394, 0.000118454554467, 5.89421215409e-05, 9.01126986719e-05, 8.24080343591e-05, 4.14295755036e-05, 3.24127468048e-05, 2.68452167802e-05, 1.58513594215e-05, 1.09257125587e-05, 1.36716225825e-05, 7.82899860496e-06, 3.87689124182e-06, 4.12303961639e-06, 2.91303126687e-06, 1.80245831416e-06, 1.20500772027e-06, 1.15873422146e-06, 1.16586556942e-06, 4.98743816024e-07, 3.10787243052e-07, 4.89395119985e-07, 2.80068150005e-07, 1.73339984144e-07, 1.73504488998e-07, 1.74922760721e-07, 1.6717368112e-07, 1.21341912518e-07, 1.25660548633e-07, 1.41090623629e-07, 1.46616045527e-07, 1.46509620436e-07, 1.75465913799e-07, 1.49332592514e-07]}, "spectral_decrease": {"dvar": 3.0768343596e-18, "mean": -5.37840971759e-09, "min": -3.3091183127e-08, "median": -3.77268616347e-09, "dvar2": 6.41094422358e-18, "var": 2.48548004456e-17, "dmean2": 1.57830293279e-09, "max": 2.04476772676e-18, "dmean": 1.09125097847e-09}, "spectral_rolloff": {"dvar": 532354.0625, "mean": 1011.30316162, "min": 21.533203125, "median": 538.330078125, "dvar2": 1192049.625, "var": 4614148.5, "dmean2": 288.538269043, "max": 19509.0820313, "dmean": 168.744476318}, "melbands_crest": {"dvar": 7.66625165939, "mean": 16.399105072, "min": 1.60312151909, "median": 15.4197759628, "dvar2": 20.2634868622, "var": 34.4676246643, "dmean2": 4.02031326294, "max": 37.0144882202, "dmean": 2.531062603}, "barkbands_skewness": {"dvar": 0.68017333746, "mean": 1.5715161562, "min": -3.51585292816, "median": 1.13174462318, "dvar2": 1.54253542423, "var": 4.33345603943, "dmean2": 0.877113938332, "max": 22.5961914063, "dmean": 0.582943975925}, "spectral_centroid": {"dvar": 51214.71875, "mean": 675.496948242, "min": 136.687042236, "median": 493.233093262, "dvar2": 99017.2890625, "var": 666996.375, "dmean2": 116.854980469, "max": 11754.7929688, "dmean": 80.0234222412}, "spectral_energyband_middle_low": {"dvar": 2.22293583647e-05, "mean": 0.0139752272516, "min": 2.33810723512e-22, "median": 0.00942134670913, "dvar2": 3.82210528187e-05, "var": 0.000198459427338, "dmean2": 0.00409740582108, "max": 0.0890614539385, "dmean": 0.00299503863789}, "erbbands_crest": {"dvar": 6.07792186737, "mean": 14.5798454285, "min": 2.30033516884, "median": 13.8062877655, "dvar2": 13.8373117447, "var": 32.4958343506, "dmean2": 3.34502959251, "max": 32.8782157898, "dmean": 2.21566510201}, "dynamic_complexity": 5.64840555191, "spectral_energyband_low": {"dvar": 2.34370509133e-05, "mean": 0.00326642813161, "min": 3.19209188973e-23, "median": 0.00105756497942, "dvar2": 6.24061431154e-05, "var": 4.22918747063e-05, "dmean2": 0.00275720865466, "max": 0.123337164521, "dmean": 0.00161567423493}, "silence_rate_60dB": {"dvar": 0.0356297418475, "mean": 0.174373328686, "min": 0, "median": 0, "dvar2": 0.0785033404827, "var": 0.143958687782, "dmean2": 0.0740019455552, "max": 1, "dmean": 0.0369964689016}, "erbbands_kurtosis": {"dvar": 38.2943954468, "mean": 7.36433267593, "min": -1.89739882946, "median": 3.92536497116, "dvar2": 80.5141067505, "var": 186.60017395, "dmean2": 4.38481473923, "max": 199.048294067, "dmean": 2.9545071125}, "spectral_complexity": {"dvar": 1.19203650951, "mean": 7.03066444397, "min": 0, "median": 7, "dvar2": 2.62126731873, "var": 12.4832353592, "dmean2": 1.62706911564, "max": 25, "dmean": 0.977242290974}, "barkbands_crest": {"dvar": 4.69845438004, "mean": 13.5075407028, "min": 4.06186389923, "median": 12.7834300995, "dvar2": 11.4826545715, "var": 21.6523628235, "dmean2": 3.16249513626, "max": 26.4850769043, "dmean": 2.0258038044}, "spectral_energy": {"dvar": 4.67753125122e-05, "mean": 0.0214273836464, "min": 1.01029602429e-20, "median": 0.0149443093687, "dvar2": 9.61526384344e-05, "var": 0.00039766530972, "dmean2": 0.00616449769586, "max": 0.126143082976, "dmean": 0.00427939835936}, "spectral_spread": {"dvar": 927672500224, "mean": 4082810.75, "min": 827884.0625, "median": 3486231.5, "dvar2": 1796740743170.0, "var": 9875222429700.0, "dmean2": 790968.5, "max": 54404204, "dmean": 547321.375}, "spectral_contrast_valleys": {"dvar": [0.0984275788069, 0.0955792963505, 0.10887157917, 0.0849705114961, 0.0737100616097, 0.0927278995514], "mean": [-7.97813415527, -7.82363986969, -8.86491775513, -9.64396190643, -9.63688468933, -11.5665740967], "min": [-27.7204170227, -27.9829158783, -27.766746521, -27.7556648254, -27.5905628204, -27.3770103455], "median": [-7.68296813965, -7.53335285187, -8.61555862427, -9.39579391479, -9.42358207703, -11.4320325851], "dvar2": [0.233473703265, 0.214545622468, 0.249828457832, 0.178656846285, 0.141408219934, 0.153189688921], "var": [3.46791672707, 3.39275789261, 2.9785900116, 2.66626048088, 2.52539348602, 2.27442169189], "dmean2": [0.535634219646, 0.510754585266, 0.52274787426, 0.437211930752, 0.333582162857, 0.290934354067], "max": [-5.58210802078, -5.14206838608, -5.66352748871, -6.82576179504, -6.8675570488, -7.48169708252], "dmean": [0.320195168257, 0.313513487577, 0.324338972569, 0.276255577803, 0.222730383277, 0.213985145092]}, "spectral_rms": {"dvar": 3.96227704869e-07, "mean": 0.00399926491082, "min": 3.13951382253e-12, "median": 0.00381835224107, "dvar2": 7.56932195145e-07, "var": 4.91064520247e-06, "dmean2": 0.000650271133054, "max": 0.0110935308039, "dmean": 0.00046055673738}, "barkbands_spread": {"dvar": 37.6596679688, "mean": 9.04598999023, "min": 0.234404191375, "median": 5.23945236206, "dvar2": 77.2133331299, "var": 204.198898315, "dmean2": 3.52594232559, "max": 122.000968933, "dmean": 2.32521319389}, "pitch_salience": {"dvar": 0.00348711572587, "mean": 0.516551852226, "min": 0.0749743282795, "median": 0.522572398186, "dvar2": 0.00905727688223, "var": 0.0172798689455, "dmean2": 0.0872752144933, "max": 0.868240058422, "dmean": 0.0548879057169}, "erbbands_skewness": {"dvar": 0.285529524088, "mean": 1.35551726818, "min": -3.55076694489, "median": 1.16935575008, "dvar2": 0.547370612621, "var": 2.36844706535, "dmean2": 0.612709283829, "max": 12.1053686142, "dmean": 0.425848841667}, "spectral_energyband_middle_high": {"dvar": 5.15898864251e-06, "mean": 0.00461190380156, "min": 1.282014334e-21, "median": 0.000365428219084, "dvar2": 8.72410055308e-06, "var": 7.38073722459e-05, "dmean2": 0.00109233043622, "max": 0.0715862587094, "dmean": 0.000859454565216}, "erbbands": {"dvar": [0.0233865771443, 0.358612447977, 5.69734048843, 2.68396186829, 17.9037227631, 71.159538269, 229.440429688, 575.275878906, 1412.55334473, 1804.30249023, 599.861755371, 3215.70214844, 3747.6184082, 1351.01159668, 1657.63122559, 1525.8704834, 1461.39575195, 1715.92529297, 458.871185303, 543.771972656, 300.450592041, 96.1784515381, 56.4573936462, 42.4189910889, 2.70739936829, 11.9904603958, 1.51942145824, 3.02548360825, 3.57689332962, 1.8473752737, 1.78801012039, 3.84947085381, 4.24460029602, 4.57555770874, 0.989214599133, 0.0490402989089, 0.00143810885493, 5.50147924514e-05, 1.36118865157e-06, 1.23426646681e-09], "mean": [0.0641693547368, 0.418993771076, 1.050750494, 1.25343966484, 4.3192615509, 8.07740116119, 15.122335434, 29.5021438599, 44.9921722412, 55.8986930847, 25.9148426056, 44.8427810669, 65.8955917358, 45.5926170349, 41.1950645447, 45.7020988464, 15.0808925629, 22.3741378784, 11.3950405121, 7.43427228928, 4.78681087494, 3.37532806396, 2.59924149513, 2.99043512344, 1.3528907299, 1.40068542957, 0.83735793829, 0.49017816782, 0.509672343731, 0.425791233778, 0.414339274168, 0.421933174133, 0.372608840466, 0.288082689047, 0.132265672088, 0.0437817983329, 0.0104755423963, 0.00214101676829, 0.000307825830532, 3.27940615534e-05], "min": [2.14509834138e-22, 1.33553247535e-21, 5.37108162673e-21, 8.00448703939e-21, 1.46818209471e-20, 4.30570837912e-20, 2.35183151656e-20, 8.91760283186e-20, 2.08950953836e-19, 2.29440618274e-19, 3.8217106563e-19, 5.76621194361e-19, 6.62505961495e-19, 7.3334927637e-19, 9.0005729247e-19, 1.8342105562e-18, 2.4656130274e-18, 1.59718112449e-18, 2.50415757599e-18, 3.62967721328e-18, 4.13912120894e-18, 4.35640128993e-18, 6.26908895239e-18, 5.54983969334e-18, 7.20633959392e-18, 9.22937852676e-18, 9.62259206583e-18, 9.83505754207e-18, 1.1284766839e-17, 1.13916989583e-17, 1.3594853988e-17, 1.35957961467e-17, 1.09262088589e-17, 9.19356905086e-18, 7.20398295635e-18, 4.58449138076e-18, 2.56963285058e-18, 1.05332310663e-18, 2.7160739077e-19, 2.76782129285e-20], "median": [0.0127237346023, 0.108167186379, 0.256509542465, 0.563526391983, 1.460313797, 2.70289039612, 4.57375717163, 9.39136123657, 7.42972183228, 4.34290552139, 4.38250637054, 3.473487854, 2.71883678436, 2.52694749832, 2.26460647583, 1.00260186195, 0.653042912483, 0.469009757042, 0.338806986809, 0.256190299988, 0.179406672716, 0.132105112076, 0.111732468009, 0.115383788943, 0.0961605980992, 0.0787517875433, 0.0661922395229, 0.0448760613799, 0.0362087450922, 0.0372685045004, 0.0379454158247, 0.0368067547679, 0.0252708606422, 0.0150470612571, 0.00813801214099, 0.00341622531414, 0.00103311601561, 0.000165193167049, 2.01116745302e-05, 2.11729438888e-05], "dvar2": [0.0723458752036, 1.0027602911, 11.5464468002, 6.77991867065, 39.3504943848, 116.25655365, 428.912841797, 1132.90966797, 2837.12182617, 2636.52734375, 909.844238281, 5743.0859375, 5675.64208984, 1978.21899414, 2058.52197266, 2369.90087891, 2349.87109375, 3772.22827148, 822.804199219, 961.575256348, 488.393768311, 160.204833984, 117.982208252, 88.4795150757, 4.82630777359, 23.6908283234, 3.43997740746, 7.36738586426, 7.40268754959, 3.87813448906, 3.62022137642, 6.87680673599, 8.07790660858, 9.79801082611, 2.2866537571, 0.0913691297174, 0.00292722298764, 0.00011708362581, 2.95379618365e-06, 2.78154921318e-09], "var": [0.0237000528723, 0.729624271393, 12.8283414841, 5.58844327927, 83.6024093628, 364.108428955, 1018.94506836, 2929.77758789, 9191.97167969, 23907.2226563, 4641.21630859, 18194.0683594, 29447.8769531, 18875.1953125, 15858.4052734, 32342.7753906, 5427.22363281, 7148.66162109, 2873.64599609, 1626.06384277, 855.940124512, 362.459777832, 208.939575195, 137.647232056, 12.3170366287, 31.4029445648, 5.16358613968, 4.74086427689, 8.00595378876, 4.55222415924, 4.57029151917, 11.2555904388, 10.7145547867, 8.32197475433, 1.42317867279, 0.103961728513, 0.00280731683597, 0.000103803846287, 2.12523082155e-06, 2.17233275812e-09], "dmean2": [0.0849765315652, 0.347841918468, 0.843822419643, 1.00434458256, 3.02989602089, 4.72713184357, 7.56898212433, 12.9755105972, 16.7794475555, 14.8743333817, 8.92709827423, 17.453710556, 19.7649803162, 12.5040054321, 11.5313262939, 10.4036369324, 6.51792287827, 9.0393705368, 5.08860635757, 3.98300695419, 3.07104921341, 1.83971953392, 1.46585297585, 1.88312137127, 0.701667428017, 0.93570047617, 0.524771213531, 0.426853656769, 0.426337391138, 0.335643678904, 0.310811638832, 0.315227299929, 0.283535152674, 0.251444131136, 0.122883550823, 0.037012822926, 0.00915099866688, 0.00227226922289, 0.000389395980164, 1.67825728568e-05], "max": [2.38585138321, 14.0077219009, 99.1828765869, 54.622177124, 158.288665771, 319.029174805, 557.104492188, 726.417419434, 1255.76464844, 1130.13208008, 1158.31201172, 1541.47180176, 2124.07641602, 1651.41687012, 2133.80712891, 1988.22192383, 1849.5480957, 2178.72485352, 972.476013184, 1157.84411621, 866.80456543, 504.040313721, 392.25869751, 209.384216309, 61.3004570007, 134.460632324, 41.6283302307, 56.6281013489, 78.8196487427, 57.4269447327, 42.2382850647, 131.009078979, 93.2857971191, 97.6507797241, 49.7304077148, 9.80788898468, 1.51759088039, 0.362685769796, 0.0429825149477, 0.00098216207698], "dmean": [0.047700855881, 0.202040806413, 0.536124706268, 0.610336661339, 1.91390442848, 3.27187371254, 5.51717853546, 9.32141590118, 12.0558519363, 11.2620868683, 6.80001926422, 13.6020822525, 16.4440116882, 9.98119831085, 9.72231674194, 8.62650966644, 5.18636083603, 6.61491203308, 3.97052764893, 2.95564436913, 2.35082983971, 1.44020986557, 1.0431394577, 1.28361654282, 0.498770356178, 0.640843391418, 0.35389316082, 0.274092823267, 0.289170473814, 0.224324122071, 0.209374055266, 0.226533278823, 0.211634799838, 0.17902982235, 0.0857990831137, 0.0271930173039, 0.00658168038353, 0.00156879669521, 0.000266150687821, 1.16157152661e-05]}, "dissonance": {"dvar": 0.0015621331986, "mean": 0.374028652906, "min": 0.107003457844, "median": 0.382351279259, "dvar2": 0.00411637453362, "var": 0.00516305631027, "dmean2": 0.0704320669174, "max": 0.5, "dmean": 0.0423406660557}, "erbbands_flatness_db": {"dvar": 0.000493968487717, "mean": 0.239287421107, "min": 0.0255340095609, "median": 0.243467152119, "dvar2": 0.000821454450488, "var": 0.00502810953185, "dmean2": 0.0255884919316, "max": 0.422492802143, "dmean": 0.0188757497817}, "melbands_kurtosis": {"dvar": 636.525756836, "mean": 16.3289489746, "min": -1.78581261635, "median": 4.94552898407, "dvar2": 1715.98376465, "var": 1678.21386719, "dmean2": 12.4294090271, "max": 1042.0637207, "dmean": 7.79374361038}, "melbands_spread": {"dvar": 46.3610229492, "mean": 11.1541633606, "min": 0.377557933331, "median": 6.86775159836, "dvar2": 93.6784667969, "var": 286.33795166, "dmean2": 3.73166799545, "max": 253.007659912, "dmean": 2.50903701782}, "melbands_skewness": {"dvar": 0.746978521347, "mean": 1.70319056511, "min": -3.1569108963, "median": 1.18761754036, "dvar2": 1.79973518848, "var": 4.17398929596, "dmean2": 0.872453451157, "max": 24.7744464874, "dmean": 0.573274433613}, "spectral_entropy": {"dvar": 0.056559484452, "mean": 6.31097698212, "min": 4.35496616364, "median": 6.24548101425, "dvar2": 0.0981037393212, "var": 0.597700953484, "dmean2": 0.275826931, "max": 9.81409263611, "dmean": 0.201101958752}, "zerocrossingrate": {"dvar": 0.000139926909469, "mean": 0.0366948880255, "min": 0.0029296875, "median": 0.02392578125, "dvar2": 0.000144151985296, "var": 0.00328272255138, "dmean2": 0.0063897925429, "max": 0.5244140625, "dmean": 0.00540960021317}, "average_loudness": 0.508418500423, "spectral_contrast_coeffs": {"dvar": [0.00133439374622, 0.00136015925091, 0.00116688106209, 0.000632266222965, 0.000329299364239, 0.00014296543668], "mean": [-0.656259059906, -0.619506120682, -0.689256906509, -0.772861480713, -0.821506738663, -0.830920398235], "min": [-0.976695477962, -0.974364936352, -0.975500702858, -0.968973398209, -0.96574640274, -0.962515592575], "median": [-0.667164802551, -0.615087985992, -0.711280226707, -0.799061000347, -0.848220348358, -0.839532256126], "dvar2": [0.00337942363694, 0.00282500730827, 0.0021477798, 0.00125970877707, 0.000628216715995, 0.000309133029077], "var": [0.0108245573938, 0.0140023427084, 0.018002493307, 0.00953893363476, 0.00514616817236, 0.00142380129546], "dmean2": [0.0683647617698, 0.0594630651176, 0.0523426085711, 0.0404751636088, 0.0276484079659, 0.0190612822771], "max": [-0.239889144897, -0.316285222769, -0.348549455404, -0.451108723879, -0.537410497665, -0.655875563622], "dmean": [0.0413594506681, 0.0385943874717, 0.034540809691, 0.0263113882393, 0.0177445337176, 0.011915564537]}, "barkbands_flatness_db": {"dvar": 0.000466846860945, "mean": 0.243515253067, "min": 0.031577270478, "median": 0.242900058627, "dvar2": 0.000944761210121, "var": 0.00403350871056, "dmean2": 0.0283486880362, "max": 0.463459521532, "dmean": 0.0197046287358}, "silence_rate_30dB": {"dvar": 0.00121567922179, "mean": 0.999391555786, "min": 0, "median": 1, "dvar2": 0.00364537467249, "var": 0.000608097820077, "dmean2": 0.00243427464738, "max": 1, "dmean": 0.00121698912699}, "spectral_energyband_high": {"dvar": 1.12208674352e-07, "mean": 0.000110974280688, "min": 7.14781630709e-21, "median": 1.06232910184e-05, "dvar2": 2.23292843771e-07, "var": 2.88942231919e-07, "dmean2": 6.80024022586e-05, "max": 0.0151619184762, "dmean": 5.01599133713e-05}, "melbands_flatness_db": {"dvar": 0.00058435468236, "mean": 0.332429498434, "min": 0.00223217904568, "median": 0.337927043438, "dvar2": 0.00121679087169, "var": 0.00614812830463, "dmean2": 0.0302471630275, "max": 0.589563965797, "dmean": 0.0209671594203}, "barkbands": {"dvar": [7.14963562132e-07, 1.08718641059e-05, 5.29636054125e-06, 2.60174374489e-07, 3.85293287763e-06, 5.749286629e-06, 8.05054060038e-06, 3.19912874147e-06, 5.11769167133e-06, 3.52320807906e-06, 1.15256830213e-06, 8.39610436287e-07, 4.92463470891e-07, 7.43996565689e-07, 1.60844408015e-07, 1.83767525641e-07, 6.10522832289e-08, 2.87967676371e-08, 5.30478994065e-09, 3.02992542167e-09, 1.2250157555e-09, 2.37030084449e-09, 1.73581993224e-09, 1.16170761899e-08, 2.67836561818e-08, 7.45662476209e-10, 3.53944547282e-11], "mean": [0.000264127185801, 0.00197711098008, 0.000902387779206, 0.000441711570602, 0.0023378233891, 0.00317728705704, 0.00345985102467, 0.00173836934846, 0.00186186365318, 0.0019156067865, 0.00116202456411, 0.000988035462797, 0.000258944695815, 0.000398888398195, 0.000173311243998, 9.24041378312e-05, 6.52314556646e-05, 5.32878657395e-05, 3.67630709661e-05, 2.77232229564e-05, 1.44037603604e-05, 1.42486933328e-05, 1.38979967232e-05, 2.1405681764e-05, 2.22021153604e-05, 7.0124647209e-06, 1.5019387547e-06], "min": [9.76274534779e-25, 7.0643251369e-24, 2.00315291891e-24, 2.85164658097e-24, 1.21687521761e-23, 1.41494793571e-23, 1.09307146603e-23, 1.11178734877e-23, 1.52162654256e-23, 1.64878886944e-23, 1.40215608282e-23, 2.96718101922e-23, 5.58455334516e-23, 1.80119805851e-23, 4.77190291939e-23, 6.34590130636e-23, 6.46922929593e-23, 9.84296082671e-23, 1.25331999189e-22, 1.63812192384e-22, 2.56535622625e-22, 3.78261631331e-22, 4.90869998317e-22, 6.42407578124e-22, 1.00922214352e-21, 1.41079904485e-21, 1.94083915517e-21], "median": [1.71863102878e-05, 0.000494994339533, 0.000174667075044, 0.000183698939509, 0.000827018579002, 0.00102725694887, 0.000246252049692, 0.000117095740279, 9.10966773517e-05, 2.93599659926e-05, 3.28676396748e-05, 1.27446883198e-05, 7.96949461801e-06, 4.72073088531e-06, 4.5036076699e-06, 2.62473167822e-06, 2.19427693082e-06, 1.89655111171e-06, 2.05720357371e-06, 1.69701866071e-06, 1.31052797769e-06, 1.03963930087e-06, 1.29718125663e-06, 1.68997098626e-06, 1.26869201722e-06, 6.5348467615e-07, 3.68266981354e-08], "dvar2": [2.04698972084e-06, 3.2516560168e-05, 1.14062358989e-05, 6.86488874635e-07, 6.99080555933e-06, 1.14119120553e-05, 1.41730715768e-05, 4.41567999587e-06, 8.6251011453e-06, 5.5097598306e-06, 1.61792911513e-06, 1.36071048473e-06, 8.3932184225e-07, 1.56967655585e-06, 2.71375171224e-07, 3.48038611264e-07, 1.11462739483e-07, 6.91200625624e-08, 1.11021236648e-08, 5.94179061508e-09, 2.95378921322e-09, 4.72079575431e-09, 3.46009731977e-09, 2.20640217208e-08, 5.90905990805e-08, 1.38315270348e-09, 7.27429366743e-11], "var": [7.97200414127e-07, 1.61213756655e-05, 1.0947370356e-05, 6.99809561411e-07, 2.03278959816e-05, 3.00109004456e-05, 7.87623066572e-05, 4.68800171802e-05, 2.80425010715e-05, 2.87676848529e-05, 1.18484094855e-05, 1.46156344272e-05, 2.21443292503e-06, 2.55782310887e-06, 8.03331886345e-07, 4.38266397396e-07, 1.69182001741e-07, 7.55930855689e-08, 1.3391649567e-08, 8.86735751493e-09, 2.57630672351e-09, 5.82464121379e-09, 4.67364147383e-09, 3.20910338303e-08, 4.4529429033e-08, 1.6751634524e-09, 6.77245134972e-11], "dmean2": [0.000427817896707, 0.00191428849939, 0.000769061036408, 0.000418912735768, 0.00133835489396, 0.001396017964, 0.00115171191283, 0.000517392123584, 0.000755396671593, 0.000590747047681, 0.000355023832526, 0.000253082573181, 0.000131098058773, 0.00019393004186, 8.46553812153e-05, 7.24730052752e-05, 4.49024737463e-05, 3.67855645891e-05, 2.61183668044e-05, 1.83755546459e-05, 1.13603491627e-05, 1.17747613331e-05, 1.02638896351e-05, 1.59297687787e-05, 1.96812416107e-05, 5.95811661697e-06, 1.92288712242e-06], "max": [0.0127775035799, 0.048492282629, 0.0816099345684, 0.0173413157463, 0.0638992041349, 0.0708164051175, 0.087155289948, 0.0707186236978, 0.0602358244359, 0.0628818273544, 0.0419114902616, 0.0414540432394, 0.0357719138265, 0.03941533342, 0.0173662994057, 0.0153540084139, 0.0113845095038, 0.00669079460204, 0.00189147447236, 0.00190329505131, 0.00120678846724, 0.00222557666712, 0.00138024054468, 0.00560789601877, 0.00763060385361, 0.00112708925735, 0.000269668467809], "dmean": [0.000238463951973, 0.00109353940934, 0.000489054247737, 0.000247313058935, 0.000906621164177, 0.0010187154403, 0.000836511666421, 0.000383674050681, 0.000586519949138, 0.000478995818412, 0.000277950486634, 0.000202029477805, 9.88246392808e-05, 0.000138256771606, 6.36524346191e-05, 5.21667461726e-05, 3.28026690113e-05, 2.47964198934e-05, 1.78065893124e-05, 1.2476268239e-05, 7.39801225791e-06, 7.92635000835e-06, 7.04116473571e-06, 1.16707788038e-05, 1.40359052239e-05, 4.33595778304e-06, 1.30248167807e-06]}, "erbbands_spread": {"dvar": 90.939994812, "mean": 17.7537956238, "min": 0.832652568817, "median": 10.3382720947, "dvar2": 184.532501221, "var": 419.656524658, "dmean2": 6.46261358261, "max": 177.941452026, "dmean": 4.32893180847}, "barkbands_kurtosis": {"dvar": 342.678955078, "mean": 14.1101379395, "min": -1.933578372, "median": 4.88527393341, "dvar2": 818.491577148, "var": 1197.33679199, "dmean2": 9.9747838974, "max": 740.535644531, "dmean": 6.43527269363}, "spectral_flux": {"dvar": 0.000505455420353, "mean": 0.0436143800616, "min": 6.46527831272e-11, "median": 0.0321779958904, "dvar2": 0.00113351270556, "var": 0.00140569580253, "dmean2": 0.0257056187838, "max": 0.290618538857, "dmean": 0.016601415351}, "silence_rate_20dB": {"dvar": 0, "mean": 1, "min": 1, "median": 1, "dvar2": 0, "var": 0, "dmean2": 0, "max": 1, "dmean": 0}, "gfcc": {"cov": [[23277.3925781, 2293.54467773, -2711.38916016, -824.483276367, -849.348571777, 28.4856491089, -206.909423828, -35.3960151672, -213.803131104, 117.751472473, 198.855651855, 12.418794632, 68.9828872681], [2293.54467773, 1803.68395996, -174.38961792, -543.044311523, -124.183670044, -35.6321334839, 81.7722702026, -116.08429718, 29.9166927338, -132.628875732, 67.3675689697, -81.8186721802, 67.9789657593], [-2711.38916016, -174.38961792, 1429.73339844, 421.402252197, -41.6107673645, -66.2122573853, -111.898834229, 2.45223212242, -45.7240638733, -83.100944519, -106.617454529, -23.2383155823, -40.6943435669], [-824.483276367, -543.044311523, 421.402252197, 870.849365234, 69.0468826294, -78.7578430176, -182.149124146, 76.5402145386, 17.9033336639, 19.8629779816, -15.7685079575, 18.4259223938, -19.4707927704], [-849.348571777, -124.183670044, -41.6107673645, 69.0468826294, 312.550689697, 80.8846130371, 61.6203613281, 6.09658718109, 61.7676086426, 42.6053771973, 7.87258195877, 6.02834129333, -16.064704895], [28.4856491089, -35.6321334839, -66.2122573853, -78.7578430176, 80.8846130371, 246.13482666, 141.045822144, -27.228679657, 7.43115854263, 72.2075042725, 5.74436330795, 5.71697950363, -2.47443556786], [-206.909423828, 81.7722702026, -111.898834229, -182.149124146, 61.6203613281, 141.045822144, 280.099517822, 1.12180352211, -14.7240629196, 44.0803031921, 28.6328659058, 7.42556238174, -5.26546764374], [-35.3960151672, -116.08429718, 2.45223212242, 76.5402145386, 6.09658718109, -27.228679657, 1.12180352211, 178.414077759, 49.0450897217, -28.6214828491, 1.00331139565, 35.5306625366, 12.5383319855], [-213.803131104, 29.9166927338, -45.7240638733, 17.9033336639, 61.7676086426, 7.43115854263, -14.7240629196, 49.0450897217, 173.571685791, 26.7546463013, 14.083106041, 31.1357154846, 11.0856771469], [117.751472473, -132.628875732, -83.100944519, 19.8629779816, 42.6053771973, 72.2075042725, 44.0803031921, -28.6214828491, 26.7546463013, 152.519256592, 43.255947113, 12.8248643875, -16.8903083801], [198.855651855, 67.3675689697, -106.617454529, -15.7685079575, 7.87258195877, 5.74436330795, 28.6328659058, 1.00331139565, 14.083106041, 43.255947113, 119.241142273, 28.7685317993, 4.94673776627], [12.418794632, -81.8186721802, -23.2383155823, 18.4259223938, 6.02834129333, 5.71697950363, 7.42556238174, 35.5306625366, 31.1357154846, 12.8248643875, 28.7685317993, 96.9169845581, 28.8987236023], [68.9828872681, 67.9789657593, -40.6943435669, -19.4707927704, -16.064704895, -2.47443556786, -5.26546764374, 12.5383319855, 11.0856771469, -16.8903083801, 4.94673776627, 28.8987236023, 98.739616394]], "mean": [-125.265609741, 127.639785767, -74.9700927734, 1.00547099113, -67.1720657349, 5.85064411163, -33.5968551636, 5.69844579697, -22.3162822723, 3.19692444801, -6.34217023849, 1.32149505615, -5.316593647], "icov": [[9.25830172491e-05, -0.000174045548192, 0.000200607988518, -7.50718681957e-05, 0.000217515902477, -0.000164053810295, 0.000230041870964, -0.000181143957889, 0.000254047015915, -0.00023912814504, 0.000150376188685, -0.000196855558897, 0.000170219165739], [-0.000174045548192, 0.00128892657813, -0.000437263050117, 0.000573094643187, -0.000137476381497, 0.000413668574765, -0.000720574869774, 0.00101969507523, -0.00125782564282, 0.00155244662892, -0.00132163253147, 0.0014397657942, -0.000961296958849], [0.000200607988518, -0.000437263050117, 0.0013636254007, -0.000691536348313, 0.000649473979138, -0.000395791663323, 0.000405049067922, -0.000171724372194, 0.000620353734121, -9.99212861643e-05, 0.00100520951673, -0.00063709821552, 0.000775043386966], [-7.50718681957e-05, 0.000573094643187, -0.000691536348313, 0.00208220630884, -0.000742726493627, 0.000276906823274, 0.00097517418908, -0.000554002472199, -5.79989464313e-05, -0.000260614004219, -0.000731391541194, 0.000463107222458, -0.000345035688952], [0.000217515902477, -0.000137476381497, 0.000649473979138, -0.000742726493627, 0.00470520881936, -0.00129898334853, -0.000453749205917, 0.000159030692885, -0.00121557083912, -0.000127240084112, 0.000210432233871, 3.15346778734e-06, 0.000855721824337], [-0.000164053810295, 0.000413668574765, -0.000395791663323, 0.000276906823274, -0.00129898334853, 0.00717844162136, -0.00341746816412, 0.00118876469787, -0.00063217751449, -0.00189693667926, 0.00104171200655, 0.000146769132698, -0.000992001732811], [0.000230041870964, -0.000720574869774, 0.000405049067922, 0.00097517418908, -0.000453749205917, -0.00341746816412, 0.00702304951847, -0.00214472529478, 0.00229596858844, -0.00146969070192, -0.00051355100004, -0.000928047345951, 0.000970175547991], [-0.000