{"tonal": {"hpcp": {"dvar": [0.0313826054335, 0.023912217468, 0.0144846951589, 0.00827613659203, 0.0102935330942, 0.0120697943494, 0.0241420045495, 0.021728515625, 0.0249463636428, 0.0347644276917, 0.0217758435756, 0.0164162423462, 0.0123138967901, 0.0192847959697, 0.0257147047669, 0.0376972109079, 0.0246449429542, 0.0138469850644, 0.0101286610588, 0.0126694152132, 0.0232945382595, 0.0291189923882, 0.0191659163684, 0.0152926724404, 0.0157306585461, 0.00896029826254, 0.00702475011349, 0.0118864523247, 0.0138698117808, 0.0227036718279, 0.038111474365, 0.0246880017221, 0.0154676800594, 0.0127271097153, 0.0170522164553, 0.0320613794029], "var": [0.121348656714, 0.0502354763448, 0.0117668332532, 0.00613674009219, 0.0075330324471, 0.015902666375, 0.053212441504, 0.0352316610515, 0.0531576648355, 0.135612115264, 0.0669545009732, 0.0148454811424, 0.0107008256018, 0.0185908675194, 0.0629616230726, 0.14231364429, 0.059463519603, 0.0183039586991, 0.00960005540401, 0.0142712024972, 0.0422709472477, 0.0951406285167, 0.0418686233461, 0.0337104946375, 0.0525711961091, 0.0125954691321, 0.00527438288555, 0.00906853470951, 0.0129110878333, 0.0568882673979, 0.150205627084, 0.0616636238992, 0.015149930492, 0.0091492542997, 0.0170373097062, 0.068603426218], "median": [0.0934160873294, 0.0478681884706, 0.00402009114623, 0.00172151415609, 0.00161122123245, 0.0099009219557, 0.0188566371799, 0.0165774971247, 0.0371424779296, 0.059768948704, 0.0386591888964, 0.00671085296199, 0.00266337860376, 0.00348327565007, 0.0268001295626, 0.0627462938428, 0.0403564944863, 0.00587773742154, 0.00233886926435, 0.00235414016061, 0.0257440619171, 0.0516853518784, 0.0390248857439, 0.0083279600367, 0.00380232231691, 0.00415631290525, 0.00475543504581, 0.00680666370317, 0.0095484321937, 0.0977403521538, 0.189893141389, 0.115811645985, 0.00797076616436, 0.00234495522454, 0.00446498999372, 0.0488915257156], "max": [1, 1, 1, 1, 1, 1, 1, 1, 1, 1, 1, 1, 1, 1, 1, 1, 1, 1, 1, 1, 1, 1, 1, 1, 1, 1, 1, 1, 1, 1, 1, 1, 1, 1, 1, 1], "dmean": [0.105215296149, 0.0904539003968, 0.0415420643985, 0.0245800875127, 0.0262311883271, 0.0475795343518, 0.0698144212365, 0.0709583088756, 0.0932308062911, 0.106267794967, 0.0893651247025, 0.0502921678126, 0.0373064503074, 0.0526398681104, 0.0926914587617, 0.106782853603, 0.0947307869792, 0.0463591068983, 0.0326756313443, 0.0393131636083, 0.0827975645661, 0.097883798182, 0.0812240988016, 0.0559143535793, 0.0477451831102, 0.0354181602597, 0.0269323289394, 0.0349028296769, 0.0461201667786, 0.105025209486, 0.125347003341, 0.109655618668, 0.0516509711742, 0.0365784280002, 0.0546322800219, 0.107145600021], "dmean2": [0.173006981611, 0.148510411382, 0.074112214148, 0.0437792725861, 0.0472817085683, 0.0798345729709, 0.113135263324, 0.118571408093, 0.156921684742, 0.175136059523, 0.146730735898, 0.0886517390609, 0.0666753202677, 0.0929196476936, 0.150505915284, 0.174996763468, 0.157171994448, 0.0814561918378, 0.0574440807104, 0.0694942623377, 0.138005301356, 0.158819884062, 0.132478371263, 0.0910709798336, 0.0768634527922, 0.0616951361299, 0.0479233600199, 0.0617115981877, 0.0806250795722, 0.172169178724, 0.205333173275, 0.180792242289, 0.0921938419342, 0.0663905516267, 0.0954555720091, 0.178474187851], "mean": [0.276143044233, 0.15346865356, 0.0339577384293, 0.0188085120171, 0.0199826676399, 0.0591316856444, 0.110700316727, 0.0938759669662, 0.15851059556, 0.273526757956, 0.177039697766, 0.0460586287081, 0.0308641307056, 0.0461751893163, 0.171855032444, 0.287213295698, 0.177903115749, 0.0471367873251, 0.0284850224853, 0.0366275422275, 0.124117456377, 0.210697650909, 0.135714009404, 0.0842307209969, 0.0946639925241, 0.0458198376, 0.0239017102867, 0.0317736901343, 0.0435640253127, 0.209668964148, 0.375841766596, 0.225377500057, 0.0468505136669, 0.0276193991303, 0.0483372956514, 0.18121984601], "dvar2": [0.0725381672382, 0.0592332445085, 0.0385206416249, 0.0221621692181, 0.0285448729992, 0.0312053393573, 0.0539593920112, 0.0547029562294, 0.0645920932293, 0.0804207697511, 0.0550448074937, 0.0452675260603, 0.032610218972, 0.0525658018887, 0.0643465071917, 0.0813536196947, 0.06184707582, 0.0363994129002, 0.0272787604481, 0.0332255251706, 0.057949014008, 0.0659727305174, 0.0470612458885, 0.0378754176199, 0.0340236276388, 0.0246672872454, 0.0197633579373, 0.0331463851035, 0.0378392674029, 0.0567737817764, 0.0802187472582, 0.0630913302302, 0.0421890243888, 0.0359707064927, 0.0453167892992, 0.0817532241344], "min": [0, 0, 0, 0, 0, 0, 0, 0, 0, 0, 0, 0, 0, 0, 0, 0, 0, 0, 0, 0, 0, 0, 0, 0, 0, 0, 0, 0, 0, 0, 0, 0, 0, 0, 0, 0]}, "key_key": "C", "thpcp": [1, 0.59966057539, 0.124654889107, 0.0734867751598, 0.128610759974, 0.482170581818, 0.734732210636, 0.408333152533, 0.0903511568904, 0.0500436984003, 0.0531677678227, 0.157331332564, 0.294539690018, 0.249775245786, 0.421748220921, 0.727771043777, 0.471048504114, 0.122547924519, 0.0821200162172, 0.122858054936, 0.457253694534, 0.764186739922, 0.473345786333, 0.125416576862, 0.0757899358869, 0.0974546894431, 0.330238580704, 0.560602009296, 0.361093461514, 0.224112182856, 0.251871943474, 0.121912576258, 0.0635951384902, 0.0845400691032, 0.115910544991, 0.557864964008], "chords_key": "C", "tuning_equal_tempered_deviation": 0.00587792228907, "tuning_frequency": 436.708374023, "tuning_diatonic_strength": 0.623972058296, "chords_histogram": [30.5736751556, 0.384679704905, 23.2647590637, 1.28784072399, 4.4823551178, 0, 2.02374982834, 0, 0, 0, 0, 0, 0.016725204885, 0.016725204885, 0, 0, 0.217427656054, 0.585382163525, 0, 3.42866706848, 0.016725204885, 0.869710624218, 3.6293694973, 29.2022075653], "key_strength": 0.827509462833, "key_scale": "major", "chords_strength": {"dvar": 0.000321299477946, "var": 0.0097828367725, "median": 0.506194412708, "max": 0.758621871471, "dmean": 0.00936545990407, "dmean2": 0.00694248918444, "mean": 0.507300555706, "dvar2": 0.000585709582083, "min": -1}, "chords_number_rate": 0.0013380163582, "tuning_nontempered_energy_ratio": 0.625202655792, "hpcp_entropy": {"dvar": 0.204637020826, "var": 0.431402027607, "median": 1.56453311443, "max": 4.03466463089, "dmean": 0.476456224918, "dmean2": 0.797179579735, "mean": 1.53362107277, "dvar2": 0.525968074799, "min": 0}, "chords_changes_rate": 0.0556949339807, "chords_scale": "major"}, "rhythm": {"bpm_histogram_first_peak_spread": {"dvar": 0, "var": 0, "median": 0.435267865658, "max": 0.435267865658, "dmean": 0, "dmean2": 0, "mean": 0.435267865658, "dvar2": 0, "min": 0.435267865658}, "bpm_histogram_first_peak_weight": {"dvar": 0, "var": 0, "median": 0.49901381135, "max": 0.49901381135, "dmean": 0, "dmean2": 0, "mean": 0.49901381135, "dvar2": 0, "min": 0.49901381135}, "bpm_histogram_first_peak_bpm": {"dvar": 0, "var": 0, "median": 110, "max": 110, "dmean": 0, "dmean2": 0, "mean": 110, "dvar2": 0, "min": 110}, "bpm": 109.942947388, "bpm_histogram_second_peak_weight": {"dvar": 0, "var": 0, "median": 0.0256410259753, "max": 0.0256410259753, "dmean": 0, "dmean2": 0, "mean": 0.0256410259753, "dvar2": 0, "min": 0.0256410259753}, "beats_loudness": {"dvar": 0.000148437553435, "var": 0.000316343794111, "median": 0.0304687116295, "max": 0.088584817946, "dmean": 0.0136832697317, "dmean2": 0.02268842794, "mean": 0.0315764807165, "dvar2": 0.000419365998823, "min": 0}, "beats_loudness_band_ratio": {"dvar": [0.0324247255921, 0.0238563474268, 0.0188005436212, 0.00449322443455, 0.000614773540292, 0.00627207616344], "var": [0.0441449582577, 0.042024385184, 0.0399925410748, 0.00371270766482, 0.000547056784853, 0.00334802316502], "median": [0.178868472576, 0.481566786766, 0.259063720703, 0.0404782183468, 0.0104407295585, 0.00139518408105], "max": [0.888108849525, 0.938010692596, 0.892022132874, 0.651774644852, 0.225575089455, 0.734297990799], "dmean": [0.208419397473, 0.200481131673, 0.168340951204, 0.0538520142436, 0.0161144845188, 0.0184142906219], "dmean2": [0.376166194677, 0.341469556093, 0.271750509739, 0.0977463945746, 0.0276278052479, 0.0352783985436], "mean": [0.238567918539, 0.488414615393, 0.296126335859, 0.0610643327236, 0.018078327179, 0.0109429666772], "dvar2": [0.0919243767858, 0.0627198666334, 0.0468853898346, 0.012763498351, 0.00173038686626, 0.0205503422767], "min": [0, 0, 0, 0, 0, 0]}, "bpm_histogram_second_peak_bpm": {"dvar": 0, "var": 0, "median": 105, "max": 105, "dmean": 0, "dmean2": 0, "mean": 105, "dvar2": 0, "min": 105}, "onset_rate": 2.79881215096, "beats_count": 508, "beats_position": [0.557278871536, 1.1261677742, 1.69505667686, 2.24072551727, 2.7863945961, 3.33206343651, 3.87773227692, 4.42340135574, 4.96907043457, 5.51473903656, 6.06040811539, 6.60607719421, 7.1517457962, 7.70902490616, 8.26630401611, 8.82358264923, 9.38086128235, 9.96135997772, 10.5534696579, 11.1455783844, 11.7376871109, 12.3297958374, 12.9102945328, 13.479183197, 14.0364627838, 14.6053514481, 15.1742401123, 15.7431287766, 16.3468475342, 16.9273471832, 17.5194549561, 18.0651245117, 18.6224040985, 19.1680717468, 19.7137413025, 20.2594108582, 20.8050785065, 21.3507480621, 21.8964176178, 22.4420852661, 22.9877548218, 23.5334243774, 24.0790920258, 24.6363716125, 25.1704311371, 25.7044887543, 26.2501583099, 26.7958278656, 27.3414955139, 27.8871650696, 28.4328346252, 28.9785022736, 29.5357818604, 30.081451416, 30.6271190643, 31.17278862, 31.7068481445, 32.2409057617, 32.7865753174, 33.332244873, 33.8779144287, 34.4235839844, 34.9692497253, 35.5265312195, 36.0722007751, 36.6178665161, 37.1751480103, 37.7324256897, 38.2780952454, 38.8121528625, 39.3462142944, 39.8802719116, 40.4259414673, 40.9599990845, 41.5056686401, 42.0513381958, 42.585395813, 43.1426734924, 43.6999549866, 44.257232666, 44.8029022217, 45.3485717773, 45.8826293945, 46.4166870117, 46.9623565674, 47.508026123, 48.0536956787, 48.5993652344, 49.1566429138, 49.7139205933, 50.2712020874, 50.8052597046, 51.3509292603, 51.8965988159, 52.4422683716, 52.9879341125, 53.5219955444, 54.0560531616, 54.6017227173, 55.1473922729, 55.6930618286, 56.2387275696, 56.7843971252, 57.3416786194, 57.8989562988, 58.4678459167, 59.0483436584, 59.6404533386, 60.2441711426, 60.8362808228, 61.4051704407, 61.9740562439, 62.531337738, 63.0886154175, 63.6342849731, 64.1799545288, 64.714012146, 65.2596817017, 65.7937393188, 66.327796936, 66.8618545532, 67.4075241089, 67.9531936646, 68.4292068481, 68.8936004639, 69.3696136475, 69.8456192017, 70.3216323853, 70.7976379395, 71.273651123, 71.7612686157, 72.2604980469, 72.8293838501, 73.3982772827, 73.9555511475, 74.5128326416, 75.0585021973, 75.6041717529, 76.1614532471, 76.7187271118, 77.276008606, 77.8332901001, 78.3905639648, 78.889793396, 79.3890228271, 79.8766403198, 80.3526535034, 80.8170471191, 81.2930603027, 81.8387298584, 82.3960113525, 82.9532852173, 83.4989547729, 84.0562362671, 84.6019058228, 85.1591796875, 85.7164611816, 86.2621307373, 86.807800293, 87.3534698486, 87.8991394043, 88.44480896, 88.9788665771, 89.5245361328, 90.0702056885, 90.6158676147, 91.1615371704, 91.7072067261, 92.2644882202, 92.8217697144, 93.36743927, 93.9131011963, 94.458770752, 95.0044403076, 95.5501098633, 96.0957794189, 96.6414489746, 97.1755065918, 97.709564209, 98.2436294556, 98.7776870728, 99.3233566284, 99.8806304932, 100.426300049, 100.971969604, 101.51763916, 102.051696777, 102.597366333, 103.143035889, 103.688705444, 104.234375, 104.791656494, 105.33732605, 105.871383667, 106.417053223, 106.95111084, 107.496780396, 108.042449951, 108.588119507, 109.133781433, 109.691062927, 110.248344421, 110.794013977, 111.351287842, 111.908569336, 112.454238892, 112.988296509, 113.533966064, 114.068023682, 114.613693237, 115.159362793, 115.705032349, 116.262313843, 116.819587708, 117.376869202, 117.910926819, 118.456596375, 119.00226593, 119.547935486, 120.081993103, 120.627662659, 121.161720276, 121.695777893, 122.241447449, 122.798728943, 123.344398499, 123.878456116, 124.43573761, 124.981407166, 125.527069092, 126.061134338, 126.606803894, 127.15246582, 127.698135376, 128.243804932, 128.777862549, 129.323532104, 129.86920166, 130.403259277, 130.960540771, 131.506210327, 132.051879883, 132.5859375, 133.131607056, 133.677276611, 134.234558105, 134.780227661, 135.325897217, 135.871566772, 136.40562439, 136.951293945, 137.508575439, 138.065841675, 138.61151123, 139.157180786, 139.702850342, 140.248519897, 140.794189453, 141.339859009, 141.873916626, 142.407974243, 142.953643799, 143.499313354, 144.056594849, 144.613876343, 145.171157837, 145.716827393, 146.262496948, 146.808166504, 147.365432739, 147.911102295, 148.468383789, 149.002441406, 149.536499023, 150.070556641, 150.604629517, 151.150299072, 151.684356689, 152.218414307, 152.764083862, 153.321365356, 153.867019653, 154.424301147, 154.969970703, 155.527252197, 156.072921753, 156.618591309, 157.164260864, 157.70993042, 158.255599976, 158.801269531, 159.335327148, 159.892608643, 160.438278198, 160.972335815, 161.518005371, 162.063674927, 162.597732544, 163.1434021, 163.677459717, 164.223129272, 164.768798828, 165.326080322, 165.883346558, 166.440628052, 166.974685669, 167.508743286, 168.054412842, 168.600082397, 169.145751953, 169.691421509, 170.248703003, 170.805984497, 171.340042114, 171.874099731, 172.419769287, 172.965438843, 173.49949646, 174.045166016, 174.590835571, 175.148117065, 175.693786621, 176.227844238, 176.773513794, 177.330795288, 177.864852905, 178.410522461, 178.956192017, 179.501861572, 180.047531128, 180.604797363, 181.162078857, 181.696136475, 182.230194092, 182.775863647, 183.321533203, 183.878814697, 184.424484253, 184.970153809, 185.515823364, 186.073104858, 186.630386353, 187.187667847, 187.733337402, 188.26739502, 188.801452637, 189.347122192, 189.892791748, 190.438461304, 190.984130859, 191.529785156, 192.075454712, 192.621124268, 193.166793823, 193.70085144, 194.246520996, 194.792190552, 195.337860107, 195.883529663, 196.429199219, 196.963256836, 197.497314453, 198.042984009, 198.600265503, 199.157546997, 199.714828491, 200.272109985, 200.817779541, 201.363449097, 201.897506714, 202.431564331, 202.977233887, 203.522903442, 204.05696106, 204.602630615, 205.136688232, 205.682357788, 206.228027344, 206.773696899, 207.319366455, 207.865036011, 208.422302246, 208.967971802, 209.513641357, 210.059310913, 210.604980469, 211.162261963, 211.719543457, 212.253601074, 212.79927063, 213.344940186, 213.890609741, 214.436279297, 214.970336914, 215.504394531, 216.050064087, 216.595733643, 217.141403198, 217.698684692, 218.244354248, 218.790023804, 219.324081421, 219.8465271, 220.368972778, 220.891418457, 221.413879395, 222.017593384, 222.621307373, 223.166976929, 223.724258423, 224.281539917, 224.838821411, 225.396102905, 225.953369141, 226.499038696, 227.044708252, 227.555557251, 228.066390991, 228.58883667, 229.134506226, 229.69178772, 230.237457275, 230.783126831, 231.317184448, 231.874465942, 232.431747437, 232.977416992, 233.511474609, 234.057144165, 234.6144104, 235.160079956, 235.705749512, 236.251419067, 236.797088623, 237.342758179, 237.888427734, 238.422485352, 238.968154907, 239.513824463, 240.059494019, 240.605163574, 241.15083313, 241.696502686, 242.230560303, 242.76461792, 243.310287476, 243.86756897, 244.413238525, 244.97052002, 245.516189575, 246.061859131, 246.607528687, 247.153198242, 247.698867798, 248.244537354, 248.778594971, 249.312652588, 249.835098267, 250.345932007, 250.868392944, 251.448883057, 252.017776489, 252.586654663, 253.143936157, 253.701217651, 254.258499146, 254.81578064, 255.373062134, 255.907119751, 256.441162109, 256.986846924, 257.520904541, 258.054962158, 258.600616455, 259.134674072, 259.668762207, 260.214416504, 260.760070801, 261.317352295, 261.863037109, 262.408691406, 262.954376221, 263.511657715, 264.057312012, 264.602996826, 265.148651123, 265.705932617, 266.263214111, 266.808898926, 267.354553223, 267.90020752, 268.445892334, 268.979949951, 269.502410889, 270.036468506, 270.558898926, 271.081359863, 271.61541748, 272.149475098, 272.671936035, 273.182769775, 273.728424072, 274.262481689, 274.796539307, 275.330596924, 275.864654541, 276.398712158, 276.932769775], "danceability": 0.937884747982, "bpm_histogram_second_peak_spread": {"dvar": 0, "var": 0, "median": 0.479999989271, "max": 0.479999989271, "dmean": 0, "dmean2": 0, "mean": 0.479999989271, "dvar2": 0, "min": 0.479999989271}}, "lowlevel": {"spectral_flux": {"dvar": 0.000439796742285, "var": 0.00139847048558, "median": 0.0559201203287, "max": 0.264288455248, "dmean": 0.0186177697033, "dmean2": 0.0300850067288, "mean": 0.0607208646834, "dvar2": 0.00109191716183, "min": 6.3523040994e-11}, "spectral_rolloff": {"dvar": 464275.78125, "var": 2700098, "median": 538.330078125, "max": 19638.28125, "dmean": 170.587799072, "dmean2": 280.88092041, "mean": 794.452026367, "dvar2": 908887.25, "min": 150.732421875}, "barkbands_flatness_db": {"dvar": 0.000409685570048, "var": 0.00457255914807, "median": 0.25710952282, "max": 0.532604336739, "dmean": 0.019337143749, "dmean2": 0.0281233564019, "mean": 0.262334465981, "dvar2": 0.000797441636678, "min": 0.044952146709}, "spectral_centroid": {"dvar": 35342.453125, "var": 661132.8125, "median": 476.352294922, "max": 11547.2060547, "dmean": 81.3419342041, "dmean2": 116.486434937, "mean": 593.066162109, "dvar2": 65483.28125, "min": 211.967391968}, "melbands_skewness": {"dvar": 0.313914865255, "var": 1.59435534477, "median": 2.29562449455, "max": 12.9433517456, "dmean": 0.521856069565, "dmean2": 0.774338901043, "mean": 2.43917417526, "dvar2": 0.685945749283, "min": -1.83928740025}, "melbands": {"dvar": [3.27927240917e-10, 1.05375640658e-07, 6.46947739824e-07, 1.45957289988e-06, 1.34063964197e-06, 3.95540581621e-07, 9.23909396988e-07, 1.97200293428e-07, 1.07571644037e-07, 8.36188718267e-08, 1.53509898126e-08, 7.12981451656e-09, 1.57789648014e-09, 1.91436910768e-09, 7.03647307088e-10, 5.70980152048e-10, 7.06190328437e-10, 1.98796576423e-10, 7.41080044553e-11, 8.86638470976e-11, 2.29307909466e-11, 3.82239725982e-11, 3.01627403609e-11, 4.1321029931e-11, 8.31447896643e-11, 2.91595220192e-11, 8.79369233681e-12, 1.00118429172e-11, 2.39009419895e-12, 1.30906993145e-12, 6.80719326393e-12, 9.42992645775e-12, 1.11780923059e-11, 8.17392334374e-12, 6.92797642171e-12, 3.92189362583e-12, 2.06462798247e-12, 1.24547301725e-12, 3.93111801791e-12, 1.53045631723e-11], "var": [2.85769163888e-09, 2.8518684303e-07, 2.63181050286e-06, 4.87130591864e-06, 4.24760401074e-06, 8.49254831792e-07, 2.24707514462e-06, 4.0205063101e-07, 2.41547013502e-07, 1.90869272387e-07, 3.44545618702e-08, 2.38631336913e-08, 4.65220884038e-09, 4.62604354823e-09, 1.64817781645e-09, 1.12583309342e-09, 1.387779891e-09, 3.62474411597e-10, 1.35471328599e-10, 3.33130245611e-10, 9.08438393954e-11, 1.49160322982e-10, 1.2152560902e-10, 8.15186251835e-11, 1.68584313176e-10, 5.60495712343e-11, 1.77770836246e-11, 1.63406232989e-11, 3.71076867151e-12, 2.14200250419e-12, 1.07425162515e-11, 1.5818299795e-11, 2.08112953953e-11, 1.43611433509e-11, 1.00507336828e-11, 6.42516205171e-12, 3.13452389045e-12, 2.25929691622e-12, 7.5470558622e-12, 1.23109118386e-11], "median": [3.33639218297e-06, 0.000123899895698, 0.000660566904116, 0.00121622590814, 0.000827362819109, 0.000454902474303, 0.000351020280505, 0.000260252243606, 0.000120001845062, 8.38097403175e-05, 6.30170034128e-05, 2.51613473665e-05, 1.73040698428e-05, 1.61827010743e-05, 1.28376568682e-05, 8.39686890686e-06, 7.79932452133e-06, 5.20604635312e-06, 3.48738194589e-06, 3.44336035596e-06, 1.56373369009e-06, 1.39232395213e-06, 1.87347973224e-06, 1.15709781312e-06, 6.79141862747e-07, 5.41703172985e-07, 4.82689074488e-07, 2.46710385454e-07, 6.69769875117e-08, 1.93989500019e-08, 1.39539810817e-08, 1.66586620054e-08, 2.26147705007e-08, 2.0203573925e-08, 1.32095268057e-08, 6.8891559124e-09, 3.84965526123e-09, 2.67895527983e-09, 3.24916915595e-09, 3.43169404005e-09], "max": [0.000630014168564, 0.00563130201772, 0.0189158320427, 0.0219726953655, 0.0221031997353, 0.0142913516611, 0.0184711907059, 0.00879867654294, 0.00833064876497, 0.00779610034078, 0.00475654471666, 0.00551830371842, 0.00140571477823, 0.00240354379639, 0.000906022789422, 0.000877396378201, 0.000758257636335, 0.000463990058051, 0.000265617505647, 0.000356402044417, 0.000163954988238, 0.000281446438748, 0.00022032482957, 0.000362498511095, 0.000343388324836, 0.000313395255944, 0.000164781711646, 0.000137914321385, 7.25219360902e-05, 5.12162441737e-05, 0.000110845459858, 0.000104281032691, 0.000102468540717, 8.89782168088e-05, 7.81369599281e-05, 5.85687557759e-05, 5.31465229869e-05, 4.72284700663e-05, 0.000159296600032, 0.000293571531074], "dmean": [8.0538502516e-06, 0.000145057420013, 0.000482018804178, 0.000777661101893, 0.000701926008333, 0.000341590726748, 0.000395405397285, 0.000245729694143, 0.000156737180077, 0.000118224568723, 6.12670264672e-05, 3.00135216094e-05, 1.90215559996e-05, 1.52970915224e-05, 1.21956309158e-05, 1.00879960883e-05, 1.01999175968e-05, 6.62025468046e-06, 3.93366599383e-06, 4.20491005571e-06, 1.94479684978e-06, 2.05687160815e-06, 2.46343802246e-06, 1.59321996307e-06, 1.67740233792e-06, 8.99659994502e-07, 6.94313598615e-07, 6.14377142938e-07, 2.54627707363e-07, 1.77373237875e-07, 3.67623584907e-07, 4.43906571945e-07, 5.30887575678e-07, 4.37260553099e-07, 3.66246354133e-07, 2.60531408003e-07, 1.71482327005e-07, 1.31274035198e-07, 2.07113785677e-07, 2.48581585538e-07], "dmean2": [1.28664314616e-05, 0.000230658959481, 0.00073307385901, 0.00118988694157, 0.00108123000246, 0.000535882019904, 0.000604419852607, 0.000380831945222, 0.000242078313022, 0.000178535134182, 9.25395215745e-05, 4.45880796178e-05, 2.85132118734e-05, 2.26470183406e-05, 1.88366939256e-05, 1.55612724484e-05, 1.61403931997e-05, 1.05585331767e-05, 6.24851008979e-06, 6.65286597723e-06, 3.08586186293e-06, 3.22742448589e-06, 3.95702227252e-06, 2.46147374128e-06, 2.64143091044e-06, 1.38835684993e-06, 1.07854896214e-06, 9.18497107705e-07, 3.87729102158e-07, 2.61408928282e-07, 5.44949841697e-07, 6.61024557758e-07, 7.83612449595e-07, 6.13098904978e-07, 5.33755780907e-07, 3.75073682335e-07, 2.44454383846e-07, 1.84210293241e-07, 2.72870465778e-07, 3.70481302525e-07], "mean": [2.52867084782e-05, 0.00032322894549, 0.00123764097225, 0.00194808538072, 0.00159532926045, 0.000734267989174, 0.000812977028545, 0.000487636803882, 0.000290419935482, 0.000227525641094, 0.000123373101815, 5.89957562624e-05, 3.9013903006e-05, 3.2368934626e-05, 2.47729876719e-05, 1.88819467439e-05, 1.7938316887e-05, 1.13309306471e-05, 7.14742600394e-06, 8.99214592209e-06, 4.51118739875e-06, 4.87694023832e-06, 5.42397765457e-06, 3.3244266433e-06, 3.59962018592e-06, 1.82910696367e-06, 1.35764742026e-06, 9.89577984001e-07, 3.86536697761e-07, 2.49582967626e-07, 4.85937164285e-07, 5.88799878187e-07, 7.30899671453e-07, 5.94912080487e-07, 4.6768909101e-07, 3.3517002862e-07, 2.09756947811e-07, 1.75962711069e-07, 2.7315263651e-07, 2.94253709399e-07], "dvar2": [8.19897261195e-10, 3.27742071704e-07, 1.51061954057e-06, 3.56952773473e-06, 3.39274174621e-06, 9.42618044064e-07, 2.00951421903e-06, 4.87972499741e-07, 2.48744498776e-07, 1.85719173373e-07, 3.4769744417e-08, 1.22424053117e-08, 3.20248338959e-09, 3.6708711626e-09, 1.61192470483e-09, 1.36894340308e-09, 1.65782765293e-09, 4.70381955608e-10, 1.78790510175e-10, 2.10289216596e-10, 5.31773687584e-11, 9.42587882746e-11, 7.36524938261e-11, 9.24911536249e-11, 2.06381009504e-10, 6.62668184215e-11, 1.97731692131e-11, 2.2560656468e-11, 5.71255369397e-12, 2.81292784204e-12, 1.50689634382e-11, 2.12351768114e-11, 2.34061658944e-11, 1.69441127795e-11, 1.5488367533e-11, 8.14531688625e-12, 4.48468345793e-12, 2.57369863269e-12, 6.27168152481e-12, 4.22340704076e-11], "min": [1.29574269101e-24, 3.99318062216e-25, 1.3099770944e-24, 1.48316558968e-24, 2.06068099485e-24, 2.12298404585e-24, 1.94595892556e-24, 1.65090404219e-24, 2.3752702436e-24, 2.53497966981e-24, 2.00549228592e-24, 2.43826630891e-24, 2.2294082845e-24, 2.57262608436e-24, 2.91409064086e-24, 3.38893540478e-24, 2.28052272407e-24, 3.07440610946e-24, 3.34290970969e-24, 2.52940676194e-24, 5.04258941608e-24, 4.46215976152e-24, 3.61045464671e-24, 4.43106680894e-24, 4.09204002985e-24, 5.0841509473e-24, 5.02056441961e-24, 4.78362491913e-24, 4.53175504273e-24, 4.30086452767e-24, 5.40653118357e-24, 6.14511088355e-24, 5.22206749936e-24, 5.64796876893e-24, 5.79454070284e-24, 6.19761194337e-24, 4.80780074486e-24, 6.33476330036e-24, 5.93079275839e-24, 7.33848822248e-24]}, "spectral_decrease": {"dvar": 4.49516456e-18, "var": 2.14802559253e-17, "median": -6.2016956015e-09, "max": 1.70099420654e-28, "dmean": 1.75131653624e-09, "dmean2": 2.66913158242e-09, "mean": -6.88943568861e-09, "dvar2": 1.07594037525e-17, "min": -3.30446177088e-08}, "barkbands_kurtosis": {"dvar": 27.1563148499, "var": 85.2538757324, "median": 6.3932390213, "max": 110.201187134, "dmean": 3.60301113129, "dmean2": 5.40232992172, "mean": 9.06688594818, "dvar2": 63.7742118835, "min": -1.90636527538}, "silence_rate_30dB": {"dvar": 0.000668696127832, "var": 0.000585098052397, "median": 1, "max": 1, "dmean": 0.000669120112434, "dmean2": 0.00133835209999, "mean": 0.999414563179, "dvar2": 0.00150394986849, "min": 0}, "gfcc": {"mean": [-103.145439148, 165.736038208, -118.544364929, -18.1419658661, -58.2056007385, -25.0268096924, -50.0719490051, -9.98285865784, -32.0396614075, -13.6451368332, -16.354352951, -10.9072713852, -14.8483533859], "cov": [[14793.2460938, -752.918945313, -1939.85583496, 1039.25683594, -1103.3314209, -258.634124756, -594.373901367, 186.027648926, -386.266845703, -116.816116333, -186.355117798, -231.443664551, -321.957519531], [-752.918945313, 2195.18896484, -110.390449524, -790.167358398, 670.786315918, -203.117095947, 160.956008911, -149.678527832, 65.7498245239, -202.236968994, 97.7068634033, -117.276275635, 74.0788192749], [-1939.85583496, -110.390449524, 997.20513916, 40.8428916931, 35.1590423584, 381.059875488, 104.632713318, -32.2475090027, 5.06228685379, 50.1512718201, -44.8643989563, 90.2241363525, 13.8281993866], [1039.25683594, -790.167358398, 40.8428916931, 732.460083008, -180.582580566, 73.7917633057, -27.4764575958, 68.3395767212, -54.4093017578, 45.5903167725, -40.4930305481, 38.0078735352, -31.5887203217], [-1103.3314209, 670.786315918, 35.1590423584, -180.582580566, 477.176300049, -56.9795227051, 95.2554168701, -15.8198633194, 26.4255447388, -61.2661170959, 35.2405815125, -7.76191282272, 57.3041534424], [-258.634124756, -203.117095947, 381.059875488, 73.7917633057, -56.9795227051, 350.703399658, 53.6243743896, 6.10607862473, -7.58724832535, 35.2265014648, -29.1181106567, 36.0339698792, -16.0854492188], [-594.373901367, 160.956008911, 104.632713318, -27.4764575958, 95.2554168701, 53.6243743896, 162.849411011, 13.3179035187, -21.3952465057, -1.35311210155, 16.1191940308, -2.59503293037, 1.15879797935], [186.027648926, -149.678527832, -32.2475090027, 68.3395767212, -15.8198633194, 6.10607862473, 13.3179035187, 138.38218689, 7.51492261887, 26.2404747009, 10.7504549026, -1.95544290543, -25.2341327667], [-386.266845703, 65.7498245239, 5.06228685379, -54.4093017578, 26.4255447388, -7.58724832535, -21.3952465057, 7.51492261887, 134.410476685, 25.9680671692, 4.28563642502, -0.835268616676, 7.57255315781], [-116.816116333, -202.236968994, 50.1512718201, 45.5903167725, -61.2661170959, 35.2265014648, -1.35311210155, 26.2404747009, 25.9680671692, 112.860992432, 1.65145361423, 11.4151992798, 1.42284178734], [-186.355117798, 97.7068634033, -44.8643989563, -40.4930305481, 35.2405815125, -29.1181106567, 16.1191940308, 10.7504549026, 4.28563642502, 1.65145361423, 83.9473648071, -4.32587337494, 5.78997516632], [-231.443664551, -117.276275635, 90.2241363525, 38.0078735352, -7.76191282272, 36.0339698792, -2.59503293037, -1.95544290543, -0.835268616676, 11.4151992798, -4.32587337494, 100.750762939, 29.2750053406], [-321.957519531, 74.0788192749, 13.8281993866, -31.5887203217, 57.3041534424, -16.0854492188, 1.15879797935, -25.2341327667, 7.57255315781, 1.42284178734, 5.78997516632, 29.2750053406, 100.829032898]], "icov": [[0.000287941977149, -0.000554472266231, 0.000644293031655, -0.000586698995903, 0.000738808244932, -0.00057668046793, 0.000925586791709, -0.000520138419233, 0.000839413551148, -0.000228779099416, 0.000658222532365, -9.82660858426e-05, 0.00033285212703], [-0.000554472266231, 0.0027423130814, -0.00125040079001, 0.00220520677976, -0.0028544717934, 0.00139882881194, -0.00256015593186, 0.00198194477707, -0.00213529495522, 0.00191949307919, -0.00191723485477, 0.00134413491469, -0.000698910269421], [0.000644293031655, -0.00125040079001, 0.00341751705855, -0.00129277282394, 0.0013075384777, -0.00322162685916, 0.00150726537686, -0.000561737106182, 0.00171979120933, -0.00101089733653, 0.00201262626797, -0.00129399762955, 0.000832514837384], [-0.000586698995903, 0.00220520677976, -0.00129277282394, 0.00359181407839, -0.0020204805769, 0.00119178229943, -0.00221017585136, 0.000891801144462, -0.00133263773751, 0.00105689372867, -0.00114970945287, 0.000384138984373, -0.0005642985343], [0.000738808244932, -0.0028544717934, 0.0013075384777, -0.0020204805769, 0.00636983616278, -0.000959945959039, 0.00117055885494, -0.00247134477831, 0.00166574306786, -7.54647262511e-05, 0.00169009447563, -0.00091473426437, -0.000716814771295], [-0.00057668046793, 0.00139882881194, -0.00322162685916, 0.00119178229943, -0.000959945959039, 0.006614679005, -0.00305407354608, 0.000907806679606, -0.00176545418799, 0.000428935483797, -0.000793212035205, 0.000159812712809, -6.51144655421e-05], [0.000925586791709, -0.00256015593186, 0.00150726537686, -0.00221017585136, 0.00117055885494, -0.00305407354608, 0.0117951631546, -0.00311420997605, 0.00489999912679, -0.00210858578794, 0.00104327592999, -5.16540021636e-05, 0.00148670712952], [-0.000520138419233, 0.00198194477707, -0.000561737106182, 0.000891801144462, -0.00247134477831, 0.000907806679606, -0.00311420997605, 0.0102293146774, -0.00250669219531, -0.000577406433877, -0.00264718709514, 0.000337953417329, 0.00163495249581], [0.000839413551148, -0.00213529495522, 0.00171979120933, -0.00133263773751, 0.00166574306786, -0.00176545418799, 0.00489999912679, -0.00250669219531, 0.0113823432475, -0.00370601937175, 0.00210367399268, -0.000408100750064, 0.000878912222106], [-0.000228779099416, 0.00191949307919, -0.00101089733653, 0.00105689372867, -7.54647262511e-05, 0.000428935483797, -0.00210858578794, -0.000577406433877, -0.00370601937175, 0.0128301242366, -0.00200900644995, 0.000924290507101, -0.0017356777098], [0.000658222532365, -0.00191723485477, 0.00201262626797, -0.00114970945287, 0.00169009447563, -0.000793212035205, 0.00104327592999, -0.00264718709514, 0.00210367399268, -0.00200900644995, 0.0151388878003, -0.000913908123039, 0.000378953380277], [-9.82660858426e-05, 0.00134413491469, -0.00129399762955, 0.000384138984373, -0.00091473426437, 0.000159812712809, -5.16540021636e-05, 0.000337953417329, -0.000408100750064, 0.000924290507101, -0.000913908123039, 0.0132110351697, -0.00413860101253], [0.00033285212703, -0.000698910269421, 0.000832514837384, -0.0005642985343, -0.000716814771295, -6.51144655421e-05, 0.00148670712952, 0.00163495249581, 0.000878912222106, -0.0017356777098, 0.000378953380277, -0.00413860101253, 0.013130556792]]}, "silence_rate_20dB": {"dvar": 0, "var": 0, "median": 1, "max": 1, "dmean": 0, "dmean2": 0, "mean": 1, "dvar2": 0, "min": 1}, "barkbands_skewness": {"dvar": 0.242712289095, "var": 1.27786147594, "median": 2.06306576729, "max": 8.63104152679, "dmean": 0.470511287451, "dmean2": 0.690406739712, "mean": 2.1589050293, "dvar2": 0.539265334606, "min": -3.73003315926}, "erbbands_skewness": {"dvar": 0.117380149662, "var": 0.598228812218, "median": 1.05706322193, "max": 6.02326869965, "dmean": 0.333682894707, "dmean2": 0.489807248116, "mean": 1.10257804394, "dvar2": 0.251414448023, "min": -3.60217213631}, "spectral_contrast_valleys": {"dvar": [0.124025523663, 0.0907541587949, 0.0732631832361, 0.0680523216724, 0.0833277180791, 0.141125574708], "var": [2.93211698532, 3.16360998154, 2.9223306179, 2.93417286873, 3.4252448082, 2.80492830276], "median": [-8.69521331787, -6.45640516281, -7.64412212372, -8.39067649841, -9.01844596863, -12.2203426361], "max": [-5.97390460968, -4.53920459747, -5.42123603821, -6.47093057632, -5.72619771957, -7.5108923912], "dmean": [0.412317156792, 0.319101899862, 0.28068754077, 0.251702070236, 0.236877933145, 0.268255889416], "dmean2": [0.684092819691, 0.515343606472, 0.446824640036, 0.393930971622, 0.349850445986, 0.359999358654], "mean": [-8.75391864777, -6.7027592659, -7.85275506973, -8.68401527405, -9.4194021225, -12.4178905487], "dvar2": [0.32799333334, 0.209123328328, 0.167110130191, 0.146631792188, 0.156413838267, 0.214528560638], "min": [-28.036605835, -28.0171661377, -27.763092041, -27.6485767365, -27.4661312103, -27.4455757141]}, "spectral_strongpeak": {"dvar": 0.207435622811, "var": 0.546094179153, "median": 0.912359654903, "max": 6.71741056442, "dmean": 0.37147539854, "dmean2": 0.613379955292, "mean": 1.04753792286, "dvar2": 0.507757544518, "min": 0}, "erbbands_crest": {"dvar": 5.61689472198, "var": 21.6220741272, "median": 10.58943367, "max": 30.5009727478, "dmean": 2.5017683506, "dmean2": 3.91555452347, "mean": 11.6311836243, "dvar2": 13.5097055435, "min": 2.2823843956}, "barkbands_crest": {"dvar": 4.25594377518, "var": 15.9489908218, "median": 11.2171955109, "max": 25.0477581024, "dmean": 2.14148783684, "dmean2": 3.39213418961, "mean": 11.8174142838, "dvar2": 10.910946846, "min": 2.47875213623}, "spectral_energyband_middle_low": {"dvar": 6.65699117235e-05, "var": 0.00028659417876, "median": 0.0211256388575, "max": 0.124894335866, "dmean": 0.00667646946386, "dmean2": 0.0101604592055, "mean": 0.0240444391966, "dvar2": 0.000159858944244, "min": 1.61159095387e-22}, "spectral_contrast_coeffs": {"dvar": [0.00125805696007, 0.00140304747038, 0.000753713247832, 0.000491340702865, 0.000347469263943, 0.000241539033595], "var": [0.010978858918, 0.00556426262483, 0.0041095954366, 0.00309900077991, 0.00327367358841, 0.00218240683898], "median": [-0.443955123425, -0.669759690762, -0.724469900131, -0.759931087494, -0.76630628109, -0.802386701107], "max": [-0.187680050731, -0.331304937601, -0.482460647821, -0.544663667679, -0.577122807503, -0.580992460251], "dmean": [0.0429273806512, 0.042994633317, 0.0322076752782, 0.0263898819685, 0.0206792037934, 0.0161175578833], "dmean2": [0.0696429237723, 0.0696384981275, 0.0515070818365, 0.0425092540681, 0.032598759979, 0.0251730829477], "mean": [-0.45104932785, -0.667191743851, -0.722899615765, -0.757448554039, -0.764243066311, -0.805379509926], "dvar2": [0.00338535988703, 0.00363092357293, 0.00184747669846, 0.00123045721557, 0.000782922666986, 0.000546088966075], "min": [-0.978629052639, -0.977329909801, -0.975781142712, -0.967887401581, -0.966783463955, -0.965246140957]}, "hfc": {"dvar": 29.1608867645, "var": 94.9470825195, "median": 10.4579200745, "max": 247.882141113, "dmean": 3.08210277557, "dmean2": 4.53474760056, "mean": 11.962729454, "dvar2": 61.1768188477, "min": 1.06763056844e-16}, "spectral_energyband_high": {"dvar": 3.05559012759e-07, "var": 6.30227532383e-07, "median": 1.02475842141e-05, "max": 0.024242548272, "dmean": 9.30790556595e-05, "dmean2": 0.000122305369587, "mean": 0.000145313970279, "dvar2": 5.84630754474e-07, "min": 7.07062355383e-21}, "erbbands_spread": {"dvar": 64.4077758789, "var": 276.79119873, "median": 17.2890319824, "max": 152.15586853, "dmean": 4.50347137451, "dmean2": 6.53211021423, "mean": 21.0095882416, "dvar2": 102.41330719, "min": 2.30772733688}, "dissonance": {"dvar": 0.000802832480986, "var": 0.00280459155329, "median": 0.415195852518, "max": 0.500000178814, "dmean": 0.0314285345376, "dmean2": 0.0525804013014, "mean": 0.406899064779, "dvar2": 0.00215287134051, "min": 0.143636837602}, "spectral_kurtosis": {"dvar": 217.543548584, "var": 1387.21813965, "median": 17.7868442535, "max": 287.652954102, "dmean": 10.6035680771, "dmean2": 17.8785362244, "mean": 31.7736816406, "dvar2": 603.685546875, "min": -1.26594042778}, "spectral_skewness": {"dvar": 0.544321417809, "var": 4.21991872787, "median": 3.03722453117, "max": 13.6864013672, "dmean": 0.674973130226, "dmean2": 1.11348712444, "mean": 3.65428519249, "dvar2": 1.49006319046, "min": -0.0732179954648}, "pitch_salience": {"dvar": 0.00317387026735, "var": 0.0115690082312, "median": 0.586049616337, "max": 0.86692905426, "dmean": 0.0608434043825, "dmean2": 0.0970706120133, "mean": 0.574870288372, "dvar2": 0.00807146728039, "min": 0.131826803088}, "spectral_complexity": {"dvar": 2.66823530197, "var": 23.863401413, "median": 12, "max": 41, "dmean": 1.63683509827, "dmean2": 2.65445423126, "mean": 12.480304718, "dvar2": 5.88293933868, "min": 0}, "spectral_spread": {"dvar": 760976179200, "var": 11037429465100.0, "median": 2017374, "max": 50688660, "dmean": 395731.84375, "dmean2": 563018.0625, "mean": 2536103.25, "dvar2": 1229824196610.0, "min": 264112.25}, "dynamic_complexity": 3.12486791611, "melbands_crest": {"dvar": 6.43424081802, "var": 24.3536338806, "median": 13.8635034561, "max": 32.4630889893, "dmean": 2.60381221771, "dmean2": 4.15801954269, "mean": 14.6180763245, "dvar2": 16.2629947662, "min": 1.58625996113}, "zerocrossingrate": {"dvar": 0.000108200394607, "var": 0.00178985472303, "median": 0.02294921875, "max": 0.52001953125, "dmean": 0.00474220095202, "dmean2": 0.00531959021464, "mean": 0.0304486267269, "dvar2": 9.7192452813e-05, "min": 0.00830078125}, "spectral_energyband_low": {"dvar": 2.239778496e-06, "var": 6.94718391969e-06, "median": 0.00095871090889, "max": 0.023878203705, "dmean": 0.000823832000606, "dmean2": 0.00128280208446, "mean": 0.00194827618543, "dvar2": 6.35308742858e-06, "min": 1.07064359829e-23}, "melbands_kurtosis": {"dvar": 56.6101760864, "var": 162.708786011, "median": 9.36093235016, "max": 221.89894104, "dmean": 4.86805582047, "dmean2": 7.33388805389, "mean": 12.8665885925, "dvar2": 127.487159729, "min": -1.78160893917}, "spectral_energyband_middle_high": {"dvar": 9.33120873015e-07, "var": 4.43638964498e-06, "median": 0.00134170788806, "max": 0.0403436236084, "dmean": 0.000526562565938, "dmean2": 0.00075653597014, "mean": 0.00187653233297, "dvar2": 1.78855282229e-06, "min": 1.21192097548e-21}, "barkbands_spread": {"dvar": 22.2620315552, "var": 79.0793075562, "median": 5.07125329971, "max": 122.670448303, "dmean": 2.00733280182, "dmean2": 2.86785364151, "mean": 7.12167835236, "dvar2": 35.976146698, "min": 0.545115768909}, "mfcc": {"mean": [-744.810668945, 204.129104614, -10.1318292618, 3.46440434456, -5.84362506866, -19.0347747803, -16.6409015656, -10.8676404953, -21.572429657, -8.67692661285, -8.78147506714, -15.3030509949, -5.67929458618], "cov": [[7527.20507813, -368.067108154, -1170.85522461, 761.198120117, -234.970977783, -445.951873779, -200.56048584, 9.09132957458, -247.067398071, 129.844726563, 42.1708984375, -226.663452148, 16.9170913696], [-368.067108154, 2142.90356445, -363.127288818, -291.380218506, 177.758224487, -99.0846405029, 75.7324142456, 18.4235420227, -43.1822814941, -30.5554218292, -50.7604408264, -2.51198458672, -39.6941413879], [-1170.85522461, -363.127288818, 1085.25927734, -191.966583252, 5.38912296295, 362.105926514, 102.331970215, 60.7522163391, 113.869018555, -16.5862751007, 12.7049455643, 64.0947570801, 14.1148700714], [761.198120117, -291.380218506, -191.966583252, 519.867980957, 26.2763614655, -31.9511127472, 45.0110244751, 35.6147766113, -0.909194648266, 3.31551790237, -1.27027773857, -19.5498199463, 31.9599189758], [-234.970977783, 177.758224487, 5.38912296295, 26.2763614655, 227.282699585, 47.1077232361, 18.4460487366, 28.8074817657, 50.1651725769, -6.95113182068, -26.5293083191, 43.7450180054, -3.6821231842], [-445.951873779, -99.0846405029, 362.105926514, -31.9511127472, 47.1077232361, 289.489990234, 85.4757156372, 36.7543296814, 77.9320983887, -22.5024490356, -2.77072715759, 34.2976493835, 0.176487103105], [-200.56048584, 75.7324142456, 102.331970215, 45.0110244751, 18.4460487366, 85.4757156372, 264.710388184, 65.06590271, 30.7267189026, 15.1568613052, 8.30902194977, 31.9554901123, -11.6424312592], [9.09132957458, 18.4235420227, 60.7522163391, 35