{"tonal": {"hpcp": {"dvar": [0.0236086733639, 0.0181899219751, 0.0193820986897, 0.0246681682765, 0.0305144246668, 0.037605188787, 0.0425397828221, 0.0377525240183, 0.0333443768322, 0.0329976566136, 0.0203142240644, 0.0167029928416, 0.0233634263277, 0.0258665699512, 0.0237605571747, 0.0349981151521, 0.0260543860495, 0.0155362412333, 0.0098501201719, 0.005440142937, 0.00798112899065, 0.0140643883497, 0.00877926498652, 0.0109825655818, 0.0135595779866, 0.0119718555361, 0.0122229196131, 0.0164743997157, 0.0245318710804, 0.0335182063282, 0.0504001118243, 0.0341135077178, 0.0266955159605, 0.0261248573661, 0.0236354153603, 0.0260159764439], "var": [0.0384874008596, 0.0203942433, 0.0206865984946, 0.0212549362332, 0.025170089677, 0.0808181092143, 0.137717887759, 0.0556615255773, 0.0613913871348, 0.0931613892317, 0.0295416954905, 0.0144093455747, 0.0185095537454, 0.022399995476, 0.0427596084774, 0.109751269221, 0.0559695251286, 0.0200290940702, 0.0127280531451, 0.00587827572599, 0.011446162127, 0.0295785684139, 0.0144657241181, 0.0120862331241, 0.0126461517066, 0.00875369738787, 0.0120136374608, 0.0216438062489, 0.0252198893577, 0.0633399784565, 0.134259924293, 0.0637594237924, 0.0236724633723, 0.0199202578515, 0.0174834076315, 0.0292478892952], "median": [0.0477559566498, 0.0328687950969, 0.0176990292966, 0.0164068974555, 0.0269483290613, 0.184400051832, 0.305461108685, 0.166937291622, 0.0284405946732, 0.0242761652917, 0.0300390794873, 0.0260168872774, 0.0190013460815, 0.0145641975105, 0.114714056253, 0.230417445302, 0.158199548721, 0.0342949070036, 0.0256996713579, 0.0210352614522, 0.0304472651333, 0.0303234569728, 0.0385184809566, 0.0323510691524, 0.0213485695422, 0.00767540000379, 0.0179919097573, 0.0285509936512, 0.0333718284965, 0.231543928385, 0.430187523365, 0.241679042578, 0.0219237804413, 0.00783781707287, 0.0148491375148, 0.0380402654409], "max": [1, 1, 1, 1, 1, 1, 1, 1, 1, 1, 1, 1, 1, 1, 1, 1, 1, 1, 1, 1, 1, 1, 1, 1, 1, 1, 1, 1, 1, 1, 1, 1, 1, 1, 1, 1], "dmean": [0.0736406669021, 0.0629600584507, 0.0580103211105, 0.0630803853273, 0.085234940052, 0.152361750603, 0.154151543975, 0.148927077651, 0.0977726504207, 0.082354195416, 0.0726875737309, 0.0576609633863, 0.0628939568996, 0.0702190175653, 0.10673803091, 0.137326732278, 0.123351827264, 0.0678886696696, 0.0489002801478, 0.0358763001859, 0.0458719134331, 0.0593491904438, 0.0510687790811, 0.0511800535023, 0.0490636005998, 0.0391240790486, 0.0475176535547, 0.0635000243783, 0.0838402435184, 0.155471086502, 0.17556476593, 0.157488554716, 0.0770507007837, 0.0554438941181, 0.0559559985995, 0.073584549129], "dmean2": [0.127650603652, 0.109482571483, 0.102037012577, 0.113103047013, 0.153780341148, 0.260423481464, 0.26131683588, 0.255436986685, 0.174092337489, 0.143471881747, 0.12608319521, 0.103992626071, 0.114161103964, 0.128626704216, 0.182969212532, 0.229105487466, 0.209205508232, 0.11966714263, 0.0844123214483, 0.0621914826334, 0.0786444842815, 0.0982006117702, 0.086234562099, 0.0891307368875, 0.0866003111005, 0.0709659829736, 0.0840056762099, 0.11115346849, 0.149407073855, 0.264098286629, 0.298320353031, 0.267899721861, 0.137892469764, 0.102821044624, 0.103395007551, 0.130321994424], "mean": [0.116523474455, 0.0832698121667, 0.0661412701011, 0.0631960481405, 0.0800134316087, 0.298729479313, 0.443148583174, 0.2471331954, 0.146059527993, 0.166554912925, 0.104175776243, 0.0650686398149, 0.0625430494547, 0.0674053430557, 0.192551448941, 0.353365957737, 0.243296995759, 0.0865423604846, 0.0669929608703, 0.0453158579767, 0.0701195299625, 0.102960847318, 0.0819897204638, 0.0681957602501, 0.0579239539802, 0.0360373258591, 0.0544602274895, 0.0821116045117, 0.0919784903526, 0.301007181406, 0.511057257652, 0.305764406919, 0.0733403861523, 0.0463106147945, 0.0512790717185, 0.0946281626821], "dvar2": [0.0619842782617, 0.0533087365329, 0.0539155267179, 0.0685126259923, 0.0859321504831, 0.106105610728, 0.101373367012, 0.110698953271, 0.0923341736197, 0.0825739949942, 0.0551389455795, 0.0469271913171, 0.0661607459188, 0.0736621543765, 0.0658647939563, 0.086131170392, 0.0729340910912, 0.0442493259907, 0.0265502296388, 0.0148499142379, 0.0219105370343, 0.0360428914428, 0.0227591246367, 0.0303100924939, 0.0376205146313, 0.0339310206473, 0.0334364250302, 0.0443610586226, 0.066670268774, 0.0939806997776, 0.121148243546, 0.0945763140917, 0.0738349705935, 0.0740819573402, 0.0679229274392, 0.0738359093666], "min": [0, 0, 0, 0, 0, 0, 0, 0, 0, 0, 0, 0, 0, 0, 0, 0, 0, 0, 0, 0, 0, 0, 0, 0, 0, 0, 0, 0, 0, 0, 0, 0, 0, 0, 0, 0]}, "key_key": "G", "thpcp": [1, 0.598297774792, 0.143507182598, 0.0906172692776, 0.100339189172, 0.185161560774, 0.228004738688, 0.162936359644, 0.129420474172, 0.123657472432, 0.156564518809, 0.584532320499, 0.867121219635, 0.483572423458, 0.285798758268, 0.32590264082, 0.203843653202, 0.127321630716, 0.122379727662, 0.131893917918, 0.376770794392, 0.691441059113, 0.476066023111, 0.169339850545, 0.131086990237, 0.0886708050966, 0.137204840779, 0.201466366649, 0.160431578755, 0.133440554142, 0.113341420889, 0.0705152377486, 0.106563843787, 0.16067007184, 0.17997688055, 0.588989138603], "chords_key": "G", "tuning_equal_tempered_deviation": 0.0234971381724, "tuning_frequency": 441.272583008, "tuning_diatonic_strength": 0.567528307438, "chords_histogram": [76.4192123413, 4.60194826126, 1.66274774075, 1.14208936691, 0.151158884168, 0, 1.47799801826, 0, 0, 0, 1.52838432789, 0, 0, 0, 0, 1.22606647015, 0.100772589445, 1.24286198616, 0, 0, 0, 0.184749752283, 5.3241519928, 4.93785667419], "key_strength": 0.743319094181, "key_scale": "major", "chords_strength": {"dvar": 0.000354363233782, "var": 0.0116154840216, "median": 0.587046265602, "max": 0.773516595364, "dmean": 0.00646177120507, "dmean2": 0.00599601399153, "mean": 0.574129581451, "dvar2": 0.000637986289803, "min": -1}, "chords_number_rate": 0.00167954317294, "tuning_nontempered_energy_ratio": 0.626366317272, "hpcp_entropy": {"dvar": 0.22422413528, "var": 0.492255210876, "median": 1.8464217186, "max": 4.07768535614, "dmean": 0.534761846066, "dmean2": 0.888105154037, "mean": 1.81361567974, "dvar2": 0.559916675091, "min": 0}, "chords_changes_rate": 0.0216661076993, "chords_scale": "major"}, "rhythm": {"bpm_histogram_first_peak_spread": {"dvar": 0, "var": 0, "median": 0, "max": 0, "dmean": 0, "dmean2": 0, "mean": 0, "dvar2": 0, "min": 0}, "bpm_histogram_first_peak_weight": {"dvar": 0, "var": 0, "median": 0.294488191605, "max": 0.294488191605, "dmean": 0, "dmean2": 0, "mean": 0.294488191605, "dvar2": 0, "min": 0.294488191605}, "bpm_histogram_first_peak_bpm": {"dvar": 0, "var": 0, "median": 172, "max": 172, "dmean": 0, "dmean2": 0, "mean": 172, "dvar2": 0, "min": 172}, "bpm": 172.26600647, "bpm_histogram_second_peak_weight": {"dvar": 0, "var": 0, "median": 0.195275589824, "max": 0.195275589824, "dmean": 0, "dmean2": 0, "mean": 0.195275589824, "dvar2": 0, "min": 0.195275589824}, "beats_loudness": {"dvar": 8.30536228023e-05, "var": 0.000283339468297, "median": 0.0209960341454, "max": 0.0888191908598, "dmean": 0.0101477662101, "dmean2": 0.0182915013283, "mean": 0.0266333948821, "dvar2": 0.000255299470155, "min": 2.56932235904e-12}, "beats_loudness_band_ratio": {"dvar": [0.0180230364203, 0.00659339781851, 0.00495840376243, 0.00300406455062, 0.00553605053574, 0.00213975901715], "var": [0.0357391312718, 0.0105600953102, 0.00731546478346, 0.0056878994219, 0.0104133794084, 0.00195441977121], "median": [0.497821450233, 0.160819008946, 0.108602978289, 0.0778719782829, 0.107017457485, 0.0351037681103], "max": [0.96238976717, 0.65552431345, 0.650750517845, 0.463650792837, 0.629715502262, 0.509724915028], "dmean": [0.175734400749, 0.0961488038301, 0.0718671381474, 0.0527621544898, 0.0796621367335, 0.036955870688], "dmean2": [0.30172470212, 0.165152594447, 0.122522324324, 0.0896771475673, 0.137616142631, 0.0672803968191], "mean": [0.493240296841, 0.176141113043, 0.127168431878, 0.0939480736852, 0.129944741726, 0.0446276143193], "dvar2": [0.0501336343586, 0.0197555162013, 0.0138306645676, 0.00848225783557, 0.015481476672, 0.00584986247122], "min": [0, 0, 0, 0, 0, 0]}, "bpm_histogram_second_peak_bpm": {"dvar": 0, "var": 0, "median": 167, "max": 167, "dmean": 0, "dmean2": 0, "mean": 167, "dvar2": 0, "min": 167}, "onset_rate": 2.47799134254, "beats_count": 636, "beats_position": [0.406349211931, 0.824308395386, 1.25387752056, 1.66022670269, 2.0549659729, 2.4497051239, 2.83283448219, 3.20435357094, 3.5758728981, 3.94739222527, 4.31891155243, 4.69043064117, 5.06195020676, 5.4334692955, 5.80498838425, 6.17650794983, 6.54802703857, 6.90793657303, 7.26784563065, 7.63936471939, 8.01088428497, 8.38240337372, 8.75392246246, 9.11383247375, 9.47374153137, 9.84526062012, 10.2051696777, 10.5650787354, 10.9365987778, 11.2965078354, 11.656416893, 12.0279359818, 12.3994560242, 12.7593650818, 13.1192741394, 13.479183197, 13.8390922546, 14.2106122971, 14.5705213547, 14.9304304123, 15.2903394699, 15.6502494812, 15.9985485077, 16.3584575653, 16.7299766541, 17.0898857117, 17.4497947693, 17.8097057343, 18.1696147919, 18.5295238495, 18.877822876, 19.2377319336, 19.5976409912, 19.9575500488, 20.3174591064, 20.6889801025, 21.0604991913, 21.4204082489, 21.7803173065, 22.128616333, 22.4885253906, 22.8484344482, 23.1967334747, 23.5566444397, 23.9281635284, 24.2880725861, 24.6363716125, 24.9962806702, 25.3677997589, 25.7277088165, 26.0876178741, 26.4475269318, 26.8074378967, 27.1673469543, 27.5156459808, 27.8755550385, 28.2238540649, 28.5837631226, 28.932062149, 29.2803630829, 29.6402721405, 30.0001811981, 30.3484802246, 30.7083892822, 31.0682983398, 31.4165973663, 31.7648983002, 32.1248054504, 32.4847145081, 32.8330154419, 33.1813163757, 33.5296134949, 33.8779144287, 34.2262115479, 34.5745124817, 34.9228096008, 35.2827186584, 35.6426315308, 35.9909286499, 36.3508377075, 36.7107467651, 37.059047699, 37.4189567566, 37.7788658142, 38.1387748718, 38.4986839294, 38.8469848633, 39.1952819824, 39.55519104, 39.9151000977, 40.2634010315, 40.6116981506, 40.9716110229, 41.3315200806, 41.6798171997, 42.0281181335, 42.3764152527, 42.7363243103, 43.0962333679, 43.467754364, 43.8508834839, 44.2340126038, 44.6287536621, 45.0234909058, 45.4182319641, 45.8129692078, 46.2193183899, 46.6024475098, 46.9739685059, 47.3338775635, 47.6937866211, 48.0653038025, 48.4368247986, 48.7967338562, 49.1566429138, 49.5165519714, 49.8764610291, 50.2247619629, 50.573059082, 50.9329681396, 51.2928771973, 51.6411781311, 52.0010871887, 52.3609962463, 52.720905304, 53.0692062378, 53.4291152954, 53.789024353, 54.1489334106, 54.4972343445, 54.8571434021, 55.2170524597, 55.5653495789, 55.9136505127, 56.2619476318, 56.6218566895, 56.9817695618, 57.3300666809, 57.6899757385, 58.0498847961, 58.39818573, 58.7464828491, 59.1063919067, 59.4663009644, 59.8262138367, 60.1745109558, 60.5228118896, 60.8827209473, 61.2426300049, 61.590927124, 61.9508361816, 62.310749054, 62.6706581116, 63.0189552307, 63.3672561646, 63.7155532837, 64.0638504028, 64.4121551514, 64.7604522705, 65.0971450806, 65.4570541382, 65.8053512573, 66.1536483765, 66.5019454956, 66.8502502441, 67.1985473633, 67.5468444824, 67.895149231, 68.2434463501, 68.5917434692, 68.9400405884, 69.3115615845, 69.659866333, 70.0081634521, 70.3680725098, 70.7279815674, 71.087890625, 71.4477996826, 71.7960968018, 72.1444015503, 72.4926986694, 72.8409957886, 73.1892929077, 73.5375976562, 73.8858947754, 74.2341918945, 74.5941009521, 74.9540100098, 75.3023147583, 75.6506118774, 75.9989089966, 76.3472061157, 76.6955108643, 77.0554199219, 77.4153289795, 77.7636260986, 78.1119232178, 78.4602279663, 78.796913147, 79.1452102661, 79.4935150146, 79.8418121338, 80.1901092529, 80.5500183105, 80.8983230591, 81.2466201782, 81.5949172974, 81.9432220459, 82.291519165, 82.6398162842, 82.9881134033, 83.3364181519, 83.684715271, 84.0214080811, 84.3580932617, 84.7063903809, 85.0546951294, 85.4029922485, 85.7512893677, 86.1111984253, 86.4595031738, 86.7961883545, 87.1444854736, 87.4927902222, 87.8410873413, 88.1893844604, 88.537689209, 88.8743743896, 89.2342834473, 89.5825805664, 89.9308853149, 90.2907943726, 90.6507034302, 91.0106124878, 91.3705215454, 91.730430603, 92.0903396606, 92.4502487183, 92.8101577759, 93.1700668335, 93.5299758911, 93.8898849487, 94.2497940063, 94.609703064, 94.9696121216, 95.3179092407, 95.6662139893, 96.0261230469, 96.374420166, 96.7227172852, 97.0826263428, 97.4309310913, 97.7792282104, 98.1275253296, 98.4758224487, 98.8357315063, 99.1956481934, 99.5439453125, 99.8922424316, 100.240539551, 100.588844299, 100.937141418, 101.285438538, 101.633743286, 101.993652344, 102.341949463, 102.690246582, 103.05015564, 103.410064697, 103.758361816, 104.106666565, 104.466575623, 104.814872742, 105.163169861, 105.511474609, 105.859771729, 106.208068848, 106.544761658, 106.893058777, 107.241355896, 107.601264954, 107.949569702, 108.297866821, 108.64616394, 108.994468689, 109.33115387, 109.66784668, 110.00453186, 110.34122467, 110.677909851, 111.0262146, 111.386123657, 111.734420776, 112.071105957, 112.419410706, 112.756095886, 113.104400635, 113.452697754, 113.800994873, 114.149291992, 114.497596741, 114.84589386, 115.194190979, 115.542495728, 115.890792847, 116.239089966, 116.587387085, 116.935691833, 117.283988953, 117.620681763, 117.957366943, 118.305664062, 118.653968811, 118.990653992, 119.338951111, 119.687255859, 120.035552979, 120.372245789, 120.720542908, 121.057228088, 121.405532837, 121.742218018, 122.090522766, 122.438819885, 122.787117004, 123.123809814, 123.460494995, 123.808792114, 124.157096863, 124.505393982, 124.853691101, 125.20199585, 125.550292969, 125.898590088, 126.246894836, 126.595191956, 126.931877136, 127.268569946, 127.616867065, 127.965164185, 128.313461304, 128.661773682, 128.998458862, 129.335144043, 129.683441162, 130.020126343, 130.356826782, 130.705123901, 131.053421021, 131.390106201, 131.726806641, 132.07510376, 132.41178894, 132.748474121, 133.085174561, 133.421859741, 133.758544922, 134.095230103, 134.431930542, 134.768615723, 135.093688965, 135.430389404, 135.767074585, 136.115371704, 136.463668823, 136.800354004, 137.137054443, 137.462127686, 137.787200928, 138.123901367, 138.460586548, 138.797271729, 139.145568848, 139.482269287, 139.830566406, 140.167251587, 140.503936768, 140.829025269, 141.154098511, 141.50239563, 141.850692749, 142.187393188, 142.524078369, 142.872375488, 143.220672607, 143.557373047, 143.894058228, 144.242355347, 144.590652466, 144.927337646, 145.264038086, 145.612335205, 145.937408447, 146.274108887, 146.610794067, 146.947479248, 147.284164429, 147.620864868, 147.957550049, 148.294235229, 148.63092041, 148.956008911, 149.281082153, 149.606170654, 149.931243896, 150.244720459, 150.569793701, 150.894866943, 151.208343506, 151.533416748, 151.870117188, 152.206802368, 152.555099487, 152.903396606, 153.414230347, 153.936691284, 154.621673584, 155.318267822, 155.991653442, 156.665023804, 157.338409424, 158.035003662, 158.708389282, 159.381759644, 160.066757202, 160.751739502, 161.436737061, 162.12171936, 162.80670166, 163.491699219, 164.16506958, 164.850067139, 165.5234375, 166.208435059, 166.88180542, 167.55519104, 168.228561401, 168.901947021, 169.563720703, 170.237091064, 170.898864746, 171.572235107, 172.234008789, 172.895782471, 173.569152832, 174.265762329, 174.93913269, 175.600906372, 176.262680054, 176.936050415, 177.609436035, 178.282806396, 178.956192017, 179.629562378, 180.279724121, 180.941497803, 181.580047607, 182.206985474, 182.857131958, 183.507293701, 184.157455444, 184.819229126, 185.480987549, 186.154373169, 186.816146851, 187.477905273, 188.139678955, 188.801452637, 189.451599121, 190.113372803, 190.775146484, 191.436920166, 192.098678589, 192.760452271, 193.422225952, 194.072372437, 194.72253418, 195.384307861, 196.046066284, 196.696228027, 197.369613647, 198.019775391, 198.669921875, 199.320083618, 199.9818573, 200.643630981, 201.293777466, 201.955551147, 202.605712891, 203.255874634, 203.906021118, 204.544570923, 205.194732666, 205.844894409, 206.495056152, 207.145217896, 207.79536438, 208.457138062, 209.118911743, 209.769073486, 210.430831909, 211.092605591, 211.742767334, 212.392913818, 213.043075562, 213.693237305, 214.343399048, 214.981948853, 215.620498657, 216.2706604, 216.920806885, 217.547744751, 218.174682617, 218.813232422, 219.440170288, 220.067123413, 220.705657959, 221.332611084, 221.982757568, 222.621307373, 223.271469116, 223.910018921, 224.548568726, 225.18711853, 225.825668335, 226.46421814, 227.114364624, 227.741317749, 228.368255615, 229.00680542, 229.645339966, 230.283889771, 230.922439575, 231.572601318, 232.211151123, 232.849700928, 233.499862671, 234.150024414, 234.788574219, 235.427108765, 236.077270508, 236.715820312, 237.354370117, 237.981307983, 238.60824585, 239.258407593, 239.896957397, 240.535507202, 241.174057007, 241.812606812, 242.451156616, 243.089706421, 243.716644287, 244.366790771, 244.993743896, 245.620681763, 246.259231567, 246.897766113, 247.524719238, 248.151657104, 248.778594971, 249.405532837, 250.032470703, 250.659408569, 251.263122559, 251.878448486, 252.493789673, 253.120727539, 253.747665405, 254.362991333, 254.989929199, 255.605255127, 256.208984375, 256.824310303, 257.381591797, 257.938873291, 258.496154785, 259.053405762, 259.610687256, 260.063476562, 260.504669189, 260.945831299, 261.398620605, 261.851409912, 262.304199219, 262.768615723, 263.221405029, 263.662567139, 264.115356445, 264.568145752, 265.020935059, 265.473724365, 265.926513672, 266.379302979, 266.832092285, 267.284881592, 267.726074219, 268.167236328, 268.608428955, 269.037994385, 269.467559814, 269.908752441, 270.349914551, 270.756286621, 271.174224854, 271.592193604, 271.998535156, 272.404907227, 272.811248779, 273.217590332, 273.623931885, 274.030303955, 274.425018311, 274.831390381, 275.237731934, 275.644073486], "danceability": 1.06420278549, "bpm_histogram_second_peak_spread": {"dvar": 0, "var": 0, "median": 0, "max": 0, "dmean": 0, "dmean2": 0, "mean": 0, "dvar2": 0, "min": 0}}, "lowlevel": {"spectral_flux": {"dvar": 0.000728183891624, "var": 0.00179755000863, "median": 0.0610558725893, "max": 0.282350927591, "dmean": 0.0184212829918, "dmean2": 0.0290619917214, "mean": 0.0695930942893, "dvar2": 0.00145699223503, "min": 6.43646108633e-11}, "spectral_rolloff": {"dvar": 309426.59375, "var": 2159749.75, "median": 1744.18945312, "max": 19379.8828125, "dmean": 337.970001221, "dmean2": 585.221923828, "mean": 1660.76208496, "dvar2": 761699.4375, "min": 107.666015625}, "barkbands_flatness_db": {"dvar": 0.00038661446888, "var": 0.00293057272211, "median": 0.136264652014, "max": 0.444575041533, "dmean": 0.0167160425335, "dmean2": 0.0258582234383, "mean": 0.140700012445, "dvar2": 0.000916809483897, "min": 0.0276078656316}, "spectral_centroid": {"dvar": 56875.9492188, "var": 628038.9375, "median": 1375.7076416, "max": 11639.1484375, "dmean": 188.036560059, "dmean2": 306.698791504, "mean": 1374.93920898, "dvar2": 138152.125, "min": 145.661315918}, "melbands_skewness": {"dvar": 0.634968221188, "var": 2.04215431213, "median": 1.8261961937, "max": 14.3160972595, "dmean": 0.606211960316, "dmean2": 0.996970772743, "mean": 2.09807133675, "dvar2": 1.64463293552, "min": -1.09699141979}, "melbands": {"dvar": [1.98951468633e-07, 6.12849726167e-06, 2.76545188171e-06, 2.96576189385e-07, 3.68880286317e-08, 4.25659116843e-08, 3.72269965965e-08, 2.72883511343e-08, 2.00936298711e-08, 6.95300350628e-09, 1.91737967725e-08, 1.97729939089e-08, 1.69581717557e-08, 8.75268479916e-09, 7.42423544864e-09, 8.90118023733e-09, 1.20568861561e-08, 2.69574718104e-09, 9.97758053956e-09, 9.99310412197e-09, 2.05309080847e-09, 4.17903001093e-09, 7.92229615243e-10, 2.17010118209e-10, 1.62724778097e-10, 1.34175809352e-10, 5.34508062811e-11, 2.75076506712e-11, 1.62845934654e-11, 1.19875550458e-11, 1.21881315804e-11, 6.59430886632e-12, 5.23396994148e-12, 2.29802136521e-12, 1.3955259474e-12, 8.26091040192e-13, 6.84329654575e-13, 3.0711181211e-13, 1.67811728055e-13, 1.04413209307e-13], "var": [2.27470863479e-07, 5.99852955929e-06, 2.10899202102e-06, 2.82003611574e-07, 7.99796566753e-08, 1.27057504073e-07, 1.24770565435e-07, 6.23614582196e-08, 5.5613000427e-08, 1.49258312376e-08, 4.96293246499e-08, 3.45800579282e-08, 4.93765028864e-08, 2.77072764732e-08, 2.20138556273e-08, 1.95066842679e-08, 3.74346846854e-08, 8.20963741432e-09, 2.18817923781e-08, 2.1297177355e-08, 5.62904212131e-09, 1.02073673958e-08, 1.83795467734e-09, 5.81118042575e-10, 3.69105634945e-10, 3.1934802025e-10, 1.76160780407e-10, 8.77777989183e-11, 3.91393827071e-11, 3.36985474247e-11, 4.46355175043e-11, 2.06810350095e-11, 2.01528897736e-11, 7.95957830896e-12, 5.34139182537e-12, 3.27187322374e-12, 2.5444110794e-12, 9.59983503281e-13, 4.75773608878e-13, 2.68143526046e-13], "median": [4.22106750193e-05, 0.0013629256282, 0.000943866791204, 0.000230969613767, 0.000185062759556, 0.000264733593212, 0.000210910395253, 0.00010116994963, 6.545643555e-05, 2.61073510046e-05, 5.02115144627e-05, 3.34275755449e-05, 5.68646501051e-05, 4.01310244342e-05, 4.5038490498e-05, 3.10580689984e-05, 2.65690723609e-05, 3.78946424462e-05, 6.03268381383e-05, 4.8650737881e-05, 2.92424956569e-05, 2.82230139419e-05, 1.58411676239e-05, 7.54931897973e-06, 3.97468102165e-06, 2.44363855018e-06, 2.76097989627e-06, 2.54207043326e-06, 1.64205289366e-06, 1.16120645544e-06, 7.8017933447e-07, 7.07510366738e-07, 7.02620923221e-07, 4.2382177412e-07, 2.95548318263e-07, 2.66241158897e-07, 2.59908290445e-07, 1.83917933327e-07, 1.03080935787e-07, 8.22149104351e-08], "max": [0.00694898143411, 0.0274247340858, 0.0164493415505, 0.00953202787787, 0.00622611679137, 0.00423812028021, 0.00419565150514, 0.00482995528728, 0.00364182842895, 0.00330059067346, 0.00318633695133, 0.00594462780282, 0.00370957935229, 0.00224386388436, 0.00161456118803, 0.00197649677284, 0.0027529024519, 0.00112129026093, 0.0031144565437, 0.00343925575726, 0.000875421625096, 0.00390012050048, 0.000492353283335, 0.000357173586963, 0.00037611022708, 0.000215469161049, 0.000153265878907, 0.000107919186121, 6.52657909086e-05, 5.48392017663e-05, 0.000111827372166, 5.78675972065e-05, 4.38879033027e-05, 2.76801074506e-05, 2.7479542041e-05, 1.74457472895e-05, 1.71498722921e-05, 1.22984565678e-05, 1.3713592125e-05, 8.36893741507e-06], "dmean": [0.000189313184819, 0.00124539982062, 0.000791772792581, 0.000261610810412, 0.000116999093734, 0.000147106853547, 0.000129290885525, 8.92795142136e-05, 7.18441515346e-05, 3.0858835089e-05, 6.77115604049e-05, 4.2162497266e-05, 6.90035958542e-05, 4.99569068779e-05, 4.8898953537e-05, 4.31695043517e-05, 4.76709283248e-05, 3.17562298733e-05, 5.9898258769e-05, 5.56364320801e-05, 2.66160350293e-05, 3.06493529934e-05, 1.63046006492e-05, 8.00711404736e-06, 6.05639252171e-06, 5.6341364143e-06, 3.91914545617e-06, 2.91184346679e-06, 2.12379063669e-06, 1.76662922513e-06, 1.76799903784e-06, 1.33917990297e-06, 1.1969523257e-06, 7.830129789e-07, 6.13784038705e-07, 4.55623393236e-07, 4.06612059578e-07, 2.61281769554e-07, 1.83750998417e-07, 1.41579803881e-07], "dmean2": [0.000314052536851, 0.00218457705341, 0.00140737637412, 0.000448841630714, 0.000185236378456, 0.00023127606255, 0.000197939210921, 0.000142078832141, 0.000109906308353, 4.85342497996e-05, 9.95686568785e-05, 6.75572955515e-05, 0.000104307044239, 7.64326396165e-05, 7.54212596803e-05, 6.97919313097e-05, 7.48255770304e-05, 5.09581150254e-05, 0.000100173980172, 9.39417805057e-05, 4.4504788093e-05, 5.10918507644e-05, 2.77904346149e-05, 1.36224616654e-05, 1.02468702607e-05, 9.70629935182e-06, 6.66987580189e-06, 4.83842177346e-06, 3.52111169377e-06, 2.89667991638e-06, 2.89527724817e-06, 2.1734447273e-06, 1.93102027879e-06, 1.25097767523e-06, 9.74168642642e-07, 7.1601698437e-07, 6.33440265574e-07, 3.95629768946e-07, 2.81588086182e-07, 2.07726927215e-07], "mean": [0.000283238478005, 0.00208305986598, 0.00126240763348, 0.000385882158298, 0.000261618406512, 0.000366526364814, 0.000322848005453, 0.000178472342668, 0.000143622950418, 5.979440175e-05, 0.000133150475449, 8.06391690276e-05, 0.000136007613037, 0.000102705904283, 0.000102868929389, 7.92335558799e-05, 9.20670718187e-05, 7.14785128366e-05, 0.000110915316327, 9.68612148426e-05, 5.46157825738e-05, 5.91696552874e-05, 3.11467520078e-05, 1.69536942849e-05, 1.24380439956e-05, 1.09771581265e-05, 8.69333416631e-06, 6.52725748296e-06, 4.35284982814e-06, 3.80451115234e-06, 4.09505673815e-06, 2.9222401281e-06, 2.89398872155e-06, 1.76799801466e-06, 1.42864337249e-06, 1.10177404622e-06, 9.87575162981e-07, 6.00169812515e-07, 4.04839283874e-07, 2.97956404438e-07], "dvar2": [5.12876169978e-07, 1.69197282958e-05, 7.73888041294e-06, 8.09430730442e-07, 9.39271984635e-08, 1.09137282323e-07, 9.08694772761e-08, 7.1100146215e-08, 5.12312787748e-08, 1.83890165317e-08, 4.65101592795e-08, 5.38482538559e-08, 4.15762251293e-08, 2.05881161008e-08, 1.81161645685e-08, 2.27326193425e-08, 2.72281219793e-08, 6.84674272833e-09, 2.70623505827e-08, 2.7147466497e-08, 5.45806777552e-09, 1.04538067092e-08, 2.25902607731e-09, 6.17306206152e-10, 4.68095451289e-10, 3.87922721723e-10, 1.48552906087e-10, 7.4766949576e-11, 4.37130921738e-11, 3.1241280396e-11, 3.27609189776e-11, 1.69110715015e-11, 1.33078747674e-11, 5.79784787888e-12, 3.3614315758e-12, 1.96365363206e-12, 1.62253056043e-12, 6.70007452297e-13, 3.87733329601e-13, 2.10675823575e-13], "min": [2.83390292984e-24, 2.13018575427e-24, 2.02290402382e-24, 2.90051611961e-24, 3.25027456245e-24, 1.80484157037e-24, 2.79012075517e-24, 1.31794991435e-24, 2.4408592947e-24, 4.67239395377e-24, 2.42667103967e-24, 2.60117022735e-24, 2.66688589063e-24, 4.2017437605e-24, 4.17395297967e-24, 4.1391429145e-24, 4.45055403988e-24, 4.07561121264e-24, 4.35642912882e-24, 5.14890932787e-24, 4.79145870235e-24, 3.19424098349e-24, 3.06230182773e-24, 3.63366963986e-24, 4.33322636301e-24, 4.98533625816e-24, 4.39956443755e-24, 5.19971354789e-24, 5.97857958544e-24, 5.835580797e-24, 5.71884082151e-24, 5.5889189803e-24, 5.79448587701e-24, 5.86159742966e-24, 6.85689416187e-24, 7.44939496601e-24, 6.40100395057e-24, 6.84514486755e-24, 6.83590967293e-24, 6.06231914269e-24]}, "spectral_decrease": {"dvar": 8.71717919248e-18, "var": 1.59604035971e-17, "median": -5.01642372086e-09, "max": 1.31239017349e-28, "dmean": 1.70215452844e-09, "dmean2": 2.89415091892e-09, "mean": -5.94415894284e-09, "dvar2": 2.36421172716e-17, "min": -3.02965119658e-08}, "barkbands_kurtosis": {"dvar": 22.6618404388, "var": 39.9939041138, "median": -0.172247290611, "max": 129.197219849, "dmean": 1.89248800278, "dmean2": 3.26837825775, "mean": 2.0258641243, "dvar2": 63.5741729736, "min": -1.85140192509}, "silence_rate_30dB": {"dvar": 0, "var": 0, "median": 1, "max": 1, "dmean": 0, "dmean2": 0, "mean": 1, "dvar2": 0, "min": 1}, "gfcc": {"mean": [-15.6177453995, 110.322654724, -136.994567871, 32.4597015381, -49.9279823303, 10.7035942078, -45.4756278992, -5.45515108109, -17.6172676086, -4.66454792023, -17.7379779816, -7.28467988968, -12.1161661148], "cov": [[14028.8310547, -1293.68603516, -1031.79431152, 135.559082031, -599.118164062, 589.387878418, -396.243988037, 387.520446777, -361.48046875, 291.249450684, -211.35824585, 256.993743896, -250.882217407], [-1293.68603516, 1576.75720215, -301.396118164, -126.426826477, 78.1514205933, -202.885238647, 109.843360901, -211.071731567, 230.500839233, -215.695129395, 118.792762756, -171.566970825, 125.113502502], [-1031.79431152, -301.396118164, 848.305725098, 5.19422912598, -52.3515281677, 67.3670501709, -15.5808801651, -48.6096343994, -18.5263710022, 112.779853821, -52.3898735046, 51.735294342, -28.6880931854], [135.559082031, -126.426826477, 5.19422912598, 341.838928223, 11.5075340271, -31.8906707764, 12.5042448044, 14.9584407806, 13.9965925217, 25.5295562744, 35.5579147339, -31.5715084076, 5.41135978699], [-599.118164062, 78.1514205933, -52.3515281677, 11.5075340271, 326.014831543, -24.4104232788, 63.8282241821, 37.725528717, 29.2741622925, -23.3049564362, 21.9815540314, 23.973903656, -4.48431634903], [589.387878418, -202.885238647, 67.3670501709, -31.8906707764, -24.4104232788, 228.751235962, 23.8311634064, 14.4452190399, -38.2402915955, 48.7560005188, -20.3527584076, 54.0149612427, -23.9466209412], [-396.243988037, 109.843360901, -15.5808801651, 12.5042448044, 63.8282241821, 23.8311634064, 201.561584473, 3.97097945213, 26.458562851, -23.9322319031, 27.6347026825, -6.85638570786, -2.46660804749], [387.520446777, -211.071731567, -48.6096343994, 14.9584407806, 37.725528717, 14.4452190399, 3.97097945213, 161.583236694, -28.757856369, 13.3312778473, -17.8248615265, 20.7958488464, -19.9029941559], [-361.48046875, 230.500839233, -18.5263710022, 13.9965925217, 29.2741622925, -38.2402915955, 26.458562851, -28.757856369, 120.844711304, -9.57413864136, 21.5827083588, -32.5063591003, 24.0858821869], [291.249450684, -215.695129395, 112.779853821, 25.5295562744, -23.3049564362, 48.7560005188, -23.9322319031, 13.3312778473, -9.57413864136, 102.238311768, -0.173938184977, 30.8792266846, -25.2736740112], [-211.35824585, 118.792762756, -52.3898735046, 35.5579147339, 21.9815540314, -20.3527584076, 27.6347026825, -17.8248615265, 21.5827083588, -0.173938184977, 81.0627593994, 3.9351234436, 7.79042673111], [256.993743896, -171.566970825, 51.735294342, -31.5715084076, 23.973903656, 54.0149612427, -6.85638570786, 20.7958488464, -32.5063591003, 30.8792266846, 3.9351234436, 92.915184021, -7.99833059311], [-250.882217407, 125.113502502, -28.6880931854, 5.41135978699, -4.48431634903, -23.9466209412, -2.46660804749, -19.9029941559, 24.0858821869, -25.2736740112, 7.79042673111, -7.99833059311, 57.2503166199]], "icov": [[0.000184941251064, -0.000249002041528, 0.000385506049497, -0.000348632689565, 0.000393691123463, -0.00030562421307, 0.000237140411627, -0.000304758083075, 0.000235205880017, -0.000586853420828, 0.000817135674879, -0.000830807432067, 0.000802722352091], [-0.000249002041528, 0.00268830149435, -0.000438727380242, 0.00175221683457, -0.000889644259587, 0.000517454813235, -0.000531773723196, 0.00197107926942, -0.0026303215418, 0.00350151234306, -0.00385782378726, 0.00377584737726, -0.00283764931373], [0.000385506049497, -0.000438727380242, 0.00238758418709, -0.000811238423921, 0.000893281889148, -0.000441847718321, 0.000129658044898, 0.000286708789645, 0.000363546569133, -0.002846715739, 0.00305900559761, -0.00241545937024, 0.0017482828116], [-0.000348632689565, 0.00175221683457, -0.000811238423921, 0.00483321538195, -0.00116446206812, 0.000894885044545, -0.000702754303347, 0.0007549712318, -0.00120916869491, 0.0009347749874, -0.00476520042866, 0.00502568809316, -0.00343315652572], [0.000393691123463, -0.000889644259587, 0.000893281889148, -0.00116446206812, 0.00470259832218, -5.10185600433e-05, -0.000412430992583, -0.0017142399447, -0.000478612782899, -0.000449492683401, 0.00193051819224, -0.00428797211498, 0.003101575654], [-0.00030562421307, 0.000517454813235, -0.000441847718321, 0.000894885044545, -5.10185600433e-05, 0.00664289668202, -0.00206707604229, 0.000963255995885, 0.000309034308884, -0.00128146901261, 0.000416101742303, -0.0014101464767, -0.000705090467818], [0.000237140411627, -0.000531773723196, 0.000129658044898, -0.000702754303347, -0.000412430992583, -0.00206707604229, 0.00659950263798, -0.0010640231194, -0.000689791631885, 0.00144845375326, -0.00112440797966, -0.000385879306123, 0.00237896107137], [-0.000304758083075, 0.00197107926942, 0.000286708789645, 0.0007549712318, -0.0017142399447, 0.000963255995885, -0.0010640231194, 0.00923341140151, -0.000777827866841, 0.00147392239887, -0.000507084303536, 0.00150026893243, -0.000881455547642], [0.000235205880017, -0.0026303215418, 0.000363546569133, -0.00120916869491, -0.000478612782899, 0.000309034308884, -0.000689791631885, -0.000777827866841, 0.0141006773338, -0.00595974735916, 0.00188694021199, 0.000619510072283, -0.00186645367648], [-0.000586853420828, 0.00350151234306, -0.002846715739, 0.0009347749874, -0.000449492683401, -0.00128146901261, 0.00144845375326, 0.00147392239887, -0.00595974735916, 0.0216986909509, -0.00789676420391, 0.00181197049096, 0.00167905190028], [0.000817135674879, -0.00385782378726, 0.00305900559761, -0.00476520042866, 0.00193051819224, 0.000416101742303, -0.00112440797966, -0.000507084303536, 0.00188694021199, -0.00789676420391, 0.0235477406532, -0.0106876268983, 0.0051180543378], [-0.000830807432067, 0.00377584737726, -0.00241545937024, 0.00502568809316, -0.00428797211498, -0.0014101464767, -0.000385879306123, 0.00150026893243, 0.000619510072283, 0.00181197049096, -0.0106876268983, 0.0239690244198, -0.0086563155055], [0.000802722352091, -0.00283764931373, 0.0017482828116, -0.00343315652572, 0.003101575654, -0.000705090467818, 0.00237896107137, -0.000881455547642, -0.00186645367648, 0.00167905190028, 0.0051180543378, -0.0086563155055, 0.0277514848858]]}, "silence_rate_20dB": {"dvar": 0, "var": 0, "median": 1, "max": 1, "dmean": 0, "dmean2": 0, "mean": 1, "dvar2": 0, "min": 1}, "barkbands_skewness": {"dvar": 0.314114063978, "var": 1.27281153202, "median": 0.882200062275, "max": 7.55734586716, "dmean": 0.449331998825, "dmean2": 0.740004599094, "mean": 1.08113801479, "dvar2": 0.837284862995, "min": -2.16173148155}, "erbbands_skewness": {"dvar": 0.0744231045246, "var": 0.434852212667, "median": -0.216281116009, "max": 4.51523923874, "dmean": 0.294598191977, "dmean2": 0.468152105808, "mean": -0.192060932517, "dvar2": 0.185994669795, "min": -3.52800345421}, "spectral_contrast_valleys": {"dvar": [0.198622211814, 0.0840564519167, 0.0906605497003, 0.065636344254, 0.0687656253576, 0.121952489018], "var": [2.12123966217, 2.15730834007, 2.41059565544, 2.34478211403, 2.33618807793, 2.45799970627], "median": [-7.61824321747, -6.69480514526, -7.47360229492, -7.3144903183, -7.62677574158, -10.366733551], "max": [-5.54695081711, -4.98676967621, -5.44725084305, -5.53102588654, -5.73782634735, -8.35596179962], "dmean": [0.463195621967, 0.283902317286, 0.289628386497, 0.232090726495, 0.198986396194, 0.238417237997], "dmean2": [0.756464123726, 0.466348797083, 0.47842758894, 0.381459116936, 0.303975313902, 0.314729511738], "mean": [-7.7290520668, -6.8865480423, -7.71098279953, -7.50587940216, -7.78719568253, -10.5873584747], "dvar2": [0.461072772741, 0.191159948707, 0.201700329781, 0.139425083995, 0.126850396395, 0.195614516735], "min": [-28.6196746826, -28.1424121857, -27.9631557465, -27.5961303711, -27.415058136, -27.3697967529]}, "spectral_strongpeak": {"dvar": 1.53494691849, "var": 1.84919011593, "median": 0.414277434349, "max": 14.9143648148, "dmean": 0.563344717026, "dmean2": 1.00548219681, "mean": 0.850467741489, "dvar2": 4.03017568588, "min": 0}, "erbbands_crest": {"dvar": 4.80424928665, "var": 10.5245227814, "median": 7.82145500183, "max": 29.7877731323, "dmean": 2.37250113487, "dmean2": 3.94386053085, "mean": 8.49876976013, "dvar2": 13.1031951904, "min": 2.41779494286}, "barkbands_crest": {"dvar": 2.97654008865, "var": 12.7249422073, "median": 7.42539596558, "max": 22.7803478241, "dmean": 1.85699152946, "dmean2": 3.15007209778, "mean": 8.22691440582, "dvar2": 8.33905315399, "min": 2.1251244545}, "spectral_energyband_middle_low": {"dvar": 2.3508182494e-05, "var": 3.60961385013e-05, "median": 0.00752043630928, "max": 0.0671901628375, "dmean": 0.00297500635497, "dmean2": 0.00493878871202, "mean": 0.00863223616034, "dvar2": 6.30424838164e-05, "min": 1.56741436453e-22}, "spectral_contrast_coeffs": {"dvar": [0.00149159342982, 0.00104599772021, 0.000986017752439, 0.000606301997323, 0.000329330243403, 0.000194598324015], "var": [0.00525910407305, 0.0041408254765, 0.00489460816607, 0.0027670271229, 0.00272225076333, 0.00144821219146], "median": [-0.582835435867, -0.706573605537, -0.734726190567, -0.747159183025, -0.769099831581, -0.744483172894], "max": [-0.342448592186, -0.467054665089, -0.46218302846, -0.551827073097, -0.54292601347, -0.639922320843], "dmean": [0.0467482842505, 0.0383990816772, 0.0368665866554, 0.0305981189013, 0.0217113997787, 0.0151704484597], "dmean2": [0.0787752345204, 0.0630368962884, 0.0593368113041, 0.0506595112383, 0.035640578717, 0.0243185926229], "mean": [-0.583742916584, -0.707116365433, -0.730910599232, -0.745357453823, -0.767939269543, -0.750296115875], "dvar2": [0.00419818982482, 0.00280008581467, 0.00244853808545, 0.00163918104954, 0.00083074712893, 0.000475094246212], "min": [-0.971839308739, -0.996909916401, -0.997003793716, -0.985946834087, -0.987037420273, -0.963859319687]}, "hfc": {"dvar": 28.3205451965, "var": 370.917449951, "median": 16.3507614136, "max": 141.837554932, "dmean": 4.11956310272, "dmean2": 6.48371219635, "mean": 22.299079895, "dvar2": 68.6253051758, "min": 1.07041029235e-16}, "spectral_energyband_high": {"dvar": 1.2372717606e-07, "var": 7.46982721012e-07, "median": 0.000225482042879, "max": 0.00664448551834, "dmean": 0.000187631114386, "dmean2": 0.000274949328741, "mean": 0.000627230678219, "dvar2": 2.55936782878e-07, "min": 6.91459337961e-21}, "erbbands_spread": {"dvar": 53.2901306152, "var": 204.361419678, "median": 28.8019580841, "max": 158.151046753, "dmean": 6.215675354, "dmean2": 9.73489379883, "mean": 31.5872116089, "dvar2": 121.072494507, "min": 5.14059352875}, "dissonance": {"dvar": 0.000208001612918, "var": 0.00068842084147, "median": 0.470817446709, "max": 0.5, "dmean": 0.0142169101164, "dmean2": 0.0237850807607, "mean": 0.46413692832, "dvar2": 0.000570028030779, "min": 0.288210362196}, "spectral_kurtosis": {"dvar": 7.9257440567, "var": 17.9054908752, "median": 4.55773687363, "max": 41.6369895935, "dmean": 2.16886425018, "dmean2": 3.65577244759, "mean": 5.80610275269, "dvar2": 21.7647151947, "min": -1.26518809795}, "spectral_skewness": {"dvar": 0.0659291595221, "var": 0.282850652933, "median": 1.5383951664, "max": 4.79018211365, "dmean": 0.237559601665, "dmean2": 0.386507749557, "mean": 1.64681363106, "dvar2": 0.167240455747, "min": -0.0664949715137}, "pitch_salience": {"dvar": 0.00292493356392, "var": 0.00993472803384, "median": 0.524017035961, "max": 0.996095836163, "dmean": 0.0598753504455, "dmean2": 0.0999973937869, "mean": 0.521775126457, "dvar2": 0.00787226762623, "min": 0.128631725907}, "spectral_complexity": {"dvar": 8.35766124725, "var": 123.259216309, "median": 21, "max": 53, "dmean": 2.68089032173, "dmean2": 4.32459688187, "mean": 21.8895511627, "dvar2": 19.5887432098, "min": 0}, "spectral_spread": {"dvar": 464591093760, "var": 5654212771840.0, "median": 3590154.75, "max": 42691544, "dmean": 419521.375, "dmean2": 590328.3125, "mean": 3817739, "dvar2": 796244443136, "min": 1178417.875}, "dynamic_complexity": 3.08739733696, "melbands_crest": {"dvar": 7.60284948349, "var": 24.2394218445, "median": 13.4522676468, "max": 29.9061584473, "dmean": 2.92708659172, "dmean2": 4.93204689026, "mean": 13.8848466873, "dvar2": 20.8091506958, "min": 1.00072145462}, "zerocrossingrate": {"dvar": 8.19791675895e-05, "var": 0.00144021946471, "median": 0.0556640625, "max": 0.52880859375, "dmean": 0.00688199698925, "dmean2": 0.00885908026248, "mean": 0.0588288679719, "dvar2": 0.000128290150315, "min": 0.00537109375}, "spectral_energyband_low": {"dvar": 9.49031818891e-05, "var": 8.35777100292e-05, "median": 0.00611407356337, "max": 0.0980135798454, "dmean": 0.0049334061332, "dmean2": 0.00863094720989, "mean": 0.00856754649431, "dvar2": 0.000261407898506, "min": 2.23572331326e-23}, "melbands_kurtosis": {"dvar": 153.305007935, "var": 255.243865967, "median": 3.15528106689, "max": 280.604766846, "dmean": 4.87973022461, "dmean2": 8.37585735321, "mean": 7.81860923767, "dvar2": 418.956451416, "min": -1.80440747738}, "spectral_energyband_middle_high": {"dvar": 7.00671125742e-06, "var": 6.49171633995e-05, "median": 0.00562056433409, "max": 0.0664790868759, "dmean": 0.0019092526054, "dmean2": 0.00307953637093, "mean": 0.00833136308938, "dvar2": 1.82981984835e-05, "min": 1.19705414073e-21}, "barkbands_spread": {"dvar": 23.8747062683, "var": 123.898750305, "median": 24.1545772552, "max": 112.061233521, "dmean": 4.2120347023, "dmean2": 6.75179433823, "mean": 23.7175235748, "dvar2": 57.7310638428, "min": 0.666372656822}, "mfcc": {"mean": [-645.869873047, 132.552