{"tonal": {"hpcp": {"dvar": [0.0275870319456, 0.0338235720992, 0.026749888435, 0.0224516112357, 0.0218952205032, 0.0272741802037, 0.0331662856042, 0.0491471067071, 0.0370660573244, 0.0215182658285, 0.0163373835385, 0.0125221926719, 0.0154600143433, 0.0223566070199, 0.0249106436968, 0.023322885856, 0.0349208153784, 0.0391941182315, 0.0221565719694, 0.0316612198949, 0.0326213911176, 0.0419757328928, 0.0551791414618, 0.0439214892685, 0.0531446449459, 0.0495006069541, 0.0558170117438, 0.0511048957705, 0.0203522406518, 0.00864751357585, 0.0104008167982, 0.0209844335914, 0.0159788373858, 0.0222231447697, 0.0195426214486, 0.0240446422249], "var": [0.0486975908279, 0.0435362271965, 0.0242104623467, 0.0237766057253, 0.0383406840265, 0.0252827946097, 0.0435262098908, 0.0886034145951, 0.0497276932001, 0.0257164537907, 0.0167736094445, 0.0329903066158, 0.0380996912718, 0.0268075577915, 0.0313792824745, 0.0361172035336, 0.0594517886639, 0.100847505033, 0.0327581986785, 0.0505235977471, 0.0562098585069, 0.0642772912979, 0.101102247834, 0.0721798613667, 0.0880668312311, 0.087552651763, 0.144472271204, 0.0743699297309, 0.0165287218988, 0.00685343891382, 0.0201390273869, 0.0314059108496, 0.0336282253265, 0.0322266444564, 0.0230854675174, 0.0321072265506], "median": [0.113881669939, 0.0954795405269, 0.0545539744198, 0.0242550540715, 0.0167776197195, 0.0276166833937, 0.114911563694, 0.211770191789, 0.151639029384, 0.048674557358, 0.0388387180865, 0.0502728149295, 0.0702692121267, 0.0858502313495, 0.0940626338124, 0.0952310264111, 0.0979919806123, 0.0591365583241, 0.0544887669384, 0.0737865194678, 0.127672001719, 0.178695321083, 0.207504823804, 0.18991997838, 0.114411361516, 0.341714382172, 0.327522546053, 0.17306317389, 0.0641497969627, 0.0423222817481, 0.0527274720371, 0.0637964531779, 0.0667813196778, 0.0962009727955, 0.0898339897394, 0.0858334973454], "max": [1, 1, 1, 1, 1, 1, 1, 1, 1, 1, 1, 1, 1, 1, 1, 1, 1, 1, 1, 1, 1, 1, 1, 1, 1, 1, 1, 1, 1, 1, 1, 1, 1, 1, 1, 1], "dmean": [0.131036877632, 0.134777188301, 0.10237365216, 0.069549523294, 0.0618834644556, 0.0828096270561, 0.156250849366, 0.212865367532, 0.166531890631, 0.0905139297247, 0.0710776001215, 0.0756532773376, 0.0911039859056, 0.108643248677, 0.107507608831, 0.112085528672, 0.137282595038, 0.123798377812, 0.0957657545805, 0.120761074126, 0.146496042609, 0.194262936711, 0.227327987552, 0.191210657358, 0.180683240294, 0.222117602825, 0.191028937697, 0.203868493438, 0.0895006209612, 0.0498499721289, 0.0691390261054, 0.0908660665154, 0.084786772728, 0.106757394969, 0.10285641253, 0.116227149963], "dmean2": [0.216775327921, 0.234277367592, 0.181252107024, 0.125851854682, 0.113397829235, 0.149077266455, 0.275588899851, 0.369610548019, 0.279149889946, 0.159047082067, 0.122837908566, 0.126543670893, 0.150279462337, 0.18279710412, 0.181339234114, 0.184673860669, 0.228361174464, 0.20627604425, 0.161065042019, 0.207490861416, 0.24477802217, 0.335284113884, 0.389284670353, 0.332051843405, 0.315859079361, 0.390050381422, 0.324017286301, 0.357214689255, 0.159947156906, 0.0889106765389, 0.116136305034, 0.157832428813, 0.141748920083, 0.187961891294, 0.180320367217, 0.19041967392], "mean": [0.194099143147, 0.175268158317, 0.107283860445, 0.0734999254346, 0.0797586217523, 0.0831298828125, 0.189313054085, 0.308975249529, 0.219809487462, 0.0994732007384, 0.0832431465387, 0.113601185381, 0.14289920032, 0.138930872083, 0.147144749761, 0.157269954681, 0.211340993643, 0.220261245966, 0.140583246946, 0.16261562705, 0.213145107031, 0.263254970312, 0.334605485201, 0.28541046381, 0.247455120087, 0.370371669531, 0.437328994274, 0.273547559977, 0.0989749580622, 0.0647523030639, 0.106067873538, 0.127381935716, 0.126197651029, 0.146160751581, 0.133460715413, 0.148807659745], "dvar2": [0.0722946003079, 0.100156977773, 0.0850861445069, 0.0721594542265, 0.0672422647476, 0.0782187655568, 0.0925594046712, 0.117691248655, 0.0946153029799, 0.0577395111322, 0.0460633151233, 0.0288999266922, 0.0373998098075, 0.0640309527516, 0.0693143159151, 0.0585695952177, 0.0905137434602, 0.0942533016205, 0.0555125437677, 0.0828324779868, 0.08195091784, 0.114124409854, 0.135893985629, 0.116231501102, 0.118613161147, 0.143010243773, 0.109091490507, 0.139059916139, 0.0588765777647, 0.0264324471354, 0.0272838547826, 0.0519664399326, 0.0365006960928, 0.0628281161189, 0.0580146536231, 0.0616792552173], "min": [0, 0, 0, 0, 0, 0, 0, 0, 0, 0, 0, 0, 0, 0, 0, 0, 0, 0, 0, 0, 0, 0, 0, 0, 0, 0, 0, 0, 0, 0, 0, 0, 0, 0, 0, 0]}, "key_key": "A", "thpcp": [1, 0.625496029854, 0.226316928864, 0.148063138127, 0.24253565073, 0.291272550821, 0.288564562798, 0.334212362766, 0.305172353983, 0.340264797211, 0.443828672171, 0.400769591331, 0.245316132903, 0.168065518141, 0.182376712561, 0.190085455775, 0.43288475275, 0.706505298615, 0.502618134022, 0.227456226945, 0.190344452858, 0.25976139307, 0.326754450798, 0.317680448294, 0.336462378502, 0.359614759684, 0.483254015446, 0.50365114212, 0.321458786726, 0.371838212013, 0.487379312515, 0.60196095705, 0.765111625195, 0.652621865273, 0.565832853317, 0.846894860268], "chords_key": "E", "tuning_equal_tempered_deviation": 0.281877636909, "tuning_frequency": 434.193115234, "tuning_diatonic_strength": 0.461953908205, "chords_histogram": [0.649878144264, 0, 10.8042240143, 0, 0.568643391132, 0, 0, 5.52396440506, 1.05605196953, 32.3314361572, 0, 1.38099110126, 0.162469536066, 0, 4.71161651611, 2.76198220253, 5.28026008606, 0, 0, 0, 0, 11.5353374481, 20.1462230682, 3.08692121506], "key_strength": 0.416529744864, "key_scale": "minor", "chords_strength": {"dvar": 6.67676576995e-05, "var": 0.0139412824064, "median": 0.401965856552, "max": 0.752618968487, "dmean": 0.0106232948601, "dmean2": 0.0102014280856, "mean": 0.426562458277, "dvar2": 7.4366798799e-05, "min": 0.221195042133}, "chords_number_rate": 0.00893582496792, "tuning_nontempered_energy_ratio": 0.956014215946, "hpcp_entropy": {"dvar": 0.220896750689, "var": 0.391566544771, "median": 2.37012028694, "max": 3.84365415573, "dmean": 0.602174401283, "dmean2": 1.02530097961, "mean": 2.31266355515, "dvar2": 0.618393421173, "min": 0}, "chords_changes_rate": 0.0698619037867, "chords_scale": "major"}, "rhythm": {"bpm_histogram_first_peak_spread": {"dvar": 0, "var": 0, "median": 0.464285731316, "max": 0.464285731316, "dmean": 0, "dmean2": 0, "mean": 0.464285731316, "dvar2": 0, "min": 0.464285731316}, "bpm_histogram_first_peak_weight": {"dvar": 0, "var": 0, "median": 0.472440958023, "max": 0.472440958023, "dmean": 0, "dmean2": 0, "mean": 0.472440958023, "dvar2": 0, "min": 0.472440958023}, "bpm_histogram_first_peak_bpm": {"dvar": 0, "var": 0, "median": 133, "max": 133, "dmean": 0, "dmean2": 0, "mean": 133, "dvar2": 0, "min": 133}, "bpm": 133.281021118, "bpm_histogram_second_peak_weight": {"dvar": 0, "var": 0, "median": 0.0551181100309, "max": 0.0551181100309, "dmean": 0, "dmean2": 0, "mean": 0.0551181100309, "dvar2": 0, "min": 0.0551181100309}, "beats_loudness": {"dvar": 0.00568185327575, "var": 0.0056466688402, "median": 0.0480852015316, "max": 0.365887522697, "dmean": 0.0775859504938, "dmean2": 0.143256425858, "mean": 0.0783709585667, "dvar2": 0.0165712833405, "min": 3.96082917575e-08}, "beats_loudness_band_ratio": {"dvar": [0.0774770155549, 0.0093481997028, 0.0238844472915, 0.0169276744127, 0.00180435413495, 0.00535393599421], "var": [0.102599211037, 0.0172311961651, 0.0242881514132, 0.0250703692436, 0.00245357654057, 0.00910534709692], "median": [0.419475972652, 0.0914072915912, 0.0781249776483, 0.102892518044, 0.0602126568556, 0.0559973716736], "max": [0.949847042561, 0.820482075214, 0.562229633331, 0.549314379692, 0.216601893306, 0.435574442148], "dmean": [0.410979747772, 0.108154304326, 0.182659864426, 0.153182685375, 0.0517875105143, 0.0631524324417], "dmean2": [0.764165699482, 0.188868746161, 0.344053208828, 0.282694488764, 0.0906226783991, 0.110414020717], "mean": [0.422506719828, 0.12668427825, 0.154281571507, 0.171649739146, 0.0607918463647, 0.0897635146976], "dvar2": [0.245462059975, 0.0237657334656, 0.069029532373, 0.0450784489512, 0.00525695225224, 0.0129762040451], "min": [0.0129272993654, 0.0064311097376, 0.00177234923467, 0.000695998314768, 0.00016066461103, 0.00558781297877]}, "bpm_histogram_second_peak_bpm": {"dvar": 0, "var": 0, "median": 178, "max": 178, "dmean": 0, "dmean2": 0, "mean": 178, "dvar2": 0, "min": 178}, "onset_rate": 1.92651665211, "beats_count": 128, "beats_position": [0.476009070873, 0.96362811327, 1.43963718414, 1.89242625237, 2.34521532059, 2.79800438881, 3.23918366432, 3.69197273254, 4.13315200806, 4.58594083786, 5.0387301445, 5.47990942001, 5.93269824982, 6.38548755646, 6.83827638626, 7.2910656929, 7.73224496841, 8.18503379822, 8.63782310486, 9.0906124115, 9.54340076447, 9.98458003998, 10.4373693466, 10.8901586533, 11.3313379288, 11.7841272354, 12.2369155884, 12.6664848328, 13.1192741394, 13.572063446, 14.0248527527, 14.4892511368, 14.9420404434, 15.3948297501, 15.8476190567, 16.3004074097, 16.7415866852, 17.1827659607, 17.6355552673, 18.088344574, 18.5295238495, 18.9823131561, 19.4351024628, 19.8994998932, 20.3406791687, 20.7818584442, 21.246257782, 21.6874370575, 22.1402263641, 22.5930156708, 23.0341949463, 23.4985942841, 23.9629936218, 24.40417099, 24.8453502655, 25.286529541, 25.7277088165, 26.1804981232, 26.6332874298, 27.0976867676, 27.5388660431, 27.9916553497, 28.4444446564, 28.897233963, 29.3500213623, 29.7912006378, 30.2323799133, 30.6967792511, 31.1379585266, 31.5907478333, 32.0435371399, 32.4847145081, 32.9375038147, 33.3902931213, 33.843082428, 34.2958717346, 34.7370529175, 35.1898422241, 35.6426315308, 36.1070289612, 36.5482063293, 37.000995636, 37.4537849426, 37.8949661255, 38.3477554321, 38.8005447388, 39.2417221069, 39.6829032898, 40.1356925964, 40.5884780884, 41.041267395, 41.4940567017, 41.9468460083, 42.3996353149, 42.8640365601, 43.3052139282, 43.7580032349, 44.2107925415, 44.6519737244, 45.0931510925, 45.5343284607, 45.9871177673, 46.439907074, 46.9043083191, 47.3454856873, 47.7866668701, 48.2510643005, 48.6922454834, 49.1566429138, 49.6094322205, 50.0390014648, 50.5033988953, 50.9678001404, 51.4089775085, 51.8501586914, 52.2797279358, 52.720905304, 53.1620864868, 53.4987754822, 53.8238525391, 54.1605415344, 54.4972343445, 54.8339233398, 55.1706123352, 55.5073013306, 55.8439903259, 56.1922874451, 56.5405883789], "danceability": 1.02853727341, "bpm_histogram_second_peak_spread": {"dvar": 0, "var": 0, "median": 0, "max": 0, "dmean": 0, "dmean2": 0, "mean": 0, "dvar2": 0, "min": 0}}, "lowlevel": {"spectral_flux": {"dvar": 0.00333303632215, "var": 0.00660827150568, "median": 0.0644032359123, "max": 0.604324102402, "dmean": 0.0289236269891, "dmean2": 0.0466756075621, "mean": 0.0830572247505, "dvar2": 0.00805151183158, "min": 3.35804770657e-07}, "spectral_rolloff": {"dvar": 44789112, "var": 81749776, "median": 1679.58984375, "max": 22028.4667969, "dmean": 3086.52661133, "dmean2": 5979.26464844, "mean": 7250.79101562, "dvar2": 117392896, "min": 43.06640625}, "barkbands_flatness_db": {"dvar": 0.000534310122021, "var": 0.00252796080895, "median": 0.140591770411, "max": 0.402478694916, "dmean": 0.0240421332419, "dmean2": 0.0384353846312, "mean": 0.151164025068, "dvar2": 0.00143622315954, "min": 0.034970536828}, "spectral_centroid": {"dvar": 44782.7460938, "var": 200860.5625, "median": 897.606994629, "max": 11113.8505859, "dmean": 130.362030029, "dmean2": 201.832077026, "mean": 944.979064941, "dvar2": 74011.4140625, "min": 158.739776611}, "melbands_skewness": {"dvar": 0.772859573364, "var": 3.16751909256, "median": 0.915145218372, "max": 11.7479829788, "dmean": 0.591573357582, "dmean2": 0.938837707043, "mean": 1.45736908913, "dvar2": 1.87710011005, "min": -1.33787882328}, "melbands": {"dvar": [0.000139200259582, 3.22112573485e-05, 3.43956486404e-07, 4.19781486016e-07, 3.20119761454e-06, 7.94667357695e-07, 2.16965690925e-06, 1.96216745962e-07, 1.39548660627e-07, 2.45533897214e-07, 1.8278425884e-08, 7.47015107549e-08, 7.01897704403e-08, 4.32034461539e-08, 1.41972975598e-08, 1.05889634838e-08, 4.3615129286e-09, 4.58315296825e-09, 1.92815052813e-09, 3.23677951108e-09, 7.69182384452e-10, 5.46837186644e-10, 4.63192484368e-10, 1.59555216261e-10, 4.54685109008e-11, 2.80994533197e-11, 7.82186468373e-12, 7.71472729449e-12, 4.38789065846e-12, 1.44519812784e-12, 1.42440128702e-12, 3.59666344017e-13, 5.18245819522e-13, 2.62319978022e-13, 3.51698596461e-13, 1.1274679378e-13, 1.73835026777e-13, 1.36707946395e-13, 1.77792063163e-14, 1.2179119348e-15], "var": [0.000128845698782, 2.5500468837e-05, 8.97149163848e-07, 1.2287057416e-06, 4.39893756266e-06, 2.484523975e-06, 3.54519193024e-06, 4.84003351175e-07, 4.39670515107e-07, 9.63930347098e-07, 1.46769522757e-07, 9.44557996263e-08, 9.60289980867e-08, 2.55586030562e-07, 3.26418927443e-08, 1.95549123561e-08, 5.87396842278e-09, 5.79661119104e-09, 3.3620233264e-09, 3.70363428814e-09, 1.41395162245e-09, 9.00226837519e-10, 5.56551305042e-10, 1.8786822098e-10, 8.77507649877e-11, 4.70130774588e-11, 1.82313712738e-11, 1.07284216233e-11, 7.65281761572e-12, 2.7282351725e-12, 1.64382201427e-12, 4.61473415904e-13, 5.54280471347e-13, 2.82992406635e-13, 2.92007520594e-13, 1.16387612438e-13, 1.67623497005e-13, 1.35513291127e-13, 1.90042531272e-14, 1.25170960819e-15], "median": [0.000297470513033, 0.0006501582684, 0.000135336216772, 0.00013784415205, 0.000141573691508, 0.000158986949828, 0.00011757631728, 0.000169331251527, 0.000142184493598, 0.000137260110932, 6.80648590787e-05, 8.54234458529e-05, 6.59340294078e-05, 4.51985833934e-05, 4.2044557631e-05, 2.65302423941e-05, 2.47516982199e-05, 1.97044391825e-05, 8.99661063158e-06, 8.98000325833e-06, 7.58746728025e-06, 3.17258673022e-06, 2.47522598329e-06, 2.06949016501e-06, 1.54651365847e-06, 1.07781443148e-06, 6.89258513376e-07, 4.42504529019e-07, 2.32803728295e-07, 1.36720046839e-07, 7.12496017741e-08, 4.72565702125e-08, 3.02080138681e-08, 2.15002504689e-08, 1.6326476171e-08, 1.32011308551e-08, 1.09687512406e-08, 8.73431638126e-09, 5.68787195121e-09, 3.82270748389e-09], "max": [0.120559237897, 0.0717514753342, 0.0122738396749, 0.014639432542, 0.0433098487556, 0.0357827544212, 0.0687911510468, 0.0209728684276, 0.00487911701202, 0.0145070319995, 0.0063727372326, 0.00648521259427, 0.00356127088889, 0.0115980096161, 0.00183111615479, 0.00272265914828, 0.000714560097549, 0.0011908498127, 0.000634379161056, 0.000787303550169, 0.000337006174959, 0.000290124677122, 0.000283083849354, 0.00017642545572, 9.70994951786e-05, 5.84150766372e-05, 3.60025733244e-05, 4.44633515144e-05, 2.8929554901e-05, 1.72509116965e-05, 1.50776122609e-05, 8.09431458038e-06, 8.47399405757e-06, 5.80432606512e-06, 1.11093777377e-05, 4.13367524743e-06, 4.52642098026e-06, 4.27644772572e-06, 2.15700265471e-06, 5.35792537448e-07], "dmean": [0.00295176589862, 0.00121130386833, 0.000256096565863, 0.000266260583885, 0.000316973222652, 0.000251927936915, 0.000155087938765, 0.000159248898854, 0.000211679987842, 0.000229887475143, 6.61221638438e-05, 0.000108508087578, 0.000112014953629, 7.59498361731e-05, 6.05359455221e-05, 4.46359663329e-05, 3.41031118296e-05, 3.19819264405e-05, 2.01373859454e-05, 2.16452954191e-05, 1.29082718558e-05, 8.59296415001e-06, 8.22909078124e-06, 4.55339613836e-06, 2.83970734927e-06, 2.23997176363e-06, 1.269620725e-06, 1.14314298116e-06, 7.7053385894e-07, 4.52537022966e-07, 3.82763886364e-07, 2.13246877934e-07, 2.34342010685e-07, 1.60894245482e-07, 1.50013221401e-07, 1.03862149103e-07, 1.20328380149e-07, 1.05350814295e-07, 4.4073615868e-08, 1.60768092172e-08], "dmean2": [0.00458860956132, 0.00201997812837, 0.000424211204518, 0.000419839692768, 0.000541487243026, 0.000420206866693, 0.000241521192947, 0.000250074255746, 0.000336799450452, 0.000347877998138, 0.000102803205664, 0.000182981268154, 0.000181201816304, 0.000120970587886, 9.55398281803e-05, 7.14817288099e-05, 5.60242333449e-05, 5.32865524292e-05, 3.33272109856e-05, 3.6968216591e-05, 2.07601769944e-05, 1.40705060403e-05, 1.39248868436e-05, 7.69009784563e-06, 4.53161374026e-06, 3.35440063282e-06, 1.87112743788e-06, 1.80996710242e-06, 1.1602817267e-06, 6.78163985413e-07, 6.12458734395e-07, 3.27148399037e-07, 3.63892695532e-07, 2.57450238905e-07, 2.40273010377e-07, 1.61039565683e-07, 1.87035865906e-07, 1.6525017088e-07, 6.84268641749e-08, 2.65596895588e-08], "mean": [0.00265056011267, 0.0013712765649, 0.00043597680633, 0.000492951425258, 0.000499083660543, 0.000434676854638, 0.000257915002294, 0.000301228399621, 0.000462492695078, 0.000420705619035, 0.000140855860082, 0.00016113773745, 0.000158744282089, 0.000131719527417, 0.000103650876554, 7.31123509468e-05, 5.28669224877e-05, 4.52165586466e-05, 2.80713611573e-05, 2.84967536572e-05, 2.07860884984e-05, 1.2323649571e-05, 1.01266523416e-05, 6.32522051092e-06, 4.55000053989e-06, 3.33056732416e-06, 2.0832944756e-06, 1.5603659449e-06, 1.08802043997e-06, 6.51960078812e-07, 4.72255351269e-07, 2.67332751491e-07, 2.45615581207e-07, 1.68974892745e-07, 1.42650080193e-07, 1.02326524143e-07, 1.10631944494e-07, 9.69372067061e-08, 4.34884945832e-08, 1.56395092432e-08], "dvar2": [0.000321198196616, 8.17678301246e-05, 8.8032044232e-07, 1.11146107429e-06, 9.92338300421e-06, 1.93676214622e-06, 3.49589436155e-06, 3.91661870935e-07, 3.53165518163e-07, 5.28630494046e-07, 4.14384686565e-08, 1.9134149909e-07, 1.86129867075e-07, 7.40650420994e-08, 3.16742578832e-08, 2.80482836956e-08, 1.1135521838e-08, 1.200075328e-08, 5.1293773673e-09, 8.75733441319e-09, 1.86656046175e-09, 1.35078848107e-09, 1.26681654056e-09, 4.58642818169e-10, 9.98722354817e-11, 5.94339855109e-11, 1.47110258003e-11, 1.89701605119e-11, 9.39189958443e-12, 3.09248720382e-12, 3.5216616949e-12, 8.18407353605e-13, 1.18171444852e-12, 5.97378808746e-13, 8.86730792959e-13, 2.51042323865e-13, 3.98094805818e-13, 3.03830745285e-13, 3.87860723356e-14, 3.02838016742e-15], "min": [2.46702206384e-24, 2.26730180973e-24, 8.45652500624e-24, 3.58857598394e-24, 7.74302319443e-24, 1.56392368658e-23, 3.34022892368e-23, 1.24190111985e-23, 6.09980107974e-24, 1.77024883639e-24, 5.78950185381e-24, 8.45986898761e-24, 4.72878488672e-24, 5.60310348823e-24, 1.17000559912e-23, 2.61211172811e-23, 1.28003497155e-23, 1.21054460884e-23, 2.35002799625e-23, 6.22715675643e-24, 7.13268387864e-24, 5.92264619182e-24, 9.93785511381e-24, 9.95914173647e-24, 1.0011332774e-23, 1.35199604662e-23, 8.79519088146e-24, 1.23642255975e-23, 1.22587272843e-23, 7.99685733449e-24, 7.25662812635e-24, 8.6802672582e-24, 5.2982947342e-24, 7.52803887623e-24, 8.27836787054e-24, 1.14161331185e-23, 7.33218522385e-24, 8.58132516802e-24, 1.46824006526e-23, 1.50364335382e-23]}, "spectral_decrease": {"dvar": 1.53622911337e-16, "var": 1.81768122109e-16, "median": -3.23117754775e-09, "max": 5.4548747741e-09, "dmean": 4.359911987e-09, "dmean2": 6.56391740961e-09, "mean": -6.8710224177e-09, "dvar2": 3.35712244221e-16, "min": -1.16622288715e-07}, "barkbands_kurtosis": {"dvar": 196.425369263, "var": 412.518737793, "median": 3.10587263107, "max": 362.870727539, "dmean": 5.03942251205, "dmean2": 8.40539550781, "mean": 9.19974899292, "dvar2": 526.271118164, "min": -1.65512216091}, "silence_rate_30dB": {"dvar": 0.0489804372191, "var": 0.0650297552347, "median": 1, "max": 1, "dmean": 0.0516470111907, "dmean2": 0.103336043656, "mean": 0.930081307888, "dvar2": 0.0983549058437, "min": 0}, "gfcc": {"mean": [-74.1976165771, 116.102111816, -108.467758179, -25.8253498077, -16.9175319672, -19.5993919373, -6.6833024025, -12.337272644, -5.94244003296, -9.97546577454, -4.88101243973, -9.5157623291, -5.87063932419], "cov": [[26785.4863281, 1473.26550293, -1930.84790039, -1116.69689941, 139.446624756, -34.0520210266, 539.629699707, 682.173339844, 737.407470703, 584.644897461, 529.048034668, 73.3018417358, 238.319915771], [1473.26550293, 949.37109375, -72.2011413574, -257.738525391, 44.5957527161, -198.681747437, 67.0527038574, -32.8659095764, 61.6931343079, 5.49598836899, 63.8138923645, -117.516189575, 27.6813926697], [-1930.84790039, -72.2011413574, 998.764343262, 378.708007812, -122.535987854, 133.811843872, -236.088653564, -23.3151702881, -93.8596572876, -11.1472949982, -96.7104797363, -44.3129463196, -81.8598556519], [-1116.69689941, -257.738525391, 378.708007812, 390.170166016, 51.1253929138, 108.973709106, -13.6182327271, 15.3294754028, 6.93565654755, 28.7531738281, -36.0834007263, 52.4984817505, -35.5139198303], [139.446624756, 44.5957527161, -122.535987854, 51.1253929138, 190.142227173, 17.864730835, 121.989006042, -4.04956007004, 55.6356620789, 22.4259338379, 38.807674408, 33.955871582, 12.0068368912], [-34.0520210266, -198.681747437, 133.811843872, 108.973709106, 17.864730835, 220.706665039, 19.1104240417, 90.7537765503, 12.1387252808, 45.8038215637, 5.50648593903, 44.0803260803, -7.56626701355], [539.629699707, 67.0527038574, -236.088653564, -13.6182327271, 121.989006042, 19.1104240417, 220.113128662, 78.9587631226, 104.639427185, 39.3981018066, 35.7451248169, 29.7446556091, 17.3273849487], [682.173339844, -32.8659095764, -23.3151702881, 15.3294754028, -4.04956007004, 90.7537765503, 78.9587631226, 176.230361938, 86.7581558228, 61.4860267639, 9.28649044037, 6.30432415009, 8.16417884827], [737.407470703, 61.6931343079, -93.8596572876, 6.93565654755, 55.6356620789, 12.1387252808, 104.639427185, 86.7581558228, 131.323257446, 76.3890075684, 41.1943130493, 26.381439209, 7.56821584702], [584.644897461, 5.49598836899, -11.1472949982, 28.7531738281, 22.4259338379, 45.8038215637, 39.3981018066, 61.4860267639, 76.3890075684, 108.154953003, 66.2790985107, 38.0113601685, 11.6131658554], [529.048034668, 63.8138923645, -96.7104797363, -36.0834007263, 38.807674408, 5.50648593903, 35.7451248169, 9.28649044037, 41.1943130493, 66.2790985107, 94.9248809814, 46.6767692566, 22.1636009216], [73.3018417358, -117.516189575, -44.3129463196, 52.4984817505, 33.955871582, 44.0803260803, 29.7446556091, 6.30432415009, 26.381439209, 38.0113601685, 46.6767692566, 100.572021484, 29.2022228241], [238.319915771, 27.6813926697, -81.8598556519, -35.5139198303, 12.0068368912, -7.56626701355, 17.3273849487, 8.16417884827, 7.56821584702, 11.6131658554, 22.1636009216, 29.2022228241, 50.9598083496]], "icov": [[6.24302920187e-05, -0.000128930274514, 0.000155493966304, 2.35651477851e-05, 9.79204924079e-06, -9.69144530245e-05, 0.000208779936656, -0.000166663579876, -0.000128526749904, -0.00018267321866, 5.98899496254e-05, -9.87592939055e-05, 7.45518191252e-05], [-0.000128930274514, 0.00335825560614, -0.00234391447157, 0.0022173570469, -0.000988060608506, 0.00199660356157, -0.00225460529327, 0.0010744825704, -0.00180640723556, 0.00170419411734, -0.00388837978244, 0.00448275124654, -0.00331518403254], [0.000155493966304, -0.00234391447157, 0.00489752367139, -0.00471670180559, 0.00207915809005, -0.00299044977874, 0.00415119109675, -0.000129196690978, -2.54118676821e-05, -0.000884409062564, 0.00177455029916, 3.03852029901e-05, 0.00221758591942], [2.35651477851e-05, 0.0022173570469, -0.00471670180559, 0.0102815274149, -0.00525055127218, 0.00263662962243, -0.0022412717808, -0.000876329315361, 0.00123963097576, -0.00457907374948, 0.00504030613229, -0.00517868623137, 0.00243973964825], [9.79204924079e-06, -0.000988060608506, 0.00207915809005, -0.00525055127218, 0.0136359315366, -0.00432253768668, -0.00519643072039, 0.00645267311484, -0.00490823853761, 0.00470149191096, -0.00563443405554, 0.00394461024553, -0.00310216168873], [-9.69144530245e-05, 0.00199660356157, -0.00299044977874, 0.00263662962243, -0.00432253768668, 0.0119766322896, -0.00199802266434, -0.00744460150599, 0.00763694010675, -0.00460068462417, 0.00120630173478, -0.004775270354, 0.0031971889548], [0.000208779936656, -0.00225460529327, 0.00415119109675, -0.0022412717808, -0.00519643072039, -0.00199802266434, 0.0159992743284, -0.00485295988619, -0.00583453476429, 0.00244802935049, 0.00192907662131, -0.00262891873717, 0.00259589590132], [-0.000166663579876, 0.0010744825704, -0.000129196690978, -0.000876329315361, 0.00645267311484, -0.00744460150599, -0.00485295988619, 0.0182786956429, -0.0110802734271, -0.000110857610707, 0.000202359442483, 0.00822991505265, -0.00765973888338], [-0.000128526749904, -0.00180640723556, -2.54118676821e-05, 0.00123963097576, -0.00490823853761, 0.00763694010675, -0.00583453476429, -0.0110802734271, 0.0322298035026, -0.0193703342229, 0.00955830328166, -0.0103819016367, 0.00987463351339], [-0.00018267321866, 0.00170419411734, -0.000884409062564, -0.00457907374948, 0.00470149191096, -0.00460068462417, 0.00244802935049, -0.000110857610707, -0.0193703342229, 0.0394354872406, -0.0271248631179, 0.00847822986543, -0.00646002590656], [5.98899496254e-05, -0.00388837978244, 0.00177455029916, 0.00504030613229, -0.00563443405554, 0.00120630173478, 0.00192907662131, 0.000202359442483, 0.00955830328166, -0.0271248631179, 0.0403733737767, -0.0186422821134, 0.0068990085274], [-9.87592939055e-05, 0.00448275124654, 3.03852029901e-05, -0.00517868623137, 0.00394461024553, -0.004775270354, -0.00262891873717, 0.00822991505265, -0.0103819016367, 0.00847822986543, -0.0186422821134, 0.0325432866812, -0.0185274425894], [7.45518191252e-05, -0.00331518403254, 0.00221758591942, 0.00243973964825, -0.00310216168873, 0.0031971889548, 0.00259589590132, -0.00765973888338, 0.00987463351339, -0.00646002590656, 0.0068990085274, -0.0185274425894, 0.0355102345347]]}, "silence_rate_20dB": {"dvar": 0.000812683778349, "var": 0.000406340492191, "median": 1, "max": 1, "dmean": 0.00081333873095, "dmean2": 0.001627339283, "mean": 0.999593496323, "dvar2": 0.00243838666938, "min": 0}, "barkbands_skewness": {"dvar": 0.636214137077, "var": 2.45771932602, "median": 1.07824993134, "max": 13.4094295502, "dmean": 0.544008255005, "dmean2": 0.879011213779, "mean": 1.56693100929, "dvar2": 1.61824858189, "min": -1.86506962776}, "erbbands_skewness": {"dvar": 0.127618655562, "var": 0.743284404278, "median": 0.352553546429, "max": 7.45474863052, "dmean": 0.369516342878, "dmean2": 0.585850417614, "mean": 0.512584209442, "dvar2": 0.327474832535, "min": -1.43613541126}, "spectral_contrast_valleys": {"dvar": [0.185732111335, 0.116302751005, 0.111048020422, 0.136362969875, 0.165636941791, 0.311377376318], "var": [2.8014998436, 3.21640110016, 3.20316052437, 3.07489728928, 2.49491214752, 2.21962666512], "median": [-7.39548778534, -6.25186443329, -6.64200401306, -7.4198102951, -8.15640068054, -11.5217971802], "max": [-4.96322345734, -4.4879117012, -4.90109205246, -5.48140525818, -5.79266548157, -9.09718227386], "dmean": [0.442360728979, 0.343196898699, 0.306095182896, 0.30113402009, 0.327564477921, 0.65125221014], "dmean2": [0.70740801096, 0.561595618725, 0.49071252346, 0.464639335871, 0.479109734297, 1.01091623306], "mean": [-7.90055751801, -6.8208937645, -7.18815517426, -7.88859224319, -8.52227878571, -11.79778862], "dvar2": [0.341116696596, 0.222076237202, 0.202199786901, 0.225598454475, 0.284240841866, 0.721292197704], "min": [-27.342798233, -27.3931007385, -26.8180656433, -27.4555549622, -27.2553348541, -27.2532806396]}, "spectral_strongpeak": {"dvar": 30.1976699829, "var": 48.9356613159, "median": 0.514402508736, "max": 168.380661011, "dmean": 1.08779454231, "dmean2": 1.88217961788, "mean": 1.50334632397, "dvar2": 64.5793762207, "min": 0}, "erbbands_crest": {"dvar": 6.58799171448, "var": 17.4677314758, "median": 9.36284828186, "max": 27.9282970428, "dmean": 2.70125818253, "dmean2": 4.54635238647, "mean": 10.2210226059, "dvar2": 17.9015483856, "min": 2.59898257256}, "barkbands_crest": {"dvar": 5.88746213913, "var": 16.3038406372, "median": 8.26677703857, "max": 26.1380386353, "dmean": 2.43034338951, "dmean2": 3.90629696846, "mean": 9.20558452606, "dvar2": 14.6009712219, "min": 2.96118044853}, "spectral_energyband_middle_low": {"dvar": 0.000121456767374, "var": 0.000331010145601, "median": 0.00771680939943, "max": 0.326988369226, "dmean": 0.00424397038296, "dmean2": 0.0066952011548, "mean": 0.0118652861565, "dvar2": 0.000293179764412, "min": 3.31534787207e-22}, "spectral_contrast_coeffs": {"dvar": [0.00151207786985, 0.00135331368074, 0.000803600181825, 0.000567444250919, 0.000439567083959, 0.000979183474556], "var": [0.0091440398246, 0.0043054302223, 0.00305204838514, 0.00255015399307, 0.00218877848238, 0.00324155809358], "median": [-0.682480931282, -0.759052217007, -0.784143507481, -0.790536701679, -0.798344433308, -0.803528189659], "max": [-0.316258221865, -0.451099336147, -0.501176595688, -0.620155453682, -0.666688919067, -0.59322053194], "dmean": [0.0473985373974, 0.0463691875339, 0.036536924541, 0.0291090589017, 0.025013031438, 0.034364759922], "dmean2": [0.077110029757, 0.0774239301682, 0.0598252750933, 0.0479174554348, 0.0407903827727, 0.0543585903943], "mean": [-0.666956782341, -0.757072806358, -0.784028589725, -0.792200863361, -0.806111872196, -0.794217467308], "dvar2": [0.00384338828735, 0.00360118295066, 0.00223325076513, 0.00148811377585, 0.00109951465856, 0.00230036396533], "min": [-0.951859593391, -0.958402872086, -0.971618354321, -0.955945134163, -0.963057756424, -0.95949357748]}, "hfc": {"dvar": 1877.56286621, "var": 7545.99365234, "median": 48.2129364014, "max": 1028.35351562, "dmean": 21.480764389, "dmean2": 32.4984397888, "mean": 69.894569397, "dvar2": 4316.59179688, "min": 1.05981450575e-16}, "spectral_energyband_high": {"dvar": 1.7467584712e-07, "var": 2.77499225376e-07, "median": 6.90725137247e-05, "max": 0.00379876396619, "dmean": 0.000154099499923, "dmean2": 0.000220805886784, "mean": 0.000237072803429, "dvar2": 3.51815316435e-07, "min": 7.14880343083e-21}, "erbbands_spread": {"dvar": 24.0298519135, "var": 153.070159912, "median": 15.5779590607, "max": 110.221130371, "dmean": 3.97336244583, "dmean2": 6.469643116, "mean": 18.1087818146, "dvar2": 68.2767715454, "min": 1.19781184196}, "dissonance": {"dvar": 0.000459126313217, "var": 0.000942560494877, "median": 0.464062124491, "max": 0.499999970198, "dmean": 0.0236597247422, "dmean2": 0.0400128737092, "mean": 0.458198606968, "dvar2": 0.00125625601504, "min": 0.249702781439}, "spectral_kurtosis": {"dvar": 57.6076660156, "var": 128.665298462, "median": 24.1047477722, "max": 89.6830825806, "dmean": 6.8328294754, "dmean2": 10.7682762146, "mean": 25.7216110229, "dvar2": 149.317214966, "min": -1.16063117981}, "spectral_skewness": {"dvar": 0.219164833426, "var": 0.712877452374, "median": 3.36370372772, "max": 7.12314367294, "dmean": 0.430363535881, "dmean2": 0.667545855045, "mean": 3.45345616341, "dvar2": 0.563965141773, "min": -0.0153787042946}, "pitch_salience": {"dvar": 0.00580420531332, "var": 0.0117342621088, "median": 0.600162029266, "max": 0.85721039772, "dmean": 0.0698895007372, "dmean2": 0.111241541803, "mean": 0.584271788597, "dvar2": 0.013119738549, "min": 0.102406553924}, "spectral_complexity": {"dvar": 10.6202716827, "var": 98.6775131226, "median": 18, "max": 52, "dmean": 2.69540452957, "dmean2": 4.00162744522, "mean": 17.1081295013, "dvar2": 17.5932598114, "min": 0}, "spectral_spread": {"dvar": 558820425728, "var": 1684988231680.0, "median": 2713783.75, "max": 39720188, "dmean": 502813.40625, "dmean2": 784517.5, "mean": 3013724.25, "dvar2": 831663636480, "min": 1294423.625}, "dynamic_complexity": 6.406229496, "melbands_crest": {"dvar": 12.6753540039, "var": 34.9230957031, "median": 11.581867218, "max": 37.6937217712, "dmean": 3.09707808495, "dmean2": 4.87417984009, "mean": 12.8277702332, "dvar2": 25.273897171, "min": 3.31637263298}, "zerocrossingrate": {"dvar": 0.000736721558496, "var": 0.00877076201141, "median": 0.19580078125, "max": 0.59228515625, "dmean": 0.0283012501895, "dmean2": 0.0356920100749, "mean": 0.208802953362, "dvar2": 0.00123404187616, "min": 0.03369140625}, "spectral_energyband_low": {"dvar": 0.00196225708351, "var": 0.00183872086927, "median": 0.00278557371348, "max": 0.398827433586, "dmean": 0.0118709402159, "dmean2": 0.0184573177248, "mean": 0.0117152398452, "dvar2": 0.00452210521325, "min": 2.40060691759e-23}, "melbands_kurtosis": {"dvar": 203.61831665, "var": 611.776000977, "median": 1.13038825989, "max": 262.347290039, "dmean": 5.37839078903, "dmean2": 9.35789299011, "mean": 8.6443271637, "dvar2": 641.117797852, "min": -1.53224098682}, "spectral_energyband_middle_high": {"dvar": 2.41123434535e-05, "var": 6.15952521912e-05, "median": 0.00305867986754, "max": 0.0912059247494, "dmean": 0.00247318320908, "dmean2": 0.003845467465, "mean": 0.00576008716598, "dvar2": 5.63846297155e-05, "min": 1.61135944529e-21}, "barkbands_spread": {"dvar": 26.6553535461, "var": 110.568687439, "median": 15.3316669464, "max": 108.747291565, "dmean": 3.8631374836, "dmean2": 6.43929052353, "mean": 16.4989299774, "dvar2": 72.6892242432, "min": 0.316798090935}, "mfcc": {"mean": [-725.387390137, 178.51713562, -30.5707035065, 8.21138858795, -1.98019480705, 1.26492965221, 2.35414719582, 1.64537894726, -0.193186983466, 3.72959113121, -0.786047816277, 1.30920565128, -1.39934325218], "cov": [[16698.9492188, 3087.71069336, -2000.18200684, 305.009796143, -453.083557129, 62.7383728027, -162.209777832, 239.782836914, 182.016601562, 553.688598633, 290.084350586, 496.597137451, 302.020904541], [3087.71069336, 1957.52099609, -462.970153809, 25.0606231689, -147.130462646, -149.678741455, -42.641960144, -122.372291565, -13.6937141418, 46.7188949585, 82.775894165, 57.0738487244, 58.3306045532], [-2000.18200684, -462.970153809, 1035.94152832, 93.0476531982, 198.197570801, 56.4852409363, -37.3997879028, -42.1817169189, -39.9923667908, -63.3977813721, -31.5518321991, -77.7227096558, -72.7183532715], [305.009796143, 25.0606231689, 93.0476531982, 257.473175049, 46.3046379089, 56.8873329163, -8.83386325836, 8.23269176483, 23.3342132568, 32.3661613464, 17.3980484009, 28.9184112549, 1.06547927856], [-453.083557129, -147.130462646, 198.197570801, 46.3046379089, 129.468460083, 66.5048370361, 15.140912056, 2.23048877716, -11.0902051926, -21.2174816132, -6.04762935638, -8.8651227951, -10.7358369827], [62.7383728027, -149.678741455, 56.4852409363, 56.8873329163, 66.5048370361, 136.577392578, 43.0420150757, 39.0543327332, 5.32906103134, 12.0950269699, 5.33444690704, 35.473865509, 15.7291784286], [-162.209777832, -42.641960144, -37.3997879028, -8.83386325836, 15.140912056, 43.0420150757, 90.9593429565, 44.3388519287, 29.2435340881, 12.3982410431, 8.34812641144, 15.6027154922, 13.7767543793], [239.782836914, -122.372291565, -42.1817169189, 8.23269176483, 2.23048877716, 39.0543327332, 44.3388519287, 115.737075806, 70.92603302, 50.811504364, 14.780629158, 29.8825035095, 14.0241241455], [182.016601562, -13.6937141418, -39.9923667908, 23.3342132568, -11.0902051926, 5.32906103134, 29.2435340881, 70.92603302, 111.662704468, 70.3943862915, 32.0475769043, 24.5276451111, 18.1573753357], [553.688598633, 46.7188949585, -63.3977813721, 32.3661613464, -21.2174816132, 12.0950269699, 12.3982410431, 50.811504364, 70.3943862915, 109.428642273, 56.335483551, 40.4653625488, 23.1079826355], [290.084350586, 82.775894165, -31.5518321991, 17.3980484009, -6.04762935638, 5.33444690704, 8.34812641144, 14.780629158, 32.0475769043, 56.335483551, 73.6275863647, 45.6848678589, 24.077545166], [496.597137451, 57.0738487244, -77.7227096558, 28.9184112549, -8.8651227951, 35.473865509, 15.6027154922, 29.8825035095, 24.5276451111, 40.4653625488, 45.6848678589, 85.4611206055, 52.7202110291], [302.020904541, 58.3306045532, -72.7183532715, 1.06547927856, -10.7358369827, 15.7291784286, 13.7767543793, 14.0241241455, 18.1573753357, 23.1079826355, 24.077545166, 52.7202110291, 74.2410125732]], "icov": [[0.000174768909346, -0.000259927357547, 0.000189417856745, -6.54067262076e-05, 8.22045985842e-05, -0.000375757488655, 0.000712706882041, -0.000593607546762, 0.000396065675886, -0.000695708440617, 0.000378543016268, -0.000421359785832, 4.721548612e-05], [-0.000259927357547, 0.00111912027933, -1.0891230886e-05, -0.000198154215468, -1.87290333997e-05, 0.00124261481687, -0.00131316296756, 0.00186227809172, -0.00058939360315, 0.000880360195879, -0.00107443414163, 0.000371073896531, -0.000248693686444], [0.000189417856745, -1.0891230886e-05, 0.00186041509733, -0.000402371777454, -0.00212816242129, -0.000198180205189, 0.00149568740744, -0.000198645429919, 0.00016305000463, -0.000438713206677, -0.000278272869764, 0.000429564010119, 0.000442107848357], [-6.54067262076e-05, -0.000198154215468, -0.000402371777454, 0.00525721814483, -0.00123984413221, -0.00188331445679, 0.00130208826158, 0.00146249146201, -0.00183903949801, -0.00119476136751, 0.00129700626712, -0.00242418679409, 0.0017765177181], [8.22045985842e-05, -1.87290333997e-05, -0.00212816242129, -0.00123984413221, 0.0161251537502, -0.00732085062191, -0.000452869368019, -0.000438478251453, -0.000325033179251, 0.00387234031223, -0.00383641710505, 0.00387568376027, -0.000970484165009], [-0.000375757488655, 0.00124261481687, -0.000198180205189, -0.00188331445679, -0.00732085062191, 0.0174252912402, -0.00704679405317, -0.000956210133154, 0.00368578918278, -0.00212714984082, 0.00372808706015, -0.00700470991433, 0.000648791203275], [0.000712706882041, -0.00131316296756, 0.00149568740744, 0.00130208826158, -0.000452869368019, -0.00704679405317, 0.019734589383, -0.00683915987611, -0.00167937995866, 0.00081365625374, -0.00150739226956, 0.00118693266995, -0.00156052655075], [-0.000593607546762, 0.00186227809172, -0.000198645429919, 0.00146249146201, -0.000438478251453, -0.000956210133154, -0.00683915987611, 0.0227881856263, -0.0113348327577, -0.00201733922586, 0.00465235114098, -0.00525106396526, 0.00345992273651], [0.000396065675886, -0.00058939360315, 0.00016305000463, -0.00183903949801, -0.000325033179251, 0.00368578918278, -0.00167937995866, -0.0113348327577, 0.0231882669032, -0.0111281182617, -0.000119932628877, 0.00209293025546, -0.00299204466864], [-0.000695708440617, 0.000880360195879, -0.000438713206677, -0.00119476136751, 0.00387234031223, -0.00212714984082, 0.00081365625374, -0.00201733922586, -0.0111281182617, 0.0285972617567, -0.0169569905847, 0.00464234128594, -0.00100995460525], [0.000378543016268, -0.00107443414163, -0.000278272869764, 0.00129700626712, -0.00383641710505, 0.00372808706015, -0.00150739226956, 0.00465235114098, -0.000119932628877, -0.0169569905847, 0.0346936173737, -0.0186477228999, 0.00436707679182], [-0.000421359785832, 0.000371073896531, 0.000429564010119, -0.00242418679409, 0.00387568376027, -0.00700470991433, 0.00118693266995, -0.00525106396526, 0.00209293025546, 0.00464234128594, -0.0186477228999, 0.0387804619968, -0.0187536347657], [4.721548612e-05, -0.000248693686444, 0.000442107848357, 0.0017765177181, -0.000970484165009, 0.000648791203275, -0.00156052655075, 0.00345992273651, -0.00299204466864, -0.00100995460525, 0.00436707679182, -0.0187536347657, 0.0261859092861]]}, "silence_rate_60dB": {"dvar": 0.00926588010043, "var": 0.133956357837, "median": 0, "max": 1, "dmean": 0.00935339555144, "dmean2": 0.018714401871, "mean": 0.15934959054, "dvar2": 0.0216191522777, "min": 0}, "melbands_flatness_db": {"dvar": 0.000734122877475, "var": 0.00413779262453, "median": 0.239616066217, "max": 0.554884970188, "dmean": 0.0287500973791, "dmean2": 0.0459456592798, "mean": 0.251644641161, "dvar2": 0.00193900207523, "min": 0.0121151944622}, "spectral_rms": {"dvar": 3.91470030081e-06, "var": 1.07721098175e-05, "median": 0.00420345272869, "max": 0.021083317697, "dmean": 0.000991226988845, "dmean2": 0.00139560666867, "mean": 0.00455117691308, "dvar2": 6.96151482771e-06, "min": 3.10591309616e-12}, "melbands_spread": {"dvar": 29.7202205658, "var": 109.372817993, "median": 18.2457122803, "max": 158.82762146, "dmean": 4.10973501205, "dmean2": 6.61968946457, "mean": 18.7016029358, "dvar2": 72.615524292, "min": 0.494776517153}, "average_loudness": 0.778230428696, "erbbands_kurtosis": {"dvar": 7.72202539444, "var": 14.4366092682, "median": 0.885611653328, "max": 95.3467636108, "dmean": 1.36529111862, "dmean2": 2.22185897827, "mean": 1.84983313084, "dvar2": 18.0720825195, "min": -1.56804704666}, "spectral_energy": {"dvar": 0.00232417602092, "var": 0.00294673629105, "median": 0.0181107409298, "max": 0.455618977547, "dmean": 0.0173629745841, "dmean2": 0.0259655099362, "mean": 0.0322725325823, "dvar2":