{"lowlevel": {"spectral_strongpeak": {"max": 30.4538497925, "dmean": 0.428902208805, "dvar2": 3.53073334694, "dmean2": 0.735595047474, "var": 3.39054369926, "median": 0.376338481903, "min": 0, "dvar": 1.44712436199, "mean": 0.749752044678}, "barkbands_flatness_db": {"max": 0.383440077305, "dmean": 0.0188759937882, "dvar2": 0.000665007857606, "dmean2": 0.029493983835, "var": 0.00201949989423, "median": 0.105699561536, "min": 0.019992697984, "dvar": 0.000271356024314, "mean": 0.112097091973}, "barkbands_skewness": {"max": 9.75065231323, "dmean": 0.5126978755, "dvar2": 0.568578541279, "dmean2": 0.829970479012, "var": 1.68028330803, "median": 1.29148769379, "min": -5.12322378159, "dvar": 0.21604886651, "mean": 1.36043870449}, "spectral_energyband_middle_high": {"max": 0.178906261921, "dmean": 0.00181478320155, "dvar2": 5.80932792218e-05, "dmean2": 0.00278226612136, "var": 0.000100196077256, "median": 0.00302776042372, "min": 1.66422135533e-21, "dvar": 2.55214272329e-05, "mean": 0.00547686312348}, "erbbands_kurtosis": {"max": 154.624160767, "dmean": 1.25772047043, "dvar2": 24.4950141907, "dmean2": 2.03011465073, "var": 53.1399650574, "median": -0.278304189444, "min": -1.87153720856, "dvar": 11.0933675766, "mean": 1.27937030792}, "erbbands_crest": {"max": 34.3050880432, "dmean": 2.79125785828, "dvar2": 21.2537155151, "dmean2": 4.66233301163, "var": 26.7486152649, "median": 7.2109003067, "min": 2.14536714554, "dvar": 7.96350765228, "mean": 8.74153518677}, "dynamic_complexity": 4.54113912582, "barkbands_crest": {"max": 26.4077510834, "dmean": 2.71678590775, "dvar2": 14.5750808716, "dmean2": 4.4508767128, "var": 20.8773117065, "median": 10.0945148468, "min": 2.35002756119, "dvar": 5.59631967545, "mean": 10.8922634125}, "dissonance": {"max": 0.5, "dmean": 0.0131550468504, "dvar2": 0.00075267907232, "dmean2": 0.0226137731224, "var": 0.000402388832299, "median": 0.484125196934, "min": 0.168030038476, "dvar": 0.000273910380201, "mean": 0.479119807482}, "spectral_energyband_low": {"max": 0.197260782123, "dmean": 0.0077102901414, "dvar2": 0.00045035846415, "dmean2": 0.0126504544169, "var": 0.000330604496412, "median": 0.0113140251487, "min": 6.28571879236e-23, "dvar": 0.000161567149917, "mean": 0.0167974028736}, "spectral_contrast_coeffs": {"max": [-0.438140928745, -0.378710150719, -0.370977580547, -0.488850742579, -0.542307555676, -0.594940006733], "dmean": [0.0485957749188, 0.0461608655751, 0.0375475920737, 0.02779937163, 0.0210507679731, 0.0178209524602], "dvar2": [0.00438579171896, 0.00380684738047, 0.00264607137069, 0.00139109720476, 0.000769058417063, 0.000516679720022], "dmean2": [0.0828094780445, 0.0775552019477, 0.0634349659085, 0.0463832318783, 0.035331774503, 0.0284932944924], "var": [0.00316546461545, 0.00400838069618, 0.00399025622755, 0.00214387453161, 0.00128762947861, 0.00121817796025], "median": [-0.678595125675, -0.777468264103, -0.804518938065, -0.815928399563, -0.80291223526, -0.730213522911], "min": [-0.964988589287, -0.977380037308, -0.969887435436, -0.967434763908, -0.953744530678, -0.963344335556], "dvar": [0.00152985972818, 0.0013444267679, 0.000932419439778, 0.000518561515491, 0.000281755201286, 0.000210607628105], "mean": [-0.675646781921, -0.773656249046, -0.796596288681, -0.810758888721, -0.795852720737, -0.731417179108]}, "silence_rate_60dB": {"max": 1, "dmean": 0.0248645208776, "dvar2": 0.0553161837161, "dmean2": 0.0497322119772, "var": 0.176339417696, "median": 0, "min": 0, "dvar": 0.0242409128696, "mean": 0.228611499071}, "mfcc": {"icov": [[0.000532987818588, -0.000202156617888, 0.000205214106245, 0.000183106618351, 6.78039141349e-05, 0.000343229243299, 0.0004186751612, 0.000366859720089, -0.000114809612569, 0.000533979560714, -0.000970631488599, 0.000321638915921, -0.000154867899255], [-0.000202156617888, 0.00212581874803, 0.000718529801816, -0.000167517413502, -0.000326682813466, 0.000482647010358, -0.000574158155359, 0.00113275554031, -0.00059086404508, 0.000421962351538, -0.000725907622837, -2.82695382339e-05, -0.000331859453581], [0.000205214106245, 0.000718529801816, 0.00328527321108, -0.00126435421407, 0.00122773705516, -1.50338712501e-06, -0.000682635814883, 0.00117756973486, 0.000428753060987, -0.00133479619399, 0.00134044827428, -0.00127899006475, -0.000708325009327], [0.000183106618351, -0.000167517413502, -0.00126435421407, 0.00513518508524, -0.00181165453978, -0.00113994348794, 0.00304657616653, -0.00118041550741, 0.000432528875535, 0.00202686316334, -0.00331028783694, 0.001824829611, -0.000157693662914], [6.78039141349e-05, -0.000326682813466, 0.00122773705516, -0.00181165453978, 0.00843583419919, -0.00182570889592, -0.000413327128626, 0.00271637318656, -0.0015119726304, 0.00043604747043, 0.000536994135473, -0.00147015729453, 0.000234255101532], [0.000343229243299, 0.000482647010358, -1.50338712501e-06, -0.00113994348794, -0.00182570889592, 0.00838755536824, -0.00175577658229, -0.00106616935227, 0.000444349192549, -0.00212485902011, 0.00165156065486, 0.00072287855437, -0.00129918032326], [0.0004186751612, -0.000574158155359, -0.000682635814883, 0.00304657616653, -0.000413327128626, -0.00175577658229, 0.00909981597215, -0.00332324183546, -0.000460452574771, 0.00326144741848, -0.00381090887822, 0.00137666845694, -0.00172579765785], [0.000366859720089, 0.00113275554031, 0.00117756973486, -0.00118041550741, 0.00271637318656, -0.00106616935227, -0.00332324183546, 0.0113024292514, -0.00253804330714, -0.00165785581339, 0.00252113630995, -0.0036015175283, 0.00285873143002], [-0.000114809612569, -0.00059086404508, 0.000428753060987, 0.000432528875535, -0.0015119726304, 0.000444349192549, -0.000460452574771, -0.00253804330714, 0.0118308616802, -0.00308952620253, -0.00187162181828, 0.00154152244795, -0.0018829323817], [0.000533979560714, 0.000421962351538, -0.00133479619399, 0.00202686316334, 0.00043604747043, -0.00212485902011, 0.00326144741848, -0.00165785581339, -0.00308952620253, 0.011578142643, -0.00223828386515, -0.00147242064122, 0.00224231439643], [-0.000970631488599, -0.000725907622837, 0.00134044827428, -0.00331028783694, 0.000536994135473, 0.00165156065486, -0.00381090887822, 0.00252113630995, -0.00187162181828, -0.00223828386515, 0.0131705189124, -0.00327044446021, 0.00216537085362], [0.000321638915921, -2.82695382339e-05, -0.00127899006475, 0.001824829611, -0.00147015729453, 0.00072287855437, 0.00137666845694, -0.0036015175283, 0.00154152244795, -0.00147242064122, -0.00327044446021, 0.0163821280003, -0.00482148956507], [-0.000154867899255, -0.000331859453581, -0.000708325009327, -0.000157693662914, 0.000234255101532, -0.00129918032326, -0.00172579765785, 0.00285873143002, -0.0018829323817, 0.00224231439643, 0.00216537085362, -0.00482148956507, 0.0162167418748]], "cov": [[6505.27441406, 2124.33300781, -1353.45043945, 214.001678467, 318.291595459, -719.823608398, -127.796188354, -782.886779785, 103.71383667, -642.87310791, 816.807312012, -250.846298218, 27.9919910431], [2124.33300781, 1371.21142578, -639.875061035, 97.6232299805, 185.101119995, -285.012756348, 8.26892662048, -341.066101074, 69.7138366699, -280.941009521, 350.407440186, -100.541534424, 27.1041526794], [-1353.45043945, -639.875061035, 721.137695313, 6.58909082413, -124.664680481, 171.430603027, -6.91581392288, 162.406692505, -54.6179084778, 180.584976196, -215.42868042, 80.8152313232, 13.1935968399], [214.001678467, 97.6232299805, 6.58909082413, 331.772155762, 78.4717178345, -1.56357371807, -81.1262435913, -60.0804176331, -10.2236661911, -51.5840454102, 71.8555831909, -30.3882484436, -4.42975139618], [318.291595459, 185.101119995, -124.664680481, 78.4717178345, 180.277496338, -10.1258249283, -12.3825883865, -79.8769989014, 18.8084392548, -53.2076721191, 59.8932533264, -16.5007457733, 8.13091850281], [-719.823608398, -285.012756348, 171.430603027, -1.56357371807, -10.1258249283, 226.259780884, 30.655954361, 109.43359375, -7.85277795792, 92.3120040894, -106.215675354, 27.2759170532, 5.626121521], [-127.796188354, 8.26892662048, -6.91581392288, -81.1262435913, -12.3825883865, 30.655954361, 178.683166504, 52.7169723511, 17.3061084747, -13.1051635742, 9.49931526184, 8.7431344986, 15.3676986694], [-782.886779785, -341.066101074, 162.406692505, -60.0804176331, -79.8769989014, 109.43359375, 52.7169723511, 234.329849243, 11.4485273361, 110.769493103, -112.292098999, 50.4936904907, -17.7041549683], [103.71383667, 69.7138366699, -54.6179084778, -10.2236661911, 18.8084392548, -7.85277795792, 17.3061084747, 11.4485273361, 108.089271545, 17.2756881714, 34.5641326904, -2.59400296211, 3.62984609604], [-642.87310791, -280.941009521, 180.584976196, -51.5840454102, -53.2076721191, 92.3120040894, -13.1051635742, 110.769493103, 17.2756881714, 192.859069824, -79.671257019, 42.9407272339, -18.5156536102], [816.807312012, 350.407440186, -215.42868042, 71.8555831909, 59.8932533264, -106.215675354, 9.49931526184, -112.292098999, 34.5641326904, -79.671257019, 216.537567139, -23.8276119232, -3.27653026581], [-250.846298218, -100.541534424, 80.8152313232, -30.3882484436, -16.5007457733, 27.2759170532, 8.7431344986, 50.4936904907, -2.59400296211, 42.9407272339, -23.8276119232, 87.2611618042, 16.1212329865], [27.9919910431, 27.1041526794, 13.1935968399, -4.42975139618, 8.13091850281, 5.626121521, 15.3676986694, -17.7041549683, 3.62984609604, -18.5156536102, -3.27653026581, 16.1212329865, 76.3217544556]], "mean": [-636.127197266, 89.1284255981, 21.5965309143, 23.6032352448, 3.04520797729, 21.2840385437, 6.49956703186, 6.83830881119, 5.11346149445, 10.7286043167, -3.43290376663, 8.90429592133, -0.907955110073]}, "melbands_spread": {"max": 254.212142944, "dmean": 12.6583442688, "dvar2": 830.245483398, "dmean2": 20.8811187744, "var": 1279.2557373, "median": 25.6752357483, "min": 0.916954219341, "dvar": 303.024291992, "mean": 38.5343933105}, "barkbands_kurtosis": {"max": 141.357879639, "dmean": 2.00565052032, "dvar2": 29.6468276978, "dmean2": 3.29615330696, "var": 84.3300170898, "median": 0.902687132359, "min": -1.95893120766, "dvar": 11.3330039978, "mean": 3.08285570145}, "spectral_energyband_high": {"max": 0.0158668011427, "dmean": 0.000439987459686, "dvar2": 6.97974883224e-07, "dmean2": 0.000622096296865, "var": 1.84117413937e-06, "median": 0.000953596550971, "min": 7.5691000393e-21, "dvar": 3.83690263561e-07, "mean": 0.00143648579251}, "hfc": {"max": 364.379089355, "dmean": 5.82525730133, "dvar2": 238.670028687, "dmean2": 8.5738735199, "var": 493.141235352, "median": 18.7109470367, "min": 1.15352467238e-16, "dvar": 110.015975952, "mean": 23.4546070099}, "spectral_skewness": {"max": 3.31637787819, "dmean": 0.132168859243, "dvar2": 0.0319063030183, "dmean2": 0.204632744193, "var": 0.264806807041, "median": 1.09764266014, "min": -0.303860872984, "dvar": 0.0139340190217, "mean": 1.05421566963}, "erbbands": {"max": [2.91679811478, 39.8581199646, 68.7186889648, 115.08782959, 193.429092407, 162.981124878, 285.799438477, 303.145782471, 1366.79589844, 4228.91796875, 592.419250488, 1164.79211426, 2171.99438477, 3326.08496094, 4647.69775391, 2542.24902344, 3423.40112305, 7097.98730469, 9111.66894531, 4168.06347656, 3195.24291992, 2061.88134766, 6998.63037109, 3947.84033203, 590.948242188, 323.650482178, 346.410430908, 308.413238525, 353.858459473, 253.253479004, 187.202758789, 199.316711426, 132.64781189, 31.9389457703, 10.9587163925, 8.33634567261, 6.56067800522, 2.30893921852, 0.0780916884542, 0.0013437474845], "dmean": [0.115703783929, 1.6422213316, 2.75649142265, 3.57246565819, 5.52532052994, 3.02560043335, 7.38114452362, 7.47994613647, 7.67414283752, 17.8051509857, 14.9493122101, 21.5585384369, 9.11299610138, 13.1325235367, 17.9938316345, 16.1024837494, 17.5406131744, 19.6196041107, 19.6344394684, 14.1451969147, 11.1562976837, 10.213599205, 10.3656759262, 6.46127128601, 5.6021490097, 6.24076747894, 7.31301689148, 6.10849285126, 4.01052188873, 2.89158606529, 5.02322721481, 1.23836064339, 1.77496981621, 0.521650731564, 0.222659483552, 0.111108385026, 0.0724755302072, 0.0255976393819, 0.000809058488812, 2.26858046517e-05], "dvar2": [0.110922038555, 18.8425788879, 65.0807647705, 120.092514038, 271.194213867, 86.7141494751, 550.260314941, 423.726135254, 1134.52490234, 9644.14355469, 2729.49536133, 14420.4023438, 1767.80603027, 4897.71826172, 10024.7939453, 5863.79882813, 10282.6796875, 32315.0039063, 43467.90625, 10496.1035156, 8051.64648438, 3906.5144043, 22195.4453125, 3616.65014648, 428.077484131, 302.588195801, 371.949981689, 393.708862305, 155.14100647, 76.5299224854, 164.041305542, 32.733001709, 22.329498291, 2.10740184784, 0.374215185642, 0.10261669755, 0.0629795193672, 0.00833238568157, 1.10582141133e-05, 3.78130149414e-09], "dmean2": [0.19477891922, 2.64896678925, 4.6715426445, 6.28229093552, 9.626496315, 5.10783672333, 12.0961799622, 12.3625364304, 12.7095413208, 29.1217346191, 24.8564014435, 37.8092384338, 14.6759538651, 20.685213089, 28.7359676361, 26.4635696411, 28.9617996216, 32.0679626465, 31.4678878784, 22.2245559692, 17.6243782043, 16.8866558075, 16.7248287201, 10.118473053, 8.92791748047, 9.88072299957, 11.3955764771, 9.34702682495, 6.05673265457, 4.21864700317, 8.36473178864, 1.92454767227, 2.77543973923, 0.783260285854, 0.325102806091, 0.161596685648, 0.106979638338, 0.0388145819306, 0.00127222843003, 3.48365319951e-05], "var": [0.0587774850428, 15.2693042755, 33.672328949, 54.0677490234, 124.214378357, 49.8761291504, 371.134857178, 341.076812744, 1888.29553223, 14998.3037109, 1334.63928223, 3825.83862305, 2431.17626953, 13289.9501953, 30516.1113281, 7425.42724609, 7077.64550781, 27387.2011719, 48448.1796875, 11241.6435547, 4733.48876953, 2912.27514648, 22567.6054688, 2717.33251953, 294.750671387, 308.622680664, 477.439819336, 497.671875, 157.247879028, 77.3119354248, 133.093078613, 22.4330730438, 17.3331241608, 2.89005684853, 0.457650542259, 0.117557734251, 0.0571163147688, 0.00575297744945, 5.75767535338e-06, 3.97868138435e-09], "median": [0.120002970099, 1.78940248489, 2.75906515121, 2.77784204483, 4.12879371643, 2.93604040146, 5.32417869568, 7.37069034576, 5.95105171204, 7.56143283844, 9.25260162354, 9.78701591492, 7.63547134399, 6.17157506943, 7.25336170197, 9.56481933594, 12.0688095093, 14.7381763458, 12.8721895218, 11.3497524261, 8.81300354004, 10.4572811127, 8.64681529999, 6.00755596161, 6.42511940002, 8.12895774841, 8.60768508911, 5.32976055145, 4.14345264435, 3.67750930786, 6.74384403229, 2.5257267952, 2.80427837372, 0.613052070141, 0.213354110718, 0.0679022073746, 0.0387222021818, 0.0106137320399, 0.000290318654152, 5.33237835043e-05], "min": [3.46041118839e-22, 3.65827896044e-21, 1.76716087256e-20, 2.31340057605e-20, 5.7438426534e-20, 2.43514579409e-19, 4.83126934278e-19, 7.99907743974e-19, 5.37541666706e-19, 1.02531880359e-18, 9.43314289014e-19, 6.30387417189e-19, 1.35010858277e-18, 2.51751881763e-18, 1.82141551969e-18, 3.61096804218e-18, 3.77508274367e-18, 4.11107358232e-18, 7.03475917382e-18, 7.63198936635e-18, 7.7435454253e-18, 1.01634168124e-17, 9.91112093529e-18, 1.0522970718e-17, 1.29368384282e-17, 1.33016242511e-17, 1.74210904079e-17, 2.09564024433e-17, 1.58879574647e-17, 1.80184438504e-17, 1.88436756254e-17, 1.65212601765e-17, 1.22550621052e-17, 8.59542813248e-18, 7.87656930269e-18, 4.17114385199e-18, 3.12168740114e-18, 1.28128860338e-18, 3.15487900549e-19, 3.36391995399e-20], "dvar": [0.0398913174868, 6.91075706482, 22.7448425293, 40.950717926, 94.5683441162, 30.8639583588, 214.866729736, 158.827026367, 458.93850708, 4041.26416016, 982.487915039, 4836.71435547, 846.058166504, 2571.31298828, 4849.51708984, 2385.31347656, 4429.45996094, 14691.8427734, 16311.3320313, 4768.97998047, 3342.22607422, 1571.59179688, 10308.2246094, 1922.265625, 168.882598877, 126.160934448, 163.659393311, 166.386001587, 65.7673797607, 34.6332168579, 60.7708892822, 13.0100603104, 9.05163288116, 0.948739469051, 0.173722073436, 0.0481499806046, 0.0281952805817, 0.00373274600133, 4.69895758215e-06, 1.65474400848e-09], "mean": [0.19766408205, 3.36056041718, 4.77737903595, 5.3614487648, 7.80335044861, 4.91683387756, 11.8827171326, 13.5839443207, 14.9617586136, 31.6260662079, 22.0629825592, 26.3697719574, 16.8973293304, 25.6409683228, 37.7777824402, 30.8096370697, 30.992477417, 34.3262138367, 35.9281082153, 25.4731712341, 19.3893432617, 19.0263786316, 19.1180839539, 11.4321088791, 11.3397598267, 14.0814857483, 16.6609573364, 13.677447319, 8.86251735687, 6.62935256958, 10.0751953125, 3.5206618309, 3.91549992561, 1.32053589821, 0.491606771946, 0.205029889941, 0.125362992287, 0.0378920249641, 0.00106947997119, 6.27425251878e-05]}, "spectral_contrast_valleys": {"max": [-5.04995441437, -4.40915298462, -5.21258735657, -5.53346061707, -5.44922065735, -8.15331363678], "dmean": [0.377656280994, 0.34051322937, 0.277518600225, 0.227997720242, 0.206659778953, 0.188743144274], "dvar2": [0.252603054047, 0.198762074113, 0.135003641248, 0.0870975777507, 0.0799640119076, 0.056657359004], "dmean2": [0.629764556885, 0.568706393242, 0.464247107506, 0.369441390038, 0.318466961384, 0.260913342237], "var": [1.27966034412, 1.55625200272, 0.91606593132, 1.16000974178, 1.00228381157, 0.455248743296], "median": [-6.73590564728, -6.38769626617, -7.05145120621, -7.14995098114, -7.11481761932, -9.66386795044], "min": [-27.3823413849, -27.168592453, -27.5030078888, -27.1744632721, -27.3501300812, -27.2191543579], "dvar": [0.105128496885, 0.0860885754228, 0.0631320774555, 0.0493664853275, 0.0524646863341, 0.0450015924871], "mean": [-7.13894939423, -6.90669727325, -7.30982685089, -7.58988666534, -7.4779586792, -9.72906589508]}, "average_loudness": 0.552222967148, "erbbands_spread": {"max": 147.515991211, "dmean": 9.59099388123, "dvar2": 217.266525269, "dmean2": 15.328494072, "var": 421.779266357, "median": 49.6101455688, "min": 1.02667224407, "dvar": 84.5397415161, "mean": 50.926902771}, "melbands_flatness_db": {"max": 0.418302983046, "dmean": 0.0252212602645, "dvar2": 0.00118075800128, "dmean2": 0.0400638245046, "var": 0.0030215983279, "median": 0.17504376173, "min": 0.00259460718371, "dvar": 0.000459287897684, "mean": 0.179538741708}, "barkbands_spread": {"max": 113.81628418, "dmean": 7.84123897552, "dvar2": 168.032531738, "dmean2": 12.6561203003, "var": 634.992370605, "median": 32.8382263184, "min": 0.610977351665, "dvar": 63.2922706604, "mean": 41.1807060242}, "spectral_decrease": {"max": -6.70771427345e-29, "dmean": 2.57006305127e-09, "dvar2": 4.14322129508e-17, "dmean2": 4.18516910017e-09, "var": 5.41975255528e-17, "median": -7.51995088422e-09, "min": -7.9747032089e-08, "dvar": 1.52472581038e-17, "mean": -8.0342976716e-09}, "melbands_crest": {"max": 34.3902053833, "dmean": 3.05022859573, "dvar2": 18.2675094604, "dmean2": 5.06090641022, "var": 19.6720046997, "median": 14.9628362656, "min": 1.78515291214, "dvar": 6.71230220795, "mean": 14.9916591644}, "erbbands_flatness_db": {"max": 0.446578472853, "dmean": 0.0147820832208, "dvar2": 0.000489670084789, "dmean2": 0.0223407335579, "var": 0.0018434964586, "median": 0.119937807322, "min": 0.0508842915297, "dvar": 0.000216965054278, "mean": 0.127444863319}, "melbands_kurtosis": {"max": 270.911437988, "dmean": 7.73459386826, "dvar2": 295.50378418, "dmean2": 12.7921304703, "var": 623.139648438, "median": 9.85877990723, "min": -1.88246357441, "dvar": 109.999191284, "mean": 16.971988678}, "spectral_rms": {"max": 0.0175762232393, "dmean": 0.000769330421463, "dvar2": 2.2687602268e-06, "dmean2": 0.00122672121506, "var": 7.45293937143e-06, "median": 0.0054707787931, "min": 3.23335867629e-12, "dvar": 8.70749204296e-07, "mean": 0.0049199857749}, "melbands_skewness": {"max": 13.5850315094, "dmean": 0.833034694195, "dvar2": 1.63414537907, "dmean2": 1.35370755196, "var": 3.38819384575, "median": 2.92398452759, "min": -3.404545784, "dvar": 0.609569787979, "mean": 3.21852016449}, "barkbands": {"max": [0.00462459400296, 0.145549923182, 0.0436880737543, 0.0476484447718, 0.0606197863817, 0.0346578918397, 0.262875795364, 0.0302506368607, 0.0397794246674, 0.0613180845976, 0.110307373106, 0.0935466140509, 0.116663619876, 0.121658541262, 0.176012173295, 0.0839999988675, 0.0577347762883, 0.118131935596, 0.0546643957496, 0.00560389086604, 0.00712603796273, 0.00620105443522, 0.0060770069249, 0.00603886693716, 0.00186484621372, 0.0019623329863, 0.00141016952693], "dmean": [0.000167460879311, 0.00628246320412, 0.0018788096495, 0.0017364139203, 0.00123886286747, 0.000897525111213, 0.000906685425434, 0.00059374346165, 0.000837376224808, 0.000315181649057, 0.000489468860906, 0.000413717352785, 0.000400737189921, 0.000393703521695, 0.000360206875484, 0.000242305264692, 0.000193758998648, 0.000179163180292, 0.000118515024951, 0.000129225605633, 0.000173665437615, 0.000107731808384, 0.0001307852217, 7.72058119765e-05, 3.61952843377e-05, 3.56869313691e-05, 9.05716478883e-06], "dvar2": [2.31953904972e-07, 0.000278317806078, 3.34128781105e-05, 2.50060165854e-05, 1.42799044625e-05, 6.02313139098e-06, 2.69758111244e-05, 3.8819330257e-06, 1.83293814189e-05, 2.06083359444e-06, 6.80753237248e-06, 5.75800322622e-06, 7.48286174712e-06, 1.21050743473e-05, 1.56177557074e-05, 4.98270492244e-06, 2.12498480323e-06, 5.15814008395e-06, 7.99444933364e-07, 1.2809809391e-07, 2.26328708663e-07, 8.99025778267e-08, 1.06647505049e-07, 5.33312345397e-08, 1.02843218386e-08, 1.07062225752e-08, 2.0492887387e-09], "dmean2": [0.000285151414573, 0.0101797543466, 0.00326420483179, 0.00302828871645, 0.00209088274278, 0.00147323613055, 0.00146137515549, 0.000989756314084, 0.00145619781688, 0.000513519218657, 0.00076672033174, 0.000671117682941, 0.000659587618429, 0.000649050518405, 0.000571328913793, 0.000380058801966, 0.000321059662383, 0.000290423078695, 0.000186387464055, 0.000206316472031, 0.000265323615167, 0.000160464463988, 0.000213082530536, 0.00012005714234, 5.30631477886e-05, 5.20131034136e-05, 1.45903868543e-05], "var": [1.03209110591e-07, 0.000219768713578, 1.27086632347e-05, 1.25873984871e-05, 8.08349795989e-06, 5.13640316058e-06, 5.37076448381e-05, 1.96817950382e-06, 5.33440288564e-06, 1.91493018065e-06, 1.64844150277e-05, 1.78187892743e-05, 4.53318580185e-06, 8.5588408183e-06, 1.90329246834e-05, 2.95594736599e-06, 1.95016195903e-06, 5.33134925718e-06, 5.69555481889e-07, 1.25692636743e-07, 3.51757677208e-07, 1.03383314354e-07, 1.00024614369e-07, 4.28157562737e-08, 1.42812712767e-08, 1.11608171594e-08, 9.1626062293e-10], "median": [8.11686040834e-05, 0.00722301658243, 0.00132402568124, 0.00104556046426, 0.00108649232425, 0.000914045376703, 0.000462645955849, 0.000345523614669, 0.000418836280005, 0.000172849773662, 0.000133496068884, 0.000199258356588, 0.000237808795646, 0.000272021716228, 0.000215804902837, 0.000162132739206, 0.000174032640643, 0.000146487102029, 0.000110179709736, 0.000165684716194, 0.000178079964826, 0.000117061397759, 0.000206540062209, 0.000141438911669, 3.6252396967e-05, 2.1063395252e-05, 2.49200661528e-06], "min": [2.13328372938e-23, 1.44811701242e-23, 1.29466778914e-23, 1.45064010514e-23, 7.20116978476e-23, 7.76955795093e-23, 2.07586727725e-23, 4.69333552868e-23, 2.99629061771e-23, 4.85188457994e-23, 4.05378674461e-23, 6.5162277354e-23, 7.82611170477e-23, 8.93970877934e-23, 1.6566750488e-22, 9.56446957688e-23, 1.86473944758e-22, 2.51832042633e-22, 2.20860151803e-22, 2.81545618277e-22, 5.02661512475e-22, 4.89269203902e-22, 6.37327364381e-22, 8.43100557683e-22, 9.3022871743e-22, 1.40209355455e-21, 2.24210253479e-21], "dvar": [8.46768415386e-08, 0.000101825826277, 1.16838682516e-05, 8.65183574206e-06, 5.18168553754e-06, 2.30528758038e-06, 1.17481222333e-05, 1.40815279792e-06, 6.15029512119e-06, 9.23277696074e-07, 3.81858126275e-06, 2.71300314125e-06, 3.21175639328e-06, 5.17160833624e-06, 5.93446111452e-06, 2.12592908611e-06, 8.88246233899e-07, 2.4456301162e-06, 4.09066331031e-07, 5.26853511928e-08, 1.0158827024e-07, 3.94941146453e-08, 4.20290930947e-08, 2.11537010131e-08, 4.65051863685e-09, 4.91931873015e-09, 8.68672689336e-10], "mean": [0.000215255960939, 0.0129135875031, 0.00256487983279, 0.00244904845022, 0.00193025206681, 0.0016892827116, 0.00178466562647, 0.000852140947245, 0.00106004136615, 0.000501131173223, 0.000889288377948, 0.00083198514767, 0.000658006581943, 0.000641817809083, 0.000641279038973, 0.00037909988896, 0.000345910375472, 0.000320037157508, 0.00021310961165, 0.000287877337541, 0.00040446445928, 0.00023470245651, 0.000287349452265, 0.000192673294805, 8.84388064151e-05, 6.38816127321e-05, 1.05871049527e-05]}, "spectral_kurtosis": {"max": 30.9088783264, "dmean": 0.585128486156, "dvar2": 1.11544716358, "dmean2": 0.950065076351, "var": 3.66792750359, "median": 1.92811393738, "min": -1.29452502728, "dvar": 0.428244352341, "mean": 2.05872106552}, "erbbands_skewness": {"max": 10.3554821014, "dmean": 0.359767735004, "dvar2": 0.378476470709, "dmean2": 0.571316421032, "var": 1.49405407906, "median": -0.128050297499, "min": -7.66376686096, "dvar": 0.150382980704, "mean": -0.284268021584}, "melbands": {"max": [0.0304264631122, 0.0453514531255, 0.0189289413393, 0.01211203821, 0.00923439580947, 0.00600526481867, 0.0337025597692, 0.037026964128, 0.00469324504957, 0.00664381869137, 0.0106869023293, 0.0122851366177, 0.0128489546478, 0.0109394565225, 0.00738139310852, 0.0135528147221, 0.0159002225846, 0.0120416078717, 0.011365105398, 0.00881623849273, 0.00294231576845, 0.00333462818526, 0.00819083489478, 0.00377553747967, 0.00416297698393, 0.000416054594098, 0.000338419078616, 0.000255695194937, 0.000251145480433, 0.000190911261598, 0.000210646423511, 0.00025189423468, 0.000103548489278, 0.000215255990042, 0.00016787549248, 0.000140784453833, 0.000103553829831, 0.000147027181811, 5.5835218518e-05, 2.50023604167e-05], "dmean": [0.001421266119, 0.00173870695289, 0.000682885118295, 0.000275157421129, 0.000229897923418, 0.000164424433024, 0.000135059832246, 0.000173591834027, 0.000129690932226, 0.000129054082208, 4.36411282863e-05, 5.18846281921e-05, 6.95678099873e-05, 4.67947902507e-05, 4.16462571593e-05, 3.69336812582e-05, 3.87587570003e-05, 3.21079787682e-05, 2.4337643481e-05, 1.9357950805e-05, 1.30808139147e-05, 1.17507916002e-05, 1.14486492748e-05, 7.59504200687e-06, 5.60598527954e-06, 4.52302674603e-06, 4.51410187452e-06, 4.45713430963e-06, 4.90350885229e-06, 4.96697566632e-06, 3.45877583641e-06, 2.60214847003e-06, 2.13569910557e-06, 1.63491210969e-06, 3.22843561662e-06, 1.58910177106e-06, 7.54174379836e-07, 1.6618622567e-06, 6.12224027918e-07, 4.39810207808e-07], "dvar2": [1.4814019778e-05, 2.32965667237e-05, 3.9847559492e-06, 6.80869163716e-07, 5.34134187546e-07, 2.01816234835e-07, 4.62473138896e-07, 7.91313084392e-07, 2.35672047211e-07, 4.99770749229e-07, 4.12753635715e-08, 7.36779952604e-08, 1.05871741596e-07, 7.32265945658e-08, 6.19635045496e-08, 5.63942244014e-08, 1.45598079371e-07, 9.25109162608e-08, 5.88923541045e-08, 3.99521482564e-08, 1.02602371044e-08, 7.8150135252e-09, 1.82128498949e-08, 6.54584875193e-09, 3.8005234515e-09, 3.31487864935e-10, 2.13883230571e-10, 1.65422134324e-10, 1.8655138545e-10, 2.09050929345e-10, 1.58309254594e-10, 8.03739991229e-11, 4.22331683514e-11, 4.29886959363e-11, 8.08170474986e-11, 2.66747023775e-11, 1.2774899194e-11, 2.28525393053e-11, 3.6504215449e-12, 1.82421243909e-12], "dmean2": [0.00233830884099, 0.00286115403287, 0.00119280361105, 0.000473356019938, 0.000376023555873, 0.000271142343991, 0.000220471978537, 0.000285532325506, 0.000218476823648, 0.000225930518354, 6.98683361406e-05, 8.22603105917e-05, 0.000111113185994, 7.65814766055e-05, 6.81915407768e-05, 6.06070570939e-05, 6.37465054751e-05, 5.21776200912e-05, 3.81482350349e-05, 3.06771726173e-05, 2.11839033e-05, 1.96321580006e-05, 1.87093701243e-05, 1.24581583805e-05, 8.87913120096e-06, 7.30507053959e-06, 7.34820469006e-06, 7.17894545232e-06, 7.82002098276e-06, 7.78143112257e-06, 5.42229236089e-06, 4.06325762015e-06, 3.20528261e-06, 2.50672474067e-06, 5.40087830814e-06, 2.62062258116e-06, 1.16999603961e-06, 2.62819412455e-06, 9.51925244408e-07, 6.71268480801e-07], "var": [1.04009423012e-05, 1.61075022334e-05, 1.93974597096e-06, 3.63250933333e-07, 3.55795634732e-07, 1.68492107377e-07, 9.33905823786e-07, 1.17586216675e-06, 9.5600057648e-08, 1.37074223971e-07, 5.78435574994e-08, 1.87633190762e-07, 2.69809618203e-07, 2.63531006794e-07, 5.42566525041e-08, 3.06613117118e-08, 1.15181308047e-07, 9.06300172687e-08, 7.61574909802e-08, 2.61882924235e-08, 7.30912219638e-09, 5.86075055153e-09, 1.90638722586e-08, 5.73993519382e-09, 2.77474776489e-09, 1.82700785056e-10, 1.60166740981e-10, 1.40246203539e-10, 1.85803844532e-10, 2.29131894014e-10, 1.55744542263e-10, 5.99877578167e-11, 3.66439968646e-11, 2.6781339299e-11, 5.77352506081e-11, 1.78574065257e-11, 8.42951663332e-12, 1.65348099795e-11, 3.32418662909e-12, 2.09726246786e-12], "median": [0.00162568828091, 0.00202378048562, 0.000570082978811, 0.000259145570453, 0.000180518924026, 0.000171421081177, 9.44696075749e-05, 8.23823647806e-05, 7.30025931261e-05, 5.8304220147e-05, 3.42926578014e-05, 2.29104098253e-05, 2.08997025766e-05, 2.42000460275e-05, 2.14930805669e-05, 2.68182666332e-05, 2.52481659118e-05, 1.94686945179e-05, 1.58422226377e-05, 1.18767566164e-05, 8.91080617293e-06, 1.01474224721e-05, 9.06443801796e-06, 6.21809249424e-06, 4.24621157435e-06, 4.12181361753e-06, 4.90792353958e-06, 5.16729096489e-06, 5.38337872058e-06, 4.3482896217e-06, 2.48555579674e-06, 2.3748930289e-06, 1.94231915884e-06, 1.86608372132e-06, 4.19447042077e-06, 2.23484357775e-06, 1.06305765257e-06, 2.18158538701e-06, 7.69965879499e-07, 3.59488439017e-07], "min": [4.86682095121e-24, 8.66925554883e-24, 7.0765430146e-24, 1.18685440588e-23, 1.94009705794e-23, 1.64354341774e-23, 7.37120228422e-24, 1.31470588165e-23, 7.53802348871e-24, 3.76217902563e-24, 7.26663167149e-24, 9.22045159596e-24, 6.37723123276e-24, 5.17572113232e-24, 7.50094465958e-24, 7.74294825264e-24, 7.88464108186e-24, 9.80426625267e-24, 1.58744215452e-23, 7.97992916832e-24, 8.97758262249e-24, 9.49089125808e-24, 1.07140555904e-23, 1.11724011312e-23, 7.36806813985e-24, 9.11549444139e-24, 8.3108010978e-24, 9.25822620041e-24, 1.12428566653e-23, 1.22569247371e-23, 9.10682407118e-24, 9.03277606459e-24, 9.84139083573e-24, 9.70233990169e-24, 9.1457614566e-24, 1.1053354132e-23, 9.41858663409e-24, 8.02887325432e-24, 7.41719445272e-24, 6.86258658217e-24], "dvar": [5.36720290256e-06, 8.33689682622e-06, 1.37424058266e-06, 2.39211203734e-07, 2.07201736657e-07, 7.59497282843e-08, 1.98145571062e-07, 3.27879035922e-07, 8.27087092148e-08, 1.67890064517e-07, 1.99719458749e-08, 3.77185180866e-08, 5.46578498017e-08, 3.45816602021e-08, 2.76275304856e-08, 2.4241746388e-08, 6.65186306037e-08, 3.48032571651e-08, 2.30986501037e-08, 1.69792766513e-08, 4.35143610034e-09, 3.09980685564e-09, 8.99029473089e-09, 2.8121323048e-09, 2.03479100236e-09, 1.26311627824e-10, 8.36768640489e-11, 6.70413655146e-11, 7.70645561254e-11, 8.93964208215e-11, 6.32193672412e-11, 3.19975677898e-11, 1.80660954946e-11, 1.77585030015e-11, 3.02122944718e-11, 1.06511180084e-11, 5.28157465679e-12, 9.11054044705e-12, 1.5732176846e-12, 7.9995949101e-13], "mean": [0.00280346837826, 0.0034737479873, 0.00105656904634, 0.000433893234003, 0.000376242795028, 0.000307175680064, 0.000273834506515, 0.000306281144731, 0.00017835869221, 0.000158205220941, 7.91408310761e-05, 9.68836538959e-05, 0.000131136897835, 9.79410178843e-05, 7.18408336979e-05, 6.3574014348e-05, 6.21201907052e-05, 5.48442912987e-05, 4.38712377218e-05, 3.00358769891e-05, 2.15175241465e-05, 2.02397404792e-05, 1.97691897483e-05, 1.30671314764e-05, 8.86989255378e-06, 7.9335331975e-06, 8.7855005404e-06, 9.2331038104e-06, 1.02408985185e-05, 1.00869510788e-05, 7.02675424691e-06, 5.15654483024e-06, 4.11405881096e-06, 3.34330979967e-06, 6.35513470115e-06, 3.24505458593e-06, 1.73797218395e-06, 3.40579572367e-06, 1.37155177526e-06, 1.00018712601e-06]}, "spectral_centroid": {"max": 11195.9091797, "dmean": 298.561187744, "dvar2": 199221.84375, "dmean2": 473.325805664, "var": 792107.75, "median": 1741.77062988, "min": 315.948455811, "dvar": 81833.2109375, "mean": 1959.86938477}, "pitch_salience": {"max": 0.833652794361, "dmean": 0.0743798688054, "dvar2": 0.0105629898608, "dmean2": 0.122228033841, "var": 0.0150778302923, "median": 0.54768717289, "min": 0.0640078112483, "dvar": 0.00401429878548, "mean": 0.529720187187}, "gfcc": {"icov": [[0.000582422362641, -0.000543917471077, 0.000222720409511, 0.000148849052493, 0.000231643702136, -0.000174056141987, 0.000751772371586, -0.000837515166495, 0.000680197437759, -0.00125806126744, 0.000997778144665, -0.00144451519009, 0.000958424061537], [-0.000543917471077, 0.00324621750042, 0.000162995202118, 0.00102619128302, -0.001819094643, 0.00342723610811, -0.00257861451246, 0.00250592408702, -0.00228797039017, 0.00143888150342, -0.00384412822314, 0.00408672075719, -0.00382506567985], [0.000222720409511, 0.000162995202118, 0.00305667403154, -0.00139496312477, 0.000780945876613, -0.000483361131046, 8.58220955706e-05, -0.000741858093534, 0.00164223357569, -0.0026402650401, 0.000919639482163, -0.00134611327667, 0.000564770423807], [0.000148849052493, 0.00102619128302, -0.00139496312477, 0.0051960167475, -0.000915749464184, 0.00207197433338, -0.00145184597932, 0.00371715100482, -0.00470434175804, 0.00275127217174, -0.00189724389929, 0.001626141835, -0.00101236836053], [0.000231643702136, -0.001819094643, 0.000780945876613, -0.000915749464184, 0.00511156022549, -0.00189667567611, 0.000849816715345, -0.00162355648354, 0.0023516328074, -0.00363992573693, 0.00372455455363, -0.00393165322021, 0.00220278301276], [-0.000174056141987, 0.00342723610811, -0.000483361131046, 0.00207197433338, -0.00189667567611, 0.0106581347063, -0.00686828792095, 0.0040524774231, -0.00353344692849, 0.00391483306885, -0.00578523939475, 0.00763823324814, -0.00538264261559], [0.000751772371586, -0.00257861451246, 8.58220955706e-05, -0.00145184597932, 0.000849816715345, -0.00686828792095, 0.0126510746777, -0.00690184673294, 0.0033742247615, -0.0011899380479, 0.00362334144302, -0.0057362774387, 0.00525668310001], [-0.000837515166495, 0.00250592408702, -0.000741858093534, 0.00371715100482, -0.00162355648354, 0.0040524774231, -0.00690184673294, 0.0151090603322, -0.00653747143224, 0.00226086750627, -0.00337048294023, 0.00533332163468, -0.00258263014257], [0.000680197437759, -0.00228797039017, 0.00164223357569, -0.00470434175804, 0.0023516328074, -0.00353344692849, 0.0033742247615, -0.00653747143224, 0.0147117255256, -0.00582019379362, 0.00422145612538, -0.00106960476842, 0.00159248523414], [-0.00125806126744, 0.00143888150342, -0.0026402650401, 0.00275127217174, -0.00363992573693, 0.00391483306885, -0.0011899380479, 0.00226086750627, -0.00582019379362, 0.0154221467674, -0.00499294232577, 0.00241118832491, -0.00176146801095], [0.000997778144665, -0.00384412822314, 0.000919639482163, -0.00189724389929, 0.00372455455363, -0.00578523939475, 0.00362334144302, -0.00337048294023, 0.00422145612538, -0.00499294232577, 0.0184106267989, -0.00792646687478, 0.00407664803788], [-0.00144451519009, 0.00408672075719, -0.00134611327667, 0.001626141835, -0.00393165322021, 0.00763823324814, -0.0057362774387, 0.00533332163468, -0.00106960476842, 0.00241118832491, -0.00792646687478, 0.022959869355, -0.00936511158943], [0.000958424061537, -0.00382506567985, 0.000564770423807, -0.00101236836053, 0.00220278301276, -0.00538264261559, 0.00525668310001, -0.00258263014257, 0.00159248523414, -0.00176146801095, 0.00407664803788, -0.00936511158943, 0.0209139250219]], "cov": [[7124.20507813, 1505.17565918, -364.73260498, -1082.84558105, 938.051086426, -1153.16674805, -420.003723145, 175.974655151, -261.750183105, 814.767333984, -104.462287903, 485.709442139, -35.6397438049], [1505.17565918, 1072.85876465, -237.20942688, -254.726760864, 334.473419189, -364.648651123, -96.9828567505, 3.88654875755, -10.4507064819, 195.072631836, 41.5966949463, 80.0169067383, 62.0447425842], [-364.73260498, -237.20942688, 482.30178833, 153.229721069, -77.48046875, 47.7456207275, 23.190656662, -15.5358486176, -4.02263069153, 15.9425725937, -2.85647988319, 8.58572292328, -13.5248441696], [-1082.84558105, -254.726760864, 153.229721069, 486.29788208, -163.466644287, 144.179672241, 36.5878715515, -74.1255950928, 107.299476624, -129.869140625, 13.4538764954, -72.9181365967, 4.02911615372], [938.051086426, 334.473419189, -77.48046875, -163.466644287, 434.393981934, -182.700942993, -40.0083694458, 24.2293357849, -49.1852836609, 159.817749023, -30.7962589264, 95.8511428833, -1.23160672188], [-1153.16674805, -364.648651123, 47.7456207275, 144.179672241, -182.700942993, 408.705413818, 153.99798584, -4.85379171371, 44.0559310913, -168.150894165, 28.4071273804, -111.579368591, 3.95033431053], [-420.003723145, -96.9828567505, 23.190656662, 36.5878715515, -40.0083694458, 153.99798584, 181.262893677, 44.6726760864, 8.84946346283, -60.5367736816, 5.61126613617, -30.6183280945, -14.117354393], [175.974655151, 3.88654875755, -15.5358486176, -74.1255950928, 24.2293357849, -4.85379171371, 44.6726760864, 120.882621765, 20.5724411011, 22.2203292847, -6.95086669922, -4.73163557053, -11.0830669403], [-261.750183105, -10.4507064819, -4.02263069153, 107.299476624, -49.1852836609, 44.0559310913, 8.84946346283, 20.5724411011, 132.29145813, -9.31523990631, -1.85937488079, -40.042388916, 3.7957201004], [814.767333984, 195.072631836, 15.9425725937, -129.869140625, 159.817749023, -168.150894165, -60.5367736816, 22.2203292847, -9.31523990631, 196.554672241, -1.96445429325, 66.7125549316, -3.00750398636], [-104.462287903, 41.5966949463, -2.85647988319, 13.4538764954, -30.7962589264, 28.4071273804, 5.61126613617, -6.95086669922, -1.85937488079, -1.96445429325, 83.4388122559, 5.15121221542, 7.42802906036], [485.709442139, 80.0169067383, 8.58572292328, -72.9181365967, 95.8511428833, -111.579368591, -30.6183280945, -4.73163557053, -40.042388916, 66.7125549316, 5.15121221542, 111.309844971, 14.4206972122], [-35.6397438049, 62.0447425842, -13.5248441696, 4.02911615372, -1.23160672188, 3.95033431053, -14.117354393, -11.0830669403, 3.7957201004, -3.00750398636, 7.42802906036, 14.4206972122, 69.1496963501]], "mean": [9.38512992859, 62.1262779236, -97.5178909302, 47.7327842712, -59.4970741272, 31.5787754059, -27.0634441376, 8.80675029755, -19.1580963135, 6.28362083435, -16.8297710419, -2.89544200897, -13.7499704361]}, "spectral_flux": {"max": 0.384938418865, "dmean": 0.0189701169729, "dvar2": 0.00134827219881, "dmean2": 0.0299788378179, "var": 0.00241905334406, "median": 0.0797180980444, "min": 1.0351798585e-10, "dvar": 0.000600587402005, "mean": 0.080787576735}, "zerocrossingrate": {"max": 0.51123046875, "dmean": 0.0128712933511, "dvar2": 0.000271932891337, "dmean2": 0.0160881262273, "var": 0.00405340315774, "median": 0.07666015625, "min": 0.00390625, "dvar": 0.000169650680618, "mean": 0.100375257432}, "spectral_energyband_middle_low": {"max": 0.275702476501, "dmean": 0.00387422041968, "dvar2": 0.000113861839054, "dmean2": 0.00651424145326, "var": 0.000146580932778, "median": 0.00773895066231, "min": 3.47935924868e-22, "dvar": 4.29977626482e-05, "mean": 0.0099212564528}, "silence_rate_20dB": {"max": 1, "dmean": 0, "dvar2": 0, "dmean2": 0, "var": 0, "median": 1, "min": 1, "dvar": 0, "mean": 1}, "silence_rate_30dB": {"max": 1, "dmean": 0.00816066283733, "dvar2": 0.0192443579435, "dmean2": 0.0163223668933, "var": 0.0133328558877, "median": 1, "min": 0, "dvar": 0.00809451378882, "mean": 0.986484766006}, "spectral_entropy": {"max": 9.80373382568, "dmean": 0.0982020571828, "dvar2": 0.0208501089364, "dmean2": 0.150065556169, "var": 0.07294036448, "median": 8.01044273376, "min": 5.6530175209, "dvar": 0.00932273082435, "mean": 7.96644449234}, "spectral_rolloff": {"max": 18669.2871094, "dmean": 727.025695801, "dvar2": 3204811.25, "dmean2": 1246.18981934, "var": 8226033.5, "median": 1464.2578125, "min": 86.1328125, "dvar": 1258941.5, "mean": 2916.31689453}, "spectral_complexity": {"max": 58, "dmean": 3.54236531258, "dvar2": 31.613243103, "dmean2": 5.35679674149, "var": 206.894439697, "median": 21, "min": 0, "dvar": 16.3532657623, "mean": 20.2623996735}, "spectral_spread": {"max": 50560132, "dmean": 419924.71875, "dvar2": 