{"metadata": {"audio_properties": {"downmix": "mix", "bit_rate": 0, "lossless": true, "md5_encoded": "5477ca3eb0e279c105c7b6eb3bf17414", "analysis_sample_rate": 44100, "sample_rate": 44100, "replay_gain": -11.4605102539, "equal_loudness": 0, "codec": "flac", "length": 239.199996948}, "tags": {"musicbrainz_albumid": ["0e914e0f-600a-420f-99b8-92de13aba823"], "musicbrainz_recordingid": ["076195fd-d410-433d-b91a-cdad3688cfcb"], "artist": ["Kelly Joe Phelps"], "musicip_puid": ["b3fa313a-8f6f-38e9-944b-1188f6d11d57"], "albumartist": ["Kelly Joe Phelps"], "asin": ["B000G5SIB2"], "script": ["Latin"], "musicbrainz_albumartistid": ["fb1a017d-697d-48e6-8884-3ab3b41709ab"], "file_name": "10_red_light_nickel.flac", "album": ["Tunesmith Retrofit"], "musicbrainz_artistid": ["fb1a017d-697d-48e6-8884-3ab3b41709ab"], "albumartistsort": ["Phelps, Kelly Joe"], "tracknumber": ["10"], "releasecountry": ["United States"], "date": ["2006-08-01"], "title": ["Red Light Nickel"], "language": ["English"], "discnumber": ["01"], "artistsort": ["Phelps, Kelly Joe"], "disctotal": ["01"], "genre": ["Blues"], "tracktotal": ["12"], "musicbrainz_releasegroupid": ["8a64e8be-c11c-3215-b231-40ea50b25d30"]}, "version": {"essentia_build_sha": "70f2e5ece6736b2c40cc944ad0e695b16b925413", "essentia_git_sha": "v2.1_beta2", "extractor": "music 1.0", "essentia": "2.1-beta2"}}, "tonal": {"chords_scale": "minor", "hpcp": {"dmean": [0.110500894487, 0.113207615912, 0.052435759455, 0.0289929527789, 0.0394701473415, 0.0620094500482, 0.0722100734711, 0.0771093443036, 0.107087939978, 0.124778665602, 0.0844114944339, 0.0270600635558, 0.0190211236477, 0.0241560637951, 0.0459454059601, 0.0651405379176, 0.0633407980204, 0.0388670600951, 0.0277365203947, 0.0376636423171, 0.052163541317, 0.0532339885831, 0.0516706034541, 0.0520101636648, 0.0485942326486, 0.0432872995734, 0.0439429059625, 0.0599787048995, 0.0903533622622, 0.117461770773, 0.128930479288, 0.107418477535, 0.0508517175913, 0.0443343929946, 0.0754566043615, 0.12589597702], "dvar2": [0.100014433265, 0.0974929407239, 0.0575409419835, 0.0367102324963, 0.0471631921828, 0.062970712781, 0.0727797523141, 0.0790985524654, 0.0845074430108, 0.0995981767774, 0.0575614497066, 0.0344707518816, 0.027086738497, 0.0302565395832, 0.0415041446686, 0.0599864423275, 0.0664935708046, 0.0512443892658, 0.0375941321254, 0.0594153553247, 0.0737431570888, 0.0591478534043, 0.0612026192248, 0.0678072944283, 0.0570429526269, 0.0442199967802, 0.0527725555003, 0.0880919322371, 0.145945057273, 0.105138860643, 0.113908812404, 0.0821805149317, 0.0614369139075, 0.0590884201229, 0.0990913808346, 0.133942067623], "mean": [0.314367562532, 0.198059499264, 0.0362163037062, 0.0175302363932, 0.0293430276215, 0.0847428664565, 0.114428967237, 0.0809130147099, 0.214962601662, 0.339334607124, 0.166427984834, 0.0167995616794, 0.0115734953433, 0.0170071516186, 0.0795334726572, 0.145175501704, 0.0971494317055, 0.0303163733333, 0.0183970555663, 0.0272664558142, 0.0588903650641, 0.0726817473769, 0.0519381165504, 0.050962485373, 0.0537740029395, 0.0349375344813, 0.0274126715958, 0.0354805923998, 0.0567991062999, 0.172804534435, 0.27823510766, 0.163932651281, 0.0360352024436, 0.0292428731918, 0.0534099154174, 0.181706026196], "var": [0.166962265968, 0.0820427685976, 0.0142377419397, 0.00875164009631, 0.0122415311635, 0.0371317490935, 0.0611748322845, 0.031284801662, 0.0675976350904, 0.151981145144, 0.044342033565, 0.00783086381853, 0.00590638117865, 0.00840496271849, 0.0304882638156, 0.087937310338, 0.0420438237488, 0.0175639074296, 0.00933705829084, 0.0162457469851, 0.0342507213354, 0.0420617610216, 0.0253944545984, 0.029008589685, 0.0311095677316, 0.0137997604907, 0.0121355615556, 0.0183242484927, 0.0336487405002, 0.0646792203188, 0.132291719317, 0.0550728328526, 0.0165241602808, 0.0157137550414, 0.0261218864471, 0.0723994672298], "dmean2": [0.187361344695, 0.191366791725, 0.0973584130406, 0.0549172572792, 0.073688171804, 0.107395872474, 0.123095192015, 0.137055456638, 0.181979358196, 0.20450104773, 0.142472431064, 0.0512885451317, 0.0362438596785, 0.0447261296213, 0.0780593752861, 0.106648445129, 0.108198694885, 0.0695108622313, 0.0510171055794, 0.0699133053422, 0.0916740074754, 0.0913963094354, 0.0910543948412, 0.0926858782768, 0.0847829282284, 0.0786271616817, 0.0830090716481, 0.115881420672, 0.170784890652, 0.201091021299, 0.215289443731, 0.179380461574, 0.0946659073234, 0.0827510133386, 0.140443041921, 0.222928032279], "dvar": [0.0476151555777, 0.0395878851414, 0.0205257572234, 0.0132930800319, 0.0168621931225, 0.0240723267198, 0.0298597086221, 0.0283596310765, 0.0332842282951, 0.0460302866995, 0.0228990036994, 0.0121664777398, 0.00954851973802, 0.0107713714242, 0.0162869449705, 0.0267351958901, 0.0265715215355, 0.0200404897332, 0.0135708907619, 0.0211613886058, 0.0283027496189, 0.024560533464, 0.0235878191888, 0.0257427953184, 0.0226270668209, 0.0162868387997, 0.0189207941294, 0.0303349737078, 0.051120813936, 0.041707213968, 0.0525186136365, 0.0334034636617, 0.0228133443743, 0.0212800707668, 0.0339279435575, 0.048738591373], "min": [0, 0, 0, 0, 0, 0, 0, 0, 0, 0, 0, 0, 0, 0, 0, 0, 0, 0, 0, 0, 0, 0, 0, 0, 0, 0, 0, 0, 0, 0, 0, 0, 0, 0, 0, 0], "median": [0.0299030989408, 0.0152754681185, 0.00110130826943, 0.000202249590075, 0.000396968302084, 0.00251696351916, 0.00387017056346, 0.00819324143231, 0.0879139453173, 0.144952297211, 0.0630444139242, 0.00030261214124, 0.000133777648443, 0.000127242092276, 0.00158395804465, 0.00319906440563, 0.00205894326791, 0.000332192284986, 0.000119795287901, 0.000182313495316, 0.000979361822829, 0.00167025474366, 0.00143569102511, 0.000885877409019, 0.000792780308984, 0.000781793321948, 0.000370974419639, 0.000332010211423, 0.000606869347394, 0.0421751663089, 0.0707812905312, 0.0416606366634, 0.00280498270877, 0.000270248390734, 0.000451999687357, 0.0177613683045], "max": [1, 1, 1, 1, 1, 1, 1, 1, 1, 1, 1, 1, 1, 1, 1, 1, 1, 1, 1, 1, 1, 1, 1, 1, 1, 1, 1, 1, 1, 1, 1, 1, 1, 1, 1, 1]}, "tuning_equal_tempered_deviation": 0.014426634647, "chords_key": "A", "chords_strength": {"dmean": 0.0107079707086, "dvar2": 0.00059917679755, "mean": 0.52742511034, "var": 0.00982565805316, "dmean2": 0.00872460473329, "dvar": 0.0004753456451, "min": -1, "median": 0.519105672836, "max": 0.787415444851}, "tuning_diatonic_strength": 0.605620384216, "thpcp": [1, 0.490453898907, 0.0495073646307, 0.0341064408422, 0.0501191206276, 0.234380677342, 0.427824050188, 0.286293923855, 0.0893406495452, 0.0542150884867, 0.0803527086973, 0.173546597362, 0.214189022779, 0.153058707714, 0.150183573365, 0.158468961716, 0.10295894742, 0.080783598125, 0.104559309781, 0.167383775115, 0.509245216846, 0.819943189621, 0.483100295067, 0.106193713844, 0.0861771032214, 0.157396018505, 0.535477459431, 0.926423549652, 0.583670198917, 0.106727406383, 0.0516606196761, 0.0864722505212, 0.249732464552, 0.337215721607, 0.238446101546, 0.633482694626], "chords_histogram": [15.4114904404, 1.51397514343, 29.4060554504, 0.271739125252, 0.659937858582, 0, 0.0194099377841, 0.659937858582, 0.834627330303, 0.446428567171, 0.194099381566, 0, 0.0776397511363, 0, 0, 0, 0, 4.0372672081, 0, 0, 0, 0.562888205051, 15.5667705536, 30.3377323151], "tuning_nontempered_energy_ratio": 0.623273730278, "tuning_frequency": 439.238189697, "key_strength": 0.759661078453, "chords_changes_rate": 0.0465838499367, "key_scale": "major", "hpcp_entropy": {"dmean": 0.487582683563, "dvar2": 0.583202958107, "mean": 1.29844391346, "var": 0.498366326094, "dmean2": 0.818599700928, "dvar": 0.236227050424, "min": 0, "median": 1.30608487129, "max": 3.55423331261}, "key_key": "C", "chords_number_rate": 0.00116459629498}, "lowlevel": {"melbands_skewness": {"dmean": 0.889303565025, "dvar2": 3.51141381264, "mean": 3.42382073402, "var": 5.95524072647, "dmean2": 1.38493227959, "dvar": 1.54714775085, "min": -2.85039520264, "median": 2.95114445686, "max": 24.6586742401}, "melbands_kurtosis": {"dmean": 18.8495330811, "dvar2": 4129.21923828, "mean": 42.9570617676, "var": 3674.36669922, "dmean2": 29.8665904999, "dvar": 1655.0045166, "min": -1.90183734894, "median": 26.0272293091, "max": 1002.7130127}, "barkbands_kurtosis": {"dmean": 28.2706508636, "dvar2": 63641.671875, "mean": 73.2602310181, "var": 222731.3125, "dmean2": 44.2523040771, "dvar": 25479.5488281, "min": -1.99081254005, "median": 29.7155075073, "max": 14772.9423828}, "hfc": {"dmean": 1.75282883644, "dvar2": 15.4869699478, "mean": 6.64280128479, "var": 52.6657409668, "dmean2": 2.44073963165, "dvar": 7.79704189301, "min": 7.45193301555e-06, "median": 4.22404766083, "max": 116.506843567}, "silence_rate_20dB": {"dmean": 0, "dvar2": 0, "mean": 1, "var": 0, "dmean2": 0, "dvar": 0, "min": 1, "median": 1, "max": 1}, "erbbands_flatness_db": {"dmean": 0.0204201173037, "dvar2": 0.000934348150622, "mean": 0.253771811724, "var": 0.00397904077545, "dmean2": 0.0285294018686, "dvar": 0.000493794796057, "min": 0.0144769446924, "median": 0.254508286715, "max": 0.475912839174}, "spectral_flux": {"dmean": 0.0218051169068, "dvar2": 0.00153206335381, "mean": 0.0463735163212, "var": 0.00139705569018, "dmean2": 0.0342469662428, "dvar": 0.000637862889562, "min": 7.82548959251e-05, "median": 0.0368214063346, "max": 0.320970892906}, "spectral_energyband_low": {"dmean": 0.00138050701935, "dvar2": 1.04492592072e-05, "mean": 0.00265481835231, "var": 7.94351763034e-06, "dmean2": 0.00224954960868, "dvar": 3.83995984521e-06, "min": 1.01002781493e-15, "median": 0.00185863324441, "max": 0.0333852991462}, "spectral_rolloff": {"dmean": 102.639350891, "dvar2": 1760939.625, "mean": 582.600280762, "var": 4421332, "dmean2": 183.494384766, "dvar": 641113.1875, "min": 64.599609375, "median": 279.931640625, "max": 21920.8007812}, "spectral_entropy": {"dmean": 0.248610019684, "dvar2": 0.155562341213, "mean": 5.67253828049, "var": 0.612629532814, "dmean2": 0.362736433744, "dvar": 0.0800167024136, "min": 3.34881711006, "median": 5.55677127838, "max": 9.80577754974}, "spectral_energy": {"dmean": 0.00666978303343, "dvar2": 0.000221291469643, "mean": 0.0223515126854, "var": 0.000430355081335, "dmean2": 0.00983460992575, "dvar": 9.40680547501e-05, "min": 3.72874814358e-10, "median": 0.0154596399516, "max": 0.185248538852}, "spectral_centroid": {"dmean": 44.4725914001, "dvar2": 37171.4453125, "mean": 366.889373779, "var": 463405.03125, "dmean2": 66.1721038818, "dvar": 20368.1328125, "min": 148.491729736, "median": 280.739654541, "max": 12125.4511719}, "barkbands_flatness_db": {"dmean": 0.0255329459906, "dvar2": 0.00138913560659, "mean": 0.307977885008, "var": 0.00452854298055, "dmean2": 0.0371442399919, "dvar": 0.000677296658978, "min": 0.113371163607, "median": 0.30671158433, "max": 0.670501828194}, "spectral_rms": {"dmean": 0.000649600871839, "dvar2": 1.36280277729e-06, "mean": 0.00422407081351, "var": 3.96345694753e-06, "dmean2": 0.0009531446849, "dvar": 6.08245159128e-07, "min": 6.031420412e-07, "median": 0.00388362910599, "max": 0.0134435957298}, "melbands": {"dmean": [1.81804207386e-05, 0.000303268549033, 0.000694912392646, 0.00125137227587, 0.000320920196828, 8.65486144903e-05, 9.45974170463e-05, 5.09280616825e-05, 2.92034146696e-05, 1.82131134352e-05, 6.13522934145e-06, 5.82469374422e-06, 9.848659829e-06, 6.81347228237e-06, 8.37832067191e-06, 7.88739362179e-06, 4.58160047856e-06, 2.25203007176e-06, 9.10728090275e-07, 2.37398339209e-07, 2.6145079346e-07, 2.70263768698e-07, 3.27764070107e-07, 1.83281329669e-07, 1.52014237642e-07, 1.40107076163e-07, 8.72500152127e-08, 7.41112273772e-08, 1.04676502133e-07, 5.31880388621e-08, 4.04731999026e-08, 8.3093880221e-08, 7.58230882525e-08, 6.27905478723e-08, 8.30429769394e-08, 7.61744161082e-08, 7.44409831555e-08, 9.00967549455e-08, 9.32651573748e-08, 1.19879430827e-07], "dvar2": [2.26111485091e-09, 4.79945640564e-07, 4.0092186282e-06, 1.27625326058e-05, 1.07171672425e-06, 1.05206844125e-07, 2.98935049159e-07, 1.24605435303e-07, 4.13203657956e-08, 9.00668695181e-09, 1.23956167553e-09, 1.0190801536e-09, 4.05924183156e-09, 3.41970540774e-09, 5.77777248267e-09, 3.6252425506e-09, 1.38840106079e-09, 2.80869966174e-10, 5.59153730262e-11, 9.99136212133e-13, 3.44553834249e-12, 2.23156801198e-12, 2.85581562738e-12, 7.55198312739e-13, 1.82443838682e-12, 7.43115096367e-13, 3.66020175323e-13, 5.41685782601e-13, 3.85393149685e-12, 3.0428242391e-13, 1.63635421944e-13, 2.44431211383e-13, 1.78811501196e-13, 1.39979987237e-13, 3.2162708369e-13, 3.09725796442e-13, 2.88231732318e-13, 5.79287214985e-13, 5.80066160036e-13, 6.40560629712e-13], "mean": [2.60313790932e-05, 0.000495583459269, 0.00141014892142, 0.00328787695616, 0.00114146457054, 0.000280178821413, 0.000279128697002, 0.000126843195176, 6.77318894304e-05, 4.5922017307e-05, 1.7344369553e-05, 1.4581243704e-05, 2.30654277402e-05, 1.52750872076e-05, 1.84930959222e-05, 1.56159094331e-05, 8.47432238515e-06, 4.03630065193e-06, 1.59819092005e-06, 5.20417586358e-07, 4.86654528231e-07, 4.85455757371e-07, 5.85586292345e-07, 3.28906821778e-07, 2.36761849237e-07, 2.30122836342e-07, 1.44813867564e-07, 9.92933095745e-08, 1.40913030577e-07, 8.40458369566e-08, 6.05623640126e-08, 1.26721189986e-07, 1.20626594935e-07, 9.99808094093e-08, 1.25193679423e-07, 1.10738227477e-07, 1.12061371738e-07, 1.23961996223e-07, 1.27937582306e-07, 1.83718185554e-07], "var": [1.94036187118e-09, 3.04265739715e-07, 3.06257220473e-06, 2.13669045479e-05, 2.21923346544e-06, 2.26803820169e-07, 3.67825606418e-07, 2.56258118725e-07, 1.14632292991e-07, 3.91305334801e-08, 3.63829810723e-09, 2.79592504704e-09, 9.90689130731e-09, 1.0279425311e-08, 1.33386093282e-08, 7.34429095317e-09, 2.35956743033e-09, 4.56635868007e-10, 7.90135873396e-11, 1.24521280873e-12, 4.90107347068e-12, 2.80476445021e-12, 2.98003679025e-12, 8.50832967449e-13, 7.22302155153e-13, 5.53172037256e-13, 2.51202839996e-13, 2.85443733537e-13, 2.00364030922e-12, 2.08375376958e-13, 9.40376655668e-14, 2.28537458055e-13, 1.78611398133e-13, 1.34977234468e-13, 2.62180549623e-13, 2.76756943101e-13, 2.45404038887e-13, 4.36752332434e-13, 3.93577612992e-13, 4.38901085614e-13], "dmean2": [2.78410134342e-05, 0.000502630777191, 0.00112986075692, 0.00182743626647, 0.000462900847197, 0.000120497919852, 0.000127922539832, 6.89245498506e-05, 3.76453717763e-05, 2.13280764001e-05, 7.98029213911e-06, 7.44137605579e-06, 1.28624433273e-05, 8.38284267957e-06, 1.06117968244e-05, 1.07030364234e-05, 6.37682160232e-06, 3.1146373658e-06, 1.2781129044e-06, 3.43081183019e-07, 3.71240844288e-07, 3.92883379163e-07, 4.83591009015e-07, 2.67924349373e-07, 2.33508842484e-07, 2.10825376712e-07, 1.30128157139e-07, 1.1087711016e-07, 1.50872182303e-07, 7.57342490942e-08, 6.14444815028e-08, 1.20803534287e-07, 1.08770819907e-07, 8.94805793905e-08, 1.17704345826e-07, 1.08543325439e-07, 1.07931647619e-07, 1.34719584821e-07, 1.39371351793e-07, 1.81198657856e-07], "dvar": [1.147395845e-09, 1.818724229e-07, 1.56816497565e-06, 5.38127642358e-06, 5.07243271386e-07, 5.68622127162e-08, 1.40185534292e-07, 6.69016770871e-08, 2.92114030742e-08, 6.80934419961e-09, 7.47666817347e-10, 6.08722794393e-10, 2.50113751932e-09, 2.28822205628e-09, 3.69579100656e-09, 2.07520578499e-09, 7.44288519705e-10, 1.60719659803e-10, 3.11407011289e-11, 4.8160851392e-13, 1.83853409927e-12, 1.09705636502e-12, 1.3762676979e-12, 3.558329575e-13, 7.07767178199e-13, 3.52890134649e-13, 1.52123173541e-13, 2.31947870199e-13, 1.76951248793e-12, 1.49855591803e-13, 6.6012245583e-14, 1.22399892956e-13, 8.89934556169e-14, 7.55936789944e-14, 1.65864948187e-13, 1.64014215078e-13, 1.44322786144e-13, 2.72273523172e-13, 2.66321605611e-13, 2.88151880828e-13], "min": [1.09001175971e-16, 1.68374665093e-16, 1.46408890544e-16, 8.23893529148e-17, 2.49614256809e-17, 5.80702296708e-17, 4.50645913224e-17, 3.61539833883e-17, 7.92079964266e-17, 6.31209481689e-17, 1.19588915758e-16, 1.2242730993e-16, 5.25321165034e-17, 4.25565499266e-17, 2.99260843081e-17, 1.19718300041e-16, 1.25605959883e-16, 1.40537721375e-16, 1.9740612379e-16, 2.07219066659e-16, 8.45692385266e-17, 6.58970854187e-17, 6.31639747957e-17, 5.04948136681e-17, 4.12376699969e-17, 4.55110736385e-17, 6.27312269864e-17, 5.43392679138e-17, 8.13679767642e-17, 8.19419739348e-17, 8.75718379758e-17, 6.73279755295e-17, 1.58412009151e-16, 2.68651189949e-16, 2.12937319911e-16, 1.17145355407e-15, 1.42845023241e-15, 1.471922822e-15, 1.52579475272e-15, 1.58133300901e-15], "median": [1.25665410451e-05, 0.00033996757702, 0.000747268786654, 0.00143643829506, 0.000722428550944, 0.000117596944619, 7.87009921623e-05, 2.6700716262e-05, 6.88882118993e-06, 2.434848966e-06, 2.98820918943e-06, 2.84706015918e-06, 3.21769516631e-06, 1.2941723071e-06, 9.64141463555e-07, 4.6017160571e-07, 1.88492151665e-07, 2.26340148402e-07, 2.20640004045e-07, 2.31075688362e-07, 1.14322588729e-07, 9.74111813434e-08, 8.55002753042e-08, 5.60984574349e-08, 6.15295405737e-08, 5.31704102968e-08, 1.9732826928e-08, 1.71225611467e-08, 2.3298902363e-08, 1.71387917192e-08, 1.16326717148e-08, 1.69376015435e-08, 1.5391771413e-08, 1.51390135983e-08, 1.44587781747e-08, 9.47648803873e-09, 1.11524256496e-08, 9.53678735982e-09, 9.43413791532e-09, 1.25850858623e-08], "max": [0.000809790799394, 0.0073624541983, 0.0338177680969, 0.0497771687806, 0.0291921049356, 0.0118045266718, 0.0188994370401, 0.0105110993609, 0.0112781496719, 0.00296759302728, 0.0017848018324, 0.00113779888488, 0.00402064202353, 0.00351643562317, 0.00475349929184, 0.00262984540313, 0.00122396822553, 0.00084576633526, 0.00043840467697, 2.40972476604e-05, 0.000128587213112, 5.4266081861e-05, 5.46423907508e-05, 2.06125223485e-05, 3.74232586182e-05, 2.96478301607e-05, 1.58231723617e-05, 2.70050404652e-05, 0.00011779673514, 3.31617120537e-05, 1.76433877641e-05, 1.19531841847e-05, 1.15906486826e-05, 1.15976399684e-05, 2.10347898246e-05, 1.34795373015e-05, 1.33478279167e-05, 1.60729086929e-05, 1.54659792315e-05, 1.76110061147e-05]}, "barkbands_crest": {"dmean": 2.12450528145, "dvar2": 11.1994628906, "mean": 16.3815841675, "var": 25.6376781464, "dmean2": 3.35881328583, "dvar": 4.6709280014, "min": 5.07311344147, "median": 15.8977613449, "max": 26.9243812561}, "mfcc": {"icov": [[0.000237652406213, -9.81412358669e-06, -5.86229652981e-05, 0.000275106052868, 3.08944399876e-05, 0.000206791097298, 0.000229509911151, 6.44926403766e-05, 0.000372640992282, 0.000275479367701, -0.000119584910863, 0.000232844642596, 0.000373386312276], [-9.81412358669e-06, 0.000680872180965, 0.00023454928305, 0.000174518791027, 0.000260020548012, -7.68614772824e-05, 5.86955356994e-05, 0.000116260642244, 3.44626896549e-05, 0.000431197026046, 0.000607376627158, 0.000344683008734, -2.0419147404e-05], [-5.86229652981e-05, 0.00023454928305, 0.00325019983575, -0.00138828263152, 3.64776460628e-05, 8.11845802673e-06, -0.000301648222376, 0.000214123312617, 0.000652357120998, 0.000624837586656, 0.00028649851447, 0.000547390372958, -0.000692677625921], [0.000275106052868, 0.000174518791027, -0.00138828263152, 0.00451364787295, -0.00102263002191, 0.000294172670692, 0.000314308650559, 0.000270320626441, -0.00150852056686, -4.15906579292e-05, 0.00191907468252, 0.000103986989416, 0.000803416827694], [3.08944399876e-05, 0.000260020548012, 3.64776460628e-05, -0.00102263002191, 0.0042672441341, -0.000771776481997, 0.00139635498635, -0.000355605297955, -1.91786602954e-05, -4.31744374509e-05, -0.00090776826255, 0.000979077303782, -0.00035323164775], [0.000206791097298, -7.68614772824e-05, 8.11845802673e-06, 0.000294172670692, -0.000771776481997, 0.00729606626555, -0.00181499205064, 0.00144774361979, -4.53569846286e-05, -0.000147593193105, -0.000236745428992, -0.00110037194099, 0.000398954201955], [0.000229509911151, 5.86955356994e-05, -0.000301648222376, 0.000314308650559, 0.00139635498635, -0.00181499205064, 0.00658166082576, -0.0016651408514, 0.000885952671524, -1.31137339849e-05, -5.60160005989e-05, -2.21441932808e-05, 0.000433629204053], [6.44926403766e-05, 0.000116260642244, 0.000214123312617, 0.000270320626441, -0.000355605297955, 0.00144774361979, -0.0016651408514, 0.00798505637795, -0.000417037197622, 0.000713718589395, -0.000777527398895, -0.000353588315193, -0.0013836362632], [0.000372640992282, 3.44626896549e-05, 0.000652357120998, -0.00150852056686, -1.91786602954e-05, -4.53569846286e-05, 0.000885952671524, -0.000417037197622, 0.00903761107475, -0.000878767634276, 0.00209328345954, -0.000541120942216, -0.000198811452719], [0.000275479367701, 0.000431197026046, 0.000624837586656, -4.15906579292e-05, -4.31744374509e-05, -0.000147593193105, -1.31137339849e-05, 0.000713718589395, -0.000878767634276, 0.00886974204332, -0.00223198113963, 0.00127513927873, 0.00155390496366], [-0.000119584910863, 0.000607376627158, 0.00028649851447, 0.00191907468252, -0.00090776826255, -0.000236745428992, -5.60160005989e-05, -0.000777527398895, 0.00209328345954, -0.00223198113963, 0.00867371633649, -0.000332278228598, 0.000948222586885], [0.000232844642596, 0.000344683008734, 0.000547390372958, 0.000103986989416, 0.000979077303782, -0.00110037194099, -2.21441932808e-05, -0.000353588315193, -0.000541120942216, 0.00127513927873, -0.000332278228598, 0.0109652327374, -0.000788561359514], [0.000373386312276, -2.0419147404e-05, -0.000692677625921, 0.000803416827694, -0.00035323164775, 0.000398954201955, 0.000433629204053, -0.0013836362632, -0.000198811452719, 0.00155390496366, 0.000948222586885, -0.000788561359514, 0.00959969498217]], "mean": [-807.500366211, 176.910903931, 50.606918335, 18.3368053436, 10.585059166, -1.67526996136, -7.86861610413, -9.63314533234, -17.136762619, -18.7763805389, -13.0370931625, -12.5280723572, -5.9461388588], "cov": [[7157.27734375, 300.889984131, -157.389251709, -758.922607422, -150.533828735, -223.438796997, -184.336105347, -73.0724716187, -503.767242432, -122.960472107, 332.911193848, -177.414611816, -262.033325195], [300.889984131, 1841.92346191, -119.228927612, -101.518325806, -165.399856567, -10.779715538, -5.0926451683, -32.0353050232, -7.83362817764, -126.180801392, -152.421005249, -34.0120697021, 14.6067008972], [-157.389251709, -119.228927612, 404.642120361, 172.863677979, 37.6291770935, -4.72367334366, 0.603132963181, -8.13546466827, 16.484998703, -32.913848877, -58.7474441528, -13.7308664322, 31.3235054016], [-758.922607422, -101.518325806, 172.863677979, 444.934051514, 99.7257843018, 3.99993109703, -29.9067649841, -16.2759647369, 126.841705322, -5.132127285, -133.074279785, 1.90527641773, 23.8057060242], [-150.533828735, -165.399856567, 37.6291770935, 99.7257843018, 299.834259033, 13.0058441162, -60.2972221375, -1.05129384995, 24.731716156, 20.1313076019, 15.1187572479, -20.2073097229, 7.03687620163], [-223.438796997, -10.779715538, -4.72367334366, 3.99993109703, 13.0058441162, 162.490936279, 44.4160423279, -17.7162361145, 7.2418756485, 11.6325759888, 3.77886128426, 18.8191337585, -3.40232849121], [-184.336105347, -5.0926451683, 0.603132963181, -29.9067649841, -60.2972221375, 44.4160423279, 195.485687256, 33.2959861755, -15.7490873337, 1.97784793377, 8.29450511932, 14.9804754257, 1.37461078167], [-73.0724716187, -32.0353050232, -8.13546466827, -16.2759647369, -1.05129384995, -17.7162361145, 33.2959861755, 144.047851562, 1.58127915859, -9.95049381256, 12.3614864349, 9.5342464447, 24.7104721069], [-503.767242432, -7.83362817764, 16.484998703, 126.841705322, 24.731716156, 7.2418756485, -15.7490873337, 1.58127915859, 172.323425293, 8.11360549927, -73.577255249, 14.3975925446, 22.4058151245], [-122.960472107, -126.180801392, -32.913848877, -5.132127285, 20.1313076019, 11.6325759888, 1.97784793377, -9.95049381256, 8.11360549927, 145.482711792, 49.0456237793, -9.70282173157, -27.7202796936], [332.911193848, -152.421005249, -58.7474441528, -133.074279785, 15.1187572479, 3.77886128426, 8.29450511932, 12.3614864349, -73.577255249, 49.0456237793, 198.712783813, -4.39819860458, -34.020690918], [-177.414611816, -34.0120697021, -13.7308664322, 1.90527641773, -20.2073097229, 18.8191337585, 14.9804754257, 9.5342464447, 14.3975925446, -9.70282173157, -4.39819860458, 103.56350708, 15.6603250504], [-262.033325195, 14.6067008972, 31.3235054016, 23.8057060242, 7.03687620163, -3.40232849121, 1.37461078167, 24.7104721069, 22.4058151245, -27.7202796936, -34.020690918, 15.6603250504, 128.15864563]]}, "spectral_decrease": {"dmean": 1.73007663751e-09, "dvar2": 1.49152823998e-17, "mean": -5.76252823237e-09, "var": 2.85497715741e-17, "dmean2": 2.55338261645e-09, "dvar": 6.32746556976e-18, "min": -4.78406043669e-08, "median": -3.99509669791e-09, "max": 6.21535370168e-15}, "zerocrossingrate": {"dmean": 0.0046638394706, "dvar2": 0.000217575085117, "mean": 0.0263768080622, "var": 0.00545797077939, "dmean2": 0.00567782763392, "dvar": 0.000183691561688, "min": 0.005859375, "median": 0.01513671875, "max": 0.90478515625}, "spectral_contrast_coeffs": {"dmean": [0.0448305308819, 0.0356946401298, 0.0342263989151, 0.0295259729028, 0.024820651859, 0.016815142706], "dvar2": [0.00387928192504, 0.00235978676938, 0.00213227560744, 0.00152058922686, 0.00115586118773, 0.000541709945537], "mean": [-0.465762674809, -0.625983536243, -0.717970967293, -0.760622859001, -0.783033490181, -0.813466608524], "var": [0.0106001039967, 0.00828353967518, 0.00768956542015, 0.00517402496189, 0.00287142279558, 0.00214233715087], "dmean2": [0.0741221606731, 0.0550734847784, 0.0517618358135, 0.0448298379779, 0.0380248427391, 0.0253725256771], "dvar": [0.00143293384463, 0.00108624936547, 0.00100074580405, 0.000706441584043, 0.000514444313012, 0.000269394542556], "min": [-0.975893437862, -0.963616192341, -0.962966620922, -0.964787900448, -0.96008849144, -0.959593772888], "median": [-0.456823199987, -0.626218676567, -0.724068522453, -0.767404913902, -0.784007012844, -0.82303416729], "max": [-0.194460406899, -0.32528758049, -0.397135347128, -0.472643613815, -0.584134340286, -0.613685131073]}, "spectral_skewness": {"dmean": 0.596049904823, "dvar2": 0.981962263584, "mean": 4.08144807816, "var": 2.45379066467, "dmean2": 0.903915464878, "dvar": 0.462420403957, "min": 0.00165976327844, "median": 3.88191580772, "max": 12.062037468}, "spectral_energyband_middle_high": {"dmean": 0.00022310683562, "dvar2": 9.25005565477e-07, "mean": 0.000681523466483, "var": 4.51142386737e-06, "dmean2": 0.000270714896033, "dvar": 6.71501197758e-07, "min": 1.29727542795e-14, "median": 0.000123815261759, "max": 0.0518019236624}, "gfcc": {"icov": [[0.000475047971122, -0.000404838618124, 0.000725222518668, -0.000406597566325, 0.0010818245355, -0.000415452581365, 0.00107306812424, -0.000276098406175, 0.00108640128747, -0.00035062583629, 0.00123100844212, -0.000301219581161, 0.00108370115049], [-0.000404838618124, 0.0014484084677, -0.000132299595862, 0.000729747524019, -0.00118726084474, 0.00106896786019, -0.00135824817698, 0.00110373785719, -0.000838168954942, 0.00124497141223, -0.00109307991806, 0.000718874449376, -0.00150450190995], [0.000725222518668, -0.000132299595862, 0.00370392343029, -0.00133760564495, 0.000549099233467, -0.000347845663782, 0.00118454277981, -0.000786708842497, 0.00204439973459, -0.000987767241895, 0.00179155822843, -0.00121724128257, 0.00154374365229], [-0.000406597566325, 0.000729747524019, -0.00133760564495, 0.00332555151545, -0.000811906065792, 0.000646805739962, -7.290890062e-05, 0.00032153679058, -0.00129844248295, 0.00122764881235, -0.00107136100996, 0.000806812138762, -0.00311896181665], [0.0010818245355, -0.00118726084474, 0.000549099233467, -0.000811906065792, 0.0065145958215, -0.00145922752563, 0.00183458195534, -0.000685159116983, 0.000878656341229, -0.000631800445262, 0.00360626238398, 0.000301417981973, 0.00283700646833], [-0.000415452581365, 0.00106896786019, -0.000347845663782, 0.000646805739962, -0.00145922752563, 0.0074774264358, -0.00150782824494, 0.000264930480625, 0.000596804020461, -0.000621882965788, -0.00186986709014, -0.000362982740626, 0.00147310516331], [0.00107306812424, -0.00135824817698, 0.00118454277981, -7.290890062e-05, 0.00183458195534, -0.00150782824494, 0.0078348107636, -0.000891664298251, 0.00260208686814, -0.000734850764275, 5.92111646256e-05, -0.000767673307564, 4.58547146991e-05], [-0.000276098406175, 0.00110373785719, -0.000786708842497, 0.00032153679058, -0.000685159116983, 0.000264930480625, -0.000891664298251, 0.00836168508977, -0.00139513122849, 0.000582017062698, 0.000412977533415, -0.00124758621678, 0.00123507762328], [0.00108640128747, -0.000838168954942, 0.00204439973459, -0.00129844248295, 0.000878656341229, 0.000596804020461, 0.00260208686814, -0.00139513122849, 0.00974502880126, -0.00254893139936, 0.000755835208111, -0.00127698073629, 0.000443120923592], [-0.00035062583629, 0.00124497141223, -0.000987767241895, 0.00122764881235, -0.000631800445262, -0.000621882965788, -0.000734850764275, 0.000582017062698, -0.00254893139936, 0.0110449399799, -0.00144620938227, 0.0016853447305, -0.000147429222125], [0.00123100844212, -0.00109307991806, 0.00179155822843, -0.00107136100996, 0.00360626238398, -0.00186986709014, 5.92111646256e-05, 0.000412977533415, 0.000755835208111, -0.00144620938227, 0.0140917878598, -0.00245990999974, 0.00331363454461], [-0.000301219581161, 0.000718874449376, -0.00121724128257, 0.000806812138762, 0.000301417981973, -0.000362982740626, -0.000767673307564, -0.00124758621678, -0.00127698073629, 0.0016853447305, -0.00245990999974, 0.013000224717, -0.00222993222997], [0.00108370115049, -0.00150450190995, 0.00154374365229, -0.00311896181665, 0.00283700646833, 0.00147310516331, 4.58547146991e-05, 0.00123507762328, 0.000443120923592, -0.000147429222125, 0.00331363454461, -0.00222993222997, 0.0130169549957]], "mean": [-146.291900635, 137.043548584, -52.5312156677, 7.41589212418, -60.2747879028, -7.64267063141, -53.4203224182, -17.5727157593, -36.6289138794, -14.6061792374, -16.3459720612, -6.08205842972, -10.9539632797], "cov": [[15782.1552734, 92.1559906006, -1445.31201172, -457.173278809, -1232.04833984, 435.312988281, -1211.84240723, 116.579803467, -1021.8840332, -29.1989154816, -616.008666992, -126.582885742, -859.347229004], [92.1559906006, 1949.45117188, -396.348571777, -113.044395447, 36.363494873, -278.128967285, 243.981124878, -277.655609131, 60.198425293, -187.40435791, 50.2209663391, -72.7818908691, 257.174926758], [-1445.31201172, -396.348571777, 589.874450684, 171.483566284, 135.417388916, 18.3056316376, 18.2875728607, 72.5152893066, 33.2793617249, 41.2229118347, 5.69511032104, 39.4475059509, 11.7610082626], [-457.173278809, -113.044395447, 171.483566284, 523.26776123, 26.1795425415, -82.638671875, -27.4498939514, -6.70999956131, 70.7205429077, -32.9624633789, -5.70233345032, 7.24296760559, 134.328536987], [-1232.04833984, 36.363494873, 135.417388916, 26.1795425415, 321.940795898, -5.98647546768, 54.0818595886, 4.88544416428, 72.0368652344, 6.48428010941, 0.992572546005, -13.286031723, 21.9375476837], [435.312988281, -278.128967285, 18.3056316376, -82.638671875, -5.98647546768, 228.1769104, -32.5007095337, 48.9083480835, -66.7015228271, 45.2989997864, -0.849986851215, 9.31470298767, -114.807037354], [-1211.84240723, 243.981124878, 18.2875728607, -27.4498939514, 54.0818595886, -32.5007095337, 291.571289062, -39.7849311829, 48.6795425415, -17.5994033813, 77.2641906738, 11.1245298386, 95.3624343872], [116.579803467, -277.655609131, 72.5152893066, -6.70999956131, 4.88544416428, 48.9083480835, -39.7849311829, 172.753555298, -7.15605211258, 25.1686210632, -18.8457832336, 21.9286632538, -65.7728424072], [-1021.8840332, 60.198425293, 33.2793617249, 70.7205429077, 72.0368652344, -66.7015228271, 48.6795425415, -7.15605211258, 205.403808594, 12.0460948944, 40.6074447632, 10.7459030151, 82.0347290039], [-29.1989154816, -187.40435791, 41.2229118347, -32.9624633789, 6.48428010941, 45.2989997864, -17.5994033813, 25.1686210632, 12.0460948944, 121.820289612, 5.14069128036, -2.70444726944, -41.684173584], [-616.008666992, 50.2209663391, 5.69511032104, -5.70233345032, 0.992572546005, -0.849986851215, 77.2641906738, -18.8457832336, 40.6074447632, 5.14069128036, 122.465866089, 17.6657314301, 26.9701366425], [-126.582885742, -72.7818908691, 39.4475059509, 7.24296760559, -13.286031723, 9.31470298767, 11.1245298386, 21.9286632538, 10.7459030151, -2.70444726944, 17.6657314301, 90.982093811, 9.59780502319], [-859.347229004, 257.174926758, 11.7610082626, 134.328536987, 21.9375476837, -114.807037354, 95.3624343872, -65.7728424072, 82.0347290039, -41.684173584, 26.9701366425, 9.59780502319, 214.51171875]]}, "erbbands_spread": {"dmean": 4.66900062561, "dvar2": 213.511886597, "mean": 16.629240036, "var": 428.10647583, "dmean2": 6.74584388733, "dvar": 121.474082947, "min": 0.703645050526, "median": 11.1640100479, "max": 216.97895813}, "erbbands_kurtosis": {"dmean": 4.93377733231, "dvar2": 148.832473755, "mean": 13.7210283279, "var": 253.909133911, "dmean2": 7.3296790123, "dvar": 71.8841705322, "min": -1.87368404865, "median": 9.70955085754, "max": 223.216751099}, "dynamic_complexity": 4.40983390808, "erbbands_crest": {"dmean": 2.27115249634, "dvar2": 14.4764356613, "mean": 14.7351846695, "var": 22.8443527222, "dmean2": 3.49999022484, "dvar": 5.93250656128, "min": 3.06013703346, "median": 14.1780643463, "max": 31.1390190125}, "erbbands": {"dmean": [0.000761688512284, 0.0535494089127, 0.817908465862, 2.60367178917, 13.4009189606, 17.3663043976, 6.77858066559, 3.78688907623, 6.34027767181, 5.35551214218, 3.52918839455, 3.23703718185, 1.26591181755, 1.47845721245, 2.5824804306, 2.88546681404, 3.47408771515, 2.64120578766, 1.33604288101, 0.307934701443, 0.196002960205, 0.253821492195, 0.271116375923, 0.182270437479, 0.154986068606, 0.109576836228, 0.145989641547, 0.0684032514691, 0.14229542017, 0.111209340394, 0.137340888381, 0.114697538316, 0.123066991568, 0.128484293818, 0.0682061389089, 0.0180478990078, 0.00604422530159, 0.00113473646343, 0.000128636107547, 1.06101060737e-05], "dvar2": [2.77819253824e-06, 0.0173949096352, 3.45006895065, 54.4469337463, 1567.85705566, 2741.07763672, 553.126647949, 222.719589233, 1199.69445801, 1529.04333496, 612.72833252, 273.380493164, 49.0681190491, 59.3659896851, 247.333770752, 699.030700684, 637.955993652, 442.49130249, 102.232620239, 3.87328410149, 1.25372862816, 1.59369158745, 1.88460278511, 2.08136916161, 0.79375988245, 0.827691733837, 6.82845497131, 0.291262924671, 0.628480136395, 0.397239774466, 0.810023188591, 0.622354626656, 1.02500677109, 0.818470835686, 0.245546981692, 0.0204226840287, 0.00215958780609, 4.84254487674e-05, 5.93002198457e-07, 1.40542566474e-09], "mean": [0.00136772613041, 0.0797062069178, 1.35741734505, 5.47113990784, 28.3287143707, 51.4517745972, 24.4676628113, 12.30007267, 18.528755188, 13.6078691483, 8.34207630157, 8.20425987244, 3.80604982376, 3.8999838829, 6.41390228271, 6.43915605545, 7.6541595459, 5.11582565308, 2.60077118874, 0.65891957283, 0.409976959229, 0.487765431404, 0.504543304443, 0.306861042976, 0.270245730877, 0.166201502085, 0.207913458347, 0.11422097683, 0.225560635328, 0.186123490334, 0.213234364986, 0.178460866213, 0.1765088588, 0.198733791709, 0.11345385015, 0.02978024818, 0.00933834165335, 0.00180324248504, 0.000220167392399, 3.33068346663e-05], "var": [2.2799601993e-06, 0.0137072522193, 2.13833737373, 49.7506217957, 1348.84082031, 5780.21289062, 1081.25378418, 464.981994629, 1528.86376953, 3020.10302734, 1817.76477051, 1223.3527832, 151.593704224, 171.985977173, 796.571472168, 1522.21240234, 1431.77758789, 746.510131836, 187.089065552, 4.95136070251, 2.32933163643, 2.34427762032, 2.01625990868, 0.923990368843, 0.594488382339, 0.517106413841, 3.65538716316, 0.233359441161, 0.628327488899, 0.429157525301, 0.78418892622, 0.594128549099, 0.806482553482, 0.55192309618, 0.132239177823, 0.0131157962605, 0.00164828484412, 4.01726319978e-05, 4.486762748e-07, 1.53367407663e-09], "dmean2": [0.00121402181685, 0.0847446247935, 1.35940945148, 4.18643331528, 20.7909698486, 24.6003704071, 9.94766235352, 5.2767624855, 8.50100326538, 7.19486141205, 4.62247180939, 3.76199555397, 1.61766171455, 1.87408816814, 3.23899149895, 3.60502099991, 4.47243356705, 3.60317063332, 1.81187450886, 0.431376516819, 0.274795144796, 0.364701271057, 0.392671704292, 0.274160832167, 0.2313144207, 0.161046117544, 0.207315444946, 0.0977165028453, 0.203240588307, 0.155811756849, 0.191267371178, 0.160940423608, 0.181682005525, 0.192521125078, 0.100276872516, 0.0259965620935, 0.00864736177027, 0.00161919440143, 0.000187333673239, 1.5269342839e-05], "dvar": [1.29878594635e-06, 0.00824988633394, 1.28446257114, 21.3361225128, 580.593078613, 1262.38232422, 266.831451416, 121.040061951, 583.04901123, 810.852355957, 440.596374512, 208.29234314, 30.1221027374, 36.0990104675, 176.573898315, 441.867126465, 352.499206543, 238.28918457, 60.3957176208, 1.93150937557, 0.74444180727, 0.815368235111, 0.859359264374, 0.824624955654, 0.355041414499, 0.366973131895, 3.16991496086, 0.135490730405, 0.317052870989, 0.221368059516, 0.452356517315, 0.327508956194, 0.490298777819, 0.369956254959, 0.101714670658, 0.00955040939152, 0.00106423569378, 2.41998477577e-05, 2.78703481627e-07, 6.08377292988e-10], "min": [1.18239565274e-14, 7.93964232467e-14, 3.75010976049e-13, 8.38118528572e-13, 9.71920352359e-13, 1.16940029708e-12, 5.91613238433e-13, 2.50520676252e-12, 3.36671771191e-12, 2.30271487642e-12, 1.03777368643e-11, 8.6912829364e-12, 2.36187545216e-11, 2.98925884046e-11, 1.28908377028e-11, 1.40964549061e-11, 3.87274101676e-11, 7.00353733341e-11, 1.00647976065e-10, 1.48973472447e-10, 9.65933374952e-11, 6.65399471633e-11, 6.51652967698e-11, 5.3004503564e-11, 6.93091625759e-11, 8.97943872036e-11, 1.37852784743e-10, 1.44966968985e-10, 1.55276264069e-10, 4.31930852196e-10, 7.46650408168e-10, 2.31167818221e-09, 2.08192130202e-09, 1.91658355853e-09, 9.74265446096e-10, 6.65839494651e-10, 1.32167776723e-09, 1.1708702452e-08, 2.01506562547e-08, 4.28818269782e-09], "median": [0.000958293268923, 0.0438598506153, 0.942507922649, 2.86332631111, 13.8387413025, 21.8701496124, 15.2100925446, 5.5148859024, 5.39384460449, 2.94493603706, 1.20818603039, 0.497079014778, 0.680154025555, 0.823926270008, 0.919987261295, 0.564286470413, 0.30090367794, 0.143121600151, 0.164080426097, 0.184866413474, 0.122346229851, 0.0990228131413, 0.0791588500142, 0.0821029618382, 0.0575238950551, 0.0321586877108, 0.0368825271726, 0.0266154948622, 0.0329528413713, 0.0288249887526, 0.0250786263496, 0.0188067480922, 0.0154348909855, 0.0156443025917, 0.00906761083752, 0.00274646724574, 0.000769027334172, 0.00014064500283, 3.13653035846e-05, 2.06535096368e-05], "max": [0.0248726531863, 1.91153252125, 19.6402587891, 146.060409546, 334.916564941, 772.356872559, 715.120910645, 534.060791016, 1123.15808105, 1172.08825684, 1383.49755859, 531.012207031, 371.149230957, 284.219055176, 1138.0567627, 1632.38891602, 833.777160645, 648.431518555, 601.707214355, 80.8093948364, 81.0514450073, 46.4837875366, 39.4199371338, 39.2057304382, 20.3942604065, 28.1323547363, 159.279464722, 22.3285045624, 18.1653881073, 17.1792392731, 31.5013904572, 18.2541561127, 18.9590320587, 19.9846038818, 15.537560463, 4.2460064888, 1.67826926708, 0.186464414001, 0.0205867569894, 0.00101849716157]}, "silence_rate_30dB": {"dmean": 0.00330033013597, "dvar2": 0.00791691429913, "mean": 0.994952917099, "var": 0.00502186873928, "dmean2": 0.00660130102187, "dvar": 0.00328960106708, "min": 0, "median": 1, "max": 1}, "silence_rate_60dB": {"dmean": 0.01184236072, "dvar2": 0.0270111113787, "mean": 0.0595942921937, "var": 0.056042637676, "dmean2": 0.0236870199442, "dvar": 0.0117010902613, "min": 0, "median": 0, "max": 1}, "spectral_energyband_middle_low": {"dmean": 0.00615844270214, "dvar2": 0.00021864331211, "mean": 0.0198990367353, "var": 0.000396400981117, "dmean2": 0.00902432389557, "dvar": 9.2104455689e-05, "min": 2.12002648171e-15, "median": 0.0130191259086, "max": 0.180778548121}, "spectral_spread": {"dmean": 635067.375, "dvar2": 1516913295360.0, "mean": 3677603, "var": 12398105722900.0, "dmean2": 932527, "dvar": 855891705856, "min": 491028.59375, "median": 2922026.75, "max": 42150312}, "barkbands": {"dmean": [9.98939299279e-07, 0.00012877775589, 0.000916976365261, 0.00137346144766, 0.00492366123945, 0.00046863729