{"tonal": {"hpcp": {"dvar": [0.0419781953096, 0.0411712676287, 0.0369825512171, 0.039083071053, 0.0486188717186, 0.0532700829208, 0.0502864047885, 0.0625261738896, 0.0628247633576, 0.0594470500946, 0.0508444830775, 0.0481080189347, 0.0356462709606, 0.0283006411046, 0.0281538404524, 0.0254612788558, 0.029829416424, 0.0374784208834, 0.0435264892876, 0.0372015945613, 0.0418443270028, 0.0446654930711, 0.0339078903198, 0.0442690327764, 0.117147572339, 0.0452601313591, 0.0558643713593, 0.0571694262326, 0.0478703640401, 0.050527587533, 0.0512202456594, 0.0508206672966, 0.0484452173114, 0.045607086271, 0.047118652612, 0.0432681851089], "var": [0.0340933278203, 0.0319547392428, 0.0283711794764, 0.0316247716546, 0.0432738177478, 0.0481299385428, 0.0435044504702, 0.0584257692099, 0.0633562207222, 0.0575666241348, 0.0570593103766, 0.0432528629899, 0.0269867349416, 0.0238102078438, 0.0235836412758, 0.0220707114786, 0.0242498200387, 0.0275288838893, 0.0323868095875, 0.0357907600701, 0.0488882139325, 0.0492331534624, 0.0321711301804, 0.0601409859955, 0.163085982203, 0.0748160257936, 0.102729693055, 0.083660043776, 0.0535882487893, 0.0471232645214, 0.0466743633151, 0.0450449846685, 0.0466011464596, 0.0472424514592, 0.042447347194, 0.0371613129973], "median": [0.0487373396754, 0.0462834835052, 0.0411416292191, 0.0401035249233, 0.0501609221101, 0.0561092942953, 0.0592946745455, 0.0594614893198, 0.061584956944, 0.0611311458051, 0.052707195282, 0.043078891933, 0.0431753098965, 0.0461488738656, 0.044812772423, 0.0403060764074, 0.0381922349334, 0.0356996692717, 0.0373817831278, 0.0452746599913, 0.0544773191214, 0.0570759624243, 0.0471361279488, 0.12788361311, 0.205472022295, 0.304791688919, 0.127467930317, 0.107018262148, 0.0634665116668, 0.0452654473484, 0.0448600724339, 0.0509058609605, 0.0529043078423, 0.0566560924053, 0.0513427890837, 0.0471807569265], "max": [1, 1, 1, 1, 1, 1, 1, 1, 1, 1, 1, 1, 1, 1, 1, 1, 1, 1, 1, 1, 1, 1, 1, 1, 1, 1, 1, 1, 1, 1, 1, 1, 1, 1, 1, 1], "dmean": [0.13394446671, 0.125201150775, 0.113672971725, 0.120782911777, 0.149735182524, 0.160732477903, 0.160482376814, 0.181245952845, 0.18478153646, 0.179894149303, 0.159163624048, 0.139808759093, 0.117578580976, 0.107449650764, 0.101918108761, 0.0969205796719, 0.10216063261, 0.112907126546, 0.123153738678, 0.122228763998, 0.136919587851, 0.145552501082, 0.120706617832, 0.1981895715, 0.31296017766, 0.238539740443, 0.207742705941, 0.201408460736, 0.169336527586, 0.153256177902, 0.154572203755, 0.155317336321, 0.149253815413, 0.147775918245, 0.144098624587, 0.136226996779], "dmean2": [0.243212774396, 0.227555975318, 0.206864833832, 0.21996088326, 0.266001999378, 0.285034179688, 0.286030679941, 0.325718343258, 0.331977069378, 0.321600496769, 0.28401902318, 0.255290657282, 0.214377164841, 0.192507281899, 0.182941958308, 0.172984331846, 0.184681087732, 0.20644697547, 0.225240051746, 0.217700898647, 0.238596811891, 0.254895120859, 0.214732199907, 0.357091844082, 0.57241743803, 0.422480851412, 0.360459208488, 0.356313198805, 0.299998164177, 0.273509681225, 0.278928488493, 0.280156910419, 0.268888145685, 0.263839244843, 0.259442657232, 0.246461138129], "mean": [0.117190055549, 0.110302872956, 0.0988583341241, 0.104522705078, 0.133260339499, 0.144143074751, 0.141889005899, 0.161646470428, 0.170965343714, 0.164834886789, 0.155357420444, 0.125253736973, 0.101352564991, 0.1016613096, 0.0978641360998, 0.0923252701759, 0.0923131853342, 0.0941957011819, 0.10300437361, 0.117194354534, 0.143025740981, 0.145716547966, 0.113116085529, 0.244174033403, 0.40434217453, 0.338837504387, 0.276555269957, 0.239370301366, 0.163792327046, 0.136311888695, 0.133454009891, 0.134458750486, 0.14148889482, 0.143177732825, 0.131200507283, 0.120901972055], "dvar2": [0.117715165019, 0.115852810442, 0.103921934962, 0.106050372124, 0.130899563432, 0.144582748413, 0.139218717813, 0.170318037271, 0.162811398506, 0.156684607267, 0.138804242015, 0.135219857097, 0.102580390871, 0.0803202986717, 0.0796865895391, 0.0694587305188, 0.0826153606176, 0.1049278602, 0.123982965946, 0.10347763449, 0.107121199369, 0.119085505605, 0.0938816741109, 0.10913208127, 0.266470730305, 0.114895857871, 0.144943207502, 0.15536698699, 0.127894505858, 0.136687546968, 0.138926804066, 0.137380063534, 0.130454003811, 0.121358409524, 0.130197301507, 0.119722642004], "min": [0.000203283896553, 6.64035396767e-05, 0.000143492943607, 5.7896522776e-05, 5.1253613492e-05, 0.000138158866321, 8.45770628075e-05, 0.000106751409476, 6.99697120581e-05, 0.000305866735289, 3.51360868081e-05, 2.90003481496e-05, 3.42460953107e-05, 6.41178630758e-05, 8.09247649158e-05, 5.30911056558e-05, 0.000114273192594, 5.15875435667e-05, 5.07528311573e-05, 6.96853894624e-05, 9.79717078735e-05, 1.71104347828e-05, 3.66675449186e-05, 1.4801220459e-05, 2.86237245746e-05, 2.73075165751e-05, 0.000150427935296, 0.000177710346179, 8.72474556672e-05, 3.22220039379e-05, 5.04580166307e-05, 7.74916406954e-05, 0.000112465531856, 7.96125750639e-05, 2.39391865762e-05, 9.89820255199e-05]}, "key_key": "A#", "thpcp": [1, 0.837996959686, 0.683963477612, 0.591999351978, 0.405083447695, 0.337120145559, 0.330052167177, 0.332537055016, 0.349923670292, 0.35410040617, 0.324478894472, 0.299009054899, 0.289828926325, 0.272795855999, 0.244491770864, 0.258500635624, 0.329573184252, 0.356487870216, 0.350913196802, 0.399776428938, 0.422823429108, 0.407661855221, 0.384222656488, 0.309771627188, 0.250660389662, 0.251423954964, 0.242032960057, 0.228334501386, 0.228304609656, 0.232960373163, 0.254745572805, 0.289839565754, 0.353724509478, 0.360379308462, 0.279753357172, 0.60387969017], "chords_key": "A#", "tuning_equal_tempered_deviation": 0.237246587873, "tuning_frequency": 434.193115234, "tuning_diatonic_strength": 0.453076183796, "chords_histogram": [12.8510379791, 10.5921859741, 12.2710618973, 1.09890115261, 1.12942612171, 0.21367521584, 0, 17.0634918213, 5.03663015366, 13.6446886063, 0.366300374269, 0.79365080595, 0.549450576305, 0, 4.1514043808, 0.0610500611365, 1.28205132484, 0.763125777245, 1.5873016119, 1.34310138226, 1.49572646618, 4.73137950897, 0.79365080595, 8.18070793152], "key_strength": 0.518207788467, "key_scale": "minor", "chords_strength": {"dvar": 0.000135538997711, "var": 0.00728955725208, "median": 0.412276536226, "max": 0.686048090458, "dmean": 0.0133451232687, "dmean2": 0.0173982195556, "mean": 0.41553607583, "dvar2": 0.000230323217693, "min": 0.185696467757}, "chords_number_rate": 0.0045787547715, "tuning_nontempered_energy_ratio": 0.846399664879, "hpcp_entropy": {"dvar": 0.349895596504, "var": 0.616074442863, "median": 2.8634262085, "max": 4.5485367775, "dmean": 0.740990638733, "dmean2": 1.26633894444, "mean": 2.78179121017, "dvar2": 0.962525188923, "min": 0.0417016334832}, "chords_changes_rate": 0.135225892067, "chords_scale": "major"}, "rhythm": {"bpm_histogram_first_peak_spread": {"dvar": 0, "var": 0, "median": 0, "max": 0, "dmean": 0, "dmean2": 0, "mean": 0, "dvar2": 0, "min": 0}, "bpm_histogram_first_peak_weight": {"dvar": 0, "var": 0, "median": 0.481900453568, "max": 0.481900453568, "dmean": 0, "dmean2": 0, "mean": 0.481900453568, "dvar2": 0, "min": 0.481900453568}, "bpm_histogram_first_peak_bpm": {"dvar": 0, "var": 0, "median": 178, "max": 178, "dmean": 0, "dmean2": 0, "mean": 178, "dvar2": 0, "min": 178}, "bpm": 178.205871582, "bpm_histogram_second_peak_weight": {"dvar": 0, "var": 0, "median": 0.307692319155, "max": 0.307692319155, "dmean": 0, "dmean2": 0, "mean": 0.307692319155, "dvar2": 0, "min": 0.307692319155}, "beats_loudness": {"dvar": 0.00064621178899, "var": 0.00108035618905, "median": 0.0645489543676, "max": 0.20766299963, "dmean": 0.0269458014518, "dmean2": 0.0465608760715, "mean": 0.0671986415982, "dvar2": 0.00188011000864, "min": 2.01459874916e-06}, "beats_loudness_band_ratio": {"dvar": [0.0159037001431, 0.00884481426328, 0.00695995474234, 0.0034036852885, 0.000519985333085, 0.00340874725953], "var": [0.0437036603689, 0.012135034427, 0.00711709912866, 0.00433148304, 0.000893786607776, 0.00740288104862], "median": [0.541541755199, 0.101869598031, 0.054583825171, 0.0781846046448, 0.0338943377137, 0.126486480236], "max": [0.938737511635, 0.600076973438, 0.580951988697, 0.505467236042, 0.219534218311, 0.679044246674], "dmean": [0.170313954353, 0.095654733479, 0.0691433921456, 0.053382627666, 0.020648078993, 0.0633425861597], "dmean2": [0.287898778915, 0.166123732924, 0.122727945447, 0.0933721512556, 0.035780582577, 0.107792586088], "mean": [0.530713140965, 0.135941430926, 0.0849115177989, 0.0913710147142, 0.0384872928262, 0.14822947979], "dvar2": [0.0469865910709, 0.0242532379925, 0.0207748692483, 0.00913395453244, 0.00135572592262, 0.0086010703817], "min": [0.0183825828135, 0.00180391012691, 0.000856149068568, 0.000284683104837, 0.000129604377435, 0.0189993586391]}, "bpm_histogram_second_peak_bpm": {"dvar": 0, "var": 0, "median": 172, "max": 172, "dmean": 0, "dmean2": 0, "mean": 172, "dvar2": 0, "min": 172}, "onset_rate": 2.72185206413, "beats_count": 443, "beats_position": [0.267029464245, 0.580498874187, 0.917188167572, 1.25387752056, 1.60217678547, 1.95047616959, 2.29877543449, 2.63546490669, 2.97215414047, 3.29723358154, 3.63392281532, 3.97061228752, 4.3073015213, 4.6439909935, 4.98067998886, 5.31736946106, 5.65405893326, 5.99074840546, 6.31582736969, 6.65251684189, 6.98920631409, 7.31428575516, 7.66258478165, 7.99927425385, 8.33596324921, 8.67265319824, 9.0093421936, 9.35764122009, 9.69433116913, 10.0310201645, 10.3677091599, 10.7043991089, 11.0410881042, 11.3777770996, 11.7260770798, 12.0627660751, 12.3994560242, 12.7361450195, 13.0728340149, 13.4095239639, 13.7462129593, 14.0712919235, 14.3963718414, 14.7330608368, 15.0581407547, 15.3948297501, 15.7199087143, 16.0449886322, 16.3700675964, 16.7067565918, 17.0434455872, 17.3801364899, 17.7168254852, 18.0535144806, 18.390203476, 18.7152824402, 19.0403633118, 19.365442276, 19.6905212402, 20.0272102356, 20.363899231, 20.7005901337, 21.037279129, 21.3855781555, 21.7222671509, 22.0589561462, 22.3956451416, 22.7439460754, 23.0806350708, 23.4173240662, 23.7540130615, 24.0907020569, 24.4390010834, 24.7756919861, 25.1123809814, 25.4490699768, 25.7973690033, 26.1456680298, 26.4823570251, 26.8190479279, 27.1673469543, 27.5156459808, 27.8639450073, 28.2122440338, 28.5605430603, 28.8856239319, 29.2223129272, 29.5590019226, 29.895690918, 30.2439899445, 30.5806789398, 30.9057598114, 31.2424488068, 31.5791378021, 31.9158267975, 32.2409057617, 32.5775947571, 32.9258956909, 33.2625846863, 33.5992736816, 33.9243545532, 34.2610435486, 34.5977325439, 34.9228096008, 35.2711105347, 35.6310195923, 35.9793205261, 36.3392295837, 36.6875267029, 37.0358276367, 37.3841247559, 37.7324256897, 38.0807266235, 38.4290237427, 38.7773246765, 39.1256217957, 39.4507026672, 39.8106117249, 40.1589126587, 40.5188217163, 40.8671188354, 41.2038078308, 41.5404968262, 41.8655776978, 42.1906585693, 42.5389556885, 42.8756446838, 43.2123336792, 43.5490226746, 43.8857116699, 44.22240448, 44.5590934753, 44.9073905945, 45.2440795898, 45.5691604614, 45.894241333, 46.2309303284, 46.5676193237, 46.8926963806, 47.229385376, 47.5660743713, 47.9027671814, 48.2278442383, 48.5529251099, 48.8896141052, 49.2263031006, 49.5513839722, 49.8880729675, 50.2131500244, 50.5498390198, 50.8749198914, 51.2000007629, 51.5250778198, 51.8617668152, 52.1984558105, 52.5467567444, 52.871837616, 53.2085266113, 53.5452156067, 53.8819046021, 54.2185935974, 54.5436706543, 54.8803634644, 55.2170524597, 55.5537414551, 55.878818512, 56.2155075073, 56.5405883789, 56.8656692505, 57.2139663696, 57.5390472412, 57.8757362366, 58.2124252319, 58.5375061035, 58.8741950989, 59.2108840942, 59.5359611511, 59.8610420227, 60.1977310181, 60.5344200134, 60.859500885, 61.1845779419, 61.5212669373, 61.8579597473, 62.1830368042, 62.531337738, 62.8680267334, 63.2047157288, 63.5414047241, 63.8780937195, 64.2147827148, 64.5514755249, 64.8881607056, 65.2248535156, 65.5731506348, 65.9214477539, 66.258140564, 66.5832214355, 66.9199066162, 67.2449874878, 67.5932846069, 67.9415893555, 68.2782745361, 68.6265716553, 68.9632644653, 69.3115615845, 69.6482543945, 70.0081634521, 70.3564605713, 70.7047576904, 71.0414505005, 71.3781356812, 71.7264404297, 72.0747375488, 72.4114303589, 72.7481155396, 73.0731964111, 73.4214935303, 73.7697982788, 74.1180953979, 74.4547805786, 74.7914733887, 75.1165542603, 75.4416275024, 75.766708374, 76.1150131226, 76.4516983032, 76.7883911133, 77.1250762939, 77.461769104, 77.7868499756, 78.1235351562, 78.4602279663, 78.8085250854, 79.1684341431, 79.5167312622, 79.8534240723, 80.2249450684, 80.5732421875, 80.9215393066, 81.2698364258, 81.6181411743, 81.9664382935, 82.3147354126, 82.6514282227, 83.0113372803, 83.3596343994, 83.7079315186, 84.0446243286, 84.3929214478, 84.7296142578, 85.077911377, 85.414604187, 85.7512893677, 86.0879821777, 86.4246673584, 86.7613601685, 87.0980453491, 87.4347381592, 87.7714233398, 88.1081161499, 88.44480896, 88.7814941406, 89.1181869507, 89.4548721313, 89.7915649414, 90.1398620605, 90.4881591797, 90.8364639282, 91.1847610474, 91.521446228, 91.8581390381, 92.1948318481, 92.5315170288, 92.8798141479, 93.2281188965, 93.5764160156, 93.9131011963, 94.2497940063, 94.5980911255, 94.9347839355, 95.2714691162, 95.6081619263, 95.9448471069, 96.2931518555, 96.6414489746, 96.9781417847, 97.3148269653, 97.6631240845, 98.011428833, 98.3481140137, 98.6848068237, 99.0331039429, 99.3697967529, 99.7064819336, 100.054779053, 100.403083801, 100.739768982, 101.08807373, 101.424758911, 101.761451721, 102.098136902, 102.434829712, 102.759910583, 103.096595764, 103.433288574, 103.769973755, 104.106666565, 104.454963684, 104.791656494, 105.128341675, 105.465034485, 105.790107727, 106.126800537, 106.463493347, 106.788566589, 107.136871338, 107.485168457, 107.821853638, 108.158546448, 108.495239258, 108.831924438, 109.168617249, 109.505302429, 109.853607178, 110.201904297, 110.538589478, 110.875282288, 111.223579407, 111.571876526, 111.920181274, 112.268478394, 112.616775513, 112.953468323, 113.290153503, 113.638458252, 113.986755371, 114.323448181, 114.660133362, 115.008430481, 115.356735229, 115.705032349, 116.053329468, 116.401634216, 116.749931335, 117.109840393, 117.469749451, 117.81804657, 118.166343689, 118.526252747, 118.886169434, 119.246078491, 119.605987549, 119.965896606, 120.325805664, 120.685714722, 121.045623779, 121.405532837, 121.765441895, 122.125350952, 122.473648071, 122.810340881, 123.147026062, 123.50693512, 123.855232239, 124.191925049, 124.528617859, 124.86530304, 125.213600159, 125.550292969, 125.898590088, 126.235282898, 126.571968079, 126.920272827, 127.268569946, 127.616867065, 127.965164185, 128.313461304, 128.661773682, 129.010070801, 129.35836792, 129.695053101, 130.031738281, 130.356826782, 130.705123901, 131.041809082, 131.378494263, 131.715194702, 132.051879883, 132.388565063, 132.725265503, 133.061950684, 133.398635864, 133.723709106, 134.048797607, 134.397094727, 134.745391846, 135.093688965, 135.441986084, 135.790298462, 136.138595581, 136.4868927, 136.835189819, 137.183486938, 137.531784058, 137.880081177, 138.228393555, 138.576690674, 138.924987793, 139.273284912, 139.621582031, 139.958267212, 140.30657959, 140.643264771, 140.99156189, 141.32824707, 141.66494751, 142.00163269, 142.338317871, 142.68661499, 143.034912109, 143.383224487, 143.719909668, 144.068206787, 144.404891968, 144.753189087, 145.101501465, 145.449798584, 145.798095703, 146.158004761, 146.517913818, 146.889434814, 147.307388306, 147.725341797, 148.143310547, 148.561264038, 148.990829468, 149.420410156, 149.838363647, 150.267929077, 150.697509766, 151.127075195, 151.556640625], "danceability": 1.07986927032, "bpm_histogram_second_peak_spread": {"dvar": 0, "var": 0, "median": 0, "max": 0, "dmean": 0, "dmean2": 0, "mean": 0, "dvar2": 0, "min": 0}}, "lowlevel": {"spectral_flux": {"dvar": 0.00289502483793, "var": 0.00541901215911, "median": 0.130101323128, "max": 0.509158968925, "dmean": 0.0425637178123, "dmean2": 0.0700994059443, "mean": 0.141959890723, "dvar2": 0.00630926573649, "min": 0.000311423413223}, "spectral_rolloff": {"dvar": 68324472, "var": 95349640, "median": 17054.296875, "max": 22028.4667969, "dmean": 5852.25439453, "dmean2": 11193.5205078, "mean": 11383.1855469, "dvar2": 145239584, "min": 43.06640625}, "barkbands_flatness_db": {"dvar": 0.000793413841166, "var": 0.00338411494158, "median": 0.12885324657, "max": 0.434469670057, "dmean": 0.0292998012155, "dmean2": 0.0468734465539, "mean": 0.141449302435, "dvar2": 0.00206345226616, "min": 0.0286807380617}, "spectral_centroid": {"dvar": 49831.1054688, "var": 247338.984375, "median": 913.857543945, "max": 4363.29638672, "dmean": 195.130706787, "dmean2": 294.849304199, "mean": 1000.19128418, "dvar2": 94875.9140625, "min": 137.749420166}, "melbands_skewness": {"dvar": 1.28118562698, "var": 3.34958052635, "median": 2.29982328415, "max": 18.6302375793, "dmean": 0.95631301403, "dmean2": 1.55207777023, "mean": 2.72165846825, "dvar2": 3.33873414993, "min": -3.36001753807}, "melbands": {"dvar": [0.000143518060213, 1.4099564396e-05, 2.55842792285e-06, 8.78194043707e-07, 5.72136116261e-07, 1.38144480388e-06, 3.70650411696e-07, 8.65981064635e-08, 6.56709246982e-08, 6.11657142713e-08, 5.12569151567e-08, 3.7128319974e-08, 2.07774171201e-08, 1.10707256695e-08, 1.05016058072e-08, 6.91517776374e-09, 3.72711328467e-09, 1.89910775994e-09, 1.17885456952e-09, 1.17285436918e-09, 3.65661306789e-10, 1.5604686987e-10, 2.08350017794e-10, 8.36779326385e-11, 5.54279989962e-11, 5.13909401145e-11, 4.18842460714e-11, 3.49519371778e-11, 4.14605745569e-11, 3.256668199e-11, 2.63119855765e-11, 8.66450487746e-12, 2.41541682489e-12, 1.55998380446e-12, 5.91848347675e-13, 2.0210589658e-13, 9.84905516518e-14, 5.31614818356e-14, 4.77606007111e-15, 2.00832062365e-15], "var": [0.000124148398754, 1.52111524585e-05, 3.20445838042e-06, 1.1864631233e-06, 8.12414896245e-07, 2.33937817029e-06, 6.71665532082e-07, 1.59308868319e-07, 8.58323332409e-08, 1.0209170398e-07, 6.91734030056e-08, 5.58830421937e-08, 2.92862747386e-08, 2.01803214139e-08, 1.74092900096e-08, 1.37861588811e-08, 8.37094749073e-09, 3.52316065211e-09, 2.16990359014e-09, 1.9153150177e-09, 5.34735311586e-10, 2.46193065934e-10, 3.93807902954e-10, 1.05320321908e-10, 6.30114710409e-11, 5.83497763995e-11, 6.48203712927e-11, 8.37016359001e-11, 1.03321969036e-10, 9.37483285446e-11, 6.13016859496e-11, 1.87815075992e-11, 4.98576050237e-12, 2.34940929558e-12, 9.42557338603e-13, 3.91506326056e-13, 1.75915597193e-13, 8.75309075438e-14, 7.35879185278e-15, 2.28643669211e-15], "median": [0.00321038044058, 0.00195438461378, 0.000799183850177, 0.000470914499601, 0.00029958927189, 0.000492273538839, 0.00023579664412, 0.000101118210296, 8.24670132715e-05, 8.70800213306e-05, 8.26781470096e-05, 8.53421806823e-05, 7.56776134949e-05, 0.000105892198917, 0.000102547979623, 7.45954312151e-05, 5.8302161051e-05, 5.71016462345e-05, 4.17982155341e-05, 2.99239000014e-05, 1.72345862666e-05, 1.06366114778e-05, 9.0931489467e-06, 4.95116046295e-06, 3.03881802211e-06, 2.5844863103e-06, 2.0212007712e-06, 1.80627432655e-06, 1.62777917012e-06, 1.27291184526e-06, 9.44749615428e-07, 5.90797469613e-07, 3.41695880479e-07, 2.33745112155e-07, 1.5032944134e-07, 1.10622451643e-07, 8.11524216715e-08, 5.53045076401e-08, 2.34878694272e-08, 1.04586010963e-08], "max": [0.100175879896, 0.0527793951333, 0.0220286119729, 0.0192536264658, 0.0163427386433, 0.0196366533637, 0.0111254798248, 0.00589081738144, 0.00601312797517, 0.005386502482, 0.00626585492864, 0.00323418434709, 0.0048723439686, 0.00291791534983, 0.00266244239174, 0.00119824183639, 0.00119628221728, 0.00054805498803, 0.000484354794025, 0.000572619610466, 0.000492746708915, 0.000246688054176, 0.00029576633824, 0.000116149261885, 0.000116638242616, 0.000105881830677, 0.000104862279841, 0.000165030447533, 0.000135988128022, 0.000110036788101, 9.35874413699e-05, 5.88965594943e-05, 3.87808031519e-05, 2.82428991341e-05, 2.58400941675e-05, 1.23993031593e-05, 1.36557655424e-05, 1.15949769679e-05, 2.50806215263e-06, 7.9278549947e-07], "dmean": [0.00628648418933, 0.00242766784504, 0.000973647693172, 0.000538424996193, 0.000373075978132, 0.000653791881632, 0.000307518115733, 0.000150128864334, 0.000113549569505, 0.000128079409478, 0.000108784501208, 0.000107208681584, 7.49423270463e-05, 7.88425386418e-05, 7.40940377e-05, 5.95610690652e-05, 4.44778233941e-05, 3.62495229638e-05, 2.60340802924e-05, 2.27557484322e-05, 1.24868311104e-05, 7.89280875324e-06, 8.01356873126e-06, 4.69551696369e-06, 3.43915667145e-06, 3.3454161894e-06, 2.93769107884e-06, 2.61251943812e-06, 2.65214998763e-06, 2.27547366194e-06, 1.93123946701e-06, 1.16726232591e-06, 6.58963131173e-07, 4.63535883455e-07, 2.79993145114e-07, 1.83924441899e-07, 1.241782428e-07, 8.60734274966e-08, 4.04377225038e-08, 2.79797323088e-08], "dmean2": [0.0106523139402, 0.0040401769802, 0.00161199702416, 0.00088413816411, 0.000608507834841, 0.00105408974923, 0.000492557592224, 0.000244777213084, 0.000189213315025, 0.000212173355976, 0.00018127389194, 0.00017671106616, 0.000123379737488, 0.000130836095195, 0.000123710502521, 9.89526743069e-05, 7.52943305997e-05, 6.14740420133e-05, 4.34010325989e-05, 3.81168247259e-05, 2.11009246414e-05, 1.33029016069e-05, 1.33113817355e-05, 8.02685281087e-06, 5.9058406805e-06, 5.75017293158e-06, 4.89146896143e-06, 4.08874939239e-06, 4.11393330069e-06, 3.34716651196e-06, 2.94166761705e-06, 1.75175034656e-06, 9.8957946193e-07, 7.18685043921e-07, 4.24945568511e-07, 2.73583651733e-07, 1.85934197816e-07, 1.31196387088e-07, 6.51006502039e-08, 4.59656952501e-08], "mean": [0.0068396772258, 0.00312684499659, 0.00138611753937, 0.000780306581873, 0.00056076887995, 0.0010107117705, 0.00049692747416, 0.000231711383094, 0.000167023783433, 0.000192456529476, 0.000165349963936, 0.000161662479513, 0.000123462392366, 0.000139158670208, 0.000134205911309, 0.000109282125777, 8.38379492052e-05, 6.95781345712e-05, 5.17127846251e-05, 4.12792251154e-05, 2.24277064262e-05, 1.46271195263e-05, 1.44915002238e-05, 7.9067540355e-06, 5.44501472177e-06, 5.15928559253e-06, 4.67539075544e-06, 4.62712068838e-06, 4.62286243419e-06, 4.07932884627e-06, 3.23586505147e-06, 1.87938462659e-06, 1.03212232716e-06, 6.8670692599e-07, 4.23893567358e-07, 2.85528841459e-07, 1.95232985334e-07, 1.30406945686e-07, 5.07598940658e-08, 2.79963252581e-08], "dvar2": [0.000383810489438, 3.63113758794e-05, 6.45962336421e-06, 2.13458406506e-06, 1.45039780364e-06, 3.39566372531e-06, 8.75319699389e-07, 2.21333181116e-07, 1.68764955788e-07, 1.6114792345e-07, 1.3763684592e-07, 9.79014131985e-08, 5.3413558021e-08, 2.84269638939e-08, 2.87209029892e-08, 1.85328925539e-08, 1.0431982389e-08, 5.34828981102e-09, 3.08895931056e-09, 2.96163205071e-09, 9.5006069678e-10, 4.19224044368e-10, 5.25449350697e-10, 2.35114733238e-10, 1.53898144228e-10, 1.45744374902e-10, 1.11465475738e-10, 7.91538640188e-11, 9.32768237649e-11, 6.52758194719e-11, 5.67968727605e-11, 1.84194829528e-11, 4.97682407438e-12, 3.63533096855e-12, 1.34833225314e-12, 3.99026569165e-13, 1.98684032551e-13, 1.14682203079e-13, 1.06543488699e-14, 4.78662892471e-15], "min": [2.01328975713e-09, 4.90439600043e-09, 5.47280532004e-09, 3.7785414797e-09, 4.79505990469e-10, 2.43936842947e-10, 2.06718045459e-10, 6.69706165524e-11, 7.79954434371e-11, 5.12104456063e-11, 4.23009995087e-11, 4.04311792379e-11, 2.36653856234e-11, 2.26683619792e-11, 1.91183995718e-11, 1.11475420908e-11, 9.46386025102e-12, 8.15429321288e-12, 7.47655670014e-12, 6.98422656514e-12, 5.22741962564e-12, 4.34517309286e-12, 4.01142183706e-12, 3.64384564189e-12, 3.06724047203e-12, 2.433319388e-12, 2.55231252799e-12, 1.92501722028e-12, 1.76406903408e-12, 1.51518717278e-12, 1.44115383689e-12, 1.31469141129e-12, 1.26988686493e-12, 1.09459013034e-12, 8.56139486562e-13, 1.42005580472e-12, 2.27217138334e-12, 5.45536163986e-13, 5.2367447401e-13, 5.84330977701e-13]}, "spectral_decrease": {"dvar": 1.25871782645e-16, "var": 1.37369222582e-16, "median": -8.62668336765e-09, "max": 2.0172998827e-09, "dmean": 7.31835214651e-09, "dmean2": 1.19132241849e-08, "mean": -1.16681491136e-08, "dvar2": 3.24389107782e-16, "min": -9.08750834583e-08}, "barkbands_kurtosis": {"dvar": 301.737213135, "var": 619.904968262, "median": 4.4597401619, "max": 438.124420166, "dmean": 7.11643218994, "dmean2": 11.6438074112, "mean": 11.2280292511, "dvar2": 759.299255371, "min": -1.79356145859}, "silence_rate_30dB": {"dvar": 0.115630187094, "var": 0.107782013714, "median": 1, "max": 1, "dmean": 0.133435115218, "dmean2": 0.266910970211, "mean": 0.877117991447, "dvar2": 0.24056185782, "min": 0}, "gfcc": {"mean": [17.1467494965, 102.731254578, -88.8559570312, -8.47954940796, -6.21501493454, -10.6099147797, -2.19199466705, -22.5093669891, 0.43006002903, -4.3678393364, -3.07540178299, -0.169224947691, -4.18771409988], "cov": [[8578.66601562, -494.108947754, -1063.43151855, 76.0728530884, -104.264305115, -354.7159729, 300.822174072, -174.404174805, 137.802856445, 253.279510498, 70.1127243042, 213.014862061, 57.3401870728], [-494.108947754, 812.416564941, 39.4484024048, -278.616210938, 183.484390259, 43.4203567505, -81.2146148682, 40.8876571655, 52.9679985046, -29.5585613251, 103.481964111, -64.8403701782, 100.163452148], [-1063.43151855, 39.4484024048, 531.163574219, 210.707489014, 8.36628723145, 190.754562378, -48.5082130432, 93.9096298218, -73.5342559814, -25.7049617767, -33.2581634521, -28.8524284363, -22.5381259918], [76.0728530884, -278.616210938, 210.707489014, 365.159362793, 5.66551017761, 42.1433448792, 99.5983505249, 14.5295753479, -45.0405654907, 1.6463881731, -50.8459892273, 28.1918048859, -48.9318466187], [-104.264305115, 183.484390259, 8.36628723145, 5.66551017761, 189.506408691, 36.8875999451, 30.3027191162, 10.1340675354, 14.8479013443, -31.9984722137, 32.6583480835, 3.23763394356, 36.1720466614], [-354.7159729, 43.4203567505, 190.754562378, 42.1433448792, 36.8875999451, 203.51713562, -17.3910770416, 82.0738983154, -28.816532135, -0.804720044136, 9.33692264557, 5.27907133102, 17.2675685883], [300.822174072, -81.2146148682, -48.5082130432, 99.5983505249, 30.3027191162, -17.3910770416, 158.446853638, -8.43308353424, 38.7880058289, 24.0055179596, -5.21620416641, 31.7429866791, -14.3136358261], [-174.404174805, 40.8876571655, 93.9096298218, 14.5295753479, 10.1340675354, 82.0738983154, -8.43308353424, 116.01020813, 14.2502613068, 20.9223079681, 17.0250225067, -11.2537641525, 18.5520610809], [137.802856445, 52.9679985046, -73.5342559814, -45.0405654907, 14.8479013443, -28.816532135, 38.7880058289, 14.2502613068, 103.1510849, 47.7408103943, 27.2288246155, 17.6587543488, 5.22772121429], [253.279510498, -29.5585613251, -25.7049617767, 1.6463881731, -31.9984722137, -0.804720044136, 24.0055179596, 20.9223079681, 47.7408103943, 85.7814102173, 33.8225975037, 18.563659668, 9.98947048187], [70.1127243042, 103.481964111, -33.2581634521, -50.8459892273, 32.6583480835, 9.33692264557, -5.21620416641, 17.0250225067, 27.2288246155, 33.8225975037, 75.67162323, 28.3807601929, 35.2981452942], [213.014862061, -64.8403701782, -28.8524284363, 28.1918048859, 3.23763394356, 5.27907133102, 31.7429866791, -11.2537641525, 17.6587543488, 18.563659668, 28.3807601929, 75.7263336182, 16.8700141907], [57.3401870728, 100.163452148, -22.5381259918, -48.9318466187, 36.1720466614, 17.2675685883, -14.3136358261, 18.5520610809, 5.22772121429, 9.98947048187, 35.2981452942, 16.8700141907, 75.358795166]], "icov": [[0.000211150574614, -0.000217935041292, 0.000699703989085, -0.000490895530675, 9.44747444009e-05, -7.96530366642e-05, 0.000111300971184, -7.52061823732e-05, 0.000343221210642, -0.000725984980818, 0.000447242899099, -0.00045660417527, -2.76359332929e-06], [-0.000217935041292, 0.00469050137326, -0.00328588415869, 0.00384237244725, -0.00239829393104, 0.000641388003714, -0.00136004155502, 0.00142924545798, -0.00274232961237, 0.00327657000162, -0.00565423630178, 0.00540367607027, -0.00296768778935], [0.000699703989085, -0.00328588415869, 0.00886116176844, -0.0072376136668, 0.00233448995277, -0.00438658520579, 0.00384471565485, -0.00161872804165, 0.00149343453813, -0.00221468997188, 0.00331270578317, -0.00181492324919, 0.00184364966117], [-0.000490895530675, 0.00384237244725, -0.0072376136668, 0.0120959039778, -0.00473924586549, 0.00377187901177, -0.00583543581888, -0.00106131844223, 0.00359337124974, -0.00167810567655, 0.000913518830203, -0.00143970095087, 0.00138691591565], [9.44747444009e-05, -0.00239829393104, 0.00233448995277, -0.00473924586549, 0.0121587561443, -0.00373762589879, -0.00173249724321, 0.00188527139835, -0.00456675607711, 0.00890375394374, -0.00602521141991, 0.0030602356419, -0.0037625299301], [-7.96530366642e-05, 0.000641388003714, -0.00438658520579, 0.00377187901177, -0.00373762589879, 0.0117627354339, -0.0012085866183, -0.00636222911999, 0.00507261883467, -0.00310030113906, 0.00230561429635, -0.004878167063, 0.000851966440678], [0.000111300971184, -0.00136004155502, 0.00384471565485, -0.00583543581888, -0.00173249724321, -0.0012085866183, 0.0127640543506, -0.000157087706611, -0.00334620312788, -0.00300556537695, 0.00425701169297, -0.00360154244117, 0.00209823693149], [-7.52061823732e-05, 0.00142924545798, -0.00161872804165, -0.00106131844223, 0.00188527139835, -0.00636222911999, -0.000157087706611, 0.0169551856816, -0.00706287380308, 0.00191064889077, -0.00625420408323, 0.00890891999006, -0.00549494847655], [0.000343221210642, -0.00274232961237, 0.00149343453813, 0.00359337124974, -0.00456675607711, 0.00507261883467, -0.00334620312788, -0.00706287380308, 0.0241778939962, -0.0158286821097, 0.00805721338838, -0.0102791050449, 0.00724468613043], [-0.000725984980818, 0.00327657000162, -0.00221468997188, -0.00167810567655, 0.00890375394374, -0.00310030113906, -0.00300556537695, 0.00191064889077, -0.0158286821097, 0.0331668108702, -0.0200973153114, 0.0105264596641, -0.00640066154301], [0.000447242899099, -0.00565423630178, 0.00331270578317, 0.000913518830203, -0.00602521141991, 0.00230561429635, 0.00425701169297, -0.00625420408323, 0.00805721338838, -0.0200973153114, 0.039429500699, -0.0198705885559, 0.00155560183339], [-0.00045660417527, 0.00540367607027, -0.00181492324919, -0.00143970095087, 0.0030602356419, -0.004878167063, -0.00360154244117, 0.00890891999006, -0.0102791050449, 0.0105264596641, -0.0198705885559, 0.031487647444, -0.00996475294232], [-2.76359332929e-06, -0.00296768778935, 0.00184364966117, 0.00138691591565, -0.0037625299301, 0.000851966440678, 0.00209823693149, -0.00549494847655, 0.00724468613043, -0.00640066154301, 0.00155560183339, -0.00996475294232, 0.0238784849644]]}, "silence_rate_20dB": {"dvar": 0, "var": 0, "median": 1, "max": 1, "dmean": 0, "dmean2": 0, "mean": 1, "dvar2": 0, "min": 1}, "barkbands_skewness": {"dvar": 0.848928272724, "var": 2.56155109406, "median": 1.9731682539, "max": 16.251127243, "dmean": 0.773856043816, "dmean2": 1.23497760296, "mean": 2.38320016861, "dvar2": 2.13401269913, "min": -2.01652669907}, "erbbands_skewness": {"dvar": 0.199678242207, "var": 0.909716665745, "median": -0.082974396646, "max": 11.3000879288, "dmean": 0.346877127886, "dmean2": 0.546467721462, "mean": 0.0714399218559, "dvar2": 0.483493417501, "min": -3.82981276512}, "spectral_contrast_valleys": {"dvar": [0.122526951134, 0.103999041021, 0.0865328609943, 0.0841671824455, 0.134738981724, 0.215850353241], "var": [0.838657081127, 0.801229953766, 0.878125667572, 0.991163253784, 1.10251712799, 0.780284225941], "median": [-6.38883399963, -6.16245222092, -6.38828277588, -6.58093643188, -7.34253358841, -10.8388395309], "max": [-4.9642534256, -4.51255750656, -5.16780471802, -5.5599899292, -5.75347566605, -8.83167362213], "dmean": [0.410549938679, 0.362881839275, 0.313075095415, 0.269110321999, 0.323419749737, 0.52886235714], "dmean2": [0.667988419533, 0.593206346035, 0.503581166267, 0.424555033445, 0.49781319499, 0.816774487495], "mean": [-6.57270002365, -6.30312681198, -6.5817899704, -6.83653497696, -7.61263799667, -10.9388227463], "dvar2": [0.290563434362, 0.243692561984, 0.191626116633, 0.176757290959, 0.287359982729, 0.528567254543], "min": [-13.0034761429, -13.3232269287, -14.0740852356, -14.9184455872, -14.5661773682, -16.5564823151]}, "spectral_strongpeak": {"dvar": 52.2295379639, "var": 42.5443153381, "median": 0.314622014761, "max": 95.4934082031, "dmean": 1.38562393188, "dmean2": 2.59670567513, "mean": 1.27048671246, "dvar2": 140.480041504, "min": 0}, "erbbands_crest": {"dvar": 4.47765636444, "var": 13.0389308929, "median": 6.56366586685, "max": 31.9537887573, "dmean": 2.19934201241, "dmean2": 3.66300106049, "mean": 7.55223178864, "dvar2": 11.5236520767, "min": 2.4925096035}, "barkbands_crest": {"dvar": 7.78645133972, "var": 17.8947162628, "median": 9.33647918701, "max": 24.5984916687, "dmean": 3.31384158134, "dmean2": 5.41277360916, "mean": 10.0924396515, "dvar2": 20.2230300903, "min": 2.53429603577}, "spectral_energyband_middle_low": {"dvar": 6.82187528582e-05, "var": 0.000160571100423, "median": 0.0114605687559, "max": 0.14010591805, "dmean": 0.00631099520251, "dmean2": 0.0100115453824, "mean": 0.0151238162071, "dvar2": 0.000161856500199, "min": 2.73471680856e-08}, "spectral_contrast_coeffs": {"dvar": [0.00204142136499, 0.0018121964531, 0.000834435923025, 0.000439323397586, 0.000403795595048, 0.001016518916], "var": [0.00568273710087, 0.00505213951692, 0.0022043462377, 0.00135613163002, 0.00157719035633, 0.00588141521439], "median": [-0.699161171913, -0.753320276737, -0.816323697567, -0.81591963768, -0.816969454288, -0.734476566315], "max": [-0.383445233107, -0.477808117867, -0.613539278507, -0.687461435795, -0.685941398144, -0.507310152054], "dmean": [0.05671980232, 0.0541572161019, 0.0369194671512, 0.0265984144062, 0.0226669944823, 0.0360780246556], "dmean2": [0.0926717966795, 0.0902744010091, 0.0620130747557, 0.0449795611203, 0.0374810583889, 0.0559870861471], "mean": [-0.692569077015, -0.749776303768, -0.813266575336, -0.81757825613, -0.820028543472, -0.739296793938], "dvar2": [0.00534369749948, 0.00505390064791, 0.00236904760823, 0.00123048597015, 0.00104490597732, 0.00241885497235], "min": [-0.931724727154, -0.972891867161, -0.977828741074, -0.985687732697, -0.97845941782, -0.932780265808]}, "hfc": {"dvar": 1146.69580078, "var": 5573.17480469, "median": 182.567214966, "max": 767.976745605, "dmean": 34.7991867065, "dmean2": 55.7400093079, "mean": 175.718841553, "dvar2": 3006.1875, "min": 0.00130393693689}, "spectral_energyband_high": {"dvar": 3.43532576608e-07, "var": 1.48301160152e-06, "median": 0.000628319743555, "max": 0.011865827255, "dmean": 0.000329843343934, "dmean2": 0.000476145476568, "mean": 0.000960521167144, "dvar2": 6.27451413493e-07, "min": 1.1362908392e-09}, "erbbands_spread": {"dvar": 35.942779541, "var": 136.419418335, "median": 27.2040634155, "max": 117.181015015, "dmean": 5.99211215973, "dmean2": 9.39309978485, "mean": 29.3767147064, "dvar2": 80.9119949341, "min": 0.912762403488}, "dissonance": {"dvar": 0.000266101968009, "var": 0.000424739526352, "median": 0.479079097509, "max": 0.500000119209, "dmean": 0.0160657092929, "dmean2": 0.0273573510349, "mean": 0.474249571562, "dvar2": 0.000712751294486, "min": 0.107639215887}, "spectral_kurtosis": {"dvar": 54.9295806885, "var": 139.832138062, "median": 19.0536766052, "max": 106.190719604, "dmean": 5.83409166336, "dmean2": 8.82898330688, "mean": 21.6718177795, "dvar2": 131.212646484, "min": 2.65271043777}, "spectral_skewness": {"dvar": 0.243355169892, "var": 0.893646597862, "median": 3.0726890564, "max": 8.44360733032, "dmean": 0.444048702717, "dmean2": 0.659527897835, "mean": 3.2068593502, "dvar2": 0.553273260593, "min": 0.960996389389}, "pitch_salience": {"dvar": 0.00735970167443, "var": 0.0158272720873, "median": 0.572750985622, "max": 0.856637656689, "dmean": 0.0954194441438, "dmean2": 0.155813634396, "mean": 0.553169250488, "dvar2": 0.0195579975843, "min": 0.103035986423}, "spectral_complexity": {"dvar": 12.8178758621, "var": 97.4331970215, "median": 25, "max": 60, "dmean": 3.7259542942, "dmean2": 5.83951759338, "mean": 24.7467556, "dvar2": 29.4967670441, "min": 0}, "spectral_spread": {"dvar": 253049454592, "var": 855680811008, "median": 3745990.25, "max": 15318645, "dmean": 487833.625, "dmean2": 748385, "mean": 3844094.25, "dvar2": 618871062528, "min": 1428520}, "dynamic_complexity": 2.38578939438, "melbands_crest": {"dvar": 20.8819561005, "var": 45.5401153564, "median": 15.85247612, "max": 38.263420105, "dmean": 5.25052452087, "dmean2": 8.55256271362, "mean": 16.873008728, "dvar2": 53.382774353, "min": 2.90675902367}, "zerocrossingrate": {"dvar": 0.00109939859249, "var": 0.00624937238172, "median": 0.23876953125, "max": 0.6142578125, "dmean": 0.0402955785394, "dmean2": 0.0509517639875, "mean": 0.244638293982, "dvar2": 0.00179806607775, "min": 0.02294921875}, "spectral_energyband_low": {"dvar": 0.00159507489298, "var": 0.00151919038035, "median": 0.0174633562565, "max": 0.330671191216, "dmean": 0.0238468870521, "dmean2": 0.0398037843406, "mean": 0.0298843216151, "dvar2": 0.00419619074091, "min": 2.62056438771e-08}, "melbands_kurtosis": {"dvar": 654.315612793, "var": 1035.94335938, "median": 6.12508487701, "max": 647.123779297, "dmean": 10.169008255, "dmean2": 17.0215492249, "mean": 15.0190181732, "dvar2": 1857.10449219, "min": -1.70240402222}, "spectral_energyband_middle_high": {"dvar": 7.40335326554e-06, "var": 2.66711576842e-05, "median": 0.00605144537985, "max": 0.0506876707077, "dmean": 0.00218245619908, "dmean2": 0.00344083225355, "mean": 0.00699235731736, "dvar2": 1.80575425475e-05, "min": 1.27621069268e-09}, "barkbands_spread": {"dvar": 55.4649658203, "var": 248.409393311, "median": 25.7080211639, "max": 109.09702301, "dmean": 7.4870634079, "dmean2": 11.693775177, "mean": 27.3647670746, "dvar2": 124.205680847, "min": 0.488000184298}, "mfcc": {"mean": [-649.9375, 169.846496582, -18.7873249054, 22.7448654175, 5.18635320663, 24.5345935822, 0.243011623621, 3.52879691124, 0.0733592286706, 2.77965736389, -1.99982130527, 6.43135166168, -0.238649263978], "cov": [[8134.58984375, -109.485519409, -1218.91943359, 334.944732666, -695.03527832, 153.717636108, -266.315063477, -75.4636535645, -124.895629883, 135.214172363, -93.7108612061, 137.423690796, -21.6684417725], [-109.485519409, 1056.93701172, -187.371871948, -274.953765869, 194.530914307, -77.8873214722, -3.19641637802, -54.1805114746, 15.4729967117, -35.4348526001, 60.757686615, -7.19909572601, 33.8586235046], [-1218.91943359, -187.371871948, 600.305908203, 49.4432563782, 144.734802246, 33.146522522, 109.546951294, 60.5936813354, 33.5983390808, 13.0174779892, 31.3112678528, -30.2798595428, 3.52109718323], [334.944732666, -274.953765869, 49.4432563782, 320.795074463, -65.6513595581, 78.9025497437, 30.4092140198, 44.415512085, 1.64400839806, 31.7076778412, -27.9379234314, 10.1876564026, -17.1281280518], [-695.03527832, 194.530914307, 144.734802246, -65.6513595581, 240.248672485, -5.46949386597, 77.3133621216, 36.1172561646, 26.4310722351, -36.3445014954, 27.1608638763, -24.3935184479, 28.5131378174], [153.717636108, -77.8873214722, 33.146522522, 78.9025497437, -5.46949386597, 121.510948181, 34.9443855286, 46.6374473572, 1.97980833054, 12.8789186478, -16.1539173126, 12.0271692276, 0.344238787889], [-266.315063477, -3.19641637802, 109.546951294, 30.4092140198, 77.3133621216, 34.9443855286, 125.510574341, 46.5639457703, 27.7252826691, -6.91686105728, 6.82783460617, -13.6546535492, 19.0946121216], [-75.4636535645, -54.1805114746, 60.5936813354, 44.415512085, 36.1172561646, 46.6374473572, 46.5639457703, 96.3589324951, 19.6497383118, 10.2621593475, -1.59868562222, 2.05464458466, 4.42582416534], [-124.895629883, 15.4729967117, 33.5983390808, 1.64400839806, 26.4310722351, 1.97980833054, 27.7252826691, 19.6497383118, 71.2897491455, 21.009355545, 20.2653255463, 4.86251688004, 9.96807765961], [135.214172363, -35.4348526001, 13.0174779892, 31.7076778412, -36.3445014954, 12.8789186478, -6.91686105728, 10.2621593475, 21.009355545, 72.8762588501, 28.4528503418, 19.2477359772, -0.812915325165], [-93.7108612061, 60.757686615, 31.311267