{"tonal": {"hpcp": {"dvar": [0.0213778428733, 0.020086940378, 0.0129318386316, 0.0207870304585, 0.0366194806993, 0.0451260171831, 0.0574217438698, 0.0547158829868, 0.0652616843581, 0.0455051548779, 0.0484292022884, 0.0314559303224, 0.0231326594949, 0.0195012614131, 0.0209281463176, 0.0236170478165, 0.0284049510956, 0.0309040937573, 0.0364193804562, 0.0507493875921, 0.0483857803047, 0.0492830313742, 0.0445907264948, 0.0302569102496, 0.0235981456935, 0.0222496800125, 0.0285755451769, 0.0399111583829, 0.0474208928645, 0.0430106297135, 0.0381840504706, 0.0362954549491, 0.0245543252677, 0.0131225707009, 0.0104024196044, 0.0159789118916], "var": [0.0382295399904, 0.0281502399594, 0.0129112694412, 0.020724914968, 0.0361769460142, 0.0658191666007, 0.112465597689, 0.0849372595549, 0.0812575668097, 0.0788204446435, 0.0588276013732, 0.0291375517845, 0.0250723138452, 0.0210359096527, 0.0234968326986, 0.0269989427179, 0.0284768845886, 0.0324401296675, 0.0467398017645, 0.0611921101809, 0.0943402424455, 0.131509169936, 0.07176181674, 0.0283416099846, 0.0196367185563, 0.0216513685882, 0.0446614772081, 0.0803296715021, 0.06362747401, 0.0649165958166, 0.0881430208683, 0.0552556104958, 0.0223067589104, 0.0150966234505, 0.0126119181514, 0.0175584703684], "median": [0.0125431083143, 0.0102669037879, 0.0057949796319, 0.00561270676553, 0.0136569608003, 0.0590761266649, 0.103289738297, 0.0947986990213, 0.0340886637568, 0.00976202823222, 0.00603528879583, 0.00602283328772, 0.00537614058703, 0.00471971835941, 0.0061183902435, 0.00757792312652, 0.00750841619447, 0.00697101466358, 0.00978928338736, 0.0316219516098, 0.0952824726701, 0.126379176974, 0.0663214623928, 0.0112483166158, 0.00237005762756, 0.00402700947598, 0.0123023912311, 0.0239888150245, 0.0346079617739, 0.0462112426758, 0.0390120446682, 0.0214883834124, 0.00761659583077, 0.00374903762713, 0.00377156538889, 0.00919630564749], "max": [1, 1, 1, 1, 1, 1, 1, 1, 1, 1, 1, 1, 1, 1, 1, 1, 1, 1, 1, 1, 1, 1, 1, 1, 1, 1, 1, 1, 1, 1, 1, 1, 1, 1, 1, 1], "dmean": [0.0696717128158, 0.0639471560717, 0.0466586984694, 0.0605034530163, 0.101361364126, 0.147508338094, 0.172451078892, 0.180585354567, 0.16263769567, 0.124637067318, 0.111056029797, 0.0823370441794, 0.0634171441197, 0.0581005215645, 0.0593885555863, 0.0668569505215, 0.0725225284696, 0.0806041806936, 0.0962415486574, 0.135451748967, 0.154198542237, 0.154899269342, 0.138480678201, 0.0814509615302, 0.0563767887652, 0.0578290224075, 0.0812623128295, 0.110711447895, 0.136120259762, 0.134552314878, 0.117775097489, 0.104880943894, 0.066913433373, 0.040134370327, 0.0359871648252, 0.0545272827148], "dmean2": [0.118338368833, 0.108411379158, 0.0812360420823, 0.10574824363, 0.179700493813, 0.252691596746, 0.301555633545, 0.309277117252, 0.290031731129, 0.217702537775, 0.195495933294, 0.146047115326, 0.113154150546, 0.102321378887, 0.103744521737, 0.119056910276, 0.127522706985, 0.140394628048, 0.169985055923, 0.237482100725, 0.265265226364, 0.266467839479, 0.236040040851, 0.142498522997, 0.102093219757, 0.100913003087, 0.14089140296, 0.190823957324, 0.234763219953, 0.229050338268, 0.201926529408, 0.182321310043, 0.118994399905, 0.0724569708109, 0.064776442945, 0.0950712636113], "mean": [0.0956907123327, 0.0763739049435, 0.0435067787766, 0.0543716065586, 0.0914759337902, 0.182972937822, 0.270324796438, 0.235156700015, 0.175916731358, 0.159660428762, 0.116257444024, 0.0728389024734, 0.0621727630496, 0.057288903743, 0.0589309968054, 0.0672122091055, 0.0675384551287, 0.0761130824685, 0.0997249186039, 0.143265083432, 0.247900426388, 0.309459865093, 0.197262704372, 0.0732517689466, 0.0451736859977, 0.0514974147081, 0.0995888337493, 0.15959443152, 0.154712408781, 0.164595365524, 0.190651774406, 0.128189757466, 0.0576209649444, 0.0379556789994, 0.0347729809582, 0.059427075088], "dvar2": [0.0534714497626, 0.0509816221893, 0.034488234669, 0.0555671751499, 0.0983577221632, 0.121001124382, 0.153637945652, 0.144701257348, 0.179594531655, 0.127980902791, 0.127448275685, 0.0851616486907, 0.0651919320226, 0.0532111078501, 0.0553737431765, 0.0648839175701, 0.0760226473212, 0.0818403214216, 0.0977240502834, 0.14054082334, 0.127911776304, 0.127666071057, 0.117392517626, 0.079954713583, 0.0654398873448, 0.0571238398552, 0.0761803761125, 0.102380208671, 0.121828861535, 0.111796811223, 0.100490361452, 0.0980259254575, 0.0671720802784, 0.0371204763651, 0.0290971752256, 0.0445105843246], "min": [0, 0, 0, 0, 0, 0, 0, 0, 0, 0, 0, 0, 0, 0, 0, 0, 0, 0, 0, 0, 0, 0, 0, 0, 0, 0, 0, 0, 0, 0, 0, 0, 0, 0, 0, 0]}, "key_key": "E", "thpcp": [1, 0.63744199276, 0.236708462238, 0.145975917578, 0.166410639882, 0.321815013885, 0.515719294548, 0.499943375587, 0.531879544258, 0.61607915163, 0.414237111807, 0.186198502779, 0.12265137583, 0.112366691232, 0.192034840584, 0.309218496084, 0.246797442436, 0.140589401126, 0.175698414445, 0.295598685741, 0.591265499592, 0.873537480831, 0.759894013405, 0.568463802338, 0.515932559967, 0.375678598881, 0.235374316573, 0.200907349586, 0.185125470161, 0.190431788564, 0.217192009091, 0.218246251345, 0.245954617858, 0.322254776955, 0.462952077389, 0.801074564457], "chords_key": "E", "tuning_equal_tempered_deviation": 0.0620349012315, "tuning_frequency": 443.316436768, "tuning_diatonic_strength": 0.842426896095, "chords_histogram": [33.4188690186, 0.947493076324, 3.51362013817, 0.3355704844, 0.829056441784, 0.651401519775, 0.434267669916, 1.99368333817, 2.36873269081, 19.5617847443, 4.69798660278, 2.09238052368, 0.414528220892, 0, 1.61863398552, 0.217133834958, 0.276352137327, 0.45400711894, 0.493485987186, 0, 0.276352137327, 2.96091580391, 12.9885511398, 9.45519161224], "key_strength": 0.945490539074, "key_scale": "minor", "chords_strength": {"dvar": 6.95632115821e-05, "var": 0.0104453871027, "median": 0.596942663193, "max": 0.854856669903, "dmean": 0.00929094292223, "dmean2": 0.00990649498999, "mean": 0.599480628967, "dvar2": 8.46019538585e-05, "min": 0.292101711035}, "chords_number_rate": 0.00217133830301, "tuning_nontempered_energy_ratio": 0.78536182642, "hpcp_entropy": {"dvar": 0.269726574421, "var": 0.594582855701, "median": 1.6202340126, "max": 4.32763385773, "dmean": 0.638718128204, "dmean2": 1.089797616, "mean": 1.54351127148, "dvar2": 0.717889964581, "min": 0}, "chords_changes_rate": 0.0584287419915, "chords_scale": "minor"}, "rhythm": {"bpm_histogram_first_peak_spread": {"dvar": 0, "var": 0, "median": 0.418918907642, "max": 0.418918907642, "dmean": 0, "dmean2": 0, "mean": 0.418918907642, "dvar2": 0, "min": 0.418918907642}, "bpm_histogram_first_peak_weight": {"dvar": 0, "var": 0, "median": 0.0868686884642, "max": 0.0868686884642, "dmean": 0, "dmean2": 0, "mean": 0.0868686884642, "dvar2": 0, "min": 0.0868686884642}, "bpm_histogram_first_peak_bpm": {"dvar": 0, "var": 0, "median": 152, "max": 152, "dmean": 0, "dmean2": 0, "mean": 152, "dvar2": 0, "min": 152}, "bpm": 151.703277588, "bpm_histogram_second_peak_weight": {"dvar": 0, "var": 0, "median": 0.0747474730015, "max": 0.0747474730015, "dmean": 0, "dmean2": 0, "mean": 0.0747474730015, "dvar2": 0, "min": 0.0747474730015}, "beats_loudness": {"dvar": 0.000118936375657, "var": 0.000232763253734, "median": 0.0302571803331, "max": 0.0819416120648, "dmean": 0.0112709710374, "dmean2": 0.0189936999232, "mean": 0.0298991110176, "dvar2": 0.000332578696543, "min": 5.60884509468e-05}, "beats_loudness_band_ratio": {"dvar": [0.0207903143018, 0.0415869764984, 0.0326163992286, 0.0210507940501, 0.0193255823106, 0.00057863019174], "var": [0.0479766577482, 0.0623720474541, 0.0595055669546, 0.0288714710623, 0.0300384107977, 0.000303009554045], "median": [0.0542770624161, 0.248954638839, 0.32405346632, 0.0659729242325, 0.0187596734613, 0.000860414584167], "max": [0.898638546467, 0.958493590355, 0.959179162979, 0.856204926968, 0.837202370167, 0.241865366697], "dmean": [0.101934045553, 0.213155314326, 0.213528931141, 0.118058972061, 0.0834976807237, 0.00509809236974], "dmean2": [0.173213422298, 0.366736918688, 0.358487278223, 0.206404194236, 0.140232175589, 0.00959257874638], "mean": [0.155295550823, 0.316294789314, 0.358097821474, 0.139954611659, 0.0981338918209, 0.00374417402782], "dvar2": [0.0466074422002, 0.118540629745, 0.0898095443845, 0.0564739778638, 0.0507141947746, 0.00171780667733], "min": [0.000488637830131, 0.0057909488678, 0.00236716377549, 0.000544046401046, 6.70258741593e-05, 1.48290428115e-05]}, "bpm_histogram_second_peak_bpm": {"dvar": 0, "var": 0, "median": 136, "max": 136, "dmean": 0, "dmean2": 0, "mean": 136, "dvar2": 0, "min": 136}, "onset_rate": 1.91736912727, "beats_count": 496, "beats_position": [0.394739210606, 0.789478421211, 1.18421769142, 1.57895684242, 1.97369611263, 2.35682535172, 2.73995471001, 3.13469386101, 3.51782298088, 3.88934230804, 4.27247142792, 4.66721057892, 5.06195020676, 5.46829938889, 5.87464857101, 6.26938772202, 6.66412687302, 7.05886602402, 7.44199514389, 7.8251247406, 8.2198638916, 8.6146030426, 9.05578231812, 9.49696159363, 9.94974994659, 10.4025392532, 10.8553285599, 11.3081178665, 11.749297142, 12.1904764175, 12.6316547394, 13.0728340149, 13.5140132904, 13.9551925659, 14.3963718414, 14.8491611481, 15.2555103302, 15.6386394501, 16.0217685699, 16.4281177521, 16.8460769653, 17.2524261475, 17.6587753296, 18.088344574, 18.5179138184, 18.9474830627, 19.3770523071, 19.8066215515, 20.2361907959, 20.6657600403, 21.0953292847, 21.5248966217, 21.9544658661, 22.3375968933, 22.7323360443, 23.1038551331, 23.4753742218, 23.8468933105, 24.2184123993, 24.589931488, 24.984670639, 25.3677997589, 25.7625389099, 26.1572780609, 26.5520172119, 26.958366394, 27.3763256073, 27.7826747894, 28.1890239716, 28.5837631226, 28.9785022736, 29.3732414246, 29.7795906067, 30.1859397888, 30.5806789398, 30.9870281219, 31.3933773041, 31.8113365173, 32.2292976379, 32.6472549438, 33.053604126, 33.4599533081, 33.8546943665, 34.2494316101, 34.63256073, 35.0156898499, 35.4104309082, 35.8283882141, 36.2579574585, 36.6875267029, 37.1287078857, 37.5698852539, 38.0226745605, 38.4754638672, 38.9282531738, 39.3810424805, 39.8222198486, 40.251789093, 40.6929702759, 41.1225395203, 41.5521087646, 41.9700660706, 42.3996353149, 42.8292045593, 43.1658935547, 43.50258255, 43.8392753601, 44.1759643555, 44.5126533508, 44.8493423462, 45.1860313416, 45.5343284607, 45.8594093323, 46.1844902039, 46.5211791992, 46.8578681946, 47.1945571899, 47.5312461853, 47.8795471191, 48.2278442383, 48.5761451721, 48.9244422913, 49.2727432251, 49.6094322205, 49.9577331543, 50.3176422119, 50.6659393311, 50.9910202026, 51.3160972595, 51.6411781311, 51.9430389404, 52.2681159973, 52.5931968689, 52.9182739258, 53.2549667358, 53.5916557312, 53.9399528503, 54.2650337219, 54.6133308411, 54.9616317749, 55.2867126465, 55.6117897034, 55.9252586365, 56.2503395081, 56.6334686279, 57.0049858093, 57.3881187439, 57.7712478638, 58.1659851074, 58.5607261658, 58.9554634094, 59.3502044678, 59.7333335876, 60.1164627075, 60.5111999512, 60.9059410095, 61.3006782532, 61.7070274353, 62.1133766174, 62.5777778625, 63.042175293, 63.5181846619, 63.9709739685, 64.4237594604, 64.8765487671, 65.3293380737, 65.7821273804, 66.2233123779, 66.6644897461, 67.1056671143, 67.5468444824, 67.98802948, 68.3827667236, 68.7775039673, 69.1838531494, 69.5785903931, 69.9849395752, 70.4029006958, 70.7976379395, 71.2155990601, 71.6219482422, 72.0399093628, 72.4462585449, 72.8642196655, 73.2821731567, 73.7233581543, 74.1645355225, 74.6521530151, 75.1281585693, 75.6041717529, 76.0917892456, 76.5678024292, 77.0438079834, 77.5662536621, 78.1003189087, 78.6227645874, 79.1452102661, 79.6676635742, 80.1901092529, 80.6893386841, 81.2001800537, 81.7110214233, 82.2334671021, 82.7559204102, 83.2203140259, 83.6731033325, 84.1258926392, 84.5786819458, 85.0430831909, 85.4958724976, 85.9486618042, 86.3898391724, 86.842628479, 87.2838058472, 87.7249908447, 88.1661682129, 88.6189575195, 89.0601348877, 89.4897003174, 89.9308853149, 90.3604507446, 90.7203598022, 91.0918807983, 91.4634017944, 91.8349151611, 92.2296600342, 92.6127853394, 92.9959182739, 93.3906555176, 93.7853927612, 94.1801376343, 94.5748748779, 94.9696121216, 95.3759613037, 95.7706985474, 96.1770477295, 96.6182327271, 97.0594100952, 97.5005874634, 97.9417648315, 98.3597259521, 98.8009033203, 99.2420806885, 99.683265686, 100.124443054, 100.565620422, 100.995193481, 101.424758911, 101.831108093, 102.260681152, 102.608978271, 102.980499268, 103.352012634, 103.735145569, 104.095054626, 104.454963684, 104.814872742, 105.186393738, 105.546302795, 105.906211853, 106.277732849, 106.649246216, 107.020767212, 107.38067627, 107.740585327, 108.077278137, 108.413963318, 108.785484314, 109.145393372, 109.516914368, 109.888435364, 110.283172607, 110.666305542, 111.049430847, 111.432563782, 111.920181274, 112.407798767, 112.907028198, 113.406257629, 113.905487061, 114.393104553, 114.915550232, 115.43800354, 116.006889343, 116.575782776, 117.144668579, 117.794830322, 118.444984436, 119.095146179, 119.745300293, 120.395462036, 121.057228088, 121.707389832, 122.357551575, 123.019317627, 123.66947937, 124.319633484, 124.969795227, 125.619949341, 126.270111084, 126.850608826, 127.442718506, 128.034820557, 128.626937866, 129.219039917, 129.799545288, 130.3800354, 130.960540771, 131.541046143, 132.133148193, 132.655593872, 133.17805481, 133.804992676, 134.44354248, 135.070480347, 135.697418213, 136.324356079, 136.939682007, 137.566619873, 138.193557739, 138.832107544, 139.482269287, 140.109207153, 140.73614502, 141.363082886, 141.990020752, 142.616958618, 143.243896484, 143.870834351, 144.486160278, 145.101501465, 145.716827393, 146.33215332, 146.93586731, 147.469924927, 147.992385864, 148.526443481, 149.04888916, 149.5597229, 150.070556641, 150.558181763, 151.034194946, 151.51020813, 151.951385498, 152.380950928, 152.833740234, 153.251693726, 153.669662476, 154.099227905, 154.528793335, 154.946762085, 155.364715576, 155.805892944, 156.223846436, 156.653427124, 157.082992554, 157.547393799, 158.011795044, 158.47618103, 158.952194214, 159.439819336, 159.927429199, 160.403442383, 160.867843628, 161.343856812, 161.819854736, 162.307479858, 162.79510498, 163.282714844, 163.781951904, 164.281173706, 164.792022705, 165.34928894, 165.906570435, 166.463851929, 167.021133423, 167.578414917, 168.158905029, 168.7394104, 169.319900513, 170.039718628, 170.736328125, 171.432922363, 172.106307983, 172.779678345, 173.441452026, 174.103210449, 174.753372192, 175.426757813, 176.076919556, 176.72706604, 177.330795288, 177.934509277, 178.573059082, 179.211608887, 179.838546753, 180.465484619, 181.092422485, 181.719360352, 182.346298218, 182.961624146, 183.576965332, 184.19229126, 184.726348877, 185.260406494, 185.80607605, 186.351745605, 186.9090271, 187.454696655, 188.011962891, 188.569244385, 189.196182251, 189.846343994, 190.47328186, 191.100219727, 191.796829224, 192.493423462, 193.1900177, 193.875015259, 194.559997559, 195.152099609, 195.744216919, 196.324707031, 196.905212402, 197.508926392, 198.11265564, 198.693145752, 199.238815308, 199.784484863, 200.31854248, 200.829391479, 201.351837158, 201.874282837, 202.385116577, 202.895965576, 203.395187378, 203.894424438, 204.405258179, 204.90447998, 205.450149536, 205.995819092, 206.541488647, 207.087158203, 207.62121582, 208.178497314, 208.72416687, 209.281448364, 209.838729858, 210.396011353, 210.964889526, 211.557006836, 212.160720825, 212.741226196, 213.333328247, 213.925445557, 214.529159546, 215.109649658, 215.690155029, 216.28225708, 216.87437439, 217.478088379, 218.070205688, 218.662307739, 219.266021729, 219.869750977, 220.485076904, 221.100402832, 221.611236572, 222.098861694, 222.598098755, 223.062484741, 223.526885986, 223.991287231, 224.467300415, 224.954910278, 225.4425354, 225.930160522, 226.417770386, 226.905395508, 227.393005371, 227.880630493, 228.368255615, 228.855865479, 229.343490601, 229.831100464, 230.318725586, 230.736679077, 231.154647827, 231.572601318, 231.97895813, 232.385299683, 232.791656494, 233.197998047, 233.604354858, 234.010696411, 234.417053223], "danceability": 0.942132055759, "bpm_histogram_second_peak_spread": {"dvar": 0, "var": 0, "median": 0.569767475128, "max": 0.569767475128, "dmean": 0, "dmean2": 0, "mean": 0.569767475128, "dvar2": 0, "min": 0.569767475128}}, "lowlevel": {"spectral_flux": {"dvar": 0.000727924052626, "var": 0.00184905913193, "median": 0.0732550472021, "max": 0.301682591438, "dmean": 0.0256693195552, "dmean2": 0.0428982563317, "mean": 0.0803264901042, "dvar2": 0.00193980825134, "min": 6.85462936412e-11}, "spectral_rolloff": {"dvar": 134483, "var": 518175.34375, "median": 753.662109375, "max": 19487.5488281, "dmean": 148.803085327, "dmean2": 252.668670654, "mean": 994.783508301, "dvar2": 248859.125, "min": 86.1328125}, "barkbands_flatness_db": {"dvar": 0.000323213957017, "var": 0.00274193543009, "median": 0.282145619392, "max": 0.484515488148, "dmean": 0.0184393450618, "dmean2": 0.0279783736914, "mean": 0.283713042736, "dvar2": 0.000664271123242, "min": 0.0375204086304}, "spectral_centroid": {"dvar": 21069.6875, "var": 235012.046875, "median": 640.78302002, "max": 11362.1728516, "dmean": 95.1047286987, "dmean2": 138.951126099, "mean": 803.773986816, "dvar2": 35264.1679688, "min": 139.411270142}, "melbands_skewness": {"dvar": 0.317434221506, "var": 1.78982186317, "median": 1.21716952324, "max": 12.6335802078, "dmean": 0.511260151863, "dmean2": 0.782147288322, "mean": 1.43310010433, "dvar2": 0.693885087967, "min": -1.76480269432}, "melbands": {"dvar": [4.32362279312e-09, 9.76075487102e-09, 1.39564377832e-07, 3.49771482888e-07, 1.01584726053e-06, 4.46282513167e-07, 2.12570398617e-07, 1.03273316654e-06, 3.40058221582e-07, 3.8438540173e-07, 1.61356226158e-07, 1.46687639813e-08, 3.84868421577e-08, 2.86456973697e-08, 7.05766893816e-08, 2.27432952471e-08, 1.65723861301e-08, 2.07366781524e-08, 1.88768076725e-08, 6.56840137836e-09, 4.05426758832e-09, 1.27450028309e-09, 3.95443483514e-10, 2.0998104644e-10, 7.77994960122e-11, 4.62005173701e-12, 1.44852727903e-12, 1.0189723414e-12, 1.26098336959e-13, 4.74241244961e-14, 8.74026938606e-14, 3.32879638567e-13, 1.00371425581e-13, 8.48916341953e-14, 7.43053215528e-14, 2.6924036595e-14, 1.09990624803e-14, 2.06060161474e-15, 8.44191151716e-17, 5.91991368195e-18], "var": [4.01018347418e-08, 1.70355505702e-07, 5.6802787185e-07, 1.36982885124e-06, 3.38160452884e-06, 1.60578633768e-06, 6.17507737388e-07, 2.75803631666e-06, 1.16415674256e-06, 1.29684156036e-06, 5.30783950126e-07, 3.2188975041e-08, 1.56806379437e-07, 9.05422936626e-08, 2.02488152468e-07, 5.14610718483e-08, 3.83125673409e-08, 3.8861042384e-08, 7.29217930484e-08, 3.2365889524e-08, 1.72712653068e-08, 4.10539158224e-09, 2.14133533127e-09, 1.0877844181e-09, 3.07508463138e-10, 1.07331322649e-11, 2.21578007678e-12, 1.44037776498e-12, 2.24839922071e-13, 8.39280766196e-14, 1.34504847581e-13, 3.67968052946e-13, 1.38642461227e-13, 1.23719732918e-13, 1.02885094107e-13, 3.12098776185e-14, 1.1657996515e-14, 2.98266114057e-15, 1.27122175328e-16, 8.47850863444e-18], "median": [4.03685735364e-05, 0.000110280074296, 0.000185344149941, 0.000325817352859, 0.000355139432941, 0.000312833144562, 0.000229893659707, 0.000241438930971, 0.000122969329823, 0.000111573426693, 5.39336288057e-05, 2.11958576983e-05, 2.92831318802e-05, 1.53348137246e-05, 1.77379242814e-05, 1.15423827083e-05, 1.24703619804e-05, 7.01069029674e-06, 4.5929659791e-06, 3.86885494663e-06, 2.79649430013e-06, 3.12195470542e-06, 2.43221325036e-06, 1.15539523904e-06, 9.10066034976e-07, 3.49267168076e-07, 1.69515928405e-07, 1.02193403961e-07, 4.45526104897e-08, 2.1571272768e-08, 1.63144733278e-08, 9.55408374637e-09, 6.43569553205e-09, 6.10977313187e-09, 4.18489776166e-09, 2.18886864189e-09, 1.54740498193e-09, 7.48368533809e-10, 2.44775366642e-10, 1.5297701994e-10], "max": [0.00203871238045, 0.00695979502052, 0.0103254104033, 0.0138104846701, 0.0230323597789, 0.0132957296446, 0.0108531881124, 0.017411082983, 0.0179272294044, 0.0155725311488, 0.0111112110317, 0.00331588089466, 0.00594227714464, 0.00462757935748, 0.00734068220481, 0.00543045531958, 0.00347272725776, 0.00371801923029, 0.00346949510276, 0.00311586074531, 0.00189807405695, 0.000928706198465, 0.000506825861521, 0.000391361158108, 0.000228885764955, 7.42980846553e-05, 6.24454332865e-05, 3.76708776457e-05, 1.67322796187e-05, 1.14917784231e-05, 2.16516364162e-05, 4.30204272561e-05, 1.79617254616e-05, 1.62864726008e-05, 1.65197052411e-05, 1.12636716949e-05, 8.55894631968e-06, 3.79329776479e-06, 7.21442972917e-07, 1.57045462856e-07], "dmean": [4.18505114794e-05, 6.29496134934e-05, 0.00020260947349, 0.000317876809277, 0.000414157635532, 0.000359516852768, 0.000266167335212, 0.000470851402497, 0.000244117138209, 0.000261875684373, 0.000144598190673, 4.5399152441e-05, 8.03292205092e-05, 5.842146129e-05, 8.61046355567e-05, 3.82982216252e-05, 3.85579187423e-05, 3.8921723899e-05, 4.4655513193e-05, 2.42848982452e-05, 1.86793549801e-05, 1.36537619255e-05, 8.26605992188e-06, 5.7938577811e-06, 3.38269160238e-06, 7.77158732035e-07, 2.72650822808e-07, 2.05393192232e-07, 8.07853339779e-08, 4.8184432444e-08, 4.12522496163e-08, 4.75591015459e-08, 3.06992333776e-08, 3.00918685525e-08, 2.54887950746e-08, 1.38311602171e-08, 7.29362037433e-09, 3.7083487392e-09, 8.34358970803e-10, 3.07914277409e-10], "dmean2": [7.31306645321e-05, 9.42393598962e-05, 0.000313103781082, 0.000498665787745, 0.000605720037129, 0.000549036369193, 0.000406574399676, 0.000755672284868, 0.000366944383131, 0.000390190340113, 0.000220566842472, 6.84557089699e-05, 0.000125680075143, 8.59275678522e-05, 0.000116932802484, 5.71555356146e-05, 5.8082598116e-05, 5.51788180019e-05, 5.89987648709e-05, 3.50883201463e-05, 2.7980260711e-05, 1.98350408027e-05, 1.21887187561e-05, 8.63942568685e-06, 5.10717609359e-06, 1.18192929222e-06, 4.26293809141e-07, 3.26759703739e-07, 1.22551938375e-07, 7.51136184363e-08, 6.22367082315e-08, 7.02248996731e-08, 4.20677714885e-08, 4.41498073656e-08, 3.69217296736e-08, 2.03589589631e-08, 1.05590451938e-08, 5.26212939889e-09, 1.22803378577e-09, 4.49814047121e-10], "mean": [0.000119681222714, 0.000239821369178, 0.000467923877295, 0.000762450916227, 0.000951940950472, 0.000796989537776, 0.000520724337548, 0.0008634775877, 0.000473989406601, 0.000524484785274, 0.000297039252473, 7.80804111855e-05, 0.00016967683041, 0.000111582798127, 0.000151575499331, 6.75943010719e-05, 6.95423223078e-05, 5.79390398343e-05, 9.04360422282e-05, 5.96659556322e-05, 4.2681422201e-05, 2.79486721411e-05, 2.15750169446e-05, 1.4725690562e-05, 7.93990602688e-06, 1.5018662225e-06, 4.77108301311e-07, 3.40759982009e-07, 1.50648830299e-07, 9.77869731855e-08, 7.77934019425e-08, 7.11768137762e-08, 4.53043149662e-08, 4.6179401636e-08, 3.57298439724e-08, 1.90821527468e-08, 1.04025001946e-08, 4.93853757888e-09, 1.20192911179e-09, 5.17633380603e-10], "dvar2": [1.35112427913e-08, 2.11950990092e-08, 3.44896278648e-07, 8.35183129766e-07, 2.08118581213e-06, 1.01728812751e-06, 4.7946241466e-07, 2.54396218224e-06, 7.25676386537e-07, 8.13829899471e-07, 3.78248529387e-07, 3.26003757323e-08, 9.06718824467e-08, 5.831999772e-08, 1.25115164451e-07, 4.4740318117e-08, 3.70376760372e-08, 4.11187848215e-08, 3.36505117104e-08, 1.25462822353e-08, 9.21987286517e-09, 2.54763166119e-09, 7.87515219702e-10, 4.21373047566e-10, 1.72173844626e-10, 1.05384668006e-11, 3.09649224664e-12, 2.45326588905e-12, 2.50359574652e-13, 1.03928184689e-13, 1.93902348605e-13, 7.8710855108e-13, 2.02174214869e-13, 1.47790295084e-13, 1.33725929635e-13, 5.4318437362e-14, 2.28731455705e-14, 3.48090180202e-15, 1.40148800903e-16, 1.09632003759e-17], "min": [3.4182648588e-24, 1.00027720554e-23, 4.55348303307e-24, 4.38418519977e-24, 2.15063500109e-24, 3.05320606428e-24, 2.9363976551e-24, 1.22004699065e-23, 1.53804494681e-23, 9.71672714688e-24, 7.69884698374e-24, 1.05785245537e-23, 1.16864086976e-23, 8.687652574e-24, 9.39280113768e-24, 7.64370639532e-24, 3.68076581919e-24, 7.15171041482e-24, 1.05892609506e-23, 7.66705825584e-24, 3.58584297533e-24, 6.59847476781e-24, 6.57494659688e-24, 7.71141432682e-24, 9.25249512593e-24, 7.36206490836e-24, 8.62190575071e-24, 8.29454740771e-24, 1.00626820969e-23, 1.11084955093e-23, 7.2919328073e-24, 7.60085941526e-24, 8.85120158345e-24, 7.90135388899e-24, 1.39189410685e-23, 1.09323034261e-23, 8.15945339997e-24, 7.82143675727e-24, 1.00583070743e-23, 7.57436157745e-24]}, "spectral_decrease": {"dvar": 2.87553396048e-18, "var": 1.40348512082e-17, "median": -6.99152513661e-09, "max": 9.8622406702e-29, "dmean": 1.48582768311e-09, "dmean2": 2.35749220145e-09, "mean": -6.90461998687e-09, "dvar2": 6.83874590637e-18, "min": -2.59339856257e-08}, "barkbands_kurtosis": {"dvar": 47.8056755066, "var": 137.120132446, "median": 1.80198132992, "max": 243.008956909, "dmean": 2.9323246479, "dmean2": 4.68487977982, "mean": 5.01615953445, "dvar2": 124.401901245, "min": -1.8942013979}, "silence_rate_30dB": {"dvar": 0, "var": 0, "median": 1, "max": 1, "dmean": 0, "dmean2": 0, "mean": 1, "dvar2": 0, "min": 1}, "gfcc": {"mean": [-110.40032196, 193.991409302, -151.252441406, -10.0168333054, -41.4856834412, -25.6378002167, -30.1229724884, -11.7742567062, -5.14737510681, -17.7683925629, -0.525438427925, -9.21521377563, -6.37699556351], "cov": [[5172.23242188, -365.881744385, -2530.68579102, 179.989044189, -27.6882381439, -156.838638306, -25.6768608093, -21.9902896881, 332.379089355, -296.25793457, 281.769317627, 25.5096035004, -8.31327056885], [-365.881744385, 887.538391113, 718.184265137, -377.56930542, 88.8204498291, -66.4210662842, 130.810852051, 19.8258209229, -154.501159668, 70.312210083, -85.7298126221, -117.906394958, -49.188041687], [-2530.68579102, 718.184265137, 1964.92993164, -58.2609825134, -34.2733612061, 61.6341743469, 19.0453243256, -51.9488754272, -285.604156494, 184.740158081, -206.774581909, -105.785415649, 2.18497109413], [179.989044189, -377.56930542, -58.2609825134, 651.448730469, 79.9245834351, 25.5391349792, -183.477996826, -43.6469764709, 91.5516433716, -5.04413557053, -24.0960063934, 36.3859100342, 70.5512313843], [-27.6882381439, 88.8204498291, -34.2733612061, 79.9245834351, 327.883270264, -27.5682258606, -122.156661987, 33.8063201904, 94.3406448364, 26.2542934418, -51.5190963745, 11.5062580109, 25.1523265839], [-156.838638306, -66.4210662842, 61.6341743469, 25.5391349792, -27.5682258606, 215.401306152, 111.815734863, -6.1306476593, -52.0612983704, 10.8313827515, 17.0194187164, -9.2013130188, -27.4776477814], [-25.6768608093, 130.810852051, 19.0453243256, -183.477996826, -122.156661987, 111.815734863, 353.494262695, 71.7233810425, -154.518676758, -27.5973262787, 35.8466339111, -21.6840133667, -72.8966522217], [-21.9902896881, 19.8258209229, -51.9488754272, -43.6469764709, 33.8063201904, -6.1306476593, 71.7233810425, 130.474624634, 32.3659172058, -15.4935293198, 3.10270023346, -0.193441063166, -16.427652359], [332.379089355, -154.501159668, -285.604156494, 91.5516433716, 94.3406448364, -52.0612983704, -154.518676758, 32.3659172058, 232.624237061, 39.4943389893, -10.3325128555, 7.84514427185, 32.6565818787], [-296.25793457, 70.312210083, 184.740158081, -5.04413557053, 26.2542934418, 10.8313827515, -27.5973262787, -15.4935293198, 39.4943389893, 140.662612915, -19.8147163391, -35.4680213928, 8.95874977112], [281.769317627, -85.7298126221, -206.774581909, -24.0960063934, -51.5190963745, 17.0194187164, 35.8466339111, 3.10270023346, -10.3325128555, -19.8147163391, 126.4713974, 52.100856781, -21.7388744354], [25.5096035004, -117.906394958, -105.785415649, 36.3859100342, 11.5062580109, -9.2013130188, -21.6840133667, -0.193441063166, 7.84514427185, -35.4680213928, 52.100856781, 115.811256409, 38.4638710022], [-8.31327056885, -49.188041687, 2.18497109413, 70.5512313843, 25.1523265839, -27.4776477814, -72.8966522217, -16.427652359, 32.6565818787, 8.95874977112, -21.7388744354, 38.4638710022, 97.0763473511]], "icov": [[0.00182673567906, -0.00354072148912, 0.00333151035011, -0.00209632399492, 0.00212085689418, -0.000806077965535, 0.000684227910824, 0.000868531060405, -0.000974425696768, 0.0014050550526, -0.000875981058925, 0.00062270037597, -0.000550744065549], [-0.00354072148912, 0.0112478332594, -0.00833434518427, 0.00597990397364, -0.00736548006535, 0.00433823326603, -0.00427768100053, 0.000366879045032, 0.00115540728439, -0.00132352835499, -0.000784855626989, 0.00302354292944, -0.000416446855525], [0.00333151035011, -0.00833434518427, 0.00824188161641, -0.00461573153734, 0.00576205272228, -0.00310477241874, 0.00404038326815, -0.000754820532165, 0.00157625984866, -0.000513790058903, 0.00189040531404, -0.00152159377467, 0.000309260154609], [-0.00209632399492, 0.00597990397364, -0.00461573153734, 0.00527374772355, -0.0039036446251, 0.001118160435, -0.000970263383351, -5.48740208615e-05, 0.000601271574851, -0.000565687485505, 0.00015446197358, 0.000946966232732, -0.000779033580329], [0.00212085689418, -0.00736548006535, 0.00576205272228, -0.0039036446251, 0.00940830167383, -0.00372547935694, 0.00537609821185, -0.0031878631562, 0.000309605529765, -0.00108024885412, 0.00378358806483, -0.0043312991038, 0.00172125990503], [-0.000806077965535, 0.00433823326603, -0.00310477241874, 0.001118160435, -0.00372547935694, 0.0087450845167, -0.00579395750538, 0.00327991461381, -0.00126467226073, 0.000202579380129, -0.00248787179589, 0.00272565241903, -0.000199156231247], [0.000684227910824, -0.00427768100053, 0.00404038326815, -0.000970263383351, 0.00537609821185, -0.00579395750538, 0.0124086402357, -0.00851037260145, 0.00791765190661, -0.00364601216279, 0.00382134434767, -0.00367547105998, 0.00333515461534], [0.000868531060405, 0.000366879045032, -0.000754820532165, -5.48740208615e-05, -0.0031878631562, 0.00327991461381, -0.00851037260145, 0.0159126576036, -0.00883278250694, 0.00585825182498, -0.00397737231106, 0.00314470170997, -0.00133226637263], [-0.000974425696768, 0.00115540728439, 0.00157625984866, 0.000601271574851, 0.000309605529765, -0.00126467226073, 0.00791765190661, -0.00883278250694, 0.0157601609826, -0.00852183811367, 0.00525923306122, -0.00264760432765, 0.00175363942981], [0.0014050550526, -0.00132352835499, -0.000513790058903, -0.000565687485505, -0.00108024885412, 0.000202579380129, -0.00364601216279, 0.00585825182498, -0.00852183811367, 0.0150268124416, -0.00654665986076, 0.00706161977723, -0.00432090600953], [-0.000875981058925, -0.000784855626989, 0.00189040531404, 0.00015446197358, 0.00378358806483, -0.00248787179589, 0.00382134434767, -0.00397737231106, 0.00525923306122, -0.00654665986076, 0.0192405618727, -0.0124543551356, 0.00796274095774], [0.00062270037597, 0.00302354292944, -0.00152159377467, 0.000946966232732, -0.0043312991038, 0.00272565241903, -0.00367547105998, 0.00314470170997, -0.00264760432765, 0.00706161977723, -0.0124543551356, 0.0212411377579, -0.0103689571843], [-0.000550744065549, -0.000416446855525, 0.000309260154609, -0.000779033580329, 0.00172125990503, -0.000199156231247, 0.00333515461534, -0.00133226637263, 0.00175363942981, -0.00432090600953, 0.00796274095774, -0.0103689571843, 0.0180792361498]]}, "silence_rate_20dB": {"dvar": 0, "var": 0, "median": 1, "max": 1, "dmean": 0, "dmean2": 0, "mean": 1, "dvar2": 0, "min": 1}, "barkbands_skewness": {"dvar": 0.284037977457, "var": 1.8010995388, "median": 0.944198012352, "max": 13.0488204956, "dmean": 0.488710671663, "dmean2": 0.747007191181, "mean": 1.11361205578, "dvar2": 0.641110539436, "min": -2.39737844467}, "erbbands_skewness": {"dvar": 0.171922236681, "var": 1.39936244488, "median": 0.58916759491, "max": 6.16172409058, "dmean": 0.430272430182, "dmean2": 0.660330951214, "mean": 0.528747737408, "dvar2": 0.398217946291, "min": -5.13373851776}, "spectral_contrast_valleys": {"dvar": [0.069774851203, 0.0741001516581, 0.0558261871338, 0.0494359508157, 0.0388623662293, 0.0501217953861], "var": [0.609286487103, 0.862549901009, 0.899054706097, 0.873552441597, 0.901065468788, 0.384960740805], "median": [-8.0207862854, -6.74277114868, -7.81668519974, -8.37753486633, -9.14009094238, -13.1033945084], "max": [-6.19556093216, -4.9510846138, -5.0994386673, -6.35503292084, -6.68560743332, -9.12905597687], "dmean": [0.302621841431, 0.314776539803, 0.271129488945, 0.233694002032, 0.184568434954, 0.205630421638], "dmean2": [0.50817579031, 0.516959667206, 0.445262223482, 0.38115042448, 0.291196703911, 0.332939088345], "mean": [-8.04200649261, -6.83431100845, -7.86598300934, -8.51438903809, -9.28575706482, -13.0775728226], "dvar2": [0.175231426954, 0.181513920426, 0.131594717503, 0.109892003238, 0.0760875195265, 0.102851897478], "min": [-27.6260356903, -27.3058452606, -26.9776744843, -27.2833385468, -27.1882514954, -27.282907486]}, "spectral_strongpeak": {"dvar": 1.39650785923, "var": 3.84757304192, "median": 1.5474473238, "max": 15.1036167145, "dmean": 0.846535921097, "dmean2": 1.3922264576, "mean": 2.10969948769, "dvar2": 3.47316288948, "min": 0}, "erbbands_crest": {"dvar": 8.47065734863, "var": 26.5789279938, "median": 12.7208595276, "max": 33.2562789917, "dmean": 3.31330513954, "dmean2": 5.3003411293, "mean": 13.6747484207, "dvar2": 20.7283859253, "min": 2.93465924263}, "barkbands_crest": {"dvar": 5.20659732819, "var": 21.385723114, "median": 11.1628952026, "max": 26.2622947693, "dmean": 2.60828065872, "dmean2": 4.13459014893, "mean": 12.0352363586, "dvar2": 12.8699426651, "min": 3.06763505936}, "spectral_energyband_middle_low": {"dvar": 4.59760085505e-05, "var": 0.000184955992154, "median": 0.0176894534379, "max": 0.0995840132236, "dmean": 0.00574581045657, "dmean2": 0.00899548828602, "mean": 0.0199603326619, "dvar2": 0.000108339008875, "min": 2.40991326747e-22}, "spectral_contrast_coeffs": {"dvar": [0.00128685147502, 0.0015613642754, 0.00104869308416, 0.000664431136101, 0.000310567120323, 0.000183125506737], "var": [0.00918208155781, 0.00799444597214, 0.00855731684715, 0.00808364432305, 0.00657684076577, 0.0027955933474], "median": [-0.585131525993, -0.643991827965, -0.698540747166, -0.714226484299, -0.731807470322, -0.76410394907], "max": [-0.249113619328, -0.306607455015, -0.343634903431, -0.44630408287, -0.502586185932, -0.614246666431], "dmean": [0.042461771518, 0.0479874610901, 0.0389830358326, 0.0301059801131, 0.0201473161578, 0.0155793623999], "dmean2": [0.0692516416311, 0.0778733417392, 0.0612378567457, 0.0476510189474, 0.0312112066895, 0.0256450492889], "mean": [-0.578976690769, -0.640236258507, -0.684010565281, -0.704676032066, -0.721197724342, -0.763974368572], "dvar2": [0.00325866206549, 0.00390554079786, 0.00244833366014, 0.00148636195809, 0.000686923624016, 0.000458995054942], "min": [-0.960975527763, -0.964504539967, -0.971796989441, -0.962390959263, -0.960573494434, -0.961668908596]}, "hfc": {"dvar": 22.7885932922, "var": 254.12210083, "median": 15.6963949203, "max": 90.8671875, "dmean": 3.81846475601, "dmean2": 5.91972112656, "mean": 20.135925293, "dvar2": 49.2564926147, "min": 1.18978522641e-16}, "spectral_energyband_high": {"dvar": 2.69980504619e-09, "var": 4.47567671813e-09, "median": 4.63447941002e-06, "max": 0.00334441452287, "dmean": 7.36470974516e-06, "dmean2": 1.05771714516e-05, "mean": 1.50200776261e-05, "dvar2": 4.92495644266e-09, "min": 8.10180273819e-21}, "erbbands_spread": {"dvar": 17.4560317993, "var": 99.7331390381, "median": 13.4641675949, "max": 102.6823349, "dmean": 3.41566443443, "dmean2": 5.18882656097, "mean": 15.7606801987, "dvar2": 34.0544090271, "min": 0.792888879776}, "dissonance": {"dvar": 0.00136584148277, "var": 0.00363127468154, "median": 0.405920505524, "max": 0.499998778105, "dmean": 0.0411592796445, "dmean2": 0.0694720223546, "mean": 0.397257000208, "dvar2": 0.00374857033603, "min": 0.133158922195}, "spectral_kurtosis": {"dvar": 174.537750244, "var": 789.739562988, "median": 24.106918335, "max": 190.881134033, "dmean": 13.9776792526, "dmean2": 24.2298431396, "mean": 32.8688201904, "dvar2": 500.018127441, "min": -1.23630559444}, "spectral_skewness": {"dvar": 0.582389831543, "var": 3.47072649002, "median": 3.05080461502, "max": 10.9257230759, "dmean": 0.91068571806, "dmean2": 1.57673251629, "mean": 3.50198698044, "dvar2": 1.69875228405, "min": -0.0484988354146}, "pitch_salience": {"dvar": 0.00365979527123, "var": 0.0157749541104, "median": 0.559586346149, "max": 0.851383566856, "dmean": 0.0681483820081, "dmean2": 0.108260244131, "mean": 0.548592805862, "dvar2": 0.00896283332258, "min": 0.0806638151407}, "spectral_complexity": {"dvar": 2.16220164299, "var": 21.5435638428, "median": 12, "max": 32, "dmean": 1.62428426743, "dmean2": 2.70016789436, "mean": 12.3502120972, "dvar2": 5.52904844284, "min": 0}, "spectral_spread": {"dvar": 147931381760, "var": 674444935168, "median": 1532463.75, "max": 40599880, "dmean": 235387.140625, "dmean2": 395939.28125, "mean": 1595347.375, "dvar2": 288749191168, "min": 429058.625}, "dynamic_complexity": 2.89189958572, "melbands_crest": {"dvar": 7.42696809769, "var": 29.1239013672, "median": 13.5244646072, "max": 34.3039779663, "dmean": 3.02825641632, "dmean2": 4.84471178055, "mean": 14.460811615, "dvar2": 18.3457889557, "min": 1.69809138775}, "zerocrossingrate": {"dvar": 4.89005906275e-05, "var": 0.000426021404564, "median": 0.02978515625, "max": 0.49755859375, "dmean": 0.0035734185949, "dmean2": 0.00434343283996, "mean": 0.0348533317447, "dvar2": 7.38968883525e-05, "min": 0.00439453125}, "spectral_energyband_low": {"dvar": 3.46153143482e-07, "var": 3.52667507286e-06, "median": 0.000699471100233, "max": 0.0226038042456, "dmean": 0.000374555034796, "dmean2": 0.000572912511416, "mean": 0.00136380305048, "dvar2": 8.30048918488e-07, "min": 4.66854415478e-23}, "melbands_kurtosis": {"dvar": 63.6318969727, "var": 191.701095581, "median": 2.94265627861, "max": 288.415405273, "dmean": 3.62361574173, "dmean2": 5.69352293015, "mean": 6.79130125046, "dvar2": 141.899169922, "min": -1.95631611347}, "spectral_energyband_middle_high": {"dvar": 1.00206025309e-05, "var": 7.4128372944e-05, "median": 0.00323352683336, "max": 0.0603393167257, "dmean": 0.00194633787032, "dmean2": 0.00286658597179, "mean": 0.00733257923275, "dvar2": 2.13441489905e-05, "min": 1.34422968576e-21}, "barkbands_spread": {"dvar": 5.91891384125, "var": 42.2728767395, "median": 6.66132450104, "max": 68.748298645, "dmean": 1.81596434116, "dmean2": 2.76792263985, "mean": 8.58908557892, "dvar2": 12.1917963028, "min": 0.282571971416}, "mfcc": {"mean": [-745.04510498, 220.679916382, -36.8022613525, 10.5563459396, 1.05553841591, -13.7524394989, -15.7196874619, -0.589109659195, -11.3024606705, -3.56184101105, -1.81735670567, -0.868229627609, -4.756980896], "cov": [[4723.55029297, -400.096954346, -2435.60913086, 155.979324341, -172.33001709, -97.6534118652, -403.273406982, 320.171966553, -197.296142578, 12.3449544907, 132.382736206, 111.102134705, -192.287963867], [-400.096954346, 1276.90380859, 448.514160156, -313.142730713, -31.4874725342, -175.335327148, 251.569549561, -132.592712402, 66.0981445313, 11.9885225296, 41.7323570251, -28.8079586029, 40.8704833984], [-2435.60913086, 448.514160156, 1793.52441406, -17.9870567322, -24.3052215576, 119.80368042, 311.101806641, -214.245727539, 75.826385498, 14.1950159073, -102.823677063, -82.7433547974, 140.785873413], [155.979324341, -313.142730713, -17.9870567322, 417.019012451, 209.923202515, 56.2358894348, -143.569091797, -10.9821519852, 35.8628082275, 13.8247375488, -65.4651870728, -56.4998588562, 38.1062545776], [-172.33001709, -31.4874725342, -24.3052215576, 209.923202515, 467.383209229, 50.2584075928, -235.905822754, -63.9682502747, 76.2754135132, 53.9944610596, -67.1863250732, -62.918510437, 42.2973937988], [-97.6534118652, -175.335327148, 119.80368042, 56.2358894348, 50.2584075928, 211.107284546, 21.537519455, -20.3684501648, 5.06756687164, 24.6975345612, -13.9064645767, -14.6361427307, 11.6477241516], [-403.273406982, 251.569549561, 311.101806641, -143.569091797, -235.905822754, 21.537519455, 411.599609375, 65.0669403076, -23.7100639343, -40.5550041199, 51.5380516052, 26.2572116852, -18.408531189], [320.171966553, -132.592712402, -214.245727539, -10.9821519852, -63.9682502747, -20.3684501648, 65.0669403076, 208.872512817, -21.1955413818, -46.8090248108, 28.7611675262, 29.1911