{"tonal": {"chords_key": "A", "hpcp_entropy": {"dmean": 0.691755354404, "dmean2": 1.17361021042, "max": 4.38627147675, "dvar": 0.319445341825, "mean": 2.28915500641, "dvar2": 0.899798512459, "min": 0, "var": 0.676702916622, "median": 2.32707095146}, "key_key": "A", "chords_strength": {"dmean": 0.0146907540038, "dmean2": 0.0162282958627, "max": 0.724794924259, "dvar": 0.000723756849766, "mean": 0.47509393096, "dvar2": 0.00135570485145, "min": -1, "var": 0.0419676117599, "median": 0.496268838644}, "key_scale": "major", "chords_number_rate": 0.00385109125637, "thpcp": [1, 0.682185232639, 0.418177813292, 0.280913382769, 0.27148771286, 0.433248460293, 0.486973464489, 0.409607827663, 0.450690180063, 0.497793406248, 0.442468851805, 0.389987796545, 0.392198324203, 0.46514737606, 0.660998106003, 0.713514387608, 0.459789335728, 0.262582212687, 0.243773281574, 0.286541551352, 0.460504502058, 0.559669137001, 0.418900102377, 0.2982634902, 0.266094207764, 0.286200642586, 0.37013822794, 0.409691095352, 0.416158884764, 0.492771714926, 0.506357491016, 0.426101654768, 0.381567716599, 0.384361445904, 0.532001852989, 0.899697363377], "key_strength": 0.812907338142, "tuning_nontempered_energy_ratio": 0.814577281475, "tuning_frequency": 443.572570801, "chords_changes_rate": 0.103465981781, "tuning_diatonic_strength": 0.635140299797, "chords_scale": "major", "chords_histogram": [26.3671379089, 2.28498077393, 5.90500640869, 3.44030809402, 2.20795893669, 3.08087301254, 1.1553273201, 0.693196415901, 1.05263161659, 0, 7.65083456039, 0.359435170889, 0.102695763111, 0, 0, 0.385109126568, 0, 3.33761239052, 2.59306812286, 10.3465986252, 0.847240030766, 8.93453121185, 18.2028236389, 1.05263161659], "tuning_equal_tempered_deviation": 0.131007924676, "hpcp": {"dmean": [0.202873855829, 0.157823830843, 0.104064501822, 0.0989141538739, 0.108585163951, 0.145984783769, 0.14940699935, 0.131906062365, 0.115513965487, 0.0987637639046, 0.101257257164, 0.123507097363, 0.139559388161, 0.150544807315, 0.159997731447, 0.164676859975, 0.158958792686, 0.152903959155, 0.14756295085, 0.186378717422, 0.226981535554, 0.234040781856, 0.208539351821, 0.181355684996, 0.12341017276, 0.104880280793, 0.131854131818, 0.135558754206, 0.13683027029, 0.145732060075, 0.163289278746, 0.172583341599, 0.155261665583, 0.156254783273, 0.183749303222, 0.217333987355], "dmean2": [0.352327495813, 0.278162181377, 0.185294151306, 0.177406862378, 0.193758279085, 0.254175543785, 0.260063022375, 0.235039055347, 0.208067625761, 0.174303352833, 0.179814100266, 0.218039855361, 0.246337488294, 0.267132610083, 0.283141821623, 0.28839507699, 0.282434731722, 0.274913370609, 0.260615557432, 0.324884414673, 0.39188849926, 0.40519157052, 0.356760084629, 0.334647744894, 0.225280895829, 0.186142846942, 0.227083027363, 0.231236338615, 0.238939866424, 0.252302706242, 0.287798762321, 0.312355071306, 0.28388863802, 0.278974980116, 0.329948961735, 0.374942034483], "max": [1, 1, 1, 1, 1, 1, 1, 1, 1, 1, 1, 1, 1, 1, 1, 1, 1, 1, 1, 1, 1, 1, 1, 1, 1, 1, 1, 1, 1, 1, 1, 1, 1, 1, 1, 1], "dvar": [0.0673103183508, 0.0476703122258, 0.0271465629339, 0.0269565787166, 0.0307807661593, 0.0429748818278, 0.0492581762373, 0.0358003862202, 0.0396062992513, 0.0298313349485, 0.0292910672724, 0.0346213541925, 0.0416588187218, 0.0486918650568, 0.049548394978, 0.0489292740822, 0.0459323115647, 0.0489347055554, 0.0450894497335, 0.0543572194874, 0.0622356794775, 0.0651006996632, 0.0487340986729, 0.0530737899244, 0.0394163578749, 0.031789328903, 0.0435791872442, 0.0419946946204, 0.0385722406209, 0.0401521362364, 0.0533331893384, 0.0548248253763, 0.0482927262783, 0.0472772568464, 0.0588204078376, 0.0569950565696], "mean": [0.251817584038, 0.162271484733, 0.0926720127463, 0.0860338583589, 0.101127885282, 0.162523880601, 0.19752164185, 0.147840619087, 0.105264857411, 0.0939114913344, 0.101007565856, 0.130631297827, 0.144590526819, 0.146873176098, 0.173911809921, 0.17870657146, 0.150382235646, 0.134665057063, 0.135651037097, 0.187757134438, 0.317526340485, 0.352925717831, 0.240760713816, 0.147585704923, 0.0991415604949, 0.0958149954677, 0.152904525399, 0.171865463257, 0.144561141729, 0.159060150385, 0.175684094429, 0.156158640981, 0.137636721134, 0.138416871428, 0.16416247189, 0.233283221722], "dvar2": [0.160763382912, 0.135569036007, 0.0753468498588, 0.0751737579703, 0.0855731368065, 0.119866199791, 0.126523122191, 0.093937754631, 0.10541523993, 0.0806728377938, 0.0816916897893, 0.0911133363843, 0.112050376832, 0.134080916643, 0.133431106806, 0.129077896476, 0.122890509665, 0.12866833806, 0.119811594486, 0.140484377742, 0.154901430011, 0.157329320908, 0.129549264908, 0.145408302546, 0.113040052354, 0.0848868042231, 0.11126293242, 0.102132730186, 0.104077659547, 0.105405949056, 0.137150421739, 0.156132087111, 0.131446152925, 0.126370415092, 0.159166052938, 0.148235663772], "min": [0, 0, 0, 0, 0, 0, 0, 0, 0, 0, 0, 0, 0, 0, 0, 0, 0, 0, 0, 0, 0, 0, 0, 0, 0, 0, 0, 0, 0, 0, 0, 0, 0, 0, 0, 0], "var": [0.100296348333, 0.0553751327097, 0.0229613538831, 0.0217211097479, 0.0286935195327, 0.0565476752818, 0.0846363604069, 0.0489652976394, 0.0396486409009, 0.030465355143, 0.0294230151922, 0.0401750095189, 0.0489896498621, 0.0487048104405, 0.0623818151653, 0.059925917536, 0.0454125963151, 0.0472002625465, 0.0497986972332, 0.0646357983351, 0.101981118321, 0.120130613446, 0.0668944492936, 0.0479347296059, 0.0336222574115, 0.0306759439409, 0.0621152594686, 0.0760917589068, 0.0442561395466, 0.0530239529908, 0.0672885030508, 0.0526847466826, 0.0460281446576, 0.0440980941057, 0.0551965646446, 0.0743698105216], "median": [0.105883717537, 0.059537101537, 0.0365170873702, 0.0335014872253, 0.0359351709485, 0.0533085241914, 0.0602608323097, 0.0439061112702, 0.0279446672648, 0.026389438659, 0.0334718748927, 0.0488741621375, 0.0506806261837, 0.0510805696249, 0.056371409446, 0.0701953619719, 0.0614534392953, 0.0424828454852, 0.0356461070478, 0.0743030011654, 0.192825436592, 0.214579358697, 0.138766482472, 0.0531583204865, 0.0260388627648, 0.0275223981589, 0.0342236235738, 0.040795661509, 0.0545730367303, 0.0567592792213, 0.0551232211292, 0.0524737015367, 0.0459347628057, 0.0486710630357, 0.0654753223062, 0.115254499018]}}, "lowlevel": {"melbands_flatness_db": {"dmean": 0.0314932912588, "dmean2": 0.0466265082359, "max": 0.534561753273, "dvar": 0.000993177178316, "mean": 0.194879993796, "dvar2": 0.00199787807651, "min": 0.00344020454213, "var": 0.00504813157022, "median": 0.191496163607}, "melbands_crest": {"dmean": 3.44352412224, "dmean2": 5.64966201782, "max": 38.4114265442, "dvar": 9.13421726227, "mean": 13.1963243484, "dvar2": 22.8113384247, "min": 1.69909834862, "var": 25.4269943237, "median": 12.5387935638}, "spectral_entropy": {"dmean": 0.197269231081, "dmean2": 0.278449088335, "max": 9.82009887695, "dvar": 0.040136333555, "mean": 7.56129360199, "dvar2": 0.0734968259931, "min": 5.17331886292, "var": 0.254560828209, "median": 7.55432510376}, "melbands": {"dmean": [0.000631158123724, 0.000998996314593, 0.000720514741261, 0.000408356718253, 0.000400272459956, 0.000304750719806, 0.000150796084199, 8.4282932221e-05, 0.000113375826913, 4.9848411436e-05, 3.66068197764e-05, 2.86902741209e-05, 2.04720581678e-05, 2.24930972763e-05, 3.1846408092e-05, 2.67963405349e-05, 2.29358756769e-05, 2.41281668423e-05, 2.3643278837e-05, 1.67648049683e-05, 1.0295575521e-05, 1.25048973132e-05, 1.36333637784e-05, 1.01558525785e-05, 7.29777730157e-06, 5.63130515729e-06, 4.61216086478e-06, 4.05106948165e-06, 3.36162884196e-06, 2.29201373259e-06, 1.68011069945e-06, 2.27676764553e-06, 1.35183199745e-06, 7.85502436429e-07, 5.70780684939e-07, 4.91298123961e-07, 3.40903056895e-07, 2.81683782077e-07, 2.98859021086e-07, 1.8428858084e-07], "dmean2": [0.000884202599991, 0.00167596677784, 0.00123406155035, 0.000679169723298, 0.000663648825139, 0.000500521215145, 0.000251652352745, 0.000134322894155, 0.000176579414983, 7.87599637988e-05, 5.85287089052e-05, 4.41436095571e-05, 3.2683419704e-05, 3.58893776138e-05, 4.96775501233e-05, 4.08620689996e-05, 3.47421446349e-05, 3.76642819901e-05, 3.69190456695e-05, 2.59017051576e-05, 1.57083504746e-05, 1.84195396287e-05, 2.0718702217e-05, 1.48761173477e-05, 1.08152844405e-05, 8.67409107741e-06, 6.90428032613e-06, 6.23885944151e-06, 5.1108131629e-06, 3.47369905285e-06, 2.44998182097e-06, 3.5311868487e-06, 1.94597078007e-06, 1.08173833269e-06, 7.8549413729e-07, 7.17954662832e-07, 4.94932180573e-07, 3.91005755773e-07, 4.17703319044e-07, 2.58193693981e-07], "max": [0.0281729660928, 0.0282391570508, 0.0140670472756, 0.0137156601995, 0.0103925587609, 0.00926508847624, 0.00721860444173, 0.00432073045522, 0.00965830031782, 0.00332540879026, 0.00212394422852, 0.0019606531132, 0.00183281395584, 0.00105967803393, 0.00160225166474, 0.00282767065801, 0.00159298290964, 0.00162778352387, 0.00142223236617, 0.00170773430727, 0.000773479463533, 0.00093864655355, 0.00083462940529, 0.000809197721537, 0.000453607615782, 0.000316226098221, 0.0002162965975, 0.000151862506755, 0.00013475229207, 7.98093897174e-05, 3.54900148523e-05, 5.28246018803e-05, 4.23307574238e-05, 2.95212794299e-05, 2.13112016354e-05, 5.58987048862e-05, 9.70643486653e-06, 1.01558043752e-05, 6.00945213591e-06, 3.95515780838e-06], "dvar": [2.3965442324e-06, 4.86001590616e-06, 1.7000478465e-06, 4.96257712257e-07, 6.16247234575e-07, 4.19354563519e-07, 1.37256193966e-07, 4.53377140275e-08, 1.11077518739e-07, 1.65603033508e-08, 8.30332158586e-09, 5.6798672432e-09, 2.80609757652e-09, 2.62158605935e-09, 5.7289262223e-09, 6.17383877355e-09, 3.25173821203e-09, 3.92131527249e-09, 4.42456649097e-09, 3.33750627135e-09, 6.05785255292e-10, 1.0484629831e-09, 1.19536924803e-09, 6.4026556279e-10, 2.7605778774e-10, 1.47886453084e-10, 8.56758275436e-11, 6.44693048946e-11, 4.12041963049e-11, 1.84729020275e-11, 9.46707209154e-12, 2.22370611508e-11, 7.15056529613e-12, 1.81226973532e-12, 1.0246327441e-12, 2.05868763876e-12, 3.59528514815e-13, 2.13443859484e-13, 2.57919689295e-13, 1.12492548371e-13], "mean": [0.000751138024498, 0.0011848108843, 0.000868869246915, 0.000648813322186, 0.00059274333762, 0.000404334859923, 0.000193397427211, 0.000131070904899, 0.000174891407369, 7.69462276367e-05, 5.57229031983e-05, 4.97639048262e-05, 3.98193697038e-05, 3.87863947253e-05, 5.99247832724e-05, 5.26162002643e-05, 4.41424381279e-05, 4.42902819486e-05, 4.44965662609e-05, 3.37431956723e-05, 2.01895691134e-05, 2.45785304287e-05, 2.97395981761e-05, 2.14520441659e-05, 1.44819796333e-05, 1.08118538265e-05, 8.42531153467e-06, 7.27973383619e-06, 5.84091503697e-06, 3.94914695789e-06, 2.86575050268e-06, 3.22030587085e-06, 2.31437456932e-06, 1.55746283781e-06, 1.05687445284e-06, 9.14543079489e-07, 6.42503209747e-07, 5.12472524861e-07, 4.89383523927e-07, 3.22245170992e-07], "dvar2": [4.67892914457e-06, 1.29396594275e-05, 4.68641610496e-06, 1.32385207507e-06, 1.66291579262e-06, 1.03530737761e-06, 3.57003102636e-07, 1.14439700383e-07, 2.43634502795e-07, 3.59614276135e-08, 2.12323723048e-08, 1.21261685138e-08, 6.75114364412e-09, 6.52853993088e-09, 1.48805439082e-08, 1.44160745563e-08, 6.04151972894e-09, 9.47750677938e-09, 1.03060253664e-08, 8.02879185358e-09, 1.28592259063e-09, 2.13768247548e-09, 2.55400367521e-09, 1.28946986422e-09, 5.58140256235e-10, 3.30409422045e-10, 1.86396079127e-10, 1.50689988265e-10, 9.57750129205e-11, 4.36884833865e-11, 2.02311934566e-11, 5.27823375285e-11, 1.55380361355e-11, 3.63012007606e-12, 1.91531924869e-12, 3.56332411494e-12, 6.48791025244e-13, 4.19062327157e-13, 4.96113621105e-13, 2.16316182089e-13], "min": [3.10753313988e-25, 7.79013603845e-25, 1.15462849127e-24, 5.09165981844e-25, 1.27920678593e-24, 1.30056440608e-24, 1.03333501342e-24, 1.72043641174e-24, 1.3437890533e-24, 2.66066808898e-24, 1.1533725261e-24, 1.26628475126e-24, 1.90368110863e-24, 1.14045098447e-24, 2.67703971377e-24, 2.64622799011e-24, 2.19509244069e-24, 2.68785144691e-24, 3.66123559533e-24, 4.24877564767e-24, 2.0176076117e-24, 3.70641602596e-24, 2.0446519329e-24, 3.52924062766e-24, 3.13783545662e-24, 4.20532755559e-24, 4.34792796927e-24, 3.52893257747e-24, 3.82509068282e-24, 4.71619703325e-24, 5.37007516012e-24, 5.01152762351e-24, 4.31892076493e-24, 4.90757113899e-24, 5.85999643645e-24, 6.07495393337e-24, 5.81230900587e-24, 5.05693209063e-24, 6.18827853557e-24, 6.44477941992e-24], "var": [3.50213645106e-06, 4.51924142908e-06, 1.51917981839e-06, 1.21793175367e-06, 1.01530395114e-06, 5.41921167496e-07, 1.4689824468e-07, 9.57548991209e-08, 2.2597517102e-07, 3.75968802757e-08, 1.7594892654e-08, 1.65806373076e-08, 1.26808279433e-08, 6.03428418344e-09, 1.45637129023e-08, 1.77241847865e-08, 1.09684341609e-08, 9.84718440122e-09, 1.0312250609e-08, 8.07544697778e-09, 1.54520696238e-09, 2.52580290017e-09, 4.92708407407e-09, 2.35823183203e-09, 7.33582417034e-10, 4.06246342122e-10, 2.07742933966e-10, 1.42975395412e-10, 8.99127647336e-11, 3.92702988183e-11, 2.22115850018e-11, 3.23369490907e-11, 1.58649256926e-11, 6.26714435556e-12, 3.10450688594e-12, 6.47533545881e-12, 1.09441167066e-12, 6.96380615933e-13, 6.07040459566e-13, 2.80333590542e-13], "median": [0.000179947674042, 0.000522446469404, 0.000508743803948, 0.000265710637905, 0.000243017901084, 0.000135749782203, 6.97213545209e-05, 3.82298967452e-05, 4.13242960349e-05, 2.3924287234e-05, 1.3993390894e-05, 9.85583847068e-06, 9.62722697295e-06, 1.16233159133e-05, 1.27784387587e-05, 1.34325864565e-05, 1.35886893986e-05, 1.03871952888e-05, 1.11481786007e-05, 6.20032915322e-06, 6.38502933725e-06, 7.43262626202e-06, 6.13095789959e-06, 5.74873502046e-06, 4.33346394857e-06, 3.4418596897e-06, 2.62734238277e-06, 2.32438924286e-06, 1.67305870491e-06, 1.38570624131e-06, 8.60521709001e-07, 8.18776811684e-07, 4.85384362037e-07, 3.50417963091e-07, 2.35540497329e-07, 1.94019634137e-07, 1.46112000721e-07, 1.23010494235e-07, 1.189802461e-07, 5.37667048661e-08]}, "silence_rate_60dB": {"dmean": 0.0467445738614, "dmean2": 0.0935011580586, "max": 1, "dvar": 0.044560585171, "mean": 0.132511556149, "dvar2": 0.10041770339, "min": 0, "var": 0.114950112998, "median": 0}, "spectral_energyband_middle_high": {"dmean": 0.00130853266455, "dmean2": 0.00182741135359, "max": 0.0462682545185, "dvar": 4.46189505965e-06, "mean": 0.00438443524763, "dvar2": 8.69635459821e-06, "min": 1.13253102372e-21, "var": 3.22129817505e-05, "median": 0.00221380824223}, "erbbands_skewness": {"dmean": 0.388917475939, "dmean2": 0.595250844955, "max": 4.79652404785, "dvar": 0.135823071003, "mean": 0.101312987506, "dvar2": 0.306036353111, "min": -3.74293160439, "var": 0.658149600029, "median": 0.0176408048719}, "dynamic_complexity": 4.17846012115, "dissonance": {"dmean": 0.0166754052043, "dmean2": 0.028039580211, "max": 0.500000119209, "dvar": 0.000275495112874, "mean": 0.47006765008, "dvar2": 0.000730581290554, "min": 0.19938339293, "var": 0.000540458247997, "median": 0.475502967834}, "spectral_skewness": {"dmean": 0.255900770426, "dmean2": 0.393820732832, "max": 4.71605205536, "dvar": 0.0657879412174, "mean": 1.32772839069, "dvar2": 0.152769416571, "min": -0.0809877365828, "var": 0.192153096199, "median": 1.28211593628}, "spectral_kurtosis": {"dmean": 1.87553536892, "dmean2": 3.07480382919, "max": 35.8351707458, "dvar": 5.46662807465, "mean": 3.92481517792, "dvar2": 13.8919506073, "min": -1.27327656746, "var": 9.03895187378, "median": 3.23361229897}, "gfcc": {"cov": [[35729.1601563, 1166.1361084, -3087.98925781, 1235.05175781, -1544.14367676, 447.513763428, -1269.96643066, 229.428710938, -669.305603027, 161.699645996, -479.733612061, -35.9365005493, -379.6953125], [1166.1361084, 1517.6574707, -345.288665771, 38.1026535034, 99.3602294922, -139.283584595, 28.1736392975, -132.911636353, 84.6545944214, -153.604949951, 152.289703369, -159.365829468, 65.7551345825], [-3087.98925781, -345.288665771, 1405.83996582, 161.460449219, 35.5901985168, 178.741088867, 83.208190918, 56.578414917, 0.0102311326191, 100.902328491, -39.257019043, 64.0717010498, 28.6660614014], [1235.05175781, 38.1026535034, 161.460449219, 355.361297607, -20.478849411, 95.6922607422, -43.0867271423, 37.2231559753, -20.65051651, 27.1017875671, -28.8577423096, -17.9170875549, 5.96525716782], [-1544.14367676, 99.3602294922, 35.5901985168, -20.478849411, 318.665863037, 27.1600627899, 86.9403686523, -5.74435853958, 71.0545883179, -25.3639297485, 41.0942573547, -27.443277359, 0.759471416473], [447.513763428, -139.283584595, 178.741088867, 95.6922607422, 27.1600627899, 249.162078857, 58.8077468872, 49.9800109863, -45.848941803, 49.3918457031, -12.8514308929, 30.3994674683, -30.0891895294], [-1269.96643066, 28.1736392975, 83.208190918, -43.0867271423, 86.9403686523, 58.8077468872, 205.257476807, 8.91208267212, 1.15168821812, -17.9606246948, 56.155216217, -2.31585502625, 9.51799964905], [229.428710938, -132.911636353, 56.578414917, 37.2231559753, -5.74435853958, 49.9800109863, 8.91208267212, 127.886001587, 26.3069381714, 26.0937290192, -23.7198982239, 8.06175613403, -24.191072464], [-669.305603027, 84.6545944214, 0.0102311326191, -20.65051651, 71.0545883179, -45.848941803, 1.15168821812, 26.3069381714, 154.417419434, 27.4597244263, 1.38850390911, -34.3506278992, 23.8137950897], [161.699645996, -153.604949951, 100.902328491, 27.1017875671, -25.3639297485, 49.3918457031, -17.9606246948, 26.0937290192, 27.4597244263, 120.713546753, -12.8551006317, 14.4488554001, -3.5204641819], [-479.733612061, 152.289703369, -39.257019043, -28.8577423096, 41.0942573547, -12.8514308929, 56.155216217, -23.7198982239, 1.38850390911, -12.8551006317, 118.096466064, 13.9692020416, 9.13007545471], [-35.9365005493, -159.365829468, 64.0717010498, -17.9170875549, -27.443277359, 30.3994674683, -2.31585502625, 8.06175613403, -34.3506278992, 14.4488554001, 13.9692020416, 89.0983047485, 3.88008332253], [-379.6953125, 65.7551345825, 28.6660614014, 5.96525716782, 0.759471416473, -30.0891895294, 9.51799964905, -24.191072464, 23.8137950897, -3.5204641819, 9.13007545471, 3.88008332253, 77.9691390991]], "mean": [-62.2359313965, 103.659805298, -125.319732666, 47.9417037964, -56.164604187, 8.35939311981, -40.542552948, -0.0268376357853, -21.9983730316, -0.570678651333, -10.3781757355, -6.7043838501, -7.08853912354], "icov": [[0.000127356644953, -0.000245187751716, 0.000318031437928, -0.000313097087201, 0.000356334086973, -0.000324175663991, 0.000415049813455, -0.000268732925178, 0.000368922774214, -0.00034418454743, 0.000422534911195, -0.00030503529706, 0.000308872520691], [-0.000245187751716, 0.0018346052384, -0.00050708244089, 0.000292827637168, -0.000466831086669, 0.000247917283559, -0.000377210730221, 0.00132369063795, -0.00149561383296, 0.00214573298581, -0.00280768959783, 0.00281943962909, -0.00127808458637], [0.000318031437928, -0.00050708244089, 0.00171074504033, -0.0011872202158, 0.000782954215538, -0.00103974156082, 0.000541932007764, -0.0005817139172, 0.000790971680544, -0.00129689218011, 0.00143966462929, -0.00131202524062, 0.000379315373721], [-0.000313097087201, 0.000292827637168, -0.0011872202158, 0.00482719857246, -0.000922048056964, -0.000943249789998, 0.000736464047804, -0.000765993085224, 0.000268602190772, 0.000589029106777, -0.00121519027743, 0.00265270122327, -0.00243225577287], [0.000356334086973, -0.000466831086669, 0.000782954215538, -0.000922048056964, 0.00559140229598, -0.00215948699042, -1.72612885763e-06, 0.000480626884382, -0.00209468533285, 0.000974269758444, -3.70603879674e-06, -7.0276662882e-05, 0.00186085619498], [-0.000324175663991, 0.000247917283559, -0.00103974156082, -0.000943249789998, -0.00215948699042, 0.00843569077551, -0.00385226658545, -0.000851541699376, 0.00182160257827, -0.00252309767529, 0.000920497172046, -0.00179215997923, 0.00146031240001], [0.000415049813455, -0.000377210730221, 0.000541932007764, 0.000736464047804, -1.72612885763e-06, -0.00385226658545, 0.00960332527757, -0.00229506264441, 0.00189135805704, 0.000793964485638, -0.00298193423077, 0.00215926812962, -0.00158736051526], [-0.000268732925178, 0.00132369063795, -0.0005817139172, -0.000765993085224, 0.000480626884382, -0.000851541699376, -0.00229506264441, 0.0121831269935, -0.00550274644047, 0.00163565995172, 0.00017313438002, -0.000759546353947, 0.00334638473578], [0.000368922774214, -0.00149561383296, 0.000790971680544, 0.000268602190772, -0.00209468533285, 0.00182160257827, 0.00189135805704, -0.00550274644047, 0.0134022599086, -0.00604561623186, 0.00184274383355, 0.00223547453061, -0.00316166039556], [-0.00034418454743, 0.00214573298581, -0.00129689218011, 0.000589029106777, 0.000974269758444, -0.00252309767529, 0.000793964485638, 0.00163565995172, -0.00604561623186, 0.0141819231212, -0.0036463723518, 0.00175968452822, -0.000800338049885], [0.000422534911195, -0.00280768959783, 0.00143966462929, -0.00121519027743, -3.70603879674e-06, 0.000920497172046, -0.00298193423077, 0.00017313438002, 0.00184274383355, -0.0036463723518, 0.0158500559628, -0.00783470924944, 0.00256860069931], [-0.00030503529706, 0.00281943962909, -0.00131202524062, 0.00265270122327, -7.0276662882e-05, -0.00179215997923, 0.00215926812962, -0.000759546353947, 0.00223547453061, 0.00175968452822, -0.00783470924944, 0.0203783605248, -0.00547399232164], [0.000308872520691, -0.00127808458637, 0.000379315373721, -0.00243225577287, 0.00186085619498, 0.00146031240001, -0.00158736051526, 0.00334638473578, -0.00316166039556, -0.000800338049885, 0.00256860069931, -0.00547399232164, 0.0181328505278]]}, "spectral_complexity": {"dmean": 3.57467579842, "dmean2": 5.11379384995, "max": 57, "dvar": 20.8845558167, "mean": 16.0909099579, "dvar2": 37.2020759583, "min": 0, "var": 122.437797546, "median": 14}, "spectral_flux": {"dmean": 0.0246598292142, "dmean2": 0.0386312864721, "max": 0.315341442823, "dvar": 0.000858481391333, "mean": 0.0783339515328, "dvar2": 0.00176706071943, "min": 6.32472477169e-11, "var": 0.0023108064197, "median": 0.071270480752}, "spectral_energyband_low": {"dmean": 0.00435733236372, "dmean2": 0.00676777213812, "max": 0.109019860625, "dvar": 7.54029751988e-05, "mean": 0.00613720808178, "dvar2": 0.000169256061781, "min": 1.19793206403e-23, "var": 0.000106211366074, "median": 0.0028651857283}, "spectral_decrease": {"dmean": 2.0919852517e-09, "dmean2": 3.19406101568e-09, "max": 1.67031703142e-28, "dvar": 9.66513892782e-18, "mean": -4.85882623025e-09, "dvar2": 2.20367664978e-17, "min": -3.74366493361e-08, "var": 2.08376821731e-17, "median": -3.62618224337e-09}, "barkbands_spread": {"dmean": 5.84960651398, "dmean2": 8.94620323181, "max": 80.1745605469, "dvar": 37.3775520325, "mean": 22.2312259674, "dvar2": 84.1958389282, "min": 1.22491955757, "var": 136.798477173, "median": 21.496963501}, "spectral_rms": {"dmean": 0.00085631251568, "dmean2": 0.00124844897073, "max": 0.0119522083551, "dvar": 1.03548677544e-06, "mean": 0.00388947990723, "dvar2": 2.18072068492e-06, "min": 3.09943759026e-12, "var": 4.12777262682e-06, "median": 0.00379572529346}, "spectral_centroid": {"dmean": 307.975067139, "dmean2": 474.423614502, "max": 11850.1210938, "dvar": 117712.09375, "mean": 1596.9375, "dvar2": 261666.34375, "min": 193.656204224, "var": 2306499, "median": 1387.15478516}, "barkbands_skewness": {"dmean": 0.638860523701, "dmean2": 0.966172873974, "max": 7.1853518486, "dvar": 0.427111715078, "mean": 1.53588044643, "dvar2": 0.966771066189, "min": -2.58320474625, "var": 2.13836455345, "median": 1.39438772202}, "spectral_rolloff": {"dmean": 480.809173584, "dmean2": 803.755615234, "max": 19853.6132813, "dvar": 537590.6875, "mean": 1775.64697266, "dvar2": 1222328.25, "min": 21.533203125, "var": 7193931, "median": 1313.52539063}, "erbbands_spread": {"dmean": 9.71730136871, "dmean2": 14.5586023331, "max": 147.869216919, "dvar": 95.9153213501, "mean": 42.4072875977, "dvar2": 193.893737793, "min": 2.26798295975, "var": 412.456176758, "median": 38.9827194214}, "barkbands": {"dmean": [0.00013998860959, 0.00247751828283, 0.0020161094144, 0.00168529106304, 0.00185155950021, 0.00169373012614, 0.000624919077381, 0.000555597769562, 0.000403059064411, 0.000237845539232, 0.000161246382049, 0.000211367427255, 0.000311741983751, 0.000239330285694, 0.000325942528434, 0.000202489361982, 0.000232374193729, 0.000207619421417, 0.0001463307417, 0.000132046377985, 8.97081627045e-05, 8.41507717269e-05, 3.57186909241e-05, 2.52870759141e-05, 1.87268469745e-05, 3.23638982991e-06, 3.18288783774e-07], "dmean2": [0.000219632027438, 0.00364018371329, 0.00355487433262, 0.00288748531602, 0.00304120802321, 0.00279419170693, 0.00105144851841, 0.00088323984528, 0.000640447600745, 0.000379804725526, 0.000260128406808, 0.000343144783983, 0.000475280714454, 0.000361696322216, 0.000512160302605, 0.000306375761284, 0.000351465016138, 0.00030165494536, 0.000222290764214, 0.00019842995971, 0.000132603498059, 0.000123199046357, 4.75470515084e-05, 3.38204372383e-05, 2.55172326433e-05, 3.77514697902e-06, 3.61445671615e-07], "max": [0.00864607281983, 0.0971585810184, 0.0615776777267, 0.0300132706761, 0.0689645409584, 0.0416422858834, 0.030563024804, 0.0325305983424, 0.0349467843771, 0.0129909347743, 0.0152361169457, 0.00931634940207, 0.0235627312213, 0.0132998684421, 0.0161119047552, 0.023481702432, 0.0133216436952, 0.0145052392036, 0.00939210038632, 0.00463182572275, 0.00243269256316, 0.00176582054701, 0.00204240391031, 0.000837850791868, 0.000385252787964, 7.59225149523e-05, 8.62761316966e-06], "dvar": [1.84442640716e-07, 3.20614308293e-05, 2.13173225347e-05, 9.16364024306e-06, 1.13400765258e-05, 1.30884282044e-05, 2.40185136136e-06, 2.53197890743e-06, 1.27509406411e-06, 3.25435621562e-07, 1.94544725218e-07, 2.48071415854e-07, 6.81143205838e-07, 3.78860818273e-07, 6.16177601387e-07, 4.79321386138e-07, 3.07455422899e-07, 2.7326919394e-07, 1.06868242256e-07, 6.24273965855e-08, 2.60186183709e-08, 2.63771102738e-08, 4.64526239696e-09, 1.73813541338e-09, 1.18673626481e-09, 3.88652859895e-11, 5.93047583698e-13], "mean": [0.000145382698975, 0.00298124738038, 0.00217268941924, 0.00184687483124, 0.00314038782381, 0.00220189872198, 0.000788813864347, 0.000834204605781, 0.000605770095717, 0.000391782261431, 0.000293132587103, 0.000345652777469, 0.000606277724728, 0.000429853447713, 0.00062572141178, 0.00039257138269, 0.000470791797852, 0.000464050914161, 0.000291175761959, 0.000248791358899, 0.000160035328008, 0.000138909526868, 7.25612480892e-05, 4.90950405947e-05, 3.35089061991e-05, 5.51372431801e-06, 5.03667649809e-07], "dvar2": [3.86532320817e-07, 6.36394543108e-05, 6.33060917608e-05, 2.44863458647e-05, 2.97139322356e-05, 3.35459517373e-05, 6.31054808764e-06, 5.78767185289e-06, 2.85432815872e-06, 8.07513117707e-07, 4.49037912631e-07, 6.66600953991e-07, 1.66216489106e-06, 7.9524869534e-07, 1.51936728798e-06, 1.09290226646e-06, 6.31509180948e-07, 5.49980313735e-07, 2.35080676703e-07, 1.38988170306e-07, 5.84599710862e-08, 5.69788589644e-08, 7.71806529798e-09, 2.87759527318e-09, 2.31144436924e-09, 5.81357115226e-11, 7.71082091407e-13], "min": [1.33937747195e-25, 1.25786938034e-24, 3.49149885955e-25, 1.59258631648e-24, 5.98430868777e-24, 6.61850828492e-24, 5.37311937436e-24, 6.30211668622e-24, 1.93122679038e-23, 1.65782637552e-23, 1.07121646908e-23, 1.20936092305e-23, 3.3077158637e-23, 2.32411565101e-23, 4.86183779575e-23, 4.0767173534e-23, 6.03619072844e-23, 6.57087749456e-23, 1.15350636819e-22, 1.57781458048e-22, 2.44895897927e-22, 2.94274955522e-22, 3.96692123137e-22, 5.4790148632e-22, 8.94320071947e-22, 1.30871554646e-21, 1.87492824882e-21], "var": [2.08406845559e-07, 4.64015392936e-05, 1.52145275933e-05, 8.8594342742e-06, 3.06281726807e-05, 1.55572506628e-05, 2.71119120043e-06, 5.1034489843e-06, 2.78605921267e-06, 9.10188759917e-07, 7.66882806147e-07, 4.94970151976e-07, 2.01560578716e-06, 9.82325445875e-07, 1.7694331973e-06, 1.04682078472e-06, 8.55630105434e-07, 1.16148942197e-06, 2.98970718404e-07, 1.52381673502e-07, 5.94802394005e-08, 5.34042499112e-08, 1.78903274417e-08, 6.16560091871e-09, 2.91704860267e-09, 1.1115085935e-10, 1.57846316313e-12], "median": [2.330287316e-05, 0.000783219002187, 0.000908025307581, 0.000790371850599, 0.00128241069615, 0.000777908135206, 0.000253466307186, 0.000181029929081, 0.000172817875864, 8.61016742419e-05, 5.53821264475e-05, 0.000102922829683, 0.000128175204736, 0.000126896280563, 0.000147556507727, 8.96218334674e-05, 0.000139861484058, 0.000120067372336, 9.94356378214e-05, 7.9694626038e-05, 5.61344641028e-05, 3.53231152985e-05, 1.57509712153e-05, 1.22594265122e-05, 5.36460493095e-06, 5.59274099032e-07, 4.16942782522e-08]}, "melbands_kurtosis": {"dmean": 9.651927948, "dmean2": 14.9699010849, "max": 230.965438843, "dvar": 273.113952637, "mean": 16.7670021057, "dvar2": 629.303955078, "min": -1.87382471561, "var": 653.087768555, "median": 7.95628547668}, "erbbands_crest": {"dmean": 2.74779343605, "dmean2": 4.45377922058, "max": 31.4982833862, "dvar": 6.76919412613, "mean": 8.8495721817, "dvar2": 17.0779285431, "min": 2.32179403305, "var": 18.9154777527, "median": 7.89141798019}, "melbands_skewness": {"dmean": 0.890229046345, "dmean2": 1.35781121254, "max": 13.0956964493, "dvar": 0.938977718353, "mean": 2.83227515221, "dvar2": 2.0358684063, "min": -2.05166721344, "var": 3.88258814812, "median": 2.52351236343}, "spectral_energyband_middle_low": {"dmean": 0.00480040488765, "dmean2": 0.00775124505162, "max": 0.0820082575083, "dvar": 5.48839307157e-05, "mean": 0.00954981893301, "dvar2": 0.000133757363074, "min": 1.64653824928e-22, "var": 0.000111568544526, "median": 0.00652916682884}, "spectral_contrast_coeffs": {"dmean": [0.0567396730185, 0.0516260825098, 0.0375761128962, 0.0320626236498, 0.0247235950083, 0.0217845700681], "dmean2": [0.0933610573411, 0.0855347290635, 0.0611820481718, 0.0502218902111, 0.0375824011862, 0.0340509228408], "max": [-0.300983667374, -0.374497383833, -0.424282431602, -0.460067331791, -0.57050049305, -0.548238873482], "dvar": [0.00209259660915, 0.00170223379973, 0.000923281419091, 0.000717034912668, 0.000454974622699, 0.000381876539905], "mean": [-0.647023200989, -0.743414461613, -0.793590426445, -0.770807147026, -0.784115374088, -0.753568053246], "dvar2": [0.00559175573289, 0.00453468458727, 0.00232318160124, 0.00168512389064, 0.000980861135758, 0.000891983334441], "min": [-0.978457033634, -0.977445662022, -0.985480666161, -0.972924590111, -0.967683970928, -0.965314745903], "var": [0.00836951751262, 0.00622082035989, 0.00466095283628, 0.00538398046046, 0.00365531351417, 0.00239203567617], "median": [-0.646189272404, -0.747880458832, -0.802446365356, -0.773088097572, -0.788460969925, -0.752672553062]}, "spectral_contrast_valleys": {"dmean": [0.49359190464, 0.403865695, 0.3695089221, 0.332958698273, 0.330933451653, 0.479157954454], "dmean2": [0.772126972675, 0.635085582733, 0.568537294865, 0.498026669025, 0.443329900503, 0.590009868145], "max": [-5.2130355835, -4.80415821075, -5.71421480179, -5.7550573349, -5.73064279556, -8.30572986603], "dvar": [0.222046285868, 0.146714299917, 0.13765001297, 0.123848259449, 0.129977807403, 0.246222645044], "mean": [-7.85425806046, -7.34399700165, -8.165350914, -8.38138008118, -8.17373752594, -10.9429140091], "dvar2": [0.453168094158, 0.307079643011, 0.265598535538, 0.233636856079, 0.215439230204, 0.401906460524], "min": [-28.2052726746, -28.2368278503, -27.8238048553, -27.8415279388, -27.5022640228, -27.4377803802], "var": [9.28124427795, 9.47185134888, 8.66952705383, 8.62504673004, 8.81561851501, 7.17990350723], "median": [-7.25335788727, -6.77809333801, -7.65864801407, -7.84593057632, -7.60661125183, -10.5025920868]}, "silence_rate_20dB": {"dmean": 0, "dmean2": 0, "max": 1, "dvar": 0, "mean": 1, "dvar2": 0, "min": 1, "var": 0, "median": 1}, "silence_rate_30dB": {"dmean": 0.000770514947362, "dmean2": 0.00154122780077, "max": 1, "dvar": 0.00076980976155, "mean": 0.999614775181, "dvar2": 0.00230901967734, "min": 0, "var": 0.000385139224818, "median": 1}, "spectral_strongpeak": {"dmean": 0.514509081841, "dmean2": 0.877529203892, "max": 11.4963111877, "dvar": 0.777201116085, "mean": 0.791401445866, "dvar2": 1.91497778893, "min": 0, "var": 1.3163279295, "median": 0.364935219288}, "spectral_spread": {"dmean": 581066.3125, "dmean2": 804494.5625, "max": 42667048, "dvar": 616060944384, "mean": 4908749.5, "dvar2": 1196948717570.0, "min": 1423463.875, "var": 28419676962800.0, "median": 4017163}, "barkbands_flatness_db": {"dmean": 0.02569382824, "dmean2": 0.0381024517119, "max": 0.407131254673, "dvar": 0.000652215676382, "mean": 0.138015896082, "dvar2": 0.0013126982376, "min": 0.0324202366173, "var": 0.00278395856731, "median": 0.134961754084}, "pitch_salience": {"dmean": 0.0763989165425, "dmean2": 0.12499935925, "max": 0.86692494154, "dvar": 0.00456721847877, "mean": 0.575985610485, "dvar2": 0.0115583203733, "min": 0.0520124733448, "var": 0.011672639288, "median": 0.578733503819}, "erbbands_kurtosis": {"dmean": 0.956944823265, "dmean2": 1.54331481457, "max": 31.0030326843, "dvar": 2.73172402382, "mean": 0.151483714581, "dvar2": 6.38300275803, "min": -1.90127682686, "var": 4.51637268066, "median": -0.392821550369}, "average_loudness": 0.798602342606, "barkbands_crest": {"dmean": 2.7566242218, "dmean2": 4.48186063766, "max": 26.053899765, "dvar": 6.22102355957, "mean": 9.48166942596, "dvar2": 15.9972639084, "min": 2.3663995266, "var": 15.3305959702, "median": 8.65015506744}, "hfc": {"dmean": 4.78723573685, "dmean2": 6.51027965546, "max": 120.88482666, "dvar": 48.7448997498, "mean": 15.4226226807, "dvar2": 88.330116272, "min": 1.07362326037e-16, "var": 260.080718994, "median": 10.1551094055}, "barkbands_kurtosis": {"dmean": 3.6147851944, "dmean2": 5.64617490768, "max": 75.6147766113, "dvar": 36.323261261, "mean": 4.88959264755, "dvar2": 87.2036056519, "min": -1.869140625, "var": 79.7168655396, "median": 1.46018528938}, "erbbands": {"dmean": [0.0677472576499, 0.616505026817, 2.19270372391, 3.9245262146, 5.3314948082, 7.1301908493, 11.8510971069, 13.3754739761, 10.4771175385, 7.33586883545, 13.5483970642, 8.60635280609, 7.23918056488, 6.9049577713, 5.62653207779, 9.2949848175, 13.9561862946, 11.3874139786, 14.7738323212, 14.5174503326, 8.81747627258, 11.5863199234, 10.8360414505, 8.72022247314, 6.11169576645, 5.99498319626, 4.68117427826, 2.97293615341, 3.50871372223, 1.56540739536, 0.944528639317, 0.608758091927, 0.406540513039, 0.243690997362, 0.110722489655, 0.0238801166415, 0.00514923827723, 0.000684292637743, 5.28923483216e-05, 1.15772418212e-05], "dmean2": [0.0964428931475, 0.966314136982, 3.82620835304, 6.82601547241, 9.06698322296, 11.520116806, 19.9435367584, 21.9758033752, 17.4995231628, 11.8054847717, 21.0662822723, 13.5757493973, 11.5829238892, 10.59420681, 8.84789180756, 14.8564186096, 21.4415073395, 17.1414737701, 22.91497612, 22.5002002716, 13.1256542206, 17.1293525696, 15.5529975891, 12.7699069977, 9.05606746674, 9.05023002625, 6.96557235718, 4.26032924652, 5.26502513885, 2.13601899147, 1.26095962524, 0.874610245228, 0.543916523457, 0.334014892578, 0.157603159547, 0.0301865469664, 0.00608876766637, 0.000880241626874, 6.12963776803e-05, 1.61399784702e-05], "max": [3.40103173256, 19.886133194, 63.001411438, 83.0788269043, 109.641235352, 364.163879395, 284.272247314, 476.531341553, 538.282226563, 441.632141113, 1021.9644165, 609.948181152, 412.43371582, 533.260986328, 376.695770264, 366.982391357, 1064.35327148, 794.817260742, 1024.22094727, 967.363342285, 727.666259766, 825.202880859, 862.370544434, 506.409057617, 289.385955811, 227.24407959, 185.872833252, 62.7528457642, 93.930015564, 62.7877044678, 55.2791137695, 35.2249259949, 13.8539457321, 5.17499828339, 2.61155819893, 0.503596663475, 0.120857879519, 0.0171520523727, 0.00130846817046, 0.000193564759684], "dvar": [0.0361956767738, 1.93702220917, 25.0060482025, 56.6867027283, 76.5382766724, 237.593444824, 579.888793945, 835.590576172, 704.998352051, 320.289245605, 1600.34069824, 515.402404785, 319.074737549, 329.602874756, 219.412155151, 473.673797607, 1541.90356445, 742.274963379, 1281.83508301, 1651.67468262, 507.285430908, 841.293518066, 768.867248535, 371.632598877, 139.274307251, 134.021133423, 75.4669036865, 28.52186203, 50.1245231628, 7.97252750397, 3.42904949188, 1.40620219707, 0.454831838608, 0.18552030623, 0.0476121045649, 0.00192333024461, 0.000110850647616, 2.91262927021e-06, 1.37377371701e-08, 2.85934581568e-10], "mean": [0.0748306587338, 0.715759217739, 2.45356655121, 4.40215015411, 6.98717832565, 12.0098714828, 16.1066265106, 17.7591590881, 13.3292274475, 11.4547214508, 21.0671539307, 13.7306346893, 11.3518466949, 12.3520231247, 12.2226552963, 17.4006500244, 27.9171619415, 24.2771167755, 29.4223537445, 30.4369049072, 19.0580539703, 25.4447822571, 27.0377235413, 18.7334976196, 12.8525800705, 11.5435342789, 8.62408924103, 5.37129688263, 5.3526673317, 3.08105039597, 1.82684791088, 1.19404065609, 0.746307015419, 0.432125747204, 0.199975073338, 0.0426277704537, 0.00893738586456, 0.00111897895113, 9.76031660684e-05, 2.87894908979e-05], "dvar2": [0.0729499086738, 4.20014190674, 72.5246353149, 157.92539978, 212.770690918, 585.72265625, 1571.23059082, 2065.74267578, 1829.33422852, 799.402587891, 3520.72851563, 1119.58972168, 820.707275391, 718.178710938, 495.341796875, 1280.84326172, 4113.56445313, 1349.56787109, 3114.91455078, 4018.68286133, 1076.64868164, 1689.76794434, 1589.24963379, 727.633789063, 285.820953369, 310.406616211, 171.540603638, 60.638168335, 115.172073364, 15.91492939, 5.98417901993, 2.38172960281, 0.850113093853, 0.34540233016, 0.100329101086, 0.00330103933811, 0.000169828359503, 4.56875932286e-06, 1.47323282462e-08, 5.58774970738e-10], "min": [1.74488490725e-23, 5.0972788865e-22, 1.1237665645e-21, 5.43213910739e-21, 1.05509391291e-20, 1.49520036614e-20, 2.23599408062e-20, 6.71622836014e-20, 8.05359652617e-20, 1.33230801788e-19, 2.02452261052e-19, 3.79317964601e-19, 2.51526444027e-19, 3.90855402237e-19, 7.79924352845e-19, 7.24250134536e-19, 1.61220437878e-18, 1.77263171588e-18, 2.24098510102e-18, 3.23565758671e-18, 2.54178374731e-18, 3.68903776199e-18, 4.59687427453e-18, 4.65174405969e-18, 7.24284059281e-18, 8.30712012024e-18, 8.50347046378e-18, 9.00402557658e-18, 1.01564345808e-17, 9.88994676597e-18, 1.20509106213e-17, 1.04608469724e-17, 9.80742722807e-18, 7.81167615645e-18, 6.39052857889e-18, 4.20410493145e-18, 2.4295090752e-18, 9.17750995966e-19, 2.3896467245e-19, 2.37166640292e-20], "var": [0.0473108589649, 2.38000011444, 18.9433078766, 46.5670509338, 92.0035400391, 727.552429199, 719.009765625, 1090.50964355, 736.879699707, 679.395019531, 3282.41870117, 1189.98791504, 660.614318848, 928.38873291, 1178.2902832, 1006.38458252, 3911.95922852, 2805.08764648, 3893.3112793, 5048.25488281, 1416.40893555, 2438.24560547, 4050.82324219, 1082.28662109, 464.680023193, 319.579986572, 179.536605835, 69.2729110718, 83.6437454224, 24.0475883484, 11.5729751587, 4.89901685715, 1.47423839569, 0.471442401409, 0.115228272974, 0.00559778185561, 0.000322678504745, 7.12998098606e-06, 4.2306833592e-08, 8.2232920473e-10], "median": [0.013492371887, 0.230515658855, 1.09949731827, 2.40716743469, 3.71865582466, 3.63784170151, 6.8880572319, 5.85790157318, 5.01433944702, 3.58977651596, 5.07209396362, 4.48842906952, 3.23831939697, 2.74959278107, 3.5885925293, 5.9950709343, 6.73417758942, 8.74151229858, 8.03651714325, 7.38935756683, 5.71123123169, 7.96989440918, 7.57479381561, 6.33293151855, 4.99638032913, 3.98386526108, 2.82641530037, 1.78837776184, 1.3719098568, 0.723982214928, 0.405450046062, 0.276691436768, 0.184682697058, 0.0866985470057, 0.0242816992104, 0.00463381689042, 0.000790558813605, 9.29720772547e-05, 1.9454588255e-05, 1.93525684153e-05]}, "spectral_energy": {"dmean": 0.00823010411114, "dmean2": 0.0124842869118, "max": 0.146426677704, "dvar": 0.000146734251757, "mean": 0.0197372362018, "dvar2": 0.00033258923213, "min": 9.84667561689e-21, "var": 0.00033411491313, "median": 0.014767720364}, "zerocrossingrate": {"dmean": 0.00947154033929, "dmean2": 0.0114095760509, "max": 0.5263671875, "dvar": 0.000116937349958, "mean": 0.0646306797862, "dvar2": 0.000172421467141, "min": 0, "var": 0.00456985458732, "median": 0.0546875}, "spectral_energyband_high": {"dmean": 0.000282973836875, "dmean2": 0.000377134594601, "max": 0.0