{"tonal": {"chords_number_rate": 0.00229357788339, "thpcp": [1, 0.614651679993, 0.0925176292658, 0.045955311507, 0.0410266704857, 0.309889137745, 0.641657233238, 0.381350398064, 0.0384617820382, 0.0228663925081, 0.028923491016, 0.142673552036, 0.278019249439, 0.213003709912, 0.460463017225, 0.757946968079, 0.386137604713, 0.043954834342, 0.0278016217053, 0.0493366122246, 0.265401721001, 0.490656971931, 0.296619236469, 0.0531269870698, 0.037771422416, 0.0530667193234, 0.186726480722, 0.349222928286, 0.255827516317, 0.312421172857, 0.449691623449, 0.219438925385, 0.0463861972094, 0.0582125335932, 0.0831527635455, 0.498810499907], "hpcp": {"dvar": [0.0200712941587, 0.0150768607855, 0.00887004472315, 0.00820801965892, 0.0119449580088, 0.015523836948, 0.0230414830148, 0.0197536833584, 0.0189335886389, 0.0170295275748, 0.00965261925012, 0.0108310906217, 0.0121112950146, 0.0190210156143, 0.0216841623187, 0.0262235365808, 0.021898297593, 0.0142318746075, 0.00956080760807, 0.00783243309706, 0.0110930791125, 0.0186856836081, 0.0124179441482, 0.00587356230244, 0.00454990845174, 0.00455883471295, 0.0082189347595, 0.0138739533722, 0.0140994470567, 0.0177177153528, 0.0258160233498, 0.0143330674618, 0.00762403942645, 0.00553433643654, 0.00720165111125, 0.0139720626175], "mean": [0.204763606191, 0.123786740005, 0.0221712402999, 0.0157629735768, 0.0221460890025, 0.077925696969, 0.145739585161, 0.106763318181, 0.130381286144, 0.18766772747, 0.0915774330497, 0.0193581376225, 0.0242935679853, 0.034701757133, 0.208166286349, 0.417325377464, 0.256509751081, 0.0386099554598, 0.0191783178598, 0.0171214714646, 0.129324600101, 0.26777985692, 0.159147202969, 0.0160510782152, 0.00954272598028, 0.0120705068111, 0.0595412962139, 0.116024486721, 0.0888918563724, 0.192162901163, 0.316310495138, 0.161145016551, 0.0183434672654, 0.011602322571, 0.0205894205719, 0.110758878291], "min": [0, 0, 0, 0, 0, 0, 0, 0, 0, 0, 0, 0, 0, 0, 0, 0, 0, 0, 0, 0, 0, 0, 0, 0, 0, 0, 0, 0, 0, 0, 0, 0, 0, 0, 0, 0], "median": [0.0349537841976, 0.0227729566395, 0.00140315969475, 0.000464643409941, 0.000674045877531, 0.00592357013375, 0.00812538061291, 0.0117425527424, 0.0226865783334, 0.0215559378266, 0.0121896527708, 0.00093802891206, 0.000633880496025, 0.00093470927095, 0.0960219874978, 0.208544969559, 0.117419153452, 0.00356547534466, 0.000442639866378, 0.000793798011728, 0.0221615843475, 0.0386335626245, 0.0223700832576, 0.00131545029581, 0.000336006487487, 0.000453195767477, 0.00183211977128, 0.00274614151567, 0.00600660592318, 0.0825435519218, 0.143145278096, 0.0668720453978, 0.000758129870519, 0.000321784231346, 0.000618620135356, 0.0177200399339], "dvar2": [0.0455403961241, 0.0348287075758, 0.0238191392273, 0.0232778564095, 0.0325337871909, 0.04196806252, 0.0550794489682, 0.0510904453695, 0.0486575588584, 0.0416221618652, 0.0265273563564, 0.0306757260114, 0.0328340344131, 0.0515949167311, 0.0595244988799, 0.0613837391138, 0.0562576651573, 0.037506736815, 0.0259650796652, 0.0210349876434, 0.0283166896552, 0.039547841996, 0.0305286832154, 0.0156440027058, 0.0126105509698, 0.0127704283223, 0.0215312279761, 0.0349287316203, 0.0363119281828, 0.0438125468791, 0.0577855296433, 0.0343581028283, 0.0186895299703, 0.0154377231374, 0.0178095214069, 0.0324419029057], "var": [0.0979257002473, 0.0415699705482, 0.00786638073623, 0.00609883898869, 0.00963921751827, 0.0270515494049, 0.0788070037961, 0.0436257645488, 0.0461826995015, 0.092706553638, 0.0233647953719, 0.00766846025363, 0.0106185059994, 0.0178433917463, 0.0564983636141, 0.185224801302, 0.0798936486244, 0.0154007486999, 0.00854148622602, 0.00635449727997, 0.0345350131392, 0.137853145599, 0.052836984396, 0.00480379955843, 0.00350902997889, 0.00376420817338, 0.0208842661232, 0.0673495531082, 0.0334420017898, 0.0565652363002, 0.133754983544, 0.0418919064105, 0.00735361641273, 0.00373253412545, 0.00771070830524, 0.0380333699286], "dmean2": [0.0987945795059, 0.0813175290823, 0.0434483326972, 0.0368887968361, 0.047988884151, 0.0795944556594, 0.101186126471, 0.100010320544, 0.0997455269098, 0.0823869779706, 0.0658823549747, 0.0454544275999, 0.0512578226626, 0.0706695318222, 0.111699149013, 0.115493886173, 0.1138972193, 0.0652496218681, 0.0392073169351, 0.0383008718491, 0.0725487470627, 0.0912704765797, 0.0795537605882, 0.0314814299345, 0.0232016909868, 0.0241260752082, 0.042277444154, 0.0630960613489, 0.0768729299307, 0.114280551672, 0.126792892814, 0.0970814749599, 0.0375657863915, 0.027851479128, 0.0368850938976, 0.0741780027747], "max": [1, 1, 1, 1, 1, 1, 1, 1, 1, 1, 1, 1, 1, 1, 1, 1, 1, 1, 1, 1, 1, 1, 1, 1, 1, 1, 1, 1, 1, 1, 1, 1, 1, 1, 1, 1], "dmean": [0.0644901022315, 0.0519050806761, 0.0247798580676, 0.0201020948589, 0.0265566948801, 0.0472272858024, 0.0611247755587, 0.0595436133444, 0.058128144592, 0.0521306954324, 0.0392478145659, 0.0249627381563, 0.0287786461413, 0.0396797917783, 0.0667884275317, 0.0712305754423, 0.0687454342842, 0.0370442867279, 0.02194368653, 0.0212045386434, 0.0438939034939, 0.0578097254038, 0.0481308847666, 0.0176270231605, 0.0125738577917, 0.0135574834421, 0.0255048200488, 0.0393296070397, 0.046233382076, 0.0704537928104, 0.0793443396688, 0.0609511509538, 0.0209933817387, 0.0153752537444, 0.0217725001276, 0.0469988062978]}, "key_strength": 0.868381261826, "chords_strength": {"dvar": 4.05897299061e-05, "mean": 0.500689744949, "min": 0.216907933354, "median": 0.503602266312, "dvar2": 2.42827500188e-05, "var": 0.0100430212915, "dmean2": 0.0041646854952, "max": 0.738137900829, "dmean": 0.00755361374468}, "tuning_equal_tempered_deviation": 0.0134877385572, "chords_key": "G", "tuning_frequency": 439.491973877, "chords_scale": "major", "chords_changes_rate": 0.0462885722518, "key_scale": "major", "tuning_diatonic_strength": 0.617400944233, "hpcp_entropy": {"dvar": 0.18910138309, "mean": 1.26361966133, "min": 0, "median": 1.24734854698, "dvar2": 0.467402637005, "var": 0.569515764713, "dmean2": 0.53726041317, "max": 4.37654209137, "dmean": 0.328302294016}, "chords_histogram": [29.1492919922, 4.31609678268, 16.0341949463, 0.0417014174163, 1.00083398819, 0, 0.0208507087082, 0.104253545403, 0, 0, 0, 0.917431175709, 0, 0, 0, 1.54295241833, 0, 4.79566287994, 0, 2.50208497047, 1.93911588192, 15.6797332764, 10.8632192612, 11.0925769806], "tuning_nontempered_energy_ratio": 0.598155081272, "key_key": "G"}, "metadata": {"version": {"extractor": "music 1.0", "essentia_build_sha": "70f2e5ece6736b2c40cc944ad0e695b16b925413", "essentia": "2.1-beta2", "essentia_git_sha": "v2.1_beta2"}, "audio_properties": {"sample_rate": 44100, "length": 222.667755127, "lossless": false, "analysis_sample_rate": 44100, "downmix": "mix", "bit_rate": 192000, "equal_loudness": 0, "md5_encoded": "c3c90e62906aaff9f89d39184bc09ba0", "codec": "mp3", "replay_gain": -9.68057060242}, "tags": {"artist": ["Chris Garneau"], "musicbrainz_recordingid": ["5974666c-4fb5-48c1-a9e1-d2ee897bb485"], "file_name": "2235306.mp3", "title": ["Things She Said"], "tracknumber": ["11"], "album": ["El Radio"], "genre": ["Other"]}}, "lowlevel": {"melbands": {"dvar": [2.99738729836e-07, 6.53639574466e-07, 9.04680916847e-07, 7.57941791107e-07, 6.17254329427e-07, 5.42949010196e-07, 2.47789188279e-07, 8.91165754524e-08, 3.60122243137e-08, 2.18720028755e-08, 1.65639768568e-08, 6.58056897862e-09, 8.77741612726e-09, 1.30488975181e-09, 1.75390624246e-09, 7.35188132595e-10, 3.52379325719e-09, 1.00245711732e-09, 1.01459243784e-10, 1.0456456534e-10, 9.43227024264e-11, 1.38137806749e-10, 1.66166594373e-10, 5.71591281251e-11, 1.28383706444e-10, 6.41632233456e-11, 1.30409003041e-10, 1.64190314123e-10, 5.48439106629e-11, 3.81473082289e-11, 3.49049643356e-11, 1.02945213118e-11, 2.02118053197e-12, 1.7304425037e-12, 9.04612105709e-13, 3.24638943115e-13, 7.48672879334e-13, 1.05280248495e-12, 4.18125549375e-13, 3.12955526294e-13], "mean": [0.000245656294283, 0.000505867239553, 0.000919307116419, 0.000861559994519, 0.00106726679951, 0.000693102134392, 0.000433546258137, 0.000219547597226, 0.000148393664858, 0.000112222187454, 0.00010411778203, 7.32760236133e-05, 4.81058305013e-05, 2.53738508036e-05, 2.67430496024e-05, 1.5127464394e-05, 1.91387025552e-05, 9.47055468714e-06, 6.75077762935e-06, 4.63308151666e-06, 3.42370640283e-06, 3.65180517292e-06, 2.67249561148e-06, 2.05911487683e-06, 1.64546395354e-06, 1.13981002414e-06, 1.44764612742e-06, 1.75143668457e-06, 1.1704711369e-06, 1.29269551508e-06, 1.03982688415e-06, 6.10844665516e-07, 3.01568121586e-07, 2.18703576138e-07, 1.78795573902e-07, 1.27580790377e-07, 1.585493834e-07, 2.00520830163e-07, 1.6718996676e-07, 1.87283276887e-07], "min": [1.70696846561e-23, 8.47898860937e-24, 4.62510332022e-24, 8.19880967053e-24, 1.46342059844e-23, 3.29708580523e-23, 7.12359146785e-24, 1.15924230205e-23, 8.50283902998e-24, 7.02919400535e-24, 1.1756237876e-23, 1.75479284244e-23, 2.10076246524e-23, 9.7469981064e-24, 1.2785380291e-23, 1.05136573103e-23, 1.13530936659e-23, 1.59953602328e-23, 1.77666259109e-23, 2.89610686047e-23, 7.3041869726e-24, 7.51445311372e-24, 7.55368237768e-24, 7.93731174678e-24, 6.45225703244e-24, 6.56892916589e-24, 6.63453399421e-24, 1.5359550965e-23, 1.46436265613e-23, 9.84086229893e-24, 1.09486691345e-23, 8.21832766704e-24, 6.1489337035e-24, 6.34293274389e-24, 1.27006242865e-23, 1.22483411416e-23, 8.67375442257e-24, 1.21220744874e-23, 8.99949481186e-24, 9.77852572134e-24], "median": [3.60748913408e-07, 4.61254494439e-05, 0.000247498770477, 0.000256903440459, 0.000398143078201, 0.000228253964451, 0.000111430490506, 2.87119291897e-05, 3.24658431055e-05, 1.29941809064e-05, 1.9123284801e-05, 1.1347605323e-05, 2.67884524874e-06, 2.52104791798e-06, 2.09137510865e-06, 7.17211435131e-07, 8.10656388239e-07, 3.87789924616e-07, 2.76352665196e-07, 1.59301322356e-07, 1.20455439401e-07, 1.00114846191e-07, 5.9038068656e-08, 6.81192986463e-08, 6.117342366e-08, 2.71390359075e-08, 1.58541979545e-08, 9.37866406758e-09, 4.27831547967e-09, 2.41144393343e-09, 1.21330123726e-09, 1.05305797415e-09, 1.0514408233e-09, 9.6974750452e-10, 1.1908475317e-09, 1.26865118411e-09, 8.56250015335e-10, 9.83186865255e-10, 9.02132590852e-10, 8.57984072677e-10], "dvar2": [7.55401856622e-07, 1.82666883575e-06, 2.51631377068e-06, 1.97847111849e-06, 1.38114933179e-06, 1.4227025531e-06, 5.78565447995e-07, 1.87689579434e-07, 7.73391022335e-08, 5.22589083118e-08, 3.39341568178e-08, 1.33601512076e-08, 2.22190301713e-08, 2.83468226669e-09, 4.32351532353e-09, 1.76010717112e-09, 9.13417341764e-09, 3.19375925706e-09, 2.3256813142e-10, 2.41402065004e-10, 2.67171784696e-10, 3.78135134316e-10, 4.39547481745e-10, 1.40575148744e-10, 3.47427447922e-10, 1.57846638538e-10, 3.37941646888e-10, 4.18877238451e-10, 1.36548244933e-10, 7.63237806289e-11, 8.00652530386e-11, 1.97522900813e-11, 3.81450687009e-12, 4.44529048987e-12, 2.1834979571e-12, 7.37231944329e-13, 1.74986988875e-12, 2.32460752037e-12, 9.15383762713e-13, 6.77847480837e-13], "var": [1.79043024673e-06, 2.50604830399e-06, 2.81333655039e-06, 2.86535578198e-06, 2.90868615593e-06, 1.72364514128e-06, 9.73056671683e-07, 3.08348461431e-07, 1.44662976709e-07, 1.30157658873e-07, 5.904441025e-08, 3.69155230828e-08, 2.35467858545e-08, 5.91580029408e-09, 6.07713523948e-09, 2.25939356113e-09, 7.12699810279e-09, 1.78264702999e-09, 3.878760646e-10, 2.92741275665e-10, 1.66261643342e-10, 2.33285557538e-10, 1.73132189141e-10, 8.61395607621e-11, 1.44494471943e-10, 6.52528725498e-11, 1.68248748267e-10, 3.11176112655e-10, 1.32850175305e-10, 1.57382357147e-10, 9.40077460321e-11, 2.82963860676e-11, 5.31661780573e-12, 2.35278636851e-12, 1.3876271009e-12, 6.4672789693e-13, 1.48623474638e-12, 2.4357744554e-12, 1.01106666442e-12, 8.18293458167e-13], "dmean2": [0.000129884225316, 0.000288482115138, 0.000550847442355, 0.000503894523717, 0.000424705358455, 0.000333691277774, 0.000204745665542, 0.000108775413537, 6.84005644871e-05, 4.4652773795e-05, 4.81092356495e-05, 3.20529943565e-05, 3.07401751343e-05, 1.43551933434e-05, 1.42335165947e-05, 9.18635214475e-06, 1.4972290046e-05, 7.30408510208e-06, 4.65481934953e-06, 3.61558295481e-06, 2.99012003779e-06, 3.38785366694e-06, 2.66190227194e-06, 2.17223214349e-06, 1.87843113508e-06, 1.35399477585e-06, 1.71447913999e-06, 1.9435115064e-06, 1.23828999676e-06, 1.07172434127e-06, 9.61527121035e-07, 5.42796044556e-07, 2.66212879296e-07, 2.17793242996e-07, 1.74506226358e-07, 1.16880713108e-07, 1.53220469201e-07, 1.91017761608e-07, 1.40026273243e-07, 1.50164140678e-07], "max": [0.0204319655895, 0.0242494922131, 0.0217595286667, 0.0292868856341, 0.0282401703298, 0.0198291838169, 0.0179521739483, 0.0121940597892, 0.00705369655043, 0.00685642054304, 0.00473429402336, 0.00421548774466, 0.00393254030496, 0.00205148640089, 0.00258604367264, 0.00149977917317, 0.00345641258173, 0.00197913032025, 0.000333134143148, 0.000384166080039, 0.000401958939619, 0.000419883639552, 0.000780587142799, 0.000250917422818, 0.000593018019572, 0.000429991865531, 0.000662641483359, 0.00064019265119, 0.000403685931815, 0.00033957400592, 0.000305930589093, 0.000143690078403, 6.41212172923e-05, 6.94738919265e-05, 4.72770843771e-05, 2.38520442508e-05, 3.53238792741e-05, 4.04771708418e-05, 3.44044601661e-05, 2.91987525998e-05], "dmean": [8.91849704203e-05, 0.00018398645625, 0.000359149737051, 0.000325176952174, 0.000288389535854, 0.000213771636481, 0.000138735762448, 7.63663192629e-05, 4.82518116769e-05, 3.04127042909e-05, 3.53579962393e-05, 2.26879292313e-05, 2.04318112083e-05, 9.95715981844e-06, 9.82542769634e-06, 6.31526745565e-06, 9.79972901405e-06, 4.67798372483e-06, 3.07336881633e-06, 2.36435698753e-06, 1.88004753454e-06, 2.09243557947e-06, 1.68274300449e-06, 1.3573517208e-06, 1.16035278097e-06, 8.63421689701e-07, 1.10243820473e-06, 1.24182258787e-06, 7.86267833064e-07, 7.36856122785e-07, 6.57507655433e-07, 3.76725580509e-07, 1.85700884003e-07, 1.40412879546e-07, 1.13099211774e-07, 7.68763399606e-08, 9.92613991002e-08, 1.25994702671e-07, 9.43994038494e-08, 1.00201845044e-07]}, "spectral_decrease": {"dvar": 3.50751173579e-18, "mean": -4.69428629302e-09, "min": -4.81003077368e-08, "median": -2.92291968407e-09, "dvar2": 8.91970774802e-18, "var": 3.44445948001e-17, "dmean2": 1.36642330784e-09, "max": -2.74385313247e-29, "dmean": 9.09276098859e-10}, "spectral_rolloff": {"dvar": 264718.5625, "mean": 754.704589844, "min": 86.1328125, "median": 516.796875, "dvar2": 497237.15625, "var": 1199719.75, "dmean2": 204.448699951, "max": 18949.21875, "dmean": 123.33518219}, "melbands_crest": {"dvar": 4.7810125351, "mean": 15.8731212616, "min": 2.84445667267, "median": 15.0685520172, "dvar2": 12.0904312134, "var": 30.0022029877, "dmean2": 2.85664129257, "max": 34.6758842468, "dmean": 1.85038733482}, "barkbands_skewness": {"dvar": 0.447446078062, "mean": 1.62911891937, "min": -4.39179563522, "median": 1.41585993767, "dvar2": 1.04159021378, "var": 2.61839365959, "dmean2": 0.631626904011, "max": 13.9785575867, "dmean": 0.424710184336}, "spectral_centroid": {"dvar": 56886.1953125, "mean": 574.037719727, "min": 154.247268677, "median": 448.297790527, "dvar2": 91239.375, "var": 258618.03125, "dmean2": 111.020271301, "max": 10859.4033203, "dmean": 77.9051055908}, "spectral_energyband_middle_low": {"dvar": 3.94463313569e-05, "mean": 0.0144964652136, "min": 3.48081226736e-22, "median": 0.00974190514535, "dvar2": 9.65060680755e-05, "var": 0.000316625577398, "dmean2": 0.0045755058527, "max": 0.171108871698, "dmean": 0.00306595186703}, "erbbands_crest": {"dvar": 4.09981441498, "mean": 14.4400625229, "min": 2.76654887199, "median": 13.3655385971, "dvar2": 9.6098613739, "var": 35.3267326355, "dmean2": 2.4537062645, "max": 32.697479248, "dmean": 1.6148045063}, "dynamic_complexity": 6.58558750153, "spectral_energyband_low": {"dvar": 1.56189507834e-05, "mean": 0.00336290360428, "min": 7.56928636193e-23, "median": 0.000428734521847, "dvar2": 4.31572079833e-05, "var": 7.29469320504e-05, "dmean2": 0.00174653995782, "max": 0.0858323052526, "dmean": 0.00114089285489}, "silence_rate_60dB": {"dvar": 0.0206190180033, "mean": 0.266708374023, "min": 0, "median": 0, "dvar2": 0.0445253700018, "var": 0.195580050349, "dmean2": 0.0421316102147, "max": 1, "dmean": 0.0210636071861}, "erbbands_kurtosis": {"dvar": 16.1592121124, "mean": 4.91694879532, "min": -1.85259199142, "median": 1.5523724556, "dvar2": 36.5918769836, "var": 146.750991821, "dmean2": 2.64676809311, "max": 207.936782837, "dmean": 1.76019346714}, "spectral_complexity": {"dvar": 2.71917104721, "mean": 7.81086444855, "min": 0, "median": 7, "dvar2": 5.51965665817, "var": 35.165813446, "dmean2": 1.64772129059, "max": 43, "dmean": 1.02460896969}, "barkbands_crest": {"dvar": 3.09326171875, "mean": 12.4608297348, "min": 2.47690582275, "median": 11.6791505814, "dvar2": 7.91186189651, "var": 17.8561611176, "dmean2": 2.24453830719, "max": 26.8660240173, "dmean": 1.45560729504}, "spectral_energy": {"dvar": 5.24740753463e-05, "mean": 0.018470775336, "min": 1.08712898629e-20, "median": 0.0114179560915, "dvar2": 0.000133268695208, "var": 0.000531782512553, "dmean2": 0.00532103003934, "max": 0.186793997884, "dmean": 0.00354009843431}, "spectral_spread": {"dvar": 469536636928, "mean": 2454228.25, "min": 152333.921875, "median": 2157956.5, "dvar2": 789259354112, "var": 3149234176000.0, "dmean2": 700073.8125, "max": 41529896, "dmean": 456288.375}, "spectral_contrast_valleys": {"dvar": [0.140088707209, 0.1377209723, 0.15516461432, 0.162507608533, 0.169223412871, 0.219518139958], "mean": [-9.68696784973, -7.98635196686, -9.13670158386, -10.1972284317, -10.5254888535, -12.8898258209], "min": [-27.1234722137, -27.1478748322, -27.0420074463, -27.383556366, -27.2455730438, -27.1537952423], "median": [-9.86819839478, -7.74093961716, -9.01211166382, -10.0147294998, -10.3727283478, -13.0012302399], "dvar2": [0.334233134985, 0.288137763739, 0.318700760603, 0.325606942177, 0.301078796387, 0.47845697403], "var": [2.45384979248, 2.41886305809, 2.71048069, 2.83106327057, 3.47788739204, 3.16054677963], "dmean2": [0.686576843262, 0.50967669487, 0.520499408245, 0.503216087818, 0.42188924551, 0.555377721786], "max": [-5.3133149147, -4.58430671692, -5.27216768265, -6.16267061234, -5.68037700653, -7.85867500305], "dmean": [0.411782085896, 0.317624419928, 0.332557529211, 0.325183033943, 0.292100608349, 0.369330376387]}, "spectral_rms": {"dvar": 2.7210734288e-07, "mean": 0.00351111404598, "min": 3.25670631955e-12, "median": 0.00333758443594, "dvar2": 6.3413983753e-07, "var": 5.69236226511e-06, "dmean2": 0.000485672731884, "max": 0.0134995570406, "dmean": 0.000334744720021}, "barkbands_spread": {"dvar": 18.633014679, "mean": 6.21354389191, "min": 0.0639290139079, "median": 3.91145253181, "dvar2": 37.4155654907, "var": 70.713684082, "dmean2": 2.29938626289, "max": 100.732025146, "dmean": 1.56394231319}, "pitch_salience": {"dvar": 0.00246832473204, "mean": 0.491290807724, "min": 0.0430391542614, "median": 0.495517641306, "dvar2": 0.00625059427693, "var": 0.0148609485477, "dmean2": 0.0661405846477, "max": 0.861082792282, "dmean": 0.042383339256}, "erbbands_skewness": {"dvar": 0.215760990977, "mean": 0.931010246277, "min": -4.91513061523, "median": 0.774750113487, "dvar2": 0.449051678181, "var": 1.59883797169, "dmean2": 0.461865752935, "max": 9.32755851746, "dmean": 0.314893245697}, "spectral_energyband_middle_high": {"dvar": 1.59353942308e-06, "mean": 0.00175963842776, "min": 1.68187053405e-21, "median": 0.000439352850663, "dvar2": 3.59744581147e-06, "var": 1.10383052743e-05, "dmean2": 0.000617318844888, "max": 0.041323415935, "dmean": 0.000435340043623}, "erbbands": {"dvar": [0.00170456490014, 0.387381792068, 3.20091414452, 32.251083374, 110.475753784, 287.804962158, 655.072570801, 1110.57092285, 1135.44030762, 899.358581543, 566.857849121, 666.040283203, 670.780944824, 360.681488037, 427.703979492, 207.233627319, 371.272644043, 687.833862305, 219.446166992, 79.3728561401, 42.6843070984, 107.07220459, 65.2484130859, 150.256835938, 100.573974609, 267.78024292, 104.104187012, 90.5107116699, 21.4075202942, 5.44361400604, 2.10424280167, 1.55163824558, 1.53868126869, 0.379152178764, 0.0932820737362, 0.0292559284717, 0.00161376444157, 2.91456181003e-05, 1.95388821567e-07, 2.30192254147e-10], "mean": [0.0189494788647, 0.285981953144, 1.0413184166, 4.81952285767, 9.37002277374, 15.4194574356, 33.1993713379, 28.2212848663, 29.3739318848, 22.4156894684, 17.8724918365, 19.6146392822, 21.4497013092, 18.2415332794, 12.4804620743, 11.0306720734, 9.7232542038, 9.66143989563, 5.88359832764, 4.92823314667, 2.88657951355, 3.24824857712, 2.44170475006, 2.06912660599, 1.74129652977, 2.51034593582, 1.9656611681, 1.90529882908, 0.967925786972, 0.439616024494, 0.293258517981, 0.244421422482, 0.27447450161, 0.210607632995, 0.103758886456, 0.0504654720426, 0.010532877408, 0.00141121936031, 9.26337888814e-05, 2.32880702242e-05], "min": [2.35975039767e-21, 6.20390548514e-21, 1.90082663564e-20, 1.75543526426e-20, 7.51966436547e-20, 1.59776009922e-19, 4.44743634205e-19, 1.6135218707e-18, 4.51597807857e-19, 1.0780065897e-18, 9.74555349786e-19, 1.09952248801e-18, 2.22729505509e-18, 4.33983038072e-18, 5.86321251891e-18, 3.280563361e-18, 6.02503965241e-18, 6.18939961294e-18, 9.93823095269e-18, 2.01908136992e-17, 8.69989856231e-18, 6.76684736753e-18, 9.21439084124e-18, 8.31358122801e-18, 8.99774727573e-18, 2.0036114381e-17, 2.07158533581e-17, 1.85676851597e-17, 1.38143157579e-17, 1.12874452498e-17, 2.11063951038e-17, 1.73718897051e-17, 1.68429126665e-17, 1.11326731398e-17, 8.35438852917e-18, 6.45523230076e-18, 3.94012595539e-18, 1.21269258313e-18, 3.19083809768e-19, 3.27195362575e-20], "median": [0.000137036680826, 0.00351807707921, 0.137232348323, 1.05314970016, 3.09402346611, 4.92189788818, 11.0493946075, 8.79778003693, 7.40309619904, 3.13736414909, 4.72140073776, 2.53349971771, 4.12697839737, 3.29211974144, 1.31646072865, 1.23002576828, 0.53813970089, 0.570546507835, 0.293646544218, 0.174302265048, 0.121226623654, 0.0962547585368, 0.0828890800476, 0.0858050212264, 0.0400275886059, 0.0188474692404, 0.00758722843602, 0.00309907272458, 0.00225570844486, 0.0022570581641, 0.00255605159327, 0.00221030670218, 0.00247321184725, 0.00132719404064, 0.000610579969361, 0.000402608682634, 8.7298481958e-05, 6.41478254693e-06, 8.4253570094e-06, 1.34610190798e-05], "dvar2": [0.00395258469507, 1.02544403076, 9.06340026855, 91.5884246826, 270.96572876, 767.168395996, 1383.31103516, 2932.49365234, 2638.76025391, 1890.65844727, 1200.8848877, 1617.95227051, 1370.9543457, 745.605529785, 1073.91088867, 431.544494629, 896.890930176, 1771.8692627, 679.046508789, 175.872711182, 116.637229919, 288.493652344, 156.169921875, 397.727813721, 234.550521851, 658.742126465, 233.523773193, 201.800292969, 38.1819725037, 12.9330644608, 5.0019159317, 3.55390810966, 3.16439056396, 0.806569933891, 0.182714447379, 0.0602236017585, 0.00367828761227, 5.8346104197e-05, 3.75008823994e-07, 5.38989075594e-10], "var": [0.0107762543485, 2.10763907433, 8.7850894928, 97.2850418091, 390.683502197, 940.78717041, 3320.16845703, 3191.41748047, 4533.65673828, 3133.17578125, 2157.49707031, 4117.73974609, 2429.02075195, 2036.25231934, 1174.70422363, 1092.0904541, 1164.01477051, 1440.26843262, 441.4425354, 291.651885986, 88.9887924194, 165.231552124, 94.2030563354, 174.068389893, 139.381698608, 522.444641113, 333.888305664, 313.765411377, 66.4790649414, 9.63060760498, 3.52523088455, 3.17529320717, 4.00770521164, 1.0445728302, 0.279032349586, 0.0718566402793, 0.00384963210672, 9.04547414393e-05, 5.77467403673e-07, 1.33173416739e-09], "dmean2": [0.0094721885398, 0.158960282803, 0.636108756065, 2.87567782402, 5.87993335724, 8.51639556885, 12.3769168854, 14.6992502213, 13.8913402557, 10.8139419556, 8.46492099762, 7.4499001503, 9.6351146698, 7.7616147995, 7.39587497711, 5.42463684082, 5.44925880432, 7.09889268875, 4.11678791046, 3.47375488281, 2.20900225639, 2.80445766449, 2.209597826, 2.1827981472, 1.93042933941, 2.64489126205, 1.80297470093, 1.60681700706, 0.776620566845, 0.39394390583, 0.268159478903, 0.219260334969, 0.236432150006, 0.160254687071, 0.0743562653661, 0.0383381918073, 0.00874209776521, 0.0011273205746, 7.82755960245e-05, 7.46969908505e-06], "max": [1.51911735535, 21.5550823212, 54.9682922363, 127.898681641, 361.864990234, 546.141235352, 1011.82598877, 882.881347656, 1182.45422363, 1177.53112793, 924.649719238, 1275.41796875, 970.483703613, 899.46295166, 804.085693359, 885.016967773, 1246.46936035, 1501.03552246, 867.545715332, 305.768432617, 214.604309082, 477.414916992, 361.73928833, 630.54901123, 397.495544434, 797.25402832, 585.114990234, 533.321044922, 221.303283691, 114.579223633, 70.0230484009, 54.956703186, 58.6586494446, 30.759311676, 14.6499223709, 10.1537504196, 1.87893819809, 0.284944802523, 0.0282126106322, 0.000884050736204], "dmean": [0.00665987888351, 0.106225177646, 0.402176529169, 1.86839520931, 3.85943818092, 5.52579450607, 8.51428699493, 9.2757730484, 9.42872714996, 7.60126495361, 5.97528123856, 5.09264564514, 7.06920862198, 5.51115274429, 4.93928050995, 3.83996033669, 3.75466132164, 4.65715694427, 2.66171145439, 2.29903936386, 1.39383375645, 1.74143004417, 1.42639863491, 1.37006294727, 1.24855852127, 1.71653175354, 1.17256200314, 1.12284612656, 0.557535290718, 0.266361176968, 0.175430104136, 0.145011886954, 0.15838137269, 0.108491867781, 0.0504241250455, 0.0262349136174, 0.00580803956836, 0.000767082907259, 5.48183998035e-05, 4.95185395266e-06]}, "dissonance": {"dvar": 0.00139868899714, "mean": 0.348423331976, "min": 0.0378877520561, "median": 0.375435173512, "dvar2": 0.00365594425239, "var": 0.0109213851392, "dmean2": 0.0602511763573, "max": 0.499999910593, "dmean": 0.0365820713341}, "erbbands_flatness_db": {"dvar": 0.000541745394003, "mean": 0.321188986301, "min": 0.0329144634306, "median": 0.305630356073, "dvar2": 0.00100429460872, "var": 0.0131924403831, "dmean2": 0.0237944237888, "max": 0.631064355373, "dmean": 0.0167603623122}, "melbands_kurtosis": {"dvar": 140.711593628, "mean": 11.5179481506, "min": -1.86435127258, "median": 5.48820495605, "dvar2": 319.178649902, "var": 533.505981445, "dmean2": 6.49448871613, "max": 574.802185059, "dmean": 4.26029491425}, "melbands_spread": {"dvar": 41.125667572, "mean": 8.41935348511, "min": 0.182619407773, "median": 5.49286079407, "dvar2": 79.9291000366, "var": 160.41015625, "dmean2": 2.92928004265, "max": 187.477539062, "dmean": 1.9488171339}, "melbands_skewness": {"dvar": 0.440478265285, "mean": 1.76327300072, "min": -3.55465555191, "median": 1.61523258686, "dvar2": 1.00532543659, "var": 2.84338068962, "dmean2": 0.638956964016, "max": 18.8706798553, "dmean": 0.427224397659}, "spectral_entropy": {"dvar": 0.0775348693132, "mean": 5.79687547684, "min": 2.94403553009, "median": 5.90371894836, "dvar2": 0.140033185482, "var": 1.14648497105, "dmean2": 0.253369688988, "max": 9.79304790497, "dmean": 0.1805100739}, "zerocrossingrate": {"dvar": 0.000104373997601, "mean": 0.0293669793755, "min": 0.00390625, "median": 0.02294921875, "dvar2": 8.83691609488e-05, "var": 0.000957151816692, "dmean2": 0.00466981017962, "max": 0.50146484375, "dmean": 0.00412213243544}, "average_loudness": 0.0812463089824, "spectral_contrast_coeffs": {"dvar": [0.00130219920538, 0.00121501996182, 0.000935466669034, 0.000630066148005, 0.000378961121896, 0.000413925066823], "mean": [-0.480366230011, -0.618594884872, -0.688011229038, -0.759669721127, -0.808554768562, -0.830488145351], "min": [-0.966905236244, -0.974115252495, -0.976617634296, -0.954180240631, -0.963320553303, -0.961493730545], "median": [-0.451588600874, -0.617856442928, -0.690831661224, -0.757281124592, -0.803128778934, -0.836380898952], "dvar2": [0.00303738168441, 0.0029248832725, 0.00215522386134, 0.00152565527242, 0.000857892329805, 0.00105061184149], "var": [0.0195111744106, 0.00962871965021, 0.010321076028, 0.00718821957707, 0.00416493602097, 0.00252119009383], "dmean2": [0.0625257119536, 0.0541387833655, 0.0482497289777, 0.0421410910785, 0.0312723740935, 0.0323838964105], "max": [-0.199568033218, -0.339946866035, -0.416429519653, -0.44539770484, -0.57314312458, -0.541819214821], "dmean": [0.0384787246585, 0.0333310365677, 0.030276555568, 0.0263723656535, 0.0198664460331, 0.0200040154159]}, "barkbands_flatness_db": {"dvar": 0.00074539706111, "mean": 0.334467023611, "min": 0.0225677974522, "median": 0.304526805878, "dvar2": 0.00144489039667, "var": 0.0176369212568, "dmean2": 0.0312731340528, "max": 0.648010551929, "dmean": 0.0213668867946}, "silence_rate_30dB": {"dvar": 0.0060117370449, "mean": 0.988009572029, "min": 0, "median": 1, "dvar2": 0.0144549859688, "var": 0.0118469260633, "dmean2": 0.0120971947908, "max": 1, "dmean": 0.00604796642438}, "spectral_energyband_high": {"dvar": 2.83085455521e-07, "mean": 0.00015334157797, "min": 7.72750431881e-21, "median": 1.23758900372e-06, "dvar2": 5.33256411472e-07, "var": 1.27835710373e-06, "dmean2": 0.000100107863545, "max": 0.0246777161956, "dmean": 7.20334501239e-05}, "melbands_flatness_db": {"dvar": 0.0010348460637, "mean": 0.414076030254, "min": 0.00712162675336, "median": 0.380501955748, "dvar2": 0.00192607776262, "var": 0.0225586034358, "dmean2": 0.0334211438894, "max": 0.758477449417, "dmean": 0.0234110355377}, "barkbands": {"dvar": [7.28081067658e-11, 5.60258195037e-06, 3.96725226892e-06, 5.39678831046e-06, 1.436675484e-05, 1.45871945278e-05, 4.44225634055e-06, 1.23904897009e-06, 1.10230757855e-06, 5.53566621875e-07, 4.11452134585e-07, 9.4905239223e-08, 1.61114414254e-07, 3.14629517106e-07, 2.59798245139e-08, 1.27205241895e-08, 5.59168888969e-08, 2.17650644174e-08, 4.50506583149e-08, 1.05193564082e-07, 4.70451659851e-08, 1.29077717403e-08, 2.85067591754e-09, 4.51115678146e-09, 2.13177653308e-09, 7.81035236486e-10, 6.1521321891e-12], "mean": [2.61436616711e-06, 0.00106129806954, 0.00115383171942, 0.00187276792713, 0.00470003252849, 0.00426626438275, 0.00173872255255, 0.000792498060036, 0.00076250731945, 0.000740160816349, 0.000326561363181, 0.000216456450289, 0.000186059085536, 0.000180824965355, 0.00011072565394, 4.05647188018e-05, 6.59769575577e-05, 4.41358388343e-05, 3.37449855579e-05, 5.17423941346e-05, 4.91632417834e-05, 2.39715918724e-05, 1.05872113636e-05, 1.43913539432e-05, 1.67829748534e-05, 7.86635064287e-06, 4.79421430555e-07], "min": [1.23166533406e-23, 4.33720080203e-23, 1.8915791146e-23, 4.87234021653e-24, 4.59036141264e-23, 1.52569788525e-22, 3.18570464075e-23, 4.30946098161e-23, 5.95924397357e-23, 1.20254928269e-22, 1.21908393348e-22, 8.37495631532e-23, 1.28716755209e-22, 1.45867563165e-22, 1.92575449383e-22, 3.04071169083e-22, 1.33089139838e-22, 1.82830682176e-22, 1.57624544148e-22, 4.38340242887e-22, 4.59294660449e-22, 3.45970916529e-22, 6.15305447621e-22, 9.32914025195e-22, 1.08384772882e-21, 1.87318664589e-21, 2.19493950738e-21], "median": [2.1698431496e-08, 1.63346589943e-06, 0.000152366003022, 0.000332203839207, 0.00204261927865, 0.00141748110764, 0.000401804049034, 0.000162810159964, 7.32343833079e-05, 0.000140182164614, 1.3809639313e-05, 1.33698722493e-05, 7.34081822884e-06, 7.203248515e-06, 5.08968241775e-06, 1.40101349189e-06, 2.09560039366e-06, 1.38824270834e-06, 1.16331273148e-06, 3.67972944559e-07, 1.21518382912e-07, 5.94075828531e-08, 8.60830340343e-08, 1.22811599113e-07, 1.00025694394e-07, 6.52962981462e-08, 9.12691200394e-10], "dvar2": [1.93947136129e-10, 1.45748153955e-05, 1.14485592349e-05, 1.53886594489e-05, 3.70773595932e-05, 3.6508172343e-05, 9.87983639789e-06, 2.57643432633e-06, 2.55136865235e-06, 1.13783789857e-06, 1.03527179363e-06, 2.02242091518e-07, 3.94849962504e-07, 8.74247405136e-07, 6.16904358708e-08, 3.20924655739e-08, 1.55641174615e-07, 5.13724778273e-08, 1.1442236314e-07, 2.54776722386e-07, 9.19544049793e-08, 2.35417019212e-08, 6.94451651739e-09, 9.3090548603e-09, 4.2422154678e-09, 1.66189961792e-09, 1.17937291877e-11], "var": [3.43573225425e-10, 3.14027383865e-05, 8.76875765243e-06, 1.44736295624e-05, 5.73308425373e-05, 5.32355225005e-05, 1.5868790797e-05, 4.69562701255e-06, 6.40155076326e-06, 2.54492852036e-06, 1.11516771995e-06, 4.62357633069e-07, 4.8646097639e-07, 6.22810489403e-07, 9.56947445729e-08, 2.39777140365e-08, 7.84086537919e-08, 3.38961214652e-08, 4.89830007666e-08, 2.16367283201e-07, 2.01210923478e-07, 3.87924963263e-08, 4.5922301517e-09, 1.1450586257e-08, 6.55111342951e-09, 1.88188753469e-09, 1.80517666787e-11], "dmean2": [1.95375992007e-06, 0.000585632165894, 0.000778470886871, 0.00128508312628, 0.00238189264201, 0.00179052178282, 0.000803460134193, 0.00042342839879, 0.000319528597174, 0.000321522238664, 0.000212768849451, 0.000121310637041, 0.000113993817649, 0.000142061398947, 7.49184182496e-05, 3.47715249518e-05, 6.08928785368e-05, 4.37881244579e-05, 3.88560329156e-05, 5.34729551873e-05, 3.91139546991e-05, 1.97760764422e-05, 9.73034093477e-06, 1.22161518448e-05, 1.17801646411e-05, 6.12314215687e-06, 4.74483215385e-07], "max": [0.000409695378039, 0.084014236927, 0.0478324368596, 0.0485809668899, 0.107144892216, 0.126603156328, 0.0805629640818, 0.0413193926215, 0.0462029539049, 0.0292134657502, 0.0270700417459, 0.0174526702613, 0.0261277798563, 0.0289681851864, 0.00605357019231, 0.00429220311344, 0.0108360955492, 0.0048890649341, 0.00777426501736, 0.0153415715322, 0.0118916537613, 0.00502655282617, 0.00262151099741, 0.00260929344222, 0.00245752721094, 0.00145239057019, 0.000138866394991], "dmean": [1.19677406474e-06, 0.000395851995563, 0.000486351287691, 0.000834807695355, 0.00156244158279, 0.00118176359683, 0.000564698129892, 0.000293620425509, 0.000216637388803, 0.000232452614, 0.000141078417073, 8.44228998176e-05, 7.72823914303e-05, 9.19561935007e-05, 4.98143017467e-05, 2.22531198233e-05, 3.75548552256e-05, 2.80038966594e-05, 2.42270234594e-05, 3.48521825799e-05, 2.73580280918e-05, 1.40884167195e-05, 6.31508146398e-06, 8.11734116724e-06, 8.03602142696e-06, 4.16391458202e-06, 3.2314713394e-07]}, "erbbands_spread": {"dvar": 47.35729599, "mean": 15.4799938202, "min": 0.382616996765, "median": 10.5867853165, "dvar2": 93.5360946655, "var": 221.181808472, "dmean2": 4.73661899567, "max": 109.057380676, "dmean": 3.27615022659}, "barkbands_kurtosis": {"dvar": 157.460784912, "mean": 10.4917926788, "min": -1.88142740726, "median": 4.38793087006, "dvar2": 404.357269287, "var": 594.033447266, "dmean2": 6.21450710297, "max": 670.735473633, "dmean": 4.02454900742}, "spectral_flux": {"dvar": 0.000312125397613, "mean": 0.0331230983138, "min": 1.04265478196e-10, "median": 0.0197898410261, "dvar2": 0.000777501438279, "var": 0.0013650743058, "dmean2": 0.0187137052417, "max": 0.283989608288, "dmean": 0.0114893941209}, "silence_rate_20dB": {"dvar": 0, "mean": 1, "min": 1, "median": 1, "dvar2": 0, "var": 0, "dmean2": 0, "max": 1, "dmean": 0}, "gfcc": {"cov": [[25424.296875, -3961.39355469, -2432.53271484, 1755.52050781, 684.906555176, 793.705871582, -1913.53015137, 1169.78857422, -1258.76293945, 1136.17944336, -66.8020629883, 294.817810059, -62.5864944458], [-3961.39355469, 4055.83618164, 1177.27148438, -1351.28442383, 493.399627686, -479.733428955, 504.505004883, -866.822509766, 453.871948242, -628.640258789, 212.984817505, -209.719314575, 67.0609741211], [-2432.53271484, 1177.27148438, 2188.27392578, 137.150253296, -51.2753791809, -226.133605957, 197.611663818, -286.470062256, 27.7171268463, -170.267700195, -95.7430038452, -18.7392139435, -89.1977844238], [1755.52050781, -1351.28442383, 137.150253296, 1480.20397949, 87.0776367188, 52.1954231262, -271.623016357, 303.363647461, -126.543014526, 291.067565918, -98.1528167725, 1.41298007965, -85.4920730591], [684.906555176, 493.399627686, -51.2753791809, 87.0776367188, 670.784667969, 62.3961791992, -124.952590942, -49.6342430115, 8.51484775543, -21.662771225, 27.8889465332, -52.8327598572, -29.214384079], [793.705871582, -479.733428955, -226.133605957, 52.1954231262, 62.3961791992, 426.990722656, 103.29573822, 158.072799683, -53.082824707, 128.758911133, -37.3216781616, 29.2250976562, -27.5801200867], [-1913.53015137, 504.505004883, 197.611663818, -271.623016357, -124.952590942, 103.29573822, 536.27722168, -63.3518257141, 151.884796143, -69.885345459, 3.74788689613, -17.834192276, -24.0518951416], [1169.78857422, -866.822509766, -286.470062256, 303.363647461, -49.6342430115, 158.072799683, -63.3518257141, 467.833740234, -45.4468002319, 152.582565308, -67.8345184326, 11.1374177933, -25.5334434509], [-1258.76293945, 453.871948242, 27.7171268463, -126.543014526, 8.51484775543, -53.082824707, 151.884796143, -45.4468002319, 292.697479248, -19.5243167877, 16.9963912964, -34.9710197449, 32.620967865], [1136.17944336, -628.640258789, -170.267700195, 291.067565918, -21.662771225, 128.758911133, -69.885345459, 152.582565308, -19.5243167877, 270.792510986, -2.8128092289, 36.1831321716, -14.8785066605], [-66.8020629883, 212.984817505, -95.7430038452, -98.1528167725, 27.8889465332, -37.3216781616, 3.74788689613, -67.8345184326, 16.9963912964, -2.8128092289, 159.44619751, 39.3112297058, 17.8512706757], [294.817810059, -209.719314575, -18.7392139435, 1.41298007965, -52.8327598572, 29.2250976562, -17.834192276, 11.1374177933, -34.9710197449, 36.1831321716, 39.3112297058, 154.462875366, 40.1349601746], [-62.5864944458, 67.0609741211, -89.1977844238, -85.4920730591, -29.214384079, -27.5801200867, -24.0518951416, -25.5334434509, 32.620967865, -14.8785066605, 17.8512706757, 40.1349601746, 143.325836182]], "mean": [-197.905029297, 161.744918823, -89.9098129272, -28.4343299866, -68.6636199951, -15.437748909, -47.5759620667, -9.52537631989, -30.9809780121, -15.4096107483, -14.6947517395, -8.54210567474, -8.47238063812], "icov": [[0.000106861734821, -0.000248675147304, 0.000161767107784, -0.000121479977679, 0.000120188677101, -0.000173649474164, 0.000345035456121, -0.000203970877919, 0.000443280121544, -0.000418671988882, 0.000246161187533, -0.000284786656266, 0.000108612694021], [-0.000248675147304, 0.00270081334747, -0.00129258527886, 0.00144209095743, -0.00200185272843, 0.00135818158742, -0.00176831928547, 0.00156491657253, -0.0023198153358, 0.00220436742529, -0.00244965963066, 0.00259232125245, -0.00114515249152], [0.000161767107784, -0.00129258527886, 0.00128118763678, -0.000874678895343, 0.000905544904526, -0.000331414397806, 0.000596684985794, -0.000377506308723, 0.00128268171102, -0.000959497876465, 0.00175162695814, -0.00160800560843, 0.00094529055059], [-0.000121479977679, 0.00144209095743, -0.000874678895343, 0.00190023309551, -0.00129391602241, 0.00104531890247, -0.000647714885417, 0.000347401044564, -0.000980666955002, 1.61659390869e-05, -0.00090744177578, 0.00141058140434, -0.000305170106003], [0.000120188677101, -0.00200185272843, 0.000905544904526, -0.00129391602241, 0.00347970519215, -0.00199565431103, 0.00208580121398, -0.000711839355063, 0.000929014757276, -0.000719943956938, 0.0010856629815, -0.00118522066623, 0.00123984285165], [-0.000173649474164, 0.00135818158742, -0.000331414397806, 0.00104531890247, -0.00199565431103, 0.00507271150127, -0.00283820275217, 2.31735721172e-05, 0.000133020381327, -0.000847032817546, 7.37097507226e-05, 0.000483146373881, -0.000459519564174], [0.000345035456121, -0.00176831928547, 0.000596684985794, -0.000647714885417, 0.00208580121398, -0.00283820275217, 0.00502882152796, -0.000926321314182, 5.55136721232e-05, -0.000818924454506, 0.00110736815259, -0.0016119928332, 0.00173674384132], [-0.000203970877919, 0.00156491657253, -0.000377506308723, 0.000347401044564, -0.000711839355063, 2.31735721172e-05, -0.000926321314182, 0.00437425589189, -0.00167159829289, 0.000785370182712, -0.000294205528917, 0.00137266726233, -0.000251565506915], [0.000443280121544, -0.0023198153358, 0.00128268171102, -0.000980666955002, 0.000929014757276, 0.000133020381327, 5.55136721232e-05, -0.00167159829289, 0.00764475436881, -0.00372275477275, 0.00208759866655, -0.00117408484221, -0.000638854515273], [-0.000418671988882, 0.00220436742529, -0.000959497876465, 1.61659390869e-05, -0.000719943956938, -0.000847032817546, -0.000818924454506, 0.000785370182712, -0.00372275477275, 0.00914265308529, -0.00314197037369, 0.00132973061409, -0.000293613295071], [0.000246161187533, -0.00244965963066, 0.00175162695814, -0.00090744177578, 0.0