{"tonal": {"hpcp": {"dvar": [0.0686737671494, 0.0717295110226, 0.0567081794143, 0.0494572296739, 0.0402243621647, 0.0402586013079, 0.0486693605781, 0.0555743463337, 0.0514230243862, 0.0656534656882, 0.0562716908753, 0.0416503809392, 0.0438157692552, 0.0520844012499, 0.0389372110367, 0.0352446176112, 0.0312814489007, 0.0262285601348, 0.0221928879619, 0.0248359069228, 0.031073436141, 0.0372825674713, 0.043576490134, 0.0410658270121, 0.0579090826213, 0.0319908298552, 0.0265487991273, 0.0343919694424, 0.0452586971223, 0.0354591570795, 0.0356577150524, 0.0443239919841, 0.0453915409744, 0.0496922545135, 0.0628107115626, 0.0690910220146], "var": [0.0957534909248, 0.108697615564, 0.0644849389791, 0.0389221422374, 0.0287851337343, 0.0295800212771, 0.0441875867546, 0.0592716261744, 0.0508180335164, 0.0601601488888, 0.048395767808, 0.0358219929039, 0.0605038665235, 0.100300110877, 0.0532788746059, 0.0469961091876, 0.0478602200747, 0.0286746881902, 0.0222205147147, 0.0228981990367, 0.0302154105157, 0.0444888398051, 0.0750601515174, 0.059709995985, 0.062864407897, 0.0346512384713, 0.0245749372989, 0.044000543654, 0.077617444098, 0.0494981519878, 0.0343048721552, 0.0386097244918, 0.0396574176848, 0.0546171292663, 0.0877082198858, 0.0857957750559], "median": [0.190381392837, 0.18144479394, 0.103066243231, 0.0363048538566, 0.0236446298659, 0.0253807120025, 0.0428290478885, 0.0575805306435, 0.0539426505566, 0.0366477556527, 0.029546957463, 0.0424525626004, 0.126720264554, 0.184530630708, 0.131463006139, 0.0514331124723, 0.046711564064, 0.0369570069015, 0.0243149474263, 0.0250572804362, 0.0328988991678, 0.0777337923646, 0.117071852088, 0.115282207727, 0.0550570748746, 0.0299093816429, 0.0276565011591, 0.0582452304661, 0.0746388286352, 0.0597587116063, 0.0358263924718, 0.0295576732606, 0.0340883284807, 0.0771986991167, 0.123088814318, 0.153031826019], "max": [1, 1, 1, 1, 1, 1, 1, 1, 1, 1, 1, 1, 1, 1, 1, 1, 1, 1, 1, 1, 1, 1, 1, 1, 1, 1, 1, 1, 1, 1, 1, 1, 1, 1, 1, 1], "dmean": [0.255761355162, 0.250505983829, 0.198522850871, 0.143239885569, 0.11610583961, 0.114242710173, 0.142097443342, 0.165272280574, 0.161800086498, 0.17108400166, 0.154869243503, 0.14033088088, 0.178454384208, 0.208287790418, 0.173523783684, 0.126364722848, 0.117507696152, 0.101554520428, 0.0819748044014, 0.0858552828431, 0.105750113726, 0.144406244159, 0.173781022429, 0.175678044558, 0.16539336741, 0.117446266115, 0.0970309749246, 0.131396129727, 0.156423717737, 0.136438190937, 0.121314391494, 0.131019487977, 0.141172155738, 0.175045758486, 0.224623456597, 0.246705666184], "dmean2": [0.443125218153, 0.442488729954, 0.352768182755, 0.262287259102, 0.213951289654, 0.210104122758, 0.258555203676, 0.294804006815, 0.289097547531, 0.307498961687, 0.279095709324, 0.252371698618, 0.304961174726, 0.352934628725, 0.298759013414, 0.220992743969, 0.201513156295, 0.178416654468, 0.146731719375, 0.154490783811, 0.187986761332, 0.250284820795, 0.298521161079, 0.303915321827, 0.294494211674, 0.208167463541, 0.172988027334, 0.226369872689, 0.265267461538, 0.232723936439, 0.216397359967, 0.237567424774, 0.254719048738, 0.306718468666, 0.392684787512, 0.430215895176], "mean": [0.312128156424, 0.323783993721, 0.214433431625, 0.116255760193, 0.0877148658037, 0.0908822715282, 0.1303409338, 0.162456914783, 0.155681803823, 0.145426809788, 0.12694953382, 0.120513513684, 0.224760740995, 0.312697172165, 0.219293192029, 0.140479072928, 0.136373758316, 0.10220181942, 0.0772612690926, 0.0780186802149, 0.0981542542577, 0.160727441311, 0.231352359056, 0.216001197696, 0.161140277982, 0.111258946359, 0.0871650204062, 0.148902580142, 0.204728707671, 0.158770471811, 0.109648898244, 0.109970577061, 0.119619429111, 0.178366169333, 0.255283385515, 0.275315076113], "dvar2": [0.169249802828, 0.187616825104, 0.15704216063, 0.137670591474, 0.112725168467, 0.113177403808, 0.136521846056, 0.155699536204, 0.143646836281, 0.172526374459, 0.151576414704, 0.113847590983, 0.11507640779, 0.125359341502, 0.10509634763, 0.090976767242, 0.0793276429176, 0.0714208334684, 0.0611555539072, 0.0685795471072, 0.086415193975, 0.103493750095, 0.113195560873, 0.10642375052, 0.146222665906, 0.0834302008152, 0.073276437819, 0.0905198603868, 0.111005671322, 0.0918332189322, 0.0963853299618, 0.121742159128, 0.123376913369, 0.131012395024, 0.161851033568, 0.175295591354], "min": [0, 0, 0, 0, 0, 0, 0, 0, 0, 0, 0, 0, 0, 0, 0, 0, 0, 0, 0, 0, 0, 0, 0, 0, 0, 0, 0, 0, 0, 0, 0, 0, 0, 0, 0, 0]}, "key_key": "A", "thpcp": [1, 0.662273108959, 0.359053462744, 0.27090549469, 0.280687958002, 0.402555197477, 0.501744747162, 0.480819940567, 0.449147611856, 0.392080932856, 0.372203439474, 0.694168806076, 0.965758562088, 0.677282392979, 0.433866649866, 0.421187460423, 0.315648138523, 0.238619789481, 0.24095903337, 0.303147345781, 0.496403306723, 0.714526832104, 0.667115092278, 0.497678339481, 0.343620896339, 0.269207328558, 0.459882467985, 0.632300257683, 0.490359246731, 0.338648289442, 0.339641809464, 0.369442075491, 0.550880134106, 0.788437306881, 0.850304782391, 0.964001178741], "chords_key": "A", "tuning_equal_tempered_deviation": 0.281669974327, "tuning_frequency": 434.193115234, "tuning_diatonic_strength": 0.668189406395, "chords_histogram": [35.8616638184, 20.8488903046, 0.746708571911, 0, 0.510905861855, 0, 0, 0, 2.51522898674, 1.33621537685, 0.157201811671, 0.432304978371, 0, 0.137551575899, 0.117901355028, 3.24228739738, 0.176852032542, 0.334053844213, 0.314403623343, 0.334053844213, 0, 0.471605420113, 1.61131858826, 30.8508548737], "key_strength": 0.777886509895, "key_scale": "major", "chords_strength": {"dvar": 0.000490150181577, "var": 0.0165623184294, "median": 0.579211831093, "max": 0.825085103512, "dmean": 0.0124348346144, "dmean2": 0.0144290030003, "mean": 0.558292210102, "dvar2": 0.00102468649857, "min": -1}, "chords_number_rate": 0.00137551582884, "tuning_nontempered_energy_ratio": 0.945773720741, "hpcp_entropy": {"dvar": 0.295659840107, "var": 0.60993206501, "median": 2.17125654221, "max": 4.60165596008, "dmean": 0.688434958458, "dmean2": 1.16942548752, "mean": 2.17348337173, "dvar2": 0.829573452473, "min": 0}, "chords_changes_rate": 0.0711338147521, "chords_scale": "major"}, "rhythm": {"bpm_histogram_first_peak_spread": {"dvar": 0, "var": 0, "median": 0.310416638851, "max": 0.310416638851, "dmean": 0, "dmean2": 0, "mean": 0.310416638851, "dvar2": 0, "min": 0.310416638851}, "bpm_histogram_first_peak_weight": {"dvar": 0, "var": 0, "median": 0.629277586937, "max": 0.629277586937, "dmean": 0, "dmean2": 0, "mean": 0.629277586937, "dvar2": 0, "min": 0.629277586937}, "bpm_histogram_first_peak_bpm": {"dvar": 0, "var": 0, "median": 136, "max": 136, "dmean": 0, "dmean2": 0, "mean": 136, "dvar2": 0, "min": 136}, "bpm": 134.991424561, "bpm_histogram_second_peak_weight": {"dvar": 0, "var": 0, "median": 0.036121673882, "max": 0.036121673882, "dmean": 0, "dmean2": 0, "mean": 0.036121673882, "dvar2": 0, "min": 0.036121673882}, "beats_loudness": {"dvar": 0.000432891654782, "var": 0.000978608732112, "median": 0.0370487980545, "max": 0.147265449166, "dmean": 0.0191339794546, "dmean2": 0.0322455093265, "mean": 0.0389097593725, "dvar2": 0.00124037952628, "min": 3.99724087163e-10}, "beats_loudness_band_ratio": {"dvar": [0.0290182735771, 0.0219603385776, 0.0146464891732, 0.0122432522476, 0.00295626628213, 0.00550089078024], "var": [0.07584708184, 0.0238776598126, 0.0243553537875, 0.0247018504888, 0.00455489289016, 0.0101578272879], "median": [0.471566557884, 0.110653668642, 0.13792142272, 0.094108812511, 0.031836066395, 0.0225323308259], "max": [0.962493121624, 0.745235025883, 0.748106598854, 0.837252378464, 0.67461502552, 0.954472541809], "dmean": [0.178696021438, 0.136028140783, 0.125663995743, 0.098709627986, 0.034966070205, 0.041800905019], "dmean2": [0.312702029943, 0.24764546752, 0.222550526261, 0.169755190611, 0.0585279799998, 0.0744430944324], "mean": [0.435212701559, 0.157958433032, 0.185533076525, 0.149627760053, 0.051848705858, 0.0504061132669], "dvar2": [0.0812737718225, 0.0638976767659, 0.0401179492474, 0.0326851643622, 0.00760318478569, 0.014354753308], "min": [0.000932321941946, 0.00029720904422, 0.00106498517562, 0.000622258870862, 0.00106774468441, 0.00112690124661]}, "bpm_histogram_second_peak_bpm": {"dvar": 0, "var": 0, "median": 129, "max": 129, "dmean": 0, "dmean2": 0, "mean": 129, "dvar2": 0, "min": 129}, "onset_rate": 4.25775671005, "beats_count": 527, "beats_position": [0.417959183455, 0.859138309956, 1.30031740665, 1.74149656296, 2.19428563118, 2.63546490669, 3.07664394379, 3.52943301201, 3.97061228752, 4.41179132462, 4.85297060013, 5.2941493988, 5.73532867432, 6.17650794983, 6.62929677963, 7.08208608627, 7.52326536179, 7.96444416046, 8.40562343597, 8.84680271149, 9.29959201813, 9.74077033997, 10.1819496155, 10.6347389221, 11.0759181976, 11.5170974731, 11.9582767487, 12.3994560242, 12.8522443771, 13.3050336838, 13.7462129593, 14.1873922348, 14.6285715103, 15.0697498322, 15.5109291077, 15.9521083832, 16.4048976898, 16.8576869965, 17.298866272, 17.7400455475, 18.181224823, 18.6224040985, 19.0751914978, 19.5279808044, 19.96916008, 20.4103393555, 20.851518631, 21.2926979065, 21.733877182, 22.1866664886, 22.6394557953, 23.0806350708, 23.5218143463, 23.9629936218, 24.40417099, 24.8453502655, 25.2981395721, 25.7509288788, 26.1921081543, 26.6332874298, 27.0744667053, 27.5156459808, 27.9568252563, 28.3980045319, 28.8507938385, 29.3035831451, 29.7447605133, 30.1859397888, 30.6271190643, 31.079908371, 31.5326976776, 31.9738769531, 32.4150543213, 32.8562355042, 33.2974128723, 33.7385940552, 34.1797714233, 34.63256073, 35.0853500366, 35.5265312195, 35.9677085876, 36.4088897705, 36.8500671387, 37.2912483215, 37.7324256897, 38.1852149963, 38.638004303, 39.0791816711, 39.520362854, 39.9615402222, 40.402721405, 40.8438987732, 41.2966880798, 41.7494773865, 42.1906585693, 42.6318359375, 43.0730133057, 43.5141944885, 43.9553718567, 44.3965530396, 44.8493423462, 45.3021316528, 45.743309021, 46.1844902039, 46.625667572, 47.0784568787, 47.5312461853, 47.9724235535, 48.4136047363, 48.8547821045, 49.2959632874, 49.7371406555, 50.1899299622, 50.631111145, 51.0839004517, 51.5250778198, 51.9662590027, 52.4074363708, 52.8486175537, 53.2897949219, 53.7425842285, 54.1953735352, 54.6365509033, 55.0777320862, 55.5189094543, 55.9600906372, 56.4012680054, 56.8424491882, 57.2952384949, 57.7480278015, 58.1892051697, 58.6303825378, 59.0715637207, 59.5127410889, 59.9655303955, 60.4067115784, 60.859500885, 61.3006782532, 61.741859436, 62.1830368042, 62.6242179871, 63.0770072937, 63.5297966003, 63.9709739685, 64.4121551514, 64.8533325195, 65.2945098877, 65.7356872559, 66.1884765625, 66.6412658691, 67.0824508667, 67.5236282349, 67.964805603, 68.4059829712, 68.8587722778, 69.3115615845, 69.7527389526, 70.1939239502, 70.6351013184, 71.0762786865, 71.5174560547, 71.9586410522, 72.4114303589, 72.8526077271, 73.2937850952, 73.7349624634, 74.18775177, 74.6289291382, 75.0701141357, 75.5112915039, 75.9640808105, 76.4168701172, 76.8580474854, 77.2992248535, 77.7404098511, 78.1815872192, 78.6227645874, 79.075553894, 79.5283432007, 79.9695205688, 80.410697937, 80.8518829346, 81.2930603027, 81.7458496094, 82.198638916, 82.6398162842, 83.0809936523, 83.5221786499, 83.9633560181, 84.4045333862, 84.8457107544, 85.298500061, 85.7396774292, 86.1808624268, 86.6336517334, 87.0748291016, 87.5160064697, 87.9571838379, 88.3983688354, 88.8511581421, 89.3039474487, 89.7451248169, 90.1863021851, 90.6274795532, 91.0686569214, 91.5098419189, 91.9510192871, 92.4038085938, 92.8565979004, 93.3209991455, 93.7853927612, 94.2614059448, 94.737411499, 95.2018127441, 95.6546020508, 96.1073913574, 96.5717926025, 97.0361862183, 97.5005874634, 97.95337677, 98.3945541382, 98.8473434448, 99.3117446899, 99.7761459351, 100.263763428, 100.728164673, 101.192558289, 101.633743286, 102.074920654, 102.516098022, 102.957275391, 103.398452759, 103.839637756, 104.292427063, 104.74521637, 105.186393738, 105.627571106, 106.068748474, 106.509933472, 106.95111084, 107.392288208, 107.845077515, 108.297866821, 108.739044189, 109.180221558, 109.621406555, 110.074195862, 110.526985168, 110.968162537, 111.409339905, 111.850517273, 112.291702271, 112.732879639, 113.174057007, 113.615234375, 114.056411743, 114.497596741, 114.950386047, 115.403175354, 115.855964661, 116.308753967, 116.749931335, 117.191108704, 117.632286072, 118.07346344, 118.514648438, 118.967437744, 119.408615112, 119.838180542, 120.290969849, 120.743759155, 121.184944153, 121.626121521, 122.067298889, 122.508476257, 122.949661255, 123.402442932, 123.855232239, 124.296417236, 124.749206543, 125.20199585, 125.666389465, 126.13079071, 126.595191956, 127.059593201, 127.512374878, 127.965164185, 128.406341553, 128.847518921, 129.288711548, 129.729888916, 130.171066284, 130.612243652, 131.053421021, 131.506210327, 131.947387695, 132.388565063, 132.84135437, 133.282531738, 133.723709106, 134.164901733, 134.61769104, 135.070480347, 135.511657715, 135.952835083, 136.394012451, 136.846801758, 137.299591064, 137.740768433, 138.181945801, 138.623123169, 139.064300537, 139.505477905, 139.946670532, 140.399459839, 140.840637207, 141.281814575, 141.734603882, 142.17578125, 142.616958618, 143.058135986, 143.510925293, 143.9637146, 144.404891968, 144.846069336, 145.287246704, 145.728439331, 146.181228638, 146.634017944, 147.075195312, 147.516372681, 147.957550049, 148.387115479, 148.839904785, 149.281082153, 149.722259521, 150.175048828, 150.627838135, 151.069015503, 151.51020813, 151.951385498, 152.392562866, 152.845352173, 153.298141479, 153.739318848, 154.180496216, 154.621673584, 155.062850952, 155.50402832, 155.945205688, 156.409606934, 156.850784302, 157.291976929, 157.733154297, 158.174331665, 158.615509033, 159.056686401, 159.509475708, 159.962265015, 160.403442383, 160.844619751, 161.285797119, 161.726974487, 162.168167114, 162.620956421, 163.073745728, 163.514923096, 163.956100464, 164.397277832, 164.8384552, 165.279632568, 165.732421875, 166.173599243, 166.62638855, 167.067565918, 167.508743286, 167.949935913, 168.391113281, 168.843902588, 169.296691895, 169.737869263, 170.179046631, 170.620223999, 171.061401367, 171.502578735, 171.955368042, 172.408157349, 172.849334717, 173.290512085, 173.731704712, 174.17288208, 174.625671387, 175.078460693, 175.519638062, 175.96081543, 176.401992798, 176.843170166, 177.284347534, 177.725524902, 178.178314209, 178.619491577, 179.072280884, 179.513473511, 179.954650879, 180.395828247, 180.837005615, 181.289794922, 181.742584229, 182.183761597, 182.624938965, 183.066116333, 183.507293701, 183.948471069, 184.389663696, 184.842453003, 185.29524231, 185.736419678, 186.177597046, 186.618774414, 187.059951782, 187.50112915, 187.953918457, 188.406707764, 188.847885132, 189.2890625, 189.730239868, 190.171432495, 190.624221802, 191.06539917, 191.506576538, 191.959365845, 192.400543213, 192.841720581, 193.282897949, 193.724075317, 194.165252686, 194.606430054, 195.070831299, 195.512008667, 195.953201294, 196.394378662, 196.847167969, 197.299957275, 197.741134644, 198.182312012, 198.62348938, 199.064666748, 199.505844116, 199.947021484, 200.399810791, 200.852600098, 201.293777466, 201.734954834, 202.176147461, 202.617324829, 203.058502197, 203.499679565, 203.964080811, 204.405258179, 204.846435547, 205.287612915, 205.728790283, 206.169967651, 206.611160278, 207.063934326, 207.516723633, 207.95791626, 208.399093628, 208.840270996, 209.281448364, 209.745849609, 210.187026978, 210.639816284, 211.092605591, 211.533782959, 211.974960327, 212.416137695, 212.868927002, 213.321716309, 213.774505615, 214.227294922, 214.680084229, 215.132873535, 215.574050903, 216.015228271, 216.45640564, 216.897598267, 217.350387573, 217.80317688, 218.255966187, 218.731964111, 219.207977295, 219.683990479, 220.136779785, 220.577957153, 221.019134521, 221.471923828, 221.924713135, 222.377502441, 222.830291748, 223.283081055, 223.735870361, 224.200271606, 224.68788147, 225.175506592, 225.663131714, 226.150741577, 226.638366699, 227.125976562, 227.613601685, 228.101226807, 228.58883667, 229.076461792, 229.564071655, 230.051696777, 230.481262207, 230.910827637, 231.340408325, 231.828018188, 232.315643311, 232.791656494, 233.279266357, 233.755279541, 234.242904663, 234.730514526, 235.20652771, 235.682540894], "danceability": 0.980724096298, "bpm_histogram_second_peak_spread": {"dvar": 0, "var": 0, "median": 0.321428537369, "max": 0.321428537369, "dmean": 0, "dmean2": 0, "mean": 0.321428537369, "dvar2": 0, "min": 0.321428537369}}, "lowlevel": {"spectral_flux": {"dvar": 0.0007460716879, "var": 0.00306200725026, "median": 0.080548375845, "max": 0.292076468468, "dmean": 0.0229133088142, "dmean2": 0.0363547876477, "mean": 0.0836662575603, "dvar2": 0.00168429664336, "min": 1.19134947454e-05}, "spectral_rolloff": {"dvar": 557577.125, "var": 3783891.75, "median": 1033.59375, "max": 21554.7363281, "dmean": 447.045074463, "dmean2": 763.859130859, "mean": 1443.9005127, "dvar2": 1417423.5, "min": 21.533203125}, "barkbands_flatness_db": {"dvar": 0.000499091576785, "var": 0.00179808249231, "median": 0.131182923913, "max": 0.347366839647, "dmean": 0.025221331045, "dmean2": 0.0374653451145, "mean": 0.134081065655, "dvar2": 0.00103462766856, "min": 0.0332116819918}, "spectral_centroid": {"dvar": 75460.1484375, "var": 411707.03125, "median": 1125.41003418, "max": 4964.76708984, "dmean": 256.68939209, "dmean2": 413.599456787, "mean": 1301.14294434, "dvar2": 182493.375, "min": 286.00894165}, "melbands_skewness": {"dvar": 0.558912277222, "var": 2.10710048676, "median": 1.69151198864, "max": 13.6520729065, "dmean": 0.728202521801, "dmean2": 1.12115776539, "mean": 1.92794644833, "dvar2": 1.27818489075, "min": -3.18974018097}, "melbands": {"dvar": [9.57300562732e-06, 3.43696456184e-06, 1.17297304314e-06, 9.59663452704e-07, 6.3078562107e-07, 3.11749687398e-07, 1.75116795731e-07, 2.01181791226e-07, 3.24355568182e-07, 8.98712499975e-08, 1.10023037792e-07, 7.07060010541e-08, 1.32074369219e-08, 1.51952868066e-08, 5.69412206275e-09, 4.48907488959e-09, 2.85523871213e-09, 1.90910909303e-09, 2.24345458877e-10, 3.39583527964e-10, 4.9223919385e-10, 6.32000896061e-10, 1.40882777666e-10, 8.4079798679e-11, 3.88829385356e-11, 6.17332435171e-11, 4.44067976835e-11, 7.87125295498e-11, 2.55667587795e-11, 2.1392771235e-11, 2.08612068592e-11, 9.67702046967e-12, 1.82987375252e-11, 2.96226480845e-11, 2.79017607629e-11, 2.00982494536e-11, 6.46772609428e-12, 1.38127573615e-12, 1.32444890558e-12, 7.3251647803e-13], "var": [2.36740361288e-05, 4.94029018228e-06, 1.53486985255e-06, 1.23294569221e-06, 9.35405068958e-07, 3.10598466058e-07, 2.1221630675e-07, 4.754418228e-07, 9.05235594928e-07, 1.94876136561e-07, 2.06586079798e-07, 1.65059603319e-07, 3.13016528253e-08, 2.72359432785e-08, 8.09361822007e-09, 9.94247795205e-09, 5.39019096024e-09, 4.22099821762e-09, 6.12049244619e-10, 5.70549274492e-10, 6.68736788167e-10, 6.88095580514e-10, 2.20160376041e-10, 1.29744714972e-10, 5.39423540558e-11, 9.36901389803e-11, 8.54306347886e-11, 1.30771116158e-10, 3.45378413369e-11, 2.7199763275e-11, 2.3166276189e-11, 1.44875838756e-11, 2.20948762758e-11, 3.34862103324e-11, 3.84502915618e-11, 2.45230138279e-11, 7.37825425756e-12, 2.67500344792e-12, 2.39438243538e-12, 1.21386440396e-12], "median": [0.000324847525917, 0.000352956179995, 0.000185591692571, 0.000206694938242, 0.000169156017364, 9.31904796744e-05, 0.000122973928228, 0.000139245341416, 0.000154006498633, 0.00013030320406, 8.47149785841e-05, 7.51812476665e-05, 3.59640835086e-05, 4.35202673543e-05, 2.42326095758e-05, 2.60273136519e-05, 1.88635785889e-05, 1.7117266907e-05, 7.16188969818e-06, 6.49105732009e-06, 1.02150788734e-05, 5.00306305184e-06, 4.16561306338e-06, 3.22418327414e-06, 2.80752146864e-06, 3.10907671519e-06, 2.69871361525e-06, 1.98713246391e-06, 1.27750809042e-06, 8.98728785614e-07, 6.48448576612e-07, 3.63952324278e-07, 3.56573082172e-07, 3.11980357992e-07, 3.20282140365e-07, 3.19447025277e-07, 2.1488517632e-07, 1.4346622379e-07, 6.45217070883e-08, 3.77869859847e-08], "max": [0.0528042316437, 0.019412688911, 0.0123600112274, 0.0145488632843, 0.00963442213833, 0.00930687598884, 0.00599375413731, 0.0124079436064, 0.0134770376608, 0.00676367944106, 0.00680696638301, 0.00504127144814, 0.00344589585438, 0.00242287176661, 0.00129028817173, 0.00145470257849, 0.00103044032585, 0.00112295639701, 0.000277311133686, 0.000346689834259, 0.00028829506482, 0.000492693274282, 0.000266395567451, 0.000205481032026, 0.000198258567252, 0.000192917636014, 0.000139120951644, 0.000185858269106, 7.69449397922e-05, 9.98472896754e-05, 0.000111187990115, 5.43870482943e-05, 6.89098815201e-05, 8.36001345306e-05, 0.000119630822155, 0.00011847467249, 5.15988067491e-05, 3.72782087652e-05, 3.45351509168e-05, 2.23639162868e-05], "dmean": [0.00148606067523, 0.000939306220971, 0.000545640359633, 0.00050576555077, 0.000405600672821, 0.000206816956052, 0.000214627609239, 0.000226102114539, 0.000264795322437, 0.000172840809682, 0.000146467675222, 0.000131309236167, 5.35630751983e-05, 6.872209633e-05, 3.80477758881e-05, 3.60109843314e-05, 2.83585832221e-05, 2.28108747251e-05, 9.30320402404e-06, 9.39436449698e-06, 1.29034042402e-05, 1.18423522508e-05, 6.7716596277e-06, 4.81923416373e-06, 2.94594087791e-06, 4.04115962738e-06, 3.74991850549e-06, 4.33892182627e-06, 2.61101467913e-06, 2.40027793552e-06, 2.36571668211e-06, 1.51725259911e-06, 2.00552426577e-06, 2.44140687755e-06, 2.32810111811e-06, 1.74929652985e-06, 9.19466458527e-07, 4.03213846312e-07, 2.97367989788e-07, 2.56913494923e-07], "dmean2": [0.0019605809357, 0.00149833492469, 0.000915272219572, 0.000836723134853, 0.000674953509588, 0.000350217247615, 0.000356321921572, 0.000363868952263, 0.000419580232119, 0.000277361337794, 0.000233299710089, 0.000207708464586, 8.71939846547e-05, 0.000112671150418, 6.25249158475e-05, 5.84755434829e-05, 4.57277419628e-05, 3.7203048123e-05, 1.49149273057e-05, 1.56500009325e-05, 2.1760155505e-05, 2.01311486308e-05, 1.11067492981e-05, 7.76608976594e-06, 4.79929803987e-06, 6.66169762553e-06, 6.22385277893e-06, 7.08049037712e-06, 4.29456622442e-06, 3.97475605496e-06, 3.91870162275e-06, 2.44778379965e-06, 3.39238067681e-06, 4.15115846408e-06, 3.89626529795e-06, 3.00871579384e-06, 1.54300175836e-06, 6.37047435248e-07, 4.54679195627e-07, 3.96306461425e-07], "mean": [0.00237613287754, 0.00131645728834, 0.000684295839164, 0.000663399347104, 0.000576451828238, 0.000251181889325, 0.000289065821562, 0.000389650929719, 0.000478580070194, 0.000289877556497, 0.000247611606028, 0.000223133640247, 8.86926281964e-05, 0.000101604782685, 5.4427444411e-05, 5.9299152781e-05, 4.40433432232e-05, 3.90552959288e-05, 1.65390702023e-05, 1.45283756865e-05, 1.82520416274e-05, 1.36367916639e-05, 1.00587549241e-05, 7.39768483982e-06, 5.15648707733e-06, 6.65885181661e-06, 6.27753161098e-06, 6.17825935478e-06, 3.67272104995e-06, 3.19920945913e-06, 2.74126614386e-06, 1.99247597266e-06, 2.17923138734e-06, 2.54572933045e-06, 2.52478093898e-06, 1.81913196684e-06, 1.06815684831e-06, 5.97662790369e-07, 4.15354577399e-07, 3.10208093879e-07], "dvar2": [1.73847529368e-05, 9.12079576665e-06, 2.99863222608e-06, 2.51891970038e-06, 1.67422615505e-06, 8.07129310942e-07, 4.60402816316e-07, 4.9793436574e-07, 7.76323020091e-07, 2.27180294132e-07, 2.72438171578e-07, 1.73205009446e-07, 3.34587113571e-08, 3.96580759343e-08, 1.47739083189e-08, 1.09884741306e-08, 6.75935618588e-09, 4.72637839977e-09, 5.61841684288e-10, 8.97226959395e-10, 1.27501043057e-09, 1.66745173225e-09, 3.55859758328e-10, 1.98184899047e-10, 1.01915510753e-10, 1.64480679077e-10, 1.13582303285e-10, 1.86575838113e-10, 6.57735949039e-11, 5.39076977502e-11, 5.31552406258e-11, 2.31878509449e-11, 4.60897431331e-11, 7.64992791336e-11, 6.82096878979e-11, 5.03264339924e-11, 1.66892645537e-11, 3.09942935033e-12, 2.81092900692e-12, 1.58569132217e-12], "min": [8.85000284319e-14, 2.14716266448e-15, 1.76818847717e-15, 1.96011746093e-15, 9.17186545287e-16, 1.4362917458e-15, 1.82495874288e-15, 1.01805535793e-15, 2.95158456053e-15, 1.66734846365e-15, 5.96541958406e-16, 5.59871519839e-16, 6.25994829229e-16, 4.77455849346e-16, 1.47338797724e-15, 1.17730517531e-15, 1.06284593079e-15, 1.31478942232e-15, 1.7998264283e-15, 8.55881371059e-16, 1.34795647968e-15, 1.29996020476e-15, 2.24083095592e-15, 1.0280519349e-15, 3.27985344979e-16, 1.01805832255e-15, 4.0133606887e-16, 3.74577398094e-16, 5.75731894139e-16, 5.47099321785e-16, 1.78148647093e-15, 1.02123691956e-15, 1.45807616266e-15, 7.5528445599e-16, 9.21154577007e-16, 9.35959018859e-16, 8.91847872307e-16, 8.1375625207e-16, 1.77891318484e-15, 2.9538167041e-15]}, "spectral_decrease": {"dvar": 1.09076097028e-17, "var": 4.71314708277e-17, "median": -5.28891064278e-09, "max": 8.35704344806e-17, "dmean": 2.38177566558e-09, "dmean2": 3.61103968949e-09, "mean": -7.04061386969e-09, "dvar2": 2.41716948434e-17, "min": -4.89658837921e-08}, "barkbands_kurtosis": {"dvar": 25.7416133881, "var": 35.4743461609, "median": 1.56874155998, "max": 305.194458008, "dmean": 2.42160201073, "dmean2": 3.86022424698, "mean": 2.96008324623, "dvar2": 63.3992958069, "min": -1.81061387062}, "silence_rate_30dB": {"dvar": 0.00780013250187, "var": 0.0072194095701, "median": 1, "max": 1, "dmean": 0.00786240771413, "dmean2": 0.0157263614237, "mean": 0.992727994919, "dvar2": 0.0178364347667, "min": 0}, "gfcc": {"mean": [-57.2199287415, 102.610420227, -134.032562256, 21.8715934753, -61.8257865906, 12.4401865005, -23.4738845825, 5.87609910965, -14.2999105453, -2.16030597687, -9.21899986267, -4.75359201431, -6.80347681046], "cov": [[26548.9492188, 2772.20288086, 1027.9921875, 958.164123535, -986.233032227, 885.814758301, -913.203735352, -28.3877048492, 143.77973938, 84.5805130005, -163.855575562, -49.0251579285, 150.501098633], [2772.20288086, 1342.35290527, 81.6506958008, -181.878372192, 136.339981079, 71.0184020996, 74.220451355, -25.6669521332, 141.281326294, -24.1927585602, 3.79396986961, -81.5931091309, 46.4970588684], [1027.9921875, 81.6506958008, 820.528259277, 284.634460449, 162.479019165, 201.525039673, -2.35016107559, 13.3049373627, 13.4371452332, 24.2130413055, -23.4537506104, 0.278213262558, -4.67004823685], [958.164123535, -181.878372192, 284.634460449, 542.050720215, 42.316696167, 117.889457703, -56.6423034668, 11.8741111755, -9.15045261383, 24.4619064331, 12.2538719177, 5.43032979965, 11.3345527649], [-986.233032227, 136.339981079, 162.479019165, 42.316696167, 450.73046875, 38.2931404114, 154.42805481, -13.5549154282, 58.412322998, -2.03444266319, -19.8045482635, -24.5538978577, 1.28406620026], [885.814758301, 71.0184020996, 201.525039673, 117.889457703, 38.2931404114, 245.774475098, 61.731590271, 51.5982170105, 26.7940139771, 22.9608592987, 14.2951555252, 9.96359062195, 15.5060920715], [-913.203735352, 74.220451355, -2.35016107559, -56.6423034668, 154.42805481, 61.731590271, 277.799804688, 66.6887283325, 48.4813346863, 3.43098282814, 17.2107105255, -12.2837963104, 7.02240800858], [-28.3877048492, -25.6669521332, 13.3049373627, 11.8741111755, -13.5549154282, 51.5982170105, 66.6887283325, 153.255462646, 42.035282135, 31.3737468719, 34.7911224365, -4.0697927475, 13.5217294693], [143.77973938, 141.281326294, 13.4371452332, -9.15045261383, 58.412322998, 26.7940139771, 48.4813346863, 42.035282135, 129.071075439, 37.025226593, 19.9791698456, -3.66797757149, 17.83568573], [84.5805130005, -24.1927585602, 24.2130413055, 24.4619064331, -2.03444266319, 22.9608592987, 3.43098282814, 31.3737468719, 37.025226593, 106.37272644, 52.1925201416, 15.5586595535, 0.215212494135], [-163.855575562, 3.79396986961, -23.4537506104, 12.2538719177, -19.8045482635, 14.2951555252, 17.2107105255, 34.7911224365, 19.9791698456, 52.1925201416, 106.663780212, 26.6880073547, 21.4907207489], [-49.0251579285, -81.5931091309, 0.278213262558, 5.43032979965, -24.5538978577, 9.96359062195, -12.2837963104, -4.0697927475, -3.66797757149, 15.5586595535, 26.6880073547, 92.3381652832, 27.0116729736], [150.501098633, 46.4970588684, -4.67004823685, 11.3345527649, 1.28406620026, 15.5060920715, 7.02240800858, 13.5217294693, 17.83568573, 0.215212494135, 21.4907207489, 27.0116729736, 77.3551559448]], "icov": [[0.00011218481086, -0.000308977760142, 1.07693504106e-05, -0.000222677495913, 0.000282144959783, -0.000322143314406, 0.000302334490698, -7.53562781028e-05, 4.86699318571e-05, -0.000230686840951, 0.000425385223934, -0.000124463724205, -3.89462184103e-05], [-0.000308977760142, 0.00197512446903, -0.000229132710956, 0.0011736016022, -0.000863642548211, 0.000402755569667, -0.000716501614079, 0.000930387759581, -0.00137191370595, 0.00121327489614, -0.00173491903115, 0.00163637124933, -0.000712323817424], [1.07693504106e-05, -0.000229132710956, 0.00196238351054, -0.000732050451916, -0.000672382127959, -0.00126349448692, 0.000544265843928, -0.000246360548772, 0.000368892564438, -0.000459427799797, 0.000741229683626, -0.000393875117879, 0.000448432751], [-0.000222677495913, 0.0011736016022, -0.000732050451916, 0.00321980356239, -0.000925664557144, -0.000416945753386, 0.000342026236467, 0.000274365826044, -0.000228185148444, 0.0005162487505, -0.00153071642853, 0.00113584659994, -0.000688430853188], [0.000282144959783, -0.000863642548211, -0.000672382127959, -0.000925664557144, 0.00421991525218, -0.000205977121368, -0.00152665271889, 0.00123662431724, -0.0010717168916, -0.000697701296303, 0.00164697109722, 0.000123495337903, -0.000292741664452], [-0.000322143314406, 0.000402755569667, -0.00126349448692, -0.000416945753386, -0.000205977121368, 0.00731832208112, -0.00249339570291, -0.00107542995829, -8.29704390526e-07, 4.74672342534e-05, -0.000805655843578, -0.000726384809241, -0.000202209004783], [0.000302334490698, -0.000716501614079, 0.000544265843928, 0.000342026236467, -0.00152665271889, -0.00249339570291, 0.00689976057038, -0.00248302589171, -0.000343135820003, 0.000480961811263, 0.000106742460048, -9.64119499258e-06, 0.000209508973057], [-7.53562781028e-05, 0.000930387759581, -0.000246360548772, 0.000274365826044, 0.00123662431724, -0.00107542995829, -0.00248302589171, 0.00975503865629, -0.00270972424187, -0.000619363156147, -0.00214150804095, 0.00231912359595, -0.00134079693817], [4.86699318571e-05, -0.00137191370595, 0.000368892564438, -0.000228185148444, -0.0010717168916, -8.29704390526e-07, -0.000343135820003, -0.00270972424187, 0.0118986945599, -0.00430470984429, 0.00126056722365, -0.000302618020214, -0.00166760978755], [-0.000230686840951, 0.00121327489614, -0.000459427799797, 0.0005162487505, -0.000697701296303, 4.74672342534e-05, 0.000480961811263, -0.000619363156147, -0.00430470984429, 0.0153669249266, -0.00772753776982, -0.000638443161733, 0.00300240097567], [0.000425385223934, -0.00173491903115, 0.000741229683626, -0.00153071642853, 0.00164697109722, -0.000805655843578, 0.000106742460048, -0.00214150804095, 0.00126056722365, -0.00772753776982, 0.0164579115808, -0.00339767057449, -0.00267197843641], [-0.000124463724205, 0.00163637124933, -0.000393875117879, 0.00113584659994, 0.000123495337903, -0.000726384809241, -9.64119499258e-06, 0.00231912359595, -0.000302618020214, -0.000638443161733, -0.00339767057449, 0.01501979772, -0.00542188761756], [-3.89462184103e-05, -0.000712323817424, 0.000448432751, -0.000688430853188, -0.000292741664452, -0.000202209004783, 0.000209508973057, -0.00134079693817, -0.00166760978755, 0.00300240097567, -0.00267197843641, -0.00542188761756, 0.0168317612261]]}, "silence_rate_20dB": {"dvar": 0, "var": 0, "median": 1, "max": 1, "dmean": 0, "dmean2": 0, "mean": 1, "dvar2": 0, "min": 1}, "barkbands_skewness": {"dvar": 0.304703742266, "var": 1.2542809248, "median": 1.12416005135, "max": 16.2797374725, "dmean": 0.543484687805, "dmean2": 0.846540212631, "mean": 1.18376231194, "dvar2": 0.705076098442, "min": -4.71073675156}, "erbbands_skewness": {"dvar": 0.123667553067, "var": 0.489674121141, "median": 0.487301319838, "max": 3.62167286873, "dmean": 0.400218814611, "dmean2": 0.638114631176, "mean": 0.477771639824, "dvar2": 0.315853238106, "min": -3.99447154999}, "spectral_contrast_valleys": {"dvar": [0.152942940593, 0.110412433743, 0.0952805951238, 0.0958864018321, 0.114670142531, 0.164649039507], "var": [4.06628417969, 3.00330448151, 2.56139969826, 2.39058709145, 2.0838329792, 2.7829079628], "median": [-7.32752275467, -6.41804218292, -6.84221553802, -7.61741924286, -7.58121824265, -10.4989414215], "max": [-5.1750202179, -4.38207149506, -4.86187887192, -5.87255430222, -5.69010782242, -7.66137695312], "dmean": [0.453348875046, 0.388688355684, 0.346509754658, 0.335298985243, 0.326584875584, 0.370507180691], "dmean2": [0.714869737625, 0.636496424675, 0.552435159683, 0.522199451923, 0.484292894602, 0.512162446976], "mean": [-7.92076635361, -6.94751358032, -7.31880617142, -8.014295578, -7.93029546738, -10.8689203262], "dvar2": [0.334152191877, 0.276534885168, 0.229547262192, 0.215404182673, 0.238567069173, 0.325742274523], "min": [-20.5260543823, -19.1693553925, -20.0256004333, -18.9420394897, -18.5446147919, -19.8247051239]}, "spectral_strongpeak": {"dvar": 0.449426501989, "var": 0.841616272926, "median": 0.422529399395, "max": 7.81754159927, "dmean": 0.455045580864, "dmean2": 0.764193594456, "mean": 0.763493716717, "dvar2": 1.11553668976, "min": 0}, "erbbands_crest": {"dvar": 7.08720588684, "var": 16.7667675018, "median": 8.01494026184, "max": 29.1656093597, "dmean": 2.87226915359, "dmean2": 4.72546482086, "mean": 8.97497367859, "dvar2": 17.9227695465, "min": 2.40845608711}, "barkbands_crest": {"dvar": 7.14202451706, "var": 19.0188102722, "median": 9.1203289032, "max": 25.635093689, "dmean": 3.11934065819, "dmean2": 4.9491353035, "mean": 10.1248130798, "dvar2": 17.0234184265, "min": 2.5336432457}, "spectral_energyband_middle_low": {"dvar": 5.87352660659e-05, "var": 0.000173659762368, "median": 0.00869898125529, "max": 0.0864613950253, "dmean": 0.00535908713937, "dmean2": 0.00854922272265, "mean": 0.0126382028684, "dvar2": 0.000147404120071, "min": 1.19087031902e-13}, "spectral_contrast_coeffs": {"dvar": [0.00244373246096, 0.00152059784159, 0.00102118891664, 0.000600194209255, 0.000312844756991, 0.00041427963879], "var": [0.0100531401113, 0.00523496232927, 0.00487992167473, 0.00272533996031, 0.00115573231596, 0.00145999982487], "median": [-0.675135731697, -0.761297464371, -0.766287744045, -0.79107105732, -0.8119815588, -0.754176616669], "max": [-0.284521400928, -0.449145555496, -0.490124106407, -0.576870799065, -0.626641511917, -0.57609307766], "dmean": [0.0595321245492, 0.0481598414481, 0.0396778844297, 0.0310048870742, 0.0214668195695, 0.0219902414829], "dmean2": [0.0954710990191, 0.0802073925734, 0.0644991323352, 0.0508878007531, 0.0357281528413, 0.0355764329433], "mean": [-0.668482005596, -0.757933437824, -0.764800488949, -0.788655817509, -0.809430420399, -0.756206452847], "dvar2": [0.00585952447727, 0.00411650491878, 0.00262313894928, 0.00159548793454, 0.000831446610391, 0.000975064875092], "min": [-0.968355774879, -0.961817979813, -0.968837022781, -0.962672591209, -0.941100776196, -0.932036101818]}, "hfc": {"dvar": 81.7601547241, "var": 274.079315186, "median": 13.3164768219, "max": 113.78503418, "dmean": 6.18997001648, "dmean2": 9.47991847992, "mean": 17.0257873535, "dvar2": 187.638366699, "min": 3.43752333265e-07}, "spectral_energyband_high": {"dvar": 6.85354336838e-07, "var": 1.11107124212e-06, "median": 0.000155371177243, "max": 0.0136876432225, "dmean": 0.000442062766524, "dmean2": 0.000705414277036, "mean": 0.000588235387113, "dvar2": 1.59956925927e-06, "min": 1.36835924536e-11}, "erbbands_spread": {"dvar": 77.7966766357, "var": 257.746765137, "median": 26.6207427979, "max": 111.390136719, "dmean": 8.53361034393, "dmean2": 13.3364753723, "mean": 29.9101676941, "dvar2": 185.731231689, "min": 2.6900229454}, "dissonance": {"dvar": 0.000423601886723, "var": 0.000806718016975, "median": 0.469022452831, "max": 0.500000059605, "dmean": 0.021570302546, "dmean2": 0.0364467017353, "mean": 0.46277782321, "dvar2": 0.00112069235183, "min": 0.287425756454}, "spectral_kurtosis": {"dvar": 5.37144470215, "var": 12.3067979813, "median": 4.24358272552, "max": 32.9549446106, "dmean": 2.11545419693, "dmean2": 3.46401906013, "mean": 5.03027105331, "dvar2": 13.6492700577, "min": -0.801456212997}, "spectral_skewness": {"dvar": 0.0773429423571, "var": 0.243474304676, "median": 1.53947710991, "max": 4.06784629822, "dmean": 0.29486989975, "dmean2": 0.469706356525, "mean": 1.56927001476, "dvar2": 0.182256639004, "min": 0.171139627695}, "pitch_salience": {"dvar": 0.00526522193104, "var": 0.0145113617182, "median": 0.582795739174, "max": 0.867228209972, "dmean": 0.0835215300322, "dmean2": 0.131582096219, "mean": 0.569468855858, "dvar2": 0.0123728187755, "min": 0.0693271234632}, "spectral_complexity": {"dvar": 22.6485519409, "var": 123.925338745, "median": 17, "max": 55, "dmean": 3.9577395916, "dmean2": 6.0150384903, "mean": 16.633058548, "dvar2": 46.7639770508, "min": 0}, "spectral_spread": {"dvar": 321896382464, "var": 2259250839550.0, "median": 3656547.25, "max": 21500344, "dmean": 523190.03125, "dmean2": 783602.75, "mean": 3902770, "dvar2": 674541142016, "min": 1104907}, "dynamic_complexity": 6.6290140152, "melbands_crest": {"dvar": 11.7563838959, "var": 35.0990333557, "median": 12.32604599, "max": 37.8254776001, "dmean": 3.98743438721, "dmean2": 6.30268907547, "mean": 13.6664133072, "dvar2": 27.0798912048, "min": 2.98970723152}, "zerocrossingrate": {"dvar": 8.85463668965e-05, "var": 0.00339454645291, "median": 0.0478515625, "max": 0.78515625, "dmean": 0.00922686047852, "dmean2": 0.0115836979821, "mean": 0.0579658858478, "dvar2": 0.00012538365263, "min": 0.00341796875}, "spectral_energyband_low": {"dvar": 0.000116156152217, "var": 0.000295217410894, "median": 0.00279772514477, "max": 0.172780707479, "dmean": 0.00612223800272, "dmean2": 0.00867735315114, "mean": 0.0103737134486, "dvar2": 0.000243262154981, "min": 3.93596559425e-13}, "melbands_kurtosis": {"dvar": 105.240219116, "var": 175.912307739, "median": 4.45137214661, "max": 450.00994873, "dmean": 5.13863039017, "dmean2": 8.08863449097, "mean": 8.06944179535, "dvar2": 249.754821777, "min": -1.86469662189}, "spectral_energyband_middle_high": {"dvar": 1.11742574518e-05, "var": 3.77909746021e-05, "median": 0.00357104511932, "max": 0.0496395006776, "dmean": 0.00203990167938, "dmean2": 0.00319369649515, "mean": 0.0052722254768, "dvar2": 2.71334447461e-05, "min": 1.54746482013e-13}, "barkbands_spread": {"dvar": 44.3132820129, "var": 106.567008972, "median": 16.5249519348, "max": 130.331268311, "dmean": 5.84324216843, "dmean2": 9.32260799408, "mean": 18.4296207428, "dvar2": 110.199279785, "min": 1.32384717464}, "mfcc": {"mean": [-685.948059082, 128.230682373, -10.9318666458, 11.6881599426, -10.5362100601, 4.53360652924, -0.185380205512, 6.73677015305, -0.449424654245, 7.92095518112, -1.71889436245, 3.512758255, -2.06571221352], "cov": [[18261.9804688, 1993.20117188, 1274.62280273, 535.999633789, 225.955184937, 475.580841064, -312.845062256, 133.241470337, -166.799331665, 312.182861328, -152.825927734, 13.9709272385, -73.3399124146], [1993.20117188, 1682.63098145, -116.966804504, -38.5770759583, 45.0503120422, 92.2328948975, 11.7976779938, 55.6465797424, 91.6872177124, 125.843513489, 26.2361831665, 24.2794284821, -13.6699390411], [1274.62280273, -116.966804504, 646.455993652, 106.862373352, 118.782714844, 128.801727295, 32.0897789001, 48.5801582336, -10.9497890472, 23.1045265198, -4.25402402878, 3.62612533569, 28.1706542969], [535.999633789, -38.5770759583, 106.862373352, 347.825805664, 152.326843262, 100.442306519, 16.2608890533, 2.72655129433, 17.8355789185, 11.9823007584, -8.53323364258, 16.3681087494, -7.56817483902], [225.955184937, 45.0503120422, 118.782714844, 152.326843262, 264.731964111, 127.098808289, 21.7702941895, 14.0780162811, 27.838727951, 24.4355869293, 3.53269934654, -1.88569355011, -2.85290527344], [475.580841064, 92.2328948975, 128.801727295, 100.442306519, 127.098808289, 236.432754517, 61.6434898376, 46.1888313293, 47.7188835144, 8.7494392395, 16.2510128021, 19.0688285828, -6.42531728745], [-