{"tonal": {"hpcp": {"dvar": [0.0375427976251, 0.0319315940142, 0.0227115806192, 0.0205327235162, 0.0255492124707, 0.0291314851493, 0.0329331569374, 0.0259027667344, 0.0273480471224, 0.0312338564545, 0.0261279288679, 0.0275638345629, 0.0345871374011, 0.0447273403406, 0.0547824017704, 0.0580072663724, 0.0493017397821, 0.0391127355397, 0.0287506412715, 0.0289490148425, 0.0433950461447, 0.0508768111467, 0.0497673600912, 0.0521446168423, 0.0486225299537, 0.0392245873809, 0.043861463666, 0.0415311902761, 0.0358115211129, 0.0338456109166, 0.033932492137, 0.0257071014494, 0.0234532319009, 0.0232573691756, 0.0265720635653, 0.0341077670455], "var": [0.0904089510441, 0.042366117239, 0.0190637223423, 0.0209560822695, 0.022673368454, 0.040045645088, 0.0638357996941, 0.0310294888914, 0.0338021963835, 0.0521726273, 0.0276470910758, 0.0281657278538, 0.0408399999142, 0.0422523580492, 0.0679792687297, 0.114825583994, 0.0724795386195, 0.0276670958847, 0.0185014810413, 0.0261725634336, 0.0724315047264, 0.106650970876, 0.0646578148007, 0.0740973055363, 0.0907863527536, 0.0433522574604, 0.059824205935, 0.091040506959, 0.0469837114215, 0.046121455729, 0.0623273923993, 0.0328133665025, 0.0183460116386, 0.018275115639, 0.0231461357325, 0.0607091076672], "median": [0.0695818737149, 0.0427124164999, 0.0147979427129, 0.0118541494012, 0.016633702442, 0.0282060801983, 0.0339667610824, 0.0267525538802, 0.0148843601346, 0.0112804798409, 0.0133223114535, 0.0180206466466, 0.021175827831, 0.0271864235401, 0.0526314005256, 0.0653560832143, 0.0325950011611, 0.0083677014336, 0.00469315983355, 0.011642890051, 0.0552645213902, 0.0834514945745, 0.057150516659, 0.0281790550798, 0.022008087486, 0.0250791981816, 0.0313870683312, 0.0376303456724, 0.0341773331165, 0.0322928875685, 0.0280969142914, 0.0194642785937, 0.0131077030674, 0.0127444695681, 0.0154391806573, 0.0480409152806], "max": [1, 1, 1, 1, 1, 1, 1, 1, 1, 1, 1, 1, 1, 1, 1, 1, 1, 1, 1, 1, 1, 1, 1, 1, 1, 1, 1, 1, 1, 1, 1, 1, 1, 1, 1, 1], "dmean": [0.122427068651, 0.105976313353, 0.0717983916402, 0.0671002045274, 0.0760466232896, 0.0924639999866, 0.0970692634583, 0.0869116038084, 0.0810959488153, 0.0809584185481, 0.0776727497578, 0.0815918669105, 0.100013963878, 0.121011443436, 0.159108802676, 0.156431674957, 0.140284746885, 0.0956104844809, 0.068500071764, 0.0871886238456, 0.140049815178, 0.154807075858, 0.151583731174, 0.144314274192, 0.127391785383, 0.113680146635, 0.126105874777, 0.113856680691, 0.112726777792, 0.106827132404, 0.0996486768126, 0.08103004843, 0.0688063725829, 0.0663691014051, 0.0805125534534, 0.112235970795], "dmean2": [0.206458061934, 0.182947590947, 0.128309085965, 0.118743233383, 0.134711965919, 0.159146100283, 0.165163353086, 0.150002658367, 0.142733201385, 0.143652811646, 0.138012900949, 0.145258367062, 0.176378250122, 0.215967938304, 0.279536485672, 0.269821554422, 0.2420476228, 0.176294445992, 0.1292783916, 0.155779778957, 0.240815758705, 0.265164792538, 0.264047414064, 0.255389362574, 0.228330075741, 0.200550675392, 0.218442991376, 0.198681756854, 0.19316123426, 0.186902374029, 0.171192392707, 0.140603467822, 0.123835302889, 0.120075754821, 0.144223079085, 0.189277395606], "mean": [0.210368618369, 0.129861503839, 0.06362285465, 0.0648207440972, 0.0710496976972, 0.111324690282, 0.141797319055, 0.0985534340143, 0.0872026458383, 0.103727899492, 0.0777767002583, 0.0804238319397, 0.105076916516, 0.112029984593, 0.179213002324, 0.245150431991, 0.168764665723, 0.0681081041694, 0.0460924394429, 0.0756357759237, 0.186230912805, 0.24968573451, 0.176821902394, 0.167066335678, 0.175874322653, 0.11853223294, 0.146836996078, 0.181658342481, 0.129936948419, 0.124629803002, 0.142003506422, 0.0926233008504, 0.0583877637982, 0.0569813400507, 0.0720150023699, 0.158258304], "dvar2": [0.089573726058, 0.0834873914719, 0.0629839450121, 0.0561476536095, 0.0718602463603, 0.0765080079436, 0.0775587782264, 0.068076454103, 0.0714790150523, 0.0812678560615, 0.072076626122, 0.0755189731717, 0.0917254388332, 0.121056511998, 0.151251494884, 0.145481660962, 0.129215568304, 0.111919127405, 0.0819406881928, 0.0791354477406, 0.110756069422, 0.119047515094, 0.12909168005, 0.138260662556, 0.126052230597, 0.104784749448, 0.115339584649, 0.103360079229, 0.0929715335369, 0.0890780463815, 0.0852430090308, 0.0691946595907, 0.0682887136936, 0.0658303648233, 0.074688769877, 0.0856569707394], "min": [0, 0, 0, 0, 0, 0, 0, 0, 0, 0, 0, 0, 0, 0, 0, 0, 0, 0, 0, 0, 0, 0, 0, 0, 0, 0, 0, 0, 0, 0, 0, 0, 0, 0, 0, 0]}, "key_key": "D", "thpcp": [1, 0.708177804947, 0.669106423855, 0.704382717609, 0.474725693464, 0.588087260723, 0.727547943592, 0.520401954651, 0.499146670103, 0.568728923798, 0.37095952034, 0.2338450104, 0.228212237358, 0.288422584534, 0.633829951286, 0.842533588409, 0.520099818707, 0.254811733961, 0.259609311819, 0.284556508064, 0.445859223604, 0.567903161049, 0.394709914923, 0.349249601364, 0.415433824062, 0.311498373747, 0.322100222111, 0.420836687088, 0.448683947325, 0.717754244804, 0.981835961342, 0.675908327103, 0.272775322199, 0.184601813555, 0.302923887968, 0.745861232281], "chords_key": "D", "tuning_equal_tempered_deviation": 0.0104169109836, "tuning_frequency": 439.745910645, "tuning_diatonic_strength": 0.548367142677, "chords_histogram": [24.1227149963, 4.39167881012, 9.49779319763, 4.07648658752, 0.714435815811, 0.483294814825, 1.47089719772, 0.0420256368816, 0.273166626692, 0.924564003944, 1.15570497513, 2.2483716011, 0.0630384534597, 0.65139734745, 0.0210128184408, 3.06787133217, 2.18533301353, 5.4843454361, 13.2590885162, 1.84912800789, 4.13952493668, 4.53876876831, 6.36688375473, 8.97247314453], "key_strength": 0.658786952496, "key_scale": "major", "chords_strength": {"dvar": 8.42636000016e-05, "var": 0.00913582369685, "median": 0.48089247942, "max": 0.789993464947, "dmean": 0.0111746834591, "dmean2": 0.0109045896679, "mean": 0.491399377584, "dvar2": 0.000100497389212, "min": 0.236915260553}, "chords_number_rate": 0.00336205074564, "tuning_nontempered_energy_ratio": 0.720165014267, "hpcp_entropy": {"dvar": 0.346638768911, "var": 0.751892030239, "median": 1.65646028519, "max": 4.25373268127, "dmean": 0.69221830368, "dmean2": 1.17120099068, "mean": 1.6022670269, "dvar2": 0.911484062672, "min": 0}, "chords_changes_rate": 0.0825803726912, "chords_scale": "major"}, "rhythm": {"bpm_histogram_first_peak_spread": {"dvar": 0, "var": 0, "median": 0.085635304451, "max": 0.085635304451, "dmean": 0, "dmean2": 0, "mean": 0.085635304451, "dvar2": 0, "min": 0.085635304451}, "bpm_histogram_first_peak_weight": {"dvar": 0, "var": 0, "median": 0.914364695549, "max": 0.914364695549, "dmean": 0, "dmean2": 0, "mean": 0.914364695549, "dvar2": 0, "min": 0.914364695549}, "bpm_histogram_first_peak_bpm": {"dvar": 0, "var": 0, "median": 99, "max": 99, "dmean": 0, "dmean2": 0, "mean": 99, "dvar2": 0, "min": 99}, "bpm": 98.8938598633, "bpm_histogram_second_peak_weight": {"dvar": 0, "var": 0, "median": 0, "max": 0, "dmean": 0, "dmean2": 0, "mean": 0, "dvar2": 0, "min": 0}, "beats_loudness": {"dvar": 0.000187371260836, "var": 0.000419196585426, "median": 0.0207910835743, "max": 0.0918396785855, "dmean": 0.0136234685779, "dmean2": 0.0230041276664, "mean": 0.0245106313378, "dvar2": 0.000445182580734, "min": 3.56252249922e-10}, "beats_loudness_band_ratio": {"dvar": [0.0424781963229, 0.0213558506221, 0.0296176597476, 0.0166464094073, 0.00213654153049, 0.00712283654138], "var": [0.0607805997133, 0.027239182964, 0.0456419959664, 0.020967271179, 0.00276500498876, 0.00463999249041], "median": [0.233977288008, 0.151475057006, 0.219064772129, 0.090373031795, 0.0429365485907, 0.0312686339021], "max": [0.945973873138, 0.872645914555, 0.837389945984, 0.748345434666, 0.270199358463, 0.870858728886], "dmean": [0.238066390157, 0.153201475739, 0.205860510468, 0.119403257966, 0.0499481931329, 0.0491720810533], "dmean2": [0.423399358988, 0.263865977526, 0.359536349773, 0.209042429924, 0.087901070714, 0.0921033620834], "mean": [0.291160434484, 0.205082893372, 0.276785641909, 0.141184464097, 0.0596408806741, 0.0508218668401], "dvar2": [0.11632180959, 0.0585315674543, 0.07930008322, 0.0417730771005, 0.0053359833546, 0.0218054205179], "min": [0.00123910035472, 0.00554627319798, 0.00243765255436, 0.00238140742294, 0.000704453152139, 0.00154865894001]}, "bpm_histogram_second_peak_bpm": {"dvar": 0, "var": 0, "median": 0, "max": 0, "dmean": 0, "dmean2": 0, "mean": 0, "dvar2": 0, "min": 0}, "onset_rate": 3.32672715187, "beats_count": 363, "beats_position": [0.557278871536, 1.13777780533, 1.71827661991, 2.32199549675, 2.92571425438, 3.52943301201, 4.13315200806, 4.73687076569, 5.34058952332, 5.94430828094, 6.5596370697, 7.17496585846, 7.77868461609, 8.38240337372, 8.98612213135, 9.58984088898, 10.1935596466, 10.7972784042, 11.4009971619, 12.0047159195, 12.6200447083, 13.235373497, 13.8390922546, 14.4428119659, 15.0465307236, 15.6502494812, 16.2539672852, 16.8576869965, 17.4614048004, 18.0651245117, 18.6688423157, 19.2841720581, 19.8994998932, 20.5148296356, 21.1301574707, 21.733877182, 22.3375968933, 22.9413146973, 23.5450344086, 24.1487522125, 24.764081955, 25.3677997589, 25.9831295013, 26.5868473053, 27.1905670166, 27.7942848206, 28.3980045319, 29.0017223358, 29.6054420471, 30.2091598511, 30.8128795624, 31.4165973663, 32.0203170776, 32.6240348816, 33.2277526855, 33.8314743042, 34.4351921082, 35.0389099121, 35.6542396545, 36.269569397, 36.8732872009, 37.4770050049, 38.0807266235, 38.6844444275, 39.2881622314, 39.8918800354, 40.4956016541, 41.1109275818, 41.7262573242, 42.3299751282, 42.9336967468, 43.5374145508, 44.1527442932, 44.7680702209, 45.3833999634, 45.9987297058, 46.590839386, 47.1945571899, 47.7866668701, 48.3903846741, 48.994102478, 49.5978240967, 50.2015419006, 50.8052597046, 51.4089775085, 52.024307251, 52.6280250549, 53.2433547974, 53.8470726013, 54.45079422, 55.0545120239, 55.6582298279, 56.2619476318, 56.8656692505, 57.4693870544, 58.0731048584, 58.6768226624, 59.280544281, 59.884262085, 60.4995918274, 61.1149177551, 61.7186393738, 62.3223571777, 62.9260749817, 63.5297966003, 64.1335144043, 64.7372360229, 65.3409500122, 65.9446716309, 66.5599975586, 67.1753311157, 67.779045105, 68.3827667236, 68.9864807129, 69.5902023315, 70.1939239502, 70.7976379395, 71.4013595581, 72.0050811768, 72.6204071045, 73.2241287231, 73.8162307739, 74.4199523926, 75.0468902588, 75.6622238159, 76.2775497437, 76.8928756714, 77.49659729, 78.1003189087, 78.6924285889, 79.2961425781, 79.8998641968, 80.503578186, 81.1072998047, 81.7110214233, 82.3263473511, 82.9416732788, 83.5453948975, 84.1491165161, 84.7528305054, 85.356552124, 85.9718780518, 86.5639877319, 87.1677093506, 87.7714233398, 88.3751449585, 88.9788665771, 89.5825805664, 90.2095184326, 90.8132400513, 91.428565979, 92.0438995361, 92.6476211548, 93.2629470825, 93.8550567627, 94.458770752, 95.0624923706, 95.6778182983, 96.2931518555, 96.8968658447, 97.5005874634, 98.104309082, 98.7080230713, 99.3117446899, 99.9154663086, 100.530792236, 101.146118164, 101.738227844, 102.341949463, 102.957275391, 103.549385071, 104.153106689, 104.768432617, 105.372154236, 105.975868225, 106.579589844, 107.183311462, 107.79863739, 108.402359009, 109.006072998, 109.609794617, 110.201904297, 110.805618286, 111.420951843, 112.013061523, 112.616775513, 113.220497131, 113.82421875, 114.439544678, 115.054870605, 115.658592224, 116.262313843, 116.866027832, 117.481361389, 118.096687317, 118.688796997, 119.280906677, 119.884620667, 120.488342285, 121.103668213, 121.71900177, 122.322715759, 122.949661255, 123.553375244, 124.145484924, 124.760810852, 125.364532471, 125.968254089, 126.571968079, 127.175689697, 127.779411316, 128.394729614, 128.986846924, 129.590560913, 130.194290161, 130.809616089, 131.413330078, 132.028656006, 132.632385254, 133.236099243, 133.839813232, 134.44354248, 135.058868408, 135.674194336, 136.277908325, 136.881637573, 137.485351562, 138.077453613, 138.692779541, 139.296508789, 139.900222778, 140.503936768, 141.119277954, 141.722991943, 142.326705933, 142.94203186, 143.545761108, 144.149475098, 144.753189087, 145.356918335, 145.960632324, 146.564346313, 147.168075562, 147.771789551, 148.37550354, 148.979232788, 149.594558716, 150.198272705, 150.813598633, 151.417327881, 152.02104187, 152.624755859, 153.228485107, 153.832199097, 154.435913086, 155.051239014, 155.6665802, 156.270294189, 156.874008179, 157.477722168, 158.081451416, 158.685165405, 159.288879395, 159.892608643, 160.496322632, 161.11164856, 161.715377808, 162.330703735, 162.934417725, 163.561355591, 164.16506958, 164.780410767, 165.395736694, 166.011062622, 166.614776611, 167.218505859, 167.833831787, 168.449157715, 169.064483643, 169.67980957, 170.295150757, 170.898864746, 171.514190674, 172.129516602, 172.756454468, 173.383392334, 174.0103302, 174.637283325, 175.264221191, 175.891159058, 176.518096924, 177.133422852, 177.748748779, 178.364074707, 178.967803955, 179.583129883, 180.186843872, 180.790557861, 181.405899048, 182.021224976, 182.624938965, 183.240264893, 183.843994141, 184.459320068, 185.063034058, 185.666748047, 186.270477295, 186.874191284, 187.477905273, 188.081634521, 188.685348511, 189.2890625, 189.892791748, 190.508117676, 191.123443604, 191.727157593, 192.330886841, 192.93460083, 193.538314819, 194.142044067, 194.745758057, 195.349472046, 195.953201294, 196.556915283, 197.160629272, 197.7759552, 198.391296387, 198.995010376, 199.598724365, 200.202438354, 200.806167603, 201.42149353, 202.036819458, 202.640533447, 203.244262695, 203.847976685, 204.451690674, 205.055419922, 205.659133911, 206.251235962, 206.85496521, 207.470291138, 208.074005127, 208.677734375, 209.281448364, 209.896774292, 210.51210022, 211.127426147, 211.742767334, 212.346481323, 212.938583374, 213.530700684, 214.134414673, 214.749740601, 215.365081787, 215.968795776, 216.572509766, 217.176239014, 217.779953003, 218.383666992, 218.987380981, 219.602722168, 220.218048096], "danceability": 1.01622974873, "bpm_histogram_second_peak_spread": {"dvar": 0, "var": 0, "median": 0, "max": 0, "dmean": 0, "dmean2": 0, "mean": 0, "dvar2": 0, "min": 0}}, "lowlevel": {"spectral_flux": {"dvar": 0.00060239888262, "var": 0.00193707610015, "median": 0.0510638803244, "max": 0.30685532093, "dmean": 0.0189205836505, "dmean2": 0.0296769998968, "mean": 0.0601647570729, "dvar2": 0.00135292625055, "min": 6.77535874627e-11}, "spectral_rolloff": {"dvar": 2184510, "var": 3575165.25, "median": 990.52734375, "max": 19702.8808594, "dmean": 568.287597656, "dmean2": 971.410339355, "mean": 1469.51879883, "dvar2": 5342286, "min": 86.1328125}, "barkbands_flatness_db": {"dvar": 0.000339658668963, "var": 0.00199275114574, "median": 0.117827102542, "max": 0.518371462822, "dmean": 0.0185152180493, "dmean2": 0.0275754481554, "mean": 0.122838765383, "dvar2": 0.000699334195815, "min": 0.0231068842113}, "spectral_centroid": {"dvar": 103225.445312, "var": 353391.03125, "median": 1040.25, "max": 11558.1337891, "dmean": 201.608505249, "dmean2": 300.11050415, "mean": 1136.48144531, "dvar2": 189235.875, "min": 108.059646606}, "melbands_skewness": {"dvar": 0.661488056183, "var": 2.62345194817, "median": 1.97970223427, "max": 15.5244102478, "dmean": 0.653166651726, "dmean2": 1.01248276234, "mean": 2.24058651924, "dvar2": 1.55192446709, "min": -2.23260760307}, "melbands": {"dvar": [8.23212019441e-07, 6.99603674548e-07, 1.06971377534e-07, 7.12228001021e-08, 1.8005400193e-07, 3.72415513539e-07, 1.2434601615e-07, 7.84212090821e-08, 2.56658722719e-07, 4.73246018373e-07, 1.98020217113e-07, 7.27892199848e-08, 5.59379245146e-08, 2.69327511404e-08, 4.00376531928e-09, 7.19437442953e-09, 1.21209913218e-08, 3.08296543849e-09, 1.78631243131e-09, 7.76773090294e-10, 5.18608267441e-10, 1.17408360811e-10, 1.48689796586e-10, 1.69425598551e-10, 4.13273616717e-11, 2.21121090188e-11, 1.12018476092e-11, 8.48847988427e-12, 4.25318504374e-12, 3.88479222749e-12, 4.96915486189e-12, 6.24375507893e-12, 3.31303452554e-12, 7.02690856891e-12, 9.11199067588e-12, 1.08593889089e-11, 4.62231815324e-12, 4.95130802677e-12, 2.37438410947e-12, 7.56223154843e-13], "var": [9.76800038188e-07, 1.15354032459e-06, 1.49781030245e-07, 2.05164511158e-07, 5.29386056769e-07, 1.06149343537e-06, 2.6327853675e-07, 3.0196440548e-07, 6.75957551266e-07, 1.77198648998e-06, 7.18740125194e-07, 4.13031102653e-07, 2.5998252795e-07, 1.1550715584e-07, 7.62761853679e-09, 1.40288234363e-08, 1.75500680655e-08, 6.66732713483e-09, 4.2677821277e-09, 1.5128468478e-09, 1.57274493429e-09, 3.62023661049e-10, 4.01882305212e-10, 4.25478929866e-10, 1.00634535427e-10, 4.96888051538e-11, 2.28617576259e-11, 1.91099601421e-11, 9.08492638757e-12, 5.21314545351e-12, 7.11536645576e-12, 8.5483503956e-12, 6.09309738081e-12, 1.13265464716e-11, 1.53360067701e-11, 2.01172481451e-11, 9.32762114075e-12, 1.03519475977e-11, 6.30532301718e-12, 2.08012253256e-12], "median": [0.00027620093897, 0.000280847656541, 9.35528514674e-05, 8.05869567557e-05, 0.000144296442159, 0.000142737961141, 4.32093911513e-05, 2.39133350988e-05, 3.63900471712e-05, 5.45205184608e-05, 3.5547913285e-05, 2.82071177935e-05, 1.62896340044e-05, 1.20468484965e-05, 7.56229837862e-06, 7.39190272725e-06, 7.07755589247e-06, 6.90030537953e-06, 4.12567442254e-06, 2.91938067676e-06, 2.30211526286e-06, 1.51501603796e-06, 2.06538334169e-06, 1.99453393179e-06, 1.90847094927e-06, 1.4890526927e-06, 9.2696336651e-07, 1.06612424133e-06, 7.08950892658e-07, 4.58418327298e-07, 4.99974248669e-07, 4.50346988146e-07, 5.64339416087e-07, 6.34777734376e-07, 6.03886462613e-07, 5.13829036208e-07, 4.51400694601e-07, 5.73029751649e-07, 5.75260969526e-07, 3.67573534277e-07], "max": [0.0153390057385, 0.0127296987921, 0.00580286374316, 0.00755984941497, 0.0104322480038, 0.0129717271775, 0.0112270703539, 0.0135359261185, 0.0141905127093, 0.0174291785806, 0.0111323678866, 0.0129699967802, 0.00959842652082, 0.0077261980623, 0.00170940917451, 0.00383476703428, 0.0064403261058, 0.00192365958355, 0.00153408478945, 0.00113295414485, 0.000712144537829, 0.000511243124492, 0.000443656288553, 0.000370580673916, 0.00021630655101, 0.000189394908375, 8.71482116054e-05, 6.91628083587e-05, 5.64385409234e-05, 6.82884274283e-05, 0.000100009594462, 0.000112535533844, 6.63131286274e-05, 9.04068583623e-05, 9.17983197724e-05, 0.000125279839267, 9.09368391149e-05, 9.197449981e-05, 5.02481780131e-05, 2.32403690461e-05], "dmean": [0.00034015320125, 0.000348086061422, 0.00015501564485, 0.000118682313769, 0.000201302100322, 0.000249400211032, 0.000113681984658, 7.48669190216e-05, 0.000165653895237, 0.000243819173193, 0.00013982859673, 7.94322259026e-05, 6.79560762364e-05, 4.36539048678e-05, 2.02274750336e-05, 2.48174856097e-05, 2.56240255112e-05, 1.68270471477e-05, 1.15304046631e-05, 7.59038039178e-06, 6.54039195069e-06, 3.14715566674e-06, 4.31384478361e-06, 4.66064784632e-06, 2.78070388049e-06, 1.88042440641e-06, 1.31985268581e-06, 1.33271578306e-06, 8.83891175363e-07, 5.99760539899e-07, 6.16927138708e-07, 6.17488240096e-07, 6.32935837075e-07, 8.37142408727e-07, 8.48364777539e-07, 7.95572759671e-07, 6.21947776835e-07, 7.17993088983e-07, 6.97834082075e-07, 4.43372982772e-07], "dmean2": [0.000575081969146, 0.000572404824197, 0.000260813714704, 0.000192089966731, 0.00031072323327, 0.000388657819713, 0.000177193927811, 0.000106591964141, 0.000233699756791, 0.000347185938153, 0.000198195557459, 0.000118642448797, 9.6560397651e-05, 6.53196766507e-05, 3.24449611071e-05, 3.83486985811e-05, 3.8756243157e-05, 2.5683970307e-05, 1.76256926352e-05, 1.14229160317e-05, 9.41387497733e-06, 4.74913622384e-06, 6.69501605444e-06, 7.06365608494e-06, 4.29708643424e-06, 2.89940930998e-06, 2.02679552785e-06, 2.05523906516e-06, 1.38769939895e-06, 9.0131328534e-07, 9.22840456496e-07, 9.27179996779e-07, 9.58418468144e-07, 1.26511133658e-06, 1.26045154047e-06, 1.17833133118e-06, 9.28548786305e-07, 1.08024858037e-06, 1.07561379536e-06, 6.87595502313e-07], "mean": [0.000567496928852, 0.000606322661042, 0.000232690072153, 0.000222843853408, 0.000423243298428, 0.000519332417753, 0.000203136078198, 0.000140409276355, 0.000304731278447, 0.000556593062356, 0.000294919969747, 0.000157306072651, 0.000143045079312, 9.19498270378e-05, 3.28544265358e-05, 4.39593568444e-05, 4.15548565798e-05, 2.97018323181e-05, 2.07411285373e-05, 1.24228054119e-05, 1.22137344079e-05, 6.1576479311e-06, 7.6454189184e-06, 8.46456805448e-06, 5.27302609044e-06, 3.73914963347e-06, 2.49734421232e-06, 2.53524353866e-06, 1.66371069099e-06, 1.05065703337e-06, 1.08078870653e-06, 1.08056576664e-06, 1.20945287563e-06, 1.46445120208e-06, 1.52459313085e-06, 1.43819829646e-06, 1.19115043162e-06, 1.38943141792e-06, 1.43452837165e-06, 8.87518524451e-07], "dvar2": [2.1872808702e-06, 1.76761989223e-06, 2.75627598967e-07, 1.87408673469e-07, 4.17407846953e-07, 8.69942425652e-07, 2.80213413362e-07, 1.35810140023e-07, 4.78573099372e-07, 9.68630047282e-07, 4.01104728098e-07, 1.2069617128e-07, 1.1027531599e-07, 5.26398586942e-08, 9.75888880816e-09, 1.54205377356e-08, 2.67719322267e-08, 7.38725880467e-09, 4.37301972411e-09, 1.71595226917e-09, 9.95147630967e-10, 2.51063891898e-10, 3.23579135708e-10, 3.83909626311e-10, 9.2331434165e-11, 4.64945304479e-11, 2.44076616557e-11, 1.94334617842e-11, 9.94352690464e-12, 9.28194934108e-12, 1.0615980317e-11, 1.39478602279e-11, 7.24112436679e-12, 1.51401200604e-11, 1.82796677101e-11, 2.31555503938e-11, 9.05440392801e-12, 9.56996287771e-12, 5.0262511167e-12, 1.73609683487e-12], "min": [3.74657890679e-24, 3.16446858407e-24, 3.66927053808e-24, 3.62133303859e-24, 3.81830174587e-24, 5.95465067318e-24, 1.62161531311e-24, 4.78129146857e-24, 4.16517847982e-24, 5.43248904608e-24, 2.96182441702e-24, 4.65258960074e-24, 3.6896057945e-24, 4.10969434248e-24, 5.47069752403e-24, 5.37161541104e-24, 4.12640320531e-24, 3.41643943467e-24, 5.19616880141e-24, 5.5379518605e-24, 5.44428685535e-24, 7.07909576849e-24, 8.90511312657e-24, 4.40944413152e-24, 4.45913526881e-24, 4.10436006504e-24, 7.96886933843e-24, 4.72898525739e-24, 4.82108713466e-24, 5.19586587883e-24, 7.59347567718e-24, 7.67467944105e-24, 6.96442221414e-24, 5.29844580107e-24, 6.6852561727e-24, 6.26224331734e-24, 7.96298680266e-24, 6.20159529652e-24, 8.8648733318e-24, 9.66538650145e-24]}, "spectral_decrease": {"dvar": 3.74416604109e-18, "var": 2.10081095034e-17, "median": -2.76690936829e-09, "max": 3.46292894967e-20, "dmean": 1.2535961158e-09, "dmean2": 1.87615478708e-09, "mean": -4.45601999743e-09, "dvar2": 8.10565201025e-18, "min": -2.73587819066e-08}, "barkbands_kurtosis": {"dvar": 28.9771938324, "var": 70.8447875977, "median": 3.50328612328, "max": 217.074478149, "dmean": 2.82060551643, "dmean2": 4.39499378204, "mean": 5.54350757599, "dvar2": 69.6109237671, "min": -1.93876349926}, "silence_rate_30dB": {"dvar": 0, "var": 0, "median": 1, "max": 1, "dmean": 0, "dmean2": 0, "mean": 1, "dvar2": 0, "min": 1}, "gfcc": {"mean": [-46.1958694458, 64.6807556152, -94.6578216553, 6.20889425278, -62.5617637634, 16.9122867584, -37.0997161865, 15.1791238785, -25.776473999, 4.97979736328, -14.2691221237, 5.79707574844, -8.54884338379], "cov": [[21667.8066406, -265.138336182, -385.296112061, -245.771774292, -119.557357788, 74.3156204224, -403.515594482, 110.533866882, -90.8421554565, 65.822769165, -23.1281681061, 15.6545534134, -170.658477783], [-265.138336182, 940.488891602, -2.78320670128, 206.739501953, 96.2760543823, 62.0068855286, 101.267471313, 24.5374584198, 2.79526090622, -19.5148906708, 46.8066978455, -49.7856407166, 18.4682121277], [-385.296112061, -2.78320670128, 730.709960938, 257.499176025, 177.766326904, 48.7527999878, 27.2732200623, -5.54552602768, 42.6013069153, 38.4516830444, 4.49468564987, 40.8397407532, -19.1715965271], [-245.771774292, 206.739501953, 257.499176025, 631.497741699, 196.380508423, 42.9822349548, 16.7829170227, -8.16710186005, 82.7199020386, -27.0371131897, -2.85252666473, 2.57843852043, 17.9736919403], [-119.557357788, 96.2760543823, 177.766326904, 196.380508423, 309.767272949, 56.8416061401, 47.7219581604, 32.7432327271, 49.5888366699, 15.0075502396, -5.66768264771, 6.20986604691, -5.91424655914], [74.3156204224, 62.0068855286, 48.7527999878, 42.9822349548, 56.8416061401, 237.621673584, 141.316482544, 12.4998006821, -16.1434307098, 33.5951652527, 23.1036643982, -35.348575592, -33.7323188782], [-403.515594482, 101.267471313, 27.2732200623, 16.7829170227, 47.7219581604, 141.316482544, 242.227722168, 33.4554328918, -15.9654331207, 23.5669231415, 24.3293323517, -30.2574748993, -30.7308254242], [110.533866882, 24.5374584198, -5.54552602768, -8.16710186005, 32.7432327271, 12.4998006821, 33.4554328918, 126.788490295, 43.6539916992, 1.98110055923, -2.58475232124, 6.87209129333, 4.05386590958], [-90.8421554565, 2.79526090622, 42.6013069153, 82.7199020386, 49.5888366699, -16.1434307098, -15.9654331207, 43.6539916992, 119.275299072, 11.4047451019, -10.5912361145, -0.32125261426, 15.4835720062], [65.822769165, -19.5148906708, 38.4516830444, -27.0371131897, 15.0075502396, 33.5951652527, 23.5669231415, 1.98110055923, 11.4047451019, 101.158889771, 31.7114105225, -1.72760653496, -5.9334564209], [-23.1281681061, 46.8066978455, 4.49468564987, -2.85252666473, -5.66768264771, 23.1036643982, 24.3293323517, -2.58475232124, -10.5912361145, 31.7114105225, 88.3718490601, 25.0894680023, 1.216355443], [15.6545534134, -49.7856407166, 40.8397407532, 2.57843852043, 6.20986604691, -35.348575592, -30.2574748993, 6.87209129333, -0.32125261426, -1.72760653496, 25.0894680023, 100.555015564, 35.692363739], [-170.658477783, 18.4682121277, -19.1715965271, 17.9736919403, -5.91424655914, -33.7323188782, -30.7308254242, 4.05386590958, 15.4835720062, -5.9334564209, 1.216355443, 35.692363739, 87.0294876099]], "icov": [[5.26040857949e-05, -2.73354044111e-06, 3.59297773684e-05, -1.09920720206e-05, 6.49599451208e-06, -9.79667020147e-05, 0.000175355104147, -0.000107105093775, 7.19420786481e-05, -7.05378261046e-05, 3.7224337575e-05, -6.23893211014e-05, 0.000150754407514], [-2.73354044111e-06, 0.00137439975515, 9.48356973822e-05, -0.000417830975493, -0.000298281520372, 0.000167165359017, -0.000409889296861, -0.000322275416693, 0.000383854348911, 0.000509759585839, -0.00117677950766, 0.00121281889733, -0.000789524288848], [3.59297773684e-05, 9.48356973822e-05, 0.00191347091459, -0.000646080763545, -0.000597484817263, -0.000179324008059, 3.86734864151e-05, 0.000236560939811, -6.56142728985e-05, -0.000881750078406, 0.000488342309836, -0.00122207275126, 0.000943733029999], [-1.09920720206e-05, -0.000417830975493, -0.000646080763545, 0.00264152698219, -0.00104348501191, -0.000425829057349, 8.76905251062e-05, 0.00108766532503, -0.00170647993218, 0.00140841212124, -0.000357703480404, 0.000154217181262, -0.000535035796929], [6.49599451208e-06, -0.000298281520372, -0.000597484817263, -0.00104348501191, 0.00479466747493, -0.000637451885268, -0.000321161962347, -0.000791167549323, -0.000793350511231, -0.000771350460127, 0.00114345015027, -0.000967225467321, 0.000631378439721], [-9.79667020147e-05, 0.000167165359017, -0.000179324008059, -0.000425829057349, -0.000637451885268, 0.00737213110551, -0.00381449796259, 1.99841269932e-06, 0.00101904687472, -0.00116462656297, -0.00100946542807, 0.00179096357897, 0.000306831119815], [0.000175355104147, -0.000409889296861, 3.86734864151e-05, 8.76905251062e-05, -0.000321161962347, -0.00381449796259, 0.00760545395315, -0.00214575580321, 0.00130309804808, -0.000411539687775, -0.00081068550935, 0.00064108602237, 0.00119495135732], [-0.000107105093775, -0.000322275416693, 0.000236560939811, 0.00108766532503, -0.000791167549323, 1.99841269932e-06, -0.00214575580321, 0.0106404833496, -0.00480760447681, 0.000942267652135, 0.000595925783273, -0.00173948914744, 4.17195496993e-06], [7.19420786481e-05, 0.000383854348911, -6.56142728985e-05, -0.00170647993218, -0.000793350511231, 0.00101904687472, 0.00130309804808, -0.00480760447681, 0.0125995213166, -0.00261455704458, 0.000920302758459, 0.00175714842044, -0.00173062609974], [-7.05378261046e-05, 0.000509759585839, -0.000881750078406, 0.00140841212124, -0.000771350460127, -0.00116462656297, -0.000411539687775, 0.000942267652135, -0.00261455704458, 0.0132982460782, -0.00540791312233, 0.00186878663953, -0.000743675045669], [3.7224337575e-05, -0.00117677950766, 0.000488342309836, -0.000357703480404, 0.00114345015027, -0.00100946542807, -0.00081068550935, 0.000595925783273, 0.000920302758459, -0.00540791312233, 0.0162886399776, -0.00623608706519, 0.00167403195519], [-6.23893211014e-05, 0.00121281889733, -0.00122207275126, 0.000154217181262, -0.000967225467321, 0.00179096357897, 0.00064108602237, -0.00173948914744, 0.00175714842044, 0.00186878663953, -0.00623608706519, 0.0159012153745, -0.00636435253546], [0.000150754407514, -0.000789524288848, 0.000943733029999, -0.000535035796929, 0.000631378439721, 0.000306831119815, 0.00119495135732, 4.17195496993e-06, -0.00173062609974, -0.000743675045669, 0.00167403195519, -0.00636435253546, 0.0156994313002]]}, "silence_rate_20dB": {"dvar": 0, "var": 0, "median": 1, "max": 1, "dmean": 0, "dmean2": 0, "mean": 1, "dvar2": 0, "min": 1}, "barkbands_skewness": {"dvar": 0.317151039839, "var": 1.2062690258, "median": 1.53299772739, "max": 13.5515241623, "dmean": 0.488188564777, "dmean2": 0.74981790781, "mean": 1.67296183109, "dvar2": 0.720820605755, "min": -3.83075833321}, "erbbands_skewness": {"dvar": 0.166135802865, "var": 0.868488550186, "median": 1.02949917316, "max": 9.1006269455, "dmean": 0.400838941336, "dmean2": 0.603646218777, "mean": 1.04761791229, "dvar2": 0.34091809392, "min": -4.44628810883}, "spectral_contrast_valleys": {"dvar": [0.187760964036, 0.135528534651, 0.11097035557, 0.103588961065, 0.0956215411425, 0.143534362316], "var": [2.60280203819, 2.08380913734, 2.05915641785, 2.14705324173, 2.10494756699, 2.24034118652], "median": [-7.68521308899, -7.20304489136, -7.62402248383, -8.23528862, -8.17738342285, -9.82883739471], "max": [-5.39329624176, -4.94485092163, -5.38898038864, -5.89392614365, -5.98842477798, -7.62459182739], "dmean": [0.421579778194, 0.35901221633, 0.311856240034, 0.280754238367, 0.241115644574, 0.262301146984], "dmean2": [0.679292023182, 0.582374513149, 0.496805787086, 0.434299856424, 0.336401581764, 0.354292482138], "mean": [-8.0692987442, -7.47721672058, -7.89486217499, -8.55047798157, -8.48048782349, -10.2322015762], "dvar2": [0.380798399448, 0.288587123156, 0.218149602413, 0.187582433224, 0.14605024457, 0.250191956758], "min": [-27.8062801361, -27.6729736328, -27.3873329163, -27.5082015991, -27.4296512604, -27.3358039856]}, "spectral_strongpeak": {"dvar": 0.496632009745, "var": 2.59600782394, "median": 0.545403540134, "max": 10.2040500641, "dmean": 0.473695725203, "dmean2": 0.750092685223, "mean": 1.24928474426, "dvar2": 1.07909750938, "min": 0}, "erbbands_crest": {"dvar": 8.24960803986, "var": 29.7833709717, "median": 10.365436554, "max": 31.3853302002, "dmean": 3.02275180817, "dmean2": 4.77011966705, "mean": 11.5516366959, "dvar2": 18.864364624, "min": 2.34846663475}, "barkbands_crest": {"dvar": 5.55373954773, "var": 19.142873764, "median": 10.149887085, "max": 25.3849105835, "dmean": 2.50550103188, "dmean2": 4.00561904907, "mean": 10.942407608, "dvar2": 13.4879131317, "min": 2.35592508316}, "spectral_energyband_middle_low": {"dvar": 3.51022281393e-05, "var": 0.000167916485225, "median": 0.00533073022962, "max": 0.0998418554664, "dmean": 0.00341747677885, "dmean2": 0.00507694808766, "mean": 0.0104765119031, "dvar2": 7.57655361667e-05, "min": 2.24947057138e-22}, "spectral_contrast_coeffs": {"dvar": [0.00149189145304, 0.00154359545559, 0.00118577550165, 0.00068655947689, 0.000344036525348, 0.000177247289685], "var": [0.0078597413376, 0.00941019691527, 0.0082359239459, 0.00415977090597, 0.00251981592737, 0.000963301572483], "median": [-0.691542863846, -0.69893348217, -0.733039021492, -0.774599969387, -0.797063231468, -0.816550970078], "max": [-0.33445173502, -0.362412452698, -0.411248445511, -0.465856969357, -0.578790426254, -0.673731744289], "dmean": [0.0456276535988, 0.0459398850799, 0.0396548807621, 0.0303122773767, 0.0210892464966, 0.0143450750038], "dmean2": [0.0748024135828, 0.072816863656, 0.0625200122595, 0.0483246520162, 0.0331882312894, 0.0224475059658], "mean": [-0.681661784649, -0.691578984261, -0.721442639828, -0.767898917198, -0.792328000069, -0.816518902779], "dvar2": [0.00382643612102, 0.0036077525001, 0.00261397892609, 0.00155011168681, 0.000750383886043, 0.000397039169911], "min": [-0.972255885601, -0.969211578369, -0.968944132328, -0.963492393494, -0.962372839451, -0.962343335152]}, "hfc": {"dvar": 47.5672874451, "var": 312.265106201, "median": 9.27195739746, "max": 114.290878296, "dmean": 4.31638431549, "dmean2": 6.27177000046, "mean": 16.0198326111, "dvar2": 99.2150726318, "min": 1.15352533412e-16}, "spectral_energyband_high": {"dvar": 2.75442033626e-07, "var": 6.48824709515e-07, "median": 0.000310243049171, "max": 0.0152240963653, "dmean": 0.000221112015424, "dmean2": 0.000324419059325, "mean": 0.000545840070117, "dvar2": 5.46078922525e-07, "min": 7.27246370123e-21}, "erbbands_spread": {"dvar": 121.73449707, "var": 408.884155273, "median": 30.500213623, "max": 169.72795105, "dmean": 8.41260051727, "dmean2": 12.7972326279, "mean": 34.6531143188, "dvar2": 274.223297119, "min": 0.71138215065}, "dissonance": {"dvar": 0.000629482557997, "var": 0.00146704167128, "median": 0.450047433376, "max": 0.499999970198, "dmean": 0.0269835237414, "dmean2": 0.0448757484555, "mean": 0.442988336086, "dvar2": 0.00173044996336, "min": 0.18205550313}, "spectral_kurtosis": {"dvar": 1.35422539711, "var": 4.32093000412, "median": 3.83566689491, "max": 31.5096359253, "dmean": 0.929186522961, "dmean2": 1.46480929852, "mean": 3.99031186104, "dvar2": 3.21045017242, "min": -1.23453247547}, "spectral_skewness": {"dvar": 0.0345826148987, "var": 0.17230156064, "median": 1.76463067532, "max": 4.620616436, "dmean": 0.165854617953, "dmean2": 0.247497394681, "mean": 1.74631536007, "dvar2": 0.0691882371902, "min": -0.381045281887}, "pitch_salience": {"dvar": 0.00337638473138, "var": 0.0115694208071, "median": 0.551093280315, "max": 0.967204630375, "dmean": 0.0642578154802, "dmean2": 0.103446520865, "mean": 0.544429838657, "dvar2": 0.00843206886202, "min": 0.0621329322457}, "spectral_complexity": {"dvar": 5.22886037827, "var": 44.2196121216, "median": 11, "max": 44, "dmean": 2.03573298454, "dmean2": 3.15492963791, "mean": 11.1972465515, "dvar2": 10.8811769485, "min": 0}, "spectral_spread": {"dvar": 1540824891390.0, "var": 3808702496770.0, "median": 6080701, "max": 40752208, "dmean": 766951.4375, "dmean2": 1174634.375, "mean": 6378029.5, "dvar2": 3425347829760.0, "min": 2076760.125}, "dynamic_complexity": 6.70116710663, "melbands_crest": {"dvar": 7.98014736176, "var": 25.4180812836, "median": 12.7678508759, "max": 32.5526504517, "dmean": 2.95740318298, "dmean2": 4.71779727936, "mean": 13.6852750778, "dvar2": 19.5812225342, "min": 1.62451589108}, "zerocrossingrate": {"dvar": 0.000249795382842, "var": 0.00190347037278, "median": 0.0615234375, "max": 0.51513671875, "dmean": 0.0123710921034, "dmean2": 0.0145975770429, "mean": 0.0707988291979, "dvar2": 0.000288918061415, "min": 0.00244140625}, "spectral_energyband_low": {"dvar": 1.87288496818e-05, "var": 2.79755495285e-05, "median": 0.00169667671435, "max": 0.0589652843773, "dmean": 0.00182211655192, "dmean2": 0.00299477460794, "mean": 0.00333306263201, "dvar2": 4.78513975395e-05, "min": 3.74992446589e-23}, "melbands_kurtosis": {"dvar": 181.030487061, "var": 385.838195801, "median": 7.32392168045, "max": 387.135742188, "dmean": 6.34037256241, "dmean2": 10.0824775696, "mean": 13.0153799057, "dvar2": 458.232299805, "min": -1.87367773056}, "spectral_energyband_middle_high": {"dvar": 7.69535108702e-06, "var": 5.77927967242e-05, "median": 0.00153173191939, "max": 0.0872384086251, "dmean": 0.00131274340674, "dmean2": 0.00188673986122, "mean": 0.00422897422686, "dvar2": 1.49815705299e-05, "min": 1.3283904695e-21}, "barkbands_spread": {"dvar": 98.6220855713, "var": 241.794036865, "median": 17.7265110016, "max": 122.110969543, "dmean": 6.37865638733, "dmean2": 9.87309646606, "mean": 21.7169532776, "dvar2": 220.710922241, "min": 0.313033938408}, "mfcc": {"mean": [-696.641601562, 109.953086853, 16.010591507, 0.372898519039, 0.813904762268, -2.78036141396, 2.14241313934, 3.91893291473, -1.98432743549, 3.79131436348, -0.453646987677, -5.79917192459, -2.16230130196], "cov": [[13856.5869141, 779.518920898, -339.294555664, -293.900665283, 60.6201324463, -172.067489624, -55.2130661011, -40.4437217712, -200.08555603, 100.775466919, 92.5645599365, -106.845535278, -207.314743042], [779.518920898, 894.461669922, 20.8915119171, 31.0243473053, 21.242565155, 11.5483207703, 102.287055969, 23.2160282135, 10.3454761505, 18.4357891083, 33.109336853, 2.76528024673, 24.118888855], [-339.294555664, 20.8915119171, 500.34197998, 177.374313354, 95.2993927002, 110.487205505, 33.6098251343, 22.0418682098, 21.6525993347, -11.707660675, 11.524096489, 65.6135101318, 26.8890857697], [-293.900665283, 31.0243473053, 177.374313354, 464.823120117, 222.035339355, 91.6779785156, -21.8183746338, 59.3141212463, 69.6497650146, -16.4746265411, -34.5481262207, 73.4598236084, 47.8596878052], [60.6201324463, 21.242565155, 95.2993927002, 222.035339355, 302.054016113, 53.9267616272, -41.0494270325, 34.2214851379, 53.0939369202, 0.123712353408, -8.37039661407, 40.416973114, 20.4914741516], [-172.067489624, 11.5483207703, 110.487205505, 91.6779785156, 53.9267616272, 233.457748413, 123.824539185, 29.8742733002, 26.1440200806, 37.6028442383, 30.179151535, 20.9654922485, 27.7240543365], [-55.2130661011, 102.287055969, 33.6098251343, -21.8183746338, -41.0494270325, 123.824539185, 235.130844116, 48.3694648743, 4.54953956604, 35.7932357788, 58.8768196106, 6.52544689178, 16.9612293243], [-40.4437217712, 23.2160282135, 22.0418682098, 59.3141212463, 34.2214851379, 29.8742733002, 48.3694648743, 134.520690918, 46.2230873108, 9.3881483078, 7.55993080139, 19.8910007477, 12.5804424286], [-200.08555603, 10.3454761505, 21.6525993347, 69.6497650146, 53.0939369202, 26.1440200806, 4.54953956604, 46.2230873108, 122.450759888, 35.2384147644, -3.66498589516, 7.85785913467, 20.182062149], [100.775466919, 18.4357891083, -11.707660675, -16.4746265411, 0.123712353408, 37.6028442383, 35.7932357788, 9.3881483078, 35.2384147644, 120.694656372, 42.3357429504, -9.21086406708, -4.21158885956], [92.5645599365, 33.109336853, 11.524096489, -34.5481262207, -8.37039661407, 30.179151535, 58.8768196106, 7.55993080139, -3.66498589516, 42.3357429504, 103.277999878, 18.8259143829, -10.9670467377], [-106.845535278, 2.76528024673, 65.6135101318, 73.4598236084, 40.416973114, 20.9654922485, 6.52544689178, 19.8910007477, 7.85785913467, -9.21086406708, 18.8259143829, 99.3230285645, 31.3512477875], [-207.314743042, 24.118888855, 26.8890857697, 47.8596878052, 20.4914741516, 27.7240543365, 16.9612293243, 12.5804424286, 20.182062149, -4.21158885956, -10.9670467377, 31.3512477875, 98.9562530518]], "icov": [[8.46794428071e-05, -8.15044040792e-05, 3.91447902075e-05, 4.70927006972e-05, -8.94195691217e-05, 1.37463021019e-05, 4.70503000543e-05, -4.97242654092e-05, 0.000170911662281, -0.000102348654764, -1.26081240523e-05, 1.04668997665e-05, 0.000132852801471], [-8.15044040792e-05, 0.00130486383568, -7.59768445278e-05, -0.000197410729015, -0.000103937440144, 0.000507426157128, -0.000834916601889, 0.000134483285365, -0.000159923525644, 3.18675411108e-05, -0.000197988803848, 0.000222859001951, -0.000425876613008], [3.91447902075e-05, -7.59768445278e-05, 0.00260163308121, -0.000617176527157, -0.000100251767435, -0.000978532712907, 8.08880286058e-05, 0.000182171046617, 3.58226316166e-05, 0.00042322956142, -0.000250785349635, -0.00100809510332, 0.000252270256169], [4.70927006972e-05, -0.000197410729015, -0.000617176527157, 0.00433936715126, -0.00224772770889, -0.0010331061203, 0.000536206876859, -0.000760523835197, -0.000700393575244, 0.000273265235592, 0.00155781256035, -0.00165569316596, -0.000172885003849], [-8.94195691217e-05, -0.000103937440144, -0.000100251767435, -0.00224772770889, 0.00567106343806, -0.0