{"metadata": {"audio_properties": {"downmix": "mix", "bit_rate": 0, "lossless": true, "md5_encoded": "b991e703c208d43c4546b6c5887442f4", "analysis_sample_rate": 44100, "sample_rate": 44100, "replay_gain": -9.22883224487, "equal_loudness": 0, "codec": "flac", "length": 262.040008545}, "tags": {"releasestatus": ["official"], "musicbrainz_albumid": ["c1404808-3d5b-3996-9b14-7e30a3dc6c30"], "musicbrainz_recordingid": ["050b9a21-ce87-4785-aa22-81f40dc5e3ee"], "tracknumber": ["9"], "artist": ["Neneh Cherry"], "acoustid_id": ["ba488371-fce2-4669-8b7f-cd54cc2b4ec3"], "barcode": ["724384198220"], "totaltracks": ["11"], "originaldate": ["1996-08-29"], "albumartist": ["Neneh Cherry"], "asin": ["B000024TJX"], "releasetype": ["album"], "media": ["CD"], "musicbrainz_albumartistid": ["527c65d1-9fdb-4482-8796-dde2980bd63a"], "file_name": "09. Carry Me.flac", "tracktotal": ["11"], "catalognumber": ["8419822"], "musicbrainz_artistid": ["527c65d1-9fdb-4482-8796-dde2980bd63a"], "albumartistsort": ["Cherry, Neneh"], "script": ["Latn"], "label": ["Circa Records"], "releasecountry": ["DE"], "album": ["Man"], "date": ["1996-08-29"], "title": ["Carry Me"], "language": ["eng"], "discnumber": ["1"], "artistsort": ["Cherry, Neneh"], "disctotal": ["1"], "totaldiscs": ["1"], "genre": ["Unknown"]}, "version": {"essentia_build_sha": "2d9f1f26377add8aeb1075a9c2973f962c4f09fd", "essentia_git_sha": "v2.1_beta2-1-ge3940c0", "extractor": "music 1.0", "essentia": "2.1-beta2"}}, "tonal": {"chords_scale": "minor", "hpcp": {"dmean": [0.10087878257, 0.10280161351, 0.116151571274, 0.190873920918, 0.216386556625, 0.212901875377, 0.169259935617, 0.0886751785874, 0.0790889039636, 0.0955940112472, 0.110359348357, 0.1109354496, 0.096809245646, 0.0815524682403, 0.0659643337131, 0.0630134269595, 0.060474678874, 0.0615922287107, 0.072654902935, 0.0831286907196, 0.0777413547039, 0.0825865268707, 0.0882823690772, 0.141388610005, 0.199558094144, 0.14520470798, 0.0876859501004, 0.0818644240499, 0.0747504532337, 0.079212397337, 0.106316581368, 0.129075989127, 0.144385918975, 0.141057804227, 0.116242542863, 0.10560349375], "dvar2": [0.123983517289, 0.121092222631, 0.127389922738, 0.153970137239, 0.155728369951, 0.160595968366, 0.142965227365, 0.0964772701263, 0.0763556212187, 0.0969542935491, 0.109832115471, 0.116606116295, 0.0890982672572, 0.0771225467324, 0.0610095970333, 0.058407690376, 0.053816575557, 0.0544359758496, 0.0642731487751, 0.0758758410811, 0.0689537525177, 0.0771730393171, 0.0832488834858, 0.0981134623289, 0.204037114978, 0.102449499071, 0.0729139745235, 0.0792530179024, 0.0705940052867, 0.0792264938354, 0.124179884791, 0.13754349947, 0.146593779325, 0.14570876956, 0.115071550012, 0.122497774661], "mean": [0.0705524533987, 0.0757119208574, 0.092382080853, 0.21142578125, 0.493064016104, 0.463828891516, 0.165453627706, 0.0632715150714, 0.0658237636089, 0.0866786539555, 0.101297877729, 0.102822415531, 0.094317086041, 0.0756629854441, 0.056939534843, 0.0552571564913, 0.0568880476058, 0.0558634586632, 0.0722054168582, 0.0901244282722, 0.0798689052463, 0.0687235295773, 0.0776081830263, 0.139545783401, 0.203349202871, 0.151337698102, 0.0786913558841, 0.0676997303963, 0.0678514540195, 0.0727928876877, 0.0882385000587, 0.115853019059, 0.141540676355, 0.138212025166, 0.114033579826, 0.0852931439877], "var": [0.0295586138964, 0.0313934721053, 0.0351190716028, 0.0592604167759, 0.157836914063, 0.155654937029, 0.0496371798217, 0.0239849165082, 0.0206133779138, 0.0297619439662, 0.0388421267271, 0.0437019765377, 0.0372941158712, 0.0294319484383, 0.0187548324466, 0.0177678577602, 0.019206661731, 0.0183404367417, 0.0240167658776, 0.0398937053978, 0.0357078053057, 0.0237625055015, 0.0306534897536, 0.0436007417738, 0.0915938392282, 0.0478781908751, 0.0240513794124, 0.025091432035, 0.0270761717111, 0.031278822571, 0.0390290506184, 0.0524118840694, 0.0675984695554, 0.0632587373257, 0.0531081221998, 0.0376199260354], "dmean2": [0.188338637352, 0.189625397325, 0.212298214436, 0.340122044086, 0.375760555267, 0.373759120703, 0.304555177689, 0.164456248283, 0.143132686615, 0.171079784632, 0.19701898098, 0.197669669986, 0.170336827636, 0.142510712147, 0.117947615683, 0.112129814923, 0.107410006225, 0.110131926835, 0.127746373415, 0.144033506513, 0.137466162443, 0.15005235374, 0.157223716378, 0.249947071075, 0.351413041353, 0.252521187067, 0.156317070127, 0.149278536439, 0.134243220091, 0.141619771719, 0.194167464972, 0.230246201158, 0.253270715475, 0.249335259199, 0.208142757416, 0.192785128951], "dvar": [0.0435710772872, 0.042610630393, 0.044967867434, 0.055148459971, 0.0660129413009, 0.0633893981576, 0.051443118602, 0.034377541393, 0.0276026446372, 0.0351002030075, 0.0403488464653, 0.0433089099824, 0.0339205302298, 0.0293653849512, 0.0222778636962, 0.0212503783405, 0.0202830471098, 0.0199737269431, 0.0238192640245, 0.0297434162349, 0.0269949287176, 0.0274235382676, 0.030122263357, 0.0366133078933, 0.0782329589128, 0.0394448786974, 0.0267958566546, 0.0283962581307, 0.025985551998, 0.0292214602232, 0.044072534889, 0.0512743107975, 0.0576564706862, 0.0555801130831, 0.044984344393, 0.0443438179791], "min": [3.80918277187e-06, 0, 2.75461206911e-06, 7.37723712518e-06, 2.73413297691e-05, 2.13097700907e-05, 2.06173422157e-06, 5.26778103449e-06, 3.97019539378e-06, 0, 8.0004525671e-07, 7.45679062675e-06, 1.33296707645e-05, 4.56484576716e-06, 3.85209341403e-06, 6.92652156431e-06, 8.47596584208e-06, 8.15008024802e-06, 8.77594357007e-06, 5.12036376676e-06, 6.2368089857e-06, 7.32207308829e-06, 5.61213118999e-06, 5.37449795956e-06, 2.0911134925e-05, 1.83048978215e-05, 3.10613831971e-05, 1.59288028954e-05, 2.17058368435e-06, 1.78775769655e-06, 1.38676045935e-06, 7.09640698915e-06, 7.16628892405e-06, 2.29106881307e-05, 1.81439409062e-05, 1.63289751072e-05], "median": [0.00783677212894, 0.00998487789184, 0.0195533894002, 0.122510120273, 0.454994022846, 0.399939477444, 0.0716777592897, 0.0102235106751, 0.0165334828198, 0.0233018286526, 0.0220158677548, 0.0154676316306, 0.0151935704052, 0.0115910861641, 0.0101335514337, 0.00969021487981, 0.0100315511227, 0.0109308101237, 0.0130166942254, 0.0119949579239, 0.00911525636911, 0.00852067861706, 0.00933516956866, 0.0358301997185, 0.0520866289735, 0.0490279458463, 0.0201976522803, 0.0111656645313, 0.00728127826005, 0.00756864994764, 0.00980251282454, 0.0133291659877, 0.0166118703783, 0.0196945909411, 0.0153376944363, 0.00992462225258], "max": [1, 1, 1, 1, 1, 1, 1, 1, 1, 1, 1, 1, 1, 1, 1, 1, 1, 1, 1, 1, 1, 1, 1, 1, 1, 1, 1, 1, 1, 1, 1, 1, 1, 1, 1, 1]}, "tuning_equal_tempered_deviation": 0.283386200666, "chords_key": "A#", "chords_strength": {"dmean": 0.0128710437566, "dvar2": 0.0001203976135, "mean": 0.486160606146, "var": 0.00890299491584, "dmean2": 0.0134682962671, "dvar": 0.00010029074474, "min": 0.254474669695, "median": 0.481578886509, "max": 0.771596252918}, "tuning_diatonic_strength": 0.517996966839, "thpcp": [1, 0.940707266331, 0.335562169552, 0.128323122859, 0.13349942863, 0.175795942545, 0.205445691943, 0.208537653089, 0.191287711263, 0.153454691172, 0.11548101902, 0.112068928778, 0.115376599133, 0.113298594952, 0.14644227922, 0.182784438133, 0.161984860897, 0.139380544424, 0.157399818301, 0.283017575741, 0.412419468164, 0.306933164597, 0.159596636891, 0.137304142118, 0.137611851096, 0.147633746266, 0.178959518671, 0.234965473413, 0.287063479424, 0.280312538147, 0.23127540946, 0.172985941172, 0.143089845777, 0.153553932905, 0.187363252044, 0.42879986763], "chords_histogram": [5.5634303093, 3.88022685051, 17.6470584869, 0, 1.48830616474, 0.425230324268, 0.58469170332, 0.513819992542, 1.08079373837, 0, 0, 0.637845516205, 0.0885896533728, 0, 0.0354358628392, 0, 0, 3.41956067085, 1.57689583302, 46.2969512939, 0.301204830408, 11.8355779648, 3.73848342896, 0.885896503925], "tuning_nontempered_energy_ratio": 0.916741907597, "tuning_frequency": 434.193115234, "key_strength": 0.555865883827, "chords_changes_rate": 0.0682140290737, "key_scale": "major", "hpcp_entropy": {"dmean": 0.656892240047, "dvar2": 0.754603266716, "mean": 2.1943860054, "var": 0.558143675327, "dmean2": 1.09073650837, "dvar": 0.28439900279, "min": 0.0357823781669, "median": 2.1730017662, "max": 4.70973062515}, "key_key": "D#", "chords_number_rate": 0.00177179300226}, "lowlevel": {"melbands_skewness": {"dmean": 1.00587940216, "dvar2": 2.93152832985, "mean": 3.76454925537, "var": 5.81838321686, "dmean2": 1.56360650063, "dvar": 1.27505648136, "min": -4.89694309235, "median": 3.22904157639, "max": 27.8766136169}, "melbands_kurtosis": {"dmean": 15.7511615753, "dvar2": 2161.33056641, "mean": 31.9224243164, "var": 2573.27880859, "dmean2": 24.7871322632, "dvar": 951.212768555, "min": -1.88465487957, "median": 15.4657030106, "max": 1120.32641602}, "barkbands_kurtosis": {"dmean": 8.71067142487, "dvar2": 792.46484375, "mean": 16.294046402, "var": 874.828125, "dmean2": 13.6756381989, "dvar": 353.153533936, "min": -1.96500349045, "median": 7.18542575836, "max": 603.509338379}, "hfc": {"dmean": 5.39314699173, "dvar2": 239.389541626, "mean": 13.7848052979, "var": 328.783782959, "dmean2": 7.5830206871, "dvar": 124.684562683, "min": 5.36227616976e-06, "median": 8.18551540375, "max": 218.146942139}, "silence_rate_20dB": {"dmean": 0, "dvar2": 0, "mean": 1, "var": 0, "dmean2": 0, "dvar": 0, "min": 1, "median": 1, "max": 1}, "erbbands_flatness_db": {"dmean": 0.0216567423195, "dvar2": 0.00102178915404, "mean": 0.167949154973, "var": 0.00217208149843, "dmean2": 0.0315335430205, "dvar": 0.000494214065839, "min": 0.0495508126915, "median": 0.163645535707, "max": 0.440611749887}, "spectral_flux": {"dmean": 0.029165148735, "dvar2": 0.00295566837303, "mean": 0.0864801555872, "var": 0.00361249083653, "dmean2": 0.0463241487741, "dvar": 0.00139076029882, "min": 0.000355766242137, "median": 0.070772536099, "max": 0.453859746456}, "spectral_energyband_low": {"dmean": 0.0101566752419, "dvar2": 0.00107952393591, "mean": 0.0213636923581, "var": 0.000850479409564, "dmean2": 0.0161734391004, "dvar": 0.000425957463449, "min": 1.13686497716e-10, "median": 0.00962257012725, "max": 0.374473154545}, "spectral_rolloff": {"dmean": 299.684967041, "dvar2": 1364984, "mean": 745.196228027, "var": 1108595.5, "dmean2": 502.245239258, "dvar": 613070.9375, "min": 43.06640625, "median": 430.6640625, "max": 11993.9941406}, "spectral_entropy": {"dmean": 0.235374897718, "dvar2": 0.134275108576, "mean": 7.12941789627, "var": 0.339159876108, "dmean2": 0.3490922153, "dvar": 0.0673826634884, "min": 4.39688920975, "median": 7.15732431412, "max": 8.81373405457}, "spectral_energy": {"dmean": 0.0140966000035, "dvar2": 0.00134495459497, "mean": 0.0350863039494, "var": 0.00128236575983, "dmean2": 0.0218211710453, "dvar": 0.000559630279895, "min": 1.97011096326e-09, "median": 0.0244193505496, "max": 0.412118524313}, "spectral_centroid": {"dmean": 196.945373535, "dvar2": 133414.78125, "mean": 768.042175293, "var": 252167.234375, "dmean2": 300.762084961, "dvar": 68129.6640625, "min": 109.163406372, "median": 639.551269531, "max": 6952.86523438}, "barkbands_flatness_db": {"dmean": 0.0286678224802, "dvar2": 0.00172894576099, "mean": 0.189046904445, "var": 0.00581326941028, "dmean2": 0.0424401052296, "dvar": 0.000855998659972, "min": 0.0184443350881, "median": 0.183038383722, "max": 0.535438477993}, "spectral_rms": {"dmean": 0.00103946472518, "dvar2": 3.85933208236e-06, "mean": 0.00520725222304, "var": 7.11514803697e-06, "dmean2": 0.00155941979028, "dvar": 1.73731234554e-06, "min": 1.38638358749e-06, "median": 0.00488095870242, "max": 0.0200516041368}, "melbands": {"dmean": [0.00154364330228, 0.00222720042802, 0.00123819080181, 0.000708561914507, 0.000288341252599, 0.000278315827018, 0.000153068540385, 9.5106610388e-05, 6.70773370075e-05, 4.270527279e-05, 3.52854222001e-05, 4.27397681051e-05, 6.10461574979e-05, 5.36247753189e-05, 3.8057070924e-05, 3.07289919874e-05, 2.27799646382e-05, 1.62448741321e-05, 1.06020670501e-05, 1.69648756128e-05, 1.07530768219e-05, 7.36839501769e-06, 4.63928927275e-06, 3.40957103617e-06, 4.06641174777e-06, 2.70341934083e-06, 2.32201614381e-06, 1.96185510504e-06, 2.04691968975e-06, 1.31105980472e-06, 7.68273878293e-07, 6.59606257614e-07, 6.51185018796e-07, 6.8757981353e-07, 6.06546336712e-07, 6.47686931643e-07, 6.20058472123e-07, 5.88061936924e-07, 6.98551161804e-07, 6.15326200659e-07], "dvar2": [2.91684609692e-05, 5.96637437411e-05, 1.97309855139e-05, 7.32053695174e-06, 6.82358233917e-07, 1.02715773664e-06, 2.87441025648e-07, 1.32326150037e-07, 4.9649560907e-08, 3.17559099017e-08, 3.47757129759e-08, 2.1522229332e-08, 6.41210675667e-08, 4.42995649053e-08, 4.12344327572e-08, 1.8408028879e-08, 3.0793394501e-08, 7.77814790354e-09, 3.30210392363e-09, 4.96611818335e-09, 2.58375632001e-09, 9.05635844095e-10, 5.74416181287e-10, 1.98637162274e-10, 3.62258500974e-10, 1.08276596023e-10, 7.52218703992e-11, 5.51680159888e-11, 8.50538806052e-11, 3.50960198403e-11, 1.13068287372e-11, 9.88143247782e-12, 8.45481844258e-12, 7.57690004488e-12, 7.9226607913e-12, 1.18937247204e-11, 1.73026610401e-11, 1.62308222418e-11, 2.14723100411e-11, 1.78849712817e-11], "mean": [0.00235866266303, 0.00449239835143, 0.00206442642957, 0.000940596451983, 0.000471939711133, 0.000422100623837, 0.000241150541115, 0.000167228106875, 0.000114188886073, 6.76378767821e-05, 6.72008318361e-05, 6.85818667989e-05, 0.000121001598018, 0.000103826641862, 5.30636789335e-05, 4.05195969506e-05, 2.78976676782e-05, 2.49093427556e-05, 1.61312291311e-05, 2.24460309255e-05, 1.43518445839e-05, 1.15190450742e-05, 8.09353423392e-06, 5.28280997969e-06, 5.85020234212e-06, 4.32338674727e-06, 3.96132418246e-06, 3.07480650008e-06, 2.89666945719e-06, 1.88846479432e-06, 1.20392280678e-06, 9.24548601233e-07, 9.04891805931e-07, 9.80391746452e-07, 8.19220190351e-07, 7.40072607641e-07, 7.95363007455e-07, 7.9358255789e-07, 8.66452808168e-07, 7.75946318754e-07], "var": [2.34365634242e-05, 4.20862379542e-05, 1.02459107438e-05, 3.86766441807e-06, 4.76032909091e-07, 5.67110987504e-07, 1.94447025592e-07, 1.11639167244e-07, 5.62965141171e-08, 2.57700580875e-08, 6.95855106869e-08, 2.7671319458e-08, 1.13543862312e-07, 7.32254150648e-08, 2.40062139056e-08, 9.46677669589e-09, 9.40430133767e-09, 5.50194556581e-09, 2.33936026106e-09, 3.08735548238e-09, 1.54108115158e-09, 1.25980958998e-09, 1.12250475581e-09, 1.74651834661e-10, 2.27139418385e-10, 1.11038497841e-10, 1.1167825692e-10, 6.56932286347e-11, 7.61760585166e-11, 3.85358030208e-11, 1.49977825298e-11, 6.84431678e-12, 6.64069190262e-12, 8.74597269607e-12, 7.01198907965e-12, 8.73242797517e-12, 1.57130263662e-11, 1.57843165621e-11, 2.15788515529e-11, 1.69862231919e-11], "dmean2": [0.0024922741577, 0.0036130240187, 0.00197950005531, 0.00112575024832, 0.000471860083053, 0.000463186210254, 0.000251983117778, 0.000149282321217, 0.000104116930743, 6.88857544446e-05, 5.3596955695e-05, 6.76561758155e-05, 9.58223827183e-05, 8.35360115161e-05, 6.09131384408e-05, 5.0600447139e-05, 3.88377193303e-05, 2.59282551269e-05, 1.63096847245e-05, 2.85915684799e-05, 1.71001356648e-05, 1.15098628157e-05, 6.98125086274e-06, 5.07625827595e-06, 6.41044925942e-06, 3.99574446419e-06, 3.51151766154e-06, 2.9426544188e-06, 3.06612014356e-06, 1.78669381512e-06, 1.09628911105e-06, 9.77058562057e-07, 9.66540028458e-07, 9.68327867668e-07, 8.85152473984e-07, 9.74011186372e-07, 9.43164195633e-07, 8.82421886672e-07, 1.05299159259e-06, 9.29992893361e-07], "dvar": [1.1185983567e-05, 2.41563157033e-05, 7.9425626609e-06, 3.15234956361e-06, 2.58756443827e-07, 3.5333954429e-07, 1.0512645332e-07, 5.24986383255e-08, 2.18453308776e-08, 1.312098874e-08, 1.52949866106e-08, 8.99467522686e-09, 3.12455483709e-08, 2.26682264071e-08, 1.69467426758e-08, 7.33120275598e-09, 1.10183924207e-08, 3.06882652623e-09, 1.44523093493e-09, 2.04949146543e-09, 1.11655662494e-09, 4.42171216308e-10, 2.77996459186e-10, 9.42372083146e-11, 1.54474155689e-10, 5.34002217445e-11, 3.72587065367e-11, 2.88289513789e-11, 4.16357434641e-11, 1.97773811217e-11, 5.79304876638e-12, 4.36877400575e-12, 3.89639405809e-12, 3.9339564592e-12, 3.73494421155e-12, 5.63581212948e-12, 8.44799143834e-12, 8.07729230723e-12, 1.08534500831e-11, 9.03194793261e-12], "min": [1.11300387309e-11, 1.71797125137e-11, 3.05121934663e-11, 4.99936723963e-11, 6.99445154573e-11, 7.58763052389e-11, 5.83834716683e-11, 2.55129268406e-11, 3.80738799863e-12, 8.31400226442e-12, 1.97645649846e-11, 1.36637359413e-11, 4.86350152859e-12, 1.20830394301e-11, 1.30154316144e-11, 3.43624933195e-12, 3.3533466802e-12, 2.13688203417e-12, 3.483765739e-13, 3.36192580936e-13, 3.65371497163e-13, 2.26385316743e-12, 4.09452246414e-12, 2.49979811157e-12, 1.17042497656e-12, 1.00257183198e-12, 8.62914557517e-13, 2.7387971448e-13, 4.26212965745e-13, 2.85170487484e-13, 4.98728825165e-13, 4.99887837287e-13, 3.1175306477e-13, 2.40071688657e-13, 1.6809844532e-13, 1.90593851465e-13, 1.32463715019e-13, 8.30917366162e-14, 6.0030539567e-14, 4.80256568021e-14], "median": [0.000262728368398, 0.00206888793036, 0.000994611997157, 0.000374978408217, 0.000236144071096, 0.000123369012726, 7.84545118222e-05, 5.04539239046e-05, 3.62076534657e-05, 1.96432574739e-05, 1.22124865811e-05, 1.42726430568e-05, 1.51243912114e-05, 1.28467454488e-05, 9.47801072471e-06, 1.31853303174e-05, 6.16918850938e-06, 5.51968832951e-06, 3.38211816597e-06, 7.37213349566e-06, 4.24726249548e-06, 3.57621024705e-06, 1.73549960891e-06, 1.41122029618e-06, 1.86383851997e-06, 1.3035360098e-06, 1.04186153749e-06, 8.39839799482e-07, 5.33722925411e-07, 2.38272946262e-07, 1.40275105309e-07, 1.18411044525e-07, 1.03888780245e-07, 9.0585828616e-08, 7.52116378067e-08, 6.86962948748e-08, 7.62495773188e-08, 8.76669474792e-08, 8.1004138508e-08, 8.5254384885e-08], "max": [0.0399635359645, 0.0913451910019, 0.0456189550459, 0.0385373942554, 0.0122873308137, 0.0159631092101, 0.00720016565174, 0.00739968614653, 0.00395819125697, 0.00536472862586, 0.00758438790217, 0.00345957814716, 0.0119572328404, 0.00999654643238, 0.00236898101866, 0.00176679180004, 0.00274477945641, 0.00165043084417, 0.00137117889244, 0.00208290852606, 0.000815837527625, 0.000946739979554, 0.000780294882134, 0.000222073984332, 0.000249449367402, 0.000183581345482, 0.00021520977316, 0.000124054538901, 0.000137890587212, 8.6410313088e-05, 7.21679534763e-05, 6.35772812529e-05, 4.02258046961e-05, 4.20999313064e-05, 6.52055678074e-05, 8.23125301395e-05, 0.000137673923746, 0.000116826464364, 0.000115607777843, 0.000105166014691]}, "barkbands_crest": {"dmean": 2.82587766647, "dvar2": 15.1875114441, "mean": 13.1155376434, "var": 23.5989055634, "dmean2": 4.49145174026, "dvar": 6.12887859344, "min": 2.41570162773, "median": 12.7109861374, "max": 25.9388694763}, "mfcc": {"icov": [[0.000186373275938, 0.000213366540265, 0.000172337298864, -3.26084773405e-07, 0.000174658242031, 4.3407719204e-05, 1.58205984917e-05, -4.91152559334e-06, -1.55966870352e-06, 1.11022582132e-05, 0.000172553307493, 0.000137428782182, -0.000314329925459], [0.000213366540265, 0.00123568903655, 0.000388400250813, -0.000501388742123, 0.000275874044746, 9.61445693974e-05, -0.000573091034312, -9.73195274128e-05, 0.000212985512917, -0.000145959464135, -0.000167822799995, 0.000195867643924, -0.000923107611015], [0.000172337298864, 0.000388400250813, 0.00153195834719, 4.36625450675e-05, -0.000453693704912, 0.000674664566759, -0.000222110422328, -0.000756452791393, -1.00465922515e-05, 0.000299740087939, -0.000514299259521, 0.000138279559906, -5.30700708623e-05], [-3.26084773405e-07, -0.000501388742123, 4.36625450675e-05, 0.00315303471871, -0.00103554222733, -0.000109346947283, 0.000645972439088, -5.97373000346e-05, -0.000256340863416, -0.000439812196419, 0.000995715614408, -0.00112154148519, 0.000208070356166], [0.000174658242031, 0.000275874044746, -0.000453693704912, -0.00103554222733, 0.00478967139497, -0.000899798062164, -0.000831749697682, 0.00122747803107, -0.00123412313405, -0.00119286077097, 0.000655795505736, -0.000856755592395, 0.00013899539772], [4.3407719204e-05, 9.61445693974e-05, 0.000674664566759, -0.000109346947283, -0.000899798062164, 0.00417040614411, -0.000991290668026, -0.000929376285058, -0.000269284966635, 0.000875027384609, -2.1426276362e-05, -0.000136969349114, 2.17669003177e-05], [1.58205984917e-05, -0.000573091034312, -0.000222110422328, 0.000645972439088, -0.000831749697682, -0.000991290668026, 0.00714637013152, -0.0033039750997, -0.000431143096648, 0.000775050953962, -2.34027920669e-05, 0.000729828665499, -0.000952623959165], [-4.91152559334e-06, -9.73195274128e-05, -0.000756452791393, -5.97373000346e-05, 0.00122747803107, -0.000929376285058, -0.0033039750997, 0.00960590224713, -0.00299747288227, 0.000950136454776, 0.000675346702337, -0.000929455447476, -0.00195592828095], [-1.55966870352e-06, 0.000212985512917, -1.00465922515e-05, -0.000256340863416, -0.00123412313405, -0.000269284966635, -0.000431143096648, -0.00299747288227, 0.0122424615547, -0.00420987000689, -0.000271174358204, -0.00103758776095, -0.00130021129735], [1.11022582132e-05, -0.000145959464135, 0.000299740087939, -0.000439812196419, -0.00119286077097, 0.000875027384609, 0.000775050953962, 0.000950136454776, -0.00420987000689, 0.0124424956739, -0.0040832227096, 0.00114880327601, 0.00111690303311], [0.000172553307493, -0.000167822799995, -0.000514299259521, 0.000995715614408, 0.000655795505736, -2.1426276362e-05, -2.34027920669e-05, 0.000675346702337, -0.000271174358204, -0.0040832227096, 0.0145937399939, -0.00414765812457, 0.000465553370304], [0.000137428782182, 0.000195867643924, 0.000138279559906, -0.00112154148519, -0.000856755592395, -0.000136969349114, 0.000729828665499, -0.000929455447476, -0.00103758776095, 0.00114880327601, -0.00414765812457, 0.0149408848956, -0.00424941955134], [-0.000314329925459, -0.000923107611015, -5.30700708623e-05, 0.000208070356166, 0.00013899539772, 2.17669003177e-05, -0.000952623959165, -0.00195592828095, -0.00130021129735, 0.00111690303311, 0.000465553370304, -0.00424941955134, 0.0123435864225]], "mean": [-698.673950195, 151.160720825, 10.5089521408, 25.7899150848, 17.3212738037, 5.80562496185, 9.57334804535, 0.0545323193073, -2.70757675171, -0.382116407156, -3.90610146523, 0.43622931838, 3.33775830269], "cov": [[8417.19726563, -1285.70996094, -814.843017578, -333.37802124, -472.00793457, -101.479011536, -213.665466309, -114.985710144, -120.727203369, -119.275939941, -169.836959839, -135.177261353, 49.0385665894], [-1285.70996094, 1287.39477539, -140.200134277, 200.161422729, 34.6098365784, 75.4411239624, 149.496627808, 90.5621261597, 34.1979064941, 13.129992485, 20.9078445435, 48.8477363586, 103.366516113], [-814.843017578, -140.200134277, 903.034851074, -14.9609994888, 104.472801208, -80.4995727539, 55.2328491211, 76.1133117676, 36.9688949585, 7.73543596268, 41.1398582458, 19.5580596924, -3.43560910225], [-333.37802124, 200.161422729, -14.9609994888, 412.76953125, 117.259513855, 34.8366546631, -3.60465192795, 5.36417627335, 34.0401420593, 30.1820869446, -7.63313293457, 40.997379303, 13.9035463333], [-472.00793457, 34.6098365784, 104.472801208, 117.259513855, 305.450836182, 61.8681678772, 38.3317146301, 4.64489221573, 54.5003166199, 43.2787017822, 10.013710022, 31.9208831787, 1.62298929691], [-101.479011536, 75.4411239624, -80.4995727539, 34.8366546631, 61.8681678772, 308.218139648, 87.0357208252, 66.1277999878, 29.5354537964, -19.4086971283, -8.78978729248, 19.1379642487, 29.8668727875], [-213.665466309, 149.496627808, 55.2328491211, -3.60465192795, 38.3317146301, 87.0357208252, 235.343383789, 117.687988281, 40.997844696, -18.703250885, -1.49516427517, 17.3609485626, 54.3073501587], [-114.985710144, 90.5621261597, 76.1133117676, 5.36417627335, 4.64489221573, 66.1277999878, 117.687988281, 191.064544678, 54.456943512, -16.7348880768, -1.5792658329, 28.3724632263, 60.3481674194], [-120.727203369, 34.1979064941, 36.9688949585, 34.0401420593, 54.5003166199, 29.5354537964, 40.997844696, 54.456943512, 121.393173218, 38.5336685181, 15.2626342773, 25.210313797, 27.5991611481], [-119.275939941, 13.129992485, 7.73543596268, 30.1820869446, 43.2787017822, -19.4086971283, -18.703250885, -16.7348880768, 38.5336685181, 114.039649963, 32.9034881592, 4.64505720139, -12.9810256958], [-169.836959839, 20.9078445435, 41.1398582458, -7.63313293457, 10.013710022, -8.78978729248, -1.49516427517, -1.5792658329, 15.2626342773, 32.9034881592, 88.6794204712, 24.1436595917, 0.678835511208], [-135.177261353, 48.8477363586, 19.5580596924, 40.997379303, 31.9208831787, 19.1379642487, 17.3609485626, 28.3724632263, 25.210313797, 4.64505720139, 24.1436595917, 92.2979354858, 38.1454582214], [49.0385665894, 103.366516113, -3.43560910225, 13.9035463333, 1.62298929691, 29.8668727875, 54.3073501587, 60.3481674194, 27.5991611481, -12.9810256958, 0.678835511208, 38.1454582214, 120.614562988]]}, "spectral_decrease": {"dmean": 3.63765106925e-09, "dvar2": 9.17656105942e-17, "mean": -8.96500207404e-09, "var": 8.59125202844e-17, "dmean2": 5.64855584528e-09, "dvar": 3.79938779161e-17, "min": -1.07664611448e-07, "median": -6.21914342247e-09, "max": -3.93122231562e-16}, "zerocrossingrate": {"dmean": 0.00892698951066, "dvar2": 0.000211172853597, "mean": 0.0364719741046, "var": 0.000919299200177, "dmean2": 0.0106880161911, "dvar": 0.000173897016793, "min": 0.00146484375, "median": 0.02880859375, "max": 0.39794921875}, "spectral_contrast_coeffs": {"dmean": [0.0516564697027, 0.0512600950897, 0.0383100882173, 0.0310699641705, 0.0221467893571, 0.0197939481586], "dvar2": [0.00464140065014, 0.00452341744676, 0.00249015749432, 0.00178498867899, 0.000934292271268, 0.000704230449628], "mean": [-0.592898786068, -0.726028740406, -0.779826402664, -0.7925812006, -0.808704137802, -0.799879848957], "var": [0.00775363948196, 0.00750963343307, 0.00522122299299, 0.00273336912505, 0.00148274481762, 0.00191154284403], "dmean2": [0.0839222446084, 0.0841331332922, 0.0624318942428, 0.0520306453109, 0.0368931889534, 0.0296226050705], "dvar": [0.00187694246415, 0.00173929019365, 0.000992769375443, 0.000673431321047, 0.000352985662175, 0.000327718618792], "min": [-0.912324607372, -0.9332228899, -0.965370118618, -0.936124920845, -0.914776921272, -0.964205443859], "median": [-0.589643836021, -0.736646652222, -0.794694662094, -0.797768890858, -0.814109921455, -0.805106580257], "max": [-0.289074152708, -0.384263932705, -0.464798718691, -0.545295357704, -0.595425784588, -0.634214520454]}, "spectral_skewness": {"dmean": 0.33326280117, "dvar2": 0.308559685946, "mean": 2.13315749168, "var": 0.556809544563, "dmean2": 0.526810407639, "dvar": 0.1262190938, "min": -0.751399159431, "median": 2.01455163956, "max": 7.86294364929}, "spectral_energyband_middle_high": {"dmean": 0.00160489999689, "dvar2": 4.00450444431e-05, "mean": 0.00374223431572, "var": 4.20700707764e-05, "dmean2": 0.00240016705357, "dvar": 1.74667566171e-05, "min": 5.14012055142e-10, "median": 0.00142566137947, "max": 0.0925810486078}, "gfcc": {"icov": [[0.000341072009178, -0.00031432355172, 0.00050141941756, -0.000662804755848, 0.000559431093279, -0.000655358773656, 0.000390021421481, -0.000387190055335, 0.000505849428009, -0.000506416603457, 0.000676514348015, -0.000895512639545, 0.000534999591764], [-0.00031432355172, 0.00250986893661, -0.00070734572364, 0.00137976533733, -0.00151724787429, 0.0020338431932, -0.00195568590425, 0.000844383786898, -0.00114785810001, 0.00178214779589, -0.00269260606728, 0.00262605841272, -0.00217910693027], [0.00050141941756, -0.00070734572364, 0.00198073661886, -0.00143062276766, 0.000938515644521, -0.0015269870637, 0.000974399212282, -0.00143530732021, 0.000763803895097, -0.000385471765185, 0.000804584589787, -0.00142589339521, 0.00135197816417], [-0.000662804755848, 0.00137976533733, -0.00143062276766, 0.00489555532113, -0.00231524859555, 0.00183736451436, -0.00090647325851, 0.00110294437036, -0.00213099829853, 0.00188607617747, -0.00160042918287, 0.00277372379787, -0.00197810167447], [0.000559431093279, -0.00151724787429, 0.000938515644521, -0.00231524859555, 0.00497476849705, -0.00250695599243, -5.04230629303e-05, 0.000329477043124, 4.82024079247e-05, -0.00104703812394, 0.00120865216013, -0.000520753848832, 0.000916572695132], [-0.000655358773656, 0.0020338431932, -0.0015269870637, 0.00183736451436, -0.00250695599243, 0.00627375952899, -0.002905103378, 0.00027666366077, 1.52334150698e-05, 0.000997007708065, -0.00150289328303, 0.00175642198883, -0.00197044480592], [0.000390021421481, -0.00195568590425, 0.000974399212282, -0.00090647325851, -5.04230629303e-05, -0.002905103378, 0.00681950384751, -0.00111041194759, -0.000195235188585, 0.00114958686754, 0.000307878945023, -0.00359765416943, 0.00204553734511], [-0.000387190055335, 0.000844383786898, -0.00143530732021, 0.00110294437036, 0.000329477043124, 0.00027666366077, -0.00111041194759, 0.00634372327477, -0.00125247403048, -8.81293599377e-05, -0.00137103127781, 0.00228427234106, -0.00127199257258], [0.000505849428009, -0.00114785810001, 0.000763803895097, -0.00213099829853, 4.82024079247e-05, 1.52334150698e-05, -0.000195235188585, -0.00125247403048, 0.00914335343987, -0.00432003382593, 0.00105172442272, -0.000978885451332, 0.00068563548848], [-0.000506416603457, 0.00178214779589, -0.000385471765185, 0.00188607617747, -0.00104703812394, 0.000997007708065, 0.00114958686754, -8.81293599377e-05, -0.00432003382593, 0.0131308473647, -0.00419958028942, 0.00167557282839, -0.00128280255012], [0.000676514348015, -0.00269260606728, 0.000804584589787, -0.00160042918287, 0.00120865216013, -0.00150289328303, 0.000307878945023, -0.00137103127781, 0.00105172442272, -0.00419958028942, 0.0149943986908, -0.00635195057839, -0.000678987009451], [-0.000895512639545, 0.00262605841272, -0.00142589339521, 0.00277372379787, -0.000520753848832, 0.00175642198883, -0.00359765416943, 0.00228427234106, -0.000978885451332, 0.00167557282839, -0.00635195057839, 0.0144901182503, -0.00541986571625], [0.000534999591764, -0.00217910693027, 0.00135197816417, -0.00197810167447, 0.000916572695132, -0.00197044480592, 0.00204553734511, -0.00127199257258, 0.00068563548848, -0.00128280255012, -0.000678987009451, -0.00541986571625, 0.016622716561]], "mean": [-43.6091918945, 114.787773132, -92.115486145, 27.0384216309, -40.0899772644, 12.1896886826, -37.1560935974, 6.84586811066, -28.4303817749, 0.335985511541, -11.6762771606, -5.6669421196, -10.4711112976], "cov": [[7727.86474609, -1215.25598145, -981.798095703, 94.0483932495, -747.565368652, 282.111816406, -375.87399292, 139.852996826, -331.933227539, 149.772918701, -238.185852051, 226.756774902, -95.9139175415], [-1215.25598145, 1420.07775879, -9.45893287659, 23.5899295807, 424.834869385, -146.171203613, 356.090423584, -110.402954102, 159.586013794, -99.0482711792, 191.190231323, -50.8634986877, 112.82975769], [-981.798095703, -9.45893287659, 1016.74572754, 107.799560547, 9.37902069092, 116.660263062, -2.87521743774, 150.419967651, -0.148883387446, -26.3907775879, 7.46725130081, -19.8929672241, -22.5437602997], [94.0483932495, 23.5899295807, 107.799560547, 373.349334717, 141.777374268, -2.38108062744, 13.4414052963, -15.5059556961, 61.5843734741, -15.2168960571, -5.29077720642, -41.8602218628, 7.20677661896], [-747.565368652, 424.834869385, 9.37902069092, 141.777374268, 486.642913818, 62.4883384705, 175.619033813, -73.1463165283, 89.0649185181, -34.9627723694, 49.4997901917, -40.7915878296, 31.5769901276], [282.111816406, -146.171203613, 116.660263062, -2.38108062744, 62.4883384705, 320.354644775, 85.7825927734, 41.644569397, -38.4896965027, -9.75067138672, -3.2184574604, 31.1244659424, -0.00189785740804], [-375.87399292, 356.090423584, -2.87521743774, 13.4414052963, 175.619033813, 85.7825927734, 326.438537598, -14.5823459625, 42.1422119141, -52.1200828552, 69.1547851563, 38.8839416504, 29.5526676178], [139.852996826, -110.402954102, 150.419967651, -15.5059556961, -73.1463165283, 41.644569397, -14.5823459625, 217.762496948, 2.06906580925, 20.8084526062, -2.05385756493, -4.48497915268, -5.65146827698], [-331.933227539, 159.586013794, -0.148883387446, 61.5843734741, 89.0649185181, -38.4896965027, 42.1422119141, 2.06906580925, 172.003250122, 32.6206130981, 29.1768035889, -16.7663650513, 15.5910825729], [149.772918701, -99.0482711792, -26.3907775879, -15.2168960571, -34.9627723694, -9.75067138672, -52.1200828552, 20.8084526062, 32.6206130981, 113.407211304, 12.177116394, 6.10505342484, 1.20307517052], [-238.185852051, 191.190231323, 7.46725130081, -5.29077720642, 49.4997901917, -3.2184574604, 69.1547851563, -2.05385756493, 29.1768035889, 12.177116394, 125.812110901, 42.0851135254, 38.3117599487], [226.756774902, -50.8634986877, -19.8929672241, -41.8602218628, -40.7915878296, 31.1244659424, 38.8839416504, -4.48497915268, -16.7663650513, 6.10505342484, 42.0851135254, 130.895095825, 29.0415611267], [-95.9139175415, 112.82975769, -22.5437602997, 7.20677661896, 31.5769901276, -0.00189785740804, 29.5526676178, -5.65146827698, 15.5910825729, 1.20307517052, 38.3117599487, 29.0415611267, 85.4011077881]]}, "erbbands_spread": {"dmean": 9.23598575592, "dvar2": 296.773071289, "mean": 37.0816001892, "var": 391.779052734, "dmean2": 14.56092453, "dvar": 128.622802734, "min": 0.623030185699, "median": 34.8200340271, "max": 206.480300903}, "erbbands_kurtosis": {"dmean": 1.68598091602, "dvar2": 27.1638298035, "mean": 1.79523849487, "var": 26.5272102356, "dmean2": 2.73054480553, "dvar": 10.9869480133, "min": -1.89607965946, "median": 0.179859444499, "max": 75.2358093262}, "dynamic_complexity": 3.51886820793, "erbbands_crest": {"dmean": 2.82585024834, "dvar2": 16.2396945953, "mean": 10.1088237762, "var": 22.4190044403, "dmean2": 4.57728338242, "dvar": 6.66563892365, "min": 2.38128685951, "median": 9.02190113068, "max": 31.3531093597}, "erbbands": {"dmean": [0.185765787959, 1.2740111351, 5.29667568207, 6.86815881729, 9.9039182663, 9.32686901093, 7.79688549042, 12.7176122665, 10.4066181183, 8.47768878937, 8.7720489502, 6.79906177521, 6.93080186844, 10.7593240738, 19.0875663757, 15.8040866852, 14.6158475876, 12.0843276978, 9.49526786804, 8.45952987671, 10.0333404541, 6.3600487709, 4.05786561966, 4.51077270508, 3.29041814804, 2.88360524178, 2.80830073357, 1.49480688572, 1.14168667793, 1.17685425282, 1.05465888977, 1.01526689529, 0.881506860256, 0.723228275776, 0.412098258734, 0.145446434617, 0.0378672666848, 0.00458512594923, 0.000466958183097, 3.2222338632e-05], "dvar2": [0.400429904461, 23.5037765503, 350.822265625, 727.40612793, 1848.00756836, 914.271972656, 513.106872559, 2249.2800293, 1519.36181641, 948.63092041, 951.153930664, 803.689025879, 1359.30749512, 1321.20202637, 6095.55859375, 3597.76977539, 6047.75390625, 7867.06396484, 2834.03686523, 1553.32458496, 1893.40576172, 718.867248535, 279.25100708, 424.635528564, 137.36265564, 103.633972168, 142.623596191, 38.8444137573, 27.4657783508, 20.8454856873, 23.7373142242, 34.7770690918, 30.7436923981, 21.7311534882, 6.85872268677, 0.548531234264, 0.0351294502616, 0.000513478298672, 5.71127566218e-06, 1.23745591551e-08], "mean": [0.285730957985, 1.77750968933, 10.6245336533, 11.3749799728, 11.631023407, 13.4582843781, 12.4368686676, 18.8952980042, 16.2210941315, 14.7548894882, 15.3080558777, 11.080365181, 13.6670255661, 18.6359596252, 38.5782432556, 29.2627944946, 20.3612174988, 15.9190092087, 14.9347410202, 12.9389781952, 14.0522127151, 10.6895303726, 7.1648349762, 6.9937171936, 5.81917619705, 4.89343166351, 4.22560119629, 2.38611650467, 1.67242670059, 1.71140933037, 1.39818739891, 1.27931952477, 1.17850875854, 0.943274259567, 0.518100202084, 0.166166067123, 0.0388241484761, 0.00453792139888, 0.000450180988992, 6.66683117743e-05], "var": [0.382737874985, 11.4530744553, 249.108581543, 328.994781494, 859.274719238, 463.675689697, 366.372253418, 1180.11779785, 973.641906738, 746.881896973, 1042.11889648, 605.752380371, 2678.33984375, 1749.07165527, 11310.5537109, 4671.35888672, 2687.94018555, 2485.79785156, 1768.67089844, 1009.88934326, 1168.9074707, 1228.92590332, 365.773620605, 299.951568604, 190.0887146, 151.833068848, 160.453277588, 53.3340415955, 21.0831871033, 23.9904975891, 20.8025627136, 33.0206871033, 33.6791229248, 24.1413574219, 6.0360827446, 0.33324059844, 0.0165655314922, 0.000233403043239, 2.51362007475e-06, 7.07381264675e-09], "dmean2": [0.298885077238, 2.0917930603, 8.58655548096, 11.2270374298, 15.9112501144, 15.1590747833, 12.7495307922, 21.2187080383, 17.1849861145, 13.4519319534, 13.510342598, 10.9611644745, 10.5406446457, 17.046459198, 29.9387645721, 24.3555545807, 23.6772975922, 20.4386501312, 15.0679368973, 13.5100383759, 16.1890296936, 9.77821922302, 5.97482061386, 6.94201421738, 4.90571928024, 4.21346139908, 3.98691892624, 2.07977175713, 1.66910839081, 1.64099228382, 1.52405643463, 1.52160763741, 1.30554056168, 1.06876170635, 0.619304835796, 0.225267142057, 0.0590514093637, 0.0072257462889, 0.000738108996302, 4.95194435643e-05], "dvar": [0.16248036921, 8.53523540497, 141.978775024, 279.65435791, 779.725952148, 356.497589111, 195.683105469, 769.985290527, 550.595092773, 373.92980957, 414.800231934, 328.068634033, 593.74395752, 545.72833252, 2987.99633789, 1682.02282715, 2343.08105469, 2844.515625, 1112.85241699, 666.888916016, 801.016113281, 355.065887451, 137.269897461, 187.218902588, 69.8681335449, 58.7476119995, 78.9010543823, 22.1086883545, 12.496386528, 10.9119958878, 11.5194005966, 17.4580612183, 16.0402622223, 11.588968277, 3.31100416183, 0.246331915259, 0.0155183719471, 0.000225108291488, 2.45347473538e-06, 5.46110401345e-09], "min": [1.16605858302e-09, 8.24421242385e-09, 3.88070127144e-08, 1.39024962209e-07, 4.13833049606e-07, 1.02983210581e-06, 2.10229359254e-06, 3.37356073032e-06, 3.90929199057e-06, 2.70390205515e-06, 6.92411049386e-07, 1.11225631372e-06, 3.82461894333e-06, 3.1574707009e-06, 1.86449108242e-06, 5.29719227416e-06, 2.98152008327e-06, 1.70825978785e-06, 1.02905244148e-06, 3.09779011332e-07, 3.88323456946e-07, 2.76929199572e-06, 3.37841129294e-06, 1.64178322848e-06, 1.32524587571e-06, 6.00190332989e-07, 6.16066472503e-07, 7.69040582327e-07, 7.73658257458e-07, 4.92025947096e-07, 3.20244595287e-07, 2.352206252e-07, 1.13251417133e-07, 6.20261317863e-08, 6.95580908427e-08, 5.87922421857e-08, 2.36589272617e-08, 8.28020674248e-09, 2.87482260219e-09, 3.08702685636e-09], "median": [0.0223980788141, 0.499093562365, 4.6838684082, 5.20562982559, 3.375248909, 6.0988483429, 5.56304788589, 5.4216542244, 5.22120189667, 4.99452209473, 4.93416881561, 3.87919807434, 2.82136678696, 4.35062742233, 4.98347854614, 4.75985574722, 6.72188663483, 4.48907375336, 3.61320447922, 4.71211051941, 4.66966676712, 3.27175402641, 1.82926416397, 2.31830620766, 1.72342813015, 1.3785930872, 0.768167853355, 0.302436888218, 0.21480846405, 0.18257381022, 0.138115689158, 0.133985877037, 0.132377147675, 0.110586181283, 0.0687052309513, 0.0191226676106, 0.00384077685885, 0.000503744930029, 5.08976845595e-05, 4.34278190369e-05], "max": [5.33014059067, 34.6461830139, 245.233230591, 300.446228027, 549.533630371, 518.020935059, 304.31817627, 728.207763672, 524.441711426, 596.277038574, 599.770446777, 834.36517334, 1483.95471191, 738.119873047, 3573.07910156, 1555.88952637, 807.547790527, 1430.28820801, 839.649597168, 1060.53649902, 693.917114258, 772.325256348, 304.449951172, 267.716430664, 216.701507568, 193.045761108, 183.600814819, 124.527877808, 107.359634399, 67.5129623413, 122.329376221, 184.189331055, 132.337203979, 113.371925354, 78.8062286377, 16.0887737274, 2.90241312981, 0.481035113335, 0.0412422195077, 0.0017507529119]}, "silence_rate_30dB": {"dmean": 0.0350877195597, "dvar2": 0.0757124572992, "mean": 0.95339769125, "var": 0.0444280877709, "dmean2": 0.0701816603541, "dvar": 0.0338557548821, "min": 0, "median": 1, "max": 1}, "silence_rate_60dB": {"dmean": 0.018075492233, "dvar2": 0.0401675701141, "mean": 0.0621954463422, "var": 0.0583243146539, "dmean2": 0.0361541882157, "dvar": 0.017746033147, "min": 0, "median": 0, "max": 1}, "spectral_energyband_middle_low": {"dmean": 0.00577916903421, "dvar2": 0.000260454806266, "mean": 0.0108664715663, "var": 0.000172802145244, "dmean2": 0.00907552987337, "dvar": 0.000111154542537, "min":