{"lowlevel": {"erbbands": {"mean": [0.273835390806, 2.70809650421, 4.78062963486, 5.36807012558, 12.6004867554, 15.2733230591, 13.1800317764, 17.4630584717, 21.2350959778, 14.9887456894, 17.1479225159, 22.3979530334, 20.1930122375, 16.57563591, 16.0089988708, 12.6319770813, 15.5826625824, 23.0171413422, 22.8300743103, 24.5877304077, 19.8894805908, 22.2874698639, 17.7134437561, 13.118514061, 10.5676660538, 12.3823547363, 14.3064422607, 14.0398979187, 10.4388370514, 5.47141170502, 3.45532226562, 2.57951164246, 1.82893788815, 1.00568473339, 0.875850856304, 0.42872402072, 0.0774609595537, 0.00718341115862, 0.000838774489239, 7.72628118284e-05], "dvar": [0.0938210114837, 6.48864984512, 34.8817481995, 24.1698131561, 187.96383667, 495.332397461, 627.016601562, 1023.63830566, 910.131103516, 785.47857666, 1125.68518066, 1089.35437012, 1004.20092773, 426.808807373, 367.934631348, 165.245483398, 332.47253418, 867.112854004, 889.321838379, 593.785583496, 462.432037354, 449.159942627, 432.390258789, 300.734008789, 159.102905273, 233.967376709, 461.084136963, 632.36920166, 891.796325684, 104.308143616, 46.4201660156, 40.4550819397, 30.5420532227, 4.9464468956, 3.79994940758, 0.715408265591, 0.0238554440439, 0.000204401832889, 3.1001525258e-06, 7.00744751114e-09], "min": [5.52594034881e-23, 1.02612118494e-21, 2.50961165437e-21, 4.51090183917e-21, 1.55683146101e-20, 2.82274188499e-20, 3.30251342574e-20, 8.03113534137e-20, 8.76186927944e-20, 2.31725601319e-19, 2.1490157484e-19, 2.86428295998e-19, 4.76855044079e-19, 8.21479838868e-19, 1.09632584853e-18, 1.10666467561e-18, 1.61506094363e-18, 1.38226771063e-18, 2.53719475607e-18, 2.60809736945e-18, 3.26623948793e-18, 4.68906396739e-18, 4.72366617318e-18, 6.5734405462e-18, 6.76529681747e-18, 7.43737279337e-18, 7.66278530055e-18, 1.02938764299e-17, 1.02614302703e-17, 1.07969130845e-17, 1.04096932962e-17, 8.59144939374e-18, 1.02601762645e-17, 7.32226895677e-18, 6.09181091223e-18, 3.94368696792e-18, 2.28312747169e-18, 9.83059800459e-19, 2.58892099641e-19, 2.6658926081e-20], "dmean": [0.177736908197, 1.46523487568, 3.21640372276, 3.05521678925, 9.09349918365, 10.9111061096, 9.26045227051, 11.5768156052, 13.0062656403, 10.0782327652, 12.6720647812, 14.2922477722, 12.0287780762, 10.0885868073, 10.3358850479, 7.32137203217, 8.58542442322, 13.3765029907, 13.2810163498, 13.3473072052, 10.9820833206, 11.5207576752, 10.215877533, 7.89943027496, 6.26811313629, 7.19928407669, 8.8685131073, 8.92203903198, 6.94915676117, 3.49146533012, 2.20449852943, 1.699655056, 1.28467452526, 0.792518734932, 0.833023667336, 0.432668209076, 0.0800635442138, 0.00740257604048, 0.000905630877241, 5.27165830135e-05], "dmean2": [0.293446987867, 2.41761565208, 5.47386932373, 5.24326372147, 15.0635814667, 18.2286643982, 15.6888904572, 19.2808895111, 20.3834705353, 15.7611618042, 19.8060188293, 22.6935062408, 18.172044754, 15.5432415009, 16.5494499207, 11.5299272537, 13.14021492, 20.9821739197, 21.0590171814, 19.8582305908, 16.6228752136, 17.3534736633, 15.4187431335, 12.1247339249, 9.58236503601, 11.1382913589, 13.7938222885, 13.6708374023, 10.6164188385, 5.0042257309, 3.17261052132, 2.34940195084, 1.80165481567, 1.14491176605, 1.25738108158, 0.66610199213, 0.123685285449, 0.0114166345447, 0.00141881231684, 7.72575294832e-05], "dvar2": [0.256679594517, 17.7970333099, 96.3809204102, 68.5045700073, 477.139373779, 1351.76208496, 1758.95812988, 2827.77685547, 2254.45825195, 1905.13903809, 2723.41674805, 2724.13720703, 2296.97998047, 989.092224121, 923.20123291, 399.39666748, 761.400146484, 2219.91503906, 2322.29760742, 1391.62194824, 1090.14050293, 985.120361328, 966.338378906, 690.152770996, 356.010498047, 569.63861084, 1182.71777344, 1509.59729004, 2228.15649414, 237.994674683, 105.926582336, 79.6065979004, 65.2380142212, 10.8931999207, 8.70661449432, 1.64442944527, 0.0559033602476, 0.000480306422105, 7.34395689506e-06, 1.5591027136e-08], "max": [3.61829638481, 29.8418045044, 69.6595840454, 83.5523376465, 154.305511475, 250.295593262, 396.644989014, 395.299102783, 528.368591309, 662.388793945, 403.979125977, 465.833068848, 652.101135254, 599.460021973, 379.813171387, 237.14151001, 273.068847656, 766.25189209, 545.202148438, 363.990905762, 344.073516846, 430.121337891, 425.339538574, 514.363525391, 233.982803345, 363.678131104, 590.219482422, 783.72467041, 1114.85620117, 297.559570312, 192.558288574, 210.951416016, 206.553024292, 58.4620780945, 60.3694801331, 11.4552402496, 1.95180857182, 0.212424635887, 0.0220921449363, 0.000912969175261], "median": [0.152169317007, 1.40739500523, 2.5526099205, 3.069262743, 7.53531312943, 8.19247722626, 6.45027446747, 7.78252840042, 8.17034816742, 6.02814054489, 6.14161729813, 9.14062786102, 8.8594827652, 7.44630622864, 8.49010848999, 7.26543712616, 8.50144672394, 12.1235971451, 12.7739210129, 13.0768957138, 11.3918428421, 13.1429281235, 9.6564207077, 6.717441082, 4.9214015007, 5.00185775757, 4.51657915115, 3.525806427, 1.71244895458, 0.938019037247, 0.601709127426, 0.364973813295, 0.254435956478, 0.173565104604, 0.0980976074934, 0.0338394455612, 0.0054019340314, 0.000487380719278, 5.24795250385e-05, 4.08541382058e-05], "var": [0.131420314312, 11.2888011932, 41.355430603, 44.4442100525, 233.001693726, 495.50668335, 564.489318848, 986.850158691, 1592.38562012, 1224.20385742, 1300.06689453, 1599.35839844, 1820.27587891, 829.938110352, 529.180419922, 277.901885986, 539.302612305, 1178.54077148, 1074.86376953, 1132.33850098, 730.598388672, 857.005737305, 670.035705566, 428.386108398, 269.490997314, 391.930419922, 704.020751953, 1112.34362793, 1337.14074707, 192.011611938, 86.5157394409, 84.3786239624, 49.7569580078, 7.62811756134, 5.06617069244, 0.893952071667, 0.0283234044909, 0.000239884495386, 3.25295809489e-06, 9.63915525176e-09]}, "gfcc": {"icov": [[0.000149514744407, -0.000285831629299, 0.000254847109318, -0.00035049507278, 0.000345600128639, -0.000517382111866, 0.000599884486292, -0.000515272084158, 0.000384475541068, -0.000838009465951, 0.000569683732465, -0.000529203447513, 0.000309107796056], [-0.000285831629299, 0.00171013234649, 3.6346980778e-05, 0.000698031741194, -0.0012849830091, 0.00180818070658, -0.000997578259557, 0.000877908314578, -0.00106711615808, 0.00158817891497, -0.00222269981168, 0.00239085732028, -0.0019773482345], [0.000254847109318, 3.6346980778e-05, 0.00217940611765, -0.000417684321292, 0.000188149191672, -0.00147075112909, 0.000722672033589, -0.000815798935946, -0.000581825966947, -0.00192524422891, 0.000417667324655, -0.00136692647357, 0.00108476460446], [-0.00035049507278, 0.000698031741194, -0.000417684321292, 0.00461683468893, -0.000484169519041, -0.000629561604001, -0.00219354219735, 0.00308527285233, -0.0026791812852, 0.0019513607258, -0.00120567111298, 0.0018212023424, -0.00152625120245], [0.000345600128639, -0.0012849830091, 0.000188149191672, -0.000484169519041, 0.00444549880922, -0.000829911848996, 1.3675059563e-05, -0.00248311669566, 0.00123956799507, -0.0016394816339, 0.00108197017107, -0.0031815492548, 0.000796868524048], [-0.000517382111866, 0.00180818070658, -0.00147075112909, -0.000629561604001, -0.000829911848996, 0.00965468771756, -0.00328960479237, -0.000579713901971, -4.85904347443e-05, 0.00381756504066, -0.00138346257154, 0.000937085133046, -0.00191476941109], [0.000599884486292, -0.000997578259557, 0.000722672033589, -0.00219354219735, 1.3675059563e-05, -0.00328960479237, 0.0102295894176, -0.00289406930096, 0.000414089241531, -0.00271431170404, 0.000665269559249, 0.000149343584781, -0.00065300159622], [-0.000515272084158, 0.000877908314578, -0.000815798935946, 0.00308527285233, -0.00248311669566, -0.000579713901971, -0.00289406930096, 0.0138282654807, -0.00342632038519, -0.00104211631697, -0.000553391699214, 0.0022802434396, -0.000276333681541], [0.000384475541068, -0.00106711615808, -0.000581825966947, -0.0026791812852, 0.00123956799507, -4.85904347443e-05, 0.000414089241531, -0.00342632038519, 0.0151584204286, -0.00504709081724, -0.00259342812933, 0.0011877939105, -0.00144299957901], [-0.000838009465951, 0.00158817891497, -0.00192524422891, 0.0019513607258, -0.0016394816339, 0.00381756504066, -0.00271431170404, -0.00104211631697, -0.00504709081724, 0.0196936856955, -0.00505098421127, -0.000286501366645, 0.000559010193683], [0.000569683732465, -0.00222269981168, 0.000417667324655, -0.00120567111298, 0.00108197017107, -0.00138346257154, 0.000665269559249, -0.000553391699214, -0.00259342812933, -0.00505098421127, 0.0185857471079, -0.00419929204509, -0.00268901023082], [-0.000529203447513, 0.00239085732028, -0.00136692647357, 0.0018212023424, -0.0031815492548, 0.000937085133046, 0.000149343584781, 0.0022802434396, 0.0011877939105, -0.000286501366645, -0.00419929204509, 0.0194920431823, -0.0063305334188], [0.000309107796056, -0.0019773482345, 0.00108476460446, -0.00152625120245, 0.000796868524048, -0.00191476941109, -0.00065300159622, -0.000276333681541, -0.00144299957901, 0.000559010193683, -0.00268901023082, -0.0063305334188, 0.0239711105824]], "mean": [-16.7346477509, 96.2305450439, -107.471763611, 42.8738365173, -45.2713317871, 12.8142290115, -33.2008056641, 7.91452503204, -24.8210887909, 5.60182619095, -20.3158092499, 0.120629116893, -4.90731811523], "cov": [[25794.5976562, 999.034667969, -1868.25500488, 405.852050781, -955.526794434, 324.698181152, -905.178405762, 231.502700806, -422.655761719, 319.487304688, -457.815246582, 95.9984970093, -163.013687134], [999.034667969, 1940.33105469, -550.324035645, -45.6719474792, 261.802185059, -287.104736328, 56.197933197, -8.09767436981, 104.644935608, -11.5673770905, 177.699462891, -112.302482605, 135.814910889], [-1868.25500488, -550.324035645, 907.891601562, 28.8142910004, 59.4774589539, 140.569839478, 69.5847396851, 55.8549842834, 72.2433547974, 65.8697280884, 17.998758316, 65.4247894287, -26.6540126801], [405.852050781, -45.6719474792, 28.8142910004, 371.398803711, -49.9966621399, 86.5501403809, 61.2509689331, -40.7960472107, 48.6256713867, -12.3834161758, 14.6258821487, -16.3932380676, 23.6433868408], [-955.526794434, 261.802185059, 59.4774589539, -49.9966621399, 393.678070068, -29.7016830444, 74.5189819336, 54.4896583557, 30.3392124176, 20.9889259338, 50.5420341492, 28.5503196716, 29.7874565125], [324.698181152, -287.104736328, 140.569839478, 86.5501403809, -29.7016830444, 206.420700073, 35.3173027039, 23.629278183, -7.04769611359, -1.41761744022, -22.9870204926, 21.0413551331, -7.42306852341], [-905.178405762, 56.197933197, 69.5847396851, 61.2509689331, 74.5189819336, 35.3173027039, 180.245330811, 21.1778583527, 45.3035011292, 3.37785482407, 37.746055603, -11.7285137177, 26.3422775269], [231.502700806, -8.09767436981, 55.8549842834, -40.7960472107, 54.4896583557, 23.629278183, 21.1778583527, 115.708862305, 21.0021800995, 35.3825302124, 3.00700950623, 7.6582570076, -3.99251866341], [-422.655761719, 104.644935608, 72.2433547974, 48.6256713867, 30.3392124176, -7.04769611359, 45.3035011292, 21.0021800995, 117.438575745, 28.9459877014, 49.0540809631, -9.96830368042, 23.0783786774], [319.487304688, -11.5673770905, 65.8697280884, -12.3834161758, 20.9889259338, -1.41761744022, 3.37785482407, 35.3825302124, 28.9459877014, 89.7528762817, 18.1910743713, 17.7725925446, -2.77069115639], [-457.815246582, 177.699462891, 17.998758316, 14.6258821487, 50.5420341492, -22.9870204926, 37.746055603, 3.00700950623, 49.0540809631, 18.1910743713, 101.283737183, 4.27927875519, 33.2456207275], [95.9984970093, -112.302482605, 65.4247894287, -16.3932380676, 28.5503196716, 21.0413551331, -11.7285137177, 7.6582570076, -9.96830368042, 17.7725925446, 4.27927875519, 80.6303253174, 6.7535867691], [-163.013687134, 135.814910889, -26.6540126801, 23.6433868408, 29.7874565125, -7.42306852341, 26.3422775269, -3.99251866341, 23.0783786774, -2.77069115639, 33.2456207275, 6.7535867691, 63.7889480591]]}, "spectral_skewness": {"mean": 1.41394364834, "dvar": 0.0651668012142, "min": -0.324663370848, "dmean": 0.223222285509, "dmean2": 0.353979021311, "dvar2": 0.162709653378, "max": 5.17520523071, "median": 1.40918004513, "var": 0.257129788399}, "spectral_energyband_low": {"mean": 0.0163435861468, "dvar": 0.000192337261979, "min": 1.96381668541e-23, "dmean": 0.00826437398791, "dmean2": 0.0136687755585, "dvar2": 0.000514977669809, "max": 0.153214335442, "median": 0.0120071405545, "var": 0.000306685396936}, "spectral_energyband_middle_low": {"mean": 0.0119683723897, "dvar": 0.000133896479383, "min": 1.88964788844e-22, "dmean": 0.005858710967, "dmean2": 0.009576799348, "dvar2": 0.000354528136086, "max": 0.152553081512, "median": 0.00944856740534, "var": 0.000155189016368}, "mfcc": {"icov": [[0.000100374578324, -5.33266211278e-05, 1.32361265059e-05, 6.38218116364e-05, 4.24273421231e-05, -0.000143899465911, 0.000203935574973, 0.000106992978544, -0.000104385442683, 3.17142439599e-05, -6.59659126541e-05, -5.85755951761e-05, 0.000120414712001], [-5.33266211278e-05, 0.000915066862945, 0.000485105381813, -0.000703067169525, -0.000460429349914, 0.000824819726404, -0.000476794899441, 0.000491763057653, -3.68817309209e-05, -0.000276268168818, 8.88666763785e-05, -0.000394840724766, -8.98611688172e-05], [1.32361265059e-05, 0.000485105381813, 0.00207322160713, 0.00011120459385, -0.000151623942656, -0.00119972391985, 0.000754064531066, -0.000344779080478, 0.000211990438402, -0.00135072378907, 0.000617016805336, -0.00111853785347, -0.000528934702743], [6.38218116364e-05, -0.000703067169525, 0.00011120459385, 0.00512944487855, -0.000277945509879, -0.00256236013956, 0.000493126688525, 0.0004901503562, -0.000998749048449, -1.41871241794e-05, -0.000319261918776, -0.00128882704303, -0.000498443492688], [4.24273421231e-05, -0.000460429349914, -0.000151623942656, -0.000277945509879, 0.00575308641419, -0.000228866105317, -0.000494804640766, -0.00130745128263, -0.00021025876049, 0.000717032584362, -0.0013682708377, -3.77782707801e-05, -0.000382659112802], [-0.000143899465911, 0.000824819726404, -0.00119972391985, -0.00256236013956, -0.000228866105317, 0.00992717500776, -0.00247744144872, -0.00198476831429, -0.000705386977643, 0.00188628747128, -0.00137155270204, 0.00142865057569, 0.000622166378889], [0.000203935574973, -0.000476794899441, 0.000754064531066, 0.000493126688525, -0.000494804640766, -0.00247744144872, 0.0107042845339, -0.00334100285545, -0.00159414741211, -0.00144617818296, 0.000461968360469, -0.000351713038981, -0.0014674635604], [0.000106992978544, 0.000491763057653, -0.000344779080478, 0.0004901503562, -0.00130745128263, -0.00198476831429, -0.00334100285545, 0.0151548944414, -0.0041858907789, 0.00081028387649, -3.22691448673e-05, 0.000322757114191, 0.000498742039781], [-0.000104385442683, -3.68817309209e-05, 0.000211990438402, -0.000998749048449, -0.00021025876049, -0.000705386977643, -0.00159414741211, -0.0041858907789, 0.0171600822359, -0.00543508399278, -0.000443203403847, -0.00139708211645, 0.00101900601294], [3.17142439599e-05, -0.000276268168818, -0.00135072378907, -1.41871241794e-05, 0.000717032584362, 0.00188628747128, -0.00144617818296, 0.00081028387649, -0.00543508399278, 0.0175140611827, -0.00593899609521, -0.000586930371355, -0.000233535698499], [-6.59659126541e-05, 8.88666763785e-05, 0.000617016805336, -0.000319261918776, -0.0013682708377, -0.00137155270204, 0.000461968360469, -3.22691448673e-05, -0.000443203403847, -0.00593899609521, 0.0213719569147, -0.00647979741916, 0.000136571063194], [-5.85755951761e-05, -0.000394840724766, -0.00111853785347, -0.00128882704303, -3.77782707801e-05, 0.00142865057569, -0.000351713038981, 0.000322757114191, -0.00139708211645, -0.000586930371355, -0.00647979741916, 0.0235439240932, -0.00801047869027], [0.000120414712001, -8.98611688172e-05, -0.000528934702743, -0.000498443492688, -0.000382659112802, 0.000622166378889, -0.0014674635604, 0.000498742039781, 0.00101900601294, -0.000233535698499, 0.000136571063194, -0.00801047869027, 0.0202455371618]], "mean": [-652.246459961, 124.362342834, -0.959830343723, 35.6946907043, 8.21860980988, 12.0063123703, 3.25040364265, 1.72080671787, 6.67337608337, -0.0304284337908, -1.38177347183, -1.03836488724, -4.83110237122], "cov": [[11173.296875, 660.568664551, -214.229797363, -13.3278894424, -86.2046737671, -1.08043062687, -235.082763672, -157.797805786, 9.59030342102, -21.0068626404, 34.3439369202, 8.17316055298, -81.9199981689], [660.568664551, 1898.94348145, -538.618896484, 211.383590698, 129.339736938, -168.121032715, 52.0081558228, -83.1694793701, 18.3100204468, 27.2815570831, 32.7689056396, 52.4450187683, 28.9845466614], [-214.229797363, -538.618896484, 737.829101562, -17.3364334106, -9.48957252502, 120.705215454, -16.5614376068, 48.8396148682, 17.028465271, 41.7377433777, 7.89578723907, 28.0251979828, 22.1005783081], [-13.3278894424, 211.383590698, -17.3364334106, 266.889129639, 40.9791755676, 54.3278617859, 23.5634479523, 6.12682199478, 28.8339481354, 14.0402956009, 22.2080116272, 28.5096054077, 17.6385440826], [-86.2046737671, 129.339736938, -9.48957252502, 40.9791755676, 200.758483887, 14.923368454, 31.0554733276, 24.7505264282, 16.8991451263, 5.43137598038, 19.1482105255, 13.5275716782, 11.2602882385], [-1.08043062687, -168.121032715, 120.705215454, 54.3278617859, 14.923368454, 164.610443115, 36.6204872131, 43.6305656433, 22.2882385254, -0.743411362171, 8.86691379547, -0.694850027561, -0.910872220993], [-235.082763672, 52.0081558228, -16.5614376068, 23.5634479523, 31.0554733276, 36.6204872131, 131.647842407, 42.226398468, 30.2067203522, 16.6674861908, 9.2943611145, 8.79678630829, 11.8299045563], [-157.797805786, -83.1694793701, 48.8396148682, 6.12682199478, 24.7505264282, 43.6305656433, 42.226398468, 95.8684463501, 30.5531482697, 7.39653491974, 5.23609972, 1.30503165722, 0.850768923759], [9.59030342102, 18.3100204468, 17.028465271, 28.8339481354, 16.8991451263, 22.2882385254, 30.2067203522, 30.5531482697, 82.2770462036, 30.9928016663, 15.9150743484, 12.5981826782, 3.34391617775], [-21.0068626404, 27.2815570831, 41.7377433777, 14.0402956009, 5.43137598038, -0.743411362171, 16.6674861908, 7.39653491974, 30.9928016663, 81.3048019409, 27.3671131134, 17.8485107422, 9.08891963959], [34.3439369202, 32.7689056396, 7.89578723907, 22.2080116272, 19.1482105255, 8.86691379547, 9.2943611145, 5.23609972, 15.9150743484, 27.3671131134, 63.7260818481, 24.3725605011, 10.0565137863], [8.17316055298, 52.4450187683, 28.0251979828, 28.5096054077, 13.5275716782, -0.694850027561, 8.79678630829, 1.30503165722, 12.5981826782, 17.8485107422, 24.3725605011, 63.5474815369, 27.0517482758], [-81.9199981689, 28.9845466614, 22.1005783081, 17.6385440826, 11.2602882385, -0.910872220993, 11.8299045563, 0.850768923759, 3.34391617775, 9.08891963959, 10.0565137863, 27.0517482758, 62.6706466675]]}, "silence_rate_20dB": {"mean": 1, "dvar": 0, "min": 1, "dmean": 0, "dmean2": 0, "dvar2": 0, "max": 1, "median": 1, "var": 0}, "dynamic_complexity": 3.24897408485, "silence_rate_60dB": {"mean": 0.0803235247731, "dvar": 0.0242091733962, "min": 0, "dmean": 0.0248256623745, "dmean2": 0.0496582500637, "dvar2": 0.0508223548532, "max": 1, "median": 0, "var": 0.0738658756018}, "dissonance": {"mean": 0.471415489912, "dvar": 0.000176283268956, "min": 0.24024631083, "dmean": 0.0128683624789, "dmean2": 0.0210214648396, "dvar2": 0.000427350401878, "max": 0.500000059605, "median": 0.476544767618, "var": 0.000521262758411}, "barkbands": {"mean": [0.000682033074554, 0.0115219084546, 0.00326439831406, 0.00213673431426, 0.00469085527584, 0.00191793066915, 0.00140576343983, 0.000610696850345, 0.00107481598388, 0.000603725668043, 0.000260124186752, 0.000401768076699, 0.000343369407346, 0.000464184209704, 0.000457355869003, 0.000369879155187, 0.000369223009329, 0.000278986262856, 0.000235228537349, 0.000291726464638, 0.000331945979269, 0.000261869718088, 0.000133654204546, 0.000118268035294, 0.000105957042251, 6.14329474047e-05, 4.16824786953e-06], "dvar": [9.6060659871e-07, 0.000111686487799, 2.67748800979e-05, 2.83076792584e-06, 3.39836296916e-05, 1.51926624312e-05, 4.58359500044e-06, 1.55844452365e-06, 2.12519466913e-06, 7.25033260096e-07, 1.84397919156e-07, 2.30913983046e-07, 1.40376641866e-07, 4.66588574e-07, 2.1196260036e-07, 1.91154398976e-07, 1.26127773115e-07, 1.15860551375e-07, 1.00518604995e-07, 1.94477863147e-07, 2.76654787967e-07, 5.11747828114e-07, 6.77048035413e-08, 1.01990934809e-07, 5.14836777654e-08, 1.48913059661e-08, 7.73058492221e-11], "min": [7.23403150154e-25, 2.92911351072e-24, 7.81314464586e-25, 1.96505719877e-25, 9.00175647607e-24, 7.62418997653e-24, 1.53790626506e-23, 6.49900137981e-24, 1.23158873566e-23, 1.50739691178e-23, 2.0681686259e-23, 2.70544454393e-23, 2.20479917692e-23, 3.60353964979e-23, 3.75221531796e-23, 5.82128166758e-23, 4.64775262122e-23, 7.06168276841e-23, 1.36813143913e-22, 1.43395462415e-22, 2.47132097712e-22, 3.01123656575e-22, 3.88387778077e-22, 5.69273684618e-22, 7.46985492556e-22, 1.33349017126e-21, 1.87582954449e-21], "dmean": [0.000510633166414, 0.00616907794029, 0.00261471956037, 0.00121471402235, 0.00327975396067, 0.0013437087182, 0.000902211409993, 0.000491688027978, 0.000658364733681, 0.000380106212106, 0.000188897858607, 0.000262460293015, 0.000195405620616, 0.000293549092021, 0.000247533578658, 0.000215229025343, 0.00019330716168, 0.000173820808413, 0.000146278573084, 0.000177612178959, 0.00020695317653, 0.000175533728907, 8.60242143972e-05, 8.01380883786e-05, 9.3479793577e-05, 6.29561036476e-05, 4.53442498838e-06], "dmean2": [0.000879575731233, 0.0101209897548, 0.0045277569443, 0.00204579764977, 0.00540285371244, 0.00227501941845, 0.00141178222839, 0.000767802295741, 0.00102867430542, 0.000586314476095, 0.000307028298266, 0.000412369758124, 0.00029995868681, 0.000473331980174, 0.000379882869311, 0.000323728367221, 0.000294926256174, 0.000265967770247, 0.000226051110076, 0.000277856859611, 0.000315659708576, 0.000265206530457, 0.000123902660562, 0.000108924701635, 0.000138283969136, 9.6883813967e-05, 7.09497226126e-06], "dvar2": [2.75875186162e-06, 0.000305190711515, 7.55533401389e-05, 7.66344237491e-06, 8.86958296178e-05, 4.28079147241e-05, 1.14927597679e-05, 3.75192416868e-06, 5.24731512996e-06, 1.67623488778e-06, 4.63162081132e-07, 5.55465476282e-07, 3.17522761861e-07, 1.23528252516e-06, 5.2270507922e-07, 4.4233479457e-07, 2.81492873455e-07, 2.59553218029e-07, 2.30777772003e-07, 5.13372981459e-07, 6.91382751938e-07, 1.26982615711e-06, 1.55806574753e-07, 2.04634730494e-07, 1.15961874769e-07, 3.45190578344e-08, 1.83803722242e-10], "max": [0.0201032273471, 0.130967244506, 0.0678525567055, 0.029655335471, 0.0648751184344, 0.0543835684657, 0.035744138062, 0.0160948634148, 0.0255378335714, 0.0187734775245, 0.0102236270905, 0.00972338858992, 0.00598507467657, 0.0130368480459, 0.00647490750998, 0.00685242004693, 0.00650411657989, 0.00611007632688, 0.00870218500495, 0.015970768407, 0.0111595876515, 0.0303131341934, 0.00746842753142, 0.00964322686195, 0.00659122178331, 0.0017282726476, 0.000129599720822], "median": [0.000294088327792, 0.00667871255428, 0.00134525715839, 0.00108631153125, 0.00284240581095, 0.00092876330018, 0.000482810923131, 0.000171217747265, 0.000436980364611, 0.000237849730183, 0.000111486966489, 0.000188873164007, 0.000192726103705, 0.000242546011577, 0.000251066667261, 0.000198009598535, 0.000219102075789, 0.000137042297865, 0.000113822054118, 0.000109755579615, 9.83184945653e-05, 4.22982338932e-05, 2.3401571525e-05, 1.64529246831e-05, 1.52250249812e-05, 4.39060931967e-06, 1.81761123486e-07], "var": [1.26858549265e-06, 0.000190869410289, 2.64599111688e-05, 8.37662537378e-06, 3.75358358724e-05, 1.25615115394e-05, 7.37676555218e-06, 1.88290619008e-06, 3.71237001673e-06, 1.29494776502e-06, 2.32247046483e-07, 3.7617726889e-07, 2.4548594979e-07, 5.31983687324e-07, 3.77932451556e-07, 2.87270097488e-07, 2.3354269274e-07, 1.79772086994e-07, 1.4881626953e-07, 2.86918776737e-07, 4.09197951967e-07, 8.12507039427e-07, 1.25272507034e-07, 1.94728627889e-07, 7.30565830054e-08, 1.80972143937e-08, 8.21363324577e-11]}, "spectral_complexity": {"mean": 20.3472328186, "dvar": 33.6044616699, "min": 0, "dmean": 4.56987428665, "dmean2": 6.24801206589, "dvar2": 53.8668403625, "max": 65, "median": 20, "var": 139.8387146}, "spectral_energyband_high": {"mean": 0.00120926310774, "dvar": 2.18955210585e-06, "min": 6.98229455846e-21, "dmean": 0.000703606230672, "dmean2": 0.000988935353234, "dvar2": 4.80192602481e-06, "max": 0.0367134399712, "median": 0.000346882035956, "var": 4.82298173665e-06}, "hfc": {"mean": 19.8296432495, "dvar": 227.28036499, "min": 1.09462292767e-16, "dmean": 8.70198535919, "dmean2": 11.9535999298, "dvar2": 503.468170166, "max": 220.723327637, "median": 13.0045509338, "var": 456.776489258}, "melbands_kurtosis": {"mean": 24.0117874146, "dvar": 538.110229492, "min": -1.89089095592, "dmean": 10.5500802994, "dmean2": 16.4343109131, "dvar2": 1189.72521973, "max": 600.760375977, "median": 11.9121704102, "var": 1838.18249512}, "spectral_strongpeak": {"mean": 0.484966725111, "dvar": 0.286386728287, "min": 0, "dmean": 0.26887139678, "dmean2": 0.460743546486, "dvar2": 0.793623268604, "max": 13.5176477432, "median": 0.355474114418, "var": 0.29277035594}, "silence_rate_30dB": {"mean": 0.993166923523, "dvar": 0.0102144898847, "min": 0, "dmean": 0.0103207807988, "dmean2": 0.020644441247, "dvar2": 0.027193473652, "max": 1, "median": 1, "var": 0.00678584631532}, "melbands_spread": {"mean": 22.8571586609, "dvar": 143.46572876, "min": 0.497458070517, "dmean": 7.29225921631, "dmean2": 11.0545902252, "dvar2": 291.358459473, "max": 206.790481567, "median": 16.3931274414, "var": 626.86932373}, "melbands_crest": {"mean": 14.9652299881, "dvar": 7.7826924324, "min": 1.64712834358, "dmean": 3.20212769508, "dmean2": 5.29148006439, "dvar2": 21.2270126343, "max": 36.6991424561, "median": 14.7843933105, "var": 22.9058380127}, "average_loudness": 0.96186619997, "spectral_flux": {"mean": 0.0853815078735, "dvar": 0.00153987214435, "min": 6.24013687944e-11, "dmean": 0.0299847759306, "dmean2": 0.0467806905508, "dvar2": 0.00337854633108, "max": 0.393087536097, "median": 0.0737105607986, "var": 0.00302951992489}, "spectral_rolloff": {"mean": 1582.18493652, "dvar": 1169082.375, "min": 43.06640625, "dmean": 561.79510498, "dmean2": 903.690551758, "dvar2": 2395501.25, "max": 19724.4140625, "median": 775.1953125, "var": 6555006.5}, "melbands": {"mean": [0.0028974309098, 0.00302908476442, 0.00111959513742, 0.00111772515811, 0.000485687894979, 0.00038522030809, 0.000316970865242, 0.000148710634676, 0.000151988933794, 0.000140626827488, 0.000101238831121, 7.0343950938e-05, 4.62749230792e-05, 4.92621220474e-05, 2.75415459328e-05, 3.69483532268e-05, 4.3267289584e-05, 3.80319470423e-05, 2.94766578008e-05, 3.01006348309e-05, 2.08963301702e-05, 2.28224980674e-05, 1.78080408659e-05, 1.52460497702e-05, 9.98667383101e-06, 8.82303993421e-06, 6.65868401484e-06, 8.77380807651e-06, 9.9654916994e-06, 7.62832587498e-06, 8.26267387311e-06, 6.59238867229e-06, 3.65949449588e-06, 2.88375713353e-06, 2.14438819057e-06, 1.50781852426e-06, 1.60844308539e-06, 1.44914872635e-06, 8.24774076591e-07, 8.45633621793e-07], "dvar": [7.81869675848e-06, 9.28173176362e-06, 8.04497688023e-07, 2.18656077777e-06, 7.11942618636e-07, 5.11181497131e-07, 1.99687093527e-07, 7.3974753434e-08, 8.1027664578e-08, 4.32642934811e-08, 2.51337830548e-08, 7.6858714948e-09, 3.44641404304e-09, 3.761264189e-09, 9.42492306422e-10, 2.05702832545e-09, 3.3332876459e-09, 3.01131564129e-09, 1.07641207059e-09, 1.13624065712e-09, 6.14525486053e-10, 6.19520157397e-10, 2.78007422638e-10, 3.81927239834e-10, 2.22532936522e-10, 1.41204076209e-10, 6.74665601164e-11, 1.51798920656e-10, 3.15171194698e-10, 2.1857837762e-10, 3.22402327058e-10, 4.72569594567e-10, 8.4908372e-11, 3.43486905585e-11, 1.90791809435e-11, 1.46315164845e-11, 1.93751351768e-11, 2.3337337271e-11, 5.75866784813e-12, 4.16008460319e-12], "min": [9.13641937133e-25, 1.68174258713e-24, 1.40486956712e-24, 1.39413563539e-24, 1.03658265516e-24, 1.76328753333e-24, 1.84611280078e-24, 1.04576825015e-24, 1.77864862731e-24, 1.69414328334e-24, 1.55714940272e-24, 2.40297977175e-24, 2.89121189967e-24, 2.34059172099e-24, 1.77218351776e-24, 3.37100262425e-24, 2.39438730156e-24, 3.232627744e-24, 2.90231807514e-24, 3.12601417874e-24, 3.53913057683e-24, 3.2003286231e-24, 4.40376630516e-24, 3.46734936205e-24, 4.93311879383e-24, 4.13210272535e-24, 4.21889044113e-24, 4.17633967834e-24, 4.34108775637e-24, 4.28495793638e-24, 5.59250593083e-24, 5.25181110536e-24, 5.56139089015e-24, 4.87777744032e-24, 5.06815600359e-24, 5.28590922356e-24, 5.23650523165e-24, 4.93712936268e-24, 5.15276449112e-24, 5.2422721993e-24], "dmean": [0.00163173500914, 0.00172860664316, 0.000627045985311, 0.000820951187052, 0.000327380927047, 0.000256794621237, 0.000193722633412, 0.000101428624475, 0.000109710454126, 8.95885023056e-05, 6.10443457845e-05, 4.3852822273e-05, 3.04091281578e-05, 3.26738809235e-05, 1.5736433852e-05, 2.10040743696e-05, 2.62846861006e-05, 2.34447470575e-05, 1.66526660905e-05, 1.71172177943e-05, 1.23897598314e-05, 1.29318050313e-05, 9.31315207708e-06, 9.86311169981e-06, 6.47745127935e-06, 5.58983174415e-06, 4.11957671531e-06, 5.37010100743e-06, 6.4261771513e-06, 5.25960012965e-06, 5.46394494449e-06, 4.69377619083e-06, 2.56638054452e-06, 1.94287099475e-06, 1.4506002799e-06, 9.9569183476e-07, 1.10902283268e-06, 1.05270487438e-06, 6.19308934802e-07, 6.91403613473e-07], "dmean2": [0.00267864274792, 0.00289316684939, 0.0010505967075, 0.00135934841819, 0.000553958292585, 0.000428680854384, 0.000303222885123, 0.000158613111125, 0.00017151676002, 0.000141821306897, 9.22575200093e-05, 6.78509386489e-05, 4.90070087835e-05, 5.14574458066e-05, 2.45189894486e-05, 3.23985077557e-05, 4.16374678025e-05, 3.77347387257e-05, 2.56430284935e-05, 2.54531787505e-05, 1.92270836123e-05, 1.98118304979e-05, 1.41089321914e-05, 1.53405471792e-05, 1.0122123058e-05, 8.7855169113e-06, 6.39671270619e-06, 8.43312409415e-06, 1.01760379039e-05, 8.26463747217e-06, 8.56464885146e-06, 7.35153071219e-06, 3.83512178814e-06, 2.84654129246e-06, 2.12961253965e-06, 1.411615699e-06, 1.56341479851e-06, 1.4938101458e-06, 9.01879502635e-07, 1.01628654647e-06], "dvar2": [2.1306113922e-05, 2.51039182331e-05, 2.15694240069e-06, 5.73317220187e-06, 1.99999976758e-06, 1.42078602039e-06, 4.99408429278e-07, 1.77755126174e-07, 1.96838612965e-07, 1.08417694378e-07, 5.74075436077e-08, 1.76747398939e-08, 8.64372395881e-09, 8.86076101381e-09, 2.24101426305e-09, 4.76413175576e-09, 8.64782023768e-09, 8.03784860892e-09, 2.69990096946e-09, 2.61247667943e-09, 1.50814571942e-09, 1.41627742867e-09, 6.11461048461e-10, 8.91619056365e-10, 5.24496113208e-10, 3.24451826517e-10, 1.52078613591e-10, 3.86175147415e-10, 8.45096437274e-10, 5.77835723714e-10, 7.72717945186e-10, 1.20763732347e-09, 2.04166100692e-10, 8.32845181709e-11, 4.47864072217e-11, 3.35678360108e-11, 3.73580645585e-11, 5.01212231441e-11, 1.39881977529e-11, 9.43133245113e-12], "max": [0.0348458215594, 0.0339671373367, 0.012581191957, 0.0177626796067, 0.0117021994665, 0.00894071534276, 0.00793209020048, 0.00611556135118, 0.00358184240758, 0.00302696134895, 0.00335845234804, 0.00232225819491, 0.00114780419972, 0.00127636699472, 0.000650330097415, 0.000806275755167, 0.0015241371002, 0.00117176747881, 0.000484131887788, 0.000584202585742, 0.000391038629459, 0.000516675005201, 0.000290005351417, 0.000361630140105, 0.000481209164718, 0.000238050488406, 0.000172781816218, 0.000360987673048, 0.000656739459373, 0.000452809239505, 0.00065772945527, 0.000861413427629, 0.000305668567307, 0.000216534273932, 0.000108192332846, 0.000160590789164, 0.000137328010169, 0.000157479866175, 0.000104213635495, 5.36691004527e-05], "median": [0.00170980591793, 0.00170341623016, 0.00069930969039, 0.000644975283649, 0.000248197495239, 0.000175432360265, 0.000123988778796, 5.90799027123e-05, 5.13802442583e-05, 5.80631640332e-05, 4.27841878263e-05, 2.99281273328e-05, 2.48656015174e-05, 2.14271694858e-05, 1.37276256282e-05, 2.02954688575e-05, 2.20003803406e-05, 2.08363690035e-05, 1.65523433679e-05, 1.56720361701e-05, 1.15371694847e-05, 1.25286633192e-05, 1.10609062176e-05, 7.53988342694e-06, 4.84063093609e-06, 4.01850320486e-06, 2.91953801934e-06, 3.21641118717e-06, 2.77943377114e-06, 2.31162562159e-06, 1.86938063962e-06, 1.0550402294e-06, 5.30153272393e-07, 4.85306543396e-07, 3.66067098412e-07, 2.36909997398e-07, 2.03304537649e-07, 1.84812421367e-07, 1.36220251079e-07, 1.42256595836e-07], "var": [1.24349926409e-05, 1.36312355608e-05, 1.55916438871e-06, 2.27482246373e-06, 6.62518345962e-07, 4.7717594498e-07, 3.35510748073e-07, 1.15928500577e-07, 9.94926452336e-08, 6.43072439743e-08, 4.61738629554e-08, 1.57219375296e-08, 4.7841819395e-09, 6.32299279602e-09, 1.64483227039e-09, 3.19301385332e-09, 4.39051905943e-09, 3.31472782555e-09, 1.62825475325e-09, 1.83779158558e-09, 8.79237793683e-10, 1.05938569028e-09, 5.06799491262e-10, 5.50639478458e-10, 2.9017532821e-10, 2.17825660287e-10, 1.10266247522e-10, 2.3610885469e-10, 4.63554056251e-10, 2.46783010693e-10, 5.30746280258e-10, 6.65426436175e-10, 1.24997040496e-10, 5.56096869941e-11, 3.35791602857e-11, 2.40276461921e-11, 3.9647164024e-11, 3.74401690206e-11, 7.30219270467e-12, 5.79625410169e-12]}, "spectral_energy": {"mean": 0.0323980376124, "dvar": 0.000419674470322, "min": 1.00899216469e-20, "dmean": 0.0136094363406, "dmean2": 0.021750126034, "dvar2": 0.00106290483382, "max": 0.209971249104, "median": 0.0284873694181, "var": 0.000675252929796}, "spectral_decrease": {"mean": -8.10746758617e-09, "dvar": 2.70807021149e-17, "min": -5.17131333311e-08, "dmean": 3.45872330776e-09, "dmean2": 5.56448087607e-09, "dvar2": 6.90072779044e-17, "max": 1.99414578116e-28, "median": -7.10000813697e-09, "var": 4.32513783324e-17}, "erbbands_spread": {"mean": 47.7096557617, "dvar": 109.226715088, "min": 1.72699987888, "dmean": 9.03771400452, "dmean2": 13.6671724319, "dvar2": 233.65234375, "max": 167.877334595, "median": 44.4480361938, "var": 374.243835449}, "spectral_contrast_coeffs": {"mean": [-0.654250979424, -0.735156714916, -0.772462368011, -0.782255291939, -0.788573086262, -0.744371294975], "dvar": [0.00190320995171, 0.00147825619206, 0.00093290960649, 0.000566857866943, 0.000424087338615, 0.000566917879041], "min": [-0.985514104366, -0.985953629017, -0.976168990135, -0.969422221184, -0.966366112232, -0.964117765427], "dmean": [0.0506229326129, 0.0454301387072, 0.0362044125795, 0.0278491470963, 0.0229577869177, 0.0219987668097], "dmean2": [0.084345549345, 0.0736690014601, 0.0587743483484, 0.0446069203317, 0.036082111299, 0.0345508307219], "dvar2": [0.00500553892925, 0.00381601555273, 0.00236682547256, 0.00137101206928, 0.000975830596872, 0.001344043063], "max": [-0.299397528172, -0.441615372896, -0.523669600487, -0.64014428854, -0.625513613224, -0.550543367863], "median": [-0.657286167145, -0.739678263664, -0.773954153061, -0.778319358826, -0.786843419075, -0.740230321884], "var": [0.00660169497132, 0.00579901877791, 0.00373397790827, 0.00251591438428, 0.00202028686181, 0.0026330712717]}, "spectral_energyband_middle_high": {"mean": 0.00381485372782, "dvar": 8.66500977281e-06, "min": 1.28767878444e-21, "dmean": 0.00159167149104, "dmean2": 0.0022075236775, "dvar2": 1.8826322048e-05, "max": 0.0438861511648, "median": 0.00251195463352, "var": 1.82121675607e-05}, "erbbands_crest": {"mean": 6.96829223633, "dvar": 4.84825706482, "min": 2.16477823257, "dmean": 2.00876951218, "dmean2": 3.21667528152, "dvar2": 11.0469532013, "max": 28.6947937012, "median": 5.87680721283, "var": 12.7369356155}, "barkbands_crest": {"mean": 10.9627752304, "dvar": 5.50023841858, "min": 2.36928892136, "dmean": 2.54547595978, "dmean2": 4.14443540573, "dvar2": 14.6320877075, "max": 25.851600647, "median": 9.87952613831, "var": 22.4999237061}, "pitch_salience": {"mean": 0.547589123249, "dvar": 0.00450187176466, "min": 0.0747463479638, "dmean": 0.0756621062756, "dmean2": 0.124673046172, "dvar2": 0.0121505558491, "max": 0.939730942249, "median": 0.564609348774, "var": 0.0174206253141}, "melbands_skewness": {"mean": 3.48713183403, "dvar": 0.933930516243, "min": -3.49677705765, "dmean": 0.820381939411, "dmean2": 1.26882791519, "dvar2": 1.97810769081, "max": 17.6734447479, "median": 3.07567381859, "var": 5.00290060043}, "spectral_spread": {"mean": 5184368.5, "dvar": 1152216858620.0, "min": 1623305.5, "dmean": 766446.25, "dmean2": 1010096.875, "dvar2": 2168896225280.0, "max": 42658040, "median": 4426567.5, "var": 19519856705500.0}, "spectral_entropy": {"mean": 7.67234516144, "dvar": 0.0359961725771, "min": 4.94863557816, "dmean": 0.175942823291, "dmean2": 0.22798371315, "dvar2": 0.0627597942948, "max": 9.83125686646, "median": 7.67090797424, "var": 0.223921224475}, "erbbands_flatness_db": {"mean": 0.134787172079, "dvar": 0.000411017768783, "min": 0.0293345507234, "dmean": 0.0188903026283, "dmean2": 0.0243573393673, "dvar2": 0.000722299097106, "max": 0.430409312248, "median": 0.132987350225, "var": 0.00163473736029}, "spectral_kurtosis": {"mean": 4.18023490906, "dvar": 4.4884853363, "min": -1.25951087475, "dmean": 1.57276117802, "dmean2": 2.58583569527, "dvar2": 11.7754859924, "max": 41.9215812683, "median": 3.6441116333, "var": 9.82800769806}, "erbbands_skewness": {"mean": 0.0427776053548, "dvar": 0.144786059856, "min": -5.33463048935, "dmean": 0.335006147623, "dmean2": 0.504986464977, "dvar2": 0.295569568872, "max": 5.8136472702, "median": 0.0053664939478, "var": 0.605325818062}, "erbbands_kurtosis": {"mean": -0.0148127283901, "dvar": 2.88570952415, "min": -1.83426189423, "dmean": 0.749697268009, "dmean2": 1.14384198189, "dvar2": 5.62367486954, "max": 63.4996414185, "median": -0.599259614944, "var": 8.14518165588}, "barkbands_spread": {"mean": 23.5452270508, "dvar": 72.7990341187, "min": 0.824176847935, "dmean": 6.73661756516, "dmean2": 9.82142734528, "dvar2": 142.217834473, "max": 112.069335938, "median": 20.2980804443, "var": 260.368469238}, "zerocrossingrate": {"mean": 0.06329523772, "dvar": 0.000290789408609, "min": 0.0029296875, "dmean": 0.0133233359084, "dmean2": 0.0148479323834, "dvar2": 0.00036719016498, "max": 0.51708984375, "median": 0.04736328125, "var": 0.00430089095607}, "spectral_centroid": {"mean": 1488.10388184, "dvar": 122526.523438, "min": 198.349655151, "dmean": 285.342346191, "dmean2": 422.435241699, "dvar2": 243093.984375, "max": 11683.1572266, "median": 1238.76782227, "var": 1697766.75}, "barkbands_skewness": {"mean": 1.98854422569, "dvar": 0.537513077259, "min": -5.37484169006, "dmean": 0.599760055542, "dmean2": 0.917553901672, "dvar2": 1.18348944187, "max": 13.8308753967, "median": 1.73804175854, "var": 2.87832450867}, "melbands_flatness_db": {"mean": 0.212119221687, "dvar": 0.000778985908255, "min": 0.002806203207, "dmean": 0.0293683968484, "dmean2": 0.0415504723787, "dvar2": 0.00155080575496, "max": 0.511387526989, "median": 0.208374679089, "var": 0.00602414412424}, "spectral_contrast_valleys": {"mean": [-7.15017223358, -7.18502187729, -7.70394706726, -7.97898340225, -7.83027458191, -10.5404376984], "dvar": [0.181466832757, 0.254143744707, 0.195815205574, 0.209630310535, 0.236841261387, 0.293529123068], "min": [-27.8713607788, -28.1974372864, -27.8141880035, -27.6715011597, -27.5076904297, -27.3979187012], "dmean": [0.416442096233, 0.435785681009, 0.365796685219, 0.355962455273, 0.353960424662, 0.464751243591], "dmean2": [0.68041819334, 0.691007077694, 0.569921076298, 0.523032724857, 0.481537520885, 0.522748410702], "dvar2": [0.393526524305, 0.532902777195, 0.37882733345, 0.377932071686, 0.42760425806, 0.492553293705], "max": [-4.8522400856, -4.26834917068, -5.32615232468, -5.37904405594, -5.38071775436, -7.59114933014], "median": [-6.66245603561, -6.7062702179, -7.31694841385, -7.60590076447, -7.51769304276, -10.2668685913], "var": [6.41273403168, 6.50274801254, 5.98478984833, 5.97690343857, 5.90094995499, 5.02385377884]}, "barkbands_flatness_db": {"mean": 0.133812204003, "dvar": 0.000541706802323, "min": 0.020185675472, "dmean": 0.0246340110898, "dmean2": 0.0339694358408, "dvar2": 0.00105009833351, "max": 0.398478388786, "median": 0.12479468435, "var": 0.003397808410