{"tonal": {"hpcp": {"dvar": [0.0682353377342, 0.0705541223288, 0.0656374916434, 0.0580378137529, 0.043528970331, 0.0449514016509, 0.0536136776209, 0.0518835373223, 0.0461762025952, 0.0421485081315, 0.0360261835158, 0.026968114078, 0.0288949664682, 0.0289501212537, 0.020803462714, 0.016350325197, 0.0138379028067, 0.0159314479679, 0.0176402200013, 0.0179363247007, 0.0151067320257, 0.0200491696596, 0.0184398721904, 0.0383473411202, 0.122654922307, 0.039924480021, 0.027910720557, 0.0339749827981, 0.0309390164912, 0.0287285130471, 0.0373947992921, 0.0453822948039, 0.0465350672603, 0.0597706660628, 0.0644541159272, 0.0695767700672], "var": [0.0794548094273, 0.0777350664139, 0.0616460442543, 0.0594476982951, 0.0496794879436, 0.0451416149735, 0.0791216045618, 0.0901260599494, 0.0551909804344, 0.0437327958643, 0.0348230935633, 0.0269685257226, 0.0358916893601, 0.0393298901618, 0.0234435275197, 0.0177350752056, 0.0151446219534, 0.0168588533998, 0.0203584786505, 0.022308787331, 0.0196418259293, 0.0226470027119, 0.020332865417, 0.0559869930148, 0.177708357573, 0.0606848299503, 0.0373779758811, 0.0455142222345, 0.0379011780024, 0.0286247152835, 0.0329405367374, 0.0395340099931, 0.0418875142932, 0.0599116198719, 0.0675163418055, 0.0699284598231], "median": [0.0775240808725, 0.0721163824201, 0.0635589286685, 0.0623100996017, 0.0695196613669, 0.0722536444664, 0.0831359773874, 0.0917135849595, 0.0828210264444, 0.0609242729843, 0.0525488145649, 0.0531879849732, 0.0749253109097, 0.082441881299, 0.0609618574381, 0.0420021079481, 0.0381480753422, 0.038071218878, 0.0433895252645, 0.0460077747703, 0.0492558479309, 0.0472951084375, 0.0449364855886, 0.167481169105, 0.229053139687, 0.222161456943, 0.0690914765, 0.0684568434954, 0.0650674253702, 0.0581388548017, 0.0553533993661, 0.0549813508987, 0.0619718655944, 0.0732003897429, 0.0822187960148, 0.0800794437528], "max": [1, 1, 1, 1, 1, 1, 1, 1, 1, 1, 1, 1, 1, 1, 1, 1, 1, 1, 1, 1, 1, 1, 1, 1, 1, 1, 1, 1, 1, 1, 1, 1, 1, 1, 1, 1], "dmean": [0.198762208223, 0.195941224694, 0.182017743587, 0.16750317812, 0.145447432995, 0.150486841798, 0.17047098279, 0.17123940587, 0.15813049674, 0.144276380539, 0.122229859233, 0.106307223439, 0.119594603777, 0.123658776283, 0.0971624329686, 0.078146904707, 0.0703373476863, 0.0706581994891, 0.0789771154523, 0.0841295719147, 0.0845571532845, 0.0894364267588, 0.0847368612885, 0.175854533911, 0.290325433016, 0.19454574585, 0.125385209918, 0.129973083735, 0.124021425843, 0.11633348465, 0.127212494612, 0.138923063874, 0.149094313383, 0.17666067183, 0.197664618492, 0.207266777754], "dmean2": [0.355430752039, 0.350324809551, 0.32873493433, 0.299976587296, 0.258002251387, 0.265961974859, 0.300923615694, 0.302488386631, 0.276959747076, 0.257501959801, 0.219792887568, 0.188333302736, 0.205570355058, 0.213822200894, 0.169794842601, 0.137308374047, 0.123076461256, 0.124498106539, 0.137713715434, 0.144865572453, 0.14294706285, 0.154014974833, 0.14557133615, 0.314753949642, 0.534288167953, 0.346293628216, 0.214584037662, 0.226773887873, 0.214314267039, 0.204086601734, 0.227379366755, 0.250004738569, 0.268263697624, 0.316814154387, 0.353861957788, 0.374036729336], "mean": [0.20959046483, 0.200278624892, 0.171256884933, 0.167201042175, 0.160428225994, 0.157356292009, 0.215650781989, 0.23567032814, 0.181502744555, 0.145903304219, 0.123650759459, 0.113811828196, 0.145984590054, 0.156221106648, 0.116542264819, 0.0877583622932, 0.0791855156422, 0.0812582150102, 0.0927581042051, 0.100315488875, 0.100605949759, 0.100781366229, 0.0948868468404, 0.262013584375, 0.440009564161, 0.292046099901, 0.145219430327, 0.152672827244, 0.1399281919, 0.121164806187, 0.123438261449, 0.131519928575, 0.143495261669, 0.176305636764, 0.197008356452, 0.198862552643], "dvar2": [0.179610565305, 0.187396928668, 0.181585669518, 0.15790450573, 0.117046840489, 0.123729616404, 0.144416421652, 0.136526972055, 0.124402612448, 0.11381958425, 0.101059868932, 0.0742167681456, 0.0765326395631, 0.0759266242385, 0.0574077814817, 0.0439520515501, 0.0384161882102, 0.0445997454226, 0.0481075756252, 0.0481633320451, 0.0399585217237, 0.0531379804015, 0.049147374928, 0.0928431153297, 0.283668547869, 0.0996982008219, 0.0740574747324, 0.0905378162861, 0.0817296430469, 0.0766905322671, 0.103006377816, 0.125811845064, 0.129932507873, 0.165629655123, 0.177380427718, 0.193058356643], "min": [0, 0, 0, 0, 0, 0, 0, 0, 0, 0, 0, 0, 0, 0, 0, 0, 0, 0, 0, 0, 0, 0, 0, 0, 0, 0, 0, 0, 0, 0, 0, 0, 0, 0, 0, 0]}, "key_key": "A#", "thpcp": [1, 0.663726687431, 0.330036997795, 0.346976161003, 0.318011701107, 0.275368571281, 0.280535399914, 0.29890242219, 0.326118499041, 0.40068590641, 0.447736531496, 0.451950520277, 0.476331621408, 0.455168813467, 0.38921174407, 0.379994094372, 0.364601671696, 0.357620149851, 0.4901047647, 0.535602748394, 0.412497282028, 0.33159121871, 0.281018346548, 0.258657634258, 0.331775933504, 0.355040252209, 0.264863014221, 0.199446484447, 0.179963171482, 0.18467374146, 0.210809290409, 0.227984786034, 0.228644922376, 0.229043588042, 0.215647235513, 0.595472455025], "chords_key": "A#", "tuning_equal_tempered_deviation": 0.161053821445, "tuning_frequency": 434.193115234, "tuning_diatonic_strength": 0.390246033669, "chords_histogram": [38.1663131714, 17.6735363007, 4.52499389648, 0.0473821386695, 0.236910685897, 0, 0.0710732042789, 1.44515514374, 4.14593696594, 11.869225502, 0, 0, 1.18455338478, 0.923951685429, 0.923951685429, 0.568585634232, 2.32172465324, 0.710732042789, 0.0236910693347, 9.33428096771, 2.36910676956, 3.10352993011, 0.0710732042789, 0.284292817116], "key_strength": 0.558028995991, "key_scale": "minor", "chords_strength": {"dvar": 0.000101287660073, "var": 0.0068387594074, "median": 0.446850210428, "max": 0.74296861887, "dmean": 0.0119225764647, "dmean2": 0.0149595141411, "mean": 0.447092056274, "dvar2": 0.000167473393958, "min": 0.197852581739}, "chords_number_rate": 0.00260601751506, "tuning_nontempered_energy_ratio": 0.811817109585, "hpcp_entropy": {"dvar": 0.384088039398, "var": 0.859766185284, "median": 2.51178884506, "max": 4.73079204559, "dmean": 0.777940094471, "dmean2": 1.31636989117, "mean": 2.47093081474, "dvar2": 1.04045879841, "min": 0}, "chords_changes_rate": 0.08457711339, "chords_scale": "minor"}, "rhythm": {"bpm_histogram_first_peak_spread": {"dvar": 0, "var": 0, "median": 0.364044904709, "max": 0.364044904709, "dmean": 0, "dmean2": 0, "mean": 0.364044904709, "dvar2": 0, "min": 0.364044904709}, "bpm_histogram_first_peak_weight": {"dvar": 0, "var": 0, "median": 0.619256019592, "max": 0.619256019592, "dmean": 0, "dmean2": 0, "mean": 0.619256019592, "dvar2": 0, "min": 0.619256019592}, "bpm_histogram_first_peak_bpm": {"dvar": 0, "var": 0, "median": 140, "max": 140, "dmean": 0, "dmean2": 0, "mean": 140, "dvar2": 0, "min": 140}, "bpm": 140.951461792, "bpm_histogram_second_peak_weight": {"dvar": 0, "var": 0, "median": 0.0196936540306, "max": 0.0196936540306, "dmean": 0, "dmean2": 0, "mean": 0.0196936540306, "dvar2": 0, "min": 0.0196936540306}, "beats_loudness": {"dvar": 0.000688265252393, "var": 0.00118152925279, "median": 0.0679278820753, "max": 0.163616016507, "dmean": 0.0299082640558, "dmean2": 0.0526032745838, "mean": 0.0694220289588, "dvar2": 0.00205504405312, "min": 5.21256682262e-09}, "beats_loudness_band_ratio": {"dvar": [0.0274138879031, 0.0033041043207, 0.00619500176981, 0.0081414822489, 0.00145303306635, 0.0056463922374], "var": [0.0567088574171, 0.00384065159597, 0.0100750764832, 0.0123261287808, 0.00179672264494, 0.0075304210186], "median": [0.599552035332, 0.0378142930567, 0.0627897158265, 0.0807743370533, 0.0460648015141, 0.086979791522], "max": [0.981111347675, 0.553725123405, 0.799260854721, 0.767068088055, 0.276593267918, 0.797648727894], "dmean": [0.214712336659, 0.0518015548587, 0.0707505121827, 0.0851940438151, 0.0427209213376, 0.0714419409633], "dmean2": [0.389677673578, 0.0938812717795, 0.128924965858, 0.150920346379, 0.0781678408384, 0.127297356725], "mean": [0.561820566654, 0.0594974718988, 0.0928207561374, 0.118690297008, 0.056098498404, 0.111488498747], "dvar2": [0.0906481668353, 0.00885124597698, 0.0181224308908, 0.023186288774, 0.00478622270748, 0.0180979929864], "min": [0.000256381230429, 0.000441759737441, 0.000818523170892, 0.00116982124746, 0.001266365638, 0.00420349789783]}, "bpm_histogram_second_peak_bpm": {"dvar": 0, "var": 0, "median": 133, "max": 133, "dmean": 0, "dmean2": 0, "mean": 133, "dvar2": 0, "min": 133}, "onset_rate": 2.5562787056, "beats_count": 458, "beats_position": [0.476009070873, 0.952018141747, 1.42802715302, 1.88081634045, 2.32199549675, 2.75156450272, 3.1811337471, 3.61070299149, 4.04027223587, 4.45823097229, 4.88780021667, 5.31736946106, 5.73532867432, 6.15328788757, 6.58285713196, 7.01242637634, 7.44199514389, 7.87156438828, 8.28952407837, 8.71909236908, 9.14866161346, 9.56662082672, 9.99619007111, 10.4141492844, 10.8437185287, 11.261677742, 11.6796369553, 12.1092061996, 12.538775444, 12.9683446884, 13.3979139328, 13.8274831772, 14.2454423904, 14.6750106812, 15.1045799255, 15.5341491699, 15.9637184143, 16.3816776276, 16.8112468719, 17.2292060852, 17.6471652985, 18.0767345428, 18.5063037872, 18.9242630005, 19.3538322449, 19.7834014893, 20.2013607025, 20.6309299469, 21.0604991913, 21.4900684357, 21.9196376801, 22.3375968933, 22.7555541992, 23.1851234436, 23.614692688, 24.0326519012, 24.4622211456, 24.89179039, 25.3097496033, 25.7393188477, 26.168888092, 26.5868473053, 27.0164165497, 27.4459857941, 27.8639450073, 28.2935142517, 28.7230834961, 29.1410427094, 29.5590019226, 29.988571167, 30.4181404114, 30.8477096558, 31.2772789001, 31.6952381134, 32.1248054504, 32.5543746948, 32.9723358154, 33.3902931213, 33.8198623657, 34.2494316101, 34.6673927307, 35.0853500366, 35.514919281, 35.9444885254, 36.3740577698, 36.8036270142, 37.2215881348, 37.6511573792, 38.0807266235, 38.4986839294, 38.9282531738, 39.3578224182, 39.7757797241, 40.2053489685, 40.6349182129, 41.0644874573, 41.4940567017, 41.9120178223, 42.3415870667, 42.771156311, 43.2007255554, 43.6302947998, 44.0598640442, 44.4894332886, 44.9073905945, 45.3253517151, 45.743309021, 46.1728782654, 46.6024475098, 47.0320167542, 47.4615859985, 47.8795471191, 48.297504425, 48.7154655457, 49.14503479, 49.5746040344, 50.0041732788, 50.4337387085, 50.8516998291, 51.269657135, 51.6992263794, 52.1287956238, 52.5583648682, 52.9763259888, 53.4058952332, 53.8238525391, 54.2418136597, 54.6713829041, 55.1009521484, 55.5305213928, 55.9600906372, 56.3780479431, 56.8076171875, 57.2255783081, 57.6551475525, 58.0731048584, 58.5026741028, 58.9322433472, 59.3618125916, 59.7913818359, 60.2093429565, 60.6389122009, 61.0684814453, 61.4864387512, 61.9043960571, 62.3223571777, 62.7519264221, 63.1814956665, 63.5994529724, 64.0290222168, 64.4585952759, 64.8881607056, 65.3177337646, 65.7356872559, 66.1652603149, 66.5948257446, 67.0127868652, 67.4423599243, 67.871925354, 68.2898864746, 68.7078475952, 69.1374130249, 69.566986084, 69.9849395752, 70.4145126343, 70.844078064, 71.273651123, 71.7032165527, 72.1211776733, 72.5507507324, 72.9803161621, 73.3982772827, 73.8162307739, 74.245803833, 74.6753692627, 75.1049423218, 75.5345077515, 75.9524688721, 76.3820419312, 76.8116073608, 77.2295684814, 77.6475296021, 78.0770950317, 78.5066680908, 78.924621582, 79.3541946411, 79.7837600708, 80.2133331299, 80.6428985596, 81.0608596802, 81.4788208008, 81.9083862305, 82.3379592896, 82.7559204102, 83.1854858398, 83.6150588989, 84.0330123901, 84.4625854492, 84.8921508789, 85.3101119995, 85.7396774292, 86.1692504883, 86.598815918, 87.0283889771, 87.4463500977, 87.8643035889, 88.2822647095, 88.7118377686, 89.1414031982, 89.5593643188, 89.9889297485, 90.4185028076, 90.8364639282, 91.2660293579, 91.695602417, 92.1251678467, 92.5547409058, 92.972694397, 93.4022674561, 93.8318328857, 94.2497940063, 94.6909713745, 95.1205444336, 95.5384979248, 95.9680709839, 96.3860321045, 96.8039855957, 97.2335586548, 97.6631240845, 98.0810852051, 98.5106582642, 98.9402236938, 99.3581848145, 99.7877502441, 100.217323303, 100.635284424, 101.064849854, 101.494422913, 101.912376404, 102.330337524, 102.759910583, 103.189476013, 103.607437134, 104.037002563, 104.466575623, 104.884536743, 105.302490234, 105.732063293, 106.161628723, 106.591201782, 107.009155273, 107.438728333, 107.868293762, 108.297866821, 108.715827942, 109.145393372, 109.574966431, 109.992919922, 110.422492981, 110.852058411, 111.270019531, 111.69959259, 112.12915802, 112.558731079, 112.988296509, 113.406257629, 113.82421875, 114.242172241, 114.6717453, 115.10131073, 115.530883789, 115.960449219, 116.378410339, 116.79637146, 117.214332581, 117.64389801, 118.07346344, 118.503036499, 118.932601929, 119.350563049, 119.780136108, 120.209701538, 120.627662659, 121.057228088, 121.486801147, 121.904762268, 122.322715759, 122.752288818, 123.181854248, 123.611427307, 124.040992737, 124.470565796, 124.888526917, 125.318092346, 125.736053467, 126.165618896, 126.595191956, 127.013153076, 127.442718506, 127.872291565, 128.290252686, 128.708206177, 129.137771606, 129.567337036, 129.996917725, 130.414871216, 130.844436646, 131.262405396, 131.680358887, 132.109924316, 132.539505005, 132.969070435, 133.387023926, 133.816589355, 134.246170044, 134.675735474, 135.093688965, 135.523269653, 135.952835083, 136.370788574, 136.800354004, 137.229934692, 137.647888184, 138.077453613, 138.507034302, 138.924987793, 139.354553223, 139.784118652, 140.202087402, 140.620040894, 141.037994385, 141.467575073, 141.897140503, 142.326705933, 142.756271362, 143.174240112, 143.603805542, 144.033370972, 144.46295166, 144.89251709, 145.32208252, 145.751647949, 146.169616699, 146.58757019, 147.01713562, 147.446716309, 147.8646698, 148.305847168, 148.735412598, 149.164993286, 149.582946777, 150.012512207, 150.442077637, 150.860046387, 151.277999878, 151.707565308, 152.137145996, 152.555099487, 152.973052979, 153.402633667, 153.832199097, 154.261764526, 154.691329956, 155.120910645, 155.550476074, 155.968429565, 156.386398315, 156.804351807, 157.222305298, 157.651885986, 158.081451416, 158.511016846, 158.940582275, 159.370162964, 159.788116455, 160.217681885, 160.635650635, 161.065216064, 161.483169556, 161.912734985, 162.342315674, 162.771881104, 163.189834595, 163.619400024, 164.048980713, 164.466934204, 164.884887695, 165.314468384, 165.732421875, 166.161987305, 166.591567993, 167.021133423, 167.450698853, 167.868652344, 168.298233032, 168.716186523, 169.145751953, 169.575332642, 170.004898071, 170.434463501, 170.852416992, 171.270385742, 171.688339233, 172.117904663, 172.547485352, 172.965438843, 173.383392334, 173.812973022, 174.242538452, 174.660491943, 175.090057373, 175.519638062, 175.937591553, 176.367156982, 176.796737671, 177.226303101, 177.644256592, 178.073822021, 178.50340271, 178.93296814, 179.350921631, 179.780502319, 180.210067749, 180.62802124, 181.04598999, 181.47555542, 181.90512085, 182.334686279, 182.764266968, 183.182220459, 183.611785889, 184.041351318, 184.459320068, 184.888885498, 185.318450928, 185.736419678, 186.154373169, 186.583938599, 187.013504028, 187.454696655, 187.884262085, 188.325439453, 188.743392944, 189.161361694, 189.590927124, 190.020492554, 190.461669922, 190.914459229, 191.355636597, 191.808425903, 192.26121521, 192.702392578, 193.155181885, 193.61958313, 194.072372437, 194.525161743, 194.97795105, 195.430740356], "danceability": 0.935039937496, "bpm_histogram_second_peak_spread": {"dvar": 0, "var": 0, "median": 0.0999999642372, "max": 0.0999999642372, "dmean": 0, "dmean2": 0, "mean": 0.0999999642372, "dvar2": 0, "min": 0.0999999642372}}, "lowlevel": {"spectral_flux": {"dvar": 0.0011680672178, "var": 0.00301512121223, "median": 0.118253856897, "max": 0.37169662118, "dmean": 0.0295719131827, "dmean2": 0.0481764934957, "mean": 0.118746489286, "dvar2": 0.00295322597958, "min": 6.88705759089e-11}, "spectral_rolloff": {"dvar": 44913260, "var": 83032184, "median": 4005.17578125, "max": 22050, "dmean": 4140.40527344, "dmean2": 7719.75439453, "mean": 9745.03613281, "dvar2": 105178632, "min": 43.06640625}, "barkbands_flatness_db": {"dvar": 0.000604243192356, "var": 0.00256563350558, "median": 0.102626375854, "max": 0.35725581646, "dmean": 0.0245767496526, "dmean2": 0.0387206785381, "mean": 0.115087419748, "dvar2": 0.00148765230551, "min": 0.0168690606952}, "spectral_centroid": {"dvar": 79494.8125, "var": 415665.59375, "median": 1524.71923828, "max": 11343.6972656, "dmean": 249.1847229, "dmean2": 376.278503418, "mean": 1603.62414551, "dvar2": 151895.578125, "min": 205.300994873}, "melbands_skewness": {"dvar": 0.969698011875, "var": 2.52421355247, "median": 1.73588252068, "max": 14.8115253448, "dmean": 0.845966756344, "dmean2": 1.33669030666, "mean": 2.10967302322, "dvar2": 2.38718008995, "min": -3.73799085617}, "melbands": {"dvar": [3.60983867722e-05, 1.88867181805e-06, 3.89899270203e-07, 2.80773349459e-07, 1.19378967156e-07, 1.63227014127e-07, 1.57463986739e-07, 3.87278049629e-07, 3.90903664993e-08, 6.68764243983e-08, 7.1404990365e-08, 1.62606653475e-07, 5.50215730755e-08, 4.70966057264e-08, 1.14993445877e-08, 3.74729625108e-09, 3.18379456132e-09, 2.12493378449e-09, 3.23215143538e-09, 1.75558134696e-09, 6.71248001627e-10, 4.52240522808e-10, 4.20954077152e-10, 7.24428850241e-10, 4.66556848711e-10, 2.89221674388e-10, 2.39964076387e-10, 1.56688495512e-10, 1.56634191728e-10, 5.61581441072e-11, 4.07997767515e-11, 1.23032252788e-11, 4.15912920423e-12, 2.33466262815e-12, 1.31413879344e-12, 9.03380180991e-13, 2.85180055569e-13, 6.12744718246e-14, 3.84931920594e-15, 1.4803783284e-15], "var": [4.95998683618e-05, 2.37308358919e-06, 4.34235573721e-07, 3.12674245606e-07, 1.58748534318e-07, 2.60691791709e-07, 4.02810059086e-07, 1.99929945666e-06, 6.17815913984e-08, 1.04570887061e-07, 1.21652036e-07, 2.72318402494e-07, 1.00320669105e-07, 8.40628615606e-08, 1.72773173546e-08, 6.79768019651e-09, 8.28950685872e-09, 4.92599472324e-09, 6.91531276686e-09, 3.39666605953e-09, 1.10779196927e-09, 8.09980860161e-10, 6.68263444581e-10, 1.008722883e-09, 6.98480551176e-10, 4.92364038429e-10, 4.88121321141e-10, 3.66296049048e-10, 3.32902011513e-10, 1.10271812515e-10, 6.62533639062e-11, 2.03050475739e-11, 9.02564134542e-12, 6.44185919885e-12, 3.27328463813e-12, 1.64476678804e-12, 5.32993137473e-13, 1.134491535e-13, 5.80919674479e-15, 1.7106716578e-15], "median": [0.00346111133695, 0.000874022080097, 0.00026542582782, 0.000166950267158, 0.000135868176585, 0.000155125424499, 0.000147910148371, 0.000124001613585, 0.000105658684333, 8.77967177075e-05, 9.38902521739e-05, 0.000108119282231, 0.000104543585621, 9.29236775846e-05, 6.26035689493e-05, 5.870745008e-05, 5.91196439927e-05, 5.16633008374e-05, 5.37839187018e-05, 3.83021470043e-05, 2.60208835243e-05, 2.19146077143e-05, 1.61832904269e-05, 1.4534805814e-05, 1.11604667836e-05, 9.715708984e-06, 7.6904634625e-06, 7.09624782758e-06, 6.21755634711e-06, 3.87442787542e-06, 2.47388766184e-06, 1.5469175878e-06, 1.00266890968e-06, 6.67764368245e-07, 4.54811441841e-07, 2.527036429e-07, 1.27612793221e-07, 7.09246350539e-08, 2.14365680762e-08, 9.23562559763e-09], "max": [0.0616248510778, 0.0144872395322, 0.0115806320682, 0.00931666605175, 0.00649982504547, 0.00775920506567, 0.00684278365225, 0.0219413377345, 0.00393379339948, 0.00576904183254, 0.00696316082031, 0.0110690696165, 0.00636268034577, 0.00571187119931, 0.00301379198208, 0.00126901920885, 0.00220289221033, 0.000756138702855, 0.000934974872507, 0.000838570063934, 0.000483959302073, 0.000328206340782, 0.000533178856131, 0.00071581552038, 0.00063606153708, 0.00034274708014, 0.000389641500078, 0.000305112975184, 0.000208123616176, 0.000163053337019, 0.000148034538142, 7.5405179814e-05, 4.76105742564e-05, 3.78313925467e-05, 2.17318101932e-05, 1.69562281371e-05, 1.40850916068e-05, 4.9144005061e-06, 1.09902464374e-06, 5.09357619194e-07], "dmean": [0.00382875744253, 0.0009465967305, 0.000350473885192, 0.000275283498922, 0.000187803438166, 0.000216976419324, 0.000207840348594, 0.00026205330505, 0.000118607298646, 0.000125915219542, 0.000134038287797, 0.000159523173352, 0.000112717389129, 9.83951758826e-05, 5.78224426135e-05, 4.38170463894e-05, 4.06948383898e-05, 3.53861032636e-05, 3.97116673412e-05, 2.71488097496e-05, 1.86447596207e-05, 1.54877488967e-05, 1.17979870993e-05, 1.4250541426e-05, 1.101937778e-05, 9.27637302084e-06, 6.87162264512e-06, 5.71179998587e-06, 6.37744824417e-06, 3.4080308069e-06, 2.39884320763e-06, 1.33980165629e-06, 8.74495185599e-07, 6.83069345087e-07, 5.04789056777e-07, 3.47102798059e-07, 1.92024870671e-07, 1.01407621855e-07, 3.67495509579e-08, 2.33718342457e-08], "dmean2": [0.00635973224416, 0.00154319463763, 0.000589719624259, 0.000469264719868, 0.000313585303957, 0.000351073773345, 0.000337533478159, 0.000417945178924, 0.000196590233827, 0.000206126016565, 0.000216301094042, 0.000255517923506, 0.000185576092917, 0.000159977047588, 9.50620669755e-05, 7.28832164896e-05, 6.69864530209e-05, 5.81745589443e-05, 6.60362420604e-05, 4.53686589026e-05, 3.13810378429e-05, 2.60748001892e-05, 1.97446443053e-05, 2.41097332037e-05, 1.88010126294e-05, 1.53058590513e-05, 1.06331626739e-05, 8.83500342752e-06, 1.00196803032e-05, 5.32613785253e-06, 3.75735135094e-06, 2.0512370611e-06, 1.3460834225e-06, 1.03140359897e-06, 7.62890465467e-07, 5.16562863595e-07, 2.88239846213e-07, 1.5075374904e-07, 5.77454741801e-08, 3.81369069657e-08], "mean": [0.00569219933823, 0.00134301523212, 0.000461308576632, 0.000339290098054, 0.000256286584772, 0.000305124296574, 0.000376776297344, 0.000568779767491, 0.000181968280231, 0.000181979659828, 0.000196739754756, 0.000250359153142, 0.000195054948563, 0.000162610100233, 9.5759962278e-05, 7.93242434156e-05, 7.85127267591e-05, 6.93319234415e-05, 7.62711133575e-05, 5.13637460244e-05, 3.32729141519e-05, 2.81112806988e-05, 2.15027903323e-05, 2.24578379857e-05, 1.79325161298e-05, 1.54925201059e-05, 1.27585899463e-05, 1.16345563583e-05, 1.19400265248e-05, 6.44601095701e-06, 4.38117922386e-06, 2.61183731709e-06, 1.78044115273e-06, 1.41112082019e-06, 1.01123839613e-06, 6.11452946941e-07, 3.23430924709e-07, 1.63982306844e-07, 4.66349270312e-08, 2.38753976589e-08], "dvar2": [9.45490974118e-05, 4.78340052723e-06, 1.01698799426e-06, 7.53915458063e-07, 3.16119923127e-07, 3.82853301062e-07, 3.79415382668e-07, 9.63090883488e-07, 1.03230334503e-07, 1.7215994319e-07, 1.73987416474e-07, 3.98359617293e-07, 1.36820162311e-07, 1.00125816971e-07, 3.13847401401e-08, 9.77366365618e-09, 7.81500375524e-09, 5.58677193396e-09, 8.74911698645e-09, 4.50003412311e-09, 1.77726910966e-09, 1.22233945188e-09, 1.09005082738e-09, 1.84896253863e-09, 1.16988418952e-09, 7.15096870607e-10, 4.95838869963e-10, 3.28452015586e-10, 3.65579289063e-10, 1.20235613132e-10, 8.84457299066e-11, 2.76138365646e-11, 8.86422445862e-12, 5.04597882575e-12, 2.85655678799e-12, 1.78749213781e-12, 5.90067925077e-13, 1.24835417611e-13, 8.70186338758e-15, 3.50464625311e-15], "min": [2.39409305644e-24, 1.77565805561e-24, 3.62547534721e-24, 3.30356152495e-24, 6.98357575692e-24, 2.47035953711e-24, 5.86974360179e-24, 3.89380046766e-24, 7.47452334129e-24, 1.22401937862e-23, 4.14744725325e-24, 2.89707017796e-24, 3.30778725561e-24, 4.52208045259e-24, 9.7677774915e-24, 3.53229588594e-24, 3.32537845936e-24, 6.16635175228e-24, 7.06839881462e-24, 6.65742515996e-24, 8.84369478307e-24, 6.01302480244e-24, 6.82968240495e-24, 1.00501289533e-23, 8.97305298317e-24, 6.76908605451e-24, 6.16138745061e-24, 8.06295756746e-24, 7.03380884164e-24, 7.3302209602e-24, 9.51497281493e-24, 8.06292759074e-24, 7.65736315531e-24, 7.30356929451e-24, 7.353633563e-24, 8.42594008008e-24, 9.07584550343e-24, 6.67676329619e-24, 7.85208558116e-24, 7.81435436406e-24]}, "spectral_decrease": {"dvar": 3.29358802285e-17, "var": 5.65143161735e-17, "median": -7.56235607469e-09, "max": 6.57847243346e-09, "dmean": 4.24791846143e-09, "dmean2": 6.82667300467e-09, "mean": -9.0154905763e-09, "dvar2": 8.26062992284e-17, "min": -6.19950313308e-08}, "barkbands_kurtosis": {"dvar": 53.7451972961, "var": 81.8356781006, "median": 1.65401935577, "max": 125.113052368, "dmean": 3.736754179, "dmean2": 6.14000606537, "mean": 4.64810943604, "dvar2": 144.379562378, "min": -1.81584644318}, "silence_rate_30dB": {"dvar": 0.0534245632589, "var": 0.049836140126, "median": 1, "max": 1, "dmean": 0.0566350705922, "dmean2": 0.113283567131, "mean": 0.947399616241, "dvar2": 0.123196385801, "min": 0}, "gfcc": {"mean": [11.9475727081, 80.4301528931, -109.015388489, -1.7369222641, -10.584441185, -16.2307910919, 10.0405855179, -16.1302852631, 6.27538394928, -4.20312070847, -0.860517203808, 2.19112277031, -5.7624835968], "cov": [[17781.2617188, -313.804718018, 67.2247695923, 731.256103516, 530.991027832, -399.972900391, 891.408935547, 0.958265602589, 557.936523438, 288.557220459, 136.141021729, 59.5016899109, 122.863510132], [-313.804718018, 997.35144043, 26.5456066132, -341.274810791, 108.334724426, -16.9852600098, -106.438957214, 5.26224136353, 9.20896434784, -7.08113622665, 55.7556343079, -88.1860809326, 79.847694397], [67.2247695923, 26.5456066132, 300.837677002, 117.939628601, -6.09186029434, 84.8710632324, -30.9431705475, 64.3267288208, -14.1181993484, 36.0481529236, 3.04999542236, 0.0729480907321, 13.6351928711], [731.256103516, -341.274810791, 117.939628601, 372.884429932, 46.7031326294, 10.1994876862, 117.400856018, 11.7625322342, 8.47170257568, 6.28945446014, -15.053150177, 47.7671928406, -29.3343315125], [530.991027832, 108.334724426, -6.09186029434, 46.7031326294, 172.201919556, 24.4777069092, 66.2300643921, -17.3985328674, 25.5830726624, -3.04219102859, 20.836725235, -12.8334503174, 28.847776413], [-399.972900391, -16.9852600098, 84.8710632324, 10.1994876862, 24.4777069092, 182.014450073, -20.2212734222, 62.8889884949, -47.5982246399, 9.86788749695, 3.75734376907, 8.09455394745, 20.9095973969], [891.408935547, -106.438957214, -30.9431705475, 117.400856018, 66.2300643921, -20.2212734222, 222.911193848, -4.45392894745, 81.7326812744, 14.928440094, 10.4025964737, 37.6931037903, 4.46274709702], [0.958265602589, 5.26224136353, 64.3267288208, 11.7625322342, -17.3985328674, 62.8889884949, -4.45392894745, 142.694366455, 29.4490642548, 41.0050735474, 13.2036962509, -0.774499118328, 21.6171016693], [557.936523438, 9.20896434784, -14.1181993484, 8.47170257568, 25.5830726624, -47.5982246399, 81.7326812744, 29.4490642548, 140.067306519, 65.6632232666, 25.8968257904, 9.66102027893, -2.61451101303], [288.557220459, -7.08113622665, 36.0481529236, 6.28945446014, -3.04219102859, 9.86788749695, 14.928440094, 41.0050735474, 65.6632232666, 97.2080841064, 47.3868865967, 7.64394760132, 12.1306333542], [136.141021729, 55.7556343079, 3.04999542236, -15.053150177, 20.836725235, 3.75734376907, 10.4025964737, 13.2036962509, 25.8968257904, 47.3868865967, 69.0951843262, 27.8689117432, 15.6004114151], [59.5016899109, -88.1860809326, 0.0729480907321, 47.7671928406, -12.8334503174, 8.09455394745, 37.6931037903, -0.774499118328, 9.66102027893, 7.64394760132, 27.8689117432, 72.8810958862, 18.295545578], [122.863510132, 79.847694397, 13.6351928711, -29.3343315125, 28.847776413, 20.9095973969, 4.46274709702, 21.6171016693, -2.61451101303, 12.1306333542, 15.6004114151, 18.295545578, 82.0125961304]], "icov": [[8.65144247655e-05, 3.36220982717e-05, -7.10074309609e-05, -3.76565512852e-05, -0.000213804320083, 0.000272594159469, -0.000238949272898, -4.31577609561e-05, 1.93270716409e-05, -0.000223677838221, 2.89464715024e-05, 9.1494715889e-05, -0.000126138183987], [3.36220982717e-05, 0.00271447608247, -0.00181962817442, 0.0026164681185, -0.0018431134522, 0.00120116770267, -1.87754967129e-08, -0.000332930503646, -0.000630482798442, 0.00255577685311, -0.00326561415568, 0.00248739426024, -0.00135681964457], [-7.10074309609e-05, -0.00181962817442, 0.00685990089551, -0.00501380721107, 0.00350285926834, -0.00386493536644, 0.00193110259715, 0.000471843959531, -0.00145893788431, -0.000985537539236, -0.000189121259609, 0.002020703163, -0.00184761267155], [-3.76565512852e-05, 0.0026164681185, -0.00501380721107, 0.0106371566653, -0.00840404536575, 0.00563210854307, -0.00304646766745, -0.00384073983878, 0.00688675465062, -0.00563830789179, 0.00742021994665, -0.00913786608726, 0.00652613723651], [-0.000213804320083, -0.0018431134522, 0.00350285926834, -0.00840404536575, 0.019431585446, -0.00998649373651, -0.000346664397512, 0.00753808114678, -0.0114072309807, 0.0140931736678, -0.0167355947196, 0.0174033641815, -0.0108776744455], [0.000272594159469, 0.00120116770267, -0.00386493536644, 0.00563210854307, -0.00998649373651, 0.0147562278435, -0.00234417035244, -0.00779307587072, 0.0118255652487, -0.0102837281302, 0.00945376884192, -0.0101795727387, 0.00538212200627], [-0.000238949272898, -1.87754967129e-08, 0.00193110259715, -0.00304646766745, -0.000346664397512, -0.00234417035244, 0.0098511595279, 0.0013388247462, -0.00696433335543, 0.003741286695, -0.000804495008197, -0.00147255335469, -0.00151594856288], [-4.31577609561e-05, -0.000332930503646, 0.000471843959531, -0.00384073983878, 0.00753808114678, -0.00779307587072, 0.0013388247462, 0.0137317162007, -0.00896393321455, 0.00498219113797, -0.00727750407532, 0.00901910383254, -0.0070706862025], [1.93270716409e-05, -0.000630482798442, -0.00145893788431, 0.00688675465062, -0.0114072309807, 0.0118255652487, -0.00696433335543, -0.00896393321455, 0.0281599219888, -0.0245629884303, 0.0176723301411, -0.0159734450281, 0.0117625258863], [-0.000223677838221, 0.00255577685311, -0.000985537539236, -0.00563830789179, 0.0140931736678, -0.0102837281302, 0.003741286695, 0.00498219113797, -0.0245629884303, 0.0447628907859, -0.0363161973655, 0.0246383547783, -0.0138505678624], [2.89464715024e-05, -0.00326561415568, -0.000189121259609, 0.00742021994665, -0.0167355947196, 0.00945376884192, -0.000804495008197, -0.00727750407532, 0.0176723301411, -0.0363161973655, 0.0539220385253, -0.035371683538, 0.0148287145421], [9.1494715889e-05, 0.00248739426024, 0.002020703163, -0.00913786608726, 0.0174033641815, -0.0101795727387, -0.00147255335469, 0.00901910383254, -0.0159734450281, 0.0246383547783, -0.035371683538, 0.0456751473248, -0.0196010544896], [-0.000126138183987, -0.00135681964457, -0.00184761267155, 0.00652613723651, -0.0108776744455, 0.00538212200627, -0.00151594856288, -0.0070706862025, 0.0117625258863, -0.0138505678624, 0.0148287145421, -0.0196010544896, 0.0247204490006]]}, "silence_rate_20dB": {"dvar": 0, "var": 0, "median": 1, "max": 1, "dmean": 0, "dmean2": 0, "mean": 1, "dvar2": 0, "min": 1}, "barkbands_skewness": {"dvar": 0.551995038986, "var": 1.6275036335, "median": 1.31150364876, "max": 9.15833187103, "dmean": 0.629131615162, "dmean2": 0.985611915588, "mean": 1.63007676601, "dvar2": 1.36354207993, "min": -2.85630464554}, "erbbands_skewness": {"dvar": 0.107220426202, "var": 0.4034755826, "median": 0.00110282341484, "max": 3.68742871284, "dmean": 0.346614331007, "dmean2": 0.543252825737, "mean": 0.0549976602197, "dvar2": 0.256506562233, "min": -3.26394724846}, "spectral_contrast_valleys": {"dvar": [0.137176558375, 0.12068207562, 0.0999465808272, 0.0980969965458, 0.129068285227, 0.218303620815], "var": [2.28112244606, 1.69758701324, 1.52693045139, 1.65516626835, 2.0284910202, 1.59633994102], "median": [-6.63515090942, -6.20544862747, -6.40505027771, -6.62356185913, -6.81251478195, -10.8063983917], "max": [-5.12725067139, -4.75215291977, -5.09387207031, -5.48597431183, -5.35894489288, -9.02936649323], "dmean": [0.407468885183, 0.370741337538, 0.3128015697, 0.272938191891, 0.27428740263, 0.498745977879], "dmean2": [0.655534386635, 0.604569196701, 0.503878176212, 0.428575247526, 0.407607257366, 0.763894796371], "mean": [-7.01436758041, -6.49268770218, -6.70589590073, -6.9973449707, -7.26446342468, -11.0740594864], "dvar2": [0.300343841314, 0.262633085251, 0.207346513867, 0.185870349407, 0.237803891301, 0.504822790623], "min": [-27.6143169403, -27.4902935028, -27.4157676697, -27.6509227753, -27.4280357361, -27.3512229919]}, "spectral_strongpeak": {"dvar": 161.484771729, "var": 98.6412734985, "median": 0.224213242531, "max": 157.732498169, "dmean": 2.60671138763, "dmean2": 4.96445655823, "mean": 1.94818139076, "dvar2": 468.271392822, "min": 0}, "erbbands_crest": {"dvar": 6.33702230453, "var": 17.8123722076, "median": 6.86988449097, "max": 29.9100112915, "dmean": 2.53505778313, "dmean2": 4.16800165176, "mean": 8.18323802948, "dvar2": 15.7226867676, "min": 2.56895422935}, "barkbands_crest": {"dvar": 5.82393455505, "var": 16.799697876, "median": 9.20393180847, "max": 24.3539733887, "dmean": 2.83764314651, "dmean2": 4.61631345749, "mean": 9.75403022766, "dvar2": 14.6231365204, "min": 1.86375260353}, "spectral_energyband_middle_low": {"dvar": 2.41634807026e-05, "var": 9.10216404009e-05, "median": 0.00656262645498, "max": 0.106773026288, "dmean": 0.00382722332142, "dmean2": 0.00614520953968, "mean": 0.00946953427047, "dvar2": 6.0996364482e-05, "min": 3.60183716174e-22}, "spectral_contrast_coeffs": {"dvar": [0.00172866345383, 0.00149442942347, 0.000997248454951, 0.000471278763143, 0.000310317322146, 0.000960707780905], "var": [0.00502440100536, 0.00515318661928, 0.00303733372129, 0.00134828302544, 0.00100358587224, 0.005511126481], "median": [-0.753921627998, -0.785691916943, -0.798621177673, -0.80846875906, -0.806308865547, -0.683088600636], "max": [-0.404806256294, -0.497984945774, -0.560317635536, -0.621509492397, -0.64858686924, -0.501677453518], "dmean": [0.0521121360362, 0.0497145168483, 0.039915330708, 0.0279257744551, 0.0206713210791, 0.0358545482159], "dmean2": [0.0867969542742, 0.0829383656383, 0.0661344155669, 0.0465608052909, 0.0340142771602, 0.0560914054513], "mean": [-0.743897616863, -0.775336205959, -0.794730484486, -0.808889269829, -0.808165073395, -0.696723222733], "dvar2": [0.0046649267897, 0.00409597344697, 0.0026976512745, 0.00132920453325, 0.000821487046778, 0.00240920810029], "min": [-0.968594431877, -0.958248019218, -0.965654671192, -0.963518738747, -0.970744550228, -0.961387336254]}, "hfc": {"dvar": 6269.43603516, "var": 19979.4492188, "median": 154.451400757, "max": 1257.9888916, "dmean": 43.0886688232, "dmean2": 67.4386367798, "mean": 168.457641602, "dvar2": 15665.0908203, "min": 1.13979969461e-16}, "spectral_energyband_high": {"dvar": 6.2878746121e-07, "var": 3.18020101986e-06, "median": 0.00114377855789, "max": 0.0160113479942, "dmean": 0.000492119288538, "dmean2": 0.000706183433067, "mean": 0.00156221352518, "dvar2": 1.11063968689e-06, "min": 7.52847933199e-21}, "erbbands_spread": {"dvar": 29.5898609161, "var": 92.9631958008, "median": 26.0963897705, "max": 88.2299957275, "dmean": 5.5997338295, "dmean2": 8.65957260132, "mean": 27.0460186005, "dvar2": 67.0827255249, "min": 1.61003196239}, "dissonance": {"dvar": 0.000258467363892, "var": 0.000435943045886, "median": 0.483831614256, "max": 0.500000059605, "dmean": 0.0148853259161, "dmean2": 0.0252234246582, "mean": 0.477876484394, "dvar2": 0.000702780438587, "min": 0.222574740648}, "spectral_kurtosis": {"dvar": 38.4651107788, "var": 86.0852279663, "median": 15.2440109253, "max": 148.174758911, "dmean": 3.16732907295, "dmean2": 4.90509223938, "mean": 16.6494598389, "dvar2": 104.825874329, "min": -1.23062312603}, "spectral_skewness": {"dvar": 0.124934017658, "var": 0.503044068813, "median": 2.4967751503, "max": 10.0167989731, "dmean": 0.25445279479, "dmean2": 0.385716170073, "mean": 2.58216786385, "dvar2": 0.310873001814, "min": -0.0891138613224}, "pitch_salience": {"dvar": 0.00591184198856, "var": 0.0236217547208, "median": 0.543366312981, "max": 0.938585758209, "dmean": 0.0847034975886, "dmean2": 0.136084288359, "mean": 0.518316686153, "dvar2": 0.0141082732007, "min": 0.0680341348052}, "spectral_complexity": {"dvar": 18.9340953827, "var": 183.631271362, "median": 31, "max": 62, "dmean": 4.30639791489, "dmean2": 6.59130239487, "mean": 28.5936508179, "dvar2": 39.4639854431, "min": 0}, "spectral_spread": {"dvar": 375062331392, "var": 1176322310140.0, "median": 3816238.25, "max": 41270708, "dmean": 357390.3125, "dmean2": 545667.8125, "mean": 3823371, "dvar2": 617973874688, "min": 702829.375}, "dynamic_complexity": 3.79868507385, "melbands_crest": {"dvar": 20.0874958038, "var": 67.2506713867, "median": 17.2073612213, "max": 37.8873252869, "dmean": 4.99092054367, "dmean2": 8.1420545578, "mean": 18.3125171661, "dvar2": 48.7506561279, "min": 2.14630866051}, "zerocrossingrate": {"dvar": 0.0011486269068, "var": 0.00885652564466, "median": 0.22509765625, "max": 0.8251953125, "dmean": 0.034749135375, "dmean2": 0.043644092977, "mean": 0.222892895341, "dvar2": 0.00185122061521, "min": 0.017578125}, "spectral_energyband_low": {"dvar": 0.000409352971474, "var": 0.000607573660091, "median": 0.0139969196171, "max": 0.205099701881, "dmean": 0.0133888954297, "dmean2": 0.0219138879329, "mean": 0.0216445531696, "dvar2": 0.00104146625381, "min": 2.37625320373e-23}, "melbands_kurtosis": {"dvar": 176.423324585, "var": 217.666778564, "median": 3.15572166443, "max": 290.817108154, "dmean": 6.20606565475, "dmean2": 10.2980117798, "mean": 7.83102369308, "dvar2": 470.462677002, "min": -1.84364235401}, "spectral_energyband_middle_high": {"dvar": 1.36497028507e-05, "var": 5.45023685845e-05, "median": 0.00807061139494, "max": 0.0796317085624, "dmean": 0.00269668898545, "dmean2": 0.00417679222301, "mean": 0.00891013164073, "dvar2": 3.15634461003e-05, "min": 1.52232857828e-21}, "barkbands_spread": {"dvar": 69.1698150635, "var": 336.795593262, "median": 35.0735092163, "max": 112.426490784, "dmean": 8.66622543335, "dmean2": 13.4943962097, "mean": 36.0406112671, "dvar2": 157.126037598, "min": 1.55029904842}, "mfcc": {"mean": [-644.094543457, 142.53036499, -33.3912696838, 30.0375976562, -7.58116579056, 19.9927463531, 0.34191980958, 11.0615329742, 1.16815543175, 10.2906923294, -0.697778344154, 7.66352462769, 3.56721806526], "cov": [[12679.3916016, 781.791503906, -940.963562012, 1355.81994629, -481.070129395, 534.189025879, -116.829223633, 377.489929199, 100.987846375, 545.646972656, -0.50931173563, 336.278839111, 27.8199520111], [781.791503906, 1206.13342285, -120.033355713, -139.684295654, 77.9441757202, -24.8318195343, -8.2749786377, -63.7954101562, 53.9111251831, -16.330411911, 80.8177185059, 0.362393140793, 63.5741615295], [-940.963562012, -120.033355713, 366.910369873, -68.4064788818, 89.9563827515, -49.282989502, 34.7238616943, -24.9154930115, 7.47912216187, -30.7634544373, 14.4493303299, -15.0238628387, 3.87794709206], [1355.81994629, -139.684295654, -68.4064788818, 422.563110352, -69.432472229, 106.466567993, 1.45769512653, 89.7716140747, 2.97745871544, 90.1187515259, -8.59875106812, 41.23645401, -21.6397781372], [-481.070129395, 77.9441757202, 89.9563827515, -69.432472229, 174.608169556, -5.87213230133, 49.6214866638, -21.5913543701, 12.263759613, -36.7626266479, 22.0514717102, -19.9082889557, 7.06183290482], [534.189025879, -24.8318195343, -49.282989502, 106.466567993, -5.87213230133, 148.452255249, 39.670715332, 44.3236503601, -2.70330119133, 28.953836441, -16.1192512512, 23.2685871124, -5.96954107285], [-116.829223633, -8.2749786377, 34.7238616943, 1.45769512653, 49.6214866638, 39.670715332, 121.265007019, 35.8085250854, 24.0778999329, -21.6836509705, 3.59848856926, -16.8233356476, 8.71045398712], [377.489929199, -63.7954101562, -24.9154930115, 89.7716140747, -21.5913543701, 44.3236503601, 35.8085250854, 110.734863281, 22.3521404266, 36.4946479797, -17.3620834351, 11.1584062576, -9.81239891052], [100.987846375, 53.9111251831, 7.47912216187, 2.97745871544, 12.263759613, -2.70330119133, 24.0778999329, 22.3521404266, 89.3564224243, 32.9761047363, 27.4582557678, -1.82820475101, 10.8820161819], [545.646972656, -16.330411911, -30.7634544373, 90.1187515259, -36.7626266479, 28.953836441, -21.6836509705, 36.4946479797, 32.9761047363, 107.115196228, 29.39494133, 34.3226776123, -2.48251628876], [-0.50931173563, 80.8177185059, 14.4493303299, -8.59875106812, 22.0514717102, -16.1192512512, 3.59848856926, -17.3620834351, 27.4582557678, 29.39494133, 85.0716171265, 32.4606628418, 22.1370124817], [336.278839111, 0.362393140793, -15.0238628387, 41.23645401, -19.9082889557