{"tonal": {"hpcp": {"dvar": [0.0439700111747, 0.0345949269831, 0.0276341158897, 0.0315113775432, 0.0298895277083, 0.0201246310025, 0.0186754874885, 0.0308265667409, 0.0377957820892, 0.0440865308046, 0.0277009494603, 0.00939390808344, 0.00936687365174, 0.0129542648792, 0.0163917411119, 0.026396991685, 0.0159937813878, 0.0117206489667, 0.00842691492289, 0.0106868427247, 0.0164775028825, 0.018002839759, 0.0246196184307, 0.0424385778606, 0.0453047156334, 0.0226807072759, 0.0147537486628, 0.0106784328818, 0.017191067338, 0.0246971696615, 0.0221648216248, 0.0212117172778, 0.0199865736067, 0.0211923979223, 0.0336370803416, 0.0463482663035], "var": [0.0682284086943, 0.0474124662578, 0.0416849553585, 0.10542267561, 0.0626936778426, 0.0191214047372, 0.0193631555885, 0.0316434875131, 0.0918933227658, 0.159266516566, 0.057054515928, 0.00864561740309, 0.00713114021346, 0.0101362131536, 0.0375673919916, 0.0678165107965, 0.0244914945215, 0.00852986518294, 0.00564517686144, 0.00715028308332, 0.0138747934252, 0.0210223942995, 0.0315664298832, 0.112701028585, 0.148185700178, 0.0463077686727, 0.0120352637023, 0.00765308225527, 0.0177329592407, 0.0504640229046, 0.0529457814991, 0.0237413998693, 0.0142738195136, 0.0164892151952, 0.0260775014758, 0.0473054386675], "median": [0.0294452682137, 0.0178199149668, 0.00458056107163, 0.00275125540793, 0.00380467134528, 0.00524699455127, 0.00228799181059, 0.00744364643469, 0.111436851323, 0.159726306796, 0.0611178614199, 0.00184803945012, 0.000608814589214, 0.0011745832162, 0.00373082142323, 0.00583438947797, 0.00563130294904, 0.00149522582069, 0.000892776413821, 0.000478771078633, 0.00164842710365, 0.00300616864115, 0.0212267953902, 0.151336252689, 0.209424421191, 0.0744301304221, 0.00308863562532, 0.00151209742762, 0.0017313931603, 0.0171833150089, 0.025497045368, 0.0100032780319, 0.000815311796032, 0.00074216054054, 0.00185423181392, 0.0209317244589], "max": [1, 1, 1, 1, 1, 1, 1, 1, 1, 1, 1, 1, 1, 1, 1, 1, 1, 1, 1, 1, 1, 1, 1, 1, 1, 1, 1, 1, 1, 1, 1, 1, 1, 1, 1, 1], "dmean": [0.110675632954, 0.0902338027954, 0.0786987617612, 0.0686424672604, 0.0754593908787, 0.0558694154024, 0.0492725037038, 0.087655313313, 0.134180516005, 0.126869335771, 0.105337455869, 0.0358024090528, 0.0235560704023, 0.0327827036381, 0.0531045012176, 0.0688109174371, 0.0504822582006, 0.0301315821707, 0.0224766749889, 0.0238868929446, 0.0360901653767, 0.0455253608525, 0.0800340101123, 0.138862013817, 0.132872834802, 0.0930075868964, 0.0384935587645, 0.0271215029061, 0.0438901856542, 0.0658753067255, 0.0683931037784, 0.0554371029139, 0.0429422371089, 0.0454561188817, 0.0722392722964, 0.108980834484], "dmean2": [0.187966093421, 0.150270625949, 0.13745214045, 0.117896445096, 0.13097140193, 0.099793381989, 0.0893841013312, 0.15641400218, 0.223776236176, 0.20325319469, 0.174448728561, 0.0640900582075, 0.0432019904256, 0.0583796650171, 0.0854148045182, 0.109979607165, 0.0835199281573, 0.0534715130925, 0.0413237661123, 0.0443135723472, 0.0636154934764, 0.0791879668832, 0.138086482882, 0.229293063283, 0.220004245639, 0.15234734118, 0.0703382864594, 0.049090616405, 0.076344884932, 0.108493261039, 0.110245212913, 0.0955420508981, 0.0790506526828, 0.0850927233696, 0.132509797812, 0.192642375827], "mean": [0.147396609187, 0.103745900095, 0.101412974298, 0.158799141645, 0.120552882552, 0.0502889566123, 0.0422060415149, 0.0773285105824, 0.262326002121, 0.374003887177, 0.18694151938, 0.0289945006371, 0.0174458101392, 0.0260109081864, 0.0891971513629, 0.128231272101, 0.070519760251, 0.0249810777605, 0.0161089692265, 0.0162210054696, 0.031792871654, 0.0469239801168, 0.0941424295306, 0.308429688215, 0.382777899504, 0.164608687162, 0.0312624573708, 0.0205331649631, 0.0424519106746, 0.106670074165, 0.12096028775, 0.0626780763268, 0.0299352034926, 0.0318823345006, 0.0512014701962, 0.108301751316], "dvar2": [0.108530819416, 0.0831328034401, 0.075734756887, 0.0752906724811, 0.079425804317, 0.0571720525622, 0.0512962415814, 0.0831287130713, 0.0911091640592, 0.0870284363627, 0.0670682266355, 0.0249215643853, 0.0257703028619, 0.034778021276, 0.0381718911231, 0.0599761456251, 0.0407143048942, 0.0328792668879, 0.0235053207725, 0.0305743087083, 0.0454750172794, 0.0472506247461, 0.0631337016821, 0.101278401911, 0.0976988375187, 0.0559005178511, 0.0398810468614, 0.0295367315412, 0.0454014278948, 0.0589508451521, 0.0495003052056, 0.0549518875778, 0.0566254220903, 0.0579400137067, 0.0907302126288, 0.121629498899], "min": [0, 0, 0, 0, 0, 0, 0, 0, 0, 0, 0, 0, 0, 0, 0, 0, 0, 0, 0, 0, 0, 0, 0, 0, 0, 0, 0, 0, 0, 0, 0, 0, 0, 0, 0, 0]}, "key_key": "F", "thpcp": [1, 0.430037081242, 0.0816725790501, 0.0536425039172, 0.110904812813, 0.278673559427, 0.316006451845, 0.163745284081, 0.0782051533461, 0.0832919925451, 0.133762866259, 0.282936275005, 0.385070830584, 0.271034181118, 0.264939457178, 0.414859741926, 0.314942121506, 0.131378948689, 0.110262483358, 0.202019259334, 0.685321688652, 0.977078080177, 0.488381177187, 0.0757475793362, 0.0455768480897, 0.0679530054331, 0.233025863767, 0.335001766682, 0.1842315346, 0.065262593329, 0.042084377259, 0.0423770695925, 0.0830582752824, 0.122588008642, 0.245945304632, 0.805766701698], "chords_key": "F", "tuning_equal_tempered_deviation": 0.011685743928, "tuning_frequency": 443.316436768, "tuning_diatonic_strength": 0.70569819212, "chords_histogram": [53.4329414368, 0.177872642875, 14.158662796, 2.49021697044, 0.213447168469, 0, 0.03557452932, 0.28459623456, 1.77872645855, 0.106723584235, 0.996086776257, 0, 0, 0, 0.106723584235, 0.03557452932, 0, 2.56136608124, 0, 0.14229811728, 0, 2.81038784981, 17.2180709839, 3.45072937012], "key_strength": 0.877615094185, "key_scale": "major", "chords_strength": {"dvar": 4.91746541229e-05, "var": 0.00693678762764, "median": 0.548411786556, "max": 0.730468988419, "dmean": 0.00814701057971, "dmean2": 0.00661437073722, "mean": 0.539860367775, "dvar2": 4.78301117255e-05, "min": 0.253953844309}, "chords_number_rate": 0.00284596229903, "tuning_nontempered_energy_ratio": 0.639978289604, "hpcp_entropy": {"dvar": 0.21899817884, "var": 0.442130148411, "median": 1.58558535576, "max": 4.47736406326, "dmean": 0.477121412754, "dmean2": 0.819354474545, "mean": 1.58046257496, "dvar2": 0.579142570496, "min": 0}, "chords_changes_rate": 0.0455353967845, "chords_scale": "major"}, "rhythm": {"bpm_histogram_first_peak_spread": {"dvar": 0, "var": 0, "median": 0.204761922359, "max": 0.204761922359, "dmean": 0, "dmean2": 0, "mean": 0.204761922359, "dvar2": 0, "min": 0.204761922359}, "bpm_histogram_first_peak_weight": {"dvar": 0, "var": 0, "median": 0.5, "max": 0.5, "dmean": 0, "dmean2": 0, "mean": 0.5, "dvar2": 0, "min": 0.5}, "bpm_histogram_first_peak_bpm": {"dvar": 0, "var": 0, "median": 157, "max": 157, "dmean": 0, "dmean2": 0, "mean": 157, "dvar2": 0, "min": 157}, "bpm": 155.190933228, "bpm_histogram_second_peak_weight": {"dvar": 0, "var": 0, "median": 0.221556887031, "max": 0.221556887031, "dmean": 0, "dmean2": 0, "mean": 0.221556887031, "dvar2": 0, "min": 0.221556887031}, "beats_loudness": {"dvar": 0.000378167023882, "var": 0.00052903231699, "median": 0.0156990028918, "max": 0.155149921775, "dmean": 0.0172277987003, "dmean2": 0.0291105788201, "mean": 0.0228616781533, "dvar2": 0.00098188361153, "min": 1.93736475751e-08}, "beats_loudness_band_ratio": {"dvar": [0.0229773372412, 0.0438853874803, 0.0441597476602, 0.0155999986455, 0.00334638683125, 0.00841091386974], "var": [0.0411332920194, 0.0748149678111, 0.0590810105205, 0.0120304729789, 0.00227051321417, 0.00565022975206], "median": [0.233289331198, 0.477153450251, 0.0839252695441, 0.0253818184137, 0.00864452775568, 0.00551304779947], "max": [0.952862501144, 0.953487634659, 0.896843969822, 0.736965477467, 0.486657828093, 0.784132838249], "dmean": [0.189752653241, 0.271162241697, 0.197339266539, 0.0779292136431, 0.0221716780216, 0.0330229476094], "dmean2": [0.345068454742, 0.480064600706, 0.353785872459, 0.138252049685, 0.0403910987079, 0.0624767392874], "mean": [0.284459233284, 0.470806747675, 0.213097557425, 0.0650315284729, 0.0205618795007, 0.024571640417], "dvar2": [0.0715888813138, 0.126584857702, 0.109272956848, 0.0430811047554, 0.0103445528075, 0.0242253150791], "min": [0.000759522255976, 0.00424831360579, 0.00411083782092, 0.00196186057292, 0.000305040797684, 0.00011884074047]}, "bpm_histogram_second_peak_bpm": {"dvar": 0, "var": 0, "median": 152, "max": 152, "dmean": 0, "dmean2": 0, "mean": 152, "dvar2": 0, "min": 152}, "onset_rate": 3.61696529388, "beats_count": 335, "beats_position": [0.441179126501, 0.893968224525, 1.34675729275, 1.79954648018, 2.24072551727, 2.69351458549, 3.14630389214, 3.55265307426, 3.97061228752, 4.38857126236, 4.80653047562, 5.22448968887, 5.630838871, 6.03718805313, 6.43192720413, 6.84988641739, 7.24462556839, 7.65097475052, 8.05732440948, 8.46367359161, 8.87002277374, 9.25315189362, 9.63628101349, 10.0194101334, 10.4141492844, 10.7972784042, 11.1920175552, 11.5635375977, 11.9466667175, 12.3297958374, 12.7245349884, 13.1192741394, 13.5024032593, 13.8855323792, 14.2802715302, 14.66340065, 15.0465307236, 15.4296598434, 15.8360090256, 16.2539672852, 16.6487064362, 17.031835556, 17.4149665833, 17.7980957031, 18.1696147919, 18.5527439117, 18.9358730316, 19.3190021515, 19.7137413025, 20.0968704224, 20.4799995422, 20.8747386932, 21.2578678131, 21.6526069641, 22.0473461151, 22.4536952972, 22.8484344482, 23.219953537, 23.5914726257, 23.9629936218, 24.3461227417, 24.7292518616, 25.1123809814, 25.4955101013, 25.8786392212, 26.2617683411, 26.6565074921, 27.0512466431, 27.4459857941, 27.8407249451, 28.2238540649, 28.6069831848, 29.0017223358, 29.3964614868, 29.7795906067, 30.1627197266, 30.5574588776, 30.9289798737, 31.3121089935, 31.6952381134, 32.0783653259, 32.4614944458, 32.8330154419, 33.204536438, 33.5876655579, 33.9824028015, 34.3771438599, 34.7602729797, 35.1434020996, 35.5265312195, 35.9096603394, 36.2927894592, 36.6875267029, 37.0706558228, 37.4653968811, 37.848526001, 38.2316551208, 38.6147842407, 38.9979133606, 39.369430542, 39.7525634766, 40.124080658, 40.5072097778, 40.8903388977, 41.2734680176, 41.6565971375, 42.0513381958, 42.4576873779, 42.8408164978, 43.2239456177, 43.6070747375, 43.9902038574, 44.3733329773, 44.7564620972, 45.139591217, 45.5343284607, 45.929069519, 46.3121986389, 46.6953277588, 47.0784568787, 47.4615859985, 47.8563270569, 48.2394561768, 48.6341934204, 49.0289344788, 49.4120635986, 49.78358078, 50.1551017761, 50.5266189575, 50.8981399536, 51.2812690735, 51.6411781311, 52.0010871887, 52.3842163086, 52.7789573669, 53.1736946106, 53.5452156067, 53.9399528503, 54.3346939087, 54.7294311523, 55.1125602722, 55.4956893921, 55.878818512, 56.2619476318, 56.6450767517, 57.0282058716, 57.3997268677, 57.7712478638, 58.1427650452, 58.5142860413, 58.8858032227, 59.2573242188, 59.6288414001, 60.01197052, 60.3950996399, 60.7782287598, 61.1613578796, 61.5444869995, 61.9276161194, 62.310749054, 62.6938781738, 63.0886154175, 63.4833564758, 63.8664855957, 64.2380065918, 64.621131897, 65.0042648315, 65.3757781982, 65.7589111328, 66.1304321289, 66.5019454956, 66.8966903687, 67.2798156738, 67.6629486084, 68.0576858521, 68.4756469727, 68.8819961548, 69.2767333984, 69.6714706421, 70.0546035767, 70.4261245728, 70.7976379395, 71.180770874, 71.5638961792, 71.9470291138, 72.3301544189, 72.7132873535, 73.0964126587, 73.4911575317, 73.8742828369, 74.2574157715, 74.6521530151, 75.0352783203, 75.3951950073, 75.7783203125, 76.1614532471, 76.5329666138, 76.9044876099, 77.2643966675, 77.6475296021, 78.0190429688, 78.3905639648, 78.7504730225, 79.133605957, 79.5167312622, 79.8998641968, 80.2946014404, 80.6893386841, 81.0724716187, 81.4555969238, 81.8503417969, 82.2218551636, 82.5933761597, 82.9648971558, 83.3364181519, 83.7079315186, 84.0794525146, 84.4625854492, 84.8457107544, 85.228843689, 85.6119689941, 86.0067138672, 86.3898391724, 86.7729721069, 87.1560974121, 87.5392303467, 87.9339675903, 88.3170928955, 88.7002258301, 89.0833511353, 89.4664840698, 89.849609375, 90.2327423096, 90.6042633057, 90.9873886108, 91.3705215454, 91.7536468506, 92.1483917236, 92.5315170288, 92.9030380249, 93.2861633301, 93.6692962646, 94.0640335083, 94.4471664429, 94.8419036865, 95.2250289917, 95.6081619263, 95.9912872314, 96.374420166, 96.7575454712, 97.1522903442, 97.5470275879, 97.918548584, 98.3016738892, 98.6731948853, 99.0679321289, 99.4510650635, 99.8225860596, 100.205711365, 100.588844299, 100.983581543, 101.366706848, 101.749839783, 102.144577026, 102.53931427, 102.922447205, 103.317184448, 103.72353363, 104.095054626, 104.454963684, 104.82648468, 105.209609985, 105.581130981, 105.964263916, 106.347389221, 106.718910217, 107.102035522, 107.485168457, 107.856689453, 108.22820282, 108.611335754, 108.994468689, 109.389205933, 109.783943176, 110.167076111, 110.550201416, 110.94493866, 111.328071594, 111.711196899, 112.094329834, 112.489067078, 112.872200012, 113.255325317, 113.638458252, 114.021583557, 114.404716492, 114.799453735, 115.18258667, 115.565711975, 115.960449219, 116.343582153, 116.726707458, 117.109840393, 117.492965698, 117.876098633, 118.270835876, 118.653968811, 119.037094116, 119.420227051, 119.803352356, 120.186485291, 120.557998657, 120.95274353, 121.324264526, 121.695777893, 122.090522766, 122.48526001, 122.868385315, 123.25151825, 123.623039246, 124.017776489, 124.412513733, 124.807250977, 125.20199585, 125.596733093, 125.991470337, 126.432647705, 126.873832703, 127.315010071, 127.756187439, 128.197372437, 128.638549805, 129.079727173, 129.520904541, 129.962081909], "danceability": 0.996903955936, "bpm_histogram_second_peak_spread": {"dvar": 0, "var": 0, "median": 0.139534890652, "max": 0.139534890652, "dmean": 0, "dmean2": 0, "mean": 0.139534890652, "dvar2": 0, "min": 0.139534890652}}, "lowlevel": {"spectral_flux": {"dvar": 0.000452338135801, "var": 0.00152734399308, "median": 0.0259080603719, "max": 0.370417118073, "dmean": 0.0151233226061, "dmean2": 0.0230537988245, "mean": 0.0370602495968, "dvar2": 0.000988257001154, "min": 6.61771540345e-11}, "spectral_rolloff": {"dvar": 1999587.375, "var": 4172670.5, "median": 452.197265625, "max": 19918.2128906, "dmean": 408.183227539, "dmean2": 714.387329102, "mean": 1089.57885742, "dvar2": 4934319.5, "min": 21.533203125}, "barkbands_flatness_db": {"dvar": 0.00062207278097, "var": 0.00353385857306, "median": 0.221272528172, "max": 0.404588192701, "dmean": 0.0230696294457, "dmean2": 0.0328881219029, "mean": 0.215577542782, "dvar2": 0.00123245478608, "min": 0.014840236865}, "spectral_centroid": {"dvar": 131591.375, "var": 583249.9375, "median": 481.273254395, "max": 11182.9150391, "dmean": 149.670455933, "dmean2": 215.057754517, "mean": 737.855102539, "dvar2": 226542.953125, "min": 182.220611572}, "melbands_skewness": {"dvar": 0.81557315588, "var": 3.12172198296, "median": 2.89402365685, "max": 13.3995923996, "dmean": 0.699094891548, "dmean2": 1.01287198067, "mean": 3.0916185379, "dvar2": 1.6750254631, "min": -1.16283512115}, "melbands": {"dvar": [9.41107088093e-12, 1.8359259002e-08, 1.23278638853e-07, 1.0773634358e-06, 2.03454888492e-07, 2.07186914736e-07, 6.2603362494e-07, 7.99578629085e-07, 1.97862448204e-07, 5.41274136623e-09, 3.49219746454e-08, 5.36938438156e-10, 2.7670981062e-09, 2.51522855876e-08, 3.44344002201e-08, 3.67261172585e-08, 2.16593178948e-08, 5.0774744409e-09, 1.08255493458e-09, 2.2304127989e-10, 6.71466094532e-12, 3.22420840027e-11, 2.37267733239e-10, 1.31614696919e-09, 2.93393712103e-11, 5.98305801604e-13, 1.12940403557e-11, 1.81772791263e-11, 5.3528071732e-12, 2.96306620733e-12, 3.29497679141e-10, 1.33623334619e-10, 4.72415422753e-12, 1.92342496097e-11, 2.13271345029e-11, 2.03921601827e-12, 1.06104474165e-11, 1.09872842161e-12, 1.00764438026e-12, 3.31592636378e-13], "var": [2.63075811135e-11, 6.91687134236e-08, 2.83192491679e-07, 1.80733047728e-06, 5.26991073002e-07, 6.16173565504e-07, 1.99493706532e-06, 3.07880554828e-06, 8.35933064991e-07, 1.51138941362e-08, 8.29503079558e-08, 1.47349399349e-09, 1.126114757e-08, 8.62820144221e-08, 8.32025932596e-08, 1.24498157561e-07, 5.0806484353e-08, 1.42495508726e-08, 3.44423778387e-09, 3.65184160689e-10, 1.63728544611e-11, 8.12715242327e-11, 7.12536363245e-10, 2.92087043441e-09, 9.87226203564e-11, 2.02151793569e-12, 2.50763437792e-11, 3.16025677849e-11, 5.98466892363e-12, 4.47871557549e-12, 4.45485065503e-10, 1.32778926742e-10, 8.4976557041e-12, 4.26832631739e-11, 3.79590907318e-11, 3.19611372958e-12, 1.47700289499e-11, 2.2083838664e-12, 1.70235169277e-12, 5.23134975009e-13], "median": [3.7754961113e-07, 4.43621029262e-05, 0.000302547152387, 0.000305602647131, 0.00022154567705, 0.000102954014437, 3.7074139982e-05, 2.12432660192e-05, 6.3180214056e-06, 4.10887560065e-06, 9.30628993956e-06, 5.81701078772e-06, 3.90609648093e-06, 2.90192383545e-06, 8.8785469643e-07, 1.59320404691e-06, 4.43263672878e-07, 7.80536083766e-07, 4.78127219594e-07, 3.43108581546e-07, 3.19082317901e-07, 3.64201980574e-07, 3.98093760623e-07, 6.01663941779e-07, 2.59249816281e-07, 1.03787897388e-07, 1.73552621163e-07, 1.64169563277e-07, 6.10897004094e-08, 1.50497196927e-08, 2.22356710822e-08, 3.25459872386e-08, 3.28190381538e-08, 4.56306601393e-08, 4.50022596965e-08, 1.53344572595e-08, 1.5524724617e-08, 1.49103200897e-08, 2.06560084592e-08, 1.26976162917e-08], "max": [7.290270878e-05, 0.00284422049299, 0.0060563031584, 0.0213616266847, 0.0105790290982, 0.0129263168201, 0.0299500785768, 0.026494808495, 0.0156911145896, 0.00331162568182, 0.0128171797842, 0.000950618297793, 0.0021939589642, 0.0087936418131, 0.0076790060848, 0.0073766275309, 0.0074791922234, 0.00321683473885, 0.00135688879527, 0.0006701949751, 9.04140761122e-05, 0.000299651524983, 0.000789520854596, 0.00105600350071, 0.000201653499971, 1.83416304935e-05, 0.00016923181829, 0.000150575491716, 5.72403041588e-05, 5.81994427193e-05, 0.000954526243731, 0.000538386695553, 0.000102168691228, 0.000202341470867, 0.000170613871887, 5.91044772591e-05, 0.000180354792974, 3.38221761922e-05, 2.99905459542e-05, 1.34523243105e-05], "dmean": [1.04902017029e-06, 5.97720463702e-05, 0.000193981701159, 0.000409815402236, 0.000154093941092, 0.000145070065628, 0.000163102973602, 0.000221026595682, 9.28995214053e-05, 1.193305161e-05, 1.95413740585e-05, 6.87048122927e-06, 1.19074320537e-05, 2.55455852312e-05, 3.14181852445e-05, 3.65688283637e-05, 1.91507715499e-05, 8.04031151347e-06, 4.00840053771e-06, 1.42861961194e-06, 6.03117030096e-07, 1.13052703909e-06, 3.22510140904e-06, 6.4032769842e-06, 1.25358928926e-06, 3.20120477681e-07, 8.32046907817e-07, 8.58936857639e-07, 4.3281931994e-07, 2.46793348424e-07, 1.49596610299e-06, 1.15183252092e-06, 4.07046968576e-07, 7.23965854377e-07, 8.07295577943e-07, 2.34328865645e-07, 4.23287673357e-07, 1.87486364212e-07, 2.08326085271e-07, 1.50753507455e-07], "dmean2": [1.56123928718e-06, 8.51413715282e-05, 0.000312703748932, 0.000638254161458, 0.000232976002735, 0.000195069485926, 0.000214905157918, 0.000294617522741, 0.000118813135487, 1.56264177349e-05, 2.39505170612e-05, 9.33315004659e-06, 1.54392491822e-05, 3.16957230098e-05, 4.11130131397e-05, 4.44090364908e-05, 2.47090392804e-05, 1.07472606032e-05, 5.46758701603e-06, 2.20238575821e-06, 8.580510098e-07, 1.49529876126e-06, 4.42522969024e-06, 9.17975921766e-06, 1.72380032382e-06, 4.73835086723e-07, 1.19843775792e-06, 1.29817362904e-06, 6.80060395553e-07, 3.72846585606e-07, 2.3652667096e-06, 1.66351912867e-06, 5.9288055354e-07, 1.06781931208e-06, 1.19938124499e-06, 3.45211446984e-07, 6.22337552159e-07, 2.75920825743e-07, 3.20037543133e-07, 2.33770293789e-07], "mean": [2.30619752983e-06, 0.000152403808897, 0.000478302448755, 0.000708762847353, 0.000401546334615, 0.000441302574473, 0.000374518305762, 0.000559885695111, 0.000247118092375, 3.19990322168e-05, 5.73854704271e-05, 1.77500623977e-05, 2.8788963391e-05, 6.09504204476e-05, 6.36286131339e-05, 7.14060224709e-05, 3.11412550218e-05, 1.38486229844e-05, 7.06931996319e-06, 2.14928468267e-06, 1.14561885312e-06, 2.01774264497e-06, 5.93003323957e-06, 1.12308152893e-05, 2.4158719043e-06, 6.46041655727e-07, 1.4479900301e-06, 1.34030267418e-06, 5.28136752109e-07, 2.89291165245e-07, 1.77046888439e-06, 1.37137988077e-06, 6.04320177899e-07, 1.1007688272e-06, 1.12583313694e-06, 3.34394968604e-07, 5.62078980693e-07, 2.63689059921e-07, 2.77319458064e-07, 1.83436853263e-07], "dvar2": [2.28167849198e-11, 4.02511872721e-08, 3.46997097722e-07, 2.44943271355e-06, 4.60312946871e-07, 4.34355996504e-07, 1.12118777906e-06, 1.46302738813e-06, 3.47119026856e-07, 1.18659277959e-08, 7.10462231268e-08, 1.04468711459e-09, 4.68053418246e-09, 4.34304681107e-08, 6.69057627078e-08, 5.62384165903e-08, 3.64549741505e-08, 9.13994568918e-09, 2.0486714547e-09, 4.27810870063e-10, 1.27581964091e-11, 5.46942248436e-11, 4.50499970661e-10, 2.89156032451e-09, 4.41520708883e-11, 1.25017628628e-12, 2.10302469883e-11, 3.90599531885e-11, 1.33472009486e-11, 6.48529754205e-12, 6.65208277351e-10, 3.3348099282e-10, 1.07292707704e-11, 3.64922189688e-11, 4.82322341788e-11, 4.75748780648e-12, 2.33835815294e-11, 1.87228704762e-12, 2.16219750437e-12, 7.56192580342e-13], "min": [4.19535852312e-25, 2.97123099166e-24, 8.00109588413e-24, 2.82426837439e-24, 2.74218325568e-24, 3.6151613853e-24, 3.79975562598e-24, 5.21976402552e-24, 4.78428677343e-24, 9.52997537162e-24, 5.36035205504e-24, 8.65765140491e-24, 3.21245420407e-24, 3.52758796406e-24, 6.77920713993e-24, 1.18330334852e-23, 7.89532383624e-24, 6.13153300965e-24, 5.5807073327e-24, 6.13968549267e-24, 5.7112389634e-24, 6.08508093524e-24, 7.21201094241e-24, 9.53299118687e-24, 7.08535459091e-24, 1.39318862759e-23, 1.35778139472e-23, 8.17838290625e-24, 7.12988342243e-24, 7.5826982595e-24, 7.83845879788e-24, 6.88546354842e-24, 7.98868158006e-24, 9.34752604374e-24, 8.97958317375e-24, 9.46885127324e-24, 1.00576018326e-23, 9.9292533745e-24, 8.65075360515e-24, 7.78328192187e-24]}, "spectral_decrease": {"dvar": 3.4742193705e-18, "var": 2.02215020999e-17, "median": -1.78317305366e-09, "max": 2.46118754004e-20, "dmean": 9.50863277005e-10, "dmean2": 1.29054000819e-09, "mean": -3.46654260852e-09, "dvar2": 6.18320072143e-18, "min": -3.97044885858e-08}, "barkbands_kurtosis": {"dvar": 89.5047531128, "var": 210.693130493, "median": 10.810757637, "max": 224.29486084, "dmean": 5.89407396317, "dmean2": 8.90069198608, "mean": 14.5192842484, "dvar2": 202.288513184, "min": -1.90988409519}, "silence_rate_30dB": {"dvar": 0.00142140209209, "var": 0.00301540479995, "median": 1, "max": 1, "dmean": 0.00142348755617, "dmean2": 0.00284748175181, "mean": 0.996975600719, "dvar2": 0.00319535913877, "min": 0}, "gfcc": {"mean": [-133.224090576, 96.1777954102, -86.588432312, -4.07383966446, -66.2833175659, -15.9923667908, -52.9299621582, -10.1906003952, -41.0395011902, -13.2326335907, -18.1779956818, -1.64760518074, -21.8507156372], "cov": [[18872.25, 690.088134766, -1866.01037598, -613.327392578, -1192.08642578, -602.538513184, -751.541992188, -371.559814453, -552.302001953, -204.471710205, 370.317687988, -362.166778564, -1089.28369141], [690.088134766, 2306.25292969, -409.28414917, -469.199279785, 283.828216553, -270.311553955, -30.8156909943, -37.4241447449, -37.5318984985, -195.821670532, 114.928260803, -84.360534668, -9.22257518768], [-1866.01037598, -409.28414917, 1104.82324219, 318.412078857, 125.124603271, 171.317810059, 50.9055938721, 37.301864624, 42.8451766968, 23.1935863495, -144.012466431, 117.593696594, 191.06463623], [-613.327392578, -469.199279785, 318.412078857, 605.868591309, -47.0689125061, 86.430480957, 19.0242042542, -9.5855140686, 63.2078018188, 1.64676380157, -99.6297607422, 49.8756904602, 145.708206177], [-1192.08642578, 283.828216553, 125.124603271, -47.0689125061, 431.325927734, 32.1676635742, 30.5644989014, 28.5443286896, 40.0082817078, 21.4378204346, -32.8512802124, 4.46305704117, 115.133583069], [-602.538513184, -270.311553955, 171.317810059, 86.430480957, 32.1676635742, 236.735229492, 74.2961120605, -3.72311782837, 27.9786930084, 59.6402511597, -16.3356132507, 3.49725079536, 30.3469696045], [-751.541992188, -30.8156909943, 50.9055938721, 19.0242042542, 30.5644989014, 74.2961120605, 230.361968994, 42.9830093384, 1.28235578537, -19.3967437744, -19.1669864655, 29.6587638855, 5.18189239502], [-371.559814453, -37.4241447449, 37.301864624, -9.5855140686, 28.5443286896, -3.72311782837, 42.9830093384, 128.580886841, 35.0186958313, 3.0813574791, 18.5706119537, 7.75709724426, -29.0291118622], [-552.302001953, -37.5318984985, 42.8451766968, 63.2078018188, 40.0082817078, 27.9786930084, 1.28235578537, 35.0186958313, 121.605461121, 25.8942718506, -11.7111692429, 5.96991539001, 18.1854305267], [-204.471710205, -195.821670532, 23.1935863495, 1.64676380157, 21.4378204346, 59.6402511597, -19.3967437744, 3.0813574791, 25.8942718506, 142.264053345, 37.8343200684, -30.3398456573, -27.4970111847], [370.317687988, 114.928260803, -144.012466431, -99.6297607422, -32.8512802124, -16.3356132507, -19.1669864655, 18.5706119537, -11.7111692429, 37.8343200684, 169.934936523, -14.4111728668, -148.362060547], [-362.166778564, -84.360534668, 117.593696594, 49.8756904602, 4.46305704117, 3.49725079536, 29.6587638855, 7.75709724426, 5.96991539001, -30.3398456573, -14.4111728668, 119.548797607, 58.6843261719], [-1089.28369141, -9.22257518768, 191.06463623, 145.708206177, 115.133583069, 30.3469696045, 5.18189239502, -29.0291118622, 18.1854305267, -27.4970111847, -148.362060547, 58.6843261719, 319.332824707]], "icov": [[0.000121630662761, -5.2503815823e-05, 0.000127237188281, -7.2392365837e-05, 0.000160768599017, -5.02430011693e-05, 0.000371742877178, 7.97156681074e-05, 0.000415395974414, 4.72379397252e-05, 0.000300540763419, -5.84366789553e-05, 0.000449090119218], [-5.2503815823e-05, 0.000945242878515, -0.000113585279905, 0.000534787308425, -0.000656967924442, 0.000754211156163, -0.000456415466033, 0.000640672049485, -0.000730494502932, 0.00155945075676, -0.00151016458403, 0.00112839275971, -0.000830124365166], [0.000127237188281, -0.000113585279905, 0.00160965300165, -0.000621047336608, -0.000177187932422, -0.000954737886786, 0.000803757284302, -0.000653963594232, 0.000956195930485, -0.000422693905421, 0.00148250069469, -0.00146106700413, 0.000699569296557], [-7.2392365837e-05, 0.000534787308425, -0.000621047336608, 0.00271161599085, 0.000350129936123, 0.00010099663632, -0.000464636977995, 0.000598500366323, -0.00173293612897, 0.000888716429472, -0.000698788731825, 0.000631080009043, -0.00143649580423], [0.000160768599017, -0.000656967924442, -0.000177187932422, 0.000350129936123, 0.00365384668112, -0.000467491016025, 0.000206782176974, -0.000744128308725, -5.32536505489e-05, -0.00122948922217, 0.000563043577131, 3.59465302608e-05, -0.000716115697287], [-5.02430011693e-05, 0.000754211156163, -0.000954737886786, 0.00010099663632, -0.000467491016025, 0.00713523197919, -0.0029131937772, 0.00200337776914, -0.00154895102605, -0.00135176174808, -0.00164706946816, 0.00171119882725, -0.00101246521808], [0.000371742877178, -0.000456415466033, 0.000803757284302, -0.000464636977995, 0.000206782176974, -0.0029131937772, 0.00718507030979, -0.00226784800179, 0.00249999365769, 0.000857588194776, 0.00263008987531, -0.00212329975329, 0.0024091375526], [7.97156681074e-05, 0.000640672049485, -0.000653963594232, 0.000598500366323, -0.000744128308725, 0.00200337776914, -0.00226784800179, 0.0107114687562, -0.00341676338576, 0.00130160327535, -0.00202123727649, 0.00083183957031, 0.000711774802767], [0.000415395974414, -0.000730494502932, 0.000956195930485, -0.00173293612897, -5.32536505489e-05, -0.00154895102605, 0.00249999365769, -0.00341676338576, 0.0123608680442, -0.00250416179188, 0.00315078254789, -0.00183320348151, 0.0023108930327], [4.72379397252e-05, 0.00155945075676, -0.000422693905421, 0.000888716429472, -0.00122948922217, -0.00135176174808, 0.000857588194776, 0.00130160327535, -0.00250416179188, 0.0126525815576, -0.00507568987086, 0.00439177267253, -0.00120343558956], [0.000300540763419, -0.00151016458403, 0.00148250069469, -0.000698788731825, 0.000563043577131, -0.00164706946816, 0.00263008987531, -0.00202123727649, 0.00315078254789, -0.00507568987086, 0.0149444406852, -0.00509426137432, 0.00740338442847], [-5.84366789553e-05, 0.00112839275971, -0.00146106700413, 0.000631080009043, 3.59465302608e-05, 0.00171119882725, -0.00212329975329, 0.00083183957031, -0.00183320348151, 0.00439177267253, -0.00509426137432, 0.0131046557799, -0.00393851054832], [0.000449090119218, -0.000830124365166, 0.000699569296557, -0.00143649580423, -0.000716115697287, -0.00101246521808, 0.0024091375526, 0.000711774802767, 0.0023108930327, -0.00120343558956, 0.00740338442847, -0.00393851054832, 0.00918453745544]]}, "silence_rate_20dB": {"dvar": 0, "var": 0, "median": 1, "max": 1, "dmean": 0, "dmean2": 0, "mean": 1, "dvar2": 0, "min": 1}, "barkbands_skewness": {"dvar": 0.647845625877, "var": 2.55918741226, "median": 2.65811133385, "max": 12.5082950592, "dmean": 0.657529532909, "dmean2": 0.952001214027, "mean": 2.70217347145, "dvar2": 1.35808765888, "min": -3.89299941063}, "erbbands_skewness": {"dvar": 0.264870434999, "var": 1.45360481739, "median": 1.30200517178, "max": 6.43429088593, "dmean": 0.419742017984, "dmean2": 0.585837543011, "mean": 1.2099288702, "dvar2": 0.474627584219, "min": -7.56606626511}, "spectral_contrast_valleys": {"dvar": [0.177973136306, 0.104651816189, 0.117837511003, 0.133336037397, 0.164548262954, 0.252901375294], "var": [1.81939911842, 1.8740773201, 1.76571381092, 1.67322337627, 1.73084521294, 1.82337939739], "median": [-9.60369777679, -7.97102403641, -8.85548591614, -9.74194049835, -9.55372333527, -11.8638191223], "max": [-7.11719703674, -4.99614095688, -6.20868396759, -5.95761585236, -6.51909017563, -7.97557783127], "dmean": [0.445182621479, 0.313948512077, 0.326464802027, 0.354554533958, 0.361416518688, 0.405075520277], "dmean2": [0.680692911148, 0.495777487755, 0.485332101583, 0.502741098404, 0.489802092314, 0.538498997688], "mean": [-9.73281383514, -8.20519256592, -9.08249092102, -9.95142650604, -9.82021808624, -11.7860536575], "dvar2": [0.388712286949, 0.224114134908, 0.220214217901, 0.224476635456, 0.259818166494, 0.401481539011], "min": [-27.5743579865, -27.4376544952, -27.3363075256, -27.5898933411, -27.2684803009, -27.3644523621]}, "spectral_strongpeak": {"dvar": 0.731016278267, "var": 2.22794270515, "median": 0.425100445747, "max": 13.842587471, "dmean": 0.369835078716, "dmean2": 0.579344391823, "mean": 1.03287672997, "dvar2": 1.75375282764, "min": 0}, "erbbands_crest": {"dvar": 6.68213224411, "var": 28.0932102203, "median": 11.7184524536, "max": 30.6921615601, "dmean": 2.29737138748, "dmean2": 3.36744236946, "mean": 12.5908288956, "dvar2": 14.8085346222, "min": 1.95503950119}, "barkbands_crest": {"dvar": 6.07034730911, "var": 17.9471855164, "median": 12.7400445938, "max": 26.0936794281, "dmean": 2.21935987473, "dmean2": 3.46663117409, "mean": 13.17664814, "dvar2": 14.360584259, "min": 2.77797818184}, "spectral_energyband_middle_low": {"dvar": 4.6056778956e-05, "var": 0.00020631798543, "median": 0.00568183418363, "max": 0.144225880504, "dmean": 0.003308940446, "dmean2": 0.00456449994817, "mean": 0.0109346592799, "dvar2": 8.58222629176e-05, "min": 2.53593108339e-22}, "spectral_contrast_coeffs": {"dvar": [0.00124442728702, 0.00129045546055, 0.00104164634831, 0.000881695304997, 0.000675735063851, 0.000356758100679], "var": [0.0137764886022, 0.0132790403441, 0.00750406552106, 0.00889969244599, 0.00546262832358, 0.00233761151321], "median": [-0.442411333323, -0.641774654388, -0.723358809948, -0.747849225998, -0.760598421097, -0.815242528915], "max": [-0.207012012601, -0.333562135696, -0.41046962142, -0.426158308983, -0.516188085079, -0.588203847408], "dmean": [0.0386371687055, 0.0349373035133, 0.032387368381, 0.0313293673098, 0.0271674245596, 0.0197752323002], "dmean2": [0.0620020627975, 0.0535019487143, 0.0476591102779, 0.0450554266572, 0.0387032553554, 0.0276996344328], "mean": [-0.464983433485, -0.630039155483, -0.723551273346, -0.739409029484, -0.760636210442, -0.813040673733], "dvar2": [0.00317556876689, 0.00267684157006, 0.00204348075204, 0.00152752862778, 0.0011561603751, 0.000660715100821], "min": [-0.975261271, -0.967424690723, -0.966582834721, -0.959201455116, -0.968365252018, -0.960352838039]}, "hfc": {"dvar": 46.1683540344, "var": 246.757873535, "median": 3.25186514854, "max": 164.539550781, "dmean": 3.05758666992, "dmean2": 4.05945587158, "mean": 9.40736675262, "dvar2": 81.1420822144, "min": 1.12424684621e-16}, "spectral_energyband_high": {"dvar": 4.77879950722e-07, "var": 1.0377742683e-06, "median": 2.08466171898e-05, "max": 0.0299053248018, "dmean": 0.000154890076374, "dmean2": 0.000221014008275, "mean": 0.000241917790845, "dvar2": 8.82293534232e-07, "min": 7.5982936988e-21}, "erbbands_spread": {"dvar": 173.854568481, "var": 506.288574219, "median": 21.5456771851, "max": 135.104263306, "dmean": 7.85827732086, "dmean2": 11.8266611099, "mean": 29.1932430267, "dvar2": 408.146820068, "min": 3.34962153435}, "dissonance": {"dvar": 0.000860467611346, "var": 0.00288565689698, "median": 0.413915336132, "max": 0.500000119209, "dmean": 0.0293291788548, "dmean2": 0.0480190739036, "mean": 0.408530920744, "dvar2": 0.00224687997252, "min": 0.161302983761}, "spectral_kurtosis": {"dvar": 20.7450428009, "var": 89.6572799683, "median": 10.0308332443, "max": 100.067138672, "dmean": 3.68692159653, "dmean2": 5.65724182129, "mean": 11.9728775024, "dvar2": 45.8234977722, "min": -1.23046219349}, "spectral_skewness": {"dvar": 0.177018210292, "var": 1.12444531918, "median": 2.58283424377, "max": 8.2436914444, "dmean": 0.373279899359, "dmean2": 0.551562666893, "mean": 2.63323664665, "dvar2": 0.353499233723, "min": -0.275260895491}, "pitch_salience": {"dvar": 0.00385071500205, "var": 0.0118654118851, "median": 0.557431340218, "max": 0.921387970448, "dmean": 0.0572547502816, "dmean2": 0.0880227610469, "mean": 0.548666656017, "dvar2": 0.00923336204141, "min": 0.116726227105}, "spectral_complexity": {"dvar": 2.01338791847, "var": 16.345249176, "median": 6, "max": 31, "dmean": 1.09715306759, "dmean2": 1.70386195183, "mean": 6.98256540298, "dvar2": 3.70157289505, "min": 0}, "spectral_spread": {"dvar": 2004649246720.0, "var": 6534244335620.0, "median": 3645928.5, "max": 41378212, "dmean": 952009.5, "dmean2": 1370488, "mean": 4557419, "dvar2": 3972051238910.0, "min": 1209471.875}, "dynamic_complexity": 7.37890481949, "melbands_crest": {"dvar": 8.59424877167, "var": 24.4873771667, "median": 15.7040863037, "max": 32.922416687, "dmean": 2.63944172859, "dmean2": 4.13194131851, "mean": 16.3859519958, "dvar2": 21.1124343872, "min": 1.86520469189}, "zerocrossingrate": {"dvar": 0.000318033562507, "var": 0.00274560996331, "median": 0.0283203125, "max": 0.5205078125, "dmean": 0.0101313143969, "dmean2": 0.0115076741204, "mean": 0.0453234612942, "dvar2": 0.00034581226646, "min": 0}, "spectral_energyband_low": {"dvar": 5.63440664791e-07, "var": 1.52665040787e-06, "median": 0.000407916726544, "max": 0.0135324019939, "dmean": 0.000363163213478, "dmean2": 0.000556353305001, "mean": 0.000869492010679, "dvar2": 1.41807856835e-06, "min": 3.37424586809e-23}, "melbands_kurtosis": {"dvar": 249.954406738, "var": 580.697021484, "median": 15.6083049774, "max": 311.958099365, "dmean": 9.01807880402, "dmean2": 13.5032997131, "mean": 22.2372303009, "dvar2": 533.624084473, "min": -1.96496665478}, "spectral_energyband_middle_high": {"dvar": 8.20422701509e-06, "var": 4.26902588515e-05, "median": 0.000276702980045, "max": 0.0762795209885, "dmean": 0.000827383133583, "dmean2": 0.00103154196404, "mean": 0.00233163288794, "dvar2": 1.35729997055e-05, "min": 1.44115915827e-21}, "barkbands_spread": {"dvar": 108.927848816, "var": 328.786315918, "median": 6.26078414917, "max": 113.088531494, "dmean": 4.89652776718, "dmean2": 7.68711853027, "mean": 12.7508268356, "dvar2": 248.068786621, "min": 0.487277090549}, "mfcc": {"mean": [-791.434692383, 144.391860962, 14.9699935913, 8.05174827576, -5.03211021423, -16.6675281525, -12.8120603561, -8.86602020264, -26.1553440094, -17.7744903564, -12.7416162491, -15.4931783676, -8.25142002106], "cov": [[12745.5791016, 776.324829102, -916.808105469, -451.941864014, -691.073852539, -601.753112793, -314.835479736, -240.917953491, -1298.13232422, -158.984527588, 494.739776611, -54.0643615723, -104.286300659], [776.324829102, 2618.03564453, -492.048278809, -185.141830444, 80.5806655884, -314.220184326, -1.94535434246, -15.7903785706, -224.562011719, -96.8818969727, -100.092414856, -66.9533157349, 80.5079421997], [-916.808105469, -492.048278809, 911.36541748, 242.019302368, 99.3862228394, 218.701629639, 6.09096956253, 57.3356056213, 204.994277954, -19.9209976196, -102.563514709, -11.6428813934, -21.0376815796], [-451.941864014, -185.141830444, 242.019302368, 393.352752686, 112.279396057, 80.4359130859, -18.7373065948, 38.7699966431, 166.697143555, -28.9142990112, -102.769798279, -34.4174118042, -9.65238189697], [-691.073852539, 80.5806655884, 99.3862228394, 112.279396057, 361.199127197, 105.038146973, 7.81770372391, -45.5573539734, 160.632080078, 33.5264282227, -61.8118095398, 0.76523578167, -3.81865954399], [-601.753112793, -314.220184326, 218.701629639, 80.4359130859, 105.038146973, 306.041748047, 71.6161499023, 6.08649969101, 180.13633728, 31.2790622711, -32.7556343079, 13.2188014984, -8.95662593842], [-314.835479736, -1.94535434246, 6.09096956253, -18.7373065948, 7.81770372391, 71.6161499023, 195.040344238, 49.9282035828, 28.3837280273, 33.2144355774, 32.5302200317, 39.1054344177, 37.0839500427], [-240.917953491, -15.7903785706, 57.3356056213, 38.7699966431, -45.5573539734, 6.08649969101, 49.9282035828, 206.863967896, 25.657793045, -10.20698452, 21.8529472351, 24.0914344788, 59.3678207397], [-1298.13232422, -224.562011719, 204.994277954, 166.697143555, 160.632080078, 180.13633728, 28.3837280273, 25.657793045, 446.635772705, 6.01794242859, -179.952377319, -36.0205726624, -46.5879440308], [-158.984527588, -96.8818969727, -19.9209976196, -28.9142990112, 33.5264282227, 31.2790622711, 33.2144355774, -10.20698452, 6.01794242859, 154.942184448, 70.7321090698, 34.8426589966, -3.03901553154], [494.739776611, -100.092414856, -102.563514709, -102.769798279, -61.8118095398, -32.7556343079, 32.5302200317, 21.8529472351, -179.952377319, 70.7321090698, 257.775634766, 76.377784729, 28.0864181519], [-54.0643615723, -66.9533157349, -11.6428813934, -34.4174118042, 0.76523578167, 13.2188014984, 39.1054344177, 24.0914344788, -36.0205726624, 34.8426589966, 76.377784729, 120.190605164, 37.7704162598], [-104.286300659, 80.5079421997, -21.0376815796, -9.65238189697, -3.81865954399, -8.95662593842, 37.0839500427, 59.3678207397, -46.5879440308, -3.03901553154, 28.0864181519, 37.7704162598, 122.699714661]], "icov": [[0.000127563689603, -1.83400879905e-05, 5.79283332627e-05, -5.82374523219e-05, 0.000106905761641, -6.17333571427e-05, 0.000105263548903, 5.65583031857e-05, 0.000315752142342, 0.000110209854029, -0.000102046549728, 6.38906640233e-05, 0.000191755258129], [-1.83400879905e-05, 0.00056847545784, 0.000181665862328, 0.000226940828725, -0.000483519135742, 0.000441637239419, -0.000266757706413, -0.000168258426129, 0.000287798873615, 0.000154789653607, 0.000515897001605, 0.000256332103163, -0.000244250084506], [5.79283332627e-05, 0.000181665862328, 0.0016516840551, -0.000614225689787, -8.63911918714e-05, -0.000887382135261, 0.000242957015871, -0.000460917042801, 0.000313919968903, 0.0002192058746, 0.000401119032176, -9.90330663626e-05, 0.000310318660922], [-5.82374523219e-05, 0.000226940828725, -0.000614225689787, 0.00380190624855, -0.00100822839886, 0.000204539581318, 0.000337935693096, -0.000866164220497, -0.00062508933479, 0.000374527502572, 0.000603625492658, 0.000575278652832, -0.000247447751462], [0.000106905761641, -0.000483519135742, -8.63911918714e-05, -0.00100822839886, 0.0043623726815, -0.000891789793968, 0.000425684615038, 0.0015879322309, -0.001112822094, -0.0008086671005, -0.00040813421947, -0.000524582806975, -0.000699964177329], [-6.17333571427e-05, 0.000441637239419, -0.000887382135261, 0.00020453958