{"tonal": {"hpcp": {"dvar": [0.0171660073102, 0.0187974963337, 0.0273613668978, 0.0375043302774, 0.0273330919445, 0.0179844759405, 0.0196067970246, 0.0238689091057, 0.0337640605867, 0.0411350131035, 0.0342101417482, 0.0350826196373, 0.0446634702384, 0.0271177962422, 0.0184561703354, 0.0200793817639, 0.0218887478113, 0.0320369377732, 0.042660728097, 0.0231496114284, 0.0169439483434, 0.0191941447556, 0.0262212287635, 0.0413908064365, 0.058729544282, 0.0462736189365, 0.0441918857396, 0.038564145565, 0.031069798395, 0.0326628498733, 0.033987224102, 0.0245841834694, 0.0302445348352, 0.0353095009923, 0.025802725926, 0.0210792794824], "var": [0.0333859063685, 0.0213587768376, 0.0599097311497, 0.0956666767597, 0.0385303385556, 0.0142178060487, 0.0133487358689, 0.0196607075632, 0.0702022016048, 0.126405313611, 0.057401239872, 0.0659508556128, 0.11111947149, 0.0418175347149, 0.0179943591356, 0.0302327051759, 0.023772040382, 0.0707327350974, 0.110673502088, 0.032533545047, 0.0137459430844, 0.0161209926009, 0.0215663090348, 0.0602692887187, 0.0962748080492, 0.0521294474602, 0.0339572578669, 0.0391516536474, 0.0287975240499, 0.0592144057155, 0.0861137881875, 0.0305505953729, 0.0518420934677, 0.0803543105721, 0.0362685620785, 0.0284312777221], "median": [0.00507350824773, 0.00890890974551, 0.0255020931363, 0.0310881175101, 0.0183563213795, 0.00640320312232, 0.00462809577584, 0.00665672123432, 0.0337435007095, 0.055222928524, 0.046085819602, 0.0477847754955, 0.0520441010594, 0.0273862872273, 0.00903399847448, 0.00764377787709, 0.0139593603089, 0.0444283373654, 0.0489187166095, 0.0260681807995, 0.00497992616147, 0.00393846165389, 0.00814791582525, 0.0371123999357, 0.0453320741653, 0.0189082752913, 0.00461512478068, 0.00327150174417, 0.00819065049291, 0.0155278425664, 0.0169228129089, 0.0205878056586, 0.0309157669544, 0.0375613197684, 0.0230330079794, 0.00616211351007], "max": [1, 1, 1, 1, 1, 1, 1, 1, 1, 1, 1, 1, 1, 1, 1, 1, 1, 1, 1, 1, 1, 1, 1, 1, 1, 1, 1, 1, 1, 1, 1, 1, 1, 1, 1, 1], "dmean": [0.0510760173202, 0.0595411099494, 0.087411865592, 0.105310201645, 0.0851047635078, 0.0503474660218, 0.0466764010489, 0.0645430311561, 0.100814789534, 0.115522697568, 0.115509487689, 0.116289153695, 0.120664849877, 0.0930138081312, 0.0583765991032, 0.0608965195715, 0.0745470523834, 0.110334299505, 0.121416427195, 0.0817332267761, 0.0461244173348, 0.0463376790285, 0.0659754425287, 0.117182828486, 0.138304159045, 0.111544914544, 0.0922000259161, 0.0809193477035, 0.0785898938775, 0.0905934944749, 0.0893424078822, 0.0799444913864, 0.093134559691, 0.103401184082, 0.0834089592099, 0.0581895820796], "dmean2": [0.090772330761, 0.105669058859, 0.148272544146, 0.17505183816, 0.146368950605, 0.0910847112536, 0.0862205475569, 0.116365008056, 0.173815459013, 0.195525601506, 0.197123736143, 0.200031936169, 0.203158721328, 0.157993242145, 0.105888776481, 0.108034923673, 0.132079601288, 0.186637297273, 0.204256281257, 0.139268711209, 0.0827485248446, 0.0843298137188, 0.119175493717, 0.205205693841, 0.2418102175, 0.194470107555, 0.170023158193, 0.147827044129, 0.143373951316, 0.159252554178, 0.153775900602, 0.140283748507, 0.158991664648, 0.17338564992, 0.143185466528, 0.103778786957], "mean": [0.0670920312405, 0.0634201541543, 0.145260617137, 0.200187757611, 0.112889133394, 0.040874492377, 0.0345906838775, 0.053366817534, 0.1748598665, 0.257252246141, 0.166981101036, 0.174138754606, 0.229296758771, 0.126655191183, 0.0564270466566, 0.0714427307248, 0.0776092410088, 0.181608527899, 0.232975274324, 0.109761163592, 0.0400252789259, 0.0409310534596, 0.0573976524174, 0.149305075407, 0.201117679477, 0.124005116522, 0.0721467286348, 0.0739553198218, 0.0700984895229, 0.130232900381, 0.161180913448, 0.0980569571257, 0.132780939341, 0.178101763129, 0.105677582324, 0.0651103854179], "dvar2": [0.0446068942547, 0.0503935292363, 0.067781239748, 0.0856901630759, 0.0717856064439, 0.0501072406769, 0.055177833885, 0.0658221915364, 0.0848160013556, 0.094150878489, 0.0850316509604, 0.0911134257913, 0.102425791323, 0.0682193636894, 0.0519078783691, 0.0542568787932, 0.0601819753647, 0.0792358145118, 0.101520232856, 0.060261387378, 0.0479163527489, 0.053984478116, 0.0730588510633, 0.110638976097, 0.147944882512, 0.116668909788, 0.124688148499, 0.107565529644, 0.0871278345585, 0.0845765098929, 0.0808913782239, 0.0655730366707, 0.0775987878442, 0.0851279050112, 0.0698874741793, 0.0582999773324], "min": [0, 0, 0, 0, 0, 0, 0, 0, 0, 0, 0, 0, 0, 0, 0, 0, 0, 0, 0, 0, 0, 0, 0, 0, 0, 0, 0, 0, 0, 0, 0, 0, 0, 0, 0, 0]}, "key_key": "G#", "thpcp": [1, 0.649094820023, 0.676918327808, 0.891330420971, 0.49233853817, 0.219345211983, 0.277714699507, 0.301685363054, 0.705955088139, 0.905629694462, 0.426667451859, 0.155587673187, 0.159108638763, 0.223118171096, 0.580383956432, 0.781791746616, 0.482037067413, 0.28045129776, 0.287481725216, 0.272489309311, 0.506245911121, 0.626548111439, 0.381170451641, 0.516150772572, 0.692323446274, 0.410793632269, 0.253099381924, 0.260802507401, 0.246529057622, 0.564662218094, 0.778176903725, 0.438826620579, 0.15888877213, 0.13446213305, 0.207449376583, 0.679721415043], "chords_key": "C", "tuning_equal_tempered_deviation": 0.0266747139394, "tuning_frequency": 441.782684326, "tuning_diatonic_strength": 0.508494436741, "chords_histogram": [13.6842107773, 25.6072883606, 2.4291498661, 0.0809716582298, 4.17004060745, 2.46963572502, 3.68421053886, 2.16599202156, 0.283400803804, 0.809716582298, 0.141700401902, 0.404858291149, 0.0607287436724, 1.98380565643, 0.647773265839, 0.951417028904, 0, 0.344129562378, 0, 0.182186231017, 1.01214575768, 11.1740894318, 19.1093120575, 8.60323905945], "key_strength": 0.676719009876, "key_scale": "major", "chords_strength": {"dvar": 0.000446304387879, "var": 0.0229630172253, "median": 0.513820409775, "max": 0.721744060516, "dmean": 0.0100237252191, "dmean2": 0.00880064815283, "mean": 0.494892716408, "dvar2": 0.000827529176604, "min": -1}, "chords_number_rate": 0.00242914981209, "tuning_nontempered_energy_ratio": 0.666765451431, "hpcp_entropy": {"dvar": 0.252010166645, "var": 0.62049394846, "median": 1.60803818703, "max": 4.21243286133, "dmean": 0.533919632435, "dmean2": 0.900418698788, "mean": 1.54157078266, "dvar2": 0.627897024155, "min": 0}, "chords_changes_rate": 0.0518218614161, "chords_scale": "minor"}, "rhythm": {"bpm_histogram_first_peak_spread": {"dvar": 0, "var": 0, "median": 0.334916830063, "max": 0.334916830063, "dmean": 0, "dmean2": 0, "mean": 0.334916830063, "dvar2": 0, "min": 0.334916830063}, "bpm_histogram_first_peak_weight": {"dvar": 0, "var": 0, "median": 0.654205620289, "max": 0.654205620289, "dmean": 0, "dmean2": 0, "mean": 0.654205620289, "dvar2": 0, "min": 0.654205620289}, "bpm_histogram_first_peak_bpm": {"dvar": 0, "var": 0, "median": 112, "max": 112, "dmean": 0, "dmean2": 0, "mean": 112, "dvar2": 0, "min": 112}, "bpm": 112.436500549, "bpm_histogram_second_peak_weight": {"dvar": 0, "var": 0, "median": 0.00934579409659, "max": 0.00934579409659, "dmean": 0, "dmean2": 0, "mean": 0.00934579409659, "dvar2": 0, "min": 0.00934579409659}, "beats_loudness": {"dvar": 0.000370526307961, "var": 0.000653882394545, "median": 0.0398453772068, "max": 0.133977010846, "dmean": 0.0247448738664, "dmean2": 0.0421002730727, "mean": 0.0414339564741, "dvar2": 0.00113794009667, "min": 0}, "beats_loudness_band_ratio": {"dvar": [0.0385082736611, 0.0232029799372, 0.0299498345703, 0.00339702959172, 0.00119540351443, 0.0120900366455], "var": [0.0719591006637, 0.0393957532942, 0.0327996648848, 0.00283378292806, 0.00106067955494, 0.00779802631587], "median": [0.454980015755, 0.247670695186, 0.149213224649, 0.0282556656748, 0.0215440988541, 0.0214140042663], "max": [0.98261743784, 0.932037591934, 0.863043367863, 0.440726548433, 0.296446591616, 0.78187084198], "dmean": [0.25070142746, 0.170451954007, 0.189691603184, 0.0449711866677, 0.0291674677283, 0.0606889463961], "dmean2": [0.434093683958, 0.299559056759, 0.33914116025, 0.0805805698037, 0.0533096715808, 0.112181261182], "mean": [0.422779500484, 0.297328948975, 0.213518694043, 0.0455636903644, 0.0311815626919, 0.0469011589885], "dvar2": [0.109251566231, 0.0645415857434, 0.0826022103429, 0.00946955941617, 0.00348704284988, 0.0344767458737], "min": [0, 0, 0, 0, 0, 0]}, "bpm_histogram_second_peak_bpm": {"dvar": 0, "var": 0, "median": 117, "max": 117, "dmean": 0, "dmean2": 0, "mean": 117, "dvar2": 0, "min": 117}, "onset_rate": 3.83703947067, "beats_count": 429, "beats_position": [0.487619042397, 0.96362811327, 1.45124709606, 1.93886613846, 2.46131515503, 2.9837641716, 3.51782298088, 4.06349182129, 4.59755086899, 5.13160991669, 5.66566896439, 6.19972801208, 6.73378658295, 7.26784563065, 7.80190467834, 8.33596324921, 8.87002277374, 9.4040813446, 9.93814086914, 10.47219944, 11.0062580109, 11.5287075043, 12.0627660751, 12.5968255997, 13.1192741394, 13.6533327103, 14.1873922348, 14.7214508057, 15.2671203613, 15.8127889633, 16.3352375031, 16.8692970276, 17.391746521, 17.9141941071, 18.4482536316, 18.970703125, 19.5047607422, 20.0388202667, 20.5844898224, 21.1301574707, 21.6642169952, 22.1982765198, 22.7207260132, 23.2547836304, 23.7772331238, 24.3112926483, 24.8453502655, 25.37940979, 25.9134693146, 26.4475269318, 26.9815864563, 27.5156459808, 28.0497055054, 28.5837631226, 29.106212616, 29.6402721405, 30.1627197266, 30.6967792511, 31.2308387756, 31.7648983002, 32.2873458862, 32.8330154419, 33.3670730591, 33.901134491, 34.4468002319, 34.9808616638, 35.5033111572, 36.0373687744, 36.5714263916, 37.1054878235, 37.6279373169, 38.1619949341, 38.6844444275, 39.2185020447, 39.7525634766, 40.2866210938, 40.8322906494, 41.3779602051, 41.9120178223, 42.4460754395, 42.9801368713, 43.5141944885, 44.0482521057, 44.5707015991, 45.0931510925, 45.6388206482, 46.1612701416, 46.6953277588, 47.229385376, 47.7634468079, 48.297504425, 48.8315620422, 49.3656234741, 49.8996810913, 50.4221305847, 50.9445800781, 51.4786376953, 52.024307251, 52.5583648682, 53.0924263, 53.6380958557, 54.1721534729, 54.6946029663, 55.2170524597, 55.7511100769, 56.2851676941, 56.819229126, 57.3532867432, 57.8873443604, 58.4214057922, 58.9554634094, 59.5011329651, 60.0468025208, 60.5692520142, 61.0916976929, 61.6257591248, 62.1598167419, 62.6938781738, 63.227935791, 63.7503852844, 64.2844467163, 64.8185043335, 65.3525619507, 65.8866195679, 66.4206771851, 66.9547348022, 67.4888000488, 68.022857666, 68.5569152832, 69.0793609619, 69.6134262085, 70.1474838257, 70.6815414429, 71.2155990601, 71.7496566772, 72.2837142944, 72.817779541, 73.3518371582, 73.8858947754, 74.4199523926, 74.9540100098, 75.488067627, 76.0221328735, 76.5561904907, 77.0786361694, 77.6010894775, 78.1351470947, 78.6692047119, 79.2148742676, 79.7489318848, 80.2946014404, 80.8170471191, 81.3395004272, 81.8735580444, 82.3960113525, 82.9300689697, 83.4525146484, 83.9865722656, 84.5206298828, 85.0546951294, 85.6003646851, 86.1460266113, 86.6800918579, 87.2141494751, 87.7482070923, 88.2822647095, 88.8163223267, 89.3503875732, 89.8844451904, 90.4185028076, 90.9525604248, 91.486618042, 92.0090713501, 92.5315170288, 93.065574646, 93.5996322632, 94.1336975098, 94.667755127, 95.2018127441, 95.7358703613, 96.2699279785, 96.8039855957, 97.3380508423, 97.860496521, 98.3829498291, 98.9170074463, 99.4510650635, 99.9851226807, 100.519180298, 101.053237915, 101.587303162, 102.121360779, 102.643806458, 103.189476013, 103.72353363, 104.257591248, 104.791656494, 105.325714111, 105.859771729, 106.393829346, 106.927886963, 107.46194458, 107.996009827, 108.530067444, 109.064125061, 109.598182678, 110.132240295, 110.654693604, 111.177139282, 111.711196899, 112.245262146, 112.779319763, 113.31337738, 113.847434998, 114.369888306, 114.892333984, 115.426391602, 115.972061157, 116.517730713, 117.05178833, 117.585845947, 118.119903564, 118.642356873, 119.164802551, 119.698867798, 120.244529724, 120.79019928, 121.324264526, 121.858322144, 122.392379761, 122.914825439, 123.448883057, 123.982948303, 124.505393982, 125.02784729, 125.561904907, 126.107574463, 126.64163208, 127.175689697, 127.709747314, 128.25541687, 128.777862549, 129.311920166, 129.834381104, 130.356826782, 130.879272461, 131.424942017, 131.958999634, 132.493057251, 133.027114868, 133.572784424, 134.118453979, 134.652511597, 135.174957275, 135.709014893, 136.23147583, 136.765533447, 137.299591064, 137.833648682, 138.367706299, 138.901763916, 139.435821533, 139.96987915, 140.503936768, 141.037994385, 141.572067261, 142.106124878, 142.628570557, 143.151016235, 143.685073853, 144.21913147, 144.764801025, 145.310470581, 145.844528198, 146.366973877, 146.901046753, 147.423492432, 147.957550049, 148.491607666, 149.014053345, 149.5597229, 150.093780518, 150.627838135, 151.161895752, 151.695953369, 152.218414307, 152.752471924, 153.274917603, 153.80897522, 154.343032837, 154.877090454, 155.411148071, 155.956817627, 156.502487183, 157.024932861, 157.547393799, 158.081451416, 158.615509033, 159.14956665, 159.683624268, 160.206069946, 160.751739502, 161.285797119, 161.819854736, 162.353912354, 162.887985229, 163.422042847, 163.944488525, 164.466934204, 165.000991821, 165.535049438, 166.069107056, 166.603164673, 167.137237549, 167.671295166, 168.205352783, 168.7394104, 169.273468018, 169.807525635, 170.341583252, 170.875640869, 171.409698486, 171.943756104, 172.477813721, 173.011871338, 173.545944214, 174.080001831, 174.60244751, 175.136505127, 175.658950806, 176.193008423, 176.72706604, 177.261123657, 177.795196533, 178.32925415, 178.863311768, 179.397369385, 179.931427002, 180.465484619, 180.999542236, 181.533599854, 182.067657471, 182.601715088, 183.135772705, 183.669830322, 184.180679321, 184.703125, 185.225570679, 185.759628296, 186.305297852, 186.850967407, 187.385025024, 187.919082642, 188.453155518, 188.987213135, 189.521270752, 190.055328369, 190.589385986, 191.123443604, 191.657501221, 192.179946899, 192.714004517, 193.259674072, 193.793731689, 194.327789307, 194.861862183, 195.3959198, 195.929977417, 196.464035034, 196.998092651, 197.532150269, 198.066207886, 198.62348938, 199.180770874, 199.714828491, 200.248886108, 200.782943726, 201.317001343, 201.85105896, 202.396728516, 202.942398071, 203.488067627, 204.033737183, 204.5677948, 205.101852417, 205.612701416, 206.135147095, 206.657592773, 207.191650391, 207.714096069, 208.259765625, 208.793823242, 209.351104736, 209.885162354, 210.419219971, 210.953277588, 211.487350464, 212.009796143, 212.520629883, 213.043075562, 213.565536499, 214.111190796, 214.645263672, 215.190933228, 215.736587524, 216.2706604, 216.816329956, 217.338775635, 217.849609375, 218.372055054, 218.894515991, 219.428573608, 219.962631226, 220.496688843, 221.03074646, 221.576416016, 222.122085571, 222.667755127, 223.213424683, 223.7474823, 224.293151855, 224.838821411, 225.396102905, 225.941757202, 226.487426758, 227.033096313, 227.578765869, 228.136047363, 228.681716919], "danceability": 1.18321740627, "bpm_histogram_second_peak_spread": {"dvar": 0, "var": 0, "median": 0, "max": 0, "dmean": 0, "dmean2": 0, "mean": 0, "dvar2": 0, "min": 0}}, "lowlevel": {"spectral_flux": {"dvar": 0.00167233578395, "var": 0.00362488720566, "median": 0.0556972809136, "max": 0.391160339117, "dmean": 0.0268255844712, "dmean2": 0.0413403995335, "mean": 0.0710033774376, "dvar2": 0.00334671931341, "min": 6.27785184948e-11}, "spectral_rolloff": {"dvar": 991073.25, "var": 6305947.5, "median": 581.396484375, "max": 19745.9472656, "dmean": 337.725799561, "dmean2": 567.328735352, "mean": 1234.36499023, "dvar2": 2008659, "min": 64.599609375}, "barkbands_flatness_db": {"dvar": 0.000710756634362, "var": 0.00588269717991, "median": 0.153975978494, "max": 0.467625826597, "dmean": 0.0233983900398, "dmean2": 0.0339158512652, "mean": 0.174177855253, "dvar2": 0.00140140054282, "min": 0.0328499525785}, "spectral_centroid": {"dvar": 110244.25, "var": 1524496.375, "median": 673.748657227, "max": 11713.5566406, "dmean": 173.662811279, "dmean2": 261.430603027, "mean": 951.181640625, "dvar2": 205043.421875, "min": 121.541877747}, "melbands_skewness": {"dvar": 0.803670585155, "var": 2.34378409386, "median": 2.6906042099, "max": 13.6808586121, "dmean": 0.724252223969, "dmean2": 1.10539829731, "mean": 2.81296992302, "dvar2": 1.83177340031, "min": -1.79318892956}, "melbands": {"dvar": [4.27661825597e-06, 1.69280720002e-05, 5.49943115402e-06, 3.48806383954e-06, 7.33355591365e-07, 3.68984785837e-07, 1.5409632681e-07, 1.30204341531e-07, 8.26819643862e-08, 4.08385680828e-08, 1.10838724865e-08, 3.74241126977e-09, 1.98325689205e-09, 8.14455891618e-10, 9.45267530916e-10, 1.7474937053e-09, 2.05515959806e-09, 8.15868206328e-10, 3.01157820903e-10, 2.13617401545e-10, 1.44823875114e-10, 1.27040516995e-10, 1.42304307227e-10, 5.28864278759e-11, 5.17830535396e-11, 7.54905929434e-11, 9.94049981218e-11, 8.54218848434e-11, 6.52778317511e-11, 8.18453638196e-11, 4.75164491087e-11, 3.85692242033e-11, 2.5955362859e-11, 3.47002045153e-11, 2.60315814044e-11, 1.50797447446e-11, 1.46456510114e-11, 1.69045402676e-11, 1.86112705108e-11, 8.6560576415e-12], "var": [4.04980119129e-06, 1.20280719784e-05, 6.53010874885e-06, 3.90417608287e-06, 2.08596316043e-06, 9.85684778243e-07, 3.81469192234e-07, 6.71275302011e-07, 3.75758475002e-07, 1.80471005251e-07, 6.20892990355e-08, 1.46296761372e-08, 8.34421065576e-09, 3.06075120804e-09, 2.18536300167e-09, 7.01890501276e-09, 7.06889613511e-09, 2.07629269333e-09, 8.05321365149e-10, 4.09956762981e-10, 3.10340586562e-10, 4.0748884822e-10, 2.80752227022e-10, 1.04313509219e-10, 1.05211311885e-10, 1.7897835991e-10, 2.1033222386e-10, 1.85729404079e-10, 1.6626648669e-10, 1.79512904541e-10, 1.11938354419e-10, 1.01697580912e-10, 7.18745757355e-11, 9.38104802173e-11, 6.99908533908e-11, 3.79312969923e-11, 3.50963494378e-11, 3.88916295002e-11, 3.79623173175e-11, 1.69797318567e-11], "median": [0.000399257231038, 0.000684412952978, 0.000623499159701, 0.000689058215357, 0.000529123062734, 0.000261907611275, 0.00020761070482, 0.000195819302462, 0.000154670357006, 6.15106691839e-05, 3.1781681173e-05, 1.58728016686e-05, 1.32350251079e-05, 1.02188760138e-05, 7.21460764908e-06, 4.871373676e-06, 5.5717637224e-06, 7.0385485742e-06, 5.19317745784e-06, 4.92476283398e-06, 3.6023584471e-06, 3.44287491316e-06, 3.13867008117e-06, 1.87269711205e-06, 1.52619486471e-06, 1.12885038561e-06, 1.02612466435e-06, 8.46215357342e-07, 8.2226347331e-07, 8.96670599104e-07, 4.25520966019e-07, 2.93008611152e-07, 5.41935492038e-07, 6.90771230438e-07, 6.24046151643e-07, 3.70820828266e-07, 3.12472195674e-07, 3.25211686913e-07, 3.42383287943e-07, 2.97788261605e-07], "max": [0.0294081214815, 0.037961166352, 0.0268548633903, 0.0260898023844, 0.0178850293159, 0.0198536366224, 0.0152019746602, 0.00762726087123, 0.00854382198304, 0.00554931117222, 0.00382074108347, 0.00262515572831, 0.001662116847, 0.00108476751484, 0.000630084890872, 0.00260087614879, 0.00148038356565, 0.000657603901345, 0.000479764916236, 0.000510157900862, 0.000326870969729, 0.000419428688474, 0.000399477430619, 0.000337723409757, 0.000396755844122, 0.000274691352388, 0.000295446807286, 0.000265195587417, 0.000254373153439, 0.000234904393437, 0.000182172239874, 0.00020197503909, 0.000133754176204, 0.000159610339324, 0.000128917425172, 9.63749334915e-05, 9.14142437978e-05, 9.88352257991e-05, 0.000163975870237, 0.00010498775373], "dmean": [0.000753288797569, 0.00139159930404, 0.000949252163991, 0.000731957203243, 0.00046016566921, 0.000231057798374, 0.000166143887327, 0.000188500154763, 0.000134796951897, 7.74038635427e-05, 4.61160343548e-05, 2.63842557615e-05, 2.0102095732e-05, 1.38881268867e-05, 1.51444237417e-05, 1.43249044413e-05, 1.43968964039e-05, 1.22041901705e-05, 7.75370426709e-06, 6.09926473771e-06, 4.99021098221e-06, 4.77430376122e-06, 4.53097345599e-06, 2.93793573292e-06, 2.30324803852e-06, 2.48901847044e-06, 2.82830728793e-06, 3.00175088341e-06, 2.7707631034e-06, 3.21151242133e-06, 2.45891988016e-06, 1.9528199573e-06, 1.87592047496e-06, 1.93352821043e-06, 1.53971200234e-06, 1.17289039281e-06, 1.05655453808e-06, 1.12239195005e-06, 1.07637345081e-06, 8.23231061986e-07], "dmean2": [0.00126256374642, 0.00253251614049, 0.00156944408081, 0.00119839410763, 0.000728291692212, 0.000369554327335, 0.000259340973571, 0.00027214011061, 0.000195298722247, 0.000109965534648, 6.52030867059e-05, 3.92693837057e-05, 2.99400417134e-05, 2.1542848117e-05, 2.44519360422e-05, 2.24060750043e-05, 2.27091604756e-05, 1.91512572201e-05, 1.19256501421e-05, 9.81590346782e-06, 7.8202547229e-06, 7.40465566196e-06, 7.23018501958e-06, 4.64452523374e-06, 3.64074662684e-06, 3.74171395379e-06, 4.26864926339e-06, 4.61304534838e-06, 4.15342037741e-06, 4.98629333379e-06, 3.76525258616e-06, 2.88442265628e-06, 2.84545285467e-06, 2.86374051939e-06, 2.21742561735e-06, 1.71804947513e-06, 1.52614950366e-06, 1.63306037848e-06, 1.58848308729e-06, 1.24085715925e-06], "mean": [0.000929080939386, 0.0015969426604, 0.00138164602686, 0.00129574595485, 0.00103905494325, 0.000560014857911, 0.00040984863881, 0.000557478168048, 0.000366664055036, 0.000205538512091, 0.000118711155665, 5.53555546503e-05, 4.31857697549e-05, 2.72930137726e-05, 2.47839798249e-05, 2.61690547632e-05, 2.78744118987e-05, 2.35052793869e-05, 1.49171391968e-05, 1.12003790491e-05, 9.37517597777e-06, 9.58134842222e-06, 8.443364095e-06, 5.24454117112e-06, 4.09953327107e-06, 4.32085880675e-06, 4.57476880911e-06, 4.90999946123e-06, 4.80141807202e-06, 4.92470780955e-06, 3.91062576455e-06, 3.26311555909e-06, 3.12563929583e-06, 3.40320548275e-06, 2.77203912447e-06, 2.0113257051e-06, 1.76895605364e-06, 1.8310846599e-06, 1.68507210674e-06, 1.26321560856e-06], "dvar2": [1.08875183287e-05, 4.8946163588e-05, 1.385966425e-05, 9.30754595174e-06, 1.74068281922e-06, 9.55966811489e-07, 3.97080071934e-07, 2.62508876858e-07, 1.63395242225e-07, 8.34682651885e-08, 2.08259454126e-08, 7.57858842348e-09, 4.18768442145e-09, 1.83274007082e-09, 2.38961228582e-09, 3.9433420973e-09, 4.59910420858e-09, 1.94418436905e-09, 6.95830837394e-10, 5.2220627822e-10, 3.37522426674e-10, 2.72156547299e-10, 3.62585045321e-10, 1.23269561225e-10, 1.27561933239e-10, 1.65690863807e-10, 2.04710123852e-10, 1.9302827392e-10, 1.37563876956e-10, 1.8337746599e-10, 1.05681921547e-10, 7.89959972436e-11, 5.207877532e-11, 6.56835905111e-11, 4.89356333233e-11, 3.05796256372e-11, 2.77348404659e-11, 3.23820935344e-11, 3.92752011469e-11, 1.90024211644e-11], "min": [4.52316523494e-25, 8.67601845337e-25, 1.06973522496e-24, 2.29628455939e-24, 7.66864209132e-25, 1.02274317526e-24, 1.29629745744e-24, 2.05895102288e-24, 1.94487759447e-24, 1.66148128642e-24, 1.80349557645e-24, 2.30925441874e-24, 2.37065757667e-24, 2.15258052929e-24, 2.45200018005e-24, 2.454685857e-24, 3.25919302942e-24, 2.66158888687e-24, 2.65877561167e-24, 4.52225912958e-24, 4.12086382404e-24, 2.47102632179e-24, 4.01535249467e-24, 4.27591285724e-24, 3.94283408938e-24, 4.016289267e-24, 4.32203006019e-24, 3.99894418784e-24, 3.82453926904e-24, 5.40489626934e-24, 4.25673683192e-24, 5.13893497059e-24, 4.9019059344e-24, 5.23484112957e-24, 4.78897812923e-24, 4.79919269466e-24, 5.34477205216e-24, 6.12931867709e-24, 5.46027036058e-24, 5.14443372553e-24]}, "spectral_decrease": {"dvar": 2.71207343478e-17, "var": 3.89715789303e-17, "median": -5.97440719119e-09, "max": 1.27224100523e-17, "dmean": 2.71919486927e-09, "dmean2": 4.43886749579e-09, "mean": -7.20734583126e-09, "dvar2": 7.07961453146e-17, "min": -4.46654304653e-08}, "barkbands_kurtosis": {"dvar": 78.7045288086, "var": 185.969924927, "median": 6.34116077423, "max": 344.345581055, "dmean": 4.16299295425, "dmean2": 6.50879478455, "mean": 9.4091758728, "dvar2": 186.860198975, "min": -1.929692626}, "silence_rate_30dB": {"dvar": 0.00843124371022, "var": 0.00473557086661, "median": 1, "max": 1, "dmean": 0.00850460678339, "dmean2": 0.0170109365135, "mean": 0.995241940022, "dvar2": 0.0242149196565, "min": 0}, "gfcc": {"mean": [-50.5978736877, 94.119354248, -91.6230926514, 8.24177646637, -63.4387588501, -8.33295059204, -44.9529266357, 3.23957657814, -20.3893127441, 1.39783036709, -17.6476821899, -2.01248621941, -11.8080873489], "cov": [[35022.3398438, -1013.89660645, 272.916870117, 2829.39404297, -1404.91748047, 2627.49462891, -544.512756348, 409.575714111, -325.269439697, 259.689300537, -917.865661621, -156.009918213, -482.413635254], [-1013.89660645, 2105.96606445, -328.782440186, -488.108978271, 453.232910156, -397.586883545, 87.8927459717, 1.54708564281, 82.1862640381, -106.037887573, 100.259368896, 13.2736139297, 25.8049755096], [272.916870117, -328.782440186, 1114.68579102, 516.50402832, 192.454910278, 529.171936035, 144.253204346, 94.6373977661, 96.7873916626, 36.1767158508, -36.0460128784, -15.3383693695, -39.2765808105], [2829.39404297, -488.108978271, 516.50402832, 1022.31793213, -13.1762218475, 623.423278809, 52.1588783264, 125.712730408, 46.8399658203, 86.8658370972, -111.0521698, -27.2448120117, -29.2472190857], [-1404.91748047, 453.232910156, 192.454910278, -13.1762218475, 567.693115234, -72.4702911377, 172.347259521, 43.8927574158, 76.3169021606, 22.9423217773, 57.0947418213, 39.5953559875, 26.2562770844], [2627.49462891, -397.586883545, 529.171936035, 623.423278809, -72.4702911377, 835.642272949, 47.458694458, 103.945091248, 9.22078323364, 56.2710647583, -98.4040756226, -24.1112995148, -74.646194458], [-544.512756348, 87.8927459717, 144.253204346, 52.1588783264, 172.347259521, 47.458694458, 245.467468262, 29.3037605286, 59.0939445496, 33.7802124023, 25.9031028748, 11.845990181, -9.03454589844], [409.575714111, 1.54708564281, 94.6373977661, 125.712730408, 43.8927574158, 103.945091248, 29.3037605286, 151.513183594, 66.3484802246, 37.8050422668, -2.63077306747, 11.839676857, 7.27079486847], [-325.269439697, 82.1862640381, 96.7873916626, 46.8399658203, 76.3169021606, 9.22078323364, 59.0939445496, 66.3484802246, 156.553146362, 42.5336074829, 8.66865348816, -1.51834952831, 6.40988636017], [259.689300537, -106.037887573, 36.1767158508, 86.8658370972, 22.9423217773, 56.2710647583, 33.7802124023, 37.8050422668, 42.5336074829, 130.075286865, 28.1034984589, 6.45024251938, -2.57465481758], [-917.865661621, 100.259368896, -36.0460128784, -111.0521698, 57.0947418213, -98.4040756226, 25.9031028748, -2.63077306747, 8.66865348816, 28.1034984589, 116.02796936, 25.4407711029, 15.8378095627], [-156.009918213, 13.2736139297, -15.3383693695, -27.2448120117, 39.5953559875, -24.1112995148, 11.845990181, 11.839676857, -1.51834952831, 6.45024251938, 25.4407711029, 86.3688430786, 40.4881515503], [-482.413635254, 25.8049755096, -39.2765808105, -29.2472190857, 26.2562770844, -74.646194458, -9.03454589844, 7.27079486847, 6.40988636017, -2.57465481758, 15.8378095627, 40.4881515503, 94.9045028687]], "icov": [[6.54516552459e-05, -7.267062756e-05, 4.91412138217e-05, -0.000124746642541, 0.000124101454276, -8.61697917571e-05, 7.96509048087e-05, -0.000106087551103, 0.000166551253642, -0.000214699772187, 0.000368217501091, -0.000184355652891, 0.000248081079917], [-7.267062756e-05, 0.000856461992953, 0.000270935765002, 0.00033707547118, -0.000835842336528, -1.52087704919e-05, -3.91327303078e-05, -1.95039956452e-05, -0.00067386648152, 0.00107702449895, -0.00079844618449, 0.000504086550791, -0.000176290457603], [4.91412138217e-05, 0.000270935765002, 0.001794106327, -0.000357288052328, -0.000716948066838, -0.00101371936034, -0.000159305927809, 0.000108469546831, -0.000816337822471, 0.000762494222727, -0.000300754560158, 0.000220878675464, 0.000217838751269], [-0.000124746642541, 0.00033707547118, -0.000357288052328, 0.0024025964085, -0.000443228433141, -0.00100810744334, -0.000151562373503, -0.000363451021258, -0.000308668211801, -0.00037250018795, 0.000383788952604, 0.000892976881005, -0.00122434610967], [0.000124101454276, -0.000835842336528, -0.000716948066838, -0.000443228433141, 0.00349527830258, 0.000547423725948, -0.00138140062336, -0.000497058907058, 0.000488546153065, -0.000997201073915, 0.000557674386073, -0.00127470947336, 0.000185636687092], [-8.61697917571e-05, -1.52087704919e-05, -0.00101371936034, -0.00100810744334, 0.000547423725948, 0.00321364519186, -0.000410611741245, -0.000866255955771, 0.000827551819384, -0.000347618508385, 0.000546633556951, -0.000572782475501, 0.00132721709087], [7.96509048087e-05, -3.91327303078e-05, -0.000159305927809, -0.000151562373503, -0.00138140062336, -0.000410611741245, 0.00590239744633, 0.000224326708121, -0.00114557216875, -0.000726090918761, -0.000265516311629, -0.000760547874961, 0.00133324484341], [-0.000106087551103, -1.95039956452e-05, 0.000108469546831, -0.000363451021258, -0.000497058907058, -0.000866255955771, 0.000224326708121, 0.00977717619389, -0.00387021084316, -0.000594643061049, -0.000656074436847, -0.000984816346318, -0.00109769881237], [0.000166551253642, -0.00067386648152, -0.000816337822471, -0.000308668211801, 0.000488546153065, 0.000827551819384, -0.00114557216875, -0.00387021084316, 0.0102694258094, -0.00326997321099, 0.00184779718984, 0.000798847293481, -0.000131424574647], [-0.000214699772187, 0.00107702449895, 0.000762494222727, -0.00037250018795, -0.000997201073915, -0.000347618508385, -0.000726090918761, -0.000594643061049, -0.00326997321099, 0.0118716740981, -0.00516094267368, 0.000610376650002, -6.07397196291e-05], [0.000368217501091, -0.00079844618449, -0.000300754560158, 0.000383788952604, 0.000557674386073, 0.000546633556951, -0.000265516311629, -0.000656074436847, 0.00184779718984, -0.00516094267368, 0.0144489118829, -0.00352760311216, 0.00121213844977], [-0.000184355652891, 0.000504086550791, 0.000220878675464, 0.000892976881005, -0.00127470947336, -0.000572782475501, -0.000760547874961, -0.000984816346318, 0.000798847293481, 0.000610376650002, -0.00352760311216, 0.0165969934314, -0.00733168562874], [0.000248081079917, -0.000176290457603, 0.000217838751269, -0.00122434610967, 0.000185636687092, 0.00132721709087, 0.00133324484341, -0.00109769881237, -0.000131424574647, -6.07397196291e-05, 0.00121213844977, -0.00733168562874, 0.0156950708479]]}, "silence_rate_20dB": {"dvar": 0, "var": 0, "median": 1, "max": 1, "dmean": 0, "dmean2": 0, "mean": 1, "dvar2": 0, "min": 1}, "barkbands_skewness": {"dvar": 0.468965500593, "var": 1.85416984558, "median": 2.10120773315, "max": 15.8931465149, "dmean": 0.564343869686, "dmean2": 0.852228879929, "mean": 2.15332722664, "dvar2": 1.04379832745, "min": -2.694637537}, "erbbands_skewness": {"dvar": 0.186634480953, "var": 0.898861527443, "median": 1.10496902466, "max": 7.56232976913, "dmean": 0.372959315777, "dmean2": 0.549189269543, "mean": 1.08431887627, "dvar2": 0.40173843503, "min": -3.77481245995}, "spectral_contrast_valleys": {"dvar": [0.169584095478, 0.148178249598, 0.164865076542, 0.167878091335, 0.202880129218, 0.312953233719], "var": [8.10421085358, 6.52126550674, 6.18241405487, 6.4072265625, 6.66936254501, 6.78364801407], "median": [-7.0059299469, -6.55506467819, -7.92216730118, -8.20917034149, -8.08304595947, -10.0540752411], "max": [-5.01045131683, -4.72450351715, -5.37151765823, -5.8559923172, -5.93570280075, -7.22221088409], "dmean": [0.426292061806, 0.361186623573, 0.38292786479, 0.3548656106, 0.352020412683, 0.399370282888], "dmean2": [0.70079857111, 0.586916744709, 0.588676452637, 0.53215444088, 0.480781018734, 0.489903897047], "mean": [-8.05531024933, -7.12038040161, -8.42066192627, -8.81269264221, -8.71032714844, -10.801651001], "dvar2": [0.37972509861, 0.344485044479, 0.328635364771, 0.329978108406, 0.377283126116, 0.51762086153], "min": [-28.7250595093, -27.9216175079, -27.7936058044, -27.9456253052, -27.5189094543, -27.4945602417]}, "spectral_strongpeak": {"dvar": 0.27855437994, "var": 0.763295054436, "median": 0.790148556232, "max": 7.68306064606, "dmean": 0.371495962143, "dmean2": 0.620039463043, "mean": 1.02633619308, "dvar2": 0.6749958992, "min": 0}, "erbbands_crest": {"dvar": 5.24539899826, "var": 23.1492500305, "median": 10.3051681519, "max": 29.640083313, "dmean": 2.26536917686, "dmean2": 3.50973153114, "mean": 11.0316286087, "dvar2": 12.5983972549, "min": 2.13301610947}, "barkbands_crest": {"dvar": 4.74160003662, "var": 18.279132843, "median": 10.315071106, "max": 26.7270355225, "dmean": 2.15606808662, "dmean2": 3.47828626633, "mean": 11.0431108475, "dvar2": 12.044801712, "min": 2.88447618484}, "spectral_energyband_middle_low": {"dvar": 0.000150420426507, "var": 0.000276812410448, "median": 0.0158420018852, "max": 0.154926642776, "dmean": 0.00622991565615, "dmean2": 0.00986904837191, "mean": 0.0187442339957, "dvar2": 0.000373805291019, "min": 1.63585303366e-22}, "spectral_contrast_coeffs": {"dvar": [0.00203426601365, 0.00156532926485, 0.00110455648974, 0.000689360080287, 0.000472034211271, 0.000261511217104], "var": [0.0133459540084, 0.00777066405863, 0.00655216071755, 0.00379221350886, 0.0028972979635, 0.00206949980929], "median": [-0.599128305912, -0.669754207134, -0.73130440712, -0.763460636139, -0.797675073147, -0.792521953583], "max": [-0.206828504801, -0.37317109108, -0.421873778105, -0.535880506039, -0.529799699783, -0.618004381657], "dmean": [0.0489770509303, 0.0444194786251, 0.0376539565623, 0.0304402019829, 0.0222837608308, 0.0169684775174], "dmean2": [0.0806317329407, 0.0713979154825, 0.0587805993855, 0.0482522845268, 0.03476722911, 0.0263471603394], "mean": [-0.582406759262, -0.669539809227, -0.727246761322, -0.761260867119, -0.78966319561, -0.791764676571], "dvar2": [0.00490584922954, 0.00396004412323, 0.00250570289791, 0.00159051711671, 0.0010289021302, 0.000585065747146], "min": [-0.978999912739, -0.980569005013, -0.987104892731, -0.985475897789, -0.982984662056, -0.966014325619]}, "hfc": {"dvar": 117.855285645, "var": 399.515380859, "median": 12.6872825623, "max": 191.348098755, "dmean": 5.72188568115, "dmean2": 8.15030670166, "mean": 18.0200233459, "dvar2": 222.708206177, "min": 1.10122455688e-16}, "spectral_energyband_high": {"dvar": 1.4526680161e-06, "var": 5.13386339662e-06, "median": 0.000218556597247, "max": 0.0217091795057, "dmean": 0.000469109712867, "dmean2": 0.000638011784758, "mean": 0.00095478905132, "dvar2": 2.37952190218e-06, "min": 7.05962140545e-21}, "erbbands_spread": {"dvar": 130.010955811, "var": 469.853271484, "median": 29.9521827698, "max": 152.73487854, "dmean": 8.55956935883, "dmean2": 12.2118053436, "mean": 34.6821212769, "dvar2": 268.871643066, "min": 1.18342614174}, "dissonance": {"dvar": 0.000666078471113, "var": 0.00254755304195, "median": 0.440737187862, "max": 0.500000059605, "dmean": 0.025705518201, "dmean2": 0.0419391095638, "mean": 0.429002046585, "dvar2": 0.00165607617237, "min": 0.19518391788}, "spectral_kurtosis": {"dvar": 78.6833648682, "var": 209.352737427, "median": 5.17217540741, "max": 185.258407593, "dmean": 3.97932291031, "dmean2": 6.18723630905, "mean": 9.50912475586, "dvar2": 183.514190674, "min": -1.26562333107}, "spectral_skewness": {"dvar": 0.351454913616, "var": 1.38237667084, "median": 1.98777461052, "max": 11.5788764954, "dmean": 0.395377188921, "dmean2": 0.581882357597, "mean": 2.16047263145, "dvar2": 0.789246141911, "min": -0.137856096029}, "pitch_salience": {"dvar": 0.00421874597669, "var": 0.0137483943254, "median": 0.553674936295, "max": 0.835964739323, "dmean": 0.0610623396933, "dmean2": 0.0993629544973, "mean": 0.544349789619, "dvar2": 0.0107052242383, "min": 0.0582272410393}, "spectral_complexity": {"dvar": 12.3230018616, "var": 70.6727981567, "median": 12, "max": 52, "dmean": 2.51513624191, "dmean2": 3.79789400101, "mean": 13.3126134872, "dvar2": 22.3856697083, "min": 0}, "spectral_spread": {"dvar": 1019579203580.0, "var": 18128109043700.0, "median": 5047481, "max": 42836640, "dmean": 750814.5, "dmean2": 1025865.8125, "mean": 5337118.5, "dvar2": 1787354546180.0, "min": 506264.4375}, "dynamic_complexity": 3.91759753227, "melbands_crest": {"dvar": 7.70940065384, "var": 27.2764987946, "median": 13.7619428635, "max": 32.5337104797, "dmean": 2.76468443871, "dmean2": 4.437895298, "mean": 14.5068321228, "dvar2": 18.7312965393, "min": 1.58291006088}, "zerocrossingrate": {"dvar": 0.000261394976405, "var": 0.00415721861646, "median": 0.0400390625, "max": 0.5751953125, "dmean": 0.0105582848191, "dmean2": 0.0123023539782, "mean": 0.0558232814074, "dvar2": 0.000289047777187, "min": 0.00390625}, "spectral_energyband_low": {"dvar": 0.000241988585913, "var": 0.00021355804347, "median": 0.00450977915898, "max": 0.153096616268, "dmean": 0.00573800271377, "dmean2": 0.00985642243177, "mean": 0.00805673934519, "dvar2": 0.000659205834381, "min": 1.14637763729e-23}, "melbands_kurtosis": {"dvar": 169.378601074, "var": 299.461364746, "median": 12.9163885117, "max": 258.554962158, "dmean": 7.77142620087, "dmean2": 12.2958221436, "mean": 17.2542057037, "dvar2": 419.437774658, "min": -1.91644561291}, "spectral_energyband_middle_high": {"dvar": 1.3629469322e-06, "var": 7.88457782619e-06, "median": 0.0014856599737, "max": 0.0332689322531, "dmean": 0.000732691725716, "dmean2": 0.0010884917574, "mean": 0.00245038536377, "dvar2": 2.97225960821e-06, "min": 1.13080103283e-21}, "barkbands_spread": {"dvar": 61.0832824707, "var": 210.05267334, "median": 10.8381261826, "max": 130.450958252, "dmean": 4.51109075546, "dmean2": 6.8624458313, "mean": 14.9685726166, "dvar2": 122.259223938, "min": 0.353246420622}, "mfcc": {"mean": [-692.593200684, 129.821655273, 19.5733299255, 14.0101680756, -0.456437677145, -10.4074878693, -14.1497125626, -7.22623968124, -4.36856222153, -1.00148367882, -3.8894469738, -2.78004479408, -1.97505247593], "cov": [[16565.7011719, -297.205535889, 1159.53796387, 733.070861816, 411.820556641, 1314.56604004, 479.733215332, 447.0105896, 528.276550293, 285.120300293, 228.96043396, 131.122512817, -243.908981323], [-297.205535889, 2350.97363281, -268.533355713, -61.0439720154, 180.775115967, -211.79914856, -27.6540031433, 91.0651168823, -14.6624135971, 21.3519554138, 16.9990005493, 16.4734210968, 66.6207427979], [1159.53796387, -268.533355713, 721.044677734, 217.372329712, 163.469940186, 335.628967285, 146.170349121, 114.9792099, 143.767044067, 73.2810516357, 74.7462615967, 66.2161178589, 2.39671826363], [733.070861816, -61.0439720154, 217.372329712, 460.430541992, 195.984481812, 175.794616699, 101.274559021, 87.9141845703, 153.722412109, 70.4069137573, 28.2868843079, 71.3966369629, 39.6970100403], [411.820556641, 180.775115967, 163.469940186, 195.984481812, 340.450958252, 172.333480835, 101.365524292, 107.53188324, 111.162483215, 60.0402565002, 40.6335525513, 56.7550811768, 20.6521320343], [1314.56604004, -211.79914856, 335.628967285, 175.794616699, 172.333480835, 480.569854736, 204.802337646, 136.850585938, 131.926605225, 65.873588562, 85.473526001, 44.7214164734, -28.7216072083], [479.733215332, -27.6540031433, 146.170349121, 101.274559021, 101.365524292, 204.802337646, 221.644119263, 95.7996826172, 52.7153701782, 44.1438560486, 48.8226852417, 32.5665626526, 8.25018882751], [447.0105896, 91.0651168823, 114.9792099, 87.9141845703, 107.53188324, 136.850585938, 95.7996826172, 168.457580566, 96.6892166138, 25.1611766815, 31.8239307404, 32.2098960876, 13.4296121597], [528.276550293, -14.6624135971, 143.767044067, 153.722412109, 111.162483215, 131.926605225, 52.7153701782, 96.6892166138, 193.151199341, 61.6372871399, 35.5529937744, 50.8686599731, 10.6792154312], [285.120300293, 21.3519554138, 73.2810516357, 70.4069137573, 60.0402565002, 65.873588562, 44.1438560486, 25.1611766815, 61.6372871399, 130.749847412, 68.0891876221, 22.8555984497, 6.56025934219], [228.96043396, 16.9990005493, 74.7462615967, 28.2868843079, 40.6335525513, 85.473526001, 48.8226852417, 31.8239307404, 35.5529937744, 68.0891876221, 120.720085144, 40.1518974304, 2.27903103828], [131.122512817, 16.4734210968, 66.2161178589, 71.3966369629, 56.7550811768, 44.7214164734, 32.5665626526, 32.2098960876, 50.8686599731, 22.8555984497, 40.1518974304, 101.182029724, 40.7862129211], [-243.908981323, 66.6207427979, 2.39671826363, 39.6970100403, 20.6521320343, -28.7216072083, 8.25018882751, 13.4296121597, 10.6792154312, 6.56025934219, 2.27903103828, 40.7862129211, 104.121139526]], "icov": [[8.443655679e-05, -2.22622402362e-05, -3.86119281757e-05, -7.03287005308e-05, 8.73050594237e-05, -0.000199