{"metadata": {"audio_properties": {"downmix": "mix", "bit_rate": 192000, "lossless": false, "md5_encoded": "6d7fcbdc95ce3aa21a410dbea9c33317", "analysis_sample_rate": 44100, "sample_rate": 44100, "replay_gain": -10.4464931488, "equal_loudness": 0, "codec": "mp3", "length": 278.883270264}, "tags": {"encoding": ["Audiograbber 1.82.01, Fraunhofer acm, 192 kBit/s, 44,100 Hz, Stereo, HQ = off"], "album": ["Home"], "artist": ["Persephone"], "musicbrainz_recordingid": ["d1510150-53d3-4432-932b-ae86a7f3e800"], "albumartist": ["Persephone"], "title": ["Forest song"], "genre": ["Darkwave/Neo-classical"], "tracknumber": ["8"], "date": ["2002"], "file_name": "158278.mp3"}, "version": {"essentia_build_sha": "70f2e5ece6736b2c40cc944ad0e695b16b925413", "essentia_git_sha": "v2.1_beta2", "extractor": "music 1.0", "essentia": "2.1-beta2"}}, "tonal": {"chords_scale": "minor", "hpcp": {"dmean": [0.0939007550478, 0.156801789999, 0.224316164851, 0.106758341193, 0.149636164308, 0.0637748613954, 0.0210659354925, 0.022317647934, 0.0506087355316, 0.057207647711, 0.0581445470452, 0.0458262376487, 0.0351595580578, 0.0391124039888, 0.0840840786695, 0.11056099087, 0.0906536728144, 0.0530017130077, 0.0383733101189, 0.0292700920254, 0.0319161340594, 0.0316821970046, 0.0244820304215, 0.0228210818022, 0.0242108553648, 0.0151438284665, 0.0124180065468, 0.0113783059642, 0.0240150801837, 0.0904824659228, 0.0722967237234, 0.0928553491831, 0.0334401018918, 0.0204878207296, 0.0281024239957, 0.0645282194018], "dvar2": [0.054028481245, 0.129580900073, 0.226208686829, 0.0679503157735, 0.137158483267, 0.0444330647588, 0.0206425376236, 0.0167627334595, 0.0444406569004, 0.0557421632111, 0.0504708848894, 0.0466544814408, 0.0356898382306, 0.0373330563307, 0.0528413876891, 0.0637790858746, 0.0598120577633, 0.0515162162483, 0.0407372638583, 0.0287234317511, 0.0339440964162, 0.0223917830735, 0.0167895983905, 0.0163982920349, 0.0171685926616, 0.00877046585083, 0.0100154625252, 0.00807781051844, 0.0138681363314, 0.0465470515192, 0.0577883645892, 0.0502537488937, 0.0240817386657, 0.0192761942744, 0.0266115795821, 0.0550409890711], "mean": [0.200161397457, 0.207493558526, 0.236880302429, 0.32926812768, 0.215379565954, 0.0501578003168, 0.0171923134476, 0.0207775924355, 0.0913941040635, 0.15786537528, 0.107452511787, 0.0468791648746, 0.0359445698559, 0.0356942228973, 0.13518294692, 0.240290686488, 0.156126394868, 0.0526046529412, 0.0445853881538, 0.042518530041, 0.0384929031134, 0.04206854105, 0.0351559966803, 0.0339070223272, 0.0363486297429, 0.022604489699, 0.0125827630982, 0.0106059303507, 0.0207340233028, 0.277527481318, 0.505383789539, 0.265013724566, 0.0321629270911, 0.0189151596278, 0.0220624655485, 0.0890311077237], "var": [0.0680543631315, 0.068607121706, 0.0852093845606, 0.148736923933, 0.0849270671606, 0.0134422713891, 0.0050624422729, 0.00565286166966, 0.0398815907538, 0.103413797915, 0.0501747913659, 0.0201144702733, 0.0136397974566, 0.013366390951, 0.0304902754724, 0.0750293210149, 0.042585324496, 0.02251829952, 0.0223538465798, 0.0231688413769, 0.0149373374879, 0.00918798428029, 0.00936462730169, 0.0130274966359, 0.00999005511403, 0.00609457818791, 0.00355249550194, 0.00239320402034, 0.003460414242, 0.0722906962037, 0.203088417649, 0.0631993114948, 0.00941205397248, 0.00586130982265, 0.00761046819389, 0.0213022455573], "dmean2": [0.152197405696, 0.284890472889, 0.417220920324, 0.177005514503, 0.275070816278, 0.118555046618, 0.0386376157403, 0.0399180427194, 0.0872007608414, 0.0961710885167, 0.0980699360371, 0.0794528052211, 0.0622682757676, 0.0694532990456, 0.140373930335, 0.174022123218, 0.150217980146, 0.0934945866466, 0.0665693208575, 0.0495184920728, 0.0538031570613, 0.0521318055689, 0.0396579355001, 0.0382261909544, 0.0405440889299, 0.0254470128566, 0.0216705482453, 0.0205103252083, 0.0424083545804, 0.140363559127, 0.122532747686, 0.143959730864, 0.0583452247083, 0.0370261222124, 0.0515463501215, 0.112171538174], "dvar": [0.0216367375106, 0.0419514216483, 0.0684439688921, 0.027916315943, 0.0438246615231, 0.0156590286642, 0.00718387635425, 0.00624936260283, 0.0167703982443, 0.0230259317905, 0.0200993064791, 0.018049845472, 0.0133532974869, 0.0134159214795, 0.0191629361361, 0.0264615584165, 0.0224500130862, 0.0192574691027, 0.0151802748442, 0.0109072029591, 0.012550140731, 0.00847365427762, 0.0066297436133, 0.00659918319434, 0.00651289289817, 0.00355588225648, 0.00371312117204, 0.00291432323866, 0.00481583410874, 0.0179850757122, 0.0242205206305, 0.0193943101913, 0.00908080954105, 0.00669958023354, 0.00925590842962, 0.0183932203799], "min": [0, 0, 0, 0, 0, 0, 0, 0, 0, 0, 0, 0, 0, 0, 0, 0, 0, 0, 0, 0, 0, 0, 0, 0, 0, 0, 0, 0, 0, 0, 0, 0, 0, 0, 0, 0], "median": [0.0829404965043, 0.0901720970869, 0.0945734903216, 0.113693550229, 0.048117544502, 0.00786013808101, 0.00229179207236, 0.00277451542206, 0.0035446905531, 0.0038413410075, 0.00337838125415, 0.005717611406, 0.00559771480039, 0.00526416720822, 0.0677076801658, 0.130910381675, 0.0728083699942, 0.00427099689841, 0.00141933921259, 0.00121285079513, 0.00828280299902, 0.012949145399, 0.0105341514573, 0.00907223299146, 0.0118183149025, 0.00611878931522, 0.00183275458403, 0.00136519141961, 0.00505130086094, 0.198937818408, 0.450758635998, 0.226186826825, 0.00798050686717, 0.00328682782128, 0.00222935620695, 0.0330243781209], "max": [1, 1, 1, 1, 1, 1, 1, 1, 1, 1, 1, 1, 1, 1, 1, 1, 1, 1, 1, 1, 1, 1, 1, 1, 1, 1, 1, 1, 1, 1, 1, 1, 1, 1, 1, 1]}, "tuning_equal_tempered_deviation": 0.0556816905737, "chords_key": "G", "chords_strength": {"dmean": 0.0069505861029, "dvar2": 0.000704314210452, "mean": 0.419144660234, "var": 0.0174248851836, "dmean2": 0.00622366927564, "dvar": 0.00037220219383, "min": -1, "median": 0.421726316214, "max": 0.74653249979}, "tuning_diatonic_strength": 0.460487216711, "thpcp": [1, 0.524381160736, 0.063640601933, 0.0374273173511, 0.0436548739672, 0.176165342331, 0.39605820179, 0.410566300154, 0.468713700771, 0.651520967484, 0.426170319319, 0.0992469489574, 0.034018330276, 0.0411125011742, 0.180840983987, 0.312367320061, 0.212615668774, 0.0927595347166, 0.071123316884, 0.0706279501319, 0.267485707998, 0.475461810827, 0.308926403522, 0.104088522494, 0.0882208496332, 0.0841311737895, 0.0761656835675, 0.0832407772541, 0.0695629715919, 0.0670916289091, 0.0719228237867, 0.0447273738682, 0.024897441268, 0.0209858939052, 0.0410262942314, 0.549142003059], "chords_histogram": [23.7556190491, 13.2012653351, 14.2999830246, 0.466122865677, 6.52572011948, 15.4153490067, 2.64691185951, 0.615948081017, 0, 2.38055610657, 0.432828366756, 3.99533867836, 1.09871816635, 0, 0, 0.0332944914699, 0, 0.116530716419, 1.08207094669, 0, 0, 0.116530716419, 13.3843851089, 0.432828366756], "tuning_nontempered_energy_ratio": 0.624657511711, "tuning_frequency": 438.224517822, "key_strength": 0.72702306509, "chords_changes_rate": 0.0552688539028, "key_scale": "minor", "hpcp_entropy": {"dmean": 0.435631722212, "dvar2": 0.463183671236, "mean": 1.77911102772, "var": 0.391496956348, "dmean2": 0.737400054932, "dvar": 0.168583780527, "min": 0, "median": 1.80532443523, "max": 4.19045209885}, "key_key": "G", "chords_number_rate": 0.00183119694702}, "lowlevel": {"melbands_skewness": {"dmean": 0.802391588688, "dvar2": 1.8682756424, "mean": 3.90760827065, "var": 4.766477108, "dmean2": 1.29697287083, "dvar": 0.754781723022, "min": -0.315337836742, "median": 3.55673027039, "max": 31.5236949921}, "melbands_kurtosis": {"dmean": 12.5594797134, "dvar2": 1485.99951172, "mean": 33.0439987183, "var": 1627.50927734, "dmean2": 20.4604721069, "dvar": 558.179870605, "min": -1.32752835751, "median": 22.0630722046, "max": 1358.68591309}, "barkbands_kurtosis": {"dmean": 6.69312763214, "dvar2": 314.141723633, "mean": 15.5119543076, "var": 421.551605225, "dmean2": 10.8281497955, "dvar": 128.748718262, "min": -1.87121927738, "median": 9.5703496933, "max": 502.092041016}, "hfc": {"dmean": 3.46986269951, "dvar2": 61.128074646, "mean": 15.2849855423, "var": 177.437423706, "dmean2": 5.24799394608, "dvar": 28.4114971161, "min": 1.09307338677e-16, "median": 11.5764732361, "max": 104.812576294}, "silence_rate_20dB": {"dmean": 0, "dvar2": 0, "mean": 1, "var": 0, "dmean2": 0, "dvar": 0, "min": 1, "median": 1, "max": 1}, "erbbands_flatness_db": {"dmean": 0.0149165103212, "dvar2": 0.000518154643942, "mean": 0.203207433224, "var": 0.00552435731515, "dmean2": 0.0228994637728, "dvar": 0.000253322301432, "min": 0.0213793814182, "median": 0.182696178555, "max": 0.471789419651}, "spectral_flux": {"dmean": 0.0182623416185, "dvar2": 0.000958425749559, "mean": 0.0608532913029, "var": 0.00110988551751, "dmean2": 0.0307095870376, "dvar": 0.000336190365488, "min": 1.0170838477e-10, "median": 0.0601389035583, "max": 0.239439293742}, "spectral_energyband_low": {"dmean": 0.000719862058759, "dvar2": 4.55060489912e-06, "mean": 0.00365230068564, "var": 1.93135947484e-05, "dmean2": 0.0011168315541, "dvar": 1.77615379471e-06, "min": 2.28885782839e-23, "median": 0.00193776097149, "max": 0.0351199358702}, "spectral_rolloff": {"dmean": 269.293670654, "dvar2": 1841368.375, "mean": 891.742919922, "var": 3783904, "dmean2": 479.818511963, "dvar": 742745.1875, "min": 21.533203125, "median": 452.197265625, "max": 19509.0820312}, "spectral_entropy": {"dmean": 0.193527773023, "dvar2": 0.0867884010077, "mean": 6.71077299118, "var": 0.694969773293, "dmean2": 0.30280405283, "dvar": 0.0423303619027, "min": 3.76425743103, "median": 6.90336322784, "max": 9.80310726166}, "spectral_energy": {"dmean": 0.00761460000649, "dvar2": 0.000179458453204, "mean": 0.0280529279262, "var": 0.000270833552349, "dmean2": 0.0126955974847, "dvar": 6.6261345637e-05, "min": 1.03445955326e-20, "median": 0.0275978669524, "max": 0.136790290475}, "spectral_centroid": {"dmean": 138.212966919, "dvar2": 86119.0390625, "mean": 706.74041748, "var": 341364.84375, "dmean2": 214.68182373, "dvar": 41641.6523438, "min": 148.089660645, "median": 507.803710938, "max": 11249.8066406}, "barkbands_flatness_db": {"dmean": 0.021568454802, "dvar2": 0.000893895281479, "mean": 0.220546767116, "var": 0.00789616070688, "dmean2": 0.0341731570661, "dvar": 0.000391239038436, "min": 0.0434495657682, "median": 0.199312239885, "max": 0.550552129745}, "spectral_rms": {"dmean": 0.000671689689625, "dvar2": 1.13055534712e-06, "mean": 0.00486381677911, "var": 3.71182545678e-06, "dmean2": 0.00111908046529, "dvar": 4.10582941868e-07, "min": 3.17683618127e-12, "median": 0.00518890609965, "max": 0.0115522267297}, "melbands": {"dmean": [4.43945027655e-05, 0.000172925370862, 0.000349913723767, 0.00161093927454, 0.000695193943102, 0.000123341858853, 0.000145745871123, 7.80208210927e-05, 8.30872450024e-05, 4.27784798376e-05, 1.79373255378e-05, 5.58414576517e-05, 1.04899409052e-05, 1.46238489833e-05, 8.00261295808e-06, 6.28950465398e-06, 7.22266577213e-06, 5.26172971149e-06, 3.96112136514e-06, 4.56731413578e-06, 3.74102387468e-06, 4.21070535594e-06, 3.13978262056e-06, 3.18383490594e-06, 4.37531525677e-06, 3.92616857425e-06, 2.79486744148e-06, 2.76152036349e-06, 2.31913554671e-06, 1.4106431081e-06, 9.16131057238e-07, 6.59507861656e-07, 5.01954275478e-07, 2.40945780661e-07, 2.83932934053e-07, 5.59913189591e-07, 7.08811512595e-07, 8.44275177769e-07, 1.18781269975e-06, 1.0992780517e-06], "dvar2": [3.50259590221e-08, 3.11991868784e-07, 5.76516413275e-07, 1.02581761894e-05, 3.19811306326e-06, 2.44638897584e-07, 1.16205889356e-07, 3.58832892289e-08, 9.95228219836e-08, 2.83893140107e-08, 6.06309891182e-09, 5.98576832544e-08, 3.09639758278e-09, 4.1439287557e-09, 1.65754276971e-09, 9.20542808647e-10, 1.34764188697e-09, 5.76807435149e-10, 2.67452504588e-10, 8.41487601821e-10, 4.754595051e-10, 6.86958712137e-10, 3.12778497547e-10, 2.92005475355e-10, 4.61962051945e-10, 3.64237584538e-10, 1.97771993227e-10, 2.64357952195e-10, 1.04478981022e-10, 6.08976619132e-11, 3.76705368288e-11, 3.35630898074e-11, 6.58676099774e-11, 6.7408010597e-12, 5.56050691602e-12, 2.57642553125e-11, 2.6481273771e-11, 2.65993078258e-11, 2.9897109094e-11, 2.29766795867e-11], "mean": [0.000101829413325, 0.000923161336686, 0.00142680411227, 0.00313862436451, 0.00161999394186, 0.000273829704383, 0.000326436245814, 0.00015900679864, 0.000182607749593, 0.000104933031253, 4.54363798781e-05, 0.000147720827954, 2.7497047995e-05, 3.5560948163e-05, 1.80051792995e-05, 1.29416948766e-05, 1.55610905495e-05, 1.10047485578e-05, 8.41491419123e-06, 9.80417007668e-06, 7.96232507128e-06, 9.06492641661e-06, 6.83089365339e-06, 7.21521428204e-06, 9.09756363399e-06, 7.69496909925e-06, 6.04419165029e-06, 5.9341305132e-06, 4.99287307321e-06, 2.63086553787e-06, 1.48359254126e-06, 9.27604901335e-07, 6.06227047228e-07, 3.05850790028e-07, 3.94686509253e-07, 7.99204315172e-07, 1.12963709853e-06, 1.50614243921e-06, 2.35237234847e-06, 2.27603959502e-06], "var": [3.56124019163e-08, 1.6384939272e-06, 1.63922970842e-06, 7.55897826821e-06, 3.88639864468e-06, 2.56972782608e-07, 1.43060503888e-07, 5.38620845703e-08, 1.41726488323e-07, 4.31848263815e-08, 8.32116597849e-09, 1.00056070096e-07, 1.439136188e-08, 1.52446375523e-08, 3.49536954936e-09, 1.49364531854e-09, 2.57758436817e-09, 8.70620742166e-10, 4.63664329153e-10, 1.04986197513e-09, 5.81211079265e-10, 1.10419140498e-09, 6.99029611972e-10, 7.30310478758e-10, 6.8170202816e-10, 3.4333719201e-10, 3.76451120276e-10, 3.07945363653e-10, 1.51688495098e-10, 5.34647465189e-11, 2.15277361909e-11, 1.72104084456e-11, 2.62374479781e-11, 3.28112949137e-12, 3.24359744792e-12, 1.54484706277e-11, 1.56886656444e-11, 1.86723986967e-11, 2.91297194699e-11, 2.06930566432e-11], "dmean2": [7.42413321859e-05, 0.000270932272542, 0.000585153640714, 0.00274050747976, 0.00108844949864, 0.000191316503333, 0.000250416691415, 0.000128373925691, 0.000131684661028, 6.50751171634e-05, 2.58078616753e-05, 7.92959472165e-05, 1.5014337805e-05, 2.05870146601e-05, 1.13123796837e-05, 9.25274525798e-06, 1.05955396066e-05, 7.84907388152e-06, 5.91430170971e-06, 6.86890416546e-06, 5.67592041989e-06, 6.23857658866e-06, 4.55320878245e-06, 4.64218646812e-06, 6.65823108648e-06, 6.04608840149e-06, 4.18286617787e-06, 4.22024777436e-06, 3.55246811523e-06, 2.14172564483e-06, 1.45953879382e-06, 1.04109142285e-06, 8.30521628359e-07, 3.81415361517e-07, 4.53006208545e-07, 8.98640848845e-07, 1.11143322101e-06, 1.30070168325e-06, 1.83520000974e-06, 1.71512840552e-06], "dvar": [1.46580525495e-08, 1.18693449735e-07, 2.14877800886e-07, 3.64087850357e-06, 1.29599322918e-06, 1.04912061261e-07, 3.98195183493e-08, 1.4938253301e-08, 4.20818935254e-08, 1.28582149372e-08, 2.86231038871e-09, 2.63006967316e-08, 1.73319103514e-09, 2.41572362114e-09, 8.21835044462e-10, 4.4982967351e-10, 6.54908571818e-10, 2.64818084128e-10, 1.31461258546e-10, 3.8651412626e-10, 2.0020395064e-10, 3.36088989972e-10, 1.81738596394e-10, 1.72065972581e-10, 2.14197895532e-10, 1.52404380782e-10, 9.06933625422e-11, 1.14235544635e-10, 4.81851156198e-11, 2.75302714653e-11, 1.53467169528e-11, 1.36927778144e-11, 2.40276392532e-11, 2.66608761977e-12, 2.26572146461e-12, 1.00241794032e-11, 1.05539335951e-11, 1.09235624018e-11, 1.27194392172e-11, 9.37855262201e-12], "min": [3.10581519805e-24, 3.62394653477e-24, 2.99425626377e-24, 5.77807165372e-24, 3.22482768459e-24, 9.89152057968e-24, 1.67144653236e-23, 1.9089698688e-23, 1.13623004615e-23, 3.8166455324e-24, 3.71433855603e-24, 6.32712357692e-24, 1.60072199677e-23, 3.18197806184e-23, 1.86265347847e-23, 1.74191926356e-23, 1.13485545602e-23, 6.17424706665e-24, 1.17844309759e-23, 1.16985232345e-23, 1.04960736007e-23, 1.34970109247e-23, 9.01460780908e-24, 6.99876764023e-24, 7.33750766838e-24, 9.31691508518e-24, 9.03295513601e-24, 1.45392223983e-23, 1.18719148615e-23, 7.33017126196e-24, 1.00984514169e-23, 5.50180546496e-24, 1.43767312513e-23, 1.33839750456e-23, 9.07139711678e-24, 1.11336175737e-23, 9.28622208508e-24, 8.82207210566e-24, 1.10501631897e-23, 1.12257762489e-23], "median": [6.02422805969e-05, 0.00034599006176, 0.00109069084283, 0.00264795450494, 0.0009772045305, 0.000131218053866, 0.000194768639631, 8.94731783774e-05, 5.28227319592e-05, 4.89507110615e-05, 2.07375596801e-05, 4.91105456604e-05, 5.43059559277e-06, 8.56581300468e-06, 3.11333792524e-06, 2.40242161453e-06, 2.67437803814e-06, 2.64604932454e-06, 1.8702030502e-06, 1.38533891914e-06, 1.19052106129e-06, 9.1646927558e-07, 7.62319814385e-07, 6.6572056312e-07, 6.53273787066e-07, 9.2356958703e-07, 7.96340430043e-07, 5.07066943101e-07, 4.65572156827e-07, 3.52939792947e-07, 1.97527214141e-07, 7.50245305881e-08, 2.94146147439e-08, 1.68091496278e-08, 2.91441608624e-08, 4.71297489923e-08, 6.93446224886e-08, 2.00412955564e-07, 3.89162721603e-07, 3.93784318931e-07], "max": [0.00693229120225, 0.00843553617597, 0.00972306355834, 0.0357878580689, 0.0190973840654, 0.00775229325518, 0.00350138079375, 0.00300991954282, 0.00634548114613, 0.00361203402281, 0.0016776722623, 0.00551766110584, 0.00240326928906, 0.00270659872331, 0.00113857898396, 0.000977507443167, 0.00110116007272, 0.000596079509705, 0.000511131307576, 0.00101062573958, 0.000470891594887, 0.000934080104344, 0.000537646701559, 0.000512065715156, 0.000447256315965, 0.000476038869238, 0.000560362415854, 0.000484474439872, 0.000193523184862, 0.000221296621021, 0.000126808707137, 0.000157155853231, 0.000353853072738, 9.17392681004e-05, 4.96201428177e-05, 0.000143972923979, 8.95139382919e-05, 0.000110803011921, 0.00014192458184, 9.59935932769e-05]}, "barkbands_crest": {"dmean": 2.66307759285, "dvar2": 14.7128915787, "mean": 14.418759346, "var": 21.9115123749, "dmean2": 4.50850582123, "dvar": 5.23998594284, "min": 3.71069955826, "median": 14.4411439896, "max": 26.6632938385}, "mfcc": {"icov": [[0.000120942670037, -4.27794657298e-06, -3.62692626368e-05, 2.36684118136e-05, 0.000152848893777, 0.000258728396147, -0.000130728862132, 0.00022565931431, -1.67401522049e-05, 1.23992467707e-05, 0.000268803152721, 0.000140032381751, 9.69553730101e-05], [-4.27794657298e-06, 0.000439659925178, 0.000351674942067, 8.29476193758e-05, -0.000363752507837, -0.000275367870927, 0.000153865781613, -9.63225102169e-05, 0.000220030691708, 0.000363763887435, -2.21685986617e-05, 0.000483528594486, 0.000362299731933], [-3.62692626368e-05, 0.000351674942067, 0.00173791754059, -1.76223384187e-05, -0.000833886209875, -0.000677876290865, 0.000431020016549, 0.00013528119598, -0.000119270807772, 0.000595316058025, -0.000653575116303, 0.000255800434388, 0.000880541745573], [2.36684118136e-05, 8.29476193758e-05, -1.76223384187e-05, 0.0025164373219, -7.35518042347e-05, 0.000493585132062, -0.000471985404147, -0.000324036896927, 0.000202185939997, 0.00066293560667, -0.000227588025155, 0.000135356851388, 0.000442375836428], [0.000152848893777, -0.000363752507837, -0.000833886209875, -7.35518042347e-05, 0.00511851534247, 0.00108147214632, 0.000395701819798, -0.000506756361574, 0.000108394764538, -0.000601347303018, 0.000575817772187, -0.000710095104296, 0.000451805186458], [0.000258728396147, -0.000275367870927, -0.000677876290865, 0.000493585132062, 0.00108147214632, 0.00402809819207, 0.000420651922468, 0.000610992196016, 0.000162730255397, -9.13324329304e-05, -0.000678224954754, 0.000944190775044, -0.00187094160356], [-0.000130728862132, 0.000153865781613, 0.000431020016549, -0.000471985404147, 0.000395701819798, 0.000420651922468, 0.00565508706495, 0.00221410044469, -0.000392463989556, 0.00056306028273, -0.000246349925874, -0.00115596479736, -0.000204719908652], [0.00022565931431, -9.63225102169e-05, 0.00013528119598, -0.000324036896927, -0.000506756361574, 0.000610992196016, 0.00221410044469, 0.00551370810717, 0.000837667903397, 0.000380616576876, 0.000104231970909, -0.000646787986625, -0.000911295006517], [-1.67401522049e-05, 0.000220030691708, -0.000119270807772, 0.000202185939997, 0.000108394764538, 0.000162730255397, -0.000392463989556, 0.000837667903397, 0.00768927717581, 0.00010986567213, -0.000256764848018, 0.00111787160859, -0.000758961075917], [1.23992467707e-05, 0.000363763887435, 0.000595316058025, 0.00066293560667, -0.000601347303018, -9.13324329304e-05, 0.00056306028273, 0.000380616576876, 0.00010986567213, 0.00823144707829, 0.000964116654359, 0.000132755201776, -0.00111848022789], [0.000268803152721, -2.21685986617e-05, -0.000653575116303, -0.000227588025155, 0.000575817772187, -0.000678224954754, -0.000246349925874, 0.000104231970909, -0.000256764848018, 0.000964116654359, 0.00889090448618, 0.000696821312886, -3.58822762792e-05], [0.000140032381751, 0.000483528594486, 0.000255800434388, 0.000135356851388, -0.000710095104296, 0.000944190775044, -0.00115596479736, -0.000646787986625, 0.00111787160859, 0.000132755201776, 0.000696821312886, 0.00984278507531, -0.000736801477615], [9.69553730101e-05, 0.000362299731933, 0.000880541745573, 0.000442375836428, 0.000451805186458, -0.00187094160356, -0.000204719908652, -0.000911295006517, -0.000758961075917, -0.00111848022789, -3.58822762792e-05, -0.000736801477615, 0.0123344715685]], "mean": [-727.503723145, 156.952407837, 24.6369132996, 19.6434860229, 10.1458559036, -18.9062652588, 7.73809576035, -16.5506477356, -0.449284940958, -8.67371845245, -11.5279216766, -9.79006958008, -11.8039913177], "cov": [[15364.2099609, -1096.66503906, -284.456573486, 141.724945068, -428.50881958, -1171.70544434, 889.580322266, -972.39453125, 200.769958496, -7.69358730316, -501.042297363, -45.7661247253, -284.98034668], [-1096.66503906, 3348.36401367, -423.402435303, -106.53553009, 163.732345581, 213.331863403, -224.73046875, 188.756637573, -121.426856995, -90.710723877, 22.7081794739, -148.919281006, -43.6333656311], [-284.456573486, -423.402435303, 818.465393066, 14.4207077026, 79.7657394409, 110.208648682, -64.8522567749, -3.37745118141, 19.8406219482, -43.2659339905, 76.1733016968, -18.9921627045, -35.4200172424], [141.724945068, -106.53553009, 14.4207077026, 446.778961182, 14.191778183, -97.0986404419, 49.4036445618, 10.7850265503, -9.23464012146, -41.3724441528, 3.9755563736, 12.4599781036, -32.2333068848], [-428.50881958, 163.732345581, 79.7657394409, 14.191778183, 258.393707275, -35.922416687, -63.409614563, 74.8435287476, -23.5097885132, 4.0149474144, -5.03555488586, 16.9559516907, -18.1651916504], [-1171.70544434, 213.331863403, 110.208648682, -97.0986404419, -35.922416687, 437.824279785, -97.8865432739, 35.0152931213, -5.86879014969, -0.0624113045633, 78.1260910034, -49.1850662231, 64.1703262329], [889.580322266, -224.73046875, -64.8522567749, 49.4036445618, -63.409614563, -97.8865432739, 290.261962891, -150.821136475, 34.5590553284, -9.14434242249, -24.5560207367, 25.299036026, -13.6471643448], [-972.39453125, 188.756637573, -3.37745118141, 10.7850265503, 74.8435287476, 35.0152931213, -150.821136475, 301.528137207, -49.5216674805, -3.98382902145, 17.946352005, 14.6834049225, 21.8184509277], [200.769958496, -121.426856995, 19.8406219482, -9.23464012146, -23.5097885132, -5.86879014969, 34.5590553284, -49.5216674805, 144.795730591, 1.3157709837, 2.60764884949, -13.8064069748, 6.00079298019], [-7.69358730316, -90.710723877, -43.2659339905, -41.3724441528, 4.0149474144, -0.0624113045633, -9.14434242249, -3.98382902145, 1.3157709837, 137.960769653, -20.0253105164, 6.0930018425, 19.5916461945], [-501.042297363, 22.7081794739, 76.1733016968, 3.9755563736, -5.03555488586, 78.1260910034, -24.5560207367, 17.946352005, 2.60764884949, -20.0253105164, 142.235839844, -15.0430021286, 8.50397968292], [-45.7661247253, -148.919281006, -18.9921627045, 12.4599781036, 16.9559516907, -49.1850662231, 25.299036026, 14.6834049225, -13.8064069748, 6.0930018425, -15.0430021286, 122.768173218, 6.05874443054], [-284.98034668, -43.6333656311, -35.4200172424, -32.2333068848, -18.1651916504, 64.1703262329, -13.6471643448, 21.8184509277, 6.00079298019, 19.5916461945, 8.50397968292, 6.05874443054, 102.596893311]]}, "spectral_decrease": {"dmean": 1.96422877963e-09, "dvar2": 1.20297414151e-17, "mean": -7.06540914663e-09, "var": 1.73780091873e-17, "dmean2": 3.27754023921e-09, "dvar": 4.43907220189e-18, "min": -3.54884193143e-08, "median": -6.9516570278e-09, "max": 6.9283473511e-18}, "zerocrossingrate": {"dmean": 0.0076141548343, "dvar2": 0.000151650063344, "mean": 0.0460165664554, "var": 0.00310223270208, "dmean2": 0.00921798590571, "dvar": 0.00012536108261, "min": 0, "median": 0.0341796875, "max": 0.56591796875}, "spectral_contrast_coeffs": {"dmean": [0.0447758994997, 0.0402391217649, 0.0306255146861, 0.0249007027596, 0.0213693380356, 0.0171422697604], "dvar2": [0.00368712237105, 0.00292724650353, 0.00161058816593, 0.00103133835364, 0.000847394345328, 0.000618711579591], "mean": [-0.49781948328, -0.690548956394, -0.741918563843, -0.790089964867, -0.781801760197, -0.78796261549], "var": [0.0103447847068, 0.00531598553061, 0.00558169418946, 0.00395222194493, 0.00346654932946, 0.00296115013771], "dmean2": [0.0747049003839, 0.0675598829985, 0.0505795553327, 0.0407079271972, 0.0345088168979, 0.0268230699003], "dvar": [0.00131304108072, 0.00102942297235, 0.000607686291914, 0.000398828444304, 0.000366245192708, 0.000283289817162], "min": [-0.967003405094, -0.980146944523, -0.970685601234, -0.970414340496, -0.963482439518, -0.959910094738], "median": [-0.480921000242, -0.686826705933, -0.744728863239, -0.799354732037, -0.787627458572, -0.787106275558], "max": [-0.195971667767, -0.470580786467, -0.456347316504, -0.547586798668, -0.564165890217, -0.617022097111]}, "spectral_skewness": {"dmean": 0.421182692051, "dvar2": 0.844306766987, "mean": 2.71489071846, "var": 3.42638635635, "dmean2": 0.682479262352, "dvar": 0.315190374851, "min": -0.0279025658965, "median": 1.98251605034, "max": 14.3054523468}, "spectral_energyband_middle_high": {"dmean": 0.000594561861362, "dvar2": 3.56085729436e-06, "mean": 0.00247146352194, "var": 1.66083682416e-05, "dmean2": 0.000832916295622, "dvar": 1.7256505771e-06, "min": 1.66153614854e-21, "median": 0.00110718025826, "max": 0.0474839992821}, "gfcc": {"icov": [[0.000121588345792, -0.000159000352141, 0.000260109110968, -0.000144015488331, 0.000414654583437, -0.000211867532926, 0.000435100169852, -0.000125141436001, 0.000515775755048, 4.48485770903e-05, 0.000347707275068, 0.000117779971333, 0.000253988197073], [-0.000159000352141, 0.00121386710089, -0.000395637063775, 0.000804071547464, -0.00129748380277, 0.00108392501716, -0.00108812632971, 0.00113665964454, -0.000960121979006, 0.00083428673679, -0.000412478198996, 0.000957036740147, -0.000465043238364], [0.000260109110968, -0.000395637063775, 0.00202226615511, -0.000648560526315, 0.000700499629602, -0.00119774974883, 0.00174958014395, 4.33253917436e-05, 0.00114763528109, 5.13970371685e-05, 0.00159959401935, -0.000333557254635, 0.00163809454534], [-0.000144015488331, 0.000804071547464, -0.000648560526315, 0.00304442341439, -0.000226756194024, 0.00134023139253, -0.00113054073881, -0.000103463855339, -0.000445472978754, 0.000121684148326, -0.00036714374437, 0.000316535879392, -0.000160667623277], [0.000414654583437, -0.00129748380277, 0.000700499629602, -0.000226756194024, 0.00616038078442, 0.000125167862279, 0.00035678295535, -0.000450024497695, 0.000273308600299, 0.00045745522948, -0.000190809267224, 0.000504992960487, 0.000583304325119], [-0.000211867532926, 0.00108392501716, -0.00119774974883, 0.00134023139253, 0.000125167862279, 0.00560688367113, -0.00145338708535, 0.00111203733832, -0.00167501764372, -0.000886458030436, -0.000280522537651, 0.000841103843413, -0.00106141204014], [0.000435100169852, -0.00108812632971, 0.00174958014395, -0.00113054073881, 0.00035678295535, -0.00145338708535, 0.00791854038835, 0.000284209905658, 0.00157286564354, -0.00158678018488, 0.00105518754572, -0.00174459442496, 0.00126554362942], [-0.000125141436001, 0.00113665964454, 4.33253917436e-05, -0.000103463855339, -0.000450024497695, 0.00111203733832, 0.000284209905658, 0.0059462543577, -0.00043549752445, 0.000794524967205, -0.0012819704134, 0.000416480732383, -0.000921750324778], [0.000515775755048, -0.000960121979006, 0.00114763528109, -0.000445472978754, 0.000273308600299, -0.00167501764372, 0.00157286564354, -0.00043549752445, 0.00819835718721, 0.000688622298185, 0.00170331366826, -0.00197568233125, 0.00249108718708], [4.48485770903e-05, 0.00083428673679, 5.13970371685e-05, 0.000121684148326, 0.00045745522948, -0.000886458030436, -0.00158678018488, 0.000794524967205, 0.000688622298185, 0.00727350031957, -0.000605353910942, 0.00199058931321, -0.00111291208304], [0.000347707275068, -0.000412478198996, 0.00159959401935, -0.00036714374437, -0.000190809267224, -0.000280522537651, 0.00105518754572, -0.0012819704134, 0.00170331366826, -0.000605353910942, 0.0123726567253, -0.000231933736359, 0.0019014722202], [0.000117779971333, 0.000957036740147, -0.000333557254635, 0.000316535879392, 0.000504992960487, 0.000841103843413, -0.00174459442496, 0.000416480732383, -0.00197568233125, 0.00199058931321, -0.000231933736359, 0.0119355535135, 0.000772260187659], [0.000253988197073, -0.000465043238364, 0.00163809454534, -0.000160667623277, 0.000583304325119, -0.00106141204014, 0.00126554362942, -0.000921750324778, 0.00249108718708, -0.00111291208304, 0.0019014722202, 0.000772260187659, 0.0128361620009]], "mean": [-82.9016799927, 121.190910339, -81.5193939209, 9.17724609375, -54.8521270752, -10.8026723862, -48.011390686, 4.58828401566, -42.884098053, -5.82539606094, -19.941286087, -13.3201227188, -2.56305575371], "cov": [[30680.1113281, -3056.11132812, -986.356933594, 958.978088379, -2362.3527832, 496.420654297, -1283.73388672, 858.25793457, -1791.49609375, 332.792266846, -419.869506836, -638.655273438, 233.833969116], [-3056.11132812, 3827.99536133, -268.1434021, -715.871459961, 989.824768066, -499.352386475, 353.072723389, -557.873596191, 434.402374268, -422.132049561, 71.4998474121, -53.0032463074, -65.0321426392], [-986.356933594, -268.1434021, 950.486999512, 91.0497894287, -92.8011016846, 153.621429443, -115.430130005, -36.9689445496, 5.73877000809, 3.06738162041, -81.6601791382, 36.6479415894, -75.6651916504], [958.978088379, -715.871459961, 91.0497894287, 528.206665039, -194.434143066, 9.42344474792, -54.6455192566, 132.831192017, -104.325431824, 61.7466888428, -14.1513729095, 3.43575382233, 2.11158919334], [-2362.3527832, 989.824768066, -92.8011016846, -194.434143066, 521.170532227, -166.636199951, 147.898925781, -141.297775269, 191.117462158, -122.976409912, 54.7923660278, 17.7118167877, -27.1110839844], [496.420654297, -499.352386475, 153.621429443, 9.42344474792, -166.636199951, 322.191375732, -33.8104667664, 12.9233427048, -38.7928237915, 98.4321670532, -33.0876159668, -6.14657640457, 12.4090766907], [-1283.73388672, 353.072723389, -115.430130005, -54.6455192566, 147.898925781, -33.8104667664, 242.995864868, -81.4017105103, 76.5531005859, 3.0932533741, 24.7829284668, 30.164598465, -7.15437459946], [858.25793457, -557.873596191, -36.9689445496, 132.831192017, -141.297775269, 12.9233427048, -81.4017105103, 281.869750977, -81.7196273804, 32.0119247437, 9.53225231171, -5.09375047684, 22.4717235565], [-1791.49609375, 434.402374268, 5.73877000809, -104.325431824, 191.117462158, -38.7928237915, 76.5531005859, -81.7196273804, 275.048797607, -74.5656890869, 13.9496746063, 55.376701355, -41.4013595581], [332.792266846, -422.132049561, 3.06738162041, 61.7466888428, -122.976409912, 98.4321670532, 3.0932533741, 32.0119247437, -74.5656890869, 217.604751587, -2.65684247017, -23.974281311, 29.3977336884], [-419.869506836, 71.4998474121, -81.6601791382, -14.1513729095, 54.7923660278, -33.0876159668, 24.7829284668, 9.53225231171, 13.9496746063, -2.65684247017, 102.814201355, 4.83499622345, -4.3011932373], [-638.655273438, -53.0032463074, 36.6479415894, 3.43575382233, 17.7118167877, -6.14657640457, 30.164598465, -5.09375047684, 55.376701355, -23.974281311, 4.83499622345, 114.025520325, -18.9717407227], [233.833969116, -65.0321426392, -75.6651916504, 2.11158919334, -27.1110839844, 12.4090766907, -7.15437459946, 22.4717235565, -41.4013595581, 29.3977336884, -4.3011932373, -18.9717407227, 97.5436477661]]}, "erbbands_spread": {"dmean": 7.61438465118, "dvar2": 260.830047607, "mean": 39.0691490173, "var": 755.023620605, "dmean2": 11.608464241, "dvar": 129.776870728, "min": 0.941878080368, "median": 32.5928039551, "max": 178.526702881}, "erbbands_kurtosis": {"dmean": 1.61535000801, "dvar2": 18.0262145996, "mean": 2.890417099, "var": 53.1778488159, "dmean2": 2.55105757713, "dvar": 7.93877315521, "min": -1.9299030304, "median": 0.800856590271, "max": 111.043113708}, "dynamic_complexity": 3.74634385109, "erbbands_crest": {"dmean": 2.32864427567, "dvar2": 10.8859062195, "mean": 11.214922905, "var": 20.0678405762, "dmean2": 3.75213813782, "dvar": 4.29892253876, "min": 2.35411405563, "median": 10.4191102982, "max": 28.4798908234}, "erbbands": {"dmean": [0.0043999152258, 0.0520386584103, 0.439675539732, 1.03222560883, 12.8536195755, 25.8516521454, 18.9747009277, 4.57747459412, 8.92832374573, 7.45886564255, 9.4498500824, 7.653383255, 3.22710585594, 12.8145608902, 3.05242204666, 5.33354473114, 2.39785790443, 3.55094051361, 3.04617929459, 2.89772176743, 2.91295099258, 3.66143536568, 2.89364147186, 4.82552909851, 4.4555888176, 3.70983982086, 3.02066111565, 1.68105745316, 1.05941271782, 0.546133935452, 0.571395516396, 1.04902279377, 1.25307452679, 1.20909523964, 0.40346544981, 0.107777707279, 0.0286996569484, 0.0045156260021, 0.000401750701712, 2.1156431103e-05], "dvar2": [0.000643851293717, 0.0269762389362, 2.12691187859, 5.4287815094, 843.950622559, 2813.70532227, 2997.55126953, 381.872161865, 422.251678467, 304.519866943, 1233.11987305, 879.008422852, 172.57611084, 3099.06152344, 297.28112793, 528.243835449, 130.721832275, 284.1875, 207.313369751, 224.684997559, 262.044952393, 534.481445312, 221.05682373, 511.380432129, 452.400756836, 403.540466309, 183.068359375, 90.6006698608, 80.105758667, 56.2924003601, 19.9997425079, 57.9971885681, 45.2920570374, 23.9650478363, 2.81609082222, 0.261861383915, 0.0208019502461, 0.000732838292606, 1.16606461233e-05, 1.73544361104e-08], "mean": [0.00791160576046, 0.182570010424, 2.4646294117, 4.46366214752, 31.0122642517, 49.9500923157, 41.9825515747, 10.9668588638, 21.0633659363, 15.3472518921, 20.9036579132, 19.1369857788, 9.12257385254, 34.2110214233, 9.30133533478, 12.361869812, 5.63632965088, 8.1328496933, 6.89625358582, 6.67699146271, 7.13521575928, 8.51139450073, 7.5973610878, 10.9417705536, 9.78903102875, 8.84394645691, 6.87099313736, 3.12541294098, 1.55833470821, 0.722443759441, 0.866301476955, 1.73791539669, 2.52194023132, 2.68205189705, 0.887754797935, 0.218736410141, 0.0539641492069, 0.00852070190012, 0.000743807293475, 6.12084259046e-05], "var": [0.000420090014813, 0.0421393327415, 12.4763011932, 11.9037809372, 1110.70349121, 2575.09521484, 2994.59106445, 449.133453369, 589.101867676, 387.715026855, 1893.35644531, 1270.93908691, 277.397674561, 5350.46337891, 1715.53552246, 1288.25195312, 251.49357605, 591.405151367, 322.327972412, 327.375762939, 379.018615723, 958.120788574, 748.331420898, 876.805114746, 569.949584961, 597.164611816, 262.150299072, 68.436706543, 44.5722389221, 24.7272834778, 14.9706583023, 37.5433349609, 42.2714576721, 27.3871707916, 3.61938095093, 0.257100254297, 0.0235356781632, 0.000823697308078, 1.32612494781e-05, 1.75771468491e-08], "dmean2": [0.00745335174724, 0.0886375680566, 0.679891049862, 1.57669568062, 22.6907577515, 41.7252388, 29.9010410309, 7.03675603867, 15.1537570953, 12.4467658997, 14.9820604324, 11.6816768646, 4.6633939743, 18.1896629333, 4.36914205551, 7.39455652237, 3.47360229492, 5.12032079697, 4.54064321518, 4.33963727951, 4.42284584045, 5.36518669128, 4.14938879013, 7.25604724884, 6.62006187439, 5.56314849854, 4.56764936447, 2.6241235733, 1.65908145905, 0.869160234928, 0.893638134003, 1.64821648598, 1.9061498642, 1.85444664955, 0.614741563797, 0.165414556861, 0.0428411923349, 0.00663605378941, 0.000578278850298, 3.16073637805e-05], "dvar": [0.00025073485449, 0.00962747167796, 0.81279283762, 2.17307043076, 271.126098633, 1093.57043457, 1184.45874023, 172.532028198, 148.064361572, 121.733901978, 528.600097656, 388.610809326, 81.8293991089, 1370.46044922, 166.800369263, 297.188171387, 65.5263442993, 143.796859741, 93.1909942627, 100.774353027, 110.01398468, 275.365112305, 127.802856445, 241.478027344, 196.856201172, 183.39024353, 87.4657211304, 38.9577140808, 33.2081489563, 21.1576480865, 8.46574401855, 23.2906913757, 19.5747089386, 10.2805776596, 1.27032208443, 0.111408092082, 0.00970253162086, 0.000336057477398, 5.50649883735e-06, 7.99241561822e-09], "min": [1.99775464907e-22, 2.69972930347e-21, 6.20056323926e-21, 1.33370530688e-20, 4.64387629252e-20, 1.01518041272e-19, 8.32236495553e-20, 3.79133891065e-19, 1.06340788586e-18, 1.79477616806e-18, 1.56654338858e-18, 6.74880480061e-19, 7.6509646828e-19, 1.78205309627e-18, 6.84104215975e-18, 7.32913041995e-18, 1.09802849642e-17, 5.99585713399e-18, 4.19989085982e-18, 1.00951272626e-17, 8.62687092193e-18, 1.20030838655e-17, 8.68022158989e-18, 9.23734344888e-18, 1.36744767394e-17, 1.9288900627e-17, 1.71735483378e-17, 1.59179973558e-17, 1.34269892632e-17, 2.5006707202e-17, 1.71873010427e-17, 1.60975170554e-17, 1.32597738752e-17, 1.33490589234e-17, 1.23962957502e-17, 5.64268740838e-18, 2.64269399178e-18, 1.28727211774e-18, 3.30568695586e-19, 3.01157752532e-20], "median": [0.00411280058324, 0.0996145233512, 0.861376643181, 4.13297557831, 17.5007286072, 35.8206634521, 23.127822876, 5.6157579422, 12.4831314087, 9.59212684631, 5.44214582443, 9.35533905029, 4.65395021439, 11.4971733093, 2.60595631599, 2.54096412659, 1.32820129395, 1.59416556358, 1.74693202972, 1.2931394577, 1.17878818512, 0.946799993515, 0.861872076988, 0.978830635548, 1.3836786747, 1.02139592171, 0.870445847511, 0.599692821503, 0.183193832636, 0.061760943383, 0.0773532539606, 0.152608603239, 0.445217311382, 0.51295208931, 0.133196175098, 0.0327920615673, 0.00813113246113, 0.00129309529439, 0.000114825976198, 4.08118430641e-05], "max": [0.778640925884, 1.96883642673, 22.1275157928, 28.1513805389, 251.518493652, 547.237182617, 573.282653809, 398.230010986, 224.179031372, 260.23538208, 634.656433105, 603.403076172, 345.371765137, 1248.84289551, 938.495666504, 802.619384766, 293.363616943, 489.120239258, 396.337036133, 351.15512085, 329.309631348, 906.08380127, 472.837036133, 487.850311279, 566.026123047, 632.796691895, 309.686767578, 206.201080322, 232.534194946, 334.527252197, 124.495315552, 123.269004822, 190.409484863, 79.1047821045, 42.6496696472, 8.67715167999, 3.05765032768, 1.03885054588, 0.169739216566, 0.00530962040648]}, "silence_rate_30dB": {"dmean": 0.000166514029843, "dvar2": 0.000499434187077, "mean": 0.999916732311, "var": 8.32407386042e-05, "dmean2": 0.000333055795636, "dvar": 0.000166476645973, "min": 0, "median": 1, "max": 1}, "silence_rate_60dB": {"dmean": 0.00266422447748, "dvar2": 0.00629829708487, "mean": 0.104728601873, "var": 0.0937761962414, "dmean2": 0.00532889273018, "dvar": 0.00265760626644, "min": 0, "median": 0, "max": 1}, "spectral_energyband_middle_low": {"dmean": 0.00740535790101, "dvar2": 0.000176225119503, "mean": 0.0217212419957, "var": 0.000200154623599, "dmean2": 0.0123777482659, "dvar": 6.4561230829e-05, "min": 2.79100881533e-22, "median": 0.0209221057594, "max": 0.135960653424}, "spectral_spread": {"dmean": 597749.125, "dvar2": 1545217638400.0, "mean": 4868849.5, "var": 9642358865920.0, "dmean2": 856726.9375, "dvar": 947027968000, "min": 305440.1875, "median": 4634905, "max": 40906440}, "barkbands": {"dmean": [6.77874704706e-05, 0.000185912227607, 0.0004915050813, 0.000440360134235, 0.00665348954499, 0.00115638552234, 0.000706536869984, 0.000370788824512, 0.000334695330821, 0.000331454677507, 9.93984212982e-05, 0.000129644162371, 6.36337717879e-05, 6.91235545673e-05, 5.74959631194e-05, 5.96413556195e-05, 7.59420727263e-05, 6.23257510597e-05, 0.000105533486931, 8.10351630207e-05, 5.95900492044e-05, 2.85086734948e-05, 1.82023886737e-05, 6.19870406808e-05, 7.86396558397e-05, 1.77947076736e-05, 2.406331987e-06], "dvar2": [2.29777583627e-07, 3.74616803356e-07, 2.62605885837e-06, 7.40451923775e-07, 0.000155529603944, 1.76745234057e-05, 2.77901540358e-06