{"tonal": {"chords_key": "A", "hpcp_entropy": {"dmean": 0.689069390297, "dmean2": 1.16848826408, "max": 4.5333981514, "dvar": 0.306985259056, "mean": 2.44084835052, "dvar2": 0.842322051525, "min": 0, "var": 0.522573530674, "median": 2.42590975761}, "key_key": "E", "chords_strength": {"dmean": 0.0136841777712, "dmean2": 0.01487990655, "max": 0.797143220901, "dvar": 0.00012109837553, "mean": 0.543305814266, "dvar2": 0.000151388056111, "min": 0.225534573197, "var": 0.0106932995841, "median": 0.539880633354}, "key_scale": "minor", "chords_number_rate": 0.00480274436995, "thpcp": [1, 0.805512905121, 0.565037190914, 0.448072612286, 0.494988203049, 0.619383215904, 0.616468966007, 0.564076662064, 0.654842853546, 0.617184579372, 0.423171341419, 0.369947403669, 0.388054937124, 0.484097927809, 0.801452696323, 0.89032459259, 0.607197463512, 0.41095238924, 0.368827998638, 0.434504598379, 0.675287425518, 0.829352974892, 0.687692284584, 0.618240952492, 0.59922260046, 0.456846475601, 0.445925414562, 0.474395513535, 0.40050381422, 0.404323428869, 0.457256615162, 0.432321548462, 0.39766651392, 0.411715805531, 0.550945401192, 0.863287508488], "key_strength": 0.744668841362, "tuning_nontempered_energy_ratio": 0.822201788425, "tuning_frequency": 444.085327148, "chords_changes_rate": 0.0912521407008, "tuning_diatonic_strength": 0.62089651823, "chords_scale": "minor", "chords_histogram": [8.74785614014, 1.98970842361, 3.94511151314, 4.32247018814, 3.84219551086, 16.5008583069, 0.102915950119, 9.70840454102, 1.61234986782, 4.93996572495, 2.77873063087, 0.137221261859, 0.857632935047, 1.16638076305, 2.19554018974, 0.994854211807, 0, 0.857632935047, 0, 0, 0, 0.617495715618, 21.7838764191, 12.8987989426], "tuning_equal_tempered_deviation": 0.103500276804, "hpcp": {"dmean": [0.188179552555, 0.164285451174, 0.134442314506, 0.127673596144, 0.144180178642, 0.171217113733, 0.185016408563, 0.180325582623, 0.170418307185, 0.15050573647, 0.129190012813, 0.123446345329, 0.124213196337, 0.114453777671, 0.112107381225, 0.122818246484, 0.128606855869, 0.124599911273, 0.135069414973, 0.170841157436, 0.210553750396, 0.225475758314, 0.223613351583, 0.193506807089, 0.16376465559, 0.169790104032, 0.169829070568, 0.165000647306, 0.170427024364, 0.169341593981, 0.152292594314, 0.125716686249, 0.113088779151, 0.124420836568, 0.15417855978, 0.187716916203], "dmean2": [0.32451698184, 0.287785589695, 0.238208666444, 0.227513998747, 0.252260297537, 0.291190296412, 0.31201711297, 0.31507346034, 0.298956513405, 0.26362323761, 0.226565435529, 0.21512824297, 0.217066571116, 0.199370190501, 0.195387095213, 0.212507709861, 0.227313697338, 0.21944437921, 0.238690137863, 0.298562735319, 0.362197905779, 0.386416703463, 0.39007332921, 0.339621841908, 0.290676593781, 0.304697185755, 0.297158420086, 0.28421536088, 0.30175191164, 0.293939709663, 0.258863687515, 0.22045853734, 0.197765141726, 0.220963209867, 0.276147216558, 0.322530448437], "max": [1, 1, 1, 1, 1, 1, 1, 1, 1, 1, 1, 1, 1, 1, 1, 1, 1, 1, 1, 1, 1, 1, 1, 1, 1, 1, 1, 1, 1, 1, 1, 1, 1, 1, 1, 1], "dvar": [0.055637601763, 0.0456734970212, 0.0403932519257, 0.0421951450408, 0.044784091413, 0.0430856607854, 0.0492853187025, 0.0473063364625, 0.050266712904, 0.0461886227131, 0.0369205884635, 0.0323891192675, 0.034181393683, 0.0269411858171, 0.024162331596, 0.0313088186085, 0.0370379500091, 0.0329979099333, 0.0385477617383, 0.0445680841804, 0.0487585030496, 0.0585541203618, 0.0585809722543, 0.0535710826516, 0.0493090339005, 0.0523112900555, 0.0467092730105, 0.0447586923838, 0.0463624708354, 0.0486348569393, 0.0429984815419, 0.0362443216145, 0.0300146117806, 0.0353644676507, 0.0474486909807, 0.0536626428366], "mean": [0.285461872816, 0.194683745503, 0.131762325764, 0.118256114423, 0.139313787222, 0.21651519835, 0.265912741423, 0.22049254179, 0.198224574327, 0.192126780748, 0.14647719264, 0.142975613475, 0.152103886008, 0.128412231803, 0.129636898637, 0.146608695388, 0.138613849878, 0.127502515912, 0.132007092237, 0.176647827029, 0.276793062687, 0.320626735687, 0.258268982172, 0.181166023016, 0.143664062023, 0.158706456423, 0.198590815067, 0.197656422853, 0.180858060718, 0.209960117936, 0.197885885835, 0.135680049658, 0.118615031242, 0.124420791864, 0.155214741826, 0.256967157125], "dvar2": [0.134339809418, 0.126221507788, 0.113239407539, 0.113311745226, 0.11932631582, 0.112334638834, 0.12239702791, 0.131215125322, 0.131933763623, 0.114800490439, 0.0984652861953, 0.0875901356339, 0.0894843041897, 0.0729301050305, 0.0662751048803, 0.0844881087542, 0.0987777560949, 0.0873500481248, 0.105085514486, 0.120944462717, 0.127683877945, 0.153158426285, 0.154949486256, 0.142960324883, 0.131055474281, 0.142887279391, 0.12620139122, 0.120595477521, 0.128170356154, 0.126312419772, 0.108629032969, 0.0990733727813, 0.0807879567146, 0.0978856831789, 0.133346557617, 0.146311730146], "min": [0, 0, 0, 0, 0, 0, 0, 0, 0, 0, 0, 0, 0, 0, 0, 0, 0, 0, 0, 0, 0, 0, 0, 0, 0, 0, 0, 0, 0, 0, 0, 0, 0, 0, 0, 0], "var": [0.103355437517, 0.0546997003257, 0.0354069471359, 0.0356853306293, 0.0443164333701, 0.063846334815, 0.0895681381226, 0.0675829574466, 0.0702652707696, 0.0780493915081, 0.0431630983949, 0.0372299067676, 0.0495077259839, 0.030282093212, 0.0262998547405, 0.0364424325526, 0.0385760441422, 0.0319580547512, 0.0354356691241, 0.0469743981957, 0.0773243159056, 0.099176004529, 0.0740041807294, 0.0540272407234, 0.044573739171, 0.051433712244, 0.0649942681193, 0.0638106763363, 0.0472955107689, 0.0682737380266, 0.0693810358644, 0.0360782332718, 0.0290251746774, 0.0316679552197, 0.0444096177816, 0.0863199904561], "median": [0.132337257266, 0.0972460359335, 0.0606860145926, 0.0452974066138, 0.0496830716729, 0.102105051279, 0.129280656576, 0.10334905237, 0.0733589157462, 0.058498095721, 0.058187507093, 0.0694957226515, 0.0661377608776, 0.0630776658654, 0.072402022779, 0.072594165802, 0.0627517849207, 0.0581093020737, 0.0597885511816, 0.0891806408763, 0.165963023901, 0.193568617105, 0.150106728077, 0.0839254334569, 0.0538898445666, 0.0595600008965, 0.0835083499551, 0.0843120515347, 0.0963028520346, 0.0970568731427, 0.0811356082559, 0.0625702142715, 0.0583633817732, 0.0590128675103, 0.0704015046358, 0.118160821497]}}, "lowlevel": {"melbands_flatness_db": {"dmean": 0.023292126134, "dmean2": 0.0370570383966, "max": 0.387692809105, "dvar": 0.000474522734294, "mean": 0.158751413226, "dvar2": 0.00119203235954, "min": 0.0419565290213, "var": 0.0021842753049, "median": 0.150777637959}, "melbands_crest": {"dmean": 3.35295009613, "dmean2": 5.54656839371, "max": 29.0643749237, "dvar": 8.17099571228, "mean": 12.4673118591, "dvar2": 21.8171844482, "min": 2.70346784592, "var": 20.9942436218, "median": 11.6700935364}, "spectral_entropy": {"dmean": 0.104024842381, "dmean2": 0.159316912293, "max": 9.80651664734, "dvar": 0.0116320932284, "mean": 7.79549884796, "dvar2": 0.0226413812488, "min": 6.34472370148, "var": 0.0614039227366, "median": 7.80867290497}, "melbands": {"dmean": [0.000767799734604, 0.0015275971964, 0.000805146293715, 0.000283664150629, 0.000327419693349, 0.000451776722912, 0.000191183018615, 0.000107069150545, 0.000144197838381, 0.000267609691946, 0.000125910606585, 7.18353185221e-05, 0.000112172405352, 8.20810237201e-05, 6.54742325423e-05, 5.4843887483e-05, 7.47404483263e-05, 7.53282511141e-05, 5.22968039149e-05, 3.96914801968e-05, 2.85466066998e-05, 2.82704368146e-05, 2.61956229224e-05, 2.32286929531e-05, 1.47784321598e-05, 9.49320929067e-06, 6.77438310959e-06, 5.99325767325e-06, 4.06394337915e-06, 3.70530119653e-06, 3.57091312253e-06, 2.01278339773e-06, 1.79686969659e-06, 1.36738424317e-06, 1.19106027796e-06, 1.27453643017e-06, 1.18505829505e-06, 1.3960659544e-06, 1.17591594062e-06, 7.39540553241e-07], "dmean2": [0.00132245197892, 0.00258606765419, 0.00137831014581, 0.000484893622342, 0.000552744546439, 0.000748854421545, 0.000321468076436, 0.000176546251168, 0.000235687490203, 0.000426386657637, 0.000196605702513, 0.000110808236059, 0.000171394553035, 0.000129114909214, 9.981628682e-05, 8.53660822031e-05, 0.000119273499877, 0.000118791380373, 8.18311455077e-05, 6.35824690107e-05, 4.55296612927e-05, 4.45379082521e-05, 4.10094799008e-05, 3.53859177267e-05, 2.32951169892e-05, 1.51839813043e-05, 1.10524806587e-05, 9.71224926616e-06, 6.50554420645e-06, 6.01939564149e-06, 5.88546299696e-06, 3.2084110444e-06, 2.90823436444e-06, 2.21580035031e-06, 1.84604516562e-06, 2.03629861062e-06, 1.90815057977e-06, 2.23711140279e-06, 1.8463537117e-06, 1.15438797366e-06], "max": [0.0107540534809, 0.0219017285854, 0.0120559791103, 0.00506143458188, 0.00643267156556, 0.0111733283848, 0.00897539407015, 0.0034170167055, 0.00472835497931, 0.00612763222307, 0.00421375920996, 0.00268344325013, 0.00307771470398, 0.00340791558847, 0.00185475428589, 0.00198835297488, 0.00233222031966, 0.00184297119267, 0.00172946008388, 0.00151234550867, 0.00119080359582, 0.00137373851612, 0.000990393338725, 0.00111019494943, 0.000387216481613, 0.000270791380899, 0.000242614449235, 0.000235060360865, 0.000147568149259, 0.000154289082275, 0.000123034769786, 0.000160695475643, 9.64994178503e-05, 0.000100179058791, 0.00013579071674, 0.000201626055059, 0.000128858198877, 0.000102301586594, 0.00010351461242, 7.28082231944e-05], "dvar": [1.14279339414e-06, 3.77674200536e-06, 1.05446736143e-06, 1.1844562664e-07, 2.33881152667e-07, 6.0179479533e-07, 1.66595881979e-07, 3.9632482185e-08, 7.20876087712e-08, 2.74773157116e-07, 6.56459064885e-08, 1.75828791527e-08, 4.03795361592e-08, 2.80239547124e-08, 1.57199711026e-08, 1.46012348878e-08, 2.38867361446e-08, 1.2198012378e-08, 7.29810567535e-09, 7.41759720313e-09, 2.46538056636e-09, 1.79524950461e-09, 1.75737691066e-09, 1.38172129294e-09, 5.81800441157e-10, 1.88613735741e-10, 1.15572600101e-10, 1.38757658141e-10, 5.63400992526e-11, 3.42900777217e-11, 3.54588823581e-11, 2.49977052946e-11, 1.66197784701e-11, 1.41595910344e-11, 1.48399469796e-11, 2.3618369413e-11, 1.85088160076e-11, 2.95579151433e-11, 2.34199760279e-11, 8.30140210045e-12], "mean": [0.00107020116411, 0.00264706905, 0.00136318232398, 0.000466596364276, 0.000470091064926, 0.000557984982152, 0.000241920366534, 0.000166905170772, 0.000223010691116, 0.000370805762941, 0.000190399106941, 0.000140041811392, 0.00020733330166, 0.000129935797304, 0.000116854025691, 9.01169987628e-05, 0.000105511448055, 0.000130230240757, 9.11755414563e-05, 6.36186232441e-05, 5.32012563781e-05, 5.69982403249e-05, 5.28646596649e-05, 4.4769833039e-05, 2.80665208265e-05, 1.98637753783e-05, 1.39213934744e-05, 1.23819600049e-05, 8.16380725155e-06, 7.67221717979e-06, 7.01494400346e-06, 3.89561546399e-06, 3.65503706234e-06, 2.71156386589e-06, 2.31891931435e-06, 2.42575470111e-06, 2.14727674575e-06, 2.14275064536e-06, 1.72466286585e-06, 1.1889446796e-06], "dvar2": [3.24161874232e-06, 1.02868325484e-05, 2.95475365419e-06, 3.17456084531e-07, 6.17814180259e-07, 1.52658094521e-06, 4.25644202551e-07, 9.84334036502e-08, 1.7814079456e-07, 6.6360252049e-07, 1.53575598461e-07, 3.94754735566e-08, 9.20434857221e-08, 6.85372398834e-08, 3.3228317875e-08, 3.42700126055e-08, 5.85279984477e-08, 2.91628126092e-08, 1.6323957297e-08, 1.85341253456e-08, 6.08908656829e-09, 3.89197962747e-09, 3.84213949545e-09, 2.98698488166e-09, 1.37316757964e-09, 4.4471265559e-10, 2.80136885911e-10, 3.45983713901e-10, 1.35065084117e-10, 8.35998492654e-11, 8.55561038682e-11, 5.79121889333e-11, 3.96602299613e-11, 3.33062258329e-11, 2.95704676023e-11, 5.74887255855e-11, 4.60217523812e-11, 6.9191562202e-11, 5.59180063364e-11, 1.8853934039e-11], "min": [9.19328918547e-11, 2.08340261709e-10, 1.02395973645e-10, 1.9040094501e-10, 5.58677382134e-10, 1.5206325088e-10, 3.17571975661e-11, 3.38262542976e-11, 7.57725653056e-12, 9.85706199823e-13, 1.76034675118e-12, 9.91502127796e-13, 1.15981920248e-12, 1.14637943235e-12, 1.01108401165e-12, 7.14969858491e-13, 8.9563930274e-13, 6.52771022999e-13, 9.39853338384e-13, 7.50429774744e-13, 7.99626478313e-13, 9.30140730063e-13, 9.11906401085e-13, 9.37492054473e-13, 2.55645222873e-13, 3.80870628005e-13, 9.00510081e-13, 3.31973028711e-13, 3.91454799348e-13, 5.4227938329e-13, 5.86302111461e-13, 3.38324962663e-13, 2.41993572533e-13, 3.63811330237e-13, 3.23693220665e-13, 2.7812894674e-13, 3.59528297975e-13, 2.38507401763e-13, 1.1706826101e-13, 1.49571408861e-13], "var": [1.40090855894e-06, 6.24045696895e-06, 1.35123730161e-06, 1.84697228178e-07, 3.10727301667e-07, 6.6372689389e-07, 1.53578369577e-07, 5.21095344652e-08, 9.74264011688e-08, 4.14360158629e-07, 1.07100390778e-07, 6.14116757447e-08, 1.22064847119e-07, 4.50204495905e-08, 4.06751823334e-08, 2.89874293458e-08, 2.72791709222e-08, 2.28357297516e-08, 1.23554615428e-08, 8.89485729516e-09, 4.6959662825e-09, 4.00620470131e-09, 4.76461314847e-09, 4.04824485045e-09, 1.08035713708e-09, 4.20956741687e-10, 2.86214135725e-10, 3.43660433444e-10, 1.20637153045e-10, 7.48404047068e-11, 6.72718131201e-11, 4.72775048277e-11, 2.92107865674e-11, 2.14985390601e-11, 2.74007223161e-11, 2.85307576176e-11, 2.27566385874e-11, 3.70653507886e-11, 2.50347399061e-11, 8.93022027854e-12], "median": [0.000687238876708, 0.00188855570741, 0.00106327317189, 0.000355770811439, 0.000281991640804, 0.000265872891759, 0.000133883208036, 0.000111474553705, 0.000125554332044, 0.000126539147459, 7.87269236753e-05, 4.98945155414e-05, 6.75480041537e-05, 6.28318157396e-05, 4.92454055347e-05, 4.10258580814e-05, 5.73644610995e-05, 8.78222854226e-05, 6.17474870523e-05, 3.96870127588e-05, 3.56626733264e-05, 4.15876857005e-05, 3.52881324943e-05, 2.60147189692e-05, 1.91204853763e-05, 1.46462289194e-05, 9.19350986806e-06, 6.84412043483e-06, 4.88431396661e-06, 5.5067912399e-06, 5.0700105021e-06, 2.33592163568e-06, 2.40176404986e-06, 1.79390553967e-06, 1.31452827645e-06, 1.38816562867e-06, 1.134406034e-06, 8.76592366694e-07, 7.93325909854e-07, 6.30670456303e-07]}, "silence_rate_60dB": {"dmean": 0.00137291918509, "dmean2": 0.0027463096194, "max": 1, "dvar": 0.00137105653994, "mean": 0.0403225794435, "dvar2": 0.00273885414936, "min": 0, "var": 0.0386958085001, "median": 0}, "spectral_energyband_middle_high": {"dmean": 0.00300330738537, "dmean2": 0.00441867019981, "max": 0.0358171314001, "dvar": 1.02915100797e-05, "mean": 0.0103862034157, "dvar2": 2.19633293455e-05, "min": 2.01328662075e-10, "var": 4.21418189944e-05, "median": 0.00929700676352}, "erbbands_skewness": {"dmean": 0.321183174849, "dmean2": 0.497307986021, "max": 2.81133747101, "dvar": 0.0784680694342, "mean": -0.149540066719, "dvar2": 0.183818399906, "min": -2.49493527412, "var": 0.379813313484, "median": -0.135554403067}, "dynamic_complexity": 2.26140785217, "dissonance": {"dmean": 0.0133953103796, "dmean2": 0.0227474234998, "max": 0.499999970198, "dvar": 0.00017810225836, "mean": 0.477655887604, "dvar2": 0.000464678741992, "min": 0.134293809533, "var": 0.000299950595945, "median": 0.481745332479}, "spectral_skewness": {"dmean": 0.164570391178, "dmean2": 0.264309436083, "max": 6.06021499634, "dvar": 0.0344344601035, "mean": 1.56384086609, "dvar2": 0.0853547081351, "min": -0.0363720208406, "var": 0.188299909234, "median": 1.55894899368}, "spectral_kurtosis": {"dmean": 1.24668490887, "dmean2": 2.05038189888, "max": 58.0275650024, "dvar": 3.59246182442, "mean": 4.79660367966, "dvar2": 9.82472324371, "min": -1.14925861359, "var": 11.4829502106, "median": 4.23709726334}, "gfcc": {"cov": [[8889.27832031, -1402.06604004, -72.320022583, 860.905456543, -84.1105117798, 247.131500244, -58.2566833496, 441.84197998, -113.05241394, 191.776626587, -94.8462677002, 115.798316956, -57.1659469604], [-1402.06604004, 1013.93676758, -310.152313232, -131.192352295, 175.786972046, -163.492584229, 167.339752197, -132.007385254, 100.019447327, -90.7159805298, 63.7119750977, -44.5992889404, 35.12059021], [-72.320022583, -310.152313232, 445.410858154, 36.7898406982, -71.7566833496, 91.6957015991, -64.2173995972, 34.8184738159, -22.9188480377, 52.5144691467, -15.8856201172, 24.2731170654, -6.71615219116], [860.905456543, -131.192352295, 36.7898406982, 367.225280762, 41.6110687256, -49.6702690125, -41.1618766785, 22.2981548309, 23.4913864136, 43.7372589111, 4.51769828796, -15.7494783401, 18.6280460358], [-84.1105117798, 175.786972046, -71.7566833496, 41.6110687256, 168.315048218, -9.58927631378, 49.0165863037, -14.0649585724, 33.9151077271, -11.5313854218, 17.0176677704, -15.0545911789, 0.043205242604], [247.131500244, -163.492584229, 91.6957015991, -49.6702690125, -9.58927631378, 218.617034912, 34.4867172241, 53.0928153992, -49.6654510498, 15.8997459412, -10.0764741898, 14.2368297577, -28.0001659393], [-58.2566833496, 167.339752197, -64.2173995972, -41.1618766785, 49.0165863037, 34.4867172241, 160.670318604, 21.9605522156, 17.5228214264, -36.3113632202, 15.9399271011, 0.367580920458, -4.26577138901], [441.84197998, -132.007385254, 34.8184738159, 22.2981548309, -14.0649585724, 53.0928153992, 21.9605522156, 120.793312073, 5.55971765518, 3.92720079422, -28.9522514343, 11.7246437073, -11.6792974472], [-113.05241394, 100.019447327, -22.9188480377, 23.4913864136, 33.9151077271, -49.6654510498, 17.5228214264, 5.55971765518, 80.701675415, 8.89851570129, 6.72069787979, -15.3581485748, 10.426451683], [191.776626587, -90.7159805298, 52.5144691467, 43.7372589111, -11.5313854218, 15.8997459412, -36.3113632202, 3.92720079422, 8.89851570129, 73.8536376953, 15.1213436127, 7.33979415894, 2.17315793037], [-94.8462677002, 63.7119750977, -15.8856201172, 4.51769828796, 17.0176677704, -10.0764741898, 15.9399271011, -28.9522514343, 6.72069787979, 15.1213436127, 61.3410568237, 18.9162788391, 6.95380830765], [115.798316956, -44.5992889404, 24.2731170654, -15.7494783401, -15.0545911789, 14.2368297577, 0.367580920458, 11.7246437073, -15.3581485748, 7.33979415894, 18.9162788391, 58.5561294556, 15.2723169327], [-57.1659469604, 35.12059021, -6.71615219116, 18.6280460358, 0.043205242604, -28.0001659393, -4.26577138901, -11.6792974472, 10.426451683, 2.17315793037, 6.95380830765, 15.2723169327, 48.3946723938]], "mean": [42.2184753418, 83.7108840942, -123.879829407, 32.859085083, -46.7847557068, 16.378742218, -38.890953064, 11.2156324387, -24.300491333, 3.59603333473, -19.9694595337, -0.550089657307, -13.235461235], "icov": [[0.000260653352598, 0.00024549337104, 0.000403824495152, -0.000600075989496, 6.16104516666e-05, -9.94484726107e-05, -0.000236058578594, -0.000402195961215, 0.000184109972906, -0.000416007940657, 0.000376615556888, -0.000653614697512, 0.000372461974621], [0.00024549337104, 0.00289780064486, 0.000969130778685, 0.000406482547987, -0.00135504384525, 0.000914600503165, -0.00202009291388, 0.00140353885945, -0.00138995330781, 0.000818475848064, -0.000834380567539, 0.000644104264211, -0.000964577018749], [0.000403824495152, 0.000969130778685, 0.00378302345052, -0.00116261094809, 0.000755450164434, -0.00139123701956, 0.00010594689229, 1.77403690031e-05, -0.000842394656502, -0.00135372462682, 0.00120125582907, -0.00202530599199, 0.00066303962376], [-0.000600075989496, 0.000406482547987, -0.00116261094809, 0.00542830582708, -0.00213151867501, 0.00195824308321, 0.00053847359959, -0.000508130062371, 0.000260774773778, -0.000676446419675, -0.00232691131532, 0.00425998261198, -0.00323070748709], [6.16104516666e-05, -0.00135504384525, 0.000755450164434, -0.00213151867501, 0.00895899999887, -0.00198894226924, -0.000674366718158, 0.000734216941055, -0.00266200653277, 0.000753385480493, -0.000362875114661, -0.000513548846357, 0.00169433653355], [-9.94484726107e-05, 0.000914600503165, -0.00139123701956, 0.00195824308321, -0.00198894226924, 0.0089538898319, -0.00334572349675, -0.00237721018493, 0.00551221193746, -0.00334726064466, -0.000187822981388, 0.00143888324965, 0.00112128129695], [-0.000236058578594, -0.00202009291388, 0.00010594689229, 0.00053847359959, -0.000674366718158, -0.00334572349675, 0.011738688685, -0.0034465091303, -0.00215751840733, 0.00545474374667, -0.00458569079638, 0.000523660157342, -2.40724803007e-05], [-0.000402195961215, 0.00140353885945, 1.77403690031e-05, -0.000508130062371, 0.000734216941055, -0.00237721018493, -0.0034465091303, 0.016153415665, -0.00653719482943, 0.000799483968876, 0.00787578802556, -0.00587148265913, 0.00301667279564], [0.000184109972906, -0.00138995330781, -0.000842394656502, 0.000260774773778, -0.00266200653277, 0.00551221193746, -0.00215751840733, -0.00653719482943, 0.0221224296838, -0.00691132247448, -0.00168165168725, 0.0065065077506, -0.00383481546305], [-0.000416007940657, 0.000818475848064, -0.00135372462682, -0.000676446419675, 0.000753385480493, -0.00334726064466, 0.00545474374667, 0.000799483968876, -0.00691132247448, 0.0230113063008, -0.00871257297695, 0.000985422637314, -0.00087982515106], [0.000376615556888, -0.000834380567539, 0.00120125582907, -0.00232691131532, -0.000362875114661, -0.000187822981388, -0.00458569079638, 0.00787578802556, -0.00168165168725, -0.00871257297695, 0.0293879248202, -0.0141123319045, 0.0044852741994], [-0.000653614697512, 0.000644104264211, -0.00202530599199, 0.00425998261198, -0.000513548846357, 0.00143888324965, 0.000523660157342, -0.00587148265913, 0.0065065077506, 0.000985422637314, -0.0141123319045, 0.0310467220843, -0.0129141332582], [0.000372461974621, -0.000964577018749, 0.00066303962376, -0.00323070748709, 0.00169433653355, 0.00112128129695, -2.40724803007e-05, 0.00301667279564, -0.00383481546305, -0.00087982515106, 0.0044852741994, -0.0129141332582, 0.028808766976]]}, "spectral_complexity": {"dmean": 4.13111400604, "dmean2": 6.33367681503, "max": 57, "dvar": 14.4293498993, "mean": 30.74193573, "dvar2": 30.2134609222, "min": 0, "var": 91.9284057617, "median": 32}, "spectral_flux": {"dmean": 0.0236119329929, "dmean2": 0.0356422066689, "max": 0.248112410307, "dvar": 0.000448424107162, "mean": 0.104955427349, "dvar2": 0.000924332765862, "min": 3.68173205061e-05, "var": 0.00147242401727, "median": 0.103669568896}, "spectral_energyband_low": {"dmean": 0.00617854529992, "dmean2": 0.0104785775766, "max": 0.0730203613639, "dvar": 6.04314082011e-05, "mean": 0.0117029622197, "dvar2": 0.000164952900377, "min": 1.54919232997e-09, "var": 9.49855457293e-05, "median": 0.00913400575519}, "spectral_decrease": {"dmean": 2.32331021088e-09, "dmean2": 3.78616205055e-09, "max": -3.00865340535e-15, "dvar": 5.65856555382e-18, "mean": -8.17909029394e-09, "dvar2": 1.44608359887e-17, "min": -2.52036347348e-08, "var": 1.26086809899e-17, "median": -8.10803157947e-09}, "barkbands_spread": {"dmean": 5.89617586136, "dmean2": 9.17572593689, "max": 108.864463806, "dvar": 44.0828704834, "mean": 29.5037651062, "dvar2": 97.6061477661, "min": 3.97521924973, "var": 134.316329956, "median": 28.4376335144}, "spectral_rms": {"dmean": 0.000756475026719, "dmean2": 0.00121011130977, "max": 0.0098040709272, "dvar": 5.10581799062e-07, "mean": 0.00554704247043, "dvar2": 1.26393229039e-06, "min": 3.55541101271e-06, "var": 2.23241477215e-06, "median": 0.00575432833284}, "spectral_centroid": {"dmean": 254.105072021, "dmean2": 388.914093018, "max": 11331.3720703, "dvar": 74402.46875, "mean": 1640.3581543, "dvar2": 149770.125, "min": 347.424224854, "var": 266986.375, "median": 1626.49816895}, "barkbands_skewness": {"dmean": 0.457624107599, "dmean2": 0.704045295715, "max": 6.65399742126, "dvar": 0.191763743758, "mean": 0.885248184204, "dvar2": 0.452506572008, "min": -1.54488635063, "var": 0.574587583542, "median": 0.780570030212}, "spectral_rolloff": {"dmean": 520.329650879, "dmean2": 850.467285156, "max": 12639.9902344, "dvar": 773293.625, "mean": 1886.47155762, "dvar2": 1871330.625, "min": 86.1328125, "var": 1337678.75, "median": 1765.72265625}, "erbbands_spread": {"dmean": 7.54659032822, "dmean2": 11.3082332611, "max": 138.595153809, "dvar": 65.7838668823, "mean": 34.0980567932, "dvar2": 131.882965088, "min": 4.89980506897, "var": 212.056030273, "median": 31.1189441681}, "barkbands": {"dmean": [2.25866460823e-05, 0.00345837464556, 0.00326095661148, 0.0018322491087, 0.00127054029144, 0.00219489913434, 0.000756090390496, 0.000567157403566, 0.00173407141119, 0.000595734047238, 0.000772345927544, 0.000691023888066, 0.000584455439821, 0.000839692133013, 0.000796086445916, 0.000488885852974, 0.000481044844491, 0.000453921064036, 0.000255214428762, 0.00017343107902, 0.000139974305057, 8.75576151884e-05, 7.06490536686e-05, 9.82357378234e-05, 6.84795231791e-05, 3.70202214981e-05, 7.46000523577e-06], "dmean2": [3.54649746441e-05, 0.00599668454379, 0.00541559280828, 0.00321347871795, 0.0021321233362, 0.00363538693637, 0.00127699214499, 0.000931455288082, 0.0027624971699, 0.000925809319597, 0.00118118722457, 0.00108024280053, 0.000910876202397, 0.00133655185346, 0.00125440640841, 0.000784850853961, 0.000752043502871, 0.000692225061357, 0.000404052465456, 0.000280074280454, 0.000228582255659, 0.000138537056046, 0.000108702253783, 0.000155330097186, 0.000104960832687, 5.78591789235e-05, 1.18236930575e-05], "max": [0.000505783245899, 0.0451480522752, 0.0514188073575, 0.0317535102367, 0.0273177810013, 0.0472799912095, 0.0370076298714, 0.0277356430888, 0.0402989238501, 0.0236064977944, 0.0200672168285, 0.0265393797308, 0.0183759257197, 0.0220188554376, 0.0162903349847, 0.015693962574, 0.0187249239534, 0.0156081868336, 0.00715848850086, 0.00558381853625, 0.00512185506523, 0.00507343700156, 0.00624074507505, 0.00762523990124, 0.00590991741046, 0.00291689531878, 0.00119909422938], "dvar": [1.08172870661e-09, 2.31282137975e-05, 1.6663576389e-05, 6.29806527286e-06, 2.65733251581e-06, 1.29256004584e-05, 2.71560293186e-06, 1.54297026711e-06, 1.01868190541e-05, 1.4615990267e-06, 1.84239775081e-06, 1.8555904262e-06, 1.51341623678e-06, 2.35921356762e-06, 1.3376292145e-06, 9.78712591859e-07, 5.23753442394e-07, 4.55843832015e-07, 1.31814715587e-07, 9.75284208948e-08, 5.0039325572e-08, 4.34464233479e-08, 4.95402225908e-08, 1.3537348309e-07, 7.28837008523e-08, 1.37088180807e-08, 1.43582323808e-09], "mean": [3.52233801095e-05, 0.00480767339468, 0.00554894516245, 0.00232820142992, 0.00215943390504, 0.0028260643594, 0.000992805347778, 0.000815522391349, 0.00246446044184, 0.000978405936621, 0.0014347123215, 0.00108248752076, 0.00101391866338, 0.00124582182616, 0.00137136271223, 0.000827830692288, 0.000993831316009, 0.000922924955375, 0.000563637120649, 0.000386701402022, 0.000323149288306, 0.000192079955013, 0.000149412429892, 0.000175370340003, 0.000119000120321, 6.04289998591e-05, 7.72688144934e-06], "dvar2": [2.55841547947e-09, 6.56697156955e-05, 4.38791576016e-05, 1.79728976946e-05, 6.99058136888e-06, 3.30953844241e-05, 7.01609633325e-06, 3.87659565604e-06, 2.43373124249e-05, 3.3407357023e-06, 4.18543322667e-06, 4.41266502094e-06, 3.41540953741e-06, 5.71411828787e-06, 3.07179175252e-06, 2.48654987445e-06, 1.14344459234e-06, 9.90877538243e-07, 3.12801148539e-07, 2.38108682993e-07, 1.18798979543e-07, 9.81194148153e-08, 1.02217121878e-07, 3.17476576583e-07, 1.65277441511e-07, 3.16092929609e-08, 3.3670526367e-09], "min": [6.63776533738e-11, 1.87698329102e-10, 6.82905398897e-10, 5.63737702353e-11, 1.50329981796e-09, 8.65071903e-10, 3.50145051842e-11, 1.4013315508e-10, 6.79999286046e-12, 1.27849987541e-11, 8.31143313895e-12, 1.19537504895e-11, 5.51669343887e-12, 8.77693143858e-12, 1.35988659569e-11, 1.13895073928e-11, 1.69011072498e-11, 1.87965632642e-11, 9.53431431028e-12, 2.23067866262e-11, 2.35221443018e-11, 1.53034616229e-11, 1.97990616957e-11, 2.23995145349e-11, 1.66118785394e-11, 1.59097440083e-11, 6.02875249722e-11], "var": [2.1676498374e-09, 2.9355445804e-05, 3.10479408654e-05, 6.38225856164e-06, 4.42484633822e-06, 1.50331634359e-05, 2.54874839811e-06, 1.65240498973e-06, 1.6216738004e-05, 3.12493784804e-06, 6.11332234257e-06, 3.24416760122e-06, 3.80457117899e-06, 3.04999798573e-06, 2.42660007643e-06, 1.28126782784e-06, 1.29871682475e-06, 1.25554947772e-06, 3.02262975538e-07, 2.63408423962e-07, 1.1544231171e-07, 8.52825436937e-08, 8.77351524764e-08, 1.74629676053e-07, 8.03492596901e-08, 1.61803246357e-08, 1.41655764896e-09], "median": [1.7144040612e-05, 0.00303325965069, 0.00388071453199, 0.00154940003995, 0.00157193804625, 0.00143435795326, 0.000567499315366, 0.000505970674567, 0.00089985691011, 0.000396218412789, 0.000430096522905, 0.000511113903485, 0.000411425920902, 0.000728131970391, 0.000927055021748, 0.000524131639395, 0.000717262271792, 0.000587580434512, 0.000436819391325, 0.000231795114814, 0.000242202033405, 0.000127066101413, 9.35818534344e-05, 8.35710234242e-05, 6.61020749249e-05, 2.87131315417e-05, 1.77885760877e-06]}, "melbands_kurtosis": {"dmean": 4.09486436844, "dmean2": 6.47603034973, "max": 172.972503662, "dvar": 59.4104270935, "mean": 5.71178245544, "dvar2": 147.066925049, "min": -1.65860140324, "var": 90.0338592529, "median": 2.9344086647}, "erbbands_crest": {"dmean": 2.54086923599, "dmean2": 4.11936855316, "max": 27.2534732819, "dvar": 5.65619421005, "mean": 8.09794616699, "dvar2": 14.3447399139, "min": 2.50405144691, "var": 12.441734314, "median": 7.26450109482}, "melbands_skewness": {"dmean": 0.65244448185, "dmean2": 1.00608754158, "max": 11.6421556473, "dvar": 0.448867887259, "mean": 1.96185088158, "dvar2": 1.04262793064, "min": -1.10645461082, "var": 1.31927287579, "median": 1.76693177223}, "spectral_energyband_middle_low": {"dmean": 0.00531654059887, "dmean2": 0.00868101418018, "max": 0.0626497417688, "dvar": 3.67404900317e-05, "mean": 0.0120119368657, "dvar2": 9.2310103355e-05, "min": 6.41463637763e-09, "var": 6.14540986135e-05, "median": 0.0102240834385}, "spectral_contrast_coeffs": {"dmean": [0.0538098849356, 0.0519796460867, 0.0410780236125, 0.0320108048618, 0.0221735630184, 0.0163444615901], "dmean2": [0.0907855927944, 0.08686991781, 0.0661625564098, 0.0520159378648, 0.0352869331837, 0.0262751318514], "max": [-0.395975083113, -0.485374003649, -0.494474798441, -0.579714357853, -0.587251007557, -0.616623282433], "dvar": [0.00177686172538, 0.00172793620732, 0.00114569510333, 0.000664598075673, 0.000328793306835, 0.000208083161851], "mean": [-0.6485414505, -0.751369655132, -0.764963269234, -0.778393268585, -0.777867555618, -0.75227868557], "dvar2": [0.00511229457334, 0.00469304062426, 0.00287095014937, 0.00162587524392, 0.000763450341765, 0.000499453570228], "min": [-0.963717460632, -0.954834461212, -0.9640417099, -0.962205708027, -0.957767963409, -0.960161983967], "var": [0.00379723589867, 0.00390813592821, 0.00454425113276, 0.00230109062977, 0.00140418822411, 0.00126992701553], "median": [-0.651145100594, -0.754640698433, -0.773255109787, -0.7815554142, -0.780722439289, -0.753498613834]}, "spectral_contrast_valleys": {"dmean": [0.410933464766, 0.358707696199, 0.302843868732, 0.258084326982, 0.206640332937, 0.196238726377], "dmean2": [0.694526255131, 0.577047586441, 0.488471329212, 0.397950321436, 0.311562716961, 0.287959039211], "max": [-5.42692708969, -4.73127222061, -5.34688854218, -5.60758018494, -5.48582696915, -7.48290252686], "dvar": [0.130356729031, 0.107950747013, 0.0896755903959, 0.0752064660192, 0.0688706040382, 0.0778908804059], "mean": [-6.94296073914, -6.3736743927, -6.82555103302, -6.92258691788, -6.99417352676, -9.75542449951], "dvar2": [0.304970383644, 0.233322635293, 0.177458912134, 0.127820387483, 0.107992000878, 0.124126344919], "min": [-27.5165271759, -27.5711727142, -27.1518096924, -27.359621048, -27.3993377686, -27.243724823], "var": [0.952762782574, 0.631217479706, 0.639966070652, 0.714532136917, 1.18930757046, 1.4944396019], "median": [-6.75838279724, -6.2654838562, -6.72619152069, -6.78075408936, -6.79788446426, -9.47815322876]}, "silence_rate_20dB": {"dmean": 0, "dmean2": 0, "max": 1, "dvar": 0, "mean": 1, "dvar2": 0, "min": 1, "var": 0, "median": 1}, "silence_rate_30dB": {"dmean": 0, "dmean2": 0, "max": 1, "dvar": 0, "mean": 1, "dvar2": 0, "min": 1, "var": 0, "median": 1}, "spectral_strongpeak": {"dmean": 0.792871534824, "dmean2": 1.40866458416, "max": 13.9265708923, "dvar": 1.67305421829, "mean": 1.02608680725, "dvar2": 4.40735006332, "min": 0.000360999983968, "var": 1.97430992126, "median": 0.446274936199}, "spectral_spread": {"dmean": 458415.125, "dmean2": 652011.8125, "max": 38788240, "dvar": 570504839168, "mean": 4360625.5, "dvar2": 872815460352, "min": 1255676.125, "var": 1801245818880.0, "median": 4264706.5}, "barkbands_flatness_db": {"dmean": 0.0163981225342, "dmean2": 0.0264585446566, "max": 0.287256628275, "dvar": 0.000237374231801, "mean": 0.0979730412364, "dvar2": 0.000600602128543, "min": 0.018710706383, "var": 0.00116286869161, "median": 0.0911260843277}, "pitch_salience": {"dmean": 0.0699333772063, "dmean2": 0.115925811231, "max": 0.864271521568, "dvar": 0.0036015631631, "mean": 0.571182489395, "dvar2": 0.00989577639848, "min": 0.224880322814, "var": 0.00931227393448, "median": 0.575841784477}, "erbbands_kurtosis": {"dmean": 0.786861002445, "dmean2": 1.23654854298, "max": 14.8844270706, "dvar": 0.639109313488, "mean": 0.44102743268, "dvar2": 1.48858737946, "min": -1.5979616642, "var": 1.84448027611, "median": 0.163660869002}, "average_loudness": 0.979722499847, "barkbands_crest": {"dmean": 2.29227399826, "dmean2": 3.8438270092, "max": 23.3862266541, "dvar": 4.19173908234, "mean": 7.68744516373, "dvar2": 11.5269584656, "min": 2.0624191761, "var": 7.88105821609, "median": 7.19161128998}, "hfc": {"dmean": 7.92518854141, "dmean2": 11.9725475311, "max": 157.137924194, "dvar": 109.361557007, "mean": 32.60572052, "dvar2": 240.972839355, "min": 1.76577123057e-05, "var": 301.686462402, "median": 32.7444877625}, "barkbands_kurtosis": {"dmean": 1.29358196259, "dmean2": 2.06982779503, "max": 52.850818634, "dvar": 5.18574380875, "mean": 0.57517772913, "dvar2": 12.6202878952, "min": -1.8710372448, "var": 7.99778413773, "median": -0.162716448307}, "erbbands": {"dmean": [0.0611765570939, 0.925909876823, 3.36676692963, 4.80242109299, 4.91692686081, 4.36693572998, 10.477807045, 21.0547618866, 13.3694734573, 9.68354892731, 14.6398944855, 42.3192024231, 25.5699310303, 18.0913467407, 29.823348999, 26.7624225616, 26.5001983643, 35.5840454102, 43.4211959839, 32.0782546997, 23.4240226746, 25.001657486, 23.703956604, 17.0874271393, 9.96344566345, 8.57237815857, 5.6427116394, 5.66882944107, 3.24893736839, 2.45395946503, 2.00484800339, 1.90734219551, 1.81708931923, 0.954810321331, 0.4096968472, 0.185198873281, 0.0658486932516, 0.0125553552061, 0.00123586785048, 5.54763355467e-05], "dmean2": [0.102471113205, 1.61412322521, 5.63927173615, 8.25096797943, 8.52102851868, 7.34671831131, 17.8154907227, 35.0173568726, 22.5740375519, 15.9566287994, 23.9666042328, 67.4876327515, 39.7214317322, 27.8798980713, 45.5783996582, 41.4249687195, 40.5066108704, 56.5944099426, 68.0289306641, 50.5540237427, 37.0257530212, 38.6280250549, 36.0580749512, 26.5210189819, 15.7918653488, 13.781457901, 8.98272514343, 9.29292106628, 5.11212253571, 3.94115114212, 3.07923865318, 3.03641009331, 2.86474823952, 1.46883845329, 0.627842247486, 0.288205742836, 0.104456022382, 0.0199777036905, 0.00197112001479, 8.63505338202e-05], "max": [0.973962008953, 11.7798547745, 53.1577224731, 76.4528884888, 60.8421478271, 131.664138794, 233.354919434, 536.897277832, 664.029968262, 346.267089844, 604.009765625, 969.37310791, 824.366149902, 606.104980469, 772.983886719, 1033.02233887, 910.374084473, 1060.52648926, 924.405273438, 990.128601074, 765.016113281, 1278.71496582, 977.082946777, 431.367614746, 381.251190186, 304.813720703, 204.703842163, 203.75177002, 253.184753418, 176.046112061, 183.727081299, 215.289993286, 126.955879211, 76.5109863281, 35.7451171875, 11.647652626, 6.21469926834, 2.04957699776, 0.20685659349, 0.0124553376809], "dvar": [0.0072262249887, 1.6375541687, 18.3555450439, 41.9397277832, 37.6047706604, 49.2614173889, 265.257904053, 1371.69470215, 864.363037109, 300.193359375, 876.758117676, 6712.02734375, 2564.41479492, 1028.78063965, 2880.11816406, 2447.77709961, 2930.97949219, 5462.50537109, 3598.13964844, 3945.36328125, 1697.09387207, 1455.88879395, 1203.75720215, 731.816467285, 188.93927002, 265.276885986, 98.4303817749, 85.4283752441, 59.5655403137, 44.028339386, 42.1353492737, 45.8639678955, 50.9966201782, 14.1163883209, 2.5494992733, 0.27578112483, 0.0534068867564, 0.003678831039, 3.89732376789e-05, 8.79583481606e-08], "mean": [0.08891993016, 1.30068922043, 5.77972364426, 7.65260124207, 7.07808876038, 6.88841772079, 14.13468647, 25.3935394287, 16.5389194489, 15.2071409225, 23.2570171356, 59.0650749207, 40.5350074768, 37.7539825439, 56.4643592834, 46.3674278259, 50.5280609131, 54.5229530334, 79.4873809814, 57.7964286804, 46.740020752, 55.4116134644, 52.379524231, 36.8236808777, 23.968996048, 19.268447876, 13.0249929428, 12.4773588181, 7.17596149445, 5.40418100357, 4.18525981903, 3.69325041771, 2.91288018227, 1.57165503502, 0.714449107647, 0.328424304724, 0.0989049971104, 0.0150148384273, 0.00132705969736, 9.4207971415e-05], "dvar2": [0.0197120960802, 4.64685344696, 48.7945785522, 116.62688446, 105.198112488, 131.89352417, 701.559448242, 3494.42114258, 2211.61743164, 759.245117188, 2212.89672852, 16350.9472656, 5985.52197266, 2308.69506836, 6482.71337891, 5804.03710938, 6503.41015625, 13378.2626953, 8529.01074219, 9186.61425781, 4263.63085938, 3127.33447266, 2580.35913086, 1701.24560547, 431.69720459, 658.796936035, 234.474472046, 200.847213745, 134.294830322, 103.637039185, 83.8861999512, 112.556900024, 117.887657166, 31.9384841919, 5.958152771, 0.648317337036, 0.123408988118, 0.00863098260015, 9.21855680645e-05, 2.13019177409e-07], "min": [1.03778887706e-08, 3.72676360882e-08, 5.54566895516e-07, 4.45204278776e-07, 1.5492781813e-06, 5.60462331123e-06, 1.71233459696e-05, 6.76048239256e-06, 3.0348448945e-06, 2.87330203719e-06, 1.29605575694e-06, 1.93793823655e-07, 3.43892935462e-07, 2.76449640069e-07, 3.18550320344e-07, 4.47865147635e-07, 3.41303575624e-07, 4.93922357236e-07, 5.0032258514e-07, 6.34833270396e-07, 7.28475470169e-07, 1.07299888441e-06, 1.14481042601e-06, 4.28351910386e-07, 8.90121157227e-07, 8.97223287666e-07, 6.42106442683e-07, 1.15875275242e-06, 5.96533254793e-07, 5.544452506e-07, 5.34102468919e-07, 5.39378277153e-07, 2.90280610216e-07, 1.61987600222e-07, 1.36925478955e-07, 7.07230611852e-08, 2.84884063007e-08, 1.58244048976e-08, 4.20563583958e-09, 1.23053556234e-09], "var": [0.00991733092815, 2.11688947678, 33.4952430725, 53.2517814636, 43.3463439941, 70.9949951172, 329.024719238, 1477.25085449, 773.132629395, 402.686950684, 1011.44061279, 10195.734375, 4288.76708984, 3768.34912109, 7851.58056641, 4672.62841797, 8901.95996094, 6331.36083984, 7234.56542969, 6050.44042969, 3001.29125977, 3774.6159668, 3792.4440918, 1543.52185059, 510.564331055, 703.262023926, 235.688812256, 185.90486145, 121.57434082, 70.381149292, 77.8459625244, 57.1701660156, 63.3825645447, 15.7838611603, 2.69179415703, 0.345173805952, 0.0594302043319, 0.00364456698298, 3.77791184292e-05, 8.27470856279e-08], "median": [0.0561081394553, 0.813411295414, 3.97623562813, 5.53948879242, 5.17360067368, 4.51947689056, 8.07092475891, 11.5755996704, 8.98460769653, 10.2039442062, 14.7948036194, 20.7576580048, 18.2805519104, 14.787361145, 21.4792442322, 25.0914459229, 22.263469696, 31.8484172821, 55.4377937317, 38.0768280029, 32.217754364, 40.6547775269, 34.8694763184, 26.2175884247, 18.9368495941, 11.4428491592, 8.58800697327, 9.37163543701, 4.77204608917, 3.70443201065, 2.4794447422, 2.02997159958, 1.30206155777, 0.820130765438, 0.406047910452, 0.170709699392, 0.0435309894383, 0.0053394054994, 0.000335336168064, 5.89426708757e-05]}, "spectral_energy": {"dmean": 0.00913105532527, "dmean2": 0.0148203382269, "max": 0.0985227972269, "dvar": 8.56392798596e-05, "mean": 0.0338271744549, "dvar2": 0.000216965941945, "min": 1.29569706075e-08, "var": 0.000200833965209, "median": 0.0339400991797}, "zerocrossingrate": {"dmean": 0.00984539929777, "dmean2": 0.0121310986578, "max": 0.27294921875, "dvar": 0.000134154543048, "mean": 0.0705634281039, "dvar2": 0.000185748882359, "min": 0.0068359375, "var": 0.000736239540856, "median": 0.0673828125}, "spectral_energyband_high": {"dmean": 0.000462865398731, "dmean2": 0.000705671438482, "max": 0.0163111910224, "dvar": 1.16609510314e-06, "mean": 0.00122286949772, "dvar2": 2.47744173976e-06, "min": 1.65858188295e-10, "var": 2