{"metadata": {"audio_properties": {"downmix": "mix", "bit_rate": 0, "lossless": true, "md5_encoded": "62f7b0599e7c4e23860647f440bae18d", "analysis_sample_rate": 44100, "sample_rate": 44100, "replay_gain": -10.1157112122, "equal_loudness": 0, "codec": "flac", "length": 224.946670532}, "tags": {"releasestatus": ["official"], "lyricist": ["Richard Hawley"], "musicbrainz_albumid": ["597f4018-8dca-4460-bb51-e5fd753247c8"], "musicbrainz_recordingid": ["f2ec2d70-25d2-4429-b60d-c897280ceb54"], "tracknumber": ["7"], "artist": ["Richard Hawley"], "acoustid_id": ["fe8f2080-5b6f-4f04-bd8a-0c63dd32f5d0"], "composer": ["Richard Hawley"], "barcode": ["0094633510005"], "musicbrainz_discid": ["H1LhyctdX005MYqK_WLq2ZGuyu8-", "kX4uSykqjSiHB2_SPpXKIflUBHA-", "mqbD5DOpkQcPtyApj6Cw0uiIL1o-"], "originaldate": ["2005-09-05"], "albumartist": ["Richard Hawley"], "asin": ["B000AMSJQK"], "releasetype": ["album"], "isrc": ["GBAJH0501014"], "media": ["CD"], "grouping": ["Rock"], "language": ["eng"], "file_name": "1-07 I Sleep Alone.flac", "musicbrainz_workid": ["9f50d325-2b45-46ff-9d20-ffe76201854a"], "bpm": ["119.1"], "tracktotal": ["11"], "musicbrainz_artistid": ["006f0783-c5a0-458b-a9da-f8551f7ebe77"], "catalognumber": ["CDSTUMM251"], "albumartistsort": ["Hawley, Richard"], "musicbrainz_releasetrackid": ["89e10b96-9d43-3407-a671-bee968af2995"], "script": ["Latn"], "label": ["Mute"], "releasecountry": ["GB"], "work": ["I Sleep Alone"], "album": ["Coles Corner"], "date": ["2005-09-05"], "title": ["I Sleep Alone"], "musicbrainz_albumartistid": ["006f0783-c5a0-458b-a9da-f8551f7ebe77"], "discnumber": ["1"], "artistsort": ["Hawley, Richard"], "disctotal": ["1"], "acoustid_fingerprint": ["AQADtIkmJkkS5egh4lD4Iwyz6-jhz0KbBzyaB9UT_WD2ocn1IB_0pPlRX2ie7LiP60GtIxWHszG-Hn10_MigI9dxHpeuCD_Rw6pWlIzwhQ8i8UbCZyn2B96DMgfHLWqIHz_OWziSJU3CDZHeB49a4j3KBxWFX0NlBs0pXMTQVD_C95BDMIaluEePfdAZEyE5ddjCksFzeFqGHz6e1LhjpD90I3_wM3iO_djxiAWPHztsRQitQ_sRhg_65WiKf0KVdcePUIf-4DjRs8RP1BbR6EEoV0D4aDj644X6BY0u1E2kCNXhH9rRZxaavMKP8xu0H40_5JmFvmGEHn0zOEc3T8iD04H-413Q8-iRD32Yoslx5Cse6K_wCaE-WGODyg2ON7hQ6ywu4fAjVJZQZTv8SEfvDD96JNl1IRazqGg0HW9y_EuE8xiZMEGtxPiD6rgUTsF3XPyRH1qE8ENlXHgvvGEMVzmMPguN88Nv4ahaEU2_FaWPT8hHJLsU4dOGS4k-rFO-4AfroUyEPKmQsC6qRwvGXMLz4BRKBlN4sAwHPRMmr8Y9TsHP6Rh1o2EcPMKPv8edodmJcMoh7RENljTqzZjyGP-G5jlq5Xh39Ezh78B_5EeO4_CHGxWP28GPHk13fOnw5PhydN_hEZMcQftEw5dweGSGsHwUXHqxa2hqHeGe48qPT2Eg5wjThkfl6Xi4BT_-CO2FoPuh2YGp0PhxHv0Dndh59GlgBhcRPsTe47jwHKdQp8GUS-gjmIuuIPRRJxD_4nkkNPkSsD--4yr668hUSRzO4rzQVWaQ60GrrCPEr_iRMuibD__CFLGkfHiKpj964kkS7HigXFmOj1SGn_CPZzlxsoe67Dh1xL6IXvCFqSoRNoV4lfCPPlfw4ke_GO6Ga8GlQ2vEFM-DK3rwI0eP5jlOH2_Q5EfXo3IWozm-azieBVNDBel6JPXh5NlQ5_iJC_UHOzmSiVKNULnR_MHJSMGz4TrKE00qB4lLxA_-4sbP4EpSlFIOv0GPZHqIfIfT67i0VLjQCz8eNPeRTNGD-Frw40QvnCWSqFEYI9SHJsGPPnATC_WGMFegXUfsrBmuvMc_TFSzEM1D3GyGH9UN6jqYHf-HWNah_ZjCRMMZ5ETzo--RU6rwHj0P59D1CJ3Ioi_MQTuPHg9XOP9wZfjw4ST0HD8uVdB5zIcTV1Lx73iUMIKP8oOeJHzw4htcYfwFmU1xXQ3as3D0Iz_yLD1KHT384ZpMiPnxGbUm_OgPLV9xPcEvSjhdxEctHv6koW-Pazh-_Kj0D66YIt8JZcyiiyh_1DvROHlwNsmh7UOYCF-uxGDv4QjRQ4o-4l42BWlOgVd-fC1e5WB_FGdOxPqL-yHU7egP0cQlhegz4Ud-J8jJhAqa6oeUhzhiST3ehQqqpOtw7aCO8McJzZZhbjq2O-hZfBd6NB2j49ByBR-c3An64c-R_3gdIbQymGMuaKeOHz--_MiRN2hG-tAqHaUQ5sSDKzlxxCdSNcdJlHnwPMaPF_7RJ-yREzrCJ0dza3iPMzoaI_l0pPqI41qPiw_ODadFNMfNF1cWhBF_aDpy41eOj5fxreh0uIaPb1mRPiOqc_gDHXIZNDWqBn2Ob8QjWJ0s2KUE7fisHLUSHT559Ax-HT_U4zreoMfDQ5-C-vhwPD6uB1YT5I-GHy8bHKWOxkkm5DoeD_qPwz6-XcFfhBl3XEmOcKWFi6h4ND_OTtC-o_nx44tGFk1PhD_eILdw1kY-zcLxB2GOarzxhIQuER-O7nAoBtdx52itSfhx6sNpaOIFZ8cZoz-Rt8MjvMGJH0017ah3PK6CmgqHfIf4EnFQOcvxHX_wUzgT1EqEJj_i_JjyQHtmPBEzfEeOPhe20DnCnQ1-FqiomdDyzMcDLfsRmhJ-PEdDhTF69IeppqiPfByST2hyoRsb4b2W4Law53hiIS2Sr_jzGK9kNBF39Dqe5MIlHs-ISOFiaJ2UjEbMxvjxkUSZ5Wj-Ef9xVH_hHynHhIK27QjVwzV6ybi4CSUPm8c3IzZ0dP3xzEJvwm8F_YXxo03wB_k8NEdIEWdQSkLzTdBzDb-ESRecvKBulGjHo9lT48cFPvjxQ-kZlBs1OD_yKEdIom9kHKquBT9iPFpyvPiLNN_R5dDFDpWGtMczfBl6L8dzvC5-C_uPv2jSMEWvI8-P5tkFzeJB90LTZA_-DFp04T--5MM-J9Ay6sDFKMEY3UXIPnjA2IuWIsS3Y2jqDBoq_kglhRZCb8HFC-XhK2h5Qj--Cg3notSO6mjqHM8oo1H4BZp4PDvyHr3RrAtRTQ8aTceTB9_Q6Ecod7gyfMJv-B3-WcGnCz9qH0b1Fs9yxPvxYr2EynAdI7Xm4j70p3iUQ8_x5MGz6mB0BM8To306fEcf5FnAbR-hJYlGo8-FHNfx98OOvkXqBuoX-NGERxm040mKJi_6M7jwH23EFE0cY9Whh8SZKvgrxZguvDge0fDHoWcY_Pg1nMb1416COoXro2fx46lSvMdz1A58Dv2DO7ug4yeeo40uw0qXI9Qn5MejQN_hCj_OI0ePKXGOOSO68MEfER-OJzT8A2GEAQRwoZwAAEABlACAAQCMAAZAQQAzGAIjgJHAACKAgQ4oJkAwSAhhBHRAggOIAAIJZQBJBgEDCWCAKScMcM4Ip5AgRAnAlFEEdAEcFGAJ84gCTAkjEADKCSU0UJQpIqgQEgCDJTPAKmc5oSYhwZRhBBkBCBIUCACKMQAYQxVEABCEkEAeCMaEAwgAggyjgAECBBACEQEMwUoZRAQCCjghgCAEKWOpsFYhoIlTCAAGDDUFAAIIQEAoYRijBEAkhCPMKYGJQEw4YLjwgGBAgQOGAWYYEQY4JgQiyAJChADGCKbIAIYYQBghAgllKBCICCEZIgoJQA0BhkoAmEAIGJOAUtQZhAgHSBBBjFLOUKKUYJYoAwwCiBOEEABAIKUlQ1BYgYAgQBEAiBRIUUKEEIYJgQAzhAiCiBEECWMIMpRAxhARxAIAGHEAWKQEEIAAJZRAmgpgnCLCCEaAEAgIISgHQkABBCFCEAIUMUA4QoQCwhBjlGBECIGEAUhwQoAQRGlkkABEEKGEEcQoYYgFBjhAAFECI-GAEQIJBygUVBriGGIQAQSERIAYYQgRgjBAEHBMA4GIEBMIQIRjACDFEBcAeAWUAYIBgwTzRCnJjDEMEwCcUlQQ0I2hRAmHBEDEGKCkMEQRoAAWUkgrkUBCUCQhAEUZxCgBRBjCCFAeCeAQUsQAhgAzxDBigLCCEKOAAAQIICggyACoCYAOGQCQEQgCA4QQFBFCmFJCAQIY4sIgYgBBRiBqhBNAOAQAZVgh4BxRxgKBpOJMAWOEIECZI4ABChkACDHUCEGBAUYIIZAixCAgiADAEGCEEUgBYBhxAgEhCHAGSkaIcdQgpRRhxhCAFAIAAGGUAcAKIDhEQgoHhFIEMMUIcAIpIACCiAhgFETGQEMAOABgw4CQyhohoAEOCgcAIMBSIZAiggClgkPUECCcAZIJqLQ1yCGGFDAA"], "musicbrainz_releasegroupid": ["c16b9d8e-60e5-3947-a13f-cb9233138510"], "totaldiscs": ["1"], "genre": ["Alternative Rock"]}, "version": {"essentia_build_sha": "70f2e5ece6736b2c40cc944ad0e695b16b925413", "essentia_git_sha": "v2.1_beta2", "extractor": "music 1.0", "essentia": "2.1-beta2"}}, "tonal": {"chords_scale": "major", "hpcp": {"dmean": [0.121842235327, 0.103174783289, 0.0723657682538, 0.0683956667781, 0.0905420854688, 0.126577809453, 0.127134039998, 0.152394533157, 0.164333194494, 0.121756024659, 0.114952020347, 0.0824667587876, 0.0733218118548, 0.0780738964677, 0.125096291304, 0.161891549826, 0.136702746153, 0.0807458981872, 0.0519606731832, 0.0589155629277, 0.076215557754, 0.0805018618703, 0.0777313038707, 0.0808292552829, 0.0693294107914, 0.0538816824555, 0.0612954832613, 0.0784003585577, 0.107936449349, 0.168299198151, 0.187265202403, 0.18389941752, 0.101965479553, 0.0878042504191, 0.105209045112, 0.12201217562], "dvar2": [0.124428667128, 0.10647264868, 0.0863679796457, 0.0884023755789, 0.106065668166, 0.133146554232, 0.119489759207, 0.134474381804, 0.148296952248, 0.108652636409, 0.0989724248648, 0.0902270153165, 0.0848127007484, 0.0817950516939, 0.0862973257899, 0.101709023118, 0.0855510905385, 0.0719015747309, 0.0531739331782, 0.0535901635885, 0.0666789412498, 0.0600780025125, 0.0589210689068, 0.0673872902989, 0.0604368038476, 0.0462688431144, 0.0475513637066, 0.0646180212498, 0.0888795182109, 0.107252091169, 0.118880972266, 0.102988250554, 0.0772838592529, 0.0990374982357, 0.124334722757, 0.13325971365], "mean": [0.152830690145, 0.110102698207, 0.0540553480387, 0.046141512692, 0.064064770937, 0.136725947261, 0.203310340643, 0.17295782268, 0.199997574091, 0.243219837546, 0.144682779908, 0.0602699257433, 0.0543381050229, 0.0662554651499, 0.147699847817, 0.258581608534, 0.197192803025, 0.0694605782628, 0.040942594409, 0.0559748373926, 0.105686634779, 0.130721867085, 0.0956067070365, 0.090504899621, 0.0929273888469, 0.0580461025238, 0.0626589655876, 0.090549223125, 0.0964193493128, 0.223265260458, 0.429914951324, 0.316045701504, 0.0909469723701, 0.0633242726326, 0.0782064720988, 0.119336463511], "var": [0.0677510499954, 0.0388937629759, 0.0208583399653, 0.0211233440787, 0.0270802602172, 0.0615131817758, 0.109894096851, 0.0689695179462, 0.0771782621741, 0.130416423082, 0.0550637878478, 0.0234849546105, 0.0244106352329, 0.0300937797874, 0.0453784130514, 0.0817551836371, 0.0547903217375, 0.0214160010219, 0.0146085172892, 0.0219050459564, 0.0507143773139, 0.0626398772001, 0.0328659936786, 0.0396312586963, 0.0505704507232, 0.0228942725807, 0.0177678558975, 0.0280258823186, 0.0286243259907, 0.0542799681425, 0.137069135904, 0.0879392698407, 0.0242073237896, 0.0266073197126, 0.0357721112669, 0.050810944289], "dmean2": [0.217791691422, 0.184343487024, 0.13421228528, 0.12808778882, 0.16731955111, 0.224618926644, 0.221716031432, 0.267714887857, 0.28905415535, 0.208940401673, 0.198210433125, 0.152784466743, 0.13577273488, 0.141796350479, 0.214563339949, 0.270018905401, 0.228867769241, 0.14549612999, 0.0943376719952, 0.104091070592, 0.132011964917, 0.136226803064, 0.133992016315, 0.143316730857, 0.124437689781, 0.0958148241043, 0.110381729901, 0.138220220804, 0.196283847094, 0.29278331995, 0.31417670846, 0.300991803408, 0.181884810328, 0.163219407201, 0.194126710296, 0.223146930337], "dvar": [0.0460112653673, 0.0381127148867, 0.0302750915289, 0.0313871502876, 0.0378053039312, 0.049348924309, 0.0510454624891, 0.0497459881008, 0.0537867918611, 0.0467715635896, 0.0372562818229, 0.0323669724166, 0.0310068931431, 0.0301457066089, 0.0322747528553, 0.0415539368987, 0.0329697430134, 0.0255465768278, 0.018953487277, 0.0206409674138, 0.0263492912054, 0.0240968149155, 0.0217744484544, 0.0252180434763, 0.0229373313487, 0.0170219168067, 0.0165868233889, 0.0234006121755, 0.0313991308212, 0.0382181368768, 0.050077714026, 0.0404921993613, 0.0277618635446, 0.0351887531579, 0.0455297455192, 0.0482943020761], "min": [0, 0, 0, 0, 0, 0, 0, 0, 0, 0, 0, 0, 0, 0, 0, 0, 0, 0, 0, 0, 0, 0, 0, 0, 0, 0, 0, 0, 0, 0, 0, 0, 0, 0, 0, 0], "median": [0.0328718312085, 0.0261782612652, 0.00870864465833, 0.00403561349958, 0.00537973409519, 0.0175771769136, 0.0316654480994, 0.0417418256402, 0.0473175905645, 0.0316141135991, 0.0212331600487, 0.00844722054899, 0.00542326038703, 0.00698411324993, 0.0564651414752, 0.141354873776, 0.102440416813, 0.0182692557573, 0.00651122862473, 0.00776575924829, 0.013475398533, 0.0202942416072, 0.0220415201038, 0.010859047994, 0.00662469910458, 0.00678188772872, 0.0127106551081, 0.0180325489491, 0.0235264226794, 0.143257275224, 0.308353692293, 0.214816749096, 0.0343009233475, 0.00613491469994, 0.00695887394249, 0.0157025698572], "max": [1, 1, 1, 1, 1, 1, 1, 1, 1, 1, 1, 1, 1, 1, 1, 1, 1, 1, 1, 1, 1, 1, 1, 1, 1, 1, 1, 1, 1, 1, 1, 1, 1, 1, 1, 1]}, "tuning_equal_tempered_deviation": 0.0811450183392, "chords_key": "G", "chords_strength": {"dmean": 0.00842829514295, "dvar2": 0.000881717598531, "mean": 0.573579311371, "var": 0.00997553765774, "dmean2": 0.00819839723408, "dvar": 0.000474298954941, "min": -1, "median": 0.588052332401, "max": 0.742289423943}, "tuning_diatonic_strength": 0.644092559814, "thpcp": [1, 0.735135376453, 0.211546421051, 0.14729487896, 0.181911498308, 0.277581572533, 0.355490535498, 0.256103426218, 0.125734984875, 0.107327073812, 0.149017319083, 0.318030208349, 0.47290828824, 0.402307063341, 0.465202659369, 0.565739452839, 0.336538136005, 0.140190348029, 0.126392692327, 0.154112964869, 0.343555957079, 0.601471543312, 0.458678632975, 0.161568179727, 0.0952341705561, 0.130199790001, 0.245831489563, 0.30406448245, 0.222385168076, 0.210518151522, 0.216152966022, 0.135017648339, 0.145747348666, 0.210621252656, 0.224275410175, 0.519324243069], "chords_histogram": [16.2022705078, 0, 60.887512207, 0.619195044041, 6.3777089119, 0.0412796698511, 0.227038189769, 0, 0.288957685232, 0.412796705961, 0.0206398349255, 0.0825593397021, 0.061919502914, 0.061919502914, 0, 0, 0.0412796698511, 0.495356023312, 0, 2.82765746117, 0, 5.20123815536, 1.44478845596, 4.70588254929], "tuning_nontempered_energy_ratio": 0.754289031029, "tuning_frequency": 439.491973877, "key_strength": 0.870030105114, "chords_changes_rate": 0.0315789468586, "key_scale": "major", "hpcp_entropy": {"dmean": 0.588316202164, "dvar2": 0.655728042126, "mean": 2.07268977165, "var": 0.495082885027, "dmean2": 0.983374238014, "dvar": 0.237506389618, "min": 0, "median": 2.10562801361, "max": 4.19443941116}, "key_key": "C", "chords_number_rate": 0.00144478841685}, "lowlevel": {"melbands_skewness": {"dmean": 0.720181524754, "dvar2": 1.44583809376, "mean": 3.15219068527, "var": 1.73043382168, "dmean2": 1.1363915205, "dvar": 0.592905938625, "min": -0.480137437582, "median": 3.08581209183, "max": 10.6346158981}, "melbands_kurtosis": {"dmean": 8.46280002594, "dvar2": 425.362213135, "mean": 20.5275402069, "var": 273.296051025, "dmean2": 13.7454204559, "dvar": 162.582092285, "min": -1.84179520607, "median": 17.0022087097, "max": 203.687805176}, "barkbands_kurtosis": {"dmean": 4.61257839203, "dvar2": 114.007781982, "mean": 10.9113769531, "var": 85.084312439, "dmean2": 7.50503730774, "dvar": 43.638507843, "min": -1.95361590385, "median": 9.05444717407, "max": 124.694877625}, "hfc": {"dmean": 3.37432193756, "dvar2": 46.1726722717, "mean": 11.9220762253, "var": 118.750244141, "dmean2": 4.98002529144, "dvar": 22.9257030487, "min": 1.15597630336e-16, "median": 8.91564083099, "max": 92.1139755249}, "silence_rate_20dB": {"dmean": 0, "dvar2": 0, "mean": 1, "var": 0, "dmean2": 0, "dvar": 0, "min": 1, "median": 1, "max": 1}, "erbbands_flatness_db": {"dmean": 0.0197520982474, "dvar2": 0.000561276916414, "mean": 0.157893583179, "var": 0.0023140036501, "dmean2": 0.0268717184663, "dvar": 0.000295159581583, "min": 0.0193691011518, "median": 0.155267193913, "max": 0.362042486668}, "spectral_flux": {"dmean": 0.0258215330541, "dvar2": 0.00274390610866, "mean": 0.0776837989688, "var": 0.00311195920222, "dmean2": 0.0416158623993, "dvar": 0.00132742780261, "min": 6.54430051816e-11, "median": 0.0689263418317, "max": 0.367643892765}, "spectral_energyband_low": {"dmean": 0.00998232606798, "dvar2": 0.00110836862586, "mean": 0.0156564507633, "var": 0.000400146760512, "dmean2": 0.0171217210591, "dvar": 0.000403075857321, "min": 3.40403767349e-23, "median": 0.0105848219246, "max": 0.201574534178}, "spectral_rolloff": {"dmean": 174.51663208, "dvar2": 547886.8125, "mean": 689.952819824, "var": 2536545.5, "dmean2": 294.475341797, "dvar": 246790.71875, "min": 86.1328125, "median": 409.130859375, "max": 21920.8007812}, "spectral_entropy": {"dmean": 0.202505737543, "dvar2": 0.0726468935609, "mean": 7.20555114746, "var": 0.194841727614, "dmean2": 0.292082905769, "dvar": 0.037718065083, "min": 5.64653635025, "median": 7.17961072922, "max": 9.81519412994}, "spectral_energy": {"dmean": 0.0123479729518, "dvar2": 0.0011397600174, "mean": 0.0336534567177, "var": 0.000814690603875, "dmean2": 0.0205642227083, "dvar": 0.000422071811045, "min": 1.05018390127e-20, "median": 0.0273572802544, "max": 0.211914479733}, "spectral_centroid": {"dmean": 139.368713379, "dvar2": 85711.3984375, "mean": 709.796264648, "var": 298617.40625, "dmean2": 214.344940186, "dvar": 45303.7226562, "min": 225.236541748, "median": 574.983947754, "max": 11387.9326172}, "barkbands_flatness_db": {"dmean": 0.0241841357201, "dvar2": 0.00111323781312, "mean": 0.173043861985, "var": 0.00217864965089, "dmean2": 0.0368540920317, "dvar": 0.000490773760248, "min": 0.0366918556392, "median": 0.174923688173, "max": 0.329181134701}, "spectral_rms": {"dmean": 0.00090526312124, "dvar2": 3.79774405701e-06, "mean": 0.00509859528393, "var": 6.83701637172e-06, "dmean2": 0.00146764318924, "dvar": 1.47641242165e-06, "min": 3.20088985699e-12, "median": 0.00516623957083, "max": 0.0143786594272}, "melbands": {"dmean": [0.00156801112462, 0.00191881146748, 0.00107706349809, 0.000477127847262, 0.000492681167088, 0.00042370983283, 0.000249733566307, 7.17539151083e-05, 8.40827779029e-05, 5.36539118912e-05, 3.49778965756e-05, 1.94007407117e-05, 1.71582742041e-05, 1.82245184988e-05, 1.14451777335e-05, 7.2481107054e-06, 6.94306754667e-06, 6.79268532622e-06, 6.83862026563e-06, 4.76436616736e-06, 3.73368266082e-06, 5.45290276932e-06, 3.74887258658e-06, 2.14163947021e-06, 2.10318603422e-06, 2.61480749941e-06, 2.06981621886e-06, 1.68475946793e-06, 1.10346638849e-06, 8.78550793004e-07, 8.95218136066e-07, 7.00096620676e-07, 5.0933743978e-07, 4.58029774109e-07, 3.63237859347e-07, 3.35358123493e-07, 3.92454381881e-07, 3.98167003368e-07, 2.3396434301e-07, 2.21095575625e-07], "dvar2": [5.2958199376e-05, 4.24771642429e-05, 5.27398560735e-06, 1.23821519082e-06, 1.51117785663e-06, 1.22189305785e-06, 4.54784895965e-07, 8.36606943722e-08, 7.87860159335e-08, 5.10648519025e-08, 2.45854963055e-08, 5.520046642e-09, 5.88897375309e-09, 5.24050181028e-09, 2.25998930681e-09, 1.04865727213e-09, 5.60013979634e-10, 6.85021539493e-10, 4.66045646519e-10, 3.45829004322e-10, 1.32338320857e-10, 3.30350913291e-10, 1.8133913815e-10, 4.41266606588e-11, 2.56431959e-10, 3.807427984e-10, 2.8059371493e-10, 2.650100972e-10, 4.73230447884e-11, 1.32524824448e-11, 1.23441317931e-11, 5.01359327318e-12, 2.35956978782e-12, 1.92689050479e-12, 1.96937128064e-12, 1.86262875783e-12, 3.05480055314e-12, 2.63612222329e-12, 9.80819483791e-13, 7.41032615045e-13], "mean": [0.0016120163491, 0.00288283452392, 0.00234718481079, 0.00102637801319, 0.000978125957772, 0.000978191033937, 0.000613337091636, 0.000150357678649, 0.000185557219083, 0.000121166529425, 7.8837867477e-05, 4.19010793848e-05, 3.57030658051e-05, 3.60127087333e-05, 2.44180191658e-05, 1.45463773151e-05, 1.43744973684e-05, 1.40416077556e-05, 1.33476250994e-05, 9.36023297982e-06, 7.44455473978e-06, 1.08227795863e-05, 7.40376572139e-06, 4.07110064771e-06, 3.51179528479e-06, 4.12676354244e-06, 3.01875707009e-06, 2.2703097784e-06, 1.72779357399e-06, 1.4234919945e-06, 1.35722575578e-06, 1.09950201477e-06, 7.92605646893e-07, 6.44125634608e-07, 4.67520123948e-07, 4.57149667454e-07, 5.50932554688e-07, 5.43150520116e-07, 2.98767957929e-07, 2.30640125665e-07], "var": [1.40023112181e-05, 1.43446231959e-05, 6.62271122565e-06, 1.39559153922e-06, 1.38102882374e-06, 1.37642814479e-06, 8.00352154329e-07, 1.64429664551e-07, 1.84518768265e-07, 1.28347934947e-07, 8.24989641046e-08, 1.00731654129e-08, 1.06109050435e-08, 7.67584129591e-09, 5.31195620823e-09, 1.8821673109e-09, 1.05144848384e-09, 1.23741239477e-09, 6.06187600116e-10, 2.90495488775e-10, 1.47572565279e-10, 3.90480869861e-10, 1.51753359878e-10, 3.44318462631e-11, 1.110817896e-10, 2.19058798878e-10, 1.73303690842e-10, 1.73811770532e-10, 3.68025748765e-11, 1.44369446953e-11, 1.02909989558e-11, 4.86754603637e-12, 2.07627556641e-12, 1.37111372603e-12, 1.41489576132e-12, 1.88527947594e-12, 3.09010803057e-12, 2.97027159812e-12, 1.00634528922e-12, 3.90593346512e-13], "dmean2": [0.0027854568325, 0.00331069738604, 0.00174552353565, 0.00077516247984, 0.00079098099377, 0.000687299529091, 0.000379171659006, 0.000107653766463, 0.000119484859169, 7.9348727013e-05, 5.17820189998e-05, 2.97846563626e-05, 2.6422449082e-05, 2.76150658465e-05, 1.72528889379e-05, 1.09458915176e-05, 1.07710420707e-05, 1.0604138879e-05, 1.08920430648e-05, 7.47878675611e-06, 5.94021821598e-06, 8.66390200827e-06, 6.06900766797e-06, 3.48934918293e-06, 3.35934896611e-06, 4.12903000324e-06, 3.20964227285e-06, 2.57310898633e-06, 1.68135284184e-06, 1.34349977543e-06, 1.40138854476e-06, 1.06523907561e-06, 7.68740790136e-07, 6.83150574332e-07, 5.5279008393e-07, 4.98157078255e-07, 5.77962509851e-07, 5.7954133581e-07, 3.452709052e-07, 3.46473967738e-07], "dvar": [1.8829583496e-05, 1.50667501657e-05, 2.08924507206e-06, 4.69289091143e-07, 5.84537133363e-07, 4.35898243722e-07, 2.00212824097e-07, 4.35838707347e-08, 4.35511076091e-08, 2.70889941589e-08, 1.4302180773e-08, 2.50450282735e-09, 2.64755795065e-09, 2.34661357013e-09, 1.08777375996e-09, 5.15441911375e-10, 2.5961535699e-10, 3.10002828963e-10, 1.95402388714e-10, 1.36230152159e-10, 5.55210287467e-11, 1.44316059103e-10, 6.95037777332e-11, 1.76444327898e-11, 9.93062646004e-11, 1.63581648227e-10, 1.30064389814e-10, 1.2741419031e-10, 2.19524259881e-11, 6.49462081337e-12, 5.30685087888e-12, 2.26424413073e-12, 1.06122521795e-12, 8.69098087768e-13, 8.76715366971e-13, 9.12523745802e-13, 1.4993199824e-12, 1.35766062021e-12, 5.04951224063e-13, 3.19775185064e-13], "min": [3.31738966498e-24, 2.75028781541e-24, 1.00472401446e-23, 3.47292305877e-24, 2.66489618621e-24, 5.81170316069e-24, 9.43692765013e-24, 2.37237078534e-24, 3.12052548178e-24, 4.02364815595e-24, 3.91522159111e-24, 2.09733383909e-24, 4.54276320223e-24, 3.74511990855e-24, 3.05878981898e-24, 3.35943279578e-24, 4.93375461572e-24, 3.63974939086e-24, 3.76350431195e-24, 4.81703870049e-24, 4.44001525262e-24, 6.26722773497e-24, 6.68630299112e-24, 4.84080431855e-24, 6.47397792304e-24, 5.99786526242e-24, 5.71964072647e-24, 5.49684352987e-24, 8.11414280729e-24, 8.57684364922e-24, 5.36199683002e-24, 8.74701199053e-24, 6.51364027163e-24, 7.32842866822e-24, 4.95537098225e-24, 8.29075693106e-24, 7.60828969612e-24, 8.83922588605e-24, 8.0679628899e-24, 9.43166042587e-24], "median": [0.000651017820928, 0.00189300766215, 0.00157138495706, 0.00065768341301, 0.00060566427419, 0.000597017176915, 0.000340222439263, 4.0709724999e-05, 6.69531218591e-05, 2.75296970358e-05, 2.88537794404e-05, 1.50922442117e-05, 8.57756913319e-06, 1.41391328725e-05, 9.16959652386e-06, 4.41122347183e-06, 5.404591775e-06, 4.99271982335e-06, 5.54236066819e-06, 3.76349476028e-06, 3.02033777189e-06, 3.57094836545e-06, 3.02832449961e-06, 2.12215491047e-06, 1.34215429171e-06, 1.31265323944e-06, 8.52382981975e-07, 5.60156991014e-07, 5.86768464927e-07, 4.80464734665e-07, 3.93170523694e-07, 3.25170788074e-07, 2.46594169084e-07, 2.15490970845e-07, 1.18835394858e-07, 1.00492393074e-07, 1.23131130181e-07, 1.19966401257e-07, 5.60406867578e-08, 3.72503130563e-08], "max": [0.0408306457102, 0.0414770469069, 0.0225658863783, 0.0138562703505, 0.0140829244629, 0.0118049914017, 0.0127543127164, 0.00604132050648, 0.00699574826285, 0.00597071787342, 0.011328051798, 0.00163912551943, 0.00185176124796, 0.00210457015783, 0.00157145760022, 0.00111609476153, 0.000519633933436, 0.000704349251464, 0.000329469679855, 0.000487171229906, 0.00018573331181, 0.000284760433715, 0.000260051572695, 0.000153103639605, 0.000466700090328, 0.000588067516219, 0.000501172675285, 0.000589584000409, 0.000260959612206, 9.03163017938e-05, 6.28931811661e-05, 5.31518780917e-05, 2.09843128687e-05, 1.90199825738e-05, 2.52551053563e-05, 3.03374326904e-05, 4.62581701868e-05, 4.98153494846e-05, 2.84207089862e-05, 8.9784807642e-06]}, "barkbands_crest": {"dmean": 2.27557229996, "dvar2": 13.6873092651, "mean": 9.66402339935, "var": 9.15195178986, "dmean2": 3.81371498108, "dvar": 4.88927698135, "min": 3.3766515255, "median": 9.0918006897, "max": 24.0768032074}, "mfcc": {"icov": [[0.000114919115731, -0.000131936554681, -4.14253700001e-05, -0.000233975297306, 0.000308216403937, -0.000212060956983, -5.31435289304e-05, 2.930960909e-05, 2.15791351366e-05, -0.000201766117243, 0.000184420016012, -0.000205293865292, 8.70668663993e-05], [-0.000131936554681, 0.00115001725499, 0.000409277214203, -0.000338905258104, 5.58033170819e-05, -0.000190420236322, 0.00103808986023, -0.00111677462701, 0.000327080109855, 0.00039425608702, -2.07450157177e-05, 0.000220226793317, -9.73732312559e-05], [-4.14253700001e-05, 0.000409277214203, 0.00256927474402, -0.000633252493571, 0.000982858822681, -0.00236226199195, 0.000657244585454, -0.00100996962283, -0.000201189031941, 6.07305628364e-06, 9.17064753594e-05, 0.000121434044559, -0.00116550677922], [-0.000233975297306, -0.000338905258104, -0.000633252493571, 0.00660668639466, -0.00502208573744, -0.000258607033174, -0.00039116066182, 0.00107969727833, -0.000740096438676, -0.000675537332427, 0.000247004529228, -0.000758403039072, -0.000534965132829], [0.000308216403937, 5.58033170819e-05, 0.000982858822681, -0.00502208573744, 0.0115856388584, -0.00284166075289, -0.000220229791012, -0.00112196302507, 0.00188359257299, -0.00147422996815, 0.00203833449632, 0.000890673138201, -0.000888323469553], [-0.000212060956983, -0.000190420236322, -0.00236226199195, -0.000258607033174, -0.00284166075289, 0.0111802164465, -0.00366127537563, 0.00220348732546, -0.0034226255957, 0.00136682786979, -0.00298796594143, 0.000118833893794, 0.00122340826783], [-5.31435289304e-05, 0.00103808986023, 0.000657244585454, -0.00039116066182, -0.000220229791012, -0.00366127537563, 0.0162754356861, -0.0076535330154, 0.0038863166701, -0.00403143884614, 0.00157600373495, -0.00220518093556, 0.000371215282939], [2.930960909e-05, -0.00111677462701, -0.00100996962283, 0.00107969727833, -0.00112196302507, 0.00220348732546, -0.0076535330154, 0.017604470253, -0.00919633544981, 0.00239928625524, -0.00247818231583, -0.000687573803589, -0.00284234737046], [2.15791351366e-05, 0.000327080109855, -0.000201189031941, -0.000740096438676, 0.00188359257299, -0.0034226255957, 0.0038863166701, -0.00919633544981, 0.0220622103661, -0.00706203700975, 0.00132522615604, -0.00104348373134, 0.00111411989201], [-0.000201766117243, 0.00039425608702, 6.07305628364e-06, -0.000675537332427, -0.00147422996815, 0.00136682786979, -0.00403143884614, 0.00239928625524, -0.00706203700975, 0.0219038780779, -0.00834620278329, 0.00394190335646, -0.00068116147304], [0.000184420016012, -2.07450157177e-05, 9.17064753594e-05, 0.000247004529228, 0.00203833449632, -0.00298796594143, 0.00157600373495, -0.00247818231583, 0.00132522615604, -0.00834620278329, 0.0219331290573, -0.00996499322355, 0.00329757598229], [-0.000205293865292, 0.000220226793317, 0.000121434044559, -0.000758403039072, 0.000890673138201, 0.000118833893794, -0.00220518093556, -0.000687573803589, -0.00104348373134, 0.00394190335646, -0.00996499322355, 0.0252946857363, -0.0092704212293], [8.70668663993e-05, -9.73732312559e-05, -0.00116550677922, -0.000534965132829, -0.000888323469553, 0.00122340826783, 0.000371215282939, -0.00284234737046, 0.00111411989201, -0.00068116147304, 0.00329757598229, -0.0092704212293, 0.0223951078951]], "mean": [-696.384887695, 147.180435181, 16.2232570648, 30.7838783264, 8.83178424835, 1.36308777332, -6.90852403641, -1.21444892883, -4.80436849594, -5.27756404877, -4.44510030746, -1.25868439674, -3.20968556404], "cov": [[13197.9042969, 1474.58337402, 612.776855469, 624.83782959, -35.7927513123, 459.631286621, 118.818496704, 138.965896606, 147.410369873, 133.607223511, 55.8225364685, 145.079711914, 39.6230659485], [1474.58337402, 1199.8236084, -107.880203247, 102.609313965, 12.7142438889, 7.14171123505, -46.9022827148, 44.8897171021, 3.93490099907, -21.4556674957, -11.7714977264, 2.38752508163, 4.7828669548], [612.776855469, -107.880203247, 623.169616699, 99.0100631714, 10.6434049606, 169.259063721, 46.8856010437, 61.3648376465, 59.9380531311, 29.9249973297, 35.0773620605, 35.9480400085, 37.7762985229], [624.83782959, 102.609313965, 99.0100631714, 291.121276855, 121.890815735, 79.9315795898, 27.2482814789, 13.0747566223, 18.7045097351, 24.5378398895, 2.55872607231, 14.817243576, 17.3726577759], [-35.7927513123, 12.7142438889, 10.6434049606, 121.890815735, 154.703582764, 44.7738304138, 19.213350296, 5.17625808716, 0.157303437591, 11.4149427414, -8.2919883728, -2.69828057289, 8.13243198395], [459.631286621, 7.14171123505, 169.259063721, 79.9315795898, 44.7738304138, 171.282867432, 44.632434845, 26.6215744019, 35.9398994446, 23.1039218903, 27.6166267395, 18.6644687653, 6.59474086761], [118.818496704, -46.9022827148, 46.8856010437, 27.2482814789, 19.213350296, 44.632434845, 97.7010574341, 45.3428421021, 15.3918237686, 22.0405807495, 14.7563495636, 17.4478282928, 9.83873462677], [138.965896606, 44.8897171021, 61.3648376465, 13.0747566223, 5.17625808716, 26.6215744019, 45.3428421021, 106.578590393, 43.9162445068, 14.8296794891, 20.4888248444, 21.9160766602, 19.0085792542], [147.410369873, 3.93490099907, 59.9380531311, 18.7045097351, 0.157303437591, 35.9398994446, 15.3918237686, 43.9162445068, 75.1518249512, 26.4219493866, 16.941608429, 11.5510339737, 5.72363138199], [133.607223511, -21.4556674957, 29.9249973297, 24.5378398895, 11.4149427414, 23.1039218903, 22.0405807495, 14.8296794891, 26.4219493866, 67.6747131348, 27.0189304352, 5.30492448807, 1.1997590065], [55.8225364685, -11.7714977264, 35.0773620605, 2.55872607231, -8.2919883728, 27.6166267395, 14.7563495636, 20.4888248444, 16.941608429, 27.0189304352, 72.5482711792, 28.762512207, 3.33947205544], [145.079711914, 2.38752508163, 35.9480400085, 14.817243576, -2.69828057289, 18.6644687653, 17.4478282928, 21.9160766602, 11.5510339737, 5.30492448807, 28.762512207, 63.0408172607, 24.4840450287], [39.6230659485, 4.7828669548, 37.7762985229, 17.3726577759, 8.13243198395, 6.59474086761, 9.83873462677, 19.0085792542, 5.72363138199, 1.1997590065, 3.33947205544, 24.4840450287, 58.507270813]]}, "spectral_decrease": {"dmean": 3.21487148014e-09, "dvar2": 7.86895924105e-17, "mean": -8.63015880981e-09, "var": 5.44668026207e-17, "dmean2": 5.36375699411e-09, "dvar": 2.90936229745e-17, "min": -5.55919612566e-08, "median": -7.00129731968e-09, "max": 1.77007452838e-16}, "zerocrossingrate": {"dmean": 0.0077765644528, "dvar2": 0.00015679061471, "mean": 0.0380683988333, "var": 0.00272831600159, "dmean2": 0.00945875421166, "dvar": 0.000115738934255, "min": 0.00634765625, "median": 0.02880859375, "max": 0.77978515625}, "spectral_contrast_coeffs": {"dmean": [0.0484098084271, 0.0445657558739, 0.0315291136503, 0.0251484494656, 0.0183742046356, 0.0175674296916], "dvar2": [0.00410689692944, 0.00352299213409, 0.00164397270419, 0.00106209143996, 0.000561623601243, 0.000592951255385], "mean": [-0.614753484726, -0.680824041367, -0.789489448071, -0.806040644646, -0.813740432262, -0.781158328056], "var": [0.00745030166581, 0.00671587372199, 0.00291802897118, 0.00173197803088, 0.00113209534902, 0.00131871271878], "dmean2": [0.0802826806903, 0.0733175501227, 0.0511133186519, 0.0413814671338, 0.0299162212759, 0.0280341617763], "dvar": [0.00153865781613, 0.00130240432918, 0.000632711395156, 0.000404327234719, 0.000233642800595, 0.000241953341174], "min": [-0.970900118351, -0.971975207329, -0.965891420841, -0.967364549637, -0.9644998312, -0.962760806084], "median": [-0.616469502449, -0.678431630135, -0.793645739555, -0.808464646339, -0.816957890987, -0.780738353729], "max": [-0.277265936136, -0.396515220404, -0.555853366852, -0.638129711151, -0.605816245079, -0.599980771542]}, "spectral_skewness": {"dmean": 0.262771546841, "dvar2": 0.14830057323, "mean": 1.9390027523, "var": 0.236789390445, "dmean2": 0.416103333235, "dvar": 0.0589237809181, "min": -0.050184994936, "median": 1.91594743729, "max": 4.89717483521}, "spectral_energyband_middle_high": {"dmean": 0.000555706617888, "dvar2": 2.26916017709e-06, "mean": 0.00190193019807, "var": 7.31692443878e-06, "dmean2": 0.000796210719272, "dvar": 1.16319779409e-06, "min": 1.16465030958e-21, "median": 0.000981906312518, "max": 0.0544784702361}, "gfcc": {"icov": [[0.000152679989696, -0.000337483012117, 0.000245038507273, -0.000460920040496, 0.00059151626192, -0.00058500666637, 0.000386599305784, -0.000433121924289, 0.00075191934593, -0.000893796677701, 0.000509779667482, -0.000248012482189, 1.61747720995e-06], [-0.000337483012117, 0.00218583666719, -0.000170509520103, 0.00105543213431, -0.00106909719761, 0.000961303245276, -0.000941960723139, 0.00192687776871, -0.00362391583622, 0.00415145698935, -0.0022349935025, 0.00111567426939, -0.00085292046424], [0.000245038507273, -0.000170509520103, 0.00269167171791, -0.00142486509867, 0.00105891237035, -0.00298173353076, 0.00112897006329, -0.000521811656654, 0.000528518285137, -0.00162568339147, 0.00154579430819, -0.00179348152597, 0.000325433851685], [-0.000460920040496, 0.00105543213431, -0.00142486509867, 0.00563918286934, -0.00271638017148, -0.000493580300827, 0.000972880225163, 0.000754506851081, -0.00318554509431, 0.00259842490777, -0.00332578714006, 0.00243868189864, -0.00172532070428], [0.00059151626192, -0.00106909719761, 0.00105891237035, -0.00271638017148, 0.00774255162105, -0.00114127318375, 0.000171938649146, -0.00108302442823, 0.00187578366604, -0.00195087236352, 0.000926509674173, -0.00115534092765, -0.00162076915149], [-0.00058500666637, 0.000961303245276, -0.00298173353076, -0.000493580300827, -0.00114127318375, 0.01180981379, -0.00603662803769, 0.000307198759401, -0.000899906794075, 0.000296977872495, 0.00101485603955, -0.00124633323867, 0.00186872517224], [0.000386599305784, -0.000941960723139, 0.00112897006329, 0.000972880225163, 0.000171938649146, -0.00603662803769, 0.0144537175074, -0.00514055415988, -0.00175399414729, -4.72442516184e-05, -0.00221246760339, 0.00178612209857, -0.00120679219253], [-0.000433121924289, 0.00192687776871, -0.000521811656654, 0.000754506851081, -0.00108302442823, 0.000307198759401, -0.00514055415988, 0.0158809348941, -0.00643216446042, 0.00472812494263, -0.00145190034527, -0.00358733115718, 0.00180912390351], [0.00075191934593, -0.00362391583622, 0.000528518285137, -0.00318554509431, 0.00187578366604, -0.000899906794075, -0.00175399414729, -0.00643216446042, 0.0238462723792, -0.0132681736723, 0.00291702803224, -0.000718626542948, -0.00179096125066], [-0.000893796677701, 0.00415145698935, -0.00162568339147, 0.00259842490777, -0.00195087236352, 0.000296977872495, -4.72442516184e-05, 0.00472812494263, -0.0132681736723, 0.0288219954818, -0.00948436558247, 0.000498893845361, 0.00259520765394], [0.000509779667482, -0.0022349935025, 0.00154579430819, -0.00332578714006, 0.000926509674173, 0.00101485603955, -0.00221246760339, -0.00145190034527, 0.00291702803224, -0.00948436558247, 0.0218308959156, -0.00749876629561, -0.00219988916069], [-0.000248012482189, 0.00111567426939, -0.00179348152597, 0.00243868189864, -0.00115534092765, -0.00124633323867, 0.00178612209857, -0.00358733115718, -0.000718626542948, 0.000498893845361, -0.00749876629561, 0.0239823013544, -0.00642773834988], [1.61747720995e-06, -0.00085292046424, 0.000325433851685, -0.00172532070428, -0.00162076915149, 0.00186872517224, -0.00120679219253, 0.00180912390351, -0.00179096125066, 0.00259520765394, -0.00219988916069, -0.00642773834988, 0.0245629493147]], "mean": [-54.0772781372, 119.817848206, -92.387878418, 29.3557281494, -51.502746582, -1.36535859108, -41.7601470947, 1.56280350685, -23.2911472321, -0.757270216942, -15.4926128387, 1.41481399536, -10.4076576233], "cov": [[23437.4882812, 614.320678711, 830.138916016, 1180.82653809, -1061.9395752, 1190.26843262, -198.212265015, 250.076766968, -113.921936035, 350.227905273, -182.523254395, 116.539855957, -128.211196899], [614.320678711, 1149.9407959, -399.329711914, -84.4674758911, 63.2702713013, -156.085235596, 33.6749343872, -69.2575759888, 67.7178649902, -98.0350036621, 62.8210029602, -43.4453659058, 71.605506897], [830.138916016, -399.329711914, 959.919677734, 280.511383057, -63.6233024597, 345.739044189, 20.7537097931, 86.8121566772, 28.6763420105, 94.8846740723, -30.4350509644, 77.2199859619, -33.2642059326], [1180.82653809, -84.4674758911, 280.511383057, 389.156463623, 31.1269416809, 152.786437988, -2.97303366661, 36.9674911499, 32.5591506958, 44.2936668396, 21.1558055878, 23.106294632, 13.804022789], [-1061.9395752, 63.2702713013, -63.6233024597, 31.1269416809, 225.644744873, -44.9829216003, 21.3868331909, -4.56799840927, 19.4191074371, -16.1666717529, 29.492433548, 3.00276494026, 31.5458621979], [1190.26843262, -156.085235596, 345.739044189, 152.786437988, -44.9829216003, 281.32913208, 56.1013031006, 66.3131408691, 18.69556427, 53.448261261, -14.7851142883, 37.0794868469, -21.7513618469], [-198.212265015, 33.6749343872, 20.7537097931, -2.97303366661, 21.3868331909, 56.1013031006, 121.290252686, 46.022354126, 33.42578125, 4.97961902618, 19.2993164062, 8.66016483307, 6.31679868698], [250.076766968, -69.2575759888, 86.8121566772, 36.9674911499, -4.56799840927, 66.3131408691, 46.022354126, 106.10118866, 28.0550422668, 16.1526412964, 7.11006450653, 25.8287086487, -4.14015626907], [-113.921936035, 67.7178649902, 28.6763420105, 32.5591506958, 19.4191074371, 18.69556427, 33.42578125, 28.0550422668, 81.2280960083, 24.9066295624, 20.4348831177, 9.45237636566, 11.2956819534], [350.227905273, -98.0350036621, 94.8846740723, 44.2936668396, -16.1666717529, 53.448261261, 4.97961902618, 16.1526412964, 24.9066295624, 73.6347351074, 15.1862516403, 16.6656246185, -7.89384174347], [-182.523254395, 62.8210029602, -30.4350509644, 21.1558055878, 29.492433548, -14.7851142883, 19.2993164062, 7.11006450653, 20.4348831177, 15.1862516403, 76.6718215942, 20.5967693329, 19.72016716], [116.539855957, -43.4453659058, 77.2199859619, 23.106294632, 3.00276494026, 37.0794868469, 8.66016483307, 25.8287086487, 9.45237636566, 16.6656246185, 20.5967693329, 63.3196334839, 12.3267631531], [-128.211196899, 71.605506897, -33.2642059326, 13.804022789, 31.5458621979, -21.7513618469, 6.31679868698, -4.14015626907, 11.2956819534, -7.89384174347, 19.72016716, 12.3267631531, 55.618057251]]}, "erbbands_spread": {"dmean": 8.04620552063, "dvar2": 172.743438721, "mean": 36.8983268738, "var": 280.976074219, "dmean2": 11.8670825958, "dvar": 84.2100067139, "min": 5.21985960007, "median": 34.7348594666, "max": 130.375747681}, "erbbands_kurtosis": {"dmean": 1.12484657764, "dvar2": 4.69370365143, "mean": 1.34725344181, "var": 7.74710464478, "dmean2": 1.76459646225, "dvar": 2.0428814888, "min": -1.73533260822, "median": 0.539905548096, "max": 24.1627216339}, "dynamic_complexity": 5.29185819626, "erbbands_crest": {"dmean": 2.14730620384, "dvar2": 9.55484676361, "mean": 8.74066734314, "var": 11.8143930435, "dmean2": 3.41721749306, "dvar": 3.64990758896, "min": 2.30178809166, "median": 8.08166217804, "max": 26.6420269012}, "erbbands": {"dmean": [0.173509284854, 1.30378556252, 3.94352912903, 6.69441699982, 6.89271450043, 7.72569799423, 15.4911870956, 18.2910175323, 17.932012558, 6.89871549606, 10.2585277557, 8.8370923996, 7.021525383, 4.63800096512, 5.02702903748, 6.31242275238, 3.74772787094, 3.50409245491, 4.38220405579, 4.33979225159, 2.9263010025, 4.65615844727, 2.66237998009, 2.48498821259, 3.0274515152, 2.54693436623, 1.62951505184, 1.46658360958, 1.12211632729, 0.815498352051, 0.615692794323, 0.583648681641, 0.477242141962, 0.262619882822, 0.214646726847, 0.0953395143151, 0.0341716781259, 0.00390628352761, 0.000374631083105, 2.98159229715e-05], "dvar2": [0.651748180389, 34.4595718384, 146.594528198, 219.828994751, 223.188400269, 429.824493408, 1518.14685059, 2556.34301758, 2364.25366211, 785.762145996, 1265.94775391, 1403.72741699, 993.597473145, 315.009338379, 567.363647461, 508.337219238, 279.895019531, 137.148330688, 262.297180176, 200.269195557, 84.9218444824, 244.831039429, 62.3345985413, 282.357513428, 500.22076416, 524.018310547, 76.2194442749, 30.1689338684, 11.4734659195, 5.3856306076, 5.12920427322, 5.837038517, 3.56740760803, 0.944656908512, 0.814921498299, 0.134457349777, 0.0150298504159, 0.000198040492251, 1.83483450655e-06, 5.56245272065e-09], "mean": [0.175434499979, 1.40596067905, 6.31011390686, 13.2630462646, 14.2616834641, 15.7056102753, 29.776096344, 40.5601882935, 44.2769126892, 14.9820947647, 22.5692977905, 20.3925666809, 16.3575954437, 10.6606588364, 11.1396932602, 12.7136411667, 8.16986274719, 7.66128730774, 9.16261959076, 8.85478878021, 6.52112483978, 9.88997459412, 5.87384271622, 4.53364944458, 5.00927495956, 3.67768406868, 2.68507933617, 2.36598324776, 1.84280276299, 1.23476266861, 0.83373516798, 0.844232797623, 0.666890025139, 0.29814144969, 0.200209140778, 0.0925143659115, 0.0357549488544, 0.00380885461345, 0.000370415276848, 5.73959077883e-05], "var": [0.1793551296, 8.57083320618, 59.247844696, 241.95463562, 297.663238525, 378.662261963, 1431.9708252, 2729.46289062, 4073.4609375, 1404.38195801, 2772.53613281, 3249.5324707, 3420.64746094, 649.78704834, 998.910949707, 800.739318848, 625.901977539, 262.310668945, 475.701202393, 246.153137207, 113.350860596, 309.173614502, 61.3419036865, 141.272750854, 300.433898926, 383.318908691, 73.4012374878, 31.5170269012, 12.4311628342, 4.63221931458, 4.41221475601, 6.84234285355, 4.59190368652, 0.668490231037, 0.29753395915, 0.0552188009024, 0.00751043995842, 9.11854003789e-05, 7.98107350874e-07, 3.66529695484e-09], "dmean2": [0.307301402092, 2.32832956314, 6.72943925858, 11.0060901642, 10.882276535, 12.6696844101, 24.624830246, 29.9321708679, 27.2752685547, 10.3273229599, 14.4528264999, 13.0112857819, 10.3691387177, 7.03942537308, 7.72339677811, 9.6161441803, 5.6598482132, 5.39976644516, 6.89562749863, 6.72822856903, 4.56997251511, 7.38574886322, 4.2648730278, 3.9338684082, 4.70575475693, 3.84884786606, 2.43044710159, 2.23123240471, 1.67623817921, 1.19485747814, 0.914685606956, 0.