{"metadata": {"audio_properties": {"downmix": "mix", "bit_rate": 162646, "lossless": false, "md5_encoded": "8f0b5dcfd8680f86afce9db361e8084b", "analysis_sample_rate": 44100, "sample_rate": 44100, "replay_gain": -14.6827468872, "equal_loudness": 0, "codec": "mp3", "length": 291.395904541}, "tags": {"musicbrainz_albumid": ["5a7d944b-6f73-49e6-a405-347a7d6859a9"], "musicbrainz_recordingid": ["2031a0a4-f6e9-40bc-9b27-a7de5c3ac9c0"], "tracknumber": ["7/15"], "artist": ["Outlandish"], "acoustid_id": ["b91bb88e-8645-409f-bf3a-9461e0f01875"], "album": ["Closer Than Veins"], "encodedby": ["LAME 3.99.5, VBR 4, EAC (Secure mode)"], "originaldate": ["2005"], "musicbrainz album type": ["album"], "albumartist": ["Outlandish"], "asin": ["B000GHEBEI"], "media": ["CD"], "musicbrainz_albumartistid": ["442e5e86-6151-41a4-bb6d-2e97b62f5e38"], "file_name": "07 Beyond Words (feat. Burhan G).mp3", "musicbrainz album release country": ["DK"], "musicbrainz_artistid": ["442e5e86-6151-41a4-bb6d-2e97b62f5e38"], "albumartistsort": ["Outlandish"], "script": ["Latn"], "label": ["RCA"], "musicbrainz album status": ["official"], "date": ["2005"], "title": ["Beyond Words (feat. Burhan G)"], "discnumber": ["1/1"], "artistsort": ["Outlandish"], "musicbrainz_releasegroupid": ["6c3358bb-26a1-3c44-9f6f-82d8cdc9c729"], "genre": ["Hip-Hop"]}, "version": {"essentia_build_sha": "2d9f1f26377add8aeb1075a9c2973f962c4f09fd", "essentia_git_sha": "v2.1_beta2-1-ge3940c0", "extractor": "music 1.0", "essentia": "2.1-beta2"}}, "tonal": {"chords_scale": "minor", "hpcp": {"dmean": [0.150924101472, 0.128115549684, 0.103986829519, 0.0953069627285, 0.112246163189, 0.140481740236, 0.148886978626, 0.129610285163, 0.110347740352, 0.106038868427, 0.125889286399, 0.152655854821, 0.154268175364, 0.14206379652, 0.144634455442, 0.159648641944, 0.186554908752, 0.225459426641, 0.23582290113, 0.21532176435, 0.185777157545, 0.16369573772, 0.139363631606, 0.13041625917, 0.143121287227, 0.147731363773, 0.156423658133, 0.161742985249, 0.137009352446, 0.110020048916, 0.107702344656, 0.109052531421, 0.116970635951, 0.125293448567, 0.133213341236, 0.148380815983], "dvar2": [0.121440477669, 0.112366132438, 0.0936576128006, 0.0805675238371, 0.0995074808598, 0.120708547533, 0.123816236854, 0.110235728323, 0.111194036901, 0.102555632591, 0.116570807993, 0.126722127199, 0.11763176322, 0.124167561531, 0.133325487375, 0.150171339512, 0.178750023246, 0.208298876882, 0.230006501079, 0.211378693581, 0.178727865219, 0.15828794241, 0.14092297852, 0.137907713652, 0.149445682764, 0.139488637447, 0.134612992406, 0.118819706142, 0.107214637101, 0.0990777313709, 0.105195075274, 0.0951366275549, 0.0939748808742, 0.102743208408, 0.114159487188, 0.124388694763], "mean": [0.175993204117, 0.126229763031, 0.093684270978, 0.0869706943631, 0.109128125012, 0.163373842835, 0.179753750563, 0.132577642798, 0.0943611562252, 0.0893468931317, 0.114229217172, 0.182170271873, 0.192885160446, 0.139259114861, 0.136713117361, 0.154849410057, 0.169305026531, 0.217713847756, 0.234583467245, 0.193102031946, 0.174388721585, 0.160030126572, 0.122109279037, 0.106278456748, 0.118003457785, 0.130858466029, 0.183548435569, 0.212956428528, 0.145098939538, 0.0893574431539, 0.0831786468625, 0.0949638113379, 0.128106310964, 0.135337099433, 0.12956994772, 0.169263973832], "var": [0.0655255019665, 0.0410120710731, 0.0301857963204, 0.0250562038273, 0.03640191257, 0.0621141381562, 0.0719516649842, 0.0449887849391, 0.0315803550184, 0.0313562490046, 0.0390216782689, 0.0696111321449, 0.0726144164801, 0.0471356622875, 0.0541227199137, 0.0657097697258, 0.0632513985038, 0.0882295966148, 0.104021675885, 0.0793178975582, 0.0712317377329, 0.0669596865773, 0.0480879768729, 0.0431352220476, 0.0485795848072, 0.0478379279375, 0.0677926540375, 0.081819832325, 0.0481028221548, 0.031443618238, 0.0306255817413, 0.0311119146645, 0.0499271824956, 0.0519375279546, 0.041423689574, 0.0633937641978], "dmean2": [0.263112783432, 0.22441585362, 0.18568021059, 0.169580116868, 0.2001311481, 0.244634360075, 0.255913287401, 0.226471915841, 0.197408974171, 0.190904855728, 0.223588511348, 0.266400903463, 0.267427206039, 0.251450300217, 0.256217181683, 0.284289628267, 0.333743065596, 0.400446772575, 0.422527611256, 0.38962906599, 0.331057578325, 0.292105406523, 0.250999629498, 0.23602090776, 0.259145617485, 0.265834361315, 0.27344802022, 0.279238343239, 0.239497691393, 0.197355419397, 0.195543676615, 0.196710959077, 0.204498007894, 0.218201011419, 0.235959216952, 0.260378926992], "dvar": [0.0463973358274, 0.0408658012748, 0.0340897068381, 0.0288872420788, 0.0361525565386, 0.0454053469002, 0.0485174581409, 0.041088886559, 0.0392464324832, 0.0373700261116, 0.0426258333027, 0.0489606894553, 0.0458362214267, 0.0461211539805, 0.0500559657812, 0.0578417889774, 0.0644915476441, 0.0792131274939, 0.0879862904549, 0.0788668692112, 0.0672390088439, 0.0596569590271, 0.052096311003, 0.0502445995808, 0.0547399744391, 0.0509950220585, 0.0504527017474, 0.0466754622757, 0.0406664125621, 0.0367007106543, 0.0381553992629, 0.0345613434911, 0.0361313521862, 0.039503660053, 0.0405887700617, 0.0461531840265], "min": [0, 0, 0, 0, 0, 0, 0, 0, 0, 0, 0, 0, 0, 0, 0, 0, 0, 0, 0, 0, 0, 0, 0, 0, 0, 0, 0, 0, 0, 0, 0, 0, 0, 0, 0, 0], "median": [0.0590069629252, 0.0425198823214, 0.027656301856, 0.0269619710743, 0.0328077301383, 0.0515622645617, 0.0584320873022, 0.0425044894218, 0.0260102394968, 0.0213448461145, 0.0325025357306, 0.0627264231443, 0.0695417746902, 0.0461023524404, 0.0323468446732, 0.0375992432237, 0.0548346191645, 0.0712021887302, 0.0676359534264, 0.0548875108361, 0.0468714907765, 0.037841565907, 0.0245811976492, 0.0210984759033, 0.0248762462288, 0.0347390025854, 0.0684380084276, 0.0795302391052, 0.0496933013201, 0.0189084094018, 0.01447028853, 0.02145909518, 0.0309674330056, 0.0354827642441, 0.0414305403829, 0.0546450987458], "max": [1, 1, 1, 1, 1, 1, 1, 1, 1, 1, 1, 1, 1, 1, 1, 1, 1, 1, 1, 1, 1, 1, 1, 1, 1, 1, 1, 1, 1, 1, 1, 1, 1, 1, 1, 1]}, "tuning_equal_tempered_deviation": 0.114105470479, "chords_key": "F#", "chords_strength": {"dmean": 0.0166004188359, "dvar2": 0.000833273457829, "mean": 0.47734439373, "var": 0.0180327612907, "dmean2": 0.0184530615807, "dvar": 0.000476785498904, "min": -1, "median": 0.476632773876, "max": 0.8059720397}, "tuning_diatonic_strength": 0.489474654198, "thpcp": [1, 0.823169827461, 0.743397295475, 0.68218845129, 0.520536601543, 0.453051775694, 0.503033995628, 0.557833313942, 0.782444059849, 0.907806634903, 0.618538618088, 0.380919605494, 0.354580163956, 0.404818862677, 0.546101212502, 0.576925158501, 0.552340507507, 0.721551179886, 0.750237047672, 0.538101673126, 0.399364352226, 0.37074521184, 0.465199559927, 0.696442246437, 0.766267776489, 0.565161943436, 0.40224981308, 0.380874633789, 0.486944884062, 0.776569128036, 0.822245359421, 0.593644201756, 0.582790911198, 0.660103678703, 0.721726179123, 0.928086936474], "chords_histogram": [0.0796685814857, 0.398342907429, 5.87954092026, 2.31038880348, 0.2230720222, 0.143403440714, 1.46590185165, 0.159337162971, 1.44996809959, 10.9305286407, 4.95538568497, 14.8342895508, 8.20586395264, 3.39388155937, 2.53346085548, 3.21861052513, 12.8744421005, 1.88017845154, 1.33843207359, 2.1510515213, 1.94391334057, 3.07520723343, 12.555768013, 3.99936270714], "tuning_nontempered_energy_ratio": 0.837377667427, "tuning_frequency": 431.443084717, "key_strength": 0.523506224155, "chords_changes_rate": 0.129700452089, "key_scale": "major", "hpcp_entropy": {"dmean": 0.688826858997, "dvar2": 0.861818790436, "mean": 2.06022047997, "var": 0.612385034561, "dmean2": 1.16166782379, "dvar": 0.317283630371, "min": 0, "median": 2.0597949028, "max": 4.53187465668}, "key_key": "D#", "chords_number_rate": 0.00302740605548}, "lowlevel": {"melbands_skewness": {"dmean": 1.10279881954, "dvar2": 5.15749692917, "mean": 2.69110226631, "var": 6.70004796982, "dmean2": 1.69724845886, "dvar": 2.31949973106, "min": -1.92628538609, "median": 2.00044465065, "max": 25.4551944733}, "melbands_kurtosis": {"dmean": 16.1573028564, "dvar2": 4750.56005859, "mean": 21.4760570526, "var": 3165.34277344, "dmean2": 25.9701499939, "dvar": 1978.0567627, "min": -1.91983246803, "median": 5.41676139832, "max": 1154.90637207}, "barkbands_kurtosis": {"dmean": 8.57865428925, "dvar2": 3060.77807617, "mean": 8.66960906982, "var": 1490.78540039, "dmean2": 13.7797679901, "dvar": 1278.16418457, "min": -1.98440229893, "median": 0.911021173, "max": 980.3984375}, "hfc": {"dmean": 13.7955999374, "dvar2": 1244.02966309, "mean": 29.0985355377, "var": 1673.33166504, "dmean2": 18.9763584137, "dvar": 688.567810059, "min": 1.06530539683e-16, "median": 16.5721740723, "max": 324.943878174}, "silence_rate_20dB": {"dmean": 0, "dvar2": 0, "mean": 1, "var": 0, "dmean2": 0, "dvar": 0, "min": 1, "median": 1, "max": 1}, "erbbands_flatness_db": {"dmean": 0.0217945408076, "dvar2": 0.000940940401051, "mean": 0.153901189566, "var": 0.00301316217519, "dmean2": 0.0320328138769, "dvar": 0.000463003030745, "min": 0.0371052362025, "median": 0.147355467081, "max": 0.498354613781}, "spectral_flux": {"dmean": 0.0311592090875, "dvar2": 0.00389208039269, "mean": 0.0910445898771, "var": 0.00358595792204, "dmean2": 0.0495916083455, "dvar": 0.00171377148945, "min": 6.37528155267e-11, "median": 0.0777309983969, "max": 0.481284111738}, "spectral_energyband_low": {"dmean": 0.00784654635936, "dvar2": 0.0011575439712, "mean": 0.0103283300996, "var": 0.000692781002726, "dmean2": 0.012614665553, "dvar": 0.000473253632663, "min": 1.76056525323e-23, "median": 0.00238772225566, "max": 0.255597412586}, "spectral_rolloff": {"dmean": 982.633056641, "dvar2": 6063813, "mean": 2612.56640625, "var": 9488368, "dmean2": 1622.5670166, "dvar": 3128429.75, "min": 64.599609375, "median": 1636.5234375, "max": 19724.4140625}, "spectral_entropy": {"dmean": 0.208410844207, "dvar2": 0.097540512681, "mean": 7.63282489777, "var": 0.381655663252, "dmean2": 0.297256350517, "dvar": 0.0529044903815, "min": 4.69200754166, "median": 7.64778804779, "max": 9.82069587708}, "spectral_energy": {"dmean": 0.0123317334801, "dvar2": 0.00139492424205, "mean": 0.0243228413165, "var": 0.000871447322425, "dmean2": 0.0190260335803, "dvar": 0.000575002690312, "min": 9.83815743372e-21, "median": 0.0164790619165, "max": 0.260884255171}, "spectral_centroid": {"dmean": 406.540252686, "dvar2": 454589.625, "mean": 1751.22717285, "var": 1518180.375, "dmean2": 584.01763916, "dvar": 258766.296875, "min": 111.298439026, "median": 1556.31652832, "max": 12051.5751953}, "barkbands_flatness_db": {"dmean": 0.0295572467148, "dvar2": 0.00212428625673, "mean": 0.136375933886, "var": 0.00595422368497, "dmean2": 0.0450483001769, "dvar": 0.000956177595071, "min": 0.0180675778538, "median": 0.118812896311, "max": 0.67134732008}, "spectral_rms": {"dmean": 0.00104306731373, "dvar2": 4.172673016e-06, "mean": 0.0043514771387, "var": 4.79430036648e-06, "dmean2": 0.00155337108299, "dvar": 1.91671756511e-06, "min": 3.09809664902e-12, "median": 0.00400963006541, "max": 0.0159537214786}, "melbands": {"dmean": [0.00160969572607, 0.00150516070426, 0.000651387381367, 0.000276824139291, 0.000167940335814, 0.000217268825509, 0.00023447930289, 0.0001954708423, 0.000146165897604, 0.000135429756483, 8.93522083061e-05, 6.26981636742e-05, 4.90739948873e-05, 5.10498248332e-05, 3.63172439393e-05, 3.31692426698e-05, 2.83892386506e-05, 2.84281613858e-05, 1.98696579901e-05, 1.83922784345e-05, 1.67681264429e-05, 1.41420923683e-05, 1.32826826302e-05, 1.06641018647e-05, 1.00645092971e-05, 1.4817711417e-05, 1.13720543595e-05, 6.90493016009e-06, 4.46040030511e-06, 4.12358031099e-06, 3.02951229969e-06, 3.10091286337e-06, 3.28919213644e-06, 2.96206962958e-06, 3.72163958673e-06, 4.03268859372e-06, 4.34084904555e-06, 4.18420995629e-06, 4.65046923637e-06, 3.68262817574e-06], "dvar2": [6.72924797982e-05, 4.44579563919e-05, 2.15172130993e-05, 2.35502670876e-06, 4.64213087525e-07, 8.40383961531e-07, 7.41054691389e-07, 3.36162059966e-07, 1.98850230504e-07, 1.88199095419e-07, 7.29811659994e-08, 4.8458293378e-08, 3.43664723346e-08, 4.48713208812e-08, 2.64880206657e-08, 1.26968222602e-08, 1.00029726724e-08, 9.25412724229e-09, 5.66061109097e-09, 5.45568701327e-09, 3.61446739205e-09, 2.19419349357e-09, 2.45235698415e-09, 1.43204514913e-09, 1.09564346484e-09, 2.38851383116e-09, 1.16375620252e-09, 5.03950048358e-10, 3.073335475e-10, 3.79013237461e-10, 2.18596835078e-10, 3.29906602037e-10, 3.54624052346e-10, 2.97937674532e-10, 3.94201671305e-10, 4.33205471495e-10, 4.28824864507e-10, 3.04399949691e-10, 4.33602820316e-10, 2.33367408731e-10], "mean": [0.00192820106167, 0.00187931815162, 0.000573011639062, 0.000306995905703, 0.000204723182833, 0.00026222152519, 0.00027975285775, 0.000282030290691, 0.00021200691117, 0.000203972726013, 0.000138915187563, 8.59385181684e-05, 7.1174785262e-05, 7.17128132237e-05, 4.64653894596e-05, 4.57401147287e-05, 3.84624763683e-05, 4.00796379836e-05, 2.68968888122e-05, 2.56291568803e-05, 2.34710587392e-05, 1.93595096789e-05, 1.69052927959e-05, 1.41629097925e-05, 1.37694742079e-05, 2.21698574023e-05, 1.81806026376e-05, 1.03166303234e-05, 5.79347215535e-06, 4.86499038743e-06, 4.12409599448e-06, 4.03571311836e-06, 4.06354138249e-06, 3.97955045628e-06, 5.12217866344e-06, 5.49916967429e-06, 6.1090950112e-06, 6.12675239609e-06, 6.58220596961e-06, 5.34021637577e-06], "var": [3.51501148543e-05, 2.25927342399e-05, 4.9096361181e-06, 6.18909723471e-07, 1.59168322966e-07, 2.97982523989e-07, 3.20520143759e-07, 2.45276766009e-07, 1.61147227118e-07, 1.66563083326e-07, 6.4722101456e-08, 3.54926825707e-08, 2.32149073298e-08, 2.68679016813e-08, 1.73908691892e-08, 1.41832074974e-08, 7.33541938303e-09, 6.81265222013e-09, 3.49560336232e-09, 3.46784223559e-09, 1.95211891096e-09, 1.37368250108e-09, 1.12658449236e-09, 6.99832858331e-10, 7.98422772341e-10, 2.69990541035e-09, 1.21283061372e-09, 3.75836889388e-10, 2.30854710348e-10, 2.12054165893e-10, 1.63767485684e-10, 2.33619845691e-10, 2.43970038616e-10, 1.77689418734e-10, 3.00044433743e-10, 3.54798829205e-10, 3.86862819557e-10, 3.36291078318e-10, 3.80636494546e-10, 2.26049193253e-10], "dmean2": [0.002574585611, 0.00243397406302, 0.00115580507554, 0.000479027541587, 0.000276902981568, 0.000361418962711, 0.00038585474249, 0.000308690301608, 0.000225456853514, 0.000208753888728, 0.000138703238918, 9.76684459602e-05, 7.75875960244e-05, 8.04641531431e-05, 5.69595067645e-05, 5.13070117449e-05, 4.45413352281e-05, 4.46647718491e-05, 3.0697825423e-05, 2.82584605884e-05, 2.69533593382e-05, 2.23011847993e-05, 2.13698185689e-05, 1.70943440025e-05, 1.54751487571e-05, 2.13668990909e-05, 1.70290495589e-05, 1.03160609797e-05, 6.55349322187e-06, 6.21590334049e-06, 4.50068864666e-06, 4.61737499791e-06, 4.80700600747e-06, 4.43037333753e-06, 5.39315715287e-06, 5.78843719268e-06, 6.28790530754e-06, 6.00019029662e-06, 6.79190679875e-06, 5.36506240678e-06], "dvar": [2.73919795291e-05, 1.75764962478e-05, 7.58987425797e-06, 8.35496166474e-07, 1.72528402231e-07, 3.10134879555e-07, 2.9358136544e-07, 1.44368030419e-07, 8.71939178637e-08, 8.38261371428e-08, 3.25846727378e-08, 2.15258104674e-08, 1.43660017216e-08, 1.89995645883e-08, 1.17066907279e-08, 6.17641937595e-09, 4.51100801158e-09, 4.04231847995e-09, 2.40937936269e-09, 2.39826669635e-09, 1.41552469746e-09, 9.20183318431e-10, 9.74088254502e-10, 5.81996728588e-10, 4.95627650032e-10, 1.26193111516e-09, 5.39535971456e-10, 2.34210040251e-10, 1.59464608185e-10, 1.69477265555e-10, 1.01609089198e-10, 1.54259674479e-10, 1.65723282319e-10, 1.29523045067e-10, 1.83345685856e-10, 2.08085201847e-10, 2.13116524428e-10, 1.63115090879e-10, 2.11075781853e-10, 1.16931131444e-10], "min": [1.52390808607e-24, 1.71154555491e-24, 7.2955503262e-25, 1.15170231035e-24, 8.58397219079e-25, 8.790123239e-25, 1.97512981854e-24, 2.15201432438e-24, 7.28860884327e-25, 1.74922273504e-24, 7.02065251529e-25, 1.58125807666e-24, 2.43262970052e-24, 1.99957109597e-24, 2.51116731174e-24, 1.76310432038e-24, 3.80225789278e-24, 2.89058869955e-24, 3.4147378617e-24, 4.64766789756e-24, 3.63953087639e-24, 2.8748108898e-24, 4.84407690802e-24, 3.69487814636e-24, 3.44351905739e-24, 4.92615039103e-24, 4.97598943973e-24, 3.97350224036e-24, 4.47574197415e-24, 5.76287030408e-24, 5.09763060802e-24, 5.14077656637e-24, 5.53878923635e-24, 5.24409407356e-24, 6.04027836899e-24, 5.80853864517e-24, 6.87667721565e-24, 6.2913712174e-24, 6.58304346521e-24, 6.59923207427e-24], "median": [0.000263622991042, 0.000429598178016, 0.000146639446029, 7.66832599766e-05, 6.52444650768e-05, 8.07976248325e-05, 9.65145009104e-05, 0.000100060817203, 5.76277670916e-05, 4.99304333061e-05, 4.26382648584e-05, 2.54439455603e-05, 2.27160053328e-05, 2.12914965232e-05, 1.10450610009e-05, 1.18253901746e-05, 1.08833355625e-05, 1.08273679871e-05, 6.82202698954e-06, 7.9056380855e-06, 7.44324051993e-06, 6.00269777351e-06, 5.43090936844e-06, 5.18407341588e-06, 3.93929303755e-06, 5.27081283508e-06, 5.31740533916e-06, 3.51798757947e-06, 1.32680918341e-06, 9.66164066085e-07, 8.87094643076e-07, 7.67703738802e-07, 5.43109820228e-07, 5.4717850162e-07, 6.45760792395e-07, 5.9291147636e-07, 7.04154956566e-07, 7.89704472481e-07, 8.47145656735e-07, 7.4549495821e-07], "max": [0.0749457105994, 0.0507843978703, 0.0370639041066, 0.013384279795, 0.00592348072678, 0.00761567894369, 0.0117601742968, 0.00743033131585, 0.00628294143826, 0.00620884587988, 0.00451277755201, 0.00345957302488, 0.0031488656532, 0.00504415342584, 0.00329030840658, 0.00348196015693, 0.00234826700762, 0.001707663876, 0.00125882704742, 0.00274051306769, 0.000569157651626, 0.000544240174349, 0.000652500719298, 0.000295193050988, 0.000433826382505, 0.00112221739255, 0.000558203493711, 0.000256799627095, 0.000255077000475, 0.00036197292502, 0.000389692431781, 0.000610317336395, 0.000399030657718, 0.000354223535396, 0.000477526220493, 0.000357892888132, 0.00045677376329, 0.000283255067188, 0.000304481014609, 0.000213595907553]}, "barkbands_crest": {"dmean": 3.18288183212, "dvar2": 20.7246608734, "mean": 10.5091199875, "var": 27.7287635803, "dmean2": 5.1730222702, "dvar": 8.8823261261, "min": 2.2219388485, "median": 9.04667472839, "max": 26.2620182037}, "mfcc": {"icov": [[0.000164730969118, 0.000107294319605, 9.00994709809e-05, 3.8740097807e-05, -3.08651306113e-06, 9.06315253815e-05, -3.00884930766e-05, -1.09722768684e-05, 0.000102622892882, -2.75091279036e-05, 5.70872689423e-05, 3.11990406772e-05, 0.000120018223242], [0.000107294319605, 0.000595045101363, 0.000173633277882, -0.000151650005137, -9.74301656242e-06, 0.000117960313219, -7.55588989705e-05, -0.000160350828082, -0.000141011885717, 4.4127486035e-05, -0.000192920793779, 9.93841531454e-05, 7.7057571616e-05], [9.00994709809e-05, 0.000173633277882, 0.00112665828783, -0.000171903637238, -0.000183582174941, -0.000650357629638, 0.000195622982574, -0.000667695014272, 0.00014076854859, -0.000279511121335, 0.000422793673351, -0.000269812968327, 0.000545732036699], [3.8740097807e-05, -0.000151650005137, -0.000171903637238, 0.00237088301219, -0.00105395459104, 0.000161127245519, -0.000362852733815, -4.60965675302e-05, -0.000234871346038, 0.000338674813975, 0.000350549875293, -0.000244115100941, -0.000355365191353], [-3.08651306113e-06, -9.74301656242e-06, -0.000183582174941, -0.00105395459104, 0.00363321346231, -0.000381286954507, 0.000333251227858, 0.000278553139651, 3.60322846973e-05, -0.000987715320662, 0.00018636394816, 1.58332004503e-05, -0.00111877941526], [9.06315253815e-05, 0.000117960313219, -0.000650357629638, 0.000161127245519, -0.000381286954507, 0.00457821134478, -0.000926431443077, 0.000113213864097, -0.00139767944347, 0.000983751029707, -0.00111500988714, -0.00091010966571, 0.000465046905447], [-3.00884930766e-05, -7.55588989705e-05, 0.000195622982574, -0.000362852733815, 0.000333251227858, -0.000926431443077, 0.00518297590315, -0.0016760249855, 0.0006235591718, -0.00100730871782, -0.000876226404216, 0.0005144943716, -0.000580593768973], [-1.09722768684e-05, -0.000160350828082, -0.000667695014272, -4.60965675302e-05, 0.000278553139651, 0.000113213864097, -0.0016760249855, 0.00839579105377, -0.00219109142199, 0.000182255578693, -0.000820410554297, -0.00010270979692, -0.00127288128715], [0.000102622892882, -0.000141011885717, 0.00014076854859, -0.000234871346038, 3.60322846973e-05, -0.00139767944347, 0.0006235591718, -0.00219109142199, 0.00935749523342, -0.00260654045269, 0.000472238083603, -0.000673104543239, 0.000795440864749], [-2.75091279036e-05, 4.4127486035e-05, -0.000279511121335, 0.000338674813975, -0.000987715320662, 0.000983751029707, -0.00100730871782, 0.000182255578693, -0.00260654045269, 0.00920626986772, -0.00376681354828, 0.00113197229803, 9.90371845546e-05], [5.70872689423e-05, -0.000192920793779, 0.000422793673351, 0.000350549875293, 0.00018636394816, -0.00111500988714, -0.000876226404216, -0.000820410554297, 0.000472238083603, -0.00376681354828, 0.0110044758767, -0.00269519956782, 0.000593127158936], [3.11990406772e-05, 9.93841531454e-05, -0.000269812968327, -0.000244115100941, 1.58332004503e-05, -0.00091010966571, 0.0005144943716, -0.00010270979692, -0.000673104543239, 0.00113197229803, -0.00269519956782, 0.0115070054308, -0.00379402399994], [0.000120018223242, 7.7057571616e-05, 0.000545732036699, -0.000355365191353, -0.00111877941526, 0.000465046905447, -0.000580593768973, -0.00127288128715, 0.000795440864749, 9.90371845546e-05, 0.000593127158936, -0.00379402399994, 0.0112133808434]], "mean": [-656.353942871, 102.827941895, 8.55202865601, 11.8652696609, 7.38107728958, -7.25636720657, 7.06758356094, 1.75446510315, 2.21633768082, 8.63142967224, 3.30167889595, 2.4340634346, 4.93160581589], "cov": [[7791.53710938, -1325.91748047, -696.682800293, -362.429412842, -189.15725708, -319.341949463, -70.7262039185, -151.518508911, -190.611526489, -49.923248291, -104.470710754, -120.437301636, -99.6135635376], [-1325.91748047, 2079.57397461, -204.29019165, 168.091308594, 41.1216964722, -21.6143283844, 64.9408798218, 59.5229721069, 62.2607765198, 27.3729839325, 58.6439552307, 2.6836578846, 23.4362335205], [-696.682800293, -204.29019165, 1218.43200684, 129.164993286, 112.919319153, 218.790313721, 11.6297140121, 99.9544906616, 57.6394577026, 29.0982093811, -2.50262379646, 45.4729042053, -21.0315189362], [-362.429412842, 168.091308594, 129.164993286, 542.811218262, 175.413421631, 29.8190097809, 34.6383857727, 29.4090461731, 25.524559021, 0.612132966518, -8.64118003845, 28.6104240417, 43.3579292297], [-189.15725708, 41.1216964722, 112.919319153, 175.413421631, 357.157958984, 42.8041725159, 3.38757061958, 10.4632635117, 20.0475540161, 34.7718467712, 5.34969568253, 22.4132823944, 42.5990333557], [-319.341949463, -21.6143283844, 218.790313721, 29.8190097809, 42.8041725159, 301.140808105, 53.7350616455, 40.5081291199, 54.6793785095, 8.88251018524, 39.5449638367, 40.3246421814, 0.620314538479], [-70.7262039185, 64.9408798218, 11.6297140121, 34.6383857727, 3.38757061958, 53.7350616455, 237.796051025, 59.0277633667, 16.2185840607, 38.7865524292, 42.1433525085, 7.29197263718, 16.7097682953], [-151.518508911, 59.5229721069, 99.9544906616, 29.4090461731, 10.4632635117, 40.5081291199, 59.0277633667, 155.907409668, 45.015422821, 22.5697231293, 26.38646698, 17.5105075836, 18.5344600677], [-190.611526489, 62.2607765198, 57.6394577026, 25.524559021, 20.0475540161, 54.6793785095, 16.2185840607, 45.015422821, 139.427474976, 43.6306114197, 21.4253501892, 14.3093414307, -1.26949095726], [-49.923248291, 27.3729839325, 29.0982093811, 0.612132966518, 34.7718467712, 8.88251018524, 38.7865524292, 22.5697231293, 43.6306114197, 150.366363525, 54.311290741, -0.0284568071365, -0.684872567654], [-104.470710754, 58.6439552307, -2.50262379646, -8.64118003845, 5.34969568253, 39.5449638367, 42.1433525085, 26.38646698, 21.4253501892, 54.311290741, 126.366577148, 28.3412704468, 5.53970909119], [-120.437301636, 2.6836578846, 45.4729042053, 28.6104240417, 22.4132823944, 40.3246421814, 7.29197263718, 17.5105075836, 14.3093414307, -0.0284568071365, 28.3412704468, 111.962310791, 38.2616500854], [-99.6135635376, 23.4362335205, -21.0315189362, 43.3579292297, 42.5990333557, 0.620314538479, 16.7097682953, 18.5344600677, -1.26949095726, -0.684872567654, 5.53970909119, 38.2616500854, 112.424316406]]}, "spectral_decrease": {"dmean": 3.05147773716e-09, "dvar2": 9.51322423047e-17, "mean": -5.74513947527e-09, "var": 5.82044645406e-17, "dmean2": 4.74743577783e-09, "dvar": 3.91330644382e-17, "min": -6.87197996285e-08, "median": -3.6816172333e-09, "max": 5.56336310353e-10}, "zerocrossingrate": {"dmean": 0.0208666119725, "dvar2": 0.000811380916275, "mean": 0.0916103348136, "var": 0.00626097945496, "dmean2": 0.0224864631891, "dvar": 0.000840996508487, "min": 0.00244140625, "median": 0.07275390625, "max": 0.54296875}, "spectral_contrast_coeffs": {"dmean": [0.0568228922784, 0.0534239374101, 0.0450336635113, 0.0363022871315, 0.0303781330585, 0.020005742088], "dvar2": [0.00600764527917, 0.00471198558807, 0.00311218039133, 0.00214458676055, 0.00156205438543, 0.00072966463631], "mean": [-0.662396728992, -0.703497469425, -0.728745162487, -0.756475150585, -0.76580953598, -0.803009808064], "var": [0.00706390757114, 0.00752642424777, 0.00739405304193, 0.0049528228119, 0.00384688354097, 0.00160332815722], "dmean2": [0.0925159230828, 0.0845027714968, 0.0703319683671, 0.0566594265401, 0.046396382153, 0.0308129265904], "dvar": [0.00236892467365, 0.0019948463887, 0.00138344813604, 0.000943942577578, 0.000745315453969, 0.000324570515659], "min": [-0.978748559952, -0.982367396355, -0.978824794292, -0.974654614925, -0.966606140137, -0.968533337116], "median": [-0.667146623135, -0.709300100803, -0.733751237392, -0.759150505066, -0.769587159157, -0.804697811604], "max": [-0.317366927862, -0.349555760622, -0.437347590923, -0.51306450367, -0.508522510529, -0.592270970345]}, "spectral_skewness": {"dmean": 0.28136369586, "dvar2": 0.566874206066, "mean": 1.64710891247, "var": 2.25146484375, "dmean2": 0.42432063818, "dvar": 0.204240322113, "min": -0.499135941267, "median": 1.48356318474, "max": 22.785200119}, "spectral_energyband_middle_high": {"dmean": 0.00218799384311, "dvar2": 2.38319826167e-05, "mean": 0.00476662674919, "var": 3.03285705741e-05, "dmean2": 0.00316028855741, "dvar": 1.13922806122e-05, "min": 1.14646637152e-21, "median": 0.0029486916028, "max": 0.0607209429145}, "gfcc": {"icov": [[0.00014966611343, -0.000109960375994, 0.000200813970878, -0.000211699312786, 0.000222785834922, -0.000319387996569, 0.000345613021636, -0.000410307897255, 0.000322842533933, -0.000331187882693, 0.000377071090043, -0.000324497232214, 0.000339759426424], [-0.000109960375994, 0.000877568149008, -0.000170270068338, 0.000381336343708, -0.000586596492212, 0.000796848733444, -0.000827176205348, 0.000888019276317, -0.000752560619731, 0.00111012777779, -0.00101183261722, 0.00108947046101, -0.000880635459907], [0.000200813970878, -0.000170270068338, 0.00107266311534, -0.000606102286838, 0.000215382358874, -0.000822049041744, 0.000276960839983, -0.00026099794195, 2.19005269173e-05, -8.14090526546e-05, 0.000609274429735, -0.000829322380014, 0.000572881137487], [-0.000211699312786, 0.000381336343708, -0.000606102286838, 0.00225723022595, -0.00082288775593, 0.000379600329325, -0.000165416582604, 0.000311726529617, -0.000356920034392, 0.000576863705646, -0.000848120718729, 0.000589316827245, -0.000848457391839], [0.000222785834922, -0.000586596492212, 0.000215382358874, -0.00082288775593, 0.00314193195663, -0.000220680318307, -1.5478086425e-05, -0.000901589461137, 1.78854008936e-06, -0.00133525591809, 0.000462934258394, -0.000657474098261, 0.000887251051608], [-0.000319387996569, 0.000796848733444, -0.000822049041744, 0.000379600329325, -0.000220680318307, 0.00485419901088, -0.00200429675169, 0.000798245484475, -0.00111227133311, -0.000163308068295, -0.000683897873387, 0.00105620559771, -0.00022799349972], [0.000345613021636, -0.000827176205348, 0.000276960839983, -0.000165416582604, -1.5478086425e-05, -0.00200429675169, 0.00504423305392, -0.00171933881938, 0.000589849543758, -0.000925126776565, 0.000525160867255, -0.000937359465752, 0.000812502694316], [-0.000410307897255, 0.000888019276317, -0.00026099794195, 0.000311726529617, -0.000901589461137, 0.000798245484475, -0.00171933881938, 0.00789121724665, -0.00159612821881, 0.00136748712976, -0.00265831174329, 0.00254716281779, -0.00119427114259], [0.000322842533933, -0.000752560619731, 2.19005269173e-05, -0.000356920034392, 1.78854008936e-06, -0.00111227133311, 0.000589849543758, -0.00159612821881, 0.00753579288721, -0.00253329356201, 0.00107755768113, -0.000971431320067, -4.52220701845e-05], [-0.000331187882693, 0.00111012777779, -8.14090526546e-05, 0.000576863705646, -0.00133525591809, -0.000163308068295, -0.000925126776565, 0.00136748712976, -0.00253329356201, 0.0123519105837, -0.0036257172469, 0.00126337970141, -0.000311603798764], [0.000377071090043, -0.00101183261722, 0.000609274429735, -0.000848120718729, 0.000462934258394, -0.000683897873387, 0.000525160867255, -0.00265831174329, 0.00107755768113, -0.0036257172469, 0.0114593636245, -0.00290487334132, 0.000794248073362], [-0.000324497232214, 0.00108947046101, -0.000829322380014, 0.000589316827245, -0.000657474098261, 0.00105620559771, -0.000937359465752, 0.00254716281779, -0.000971431320067, 0.00126337970141, -0.00290487334132, 0.0120439687744, -0.00298338430002], [0.000339759426424, -0.000880635459907, 0.000572881137487, -0.000848457391839, 0.000887251051608, -0.00022799349972, 0.000812502694316, -0.00119427114259, -4.52220701845e-05, -0.000311603798764, 0.000794248073362, -0.00298338430002, 0.013513780199]], "mean": [-16.3671474457, 69.5017547607, -107.231163025, 25.3189659119, -59.958530426, 18.4487133026, -38.7402687073, 24.9475440979, -23.2324619293, 9.45636081696, -10.2831897736, -2.94184470177, -10.6002559662], "cov": [[17359.5878906, -2190.61767578, -2085.70117188, 516.817504883, -1016.71600342, 418.431488037, -933.33782959, 396.466491699, -605.410400391, 192.278381348, -266.042022705, 49.6297149658, -264.370727539], [-2190.61767578, 2612.99853516, 64.7969436646, -216.808792114, 410.85458374, -293.333496094, 324.565887451, -100.748756409, 184.171936035, -120.232261658, 122.226394653, -99.5872879028, 117.328048706], [-2085.70117188, 64.7969436646, 1587.09716797, 256.929199219, 123.686676025, 178.173522949, 125.451721191, -42.8679428101, 112.646591187, -16.8293952942, -3.13076686859, 55.0542144775, 1.39224457741], [516.817504883, -216.808792114, 256.929199219, 611.584655762, 84.2832336426, 51.5846862793, -30.6155967712, 31.6750202179, 6.02089452744, 13.5329046249, 11.1342601776, 14.8729572296, 3.32197809219], [-1016.71600342, 410.85458374, 123.686676025, 84.2832336426, 481.775817871, -25.301366806, 116.699989319, 15.8929901123, 78.5596542358, 21.3696346283, 43.1678886414, -8.69058322906, 11.0139341354], [418.431488037, -293.333496094, 178.173522949, 51.5846862793, -25.301366806, 332.42980957, 67.0003433228, 25.235534668, 19.2522583008, 40.7787971497, -7.27195453644, 6.04869890213, -25.710893631], [-933.33782959, 324.565887451, 125.451721191, -30.6155967712, 116.699989319, 67.0003433228, 330.884338379, 25.0260391235, 55.9598045349, 6.2281537056, 34.1362838745, -8.9670085907, 9.50682353973], [396.466491699, -100.748756409, -42.8679428101, 31.6750202179, 15.8929901123, 25.235534668, 25.0260391235, 172.979568481, 12.1034173965, 13.1302032471, 21.5414295197, -16.9393520355, -4.2250828743], [-605.410400391, 184.171936035, 112.646591187, 6.02089452744, 78.5596542358, 19.2522583008, 55.9598045349, 12.1034173965, 183.040359497, 22.4074478149, 17.4979419708, -0.599587202072, 15.6658840179], [192.278381348, -120.232261658, -16.8293952942, 13.5329046249, 21.3696346283, 40.7787971497, 6.2281537056, 13.1302032471, 22.4074478149, 108.845626831, 23.0656795502, 3.23441648483, -9.09208869934], [-266.042022705, 122.226394653, -3.13076686859, 11.1342601776, 43.1678886414, -7.27195453644, 34.1362838745, 21.5414295197, 17.4979419708, 23.0656795502, 117.016975403, 11.4616794586, 8.62321186066], [49.6297149658, -99.5872879028, 55.0542144775, 14.8729572296, -8.69058322906, 6.04869890213, -8.9670085907, -16.9393520355, -0.599587202072, 3.23441648483, 11.4616794586, 103.892860413, 12.9121742249], [-264.370727539, 117.328048706, 1.39224457741, 3.32197809219, 11.0139341354, -25.710893631, 9.50682353973, -4.2250828743, 15.6658840179, -9.09208869934, 8.62321186066, 12.9121742249, 88.5252456665]]}, "erbbands_spread": {"dmean": 11.4230117798, "dvar2": 456.839263916, "mean": 41.9154434204, "var": 517.460510254, "dmean2": 17.7648010254, "dvar": 196.022186279, "min": 4.2408118248, "median": 37.514415741, "max": 197.992843628}, "erbbands_kurtosis": {"dmean": 1.31639695168, "dvar2": 11.2796010971, "mean": 0.752570688725, "var": 8.34514713287, "dmean2": 2.0611345768, "dvar": 5.19809818268, "min": -1.84917986393, "median": -0.0757166445255, "max": 54.9452476501}, "dynamic_complexity": 2.75803518295, "erbbands_crest": {"dmean": 2.68218445778, "dvar2": 14.8767852783, "mean": 8.70960998535, "var": 13.8297195435, "dmean2": 4.34337711334, "dvar": 5.98426532745, "min": 2.24177765846, "median": 8.02670097351, "max": 27.5665245056}, "erbbands": {"dmean": [0.142513990402, 1.60294950008, 2.25175261497, 3.74708676338, 4.19968128204, 3.52158761024, 5.28059768677, 9.69274044037, 15.0539455414, 17.9188728333, 17.877822876, 20.8926944733, 17.2756614685, 14.4744949341, 15.2698078156, 15.4398927689, 13.2717084885, 14.785446167, 15.4142189026, 13.4035615921, 14.0759725571, 13.1358175278, 12.8913984299, 12.2895040512, 17.9042072296, 10.9794654846, 6.90205812454, 5.42804479599, 5.50062227249, 5.27699184418, 6.31491422653, 6.77235889435, 6.04772472382, 4.45004224777, 1.80452358723, 0.518327951431, 0.13135561347, 0.0280713569373, 0.00169586669654, 4.34203866462e-05], "dvar2": [0.660168230534, 54.360244751, 161.00793457, 756.408325195, 724.392272949, 236.950790405, 523.835876465, 1677.07836914, 3278.30078125, 3171.76977539, 2973.08154297, 4556.25927734, 2742.85473633, 2593.9831543, 2806.21191406, 5675.45214844, 2095.15014648, 2463.16162109, 2627.2199707, 2593.62744141, 2320.609375, 1911.08251953, 2214.51782227, 1478.91577148, 2950.94677734, 1034.02661133, 758.690429688, 613.563537598, 986.459899902, 812.41973877, 1005.35070801, 995.172363281, 608.646972656, 335.107788086, 62.3819885254, 5.83987092972, 0.451153516769, 0.0290857423097, 0.000195544533199, 4.21504857684e-08], "mean": [0.164943099022, 1.92932474613, 2.56295061111, 3.19046735764, 3.98077893257, 4.40343523026, 6.03704595566, 11.8033027649, 17.9460964203, 24.9412078857, 26.6642589569, 31.6363964081, 27.4577770233, 20.6268196106, 23.2578620911, 21.7169723511, 19.2004566193, 21.449262619, 22.8345546722, 19.7574043274, 20.689157486, 18.6508960724, 17.6537456512, 18.0824890137, 28.7998638153, 17.8507614136, 9.21993350983, 7.47844028473, 7.30988550186, 7.20299005508, 9.02603244781, 9.74244499207, 9.09330558777, 6.64690637589, 2.68517208099, 0.747181177139, 0.178447261453, 0.0357358120382, 0.00203548790887, 7.53541535232e-05], "var": [0.347386687994, 28.2007980347, 53.8958930969, 168.941085815, 167.258422852, 91.4782409668, 170.454544067, 619.23034668, 1389.7598877, 1973.97924805, 2538.86987305, 3887.86645508, 2459.07202148, 1934.74523926, 2182.5534668, 3137.07397461, 1977.65344238, 2036.50109863, 1943.66101074, 1751.44726563, 1428.44335938, 1154.78222656, 1021.19732666, 1166.22399902, 3681.08642578, 948.909118652, 561.899291992, 480.705871582, 724.91204834, 557.294311523, 889.40234375, 956.099853516, 696.916870117, 342.051177979, 62.2873764038, 8.55689239502, 0.503393173218, 0.0334193855524, 0.000205252086744, 5.08565598523e-08], "dmean2": [0.227063089609, 2.57713699341, 3.78934669495, 6.68958330154, 7.48781585693, 5.81726884842, 8.8063955307, 16.0850162506, 24.8338165283, 28.6134052277, 27.3639392853, 32.2893714905, 26.6743888855, 22.5748691559, 24.0660858154, 24.1117572784, 20.3280582428, 22.9258537292, 23.9561634064, 20.2896289825, 22.2958583832, 20.6195240021, 20.6904907227, 18.5809059143, 25.9292507172, 16.3355102539, 10.0547647476, 7.90018987656, 8.0367603302, 7.70765304565, 8.96302032471, 9.65244293213, 8.59972572327, 6.38278770447, 2.61590313911, 0.733711361885, 0.191243767738, 0.0423151925206, 0.0027108557988, 6.40232610749e-05], "dvar": [0.283030450344, 21.2042884827, 60.6783599854, 264.909606934, 254.662445068, 88.8832168579, 194.597137451, 624.034729004, 1287.3293457, 1324.14831543, 1325.49597168, 2003.75463867, 1230.19677734, 1154.9453125, 1194.04345703, 2369.63818359, 1007.58325195, 1128.98828125, 1163.03527832, 1149.27734375, 943.302062988, 800.203796387, 873.375366211, 682.336242676, 1554.38671875, 499.470306396, 386.704376221, 296.394287109, 467.211242676, 374.813110352, 498.016448975, 506.470825195, 330.971923828, 172.282394409, 31.3048324585, 3.28300833702, 0.231821715832, 0.0148430578411, 9.39789533732e-05, 2.11966817432e-08], "min": [1.09137946982e-22, 1.17385047247e-21, 2.99432697252e-21, 2.6695392306e-21, 1.36387413479e-20, 2.57330928713e-20, 3.01338019744e-20, 4.16935605619e-20, 1.20444954738e-19, 1.97872342946e-19, 1.21662280256e-19, 2.14699380879e-19, 1.90909369194e-19, 4.51086713636e-19, 8.72210050354e-19, 1.00612635223e-18, 1.48643559914e-18, 2.40316047756e-18, 2.38182955751e-18, 2.99303289854e-18, 4.33610806796e-18, 3.62624772246e-18, 5.80991520409e-18, 5.33958485729e-18, 7.87536823644e-18, 7.34414292089e-18, 9.2509489156e-18, 1.07147318635e-17, 1.05124332641e-17, 1.13540845743e-17, 1.16768653386e-17, 1.16446549255e-17, 9.914939201e-18, 8.11592228473e-18, 6.26374619281e-18, 4.50958438603e-18, 2.24185591541e-18, 8.92934853806e-19, 2.55187286924e-19, 2.91151581306e-20], "median": [0.0213107764721, 0.267923623323, 0.720019519329, 0.693449258804, 0.874487817287, 1.11572515965, 1.74996745586, 3.59960198402, 6.11459827423, 9.2296667099, 8.54833316803, 9.10572910309, 8.76341629028, 6.7670750618, 7.70891857147, 7.11476945877, 6.05125808716, 6.99107599258, 7.24478816986, 6.41351461411, 6.95510530472, 6.57759475708, 6.95964574814, 5.90001392365, 7.72660636902, 6.43061876297, 2.41871356964, 1.71311283112, 1.38726484776, 1.03182590008, 1.15828108788, 1.14955234528, 1.20198059082, 0.947893381119, 0.377220273018, 0.0906192138791, 0.0198034197092, 0.00264162500389, 9.45374704315e-05, 2.93062366836e-05], "max": [8.54999542236, 51.4237747192, 113.467063904, 229.868057251, 228.874237061, 120.015296936, 206.161132813, 350.813323975, 729.908874512, 804.408630371, 853.500427246, 954.101745605, 917.386230469, 859.714294434, 707.610229492, 2005.51037598, 944.34387207, 1242.5925293, 992.386047363, 1485.96813965, 582.85559082, 569.965026855, 423.133056641, 470.913848877, 1092.79541016, 441.941711426, 353.631774902, 656.933776855, 984.73651123, 600.281433105, 634.366088867, 575.099365234, 343.860473633, 246.515625, 114.647819519, 121.331352234, 20.9854869843, 7.57806396484, 0.453465849161, 0.00712365377694]}, "silence_rate_30dB": {"dmean": 0.0323505960405, "dvar2": 0.0806102380157, "mean": 0.968209683895, "var": 0.0307768788189, "dmean2": 0.0647063478827, "dvar": 0.0313024669886, "min": 0, "median": 1, "max": 1}, "silence_rate_60dB": {"dmean": 0.019442230463, "dvar2": 0.0463076941669, "mean": 0.0405545383692, "var": 0.0389128439128, "dmean2": 0.0388875603676, "dvar": 0.0190666709095, "min": 0, "median": 0, "max": 1}, "spectral_energyband_middle_low": {"dmean": 0.00496552186087, "dvar2": 0.000362156017218, "mean": 0.00800887867808, "var": 0.000116110961244, "dmean2": 0.00808661058545, "dvar": 0.000131704364321, "min": 1.34258080239e-22, "median": 0.00513076363131, "max": 0.130873039365}, "spectral_spread": {"dmean": 898822.5625, "dvar2": 2514901270530.0, "mean": 6025046, "var": 14932982628400.0, "dmean2": 1293513, "dvar": 1426462474240.0, "min": 95149.3125, "median": 5513546.5, "max": 42615204}, "barkbands": {"dmean": [0.000159035989782, 0.00649791629985, 0.00179057917558, 0.00141812628135, 0.00109953887295, 0.00108067318797, 0.00119231140707, 0.000855950755067, 0.000928333611228, 0.000537554326002, 0.000352260569343, 0.000445711193606, 0.