{"tonal": {"hpcp": {"dvar": [0.0690908506513, 0.0658980607986, 0.0639452412724, 0.0569182783365, 0.0565840378404, 0.0541499778628, 0.0475897230208, 0.0460223816335, 0.0493362508714, 0.0466979034245, 0.0509210862219, 0.0419678539038, 0.0410875529051, 0.0494560189545, 0.0409122221172, 0.0231770854443, 0.0247932653874, 0.0173192732036, 0.0185909140855, 0.0210964716971, 0.0179099738598, 0.0184591431171, 0.0253314767033, 0.0460650883615, 0.0793295279145, 0.0550833567977, 0.0444647632539, 0.0344967320561, 0.0296587496996, 0.0354401059449, 0.0371079966426, 0.0453835427761, 0.0429164431989, 0.0521524995565, 0.0643951669335, 0.0720210745931], "var": [0.0738523826003, 0.061633810401, 0.0538006536663, 0.0733769237995, 0.116990633309, 0.06809540838, 0.0347238257527, 0.031572278589, 0.0345889814198, 0.0436092838645, 0.0550042316318, 0.0398836433887, 0.0532677210867, 0.094522960484, 0.0525250248611, 0.0233424324542, 0.0180909559131, 0.0125140817836, 0.0184926763177, 0.027656449005, 0.0186052117497, 0.0143784275278, 0.0207029078156, 0.0461326874793, 0.106644779444, 0.0907542854548, 0.0517377182841, 0.0316629372537, 0.0408550426364, 0.0554262660444, 0.0327943526208, 0.0350784771144, 0.0366967879236, 0.0487546548247, 0.0834428444505, 0.0989598706365], "median": [0.0470325760543, 0.0336114056408, 0.0345974005759, 0.071873947978, 0.095256999135, 0.073841907084, 0.0320130586624, 0.019667558372, 0.0205970108509, 0.0424285903573, 0.0579363666475, 0.0514114461839, 0.0804738253355, 0.0964402705431, 0.0633089020848, 0.0312741845846, 0.0222532302141, 0.0172769241035, 0.0234460383654, 0.0275929495692, 0.0226056780666, 0.014172761701, 0.00968782324344, 0.0293301902711, 0.0909847691655, 0.128071397543, 0.0586395673454, 0.0264353305101, 0.0178611669689, 0.016887024045, 0.0189679842442, 0.0184127222747, 0.0258506089449, 0.0587949715555, 0.0897368341684, 0.0731091946363], "max": [1, 1, 1, 1, 1, 1, 1, 1, 1, 1, 1, 1, 1, 1, 1, 1, 1, 1, 1, 1, 1, 1, 1, 1, 1, 1, 1, 1, 1, 1, 1, 1, 1, 1, 1, 1], "dmean": [0.19336694479, 0.173842266202, 0.165422856808, 0.172658473253, 0.170325428247, 0.16836746037, 0.128097072244, 0.112010739744, 0.116477161646, 0.131525233388, 0.139798253775, 0.130452290177, 0.142934381962, 0.157959192991, 0.131032258272, 0.0809767618775, 0.072219632566, 0.0633227899671, 0.0716952458024, 0.0788619965315, 0.0701796039939, 0.0656713247299, 0.0786607861519, 0.147517591715, 0.217410594225, 0.18897819519, 0.143685340881, 0.104892224073, 0.0899412930012, 0.0909155607224, 0.102023534477, 0.110255226493, 0.120346806943, 0.160193234682, 0.197968095541, 0.203262209892], "dmean2": [0.344452559948, 0.311842411757, 0.300176978111, 0.302609801292, 0.292734444141, 0.293503463268, 0.234438464046, 0.206927552819, 0.215482875705, 0.236413627863, 0.24694660306, 0.231767833233, 0.249005258083, 0.266271293163, 0.226358771324, 0.144689500332, 0.129873767495, 0.114007771015, 0.125407800078, 0.13564388454, 0.123371705413, 0.118871025741, 0.142357677221, 0.263772070408, 0.385096251965, 0.325840950012, 0.247938200831, 0.186254903674, 0.157819971442, 0.160408139229, 0.184659615159, 0.203138947487, 0.218857944012, 0.284941911697, 0.346678525209, 0.358858793974], "mean": [0.184597983956, 0.146864488721, 0.134610444307, 0.203018710017, 0.274374783039, 0.198152765632, 0.102629385889, 0.0835604667664, 0.0886058136821, 0.12629930675, 0.151891961694, 0.130607843399, 0.177448287606, 0.239831089973, 0.162830039859, 0.0822662860155, 0.0648123025894, 0.0542729012668, 0.0735906437039, 0.0911964550614, 0.0726934075356, 0.0553226284683, 0.0617673806846, 0.137522146106, 0.262541741133, 0.264339655638, 0.158683031797, 0.0969581976533, 0.102340869606, 0.108464546502, 0.091210976243, 0.087067976594, 0.100857198238, 0.153302416205, 0.227931514382, 0.234369322658], "dvar2": [0.186131820083, 0.176619872451, 0.175940901041, 0.153732702136, 0.135323747993, 0.146741434932, 0.133735865355, 0.128524631262, 0.138994798064, 0.128521084785, 0.133733212948, 0.11443413794, 0.109369456768, 0.113917514682, 0.113959692419, 0.0644009411335, 0.0768139436841, 0.0503260716796, 0.0495239645243, 0.0546086207032, 0.0488245934248, 0.051745377481, 0.0684431120753, 0.124781303108, 0.202592849731, 0.133521124721, 0.117605872452, 0.0949024558067, 0.0782446488738, 0.0867028236389, 0.103185132146, 0.128214105964, 0.119333416224, 0.145553275943, 0.168745905161, 0.18202650547], "min": [0, 0, 0, 0, 0, 0, 0, 0, 0, 0, 0, 0, 0, 0, 0, 0, 0, 0, 0, 0, 0, 0, 0, 0, 0, 0, 0, 0, 0, 0, 0, 0, 0, 0, 0, 0]}, "key_key": "A#", "thpcp": [1, 0.722197413445, 0.374048173428, 0.30454865098, 0.32293716073, 0.460316747427, 0.553592979908, 0.476019859314, 0.646736860275, 0.874100327492, 0.593458473682, 0.299831807613, 0.236218139529, 0.197805717587, 0.268212139606, 0.332379132509, 0.264942020178, 0.201631605625, 0.225120469928, 0.501220047474, 0.956872701645, 0.963425457478, 0.578344106674, 0.353378683329, 0.372996628284, 0.395315289497, 0.332432061434, 0.317332297564, 0.367589175701, 0.558733642101, 0.830730557442, 0.854194104671, 0.672794997692, 0.535269618034, 0.490607917309, 0.739932119846], "chords_key": "A#", "tuning_equal_tempered_deviation": 0.270262479782, "tuning_frequency": 434.193115234, "tuning_diatonic_strength": 0.570079386234, "chords_histogram": [49.2696495056, 29.5617904663, 3.75608634949, 4.03431463242, 0, 0.695571541786, 0.0927428677678, 3.77927207947, 0.208671465516, 0.834685862064, 0, 0, 0, 0.649200081825, 0.115928590298, 0.255042880774, 0.950614392757, 0, 0.510085761547, 0, 0.0463714338839, 0, 0.301414340734, 4.93855762482], "key_strength": 0.658457577229, "key_scale": "minor", "chords_strength": {"dvar": 8.71006341185e-05, "var": 0.0100830048323, "median": 0.550163388252, "max": 0.795520961285, "dmean": 0.0111996997148, "dmean2": 0.011619457975, "mean": 0.549341678619, "dvar2": 0.000100269782706, "min": 0.244954362512}, "chords_number_rate": 0.0013911430724, "tuning_nontempered_energy_ratio": 0.946636617184, "hpcp_entropy": {"dvar": 0.301505386829, "var": 0.631745100021, "median": 2.14486789703, "max": 4.62019872665, "dmean": 0.663259923458, "dmean2": 1.10198736191, "mean": 2.10829639435, "dvar2": 0.774740874767, "min": 0}, "chords_changes_rate": 0.0466032922268, "chords_scale": "minor"}, "rhythm": {"bpm_histogram_first_peak_spread": {"dvar": 0, "var": 0, "median": 0.315217375755, "max": 0.315217375755, "dmean": 0, "dmean2": 0, "mean": 0.315217375755, "dvar2": 0, "min": 0.315217375755}, "bpm_histogram_first_peak_weight": {"dvar": 0, "var": 0, "median": 0.663157880306, "max": 0.663157880306, "dmean": 0, "dmean2": 0, "mean": 0.663157880306, "dvar2": 0, "min": 0.663157880306}, "bpm_histogram_first_peak_bpm": {"dvar": 0, "var": 0, "median": 144, "max": 144, "dmean": 0, "dmean2": 0, "mean": 144, "dvar2": 0, "min": 144}, "bpm": 143.286102295, "bpm_histogram_second_peak_weight": {"dvar": 0, "var": 0, "median": 0.0189473684877, "max": 0.0189473684877, "dmean": 0, "dmean2": 0, "mean": 0.0189473684877, "dvar2": 0, "min": 0.0189473684877}, "beats_loudness": {"dvar": 0.000196139968466, "var": 0.000242084017373, "median": 0.028939537704, "max": 0.0930896028876, "dmean": 0.0144302360713, "dmean2": 0.0254488140345, "mean": 0.0303072333336, "dvar2": 0.000632797775324, "min": 9.46579792327e-09}, "beats_loudness_band_ratio": {"dvar": [0.0398120544851, 0.00510625867173, 0.00214584590867, 0.00976478215307, 0.00910410191864, 0.00671270722523], "var": [0.0560345649719, 0.00528612127528, 0.00234019034542, 0.0109870387241, 0.0104704741389, 0.00773811992258], "median": [0.561693668365, 0.0457563996315, 0.0317607372999, 0.0607649609447, 0.092523381114, 0.132748886943], "max": [0.992650449276, 0.477980524302, 0.413598120213, 0.675991952419, 0.589001953602, 0.543992340565], "dmean": [0.302161872387, 0.0992603078485, 0.0468910001218, 0.0930682271719, 0.104234851897, 0.116057664156], "dmean2": [0.564091801643, 0.196237191558, 0.0876194387674, 0.164078101516, 0.189434722066, 0.222077071667], "mean": [0.566397309303, 0.0696120783687, 0.0451057143509, 0.0977299585938, 0.116446502507, 0.131525173783], "dvar2": [0.140533179045, 0.0163679383695, 0.00617550499737, 0.0258906986564, 0.0259495880455, 0.0237611550838], "min": [0.00226576672867, 0.00115723407362, 0.00106330204289, 0.000369447778212, 0.00101438583806, 0.000104138220195]}, "bpm_histogram_second_peak_bpm": {"dvar": 0, "var": 0, "median": 136, "max": 136, "dmean": 0, "dmean2": 0, "mean": 136, "dvar2": 0, "min": 136}, "onset_rate": 4.17979860306, "beats_count": 476, "beats_position": [0.476009070873, 0.9287981987, 1.369977355, 1.8111563921, 2.24072551727, 2.67029476166, 3.09986400604, 3.52943301201, 3.94739222527, 4.37696123123, 4.80653047562, 5.22448968887, 5.64244890213, 6.06040811539, 6.47836732864, 6.90793657303, 7.33750534058, 7.77868461609, 8.19664382935, 8.6146030426, 9.04417228699, 9.47374153137, 9.89170074463, 10.3096599579, 10.7392292023, 11.1687984467, 11.5867567062, 12.0047159195, 12.4226751328, 12.840634346, 13.2469835281, 13.6533327103, 14.0829019547, 14.512471199, 14.9420404434, 15.3716096878, 15.8011789322, 16.2307472229, 16.6487064362, 17.0782756805, 17.5078449249, 17.9258041382, 18.3437633514, 18.7617225647, 19.179681778, 19.5976409912, 20.0272102356, 20.4451694489, 20.8747386932, 21.2926979065, 21.7222671509, 22.1402263641, 22.5697956085, 22.9877548218, 23.4173240662, 23.8468933105, 24.2648525238, 24.6944217682, 25.1239910126, 25.5419502258, 25.9599094391, 26.3778686523, 26.7958278656, 27.2137870789, 27.6317462921, 28.0497055054, 28.4676647186, 28.897233963, 29.3268013, 29.7447605133, 30.1743297577, 30.5922889709, 31.0218582153, 31.4514274597, 31.8809967041, 32.2989578247, 32.7169151306, 33.1348762512, 33.5528335571, 33.9707946777, 34.3887519836, 34.8067131042, 35.2246704102, 35.6542396545, 36.0838088989, 36.5017662048, 36.9197273254, 37.3376846313, 37.755645752, 38.1736030579, 38.6031723022, 39.0327415466, 39.462310791, 39.9034919739, 40.3330612183, 40.7510185242, 41.1805877686, 41.6101570129, 42.0281181335, 42.4460754395, 42.8756446838, 43.2936058044, 43.7115631104, 44.1179122925, 44.5358734131, 44.953830719, 45.3717918396, 45.7897491455, 46.2077102661, 46.625667572, 47.0436286926, 47.4615859985, 47.8795471191, 48.3091163635, 48.7386856079, 49.1566429138, 49.5746040344, 49.9925613403, 50.4105224609, 50.8284797668, 51.2464370728, 51.6643981934, 52.0823554993, 52.5003166199, 52.9182739258, 53.3362350464, 53.7541923523, 54.1605415344, 54.5668907166, 54.9848518372, 55.4144210815, 55.8323783875, 56.2619476318, 56.6799087524, 57.0978660583, 57.515827179, 57.9337844849, 58.3517456055, 58.7697029114, 59.1760520935, 59.5940132141, 60.0235824585, 60.4415397644, 60.859500885, 61.2890701294, 61.7070274353, 62.1365966797, 62.5545578003, 62.9725151062, 63.3904762268, 63.8084335327, 64.2263946533, 64.6443557739, 65.0507049561, 65.4686584473, 65.8866195679, 66.316192627, 66.7457580566, 67.1637191772, 67.5932846069, 68.0112457275, 68.4408187866, 68.8587722778, 69.26512146, 69.6830825806, 70.1010437012, 70.5189971924, 70.936958313, 71.3549194336, 71.7728805542, 72.2024459839, 72.632019043, 73.0499725342, 73.4679336548, 73.8858947754, 74.303855896, 74.7218093872, 75.1397705078, 75.5577316284, 75.975692749, 76.3936462402, 76.8116073608, 77.2295684814, 77.6475296021, 78.0654830933, 78.4834442139, 78.9014053345, 79.3077545166, 79.7257156372, 80.1320648193, 80.5500183105, 80.9447631836, 81.3627166748, 81.7806777954, 82.198638916, 82.6049880981, 83.0229492188, 83.4292984009, 83.8472518921, 84.2652130127, 84.6831741333, 85.1011352539, 85.5190887451, 85.9370498657, 86.3550109863, 86.7613601685, 87.1677093506, 87.5856704712, 88.0152359009, 88.44480896, 88.8627624512, 89.2807235718, 89.6986846924, 90.116645813, 90.5345993042, 90.9525604248, 91.3705215454, 91.788482666, 92.2064361572, 92.6243972778, 93.0423583984, 93.460319519, 93.8782730103, 94.2846221924, 94.702583313, 95.1205444336, 95.5384979248, 95.9448471069, 96.3628082275, 96.7807693481, 97.1987304688, 97.61668396, 98.0346450806, 98.4526062012, 98.8705673218, 99.288520813, 99.7064819336, 100.124443054, 100.542404175, 100.948753357, 101.366706848, 101.784667969, 102.202629089, 102.608978271, 103.026939392, 103.444892883, 103.862854004, 104.280815125, 104.698776245, 105.116729736, 105.534690857, 105.952651978, 106.35900116, 106.765350342, 107.183311462, 107.601264954, 108.019226074, 108.437187195, 108.855148315, 109.261497498, 109.66784668, 110.085800171, 110.503761292, 110.921722412, 111.339683533, 111.757637024, 112.175598145, 112.581947327, 112.988296509, 113.406257629, 113.82421875, 114.242172241, 114.648521423, 115.054870605, 115.472831726, 115.890792847, 116.308753967, 116.726707458, 117.144668579, 117.5626297, 117.98059082, 118.398544312, 118.816505432, 119.234466553, 119.652427673, 120.070381165, 120.488342285, 120.906303406, 121.335868835, 121.765441895, 122.183395386, 122.601356506, 123.019317627, 123.437278748, 123.866844177, 124.296417236, 124.725982666, 125.143943787, 125.573509216, 125.991470337, 126.409431458, 126.827392578, 127.23374176, 127.640090942, 128.058044434, 128.464401245, 128.893966675, 129.311920166, 129.729888916, 130.147842407, 130.577407837, 131.006988525, 131.424942017, 131.854507446, 132.284072876, 132.702041626, 133.131607056, 133.561172485, 133.990753174, 134.408706665, 134.838272095, 135.256240845, 135.674194336, 136.092147827, 136.521713257, 136.939682007, 137.369247437, 137.798812866, 138.228393555, 138.657958984, 139.087524414, 139.505477905, 139.923446655, 140.341400146, 140.759368896, 141.177322388, 141.58366394, 142.00163269, 142.419586182, 142.849151611, 143.2787323, 143.696685791, 144.126251221, 144.544219971, 144.962173462, 145.368530273, 145.798095703, 146.216049194, 146.622406006, 147.028747559, 147.446716309, 147.8646698, 148.294235229, 148.712203979, 149.141769409, 149.5597229, 149.97769165, 150.395645142, 150.813598633, 151.231567383, 151.649520874, 152.067474365, 152.485443115, 152.903396606, 153.321365356, 153.739318848, 154.157272339, 154.575241089, 154.99319458, 155.42276001, 155.852325439, 156.270294189, 156.688247681, 157.106216431, 157.524169922, 157.942123413, 158.360092163, 158.778045654, 159.207611084, 159.637191772, 160.055145264, 160.473098755, 160.891067505, 161.309020996, 161.726974487, 162.144943237, 162.562896729, 162.980865479, 163.39881897, 163.805160522, 164.223129272, 164.629470825, 165.047439575, 165.465393066, 165.883346558, 166.289703369, 166.70765686, 167.114013672, 167.531967163, 167.926712036, 168.344665527, 168.762634277, 169.180587769, 169.59854126, 170.01651001, 170.434463501, 170.852416992, 171.270385742, 171.688339233, 172.106307983, 172.524261475, 172.942214966, 173.348571777, 173.75491333, 174.17288208, 174.590835571, 174.997192383, 175.415145874, 175.833099365, 176.239456177, 176.645797729, 177.063766479, 177.481719971, 177.888076782, 178.294418335, 178.700775146, 179.118728638, 179.536682129, 179.94303894, 180.349380493, 180.767349243, 181.173690796, 181.580047607, 181.998001099, 182.41595459, 182.83392334, 183.251876831, 183.669830322, 184.087799072, 184.505752563, 184.923721313, 185.341674805, 185.759628296, 186.177597046, 186.595550537, 187.013504028, 187.431472778, 187.837814331, 188.244171143, 188.662124634, 189.080093384, 189.498046875, 189.916000366, 190.333969116, 190.740310669, 191.14666748, 191.564620972, 191.982574463, 192.400543213, 192.818496704, 193.236465454, 193.642807007, 194.049163818, 194.46711731, 194.885070801, 195.303039551, 195.720993042, 196.150558472, 196.59173584, 197.032928467, 197.474105835, 197.915283203, 198.36807251, 198.820861816, 199.262039185, 199.714828491], "danceability": 1.29311978817, "bpm_histogram_second_peak_spread": {"dvar": 0, "var": 0, "median": 0.307692289352, "max": 0.307692289352, "dmean": 0, "dmean2": 0, "mean": 0.307692289352, "dvar2": 0, "min": 0.307692289352}}, "lowlevel": {"spectral_flux": {"dvar": 0.00126129831187, "var": 0.00287890341133, "median": 0.0668162479997, "max": 0.366119146347, "dmean": 0.0277723353356, "dmean2": 0.0423136539757, "mean": 0.0788136571646, "dvar2": 0.00254312669858, "min": 1.06902181551e-10}, "spectral_rolloff": {"dvar": 1227476.25, "var": 2733018.25, "median": 2368.65234375, "max": 18130.9570312, "dmean": 774.278381348, "dmean2": 1274.07849121, "mean": 2390.07983398, "dvar2": 2813365.75, "min": 64.599609375}, "barkbands_flatness_db": {"dvar": 0.000529857526999, "var": 0.00228230212815, "median": 0.0939342752099, "max": 0.40612757206, "dmean": 0.0221438091248, "dmean2": 0.0340017490089, "mean": 0.102844208479, "dvar2": 0.00117998709902, "min": 0.0139907570556}, "spectral_centroid": {"dvar": 114977.445312, "var": 424185.625, "median": 2424.16723633, "max": 10746.0478516, "dmean": 313.802062988, "dmean2": 496.056549072, "mean": 2306.79052734, "dvar2": 268021.6875, "min": 203.884460449}, "melbands_skewness": {"dvar": 1.11337029934, "var": 4.24073982239, "median": 2.11585688591, "max": 13.8543453217, "dmean": 0.93806797266, "dmean2": 1.4423263073, "mean": 2.59748363495, "dvar2": 2.48508620262, "min": -1.67963337898}, "melbands": {"dvar": [3.00099418382e-06, 5.27948486706e-06, 5.14677230967e-06, 1.66298934801e-06, 2.84605761181e-08, 3.37326362398e-08, 8.06794275832e-09, 3.2164906294e-09, 5.17831777458e-09, 1.03172261845e-08, 2.19874642937e-08, 3.33997505209e-08, 1.32288757726e-08, 1.06421449431e-08, 8.92638141181e-09, 1.65931783869e-08, 6.11191541822e-09, 1.03907602522e-08, 6.69922961549e-09, 3.7209466619e-09, 2.06781614054e-09, 1.77732961681e-09, 1.28610155858e-09, 1.76987580147e-09, 5.83217640848e-10, 4.53605319972e-10, 5.06179598236e-10, 5.13080300468e-10, 2.83731010908e-10, 5.32902368067e-11, 2.49511401124e-11, 2.32103104097e-11, 1.77016613173e-11, 1.75242615558e-11, 1.37931133529e-11, 8.83380087829e-12, 6.0134909205e-12, 3.39805505782e-12, 4.25295779496e-12, 2.26488467737e-12], "var": [3.6724002257e-06, 4.30765476267e-06, 3.59610999112e-06, 1.1148071053e-06, 2.38492958715e-08, 2.51281875308e-08, 1.02602228935e-08, 8.74783179228e-09, 7.86488207893e-09, 2.26832543859e-08, 3.80726490334e-08, 6.8573179135e-08, 2.61339376806e-08, 2.66033541862e-08, 2.40372930449e-08, 4.40496812359e-08, 1.26333672412e-08, 2.16764224348e-08, 1.44559484383e-08, 6.82671386087e-09, 5.05382669047e-09, 4.68678962307e-09, 3.05258640587e-09, 4.32508517889e-09, 1.20898879796e-09, 1.01011765619e-09, 1.20850751628e-09, 1.24802801427e-09, 6.52089604536e-10, 1.10548466214e-10, 3.72336605992e-11, 3.88730159173e-11, 2.62726715383e-11, 2.42427414948e-11, 1.64646473538e-11, 1.13373650745e-11, 7.13611938638e-12, 4.57375630425e-12, 5.05187038036e-12, 2.85187563669e-12], "median": [0.00108808290679, 0.000831493060105, 0.000215778170968, 5.62267996429e-05, 2.50924094871e-05, 1.95245283976e-05, 2.16965363506e-05, 1.8824772269e-05, 1.29581867441e-05, 1.05609096863e-05, 1.35757254611e-05, 2.13685816561e-05, 1.72996897163e-05, 1.99081096071e-05, 1.11079334602e-05, 1.60153558681e-05, 1.15416460176e-05, 1.52963202709e-05, 1.48168783198e-05, 1.25628230307e-05, 1.47288046719e-05, 9.745492207e-06, 1.28605051941e-05, 1.3744575881e-05, 1.03075471998e-05, 9.4596616691e-06, 1.20122913359e-05, 1.03892916741e-05, 7.21017613614e-06, 2.87489024231e-06, 1.62851779351e-06, 1.4776834405e-06, 1.34259539664e-06, 1.26298346004e-06, 1.04045886928e-06, 6.46872990728e-07, 5.19726711445e-07, 4.78714412111e-07, 4.20481484298e-07, 3.37683616181e-07], "max": [0.0285410098732, 0.0333015583456, 0.0287366732955, 0.0169352628291, 0.00360535900109, 0.00343763479032, 0.00139992649201, 0.00191161059774, 0.0032773364801, 0.00282217212953, 0.00367441237904, 0.0058837113902, 0.00489601260051, 0.00414257124066, 0.00218079495244, 0.00277152797207, 0.00218951841816, 0.00235646846704, 0.00197280594148, 0.00164651277009, 0.00100817100611, 0.00201814901084, 0.00154477346223, 0.000977722927928, 0.000539387110621, 0.00072007952258, 0.000597161299083, 0.000593711563852, 0.000457938673208, 0.000170978324604, 7.84959629527e-05, 8.99465594557e-05, 9.05560664251e-05, 6.45297404844e-05, 7.36284418963e-05, 6.60805380903e-05, 5.99162049184e-05, 2.64052123384e-05, 5.57139901503e-05, 2.14554202103e-05], "dmean": [0.000906600209419, 0.000902989064343, 0.000887453439645, 0.000363756756997, 5.9258982219e-05, 5.69223739149e-05, 4.08238593081e-05, 2.9442129744e-05, 2.43405211222e-05, 3.21537663694e-05, 4.48415667051e-05, 5.68656651012e-05, 3.13138698402e-05, 3.56252967322e-05, 3.6503541196e-05, 4.76845525554e-05, 2.69862848654e-05, 3.57751378033e-05, 3.21446168527e-05, 2.54351616604e-05, 2.28696444537e-05, 1.70026905835e-05, 1.66785757756e-05, 2.03831277759e-05, 1.28815599965e-05, 1.08075382741e-05, 1.25334518088e-05, 1.18440102597e-05, 8.42692952574e-06, 3.91126741306e-06, 2.55993882092e-06, 2.42680698648e-06, 2.02810679184e-06, 1.93628170564e-06, 1.62022502082e-06, 1.35318202865e-06, 1.07262133042e-06, 8.55883229178e-07, 8.6537926336e-07, 6.62076104163e-07], "dmean2": [0.00142233795486, 0.00150393997319, 0.00157605402637, 0.00065397110302, 9.90553671727e-05, 9.75594521151e-05, 6.74094335409e-05, 4.69642545795e-05, 3.86441206501e-05, 4.95070562465e-05, 6.77196221659e-05, 8.37735788082e-05, 4.65929879283e-05, 5.4344527598e-05, 5.49362193851e-05, 7.33353226678e-05, 4.11675573559e-05, 5.62007880944e-05, 5.08757475473e-05, 3.92754009226e-05, 3.5837842006e-05, 2.58898708125e-05, 2.63181973423e-05, 3.16284858854e-05, 2.03962135856e-05, 1.71309347934e-05, 1.95161919692e-05, 1.79948656296e-05, 1.31595352286e-05, 6.13766769675e-06, 4.02987143389e-06, 3.82636972063e-06, 3.11962912747e-06, 2.98631948681e-06, 2.5204742542e-06, 2.11171027331e-06, 1.65180381373e-06, 1.30954811084e-06, 1.33680862291e-06, 1.01922182694e-06], "mean": [0.00151117984205, 0.00127122970298, 0.000746673496906, 0.000297073594993, 6.80620214553e-05, 5.99971426709e-05, 5.50571894564e-05, 5.01392787555e-05, 4.14353598899e-05, 5.57424900762e-05, 6.75147384754e-05, 9.45888095885e-05, 5.55144324608e-05, 5.79050429224e-05, 6.16892793914e-05, 8.29986529425e-05, 4.23937890446e-05, 5.68362920603e-05, 4.91362116009e-05, 3.84835948353e-05, 3.78521472157e-05, 2.69682350336e-05, 2.77887920674e-05, 3.36536686518e-05, 2.17857868847e-05, 1.92184634216e-05, 2.35236129811e-05, 2.25239909923e-05, 1.58390448632e-05, 6.87261217536e-06, 3.9325555008e-06, 3.93987238567e-06, 3.24099005411e-06, 3.06179322251e-06, 2.44548482442e-06, 1.97249846678e-06, 1.50809410115e-06, 1.27205134959e-06, 1.17590468562e-06, 9.34235401928e-07], "dvar2": [6.98016901879e-06, 1.39854510053e-05, 1.39204039442e-05, 4.64904769615e-06, 7.57717728561e-08, 9.34117423412e-08, 2.12056772142e-08, 7.67473817831e-09, 1.34276216812e-08, 2.27177299195e-08, 4.6282128352e-08, 7.00193680814e-08, 2.76246723274e-08, 2.23403091582e-08, 1.9315075761e-08, 3.90771823788e-08, 1.26439889669e-08, 2.38991368917e-08, 1.52743453441e-08, 8.26080626126e-09, 4.64413085766e-09, 3.20135629117e-09, 2.72809619339e-09, 3.82189968562e-09, 1.34054356504e-09, 1.0524489058e-09, 1.12519360496e-09, 1.13096521037e-09, 6.26476703847e-10, 1.27388558036e-10, 6.18393808383e-11, 5.7170709139e-11, 4.24266455301e-11, 4.29257983325e-11, 3.50955688122e-11, 2.1869599881e-11, 1.48649825088e-11, 8.12149479612e-12, 1.01110656306e-11, 5.42991780011e-12], "min": [1.62175145078e-23, 7.78270289796e-24, 2.14458877668e-24, 5.70103425873e-24, 7.6560276138e-24, 7.24786624828e-24, 1.04476919725e-23, 5.50880897208e-24, 1.67088312791e-23, 2.16398209373e-23, 1.46995757322e-23, 2.97605633549e-23, 2.06733038231e-23, 8.47794652412e-24, 1.1578513825e-23, 9.84058067559e-24, 1.52573619233e-23, 8.24168662731e-24, 1.40555149793e-23, 6.66926280671e-24, 5.5148851732e-24, 1.2044469507e-23, 1.42889389211e-23, 8.30063820276e-24, 1.64272805111e-23, 1.82455559882e-23, 1.39406079221e-23, 1.02278885031e-23, 1.87048670949e-23, 1.56273739755e-23, 1.8916267618e-23, 1.02101075783e-23, 7.85617345837e-24, 9.49093385656e-24, 8.27455767237e-24, 9.87727769604e-24, 8.47907459521e-24, 6.44286012134e-24, 9.70232412448e-24, 1.27970735762e-23]}, "spectral_decrease": {"dvar": 1.40985904374e-17, "var": 1.6495958376e-17, "median": -3.49687967471e-09, "max": -1.66267217288e-28, "dmean": 2.12042583492e-09, "dmean2": 3.3978422298e-09, "mean": -4.40467351481e-09, "dvar2": 3.53762979549e-17, "min": -4.39304521649e-08}, "barkbands_kurtosis": {"dvar": 66.8167266846, "var": 104.497268677, "median": -0.450604915619, "max": 409.232452393, "dmean": 2.54991149902, "dmean2": 4.07758998871, "mean": 2.16836714745, "dvar2": 164.690704346, "min": -1.93740940094}, "silence_rate_30dB": {"dvar": 0.000695241906215, "var": 0.000579458137508, "median": 1, "max": 1, "dmean": 0.000695732829627, "dmean2": 0.00139162701089, "mean": 0.999420285225, "dvar2": 0.00162160024047, "min": 0}, "gfcc": {"mean": [-20.7378292084, 52.461605072, -115.213409424, 44.4384078979, -27.3172187805, 19.5347328186, -19.5203132629, 13.2834949493, -20.0541000366, 5.00703907013, -10.9093370438, -0.291916966438, -10.9824371338], "cov": [[19888.9863281, -33.6512145996, -870.229736328, 287.729675293, -641.867919922, -26.7804508209, -219.173095703, 140.890716553, -231.324462891, -53.0318527222, -187.320236206, -148.387527466, -78.6687088013], [-33.6512145996, 1269.17712402, -160.912948608, 102.833618164, 181.166687012, -94.598449707, 67.8850784302, -41.48072052, 53.1377258301, -45.1396827698, 29.619512558, -19.9398345947, 20.4608211517], [-870.229736328, -160.912948608, 619.985534668, 24.9569969177, -15.5509700775, -0.868409991264, -52.0749664307, -47.9642791748, 9.70138645172, -59.3086585999, -34.0523109436, 0.415776014328, -25.6509685516], [287.729675293, 102.833618164, 24.9569969177, 339.18182373, -12.6312255859, 35.2696609497, -17.1788902283, 3.46295785904, 36.8174209595, -15.6673564911, -3.92592477798, 15.4969978333, 9.69319343567], [-641.867919922, 181.166687012, -15.5509700775, -12.6312255859, 315.2527771, 8.68663692474, 56.1602020264, 8.92702865601, -0.0554086342454, 14.4615316391, 37.9849205017, 0.144410401583, -0.825195431709], [-26.7804508209, -94.598449707, -0.868409991264, 35.2696609497, 8.68663692474, 221.15435791, 86.6917648315, 24.9585418701, -22.1481704712, 28.8712348938, 26.5521183014, -1.4474196434, -8.17756462097], [-219.173095703, 67.8850784302, -52.0749664307, -17.1788902283, 56.1602020264, 86.6917648315, 177.159042358, 61.3833694458, -1.26518082619, 22.6602115631, 33.6877555847, 2.61460232735, 4.1366071701], [140.890716553, -41.48072052, -47.9642791748, 3.46295785904, 8.92702865601, 24.9585418701, 61.3833694458, 169.622955322, 21.5046577454, 19.1069812775, 14.5187597275, 7.67096805573, 26.4496669769], [-231.324462891, 53.1377258301, 9.70138645172, 36.8174209595, -0.0554086342454, -22.1481704712, -1.26518082619, 21.5046577454, 120.929946899, 29.1718788147, -6.41102075577, 8.75752258301, 9.58658409119], [-53.0318527222, -45.1396827698, -59.3086585999, -15.6673564911, 14.4615316391, 28.8712348938, 22.6602115631, 19.1069812775, 29.1718788147, 107.781326294, 44.9366950989, -0.142752617598, -12.6989946365], [-187.320236206, 29.619512558, -34.0523109436, -3.92592477798, 37.9849205017, 26.5521183014, 33.6877555847, 14.5187597275, -6.41102075577, 44.9366950989, 91.6109008789, 19.7148284912, 1.87750864029], [-148.387527466, -19.9398345947, 0.415776014328, 15.4969978333, 0.144410401583, -1.4474196434, 2.61460232735, 7.67096805573, 8.75752258301, -0.142752617598, 19.7148284912, 67.2748947144, 26.9007987976], [-78.6687088013, 20.4608211517, -25.6509685516, 9.69319343567, -0.825195431709, -8.17756462097, 4.1366071701, 26.4496669769, 9.58658409119, -12.6989946365, 1.87750864029, 26.9007987976, 70.9021072388]], "icov": [[6.50408255751e-05, -1.78846112249e-05, 9.68832318904e-05, -6.97728173691e-05, 0.000118895157357, -6.07600350122e-06, 9.35341813602e-05, -0.000116206727398, 0.000165958525031, -2.68753883574e-05, 0.000116991417599, 6.46927583148e-05, 0.000105596525827], [-1.78846112249e-05, 0.00116614368744, 0.000319516344462, -0.000408080813941, -0.000549965596292, 0.000701463548467, -0.000803538481705, 0.0006798512768, -0.000786665827036, 0.00106202240568, -0.000852412893437, 0.00085098616546, -0.000320934428601], [9.68832318904e-05, 0.000319516344462, 0.00208709016442, -0.000184710050235, -2.53563412116e-05, -0.000217757798964, 0.000418287789216, 0.000221128764679, -0.000599842111114, 0.00155200180598, -7.32008993509e-05, -1.74631113623e-05, 0.00103094545193], [-6.97728173691e-05, -0.000408080813941, -0.000184710050235, 0.00356979016215, 7.8495402704e-05, -0.00135631219018, 0.00100689346436, -0.00020286841027, -0.00138582556974, 0.000863505061716, -0.000230017627473, -0.00090745795751, 3.93271475332e-05], [0.000118895157357, -0.000549965596292, -2.53563412116e-05, 7.8495402704e-05, 0.00397292710841, 0.000104562088381, -0.000680368975736, -0.000229636541917, 0.000493165338412, -0.000300527084619, -0.000842445588205, 0.000197197252419, 0.000281363958493], [-6.07600350122e-06, 0.000701463548467, -0.000217757798964, -0.00135631219018, 0.000104562088381, 0.00684043485671, -0.00374552351423, 0.000452799722552, 0.00149693607818, -0.00136912532616, -0.000467317207949, 0.000669094850309, 4.81468341604e-05], [9.35341813602e-05, -0.000803538481705, 0.000418287789216, 0.00100689346436, -0.000680368975736, -0.00374552351423, 0.00956698786467, -0.00308176153339, 6.6596267061e-06, 0.000243432848947, -0.00107441574801, -0.000330268667312, 0.000697355426382], [-0.000116206727398, 0.0006798512768, 0.000221128764679, -0.00020286841027, -0.000229636541917, 0.000452799722552, -0.00308176153339, 0.00801960285753, -0.00167181971483, -0.000153557833983, -0.000723663775716, 0.000872261531185, -0.00309295277111], [0.000165958525031, -0.000786665827036, -0.000599842111114, -0.00138582556974, 0.000493165338412, 0.00149693607818, 6.6596267061e-06, -0.00167181971483, 0.0118261575699, -0.00596381025389, 0.00407122820616, -0.00168832868803, -0.000949130218942], [-2.68753883574e-05, 0.00106202240568, 0.00155200180598, 0.000863505061716, -0.000300527084619, -0.00136912532616, 0.000243432848947, -0.000153557833983, -0.00596381025389, 0.0165553819388, -0.00836258847266, 0.00199952838011, 0.00322314538062], [0.000116991417599, -0.000852412893437, -7.32008993509e-05, -0.000230017627473, -0.000842445588205, -0.000467317207949, -0.00107441574801, -0.000723663775716, 0.00407122820616, -0.00836258847266, 0.0180118177086, -0.00577780744061, 0.00031662825495], [6.46927583148e-05, 0.00085098616546, -1.74631113623e-05, -0.00090745795751, 0.000197197252419, 0.000669094850309, -0.000330268667312, 0.000872261531185, -0.00168832868803, 0.00199952838011, -0.00577780744061, 0.0201940517873, -0.00720508722588], [0.000105596525827, -0.000320934428601, 0.00103094545193, 3.93271475332e-05, 0.000281363958493, 4.81468341604e-05, 0.000697355426382, -0.00309295277111, -0.000949130218942, 0.00322314538062, 0.00031662825495, -0.00720508722588, 0.0192341785878]]}, "silence_rate_20dB": {"dvar": 0, "var": 0, "median": 1, "max": 1, "dmean": 0, "dmean2": 0, "mean": 1, "dvar2": 0, "min": 1}, "barkbands_skewness": {"dvar": 0.528823494911, "var": 2.02095913887, "median": 0.707232713699, "max": 17.7283706665, "dmean": 0.620501577854, "dmean2": 0.943983674049, "mean": 1.00782752037, "dvar2": 1.15813910961, "min": -2.17542862892}, "erbbands_skewness": {"dvar": 0.0900214463472, "var": 0.449039727449, "median": -0.471459358931, "max": 3.12223863602, "dmean": 0.325486004353, "dmean2": 0.497170835733, "mean": -0.455725193024, "dvar2": 0.201521798968, "min": -5.18292284012}, "spectral_contrast_valleys": {"dvar": [0.131297901273, 0.169328048825, 0.129228517413, 0.131093621254, 0.138802602887, 0.217276319861], "var": [1.92829596996, 1.89339947701, 1.77180969715, 1.76436781883, 1.87355256081, 1.96551334858], "median": [-7.14306688309, -7.48259449005, -7.74115467072, -7.75700569153, -7.27562236786, -9.9729309082], "max": [-5.32186222076, -4.93190097809, -5.65078353882, -5.72294616699, -5.15579032898, -7.66579151154], "dmean": [0.380813807249, 0.422674059868, 0.358121573925, 0.332451820374, 0.311783224344, 0.406242579222], "dmean2": [0.605435967445, 0.669116616249, 0.560550928116, 0.510217905045, 0.451402455568, 0.522740244865], "mean": [-7.47401762009, -7.68854904175, -7.96795463562, -7.96367406845, -7.5563492775, -10.2527704239], "dvar2": [0.283794045448, 0.371689945459, 0.271094501019, 0.258347153664, 0.263568371534, 0.38342949748], "min": [-27.2607479095, -27.249671936, -27.3360176086, -27.199016571, -27.3578891754, -27.1816196442]}, "spectral_strongpeak": {"dvar": 1.41674375534, "var": 2.50544667244, "median": 0.192672818899, "max": 15.485578537, "dmean": 0.590279042721, "dmean2": 1.01577866077, "mean": 0.842304885387, "dvar2": 3.42773866653, "min": 0}, "erbbands_crest": {"dvar": 5.84363460541, "var": 16.8058872223, "median": 7.01691198349, "max": 27.8507633209, "dmean": 2.42824983597, "dmean2": 3.91638088226, "mean": 8.14096832275, "dvar2": 14.1322145462, "min": 2.41073489189}, "barkbands_crest": {"dvar": 7.23414182663, "var": 20.7295761108, "median": 9.68936538696, "max": 25.9966526031, "dmean": 2.97371840477, "dmean2": 4.77068948746, "mean": 10.4892263412, "dvar2": 18.0987968445, "min": 2.23123788834}, "spectral_energyband_middle_low": {"dvar": 9.96776579996e-05, "var": 7.48292732169e-05, "median": 0.00149254698772, "max": 0.135632768273, "dmean": 0.00361799541861, "dmean2": 0.00625108648092, "mean": 0.00380410463549, "dvar2": 0.000267423689365, "min": 3.27428292879e-22}, "spectral_contrast_coeffs": {"dvar": [0.00401775538921, 0.00117743120063, 0.00116263621021, 0.000914089963771, 0.000644935120363, 0.000343116291333], "var": [0.00670311739668, 0.00410407455638, 0.0059767072089, 0.0051310104318, 0.00400794483721, 0.00217908411287], "median": [-0.733719527721, -0.781688690186, -0.766545057297, -0.761464774609, -0.766314268112, -0.756124198437], "max": [-0.327154517174, -0.501464366913, -0.428428381681, -0.476078957319, -0.499734044075, -0.625311911106], "dmean": [0.0597634240985, 0.041703697294, 0.0397013314068, 0.0344009920955, 0.0270351804793, 0.020316619426], "dmean2": [0.0962925553322, 0.0685886219144, 0.0622476190329, 0.0534008815885, 0.0416998416185, 0.0315999612212], "mean": [-0.721078872681, -0.77807956934, -0.75975716114, -0.753768801689, -0.760263860226, -0.759390950203], "dvar2": [0.00981314014643, 0.0031015672721, 0.00263755372725, 0.0019940813072, 0.00128000881523, 0.000798490829766], "min": [-0.959086418152, -0.959388852119, -0.967397630215, -0.96517431736, -0.958170831203, -0.960600852966]}, "hfc": {"dvar": 194.102630615, "var": 454.379974365, "median": 16.456817627, "max": 181.915420532, "dmean": 8.47554588318, "dmean2": 12.0971670151, "mean": 22.1942653656, "dvar2": 433.244567871, "min": 1.19076037309e-16}, "spectral_energyband_high": {"dvar": 1.32056231905e-06, "var": 2.68686540039e-06, "median": 0.000776389322709, "max": 0.0157857276499, "dmean": 0.000659470679238, "dmean2": 0.000962230376899, "mean": 0.00134224374779, "dvar2": 2.98764075524e-06, "min": 8.16186380548e-21}, "erbbands_spread": {"dvar": 114.259178162, "var": 307.386413574, "median": 31.7984733582, "max": 129.531097412, "dmean": 8.86081314087, "dmean2": 13.7403326035, "mean": 35.3547935486, "dvar2": 267.515228271, "min": 3.4585082531}, "dissonance": {"dvar": 0.000180550370715, "var": 0.000276328442851, "median": 0.486122518778, "max": 0.500000119209, "dmean": 0.0114825153723, "dmean2": 0.0195487514138, "mean": 0.481488287449, "dvar2": 0.000465760473162, "min": 0.0710739344358}, "spectral_kurtosis": {"dvar": 2.06628036499, "var": 6.54407739639, "median": 3.75808095932, "max": 26.328168869, "dmean": 1.17971003056, "dmean2": 1.9116063118, "mean": 4.47999858856, "dvar2": 5.29712915421, "min": -1.17455291748}, "spectral_skewness": {"dvar": 0.0297253094614, "var": 0.116086676717, "median": 1.29775381088, "max": 3.72714877129, "dmean": 0.165609478951, "dmean2": 0.264072328806, "mean": 1.36569225788, "dvar2": 0.0736744627357, "min": 0.0108923120424}, "pitch_salience": {"dvar": 0.00535699352622, "var": 0.0110933268443, "median": 0.480359226465, "max": 0.89334076643, "dmean": 0.0775609239936, "dmean2": 0.124571345747, "mean": 0.486792176962, "dvar2": 0.014092345722, "min": 0.0982364490628}, "spectral_complexity": {"dvar": 30.9908714294, "var": 122.778663635, "median": 18, "max": 59, "dmean": 4.44063091278, "dmean2": 6.43882656097, "mean": 17.9785499573, "dvar2": 59.5037574768, "min": 0}, "spectral_spread": {"dvar": 618624778240, "var": 2256614195200.0, "median": 4313626.5, "max": 39622944, "dmean": 568561.3125, "dmean2": 808501.25, "mean": 4529187, "dvar2": 1096368259070.0, "min": 1781779.375}, "dynamic_complexity": 4.24652719498, "melbands_crest": {"dvar": 12.6540727615, "var": 28.7979850769, "median": 15.7654304504, "max": 34.1065750122, "dmean": 3.83149576187, "dmean2": 6.2866101265, "mean": 15.9372425079, "dvar2": 33.8938026428, "min": 2.50257897377}, "zerocrossingrate": {"dvar": 0.000215907813981, "var": 0.00143409334123, "median": 0.08349609375, "max": 0.4951171875, "dmean": 0.0132502904162, "dmean2": 0.0156461782753, "mean": 0.0829352363944, "dvar2": 0.000285995891318, "min": 0.0029296875}, "spectral_energyband_low": {"dvar": 9.54302959144e-05, "var": 0.000110434171802, "median": 0.00568244885653, "max": 0.158956125379, "dmean": 0.00475449068472, "dmean2": 0.00768411578611, "mean": 0.00817696284503, "dvar2": 0.00022956529574, "min": 8.07724020969e-23}, "melbands_kurtosis": {"dvar": 234.515060425, "var": 532.757629395, "median": 3.86527967453, "max": 307.495513916, "dmean": 8.09595012665, "dmean2": 12.7507953644, "mean": 12.3028516769, "dvar2": 529.028503418, "min": -1.85028755665}, "spectral_energyband_middle_high": {"dvar": 9.39640813158e-06, "var": 4.08246778534e-05, "median": 0.00376297277398, "max": 0.0540481992066, "dmean": 0.00206122035161, "dmean2": 0.00298351352103, "mean": 0.00603100610897, "dvar2": 1.85943099495e-05, "min": 1.95605939961e-21}, "barkbands_spread": {"dvar": 79.660987854, "var": 275.848022461, "median": 39.1969947815, "max": 134.876281738, "dmean": 8.50918006897, "dmean2": 13.3140201569, "mean": 38.6675186157, "dvar2": 183.122772217, "min": 0.366365104914}, "mfcc": {"mean": [-662.042724609, 87.0115356445, -14.8827285767, 34.5028572083, 15.0197076797, 14.3304567337, 15.8688983917, 10.639046669, 4.64708757401, 8.88866615295, 1.30987775326, 2.96521186829, 5.13005447388], "cov": [[12776.5390625, -110.952301025, -26.9841518402, 302.370635986, -145.358444214, 15.8719778061, 111.504936218, 36.7601127625, 43.9760665894, 123.445083618, -98.450920105, 24.5637435913, 30.2299194336], [-110.952301025, 1170.51037598, -199.173233032, 189.236602783, 110.79309082, 32.166305542, 54.8844947815, 34.3753967285, 12.6099920273, 12.457616806, 52.7930717468, -36.6304016113, -13.3094825745], [-26.9841518402, -199.173233032, 515.388427734, -5.06965684891, -10.2785053253, 21.1547088623, -75.9803543091, 3.59148263931, -1.35105514526, -54.4785575867, -28.0176010132, 11.6761341095, -38.4395179749], [302.370635986, 189.236602783, -5.06965684891, 284.410247803, 83.6769790649, 16.958026886, -28.2696781158, 32.4894218445, 11.2824077606, -11.0718269348, -14.9071950912, 13.9178352356, 20.8432044983], [-145.358444214, 110.79309082, -10.2785053253, 83.6769790649, 194.715118408, 15.8400392532, 15.2427473068, 12.6995210648, -9.8619260788, 3.66172409058, -5.33217144012, -19.4327507019, 2.50438928604], [15.8719778061, 32.166305542, 21.1547088623, 16.958026886, 15.8400392532, 199.608535767, 36.7856864929, 12.1992864609, -17.362154007, 7.59994649887, 20.2484550476, 8.69079494476, -7.71174716949], [111.504936218, 54.8844947815, -75.9803543091, -28.2696781158, 15.2427473068, 36.7856864929, 223.699035645, 53.7033996582, -7.99559736252, 49.3881835938, 19.9530639648, -9.28601741791, 26.9427013397], [36.7601127625, 34.3753967285, 3.59148263931, 32.4894218445, 12.6995210648, 12.1992864609, 53.7033996582, 110.944885254, 39.8271179199, 11.0608119965, -8.46138191223, 1.30654811859, 7.28176355362], [43.9760665894, 12.6099920273, -1.35105514526, 11.2824077606, -9.8619260788, -17.362154007, -7.99559736252, 39.8271179199, 103.943878174, 25.2890167236, -0.454828262329, 16.2105693817, 7.7839641571], [123.445083618, 12.457616806, -54.4785575867, -11.0718269348, 3