{"tonal": {"chords_key": "F#", "hpcp_entropy": {"dmean": 0.658713161945, "dmean2": 1.11880135536, "max": 4.85381650925, "dvar": 0.303602486849, "mean": 2.28362607956, "dvar2": 0.849891901016, "min": 0, "var": 0.539233386517, "median": 2.28564786911}, "key_key": "F#", "chords_strength": {"dmean": 0.0121967159212, "dmean2": 0.0138882286847, "max": 0.753810584545, "dvar": 0.000623993575573, "mean": 0.52732783556, "dvar2": 0.0012753874762, "min": -1, "var": 0.0119802532718, "median": 0.526527941227}, "key_scale": "major", "chords_number_rate": 0.002273197053, "thpcp": [1, 0.857532739639, 0.492820173502, 0.377917736769, 0.322662264109, 0.380650758743, 0.60728263855, 0.57088124752, 0.299523830414, 0.203748941422, 0.218552857637, 0.372630476952, 0.682226538658, 0.633845984936, 0.444525182247, 0.558883965015, 0.502040922642, 0.310551464558, 0.248597592115, 0.243379473686, 0.426951140165, 0.786062598228, 0.670702695847, 0.342576920986, 0.297844320536, 0.246191054583, 0.260313302279, 0.442200005054, 0.458920717239, 0.282440423965, 0.198928371072, 0.306596457958, 0.483417183161, 0.497374385595, 0.502575457096, 0.704415202141], "key_strength": 0.825355112553, "tuning_nontempered_energy_ratio": 0.968406200409, "tuning_frequency": 434.193115234, "chords_changes_rate": 0.0746021941304, "tuning_diatonic_strength": 0.741380155087, "chords_scale": "major", "chords_histogram": [52.6348419189, 5.08369493484, 8.43149375916, 0.392643094063, 4.67038631439, 0.185988843441, 1.21926021576, 0, 0.061996281147, 0.0413308553398, 0.289315968752, 0.103327132761, 0.764620780945, 0, 0.165323421359, 4.36040496826, 2.02521181107, 3.1618103981, 0.247985124588, 0.475304812193, 0.0413308553398, 3.34779906273, 8.59681797028, 3.69911146164], "tuning_equal_tempered_deviation": 0.431058824062, "hpcp": {"dmean": [0.115165986121, 0.0879819020629, 0.0931986495852, 0.125895947218, 0.186834141612, 0.179400131106, 0.150320291519, 0.17004416883, 0.151934608817, 0.113788820803, 0.0930095538497, 0.0905827507377, 0.131856843829, 0.197013661265, 0.177938103676, 0.103300504386, 0.0893436446786, 0.0841501057148, 0.0899933353066, 0.126631304622, 0.130973801017, 0.102011315525, 0.0811499506235, 0.122459083796, 0.179253563285, 0.170422196388, 0.177509009838, 0.22255602479, 0.253254354, 0.215094342828, 0.172756925225, 0.160605996847, 0.138796791434, 0.137755468488, 0.167622745037, 0.161636516452], "dmean2": [0.208132892847, 0.161337569356, 0.169691309333, 0.222751915455, 0.320258080959, 0.308183372021, 0.269188761711, 0.296804845333, 0.262268394232, 0.203563854098, 0.168345317245, 0.161213859916, 0.227471232414, 0.33417531848, 0.301268130541, 0.180209591985, 0.158325627446, 0.150332212448, 0.160774901509, 0.218569159508, 0.227039456367, 0.184390485287, 0.146182209253, 0.226013094187, 0.324108332396, 0.303303480148, 0.317599087954, 0.397049516439, 0.4389500916, 0.368297755718, 0.310563534498, 0.296762079, 0.25442019105, 0.245912745595, 0.288660526276, 0.279065459967], "max": [1, 1, 1, 1, 1, 1, 1, 1, 1, 1, 1, 1, 1, 1, 1, 1, 1, 1, 1, 1, 1, 1, 1, 1, 1, 1, 1, 1, 1, 1, 1, 1, 1, 1, 1, 1], "dvar": [0.0392795912921, 0.0313434936106, 0.0352825000882, 0.0358394347131, 0.0547622852027, 0.0490402318537, 0.0452607758343, 0.0578326918185, 0.0512733235955, 0.0384669862688, 0.0308104921132, 0.0288301408291, 0.0364369414747, 0.0613313429058, 0.050077624619, 0.0248971246183, 0.0276699308306, 0.0260507445782, 0.026756413281, 0.0387785173953, 0.0436422489583, 0.0350703410804, 0.0272496622056, 0.0430813878775, 0.0739827230573, 0.0515386871994, 0.0565609186888, 0.0735987797379, 0.0752480402589, 0.064787492156, 0.0560047589242, 0.0641716495156, 0.0548467040062, 0.0487124398351, 0.0543670915067, 0.0513167642057], "mean": [0.0973286703229, 0.0662071332335, 0.0710175856948, 0.121084287763, 0.221685871482, 0.205964878201, 0.144446089864, 0.18160636723, 0.163135528564, 0.100912041962, 0.0807804614305, 0.0790848657489, 0.138735502958, 0.255426853895, 0.217941269279, 0.111318551004, 0.0967829301953, 0.0799984708428, 0.0845874175429, 0.143690541387, 0.149123847485, 0.091777510941, 0.0646407157183, 0.0996268838644, 0.157083839178, 0.161619156599, 0.163309216499, 0.228895962238, 0.324944674969, 0.278650701046, 0.160139292479, 0.122802354395, 0.104847386479, 0.1236904338, 0.197333261371, 0.185504823923], "dvar2": [0.107712969184, 0.0861022844911, 0.096169270575, 0.0969488918781, 0.134733989835, 0.128713190556, 0.124179765582, 0.13971529901, 0.128118023276, 0.108343876898, 0.0836480781436, 0.0776188671589, 0.0960705950856, 0.147293895483, 0.124683275819, 0.0674440190196, 0.0738107934594, 0.0715954080224, 0.0758289843798, 0.101717464626, 0.112902410328, 0.0992444753647, 0.073522426188, 0.117552854121, 0.186206489801, 0.135243520141, 0.153099521995, 0.188810229301, 0.187949180603, 0.157050594687, 0.154903635383, 0.176459670067, 0.151104599237, 0.13001973927, 0.138746201992, 0.132847651839], "min": [0, 0, 0, 0, 0, 0, 0, 0, 0, 0, 0, 0, 0, 0, 0, 0, 0, 0, 0, 0, 0, 0, 0, 0, 0, 0, 0, 0, 0, 0, 0, 0, 0, 0, 0, 0], "var": [0.0319179445505, 0.0235776901245, 0.027185600251, 0.0341879315674, 0.0844055712223, 0.0711473450065, 0.0444372929633, 0.0778511464596, 0.0705036073923, 0.0329706706107, 0.027358090505, 0.0249395053834, 0.0393728390336, 0.0956916809082, 0.0734696760774, 0.0299460850656, 0.0403759852052, 0.0264550857246, 0.0242123454809, 0.0548791885376, 0.0611452870071, 0.0317901000381, 0.0221176911145, 0.0362605825067, 0.0727442726493, 0.0517341047525, 0.0560225732625, 0.0839128047228, 0.119121238589, 0.104609981179, 0.0532977990806, 0.054925352335, 0.0436502322555, 0.0442221201956, 0.0777369737625, 0.0713633969426], "median": [0.0283001288772, 0.0133403362706, 0.0137483906001, 0.0469632931054, 0.0847091972828, 0.0798053443432, 0.0574026182294, 0.0429140366614, 0.0348194465041, 0.0288223791867, 0.0211952645332, 0.0220796521753, 0.0590420849621, 0.114358536899, 0.0922259092331, 0.0414778590202, 0.0216954685748, 0.0193044710904, 0.0269103553146, 0.039401628077, 0.036858599633, 0.0250827781856, 0.0135702835396, 0.018013779074, 0.0373823046684, 0.0589428059757, 0.0603397749364, 0.101243063807, 0.167696580291, 0.125602811575, 0.059947874397, 0.0217217504978, 0.0175767298788, 0.0355414263904, 0.0636589303613, 0.0552885830402]}}, "lowlevel": {"melbands_flatness_db": {"dmean": 0.0352776609361, "dmean2": 0.0514509752393, "max": 0.693705260754, "dvar": 0.00132893619593, "mean": 0.199910834432, "dvar2": 0.00278699258342, "min": 0.00367436883971, "var": 0.00907689705491, "median": 0.177312612534}, "melbands_crest": {"dmean": 3.5057053566, "dmean2": 5.56191968918, "max": 35.8294868469, "dvar": 9.43130493164, "mean": 14.2142677307, "dvar2": 22.6474723816, "min": 1.69661557674, "var": 28.3201351166, "median": 13.7980651855}, "spectral_entropy": {"dmean": 0.227990120649, "dmean2": 0.319105565548, "max": 9.81971931458, "dvar": 0.0711085274816, "mean": 7.6062836647, "dvar2": 0.138787180185, "min": 4.54581546783, "var": 0.368996858597, "median": 7.72782468796}, "melbands": {"dmean": [0.00113395473454, 0.00141150993295, 0.00193464092445, 0.00121448782738, 0.000184865377378, 0.000110880275315, 0.000112052803161, 8.39886124595e-05, 7.01655808371e-05, 6.04129345447e-05, 7.23642006051e-05, 7.66790035414e-05, 5.95365490881e-05, 5.99628438067e-05, 4.49511353509e-05, 3.03690194414e-05, 3.19679529639e-05, 3.38724094036e-05, 3.25919354509e-05, 2.27698419621e-05, 1.95471438929e-05, 1.49563875311e-05, 1.11633016786e-05, 1.12243633339e-05, 7.76520573709e-06, 5.90017862123e-06, 5.22617665411e-06, 5.32478361492e-06, 4.67585687147e-06, 3.82766029361e-06, 3.82697589885e-06, 2.66837696472e-06, 2.27253258345e-06, 1.67626285474e-06, 1.60805677751e-06, 1.97295889848e-06, 1.96549672182e-06, 1.18384116377e-06, 1.23292841181e-06, 1.03145760022e-06], "dmean2": [0.00196845363826, 0.00252688117325, 0.00337589392439, 0.00212815916166, 0.000300185522065, 0.000173407956026, 0.000173798223841, 0.000136348739034, 0.000112219946459, 9.4076989626e-05, 0.000109623404569, 0.000116102950415, 8.94552504178e-05, 9.0498913778e-05, 6.77813222865e-05, 4.86099597765e-05, 5.09672972839e-05, 5.47724666831e-05, 5.21792753716e-05, 3.64384395652e-05, 3.13093551085e-05, 2.39715682255e-05, 1.75013228727e-05, 1.79325761565e-05, 1.24149910334e-05, 9.88746796793e-06, 8.59415558807e-06, 8.81419236975e-06, 7.66645371186e-06, 6.07971014688e-06, 6.10694769421e-06, 4.35413039668e-06, 3.69841723113e-06, 2.66633060164e-06, 2.47413640864e-06, 3.00059377878e-06, 2.99237080981e-06, 1.79652568022e-06, 1.89414822671e-06, 1.55289615122e-06], "max": [0.0266601219773, 0.0291916020215, 0.0728466287255, 0.0534561276436, 0.0122728068382, 0.00394744658843, 0.00598822021857, 0.00373174878769, 0.00291281379759, 0.0027415768709, 0.00424279132858, 0.00401587085798, 0.00284710898995, 0.0046838526614, 0.00499029364437, 0.00343784340657, 0.00202544010244, 0.00401171995327, 0.00162786757573, 0.00113209674601, 0.000717913964763, 0.0014453077456, 0.000541737361345, 0.000416440336267, 0.000464025622932, 0.000707988860086, 0.000812140875496, 0.000844416441396, 0.001728389645, 0.000676185940392, 0.000461023446405, 0.000230988618569, 0.000192620005691, 0.000142405115184, 0.00010106224363, 0.000216408836422, 0.000291585689411, 9.61596888374e-05, 9.4633178378e-05, 0.000125617109006], "dvar": [9.34572653932e-06, 1.13324222184e-05, 3.297522926e-05, 1.72814579855e-05, 1.33394095769e-07, 4.37295994971e-08, 5.84802428705e-08, 2.71850595368e-08, 1.9125193873e-08, 1.42829295058e-08, 3.03434468663e-08, 3.05970679904e-08, 1.95892315702e-08, 2.49959057896e-08, 2.15950244353e-08, 7.70816566131e-09, 7.91917198484e-09, 9.64563895423e-09, 6.36223029815e-09, 3.10178860374e-09, 1.42779654766e-09, 1.95350224885e-09, 5.65809010755e-10, 4.11450595816e-10, 2.37211611465e-10, 2.66854149888e-10, 3.40437900093e-10, 4.4317857717e-10, 8.38144720294e-10, 2.77192324649e-10, 1.8073482988e-10, 8.21517784355e-11, 4.49264063451e-11, 2.08332136264e-11, 1.47770216202e-11, 3.61578891828e-11, 5.51132230131e-11, 1.29216429223e-11, 1.54186281798e-11, 1.62586836355e-11], "mean": [0.0010771623347, 0.00147806701716, 0.00184745935258, 0.00112397491466, 0.000275496044196, 0.000168664351804, 0.00015854711819, 0.000110781060357, 9.20887541724e-05, 8.15848397906e-05, 0.000101259931398, 0.000107565661892, 8.9305867732e-05, 8.68229544722e-05, 5.82455577387e-05, 3.93657755922e-05, 4.18140407419e-05, 4.38296883658e-05, 4.46059930255e-05, 3.2469186408e-05, 2.89719355351e-05, 2.15388263314e-05, 1.75155546458e-05, 1.80732022272e-05, 1.18760826808e-05, 7.68798145145e-06, 7.05271213519e-06, 6.70547024129e-06, 5.75060539632e-06, 4.7289813665e-06, 4.36908339907e-06, 3.29248132402e-06, 2.81423808701e-06, 2.29783154282e-06, 2.32314096138e-06, 2.70876489594e-06, 2.60922138295e-06, 1.64846426287e-06, 1.75119691903e-06, 1.46938259604e-06], "dvar2": [2.51759684033e-05, 3.17161902785e-05, 9.11653260118e-05, 4.82686518808e-05, 3.32618128596e-07, 9.98080693648e-08, 1.31905764533e-07, 6.98966289292e-08, 4.69571546091e-08, 3.20164978973e-08, 6.3278228879e-08, 6.49003553121e-08, 4.03200139942e-08, 4.90594445068e-08, 4.53150832413e-08, 1.80952639539e-08, 1.91996036847e-08, 2.40142856711e-08, 1.51718815289e-08, 8.0036439698e-09, 3.41315709029e-09, 5.19165066493e-09, 1.39360700757e-09, 1.03865205325e-09, 5.91934057326e-10, 7.01201374742e-10, 8.84998963002e-10, 1.12720033307e-09, 2.22670037964e-09, 6.70957289728e-10, 4.3547004891e-10, 1.86773999045e-10, 1.05457670374e-10, 4.76782849312e-11, 3.27288543489e-11, 7.82574768876e-11, 1.27602053923e-10, 2.91615551151e-11, 3.06588747445e-11, 3.54054181806e-11], "min": [4.32889788323e-24, 3.07888269788e-24, 1.97785888284e-24, 1.67951149127e-24, 3.87713814762e-24, 4.06449497919e-24, 3.92992674725e-24, 2.1421760456e-24, 4.62413814891e-24, 5.07837372446e-24, 4.58196525048e-24, 5.67776088987e-24, 3.98817189775e-24, 5.83855046388e-24, 3.25922359778e-24, 3.51843717756e-24, 5.30155194088e-24, 7.35894023031e-24, 2.75991842655e-24, 4.78449187726e-24, 3.63439263088e-24, 3.7754184782e-24, 3.34657436303e-24, 4.12324500068e-24, 6.82577517688e-24, 7.09306965057e-24, 6.13942240756e-24, 5.60665257345e-24, 6.22993196909e-24, 5.58559905918e-24, 7.53679444342e-24, 6.93180281571e-24, 7.20092665783e-24, 7.09605864454e-24, 9.16012030279e-24, 7.71659477638e-24, 7.16024115665e-24, 7.57549753715e-24, 6.09042586231e-24, 8.23813359779e-24], "var": [7.07703429725e-06, 8.27143776405e-06, 2.33530154219e-05, 1.16147493827e-05, 1.85951876119e-07, 8.65712621589e-08, 8.85461233224e-08, 3.14878789709e-08, 2.69183786372e-08, 2.3352361822e-08, 5.32282165011e-08, 5.37184092764e-08, 3.65928407575e-08, 5.76886272086e-08, 3.58183598337e-08, 1.02430055549e-08, 1.07468220989e-08, 1.12735998314e-08, 8.48898551453e-09, 4.42755876406e-09, 2.56543786215e-09, 1.98696326059e-09, 8.62345472807e-10, 7.17971571085e-10, 3.369580448e-10, 2.44758796564e-10, 2.99523461589e-10, 4.08444611466e-10, 6.52483511665e-10, 2.76550143896e-10, 2.03835101575e-10, 9.92352519602e-11, 5.03368804972e-11, 2.5369277859e-11, 2.15665436898e-11, 4.83368171877e-11, 6.59435769879e-11, 1.87847480626e-11, 2.54370396274e-11, 2.54250284021e-11], "median": [0.000190803126316, 0.000514795829076, 0.000569546187762, 0.000335550837917, 0.000143159995787, 7.05068086972e-05, 6.69684959576e-05, 5.2386407333e-05, 3.70627385564e-05, 2.83701483568e-05, 3.14169883495e-05, 3.04910136038e-05, 2.43967842835e-05, 2.2041334887e-05, 1.34384217745e-05, 1.46177053466e-05, 1.54969820869e-05, 1.58097464009e-05, 1.65766086866e-05, 1.39995190693e-05, 1.42793960549e-05, 1.03849133666e-05, 8.38985397422e-06, 9.78584284894e-06, 6.51454411127e-06, 3.80795245292e-06, 3.26291706187e-06, 2.53426446761e-06, 2.11210044654e-06, 1.74089700522e-06, 1.25100200421e-06, 1.03010756902e-06, 1.07241635305e-06, 1.02612830233e-06, 1.0661728993e-06, 1.00707609363e-06, 8.117337984e-07, 5.39060238225e-07, 5.18125887083e-07, 3.89544652535e-07]}, "silence_rate_60dB": {"dmean": 0.0256330743432, "dmean2": 0.0512714497745, "max": 1, "dvar": 0.0249750968069, "mean": 0.0953906551003, "dvar2": 0.0546342581511, "min": 0, "var": 0.0862861424685, "median": 0}, "spectral_energyband_middle_high": {"dmean": 0.00225671194494, "dmean2": 0.00332347187214, "max": 0.0705729275942, "dvar": 1.24161651911e-05, "mean": 0.00498291198164, "dvar2": 2.63396523223e-05, "min": 1.37060515546e-21, "var": 3.10334980895e-05, "median": 0.00328193139285}, "erbbands_skewness": {"dmean": 0.506788492203, "dmean2": 0.751398026943, "max": 8.42266559601, "dvar": 0.370122104883, "mean": 0.100625686347, "dvar2": 0.768689393997, "min": -8.36475276947, "var": 1.16812467575, "median": 0.00817453116179}, "dynamic_complexity": 3.28791451454, "dissonance": {"dmean": 0.0194248072803, "dmean2": 0.0312801860273, "max": 0.500000119209, "dvar": 0.000456989742815, "mean": 0.463351547718, "dvar2": 0.00109524896834, "min": 0.192742154002, "var": 0.00112891173922, "median": 0.473533928394}, "spectral_skewness": {"dmean": 0.304753392935, "dmean2": 0.453054070473, "max": 9.18050956726, "dvar": 0.198180988431, "mean": 1.66389489174, "dvar2": 0.418186306953, "min": -1.14417934418, "var": 0.573162078857, "median": 1.58074712753}, "spectral_kurtosis": {"dmean": 2.23233127594, "dmean2": 3.46810793877, "max": 122.582550049, "dvar": 22.4052066803, "mean": 5.73305702209, "dvar2": 49.5032196045, "min": -1.49833023548, "var": 57.7799720764, "median": 4.00570678711}, "gfcc": {"cov": [[19957.328125, -1034.2623291, -1110.26330566, 441.348724365, -1345.36486816, 1101.31469727, -1078.18713379, 583.042663574, -605.374389648, 252.35269165, -447.696685791, 71.606918335, -186.285675049], [-1034.2623291, 2056.39526367, -374.62802124, -203.213378906, 296.378448486, -473.256988525, 159.798553467, -191.472549438, 29.9050064087, -143.249038696, 144.56918335, -76.024230957, -0.839895188808], [-1110.26330566, -374.62802124, 1262.57250977, 125.7473526, 184.011672974, 86.0633392334, 62.0590057373, 80.57862854, 58.9918136597, 112.096420288, -29.5157337189, 63.2734489441, 19.574262619], [441.348724365, -203.213378906, 125.7473526, 637.104187012, -10.741271019, 18.8139915466, 9.95378112793, -30.3467826843, 54.4466285706, 17.6740913391, -22.1464271545, -8.68606090546, 5.48262214661], [-1345.36486816, 296.378448486, 184.011672974, -10.741271019, 447.015808105, -80.2489242554, 121.389404297, -12.7041473389, 78.6841049194, 7.35113286972, 33.4277648926, 8.70038509369, 30.5955715179], [1101.31469727, -473.256988525, 86.0633392334, 18.8139915466, -80.2489242554, 525.54498291, 32.4164161682, 151.669281006, -35.1021690369, 57.5830955505, -36.3953552246, 20.3775424957, 24.0104141235], [-1078.18713379, 159.798553467, 62.0590057373, 9.95378112793, 121.389404297, 32.4164161682, 366.912597656, -3.62786912918, 48.5277557373, -5.45160341263, 37.7805480957, -0.13278876245, 13.2996101379], [583.042663574, -191.472549438, 80.57862854, -30.3467826843, -12.7041473389, 151.669281006, -3.62786912918, 251.08555603, 25.9821872711, 31.2973117828, -20.7370700836, 34.7433319092, 30.0267887115], [-605.374389648, 29.9050064087, 58.9918136597, 54.4466285706, 78.6841049194, -35.1021690369, 48.5277557373, 25.9821872711, 158.873535156, 39.7956390381, 25.3112602234, 12.6558790207, 28.0269508362], [252.35269165, -143.249038696, 112.096420288, 17.6740913391, 7.35113286972, 57.5830955505, -5.45160341263, 31.2973117828, 39.7956390381, 131.220840454, 28.4289493561, 19.5443191528, 2.87532329559], [-447.696685791, 144.56918335, -29.5157337189, -22.1464271545, 33.4277648926, -36.3953552246, 37.7805480957, -20.7370700836, 25.3112602234, 28.4289493561, 133.469787598, 30.8213176727, 9.5054731369], [71.606918335, -76.024230957, 63.2734489441, -8.68606090546, 8.70038509369, 20.3775424957, -0.13278876245, 34.7433319092, 12.6558790207, 19.5443191528, 30.8213176727, 99.0767211914, 39.8244438171], [-186.285675049, -0.839895188808, 19.574262619, 5.48262214661, 30.5955715179, 24.0104141235, 13.2996101379, 30.0267887115, 28.0269508362, 2.87532329559, 9.5054731369, 39.8244438171, 93.4641876221]], "mean": [-18.4454650879, 71.0208816528, -102.70098877, 26.9885387421, -41.7374992371, 10.1257162094, -38.2155570984, 4.49824619293, -25.8708534241, -5.03839492798, -20.1890850067, -1.56798970699, -14.4637537003], "icov": [[0.000138806586619, -0.000145772719407, 0.000141758471727, -0.000187825280591, 0.00021655447199, -0.000223528782954, 0.000273082929198, -0.000263364345301, 0.000403521349654, -0.000536454375833, 0.000504620256834, -0.000429230480222, 0.00031603462412], [-0.000145772719407, 0.00102734065149, 1.58883285621e-05, 0.000385908089811, -0.000665695930365, 0.000783885538112, -0.000507820979692, 0.000336322846124, -0.000341640028637, 0.00116569187958, -0.00137092836667, 0.00118804548401, -0.00062672974309], [0.000141758471727, 1.58883285621e-05, 0.0011832852615, -0.000341823179042, -0.000309102411848, -0.000148251128849, 0.000124453086755, -0.000401041441364, 0.000513462931849, -0.00126447237562, 0.000969514949247, -0.00100403302349, 0.000519460358191], [-0.000187825280591, 0.000385908089811, -0.000341823179042, 0.00201493990608, -0.000169462204212, 0.000249491276918, -0.00040900244494, 0.000850168755278, -0.00132931291591, 0.000881554908119, -0.000530172372237, 0.000891982868779, -0.000595698365942], [0.00021655447199, -0.000665695930365, -0.000309102411848, -0.000169462204212, 0.00350545183755, -0.000198891866603, -0.00020584675076, -0.000316507939715, -0.000383591104764, -0.000867920054588, 0.000839911110234, -0.00062472600257, -0.000142631513881], [-0.000223528782954, 0.000783885538112, -0.000148251128849, 0.000249491276918, -0.000198891866603, 0.00346143287607, -0.00119521142915, -0.00104261236265, 0.000663378334139, -0.000136732705869, -0.00071193248732, 0.00127898179926, -0.00140842900146], [0.000273082929198, -0.000507820979692, 0.000124453086755, -0.00040900244494, -0.00020584675076, -0.00119521142915, 0.00387352122925, -0.000282863358734, -0.000104043130705, -0.000299231993267, 0.00018395629013, -0.000614560616668, 0.00073532195529], [-0.000263364345301, 0.000336322846124, -0.000401041441364, 0.000850168755278, -0.000316507939715, -0.00104261236265, -0.000282863358734, 0.00602286029607, -0.00216029887088, 0.000879288534634, 4.41200136265e-05, -0.000533012498636, -0.00116762996186], [0.000403521349654, -0.000341640028637, 0.000513462931849, -0.00132931291591, -0.000383591104764, 0.000663378334139, -0.000104043130705, -0.00216029887088, 0.0101080024615, -0.00430187629536, 0.00079675152665, -0.000498764507938, -0.00133161304984], [-0.000536454375833, 0.00116569187958, -0.00126447237562, 0.000881554908119, -0.000867920054588, -0.000136732705869, -0.000299231993267, 0.000879288534634, -0.00430187629536, 0.0129506569356, -0.0050930660218, 0.00154842529446, -1.65183046192e-05], [0.000504620256834, -0.00137092836667, 0.000969514949247, -0.000530172372237, 0.000839911110234, -0.00071193248732, 0.00018395629013, 4.41200136265e-05, 0.00079675152665, -0.0050930660218, 0.0124738346785, -0.00571523793042, 0.00177347462159], [-0.000429230480222, 0.00118804548401, -0.00100403302349, 0.000891982868779, -0.00062472600257, 0.00127898179926, -0.000614560616668, -0.000533012498636, -0.000498764507938, 0.00154842529446, -0.00571523793042, 0.0162850413471, -0.0068080178462], [0.00031603462412, -0.00062672974309, 0.000519460358191, -0.000595698365942, -0.000142631513881, -0.00140842900146, 0.00073532195529, -0.00116762996186, -0.00133161304984, -1.65183046192e-05, 0.00177347462159, -0.0068080178462, 0.0150489956141]]}, "spectral_complexity": {"dmean": 4.70346260071, "dmean2": 6.94852161407, "max": 57, "dvar": 26.8500461578, "mean": 17.6085166931, "dvar2": 55.5771789551, "min": 0, "var": 97.5842437744, "median": 17}, "spectral_flux": {"dmean": 0.0385667644441, "dmean2": 0.0606512986124, "max": 0.526280224323, "dvar": 0.00313120591454, "mean": 0.0904115661979, "dvar2": 0.0061924662441, "min": 6.59956603255e-11, "var": 0.00492323050275, "median": 0.0707985088229}, "spectral_energyband_low": {"dmean": 0.00808938127011, "dmean2": 0.0142883183435, "max": 0.138884022832, "dvar": 0.000328967929818, "mean": 0.00855768658221, "dvar2": 0.000894603901543, "min": 2.40698612019e-23, "var": 0.000248326279689, "median": 0.00354087119922}, "spectral_decrease": {"dmean": 4.3527506044e-09, "dmean2": 7.4420909435e-09, "max": 1.17037447645e-14, "dvar": 8.0725224341e-17, "mean": -5.96653393359e-09, "dvar2": 2.19237498033e-16, "min": -9.8176322183e-08, "var": 6.37108139725e-17, "median": -3.86764176241e-09}, "barkbands_spread": {"dmean": 8.84749507904, "dmean2": 13.3180923462, "max": 160.137771606, "dvar": 115.638977051, "mean": 28.222454071, "dvar2": 256.157623291, "min": 0.0632107555866, "var": 358.783447266, "median": 25.0997200012}, "spectral_rms": {"dmean": 0.00130521203391, "dmean2": 0.00207090843469, "max": 0.0192398447543, "dvar": 3.78211075258e-06, "mean": 0.00428487919271, "dvar2": 9.69336360868e-06, "min": 3.19064089385e-12, "var": 5.39570010005e-06, "median": 0.00397434830666}, "spectral_centroid": {"dmean": 345.039367676, "dmean2": 517.13293457, "max": 11420.3349609, "dvar": 178938.46875, "mean": 1460.08374023, "dvar2": 349162.5, "min": 87.0819473267, "var": 643163.75, "median": 1389.54797363}, "barkbands_skewness": {"dmean": 0.810938477516, "dmean2": 1.23954832554, "max": 41.7571525574, "dvar": 0.901544511318, "mean": 1.59188306332, "dvar2": 2.19440507889, "min": -13.0227336884, "var": 9.37961959839, "median": 1.15077114105}, "spectral_rolloff": {"dmean": 840.019714355, "dmean2": 1382.22814941, "max": 19422.9492188, "dvar": 2237172.5, "mean": 2038.53369141, "dvar2": 4757776, "min": 64.599609375, "var": 6353616.5, "median": 1507.32421875}, "erbbands_spread": {"dmean": 11.880689621, "dmean2": 17.598783493, "max": 282.417266846, "dvar": 152.397445679, "mean": 41.5504875183, "dvar2": 331.612426758, "min": 1.21650779247, "var": 564.618225098, "median": 38.2184677124}, "barkbands": {"dmean": [0.000522285408806, 0.00389150925912, 0.00300381565467, 0.00397418346256, 0.00463845673949, 0.000581407686695, 0.000558085157536, 0.000361082929885, 0.000457294081571, 0.000447149650427, 0.000542908615898, 0.000489559315611, 0.00033126908238, 0.000399744138122, 0.000381916499464, 0.000319616112392, 0.000228737655561, 0.000220509085921, 0.000156722133397, 0.000161653544637, 0.000163996097399, 0.000121916593343, 0.000100898665551, 0.000120744974993, 0.000103753751318, 7.70721890149e-05, 2.1637259124e-05], "dmean2": [0.000940514029935, 0.00680303107947, 0.00535873463377, 0.00690957624465, 0.00812537968159, 0.000910456117708, 0.000874494202435, 0.000587677583098, 0.000709434971213, 0.000689039879944, 0.000813240301795, 0.000739896669984, 0.000523814349435, 0.00063352601137, 0.000610952207353, 0.000509218778461, 0.000364279956557, 0.000347624212736, 0.00025667619775, 0.000262355431914, 0.000261748151388, 0.000196535052964, 0.000153697983478, 0.000180137998541, 0.000155501678819, 0.00012347617303, 3.47641762346e-05], "max": [0.0145311020315, 0.09143024683, 0.049099739641, 0.157124772668, 0.202441260219, 0.0266513284296, 0.0248367730528, 0.0184590816498, 0.0157433841377, 0.0264368206263, 0.0325078107417, 0.0450142398477, 0.029108164832, 0.0243717189878, 0.037692066282, 0.0129345534369, 0.0199405215681, 0.00940768886358, 0.0138859553263, 0.0205330364406, 0.0295916162431, 0.00983146112412, 0.00651187961921, 0.0127457650378, 0.00629432871938, 0.00267932005227, 0.000632989627775], "dvar": [2.3135162337e-06, 0.000107609048428, 4.25253711001e-05, 0.000156781155965, 0.000238015345531, 1.14549789032e-06, 1.42973021866e-06, 6.0395939272e-07, 7.63121647651e-07, 1.42660667279e-06, 1.85338717529e-06, 1.76530556928e-06, 9.13092719657e-07, 9.73341229837e-07, 9.76347223514e-07, 4.63105891413e-07, 3.92262023752e-07, 1.52928507191e-07, 1.37233669761e-07, 3.44070201663e-07, 4.86911119424e-07, 1.40833037676e-07, 6.47831086553e-08, 1.39422070333e-07, 7.65631682498e-08, 3.60141179101e-08, 1.8064559848e-09], "mean": [0.000389522057958, 0.00390881393105, 0.00303851231001, 0.0036676004529, 0.00448576826602, 0.000879438593984, 0.000747159821913, 0.000466498720925, 0.000636694487184, 0.000581669679377, 0.000776791071985, 0.000715379603207, 0.000422020006226, 0.000533461337909, 0.00052332872292, 0.000483983865706, 0.000340449390933, 0.000365274929209, 0.000218553323066, 0.000220096029807, 0.000207179589779, 0.000157017144375, 0.00014503460261, 0.00017508523888, 0.000152221080498, 8.93190226634e-05, 2.28846383834e-05], "dvar2": [6.45015643386e-06, 0.000292795069981, 0.000118189760542, 0.000433410954429, 0.000664579099976, 2.58062141256e-06, 3.34731930707e-06, 1.5287964743e-06, 1.69528857441e-06, 2.99547241411e-06, 3.76456341655e-06, 3.59582327292e-06, 1.96982296075e-06, 2.33720993492e-06, 2.37939025283e-06, 1.16039882414e-06, 1.02377850908e-06, 3.77815069896e-07, 3.48750290868e-07, 8.6164880031e-07, 1.1868760339e-06, 3.10672845671e-07, 1.45915777239e-07, 3.03951026126e-07, 1.47496990621e-07, 9.40209829992e-08, 4.36675273718e-09], "min": [1.1111001326e-24, 1.05899859138e-23, 1.3173483093e-24, 3.70879128614e-24, 1.69884509155e-23, 1.65792419427e-23, 1.67239647867e-23, 1.25429483464e-23, 3.4714313228e-23, 4.37365848208e-23, 2.47465129542e-23, 5.59118040785e-23, 4.05178398454e-23, 6.27752536745e-23, 6.66736654286e-23, 6.35892823981e-23, 6.46934730952e-23, 9.95918212615e-23, 1.97487604199e-22, 1.91703764394e-22, 3.2486857177e-22, 4.20653476521e-22, 5.91251829065e-22, 5.61282031399e-22, 9.88891998926e-22, 1.35111127916e-21, 2.07982347149e-21], "var": [1.53826545102e-06, 8.26165196486e-05, 3.24743923557e-05, 0.000112706788059, 0.000160930547281, 2.28598082685e-06, 1.97222288989e-06, 7.98496841981e-07, 1.35041454996e-06, 2.2806477773e-06, 3.468287332e-06, 4.12297868024e-06, 1.32633351768e-06, 1.33217224629e-06, 1.18972729979e-06, 7.42072529647e-07, 4.30643950722e-07, 2.88025233885e-07, 1.47326261413e-07, 3.36715885396e-07, 4.83977885324e-07, 1.7801559693e-07, 8.76749268741e-08, 2.07501173577e-07, 1.38770516855e-07, 3.34132472801e-08, 2.25406671106e-09], "median": [2.34908293351e-05, 0.00076121930033, 0.00105147645809, 0.000883355271071, 0.00153716304339, 0.000383880134905, 0.000291154661682, 0.000183171709068, 0.000220232614083, 0.000158065755386, 0.000164678989677, 0.00019213653286, 0.000144669116708, 0.000207324803341, 0.000207749690162, 0.000235954968957, 0.00016779305588, 0.000193773084902, 0.000115964903671, 9.56978037721e-05, 7.82289134804e-05, 5.61955093872e-05, 6.41722290311e-05, 5.84801018704e-05, 4.06050967285e-05, 2.19175271923e-05, 2.80434005617e-06]}, "melbands_kurtosis": {"dmean": 10.9625387192, "dmean2": 17.640296936, "max": 1076.05224609, "dvar": 412.317443848, "mean": 16.9061946869, "dvar2": 959.912536621, "min": -1.95338511467, "var": 1978.63598633, "median": 6.40189409256}, "erbbands_crest": {"dmean": 3.09187793732, "dmean2": 4.97585105896, "max": 32.6980476379, "dvar": 8.57327079773, "mean": 9.19620132446, "dvar2": 20.107711792, "min": 1.77631545067, "var": 21.7739067078, "median": 8.02093791962}, "melbands_skewness": {"dmean": 1.09155762196, "dmean2": 1.66210770607, "max": 24.6960334778, "dvar": 1.45902097225, "mean": 2.69288349152, "dvar2": 3.50039577484, "min": -4.49091005325, "var": 4.13567781448, "median": 2.34847688675}, "spectral_energyband_middle_low": {"dmean": 0.00933327246457, "dmean2": 0.0159662831575, "max": 0.352222591639, "dvar": 0.000790899677668, "mean": 0.0110401092097, "dvar2": 0.00219157966785, "min": 2.13715697331e-22, "var": 0.000561957014725, "median": 0.00569736678153}, "spectral_contrast_coeffs": {"dmean": [0.0603180453181, 0.0532891564071, 0.045228920877, 0.0375039577484, 0.0280722677708, 0.0248138364404], "dmean2": [0.0958220213652, 0.0847018286586, 0.0701549649239, 0.0581414066255, 0.0438895598054, 0.037456408143], "max": [-0.207877606153, -0.383763045073, -0.443831682205, -0.514923453331, -0.450223118067, -0.372750073671], "dvar": [0.00314435898326, 0.00205457000993, 0.00145863147918, 0.000985325663351, 0.00073033204535, 0.000943531573284], "mean": [-0.615151941776, -0.732365965843, -0.759615719318, -0.773955643177, -0.7821007967, -0.782672941685], "dvar2": [0.00746029801667, 0.00490648951381, 0.00327230338007, 0.00229959515855, 0.00164491217583, 0.0017503030831], "min": [-0.970045864582, -0.978537321091, -0.982866466045, -0.977991759777, -0.979158163071, -0.963988721371], "var": [0.0104182697833, 0.00667111389339, 0.00672451313585, 0.00427145231515, 0.00245948811062, 0.00324549688958], "median": [-0.620821654797, -0.737352013588, -0.771253585815, -0.780837476254, -0.785779714584, -0.789683520794]}, "spectral_contrast_valleys": {"dmean": [0.476672172546, 0.521985292435, 0.490050315857, 0.446074664593, 0.397429436445, 0.363735973835], "dmean2": [0.757926821709, 0.79635733366, 0.7240229249, 0.641767382622, 0.573496043682, 0.478181302547], "max": [-4.94250917435, -4.87379550934, -5.12017583847, -5.23495435715, -5.19840526581, -7.68522548676], "dvar": [0.211872294545, 0.253590375185, 0.245674356818, 0.202216476202, 0.204075351357, 0.181747585535], "mean": [-7.63469791412, -7.3677945137, -7.7764339447, -7.93425273895, -7.8190908432, -10.2541799545], "dvar2": [0.464194297791, 0.55460613966, 0.51843982935, 0.410069525242, 0.41670769453, 0.340168893337], "min": [-27.7151603699, -27.7980632782, -27.6878013611, -27.508140564, -27.4572582245, -27.3093719482], "var": [2.53378486633, 2.29354977608, 2.31028842926, 2.29301166534, 2.39817261696, 3.262758255], "median": [-7.31432771683, -7.14480304718, -7.49185657501, -7.61723470688, -7.5045208931, -9.71369552612]}, "silence_rate_20dB": {"dmean": 0, "dmean2": 0, "max": 1, "dvar": 0, "mean": 1, "dvar2": 0, "min": 1, "var": 0, "median": 1}, "silence_rate_30dB": {"dmean": 0.0308010336012, "dmean2": 0.0616084337234, "max": 1, "dvar": 0.0298504531384, "mean": 0.978606879711, "dvar2": 0.0768265873194, "min": 0, "var": 0.0209355708212, "median": 1}, "spectral_strongpeak": {"dmean": 0.567939162254, "dmean2": 0.961489796638, "max": 16.1084308624, "dvar": 1.05982017517, "mean": 0.812989413738, "dvar2": 2.60664844513, "min": 0, "var": 1.36300778389, "median": 0.387909114361}, "spectral_spread": {"dmean": 888582.625, "dmean2": 1225541.25, "max": 47232864, "dvar": 1318597689340.0, "mean": 5409542, "dvar2": 2224341385220.0, "min": 681945.875, "var": 8669633183740.0, "median": 5005041.5}, "barkbands_flatness_db": {"dmean": 0.0279333684593, "dmean2": 0.0411807782948, "max": 0.563257753849, "dvar": 0.000897036516108, "mean": 0.127736538649, "dvar2": 0.00185767258517, "min": 0.0186534058303, "var": 0.00633320119232, "median": 0.105486348271}, "pitch_salience": {"dmean": 0.0793341249228, "dmean2": 0.128063499928, "max": 0.925780832767, "dvar": 0.00540485605597, "mean": 0.5504078269, "dvar2": 0.0140476189554, "min": 0.0179942082614, "var": 0.016581332311, "median": 0.562033891678}, "erbbands_kurtosis": {"dmean": 1.72706925869, "dmean2": 2.66511487961, "max": 92.064239502, "dvar": 17.503660202, "mean": 1.43687903881, "dvar2": 38.199306488, "min": -1.89003884792, "var": 32.3090438843, "median": 0.00642883777618}, "average_loudness": 0.878877162933, "barkbands_crest": {"dmean": 2.57830691338, "dmean2": 4.13006877899, "max": 26.3775978088, "dvar": 5.10718870163, "mean": 9.52457141876, "dvar2": 12.5470142365, "min": 2.50566649437, "var": 17.3566913605, "median": 8.69867897034}, "hfc": {"dmean": 10.2051315308, "dmean2": 15.5952615738, "max": 219.697540283, "dvar": 235.692550659, "mean": 20.1842002869, "dvar2": 561.456298828, "min": 1.10834340558e-16, "var": 367.486816406, "median": 15.4405994415}, "barkbands_kurtosis": {"dmean": 6.38622283936, "dmean2": 10.1531600952, "max": 2595.67651367, "dvar": 885.179443359, "mean": 16.5999622345, "dvar2": 2437.19091797, "min": -1.97053682804, "var": 19648.9257812, "median": 0.91314291954}, "erbbands": {"dmean": [0.139040887356, 0.824884235859, 3.04885816574, 7.86668109894, 23.015165329, 9.26270771027, 4.9409122467, 4.98107385635, 7.14335584641, 7.77083730698, 8.69418716431, 8.86146068573, 13.9201335907, 18.7796897888, 15.7671318054, 19.2182502747, 14.3086061478, 16.5428314209, 19.08893013, 20.1476230621, 15.916311264, 13.7897386551, 11.7415275574, 9.36432743073, 7.00519037247, 7.65459632874, 6.78372907639, 6.48359394073, 4.45682764053, 3.2192337513, 2.8515291214, 3.10837125778, 1.71026968956, 1.23941528797, 0.72193312645, 0.441088438034, 0.12113725394, 0.0256943348795, 0.00349299237132, 0.000182074669283], "dmean2": [0.239619001746, 1.47251307964, 5.47786569595, 13.8940134048, 40.2522583008, 15.8831357956, 7.94431495667, 7.84646368027, 11.042547226, 12.6144657135, 13.9571237564, 13.8221035004, 21.0625476837, 28.3017921448, 23.5872802734, 28.7640285492, 22.5666046143, 26.220790863, 30.2447662354, 31.8340034485, 25.330368042, 21.9047393799, 18.3814525604, 14.8689661026, 11.525144577, 12.596282959, 10.8960361481, 10.1819314957, 7.16376304626, 5.07583332062, 4.30204677582, 4.68230962753, 2.56608057022, 1.87525522709, 1.0922845602, 0.710997998714, 0.191569969058, 0.0407255403697, 0.00561323296279, 0.000291335687507], "max": [3.11306929588, 19.3525447845, 57.2605705261, 239.657150269, 1039.54272461, 326.971679688, 397.00994873, 200.973922729, 434.753448486, 416.656677246, 435.205780029, 376.796966553, 853.333740234, 1094.49450684, 1124.89599609, 2318.88549805, 1432.44799805, 881.888671875, 2476.84814453, 1224.4909668, 521.971557617, 1388.45751953, 586.934936523, 504.5440979, 657.653625488, 1021.89874268, 2076.05102539, 742.96472168, 373.13760376, 251.799194336, 181.513549805, 370.672729492, 154.55116272, 133.691101074, 31.3556156158, 19.8768253326, 2.36923313141, 0.664099097252, 0.120839551091, 0.00462034996599], "dvar": [0.14188568294, 4.80763101578, 48.0446014404, 401.629394531, 6732.54785156, 654.944152832, 105.194519043, 94.4420776367, 265.004974365, 252.022125244, 301.640319824, 294.71194458, 1102.60241699, 1872.62036133, 1608.23327637, 3560.50561523, 1737.33886719, 1816.29699707, 2857.5078125, 2016.53991699, 977.34387207, 1662.3458252, 499.575561523, 317.629699707, 426.707794189, 847.687744141, 1395.91223145, 522.689331055, 205.243988037, 77.6787796021, 46.7260513306, 108.868553162, 27.7754402161, 19.2432727814, 2.36717510223, 1.62952888012, 0.0562765859067, 0.0024672485888, 5.09008277731e-05, 1.0952879137e-07], "mean": [0.123607836664, 0.844114422798, 3.1040391922, 7.88272619247, 19.6213703156, 10.3394298553, 7.38274383545, 7.49231004715, 10.2231750488, 10.1369028091, 11.6265106201, 12.0256319046, 19.9003505707, 27.0742816925, 24.6526908875, 28.8964519501, 19.2348136902, 22.9533996582, 26.9501285553, 30.466966629, 25.1637973785, 21.3522872925, 20.0543422699, 15.1921281815, 9.86625957489, 10.2884473801, 8.75701904297, 7.82988500595, 5.72793149948, 4.46076822281, 4.23520708084, 4.31794548035, 2.49485993385, 1.84390985966, 0.985924124718, 0.486906886101, 0.146048530936, 0.0302258376032, 0.00363376969472, 0.000210058773519], "dvar2": [0.376799583435, 13.422252655, 134.72869873, 1119.00305176, 18739.7285156, 1803.84326172, 250.384658813, 215.751373291, 580.308837891, 647.263305664, 755.483947754, 669.601501465, 2311.33789062, 3942.76904297, 3276.77148438, 7268.20654297, 3788.14794922, 4344.75732422, 7090.04003906, 4904.67773438, 2391.37866211, 4420.54296875, 1222.30993652, 790.288635254, 1069.22436523, 2152.90429688, 3569.64575195, 1232.76904297, 456.200378418, 172.902603149, 100.419136047, 236.701721191, 60.4222221375, 38.839805603, 4.85157203674, 4.32601690292, 0.14286711812, 0.00603391882032, 0.000124928876176, 2.59225146237e-07], "min": [5.01189056263e-22, 1.61785652894e-21, 4.89019525008e-21, 9.25652021613e-21, 1.41620897973e-20, 3.54593103115e-20, 1.11127540619e-19, 1.85838829587e-19, 3.2328418122e-19, 2.2967928573e-19, 6.58300988851e-19, 8.14187983274e-19, 1.02463534561e-18, 1.33832291341e-18, 1.33580880133e-18, 2.23321539353e-18, 1.9277295283e-18, 2.79518639206e-18, 5.47262569188e-18, 2.42330335945e-18, 3.66978926913e-18, 4.20800177932e-18, 6.20082132284e-18, 8.63186543847e-18, 1.09686490146e-17, 8.84913021662e-18, 1.06691633107e-17, 1.29865222045e-17, 1.26438237582e-17, 1.41494438471e-17, 1.64006158842e-17, 1.1797995186e-17, 1.11152270735e-17, 9.61527896203e-18, 6.82811539473e-18, 4.47935879285e-18, 2.48749877884e-18, 1.00581357456e-18, 2.84809839581e-19, 2.98284043073e-20], "var": [0.10855768621, 3.60098958015, 34.9254951477, 293.408782959, 4527.42431641, 514.359069824, 155.915649414, 183.595016479, 427.988006592, 275.161651611, 406.317657471, 465.418395996, 1958.38586426, 3421.08764648, 2860.4206543, 8613.22949219, 2561.51904297, 2610.75170898, 3428.8269043, 3162.09423828, 1638.29943848, 1732.46020508, 902.231384277, 482.64175415, 414.229278564, 791.756835938, 1196.61572266, 598.014404297, 255.22517395, 97.6804504395, 70.3495635986, 146.477249146, 42.3974990845, 32.8688659668, 3.95904326439, 1.34995138645, 0.0652623325586, 0.00315659446642, 6.16107936366e-05, 1.49354150381e-07], "median": [0.016770388931, 0.210259079933, 1.08201551437, 2.55715227127, 4.62341022491, 3.88478803635, 3.73134112358, 3.02105641365, 3.95008778572, 4.83188772202, 5.04471111298, 4.56437492371, 6.59453392029, 7.98443698883, 8.1941652298, 8.06945896149, 6.96578121185, 9.34860420227, 11.7024259567, 12.7278690338, 13.5974559784, 10.8611497879, 10.6224842072, 8.90741348267, 5.29629945755, 4.3869843483, 3.42145967484, 2.6299200058, 2.02345991135, 1.9940404892, 1.91160607338, 1.45790600777, 0.84120464325, 0.520884394646, 0.241968840361, 0.111699983478, 0.0349719449878, 0.0052656698972, 0.000504323805217, 5.05840434926e-05]}, "spectral_energy": {"dmean": 0.0171764008701, "dmean2": 0.0292447227985, "max": 0.379425913095, "dvar": 0.00121578329708, "mean": 0.0243498664349, "dvar2": 0.00329491216689, "min": 1.04346935959e-20, "var": 0.000977286370471, "median": 0.0161903314292}, "zerocrossingrate": {"dmean": 0.0167282372713, "dmean2": 0.0187121145427, "max": 0.771484375, "dvar": 0.000436385103967, "mean": 0.0799459144473, "dvar2": 0.000471990526421, "min": 0.001953125, "var": 0.00419219816104, "median": 0.0673828125}, "spectral_energyband_high": {"dmean": 0.000697190407664, "dmean2": 0.0010531306034, "max": 0.0439383089542, "dvar": 2.48738683695e-06,