{"tonal": {"chords_key": "F", "hpcp_entropy": {"dmean": 0.74703925848, "dmean2": 1.25133883953, "max": 4.42888641357, "dvar": 0.339382201433, "mean": 2.2281472683, "dvar2": 0.903348505497, "min": 0, "var": 0.759359776974, "median": 2.24700164795}, "key_key": "A#", "chords_strength": {"dmean": 0.0163399614394, "dmean2": 0.0214848518372, "max": 0.772330343723, "dvar": 0.00096532626776, "mean": 0.488648593426, "dvar2": 0.00186993286479, "min": -1, "var": 0.0140431560576, "median": 0.490138530731}, "key_scale": "minor", "chords_number_rate": 0.00774593325332, "thpcp": [1, 0.982669234276, 0.923938155174, 0.868245303631, 0.810967504978, 0.837458312511, 0.899106502533, 0.873474240303, 0.819589793682, 0.730220675468, 0.639939069748, 0.674244761467, 0.795896291733, 0.767831385136, 0.59404283762, 0.531173765659, 0.536854803562, 0.515407383442, 0.509968519211, 0.535429060459, 0.694551110268, 0.847285032272, 0.754963517189, 0.733714103699, 0.848632514477, 0.829932689667, 0.814078986645, 0.82191234827, 0.733962416649, 0.674766540527, 0.707678198814, 0.789709687233, 0.869330942631, 0.846844851971, 0.82917290926, 0.922357439995], "key_strength": 0.396753102541, "tuning_nontempered_energy_ratio": 0.862614274025, "tuning_frequency": 434.444000244, "chords_changes_rate": 0.123547635972, "tuning_diatonic_strength": 0.311641514301, "chords_scale": "major", "chords_histogram": [11.3477926254, 1.89775371552, 6.23547649384, 4.10534477234, 4.14407444, 0, 4.41518211365, 4.76374912262, 1.35553836823, 11.8512783051, 4.10534477234, 5.61580181122, 0.232378005981, 2.5561580658, 7.86212253571, 2.47869873047, 5.53834247589, 2.71107673645, 0.271107673645, 0.0774593353271, 1.66537570953, 3.33075141907, 1.62664604187, 11.8125486374], "tuning_equal_tempered_deviation": 0.175395086408, "hpcp": {"dmean": [0.189046248794, 0.193010464311, 0.208495929837, 0.21669280529, 0.200644075871, 0.191681444645, 0.197273284197, 0.19572596252, 0.187055200338, 0.188201472163, 0.179575935006, 0.168988421559, 0.146283954382, 0.132678776979, 0.141635373235, 0.152742668986, 0.137694120407, 0.118087276816, 0.112913131714, 0.107261091471, 0.112350270152, 0.116222217679, 0.116168498993, 0.149316161871, 0.19003739953, 0.162564411759, 0.156137600541, 0.182993769646, 0.184776619077, 0.181491956115, 0.18355794251, 0.167993113399, 0.161030203104, 0.158090084791, 0.1816637218, 0.197365835309], "dmean2": [0.344155102968, 0.347585380077, 0.375179499388, 0.392594069242, 0.355436176062, 0.343387722969, 0.356333613396, 0.353031307459, 0.337856531143, 0.334861934185, 0.32077100873, 0.299643397331, 0.256086081266, 0.234574690461, 0.250046610832, 0.268017739058, 0.238905623555, 0.205661833286, 0.201442033052, 0.191891521215, 0.201118290424, 0.210452273488, 0.206960633397, 0.270741611719, 0.349525183439, 0.292742222548, 0.278257966042, 0.328154981136, 0.332901537418, 0.325897037983, 0.327308535576, 0.298912763596, 0.291027039289, 0.28787446022, 0.331263661385, 0.355826258659], "max": [1, 1, 1, 1, 1, 1, 1, 1, 1, 1, 1, 1, 1, 1, 1, 1, 1, 1, 1, 1, 1, 1, 1, 1, 1, 1, 1, 1, 1, 1, 1, 1, 1, 1, 1, 1], "dvar": [0.0668049007654, 0.067812897265, 0.069881528616, 0.0763747245073, 0.0639895349741, 0.0637123659253, 0.0666213855147, 0.067818775773, 0.0623824335635, 0.0610618367791, 0.0578991249204, 0.0569837540388, 0.0436225570738, 0.0402285568416, 0.0456398837268, 0.0487539209425, 0.0407733395696, 0.0326179862022, 0.033782966435, 0.0342038869858, 0.0369405932724, 0.0369282104075, 0.0361997447908, 0.0447547845542, 0.0767194330692, 0.049710392952, 0.0496499352157, 0.062666207552, 0.0629594922066, 0.0652709081769, 0.0661852508783, 0.0563985593617, 0.0587192736566, 0.0554713010788, 0.0644449368119, 0.0662136226892], "mean": [0.169926509261, 0.166380479932, 0.18507874012, 0.200658366084, 0.19718080759, 0.185395926237, 0.17422068119, 0.162727415562, 0.168043017387, 0.180413246155, 0.175269916654, 0.164457544684, 0.146524891257, 0.128409132361, 0.135292857885, 0.1597032547, 0.15407179296, 0.119199670851, 0.106584459543, 0.107724413276, 0.103420808911, 0.102329455316, 0.107438318431, 0.139367491007, 0.170014828444, 0.151489749551, 0.147225871682, 0.170285210013, 0.166532933712, 0.163351759315, 0.164923593402, 0.147275701165, 0.135397553444, 0.14200155437, 0.158461853862, 0.174438521266], "dvar2": [0.184096515179, 0.187905594707, 0.193647295237, 0.204835876822, 0.173778906465, 0.169105038047, 0.181798353791, 0.190963432193, 0.171201199293, 0.163643345237, 0.157205507159, 0.152402684093, 0.121037267148, 0.107529491186, 0.122189342976, 0.132161155343, 0.108112342656, 0.0876355171204, 0.0950325056911, 0.0924653112888, 0.102409601212, 0.100837908685, 0.0985143631697, 0.123586304486, 0.222489133477, 0.138165801764, 0.136537075043, 0.173185318708, 0.172939032316, 0.175590083003, 0.177351057529, 0.150670111179, 0.166204884648, 0.150632679462, 0.183979466558, 0.183108538389], "min": [0, 0, 0, 0, 0, 0, 0, 0, 0, 0, 0, 0, 0, 0, 0, 0, 0, 0, 0, 0, 0, 0, 0, 0, 0, 0, 0, 0, 0, 0, 0, 0, 0, 0, 0, 0], "var": [0.0688459053636, 0.0651502385736, 0.0700404271483, 0.0805325880647, 0.07440007478, 0.0723050907254, 0.0666287243366, 0.060776822269, 0.0608504004776, 0.0677445530891, 0.0639696717262, 0.0642609298229, 0.0511691123247, 0.0428238846362, 0.0459315702319, 0.0603287778795, 0.0575150996447, 0.0355836637318, 0.034126829356, 0.0415991097689, 0.037925876677, 0.0356979742646, 0.0382506474853, 0.0478783994913, 0.0773345306516, 0.0550972186029, 0.052669338882, 0.0656338334084, 0.0656072348356, 0.067932702601, 0.0707106441259, 0.0571022480726, 0.0536879859865, 0.0575086213648, 0.0632434934378, 0.069437250495], "median": [0.0435479283333, 0.0451424606144, 0.0575888231397, 0.0652854666114, 0.0673484653234, 0.0567832700908, 0.0524616837502, 0.046282697469, 0.0524384900928, 0.0554182231426, 0.0545696765184, 0.0426138974726, 0.04219757393, 0.0379081629217, 0.0411767698824, 0.0457970388234, 0.043985683471, 0.0371456742287, 0.030231140554, 0.0240537337959, 0.0216772221029, 0.0207559838891, 0.0245472937822, 0.0356556512415, 0.0375996753573, 0.0389832630754, 0.043438307941, 0.0496347248554, 0.0463205426931, 0.0396987982094, 0.0379730090499, 0.0345844514668, 0.0301355607808, 0.0323112010956, 0.0412975810468, 0.0481081902981]}}, "lowlevel": {"melbands_flatness_db": {"dmean": 0.0402518697083, "dmean2": 0.0614541955292, "max": 0.551580131054, "dvar": 0.00187496526632, "mean": 0.221590057015, "dvar2": 0.00385628710501, "min": 0.00411968072876, "var": 0.00693226605654, "median": 0.222713708878}, "melbands_crest": {"dmean": 4.47476959229, "dmean2": 7.45107698441, "max": 36.2107162476, "dvar": 14.4459152222, "mean": 15.2929964066, "dvar2": 37.6221656799, "min": 1.69856762886, "var": 42.2093009949, "median": 14.2041416168}, "spectral_entropy": {"dmean": 0.240396261215, "dmean2": 0.36385473609, "max": 9.81605243683, "dvar": 0.0828037336469, "mean": 7.46439790726, "dvar2": 0.162733092904, "min": 4.799929142, "var": 0.466328412294, "median": 7.46297836304}, "melbands": {"dmean": [7.17576313036e-07, 5.94224138695e-06, 6.04160923103e-05, 0.000115466536954, 0.000138436545967, 0.00012111729302, 0.0001300174481, 0.000146770864376, 0.000146225444041, 5.48271236767e-05, 2.74487883871e-05, 1.73974585778e-05, 2.56582934526e-05, 3.99575656047e-05, 3.16581499646e-05, 2.27341806749e-05, 1.39428020702e-05, 7.08526476956e-06, 5.57132125323e-06, 5.67039387533e-06, 6.1324572016e-06, 5.50803633814e-06, 2.00399244932e-06, 9.90444277704e-07, 3.0999849514e-06, 9.67827691056e-06, 1.01024315882e-05, 5.80652977078e-06, 3.53778477802e-06, 2.60095885096e-06, 1.7997579107e-06, 8.74295210451e-07, 7.10701442586e-07, 1.13061264528e-06, 1.18282969197e-06, 6.74417663049e-07, 3.07351172069e-07, 1.14343109203e-07, 7.09934013798e-08, 1.49234310243e-07], "dmean2": [1.11125848434e-06, 8.4199318735e-06, 8.66826085257e-05, 0.00016546426923, 0.000206454918953, 0.000190492108231, 0.00020629169012, 0.000223770271987, 0.000218648943701, 7.57521411288e-05, 4.27368868259e-05, 2.55171635217e-05, 4.00216231355e-05, 6.40203361399e-05, 4.96881802974e-05, 3.45835469489e-05, 2.26404899877e-05, 1.09885204438e-05, 8.90798673936e-06, 8.75156001712e-06, 9.66429524851e-06, 8.59467490955e-06, 3.01155796478e-06, 1.51224583078e-06, 4.59511375084e-06, 1.41606869875e-05, 1.51267367983e-05, 8.37203515403e-06, 5.23993321622e-06, 3.83975384466e-06, 2.57534952652e-06, 1.28261217469e-06, 1.03234265225e-06, 1.74442038769e-06, 1.88229728337e-06, 1.02650699318e-06, 4.93153095249e-07, 1.86988629025e-07, 1.101500402e-07, 2.29941761631e-07], "max": [0.000323210377246, 0.00094001571415, 0.00482208933681, 0.00815812405199, 0.0181818753481, 0.0251296386123, 0.0113729452714, 0.0230492055416, 0.0226449631155, 0.0110638998449, 0.00471235485747, 0.00298242387362, 0.00569477910176, 0.00800319295377, 0.00691239768639, 0.00484752701595, 0.00245868763886, 0.00139511947054, 0.000788024743088, 0.00125998118892, 0.00123959197663, 0.000812350772321, 0.000392874964746, 0.000139072319143, 0.000778137182351, 0.00195552781224, 0.00141284696292, 0.000545778893866, 0.00053540233057, 0.000219121779082, 0.000176911533345, 0.000116918221465, 0.000121928707813, 0.0002128022752, 0.000225673778914, 0.000169409613591, 5.65466289117e-05, 3.4541808418e-05, 2.72496381513e-05, 3.48555367964e-05], "dvar": [4.2642479825e-11, 6.44303499442e-10, 4.77751775918e-08, 1.97929594492e-07, 4.91188473006e-07, 4.65346175815e-07, 3.69623279539e-07, 6.78217304539e-07, 7.43496514133e-07, 1.40122679682e-07, 3.90961432117e-08, 1.16970451103e-08, 3.58075595841e-08, 8.41622807002e-08, 4.14690362049e-08, 2.01029823899e-08, 7.01224944777e-09, 1.81407244781e-09, 1.08628939177e-09, 1.31303556916e-09, 1.22047216777e-09, 8.93159823878e-10, 1.2703747776e-10, 2.69084685089e-11, 4.11728179328e-10, 3.12859138596e-09, 2.24431562224e-09, 5.54909396211e-10, 2.46797526859e-10, 1.18389673065e-10, 5.68593470918e-11, 1.47473110113e-11, 1.63114226986e-11, 4.69642484624e-11, 5.67494141956e-11, 1.91055955778e-11, 4.56729922979e-12, 9.19677745417e-13, 3.55779153968e-13, 1.1387060999e-12], "mean": [8.4113645471e-07, 1.00035022115e-05, 8.90754672582e-05, 0.000166843601619, 0.000161236981512, 0.000136228263727, 0.000129671912873, 0.000146482154378, 0.000178269547177, 6.74095717841e-05, 2.99472067127e-05, 2.07366047107e-05, 2.59412299783e-05, 3.67132270185e-05, 3.01376639982e-05, 2.32484053413e-05, 1.38991672429e-05, 7.17037801223e-06, 5.72878525418e-06, 6.11817222307e-06, 6.82268500896e-06, 6.86221346768e-06, 2.41674683821e-06, 1.17089030027e-06, 3.63740832654e-06, 1.15185148388e-05, 1.22506871776e-05, 7.21963488104e-06, 4.41032398157e-06, 3.34504443344e-06, 2.35773518398e-06, 1.12222005555e-06, 8.7471283905e-07, 1.36096969072e-06, 1.40047234254e-06, 7.93732795046e-07, 3.34045381578e-07, 1.07985108855e-07, 7.16209669349e-08, 1.56826359898e-07], "dvar2": [1.03154304543e-10, 1.46431056169e-09, 9.19240008557e-08, 4.04546369737e-07, 1.06564482394e-06, 1.09778864044e-06, 8.58942541981e-07, 1.55117481881e-06, 1.71266049165e-06, 2.76863119097e-07, 8.43382395033e-08, 2.29162822052e-08, 8.38147542481e-08, 2.13326899257e-07, 1.00678526849e-07, 4.22041814829e-08, 1.72178591384e-08, 4.07894473753e-09, 2.60254351403e-09, 3.43260087021e-09, 2.99611513377e-09, 2.13005368899e-09, 2.78237322071e-10, 6.25247215114e-11, 8.63852545052e-10, 6.58954002475e-09, 5.20092191536e-09, 1.13161657822e-09, 5.13921349921e-10, 2.43613268447e-10, 1.12983754297e-10, 3.26818468122e-11, 3.67989284877e-11, 1.1177210546e-10, 1.3776077501e-10, 4.29786345402e-11, 1.08169705831e-11, 2.31880660506e-12, 7.53308927823e-13, 2.52031381875e-12], "min": [1.81003424728e-24, 1.17603423193e-24, 1.72158065449e-24, 2.02179606868e-24, 3.2935940702e-24, 2.0239683944e-24, 2.09024197955e-24, 1.37545550776e-24, 2.01555341791e-24, 2.03672664182e-24, 3.74844732385e-24, 3.11262208158e-24, 2.58345813066e-24, 2.80405736357e-24, 3.72709207028e-24, 3.806257812e-24, 3.77219322039e-24, 2.67874956979e-24, 2.28023400098e-24, 4.59546108285e-24, 4.50253642366e-24, 2.96265489033e-24, 5.76490793179e-24, 4.4345776344e-24, 5.03210900453e-24, 5.03176703332e-24, 6.23623733431e-24, 4.5493620237e-24, 4.37814765283e-24, 5.26052722951e-24, 4.92074393281e-24, 5.62328176133e-24, 6.18431095965e-24, 6.57965294104e-24, 6.29655127254e-24, 4.31575033295e-24, 6.06018054077e-24, 7.09541020087e-24, 6.31307475306e-24, 7.23466939419e-24], "var": [3.9368064364e-11, 1.10771525286e-09, 1.12358883086e-07, 3.95708781298e-07, 6.81381436607e-07, 5.72173235014e-07, 4.45357358103e-07, 7.54951088311e-07, 1.1648482996e-06, 2.45729893322e-07, 4.76939163718e-08, 1.86121074108e-08, 3.88548322405e-08, 7.68366632542e-08, 4.35273079802e-08, 2.62489923131e-08, 7.61465823729e-09, 2.46680609273e-09, 1.25321608646e-09, 1.35090538755e-09, 1.27900556812e-09, 1.31890731669e-09, 1.87573637178e-10, 3.69713357151e-11, 6.70405730929e-10, 5.14448039723e-09, 3.02870084568e-09, 8.9001267467e-10, 3.76883163566e-10, 1.95772814626e-10, 1.01957629839e-10, 2.29226672366e-11, 2.21565248787e-11, 5.59895879659e-11, 7.18618636819e-11, 2.7540674602e-11, 6.05544650881e-12, 9.01380424294e-13, 4.38546009403e-13, 1.45120287315e-12], "median": [4.50108785799e-08, 6.07554540011e-08, 2.33239774161e-07, 3.15185786803e-07, 2.33164499264e-07, 2.77759710343e-07, 2.59351537579e-07, 1.95869091613e-07, 1.08350782568e-07, 4.47010322091e-08, 1.75106222855e-08, 1.36614772828e-08, 1.88262454515e-08, 2.30713421701e-08, 2.19204121521e-08, 1.4867834075e-08, 1.03281889707e-08, 6.4222804852e-09, 5.56581047917e-09, 5.02471442232e-09, 5.04539210411e-09, 3.3957021639e-09, 1.24032073501e-09, 6.40184738554e-10, 8.52665604789e-10, 1.72456071645e-09, 1.77473979956e-09, 1.4581676977e-09, 1.41237366247e-09, 1.18836218643e-09, 8.588140199e-10, 5.12268560904e-10, 2.6241062101e-10, 3.11011966181e-10, 2.60926613649e-10, 1.19884074889e-10, 6.13728720622e-11, 3.44076156455e-11, 2.30747781993e-11, 3.36653066535e-11]}, "silence_rate_60dB": {"dmean": 0.0526927560568, "dmean2": 0.105405926704, "max": 1, "dvar": 0.04991658777, "mean": 0.768932819366, "dvar2": 0.102431453764, "min": 0, "var": 0.177681431174, "median": 1}, "spectral_energyband_middle_high": {"dmean": 0.00112501520198, "dmean2": 0.00153401016723, "max": 0.081512235105, "dvar": 1.72296076926e-05, "mean": 0.00173062365502, "dvar2": 3.44526051776e-05, "min": 1.26681660681e-21, "var": 3.58760298695e-05, "median": 2.24484483624e-06}, "erbbands_skewness": {"dmean": 0.680472075939, "dmean2": 1.07940137386, "max": 8.1565618515, "dvar": 0.614364802837, "mean": 0.568297207355, "dvar2": 1.4598338604, "min": -5.59682607651, "var": 1.56884980202, "median": 0.616087913513}, "dynamic_complexity": 26.4955062866, "dissonance": {"dmean": 0.0267185736448, "dmean2": 0.0428953357041, "max": 0.500000178814, "dvar": 0.000982591882348, "mean": 0.454251825809, "dvar2": 0.00223167357035, "min": 0.145044267178, "var": 0.00246852077544, "median": 0.471093893051}, "spectral_skewness": {"dmean": 0.309570461512, "dmean2": 0.488499701023, "max": 7.05324554443, "dvar": 0.156342595816, "mean": 1.62704348564, "dvar2": 0.352876067162, "min": -0.13526584208, "var": 0.559974253178, "median": 1.45902371407}, "spectral_kurtosis": {"dmean": 2.03221440315, "dmean2": 3.35241746902, "max": 64.3056716919, "dvar": 10.088476181, "mean": 5.24104499817, "dvar2": 24.8442878723, "min": -1.26168131828, "var": 22.7406749725, "median": 3.64160966873}, "gfcc": {"cov": [[55483.1601562, 678.630187988, -7107.72705078, -577.238037109, -4585.41552734, -2228.45092773, -2071.90063477, -2693.62158203, -1608.19970703, -1143.32592773, -1064.37561035, -1566.43457031, 499.198242188], [678.630187988, 2855.27148438, -37.2159004211, -867.988098145, -113.353134155, -200.741485596, -106.510498047, -482.644622803, 44.5607719421, -25.1411056519, -124.885917664, -227.323425293, 111.838569641], [-7107.72705078, -37.2159004211, 1965.56469727, 436.150146484, 679.285400391, 374.339050293, 170.699356079, 392.853240967, 130.92388916, 147.51473999, 117.433746338, 171.567276001, -81.1853103638], [-577.238037109, -867.988098145, 436.150146484, 981.868652344, 282.34072876, 38.247379303, -82.8490142822, 147.930755615, 9.2302570343, -8.18357181549, 25.2389087677, 36.6673164368, -19.7282791138], [-4585.41552734, -113.353134155, 679.285400391, 282.34072876, 661.831787109, 222.057250977, 105.758789062, 230.626495361, 136.126922607, 105.417701721, 65.7977828979, 93.0699691772, -49.6509819031], [-2228.45092773, -200.741485596, 374.339050293, 38.247379303, 222.057250977, 352.534851074, 174.908660889, 206.233261108, 49.3558502197, 89.4518508911, 69.9188690186, 64.4852371216, -89.2717590332], [-2071.90063477, -106.510498047, 170.699356079, -82.8490142822, 105.758789062, 174.908660889, 354.656463623, 199.724380493, 23.1316795349, 5.88691902161, 74.0685043335, 92.4404602051, -37.8178329468], [-2693.62158203, -482.644622803, 392.853240967, 147.930755615, 230.626495361, 206.233261108, 199.724380493, 384.049163818, 73.0143203735, 67.4543991089, 89.1909179688, 136.363357544, -77.3654785156], [-1608.19970703, 44.5607719421, 130.92388916, 9.2302570343, 136.126922607, 49.3558502197, 23.1316795349, 73.0143203735, 189.830352783, 80.21849823, 2.17149877548, 22.7411613464, -2.93684077263], [-1143.32592773, -25.1411056519, 147.51473999, -8.18357181549, 105.417701721, 89.4518508911, 5.88691902161, 67.4543991089, 80.21849823, 184.91734314, 44.7743263245, 19.2657489777, -33.9305000305], [-1064.37561035, -124.885917664, 117.433746338, 25.2389087677, 65.7977828979, 69.9188690186, 74.0685043335, 89.1909179688, 2.17149877548, 44.7743263245, 147.440170288, 69.3889694214, -32.6262435913], [-1566.43457031, -227.323425293, 171.567276001, 36.6673164368, 93.0699691772, 64.4852371216, 92.4404602051, 136.363357544, 22.7411613464, 19.2657489777, 69.3889694214, 169.561294556, 4.38964033127], [499.198242188, 111.838569641, -81.1853103638, -19.7282791138, -49.6509819031, -89.2717590332, -37.8178329468, -77.3654785156, -2.93684077263, -33.9305000305, -32.6262435913, 4.38964033127, 135.048416138]], "mean": [-374.738555908, 69.5351028442, -106.162208557, 24.58984375, -71.8995666504, -3.94104528427, -39.1101455688, -2.19694328308, -27.7187099457, 9.26564407349, -14.3465013504, -1.42157936096, -16.5290794373], "icov": [[0.000122855053633, -3.4804616007e-05, 0.000231899568462, -0.000201992035727, 0.0005176756531, -0.00012271979358, 0.000290130701615, -3.18620295729e-05, 0.000480610062368, 1.45499170685e-05, 0.000194916268811, 0.000383878708817, -9.448761557e-05], [-3.4804616007e-05, 0.000812550541013, -0.000395512674004, 0.000809205695987, -0.000450278283097, 0.000341432751156, -0.000260818895185, 0.000945062492974, -0.000489676429424, 0.000157501315698, -0.00014973639918, 0.000605740875471, -0.00016222956765], [0.000231899568462, -0.000395512674004, 0.00146931631025, -0.000839028565679, 0.000479739363072, -0.000781717593782, 0.000738308473956, -0.000713413581252, 0.00116014131345, -0.00015483929019, 0.00040763252764, 0.000213242848986, -0.000233377577388], [-0.000201992035727, 0.000809205695987, -0.000839028565679, 0.00247190031223, -0.0016789821675, 0.000673849717714, 0.000256527622696, 6.16899487795e-05, -0.000785670883488, 0.000676779483911, -0.000629786227364, 0.000298914732412, -0.00014034799824], [0.0005176756531, -0.000450278283097, 0.000479739363072, -0.0016789821675, 0.00535087101161, -0.00141636712942, 0.00116843474098, -0.000606238550972, 0.000808952259831, -0.000221664624405, 0.000769859354477, 0.00111989560537, -0.000375150935724], [-0.00012271979358, 0.000341432751156, -0.000781717593782, 0.000673849717714, -0.00141636712942, 0.0062508364208, -0.00217952905223, -0.000636142911389, -4.3079147872e-05, -0.00158186478075, -0.000142582808621, 0.000261519191554, 0.00199457909912], [0.000290130701615, -0.000260818895185, 0.000738308473956, 0.000256527622696, 0.00116843474098, -0.00217952905223, 0.00616238918155, -0.00254357699305, 0.00115206988994, 0.00178444792982, -0.000714067893568, 0.000358041113941, -0.000828548276331], [-3.18620295729e-05, 0.000945062492974, -0.000713413581252, 6.16899487795e-05, -0.000606238550972, -0.000636142911389, -0.00254357699305, 0.00804501678795, -0.00173299154267, -0.000262661924353, -9.90892440313e-05, -0.00257953908294, 0.0021245861426], [0.000480610062368, -0.000489676429424, 0.00116014131345, -0.000785670883488, 0.000808952259831, -4.3079147872e-05, 0.00115206988994, -0.00173299154267, 0.00974104460329, -0.00304098776542, 0.00232124468312, 0.00123825029004, -0.00122126739006], [1.45499170685e-05, 0.000157501315698, -0.00015483929019, 0.000676779483911, -0.000221664624405, -0.00158186478075, 0.00178444792982, -0.000262661924353, -0.00304098776542, 0.00852553360164, -0.00241874204949, 0.000733296095859, 0.000511339807417], [0.000194916268811, -0.00014973639918, 0.00040763252764, -0.000629786227364, 0.000769859354477, -0.000142582808621, -0.000714067893568, -9.90892440313e-05, 0.00232124468312, -0.00241874204949, 0.0103971557692, -0.00290680211037, 0.00153771997429], [0.000383878708817, 0.000605740875471, 0.000213242848986, 0.000298914732412, 0.00111989560537, 0.000261519191554, 0.000358041113941, -0.00257953908294, 0.00123825029004, 0.000733296095859, -0.00290680211037, 0.0121696442366, -0.00342828896828], [-9.448761557e-05, -0.00016222956765, -0.000233377577388, -0.00014034799824, -0.000375150935724, 0.00199457909912, -0.000828548276331, 0.0021245861426, -0.00122126739006, 0.000511339807417, 0.00153771997429, -0.00342828896828, 0.0104780709371]]}, "spectral_complexity": {"dmean": 1.52072834969, "dmean2": 2.11935663223, "max": 48, "dvar": 11.2211875916, "mean": 3.58067011833, "dvar2": 19.8030643463, "min": 0, "var": 48.3324966431, "median": 0}, "spectral_flux": {"dmean": 0.012876288034, "dmean2": 0.0192079469562, "max": 0.37829503417, "dvar": 0.00070729246363, "mean": 0.0310972575098, "dvar2": 0.0014765629312, "min": 6.45960160361e-11, "var": 0.00295358616859, "median": 0.00313836778514}, "spectral_energyband_low": {"dmean": 5.29871213075e-05, "dmean2": 7.56241061026e-05, "max": 0.00428323168308, "dvar": 3.5248028496e-08, "mean": 8.13369479147e-05, "dvar2": 6.88823291739e-08, "min": 1.95977266887e-23, "var": 7.06634892822e-08, "median": 7.409487921e-07}, "spectral_decrease": {"dmean": 7.8849154983e-10, "dmean2": 1.07855091525e-09, "max": 1.25553912895e-28, "dvar": 5.72688281421e-18, "mean": -1.4179273311e-09, "dvar2": 1.17176130828e-17, "min": -3.91726331372e-08, "var": 1.42656693407e-17, "median": -5.08228398602e-12}, "barkbands_spread": {"dmean": 8.49116420746, "dmean2": 14.0515937805, "max": 124.576789856, "dvar": 122.140144348, "mean": 21.3653316498, "dvar2": 315.178344727, "min": 0.459398835897, "var": 328.184448242, "median": 14.6931962967}, "spectral_rms": {"dmean": 0.000412373803556, "dmean2": 0.000517604406923, "max": 0.0124945044518, "dvar": 7.45199542962e-07, "mean": 0.00121759367175, "dvar2": 1.21272910292e-06, "min": 3.16758641886e-12, "var": 4.38743882114e-06, "median": 0.000144795427332}, "spectral_centroid": {"dmean": 387.907623291, "dmean2": 601.975646973, "max": 11796.9003906, "dvar": 335209.375, "mean": 1567.00183105, "dvar2": 646726.125, "min": 159.784454346, "var": 1835190.875, "median": 1066.53186035}, "barkbands_skewness": {"dmean": 0.89636349678, "dmean2": 1.41973221302, "max": 11.5475873947, "dvar": 1.09711885452, "mean": 1.6671243906, "dvar2": 2.4811296463, "min": -4.95754718781, "var": 2.91253638268, "median": 1.63438868523}, "spectral_rolloff": {"dmean": 837.736022949, "dmean2": 1419.25512695, "max": 19336.8164062, "dvar": 2183945.5, "mean": 1853.52294922, "dvar2": 4682939, "min": 21.533203125, "var": 6759581.5, "median": 753.662109375}, "erbbands_spread": {"dmean": 11.2915782928, "dmean2": 18.4645748138, "max": 139.061965942, "dvar": 184.719604492, "mean": 38.2511672974, "dvar2": 450.131317139, "min": 2.10584688187, "var": 571.468139648, "median": 33.3979148865}, "barkbands": {"dmean": [7.35004960006e-07, 3.37176379617e-06, 2.10780599446e-05, 0.000128682484501, 0.000649973051623, 0.000597347971052, 0.000659394136164, 0.000911351991817, 0.00040755563532, 0.000161189236678, 0.000157013273565, 0.00036617385922, 0.000240630048211, 0.000129375621327, 7.59218091844e-05, 8.79977742443e-05, 8.40123684611e-05, 2.25055482588e-05, 0.000199299916858, 0.000208725876291, 0.00010645302973, 4.24865611421e-05, 6.39586796751e-05, 1.65646706591e-05, 1.46317579492e-05, 2.81074926534e-06, 1.86072526276e-07], "dmean2": [1.19613105198e-06, 5.14492603543e-06, 2.96752259601e-05, 0.00018588185776, 0.000921831815504, 0.000932233349886, 0.00104170083068, 0.00140360242222, 0.000566698960029, 0.000247900898103, 0.000237318643485, 0.000592478259932, 0.000367244676454, 0.000214342348045, 0.000123019635794, 0.000134256610181, 0.000129019928863, 3.40578553732e-05, 0.000291934149573, 0.000304561690427, 0.000151370870299, 6.10670176684e-05, 9.82862475212e-05, 2.63895635726e-05, 2.27225464187e-05, 4.11779637943e-06, 2.8598640256e-07], "max": [0.000188704623724, 0.00133294507395, 0.00241360650398, 0.0116900149733, 0.0641706958413, 0.104712575674, 0.0652260035276, 0.115059047937, 0.082224689424, 0.0374637059867, 0.0353948287666, 0.05725569278, 0.0368062034249, 0.0219605881721, 0.0155698386952, 0.0143610788509, 0.0117972595617, 0.00317080318928, 0.0382903441787, 0.0192445591092, 0.00958688370883, 0.00549394730479, 0.012606699951, 0.00287223956548, 0.00270439777523, 0.000852767436299, 8.57143822941e-05], "dvar": [3.20935812648e-11, 7.41362582435e-10, 6.9492491761e-09, 2.47788449315e-07, 6.29009218756e-06, 1.01919240478e-05, 9.87162457022e-06, 2.6388637707e-05, 7.17031116437e-06, 1.31592173602e-06, 1.18458183351e-06, 5.98772021476e-06, 1.91973367691e-06, 5.79581296734e-07, 2.23408832767e-07, 2.35041198948e-07, 1.97007807401e-07, 1.21422099042e-08, 1.29659997583e-06, 6.21328410944e-07, 1.80610470579e-07, 3.90648082771e-08, 1.54445856992e-07, 1.29018484785e-08, 1.0469576317e-08, 3.96814886505e-10, 2.60720156402e-12], "mean": [8.17313321022e-07, 4.29530018664e-06, 3.3251788409e-05, 0.00016331038205, 0.000905645079911, 0.000665971718263, 0.000626573280897, 0.000933024100959, 0.000525516516063, 0.000171268984559, 0.000171183550265, 0.000330399780069, 0.000240209541516, 0.000123444609926, 7.78428438934e-05, 9.54112110776e-05, 0.000104647362605, 2.65066410066e-05, 0.00023794718436, 0.000267833733233, 0.000140533753438, 5.46506598766e-05, 7.8441677033e-05, 1.81924315257e-05, 1.61562693393e-05, 3.40304472957e-06, 2.16983551127e-07], "dvar2": [8.73193600759e-11, 1.84604131981e-09, 1.44904603872e-08, 4.84740382944e-07, 1.24399948618e-05, 2.41444722633e-05, 2.32900147239e-05, 6.28023699392e-05, 1.33446465043e-05, 2.76368064078e-06, 2.4125552045e-06, 1.50550504259e-05, 4.10315715271e-06, 1.49814457018e-06, 5.28429211499e-07, 5.72106785057e-07, 4.69128167424e-07, 2.83501329079e-08, 2.86181739284e-06, 1.26162217384e-06, 3.65642790712e-07, 8.41469542934e-08, 3.6244716739e-07, 2.99174480745e-08, 2.3217033629e-08, 7.3210143503e-10, 4.79225079758e-12], "min": [3.61555142772e-25, 2.40435140365e-24, 3.01199301236e-24, 1.12103129975e-24, 1.50727195621e-23, 9.31549513555e-24, 8.75027077493e-24, 6.77303193676e-24, 1.13895421951e-23, 1.95463560665e-23, 1.17132228686e-23, 3.37674308617e-23, 3.11758366169e-23, 4.36595004886e-23, 3.4424176498e-23, 9.2224630335e-23, 5.24435707978e-23, 1.11380646982e-22, 1.13021023281e-22, 2.02889900382e-22, 2.43608350711e-22, 3.39167148994e-22, 4.09238697088e-22, 6.48982563375e-22, 9.06898528501e-22, 1.37408967399e-21, 1.97023092605e-21], "var": [2.55545844902e-11, 6.92611024089e-10, 1.35263560352e-08, 4.81863537516e-07, 1.16735518532e-05, 1.25274546008e-05, 1.13170190161e-05, 3.00463307212e-05, 1.44601990542e-05, 1.61211914929e-06, 1.62885248756e-06, 5.6710255194e-06, 2.49429945143e-06, 5.7544275478e-07, 2.61311726035e-07, 2.65972971647e-07, 2.87216323613e-07, 1.74645471418e-08, 1.9525236894e-06, 1.07991866116e-06, 3.09274554411e-07, 6.07931056607e-08, 2.02353433565e-07, 1.72229821516e-08, 1.49099470548e-08, 8.32112767579e-10, 5.9313361514e-12], "median": [3.93642665131e-08, 9.46689766579e-08, 1.37563532121e-07, 3.30090301759e-07, 1.62613503107e-06, 1.36861035571e-06, 1.14663066597e-06, 6.89846785917e-07, 3.23973182503e-07, 1.03941694363e-07, 1.25807929408e-07, 2.09922220051e-07, 1.62377304491e-07, 9.8927337433e-08, 7.20756432315e-08, 7.82651170539e-08, 5.23546290765e-08, 1.52465631231e-08, 4.21204973122e-08, 5.45162457399e-08, 5.65641684602e-08, 2.27910099682e-08, 1.63723345992e-08, 4.13009759725e-09, 3.51997697656e-09, 1.4015152372e-09, 2.34687685952e-10]}, "melbands_kurtosis": {"dmean": 12.9764690399, "dmean2": 21.2182579041, "max": 670.327514648, "dvar": 582.655578613, "mean": 20.4952068329, "dvar2": 1387.14550781, "min": -1.92650294304, "var": 1568.08251953, "median": 10.0186328888}, "erbbands_crest": {"dmean": 3.51062297821, "dmean2": 5.90716409683, "max": 30.6309967041, "dvar": 10.450170517, "mean": 10.371424675, "dvar2": 28.0731086731, "min": 2.64671754837, "var": 24.0231075287, "median": 9.6286907196}, "melbands_skewness": {"dmean": 1.13873422146, "dmean2": 1.82509315014, "max": 22.8154888153, "dvar": 1.74043297768, "mean": 2.81684374809, "dvar2": 4.04430627823, "min": -4.29264736176, "var": 6.16340732574, "median": 2.38448667526}, "spectral_energyband_middle_low": {"dmean": 0.00239129574038, "dmean2": 0.00339219137095, "max": 0.120789900422, "dvar": 5.52228266315e-05, "mean": 0.00388180278242, "dvar2": 0.00011605288455, "min": 2.03898165593e-22, "var": 0.000117532392323, "median": 1.00631323221e-05}, "spectral_contrast_coeffs": {"dmean": [0.0497517175972, 0.0508493445814, 0.0346392355859, 0.0299529526383, 0.0254556182772, 0.0221219789237], "dmean2": [0.0757910758257, 0.0767830982804, 0.0538314767182, 0.0463147945702, 0.0380311198533, 0.0319019071758], "max": [-0.198723882437, -0.322306334972, -0.374176025391, -0.458402872086, -0.497034430504, -0.464347034693], "dvar": [0.00230191042647, 0.0026787945535, 0.00138094753493, 0.00111181417014, 0.000967777334154, 0.000703238300048], "mean": [-0.673918128014, -0.782884716988, -0.849984526634, -0.84084302187, -0.836516082287, -0.798038899899], "dvar2": [0.00452220253646, 0.00517876539379, 0.00274440669455, 0.00224421895109, 0.00177915603854, 0.00127698981669], "min": [-0.976814031601, -0.975078821182, -0.975465834141, -0.969067037106, -0.9685754776, -0.962583839893], "var": [0.0320057198405, 0.0158206634223, 0.00695888791233, 0.00559563841671, 0.00667627574876, 0.00689535401762], "median": [-0.710099101067, -0.820289969444, -0.875634610653, -0.858136057854, -0.865835189819, -0.815706968307]}, "spectral_contrast_valleys": {"dmean": [0.513911068439, 0.51170194149, 0.465800434351, 0.416366279125, 0.399123847485, 0.368743866682], "dmean2": [0.835440516472, 0.800653934479, 0.713568687439, 0.610125660896, 0.569752216339, 0.491117089987], "max": [-7.21593284607, -4.52442312241, -4.79850244522, -6.0776591301, -5.41745901108, -7.60195446014], "dvar": [0.234988331795, 0.289503335953, 0.265519231558, 0.24077655375, 0.296382069588, 0.294177830219], "mean": [-11.6159963608, -10.0519647598, -10.8961076736, -11.2935495377, -11.0279521942, -13.5558204651], "dvar2": [0.503200531006, 0.573745906353, 0.485687613487, 0.424244493246, 0.510751485825, 0.455645650625], "min": [-28.1275901794, -27.8090801239, -27.6348628998, -27.6332988739, -27.4925251007, -27.3705177307], "var": [3.77976822853, 6.77757835388, 6.90836763382, 6.86496400833, 6.78600978851, 5.52538251877], "median": [-11.6561717987, -9.72956943512, -10.6919155121, -11.1662845612, -11.4124584198, -14.3346204758]}, "silence_rate_20dB": {"dmean": 0, "dmean2": 0, "max": 1, "dvar": 0, "mean": 1, "dvar2": 0, "min": 1, "var": 0, "median": 1}, "silence_rate_30dB": {"dmean": 0.00348702049814, "dmean2": 0.00697539234534, "max": 1, "dvar": 0.00347461504862, "mean": 0.998063147068, "dvar2": 0.0100275482982, "min": 0, "var": 0.00193314510398, "median": 1}, "spectral_strongpeak": {"dmean": 0.271004855633, "dmean2": 0.422453343868, "max": 19.5526828766, "dvar": 0.673661112785, "mean": 0.424023658037, "dvar2": 1.65170347691, "min": 0, "var": 1.17207014561, "median": 0.0233601573855}, "spectral_spread": {"dmean": 601371.875, "dmean2": 933472, "max": 42660828, "dvar": 900583981056, "mean": 5103096.5, "dvar2": 1711035908100.0, "min": 1533330.625, "var": 13673615589400.0, "median": 4464672}, "barkbands_flatness_db": {"dmean": 0.0325705595315, "dmean2": 0.0503869503736, "max": 0.430731892586, "dvar": 0.00107257859781, "mean": 0.1611443609, "dvar2": 0.00230947858654, "min": 0.0125817079097, "var": 0.00503746466711, "median": 0.160263776779}, "pitch_salience": {"dmean": 0.0954037159681, "dmean2": 0.156511068344, "max": 0.910377562046, "dvar": 0.00691882614046, "mean": 0.582830607891, "dvar2": 0.0174384638667, "min": 0.0713320299983, "var": 0.0213344004005, "median": 0.602613568306}, "erbbands_kurtosis": {"dmean": 2.43051552773, "dmean2": 4.01270484924, "max": 99.6399002075, "dvar": 18.9710102081, "mean": 2.06653952599, "dvar2": 47.7810440063, "min": -1.90325593948, "var": 25.3256397247, "median": 0.484336614609}, "average_loudness": 0.0456051714718, "barkbands_crest": {"dmean": 3.44808316231, "dmean2": 5.79811954498, "max": 26.1162948608, "dvar": 8.52983379364, "mean": 11.0828533173, "dvar2": 22.3789539337, "min": 2.1954574585, "var": 20.2232341766, "median": 10.2257328033}, "hfc": {"dmean": 4.20833063126, "dmean2": 5.71569681168, "max": 257.523071289, "dvar": 176.731918335, "mean": 7.33280229568, "dvar2": 345.227996826, "min": 1.10327345017e-16, "var": 443.383300781, "median": 0.0135842906311}, "barkbands_kurtosis": {"dmean": 5.94808197021, "dmean2": 9.73252773285, "max": 173.675537109, "dvar": 109.303237915, "mean": 7.70348644257, "dvar2": 280.649230957, "min": -1.93194770813, "var": 162.894821167, "median": 3.83103132248}, "erbbands": {"dmean": [6.03895205131e-05, 0.00105601095129, 0.0162648130208, 0.192565739155, 1.20055735111, 2.23366355896, 4.03235340118, 5.38531064987, 8.52661991119, 12.2283945084, 18.7211647034, 9.63798522949, 5.50006341934, 4.21648645401, 8.72723484039, 14.317442894, 10.5048160553, 7.49809360504, 4.15254926682, 3.87971138954, 4.82322120667, 4.47702741623, 1.38087189198, 3.9360935688, 13.32858181, 9.84571552277, 5.21158981323, 3.33715820312, 1.46395850182, 1.71581864357, 1.77386975288, 0.655655384064, 0.154626637697, 0.148663431406, 0.113011069596, 0.0184698048979, 0.00529382424429, 0.000963253434747, 3.05841094814e-05, 4.84823658553e-06], "dmean2": [9.59324461292e-05, 0.00154254538938, 0.0226666331291, 0.264784038067, 1.80470108986, 3.27057051659, 6.13578414917, 8.54305553436, 13.6157598495, 18.411939621, 28.3930225372, 13.2669477463, 8.44371128082, 6.1871805191, 13.8782730103, 22.6303958893, 15.6306295395, 11.6426897049, 6.30058574677, 5.95408916473, 7.39314603806, 6.75873422623, 1.97161817551, 5.6637377739, 19.7190113068, 13.9657011032, 7.43900299072, 4.77516222, 2.09269237518, 2.5624935627, 2.75308966637, 1.01526832581, 0.247855886817, 0.229677498341, 0.179222166538, 0.0291441548616, 0.00794986635447, 0.00143404095434, 4.5031283662e-05, 6.70552390147e-06], "max": [0.0327654704452, 0.343257665634, 2.18399095535, 17.7991600037, 101.219230652, 241.331588745, 501.599365234, 1276.88574219, 879.094726562, 1891.09973145, 2820.19311523, 2023.52954102, 864.20123291, 561.679199219, 2175.69238281, 2577.8359375, 1547.52258301, 1235.03649902, 940.012878418, 619.008728027, 812.873718262, 785.234924316, 124.852981567, 850.884155273, 2664.20214844, 782.291381836, 545.865234375, 298.005523682, 167.258056641, 291.511993408, 357.196472168, 144.784286499, 46.1973800659, 37.5739631653, 22.8862514496, 5.49300527573, 1.52657949924, 0.350660681725, 0.011709802784, 0.000336387543939], "dvar": [4.46290414402e-07, 5.15752508363e-05, 0.00392060866579, 0.430156946182, 23.4594268799, 95.8790893555, 485.240905762, 1062.62072754, 1763.50732422, 4653.5703125, 11872.5292969, 4009.24633789, 1483.58227539, 635.753417969, 4712.63818359, 8743.81445312, 3726.96679688, 1957.85534668, 576.507019043, 471.106201172, 634.91595459, 597.419189453, 38.1178092957, 523.266357422, 5588.41503906, 1416.06872559, 442.256286621, 186.054092407, 40.6128692627, 100.172393799, 118.966362, 18.877456665, 1.48924434185, 1.13963508606, 0.668374836445, 0.0196080990136, 0.00141771975905, 5.7384972024e-05, 5.86943080805e-08, 2.1523971494e-10], "mean": [6.87057035975e-05, 0.00171923195012, 0.0295079145581, 0.285992950201, 1.69496750832, 2.93940854073, 4.55486774445, 6.08690595627, 8.58389568329, 12.3671979904, 21.9760189056, 12.1808824539, 6.3123049736, 5.32478713989, 8.81299591064, 13.8232498169, 11.0281581879, 8.24579334259, 4.48444271088, 4.4299030304, 5.65851736069, 5.78990316391, 1.8232524395, 5.01945543289, 16.2819232941, 12.733253479, 6.88131761551, 4.51440763474, 1.94163119793, 2.16555905342, 2.15614151955, 0.763756752014, 0.157573759556, 0.159712731838, 0.124016605318, 0.0214136335999, 0.0063175088726, 0.00111996766645, 3.92706606362e-05, 8.90560204425e-06], "dvar2": [1.05732112843e-06, 0.000132099725306, 0.0086069451645, 0.782294273376, 48.1037406921, 196.783554077, 1093.92468262, 2528.96875, 4099.36816406, 10462.578125, 27545.1640625, 8027.12353516, 3208.62158203, 1225.61914062, 12071.8066406, 20605.03125, 8247.66601562, 4518.18017578, 1301.85913086, 1043.2401123, 1496.15332031, 1386.44213867, 78.1383666992, 1071.3828125, 12917.2060547, 2843.20214844, 888.589538574, 362.493103027, 87.2015380859, 226.955307007, 277.267089844, 42.4199523926, 3.55863571167, 2.44855189323, 1.54459559917, 0.0440920032561, 0.00271213543601, 0.000113325346319, 1.04569096493e-07, 4.45407682959e-10], "min": [1.59905551233e-22, 4.06873679472e-22, 2.45585743535e-21, 8.93983524952e-21, 1.71388139382e-20, 4.95635863231e-20, 8.34893684024e-20, 1.01645640343e-19, 1.64522281804e-19, 1.38818988438e-19, 1.9644201842e-19, 3.58731429558e-19, 7.78096128594e-19, 8.88679836735e-19, 8.23426556741e-19, 1.69240398526e-18, 1.53120861096e-18, 1.93576331321e-18, 2.32880583268e-18, 2.00943574087e-18, 4.851065636e-18, 3.96922699652e-18, 5.88032399065e-18, 7.71625260099e-18, 9.75787001039e-18, 8.90752503196e-18, 7.73331071958e-18, 1.04829045706e-17, 1.21198147664e-17, 1.28793526843e-17, 1.16332199808e-17, 1.0334335488e-17, 1.15954964089e-17, 8.82007218888e-18, 5.91351957582e-18, 4.21368947321e-18, 2.52501307398e-18, 9.45426287913e-19, 2.74720795198e-19, 2.93770060309e-20], "var": [4.11392221622e-07, 5.26362055098e-05, 0.00771432183683, 1.02917098999, 47.096950531, 167.815750122, 613.262878418, 1275.07873535, 2063.44702148, 5381.91113281, 16970.1464844, 7132.83837891, 1857.49462891, 1077.82543945, 4200.71972656, 9776.74121094, 4610.58398438, 2432.32592773, 795.609924316, 641.929870605, 750.922119141, 920.974365234, 70.5242538452, 967.456115723, 7091.75292969, 2443.75927734, 736.997070312, 344.654571533, 66.4010238647, 132.534576416, 163.848266602, 27.4572734833, 1.6499145031, 1.51706171036, 0.949746012688, 0.0336715877056, 0.00279834819958, 0.000114340211439, 1.32164515776e-07, 5.76934278129e-10], "median": [5.18688875673e-06, 3.09966162604e-05, 0.000211420614505, 0.00101396662649, 0.00300548202358, 0.00480489991605, 0.00674879038706, 0.012085727416, 0.0173574630171, 0.0189828965813, 0.0142688332126, 0.00859596114606, 0.00427676225081, 0.00383439613506, 0.00654242280871, 0.00931474287063, 0.00865991413593, 0.00664015021175, 0.00489564333111, 0.00440984778106, 0.00476377969608, 0.0031598159112, 0.00111445016228, 0.00130098650698, 0.00279962946661, 0.00271235289983, 0.00247210729867, 0.00178604933899, 0.000886100227945, 0.000561587628908, 0.000420037365984, 0.000144260120578, 4.82818577439e-05, 3.75419876946e-05, 2.35305360547e-05, 5.83894325246e-06, 2.80676931652e-06, 7.00615544247e-07, 4.57930653397e-08, 2.97165101415e-08]}, "spectral_energy": {"dmean": 0.00328491115943, "dmean2": 0.00448543997481, "max": 0.160015463829, "dvar": 9.74575523287e-05, "mean": 0.00601668609306, "dvar2": 0.000198576570256, "min": 1.02844431846e-20, "var": 0.000251174147706, "median": 2.14898591366e-05}, "zerocrossingrate": {"dmean": 0.0166293717921, "dmean2": 0.0193963367492, "max": 0.52587890625, "dvar": 0.000564906513318, "mean": 0.0743510574102