{"tonal": {"chords_number_rate": 0.00093668041518, "thpcp": [1, 0.5107665658, 0.211787849665, 0.203226193786, 0.127991423011, 0.107113555074, 0.135930508375, 0.0850786045194, 0.0451676547527, 0.0515600144863, 0.0616722814739, 0.113272510469, 0.131825879216, 0.0736385881901, 0.0521637350321, 0.0658172890544, 0.0544294901192, 0.0397635176778, 0.0465921200812, 0.104625053704, 0.3566839993, 0.505520820618, 0.268356800079, 0.1156738922, 0.144788563251, 0.0992659106851, 0.0525010712445, 0.0558507852256, 0.0651830658317, 0.05889608711, 0.0419773086905, 0.0502982623875, 0.0822727754712, 0.0914245322347, 0.187930300832, 0.735462903976], "hpcp": {"dvar": [0.0125858904794, 0.00754495663568, 0.0069342055358, 0.00775166554376, 0.00646986393258, 0.00739693874493, 0.0103463735431, 0.0231693126261, 0.0371657237411, 0.0454331897199, 0.0247601550072, 0.0169517863542, 0.0155871976167, 0.0129275750369, 0.0117173725739, 0.0100755663589, 0.00996985659003, 0.00834780279547, 0.00685320980847, 0.0106498291716, 0.0173314400017, 0.020332923159, 0.0359889902174, 0.0525416918099, 0.0656806379557, 0.0484662093222, 0.0441110394895, 0.0315680429339, 0.0264103785157, 0.0216480884701, 0.0197605751455, 0.0105282589793, 0.00946148857474, 0.0100144650787, 0.00949858035892, 0.0127188507468], "mean": [0.0805911868811, 0.0450186356902, 0.0318900756538, 0.0402371175587, 0.0332752354443, 0.0243092551827, 0.0284838937223, 0.0639620795846, 0.218057230115, 0.309047996998, 0.16405877471, 0.0707167387009, 0.0885158702731, 0.0606857873499, 0.0320963039994, 0.0341441370547, 0.0398493893445, 0.0360058695078, 0.0256626475602, 0.0307496264577, 0.0502971075475, 0.0558919943869, 0.114890381694, 0.449622094631, 0.61134570837, 0.312254935503, 0.129475593567, 0.12424146384, 0.0782470032573, 0.0654834136367, 0.0831005349755, 0.0520124398172, 0.0276130512357, 0.0315209925175, 0.0377030856907, 0.0692486613989], "min": [0, 0, 0, 0, 0, 0, 0, 0, 0, 0, 0, 0, 0, 0, 0, 0, 0, 0, 0, 0, 0, 0, 0, 0, 0, 0, 0, 0, 0, 0, 0, 0, 0, 0, 0, 0], "median": [0.0188073590398, 0.00875284895301, 0.0040121357888, 0.00452306959778, 0.00525060109794, 0.00417999690399, 0.00307145388797, 0.00988776609302, 0.0912599414587, 0.139693930745, 0.0708296895027, 0.00810589082539, 0.00564102549106, 0.0059581073001, 0.00369247701019, 0.00255406438373, 0.00487966090441, 0.00637596985325, 0.0045072408393, 0.00294818123803, 0.00451619317755, 0.00566064566374, 0.0430207513273, 0.477062791586, 0.729192256927, 0.289688527584, 0.0125682968646, 0.00466308742762, 0.00425759050995, 0.0107063539326, 0.0126571822912, 0.00915227178484, 0.00277567282319, 0.00264679128304, 0.0068447845988, 0.0178765915334], "dvar2": [0.0285595580935, 0.0200926493853, 0.0186052620411, 0.019212782383, 0.0174378529191, 0.021059108898, 0.0281779710203, 0.060488332063, 0.0840670764446, 0.095057502389, 0.0625031366944, 0.0440958216786, 0.0374816358089, 0.0342330634594, 0.0311311576515, 0.0269057638943, 0.025116506964, 0.0215016435832, 0.0187228303403, 0.0292172245681, 0.0408281832933, 0.0538108870387, 0.0968427732587, 0.131861060858, 0.149889603257, 0.130859330297, 0.117040276527, 0.0810406580567, 0.0724786669016, 0.0594917833805, 0.048737898469, 0.0279697440565, 0.0257487148046, 0.0275912471116, 0.0252760387957, 0.0310331769288], "var": [0.0324426814914, 0.0122149791569, 0.00847624521703, 0.0162003561854, 0.00946978013963, 0.00542316352949, 0.00823867879808, 0.0223804824054, 0.0706898197532, 0.121787287295, 0.0416091866791, 0.0248569268733, 0.0474808216095, 0.0218923054636, 0.0122291976586, 0.015503982082, 0.0182153172791, 0.011037716642, 0.00618149340153, 0.00824465695769, 0.0214195903391, 0.0204204078764, 0.0347306318581, 0.103929162025, 0.15956890583, 0.0682798326015, 0.0587886609137, 0.0722976848483, 0.0361596904695, 0.0195806361735, 0.0367311388254, 0.0138676762581, 0.00912227947265, 0.0124280247837, 0.0112727787346, 0.0192769151181], "dmean2": [0.084123313427, 0.0630560368299, 0.0561584532261, 0.0557354092598, 0.0559679530561, 0.0561169870198, 0.0668344125152, 0.127629593015, 0.210061863065, 0.23529329896, 0.172966495156, 0.107548579574, 0.0916948840022, 0.0827717781067, 0.0645406320691, 0.0562939122319, 0.0594067834318, 0.059416025877, 0.0548072643578, 0.0692608058453, 0.0891381874681, 0.109485939145, 0.207057505846, 0.350439608097, 0.31984513998, 0.326569110155, 0.214530915022, 0.149582818151, 0.127185717225, 0.119670882821, 0.107109107077, 0.0754614919424, 0.0600703693926, 0.0606393702328, 0.0659783259034, 0.0874841287732], "max": [1, 1, 1, 1, 1, 1, 1, 1, 1, 1, 1, 1, 1, 1, 1, 1, 1, 1, 1, 1, 1, 1, 1, 1, 1, 1, 1, 1, 1, 1, 1, 1, 1, 1, 1, 1], "dmean": [0.0508137643337, 0.0361101925373, 0.0316742546856, 0.0319485291839, 0.0314370729029, 0.0307661108673, 0.0369024462998, 0.0719367265701, 0.128138452768, 0.14416795969, 0.103959031403, 0.0611470751464, 0.0528357289732, 0.0467362217605, 0.0362292788923, 0.0318620316684, 0.0339160822332, 0.0341312848032, 0.0302382800728, 0.0384059622884, 0.0516280978918, 0.061567991972, 0.117376573384, 0.203572064638, 0.183711349964, 0.186051607132, 0.118455968797, 0.0835543870926, 0.0708405598998, 0.0667539834976, 0.0621957145631, 0.043215598911, 0.0329583026469, 0.0332757495344, 0.0384016185999, 0.0529292151332]}, "key_strength": 0.699390947819, "chords_strength": {"dvar": 0.000386342813727, "mean": 0.567396759987, "min": -1, "median": 0.590017318726, "dvar2": 0.000781129521783, "var": 0.0237575527281, "dmean2": 0.00548629323021, "max": 0.784005701542, "dmean": 0.00543132610619}, "tuning_equal_tempered_deviation": 0.0554221644998, "chords_key": "F", "tuning_frequency": 441.017791748, "chords_scale": "major", "chords_changes_rate": 0.0301611088216, "key_scale": "major", "tuning_diatonic_strength": 0.614708006382, "hpcp_entropy": {"dvar": 0.290890067816, "mean": 1.52918064594, "min": 0, "median": 1.45149064064, "dvar2": 0.723490536213, "var": 0.525597214699, "dmean2": 0.94858789444, "max": 3.96916389465, "dmean": 0.554509818554}, "chords_histogram": [54.6459350586, 0, 0.224803298712, 0.243536904454, 0, 0.974147617817, 0.917946815491, 2.84750843048, 0.805545151234, 0.206069692969, 0.0936680436134, 0, 0, 0, 6.70663166046, 1.49868869781, 0.337204933167, 28.8310222626, 0.693143486977, 0, 0, 0, 0.149868860841, 0.824278771877], "tuning_nontempered_energy_ratio": 0.657964706421, "key_key": "F"}, "metadata": {"version": {"extractor": "music 1.0", "essentia_build_sha": "c0e182ba78c2de26e491b7b7a4a2c98c1ed34208", "essentia": "2.1-beta2", "essentia_git_sha": "v2.1_beta2-2-gbb40004"}, "audio_properties": {"sample_rate": 44100, "length": 247.823669434, "lossless": false, "analysis_sample_rate": 44100, "downmix": "mix", "bit_rate": 155570, "equal_loudness": 0, "md5_encoded": "960430021935c652aa6496495a3e16ff", "codec": "mp3", "replay_gain": 0.547689437866}, "tags": {"catalognumber": ["SKY 027"], "musicbrainz_recordingid": ["c94dde02-1e9f-4726-94c6-a5858ab66915"], "title": ["Breitengrad 20"], "artist": ["Cluster"], "discnumber": ["1/1"], "artistsort": ["Cluster"], "originaldate": ["1979"], "musicbrainz_artistid": ["393ce5ee-4550-48e2-97f9-50a47a74bdc1"], "tracknumber": ["4/6"], "musicbrainz_albumartistid": ["393ce5ee-4550-48e2-97f9-50a47a74bdc1"], "musicbrainz album status": ["official"], "date": ["1979"], "albumartistsort": ["Cluster"], "musicbrainz_releasegroupid": ["2c83af61-f7f2-364c-befa-c295008237da"], "media": ["12\" Vinyl"], "musicbrainz album release country": ["DE"], "label": ["Sky Records"], "musicbrainz album type": ["album"], "script": ["Latn"], "musicbrainz_albumid": ["4b1aef05-f057-4eb9-a7fc-481321eb2ffe"], "file_name": "04 - Breitengrad 20.mp3", "album": ["Grosses Wasser"], "albumartist": ["Cluster"]}}, "lowlevel": {"melbands": {"dvar": [1.15204875328e-06, 4.66945175503e-06, 1.53404130288e-06, 8.2347503394e-07, 5.33662955604e-07, 4.06863392755e-07, 1.231374398e-07, 1.22343735143e-07, 4.42683969482e-08, 6.2434139636e-07, 7.43499356304e-07, 1.66504094068e-07, 2.82210152136e-07, 6.68331310294e-08, 3.59252467774e-08, 8.09798734736e-08, 6.96830966262e-08, 1.40730260778e-09, 3.45113337907e-09, 6.67857547043e-10, 1.52075407822e-09, 1.01829641941e-10, 2.59601035113e-10, 1.39031092194e-10, 4.49328074748e-11, 3.50892613576e-11, 2.04180439917e-11, 6.19434495017e-12, 6.83348386557e-12, 5.4249920528e-13, 5.09702631664e-13, 2.06145186641e-13, 2.2334338426e-13, 1.13528393433e-14, 2.71855055015e-14, 7.49548031234e-16, 2.4739111296e-16, 8.18154351534e-17, 2.89922966582e-17, 2.0824981642e-17], "mean": [0.000877795391716, 0.00176392379217, 0.000619775848463, 0.000438406015746, 0.000534202670678, 0.000500906025991, 0.000227800803259, 0.000247592659434, 0.000121717981528, 0.000332692812663, 0.000263120018644, 0.000108976120828, 0.000146531514474, 8.35277460283e-05, 2.60682463704e-05, 6.16247998551e-05, 2.18537261389e-05, 1.2006428733e-05, 8.37468451209e-06, 6.12155645285e-06, 5.38117728865e-06, 5.09351957589e-06, 6.15303815721e-06, 4.45884552391e-06, 2.81885763798e-06, 2.06798426916e-06, 1.14925262551e-06, 6.17219200194e-07, 3.81527570426e-07, 1.3136734367e-07, 6.86125787297e-08, 5.57080745978e-08, 4.3174409825e-08, 1.84152515459e-08, 1.27690844565e-08, 6.20550633101e-09, 2.88979573604e-09, 1.67846814225e-09, 1.0036009801e-09, 4.79877082515e-10], "min": [9.24714586014e-25, 7.40751335448e-25, 5.25620683554e-25, 1.4329549875e-24, 1.48131728858e-24, 1.81508670416e-24, 2.17144120746e-24, 7.28098006528e-25, 1.04146816935e-24, 1.32104589758e-24, 2.44714296624e-24, 3.14971905451e-24, 2.31798710896e-24, 2.87406403574e-24, 1.90942164944e-24, 2.1972957292e-24, 2.8770607211e-24, 4.07880294386e-24, 3.20011858888e-24, 2.92567802148e-24, 3.57462734541e-24, 3.40113750526e-24, 4.54745455803e-24, 4.11269398607e-24, 2.78030712829e-24, 4.13007850827e-24, 3.87951419667e-24, 4.56558534265e-24, 4.19717743915e-24, 2.88902517724e-24, 4.77359376386e-24, 5.36602396494e-24, 5.973455145e-24, 4.69576001378e-24, 5.89493429708e-24, 4.9289658356e-24, 5.48134359637e-24, 5.64377912866e-24, 6.02443567543e-24, 5.90648243187e-24], "median": [0.000320859748172, 0.00071480916813, 0.000239830085775, 0.000149735365994, 0.000149482744746, 0.00017715265858, 4.92370090797e-05, 6.67156928102e-05, 2.33715891227e-05, 2.7541511372e-05, 1.82059211511e-05, 1.00782090158e-05, 1.14470240078e-05, 7.414862921e-06, 2.46857780439e-06, 2.73435216513e-06, 1.24404709823e-06, 7.01504063727e-07, 3.89220275565e-07, 3.79693659625e-07, 2.89397377173e-07, 1.99235870468e-07, 1.89344376622e-07, 1.01694226373e-07, 5.83236570151e-08, 3.22792033103e-08, 1.811007877e-08, 8.90644713536e-09, 5.09964204198e-09, 1.90068671913e-09, 9.67198987567e-10, 5.42032863038e-10, 3.27154719981e-10, 2.09549544383e-10, 1.55973928218e-10, 1.12266348995e-10, 8.42095421172e-11, 6.72367647669e-11, 5.67773640603e-11, 4.55086766882e-11], "dvar2": [2.68795724878e-06, 1.11474246296e-05, 3.66608219338e-06, 2.17681804315e-06, 1.41304894896e-06, 9.94025640466e-07, 3.32265500447e-07, 2.94550432045e-07, 9.73680016614e-08, 9.99941903501e-07, 1.23297024857e-06, 3.03382591937e-07, 4.44161230462e-07, 1.08120936204e-07, 7.29385973841e-08, 1.41486864891e-07, 1.74314379819e-07, 2.39838060523e-09, 6.79173561835e-09, 1.25312094035e-09, 4.68779370877e-09, 2.51712511945e-10, 6.55470844269e-10, 3.17542159234e-10, 1.06657585541e-10, 8.03138527905e-11, 5.36958567887e-11, 1.50356099099e-11, 1.67451330579e-11, 1.42179800919e-12, 1.56713444305e-12, 6.24621990415e-13, 6.65890736648e-13, 2.90049051671e-14, 7.5754784661e-14, 1.99060916473e-15, 6.8909507803e-16, 2.20114825643e-16, 7.88164686816e-17, 5.94994985076e-17], "var": [1.92471998162e-06, 7.32178204998e-06, 1.6073961433e-06, 1.32723664592e-06, 1.88701710613e-06, 8.30451369893e-07, 3.03047045236e-07, 2.78063055248e-07, 1.3632151763e-07, 2.49863319368e-06, 2.64245318249e-06, 5.31105513346e-07, 1.00146689874e-06, 2.33963021401e-07, 7.3410319601e-08, 3.20012105703e-07, 7.97795465246e-08, 4.45849845931e-09, 5.26405674606e-09, 1.27974153497e-09, 1.29517185865e-09, 4.01659705496e-10, 8.5045676057e-10, 5.54114587548e-10, 2.37085850952e-10, 1.80403955663e-10, 4.34903016377e-11, 1.52509654211e-11, 9.60363732982e-12, 7.31708747412e-13, 3.75955912452e-13, 1.95758529829e-13, 1.80810688687e-13, 1.47262573229e-14, 2.06141662984e-14, 1.60109386415e-15, 2.77254556534e-16, 9.10772772105e-17, 3.47372678444e-17, 1.43474361442e-17], "dmean2": [0.000708540377673, 0.00145770481322, 0.000741507858038, 0.000476366927614, 0.000454456778243, 0.000464714772534, 0.000217270688154, 0.00023318384774, 0.000127767547383, 0.000193849919015, 0.000158258335432, 8.58794810483e-05, 8.90639930731e-05, 5.45398434042e-05, 3.16009936796e-05, 4.4473548769e-05, 2.48563319474e-05, 1.39923022289e-05, 1.13167161544e-05, 8.48894251249e-06, 7.2333918979e-06, 4.82402265334e-06, 5.37310779691e-06, 3.83995347875e-06, 2.64891150437e-06, 1.9730537133e-06, 1.31448769025e-06, 7.00506006979e-07, 5.07245886183e-07, 2.08570853033e-07, 1.29380950398e-07, 8.32042417187e-08, 6.09060322176e-08, 2.73603060208e-08, 2.00800265304e-08, 9.72846958547e-09, 5.27700105835e-09, 3.10309333784e-09, 1.86076154485e-09, 9.52757761574e-10], "max": [0.0138783482835, 0.032816849649, 0.0243206396699, 0.0344738550484, 0.0263425465673, 0.0167828090489, 0.0115292184055, 0.00836997851729, 0.00763808796182, 0.0438561998308, 0.0496406666934, 0.0246080011129, 0.0261169504374, 0.0138555848971, 0.0158838164061, 0.0243026111275, 0.0237338915467, 0.00203893706203, 0.00485840346664, 0.00247237761505, 0.00274040317163, 0.000389290769817, 0.000786615593825, 0.000660492107272, 0.000467051548185, 0.00037458044244, 0.000260241387878, 0.000140602191095, 0.000147870669025, 3.99296623073e-05, 5.32805170224e-05, 3.35313670803e-05, 2.96098532999e-05, 6.47412525723e-06, 1.29888512674e-05, 1.48709011683e-06, 7.07764968411e-07, 3.65301701777e-07, 1.88643383581e-07, 3.10959819672e-07], "dmean": [0.000471798615763, 0.000966843042988, 0.000471660663607, 0.000294864265015, 0.000280462350929, 0.000288619339699, 0.000131358479848, 0.000144670018926, 7.78245230322e-05, 0.000146786376718, 0.000117536641483, 5.6709148339e-05, 6.83431426296e-05, 4.07391271438e-05, 1.99741953111e-05, 3.20456820191e-05, 1.53526852955e-05, 8.69527320901e-06, 6.86124667482e-06, 5.04116314914e-06, 4.20406513513e-06, 2.89830722977e-06, 3.2759419355e-06, 2.32200545724e-06, 1.56881776547e-06, 1.1834280258e-06, 7.56347105835e-07, 4.10401355566e-07, 2.90815478365e-07, 1.15170116999e-07, 6.95948472185e-08, 4.63360585456e-08, 3.4229319823e-08, 1.52760843974e-08, 1.09410844829e-08, 5.24391419177e-09, 2.84276535645e-09, 1.69402081251e-09, 1.01520591933e-09, 5.15011810975e-10]}, "spectral_decrease": {"dvar": 2.08292995248e-17, "mean": -5.33137756165e-09, "min": -1.06997056548e-07, "median": -3.01772695721e-09, "dvar2": 4.40956253354e-17, "var": 5.51331230739e-17, "dmean2": 3.45761730358e-09, "max": 7.16422332649e-24, "dmean": 2.38571029598e-09}, "spectral_rolloff": {"dvar": 145731.828125, "mean": 840.567993164, "min": 21.533203125, "median": 516.796875, "dvar2": 328916.09375, "var": 4119401.75, "dmean2": 243.737792969, "max": 19638.28125, "dmean": 141.957092285}, "melbands_crest": {"dvar": 8.34297084808, "mean": 15.9289646149, "min": 1.58659994602, "median": 15.4311618805, "dvar2": 20.3052139282, "var": 30.8552150726, "dmean2": 4.20581150055, "max": 39.7174110413, "dmean": 2.66496419907}, "barkbands_skewness": {"dvar": 0.425004482269, "mean": 1.15611803532, "min": -5.77528905869, "median": 1.09082329273, "dvar2": 1.04538047314, "var": 1.7901494503, "dmean2": 0.769936561584, "max": 17.1208724976, "dmean": 0.497745215893}, "spectral_centroid": {"dvar": 43500.8164062, "mean": 704.82611084, "min": 105.276077271, "median": 498.143127441, "dvar2": 93999.734375, "var": 1421494.125, "dmean2": 178.941802979, "max": 11934.3125, "dmean": 111.003288269}, "spectral_energyband_middle_low": {"dvar": 0.000110513108666, "mean": 0.0109300008044, "min": 1.13849983563e-22, "median": 0.00501219602302, "dvar2": 0.000239407774643, "var": 0.000315258599585, "dmean2": 0.00768892187625, "max": 0.275656938553, "dmean": 0.0051256660372}, "erbbands_crest": {"dvar": 8.9048948288, "mean": 13.036400795, "min": 2.49425005913, "median": 11.5516929626, "dvar2": 19.0157680511, "var": 41.4873085022, "dmean2": 4.21992015839, "max": 34.243473053, "dmean": 2.74496221542}, "dynamic_complexity": 6.2687253952, "spectral_energyband_low": {"dvar": 7.31032414478e-05, "mean": 0.00732668023556, "min": 1.78992949602e-23, "median": 0.0033313636668, "dvar2": 0.000172017709701, "var": 0.000113960348244, "dmean2": 0.00594532163814, "max": 0.117726698518, "dmean": 0.00398635631427}, "silence_rate_60dB": {"dvar": 0.0502149164677, "mean": 0.213322088122, "min": 0, "median": 0, "dvar2": 0.100056819618, "var": 0.167836025357, "dmean2": 0.106071963906, "max": 1, "dmean": 0.0530310124159}, "erbbands_kurtosis": {"dvar": 11.8027534485, "mean": 2.99560332298, "min": -1.87407660484, "median": 0.897524476051, "dvar2": 25.0804824829, "var": 43.3794250488, "dmean2": 2.84978413582, "max": 99.3530731201, "dmean": 1.84850847721}, "spectral_complexity": {"dvar": 12.4563827515, "mean": 9.53691196442, "min": 0, "median": 9, "dvar2": 27.5465316772, "var": 49.1324615479, "dmean2": 3.81821584702, "max": 59, "dmean": 2.43942666054}, "barkbands_crest": {"dvar": 6.28301477432, "mean": 12.1547222137, "min": 2.94971680641, "median": 11.3459529877, "dvar2": 14.6398153305, "var": 21.5037117004, "dmean2": 3.54190349579, "max": 26.3493919373, "dmean": 2.25553202629}, "spectral_energy": {"dvar": 0.000327512272634, "mean": 0.0209910366684, "min": 9.90920287794e-21, "median": 0.0117442235351, "dvar2": 0.000687532359734, "var": 0.000886730849743, "dmean2": 0.0135583058, "max": 0.447124809027, "dmean": 0.00936038885266}, "spectral_spread": {"dvar": 372940668928, "mean": 1970288.375, "min": 164930.1875, "median": 1264710.375, "dvar2": 775289044992, "var": 18869460664300.0, "dmean2": 610689.3125, "max": 42373888, "dmean": 358819}, "spectral_contrast_valleys": {"dvar": [0.237818285823, 0.320975571871, 0.378521740437, 0.546510279179, 0.676538944244, 0.314582765102], "mean": [-7.82813215256, -7.52616262436, -8.2500705719, -9.46304035187, -10.3861036301, -14.1130781174], "min": [-28.2183647156, -28.3910884857, -27.845085144, -27.7175045013, -27.5109577179, -27.4225635529], "median": [-7.33375453949, -7.12269115448, -7.80850601196, -9.07013034821, -10.1454696655, -13.938999176], "dvar2": [0.452268987894, 0.597398340702, 0.719729781151, 1.09788155556, 1.46235156059, 0.704118847847], "var": [6.24004220963, 6.53362417221, 6.42864370346, 6.17641448975, 6.12795066833, 3.14169692993], "dmean2": [0.671073973179, 0.797405838966, 0.805875599384, 0.950579166412, 0.925597846508, 0.664540588856], "max": [-5.09901094437, -4.36554145813, -4.92486476898, -5.61170434952, -5.42511224747, -10.4100255966], "dmean": [0.442112535238, 0.524734318256, 0.524823665619, 0.607543826103, 0.572752475739, 0.411434113979]}, "spectral_rms": {"dvar": 1.56294788667e-06, "mean": 0.00374175026082, "min": 3.10926284719e-12, "median": 0.00338493427262, "dvar2": 3.22775008499e-06, "var": 6.47838032819e-06, "dmean2": 0.0011823088862, "max": 0.0208858642727, "dmean": 0.000855017162394}, "barkbands_spread": {"dvar": 20.0953845978, "mean": 8.3794708252, "min": 0.195533081889, "median": 6.71238899231, "dvar2": 53.9620895386, "var": 53.1961555481, "dmean2": 3.95067453384, "max": 121.511962891, "dmean": 2.45789313316}, "pitch_salience": {"dvar": 0.00569097325206, "mean": 0.524237394333, "min": 0.0253605134785, "median": 0.527087807655, "dvar2": 0.0138605656102, "var": 0.0175561569631, "dmean2": 0.111308820546, "max": 0.93679100275, "dmean": 0.0697355493903}, "erbbands_skewness": {"dvar": 0.25213637948, "mean": 0.509887874126, "min": -5.14560317993, "median": 0.472094416618, "dvar2": 0.557251930237, "var": 1.28805601597, "dmean2": 0.685683071613, "max": 5.90978908539, "dmean": 0.447263300419}, "spectral_energyband_middle_high": {"dvar": 5.83012406423e-05, "mean": 0.00365782156587, "min": 1.15955434387e-21, "median": 0.000607084541116, "dvar2": 0.000104685015685, "var": 0.000190550170373, "dmean2": 0.0023698171135, "max": 0.355941236019, "dmean": 0.00169732212089}, "erbbands": {"dvar": [0.00478956103325, 2.35719943047, 17.4519100189, 43.5592079163, 128.545928955, 211.120239258, 558.81237793, 994.32598877, 512.301696777, 878.983886719, 878.580810547, 13167.8173828, 30533.4414062, 9088.89550781, 38718.9648438, 1259.88244629, 13582.5908203, 23022.7636719, 682.17199707, 618.322509766, 890.906982422, 105.694641113, 195.277206421, 57.2076225281, 34.9786186218, 13.5441436768, 10.9421663284, 1.02429938316, 0.855404794216, 0.105558410287, 0.0342003032565, 0.000905846769456, 0.000128779312945, 2.29769102589e-05, 2.20562219511e-06, 5.33381019352e-08, 2.28040897277e-09, 5.73085849609e-11, 8.11653799726e-11, 4.24452223369e-10], "mean": [0.0559720918536, 1.24034285545, 3.10355877876, 2.99763536453, 5.14424133301, 8.13256931305, 15.335943222, 24.0482673645, 15.3909511566, 20.3891220093, 18.4437351227, 48.5238571167, 54.5843811035, 28.9604320526, 54.015914917, 14.3773784637, 22.8986587524, 14.9552316666, 7.89371871948, 4.69028806686, 4.9205083847, 5.19479846954, 6.13582086563, 3.61320400238, 2.31651353836, 1.09425246716, 0.513584196568, 0.148754835129, 0.101230174303, 0.0445645451546, 0.0199462771416, 0.00641303230077, 0.00230039888993, 0.000749612867367, 0.000225925163249, 7.18646115274e-05, 2.42205314862e-05, 4.81735651192e-06, 1.03037191366e-05, 2.36639243667e-05], "min": [6.42239809498e-23, 5.62003239593e-22, 1.23650687951e-21, 2.89473592119e-21, 4.9494872979e-21, 2.74341009437e-20, 4.40770588788e-20, 7.76202246883e-20, 1.2999260941e-19, 9.04261631804e-20, 1.47689802574e-19, 2.40724886944e-19, 5.08117766643e-19, 7.89967256059e-19, 7.65091763691e-19, 1.43144463202e-18, 1.17723031629e-18, 2.05595141544e-18, 2.74352730845e-18, 2.52994948108e-18, 3.32253719362e-18, 4.19831425357e-18, 5.58490553387e-18, 4.27263808597e-18, 6.69761979489e-18, 7.07803312756e-18, 6.54010061802e-18, 9.37432207678e-18, 1.12491103915e-17, 1.07790377115e-17, 1.05641477689e-17, 1.02984366766e-17, 9.36268447274e-18, 8.15378399573e-18, 6.73426555038e-18, 4.32938391676e-18, 2.14428934178e-18, 8.86258162094e-19, 2.40899887342e-19, 2.49693062823e-20], "median": [0.0218041911721, 0.409843236208, 1.29419398308, 1.05935800076, 1.83105075359, 2.25310373306, 3.90538787842, 8.65857696533, 3.76237440109, 5.88408088684, 3.85516691208, 4.58569335938, 3.87198472023, 3.26095509529, 4.08407306671, 2.03798151016, 1.64758586884, 0.896475195885, 0.46937417984, 0.302713960409, 0.288997173309, 0.218706712127, 0.17785525322, 0.0866719856858, 0.0424095839262, 0.0178953669965, 0.00750104431063, 0.00240496918559, 0.000984348589554, 0.000465095421532, 0.000276421633316, 0.000164585741004, 0.00010612236656, 6.83866092004e-05, 3.93892405555e-05, 2.20920101128e-05, 9.00368468137e-06, 1.62366086442e-06, 5.64074616705e-06, 1.30814241857e-05], "dvar2": [0.0113427545875, 5.45767450333, 43.7898826599, 105.919685364, 339.582000732, 563.284790039, 1453.78088379, 2433.21118164, 1401.70861816, 2210.19384766, 1836.44189453, 21147.78125, 50867.3164062, 16676.1171875, 58777.3203125, 2366.6628418, 24145.0742188, 56956.234375, 1109.94519043, 1335.23120117, 2627.84960938, 274.10760498, 454.980651855, 133.996307373, 81.1198501587, 33.5074920654, 27.045879364, 3.06159067154, 2.61118769646, 0.290708392859, 0.0949992388487, 0.00250587589107, 0.000346431945218, 6.41894366709e-05, 6.23334562988e-06, 1.47880911072e-07, 6.20894802239e-09, 1.51098217271e-10, 1.66739927421e-10, 8.82533213176e-10], "var": [0.00738205388188, 4.07471656799, 23.0721416473, 44.227394104, 143.932495117, 400.242218018, 2149.40991211, 1961.49841309, 1238.43041992, 1664.10192871, 3087.72265625, 52661.6640625, 108061.367188, 28898.1816406, 141832.109375, 3584.35083008, 43395.71875, 28603.2460938, 2132.3293457, 827.425720215, 893.151000977, 424.364562988, 913.576721191, 362.11907959, 176.457397461, 39.7391204834, 16.1980552673, 0.900733530521, 0.751169741154, 0.105935655534, 0.0305901952088, 0.00134545960464, 0.000156980167958, 2.00526192202e-05, 1.65491258031e-06, 6.32826413494e-08, 3.36203509477e-09, 9.19339326888e-11, 2.32601202188e-10, 1.17826493007e-09], "dmean2": [0.0500607453287, 0.977797925472, 2.892993927, 3.79301738739, 6.37295007706, 8.36524868011, 12.9204368591, 22.4979877472, 14.4735307693, 19.9057788849, 17.1187000275, 28.9172077179, 32.4238395691, 21.5422992706, 30.0538005829, 12.892332077, 18.0063934326, 14.5593891144, 8.80350875854, 6.65577173233, 6.37937545776, 4.6536359787, 4.96563529968, 3.11940813065, 2.23238015175, 1.17537200451, 0.665175676346, 0.248130172491, 0.145260572433, 0.0638406425714, 0.0299407858402, 0.0104496600106, 0.00408521527424, 0.00138955365401, 0.000405834492994, 9.99265175778e-05, 2.53968428297e-05, 4.3185323193e-06, 6.54281393508e-06, 1.52123529915e-05], "max": [0.985478818417, 20.5912303925, 63.2192687988, 147.729766846, 292.050109863, 483.966369629, 969.135131836, 848.965881348, 639.73828125, 748.187561035, 1170.10791016, 6454.06152344, 10003.3125, 5648.91259766, 10107.2441406, 2052.62817383, 8800.80078125, 13621.4931641, 1449.10424805, 1991.23583984, 1979.44287109, 361.470855713, 719.986633301, 521.349304199, 334.305908203, 145.838729858, 207.144332886, 71.1405029297, 68.2372283936, 21.9412021637, 14.1323518753, 1.39632487297, 0.452863246202, 0.263621419668, 0.0906022563577, 0.00605542398989, 0.0012267024722, 0.000201469796593, 0.000248922442552, 0.000538266729563], "dmean": [0.0323347076774, 0.655263125896, 1.85737287998, 2.39116072655, 3.92840623856, 5.13502264023, 7.98480033875, 13.9370956421, 8.77556705475, 12.2152729034, 10.6270494461, 21.7471122742, 24.2683849335, 14.4685592651, 24.2152519226, 8.49114322662, 12.6990451813, 9.35740184784, 5.5319776535, 3.91032791138, 3.75177907944, 2.81091213226, 3.06932473183, 1.85585343838, 1.30738902092, 0.687441766262, 0.378350138664, 0.134680628777, 0.0812593698502, 0.0353466197848, 0.0163396317512, 0.00567975919694, 0.00222446839325, 0.00075333105633, 0.000221035443246, 5.54879079573e-05, 1.48570388774e-05, 2.59064154307e-06, 4.52144968222e-06, 1.05052122308e-05]}, "dissonance": {"dvar": 0.0014090834884, "mean": 0.414760380983, "min": 0.0574419163167, "median": 0.426690131426, "dvar2": 0.00384593196213, "var": 0.00344730867073, "dmean2": 0.0608236454427, "max": 0.5, "dmean": 0.0359017960727}, "erbbands_flatness_db": {"dvar": 0.000885828048922, "mean": 0.310125291348, "min": 0.0343955531716, "median": 0.313692808151, "dvar2": 0.00199840264395, "var": 0.0048447935842, "dmean2": 0.0370038487017, "max": 0.526793777943, "dmean": 0.0235896576196}, "melbands_kurtosis": {"dvar": 304.169494629, "mean": 8.46577358246, "min": -1.85690009594, "median": 4.4606628418, "dvar2": 688.350036621, "var": 420.127838135, "dmean2": 7.30740070343, "max": 1091.09997559, "dmean": 4.56765127182}, "melbands_spread": {"dvar": 22.0025348663, "mean": 11.4176578522, "min": 0.365020751953, "median": 7.945520401, "dvar2": 51.3020095825, "var": 249.371902466, "dmean2": 4.69375228882, "max": 159.282058716, "dmean": 2.98464417458}, "melbands_skewness": {"dvar": 0.55696105957, "mean": 1.72781586647, "min": -4.48447942734, "median": 1.6238386631, "dvar2": 1.28510296345, "var": 2.30603909492, "dmean2": 0.854290127754, "max": 28.2622241974, "dmean": 0.552416563034}, "spectral_entropy": {"dvar": 0.139738693833, "mean": 6.22921133041, "min": 3.91487574577, "median": 6.20297527313, "dvar2": 0.300825804472, "var": 0.648821234703, "dmean2": 0.46024826169, "max": 9.82812404633, "dmean": 0.290640860796}, "zerocrossingrate": {"dvar": 5.05836978846e-05, "mean": 0.0281251184642, "min": 0.00341796875, "median": 0.02001953125, "dvar2": 9.52530244831e-05, "var": 0.00286220223643, "dmean2": 0.00449157459661, "max": 0.52294921875, "dmean": 0.00349180796184}, "average_loudness": 0.191137507558, "spectral_contrast_coeffs": {"dvar": [0.00159868749324, 0.00156723952387, 0.00110929855146, 0.000833113444969, 0.000491315789986, 0.00123302766588], "mean": [-0.669928252697, -0.725394248962, -0.771648526192, -0.795261323452, -0.802511692047, -0.803779363632], "min": [-0.980933487415, -0.976642251015, -0.981697618961, -0.972872853279, -0.967844545841, -0.965688467026], "median": [-0.674880027771, -0.725812196732, -0.792966246605, -0.809493899345, -0.810002923012, -0.81446647644], "dvar2": [0.00417836848646, 0.00391389243305, 0.00250462605618, 0.00197616894729, 0.00119974999689, 0.00311609078199], "var": [0.00688831135631, 0.00757012329996, 0.0100645981729, 0.00579030998051, 0.0044668619521, 0.00397108867764], "dmean2": [0.0684608370066, 0.0729144588113, 0.0565328299999, 0.0482185855508, 0.035413082689, 0.0500507317483], "max": [-0.307218760252, -0.44494497776, -0.313374966383, -0.447275131941, -0.53108215332, -0.593184232712], "dmean": [0.0418882444501, 0.0447546876967, 0.0353651605546, 0.0299622565508, 0.0215743426234, 0.0295329298824]}, "barkbands_flatness_db": {"dvar": 0.00172921840567, "mean": 0.309642523527, "min": 0.0593525320292, "median": 0.302227109671, "dvar2": 0.00371024454944, "var": 0.00894848257303, "dmean2": 0.0504357181489, "max": 0.66655087471, "dmean": 0.0321616791189}, "silence_rate_30dB": {"dvar": 0.0116652622819, "mean": 0.982668161392, "min": 0, "median": 1, "dvar2": 0.0268048029393, "var": 0.0170311834663, "dmean2": 0.0236131940037, "max": 1, "dmean": 0.0118054905906}, "spectral_energyband_high": {"dvar": 7.67127517065e-09, "mean": 2.00508911803e-05, "min": 6.92875157746e-21, "median": 3.21750150079e-07, "dvar2": 1.92310238845e-08, "var": 1.26915633558e-08, "dmean2": 2.51532892435e-05, "max": 0.00425944896415, "dmean": 1.42540466186e-05}, "melbands_flatness_db": {"dvar": 0.00294491625391, "mean": 0.418918550014, "min": 0.00280311773531, "median": 0.413885146379, "dvar2": 0.00637626554817, "var": 0.0157834552228, "dmean2": 0.0625872313976, "max": 0.850106179714, "dmean": 0.0397064387798}, "barkbands": {"dvar": [2.09230925918e-08, 3.07547488774e-05, 1.2020932445e-05, 7.61478713684e-06, 1.49280022015e-05, 9.41831240198e-06, 2.84578209175e-06, 2.89252784569e-06, 1.84245382115e-05, 2.30152199947e-05, 1.42813269122e-05, 8.13996166471e-07, 6.1547639234e-06, 6.50873016639e-06, 4.09891612208e-07, 2.69557773436e-07, 4.01728819099e-08, 5.37274331691e-08, 1.92235560803e-08, 8.68646221619e-09, 2.28471841446e-09, 3.9211112135e-10, 2.7050684609e-11, 8.55662925497e-13, 7.63054170631e-14, 1.00765876966e-15, 7.39531644948e-18], "mean": [9.85760998446e-05, 0.00459626084194, 0.00214272132143, 0.00123778218403, 0.00244163256139, 0.00246553588659, 0.000929958012421, 0.00113271106966, 0.00180510082282, 0.00152213696856, 0.00107939762529, 0.000325716129737, 0.000511464604642, 0.000205019809073, 0.000126395447296, 8.97436693776e-05, 9.06180066522e-05, 9.69827960944e-05, 5.96546160523e-05, 2.3396947654e-05, 6.79057029629e-06, 2.47470052273e-06, 7.47349986341e-07, 1.92418013967e-07, 4.45704948504e-08, 1.0799579897e-08, 1.49538570415e-09], "min": [2.06970748645e-25, 3.21441195963e-24, 7.86344734756e-25, 4.89905104678e-25, 8.57445892271e-24, 6.87622362063e-24, 8.18190753677e-24, 1.15334245078e-24, 7.41163850536e-24, 1.84477568155e-23, 1.44583704664e-23, 2.64522400683e-23, 2.23891851547e-23, 3.70874434892e-23, 4.49647844522e-23, 5.73048819501e-23, 6.74815094827e-23, 9.24504906785e-23, 9.23883158174e-23, 1.60916340799e-22, 1.6274444075e-22, 3.11162586859e-22, 3.44148811921e-22, 5.61638268362e-22, 9.36582922602e-22, 1.22682284828e-21, 1.92652404342e-21], "median": [3.78564873245e-05, 0.00152144546155, 0.000934754498303, 0.000412492314354, 0.000749879982322, 0.000807750911918, 0.00015717788483, 0.000265092094196, 0.000165686971741, 9.30903333938e-05, 7.74665459176e-05, 4.01440265705e-05, 2.77266663034e-05, 1.00272372947e-05, 5.86744044995e-06, 5.53776499146e-06, 3.58266652256e-06, 2.31853027799e-06, 1.21771859085e-06, 3.73571339196e-07, 8.72613412639e-08, 2.31282477614e-08, 1.00012726989e-08, 6.33203800504e-09, 4.78474859733e-09, 2.72060907136e-09, 6.31388719086e-10], "dvar2": [4.85828763885e-08, 7.06618156983e-05, 3.11754556606e-05, 1.81486557267e-05, 4.01723846153e-05, 2.28141780099e-05, 7.55951259634e-06, 6.20259424977e-06, 3.02386615658e-05, 3.79862722184e-05, 2.0629260689e-05, 1.98419525077e-06, 1.04935461422e-05, 1.60879808391e-05, 7.41932240089e-07, 7.22911977391e-07, 1.06387929577e-07, 1.25476390167e-07, 4.32515285809e-08, 2.23187779369e-08, 5.76578607081e-09, 1.17547993561e-09, 7.45794953572e-11, 2.37636342895e-12, 2.12835120621e-13, 2.77719021757e-15, 2.1738824313e-17], "var": [2.68546482829e-08, 5.43561473023e-05, 1.26042859847e-05, 7.84163239587e-06, 2.85996702587e-05, 2.44478851528e-05, 6.83682856106e-06, 9.26720258576e-06, 6.90437445883e-05, 8.8368266006e-05, 5.40225373697e-05, 1.37941128742e-06, 2.24389495997e-05, 7.88755369285e-06, 8.61332750901e-07, 3.24235571725e-07, 1.27015368889e-07, 2.50312524486e-07, 1.24738448903e-07, 1.86342052899e-08, 3.12700665361e-09, 3.7199152092e-10, 2.94243934773e-11, 1.08995614184e-12, 6.48339075569e-14, 1.37405462357e-15, 7.61582625718e-18], "dmean2": [0.000117109520943, 0.00354266026989, 0.00240705441684, 0.00158494256902, 0.00240331958048, 0.00222459342331, 0.00098391296342, 0.00102952960879, 0.00113686581608, 0.000973343325313, 0.000646646134555, 0.000353477866156, 0.000401914527174, 0.000240643159486, 0.000156348876772, 0.000123922902276, 8.56719343574e-05, 8.20055502118e-05, 5.25785799255e-05, 2.6893658287e-05, 1.00758870758e-05, 3.48788921656e-06, 1.109064101e-06, 3.38817642387e-07, 8.50323189638e-08, 1.44535698965e-08, 1.85194393154e-09], "max": [0.00242645712569, 0.0716258436441, 0.0466430038214, 0.0559131167829, 0.126377761364, 0.0849036052823, 0.0617464445531, 0.063434869051, 0.2235147506, 0.257354825735, 0.194654688239, 0.0307565778494, 0.177220106125, 0.232450097799, 0.0451481938362, 0.0318468213081, 0.00937649048865, 0.0100939450786, 0.0103375427425, 0.00429177843034, 0.00310017820448, 0.00135049433447, 0.00037493565469, 3.61279307981e-05, 1.2126341062e-05, 9.95352934297e-07, 6.4726357607e-08], "dmean": [7.32836851967e-05, 0.00239479797892, 0.00149630731903, 0.00100365432445, 0.00148091837764, 0.00138377537951, 0.00058274139883, 0.000646797707304, 0.000832413614262, 0.000705800834112, 0.000507211661898, 0.000217701744987, 0.00028358909185, 0.00014871066378, 9.76243682089e-05, 7.3218565376e-05, 5.14110179211e-05, 4.98701665492e-05, 3.15162760671e-05, 1.53461096488e-05, 5.62185687158e-06, 1.94898507289e-06, 6.02276486461e-07, 1.83457288472e-07, 4.59062441394e-08, 8.0660420565e-09, 1.04285646785e-09]}, "erbbands_spread": {"dvar": 35.1032981873, "mean": 16.1380596161, "min": 0.369595497847, "median": 13.332195282, "dvar2": 85.9981689453, "var": 145.661178589, "dmean2": 6.78681516647, "max": 123.804145813, "dmean": 4.20616769791}, "barkbands_kurtosis": {"dvar": 59.9912261963, "mean": 4.92738628387, "min": -1.80922567844, "median": 2.3255982399, "dvar2": 149.013900757, "var": 96.6474990845, "dmean2": 4.91328048706, "max": 371.946685791, "dmean": 3.08642244339}, "spectral_flux": {"dvar": 0.00167650764342, "mean": 0.0522228777409, "min": 6.43089956287e-11, "median": 0.0308922454715, "dvar2": 0.00363413942978, "var": 0.00286639947444, "dmean2": 0.0409290753305, "max": 0.495108485222, "dmean": 0.0273269768804}, "silence_rate_20dB": {"dvar": 0.00074897473678, "mean": 0.999250531197, "min": 0, "median": 1, "dvar2": 0.00149696541484, "var": 0.000748904596549, "dmean2": 0.00149925041478, "max": 1, "dmean": 0.000749554950744}, "gfcc": {"cov": [[28503.7753906, 3483.81591797, -5779.77587891, 482.385314941, -140.301467896, -888.49609375, 128.91394043, -120.461608887, -148.374343872, -443.762298584, 17.6090965271, -233.774520874, 186.21925354], [3483.81591797, 2087.94360352, 192.826431274, -522.705627441, 324.478729248, -134.219528198, 22.0846328735, -118.908966064, -24.007604599, -107.497314453, 114.192123413, -62.6501045227, 91.1763000488], [-5779.77587891, 192.826431274, 2640.08813477, -99.3570709229, 66.2431640625, 269.147979736, -28.8528289795, -77.1338500977, 88.1804275513, 72.4390716553, 57.1964225769, 48.8491897583, 15.7126550674], [482.385314941, -522.705627441, -99.3570709229, 758.375488281, -75.4649429321, -55.1758308411, 22.9161624908, 22.8999347687, 10.4466180801, -0.878479421139, -8.81888198853, -6.47452449799, -22.6910800934], [-140.301467896, 324.478729248, 66.2431640625, -75.4649429321, 366.883758545, 18.6790962219, 66.166305542, 23.6175537109, -17.4179954529, -11.3817329407, 50.5211029053, -2.9933052063, 19.0911712646], [-888.49609375, -134.219528198, 269.147979736, -55.1758308411, 18.6790962219, 347.281433105, 74.0278549194, -30.7086429596, 30.1149921417, 25.4008769989, -7.16606283188, 16.8576984406, -32.6459846497], [128.91394043, 22.0846328735, -28.8528289795, 22.9161624908, 66.166305542, 74.0278549194, 177.343231201, 53.2334327698, -2.2364153862, -10.302283287, 6.50784492493, -1.15154445171, -3.90522313118], [-120.461608887, -118.908966064, -77.1338500977, 22.8999347687, 23.6175537109, -30.7086429596, 53.2334327698, 147.685516357, 19.9758987427, 0.753196120262, -5.18404150009, 4.28366851807, -13.9034519196], [-148.374343872, -24.007604599, 88.1804275513, 10.4466180801, -17.4179954529, 30.1149921417, -2.2364153862, 19.9758987427, 129.750778198, 51.9490203857, -16.372926712, -21.1147937775, -9.45035171509], [-443.762298584, -107.497314453, 72.4390716553, -0.878479421139, -11.3817329407, 25.4008769989, -10.302283287, 0.753196120262, 51.9490203857, 109.577964783, 27.3124389648, -9.28728866577, -22.4480552673], [17.6090965271, 114.192123413, 57.1964225769, -8.81888198853, 50.5211029053, -7.16606283188, 6.50784492493, -5.18404150009, -16.372926712, 27.3124389648, 106.277046204, 45.2908973694, 7.65824079514], [-233.774520874, -62.6501045227, 48.8491897583, -6.47452449799, -2.9933052063, 16.8576984406, -1.15154445171, 4.28366851807, -21.1147937775, -9.28728866577, 45.2908973694, 102.873207092, 33.7919921875], [186.21925354, 91.1763000488, 15.7126550674, -22.6910800934, 19.0911712646, -32.6459846497, -3.90522313118, -13.9034519196, -9.45035171509, -22.4480552673, 7.65824079514, 33.7919921875, 83.0899734497]], "mean": [-212.060058594, 220.28276062, -106.172935486, -6.88497829437, -25.5297355652, -15.296790123, -12.3200473785, -4.28025627136, -11.6660318375, -9.94272327423, 0.509270727634, -7.71697378159, -2.26303195953], "icov": [[0.000220265617827, -0.000628592562862, 0.000518600223586, -0.000475842971355, 0.000448772043455, -0.000186728153494, -1.38570121635e-05, -8.89847578947e-05, -5.72369717702e-05, -4.97514411109e-05, 0.000166542202351, -0.000133516587084, -0.000204923795536], [-0.000628592562862, 0.00292499177158, -0.00155990978237, 0.00208915909752, -0.00178846612107, 0.00112763629295, -0.000414385867771, 0.00132056628354, -0.000811243720818, 0.00206834427081, -0.00255093257874, 0.00207984424196, -2.40951976593e-05], [0.000518600223586, -0.00155990978237, 0.00166773819365, -0.00116344215348, 0.00101235473994, -0.000848242489155, 0.000220604197239, -0.000186144432519, -0.000331426825142, -0.000308687420329, 0.000316492456477, -0.000488975609187, -0.00062171195168], [-0.000475842971355, 0.00208915909752, -0.00116344215348, 0.00290754879825, -0.000986250001006, 0.00115992454812, -0.000720417301636, 0.000943102990277, -0.000718878232874, 0.00145316100679, -0.00170008093119, 0.00120456295554, 0.000571935379412], [0.000448772043455, -0.00178846612107, 0.00101235473994, -0.000986250001006, 0.0046169036068, -0.000917429744732, -0.000740139279515, -0.00131986045744, 0.000543389876839, -0.000166115089087, -0.00116126565263, 0.000778138171881, -0.00137343851384], [-0.000186728153494, 0.00112763629295, -0.000848242489155, 0.00115992454812, -0.000917429744732, 0.00507933646441, -0.00292843743227, 0.00292204902507, -0.00142102723476, 0.000257459032582, 0.000748576771002, -0.00178705644794, 0.00278177415021], [-1.38570121635e-05, -0.000414385867771, 0.000220604197239, -0.000720417301636, -0.000740139279515, -0.00292843743227, 0.00857159681618, -0.00401703314856, 0.0010546464473, 0.000336663593771, -0.000655838055536, 0.00122735218611, -0.00123031495605], [-