{"tonal": {"hpcp": {"dvar": [0.0670158863068, 0.0464697442949, 0.0350852906704, 0.0355149619281, 0.0503568463027, 0.0521332658827, 0.0415577031672, 0.0528551787138, 0.0545912608504, 0.0497908554971, 0.0446711443365, 0.0399924479425, 0.0415759980679, 0.0384566113353, 0.0313537493348, 0.0556199327111, 0.0612363815308, 0.0837258547544, 0.0913642495871, 0.083670899272, 0.0696286186576, 0.0346236079931, 0.0284527763724, 0.0432158596814, 0.101969540119, 0.0478864461184, 0.032168533653, 0.0282350853086, 0.0346259064972, 0.0384473651648, 0.0604068152606, 0.0618856362998, 0.0561447106302, 0.0725800916553, 0.0789180248976, 0.0698547661304], "var": [0.0572750419378, 0.0401092581451, 0.0296473260969, 0.0303925722837, 0.0453319251537, 0.0504249557853, 0.105575054884, 0.127789318562, 0.0485811941326, 0.0408491678536, 0.0379370301962, 0.0364797115326, 0.0395672656596, 0.03708640486, 0.0320733785629, 0.0466668568552, 0.060358569026, 0.0867055132985, 0.0810573920608, 0.0619217045605, 0.0508751012385, 0.0299693290144, 0.0255628526211, 0.049903281033, 0.125704988837, 0.0611865185201, 0.0411848723888, 0.0323824100196, 0.0373037904501, 0.0399813316762, 0.0555012896657, 0.0636577084661, 0.0655723512173, 0.0669911578298, 0.0651073977351, 0.0597780644894], "median": [0.047107744962, 0.0342429094017, 0.0391968339682, 0.0498333834112, 0.0452930778265, 0.0844131037593, 0.125672996044, 0.10958480835, 0.102115936577, 0.049214720726, 0.0399681329727, 0.0331827364862, 0.0360169671476, 0.0454919971526, 0.0541163831949, 0.0514181181788, 0.0618643350899, 0.0567721053958, 0.0431845225394, 0.0313041508198, 0.0322791226208, 0.0298776552081, 0.0320624522865, 0.114499367774, 0.159948825836, 0.159068092704, 0.032988447696, 0.0326150208712, 0.0387479029596, 0.0407069176435, 0.0467949286103, 0.053965061903, 0.0525316372514, 0.0432784594595, 0.0500266365707, 0.063465565443], "max": [1, 1, 1, 1, 1, 1, 1, 1, 1, 1, 1, 1, 1, 1, 1, 1, 1, 1, 1, 1, 1, 1, 1, 1, 1, 1, 1, 1, 1, 1, 1, 1, 1, 1, 1, 1], "dmean": [0.16649325192, 0.12967607379, 0.111230492592, 0.114742681384, 0.145720973611, 0.184090018272, 0.177008926868, 0.163689881563, 0.176025912166, 0.144225507975, 0.132691338658, 0.122749790549, 0.130433827639, 0.13393868506, 0.128182664514, 0.157557353377, 0.189059838653, 0.218986690044, 0.239062905312, 0.217194616795, 0.171455964446, 0.116322569549, 0.0973139405251, 0.191461995244, 0.290579468012, 0.210292935371, 0.12228795141, 0.101533897221, 0.109643593431, 0.128030627966, 0.173174619675, 0.182810351253, 0.171107143164, 0.194173261523, 0.21288587153, 0.204926595092], "dmean2": [0.293987244368, 0.227230727673, 0.199102297425, 0.208345904946, 0.259536445141, 0.325905263424, 0.315406084061, 0.293699979782, 0.313804924488, 0.261204600334, 0.237447023392, 0.220790937543, 0.232428446412, 0.233969792724, 0.224811851978, 0.288717985153, 0.345360547304, 0.3938139081, 0.441496312618, 0.41069611907, 0.321136176586, 0.209482416511, 0.171787649393, 0.346915483475, 0.541507124901, 0.380387961864, 0.214610695839, 0.179513186216, 0.197834149003, 0.229649439454, 0.315905809402, 0.324682682753, 0.301969349384, 0.354231536388, 0.392247736454, 0.369245588779], "mean": [0.144222930074, 0.114698164165, 0.10435051471, 0.112605422735, 0.130098223686, 0.167855635285, 0.275671780109, 0.291672855616, 0.179907917976, 0.130368635058, 0.119080401957, 0.113300450146, 0.116774320602, 0.126049458981, 0.128597676754, 0.138250052929, 0.170782715082, 0.202781572938, 0.19131539762, 0.149826154113, 0.124611705542, 0.100008733571, 0.0917644798756, 0.203523620963, 0.314621835947, 0.231916666031, 0.126687288284, 0.108888693154, 0.113456577063, 0.126905068755, 0.152122482657, 0.171130955219, 0.174258127809, 0.170051470399, 0.170105561614, 0.168596163392], "dvar2": [0.186154037714, 0.123136408627, 0.0965326502919, 0.100483424962, 0.138660356402, 0.147551089525, 0.111490003765, 0.139677166939, 0.147069424391, 0.14189465344, 0.123240374029, 0.107430949807, 0.111909456551, 0.106333494186, 0.087625734508, 0.164017766714, 0.181478530169, 0.2372944206, 0.264097452164, 0.258499264717, 0.205024659634, 0.0990731418133, 0.0778438150883, 0.120497472584, 0.288353711367, 0.145321041346, 0.0932340696454, 0.0772789046168, 0.0961489602923, 0.116207405925, 0.189105540514, 0.181113347411, 0.157165974379, 0.211769446731, 0.228200912476, 0.210199326277], "min": [0, 0, 0, 0, 0, 0, 0, 0, 0, 0, 0, 0, 0, 0, 0, 0, 0, 0, 0, 0, 0, 0, 0, 0, 0, 0, 0, 0, 0, 0, 0, 0, 0, 0, 0, 0]}, "key_key": "C", "thpcp": [1, 0.737128317356, 0.402665287256, 0.346093893051, 0.360612541437, 0.403357475996, 0.483508974314, 0.543925881386, 0.55386531353, 0.540494799614, 0.540666759014, 0.535869240761, 0.458400905132, 0.364558815956, 0.331669658422, 0.35790720582, 0.413506656885, 0.533515512943, 0.876200377941, 0.927058517933, 0.571822702885, 0.41436612606, 0.378487408161, 0.360116302967, 0.371157705784, 0.400637984276, 0.408737301826, 0.439416587353, 0.542819023132, 0.644524812698, 0.608080506325, 0.476210296154, 0.39606821537, 0.317869663239, 0.291665971279, 0.646883308887], "chords_key": "C#", "tuning_equal_tempered_deviation": 0.284612059593, "tuning_frequency": 434.193115234, "tuning_diatonic_strength": 0.482729583979, "chords_histogram": [3.93394851685, 0, 1.16561436653, 0.0971345305443, 0.485672652721, 0, 0, 4.95386123657, 12.5303544998, 15.3958234787, 3.64254498482, 0, 0, 0.874210774899, 1.16561436653, 0, 0, 0, 0, 0, 0, 27.3919372559, 26.809129715, 1.55415248871], "key_strength": 0.288287103176, "key_scale": "minor", "chords_strength": {"dvar": 0.000921018479858, "var": 0.023235315457, "median": 0.470997899771, "max": 0.651706695557, "dmean": 0.0141302905977, "dmean2": 0.0207795798779, "mean": 0.457473695278, "dvar2": 0.00169686297886, "min": -1}, "chords_number_rate": 0.00485672662035, "tuning_nontempered_energy_ratio": 0.895133972168, "hpcp_entropy": {"dvar": 0.319904536009, "var": 0.681367099285, "median": 3.12808203697, "max": 4.66345071793, "dmean": 0.700052380562, "dmean2": 1.23009049892, "mean": 3.01806712151, "dvar2": 0.940797150135, "min": 0}, "chords_changes_rate": 0.149587184191, "chords_scale": "major"}, "rhythm": {"bpm_histogram_first_peak_spread": {"dvar": 0, "var": 0, "median": 0.23770493269, "max": 0.23770493269, "dmean": 0, "dmean2": 0, "mean": 0.23770493269, "dvar2": 0, "min": 0.23770493269}, "bpm_histogram_first_peak_weight": {"dvar": 0, "var": 0, "median": 0.699248075485, "max": 0.699248075485, "dmean": 0, "dmean2": 0, "mean": 0.699248075485, "dvar2": 0, "min": 0.699248075485}, "bpm_histogram_first_peak_bpm": {"dvar": 0, "var": 0, "median": 86, "max": 86, "dmean": 0, "dmean2": 0, "mean": 86, "dvar2": 0, "min": 86}, "bpm": 85.1280899048, "bpm_histogram_second_peak_weight": {"dvar": 0, "var": 0, "median": 0.0451127812266, "max": 0.0451127812266, "dmean": 0, "dmean2": 0, "mean": 0.0451127812266, "dvar2": 0, "min": 0.0451127812266}, "beats_loudness": {"dvar": 0.0018127579242, "var": 0.00223240070045, "median": 0.0191909521818, "max": 0.277276128531, "dmean": 0.0299146901816, "dmean2": 0.0519152060151, "mean": 0.03276758641, "dvar2": 0.00486455485225, "min": 0}, "beats_loudness_band_ratio": {"dvar": [0.0282936953008, 0.00771649088711, 0.00656823161989, 0.0012381260749, 0.00184031540994, 0.00424383766949], "var": [0.0954313352704, 0.0263723041862, 0.0145026491955, 0.00146824331023, 0.00196301192045, 0.00858675688505], "median": [0.627746343613, 0.345888197422, 0.079587623477, 0.0297165997326, 0.0184957608581, 0.0178059190512], "max": [0.995143949986, 0.472174614668, 0.357609808445, 0.285785794258, 0.251642674208, 0.621394336224], "dmean": [0.405739039183, 0.114963151515, 0.184719607234, 0.0411990024149, 0.035231102258, 0.0202433932573], "dmean2": [0.813182115555, 0.224704816937, 0.370915472507, 0.0810404643416, 0.0690051391721, 0.0371940657496], "mean": [0.516039073467, 0.275702029467, 0.145201459527, 0.0412141121924, 0.033252555877, 0.0344237200916], "dvar2": [0.0804157331586, 0.0173997599632, 0.0212963130325, 0.00412904052064, 0.00558504415676, 0.00809697248042], "min": [0, 0, 0, 0, 0, 0]}, "bpm_histogram_second_peak_bpm": {"dvar": 0, "var": 0, "median": 76, "max": 76, "dmean": 0, "dmean2": 0, "mean": 76, "dvar2": 0, "min": 76}, "onset_rate": 5.25314950943, "beats_count": 134, "beats_position": [0.731428563595, 1.47446703911, 2.22911548615, 2.97215414047, 3.70358276367, 4.43501138687, 5.17804956436, 5.90947818756, 6.64090681076, 7.38394546509, 8.08054447174, 8.80036258698, 9.49696159363, 10.1935596466, 10.8901586533, 11.6099767685, 12.3065757751, 13.0263938904, 13.722992897, 14.4312019348, 15.1277999878, 15.8360090256, 16.5326080322, 17.2524261475, 17.9490242004, 18.6456241608, 19.3422222137, 20.062040329, 20.758638382, 21.4668483734, 22.1634464264, 22.8716545105, 23.5682544708, 24.2880725861, 24.984670639, 25.7044887543, 26.4010887146, 27.0976867676, 27.7942848206, 28.5141029358, 29.2107028961, 29.9073009491, 30.6038990021, 31.3237190247, 32.0203170776, 32.7401351929, 33.4367332458, 34.1449432373, 34.8415412903, 35.5497512817, 36.2463493347, 36.96616745, 37.6627655029, 38.3593635559, 39.0559616089, 39.7757797241, 40.4723815918, 41.1805877686, 41.8771858215, 42.585395813, 43.2936058044, 44.0018119812, 44.6984100342, 45.4066200256, 46.1032180786, 46.8114280701, 47.508026123, 48.2278442383, 48.9244422913, 49.6210403442, 50.3176422119, 51.0374603271, 51.7340583801, 52.4538764954, 53.1504745483, 53.8586845398, 54.5552825928, 55.2634925842, 55.9600906372, 56.6799087524, 57.3765068054, 58.0847167969, 58.7813148499, 59.4895210266, 60.1861228943, 60.894329071, 61.590927124, 62.2991371155, 62.9957351685, 63.7155532837, 64.4121551514, 65.1203613281, 65.8169631958, 66.5251693726, 67.2217712402, 67.9415893555, 68.6381835938, 69.3347854614, 70.0313796997, 70.7511978149, 71.4477996826, 72.1560058594, 72.8526077271, 73.5608139038, 74.2574157715, 74.9772338867, 75.673828125, 76.3936462402, 77.0902481079, 77.7868499756, 78.4834442139, 79.2032623291, 79.8998641968, 80.6080703735, 81.3046722412, 82.012878418, 82.7094802856, 83.4292984009, 84.1258926392, 84.8341064453, 85.5307006836, 86.2389068604, 86.935508728, 87.6553268433, 88.3519287109, 89.0485229492, 89.7451248169, 90.4649429321, 91.2428131104, 92.0206756592, 92.8101577759, 93.5996322632, 94.3891143799, 95.1785888672], "danceability": 0.958679199219, "bpm_histogram_second_peak_spread": {"dvar": 0, "var": 0, "median": 0.142857134342, "max": 0.142857134342, "dmean": 0, "dmean2": 0, "mean": 0.142857134342, "dvar2": 0, "min": 0.142857134342}}, "lowlevel": {"spectral_flux": {"dvar": 0.00389639521018, "var": 0.00736145535484, "median": 0.0464437752962, "max": 0.588830888271, "dmean": 0.0291834138334, "dmean2": 0.048581648618, "mean": 0.0737091600895, "dvar2": 0.00788029935211, "min": 6.35560284956e-11}, "spectral_rolloff": {"dvar": 1989447.375, "var": 11650461, "median": 495.263671875, "max": 19638.28125, "dmean": 577.162902832, "dmean2": 1031.82397461, "mean": 1473.0703125, "dvar2": 4859437.5, "min": 21.533203125}, "barkbands_flatness_db": {"dvar": 0.000857513805386, "var": 0.00950319971889, "median": 0.117487698793, "max": 0.487598598003, "dmean": 0.0330759398639, "dmean2": 0.0534951537848, "mean": 0.155095905066, "dvar2": 0.00229362212121, "min": 0.0338159650564}, "spectral_centroid": {"dvar": 258824.90625, "var": 2481623, "median": 1173.91430664, "max": 11552.1845703, "dmean": 384.587463379, "dmean2": 665.81854248, "mean": 1464.65917969, "dvar2": 642634, "min": 132.965438843}, "melbands_skewness": {"dvar": 2.76005554199, "var": 15.4466190338, "median": 3.61777067184, "max": 25.7213001251, "dmean": 1.47659480572, "dmean2": 2.45459079742, "mean": 4.9884095192, "dvar2": 7.17004537582, "min": -0.948491930962}, "melbands": {"dvar": [4.12966182921e-05, 3.49071547134e-06, 4.44607138661e-07, 2.59137436842e-07, 3.49886909135e-06, 1.56776950462e-05, 2.16836883737e-06, 5.17675630363e-07, 2.32759794017e-06, 1.43118279539e-06, 7.24965758536e-08, 1.16579501608e-08, 1.26245669474e-09, 2.82496905868e-08, 1.25640431392e-08, 1.04027120251e-09, 1.12428721888e-09, 3.25768773068e-10, 1.97504956834e-10, 5.56197088386e-10, 7.50513262648e-10, 2.58742249848e-10, 1.10187380054e-10, 2.71218686398e-10, 2.38468411684e-10, 6.24892637635e-10, 9.22163734263e-11, 2.43655290388e-10, 5.89056650679e-11, 2.1307849582e-11, 1.6155986271e-11, 5.82209974676e-12, 5.55478189487e-12, 2.25913450273e-12, 9.50645378389e-13, 6.25136606976e-13, 3.28993559826e-13, 1.92514420746e-13, 6.20432050462e-14, 2.75640767128e-14], "var": [7.83143477747e-05, 6.40901416773e-05, 1.92985662579e-05, 2.11394024063e-07, 1.98424913833e-06, 8.63044533617e-06, 1.3413355191e-06, 3.70215218481e-07, 1.26054851535e-06, 7.69636869791e-07, 4.40628156184e-08, 8.07594169316e-09, 1.17116483178e-09, 1.96822433907e-08, 7.95943844167e-09, 9.27691867769e-10, 1.1749606843e-09, 4.73781402999e-10, 2.60022947618e-10, 7.13703152133e-10, 7.47438777537e-10, 4.2678513501e-10, 1.75757144949e-10, 2.50996556872e-10, 1.91101259817e-10, 3.92888249712e-10, 1.02752063802e-10, 2.28340138464e-10, 6.27402158004e-11, 1.90370722658e-11, 1.22463063995e-11, 4.11583527676e-12, 4.82967311977e-12, 2.21441528309e-12, 7.29396794699e-13, 4.10774008124e-13, 2.05250340378e-13, 1.11756571608e-13, 3.56697330906e-14, 1.5386126482e-14], "median": [0.000368459091987, 0.000466019555461, 7.67938763602e-05, 6.53734823572e-05, 6.87876454322e-05, 3.73060829588e-05, 2.61997047346e-05, 1.92818151845e-05, 1.37779461511e-05, 8.33479862195e-06, 7.03755995346e-06, 5.00803753312e-06, 3.88702392229e-06, 2.36996265812e-06, 2.43929798671e-06, 2.50124116974e-06, 2.30674959312e-06, 1.91387448467e-06, 1.57464933181e-06, 1.28677106659e-06, 1.27534622152e-06, 1.23034237731e-06, 1.0504149941e-06, 9.67894834503e-07, 8.53726135119e-07, 8.32117962091e-07, 7.17850866749e-07, 9.40042355069e-07, 6.97258144555e-07, 4.04989862091e-07, 2.39680844061e-07, 1.79371838271e-07, 1.67489190517e-07, 1.25065184875e-07, 7.75950326215e-08, 6.10206711826e-08, 3.32836407324e-08, 2.16563798006e-08, 1.63801310293e-08, 1.29074946287e-08], "max": [0.0816418081522, 0.0511103346944, 0.028166692704, 0.00631903856993, 0.0170799382031, 0.0339534804225, 0.013115959242, 0.00612078979611, 0.0151879768819, 0.0121930679306, 0.00283893174492, 0.00108046235982, 0.000394122907892, 0.00161231856328, 0.00107925035991, 0.000264841946773, 0.000328396010445, 0.00017075103824, 0.000141503856867, 0.000213296574657, 0.000252601021202, 0.000154616922373, 0.000101137760794, 0.000149286410306, 0.000160210329341, 0.00025000286405, 8.22511428851e-05, 0.000137826646096, 5.64393631066e-05, 3.58462129952e-05, 3.36356752086e-05, 1.88563735719e-05, 2.82554956357e-05, 1.69905561052e-05, 1.19375354188e-05, 1.37567994898e-05, 1.09458560473e-05, 9.00575014384e-06, 6.64311619403e-06, 5.32912736162e-06], "dmean": [0.00209218799137, 0.00110271852463, 0.000295512494631, 0.000165471763466, 0.000385642517358, 0.000721258984413, 0.000296219397569, 0.000167378995684, 0.000273901066976, 0.000215986845433, 6.01419160375e-05, 2.84811940219e-05, 1.21426228361e-05, 3.75627823814e-05, 2.69473111985e-05, 1.15767334137e-05, 1.17652916742e-05, 7.58735814088e-06, 5.37691812497e-06, 9.19474950933e-06, 9.87121984508e-06, 6.44326019028e-06, 4.45529803983e-06, 5.69412122786e-06, 4.49057552032e-06, 6.05535433351e-06, 3.82215284844e-06, 5.2017253438e-06, 3.51327548742e-06, 2.12995200854e-06, 1.55703412474e-06, 9.76913497652e-07, 9.43795555486e-07, 6.78466392401e-07, 4.13662576193e-07, 3.2612342693e-07, 2.10047872429e-07, 1.25792524841e-07, 7.205275665e-08, 3.78113078625e-08], "dmean2": [0.00358801661059, 0.00187443650793, 0.000457448419183, 0.000275568541838, 0.000721663644072, 0.00137485133018, 0.000544511131011, 0.000291197357001, 0.000524900911842, 0.000413182453485, 0.000110896064143, 5.09649471496e-05, 2.06250751944e-05, 6.59756260575e-05, 4.88106306875e-05, 2.09121863008e-05, 2.05860706046e-05, 1.30181324494e-05, 9.11398637982e-06, 1.55310517584e-05, 1.78411428351e-05, 1.01448913483e-05, 7.28030681785e-06, 9.7918573374e-06, 7.98409109848e-06, 1.12018451546e-05, 6.55575831843e-06, 8.97269092093e-06, 6.34931257082e-06, 3.86580995837e-06, 2.79672190118e-06, 1.79650828613e-06, 1.65233393545e-06, 1.19854519198e-06, 7.46832085952e-07, 6.04116394243e-07, 3.90586080812e-07, 2.33844147601e-07, 1.34356028525e-07, 6.97594302324e-08], "mean": [0.00298008858226, 0.00381462788209, 0.00182652426884, 0.000171259613126, 0.000276497623418, 0.000448342267191, 0.000212936021853, 0.00012820061238, 0.000165628502145, 0.000133948473376, 5.06857104483e-05, 2.58890631812e-05, 1.51382455442e-05, 3.02776788885e-05, 2.11476162804e-05, 1.27853418235e-05, 1.44212117448e-05, 1.00660045064e-05, 7.23471111996e-06, 1.09912962216e-05, 1.06656889329e-05, 8.70125131769e-06, 5.89860928812e-06, 6.17005480308e-06, 4.87931674797e-06, 5.53471227249e-06, 4.31708940596e-06, 5.26245139554e-06, 3.82107464247e-06, 2.19675757762e-06, 1.47012019625e-06, 8.71712757089e-07, 8.90714659363e-07, 6.69082453442e-07, 3.49041272329e-07, 2.72837525017e-07, 1.70368380736e-07, 1.03244119032e-07, 5.93598770138e-08, 3.51983970859e-08], "dvar2": [0.000120439632155, 9.87242765405e-06, 9.91551928564e-07, 6.54341704376e-07, 1.01277391877e-05, 4.60917108285e-05, 6.20964738118e-06, 1.35068910367e-06, 6.78870992488e-06, 4.20116384703e-06, 2.10245190146e-07, 3.25121654043e-08, 3.53930529329e-09, 7.61725544862e-08, 3.51424773726e-08, 3.01369595945e-09, 2.96140956202e-09, 8.58683568694e-10, 4.80084194621e-10, 1.39687728051e-09, 2.06997818886e-09, 5.55471446617e-10, 2.58168930678e-10, 7.39493133395e-10, 6.60339782854e-10, 1.80275261386e-09, 2.32095051511e-10, 6.02587590937e-10, 1.62549196325e-10, 6.05474767545e-11, 4.55066054283e-11, 1.67461843004e-11, 1.44714440084e-11, 5.79222433905e-12, 2.57758961744e-12, 1.78203231251e-12, 9.57899124604e-13, 5.66367319797e-13, 1.82180185109e-13, 8.15910110741e-14], "min": [1.37576395237e-24, 5.36585850137e-25, 2.25728485395e-24, 7.06910632424e-25, 1.23178342654e-24, 2.31571163968e-24, 1.97437330093e-24, 1.52502935324e-24, 1.69470376901e-24, 2.03780777569e-24, 1.79561820867e-24, 2.62826207742e-24, 2.75385977758e-24, 3.69877511923e-24, 1.85729056538e-24, 2.07637952408e-24, 3.05817864899e-24, 3.44920635009e-24, 2.31757216813e-24, 2.91086853849e-24, 4.25044132747e-24, 3.37699283953e-24, 4.34553574858e-24, 3.26792335305e-24, 4.33095404918e-24, 4.79475022447e-24, 4.78282777518e-24, 5.28000775513e-24, 5.52814908046e-24, 4.62247286354e-24, 4.18270341926e-24, 5.95011945614e-24, 5.38364396212e-24, 5.14292069031e-24, 5.43339229182e-24, 6.10069209813e-24, 6.15114961378e-24, 6.40818495139e-24, 5.50095507291e-24, 4.95789178727e-24]}, "spectral_decrease": {"dvar": 1.92232300965e-16, "var": 2.87773144022e-16, "median": -1.46844758575e-09, "max": 1.98833072403e-12, "dmean": 5.08027664381e-09, "dmean2": 8.71076544229e-09, "mean": -9.28740995221e-09, "dvar2": 5.27169218872e-16, "min": -1.23452778666e-07}, "barkbands_kurtosis": {"dvar": 1570.79064941, "var": 6764.10253906, "median": 5.86433362961, "max": 466.39831543, "dmean": 19.7717456818, "dmean2": 32.5655479431, "mean": 42.5324821472, "dvar2": 4320.04345703, "min": -1.95836246014}, "silence_rate_30dB": {"dvar": 0.0557750351727, "var": 0.1150585711, "median": 1, "max": 1, "dmean": 0.0592952594161, "dmean2": 0.118619345129, "mean": 0.867346942425, "dvar2": 0.118644908071, "min": 0}, "gfcc": {"mean": [-86.2326889038, 91.1422271729, -91.3352050781, 36.0691795349, -36.9450569153, 0.0427301935852, -14.9397592545, 0.841516256332, -12.5829229355, 4.86219835281, -11.9491291046, 1.13505065441, -10.1196088791], "cov": [[28064.71875, 2382.39160156, -3255.91137695, 1043.69006348, -1302.15209961, 65.6494369507, -474.375701904, 140.116973877, -198.889358521, 21.5419178009, -240.749389648, -30.4150943756, -230.946289062], [2382.39160156, 808.170166016, -19.4960899353, 89.5950393677, 25.0454883575, 51.6156768799, 12.9778633118, 9.20820140839, -19.2229290009, -45.1343994141, -30.13397789, -73.2404098511, -62.3220024109], [-3255.91137695, -19.4960899353, 1037.31518555, 13.5115585327, 303.738433838, 58.5209541321, 84.0872039795, -29.3780288696, -6.78368330002, -41.9837036133, -12.7311401367, -75.9857406616, -17.5570011139], [1043.69006348, 89.5950393677, 13.5115585327, 205.716888428, 18.4401874542, 56.3704299927, 4.6534705162, 7.37381362915, -6.51349878311, -35.7218170166, -29.7215137482, -51.5260124207, -29.5621051788], [-1302.15209961, 25.0454883575, 303.738433838, 18.4401874542, 257.017364502, 42.6574707031, 108.796897888, -15.2169847488, 9.48447799683, -16.2509670258, -0.592956662178, -32.3643722534, -8.4492521286], [65.6494369507, 51.6156768799, 58.5209541321, 56.3704299927, 42.6574707031, 93.9497833252, 27.9269580841, 21.7538547516, 12.4309959412, -13.2741298676, 4.08093929291, -13.2161283493, 4.01502275467], [-474.375701904, 12.9778633118, 84.0872039795, 4.6534705162, 108.796897888, 27.9269580841, 98.0513458252, 12.0959291458, 21.0800857544, 1.71554529667, 9.81021404266, -2.11495399475, 10.1613006592], [140.116973877, 9.20820140839, -29.3780288696, 7.37381362915, -15.2169847488, 21.7538547516, 12.0959291458, 57.8871803284, 29.3817501068, 23.6751346588, 33.0690574646, 22.4115524292, 21.377986908], [-198.889358521, -19.2229290009, -6.78368330002, -6.51349878311, 9.48447799683, 12.4309959412, 21.0800857544, 29.3817501068, 54.8266372681, 33.6258430481, 33.5307502747, 24.2604160309, 23.8534622192], [21.5419178009, -45.1343994141, -41.9837036133, -35.7218170166, -16.2509670258, -13.2741298676, 1.71554529667, 23.6751346588, 33.6258430481, 67.8384628296, 44.419052124, 48.0664978027, 30.0253505707], [-240.749389648, -30.13397789, -12.7311401367, -29.7215137482, -0.592956662178, 4.08093929291, 9.81021404266, 33.0690574646, 33.5307502747, 44.419052124, 65.365524292, 46.9330863953, 34.757019043], [-30.4150943756, -73.2404098511, -75.9857406616, -51.5260124207, -32.3643722534, -13.2161283493, -2.11495399475, 22.4115524292, 24.2604160309, 48.0664978027, 46.9330863953, 72.1548690796, 45.0618133545], [-230.946289062, -62.3220024109, -17.5570011139, -29.5621051788, -8.4492521286, 4.01502275467, 10.1613006592, 21.377986908, 23.8534622192, 30.0253505707, 34.757019043, 45.0618133545, 51.8588218689]], "icov": [[0.000242724330747, -0.00064487173222, 0.000489509897307, -0.00122934707906, 0.000595032586716, -0.000131189503008, -9.27309956751e-05, -0.000282439315924, 0.00105807906948, -0.00139532855246, 0.00127539632376, -0.00113091384992, 0.000461673014797], [-0.00064487173222, 0.00321174156852, -0.00113335845526, 0.00320289749652, -0.00159219221678, -0.000244409719016, 2.53625512414e-05, 8.30146891531e-05, -0.00240003177896, 0.00367962708697, -0.00409378530458, 0.00415689731017, 0.000255519407801], [0.000489509897307, -0.00113335845526, 0.00268970895559, -0.00206291885115, -0.00119017227553, -0.000582411303185, 0.00127327628434, -0.000806435360573, 0.00245010713115, -0.00288671138696, 0.00189839780796, 0.000169810140505, -0.000388808402931], [-0.00122934707906, 0.00320289749652, -0.00206291885115, 0.0135294757783, -0.00335951568559, -0.00302948057652, 0.00145418313332, -0.00058910693042, -0.00583759881556, 0.00703318789601, -0.00521909445524, 0.010049758479, -0.00158801628277], [0.000595032586716, -0.00159219221678, -0.00119017227553, -0.00335951568559, 0.0143375359476, -0.00204232754186, -0.0125739937648, 0.00560753466561, 0.00275458930992, -0.00406113406643, -0.000846833514515, -0.000956936273724, 0.00354806962423], [-0.000131189503008, -0.000244409719016, -0.000582411303185, -0.00302948057652, -0.00204232754186, 0.0172032956034, -0.000737498805393, -0.0054116891697, -0.00267892470583, 0.0060396771878, -0.0018978578737, 0.00186288636178, -0.00470274453983], [-9.27309956751e-05, 2.53625512414e-05, 0.00127327628434, 0.00145418313332, -0.0125739937648, -0.000737498805393, 0.0247996225953, -0.00594532489777, -0.00555493542925, 0.00235948129557, 0.00344553426839, 0.000259581574937, -0.00486826011911], [-0.000282439315924, 8.30146891531e-05, -0.000806435360573, -0.00058910693042, 0.00560753466561, -0.0054116891697, -0.00594532489777, 0.0346153490245, -0.0090167094022, 0.000550771364942, -0.0138894403353, 0.00271827890538, -0.00276341848075], [0.00105807906948, -0.00240003177896, 0.00245010713115, -0.00583759881556, 0.00275458930992, -0.00267892470583, -0.00555493542925, -0.0090167094022, 0.0415048711002, -0.0196674261242, -0.00118100061081, 0.0022816748824, -0.00410379096866], [-0.00139532855246, 0.00367962708697, -0.00288671138696, 0.00703318789601, -0.00406113406643, 0.0060396771878, 0.00235948129557, 0.000550771364942, -0.0196674261242, 0.0471079982817, -0.0173229128122, -0.0102648809552, 0.00172286597081], [0.00127539632376, -0.00409378530458, 0.00189839780796, -0.00521909445524, -0.000846833514515, -0.0018978578737, 0.00344553426839, -0.0138894403353, -0.00118100061081, -0.0173229128122, 0.0521348305047, -0.0231578927487, -0.000759317656048], [-0.00113091384992, 0.00415689731017, 0.000169810140505, 0.010049758479, -0.000956936273724, 0.00186288636178, 0.000259581574937, 0.00271827890538, 0.0022816748824, -0.0102648809552, -0.0231578927487, 0.065045773983, -0.0318317189813], [0.000461673014797, 0.000255519407801, -0.000388808402931, -0.00158801628277, 0.00354806962423, -0.00470274453983, -0.00486826011911, -0.00276341848075, -0.00410379096866, 0.00172286597081, -0.000759317656048, -0.0318317189813, 0.0527031943202]]}, "silence_rate_20dB": {"dvar": 0.0004857921449, "var": 0.000242895723204, "median": 1, "max": 1, "dmean": 0.000486026721774, "dmean2": 0.000972289766651, "mean": 0.999757051468, "dvar2": 0.00145749526564, "min": 0}, "barkbands_skewness": {"dvar": 1.57921397686, "var": 14.5057811737, "median": 2.26442980766, "max": 18.1201648712, "dmean": 1.1700977087, "dmean2": 1.93747329712, "mean": 3.71191644669, "dvar2": 4.28682041168, "min": -2.19732499123}, "erbbands_skewness": {"dvar": 0.296550124884, "var": 1.23918795586, "median": 0.312703847885, "max": 6.38757514954, "dmean": 0.480362951756, "dmean2": 0.81096303463, "mean": 0.498734802008, "dvar2": 0.800332665443, "min": -1.93844604492}, "spectral_contrast_valleys": {"dvar": [0.194914162159, 0.262210935354, 0.239349782467, 0.224222943187, 0.258137315512, 0.254614263773], "var": [8.64093112946, 9.10632514954, 8.41837882996, 8.14609527588, 8.37190055847, 5.82152223587], "median": [-7.31185865402, -7.04011535645, -7.86392784119, -8.18624019623, -7.94326066971, -11.130147934], "max": [-5.28430271149, -3.56443452835, -4.934425354, -6.04871606827, -5.51922750473, -8.26376438141], "dmean": [0.432240992785, 0.435221016407, 0.396474778652, 0.355370759964, 0.408686637878, 0.402925044298], "dmean2": [0.719976663589, 0.709073841572, 0.628681600094, 0.580151796341, 0.651097536087, 0.667729258537], "mean": [-7.73970746994, -7.39510011673, -8.10457515717, -8.41449928284, -8.20417976379, -11.3496303558], "dvar2": [0.40798419714, 0.544333398342, 0.489857107401, 0.463066488504, 0.550320565701, 0.578335225582], "min": [-28.1315422058, -28.2171382904, -27.8498840332, -27.7954292297, -27.5714969635, -27.454536438]}, "spectral_strongpeak": {"dvar": 0.0538452081382, "var": 0.282991677523, "median": 0.0889991372824, "max": 2.31676983833, "dmean": 0.122174426913, "dmean2": 0.208099409938, "mean": 0.344972580671, "dvar2": 0.133023738861, "min": 0}, "erbbands_crest": {"dvar": 2.60978198051, "var": 18.5248641968, "median": 4.86270713806, "max": 20.9030075073, "dmean": 1.65874350071, "dmean2": 2.85549354553, "mean": 6.49386978149, "dvar2": 7.29296112061, "min": 2.40512442589}, "barkbands_crest": {"dvar": 9.76320648193, "var": 39.3900756836, "median": 11.5681991577, "max": 25.5324497223, "dmean": 3.49200677872, "dmean2": 5.92142343521, "mean": 12.6494226456, "dvar2": 27.7344760895, "min": 2.33716011047}, "spectral_energyband_middle_low": {"dvar": 0.00165414984804, "var": 0.00097847590223, "median": 0.00121350598056, "max": 0.34928599, "dmean": 0.0078885788098, "dmean2": 0.0145663637668, "mean": 0.00689586624503, "dvar2": 0.00475054606795, "min": 2.08164085555e-22}, "spectral_contrast_coeffs": {"dvar": [0.00151182862464, 0.000995967187919, 0.000884942593984, 0.000373141141608, 0.000245439296123, 0.00056503835367], "var": [0.0130515480414, 0.00184941338375, 0.00179929309525, 0.00103619822767, 0.000764488708228, 0.00243382458575], "median": [-0.736975371838, -0.823571205139, -0.849231004715, -0.859904050827, -0.854831278324, -0.759239435196], "max": [-0.324187546968, -0.646836996078, -0.683944165707, -0.733946084976, -0.754128992558, -0.519161045551], "dmean": [0.04849531129, 0.0389875024557, 0.0345756448805, 0.0225640181452, 0.0179673694074, 0.0219880007207], "dmean2": [0.0820123031735, 0.0678860545158, 0.060558822006, 0.0391905531287, 0.0309167765081, 0.0366489998996], "mean": [-0.705969214439, -0.822504222393, -0.847072482109, -0.857678413391, -0.853491663933, -0.755453884602], "dvar2": [0.00415100436658, 0.00294591160491, 0.00252780993469, 0.00106734002475, 0.000706050603185, 0.00148570397869], "min": [-0.978554069996, -0.984228551388, -0.994491219521, -0.992367327213, -0.980325818062, -0.980120718479]}, "hfc": {"dvar": 777.77557373, "var": 571.037414551, "median": 2.60616827011, "max": 270.694915771, "dmean": 7.26030063629, "dmean2": 13.0144014359, "mean": 8.95073795319, "dvar2": 2133.7590332, "min": 1.09156454316e-16}, "spectral_energyband_high": {"dvar": 3.86132683161e-07, "var": 3.68668253259e-07, "median": 6.01623796683e-05, "max": 0.00483197066933, "dmean": 0.000272102333838, "dmean2": 0.000487597979372, "mean": 0.000283629749902, "dvar2": 1.0226891618e-06, "min": 7.20754214005e-21}, "erbbands_spread": {"dvar": 162.865844727, "var": 288.475219727, "median": 46.9697608948, "max": 200.007766724, "dmean": 10.6295471191, "dmean2": 17.6091041565, "mean": 46.951675415, "dvar2": 439.18963623, "min": 5.44590568542}, "dissonance": {"dvar": 0.000251379271504, "var": 0.000230424600886, "median": 0.484402477741, "max": 0.49990016222, "dmean": 0.0129432361573, "dmean2": 0.0228233989328, "mean": 0.481900006533, "dvar2": 0.000718346214853, "min": 0.0782437473536}, "spectral_kurtosis": {"dvar": 2.7617957592, "var": 6.46668577194, "median": 4.00510215759, "max": 24.0784454346, "dmean": 1.49831855297, "dmean2": 2.49892616272, "mean": 4.41836118698, "dvar2": 7.10699939728, "min": -1.26752471924}, "spectral_skewness": {"dvar": 0.0723453834653, "var": 0.231713309884, "median": 1.38142085075, "max": 3.87546181679, "dmean": 0.270475238562, "dmean2": 0.446117758751, "mean": 1.40674757957, "dvar2": 0.191732496023, "min": -0.0559049621224}, "pitch_salience": {"dvar": 0.00844039209187, "var": 0.0487142913043, "median": 0.535996079445, "max": 0.989583730698, "dmean": 0.111528657377, "dmean2": 0.190238073468, "mean": 0.501323461533, "dvar2": 0.0231123361737, "min": 0.047920871526}, "spectral_complexity": {"dvar": 23.3149967194, "var": 145.168365479, "median": 6, "max": 52, "dmean": 3.52320766449, "dmean2": 5.63052988052, "mean": 10.830904007, "dvar2": 46.2267684937, "min": 0}, "spectral_spread": {"dvar": 838795526144, "var": 27725272186900.0, "median": 4265549, "max": 42526112, "dmean": 494487.78125, "dmean2": 796664.75, "mean": 5042807, "dvar2": 1693629022210.0, "min": 1478448.375}, "dynamic_complexity": 6.60414838791, "melbands_crest": {"dvar": 14.5809135437, "var": 69.4614334106, "median": 16.8461208344, "max": 39.1351623535, "dmean": 4.21768331528, "dmean2": 7.28701496124, "mean": 17.8407306671, "dvar2": 40.4865226746, "min": 1.59500789642}, "zerocrossingrate": {"dvar": 0.000220411195187, "var": 0.0079187899828, "median": 0.0439453125, "max": 0.52734375, "dmean": 0.00815506838262, "dmean2": 0.011333014816, "mean": 0.059011682868, "dvar2": 0.000397927680751, "min": 0.00048828125}, "spectral_energyband_low": {"dvar": 0.00056839507306, "var": 0.00195067364257, "median": 0.00268192496151, "max": 0.296123892069, "dmean": 0.00987641513348, "dmean2": 0.0166133064777, "mean": 0.0246090423316, "dvar2": 0.00161742407363, "min": 1.64225489234e-23}, "melbands_kurtosis": {"dvar": 5185.31103516, "var": 13565.5126953, "median": 18.0609169006, "max": 1050.37634277, "dmean": 33.049747467, "dmean2": 55.4406814575, "mean": 69.2379837036, "dvar2": 14121, "min": -1.56695973873}, "spectral_energyband_middle_high": {"dvar": 2.28018998314e-05, "var": 2.00889207917e-05, "median": 0.000275045866147, "max": 0.0478997975588, "dmean": 0.00134844821878, "dmean2": 0.00235335994512, "mean": 0.00158197968267, "dvar2": 6.02012987656e-05, "min": 1.21013817508e-21}, "barkbands_spread": {"dvar": 127.212837219, "var": 322.711395264, "median": 16.1002883911, "max": 145.839599609, "dmean": 7.91141033173, "dmean2": 13.5381202698, "mean": 18.6695079803, "dvar2": 329.963378906, "min": 0.231975823641}, "mfcc": {"mean": [-725.275878906, 128.19229126, 3.50428080559, 42.8002166748, 0.544582843781, 13.9504137039, 2.99903655052, 4.62652444839, 2.81182909012, 7.39937496185, 0.809052050114, 3.56091547012, 1.4927546978], "cov": [[9312.49707031, 874.980651855, -794.7734375, 244.102249146, -350.087219238, -69.5503463745, -245.743759155, 138.268066406, -56.6143608093, 162.766372681, -102.161682129, 125.602714539, 21.1642799377], [874.980651855, 953.602050781, 156.729156494, 152.726913452, 85.1601104736, 89.9974746704, 81.5375900269, 51.7216377258, 18.5790557861, 52.958278656, 16.0019741058, -1.89865875244, 21.5779342651], [-794.7734375, 156.729156494, 506.944641113, 98.1746673584, 158.023635864, 61.4391441345, 65.1014328003, 17.1103744507, 19.7268505096, 20.0709285736, 10.8536109924, -19.3061752319, -33.2166519165], [244.102249146, 152.726913452, 98.1746673584, 166.981170654, 71.0916213989, 61.4638557434, 49.6115493774, 24.1531620026, 27.9305953979, 13.2662324905, 16.170545578, 0.796333611012, -12.4321737289], [-350.087219238, 85.1601104736, 158.023635864, 71.0916213989, 126.463119507, 66.1641693115, 62.7064781189, 27.9687862396, 22.3846855164, 16.8846817017, 10.2815589905, -2.14535498619, -6.24768304825], [-69.5503463745, 89.9974746704, 61.4391441345, 61.4638557434, 66.1641693115, 96.4061355591, 58.6058158875, 30.4688949585, 32.303653717, 13.2438812256, 2.62221002579, -2.56745910645, 0.305691957474], [-245.743759155, 81.5375900269, 65.1014328003, 49.6115493774, 62.7064781189, 58.6058158875, 90.738899231, 38.5965576172, 29.0931148529, 13.1987924576, 7.5020699501, 0.347364366055, 3.19073152542], [138.268066406, 51.7216377258, 17.1103744507, 24.1531620026, 27.9687862396, 30.4688949585, 38.5965576172, 55.4803276062, 21.9615802765, 22.9142551422, -2.48879957199, 6.0587182045, 8.08378219604], [-56.6143608093, 18.5790557861, 19.7268505096, 27.9305953979, 22.3846855164, 32.303653717, 29.0931148529, 21.9615802765, 42.7828140259, 16.3768119812, 5.31371831894, 5.38269996643, 5.98898839951], [162.766372681, 52.958278656, 20.0709285736, 13.2662324905, 16.8846817017, 13.2438812256, 13.1987924576, 22.9142551422, 16.3768119812, 40.9638137817, 8.25582027435, 13.56590271, 15.0993480682], [-102.161682129, 16.0019741058, 10.8536109924, 16.170545578, 10.2815589905, 2.62221002579, 7.5020699501, -2.48879957199, 5.31371831894, 8.25582027435, 36.3488311768, 13.3208789825, 13.4519309998], [125.602714539, -1.89865875244, -19.3061752319, 0.796333611012, -2.14535498619, -2.56745910645, 0.347364366055, 6.0587182045, 5.38269996643, 13.56590271, 13.3208789825, 33.3762397766, 21.4801177979], [21.1642799377, 21.5779342651, -33.2166519165, -12.4321737289, -6.24768304825, 0.305691957474, 3.19073152542, 8.08378219604, 5.98898839951, 15.0993480682, 13.4519309998, 21.4801177979, 49.2949676514]], "icov": [[0.000356368138455, -0.000310487492243, 0.000482961680973, -0.00113103049807, 0.000919185345992, -0.000348333414877, 0.00135767401662, -0.00120540556964, 0.00104890798684, -0.00142002699431, 0.00129385618493, -0.00146810384467, 0.000845723145176], [-0.000310487492243, 0.00171979516745, -0.000700261443853, -0.0002357189951, -0.000140910386108, -0.00041097207577, -0.00181876448914, 0.000943347520661, 0.000736664340366, -0.000503345159814, -0.000962536840234, 0.00237283320166, -0.00190970872063], [0.000482961680973, -0.000700261443853, 0.00428957119584, -0.0017053373158, -0.00361286010593, 0.000902504019905, 0.00179332459811, -0.000378698139684, 0.00101138732862, -0.00324243702926, 0.00151190627366, -0.00070257257903, 0.00280594523065], [-0.00113103049807, -0.0002357189951, -0.0017053373158, 0.0140931997448, -0.0054038092494, -0.0016991016455, -0.00396721297875, 0.00289068301208, -0.00641223229468, 0.00613653659821, -0.00832446105778, 0.0023825133685, 0.00223520910367], [0.000919185345992, -0.000140910386108, -0.00361286010593, -0.0054038092494, 0.024709276855, -0.00897921435535, -0.00276504084468, -0.00418363511562, 0.00687875319272, -0.00651845056564, 0.0011636770796, -0.0043905233033, 0.00267865043133], [-0.000348333414877, -0.00041097207577, 0.000902504019905, -0.0016991016455, -0.00897921435535, 0.0246524102986, -0.00760962255299, 0.000913608761039, -0.0103789549321, 0.00289966794662, 0.00231479224749, 0.00431268429384, -0.00257723545656], [0.00135767401662, -0.00181876448914, 0.00179332459811, -0.00396721297875, -0.00276504084468, -0.00760962255299, 0.0313054583967, -0.0164662264287, -0.00157636078075, 0.00113920622971, 0.000147528437083, -0.00393376871943, 0.00230823014863], [-0.00120540556964, 0.000943347520661, -0.000378698139684, 0.00289068301208, -0.00418363511562, 0.000913608761039, -0.0164662264287, 0.0401849858463, -0.00827209837735, -0.0102200843394, 0.00642793765292, 0.00263723405078, -0.00424928544089], [0.00104890798684, 0.000736664340366, 0.00101138732862, -0.00641223229468, 0.00687875319272, -0.0103789549321, -0.00157636078075, -0.00827209837735, 0.0434664264321, -0.0145952682942, 0.00191501807421, -0.00476882373914, 0.00143146014307], [-0.00142002699431, -0.000503345159814, -0.00324243702926, 0.00613653659821, -0.00651845056564, 0.00289966794662, 0.00113920622971, -0.0102200843394, -0.0145952682942, 0.0494100823998, -0.00952766276896, -0.00371325225569, -0.00819251127541], [0.00129385618493, -0.000962536840234, 0.00151190627366, -0.00832446105778, 0.0011636770796, 0.00231479224749, 0.000147528437083, 0.00642793765292, 0.00191501807421, -0.00952766276896, 0.0441328734159, -0.0158616807312, -0.00459121633321], [-0.00146810384467, 0.00237283320166, -0.00070257257903, 0.0023825133685, -0.0043905233033, 0.00431268429384, -0.00393376871943, 0.00263723405078, -0.00476882373914, -0.00371325225569, -0.0158616807312, 0.0558097735047, -0.0193156655878], [0.000845723145176, -0.00190970872063, 0.00280594523065, 0.00223520910367, 0.00267865043133, -0.00257723545656, 0.00230823014863, -0.00424928544089, 0.00143146014307, -0.00819251127541, -0.00459121633321, -0.0193156655878, 0.0361213684082]]}, "silence_rate_60dB": {"dvar": 0.115434892476, "var": 0.207853630185, "median": 0, "max": 1, "dmean": 0.133171319962, "dmean2": 0.26640740037, "mean": 0.294703602791, "dvar2": 0.234331101179, "min": 0}, "melbands_flatness_db": {"dvar": 0.00142367568333, "var": 0.0138417594135, "median": 0.213714614511, "max": 0.563176870346, "dmean": 0.0441784895957, "dmean2": 0.072112493217, "mean": 0.24308899045, "dvar2": 0.00379164912738, "min": 0.00325585133396}, "spectral_rms": {"dvar": 4.92151093567e-06, "var": 1.66652007465e-05, "median": 0.00238708523102, "max": 0.0218190811574, "dmean": 0.00119715381879, "dmean2": 0.00198535947129, "mean": 0.00428074458614, "dvar2": 1.27770890685e-05, "min": 3.14143611298e-12}, "melbands_spread": {"dvar": 228.870361328, "var": 625.231262207, "median": 12.1894445419, "max": 154.452728271, "dmean": 9.18591594696, "dmean2": 15.9743003845, "mean": 19.0773868561, "dvar2": 630.749267578, "min": 0.1554120332}, "average_loudness": 0.250438779593, "erbbands_kurtosis": {"dvar": 6.9771194458, "var": 22.3272762299, "median": -0.609640479088, "max": 50.0920448303, "dmean": 1.21567070484, "dmean2": 2.01951527596, "mean": 0.7641685009, "dvar2": 18.2171649933, "min": -1.79047393799}, "spectral_energy": {"dvar": 0.00295542739332, "var": 0.00427323160693, "median": 0.0058406307362, "max": 0.487974077463, "dmean": 0.019760645926, "dmean2": 0.033930990845, "mean": 0.0358646996319, "dvar2": 0.00811255536973, "min": 1.01153372559e-20}, "spec