{"tonal": {"hpcp": {"dvar": [0.0333598256111, 0.0239898469299, 0.0210258997977, 0.0189788229764, 0.0167517587543, 0.0179574973881, 0.025119163096, 0.0169947613031, 0.0176217183471, 0.0223161522299, 0.0135880503803, 0.0115686068311, 0.0135958222672, 0.0136977089569, 0.0224108900875, 0.0314158611, 0.0212520603091, 0.0163027197123, 0.0201364103705, 0.0203867070377, 0.0309201981872, 0.0417744852602, 0.0337998494506, 0.0426235757768, 0.0336241647601, 0.0234429333359, 0.0181297790259, 0.0134211210534, 0.0131552526727, 0.0215322691947, 0.0239179506898, 0.0143525088206, 0.0169492382556, 0.0198121834546, 0.0213852543384, 0.0287118647248], "var": [0.112990051508, 0.0429501980543, 0.0585542060435, 0.120045632124, 0.0322046838701, 0.0396664626896, 0.0868063941598, 0.0326556712389, 0.0364222638309, 0.0645941272378, 0.0226896852255, 0.0191530771554, 0.0350062772632, 0.0163587592542, 0.0557851232588, 0.121499203146, 0.0396334268153, 0.0169671941549, 0.0181151553988, 0.0177425909787, 0.0503855720162, 0.110682547092, 0.0589790679514, 0.068530254066, 0.0767734348774, 0.0313214100897, 0.0168274138123, 0.011292854324, 0.0105638308451, 0.0323979407549, 0.052995223552, 0.0225362833589, 0.0199316795915, 0.0320110209286, 0.0270425211638, 0.0753986164927], "median": [0.0584855116904, 0.0337056703866, 0.00538788270205, 0.00310065969825, 0.00833328347653, 0.0207989159971, 0.0320136025548, 0.0259112343192, 0.0159610882401, 0.0151807945222, 0.0103239724413, 0.00600163452327, 0.00542150996625, 0.00951242912561, 0.0626392513514, 0.0899287238717, 0.0439926050603, 0.00532421004027, 0.00345635088161, 0.00422664219514, 0.0285310875624, 0.052786886692, 0.0447650998831, 0.0246195048094, 0.0249911621213, 0.0110079254955, 0.00427955761552, 0.00409601209685, 0.00502030225471, 0.0121125727892, 0.0167837496847, 0.0131461657584, 0.00698412721977, 0.0061584408395, 0.0118951322511, 0.0410608686507], "max": [1, 1, 1, 1, 1, 1, 1, 1, 1, 1, 1, 1, 1, 1, 1, 1, 1, 1, 1, 1, 1, 1, 1, 1, 1, 1, 1, 1, 1, 1, 1, 1, 1, 1, 1, 1], "dmean": [0.100443854928, 0.0814762338996, 0.064851693809, 0.0460268296301, 0.0568238012493, 0.0660911351442, 0.0788343176246, 0.0665545910597, 0.0619747377932, 0.0655763745308, 0.0507650338113, 0.0371213778853, 0.0385364703834, 0.0440588258207, 0.082017891109, 0.0972152426839, 0.0739386975765, 0.0452836863697, 0.0451424308121, 0.0497994162142, 0.0918009057641, 0.113114304841, 0.10716983676, 0.108726546168, 0.0945745557547, 0.0658360794187, 0.0417707599699, 0.0347338505089, 0.0362451709807, 0.0599163137376, 0.0678135305643, 0.049563433975, 0.0447276309133, 0.0501867234707, 0.0648369714618, 0.0917100533843], "dmean2": [0.16512106359, 0.138780921698, 0.112378291786, 0.0768793523312, 0.0990914702415, 0.11043766886, 0.128694921732, 0.111387871206, 0.101879276335, 0.10700865835, 0.084884814918, 0.0626897066832, 0.0640850439668, 0.0775880366564, 0.134376615286, 0.154926881194, 0.123892039061, 0.0794894918799, 0.0805588141084, 0.0884699001908, 0.156187102199, 0.187892749906, 0.182014867663, 0.189214929938, 0.155873939395, 0.112421967089, 0.0747454017401, 0.0609855875373, 0.0646634474397, 0.102623857558, 0.111887536943, 0.0834001302719, 0.077664077282, 0.0862655267119, 0.113798573613, 0.153975188732], "mean": [0.238719254732, 0.126652181149, 0.12868899107, 0.173853039742, 0.0947245433927, 0.115078024566, 0.176556125283, 0.107451215386, 0.096460044384, 0.126801326871, 0.070596113801, 0.0508430488408, 0.0654171481729, 0.0526266396046, 0.178153693676, 0.273051977158, 0.140228971839, 0.0454289838672, 0.0423389971256, 0.0432705506682, 0.140616163611, 0.227635368705, 0.16313546896, 0.148954316974, 0.159171059728, 0.0825099274516, 0.0398314855993, 0.0342845097184, 0.0331441946328, 0.0828031897545, 0.113482102752, 0.0660747885704, 0.0528494007885, 0.0662407726049, 0.0732881650329, 0.183840885758], "dvar2": [0.0781543031335, 0.0638347640634, 0.0556159354746, 0.045126054436, 0.0452232956886, 0.0464889705181, 0.0569505654275, 0.0440922379494, 0.0440092273057, 0.0510905943811, 0.0343431420624, 0.0295156277716, 0.0327250026166, 0.0374099127948, 0.0554090216756, 0.0679229348898, 0.0555391088128, 0.0444145277143, 0.0554712563753, 0.0559659004211, 0.0801800861955, 0.0983323454857, 0.0904613882303, 0.112854100764, 0.0796931311488, 0.0615315660834, 0.049800734967, 0.0371890813112, 0.037040784955, 0.0568311177194, 0.0580408647656, 0.0365673974156, 0.045649100095, 0.0519150234759, 0.0578733049333, 0.0713440701365], "min": [0, 0, 0, 0, 0, 0, 0, 0, 0, 0, 0, 0, 0, 0, 0, 0, 0, 0, 0, 0, 0, 0, 0, 0, 0, 0, 0, 0, 0, 0, 0, 0, 0, 0, 0, 0]}, "key_key": "D", "thpcp": [1, 0.513561487198, 0.166374862194, 0.155058383942, 0.158470019698, 0.514979481697, 0.833670437336, 0.597452044487, 0.545516371727, 0.582933187485, 0.302176624537, 0.145875111222, 0.125560373068, 0.121384195983, 0.303250640631, 0.415606230497, 0.241986125708, 0.193550691009, 0.242594003677, 0.268403708935, 0.673281669617, 0.874263048172, 0.46383908391, 0.471298515797, 0.636703073978, 0.346910297871, 0.421450972557, 0.646602630615, 0.393519282341, 0.353266239166, 0.464385300875, 0.258544594049, 0.186202824116, 0.239577636123, 0.192734882236, 0.652453422546], "chords_key": "D", "tuning_equal_tempered_deviation": 0.031787302345, "tuning_frequency": 441.782684326, "tuning_diatonic_strength": 0.440296471119, "chords_histogram": [19.0513076782, 5.96321392059, 10.6098737717, 3.05905127525, 8.42207145691, 10.6679573059, 0.871248781681, 1.39399802685, 0.367860585451, 5.40174245834, 1.33591485023, 8.61568260193, 2.09099698067, 0, 0, 0.56147146225, 1.20038723946, 0.44530493021, 0.696999013424, 0, 0.0580832511187, 0, 14.6369800568, 4.5498547554], "key_strength": 0.703213393688, "key_scale": "minor", "chords_strength": {"dvar": 5.30388897459e-05, "var": 0.00921058934182, "median": 0.476726144552, "max": 0.75906085968, "dmean": 0.00854105874896, "dmean2": 0.0066461735405, "mean": 0.483104228973, "dvar2": 5.09408382641e-05, "min": 0.204807072878}, "chords_number_rate": 0.00271055172198, "tuning_nontempered_energy_ratio": 0.634620428085, "hpcp_entropy": {"dvar": 0.196827992797, "var": 0.433082908392, "median": 1.62944090366, "max": 4.00395154953, "dmean": 0.459947168827, "dmean2": 0.759784281254, "mean": 1.61963510513, "dvar2": 0.52021509409, "min": 0}, "chords_changes_rate": 0.0563407540321, "chords_scale": "minor"}, "rhythm": {"bpm_histogram_first_peak_spread": {"dvar": 0, "var": 0, "median": 0.590476155281, "max": 0.590476155281, "dmean": 0, "dmean2": 0, "mean": 0.590476155281, "dvar2": 0, "min": 0.590476155281}, "bpm_histogram_first_peak_weight": {"dvar": 0, "var": 0, "median": 0.0886597931385, "max": 0.0886597931385, "dmean": 0, "dmean2": 0, "mean": 0.0886597931385, "dvar2": 0, "min": 0.0886597931385}, "bpm_histogram_first_peak_bpm": {"dvar": 0, "var": 0, "median": 136, "max": 136, "dmean": 0, "dmean2": 0, "mean": 136, "dvar2": 0, "min": 136}, "bpm": 135.850219727, "bpm_histogram_second_peak_weight": {"dvar": 0, "var": 0, "median": 0.0701030939817, "max": 0.0701030939817, "dmean": 0, "dmean2": 0, "mean": 0.0701030939817, "dvar2": 0, "min": 0.0701030939817}, "beats_loudness": {"dvar": 0.000475062639453, "var": 0.00056088808924, "median": 0.0130194518715, "max": 0.179667711258, "dmean": 0.0154600134119, "dmean2": 0.0264753736556, "mean": 0.0213507451117, "dvar2": 0.00125139381271, "min": 1.46595118622e-06}, "beats_loudness_band_ratio": {"dvar": [0.0301553681493, 0.0336324572563, 0.031887345016, 0.00943049229681, 0.00280981766991, 0.00833848398179], "var": [0.0663624852896, 0.0544030740857, 0.0629184022546, 0.0168461780995, 0.00436373893172, 0.00664092227817], "median": [0.166700452566, 0.26182103157, 0.207976043224, 0.0533769354224, 0.0239364616573, 0.0129966204986], "max": [0.975630402565, 0.950443327427, 0.956927895546, 0.861692547798, 0.436501920223, 0.760626316071], "dmean": [0.172723680735, 0.212550744414, 0.189559996128, 0.0698194429278, 0.0364982895553, 0.0383285805583], "dmean2": [0.299871832132, 0.363234609365, 0.335383862257, 0.121189914644, 0.0619822777808, 0.0684996768832], "mean": [0.261977255344, 0.32160782814, 0.284976512194, 0.101393572986, 0.0476462729275, 0.0358759947121], "dvar2": [0.0801372900605, 0.092674061656, 0.0792396366596, 0.0255951844156, 0.00744862994179, 0.0230266824365], "min": [0.00157111091539, 0.00176043261308, 0.00656390702352, 0.000882844731677, 0.000127468898427, 2.15992331505e-05]}, "bpm_histogram_second_peak_bpm": {"dvar": 0, "var": 0, "median": 101, "max": 101, "dmean": 0, "dmean2": 0, "mean": 101, "dvar2": 0, "min": 101}, "onset_rate": 1.82223272324, "beats_count": 486, "beats_position": [0.626938760281, 1.25387752056, 1.89242625237, 2.53097510338, 3.15791368484, 3.78485250473, 4.45823097229, 5.10838985443, 5.75854873657, 6.40870714188, 7.04725599289, 7.66258478165, 8.27791404724, 8.88163280487, 9.47374153137, 10.077460289, 10.7276191711, 11.3661680222, 11.9698867798, 12.5852155685, 13.1889343262, 13.7926530838, 14.3847618103, 14.9768705368, 15.5689792633, 16.1726989746, 16.7764167786, 17.3801364899, 18.0186843872, 18.6572322845, 19.2957820892, 19.9111099243, 20.5264396667, 21.1765975952, 21.8151473999, 22.430475235, 23.0341949463, 23.6495227814, 24.2648525238, 24.8685703278, 25.4722900391, 26.076007843, 26.6913375854, 27.2486171722, 27.8175048828, 28.3980045319, 28.9785022736, 29.5590019226, 30.1627197266, 30.7664394379, 31.3817672729, 31.9738769531, 32.5659866333, 33.1580963135, 33.7618141174, 34.4351921082, 35.1085700989, 35.7935600281, 36.4785499573, 37.151927948, 37.8253059387, 38.4986839294, 39.1720619202, 39.8454399109, 40.4607696533, 41.0760993958, 41.6914291382, 42.3067550659, 42.9220848083, 43.5141944885, 44.1179122925, 44.7100219727, 45.3021316528, 45.894241333, 46.4863471985, 47.0784568787, 47.6705665588, 48.262676239, 48.8547821045, 49.4352836609, 50.0157814026, 50.5962791443, 51.1883888245, 51.7804985046, 52.3609962463, 52.941493988, 53.5219955444, 54.1141014099, 54.7062110901, 55.2867126465, 55.8672103882, 56.4477081299, 56.946937561, 57.4461669922, 57.9453964233, 58.3517456055, 58.7580947876, 59.1644439697, 59.5475730896, 59.9423103333, 60.3486595154, 60.7550086975, 61.1497497559, 61.556098938, 61.9508361816, 62.34557724, 62.7287063599, 63.135055542, 63.5530128479, 63.9941940308, 64.4353713989, 64.8881607056, 65.3177337646, 65.7705230713, 66.234916687, 66.6993179321, 67.1637191772, 67.6165084839, 68.0809020996, 68.5220870972, 68.9516525269, 69.3812255859, 69.8107910156, 70.1707000732, 70.5306091309, 70.8905181885, 71.238822937, 71.5871200562, 71.9354171753, 72.2837142944, 72.632019043, 72.9803161621, 73.3518371582, 73.7001342773, 74.0484313965, 74.489616394, 74.9424057007, 75.3835830688, 75.8363723755, 76.2775497437, 76.7187271118, 77.15990448, 77.6010894775, 78.0422668457, 78.4834442139, 78.947845459, 79.4122467041, 79.8766403198, 80.3990936279, 80.9215393066, 81.4439926147, 81.954826355, 82.4656677246, 82.9765090942, 83.4757385254, 83.9749679565, 84.4741897583, 84.9734191895, 85.4726486206, 85.9834899902, 86.4827194214, 86.9819488525, 87.4811782837, 87.9804077148, 88.479637146, 88.9788665771, 89.4780960083, 89.9889297485, 90.4881591797, 91.0106124878, 91.5330581665, 92.0555114746, 92.5779571533, 93.100402832, 93.6112442017, 94.0640335083, 94.5168228149, 94.9696121216, 95.4224014282, 95.8751907349, 96.3279800415, 96.7807693481, 97.2335586548, 97.6747360229, 98.1159133911, 98.5570983887, 98.9982757568, 99.4510650635, 99.8574142456, 100.263763428, 100.681724548, 101.09967804, 101.51763916, 101.923988342, 102.318725586, 102.713470459, 103.119819641, 103.514556885, 103.920906067, 104.373695374, 104.814872742, 105.25605011, 105.708839417, 106.161628723, 106.591201782, 107.009155273, 107.415504456, 107.821853638, 108.239814758, 108.669387817, 109.098953247, 109.528526306, 109.958091736, 110.387664795, 110.828842163, 111.270019531, 111.711196899, 112.175598145, 112.63999939, 113.139228821, 113.638458252, 114.126075745, 114.706573486, 115.287071228, 115.86756897, 116.448066711, 117.028572083, 117.620681763, 118.212783813, 118.804893494, 119.385391235, 119.977500916, 120.569610596, 121.161720276, 121.742218018, 122.334327698, 122.926437378, 123.530158997, 124.133872986, 124.737594604, 125.422584534, 126.107574463, 126.804168701, 127.512374878, 128.150924683, 128.789474487, 129.428024292, 130.054962158, 130.681900024, 131.308837891, 131.935775757, 132.504669189, 133.073562622, 133.630844116, 134.188110352, 134.745391846, 135.279449463, 135.81350708, 136.347564697, 136.881637573, 137.41569519, 137.938140869, 138.448974609, 138.971420288, 139.493881226, 139.923446655, 140.353012085, 140.794189453, 141.223754883, 141.653335571, 142.082901001, 142.524078369, 142.953643799, 143.383224487, 143.801177979, 144.21913147, 144.63710022, 145.055053711, 145.473007202, 145.856140137, 146.262496948, 146.680450439, 147.086807251, 147.516372681, 147.94593811, 148.37550354, 148.863128662, 149.350738525, 149.838363647, 150.395645142, 150.964538574, 151.533416748, 152.090698242, 152.647979736, 153.20526123, 153.762542725, 154.30821228, 154.853881836, 155.399536133, 155.945205688, 156.514099121, 157.082992554, 157.70993042, 158.336868286, 158.963806152, 159.49786377, 160.031921387, 160.577590942, 161.123260498, 161.657318115, 162.191375732, 162.72543335, 163.259490967, 163.770339966, 164.292785645, 164.815231323, 165.256408691, 165.68598938, 166.127166748, 166.568344116, 167.009521484, 167.439086914, 167.857055664, 168.298233032, 168.7394104, 169.180587769, 169.621765137, 170.074554443, 170.52734375, 170.991744995, 171.45614624, 171.920547485, 172.373336792, 172.81451416, 173.255691528, 173.696868896, 174.138046265, 174.590835571, 175.043624878, 175.438369751, 175.821487427, 176.204620361, 176.576141357, 176.959274292, 177.342407227, 177.725524902, 178.108657837, 178.480178833, 178.863311768, 179.246429443, 179.617950439, 179.966262817, 180.326171875, 180.697677612, 181.069198608, 181.452331543, 181.835464478, 182.218597412, 182.590103149, 183.031295776, 183.472473145, 183.925262451, 184.436096191, 184.935317993, 185.446166992, 185.898956299, 186.351745605, 186.804534912, 187.257324219, 187.698501587, 188.139678955, 188.592468262, 189.03364563, 189.474822998, 189.916000366, 190.333969116, 190.751922607, 191.169876099, 191.587844849, 192.017410278, 192.43536377, 192.841720581, 193.236465454, 193.631195068, 194.014328003, 194.420669556, 194.815414429, 195.22177124, 195.628112793, 196.034469604, 196.394378662, 196.75428772, 197.114196777, 197.474105835, 197.868835449, 198.263580322, 198.658325195, 199.05305481, 199.459411621, 199.854141235, 200.248886108, 200.6668396, 201.073196411, 201.491149902, 201.909118652, 202.327072144, 202.756637573, 203.174606323, 203.592559814, 204.010513306, 204.428482056, 204.834823608, 205.24118042, 205.659133911, 206.077087402, 206.495056152, 206.959457397, 207.423858643, 207.87663269, 208.341033936, 208.793823242, 209.246612549, 209.676193237, 210.117370605, 210.558547974, 211.115829468, 211.673095703, 212.218765259, 212.752838135, 213.298492432, 213.855773926, 214.459503174, 215.074829102, 215.678543091, 216.28225708, 216.897598267, 217.512924194, 218.128250122, 218.731964111, 219.347290039, 219.939407349, 220.531509399, 221.123626709, 221.71572876, 222.307846069, 222.89994812, 223.399185181, 223.886795044, 224.386032104, 224.722717285, 225.059402466, 225.396102905, 225.721176147, 226.092697144, 226.46421814, 226.847335815, 227.218856812, 227.6484375, 228.07800293, 228.507568359, 228.890701294, 229.273834229, 229.656951904, 230.040084839, 230.423217773, 230.79473877, 231.166259766, 231.537780762, 231.909286499, 232.292419434, 232.675552368, 233.058685303, 233.453414917, 233.84815979, 234.242904663, 234.637634277, 235.043991089, 235.46194458, 235.868301392, 236.274642944, 236.739044189, 237.203445435, 237.656234741, 238.109024048, 238.561813354, 239.0262146], "danceability": 0.928053081036, "bpm_histogram_second_peak_spread": {"dvar": 0, "var": 0, "median": 0.669902920723, "max": 0.669902920723, "dmean": 0, "dmean2": 0, "mean": 0.669902920723, "dvar2": 0, "min": 0.669902920723}}, "lowlevel": {"spectral_flux": {"dvar": 0.000369290675735, "var": 0.00123100948986, "median": 0.033764641732, "max": 0.350435227156, "dmean": 0.0132536459714, "dmean2": 0.0213211774826, "mean": 0.0415626913309, "dvar2": 0.000903016072698, "min": 6.47591563707e-11}, "spectral_rolloff": {"dvar": 427778.03125, "var": 1754399, "median": 602.9296875, "max": 19466.015625, "dmean": 236.179748535, "dmean2": 388.926452637, "mean": 1005.10882568, "dvar2": 859566.5625, "min": 21.533203125}, "barkbands_flatness_db": {"dvar": 0.000290840922389, "var": 0.00430589076132, "median": 0.185331776738, "max": 0.455249369144, "dmean": 0.0160807166249, "dmean2": 0.0240993853658, "mean": 0.196093127131, "dvar2": 0.00060804747045, "min": 0.0441021732986}, "spectral_centroid": {"dvar": 57453.5351562, "var": 548139, "median": 718.076416016, "max": 11638.7871094, "dmean": 140.897994995, "dmean2": 208.172485352, "mean": 902.226257324, "dvar2": 95942.8203125, "min": 167.078033447}, "melbands_skewness": {"dvar": 0.337301522493, "var": 2.9241502285, "median": 2.50199842453, "max": 13.1131210327, "dmean": 0.530483067036, "dmean2": 0.811070263386, "mean": 2.8265619278, "dvar2": 0.780849635601, "min": -1.91897475719}, "melbands": {"dvar": [1.1157739177e-09, 5.41480318361e-08, 3.85880866816e-07, 4.26405392773e-07, 2.33433013364e-07, 6.36703191503e-07, 7.23968014427e-07, 4.55565583479e-07, 4.13665560473e-07, 6.20232540882e-08, 1.82967188067e-08, 1.6573640238e-08, 2.62793786732e-08, 8.1649584871e-09, 2.22282836582e-09, 2.02103778157e-09, 1.2356692336e-09, 1.42955836058e-09, 4.94604301959e-10, 9.21223930472e-10, 9.55672097014e-10, 3.72898378842e-10, 1.64928917745e-10, 1.0494322078e-10, 8.57739435034e-11, 4.47580340845e-11, 3.07609250572e-11, 3.27201633843e-11, 2.49608268083e-11, 1.42513917334e-11, 8.54764436314e-12, 6.7424581543e-12, 3.60056082171e-12, 1.37636028876e-12, 1.26001054208e-12, 7.38377512344e-13, 2.14998347901e-13, 5.48673790863e-13, 5.10741026295e-13, 1.78764514584e-13], "var": [8.16048917329e-09, 2.89522887442e-07, 1.13843111649e-06, 2.21704590331e-06, 8.91660363322e-07, 2.06736626751e-06, 2.35454331232e-06, 1.09295967832e-06, 1.18749153444e-06, 2.36023595335e-07, 6.53870699807e-08, 5.7149847521e-08, 6.82704737187e-08, 1.76058083667e-08, 6.10469541584e-09, 6.12966166713e-09, 2.90588930696e-09, 3.77421915942e-09, 1.2018793738e-09, 1.9378505467e-09, 1.13563114468e-09, 8.11495315389e-10, 4.17476608838e-10, 2.89578916401e-10, 1.87685117448e-10, 1.65691571574e-10, 1.52883025684e-10, 3.17506854142e-10, 1.22224300125e-10, 6.06378697254e-11, 2.67819811467e-11, 2.02938481991e-11, 1.23604824293e-11, 4.99525074082e-12, 4.82337780827e-12, 2.50621788947e-12, 7.00902497933e-13, 1.26448493603e-12, 1.34483440009e-12, 5.09025059516e-13], "median": [3.48652315552e-06, 6.90810120432e-05, 0.00018547810032, 0.00015945166524, 0.000166159385117, 0.000111193512566, 7.59237227612e-05, 5.24694987689e-05, 3.30215334543e-05, 1.63969925779e-05, 9.23459901969e-06, 9.67259620666e-06, 8.31350007502e-06, 5.2765426517e-06, 5.39234997632e-06, 4.27724944529e-06, 3.33268621944e-06, 3.56584200745e-06, 2.65212202066e-06, 2.94406731882e-06, 1.84593420727e-06, 1.82601786491e-06, 1.59674561928e-06, 9.28632289288e-07, 5.52365747808e-07, 3.81462939458e-07, 3.23541229363e-07, 4.5204777166e-07, 4.22445083359e-07, 4.09648720279e-07, 2.96749476547e-07, 2.23961464485e-07, 1.89053835697e-07, 1.29090878431e-07, 1.15622817987e-07, 6.64001902351e-08, 3.96298496241e-08, 2.6488415017e-08, 2.49160976296e-08, 1.81583601488e-08], "max": [0.00262907799333, 0.0108383726329, 0.016229910776, 0.0239843633026, 0.0131765501574, 0.0198327098042, 0.0266050156206, 0.0241099335253, 0.0302511435002, 0.00934319570661, 0.00903695635498, 0.00416557351127, 0.00720470398664, 0.00421043811366, 0.00194806826767, 0.00147374521475, 0.00133300235029, 0.00147932115942, 0.000636084063444, 0.000797870277893, 0.00227801408619, 0.000848784809932, 0.000366079126252, 0.000396873307182, 0.000287804257823, 0.000201786897378, 0.000343648833223, 0.000296844023978, 0.000178512360435, 0.000109847584099, 0.000106643048639, 0.000109164364403, 7.22137774574e-05, 6.08366026427e-05, 6.05241621088e-05, 3.89812339563e-05, 1.97314930119e-05, 3.54673575202e-05, 2.9983370041e-05, 1.99215537577e-05], "dmean": [8.85799727257e-06, 8.87713104021e-05, 0.000264104746748, 0.000237441912759, 0.000208200988709, 0.000283050758298, 0.000227727447054, 0.000178965652594, 0.000113514019176, 6.23567902949e-05, 3.0191247788e-05, 3.6489982449e-05, 3.92051697418e-05, 2.02458613785e-05, 1.4765783817e-05, 1.23747640828e-05, 9.76121100393e-06, 1.01904188341e-05, 6.6207708187e-06, 8.85167082743e-06, 5.25916539118e-06, 5.01092199556e-06, 4.15584372604e-06, 2.72834267889e-06, 2.36759888139e-06, 1.88785122646e-06, 1.22197013752e-06, 1.64100333677e-06, 1.5249373746e-06, 1.35278287416e-06, 1.03142861008e-06, 7.70498843394e-07, 6.6766551754e-07, 4.01457214139e-07, 3.65580859807e-07, 2.62905473392e-07, 1.4132790227e-07, 1.40566513096e-07, 1.52075415372e-07, 1.1224471308e-07], "dmean2": [1.39782268889e-05, 0.000141497104778, 0.0004109593865, 0.000343350839103, 0.000312084768666, 0.000431259832112, 0.000326869572746, 0.000268157426035, 0.000157440095791, 8.57308696141e-05, 4.28115672548e-05, 5.62038076168e-05, 6.00127968937e-05, 2.99029525195e-05, 2.21183745452e-05, 1.8420687411e-05, 1.46975962707e-05, 1.58811217261e-05, 1.03638440123e-05, 1.3755307009e-05, 8.17887485027e-06, 7.70806400396e-06, 6.37558969174e-06, 4.10540906159e-06, 3.81130848837e-06, 2.89470699499e-06, 1.76163143806e-06, 2.30599357565e-06, 2.18469426727e-06, 2.05446485779e-06, 1.57550834956e-06, 1.14063914225e-06, 1.00464831121e-06, 6.07393133123e-07, 5.60247144676e-07, 4.0772107468e-07, 2.17133205638e-07, 2.08638752497e-07, 2.29295167742e-07, 1.73102023382e-07], "mean": [1.99299520318e-05, 0.000248168827966, 0.000603800057434, 0.000606753746979, 0.000496152380947, 0.000596049241722, 0.00051823980175, 0.000379358505597, 0.00027106583002, 0.000143317665788, 6.30516369711e-05, 7.80455593485e-05, 8.37127445266e-05, 3.97772164433e-05, 2.89456402243e-05, 2.68494804914e-05, 1.85240824067e-05, 1.96708679141e-05, 1.24038624563e-05, 1.56135956786e-05, 9.56992244028e-06, 9.86068152997e-06, 7.90884678281e-06, 5.47207037016e-06, 4.33442755821e-06, 3.93461868953e-06, 3.18168940794e-06, 4.59169086753e-06, 3.54120857082e-06, 3.04103718918e-06, 2.15744171328e-06, 1.68062456396e-06, 1.46012519053e-06, 8.80573566064e-07, 7.54013797177e-07, 5.32354590632e-07, 2.78398374576e-07, 2.43071696104e-07, 2.73380720728e-07, 2.06627902344e-07], "dvar2": [2.3594184384e-09, 1.21700338696e-07, 9.3773462595e-07, 8.63655088779e-07, 4.88070725169e-07, 1.32882826165e-06, 1.5579371393e-06, 1.02737760699e-06, 9.76334149527e-07, 1.11919639778e-07, 2.95963697994e-08, 4.10448670607e-08, 6.01555001367e-08, 2.02181738018e-08, 4.73362948838e-09, 4.61416194142e-09, 2.69362887551e-09, 3.00019897814e-09, 1.1598717542e-09, 2.01367544861e-09, 2.54415666312e-09, 8.92733220681e-10, 3.795582737e-10, 2.18385601269e-10, 2.22637006053e-10, 1.07709556552e-10, 5.31604517351e-11, 5.88524645684e-11, 4.44992098725e-11, 3.083254832e-11, 1.76843661243e-11, 1.3859195909e-11, 7.90731369271e-12, 2.95033550542e-12, 2.89253365184e-12, 1.69141491178e-12, 4.62686583925e-13, 1.17901782087e-12, 1.05609629115e-12, 3.89602087571e-13], "min": [1.34633904618e-24, 1.32949134383e-24, 1.25436042843e-24, 4.48599598263e-24, 3.25060687011e-24, 3.37934561718e-24, 2.25326955195e-24, 2.78288532295e-24, 5.78631643347e-24, 3.14220121008e-24, 3.05080950485e-24, 4.27864507698e-24, 3.17270685572e-24, 3.20762400875e-24, 3.89421738065e-24, 4.20123139534e-24, 4.07951725741e-24, 5.13754184223e-24, 5.19398365671e-24, 6.46478572134e-24, 4.75714838057e-24, 4.71004944022e-24, 6.8064117971e-24, 5.31565164627e-24, 6.36470806589e-24, 5.87206403615e-24, 6.00545725978e-24, 5.57953311325e-24, 5.41117323556e-24, 7.98754088719e-24, 5.40555260161e-24, 6.02624690007e-24, 6.92418320823e-24, 6.81849635731e-24, 6.11219684557e-24, 7.32322691941e-24, 6.94067513431e-24, 6.83213024034e-24, 8.53817132107e-24, 7.1183179327e-24]}, "spectral_decrease": {"dvar": 4.32805505111e-18, "var": 2.23518081603e-17, "median": -2.23362595086e-09, "max": 5.0846614539e-20, "dmean": 1.08916353714e-09, "dmean2": 1.57948021329e-09, "mean": -3.97336830105e-09, "dvar2": 8.9894076408e-18, "min": -4.28122142182e-08}, "barkbands_kurtosis": {"dvar": 107.210540771, "var": 744.140136719, "median": 5.55169868469, "max": 1057.12121582, "dmean": 3.91154885292, "dmean2": 5.87948846817, "mean": 11.2008676529, "dvar2": 195.389907837, "min": -1.90927839279}, "silence_rate_30dB": {"dvar": 0.00270386924967, "var": 0.00270363176242, "median": 1, "max": 1, "dmean": 0.00271107675508, "dmean2": 0.00542267831042, "mean": 0.997289180756, "dvar2": 0.00674939295277, "min": 0}, "gfcc": {"mean": [-104.071640015, 113.217834473, -115.137283325, 11.4096002579, -71.8845443726, -4.29796361923, -45.878452301, -10.0546331406, -25.7535037994, -4.86091327667, -21.3209056854, -6.65297651291, -12.7749052048], "cov": [[16393.671875, -2078.51611328, -3800.7331543, 1327.22424316, -1953.66149902, -174.644515991, -843.052368164, -307.162078857, -373.593963623, -93.6407699585, -144.117080688, 141.396591187, 151.904693604], [-2078.51611328, 1493.6595459, 567.805786133, -518.352905273, 643.92755127, -85.7612304688, 151.749389648, -35.6812973022, 75.6502685547, -89.5419464111, 68.836479187, -83.3182220459, -34.2712173462], [-3800.7331543, 567.805786133, 1825.31408691, -202.312469482, 250.690750122, 360.717895508, 41.4732208252, -49.5131492615, -5.63833379745, -3.7960357666, -87.026008606, -38.3579216003, -11.8903331757], [1327.22424316, -518.352905273, -202.312469482, 609.86706543, -230.99331665, 77.3320007324, -136.940963745, -67.9077835083, -70.1219177246, 7.57065820694, -49.1177139282, 29.6061916351, 67.8487701416], [-1953.66149902, 643.92755127, 250.690750122, -230.99331665, 700.275878906, -72.2309036255, 154.658981323, 68.290397644, 55.002155304, -34.538936615, 54.7406921387, 2.82427811623, -5.63461732864], [-174.644515991, -85.7612304688, 360.717895508, 77.3320007324, -72.2309036255, 318.719940186, -15.4357862473, -39.1966209412, -40.7539253235, -23.384803772, -59.3710136414, 22.972530365, 7.06874608994], [-843.052368164, 151.749389648, 41.4732208252, -136.940963745, 154.658981323, -15.4357862473, 285.883239746, 99.4177017212, 67.4851760864, 23.2036914825, 47.2869186401, -7.10304450989, -49.3622207642], [-307.162078857, -35.6812973022, -49.5131492615, -67.9077835083, 68.290397644, -39.1966209412, 99.4177017212, 191.192474365, 75.5012435913, 36.8828926086, 41.7065963745, 3.54437875748, -23.9086894989], [-373.593963623, 75.6502685547, -5.63833379745, -70.1219177246, 55.002155304, -40.7539253235, 67.4851760864, 75.5012435913, 153.124969482, 48.7289505005, 17.8263721466, -4.21404647827, -14.4312620163], [-93.6407699585, -89.5419464111, -3.7960357666, 7.57065820694, -34.538936615, -23.384803772, 23.2036914825, 36.8828926086, 48.7289505005, 124.475669861, 21.9199619293, -15.5964231491, -8.34732627869], [-144.117080688, 68.836479187, -87.026008606, -49.1177139282, 54.7406921387, -59.3710136414, 47.2869186401, 41.7065963745, 17.8263721466, 21.9199619293, 119.902137756, 34.729095459, -6.34506750107], [141.396591187, -83.3182220459, -38.3579216003, 29.6061916351, 2.82427811623, 22.972530365, -7.10304450989, 3.54437875748, -4.21404647827, -15.5964231491, 34.729095459, 143.748123169, 57.7594566345], [151.904693604, -34.2712173462, -11.8903331757, 67.8487701416, -5.63461732864, 7.06874608994, -49.3622207642, -23.9086894989, -14.4312620163, -8.34732627869, -6.34506750107, 57.7594566345, 113.548210144]], "icov": [[0.000312375399517, -0.000378832774004, 0.000714466557838, -0.000302295462461, 0.000677302305121, -0.000357601151336, 0.000421811477281, -0.000244797120104, 0.000438616174506, -0.000184534714208, 0.000518440094311, -0.00041279225843, 0.000192039849935], [-0.000378832774004, 0.00252177822404, -0.0012776037911, 0.00136014365125, -0.00207572500221, 0.000707888451871, -0.000617721816525, 0.00182841205969, -0.00163464946672, 0.0017473010812, -0.00210660230368, 0.0021093506366, -0.000979210017249], [0.000714466557838, -0.0012776037911, 0.00261153210886, -0.000524412724189, 0.00139214342926, -0.00203553587198, 0.0010853970889, -0.000644646293949, 0.00120347307529, -0.0011491489131, 0.00175708218012, -0.000958186865319, 0.000431386812124], [-0.000302295462461, 0.00136014365125, -0.000524412724189, 0.00308838742785, -0.00093959143851, -0.000255445629591, 2.56473012996e-05, 0.00104784511495, -0.000378084427211, 0.000242618247285, -0.000737296009902, 0.00115861697122, -0.00154511537403], [0.000677302305121, -0.00207572500221, 0.00139214342926, -0.00093959143851, 0.00430476758629, -0.000216221407754, 0.000148886378156, -0.00166499440093, 0.00133388710674, -0.000242036170675, 0.00143942784052, -0.00173313659616, 0.000229624274652], [-0.000357601151336, 0.000707888451871, -0.00203553587198, -0.000255445629591, -0.000216221407754, 0.0057810251601, -0.00119125039782, 0.000463579111965, 8.50137294037e-05, 0.000999630428851, 0.000988684361801, -0.00105375587009, 0.000516226340551], [0.000421811477281, -0.000617721816525, 0.0010853970889, 2.56473012996e-05, 0.000148886378156, -0.00119125039782, 0.0059202387929, -0.00203277007677, -0.000214662344661, -0.000634625786915, -0.000162503798492, -0.000746341713239, 0.00187142658979], [-0.000244797120104, 0.00182841205969, -0.000644646293949, 0.00104784511495, -0.00166499440093, 0.000463579111965, -0.00203277007677, 0.00904527492821, -0.00369090167806, 0.000412131339544, -0.00259779277258, 0.00113954790868, -6.85105042066e-05], [0.000438616174506, -0.00163464946672, 0.00120347307529, -0.000378084427211, 0.00133388710674, 8.50137294037e-05, -0.000214662344661, -0.00369090167806, 0.0107530187815, -0.00417201966047, 0.00277654710226, -0.00203349394724, 0.000711701693945], [-0.000184534714208, 0.0017473010812, -0.0011491489131, 0.000242618247285, -0.000242036170675, 0.000999630428851, -0.000634625786915, 0.000412131339544, -0.00417201966047, 0.0118398191407, -0.00379421235994, 0.0032301703468, -0.00126940186601], [0.000518440094311, -0.00210660230368, 0.00175708218012, -0.000737296009902, 0.00143942784052, 0.000988684361801, -0.000162503798492, -0.00259779277258, 0.00277654710226, -0.00379421235994, 0.0141127835959, -0.00603258470073, 0.00261863251217], [-0.00041279225843, 0.0021093506366, -0.000958186865319, 0.00115861697122, -0.00173313659616, -0.00105375587009, -0.000746341713239, 0.00113954790868, -0.00203349394724, 0.0032301703468, -0.00603258470073, 0.0125734778121, -0.00646261731163], [0.000192039849935, -0.000979210017249, 0.000431386812124, -0.00154511537403, 0.000229624274652, 0.000516226340551, 0.00187142658979, -6.85105042066e-05, 0.000711701693945, -0.00126940186601, 0.00261863251217, -0.00646261731163, 0.0134320463985]]}, "silence_rate_20dB": {"dvar": 0, "var": 0, "median": 1, "max": 1, "dmean": 0, "dmean2": 0, "mean": 1, "dvar2": 0, "min": 1}, "barkbands_skewness": {"dvar": 0.295037090778, "var": 2.73483800888, "median": 2.02362561226, "max": 29.5026054382, "dmean": 0.460493177176, "dmean2": 0.689104616642, "mean": 2.27412891388, "dvar2": 0.589651286602, "min": -2.54728460312}, "erbbands_skewness": {"dvar": 0.136097818613, "var": 1.14243817329, "median": 0.860558331013, "max": 7.0389380455, "dmean": 0.345151990652, "dmean2": 0.504419267178, "mean": 0.973003447056, "dvar2": 0.280722111464, "min": -4.05702066422}, "spectral_contrast_valleys": {"dvar": [0.152474045753, 0.0865018069744, 0.0806579738855, 0.0825245901942, 0.0855561569333, 0.0714010372758], "var": [1.39275801182, 1.85856604576, 2.04489159584, 2.20056509972, 2.56539750099, 2.35305976868], "median": [-8.91465091705, -7.20727968216, -8.22606182098, -8.74594497681, -9.06473064423, -11.5853652954], "max": [-5.68089103699, -4.66052722931, -5.66478538513, -6.1380238533, -6.45238542557, -7.80380487442], "dmean": [0.446345478296, 0.283350616693, 0.265567958355, 0.24353402853, 0.209681048989, 0.189903765917], "dmean2": [0.752108931541, 0.456825107336, 0.421530365944, 0.386837512255, 0.321127265692, 0.273967325687], "mean": [-8.96962165833, -7.4265794754, -8.42436408997, -9.04859638214, -9.39996337891, -11.6421508789], "dvar2": [0.371556252241, 0.168606981635, 0.152242466807, 0.156319215894, 0.152377516031, 0.107786551118], "min": [-28.3474006653, -28.0357971191, -27.5525741577, -27.6608104706, -27.4367027283, -27.3572940826]}, "spectral_strongpeak": {"dvar": 0.451556146145, "var": 1.81669557095, "median": 0.618038773537, "max": 13.3640737534, "dmean": 0.370141029358, "dmean2": 0.594502210617, "mean": 1.10664355755, "dvar2": 1.08094394207, "min": 0}, "erbbands_crest": {"dvar": 6.03854942322, "var": 35.7859649658, "median": 10.9604177475, "max": 33.2458000183, "dmean": 2.34855794907, "dmean2": 3.60539793968, "mean": 12.4179430008, "dvar2": 13.6251478195, "min": 2.15366005898}, "barkbands_crest": {"dvar": 4.21134328842, "var": 22.0414047241, "median": 11.6354732513, "max": 26.7969646454, "dmean": 2.08800268173, "dmean2": 3.2908539772, "mean": 12.3464622498, "dvar2": 10.2436313629, "min": 2.79249310493}, "spectral_energyband_middle_low": {"dvar": 5.83114888286e-05, "var": 0.000266826245934, "median": 0.00579927349463, "max": 0.164084330201, "dmean": 0.00379854720086, "dmean2": 0.0055175437592, "mean": 0.0121638448909, "dvar2": 0.000122723518871, "min": 2.19248578394e-22}, "spectral_contrast_coeffs": {"dvar": [0.00128996488638, 0.00126534665469, 0.000709713494871, 0.000541049579624, 0.000381521094823, 0.000239603308728], "var": [0.0113436402753, 0.0085134357214, 0.00517367757857, 0.00415829196572, 0.00577794760466, 0.00548122450709], "median": [-0.539128065109, -0.679527044296, -0.742763161659, -0.754243850708, -0.756371438503, -0.758204877377], "max": [-0.214400112629, -0.322852432728, -0.451296508312, -0.51784414053, -0.498242974281, -0.548239052296], "dmean": [0.044119656086, 0.0385528691113, 0.0303685124964, 0.0257994532585, 0.0208036806434, 0.016100583598], "dmean2": [0.0735186859965, 0.0613016486168, 0.0479758828878, 0.04176729545, 0.0323585160077, 0.0252797249705], "mean": [-0.539302110672, -0.669464111328, -0.735734760761, -0.752382338047, -0.757905125618, -0.758786320686], "dvar2": [0.00348031381145, 0.00297866808251, 0.00166865193751, 0.0013288607588, 0.000837439089082, 0.000531841244083], "min": [-0.975959718227, -0.979951143265, -0.976602733135, -0.978541076183, -0.965144574642, -0.962191700935]}, "hfc": {"dvar": 27.939239502, "var": 180.715927124, "median": 5.57848358154, "max": 148.652069092, "dmean": 2.56962060928, "dmean2": 3.64345955849, "mean": 10.8469324112, "dvar2": 58.0957756042, "min": 1.08583502701e-16}, "spectral_energyband_high": {"dvar": 7.9014455423e-08, "var": 5.08115704179e-07, "median": 7.79128240538e-05, "max": 0.0103841768578, "dmean": 0.000109840337245, "dmean2": 0.000153245113324, "mean": 0.000344929139828, "dvar2": 1.3109217889e-07, "min": 7.24822747084e-21}, "erbbands_spread": {"dvar": 43.3699302673, "var": 322.676177979, "median": 27.2616119385, "max": 121.845832825, "dmean": 5.31395101547, "dmean2": 7.9511551857, "mean": 30.7401103973, "dvar2": 94.29322052, "min": 0.902060747147}, "dissonance": {"dvar": 0.000594057783019, "var": 0.00217763590626, "median": 0.441476851702, "max": 0.500000059605, "dmean": 0.0241188872606, "dmean2": 0.0400847196579, "mean": 0.431312024593, "dvar2": 0.00163423304912, "min": 0.123068042099}, "spectral_kurtosis": {"dvar": 19.2460651398, "var": 193.013137817, "median": 5.55336856842, "max": 98.2371368408, "dmean": 2.98956274986, "dmean2": 5.11404132843, "mean": 10.9087400436, "dvar2": 56.6176223755, "min": -1.23205518723}, "spectral_skewness": {"dvar": 0.100690729916, "var": 1.78765964508, "median": 1.8040844202, "max": 8.48303699493, "dmean": 0.288194298744, "dmean2": 0.471011936665, "mean": 2.26318144798, "dvar2": 0.273348599672, "min": -0.0669143199921}, "pitch_salience": {"dvar": 0.00277845724486, "var": 0.0141329746693, "median": 0.508188962936, "max": 0.892571210861, "dmean": 0.0548427253962, "dmean2": 0.087162643671, "mean": 0.504891932011, "dvar2": 0.00696425139904, "min": 0.0386039726436}, "spectral_complexity": {"dvar": 3.16735458374, "var": 49.4999732971, "median": 10, "max": 39, "dmean": 1.53911697865, "dmean2": 2.4756462574, "mean": 10.5471973419, "dvar2": 7.18945169449, "min": 0}, "spectral_spread": {"dvar": 324696440832, "var": 4806811320320.0, "median": 3617396.75, "max": 41458164, "dmean": 336827.15625, "dmean2": 515414.78125, "mean": 3982474, "dvar2": 529543495680, "min": 932136.375}, "dynamic_complexity": 6.23946762085, "melbands_crest": {"dvar": 6.77712678909, "var": 34.34633255, "median": 15.6093454361, "max": 38.8776512146, "dmean": 2.66992592812, "dmean2": 4.23114395142, "mean": 16.2532062531, "dvar2": 17.1261959076, "min": 1.67089700699}, "zerocrossingrate": {"dvar": 0.00013189711899, "var": 0.00129187223502, "median": 0.03564453125, "max": 0.51904296875, "dmean": 0.00604002224281, "dmean2": 0.00726133352146, "mean": 0.0426880456507, "dvar2": 0.000173256587004, "min": 0}, "spectral_energyband_low": {"dvar": 2.25191502068e-06, "var": 6.61858393869e-06, "median": 0.000514258339535, "max": 0.0365994423628, "dmean": 0.000627306231763, "dmean2": 0.00100063020363, "mean": 0.00144706154242, "dvar2": 5.74261184738e-06, "min": 8.88531508443e-24}, "melbands_kurtosis": {"dvar": 99.7142028809, "var": 484.696868896, "median": 10.5655002594, "max": 276.219604492, "dmean": 6.05442142487, "dmean2": 9.31153488159, "mean": 18.3144397736, "dvar2": 241.132873535, "min": -1.8276257515}, "spectral_energyband_middle_high": {"dvar": 4.43938188255e-06, "var": 2.23037422984e-05, "median": 0.000841188302729, "max": 0.0809310376644, "dmean": 0.000788298144471, "dmean2": 0.00117579149082, "mean": 0.00267426297069, "dvar2": 1.01585437733e-05, "min": 1.23473973011e-21}, "barkbands_spread": {"dvar": 20.8727035522, "var": 103.498283386, "median": 9.6805305481, "max": 133.020263672, "dmean": 2.75100827217, "dmean2": 4.09385108948, "mean": 12.1143884659, "dvar2": 39.7905235291, "min": 0.365961164236}, "mfcc": {"mean": [-744.394592285, 141.605056763, 6.24487257004, 11.841383934, -9.61548900604, -0.331225603819, -17.2193317413, -10.7317638397, -7.20983409882, -10.8739204407, -8.1890668869, -3.3921816349, -6.6730222702], "cov": [[14448.0683594, -2379.99853516, -2339.58666992, 103.343460083, -1130.84887695, -277.967681885, -829.952575684, -257.787963867, -361.402770996, -476.753051758, -405.243225098, -81.8159179688, -110.61882782], [-2379.99853516, 1732.21936035, 90.1825408936, -99.2454071045, 313.315826416, -19.8827495575, 184.44960022, 60.9381103516, 2.12947916985, 126.125617981, 44.2403411865, 5.89584827423, 45.7432479858], [-2339.58666992, 90.1825408936, 1497.94055176, -155.274169922, 198.641738892, 312.711090088, 58.8377532959, -6.9624080658, 129.061950684, -154.23387146, 28.6217956543, 63.3858146667, -148.324005127], [103.343460083, -99.2454071045, -155.274169922, 308.033874512, 45.2657051086, -20.7132644653, 21.9036636353, -11.2406425476, 13.1731863022, 26.2140331268, -16.9548187256, 10.8679580688, 45.8925323486], [-1130.84887695, 313.315826416, 198.641738892, 45.2657051086, 384.839477539, 85.5644454956, 71.9763793945, 23.8931407928, 52.516708374, -26.6542053223, -20.6915626526, -17.9636535645, -2.35340499878], [-277.967681885, -19.8827495575, 312.711090088, -20.7132644653, 85.5644454956, 266.078063965, 26.5530147552, 5.45969295502, 50.2669258118, -89.8704299927, -9.67603778839, 8.57445144653, -74.2980728149], [-829.952575684, 184.44960022, 58.8377532959, 21.9036636353, 71.9763793945, 26.5530147552, 221.296066284, 77.3442306519, 1.99187850952, 76.7013397217, 27.4174118042, -18.9535274506, 36.4654808044], [-257.787963867, 60.9381103516, -6.9624080658, -11.2406425476, 23.8931407928, 5.45969295502, 77.3442306519, 179.231765747, 27.3087425232, 27.6183166504, 29.9444198608, -10.2428617477, 35.0673789978], [-361.402770996, 2.12947916985, 129.061950684,