{"tonal": {"hpcp": {"dvar": [0.0240478403866, 0.0336412377656, 0.0258835852146, 0.0295721292496, 0.0310057979077, 0.0307334270328, 0.0574830025434, 0.0299764685333, 0.0166018437594, 0.0149962985888, 0.0162286441773, 0.0239095017314, 0.0278146211058, 0.0161824394017, 0.00925840064883, 0.00717216264457, 0.0109499022365, 0.0175871755928, 0.0260319765657, 0.0231915935874, 0.0322096347809, 0.0370227247477, 0.0350860208273, 0.0360165908933, 0.0309147872031, 0.0276005100459, 0.0266450885683, 0.0325526371598, 0.0239739697427, 0.0176853053272, 0.0118500869721, 0.0110254818574, 0.0159851517528, 0.0246508978307, 0.0242226254195, 0.019689662382], "var": [0.0289051029831, 0.0275916103274, 0.0232732519507, 0.0583031475544, 0.0676981434226, 0.0711964890361, 0.16562782228, 0.0721370652318, 0.0156498644501, 0.0111025189981, 0.012893830426, 0.0468219853938, 0.0760631337762, 0.0310790017247, 0.0093440907076, 0.00506733171642, 0.0092948526144, 0.0330789387226, 0.053404327482, 0.0274367704988, 0.0804272070527, 0.174035474658, 0.078982539475, 0.0333641432226, 0.0281123463064, 0.0219942610711, 0.040650550276, 0.0828974246979, 0.0442069806159, 0.0159843750298, 0.00985173229128, 0.00824205391109, 0.0247722640634, 0.0631203874946, 0.0423349887133, 0.0228654760867], "median": [0.00923845078796, 0.00325927999802, 0.009566873312, 0.0180911011994, 0.0286424160004, 0.158722862601, 0.218529775739, 0.127833291888, 0.017871811986, 0.00679206894711, 0.00950147490948, 0.0204249229282, 0.0278722159564, 0.0190635435283, 0.00859900470823, 0.00548071879894, 0.0099420985207, 0.0441423468292, 0.0679909959435, 0.0485421679914, 0.0247044432908, 0.0274442043155, 0.0321557074785, 0.0141227627173, 0.00631260825321, 0.00898769591004, 0.0455255545676, 0.0804599225521, 0.0470004193485, 0.00679823895916, 0.00255572958849, 0.00429109949619, 0.0154908876866, 0.0254905018955, 0.0224139988422, 0.0169882681221], "max": [1, 1, 1, 1, 1, 1, 1, 1, 1, 1, 1, 1, 1, 1, 1, 1, 1, 1, 1, 1, 1, 1, 1, 1, 1, 1, 1, 1, 1, 1, 1, 1, 1, 1, 1, 1], "dmean": [0.0661901459098, 0.0749659389257, 0.0733679607511, 0.0846118405461, 0.0951499119401, 0.136166974902, 0.161808148026, 0.135360524058, 0.0697533637285, 0.0491500869393, 0.0533797368407, 0.0788138061762, 0.0810510367155, 0.0609731525183, 0.0335786119103, 0.0286388881505, 0.0397131294012, 0.075320199132, 0.101609930396, 0.0941424965858, 0.107041664422, 0.0930444598198, 0.11563514173, 0.0974230542779, 0.0796996355057, 0.0753683671355, 0.0983126759529, 0.118308216333, 0.0970240756869, 0.05804868415, 0.039555516094, 0.0387666895986, 0.0603524334729, 0.0779790729284, 0.0796192064881, 0.0652597472072], "dmean2": [0.117947734892, 0.135655969381, 0.129655182362, 0.142770603299, 0.163047328591, 0.224530652165, 0.269467383623, 0.222320690751, 0.124896541238, 0.0895254313946, 0.0952506959438, 0.131233915687, 0.133722424507, 0.097384005785, 0.0584010593593, 0.0513037107885, 0.0700339600444, 0.125305145979, 0.167132049799, 0.160574734211, 0.185667321086, 0.159335285425, 0.199750080705, 0.175165146589, 0.144681692123, 0.134991019964, 0.166057422757, 0.192131116986, 0.159709185362, 0.102745488286, 0.0720305964351, 0.0701886117458, 0.100858576596, 0.130217209458, 0.1346719414, 0.114788681269], "mean": [0.0667792037129, 0.0597815662622, 0.0682879164815, 0.121285453439, 0.139350220561, 0.263027578592, 0.415273070335, 0.25231936574, 0.0653840005398, 0.0418202653527, 0.0475553534925, 0.113378569484, 0.15133677423, 0.0885508954525, 0.0352010987699, 0.0254226345569, 0.0375580117106, 0.116440743208, 0.160804182291, 0.112001396716, 0.199872642756, 0.312921702862, 0.204611226916, 0.0852624922991, 0.0667317733169, 0.0613836571574, 0.132361680269, 0.21006116271, 0.140830636024, 0.0529955215752, 0.0328518114984, 0.0309126675129, 0.0775425508618, 0.132873356342, 0.107996381819, 0.0698908567429], "dvar2": [0.0643191337585, 0.0903428792953, 0.0667723342776, 0.0667306035757, 0.0688982084394, 0.0754287615418, 0.109204091132, 0.0706105232239, 0.0489449761808, 0.042776722461, 0.0452067218721, 0.0546636618674, 0.0561814121902, 0.0370669811964, 0.0248186476529, 0.0202352032065, 0.0293256826699, 0.0445856302977, 0.0631752386689, 0.0615976862609, 0.0887166932225, 0.0880312249064, 0.0953814014792, 0.0979666262865, 0.0835341438651, 0.0746273323894, 0.0703341588378, 0.073173828423, 0.0619027651846, 0.0486164875329, 0.0328894108534, 0.030611153692, 0.040617685765, 0.0568250082433, 0.0623424239457, 0.0538016408682], "min": [0, 0, 0, 0, 0, 0, 0, 0, 0, 0, 0, 0, 0, 0, 0, 0, 0, 0, 0, 0, 0, 0, 0, 0, 0, 0, 0, 0, 0, 0, 0, 0, 0, 0, 0, 0]}, "key_key": "E", "thpcp": [1, 0.607598662376, 0.157448202372, 0.100705459714, 0.114515863359, 0.2730217278, 0.364427119493, 0.213235348463, 0.0847661495209, 0.0612190775573, 0.0904417186975, 0.280395597219, 0.387225151062, 0.269705414772, 0.481304138899, 0.753532350063, 0.492714881897, 0.205316692591, 0.160693719983, 0.147815167904, 0.318734079599, 0.505838632584, 0.339127779007, 0.127616077662, 0.0791089385748, 0.0744393765926, 0.186726659536, 0.319966226816, 0.260061115026, 0.168300956488, 0.160807937384, 0.14395724237, 0.164440989494, 0.292061924934, 0.335562855005, 0.633384644985], "chords_key": "E", "tuning_equal_tempered_deviation": 0.0281672552228, "tuning_frequency": 441.017791748, "tuning_diatonic_strength": 0.700855791569, "chords_histogram": [36.5259475708, 3.35905575752, 35.8753204346, 0.332879394293, 4.37282514572, 12.1954908371, 0, 0, 0.0756544098258, 0, 0.0151308821514, 0, 0, 0, 0, 0.211832344532, 0, 2.36041760445, 0, 0.0302617643028, 0, 0.0756544098258, 3.35905575752, 1.21047055721], "key_strength": 0.893185973167, "key_scale": "major", "chords_strength": {"dvar": 0.000367548316717, "var": 0.0342018716037, "median": 0.530753493309, "max": 0.786970317364, "dmean": 0.00841963849962, "dmean2": 0.00772464415058, "mean": 0.513720929623, "dvar2": 0.000672331952956, "min": -1}, "chords_number_rate": 0.00121047056746, "tuning_nontempered_energy_ratio": 0.667632758617, "hpcp_entropy": {"dvar": 0.276899069548, "var": 0.663182079792, "median": 1.58874976635, "max": 3.87785506248, "dmean": 0.597945511341, "dmean2": 1.00471615791, "mean": 1.51505827904, "dvar2": 0.688711702824, "min": 0}, "chords_changes_rate": 0.0364654250443, "chords_scale": "major"}, "rhythm": {"bpm_histogram_first_peak_spread": {"dvar": 0, "var": 0, "median": 0.451388895512, "max": 0.451388895512, "dmean": 0, "dmean2": 0, "mean": 0.451388895512, "dvar2": 0, "min": 0.451388895512}, "bpm_histogram_first_peak_weight": {"dvar": 0, "var": 0, "median": 0.51837271452, "max": 0.51837271452, "dmean": 0, "dmean2": 0, "mean": 0.51837271452, "dvar2": 0, "min": 0.51837271452}, "bpm_histogram_first_peak_bpm": {"dvar": 0, "var": 0, "median": 152, "max": 152, "dmean": 0, "dmean2": 0, "mean": 152, "dvar2": 0, "min": 152}, "bpm": 150.120010376, "bpm_histogram_second_peak_weight": {"dvar": 0, "var": 0, "median": 0.022309711203, "max": 0.022309711203, "dmean": 0, "dmean2": 0, "mean": 0.022309711203, "dvar2": 0, "min": 0.022309711203}, "beats_loudness": {"dvar": 0.000274732446996, "var": 0.000831974670291, "median": 0.0263520758599, "max": 0.105896852911, "dmean": 0.0142892161384, "dmean2": 0.0231804661453, "mean": 0.0318106710911, "dvar2": 0.000687994412147, "min": 9.05326658085e-09}, "beats_loudness_band_ratio": {"dvar": [0.0232195593417, 0.0151657322422, 0.0411633551121, 0.0303639732301, 0.00764787849039, 0.00155039737001], "var": [0.0712873861194, 0.0173582043499, 0.0439497828484, 0.0286041293293, 0.00881969835609, 0.00122938037384], "median": [0.355219662189, 0.10716124624, 0.173302337527, 0.106381818652, 0.0560541152954, 0.0153824202716], "max": [0.989772081375, 0.6194216609, 0.912816762924, 0.841080188751, 0.672819256783, 0.46607285738], "dmean": [0.156355679035, 0.103688366711, 0.187949553132, 0.159274339676, 0.0664391070604, 0.0227825511247], "dmean2": [0.269348621368, 0.185541421175, 0.347575008869, 0.289024651051, 0.119954496622, 0.0405192896724], "mean": [0.36107262969, 0.138339459896, 0.248836934566, 0.174507826567, 0.08980820328, 0.0257637426257], "dvar2": [0.0610534995794, 0.0498098619282, 0.145502224565, 0.105927474797, 0.0237245317549, 0.00458080554381], "min": [8.31107990962e-06, 2.20878882828e-06, 2.62137086793e-06, 1.1380118849e-05, 1.63457825693e-05, 0.000314204226015]}, "bpm_histogram_second_peak_bpm": {"dvar": 0, "var": 0, "median": 144, "max": 144, "dmean": 0, "dmean2": 0, "mean": 144, "dvar2": 0, "min": 144}, "onset_rate": 3.92371940613, "beats_count": 763, "beats_position": [0.406349211931, 0.824308395386, 1.24226760864, 1.64861679077, 2.04335594177, 2.4497051239, 2.85605430603, 3.26240348816, 3.66875267029, 4.06349182129, 4.45823097229, 4.86458063126, 5.25931978226, 5.66566896439, 6.07201814651, 6.47836732864, 6.87310647964, 7.26784563065, 7.66258478165, 8.05732440948, 8.45206356049, 8.85841274261, 9.26476192474, 9.65950107574, 10.0542402267, 10.4605894089, 10.8553285599, 11.261677742, 11.656416893, 12.0627660751, 12.4575052261, 12.8638544083, 13.2585935593, 13.6649427414, 14.0596818924, 14.4544210434, 14.8491611481, 15.2555103302, 15.6502494812, 16.0565986633, 16.4629478455, 16.8576869965, 17.2524261475, 17.6471652985, 18.0535144806, 18.4598636627, 18.8546028137, 19.2609519958, 19.6556911469, 20.062040329, 20.45677948, 20.851518631, 21.246257782, 21.6526069641, 22.0589561462, 22.4653053284, 22.8716545105, 23.2663936615, 23.6611328125, 24.0558719635, 24.4506111145, 24.8569602966, 25.2516994476, 25.6464385986, 26.0527877808, 26.4591369629, 26.865486145, 27.2718353271, 27.6781845093, 28.0845336914, 28.4908847809, 28.8856239319, 29.2803630829, 29.6751022339, 30.0698413849, 30.4645805359, 30.8593196869, 31.265668869, 31.66040802, 32.0667572021, 32.4731063843, 32.8794555664, 33.2741928101, 33.6689338684, 34.0752830505, 34.4816322327, 34.8763694763, 35.2711105347, 35.6658477783, 36.0605888367, 36.455329895, 36.8732872009, 37.2912483215, 37.7092056274, 38.1387748718, 38.5683441162, 38.9979133606, 39.4158706665, 39.8222198486, 40.2285690308, 40.6349182129, 41.0296592712, 41.4360084534, 41.8423576355, 42.2487068176, 42.6550559998, 43.0497932434, 43.4445343018, 43.8508834839, 44.2456245422, 44.6519737244, 45.0583229065, 45.4646720886, 45.8594093323, 46.2541503906, 46.6604995728, 47.0668487549, 47.473197937, 47.8795471191, 48.2858963013, 48.6922454834, 49.0869827271, 49.4817237854, 49.8764610291, 50.2712020874, 50.6659393311, 51.0722885132, 51.4786376953, 51.8733787537, 52.2681159973, 52.6628570557, 53.0575942993, 53.4639434814, 53.8702926636, 54.2766418457, 54.6829910278, 55.0777320862, 55.4724693298, 55.8672103882, 56.2503395081, 56.6334686279, 57.0282058716, 57.4229469299, 57.8176841736, 58.2356452942, 58.6652145386, 59.0831718445, 59.4895210266, 59.884262085, 60.2789993286, 60.6853485107, 61.0800895691, 61.4864387512, 61.8811798096, 62.2759170532, 62.6822662354, 63.0770072937, 63.4833564758, 63.889705658, 64.2844467163, 64.67918396, 65.0855331421, 65.4802703857, 65.8750076294, 66.2813568115, 66.6877059937, 67.1056671143, 67.5004043579, 67.895149231, 68.2898864746, 68.6962356567, 69.1025848389, 69.4973220825, 69.8920593262, 70.2868041992, 70.6815414429, 71.087890625, 71.4942398071, 71.8889770508, 72.2837142944, 72.666847229, 73.0615844727, 73.4563217163, 73.8626708984, 74.2690200806, 74.6637649536, 75.0701141357, 75.4648513794, 75.8712005615, 76.2775497437, 76.6722869873, 77.0670318604, 77.4733810425, 77.8797302246, 78.2860794067, 78.6924285889, 79.0871658325, 79.4819030762, 79.8766403198, 80.282989502, 80.6893386841, 81.0840835571, 81.4788208008, 81.8735580444, 82.2799072266, 82.6862564087, 83.0809936523, 83.4757385254, 83.8820877075, 84.2884368896, 84.6947860718, 85.1011352539, 85.507484436, 85.9138336182, 86.3085708618, 86.7033081055, 87.08644104, 87.4811782837, 87.8643035889, 88.2590484619, 88.6537857056, 89.0601348877, 89.4780960083, 89.8844451904, 90.2907943726, 90.6855316162, 91.0802688599, 91.4750061035, 91.8697509766, 92.2761001587, 92.6824493408, 93.0887985229, 93.4951477051, 93.9014968872, 94.2962341309, 94.6909713745, 95.0973205566, 95.4920654297, 95.8868026733, 96.2699279785, 96.6762771606, 97.0826263428, 97.4773712158, 97.8721084595, 98.2784576416, 98.6848068237, 99.0795440674, 99.4858932495, 99.8922424316, 100.286979675, 100.681724548, 101.076461792, 101.482810974, 101.889160156, 102.2838974, 102.678634644, 103.073379517, 103.479728699, 103.886077881, 104.280815125, 104.675552368, 105.08190155, 105.476638794, 105.882987976, 106.277732849, 106.672470093, 107.067207336, 107.46194458, 107.868293762, 108.274642944, 108.669387817, 109.064125061, 109.470474243, 109.876823425, 110.271560669, 110.666305542, 111.061042786, 111.455780029, 111.862129211, 112.268478394, 112.674827576, 113.081176758, 113.475914001, 113.870658875, 114.277008057, 114.683357239, 115.078094482, 115.472831726, 115.890792847, 116.297142029, 116.703491211, 117.098228455, 117.492965698, 117.887710571, 118.282447815, 118.677185059, 119.083534241, 119.489883423, 119.884620667, 120.27936554, 120.674102783, 121.080451965, 121.475189209, 121.869926453, 122.264671326, 122.671020508, 123.065757751, 123.460494995, 123.855232239, 124.261581421, 124.667930603, 125.062675476, 125.469024658, 125.87537384, 126.270111084, 126.676460266, 127.082809448, 127.477546692, 127.872291565, 128.278640747, 128.6849823, 129.079727173, 129.474472046, 129.86920166, 130.275558472, 130.681900024, 131.088256836, 131.494598389, 131.889343262, 132.284072876, 132.690429688, 133.09677124, 133.491516113, 133.886260986, 134.280990601, 134.675735474, 135.082077026, 135.488433838, 135.883178711, 136.277908325, 136.672653198, 137.078994751, 137.485351562, 137.891693115, 138.298049927, 138.692779541, 139.087524414, 139.482269287, 139.88861084, 140.294967651, 140.689697266, 141.084442139, 141.50239563, 141.897140503, 142.291885376, 142.675003052, 143.069747925, 143.476104736, 143.870834351, 144.265579224, 144.683532715, 145.078277588, 145.473007202, 145.867752075, 146.274108887, 146.680450439, 147.075195312, 147.481536865, 147.887893677, 148.282623291, 148.677368164, 149.072113037, 149.47845459, 149.884811401, 150.279541016, 150.674285889, 151.080627441, 151.475372314, 151.881713867, 152.27645874, 152.682815552, 153.089157104, 153.483901978, 153.878631592, 154.273376465, 154.679718018, 155.074462891, 155.480819702, 155.887161255, 156.293518066, 156.688247681, 157.082992554, 157.477722168, 157.872467041, 158.267211914, 158.661941528, 159.06829834, 159.474639893, 159.869384766, 160.275741577, 160.68208313, 161.076828003, 161.471557617, 161.877914429, 162.272644043, 162.679000854, 163.073745728, 163.48008728, 163.886444092, 164.281173706, 164.675918579, 165.070648193, 165.477005005, 165.883346558, 166.278091431, 166.672836304, 167.067565918, 167.462310791, 167.857055664, 168.251785278, 168.65814209, 169.064483643, 169.470840454, 169.877182007, 170.283538818, 170.678268433, 171.073013306, 171.479354858, 171.874099731, 172.268844604, 172.675186157, 173.081542969, 173.476272583, 173.871017456, 174.265762329, 174.660491943, 175.055236816, 175.449981689, 175.856323242, 176.262680054, 176.669021606, 177.075378418, 177.470108032, 177.864852905, 178.271194458, 178.665939331, 179.072280884, 179.467025757, 179.86177063, 180.256500244, 180.662857056, 181.069198608, 181.47555542, 181.881896973, 182.288253784, 182.694595337, 183.08934021, 183.484085083, 183.878814697, 184.27355957, 184.668289185, 185.074645996, 185.469390869, 185.864120483, 186.270477295, 186.665206909, 187.059951782, 187.466293335, 187.872650146, 188.26739502, 188.662124634, 189.068481445, 189.474822998, 189.869567871, 190.264297485, 190.659042358, 191.053787231, 191.460128784, 191.866485596, 192.272827148, 192.67918396, 193.073913574, 193.468658447, 193.875015259, 194.281356812, 194.687713623, 195.094055176, 195.500411987, 195.90675354, 196.301498413, 196.696228027, 197.102584839, 197.485717773, 197.880447388, 198.275192261, 198.669921875, 199.064666748, 199.459411621, 199.865753174, 200.260498047, 200.6668396, 201.073196411, 201.467926025, 201.874282837, 202.26902771, 202.663757324, 203.058502197, 203.453231812, 203.847976685, 204.254333496, 204.64906311, 205.055419922, 205.461761475, 205.868118286, 206.274459839, 206.68081665, 207.075546265, 207.470291138, 207.87663269, 208.271377563, 208.677734375, 209.072463989, 209.467208862, 209.873550415, 210.25668335, 210.651428223, 211.046157837, 211.452514648, 211.858856201, 212.253601074, 212.648345947, 213.043075562, 213.449432373, 213.855773926, 214.262130737, 214.66847229, 215.063217163, 215.457962036, 215.864303589, 216.2706604, 216.677001953, 217.083358765, 217.478088379, 217.872833252, 218.267562866, 218.662307739, 219.057052612, 219.451782227, 219.8465271, 220.252868652, 220.659225464, 221.065567017, 221.46031189, 221.855056763, 222.249786377, 222.656143188, 223.062484741, 223.468841553, 223.863571167, 224.25831604, 224.664672852, 225.071014404, 225.465759277, 225.860488892, 226.255233765, 226.649978638, 227.044708252, 227.462677002, 227.869018555, 228.263763428, 228.658493042, 229.064849854, 229.459594727, 229.854324341, 230.249069214, 230.655410767, 231.061767578, 231.456497192, 231.851242065, 232.257598877, 232.66394043, 233.070297241, 233.476638794, 233.871383667, 234.266113281, 234.660858154, 235.067199707, 235.473556519, 235.868301392, 236.263031006, 236.657775879, 237.052505493, 237.447250366, 237.853607178, 238.248336792, 238.654693604, 239.061035156, 239.467391968, 239.873733521, 240.280090332, 240.686431885, 241.092788696, 241.487518311, 241.882263184, 242.277008057, 242.683349609, 243.078094482, 243.472824097, 243.879180908, 244.273925781, 244.668655396, 245.063400269, 245.458129883, 245.852874756, 246.247619629, 246.642349243, 247.037094116, 247.431838989, 247.838180542, 248.244537354, 248.639266968, 249.034011841, 249.428741455, 249.823486328, 250.218231201, 250.612960815, 251.019317627, 251.414047241, 251.820404053, 252.215148926, 252.633102417, 253.03944397, 253.445800781, 253.840545654, 254.246887207, 254.653244019, 255.059585571, 255.465942383, 255.860671997, 256.255401611, 256.661773682, 257.068115234, 257.474456787, 257.88079834, 258.275543213, 258.670288086, 259.065032959, 259.459777832, 259.866119385, 260.272460938, 260.667205811, 261.061950684, 261.456695557, 261.851409912, 262.246154785, 262.640899658, 263.058868408, 263.453613281, 263.848327637, 264.24307251, 264.649414062, 265.044158936, 265.450531006, 265.845245361, 266.239990234, 266.646331787, 267.052703857, 267.45904541, 267.865386963, 268.271728516, 268.678100586, 269.072814941, 269.467559814, 269.862304688, 270.26864624, 270.675018311, 271.069732666, 271.464477539, 271.859222412, 272.253967285, 272.660308838, 273.066650391, 273.473022461, 273.879364014, 274.285705566, 274.692047119, 275.086791992, 275.481536865, 275.887878418, 276.282623291, 276.688964844, 277.083709717, 277.47845459, 277.884796143, 278.291137695, 278.685882568, 279.080627441, 279.475372314, 279.881713867, 280.27645874, 280.682800293, 281.077545166, 281.472290039, 281.867034912, 282.273376465, 282.679718018, 283.074462891, 283.469207764, 283.863952637, 284.270294189, 284.665039062, 285.071380615, 285.489349365, 285.884063721, 286.278808594, 286.673553467, 287.06829834, 287.474639893, 287.880981445, 288.287353516, 288.693695068, 289.088439941, 289.483154297, 289.87789917, 290.272644043, 290.678985596, 291.085357666, 291.480072021, 291.886444092, 292.281188965, 292.687530518, 293.082275391, 293.488616943, 293.883361816, 294.289703369, 294.684448242, 295.079193115, 295.473907471, 295.868652344, 296.263397217, 296.65814209, 297.064483643, 297.459228516, 297.865570068, 298.260314941, 298.655059814, 299.049804688, 299.444519043, 299.850891113, 300.257232666, 300.663574219, 301.093139648, 301.522705078, 301.952270508, 302.381866455, 302.823028564, 303.322265625, 303.821502686, 304.320709229, 304.808349609, 305.295959473, 305.795196533, 306.282806396], "danceability": 0.968124389648, "bpm_histogram_second_peak_spread": {"dvar": 0, "var": 0, "median": 0.320000052452, "max": 0.320000052452, "dmean": 0, "dmean2": 0, "mean": 0.320000052452, "dvar2": 0, "min": 0.320000052452}}, "lowlevel": {"spectral_flux": {"dvar": 0.000509758596309, "var": 0.00236578518525, "median": 0.0419727601111, "max": 0.305173456669, "dmean": 0.0167766418308, "dmean2": 0.0249731037766, "mean": 0.0558271147311, "dvar2": 0.00100993376691, "min": 2.02060400625e-05}, "spectral_rolloff": {"dvar": 730485.875, "var": 1979841.125, "median": 1098.19335938, "max": 20219.6777344, "dmean": 335.380584717, "dmean2": 563.339111328, "mean": 1372.57592773, "dvar2": 1772532.125, "min": 21.533203125}, "barkbands_flatness_db": {"dvar": 0.000374446448404, "var": 0.00490354513749, "median": 0.165244370699, "max": 0.62522572279, "dmean": 0.0191366616637, "dmean2": 0.0262058321387, "mean": 0.177030518651, "dvar2": 0.000658110249788, "min": 0.0236957781017}, "spectral_centroid": {"dvar": 38152.3476562, "var": 359027.03125, "median": 1076.91394043, "max": 4938.05957031, "dmean": 167.511444092, "dmean2": 248.043060303, "mean": 1202.16418457, "dvar2": 77672.734375, "min": 104.458335876}, "melbands_skewness": {"dvar": 0.476487576962, "var": 37.1938056946, "median": 1.73581361771, "max": 105.332290649, "dmean": 0.52340555191, "dmean2": 0.783540427685, "mean": 2.54348444939, "dvar2": 0.976285636425, "min": -2.39914369583}, "melbands": {"dvar": [1.43394265706e-06, 1.87440605259e-06, 7.32336616238e-07, 5.36196182566e-07, 1.30936442133e-07, 1.6412755599e-07, 1.28106620423e-07, 1.01214368442e-07, 2.36065559989e-07, 6.07027175192e-08, 5.29306873887e-08, 4.93346341557e-08, 3.96016552884e-08, 1.84061850206e-08, 1.99644087928e-08, 1.42929756919e-08, 3.5121083819e-09, 3.6326488484e-09, 2.31156449537e-09, 9.46470901653e-10, 8.29195656582e-10, 6.30514640498e-10, 8.35305546953e-10, 2.4076177163e-10, 5.21991339042e-11, 2.74710375975e-11, 1.39722695219e-11, 8.69265943948e-12, 4.94842274795e-12, 3.33617725459e-12, 4.3564388208e-12, 4.71509289945e-12, 8.72835397708e-12, 3.03098149877e-12, 2.14937594632e-12, 1.39879297381e-11, 2.9787413855e-12, 3.81242780401e-12, 1.72179696716e-12, 4.64407982556e-12], "var": [2.32967886404e-06, 4.40251415057e-06, 2.98980307889e-06, 1.05238200376e-06, 2.47798340069e-07, 5.63445496482e-07, 1.08967617507e-06, 2.93688714237e-07, 5.25874497725e-07, 1.49103357217e-07, 1.46371405663e-07, 1.42435666817e-07, 1.17648781384e-07, 4.53031745451e-08, 7.01421853933e-08, 6.88730068532e-08, 1.14764233672e-08, 9.73185354525e-09, 3.51685636168e-09, 2.29771046634e-09, 1.95870764053e-09, 1.45560796749e-09, 2.55656074089e-09, 6.14768791429e-10, 1.32512195661e-10, 5.34568361799e-11, 2.30383767619e-11, 1.86597837876e-11, 8.9691483407e-12, 6.56689459755e-12, 7.30758075579e-12, 8.38784944279e-12, 1.25557194849e-11, 4.43801462593e-12, 2.84415936982e-12, 9.0974684383e-12, 2.57325215823e-12, 3.62143756823e-12, 2.2561123976e-12, 3.53952132361e-12], "median": [0.000292061362416, 0.00058208021801, 0.000380114244763, 0.000216750893742, 8.13457008917e-05, 5.04121053382e-05, 7.34630448278e-05, 0.000111297551484, 5.80109408475e-05, 5.4883879784e-05, 2.63856454694e-05, 3.00470928778e-05, 6.51460868539e-05, 1.99332062039e-05, 1.45491212606e-05, 9.2532391136e-06, 9.97516326606e-06, 9.11506685952e-06, 1.02415997389e-05, 9.66751395026e-06, 9.04890839593e-06, 1.0835113244e-05, 4.25507369073e-06, 2.41755265051e-06, 1.63446441093e-06, 1.41684449773e-06, 1.00612783172e-06, 8.04905880614e-07, 3.83770952794e-07, 2.69981512702e-07, 1.71869714904e-07, 1.89375242599e-07, 1.33871566277e-07, 8.37294606981e-08, 5.06162969316e-08, 3.39771233371e-08, 2.10441370996e-08, 1.64368572086e-08, 1.50802534904e-08, 1.40393918713e-08], "max": [0.0166201572865, 0.0218433421105, 0.0127266924828, 0.0114456648007, 0.00802060868591, 0.00955469533801, 0.0130928661674, 0.00990307331085, 0.0273245535791, 0.00827542692423, 0.00899993441999, 0.00959873292595, 0.0057413415052, 0.00555557478219, 0.00394997326657, 0.00358785851859, 0.00270417681895, 0.00297252717428, 0.00226246379316, 0.0015956342686, 0.0010902446229, 0.000613582727965, 0.00127980462275, 0.00066289579263, 0.00024392400519, 0.000177667636308, 0.000174312430318, 0.000167436577613, 8.67600174388e-05, 6.30956565146e-05, 8.90341616469e-05, 0.000117625531857, 0.000163131800946, 0.000130741376779, 6.55113326502e-05, 0.000112929090392, 6.83389807818e-05, 0.00011720709881, 8.6059088062e-05, 5.33061211172e-05], "dmean": [0.000484880438307, 0.000628385401797, 0.00042929634219, 0.000327983580064, 0.000150930703967, 0.000154621433467, 0.000146822887473, 0.000148986364366, 0.000129592968733, 9.11244860617e-05, 7.4241492257e-05, 6.54591931379e-05, 9.19268713915e-05, 4.2654472054e-05, 5.44275098946e-05, 3.32043418894e-05, 2.04852931347e-05, 1.65591663972e-05, 1.40277370519e-05, 1.08157773866e-05, 1.14858476081e-05, 1.21207185657e-05, 1.10801738629e-05, 4.5964588935e-06, 2.63165361503e-06, 1.8262952608e-06, 1.17406136724e-06, 1.0916063502e-06, 7.1262536494e-07, 6.37413393179e-07, 5.76423019538e-07, 5.12931251251e-07, 5.07530558025e-07, 3.33379375661e-07, 2.68606754616e-07, 4.91905552735e-07, 2.90196481956e-07, 2.84738746359e-07, 2.39672800717e-07, 4.73482174357e-07], "dmean2": [0.000776301138103, 0.00102715031244, 0.000668832333758, 0.000527233700268, 0.000240862398641, 0.000236103311181, 0.000207569115446, 0.000219510271563, 0.000196738619707, 0.000136710703373, 0.000109788947157, 9.30086753215e-05, 0.000141225347761, 6.47845372441e-05, 8.29675191198e-05, 4.83440344397e-05, 3.20880608342e-05, 2.57656392932e-05, 2.25498824875e-05, 1.68122151081e-05, 1.79311700776e-05, 1.94256699615e-05, 1.70832972799e-05, 6.92643016009e-06, 4.01543366024e-06, 2.84450584331e-06, 1.80162601282e-06, 1.63313632129e-06, 1.08035658286e-06, 9.80754407465e-07, 8.66666425736e-07, 7.71007933054e-07, 7.76622073317e-07, 5.04532636114e-07, 4.09793415201e-07, 8.43125178562e-07, 4.78048377772e-07, 4.5568097562e-07, 3.43443531392e-07, 7.63056902997e-07], "mean": [0.000941874750424, 0.0014364690287, 0.0012191144051, 0.000631139497273, 0.000258366490016, 0.00033321371302, 0.000377955730073, 0.000309313007165, 0.000267039693426, 0.000175657580257, 0.00013913991279, 0.000134920483106, 0.0001763622422, 8.72855962371e-05, 0.0001101220696, 7.37012305763e-05, 4.02305522584e-05, 3.02519256365e-05, 2.40904610109e-05, 2.08805358852e-05, 2.22267844947e-05, 2.33594018937e-05, 2.47508396569e-05, 9.51548827288e-06, 5.32517515239e-06, 3.46859724232e-06, 2.18443483391e-06, 1.9911904019e-06, 1.25266103623e-06, 1.11374913558e-06, 9.33023443395e-07, 9.02446629425e-07, 8.10081644431e-07, 5.74569241962e-07, 4.58938870906e-07, 5.40010546501e-07, 3.31933392772e-07, 3.09690904032e-07, 3.14482775821e-07, 4.71541909519e-07], "dvar2": [3.5996151837e-06, 4.99572024637e-06, 1.78059337941e-06, 1.33644061862e-06, 3.34392154855e-07, 4.05872100373e-07, 2.41426647563e-07, 2.23168413527e-07, 5.36209768143e-07, 1.31100009071e-07, 1.06820614576e-07, 8.84366428977e-08, 9.3443361493e-08, 4.02200122096e-08, 4.43665655325e-08, 2.6858884894e-08, 8.19387491191e-09, 7.37209981949e-09, 6.08774364252e-09, 1.91514004655e-09, 1.87321513856e-09, 1.55877921681e-09, 1.92702898083e-09, 5.23472931668e-10, 1.12914462502e-10, 6.3168630049e-11, 3.2300367242e-11, 1.85356990173e-11, 1.16545809462e-11, 7.83179163882e-12, 9.7225708387e-12, 1.00451244545e-11, 1.96883377657e-11, 6.63384364802e-12, 5.00529912656e-12, 3.95485103e-11, 7.7704544188e-12, 9.21311291147e-12, 3.580802755e-12, 1.25992289518e-11], "min": [1.13775560154e-11, 2.63917255156e-15, 2.50229647421e-15, 2.30174829493e-15, 1.83349090576e-15, 4.28159527079e-15, 3.7122108298e-15, 5.05961747922e-15, 3.8214806211e-15, 5.85699693159e-15, 6.08290612433e-15, 5.37099991964e-15, 3.35522371198e-15, 6.56275367709e-15, 6.07492326232e-15, 5.4132151947e-15, 6.90161810148e-15, 8.57583250832e-15, 6.11092639775e-15, 7.35965328529e-15, 6.98386542418e-15, 4.82386618714e-15, 2.54382798192e-15, 3.2701576754e-15, 3.40666063474e-15, 3.16021131654e-15, 4.42195032422e-15, 2.63963481979e-15, 1.82191365944e-15, 1.27503054281e-15, 1.71080294791e-15, 1.78829111011e-15, 1.43202058217e-15, 1.03968646182e-15, 2.38969487881e-15, 1.4521090273e-15, 1.12551578097e-15, 1.0303138305e-15, 1.56580805976e-15, 1.03753552753e-15]}, "spectral_decrease": {"dvar": 5.61403842145e-18, "var": 3.70908316064e-17, "median": -3.85094622857e-09, "max": -1.27857869765e-17, "dmean": 1.40830058726e-09, "dmean2": 2.03781125308e-09, "mean": -5.87364512583e-09, "dvar2": 1.22221279091e-17, "min": -4.02159692214e-08}, "barkbands_kurtosis": {"dvar": 9.15298175812, "var": 159.173629761, "median": 1.02786254883, "max": 271.385192871, "dmean": 1.56706678867, "dmean2": 2.36988258362, "mean": 3.26523900032, "dvar2": 19.0967350006, "min": -1.84981632233}, "silence_rate_30dB": {"dvar": 0.00181273941416, "var": 0.00105808698572, "median": 1, "max": 1, "dmean": 0.00181611801963, "dmean2": 0.00363251101226, "mean": 0.998940706253, "dvar2": 0.00513214943931, "min": 0}, "gfcc": {"mean": [-87.6789321899, 103.788246155, -141.585571289, 12.4368963242, -47.3385467529, 7.67902946472, -31.4562320709, 13.3065433502, -14.777048111, 0.87835508585, -14.1644830704, -1.06287562847, -10.692691803], "cov": [[29254.5742188, 3186.9987793, 699.733093262, 782.126098633, -702.795410156, 870.40045166, -1097.99511719, -113.079475403, -1391.53503418, -669.372375488, -912.72833252, 184.560775757, -464.222106934], [3186.9987793, 3103.11547852, 822.423034668, 583.057006836, 602.026000977, 123.204086304, 79.964630127, -329.796264648, -178.221496582, -554.867736816, -132.879180908, -108.169487, 27.2011108398], [699.733093262, 822.423034668, 1749.36877441, 425.803283691, 448.374694824, 267.638305664, -49.1778297424, -175.960571289, -275.043029785, -315.843688965, -146.586471558, 1.86680841446, 9.35569572449], [782.126098633, 583.057006836, 425.803283691, 433.869506836, 203.673339844, 100.982635498, 59.5388145447, -82.5354690552, -33.7725868225, -125.379379272, -40.880153656, -45.7685661316, 22.0617904663], [-702.795410156, 602.026000977, 448.374694824, 203.673339844, 419.568572998, 96.9153823853, 121.693840027, -61.1628112793, -5.26287412643, -102.721290588, 3.2620651722, -18.4676685333, 19.9421463013], [870.40045166, 123.204086304, 267.638305664, 100.982635498, 96.9153823853, 246.354232788, 39.6999397278, 23.2015895844, -67.1449432373, -49.2379875183, -37.6345672607, -1.54580450058, -17.8039283752], [-1097.99511719, 79.964630127, -49.1778297424, 59.5388145447, 121.693840027, 39.6999397278, 229.756454468, 38.0612106323, 104.553657532, 16.2229442596, 43.5236282349, -30.822183609, 18.7512969971], [-113.079475403, -329.796264648, -175.960571289, -82.5354690552, -61.1628112793, 23.2015895844, 38.0612106323, 205.529083252, 80.3445129395, 108.564918518, 34.575592041, -11.3229866028, -25.0830974579], [-1391.53503418, -178.221496582, -275.043029785, -33.7725868225, -5.26287412643, -67.1449432373, 104.553657532, 80.3445129395, 253.894607544, 105.733718872, 90.0676956177, -28.7372207642, 0.0237467605621], [-669.372375488, -554.867736816, -315.843688965, -125.379379272, -102.721290588, -49.2379875183, 16.2229442596, 108.564918518, 105.733718872, 230.447723389, 73.1002349854, 14.4083461761, -4.85406446457], [-912.72833252, -132.879180908, -146.586471558, -40.880153656, 3.2620651722, -37.6345672607, 43.5236282349, 34.575592041, 90.0676956177, 73.1002349854, 131.568389893, 20.8005390167, 12.3417301178], [184.560775757, -108.169487, 1.86680841446, -45.7685661316, -18.4676685333, -1.54580450058, -30.822183609, -11.3229866028, -28.7372207642, 14.4083461761, 20.8005390167, 110.564369202, 10.8687238693], [-464.222106934, 27.2011108398, 9.35569572449, 22.0617904663, 19.9421463013, -17.8039283752, 18.7512969971, -25.0830974579, 0.0237467605621, -4.85406446457, 12.3417301178, 10.8687238693, 124.895973206]], "icov": [[0.000150664258399, -0.000279124564258, 0.000131891865749, -0.000358129880624, 0.000498440698721, -0.000466975296149, 0.000443710683612, -0.000346719141817, 0.000430609710747, -0.000318863050779, 0.000522691814695, -0.000491412123665, 0.000370407506125], [-0.000279124564258, 0.00133052573074, -3.89336855733e-06, 0.00019935000455, -0.00179160048719, 0.000992786255665, -0.000611621711869, 0.000867238966748, -0.000738254631869, 0.00212468183599, -0.00105257425457, 0.00127066008281, -0.000592433556449], [0.000131891865749, -3.89336855733e-06, 0.00146546820179, -0.00098144786898, -0.00089253729675, -0.00095348682953, 0.00118957401719, -0.00028072585701, 0.000899208011106, 0.000694408488926, 0.000721527438145, -0.000539363652933, 0.000328733265633], [-0.000358129880624, 0.00019935000455, -0.00098144786898, 0.00497891334817, -0.00133586570155, 0.000207190169021, -0.00154637580272, 0.00165445206221, -0.0016882623313, 0.000504372583237, -0.000999231357127, 0.00221429532394, -0.0014472665498], [0.000498440698721, -0.00179160048719, -0.00089253729675, -0.00133586570155, 0.0074465200305, -0.00199419260025, -0.00114537810441, -0.000634952855762, 0.00102497998159, -0.00208502821624, 0.000694925081916, -0.00199588784017, 0.00114063138608], [-0.000466975296149, 0.000992786255665, -0.00095348682953, 0.000207190169021, -0.00199419260025, 0.0078116375953, -0.00302447029389, -0.00104979367461, 0.000634673342574, 0.001276133582, -0.000939205579925, 0.000870719377417, -0.000175357461558], [0.000443710683612, -0.000611621711869, 0.00118957401719, -0.00154637580272, -0.00114537810441, -0.00302447029389, 0.00912967789918, -0.00165527185891, -0.00128689757548, -7.82535425969e-05, 0.000865740468726, -0.000340145459631, -4.36544505646e-05], [-0.000346719141817, 0.000867238966748, -0.00028072585701, 0.00165445206221, -0.000634952855762, -0.00104979367461, -0.00165527185891, 0.00886746495962, -0.0024464756716, -0.00161026534624, -0.0011874352349, 0.00223095621914, 9.33947958401e-05], [0.000430609710747, -0.000738254631869, 0.000899208011106, -0.0016882623313, 0.00102497998159, 0.000634673342574, -0.00128689757548, -0.0024464756716, 0.00954475998878, -0.00225144135766, -0.00154505216051, 0.000317715050187, 0.00165656744502], [-0.000318863050779, 0.00212468183599, 0.000694408488926, 0.000504372583237, -0.00208502821624, 0.001276133582, -7.82535425969e-05, -0.00161026534624, -0.00225144135766, 0.0119004296139, -0.0033986910712, 0.000879127590451, -0.000863553374074], [0.000522691814695, -0.00105257425457, 0.000721527438145, -0.000999231357127, 0.000694925081916, -0.000939205579925, 0.000865740468726, -0.0011874352349, -0.00154505216051, -0.0033986910712, 0.0140416976064, -0.00476241949946, 0.00057627458591], [-0.000491412123665, 0.00127066008281, -0.000539363652933, 0.00221429532394, -0.00199588784017, 0.000870719377417, -0.000340145459631, 0.00223095621914, 0.000317715050187, 0.000879127590451, -0.00476241949946, 0.0129196261987, -0.00213165022433], [0.000370407506125, -0.000592433556449, 0.000328733265633, -0.0014472665498, 0.00114063138608, -0.000175357461558, -4.36544505646e-05, 9.33947958401e-05, 0.00165656744502, -0.000863553374074, 0.00057627458591, -0.00213165022433, 0.00965633615851]]}, "silence_rate_20dB": {"dvar": 0, "var": 0, "median": 1, "max": 1, "dmean": 0, "dmean2": 0, "mean": 1, "dvar2": 0, "min": 1}, "barkbands_skewness": {"dvar": 0.142503857613, "var": 1.58794879913, "median": 1.07487082481, "max": 16.1790733337, "dmean": 0.379239827394, "dmean2": 0.566262960434, "mean": 1.26704108715, "dvar2": 0.317662626505, "min": -3.26400232315}, "erbbands_skewness": {"dvar": 0.0943063721061, "var": 0.421071529388, "median": 0.26705789566, "max": 9.6472568512, "dmean": 0.320459783077, "dmean2": 0.483236551285, "mean": 0.303548067808, "dvar2": 0.213980183005, "min": -2.19773602486}, "spectral_contrast_valleys": {"dvar": [0.115066915751, 0.120976760983, 0.105849228799, 0.0927354097366, 0.0987359732389, 0.191526994109], "var": [5.49787187576, 3.80054402351, 4.13776159286, 3.25528717041, 2.80470323563, 3.11375522614], "median": [-7.53048324585, -7.24381017685, -7.73533296585, -8.33621883392, -8.68369865417, -11.6966257095], "max": [-5.1028585434, -4.49704837799, -5.19996118546, -5.76118612289, -5.76715278625, -7.49460411072], "dmean": [0.383460432291, 0.38284021616, 0.345874011517, 0.318741470575, 0.299913704395, 0.362477093935], "dmean2": [0.613264918327, 0.597840249538, 0.515989243984, 0.454521358013, 0.401810079813, 0.457587480545], "mean": [-8.46376800537, -7.81102514267, -8.37207698822, -8.8173828125, -9.00624847412, -11.80327034], "dvar2": [0.273026138544, 0.258534699678, 0.204265907407, 0.167823448777, 0.171794056892, 0.371842801571], "min": [-20.0693721771, -18.4168281555, -19.6087474823, -18.8647289276, -18.6846237183, -19.793264389]}, "spectral_strongpeak": {"dvar": 0.63353908062, "var": 1.55896317959, "median": 0.540284633636, "max": 11.4855823517, "dmean": 0.435300141573, "dmean2": 0.724777042866, "mean": 0.967699050903, "dvar2": 1.5452760458, "min": 0}, "erbbands_crest": {"dvar": 5.25798511505, "var": 20.615819931, "median": 9.48595905304, "max": 29.4568691254, "dmean": 2.486754179, "dmean2": 3.85304951668, "mean": 10.4658536911, "dvar2": 12.505865097, "min": 2.17418003082}, "barkbands_crest": {"dvar": 4.20546483994, "var": 20.1401100159, "median": 9.14771270752, "max": 26.8145503998, "dmean": 2.07121181488, "dmean2": 3.24028897285, "mean": 10.1427268982, "dvar2": 9.77227783203, "min": 2.85290694237}, "spectral_energyband_middle_low": {"dvar": 3.64132793038e-05, "var": 0.000169802180608, "median": 0.00699146650732, "max": 0.138103336096, "dmean": 0.00345676229335, "dmean2": 0.00509634241462, "mean": 0.0116351302713, "dvar2": 8.41813816805e-05, "min": 4.00426680746e-13}, "spectral_contrast_coeffs": {"dvar": [0.00158346665557, 0.00154909922276, 0.00112280796748, 0.00080963387154, 0.000612842792179, 0.000321584462654], "var": [0.0104432441294, 0.0112990168855, 0.00951835233718, 0.00633801519871, 0.00431399792433, 0.00202065636404], "median": [-0.654652953148, -0.667385280132, -0.707719802856, -0.714898943901, -0.722438156605, -0.754920721054], "max": [-0.272063076496, -0.292032957077, -0.362696409225, -0.456412792206, -0.473354935646, -0.565761864185], "dmean": [0.0433883182704, 0.0463063828647, 0.0393011681736, 0.0331808179617, 0.0269139520824, 0.0183965880424], "dmean2": [0.0710387080908, 0.0715665593743, 0.0607449151576, 0.0505404956639, 0.0397858284414, 0.0273854918778], "mean": [-0.665767848492, -0.663281083107, -0.698101222515, -0.711552143097, -0.723998427391, -0.757443130016], "dvar2": [0.0039342129603, 0.00361047452316, 0.00253445259295, 0.00174117845017, 0.00122151942924, 0.000688669679221], "min": [-0.920422554016, -0.973161160946, -0.968175053596, -0.983354687691, -0.97906845808, -0.940448641777]}, "hfc": {"dvar": 41.3855705261, "var": 282.263549805, "median": 8.17139434814, "max": 142.126800537, "dmean": 3.65878224373, "dmean2": 5.08474874496, "mean": 14.6857500076, "dvar2": 77.6752548218, "min": 7.75382488882e-07}, "spectral_energyband_high": {"dvar": 1.61259848142e-07, "var": 3.05099291609e-07, "median": 5.26931835338e-05, "max": 0.0134372003376, "dmean": 0.000138909075758, "dmean2": 0.000198690395337, "mean": 0.000236695908825, "dvar2": 3.42381781593e-07, "min": 1.73339034099e-11}, "erbbands_spread": {"dvar": 53.4225120544, "var": 234.358108521, "median": 26.5484733582, "max": 190.849273682, "dmean": 5.52031421661, "dmean2": 8.46012973785, "mean": 29.011341095, "dvar2": 126.882453918, "min": 3.40595555305}, "dissonance": {"dvar": 0.000426201935625, "var": 0.00118355487939, "median": 0.454331099987, "max": 0.500000059605, "dmean": 0.0228336323053, "dmean2": 0.0378090776503, "mean": 0.447736352682, "dvar2": 0.00113863160368, "min": 0.22983340919}, "spectral_kurtosis": {"dvar": 9.43077754974, "var": 20.7428913116, "median": 7.55045032501, "max": 48.986240387, "dmean": 2.92281532288, "dmean2": 4.97288608551, "mean": 8.44505023956, "dvar2": 27.9448661804, "min": -0.842932701111}, "spectral_skewness": {"dvar": 0.0697017237544, "var": 0.219976767898, "median": 1.99711358547, "max": 5.33882427216, "dmean": 0.281897097826, "dmean2": 0.471226274967, "mean": 2.03226065636, "dvar2": 0.201983854175, "min": 0.220233395696}, "pitch_salience": 