{"tonal": {"hpcp": {"dvar": [0.0506539642811, 0.0550586543977, 0.0526433438063, 0.0505636297166, 0.05629927665, 0.0642017647624, 0.0952487885952, 0.0872985944152, 0.0924762561917, 0.0780885890126, 0.0635642334819, 0.0512541271746, 0.0462433956563, 0.0402739308774, 0.0343768075109, 0.0305947717279, 0.0323098935187, 0.0407704971731, 0.0330941565335, 0.0227108150721, 0.0198401678354, 0.0194342657924, 0.0209982078522, 0.0415555760264, 0.120920434594, 0.0411507748067, 0.0276349037886, 0.0402168296278, 0.0467563942075, 0.037564098835, 0.0447552315891, 0.0541694127023, 0.056944347918, 0.0550574883819, 0.0613856352866, 0.0602974668145], "var": [0.0358078964055, 0.0385964624584, 0.0461400114, 0.0488496385515, 0.0487263984978, 0.0676074326038, 0.118903279305, 0.144783645868, 0.119858555496, 0.0790693685412, 0.0533932894468, 0.0433899089694, 0.0385480970144, 0.0347687602043, 0.0315304063261, 0.0350529588759, 0.0474199652672, 0.0474248453975, 0.0367236807942, 0.0204701442271, 0.0150243416429, 0.0147668467835, 0.0157326254994, 0.0357098989189, 0.0958320945501, 0.0362735241652, 0.0230515990406, 0.0585251413286, 0.0830468460917, 0.0384830124676, 0.0331831872463, 0.0382487699389, 0.0383245274425, 0.0351705700159, 0.0391551628709, 0.0407197624445], "median": [0.0334224924445, 0.0206226296723, 0.0173505041748, 0.0229024775326, 0.0269594248384, 0.0536415055394, 0.140955716372, 0.227220341563, 0.14715924859, 0.0592190362513, 0.0325295813382, 0.0224561244249, 0.047399520874, 0.054869607091, 0.0389887019992, 0.0200098790228, 0.0236016921699, 0.0459941998124, 0.06010504812, 0.0407213494182, 0.0152730764821, 0.0112758455798, 0.0142495818436, 0.0296311564744, 0.0252760350704, 0.0180426947773, 0.032824754715, 0.0850130170584, 0.0943815112114, 0.0521562546492, 0.0198049992323, 0.0174381025136, 0.0171822384, 0.0140055101365, 0.0167529266328, 0.0298772864044], "max": [1, 1, 1, 1, 1, 1, 1, 1, 1, 1, 1, 1, 1, 1, 1, 1, 1, 1, 1, 1, 1, 1, 1, 1, 1, 1, 1, 1, 1, 1, 1, 1, 1, 1, 1, 1], "dmean": [0.127521038055, 0.124803856015, 0.126299649477, 0.12551702559, 0.150034964085, 0.19500413537, 0.292723655701, 0.269700407982, 0.290779262781, 0.237294599414, 0.167569607496, 0.132520109415, 0.127032384276, 0.119560092688, 0.101414822042, 0.0855705067515, 0.0947529375553, 0.121033988893, 0.114055514336, 0.0877308472991, 0.0653495118022, 0.0611777752638, 0.0636218637228, 0.143498778343, 0.227614685893, 0.144681677222, 0.0994951799512, 0.156270965934, 0.16066326201, 0.13990265131, 0.122709594667, 0.121342293918, 0.120410978794, 0.119726911187, 0.127697050571, 0.134996622801], "dmean2": [0.237257644534, 0.232918038964, 0.23149998486, 0.226570054889, 0.275390565395, 0.351552337408, 0.525333106518, 0.472074389458, 0.517177283764, 0.433106660843, 0.307995259762, 0.241998404264, 0.228806689382, 0.211583510041, 0.179470866919, 0.14997883141, 0.167546018958, 0.213866263628, 0.196462035179, 0.154458239675, 0.118455372751, 0.111519053578, 0.116868674755, 0.266741931438, 0.431423604488, 0.270165085793, 0.178072720766, 0.264544665813, 0.271739244461, 0.250436782837, 0.226084619761, 0.225733309984, 0.225899547338, 0.226614683867, 0.242707148194, 0.253411501646], "mean": [0.10141043365, 0.098747856915, 0.109560139477, 0.115421488881, 0.124592795968, 0.182034403086, 0.310581922531, 0.380291551352, 0.307894438505, 0.202245041728, 0.136974558234, 0.111879691482, 0.119752548635, 0.125168249011, 0.101767733693, 0.0930770263076, 0.109655633569, 0.135005190969, 0.13714069128, 0.0923811346292, 0.0566936172545, 0.0508648194373, 0.0532683059573, 0.117230288684, 0.171048030257, 0.113419555128, 0.089981123805, 0.20188985765, 0.239759147167, 0.143988639116, 0.0930339321494, 0.090543396771, 0.0869996473193, 0.0827135369182, 0.0888004302979, 0.10201177001], "dvar2": [0.147106647491, 0.157392799854, 0.146840885282, 0.139334201813, 0.157395601273, 0.175597459078, 0.264158666134, 0.201603069901, 0.252769172192, 0.213746532798, 0.177381426096, 0.140460893512, 0.125971853733, 0.110001653433, 0.0927324593067, 0.0812233611941, 0.0822712033987, 0.106095194817, 0.0846745371819, 0.0622390024364, 0.0569430589676, 0.0544532686472, 0.0594091154635, 0.105211235583, 0.300483465195, 0.104287870228, 0.0762515291572, 0.101038686931, 0.108485721052, 0.102501019835, 0.126014828682, 0.153480574489, 0.160628199577, 0.15847055614, 0.179098203778, 0.176743328571], "min": [0, 0, 0, 0, 0, 0, 0, 0, 0, 0, 0, 0, 0, 0, 0, 0, 0, 0, 0, 0, 0, 0, 0, 0, 0, 0, 0, 0, 0, 0, 0, 0, 0, 0, 0, 0]}, "key_key": "B", "thpcp": [1, 0.809627354145, 0.531815767288, 0.360183030367, 0.29419451952, 0.314896672964, 0.329137593508, 0.267604500055, 0.244751766324, 0.288346230984, 0.355004429817, 0.360619872808, 0.242921873927, 0.149079352617, 0.133752167225, 0.140072286129, 0.308264255524, 0.449781298637, 0.298243701458, 0.236610889435, 0.530881762505, 0.630461394787, 0.378626972437, 0.244638442993, 0.238089427352, 0.228770911694, 0.217500329018, 0.233506187797, 0.268246203661, 0.26666495204, 0.259663552046, 0.288095116615, 0.303507894278, 0.327624410391, 0.478670656681, 0.816694259644], "chords_key": "B", "tuning_equal_tempered_deviation": 0.179223567247, "tuning_frequency": 434.193115234, "tuning_diatonic_strength": 0.441407591105, "chords_histogram": [30.1832199097, 0.0642880126834, 0, 0.369656056166, 0, 1.39826416969, 0.385728061199, 50.7071685791, 0, 0.417872071266, 0.208936035633, 0, 0.0160720031708, 1.0607521534, 4.95017671585, 0.1446480304, 0.707168102264, 2.04114437103, 0, 1.1571842432, 0.337512046099, 0.128576025367, 3.11796855927, 2.60366439819], "key_strength": 0.616123735905, "key_scale": "minor", "chords_strength": {"dvar": 0.000465571240056, "var": 0.0217853765935, "median": 0.5118663311, "max": 0.787001848221, "dmean": 0.00981762632728, "dmean2": 0.0132299652323, "mean": 0.515532255173, "dvar2": 0.000897212419659, "min": -1}, "chords_number_rate": 0.00144648028072, "tuning_nontempered_energy_ratio": 0.873238921165, "hpcp_entropy": {"dvar": 0.316945523024, "var": 0.630675852299, "median": 2.87331485748, "max": 4.73032808304, "dmean": 0.665035545826, "dmean2": 1.11741387844, "mean": 2.77765965462, "dvar2": 0.85237544775, "min": 0}, "chords_changes_rate": 0.049180328846, "chords_scale": "major"}, "rhythm": {"bpm_histogram_first_peak_spread": {"dvar": 0, "var": 0, "median": 0.348294407129, "max": 0.348294407129, "dmean": 0, "dmean2": 0, "mean": 0.348294407129, "dvar2": 0, "min": 0.348294407129}, "bpm_histogram_first_peak_weight": {"dvar": 0, "var": 0, "median": 0.606010019779, "max": 0.606010019779, "dmean": 0, "dmean2": 0, "mean": 0.606010019779, "dvar2": 0, "min": 0.606010019779}, "bpm_histogram_first_peak_bpm": {"dvar": 0, "var": 0, "median": 126, "max": 126, "dmean": 0, "dmean2": 0, "mean": 126, "dvar2": 0, "min": 126}, "bpm": 125.974906921, "bpm_histogram_second_peak_weight": {"dvar": 0, "var": 0, "median": 0.0133555922657, "max": 0.0133555922657, "dmean": 0, "dmean2": 0, "mean": 0.0133555922657, "dvar2": 0, "min": 0.0133555922657}, "beats_loudness": {"dvar": 0.000407628220273, "var": 0.00106403219979, "median": 0.0737493485212, "max": 0.180555805564, "dmean": 0.0194435305893, "dmean2": 0.0353926420212, "mean": 0.0725958347321, "dvar2": 0.00121411378495, "min": 0}, "beats_loudness_band_ratio": {"dvar": [0.0153037244454, 0.00251667038538, 0.00500407302752, 0.00219925469719, 0.00221365620382, 0.00459854863584], "var": [0.0408356823027, 0.00340357865207, 0.00584204588085, 0.00318684568629, 0.00243616080843, 0.00772611051798], "median": [0.74843120575, 0.0490358620882, 0.036044202745, 0.0211324729025, 0.0321219563484, 0.0783966332674], "max": [0.99590921402, 0.609736025333, 0.540480613708, 0.543625950813, 0.53859359026, 0.760825693607], "dmean": [0.185481950641, 0.0439493022859, 0.0473112016916, 0.0312067065388, 0.0363837555051, 0.114625513554], "dmean2": [0.361150622368, 0.0767799392343, 0.0860343649983, 0.0588161237538, 0.0698848739266, 0.225191637874], "mean": [0.71753680706, 0.0653236061335, 0.0580479539931, 0.0367731563747, 0.0378554426134, 0.0976753681898], "dvar2": [0.0435020402074, 0.00752945896238, 0.0137955816463, 0.00600517680869, 0.00615235138685, 0.0146159650758], "min": [0, 0, 0, 0, 0, 0]}, "bpm_histogram_second_peak_bpm": {"dvar": 0, "var": 0, "median": 120, "max": 120, "dmean": 0, "dmean2": 0, "mean": 120, "dvar2": 0, "min": 120}, "onset_rate": 3.46165156364, "beats_count": 600, "beats_position": [0.638548731804, 1.28870749474, 1.95047616959, 2.60063481331, 3.26240348816, 3.92417216301, 4.57433080673, 5.22448968887, 5.87464857101, 6.53641700745, 7.19818592072, 7.84834432602, 8.498503685, 9.05578231812, 9.62467098236, 10.1819496155, 10.7043991089, 11.2384576797, 11.7725172043, 12.2833557129, 12.782585144, 13.2934236526, 13.7926530838, 14.2918815613, 14.7911109924, 15.2787294388, 15.7663488388, 16.242357254, 16.7183666229, 17.1827659607, 17.6703853607, 18.1463947296, 18.6224040985, 19.0868015289, 19.574420929, 20.0504302979, 20.5264396667, 21.0024490356, 21.4784584045, 21.942855835, 22.430475235, 22.8948745728, 23.3824939728, 23.8468933105, 24.3345127106, 24.7989120483, 25.286529541, 25.7509288788, 26.2385482788, 26.7029476166, 27.1905670166, 27.6665763855, 28.142583847, 28.6069831848, 29.0713825226, 29.5473918915, 30.0234012604, 30.5110206604, 30.9870281219, 31.4630374908, 31.9506568909, 32.4150543213, 32.9026756287, 33.3670730591, 33.8546943665, 34.3307037354, 34.8067131042, 35.2827186584, 35.7587280273, 36.2347373962, 36.7107467651, 37.186756134, 37.6627655029, 38.1387748718, 38.6147842407, 39.0907936096, 39.5668029785, 40.0428123474, 40.5188217163, 40.9948310852, 41.4708366394, 41.9468460083, 42.4228553772, 42.8988647461, 43.3864860535, 43.8624954224, 44.3385009766, 44.8145103455, 45.2905197144, 45.7665290833, 46.2425384521, 46.718547821, 47.1945571899, 47.6705665588, 48.1465759277, 48.6225852966, 49.0985946655, 49.5746040344, 50.0506095886, 50.5266189575, 51.0026283264, 51.4786376953, 51.9546470642, 52.4306564331, 52.906665802, 53.3826751709, 53.8586845398, 54.3346939087, 54.8107032776, 55.2867126465, 55.7627182007, 56.2387275696, 56.7147369385, 57.1907463074, 57.6667556763, 58.1427650452, 58.6187744141, 59.094783783, 59.5707931519, 60.0468025208, 60.5228118896, 60.9988212585, 61.4748306274, 61.9392280579, 62.4268455505, 62.9028549194, 63.3904762268, 63.8664855957, 64.3424911499, 64.8185043335, 65.2945098877, 65.7705230713, 66.2465286255, 66.7225418091, 67.1985473633, 67.6745529175, 68.1505661011, 68.6265716553, 69.1025848389, 69.5785903931, 70.0546035767, 70.5306091309, 71.0066223145, 71.4826278687, 71.9586410522, 72.4346466064, 72.91065979, 73.3866653442, 73.8626708984, 74.338684082, 74.8146896362, 75.2907028198, 75.766708374, 76.2311096191, 76.7187271118, 77.1831283569, 77.6707458496, 78.1467590332, 78.6227645874, 79.0871658325, 79.5747833252, 80.0391845703, 80.526802063, 80.9912033081, 81.4788208008, 81.9432220459, 82.4308395386, 82.8952331543, 83.3828582764, 83.8472518921, 84.3348770142, 84.7992706299, 85.2868881226, 85.7512893677, 86.2389068604, 86.7033081055, 87.1909255981, 87.6553268433, 88.1429443359, 88.6189575195, 89.0949630737, 89.5709762573, 90.0469818115, 90.5113830566, 90.9990005493, 91.486618042, 91.9742355347, 92.4502487183, 92.9262542725, 93.4022674561, 93.8782730103, 94.3542861938, 94.830291748, 95.3063049316, 95.7823104858, 96.2583236694, 96.7343292236, 97.2103347778, 97.6863479614, 98.1623535156, 98.6383666992, 99.1143722534, 99.590385437, 100.066390991, 100.542404175, 101.018409729, 101.494422913, 101.970428467, 102.44644165, 102.922447205, 103.398452759, 103.874465942, 104.350471497, 104.82648468, 105.302490234, 105.778503418, 106.254508972, 106.718910217, 107.194915771, 107.670928955, 108.146934509, 108.622947693, 109.098953247, 109.574966431, 110.050971985, 110.526985168, 111.002990723, 111.479003906, 111.95500946, 112.431015015, 112.907028198, 113.383033752, 113.859046936, 114.33505249, 114.811065674, 115.287071228, 115.763084412, 116.239089966, 116.715103149, 117.191108704, 117.667114258, 118.143127441, 118.619132996, 119.095146179, 119.571151733, 120.047164917, 120.523170471, 120.999183655, 121.475189209, 121.951202393, 122.438819885, 122.914825439, 123.390838623, 123.855232239, 124.342857361, 124.818862915, 125.294876099, 125.770881653, 126.246894836, 126.711288452, 127.198905945, 127.66330719, 128.139312744, 128.615325928, 129.10295105, 129.578948975, 130.054962158, 130.519363403, 131.006988525, 131.48298645, 131.958999634, 132.435012817, 132.911010742, 133.375411987, 133.863037109, 134.327438354, 134.815048218, 135.291061401, 135.767074585, 136.243087769, 136.719085693, 137.183486938, 137.671112061, 138.135513306, 138.623123169, 139.099136353, 139.575149536, 140.039550781, 140.515548706, 140.99156189, 141.479187012, 141.955184937, 142.43119812, 142.907211304, 143.383224487, 143.859222412, 144.335235596, 144.799636841, 145.287246704, 145.751647949, 146.239273071, 146.715286255, 147.19128418, 147.667297363, 148.154922485, 148.61932373, 149.095321655, 149.5597229, 150.047348022, 150.534957886, 151.022583008, 151.52180481, 151.997817993, 152.485443115, 152.973052979, 153.414230347, 153.855422974, 154.30821228, 154.761001587, 155.213790894, 155.6665802, 156.165802002, 156.665023804, 157.152648926, 157.640274048, 158.127883911, 158.615509033, 159.103118896, 159.567520142, 160.043533325, 160.519546509, 160.995559692, 161.471557617, 161.959182739, 162.435195923, 162.911193848, 163.387207031, 163.851608276, 164.304397583, 164.768798828, 165.26802063, 165.755645752, 166.243255615, 166.719268799, 167.183670044, 167.671295166, 168.158905029, 168.634918213, 169.110931396, 169.575332642, 170.062942505, 170.538955688, 171.014968872, 171.479354858, 171.955368042, 172.431381226, 172.907394409, 173.383392334, 173.871017456, 174.34703064, 174.823028564, 175.28742981, 175.763442993, 176.239456177, 176.72706604, 177.191467285, 177.679092407, 178.155105591, 178.631103516, 179.095504761, 179.583129883, 180.059127808, 180.535140991, 180.999542236, 181.487167358, 181.963165283, 182.439178467, 182.903579712, 183.379592896, 183.85559082, 184.343215942, 184.807617188, 185.29524231, 185.759628296, 186.247253418, 186.711654663, 187.199264526, 187.663665771, 188.151290894, 188.615692139, 189.103302002, 189.567703247, 190.055328369, 190.519729614, 191.007339478, 191.471740723, 191.959365845, 192.42376709, 192.911376953, 193.375778198, 193.86340332, 194.327789307, 194.815414429, 195.279815674, 195.767440796, 196.231826782, 196.719451904, 197.183853149, 197.671463013, 198.147476196, 198.635101318, 199.122711182, 199.598724365, 200.074737549, 200.550750732, 201.026748657, 201.502761841, 201.978775024, 202.454788208, 202.930786133, 203.406799316, 203.8828125, 204.358810425, 204.82321167, 205.287612915, 205.75201416, 206.216415405, 206.692428589, 207.168426514, 207.644439697, 208.108840942, 208.584854126, 209.072463989, 209.560089111, 210.024490356, 210.500488281, 210.976501465, 211.464126587, 211.940139771, 212.416137695, 212.88053894, 213.368164063, 213.855773926, 214.331787109, 214.807800293, 215.283798218, 215.759811401, 216.235824585, 216.711837769, 217.187835693, 217.663848877, 218.139862061, 218.615875244, 219.091873169, 219.567886353, 220.043899536, 220.51991272, 220.995910645, 221.471923828, 221.947937012, 222.423934937, 222.89994812, 223.375961304, 223.851974487, 224.327972412, 224.803985596, 225.279998779, 225.756011963, 226.232009888, 226.708023071, 227.184036255, 227.66003418, 228.136047363, 228.623672485, 229.099685669, 229.575683594, 230.063308716, 230.527709961, 231.003707886, 231.479721069, 231.967346191, 232.431747437, 232.907745361, 233.383758545, 233.859771729, 234.335784912, 234.811782837, 235.287796021, 235.775421143, 236.239807129, 236.715820313, 237.191833496, 237.679458618, 238.143844604, 238.619857788, 239.095870972, 239.583480835, 240.04788208, 240.535507202, 241.011520386, 241.487518311, 241.951919556, 242.427932739, 242.903945923, 243.391555786, 243.855957031, 244.343582153, 244.819580078, 245.295593262, 245.759994507, 246.247619629, 246.723617554, 247.199630737, 247.664031982, 248.151657104, 248.627655029, 249.103668213, 249.568069458, 250.05569458, 250.531692505, 251.007705688, 251.472106934, 251.959716797, 252.43572998, 252.911743164, 253.387756348, 253.863754272, 254.339767456, 254.81578064, 255.291793823, 255.767791748, 256.243804932, 256.719818115, 257.195831299, 257.671844482, 258.147827148, 258.635467529, 259.111480713, 259.587463379, 260.063476563, 260.539489746, 261.00390625, 261.479919434, 261.9559021, 262.431915283, 262.896331787, 263.38394165, 263.859954834, 264.347564697, 264.823577881, 265.311187744, 265.787200928, 266.263214111, 266.739227295, 267.215240479, 267.691253662, 268.167236328, 268.643249512, 269.119262695, 269.595275879, 270.071289063, 270.547302246, 271.02331543, 271.499328613, 271.975311279, 272.451324463, 272.927337646, 273.40335083, 273.879364014, 274.34375, 274.819763184, 275.284179688, 275.760162354, 276.236175537, 276.712188721, 277.188201904, 277.664215088, 278.140228271, 278.616241455, 279.092254639, 279.568237305, 280.044250488, 280.520263672, 280.996276855, 281.472290039, 281.948303223, 282.424316406, 282.900299072, 283.376312256, 283.863952637, 284.339935303, 284.815948486, 285.28036499, 285.675109863, 286.069824219, 286.464569092, 286.847717285, 287.277282715, 287.695220947, 288.113189697], "danceability": 1.43590652943, "bpm_histogram_second_peak_spread": {"dvar": 0, "var": 0, "median": 0.199999973178, "max": 0.199999973178, "dmean": 0, "dmean2": 0, "mean": 0.199999973178, "dvar2": 0, "min": 0.199999973178}}, "lowlevel": {"spectral_flux": {"dvar": 0.00140917208046, "var": 0.00464650802314, "median": 0.0987446978688, "max": 0.336457163095, "dmean": 0.0343465134501, "dmean2": 0.0527440048754, "mean": 0.106446713209, "dvar2": 0.00317665329203, "min": 6.35193841969e-11}, "spectral_rolloff": {"dvar": 3729900, "var": 8850005, "median": 753.662109375, "max": 19509.0820313, "dmean": 1011.24017334, "dmean2": 1686.39916992, "mean": 2040.8704834, "dvar2": 8123112, "min": 21.533203125}, "barkbands_flatness_db": {"dvar": 0.00198353687301, "var": 0.00826413929462, "median": 0.117802038789, "max": 0.797633051872, "dmean": 0.0372939109802, "dmean2": 0.0552925765514, "mean": 0.144671916962, "dvar2": 0.00392233859748, "min": 0.0107857221738}, "spectral_centroid": {"dvar": 278674.78125, "var": 1734937.125, "median": 1547.23706055, "max": 11716.4023438, "dmean": 414.012573242, "dmean2": 595.024902344, "mean": 1808.93591309, "dvar2": 518990.9375, "min": 58.004776001}, "melbands_skewness": {"dvar": 4.62412261963, "var": 10.2839546204, "median": 3.85424804688, "max": 54.2319335938, "dmean": 1.46695768833, "dmean2": 2.25193953514, "mean": 4.29367399216, "dvar2": 11.0828990936, "min": -5.01878118515}, "melbands": {"dvar": [3.41820850736e-05, 1.30691259983e-05, 6.40711550659e-06, 1.42022167893e-06, 1.44243955447e-07, 5.23351388892e-08, 2.66871005294e-08, 2.78547105381e-08, 8.96512304394e-08, 1.95684481952e-08, 7.39736849553e-09, 5.88581539063e-09, 5.26682697455e-09, 1.42249394486e-08, 6.43836406411e-09, 9.27125431982e-10, 4.58113519342e-10, 1.02118502543e-09, 1.85608284298e-09, 5.03468777779e-09, 2.2390058696e-09, 3.76170067318e-10, 3.2519889559e-10, 8.67248148295e-11, 1.9288662334e-10, 3.61257468384e-10, 2.14372200547e-10, 1.35148836566e-10, 1.7693796428e-10, 1.6583964757e-10, 1.57739279971e-10, 1.68168659553e-10, 8.98883467659e-11, 2.36114766627e-10, 3.00095087669e-10, 1.01773971195e-10, 8.43034114739e-11, 5.68066392537e-11, 3.81142548078e-11, 2.785999903e-11], "var": [7.80309273978e-05, 2.56521179836e-05, 7.16525073585e-06, 1.34159154186e-06, 2.19703636617e-07, 1.68527705569e-07, 4.03130613336e-08, 4.58803945946e-08, 1.64339354569e-07, 2.43816629109e-08, 9.85673764831e-09, 7.21591364439e-09, 8.24055756965e-09, 1.67082241376e-08, 9.78591430112e-09, 1.66955538283e-09, 7.79473874335e-10, 1.16637122183e-09, 3.51597373438e-09, 8.19977419297e-09, 2.48249798496e-09, 7.28517246529e-10, 4.0151765246e-10, 2.59805454927e-10, 3.27060906136e-10, 5.78269876428e-10, 4.03328731524e-10, 3.44644396355e-10, 4.74626060676e-10, 4.73369454745e-10, 3.69018621216e-10, 3.4185587694e-10, 1.81261020082e-10, 3.86082193993e-10, 4.75402883726e-10, 1.9391645234e-10, 1.25445445698e-10, 9.357596642e-11, 5.53337271836e-11, 3.58521164145e-11], "median": [0.00250504910946, 0.00151156180073, 0.000431580498116, 0.000284601119347, 0.000179444614332, 6.22387306066e-05, 4.63416508865e-05, 4.47581769549e-05, 2.70314812951e-05, 3.39486032317e-05, 2.15623404074e-05, 1.74993456312e-05, 2.13400107896e-05, 1.88027806871e-05, 2.02536939469e-05, 1.51952153828e-05, 1.35444806801e-05, 1.36935286719e-05, 1.14190370368e-05, 1.08109697976e-05, 9.48550132307e-06, 7.35804451324e-06, 5.92682226852e-06, 6.02278259976e-06, 5.7838333305e-06, 5.84927693126e-06, 6.0166557887e-06, 5.64243464396e-06, 4.83750682179e-06, 4.50741572422e-06, 4.29683859693e-06, 4.08518280892e-06, 3.01140789816e-06, 2.86679551209e-06, 2.56070529758e-06, 2.32667593991e-06, 1.91603544408e-06, 1.47369519254e-06, 1.2153783473e-06, 9.45086128468e-07], "max": [0.0605190210044, 0.045633200556, 0.0255525782704, 0.0128804203123, 0.00631029112265, 0.00532911671326, 0.00380571978167, 0.00389485643245, 0.00735186086968, 0.00407419726253, 0.00175078946631, 0.00222750636749, 0.00169447669759, 0.00226659886539, 0.00246719503775, 0.000589491275605, 0.000460611307062, 0.000896502053365, 0.0010499242926, 0.0017475578934, 0.00117231893819, 0.000373081973521, 0.000375611998606, 0.00018795618962, 0.000243290080107, 0.000352889299393, 0.000325672881445, 0.000150536929141, 0.000249249686021, 0.000154432229465, 0.000174757282366, 0.000185582059203, 0.000136073416797, 0.000270119402558, 0.000290889729513, 0.000199455258553, 0.000139797441079, 0.000242390335188, 0.000225947878789, 0.000136249625939], "dmean": [0.00373333063908, 0.00221733911894, 0.00124457315542, 0.0006024078466, 0.00023974746, 0.000107805855805, 7.56763183745e-05, 7.97622706159e-05, 8.44809983391e-05, 6.07814727118e-05, 3.92715919588e-05, 2.87580842269e-05, 3.26495719492e-05, 3.57636308763e-05, 2.89115414489e-05, 1.68765254784e-05, 1.32291434056e-05, 1.37218939926e-05, 1.53905584739e-05, 1.74510932993e-05, 1.382859773e-05, 8.96959681995e-06, 7.22418144505e-06, 6.34801153865e-06, 7.08298648533e-06, 8.18151147541e-06, 8.25397819426e-06, 7.26893949832e-06, 7.49170203562e-06, 7.70731639932e-06, 7.18628416507e-06, 7.08174593456e-06, 4.93040670335e-06, 7.31877298676e-06, 6.40167900201e-06, 4.24754580308e-06, 4.04752745453e-06, 2.84856787403e-06, 2.49253548645e-06, 1.70314547177e-06], "dmean2": [0.00580373732373, 0.00336758489721, 0.00201026373543, 0.00104858819395, 0.000408261927078, 0.000174536980921, 0.000124204118038, 0.000129522260977, 0.000140005155117, 0.000103444857814, 6.64768231218e-05, 4.82955110783e-05, 5.45682305528e-05, 6.15289609414e-05, 4.81251918245e-05, 2.83763092739e-05, 2.22063808906e-05, 2.3160395358e-05, 2.54803944699e-05, 2.7792817491e-05, 2.26283627853e-05, 1.41590699059e-05, 1.15852963063e-05, 9.8200962384e-06, 1.13770138341e-05, 1.35017962748e-05, 1.32957338792e-05, 1.072705345e-05, 1.03089159893e-05, 1.16048004202e-05, 1.08653948701e-05, 1.10529126687e-05, 7.83912673796e-06, 1.18105008369e-05, 9.53806193138e-06, 6.2862991399e-06, 6.4688006205e-06, 4.41297243015e-06, 4.13966017732e-06, 2.72370039056e-06], "mean": [0.00674741202965, 0.00379383633845, 0.00147467944771, 0.000727020204067, 0.000346380198607, 0.000179808092071, 0.000116216229799, 0.000121498516819, 0.000122897719848, 8.16397296148e-05, 5.61639390071e-05, 4.2559200665e-05, 4.83873336634e-05, 5.18111082783e-05, 4.73512300232e-05, 2.76629816653e-05, 2.17022370634e-05, 2.27563359658e-05, 2.73272344202e-05, 2.9497221476e-05, 2.09706140595e-05, 1.64529883477e-05, 1.24947637232e-05, 1.25537135318e-05, 1.21065577332e-05, 1.3408032828e-05, 1.379495734e-05, 1.22736655612e-05, 1.24233247334e-05, 1.34841684485e-05, 1.1558917322e-05, 1.16040955618e-05, 8.22744914331e-06, 1.04722203105e-05, 9.89245563687e-06, 7.19191712051e-06, 5.66718563277e-06, 4.28640760219e-06, 3.45964440385e-06, 2.45795808951e-06], "dvar2": [7.96149470261e-05, 2.96325888485e-05, 1.49753223013e-05, 3.94819971916e-06, 3.856002877e-07, 1.14454707045e-07, 6.82901273308e-08, 6.963460919e-08, 2.29675791275e-07, 5.09237629842e-08, 1.95519422874e-08, 1.58234758629e-08, 1.33412250136e-08, 3.93204864224e-08, 1.74456804558e-08, 2.57311527641e-09, 1.1961760471e-09, 2.82480461244e-09, 5.30027355339e-09, 1.24248424882e-08, 5.56453594314e-09, 9.52313672364e-10, 8.58249304958e-10, 1.93621313427e-10, 5.04673358659e-10, 9.54232470818e-10, 5.47003053963e-10, 2.88985557706e-10, 3.01021152449e-10, 3.24254151307e-10, 3.59584584331e-10, 3.91016163892e-10, 2.06488021126e-10, 5.84128301284e-10, 7.07404856914e-10, 2.27496868566e-10, 2.02480560096e-10, 1.27114707649e-10, 9.45447331535e-11, 6.86595641453e-11], "min": [1.58420299303e-24, 1.2665403422e-24, 1.39254825003e-24, 1.19048478321e-24, 1.99950502886e-24, 1.14228163481e-24, 2.12592945526e-24, 2.40329216067e-24, 1.93001880767e-24, 2.17736713058e-24, 1.19356617251e-24, 2.56525457363e-24, 1.66605135486e-24, 3.10121535011e-24, 3.98898876322e-24, 2.5512203437e-24, 3.04144986742e-24, 4.02358859695e-24, 3.11657111927e-24, 3.93157152223e-24, 4.07898240972e-24, 3.20829394888e-24, 4.37678686777e-24, 3.64100841286e-24, 3.86284911561e-24, 4.04162235168e-24, 4.3527621089e-24, 4.44254276296e-24, 4.34025235267e-24, 4.89207988296e-24, 4.34816462755e-24, 5.30387000865e-24, 5.49760438621e-24, 6.2587936286e-24, 6.30760321382e-24, 5.56117592555e-24, 6.37125403368e-24, 6.51728362572e-24, 5.59307312182e-24, 4.93351519644e-24]}, "spectral_decrease": {"dvar": 2.70578851649e-17, "var": 8.89359249803e-17, "median": -8.79630412953e-09, "max": 1.42558730783e-28, "dmean": 3.83004294946e-09, "dmean2": 6.08862649187e-09, "mean": -1.07306963315e-08, "dvar2": 6.57821404008e-17, "min": -5.57665345013e-08}, "barkbands_kurtosis": {"dvar": 831.085266113, "var": 1161.86450195, "median": 3.89258861542, "max": 664.348083496, "dmean": 10.6396980286, "dmean2": 16.9760818481, "mean": 13.2370948792, "dvar2": 2025.44274902, "min": -1.95353448391}, "silence_rate_30dB": {"dvar": 0.0390162281692, "var": 0.0436420887709, "median": 1, "max": 1, "dmean": 0.0406719706953, "dmean2": 0.0813504830003, "mean": 0.954267799854, "dvar2": 0.0964309051633, "min": 0}, "gfcc": {"mean": [-27.552980423, 60.4871139526, -90.0345535278, 37.0151748657, -43.8033981323, 19.8563728333, -25.5883331299, 6.97028207779, -16.5501213074, 5.39349460602, -13.8143510818, 2.65333867073, -9.83701038361], "cov": [[36260.546875, -1395.57983398, 521.153198242, 1880.79248047, -1039.13195801, 826.95501709, -302.445831299, 509.016601563, -552.866516113, 36.8715553284, -411.996429443, 192.421768188, -271.165435791], [-1395.57983398, 4012.59765625, 556.114196777, -396.812591553, 677.141540527, -428.800323486, 346.207580566, -182.668228149, 223.62727356, -207.648956299, 101.329147339, -82.6557540894, 188.33013916], [521.153198242, 556.114196777, 1377.9296875, 331.29385376, 262.51574707, 51.0389823914, 152.584136963, 5.13752937317, -50.2943725586, -72.9523696899, 6.54419994354, 19.8781719208, 12.2794303894], [1880.79248047, -396.812591553, 331.29385376, 809.361450195, -30.6448287964, 210.537384033, 34.7564048767, 52.531337738, -37.941204071, 22.9348926544, -5.77269887924, 23.4032459259, 17.2217674255], [-1039.13195801, 677.141540527, 262.51574707, -30.6448287964, 498.537811279, -40.054649353, 166.532867432, -50.8039131165, 103.354721069, -30.9338474274, 46.4122772217, 12.0201120377, 55.7241516113], [826.95501709, -428.800323486, 51.0389823914, 210.537384033, -40.054649353, 272.416748047, -9.30400371552, 62.724357605, -31.8499889374, 47.3304786682, 11.3306941986, 18.8480892181, 1.54184496403], [-302.445831299, 346.207580566, 152.584136963, 34.7564048767, 166.532867432, -9.30400371552, 249.932876587, 14.6232023239, 50.8602561951, -20.6966896057, 39.8577690125, 7.72394371033, 12.4112625122], [509.016601563, -182.668228149, 5.13752937317, 52.531337738, -50.8039131165, 62.724357605, 14.6232023239, 133.267272949, 12.406712532, 24.4388942719, 5.93478536606, 18.1191005707, -11.8132715225], [-552.866516113, 223.62727356, -50.2943725586, -37.941204071, 103.354721069, -31.8499889374, 50.8602561951, 12.406712532, 137.694992065, 25.6349010468, 37.4943695068, -1.6475880146, 35.2358818054], [36.8715553284, -207.648956299, -72.9523696899, 22.9348926544, -30.9338474274, 47.3304786682, -20.6966896057, 24.4388942719, 25.6349010468, 96.5335998535, 29.1978759766, 17.8711643219, -7.56477117538], [-411.996429443, 101.329147339, 6.54419994354, -5.77269887924, 46.4122772217, 11.3306941986, 39.8577690125, 5.93478536606, 37.4943695068, 29.1978759766, 83.4185333252, 21.3265590668, 28.6952457428], [192.421768188, -82.6557540894, 19.8781719208, 23.4032459259, 12.0201120377, 18.8480892181, 7.72394371033, 18.1191005707, -1.6475880146, 17.8711643219, 21.3265590668, 67.2130661011, 19.2869243622], [-271.165435791, 188.33013916, 12.2794303894, 17.2217674255, 55.7241516113, 1.54184496403, 12.4112625122, -11.8132715225, 35.2358818054, -7.56477117538, 28.6952457428, 19.2869243622, 77.9840927124]], "icov": [[4.06142353313e-05, -4.15017420892e-05, 1.20309732665e-05, -8.46389229991e-05, 6.36894546915e-05, -8.21959620225e-05, 2.82425917248e-05, -8.8606182544e-05, 4.8417448852e-05, -6.55460735288e-06, 0.000194234526134, -0.000212262937566, 0.000154957466293], [-4.15017420892e-05, 0.000569202995393, -0.000180236660526, 0.000245880481089, -0.000346231332514, 0.000614955264609, -0.000326143985149, 0.000180440081749, -0.000212920233025, 0.000458078866359, -0.000550077995285, 0.00104079477023, -0.0011447193101], [1.20309732665e-05, -0.000180236660526, 0.00108635996003, -0.000506599259097, -0.00053924130043, -7.72812127252e-05, -9.81427001534e-05, -0.000339136691764, 0.000853607605677, 0.000388187530916, -6.51533191558e-05, -0.00039769677096, 0.000543310656212], [-8.46389229991e-05, 0.000245880481089, -0.000506599259097, 0.00201854784973, 0.000157956208568, -0.000901327177417, -0.000537563988473, 0.00027258854243, -0.000174581553438, -0.000232804362895, 0.000223148817895, 0.000591392919887, -0.00139437871985], [6.36894546915e-05, -0.000346231332514, -0.00053924130043, 0.000157956208568, 0.0040065930225, -0.000914446369279, -0.00141822407022, 0.00169563642703, -0.00250356015749, 0.000616783567239, 0.00052801851416, -0.0016971899895, 0.000161818679771], [-8.21959620225e-05, 0.000614955264609, -7.72812127252e-05, -0.000901327177417, -0.000914446369279, 0.00655909860507, -0.00021873517835, -0.00215309718624, 0.00234954198822, -0.00237289373763, -0.00116237159818, 0.00209270394407, -0.00270894309506], [2.82425917248e-05, -0.000326143985149, -9.81427001534e-05, -0.000537563988473, -0.00141822407022, -0.00021873517835, 0.0063481326215, -0.00127776979934, -0.00117236725055, 0.00214349967428, -0.00254848157056, -0.000910508271772, 0.00273443455808], [-8.8606182544e-05, 0.000180440081749, -0.000339136691764, 0.00027258854243, 0.00169563642703, -0.00215309718624, -0.00127776979934, 0.0106424605474, -0.00364714395255, 0.000384174927603, 3.21832958434e-05, -0.00279071554542, 0.00225931848399], [4.8417448852e-05, -0.000212920233025, 0.000853607605677, -0.000174581553438, -0.00250356015749, 0.00234954198822, -0.00117236725055, -0.00364714395255, 0.014094369486, -0.00565133895725, -0.00119710771833, 0.00413070386276, -0.00553434249014], [-6.55460735288e-06, 0.000458078866359, 0.000388187530916, -0.000232804362895, 0.000616783567239, -0.00237289373763, 0.00214349967428, 0.000384174927603, -0.00565133895725, 0.0180494841188, -0.0065208398737, -0.0037864765618, 0.00582472095266], [0.000194234526134, -0.000550077995285, -6.51533191558e-05, 0.000223148817895, 0.00052801851416, -0.00116237159818, -0.00254848157056, 3.21832958434e-05, -0.00119710771833, -0.0065208398737, 0.02013431862, -0.0041839578189, -0.00444461405277], [-0.000212262937566, 0.00104079477023, -0.00039769677096, 0.000591392919887, -0.0016971899895, 0.00209270394407, -0.000910508271772, -0.00279071554542, 0.00413070386276, -0.0037864765618, -0.0041839578189, 0.0221541747451, -0.00859932880849], [0.000154957466293, -0.0011447193101, 0.000543310656212, -0.00139437871985, 0.000161818679771, -0.00270894309506, 0.00273443455808, 0.00225931848399, -0.00553434249014, 0.00582472095266, -0.00444461405277, -0.00859932880849, 0.023021645844]]}, "silence_rate_20dB": {"dvar": 0, "var": 0, "median": 1, "max": 1, "dmean": 0, "dmean2": 0, "mean": 1, "dvar2": 0, "min": 1}, "barkbands_skewness": {"dvar": 1.99043440819, "var": 5.29743623734, "median": 1.95227241516, "max": 20.1073818207, "dmean": 1.06676125526, "dmean2": 1.61779475212, "mean": 2.29144215584, "dvar2": 4.50405216217, "min": -7.82560014725}, "erbbands_skewness": {"dvar": 0.327261507511, "var": 1.21279382706, "median": -0.0244193635881, "max": 17.6729488373, "dmean": 0.428267329931, "dmean2": 0.640010416508, "mean": -0.0833875238895, "dvar2": 0.725527524948, "min": -5.20699119568}, "spectral_contrast_valleys": {"dvar": [0.391167849302, 0.476518899202, 0.469076097012, 0.367739588022, 0.503296911716, 0.782546877861], "var": [6.64336061478, 5.28792905807, 5.05142307281, 4.70663547516, 5.3568239212, 5.98849582672], "median": [-6.46747112274, -6.74622154236, -7.24508857727, -7.42466163635, -7.16784954071, -9.21734237671], "max": [-4.95895147324, -4.65508842468, -5.04495954514, -5.88153648376, -5.6208615303, -6.96178293228], "dmean": [0.450290679932, 0.464365124702, 0.443269997835, 0.399257302284, 0.456775784492, 0.54323464632], "dmean2": [0.665811061859, 0.711319804192, 0.67228859663, 0.596410274506, 0.640440702438, 0.751242220402], "mean": [-7.30183362961, -7.23712539673, -7.66456604004, -7.93059492111, -7.82058382034, -10.0683221817], "dvar2": [0.516866028309, 0.743849098682, 0.774075865746, 0.594301760197, 0.805281758308, 1.22713530064], "min": [-28.2005176544, -27.9043254852, -27.9504909515, -27.8363323212, -27.5377845764, -27.4244556427]}, "spectral_strongpeak": {"dvar": 0.414079070091, "var": 0.589491069317, "median": 0.35321739316, "max": 13.3391036987, "dmean": 0.299278795719, "dmean2": 0.504273533821, "mean": 0.50452029705, "dvar2": 1.09178316593, "min": 0}, "erbbands_crest": {"dvar": 5.89246797562, "var": 16.800945282, "median": 5.26309204102, "max": 30.4242935181, "dmean": 2.1035990715, "dmean2": 3.46141910553, "mean": 6.63514328003, "dvar2": 14.4584217072, "min": 1.88721966743}, "barkbands_crest": {"dvar": 8.72541618347, "var": 32.3477058411, "median": 11.6666460037, "max": 26.60704422, "dmean": 3.17941641808, "dmean2": 4.99094343185, "mean": 12.701051712, "dvar2": 17.8997707367, "min": 2.16644215584}, "spectral_energyband_middle_low": {"dvar": 6.22189836577e-05, "var": 0.000109154789243, "median": 0.00425451807678, "max": 0.0808561295271, "dmean": 0.00466773658991, "dmean2": 0.00739450054243, "mean": 0.0084051983431, "dvar2": 0.000133067718707, "min": 1.57530776985e-22}, "spectral_contrast_coeffs": {"dvar": [0.00260398723185, 0.00133928342257, 0.000845421804115, 0.000653180992231, 0.000516357948072, 0.000435098132584], "var": [0.00804882310331, 0.0043223593384, 0.00228130538017, 0.00289765838534, 0.0022631471511, 0.00247641070746], "median": [-0.722686767578, -0.808904647827, -0.828644752502, -0.821282505989, -0.817029476166, -0.76846331358], "max": [-0.382481962442, -0.45027410984, -0.584365010262, -0.555618703365, -0.55763822794, -0.585473358631], "dmean": [0.0579705536366, 0.0438673421741, 0.0343623161316, 0.029157763347, 0.0241541564465, 0.0218004565686], "dmean2": [0.0907623693347, 0.073084898293, 0.0575890876353, 0.047933537513, 0.0391874276102, 0.0328939519823], "mean": [-0.710082352161, -0.799626886845, -0.825244367123, -0.817063689232, -0.81789368391, -0.769376456738], "dvar2": [0.0056837326847, 0.0035664467141, 0.00225822092034, 0.00163940514904, 0.00120516575407, 0.00089444272453], "min": [-0.977699160576, -0.992623746395, -0.9919308424, -0.992390692234, -0.989994168282, -0.973246097565]}, "hfc": {"dvar": 951.206176758, "var": 1795.95983887, "median": 18.7319698334, "max": 368.972930908, "dmean": 14.294752121, "dmean2": 20.6927623749, "mean": 31.8982486725, "dvar2": 2087.31542969, "min": 1.04519041574e-16}, "spectral_energyband_high": {"dvar": 9.19890226214e-06, "var": 1.89885795407e-05, "median": 0.00110653555021, "max": 0.0409774668515, "dmean": 0.0014644813491, "dmean2": 0.00213808449917, "mean": 0.00276549393311, "dvar2": 2.00341928576e-05, "min": 7.11166027482e-21}, "erbbands_spread": {"dvar": 173.125228882, "var": 552.72467041, "median": 49.948348999, "max": 150.309539795, "dmean": 11.451962471, "dmean2": 17.7402038574, "mean": 49.7829475403, "dvar2": 376.634674072, "min": 0.312768310308}, "dissonance": {"dvar": 0.000332529190928, "var": 0.000492655846756, "median": 0.487070500851, "max": 0.500000178814, "dmean": 0.0136952335015, "dmean2": 0.0233628284186, "mean": 0.47987639904, "dvar2": 0.00093192642089, "min": 0.0525594055653}, "spectral_kurtosis": {"dvar": 124.038734436, "var": 142.906097412, "median": 2.56907010078, "max": 434.994750977, "dmean": 2.9489364624, "dmean2": 4.91212177277, "mean": 5.3268828392, "dvar2": 331.014923096, "min": -1.31947481632}, "spectral_skewness": {"dvar": 0.392057299614, "var": 0.897725701332, "median": 1.29774069786, "max": 15.4294137955, "dmean": 0.333143144846, "dmean2": 0.520913481712, "mean": 1.49367725849, "dvar2": 0.907622158527, "min": -0.223439276218}, "pitch_salience": {"dvar": 0.00902658700943, "var": 0.0323936380446, "median": 0.538873612881, "max": 0.995822668076, "dmean": 0.103403821588, "dmean2": 0.159284129739, "mean": 0.506805419922, "dvar2": 0.0197313949466, "min": 0.0145085528493}, "spectral_complexity": {"dvar": 41.1189079285, "var": 261.955749512, "median": 18, "max": 64, "dmean": 5.02901697159, "dmean2": 7.40482330322, "mean": 21.1509399414, "dvar2": 71.8911514282, "min": 0}, "spectral_spread": {"dvar": 1705715826690.0, "var": 12711117193200.0, "median": 5708508, "max": 49603812, "dmean": 736010.3125, "dmean2": 1113622.625, "mean": 5787621, "dvar2": 3649154318340.0, "min": 224372.640625}, "dynamic_complexity": 4.6609582901, "melbands_crest": {"dvar": 19.0718746185, "var": 64.2125396729, "median": 18.2837677002, "max": 39.4404563904, "dmean": 4.96878242493, "dmean2": 7.73545646667, "mean": 19.0395069122, "dvar2": 43.0708084106, "min": 1.00243115425}, "zerocrossingrate": {"dvar": 0.00070429436164, "var": 0.00509194284678, "median": 0.05810546875, "max": 0.525390625, "dmean": 0.0188916679472, "dmean2": 0.0219468679279, "mean": 0.0728995427489, "dvar2": 0.000877916638274, "min": 0.00146484375}, "spectral_energyband_low": {"dvar": 0.000418371375417, "var": 0.00104214192834, "median": 0.0134992096573, "max": 0.19515684247, "dmean": 0.0140817100182, "dmean2": 0.023119898513, "mean": 0.0299180503935, "dvar2": 0.00103562686127, "min": 1.44770238713e-23}, "melbands_kurtosis": {"dvar": 13403.6328125, "var": 10156.6806641, "median": 18.918964386, "max": 4628.87695313, "dmean": 27.9919948578, "dmean2": 45.5697784424, "mean": 39.9306716919, "dvar2": 37419.421875, "min": -1.86979174614}, "spectral_energyband_middle_high": {"dvar": 4.62870457341e-06, "var": 1.48229391925e-05, "median": 0.00238421512768, "max": 0.0342690423131, "dmean": 0.00128975021653, "dmean2": 0.00202165707015, "mean": 0.00342006888241, "dvar2": 1.14712393042e-05, "min": 1.15800832795e-21}, "barkbands_spread": {"dvar": 202.435592651, "var": 540.825500488, "median": 22.6503448486, "max": 131.026504517, "dmean": 10.7251968384, "dmean2": 16.439409256, "mean": 28.1139888763, "dvar2": 423.719055176, "min": 0.0491627752781}, "mfcc": {"mean": [-667.617614746, 94.2778701782, 15.7280263901, 24.8758392334, 9.5396528244, 16.2415962219, 5.47110080719, 7.31086301804, 4.02902078629, 6.06193590164, 0.996783196926, 2.8659362793, 1.99385309219], "cov": [[20663.2089844, -957.276855469, 1054.62585449, 1080.03869629, 3.55730867386, 488.35446167, 288.500396729, 449.829406738, 39.7404212952, 44.3016204834, -35.4891052246, 38.8196907043, -108.143226624], [-957.276855469, 3815.3190918, 182.538314819, 183