{"tonal": {"chords_number_rate": 0.00443131476641, "thpcp": [1, 0.775994062424, 0.417998075485, 0.448249161243, 0.406427890062, 0.344790518284, 0.357699334621, 0.366121351719, 0.410228610039, 0.476642042398, 0.413835197687, 0.356080144644, 0.346738576889, 0.304602086544, 0.522773206234, 0.865120589733, 0.816226005554, 0.732687413692, 0.715938925743, 0.492683053017, 0.390998065472, 0.436089396477, 0.395926237106, 0.375304728746, 0.420240581036, 0.354339182377, 0.284046381712, 0.275263100863, 0.217968061566, 0.21853248775, 0.302273124456, 0.277452260256, 0.210766777396, 0.240859761834, 0.278328537941, 0.567598879337], "hpcp": {"dvar": [0.0204205699265, 0.0212957393378, 0.0202596168965, 0.0298079233617, 0.0332824215293, 0.0312845185399, 0.0477256141603, 0.0468509048223, 0.0529364496469, 0.0624276921153, 0.0594978220761, 0.0524134933949, 0.046228852123, 0.0446401238441, 0.0425372421741, 0.0443227738142, 0.0479522794485, 0.0423528514802, 0.0339552201331, 0.0260286554694, 0.0372727997601, 0.0478501096368, 0.0544500723481, 0.0632575079799, 0.0561352968216, 0.0490028373897, 0.0446885079145, 0.0411094240844, 0.0439424254, 0.0520512759686, 0.0482170954347, 0.0381177179515, 0.0251748971641, 0.0193503573537, 0.0152118047699, 0.0172807462513], "mean": [0.115923069417, 0.106404155493, 0.0808299854398, 0.0923707783222, 0.106740221381, 0.217676654458, 0.383504390717, 0.297597140074, 0.160304099321, 0.171905517578, 0.155866876245, 0.132228672504, 0.137179270387, 0.140409141779, 0.15732447803, 0.182794317603, 0.158707618713, 0.136558294296, 0.132975772023, 0.116816237569, 0.200485810637, 0.33177754283, 0.313026249409, 0.280988842249, 0.274565726519, 0.18894611299, 0.149949476123, 0.167242199183, 0.151839450002, 0.143931016326, 0.161164104939, 0.135890632868, 0.10893303901, 0.10556460917, 0.0835917070508, 0.0838081687689], "min": [0, 0, 0, 0, 0, 0.00293373526074, 0.000529273413122, 0.000133388588438, 0, 0, 0, 0, 0, 0, 0, 4.31209227827e-05, 0, 0, 0, 0, 0, 0.000261200737441, 4.23082528869e-05, 0, 0, 0, 0, 0, 0, 3.14230618415e-07, 0, 0, 0, 0.000112662186439, 0, 0], "median": [0.0522435307503, 0.0496196486056, 0.0332220941782, 0.0295224189758, 0.0351350679994, 0.132164463401, 0.243924498558, 0.195538491011, 0.0769832730293, 0.0690732002258, 0.0604999884963, 0.0489159747958, 0.0612046457827, 0.0710057541728, 0.0858099088073, 0.0989723205566, 0.075461357832, 0.0655564963818, 0.0662728622556, 0.0620842687786, 0.116662561893, 0.201693981886, 0.211097985506, 0.146235078573, 0.103592321277, 0.0735193192959, 0.0697362571955, 0.0868715569377, 0.0668923184276, 0.0457966662943, 0.0463228672743, 0.0428220406175, 0.0552560314536, 0.0562075376511, 0.0444454625249, 0.0437805056572], "dvar2": [0.0518856272101, 0.0592622831464, 0.0559558346868, 0.0804663300514, 0.0879382118583, 0.081242851913, 0.111841022968, 0.127256885171, 0.145520716906, 0.165494784713, 0.157479673624, 0.142683133483, 0.130362421274, 0.126369908452, 0.120266221464, 0.119688771665, 0.129008308053, 0.114706374705, 0.089639082551, 0.0710790455341, 0.0985395312309, 0.119108982384, 0.148079201579, 0.172742426395, 0.13887616992, 0.139999583364, 0.129193216562, 0.113970577717, 0.12072134763, 0.147230446339, 0.130343198776, 0.10794673115, 0.072807893157, 0.0550343543291, 0.0422116778791, 0.0479373000562], "var": [0.0292155444622, 0.0237415321171, 0.0188244022429, 0.0290179681033, 0.0351083576679, 0.0489498451352, 0.119296245277, 0.0728243887424, 0.0471069961786, 0.0628740340471, 0.0570928454399, 0.0468765459955, 0.0409479141235, 0.0383035503328, 0.0384525991976, 0.0477759279311, 0.0463144518435, 0.039077796042, 0.0358793698251, 0.0247126240283, 0.0470469817519, 0.0998587757349, 0.0804406628013, 0.0906854346395, 0.111955478787, 0.063364982605, 0.0399695858359, 0.0446836203337, 0.0446826294065, 0.0520213209093, 0.0657157748938, 0.047329004854, 0.0228476915509, 0.0224140863866, 0.0155328484252, 0.0163867082447], "dmean2": [0.149816051126, 0.154918596148, 0.141040533781, 0.168615475297, 0.187609434128, 0.247025296092, 0.327519148588, 0.337919771671, 0.30243447423, 0.297776937485, 0.276706635952, 0.2509509027, 0.249755978584, 0.242445260286, 0.246182262897, 0.264516592026, 0.25764477253, 0.221659451723, 0.198106557131, 0.186963036656, 0.268492788076, 0.339381724596, 0.398528754711, 0.407748490572, 0.31539735198, 0.304609715939, 0.27904522419, 0.261584579945, 0.250835031271, 0.264487177134, 0.252803534269, 0.214768230915, 0.171220287681, 0.148897796869, 0.126313894987, 0.127509787679], "max": [1, 1, 1, 1, 1, 1, 1, 1, 1, 1, 1, 1, 1, 1, 1, 1, 1, 1, 1, 1, 1, 1, 1, 1, 1, 1, 1, 1, 1, 1, 1, 1, 1, 1, 1, 1], "dmean": [0.0894651412964, 0.0888443589211, 0.0797693729401, 0.0957348719239, 0.10716059804, 0.144801467657, 0.193218484521, 0.1961376369, 0.168867066503, 0.16803561151, 0.156092852354, 0.13952550292, 0.138813048601, 0.136040464044, 0.13943400979, 0.150391459465, 0.146470084786, 0.126411050558, 0.114955238998, 0.106689959764, 0.155145272613, 0.19830532372, 0.228454709053, 0.232476577163, 0.18179872632, 0.171676293015, 0.15424194932, 0.148392736912, 0.142285361886, 0.147066220641, 0.141309186816, 0.121157176793, 0.0959978029132, 0.0848699733615, 0.0720666348934, 0.0734245330095]}, "key_strength": 0.639660537243, "chords_strength": {"dvar": 6.65183688398e-05, "mean": 0.433305978775, "min": 0.217868432403, "median": 0.42532813549, "dvar2": 9.42759797908e-05, "var": 0.0105542680249, "dmean2": 0.0106330048293, "max": 0.695107698441, "dmean": 0.00926789455116}, "tuning_equal_tempered_deviation": 0.0672919675708, "chords_key": "E", "tuning_frequency": 444.085327148, "chords_scale": "minor", "chords_changes_rate": 0.0727474167943, "key_scale": "minor", "tuning_diatonic_strength": 0.490370869637, "hpcp_entropy": {"dvar": 0.284937977791, "mean": 2.47216773033, "min": 0.0946253687143, "median": 2.50957155228, "dvar2": 0.776362240314, "var": 0.571670174599, "dmean2": 1.0929505825, "max": 4.54420089722, "dmean": 0.647599577904}, "chords_histogram": [51.9202346802, 4.68980789185, 5.87149190903, 0, 0, 2.65878868103, 1.62481534481, 17.1713447571, 1.69867062569, 0.480059087276, 0, 0, 1.62481534481, 0, 0, 0.332348585129, 2.3264400959, 0, 0, 0.775480031967, 3.17577552795, 0.516986727715, 1.69867062569, 3.43426895142], "tuning_nontempered_energy_ratio": 0.729773044586, "key_key": "E"}, "metadata": {"version": {"extractor": "music 1.0", "essentia_build_sha": "70f2e5ece6736b2c40cc944ad0e695b16b925413", "essentia": "2.1-beta2", "essentia_git_sha": "v2.1_beta2"}, "audio_properties": {"sample_rate": 96000, "length": 125.698478699, "lossless": true, "analysis_sample_rate": 44100, "downmix": "mix", "bit_rate": 0, "equal_loudness": 0, "md5_encoded": "555c6a7570b240976f2860b35dae3aa2", "codec": "flac", "replay_gain": -9.42951774597}, "tags": {"disctotal": ["1"], "musicbrainz_workid": ["e74d42a9-d38b-30c4-94ee-7d367586a17b"], "genre": ["Pop Rock"], "catalognumber": ["TPELP 1"], "producer": ["Roli Mosimann"], "releasecountry": ["GB"], "musicbrainz_recordingid": ["08470074-bd7d-4f23-993e-1542588b9c5c"], "language": ["eng"], "title": ["Spin Cycle"], "engineer": ["Michael Johnson"], "discnumber": ["1"], "musicbrainz_releasetrackid": ["9f1c52c3-1392-3116-9485-612cc3044510"], "artistsort": ["That Petrol Emotion"], "releasetype": ["album"], "originaldate": ["1987"], "work": ["Spin Cycle"], "musicbrainz_artistid": ["210f7873-edd6-4e4b-8a7d-d8b7a368a33e"], "composer": ["Steve Mack"], "tracknumber": ["2"], "musicbrainz_albumartistid": ["210f7873-edd6-4e4b-8a7d-d8b7a368a33e"], "barcode": ["042283195615"], "mixer": ["Tony Harris"], "tracktotal": ["11"], "grouping": ["Rock"], "date": ["1987"], "acoustid_id": ["5a0b9d28-6234-4a26-a8d4-0cf451794700"], "albumartistsort": ["That Petrol Emotion"], "musicbrainz_releasegroupid": ["e0f8ddb3-30f1-3909-a32b-8d7ac8e070bf"], "media": ["12″ Vinyl"], "performer": ["Damian O'Néill (bass guitar)", "Ciaran McLaughlin (drums)", "Seán O'Néill (guitar)", "Réamann Ó'Gormain (guitar)", "Steve Mack (vocals)"], "arranger": ["That Petrol Emotion", "Roli Mosimann"], "label": ["Polydor"], "albumartist": ["That Petrol Emotion"], "asin": ["B000091F1F"], "script": ["Latn"], "musicbrainz_albumid": ["13b6b57b-d914-45ac-b0b9-d0be5bc492c5"], "file_name": "1-02 Spin Cycle.flac", "releasestatus": ["official"], "totaldiscs": ["1"], "album": ["Babble"], "artist": ["That Petrol Emotion"]}}, "lowlevel": {"melbands": {"dvar": [8.38817959448e-06, 8.02709746495e-06, 8.3896287606e-07, 9.81019638857e-07, 9.5901079078e-08, 4.72673526986e-08, 1.25833103937e-08, 1.44381395728e-08, 1.78660233274e-08, 9.12798281405e-09, 1.2510358971e-08, 4.47665993164e-09, 6.0607705521e-09, 6.87364165586e-10, 2.29723839951e-09, 2.21996709904e-09, 2.04436090279e-09, 3.61463259324e-09, 2.738343996e-09, 3.96744326281e-09, 2.55904941682e-09, 2.16922035889e-09, 2.57931875858e-09, 2.43585795978e-09, 3.37354172375e-10, 3.82206793992e-10, 1.06081733675e-10, 4.26077020887e-11, 8.25930643322e-11, 2.80042586343e-11, 1.27640537029e-11, 5.28605414649e-12, 5.91967230443e-12, 2.98542267296e-12, 1.69067071541e-12, 8.57861470662e-13, 5.13400791064e-13, 3.91290624034e-13, 2.61860466037e-13, 9.993878148e-14], "mean": [0.00144912709948, 0.00171626824886, 0.000951695546973, 0.000815561739728, 0.000325354252709, 0.0001977559441, 0.000112026318675, 0.000117609779409, 0.000111654764623, 0.000102089958091, 9.2033551482e-05, 6.8284702138e-05, 8.80338993738e-05, 3.51635244442e-05, 4.71932253276e-05, 3.63141843991e-05, 3.85650891985e-05, 5.59103173146e-05, 6.08048321737e-05, 7.78206449468e-05, 8.43024245114e-05, 7.2964503488e-05, 6.90745364409e-05, 5.36215884495e-05, 2.81753418676e-05, 1.73499702214e-05, 1.12132820504e-05, 5.93539789406e-06, 5.53679910809e-06, 4.17471710534e-06, 2.91366950478e-06, 1.7653036366e-06, 1.85817020792e-06, 1.55550389991e-06, 1.28918691189e-06, 7.75618843818e-07, 5.74274736209e-07, 4.81155836951e-07, 4.81763720472e-07, 4.2843194592e-07], "min": [3.38445915737e-09, 2.57508347978e-09, 1.6617028864e-09, 3.99691668651e-10, 2.28058349983e-10, 9.71228722446e-11, 6.10915693033e-11, 6.94595839179e-11, 6.04533714754e-11, 3.97740139435e-11, 2.44490452189e-11, 2.49921350975e-11, 3.00131829112e-11, 1.3624090571e-11, 1.84909500905e-11, 2.58051548879e-11, 1.26140504292e-11, 1.2935853777e-11, 9.95751831684e-12, 1.08777899882e-11, 8.87430840618e-12, 1.02801231069e-11, 6.59625912919e-12, 6.13709083552e-12, 5.36169936574e-12, 4.71718367492e-12, 4.39968027288e-12, 3.33548943673e-12, 2.09436938278e-12, 2.42907105021e-12, 2.39169578239e-12, 1.68908875602e-12, 1.44764972579e-12, 1.60975432203e-12, 1.32810841318e-12, 1.14755980326e-12, 1.02505829346e-12, 1.27733424966e-12, 7.037703211e-13, 7.83438418306e-13], "median": [0.000418504234403, 0.000894131197128, 0.000719995878171, 0.000520830391906, 0.000189916885574, 0.000119169417303, 6.78236538079e-05, 7.29645544197e-05, 6.91277164151e-05, 6.09678172623e-05, 4.76646710013e-05, 3.7807476474e-05, 4.8617606808e-05, 2.4055596441e-05, 3.00802257698e-05, 1.66674399225e-05, 1.71552583197e-05, 3.01359668811e-05, 3.83647966373e-05, 5.15403735335e-05, 6.57991768094e-05, 5.24198258063e-05, 4.9090358516e-05, 3.47953864548e-05, 1.91956951312e-05, 1.04887312773e-05, 7.17654347682e-06, 3.68402857021e-06, 2.64309983322e-06, 2.42366354541e-06, 1.68562712588e-06, 9.48859110395e-07, 8.51837626215e-07, 7.87048122675e-07, 7.24419862763e-07, 3.77795885242e-07, 3.24686823205e-07, 2.42959117713e-07, 2.80520509932e-07, 3.16517201782e-07], "dvar2": [2.19270696107e-05, 2.07564426091e-05, 2.36214236793e-06, 2.74768262898e-06, 2.32962818814e-07, 1.24508147792e-07, 3.40823191891e-08, 3.84892508976e-08, 5.05829937936e-08, 2.35720545305e-08, 2.8821045106e-08, 1.16524141447e-08, 1.56671333684e-08, 1.71632996704e-09, 5.54673462716e-09, 4.79582373814e-09, 4.91293228322e-09, 8.2860749373e-09, 6.67189636872e-09, 9.65426849575e-09, 6.17603745923e-09, 5.16523179783e-09, 5.98213700798e-09, 5.89353632563e-09, 7.87635456856e-10, 9.50646561471e-10, 2.68593147723e-10, 1.14492075542e-10, 2.19392962131e-10, 6.91533288966e-11, 3.07333221372e-11, 1.25367242629e-11, 1.38281287462e-11, 6.95306052317e-12, 3.8901781102e-12, 1.86722750976e-12, 1.07983294615e-12, 8.64336163406e-13, 5.19829188375e-13, 2.12972150223e-13], "var": [7.33980414225e-06, 7.36098354537e-06, 9.25277561237e-07, 9.561515526e-07, 1.72911057916e-07, 6.42079811541e-08, 2.42066846567e-08, 2.38995756519e-08, 2.93090245407e-08, 2.03339283189e-08, 2.55947529837e-08, 9.64239443846e-09, 1.68700413639e-08, 1.5477219506e-09, 4.14610035193e-09, 4.90339902015e-09, 4.66079086436e-09, 1.01452393153e-08, 6.45744924199e-09, 9.92225679397e-09, 5.31428367978e-09, 4.58442483975e-09, 4.42390524213e-09, 3.69924135768e-09, 8.19470158397e-10, 5.02198560515e-10, 1.62910032686e-10, 6.37207717147e-11, 8.00139954293e-11, 3.31470371984e-11, 1.62331779963e-11, 8.93010058262e-12, 1.05542683967e-11, 6.86320705129e-12, 4.0723032585e-12, 2.33081175888e-12, 1.49722953219e-12, 9.39720632039e-13, 7.69472918542e-13, 2.8603188611e-13], "dmean2": [0.00248832278885, 0.00249522691593, 0.00108337134589, 0.00103219680022, 0.000304431450786, 0.000227849188377, 0.000110630237032, 0.000114965201647, 0.000101068028016, 8.20721616037e-05, 7.77300301706e-05, 5.39850916539e-05, 6.33601812297e-05, 2.89142062684e-05, 4.16070906795e-05, 3.49833899236e-05, 3.46699707734e-05, 4.74622756883e-05, 5.18565866514e-05, 6.72158494126e-05, 6.88008512952e-05, 5.79719526286e-05, 5.7771732827e-05, 4.97175096825e-05, 2.13504936255e-05, 1.70635048562e-05, 1.0527754057e-05, 5.76446382183e-06, 6.94674918122e-06, 4.20213791585e-06, 2.82902101389e-06, 1.62838796314e-06, 1.65088067661e-06, 1.17992715332e-06, 9.29172870201e-07, 5.52858864467e-07, 3.86667664998e-07, 3.21898170341e-07, 3.16003024636e-07, 2.76657601717e-07], "max": [0.0217195954174, 0.0251902807504, 0.0108222644776, 0.00954061187804, 0.00486347684637, 0.00289975223131, 0.00258901924826, 0.00200477428734, 0.00282945716754, 0.00191705464385, 0.00341212959029, 0.00133633695077, 0.00166599871591, 0.000616242759861, 0.00162923429161, 0.00192096573301, 0.000998269068077, 0.00164504151326, 0.0010484890081, 0.00172853399999, 0.000812197104096, 0.000730977219064, 0.000769418955315, 0.000785335025284, 0.000274840218481, 0.000233656435739, 0.000126846032799, 0.00010986704001, 8.52143857628e-05, 6.22848820058e-05, 4.50884908787e-05, 4.27589984611e-05, 4.19646421506e-05, 4.27320992458e-05, 2.74187514151e-05, 1.87324403669e-05, 2.95795925922e-05, 1.990657438e-05, 1.27991424961e-05, 7.27558744984e-06], "dmean": [0.00146539520938, 0.00148345972411, 0.000631144153886, 0.000596034689806, 0.000189144804608, 0.000133491412271, 6.56016927678e-05, 6.99962256476e-05, 6.20350620011e-05, 5.15412939421e-05, 4.97499568155e-05, 3.40422629961e-05, 4.209142935e-05, 1.76766552613e-05, 2.57175815932e-05, 2.18793047679e-05, 2.14538922592e-05, 2.94508481602e-05, 3.18532547681e-05, 4.10181346524e-05, 4.26063379564e-05, 3.7199457438e-05, 3.68646542483e-05, 3.12426855089e-05, 1.37784327308e-05, 1.05120670923e-05, 6.43915336695e-06, 3.48075218426e-06, 4.06169419875e-06, 2.58320801549e-06, 1.77637184606e-06, 1.00414683857e-06, 1.03841136934e-06, 7.48121863126e-07, 5.91235902903e-07, 3.56662695822e-07, 2.51344147273e-07, 2.16857401369e-07, 2.14173255131e-07, 1.86781036859e-07]}, "spectral_decrease": {"dvar": 1.29524671787e-17, "mean": -5.89071946777e-09, "min": -3.33173773015e-08, "median": -4.92938223573e-09, "dvar2": 3.25407327412e-17, "var": 1.94043948929e-17, "dmean2": 3.9694767473e-09, "max": -9.41232497758e-15, "dmean": 2.4267821086e-09}, "spectral_rolloff": {"dvar": 385177.34375, "mean": 2037.36657715, "min": 21.533203125, "median": 2260.98632812, "dvar2": 978265.25, "var": 748305.5625, "dmean2": 858.046813965, "max": 6847.55859375, "dmean": 518.641601562}, "melbands_crest": {"dvar": 7.99898862839, "mean": 12.2208204269, "min": 3.34078574181, "median": 11.3701553345, "dvar2": 20.7238464355, "var": 23.1677799225, "dmean2": 5.16350269318, "max": 39.2342338562, "dmean": 3.17643499374}, "barkbands_skewness": {"dvar": 2.30739808083, "mean": 1.05545055866, "min": -1.92432785034, "median": 0.753648400307, "dvar2": 6.84222316742, "var": 5.33188056946, "dmean2": 1.04777479172, "max": 47.5310783386, "dmean": 0.647390067577}, "spectral_centroid": {"dvar": 45375.3515625, "mean": 1783.79650879, "min": 226.337539673, "median": 1836.50830078, "dvar2": 111215.898438, "var": 219022.15625, "dmean2": 377.628051758, "max": 3045.37890625, "dmean": 240.580963135}, "spectral_energyband_middle_low": {"dvar": 3.54275398422e-05, "mean": 0.00841983873397, "min": 1.24322800943e-08, "median": 0.00684158969671, "dvar2": 9.62716512731e-05, "var": 4.49558647233e-05, "dmean2": 0.00666484329849, "max": 0.0621677301824, "dmean": 0.00395058887079}, "erbbands_crest": {"dvar": 3.03034162521, "mean": 7.77269458771, "min": 2.8879430294, "median": 7.19725847244, "dvar2": 7.81016349792, "var": 7.76902103424, "dmean2": 3.14095449448, "max": 21.9432106018, "dmean": 1.93205118179}, "dynamic_complexity": 3.02367782593, "spectral_energyband_low": {"dvar": 0.000185190729098, "mean": 0.0086540626362, "min": 1.95319103113e-08, "median": 0.00436999090016, "dvar2": 0.000476699176943, "var": 0.000174952307134, "dmean2": 0.0120591577142, "max": 0.10914093256, "dmean": 0.00720822764561}, "silence_rate_60dB": {"dvar": 0.00624043028802, "mean": 0.0655586346984, "min": 0, "median": 0, "dvar2": 0.0146237369627, "var": 0.0612609237432, "dmean2": 0.0125623494387, "max": 1, "dmean": 0.00628001475707}, "erbbands_kurtosis": {"dvar": 0.727491021156, "mean": 0.545975744724, "min": -1.64408040047, "median": 0.141939878464, "dvar2": 1.78684520721, "var": 2.46388173103, "dmean2": 1.30325305462, "max": 14.5847034454, "dmean": 0.827401220798}, "spectral_complexity": {"dvar": 16.4413833618, "mean": 28.5170822144, "min": 0, "median": 29, "dvar2": 33.2017745972, "var": 99.0024795532, "dmean2": 6.12414550781, "max": 58, "dmean": 4.07240486145}, "barkbands_crest": {"dvar": 10.8061857224, "mean": 8.43740463257, "min": 2.45012593269, "median": 7.1120300293, "dvar2": 28.095375061, "var": 18.7984275818, "dmean2": 5.06600427628, "max": 26.4640159607, "dmean": 3.05436468124}, "spectral_energy": {"dvar": 0.000192634368432, "mean": 0.0242545418441, "min": 3.68747556934e-08, "median": 0.0206127706915, "dvar2": 0.000478359812405, "var": 0.000307621463435, "dmean2": 0.015451349318, "max": 0.12919858098, "dmean": 0.00949406344444}, "spectral_spread": {"dvar": 132284153856, "mean": 3525397.75, "min": 1326430.875, "median": 3561684, "dvar2": 239766126592, "var": 1208798281730.0, "dmean2": 441830.40625, "max": 21623002, "dmean": 294400.9375}, "spectral_contrast_valleys": {"dvar": [0.109404794872, 0.0664724558592, 0.0466119199991, 0.0489409230649, 0.0569891855121, 0.046271763742], "mean": [-7.11343717575, -6.71828842163, -7.29180860519, -7.27490186691, -7.18477678299, -10.4607601166], "min": [-13.6206846237, -14.6455011368, -15.3778371811, -15.3604269028, -15.6645107269, -17.2406806946], "median": [-6.91761207581, -6.55278396606, -7.07495832443, -7.07320833206, -6.92803955078, -9.96799564362], "dvar2": [0.294443041086, 0.177740558982, 0.123177021742, 0.119143635035, 0.116390109062, 0.0804304853082], "var": [0.879711925983, 0.886943995953, 1.10126149654, 1.22730469704, 1.49567341805, 2.16158914566], "dmean2": [0.661657869816, 0.512731254101, 0.434120357037, 0.392904520035, 0.332809150219, 0.271618068218], "max": [-5.30809926987, -4.99519300461, -5.81306028366, -5.69855546951, -5.48454523087, -8.29427814484], "dmean": [0.399858742952, 0.308992952108, 0.262719452381, 0.242267251015, 0.223551481962, 0.19335244596]}, "spectral_rms": {"dvar": 1.04125672351e-06, "mean": 0.00454322528094, "min": 5.99794748268e-06, "median": 0.00448441971093, "dvar2": 2.52512131738e-06, "var": 3.02207490677e-06, "dmean2": 0.00132729089819, "max": 0.0112270833924, "dmean": 0.000831768964417}, "barkbands_spread": {"dvar": 31.7235412598, "mean": 30.6599063873, "min": 0.0635401383042, "median": 31.256269455, "dvar2": 87.0787506104, "var": 107.711967468, "dmean2": 9.24931526184, "max": 68.7542190552, "dmean": 5.73186683655}, "pitch_salience": {"dvar": 0.00734465615824, "mean": 0.593677401543, "min": 0.0517086349428, "median": 0.616548717022, "dvar2": 0.0189723223448, "var": 0.0133287059143, "dmean2": 0.137583807111, "max": 0.858413815498, "dmean": 0.0835204869509}, "erbbands_skewness": {"dvar": 0.0602633878589, "mean": -0.699577748775, "min": -2.90337753296, "median": -0.734353363514, "dvar2": 0.136581867933, "var": 0.412477821112, "dmean2": 0.439148038626, "max": 3.2019162178, "dmean": 0.29109916091}, "spectral_energyband_middle_high": {"dvar": 7.51965762902e-06, "mean": 0.0073383981362, "min": 2.40537256779e-09, "median": 0.0063056005165, "dvar2": 1.65567362274e-05, "var": 2.62432913587e-05, "dmean2": 0.00318169989623, "max": 0.0355467572808, "dmean": 0.00216581788845}, "erbbands": {"dvar": [0.0465516671538, 10.5551738739, 14.2160587311, 14.4321451187, 231.675704956, 141.090744019, 83.3471984863, 100.199249268, 56.4931755066, 148.52041626, 229.465164185, 225.9034729, 485.607971191, 261.516143799, 335.122680664, 171.796112061, 433.75378418, 463.505493164, 1020.21612549, 1948.06506348, 1450.32885742, 1837.92163086, 2983.1340332, 562.268798828, 314.9949646, 121.519615173, 142.357452393, 50.0486221313, 17.0585517883, 9.68005657196, 3.79669928551, 1.34846258163, 0.638394892216, 0.153751179576, 0.019632846117, 0.00360641931184, 0.00057035201462, 5.19624227309e-05, 7.14717316441e-07, 2.46191711462e-09], "mean": [0.113964922726, 1.58969914913, 2.59892082214, 3.9267911911, 10.9061775208, 11.2156114578, 7.68948364258, 8.79329586029, 7.40505552292, 11.0547924042, 13.2659263611, 15.9675760269, 18.9019145966, 18.0908679962, 22.7230587006, 16.1631336212, 19.2911834717, 20.4116134644, 35.5447616577, 54.2562904358, 69.6619033813, 71.3693389893, 69.2452697754, 37.5666465759, 20.1390132904, 10.956735611, 8.19722175598, 5.81607532501, 3.34877371788, 2.9423520565, 2.02427744865, 1.04527580738, 0.707747638226, 0.524170875549, 0.22689306736, 0.0979704856873, 0.0359961017966, 0.0100921262056, 0.0011746120872, 8.7021937361e-05], "min": [3.78185831096e-07, 1.85247733953e-06, 4.90666798214e-06, 8.79701383383e-06, 1.30542148327e-05, 5.5103860177e-06, 6.04422075412e-06, 4.11922928834e-06, 3.25856831296e-06, 6.50111405776e-06, 7.74635191192e-06, 7.54510028855e-06, 5.3030989875e-06, 8.56469250721e-06, 7.9486917457e-06, 7.23930133972e-06, 8.62854994921e-06, 8.2523401943e-06, 9.58373220783e-06, 7.78074627306e-06, 7.78315643402e-06, 9.06655714061e-06, 7.06334731149e-06, 6.73400336382e-06, 5.79725701755e-06, 5.54306097911e-06, 3.55323027179e-06, 4.25612643085e-06, 2.88874093712e-06, 2.79972118733e-06, 2.27603504754e-06, 1.74478554982e-06, 1.54059239321e-06, 9.3317299843e-07, 4.39559585175e-07, 2.38924059204e-07, 1.03861985679e-07, 5.0588795375e-08, 1.03585797717e-08, 1.11553732918e-09], "median": [0.0240637678653, 0.589691340923, 1.44316804409, 3.03673839569, 6.27604293823, 6.44620227814, 4.31346559525, 5.37297201157, 4.49619150162, 6.68184328079, 8.42194080353, 9.67880535126, 10.0164813995, 10.5686903, 13.5556278229, 11.0521764755, 10.2237606049, 9.64688110352, 20.8143348694, 34.5107154846, 54.6562042236, 53.1167106628, 48.3355941772, 27.2549057007, 12.9449920654, 7.00950574875, 4.49217033386, 3.42653894424, 1.80431056023, 1.49934649467, 1.12382674217, 0.577904045582, 0.381299644709, 0.370806336403, 0.177422299981, 0.0730774179101, 0.0236847158521, 0.00582566158846, 0.000614489254076, 5.84097506362e-05], "dvar2": [0.119264893234, 27.9344348907, 37.1053504944, 39.990901947, 656.97064209, 369.08190918, 202.346160889, 270.916137695, 154.31993103, 391.883026123, 649.166137695, 590.490539551, 1122.60644531, 683.200134277, 884.798706055, 431.645080566, 1047.00280762, 1104.54919434, 2394.01831055, 4788.47558594, 3464.88110352, 4338.36523438, 6936.83886719, 1298.55187988, 758.749633789, 316.390991211, 370.638000488, 120.287734985, 39.4350128174, 22.0034713745, 8.35318756104, 2.74328804016, 1.28090059757, 0.301006704569, 0.0407491363585, 0.00757500482723, 0.00119282549713, 0.000110244502139, 1.43939530517e-06, 4.54895321411e-09], "var": [0.0449795015156, 8.68220424652, 14.3177700043, 16.2394123077, 208.796813965, 205.279495239, 133.258132935, 123.765869141, 112.468742371, 241.686340332, 380.00479126, 467.084869385, 1002.59020996, 598.667480469, 909.042114258, 375.471801758, 825.254089355, 1160.63244629, 2802.99536133, 5089.62988281, 3353.45849609, 3948.82324219, 4874.14794922, 1286.65368652, 551.157043457, 177.799484253, 145.102706909, 62.5698242188, 29.7892570496, 23.0585460663, 10.3523082733, 4.28879261017, 1.84028363228, 0.501129806042, 0.0620549730957, 0.0107505498454, 0.0015735499328, 0.000136934584589, 2.1888943138e-06, 8.2981710392e-09], "dmean2": [0.187478199601, 2.78454184532, 3.40747213364, 4.23725652695, 15.8274526596, 12.3253526688, 7.90615129471, 10.5503044128, 7.45768165588, 10.7791566849, 11.9159393311, 12.9474143982, 15.4007644653, 13.2183065414, 16.1428623199, 12.5680131912, 17.8510856628, 16.5176620483, 28.4184513092, 45.1558570862, 51.2595024109, 51.8327407837, 57.813835144, 26.9834690094, 16.5126094818, 9.884765625, 9.05187416077, 5.42403793335, 2.87653017044, 2.11849546432, 1.32771265507, 0.645653963089, 0.417225152254, 0.311965972185, 0.122802235186, 0.0579226948321, 0.0240018013865, 0.00737690646201, 0.00084022898227, 4.9620091886e-05], "max": [1.63111555576, 24.4366550446, 50.1951370239, 73.0477828979, 142.972457886, 177.454269409, 174.862167358, 132.292938232, 199.166107178, 215.47026062, 304.873413086, 271.583404541, 656.094787598, 356.319610596, 368.986877441, 385.359130859, 514.747558594, 447.815643311, 735.705627441, 897.863830566, 546.533325195, 732.420288086, 701.527648926, 391.417510986, 307.416503906, 149.646209717, 120.195259094, 84.4341201782, 70.7519378662, 55.5048866272, 37.0407867432, 38.9583320618, 23.5915203094, 10.115073204, 4.05233430862, 1.28763699532, 0.513456106186, 0.126603201032, 0.0118539873511, 0.000864673347678], "dmean": [0.113817058504, 1.6109610796, 2.03921699524, 2.48045492172, 9.02159023285, 7.2982301712, 4.84783601761, 6.12764883041, 4.38453912735, 6.59365034103, 7.32822084427, 8.05321979523, 9.8514175415, 8.38614654541, 10.5118284225, 7.75822162628, 11.0167341232, 10.3199176788, 17.6306819916, 27.5718536377, 32.0800971985, 33.8794403076, 36.7875213623, 17.7401027679, 10.4778299332, 6.06843948364, 5.39914941788, 3.42651438713, 1.79604232311, 1.37602770329, 0.859485149384, 0.42544016242, 0.290219992399, 0.216594070196, 0.0863698348403, 0.0415342710912, 0.0169884711504, 0.0052250563167, 0.00061271811137, 3.65015293937e-05]}, "dissonance": {"dvar": 7.99018744146e-05, "mean": 0.482016414404, "min": 0.300779521465, "median": 0.486196994781, "dvar2": 0.000212890066905, "var": 0.000253683014307, "dmean2": 0.0147573109716, "max": 0.499999940395, "dmean": 0.00877170357853}, "erbbands_flatness_db": {"dvar": 0.000103413804027, "mean": 0.154438912868, "min": 0.0417481511831, "median": 0.141822755337, "dvar2": 0.000230262594414, "var": 0.00234151887707, "dmean2": 0.0179490409791, "max": 0.312295526266, "dmean": 0.0118665229529}, "melbands_kurtosis": {"dvar": 8089.88671875, "mean": 14.1768798828, "min": -1.67965877056, "median": 3.26430368423, "dvar2": 19068.5117188, "var": 11658.4072266, "dmean2": 17.8268318176, "max": 3987.72631836, "dmean": 10.8664655685}, "melbands_spread": {"dvar": 98.7676544189, "mean": 35.0267868042, "min": 0.065081730485, "median": 34.3506774902, "dvar2": 255.704299927, "var": 260.97845459, "dmean2": 16.5288562775, "max": 95.1744155884, "dmean": 10.4983263016}, "melbands_skewness": {"dvar": 1.64503014088, "mean": 2.28699493408, "min": -1.06756436825, "median": 1.96625304222, "dvar2": 3.8976829052, "var": 5.09005260468, "dmean2": 1.27055847645, "max": 44.9223365784, "dmean": 0.795009791851}, "spectral_entropy": {"dvar": 0.0068781725131, "mean": 7.66187477112, "min": 5.79292201996, "median": 7.72443914413, "dvar2": 0.0160865243524, "var": 0.10185110569, "dmean2": 0.139445900917, "max": 8.43768787384, "dmean": 0.0873896852136}, "zerocrossingrate": {"dvar": 6.69273285894e-05, "mean": 0.0669598132372, "min": 0, "median": 0.0673828125, "dvar2": 0.000111186105642, "var": 0.000480274175061, "dmean2": 0.0115106459707, "max": 0.177734375, "dmean": 0.00894157122821}, "average_loudness": 0.919719517231, "spectral_contrast_coeffs": {"dvar": [0.00226119952276, 0.00118020677473, 0.000665838830173, 0.000497524510138, 0.000325194385368, 0.000362375489203], "mean": [-0.646960675716, -0.775034606457, -0.772904753685, -0.777231693268, -0.753602445126, -0.751994848251], "min": [-0.921304762363, -0.93616849184, -0.965566515923, -0.958047807217, -0.933672845364, -0.915796518326], "median": [-0.64960706234, -0.778083741665, -0.774973750114, -0.779248356819, -0.751703202724, -0.751558303833], "dvar2": [0.00645944336429, 0.00345926336013, 0.0017484696582, 0.00136513635516, 0.000865667068865, 0.000871281896252], "var": [0.00485864747316, 0.00272656045854, 0.00273690535687, 0.00181469903328, 0.00172646087594, 0.00183952366933], "dmean2": [0.0941754132509, 0.0720144361258, 0.053617477417, 0.0476870462298, 0.0361236669123, 0.0290768388659], "max": [-0.360416889191, -0.525040030479, -0.549809277058, -0.611143887043, -0.62783741951, -0.635716021061], "dmean": [0.055552393198, 0.042340811342, 0.0326514132321, 0.0286530889571, 0.0221744179726, 0.0180216170847]}, "barkbands_flatness_db": {"dvar": 0.000542572233826, "mean": 0.110584646463, "min": 0.0276487357914, "median": 0.0936886817217, "dvar2": 0.00144084030762, "var": 0.0031411498785, "dmean2": 0.0330655351281, "max": 0.596786379814, "dmean": 0.0204347670078}, "silence_rate_30dB": {"dvar": 0, "mean": 1, "min": 1, "median": 1, "dvar2": 0, "var": 0, "dmean2": 0, "max": 1, "dmean": 0}, "spectral_energyband_high": {"dvar": 2.2461530591e-07, "mean": 0.000556963612325, "min": 5.96592997226e-10, "median": 0.000353553274181, "dvar2": 5.34376113137e-07, "var": 4.14755902511e-07, "dmean2": 0.000378071534215, "max": 0.00514814723283, "dmean": 0.000247184478212}, "melbands_flatness_db": {"dvar": 0.00084380467888, "mean": 0.179110124707, "min": 0.0561021715403, "median": 0.16359783709, "dvar2": 0.00215919315815, "var": 0.00451309140772, "dmean2": 0.0448806807399, "max": 0.629049599171, "dmean": 0.0282517243177}, "barkbands": {"dvar": [1.92920213138e-09, 0.000159548988449, 7.1679892244e-06, 3.54179474016e-06, 1.55952329806e-05, 1.42420969951e-06, 3.62771288565e-07, 3.19195294196e-07, 4.49702497463e-07, 3.91102275898e-07, 2.82900060711e-07, 9.01998475911e-08, 2.13950499983e-07, 3.77810039254e-07, 3.98635080501e-07, 6.75637238601e-07, 5.3187437743e-07, 8.92788477813e-07, 1.68054157257e-07, 5.74741036985e-08, 6.4716132897e-08, 1.1665243882e-08, 5.46603784457e-09, 2.11905160086e-09, 6.54541809642e-10, 1.71775829672e-10, 2.44143750355e-11], "mean": [3.93997652282e-05, 0.00619872100651, 0.00182483473327, 0.0019055105513, 0.00339238182642, 0.00102792843245, 0.000565964379348, 0.000566354079638, 0.000758772192057, 0.000531690311618, 0.000582462409511, 0.000339034158969, 0.000395628099795, 0.000500357069541, 0.000710954191163, 0.00131092441734, 0.00122267217375, 0.00115449121222, 0.000524117494933, 0.000243182861595, 0.000180825139978, 9.09177033463e-05, 7.64146461734e-05, 4.36335067207e-05, 3.91231515096e-05, 2.14334759221e-05, 6.87233432473e-06], "min": [7.3343668916e-09, 9.67575619626e-09, 4.47857839703e-09, 3.22400106612e-09, 8.54551096552e-10, 5.12937858854e-10, 3.25700605375e-10, 3.15464737666e-10, 2.8409102848e-10, 1.74498818173e-10, 2.00675032147e-10, 1.39918715503e-10, 2.03928304798e-10, 1.64530902791e-10, 1.44031550575e-10, 1.43752149073e-10, 1.66132649304e-10, 1.28540428301e-10, 1.20230117528e-10, 1.20142965021e-10, 9.74494374084e-11, 8.1203418989e-11, 8.53286191704e-11, 8.6303332536e-11, 7.11898665018e-11, 5.86398568592e-11, 7.71992608728e-11], "median": [2.36558807956e-05, 0.00214953278191, 0.000869286071975, 0.00127525976859, 0.00216374336742, 0.000581363914534, 0.000340731145116, 0.000376557320124, 0.000461116665974, 0.000284309411654, 0.000313556287438, 0.000224195566261, 0.000195111599169, 0.000221982219955, 0.000435884896433, 0.000965509389061, 0.000918844132684, 0.000794738996774, 0.000354881602107, 0.000159982388141, 0.000102132980828, 4.67763384222e-05, 4.21599906986e-05, 2.42089299718e-05, 2.94112014672e-05, 1.5079746845e-05, 3.53042173629e-06], "dvar2": [5.43986589108e-09, 0.000421230739448, 2.03472663998e-05, 9.79047581495e-06, 4.3162413931e-05, 3.57407839147e-06, 9.71161171037e-07, 8.98852647424e-07, 1.15117325095e-06, 9.20981563013e-07, 7.40797190701e-07, 2.26338499942e-07, 4.78241304336e-07, 8.89747013844e-07, 9.85461042546e-07, 1.6621722807e-06, 1.26442910187e-06, 2.10084908758e-06, 4.08668995533e-07, 1.50579438696e-07, 1.61839338375e-07, 2.63542396794e-08, 1.18955183481e-08, 4.1670054074e-09, 1.28265942312e-09, 3.5079955607e-10, 4.87161214147e-11], "var": [2.30219754371e-09, 0.00013312548981, 7.36812125979e-06, 4.30948693975e-06, 1.61709831445e-05, 2.06487516152e-06, 6.32728074379e-07, 5.33814557002e-07, 1.01429270671e-06, 7.87765202404e-07, 7.89144166902e-07, 1.8315299144e-07, 4.29149821457e-07, 9.88207034425e-07, 9.25721337808e-07, 1.6165516854e-06, 1.15068326068e-06, 1.43506633776e-06, 3.07912443986e-07, 7.68173293864e-08, 6.8880169124e-08, 2.27030803046e-08, 1.49849359588e-08, 7.08513248071e-09, 2.23241425346e-09, 5.10830322487e-10, 7.66899252436e-11], "dmean2": [5.65157861274e-05, 0.0108118075877, 0.00241441419348, 0.00234307604842, 0.00417135702446, 0.00117599521764, 0.000545813352801, 0.000546504394151, 0.000603129330557, 0.000458496098872, 0.000433662557043, 0.000283102475805, 0.000388069602195, 0.000439533294411, 0.000612009491306, 0.00104382273275, 0.000936338852625, 0.000996071379632, 0.000428556348197, 0.000227933356655, 0.000190357663087, 7.43451819289e-05, 4.90447273478e-05, 2.5041961635e-05, 2.1030777134e-05, 1.31354800033e-05, 4.91798209623e-06], "max": [0.000769131234847, 0.0950819253922, 0.0525959357619, 0.0233219973743, 0.0370924808085, 0.0171567723155, 0.0118205919862, 0.0107138110325, 0.0160386003554, 0.0197359584272, 0.0110715385526, 0.00881625991315, 0.0142785515636, 0.0162920560688, 0.011864441447, 0.0164090041071, 0.0107830893248, 0.0127940680832, 0.00470121018589, 0.00274089933373, 0.00271687167697, 0.00175066466909, 0.00179119885433, 0.00126818602439, 0.000668960914481, 0.000245745468419, 7.61493429309e-05], "dmean": [3.26555273205e-05, 0.00628480734304, 0.00138716970105, 0.00136796850711, 0.00242709019221, 0.000700251024682, 0.000330201088218, 0.000333613861585, 0.000381823832868, 0.000286924390821, 0.000284164445475, 0.000172474072315, 0.000241097004618, 0.000274454039754, 0.000376278301701, 0.000650465663057, 0.000601461622864, 0.000630710215773, 0.000272293196758, 0.000137507202453, 0.000116587245429, 4.70239356218e-05, 3.19870487147e-05, 1.72517848114e-05, 1.50317073349e-05, 9.51017500483e-06, 3.59922091775e-06]}, "erbbands_spread": {"dvar": 33.0666427612, "mean": 32.9532737732, "min": 6.57799768448, "median": 31.9130458832, "dvar2": 93.8769607544, "var": 134.740081787, "dmean2": 10.1821489334, "max": 115.734199524, "dmean": 6.29263925552}, "barkbands_kurtosis": {"dvar": 12404.9277344, "mean": 8.34516906738, "min": -1.83074939251, "median": -0.666890144348, "dvar2": 39463.296875, "var": 10604.5166016, "dmean2": 19.3477249146, "max": 3162.34594727, "dmean": 10.5933408737}, "spectral_flux": {"dvar": 0.000848176947329, "mean": 0.0857389494777, "min": 0.000167051388416, "median": 0.0785223990679, "dvar2": 0.00205239583738, "var": 0.00229129707441, "dmean2": 0.0387534722686, "max": 0.292781889439, "dmean": 0.0239226501435}, "silence_rate_20dB": {"dvar": 0, "mean": 1, "min": 1, "median": 1, "dvar2": 0, "var": 0, "dmean2": 0, "max": 1, "dmean": 0}, "gfcc": {"cov": [[12489.8925781, -2168.61450195, -601.193603516, 620.509765625, -556.518554688, 531.184204102, -579.129760742, 237.25428772, -296.556121826, -28.3993206024, -271.550537109, 46.3525276184, -179.809249878], [-2168.61450195, 1425.20410156, -548.976074219, -252.80166626, 231.791351318, -421.136077881, 213.21522522, -148.414047241, 108.693725586, -65.0615081787, 81.4120483398, -51.9168357849, 101.255584717], [-601.193603516, -548.976074219, 889.119567871, 138.407501221, -11.4390821457, 313.733947754, -32.1531257629, 115.841636658, -29.2136707306, 70.1332244873, -4.6475148201, 47.7342414856, -59.3041877747], [620.509765625, -252.80166626, 138.407501221, 314.967437744, 1.31179237366, 132.426895142, -3.75937056541, 18.0848350525, 29.5228710175, 32.0884094238, 4.76173591614, 3.08408546448, -14.348487854], [-556.518554688, 231.791351318, -11.4390821457, 1.31179237366, 182.908584595, -47.1754150391, 77.7314987183, 13.8976726532, 36.4695701599, 17.7823123932, 21.2100009918, -6.69054317474, 24.6076812744], [531.184204102, -421.136077881, 313.733947754, 132.426895142, -47.1754150391, 296.5546875, -16.687379837, 73.7254562378, -12.19302845, 31.1113815308, -9.45625495911, 20.6919975281, -35.3815383911], [-579.129760742, 213.21522522, -32.1531257629, -3.75937056541, 77.7314987183, -16.687379837, 138.493286133, -6.22061872482, 41.2475814819, 12.8961420059, 24.9984416962, -3.3279311657, 22.188741684], [237.25428772, -148.414047241, 115.841636658, 18.0848350525, 13.8976726532, 73.7254562378, -6.22061872482, 110.640281677, 9.413022995, 15.6561203003, -10.9795532227, 7.98498916626, -7.74099636078], [-296.556121826, 108.693725586, -29.2136707306, 29.5228710175, 36.4695701599, -12.19302845, 41.2475814819, 9.413022995, 87.3253860474, 28.3715305328, 22.277885437, -7.19512271881, 13.3217668533], [-28.3993206024, -65.0615081787, 70.1332244873, 32.0884094238, 17.7823123932, 31.1113815308, 12.8961420059, 15.6561203003, 28.3715305328, 71.091583252, 22.9492416382, 9.29648399353, -2.84333777428], [-271.550537109, 81.4120483398, -4.6475148201, 4.76173591614, 21.2100009918, -9.45625495911, 24.9984416962, -10.9795532227, 22.277885437, 22.9492416382, 53.0007629395, 16.4492282867, 9.21020126343], [46.3525276184, -51.9168357849, 47.7342414856, 3.08408546448, -6.69054317474, 20.6919975281, -3.3279311657, 7.98498916626, -7.19512271881, 9.29648399353, 16.4492282867, 44.9311485291, 11.8142089844], [-179.809249878, 101.255584717, -59.3041877747, -14.348487854, 24.6076812744, -35.3815383911, 22.188741684, -7.74099636078, 13.3217668533, -2.84333777428, 9.21020126343, 11.8142089844, 45.8800506592]], "mean": [4.68575048447, 92.2803192139, -127.012336731, 33.1539611816, -30.3389663696, -0.868985950947, -36.558757782, 11.6917037964, -20.6419010162, -6.37633943558, -20.8157405853, 2.5641503334, -10.6020870209], "icov": [[0.000264152971795, 9.95196096483e-05, 0.000721114396583, -0.000531675468665, 0.000147254526382, -0.000410467735492, 0.00050860142801, -0.000610365066677, 0.000677323085256, -0.000516998232342, 0.000892484851647, -0.000808923738077, 0.000637393677607], [9.95196096483e-05, 0.00298652914353, 0.000376939133275, 0.00106440973468, -0.00172798533458, 0.00169283722062, -0.0017862112727, 0.00143213907722, -0.00185106007848, 0.00299827195704, -0.00291068269871, 0.00192344014067, -0.00123095035087], [0.000721114396583, 0.000376939133275, 0.00409826263785, -0.00143633899279, -0.000354013347533, -0.00275722285733, 0.00149698706809, -0.00219511426985, 0.00238428404555, -0.00245602778159, 0.00276084709913, -0.00386241916567, 0.003407494165], [-0.000531675468665, 0.00106440973468, -0.00143633899279, 0.00593622215092, -0.00173846317921, -0.000659314566292, -0.00104827829637, 0.0031843399629, -0.00422001304105, 0.00189693400171, -0.0028814887628, 0.00274493172765, -0.00175019912422], [0.000147254526382, -0.00172798533458, -0.000354013347533, -0.00173846317921, 0.00981924589723, 0.000966659281403, -0.00253692385741, -0.00384104810655, 0.00196649879217, -0.00317870802246, 0.000709364248905, 0.00102563714609, -0.00172728963662], [-0.000410467735492, 0.00169283722062, -0.00275722285733, -0.000659314566292, 0.000966659281403, 0.00945595744997, -0.00368885998614, -0.00109100178815, -0.00125233642757, 0.00