{"metadata": {"audio_properties": {"downmix": "mix", "bit_rate": 160025, "lossless": false, "md5_encoded": "f8f66491fa974b8cf33144687f38294b", "analysis_sample_rate": 44100, "sample_rate": 44100, "replay_gain": -13.9067783356, "equal_loudness": 0, "codec": "mp3", "length": 165.276733398}, "tags": {"musicbrainz_albumid": ["c5445001-7f94-4d71-b19f-fec226b0c2e9"], "musicbrainz_recordingid": ["4abfebbb-5de2-4fb5-ae00-29d5be965c86"], "tracknumber": ["7/14"], "artist": ["Wendo Kolosoy"], "acoustid_id": ["1d669495-d886-4c85-be09-38d33b3d6d47"], "barcode": ["698458203229"], "encoding": ["Lavf56.36.100"], "musicbrainz album type": ["album/compilation"], "originaldate": ["2002"], "albumartist": ["Various Artists"], "asin": ["B00005Y475"], "media": ["CD"], "musicbrainz_albumartistid": ["89ad4ac3-39f7-470e-963a-56509c546377"], "file_name": "Wendo Kolosoy - Pépé Kalle.mp3", "catalognumber": ["MANTCD032"], "musicbrainz_artistid": ["e98df13f-cc76-406c-ad54-96c6e1bc1f41"], "albumartistsort": ["Various Artists"], "script": ["Latn"], "label": ["Manteca"], "musicbrainz album status": ["official"], "album": ["African Chill: The Quiet, Eternally Beating, Heart of Africa..."], "date": ["2002"], "title": ["Pépé Kalle"], "discnumber": ["1/1"], "artistsort": ["Kolosoy, Wendo"], "originalyear": ["2002"], "musicbrainz_releasegroupid": ["5f125119-5929-38a8-b3ad-041615d33eef"]}, "version": {"essentia_build_sha": "70f2e5ece6736b2c40cc944ad0e695b16b925413", "essentia_git_sha": "v2.1_beta2", "extractor": "music 1.0", "essentia": "2.1-beta2"}}, "tonal": {"chords_scale": "minor", "hpcp": {"dmean": [0.14875651896, 0.117948949337, 0.0864736661315, 0.0674055367708, 0.0471079349518, 0.032298501581, 0.0280031170696, 0.0321113802493, 0.0455549024045, 0.0538417287171, 0.0514616928995, 0.0470538511872, 0.0596173070371, 0.0897183343768, 0.137594431639, 0.150073334575, 0.129624828696, 0.0840767771006, 0.0601885840297, 0.0746679082513, 0.104897975922, 0.122684948146, 0.148602128029, 0.211789414287, 0.199572384357, 0.150261133909, 0.109473370016, 0.0965842232108, 0.146902725101, 0.203025221825, 0.173045232892, 0.0966774374247, 0.0641270503402, 0.0631091818213, 0.0907574146986, 0.142068460584], "dvar2": [0.123870298266, 0.0900458246469, 0.0765691772103, 0.06966932863, 0.046126820147, 0.0279969293624, 0.0217208527029, 0.027905261144, 0.0457424707711, 0.0569138154387, 0.059241771698, 0.0474735982716, 0.06251206249, 0.0936436504126, 0.120930761099, 0.134272843599, 0.102042064071, 0.0826518461108, 0.0649713054299, 0.0915215983987, 0.113962754607, 0.127307534218, 0.138554692268, 0.199568480253, 0.169045493007, 0.131122678518, 0.136755824089, 0.114317044616, 0.135763332248, 0.178191244602, 0.140753284097, 0.0742315798998, 0.0619521327317, 0.0649297088385, 0.084572866559, 0.120124213398], "mean": [0.213556796312, 0.143657162786, 0.0910060927272, 0.0693318992853, 0.041491754353, 0.026820262894, 0.023327389732, 0.0232221409678, 0.0380904190242, 0.0518089644611, 0.0409747511148, 0.0321986600757, 0.0418800637126, 0.0694061666727, 0.165690973401, 0.241721302271, 0.165824711323, 0.0672860592604, 0.0428992137313, 0.0570694133639, 0.103365726769, 0.13016012311, 0.141209110618, 0.221007958055, 0.246856421232, 0.144633576274, 0.0735102519393, 0.0676758140326, 0.130448430777, 0.254512578249, 0.231877580285, 0.0993569269776, 0.0486069582403, 0.0449043884873, 0.072401098907, 0.16824400425], "var": [0.102887451649, 0.0584925711155, 0.0424999371171, 0.0366623699665, 0.0164705831558, 0.00939229037613, 0.00690114824101, 0.00670818332583, 0.0143799167126, 0.0260408464819, 0.0167380459607, 0.0117384055629, 0.0170090887696, 0.0288385525346, 0.0694626942277, 0.127973794937, 0.0728199928999, 0.0302088912576, 0.0190760530531, 0.0272938478738, 0.052301030606, 0.0688855722547, 0.0573436170816, 0.0963597893715, 0.116747379303, 0.0589967146516, 0.035324241966, 0.0304013136774, 0.0499784462154, 0.112037815154, 0.103945717216, 0.0339477397501, 0.0175598971546, 0.0165133234113, 0.0248013436794, 0.0727889314294], "dmean2": [0.250375598669, 0.200096413493, 0.14916485548, 0.119961969554, 0.0837565138936, 0.0573724210262, 0.0498311109841, 0.0584771893919, 0.0826816484332, 0.0967853292823, 0.0939011797309, 0.0872519537807, 0.109458521008, 0.161821678281, 0.235931888223, 0.252609342337, 0.219425886869, 0.150852099061, 0.110437214375, 0.13621558249, 0.184672951698, 0.213928371668, 0.263989150524, 0.37789902091, 0.344197481871, 0.263741403818, 0.204831704497, 0.180081874132, 0.262969762087, 0.350690603256, 0.295849382877, 0.168641805649, 0.116254508495, 0.115753106773, 0.16465292871, 0.241609364748], "dvar": [0.0540253221989, 0.0355400182307, 0.0298698600382, 0.0284417904913, 0.0173438098282, 0.0107501624152, 0.00822094734758, 0.010013253428, 0.016642505303, 0.0223399568349, 0.021402483806, 0.0173023715615, 0.0233201012015, 0.0344141200185, 0.0469740182161, 0.0618613213301, 0.0413677208126, 0.0315457880497, 0.0239081662148, 0.0327348262072, 0.0431445874274, 0.0514358207583, 0.0500425547361, 0.0747912153602, 0.0725956484675, 0.0509173497558, 0.0491650663316, 0.0412211306393, 0.0507191047072, 0.073470890522, 0.0603849440813, 0.0279175192118, 0.0230470057577, 0.0236124191433, 0.0305466298014, 0.0482504405081], "min": [0, 0, 0, 0, 0, 0, 0, 0, 0, 0, 0, 0, 0, 0, 0, 0, 0, 0, 0, 0, 0, 0, 0, 0, 0, 0, 0, 0, 0, 0, 0, 0, 0, 0, 0, 0], "median": [0.0452917665243, 0.0294341742992, 0.00734178908169, 0.00307675311342, 0.00232674530707, 0.00269872345962, 0.00316405948251, 0.00307088345289, 0.00385948363692, 0.00390181154944, 0.00334506854415, 0.00276105874218, 0.00358360633254, 0.00864294357598, 0.0269657410681, 0.0381574556231, 0.0213641170412, 0.00462094973773, 0.00200515449978, 0.00239538541064, 0.00619189627469, 0.0105625148863, 0.023111782968, 0.0505920760334, 0.0502432622015, 0.0207104310393, 0.00464486097917, 0.00458619743586, 0.0185432843864, 0.0569188594818, 0.0488111004233, 0.0153016783297, 0.00430788472295, 0.00442042341456, 0.0103926006705, 0.0304104760289], "max": [1, 1, 1, 1, 1, 1, 1, 1, 1, 1, 1, 1, 1, 1, 1, 1, 1, 1, 1, 1, 1, 1, 1, 1, 1, 1, 1, 1, 1, 1, 1, 1, 1, 1, 1, 1]}, "tuning_equal_tempered_deviation": 0.04526495561, "chords_key": "D", "chords_strength": {"dmean": 0.0132009452209, "dvar2": 0.00234782928601, "mean": 0.501395702362, "var": 0.0336733646691, "dmean2": 0.0139563046396, "dvar": 0.00122103583999, "min": -1, "median": 0.518352389336, "max": 0.83655244112}, "tuning_diatonic_strength": 0.598167777061, "thpcp": [1, 0.911065280437, 0.390381217003, 0.190980568528, 0.176432877779, 0.284469634295, 0.661043941975, 0.839081525803, 0.564440310001, 0.357570111752, 0.272410511971, 0.163024380803, 0.1053789258, 0.0916551575065, 0.091241620481, 0.149660259485, 0.203561514616, 0.160993024707, 0.126511082053, 0.164550080895, 0.272702306509, 0.651012897491, 0.949742078781, 0.65153837204, 0.264372229576, 0.168554395437, 0.224230229855, 0.406132102013, 0.511409401894, 0.55482172966, 0.868357717991, 0.969918370247, 0.568276703358, 0.288827568293, 0.265903621912, 0.512542188168], "chords_histogram": [46.0955047607, 1.48876404762, 5.39325857162, 4.69101142883, 3.62359547615, 3.20224714279, 0, 4.46629190445, 3.25842690468, 6.4887638092, 7.13483142853, 0.81460672617, 0.0842696651816, 0, 0, 0.0842696651816, 0, 0, 0, 0, 0, 0, 11.0674161911, 2.10674166679], "tuning_nontempered_energy_ratio": 0.758407175541, "tuning_frequency": 442.03793335, "key_strength": 0.653469085693, "chords_changes_rate": 0.0797752812505, "key_scale": "minor", "hpcp_entropy": {"dmean": 0.663301348686, "dvar2": 0.852764308453, "mean": 1.7420283556, "var": 0.660163164139, "dmean2": 1.13121247292, "dvar": 0.323488116264, "min": 0, "median": 1.78832745552, "max": 4.18484067917}, "key_key": "D", "chords_number_rate": 0.00337078655139}, "lowlevel": {"melbands_skewness": {"dmean": 1.16854071617, "dvar2": 4.52426290512, "mean": 3.16080164909, "var": 5.44096803665, "dmean2": 1.78000688553, "dvar": 1.97986328602, "min": -2.9000082016, "median": 2.66597914696, "max": 17.0748119354}, "melbands_kurtosis": {"dmean": 18.6859455109, "dvar2": 3161.54614258, "mean": 30.5755767822, "var": 2068.63183594, "dmean2": 29.8817634583, "dvar": 1245.92016602, "min": -1.41651928425, "median": 15.2438564301, "max": 601.692077637}, "barkbands_kurtosis": {"dmean": 10.2743301392, "dvar2": 857.904968262, "mean": 16.7986965179, "var": 663.797607422, "dmean2": 16.5114212036, "dvar": 352.066131592, "min": -1.77329623699, "median": 8.73983287811, "max": 445.624298096}, "hfc": {"dmean": 4.09259128571, "dvar2": 68.1446151733, "mean": 11.316110611, "var": 166.93951416, "dmean2": 5.79690265656, "dvar": 36.5664520264, "min": 1.16732257439e-16, "median": 6.94044589996, "max": 90.9980697632}, "silence_rate_20dB": {"dmean": 0, "dvar2": 0, "mean": 1, "var": 0, "dmean2": 0, "dvar": 0, "min": 1, "median": 1, "max": 1}, "erbbands_flatness_db": {"dmean": 0.0314275957644, "dvar2": 0.00183592073154, "mean": 0.208470463753, "var": 0.00340853002854, "dmean2": 0.0457219257951, "dvar": 0.000936268130317, "min": 0.0510884523392, "median": 0.204610928893, "max": 0.457845836878}, "spectral_flux": {"dmean": 0.029146797955, "dvar2": 0.0019951032009, "mean": 0.0730727761984, "var": 0.00186067726463, "dmean2": 0.0463921949267, "dvar": 0.000839712738525, "min": 1.03567016074e-10, "median": 0.0674772486091, "max": 0.283661723137}, "spectral_energyband_low": {"dmean": 0.0035956192296, "dvar2": 6.53196111671e-05, "mean": 0.0075689451769, "var": 7.02055040165e-05, "dmean2": 0.00550601491705, "dvar": 2.87991151708e-05, "min": 3.7168330131e-23, "median": 0.00427844328806, "max": 0.0572924055159}, "spectral_rolloff": {"dmean": 226.023376465, "dvar2": 1204886.25, "mean": 1015.96832275, "var": 6562816.5, "dmean2": 393.632324219, "dvar": 475532.84375, "min": 86.1328125, "median": 409.130859375, "max": 19186.0839844}, "spectral_entropy": {"dmean": 0.396598696709, "dvar2": 0.368891119957, "mean": 6.6262960434, "var": 0.688713729382, "dmean2": 0.583608806133, "dvar": 0.181473404169, "min": 3.71559739113, "median": 6.74035358429, "max": 9.8079624176}, "spectral_energy": {"dmean": 0.00944983400404, "dvar2": 0.000265293172561, "mean": 0.0249266698956, "var": 0.000304293382214, "dmean2": 0.0145412655547, "dvar": 0.000112878617074, "min": 1.07261261278e-20, "median": 0.0231304317713, "max": 0.126366704702}, "spectral_centroid": {"dmean": 189.6980896, "dvar2": 163678.828125, "mean": 773.378356934, "var": 520802.3125, "dmean2": 290.124969482, "dvar": 77614.1171875, "min": 130.352661133, "median": 527.721130371, "max": 10514.0634766}, "barkbands_flatness_db": {"dmean": 0.037761837244, "dvar2": 0.00290130008943, "mean": 0.233757808805, "var": 0.0066582178697, "dmean2": 0.0549871064723, "dvar": 0.00142936222255, "min": 0.0478282533586, "median": 0.22523625195, "max": 0.510635256767}, "spectral_rms": {"dmean": 0.000941947859246, "dvar2": 1.99953865376e-06, "mean": 0.00454894406721, "var": 3.6258018099e-06, "dmean2": 0.00141609786078, "dvar": 9.07749097223e-07, "min": 3.23489000344e-12, "median": 0.004750397522, "max": 0.0111033599824}, "melbands": {"dmean": [0.000476383866044, 0.000698704854585, 0.00125012954231, 0.000767123827245, 0.000179346156074, 0.00022109427664, 0.000204996467801, 0.000152369422722, 0.000221572205191, 0.000222433329327, 4.96021020808e-05, 3.25698019878e-05, 1.67745511135e-05, 1.55717498274e-05, 1.45880749187e-05, 2.00101912924e-05, 1.37245442602e-05, 1.3069614397e-05, 8.6009831648e-06, 4.61299168819e-06, 2.49468985203e-06, 2.35748052546e-06, 3.32885883836e-06, 1.97056920115e-06, 7.40994209991e-06, 7.7648082879e-06, 4.56548696093e-06, 1.01525324681e-06, 7.01384749391e-07, 5.9528838392e-07, 6.36387596842e-07, 9.52655568653e-07, 1.10050666535e-06, 7.28568238628e-07, 3.54181821649e-07, 1.8138177893e-07, 1.30306062829e-07, 1.11945517745e-07, 8.90730262881e-08, 7.31166664991e-08], "dvar2": [1.72177487912e-06, 3.10684345095e-06, 6.99536440152e-06, 2.83790313915e-06, 4.30691272868e-07, 1.13974408578e-06, 5.96700942879e-07, 4.11384974086e-07, 1.2361597328e-06, 1.94305675905e-06, 1.34608953317e-07, 3.25576934301e-08, 1.5417766619e-08, 8.23376744563e-09, 4.49735404473e-09, 1.66591718198e-08, 8.40307379235e-09, 5.8770543987e-09, 2.75732103816e-09, 1.19356591277e-09, 1.13823200865e-10, 8.60331736408e-11, 3.40406758337e-10, 7.03077873698e-11, 1.14254861128e-09, 1.05880637591e-09, 5.1015930369e-10, 1.18662900686e-11, 6.46646191454e-12, 5.48470470429e-12, 4.9507745993e-12, 1.38812910819e-11, 2.17869732672e-11, 1.04480426047e-11, 2.09339208294e-12, 6.78510199414e-13, 2.71687999789e-13, 1.4863635225e-13, 3.04413503953e-13, 1.12074324159e-13], "mean": [0.00091331609292, 0.00143495062366, 0.00180030090269, 0.00110286532436, 0.000346296204953, 0.000402720499551, 0.000499123008922, 0.000293328659609, 0.000368197332136, 0.000347120832885, 7.91992206359e-05, 5.53724858037e-05, 2.51801993727e-05, 2.3830389182e-05, 2.22416547331e-05, 2.84403649857e-05, 1.90862374438e-05, 1.86678244063e-05, 1.35442296596e-05, 6.65736661176e-06, 4.19236585003e-06, 4.1414223233e-06, 5.65571053812e-06, 3.479723091e-06, 1.28797601064e-05, 1.47253376781e-05, 9.3800454124e-06, 1.44582168105e-06, 8.54765403346e-07, 7.73241083607e-07, 8.22844413051e-07, 9.46010402458e-07, 9.3200799256e-07, 6.09015614828e-07, 3.35941479079e-07, 2.15243559865e-07, 1.72145234956e-07, 1.36095550829e-07, 9.72020899326e-08, 7.37763770076e-08], "var": [1.93212986233e-06, 3.14315184369e-06, 3.60336230187e-06, 1.52858558522e-06, 4.77758248962e-07, 7.21164951756e-07, 1.1492371641e-06, 5.73657302994e-07, 1.45010574215e-06, 2.24256541514e-06, 1.06509375541e-07, 4.67635388191e-08, 9.58835322251e-09, 7.63232055334e-09, 4.64207916551e-09, 1.29761179579e-08, 5.62077184796e-09, 4.44490400042e-09, 2.24271934357e-09, 5.26400978362e-10, 9.3436529347e-11, 1.21234772221e-10, 4.41479325319e-10, 8.43393341277e-11, 1.33441713235e-09, 1.64668301217e-09, 1.39150957423e-09, 1.11334656772e-11, 3.15505087334e-12, 4.2359392903e-12, 3.41098763817e-12, 4.41898601045e-12, 5.93867966955e-12, 2.6835172539e-12, 6.54305331704e-13, 2.63946958907e-13, 1.59390228338e-13, 8.2907835599e-14, 9.29097700468e-14, 3.78253641787e-14], "dmean2": [0.000749535160139, 0.00106332090218, 0.0020781098865, 0.00129315070808, 0.000277842045762, 0.000351351627614, 0.000317002442898, 0.000221463778871, 0.000326918088831, 0.00031999652856, 7.10767344572e-05, 4.53304492112e-05, 2.52737299888e-05, 2.31862104556e-05, 2.163501631e-05, 2.9759692552e-05, 2.0791314455e-05, 1.98162597371e-05, 1.29972067953e-05, 7.14959423931e-06, 3.78369827558e-06, 3.51975154445e-06, 4.95283074997e-06, 2.92477875519e-06, 1.08595058919e-05, 1.13390678962e-05, 6.32797127764e-06, 1.60063564181e-06, 1.10973473966e-06, 9.24560879412e-07, 1.01612818071e-06, 1.60534489169e-06, 1.9221824914e-06, 1.28215822315e-06, 6.12565486335e-07, 3.05253905708e-07, 2.1075800305e-07, 1.82274007443e-07, 1.48202417449e-07, 1.23312219102e-07], "dvar": [7.62747049521e-07, 1.37238805564e-06, 2.70591294793e-06, 1.03203194612e-06, 1.89512633142e-07, 4.48503953976e-07, 2.66033282514e-07, 2.04755451705e-07, 5.76137779262e-07, 1.01051739421e-06, 5.74211966864e-08, 1.82663129067e-08, 6.77479317091e-09, 3.83013354366e-09, 2.25083995886e-09, 7.64952634569e-09, 3.46864914569e-09, 2.68338262721e-09, 1.19559373513e-09, 4.66979732661e-10, 5.03947786279e-11, 4.00561979419e-11, 1.54512930228e-10, 3.08164327389e-11, 5.11461262231e-10, 4.97508312325e-10, 2.79443135298e-10, 4.98006323679e-12, 2.60921167484e-12, 2.45634090325e-12, 2.10745071567e-12, 5.21177719037e-12, 8.12902176128e-12, 3.80430192556e-12, 7.76831886578e-13, 2.50594765208e-13, 1.05859704412e-13, 6.02048521713e-14, 1.13025738671e-13, 4.29788007213e-14], "min": [6.91451414011e-24, 3.67151721394e-24, 3.0860106478e-24, 2.60878036851e-24, 1.2643175491e-23, 3.48288794973e-24, 5.07227937954e-24, 4.17763814339e-24, 8.40413833124e-24, 9.35348667674e-24, 1.15254155975e-23, 1.77984753811e-23, 3.61688622967e-24, 5.78626357979e-24, 1.31316239641e-23, 1.70745298398e-23, 9.02861797875e-24, 7.52707962137e-24, 9.00396449774e-24, 8.97755895666e-24, 7.56883718453e-24, 1.2855410629e-23, 1.98111530066e-23, 9.94249124935e-24, 8.70305587203e-24, 1.03292500297e-23, 9.08958903812e-24, 1.05604178293e-23, 1.14752700763e-23, 1.50827444065e-23, 1.52408053106e-23, 1.01407958926e-23, 1.05015467177e-23, 1.00788442791e-23, 7.15914463999e-24, 1.67655645776e-23, 1.61592097983e-23, 1.03499355403e-23, 1.12154405934e-23, 1.28225971708e-23], "median": [0.000196948269149, 0.000737324473448, 0.0012394253863, 0.000650465663057, 0.000123188714497, 0.000115272399853, 7.72745115682e-05, 3.72383692593e-05, 2.09583377e-05, 1.25060614664e-05, 7.50982735553e-06, 5.47632680536e-06, 3.46349747815e-06, 3.87936734114e-06, 3.28411101691e-06, 2.16542684939e-06, 1.47078424106e-06, 2.14518149733e-06, 1.6049361875e-06, 9.17502575248e-07, 8.80391326064e-07, 6.50314234463e-07, 3.48999151356e-07, 4.44369078423e-07, 1.01130558505e-06, 1.30878697746e-06, 7.14652742317e-07, 3.69257492139e-07, 2.55123552506e-07, 1.75981540451e-07, 1.84928808267e-07, 1.70996500515e-07, 1.19137425258e-07, 7.96946864057e-08, 5.6019590744e-08, 3.91626713281e-08, 2.97021678364e-08, 2.66625050926e-08, 2.05786498952e-08, 1.7792938678e-08], "max": [0.0121150640771, 0.015859875828, 0.0200983509421, 0.012551875785, 0.00802367646247, 0.0138182081282, 0.00916330888867, 0.0144969616085, 0.0149894179776, 0.0242663677782, 0.00968265533447, 0.00442125601694, 0.00314837484621, 0.00174898828845, 0.00134502060246, 0.0028638492804, 0.00182703568134, 0.00137723388616, 0.000864520843606, 0.000873024808243, 0.00018740768428, 0.00016668922035, 0.000410417240346, 0.000140725547681, 0.0005301553756, 0.000635757343844, 0.000664680323098, 5.23000926478e-05, 3.89555643778e-05, 4.488363993e-05, 2.81033626379e-05, 3.6650304537e-05, 4.57183923572e-05, 3.84622981073e-05, 1.44094301504e-05, 1.2358076674e-05, 9.77830586635e-06, 4.70310851597e-06, 1.71096762642e-05, 6.44471310807e-06]}, "barkbands_crest": {"dmean": 2.83496451378, "dvar2": 15.5216150284, "mean": 12.5830564499, "var": 18.9285869598, "dmean2": 4.61161756516, "dvar": 6.27025651932, "min": 3.31207180023, "median": 12.0160751343, "max": 26.7330589294}, "mfcc": {"icov": [[0.000141929442179, -4.97071087011e-05, 0.000205628122785, -0.000273807410849, 0.000335585791618, -0.000124584883451, 0.000153426663019, -0.000195742482902, 0.000155712245032, -0.000136675240356, -0.000235574945691, 0.000267369992798, -1.79738126462e-05], [-4.97071087011e-05, 0.000619125901721, -0.000151364933117, -2.66336446657e-05, -0.000491062586661, 0.000298752449453, -0.000803655537311, 0.000252267636824, -0.000204537340323, 0.000114819427836, 0.000209763864405, -0.000119382057164, -0.000102231831988], [0.000205628122785, -0.000151364933117, 0.00199087988585, -0.000960258767009, 0.000419156887801, -0.00132997240871, 8.10492711025e-05, -0.000201101851417, 0.00013305201719, 0.000283592438791, -0.000521742738783, 0.00065712275682, -0.000799625355285], [-0.000273807410849, -2.66336446657e-05, -0.000960258767009, 0.00467084348202, -0.00225949729793, -8.6774569354e-05, 0.000455018656794, 0.000273377023404, -0.000760817725677, -2.79072810372e-05, 0.00053355837008, -0.000151936750626, -0.00082915998064], [0.000335585791618, -0.000491062586661, 0.000419156887801, -0.00225949729793, 0.00516488123685, -0.000974873779342, 0.00116677593905, -0.000800049281679, 0.000228094941122, -0.000674227194395, 0.000554973434191, -0.000689709791914, 0.000575133832172], [-0.000124584883451, 0.000298752449453, -0.00132997240871, -8.6774569354e-05, -0.000974873779342, 0.00563889462501, -0.00249921740033, 0.00163281802088, -0.00127161224373, 0.00058382737916, 0.000194041247596, 0.000259526161244, 0.000256881205132], [0.000153426663019, -0.000803655537311, 8.10492711025e-05, 0.000455018656794, 0.00116677593905, -0.00249921740033, 0.00774118723348, -0.00355464662425, 0.000406304636272, -0.000626247143373, -2.12450377148e-05, -0.000276808976196, 0.00147352996282], [-0.000195742482902, 0.000252267636824, -0.000201101851417, 0.000273377023404, -0.000800049281679, 0.00163281802088, -0.00355464662425, 0.00799919571728, -0.00244034850039, 0.00313416076824, -0.00294505059719, -0.000768914993387, 0.000597436563112], [0.000155712245032, -0.000204537340323, 0.00013305201719, -0.000760817725677, 0.000228094941122, -0.00127161224373, 0.000406304636272, -0.00244034850039, 0.00987261720002, -0.00338471354917, 0.00232994207181, -0.00271530682221, 0.000366175925592], [-0.000136675240356, 0.000114819427836, 0.000283592438791, -2.79072810372e-05, -0.000674227194395, 0.00058382737916, -0.000626247143373, 0.00313416076824, -0.00338471354917, 0.00838154554367, -0.00534891011193, 0.00285046268255, -0.00101189943962], [-0.000235574945691, 0.000209763864405, -0.000521742738783, 0.00053355837008, 0.000554973434191, 0.000194041247596, -2.12450377148e-05, -0.00294505059719, 0.00232994207181, -0.00534891011193, 0.0115954820067, -0.00490315817297, 0.00126383942552], [0.000267369992798, -0.000119382057164, 0.00065712275682, -0.000151936750626, -0.000689709791914, 0.000259526161244, -0.000276808976196, -0.000768914993387, -0.00271530682221, 0.00285046268255, -0.00490315817297, 0.0123307779431, -0.00502801500261], [-1.79738126462e-05, -0.000102231831988, -0.000799625355285, -0.00082915998064, 0.000575133832172, 0.000256881205132, 0.00147352996282, 0.000597436563112, 0.000366175925592, -0.00101189943962, 0.00126383942552, -0.00502801500261, 0.0099324574694]], "mean": [-742.153015137, 153.954650879, 21.1369113922, 37.4774284363, 2.44897460938, 4.03832244873, 0.372670322657, -3.43973374367, -8.2653837204, 3.04798913002, 0.858320176601, -9.52862262726, -0.871641635895], "cov": [[12268.2041016, -331.911376953, -1240.23999023, -10.3037462234, -742.386413574, -304.776306152, -128.080917358, 125.470153809, -197.179931641, 399.802581787, 396.41204834, -278.006317139, -162.771530151], [-331.911376953, 2161.83764648, 269.558929443, 178.085159302, 259.142883301, 93.3758773804, 221.392272949, 55.9426231384, 80.5423736572, -56.6764678955, -63.5933380127, 55.5707092285, 32.0675964355], [-1240.23999023, 269.558929443, 895.639831543, 210.870483398, 145.713699341, 242.025604248, 57.3564682007, -17.6695747375, 45.218788147, -60.1294021606, -50.3338737488, 23.5085315704, 78.6072158813], [-10.3037462234, 178.085159302, 210.870483398, 372.566009521, 179.588241577, 77.2875442505, -33.0748176575, -29.4077014923, 42.542098999, 5.90771436691, -32.2507858276, 19.6719036102, 57.265838623], [-742.386413574, 259.142883301, 145.713699341, 179.588241577, 351.192443848, 75.271484375, -11.9483957291, -10.8646917343, 43.2381858826, -14.1664762497, -45.0789718628, 37.1463394165, 29.6934337616], [-304.776306152, 93.3758773804, 242.025604248, 77.2875442505, 75.271484375, 288.09866333, 78.4257965088, -16.7662506104, 36.8492202759, -19.5852928162, -31.7265071869, -4.6272149086, 2.25091338158], [-128.080917358, 221.392272949, 57.3564682007, -33.0748176575, -11.9483957291, 78.4257965088, 237.613937378, 108.622787476, 23.1881408691, -24.3512687683, 18.9710178375, 14.0980405807, -37.8308372498], [125.470153809, 55.9426231384, -17.6695747375, -29.4077014923, -10.8646917343, -16.7662506104, 108.622787476, 232.287368774, 32.7388801575, -45.9086647034, 56.346321106, 46.4784164429, -21.6240959167], [-197.179931641, 80.5423736572, 45.218788147, 42.542098999, 43.2381858826, 36.8492202759, 23.1881408691, 32.7388801575, 139.764984131, 30.5453872681, 0.529988110065, 37.7422294617, 15.7956609726], [399.802581787, -56.6764678955, -60.1294021606, 5.90771436691, -14.1664762497, -19.5852928162, -24.3512687683, -45.9086647034, 30.5453872681, 214.460510254, 79.7121353149, -19.0843276978, 4.41237211227], [396.41204834, -63.5933380127, -50.3338737488, -32.2507858276, -45.0789718628, -31.7265071869, 18.9710178375, 56.346321106, 0.529988110065, 79.7121353149, 166.510620117, 42.6785392761, -0.935782074928], [-278.006317139, 55.5707092285, 23.5085315704, 19.6719036102, 37.1463394165, -4.6272149086, 14.0980405807, 46.4784164429, 37.7422294617, -19.0843276978, 42.6785392761, 147.19380188, 62.4315032959], [-162.771530151, 32.0675964355, 78.6072158813, 57.265838623, 29.6934337616, 2.25091338158, -37.8308372498, -21.6240959167, 15.7956609726, 4.41237211227, -0.935782074928, 62.4315032959, 148.550308228]]}, "spectral_decrease": {"dmean": 2.428591106e-09, "dvar2": 1.75429688538e-17, "mean": -6.33249852555e-09, "var": 1.9420832626e-17, "dmean2": 3.74680464432e-09, "dvar": 7.40734034687e-18, "min": -3.13878416591e-08, "median": -5.9179190437e-09, "max": 6.95799929452e-18}, "zerocrossingrate": {"dmean": 0.00626821955666, "dvar2": 9.34112758841e-05, "mean": 0.0394865125418, "var": 0.00635255221277, "dmean2": 0.00765525083989, "dvar": 7.91482598288e-05, "min": 0.00244140625, "median": 0.0234375, "max": 0.57861328125}, "spectral_contrast_coeffs": {"dmean": [0.0573372468352, 0.0506766438484, 0.0418833754957, 0.0359367951751, 0.0316139981151, 0.024361865595], "dvar2": [0.00575678283349, 0.00446872645989, 0.00292275752872, 0.0020026138518, 0.00153110420797, 0.00100017001387], "mean": [-0.584005773067, -0.660748243332, -0.747535228729, -0.769404172897, -0.772399783134, -0.781555950642], "var": [0.00960881076753, 0.0123816691339, 0.00966135319322, 0.00553015945479, 0.00583749497309, 0.00229860190302], "dmean2": [0.0947460383177, 0.079543069005, 0.0634397566319, 0.053921289742, 0.0459692552686, 0.0355688259006], "dvar": [0.00218695728108, 0.00200802553445, 0.001432843972, 0.000952326983679, 0.000788754899986, 0.000480329064885], "min": [-0.945754766464, -0.970848143101, -0.962297797203, -0.958784103394, -0.957723140717, -0.963355064392], "median": [-0.57619792223, -0.669902563095, -0.761329293251, -0.775460600853, -0.783013105392, -0.778293550014], "max": [-0.299475252628, -0.333806693554, -0.368420571089, -0.532631754875, -0.512171387672, -0.606139481068]}, "spectral_skewness": {"dmean": 0.579162597656, "dvar2": 0.803389310837, "mean": 2.29881501198, "var": 1.44009685516, "dmean2": 0.845405876637, "dvar": 0.425464779139, "min": 0.036510232836, "median": 1.9337297678, "max": 8.34279346466}, "spectral_energyband_middle_high": {"dmean": 0.00091706548119, "dvar2": 7.63292337069e-06, "mean": 0.00216307584196, "var": 1.60966410476e-05, "dmean2": 0.00121452787425, "dvar": 4.07547577197e-06, "min": 1.61520545143e-21, "median": 0.000554052006919, "max": 0.0492971353233}, "gfcc": {"icov": [[0.000227922515478, -0.000626839289907, 0.000492370105349, -0.000613375625107, 0.000756833993364, -0.000579213316087, 0.000420587719418, -0.000392186513636, 0.000480449903989, -0.000594030600041, 0.000681408506352, -0.000395508657675, 0.000502589100506], [-0.000626839289907, 0.00240015960298, -0.00151779397856, 0.00182075321209, -0.0024262026418, 0.00215206691064, -0.00143597798888, 0.00130636850372, -0.00121142726857, 0.00206398544833, -0.0024279775098, 0.0017439807998, -0.00158358656336], [0.000492370105349, -0.00151779397856, 0.00229378580116, -0.00181333778892, 0.00112818391062, -0.00147285836283, 0.000406570470659, 0.00018334914057, 0.000727341335732, -0.00160219613463, 0.00194551202003, -0.00185378734022, 0.001127682277], [-0.000613375625107, 0.00182075321209, -0.00181333778892, 0.00460453191772, -0.0024595935829, 0.000978315249085, 0.000202179697226, 0.000493066792842, -0.00142586813308, 0.00108261604328, -0.00137190020178, 0.00141320016701, -0.00108603434637], [0.000756833993364, -0.0024262026418, 0.00112818391062, -0.0024595935829, 0.00617626821622, -0.00305144814774, 0.00121098803356, -0.000942323647905, 0.000108362190076, -0.000526362739038, 0.00147615803871, -0.0010247786995, -0.000207079254324], [-0.000579213316087, 0.00215206691064, -0.00147285836283, 0.000978315249085, -0.00305144814774, 0.00880579091609, -0.00455874158069, 0.000639020523522, 0.000745784665924, 0.000318719656207, -0.000602227286436, 0.000427077175118, 0.000252359110164], [0.000420587719418, -0.00143597798888, 0.000406570470659, 0.000202179697226, 0.00121098803356, -0.00455874158069, 0.007558693178, -0.00305032613687, 0.000711303669959, -0.000274532096228, 0.000688458385412, -0.000417503732024, 0.000536347273737], [-0.000392186513636, 0.00130636850372, 0.00018334914057, 0.000493066792842, -0.000942323647905, 0.000639020523522, -0.00305032613687, 0.00847070384771, -0.00433431612328, 0.00244715390727, -0.00296512478963, 0.000147572616697, 0.000548387411982], [0.000480449903989, -0.00121142726857, 0.000727341335732, -0.00142586813308, 0.000108362190076, 0.000745784665924, 0.000711303669959, -0.00433431612328, 0.0110211120918, -0.00656004296616, 0.000730938045308, 0.000583947869018, 0.000560300832149], [-0.000594030600041, 0.00206398544833, -0.00160219613463, 0.00108261604328, -0.000526362739038, 0.000318719656207, -0.000274532096228, 0.00244715390727, -0.00656004296616, 0.0117340851575, -0.00395884085447, 0.00113870727364, -0.00191799120512], [0.000681408506352, -0.0024279775098, 0.00194551202003, -0.00137190020178, 0.00147615803871, -0.000602227286436, 0.000688458385412, -0.00296512478963, 0.000730938045308, -0.00395884085447, 0.0125409113243, -0.00412216130644, 0.00174979190342], [-0.000395508657675, 0.0017439807998, -0.00185378734022, 0.00141320016701, -0.0010247786995, 0.000427077175118, -0.000417503732024, 0.000147572616697, 0.000583947869018, 0.00113870727364, -0.00412216130644, 0.00926510430872, -0.00350903882645], [0.000502589100506, -0.00158358656336, 0.001127682277, -0.00108603434637, -0.000207079254324, 0.000252359110164, 0.000536347273737, 0.000548387411982, 0.000560300832149, -0.00191799120512, 0.00174979190342, -0.00350903882645, 0.0120488097891]], "mean": [-98.6895446777, 124.598495483, -87.3634338379, 32.8391532898, -53.3422813416, -2.80508828163, -32.8653793335, -0.610385119915, -25.8033428192, -0.962576746941, -14.7592525482, -9.2967710495, -16.6467895508], "cov": [[26871.1035156, 2366.73071289, -2678.51708984, 537.405090332, -1583.51782227, -109.051971436, -534.53338623, 270.328216553, -428.166625977, 0.699486136436, -290.417602539, -440.692565918, -590.264099121], [2366.73071289, 2201.26220703, 331.46270752, -110.204551697, 327.620117188, -147.336898804, 62.6038856506, -113.497825623, -21.452829361, -129.381713867, 73.4653244019, -93.4900054932, 103.236099243], [-2678.51708984, 331.46270752, 1398.35021973, 201.486282349, 326.83782959, 104.999481201, 70.0346069336, -187.946228027, 4.33979225159, 26.8938407898, -29.5334606171, 130.056671143, 97.6785049438], [537.405090332, -110.204551697, 201.486282349, 434.822662354, 61.9359931946, 26.7603244781, -71.6639633179, -14.0339384079, 33.9472465515, 46.9184417725, -26.5583095551, -0.423609852791, -2.60886907578], [-1583.51782227, 327.620117188, 326.83782959, 61.9359931946, 455.289398193, 52.9242324829, 65.4965744019, -29.8554553986, 44.6223907471, -25.6964569092, 28.9607391357, 23.7586479187, 85.8130187988], [-109.051971436, -147.336898804, 104.999481201, 26.7603244781, 52.9242324829, 239.388336182, 125.880455017, 26.7188186646, -30.7602119446, -4.32682418823, -19.3787937164, 25.5248279572, -22.1651287079], [-534.53338623, 62.6038856506, 70.0346069336, -71.6639633179, 65.4965744019, 125.880455017, 267.111999512, 79.0826263428, 4.23159885406, -24.7163391113, 21.7553825378, 13.9849977493, -2.70765113831], [270.328216553, -113.497825623, -187.946228027, -14.0339384079, -29.8554553986, 26.7188186646, 79.0826263428, 231.873245239, 79.7513198853, 17.0142040253, 50.0970726013, -5.23873090744, -34.8156089783], [-428.166625977, -21.452829361, 4.33979225159, 33.9472465515, 44.6223907471, -30.7602119446, 4.23159885406, 79.7513198853, 197.464294434, 95.0698776245, 46.9574356079, -12.4224300385, 10.8010215759], [0.699486136436, -129.381713867, 26.8938407898, 46.9184417725, -25.6964569092, -4.32682418823, -24.7163391113, 17.0142040253, 95.0698776245, 166.462646484, 33.2926292419, 8.60972118378, 4.40278673172], [-290.417602539, 73.4653244019, -29.5334606171, -26.5583095551, 28.9607391357, -19.3787937164, 21.7553825378, 50.0970726013, 46.9574356079, 33.2926292419, 134.885879517, 34.18491745, 13.2781381607], [-440.692565918, -93.4900054932, 130.056671143, -0.423609852791, 23.7586479187, 25.5248279572, 13.9849977493, -5.23873090744, -12.4224300385, 8.60972118378, 34.18491745, 164.382843018, 38.2318763733], [-590.264099121, 103.236099243, 97.6785049438, -2.60886907578, 85.8130187988, -22.1651287079, -2.70765113831, -34.8156089783, 10.8010215759, 4.40278673172, 13.2781381607, 38.2318763733, 124.85749054]]}, "erbbands_spread": {"dmean": 11.8383693695, "dvar2": 632.005737305, "mean": 30.085641861, "var": 474.384429932, "dmean2": 18.48919487, "dvar": 282.737335205, "min": 0.468067765236, "median": 25.5241546631, "max": 142.727096558}, "erbbands_kurtosis": {"dmean": 4.1494383812, "dvar2": 184.211410522, "mean": 6.59897518158, "var": 461.417663574, "dmean2": 6.52684307098, "dvar": 83.2297821045, "min": -1.85627245903, "median": 1.74575042725, "max": 429.309295654}, "dynamic_complexity": 3.16493701935, "erbbands_crest": {"dmean": 3.49585914612, "dvar2": 28.3606510162, "mean": 13.6445398331, "var": 37.7684249878, "dmean2": 5.67354297638, "dvar": 11.1000852585, "min": 2.68421173096, "median": 12.5301866531, "max": 33.448135376}, "erbbands": {"dmean": [0.0414155907929, 0.519957363605, 1.37458062172, 4.96181678772, 15.2823381424, 5.38571596146, 5.85038423538, 10.0485200882, 12.9020681381, 13.7162790298, 26.2501144409, 36.5733833313, 10.9438800812, 7.69266891479, 4.8785161972, 5.83213424683, 8.45086097717, 7.34871196747, 7.65620136261, 4.52398872375, 2.19368982315, 2.42662096024, 2.42969083786, 7.9713511467, 8.7356672287, 2.24375915527, 1.05665504932, 1.04911136627, 1.72422409058, 1.46084296703, 0.559121131897, 0.23080560565, 0.147905886173, 0.0888979285955, 0.0508800968528, 0.0268919859082, 0.0111642917618, 0.00168707943521, 0.000103303347714, 1.1262883163e-05], "dvar2": [0.0148356705904, 1.86863577366, 13.4888353348, 125.840751648, 1102.32434082, 182.125976562, 538.517150879, 2615.7487793, 2335.97045898, 3357.42700195, 17478.8105469, 48445.8007812, 5577.57714844, 1768.02062988, 1364.80761719, 1113.7064209, 2324.99951172, 2014.40661621, 1774.41577148, 968.687927246, 122.324188232, 108.965759277, 120.531044006, 1184.77990723, 1502.89831543, 54.4893836975, 12.4945373535, 12.0615959167, 42.9722442627, 38.7556152344, 5.1935005188, 0.801639318466, 0.311916381121, 0.171748623252, 0.0511263683438, 0.0134267052636, 0.00246650376357, 6.372849748e-05, 3.45654456169e-07, 3.93640231522e-10], "mean": [0.071957886219, 1.04531061649, 2.69466114044, 7.43362379074, 20.325750351, 8.76191711426, 11.1324939728, 18.1821556091, 30.992816925, 27.6223945618, 44.4388465881, 57.251750946, 18.3594226837, 13.4891138077, 7.81104278564, 9.2999830246, 12.5511207581, 11.0492095947, 11.7897338867, 7.20800447464, 3.9367210865, 4.49452877045, 4.75056934357, 14.7625751495, 18.0512542725, 4.3681845665, 1.43542313576, 1.41205441952, 1.68552994728, 1.25836658478, 0.55392408371, 0.302913874388, 0.181393101811, 0.0948528647423, 0.0467533282936, 0.0227114949375, 0.00881193485111, 0.00136228487827, 8.63481473061e-05, 2.97888145724e-05], "var": [0.0134826963767, 2.24271321297, 14.2753610611, 67.8927154541, 520.29119873, 139.410568237, 602.422607422, 1598.82629395, 4005.99047852, 4959.87548828, 20786.3144531, 53913.7460938, 4666.22021484, 2488.27880859, 759.532897949, 1134.69006348, 2173.12866211, 1435.44177246, 1435.84936523, 578.046325684, 87.8954849243, 166.100738525, 176.0965271, 1595.49511719, 3112.37890625, 166.553131104, 7.94054460526, 10.0132055283, 13.5251560211, 10.4535255432, 1.64329314232, 0.447214871645, 0.152208596468, 0.0609413944185, 0.0173272173852, 0.00426666485146, 0.000665068568196, 1.78055724973e-05, 9.59501988973e-08, 4.42049424842e-10], "dmean2": [0.0657211691141, 0.810541510582, 2.08067440987, 8.20732116699, 25.7435150146, 8.93120765686, 9.01934814453, 16.0141601562, 20.049123764, 19.8732223511, 38.7759857178, 52.7158660889, 15.6562671661, 10.7247314453, 7.29842185974, 8.52374458313, 12.3409986496, 11.0331478119, 11.5262413025, 6.92101478577, 3.26941800117, 3.53824448586, 3.48131537437, 11.4589748383, 12.2833919525, 3.21174716949, 1.63173794746, 1.64728271961, 2.91577219963, 2.54895567894, 0.961021602154, 0.376017361879, 0.241557464004, 0.148672699928, 0.0875118151307, 0.0466389991343, 0.0196491461247, 0.00294905970804, 0.000183145137271, 1.73774660652e-05], "dvar": [0.0062096901238, 0.84384560585, 6.15886974335, 49.5045433044, 401.725585938, 72.0676040649, 238.779464722, 1029.25354004, 1010.89190674, 1689.00354004, 8144.11914062, 24806.7636719, 2419.73046875, 980.328186035, 566.637084961, 535.688903809, 1141.07617188, 834.989624023, 814.270629883, 391.428161621, 52.0909042358, 51.0326766968, 53.6311950684, 542.930175781, 743.129821777, 30.496339798, 5.2257900238, 5.42683172226, 16.2868499756, 14.355014801, 1.92030107975, 0.311577409506, 0.123562395573, 0.0665372461081, 0.0199496876448, 0.0051020141691, 0.000915794051252, 2.3747124942e-05, 1.28622531292e-07, 1.67537178575e-10], "min": [9.25171020933e-22, 1.81461656358e-21, 8.30842421571e-21, 1.56082680799e-20, 2.34876981738e-20, 1.02777139411e-19, 3.73359601703e-19, 1.57376630384e-19, 2.93936149129e-19, 3.72066770105e-19, 1.01264629321e-18, 1.42194187775e-18, 2.26990974589e-18, 4.08322406545e-18, 1.27658949371e-18, 2.9836991993e-18, 8.54447628829e-18, 5.43494596062e-18, 4.87823851912e-18, 7.04028308595e-18, 7.1091905397e-18, 1.46179986508e-17, 1.51766483123e-17, 1.12259046666e-17, 1.22961589196e-17, 1.62736568951e-17, 2.08844807434e-17, 2.61743437741e-17, 1.86127648487e-17, 1.99544766177e-17, 1.68364606577e-17, 2.73384482851e-17, 1.51339790276e-17, 1.4911239141e-17, 9.04175162996e-18, 5.91873040008e-18, 2.60931684047e-18, 9.72996941512e-19, 2.84151636458e-19, 3.64652136351e-20], "median": [0.0140950130299, 0.275356709957, 1.50873708725, 5.00720357895, 12.0912733078, 4.92651844025, 3.44002127647, 5.61274957657, 5.6674079895, 4.30720567703, 4.044672966, 2.71069979668, 1.96557033062, 1.64256370068, 1.26217830181, 1.62521803379, 1.20747029781, 1.11813914776, 1.55135166645, 0.940443336964, 0.826381623745, 0.653619229794, 0.63503319025, 1.45742762089, 1.60597395897, 0.789958715439, 0.421139508486, 0.339258670807, 0.300346106291, 0.176596567035, 0.0997273549438, 0.057300388813, 0.0387797243893, 0.0237639900297, 0.00960843637586, 0.00329624698497, 0.00113174365833, 0.000205761694815, 2.01850780286e-05, 2.72939942079e-05], "max": [1.2373534441, 10.9372377396, 39.6988334656, 115.379577637, 176.069229126, 172.351348877, 296.906158447, 686.143676758, 521.864929199, 1154.12585449, 1849.50231934, 3801.30126953, 1944.23779297, 1035.90771484, 912.290771484, 677.027954102, 1504.75842285, 824.826721191, 822.242858887, 675.930969238, 299.386230469, 221.414474487, 256.48324585, 560.225341797, 1101.41650391, 192.871734619, 47.0827827454, 51.4325447083, 54.3248100281, 68.7474517822, 23.6075401306, 13.3065385818, 12.1867160797, 10.0685768127, 3.8231253624, 1.59542119503, 0.689792633057, 0.130138978362, 0.00974177382886, 0.000166116456967]}, "silence_rate_30dB": {"dmean": 0.00112391123548, "dvar2": 0.00280562532134, "mean": 0.999157190323, "var": 0.000841929053422, "dmean2": 0.00224813818932, "dvar": 0.0011227709474, "min": 0, "median": 1, "max": 1}, "silence_rate_60dB": {"dmean": 0.0278168022633, "dvar2": 0.0632169172168, "mean": 0.0730439648032, "var": 0.0677122697234, "dmean2": 0.0556414201856, "dvar": 0.0270441751927, "min": 0, "median": 0, "max": 1}, "spectral_energyband_middle_low": {"dmean": 0.00759628368542, "dvar2": 0.000199498870643, "mean": 0.0164909027517, "var": 0.000200159818633, "dmean2": 0.0120639847592, "dvar": 8.31736251712e-05, "min": 2.06007668006e-22, "median": 0.0132011668757, "max": 0.125323742628}, "spectral_spread": {"dmean": 890441.6875, "dvar2": 2375424147460.0, "mean": 3872136.5, "var": 3166258855940.0, "dmean2": 1329483.625, "dvar": 1219481698300.0, "min": 973971.3125, "median": 3462634.75, "max": 39072064}, "barkbands": {"dmean": [3.23461972584e-05, 0.00202079699375, 0.00118918635417, 0.00302124163136, 0.00286485184915, 0.00112819334026, 0.000989080406725, 0.0009