{"tonal": {"chords_key": "C", "hpcp_entropy": {"dmean": 0.580602169037, "dmean2": 1.00151324272, "max": 4.10196638107, "dvar": 0.243664175272, "mean": 1.80357980728, "dvar2": 0.670507967472, "min": 0, "var": 0.416915208101, "median": 1.78451728821}, "key_key": "F", "chords_strength": {"dmean": 0.0103240190074, "dmean2": 0.0112002138048, "max": 0.768129348755, "dvar": 0.000336962606525, "mean": 0.475501894951, "dvar2": 0.00069755979348, "min": -1, "var": 0.0142079237849, "median": 0.466175973415}, "key_scale": "major", "chords_number_rate": 0.00121753243729, "thpcp": [1, 0.536591172218, 0.0706859230995, 0.0695884227753, 0.0767509415746, 0.129716932774, 0.384207755327, 0.534448623657, 0.329198747873, 0.162656366825, 0.165749311447, 0.22751738131, 0.376828253269, 0.382880866528, 0.227674871683, 0.148044258356, 0.118577800691, 0.118432119489, 0.19587276876, 0.235595166683, 0.200634375215, 0.2818338871, 0.294896781445, 0.168389648199, 0.129336476326, 0.131923168898, 0.13547155261, 0.262557178736, 0.324064731598, 0.183049231768, 0.0853375121951, 0.093092598021, 0.163861513138, 0.348715573549, 0.395459592342, 0.659578204155], "key_strength": 0.673582613468, "tuning_nontempered_energy_ratio": 0.82762658596, "tuning_frequency": 434.193115234, "chords_changes_rate": 0.0629058405757, "tuning_diatonic_strength": 0.538631975651, "chords_scale": "major", "chords_histogram": [9.1450214386, 17.3160171509, 31.7370128632, 9.88906955719, 1.25811684132, 0.121753245592, 0.0541125535965, 0.0946969687939, 0.514069259167, 0.135281383991, 0.419372290373, 0.0135281383991, 0.0946969687939, 0.0676406919956, 0, 0.0676406919956, 0.432900428772, 1.67748916149, 0, 0.202922075987, 0.0946969687939, 1.33928573132, 1.79924237728, 23.5254325867], "tuning_equal_tempered_deviation": 0.197640046477, "hpcp": {"dmean": [0.147943139076, 0.143479451537, 0.123905196786, 0.0992429107428, 0.0777602866292, 0.0691272988915, 0.089922323823, 0.104402475059, 0.0953492820263, 0.117159381509, 0.107993341982, 0.0810139253736, 0.0781753063202, 0.0754650309682, 0.0685272216797, 0.104219287634, 0.116389214993, 0.0788265168667, 0.0493987314403, 0.0572592131793, 0.082446359098, 0.12393488735, 0.137138828635, 0.168636798859, 0.239764496684, 0.134442135692, 0.0382296442986, 0.0397597029805, 0.0422917343676, 0.0606084875762, 0.145597860217, 0.17438903451, 0.13919891417, 0.102741934359, 0.110633827746, 0.129866227508], "dmean2": [0.2632586658, 0.254871845245, 0.228819921613, 0.187571212649, 0.146030381322, 0.127457350492, 0.159188851714, 0.183547154069, 0.168807953596, 0.20128197968, 0.1834590137, 0.142972633243, 0.142676457763, 0.134705156088, 0.119809530675, 0.177595838904, 0.197576850653, 0.13835760951, 0.0902379900217, 0.10533823818, 0.146972760558, 0.211896762252, 0.231166213751, 0.298168122768, 0.444989711046, 0.245052456856, 0.0690586939454, 0.0721192806959, 0.0754458233714, 0.107415400445, 0.255252629519, 0.314784228802, 0.248225226998, 0.192540168762, 0.20842653513, 0.240853607655], "max": [1, 1, 1, 1, 1, 1, 1, 1, 1, 1, 1, 1, 1, 1, 1, 1, 1, 1, 1, 1, 1, 1, 1, 1, 1, 1, 1, 1, 1, 1, 1, 1, 1, 1, 1, 1], "dvar": [0.057237315923, 0.05225064978, 0.0535787269473, 0.0507637374103, 0.0367811620235, 0.0273281317204, 0.0308054164052, 0.0373713076115, 0.0295342970639, 0.0405553877354, 0.0363695546985, 0.0258727557957, 0.034050039947, 0.033106893301, 0.0238108877093, 0.0348680950701, 0.0406235121191, 0.0256289411336, 0.0166436806321, 0.0224729012698, 0.0287625510246, 0.0346207655966, 0.0376269184053, 0.0398484431207, 0.11866170913, 0.0327444896102, 0.00924944318831, 0.0115486327559, 0.0120166009292, 0.0153794679791, 0.0557306110859, 0.0815086811781, 0.0561457686126, 0.0513678193092, 0.0598610341549, 0.0619111396372], "mean": [0.163542762399, 0.166169583797, 0.0988104715943, 0.0642509311438, 0.0514625459909, 0.051399320364, 0.0850084200501, 0.102247864008, 0.0870749428868, 0.122315376997, 0.127984657884, 0.0730807930231, 0.0561317913234, 0.0572544075549, 0.0587944015861, 0.113949328661, 0.140643492341, 0.0794430226088, 0.0370363220572, 0.0404020138085, 0.071115590632, 0.151341915131, 0.171628728509, 0.286255717278, 0.433998137712, 0.232879579067, 0.0306775588542, 0.0302012450993, 0.0333097651601, 0.0562969073653, 0.166745454073, 0.231949716806, 0.142871648073, 0.0705925598741, 0.0719348937273, 0.0987421199679], "dvar2": [0.15226264298, 0.134573176503, 0.150884270668, 0.140101164579, 0.103539392352, 0.076079659164, 0.082830272615, 0.100259140134, 0.079716399312, 0.102134086192, 0.0884628146887, 0.0696599632502, 0.0905325114727, 0.0834720432758, 0.0605670809746, 0.0876350551844, 0.0988230779767, 0.0681271925569, 0.0451747626066, 0.0617198906839, 0.0754182040691, 0.0868770033121, 0.0921669006348, 0.0969081372023, 0.286513507366, 0.0801112502813, 0.0258965250105, 0.0315033495426, 0.032684341073, 0.040370002389, 0.137548863888, 0.19574585557, 0.148944601417, 0.144343391061, 0.171976432204, 0.178735867143], "min": [0, 0, 0, 0, 0, 0, 0, 0, 0, 0, 0, 0, 0, 0, 0, 0, 0, 0, 0, 0, 0, 0, 0, 0, 0, 0, 0, 0, 0, 0, 0, 0, 0, 0, 0, 0], "var": [0.0706983134151, 0.0671570375562, 0.0394840463996, 0.0334266014397, 0.0237002596259, 0.0197428017855, 0.0291386190802, 0.03722467646, 0.0275753792375, 0.0488488227129, 0.0536642372608, 0.024378888309, 0.0260794367641, 0.0283920913935, 0.0229729991406, 0.0444864928722, 0.0596748813987, 0.0264830552042, 0.0137533741072, 0.0167455747724, 0.0282264333218, 0.0503486320376, 0.0562613047659, 0.0665837749839, 0.195411279798, 0.0544964447618, 0.0069303996861, 0.0087648993358, 0.00973615702242, 0.0178578868508, 0.0727530345321, 0.121962368488, 0.0651260688901, 0.0347041226923, 0.039917152375, 0.0483831688762], "median": [0.0423872359097, 0.0483694933355, 0.0213861167431, 0.00454452447593, 0.00359602505341, 0.00690363440663, 0.0211764145643, 0.0257675983012, 0.0253078192472, 0.0268105007708, 0.0276506766677, 0.0128171313554, 0.00373987853527, 0.0030869343318, 0.00668595544994, 0.028145859018, 0.0361153073609, 0.0175658259541, 0.00323969358578, 0.00204335036688, 0.00926519278437, 0.0583586730063, 0.0752126276493, 0.213344097137, 0.192922830582, 0.123185634613, 0.00480381585658, 0.00307626812719, 0.00341544020921, 0.00817032158375, 0.032130330801, 0.0401699692011, 0.0211156122386, 0.00700277462602, 0.00545735098422, 0.0128673315048]}}, "lowlevel": {"melbands_flatness_db": {"dmean": 0.0339321605861, "dmean2": 0.0431472659111, "max": 0.717561066151, "dvar": 0.0013035152806, "mean": 0.266621887684, "dvar2": 0.00219032075256, "min": 0.00368194491602, "var": 0.00874455273151, "median": 0.253019094467}, "melbands_crest": {"dmean": 4.22917509079, "dmean2": 6.18677854538, "max": 37.0954589844, "dvar": 18.6472320557, "mean": 20.1771640778, "dvar2": 38.7736778259, "min": 1.56279742718, "var": 61.2361717224, "median": 19.3780651093}, "spectral_entropy": {"dmean": 0.218582600355, "dmean2": 0.311458259821, "max": 9.82159423828, "dvar": 0.06242480129, "mean": 7.29377985001, "dvar2": 0.114229373634, "min": 4.86083459854, "var": 0.332367837429, "median": 7.32062339783}, "melbands": {"dmean": [0.00591660058126, 0.00244552153163, 0.00102269253694, 0.000632753421087, 0.000559212523513, 0.000333563075401, 0.000147983446368, 0.000218751258217, 0.000226054427912, 0.000132159417262, 9.04679400264e-05, 2.86923041131e-05, 1.68054248206e-05, 1.27242783492e-05, 1.58033526532e-05, 1.07396044768e-05, 1.07903188109e-05, 9.60697343544e-06, 9.44914700085e-06, 6.70204553899e-06, 4.75563456348e-06, 3.91108687836e-06, 5.20588491781e-06, 3.35229447046e-06, 3.44879208569e-06, 6.69116525387e-06, 5.93648883296e-06, 4.07062634622e-06, 2.4807952741e-06, 1.91250614989e-06, 2.11059341382e-06, 2.35231345869e-06, 2.28526641877e-06, 2.30561204262e-06, 2.66146503236e-06, 1.86334136743e-06, 1.31557442273e-06, 8.13068425032e-07, 6.4682063794e-07, 4.85855537136e-07], "dmean2": [0.00859190057963, 0.00397449312732, 0.00193435722031, 0.00113935500849, 0.000975458067842, 0.000586235022638, 0.000235699568293, 0.000356985372491, 0.000350368354702, 0.000193796891836, 0.000133385954541, 4.21570148319e-05, 2.55686936725e-05, 1.91404415091e-05, 2.4448867407e-05, 1.69001668837e-05, 1.65935871337e-05, 1.54312729137e-05, 1.46735674207e-05, 1.0779225704e-05, 7.25045629224e-06, 6.18479270997e-06, 8.57387203723e-06, 5.4671363614e-06, 5.25870564161e-06, 1.04841810753e-05, 9.01178646018e-06, 6.29805299468e-06, 3.8611187847e-06, 3.0972814784e-06, 3.42248108609e-06, 3.69013309864e-06, 3.56109831046e-06, 3.59048999599e-06, 4.02541218136e-06, 2.96789767162e-06, 2.10312555282e-06, 1.25089945868e-06, 1.01972773336e-06, 7.52346522859e-07], "max": [0.12760566175, 0.0595833994448, 0.0489231422544, 0.0208065826446, 0.0119496081024, 0.0150798652321, 0.0153763480484, 0.0102677894756, 0.0154140461236, 0.0120861148462, 0.012837678194, 0.00479593640193, 0.00136859877966, 0.00181212311145, 0.00128918618429, 0.000840876775328, 0.0020033409819, 0.000747514481191, 0.000888862938154, 0.000660436868202, 0.000685077859089, 0.000232832608162, 0.000294178636977, 0.000174750792212, 0.000165386940353, 0.000414363690652, 0.000411227723816, 0.000326797744492, 0.000166347803315, 7.72580897319e-05, 0.00010280693823, 9.31886097533e-05, 0.000131567168864, 0.000118178293633, 0.000118981777632, 0.000124426704133, 0.000175313631189, 8.74259349075e-05, 4.4041305955e-05, 1.87853165698e-05], "dvar": [0.000225774158025, 5.32696976734e-05, 1.34084029924e-05, 2.7085536658e-06, 1.37063011607e-06, 5.62377067581e-07, 1.86303068972e-07, 4.14514147451e-07, 3.67153404568e-07, 1.28518891529e-07, 9.72690870071e-08, 6.18836226707e-09, 1.90509719111e-09, 1.77438608251e-09, 1.70251890363e-09, 7.49807049782e-10, 1.23114929362e-09, 9.52381284947e-10, 9.24826382143e-10, 4.48884651671e-10, 2.3289070672e-10, 1.58720175891e-10, 3.36870198403e-10, 1.60544508243e-10, 9.26695317705e-11, 2.29727459278e-10, 1.90037360848e-10, 1.06630503038e-10, 4.96860469434e-11, 4.0105599397e-11, 5.24957022296e-11, 4.01279530438e-11, 4.00889495211e-11, 4.27094054567e-11, 4.53940912637e-11, 3.76315957562e-11, 1.83282972133e-11, 5.82210928773e-12, 3.80235860159e-12, 1.95365707119e-12], "mean": [0.00722927041352, 0.00222473801114, 0.000702948891558, 0.000591319811065, 0.000688111642376, 0.000424002006184, 0.000242324967985, 0.000305841385853, 0.000409925181884, 0.000271179218544, 0.00022299135162, 5.60986518394e-05, 2.97141286865e-05, 2.24371142394e-05, 2.7368299925e-05, 1.66629179148e-05, 1.85094722838e-05, 1.32381665026e-05, 1.26566301333e-05, 9.72742691374e-06, 7.75864191382e-06, 5.5774712564e-06, 6.66655023451e-06, 3.98377915189e-06, 5.29349517819e-06, 1.28987057906e-05, 1.12109973998e-05, 6.78762671669e-06, 3.73890111405e-06, 2.33574360209e-06, 2.28479507314e-06, 2.97717861031e-06, 3.20619733429e-06, 2.82495602733e-06, 2.93923721983e-06, 1.95588745555e-06, 1.49293373397e-06, 9.76600631475e-07, 6.76693616697e-07, 4.86389069465e-07], "dvar2": [0.000492569291964, 0.000137264752993, 3.85670500691e-05, 7.6596843428e-06, 3.82460166293e-06, 1.54984252276e-06, 4.51147968761e-07, 1.06445372694e-06, 8.57662314502e-07, 2.69571756917e-07, 1.96149187559e-07, 1.29375061775e-08, 4.1019525554e-09, 3.58222429497e-09, 3.78246545196e-09, 1.73926473224e-09, 2.81624434884e-09, 2.38943509423e-09, 2.15703299666e-09, 1.09178011076e-09, 4.98808883087e-10, 3.85279613768e-10, 8.73167649296e-10, 4.11492839802e-10, 2.00265401484e-10, 5.64556346117e-10, 4.21637058601e-10, 2.37420277882e-10, 1.15578324689e-10, 1.02437010263e-10, 1.33808158997e-10, 8.84745263163e-11, 8.99952543043e-11, 1.00022538863e-10, 9.74307440282e-11, 9.10907738128e-11, 4.5824351258e-11, 1.29767845775e-11, 9.00761583378e-12, 4.63117174818e-12], "min": [8.33968366212e-25, 1.2065609796e-24, 1.13976053397e-24, 1.533831266e-24, 8.92438342077e-25, 1.54379625557e-24, 2.35577985721e-24, 1.01114396173e-24, 1.76148380287e-24, 3.01854193838e-24, 7.97391006101e-25, 2.32907178797e-24, 3.47292069219e-24, 2.62724602458e-24, 3.74271072735e-24, 1.9447484185e-24, 3.11217558631e-24, 2.25858134685e-24, 3.2545144926e-24, 3.31633653567e-24, 4.54724708761e-24, 3.12452204834e-24, 2.9790649721e-24, 4.06877218302e-24, 4.65200584368e-24, 3.71395359191e-24, 4.34787235458e-24, 5.0035321238e-24, 2.95444698983e-24, 4.19840569558e-24, 4.95612907758e-24, 5.26507382933e-24, 6.07407001473e-24, 4.42272657702e-24, 5.84410365022e-24, 5.99265010298e-24, 4.67157472172e-24, 5.10499580786e-24, 5.02935706326e-24, 5.78898002232e-24], "var": [0.00025579193607, 4.25764956162e-05, 7.5279263001e-06, 1.76888238457e-06, 1.18452794595e-06, 5.51673394966e-07, 3.4089700307e-07, 5.57747057428e-07, 9.90690637082e-07, 4.91025843985e-07, 5.50385323095e-07, 2.5021853034e-08, 4.41492087333e-09, 4.67139704696e-09, 4.24307611269e-09, 1.49174461672e-09, 3.63309138329e-09, 1.39806577426e-09, 1.27812072037e-09, 7.54526496838e-10, 7.6590339626e-10, 1.96917010475e-10, 3.55298096499e-10, 1.43649259154e-10, 1.49725259968e-10, 6.4778865605e-10, 5.00855468211e-10, 1.9030101106e-10, 6.74653943822e-11, 3.91978775827e-11, 4.68910292539e-11, 5.26500579245e-11, 5.61397803245e-11, 4.94318058708e-11, 5.69151878405e-11, 3.90181116583e-11, 1.96359126875e-11, 8.44609712031e-12, 4.23332202626e-12, 1.97914037589e-12], "median": [0.00203608674929, 0.00043875828851, 0.000117315721582, 0.000192131556105, 0.000299386447296, 0.000175447523361, 8.11194404378e-05, 7.75817898102e-05, 7.6214724686e-05, 6.18642661721e-05, 2.72648940154e-05, 1.81684772542e-05, 9.50670983002e-06, 4.29734245699e-06, 8.22182119009e-06, 4.77205003335e-06, 2.46587933361e-06, 2.32841739489e-06, 2.54800511357e-06, 2.09986046684e-06, 1.28688020595e-06, 1.42688600135e-06, 1.63444065038e-06, 1.05954757146e-06, 1.18690422823e-06, 1.71430906448e-06, 2.5269919206e-06, 1.88154081115e-06, 1.03086574654e-06, 5.09619042077e-07, 4.01529007377e-07, 6.192942692e-07, 8.48538888931e-07, 7.18101887287e-07, 4.63063315692e-07, 2.98468648907e-07, 2.83892916286e-07, 2.25837055723e-07, 1.05757195001e-07, 6.77673384075e-08]}, "silence_rate_60dB": {"dmean": 0.026385223493, "dmean2": 0.0527740195394, "max": 1, "dvar": 0.0256936345249, "mean": 0.102489516139, "dvar2": 0.0574426874518, "min": 0, "var": 0.0919808894396, "median": 0}, "spectral_energyband_middle_high": {"dmean": 0.000896304962225, "dmean2": 0.00131829606835, "max": 0.0642400607467, "dvar": 4.18003037339e-06, "mean": 0.00244792876765, "dvar2": 9.18275054573e-06, "min": 1.14301921345e-21, "var": 1.52956254169e-05, "median": 0.00105049961712}, "erbbands_skewness": {"dmean": 0.473642975092, "dmean2": 0.709232568741, "max": 10.0297813416, "dvar": 0.227372661233, "mean": 0.922564446926, "dvar2": 0.485513746738, "min": -5.51639127731, "var": 0.952619552612, "median": 0.899231791496}, "dynamic_complexity": 4.47476816177, "dissonance": {"dmean": 0.0265028309077, "dmean2": 0.043291516602, "max": 0.500000059605, "dvar": 0.000658520613797, "mean": 0.438891291618, "dvar2": 0.00170753360726, "min": 0.148871958256, "var": 0.00186812016182, "median": 0.449171423912}, "spectral_skewness": {"dmean": 0.288462787867, "dmean2": 0.427851349115, "max": 8.21755123138, "dvar": 0.124850541353, "mean": 1.63175094128, "dvar2": 0.24815954268, "min": -0.311296612024, "var": 0.545776307583, "median": 1.49912190437}, "spectral_kurtosis": {"dmean": 2.03422260284, "dmean2": 3.22525978088, "max": 96.5718078613, "dvar": 12.1198749542, "mean": 4.95533561707, "dvar2": 27.52161026, "min": -1.24765324593, "var": 29.9617881775, "median": 3.43153619766}, "gfcc": {"cov": [[18559.4121094, -852.475891113, -888.456115723, 739.068786621, -1014.74542236, 282.471313477, -454.772003174, 241.338363647, -295.677886963, 211.092758179, -206.248733521, -93.2455673218, -239.370758057], [-852.475891113, 1922.8170166, -27.7421894073, -10.6401395798, 397.863494873, 21.538444519, 313.35925293, -24.8819656372, 126.895118713, -78.5064544678, 173.352249146, -71.5632400513, 87.2553100586], [-888.456115723, -27.7421894073, 1753.38635254, 336.706695557, 181.572662354, 367.118865967, 126.696784973, 113.782989502, 31.6053676605, -5.63907623291, -49.2142753601, 157.615936279, -17.7802696228], [739.068786621, -10.6401395798, 336.706695557, 600.088317871, 118.765846252, 136.537536621, 71.3715820313, 105.602096558, 78.8796310425, 15.7054309845, 14.7357158661, 18.6340312958, 44.7789421082], [-1014.74542236, 397.863494873, 181.572662354, 118.765846252, 499.586151123, 103.604743958, 168.327468872, 72.0542144775, 136.046615601, 35.9701881409, 53.319026947, 5.9340338707, 19.8566684723], [282.471313477, 21.538444519, 367.118865967, 136.537536621, 103.604743958, 347.54019165, 173.844070435, 78.3418426514, 44.2731552124, 49.2585220337, 20.0522861481, 22.8701076508, -18.7809925079], [-454.772003174, 313.35925293, 126.696784973, 71.3715820313, 168.327468872, 173.844070435, 334.015045166, 85.1093063354, 71.2749099731, 38.9975318909, 61.104801178, 7.39268445969, 21.1353530884], [241.338363647, -24.8819656372, 113.782989502, 105.602096558, 72.0542144775, 78.3418426514, 85.1093063354, 175.412368774, 81.9182739258, 49.6799659729, 23.8808307648, 18.5863952637, 20.9496822357], [-295.677886963, 126.895118713, 31.6053676605, 78.8796310425, 136.046615601, 44.2731552124, 71.2749099731, 81.9182739258, 177.518615723, 67.9267578125, 47.4005813599, 14.7001409531, 42.6470184326], [211.092758179, -78.5064544678, -5.63907623291, 15.7054309845, 35.9701881409, 49.2585220337, 38.9975318909, 49.6799659729, 67.9267578125, 135.653488159, 64.3118209839, 18.2892055511, 4.54192352295], [-206.248733521, 173.352249146, -49.2142753601, 14.7357158661, 53.319026947, 20.0522861481, 61.104801178, 23.8808307648, 47.4005813599, 64.3118209839, 145.968200684, 38.0498504639, 28.9839839935], [-93.2455673218, -71.5632400513, 157.615936279, 18.6340312958, 5.9340338707, 22.8701076508, 7.39268445969, 18.5863952637, 14.7001409531, 18.2892055511, 38.0498504639, 134.376785278, 45.7273979187], [-239.370758057, 87.2553100586, -17.7802696228, 44.7789421082, 19.8566684723, -18.7809925079, 21.1353530884, 20.9496822357, 42.6470184326, 4.54192352295, 28.9839839935, 45.7273979187, 119.207626343]], "mean": [-50.9315414429, 93.5460205078, -90.2907028198, 26.8939571381, -67.2005004883, 5.23421621323, -23.7735729218, 11.2267837524, -13.5489244461, 6.45247268677, -6.14183330536, 5.58720445633, -3.83979225159], "icov": [[0.00011040634854, -0.000149130719365, 0.000163419070304, -0.000248963508056, 0.000246900250204, -0.000253228849033, 0.000270290474873, -0.000318345671985, 0.000310625211569, -0.000486475066282, 0.000427464168752, -0.0002857009531, 0.00028882001061], [-0.000149130719365, 0.00128544378094, -0.000375746632926, 0.0005630585365, -0.000831942132208, 0.000578682869673, -0.00113099487498, 0.00102255598176, -0.00101604196243, 0.00225807586685, -0.00226589967497, 0.00160347309429, -0.00104403111618], [0.000163419070304, -0.000375746632926, 0.00123829313088, -0.000730436586309, 0.000194377687876, -0.00123735552188, 0.000631449685898, -0.000710492487997, 0.000650648027658, -0.000673127477057, 0.0015046648914, -0.0019224222051, 0.00101230514701], [-0.000248963508056, 0.0005630585365, -0.000730436586309, 0.00281548383646, -0.000834597100038, 7.11094980943e-05, -0.000409862928791, -2.32954298554e-05, -0.0011394264875, 0.00185070652515, -0.00158840953372, 0.00155318668112, -0.00172409345396], [0.000246900250204, -0.000831942132208, 0.000194377687876, -0.000834597100038, 0.00378187489696, -0.000561733730137, -0.000117307725304, -0.000674091919791, -0.00118505104911, -0.00118403695524, 0.00120229343884, -0.00087511271704, 0.00138047046494], [-0.000253228849033, 0.000578682869673, -0.00123735552188, 7.11094980943e-05, -0.000561733730137, 0.00608278624713, -0.00319210696034, 0.000533833226655, -0.000623919011559, -3.35632139468e-05, -0.000953164999373, 0.000831755518448, 0.000517897773534], [0.000270290474873, -0.00113099487498, 0.000631449685898, -0.000409862928791, -0.000117307725304, -0.00319210696034, 0.00644236151129, -0.00251134368591, 0.00123825797345, -0.00156373158097, 0.000612552277744, -0.000713040295523, 0.000175658249645], [-0.000318345671985, 0.00102255598176, -0.000710492487997, -2.32954298554e-05, -0.000674091919791, 0.000533833226655, -0.00251134368591, 0.00991426501423, -0.00399501528591, 0.000663068087306, -0.00130874628667, 0.00100893562194, -0.00125047843903], [0.000310625211569, -0.00101604196243, 0.000650648027658, -0.0011394264875, -0.00118505104911, -0.000623919011559, 0.00123825797345, -0.00399501528591, 0.011941390112, -0.00600792840123, 0.0019424360944, -0.000726597383618, -0.00176258850843], [-0.000486475066282, 0.00225807586685, -0.000673127477057, 0.00185070652515, -0.00118403695524, -3.35632139468e-05, -0.00156373158097, 0.000663068087306, -0.00600792840123, 0.0165416747332, -0.00869989674538, 0.00244785193354, -0.000377203017706], [0.000427464168752, -0.00226589967497, 0.0015046648914, -0.00158840953372, 0.00120229343884, -0.000953164999373, 0.000612552277744, -0.00130874628667, 0.0019424360944, -0.00869989674538, 0.0149348163977, -0.00592798087746, 0.0013882254716], [-0.0002857009531, 0.00160347309429, -0.0019224222051, 0.00155318668112, -0.00087511271704, 0.000831755518448, -0.000713040295523, 0.00100893562194, -0.000726597383618, 0.00244785193354, -0.00592798087746, 0.0133705763146, -0.00591250462458], [0.00028882001061, -0.00104403111618, 0.00101230514701, -0.00172409345396, 0.00138047046494, 0.000517897773534, 0.000175658249645, -0.00125047843903, -0.00176258850843, -0.000377203017706, 0.0013882254716, -0.00591250462458, 0.013147175312]]}, "spectral_complexity": {"dmean": 2.57438611984, "dmean2": 3.91447901726, "max": 59, "dvar": 20.2400798798, "mean": 11.8780269623, "dvar2": 34.7258110046, "min": 0, "var": 62.6358070374, "median": 11}, "spectral_flux": {"dmean": 0.0467826984823, "dmean2": 0.0691951289773, "max": 0.614590644836, "dvar": 0.00603851489723, "mean": 0.0956996008754, "dvar2": 0.0113473385572, "min": 6.32420643631e-11, "var": 0.0110288672149, "median": 0.0597427524626}, "spectral_energyband_low": {"dmean": 0.0200114548206, "dmean2": 0.0276086293161, "max": 0.421345055103, "dvar": 0.00236116047017, "mean": 0.0261459462345, "dvar2": 0.00463041150942, "min": 1.1445094569e-23, "var": 0.00312534184195, "median": 0.00798963010311}, "spectral_decrease": {"dmean": 6.32744345808e-09, "dmean2": 8.84085959996e-09, "max": 2.08038808148e-28, "dvar": 1.73565177115e-16, "mean": -1.04854480654e-08, "dvar2": 3.21223163323e-16, "min": -1.13495460141e-07, "var": 2.5944063309e-16, "median": -5.31458255182e-09}, "barkbands_spread": {"dmean": 5.76459503174, "dmean2": 8.27168655396, "max": 132.38458252, "dvar": 85.3251190186, "mean": 16.8319911957, "dvar2": 166.317459106, "min": 0.110835507512, "var": 225.900543213, "median": 12.7788085938}, "spectral_rms": {"dmean": 0.00143065163866, "dmean2": 0.00189286505338, "max": 0.02056488581, "dvar": 5.47945001017e-06, "mean": 0.00522947544232, "dvar2": 9.23005609366e-06, "min": 3.12516397309e-12, "var": 1.26813711177e-05, "median": 0.0045537953265}, "spectral_centroid": {"dmean": 267.910552979, "dmean2": 393.075256348, "max": 11599.1044922, "dvar": 137609.6875, "mean": 1171.72167969, "dvar2": 270153.71875, "min": 100.009048462, "var": 986790.125, "median": 969.11541748}, "barkbands_skewness": {"dmean": 0.925775110722, "dmean2": 1.2397493124, "max": 21.7888393402, "dvar": 1.57536864281, "mean": 2.45966625214, "dvar2": 2.83450555801, "min": -5.15234565735, "var": 4.81712722778, "median": 1.94667351246}, "spectral_rolloff": {"dmean": 460.424499512, "dmean2": 775.285583496, "max": 20607.2753906, "dvar": 1508308.625, "mean": 1068.58007813, "dvar2": 3466063.5, "min": 43.06640625, "var": 4020476.75, "median": 581.396484375}, "erbbands_spread": {"dmean": 11.7145252228, "dmean2": 17.0686702728, "max": 198.972167969, "dvar": 253.708343506, "mean": 40.7406387329, "dvar2": 527.359313965, "min": 2.30192279816, "var": 654.23260498, "median": 35.3847007751}, "barkbands": {"dmean": [0.00139644846786, 0.0178323816508, 0.0035155734513, 0.00188552029431, 0.00305174430832, 0.0019365408225, 0.000680950121023, 0.0013709635241, 0.000962407386396, 0.000491274986416, 0.000122934798128, 0.000111797911813, 0.00013916703756, 0.000108770400402, 0.000133324341732, 8.10405545053e-05, 7.9685341916e-05, 7.09783635102e-05, 0.000143383804243, 0.000136459624628, 8.81073647179e-05, 0.000113929003419, 0.000139627270983, 8.34601014503e-05, 5.04381787323e-05, 6.18133562966e-05, 1.5594634533e-05], "dmean2": [0.00190386583563, 0.0259842704982, 0.00672841444612, 0.00357588590123, 0.00541912904009, 0.00339884776622, 0.00107525661588, 0.00221356609836, 0.00143552082591, 0.000729339721147, 0.000188855046872, 0.000172217187355, 0.00022132450249, 0.000169666149304, 0.000210740137845, 0.00012635155872, 0.000126977931359, 0.000114930553536, 0.000220255329623, 0.000209051024285, 0.000142285090988, 0.000177164052729, 0.000212017592276, 0.000130930187879, 7.69387188484e-05, 9.99366457108e-05, 2.61653240159e-05], "max": [0.0359233692288, 0.388604223728, 0.100931301713, 0.1101257056, 0.0899408906698, 0.0651329308748, 0.0703762993217, 0.0639949440956, 0.0714077278972, 0.0668070986867, 0.0140384966508, 0.0144007867202, 0.0132750291377, 0.0184357371181, 0.0089054107666, 0.0102199390531, 0.00353189487942, 0.00401789927855, 0.00670900801197, 0.0101897288114, 0.00428529037163, 0.00472645228729, 0.00542823504657, 0.00800872407854, 0.0023273290135, 0.00264772586524, 0.000667960150167], "dvar": [9.26836219151e-06, 0.00210873805918, 0.000162070835358, 4.79137379443e-05, 5.15873653057e-05, 1.87048826774e-05, 4.03040621677e-06, 1.69985778484e-05, 6.34056686977e-06, 2.64575123765e-06, 1.08744423244e-07, 1.38766296232e-07, 1.21356521277e-07, 1.16087136348e-07, 1.6544119319e-07, 6.49722977641e-08, 6.35762233969e-08, 6.34748431594e-08, 1.06984167303e-07, 1.09335402954e-07, 9.73963167894e-08, 9.68020898995e-08, 1.40958874795e-07, 6.52669029932e-08, 2.08261798917e-08, 4.44917915843e-08, 3.5389016162e-09], "mean": [0.00219713174738, 0.021061245352, 0.00230043404736, 0.0012717054924, 0.00316424411722, 0.00240543833934, 0.00111311487854, 0.00196066987701, 0.00193141156342, 0.0011664906051, 0.000208522978937, 0.000191707760678, 0.000214823157876, 0.000181358162081, 0.000178699221578, 0.00012392316421, 0.000112175301183, 8.86308625923e-05, 0.000278115505353, 0.000239538552705, 0.000107671665319, 0.000155774745508, 0.000159978240845, 9.79201868176e-05, 5.22259724676e-05, 5.36285551789e-05, 1.24035104818e-05], "dvar2": [1.72910713445e-05, 0.00466518895701, 0.00046920942259, 0.000137676441227, 0.000145868951222, 5.18321903655e-05, 9.74896556727e-06, 4.2991952796e-05, 1.35084110298e-05, 5.32409831067e-06, 2.35234082879e-07, 2.93055592238e-07, 2.79482776477e-07, 2.74238828979e-07, 3.94804544612e-07, 1.49357575197e-07, 1.57959576086e-07, 1.58805889328e-07, 2.52946676937e-07, 2.4091900741e-07, 2.51085623404e-07, 2.13074784483e-07, 3.14258585377e-07, 1.54511681671e-07, 4.83980038268e-08, 1.1420439705e-07, 9.34315913526e-09], "min": [4.01067435229e-25, 2.40176650368e-24, 5.14778628577e-25, 1.34600082207e-24, 1.04553163132e-23, 5.05824791062e-24, 1.29135165455e-23, 4.82189571708e-24, 2.32986912913e-23, 1.22610591572e-23, 2.01494465394e-23, 1.9813901398e-23, 1.82616266626e-23, 2.91147008437e-23, 5.72891678408e-23, 6.07495346006e-23, 3.88387557195e-23, 9.73852510919e-23, 1.23760285343e-22, 2.12686315891e-22, 1.88614130705e-22, 3.40949141603e-22, 4.18570252643e-22, 5.00762490773e-22, 7.95319972095e-22, 1.3140442577e-21, 1.96871469753e-21], "var": [1.380921276e-05, 0.00233725528233, 8.86821799213e-05, 2.7124200642e-05, 3.64302832168e-05, 1.70900657395e-05, 7.46973728383e-06, 2.63650363195e-05, 2.52097815974e-05, 1.40701540658e-05, 2.33224511703e-07, 3.50056183152e-07, 2.5420001748e-07, 3.19936219739e-07, 2.20624528424e-07, 1.59587813187e-07, 7.68893713143e-08, 6.6033393864e-08, 2.72463068995e-07, 2.20115765615e-07, 8.81246720041e-08, 1.30395292786e-07, 1.7195343105e-07, 7.9761313998e-08, 2.20264997353e-08, 3.46240689453e-08, 2.52484433361e-09], "median": [0.000822326517664, 0.00534821487963, 0.000156984315254, 0.000192705425434, 0.00118391192518, 0.00100671243854, 0.00037879392039, 0.0003264984407, 0.000398806645535, 0.000209102698136, 6.3291277911e-05, 3.23744752677e-05, 5.84881854593e-05, 2.39735054492e-05, 3.98388001486e-05, 2.17351134779e-05, 2.88638912025e-05, 2.27946584346e-05, 4.63873657282e-05, 6.54225732433e-05, 2.59444095718e-05, 4.11368309869e-05, 3.23936401401e-05, 2.1867444957e-05, 7.34179366191e-06, 3.5253376609e-06, 6.36491563455e-07]}, "melbands_kurtosis": {"dmean": 27.4668521881, "dmean2": 40.7164649963, "max": 2150.10083008, "dvar": 8367.73925781, "mean": 35.9860572815, "dvar2": 17389.4628906, "min": -1.91375386715, "var": 10806.1181641, "median": 11.994140625}, "erbbands_crest": {"dmean": 2.90188241005, "dmean2": 4.54015302658, "max": 33.3025245667, "dvar": 7.89905738831, "mean": 11.2350034714, "dvar2": 17.7650489807, "min": 2.55577015877, "var": 34.651512146, "median": 9.45045471191}, "melbands_skewness": {"dmean": 1.29770958424, "dmean2": 1.78421211243, "max": 36.2941856384, "dvar": 4.35527229309, "mean": 3.51911330223, "dvar2": 8.23544883728, "min": -2.42821574211, "var": 10.2637119293, "median": 2.73936796188}, "spectral_energyband_middle_low": {"dmean": 0.00822597648948, "dmean2": 0.014423568733, "max": 0.198251858354, "dvar": 0.000336828903528, "mean": 0.0126660363749, "dvar2": 0.000943948049098, "min": 1.35335550639e-22, "var": 0.000296474172501, "median": 0.00739042507485}, "spectral_contrast_coeffs": {"dmean": [0.0493922531605, 0.0454287454486, 0.0377049818635, 0.0335188172758, 0.0252674687654, 0.019289534539], "dmean2": [0.0763402357697, 0.0747429430485, 0.0590487085283, 0.0526033304632, 0.0388785675168, 0.0284241475165], "max": [-0.252364873886, -0.330873250961, -0.384866774082, -0.48591414094, -0.519546687603, -0.57778263092], "dvar": [0.00207498669624, 0.00157456053421, 0.00106417830102, 0.000827514275443, 0.000532610982191, 0.000305766123347], "mean": [-0.6697961092, -0.692770659924, -0.713430345058, -0.762589633465, -0.775390505791, -0.773297548294], "dvar2": [0.00474057160318, 0.00410933094099, 0.00247358158231, 0.00193443964235, 0.00113613612484, 0.00057743571233], "min": [-0.981185674667, -0.976159691811, -0.979875683784, -0.97838062048, -0.967114210129, -0.964257240295], "var": [0.0133841717616, 0.00675299623981, 0.00636092061177, 0.0043652812019, 0.00412311777472, 0.00219277804717], "median": [-0.691803574562, -0.699524044991, -0.722172915936, -0.765002727509, -0.782976269722, -0.774400234222]}, "spectral_contrast_valleys": {"dmean": [0.452051073313, 0.421258151531, 0.370756298304, 0.374617516994, 0.340884447098, 0.448937356472], "dmean2": [0.660159707069, 0.674624741077, 0.581751942635, 0.562605440617, 0.46980214119, 0.564383924007], "max": [-4.53619289398, -4.25617980957, -5.52571344376, -5.67737579346, -5.54345083237, -7.52254104614], "dvar": [0.364137470722, 0.241059437394, 0.169815868139, 0.214605137706, 0.195733264089, 0.330015599728], "mean": [-7.68741512299, -7.18175363541, -8.29165267944, -8.97840309143, -8.54246234894, -10.7445745468], "dvar2": [0.670465350151, 0.544179201126, 0.377722799778, 0.439519405365, 0.348286956549, 0.522690713406], "min": [-28.1572666168, -28.232175827, -27.8095474243, -27.7055950165, -27.5440998077, -27.4855422974], "var": [4.5410785675, 3.78473734856, 3.24386286736, 3.2302107811, 3.38282752037, 3.41624641418], "median": [-7.01585054398, -6.86131954193, -8.01789855957, -8.69697570801, -8.22818565369, -10.4205665588]}, "silence_rate_20dB": {"dmean": 0.00094716186868, "dmean2": 0.00189445191063, "max": 1, "dvar": 0.000946316111367, "mean": 0.999526441097, "dvar2": 0.00283829309046, "min": 0, "var": 0.000473222520668, "median": 1}, "silence_rate_30dB": {"dmean": 0.0772613510489, "dmean2": 0.154533147812, "max": 1, "dvar": 0.0712997093797, "mean": 0.895819246769, "dvar2": 0.132702514529, "min": 0, "var": 0.0933344438672, "median": 1}, "spectral_strongpeak": {"dmean": 0.371118664742, "dmean2": 0.616490483284, "max": 7.88162994385, "dvar": 0.401079744101, "mean": 0.761069953442, "dvar2": 0.953734099865, "min": 0, "var": 1.12966620922, "median": 0.320669829845}, "spectral_spread": {"dmean": 837205.1875, "dmean2": 1172640.875, "max": 42633696, "dvar": 1456621092860.0, "mean": 5307335.5, "dvar2": 2551525933060.0, "min": 592700, "var": 11137469906900.0, "median": 4595411}, "barkbands_flatness_db": {"dmean": 0.0282734055072, "dmean2": 0.0373347438872, "max": 0.567652285099, "dvar": 0.000894330500159, "mean": 0.184047594666, "dvar2": 0.00160761934239, "min": 0.0186757072806, "var": 0.00509155867621, "median": 0.172337532043}, "pitch_salience": {"dmean": 0.0915458574891, "dmean2": 0.142134845257, "max": 0.925691068172, "dvar": 0.0120012499392, "mean": 0.462978720665, "dvar2": 0.029403436929, "min": 0.0212927348912, "var": 0.0230839755386, "median": 0.470665335655}, "erbbands_kurtosis": {"dmean": 1.68496727943, "dmean2": 2.60893583298, "max": 112.312797546, "dvar": 7.35393762589, "mean": 1.89017117023, "dvar2": 17.1244411469, "min": -1.85522520542, "var": 17.6795654297, "median": 0.637978136539}, "average_loudness": 0.948438942432, "barkbands_crest": {"dmean": 3.0062558651, "dmean2": 4.57770252228, "max": 25.3136863708, "dvar": 10.3320617676, "mean": 13.1996078491, "dvar2": 23.9019851685, "min": 2.16807579994, "var": 26.8375473022, "median": 12.3703794479}, "hfc": {"dmean": 8.33436965942, "dmean2": 12.6380462646, "max": 207.845581055, "dvar": 350.584014893, "mean": 16.0420131683, "dvar2": 825.044799805, "min": 1.08621056701e-16, "var": 445.553344727, "median": 9.69483566284}, "barkbands_kurtosis": {"dmean": 10.0875587463, "dmean2": 14.2243728638, "max": 820.588989258, "dvar": 692.410339355, "mean": 14.2500753403, "dvar2": 1400.81542969, "min": -1.95859658718, "var": 1182.19616699, "median": 4.90619945526}, "erbbands": {"dmean": [0.82118088007, 2.98806619644, 3.97795915604, 5.42634296417, 7.39135789871, 11.0087747574, 16.0706882477, 14.6550598145, 10.0354652405, 16.9228935242, 27.9059753418, 22.7312030792, 18.4000892639, 6.72688865662, 4.4883646965, 5.04995965958, 6.19541025162, 5.34685564041, 5.78837680817, 6.30869865417, 3.87676000595, 3.967638731, 4.44904613495, 4.14861011505, 8.47099781036, 6.3899769783, 3.66807937622, 3.46234107018, 4.10103845596, 3.97034192085, 4.00503492355, 2.41381907463, 1.10092377663, 0.620711863041, 0.335090219975, 0.223918274045, 0.122455306351, 0.0303813684732, 0.00234906887636, 0.000134751098813], "dmean2": [1.1825619936, 4.6160569191, 7.37766551971, 10.2523107529, 13.8009252548, 19.2633628845, 28.1320705414, 25.8819141388, 16.1143684387, 27.2941589355, 43.6804389954, 33.4021453857, 27.0632076263, 9.93975734711, 6.81133985519, 7.64899396896, 9.78533744812, 8.23338127136, 9.19452571869, 10.076581955, 5.86069154739, 6.3099193573, 7.31417608261, 6.24761629105, 12.9061079025, 9.76526355743, 5.72224807739, 5.57420349121, 6.38613080978, 6.09988546371, 6.07722330093, 3.81130170822, 1.70275688171, 0.95708578825, 0.516527831554, 0.349521934986, 0.199818387628, 0.0512817017734, 0.00393100921065, 0.000215160645894], "max": [17.1870594025, 66.2231674194, 106.562675476, 242.528930664, 373.274658203, 389.826873779, 370.866638184, 730.198303223, 948.387939453, 996.035461426, 1731.10107422, 2152.73583984, 2585.06079102, 986.145446777, 387.62322998, 538.321166992, 633.022827148, 866.117126465, 467.457855225, 589.715698242, 644.77722168, 224.044067383, 281.788635254, 195.970428467, 458.413299561, 496.159790039, 203.632278442, 155.391708374, 175.975906372, 204.122619629, 153.115570068, 210.942626953, 88.8971939087, 28.9424858093, 13.9831342697, 8.49190616608, 5.88735866547, 1.70809817314, 0.0908007621765, 0.00417004805058], "dvar": [4.1784529686, 68.7326431274, 193.257034302, 380.046508789, 583.58380127, 625.63482666, 1164.63269043, 1087.01708984, 863.521972656, 2206.57885742, 6387.84716797, 3926.01782227, 3959.46655273, 306.443634033, 138.127960205, 255.440567017, 236.978317261, 268.891601563, 339.135803223, 403.77041626, 149.354370117, 177.87953186, 294.860473633, 137.866287231, 344.162445068, 257.784698486, 120.988273621, 146.774597168, 128.95324707, 126.982177734, 118.396476746, 57.0485916138, 10.5135231018, 3.200933218, 0.907736063004, 0.369147449732, 0.204142346978, 0.0173339247704, 7.6243733929e-05, 1.74509139583e-07], "mean": [1.02964282036, 3.02919983864, 2.76902580261, 3.75657367706, 5.41578054428, 12.043715477, 19.2362041473, 18.3998889923, 16.3782691956, 25.061920166, 47.4365310669, 47.2903938293, 46.413482666, 14.5137205124, 8.65685558319, 9.60132694244, 10.2791261673, 9.56674480438, 8.42827033997, 9.11045837402, 6.69961166382, 5.8423371315, 5.66912746429, 7.27308607101, 17.5259113312, 11.5574474335, 5.53217220306, 4.00308561325, 5.44926214218, 5.25267219543, 4.53080606461, 2.69503831863, 1.3059117794, 0.642645955086, 0.346963256598, 0.21336093545, 0.103307470679, 0.0235172249377, 0.00193230423611, 0.000136032773298], "dvar2": [8.98642444611, 166.272262573, 550.078369141, 1092.64501953, 1676.71411133, 1737.83752441, 3245.06835938, 3002.51782227, 2107.63500977, 5536.47949219, 15217.1972656, 8243.7421875, 7999.19677734, 654.146362305, 294.338745117, 547.831542969, 548.157836914, 613.499755859, 838.591369629, 988.184020996, 320.957977295, 443.085723877, 759.857788086, 306.413116455, 801.148803711, 574.538452148, 290.002288818, 374.229736328, 284.644866943, 290.216308594, 262.484893799, 138.818435669, 23.6853523254, 7.50478792191, 2.09347510338, 0.883650898933, 0.528036236763, 0.0464690290391, 0.000199564121431, 4.41856201405e-07], "min": [5.0525386087e-23, 4.04717754173e-22, 2.68131989003e-21, 7.4817783625e-21, 2.07506108412e-20, 3.17911552669e-20, 2.72953123154e-20, 7.26777752919e-20, 1.2176943892e-19, 1.15910531566e-19, 2.67730214293e-19, 4.35449691337e-19, 2.38465546498e-19, 6.35020404101e-19, 1.0339201378e-18, 1.46018264426e-18, 8.70836827139e-19, 1.97795324676e-18, 2.18279625365e-18, 3.39853151727e-18, 4.60241018078e-18, 3.23240593972e-18, 4.9542655164e-18, 6.80951210276e-18, 7.2995140453e-18, 9.91821070032e-18, 7.59135411875e-18, 8.92002621256e-18, 1.14220258811e-17, 1.06996366445e-17, 1.06036646683e-17, 1.02603251571e-17, 8.98449170642e-18, 6.90157068749e-18, 6.33504585289e-18, 4.35437717897e-18, 2.51829099073e-18, 9.32016346015e-19, 2.43457969236e-19, 2.94595269905e-20], "var": [4.86666631699, 64.0933074951, 112.733985901, 213.718292236, 333.809387207, 496.753234863, 996.234191895, 1055.23388672, 1528.24523926, 3546.47265625, 14447.9003906, 15203.5869141, 22248.3183594, 1250.20019531, 354.451629639, 676.683166504, 516.643676758, 799.778198242, 479.903198242, 603.700134277, 489.931152344, 210.975723267, 279.282928467, 223.937316895, 1069.63122559, 494.034362793, 148.526016235, 131.604125977, 170.152328491, 157.243911743, 143.851119995, 62.3407783508, 14.4561567307, 3.41813707352, 0.950569868088, 0.354027122259, 0.153587833047, 0.0117527469993, 5.59702457394e-05, 1.40234121204e-07], "median": [0.305112838745, 0.554105877876, 0.346458822489, 0.556406319141, 1.20674455166, 4.28125095367, 8.04218673706, 7.50727367401, 5.62504863739, 7.52411365509, 8.68617248535, 11.8806800842, 6.92428302765, 5.19434547424, 3.21953129768, 2.29920291901, 3.22950839996, 1.67862045765, 1.81826782227, 1.95790505409, 1.27346158028, 1.57168936729, 1.65669035912, 2.04259204865, 3.12808084488, 3.3959646225, 1.71107602119, 0.860031485558, 1.32214665413, 1.4677054882, 0.834879696369, 0.488508224487, 0.295578479767, 0.10041347146, 0.0447053983808, 0.0195319652557, 0.00537940440699, 0.00103168038186, 0.000121630480862, 3.53455070581e-05]}, "spectral_energy": {"dmean": 0.0244695264846, "dmean2": 0.0342472456396, "max": 0.433487385511, "dvar": 0.00254945131019, "mean": 0.0410294309258, "dvar2": 0.00473518762738, "min": 1.00108160385e-20, "var": 0.003811692819, "median": 0.0212554782629}, "zerocrossingrate": {"dmean": 0.012099141255, "dmean2": 0.013960714452, "max": 0.52880859375, "dvar": 0.000297009857604, "mean": 0.0472829155624, "dvar2": 0.000364659354091, "min": 0.00146484375, "var": 0.00264722388238, "median": 0.0361328125}, "spectral_energyband_high": {"dmean": 0.00055