{"lowlevel": {"erbbands": {"mean": [0.0473186187446, 0.505411505699, 1.77641117573, 8.78987789154, 9.75445079803, 7.93484163284, 15.4556818008, 9.28610134125, 24.562297821, 12.7596998215, 19.4786777496, 11.6450023651, 19.4783649445, 11.9415969849, 19.5544605255, 22.8054065704, 13.670794487, 21.6418323517, 36.9403572083, 15.0331306458, 16.2037220001, 24.9719753265, 15.5608778, 13.3784208298, 17.19962883, 12.6295585632, 12.851849556, 21.0799198151, 10.4755725861, 8.79977035522, 7.6514544487, 6.73700475693, 5.98012733459, 3.93887042999, 1.5410490036, 0.507003128529, 0.151343271136, 0.0373704917729, 0.00638166675344, 0.000262675835984], "dvar": [0.0041384040378, 0.376309901476, 3.55599021912, 292.014953613, 179.933319092, 98.162109375, 1488.58251953, 133.139892578, 442.649414062, 146.347076416, 320.690368652, 179.838378906, 465.899047852, 202.538635254, 1363.23474121, 1582.68286133, 932.880432129, 1107.2232666, 3751.05249023, 1709.04187012, 1487.48779297, 2830.50878906, 850.615905762, 283.17376709, 837.96105957, 114.863288879, 83.7434768677, 286.323516846, 90.4508666992, 49.6439285278, 51.7611045837, 32.9920043945, 180.359283447, 34.7683868408, 1.99918329716, 0.177242234349, 0.015884431079, 0.00170228711795, 9.93997819023e-05, 2.40035376464e-07], "min": [3.60355781252e-21, 8.94112125688e-21, 7.80423501414e-21, 1.97420240274e-20, 2.21630201216e-20, 2.57627573129e-19, 3.72420183021e-19, 1.42680060742e-19, 6.33087076214e-19, 4.81993076453e-19, 9.90510733224e-19, 1.17896439705e-18, 5.6037795207e-19, 2.99214574733e-18, 4.80105512334e-18, 3.2235449742e-18, 4.38306256184e-18, 7.50657885932e-18, 5.66439386842e-18, 5.6553879395e-18, 7.07715797048e-18, 5.03394782481e-18, 9.1023053867e-18, 1.12100666394e-17, 1.58995909328e-17, 8.20728521057e-18, 1.49189037966e-17, 1.84352700872e-17, 2.04896062257e-17, 1.851914951e-17, 1.79628904004e-17, 1.85682145553e-17, 1.45403826395e-17, 1.48496075679e-17, 9.81733933335e-18, 6.03320020274e-18, 2.94625645528e-18, 1.14558331664e-18, 3.46778902351e-19, 3.66110720727e-20], "dmean": [0.0364002659917, 0.33816421032, 1.02863514423, 7.42564344406, 7.37920188904, 5.62976121902, 14.7565412521, 6.1917219162, 11.4842433929, 7.23102045059, 10.7318563461, 7.78254795074, 13.1393928528, 9.00915145874, 17.1768531799, 18.9522190094, 11.9132080078, 15.3810386658, 30.4231891632, 14.6142921448, 13.7896938324, 17.6416530609, 12.4043722153, 8.7891702652, 10.6389465332, 6.52474021912, 6.26531744003, 10.8056631088, 5.42198467255, 4.80465316772, 3.84444570541, 3.04318118095, 3.58291077614, 2.04892444611, 0.705539166927, 0.234281942248, 0.0787108838558, 0.0227734297514, 0.00485761323944, 0.000218029206735], "dmean2": [0.0608171001077, 0.564399540424, 1.5688867569, 12.2747478485, 11.4370737076, 8.60883045197, 24.1023101807, 9.66596889496, 18.4789295197, 11.4757413864, 16.3371315002, 12.9655151367, 21.4239635468, 15.0455818176, 25.7648105621, 29.1270618439, 19.8954696655, 26.2237148285, 47.4580764771, 23.3789978027, 21.8031024933, 28.9293327332, 19.5207157135, 13.9160928726, 17.6480731964, 9.73498439789, 9.65438842773, 17.0528831482, 8.54884910583, 7.70298194885, 5.90250873566, 4.88894367218, 5.82471990585, 3.34814763069, 1.10988235474, 0.352636069059, 0.10669349879, 0.0301668252796, 0.00674002477899, 0.000325173867168], "dvar2": [0.0107937641442, 1.11783087254, 6.37353277206, 685.881530762, 417.397155762, 233.733856201, 3656.73950195, 321.832580566, 1051.11975098, 347.761505127, 706.871765137, 475.061096191, 1170.83117676, 526.673828125, 2904.1953125, 3040.95703125, 2011.86364746, 3022.21044922, 7879.33300781, 4394.12011719, 3843.62353516, 7586.75732422, 2106.26391602, 719.534606934, 2285.14941406, 241.56388855, 198.222091675, 668.51965332, 221.373977661, 122.401779175, 109.351844788, 80.2471847534, 450.011413574, 91.0606307983, 4.98824357986, 0.419372946024, 0.0309321805835, 0.00300347222947, 0.000206919867196, 5.49174103526e-07], "max": [0.739660263062, 5.1127614975, 16.3142986298, 136.630050659, 106.610244751, 74.568359375, 319.355957031, 146.570236206, 276.904602051, 144.081939697, 252.983123779, 188.826278687, 222.832382202, 116.757469177, 316.825195312, 342.636688232, 793.21472168, 298.538696289, 573.339233398, 517.442565918, 505.424560547, 723.202026367, 391.079467773, 185.48109436, 411.134887695, 162.401489258, 99.7419967651, 158.181381226, 113.726165771, 67.9452819824, 88.2741012573, 74.2563552856, 171.423339844, 73.7980117798, 16.3322257996, 4.44970798492, 1.33479058743, 0.455656826496, 0.109480626881, 0.00442236755043], "median": [0.0216585267335, 0.291368812323, 0.72090947628, 2.39750933647, 3.0824239254, 2.50109839439, 2.20228791237, 2.91190814972, 4.53181886673, 4.3587141037, 7.16259622574, 5.81593751907, 6.70421457291, 4.22457361221, 3.13602566719, 3.20811271667, 4.2855052948, 4.34614086151, 4.59784603119, 3.43265104294, 4.6052479744, 8.26892375946, 4.58023071289, 5.77456998825, 7.55035591125, 7.17964363098, 7.12660884857, 10.5840578079, 5.688788414, 4.88304138184, 3.91237354279, 3.41002631187, 2.43812322617, 1.66757953167, 0.649319887161, 0.210812166333, 0.0599633157253, 0.0123209841549, 0.00124870217405, 5.3241954447e-05], "var": [0.00522879185155, 0.521411061287, 8.49000263214, 352.307922363, 240.713043213, 161.236099243, 1452.61486816, 291.707946777, 2048.68310547, 316.096984863, 855.168823242, 264.009155273, 777.59564209, 296.833892822, 1940.35925293, 2461.12084961, 1321.05737305, 1472.49401855, 6315.16455078, 1556.77709961, 1361.50537109, 2730.75854492, 932.634887695, 385.269195557, 817.752258301, 279.43347168, 242.646224976, 712.153503418, 162.399093628, 113.867851257, 126.024719238, 93.7568588257, 196.420318604, 44.8146705627, 4.67044830322, 0.48225697875, 0.0443313680589, 0.0037415092811, 0.000163577133208, 3.30949063709e-07]}, "gfcc": {"icov": [[7.30874598958e-05, -1.85599510587e-05, 8.21464855107e-05, -1.00822708191e-05, 1.73083863046e-05, -3.94927919842e-05, 0.00025677922531, -0.000244418304646, 0.000341978418874, 0.000107588573883, 0.000179044582183, 3.76890930056e-05, -4.45062905783e-05], [-1.85599510587e-05, 0.00137892575003, -0.000291321397526, 0.00068828673102, 0.000328277266817, 0.000599682913162, -0.00146986416075, 0.00164688669611, -0.00115191622172, 0.00021971022943, -5.8420086134e-05, 0.000313519296469, -3.93450172851e-05], [8.21464855107e-05, -0.000291321397526, 0.00174339092337, 0.000155379399075, -0.00118902430404, 0.0015154966386, -0.000441947893705, -0.00234586675651, 0.000475574488519, -0.000814004975837, -0.000336493249051, 0.00024046668841, 0.000696208386216], [-1.00822708191e-05, 0.00068828673102, 0.000155379399075, 0.00365011394024, -0.00154687196482, -0.000781577429734, 0.0024143718183, -0.00238897977397, 0.000655006151646, -0.000578914477956, -0.000125331687741, -0.000946990854573, 0.00097358803032], [1.73083863046e-05, 0.000328277266817, -0.00118902430404, -0.00154687196482, 0.00545144779608, -0.00299131823704, -0.00278718885966, 0.00681785354391, -0.00336328847334, 0.000779220252298, 0.00355505384505, -0.00258909002878, 0.00145714520477], [-3.94927919842e-05, 0.000599682913162, 0.0015154966386, -0.000781577429734, -0.00299131823704, 0.00968167278916, -0.00544002791867, -0.00291054416448, 0.00594046153128, -0.00451811077073, -0.000121008743008, 0.00224064849317, -0.00265358900651], [0.00025677922531, -0.00146986416075, -0.000441947893705, 0.0024143718183, -0.00278718885966, -0.00544002791867, 0.0193664506078, -0.0105975558981, -0.0011539113475, 0.00762137258425, -0.00686483085155, 0.00134922249708, -0.000417440547608], [-0.000244418304646, 0.00164688669611, -0.00234586675651, -0.00238897977397, 0.00681785354391, -0.00291054416448, -0.0105975558981, 0.0260218661278, -0.0124292066321, -0.00414818432182, 0.0102302879095, -0.0101143913344, 0.00451238406822], [0.000341978418874, -0.00115191622172, 0.000475574488519, 0.000655006151646, -0.00336328847334, 0.00594046153128, -0.0011539113475, -0.0124292066321, 0.0247165653855, -0.00900033116341, -0.00122067064513, 0.00672426819801, -0.00499991653487], [0.000107588573883, 0.00021971022943, -0.000814004975837, -0.000578914477956, 0.000779220252298, -0.00451811077073, 0.00762137258425, -0.00414818432182, -0.00900033116341, 0.0203224644065, -0.00746465893462, 0.00318475835957, 0.00105862808414], [0.000179044582183, -5.8420086134e-05, -0.000336493249051, -0.000125331687741, 0.00355505384505, -0.000121008743008, -0.00686483085155, 0.0102302879095, -0.00122067064513, -0.00746465893462, 0.0253088250756, -0.0129577890038, 0.0036974309478], [3.76890930056e-05, 0.000313519296469, 0.00024046668841, -0.000946990854573, -0.00258909002878, 0.00224064849317, 0.00134922249708, -0.0101143913344, 0.00672426819801, 0.00318475835957, -0.0129577890038, 0.0214764997363, -0.00736517040059], [-4.45062905783e-05, -3.93450172851e-05, 0.000696208386216, 0.00097358803032, 0.00145714520477, -0.00265358900651, -0.000417440547608, 0.00451238406822, -0.00499991653487, 0.00105862808414, 0.0036974309478, -0.00736517040059, 0.017691610381]], "mean": [-33.2421798706, 51.9100112915, -79.8132247925, 30.6835765839, -61.6709785461, 12.6310977936, -35.4159698486, 9.2701921463, -23.1490192413, 4.61907911301, -19.957529068, -2.85778307915, -15.1614570618], "cov": [[25314.9804688, -2081.61328125, -3237.86108398, 896.12902832, -256.863830566, 556.786499023, -845.981811523, -478.960327148, -1014.9163208, -481.537567139, -446.523376465, -21.5543270111, 170.359115601], [-2081.61328125, 1807.13867188, 573.069519043, -737.142883301, -209.481964111, -360.378967285, 163.442077637, -51.3048858643, 178.548904419, -31.6578884125, 66.1036834717, -96.6979598999, -4.77796363831], [-3237.86108398, 573.069519043, 1469.75952148, -176.79208374, 79.9683456421, -214.032501221, 201.505615234, 226.911712646, 264.364471436, 127.827224731, 57.9627799988, 1.15276014805, -91.360496521], [896.12902832, -737.142883301, -176.79208374, 686.537658691, 220.859436035, 217.469314575, -71.7580871582, 56.2993812561, -65.8623199463, 43.2959747314, -34.4294700623, 63.1176719666, -19.5661621094], [-256.863830566, -209.481964111, 79.9683456421, 220.859436035, 462.905975342, 179.685379028, 53.4696502686, -34.2719268799, -22.1421985626, -13.6691627502, -25.7382926941, 20.1699733734, -9.24925231934], [556.786499023, -360.378967285, -214.032501221, 217.469314575, 179.685379028, 303.298248291, 37.8295478821, 12.5512647629, -68.6024246216, 6.00683736801, -15.1924695969, 28.3299560547, 20.6598739624], [-845.981811523, 163.442077637, 201.505615234, -71.7580871582, 53.4696502686, 37.8295478821, 156.608215332, 70.4403381348, 55.4368247986, 2.98797678947, 28.5740566254, 18.4167690277, -1.56276297569], [-478.960327148, -51.3048858643, 226.911712646, 56.2993812561, -34.2719268799, 12.5512647629, 70.4403381348, 168.243988037, 90.4346008301, 63.2224807739, 2.98531961441, 29.3438262939, -16.5240306854], [-1014.9163208, 178.548904419, 264.364471436, -65.8623199463, -22.1421985626, -68.6024246216, 55.4368247986, 90.4346008301, 149.042602539, 69.2664642334, 13.1657752991, -15.6739063263, -10.4589042664], [-481.537567139, -31.6578884125, 127.827224731, 43.2959747314, -13.6691627502, 6.00683736801, 2.98797678947, 63.2224807739, 69.2664642334, 111.084632874, 19.5011520386, -2.39500594139, -14.8667984009], [-446.523376465, 66.1036834717, 57.9627799988, -34.4294700623, -25.7382926941, -15.1924695969, 28.5740566254, 2.98531961441, 13.1657752991, 19.5011520386, 78.298538208, 35.7943191528, -0.517095685005], [-21.5543270111, -96.6979598999, 1.15276014805, 63.1176719666, 20.1699733734, 28.3299560547, 18.4167690277, 29.3438262939, -15.6739063263, -2.39500594139, 35.7943191528, 96.7242431641, 20.2500743866], [170.359115601, -4.77796363831, -91.360496521, -19.5661621094, -9.24925231934, 20.6598739624, -1.56276297569, -16.5240306854, -10.4589042664, -14.8667984009, -0.517095685005, 20.2500743866, 76.1243362427]]}, "spectral_skewness": {"mean": 1.6102553606, "dvar": 0.243524447083, "min": -0.061582043767, "dmean": 0.269308716059, "dmean2": 0.378066033125, "dvar2": 0.37269037962, "max": 15.5781478882, "median": 1.29457128048, "var": 2.3638894558}, "spectral_energyband_low": {"mean": 0.0063345967792, "dvar": 4.68756916234e-05, "min": 1.13307613292e-22, "dmean": 0.00361951300874, "dmean2": 0.00530589185655, "dvar2": 8.82633539732e-05, "max": 0.0617385879159, "median": 0.00286705233157, "var": 9.95291920844e-05}, "spectral_energyband_middle_low": {"mean": 0.0109675908461, "dvar": 9.2309062893e-05, "min": 2.14045630516e-22, "dmean": 0.00587861705571, "dmean2": 0.00871033873409, "dvar2": 0.000177406560397, "max": 0.0675046518445, "median": 0.00489925267175, "var": 0.000187074576388}, "mfcc": {"icov": [[8.10773562989e-05, 3.06425317831e-05, 0.000160248659085, -5.54151392862e-06, -3.70129891962e-05, 0.000186095930985, -0.000198684894713, 0.000194915250177, -0.000160988041898, 0.000199481102754, 0.000305913155898, -0.000228371398407, 0.000466819270514], [3.06425317831e-05, 0.000937480188441, -0.000843556015752, 0.000738451257348, 0.000368262728443, -0.000468461337732, 0.000803835107945, -0.000248257885687, 0.000146046761074, 0.000356498145266, -0.000122389144963, 0.000614899909124, -0.000361300131772], [0.000160248659085, -0.000843556015752, 0.00368355028331, -0.00115181622095, -0.00111731106881, 0.00414831377566, -0.00305168912746, 0.00123969104607, -0.000848490803037, -0.00165548198856, -3.87980180676e-05, -0.00229833228514, 0.000806856434792], [-5.54151392862e-06, 0.000738451257348, -0.00115181622095, 0.00661274511367, -0.00491717085242, 0.00109850568697, 0.00229899934493, -0.00133646267932, -8.10364290373e-05, 0.00185409502592, -0.00255485670641, -0.000186044795555, 0.000250484736171], [-3.70129891962e-05, 0.000368262728443, -0.00111731106881, -0.00491717085242, 0.01270639617, -0.00974999647588, 0.00149334722664, -0.000341776903952, -0.000745634839404, -0.0013513622107, 0.00169720326085, 0.00170540681574, -0.00238035526127], [0.000186095930985, -0.000468461337732, 0.00414831377566, 0.00109850568697, -0.00974999647588, 0.0214710682631, -0.0141331870109, 0.00425140094012, -0.00227181124501, 0.00124775175937, -0.00198714574799, 7.97846514615e-05, 0.00188429385889], [-0.000198684894713, 0.000803835107945, -0.00305168912746, 0.00229899934493, 0.00149334722664, -0.0141331870109, 0.0232340227813, -0.0128510352224, 0.00610489677638, -0.00321735837497, 0.00298004248179, -0.000931119604502, -0.000679492542986], [0.000194915250177, -0.000248257885687, 0.00123969104607, -0.00133646267932, -0.000341776903952, 0.00425140094012, -0.0128510352224, 0.0235520265996, -0.0154382046312, 0.0119350524619, -0.00676086964086, 9.73549176706e-05, -0.000323000684148], [-0.000160988041898, 0.000146046761074, -0.000848490803037, -8.10364290373e-05, -0.000745634839404, -0.00227181124501, 0.00610489677638, -0.0154382046312, 0.026235120371, -0.0187095161527, 0.0108994282782, -0.00510660046712, 0.000844992755447], [0.000199481102754, 0.000356498145266, -0.00165548198856, 0.00185409502592, -0.0013513622107, 0.00124775175937, -0.00321735837497, 0.0119350524619, -0.0187095161527, 0.0298431180418, -0.0212283469737, 0.013161342591, -0.0025303051807], [0.000305913155898, -0.000122389144963, -3.87980180676e-05, -0.00255485670641, 0.00169720326085, -0.00198714574799, 0.00298004248179, -0.00676086964086, 0.0108994282782, -0.0212283469737, 0.0344210341573, -0.0195405315608, 0.0109055088833], [-0.000228371398407, 0.000614899909124, -0.00229833228514, -0.000186044795555, 0.00170540681574, 7.97846514615e-05, -0.000931119604502, 9.73549176706e-05, -0.00510660046712, 0.013161342591, -0.0195405315608, 0.0261764600873, -0.0131967952475], [0.000466819270514, -0.000361300131772, 0.000806856434792, 0.000250484736171, -0.00238035526127, 0.00188429385889, -0.000679492542986, -0.000323000684148, 0.000844992755447, -0.0025303051807, 0.0109055088833, -0.0131967952475, 0.0177883543074]], "mean": [-686.69342041, 90.0298995972, 31.2406330109, 21.6718730927, 2.32143473625, 3.49946904182, 0.0108445379883, 0.206606760621, 3.26725244522, 1.71450817585, 2.34387993813, 1.64144802094, -4.63437271118], "cov": [[24219.0878906, -2551.53027344, -2574.5378418, -344.574066162, 44.9771842957, 447.627410889, 240.818618774, -88.388343811, -295.237915039, -737.168151855, -703.338745117, -471.800170898, -609.235534668], [-2551.53027344, 2011.30786133, 666.465454102, -239.554046631, -295.266387939, -287.333312988, -173.628952026, -83.6317520142, -5.02753400803, 94.2340545654, 70.5102157593, 36.8104400635, 61.4536933899], [-2574.5378418, 666.465454102, 881.279174805, 108.663711548, -64.1945343018, -210.942749023, -75.3104095459, 0.428287416697, 77.1660308838, 156.79234314, 155.764343262, 129.999694824, 70.0688247681], [-344.574066162, -239.554046631, 108.663711548, 339.583099365, 179.611404419, 50.700340271, 21.3580570221, 49.6344909668, 38.7245254517, 18.0049304962, 49.7863121033, 50.1970481873, 22.2868766785], [44.9771842957, -295.266387939, -64.1945343018, 179.611404419, 292.261291504, 187.581069946, 103.796035767, 59.6730575562, 41.4755973816, 6.11259126663, -6.16922473907, -4.13874864578, 17.1033935547], [447.627410889, -287.333312988, -210.942749023, 50.700340271, 187.581069946, 245.303466797, 146.139892578, 59.1394996643, 14.5902862549, -25.4728946686, -30.5037269592, -26.9200134277, -8.54306793213], [240.818618774, -173.628952026, -75.3104095459, 21.3580570221, 103.796035767, 146.139892578, 163.216369629, 85.7221298218, 17.2505989075, -26.0094985962, -15.3735389709, 8.25956058502, 10.5026483536], [-88.388343811, -83.6317520142, 0.428287416697, 49.6344909668, 59.6730575562, 59.1394996643, 85.7221298218, 128.913146973, 51.3473892212, -21.6729469299, 6.96546220779, 39.7961997986, 26.9700889587], [-295.237915039, -5.02753400803, 77.1660308838, 38.7245254517, 41.4755973816, 14.5902862549, 17.2505989075, 51.3473892212, 106.722808838, 66.1547241211, 24.2336521149, 11.5839128494, 7.27372026443], [-737.168151855, 94.2340545654, 156.79234314, 18.0049304962, 6.11259126663, -25.4728946686, -26.0094985962, -21.6729469299, 66.1547241211, 152.638549805, 77.381652832, -13.5269327164, -22.8829212189], [-703.338745117, 70.5102157593, 155.764343262, 49.7863121033, -6.16922473907, -30.5037269592, -15.3735389709, 6.96546220779, 24.2336521149, 77.381652832, 112.775032043, 53.3103103638, -5.66482973099], [-471.800170898, 36.8104400635, 129.999694824, 50.1970481873, -4.13874864578, -26.9200134277, 8.25956058502, 39.7961997986, 11.5839128494, -13.5269327164, 53.3103103638, 130.344970703, 71.4042816162], [-609.235534668, 61.4536933899, 70.0688247681, 22.2868766785, 17.1033935547, -8.54306793213, 10.5026483536, 26.9700889587, 7.27372026443, -22.8829212189, -5.66482973099, 71.4042816162, 126.89112854]]}, "silence_rate_20dB": {"mean": 1, "dvar": 0, "min": 1, "dmean": 0, "dmean2": 0, "dvar2": 0, "max": 1, "median": 1, "var": 0}, "dynamic_complexity": 5.51222038269, "silence_rate_60dB": {"mean": 0.230545461178, "dvar": 0.0337143316865, "min": 0, "dmean": 0.0349344983697, "dmean2": 0.0699198842049, "dvar2": 0.0723158121109, "max": 1, "median": 0, "var": 0.177394852042}, "dissonance": {"mean": 0.457482993603, "dvar": 0.0010824368801, "min": 0.0993761047721, "dmean": 0.0213188119233, "dmean2": 0.0345677770674, "dvar2": 0.00271996646188, "max": 0.500000119209, "median": 0.479801684618, "var": 0.00378432287835}, "barkbands": {"mean": [0.000131437467644, 0.00204417877831, 0.00192757940385, 0.00344821554609, 0.00292258732952, 0.00142337440047, 0.00159544218332, 0.000815669132862, 0.000557485618629, 0.000505304778926, 0.000216848857235, 0.000770858430769, 0.000270567950793, 0.000621894258074, 0.000439551193267, 0.000243675996899, 0.00045109342318, 0.000251520425081, 0.00035159412073, 0.000243506001425, 0.000443112629, 0.00029245991027, 0.000268717063591, 0.000367511674995, 0.000267610797891, 9.29162706598e-05, 3.30053117068e-05], "dvar": [4.75975348024e-08, 5.95367873757e-06, 5.52321989744e-06, 4.41859374405e-05, 1.52384345711e-05, 8.20152672532e-06, 1.84376972356e-06, 5.82892312195e-07, 5.43104079043e-07, 3.22474335235e-07, 1.54373068995e-07, 2.62829166786e-06, 3.84624712524e-07, 7.92735818322e-07, 9.76803107733e-07, 4.62434229576e-07, 9.72384100351e-07, 3.13150451348e-07, 2.71911488881e-07, 4.46781349694e-08, 1.06668316846e-07, 6.24147205031e-08, 5.07701116703e-08, 4.16424796867e-07, 7.3865201955e-08, 5.19694109968e-09, 2.57963805872e-09], "min": [5.33363120625e-23, 6.71683064597e-23, 8.91213241091e-24, 4.66521689725e-24, 6.27392879281e-23, 1.60943496546e-23, 3.96375215623e-23, 3.81044871444e-23, 4.94160488614e-23, 4.35244538125e-23, 7.15312689346e-23, 1.23632237441e-22, 8.92388486067e-23, 1.48134951355e-22, 9.23201456134e-23, 1.42499960137e-22, 8.87099268361e-23, 1.99765354865e-22, 2.75045051008e-22, 1.86998429975e-22, 4.17774348787e-22, 5.42678444578e-22, 6.46946822612e-22, 9.17019777998e-22, 1.35765178172e-21, 1.53150884924e-21, 2.4815745533e-21], "dmean": [0.000121917168144, 0.0013751963852, 0.00120652618352, 0.00305022881366, 0.00207686773501, 0.00121590320487, 0.000764883239754, 0.000477614055853, 0.000400325516239, 0.00035506702261, 0.000207199947909, 0.000671788176987, 0.000246029376285, 0.000436600472312, 0.000462188298116, 0.000230029094382, 0.000325650617015, 0.000209418183658, 0.00021747664141, 0.000129779451527, 0.000216418062337, 0.000150982508785, 0.00013262401626, 0.00019571489247, 0.000122650104458, 4.37442977272e-05, 2.46386716753e-05], "dmean2": [0.000205842618016, 0.00228618318215, 0.00175087247044, 0.00510842259973, 0.00306967296638, 0.00197092327289, 0.00120374711696, 0.000754746666644, 0.000672780210152, 0.000582713691983, 0.000356735603418, 0.000982716213912, 0.000422616605647, 0.000713807938155, 0.00076125288615, 0.000364464591257, 0.000526686315425, 0.000345621141605, 0.000353001902113, 0.000191911225556, 0.000339981867, 0.000240898894845, 0.000205876116524, 0.000317777157761, 0.000198170353542, 6.0743503127e-05, 3.42059029208e-05], "dvar2": [1.23278496744e-07, 1.71490119101e-05, 8.75486875884e-06, 0.000103461097751, 3.30358125211e-05, 2.04620955628e-05, 4.34428739027e-06, 1.33443063532e-06, 1.45203023294e-06, 8.6922563014e-07, 4.47466163678e-07, 4.9977402341e-06, 8.64662695221e-07, 1.96348651116e-06, 2.41621091845e-06, 1.1718989299e-06, 2.67191285275e-06, 8.49039679451e-07, 7.0702242283e-07, 9.34436101829e-08, 2.38649420226e-07, 1.50060216697e-07, 1.10271606957e-07, 1.00774298062e-06, 1.90479312323e-07, 1.03349337977e-08, 5.20312148922e-09], "max": [0.00220295484178, 0.0208908654749, 0.0247405320406, 0.0493764579296, 0.0288587342948, 0.0259249340743, 0.0176132787019, 0.00951428245753, 0.0101096462458, 0.0060000680387, 0.00379557767883, 0.0139981023967, 0.0147006064653, 0.00926384609193, 0.0103557296097, 0.00753246434033, 0.0127827767283, 0.00736855808645, 0.00658675422892, 0.00344657571986, 0.00298550794832, 0.00244060880505, 0.00255208299495, 0.0082936277613, 0.00323522766121, 0.000705629820004, 0.000553505145945], "median": [2.79240175587e-05, 0.00119696720503, 0.000572149117943, 0.000756939698476, 0.000960819539614, 0.000297602062346, 0.000300928542856, 0.000313077354804, 0.000210479047382, 0.000127222650917, 6.57125783619e-05, 7.41470357752e-05, 7.83317227615e-05, 6.02068794251e-05, 7.2569528129e-05, 4.69546248496e-05, 0.000140608084621, 6.76939525874e-05, 0.000158659604494, 0.000139072784805, 0.0002446041035, 0.000151448999532, 0.000139587355079, 0.000163237957167, 0.00011874557822, 3.76266980311e-05, 6.90536126058e-06], "var": [5.71559475304e-08, 8.25253300718e-06, 1.2499102013e-05, 5.27484844497e-05, 2.36733558268e-05, 9.00203758647e-06, 8.13626957097e-06, 1.34731203616e-06, 7.6475799915e-07, 5.69082828861e-07, 1.49933370608e-07, 3.96626273869e-06, 5.07492188717e-07, 1.61203661264e-06, 9.70322389549e-07, 4.13682442968e-07, 8.95898551789e-07, 2.69769572014e-07, 3.12076224418e-07, 1.05919340854e-07, 2.92795704127e-07, 1.28621437057e-07, 1.34380073291e-07, 5.40804364846e-07, 1.47995862676e-07, 1.59105830733e-08, 4.37079883397e-09]}, "spectral_complexity": {"mean": 17.4312725067, "dvar": 36.0024108887, "min": 0, "dmean": 4.98398828506, "dmean2": 6.68026208878, "dvar2": 64.1636810303, "max": 58, "median": 15, "var": 204.776092529}, "spectral_energyband_high": {"mean": 0.00193888682406, "dvar": 2.00491263058e-06, "min": 7.81068847695e-21, "dmean": 0.00079889857443, "dmean2": 0.00117980281357, "dvar2": 4.58300701212e-06, "max": 0.017372623086, "median": 0.00115636258852, "var": 5.78071239943e-06}, "hfc": {"mean": 25.3906059265, "dvar": 197.226028442, "min": 1.14883594797e-16, "dmean": 9.07017803192, "dmean2": 11.8550758362, "dvar2": 378.593841553, "max": 164.46887207, "median": 19.1690044403, "var": 708.718322754}, "melbands_kurtosis": {"mean": 27.5420589447, "dvar": 1131.1809082, "min": -1.56625914574, "dmean": 14.628276825, "dmean2": 22.6732330322, "dvar2": 2692.93359375, "max": 614.942810059, "median": 7.90563106537, "var": 4056.92480469}, "spectral_strongpeak": {"mean": 0.782479941845, "dvar": 2.39167118073, "min": 0, "dmean": 0.641755998135, "dmean2": 1.15018832684, "dvar2": 6.69334030151, "max": 16.1012306213, "median": 0.364630520344, "var": 1.78421127796}, "silence_rate_30dB": {"mean": 1, "dvar": 0, "min": 1, "dmean": 0, "dmean2": 0, "dvar2": 0, "max": 1, "median": 1, "var": 0}, "melbands_spread": {"mean": 32.889629364, "dvar": 507.912658691, "min": 0.681334853172, "dmean": 13.3642511368, "dmean2": 21.1654872894, "dvar2": 1269.4329834, "max": 228.883544922, "median": 24.996635437, "var": 908.979736328}, "melbands_crest": {"mean": 13.990272522, "dvar": 11.4988365173, "min": 2.46273493767, "dmean": 3.79676485062, "dmean2": 6.10121536255, "dvar2": 29.5957069397, "max": 32.1913871765, "median": 13.1755132675, "var": 25.9435997009}, "average_loudness": 0.925626933575, "spectral_flux": {"mean": 0.0785712599754, "dvar": 0.000783784955274, "min": 1.01644748174e-10, "dmean": 0.0244289916009, "dmean2": 0.0372899100184, "dvar2": 0.00197971286252, "max": 0.234400317073, "median": 0.0750294551253, "var": 0.00272261747159}, "spectral_rolloff": {"mean": 2488.13696289, "dvar": 2443199, "min": 64.599609375, "dmean": 967.129882812, "dmean2": 1564.06591797, "dvar2": 5648882, "max": 18906.1523438, "median": 1658.05664062, "var": 5710179.5}, "melbands": {"mean": [0.000514167768415, 0.000863279099576, 0.00148172792979, 0.000659125973471, 0.000469613383757, 0.000210876096389, 0.000366702384781, 0.000134686400997, 0.000142299046274, 7.85589436418e-05, 9.94349902612e-05, 4.83923176944e-05, 4.71393032058e-05, 9.86509621725e-05, 3.07159789372e-05, 2.68402618531e-05, 4.17359333369e-05, 6.83995240252e-05, 2.57235296885e-05, 1.62157521117e-05, 1.97045192181e-05, 2.75209840765e-05, 1.82326348295e-05, 1.15910142995e-05, 9.82066376309e-06, 1.60347262863e-05, 6.72384294376e-06, 9.2517811936e-06, 7.62503123042e-06, 9.64330683928e-06, 1.32340855998e-05, 5.81822905588e-06, 4.83760186398e-06, 4.87967872687e-06, 4.54239716419e-06, 3.7980498746e-06, 4.26767110184e-06, 3.85329985875e-06, 4.50912375527e-06, 3.03469255414e-06], "dvar": [3.83974594342e-07, 6.99165411788e-07, 5.97533517066e-06, 7.71930672272e-07, 1.21245159335e-06, 9.56525525453e-08, 9.80288064056e-08, 1.68913452114e-08, 1.70453340331e-08, 1.09410613902e-08, 1.2237299174e-08, 3.52210260957e-09, 6.14789685827e-09, 4.85231339553e-08, 3.40462458226e-09, 3.27252069887e-09, 5.31927701886e-09, 1.37534765798e-08, 5.10533482156e-09, 2.7047413198e-09, 2.85562573588e-09, 4.61091520521e-09, 1.89833926356e-09, 6.46588893538e-10, 1.72363609496e-10, 7.8580042473e-10, 9.402331691e-11, 7.64232219175e-11, 3.92423350759e-11, 5.02861016716e-11, 1.58912480397e-10, 3.11560083288e-11, 3.38130877464e-11, 1.58872966866e-11, 2.5977889978e-11, 9.50982608633e-12, 1.83868423959e-11, 5.289819624e-11, 1.40124079007e-10, 1.36261653003e-11], "min": [2.80281553873e-23, 6.95920468811e-24, 3.26833277186e-24, 7.68740376745e-24, 1.48286586198e-23, 3.7870017173e-24, 8.32520648679e-24, 5.8706373812e-24, 8.26982371808e-24, 7.04531437795e-24, 2.30635239669e-24, 1.14577565753e-23, 1.38949581192e-23, 1.40786806686e-23, 8.22377632932e-24, 9.18010136066e-24, 1.47259647072e-23, 8.89505041687e-24, 6.58976929329e-24, 1.1141118852e-23, 7.22472659134e-24, 5.06428624642e-24, 5.81770165902e-24, 9.94331403127e-24, 8.89521213335e-24, 9.62818618774e-24, 1.0569210473e-23, 4.22539104942e-24, 9.43272854353e-24, 9.38235898587e-24, 1.13860688406e-23, 1.26523854421e-23, 8.9674954581e-24, 1.07582586223e-23, 9.07972748794e-24, 1.12799023622e-23, 1.2046925231e-23, 9.74612404852e-24, 1.24336082807e-23, 1.18927187013e-23], "dmean": [0.000350151763996, 0.000479090522276, 0.0011773952283, 0.000477950816276, 0.000436186324805, 0.000154446344823, 0.000171529667568, 7.79680340202e-05, 7.92933496996e-05, 5.6526336266e-05, 6.71401066938e-05, 3.77013602701e-05, 4.22275115852e-05, 8.59838037286e-05, 2.80256899714e-05, 2.45766805165e-05, 3.36937118846e-05, 5.50835793547e-05, 2.75882503047e-05, 1.6469073671e-05, 1.78976770258e-05, 2.15280124394e-05, 1.44516998262e-05, 1.02235562736e-05, 6.73000340612e-06, 1.07623645818e-05, 3.95226788896e-06, 5.09760957357e-06, 4.19171692556e-06, 4.93358902531e-06, 7.26231837689e-06, 3.29160752699e-06, 3.01066597785e-06, 2.78501806861e-06, 2.49662275564e-06, 1.87310774891e-06, 2.17295314542e-06, 2.21387381316e-06, 3.0368626085e-06, 1.59379931119e-06], "dmean2": [0.000580352323595, 0.000753385596909, 0.00188085483387, 0.000737461377867, 0.000709441083018, 0.000244918803219, 0.000273023993941, 0.000122337267385, 0.000122723882669, 9.54595961957e-05, 0.000109830805741, 6.35239412077e-05, 6.68056527502e-05, 0.000126007231302, 4.67527897854e-05, 4.27888044214e-05, 5.79942279728e-05, 8.48855270306e-05, 4.5744873205e-05, 2.71004009846e-05, 2.98556005873e-05, 3.61226047971e-05, 2.23466377065e-05, 1.7400510842e-05, 1.06290190161e-05, 1.8086295313e-05, 6.26148903393e-06, 7.72736075305e-06, 6.7037858571e-06, 7.87296721683e-06, 1.14204440251e-05, 5.34008995601e-06, 4.84668998979e-06, 4.57224768979e-06, 3.89862361772e-06, 2.85702594738e-06, 3.56255236511e-06, 3.58532020073e-06, 4.97378232467e-06, 2.64373034042e-06], "dvar2": [1.05915080439e-06, 1.50890673467e-06, 1.32713439598e-05, 1.94474796444e-06, 2.97104111269e-06, 2.38744291892e-07, 2.31418340491e-07, 4.15017247235e-08, 3.7396844732e-08, 2.92550854653e-08, 3.10434202788e-08, 9.08207553607e-09, 1.48651135845e-08, 9.00006398297e-08, 7.61544871608e-09, 8.18811063397e-09, 1.4167729212e-08, 2.74102198716e-08, 1.32355548743e-08, 7.18850490244e-09, 7.71962049839e-09, 1.31624364741e-08, 4.39894121129e-09, 1.77017722702e-09, 4.4723860726e-10, 2.11885442525e-09, 2.53930265703e-10, 1.59999138938e-10, 9.32679281029e-11, 1.22941615222e-10, 3.58689633551e-10, 7.90540133355e-11, 8.62426935422e-11, 4.07072604791e-11, 5.68882059515e-11, 2.21467601202e-11, 4.73367178788e-11, 1.29694963102e-10, 3.58290397351e-10, 3.67223196296e-11], "max": [0.00618496676907, 0.00742690172046, 0.018964689225, 0.00727930711582, 0.00901146233082, 0.00345476414077, 0.00415369868279, 0.0014856425114, 0.00178803119343, 0.0014814940514, 0.00112445373088, 0.000554280471988, 0.000650667061564, 0.00195497111417, 0.00115521252155, 0.001132753212, 0.000687888357788, 0.00114108063281, 0.000930263835471, 0.000487451761728, 0.000734606408514, 0.000842109962832, 0.000708675885107, 0.000508153694682, 0.000161755815498, 0.000388846121496, 0.000189527185285, 0.000152318694745, 6.13635784248e-05, 8.82084859768e-05, 0.00013573243632, 6.14455566392e-05, 5.50140684936e-05, 4.01171346311e-05, 6.96517818142e-05, 3.3885044104e-05, 5.48073003301e-05, 9.16974531719e-05, 0.000149064740981, 4.28869898315e-05], "median": [0.0002628104412, 0.000435647321865, 0.000441930547822, 0.000212687649764, 7.74408399593e-05, 6.17682308075e-05, 6.54879549984e-05, 5.21675756318e-05, 5.42554735148e-05, 3.15422985295e-05, 3.30247021338e-05, 1.49657016664e-05, 9.32194325287e-06, 9.41852613323e-06, 7.26908638171e-06, 7.92619539425e-06, 6.38581241219e-06, 6.80728180669e-06, 4.6192121772e-06, 3.22845949086e-06, 4.72558213005e-06, 9.07514913706e-06, 4.77240928376e-06, 3.13342275149e-06, 3.87393447454e-06, 6.67320637149e-06, 2.99529756376e-06, 5.05078241986e-06, 4.03302510676e-06, 5.25812401975e-06, 6.09256539974e-06, 3.12675024361e-06, 2.29594161283e-06, 2.60024944509e-06, 2.24972768592e-06, 1.97874760488e-06, 2.00777753889e-06, 1.63340814652e-06, 1.62542028193e-06, 1.26452755467e-06], "var": [5.24911627053e-07, 1.62446042395e-06, 8.00256293587e-06, 1.099676183e-06, 1.20896004319e-06, 1.53149926518e-07, 4.53117564803e-07, 3.20375690421e-08, 4.49859030027e-08, 1.47618806068e-08, 2.03348626826e-08, 5.16863973843e-09, 8.0887483378e-09, 7.34293692517e-08, 4.6798120934e-09, 3.72375907887e-09, 6.75932820826e-09, 2.55121186399e-08, 4.46187087277e-09, 2.20246554328e-09, 2.28704966077e-09, 3.72362518597e-09, 2.03552752431e-09, 5.61198143512e-10, 2.24798735182e-10, 7.60318141779e-10, 1.06658272492e-10, 1.73925179814e-10, 9.50623191276e-11, 1.47007059303e-10, 3.41243727719e-10, 5.27417484686e-11, 4.62824500946e-11, 3.62430710443e-11, 5.10954126232e-11, 2.95378825566e-11, 4.0964887732e-11, 6.72860586692e-11, 1.33049835038e-10, 2.09487913128e-11]}, "spectral_energy": {"mean": 0.0209977068007, "dvar": 0.000141893469845, "min": 1.03316546796e-20, "dmean": 0.00856652390212, "dmean2": 0.0111539550126, "dvar2": 0.000231964761042, "max": 0.0923658311367, "median": 0.0151787688956, "var": 0.000428107188782}, "spectral_decrease": {"mean": -4.9532462576e-09, "dvar": 9.13523958279e-18, "min": -2.37530937142e-08, "dmean": 2.11191508726e-09, "dmean2": 2.82407985885e-09, "dvar2": 1.53362941706e-17, "max": 2.34821265419e-29, "median": -3.44453687795e-09, "var": 2.54016909075e-17}, "erbbands_spread": {"mean": 48.2165756226, "dvar": 177.936767578, "min": 1.29622340202, "dmean": 12.837594986, "dmean2": 19.3850765228, "dvar2": 397.522888184, "max": 124.324211121, "median": 47.3502120972, "var": 675.236328125}, "spectral_contrast_coeffs": {"mean": [-0.649379312992, -0.76993316412, -0.794737994671, -0.812596917152, -0.81881916523, -0.791746377945], "dvar": [0.00266999285668, 0.00131751899607, 0.00162507384084, 0.00139493588358, 0.000528985518031, 0.000338839337928], "min": [-0.967642664909, -0.972031652927, -0.965741336346, -0.955751121044, -0.95715880394, -0.957849740982], "dmean": [0.0581604242325, 0.0434616357088, 0.0434424951673, 0.0366535447538, 0.0232565291226, 0.0178428273648], "dmean2": [0.0897421762347, 0.0713288784027, 0.0671982094646, 0.056900113821, 0.0367352217436, 0.0272897798568], "dvar2": [0.00561136379838, 0.00353589723818, 0.00365690654144, 0.00292459339835, 0.00122565799393, 0.000718889001291], "max": [-0.304110497236, -0.437405019999, -0.493495047092, -0.550788640976, -0.621127068996, -0.659486413002], "median": [-0.664594173431, -0.786726117134, -0.805206298828, -0.829013824463, -0.814987003803, -0.780280351639], "var": [0.0121150854975, 0.00692441966385, 0.00664174370468, 0.00537507748231, 0.00260082003661, 0.0022907173261]}, "spectral_energyband_middle_high": {"mean": 0.00409423187375, "dvar": 7.24693336451e-06, "min": 1.36573284759e-21, "dmean": 0.00194632075727, "dmean2": 0.00277879834175, "dvar2": 1.31009410325e-05, "max": 0.0232152026147, "median": 0.00225397897884, "var": 2.26555184781e-05}, "erbbands_crest": {"mean": 9.27317142487, "dvar": 9.633893013, "min": 2.35005044937, "dmean": 3.11784744263, "dmean2": 4.82234477997, "dvar2": 20.6869907379, "max": 30.304397583, "median": 7.83152580261, "var": 25.5636825562}, "barkbands_crest": {"mean": 9.21046352386, "dvar": 6.61750030518, "min": 2.2526807785, "dmean": 2.67041778564, "dmean2": 4.3039689064, "dvar2": 15.9952840805, "max": 26.271938324, "median": 8.0549993515, "var": 18.2907657623}, "pitch_salience": {"mean": 0.585363566875, "dvar": 0.00584587035701, "min": 0.100591413677, "dmean": 0.0829065591097, "dmean2": 0.135874196887, "dvar2": 0.0146291414276, "max": 0.895605444908, "median": 0.610983908176, "var": 0.0149560254067}, "melbands_skewness": {"mean": 3.06962537766, "dvar": 1.50262439251, "min": -3.35218524933, "dmean": 1.06153059006, "dmean2": 1.61474180222, "dvar2": 3.42005372047, "max": 17.7393188477, "median": 2.48035168648, "var": 7.3265414238}, "spectral_spread": {"mean": 6569076, "dvar": 1253611667460.0, "min": 296236.53125, "dmean": 709495.5625, "dmean2": 1023800.1875, "dvar2": 1856433946620.0, "max": 40964360, "median": 6476809, "var": 4135485702140.0}, "spectral_entropy": {"mean": 7.78113555908, "dvar": 0.0639292374253, "min": 4.47535514832, "dmean": 0.200760111213, "dmean2": 0.286065548658, "dvar2": 0.104191891849, "max": 9.78944396973, "median": 8.00115203857, "var": 0.513747155666}, "erbbands_flatness_db": {"mean": 0.12873737514, "dvar": 0.000809570949059, "min": 0.0324170514941, "dmean": 0.0228134188801, "dmean2": 0.0317034982145, "dvar2": 0.0014319922775, "max": 0.505445718765, "median": 0.106654666364, "var": 0.00571103300899}, "spectral_kurtosis": {"mean": 6.79087924957, "dvar": 124.658668518, "min": -1.2130753994, "dmean": 2.28512024879, "dmean2": 3.36513018608, "dvar2": 208.117446899, "max": 359.085632324, "median": 2.24813365936, "var": 846.538757324}, "erbbands_skewness": {"mean": 0.394444912672, "dvar": 0.293067514896, "min": -3.76965928078, "dmean": 0.49182844162, "dmean2": 0.72648024559, "dvar2": 0.610804200172, "max": 6.53531932831, "median": 0.162867590785, "var": 1.49503231049}, "erbbands_kurtosis": {"mean": 2.47479891777, "dvar": 17.1295223236, "min": -1.73481297493, "dmean": 2.06657123566, "dmean2": 3.1792216301, "dvar2": 35.6465339661, "max": 64.0631332397, "median": 0.22611618042, "var": 52.8550834656}, "barkbands_spread": {"mean": 32.3762130737, "dvar": 94.8519515991, "min": 0.501791775227, "dmean": 8.85884380341, "dmean2": 13.0962095261, "dvar2": 218.351013184, "max": 100.756355286, "median": 30.2157554626, "var": 474.072723389}, "zerocrossingrate": {"mean": 0.0942791178823, "dvar": 0.000515178369824, "min": 0.01123046875, "dmean": 0.0183954816312, "dmean2": 0.0212332997471, "dvar2": 0.000705704733264, "max": 0.49267578125, "median": 0.0859375, "var": 0.00313228880987}, "spectral_centroid": {"mean": 1606.91308594, "dvar": 281466.53125, "min": 215.503601074, "dmean": 380.238311768, "dmean2": 556.917053223, "dvar2": 555314.25, "max": 11643.1552734, "median": 1563.53100586, "var": 978510.1875}, "barkbands_skewness": {"mean": 1.68584644794, "dvar": 0.849461436272, "min": -3.64836668968, "dmean": 0.782536804676, "dmean2": 1.16781175137, "dvar2": 1.96706092358, "max": 13.1666059494, "median": 1.16852796078, "var": 4.24992704391}, "melbands_flatness_db": {"mean": 0.189758881927, "dvar": 0.00118378037587, "min": 0.00674514612183, "dmean": 0.0327817797661, "dmean2": 0.047310564667, "dvar2": 0.00214355089702, "max": 0.585128903389, "median": 0.16141025722, "var": 0.0113789336756}, "spectral_contrast_valleys": {"mean": [-7.74588012695, -7.13583374023, -7.91626930237, -8.34677314758, -7.97836303711, -9.74062156677], "dvar": [0.353486567736, 0.352287143469, 0.426052570343, 0.38762024045, 0.370777785778, 0.30935883522], "min": [-27.0888938904, -27.0493831635, -27.1960163116, -27.4276237488, -27.3417396545, -27.3295288086], "dmean": [0.50129288435, 0.489760488272, 0.552247405052, 0.49816313386, 0.399609297514, 0.361954748631], "dmean2": [0.783221423626, 0.739945054054, 0.819525778294, 0.697175323963, 0.523246228695, 0.469812899828], "dvar2": [0.554799318314, 0.537757992744, 0.722290754318, 0.621147871017, 0.511083304882, 0.395460814238], "max": [-5.64859962463, -5.11055469513, -5.39257907867, -5.47464179993, -5.75619792938, -7.61229610443], "median": [-7.30767822266, -6.69455623627, -7.42566490173, -7.80445146561, -7.37187337875, -9.06011199951], "var": [2.07583594322, 2.33130168915, 2.99117016792, 3.05327916145, 3.21721863747, 2.92546033859]}, "barkbands_flatness_db": {"mean": 0.11906709522, "dvar": 0.000698875752278, "min": 0.0218514855951, "dmean": 0.0242116842419, "dmean2": 0.0348073020577, "dvar2": 0.00120226817671, "max": 0.479707658291, "median": 0.0897685959935, "var": 0.00693666748703}, "barkbands_kurtosis": {"mean": 8.5209941864, "dvar": 113.050979614, "min": -1.854429245, "dmean": 5.17120504379, "dmean2": 8.0201969146