{"tonal": {"chords_key": "G", "hpcp_entropy": {"dmean": 0.59512758255, "dmean2": 0.995213449001, "max": 4.11037874222, "dvar": 0.242854729295, "mean": 1.97645199299, "dvar2": 0.644153058529, "min": 0, "var": 0.517966926098, "median": 2.00321125984}, "key_key": "G", "chords_strength": {"dmean": 0.0124419052154, "dmean2": 0.0127953458577, "max": 0.773063004017, "dvar": 0.000103519152617, "mean": 0.464767068624, "dvar2": 0.000134503163281, "min": 0.145427405834, "var": 0.0109156724066, "median": 0.458229720592}, "key_scale": "major", "chords_number_rate": 0.00367068685591, "thpcp": [1, 0.65090739727, 0.414478570223, 0.424768298864, 0.458292007446, 0.747518837452, 0.822980046272, 0.547826647758, 0.487972646952, 0.495824605227, 0.407019466162, 0.513801336288, 0.569163858891, 0.402387440205, 0.410318821669, 0.423970580101, 0.299476206303, 0.269104629755, 0.280066549778, 0.255633056164, 0.550828576088, 0.882726669312, 0.645095646381, 0.380894839764, 0.337331622839, 0.341970473528, 0.55879765749, 0.639717340469, 0.537317037582, 0.543964743614, 0.434206217527, 0.271537691355, 0.329688578844, 0.386530160904, 0.36027225852, 0.724220097065], "key_strength": 0.675378859043, "tuning_nontempered_energy_ratio": 0.950473666191, "tuning_frequency": 434.193115234, "chords_changes_rate": 0.0875721052289, "tuning_diatonic_strength": 0.521613836288, "chords_scale": "minor", "chords_histogram": [15.6790771484, 1.15364444256, 7.8657579422, 2.35972738266, 3.74934458733, 0.28841111064, 0.891452550888, 1.15364444256, 0, 0.131095960736, 0.131095960736, 0.970110118389, 0.917671740055, 0.943890929222, 0.865233361721, 1.442055583, 3.48715257645, 16.0461463928, 3.1200838089, 10.7760877609, 0.65547978878, 5.6895647049, 10.8809652328, 10.8023071289], "tuning_equal_tempered_deviation": 0.261361211538, "hpcp": {"dmean": [0.139464974403, 0.137061610818, 0.143105581403, 0.131768837571, 0.122385084629, 0.106976121664, 0.11086999625, 0.116915389895, 0.0960490703583, 0.0835031270981, 0.0876228287816, 0.0683737099171, 0.0679482743144, 0.0720059797168, 0.0680334120989, 0.1016561836, 0.119628220797, 0.118011020124, 0.0959689095616, 0.0810202211142, 0.0863299593329, 0.105096489191, 0.113388672471, 0.111222520471, 0.11806859076, 0.0989581644535, 0.0699775740504, 0.0756142809987, 0.0856574997306, 0.0901730433106, 0.129296079278, 0.140658989549, 0.129154652357, 0.112670131028, 0.1122687608, 0.127262741327], "dmean2": [0.242700859904, 0.235839158297, 0.251447677612, 0.232748880982, 0.213470816612, 0.186400637031, 0.19242092967, 0.200463294983, 0.170000046492, 0.143701776862, 0.149244233966, 0.120380654931, 0.120243139565, 0.127718016505, 0.119144834578, 0.17225907743, 0.198114961386, 0.199723616242, 0.168690517545, 0.142028525472, 0.151021629572, 0.179957807064, 0.190574303269, 0.190813496709, 0.209813922644, 0.170979693532, 0.120719432831, 0.128854110837, 0.145377591252, 0.157451853156, 0.219485506415, 0.23672965169, 0.22443857789, 0.196973100305, 0.194166213274, 0.224884748459], "max": [1, 1, 1, 1, 1, 1, 1, 1, 1, 1, 1, 1, 1, 1, 1, 1, 1, 1, 1, 1, 1, 1, 1, 1, 1, 1, 1, 1, 1, 1, 1, 1, 1, 1, 1, 1], "dvar": [0.0455117896199, 0.0453288815916, 0.0492635220289, 0.0482525154948, 0.0417950712144, 0.0347606949508, 0.0342803560197, 0.0388157218695, 0.0308152977377, 0.0271523837, 0.0296622272581, 0.0216845981777, 0.0230185389519, 0.0265162810683, 0.0206108540297, 0.0252834819257, 0.0363464877009, 0.0342206135392, 0.0352218039334, 0.0263324901462, 0.0306262969971, 0.0335175096989, 0.0374189391732, 0.0334418900311, 0.0473072826862, 0.0296328533441, 0.0231499467045, 0.0237153340131, 0.0254546366632, 0.0237735211849, 0.036783080548, 0.0447410270572, 0.0373025685549, 0.035465952009, 0.0378363020718, 0.042211111635], "mean": [0.206106811762, 0.226913064718, 0.151047438383, 0.134544417262, 0.136709362268, 0.112223908305, 0.141665935516, 0.156930550933, 0.110946759582, 0.113133609295, 0.116897687316, 0.0825719460845, 0.074197858572, 0.0772202908993, 0.0704834610224, 0.151875123382, 0.243386477232, 0.177866563201, 0.105020791292, 0.0930094867945, 0.094288520515, 0.154072374105, 0.176383644342, 0.148149713874, 0.149982616305, 0.119719870389, 0.0748687013984, 0.0909021347761, 0.106574565172, 0.0993347093463, 0.199682846665, 0.275721222162, 0.179468989372, 0.114280536771, 0.117117635906, 0.126360833645], "dvar2": [0.114832885563, 0.110265985131, 0.130892857909, 0.127736791968, 0.108623497188, 0.0925875306129, 0.087952747941, 0.0987842679024, 0.0837845727801, 0.0682038366795, 0.074400909245, 0.0582966096699, 0.0611308701336, 0.0706062018871, 0.0549665279686, 0.0665480718017, 0.0824419558048, 0.0875337794423, 0.0949900299311, 0.0686270371079, 0.0802020803094, 0.0845197290182, 0.0902238935232, 0.0861957892776, 0.121952779591, 0.0768548697233, 0.0594668500125, 0.0610679611564, 0.0637125521898, 0.0636591911316, 0.0933862924576, 0.107140675187, 0.0990554764867, 0.0929132848978, 0.0962189435959, 0.111492969096], "min": [0, 0, 0, 0, 0, 0, 0, 0, 0, 0, 0, 0, 0, 0, 0, 0, 0, 0, 0, 0, 0, 0, 0, 0, 0, 0, 0, 0, 0, 0, 0, 0, 0, 0, 0, 0], "var": [0.0909835994244, 0.104107886553, 0.0532607547939, 0.0546240396798, 0.0539015233517, 0.0374836437404, 0.0513360798359, 0.0632658526301, 0.0368079803884, 0.0493367537856, 0.0493300259113, 0.0302578881383, 0.0251957494766, 0.0271558929235, 0.0201128702611, 0.0422742255032, 0.106151305139, 0.0613285750151, 0.0430199615657, 0.0368272960186, 0.03460887447, 0.0630455240607, 0.0770854726434, 0.0509431436658, 0.0699426531792, 0.0395070165396, 0.0267477203161, 0.030037753284, 0.0367838777602, 0.0263456907123, 0.0710418522358, 0.121388792992, 0.0606233887374, 0.0384275875986, 0.045947317034, 0.0431634187698], "median": [0.052916534245, 0.0588552728295, 0.0456958338618, 0.0305161289871, 0.0304384417832, 0.0315263271332, 0.0456118360162, 0.0460949987173, 0.0306857973337, 0.0219337269664, 0.0235152747482, 0.0188707523048, 0.0172769259661, 0.0182509850711, 0.0237255319953, 0.0601299293339, 0.0858800262213, 0.0633443146944, 0.0250417087227, 0.0167490877211, 0.0227390248328, 0.0389463603497, 0.041720688343, 0.0419443398714, 0.0329748354852, 0.0303583964705, 0.0183272399008, 0.0253060143441, 0.0283490084112, 0.0359593853354, 0.0702904760838, 0.0965331569314, 0.0643493011594, 0.0323672071099, 0.0273902378976, 0.0379232317209]}}, "lowlevel": {"melbands_flatness_db": {"dmean": 0.0233574714512, "dmean2": 0.0345445014536, "max": 0.490139096975, "dvar": 0.000654601724818, "mean": 0.207594141364, "dvar2": 0.00148034188896, "min": 0.00427373452112, "var": 0.00585032114759, "median": 0.200532376766}, "melbands_crest": {"dmean": 2.9183614254, "dmean2": 4.71565580368, "max": 35.9849891663, "dvar": 8.10262203217, "mean": 13.8375682831, "dvar2": 20.9133148193, "min": 2.3986313343, "var": 28.3053665161, "median": 13.0033550262}, "spectral_entropy": {"dmean": 0.162778511643, "dmean2": 0.228270500898, "max": 9.81466674805, "dvar": 0.0302189383656, "mean": 7.43562221527, "dvar2": 0.0543713085353, "min": 4.96338033676, "var": 0.255994766951, "median": 7.46843719482}, "melbands": {"dmean": [0.000570918840822, 0.000717523624189, 0.000231943835388, 0.000361133861588, 0.000115933376946, 9.40210156841e-05, 0.00010558412032, 9.5423507446e-05, 8.85889021447e-05, 9.80979748419e-05, 6.99205193087e-05, 5.39973625564e-05, 4.40393778263e-05, 4.46692683909e-05, 4.4239928684e-05, 3.32195340889e-05, 4.77680041513e-05, 2.7230629712e-05, 2.03352228709e-05, 1.70107159647e-05, 1.72364289028e-05, 1.46900656546e-05, 9.14113206818e-06, 6.74707825965e-06, 1.05121898741e-05, 5.57206249141e-06, 4.27025725003e-06, 3.05085177388e-06, 2.15219915845e-06, 3.04921559291e-06, 1.48176491166e-06, 1.45718638578e-06, 1.21900222894e-06, 1.09481698018e-06, 7.2217574143e-07, 5.07020502027e-07, 3.72278975647e-07, 3.50641300884e-07, 3.6581019458e-07, 2.37654745661e-07], "dmean2": [0.000991452136077, 0.00125843705609, 0.00039702974027, 0.000619131722488, 0.000191796832951, 0.000151954925968, 0.000163866250659, 0.000144708508742, 0.000132788714836, 0.000136880291393, 0.000106933359348, 8.06050156825e-05, 6.61616722937e-05, 6.92770263413e-05, 6.71733214404e-05, 4.89782360091e-05, 7.3844952567e-05, 4.07307270507e-05, 3.05586399918e-05, 2.58967938862e-05, 2.68847234111e-05, 2.28970293392e-05, 1.4074425053e-05, 1.03479569589e-05, 1.66294612427e-05, 8.56443784869e-06, 6.56482870909e-06, 4.78631227452e-06, 3.33444631906e-06, 4.76371042168e-06, 2.21239793063e-06, 2.20089259528e-06, 1.84880445886e-06, 1.66665085999e-06, 1.07774962999e-06, 7.6702002616e-07, 5.65546201869e-07, 5.24795325418e-07, 5.54062125957e-07, 3.56531586476e-07], "max": [0.0285155195743, 0.0314603447914, 0.0139526836574, 0.0205713976175, 0.0054767918773, 0.00847477559, 0.00736719882116, 0.00550440419465, 0.00635235989466, 0.00603494141251, 0.00375107466243, 0.00380144454539, 0.00312854046933, 0.00835012178868, 0.00661767274141, 0.00772186135873, 0.00323519553058, 0.00225319387391, 0.00138740928378, 0.00163205666468, 0.00197862018831, 0.00158060900867, 0.000606055371463, 0.000474715343444, 0.000529172830284, 0.000416498747654, 0.000227868426009, 0.000259222404566, 0.000168139478774, 0.000204455674975, 8.00481357146e-05, 8.80863735802e-05, 7.62347772252e-05, 7.33173146727e-05, 6.56465199427e-05, 2.87837228825e-05, 1.68174083228e-05, 2.91876494884e-05, 2.77790986729e-05, 1.14450413093e-05], "dvar": [2.33404512073e-06, 5.06429705638e-06, 5.23054325186e-07, 1.38694258567e-06, 9.25473884195e-08, 4.89445461938e-08, 5.26854293526e-08, 6.45491908813e-08, 5.7733117842e-08, 6.1705236476e-08, 2.56130316956e-08, 1.59860302773e-08, 9.93791537951e-09, 2.58238852524e-08, 1.77460623974e-08, 8.94662566253e-09, 1.76918319994e-08, 5.40408562344e-09, 2.57866838993e-09, 1.80602277577e-09, 2.08751593789e-09, 1.03330521917e-09, 4.64473404183e-10, 2.21365273334e-10, 6.77929656856e-10, 1.73797032321e-10, 9.99602900453e-11, 6.57665588655e-11, 3.41486804112e-11, 5.85316378698e-11, 1.6224183455e-11, 1.43952688311e-11, 9.73100940105e-12, 7.9960994423e-12, 5.00758896155e-12, 1.74317808452e-12, 7.80979285148e-13, 7.45945785609e-13, 9.05128999095e-13, 3.2239567461e-13], "mean": [0.00104299653322, 0.00118003005628, 0.000363362574717, 0.000431286171079, 0.00018700963119, 0.000164476892678, 0.000211204649531, 0.000163068354595, 0.000169471284607, 0.000203924180823, 0.000136654431117, 0.000107315332571, 8.43042435008e-05, 7.62886484154e-05, 8.0270190665e-05, 6.27175686532e-05, 9.92955028778e-05, 5.43705391465e-05, 3.84824816138e-05, 3.60249214282e-05, 3.65412706742e-05, 2.94687033602e-05, 1.73268745129e-05, 1.43026309161e-05, 2.15659965761e-05, 1.09327775135e-05, 8.37134484755e-06, 5.92075411987e-06, 4.48066930403e-06, 6.15794988335e-06, 2.56456723946e-06, 2.48862829721e-06, 2.23888741857e-06, 1.98789825845e-06, 1.15493571684e-06, 9.08189520032e-07, 7.04622493686e-07, 6.33701631614e-07, 6.95200469636e-07, 4.44446612846e-07], "dvar2": [6.67845552016e-06, 1.45479161802e-05, 1.47820878738e-06, 3.76814705305e-06, 2.49624036996e-07, 1.23748037595e-07, 1.19476823102e-07, 1.2862881249e-07, 1.26280170321e-07, 1.08297065537e-07, 5.71737892585e-08, 3.33805374453e-08, 2.15902460354e-08, 5.80617651735e-08, 3.92900858515e-08, 1.50228860463e-08, 4.13334255711e-08, 1.08986411007e-08, 5.63006130605e-09, 4.00246102927e-09, 4.49448167572e-09, 2.38870145886e-09, 1.07372821745e-09, 5.26882648622e-10, 1.73128611447e-09, 4.07615802223e-10, 2.31523064609e-10, 1.6939762093e-10, 8.64263174916e-11, 1.47654721783e-10, 3.65595435869e-11, 3.20732815307e-11, 2.19489895009e-11, 1.8374621269e-11, 9.94749074779e-12, 3.80961581725e-12, 1.77380050752e-12, 1.60052234053e-12, 2.08736652095e-12, 6.86201150155e-13], "min": [1.01389184036e-23, 3.6431667363e-24, 2.03573228265e-24, 1.05157501583e-23, 7.08149863881e-24, 9.40742504114e-24, 9.49104745253e-24, 2.41651603324e-24, 1.1738503494e-23, 1.02790895201e-23, 6.48702765456e-24, 9.91835762767e-24, 9.77985810741e-24, 4.92331640823e-24, 5.53502676427e-24, 6.92726607665e-24, 3.63581258051e-24, 4.53671224466e-24, 1.44021089066e-23, 1.29183909171e-23, 9.86080233603e-24, 8.38334947981e-24, 1.28420473252e-23, 1.15813821232e-23, 1.11624409734e-23, 8.29240170604e-24, 7.40045166887e-24, 4.35999675226e-24, 6.49320285773e-24, 1.0944707475e-23, 1.11199718578e-23, 7.65839025221e-24, 8.49646976703e-24, 9.90964702556e-24, 9.89363551577e-24, 9.02181563117e-24, 8.65848365316e-24, 1.07716203483e-23, 1.04412099025e-23, 1.02674135899e-23], "var": [2.14575766222e-06, 4.04351931138e-06, 4.67103092205e-07, 1.14390115868e-06, 1.15494380282e-07, 1.02006943337e-07, 1.48780131326e-07, 1.39620411232e-07, 1.65062303381e-07, 2.34999546933e-07, 7.53239035589e-08, 4.53147848134e-08, 2.60365879967e-08, 5.58160024866e-08, 4.13898249008e-08, 4.61238016669e-08, 6.39524841972e-08, 1.65242131089e-08, 7.35506278104e-09, 7.24853732592e-09, 1.09285291927e-08, 4.29790336653e-09, 1.34084954251e-09, 8.53326853623e-10, 2.32944064038e-09, 5.09981668007e-10, 2.97700447627e-10, 1.50447349023e-10, 7.4944578321e-11, 1.87858895107e-10, 2.95999613709e-11, 2.7702770633e-11, 2.33123104154e-11, 2.02733073384e-11, 9.11015967525e-12, 3.98755551148e-12, 2.19375797909e-12, 1.83759583071e-12, 2.13937092867e-12, 7.72822506944e-13], "median": [0.000671910587698, 0.000727495527826, 0.000179941693204, 0.000166645972058, 7.36134898034e-05, 6.35351025267e-05, 7.48955790186e-05, 4.59091752418e-05, 3.70973939425e-05, 4.36446462118e-05, 3.33669959218e-05, 2.86929716822e-05, 2.27276632359e-05, 1.96663968381e-05, 1.85960052477e-05, 1.4694456695e-05, 1.65360615938e-05, 9.52701520873e-06, 8.83774191607e-06, 8.20876812213e-06, 8.6220970843e-06, 8.22724723548e-06, 4.50961124443e-06, 3.58740589945e-06, 3.29181284542e-06, 2.5784565878e-06, 1.92380139197e-06, 1.41948044075e-06, 1.03502520687e-06, 9.21787830066e-07, 6.01877331974e-07, 4.12864835653e-07, 2.99871516063e-07, 2.39258326928e-07, 1.64023902016e-07, 1.19702264101e-07, 8.237044824e-08, 9.95202640297e-08, 1.18201924693e-07, 9.34591852797e-08]}, "silence_rate_60dB": {"dmean": 0.0246557369828, "dmean2": 0.0493179447949, "max": 1, "dvar": 0.0240495838225, "mean": 0.103592969477, "dvar2": 0.0547591522336, "min": 0, "var": 0.0928601697087, "median": 0}, "spectral_energyband_middle_high": {"dmean": 0.00168590736575, "dmean2": 0.00237549375743, "max": 0.0743253305554, "dvar": 7.54826851335e-06, "mean": 0.00602631876245, "dvar2": 1.50509413288e-05, "min": 1.54617060541e-21, "var": 5.54600628675e-05, "median": 0.00313766347244}, "erbbands_skewness": {"dmean": 0.313437283039, "dmean2": 0.479609549046, "max": 3.35933208466, "dvar": 0.0964220091701, "mean": 0.17885760963, "dvar2": 0.215568482876, "min": -3.12923598289, "var": 0.48821619153, "median": 0.146633639932}, "dynamic_complexity": 5.46444272995, "dissonance": {"dmean": 0.0216076541692, "dmean2": 0.0360823385417, "max": 0.500000119209, "dvar": 0.000614382443018, "mean": 0.456662356853, "dvar2": 0.00160784239415, "min": 0.142970249057, "var": 0.00168054713868, "median": 0.469335228205}, "spectral_skewness": {"dmean": 0.244529888034, "dmean2": 0.384030133486, "max": 8.33372211456, "dvar": 0.0808301270008, "mean": 1.77202963829, "dvar2": 0.207930400968, "min": -0.0527028404176, "var": 0.411922842264, "median": 1.62479448318}, "spectral_kurtosis": {"dmean": 1.97474324703, "dmean2": 3.24086499214, "max": 100.577293396, "dvar": 10.040895462, "mean": 6.15867233276, "dvar2": 27.7539539337, "min": -1.27668893337, "var": 33.961807251, "median": 4.90653038025}, "gfcc": {"cov": [[18986.7675781, -890.2265625, -981.642700195, 728.346618652, -452.39932251, 214.635971069, -416.523895264, 218.914840698, -244.394821167, 222.756225586, -245.799545288, 243.892837524, -162.896072388], [-890.2265625, 1423.12988281, -150.178970337, -286.834991455, 50.1462783813, -111.660446167, 32.6231842041, -29.4033966064, 104.351661682, -127.14365387, 147.299621582, -102.624710083, 103.289031982], [-981.642700195, -150.178970337, 1668.15002441, 201.791595459, 97.5217971802, 285.891937256, -147.088699341, 139.387405396, -101.187355042, 64.1411361694, -42.2635955811, 115.362289429, -82.5236358643], [728.346618652, -286.834991455, 201.791595459, 480.881286621, 48.3540344238, 67.8022994995, -65.7351455688, 27.2979450226, 4.13289117813, 35.3651275635, -18.0061893463, 26.0546913147, 19.0808849335], [-452.39932251, 50.1462783813, 97.5217971802, 48.3540344238, 291.216796875, 31.248588562, 1.2946845293, 42.1371765137, 30.8795375824, 52.7512931824, -6.70901441574, -14.3407850266, 27.6187667847], [214.635971069, -111.660446167, 285.891937256, 67.8022994995, 31.248588562, 247.521972656, 37.9681816101, 66.5721282959, -11.6917552948, 40.4515190125, -3.46404576302, 13.153968811, -27.9130172729], [-416.523895264, 32.6231842041, -147.088699341, -65.7351455688, 1.2946845293, 37.9681816101, 235.85307312, 25.7879295349, 29.8295516968, -28.4206962585, 8.96128082275, -10.8210735321, -2.03550553322], [218.914840698, -29.4033966064, 139.387405396, 27.2979450226, 42.1371765137, 66.5721282959, 25.7879295349, 163.128799438, 26.4528102875, 29.926361084, -6.38068962097, 19.5948696136, -1.32002210617], [-244.394821167, 104.351661682, -101.187355042, 4.13289117813, 30.8795375824, -11.6917552948, 29.8295516968, 26.4528102875, 134.875854492, 19.959569931, 26.2008304596, -25.7822952271, 19.8910388947], [222.756225586, -127.14365387, 64.1411361694, 35.3651275635, 52.7512931824, 40.4515190125, -28.4206962585, 29.926361084, 19.959569931, 123.641952515, 12.1198186874, 10.6008272171, -10.6477766037], [-245.799545288, 147.299621582, -42.2635955811, -18.0061893463, -6.70901441574, -3.46404576302, 8.96128082275, -6.38068962097, 26.2008304596, 12.1198186874, 99.4144134521, 11.7042770386, 8.72526359558], [243.892837524, -102.624710083, 115.362289429, 26.0546913147, -14.3407850266, 13.153968811, -10.8210735321, 19.5948696136, -25.7822952271, 10.6008272171, 11.7042770386, 96.7584686279, -4.22972631454], [-162.896072388, 103.289031982, -82.5236358643, 19.0808849335, 27.6187667847, -27.9130172729, -2.03550553322, -1.32002210617, 19.8910388947, -10.6477766037, 8.72526359558, -4.22972631454, 100.714241028]], "mean": [-46.356048584, 94.4553222656, -119.330749512, 26.6521263123, -46.7426528931, 17.4292697906, -31.1012020111, 14.6139392853, -22.466342926, 6.45655918121, -15.3323478699, 0.645714581013, -9.72211360931], "icov": [[0.000101088517113, -0.000134514310048, 0.000219458859647, -0.000218810819206, 0.000191596947843, -0.000225572322961, 0.000233559549088, -0.000213109829929, 0.000213156599784, -0.000295187928714, 0.000479227572214, -0.000428601924796, 0.000276775070233], [-0.000134514310048, 0.00169369752984, -0.000570141186472, 0.00110928690992, -0.000685810169671, 0.000576917140279, -4.11803630413e-05, 0.000100051765912, -0.000917791156098, 0.00216507446021, -0.00303909531794, 0.00213095359504, -0.00152050249744], [0.000219458859647, -0.000570141186472, 0.00154212710913, -0.000740056217182, 0.000158767172252, -0.00155263207853, 0.00122975779232, -0.000901199877262, 0.00092513934942, -0.000642433646135, 0.00165128754452, -0.00206414377317, 0.00140228425153], [-0.000218810819206, 0.00110928690992, -0.000740056217182, 0.0033411255572, -0.000825644587167, -2.76405862678e-05, 0.000318542122841, 0.00046065117931, -0.00124373205472, 0.00139469676651, -0.00176398386247, 0.0011803987436, -0.00190422532614], [0.000191596947843, -0.000685810169671, 0.000158767172252, -0.000825644587167, 0.00468802917749, -0.000348110450432, -3.08222261083e-05, -0.000851461431012, 0.000174443834112, -0.00284902448766, 0.00203669746406, -0.000180748407729, -0.00061380432453], [-0.000225572322961, 0.000576917140279, -0.00155263207853, -2.76405862678e-05, -0.000348110450432, 0.00691520655528, -0.00241352547891, -0.000895918521564, 0.000328224909026, -0.000713571498636, -0.00196439097635, 0.00235590687953, -0.000143120036228], [0.000233559549088, -4.11803630413e-05, 0.00122975779232, 0.000318542122841, -3.08222261083e-05, -0.00241352547891, 0.00627736933529, -0.00144171249121, -0.000672421767376, 0.00165646418463, 0.000506030977704, -0.00124381936621, 0.00102665729355], [-0.000213109829929, 0.000100051765912, -0.000901199877262, 0.00046065117931, -0.000851461431012, -0.000895918521564, -0.00144171249121, 0.00858415290713, -0.0024881309364, -0.000568508577999, 0.000537477491889, -0.00101372937206, -0.000862271466758], [0.000213156599784, -0.000917791156098, 0.00092513934942, -0.00124373205472, 0.000174443834112, 0.000328224909026, -0.000672421767376, -0.0024881309364, 0.010702162981, -0.00297313043848, -0.000638689671177, 0.00138411566149, -3.79190387321e-05], [-0.000295187928714, 0.00216507446021, -0.000642433646135, 0.00139469676651, -0.00284902448766, -0.000713571498636, 0.00165646418463, -0.000568508577999, -0.00297313043848, 0.0135799571872, -0.00541379023343, 0.00176708714571, -0.000312820222462], [0.000479227572214, -0.00303909531794, 0.00165128754452, -0.00176398386247, 0.00203669746406, -0.00196439097635, 0.000506030977704, 0.000537477491889, -0.000638689671177, -0.00541379023343, 0.0176471322775, -0.00702294986695, 0.00222344743088], [-0.000428601924796, 0.00213095359504, -0.00206414377317, 0.0011803987436, -0.000180748407729, 0.00235590687953, -0.00124381936621, -0.00101372937206, 0.00138411566149, 0.00176708714571, -0.00702294986695, 0.0164349991828, -0.00291742384434], [0.000276775070233, -0.00152050249744, 0.00140228425153, -0.00190422532614, -0.00061380432453, -0.000143120036228, 0.00102665729355, -0.000862271466758, -3.79190387321e-05, -0.000312820222462, 0.00222344743088, -0.00291742384434, 0.0132432635874]]}, "spectral_complexity": {"dmean": 2.83829498291, "dmean2": 4.16552972794, "max": 59, "dvar": 11.6889600754, "mean": 16.154340744, "dvar2": 20.9008865356, "min": 0, "var": 144.945663452, "median": 13}, "spectral_flux": {"dmean": 0.0203165151179, "dmean2": 0.0312924236059, "max": 0.3792796731, "dvar": 0.0007805575151, "mean": 0.0643849894404, "dvar2": 0.00161929382011, "min": 1.0554000035e-10, "var": 0.00225720577873, "median": 0.0552701167762}, "spectral_energyband_low": {"dmean": 0.00329876574688, "dmean2": 0.00568585889414, "max": 0.12586799264, "dvar": 9.21043101698e-05, "mean": 0.00607987074181, "dvar2": 0.000259831431322, "min": 5.64257122484e-23, "var": 8.11016216176e-05, "median": 0.00406489055604}, "spectral_decrease": {"dmean": 1.54596613289e-09, "dmean2": 2.4609916327e-09, "max": 3.88708446879e-21, "dvar": 1.20436479756e-17, "mean": -4.58384574742e-09, "dvar2": 3.22754393751e-17, "min": -5.12915150352e-08, "var": 2.04612604005e-17, "median": -3.40072681126e-09}, "barkbands_spread": {"dmean": 5.30145931244, "dmean2": 8.12267303467, "max": 114.113739014, "dvar": 49.1238441467, "mean": 23.3929710388, "dvar2": 113.495788574, "min": 1.005423069, "var": 199.004425049, "median": 21.3908653259}, "spectral_rms": {"dmean": 0.000603491789661, "dmean2": 0.00090824306244, "max": 0.014154993929, "dvar": 8.58652470015e-07, "mean": 0.00383176235482, "dvar2": 2.06727509067e-06, "min": 3.20150416594e-12, "var": 3.78513936994e-06, "median": 0.0036810010206}, "spectral_centroid": {"dmean": 223.088699341, "dmean2": 334.119598389, "max": 11250.6777344, "dvar": 74952.46875, "mean": 1427.62207031, "dvar2": 144917.734375, "min": 198.441940308, "var": 492933.5, "median": 1382.55688477}, "barkbands_skewness": {"dmean": 0.543468236923, "dmean2": 0.821283280849, "max": 10.9176292419, "dvar": 0.47683480382, "mean": 1.3065366745, "dvar2": 1.05879831314, "min": -3.30927467346, "var": 2.1915538311, "median": 0.918622136116}, "spectral_rolloff": {"dmean": 420.851379395, "dmean2": 705.21270752, "max": 19810.546875, "dvar": 750587.875, "mean": 1499.53759766, "dvar2": 1900239.75, "min": 21.533203125, "var": 1491318.75, "median": 1335.05859375}, "erbbands_spread": {"dmean": 7.23902320862, "dmean2": 10.8205595016, "max": 185.224273682, "dvar": 92.2258224487, "mean": 33.1407165527, "dvar2": 188.192398071, "min": 1.81412422657, "var": 340.168365479, "median": 29.9368209839}, "barkbands": {"dmean": [0.000110131455585, 0.00222459179349, 0.00116751913447, 0.000395325449063, 0.00140611303505, 0.000451607746072, 0.00054753216682, 0.000418958516093, 0.000640230544377, 0.000442903401563, 0.000347674329532, 0.000405138416681, 0.000352604023647, 0.000474396190839, 0.000275017024251, 0.000217937646084, 0.000262559507973, 0.000138179791975, 0.000194500520593, 9.92937639239e-05, 8.76398771652e-05, 6.69211149216e-05, 3.92303008994e-05, 3.00515966956e-05, 2.60511260421e-05, 4.25216494477e-05, 5.0604990065e-06], "dmean2": [0.000181705167051, 0.00388662493788, 0.00201345141977, 0.000686039740685, 0.00239958567545, 0.000727729348, 0.000837855797727, 0.000649743538816, 0.00090254668612, 0.000675314571708, 0.000519777648151, 0.000622921972536, 0.000539544096682, 0.00072844553506, 0.000414116773754, 0.00033675172017, 0.000410964537878, 0.000213057675865, 0.000299140694551, 0.000154940949869, 0.000134354879265, 9.98902396532e-05, 5.64191104786e-05, 4.43313874712e-05, 3.6995344999e-05, 6.82597747073e-05, 8.33852300275e-06], "max": [0.00694413669407, 0.105673030019, 0.0606231242418, 0.0232281964272, 0.079495370388, 0.038280531764, 0.0269025955349, 0.0349828265607, 0.0350166261196, 0.0191077683121, 0.021516315639, 0.0638756379485, 0.055865585804, 0.0273097697645, 0.0184163358063, 0.0246183890849, 0.0319390371442, 0.00650453614071, 0.00778740178794, 0.00613017100841, 0.00615130271763, 0.00427424162626, 0.00279813818634, 0.0019019364845, 0.00161455315538, 0.00337926042266, 0.000671084097121], "dvar": [1.10555426147e-07, 3.77236210625e-05, 1.42293865792e-05, 1.66714460192e-06, 1.98462130356e-05, 1.05125263872e-06, 1.52263407927e-06, 1.51795222791e-06, 2.29295255849e-06, 9.65642584561e-07, 5.66518906453e-07, 1.56627095294e-06, 9.24661151203e-07, 1.62796720815e-06, 4.2259989641e-07, 3.254242813e-07, 3.20751865956e-07, 8.59752660176e-08, 1.74137994691e-07, 5.76800687213e-08, 4.37335181402e-08, 2.82981655886e-08, 1.20425713845e-08, 4.96941110484e-09, 4.02294197954e-09, 2.90685591153e-08, 4.93909135812e-10], "mean": [0.00014051728067, 0.00399457849562, 0.00170801812783, 0.000505585921928, 0.00182529224548, 0.000812450540252, 0.00108483363874, 0.000658308388665, 0.00136779074091, 0.000842367357109, 0.000660587393213, 0.000715624541044, 0.000633373332676, 0.000984359765425, 0.000531063589733, 0.000473995605716, 0.00053246767493, 0.000282959081233, 0.000413807370933, 0.000204306837986, 0.000190364444279, 0.000131074048113, 6.8478337198e-05, 6.1855695094e-05, 5.39485408808e-05, 4.6766068408e-05, 4.49062645203e-06], "dvar2": [2.88951582661e-07, 0.000108438849566, 4.03302583436e-05, 4.78987476527e-06, 5.37901069038e-05, 2.67286304734e-06, 3.21384209201e-06, 3.58033776138e-06, 3.98744168706e-06, 2.14853025682e-06, 1.1799013464e-06, 3.34583432959e-06, 1.84935584002e-06, 3.63062395081e-06, 8.81641994965e-07, 7.53674612497e-07, 7.26854636923e-07, 2.0301159509e-07, 4.17514996798e-07, 1.42836611872e-07, 1.04147254376e-07, 6.24731626431e-08, 2.38131363517e-08, 1.06543787126e-08, 7.86877318859e-09, 7.47226422959e-08, 1.31140676096e-09], "min": [8.77443910648e-24, 2.11381763991e-23, 1.18844609053e-23, 2.01751610384e-24, 5.19795912124e-23, 4.06250775969e-23, 4.76344191287e-23, 2.65423043179e-23, 7.00815634718e-23, 5.08291322454e-23, 7.76099660129e-23, 3.39882014746e-23, 7.42963210707e-23, 3.22688034011e-23, 1.60483401312e-22, 1.64236031571e-22, 1.36334753416e-22, 2.77635291567e-22, 2.42683048424e-22, 1.81304747506e-22, 4.61182928399e-22, 4.33639136763e-22, 6.48494605573e-22, 7.75462588684e-22, 1.32662513763e-21, 1.67752218128e-21, 2.04112349533e-21], "var": [1.19145688871e-07, 3.16964651574e-05, 1.28576357383e-05, 1.46278944158e-06, 1.70925959537e-05, 2.22463972932e-06, 4.78822676087e-06, 2.81516349787e-06, 1.00055767689e-05, 2.69284555543e-06, 1.61013940669e-06, 4.34109551861e-06, 3.51663265974e-06, 6.15199724052e-06, 1.4029075146e-06, 1.67636198967e-06, 1.47707305587e-06, 2.91690753329e-07, 6.45917509701e-07, 1.49335932065e-07, 1.34298772991e-07, 6.9802503333e-08, 2.48390605861e-08, 1.55720432105e-08, 1.09340643206e-08, 2.52374317e-08, 3.70232455804e-10], "median": [2.32535203395e-05, 0.0028097582981, 0.000603207037784, 0.000165984994965, 0.000750867649913, 0.000327817338984, 0.000310649396852, 0.000145987738506, 0.000267496041488, 0.000205705335247, 0.000163180258824, 0.000168217462488, 0.000137232447742, 0.000155832181918, 0.000120438082376, 0.000101708814327, 0.000143849014421, 7.7602249803e-05, 8.61482258188e-05, 5.07537770318e-05, 3.86239116779e-05, 1.92941770365e-05, 1.09129787234e-05, 8.42423469294e-06, 1.0085548638e-05, 2.58182990365e-06, 1.45423229014e-07]}, "melbands_kurtosis": {"dmean": 7.39508914948, "dmean2": 11.8607311249, "max": 629.95703125, "dvar": 338.230285645, "mean": 12.5791845322, "dvar2": 882.057250977, "min": -1.77749168873, "var": 627.27935791, "median": 3.58022689819}, "erbbands_crest": {"dmean": 2.42093729973, "dmean2": 3.87107610703, "max": 31.2139568329, "dvar": 5.36458015442, "mean": 9.1567029953, "dvar2": 12.936923027, "min": 2.12856483459, "var": 18.5093326569, "median": 8.13940620422}, "melbands_skewness": {"dmean": 0.724182367325, "dmean2": 1.10889387131, "max": 19.1033992767, "dvar": 0.924822390079, "mean": 2.28342938423, "dvar2": 2.11143541336, "min": -2.66110134125, "var": 3.74855995178, "median": 1.78704881668}, "spectral_energyband_middle_low": {"dmean": 0.00276975892484, "dmean2": 0.00433869799599, "max": 0.124080054462, "dvar": 3.5963672417e-05, "mean": 0.00660987757146, "dvar2": 9.29507004912e-05, "min": 3.24731549787e-22, "var": 6.12608564552e-05, "median": 0.00430324207991}, "spectral_contrast_coeffs": {"dmean": [0.0454496964812, 0.0461657233536, 0.0393242910504, 0.0340505763888, 0.026086114347, 0.0195100363344], "dmean2": [0.0752338916063, 0.0737173259258, 0.061128385365, 0.0524218007922, 0.0393967926502, 0.0292022787035], "max": [-0.36167049408, -0.418745934963, -0.415941894054, -0.465681314468, -0.497218340635, -0.567893147469], "dvar": [0.00152201275341, 0.00157773669343, 0.00111684575677, 0.000910684640985, 0.000591192685533, 0.000347228167811], "mean": [-0.681973099709, -0.728722989559, -0.748393774033, -0.753447115421, -0.770727992058, -0.762830138206], "dvar2": [0.00402685813606, 0.00357089051977, 0.00240402040072, 0.0018712519668, 0.00114122231025, 0.000686044804752], "min": [-0.97090524435, -0.973883926868, -0.970303177834, -0.969420015812, -0.963942110538, -0.961863517761], "var": [0.00619060127065, 0.00802889186889, 0.00657154992223, 0.00590848643333, 0.00406809523702, 0.00347220501862], "median": [-0.684162020683, -0.739937067032, -0.758392930031, -0.762755155563, -0.775798797607, -0.763861298561]}, "spectral_contrast_valleys": {"dmean": [0.401466280222, 0.363778620958, 0.33156016469, 0.316236764193, 0.283120125532, 0.3046862185], "dmean2": [0.640238761902, 0.583169341087, 0.522331833839, 0.490919470787, 0.403203368187, 0.388018637896], "max": [-4.90157032013, -4.85042333603, -5.21938085556, -5.48489427567, -5.3736410141, -8.0434551239], "dvar": [0.161393493414, 0.124448724091, 0.115661732852, 0.114004962146, 0.106944747269, 0.149150639772], "mean": [-7.67233657837, -7.37098455429, -7.74515676498, -8.21173000336, -8.22104740143, -10.8353815079], "dvar2": [0.333145648241, 0.250079840422, 0.217017412186, 0.204489141703, 0.168507039547, 0.217219263315], "min": [-27.0081996918, -26.8024044037, -27.3280334473, -27.1086292267, -27.1268920898, -27.262298584], "var": [2.07048130035, 1.77995228767, 1.7765789032, 1.94375729561, 2.03891730309, 2.06296873093], "median": [-7.29168510437, -7.20215368271, -7.61478233337, -8.10208702087, -8.08601474762, -10.7020969391]}, "silence_rate_20dB": {"dmean": 0, "dmean2": 0, "max": 1, "dvar": 0, "mean": 1, "dvar2": 0, "min": 1, "var": 0, "median": 1}, "silence_rate_30dB": {"dmean": 0.00524590164423, "dmean2": 0.0104931797832, "max": 1, "dvar": 0.00521806208417, "mean": 0.996721744537, "dvar2": 0.0143168354407, "min": 0, "var": 0.00326787913218, "median": 1}, "spectral_strongpeak": {"dmean": 0.520926713943, "dmean2": 0.88330489397, "max": 17.5404548645, "dvar": 1.1890283823, "mean": 0.976563036442, "dvar2": 2.87936067581, "min": 0, "var": 2.90771961212, "median": 0.258035480976}, "spectral_spread": {"dmean": 580164.125, "dmean2": 814967.75, "max": 45528316, "dvar": 952011128832, "mean": 4371760.5, "dvar2": 1480784347140.0, "min": 846363.875, "var": 3075704094720.0, "median": 4103348.5}, "barkbands_flatness_db": {"dmean": 0.0193201992661, "dmean2": 0.0285411924124, "max": 0.393700093031, "dvar": 0.000425135513069, "mean": 0.13871333003, "dvar2": 0.000952313304879, "min": 0.0182464513928, "var": 0.00368871120736, "median": 0.134408921003}, "pitch_salience": {"dmean": 0.0644815564156, "dmean2": 0.104245789349, "max": 0.965257942677, "dvar": 0.00371378054842, "mean": 0.523984968662, "dvar2": 0.00971932802349, "min": 0.0831976681948, "var": 0.0151765234768, "median": 0.526685357094}, "erbbands_kurtosis": {"dmean": 0.795611381531, "dmean2": 1.23792219162, "max": 24.247959137, "dvar": 1.11014318466, "mean": 0.617942690849, "dvar2": 2.56364631653, "min": -1.71969795227, "var": 3.89994645119, "median": 0.0654936879873}, "average_loudness": 0.711324989796, "barkbands_crest": {"dmean": 2.29454731941, "dmean2": 3.7088727951, "max": 25.905878067, "dvar": 5.0177989006, "mean": 9.99898433685, "dvar2": 12.8189048767, "min": 2.48081326485, "var": 17.4595146179, "median": 9.25454044342}, "hfc": {"dmean": 4.94598054886, "dmean2": 6.83994579315, "max": 191.162094116, "dvar": 77.821685791, "mean": 17.9569854736, "dvar2": 160.906112671, "min": 1.14929956616e-16, "var": 435.913696289, "median": 10.3495016098}, "barkbands_kurtosis": {"dmean": 3.09241247177, "dmean2": 4.91551780701, "max": 169.933013916, "dvar": 55.6879005432, "mean": 4.45860004425, "dvar2": 137.037216187, "min": -1.95359754562, "var": 131.42288208, "median": 0.56951135397}, "erbbands": {"dmean": [0.060209479183, 0.531866550446, 1.39734876156, 1.19703876972, 3.06770086288, 5.84287500381, 2.64288663864, 4.1718621254, 6.69101285934, 9.01369953156, 10.062128067, 15.9772787094, 13.6962652206, 13.0774116516, 11.5529127121, 18.064786911, 15.7820529938, 22.4695663452, 14.6004562378, 13.7062807083, 12.7434339523, 11.8342618942, 7.13784170151, 11.3019123077, 6.55219125748, 4.67400979996, 3.72370219231, 2.8608891964, 2.27672100067, 2.055737257, 1.09971451759, 0.677067637444, 0.477339535952, 0.291122406721, 0.199535995722, 0.173586577177, 0.087026245892, 0.0128331752494, 0.000863349647261, 2.42905898631e-05], "dmean2": [0.10428853333, 0.933605074883, 2.4362642765, 2.05527639389, 5.20591497421, 10.1502580643, 4.31507778168, 6.77338981628, 10.4205961227, 13.5901899338, 15.2631874084, 22.3457813263, 20.7812900543, 19.3424224854, 17.4734153748, 27.8768978119, 23.5375232697, 34.2172393799, 21.7652168274, 20.429517746, 19.43176651, 18.219165802, 10.8388948441, 17.7380237579, 9.86217498779, 7.25228881836, 5.72065734863, 4.26444864273, 3.35452461243, 3.11263847351, 1.59134507179, 1.02003455162, 0.696222364902, 0.424934208393, 0.286378860474, 0.262353122234, 0.145062714815, 0.0206827409565, 0.0014443009859, 3.87143372791e-05], "max": [2.90710043907, 23.6333827972, 68.2395401001, 61.4518203735, 152.838607788, 408.898620605, 106.69834137, 339.300476074, 529.742980957, 608.536499023, 848.408996582, 939.408081055, 766.830871582, 919.835510254, 636.063598633, 3002.69995117, 2329.5546875, 1430.53991699, 1007.97296143, 846.189453125, 1531.50463867, 965.537109375, 378.0859375, 548.132507324, 516.24822998, 396.611206055, 288.125915527, 156.257446289, 155.957687378, 149.55317688, 84.0258178711, 29.8123512268, 42.2707977295, 15.270157814, 13.6823978424, 15.0156354904, 7.50978183746, 1.22544884682, 0.102924913168, 0.0026364910882], "dvar": [0.0249454602599, 2.39084529877, 20.206451416, 16.183839798, 60.4366912842, 466.393432617, 33.3208847046, 97.4060134888, 226.438323975, 637.867614746, 858.346008301, 1632.03100586, 955.75012207, 897.594360352, 686.998046875, 3450.72558594, 1571.01916504, 3619.31665039, 1332.57421875, 1049.55810547, 1117.40441895, 578.669921875, 214.944519043, 714.018920898, 232.472320557, 147.237823486, 86.5363616943, 47.4600753784, 34.9359169006, 28.6408615112, 10.2918930054, 2.62591052055, 1.45708870888, 0.486926168203, 0.265726596117, 0.395092874765, 0.136730849743, 0.00284866662696, 1.49453571794e-05, 8.61774029914e-09], "mean": [0.105871424079, 0.923709213734, 2.12546110153, 1.76548063755, 4.12417650223, 6.67425823212, 4.75902700424, 7.26028633118, 12.9821567535, 16.0309906006, 18.9242248535, 33.070640564, 28.2490024567, 27.1847343445, 23.1025238037, 33.8578186035, 31.5803413391, 48.8102722168, 31.3963165283, 29.1383552551, 29.8318805695, 25.5530185699, 16.5665988922, 24.7622509003, 14.3911361694, 9.83340930939, 8.44663143158, 5.9237165451, 4.22299289703, 3.95803761482, 1.96243417263, 1.31794583797, 0.952530682087, 0.60574811697, 0.387972652912, 0.228570640087, 0.0857870951295, 0.0128384772688, 0.000740582006983, 4.08616215282e-05], "dvar2": [0.0713205859065, 6.91816663742, 57.8535346985, 45.6972045898, 164.344345093, 1273.68334961, 88.2125930786, 248.218383789, 516.81451416, 1224.24450684, 1986.88574219, 2981.2265625, 2120.66162109, 1860.29284668, 1521.51135254, 7753.82373047, 2987.02807617, 8311.68554688, 2688.40063477, 2291.7512207, 2454.13232422, 1380.01794434, 495.691650391, 1817.27270508, 508.670349121, 378.174987793, 213.334213257, 106.715103149, 75.7210693359, 65.2958755493, 19.9868144989, 5.88496017456, 3.11185359955, 0.984884858131, 0.528666079044, 0.956913650036, 0.365252822638, 0.00737532973289, 3.99312884838e-05, 2.26660912261e-08], "min": [1.55529332108e-21, 1.32624769609e-21, 9.60055464953e-21, 9.15780218769e-21, 5.68803316521e-20, 2.20183252298e-19, 1.67025795627e-19, 3.96442722931e-19, 6.281128773e-19, 2.69676130835e-19, 1.40969350422e-18, 1.56345190444e-18, 1.40742361723e-18, 2.54121340628e-18, 2.38122737003e-18, 1.65187296243e-18, 3.55647669215e-18, 2.19870086888e-18, 4.37684092287e-18, 1.07862498992e-17, 9.28209971028e-18, 8.92712011349e-18, 1.49860361207e-17, 1.42609610286e-17, 1.1140716644e-17, 7.86260649395e-18, 1.21106570498e-17, 2.00600546423e-17, 1.61260696758e-17, 1.71896370007e-17, 1.71499505293e-17, 1.53735536941e-17, 1.55339704846e-17, 1.23421245191e-17, 9.59234289801e-18, 5.93110378128e-18, 3.24173405549e-18, 1.12165608344e-18, 2.6966992698e-19, 2.94164005076e-20], "var": [0.0253835711628, 1.88574409485, 17.0736198425, 13.6816196442, 64.009513855, 358.954498291, 62.5588150024, 202.929321289, 575.37121582, 1514.48425293, 2031.5480957, 6010.75830078, 2946.8503418, 2637.44287109, 1792.76342773, 9549.14257813, 7050.92871094, 12979.0585938, 4493.41552734, 3643.65429688, 5815.83300781, 2299.85766602, 834.168701172, 2612.96557617, 802.004577637, 356.916229248, 256.813293457, 120.67086792, 72.474609375, 78.45337677, 21.4967765808, 7.50953388214, 3.79774188995, 1.34813094139, 0.637303292751, 0.440324783325, 0.102988213301, 0.00232615252025, 1.08958420242e-05, 7.36504413013e-09], "median": [0.051512375474, 0.677311718464, 0.994453907013, 0.796291828156, 1.63979268074, 2.25274252892, 1.73920607567, 2.85825538635, 4.71654701233, 4.57847976685, 5.21734619141, 7.66198587418, 8.11268806458, 8.13667392731, 7.2881603241, 9.02305698395, 8.59665107727, 10.5693569183, 7.2458820343, 7.68394184113, 7.9010477066, 8.54570960999, 5.21479129791, 4.82089996338, 3.75407600403, 2.53984594345, 1.83063149452, 1.30446946621, 0.786363184452, 0.495311945677, 0.291240215302, 0.160892933607, 0.159828037024, 0.122600212693, 0.0632392764091, 0.0180933773518, 0.0038537401706, 0.000510095385835, 3.45998560078e-05, 1.97430908884e-05]}, "spectral_energy": {"dmean": 0.00619444297627, "dmean2": 0.00977153889835, "max": 0.205372959375, "dvar": 0.000185376411537, "mean": 0.0189293045551, "dvar2": 0.000491116894409, "min": 1.05058690948e-20, "var": 0.000347840948962, "median": 0.013888512738}, "zerocrossingrate": {"dmean": 0.00886891689152, "dmean2": 0.0105827143416, "max": 0.5078125, "dvar": 0.000144830948557, "mean": 0.0583762452006, "dvar2": 0.000214726154809, "min": 0.0029296875, "var": 0.00103355327155, "median": 0.05419921875}, "spectral_energyband_h