{"tonal": {"chords_key": "C", "hpcp_entropy": {"dmean": 0.626250088215, "dmean2": 1.0575978756, "max": 4.51089000702, "dvar": 0.280135244131, "mean": 2.10164093971, "dvar2": 0.760851919651, "min": 0, "var": 0.546142995358, "median": 2.15653157234}, "key_key": "C", "chords_strength": {"dmean": 0.00956513173878, "dmean2": 0.0106166191399, "max": 0.776444852352, "dvar": 0.000470850907732, "mean": 0.565959811211, "dvar2": 0.000856336788274, "min": -1, "var": 0.0159586966038, "median": 0.580698370934}, "key_scale": "major", "chords_number_rate": 0.00212539848872, "thpcp": [1, 0.461645931005, 0.205241769552, 0.170688852668, 0.186988919973, 0.260428637266, 0.260349959135, 0.180423632264, 0.153867810965, 0.15079434216, 0.205936849117, 0.483718723059, 0.720660507679, 0.765091955662, 0.985524594784, 0.97503221035, 0.573547363281, 0.334237128496, 0.255588591099, 0.283001750708, 0.535707175732, 0.607223391533, 0.427269995213, 0.481794327497, 0.622398734093, 0.655623137951, 0.723726511002, 0.630616426468, 0.406703442335, 0.362894386053, 0.327277094126, 0.232228651643, 0.226775094867, 0.24963311851, 0.385466337204, 0.917959213257], "key_strength": 0.763526439667, "tuning_nontempered_energy_ratio": 0.800358891487, "tuning_frequency": 455.253540039, "chords_changes_rate": 0.0609989389777, "tuning_diatonic_strength": 0.65823161602, "chords_scale": "major", "chords_histogram": [27.9064826965, 4.82465457916, 18.6822528839, 1.57279491425, 0.0212539844215, 0, 0.573857605457, 0, 0, 3.14558982849, 19.1073322296, 2.35919237137, 0.97768330574, 0.340063750744, 0, 0.552603602409, 0.425079703331, 15.7279491425, 0, 0, 0.170031875372, 0, 1.8278427124, 1.78533470631], "tuning_equal_tempered_deviation": 0.120104439557, "hpcp": {"dmean": [0.0754760950804, 0.0657491087914, 0.060805503279, 0.0584942772985, 0.0751472562551, 0.131644383073, 0.175447702408, 0.211035311222, 0.212128341198, 0.211855113506, 0.17760913074, 0.138607606292, 0.107655704021, 0.104859992862, 0.141688272357, 0.15958429873, 0.142412081361, 0.163472101092, 0.190197974443, 0.185338377953, 0.191481053829, 0.177780911326, 0.135037884116, 0.113817177713, 0.0974260941148, 0.077819943428, 0.0782163664699, 0.0882140174508, 0.113609291613, 0.185034498572, 0.197348475456, 0.122211493552, 0.0743141770363, 0.0654144957662, 0.0663913711905, 0.0740271881223], "dmean2": [0.132549270988, 0.118045419455, 0.111137516797, 0.106986038387, 0.135155215859, 0.221059292555, 0.298227727413, 0.36877694726, 0.362035155296, 0.369416445494, 0.315411418676, 0.255733162165, 0.199852257967, 0.189124211669, 0.245536059141, 0.277729839087, 0.253212273121, 0.288299709558, 0.332552611828, 0.321602135897, 0.33037507534, 0.308749377728, 0.238979801536, 0.199052989483, 0.167821288109, 0.137834742665, 0.139544099569, 0.157910600305, 0.200279280543, 0.306839317083, 0.324678122997, 0.207534864545, 0.133378252387, 0.11824015528, 0.119625635445, 0.130540072918], "max": [1, 1, 1, 1, 1, 1, 1, 1, 1, 1, 1, 1, 1, 1, 1, 1, 1, 1, 1, 1, 1, 1, 1, 1, 1, 1, 1, 1, 1, 1, 1, 1, 1, 1, 1, 1], "dvar": [0.0245671160519, 0.020782539621, 0.0216099880636, 0.0206393636763, 0.021387245506, 0.0358419269323, 0.0541228093207, 0.0585412196815, 0.060036983341, 0.0660906210542, 0.0542247481644, 0.0511638857424, 0.0423861928284, 0.0362958982587, 0.044673986733, 0.053824223578, 0.0463597923517, 0.0588357374072, 0.0782640129328, 0.0622581094503, 0.0566196329892, 0.0505777783692, 0.0395019836724, 0.0324467085302, 0.0309076923877, 0.0238162148744, 0.022098634392, 0.023194713518, 0.0255474094301, 0.0438225530088, 0.0467816069722, 0.025447383523, 0.0199989136308, 0.0196607522666, 0.0214470177889, 0.0249025262892], "mean": [0.0834618806839, 0.0578394383192, 0.0493262894452, 0.0483410097659, 0.066018357873, 0.155068486929, 0.231026276946, 0.245269924402, 0.315935283899, 0.312571674585, 0.183865368366, 0.107148312032, 0.0819355025887, 0.0907234996557, 0.17173473537, 0.194661095738, 0.136972397566, 0.154451578856, 0.199525937438, 0.210176870227, 0.23200917244, 0.202160328627, 0.130379259586, 0.116335138679, 0.104917101562, 0.0744468718767, 0.0726985931396, 0.0800263211131, 0.123571157455, 0.294275462627, 0.320575743914, 0.147992491722, 0.0657955333591, 0.0547187067568, 0.0599441118538, 0.0834871008992], "dvar2": [0.0651079118252, 0.0579510852695, 0.0607758313417, 0.0579925104976, 0.0599539726973, 0.0903610810637, 0.130702599883, 0.151962742209, 0.154257580638, 0.166267111897, 0.14262765646, 0.137656405568, 0.11756888032, 0.100418873131, 0.114079885185, 0.134684756398, 0.1220228374, 0.150663256645, 0.190640181303, 0.15927952528, 0.147182270885, 0.134422600269, 0.106307044625, 0.0856859907508, 0.0786320120096, 0.0652976408601, 0.0607006959617, 0.0638317018747, 0.070568986237, 0.110963456333, 0.112603567541, 0.066234305501, 0.0533692166209, 0.0539265684783, 0.0609888322651, 0.0658580958843], "min": [0, 0, 0, 0, 0, 0, 0, 0, 0, 0, 0, 0, 0, 0, 0, 0, 0, 0, 0, 0, 0, 0, 0, 0, 0, 0, 0, 0, 0, 0, 0, 0, 0, 0, 0, 0], "var": [0.0326884761453, 0.0175336562097, 0.016303261742, 0.0158845055848, 0.0171562805772, 0.0513340048492, 0.0922787413001, 0.0808432847261, 0.112223312259, 0.114998005331, 0.0600668229163, 0.0412590131164, 0.0306529514492, 0.0293515436351, 0.0651536807418, 0.080597653985, 0.0478957109153, 0.0672250390053, 0.100989803672, 0.0849487632513, 0.0777161493897, 0.0646854639053, 0.0406807735562, 0.0399739146233, 0.0429966039956, 0.0237572453916, 0.0205313581973, 0.0209573507309, 0.0267405174673, 0.0884980782866, 0.0931616201997, 0.0313953571022, 0.0174720659852, 0.0154515039176, 0.0186966583133, 0.0342259816825], "median": [0.0175207927823, 0.0151618365198, 0.0118892500177, 0.0118033410981, 0.0199787747115, 0.0527332797647, 0.0848536938429, 0.115546159446, 0.170829802752, 0.165649414062, 0.0697619840503, 0.0220015514642, 0.0185839310288, 0.0262332782149, 0.0541210919619, 0.0589200109243, 0.0384088009596, 0.028926467523, 0.0288900155574, 0.0718567818403, 0.114467531443, 0.0921715646982, 0.0475110039115, 0.0294878203422, 0.0192153360695, 0.0170299038291, 0.0204354524612, 0.0233012363315, 0.0638487637043, 0.174407839775, 0.209170743823, 0.0838025286794, 0.0193031225353, 0.0144165745005, 0.0144765991718, 0.0176747944206]}}, "lowlevel": {"melbands_flatness_db": {"dmean": 0.0281861871481, "dmean2": 0.0435096472502, "max": 0.634862303734, "dvar": 0.000921358703636, "mean": 0.241765856743, "dvar2": 0.00222597853281, "min": 0.00331978569739, "var": 0.0109154582024, "median": 0.209250569344}, "melbands_crest": {"dmean": 3.15609025955, "dmean2": 5.07835006714, "max": 32.5203018188, "dvar": 8.64293670654, "mean": 12.8696966171, "dvar2": 20.3666973114, "min": 1.63978350163, "var": 22.3666801453, "median": 11.9309473038}, "spectral_entropy": {"dmean": 0.160394117236, "dmean2": 0.244348734617, "max": 9.81851959229, "dvar": 0.0265054758638, "mean": 7.27119064331, "dvar2": 0.0570957735181, "min": 4.64845371246, "var": 0.63168078661, "median": 7.54535007477}, "melbands": {"dmean": [0.000623158470262, 0.00104778527748, 0.00152629287913, 0.000614370394032, 0.000590225099586, 0.000338841578923, 0.000172553525772, 0.000106589868665, 7.85552329035e-05, 8.48321069498e-05, 5.78440667596e-05, 2.5496861781e-05, 1.94058811758e-05, 1.07266168925e-05, 7.85649899626e-06, 1.00132428997e-05, 9.46178170125e-06, 8.46216425998e-06, 4.0583381633e-06, 4.69714495921e-06, 4.34295907326e-06, 3.32439776685e-06, 2.29116039918e-06, 2.01170450964e-06, 1.57109718657e-06, 1.59303328928e-06, 1.38182542742e-06, 1.48711274051e-06, 1.44400939917e-06, 1.07599589683e-06, 9.86377699519e-07, 8.84092457909e-07, 6.29323608337e-07, 5.36186746558e-07, 4.76191644339e-07, 5.32692183697e-07, 4.58337581222e-07, 2.68172044571e-07, 1.26460520278e-07, 8.92889744364e-08], "dmean2": [0.0011058091186, 0.00193747587036, 0.00262469495647, 0.00104025239125, 0.000973292975686, 0.000568464107346, 0.000286128110019, 0.000168084065081, 0.000125850565382, 0.000131349312142, 9.11868992262e-05, 4.0141876525e-05, 3.10462455673e-05, 1.73666467163e-05, 1.26921804622e-05, 1.64030625456e-05, 1.52938027895e-05, 1.37010729304e-05, 6.48084960631e-06, 7.59677641327e-06, 6.98009080224e-06, 5.33287311555e-06, 3.64869652003e-06, 3.06296260533e-06, 2.48326614383e-06, 2.54090082308e-06, 2.16426519728e-06, 2.29808074437e-06, 2.30772388932e-06, 1.73420914962e-06, 1.54805036345e-06, 1.37081406137e-06, 1.00368481526e-06, 8.36750643884e-07, 7.45074771658e-07, 8.36250137581e-07, 7.20599189208e-07, 4.17914662876e-07, 1.95647601231e-07, 1.39865008464e-07], "max": [0.0117242578417, 0.0246631726623, 0.0631694346666, 0.0400719940662, 0.0178170148283, 0.00777167035267, 0.00958211440593, 0.00974672008306, 0.00433172890916, 0.00909174885601, 0.00759983900934, 0.0024180104956, 0.00239500124007, 0.00123762129806, 0.000466461759061, 0.000730037107132, 0.000527419731952, 0.000911054376047, 0.000288617680781, 0.000278317194898, 0.000143665834912, 0.000110203531221, 0.000148550214362, 9.40451354836e-05, 0.000103790480352, 0.000158665134222, 0.000113100330054, 0.000106476807559, 0.00013183921692, 5.29799763171e-05, 0.000112437686766, 0.000112272129627, 5.01116592204e-05, 4.21257718699e-05, 6.79362565279e-05, 0.000116736380733, 0.00010125550034, 5.61113047297e-05, 1.42583094203e-05, 7.91206184658e-06], "dvar": [2.76909167951e-06, 9.09791015147e-06, 1.3085307728e-05, 2.88362389256e-06, 1.88106946553e-06, 4.00259750677e-07, 1.88656628097e-07, 8.81818991161e-08, 3.23609583575e-08, 6.06757879495e-08, 3.60907961294e-08, 6.29751051306e-09, 2.04342054388e-09, 6.81647405187e-10, 3.37813971241e-10, 6.49294451538e-10, 4.30982582955e-10, 4.88198759196e-10, 8.73780492405e-11, 9.36652491679e-11, 5.73120405301e-11, 3.1080457652e-11, 2.69217859811e-11, 2.25894060402e-11, 1.10068482106e-11, 1.72368161411e-11, 1.66151536973e-11, 1.53290505289e-11, 1.47198902373e-11, 6.84369271323e-12, 1.16764740238e-11, 7.71753494444e-12, 2.81993287228e-12, 2.53090669082e-12, 4.00187912322e-12, 8.08655833268e-12, 5.7820085525e-12, 1.55572831093e-12, 1.83727707527e-13, 5.81915293946e-14], "mean": [0.000450606457889, 0.000848366529681, 0.00178683025297, 0.00079719821224, 0.000858075043652, 0.000536709849257, 0.00026910964516, 0.000162395008374, 0.000134453977807, 0.00014656111307, 9.91423876258e-05, 4.12126391893e-05, 3.22511004924e-05, 1.78872978722e-05, 1.30013149828e-05, 1.58806014952e-05, 1.57326794579e-05, 1.49354345922e-05, 6.99687370798e-06, 7.97422308096e-06, 8.41121527628e-06, 6.47588558422e-06, 4.03479907618e-06, 3.35353888659e-06, 2.98416694022e-06, 2.90481352749e-06, 2.26622250921e-06, 2.60257206719e-06, 2.66812344307e-06, 2.03379022423e-06, 1.64688549376e-06, 1.49554432483e-06, 1.15749276119e-06, 9.42676422255e-07, 7.78910589361e-07, 8.14401118987e-07, 7.15484077318e-07, 4.64935681066e-07, 2.28593265206e-07, 1.87818002928e-07], "dvar2": [7.4551171565e-06, 2.59613570961e-05, 3.41593768098e-05, 7.6349815572e-06, 4.71843713967e-06, 1.06966092517e-06, 4.98868018894e-07, 1.7146211917e-07, 7.49076178863e-08, 1.33666034685e-07, 8.8656250341e-08, 1.48530618915e-08, 4.44096670549e-09, 1.5749268556e-09, 8.37601488168e-10, 1.63744362514e-09, 1.05765274316e-09, 1.21025833799e-09, 2.14310014179e-10, 2.38203068381e-10, 1.4358071676e-10, 7.73164796075e-11, 6.18220336035e-11, 5.10820621913e-11, 2.61566202725e-11, 4.1819915586e-11, 3.87191216589e-11, 3.61868486565e-11, 3.76377054523e-11, 1.74170226852e-11, 2.75206021166e-11, 1.76657456025e-11, 6.79650823468e-12, 6.34981563857e-12, 1.00646192769e-11, 2.09186695743e-11, 1.50769431662e-11, 3.92890798021e-12, 4.67465801311e-13, 1.54664895799e-13], "min": [4.26753949316e-24, 2.2385176558e-24, 2.35471193676e-24, 1.3229488273e-24, 3.32694592598e-24, 2.14983371562e-24, 2.18281046804e-24, 2.93618347937e-24, 4.87495331828e-24, 3.5678415639e-24, 3.16423054529e-24, 2.79322847271e-24, 3.39918152464e-24, 4.17012148225e-24, 2.56413261621e-24, 1.45334566139e-24, 4.128582828e-24, 5.6671455831e-24, 4.22282804034e-24, 3.56893886942e-24, 4.40752877725e-24, 3.34893069055e-24, 4.22813825753e-24, 4.63425016242e-24, 4.36925719043e-24, 6.02085937452e-24, 5.83288131498e-24, 5.27909228205e-24, 5.16673955648e-24, 5.63031761174e-24, 6.34618363968e-24, 7.3892017235e-24, 5.36285353297e-24, 6.10980344158e-24, 6.33451559803e-24, 5.5956736018e-24, 7.14879557377e-24, 7.31401302404e-24, 6.24058119688e-24, 7.09725140222e-24], "var": [1.9183275981e-06, 5.39091797691e-06, 1.55255584104e-05, 2.84871930489e-06, 2.28996668739e-06, 5.15521719535e-07, 2.0874554707e-07, 1.73724885144e-07, 5.62598003739e-08, 1.56327544687e-07, 6.05002554721e-08, 1.08582591807e-08, 3.77920583716e-09, 1.03575403809e-09, 5.11474584908e-10, 9.02106611633e-10, 7.3066497297e-10, 7.90867815681e-10, 1.55266063895e-10, 1.55159954329e-10, 1.24714669147e-10, 6.71127944885e-11, 5.54625685656e-11, 4.62483107366e-11, 2.72071497276e-11, 2.60801536617e-11, 2.81863421492e-11, 2.67855997799e-11, 2.04779700141e-11, 9.37127112022e-12, 1.76930015777e-11, 1.32821626961e-11, 4.17363409458e-12, 3.40145034534e-12, 4.35975474472e-12, 7.25910043881e-12, 5.10264313441e-12, 1.4761330179e-12, 1.93328439737e-13, 7.1050878668e-14], "median": [3.90924542444e-05, 0.00027090148069, 0.000417956645833, 0.000248573865974, 0.000352125294739, 0.000290801166557, 0.000156601774506, 6.77742646076e-05, 7.17297953088e-05, 5.40353066754e-05, 4.40475268988e-05, 1.63037111633e-05, 1.64271768881e-05, 9.35693151405e-06, 6.37657376501e-06, 7.70793667471e-06, 7.54456732466e-06, 6.96535880707e-06, 3.08356447931e-06, 3.68707878806e-06, 4.48778791906e-06, 3.69436793335e-06, 1.69118845861e-06, 1.07096957436e-06, 1.452310471e-06, 1.56922794758e-06, 8.55962980495e-07, 8.86431280378e-07, 1.44680507219e-06, 1.32375089379e-06, 6.99800182247e-07, 6.30772774457e-07, 6.42563634301e-07, 4.72330043522e-07, 3.56938983259e-07, 3.70005636796e-07, 3.68456937849e-07, 2.54311146364e-07, 1.29908727331e-07, 1.22182228779e-07]}, "silence_rate_60dB": {"dmean": 0.0225364081562, "dmean2": 0.0450776107609, "max": 1, "dvar": 0.0220248494297, "mean": 0.118303574622, "dvar2": 0.050285667181, "min": 0, "var": 0.104293599725, "median": 0}, "spectral_energyband_middle_high": {"dmean": 0.000589655363001, "dmean2": 0.000883568427525, "max": 0.0368262827396, "dvar": 1.60489742029e-06, "mean": 0.00162508361973, "dvar2": 3.55560314347e-06, "min": 1.26216523048e-21, "var": 4.63960623165e-06, "median": 0.00101001909934}, "erbbands_skewness": {"dmean": 0.316853493452, "dmean2": 0.481441617012, "max": 4.32932043076, "dvar": 0.0861027538776, "mean": 0.961467921734, "dvar2": 0.198718979955, "min": -1.56391012669, "var": 0.424991965294, "median": 0.961468458176}, "dynamic_complexity": 4.23978471756, "dissonance": {"dmean": 0.0222309529781, "dmean2": 0.0374123342335, "max": 0.500000059605, "dvar": 0.000523717317265, "mean": 0.453908234835, "dvar2": 0.0014044016134, "min": 0.160531073809, "var": 0.00143243256025, "median": 0.463837385178}, "spectral_skewness": {"dmean": 0.368136167526, "dmean2": 0.581207275391, "max": 14.7117385864, "dvar": 0.403687983751, "mean": 2.40925431252, "dvar2": 0.970255315304, "min": -0.0659197345376, "var": 3.08858776093, "median": 1.85094511509}, "spectral_kurtosis": {"dmean": 4.8704662323, "dmean2": 7.87005615234, "max": 294.878112793, "dvar": 148.711074829, "mean": 14.4180622101, "dvar2": 365.726867676, "min": -1.24949455261, "var": 732.801757812, "median": 4.73359966278}, "gfcc": {"cov": [[26109.3769531, -3732.68286133, -1052.85888672, 1222.34448242, -1255.00891113, 993.84777832, -684.742126465, 434.007415771, -521.840515137, 351.706329346, -633.815490723, 379.723907471, -616.021606445], [-3732.68286133, 3459.00585938, -269.378814697, -525.401000977, 453.209564209, -494.329101562, 233.506408691, -199.555221558, 184.098937988, -253.331268311, 214.405532837, -290.947113037, 288.906768799], [-1052.85888672, -269.378814697, 831.387451172, -33.7252235413, 213.068328857, -3.47099113464, 61.0532646179, -24.635635376, 17.0809059143, 31.0346279144, 11.8516073227, 46.1515846252, -30.9917354584], [1222.34448242, -525.401000977, -33.7252235413, 592.452148438, -152.562225342, 215.801940918, -59.2792472839, 79.4554290771, -22.8423519135, 7.78479623795, 6.02975606918, 31.138677597, -89.7902755737], [-1255.00891113, 453.209564209, 213.068328857, -152.562225342, 357.962982178, -87.6276855469, 115.074104309, -3.56901574135, 42.8586044312, -3.16674566269, 31.6841316223, -14.7332086563, 49.8482894897], [993.84777832, -494.329101562, -3.47099113464, 215.801940918, -87.6276855469, 244.565505981, -19.6032333374, 70.3673706055, -7.7870516777, 35.78515625, -27.9554786682, 36.7736053467, -61.2581520081], [-684.742126465, 233.506408691, 61.0532646179, -59.2792472839, 115.074104309, -19.6032333374, 138.046310425, 9.89065742493, 40.3257217407, 2.79264616966, 27.4999771118, -21.1064357758, 27.8104057312], [434.007415771, -199.555221558, -24.635635376, 79.4554290771, -3.56901574135, 70.3673706055, 9.89065742493, 103.357315063, 13.0707197189, 31.0931587219, -4.86889314651, 27.532333374, -25.6307468414], [-521.840515137, 184.098937988, 17.0809059143, -22.8423519135, 42.8586044312, -7.7870516777, 40.3257217407, 13.0707197189, 83.696685791, 11.3941745758, 32.4519577026, -16.0543556213, 23.7685108185], [351.706329346, -253.331268311, 31.0346279144, 7.78479623795, -3.16674566269, 35.78515625, 2.79264616966, 31.0931587219, 11.3941745758, 93.8990783691, -4.70363044739, 42.0807609558, -21.927116394], [-633.815490723, 214.405532837, 11.8516073227, 6.02975606918, 31.6841316223, -27.9554786682, 27.4999771118, -4.86889314651, 32.4519577026, -4.70363044739, 85.8759536743, -9.92987251282, 22.8475494385], [379.723907471, -290.947113037, 46.1515846252, 31.138677597, -14.7332086563, 36.7736053467, -21.1064357758, 27.532333374, -16.0543556213, 42.0807609558, -9.92987251282, 89.0384521484, -9.36381530762], [-616.021606445, 288.906768799, -30.9917354584, -89.7902755737, 49.8482894897, -61.2581520081, 27.8104057312, -25.6307468414, 23.7685108185, -21.927116394, 22.8475494385, -9.36381530762, 75.0850982666]], "mean": [-61.690700531, 103.408409119, -89.7631759644, 9.19502639771, -61.8874168396, -6.01557254791, -40.4704627991, -4.13634061813, -25.1626968384, -0.906360983849, -22.5368328094, -4.1436290741, -10.0114107132], "icov": [[7.52638443373e-05, -5.98536280449e-05, 4.78759247926e-05, -4.47203019576e-05, 0.000117816634884, -0.000117385658086, 0.000106669838715, -0.000148039922351, 0.000262209825451, -0.000243336806307, 0.000377236865461, -0.000154802706675, 0.000261881476035], [-5.98536280449e-05, 0.0010539846262, 0.000422365759732, 0.000123745543533, -0.000942561659031, 0.000767680292483, -0.000311400130158, 0.00071620073868, -0.00120589823928, 0.00151217798702, -0.00137916649692, 0.00145801308099, -0.00118747260422], [4.78759247926e-05, 0.000422365759732, 0.00201373756863, 4.5579071184e-07, -0.00155825784896, 8.47854753374e-05, -0.000380074925488, 0.00169962435029, -0.00104457745329, 0.00073425215669, -0.000372356298612, -0.00114945881069, 0.00193904771004], [-4.47203019576e-05, 0.000123745543533, 4.5579071184e-07, 0.00311284163035, 0.000348242756445, -0.00196196883917, 0.000437976123067, -0.000776950677391, -3.97637377318e-05, 0.00159753486514, -0.00218447996303, -0.000103418773506, 0.0017512596678], [0.000117816634884, -0.000942561659031, -0.00155825784896, 0.000348242756445, 0.00608951831236, 0.000315735291224, -0.00249877548777, -0.00232924311422, 0.00136524764821, -0.00142382294871, 0.00142206891906, -0.000885126064532, -0.000679261866026], [-0.000117385658086, 0.000767680292483, 8.47854753374e-05, -0.00196196883917, 0.000315735291224, 0.0085845887661, -0.00149011646863, -0.0017703344347, -0.0021080323495, 0.000610848946963, 0.000933612463996, -0.000100656528957, 0.00106266618241], [0.000106669838715, -0.000311400130158, -0.000380074925488, 0.000437976123067, -0.00249877548777, -0.00149011646863, 0.012013037689, -0.00223352597095, -0.00112546794116, -0.0018434303347, -0.000801266520284, 0.00268745212816, -0.00193156558089], [-0.000148039922351, 0.00071620073868, 0.00169962435029, -0.000776950677391, -0.00232924311422, -0.0017703344347, -0.00223352597095, 0.0164533052593, -0.00510095851496, 0.000309502531309, -0.000613562064245, -0.00364537443966, 0.00378504232503], [0.000262209825451, -0.00120589823928, -0.00104457745329, -3.97637377318e-05, 0.00136524764821, -0.0021080323495, -0.00112546794116, -0.00510095851496, 0.021086782217, -0.00708651775494, -0.00254066381603, 0.00423728814349, -0.00508115300909], [-0.000243336806307, 0.00151217798702, 0.00073425215669, 0.00159753486514, -0.00142382294871, 0.000610848946963, -0.0018434303347, 0.000309502531309, -0.00708651775494, 0.0195735115558, -0.00266058370471, -0.00632103625685, 0.00461128819734], [0.000377236865461, -0.00137916649692, -0.000372356298612, -0.00218447996303, 0.00142206891906, 0.000933612463996, -0.000801266520284, -0.000613562064245, -0.00254066381603, -0.00266058370471, 0.0187234822661, -0.0024675312452, -0.000437231909018], [-0.000154802706675, 0.00145801308099, -0.00114945881069, -0.000103418773506, -0.000885126064532, -0.000100656528957, 0.00268745212816, -0.00364537443966, 0.00423728814349, -0.00632103625685, -0.0024675312452, 0.0214798152447, -0.00897014513612], [0.000261881476035, -0.00118747260422, 0.00193904771004, 0.0017512596678, -0.000679261866026, 0.00106266618241, -0.00193156558089, 0.00378504232503, -0.00508115300909, 0.00461128819734, -0.000437231909018, -0.00897014513612, 0.0282253175974]]}, "spectral_complexity": {"dmean": 2.48155617714, "dmean2": 3.85721874237, "max": 48, "dvar": 8.58328342438, "mean": 13.0485754013, "dvar2": 18.7832164764, "min": 0, "var": 48.5784263611, "median": 12}, "spectral_flux": {"dmean": 0.0310987588018, "dmean2": 0.0501212477684, "max": 0.584959089756, "dvar": 0.00246006133966, "mean": 0.0747543945909, "dvar2": 0.00510220322758, "min": 6.4948081635e-11, "var": 0.00432633329183, "median": 0.0548959299922}, "spectral_energyband_low": {"dmean": 0.00644261715934, "dmean2": 0.0113944718614, "max": 0.125007346272, "dvar": 0.000224493996939, "mean": 0.00636615464464, "dvar2": 0.000622115388978, "min": 5.19359072509e-23, "var": 0.000169442457263, "median": 0.00178557704203}, "spectral_decrease": {"dmean": 3.30014171546e-09, "dmean2": 5.60514479275e-09, "max": 1.93791926848e-15, "dvar": 4.70652037345e-17, "mean": -5.32484278892e-09, "dvar2": 1.27138427773e-16, "min": -1.01044186351e-07, "var": 5.1986346044e-17, "median": -2.59965404759e-09}, "barkbands_spread": {"dmean": 4.57149410248, "dmean2": 7.12865114212, "max": 115.774528503, "dvar": 40.5149383545, "mean": 15.5683259964, "dvar2": 94.2455825806, "min": 0.705483078957, "var": 179.480529785, "median": 13.1328105927}, "spectral_rms": {"dmean": 0.00104021746665, "dmean2": 0.0016784578329, "max": 0.01952611655, "dvar": 2.84175143861e-06, "mean": 0.0038502078969, "dvar2": 7.24607207303e-06, "min": 3.16403869251e-12, "var": 5.69270514461e-06, "median": 0.00320618553087}, "spectral_centroid": {"dmean": 171.511627197, "dmean2": 264.418640137, "max": 11555.4785156, "dvar": 63320.9960938, "mean": 831.852233887, "dvar2": 139605.015625, "min": 177.112136841, "var": 523577.46875, "median": 686.218322754}, "barkbands_skewness": {"dmean": 0.584003388882, "dmean2": 0.924511373043, "max": 7.84740877151, "dvar": 0.387495368719, "mean": 2.15128469467, "dvar2": 0.977402746677, "min": -9.88653850555, "var": 1.42283904552, "median": 2.03366446495}, "spectral_rolloff": {"dmean": 326.062438965, "dmean2": 542.170532227, "max": 22050, "dvar": 653016.9375, "mean": 1016.03741455, "dvar2": 1584490.75, "min": 129.19921875, "var": 3997848.5, "median": 602.9296875}, "erbbands_spread": {"dmean": 6.52266407013, "dmean2": 9.99269580841, "max": 127.205604553, "dvar": 61.5933799744, "mean": 37.5670547485, "dvar2": 135.818557739, "min": 2.43590521812, "var": 359.394744873, "median": 38.4668197632}, "barkbands": {"dmean": [0.00108534609899, 0.00238262768835, 0.00221612071618, 0.00380634400062, 0.00318849249743, 0.00182106008288, 0.000745018012822, 0.000490443140734, 0.000570982811041, 0.000299100356642, 0.000142270990182, 8.78260179888e-05, 9.52758127823e-05, 0.000103963982838, 6.16697143414e-05, 6.59609140712e-05, 5.76253150939e-05, 4.1853159928e-05, 3.75125237042e-05, 4.54263317806e-05, 4.35057190771e-05, 3.6289144191e-05, 2.89093513857e-05, 2.69716365437e-05, 1.88620670087e-05, 3.47688328475e-05, 1.4166771507e-05], "dmean2": [0.00190522253979, 0.0043016076088, 0.00412628473714, 0.00639300327748, 0.00537341367453, 0.00309285498224, 0.00123365747277, 0.000770247541368, 0.000892770767678, 0.000479251611978, 0.000228061413509, 0.000142202246934, 0.00015588630049, 0.000167714126292, 9.87476596492e-05, 0.000106337502075, 9.28325316636e-05, 6.39984500594e-05, 5.92326505284e-05, 6.99687589076e-05, 6.86420316924e-05, 5.59428699489e-05, 4.51181258541e-05, 4.12115441577e-05, 3.10713003273e-05, 5.90058662056e-05, 2.43844533543e-05], "max": [0.0264655053616, 0.0500296875834, 0.0501052886248, 0.165557742119, 0.153215438128, 0.0408474504948, 0.04060536623, 0.0532869920135, 0.0474914424121, 0.0372350141406, 0.0253369379789, 0.00872243382037, 0.0053780246526, 0.00624305475503, 0.00389682268724, 0.00376954698004, 0.00202145171352, 0.00229758233763, 0.00277852499858, 0.00252910447307, 0.00339270988479, 0.00395887158811, 0.00356461759657, 0.00511664431542, 0.00206145807169, 0.00520243821666, 0.00286227022298], "dvar": [6.00727935307e-06, 4.95085623697e-05, 3.34797950927e-05, 8.53571254993e-05, 7.14426132618e-05, 1.25549086079e-05, 3.60802096111e-06, 1.97719191419e-06, 2.47684556598e-06, 9.22518722746e-07, 1.68906041154e-07, 4.11375111753e-08, 5.48550502799e-08, 5.17702005709e-08, 2.16426681021e-08, 1.688911766e-08, 9.46099110166e-09, 9.17812847945e-09, 7.22712911738e-09, 1.29788277903e-08, 1.36139099993e-08, 1.12018128107e-08, 1.48661758459e-08, 1.7475420222e-08, 1.0163178743e-08, 3.9951569164e-08, 1.00537684844e-08], "mean": [0.00102065503597, 0.00160894263536, 0.00199944642372, 0.00450460985303, 0.00406732223928, 0.0028043158818, 0.00114995939657, 0.000784851494245, 0.000987589359283, 0.000485844357172, 0.000225498588406, 0.00014342214854, 0.000150973748532, 0.000183885305887, 0.000100570570794, 0.000124233774841, 0.000112715271825, 7.24482451915e-05, 7.355640264e-05, 8.14287996036e-05, 8.53772799019e-05, 6.84484184603e-05, 4.88190707983e-05, 4.72845713375e-05, 3.1643157854e-05, 4.71349812869e-05, 1.83265692613e-05], "dvar2": [1.7191934603e-05, 0.00013603491243, 9.7065596492e-05, 0.000213337538298, 0.000185063923709, 3.45110311173e-05, 9.32603416004e-06, 3.75714375878e-06, 5.68658379052e-06, 2.26833981287e-06, 3.58123486421e-07, 9.80379653015e-08, 1.37772460107e-07, 1.24687772995e-07, 5.27804608907e-08, 4.30693667397e-08, 2.3644840752e-08, 2.07861443613e-08, 1.73024492511e-08, 2.92676674007e-08, 3.41330235187e-08, 2.52673793e-08, 3.76363047394e-08, 4.43586998244e-08, 2.85464576422e-08, 1.13889768727e-07, 2.84901311431e-08], "min": [2.47037689205e-24, 1.12939330423e-23, 1.24460734663e-24, 4.79163856263e-24, 5.75130244776e-24, 9.10290579906e-24, 1.02157873768e-23, 1.88328897535e-23, 2.30029978251e-23, 3.01663250056e-23, 1.24670520388e-23, 3.15683832696e-23, 1.55369941816e-23, 5.18728898863e-23, 5.63189762125e-23, 6.98777344357e-23, 4.89065015146e-23, 1.24594521528e-22, 1.72266017119e-22, 2.35199270167e-22, 2.42039969014e-22, 3.73843177225e-22, 4.59067468508e-22, 6.7935216837e-22, 9.65652787747e-22, 1.50804224418e-21, 1.86662917966e-21], "var": [5.84195095144e-06, 3.1700823456e-05, 1.99809801416e-05, 0.000115692986583, 7.29251478333e-05, 1.50520199895e-05, 4.35900892626e-06, 3.91306593883e-06, 5.85521183893e-06, 1.34525180329e-06, 2.89279910248e-07, 6.17097413169e-08, 7.76602675501e-08, 9.59308152915e-08, 3.52255540292e-08, 3.1010387147e-08, 2.12357171847e-08, 1.98694039e-08, 1.38510243275e-08, 2.52180019089e-08, 1.91178379794e-08, 2.05028474198e-08, 1.59530895161e-08, 1.6732668584e-08, 6.97891566759e-09, 2.51109550931e-08, 6.25495122364e-09], "median": [3.21887237078e-05, 0.000149972838699, 0.000828667078167, 0.000745965808164, 0.00139129115269, 0.00140122091398, 0.000641931430437, 0.000383055419661, 0.000392619316699, 0.000216282060137, 0.000103806858533, 7.56163717597e-05, 7.29131279513e-05, 8.9205277618e-05, 4.45116384071e-05, 6.41588339931e-05, 6.20395585429e-05, 2.51457786362e-05, 4.11073961004e-05, 2.76409591606e-05, 5.29417120561e-05, 3.44326472259e-05, 2.26692063734e-05, 2.57908250205e-05, 1.86556753761e-05, 1.52470583998e-05, 1.39178905556e-06]}, "melbands_kurtosis": {"dmean": 8.17568683624, "dmean2": 13.5281953812, "max": 174.036270142, "dvar": 157.133010864, "mean": 17.1008682251, "dvar2": 416.747161865, "min": -1.56986987591, "var": 274.727325439, "median": 12.1693201065}, "erbbands_crest": {"dmean": 2.13122820854, "dmean2": 3.41782402992, "max": 27.2292919159, "dvar": 3.99179840088, "mean": 8.27993011475, "dvar2": 10.0786685944, "min": 2.62499952316, "var": 12.1011009216, "median": 7.51538085938}, "melbands_skewness": {"dmean": 0.710557103157, "dmean2": 1.14008641243, "max": 10.7325286865, "dvar": 0.679345369339, "mean": 2.89097642899, "dvar2": 1.75150024891, "min": -0.44208791852, "var": 1.94477415085, "median": 2.72405958176}, "spectral_energyband_middle_low": {"dmean": 0.00811687111855, "dmean2": 0.0131899612024, "max": 0.3316231668, "dvar": 0.000368005159544, "mean": 0.01450301148, "dvar2": 0.000952325295657, "min": 1.68403817236e-22, "var": 0.000464797572931, "median": 0.00680803786963}, "spectral_contrast_coeffs": {"dmean": [0.0563231036067, 0.044520162046, 0.0371143594384, 0.0264552962035, 0.0186770092696, 0.0159679148346], "dmean2": [0.0898762568831, 0.0736422613263, 0.0584603436291, 0.0421630367637, 0.0296766702086, 0.0252152625471], "max": [-0.277215689421, -0.480471283197, -0.494930565357, -0.612502217293, -0.655129551888, -0.602690756321], "dvar": [0.00238313339651, 0.00131586752832, 0.000958150718361, 0.000496426713653, 0.000235860497924, 0.000234811377595], "mean": [-0.571117043495, -0.740087628365, -0.772966563702, -0.816299438477, -0.820226430893, -0.780288398266], "dvar2": [0.00570504181087, 0.00350457965396, 0.00217621726915, 0.00108449684922, 0.000559562875424, 0.000503841147292], "min": [-0.978497445583, -0.971816956997, -0.973346590996, -0.969252109528, -0.968025565147, -0.96546214819], "var": [0.00973918382078, 0.00399005552754, 0.00418885983527, 0.00210686167702, 0.00108865532093, 0.00167455163319], "median": [-0.577826738358, -0.742159247398, -0.779753506184, -0.822498321533, -0.821795701981, -0.776344776154]}, "spectral_contrast_valleys": {"dmean": [0.531738996506, 0.336433917284, 0.324683189392, 0.293860852718, 0.251754581928, 0.203581482172], "dmean2": [0.827241718769, 0.552097499371, 0.502595067024, 0.448908835649, 0.372877657413, 0.286606699228], "max": [-5.09235858917, -4.43974924088, -5.39502573013, -5.98854732513, -6.10660791397, -7.89302206039], "dvar": [0.244528099895, 0.105889081955, 0.099540323019, 0.105655543506, 0.0878501608968, 0.0774231478572], "mean": [-8.05375957489, -6.72782087326, -7.8256611824, -8.40974330902, -8.51901531219, -10.9877414703], "dvar2": [0.561031281948, 0.246682479978, 0.206213012338, 0.204817146063, 0.170693561435, 0.137169077992], "min": [-27.8277854919, -27.9736404419, -27.6065177917, -27.508266449, -27.3621959686, -27.4100017548], "var": [2.91586709023, 2.8399887085, 3.06077265739, 3.40896201134, 3.78731703758, 4.1313791275], "median": [-7.89004898071, -6.42977237701, -7.36632013321, -7.82930278778, -7.85898208618, -10.1864452362]}, "silence_rate_20dB": {"dmean": 0, "dmean2": 0, "max": 1, "dvar": 0, "mean": 1, "dvar2": 0, "min": 1, "var": 0, "median": 1}, "silence_rate_30dB": {"dmean": 0.017221217975, "dmean2": 0.0344460979104, "max": 1, "dvar": 0.0169240962714, "mean": 0.98788267374, "dvar2": 0.0453817173839, "min": 0, "var": 0.0119694527239, "median": 1}, "spectral_strongpeak": {"dmean": 0.2907127738, "dmean2": 0.474673032761, "max": 6.0759139061, "dvar": 0.15283703804, "mean": 0.566865622997, "dvar2": 0.36485466361, "min": 0, "var": 0.344457775354, "median": 0.354180216789}, "spectral_spread": {"dmean": 469720.71875, "dmean2": 721222.3125, "max": 41789856, "dvar": 453242650624, "mean": 4926747, "dvar2": 985680183296, "min": 413241.90625, "var": 7626101358590.0, "median": 5094114}, "barkbands_flatness_db": {"dmean": 0.0219533108175, "dmean2": 0.0348227731884, "max": 0.483801394701, "dvar": 0.000524525647052, "mean": 0.152357012033, "dvar2": 0.00130644021556, "min": 0.0259721372277, "var": 0.00769140291959, "median": 0.120615929365}, "pitch_salience": {"dmean": 0.0684487372637, "dmean2": 0.110878609121, "max": 0.86657512188, "dvar": 0.00359291560017, "mean": 0.624487698078, "dvar2": 0.00918579194695, "min": 0.19767343998, "var": 0.00919496826828, "median": 0.635082125664}, "erbbands_kurtosis": {"dmean": 0.984054863453, "dmean2": 1.51950407028, "max": 33.5226249695, "dvar": 1.73125457764, "mean": 1.30238699913, "dvar2": 4.11911201477, "min": -1.84364163876, "var": 7.69180393219, "median": 0.638143539429}, "average_loudness": 0.840902626514, "barkbands_crest": {"dmean": 2.51092720032, "dmean2": 4.07281732559, "max": 23.7834777832, "dvar": 5.17193841934, "mean": 9.58799648285, "dvar2": 13.2690649033, "min": 2.62088990211, "var": 12.7164468765, "median": 8.95659255981}, "hfc": {"dmean": 4.14820194244, "dmean2": 6.46415138245, "max": 194.370956421, "dvar": 92.4574966431, "mean": 10.2817077637, "dvar2": 236.483596802, "min": 1.07200145697e-16, "var": 134.098739624, "median": 7.20426225662}, "barkbands_kurtosis": {"dmean": 4.26150941849, "dmean2": 6.96092796326, "max": 129.023803711, "dvar": 36.2728271484, "mean": 8.07776546478, "dvar2": 94.2057876587, "min": -1.8155632019, "var": 81.9956588745, "median": 5.56108760834}, "erbbands": {"dmean": [0.05282786116, 0.607716619968, 2.20904302597, 8.22497558594, 10.4394187927, 10.76836586, 16.3460159302, 15.2204055786, 12.5433225632, 9.44925785065, 9.25164318085, 13.3822755814, 11.4812574387, 5.86977148056, 5.22047185898, 3.10829544067, 4.10197925568, 4.89495325089, 4.51111030579, 3.06549167633, 3.22705292702, 2.72760343552, 2.20423817635, 1.87313199043, 1.90307962894, 2.06620287895, 2.02457761765, 1.6231880188, 1.36166119576, 0.969701528549, 0.822589218616, 0.765728414059, 0.32349896431, 0.115068912506, 0.212205067277, 0.212311848998, 0.0380789116025, 0.00714708911255, 0.00328732118942, 0.000151381507749], "dmean2": [0.0935226008296, 1.10806179047, 4.10821247101, 14.0684185028, 18.3400096893, 17.9010295868, 27.2583141327, 25.3653049469, 20.8457012177, 14.9705953598, 14.6773414612, 20.8371562958, 18.0265579224, 9.18939590454, 8.32159805298, 4.99124288559, 6.65874767303, 7.88414812088, 7.24322986603, 4.88922119141, 5.12774467468, 4.32614183426, 3.38457036018, 2.89911079407, 2.98788619041, 3.16153621674, 3.21769356728, 2.52758002281, 2.09190750122, 1.49612796307, 1.27627444267, 1.18765127659, 0.496229201555, 0.175481140614, 0.363417774439, 0.365832865238, 0.0623921193182, 0.0118708824739, 0.00580862443894, 0.000255358783761], "max": [0.999123871326, 14.0016117096, 51.1996955872, 278.041473389, 721.912231445, 335.304046631, 454.836608887, 391.152160645, 682.520324707, 776.171203613, 650.531982422, 1474.71398926, 1530.99267578, 654.911071777, 376.816009521, 256.481781006, 249.951248169, 269.20526123, 460.66796875, 161.965133667, 165.011505127, 113.19631958, 153.76461792, 104.816635132, 141.569061279, 130.080429077, 154.35508728, 139.11958313, 153.173583984, 71.8837738037, 120.710731506, 173.022735596, 60.3279838562, 11.5331010818, 31.5683479309, 37.1731300354, 2.29045605659, 0.579725325108, 0.887675583363, 0.0256762057543], "dvar": [0.0187867861241, 3.45322227478, 37.8071746826, 322.149932861, 1032.4864502, 684.08795166, 1448.98779297, 797.569335938, 970.424682617, 622.407287598, 487.541564941, 1416.7590332, 1416.74401855, 330.27822876, 111.140174866, 50.8017425537, 91.7563781738, 120.709190369, 126.794410706, 38.1708602905, 36.7421264648, 22.159538269, 29.0550518036, 14.8160963058, 24.5859107971, 27.5135936737, 24.3428173065, 26.1589393616, 16.6814250946, 7.31377649307, 14.409819603, 15.9045639038, 2.09493470192, 0.123697638512, 1.94024765491, 1.97646903992, 0.012865813449, 0.00047518289648, 0.000825550872833, 8.00962141057e-07], "mean": [0.0381861031055, 0.416391849518, 1.93700814247, 9.80534362793, 11.0610494614, 14.6981344223, 22.9266719818, 23.3659172058, 19.6383686066, 14.6042432785, 16.0716724396, 23.4035587311, 20.3632602692, 10.1245279312, 9.09729480743, 5.60755825043, 6.89530038834, 8.56424427032, 8.41998958588, 5.74186229706, 6.76313495636, 5.71913051605, 4.02983570099, 3.77321529388, 3.55732440948, 3.81977677345, 4.0415725708, 3.00152754784, 2.50328660011, 1.81698071957, 1.38599872589, 1.23235225677, 0.59282720089, 0.241558432579, 0.305253922939, 0.263898223639, 0.0653467252851, 0.0123316636309, 0.0035370439291, 0.000218755565584], "dvar2": [0.049494497478, 9.60052871704, 109.10043335, 813.050476074, 2893.91113281, 1705.41210938, 3790.40942383, 2086.41064453, 2607.65917969, 1274.7923584, 1055.61560059, 3116.60864258, 3495.48242188, 781.331176758, 258.641693115, 118.645210266, 228.825668335, 296.091583252, 312.115753174, 94.2216262817, 91.2092132568, 54.0115966797, 65.2253875732, 34.5670967102, 58.2142333984, 63.783946991, 62.2129440308, 62.647518158, 37.6728630066, 17.6042919159, 36.671497345, 40.9246635437, 5.2716217041, 0.32451608777, 5.54119968414, 5.6585893631, 0.0345883816481, 0.00126862840261, 0.00235029589385, 2.26570796258e-06], "min": [4.1419678254e-22, 1.90898260417e-21, 4.8307864761e-21, 1.41078399969e-20, 2.20746604301e-20, 2.51577499812e-20, 6.1159950884e-20, 9.90797713198e-20, 1.3636411025e-19, 2.42724932117e-19, 5.24732154536e-19, 6.22914564138e-19, 6.80852052e-19, 6.64530124153e-19, 8.65303609227e-19, 1.61533536079e-18, 8.18832240522e-19, 2.38852248265e-18, 3.25673787103e-18, 3.49641469428e-18, 4.59680189623e-18, 4.03741356236e-18, 6.52610637642e-18, 7.04478873875e-18, 6.96148172489e-18, 9.33559430768e-18, 9.57896986905e-18, 1.12394563666e-17, 1.34516400727e-17, 1.25449533412e-17, 1.25155768489e-17, 1.11968598738e-17, 1.0290584251e-17, 9.23411579013e-18, 6.89142655805e-18, 4.4904157161e-18, 2.64104293927e-18, 1.11831241261e-18, 2.65078531743e-19, 2.40271831075e-20], "var": [0.0135770654306, 2.13636493683, 22.2893314362, 426.991119385, 853.664978027, 925.032104492, 1586.26171875, 1064.78820801, 1013.67376709, 1194.10974121, 922.37286377, 3633.98754883, 2405.88623047, 587.637145996, 207.899108887, 86.7526702881, 140.217010498, 208.26272583, 224.385421753, 77.3281021118, 79.1950302124, 52.1367835999, 60.9229927063, 38.5153465271, 41.150932312, 52.08984375, 35.9726486206, 39.7305488586, 29.5252838135, 11.1509981155, 14.7740383148, 14.5952262878, 2.04819369316, 0.1384832412, 1.19794154167, 1.19955229759, 0.0130821531639, 0.000504188006744, 0.000491131737363, 5.22547225046e-07], "median": [0.00257149059325, 0.0522492565215, 0.700210094452, 2.40656924248, 2.62843322754, 4.49635505676, 9.63464736938, 12.1617355347, 11.5529756546, 6.41863775253, 8.66361045837, 9.15020084381, 9.4484128952, 4.28427886963, 5.02586078644, 3.08206033707, 3.4747736454, 4.22827005386, 4.00440788269, 2.70918083191, 3.75206518173, 3.3298125267, 1.52621459961, 1.88273131847, 1.81975317001, 1.41271448135, 2.44486379623, 1.56022334099, 1.19124269485, 0.958251476288, 0.649015545845, 0.622625827789, 0.331891834736, 0.156527176499, 0.152596831322, 0.0977415591478, 0.0179774016142, 0.00218464341015, 0.000263406021986, 4.50722145615e-05]}, "spectral_energy": {"dmean": 0.0127736628056, "dmean2": 0.0216414444149, "max": 0.390800923109, "dvar": 0.000702545163222, "mean": 0.0210297442973, "dvar2": 0.00189438008238, "min": 1.02614194524e-20, "var": 0.000786920078099, "median": 0.0105366175994}, "zerocrossingrate": {"dmean": 0.00955026596785, "dmean2": 0.0118591710925, "max": 0.931640625, "dvar": 0.000133668188937, "mean": 0.0564743876457, "dvar2": 0.000189903686987, "min": 0.005859375, "var": 0.00297430553474, "median": 0.04931640625}, "spectral_energyband_high": {"dmean": 0.000190123624634, "dmean2": 0.000284985813778, "max": 0.012272182852, "dvar": 3.53815067911