{"lowlevel": {"erbbands": {"mean": [0.51617950201, 3.27002811432, 7.1918463707, 5.56695556641, 7.85396814346, 9.39761829376, 12.9316759109, 12.9048728943, 16.5981502533, 21.7150650024, 30.0155296326, 30.8428554535, 24.1785106659, 31.0854434967, 27.1810245514, 38.1155433655, 41.6230506897, 33.2405357361, 38.3934860229, 36.9021110535, 30.6915302277, 24.1607017517, 24.2573432922, 19.9292640686, 19.7387123108, 24.2149391174, 20.9543952942, 15.0694522858, 12.802857399, 16.1504096985, 15.6819982529, 10.4082622528, 7.30936574936, 3.98733115196, 2.7865087986, 1.25366735458, 0.435194194317, 0.101061336696, 0.00898887217045, 0.000260083412286], "dvar": [0.571533679962, 24.9421195984, 40.2735176086, 45.1956748962, 372.307861328, 223.316741943, 456.433563232, 530.936889648, 1007.17614746, 1281.57666016, 2667.31054688, 2970.52001953, 1086.02453613, 2122.62646484, 2193.35351562, 3534.16601562, 7840.17480469, 2669.48999023, 3484.82324219, 3716.0690918, 1266.35998535, 829.192138672, 785.026367188, 551.871582031, 662.875793457, 366.984161377, 340.579589844, 323.793518066, 261.483673096, 253.344085693, 161.759033203, 95.8985443115, 59.2856407166, 21.6761245728, 10.469584465, 3.62420344353, 0.545898616314, 0.0336380526423, 0.000316649791785, 1.34005063046e-07], "min": [3.4547500701e-22, 1.1503584219e-21, 3.43547656998e-21, 1.12842993656e-20, 1.48798256906e-20, 3.67615478584e-20, 6.49439919937e-20, 5.87551429728e-20, 1.27837558345e-19, 1.24945605677e-19, 4.14821306124e-19, 4.35817786709e-19, 3.45658408663e-19, 1.25689318596e-18, 1.21209680629e-18, 2.05616441445e-18, 9.88621142512e-19, 1.97341367956e-18, 2.82943849366e-18, 3.30690368684e-18, 4.08316698999e-18, 3.9209130313e-18, 7.13693500462e-18, 7.37588845844e-18, 8.02323752428e-18, 8.1404051765e-18, 1.11107205935e-17, 1.00444161279e-17, 1.25275883386e-17, 1.20075655301e-17, 1.29575791549e-17, 1.32005502249e-17, 7.72118756052e-18, 8.64424833224e-18, 7.00093162267e-18, 4.70545165609e-18, 2.38330255939e-18, 9.41906427611e-19, 2.16918861559e-19, 2.90379427591e-20], "dmean": [0.360318481922, 2.21461081505, 3.30650115013, 3.46506619453, 7.4565205574, 7.5566573143, 9.74639797211, 10.0801095963, 13.4696540833, 16.2696781158, 20.9823722839, 21.9369392395, 15.9237651825, 20.4866485596, 18.2561893463, 25.3310337067, 29.479888916, 22.6742343903, 27.6063327789, 24.8133735657, 17.4365253448, 15.0589151382, 15.8068065643, 12.794095993, 12.4982271194, 12.6057262421, 11.0238466263, 9.34634017944, 8.28382301331, 9.11550331116, 7.92908000946, 5.11397123337, 3.73714852333, 2.1402630806, 1.7679451704, 0.823963046074, 0.320812761784, 0.0790668278933, 0.00737414415926, 0.000165760357049], "dmean2": [0.546095848083, 3.54997777939, 5.42282772064, 5.97051239014, 13.0034914017, 12.7325658798, 15.9410972595, 16.4455718994, 22.1908798218, 26.5572910309, 33.6029014587, 35.6555175781, 25.7703437805, 31.9439735413, 28.8574523926, 39.7128677368, 46.6819763184, 36.40102005, 44.4816703796, 39.7884902954, 27.6091957092, 24.3676223755, 25.4677448273, 20.3548069, 20.2742061615, 20.5637722015, 18.1076793671, 15.3568134308, 13.474439621, 14.4061574936, 12.3815689087, 7.66931295395, 5.60905313492, 3.16119670868, 2.64381694794, 1.23052084446, 0.489666372538, 0.12175346911, 0.0119001436979, 0.000259833585005], "dvar2": [1.26208639145, 63.4969673157, 104.808708191, 127.877571106, 1014.01123047, 594.71472168, 1158.6776123, 1385.63867188, 2519.00024414, 3143.58178711, 6650.23144531, 7448.86083984, 2776.86694336, 5013.03222656, 5295.40478516, 8199.01855469, 19354.5585938, 6284.16650391, 8455.96386719, 9484.13769531, 3110.74560547, 2119.54663086, 1919.01147461, 1355.81225586, 1690.93725586, 928.358215332, 872.586181641, 852.256835938, 687.77154541, 625.080078125, 364.194946289, 217.123794556, 132.2784729, 46.6546020508, 23.5401287079, 7.53347110748, 1.18728864193, 0.0749146044254, 0.000790369173046, 3.22849530221e-07], "max": [8.64182949066, 66.7752075195, 84.9301452637, 90.2995071411, 242.705474854, 225.142318726, 363.775299072, 417.812347412, 694.709228516, 838.181091309, 1192.07788086, 1122.16821289, 594.261413574, 1220.24401855, 1334.15197754, 1342.20922852, 1940.72290039, 1052.67333984, 1161.54431152, 1355.74353027, 1187.70422363, 451.010223389, 451.323577881, 582.055419922, 751.943908691, 277.287811279, 288.170013428, 338.610931396, 326.265350342, 268.960906982, 286.412902832, 200.466705322, 149.637466431, 106.984939575, 67.601234436, 45.16223526, 15.3519639969, 3.75964140892, 0.404488414526, 0.00813815928996], "median": [0.131512075663, 1.46549510956, 4.3202419281, 3.08432435989, 3.28516530991, 4.33097839355, 5.10901355743, 5.29764413834, 5.51231622696, 7.73178815842, 9.19377994537, 9.16324329376, 10.2233047485, 10.3604707718, 10.4244356155, 13.0193386078, 12.7397642136, 12.2733383179, 16.6894111633, 16.0782546997, 16.4731616974, 13.4408035278, 13.736114502, 12.7095117569, 12.6881580353, 15.383641243, 13.1385469437, 8.1874370575, 5.51476192474, 7.32311248779, 7.5106420517, 4.80674934387, 3.23263001442, 1.65122687817, 1.0602465868, 0.476543366909, 0.147295594215, 0.0300952643156, 0.00293795135804, 0.000136859787744], "var": [1.00657236576, 28.8078842163, 96.6079025269, 60.6088562012, 285.837310791, 245.925842285, 564.071533203, 541.754577637, 1174.46923828, 1972.90466309, 4038.38134766, 4012.50732422, 1657.10705566, 3950.41674805, 3598.55639648, 6489.54736328, 12470.7714844, 4400.16943359, 4618.59521484, 5174.18017578, 2807.171875, 1214.9173584, 1124.30480957, 700.383728027, 755.767944336, 755.218261719, 596.327270508, 426.578735352, 375.171020508, 512.294067383, 432.698425293, 225.500549316, 129.013839722, 43.7342071533, 18.7416782379, 6.15506410599, 0.781718254089, 0.0424492619932, 0.000332143128617, 1.66435739857e-07]}, "gfcc": {"icov": [[7.82951246947e-05, -3.3884869481e-05, 0.000104301405372, -0.000138850708026, 7.58017704356e-05, -0.000216689542867, 0.000152034161147, -0.000158749346156, 0.000153404776938, -0.000182607313036, 0.000374832481612, -0.000283062196104, 0.00023509238963], [-3.3884869481e-05, 0.000854377925862, -8.00279594841e-05, 0.000100172284874, -0.000532969250344, 0.000562858884223, -0.000683416670654, 0.000405573286116, -0.000248300319072, 0.000971700123046, -0.00101912685204, 0.00130293588154, -0.000738219649065], [0.000104301405372, -8.00279594841e-05, 0.00132524326909, -0.000620007573161, -0.000327094312524, -2.42316436925e-05, 5.32838676008e-05, 0.000218353932723, 0.000193563479115, -0.000667545653414, 0.00107795337681, -0.00133653497323, 0.000788939418271], [-0.000138850708026, 0.000100172284874, -0.000620007573161, 0.00241570547223, -0.00108114955947, -0.000154205074068, -3.20156177622e-05, 4.95681997563e-05, -0.00140666088555, 0.000748340331484, -8.54613172123e-05, 0.000795847678091, -0.000972440699115], [7.58017704356e-05, -0.000532969250344, -0.000327094312524, -0.00108114955947, 0.00449141068384, -0.000855006859638, -0.000842050823849, -0.000249130040174, -0.000468051468488, -0.000769765989389, 0.000930743233766, -0.000855049060192, -0.000170727158547], [-0.000216689542867, 0.000562858884223, -2.42316436925e-05, -0.000154205074068, -0.000855006859638, 0.00487188622355, -0.00305235176347, 0.000437998853158, 2.59431290033e-05, -0.000668785476591, -0.00063272198895, 0.0015452883672, -0.000650886620861], [0.000152034161147, -0.000683416670654, 5.32838676008e-05, -3.20156177622e-05, -0.000842050823849, -0.00305235176347, 0.00755196902901, -0.00162141385954, 0.000201676171855, 0.000459546456113, -0.00161220354494, -0.000872146280017, 0.00191894220188], [-0.000158749346156, 0.000405573286116, 0.000218353932723, 4.95681997563e-05, -0.000249130040174, 0.000437998853158, -0.00162141385954, 0.00745955156162, -0.00356308021583, -5.80289770369e-06, 0.000565314781852, 0.000427606806625, -2.92807840196e-06], [0.000153404776938, -0.000248300319072, 0.000193563479115, -0.00140666088555, -0.000468051468488, 2.59431290033e-05, 0.000201676171855, -0.00356308021583, 0.0105689279735, -0.00341011630371, -0.000655925832689, 0.00168446882162, -0.00146462686826], [-0.000182607313036, 0.000971700123046, -0.000667545653414, 0.000748340331484, -0.000769765989389, -0.000668785476591, 0.000459546456113, -5.80289770369e-06, -0.00341011630371, 0.0137764289975, -0.00529904523864, -8.34357924759e-05, 0.00100235815626], [0.000374832481612, -0.00101912685204, 0.00107795337681, -8.54613172123e-05, 0.000930743233766, -0.00063272198895, -0.00161220354494, 0.000565314781852, -0.000655925832689, -0.00529904523864, 0.0174616854638, -0.006552294828, -0.000206176860956], [-0.000283062196104, 0.00130293588154, -0.00133653497323, 0.000795847678091, -0.000855049060192, 0.0015452883672, -0.000872146280017, 0.000427606806625, 0.00168446882162, -8.34357924759e-05, -0.006552294828, 0.0157807953656, -0.00520381890237], [0.00023509238963, -0.000738219649065, 0.000788939418271, -0.000972440699115, -0.000170727158547, -0.000650886620861, 0.00191894220188, -2.92807840196e-06, -0.00146462686826, 0.00100235815626, -0.000206176860956, -0.00520381890237, 0.0141767635942]], "mean": [19.9763278961, 51.6510848999, -93.8106460571, 29.8963470459, -52.2202262878, 18.1581516266, -33.7224769592, 11.2036981583, -22.4596500397, 6.82061290741, -15.787976265, 1.75237417221, -12.8582754135], "cov": [[22516.6875, -1312.38537598, -866.161376953, 909.208129883, -77.7659683228, 991.137390137, -91.1313781738, 488.841552734, -69.8287887573, 183.565750122, -435.908081055, 1.99931263924, -299.957305908], [-1312.38537598, 1954.18310547, 58.5365524292, 112.176567078, 252.931777954, -87.1442184448, 171.839859009, -55.373840332, 61.893245697, -119.413948059, 67.9735717773, -104.601875305, 81.1631851196], [-866.161376953, 58.5365524292, 1123.09875488, 326.040100098, 218.146621704, 22.7678890228, 44.9891700745, -24.8705730438, 38.0340232849, 36.3497886658, -16.8161334991, 59.4833488464, -2.19791960716], [909.208129883, 112.176567078, 326.040100098, 769.919555664, 278.172363281, 155.233474731, 84.0780334473, 85.538444519, 136.420394897, 18.5617866516, -29.4702777863, -18.7720737457, 30.0079536438], [-77.7659683228, 252.931777954, 218.146621704, 278.172363281, 397.670562744, 125.945861816, 121.681442261, 47.4620742798, 81.972869873, 22.1867160797, 6.79205751419, -1.78344678879, 21.8563480377], [991.137390137, -87.1442184448, 22.7678890228, 155.233474731, 125.945861816, 386.739807129, 155.233093262, 58.9425621033, 39.6366233826, 44.5108222961, 2.35134625435, -13.7425537109, -17.3822498322], [-91.1313781738, 171.839859009, 44.9891700745, 84.0780334473, 121.681442261, 155.233093262, 243.985214233, 51.6427383423, 39.5975952148, 13.5133581161, 32.6517066956, -6.49745750427, -9.47401618958], [488.841552734, -55.373840332, -24.8705730438, 85.538444519, 47.4620742798, 58.9425621033, 51.6427383423, 196.229232788, 79.4726333618, 25.4716949463, -7.6385269165, -12.0935230255, -5.55111217499], [-69.8287887573, 61.893245697, 38.0340232849, 136.420394897, 81.972869873, 39.6366233826, 39.5975952148, 79.4726333618, 162.25479126, 38.5211257935, 14.014128685, -14.8247852325, 17.886806488], [183.565750122, -119.413948059, 36.3497886658, 18.5617866516, 22.1867160797, 44.5108222961, 13.5133581161, 25.4716949463, 38.5211257935, 108.441337585, 29.1358261108, 18.8136882782, -5.88296461105], [-435.908081055, 67.9735717773, -16.8161334991, -29.4702777863, 6.79205751419, 2.35134625435, 32.6517066956, -7.6385269165, 14.014128685, 29.1358261108, 96.7206878662, 33.7409553528, 18.6306400299], [1.99931263924, -104.601875305, 59.4833488464, -18.7720737457, -1.78344678879, -13.7425537109, -6.49745750427, -12.0935230255, -14.8247852325, 18.8136882782, 33.7409553528, 103.421348572, 25.738073349], [-299.957305908, 81.1631851196, -2.19791960716, 30.0079536438, 21.8563480377, -17.3822498322, -9.47401618958, -5.55111217499, 17.886806488, -5.88296461105, 18.6306400299, 25.738073349, 94.6479873657]]}, "spectral_skewness": {"mean": 1.45692884922, "dvar": 0.137840345502, "min": -0.0559568703175, "dmean": 0.225350692868, "dmean2": 0.336104780436, "dvar2": 0.260928124189, "max": 9.59050941467, "median": 1.31849122047, "var": 0.560042977333}, "spectral_energyband_low": {"mean": 0.0230426993221, "dvar": 0.000582266133279, "min": 3.10534369588e-23, "dmean": 0.0121821640059, "dmean2": 0.0187367405742, "dvar2": 0.00139832810964, "max": 0.303848385811, "median": 0.0139486389235, "var": 0.00097595306579}, "spectral_energyband_middle_low": {"mean": 0.0101786646992, "dvar": 8.70252333698e-05, "min": 1.83840159077e-22, "dmean": 0.00570987537503, "dmean2": 0.00920471083373, "dvar2": 0.000220462141442, "max": 0.095173433423, "median": 0.00752639304847, "var": 0.000105884973891}, "mfcc": {"icov": [[9.40312675084e-05, 4.25210419053e-05, 5.2409748605e-05, -4.69263022751e-06, 4.63712831333e-06, -9.85430306173e-05, 6.59917641315e-05, -9.02285828488e-05, -4.84672709717e-05, -0.000100495512015, 6.67593849357e-05, -0.000159879215062, -5.00773530803e-05], [4.25210419053e-05, 0.000713972374797, 7.80737391324e-05, -0.000217404376599, 5.49309788767e-06, 0.000114077971375, -0.000461039016955, -2.48031701631e-05, 1.59386290761e-05, 0.000117765936011, -5.02478214912e-05, -0.000103024816781, 0.000274427206023], [5.2409748605e-05, 7.80737391324e-05, 0.00174480420537, -0.000550485972781, -0.000417580828071, -0.000463296775706, -5.05729985889e-05, 0.000325387663906, -0.000454786146292, 0.000921081460547, -0.000923238229007, 0.000556446029805, -0.000187268597074], [-4.69263022751e-06, -0.000217404376599, -0.000550485972781, 0.00318279885687, -0.00175113312434, -0.0001539325458, 0.000488289864734, -0.000470337312436, -0.00102603877895, 0.000893811520655, -0.000113149537356, -0.000457025889773, -0.000476831104606], [4.63712831333e-06, 5.49309788767e-06, -0.000417580828071, -0.00175113312434, 0.00571355829015, -0.00107958447188, 0.000350674323272, 0.000211587263038, -0.00190989742987, -0.000688194704708, 0.00106143881567, -0.000744289660361, 0.000521476264112], [-9.85430306173e-05, 0.000114077971375, -0.000463296775706, -0.0001539325458, -0.00107958447188, 0.00478799268603, -0.00263108196668, -0.000325386208715, 0.000486402830575, -0.000690553337336, -0.000579204817768, 0.00115333881695, -0.000954390503466], [6.59917641315e-05, -0.000461039016955, -5.05729985889e-05, 0.000488289864734, 0.000350674323272, -0.00263108196668, 0.00869070366025, -0.00359215633944, 0.00055887713097, -0.000373375834897, -0.000914890668355, -0.000487685349071, 0.000106052328192], [-9.02285828488e-05, -2.48031701631e-05, 0.000325387663906, -0.000470337312436, 0.000211587263038, -0.000325386208715, -0.00359215633944, 0.0108688175678, -0.00392313394696, -2.9599375921e-05, -0.000896081503015, -0.000111637440568, -0.00101580494083], [-4.84672709717e-05, 1.59386290761e-05, -0.000454786146292, -0.00102603877895, -0.00190989742987, 0.000486402830575, 0.00055887713097, -0.00392313394696, 0.0131392031908, -0.00488788867369, 0.00171000184491, -0.00193924154155, -0.000616853008978], [-0.000100495512015, 0.000117765936011, 0.000921081460547, 0.000893811520655, -0.000688194704708, -0.000690553337336, -0.000373375834897, -2.9599375921e-05, -0.00488788867369, 0.0106890583411, -0.00373156811111, -7.20372918295e-05, 4.60684059362e-05], [6.67593849357e-05, -5.02478214912e-05, -0.000923238229007, -0.000113149537356, 0.00106143881567, -0.000579204817768, -0.000914890668355, -0.000896081503015, 0.00171000184491, -0.00373156811111, 0.0142434919253, -0.00434866780415, 0.000821556604933], [-0.000159879215062, -0.000103024816781, 0.000556446029805, -0.000457025889773, -0.000744289660361, 0.00115333881695, -0.000487685349071, -0.000111637440568, -0.00193924154155, -7.20372918295e-05, -0.00434866780415, 0.0160868335515, -0.00635362323374], [-5.00773530803e-05, 0.000274427206023, -0.000187268597074, -0.000476831104606, 0.000521476264112, -0.000954390503466, 0.000106052328192, -0.00101580494083, -0.000616853008978, 4.60684059362e-05, 0.000821556604933, -0.00635362323374, 0.0157976802438]], "mean": [-626.593322754, 89.9415588379, 13.2912960052, 19.6276988983, 7.32732868195, 8.44920063019, 3.17413854599, 4.4514093399, -0.200546979904, 6.9860906601, -1.73760819435, 2.04226708412, -0.231276109815], "cov": [[12889.5078125, -773.241943359, -331.836914062, 162.972213745, 231.723220825, 389.874786377, 101.965316772, 312.891326904, 335.364990234, 367.13067627, 67.7401504517, 269.655151367, 207.569015503], [-773.241943359, 1558.93237305, 13.2667608261, 119.88873291, 29.8393268585, 7.05035018921, 97.7299041748, 34.3847770691, 4.51978826523, -22.8052215576, 13.5389995575, 4.11808538437, -23.5649700165], [-331.836914062, 13.2667608261, 792.611938477, 265.967651367, 167.45451355, 133.007110596, 33.3345565796, 20.9004631042, 54.0420265198, -36.6547737122, 34.1743812561, -0.161296054721, 20.1441650391], [162.972213745, 119.88873291, 265.967651367, 569.6796875, 252.102523804, 109.072891235, 25.4892292023, 75.2416992188, 121.62538147, 15.4037618637, 16.0534362793, 51.9368553162, 46.4741020203], [231.723220825, 29.8393268585, 167.45451355, 252.102523804, 325.838592529, 115.887084961, 30.5593147278, 58.7392272949, 110.039428711, 49.2533226013, 7.91061687469, 39.0768547058, 29.0856342316], [389.874786377, 7.05035018921, 133.007110596, 109.072891235, 115.887084961, 345.645233154, 129.794998169, 83.1057128906, 58.9448165894, 57.9800033569, 38.6339874268, 19.2994842529, 35.3963165283], [101.965316772, 97.7299041748, 33.3345565796, 25.4892292023, 30.5593147278, 129.794998169, 196.481582642, 87.1659545898, 35.3583068848, 40.8581886292, 35.2103729248, 21.3124790192, 18.910446167], [312.891326904, 34.3847770691, 20.9004631042, 75.2416992188, 58.7392272949, 83.1057128906, 87.1659545898, 162.691543579, 81.3128509521, 54.5413169861, 29.0416469574, 35.7077598572, 31.7380084991], [335.364990234, 4.51978826523, 54.0420265198, 121.62538147, 110.039428711, 58.9448165894, 35.3583068848, 81.3128509521, 161.31729126, 80.9395217896, 18.2802391052, 45.478099823, 33.6190719604], [367.13067627, -22.8052215576, -36.6547737122, 15.4037618637, 49.2533226013, 57.9800033569, 40.8581886292, 54.5413169861, 80.9395217896, 159.552886963, 42.3173675537, 35.3085174561, 21.395149231], [67.7401504517, 13.5389995575, 34.1743812561, 16.0534362793, 7.91061687469, 38.6339874268, 35.2103729248, 29.0416469574, 18.2802391052, 42.3173675537, 95.3345870972, 32.2708282471, 13.1845445633], [269.655151367, 4.11808538437, -0.161296054721, 51.9368553162, 39.0768547058, 19.2994842529, 21.3124790192, 35.7077598572, 45.478099823, 35.3085174561, 32.2708282471, 99.5767593384, 44.4210472107], [207.569015503, -23.5649700165, 20.1441650391, 46.4741020203, 29.0856342316, 35.3963165283, 18.910446167, 31.7380084991, 33.6190719604, 21.395149231, 13.1845445633, 44.4210472107, 87.5317001343]]}, "silence_rate_20dB": {"mean": 1, "dvar": 0, "min": 1, "dmean": 0, "dmean2": 0, "dvar2": 0, "max": 1, "median": 1, "var": 0}, "dynamic_complexity": 2.72850704193, "silence_rate_60dB": {"mean": 0.0645405426621, "dvar": 0.0305732022971, "min": 0, "dmean": 0.031570982188, "dmean2": 0.0631487891078, "dvar2": 0.0712661445141, "max": 1, "median": 0, "var": 0.0603651367128}, "dissonance": {"mean": 0.463218331337, "dvar": 0.000578010687605, "min": 0.178318545222, "dmean": 0.0199278052896, "dmean2": 0.0324387252331, "dvar2": 0.00137141312007, "max": 0.500000119209, "median": 0.475838899612, "var": 0.00155568576884}, "barkbands": {"mean": [0.00063863088144, 0.015758767724, 0.00586093449965, 0.00149402429815, 0.00297497981228, 0.00167988869362, 0.00117560161743, 0.00134577078279, 0.00121560622938, 0.000996430870146, 0.000644286279567, 0.000755794811994, 0.000847640272696, 0.000708741717972, 0.000701499870047, 0.000579336367082, 0.000471945182653, 0.000436702976003, 0.000375242641894, 0.000506338779815, 0.00042979081627, 0.000379586068448, 0.000564856047276, 0.000465960125439, 0.000378122727852, 0.000247561663855, 5.2197581681e-05], "dvar": [9.55829250415e-07, 0.000517142354511, 2.64712689386e-05, 7.61390538173e-06, 2.72837787634e-05, 7.72340081312e-06, 5.22596883457e-06, 5.07426420882e-06, 4.66522305942e-06, 1.79862502137e-06, 1.51766198542e-06, 1.61343200489e-06, 3.8110888454e-06, 1.3710678104e-06, 1.55362249643e-06, 6.61700084947e-07, 3.5633345874e-07, 2.62787381189e-07, 2.58081371385e-07, 1.76434369337e-07, 1.82029566531e-07, 2.28559898119e-07, 2.06905724554e-07, 2.03580640346e-07, 1.59205384875e-07, 1.58133616424e-07, 1.09946354243e-08], "min": [3.80301879842e-25, 8.28788626622e-24, 3.86685495129e-24, 2.35671071308e-24, 1.04631331359e-23, 8.88507921502e-24, 8.64905439876e-24, 1.861122615e-23, 2.15837991913e-23, 1.62892251195e-23, 2.18898188468e-23, 3.81625346853e-23, 1.79748646795e-23, 4.48450290559e-23, 6.12266566087e-23, 5.87825446433e-23, 4.63644887554e-23, 1.2650954764e-22, 1.59465215386e-22, 1.66657859794e-22, 2.66417538034e-22, 3.91714827343e-22, 4.49946873292e-22, 6.30913735895e-22, 9.6454247549e-22, 1.24734433898e-21, 1.96303530291e-21], "dmean": [0.000484743912239, 0.0105013782158, 0.00278769852594, 0.00124985352159, 0.00244515598752, 0.00129010714591, 0.000990917091258, 0.000971295463387, 0.000907314242795, 0.000655496900436, 0.000468972983072, 0.000526899588294, 0.000636942626443, 0.000521668815054, 0.000534409948159, 0.00037973371218, 0.000314453645842, 0.00029421178624, 0.000251876830589, 0.000269643263891, 0.000242598849582, 0.000243144182605, 0.000285872840323, 0.000226895819651, 0.000215433363337, 0.000171249950654, 4.35552574345e-05], "dmean2": [0.000759815564379, 0.0163870472461, 0.00460603972897, 0.0021940767765, 0.00411083828658, 0.00209148717113, 0.00163538975175, 0.00158218154684, 0.00148273236118, 0.00104927713983, 0.000746155390516, 0.00083210458979, 0.00102934241295, 0.000838360574562, 0.000866696704179, 0.000602546730079, 0.000517349224538, 0.000476878194604, 0.000406399572967, 0.000440799281932, 0.00039590781671, 0.000395683076931, 0.000447967613582, 0.000337937119184, 0.000316457648296, 0.000259893073235, 7.04547783243e-05], "dvar2": [2.16678404286e-06, 0.00125875778031, 6.92956746207e-05, 2.16850221477e-05, 7.15743226465e-05, 1.95825232367e-05, 1.29454438138e-05, 1.27354460346e-05, 1.17731133287e-05, 4.49433582617e-06, 3.61484808309e-06, 3.74460887542e-06, 9.57420434133e-06, 3.33316756951e-06, 3.83746873922e-06, 1.60208446687e-06, 9.2565852583e-07, 6.56767781493e-07, 6.51020855003e-07, 4.49590345397e-07, 4.62450088889e-07, 6.10200231677e-07, 4.66497596108e-07, 4.51278253877e-07, 3.36880930263e-07, 3.28663617211e-07, 2.72239368826e-08], "max": [0.0119496872649, 0.286005675793, 0.073717571795, 0.0361880362034, 0.0576630756259, 0.0479530245066, 0.0450570099056, 0.0427036620677, 0.040353115648, 0.0268654488027, 0.0277138799429, 0.0267860330641, 0.0395602434874, 0.0211722925305, 0.0258706379682, 0.022123830393, 0.0089370124042, 0.00834939628839, 0.0155908837914, 0.00668951123953, 0.00646824715659, 0.00770089309663, 0.00948349758983, 0.00846244115382, 0.00784241873771, 0.00830881111324, 0.00214995932765], "median": [9.88983811112e-05, 0.00658275745809, 0.0028981231153, 0.000526562158484, 0.00140943028964, 0.000685208127834, 0.000386826752219, 0.00037349248305, 0.00033330428414, 0.000329086906277, 0.000183065130841, 0.000222384245717, 0.000215997526539, 0.000223428913159, 0.000283524801489, 0.000273153069429, 0.000245548493695, 0.000243379938183, 0.000229318917263, 0.000320044346154, 0.000263095105765, 0.000159280811204, 0.000273996207397, 0.000211267237319, 0.00015441107098, 8.82126041688e-05, 1.62623073265e-05], "var": [2.00600493372e-06, 0.000705285638105, 6.97197174304e-05, 7.4775775829e-06, 2.58107102127e-05, 8.61247463035e-06, 6.01077226747e-06, 8.09463017504e-06, 6.18844933342e-06, 3.20621961691e-06, 2.55746658695e-06, 2.96642770081e-06, 5.77310265726e-06, 2.13977637031e-06, 1.96075870917e-06, 1.15526211175e-06, 5.25383086369e-07, 3.67288464531e-07, 2.89464935577e-07, 3.37031138997e-07, 2.78217697769e-07, 3.31283331434e-07, 5.51256448489e-07, 4.75576257486e-07, 3.34732106921e-07, 2.5116520419e-07, 1.17230047891e-08]}, "spectral_complexity": {"mean": 22.8574047089, "dvar": 41.859462738, "min": 0, "dmean": 5.52232694626, "dmean2": 8.05947208405, "dvar2": 75.0249481201, "max": 64, "median": 23, "var": 192.632781982}, "spectral_energyband_high": {"mean": 0.00280654686503, "dvar": 3.90736931877e-06, "min": 7.0444583124e-21, "dmean": 0.00125533621758, "dmean2": 0.00186840374954, "dvar2": 8.4510711531e-06, "max": 0.0267706792802, "median": 0.00164055381902, "var": 1.03888050944e-05}, "hfc": {"mean": 38.6452293396, "dvar": 397.546264648, "min": 1.09091457772e-16, "dmean": 13.9543685913, "dmean2": 20.6708526611, "dvar2": 846.859863281, "max": 246.917633057, "median": 31.0287303925, "var": 1063.76489258}, "melbands_kurtosis": {"mean": 24.5482559204, "dvar": 2259.10986328, "min": -1.86184465885, "dmean": 15.9161872864, "dmean2": 25.2496776581, "dvar2": 5499.96582031, "max": 4190.05712891, "median": 10.1943311691, "var": 4824.04150391}, "spectral_strongpeak": {"mean": 0.789298117161, "dvar": 0.664033293724, "min": 0, "dmean": 0.477444201708, "dmean2": 0.810478210449, "dvar2": 1.71863412857, "max": 10.9800777435, "median": 0.491804033518, "var": 0.945895671844}, "silence_rate_30dB": {"mean": 0.950918912888, "dvar": 0.0455084890127, "min": 0, "dmean": 0.047788951546, "dmean2": 0.0955882370472, "dvar2": 0.104191027582, "max": 1, "median": 1, "var": 0.046673502773}, "melbands_spread": {"mean": 27.7870445251, "dvar": 274.930847168, "min": 0.172379016876, "dmean": 11.4516096115, "dmean2": 17.9116287231, "dvar2": 639.487121582, "max": 233.317443848, "median": 23.2651252747, "var": 563.05078125}, "melbands_crest": {"mean": 16.6788139343, "dvar": 13.4997816086, "min": 1.57056105137, "dmean": 4.01466417313, "dmean2": 6.39114093781, "dvar2": 31.8061008453, "max": 39.9604034424, "median": 16.1845283508, "var": 41.2191123962}, "average_loudness": 0.914475917816, "spectral_flux": {"mean": 0.10988843441, "dvar": 0.00169632129837, "min": 6.47201250925e-11, "dmean": 0.0352522730827, "dmean2": 0.0553459525108, "dvar2": 0.00386007269844, "max": 0.509634196758, "median": 0.102550506592, "var": 0.00354953901842}, "spectral_rolloff": {"mean": 2222.06323242, "dvar": 2519581.5, "min": 21.533203125, "dmean": 1018.31292725, "dmean2": 1651.33532715, "dvar2": 5244852, "max": 19939.7460938, "median": 1442.72460938, "var": 6200572}, "melbands": {"mean": [0.00444234674796, 0.00400487985462, 0.0010631516343, 0.000642398546916, 0.000448865059298, 0.000300026062177, 0.000249155185884, 0.00024760569795, 0.000256845203694, 0.000175055276486, 0.000117691684864, 0.000127337829326, 9.1758207418e-05, 8.38070045575e-05, 0.00011146554607, 6.55844414723e-05, 6.41117221676e-05, 6.34869502392e-05, 4.82149553136e-05, 4.61378149339e-05, 3.51198650606e-05, 2.46790059464e-05, 2.58024811046e-05, 1.926353616e-05, 1.56052719831e-05, 1.41301979966e-05, 1.45892754517e-05, 1.64236898854e-05, 1.38769792102e-05, 1.0874245163e-05, 8.03401599114e-06, 7.19553463568e-06, 7.3046739999e-06, 9.94417678157e-06, 9.99872281682e-06, 6.80914536133e-06, 6.17953992332e-06, 5.37611094842e-06, 4.14250325775e-06, 3.05809271595e-06], "dvar": [4.27433005825e-05, 1.65184319485e-05, 1.90153514268e-06, 1.57398847023e-06, 4.62519409439e-07, 2.57793402625e-07, 2.26784152346e-07, 1.63845541579e-07, 1.91189116094e-07, 1.00852410867e-07, 2.85104828635e-08, 3.87905139121e-08, 2.95661397587e-08, 1.78714554266e-08, 5.22607201958e-08, 2.05119246033e-08, 1.26410846235e-08, 1.09589750608e-08, 7.88603315982e-09, 5.24068832775e-09, 1.90863080896e-09, 1.0296933306e-09, 1.17405996036e-09, 6.47207509807e-10, 3.92713445097e-10, 4.02966382484e-10, 3.25546228863e-10, 1.71327896314e-10, 1.66869754126e-10, 1.45698161869e-10, 1.205901351e-10, 9.90892645714e-11, 8.62953319913e-11, 9.60995866217e-11, 7.59246068793e-11, 4.21003717999e-11, 4.257400682e-11, 3.47258784228e-11, 2.69574397527e-11, 1.40457636841e-11], "min": [3.00070776546e-24, 2.44925376081e-24, 1.7124028495e-24, 2.35585302406e-24, 2.06935767595e-24, 1.10943741102e-24, 2.03129848993e-24, 1.93614924298e-24, 2.7741031317e-24, 3.35402042111e-24, 1.60931391476e-24, 4.76736452372e-24, 4.41099227105e-24, 3.39257954773e-24, 2.23408544081e-24, 3.05757576205e-24, 3.39767756133e-24, 3.89694013406e-24, 4.66932094611e-24, 4.29965007631e-24, 4.36364010635e-24, 2.7574425866e-24, 4.67086238032e-24, 5.10333328351e-24, 5.33055914523e-24, 5.69607942338e-24, 5.38036072304e-24, 4.18065316977e-24, 6.82065389189e-24, 6.53491466695e-24, 4.92099202957e-24, 6.72453750147e-24, 6.29116493028e-24, 6.6362513444e-24, 6.2747948832e-24, 5.21433784578e-24, 7.1385182939e-24, 4.01360516777e-24, 6.22729322936e-24, 7.16521098035e-24], "dmean": [0.0030529582873, 0.0020083966665, 0.000689319800586, 0.000561048858799, 0.000327326270053, 0.000231865997193, 0.000204193696845, 0.000185262731975, 0.000182322430192, 0.00012778386008, 8.14863233245e-05, 8.65991241881e-05, 6.50433212286e-05, 5.78405415581e-05, 8.24964663479e-05, 4.93019651913e-05, 4.65360171802e-05, 4.85514756292e-05, 3.57412136509e-05, 3.18710954161e-05, 2.10664984479e-05, 1.63553741004e-05, 1.89505626622e-05, 1.34293850351e-05, 1.06806355689e-05, 9.83579229796e-06, 9.26178199734e-06, 8.83852226252e-06, 7.82294500823e-06, 6.74212787999e-06, 5.46076717001e-06, 4.98373537994e-06, 4.77778212371e-06, 5.77176615479e-06, 5.44617887499e-06, 3.48132630279e-06, 3.30698230755e-06, 2.92722347695e-06, 2.2310125587e-06, 1.75484331066e-06], "dmean2": [0.00469654658809, 0.00324510945939, 0.00119356473442, 0.000951332389377, 0.000537858111784, 0.000376830023015, 0.000335303629981, 0.000302276370348, 0.000291428528726, 0.000207815828617, 0.000131965905894, 0.000136104019475, 0.000102832877019, 9.1709465778e-05, 0.000130795975565, 7.85057782196e-05, 7.49956598156e-05, 7.89191981312e-05, 5.77863866056e-05, 5.06101023348e-05, 3.38244135492e-05, 2.66004062723e-05, 3.10012655973e-05, 2.17492106458e-05, 1.71445299202e-05, 1.60235267685e-05, 1.52330167111e-05, 1.45807107401e-05, 1.29586505864e-05, 1.10773162305e-05, 9.12512314244e-06, 8.23592381494e-06, 7.80450227467e-06, 9.22594972508e-06, 8.67449307407e-06, 5.2895625231e-06, 5.09188839715e-06, 4.48974333267e-06, 3.41806708093e-06, 2.64139976025e-06], "dvar2": [0.000100331708381, 4.28665662184e-05, 5.33369166078e-06, 4.17115506934e-06, 1.2008840713e-06, 6.66186906528e-07, 5.64234483136e-07, 4.0496058773e-07, 4.74744098256e-07, 2.52691251035e-07, 7.28550233475e-08, 9.2725450429e-08, 7.03386859868e-08, 4.21528625338e-08, 1.28564167312e-07, 5.10274524856e-08, 2.98562987666e-08, 2.70857878348e-08, 1.91388629389e-08, 1.22404459901e-08, 4.74543826456e-09, 2.61376587041e-09, 3.00445290868e-09, 1.61760860262e-09, 9.68893743014e-10, 1.01242547679e-09, 8.53863979522e-10, 4.39682873443e-10, 4.41163494624e-10, 3.77505970928e-10, 3.22198823177e-10, 2.63039090509e-10, 2.27428326172e-10, 2.38003006192e-10, 1.80205128597e-10, 9.51485001899e-11, 1.00689755145e-10, 8.05924285641e-11, 5.9938949637e-11, 3.05515300558e-11], "max": [0.0741454586387, 0.0576575957239, 0.0197874139994, 0.0142702599987, 0.00996856484562, 0.00883099064231, 0.00934453029186, 0.00954904034734, 0.00944655574858, 0.00696658389643, 0.00300832325593, 0.00512704858556, 0.00388670829125, 0.00291591719724, 0.0042916382663, 0.00480448454618, 0.00229054549709, 0.00189104105812, 0.00211688829586, 0.00203317590058, 0.00126800499856, 0.00050915410975, 0.000597148376983, 0.00044782232726, 0.000440064934082, 0.000730535888579, 0.000277710787486, 0.000181433701073, 0.000235617219005, 0.000147504426423, 0.000233155617025, 0.000208444733289, 0.000146040183608, 0.000165177931194, 0.000191131563042, 0.000154629960889, 0.000125381528051, 0.000109494838398, 0.000120010234241, 8.86976704351e-05], "median": [0.00162075599656, 0.0026896619238, 0.000643633247819, 0.000292303535389, 0.000197277506231, 0.000123086036183, 8.12888392829e-05, 8.32395890029e-05, 7.58626629249e-05, 5.00820460729e-05, 4.32240849477e-05, 3.75310555683e-05, 2.77003418887e-05, 2.81284374068e-05, 3.30186521751e-05, 2.01823204407e-05, 1.92994903045e-05, 2.42130518018e-05, 1.98129746423e-05, 1.92225379578e-05, 1.75703826244e-05, 1.29529271362e-05, 1.24447142298e-05, 1.11195340651e-05, 9.39970595937e-06, 8.14658960735e-06, 9.25399308471e-06, 9.97853567242e-06, 8.26716131996e-06, 6.29235410088e-06, 3.85301518691e-06, 2.89841864287e-06, 2.99129214909e-06, 4.45198520538e-06, 4.5407118705e-06, 3.19724176734e-06, 2.66452207143e-06, 2.27696364163e-06, 1.69485019796e-06, 1.21798314012e-06], "var": [6.38143828837e-05, 2.71717090072e-05, 2.08625806408e-06, 1.36385278893e-06, 5.87355032167e-07, 2.74434285075e-07, 2.66745843192e-07, 2.6625500027e-07, 2.84020586605e-07, 1.3194261328e-07, 4.31977298376e-08, 7.21864381603e-08, 5.12481861392e-08, 3.27254703336e-08, 7.59348495194e-08, 2.80404890418e-08, 2.04485850475e-08, 1.37730369332e-08, 1.00684642845e-08, 7.95292276479e-09, 4.16737000464e-09, 1.52221379945e-09, 1.5878334203e-09, 7.85909337608e-10, 4.81531814422e-10, 4.59543680886e-10, 3.78359760189e-10, 3.67731928241e-10, 2.79953199511e-10, 2.04312525232e-10, 1.47274109574e-10, 1.29628877077e-10, 1.28834776181e-10, 1.94163130018e-10, 1.81718473602e-10, 9.97620597243e-11, 8.62623722453e-11, 7.0460623447e-11, 5.07882069734e-11, 2.70236558825e-11]}, "spectral_energy": {"mean": 0.0416861623526, "dvar": 0.000613942276686, "min": 1.0080749151e-20, "dmean": 0.0160663146526, "dmean2": 0.0245584622025, "dvar2": 0.00146070530172, "max": 0.314676463604, "median": 0.034665606916, "var": 0.00122744916007}, "spectral_decrease": {"mean": -1.01162145327e-08, "dvar": 4.2120420603e-17, "min": -8.25263697379e-08, "dmean": 4.09381550881e-09, "dmean2": 6.27639229478e-09, "dvar2": 1.00450040879e-16, "max": 4.38664773953e-22, "median": -8.08481814829e-09, "var": 8.09706389026e-17}, "erbbands_spread": {"mean": 47.0772171021, "dvar": 174.850631714, "min": 1.08357608318, "dmean": 12.0789937973, "dmean2": 18.301651001, "dvar2": 387.285491943, "max": 183.655609131, "median": 44.679069519, "var": 569.866027832}, "spectral_contrast_coeffs": {"mean": [-0.661395430565, -0.716386735439, -0.763931453228, -0.77059340477, -0.794152617455, -0.778789162636], "dvar": [0.00222239759751, 0.00228429283015, 0.00144099711906, 0.00102355773561, 0.000507501710672, 0.000522828777321], "min": [-0.97209250927, -0.977552592754, -0.973622500896, -0.96766769886, -0.965743482113, -0.964273631573], "dmean": [0.0556730255485, 0.0561892315745, 0.0444668680429, 0.0367963686585, 0.0250823758543, 0.0226333960891], "dmean2": [0.0899867713451, 0.0897599086165, 0.0697819665074, 0.0572100915015, 0.0394528470933, 0.0349124632776], "dvar2": [0.00537279434502, 0.00548075605184, 0.0031774721574, 0.00224617519416, 0.00113526755013, 0.00117194268387], "max": [-0.258915126324, -0.345389068127, -0.386613100767, -0.451424926519, -0.56283813715, -0.608705639839], "median": [-0.672819793224, -0.727079749107, -0.774282336235, -0.779322266579, -0.797560036182, -0.777140200138], "var": [0.00864722859114, 0.00811031181365, 0.00646541221067, 0.00465643359348, 0.00208360794932, 0.00178796576802]}, "spectral_energyband_middle_high": {"mean": 0.00660083116964, "dvar": 1.38483828778e-05, "min": 1.29646535702e-21, "dmean": 0.00270617194474, "dmean2": 0.00416970159858, "dvar2": 3.29935282934e-05, "max": 0.0600079298019, "median": 0.00500653218478, "var": 3.79841367248e-05}, "erbbands_crest": {"mean": 9.02807235718, "dvar": 9.99848842621, "min": 2.25579810143, "dmean": 3.09373736382, "dmean2": 5.00762462616, "dvar2": 23.6303482056, "max": 31.8779525757, "median": 7.59931564331, "var": 27.5332622528}, "barkbands_crest": {"mean": 11.1704444885, "dvar": 9.89794445038, "min": 1.92521166801, "dmean": 3.339646101, "dmean2": 5.35270595551, "dvar2": 23.3464660645, "max": 26.9124183655, "median": 10.1615123749, "var": 25.463470459}, "pitch_salience": {"mean": 0.509878993034, "dvar": 0.00740959122777, "min": 0.00416805874556, "dmean": 0.094008743763, "dmean2": 0.148486226797, "dvar2": 0.0180584602058, "max": 0.926921904087, "median": 0.512766242027, "var": 0.0203684046865}, "melbands_skewness": {"mean": 3.34033632278, "dvar": 1.89403927326, "min": -3.67086553574, "dmean": 1.20403730869, "dmean2": 1.82700586319, "dvar2": 4.39136600494, "max": 61.1473121643, "median": 2.83502721786, "var": 6.49425840378}, "spectral_spread": {"mean": 6226425, "dvar": 1006347747330.0, "min": 806544.0625, "dmean": 762308.1875, "dmean2": 1108759.125, "dvar2": 2011330379780.0, "max": 42189504, "median": 6049373.5, "var": 6456345100290.0}, "spectral_entropy": {"mean": 7.83566904068, "dvar": 0.0773445367813, "min": 3.91676497459, "dmean": 0.204333245754, "dmean2": 0.295465886593, "dvar2": 0.146168231964, "max": 9.82092094421, "median": 7.98800563812, "var": 0.387223273516}, "erbbands_flatness_db": {"mean": 0.127031952143, "dvar": 0.000528105301782, "min": 0.0291492342949, "dmean": 0.0205829702318, "dmean2": 0.0294185653329, "dvar2": 0.000976273557171, "max": 0.45026409626, "median": 0.112884670496, "var": 0.0030488956254}, "spectral_kurtosis": {"mean": 3.92954730988, "dvar": 16.4160461426, "min": -1.24705898762, "dmean": 1.42641866207, "dmean2": 2.16364622116, "dvar2": 29.5904445648, "max": 128.760421753, "median": 2.61888122559, "var": 58.2494049072}, "erbbands_skewness": {"mean": 0.284359246492, "dvar": 0.295949220657, "min": -4.38676118851, "dmean": 0.475156366825, "dmean2": 0.714975297451, "dvar2": 0.637319147587, "max": 7.76991605759, "median": 0.115521296859, "var": 1.09178054333}, "erbbands_kurtosis": {"mean": 1.21655666828, "dvar": 14.9745483398, "min": -1.89238977432, "dmean": 1.64470756054, "dmean2": 2.58145999908, "dvar2": 35.1647720337, "max": 90.0532608032, "median": -0.115319609642, "var": 24.6254520416}, "barkbands_spread": {"mean": 31.6624603271, "dvar": 123.218551636, "min": 0.110852479935, "dmean": 9.77815341949, "dmean2": 14.8950748444, "dvar2": 267.480072021, "max": 129.94480896, "median": 29.6274871826, "var": 419.345855713}, "zerocrossingrate": {"mean": 0.0873680338264, "dvar": 0.000425627891673, "min": 0, "dmean": 0.0186450686306, "dmean2": 0.0212323144078, "dvar2": 0.000495408079587, "max": 0.51318359375, "median": 0.07861328125, "var": 0.00323118385859}, "spectral_centroid": {"mean": 1690.83728027, "dvar": 182336.0625, "min": 102.394592285, "dmean": 362.933258057, "dmean2": 559.944335938, "dvar2": 386868.03125, "max": 11748.7080078, "median": 1694.87768555, "var": 807425.6875}, "barkbands_skewness": {"mean": 1.81299722195, "dvar": 1.11800479889, "min": -6.26596164703, "dmean": 0.84740126133, "dmean2": 1.28679776192, "dvar2": 2.55409479141, "max": 45.6604423523, "median": 1.39017057419, "var": 3.92098093033}, "melbands_flatness_db": {"mean": 0.193238765001, "dvar": 0.00190086150542, "min": 0.00313695054501, "dmean": 0.0392455160618, "dmean2": 0.0579171553254, "dvar2": 0.00391187425703, "max": 0.658465087414, "median": 0.173706948757, "var": 0.00867552682757}, "spectral_contrast_valleys": {"mean": [-7.31426525116, -7.05917739868, -7.53377962112, -7.75347137451, -7.4175491333, -9.48210430145], "dvar": [0.26202878356, 0.227648586035, 0.215576723218, 0.243747845292, 0.259078234434, 0.234498351812], "min": [-27.9338855743, -27.8350601196, -27.6418151855, -27.6199531555, -27.4097156525, -27.3659191132], "dmean": [0.491759240627, 0.47799962759, 0.432889610529, 0.421667426825, 0.382571488619, 0.358832448721], "dmean2": [0.748273611069, 0.743152797222, 0.653642237186, 0.610791862011, 0.536427140236, 0.480683416128], "dvar2": [0.473785728216, 0.47720721364, 0.39987885952, 0.440342634916, 0.464920252562, 0.416052401066], "max": [-5.00439691544, -4.52968215942, -5.08757209778, -5.55385351181, -5.4060254097, -7.12087726593], "median": [-6.71413421631, -6.74263811111, -7.15407371521, -7.33059692383, -6.95134925842, -9.05842208862], "var": [3.55886435509, 2.74467229843, 2.79091310501, 2.87443423271, 3.0132162571, 3.19511127472]}, "barkbands_flatness_db": {"mean": 0.12377577275, "dvar": 0.00119539652951, "min": 0.0145368156955, "dmean": 0.0307660810649, "dmean2": 0.0456394813955, "dvar2": 0.00246860622428, "max": 0.534594297409, "median": 0.103909492493, "var": 0.00560800312087}, "barkbands_kurtosis": {"mean": 8.82081317