{"tonal": {"hpcp": {"dvar": [0.063138641417, 0.053152281791, 0.0547599084675, 0.0549538880587, 0.0534997433424, 0.0559471137822, 0.0576683804393, 0.0574260614812, 0.0552385151386, 0.0598186962306, 0.0559055842459, 0.0539363883436, 0.0445194132626, 0.0428759120405, 0.0393526889384, 0.0355791933835, 0.0343342795968, 0.0421165861189, 0.0407441668212, 0.0407104715705, 0.0416019000113, 0.038174264133, 0.0363518893719, 0.0489417053759, 0.120978608727, 0.0543211586773, 0.043675608933, 0.0487819388509, 0.0510351210833, 0.0506991781294, 0.0599981546402, 0.0589940287173, 0.0588902831078, 0.0637516081333, 0.0569772571325, 0.0680002644658], "var": [0.0613274350762, 0.0455620698631, 0.0449244081974, 0.0453879497945, 0.0492703132331, 0.0484891980886, 0.0464045144618, 0.0484991744161, 0.0507582649589, 0.0562908612192, 0.0494745634496, 0.0459113791585, 0.0368309468031, 0.0361359938979, 0.0329517349601, 0.0287459027022, 0.0292608682066, 0.0352562963963, 0.0335222035646, 0.0353526435792, 0.0363641008735, 0.0321615636349, 0.0306589268148, 0.0628848522902, 0.169100701809, 0.0717845633626, 0.0395629517734, 0.0479668267071, 0.0533772222698, 0.0454059578478, 0.054907117039, 0.0556049831212, 0.052940081805, 0.0570752769709, 0.0678765177727, 0.0793642550707], "median": [0.0460975840688, 0.0295931585133, 0.0242008175701, 0.0243527013808, 0.0263276416808, 0.0275443941355, 0.030919816345, 0.0356475189328, 0.0395470149815, 0.0361428521574, 0.0320087000728, 0.0246581677347, 0.0276398286223, 0.0314097777009, 0.0302806850523, 0.0251109395176, 0.0224532224238, 0.0187425669283, 0.0185339972377, 0.0201272685081, 0.0237005166709, 0.0274150427431, 0.0301601085812, 0.133983060718, 0.185843199492, 0.145087987185, 0.0325173176825, 0.0309530887753, 0.0313114784658, 0.029614303261, 0.0284738652408, 0.0286930575967, 0.0303267184645, 0.0388449952006, 0.0571836382151, 0.0603442899883], "max": [1, 1, 1, 1, 1, 1, 1, 1, 1, 1, 1, 1, 1, 1, 1, 1, 1, 1, 1, 1, 1, 1, 1, 1, 1, 1, 1, 1, 1, 1, 1, 1, 1, 1, 1, 1], "dmean": [0.184949055314, 0.150911957026, 0.144502833486, 0.146015927196, 0.147711321712, 0.152296110988, 0.158336445689, 0.164198383689, 0.165007412434, 0.166786313057, 0.159113243222, 0.146271675825, 0.130462110043, 0.130673602223, 0.123090878129, 0.111668400466, 0.109551526606, 0.114989727736, 0.114558927715, 0.114462256432, 0.118436269462, 0.117714822292, 0.118855431676, 0.207412153482, 0.311871737242, 0.218748167157, 0.140555739403, 0.144601166248, 0.14589945972, 0.148349419236, 0.164372444153, 0.165910437703, 0.164906293154, 0.180828884244, 0.184170901775, 0.200970709324], "dmean2": [0.333246529102, 0.272852092981, 0.262326031923, 0.265418857336, 0.268506199121, 0.274751275778, 0.286559104919, 0.296834826469, 0.296479731798, 0.301007568836, 0.287298947573, 0.264046132565, 0.234367728233, 0.235449507833, 0.221555843949, 0.201696664095, 0.195762559772, 0.207666248083, 0.20681001246, 0.207603529096, 0.212065160275, 0.211651191115, 0.213770240545, 0.368939489126, 0.566563248634, 0.385534197092, 0.251242011786, 0.260199964046, 0.264694720507, 0.269473135471, 0.296883076429, 0.29880002141, 0.299642533064, 0.329152554274, 0.327530533075, 0.357778280973], "mean": [0.159837424755, 0.121517106891, 0.11231585592, 0.114606440067, 0.121504664421, 0.121909253299, 0.122414767742, 0.129917487502, 0.13714005053, 0.139491900802, 0.128765389323, 0.114020042121, 0.10490219295, 0.107444487512, 0.101898632944, 0.0891518518329, 0.0891181230545, 0.0917463824153, 0.091243468225, 0.0932141318917, 0.0972823873162, 0.0962947681546, 0.0979196950793, 0.245157495141, 0.394485592842, 0.260790675879, 0.11712641269, 0.12465532124, 0.128995344043, 0.121816761792, 0.132872313261, 0.135912105441, 0.132497876883, 0.146090492606, 0.177388593554, 0.193969532847], "dvar2": [0.169270962477, 0.146774619818, 0.149218648672, 0.150136604905, 0.144079506397, 0.151477888227, 0.15885129571, 0.155424743891, 0.147484824061, 0.158253774047, 0.150351792574, 0.145773619413, 0.121500775218, 0.116711735725, 0.107021637261, 0.0971876382828, 0.0941933840513, 0.112929403782, 0.11072909832, 0.110622450709, 0.112595617771, 0.103936553001, 0.0981044992805, 0.122814953327, 0.276478379965, 0.13722628355, 0.118198849261, 0.132388874888, 0.137002319098, 0.140424668789, 0.163268476725, 0.159062027931, 0.159789606929, 0.175296634436, 0.150833517313, 0.177570089698], "min": [0, 0, 0, 0, 0, 0, 0, 0, 0, 0, 0, 0, 0, 0, 0, 0, 0, 0, 0, 0, 0, 0, 0, 0, 0, 0, 0, 0, 0, 0, 0, 0, 0, 0, 0, 0]}, "key_key": "A#", "thpcp": [1, 0.661090493202, 0.296909213066, 0.315994620323, 0.326996326447, 0.308798998594, 0.3368242383, 0.344529956579, 0.335875064135, 0.37033161521, 0.449670642614, 0.491702437401, 0.405179381371, 0.308039397001, 0.284714728594, 0.290521234274, 0.308007866144, 0.309033483267, 0.310314923525, 0.329333931208, 0.347642749548, 0.35360455513, 0.326413422823, 0.289034754038, 0.265921473503, 0.272366076708, 0.258307605982, 0.225995197892, 0.22590970993, 0.232572197914, 0.231297343969, 0.236292868853, 0.246605679393, 0.244102120399, 0.248221218586, 0.621461212635], "chords_key": "F", "tuning_equal_tempered_deviation": 0.22415779531, "tuning_frequency": 434.193115234, "tuning_diatonic_strength": 0.484762907028, "chords_histogram": [13.0139665604, 15.7812299728, 27.8423175812, 5.32567548752, 2.34956264496, 0, 1.87965023518, 4.6338596344, 3.15885663033, 12.5962667465, 0.313275039196, 0.482965677977, 0.404646903276, 1.29225945473, 0.456859409809, 0, 1.60553455353, 0.770134449005, 4.03341579437, 1.12256884575, 2.28429698944, 0.365487545729, 0.0652656331658, 0.221903145313], "key_strength": 0.53363096714, "key_scale": "minor", "chords_strength": {"dvar": 0.000150529376697, "var": 0.00767956674099, "median": 0.487238287926, "max": 0.760285198689, "dmean": 0.0147819072008, "dmean2": 0.0191236343235, "mean": 0.48764872551, "dvar2": 0.000266666931566, "min": 0.205379277468}, "chords_number_rate": 0.00182743766345, "tuning_nontempered_energy_ratio": 0.833787560463, "hpcp_entropy": {"dvar": 0.36228504777, "var": 0.661688923836, "median": 2.50586223602, "max": 4.79692411423, "dmean": 0.78092032671, "dmean2": 1.29445183277, "mean": 2.49671840668, "dvar2": 0.990816473961, "min": 0}, "chords_changes_rate": 0.125179484487, "chords_scale": "minor"}, "rhythm": {"bpm_histogram_first_peak_spread": {"dvar": 0, "var": 0, "median": 0.441241681576, "max": 0.441241681576, "dmean": 0, "dmean2": 0, "mean": 0.441241681576, "dvar2": 0, "min": 0.441241681576}, "bpm_histogram_first_peak_weight": {"dvar": 0, "var": 0, "median": 0.430034130812, "max": 0.430034130812, "dmean": 0, "dmean2": 0, "mean": 0.430034130812, "dvar2": 0, "min": 0.430034130812}, "bpm_histogram_first_peak_bpm": {"dvar": 0, "var": 0, "median": 94, "max": 94, "dmean": 0, "dmean2": 0, "mean": 94, "dvar2": 0, "min": 94}, "bpm": 94.5128173828, "bpm_histogram_second_peak_weight": {"dvar": 0, "var": 0, "median": 0.0426621176302, "max": 0.0426621176302, "dmean": 0, "dmean2": 0, "mean": 0.0426621176302, "dvar2": 0, "min": 0.0426621176302}, "beats_loudness": {"dvar": 0.00663332827389, "var": 0.00829180050641, "median": 0.0941932275891, "max": 0.921035766602, "dmean": 0.0741248726845, "dmean2": 0.137822926044, "mean": 0.10607200861, "dvar2": 0.0207320265472, "min": 2.38153697865e-05}, "beats_loudness_band_ratio": {"dvar": [0.0254309084266, 0.028706619516, 0.0123079959303, 0.00446458347142, 0.00159906246699, 0.00871792435646], "var": [0.0715425536036, 0.0546085424721, 0.0133610777557, 0.00310534378514, 0.000930103065912, 0.00753437820822], "median": [0.73944324255, 0.0665312558413, 0.0179071333259, 0.017007060349, 0.0134335272014, 0.0452519841492], "max": [0.989112555981, 0.985704541206, 0.745119035244, 0.757405638695, 0.503255367279, 0.919929683208], "dmean": [0.164433076978, 0.166710227728, 0.0647330358624, 0.0369044318795, 0.0156036810949, 0.0713492780924], "dmean2": [0.281139463186, 0.306237071753, 0.116114862263, 0.0672617331147, 0.0279378034174, 0.134974002838], "mean": [0.644699156284, 0.187889128923, 0.0630689784884, 0.0321389809251, 0.0176096819341, 0.0679043605924], "dvar2": [0.0698990225792, 0.0808721333742, 0.0348611027002, 0.0128796827048, 0.00472263852134, 0.0248322170228], "min": [0.00525929732248, 0.00043154420564, 0.000112362155051, 0.000216157437535, 0.000206848388189, 0.000353879731847]}, "bpm_histogram_second_peak_bpm": {"dvar": 0, "var": 0, "median": 120, "max": 120, "dmean": 0, "dmean2": 0, "mean": 120, "dvar2": 0, "min": 120}, "onset_rate": 4.03677272797, "beats_count": 587, "beats_position": [0.580498874187, 1.19582760334, 1.83437633514, 2.46131515503, 3.08825397491, 3.72680258751, 4.3653512001, 4.99229001999, 5.630838871, 6.26938772202, 6.90793657303, 7.53487491608, 8.17342376709, 8.80036258698, 9.43891143799, 10.077460289, 10.71600914, 11.354557991, 11.9814968109, 12.6084346771, 13.2469835281, 13.8855323792, 14.5240812302, 15.15102005, 15.7895689011, 16.4281177521, 17.0666656494, 17.693605423, 18.3205432892, 18.9590930939, 19.5976409912, 20.2245807648, 20.8631286621, 21.5016784668, 22.1402263641, 22.7787742615, 23.4173240662, 24.0442619324, 24.6828117371, 25.3097496033, 25.948299408, 26.5868473053, 27.2137870789, 27.8407249451, 28.4792747498, 29.1178226471, 29.7679805756, 30.3949203491, 31.0218582153, 31.66040802, 32.2989578247, 32.9258956909, 33.5644454956, 34.2029914856, 34.8299331665, 35.4684791565, 36.1070289612, 36.7339668274, 37.3725166321, 38.0110664368, 38.6496124268, 39.2881622314, 39.9151000977, 40.5420417786, 41.1805877686, 41.8191375732, 42.4576873779, 43.0962333679, 43.7231750488, 44.3617210388, 45.0002708435, 45.6272087097, 46.2657585144, 46.9043083191, 47.5312461853, 48.1581840515, 48.7967338562, 49.4352836609, 50.0738296509, 50.7123794556, 51.3393173218, 51.9662590027, 52.6048049927, 53.2433547974, 53.8819046021, 54.5204544067, 55.1590003967, 55.7975502014, 56.4244880676, 57.0514259338, 57.6899757385, 58.3285255432, 58.9554634094, 59.5940132141, 60.2325630188, 60.859500885, 61.498046875, 62.1365966797, 62.7751464844, 63.4136962891, 64.0406341553, 64.6675720215, 65.3061218262, 65.9446716309, 66.5832214355, 67.2217712402, 67.8487091064, 68.4756469727, 69.1258010864, 69.7527389526, 70.3796844482, 71.0066223145, 71.6451721191, 72.2837142944, 72.9222640991, 73.5608139038, 74.1993637085, 74.8379135132, 75.4648513794, 76.0917892456, 76.7303390503, 77.368888855, 78.0190429688, 78.6459884644, 79.2729263306, 79.9114761353, 80.5500183105, 81.1769561768, 81.8155059814, 82.4540557861, 83.0809936523, 83.7079315186, 84.3580932617, 84.9850311279, 85.6235809326, 86.2621307373, 86.8890686035, 87.5276184082, 88.1661682129, 88.7931060791, 89.4316558838, 90.0702056885, 90.6971435547, 91.3240814209, 91.9742355347, 92.6011810303, 93.2397232056, 93.8782730103, 94.5168228149, 95.1553726196, 95.7823104858, 96.4092483521, 97.0477981567, 97.6863479614, 98.3132858276, 98.9518356323, 99.590385437, 100.217323303, 100.867477417, 101.494422913, 102.132965088, 102.759910583, 103.398452759, 104.025398254, 104.66394043, 105.302490234, 105.941040039, 106.579589844, 107.20652771, 107.833465576, 108.472015381, 109.110565186, 109.74911499, 110.387664795, 111.014602661, 111.641540527, 112.291702271, 112.918640137, 113.557182312, 114.195732117, 114.822669983, 115.449615479, 116.099769592, 116.726707458, 117.376869202, 118.003807068, 118.630744934, 119.2576828, 119.907844543, 120.53478241, 121.173332214, 121.811882019, 122.438819885, 123.065757751, 123.715919495, 124.342857361, 124.969795227, 125.608345032, 126.246894836, 126.885437012, 127.523986816, 128.150924683, 128.789474487, 129.416412354, 130.054962158, 130.693511963, 131.332061768, 131.958999634, 132.597549438, 133.236099243, 133.874649048, 134.513198853, 135.140136719, 135.767074585, 136.417236328, 137.044174194, 137.671112061, 138.309661865, 138.94821167, 139.575149536, 140.213699341, 140.852249146, 141.490783691, 142.129333496, 142.756271362, 143.394821167, 144.033370972, 144.660308838, 145.298858643, 145.925796509, 146.564346313, 147.19128418, 147.829833984, 148.468383789, 149.118545532, 149.745483398, 150.372421265, 150.999359131, 151.637908936, 152.27645874, 152.915008545, 153.55355835, 154.180496216, 154.807434082, 155.445983887, 156.084533691, 156.723083496, 157.361633301, 157.988571167, 158.627120972, 159.265670776, 159.892608643, 160.531158447, 161.169708252, 161.808258057, 162.446792603, 163.073745728, 163.712280273, 164.350830078, 164.977767944, 165.604721069, 166.243255615, 166.88180542, 167.508743286, 168.147293091, 168.785842896, 169.4243927, 170.062942505, 170.689880371, 171.328430176, 171.96697998, 172.593917847, 173.232467651, 173.871017456, 174.497955322, 175.124893188, 175.775054932, 176.401992798, 177.040542603, 177.667480469, 178.306030273, 178.944580078, 179.583129883, 180.210067749, 180.848617554, 181.487167358, 182.114105225, 182.752655029, 183.391204834, 184.0181427, 184.656692505, 185.29524231, 185.922180176, 186.560714722, 187.199264526, 187.826202393, 188.464752197, 189.103302002, 189.741851807, 190.368789673, 191.007339478, 191.634277344, 192.26121521, 192.899765015, 193.538314819, 194.176864624, 194.815414429, 195.442352295, 196.0809021, 196.707839966, 197.346389771, 197.984939575, 198.62348938, 199.262039185, 199.900588989, 200.527526855, 201.154464722, 201.793014526, 202.431564331, 203.058502197, 203.697052002, 204.335601807, 204.974151611, 205.612701416, 206.239639282, 206.866577148, 207.505126953, 208.143676758, 208.782211304, 209.420761108, 210.047698975, 210.6746521, 211.313186646, 211.95173645, 212.590286255, 213.22883606, 213.855773926, 214.49432373, 215.132873535, 215.759811401, 216.398361206, 217.036911011, 217.663848877, 218.302398682, 218.940948486, 219.567886353, 220.206436157, 220.844985962, 221.471923828, 222.110473633, 222.749023438, 223.375961304, 224.014511108, 224.653060913, 225.279998779, 225.906936646, 226.54548645, 227.184036255, 227.82258606, 228.461135864, 229.099685669, 229.738220215, 230.36517334, 230.992111206, 231.630645752, 232.269195557, 232.896133423, 233.534683228, 234.173233032, 234.800170898, 235.438720703, 236.077270508, 236.704208374, 237.33114624, 237.981307983, 238.60824585, 239.246795654, 239.885345459, 240.523895264, 241.15083313, 241.789382935, 242.427932739, 243.066482544, 243.69342041, 244.331970215, 244.97052002, 245.597457886, 246.224395752, 246.862945557, 247.501495361, 248.140045166, 248.778594971, 249.405532837, 250.032470703, 250.682632446, 251.309570312, 251.959716797, 252.598266602, 253.236816406, 253.863754272, 254.490692139, 255.117630005, 255.75617981, 256.394744873, 257.02166748, 257.648620605, 258.29876709, 258.925720215, 259.56427002, 260.202819824, 260.829742432, 261.456695557, 262.083618164, 262.710571289, 263.244628906, 263.767059326, 264.312744141, 264.800354004, 265.287963867, 265.775604248, 266.263214111, 266.750823975, 267.238464355, 267.726074219, 268.225311279, 268.724517822, 269.165710449, 269.606903076, 270.048065186, 270.466033936, 270.883972168, 271.313568115, 271.743133545, 272.161071777, 272.579040527, 273.008605957, 273.507843018, 274.018676758, 274.517913818, 275.017150879, 275.516357422, 276.015594482, 276.514831543, 277.014068604, 277.513275146, 278.000915527, 278.50012207, 278.987762451, 279.428924561, 279.870117188, 280.311279297, 280.764068604, 281.193634033, 281.63482666, 282.07598877, 282.505584717, 282.935150146, 283.353088379, 283.771057129, 284.189025879, 284.618591309, 285.048156738, 285.466125488, 285.884063721, 286.302032471, 286.720001221, 287.137939453, 287.555908203, 287.985473633, 288.438262939, 288.879455566, 289.320617676, 289.901123047, 290.481628418, 291.062133789, 291.689056396, 292.316009521, 292.942932129, 293.569885254, 294.196807861, 294.835357666, 295.473907471, 296.124084473, 296.774230957, 297.354736328, 297.923614502, 298.492523193, 299.072998047, 299.641906738, 300.222412109, 300.81451416, 301.395019531, 301.975494385, 302.555999756, 303.136505127, 303.717010498, 304.297485352, 304.819946289, 305.354003906, 305.899688721, 306.445343018, 306.979400635, 307.513458252, 308.001068115, 308.488708496, 308.976318359, 309.47555542, 309.97479248, 310.473999023, 310.984832764, 311.495697021, 311.994903564, 312.459320068, 312.923706055, 313.399719238, 313.898956299, 314.398193359, 314.897399902, 315.396636963, 315.884246826, 316.383483887, 316.87109375, 317.370330811, 317.869567871, 318.322357178, 318.775146484, 319.239532471, 319.703948975, 320.156738281, 320.621124268, 321.073913574, 321.526702881, 321.967895508, 322.420684814, 322.873474121, 323.31463623, 323.767425537, 324.266662598, 324.765899658, 325.265106201, 325.926879883, 326.588653564, 327.238800049, 327.877349854, 328.492706299, 329.119628906, 329.746582031, 330.315460205, 330.884338379, 331.46484375, 332.056945801, 332.625854492, 333.194732666, 333.76361084, 334.332519531, 334.913024902, 335.493499756, 336.085632324, 336.677734375, 337.339508057, 337.978057861, 338.616607666, 339.26675415, 339.916900635, 340.567077637, 341.217224121, 341.855773926, 342.482727051, 343.109649658, 343.748199463, 344.386749268, 345.013702393, 345.640625, 346.255950928, 346.871276855, 347.486602783, 348.183227539, 348.891418457, 349.588012695, 350.296234131, 351.004425049, 351.712646484, 352.351196289, 352.989746094, 353.628295898, 354.278442383, 354.928619385], "danceability": 1.31579232216, "bpm_histogram_second_peak_spread": {"dvar": 0, "var": 0, "median": 0.404761910439, "max": 0.404761910439, "dmean": 0, "dmean2": 0, "mean": 0.404761910439, "dvar2": 0, "min": 0.404761910439}}, "lowlevel": {"spectral_flux": {"dvar": 0.00253991805948, "var": 0.00711465254426, "median": 0.0695795789361, "max": 0.557064771652, "dmean": 0.0360596701503, "dmean2": 0.0575403310359, "mean": 0.0949279889464, "dvar2": 0.00594912329689, "min": 1.04352040897e-10}, "spectral_rolloff": {"dvar": 39142684, "var": 78254840, "median": 624.462890625, "max": 22050, "dmean": 2730.27587891, "dmean2": 5201.79296875, "mean": 5840.42578125, "dvar2": 93766624, "min": 21.533203125}, "barkbands_flatness_db": {"dvar": 0.00189186679199, "var": 0.00529602728784, "median": 0.190422832966, "max": 0.54738676548, "dmean": 0.0484358295798, "dmean2": 0.0789102986455, "mean": 0.194995641708, "dvar2": 0.00537969730794, "min": 0.0214131549001}, "spectral_centroid": {"dvar": 185285.265625, "var": 669880.375, "median": 592.854675293, "max": 10817.6435547, "dmean": 286.955718994, "dmean2": 407.679321289, "mean": 932.821655273, "dvar2": 310394.75, "min": 115.248580933}, "melbands_skewness": {"dvar": 4.0006403923, "var": 8.1367559433, "median": 2.78790235519, "max": 46.3381690979, "dmean": 1.5337536335, "dmean2": 2.45152115822, "mean": 3.37890028954, "dvar2": 11.3118543625, "min": -3.7657058239}, "melbands": {"dvar": [0.000100631601526, 3.79187713406e-06, 1.17452339055e-06, 3.12590100293e-06, 4.53653274235e-06, 3.50037566932e-06, 1.37784218168e-06, 1.0696304571e-06, 4.36940496229e-07, 6.91137245212e-08, 5.18118064008e-08, 2.25105480922e-08, 6.88086121414e-09, 3.93809784782e-09, 2.05871075742e-09, 3.01298208605e-09, 1.9186607858e-09, 7.63423213535e-10, 3.9041933575e-10, 4.52587023414e-10, 7.09075520522e-10, 2.02303160335e-10, 1.72091285666e-10, 1.43935682817e-10, 1.84526727232e-10, 9.85992260061e-11, 7.61760585166e-11, 5.84112549995e-11, 5.88017065595e-11, 5.061213601e-11, 2.13873883881e-11, 2.05590405811e-11, 1.15368461312e-11, 9.25905879745e-12, 3.9709841318e-12, 9.7994583368e-13, 3.13068234531e-12, 1.13768651618e-12, 4.32703135475e-13, 1.25629495752e-14], "var": [0.000115270631795, 4.4049038479e-06, 1.7805373318e-06, 4.7601110964e-06, 7.69994494476e-06, 4.90366346639e-06, 1.89478510038e-06, 1.22974915939e-06, 6.83102086896e-07, 6.99466440324e-08, 5.01774373163e-08, 3.01285894011e-08, 9.61208446171e-09, 5.11124786939e-09, 2.84566614717e-09, 4.65923166715e-09, 2.07687800291e-09, 1.03017461228e-09, 5.0384069139e-10, 5.71519109815e-10, 7.82692299861e-10, 2.83551987446e-10, 2.43607883865e-10, 1.98678157259e-10, 2.34560565415e-10, 1.51270468374e-10, 1.424359658e-10, 9.51994316711e-11, 8.64328469907e-11, 7.07537015088e-11, 3.85671425351e-11, 3.60631281782e-11, 2.08683244296e-11, 1.65492845122e-11, 7.57982739075e-12, 1.85551140425e-12, 5.52134249779e-12, 2.11475368467e-12, 7.56617912854e-13, 2.02114580362e-14], "median": [0.000245190167334, 0.00015895901015, 0.000153856497491, 0.000173084757989, 6.98600706528e-05, 3.7569890992e-05, 2.58233776549e-05, 1.47397013279e-05, 9.22303024709e-06, 6.32102819509e-06, 6.19623051534e-06, 5.26651365362e-06, 3.15322722599e-06, 2.9117941267e-06, 2.31756507674e-06, 1.92031689039e-06, 1.66053541761e-06, 1.53799453528e-06, 9.75665670921e-07, 6.8270611564e-07, 6.07231584127e-07, 4.68356716965e-07, 3.30991269948e-07, 2.4516438657e-07, 2.25623509209e-07, 1.8212730879e-07, 1.39794082088e-07, 1.09396964376e-07, 8.97063827665e-08, 6.78560923006e-08, 5.30664863163e-08, 4.17079064619e-08, 2.9768562726e-08, 2.15939213177e-08, 1.54142050235e-08, 1.11917977108e-08, 8.4934974609e-09, 7.31566052181e-09, 6.14470652138e-09, 4.14846468288e-09], "max": [0.102450333536, 0.0337057113647, 0.0244757942855, 0.0575208067894, 0.11840813607, 0.107035405934, 0.0505227744579, 0.0714938789606, 0.0749310329556, 0.013397205621, 0.01645815745, 0.00431926175952, 0.00266230828129, 0.00279813888483, 0.00177780375816, 0.00164947973099, 0.00313242292032, 0.000905912311282, 0.00064114149427, 0.000411279761465, 0.000448546081316, 0.00024453207152, 0.000449439830845, 0.000328216206981, 0.000413693662267, 0.000243401504122, 0.000238267763052, 0.000238386972342, 0.000276817270787, 0.00012009828788, 8.46585899126e-05, 5.23320159118e-05, 4.29815008829e-05, 4.03906269639e-05, 2.36325522565e-05, 1.38889618029e-05, 2.64374430117e-05, 1.23865274873e-05, 8.05535455584e-06, 1.7547670268e-06], "dmean": [0.00338952755556, 0.000718496739864, 0.000487353157951, 0.000666810548864, 0.000610778282862, 0.000371963396901, 0.000310024712235, 0.000180496979738, 9.27070213947e-05, 5.87185240875e-05, 5.11910693604e-05, 4.30677609984e-05, 2.79264095298e-05, 1.98570760404e-05, 1.673515726e-05, 1.9425928258e-05, 1.26859022203e-05, 1.0311880942e-05, 6.58460385239e-06, 7.0530973062e-06, 9.12526229513e-06, 5.38530139238e-06, 4.5163114919e-06, 4.03735430154e-06, 4.2105839384e-06, 3.58627767127e-06, 3.22063556268e-06, 2.70594455287e-06, 2.58655518337e-06, 2.49425943366e-06, 1.71174485786e-06, 1.6551276758e-06, 1.25129884054e-06, 1.11691485927e-06, 7.34042544082e-07, 3.68034591247e-07, 6.12915698639e-07, 3.78886085173e-07, 2.33387922322e-07, 4.43173853171e-08], "dmean2": [0.00533360987902, 0.00112131156493, 0.000760431459639, 0.00100925681181, 0.000926723063458, 0.000587092654314, 0.000503994408064, 0.000291466538329, 0.000141686410643, 9.3092188763e-05, 8.09528719401e-05, 6.64960825816e-05, 4.21249751525e-05, 3.03280503431e-05, 2.56316889136e-05, 2.92904060188e-05, 1.88371195691e-05, 1.60428735398e-05, 9.91163506114e-06, 1.04004539025e-05, 1.37825618367e-05, 7.90585454524e-06, 6.56719430481e-06, 5.71819282413e-06, 5.9948379203e-06, 4.9660516197e-06, 4.33427430835e-06, 3.52376491719e-06, 3.46981505572e-06, 3.4770896491e-06, 2.27581563195e-06, 2.20389642891e-06, 1.62806247772e-06, 1.40554402606e-06, 9.35351920361e-07, 4.66288327061e-07, 8.09988875972e-07, 4.91269872782e-07, 3.1782019505e-07, 6.45123279241e-08], "mean": [0.00344182318076, 0.000818836968392, 0.000612832198385, 0.000882740714587, 0.00070962740574, 0.000430775980931, 0.000331503513735, 0.000189365877304, 0.000105287595943, 6.24821987003e-05, 5.47747804376e-05, 4.91700702696e-05, 3.32532254106e-05, 2.40196895902e-05, 2.01703714993e-05, 2.40399385802e-05, 1.58631555678e-05, 1.31983169922e-05, 7.79678612162e-06, 7.81370999903e-06, 9.52932441578e-06, 6.37134189674e-06, 5.46002866031e-06, 4.78261154058e-06, 4.66545043309e-06, 4.31601620221e-06, 4.15939848608e-06, 3.21066181641e-06, 2.96162056657e-06, 2.69561360255e-06, 2.15891350308e-06, 2.03182412406e-06, 1.5425125639e-06, 1.34036781674e-06, 9.26875429741e-07, 4.56269901861e-07, 7.48063314404e-07, 4.62645971311e-07, 2.80030633348e-07, 5.03546502273e-08], "dvar2": [0.000235166837228, 8.35274749988e-06, 2.72255897471e-06, 7.37114714866e-06, 9.70428118308e-06, 8.31719262351e-06, 3.47994705407e-06, 2.64527011495e-06, 8.62340925778e-07, 1.68490558394e-07, 1.31827960104e-07, 5.14203648549e-08, 1.53180224061e-08, 8.60571702788e-09, 4.75123851373e-09, 6.37447206131e-09, 4.64178917525e-09, 1.85819171161e-09, 8.97984853143e-10, 1.01294694854e-09, 1.66317193351e-09, 4.35853797498e-10, 3.63393287683e-10, 2.95251934013e-10, 3.95523919172e-10, 1.95070667952e-10, 1.43229247906e-10, 1.09041727037e-10, 1.1539889877e-10, 1.02260255819e-10, 3.68790484262e-11, 3.50537029958e-11, 1.91099237129e-11, 1.50149406797e-11, 6.43509290993e-12, 1.55811453149e-12, 5.52052544303e-12, 1.79824558022e-12, 7.69844366207e-13, 2.47363758031e-14], "min": [1.09619290974e-23, 3.56110311405e-24, 1.64583442758e-23, 5.91924265144e-24, 7.2029027544e-24, 9.13754468141e-24, 9.81714282923e-24, 2.68220813321e-24, 2.93977338813e-24, 3.35910107977e-24, 6.37375511718e-24, 9.2769032712e-24, 2.9115499171e-24, 4.45884694014e-24, 4.70792188236e-24, 3.40903518621e-24, 3.60309772991e-24, 5.58066552308e-24, 6.01208842455e-24, 9.39802655231e-24, 1.42915437398e-23, 1.54477140598e-23, 1.1499369777e-23, 1.0347198193e-23, 7.51629825938e-24, 1.39163315166e-23, 1.35691112337e-23, 1.25528027969e-23, 1.3636582507e-23, 9.77714284817e-24, 1.13249494754e-23, 8.67102338611e-24, 9.96164084782e-24, 8.47024171966e-24, 1.28565552661e-23, 1.2921351512e-23, 1.08397329655e-23, 8.32810476175e-24, 1.06890952425e-23, 1.21077748058e-23]}, "spectral_decrease": {"dvar": 1.09861648949e-16, "var": 1.99468993124e-16, "median": -1.84594650676e-09, "max": 1.50377772457e-08, "dmean": 4.96577801101e-09, "dmean2": 7.14379222444e-09, "mean": -6.66019239759e-09, "dvar2": 2.20212552069e-16, "min": -2.44100078817e-07}, "barkbands_kurtosis": {"dvar": 4413.70703125, "var": 3521.27294922, "median": 10.9851150513, "max": 2131.91650391, "dmean": 21.0691432953, "dmean2": 36.2454299927, "mean": 25.0990886688, "dvar2": 13901.6455078, "min": -1.81345307827}, "silence_rate_30dB": {"dvar": 0.0559824928641, "var": 0.0749918520451, "median": 1, "max": 1, "dmean": 0.0595300272107, "dmean2": 0.119067825377, "mean": 0.918347358704, "dvar2": 0.107882410288, "min": 0}, "gfcc": {"mean": [-98.3061294556, 97.5753250122, -71.6726760864, 4.46651029587, -26.9254837036, -12.2526292801, -14.2911272049, -15.1969404221, -9.85175800323, -6.22869348526, -6.5947136879, -2.62231969833, -5.45135641098], "cov": [[12144.0302734, -1615.87487793, -697.085754395, 324.513824463, 340.655609131, -40.8063316345, 210.393127441, -81.4579849243, 148.528594971, -13.7638082504, 102.375198364, 246.392196655, 55.2555084229], [-1615.87487793, 1843.19665527, 198.962799072, -701.845092773, -204.14151001, -179.236465454, -272.453277588, -164.888809204, -133.327285767, -78.924156189, 1.12182509899, -185.607620239, 45.4917411804], [-697.085754395, 198.962799072, 650.708557129, 201.668518066, -168.302566528, 90.0823822021, -164.865997314, 83.228477478, -47.1453781128, 41.1681632996, -33.0993347168, -23.0664157867, -24.7180747986], [324.513824463, -701.845092773, 201.668518066, 749.93182373, 253.780395508, 167.597900391, 132.940444946, 121.509712219, 27.7570095062, 61.8241157532, -5.44505023956, 97.9593963623, -41.9841194153], [340.655609131, -204.14151001, -168.302566528, 253.780395508, 633.055236816, 151.33833313, 259.769073486, -52.6945571899, 47.929309845, -36.1161460876, 61.3595085144, -14.9915704727, 27.5320262909], [-40.8063316345, -179.236465454, 90.0823822021, 167.597900391, 151.33833313, 369.052001953, 82.5532150269, 98.6020431519, -42.2093734741, 48.266998291, 16.8064002991, 47.2105712891, 7.8459277153], [210.393127441, -272.453277588, -164.865997314, 132.940444946, 259.769073486, 82.5532150269, 363.909912109, 52.4222259521, 86.0658950806, -6.65895795822, 41.1690063477, 38.1865386963, 10.4842414856], [-81.4579849243, -164.888809204, 83.228477478, 121.509712219, -52.6945571899, 98.6020431519, 52.4222259521, 233.280319214, 83.0352401733, 71.8566360474, 0.84244543314, 35.9674606323, 4.91024637222], [148.528594971, -133.327285767, -47.1453781128, 27.7570095062, 47.929309845, -42.2093734741, 86.0658950806, 83.0352401733, 195.69392395, 69.4752120972, 8.64943981171, 13.9233322144, -3.0261361599], [-13.7638082504, -78.924156189, 41.1681632996, 61.8241157532, -36.1161460876, 48.266998291, -6.65895795822, 71.8566360474, 69.4752120972, 132.55708313, 57.7104911804, 28.2222442627, -10.3663301468], [102.375198364, 1.12182509899, -33.0993347168, -5.44505023956, 61.3595085144, 16.8064002991, 41.1690063477, 0.84244543314, 8.64943981171, 57.7104911804, 116.045280457, 36.5446853638, 8.29495334625], [246.392196655, -185.607620239, -23.0664157867, 97.9593963623, -14.9915704727, 47.2105712891, 38.1865386963, 35.9674606323, 13.9233322144, 28.2222442627, 36.5446853638, 119.866958618, 27.2535228729], [55.2555084229, 45.4917411804, -24.7180747986, -41.9841194153, 27.5320262909, 7.8459277153, 10.4842414856, 4.91024637222, -3.0261361599, -10.3663301468, 8.29495334625, 27.2535228729, 81.844833374]], "icov": [[0.00010176665819, 9.13347830647e-05, 7.12565160939e-05, -1.00481520349e-05, 4.68657844976e-06, -1.69462055055e-05, 8.97929276107e-05, 7.25048521417e-05, -0.000115950213512, 0.000150433406816, -0.000148754726979, -4.89936282975e-05, -7.27530568838e-05], [9.13347830647e-05, 0.0014451405732, -0.00113203551155, 0.00195838953368, -0.00124940695241, 0.00101456930861, 0.00012009832426, -0.000394053175114, 0.0014082781272, -0.0011496549705, 0.000728283019271, -0.000379141361918, 8.79816434463e-05], [7.12565160939e-05, -0.00113203551155, 0.00417978083715, -0.00410411227494, 0.00367395114154, -0.00302758160979, 0.00135469762608, 0.00105639919639, -0.00341214961372, 0.00398815842345, -0.00398123264313, 0.00431033037603, -0.00209724111483], [-1.00481520349e-05, 0.00195838953368, -0.00410411227494, 0.00839402340353, -0.00729933939874, 0.00499347690493, -0.00101315614302, -0.00382724078372, 0.00753292813897, -0.00878901220858, 0.0089180348441, -0.00878153834492, 0.00550646428019], [4.68657844976e-06, -0.00124940695241, 0.00367395114154, -0.00729933939874, 0.0103578604758, -0.00703073712066, -0.000444441800937, 0.00551827950403, -0.00937699433416, 0.0109353503212, -0.0112744104117, 0.0106864962727, -0.00640543643385], [-1.69462055055e-05, 0.00101456930861, -0.00302758160979, 0.00499347690493, -0.00703073712066, 0.00928818620741, -0.00159862881992, -0.00512957619503, 0.0098144672811, -0.010495159775, 0.00903607159853, -0.00783662032336, 0.00380918150768], [8.97929276107e-05, 0.00012009832426, 0.00135469762608, -0.00101315614302, -0.000444441800937, -0.00159862881992, 0.00581499282271, -0.000795840634964, -0.00346708088182, 0.00455845007673, -0.00347950239666, 0.000435092428233, 2.45850587817e-05], [7.25048521417e-05, -0.000394053175114, 0.00105639919639, -0.00382724078372, 0.00551827950403, -0.00512957619503, -0.000795840634964, 0.0101922964677, -0.00738393794745, 0.00338539318182, -0.00424569332972, 0.00482596363872, -0.00436917878687], [-0.000115950213512, 0.0014082781272, -0.00341214961372, 0.00753292813897, -0.00937699433416, 0.0098144672811, -0.00346708088182, -0.00738393794745, 0.0199381932616, -0.018195817247, 0.0145551608875, -0.00982218980789, 0.00545789953321], [0.000150433406816, -0.0011496549705, 0.00398815842345, -0.00878901220858, 0.0109353503212, -0.010495159775, 0.00455845007673, 0.00338539318182, -0.018195817247, 0.0316860750318, -0.0230307541788, 0.011570058763, -0.00440413225442], [-0.000148754726979, 0.000728283019271, -0.00398123264313, 0.0089180348441, -0.0112744104117, 0.00903607159853, -0.00347950239666, -0.00424569332972, 0.0145551608875, -0.0230307541788, 0.0288013163954, -0.0157677382231, 0.00664741778746], [-4.89936282975e-05, -0.000379141361918, 0.00431033037603, -0.00878153834492, 0.0106864962727, -0.00783662032336, 0.000435092428233, 0.00482596363872, -0.00982218980789, 0.011570058763, -0.0157677382231, 0.0245664101094, -0.0116280224174], [-7.27530568838e-05, 8.79816434463e-05, -0.00209724111483, 0.00550646428019, -0.00640543643385, 0.00380918150768, 2.45850587817e-05, -0.00436917878687, 0.00545789953321, -0.00440413225442, 0.00664741778746, -0.0116280224174, 0.0193005725741]]}, "silence_rate_20dB": {"dvar": 0.00156398280524, "var": 0.00162914139219, "median": 1, "max": 1, "dmean": 0.00156657968182, "dmean2": 0.00313336378895, "mean": 0.998368263245, "dvar2": 0.00403852015734, "min": 0}, "barkbands_skewness": {"dvar": 3.57252264023, "var": 6.48050832748, "median": 2.52180600166, "max": 39.1525611877, "dmean": 1.43271100521, "dmean2": 2.32364058495, "mean": 2.98959732056, "dvar2": 10.5890979767, "min": -2.39384865761}, "erbbands_skewness": {"dvar": 0.547182679176, "var": 2.21529078484, "median": 0.627534687519, "max": 9.70293521881, "dmean": 0.732948184013, "dmean2": 1.10145556927, "mean": 0.800930261612, "dvar2": 1.18155825138, "min": -4.56997823715}, "spectral_contrast_valleys": {"dvar": [0.249031886458, 0.246450185776, 0.235143080354, 0.236508250237, 0.284372985363, 0.426227241755], "var": [1.23544216156, 1.17832660675, 1.15265440941, 1.2132935524, 1.51545464993, 1.4710265398], "median": [-7.55149793625, -7.24147605896, -7.94182777405, -8.48505020142, -8.75045776367, -11.5597219467], "max": [-4.61086559296, -3.80807995796, -5.12105464935, -5.42083120346, -5.62393283844, -8.49752235413], "dmean": [0.527596354485, 0.550455749035, 0.525296151638, 0.503565311432, 0.559543550014, 0.705696165562], "dmean2": [0.828698694706, 0.829813063145, 0.771103799343, 0.72716575861, 0.780795514584, 1.10146164894], "mean": [-7.63520002365, -7.25062608719, -7.9740228653, -8.49973869324, -8.65265846252, -11.4500293732], "dvar2": [0.497615158558, 0.521604120731, 0.49395558238, 0.495805859566, 0.551359117031, 0.979304492474], "min": [-27.395570755, -27.0927181244, -26.9269733429, -27.6506786346, -27.2147140503, -27.232585907]}, "spectral_strongpeak": {"dvar": 267.930633545, "var": 320.470367432, "median": 0.177916765213, "max": 210.741668701, "dmean": 3.89535951614, "dmean2": 6.92517852783, "mean": 3.85735702515, "dvar2": 627.245422363, "min": 0}, "erbbands_crest": {"dvar": 11.1858673096, "var": 28.8381900787, "median": 9.68421649933, "max": 33.1988677979, "dmean": 3.71582651138, "dmean2": 5.97209739685, "mean": 10.6483669281, "dvar2": 26.9887142181, "min": 1.90040063858}, "barkbands_crest": {"dvar": 9.91148662567, "var": 22.703130722, "median": 12.2460594177, "max": 26.6501159668, "dmean": 3.9418618679, "dmean2": 6.646068573, "mean": 12.7764463425, "dvar2": 27.6626224518, "min": 2.47613024712}, "spectral_energyband_middle_low": {"dvar": 0.000259094551438, "var": 0.000681677600369, "median": 0.00279734446667, "max": 0.940665125847, "dmean": 0.00684514455497, "dmean2": 0.00987332686782, "mean": 0.0106197018176, "dvar2": 0.000545912713278, "min": 1.97249986672e-22}, "spectral_contrast_coeffs": {"dvar": [0.00282892142422, 0.00203335471451, 0.0012990150135, 0.000939321063925, 0.000619437661953, 0.00120029377285], "var": [0.0160860996693, 0.00726407207549, 0.00391954556108, 0.00337249948643, 0.00253430800512, 0.00461530173197], "median": [-0.679943084717, -0.794640183449, -0.832166194916, -0.836400032043, -0.851139724255, -0.815877437592], "max": [-0.187014013529, -0.355014801025, -0.518974602222, -0.585430443287, -0.630857348442, -0.454722136259], "dmean": [0.0650782585144, 0.0545412674546, 0.0429435819387, 0.0358997508883, 0.0288718268275, 0.0338336490095], "dmean2": [0.100820913911, 0.0877976641059, 0.0688877478242, 0.0562024302781, 0.0446156151593, 0.0505300760269], "mean": [-0.669477164745, -0.781125426292, -0.826143443584, -0.834537506104, -0.849782824516, -0.792464196682], "dvar2": [0.00640841200948, 0.00495989341289, 0.00313786696643, 0.00212579965591, 0.00145736290142, 0.00250500696711], "min": [-0.952963590622, -0.964575052261, -0.973672628403, -0.98579454422, -0.971682965755, -0.956742107868]}, "hfc": {"dvar": 6231.83447266, "var": 17864.1328125, "median": 18.4967517853, "max": 1531.64575195, "dmean": 39.2617797852, "dmean2": 53.8868331909, "mean": 71.541847229, "dvar2": 12182.9951172, "min": 1.23623373391e-16}, "spectral_energyband_high": {"dvar": 1.08876110971e-06, "var": 2.47414686783e-06, "median": 2.22919079533e-05, "max": 0.0147531405091, "dmean": 0.000432275148341, "dmean2": 0.000507570977788, "mean": 0.000592219235841, "dvar2": 1.44891407672e-06, "min": 8.1922109942e-21}, "erbbands_spread": {"dvar": 147.339187622, "var": 404.089324951, "median": 25.1438827515, "max": 139.367233276, "dmean": 10.6515865326, "dmean2": 16.6897392273, "mean": 29.3387355804, "dvar2": 331.559875488, "min": 0.753148496151}, "dissonance": {"dvar": 0.00104906584602, "var": 0.00209359684959, "median": 0.467849165201, "max": 0.500000238419, "dmean": 0.0284956153482, "dmean2": 0.0470041707158, "mean": 0.453610599041, "dvar2": 0.00280381832272, "min": 0.114457800984}, "spectral_kurtosis": {"dvar": 105.787155151, "var": 183.132003784, "median": 13.2890815735, "max": 227.089874268, "dmean": 6.93759870529, "dmean2": 11.0851955414, "mean": 16.7627315521, "dvar2": 266.629882812, "min": -1.17711496353}, "spectral_skewness": {"dvar": 0.432125210762, "var": 1.31509923935, "median": 2.69980764389, "max": 12.8410806656, "dmean": 0.582014143467, "dmean2": 0.89198744297, "mean": 2.85814857483, "dvar2": 0.996200621128, "min": 0.0316281691194}, "pitch_salience": {"dvar": 0.00960749015212, "var": 0.0252332612872, "median": 0.513150215149, "max": 0.870218575001, "dmean": 0.116812288761, "dmean2": 0.195008665323, "mean": 0.495937824249, "dvar2": 0.0266147088259, "min": 0.0421620905399}, "spectral_complexity": {"dvar": 36.7514266968, "var": 116.4402771, "median": 6, "max": 62, "dmean": 3.98851180077, "dmean2": 5.29917097092, "mean": 9.74453353882, "dvar2": 48.7492790222, "min": 0}, "spectral_spread": {"dvar": 627595411456, "var": 1863351533570.0, "median": 3991863.75, "max": 40018492, "dmean": 783194.5, "dmean2": 1231532, "mean": 4072487, "dvar2": 1316313366530.0, "min": 531213.125}, "dynamic_complexity": 5.83801317215, "melbands_crest": {"dvar": 21.5180568695, "var": 55.5698928833, "median": 17.6575965881, "max": 39.0210914612, "dmean": 5.49077987671, "dmean2": 9.14060688019, "mean": 18.8725395203, "dvar2": 58.6651420593, "min": 1.84668064117}, "zerocrossingrate": {"dvar": 0.00229834322818, "var": 0.0194215457886, "median": 0.13525390625, "max": 0.88427734375, "dmean": 0.0422211587429, "dmean2": 0.0494932457805, "mean": 0.171976983547, "dvar2": 0.00299075711519, "min": 0.00146484375}, "spectral_energyband_low": {"dvar": 0.00114457181189, "var": 0.00150186172687, "median": 0.00181444245391, "max": 0.351981043816, "dmean": 0.0122840674594, "dmean2": 0.0186309181154, "mean": 0.013895300217, "dvar2": 0.00251543987542, "min": 6.26184533701e-23}, "melbands_kurtosis": {"dvar": 7849.78271484, "var": 6211.83300781, "median": 14.0232448578, "max": 3565.70458984, "dmean": 25.8345813751, "dmean2": 44.1476631165, "mean": 31.7912788391, "dvar2": 23711.9140625, "min": -1.92703330517}, "spectral_energyband_middle_high": {"dvar": 7.8743451013e-06, "var": 1.39807780215e-05, "median": 0.000305437977659, "max": 0.0989885851741, "dmean": 0.0012242627563, "dmean2": 0.0016848751111, "mean": 0.00182483706158, "dvar2": 1.55642956088e-05, "min": 1.47292685198e-21}, "barkbands_spread": {"dvar": 165.380722046, "var": 418.241638184, "median": 8.59582424164, "max": 126.080665588, "dmean": 8.58594322205, "dmean2": 13.4760694504, "mean": 17.2073841095, "dvar2": 366.315093994, "min": 0.137366473675}, "mfcc": {"mean": [-765.85534668, 155.066329956, 11.4214086533, 28.3000221252, 4.30970001221, 11.406952858, 0.699772119522, 0.703717410564, -2.62200546265, 0.127969250083, -1.58988034725, -0.707097053528, -1.53781604767], "cov": [[11737.9902344, -1328.51635742, -1118.11450195, 385.441467285, -137.888763428, 295.906158447, -77.2427368164, 272.245819092, -43.154800415, 50.829788208, -98.3150863647, 138.407501221, 34.687915802], [-1328.51635742, 2040.80090332, 119.144851685, -533.500915527, -100.070823669, -252.420059204, -137.3