{"metadata": {"audio_properties": {"downmix": "mix", "bit_rate": 0, "lossless": true, "md5_encoded": "fa9e6b0627d0b3bccae21745b72b4556", "analysis_sample_rate": 44100, "sample_rate": 44100, "replay_gain": -2.48801040649, "equal_loudness": 0, "codec": "flac", "length": 1222.5333252}, "tags": {"releasestatus": ["official"], "musicbrainz_albumid": ["ee9c8d32-524b-42b2-a463-bfa105f3e968"], "musicbrainz_recordingid": ["7303e8dc-5586-4473-8d5c-f836ada56e76"], "tracknumber": ["1"], "artist": ["Max Corbacho"], "acoustid_id": ["04fa8a54-b9e1-4061-b8bb-63ab83bd99e6"], "album": ["Indalo"], "originaldate": ["2003"], "musicbrainz_releasegroupid": ["2179d932-7569-3972-8340-cbfd21259cef"], "releasetype": ["album"], "totaltracks": ["9"], "media": ["Digital Media"], "musicbrainz_albumartistid": ["20f5b959-f77c-4e27-a8a4-42531336b151"], "file_name": "01_Indalo.flac", "musicbrainz_artistid": ["20f5b959-f77c-4e27-a8a4-42531336b151"], "albumartistsort": ["Corbacho, Max"], "musicbrainz_releasetrackid": ["0a1e9fbf-eb19-4d27-9b19-22949d490275"], "script": ["Latn"], "releasecountry": ["XW"], "date": ["2016-11-18"], "title": ["Indalo"], "tracktotal": ["9"], "discnumber": ["1"], "artistsort": ["Corbacho, Max"], "disctotal": ["1"], "originalyear": ["2003"], "totaldiscs": ["1"], "albumartist": ["Max Corbacho"]}, "version": {"essentia_build_sha": "70f2e5ece6736b2c40cc944ad0e695b16b925413", "essentia_git_sha": "v2.1_beta2", "extractor": "music 1.0", "essentia": "2.1-beta2"}}, "tonal": {"chords_scale": "minor", "hpcp": {"dmean": [0.0854448452592, 0.0800037160516, 0.0741597861052, 0.0863835513592, 0.0879069566727, 0.0683890879154, 0.0439571775496, 0.0420473851264, 0.0500660911202, 0.0696775615215, 0.0762383490801, 0.0613427981734, 0.0490979999304, 0.0476583987474, 0.0541517920792, 0.0934375375509, 0.113304249942, 0.112080000341, 0.0945753231645, 0.0716058239341, 0.0631098076701, 0.0550030060112, 0.0445447303355, 0.0979915857315, 0.173134788871, 0.124914310873, 0.0639940425754, 0.0560794994235, 0.0656359791756, 0.109782293439, 0.208389610052, 0.174546226859, 0.214471921325, 0.147100999951, 0.106671929359, 0.0991420224309], "dvar2": [0.0759836807847, 0.0714489966631, 0.0718895867467, 0.077475912869, 0.0748461633921, 0.0616391822696, 0.0484720170498, 0.0485839992762, 0.0481146499515, 0.0528075806797, 0.0637772083282, 0.0507475398481, 0.045817296952, 0.0447733364999, 0.0438383631408, 0.0670472756028, 0.0780996754766, 0.0923165604472, 0.0808018743992, 0.0556909032166, 0.0550726018846, 0.0551139526069, 0.0403145253658, 0.0653308331966, 0.16979175806, 0.0754629522562, 0.046714130789, 0.0538830198348, 0.0656038224697, 0.0785480737686, 0.118371494114, 0.129758954048, 0.130968675017, 0.139865249395, 0.0985317826271, 0.102042675018], "mean": [0.0899899378419, 0.0841152593493, 0.0653791278601, 0.105024389923, 0.128224059939, 0.0729474946856, 0.0332921333611, 0.0303557571024, 0.0422735624015, 0.0884670987725, 0.103244155645, 0.062657892704, 0.0439528040588, 0.04189517349, 0.0470369644463, 0.112441889942, 0.173053532839, 0.136506319046, 0.0866141170263, 0.0737645179033, 0.0653555393219, 0.0552490092814, 0.0399415381253, 0.13734139502, 0.283502906561, 0.20721784234, 0.0691549926996, 0.0526754520833, 0.0631368383765, 0.112069256604, 0.412265479565, 0.612836718559, 0.358863800764, 0.153885245323, 0.127698376775, 0.0935314148664], "var": [0.0306187383831, 0.0275740195066, 0.0202932748944, 0.0441946312785, 0.062045969069, 0.024744739756, 0.0115678207949, 0.0108955698088, 0.0132881999016, 0.0330674126744, 0.0446603894234, 0.0174909550697, 0.0156645365059, 0.0157001111656, 0.0135891726241, 0.0351268462837, 0.0653235837817, 0.0456503890455, 0.0281747803092, 0.0239456258714, 0.0230264402926, 0.0241856705397, 0.0142461834475, 0.0365189984441, 0.12467367202, 0.0622994452715, 0.0190725289285, 0.0208908114582, 0.0267634354532, 0.0346709601581, 0.0936067551374, 0.154211193323, 0.0749602764845, 0.0644856840372, 0.0584221556783, 0.0359471179545], "dmean2": [0.152322530746, 0.142687991261, 0.134833782911, 0.151211187243, 0.152522355318, 0.121438339353, 0.0816261768341, 0.0785119459033, 0.0903911888599, 0.11884958297, 0.131832778454, 0.108271509409, 0.0880084186792, 0.085884295404, 0.0968588143587, 0.160679921508, 0.191553264856, 0.195383831859, 0.167869716883, 0.124041765928, 0.110605947673, 0.0977408885956, 0.0791207998991, 0.173966795206, 0.303604483604, 0.212720438838, 0.10952231288, 0.100212402642, 0.117743760347, 0.194222033024, 0.350803613663, 0.30003580451, 0.37095618248, 0.267136633396, 0.187167778611, 0.180154323578], "dvar": [0.0267184171826, 0.0249887034297, 0.0248591098934, 0.028196785599, 0.0286870691925, 0.0215881802142, 0.0166113749146, 0.016657596454, 0.0169820152223, 0.0201297849417, 0.0237784683704, 0.0180317312479, 0.0165482796729, 0.016227317974, 0.0156076662242, 0.0248926021159, 0.0303818639368, 0.0324020162225, 0.0283313374966, 0.0202942751348, 0.0196530278772, 0.0198072884232, 0.0143293803558, 0.0244335252792, 0.0668145790696, 0.030479863286, 0.0167584400624, 0.0190818943083, 0.0231331661344, 0.0273689217865, 0.0432010106742, 0.0522722005844, 0.0450233891606, 0.0471471883357, 0.0357286669314, 0.0345615260303], "min": [0, 0, 0, 0, 0, 0, 0, 0, 0, 0, 0, 0, 0, 0, 0, 0, 0, 0, 0, 0, 0, 0, 0, 0, 0, 0, 0, 0, 0, 0, 0, 0, 0, 0, 0, 0], "median": [0.0203842297196, 0.0213177520782, 0.0144511433318, 0.0145794088021, 0.0171980448067, 0.0103782601655, 0.00226321071386, 0.00135138456244, 0.00540423952043, 0.0133685786277, 0.0155137237161, 0.0101179191843, 0.00175805983599, 0.000835374346934, 0.00667038885877, 0.0351252108812, 0.0562052279711, 0.0406252816319, 0.0190963186324, 0.0129181928933, 0.00864175055176, 0.00468366406858, 0.00356616126373, 0.0406404174864, 0.102903626859, 0.088350020349, 0.0139164729044, 0.00192503468134, 0.0015743986005, 0.0331782922149, 0.400253981352, 0.727328002453, 0.32682171464, 0.0318416506052, 0.0109179029241, 0.0097642224282], "max": [1, 1, 1, 1, 1, 1, 1, 1, 1, 1, 1, 1, 1, 1, 1, 1, 1, 1, 1, 1, 1, 1, 1, 1, 1, 1, 1, 1, 1, 1, 1, 1, 1, 1, 1, 1]}, "tuning_equal_tempered_deviation": 0.24428601563, "chords_key": "G", "chords_strength": {"dmean": 0.00613342458382, "dvar2": 5.0380043831e-05, "mean": 0.477722644806, "var": 0.00969867780805, "dmean2": 0.00695859547704, "dvar": 3.43685424014e-05, "min": 0.189446166158, "median": 0.479923993349, "max": 0.78408664465}, "tuning_diatonic_strength": 0.529206991196, "thpcp": [1, 0.585578143597, 0.251103162766, 0.208372592926, 0.152620449662, 0.146841615438, 0.137255579233, 0.106682784855, 0.171374186873, 0.20923037827, 0.119032509625, 0.0543246380985, 0.049533188343, 0.0689801424742, 0.1443567276, 0.168469265103, 0.102242395282, 0.0717202499509, 0.0683626979589, 0.0767528489232, 0.183477729559, 0.282381147146, 0.222745001316, 0.14133310318, 0.120365694165, 0.106644295156, 0.0901529043913, 0.0651748478413, 0.224107652903, 0.462607562542, 0.338128954172, 0.112844072282, 0.085953488946, 0.103023916483, 0.182869687676, 0.672716677189], "chords_histogram": [15.9608011246, 3.65404343605, 22.1027851105, 7.04979658127, 9.02495574951, 1.99035215378, 0, 9.37440681458, 0.634329795837, 16.3558330536, 0, 0.926805198193, 0.144338518381, 0.0835644006729, 1.33703041077, 0.0911611616611, 0.235499680042, 0.220306143165, 0.425418764353, 0, 1.14711129665, 2.68165755272, 4.33395385742, 2.22585177422], "tuning_nontempered_energy_ratio": 0.950602948666, "tuning_frequency": 434.193115234, "key_strength": 0.579587638378, "chords_changes_rate": 0.0418961532414, "key_scale": "minor", "hpcp_entropy": {"dmean": 0.541313529015, "dvar2": 0.547090888023, "mean": 1.96246898174, "var": 0.412271618843, "dmean2": 0.922072708607, "dvar": 0.193737760186, "min": 0, "median": 1.96422040462, "max": 4.18360900879}, "key_key": "C", "chords_number_rate": 0.000493789673783}, "lowlevel": {"melbands_skewness": {"dmean": 0.824857473373, "dvar2": 2.18557524681, "mean": 2.32496833801, "var": 4.83239793777, "dmean2": 1.32992553711, "dvar": 0.871490359306, "min": -8.54985809326, "median": 1.90366768837, "max": 23.0525970459}, "melbands_kurtosis": {"dmean": 10.6424293518, "dvar2": 1508.18127441, "mean": 20.876335144, "var": 1459.44543457, "dmean2": 17.3366546631, "dvar": 601.383056641, "min": -1.94332945347, "median": 9.2112159729, "max": 955.199157715}, "barkbands_kurtosis": {"dmean": 7.18661308289, "dvar2": 640.539794922, "mean": 14.8089876175, "var": 713.814086914, "dmean2": 11.4989814758, "dvar": 279.280334473, "min": -1.92321944237, "median": 6.51716136932, "max": 1099.86462402}, "hfc": {"dmean": 2.77063679695, "dvar2": 78.7673492432, "mean": 9.08945655823, "var": 113.842193604, "dmean2": 4.05178642273, "dvar": 33.4271812439, "min": 1.07548904896e-16, "median": 5.92820167542, "max": 156.125946045}, "silence_rate_20dB": {"dmean": 0.0142447436228, "dvar2": 0.0300570186228, "mean": 0.973600268364, "var": 0.0257209837437, "dmean2": 0.0284900292754, "dvar": 0.014031259343, "min": 0, "median": 1, "max": 1}, "erbbands_flatness_db": {"dmean": 0.0182409901172, "dvar2": 0.000634152151179, "mean": 0.270925939083, "var": 0.00342381885275, "dmean2": 0.0273804701865, "dvar": 0.000267323775915, "min": 0.0472371317446, "median": 0.268790334463, "max": 0.587217152119}, "spectral_flux": {"dmean": 0.0239778477699, "dvar2": 0.00546958111227, "mean": 0.0726695507765, "var": 0.00464156456292, "dmean2": 0.040055219084, "dvar": 0.00207454804331, "min": 6.48649883805e-11, "median": 0.0562645941973, "max": 0.884317457676}, "spectral_energyband_low": {"dmean": 0.0161054581404, "dvar2": 0.00858340505511, "mean": 0.028422664851, "var": 0.00867983791977, "dmean2": 0.0246563144028, "dvar": 0.00364369247109, "min": 3.80389107151e-23, "median": 0.00202704081312, "max": 1.52344083786}, "spectral_rolloff": {"dmean": 110.407035828, "dvar2": 196504.546875, "mean": 530.434631348, "var": 242797.015625, "dmean2": 198.949584961, "dvar": 73913.9375, "min": 43.06640625, "median": 409.130859375, "max": 19229.1503906}, "spectral_entropy": {"dmean": 0.176495477557, "dvar2": 0.0656570345163, "mean": 6.22461986542, "var": 0.318944782019, "dmean2": 0.270712137222, "dvar": 0.0279192719609, "min": 3.59755730629, "median": 6.21243572235, "max": 9.81473445892}, "spectral_energy": {"dmean": 0.0190796609968, "dvar2": 0.00842045433819, "mean": 0.0458261817694, "var": 0.00976427458227, "dmean2": 0.0285083707422, "dvar": 0.0036105660256, "min": 9.73852255959e-21, "median": 0.0165917761624, "max": 1.56530237198}, "spectral_centroid": {"dmean": 92.4535369873, "dvar2": 75421.6953125, "mean": 532.046630859, "var": 106758.882812, "dmean2": 151.856903076, "dvar": 30864.0820312, "min": 110.508827209, "median": 460.514373779, "max": 11505.5322266}, "barkbands_flatness_db": {"dmean": 0.0236187223345, "dvar2": 0.00133799447212, "mean": 0.276401877403, "var": 0.00448346463963, "dmean2": 0.0367565527558, "dvar": 0.000553200778086, "min": 0.00940039288253, "median": 0.272597789764, "max": 0.557973921299}, "spectral_rms": {"dmean": 0.000970421417151, "dvar2": 5.98090309722e-06, "mean": 0.0051476098597, "var": 1.82100957318e-05, "dmean2": 0.00144239421934, "dvar": 2.74534204436e-06, "min": 3.08236877862e-12, "median": 0.00402331911027, "max": 0.0390784367919}, "melbands": {"dmean": [0.00476245488971, 0.00134156481363, 0.000500550493598, 0.000604502158239, 0.000199627393158, 0.000412359426264, 0.0003563700011, 6.35234100628e-05, 9.69748361968e-05, 3.53251816705e-05, 4.8846424761e-05, 3.95945025957e-05, 1.57610193128e-05, 1.61499465321e-05, 9.78555453912e-06, 3.98139036406e-06, 5.59122418053e-06, 5.31191017217e-06, 4.14732357967e-06, 2.24009158956e-06, 3.79757648261e-06, 3.68168093701e-06, 2.43956969825e-06, 1.33824551085e-06, 1.67383564076e-06, 1.85666726793e-06, 8.71352540344e-07, 6.00918383498e-07, 2.76145129874e-07, 3.35155760922e-07, 2.08354762776e-07, 2.31733011447e-07, 9.23082339455e-08, 9.34439583489e-08, 2.87487456063e-08, 2.42859989896e-08, 1.60143915906e-08, 7.89253551403e-09, 5.58431301201e-09, 2.85685297641e-09], "dvar2": [0.000886273512151, 5.60668340768e-05, 2.42729106503e-06, 3.18480442729e-06, 6.03096282248e-07, 6.2899164277e-07, 5.77029709348e-07, 5.34771089633e-08, 1.36012459961e-07, 4.4683066136e-08, 7.53389386432e-08, 3.96638171196e-08, 7.94116949976e-09, 1.12856701762e-08, 4.14241929647e-09, 3.53948315102e-10, 1.10875875148e-09, 1.56092594406e-09, 2.13977702224e-09, 6.35408115013e-10, 1.3770711238e-09, 1.4790908498e-09, 9.11565212203e-10, 2.47061426872e-10, 5.12194064939e-10, 8.67401594995e-10, 1.42162517869e-10, 8.96906160452e-11, 1.47861341226e-11, 5.85893659977e-12, 7.9929188268e-12, 4.06802022623e-12, 9.50835005349e-13, 3.10853881698e-13, 1.89746276417e-13, 1.68612343597e-13, 1.05900558505e-13, 2.03242845188e-14, 6.92382772887e-15, 2.26637154038e-15], "mean": [0.00783091038465, 0.00196572230197, 0.000814541475847, 0.00103588076308, 0.000416967697674, 0.00135564769153, 0.00106214708649, 0.000124911020976, 0.000168275641045, 6.01789506618e-05, 8.03200382506e-05, 6.62731108605e-05, 2.3147862521e-05, 2.32783859246e-05, 1.50742280312e-05, 6.38476649328e-06, 8.25749521027e-06, 7.9528117567e-06, 5.87601743973e-06, 2.97358633361e-06, 4.79031996292e-06, 4.53716302218e-06, 2.72979468718e-06, 1.74144588527e-06, 1.60578292707e-06, 1.56678640906e-06, 7.86369810157e-07, 5.01061549585e-07, 2.59948848225e-07, 4.47394796765e-07, 1.99987510996e-07, 3.2929341387e-07, 1.65518784456e-07, 1.81264169896e-07, 4.22182431237e-08, 2.82586007927e-08, 1.54425219279e-08, 8.14452683073e-09, 6.16909012763e-09, 2.74264633227e-09], "var": [0.000800844805781, 3.83533333661e-05, 1.48840217662e-06, 2.2917320166e-06, 7.00880548266e-07, 6.79261165715e-06, 4.99451289215e-06, 1.06996267846e-07, 2.35519507896e-07, 6.22954203777e-08, 6.46094449053e-08, 3.94781096702e-08, 5.15991693817e-09, 6.83792489298e-09, 2.47471687587e-09, 2.98868568782e-10, 8.74786132421e-10, 9.27793009087e-10, 1.10723863411e-09, 2.94862051442e-10, 6.39972796979e-10, 7.10180469987e-10, 2.65418187428e-10, 1.25692747877e-10, 1.41357314742e-10, 1.87143078811e-10, 3.9750893549e-11, 2.82920874228e-11, 3.96227755467e-12, 2.32834888522e-12, 2.25408298797e-12, 1.14153879491e-12, 3.15103059747e-13, 1.51098846434e-13, 4.5462697734e-14, 4.6850120761e-14, 2.50909607354e-14, 4.68613354772e-15, 1.70984876529e-15, 5.03112900834e-16], "dmean2": [0.007324074395, 0.00218468136154, 0.000873428129125, 0.00102552317549, 0.000321121071465, 0.000467168109026, 0.000436897389591, 9.13830372156e-05, 0.000141875920235, 5.6424189097e-05, 7.92390856077e-05, 6.21839644737e-05, 2.62401681539e-05, 2.63909150817e-05, 1.59296614584e-05, 6.6838215389e-06, 9.48957313085e-06, 8.95893299457e-06, 7.04635522197e-06, 3.87337286156e-06, 6.52123571854e-06, 6.08396430835e-06, 4.26614224125e-06, 2.27113105211e-06, 2.91769356409e-06, 3.31687601829e-06, 1.48378842368e-06, 1.0258677321e-06, 4.74033214459e-07, 5.61393846965e-07, 3.55628941406e-07, 4.04899139994e-07, 1.59628015695e-07, 1.62618789545e-07, 5.02478307851e-08, 4.08846148048e-08, 2.79338436826e-08, 1.39250593278e-08, 9.57493728748e-09, 5.05024688735e-09], "dvar": [0.000368577340851, 2.27440777962e-05, 8.39958602228e-07, 1.10448172563e-06, 2.32525749766e-07, 6.13824738593e-07, 4.68965026812e-07, 3.06100602643e-08, 8.07375428735e-08, 2.66090118828e-08, 3.18383257536e-08, 1.73737770837e-08, 3.00692049038e-09, 4.40897807152e-09, 1.61575985924e-09, 1.31094982092e-10, 4.15707468449e-10, 5.99228389131e-10, 7.5717621062e-10, 2.29172347765e-10, 5.17062559435e-10, 5.64452873331e-10, 3.27490090601e-10, 9.29438609409e-11, 1.92275181887e-10, 3.05778485865e-10, 5.40146191663e-11, 3.56518981004e-11, 5.45256114565e-12, 2.33248901964e-12, 2.99570524637e-12, 1.472568378e-12, 3.42624014013e-13, 1.11193497986e-13, 6.68796954124e-14, 6.32700001332e-14, 3.84447045054e-14, 7.27710992458e-15, 2.50046900062e-15, 8.03190733663e-16], "min": [3.50644057534e-24, 3.85179717433e-24, 2.15323331169e-24, 3.54044442466e-24, 2.98022262548e-24, 1.92777647055e-24, 3.03664195742e-24, 2.82531440395e-24, 3.15208169292e-24, 3.19808293332e-24, 3.41297041884e-24, 2.88008541103e-24, 3.72113893146e-24, 4.0010950171e-24, 4.0818964619e-24, 2.91818088465e-24, 6.3421001012e-24, 6.61005248488e-24, 4.78225624546e-24, 5.08639328443e-24, 6.35678593025e-24, 3.88741621636e-24, 5.78885380457e-24, 3.68964287096e-24, 6.00812124305e-24, 5.30246189194e-24, 6.50459164261e-24, 6.86292342577e-24, 5.7597724473e-24, 6.96987087641e-24, 5.90046894519e-24, 6.43319933626e-24, 7.53305682045e-24, 6.92919326384e-24, 6.41231069392e-24, 5.96110276652e-24, 6.48268931401e-24, 8.63830222463e-24, 4.05085675743e-24, 6.1257155549e-24], "median": [0.000194041916984, 0.000242796260864, 0.000453394488432, 0.000484572869027, 0.000136884758831, 0.000412349356338, 0.000305479974486, 3.93665322918e-05, 3.78988843295e-05, 1.36365742947e-05, 1.22185356304e-05, 1.16455457828e-05, 3.65135838365e-06, 4.01250872528e-06, 2.89516765406e-06, 1.42584076457e-06, 1.50777907493e-06, 2.03340596272e-06, 1.05358174096e-06, 4.2670296807e-07, 7.20030868706e-07, 6.74567445458e-07, 5.38491690349e-07, 3.68296952047e-07, 3.86569752209e-07, 1.42673684422e-07, 6.3985368115e-08, 2.17949676085e-08, 2.23453966441e-08, 5.5989588077e-08, 2.00146619278e-08, 5.59872113115e-08, 2.3530450477e-08, 2.97319484588e-08, 5.56038681765e-09, 2.67566635515e-09, 9.48744749429e-10, 4.05407596382e-10, 3.65415309123e-10, 3.01388164425e-10], "max": [0.484382927418, 0.112692728639, 0.027125813067, 0.0226540546864, 0.0262218974531, 0.0415712855756, 0.0362737737596, 0.0107242595404, 0.0161307547241, 0.0172727610916, 0.00870232190937, 0.0076184659265, 0.0016122169327, 0.00430776877329, 0.00209009530954, 0.000409836997278, 0.00154911831487, 0.001370971906, 0.0014348073164, 0.000692006142344, 0.000913880008738, 0.00125815626234, 0.000622153340373, 0.00064619735349, 0.00040667198482, 0.000589406408835, 0.000254708342254, 0.000207268516533, 5.99084451096e-05, 4.88152072649e-05, 5.54252910661e-05, 4.25126927439e-05, 2.16991065827e-05, 9.77030504146e-06, 9.67291907727e-06, 9.78619755188e-06, 8.10939582152e-06, 3.21467678077e-06, 1.83655174624e-06, 1.0216622286e-06]}, "barkbands_crest": {"dmean": 2.607162714, "dvar2": 15.3695907593, "mean": 12.0017518997, "var": 20.7425460815, "dmean2": 4.32256650925, "dvar": 5.70747709274, "min": 2.68330717087, "median": 11.2663545609, "max": 26.7076187134}, "mfcc": {"icov": [[0.000546353287064, -0.000442402262706, 0.000771752151195, -0.000648433458991, 0.00066178740235, -0.000707527680788, 0.000819599546958, -0.00104863103479, 0.000643479346763, -0.000823486014269, 0.000438746181317, -0.000647266861051, 0.000248133670539], [-0.000442402262706, 0.0012215108145, -0.000538941822015, 0.000884699169546, -0.000882744032424, 0.00113449944183, -0.00105421734042, 0.00118227023631, -0.000786496617366, 0.000779026420787, -0.00110246380791, 0.000470646045869, -0.00016935414169], [0.000771752151195, -0.000538941822015, 0.00280574266799, -0.000863529683556, 0.00173523125704, -0.000867561553605, 0.0014404511312, -0.00203013443388, 0.00053269485943, -0.00201571220532, 0.000673751579598, -0.00106111599598, 0.000409850908909], [-0.000648433458991, 0.000884699169546, -0.000863529683556, 0.00303130527027, -0.000929876521695, 0.000138952746056, -0.000689735985361, 0.00253729405813, -0.000847769493703, 0.00024900821154, -0.000209048070246, 0.00043641004595, -0.00180790119339], [0.00066178740235, -0.000882744032424, 0.00173523125704, -0.000929876521695, 0.00332638295367, -0.00175303313881, 0.000436439731857, -0.00142048066482, 0.000520163797773, -0.000405646511354, 0.000795172934886, -0.00285327271558, 0.00216137222014], [-0.000707527680788, 0.00113449944183, -0.000867561553605, 0.000138952746056, -0.00175303313881, 0.00626985216513, -0.0019573837053, 0.000550912751351, 0.000551746808924, 0.0012479822617, -0.00236253696494, 0.00185799889732, -0.002213972155], [0.000819599546958, -0.00105421734042, 0.0014404511312, -0.000689735985361, 0.000436439731857, -0.0019573837053, 0.00664007710293, -0.00301988888532, 0.000895436387509, -0.0033631590195, 0.00507444655523, -0.00337570067495, -0.000228415679885], [-0.00104863103479, 0.00118227023631, -0.00203013443388, 0.00253729405813, -0.00142048066482, 0.000550912751351, -0.00301988888532, 0.00971743091941, -0.00553121650591, 0.0031238605734, -0.0017552128993, 0.00220367382281, -0.000268224801403], [0.000643479346763, -0.000786496617366, 0.00053269485943, -0.000847769493703, 0.000520163797773, 0.000551746808924, 0.000895436387509, -0.00553121650591, 0.0118327094242, -0.00711583485827, 0.00310827628709, -0.00158241798636, 0.000616750388872], [-0.000823486014269, 0.000779026420787, -0.00201571220532, 0.00024900821154, -0.000405646511354, 0.0012479822617, -0.0033631590195, 0.0031238605734, -0.00711583485827, 0.0135024767369, -0.00573245063424, 0.00258205761202, 0.000453356275102], [0.000438746181317, -0.00110246380791, 0.000673751579598, -0.000209048070246, 0.000795172934886, -0.00236253696494, 0.00507444655523, -0.0017552128993, 0.00310827628709, -0.00573245063424, 0.0155082875863, -0.00702628213912, 0.00209040846676], [-0.000647266861051, 0.000470646045869, -0.00106111599598, 0.00043641004595, -0.00285327271558, 0.00185799889732, -0.00337570067495, 0.00220367382281, -0.00158241798636, 0.00258205761202, -0.00702628213912, 0.0134057076648, -0.00494103506207], [0.000248133670539, -0.00016935414169, 0.000409850908909, -0.00180790119339, 0.00216137222014, -0.002213972155, -0.000228415679885, -0.000268224801403, 0.000616750388872, 0.000453356275102, 0.00209040846676, -0.00494103506207, 0.0114488638937]], "mean": [-780.596740723, 204.343444824, 11.6197557449, 32.1672859192, 0.0335600376129, 3.84250092506, -14.6386051178, 5.07989025116, -6.21447467804, -9.43366622925, 4.66632223129, -5.26698589325, 0.129313617945], "cov": [[5485.99707031, 379.2421875, -979.426818848, 842.904052734, -25.7601985931, 432.556762695, -265.146026611, -145.21232605, -294.191741943, -51.0725822449, 151.692687988, 165.18586731, 196.158432007], [379.2421875, 1851.80456543, -261.034942627, -444.114349365, 470.118591309, -198.561248779, 176.717956543, 42.6136627197, 87.9709854126, 13.6865978241, 73.8122711182, 108.397987366, -136.214141846], [-979.426818848, -261.034942627, 1010.41491699, -93.1973190308, -514.624084473, -127.221061707, -87.6792297363, 132.628311157, 163.29800415, 156.549255371, -9.16821098328, -114.872657776, -22.510843277], [842.904052734, -444.114349365, -93.1973190308, 805.789489746, -23.5915813446, 197.721435547, -58.8475990295, -188.218673706, -119.730155945, -18.3866767883, 12.8040351868, 67.6999511719, 176.904373169], [-25.7601985931, 470.118591309, -514.624084473, -23.5915813446, 890.192077637, 111.98475647, 185.277679443, -12.6612491608, -40.4726448059, -80.4096679688, 28.9331111908, 174.037124634, -45.5981826782], [432.556762695, -198.561248779, -127.221061707, 197.721435547, 111.98475647, 305.125610352, 30.2816562653, -38.1069869995, -83.9666671753, -40.7463989258, 19.6034107208, 45.7063064575, 83.3230514526], [-265.146026611, 176.717956543, -87.6792297363, -58.8475990295, 185.277679443, 30.2816562653, 344.528167725, 86.7640151978, 72.4982757568, 29.693819046, -63.7703399658, 58.1451530457, 13.6475563049], [-145.21232605, 42.6136627197, 132.628311157, -188.218673706, -12.6612491608, -38.1069869995, 86.7640151978, 250.602279663, 138.134094238, 48.9675636292, -23.9125461578, -31.506696701, -46.6804885864], [-294.191741943, 87.9709854126, 163.29800415, -119.730155945, -40.4726448059, -83.9666671753, 72.4982757568, 138.134094238, 228.14440918, 113.32963562, -21.9650726318, -24.6745166779, -44.4054718018], [-51.0725822449, 13.6865978241, 156.549255371, -18.3866767883, -80.4096679688, -40.7463989258, 29.693819046, 48.9675636292, 113.32963562, 164.549087524, 22.6962566376, -16.5487174988, -22.0650234222], [151.692687988, 73.8122711182, -9.16821098328, 12.8040351868, 28.9331111908, 19.6034107208, -63.7703399658, -23.9125461578, -21.9650726318, 22.6962566376, 121.811203003, 50.4881820679, -3.51662254333], [165.18586731, 108.397987366, -114.872657776, 67.6999511719, 174.037124634, 45.7063064575, 58.1451530457, -31.506696701, -24.6745166779, -16.5487174988, 50.4881820679, 164.220504761, 52.8705406189], [196.158432007, -136.214141846, -22.510843277, 176.904373169, -45.5981826782, 83.3230514526, 13.6475563049, -46.6804885864, -44.4054718018, -22.0650234222, -3.51662254333, 52.8705406189, 160.444961548]]}, "spectral_decrease": {"dmean": 5.00064878395e-09, "dvar2": 5.8608676604e-16, "mean": -1.19234710994e-08, "var": 6.76451946622e-16, "dmean2": 7.4794739291e-09, "dvar": 2.51263827004e-16, "min": -4.12712012121e-07, "median": -4.23854196185e-09, "max": 7.92493148911e-29}, "zerocrossingrate": {"dmean": 0.00306034786627, "dvar2": 3.1523155485e-05, "mean": 0.0223248265684, "var": 0.00019899700419, "dmean2": 0.00413433695212, "dvar": 1.74680826603e-05, "min": 0.00146484375, "median": 0.0205078125, "max": 0.5185546875}, "spectral_contrast_coeffs": {"dmean": [0.0542353317142, 0.0436737239361, 0.036743119359, 0.026684332639, 0.0201959330589, 0.0143251447007], "dvar2": [0.00512296939269, 0.00311149284244, 0.00229862844571, 0.00126098748296, 0.00077516946476, 0.000487845391035], "mean": [-0.633795499802, -0.659519910812, -0.724463760853, -0.769805729389, -0.763769567013, -0.739709675312], "var": [0.00802716612816, 0.0119498819113, 0.00665914872661, 0.00449764728546, 0.00430485419929, 0.00485658878461], "dmean2": [0.0932948365808, 0.0694559887052, 0.060569666326, 0.0450407750905, 0.0341838598251, 0.0239632874727], "dvar": [0.00174837594386, 0.00118357466999, 0.000843993446324, 0.00045319730998, 0.000280394218862, 0.000199737609364], "min": [-0.974233686924, -0.978646636009, -0.974917590618, -0.970378637314, -0.9664940238, -0.963363587856], "median": [-0.634066581726, -0.671555280685, -0.732791304588, -0.772716879845, -0.757223963737, -0.740059375763], "max": [-0.244615420699, -0.237961471081, -0.38835349679, -0.405645370483, -0.475150644779, -0.532475173473]}, "spectral_skewness": {"dmean": 0.613373100758, "dvar2": 1.03029835224, "mean": 3.37461996078, "var": 3.13508200645, "dmean2": 1.04348826408, "dvar": 0.362838149071, "min": -0.124956347048, "median": 2.96753001213, "max": 13.0372371674}, "spectral_energyband_middle_high": {"dmean": 0.00069558742689, "dvar2": 8.73623685038e-06, "mean": 0.00135916483123, "var": 6.03915623287e-06, "dmean2": 0.00113059137948, "dvar": 3.46083811564e-06, "min": 1.20811010836e-21, "median": 0.000605367124081, "max": 0.0469576008618}, "gfcc": {"icov": [[0.000400066201109, -0.000904639833607, 0.000647020351607, -0.000835815386381, 0.000540526874829, -0.000339563877787, 0.00026620508288, -0.000555878388695, -8.41578585096e-05, -6.58822173136e-05, -0.000284326088149, 8.7464482931e-05, -0.00030997232534], [-0.000904639833607, 0.00625159172341, -0.00232001929544, 0.00485915644094, -0.00394683377817, 0.00302078668028, -0.00319897243753, 0.00368753727525, -0.00291570858099, 0.00328230462037, -0.000916255929042, 0.00195390405133, 0.000971122819465], [0.000647020351607, -0.00232001929544, 0.0029425744433, -0.0018904277822, 0.00164379505441, -0.000998692470603, 0.000509825360496, -0.00235902913846, 0.00029281937168, -0.00130333588459, -6.21903091087e-05, 8.51149452501e-05, -0.000842088425998], [-0.000835815386381, 0.00485915644094, -0.0018904277822, 0.00550861982629, -0.00295384530909, 0.00206925463863, -0.00229874392971, 0.0037788094487, -0.00282602268271, 0.00167669518851, -0.000959650205914, 0.00100688321982, 0.000322152744047], [0.000540526874829, -0.00394683377817, 0.00164379505441, -0.00295384530909, 0.00373784499243, -0.00222359038889, 0.0026589257177, -0.00296916952357, 0.00241425144486, -0.00219500879757, -0.000882891821675, -0.000539077387657, -0.00118085707072], [-0.000339563877787, 0.00302078668028, -0.000998692470603, 0.00206925463863, -0.00222359038889, 0.00487460196018, -0.00212865555659, 0.000601862324402, -0.00145713158417, 0.00313564692624, -0.000658978708088, 0.000408153515309, 0.000776181346737], [0.00026620508288, -0.00319897243753, 0.000509825360496, -0.00229874392971, 0.0026589257177, -0.00212865555659, 0.00636114319786, -0.00260875979438, 0.00197750958614, -0.00240749376826, 0.000305500841932, -0.0014267252991, -0.00311181484722], [-0.000555878388695, 0.00368753727525, -0.00235902913846, 0.0037788094487, -0.00296916952357, 0.000601862324402, -0.00260875979438, 0.00776956789196, -0.00181131891441, 0.00166748114862, 0.00171575066634, 0.00143294513691, -0.000686735205818], [-8.41578585096e-05, -0.00291570858099, 0.00029281937168, -0.00282602268271, 0.00241425144486, -0.00145713158417, 0.00197750958614, -0.00181131891441, 0.00816726591438, -0.00338513590395, 0.000684344500769, -0.00127215182874, 0.000144619087223], [-6.58822173136e-05, 0.00328230462037, -0.00130333588459, 0.00167669518851, -0.00219500879757, 0.00313564692624, -0.00240749376826, 0.00166748114862, -0.00338513590395, 0.0116232782602, -0.00444698799402, 0.00196446757764, -0.000564124493394], [-0.000284326088149, -0.000916255929042, -6.21903091087e-05, -0.000959650205914, -0.000882891821675, -0.000658978708088, 0.000305500841932, 0.00171575066634, 0.000684344500769, -0.00444698799402, 0.01113980636, -0.00457981787622, 0.000604456814472], [8.7464482931e-05, 0.00195390405133, 8.51149452501e-05, 0.00100688321982, -0.000539077387657, 0.000408153515309, -0.0014267252991, 0.00143294513691, -0.00127215182874, 0.00196446757764, -0.00457981787622, 0.0139035088941, -0.00376472389325], [-0.00030997232534, 0.000971122819465, -0.000842088425998, 0.000322152744047, -0.00118085707072, 0.000776181346737, -0.00311181484722, -0.000686735205818, 0.000144619087223, -0.000564124493394, 0.000604456814472, -0.00376472389325, 0.0125719131902]], "mean": [-130.818649292, 178.386474609, -98.4882736206, 16.0747566223, -48.0485534668, -15.3514499664, -23.2770462036, -11.906206131, -7.8817243576, -6.56989765167, -7.55227613449, 6.45464515686, -9.29783248901], "cov": [[6522.75146484, 594.838256836, -935.227111816, 865.344116211, 163.764892578, -211.457565308, -26.3222064972, -442.030944824, 426.17956543, 41.1829795837, 355.046051025, 28.358335495, 16.2018928528], [594.838256836, 1212.02111816, 92.6539382935, -542.628540039, 604.83782959, -103.860733032, 55.3709106445, 39.321269989, -1.43787455559, -73.734336853, 38.2116661072, -87.3305435181, -11.049779892], [-935.227111816, 92.6539382935, 805.276184082, -135.800354004, -135.903594971, 57.6129264832, 174.640975952, 227.584579468, 17.6839904785, 24.188287735, -75.4593276978, -24.0996875763, 63.8327865601], [865.344116211, -542.628540039, -135.800354004, 954.386291504, -91.2454910278, -88.6816558838, -27.0588169098, -265.364471436, 167.654693604, 144.859710693, 168.600250244, 83.8865585327, 26.9964199066], [163.764892578, 604.83782959, -135.903594971, -91.2454910278, 1201.97436523, 109.215644836, -114.933647156, 84.7474517822, -105.792205811, 17.2069587708, 143.385284424, -14.1724758148, 23.7401657104], [-211.457565308, -103.860733032, 57.6129264832, -88.6816558838, 109.215644836, 387.268615723, 60.5516319275, 140.824493408, -44.6371040344, -71.5370941162, -37.7301177979, 5.20524644852, 18.6458377838], [-26.3222064972, 55.3709106445, 174.640975952, -27.0588169098, -114.933647156, 60.5516319275, 329.705505371, 102.930343628, 3.14834547043, 18.3280162811, -14.306438446, 27.5940647125, 89.8999099731], [-442.030944824, 39.321269989, 227.584579468, -265.364471436, 84.7474517822, 140.824493408, 102.930343628, 365.20501709, -52.6270713806, -51.302734375, -107.042106628, -33.127368927, 46.3299713135], [426.17956543, -1.43787455559, 17.6839904785, 167.654693604, -105.792205811, -44.6371040344, 3.14834547043, -52.6270713806, 216.536193848, 55.7684173584, 36.235786438, 12.1320886612, 0.133198976517], [41.1829795837, -73.734336853, 24.188287735, 144.859710693, 17.2069587708, -71.5370941162, 18.3280162811, -51.302734375, 55.7684173584, 168.211456299, 84.8257522583, 24.8082103729, 22.6432285309], [355.046051025, 38.2116661072, -75.4593276978, 168.600250244, 143.385284424, -37.7301177979, -14.306438446, -107.042106628, 36.235786438, 84.8257522583, 196.234436035, 56.567401886, 13.7305631638], [28.358335495, -87.3305435181, -24.0996875763, 83.8865585327, -14.1724758148, 5.20524644852, 27.5940647125, -33.127368927, 12.1320886612, 24.8082103729, 56.567401886, 110.24835968, 38.317565918], [16.2018928528, -11.049779892, 63.8327865601, 26.9964199066, 23.7401657104, 18.6458377838, 89.8999099731, 46.3299713135, 0.133198976517, 22.6432285309, 13.7305631638, 38.317565918, 122.069572449]]}, "erbbands_spread": {"dmean": 4.61763381958, "dvar2": 75.7752380371, "mean": 18.9918575287, "var": 199.066818237, "dmean2": 7.1687874794, "dvar": 32.8179321289, "min": 0.205316051841, "median": 15.3068828583, "max": 114.708869934}, "erbbands_kurtosis": {"dmean": 3.58718013763, "dvar2": 86.9108200073, "mean": 7.7902970314, "var": 229.990890503, "dmean2": 5.48171520233, "dvar": 39.4403266907, "min": -1.85410392284, "median": 2.89553976059, "max": 219.325180054}, "dynamic_complexity": 4.70362997055, "erbbands_crest": {"dmean": 2.85351109505, "dvar2": 17.3640270233, "mean": 13.5473451614, "var": 30.714225769, "dmean2": 4.59423875809, "dvar": 6.59395456314, "min": 2.45879220963, "median": 12.4507350922, "max": 33.7891960144}, "erbbands": {"dmean": [0.689469456673, 2.01451206207, 1.60796976089, 2.52610707283, 7.06555747986, 7.97634792328, 5.64981746674, 16.3935527802, 26.7239894867, 5.37754678726, 12.2755126953, 5.98525714874, 9.50659561157, 9.11995601654, 4.37502622604, 6.95370769501, 2.10767412186, 2.55903196335, 3.48294615746, 1.73939788342, 2.80242991447, 3.00996041298, 2.13828659058, 1.99120461941, 1.93922281265, 0.946780025959, 0.474926948547, 0.403317511082, 0.324023842812, 0.166611164808, 0.0510464720428, 0.0294288862497, 0.0104147605598, 0.00425472389907, 0.00121677550487, 0.000446479010861, 0.000156531168614, 2.70628679573e-05, 9.4146344054e-06, 2.07150296774e-05], "dvar2": [19.2791290283, 163.778030396, 87.0323638916, 100.621536255, 287.785064697, 802.144714355, 542.147644043, 968.728027344, 3358.40722656, 347.21862793, 2166.26391602, 1301.91381836, 2828.35595703, 2221.4609375, 542.461120605, 2557.87548828, 77.2100296021, 224.912338257, 725.792236328, 284.092315674, 878.714294434, 1068.45654297, 725.833862305, 679.204284668, 781.75982666, 213.283340454, 29.1247959137, 21.7060966492, 10.0161743164, 1.31336760521, 0.506487250328, 0.322481513023, 0.0322489701211, 0.00480346847326, 0.000439057970652, 0.000115004389954, 4.2569154175e-06, 3.37940235795e-07, 2.75702816133e-09, 9.73956382211e-09], "mean": [1.10661041737, 2.81023550034, 2.32359337807, 3.70044398308, 11.5003767014, 14.3468351364, 11.6334218979, 53.7963790894, 78.8847427368, 12.8532781601, 21.6945304871, 10.7034063339, 15.8385047913, 15.6144914627, 6.90384483337, 9.85595321655, 3.7786822319, 4.2128276825, 5.2670879364, 2.72570514679, 3.69956946373, 3.81095600128, 2.62848305702, 2.00978398323, 1.76465833187, 0.823266863823, 0.526821374893, 0.473979979753, 0.484826892614, 0.334966808558, 0.0841813236475, 0.0316250547767, 0.0114044416696, 0.0044030379504, 0.00138483208138, 0.000610692310147, 0.000231641242863, 4.48086175311e-05, 2.41416419158e-05, 5.0366641517e-05], "var": [16.7799797058, 116.035057068, 49.910282135, 49.0149612427, 238.659423828, 621.382995605, 551.96270752, 10213.1767578, 27890.7832031, 734.923217773, 3763.25073242, 1986.60400391, 2419.28735352, 2087.80566406, 402.847351074, 1489.26867676, 67.9467926025, 195.694915771, 396.011688232, 168.673110962, 392.185089111, 512.046020508, 241.970901489, 188.963577271, 175.91696167, 67.3484954834, 9.24485015869, 6.46929121017, 2.74505829811, 0.595424115658, 0.132846549153, 0.0812527090311, 0.00769960833713, 0.0010992778698, 0.000120548713312, 4.35309120803e-05, 1.11456972718e-06, 1.04584351845e-07, 2.2799238053e-09, 1.13882308028e-08], "dmean2": [1.05738830566, 3.26306819916, 2.68535208702, 4.46037960052, 11.8789434433, 13.5751008987, 9.05148410797, 18.4315547943, 33.0376052856, 7.65308952332, 17.8595905304, 9.35198974609, 15.4526538849, 14.3539562225, 7.21215391159, 11.3475513458, 3.48100996017, 4.34222793579, 5.88874530792, 2.96281433105, 4.80525159836, 4.98300027847, 3.69249415398, 3.46776771545, 3.41089367867, 1.59845292568, 0.800142228603, 0.680816054344, 0.564844846725, 0.288995534182, 0.0879444777966, 0.0506074428558, 0.0181732233614, 0.00742286304012, 0.00217320886441, 0.000788142671809, 0.000274170772173, 4.72095234727e-05, 1.41602722579e-05, 3.09008646582e-05], "dvar": [7.94649219513, 66.8144760132, 33.594329834, 34.0522918701, 109.210174561, 276.706085205, 205.788650513, 935.565124512, 2646.19873047, 192.939300537, 1263.57702637, 835.506774902, 1196.87219238, 945.984619141, 215.776412964, 996.462158203, 29.326292038, 83.8935852051, 274.696411133, 102.054275513, 325.339996338, 405.782592773, 261.353149414, 253.95085144, 278.511199951, 84.7993545532, 11.2668056488, 8.21097755432, 3.63078808784, 0.473230540752, 0.18206679821, 0.118862934411, 0.0116390949115, 0.0017115281662, 0.000164837460034, 4.91539212817e-05, 1.53908467837e-06, 1.32336040792e-07, 1.12858700163e-09, 4.179961266e-09], "min": [2.43915034588e-22, 1.13036936814e-21, 8.92598562882e-21, 9.56533161884e-21, 3.08806879064e-20, 5.7166219489e-20, 8.63233925786e-20, 6.61747010358e-20, 2.00972719279e-19, 2.34445552119e-19, 4.28941977114e-19, 4.11456206146e-19, 7.49896559236e-19, 9.03854361675e-19, 1.47489487864e-18, 1.52575511257e-18, 1.57841601531e-18, 3.42452794276e-18, 4.43507940107e-18, 3.43997326596e-18, 5.21149511225e-18, 4.52441159851e-18, 5.20927123718e-18, 7.96172920111e-18, 8.70476652021e-18, 1.05226009682e-17, 9.53033164903e-18, 1.11432155567e-17, 1.26579685467e-17, 1.43170372567e-17, 1.2094999348e-17, 1.09175209809e-17, 1.08020920623e-17, 6.78016745694e-18, 7.55150634711e-18, 4.35221947834e-18, 2.10694627302e-18, 8.78711172981e-19, 2.81217109838e-19, 2.91335015069e-20], "median": [0.0205934867263, 0.128845542669, 0.486249834299, 1.66136050224, 6.39534854889, 4.88926410675, 4.0883026123, 16.6446151733, 22.2525215149, 5.62192153931, 5.12158870697, 2.83689117432, 2.68395996094, 3.14875555038, 1.69732713699, 1.67653095722, 1.01955151558, 0.946753680706, 1.41067135334, 0.517944574356, 0.565257549286, 0.570121407509, 0.580397307873, 0.506055831909, 0.207261055708, 0.0493889711797, 0.061881672591, 0.0712102502584, 0.0860459208488, 0.0576223731041, 0.0131169110537, 0.00277679343708, 0.000811056233943, 0.000420441414462, 0.000281870248728, 0.000178590533324, 8.40772481752e-05, 2.32250786212e-05, 1.11129911602e-05, 1.88045778486e-05], "max": [70.5989608765, 201.083129883, 222.087677002, 179.769332886, 234.532302856, 624.297241211, 604.392944336, 1568.91040039, 2702.96435547, 852.309326172, 2146.08837891, 3226.94702148, 1685.29907227, 1760.10180664, 585.16784668, 1937.9074707, 157.175537109, 672.90222168, 800.475280762, 437.106048584, 631.852416992, 1016.73632812, 591.715087891, 449.175231934, 626.468811035, 310.835235596, 85.688331604, 96.0551452637, 70.6580352783, 24.2398662567, 14.5291347504, 14.2108678818, 4.09427833557, 1.4692388773, 1.14772427082, 1.13828086853, 0.113182149827, 0.0547648184001, 0.00206031370908, 0.00168720365036]}, "silence_rate_30dB": {"dmean": 0.0298569835722, "dvar2": 0.0644027367234, "mean": 0.901751101017, "var": 0.0886582583189, "dmean2": 0.0597150996327, "dvar": 0.0289465859532, "min": 0, "median": 1, "max": 1}, "silence_rate_60dB": {"dmean": 0.0143587011844, "dvar2": 0.0341724604368, "mean": 0.123945906758, "var": 0.108604855835, "dmean2": 0.0287179481238, "dvar": 0.0141572756693, "min": 0, "median": 0, "max": 1}, "spectral_energyband_middle_low": {"dmean": 0.0048479042016, "dvar2": 8.74218603713e-05, "mean": 0.0163940321654, "var": 0.000387382198824, "dmean2": 0.0069655738771, "dvar": 4.54523105873e-05, "min": 1.89945525965e-22, "median": 0.0101329963654, "max": 0.277854412794}, "spectral_spread": {"dmean": 284041.75, "dvar2": 228445716480, "mean": 2376064.5, "var": 1651780354050.0, "dmean2": 476825.15625, "dvar": 96535273472, "min": 436669.0625, "median": 2173334, "max": 42464528}, "barkbands": {"dmean"