{"tonal": {"chords_key": "C#", "hpcp_entropy": {"dmean": 0.726983070374, "dmean2": 1.2310526371, "max": 4.69321966171, "dvar": 0.338937044144, "mean": 2.85863471031, "dvar2": 0.931737184525, "min": 0, "var": 0.673066556454, "median": 2.94373178482}, "key_key": "F", "chords_strength": {"dmean": 0.0148504069075, "dmean2": 0.0195583999157, "max": 0.757671535015, "dvar": 0.000569706025999, "mean": 0.464120090008, "dvar2": 0.0010746238986, "min": -1, "var": 0.0153168523684, "median": 0.462132662535}, "key_scale": "minor", "chords_number_rate": 0.00276561430655, "thpcp": [1, 0.606777787209, 0.219867050648, 0.221084535122, 0.230636149645, 0.281528413296, 0.415171325207, 0.538203477859, 0.561097323895, 0.532655894756, 0.488387793303, 0.433737546206, 0.372278302908, 0.315892875195, 0.28897485137, 0.286365777254, 0.289445847273, 0.270912319422, 0.253882229328, 0.269082844257, 0.286194115877, 0.290952652693, 0.276798069477, 0.256338506937, 0.263854026794, 0.273660451174, 0.265536725521, 0.275993943214, 0.291305422783, 0.277188956738, 0.248775169253, 0.22038769722, 0.201862677932, 0.18798135221, 0.176370814443, 0.5916903615], "key_strength": 0.470540612936, "tuning_nontempered_energy_ratio": 0.825561821461, "tuning_frequency": 434.193115234, "chords_changes_rate": 0.119612812996, "tuning_diatonic_strength": 0.411573112011, "chords_scale": "major", "chords_histogram": [17.8612575531, 4.88591861725, 3.91795349121, 2.14335107803, 0.829684257507, 5.04724597931, 8.38902950287, 2.67342710495, 0, 3.11131596565, 1.29061996937, 6.10739803314, 0.576169610023, 0, 0, 0.322654992342, 0.62226319313, 0, 0.23046785593, 0, 0.760543882847, 0.0460935682058, 6.63747406006, 34.5471305847], "tuning_equal_tempered_deviation": 0.168725088239, "hpcp": {"dmean": [0.19787350297, 0.165397897363, 0.14837706089, 0.139542967081, 0.136204406619, 0.126960530877, 0.123075000942, 0.129947811365, 0.136906459928, 0.138424649835, 0.130706086755, 0.117343306541, 0.116092540324, 0.11711448431, 0.11594260484, 0.121827185154, 0.130730628967, 0.125199213624, 0.110233433545, 0.0965959057212, 0.0880133137107, 0.083909034729, 0.080844655633, 0.204052984715, 0.348054349422, 0.208852171898, 0.0936481654644, 0.0961190089583, 0.101978458464, 0.129511892796, 0.191217020154, 0.244830161333, 0.250947654247, 0.249239891768, 0.244858890772, 0.223307386041], "dmean2": [0.364945173264, 0.303770661354, 0.270090401173, 0.252252548933, 0.244186416268, 0.227741464972, 0.220740765333, 0.23463653028, 0.244964882731, 0.247475117445, 0.235098078847, 0.210096597672, 0.207390367985, 0.207395151258, 0.207407683134, 0.218060091138, 0.231337979436, 0.223792612553, 0.196035727859, 0.171570375562, 0.15685364604, 0.149904266, 0.144736558199, 0.372849106789, 0.65470457077, 0.380372643471, 0.16527454555, 0.17148244381, 0.182496860623, 0.232966408134, 0.343358099461, 0.438403129578, 0.451750904322, 0.449743807316, 0.445843875408, 0.410162836313], "max": [1, 1, 1, 1, 1, 1, 1, 1, 1, 1, 1, 1, 1, 1, 1, 1, 1, 1, 1, 1, 1, 1, 1, 1, 1, 1, 1, 1, 1, 1, 1, 1, 1, 1, 1, 1], "dvar": [0.0762276500463, 0.0630415901542, 0.0531694255769, 0.0466611236334, 0.0457931496203, 0.0413175523281, 0.040719460696, 0.0470228716731, 0.0500181019306, 0.0476665869355, 0.0460656285286, 0.0367364026606, 0.0354462489486, 0.0336261428893, 0.0316654182971, 0.0347395315766, 0.0372362695634, 0.0355063565075, 0.0296383723617, 0.0248362775892, 0.0217764694244, 0.0205986201763, 0.0214399378747, 0.04512039572, 0.150407642126, 0.0476973578334, 0.0244035255164, 0.0232837218791, 0.0268928874284, 0.034801337868, 0.0611402019858, 0.0836052522063, 0.0868215039372, 0.0871644839644, 0.0893960520625, 0.0846267417073], "mean": [0.15514293313, 0.131644919515, 0.120427116752, 0.119339823723, 0.120623402297, 0.112899757922, 0.105802647769, 0.112137340009, 0.119268283248, 0.121251352131, 0.115352585912, 0.106826283038, 0.109958291054, 0.114045016468, 0.1106595397, 0.115017473698, 0.121398359537, 0.115515477955, 0.103674344718, 0.0918441712856, 0.0841240733862, 0.0783391818404, 0.0735006183386, 0.246580511332, 0.416739106178, 0.252868026495, 0.0916271954775, 0.0921345725656, 0.0961151048541, 0.11732390523, 0.17301812768, 0.224290445447, 0.233831197023, 0.221978545189, 0.203530296683, 0.180755391717], "dvar2": [0.211922720075, 0.175954803824, 0.150001555681, 0.132305920124, 0.127824097872, 0.110944196582, 0.11202993989, 0.129645675421, 0.138463199139, 0.131103008986, 0.127987146378, 0.102459527552, 0.0999421551824, 0.0936723425984, 0.089731618762, 0.0983736664057, 0.10217936337, 0.0968072786927, 0.0823844522238, 0.0703029856086, 0.0607126280665, 0.0577943213284, 0.060865920037, 0.109096355736, 0.346450060606, 0.116775110364, 0.0669673606753, 0.0634057372808, 0.0738383084536, 0.0944630727172, 0.166534096003, 0.222243055701, 0.229297459126, 0.233264669776, 0.24107991159, 0.226945802569], "min": [0, 0, 0, 0, 0, 0, 0, 0, 0, 0, 0, 0, 0, 0, 0, 0, 0, 0, 0, 0, 0, 0, 0, 0, 0, 0, 0, 0, 0, 0, 0, 0, 0, 0, 0, 0], "var": [0.0630988404155, 0.0500062555075, 0.0416090339422, 0.0385295040905, 0.041009016335, 0.038337636739, 0.0345839932561, 0.0400345996022, 0.0441234633327, 0.0422465950251, 0.0393523238599, 0.0321211181581, 0.0310204252601, 0.0317780598998, 0.0283807627857, 0.0301183313131, 0.033342462033, 0.0310127865523, 0.0253171939403, 0.0216009635478, 0.0196793023497, 0.017456991598, 0.0165319014341, 0.058619171381, 0.186568781734, 0.0603993162513, 0.022405423224, 0.0221958328038, 0.0245172232389, 0.03187943995, 0.0591629706323, 0.0882923528552, 0.093538723886, 0.0902549400926, 0.0841584652662, 0.0748093873262], "median": [0.0443579778075, 0.0395358726382, 0.0383927635849, 0.0403122194111, 0.0399325415492, 0.0362835377455, 0.0337582938373, 0.0349383018911, 0.0366814769804, 0.0379583314061, 0.0379476547241, 0.0396630987525, 0.043383911252, 0.0461019165814, 0.0465999767184, 0.0504516176879, 0.050719819963, 0.0500853583217, 0.04587379843, 0.0394510999322, 0.0343071445823, 0.0317917093635, 0.0302477478981, 0.1276602, 0.159800320864, 0.141947641969, 0.0369428880513, 0.0380688868463, 0.0398813672364, 0.0485566668212, 0.0677027702332, 0.0823566541076, 0.0827883780003, 0.0686957761645, 0.0619883798063, 0.050954926759]}}, "lowlevel": {"melbands_flatness_db": {"dmean": 0.0368935763836, "dmean2": 0.0580998212099, "max": 0.566691160202, "dvar": 0.00104280083906, "mean": 0.215918377042, "dvar2": 0.00261068949476, "min": 0.00268479646184, "var": 0.00405916571617, "median": 0.209713935852}, "melbands_crest": {"dmean": 5.58465719223, "dmean2": 9.19909000397, "max": 38.036781311, "dvar": 23.1204929352, "mean": 20.2243041992, "dvar2": 59.1706809998, "min": 1.61069202423, "var": 55.3009147644, "median": 19.9530143738}, "spectral_entropy": {"dmean": 0.102723635733, "dmean2": 0.155816778541, "max": 9.82621574402, "dvar": 0.012084254995, "mean": 7.93763065338, "dvar2": 0.0260822344571, "min": 5.96694421768, "var": 0.0943155437708, "median": 7.99244308472}, "melbands": {"dmean": [0.00630505615845, 0.00258471351117, 0.000878148013726, 0.000461734627606, 0.000206590018934, 0.000202003619052, 0.000191115323105, 0.000157851653057, 0.000142390825204, 0.000124219252029, 0.000131726104883, 0.000141680677189, 0.000154115841724, 0.000153757471708, 0.000108837964945, 6.92387111485e-05, 5.11332364113e-05, 3.38690442732e-05, 2.4195327569e-05, 1.90997507161e-05, 2.03427098313e-05, 1.67886228155e-05, 1.62847627507e-05, 1.97580739041e-05, 1.48145090861e-05, 1.01079203887e-05, 7.72852854425e-06, 7.58641226639e-06, 6.76456738802e-06, 5.44211843589e-06, 4.43607495981e-06, 4.32296792496e-06, 4.65442144559e-06, 3.54389976565e-06, 2.66347774414e-06, 1.37982101478e-06, 2.84195891709e-07, 7.70744392753e-08, 6.68284698691e-08, 5.9617008219e-08], "dmean2": [0.0103622199968, 0.00437055854127, 0.00149698951282, 0.0007815125864, 0.00034143042285, 0.000338108337019, 0.000318842241541, 0.000259979162365, 0.000235891275224, 0.000202472510864, 0.000213717532461, 0.000226760210353, 0.000247044663411, 0.000250337703619, 0.000180551272933, 0.00011534155783, 8.49368734634e-05, 5.63801477256e-05, 4.12578920077e-05, 3.26106965076e-05, 3.47549321305e-05, 2.87923066935e-05, 2.66737224592e-05, 3.18611309922e-05, 2.43274243985e-05, 1.67615035025e-05, 1.28318151837e-05, 1.24732214317e-05, 1.1169593563e-05, 8.8943161245e-06, 7.0348241934e-06, 6.76338686389e-06, 7.17546208762e-06, 5.3994431255e-06, 3.98368365495e-06, 2.04429670703e-06, 4.52798758488e-07, 1.32387313556e-07, 1.14759721725e-07, 1.02311524586e-07], "max": [0.0860449373722, 0.061907581985, 0.0216199681163, 0.0140380356461, 0.00599134387448, 0.0112535590306, 0.00813150219619, 0.00700650410727, 0.0071017309092, 0.00592029094696, 0.0051258164458, 0.00539179192856, 0.00591711234301, 0.00741916475818, 0.00242182146758, 0.00244685634971, 0.00160970783327, 0.00143883901183, 0.00108460837509, 0.000668325286824, 0.000826736970339, 0.000585172441788, 0.000802506343462, 0.000737112539355, 0.000462059455458, 0.000218819579459, 0.000199546615477, 0.000333239207976, 0.000154937282787, 0.000248683587415, 0.000221567301196, 0.000149032566696, 0.00013435909932, 0.000133429610287, 0.000124810583657, 7.81618000474e-05, 1.53860964929e-05, 1.88801936929e-06, 1.59574040026e-06, 1.42541114201e-06], "dvar": [7.06222563167e-05, 1.44393561641e-05, 1.83453494174e-06, 5.39448990367e-07, 1.2486292178e-07, 1.8462559126e-07, 1.82358604661e-07, 1.17380437814e-07, 1.1545012768e-07, 7.18521278031e-08, 7.13535541763e-08, 9.30351760076e-08, 9.81619265872e-08, 8.75871606354e-08, 2.6699582989e-08, 1.21139258624e-08, 7.30777660607e-09, 3.16488035779e-09, 1.94515048513e-09, 1.04620490049e-09, 9.5408114742e-10, 8.60770621447e-10, 8.04603939031e-10, 9.40911348835e-10, 6.45226039264e-10, 2.40880260183e-10, 1.77468359452e-10, 1.84970830319e-10, 1.06476549799e-10, 7.95312080082e-11, 4.94539721674e-11, 4.45773314095e-11, 4.77654825415e-11, 2.86617986289e-11, 1.66031511456e-11, 5.42434977144e-12, 2.14587204885e-13, 2.39591502291e-14, 1.79514352195e-14, 1.41458398543e-14], "mean": [0.00960473157465, 0.00362594495527, 0.00116949691437, 0.00058290164452, 0.000281860353425, 0.000274007790722, 0.000259327411186, 0.000223378534429, 0.000196944107302, 0.000174859858816, 0.000186335397302, 0.000198595545953, 0.000234018909396, 0.000243863411015, 0.000174802320544, 0.000109564884042, 7.96662789071e-05, 5.17596781719e-05, 3.45653097611e-05, 2.88907758659e-05, 3.32029849233e-05, 2.6742076443e-05, 2.87674902211e-05, 3.52160677721e-05, 2.64129648713e-05, 1.86405941349e-05, 1.33764360726e-05, 1.42473490996e-05, 1.40281117638e-05, 1.16268620332e-05, 9.78416301223e-06, 9.46428644966e-06, 1.0115416444e-05, 8.06839216239e-06, 5.95772826273e-06, 3.0423386761e-06, 5.11623852617e-07, 7.26810753804e-08, 6.31731893463e-08, 5.68696165715e-08], "dvar2": [0.000186064091395, 3.90910681745e-05, 4.9998780014e-06, 1.37473477935e-06, 3.18889675555e-07, 4.86490932872e-07, 4.78942070004e-07, 2.93776082572e-07, 3.04877374901e-07, 1.83214964977e-07, 1.83078000759e-07, 2.35873088172e-07, 2.49120375884e-07, 2.24389935966e-07, 6.88752948008e-08, 3.05493088604e-08, 1.85136634911e-08, 8.10631917147e-09, 5.01967711841e-09, 2.89263346609e-09, 2.57801135994e-09, 2.4195569992e-09, 1.9152777142e-09, 2.22795426552e-09, 1.54897839e-09, 6.16949324961e-10, 4.34394326065e-10, 4.56324394937e-10, 2.78442574553e-10, 2.03942085442e-10, 1.18305434893e-10, 1.03631402071e-10, 1.10079306781e-10, 6.54988216442e-11, 3.45845678484e-11, 1.09535982715e-11, 4.91777408726e-13, 6.54484062432e-14, 4.91223747334e-14, 3.87432090804e-14], "min": [1.81427279693e-24, 1.13672144733e-24, 1.72726617224e-24, 1.51354758137e-24, 1.90394853248e-24, 2.08652743076e-24, 2.48599160481e-24, 7.30915078124e-25, 1.76094185543e-24, 3.29110146696e-24, 3.39584661517e-24, 2.78899702281e-24, 3.55218977468e-24, 3.8075310335e-24, 3.51317113659e-24, 2.92449788556e-24, 2.30450508166e-24, 5.21827860044e-24, 3.93576589567e-24, 2.72767058161e-24, 4.05597528142e-24, 3.28516272485e-24, 4.168001813e-24, 4.87003398167e-24, 4.82482396876e-24, 5.73599775734e-24, 3.96248658668e-24, 4.20312781696e-24, 5.38620342133e-24, 4.22330687891e-24, 4.78295596508e-24, 4.76274574312e-24, 6.00101676174e-24, 4.92598630796e-24, 5.4889300717e-24, 6.65372382459e-24, 6.32865593923e-24, 6.70831615468e-24, 6.10260153595e-24, 7.08752159182e-24], "var": [9.40160243772e-05, 1.63781151059e-05, 1.94956601263e-06, 6.85400038947e-07, 1.83502891105e-07, 2.69740581871e-07, 2.88004429194e-07, 2.06790289781e-07, 1.75885034537e-07, 1.1660192456e-07, 1.16361981384e-07, 1.53563476601e-07, 1.94749247839e-07, 1.63650454965e-07, 5.0015973585e-08, 2.22647287274e-08, 1.31913049373e-08, 5.10321740421e-09, 2.43468356587e-09, 1.1792009591e-09, 1.29219090983e-09, 8.70002070386e-10, 1.39741063165e-09, 1.85590720569e-09, 1.30163768652e-09, 4.29059815454e-10, 2.82495499215e-10, 3.07227882024e-10, 1.81281947786e-10, 1.60870025634e-10, 1.23696011767e-10, 1.02997201046e-10, 1.1189832394e-10, 6.99614186028e-11, 4.27420251969e-11, 1.43634427269e-11, 4.33438739544e-13, 1.89620674983e-14, 1.41828636644e-14, 1.1199685622e-14], "median": [0.0066764941439, 0.00245404848829, 0.000735513283871, 0.000323616637615, 0.000141112352139, 0.000108922424261, 9.52116242843e-05, 8.93490359886e-05, 7.13786866982e-05, 6.46056141704e-05, 6.99803058524e-05, 6.71590823913e-05, 7.6164767961e-05, 0.000107213323645, 0.000104491686216, 6.16759061813e-05, 4.7848909162e-05, 3.23919230141e-05, 2.09271984204e-05, 1.91314029507e-05, 2.46688396146e-05, 1.98641046154e-05, 1.98108555196e-05, 2.4248212867e-05, 1.7068008674e-05, 1.33726298372e-05, 8.74247780303e-06, 1.00046690932e-05, 1.08993472168e-05, 8.59551528265e-06, 7.0104142651e-06, 6.96940514899e-06, 7.55453675083e-06, 6.11659697825e-06, 4.39582800027e-06, 2.21219488594e-06, 3.59358068636e-07, 2.93018125319e-08, 2.57314880514e-08, 2.39047839301e-08]}, "silence_rate_60dB": {"dmean": 0.00391930853948, "dmean2": 0.00783952046186, "max": 1, "dvar": 0.00390384648927, "mean": 0.0285846013576, "dvar2": 0.00846937391907, "min": 0, "var": 0.02777149342, "median": 0}, "spectral_energyband_middle_high": {"dmean": 0.0037702252157, "dmean2": 0.00590915512294, "max": 0.0682931393385, "dvar": 2.21785085159e-05, "mean": 0.00965797901154, "dvar2": 5.40672590432e-05, "min": 1.28913614501e-21, "var": 7.33502529329e-05, "median": 0.00726070255041}, "erbbands_skewness": {"dmean": 0.364475935698, "dmean2": 0.550975620747, "max": 4.09419155121, "dvar": 0.106150098145, "mean": -0.0128717487678, "dvar2": 0.235601976514, "min": -3.55549907684, "var": 0.506343066692, "median": -0.0567356571555}, "dynamic_complexity": 2.12201023102, "dissonance": {"dmean": 0.0112704457715, "dmean2": 0.0194524247199, "max": 0.500000119209, "dvar": 0.000223127834033, "mean": 0.485179245472, "dvar2": 0.000639122910798, "min": 0.0428435653448, "var": 0.000276748818578, "median": 0.490083992481}, "spectral_skewness": {"dmean": 0.192340672016, "dmean2": 0.284720122814, "max": 5.92219924927, "dvar": 0.0440974459052, "mean": 2.05560302734, "dvar2": 0.101385146379, "min": -0.0999876782298, "var": 0.281172931194, "median": 1.96243703365}, "spectral_kurtosis": {"dmean": 1.84864747524, "dmean2": 2.81417179108, "max": 53.9657173157, "dvar": 5.58067321777, "mean": 10.9518260956, "dvar2": 14.5677957535, "min": -1.25722932816, "var": 20.1779651642, "median": 10.069773674}, "gfcc": {"cov": [[16088.5556641, 79.3602905273, -1086.77929688, 397.315490723, -58.0539550781, -162.084747314, 289.180938721, -470.470977783, 193.835845947, -115.258224487, 11.594171524, 287.540618896, -364.336547852], [79.3602905273, 664.43182373, 65.5988464355, -243.16835022, -34.6372451782, -17.3624629974, -20.8387775421, 45.775478363, -66.6009979248, -5.26791524887, 18.7838287354, -88.2069625854, 96.9072875977], [-1086.77929688, 65.5988464355, 343.274291992, 77.0674362183, -30.8997192383, 74.5173110962, -81.5130767822, 104.04221344, -26.9708843231, 30.8775005341, -13.5254859924, -36.3300857544, 24.7608566284], [397.315490723, -243.16835022, 77.0674362183, 331.932373047, 106.190757751, 1.82565045357, 29.8035449982, -9.96649265289, 67.2523117065, 8.1436624527, -12.8159208298, 36.7693214417, -81.3289031982], [-58.0539550781, -34.6372451782, -30.8997192383, 106.190757751, 180.425872803, 36.7452201843, 43.17029953, -24.8253269196, 0.424884319305, -10.5821714401, 11.0831785202, -5.01272344589, -3.36162686348], [-162.084747314, -17.3624629974, 74.5173110962, 1.82565045357, 36.7452201843, 187.588562012, 31.8917579651, 24.8499259949, -62.2010154724, -17.9236431122, -15.1198272705, 1.66970050335, 14.9546413422], [289.180938721, -20.8387775421, -81.5130767822, 29.8035449982, 43.17029953, 31.8917579651, 166.367385864, -37.1402702332, 41.0522613525, -33.3287010193, 3.80797958374, 46.8905830383, -33.7486305237], [-470.470977783, 45.775478363, 104.04221344, -9.96649265289, -24.8253269196, 24.8499259949, -37.1402702332, 149.796844482, 11.4859819412, 40.218585968, -6.68167495728, -45.140460968, 41.116645813], [193.835845947, -66.6009979248, -26.9708843231, 67.2523117065, 0.424884319305, -62.2010154724, 41.0522613525, 11.4859819412, 150.311630249, 52.8246307373, 15.4377183914, 29.6611270905, -47.1369438171], [-115.258224487, -5.26791524887, 30.8775005341, 8.1436624527, -10.5821714401, -17.9236431122, -33.3287010193, 40.218585968, 52.8246307373, 84.0778808594, 34.5749549866, -6.57751464844, 6.22976303101], [11.594171524, 18.7838287354, -13.5254859924, -12.8159208298, 11.0831785202, -15.1198272705, 3.80797958374, -6.68167495728, 15.4377183914, 34.5749549866, 64.9462051392, 27.5980987549, 8.7379360199], [287.540618896, -88.2069625854, -36.3300857544, 36.7693214417, -5.01272344589, 1.66970050335, 46.8905830383, -45.140460968, 29.6611270905, -6.57751464844, 27.5980987549, 84.3095550537, -9.49176692963], [-364.336547852, 96.9072875977, 24.7608566284, -81.3289031982, -3.36162686348, 14.9546413422, -33.7486305237, 41.116645813, -47.1369438171, 6.22976303101, 8.7379360199, -9.49176692963, 98.186126709]], "mean": [49.0147972107, 62.7585372925, -90.8588256836, 17.3097419739, -12.7213878632, -7.29842758179, 19.3050460815, -22.070104599, 5.84639596939, -9.26238632202, -4.03263998032, 8.55463123322, -17.8846111298], "icov": [[0.0001676309912, -0.000565298309084, 0.00111231347546, -0.00103795796167, 0.000748453603592, -0.000578143226448, 0.000445469282568, 7.60318471293e-07, 8.50465676194e-06, -3.31738337991e-05, 2.34182862187e-05, -0.000405279104598, 0.000271103228442], [-0.000565298309084, 0.00509085971862, -0.00548044405878, 0.00544936629012, -0.00259779812768, 0.00283152866177, -0.00321682635695, 0.00116842705756, -0.000990676810034, 0.00196905806661, -0.00289067695849, 0.00581700215116, -0.00312247220427], [0.00111231347546, -0.00548044405878, 0.0143345501274, -0.0118082920089, 0.00872711557895, -0.00786276441067, 0.00600931374356, -0.00195397413336, -0.000581990461797, 0.00074796093395, -0.00166460417677, -0.0010796028655, 0.000237653817749], [-0.00103795796167, 0.00544936629012, -0.0118082920089, 0.0182800851762, -0.0143210608512, 0.0085362540558, -0.00326655502431, -0.00315303914249, 0.00284081674181, -0.00461099017411, 0.00819415133446, -0.00791310891509, 0.00745888240635], [0.000748453603592, -0.00259779812768, 0.00872711557895, -0.0143210608512, 0.0192820616066, -0.00920827873051, 0.000501364236698, 0.00587954837829, -0.00602622702718, 0.00792273133993, -0.0130286794156, 0.0148390727118, -0.00975082442164], [-0.000578143226448, 0.00283152866177, -0.00786276441067, 0.0085362540558, -0.00920827873051, 0.0144569762051, -0.00627045240253, -0.00412608496845, 0.00982424709946, -0.00800857227296, 0.00898441020399, -0.00821402203292, 0.00479988474399], [0.000445469282568, -0.00321682635695, 0.00600931374356, -0.00326655502431, 0.000501364236698, -0.00627045240253, 0.0145248314366, -0.00167428900022, -0.00614261813462, 0.00759011507034, -0.00158411427401, -0.00603698939085, 0.00339943100698], [7.60318471293e-07, 0.00116842705756, -0.00195397413336, -0.00315303914249, 0.00587954837829, -0.00412608496845, -0.00167428900022, 0.0164235997945, -0.00753305898979, 0.00142233911902, -0.0053629539907, 0.0151127362624, -0.0116611290723], [8.50465676194e-06, -0.000990676810034, -0.000581990461797, 0.00284081674181, -0.00602622702718, 0.00982424709946, -0.00614261813462, -0.00753305898979, 0.0248496718705, -0.0217389315367, 0.0150035843253, -0.0175973828882, 0.0131224449724], [-3.31738337991e-05, 0.00196905806661, 0.00074796093395, -0.00461099017411, 0.00792273133993, -0.00800857227296, 0.00759011507034, 0.00142233911902, -0.0217389315367, 0.0419974848628, -0.0294673889875, 0.0210062693805, -0.0110181262717], [2.34182862187e-05, -0.00289067695849, -0.00166460417677, 0.00819415133446, -0.0130286794156, 0.00898441020399, -0.00158411427401, -0.0053629539907, 0.0150035843253, -0.0294673889875, 0.0451745986938, -0.0313457101583, 0.0120559399948], [-0.000405279104598, 0.00581700215116, -0.0010796028655, -0.00791310891509, 0.0148390727118, -0.00821402203292, -0.00603698939085, 0.0151127362624, -0.0175973828882, 0.0210062693805, -0.0313457101583, 0.0503900572658, -0.0222920272499], [0.000271103228442, -0.00312247220427, 0.000237653817749, 0.00745888240635, -0.00975082442164, 0.00479988474399, 0.00339943100698, -0.0116611290723, 0.0131224449724, -0.0110181262717, 0.0120559399948, -0.0222920272499, 0.0291486419737]]}, "spectral_complexity": {"dmean": 5.51792526245, "dmean2": 8.04427051544, "max": 64, "dvar": 29.9578762054, "mean": 31.8381748199, "dvar2": 55.6470909119, "min": 0, "var": 174.829696655, "median": 34}, "spectral_flux": {"dmean": 0.0371175259352, "dmean2": 0.0595866926014, "max": 0.60494941473, "dvar": 0.00163403863553, "mean": 0.160024926066, "dvar2": 0.00385239790194, "min": 6.39402003566e-11, "var": 0.00397741701454, "median": 0.156826123595}, "spectral_energyband_low": {"dmean": 0.0229624025524, "dmean2": 0.0375245548785, "max": 0.365445941687, "dvar": 0.000868261966389, "mean": 0.0398791618645, "dvar2": 0.00227308040485, "min": 1.83026474297e-23, "var": 0.00120907754172, "median": 0.0307437554002}, "spectral_decrease": {"dmean": 7.05249370014e-09, "dmean2": 1.14739560075e-08, "max": 1.10827542699e-08, "dvar": 7.62391525639e-17, "mean": -1.17279848055e-08, "dvar2": 1.96646097008e-16, "min": -1.03671844442e-07, "var": 1.06632785824e-16, "median": -9.57245216426e-09}, "barkbands_spread": {"dmean": 11.1224985123, "dmean2": 17.4584465027, "max": 110.926025391, "dvar": 114.107803345, "mean": 40.2589225769, "dvar2": 270.89743042, "min": 0.442845255136, "var": 388.201477051, "median": 38.5178604126}, "spectral_rms": {"dmean": 0.00140877824742, "dmean2": 0.00221154373139, "max": 0.0199192445725, "dvar": 2.02003184313e-06, "mean": 0.00836181547493, "dvar2": 4.91061337016e-06, "min": 3.14933864577e-12, "var": 7.27994301997e-06, "median": 0.00854752678424}, "spectral_centroid": {"dmean": 299.013977051, "dmean2": 440.97857666, "max": 11752.8955078, "dvar": 92358.9765625, "mean": 1825.2052002, "dvar2": 177202.296875, "min": 162.446624756, "var": 990323.1875, "median": 1732.74963379}, "barkbands_skewness": {"dmean": 0.803074479103, "dmean2": 1.22955787182, "max": 19.6309318542, "dvar": 0.806281208992, "mean": 2.07815742493, "dvar2": 1.77076685429, "min": -2.1584405899, "var": 2.71852898598, "median": 1.74151659012}, "spectral_rolloff": {"dmean": 5033.33789062, "dmean2": 9512.93554688, "max": 22050, "dvar": 59873192, "mean": 16002.1669922, "dvar2": 138908496, "min": 43.06640625, "var": 76390480, "median": 21404.0039062}, "erbbands_spread": {"dmean": 8.75351905823, "dmean2": 13.344877243, "max": 141.508270264, "dvar": 67.9357452393, "mean": 38.5834350586, "dvar2": 151.574768066, "min": 3.15640497208, "var": 282.827270508, "median": 37.4239273071}, "barkbands": {"dmean": [0.0091446666047, 0.0165454167873, 0.00429667346179, 0.00177568406798, 0.00190253311303, 0.000972711655777, 0.000921196537092, 0.000794527528342, 0.000868007540703, 0.000948023051023, 0.00109450379387, 0.00130326929502, 0.000771557504777, 0.000495304004289, 0.000329280243022, 0.000282873195829, 0.000280550302705, 0.000369612243958, 0.000279826956103, 0.00022681329574, 0.000204093943466, 0.000202942217584, 0.000145187499584, 1.9269024051e-05, 6.59074385112e-06, 5.9126989072e-05, 0.000548871408682], "dmean2": [0.0152284828946, 0.0273529849946, 0.00733521301299, 0.00306856911629, 0.00321361445822, 0.00161569146439, 0.00154018413741, 0.00131808756851, 0.00141674268525, 0.00154158449732, 0.00176825991366, 0.00212716683745, 0.0012781721307, 0.000819187203888, 0.000560932443477, 0.000481777969981, 0.000478841800941, 0.000589729577769, 0.000457806861959, 0.000371354399249, 0.000327277608449, 0.00030694247107, 0.000208190744161, 3.10089162667e-05, 1.13070509542e-05, 8.36426916067e-05, 0.000804517534561], "max": [0.197821676731, 0.30466863513, 0.0748957023025, 0.045899912715, 0.0548652336001, 0.0544413253665, 0.0391840226948, 0.0443262718618, 0.0311436019838, 0.0311485324055, 0.0512255877256, 0.0526892766356, 0.0219633318484, 0.0172799602151, 0.0115636363626, 0.00874698162079, 0.00796079076827, 0.0140533549711, 0.00769813032821, 0.0082683339715, 0.00766919134185, 0.00504579767585, 0.0056292260997, 0.00121344544459, 0.000158277383889, 0.00257988506928, 0.0214368700981], "dvar": [0.000257832289208, 0.000448283593869, 4.37825801782e-05, 8.16528790892e-06, 8.49049592944e-06, 3.89203478335e-06, 4.37353764937e-06, 3.39168832397e-06, 3.2363311675e-06, 3.62011951438e-06, 5.3476528592e-06, 5.24937377122e-06, 1.43955298881e-06, 6.40085318082e-07, 3.26935719386e-07, 2.03920521358e-07, 2.15981501128e-07, 3.62953812783e-07, 2.00062089561e-07, 1.49590391629e-07, 1.01892993598e-07, 8.72019185749e-08, 4.80659245738e-08, 1.05194086775e-09, 1.72804479059e-10, 8.60114823809e-09, 4.03962360451e-07], "mean": [0.0113852182403, 0.0254512038082, 0.0048874723725, 0.002019188134, 0.00247737346217, 0.00132831814699, 0.00123480160255, 0.00107148976531, 0.00123124406673, 0.00131787848659, 0.00158226687927, 0.0021029128693, 0.00122421770357, 0.000796631036792, 0.000479081849335, 0.000465469784103, 0.000459872360807, 0.000696400995366, 0.000541528395843, 0.000447826460004, 0.000480021961266, 0.000492806662805, 0.000358363060514, 3.35478544002e-05, 6.33025774732e-06, 0.000146681704791, 0.00205970671959], "dvar2": [0.000648185668979, 0.00119505217299, 0.000120276170492, 2.24754166993e-05, 2.15027903323e-05, 1.02364456325e-05, 1.16121718747e-05, 8.7244407041e-06, 8.36215713207e-06, 9.04414264369e-06, 1.35317541208e-05, 1.33326011564e-05, 3.67461802853e-06, 1.58934608407e-06, 8.52281061725e-07, 5.5229594409e-07, 6.01769556852e-07, 8.35540902244e-07, 4.85913062676e-07, 3.58326190053e-07, 2.4696038281e-07, 1.91816866391e-07, 9.69837685716e-08, 2.46443332408e-09, 4.73765138231e-10, 1.6793952895e-08, 8.66835137003e-07], "min": [1.09723333839e-24, 4.58862441981e-24, 3.37326118232e-25, 7.61780986674e-25, 1.58532642957e-23, 9.52162449008e-24, 7.95957340152e-24, 3.46588089747e-24, 2.32870887251e-23, 2.1829655581e-23, 1.69762993021e-23, 2.55494708038e-23, 1.73754629202e-23, 3.69123479227e-23, 6.03929568496e-23, 6.06828032789e-23, 6.01404708729e-23, 1.16285443302e-22, 1.42481431372e-22, 1.18068534005e-22, 2.09410612003e-22, 3.00360013975e-22, 4.17553038593e-22, 5.17957033178e-22, 9.34169538347e-22, 1.33841882274e-21, 1.84603549241e-21], "var": [0.000279060215689, 0.00063063192647, 4.64663644379e-05, 8.2078458945e-06, 1.13641517601e-05, 5.75471494813e-06, 6.74822967994e-06, 5.24088363818e-06, 5.2938976296e-06, 6.16178886048e-06, 1.02418589449e-05, 1.0153537005e-05, 2.62634694081e-06, 1.24558528114e-06, 4.18150079895e-07, 2.63245397036e-07, 2.43235177777e-07, 7.37504649351e-07, 4.0985142391e-07, 2.67560039902e-07, 2.43797273924e-07, 2.41100707399e-07, 1.41932389397e-07, 1.96420213427e-09, 1.36686939545e-10, 2.68469193543e-08, 1.95355028154e-06], "median": [0.00582794565707, 0.0180034078658, 0.00252216588706, 0.00104386475869, 0.00136987981386, 0.000547954579815, 0.000460788811324, 0.000398968812078, 0.000459551578388, 0.000464525772259, 0.000489293248393, 0.00103617378045, 0.000701757613569, 0.00049575837329, 0.000299787207041, 0.0003334080684, 0.000345496693626, 0.000484200194478, 0.000378079799702, 0.000321356172208, 0.000361841492122, 0.000378932163585, 0.000274918740615, 2.34413910221e-05, 2.72902389042e-06, 0.000104985418147, 0.00202867900953]}, "melbands_kurtosis": {"dmean": 16.3111572266, "dmean2": 25.542886734, "max": 1578.41003418, "dvar": 2111.13867188, "mean": 22.6789360046, "dvar2": 4889.65771484, "min": -1.67594540119, "var": 3291.06494141, "median": 9.54173755646}, "erbbands_crest": {"dmean": 2.30276036263, "dmean2": 3.7652528286, "max": 27.1523342133, "dvar": 5.03346014023, "mean": 7.06459379196, "dvar2": 12.5855455399, "min": 2.21758794785, "var": 12.9253873825, "median": 6.094581604}, "melbands_skewness": {"dmean": 1.30249786377, "dmean2": 2.01342701912, "max": 30.1665592194, "dvar": 1.99773931503, "mean": 3.4482383728, "dvar2": 4.63798713684, "min": -1.7481764555, "var": 6.0794839859, "median": 2.90520811081}, "spectral_energyband_middle_low": {"dmean": 0.00480792066082, "dmean2": 0.00787455588579, "max": 0.0785864815116, "dvar": 3.90672103094e-05, "mean": 0.00974983815104, "dvar2": 0.000102709498606, "min": 1.55104834064e-22, "var": 8.17876352812e-05, "median": 0.00695674307644}, "spectral_contrast_coeffs": {"dmean": [0.0569158680737, 0.0473387874663, 0.040536262095, 0.0302517805248, 0.0189409349114, 0.0497399717569], "dmean2": [0.0954304113984, 0.0801101401448, 0.0676882043481, 0.0503706410527, 0.0312710404396, 0.0793364048004], "max": [-0.437212020159, -0.504278719425, -0.52803593874, -0.582319617271, -0.655968666077, -0.384451955557], "dvar": [0.0020297174342, 0.0014032664476, 0.00107369350735, 0.000606568413787, 0.000237548374571, 0.00160567287821], "mean": [-0.725718021393, -0.798432648182, -0.802456498146, -0.808556437492, -0.817561805248, -0.631311774254], "dvar2": [0.00547612411901, 0.00400480721146, 0.00289545347914, 0.00162241049111, 0.000606319284998, 0.00407708389685], "min": [-0.980403065681, -0.978832781315, -0.98446726799, -0.971832931042, -0.967060685158, -0.964013397694], "var": [0.00474105915055, 0.00334278633818, 0.00313103524968, 0.00186648988165, 0.000957358221058, 0.00787722226232], "median": [-0.730030238628, -0.804756522179, -0.811378479004, -0.812444806099, -0.816817104816, -0.619967103004]}, "spectral_contrast_valleys": {"dmean": [0.404424458742, 0.403162479401, 0.349789261818, 0.305216670036, 0.24663874507, 0.628311157227], "dmean2": [0.661352097988, 0.655182242393, 0.544029414654, 0.477626591921, 0.367189079523, 1.03524267673], "max": [-4.83850383759, -4.58318090439, -4.84382772446, -5.33011102676, -5.3586473465, -8.86549663544], "dvar": [0.124642767012, 0.129252582788, 0.105313874781, 0.103650473058, 0.0937324017286, 0.272598147392], "mean": [-6.5374045372, -6.53607606888, -6.67545223236, -7.07761335373, -6.92253398895, -10.8253622055], "dvar2": [0.291499406099, 0.287477761507, 0.211490064859, 0.205475613475, 0.16688811779, 0.720109641552], "min": [-27.8834514618, -27.835609436, -28.0774459839, -27.5824451447, -27.6198139191, -27.4279918671], "var": [3.50556635857, 3.49236941338, 3.46753311157, 3.34720134735, 3.47000265121, 2.48373126984], "median": [-6.27504014969, -6.33804607391, -6.46545219421, -6.78385639191, -6.59168434143, -10.6368274689]}, "silence_rate_20dB": {"dmean": 0, "dmean2": 0, "max": 1, "dvar": 0, "mean": 1, "dvar2": 0, "min": 1, "var": 0, "median": 1}, "silence_rate_30dB": {"dmean": 0.157002881169, "dmean2": 0.31404197216, "max": 1, "dvar": 0.132357135415, "mean": 0.77374368906, "dvar2": 0.280217200518, "min": 0, "var": 0.175055399537, "median": 1}, "spectral_strongpeak": {"dmean": 10.4372005463, "dmean2": 19.8585987091, "max": 234.281448364, "dvar": 769.47467041, "mean": 7.28258132935, "dvar2": 2090.01220703, "min": 0, "var": 587.397216797, "median": 0.268924355507}, "spectral_spread": {"dmean": 405831.65625, "dmean2": 639571.9375, "max": 42290516, "dvar": 361006497792, "mean": 4962424.5, "dvar2": 661656698880, "min": 1906101.75, "var": 8599728291840.0, "median": 4762362}, "barkbands_flatness_db": {"dmean": 0.0285125244409, "dmean2": 0.0448556020856, "max": 0.429873794317, "dvar": 0.000692794506904, "mean": 0.114047266543, "dvar2": 0.00170933746267, "min": 0.0243987962604, "var": 0.00229690223932, "median": 0.105580724776}, "pitch_salience": {"dmean": 0.0986396968365, "dmean2": 0.161724716425, "max": 0.954196274281, "dvar": 0.00768846226856, "mean": 0.499610930681, "dvar2": 0.0202298164368, "min": 0.0363694578409, "var": 0.017433013767, "median": 0.516176342964}, "erbbands_kurtosis": {"dmean": 0.975276589394, "dmean2": 1.51174128056, "max": 25.3884716034, "dvar": 1.62520718575, "mean": 0.780045330524, "dvar2": 3.50946784019, "min": -1.66481053829, "var": 4.49479675293, "median": 0.113862633705}, "average_loudness": 0.963774085045, "barkbands_crest": {"dmean": 3.22771954536, "dmean2": 5.27857780457, "max": 25.1480998993, "dvar": 7.25883579254, "mean": 10.8370857239, "dvar2": 18.4664497375, "min": 2.49310946465, "var": 19.5011138916, "median": 10.2750473022}, "hfc": {"dmean": 135.985641479, "dmean2": 220.445327759, "max": 2086.64501953, "dvar": 19921.1972656, "mean": 384.398498535, "dvar2": 54184.15625, "min": 1.07574302649e-16, "var": 56261.4804688, "median": 371.215026855}, "barkbands_kurtosis": {"dmean": 5.85110473633, "dmean2": 8.94961166382, "max": 573.301330566, "dvar": 300.413787842, "mean": 7.59850740433, "dvar2": 627.804504395, "min": -1.71976101398, "var": 597.474182129, "median": 2.57855463028}, "erbbands": {"dmean": [0.896674931049, 2.60349321365, 4.90548753738, 5.04104423523, 6.40927648544, 6.46976470947, 5.67782735825, 9.24970722198, 12.6124038696, 14.2344942093, 17.3565120697, 18.9613761902, 25.7649993896, 34.8305854797, 46.3468475342, 48.1062698364, 35.019733429, 26.8534393311, 19.0963859558, 14.8508424759, 15.9553442001, 14.9766588211, 19.9177436829, 17.034034729, 11.621711731, 10.5584812164, 9.49751758575, 7.54044055939, 7.41570091248, 6.3832988739, 3.86436915398, 0.925819396973, 0.116711087525, 0.0728704705834, 0.0469623878598, 0.0296728089452, 0.126384615898, 0.113405689597, 0.032554961741, 0.0145316394046], "dmean2": [1.47591245174, 4.36448574066, 8.35621547699, 8.63393211365, 10.9376382828, 10.9440507889, 9.31159114838, 15.562125206, 21.1211261749, 23.6419296265, 28.7721138, 30.8573722839, 41.7219924927, 55.3314056396, 74.4353942871, 78.5202789307, 57.4790420532, 44.2490272522, 31.8462867737, 25.1707363129, 27.1645832062, 25.2297687531, 31.9476203918, 27.5511207581, 18.9747562408, 17.1910057068, 15.4363975525, 11.8486423492, 11.2904090881, 9.49559020996, 5.60050487518, 1.3607763052, 0.196225181222, 0.124990053475, 0.0804469883442, 0.0498016476631, 0.178051933646, 0.157830625772, 0.0474030636251, 0.0213709566742], "max": [12.5490922928, 67.7861785889, 96.7364959717, 129.702133179, 163.837112427, 162.598190308, 204.433685303, 537.570617676, 558.468383789, 697.903686523, 789.821899414, 884.319152832, 1012.8404541, 1336.52612305, 1582.29833984, 2016.27807617, 889.431884766, 787.89074707, 746.358947754, 503.445922852, 631.237487793, 451.087402344, 873.825012207, 500.190917969, 315.327087402, 447.516906738, 213.308425903, 323.727844238, 231.397094727, 212.790802002, 176.879165649, 55.2138938904, 2.72179675102, 1.73136174679, 1.12214040756, 0.709764719009, 5.92463111877, 2.93592619896, 0.937600433826, 0.597774863243], "dvar": [1.44367969036, 12.9543266296, 56.5285224915, 61.4812316895, 112.734619141, 109.902992249, 110.005218506, 403.166412354, 816.500183105, 981.959899902, 1730.41394043, 1737.50268555, 2703.39306641, 5573.64794922, 7903.65869141, 6747.09228516, 2694.86132812, 1983.31323242, 977.964599609, 695.690490723, 615.56640625, 644.147766113, 1128.39758301, 803.113525391, 329.622833252, 360.400756836, 205.55657959, 146.214996338, 124.672462463, 89.1340713501, 34.6166381836, 2.4149119854, 0.0469113998115, 0.0210644919425, 0.00852671544999, 0.00289406767115, 0.0417832396924, 0.0279089752585, 0.0016606724821, 0.000270659278613], "mean": [1.27881681919, 3.66478848457, 5.96019411087, 6.34445142746, 7.93687343597, 7.85984325409, 7.6578412056, 12.324637413, 16.8677692413, 20.0630970001, 24.2551994324, 27.4370441437, 37.4616737366, 50.8714256287, 74.1187744141, 81.3768081665, 59.7586288452, 44.6003112793, 30.9393157959, 23.2213535309, 27.5173625946, 26.3189468384, 37.3379707336, 33.3099250793, 23.008026123, 20.9432754517, 21.4096240997, 17.9617347717, 17.480342865, 15.5047311783, 9.28558063507, 2.08921933174, 0.162092030048, 0.0726239904761, 0.046552605927, 0.0412215329707, 0.306059330702, 0.300053060055, 0.115815326571, 0.0605304911733], "dvar2": [3.81575584412, 35.6854705811, 152.831298828, 168.186843872, 297.133453369, 282.208343506, 282.244781494, 1066.515625, 2148.48706055, 2517.10742188, 4554.61376953, 4428.85400391, 6941.2578125, 14077.9404297, 20187.3964844, 17044.3867188, 6862.24121094, 4996.73388672, 2499.45361328, 1875.55737305, 1653.49560547, 1764.58898926, 2621.640625, 1877.40820312, 818.137512207, 865.914306641, 517.497680664, 347.492889404, 279.994995117, 193.493301392, 67.0731430054, 4.75384378433, 0.126923337579, 0.0576663166285, 0.0233678072691, 0.00786428060383, 0.0811651572585, 0.0565217211843, 0.00344993826002, 0.000572828401346], "min": [1.19019912879e-22, 7.71558673836e-22, 2.16833825938e-21, 9.9755461558e-21, 1.18337104667e-20, 3.64990957285e-20, 4.68830913923e-20, 9.3981178658e-20, 1.547594697e-19, 1.14500550513e-19, 2.23417476794e-19, 4.32525607871e-19, 7.63437609261e-19, 8.25264500363e-19, 1.28354422151e-18, 1.40903972135e-18, 1.46716353164e-18, 1.35564914192e-18, 3.29254093627e-18, 3.33003992857e-18, 3.7469730785e-18, 4.42790981312e-18, 5.79827387774e-18, 6.95674694307e-18, 8.12386983606e-18, 7.12811312339e-18, 9.23569653228e-18, 9.80329380654e-18, 9.3638507974e-18, 1.29034666535e-17, 1.06935014459e-17, 1.08068574498e-17, 9.38937262802e-18, 8.57708043932e-18, 6.2707309059e-18, 4.39718584362e-18, 2.49377356417e-18, 9.11779268931e-19, 2.44681472759e-19, 2.76878353654e-20], "var": [1.90779411793, 15.4678888321, 62.0972290039, 63.7176780701, 132.900405884, 131.374298096, 160.65397644, 571.228637695, 1242.25805664, 1651.51843262, 2609.14208984, 2869.16088867, 4445.14550781, 9527.35449219, 16153.1787109, 13403.1611328, 5440.08496094, 3761.56079102, 1580.73620605, 832.359741211, 846.374267578, 769.014709473, 2205.69750977, 1781.86608887, 629.112487793, 634.86920166, 419.340820312, 382.675842285, 322.511779785, 242.569732666, 100.180953979, 6.59946060181, 0.0446718968451, 0.0167791135609, 0.00682583684102, 0.0027313164901, 0.124700002372, 0.0942052006721, 0.00768445944414, 0.00142066110857], "median": [0.841464757919, 2.53876161575, 3.34175491333, 3.77226281166, 4.28665447235, 4.06666564941, 3.69421982765, 4.83693599701, 6.13525056839, 8.06817817688, 9.00060176849, 10.3739671707, 14.5638713837, 17.7578544617, 26.3221244812, 43.6159057617, 36.2895812988, 27.7101192474, 20.2195587158, 15.0866985321, 20.6394100189, 20.0659561157, 26.1048412323, 22.5825462341, 16.6314659119, 14.6508388519, 16.6706256866, 13.2810573578, 13.189950943, 11.9270515442, 7.00603485107, 1.55254197121, 0.106907948852, 0.0326014347374, 0.021185927093, 0.027056215331, 0.217379674315, 0.222903460264, 0.10333622247, 0.062385097146]}, "spectral_energy": {"dmean": 0.0263793896884, "dmean2": 0.0421877987683, "max": 0.406695693731, "dvar": 0.000980415730737, "mean": 0.0791302025318, "dvar2": 0.00248345849104, "min": 1.01662920663e-20, "var": 0.00196347921155, "median": 0.0748867243528}, "zerocrossingrate": {"dmean": 0.051647324115, "dmean2": 0.0658973678946, "max": 0.7275390625, "dvar": 0.00184444896877, "mean": 0.306169778109, "dvar2": 0.00292426813394, "min": 0.01708984375, "var": 0.0103400805965, "median": 0.3076171875}, "spectral_energyband_high": {"dmean": 0.000914251548238, "dmean2": 0.00127654720563, "max": 0.0261061135679, "dvar": 1.38808525207e-06, "mean": 0.00337021821178, "dvar2": 2.70547025139e-06, "min": 6.97770144424e-21, "var": 6.14002601651e-06, "median": 0.00298115052283}, "mfcc": {"cov": [[7166.64892578, 120.144104