{"metadata": {"version": {"essentia_git_sha": "v2.1_beta2", "essentia_build_sha": "70f2e5ece6736b2c40cc944ad0e695b16b925413", "extractor": "music 1.0", "essentia": "2.1-beta2"}, "audio_properties": {"analysis_sample_rate": 44100, "md5_encoded": "c32c24f687d68c29f0fdca7552b6f938", "downmix": "mix", "sample_rate": 44100, "equal_loudness": 0, "lossless": false, "codec": "mp3", "bit_rate": 160018, "length": 230.608978271, "replay_gain": -11.7135848999}, "tags": {"script": ["Latn"], "musicbrainz album type": ["album"], "title": ["An limiè"], "musicbrainz_artistid": ["21c48caf-4d15-4541-b7d3-103117c6db0b"], "musicbrainz album status": ["official"], "catalognumber": ["5923442"], "label": ["Créon Music"], "date": ["2003"], "musicbrainz_albumid": ["5118c5b8-258b-459f-9d42-6ee693f9af6c"], "musicbrainz album release country": ["FR"], "album": ["Madousinay"], "discnumber": ["1/1"], "artistsort": ["Béroard, Jocelyne"], "file_name": "Jocelyne Beroard - An Limiè.mp3", "artist": ["Jocelyne Béroard"], "asin": ["B0000AYLM6"], "isrc": ["FR9M90301670"], "originaldate": ["2003"], "albumartist": ["Jocelyne Béroard"], "tracknumber": ["5/15"], "musicbrainz_recordingid": ["c2833c9d-a86a-42e6-a127-f8f4e405ca90"], "originalyear": ["2003"], "albumartistsort": ["Béroard, Jocelyne"], "media": ["CD"], "barcode": ["724359234427"], "encoding": ["Lavf56.36.100"], "musicbrainz_releasegroupid": ["ed80786a-f25e-3846-87b6-8e31ff5f0369"], "musicbrainz_albumartistid": ["21c48caf-4d15-4541-b7d3-103117c6db0b"]}}, "rhythm": {"beats_loudness": {"var": 0.000897670630366, "mean": 0.0523986853659, "dmean2": 0.0360128842294, "dvar": 0.000370220543118, "dmean": 0.0204520206898, "max": 0.140865951777, "min": 0, "median": 0.0555884465575, "dvar2": 0.00103545899037}, "beats_position": [0.684988677502, 1.35836732388, 2.02013611794, 2.67029476166, 3.32045340538, 3.97061228752, 4.62077093124, 5.27092981339, 5.93269824982, 6.59446716309, 7.24462556839, 7.90639448166, 8.56816291809, 9.21832180023, 9.86848068237, 10.5186395645, 11.1687984467, 11.8189563751, 12.4691152573, 13.1192741394, 13.7694330215, 14.4195919037, 15.0697498322, 15.7199087143, 16.3700675964, 17.0202255249, 17.6819953918, 18.3437633514, 18.9939231873, 19.6440811157, 20.2826309204, 20.9327888489, 21.5945568085, 22.2679367065, 22.9529247284, 23.6379127502, 24.3229026794, 25.0078907013, 25.6696586609, 26.3198184967, 26.9815864563, 27.6317462921, 28.2819042206, 28.932062149, 29.5822219849, 30.2323799133, 30.8941497803, 31.5559177399, 32.2060775757, 32.8562355042, 33.5063934326, 34.1565513611, 34.8067131042, 35.4568710327, 36.1070289612, 36.7571868896, 37.4073448181, 38.0575065613, 38.7192726135, 39.3810424805, 40.0312004089, 40.6813583374, 41.3199081421, 41.9700660706, 42.6202278137, 43.281993866, 43.9321517944, 44.5823135376, 45.2324714661, 45.894241333, 46.5443992615, 47.2061653137, 47.8563270569, 48.5064849854, 49.1566429138, 49.8068008423, 50.4569587708, 51.1071205139, 51.7572784424, 52.4074363708, 53.0575942993, 53.7193641663, 54.3811340332, 55.0312919617, 55.6814498901, 56.3316078186, 56.9817695618, 57.6319274902, 58.2704734802, 58.9090232849, 59.5591812134, 60.2209510803, 60.8827209473, 61.5328788757, 62.1830368042, 62.8448066711, 63.5065765381, 64.1567306519, 64.806892395, 65.4570541382, 66.107208252, 66.7573699951, 67.4075241089, 68.0576858521, 68.7194519043, 69.3812255859, 70.0313796997, 70.6815414429, 71.3316955566, 71.9818572998, 72.632019043, 73.2821731567, 73.9323348999, 74.5824966431, 75.2442626953, 75.9060287476, 76.5561904907, 77.2063446045, 77.8565063477, 78.5066680908, 79.1568222046, 79.8069839478, 80.4571380615, 81.1072998047, 81.7574615479, 82.4076156616, 83.0577774048, 83.719543457, 84.3813171387, 85.0314712524, 85.6816329956, 86.3317871094, 86.9819488525, 87.6321105957, 88.2822647095, 88.9324264526, 89.5825805664, 90.244354248, 90.9061203003, 91.5562820435, 92.2064361572, 92.8565979004, 93.5067520142, 94.1569137573, 94.8070755005, 95.4572296143, 96.1073913574, 96.7575454712, 97.4193191528, 98.0810852051, 98.7312469482, 99.381401062, 100.031562805, 100.681724548, 101.331878662, 101.982040405, 102.632194519, 103.282356262, 103.932518005, 104.582672119, 105.232833862, 105.882987976, 106.533149719, 107.194915771, 107.845077515, 108.506843567, 109.15700531, 109.807167053, 110.457321167, 111.10748291, 111.757637024, 112.407798767, 113.069564819, 113.731338501, 114.381492615, 115.031654358, 115.681808472, 116.331970215, 116.982131958, 117.632286072, 118.282447815, 118.932601929, 119.582763672, 120.244529724, 120.906303406, 121.55645752, 122.206619263, 122.856781006, 123.50693512, 124.157096863, 124.807250977, 125.45741272, 126.107574463, 126.757728577, 127.40789032, 128.069656372, 128.731430054, 129.381591797, 130.031738281, 130.681900024, 131.332061768, 131.982223511, 132.632385254, 133.282531738, 133.932693481, 134.582855225, 135.244628906, 135.906387329, 136.556549072, 137.206710815, 137.856872559, 138.507034302, 139.157180786, 139.807342529, 140.457504272, 141.107666016, 141.769424438, 142.43119812, 143.081359863, 143.731521606, 144.381668091, 145.031829834, 145.681991577, 146.33215332, 146.982315063, 147.632461548, 148.282623291, 148.932785034, 149.582946777, 150.233108521, 150.894866943, 151.556640625, 152.206802368, 152.856964111, 153.507110596, 154.157272339, 154.807434082, 155.457595825, 156.107757568, 156.757904053, 157.419677734, 158.081451416, 158.731613159, 159.381759644, 160.031921387, 160.68208313, 161.332244873, 161.982406616, 162.632553101, 163.282714844, 163.932876587, 164.58303833, 165.244796753, 165.906570435, 166.556732178, 167.206893921, 167.857055664, 168.507202148, 169.157363892, 169.807525635, 170.457687378, 171.107849121, 171.757995605, 172.419769287, 173.081542969, 173.731704712, 174.381851196, 175.032012939, 175.682174683, 176.332336426, 176.982498169, 177.632644653, 178.282806396, 178.93296814, 179.594741821, 180.256500244, 180.906661987, 181.545211792, 182.206985474, 182.857131958, 183.507293701, 184.157455444, 184.807617188, 185.457778931, 186.107940674, 186.758087158, 187.408248901, 188.058410645, 188.708572388, 189.370330811, 190.032104492, 190.682266235, 191.332427979, 191.982574463, 192.632736206, 193.294509888, 193.956283569, 194.606430054, 195.256591797, 195.90675354, 196.556915283, 197.207077026, 197.857223511, 198.507385254, 199.157546997, 199.80770874, 200.457870483, 201.108016968, 201.769790649, 202.431564331, 203.081726074, 203.731872559, 204.382034302, 205.032196045, 205.682357788, 206.332519531, 206.982666016, 207.632827759, 208.282989502, 208.944763184, 209.594909668, 210.25668335, 210.918457031, 211.580215454, 212.230377197, 212.88053894, 213.530700684, 214.180862427, 214.84262085, 215.51600647, 216.189376831, 216.851150513, 217.408432007, 217.954101562, 218.499771118, 219.057052612, 219.614334106, 220.206436157, 220.786941528, 221.425476074, 222.064025879, 222.702575684, 223.341125488, 223.979675293, 224.583404541, 225.18711853, 225.79083252, 226.394546509, 226.986663818, 227.555557251, 228.124435425, 228.693328857, 229.26222229, 229.842712402], "bpm_histogram_first_peak_spread": {"var": 0, "mean": 0.0535714030266, "dmean2": 0, "dvar": 0, "dmean": 0, "max": 0.0535714030266, "min": 0.0535714030266, "median": 0.0535714030266, "dvar2": 0}, "danceability": 1.20677042007, "bpm_histogram_second_peak_weight": {"var": 0, "mean": 0.0113314446062, "dmean2": 0, "dvar": 0, "dmean": 0, "max": 0.0113314446062, "min": 0.0113314446062, "median": 0.0113314446062, "dvar2": 0}, "bpm_histogram_first_peak_weight": {"var": 0, "mean": 0.900849878788, "dmean2": 0, "dvar": 0, "dmean": 0, "max": 0.900849878788, "min": 0.900849878788, "median": 0.900849878788, "dvar2": 0}, "bpm": 91.9139022827, "bpm_histogram_second_peak_spread": {"var": 0, "mean": 0.5, "dmean2": 0, "dvar": 0, "dmean": 0, "max": 0.5, "min": 0.5, "median": 0.5, "dvar2": 0}, "bpm_histogram_second_peak_bpm": {"var": 0, "mean": 99, "dmean2": 0, "dvar": 0, "dmean": 0, "max": 99, "min": 99, "median": 99, "dvar2": 0}, "beats_count": 354, "beats_loudness_band_ratio": {"var": [0.0647704079747, 0.0241052117199, 0.0122029148042, 0.0109130963683, 0.00222495105118, 0.00423759687692], "mean": [0.6042765975, 0.169690206647, 0.10581164062, 0.0720650479198, 0.030107870698, 0.0456916317344], "dmean2": [0.360699772835, 0.210670948029, 0.157952919602, 0.129313975573, 0.0456120856106, 0.097614236176], "dvar": [0.0299324672669, 0.0140970731154, 0.00978973321617, 0.0117212338373, 0.00156452448573, 0.00459766713902], "dmean": [0.199635520577, 0.125289961696, 0.0899152681231, 0.073374979198, 0.0258715953678, 0.0531923212111], "max": [0.988739311695, 0.720438539982, 0.758833646774, 0.693574309349, 0.350163459778, 0.501651644707], "min": [0, 0, 0, 0, 0, 0], "median": [0.660880863667, 0.10803565383, 0.0706787705421, 0.0341059118509, 0.0147552741691, 0.0244732107967], "dvar2": [0.0861826315522, 0.038046207279, 0.0268035661429, 0.0340127684176, 0.00435227202252, 0.0124198831618]}, "onset_rate": 4.28409290314, "bpm_histogram_first_peak_bpm": {"var": 0, "mean": 92, "dmean2": 0, "dvar": 0, "dmean": 0, "max": 92, "min": 92, "median": 92, "dvar2": 0}}, "lowlevel": {"hfc": {"var": 1021.33789062, "mean": 21.7977848053, "dmean2": 16.3664417267, "dvar": 523.844238281, "dmean": 11.2021408081, "max": 515.428466797, "min": 1.0925688066e-16, "median": 10.7393331528, "dvar2": 1152.01281738}, "barkbands_spread": {"var": 314.874237061, "mean": 20.6647396088, "dmean2": 10.6799840927, "dvar": 115.078811646, "dmean": 7.15255212784, "max": 107.483016968, "min": 0.364914089441, "median": 15.8492507935, "dvar2": 238.48210144}, "spectral_spread": {"var": 15209556082700.0, "mean": 6185266, "dmean2": 1281426.125, "dvar": 1435159363580.0, "dmean": 927927.625, "max": 42568944, "min": 543741.3125, "median": 5579465.5, "dvar2": 2547971522560.0}, "spectral_energy": {"var": 0.00113860261627, "mean": 0.0292196664959, "dmean2": 0.0239740908146, "dvar": 0.0011160497088, "dmean": 0.0147180240601, "max": 0.281463772058, "min": 9.94189913035e-21, "median": 0.0209601931274, "dvar2": 0.00300226383843}, "gfcc": {"icov": [[8.08610056993e-05, -5.98025253566e-05, 3.02533317154e-05, -9.54072675086e-05, 0.000190812846995, -0.00020876484632, 0.00014393129095, -0.000225857380428, 0.000132621265948, -0.000175322958967, 0.000177545225597, -0.000265116308583, 0.000155071626068], [-5.98025253566e-05, 0.000966429244727, 0.000152572290972, 0.000120820579468, -0.00068447412923, 0.000463494798169, -0.000257664156379, 0.00049271871103, -0.000728578597773, 0.000992749584839, -0.00141671102028, 0.00168928143103, -0.000994329457171], [3.02533317154e-05, 0.000152572290972, 0.00103431334719, -8.29530908959e-05, -0.000472134386655, -0.000294866011245, 2.73011646641e-05, -1.25625465444e-05, -7.48714364818e-06, 0.000109880238597, -0.000149482628331, -0.000345068343449, 0.000108859741886], [-9.54072675086e-05, 0.000120820579468, -8.29530908959e-05, 0.0023593348451, -0.000794211111497, -0.000657865195535, 0.000341572391335, 0.000116297604109, -0.00118631473742, 0.000734099536203, -0.000144236939377, -0.00029515530332, 0.000335071526933], [0.000190812846995, -0.00068447412923, -0.000472134386655, -0.000794211111497, 0.00474841985852, -0.00104476092383, -0.0011778838234, 0.000159150673426, -0.000804833311122, -0.000374653958715, 0.000101426579931, -0.000595783349127, 0.000605151872151], [-0.00020876484632, 0.000463494798169, -0.000294866011245, -0.000657865195535, -0.00104476092383, 0.0058528194204, -0.00241024349816, -0.000848480849527, 0.0020429417491, -0.00154768850189, -0.00111557519995, 0.00222502346151, -0.00194796500728], [0.00014393129095, -0.000257664156379, 2.73011646641e-05, 0.000341572391335, -0.0011778838234, -0.00241024349816, 0.00647299177945, -0.00128285877872, -0.00200876966119, 0.000782772665843, 0.000366197607946, -0.00221364479512, 0.00128828652669], [-0.000225857380428, 0.00049271871103, -1.25625465444e-05, 0.000116297604109, 0.000159150673426, -0.000848480849527, -0.00128285877872, 0.00722513208166, -0.00285021401942, -0.000268251111265, -3.98684642278e-05, 0.000411595479818, -0.00206240778789], [0.000132621265948, -0.000728578597773, -7.48714364818e-06, -0.00118631473742, -0.000804833311122, 0.0020429417491, -0.00200876966119, -0.00285021401942, 0.00952483341098, -0.00434626732022, 0.00121688551735, -0.000348899397068, -4.32506094512e-05], [-0.000175322958967, 0.000992749584839, 0.000109880238597, 0.000734099536203, -0.000374653958715, -0.00154768850189, 0.000782772665843, -0.000268251111265, -0.00434626732022, 0.011845623143, -0.00351639697328, 0.000905960332602, 0.000731651613023], [0.000177545225597, -0.00141671102028, -0.000149482628331, -0.000144236939377, 0.000101426579931, -0.00111557519995, 0.000366197607946, -3.98684642278e-05, 0.00121688551735, -0.00351639697328, 0.012500741519, -0.00493561383337, -0.000123801917653], [-0.000265116308583, 0.00168928143103, -0.000345068343449, -0.00029515530332, -0.000595783349127, 0.00222502346151, -0.00221364479512, 0.000411595479818, -0.000348899397068, 0.000905960332602, -0.00493561383337, 0.0135489637032, -0.00367153203115], [0.000155071626068, -0.000994329457171, 0.000108859741886, 0.000335071526933, 0.000605151872151, -0.00194796500728, 0.00128828652669, -0.00206240778789, -4.32506094512e-05, 0.000731651613023, -0.000123801917653, -0.00367153203115, 0.0108514614403]], "mean": [-35.9258270264, 83.2540359497, -92.8356704712, 25.4269390106, -63.8904724121, 11.3939552307, -49.4945716858, 2.83777117729, -32.432598114, 3.06698799133, -13.3946237564, -2.7356364727, -12.4043111801], "cov": [[21272.7304688, -1348.08325195, -517.835449219, 635.502990723, -896.994384766, 765.154052734, -307.989868164, 703.623718262, -223.773376465, 358.458435059, -141.617965698, 260.708129883, -22.7465553284], [-1348.08325195, 2160.32397461, -197.513687134, -18.1516132355, 326.506378174, -105.555206299, 94.4789352417, -96.0439605713, 150.682510376, -107.787696838, 139.211242676, -159.910842896, 108.483276367], [-517.835449219, -197.513687134, 1184.68920898, 149.932434082, 215.710784912, 144.746307373, 126.792617798, 51.1227912903, 53.4895858765, 33.0580177307, 38.9904899597, 66.8433609009, 2.45034050941], [635.502990723, -18.1516132355, 149.932434082, 575.565673828, 155.308074951, 135.057235718, 86.799697876, 79.5379486084, 101.606086731, 32.6899986267, 18.9779949188, 34.9844703674, 0.628219723701], [-896.994384766, 326.506378174, 215.710784912, 155.308074951, 426.304107666, 101.114700317, 177.41242981, 36.0700950623, 123.55556488, 22.586523056, 51.370262146, 5.76110124588, 17.4524250031], [765.154052734, -105.555206299, 144.746307373, 135.057235718, 101.114700317, 338.467651367, 134.279327393, 111.392189026, 22.4828205109, 65.0496749878, 30.4175796509, 19.4475650787, 36.7512588501], [-307.989868164, 94.4789352417, 126.792617798, 86.799697876, 177.41242981, 134.279327393, 299.769927979, 96.8655319214, 113.599754333, 34.0702400208, 32.6689949036, 36.2323532104, 16.9260177612], [703.623718262, -96.0439605713, 51.1227912903, 79.5379486084, 36.0700950623, 111.392189026, 96.8655319214, 243.124954224, 92.5725021362, 59.7185554504, 9.31233596802, 32.693813324, 38.3786849976], [-223.773376465, 150.682510376, 53.4895858765, 101.606086731, 123.55556488, 22.4828205109, 113.599754333, 92.5725021362, 215.845550537, 62.3726921082, 21.1071872711, 11.1042938232, 15.2369451523], [358.458435059, -107.787696838, 33.0580177307, 32.6899986267, 22.586523056, 65.0496749878, 34.0702400208, 59.7185554504, 62.3726921082, 134.36479187, 27.250295639, 18.3744907379, -0.900504112244], [-141.617965698, 139.211242676, 38.9904899597, 18.9779949188, 51.370262146, 30.4175796509, 32.6689949036, 9.31233596802, 21.1071872711, 27.250295639, 118.391624451, 32.1574745178, 24.7674617767], [260.708129883, -159.910842896, 66.8433609009, 34.9844703674, 5.76110124588, 19.4475650787, 36.2323532104, 32.693813324, 11.1042938232, 18.3744907379, 32.1574745178, 120.845588684, 25.0124797821], [-22.7465553284, 108.483276367, 2.45034050941, 0.628219723701, 17.4524250031, 36.7512588501, 16.9260177612, 38.3786849976, 15.2369451523, -0.900504112244, 24.7674617767, 25.0124797821, 122.15057373]]}, "silence_rate_60dB": {"var": 0.0901419594884, "mean": 0.100171148777, "dmean2": 0.0535696297884, "dvar": 0.0260654985905, "dmean": 0.026782117784, "max": 1, "min": 0, "median": 0, "dvar2": 0.0611712262034}, "spectral_centroid": {"var": 1210869.375, "mean": 1103.04931641, "dmean2": 382.944396973, "dvar": 132460.328125, "dmean": 250.89012146, "max": 11675.4960938, "min": 148.932113647, "median": 882.666015625, "dvar2": 269559.15625}, "spectral_complexity": {"var": 52.6031036377, "mean": 12.256518364, "dmean2": 5.18618488312, "dvar": 21.4171733856, "dmean": 3.26298832893, "max": 55, "min": 0, "median": 11, "dvar2": 50.919670105}, "melbands_spread": {"var": 543.936340332, "mean": 19.2621898651, "dmean2": 10.2851171494, "dvar": 165.965744019, "dmean": 6.74188566208, "max": 302.187103271, "min": 0.336052268744, "median": 12.762049675, "dvar2": 324.791625977}, "spectral_strongpeak": {"var": 1.60095918179, "mean": 0.906354129314, "dmean2": 0.716154336929, "dvar": 1.10776913166, "dmean": 0.430129677057, "max": 40.457572937, "min": 0, "median": 0.497806370258, "dvar2": 2.83262825012}, "zerocrossingrate": {"var": 0.0042047961615, "mean": 0.0665164142847, "dmean2": 0.0175278261304, "dvar": 0.000486101023853, "dmean": 0.0155898984522, "max": 0.521484375, "min": 0.0029296875, "median": 0.04931640625, "dvar2": 0.000539579370525}, "erbbands_kurtosis": {"var": 23.0903530121, "mean": 1.62451672554, "dmean2": 2.36467790604, "dvar": 10.5247135162, "dmean": 1.56475365162, "max": 134.290283203, "min": -1.86046516895, "median": 0.220185756683, "dvar2": 23.2282161713}, "spectral_energyband_middle_low": {"var": 0.000200914422749, "mean": 0.0140606658533, "dmean2": 0.00846325326711, "dvar": 7.58962196414e-05, "dmean": 0.0055619305931, "max": 0.139596879482, "min": 1.44337816719e-22, "median": 0.0097512723878, "dvar2": 0.000173445980181}, "erbbands": {"var": [0.412692278624, 18.4070510864, 67.8764572144, 64.0388031006, 515.880432129, 626.924377441, 3769.34057617, 2502.55541992, 2275.69702148, 3304.42626953, 4151.02294922, 2428.23461914, 1183.47729492, 3790.91845703, 5792.46191406, 5151.53271484, 6880.57080078, 3927.4362793, 1475.82849121, 2023.42211914, 823.380004883, 732.401000977, 557.132263184, 445.166015625, 307.889465332, 208.834442139, 397.976379395, 171.319366455, 121.30594635, 185.896026611, 189.458465576, 247.875946045, 378.97064209, 294.003173828, 31.6474723816, 2.46357727051, 0.434418767691, 0.0560498759151, 0.000547058240045, 1.18142985173e-07], "mean": [0.220797389746, 1.56902217865, 3.15908002853, 5.51983118057, 11.9541816711, 13.6269187927, 28.2429332733, 28.0085544586, 21.6444263458, 24.402797699, 26.3367366791, 15.2566251755, 13.6785593033, 19.7038764954, 24.7698726654, 25.8525600433, 17.4206695557, 19.3316802979, 13.0748605728, 14.2778682709, 10.8730316162, 8.88303661346, 8.13934803009, 8.95445346832, 9.25158786774, 5.87698698044, 6.74648189545, 6.19782209396, 4.6323299408, 5.00484752655, 5.1725268364, 5.64343643188, 5.30740690231, 3.8489279747, 1.77852725983, 0.608476996422, 0.203773289919, 0.063112296164, 0.00580251216888, 0.000123001271277], "dmean2": [0.363557249308, 2.5914452076, 5.64834547043, 6.77836894989, 14.0734710693, 10.9644756317, 16.771780014, 18.3183174133, 16.546667099, 20.0243339539, 20.8162441254, 11.8595523834, 10.2941093445, 15.0151014328, 21.6026210785, 24.9339122772, 14.1801338196, 16.0609130859, 11.9358625412, 13.1314229965, 10.7349700928, 10.4073076248, 10.2149429321, 9.06891918182, 9.02971553802, 8.19119548798, 7.17266702652, 6.87944889069, 5.87960290909, 6.66979598999, 5.92225027084, 5.83021879196, 5.69935560226, 4.07187318802, 2.09991550446, 0.772662937641, 0.307602286339, 0.107373580337, 0.0104572391137, 0.000172354964889], "dvar": [0.529380440712, 28.4095783234, 109.867248535, 73.5471420288, 423.514862061, 246.244567871, 837.790283203, 883.016235352, 1016.63098145, 1621.23950195, 2041.18481445, 1074.09936523, 387.68258667, 1032.12854004, 1198.12634277, 2616.19262695, 2493.24780273, 1567.08911133, 664.667114258, 779.652587891, 351.632843018, 334.556182861, 269.773651123, 190.172134399, 146.236419678, 193.016204834, 202.344406128, 106.742698669, 93.2745285034, 125.898284912, 118.797660828, 108.51108551, 241.447097778, 127.110328674, 18.0888233185, 1.8524954319, 0.400795668364, 0.0574159100652, 0.00059081602376, 1.21034972267e-07], "dmean": [0.211130023003, 1.41494584084, 3.05191683769, 3.84095001221, 8.45935058594, 6.90995311737, 11.4792585373, 12.4345998764, 11.6039228439, 13.7007074356, 14.1043615341, 8.09675312042, 7.02714252472, 10.1716032028, 14.0788249969, 16.6152877808, 9.37829589844, 10.7187194824, 8.05898475647, 8.49733543396, 6.83237504959, 6.46750974655, 6.18228387833, 5.75493907928, 5.68882083893, 4.81185102463, 4.67603826523, 4.38193464279, 3.65126729012, 4.17291975021, 3.88750696182, 3.86544203758, 3.77047467232, 2.76114010811, 1.40725314617, 0.508438408375, 0.196944981813, 0.0681642070413, 0.00658440263942, 0.000109891618195], "max": [6.4620642662, 48.0860404968, 97.1300125122, 106.811477661, 327.339233398, 498.071746826, 773.526794434, 962.103515625, 1093.63928223, 1688.74853516, 1679.42993164, 1172.16040039, 662.328308105, 1209.8503418, 1547.4786377, 1536.796875, 3113.91308594, 1454.97546387, 943.84967041, 1347.51220703, 460.256011963, 1075.5604248, 732.063415527, 491.012634277, 240.654800415, 388.496826172, 873.881408691, 196.370910645, 297.491577148, 319.000518799, 285.407470703, 444.078643799, 842.709289551, 742.101745605, 148.979736328, 28.8888816833, 20.6944351196, 3.99148464203, 0.424042016268, 0.00580507982522], "min": [9.68990287843e-23, 4.35576427685e-22, 1.90918233113e-21, 7.94348489259e-21, 1.11458475872e-20, 3.40599598219e-20, 4.99268834019e-20, 3.46009359425e-20, 9.00720652548e-20, 1.35765502905e-19, 2.32779946407e-19, 2.96885022163e-19, 4.16483111975e-19, 9.05467053677e-19, 8.47880393792e-19, 9.4858322272e-19, 1.62901610094e-18, 2.55314507302e-18, 3.04604400887e-18, 2.12989805348e-18, 4.43759196219e-18, 4.76043931449e-18, 6.61816206602e-18, 7.55491267687e-18, 6.72210061871e-18, 9.3933968617e-18, 7.38547382737e-18, 1.05164343368e-17, 9.96328211754e-18, 1.18366021867e-17, 1.31419039466e-17, 1.11688101792e-17, 9.5411999751e-18, 7.77115092388e-18, 5.28454715446e-18, 3.49269569025e-18, 2.37676659178e-18, 8.2809676678e-19, 2.61667600789e-19, 2.66181115032e-20], "median": [0.00462987180799, 0.111579105258, 0.972535789013, 3.08579802513, 3.95635104179, 4.75757789612, 7.22631597519, 10.723567009, 6.65406847, 8.20528793335, 6.99125766754, 3.29679465294, 3.4674012661, 3.1692135334, 5.9049487114, 6.3704161644, 3.70963978767, 4.39343643188, 3.56490135193, 3.42448472977, 3.55731987953, 2.32445406914, 2.21633052826, 2.24788117409, 3.31826782227, 1.97829914093, 1.57875704765, 1.81137764454, 1.06626582146, 0.739984929562, 0.862617254257, 0.839794397354, 0.765300393105, 0.458709985018, 0.199951067567, 0.0734712332487, 0.0123956985772, 0.00114428100642, 5.91408715991e-05, 3.36417324434e-05], "dvar2": [1.44211041927, 82.0261764526, 318.011138916, 208.972991943, 1068.87695312, 582.722167969, 1557.88476562, 1959.8338623, 1950.57458496, 3503.02734375, 4383.10986328, 2238.38720703, 860.1171875, 2076.95483398, 2490.4387207, 5259.60058594, 5904.12402344, 3483.27490234, 1393.76159668, 1666.77209473, 760.297973633, 662.240234375, 633.24822998, 429.10848999, 368.66305542, 522.432861328, 447.529815674, 251.107391357, 228.95010376, 301.012786865, 269.965911865, 231.518173218, 550.124633789, 227.546844482, 36.4976348877, 4.23957014084, 0.949294149876, 0.136389642954, 0.00141514197458, 2.86786104198e-07]}, "barkbands_crest": {"var": 16.1692180634, "mean": 10.8654060364, "dmean2": 4.04509019852, "dvar": 6.1092877388, "dmean": 2.47406077385, "max": 25.900554657, "min": 2.71710300446, "median": 10.1959409714, "dvar2": 16.0634803772}, "melbands_crest": {"var": 27.8648090363, "mean": 15.0761127472, "dmean2": 4.87481927872, "dvar": 9.07660388947, "dmean": 3.02935671806, "max": 34.7914505005, "min": 1.75095319748, "median": 14.4520635605, "dvar2": 23.0353565216}, "spectral_flux": {"var": 0.00546069722623, "mean": 0.0777943581343, "dmean2": 0.0550081208348, "dvar": 0.00334504269995, "dmean": 0.0359233394265, "max": 0.490900248289, "min": 6.47036382806e-11, "median": 0.0572094209492, "dvar2": 0.00666623190045}, "spectral_contrast_valleys": {"var": [5.01598167419, 4.21415758133, 4.16461515427, 3.95497894287, 4.33659791946, 4.57341003418], "mean": [-7.9796872139, -7.5304274559, -8.40924167633, -8.83746051788, -8.67912387848, -10.468998909], "dmean2": [0.740694582462, 0.646120786667, 0.73670899868, 0.640645861626, 0.593755185604, 0.578287422657], "dvar": [0.26749932766, 0.167223677039, 0.269646435976, 0.218045651913, 0.259625017643, 0.300185620785], "dmean": [0.482905775309, 0.415927618742, 0.472795724869, 0.430819660425, 0.428632289171, 0.462296485901], "max": [-4.74480438232, -4.77632713318, -5.15105962753, -5.7748966217, -5.5692486763, -6.93575668335], "min": [-28.1398983002, -28.0022907257, -27.9544467926, -27.8119716644, -27.5534229279, -27.4154148102], "median": [-7.73077487946, -7.26631164551, -8.13142299652, -8.55575084686, -8.35820293427, -10.0729560852], "dvar2": [0.507397115231, 0.365112632513, 0.599925041199, 0.460031151772, 0.513090848923, 0.509521782398]}, "mfcc": {"icov": [[0.000104036866105, 5.80606174481e-05, -1.3492830476e-05, 1.9992756279e-05, 1.44996465679e-05, 0.000102190097095, -9.73374408204e-05, -3.94749695261e-05, -5.93723416387e-05, -0.000130719432491, 8.88096565177e-06, -7.18017327017e-05, 1.62163214554e-05], [5.80606174481e-05, 0.000630063528661, 0.000146558129927, -8.0258178059e-05, -0.000319147744449, 0.000154174005729, -0.000192600200535, 0.000111972120067, 1.65731325978e-05, -6.96164279361e-05, -0.00015407668252, 0.000169406615896, -0.000162951648235], [-1.3492830476e-05, 0.000146558129927, 0.00155708764214, -0.000164682147442, -0.000540246721357, -0.000275046331808, -0.000495983113069, -3.12176525767e-05, 0.000164888988365, 8.71546799317e-05, 0.000404751946917, -0.000505000178237, 2.96153939416e-06], [1.9992756279e-05, -8.0258178059e-05, -0.000164682147442, 0.00349910696968, -0.00133512925822, -0.00102855090518, 0.0015100648161, -0.00166504399385, 0.000267722178251, 0.000405966071412, -0.000630886759609, -0.000721664982848, 1.84124965017e-05], [1.44996465679e-05, -0.000319147744449, -0.000540246721357, -0.00133512925822, 0.00527707021683, -0.000759995484259, -0.00123057654127, 0.000875170808285, -0.000626824563369, -0.000648891087621, 0.000774946413003, -0.00131134409457, 0.000762758776546], [0.000102190097095, 0.000154174005729, -0.000275046331808, -0.00102855090518, -0.000759995484259, 0.00577058829367, -0.00204997183755, 0.000161495991051, -0.000452168111224, 0.000381954567274, -0.00187742768321, 0.00107913359534, -0.00127637386322], [-9.73374408204e-05, -0.000192600200535, -0.000495983113069, 0.0015100648161, -0.00123057654127, -0.00204997183755, 0.00716221099719, -0.0028430072125, 0.000784176227171, -0.00106766307727, 0.00037859522854, 0.000741544819903, -0.000656564370729], [-3.94749695261e-05, 0.000111972120067, -3.12176525767e-05, -0.00166504399385, 0.000875170808285, 0.000161495991051, -0.0028430072125, 0.00882261246443, -0.00403719488531, 0.000935242278501, -0.000435746100266, -0.00124884175602, -0.000530717661604], [-5.93723416387e-05, 1.65731325978e-05, 0.000164888988365, 0.000267722178251, -0.000626824563369, -0.000452168111224, 0.000784176227171, -0.00403719488531, 0.00947770196944, -0.00473960023373, 0.000583779183216, 0.000292304845061, -0.00038082638639], [-0.000130719432491, -6.96164279361e-05, 8.71546799317e-05, 0.000405966071412, -0.000648891087621, 0.000381954567274, -0.00106766307727, 0.000935242278501, -0.00473960023373, 0.0106775825843, -0.00436528632417, 0.000836213352159, 0.000313603144605], [8.88096565177e-06, -0.00015407668252, 0.000404751946917, -0.000630886759609, 0.000774946413003, -0.00187742768321, 0.00037859522854, -0.000435746100266, 0.000583779183216, -0.00436528632417, 0.0120611712337, -0.00457972893491, 1.39615249282e-05], [-7.18017327017e-05, 0.000169406615896, -0.000505000178237, -0.000721664982848, -0.00131134409457, 0.00107913359534, 0.000741544819903, -0.00124884175602, 0.000292304845061, 0.000836213352159, -0.00457972893491, 0.0124989617616, -0.00333255669102], [1.62163214554e-05, -0.000162951648235, 2.96153939416e-06, 1.84124965017e-05, 0.000762758776546, -0.00127637386322, -0.000656564370729, -0.000530717661604, -0.00038082638639, 0.000313603144605, 1.39615249282e-05, -0.00333255669102, 0.0102100074291]], "mean": [-682.888427734, 116.240852356, 23.8270778656, 16.32072258, 7.26722717285, 0.657865405083, -0.285992383957, -8.59825134277, -9.49619579315, -5.0658621788, -5.87083673477, -0.742559254169, -0.235132023692], "cov": [[11229.7675781, -1036.42907715, 199.100814819, -117.677719116, -23.3442726135, -97.6059951782, 224.335601807, 238.941604614, 286.372436523, 290.16973877, 85.0732269287, 106.352661133, 18.5316123962], [-1036.42907715, 1810.92126465, -124.698150635, 73.7737579346, 125.558609009, 21.910943985, 36.452381134, -15.8601474762, 0.0835431143641, 21.6061649323, 30.215927124, -8.27253723145, 21.92827034], [199.100814819, -124.698150635, 787.364807129, 116.650474548, 144.828735352, 113.600669861, 107.631607056, 64.6251831055, 21.1215839386, 8.2516784668, 8.86832523346, 57.0586433411, 30.0633964539], [-117.677719116, 73.7737579346, 116.650474548, 456.137176514, 144.974609375, 123.110122681, 4.03238296509, 106.627639771, 49.0551948547, 18.7134304047, 68.0656661987, 76.8015975952, 37.0993499756], [-23.3442726135, 125.558609009, 144.828735352, 144.974609375, 288.017700195, 98.6804885864, 74.5680160522, 46.3972053528, 48.1987800598, 40.9812583923, 30.3208732605, 45.5725135803, 15.1362419128], [-97.6059951782, 21.910943985, 113.600669861, 123.110122681, 98.6804885864, 276.13659668, 103.466949463, 71.1348724365, 51.4544487, 37.7718315125, 61.4430885315, 29.9562358856, 48.2019500732], [224.335601807, 36.452381134, 107.631607056, 4.03238296509, 74.5680160522, 103.466949463, 230.471633911, 90.3951721191, 52.7115097046, 49.3064155579, 24.1980381012, 12.3650684357, 31.5248241425], [238.941604614, -15.8601474762, 64.6251831055, 106.627639771, 46.3972053528, 71.1348724365, 90.3951721191, 215.032501221, 111.61554718, 52.8821411133, 47.5884284973, 46.9932823181, 39.3856964111], [286.372436523, 0.0835431143641, 21.1215839386, 49.0551948547, 48.1987800598, 51.4544487, 52.7115097046, 111.61554718, 204.249298096, 105.145957947, 46.8712348938, 25.7886943817, 24.2171363831], [290.16973877, 21.6061649323, 8.2516784668, 18.7134304047, 40.9812583923, 37.7718315125, 49.3064155579, 52.8821411133, 105.145957947, 170.910003662, 69.1198806763, 21.0509338379, 12.8765439987], [85.0732269287, 30.215927124, 8.86832523346, 68.0656661987, 30.3208732605, 61.4430885315, 24.1980381012, 47.5884284973, 46.8712348938, 69.1198806763, 140.077896118, 58.7036972046, 28.2621097565], [106.352661133, -8.27253723145, 57.0586433411, 76.8015975952, 45.5725135803, 29.9562358856, 12.3650684357, 46.9932823181, 25.7886943817, 21.0509338379, 58.7036972046, 124.888023376, 44.1207885742], [18.5316123962, 21.92827034, 30.0633964539, 37.0993499756, 15.1362419128, 48.2019500732, 31.5248241425, 39.3856964111, 24.2171363831, 12.8765439987, 28.2621097565, 44.1207885742, 122.027786255]]}, "erbbands_flatness_db": {"var": 0.00303906924091, "mean": 0.156591847539, "dmean2": 0.0292311813682, "dvar": 0.000535103841685, "dmean": 0.0215255953372, "max": 0.421462714672, "min": 0.0368566699326, "median": 0.151808530092, "dvar2": 0.000947575434111}, "barkbands": {"var": [3.76677303393e-06, 0.000393163005356, 4.38069400843e-05, 1.33431758513e-05, 5.35914696229e-05, 3.58183242497e-05, 9.15093642107e-06, 7.28030045138e-06, 4.46540252597e-06, 2.39403311753e-06, 4.92898243465e-06, 3.23753670273e-06, 3.99233886128e-06, 1.11084659693e-06, 8.6298041424e-07, 2.73172844345e-07, 2.64230550329e-07, 1.92012862499e-07, 1.87658784512e-07, 9.83109842423e-08, 1.61236556551e-07, 1.23663028262e-07, 2.14289116229e-07, 8.2508131527e-07, 1.28585043058e-06, 1.27236233993e-07, 2.01595113936e-08], "mean": [0.000590115669183, 0.00727578019723, 0.00264548556879, 0.00241704331711, 0.00471775000915, 0.00358054740354, 0.00142570398748, 0.0011847440619, 0.000671360117849, 0.000408377294661, 0.000549363612663, 0.000700937700458, 0.000393684807932, 0.000314858567435, 0.000295846810332, 0.000181114039151, 0.00016022627824, 0.000142237593536, 0.000207302116905, 0.000116378476378, 0.000172375395778, 0.000139462790685, 0.000173324224306, 0.00029556278605, 0.000302738684695, 0.000122227007523, 3.5070526792e-05], "dmean2": [0.000894031021744, 0.0115558728576, 0.00458808522671, 0.00281810760498, 0.00399163970724, 0.00228740391321, 0.00118737178855, 0.000948097440414, 0.000532421865501, 0.000334536714945, 0.000467117322842, 0.000694981368724, 0.000339545571478, 0.000305560039124, 0.000272980250884, 0.000189551399671, 0.000192873907508, 0.000175118897459, 0.000207876088098, 0.000164916229551, 0.000176866567926, 0.000176089437446, 0.000205519070732, 0.000305546360323, 0.000333649484674, 0.000172725340235, 6.3775194576e-05], "dvar": [3.53108544004e-06, 0.000550515833311, 6.75789851812e-05, 1.05904164229e-05, 2.59456046479e-05, 1.13671085273e-05, 4.27309851148e-06, 3.64457650903e-06, 1.57465512984e-06, 6.9915529366e-07, 8.00551447355e-07, 1.60897286605e-06, 1.30834519041e-06, 5.61319382086e-07, 3.726276816e-07, 1.14436211618e-07, 1.2018092832e-07, 8.57519282249e-08, 8.16489418298e-08, 8.19495795668e-08, 8.00140966817e-08, 8.62043023631e-08, 1.33857327e-07, 4.49815246384e-07, 5.88491104736e-07, 1.10193312253e-07, 2.20061799894e-08], "dmean": [0.000583454268053, 0.00652933074161, 0.0024878019467, 0.0016429296229, 0.00250831549056, 0.00156487629283, 0.000823070586193, 0.000644485407975, 0.000358574528946, 0.000226915144594, 0.000301503401715, 0.000459002534626, 0.000222799833864, 0.000204396332265, 0.000181320225238, 0.000119707619888, 0.000119884469314, 0.000106947860331, 0.000130718675791, 9.71967383521e-05, 0.000115403927339, 0.000110507440695, 0.000133600289701, 0.000202437397093, 0.00022680805705, 0.000111718407425, 4.00557182729e-05], "max": [0.0191097203642, 0.214707553387, 0.0891534462571, 0.0562060922384, 0.0848491489887, 0.0919016748667, 0.0742266625166, 0.0595314837992, 0.0397342890501, 0.0334292203188, 0.0436089336872, 0.0304117463529, 0.0664342269301, 0.024757809937, 0.0199613049626, 0.0157714840025, 0.0157595127821, 0.0125071844086, 0.00698803178966, 0.0120540373027, 0.00983862299472, 0.00818988122046, 0.00974017567933, 0.0293381512165, 0.0437537841499, 0.00853658188134, 0.00290745706297], "min": [5.01437758074e-25, 2.1722046276e-24, 8.58944688547e-25, 1.90051422653e-24, 1.20932708092e-23, 3.03564996483e-24, 8.09443785074e-24, 6.05063650711e-24, 1.29044462228e-23, 1.30236052403e-23, 1.41023322963e-23, 2.1355084749e-23, 3.13423493767e-23, 3.55440844598e-23, 5.43613516119e-23, 6.68324852169e-23, 8.38991438026e-23, 1.10360593033e-22, 1.16356667976e-22, 1.74492927278e-22, 2.29073973497e-22, 3.10769570045e-22, 4.14672598195e-22, 6.2932495741e-22, 6.6138249755e-22, 1.36413917186e-21, 1.98722872024e-21], "median": [1.19659289339e-05, 0.000294373341603, 0.000819233711809, 0.00105431186967, 0.00196928624064, 0.00127855548635, 0.000397872616304, 0.000341751903761, 0.000104359205579, 5.47449526493e-05, 5.62967179576e-05, 0.000165824909345, 6.66532941977e-05, 7.04722697265e-05, 6.83533435222e-05, 5.38198364666e-05, 3.80824276363e-05, 3.73378970835e-05, 6.42404411337e-05, 3.81309109798e-05, 4.70612976642e-05, 2.67834802798e-05, 2.91178130283e-05, 4.53791108157e-05, 3.63042745448e-05, 1.04369437395e-05, 1.05440989273e-07], "dvar2": [8.44115493237e-06, 0.00154468487017, 0.000195550455828, 2.95115369227e-05, 6.25731045147e-05, 2.39818436967e-05, 8.8491169663e-06, 7.6199016803e-06, 3.27693419422e-06, 1.32072580072e-06, 1.597405344e-06, 3.17978151543e-06, 3.07607592731e-06, 1.20562378925e-06, 7.76230649535e-07, 2.39984473183e-07, 2.49166646427e-07, 1.94202499415e-07, 1.97347219455e-07, 2.14159086909e-07, 1.75009304826e-07, 2.08258327916e-07, 3.03447251326e-07, 1.0094524896e-06, 1.05562764929e-06, 2.55886902778e-07, 5.3110365883e-08]}, "spectral_energyband_low": {"var": 0.000730835890863, "mean": 0.0113722719252, "dmean2": 0.0162946041673, "dvar": 0.000975022732746, "dmean": 0.00933476071805, "max": 0.258624106646, "min": 1.01549953889e-23, "median": 0.00298402179033, "dvar2": 0.00268863933161}, "erbbands_spread": {"var": 639.431030273, "mean": 43.9244232178, "dmean2": 16.1810474396, "dvar": 189.000411987, "dmean": 11.1703042984, "max": 158.06602478, "min": 1.37895095348, "median": 38.0655403137, "dvar2": 374.519622803}, "average_loudness": 0.894519865513, "spectral_energyband_middle_high": {"var": 3.52071911038e-05, "mean": 0.00337688880973, "dmean2": 0.00213472149335, "dvar": 8.35116316011e-06, "dmean": 0.001450834563, "max": 0.0957907214761, "min": 1.1769412926e-21, "median": 0.00139755499549, "dvar2": 1.69912418642e-05}, "barkbands_flatness_db": {"var": 0.00498934695497, "mean": 0.164294198155, "dmean2": 0.0389429405332, "dvar": 0.000824341666885, "dmean": 0.0266362503171, "max": 0.565008819103, "min": 0.0294218286872, "median": 0.152857676148, "dvar2": 0.00169194245245}, "spectral_entropy": {"var": 0.59171128273, "mean": 7.22024345398, "dmean2": 0.376988083124, "dvar": 0.103320255876, "dmean": 0.273407250643, "max": 9.82371139526, "min": 3.83802437782, "median": 7.24352025986, "dvar2": 0.18774881959}, "melbands_skewness": {"var": 3.60032653809, "mean": 3.27595543861, "dmean2": 1.36703443527, "dvar": 1.20410645008, "dmean": 0.890946805477, "max": 20.0965042114, "min": -2.85632920265, "median": 2.98466277122, "dvar2": 2.77688717842}, "spectral_contrast_coeffs": {"var": [0.0124673396349, 0.00783002190292, 0.00691302958876, 0.00480453530326, 0.00393011886626, 0.00287527986802], "mean": [-0.579666435719, -0.650101482868, -0.717272400856, -0.745523989201, -0.765129446983, -0.784967780113], "dmean2": [0.0809738337994, 0.0759465321898, 0.0666484758258, 0.0552964024246, 0.0409791842103, 0.0325146913528], "dvar": [0.00211237580515, 0.00189800560474, 0.0014958580723, 0.000951592519414, 0.000557633698918, 0.000408175430493], "dmean": [0.0502637401223, 0.0484820827842, 0.0436061434448, 0.036033898592, 0.0267402846366, 0.0208253581077], "max": [-0.208549976349, -0.336626946926, -0.438848286867, -0.484748452902, -0.515803933144, -0.569446444511], "min": [-0.981331586838, -0.980458319187, -0.975130200386, -0.972430229187, -0.966596484184, -0.963954150677], "median": [-0.578380525112, -0.649255931377, -0.721968352795, -0.749774754047, -0.772603154182, -0.790570020676], "dvar2": [0.00480429828167, 0.00444775819778, 0.00334643898532, 0.00210049375892, 0.00117901270278, 0.000966171675827]}, "pitch_salience": {"var": 0.0131286298856, "mean": 0.501062512398, "dmean2": 0.107481651008, "dvar": 0.00425384845585, "dmean": 0.066725730896, "max": 0.90824085474, "min": 0.101967342198, "median": 0.499154210091, "dvar2": 0.0103771826252}, "spectral_rolloff": {"var": 7156529, "mean": 1582.16308594, "dmean2": 1153.34277344, "dvar": 2683529, "dmean": 676.624633789, "max": 19832.0800781, "min": 64.599609375, "median": 602.9296875, "dvar2": 5713503}, "melbands_kurtosis": {"var": 954.074523926, "mean": 22.6911811829, "dmean2": 18.1934967041, "dvar": 459.560272217, "dmean": 11.4717645645, "max": 818.020751953, "min": -1.9530030489, "median": 14.0657405853, "dvar2": 1025.76904297}, "silence_rate_30dB": {"var": 0.0373457670212, "mean": 0.96113961935, "dmean2": 0.10391702503, "dvar": 0.0492488890886, "dmean": 0.0519532822073, "max": 1, "min": 0, "median": 1, "dvar2": 0.119694642723}, "spectral_decrease": {"var": 7.40590088716e-17, "mean": -7.21802484449e-09, "dmean2": 6.06851235929e-09, "dvar": 7.50102136365e-17, "dmean": 3.69804542544e-09, "max": 1.03333288107e-11, "min": -7.35724086098e-08, "median": 