{"metadata": {"audio_properties": {"downmix": "mix", "bit_rate": 256638, "lossless": false, "md5_encoded": "50f010cc42a8c1251dc72ac7dbc37d8a", "analysis_sample_rate": 44100, "sample_rate": 44100, "replay_gain": -11.9437866211, "equal_loudness": 0, "codec": "mp3", "length": 245.786117554}, "tags": {"musicbrainz_albumid": ["d9450f1f-d744-4d77-8cc1-160e2e614056"], "musicbrainz_recordingid": ["6a95cde3-bbf3-4f1c-b048-916a13a99ef9"], "tracknumber": ["8/16"], "artist": ["Joe"], "acoustid_id": ["7241dcc2-681a-442e-a58d-46398e6439db"], "composer": ["J. Karen Thomas/J.P. Thompson"], "album": ["My Name Is Joe"], "musicbrainz album type": ["album"], "originaldate": ["2000"], "albumartist": ["Joe"], "media": ["CD"], "musicbrainz_albumartistid": ["d6864f27-532d-4912-af81-d710d58b1f01"], "file_name": "08-Joe-My Name Is Joe-5 6 3 (Joe).MP3", "musicbrainz album release country": ["US"], "catalognumber": ["9220412 7"], "musicbrainz_artistid": ["d6864f27-532d-4912-af81-d710d58b1f01"], "albumartistsort": ["Joe"], "script": ["Latn"], "label": ["Jive"], "musicbrainz album status": ["official"], "date": ["2000"], "title": ["5 6 3 (Joe)"], "discnumber": ["1/1"], "artistsort": ["Joe"], "musicbrainz_releasegroupid": ["e5330083-c79f-47bc-9f32-32ed9c94c94e"], "originalyear": ["2000"], "genre": ["Other/misc"]}, "version": {"essentia_build_sha": "2d9f1f26377add8aeb1075a9c2973f962c4f09fd", "essentia_git_sha": "v2.1_beta2-1-ge3940c0", "extractor": "music 1.0", "essentia": "2.1-beta2"}}, "tonal": {"chords_scale": "minor", "hpcp": {"dmean": [0.171574473381, 0.167249396443, 0.139691799879, 0.104263149202, 0.0940050408244, 0.113838836551, 0.151145741343, 0.169175848365, 0.148661479354, 0.106175638735, 0.0946450456977, 0.124315999448, 0.170106187463, 0.190126135945, 0.159746930003, 0.135155066848, 0.124922886491, 0.109999231994, 0.0814069956541, 0.0650651603937, 0.0677639842033, 0.0865427851677, 0.0887744426727, 0.131206020713, 0.179380774498, 0.110499441624, 0.065392807126, 0.123957306147, 0.142110556364, 0.112816929817, 0.0863647386432, 0.0908724144101, 0.0974672138691, 0.112144365907, 0.128015786409, 0.150732427835], "dvar2": [0.180333003402, 0.183085218072, 0.161856129766, 0.121418140829, 0.120145872235, 0.130447328091, 0.131383284926, 0.155832082033, 0.1429079175, 0.112450040877, 0.0981790944934, 0.116994462907, 0.130255937576, 0.155408397317, 0.1283287853, 0.116292886436, 0.108807019889, 0.105901911855, 0.0844120681286, 0.0642549172044, 0.0627490654588, 0.0751544237137, 0.0730806365609, 0.0973119065166, 0.235522076488, 0.0826905593276, 0.0484571233392, 0.100158505142, 0.121118947864, 0.0947354584932, 0.0913120657206, 0.121698796749, 0.117070414126, 0.104537308216, 0.125269502401, 0.15472522378], "mean": [0.161720991135, 0.167482078075, 0.114754267037, 0.0767225548625, 0.0680519044399, 0.0857734233141, 0.16795219481, 0.216789409518, 0.145719379187, 0.0794062912464, 0.0689651966095, 0.113779790699, 0.241763785481, 0.268551170826, 0.161935001612, 0.143605306745, 0.154591023922, 0.10088300705, 0.0632368251681, 0.0527386181056, 0.0547835305333, 0.0934912338853, 0.103341370821, 0.115454353392, 0.145193174481, 0.089596554637, 0.0578264184296, 0.149986371398, 0.189492970705, 0.113495759666, 0.0615101195872, 0.0590112432837, 0.0705732479692, 0.123010106385, 0.154159337282, 0.135793104768], "var": [0.0724995359778, 0.0792828053236, 0.0518694445491, 0.0332142412663, 0.0304198227823, 0.03441375494, 0.0659966468811, 0.10298062861, 0.0579560920596, 0.0330367162824, 0.0270077306777, 0.0450011901557, 0.10718113184, 0.114474870265, 0.052714895457, 0.0636908859015, 0.081492125988, 0.0406883955002, 0.0236198287457, 0.0176169015467, 0.0181277506053, 0.0395960696042, 0.0454553104937, 0.0340511724353, 0.0744394734502, 0.0255309138447, 0.0162566248327, 0.0637370049953, 0.0910140201449, 0.0420295111835, 0.023357834667, 0.0270319133997, 0.0292835813016, 0.0500110685825, 0.0693021267653, 0.0502968877554], "dmean2": [0.305895596743, 0.2976385355, 0.253803521395, 0.191021189094, 0.17501424253, 0.209641292691, 0.263030052185, 0.293653219938, 0.261019825935, 0.192618384957, 0.171388790011, 0.218937650323, 0.285895079374, 0.328014910221, 0.278248131275, 0.232866376638, 0.214050516486, 0.194561257958, 0.147921234369, 0.118487462401, 0.122369758785, 0.148949339986, 0.151837393641, 0.233856424689, 0.325561821461, 0.198918253183, 0.116049446166, 0.211808919907, 0.241856768727, 0.198607057333, 0.158909901977, 0.170268774033, 0.17970892787, 0.195566162467, 0.227444857359, 0.272696256638], "dvar": [0.0681192278862, 0.0699704140425, 0.0594812445343, 0.0433315113187, 0.0425485782325, 0.0464786551893, 0.0509655252099, 0.0650021508336, 0.0535271801054, 0.0415067411959, 0.0360880084336, 0.0444634296, 0.0583387985826, 0.0656188577414, 0.0482754893601, 0.0473362505436, 0.0493352077901, 0.0405386313796, 0.0309448819607, 0.0232638251036, 0.0229995343834, 0.0297037102282, 0.0305551178753, 0.0371086969972, 0.0908321291208, 0.0312150772661, 0.0179221369326, 0.0421337001026, 0.0534114353359, 0.0362825021148, 0.0325785279274, 0.042854372412, 0.0421422235668, 0.040107537061, 0.0485618598759, 0.0558662638068], "min": [0, 0, 0, 0, 0, 0, 0, 0, 0, 0, 0, 0, 0, 0, 0, 0, 0, 0, 0, 0, 0, 0, 0, 0, 0, 0, 0, 0, 0, 0, 0, 0, 0, 0, 0, 0], "median": [0.0289330426604, 0.0228700879961, 0.0128047503531, 0.00704863900319, 0.00653626397252, 0.0121499281377, 0.0345007181168, 0.0444827526808, 0.0267072245479, 0.00785031728446, 0.00704817892984, 0.0173025298864, 0.0661533474922, 0.0887604951859, 0.0594364479184, 0.020512316376, 0.0139465145767, 0.0102091021836, 0.00768544990569, 0.00623927637935, 0.00544759165496, 0.0104868300259, 0.0142775308341, 0.0319958850741, 0.018503356725, 0.0157766230404, 0.0103979371488, 0.0322606042027, 0.040960021317, 0.0203723870218, 0.00555529538542, 0.00367418816313, 0.0071309171617, 0.0257072299719, 0.0355385430157, 0.0332005657256], "max": [1, 1, 1, 1, 1, 1, 1, 1, 1, 1, 1, 1, 1, 1, 1, 1, 1, 1, 1, 1, 1, 1, 1, 1, 1, 1, 1, 1, 1, 1, 1, 1, 1, 1, 1, 1]}, "tuning_equal_tempered_deviation": 0.228669837117, "chords_key": "F#", "chords_strength": {"dmean": 0.012047692202, "dvar2": 0.000124900368974, "mean": 0.491339981556, "var": 0.00798967294395, "dmean2": 0.0133792981505, "dvar": 9.3434122391e-05, "min": 0.256926298141, "median": 0.486193478107, "max": 0.77431255579}, "tuning_diatonic_strength": 0.592167198658, "thpcp": [1, 0.602994978428, 0.534740924835, 0.5756483078, 0.375656545162, 0.235474020243, 0.196382001042, 0.203996613622, 0.348131924868, 0.384810715914, 0.42991566658, 0.540653645992, 0.333629369736, 0.215327367187, 0.558502018452, 0.705612182617, 0.422622472048, 0.229044318199, 0.219739288092, 0.262792557478, 0.458050906658, 0.574040830135, 0.505650758743, 0.602198064327, 0.623650550842, 0.427308768034, 0.285690635443, 0.253403872252, 0.319393217564, 0.625401079655, 0.807255506516, 0.542613089085, 0.295684039593, 0.256804674864, 0.423680126667, 0.900252223015], "chords_histogram": [37.8352851868, 6.80015134811, 15.8103513718, 5.10011339188, 0.472232729197, 2.30449557304, 0, 5.89346408844, 0.377786159515, 1.47336602211, 0, 0.264450311661, 0, 0, 0.434454113245, 0.13222515583, 2.53116726875, 0, 0, 0, 0.0188893079758, 0.0755572319031, 16.3014736176, 4.17453718185], "tuning_nontempered_energy_ratio": 0.934191942215, "tuning_frequency": 434.193115234, "key_strength": 0.743320226669, "chords_changes_rate": 0.0742349848151, "key_scale": "minor", "hpcp_entropy": {"dmean": 0.686976134777, "dvar2": 0.83325535059, "mean": 2.04324507713, "var": 0.687987148762, "dmean2": 1.15614855289, "dvar": 0.321531713009, "min": 0, "median": 2.0519824028, "max": 4.46742677689}, "key_key": "F#", "chords_number_rate": 0.00188893091399}, "lowlevel": {"melbands_skewness": {"dmean": 1.86847305298, "dvar2": 10.526925087, "mean": 5.32661104202, "var": 19.3241615295, "dmean2": 2.6799621582, "dvar": 5.54254865646, "min": -4.43595170975, "median": 4.20013332367, "max": 31.4921474457}, "melbands_kurtosis": {"dmean": 47.710521698, "dvar2": 21822.53125, "mean": 74.0656738281, "var": 19759.0410156, "dmean2": 72.7210617065, "dvar": 9845.19140625, "min": -1.93747413158, "median": 22.5824871063, "max": 1691.65466309}, "barkbands_kurtosis": {"dmean": 12.6607532501, "dvar2": 1946.95129395, "mean": 16.2254734039, "var": 1271.06408691, "dmean2": 20.2043247223, "dvar": 793.000671387, "min": -1.96698725224, "median": 3.43703246117, "max": 679.597229004}, "hfc": {"dmean": 24.59441185, "dvar2": 4314.34326172, "mean": 33.8727378845, "var": 3022.18920898, "dmean2": 36.3851547241, "dvar": 1924.55639648, "min": 1.08870494669e-16, "median": 13.6240367889, "max": 1090.01708984}, "silence_rate_20dB": {"dmean": 0.00906858127564, "dvar2": 0.0268831644207, "mean": 0.995466113091, "var": 0.00451297638938, "dmean2": 0.0181388761848, "dvar": 0.00898741744459, "min": 0, "median": 1, "max": 1}, "erbbands_flatness_db": {"dmean": 0.0222140029073, "dvar2": 0.000929164467379, "mean": 0.115901596844, "var": 0.00180613342673, "dmean2": 0.0319892056286, "dvar": 0.000478985049995, "min": 0.0331853106618, "median": 0.107992105186, "max": 0.393162578344}, "spectral_flux": {"dmean": 0.048170696944, "dvar2": 0.0106791481376, "mean": 0.0997389033437, "var": 0.0131077235565, "dmean2": 0.0717206001282, "dvar": 0.00629362976179, "min": 6.47158993061e-11, "median": 0.0645112171769, "max": 0.678762555122}, "spectral_energyband_low": {"dmean": 0.0215737186372, "dvar2": 0.00855854991823, "mean": 0.0251180678606, "var": 0.00413032155484, "dmean2": 0.034463878721, "dvar": 0.0035826456733, "min": 2.32430403099e-23, "median": 0.00112456851639, "max": 0.480932801962}, "spectral_rolloff": {"dmean": 2038.74609375, "dvar2": 21210616, "mean": 3857.32006836, "var": 23308992, "dmean2": 3302.42797852, "dvar": 11158873, "min": 43.06640625, "median": 1076.66015625, "max": 19444.4824219}, "spectral_entropy": {"dmean": 0.288125276566, "dvar2": 0.182520374656, "mean": 7.83025169373, "var": 0.286624550819, "dmean2": 0.411255806684, "dvar": 0.0862446427345, "min": 4.80277872086, "median": 7.89041566849, "max": 9.8226852417}, "spectral_energy": {"dmean": 0.0250247363001, "dvar2": 0.0083645991981, "mean": 0.0363046228886, "var": 0.0046479459852, "dmean2": 0.038935944438, "dvar": 0.00364266475663, "min": 1.01018866853e-20, "median": 0.0152113232762, "max": 0.489282131195}, "spectral_centroid": {"dmean": 483.458435059, "dvar2": 717258.625, "mean": 1568.5378418, "var": 1398299.75, "dmean2": 717.773376465, "dvar": 378722.71875, "min": 131.169509888, "median": 1238.21533203, "max": 11414.2275391}, "barkbands_flatness_db": {"dmean": 0.0343462377787, "dvar2": 0.00252103898674, "mean": 0.154107347131, "var": 0.0047818957828, "dmean2": 0.0504943877459, "dvar": 0.0012125702342, "min": 0.014570097439, "median": 0.142540067434, "max": 0.440413802862}, "spectral_rms": {"dmean": 0.00149015884381, "dvar2": 1.25188107631e-05, "mean": 0.00457745464519, "var": 1.44659297803e-05, "dmean2": 0.00216372427531, "dvar": 6.17486466581e-06, "min": 3.13934685539e-12, "median": 0.00385231291875, "max": 0.0218483041972}, "melbands": {"dmean": [0.00376226264052, 0.00505785550922, 0.00166458380409, 0.000519312277902, 0.000255752849625, 7.54417051212e-05, 6.07315196248e-05, 8.62242159201e-05, 8.87762798811e-05, 5.44185386389e-05, 2.41573816311e-05, 1.35176378535e-05, 1.21563507491e-05, 1.13290288937e-05, 1.77649199031e-05, 1.76602898136e-05, 1.48535509652e-05, 1.69120867213e-05, 1.24145381051e-05, 1.01842178992e-05, 5.01126987729e-06, 3.73506941287e-06, 4.06474418924e-06, 8.44074384077e-06, 6.00325211053e-06, 6.90563729222e-06, 4.56734005638e-06, 7.36389392841e-06, 4.12322151533e-06, 3.55271049557e-06, 5.76400680075e-06, 8.27598614705e-06, 6.18623971604e-06, 3.22549158227e-06, 2.79023834082e-06, 2.0296929506e-06, 2.11365681935e-06, 3.82693679057e-06, 3.97501707994e-06, 4.05535274695e-06], "dvar2": [0.000241042551352, 0.000761618837714, 0.000117628980661, 4.38337428932e-06, 6.26299197393e-07, 1.08615111571e-07, 8.32864657241e-08, 1.86404349733e-07, 1.93704863705e-07, 1.27446384113e-07, 2.24663239123e-08, 4.15884304772e-09, 8.05947930616e-09, 4.71096317511e-09, 3.19524602332e-08, 3.24099218574e-08, 1.4805678461e-08, 1.54304942157e-08, 5.83083847872e-09, 2.87233792307e-09, 7.85511711232e-10, 2.41590247807e-10, 3.78369252596e-10, 1.81128145815e-09, 1.25881671753e-09, 1.73943903725e-09, 5.42851652519e-10, 1.48047918369e-09, 2.80043266354e-10, 2.41413777857e-10, 9.3270668966e-10, 1.5574256329e-09, 6.88413770433e-10, 2.25208518501e-10, 1.39161779322e-10, 8.97741672667e-11, 1.27235874614e-10, 5.93390170334e-10, 4.43320269383e-10, 2.44032738461e-10], "mean": [0.00459207314998, 0.00434066448361, 0.0013063052902, 0.00070517428685, 0.000406606064644, 0.000118104166177, 9.41918769968e-05, 0.000139391981065, 0.000125187289086, 7.97794637037e-05, 4.61057825305e-05, 1.81193136086e-05, 1.80133720278e-05, 1.94720923901e-05, 2.22944618145e-05, 2.32353086176e-05, 2.11477563425e-05, 2.50444700214e-05, 1.78474529093e-05, 1.14862314149e-05, 6.36422919342e-06, 5.12851693202e-06, 6.27531198916e-06, 9.26385200728e-06, 5.18009937878e-06, 6.0083129938e-06, 6.11096220382e-06, 7.28204577172e-06, 4.74802573081e-06, 4.46677631771e-06, 7.08006064087e-06, 1.00609422589e-05, 8.72685814102e-06, 4.88522982778e-06, 3.97065332436e-06, 2.90532489089e-06, 3.11197209157e-06, 5.45267812413e-06, 5.98897986492e-06, 5.72555427425e-06], "var": [0.000125057049445, 0.000229825236602, 2.38323009398e-05, 1.42427199989e-06, 5.20096875789e-07, 8.34364399793e-08, 6.14437070112e-08, 1.89565724895e-07, 2.44951934292e-07, 1.3276878974e-07, 4.9703064775e-08, 2.93229107662e-09, 6.80442147072e-09, 8.14777401104e-09, 2.25368719242e-08, 1.54725263712e-08, 1.7645325201e-08, 2.60695607324e-08, 7.28003524131e-09, 1.43706013755e-09, 6.16287576527e-10, 1.62512489577e-10, 2.77382533609e-10, 7.29524218812e-10, 3.39566624818e-10, 5.54950307929e-10, 3.60380253417e-10, 3.92971127861e-10, 1.00265067082e-10, 1.32790750618e-10, 6.62303489829e-10, 1.09637143808e-09, 7.37423511143e-10, 3.07128933397e-10, 1.58285856644e-10, 7.61874868749e-11, 1.13308577798e-10, 4.52637399784e-10, 3.81632336843e-10, 2.12276224376e-10], "dmean2": [0.00597404129803, 0.00862486194819, 0.00307475309819, 0.000902091094758, 0.000409787695389, 0.000121120661788, 9.77909439825e-05, 0.000135043403134, 0.000135938971653, 8.31688012113e-05, 3.52245479007e-05, 2.16754724534e-05, 1.93507130462e-05, 1.73364551301e-05, 2.84614598058e-05, 2.80452040897e-05, 2.29032211791e-05, 2.36865671468e-05, 1.90620685316e-05, 1.63536842592e-05, 8.13317819848e-06, 6.11881250734e-06, 6.46428270556e-06, 1.44072209878e-05, 1.05005628939e-05, 1.22393221318e-05, 7.40686755307e-06, 1.27598386825e-05, 6.82527888785e-06, 5.49348533241e-06, 8.80217612576e-06, 1.31066717586e-05, 9.33183764573e-06, 4.71462044516e-06, 4.16848297391e-06, 3.09735355586e-06, 3.0567482554e-06, 5.5759087445e-06, 5.75136346015e-06, 6.21079834673e-06], "dvar": [9.97346432996e-05, 0.00029438873753, 4.1051684093e-05, 1.53754729126e-06, 2.60092775761e-07, 4.41341541091e-08, 3.50906788071e-08, 8.05088617994e-08, 9.26255196987e-08, 6.46998898901e-08, 1.60598094823e-08, 1.7594086188e-09, 3.33550254084e-09, 2.31895214142e-09, 1.40166411811e-08, 1.25535972728e-08, 8.46370173946e-09, 9.81305969816e-09, 2.92922686107e-09, 1.20527798853e-09, 3.42294914635e-10, 9.61082949336e-11, 1.6162661487e-10, 6.75870748257e-10, 4.55963961032e-10, 6.45464293125e-10, 2.50993031914e-10, 5.31490240707e-10, 1.04479022656e-10, 1.01291496024e-10, 4.1275366458e-10, 6.97768953728e-10, 3.45762196652e-10, 1.26725713256e-10, 7.20139226029e-11, 4.30105499827e-11, 6.3483475421e-11, 2.77256217984e-10, 2.0699450487e-10, 1.22685819837e-10], "min": [3.081933223e-24, 1.55111461679e-24, 1.9123108525e-24, 2.73879056214e-24, 1.9543733104e-24, 1.50477091216e-24, 5.37159056192e-24, 4.55276635294e-24, 5.03949432032e-24, 3.60179532055e-24, 3.89801969021e-24, 7.00860631344e-24, 3.97765638189e-24, 5.28092204492e-24, 4.48236525031e-24, 3.75434800342e-24, 4.62479132574e-24, 5.60731718876e-24, 3.98255994127e-24, 4.61379618244e-24, 3.46508375353e-24, 3.57650286221e-24, 5.54167883385e-24, 4.04263406579e-24, 5.15094853331e-24, 4.92227629512e-24, 5.69923210599e-24, 5.14804473632e-24, 6.55308095031e-24, 3.52591360679e-24, 5.79927189612e-24, 5.79165544408e-24, 7.19928740487e-24, 8.09341075384e-24, 7.23503700337e-24, 5.81317872502e-24, 7.67156738477e-24, 6.23433499623e-24, 7.30839870098e-24, 8.23386507143e-24], "median": [1.3526218936e-05, 0.000129317995743, 0.000249024742516, 0.000262873829342, 0.000110825356387, 3.54994699592e-05, 3.02977568936e-05, 2.21124773816e-05, 1.22941173686e-05, 7.04289641362e-06, 6.26858172836e-06, 2.89659033115e-06, 2.22662629312e-06, 2.45866340265e-06, 2.12332975025e-06, 2.36172309087e-06, 2.42825262831e-06, 2.30809064306e-06, 1.88050262295e-06, 1.78861080258e-06, 1.24802670598e-06, 1.04947275759e-06, 1.57185820626e-06, 1.6984464537e-06, 9.385102544e-07, 1.00438273876e-06, 1.73472017195e-06, 1.6978574422e-06, 1.41829445965e-06, 1.14072906854e-06, 1.18452624065e-06, 1.52042298396e-06, 1.71001056515e-06, 1.19429137158e-06, 1.01392981833e-06, 9.02862780094e-07, 8.52036123433e-07, 1.12487703063e-06, 1.33887920128e-06, 2.29641682381e-06], "max": [0.105477914214, 0.120235025883, 0.0471678525209, 0.0158710591495, 0.00815028045326, 0.0101666301489, 0.00674686487764, 0.0107180671766, 0.0113915707916, 0.0138166649267, 0.0116725983098, 0.00151958479546, 0.00255278777331, 0.00190286186989, 0.00628583179787, 0.00421714875847, 0.00638187723234, 0.00620524119586, 0.00314049259759, 0.00182940333616, 0.00109593640082, 0.000201669987291, 0.000623657018878, 0.00058497331338, 0.000494103878736, 0.000802504655439, 0.00105345877819, 0.000421777775045, 0.000176050991286, 0.000423841993324, 0.000764092954341, 0.000742554548196, 0.000617886602413, 0.000624205626082, 0.0003822055005, 0.000236262843828, 0.000290411204332, 0.000540329492651, 0.000430069019785, 0.000596948491875]}, "barkbands_crest": {"dmean": 3.45697689056, "dvar2": 20.6576118469, "mean": 12.3679189682, "var": 30.6740608215, "dmean2": 5.2272644043, "dvar": 9.49210166931, "min": 2.32326436043, "median": 11.5594520569, "max": 26.2284736633}, "mfcc": {"icov": [[8.32776131574e-05, -4.02234909416e-05, -9.86324266705e-06, -5.08111588715e-05, 2.45402898145e-05, 4.81301467516e-05, 6.08569134783e-05, 4.45077712357e-05, -0.000111035595182, 0.000114154958283, -0.000220095025725, 0.00013096339535, 3.74320334231e-05], [-4.02234909416e-05, 0.000811404315755, 3.32635572704e-05, 0.000165900550201, -0.000516675412655, 3.28785463353e-05, -0.00051585806068, -0.000342897459632, 0.000538221327588, -0.000488471006975, 0.000288163893856, 1.17366771519e-05, -0.000200297901756], [-9.86324266705e-06, 3.32635572704e-05, 0.00201423559338, -0.00080613483442, -0.000328263238771, -0.00114447204396, -0.000670752371661, 0.000280032807495, -0.000312693417072, 0.000870320014656, 0.000137814524351, -0.000482799834572, 0.000316058372846], [-5.08111588715e-05, 0.000165900550201, -0.00080613483442, 0.00301795010455, -0.000983307836577, 2.48172054853e-05, 0.00034372243681, -0.00057490268955, -0.000611342140473, -0.00101139128674, 0.00145371246617, -0.000450719584478, -0.00123697763775], [2.45402898145e-05, -0.000516675412655, -0.000328263238771, -0.000983307836577, 0.00487821642309, -0.000908723159228, -0.000259524269495, 0.000148362087202, -0.0013701794669, -0.000678431242704, 0.000225609066547, 0.00027145826607, -0.00026272359537], [4.81301467516e-05, 3.28785463353e-05, -0.00114447204396, 2.48172054853e-05, -0.000908723159228, 0.00609385222197, -0.00165391562041, -0.000402623787522, -0.000350363261532, -0.000927119050175, -0.000858413812239, -0.000200285387109, 0.000758133712225], [6.08569134783e-05, -0.00051585806068, -0.000670752371661, 0.00034372243681, -0.000259524269495, -0.00165391562041, 0.00685696396977, -0.00234407791868, 0.000763084797654, 0.000796732841991, -0.00251640914939, -0.000435599707998, -0.000751171493903], [4.45077712357e-05, -0.000342897459632, 0.000280032807495, -0.00057490268955, 0.000148362087202, -0.000402623787522, -0.00234407791868, 0.00958014000207, -0.00356411351822, 0.000275001715636, -0.000365356449038, -0.00107147870585, -0.00125830329489], [-0.000111035595182, 0.000538221327588, -0.000312693417072, -0.000611342140473, -0.0013701794669, -0.000350363261532, 0.000763084797654, -0.00356411351822, 0.0110331559554, -0.00370640913025, -0.00148389779497, 2.16798634938e-05, -0.00139985291753], [0.000114154958283, -0.000488471006975, 0.000870320014656, -0.00101139128674, -0.000678431242704, -0.000927119050175, 0.000796732841991, 0.000275001715636, -0.00370640913025, 0.011673765257, -0.00552123831585, 0.000338706857292, 0.000736542220693], [-0.000220095025725, 0.000288163893856, 0.000137814524351, 0.00145371246617, 0.000225609066547, -0.000858413812239, -0.00251640914939, -0.000365356449038, -0.00148389779497, -0.00552123831585, 0.013422595337, -0.00316047808155, -0.000436855712906], [0.00013096339535, 1.17366771519e-05, -0.000482799834572, -0.000450719584478, 0.00027145826607, -0.000200285387109, -0.000435599707998, -0.00107147870585, 2.16798634938e-05, 0.000338706857292, -0.00316047808155, 0.0129213780165, -0.00460531841964], [3.74320334231e-05, -0.000200297901756, 0.000316058372846, -0.00123697763775, -0.00026272359537, 0.000758133712225, -0.000751171493903, -0.00125830329489, -0.00139985291753, 0.000736542220693, -0.000436855712906, -0.00460531841964, 0.0135264862329]], "mean": [-703.297851563, 71.075050354, 38.9291534424, 21.21808815, 7.61025810242, 3.48574542999, -3.52125358582, -9.32121944427, -1.61298680305, -3.31199240685, -0.267562776804, -8.80996799469, -5.32194709778], "cov": [[13223.4619141, 459.489135742, 49.1861572266, 171.937530518, 54.2234077454, -64.8470687866, -66.2191772461, -1.7434514761, 168.746109009, 49.6143188477, 185.739059448, -96.7422027588, -26.544008255], [459.489135742, 1688.91894531, 227.237854004, 153.120117188, 319.644104004, 211.260528564, 302.907867432, 204.422424316, 111.304199219, 157.952957153, 125.556121826, 93.956413269, 101.598304749], [49.1861572266, 227.237854004, 974.917602539, 431.672790527, 310.191223145, 345.748596191, 275.401916504, 183.360366821, 190.999328613, 97.9841995239, 109.118965149, 134.505615234, 102.672088623], [171.937530518, 153.120117188, 431.672790527, 675.441955566, 295.844604492, 204.019195557, 149.068969727, 178.658721924, 207.473815918, 139.714645386, 74.3232421875, 114.340209961, 127.875770569], [54.2234077454, 319.644104004, 310.191223145, 295.844604492, 428.63494873, 214.62348938, 176.397796631, 153.366027832, 179.177322388, 139.116775513, 102.938430786, 86.8708114624, 88.6178131104], [-64.8470687866, 211.260528564, 345.748596191, 204.019195557, 214.62348938, 368.263824463, 216.996063232, 151.381134033, 149.488433838, 124.466888428, 125.313751221, 92.913444519, 67.9213790894], [-66.2191772461, 302.907867432, 275.401916504, 149.068969727, 176.397796631, 216.996063232, 348.078277588, 175.222564697, 125.10042572, 101.406318665, 136.952926636, 102.969688416, 85.665473938], [-1.7434514761, 204.422424316, 183.360366821, 178.658721924, 153.366027832, 151.381134033, 175.222564697, 245.030044556, 156.579498291, 105.333114624, 106.212684631, 92.3918762207, 87.459854126], [168.746109009, 111.304199219, 190.999328613, 207.473815918, 179.177322388, 149.488433838, 125.10042572, 156.579498291, 247.327880859, 143.975387573, 118.846427917, 82.4069976807, 81.9575119019], [49.6143188477, 157.952957153, 97.9841995239, 139.714645386, 139.116775513, 124.466888428, 101.406318665, 105.333114624, 143.975387573, 205.115341187, 125.659111023, 63.0963897705, 53.1164550781], [185.739059448, 125.556121826, 109.118965149, 74.3232421875, 102.938430786, 125.313751221, 136.952926636, 106.212684631, 118.846427917, 125.659111023, 186.078720093, 80.1441955566, 56.8070869446], [-96.7422027588, 93.956413269, 134.505615234, 114.340209961, 86.8708114624, 92.913444519, 102.969688416, 92.3918762207, 82.4069976807, 63.0963897705, 80.1441955566, 142.992355347, 76.1301574707], [-26.544008255, 101.598304749, 102.672088623, 127.875770569, 88.6178131104, 67.9213790894, 85.665473938, 87.459854126, 81.9575119019, 53.1164550781, 56.8070869446, 76.1301574707, 128.953491211]]}, "spectral_decrease": {"dmean": 6.29659213658e-09, "dvar2": 5.82696834306e-16, "mean": -8.80498607359e-09, "var": 3.12620167316e-16, "dmean2": 9.87247883444e-09, "dvar": 2.51151171622e-16, "min": -1.28387512177e-07, "median": -3.24410920349e-09, "max": 6.45944631117e-10}, "zerocrossingrate": {"dmean": 0.0413765087724, "dvar2": 0.00221709441394, "mean": 0.132074847817, "var": 0.0113273439929, "dmean2": 0.0438414290547, "dvar": 0.00198499509133, "min": 0.0029296875, "median": 0.099609375, "max": 0.591796875}, "spectral_contrast_coeffs": {"dmean": [0.0586204230785, 0.0463040620089, 0.0383287444711, 0.0344822816551, 0.0263267625123, 0.0217775776982], "dvar2": [0.0055091897957, 0.00392673909664, 0.00248557329178, 0.001869287109, 0.00114237470552, 0.00102718372364], "mean": [-0.58088773489, -0.72689563036, -0.7654556036, -0.775927186012, -0.794414937496, -0.792650878429], "var": [0.0200732629746, 0.00764915440232, 0.00621979404241, 0.0047927540727, 0.00254952115938, 0.00169505318627], "dmean2": [0.0883168876171, 0.073573872447, 0.0594806671143, 0.0529320910573, 0.0407893210649, 0.0328843854368], "dvar": [0.00268118130043, 0.00175117934123, 0.0011421982199, 0.000893231423106, 0.000521779234987, 0.000454219552921], "min": [-0.971621215343, -0.991049945354, -0.991008937359, -0.985002577305, -0.978641211987, -0.963671207428], "median": [-0.595298409462, -0.738182008266, -0.778046190739, -0.787284314632, -0.801732599735, -0.79586482048], "max": [-0.219678044319, -0.362662106752, -0.363071262836, -0.413329601288, -0.506618440151, -0.596840441227]}, "spectral_skewness": {"dmean": 0.217355981469, "dvar2": 0.120787471533, "mean": 1.21617567539, "var": 0.190520986915, "dmean2": 0.317470163107, "dvar": 0.0567432306707, "min": -0.36676427722, "median": 1.19970965385, "max": 4.0662522316}, "spectral_energyband_middle_high": {"dmean": 0.00102080171928, "dvar2": 1.63334207173e-05, "mean": 0.00180113699753, "var": 1.65136752912e-05, "dmean2": 0.00159097800497, "dvar": 7.21534024706e-06, "min": 1.11127232042e-21, "median": 0.000481968396343, "max": 0.0819766893983}, "gfcc": {"icov": [[5.95654746576e-05, -1.5638410332e-05, 4.78063566334e-06, 3.71587066184e-06, -2.94032743113e-05, -1.62724063557e-05, 6.04794258834e-05, -0.000143294324516, 0.00013190235768, -0.000205789707252, 0.000248157128226, -0.000138385701575, 0.000117305877211], [-1.5638410332e-05, 0.000742509961128, 9.81802440947e-05, -0.000191885759705, -0.00034090448753, -0.0003354975197, -0.000124943398987, 1.88142730622e-05, -0.00035852738074, 0.00125947163906, -0.00130671833176, 0.00123096595053, -0.000432951288531], [4.78063566334e-06, 9.81802440947e-05, 0.00122779153753, -0.000421044183895, -0.00102730549406, -5.50039694645e-05, -0.000589358445723, 0.000553843739908, 0.000485529104481, -0.000518060056493, 0.000424341851613, -0.00087190431077, 0.000220672256546], [3.71587066184e-06, -0.000191885759705, -0.000421044183895, 0.00195832317695, -4.79722330056e-05, -0.00025772783556, 2.6187099138e-05, -0.000394718634197, -0.000469496153528, -0.000308430986479, 0.000687720545102, -0.000243675211095, -0.00127556920052], [-2.94032743113e-05, -0.00034090448753, -0.00102730549406, -4.79722330056e-05, 0.00404882756993, -0.000216409593122, -0.000789343554061, -0.000540666689631, -0.00127581728157, 0.000120472643175, -0.000479975919006, 0.000262352463324, 0.000227221869864], [-1.62724063557e-05, -0.0003354975197, -5.50039694645e-05, -0.00025772783556, -0.000216409593122, 0.00396034959704, -0.00182132259943, -1.50282376126e-05, 0.000310964212986, -0.000680742319673, -0.000936196418479, 0.00130750460085, -0.00119029299822], [6.04794258834e-05, -0.000124943398987, -0.000589358445723, 2.6187099138e-05, -0.000789343554061, -0.00182132259943, 0.00713056791574, -0.00284739839844, 0.000107761108666, -0.00184127385728, 0.000322748412145, -0.00264053372666, 0.00355812674388], [-0.000143294324516, 1.88142730622e-05, 0.000553843739908, -0.000394718634197, -0.000540666689631, -1.50282376126e-05, -0.00284739839844, 0.0094189485535, -0.00430886493996, 0.00204948661849, -0.00303502846509, 0.00129406061023, -0.00279990537092], [0.00013190235768, -0.00035852738074, 0.000485529104481, -0.000469496153528, -0.00127581728157, 0.000310964212986, 0.000107761108666, -0.00430886493996, 0.0109558692202, -0.00729548651725, 0.00501757627353, -0.00274642161094, -7.14511406841e-05], [-0.000205789707252, 0.00125947163906, -0.000518060056493, -0.000308430986479, 0.000120472643175, -0.000680742319673, -0.00184127385728, 0.00204948661849, -0.00729548651725, 0.0181805063039, -0.00960139650851, 0.00529566127807, -0.00242608366534], [0.000248157128226, -0.00130671833176, 0.000424341851613, 0.000687720545102, -0.000479975919006, -0.000936196418479, 0.000322748412145, -0.00303502846509, 0.00501757627353, -0.00960139650851, 0.018170973286, -0.00828808546066, 0.000809212215245], [-0.000138385701575, 0.00123096595053, -0.00087190431077, -0.000243675211095, 0.000262352463324, 0.00130750460085, -0.00264053372666, 0.00129406061023, -0.00274642161094, 0.00529566127807, -0.00828808546066, 0.0184253696352, -0.00621288269758], [0.000117305877211, -0.000432951288531, 0.000220672256546, -0.00127556920052, 0.000227221869864, -0.00119029299822, 0.00355812674388, -0.00279990537092, -7.14511406841e-05, -0.00242608366534, 0.000809212215245, -0.00621288269758, 0.0167954042554]], "mean": [-42.3600120544, 24.6878376007, -65.7128829956, 29.7534217834, -63.0629501343, 9.81620883942, -48.787776947, 4.66327667236, -32.869884491, 8.09571361542, -27.208814621, -1.26702046394, -16.4893627167], "cov": [[18521.0722656, 60.2492790222, 230.79347229, 135.245162964, 256.429229736, 112.902923584, 96.1818084717, 247.438995361, 54.5492744446, 132.63458252, -140.801467896, 18.2177429199, -62.2466506958], [60.2492790222, 2278.43212891, 198.956588745, 417.581085205, 423.228607178, 441.298126221, 260.84664917, 255.442687988, 159.071334839, 44.5400352478, 173.445037842, -37.0230445862, 85.343536377], [230.79347229, 198.956588745, 1705.73718262, 545.515136719, 627.461791992, 312.81262207, 416.691558838, 158.216003418, 173.169876099, 169.551696777, 102.21131897, 131.488861084, 43.2586593628], [135.245162964, 417.581085205, 545.515136719, 871.88684082, 328.616394043, 256.106567383, 228.71572876, 205.755813599, 202.825836182, 123.370323181, 70.5527114868, 69.3179626465, 109.347808838], [256.429229736, 423.228607178, 627.461791992, 328.616394043, 607.376281738, 259.577545166, 295.021362305, 200.144760132, 191.211013794, 126.223251343, 96.2956848145, 58.9060096741, 43.0734710693], [112.902923584, 441.298126221, 312.81262207, 256.106567383, 259.577545166, 482.920562744, 254.272903442, 161.327560425, 120.724319458, 108.976158142, 101.200325012, 25.9754543304, 50.6550521851], [96.1818084717, 260.84664917, 416.691558838, 228.71572876, 295.021362305, 254.272903442, 389.291015625, 189.801254272, 147.574966431, 117.130195618, 93.6346740723, 62.5437469482, 17.3180198669], [247.438995361, 255.442687988, 158.216003418, 205.755813599, 200.144760132, 161.327560425, 189.801254272, 270.079528809, 165.149291992, 88.835144043, 76.7138366699, 41.8334197998, 57.2579307556], [54.5492744446, 159.071334839, 173.169876099, 202.825836182, 191.211013794, 120.724319458, 147.574966431, 165.149291992, 245.375595093, 114.086456299, 43.1534614563, 38.5702476501, 48.7970123291], [132.63458252, 44.5400352478, 169.551696777, 123.370323181, 126.223251343, 108.976158142, 117.130195618, 88.835144043, 114.086456299, 144.6978302, 69.9070968628, 26.0131187439, 31.0158138275], [-140.801467896, 173.445037842, 102.21131897, 70.5527114868, 96.2956848145, 101.200325012, 93.6346740723, 76.7138366699, 43.1534614563, 69.9070968628, 128.248825073, 46.6271400452, 29.6418609619], [18.2177429199, -37.0230445862, 131.488861084, 69.3179626465, 58.9060096741, 25.9754543304, 62.5437469482, 41.8334197998, 38.5702476501, 26.0131187439, 46.6271400452, 98.530090332, 35.3461532593], [-62.2466506958, 85.343536377, 43.2586593628, 109.347808838, 43.0734710693, 50.6550521851, 17.3180198669, 57.2579307556, 48.7970123291, 31.0158138275, 29.6418609619, 35.3461532593, 95.1295318604]]}, "erbbands_spread": {"dmean": 19.5821990967, "dvar2": 1017.52301025, "mean": 72.7088928223, "var": 1221.39013672, "dmean2": 29.7811050415, "dvar": 444.158477783, "min": 2.35817790031, "median": 68.9037628174, "max": 222.562820435}, "erbbands_kurtosis": {"dmean": 1.52303469181, "dvar2": 19.3657722473, "mean": 0.720478892326, "var": 14.2380561829, "dmean2": 2.40186905861, "dvar": 8.48287200928, "min": -1.95248508453, "median": -0.39658048749, "max": 86.4611053467}, "dynamic_complexity": 5.593064785, "erbbands_crest": {"dmean": 2.79028511047, "dvar2": 19.0108642578, "mean": 8.76236152649, "var": 21.1513290405, "dmean2": 4.42802333832, "dvar": 7.67857456207, "min": 2.23037910461, "median": 7.54815816879, "max": 31.7882213593}, "erbbands": {"dmean": [0.429672509432, 3.60438489914, 10.3438663483, 10.0240983963, 7.10554027557, 8.07815265656, 6.28846120834, 3.37344169617, 3.93333625793, 6.83320188522, 11.3824214935, 9.1291475296, 5.01448202133, 3.22623920441, 3.46310734749, 4.15596532822, 9.1268825531, 7.48715877533, 9.03413009644, 8.86449050903, 4.65012550354, 3.51312947273, 6.356528759, 7.77771425247, 7.4245429039, 9.82784080505, 6.70559501648, 8.5099029541, 13.2117757797, 6.83631038666, 4.42392778397, 3.38272476196, 5.49288845062, 4.52992486954, 2.71359610558, 1.90910899639, 1.08891797066, 0.522605717182, 0.0323564186692, 0.000494497187901], "dvar2": [2.59439206123, 319.901702881, 3987.91455078, 4438.84521484, 1534.49829102, 688.218688965, 399.810821533, 226.865722656, 389.109649658, 1166.85888672, 3223.88671875, 3767.04199219, 962.93737793, 245.494918823, 688.86529541, 616.777587891, 9885.34277344, 3004.46191406, 3567.71313477, 1605.50378418, 576.024780273, 209.792434692, 744.249511719, 2068.31005859, 1373.47851563, 2411.76391602, 756.511352539, 1727.22912598, 3415.97363281, 892.285888672, 331.243927002, 250.919082642, 1067.10412598, 343.758087158, 108.789855957, 35.7012405396, 10.675526619, 2.99054980278, 0.0129024554044, 2.64172308562e-06], "mean": [0.505258560181, 3.56377482414, 7.62138986588, 7.64183759689, 7.21385145187, 12.376750946, 9.69846439362, 5.34038162231, 6.06613683701, 11.2580699921, 16.4911880493, 12.7301082611, 9.44039821625, 4.50651502609, 5.66925144196, 6.35432243347, 11.9995269775, 11.2764234543, 14.1157121658, 11.602435112, 6.16834354401, 5.44562149048, 8.40163421631, 7.19880151749, 8.06835460663, 10.5663452148, 7.91287231445, 10.9742612839, 17.1618843079, 10.6820211411, 6.51010608673, 5.18918418884, 8.14524555206, 6.73570919037, 3.51921057701, 2.00048542023, 1.03954422474, 0.434938758612, 0.0257155410945, 0.000437567039626], "var": [1.49478948116, 111.036094666, 991.315490723, 887.516479492, 323.733123779, 405.336700439, 369.928009033, 175.539123535, 285.788452148, 1099.20471191, 4440.9140625, 3499.83251953, 2015.51794434, 160.381347656, 577.414978027, 574.13079834, 5774.00341797, 3354.88696289, 5515.15771484, 1165.4432373, 402.551483154, 191.01083374, 367.581451416, 575.517822266, 532.573059082, 704.83416748, 280.912841797, 1309.60693359, 2933.92822266, 1258.9095459, 398.612548828, 258.69442749, 867.309692383, 325.285919189, 78.4752044678, 16.8331737518, 4.43847846985, 1.06721413136, 0.00441741896793, 9.68647213995e-07], "dmean2": [0.6433634758, 6.02886104584, 18.4412174225, 18.6319694519, 12.9161472321, 13.459227562, 9.96781253815, 5.40081834793, 6.39374637604, 10.6776456833, 17.455368042, 14.0208406448, 7.39997434616, 5.18581438065, 5.43230009079, 6.61235666275, 14.751616478, 11.4742765427, 12.8184843063, 13.8887004852, 7.42603397369, 5.6669626236, 10.5720510483, 13.549331665, 12.5744743347, 16.8370246887, 10.9465332031, 12.8272514343, 20.4676017761, 9.81819629669, 6.54337358475, 4.83528137207, 7.90767097473, 6.70284175873, 3.95438241959, 2.98840737343, 1.64798486233, 0.832297325134, 0.0529045797884, 0.000783182389569], "dvar": [1.10401594639, 123.824203491, 1479.83190918, 1544.04443359, 527.275756836, 256.656677246, 174.843261719, 92.4708251953, 164.683853149, 502.350646973, 1599.99243164, 1873.20617676, 675.454406738, 100.036323547, 294.867340088, 271.954833984, 3980.86035156, 1627.42590332, 2166.83837891, 703.834350586, 244.360412598, 86.6095352173, 282.269683838, 748.154785156, 527.689941406, 877.816162109, 285.2394104, 785.835571289, 1622.7755127, 501.420227051, 176.829071045, 132.006530762, 504.421417236, 174.115921021, 52.7256469727, 14.8696432114, 4.40480184555, 1.20583426952, 0.00521424878389, 1.07658718207e-06], "min": [2.31429903435e-22, 7.63502346645e-22, 1.97534850025e-21, 9.62837021321e-21, 8.29807638012e-21, 7.36736102765e-20, 4.80795338313e-20, 6.67962561803e-20, 2.84721667298e-19, 4.76123402827e-19, 5.03777394873e-19, 6.47057949965e-19, 7.9883871643e-19, 1.75864181698e-18, 1.38689940507e-18, 2.20017345717e-18, 1.77360985696e-18, 2.68600227352e-18, 3.46491007309e-18, 3.16488690863e-18, 3.99236985569e-18, 4.73509201898e-18, 5.13611621098e-18, 7.26906800849e-18, 7.36062201305e-18, 9.94274735883e-18, 1.1589552289e-17, 8.8017931517e-18, 1.17183219765e-17, 1.54111176201e-17, 1.27478243495e-17, 1.22871831828e-17, 1.06985695815e-17, 1.02223360602e-17, 8.63035335231e-18, 5.23090531892e-18, 2.62296325263e-18, 9.93107666757e-19, 2.81586213336e-19, 2.34307148e-20], "median": [0.00144214974716, 0.0167203806341, 0.280847132206, 1.10604643822, 2.5274066925, 3.87536644936, 2.53503918648, 1.73055720329, 2.07768154144, 2.0803809166, 1.85985779762, 1.34787535667, 1.36162686348, 0.775430321693, 0.811378717422, 0.865305185318, 1.13059103489, 1.46705043316, 1.52865862846, 1.60030031204, 1.30330336094, 1.24199402332, 2.03731751442, 1.44935905933, 1.90822470188, 2.77857327461, 2.42184376717, 2.13063406944, 2.93450331688, 2.59235262871, 1.79155743122, 1.56610786915, 1.8535888195, 2.41136217117, 1.07086956501, 0.501549780369, 0.160740748048, 0.0290401820093, 0.000982244731858, 6.24797467026e-05], "max": [11.1701812744, 104.354484558, 276.356750488, 296.575714111, 200.403381348, 233.286605835, 233.304977417, 453.797576904, 508.360931396, 863.765625, 1539.94384766, 2524.39550781, 2385.31787109, 343.783813477, 762.442016602, 656.571533203, 2326.45385742, 2593.15283203, 2771.89135742, 824.730102539, 831.494567871, 234.877944946, 384.136047363, 625.588989258, 610.721008301, 452.516082764, 393.954437256, 985.33392334, 1034.43969727, 1108.42529297, 548.113830566, 402.760955811, 674.300048828, 664.743347168, 390.105163574, 114.761192322, 14.1677970886, 5.84845781326, 0.433492958546, 0.00601266231388]}, "silence_rate_30dB": {"dmean": 0.0570564903319, "dvar2": 0.105633467436, "mean": 0.910928487778, "var": 0.0811381712556, "dmean2": 0.114123761654, "dvar": 0.0538005009294, "min": 0, "median": 1, "max": 1}, "silence_rate_60dB": {"dmean": 0.0670697167516, "dvar2": 0.131258457899, "mean": 0.186738446355, "var": 0.151864305139, "dmean2": 0.13415209949, "dvar": 0.06257288903, "min": 0, "median": 0, "max": 1}, "spectral_energyband_middle_low": {"dmean": 0.00565415108576, "dvar2": 0.000694005691912, "mean": 0.0079795550555, "var": 0.000173318374436, "dmean2": 0.00995994824916, "dvar": 0.00024062290322, "min": 1.80659724343e-22, "median": 0.00443922821432, "max": 0.12990476191}, "spectral_spread": {"dmean": 1445359.5, "dvar2": 6547748421630.0, "mean": 8810315, "var": 8594836684800.0, "dmean2": 2070642.875, "dvar": 3085914079230.0, "min": 2180606.25, "median": 8345146.5, "max": 42219908}, "barkbands": {"dmean": [0.000813016260508, 0.0148219000548, 0.00907448492944, 0.00272405752912, 0.00222834059969, 0.000447099329904, 0.000314411736326, 0.000528974749614, 0.000370189110981, 0.000111601810204, 8.6715350335e-05, 0.000101605422969, 0.000200527836569, 0.000192585066543, 0.000156376074301, 0.000115280250611, 6.78267897456e-05, 0.000143902958371, 0.000152674911078