{"metadata": {"version": {"essentia_git_sha": "v2.1_beta2", "essentia_build_sha": "f1e451ced10cd101ada258ca6c6d2f763b75b752", "extractor": "music 1.0", "essentia": "2.1-beta2"}, "audio_properties": {"analysis_sample_rate": 44100, "md5_encoded": "f2bdff7e7fc47f9175d7a7ee62b9d0ad", "downmix": "mix", "sample_rate": 44100, "equal_loudness": 0, "lossless": true, "codec": "flac", "bit_rate": 0, "length": 105.760002136, "replay_gain": -10.0699462891}, "tags": {"script": ["Latn"], "compilation": ["0"], "releasecountry": ["US"], "title": ["Wispy"], "musicbrainz_artistid": ["9ccfbc94-a4f4-42f7-b6f5-d903ab77cccb"], "catalognumber": ["BR28-2"], "label": ["Boner Records"], "date": ["1991"], "totaltracks": ["4"], "disctotal": ["1"], "acoustid_fingerprint": ["AQADQUymSG2i4EdPPD2aSkcVhvnxbBSaz0XI4zmhj8jFoVWOS8SvwB9OFT9x7RS84DGSLB_C7zi66Ao80njxk-in4DL2CMmXKJMQO0PxMLvg1EKPk0NzFp-OKWdxZQ_a9WjiC72O5yG4w-OM9mCJ5sV1Ij0uTVDETscVhDwX_MGbo_1QbodPlMKP_NCPnsgZD6NDSUL-wyp0_jhyOHsqfBf841IJkygpxBfqxg_IsMd56KBOD-yFpz8uHL-O_Md_eEZ_MB6s48eVRDfSD9eRfify4A9OTXgPo8_x49mOnocf9EcvJYd_fIZcBtcv8As-nIevo0866EePphRuhObhXkKvI7M2fLOh86jtI8yZ4_nxB8ejPLh4vDnyRMGvBXo-hHLW4SkrfPhGlJQrPGjMHz2SirmQT6LwHK8OHM13IXzxQnt4ON0JntDhoz8R72DG5hqMnicqh0ipQ8c9HTmPHr-FPodzInyO9vAn4jR8BZUfoRUD3zH6EH0WpOdU9AifDj5NaA_i9uhzNBaOJnSQZ5DDRZoQ8yjx47vQo4m64kXOHhcZ6Kh4mPkRPkd-_Dp84tmhEX4y_PgP_0Bv_PjRHv4An8crmNyQHufRmUYtuDy6Iq-O8-hH_PDROcMvVPDxHLVm40UlH-2C88TRH01_XMclo4eVH3aO9sbVQt6C5vikIRce4Qt-AY_R8_heIS-S4w9-4kcT8eiFJyk-VIeXc_Dzo0qkD2-Ij4PXSUVyHXmEhtMHN_rw7MdF5ni2wj36Gx-ao0ql4j2eUMf54M6F5uiDh0_AbrKIfknwBs2R50NyFZPyCU3c4xyJL8epZBGe5DgektCHc4djHs-PNxj1kcgPfTn0lHhoXE16tD2a9UEfiOdQSUmOOEmOJx-aE1l-fHxxaNlCG_rRHrmFW0GV90FzTEfDHcmFfDl2--gf3PBznDrcJMeT7_AnCtfEFNQXQmP046SJN8Gv4k9CVM7RaB9iH_ojhIl7MD--FpHUQCfyH-2VCX_QPMuEiu4RPQnkEqE-nDjhZzKeoz4eEdeD58E5OO3xLUeoC-KYHXl8lMOn48mIKT8qYmV93CFuBj7xH1emD7lO6BbC_OiX4tMaJPyRSzru4bzwkGgm1DmafMG04z_SI_nwJfnxEH7w7OhFNMX3o1JChPmU4O8wHYdPC_3SoD-aS4VypTbiclgnbcZ1C-1BDU_yoN4SDrF5KMyPnBEuPFPwC2dSBT_CNKGhyJyCfMef4v3wLB-u8EH-QsuHcMUdMsE99CuYVFnwPMjVqJCax_iD5xemxIX-o2F0PFNSPIZ2DmHOBz-uJE1zXDuaK5hu4GEb0MuL60dTH9OT4NqF56HwaMKP8IbYH_mDN0WpU-g8o2-Mu9iRQ-fwxI2C8NcyNEc2MTOutPjR1vB-9FIsyM0LafBm5JwHvlHRjCH449TxI2GP8L1wZY3QPFEO5jh-kNER11yghfnR88gPVyFeVNRCND9qHv4RPjzOC_3RHPmOb_hxZnhK6sgivtClIHyKMtmFZkw6_PCzHKe-ICcqeoGWIU-PC80Nmyp6Ej9-xMoTyGEuoYkP7fiDHyF1NKR-_EYoaBl1XEHM5DCXpcnx1GiiHxkvaImFXArx5MKPozLRyBWPU8h_6A36IfXxf_iOZxHSJHChI_eHM8MX5TiJ_C1-mCMLVUf4402WIkQjJtHxHLqOXFSG36jGwzv8XAijUcevQw-JUysq82ik48cP3UO_EY4JOxlqkegfuDr6430RPoer9niHbx7uw6w-VCHqzfiRZ0HyHTuaWVTxHZd-PJmP58h1iLwT5CTunbiP_XiiIMsF_UXPB6PzoFFzhJSIPDlqEYc8ZZhk5gGf7DiuHLiIJ1EynEjaRMd5_MO_oTkqTSiTC36g5wqu7DDe40wUfDv6L8iZ5VDbIs9xIcx7aER8DleOqkEzH3kDnbguVLbhHuGu4y_y48f74KhfiD-6EB21wyODdhRxfPrQVKieFCcPKWi4B7EJXghzXXikQrQQicezHReKppSMT5KJUyfy51CEhsfxFpp38EPOWHjxI_0O9TiHlNmKXPDWQLMtfIh1D5d4fEPJGtRxfkJOolNE49qO_hDfDi8-WvDmIxeP40d4KcQPnce9o93RVMvxo1ehxaKG6_jR7NBK4cuRh2g-lMyOynxhToqMWnlQfmjG6cO35DiuOmiQUySOexVeVB8qTYrx476I4w4F8Ud94imeVUP5QLyOmjOu5MilFuQYAwIAI4gESijCEAJKEAIFIcwAooA2QgDCBSEAAYWEEYQzhoyRwAhBCHQCSEAEZIoJQIggSgCigCIWCEO0AEIQkQBRBBBgEAOGEAMkwMAgCgBBBAlngEBAYAGsYAIA4wBDBimCFUAEIIAEEIwApUABhCGhmEBGYMAAIIcIohRBQFpAhBFUACAEYBQAAoQwgACACHACKSAQUUAAJYwCihmCMBAAAiCEUIQAAJgAjAlAgLHOWeMQAAwwwgggUDiKGCKMgEAAIwQoRZkAAgCkAXhOKUMUIIADYwhiBimhGTAAAISQAgAIBhSDACBIIBECAYIUIYJIBKBRhjDEACLAEaAUEIR4YJQihAgFBKMGMoEAFd4ZAITJhgglACEAOSAQA0AgogQBwgBJAUIAGSCIQIARCIQw5AMnBSGKCSQEk4IABCkSBAEAAAJCMEiJIYYY5wixBHAglBFECJAYEYQIJIwCgBAKBBAGGQGoQIg45hBDgAhCCAHGKECVIgI4BIBQABgkhQBMAUGIMIIAAghAgABHBQdEIQAMQBoQAJChQAJBCOCAECIBAAgwQgFQACgjhFLOKAGAIQIoQ7AghABklKAGAECAEEgIKJR2QDAnICFCEAGQAU4IIQwhEAQgDIBcISCMZUYAZgABgBCpABBUKCKAMQIQAgAxBDDFnIPGEGeQAoIJhgAiJChhOCMIGCAYMgZQIYAVGBkhhDAESRaEsIgCwSQyjiBnFYACCcWIAQIIBgUCggjGFFBCA2GAcsI4YAUgwBViiEAGICGNAwQQAowDgxDlEBDMWI6EMcIQwwDAABCjDNDOCGCAEoQI4gwUSlFnACFACAEYSIARBhAQhgFAoDIEICIY"], "musicbrainz_albumid": ["7560937b-2fe0-4a95-a093-b13c440de833"], "mood": ["Orgy!"], "tracktotal": ["4"], "acoustid_id": ["86d3f55e-f8d6-4722-8e65-7935b8429539"], "album": ["Eggnog"], "discnumber": ["1"], "artistsort": ["Melvins"], "language": ["eng"], "file_name": "01.Melvins_-_Wispy.flac", "genre": ["Metal / Sludge Metal / Heavy Metal"], "artist": ["Melvins"], "asin": ["B000001BDO"], "copyright": ["Melvins"], "musicbrainz_recordingid": ["5231616a-5762-483d-a4d2-344d5b3a6942"], "originaldate": ["1991"], "albumartist": ["Melvins"], "tracknumber": ["1"], "bpm": ["0"], "totaldiscs": ["1"], "albumartistsort": ["Melvins"], "media": ["CD"], "musicbrainz_releasegroupid": ["2279cfd2-436c-3196-af0b-54a9cba3b133"], "musicbrainz_albumartistid": ["9ccfbc94-a4f4-42f7-b6f5-d903ab77cccb"]}}, "rhythm": {"beats_loudness": {"var": 0.00190957577433, "mean": 0.0479654818773, "dmean2": 0.0632182434201, "dvar": 0.00107546825893, "dmean": 0.0342539139092, "max": 0.1960080266, "min": 3.2419955005e-06, "median": 0.037968300283, "dvar2": 0.0030239475891}, "beats_position": [0.394739210606, 0.801088392735, 1.20743763447, 1.6137868166, 2.02013611794, 2.41487526894, 2.80961441994, 3.20435357094, 3.61070299149, 4.01705217361, 4.42340135574, 4.82975053787, 5.24770975113, 5.65405893326, 6.06040811539, 6.47836732864, 6.8963265419, 7.32589578629, 7.74385452271, 8.16181373596, 8.56816291809, 8.96290206909, 9.35764122009, 9.77560043335, 10.1935596466, 10.5882987976, 10.9946479797, 11.4009971619, 11.7957363129, 12.2136955261, 12.6200447083, 13.0263938904, 13.4327430725, 13.8390922546, 14.2454423904, 14.6517915726, 15.0697498322, 15.4760990143, 15.8824491501, 16.3004074097, 16.7183666229, 17.1363258362, 17.600725174, 18.0767345428, 18.5527439117, 18.970703125, 19.4002723694, 19.8298416138, 20.247800827, 20.6657600403, 21.0837192535, 21.5016784668, 21.9080276489, 22.3143768311, 22.7091159821, 23.1154651642, 23.5218143463, 23.9397735596, 24.3577327728, 24.7756919861, 25.1936511993, 25.6116104126, 26.0295696259, 26.435918808, 26.8422679901, 27.2602272034, 27.6665763855, 28.0613155365, 28.4560546875, 28.8624038696, 29.2687530518, 29.6751022339, 30.0698413849, 30.4878005981, 30.8825397491, 31.2888889313, 31.6952381134, 32.0899772644, 32.5079345703, 32.9026756287, 33.3206329346, 33.7153739929, 34.121723175, 34.5280723572, 34.9344215393, 35.3407707214, 35.7819480896, 36.1999092102, 36.6178665161, 37.0358276367, 37.4537849426, 37.8601341248, 38.2664833069, 38.6960525513, 39.1256217957, 39.5435829163, 39.9615402222, 40.3795013428, 40.7974586487, 41.2154197693, 41.6333770752, 42.0629463196, 42.492515564, 42.9220848083, 43.3516540527, 43.7812232971, 44.1991844177, 44.6171417236, 45.0351028442, 45.4530601501, 45.8710212708, 46.2889785767, 46.718547821, 47.1365089417, 47.5660743713, 47.9956436157, 48.4136047363, 48.8315620422, 49.2495231628, 49.6790924072, 50.0970497131, 50.5150108337, 50.9445800781, 51.362537384, 51.7804985046, 52.2216758728, 52.6628570557, 53.1040344238, 53.5219955444, 53.9399528503, 54.3579139709, 54.7758712769, 55.182220459, 55.6117897034, 56.0413589478, 56.4593200684, 56.8888893127, 57.3184585571, 57.7480278015, 58.1543769836, 58.5607261658, 58.9786834717, 59.3966445923, 59.8262138367, 60.2557830811, 60.673740387, 61.1033096313, 61.5212669373, 61.9392280579, 62.3571853638, 62.7867546082, 63.2163238525, 63.6458930969, 64.0638504028, 64.4818115234, 64.899772644, 65.3177337646, 65.7472991943, 66.1768722534, 66.6064376831, 67.0360107422, 67.4539642334, 67.871925354, 68.2898864746, 68.7078475952, 69.1374130249, 69.566986084, 70.0081634521, 70.4261245728, 70.844078064, 71.273651123, 71.6916122437, 72.0979614258, 72.515914917, 72.9570999146, 73.3866653442, 73.8162307739, 74.2341918945, 74.6521530151, 75.0701141357, 75.488067627, 75.917640686, 76.3472061157, 76.7651672363, 77.1831283569, 77.5894775391, 78.0190429688, 78.4486160278, 78.8665771484, 79.2729263306, 79.6908798218, 80.1088409424, 80.526802063, 80.9215393066, 81.3395004272, 81.7458496094, 82.1521987915, 82.5701599121, 82.9881134033, 83.4176864624, 83.8472518921, 84.2419967651, 84.6599502563, 85.077911377, 85.4958724976, 85.9138336182, 86.3433990479, 86.7729721069, 87.1909255981, 87.6088867188, 88.0152359009, 88.421585083, 88.8395462036, 89.2458953857, 89.6638565063, 90.0702056885, 90.4765548706, 90.8829040527, 91.2892532349, 91.695602417, 92.1135559082, 92.5315170288, 92.9494781494, 93.36743927, 93.7737884521, 94.1801376343, 94.5980911255, 95.0044403076, 95.4107894897, 95.8171386719, 96.223487854, 96.6414489746, 97.0594100952, 97.4541473389, 97.8721084595, 98.2900695801, 98.6964187622, 99.1027679443, 99.5207214355, 99.9154663086, 100.321815491, 100.728164673, 101.122901917, 101.529251099, 101.935600281, 102.341949463, 102.748298645, 103.166259766, 103.572608948, 103.97895813, 104.385307312, 104.803260803, 105.221221924], "bpm_histogram_first_peak_spread": {"var": 0, "mean": 0.515695035458, "dmean2": 0, "dvar": 0, "dmean": 0, "max": 0.515695035458, "min": 0.515695035458, "median": 0.515695035458, "dvar2": 0}, "danceability": 1.1695291996, "bpm_histogram_second_peak_weight": {"var": 0, "mean": 0.0793650820851, "dmean2": 0, "dvar": 0, "dmean": 0, "max": 0.0793650820851, "min": 0.0793650820851, "median": 0.0793650820851, "dvar2": 0}, "bpm_histogram_first_peak_weight": {"var": 0, "mean": 0.428571432829, "dmean2": 0, "dvar": 0, "dmean": 0, "max": 0.428571432829, "min": 0.428571432829, "median": 0.428571432829, "dvar2": 0}, "bpm": 144.130966187, "bpm_histogram_second_peak_spread": {"var": 0, "mean": 0, "dmean2": 0, "dvar": 0, "dmean": 0, "max": 0, "min": 0, "median": 0, "dvar2": 0}, "bpm_histogram_second_peak_bpm": {"var": 0, "mean": 152, "dmean2": 0, "dvar": 0, "dmean": 0, "max": 152, "min": 152, "median": 152, "dvar2": 0}, "beats_count": 253, "beats_loudness_band_ratio": {"var": [0.130992785096, 0.00821971613914, 0.0103729851544, 0.0141609255224, 0.0168185420334, 0.0873505994678], "mean": [0.544020175934, 0.0708404704928, 0.049270760268, 0.0692413747311, 0.0936130732298, 0.192328006029], "dmean2": [0.413653790951, 0.126063778996, 0.0891002044082, 0.101836614311, 0.141031697392, 0.245347335935], "dvar": [0.0701251775026, 0.0100017311051, 0.0107358060777, 0.0107396533713, 0.0164235718548, 0.0496378876269], "dmean": [0.23708768189, 0.0707563832402, 0.0493640229106, 0.0592734962702, 0.0800099819899, 0.135960116982], "max": [0.977407932281, 0.724103271961, 0.695752620697, 0.764634072781, 0.749078810215, 0.967509031296], "min": [0.000110884669994, 0.000284221139736, 0.000233177430346, 0.00133632693905, 0.00383673189208, 0.00264362222515], "median": [0.657556176186, 0.0426421239972, 0.0133944982663, 0.0188760180026, 0.0382973402739, 0.0493962541223], "dvar2": [0.195540979505, 0.028223099187, 0.0282586961985, 0.0258166547865, 0.0494112484157, 0.145246610045]}, "onset_rate": 3.14808773994, "bpm_histogram_first_peak_bpm": {"var": 0, "mean": 144, "dmean2": 0, "dvar": 0, "dmean": 0, "max": 144, "min": 144, "median": 144, "dvar2": 0}}, "lowlevel": {"hfc": {"var": 317.414489746, "mean": 17.3241539001, "dmean2": 7.94931983948, "dvar": 75.675163269, "dmean": 5.16438007355, "max": 106.005783081, "min": 1.10877387037e-16, "median": 11.7549171448, "dvar2": 188.04309082}, "barkbands_spread": {"var": 383.163726807, "mean": 29.7733612061, "dmean2": 12.1568040848, "dvar": 80.0432662964, "dmean": 7.69376134872, "max": 107.299507141, "min": 2.02393221855, "median": 25.6279373169, "dvar2": 163.675933838}, "spectral_spread": {"var": 6101048229890.0, "mean": 4757501, "dmean2": 589053.0625, "dvar": 457507340288, "dmean": 389716.09375, "max": 41342656, "min": 1665302.25, "median": 4293247, "dvar2": 835443228672}, "spectral_energy": {"var": 0.00155964074656, "mean": 0.0264727231115, "dmean2": 0.0256501249969, "dvar": 0.00118912477046, "dmean": 0.0168109722435, "max": 0.284844517708, "min": 1.01771205391e-20, "median": 0.0120209883898, "dvar2": 0.00261091603898}, "gfcc": {"icov": [[0.000153665008838, -0.000221304318984, 0.000228818884352, -0.000215462510823, 0.000188036705367, -0.000385995575925, 0.000438666029368, -0.000449948740425, 0.000310320523567, -0.000197435540031, -1.5453366359e-05, 0.00022587357671, -0.000209594072658], [-0.000221304318984, 0.00102399883326, -0.000331259041559, 0.000271053344477, -0.000646967615467, 0.00116413249634, -0.00161703291815, 0.0015537267318, -0.000894831959158, 0.001653078245, -0.000968728447333, 0.000848756812047, -0.000216251530219], [0.000228818884352, -0.000331259041559, 0.00173829193227, -0.000904551765416, -0.00018846396415, 3.92855836253e-05, -0.000303011329379, -0.00129304593429, 0.00220644380897, -0.00208688364364, 0.000897176912986, 2.0051622414e-05, 0.000231725047342], [-0.000215462510823, 0.000271053344477, -0.000904551765416, 0.00259954715148, -0.000416650203988, -0.000480359507492, 7.44046847103e-05, 0.0013444616925, -0.00211413437501, 0.00128088111524, -0.000122139055748, 0.000320071529131, 0.000348484754795], [0.000188036705367, -0.000646967615467, -0.00018846396415, -0.000416650203988, 0.00484314747155, -0.0020782831125, 0.000600142346229, 0.00298548140563, -0.00235296972096, -0.000193791056518, -7.70558035583e-05, 0.000942854967434, -0.00102425529622], [-0.000385995575925, 0.00116413249634, 3.92855836253e-05, -0.000480359507492, -0.0020782831125, 0.0113059859723, -0.00731891999021, -0.00120464467909, 0.00405080290511, -0.00170718110166, 0.000850561016705, -0.00110097997822, 0.000469679041998], [0.000438666029368, -0.00161703291815, -0.000303011329379, 7.44046847103e-05, 0.000600142346229, -0.00731891999021, 0.0130926510319, -0.00671642040834, -0.00117247260641, 0.00287958281115, -0.00235579884611, 0.00420558080077, -0.00236640195362], [-0.000449948740425, 0.0015537267318, -0.00129304593429, 0.0013444616925, 0.00298548140563, -0.00120464467909, -0.00671642040834, 0.0216590724885, -0.011261866428, 0.00026936607901, 0.00499451858923, -0.0042710728012, 0.00235738186166], [0.000310320523567, -0.000894831959158, 0.00220644380897, -0.00211413437501, -0.00235296972096, 0.00405080290511, -0.00117247260641, -0.011261866428, 0.0234250556678, -0.0089974142611, -0.00409748405218, 0.0065457043238, -0.00434399535879], [-0.000197435540031, 0.001653078245, -0.00208688364364, 0.00128088111524, -0.000193791056518, -0.00170718110166, 0.00287958281115, 0.00026936607901, -0.0089974142611, 0.0226996671408, -0.0104737924412, -0.00232399441302, 0.00625251652673], [-1.5453366359e-05, -0.000968728447333, 0.000897176912986, -0.000122139055748, -7.70558035583e-05, 0.000850561016705, -0.00235579884611, 0.00499451858923, -0.00409748405218, -0.0104737924412, 0.0266023911536, -0.0110397394747, -0.00041474783211], [0.00022587357671, 0.000848756812047, 2.0051622414e-05, 0.000320071529131, 0.000942854967434, -0.00110097997822, 0.00420558080077, -0.0042710728012, 0.0065457043238, -0.00232399441302, -0.0110397394747, 0.026277218014, -0.0123959807679], [-0.000209594072658, -0.000216251530219, 0.000231725047342, 0.000348484754795, -0.00102425529622, 0.000469679041998, -0.00236640195362, 0.00235738186166, -0.00434399535879, 0.00625251652673, -0.00041474783211, -0.0123959807679, 0.0216919686645]], "mean": [-52.9968757629, 51.2167358398, -120.766365051, 60.7499732971, -47.9675369263, 18.2701339722, -29.3361701965, 11.5900535583, -20.7125396729, 2.50269198418, -15.4220752716, 2.14009428024, -9.59134292603], "cov": [[14320.4619141, 3656.80102539, -1391.203125, 642.835754395, 125.440734863, 183.042404175, 200.259399414, -65.3730392456, 49.8172874451, -389.897399902, -36.9965858459, -264.699951172, 180.658233643], [3656.80102539, 3874.98925781, -165.94052124, 282.065002441, 558.348327637, -40.4665603638, 396.046264648, -202.180892944, 83.5010070801, -367.075866699, -19.9505004883, -280.277313232, 125.603279114], [-1391.203125, -165.94052124, 1030.2923584, 206.712097168, 57.7430839539, 64.1105194092, 75.6513442993, 42.5536422729, -34.2762069702, 64.6747283936, -32.4293022156, -18.8802890778, -61.3720207214], [642.835754395, 282.065002441, 206.712097168, 562.362854004, 117.429252625, 49.7302932739, 51.4703598022, -16.1669158936, 32.0677490234, -27.7549610138, -16.780002594, -56.0517311096, -8.30940914154], [125.440734863, 558.348327637, 57.7430839539, 117.429252625, 363.244171143, 28.7445297241, 63.8909645081, -66.8236312866, 32.0836410522, -39.26304245, 5.84178638458, -51.4270935059, 23.5020008087], [183.042404175, -40.4665603638, 64.1105194092, 49.7302932739, 28.7445297241, 193.561889648, 123.708755493, 50.3999710083, -7.36171197891, -4.67223882675, -15.7151947021, -11.5597047806, -1.96791148186], [200.259399414, 396.046264648, 75.6513442993, 51.4703598022, 63.8909645081, 123.708755493, 249.269805908, 61.8183937073, 32.4546012878, -51.2329101562, -19.491569519, -56.5153312683, 13.6595401764], [-65.3730392456, -202.180892944, 42.5536422729, -16.1669158936, -66.8236312866, 50.3999710083, 61.8183937073, 117.238327026, 37.0959129333, 27.0658302307, -8.79751777649, 5.41742324829, -10.5308418274], [49.8172874451, 83.5010070801, -34.2762069702, 32.0677490234, 32.0836410522, -7.36171197891, 32.4546012878, 37.0959129333, 94.9686050415, 28.9534740448, 21.0148239136, -13.7583742142, 5.56037378311], [-389.897399902, -367.075866699, 64.6747283936, -27.7549610138, -39.26304245, -4.67223882675, -51.2329101562, 27.0658302307, 28.9534740448, 122.569168091, 43.4370422363, 39.9443588257, -23.8293552399], [-36.9965858459, -19.9505004883, -32.4293022156, -16.780002594, 5.84178638458, -15.7151947021, -19.491569519, -8.79751777649, 21.0148239136, 43.4370422363, 75.2076644897, 39.3478927612, 15.117017746], [-264.699951172, -280.277313232, -18.8802890778, -56.0517311096, -51.4270935059, -11.5597047806, -56.5153312683, 5.41742324829, -13.7583742142, 39.9443588257, 39.3478927612, 98.9348754883, 29.8386669159], [180.658233643, 125.603279114, -61.3720207214, -8.30940914154, 23.5020008087, -1.96791148186, 13.6595401764, -10.5308418274, 5.56037378311, -23.8293552399, 15.117017746, 29.8386669159, 78.9963531494]]}, "silence_rate_60dB": {"var": 0.200947642326, "mean": 0.278533816338, "dmean2": 0.0834431275725, "dvar": 0.0399721264839, "dmean": 0.0417124032974, "max": 1, "min": 0, "median": 0, "dvar2": 0.0887737348676}, "spectral_centroid": {"var": 1262228.875, "mean": 2295.75708008, "dmean2": 466.179779053, "dvar": 135089.875, "dmean": 296.905670166, "max": 11424.3974609, "min": 470.543182373, "median": 2142.16503906, "dvar2": 298248.8125}, "spectral_complexity": {"var": 249.47253418, "mean": 16.4367866516, "dmean2": 6.32454967499, "dvar": 41.8269729614, "dmean": 4.14050483704, "max": 62, "min": 0, "median": 12, "dvar2": 88.1648101807}, "melbands_spread": {"var": 2112.80688477, "mean": 47.5045585632, "dmean2": 19.8183288574, "dvar": 286.747131348, "dmean": 12.5931653976, "max": 229.415435791, "min": 1.12539970875, "median": 33.5196037292, "dvar2": 589.16809082}, "spectral_strongpeak": {"var": 1.50671827793, "mean": 0.807389259338, "dmean2": 0.668476343155, "dvar": 0.585155963898, "dmean": 0.39254155755, "max": 12.7991666794, "min": 0, "median": 0.304747998714, "dvar2": 1.40057277679}, "zerocrossingrate": {"var": 0.00845216214657, "mean": 0.106231927872, "dmean2": 0.0146696669981, "dvar": 0.000331849703798, "dmean": 0.0136641571298, "max": 0.52294921875, "min": 0.005859375, "median": 0.0751953125, "dvar2": 0.000374170049326}, "erbbands_kurtosis": {"var": 6.80005741119, "mean": 1.03965330124, "dmean2": 1.51663959026, "dvar": 1.57356750965, "dmean": 0.96151226759, "max": 29.0911140442, "min": -1.78178024292, "median": 0.416675925255, "dvar2": 3.43851876259}, "spectral_energyband_middle_low": {"var": 8.39959757286e-05, "mean": 0.00525346258655, "dmean2": 0.00647677574307, "dvar": 7.99928166089e-05, "dmean": 0.00388852600008, "max": 0.111454874277, "min": 2.39228998862e-22, "median": 0.00155094801448, "dvar2": 0.000206904311199}, "erbbands": {"var": [0.567459285259, 32.0490188599, 82.2630767822, 105.062026978, 306.364440918, 194.901947021, 86.080329895, 195.911193848, 35.5890083313, 62.3436889648, 693.516479492, 4985.88574219, 5492.484375, 7995.50146484, 593.930175781, 509.013000488, 1732.20739746, 1686.05761719, 1115.98535156, 919.691345215, 3437.30541992, 6245.74169922, 1274.85559082, 1108.01000977, 644.278747559, 372.789306641, 592.459289551, 115.792907715, 90.7631988525, 34.4848518372, 21.6051254272, 13.2188119888, 5.34412670135, 4.73418092728, 0.405476421118, 0.0241426993161, 0.00454982044175, 0.000187172423466, 5.56860584311e-07, 2.94176127902e-09], "mean": [0.312360137701, 2.71316289902, 4.37366962433, 4.5387544632, 6.40217590332, 5.09050607681, 4.21864843369, 4.94881296158, 2.93707227707, 3.24797916412, 8.48833084106, 20.6747016907, 25.1011619568, 28.4014320374, 10.3230886459, 10.2585372925, 18.5678958893, 20.396780014, 19.3300895691, 16.7830924988, 32.230430603, 40.9660148621, 25.9578723907, 23.7511558533, 18.5367870331, 12.9603672028, 14.4506349564, 8.90585231781, 7.59192800522, 4.40734529495, 3.06922841072, 1.73180508614, 0.959383606911, 0.538108944893, 0.245871260762, 0.0767596364021, 0.020389188081, 0.00295945582911, 0.000232808291912, 4.45470395789e-05], "dmean2": [0.514918267727, 4.14323043823, 7.78553342819, 8.39815330505, 12.3850507736, 9.2442035675, 5.77779054642, 5.08225345612, 3.85776114464, 3.70498752594, 7.98029565811, 15.9813728333, 10.8735399246, 11.8812160492, 10.3809661865, 9.79805183411, 17.8002967834, 18.9219608307, 16.5115356445, 16.9394416809, 26.7170581818, 33.9537200928, 18.6193943024, 19.8736515045, 15.9750976562, 12.5460643768, 11.1650238037, 5.4383187294, 4.05562353134, 2.44912838936, 1.68602001667, 0.870203852654, 0.508158743382, 0.303332895041, 0.14008757472, 0.0430451072752, 0.0117036253214, 0.0016822341131, 0.00015255335893, 3.65256964869e-05], "dvar": [0.551034331322, 32.732334137, 96.316986084, 123.752685547, 392.644470215, 255.801513672, 69.1594009399, 60.0774765015, 27.3920249939, 32.3492050171, 236.968200684, 1047.54064941, 542.899475098, 394.860015869, 392.882720947, 288.165405273, 877.161865234, 684.262023926, 387.488494873, 424.700408936, 1164.28735352, 2122.24072266, 350.450683594, 437.41204834, 317.092803955, 321.317718506, 195.840698242, 29.5507850647, 17.379901886, 7.42917823792, 5.44195413589, 3.0890610218, 1.58610796928, 1.16064298153, 0.121445529163, 0.0068544568494, 0.00102860410698, 3.32724630425e-05, 1.49169281372e-07, 1.79708925518e-09], "dmean": [0.3311021626, 2.51570606232, 4.40384578705, 4.83674764633, 7.10003709793, 5.28214120865, 3.38935041428, 3.24719691277, 2.25921320915, 2.16984581947, 4.85356473923, 10.05356884, 7.45474767685, 8.02073955536, 6.14848947525, 6.03412103653, 10.9653425217, 11.4374656677, 9.98187065125, 9.98954772949, 15.8865652084, 20.3341693878, 11.1574420929, 11.7251224518, 9.50659370422, 7.26515007019, 6.8481426239, 3.36616706848, 2.5734705925, 1.52836823463, 1.07141375542, 0.582372963428, 0.349828332663, 0.221566602588, 0.102413102984, 0.031874101609, 0.00912904832512, 0.00131922715809, 0.000117623400001, 2.50522389251e-05], "max": [5.15421676636, 50.785358429, 77.5870819092, 105.969024658, 272.692108154, 180.991638184, 132.06942749, 321.427093506, 127.15927124, 131.402694702, 519.993041992, 970.646240234, 795.762023926, 752.77935791, 566.674865723, 395.763549805, 864.93536377, 603.406066895, 284.972473145, 525.366149902, 830.159912109, 792.900756836, 253.103378296, 287.18762207, 265.904693604, 194.928787231, 434.004516602, 73.753326416, 85.6250457764, 56.2278671265, 65.1620178223, 98.9949188232, 51.5445709229, 83.524559021, 21.4381046295, 4.06546831131, 2.14348530769, 0.383522838354, 0.0218035802245, 0.000619798374828], "min": [1.47140847775e-22, 1.11685498176e-21, 6.71977780507e-21, 3.44732205484e-21, 2.00839355793e-20, 5.51557505478e-20, 3.13637678465e-20, 7.64778753377e-20, 1.80961126461e-19, 2.34137737533e-19, 2.64926382209e-19, 7.99584057861e-19, 6.77911890211e-19, 9.3216885744e-19, 1.66104505125e-18, 2.16191966256e-18, 2.59026128749e-18, 1.81596088394e-18, 3.68997288967e-18, 4.06699436825e-18, 4.5170989083e-18, 6.87421334309e-18, 7.88955686548e-18, 8.37428966752e-18, 1.00683795503e-17, 8.14386444583e-18, 1.28335913985e-17, 1.13072636701e-17, 1.40699286292e-17, 1.38858528188e-17, 1.4581928613e-17, 1.16078296719e-17, 1.27394996038e-17, 8.9597846487e-18, 7.98784742895e-18, 4.4588430593e-18, 2.52217584448e-18, 8.93387218204e-19, 2.5174903316e-19, 3.07560421278e-20], "median": [0.037948153913, 0.695516467094, 1.22329330444, 0.785084605217, 1.18707990646, 0.804293632507, 1.04192638397, 1.46069562435, 0.80651050806, 0.717242896557, 1.04714870453, 2.17457866669, 1.49697470665, 1.32130551338, 1.56236743927, 1.85905301571, 2.94074273109, 3.32196950912, 3.08264565468, 3.46558094025, 6.88958263397, 7.39776420593, 10.1897068024, 10.850528717, 8.83470535278, 5.661652565, 5.61278820038, 4.66626405716, 3.49743127823, 1.94226622581, 1.2179530859, 0.751852929592, 0.3657117486, 0.16194576025, 0.0794653221965, 0.022709345445, 0.00474725104868, 0.000500041816849, 4.95792519359e-05, 2.76569589914e-05], "dvar2": [1.24359202385, 80.2730865479, 261.20916748, 325.847076416, 1065.59362793, 712.806274414, 183.764434814, 120.024673462, 71.5824966431, 88.3121490479, 635.162719727, 2516.84570312, 1157.98425293, 805.112731934, 1032.14440918, 673.173278809, 2042.54650879, 1807.38916016, 1018.76196289, 1105.64135742, 3232.97729492, 6199.30322266, 946.047973633, 1172.09875488, 861.274780273, 894.756530762, 503.008514404, 73.9103546143, 42.0663909912, 18.1281089783, 12.8447656631, 5.66198778152, 2.85932826996, 2.20701432228, 0.230361908674, 0.0117352055386, 0.00125831109472, 4.17066621594e-05, 2.34643081853e-07, 3.77231401671e-09]}, "barkbands_crest": {"var": 29.7491836548, "mean": 10.9682359695, "dmean2": 5.08807277679, "dvar": 9.81091976166, "dmean": 3.0955619812, "max": 25.2989025116, "min": 2.30756449699, "median": 10.0850963593, "dvar2": 24.8104743958}, "melbands_crest": {"var": 36.5197257996, "mean": 14.531542778, "dmean2": 5.41551017761, "dvar": 9.10715770721, "dmean": 3.36965751648, "max": 32.980381012, "min": 1.78591370583, "median": 14.7151870728, "dvar2": 22.2987594604}, "spectral_flux": {"var": 0.00659016240388, "mean": 0.0819624811411, "dmean2": 0.0561290048063, "dvar": 0.00354094360955, "dmean": 0.034892577678, "max": 0.470276594162, "min": 6.50852774453e-11, "median": 0.0525294467807, "dvar2": 0.00799329206347}, "spectral_contrast_valleys": {"var": [3.92703866959, 2.77400493622, 2.59040546417, 2.59637713432, 2.22049927711, 1.59161782265], "mean": [-7.9557518959, -7.86474132538, -8.18957519531, -8.09938049316, -7.49704265594, -10.2071800232], "dmean2": [0.780413925648, 0.718510627747, 0.568404257298, 0.520909011364, 0.384595304728, 0.282832741737], "dvar": [0.270702660084, 0.243213742971, 0.153134584427, 0.189002141356, 0.164383813739, 0.108734168112], "dmean": [0.496897131205, 0.438002288342, 0.362675279379, 0.335154265165, 0.253790676594, 0.202728390694], "max": [-4.64406204224, -4.96796512604, -5.41621255875, -5.62685966492, -5.50800275803, -7.73387050629], "min": [-27.7627410889, -27.6838722229, -27.460313797, -27.5425300598, -27.4768238068, -27.3635120392], "median": [-7.41498994827, -7.63152647018, -8.03215789795, -8.0206489563, -7.273229599, -10.0973300934], "dvar2": [0.528673112392, 0.535543739796, 0.297538429499, 0.373651087284, 0.324798047543, 0.208530858159]}, "mfcc": {"icov": [[0.000137071867357, -9.46449290495e-05, 0.000165946577908, -0.00014280587493, 0.000126761486172, -0.000106546227471, 0.000139876283356, -0.000279465661151, 0.000290468335152, -0.000271328637609, 0.000203540752409, -0.000124135665828, 0.0001457065664], [-9.46449290495e-05, 0.000599528721068, 0.000152642591274, -0.000412493478507, -5.5689317378e-05, 1.38593622978e-05, -0.000721321790479, 0.000452478852822, -0.000581829284783, 0.000101377234387, 0.000909218913876, -0.000885904941242, 0.000578891078476], [0.000165946577908, 0.000152642591274, 0.0019892109558, -0.00131938292179, 0.000424576253863, 0.000551541626919, -0.00181740976404, 0.000562570756301, -0.000336211989634, 6.07148213021e-05, -0.000678235956002, 0.000451061059721, -0.000138308183523], [-0.00014280587493, -0.000412493478507, -0.00131938292179, 0.00483034923673, -0.00205338536762, -0.0017053965712, 0.00273010088131, -0.00211884989403, 0.0017426405102, -0.00267927465029, 0.000535276602022, 0.00184558681212, -0.00195307517424], [0.000126761486172, -5.5689317378e-05, 0.000424576253863, -0.00205338536762, 0.00803469121456, -0.00401037372649, 0.000720059673768, 0.00316924834624, -0.00163221254479, 0.000889506423846, 0.00149837869685, -0.00154129660223, -0.000659187615383], [-0.000106546227471, 1.38593622978e-05, 0.000551541626919, -0.0017053965712, -0.00401037372649, 0.0143310185522, -0.00900332629681, -0.000493664992973, 0.00135273777414, -0.00223798630759, 0.000326870795107, 0.000491475278977, 0.000251255783951], [0.000139876283356, -0.000721321790479, -0.00181740976404, 0.00273010088131, 0.000720059673768, -0.00900332629681, 0.0181091371924, -0.00745956460014, -3.95414754166e-05, -0.000602385727689, -0.000656899355818, 0.00120899023023, -0.000300302897813], [-0.000279465661151, 0.000452478852822, 0.000562570756301, -0.00211884989403, 0.00316924834624, -0.000493664992973, -0.00745956460014, 0.0188935548067, -0.0103342467919, 0.00238482537679, 0.000907539564651, -0.00174834846985, 0.00264342012815], [0.000290468335152, -0.000581829284783, -0.000336211989634, 0.0017426405102, -0.00163221254479, 0.00135273777414, -3.95414754166e-05, -0.0103342467919, 0.0259614940733, -0.0140666011721, 0.00476202741265, -0.000992542481981, -0.000535453145858], [-0.000271328637609, 0.000101377234387, 6.07148213021e-05, -0.00267927465029, 0.000889506423846, -0.00223798630759, -0.000602385727689, 0.00238482537679, -0.0140666011721, 0.025342348963, -0.0133457994089, 0.00422000512481, -0.00104851985816], [0.000203540752409, 0.000909218913876, -0.000678235956002, 0.000535276602022, 0.00149837869685, 0.000326870795107, -0.000656899355818, 0.000907539564651, 0.00476202741265, -0.0133457994089, 0.026308581233, -0.016075797379, 0.00592699972913], [-0.000124135665828, -0.000885904941242, 0.000451061059721, 0.00184558681212, -0.00154129660223, 0.000491475278977, 0.00120899023023, -0.00174834846985, -0.000992542481981, 0.00422000512481, -0.016075797379, 0.0281142536551, -0.0124806724489], [0.0001457065664, 0.000578891078476, -0.000138308183523, -0.00195307517424, -0.000659187615383, 0.000251255783951, -0.000300302897813, 0.00264342012815, -0.000535453145858, -0.00104851985816, 0.00592699972913, -0.0124806724489, 0.0210583135486]], "mean": [-688.799743652, 71.9285964966, -5.51086187363, 42.4129333496, 9.10086536407, 14.5939950943, 4.79727983475, 10.5478954315, 2.69289302826, 2.69118380547, 2.91186451912, 1.61453092098, -3.53294038773], "cov": [[12247.3818359, 2908.88964844, -1004.54534912, 587.508911133, 85.3289413452, 317.372406006, 105.713424683, 294.207611084, 83.2042388916, 125.954376221, -203.651763916, -47.7123756409, -115.9269104], [2908.88964844, 2902.40795898, -216.813400269, 386.739105225, 171.396759033, 241.94329834, 180.448684692, 137.335693359, 111.775337219, 56.3497924805, -140.779205322, -14.9918498993, -41.2715110779], [-1004.54534912, -216.813400269, 810.425292969, 184.601516724, 16.8723773956, 55.5778083801, 97.9503326416, 32.8980407715, 39.6050033569, 58.3504524231, 41.6977272034, -15.1579341888, 15.6794681549], [587.508911133, 386.739105225, 184.601516724, 456.839996338, 143.207122803, 126.299453735, 40.3010940552, 46.9044952393, 35.156867981, 66.2899627686, -25.6514110565, -24.2472171783, 23.5924739838], [85.3289413452, 171.396759033, 16.8723773956, 143.207122803, 214.295043945, 86.1476974487, 14.1142854691, -15.3040533066, 6.30769920349, 9.79790687561, -22.1041412354, 1.36699950695, 23.5729732513], [317.372406006, 241.94329834, 55.5778083801, 126.299453735, 86.1476974487, 182.472000122, 107.647079468, 59.9499778748, 39.2403717041, 44.1873588562, -9.62584590912, -11.7363843918, -3.28761601448], [105.713424683, 180.448684692, 97.9503326416, 40.3010940552, 14.1142854691, 107.647079468, 154.872314453, 84.1784133911, 50.7295341492, 38.9746551514, 0.911477208138, -10.1528673172, -13.5550327301], [294.207611084, 137.335693359, 32.8980407715, 46.9044952393, -15.3040533066, 59.9499778748, 84.1784133911, 128.038101196, 64.6892547607, 38.4284439087, -2.7017250061, -8.57896327972, -18.0769405365], [83.2042388916, 111.775337219, 39.6050033569, 35.156867981, 6.30769920349, 39.2403717041, 50.7295341492, 64.6892547607, 91.8845367432, 56.8784637451, 6.4922618866, -1.50815451145, -5.34800052643], [125.954376221, 56.3497924805, 58.3504524231, 66.2899627686, 9.79790687561, 44.1873588562, 38.9746551514, 38.4284439087, 56.8784637451, 100.295692444, 41.2273864746, 7.58555316925, -1.04563248158], [-203.651763916, -140.779205322, 41.6977272034, -25.6514110565, -22.1041412354, -9.62584590912, 0.911477208138, -2.7017250061, 6.4922618866, 41.2273864746, 92.9367904663, 43.8227653503, 4.98168182373], [-47.7123756409, -14.9918498993, -15.1579341888, -24.2472171783, 1.36699950695, -11.7363843918, -10.1528673172, -8.57896327972, -1.50815451145, 7.58555316925, 43.8227653503, 74.9459228516, 31.932302475], [-115.9269104, -41.2715110779, 15.6794681549, 23.5924739838, 23.5729732513, -3.28761601448, -13.5550327301, -18.0769405365, -5.34800052643, -1.04563248158, 4.98168182373, 31.932302475, 71.9031524658]]}, "erbbands_flatness_db": {"var": 0.00220192433335, "mean": 0.15162281692, "dmean2": 0.0207560863346, "dvar": 0.000199849964702, "dmean": 0.0141146415845, "max": 0.353676199913, "min": 0.042318854481, "median": 0.14561291039, "dvar2": 0.00036964006722}, "barkbands": {"var": [6.43460850824e-07, 0.000626230903435, 5.09894744027e-05, 1.26370659927e-05, 2.4149163437e-05, 2.07954963116e-06, 1.52382554575e-07, 9.30475778205e-07, 7.23923494661e-06, 1.75118584593e-05, 2.83471877083e-07, 4.71338182706e-07, 8.97539564448e-07, 7.13215683845e-07, 3.30259950942e-07, 9.48544084167e-07, 1.66391930634e-06, 3.88500581039e-07, 3.81658651349e-07, 1.72565094658e-07, 1.95951145088e-07, 5.62135618054e-08, 2.68213238286e-08, 2.36692567768e-08, 1.87467961155e-08, 1.14542730856e-09, 2.7300318256e-11], "mean": [0.0003249150177, 0.0119268987328, 0.00315508223139, 0.00150736758951, 0.00177235912997, 0.000601092237048, 0.000188900114154, 0.000265866139671, 0.00081185385352, 0.00120670045726, 0.000226954944083, 0.000260520610027, 0.000422973302193, 0.000420471362304, 0.000289012386929, 0.000534751801752, 0.000661738275085, 0.00045514467638, 0.000438630086137, 0.000278055318631, 0.000300362618873, 0.000186519886483, 0.000114073503937, 6.77552598063e-05, 4.05980899814e-05, 1.26529293993e-05, 1.41479119975e-06], "dmean2": [0.000522854796145, 0.0169127397239, 0.00624643126503, 0.00276825390756, 0.00332339480519, 0.000653052935377, 0.000253608537605, 0.000297580350889, 0.000629019283224, 0.00041538849473, 0.000239979184698, 0.000290375872282, 0.00043492889381, 0.000410011300119, 0.000294605415547, 0.000504744006321, 0.000563224777579, 0.000359691970516, 0.000381078571081, 0.000274457444903, 0.00020274988492, 9.74384311121e-05, 6.03948064963e-05, 3.36153716489e-05, 2.22944909183e-05, 6.91758168614e-06, 1.02221281395e-06], "dvar": [5.87492195336e-07, 0.000575575686526, 6.39659483568e-05, 1.44592149809e-05, 3.18431521009e-05, 8.32368129977e-07, 1.21541233966e-07, 3.68249828853e-07, 1.425831897e-06, 7.98076371211e-07, 1.35995463779e-07, 3.70828587393e-07, 4.50891860737e-07, 3.11033460321e-07, 1.29595278509e-07, 3.92003670413e-07, 5.55610370157e-07, 1.33132274982e-07, 1.55978625571e-07, 1.4697440065e-07, 5.46191856188e-08, 1.09225481992e-08, 5.59055157723e-09, 6.40255315432e-09, 5.0197517254e-09, 2.80640427563e-10, 8.27522078639e-12], "dmean": [0.000329753151163, 0.0107422983274, 0.00349886459298, 0.00160530558787, 0.00190334848594, 0.000401199882617, 0.000146470483742, 0.000175936685991, 0.00039575289702, 0.00029173240182, 0.00014395044127, 0.000173685228219, 0.00026331396657, 0.000249415432336, 0.000178528978722, 0.000298316765111, 0.000335699209245, 0.000216105589061, 0.000227002572501, 0.000159932416864, 0.000126005063066, 6.22617299086e-05, 3.83271944884e-05, 2.2919381081e-05, 1.66318986885e-05, 5.37484766028e-06, 7.47029957893e-07], "max": [0.00633992627263, 0.202061980963, 0.0605098940432, 0.0421847701073, 0.0677394047379, 0.0271109845489, 0.00711375148967, 0.0192726440728, 0.0311769321561, 0.0340162813663, 0.0149056408554, 0.0167184267193, 0.0166002716869, 0.010819719173, 0.0102237462997, 0.0136261852458, 0.0122725563124, 0.00500919902697, 0.00535464473069, 0.00409715762362, 0.00695966370404, 0.00218668137677, 0.00249209301546, 0.0037591829896, 0.00528070284054, 0.00108681002166, 0.000159034621902], "min": [2.36789695793e-24, 4.62899871537e-24, 3.56583194075e-24, 1.39862149293e-24, 2.02449349966e-23, 7.25709592087e-24, 1.00395132521e-23, 5.76905852345e-24, 3.3562487954e-23, 1.92186679797e-23, 4.10945350325e-23, 5.55797062592e-23, 4.68691609417e-23, 4.79291249411e-23, 8.85315117429e-23, 9.80557828613e-23, 1.11482946464e-22, 1.15622295271e-22, 1.83208085854e-22, 1.85159752977e-22, 2.55840844426e-22, 3.81790502772e-22, 5.23218546089e-22, 7.17796174937e-22, 9.85626493432e-22, 1.3994970031e-21, 2.00331895835e-21], "median": [9.65952858678e-06, 0.00283865490928, 0.000677253701724, 0.000275691301795, 0.00028896011645, 0.00018226596876, 4.32919769082e-05, 2.95989448205e-05, 5.63277426409e-05, 3.29647482431e-05, 2.96867074212e-05, 3.15148063237e-05, 5.98143305979e-05, 6.12709918641e-05, 4.41850788775e-05, 0.000110099164885, 9.6132120234e-05, 0.000178780974238, 0.000197332265088, 0.000120706128655, 0.000132149099954, 8.47279588925e-05, 4.6469267545e-05, 2.84470443148e-05, 1.24489524751e-05, 3.29421959577e-06, 1.82211550737e-07], "dvar2": [1.363582669e-06, 0.00130016938783, 0.000176322253537, 3.74412702513e-05, 8.80696607055e-05, 1.88128694845e-06, 3.30473710619e-07, 1.00759848465e-06, 3.31748651661e-06, 1.47999094224e-06, 3.54027804406e-07, 9.37685399549e-07, 1.0793456795e-06, 8.11615848306e-07, 3.37072805223e-07, 1.08329004433e-06, 1.62021785854e-06, 3.6115628177e-07, 4.1111036353e-07, 4.07793947943e-07, 1.39415391232e-07, 2.60600661051e-08, 1.27370922698e-08, 1.22073027242e-08, 9.46087297393e-09, 4.28108187789e-10, 1.48812177858e-11]}, "spectral_energyband_low": {"var": 0.00103774573654, "mean": 0.0162433516234, "dmean2": 0.0215074419975, "dvar": 0.000889801885933, "dmean": 0.0138494251296, "max": 0.246237561107, "min": 1.48739045259e-23, "median": 0.00445715524256, "dvar2": 0.00195915834047}, "erbbands_spread": {"var": 546.458129883, "mean": 41.126625061, "dmean2": 12.9335975647, "dvar": 87.7874221802, "dmean": 8.27014160156, "max": 144.915985107, "min": 4.43505477905, "median": 34.9622573853, "dvar2": 193.088363647}, "average_loudness": 0.6783208251, "spectral_energyband_middle_high": {"var": 4.68962243758e-05, "mean": 0.00503167975694, "dmean2": 0.00225461670198, "dvar": 5.47696890862e-06, "dmean": 0.0014480863465, "max": 0.0414577312768, "min": 1.26386240476e-21, "median": 0.0015922691673, "dvar2": 1.35829004648e-05}, "barkbands_flatness_db": {"var": 0.0024446148891, "mean": 0.131860330701, "dmean2": 0.0365422591567, "dvar": 0.000618430087343, "dmean": 0.0230647139251, "max": 0.303172916174, "min": 0.02102368325, "median": 0.128226712346, "dvar2": 0.00144549401011}, "spectral_entropy": {"var": 0.107482634485, "mean": 7.91198778152, "dmean2": 0.157322153449, "dvar": 0.0118754673749, "dmean": 0.101644076407, "max": 9.82077503204, "min": 6.62275743484, "median": 7.89321136475, "dvar2": 0.0246975384653}, "melbands_skewness": {"var": 8.76750087738, "mean": 2.92474508286, "dmean2": 1.64067924023, "dvar": 1.64099931717, "dmean": 1.06098914146, "max": 14.7430515289, "min": -2.17499947548, "median": 1.99899840355, "dvar2": 3.54833626747}, "spectral_contrast_coeffs": {"var": [0.00655091833323, 0.00781619083136, 0.00955341849476, 0.00329242949374, 0.00182436581235, 0.00212780991569], "mean": [-0.708563685417, -0.782729685307, -0.798871278763, -0.80801820755, -0.799251019955, -0.74111533165], "dmean2": [0.083261154592, 0.0748954191804, 0.0573297850788, 0.0445232912898, 0.0307017248124, 0.0249678101391], "dvar": [0.00178337434772, 0.00143147271592, 0.00083478592569