{"tonal": {"hpcp": {"dvar": [0.0246821846813, 0.0180457867682, 0.0120794717222, 0.0104190045968, 0.00985626131296, 0.00975727848709, 0.016597148031, 0.0162750408053, 0.0251504164189, 0.0298871081322, 0.0202686488628, 0.0111901182681, 0.00944573245943, 0.00920431222767, 0.0143315717578, 0.0228714831173, 0.0125393141061, 0.00942924246192, 0.0106471478939, 0.0112918289378, 0.0137484166771, 0.0161506254226, 0.0176479574293, 0.018573122099, 0.0184248350561, 0.0111768115312, 0.0095194214955, 0.01008648891, 0.0154348807409, 0.0307754576206, 0.0403280556202, 0.0333387665451, 0.0266116708517, 0.0201081316918, 0.0198859181255, 0.0238597784191], "var": [0.0575627572834, 0.0301800556481, 0.011156655848, 0.00763288885355, 0.0087784556672, 0.0210732389241, 0.0403065010905, 0.0198840145022, 0.0737658590078, 0.175854101777, 0.0563617423177, 0.00796555355191, 0.00602583866566, 0.00661522801965, 0.0256761386991, 0.0512521825731, 0.0168516281992, 0.00697033666074, 0.00853554997593, 0.0112211629748, 0.0188850257546, 0.0302557945251, 0.0243196487427, 0.0628779232502, 0.139555886388, 0.0413151830435, 0.00717464881018, 0.00755936512724, 0.0133669823408, 0.0796541199088, 0.159490793943, 0.0767562389374, 0.0241139419377, 0.0150295384228, 0.0181247256696, 0.0365057848394], "median": [0.0130835883319, 0.00920197740197, 0.00257180258632, 0.00165721320082, 0.00296439789236, 0.0147997364402, 0.0208103395998, 0.0246669091284, 0.126107871532, 0.198524519801, 0.0886602848768, 0.00368005060591, 0.00105973589234, 0.00304354308173, 0.025226444006, 0.0434374585748, 0.0245489757508, 0.00313284341246, 0.00128071592189, 0.00201967172325, 0.00947361811996, 0.0135733904317, 0.0130766397342, 0.0096747931093, 0.00597227271646, 0.00385842658579, 0.00362320616841, 0.00301242666319, 0.012443237938, 0.156719446182, 0.280684232712, 0.126616209745, 0.00383550324477, 0.00103270588443, 0.00188991904724, 0.00824292376637], "max": [1, 1, 1, 1, 1, 1, 1, 1, 1, 1, 1, 1, 1, 1, 1, 1, 1, 1, 1, 1, 1, 1, 1, 1, 1, 1, 1, 1, 1, 1, 1, 1, 1, 1, 1, 1], "dmean": [0.0662473589182, 0.0501768141985, 0.0294837523252, 0.023514488712, 0.0253630485386, 0.0404246672988, 0.0572927892208, 0.0590886361897, 0.10523892194, 0.0944771319628, 0.0868200138211, 0.0326701775193, 0.0218813139945, 0.0241985172033, 0.0600928477943, 0.0827280804515, 0.0522058792412, 0.026704095304, 0.0244208872318, 0.026677004993, 0.0410265214741, 0.0496903769672, 0.0494421720505, 0.0582765340805, 0.0458932295442, 0.041808784008, 0.0286549385637, 0.0308976639062, 0.048312112689, 0.120310604572, 0.133071318269, 0.115869171917, 0.0643480718136, 0.0410240106285, 0.0416453815997, 0.0603641681373], "dmean2": [0.110059201717, 0.0836550071836, 0.0518319271505, 0.04287231341, 0.0453856177628, 0.0670182481408, 0.0947627797723, 0.100680120289, 0.170231103897, 0.150202617049, 0.143118038774, 0.0587927773595, 0.0401421748102, 0.0433951951563, 0.0971902534366, 0.133290052414, 0.0858821868896, 0.0480406060815, 0.0444680452347, 0.0478133670986, 0.0700310766697, 0.0821194648743, 0.0844460949302, 0.0989864096045, 0.0781606286764, 0.0711377486587, 0.0509091280401, 0.0551182851195, 0.0848331898451, 0.192586749792, 0.21245752275, 0.191634207964, 0.115118987858, 0.0755761191249, 0.0740940645337, 0.102405801415], "mean": [0.110699348152, 0.0697632730007, 0.0273665171117, 0.0190192423761, 0.0234942808747, 0.0644454285502, 0.0948990657926, 0.0747653618455, 0.253242760897, 0.41148647666, 0.206082671881, 0.0260953139514, 0.0160990133882, 0.020445516333, 0.0886366814375, 0.137119531631, 0.0735138654709, 0.0220415461808, 0.0196118410677, 0.024793677032, 0.0514406487346, 0.0737046822906, 0.0663558617234, 0.143986105919, 0.20891200006, 0.106370694935, 0.0255362801254, 0.0271732360125, 0.0490117333829, 0.272548615932, 0.440736740828, 0.244155108929, 0.0563993155956, 0.0303178559989, 0.0373922362924, 0.081199914217], "dvar2": [0.0608071982861, 0.0463733561337, 0.0328338444233, 0.0291345398873, 0.0280685592443, 0.0248287767172, 0.0414621196687, 0.0449607670307, 0.0647302940488, 0.065790951252, 0.0514971874654, 0.0315416269004, 0.0270120240748, 0.0260501466691, 0.0358260311186, 0.0538745522499, 0.0325930789113, 0.026262011379, 0.0290954802185, 0.0312792472541, 0.0370754227042, 0.0404319316149, 0.0474575050175, 0.0474752485752, 0.0434342622757, 0.029819605872, 0.026718897745, 0.0275888815522, 0.0414779558778, 0.0755392313004, 0.0912378653884, 0.0852386504412, 0.0708684548736, 0.0564972087741, 0.0543599165976, 0.06143854931], "min": [0, 0, 0, 0, 0, 0, 0, 0, 0, 0, 0, 0, 0, 0, 0, 0, 0, 0, 0, 0, 0, 0, 0, 0, 0, 0, 0, 0, 0, 0, 0, 0, 0, 0, 0, 0]}, "key_key": "C", "thpcp": [1, 0.553970396519, 0.12796600163, 0.0687890350819, 0.084840297699, 0.184236764908, 0.251168876886, 0.158287853003, 0.0620926618576, 0.0431532934308, 0.0533068366349, 0.146222040057, 0.215319156647, 0.169637233019, 0.5745896101, 0.933633267879, 0.467586785555, 0.0592083930969, 0.0365275032818, 0.0463894084096, 0.201110258698, 0.311114370823, 0.166797682643, 0.0500106848776, 0.0444978587329, 0.0562550723553, 0.11671513319, 0.167230635881, 0.15055668354, 0.326694130898, 0.474006325006, 0.241347461939, 0.0579399839044, 0.0616541206837, 0.111204102635, 0.618393242359], "chords_key": "C", "tuning_equal_tempered_deviation": 0.00112553895451, "tuning_frequency": 438.984558105, "tuning_diatonic_strength": 0.676103591919, "chords_histogram": [48.6603164673, 1.65227746964, 15.3914852142, 0.119083061814, 0.238166123629, 0.133968442678, 0.0297707654536, 0.0446561463177, 0, 0, 0, 0, 0, 0, 0, 0.714498341084, 0.0297707654536, 7.53200340271, 0, 1.086632967, 0.803810656071, 10.910984993, 11.4170885086, 1.23548674583], "key_strength": 0.866583585739, "key_scale": "major", "chords_strength": {"dvar": 3.69038098142e-05, "var": 0.00744765251875, "median": 0.515097975731, "max": 0.787719607353, "dmean": 0.00669139903039, "dmean2": 0.0053713163361, "mean": 0.516957461834, "dvar2": 2.95442187053e-05, "min": 0.264456689358}, "chords_number_rate": 0.00119083060417, "tuning_nontempered_energy_ratio": 0.621560871601, "hpcp_entropy": {"dvar": 0.195598945022, "var": 0.470865815878, "median": 1.48095083237, "max": 3.97259783745, "dmean": 0.486762285233, "dmean2": 0.819606482983, "mean": 1.43418598175, "dvar2": 0.493492871523, "min": 0}, "chords_changes_rate": 0.0339386723936, "chords_scale": "major"}, "rhythm": {"bpm_histogram_first_peak_spread": {"dvar": 0, "var": 0, "median": 0.483592420816, "max": 0.483592420816, "dmean": 0, "dmean2": 0, "mean": 0.483592420816, "dvar2": 0, "min": 0.483592420816}, "bpm_histogram_first_peak_weight": {"dvar": 0, "var": 0, "median": 0.440353453159, "max": 0.440353453159, "dmean": 0, "dmean2": 0, "mean": 0.440353453159, "dvar2": 0, "min": 0.440353453159}, "bpm_histogram_first_peak_bpm": {"dvar": 0, "var": 0, "median": 133, "max": 133, "dmean": 0, "dmean2": 0, "mean": 133, "dvar2": 0, "min": 133}, "bpm": 133.364746094, "bpm_histogram_second_peak_weight": {"dvar": 0, "var": 0, "median": 0.0471281297505, "max": 0.0471281297505, "dmean": 0, "dmean2": 0, "mean": 0.0471281297505, "dvar2": 0, "min": 0.0471281297505}, "beats_loudness": {"dvar": 0.000743389304262, "var": 0.000935207121074, "median": 0.0108742238954, "max": 0.174766331911, "dmean": 0.0190716609359, "dmean2": 0.0332492403686, "mean": 0.0234080199152, "dvar2": 0.00215568067506, "min": 5.77182817096e-08}, "beats_loudness_band_ratio": {"dvar": [0.0363732092083, 0.0219928659499, 0.0250718500465, 0.0324366278946, 0.00150939146988, 0.00263459631242], "var": [0.0882558450103, 0.0397650934756, 0.0443224236369, 0.0407226160169, 0.00168040802237, 0.00145454646554], "median": [0.407116442919, 0.170961901546, 0.174014240503, 0.0932308733463, 0.0235416926444, 0.0052630379796], "max": [0.987816214561, 0.924926757813, 0.902365922928, 0.967191338539, 0.296368062496, 0.624815642834], "dmean": [0.189496070147, 0.142728701234, 0.153276205063, 0.142852887511, 0.0288106109947, 0.0148419747129], "dmean2": [0.323361426592, 0.24717605114, 0.262854009867, 0.251659035683, 0.0496451109648, 0.0278555583209], "mean": [0.416465699673, 0.230360686779, 0.243492424488, 0.169027402997, 0.0371033139527, 0.0127460928634], "dvar2": [0.0909735113382, 0.0573148429394, 0.0614904090762, 0.0844754725695, 0.00413222424686, 0.00776250660419], "min": [0.000702246150468, 0.000542456051335, 0.00255749258213, 0.00178767938633, 0.000988689716905, 0.000177183930646]}, "bpm_histogram_second_peak_bpm": {"dvar": 0, "var": 0, "median": 126, "max": 126, "dmean": 0, "dmean2": 0, "mean": 126, "dvar2": 0, "min": 126}, "onset_rate": 3.26015377045, "beats_count": 680, "beats_position": [0.452789098024, 0.917188167572, 1.39319729805, 1.86920630932, 2.34521532059, 2.80961441994, 3.26240348816, 3.7151927948, 4.1679816246, 4.62077093124, 5.07355976105, 5.52634906769, 5.9675283432, 6.40870714188, 6.86149644852, 7.31428575516, 7.75546455383, 8.19664382935, 8.64943313599, 9.0906124115, 9.54340076447, 9.98458003998, 10.4373693466, 10.8901586533, 11.3313379288, 11.7725172043, 12.2253055573, 12.6780948639, 13.1192741394, 13.5604534149, 14.0016326904, 14.4428119659, 14.8839902878, 15.3367795944, 15.7895689011, 16.2307472229, 16.6719264984, 17.1131057739, 17.5542850494, 18.0070743561, 18.4598636627, 18.9010429382, 19.3422222137, 19.7834014893, 20.2245807648, 20.6773700714, 21.1301574707, 21.5829467773, 22.035736084, 22.4769153595, 22.918094635, 23.3708839417, 23.8236732483, 24.2648525238, 24.7060317993, 25.1472110748, 25.5883903503, 26.0411777496, 26.4939670563, 26.9467563629, 27.3995456696, 27.8407249451, 28.2935142517, 28.7463035583, 29.1874828339, 29.6402721405, 30.0930614471, 30.5458488464, 30.9870281219, 31.4398174286, 31.8809967041, 32.3337860107, 32.7865753174, 33.239364624, 33.6921539307, 34.2029914856, 34.7138328552, 35.2246704102, 35.7355079651, 36.2463493347, 36.7571868896, 37.2215881348, 37.6743774414, 38.1271629333, 38.57995224, 39.0211334229, 39.4739227295, 39.9151000977, 40.3678894043, 40.8206787109, 41.2618598938, 41.703037262, 42.1558265686, 42.6086158752, 43.0497932434, 43.4909744263, 43.9321517944, 44.3849411011, 44.8261222839, 45.2789115906, 45.7200889587, 46.1612701416, 46.6140594482, 47.0552368164, 47.508026123, 47.9492073059, 48.3903846741, 48.8315620422, 49.2727432251, 49.7139205933, 50.1551017761, 50.5962791443, 51.0374603271, 51.4786376953, 51.9082069397, 52.3609962463, 52.813785553, 53.2665748596, 53.7193641663, 54.1721534729, 54.6249427795, 55.0777320862, 55.5189094543, 55.9600906372, 56.4012680054, 56.8424491882, 57.2952384949, 57.7480278015, 58.2124252319, 58.6768226624, 59.1412239075, 59.5707931519, 60.0003623962, 60.4183197021, 60.8362808228, 61.2890701294, 61.741859436, 62.1830368042, 62.6242179871, 63.0653953552, 63.5065765381, 63.95936203, 64.4121551514, 64.8533325195, 65.2945098877, 65.7356872559, 66.1768722534, 66.6180496216, 67.0708389282, 67.5120162964, 67.964805603, 68.4059829712, 68.8587722778, 69.3115615845, 69.7527389526, 70.1939239502, 70.6351013184, 71.087890625, 71.5406799316, 71.9818572998, 72.4346466064, 72.8874359131, 73.3286132813, 73.7814025879, 74.2341918945, 74.6869812012, 75.1397705078, 75.5925598145, 76.0453491211, 76.4865264893, 76.9393157959, 77.3921051025, 77.8448944092, 78.2976837158, 78.738861084, 79.1800460815, 79.6444396973, 80.0972290039, 80.5500183105, 80.9912033081, 81.4323806763, 81.8851699829, 82.3263473511, 82.7675247192, 83.2087097168, 83.661491394, 84.1142807007, 84.5670700073, 85.019859314, 85.4726486206, 85.9370498657, 86.3898391724, 86.8542404175, 87.3186416626, 87.7714233398, 88.2242126465, 88.6770019531, 89.1297912598, 89.5825805664, 90.035369873, 90.4765548706, 90.9293441772, 91.3821334839, 91.8349151611, 92.2877044678, 92.7521057129, 93.2048950195, 93.6692962646, 94.1220855713, 94.5748748779, 95.0276641846, 95.4804534912, 95.9332427979, 96.374420166, 96.8272094727, 97.2799987793, 97.7327880859, 98.1855773926, 98.6383666992, 99.0911560059, 99.5439453125, 100.008346558, 100.472740173, 100.937141418, 101.389930725, 101.842720032, 102.307121277, 102.748298645, 103.201087952, 103.653877258, 104.118278503, 104.571060181, 105.023849487, 105.476638794, 105.929428101, 106.370613098, 106.823402405, 107.276191711, 107.740585327, 108.193374634, 108.657775879, 109.110565186, 109.563354492, 110.016143799, 110.457321167, 110.910110474, 111.36289978, 111.815689087, 112.268478394, 112.7212677, 113.174057007, 113.626846313, 114.07963562, 114.544036865, 115.020042419, 115.507659912, 116.041717529, 116.575782776, 117.109840393, 117.585845947, 118.050247192, 118.526252747, 119.00226593, 119.478271484, 119.942672729, 120.395462036, 120.848251343, 121.301040649, 121.753829956, 122.206619263, 122.659408569, 123.112197876, 123.564987183, 124.017776489, 124.458953857, 124.900131226, 125.341316223, 125.79410553, 126.246894836, 126.688072205, 127.129249573, 127.570426941, 128.011611938, 128.452789307, 128.893966675, 129.346755981, 129.811157227, 130.275558472, 130.728347778, 131.181137085, 131.633926392, 132.07510376, 132.516281128, 132.957458496, 133.398635864, 133.839813232, 134.280990601, 134.733779907, 135.186569214, 135.639358521, 136.092147827, 136.533325195, 136.986114502, 137.42729187, 137.880081177, 138.321273804, 138.762451172, 139.20362854, 139.644805908, 140.097595215, 140.538772583, 140.99156189, 141.444351196, 141.897140503, 142.34992981, 142.802719116, 143.267120361, 143.731521606, 144.195922852, 144.660308838, 145.124710083, 145.6587677, 146.192825317, 146.726898193, 147.19128418, 147.667297363, 148.143310547, 148.61932373, 149.083709717, 149.5597229, 150.024124146, 150.476913452, 150.929702759, 151.382492065, 151.835281372, 152.299682617, 152.740859985, 153.193649292, 153.646438599, 154.099227905, 154.552017212, 155.004806519, 155.457595825, 155.910385132, 156.363174438, 156.815963745, 157.268753052, 157.70993042, 158.151107788, 158.603897095, 159.056686401, 159.49786377, 159.950653076, 160.403442383, 160.844619751, 161.297409058, 161.750198364, 162.191375732, 162.644165039, 163.096954346, 163.549743652, 164.002532959, 164.443710327, 164.884887695, 165.326080322, 165.778869629, 166.231658936, 166.672836304, 167.12562561, 167.578414917, 168.019592285, 168.460769653, 168.901947021, 169.331512451, 169.772689819, 170.225479126, 170.666656494, 171.107849121, 171.560638428, 172.001815796, 172.454605103, 172.919006348, 173.360183716, 173.801361084, 174.254150391, 174.706939697, 175.159729004, 175.612518311, 176.065307617, 176.518096924, 176.982498169, 177.446884155, 177.9112854, 178.364074707, 178.816864014, 179.26965332, 179.722442627, 180.175231934, 180.62802124, 181.080810547, 181.533599854, 181.974777222, 182.427566528, 182.880355835, 183.333145142, 183.785934448, 184.238723755, 184.691513062, 185.155914307, 185.608703613, 186.06149292, 186.514282227, 186.967071533, 187.41986084, 187.872650146, 188.325439453, 188.77822876, 189.231018066, 189.683807373, 190.13659668, 190.589385986, 191.042175293, 191.4949646, 191.947753906, 192.388931274, 192.841720581, 193.294509888, 193.747299194, 194.200088501, 194.652877808, 195.094055176, 195.535232544, 195.988021851, 196.440811157, 196.881988525, 197.323165894, 197.764343262, 198.217132568, 198.669921875, 199.111114502, 199.575500488, 200.039901733, 200.504302979, 200.980316162, 201.467926025, 201.943939209, 202.419952393, 202.895965576, 203.360351563, 203.859588623, 204.370422363, 204.869659424, 205.357269287, 205.856506348, 206.355728149, 206.901397705, 207.447067261, 207.992736816, 208.550018311, 209.107299805, 209.664581299, 210.233459473, 210.790740967, 211.348022461, 211.905303955, 212.462585449, 212.938583374, 213.414596558, 213.90222168, 214.389831543, 214.854232788, 215.318634033, 215.783035278, 216.247436523, 216.735046387, 217.199447632, 217.663848877, 218.128250122, 218.592651367, 219.057052612, 219.521453857, 219.985839844, 220.43862915, 220.891418457, 221.379043579, 221.866668701, 222.365890503, 223.004440308, 223.631378174, 224.269927979, 224.920089722, 225.570251465, 226.115921021, 226.661590576, 227.195648193, 227.671646118, 228.15927124, 228.646896362, 229.134506226, 229.622131348, 230.109741211, 230.585754395, 231.061767578, 231.526168823, 232.002166748, 232.478179932, 232.954193115, 233.476638794, 233.987472534, 234.498321533, 235.009155273, 235.531600952, 236.05406189, 236.506851196, 236.959625244, 237.400817871, 237.841995239, 238.294784546, 238.747573853, 239.200363159, 239.641540527, 240.082717896, 240.523895264, 240.97668457, 241.441085815, 241.905487061, 242.381484985, 242.869110107, 243.356735229, 243.809524536, 244.262313843, 244.715103149, 245.179489136, 245.643890381, 246.108291626, 246.58430481, 247.037094116, 247.501495361, 247.965896606, 248.430297852, 248.883071899, 249.347473145, 249.835098267, 250.31111145, 250.787109375, 251.228302002, 251.66947937, 252.122268677, 252.563446045, 253.004623413, 253.445800781, 253.886978149, 254.328155518, 254.769332886, 255.210510254, 255.651702881, 256.09286499, 256.534057617, 256.975219727, 257.416412354, 257.85760498, 258.29876709, 258.739959717, 259.192749023, 259.64553833, 260.086700439, 260.539489746, 260.992279053, 261.445068359, 261.886260986, 262.327423096, 262.768615723, 263.221405029, 263.674194336, 264.126983643, 264.579772949, 265.032562256, 265.485351563, 265.938140869, 266.390930176, 266.843719482, 267.284881592, 267.737670898, 268.190460205, 268.631652832, 269.072814941, 269.514007568, 269.966796875, 270.419586182, 270.860778809, 271.301940918, 271.754730225, 272.207519531, 272.660308838, 273.101501465, 273.554290771, 274.007080078, 274.448242188, 274.889434814, 275.353820801, 275.818237305, 276.294250488, 276.735412598, 277.164978027, 277.594543457, 278.047332764, 278.488525391, 278.9296875, 279.370880127, 279.823669434, 280.264862061, 280.70602417, 281.158813477, 281.611602783, 282.05279541, 282.505584717, 282.958374023, 283.399536133, 283.84072876, 284.293518066, 284.746307373, 285.187469482, 285.640258789, 286.081451416, 286.522613525, 286.975402832, 287.428192139, 287.880981445, 288.322174072, 288.763336182, 289.204528809, 289.645721436, 290.098510742, 290.551300049, 290.992462158, 291.433654785, 291.874816895, 292.327606201, 292.780395508, 293.221588135, 293.662750244, 294.103942871, 294.54510498, 294.986297607, 295.427490234, 295.868652344, 296.309844971, 296.75100708, 297.192199707, 297.633361816, 298.074554443, 298.504119873, 298.95690918, 299.398101807, 299.839263916, 300.280456543, 300.721618652, 301.174407959, 301.627197266, 302.079986572, 302.532775879, 302.985565186, 303.438354492, 303.879547119, 304.320709229, 304.761901855, 305.203063965, 305.644256592, 306.085449219, 306.538238525, 306.991027832, 307.455413818, 307.919799805, 308.384216309, 308.848602295, 309.313018799, 309.789031982, 310.265014648, 310.741027832, 311.205444336], "danceability": 0.880512475967, "bpm_histogram_second_peak_spread": {"dvar": 0, "var": 0, "median": 0.333333343267, "max": 0.333333343267, "dmean": 0, "dmean2": 0, "mean": 0.333333343267, "dvar2": 0, "min": 0.333333343267}}, "lowlevel": {"spectral_flux": {"dvar": 0.000918144884054, "var": 0.0025058942847, "median": 0.0252104047686, "max": 0.469847887754, "dmean": 0.0154448747635, "dmean2": 0.0244474019855, "mean": 0.043520193547, "dvar2": 0.00210034521297, "min": 6.81256231982e-11}, "spectral_rolloff": {"dvar": 327896.46875, "var": 764728.9375, "median": 753.662109375, "max": 19250.6835938, "dmean": 203.393569946, "dmean2": 342.21887207, "mean": 857.17980957, "dvar2": 678595.125, "min": 64.599609375}, "barkbands_flatness_db": {"dvar": 0.000374834198738, "var": 0.00247947569005, "median": 0.19404053688, "max": 0.395428389311, "dmean": 0.0185215324163, "dmean2": 0.026024306193, "mean": 0.19278767705, "dvar2": 0.000760209630243, "min": 0.0338481925428}, "spectral_centroid": {"dvar": 36707.21875, "var": 153789.96875, "median": 760.059387207, "max": 11109.1005859, "dmean": 121.854507446, "dmean2": 186.081420898, "mean": 818.555419922, "dvar2": 73981.046875, "min": 204.420547485}, "melbands_skewness": {"dvar": 0.380605131388, "var": 2.41118645668, "median": 1.90823411942, "max": 13.529665947, "dmean": 0.489403009415, "dmean2": 0.715912878513, "mean": 2.10350751877, "dvar2": 0.823752820492, "min": -3.01808404922}, "melbands": {"dvar": [9.09857499209e-06, 8.31922352518e-06, 9.55441919359e-07, 6.02924217219e-08, 7.59098242042e-08, 1.74346439508e-07, 2.14831629819e-07, 2.43994264792e-07, 4.69343035547e-08, 1.03739296264e-07, 4.40392881274e-07, 2.78263087239e-07, 7.83504177093e-08, 1.61079860561e-08, 5.27690735552e-09, 1.1595651106e-09, 5.68330671413e-09, 3.27305516024e-09, 8.5642770653e-10, 5.17170473113e-10, 3.23396392998e-10, 1.20191898101e-10, 1.20089591049e-10, 9.36990970923e-11, 2.42582863519e-11, 7.28905564379e-12, 5.13914171635e-12, 9.98621844939e-12, 1.06842980643e-11, 2.37475295504e-12, 3.69812904258e-12, 3.2671398139e-12, 3.0454176507e-12, 3.26916336883e-12, 2.70118085885e-12, 1.40466219385e-12, 1.74400901706e-12, 1.38176351871e-12, 1.02429664143e-12, 1.64137681311e-12], "var": [1.04166410893e-05, 7.16223576092e-06, 1.31094031985e-06, 2.06438926398e-07, 2.2447912329e-07, 5.54018413368e-07, 8.10916048977e-07, 2.37820472648e-06, 1.51651434521e-07, 3.11933007424e-07, 1.60349361522e-06, 1.98136081053e-06, 3.71593728232e-07, 1.02081912701e-07, 1.82878636679e-08, 4.17888568194e-09, 1.85493842508e-08, 9.59532719946e-09, 2.63462363037e-09, 1.46585854566e-09, 9.99010763003e-10, 6.43986752813e-10, 4.08669348362e-10, 1.54373305805e-10, 4.11153056046e-11, 1.33542578037e-11, 1.07658751705e-11, 1.32578392709e-11, 1.13729936926e-11, 3.30132037159e-12, 4.43130341449e-12, 5.00834226522e-12, 5.35609273947e-12, 6.02695931357e-12, 4.44942823905e-12, 2.22765013901e-12, 2.22369757157e-12, 2.46096285711e-12, 2.42416633642e-12, 5.48347348431e-12], "median": [0.000151516287588, 0.000173869266291, 0.000121111916087, 0.000117316129035, 5.20848625456e-05, 4.71659950563e-05, 4.78721303807e-05, 4.69424157927e-05, 2.36931446125e-05, 1.22537976495e-05, 2.16894186451e-05, 1.01359592009e-05, 1.06150255306e-05, 9.45915871853e-06, 7.07885601514e-06, 4.27733948527e-06, 5.85780662732e-06, 2.5751821795e-06, 2.34142362388e-06, 2.22067160394e-06, 1.13273608804e-06, 8.93460992302e-07, 7.51458230752e-07, 5.28201667294e-07, 4.01665033678e-07, 4.06070284953e-07, 3.09614421212e-07, 1.97213253728e-07, 7.55638396299e-08, 5.09591551179e-08, 3.14483372676e-08, 2.05008703347e-08, 1.34871394053e-08, 1.35120021838e-08, 1.24959864678e-08, 1.06179403048e-08, 8.31151325542e-09, 6.14839645863e-09, 5.99607874463e-09, 5.16659737215e-09], "max": [0.0615263618529, 0.0693721696734, 0.054322835058, 0.0100552719086, 0.00791501812637, 0.0184842720628, 0.0177262686193, 0.0191206391901, 0.00640324596316, 0.0205963496119, 0.021848410368, 0.0212954115123, 0.0116578442976, 0.00726253539324, 0.00609869882464, 0.00124499783851, 0.00470985239372, 0.00243973219767, 0.00110903312452, 0.000896479527, 0.00103237456642, 0.000421895005275, 0.000321572850225, 0.000371098954929, 0.000201532515348, 0.000120169046568, 9.31559625315e-05, 0.000214585816138, 0.00026238700957, 0.00010132110765, 0.000148142818944, 0.000120093369333, 0.000115030750749, 0.000132807530463, 8.66573973326e-05, 5.23256785527e-05, 5.1868668379e-05, 4.38873976236e-05, 5.31381447217e-05, 9.8138305475e-05], "dmean": [0.000457419053419, 0.000431371619925, 0.000155170433572, 7.99588669906e-05, 7.21509422874e-05, 0.000111167741125, 0.000113457412226, 0.000116232040455, 6.05952955084e-05, 7.28432496544e-05, 0.000169391787495, 0.000115490096505, 5.79899169679e-05, 3.40721853718e-05, 1.82277781278e-05, 1.0425615983e-05, 1.87195146282e-05, 1.3188482626e-05, 8.1221542132e-06, 6.7548626248e-06, 4.85573582409e-06, 3.28509258907e-06, 3.16134673994e-06, 2.15046725316e-06, 1.24517646327e-06, 9.16960345876e-07, 7.106667681e-07, 6.855947845e-07, 4.28035548339e-07, 2.4698897505e-07, 2.32921379961e-07, 2.37980998463e-07, 2.24444846708e-07, 2.35709919139e-07, 2.22961929808e-07, 1.76833310661e-07, 1.70902339391e-07, 1.48235216102e-07, 1.35395325174e-07, 1.46576994098e-07], "dmean2": [0.000763093237765, 0.000763097894378, 0.000260591623373, 0.000121665420011, 0.000107647640107, 0.000161520889378, 0.000160010284162, 0.000160896670423, 8.41021028464e-05, 0.000103509846667, 0.000240412467974, 0.000162597905728, 7.9501500295e-05, 4.87103716296e-05, 2.62203066086e-05, 1.58125731105e-05, 2.79546093225e-05, 1.93875039258e-05, 1.22961209854e-05, 1.06776642497e-05, 7.70288897911e-06, 5.29666795046e-06, 5.10009704158e-06, 3.34698006554e-06, 1.98360999093e-06, 1.54686040332e-06, 1.18051389109e-06, 1.10379664875e-06, 6.80823347921e-07, 3.86041904221e-07, 3.63479784937e-07, 3.64378479389e-07, 3.32316972163e-07, 3.45341845787e-07, 3.306293479e-07, 2.64963148311e-07, 2.61969802295e-07, 2.25547964305e-07, 2.06549017889e-07, 2.19961037828e-07], "mean": [0.00107227568515, 0.000990651082247, 0.000398131116526, 0.000236743915593, 0.000161630421644, 0.000253963051364, 0.000259701046161, 0.000362305348972, 0.0001292093948, 0.000126452185214, 0.000362505204976, 0.000296705024084, 0.000137259077746, 7.93725339463e-05, 3.67466345779e-05, 1.94276035472e-05, 3.49589681718e-05, 2.46136078204e-05, 1.48426415763e-05, 1.31208289531e-05, 1.03045740616e-05, 7.90553440311e-06, 6.59535999148e-06, 3.61243337466e-06, 2.16689727495e-06, 1.45532817442e-06, 1.23588631595e-06, 1.18963146178e-06, 6.80573862155e-07, 3.77430268372e-07, 3.23722247231e-07, 3.13565692522e-07, 3.1801471323e-07, 3.54861953156e-07, 3.32681452164e-07, 2.78471958381e-07, 2.54073142969e-07, 2.34460244997e-07, 2.18638462002e-07, 2.45001558596e-07], "dvar2": [2.40166918957e-05, 2.40733425017e-05, 2.63684410129e-06, 1.5824878119e-07, 1.7248598283e-07, 3.81948893846e-07, 4.42979711579e-07, 4.75204871009e-07, 8.98523850879e-08, 2.06572451589e-07, 8.78277774063e-07, 5.42412180948e-07, 1.37074437134e-07, 3.14009902525e-08, 8.44049719007e-09, 2.35733876863e-09, 9.45465039592e-09, 6.95859680988e-09, 1.73200942477e-09, 1.15751563889e-09, 7.79131592576e-10, 2.97593755194e-10, 2.92563168136e-10, 1.9402265905e-10, 5.78708227172e-11, 1.86219668158e-11, 1.267001868e-11, 2.54581043746e-11, 2.62229803843e-11, 5.35244721808e-12, 8.88789562781e-12, 6.5511181549e-12, 5.54711615183e-12, 5.64340588149e-12, 5.35337095833e-12, 2.95605402136e-12, 4.1309863516e-12, 3.10977025381e-12, 2.20610487343e-12, 3.15401524342e-12], "min": [1.53054161742e-23, 1.22331658244e-23, 9.35980781918e-24, 5.63904990753e-24, 7.65648830857e-24, 1.17151311231e-23, 2.42571651798e-24, 3.5365190528e-24, 7.00819216147e-24, 4.5165422546e-24, 3.03782623485e-24, 1.06909971861e-23, 9.62589770226e-24, 1.39427630901e-23, 5.58959779511e-24, 7.85463360188e-24, 7.16176996908e-24, 5.16935305266e-24, 5.73721102541e-24, 8.07447099237e-24, 4.45503634754e-24, 9.90746424743e-24, 7.96024393329e-24, 5.96658968855e-24, 6.62785707551e-24, 9.06621666722e-24, 1.345529596e-23, 8.14889134131e-24, 8.40927618232e-24, 5.15525019183e-24, 8.14513794112e-24, 9.57217311917e-24, 8.51691388625e-24, 9.28812323986e-24, 9.5813554601e-24, 9.712558017e-24, 5.50505281088e-24, 7.0967796634e-24, 1.02298212123e-23, 8.35583164485e-24]}, "spectral_decrease": {"dvar": 1.54530788382e-17, "var": 4.04342691726e-17, "median": -2.03591676851e-09, "max": 1.61596704765e-28, "dmean": 1.15007681156e-09, "dmean2": 1.78124115457e-09, "mean": -4.43075709455e-09, "dvar2": 4.03746294504e-17, "min": -8.96204639389e-08}, "barkbands_kurtosis": {"dvar": 50.6652984619, "var": 93.6873397827, "median": 2.74719047546, "max": 379.096923828, "dmean": 2.55589818954, "dmean2": 3.93988132477, "mean": 4.93062639236, "dvar2": 124.286170959, "min": -1.86065995693}, "silence_rate_30dB": {"dvar": 0.0113331582397, "var": 0.0135788228363, "median": 1, "max": 1, "dmean": 0.0114634511992, "dmean2": 0.0229286085814, "mean": 0.986230015755, "dvar2": 0.0262699071318, "min": 0}, "gfcc": {"mean": [-114.529708862, 136.354537964, -122.409393311, 2.84492397308, -45.1299171448, 4.63149690628, -33.390007019, 7.19161987305, -21.9765262604, 0.0820194557309, -8.02273178101, -4.30722475052, -7.47096538544], "cov": [[13014.0322266, -1465.56188965, -444.759521484, 780.65447998, -535.370178223, 852.292663574, 131.26008606, 876.820678711, 340.21774292, -1.25361013412, -127.804458618, 211.727355957, 60.6864356995], [-1465.56188965, 1642.61877441, 155.969482422, 0.738591551781, 677.716918945, -330.217315674, 338.88760376, -216.561340332, 44.6153030396, -26.126449585, 150.475921631, -151.107772827, 19.5809993744], [-444.759521484, 155.969482422, 748.634155273, 305.730102539, 140.328414917, 177.919509888, 19.155456543, 67.2873840332, 30.2244987488, 62.5848083496, -17.4107532501, 21.2496795654, -48.5407600403], [780.65447998, 0.738591551781, 305.730102539, 650.711791992, 140.917495728, 173.691940308, 129.174514771, 108.518234253, 94.8905563354, 71.5844726563, 6.38576221466, -3.00930213928, -14.4219274521], [-535.370178223, 677.716918945, 140.328414917, 140.917495728, 536.737792969, -41.9540939331, 216.83770752, -35.4952049255, 14.4926691055, 44.5259819031, 50.4874610901, -56.6506919861, -19.8922653198], [852.292663574, -330.217315674, 177.919509888, 173.691940308, -41.9540939331, 456.703704834, 74.5428924561, 106.480606079, 22.582616806, 27.0741653442, -20.6543445587, 32.6346931458, 2.01632976532], [131.26008606, 338.88760376, 19.155456543, 129.174514771, 216.83770752, 74.5428924561, 304.644897461, 13.4084644318, 43.0673484802, 27.0559844971, 47.9663085938, -20.5468330383, 16.4494800568], [876.820678711, -216.561340332, 67.2873840332, 108.518234253, -35.4952049255, 106.480606079, 13.4084644318, 250.025543213, 101.159454346, 32.1320152283, -11.6975641251, 43.8482170105, 16.6985664368], [340.21774292, 44.6153030396, 30.2244987488, 94.8905563354, 14.4926691055, 22.582616806, 43.0673484802, 101.159454346, 177.261764526, 36.8244018555, 32.9653663635, 14.6176700592, 21.2989616394], [-1.25361013412, -26.126449585, 62.5848083496, 71.5844726563, 44.5259819031, 27.0741653442, 27.0559844971, 32.1320152283, 36.8244018555, 148.511962891, 47.7387428284, 29.1776866913, -11.797419548], [-127.804458618, 150.475921631, -17.4107532501, 6.38576221466, 50.4874610901, -20.6543445587, 47.9663085938, -11.6975641251, 32.9653663635, 47.7387428284, 122.694221497, 16.0439910889, 23.4880542755], [211.727355957, -151.107772827, 21.2496795654, -3.00930213928, -56.6506919861, 32.6346931458, -20.5468330383, 43.8482170105, 14.6176700592, 29.1776866913, 16.0439910889, 108.724815369, 36.0651321411], [60.6864356995, 19.5809993744, -48.5407600403, -14.4219274521, -19.8922653198, 2.01632976532, 16.4494800568, 16.6985664368, 21.2989616394, -11.797419548, 23.4880542755, 36.0651321411, 100.220153809]], "icov": [[0.00014458251826, -0.000168880957062, 0.000306837930111, -0.000235866769799, 0.000212335653487, -0.000280767271761, 7.18714363757e-05, -0.000475073553389, 6.82789686834e-05, 4.19810639869e-05, 0.000165482415468, -0.000306195579469, 0.000237108295551], [-0.000168880957062, 0.0040095387958, -0.00199299748056, 0.00124423322268, -0.00330683542415, 0.00263846409507, -0.00234046950936, 0.00256315246224, -0.00186283770017, 0.00186692446005, -0.00271437084302, 0.00318570830859, -0.00211432110518], [0.000306837930111, -0.00199299748056, 0.00334139238112, -0.00164063752163, 0.00102762936149, -0.00221088109538, 0.00186808418948, -0.00183842889965, 0.000849230738822, -0.000889225455467, 0.00167959544342, -0.00258788699284, 0.00208650808781], [-0.000235866769799, 0.00124423322268, -0.00164063752163, 0.00298949680291, -0.00128491641954, 0.000643647566903, -0.0012826945167, 0.000924955238588, -0.00126943201758, -0.000132368935738, -0.000592011550907, 0.00170489191078, -0.000896849087439], [0.000212335653487, -0.00330683542415, 0.00102762936149, -0.00128491641954, 0.00610813638195, -0.00135727133602, -0.000436057714978, -0.0021596592851, 0.00192363536917, -0.00203800550662, 0.00180739234202, -0.00149855657946, 0.00196839217097], [-0.000280767271761, 0.00263846409507, -0.00221088109538, 0.000643647566903, -0.00135727133602, 0.00507949152961, -0.00284225470386, 0.00115973420907, -0.000495036423672, 0.000887195870746, -0.0014068618184, 0.00199381471612, -0.00160013709683], [7.18714363757e-05, -0.00234046950936, 0.00186808418948, -0.0012826945167, -0.000436057714978, -0.00284225470386, 0.00720788957551, -0.00128083932213, 0.00038039140054, -0.000919860729482, 0.000399622600526, -0.00125250371639, 0.000302900501993], [-0.000475073553389, 0.00256315246224, -0.00183842889965, 0.000924955238588, -0.0021596592851, 0.00115973420907, -0.00128083932213, 0.00907935295254, -0.00464031565934, 0.000389875058318, -0.000124682148453, 0.000664054066874, -0.00190267979633], [6.82789686834e-05, -0.00186283770017, 0.000849230738822, -0.00126943201758, 0.00192363536917, -0.000495036423672, 0.00038039140054, -0.00464031565934, 0.00952533818781, -0.00167832581792, -0.000724115525372, -0.000477061403217, -0.000226761912927], [4.19810639869e-05, 0.00186692446005, -0.000889225455467, -0.000132368935738, -0.00203800550662, 0.000887195870746, -0.000919860729482, 0.000389875058318, -0.00167832581792, 0.0104614431038, -0.00479856273159, -0.00154388137162, 0.00209208065644], [0.000165482415468, -0.00271437084302, 0.00167959544342, -0.000592011550907, 0.00180739234202, -0.0014068618184, 0.000399622600526, -0.000124682148453, -0.000724115525372, -0.00479856273159, 0.013428889215, -0.00325173675083, -0.000887398491614], [-0.000306195579469, 0.00318570830859, -0.00258788699284, 0.00170489191078, -0.00149855657946, 0.00199381471612, -0.00125250371639, 0.000664054066874, -0.000477061403217, -0.00154388137162, -0.00325173675083, 0.0161049850285, -0.00680150138214], [0.000237108295551, -0.00211432110518, 0.00208650808781, -0.000896849087439, 0.00196839217097, -0.00160013709683, 0.000302900501993, -0.00190267979633, -0.000226761912927, 0.00209208065644, -0.000887398491614, -0.00680150138214, 0.0147692905739]]}, "silence_rate_20dB": {"dvar": 0, "var": 0, "median": 1, "max": 1, "dmean": 0, "dmean2": 0, "mean": 1, "dvar2": 0, "min": 1}, "barkbands_skewness": {"dvar": 0.27805891633, "var": 1.48108327389, "median": 1.36697399616, "max": 14.7956218719, "dmean": 0.40440428257, "dmean2": 0.595938980579, "mean": 1.44887447357, "dvar2": 0.623719990253, "min": -3.10635876656}, "erbbands_skewness": {"dvar": 0.120203256607, "var": 0.687528192997, "median": 0.438092470169, "max": 7.00774908066, "dmean": 0.362049520016, "dmean2": 0.532301962376, "mean": 0.551379084587, "dvar2": 0.25097566843, "min": -3.88491916656}, "spectral_contrast_valleys": {"dvar": [0.0980746895075, 0.0779690816998, 0.105675444007, 0.127018362284, 0.0854442417622, 0.143249049783], "var": [2.24231529236, 1.15051090717, 1.49938201904, 1.56411194801, 1.66453754902, 2.15769815445], "median": [-7.94892263412, -7.48247528076, -8.22543811798, -8.90808391571, -9.11437129974, -11.9156131744], "max": [-5.27087259293, -4.98230552673, -5.08869028091, -5.77694940567, -5.83513116837, -7.81213474274], "dmean": [0.322006076574, 0.31647592783, 0.335161358118, 0.324336320162, 0.254419893026, 0.295363634825], "dmean2": [0.533561468124, 0.5063174963, 0.52145332098, 0.518582046032, 0.381569653749, 0.382579505444], "mean": [-8.24575996399, -7.64104032516, -8.34445667267, -9.02936935425, -9.25536632538, -11.9312038422], "dvar2": [0.228862911463, 0.182704806328, 0.230219200253, 0.28941604495, 0.172082990408, 0.228513479233], "min": [-27.4084720612, -27.8006248474, -27.4599437714, -27.4027252197, -27.2919807434, -27.2899055481]}, "spectral_strongpeak": {"dvar": 0.563993573189, "var": 3.41881895065, "median": 0.27616506815, "max": 13.0023508072, "dmean": 0.351281911135, "dmean2": 0.559942901134, "mean": 1.09202861786, "dvar2": 1.2611323595, "min": 0}, "erbbands_crest": {"dvar": 7.25378894806, "var": 39.4124412537, "median": 10.3491020203, "max": 33.9108734131, "dmean": 2.82538104057, "dmean2": 4.36422920227, "mean": 12.1728506088, "dvar2": 16.4977626801, "min": 2.11997866631}, "barkbands_crest": {"dvar": 4.15153121948, "var": 20.2006492615, "median": 11.7365531921, "max": 26.1632823944, "dmean": 1.84990906715, "dmean2": 2.76104640961, "mean": 12.3358802795, "dvar2": 9.9736328125, "min": 2.9082801342}, "spectral_energyband_middle_low": {"dvar": 2.78714578599e-05, "var": 0.000155730594997, "median": 0.00267414771952, "max": 0.20093947649, "dmean": 0.00219774525613, "dmean2": 0.00318704172969, "mean": 0.00753673911095, "dvar2": 6.15930985077e-05, "min": 2.44641543927e-22}, "spectral_contrast_coeffs": {"dvar": [0.000979078002274, 0.0011605914915, 0.00120538764168, 0.000874823890626, 0.000392142159399, 0.000227703625569], "var": [0.0099409269169, 0.00712254224345, 0.00674398895353, 0.00330202886835, 0.00224903784692, 0.0017331908457], "median": [-0.655340433121, -0.700810492039, -0.709758341312, -0.730927050114, -0.772351682186, -0.813937067986], "max": [-0.303066462278, -0.29584479332, -0.370572537184, -0.497557044029, -0.574962675571, -0.610545873642], "dmean": [0.0353773720562, 0.0389164946973, 0.0402066111565, 0.0344685688615, 0.0231143645942, 0.0157862957567], "dmean2": [0.0579838380218, 0.0610617995262, 0.0618596449494, 0.0549706071615, 0.0372993946075, 0.0250843837857], "mean": [-0.644988536835, -0.691522598267, -0.700923383236, -0.732506275177, -0.771583795547, -0.808228075504], "dvar2": [0.00267002824694, 0.00274067046121, 0.00270238774829, 0.00211827270687, 0.000936121272389, 0.0005181467277], "min": [-0.966873466969, -0.972193777561, -0.962630331516, -0.963899552822, -0.959613144398, -0.96143168211]}, "hfc": {"dvar": 26.2580299377, "var": 272.308868408, "median": 2.68120622635, "max": 145.426956177, "dmean": 2.3796710968, "dmean2": 3.37833094597, "mean": 10.4601707458, "dvar2": 51.9727592468, "min": 1.15709054874e-16}, "spectral_energyband_high": {"dvar": 1.29573678009e-07, "var": 2.9680438729e-07, "median": 1.07107262011e-05, "max": 0.0217388812453, "dmean": 6.05224595347e-05, "dmean2": 8.62850356498e-05, "mean": 0.000117341347504, "dvar2": 2.35935175397e-07, "min": 7.67247499764e-21}, "erbbands_spread": {"dvar": 40.2554512024, "var": 203.099456787, "median": 22.1205787659, "max": 136.991592407, "dmean": 4.92097091675, "dmean2": 7.3448882103, "mean": 23.959400177, "dvar2": 81.6418304443, "min": 0.852564811707}, "dissonance": {"dvar": 0.000786895863712, "var": 0.00200264016166, "median": 0.429681122303, "max": 0.499994546175, "dmean": 0.0304412283003, "dmean2": 0.0504779741168, "mean": 0.423255294561, "dvar2": 0.00209544878453, "min": 0.195021525025}, "spectral_kurtosis": {"dvar": 21.9364185333, "var": 67.4420471191, "median": 9.24519062042, "max": 76.3614883423, "dmean": 3.99349617958, "dmean2": 6.69097328186, "mean": 11.388510704, "dvar2": 59.2214164734, "min": -1.50032031536}, "spectral_skewness": {"dvar": 0.138323605061, "var": 0.611105561256, "median": 2.31276965141, "max": 6.69393253326, "dmean": 0.363555520773, "dmean2": 0.595700323582, "mean": 2.39538502693, "dvar2": 0.347319334745, "min": -0.167426273227}, "pitch_salience": {"dvar": 0.00258130487055, "var": 0.0124649358913, "median": 0.494203031063, "max": 0.888451695442, "dmean": 0.0503154732287, "dmean2": 0.0767464488745, "mean": 0.492920339108, "dvar2": 0.00612783338875, "min": 0.0812323465943}, "spectral_complexity": {"dvar": 3.30569076538, "var": 35.9359397888, "median": 9, "max": 51, "dmean": 1.63123416901, "dmean2": 2.58467960358, "mean": 10.0195760727, "dvar2": 6.98448610306, "min": 0}, "spectral_spread": {"dvar": 482480848896, "var": 2708805255170.0, "median": 2821631, "max": 41237304, "dmean": 440360.28125, "dmean2": 630525.75, "mean": 3192602, "dvar2": 822918053888, "min": 1027906.5}, "dynamic_complexity": 7.16071796417, "melbands_crest": {"dvar": 5.41837024689, "var": 28.7220115662, "median": 14.6938037872, "max": 33.8246498108, "dmean": 2.10220050812, "dmean2": 3.14014172554, "mean": 15.4455909729, "dvar2": 13.1115922928, "min": 1.70785999298}, "zerocrossingrate": {"dvar": 9.54462739173e-05, "var": 0.000599765044171, "median": 0.03173828125, "max": 0.51025390625, "dmean": 0.00514752557501, "dmean2": 0.00614973390475, "mean": 0.0350067317486, "dvar2": 0.000116454109957, "min": 0.0029296875}, "spectral_energyband_low": {"dvar