{"tonal": {"chords_number_rate": 0.00360410311259, "thpcp": [1, 0.596921503544, 0.19444976747, 0.122443027794, 0.137176081538, 0.233771204948, 0.347219824791, 0.385394692421, 0.300169587135, 0.177745401859, 0.133682414889, 0.165968030691, 0.242156416178, 0.33178460598, 0.405159205198, 0.349584430456, 0.217488750815, 0.152402028441, 0.142145231366, 0.167751923203, 0.369170516729, 0.694857180119, 0.567379057407, 0.228458553553, 0.169080764055, 0.183887004852, 0.232242062688, 0.236929282546, 0.200028792024, 0.213847786188, 0.199368223548, 0.226084321737, 0.433150500059, 0.402796477079, 0.295120745897, 0.714562416077], "hpcp": {"dvar": [0.0361623540521, 0.0270492564887, 0.0269790962338, 0.03522849828, 0.0399378575385, 0.0383394695818, 0.0414203368127, 0.0380541719496, 0.0288832075894, 0.0298315621912, 0.0379476994276, 0.0489266328514, 0.0610016733408, 0.0529454238713, 0.0440467633307, 0.0410261638463, 0.0349824279547, 0.0319302976131, 0.0316538773477, 0.0312803015113, 0.0440719947219, 0.0414073430002, 0.0314515531063, 0.0513521656394, 0.0472823269665, 0.0345184095204, 0.0472068637609, 0.0598668269813, 0.0435459129512, 0.029212705791, 0.0236649028957, 0.0238601975143, 0.0309892017394, 0.046297557652, 0.0480970963836, 0.0483994409442], "mean": [0.065997004509, 0.0496363826096, 0.061624057591, 0.0899128615856, 0.123191870749, 0.15043592453, 0.129800960422, 0.0807537361979, 0.0565869882703, 0.0527786314487, 0.062286414206, 0.137073293328, 0.258000999689, 0.21066826582, 0.0848268344998, 0.0627798140049, 0.0682773813605, 0.0862316563725, 0.087972022593, 0.0742708444595, 0.0794018432498, 0.0740255713463, 0.0839452818036, 0.160829111934, 0.149558633566, 0.109578557312, 0.265317559242, 0.371300756931, 0.221637398005, 0.072199344635, 0.0454631894827, 0.0509335808456, 0.0867994278669, 0.128922984004, 0.143097341061, 0.111453190446], "min": [0, 0, 0, 0, 0, 0, 0, 0, 0, 0, 0, 0, 0, 0, 0, 0, 0, 0, 0, 0, 0, 0, 0, 0, 0, 0, 0, 0, 0, 0, 0, 0, 0, 0, 0, 0], "median": [0.00373432179913, 0.00380482594483, 0.00648371130228, 0.00876389816403, 0.00960150640458, 0.00553562771529, 0.00501556927338, 0.00564415892586, 0.00440410897136, 0.00404527923092, 0.00527863902971, 0.0436098873615, 0.0870241299272, 0.0608075112104, 0.00804638303816, 0.00322865089402, 0.00784590002149, 0.0101360334083, 0.00638695061207, 0.00660281535238, 0.0039009496104, 0.0031308690086, 0.00594046525657, 0.00898070260882, 0.0120671046898, 0.0251335818321, 0.129234269261, 0.220100060105, 0.109415397048, 0.00506643205881, 0.00160794623662, 0.00207895156927, 0.00736925937235, 0.0167024582624, 0.0174120366573, 0.00674510840327], "dvar2": [0.0967560037971, 0.07459975034, 0.0738686621189, 0.0888541713357, 0.0989786759019, 0.0901683345437, 0.100830391049, 0.0998272076249, 0.0817330852151, 0.0847534090281, 0.105973854661, 0.135223791003, 0.150210127234, 0.133530899882, 0.12351077795, 0.11266939342, 0.0968728512526, 0.0868888795376, 0.0837134867907, 0.083771660924, 0.11374810338, 0.105073988438, 0.0834733843803, 0.136542469263, 0.125391155481, 0.0904566496611, 0.116811215878, 0.134537801147, 0.110965579748, 0.0819199979305, 0.0645886734128, 0.0659789890051, 0.0790088921785, 0.122504763305, 0.117370776832, 0.11983396858], "var": [0.0286509804428, 0.0218019690365, 0.0229181069881, 0.0382110103965, 0.0552565418184, 0.0879863351583, 0.0680311396718, 0.0401016585529, 0.0225536879152, 0.0227927733213, 0.0270042661577, 0.0453246794641, 0.11532638967, 0.0909350737929, 0.0360196270049, 0.0325238890946, 0.0293118003756, 0.0401761159301, 0.0442121885717, 0.0286457017064, 0.0390910878778, 0.0381464995444, 0.0299305096269, 0.0840897262096, 0.068052791059, 0.0407244339585, 0.0895271375775, 0.131511628628, 0.0657345056534, 0.0266920085996, 0.0195011738688, 0.0230032615364, 0.0410637110472, 0.0529242195189, 0.0657364726067, 0.0548599846661], "dmean2": [0.15851829946, 0.118647456169, 0.1257250458, 0.157506421208, 0.175265282393, 0.163819685578, 0.171396926045, 0.157783538103, 0.135716810822, 0.131732612848, 0.159677714109, 0.228332936764, 0.260493159294, 0.234247803688, 0.184712022543, 0.158260032535, 0.152399435639, 0.146438807249, 0.139587894082, 0.148372203112, 0.162248402834, 0.153461247683, 0.153992846608, 0.233969762921, 0.226297616959, 0.182141572237, 0.271149635315, 0.30901914835, 0.254160344601, 0.155533388257, 0.114818625152, 0.113450825214, 0.14754088223, 0.21122393012, 0.216557204723, 0.207040205598], "max": [1, 1, 1, 1, 1, 1, 1, 1, 1, 1, 1, 1, 1, 1, 1, 1, 1, 1, 1, 1, 1, 1, 1, 1, 1, 1, 1, 1, 1, 1, 1, 1, 1, 1, 1, 1], "dmean": [0.0875664055347, 0.0647155046463, 0.0699470937252, 0.0898537114263, 0.101504571736, 0.0948190391064, 0.0982405915856, 0.0879009515047, 0.0742472484708, 0.07106590271, 0.0860658958554, 0.126419469714, 0.149472102523, 0.135910466313, 0.101668551564, 0.0851128995419, 0.0833294764161, 0.0809130966663, 0.0775227844715, 0.0830248519778, 0.0906864181161, 0.0856306627393, 0.086204521358, 0.130535155535, 0.127289816737, 0.103983566165, 0.159575134516, 0.184493407607, 0.148450613022, 0.0861755609512, 0.0621763207018, 0.0625569745898, 0.0838672146201, 0.121649213135, 0.126975312829, 0.117381304502]}, "key_strength": 0.813137471676, "chords_strength": {"dvar": 7.60873735999e-05, "mean": 0.466256678104, "min": 0.146616607904, "median": 0.472195416689, "dvar2": 0.000106409519503, "var": 0.00888610817492, "dmean2": 0.0101999016479, "max": 0.749859452248, "dmean": 0.00985154788941}, "tuning_equal_tempered_deviation": 0.1452139467, "chords_key": "F#", "tuning_frequency": 439.491973877, "chords_scale": "major", "chords_changes_rate": 0.0790130272508, "key_scale": "major", "tuning_diatonic_strength": 0.653744578362, "hpcp_entropy": {"dvar": 0.240471675992, "mean": 1.91834521294, "min": 0, "median": 1.90845000744, "dvar2": 0.635165989399, "var": 0.601022183895, "dmean2": 0.897155642509, "max": 4.32375955582, "dmean": 0.527908563614}, "chords_histogram": [32.9359588623, 1.91294705868, 7.6240644455, 1.80205154419, 1.02578318119, 0.360410302877, 0, 0, 0.914887726307, 0, 1.13667869568, 1.91294705868, 0, 0.19406709075, 0, 3.77044630051, 0, 27.3911838531, 0.914887726307, 8.37260913849, 2.99417805672, 0.110895484686, 4.26947593689, 2.35652899742], "tuning_nontempered_energy_ratio": 0.728032469749, "key_key": "F#"}, "metadata": {"version": {"extractor": "music 1.0", "essentia_build_sha": "70f2e5ece6736b2c40cc944ad0e695b16b925413", "essentia": "2.1-beta2", "essentia_git_sha": "v2.1_beta2"}, "audio_properties": {"sample_rate": 44100, "length": 167.440002441, "lossless": true, "analysis_sample_rate": 44100, "downmix": "mix", "bit_rate": 0, "equal_loudness": 0, "md5_encoded": "88d8bb1b56070f07606f222e8d71a7e2", "codec": "flac", "replay_gain": -4.67749023438}, "tags": {"disctotal": ["1"], "musicbrainz_workid": ["7293aa37-4398-42b3-9776-303f99e010ad"], "genre": ["Indie Rock"], "catalognumber": ["DRL102"], "barcode": ["708527010228"], "releasecountry": ["US"], "musicbrainz_recordingid": ["8d4eee4c-481c-429d-955e-f29f8c5c382b"], "language": ["eng"], "title": ["Guyana Punch"], "musicbrainz_releasetrackid": ["280e7454-7990-3573-8757-01b606e0a9fe"], "discnumber": ["1"], "work": ["Guyana Punch"], "artistsort": ["Tullycraft"], "releasetype": ["album", "compilation"], "originaldate": ["1999-10-26"], "musicbrainz_discid": ["PJRqaxNOzJ1isK7S9ChhKGAO9_0-"], "musicbrainz_artistid": ["1d25e697-096d-43b1-94bd-74e0619c5567"], "composer": ["David Bean"], "tracknumber": ["13"], "musicbrainz_albumartistid": ["1d25e697-096d-43b1-94bd-74e0619c5567"], "compilation": ["1"], "tracktotal": ["23"], "grouping": ["Electronic"], "date": ["1999-10-26"], "acoustid_id": ["b5420c68-93f4-40fb-a4db-9e7408822c5f"], "albumartistsort": ["Tullycraft"], "musicbrainz_releasegroupid": ["387d478a-882f-354c-b1e9-0bf17de5d892"], "media": ["CD"], "label": ["Darla Records"], "albumartist": ["Tullycraft"], "asin": ["B000040JM2"], "script": ["Latn"], "musicbrainz_albumid": ["566007e3-8b67-4249-932e-f6c26d7456cb"], "file_name": "1-13 Guyana Punch.flac", "releasestatus": ["official"], "totaldiscs": ["1"], "album": ["The Singles"], "artist": ["Tullycraft"]}}, "lowlevel": {"melbands": {"dvar": [0.000192250139662, 0.000179714770638, 6.73932663631e-05, 1.08103040475e-05, 5.90483114138e-06, 6.96584038451e-06, 6.84115548211e-07, 3.73444315471e-08, 5.4180642195e-08, 3.09578673807e-08, 1.23146834952e-08, 4.52516601968e-09, 3.29395066778e-09, 1.83266279929e-09, 1.26184240834e-09, 6.97725266452e-10, 3.4531755233e-10, 3.9150838127e-10, 1.41524611474e-10, 6.91762411242e-11, 4.33733569893e-11, 2.23299156943e-11, 2.62343653745e-11, 2.44307196001e-11, 2.48783615237e-11, 3.83403274407e-11, 1.45669188517e-11, 1.89897750302e-11, 2.10195610917e-11, 5.4501841408e-12, 4.68659789796e-12, 9.51659757942e-12, 6.77430984572e-12, 9.54741580933e-12, 2.06855496274e-12, 4.54403035382e-13, 2.19775993194e-13, 2.27879320231e-13, 1.14765266518e-13, 8.06717702622e-14], "mean": [0.00405074516311, 0.00331902806647, 0.00229596463032, 0.0014267511433, 0.000612792617176, 0.000505726318806, 0.000177950802026, 7.32532716938e-05, 7.57757006795e-05, 6.60615478409e-05, 4.85475466121e-05, 3.23012063745e-05, 2.56376897596e-05, 2.7540645533e-05, 1.36603075589e-05, 1.17344925457e-05, 8.52723496791e-06, 6.86058456267e-06, 5.22372874912e-06, 3.31640308104e-06, 2.35961442741e-06, 2.22843891606e-06, 2.69587008006e-06, 3.23101926369e-06, 3.00986016555e-06, 2.69328074864e-06, 2.04507978196e-06, 2.54775272879e-06, 2.40962549469e-06, 1.27443729525e-06, 1.17542299449e-06, 1.31334979869e-06, 1.12234511107e-06, 1.13276189495e-06, 6.10433517068e-07, 3.81378015391e-07, 3.06849841536e-07, 2.69918160711e-07, 1.84044466778e-07, 1.47457058119e-07], "min": [2.26350581105e-24, 1.83389295093e-24, 4.18796827694e-24, 6.73531097486e-24, 2.19341315304e-24, 1.12186561876e-24, 2.10212774681e-24, 2.17359795318e-24, 6.50338074113e-24, 2.64589410473e-24, 3.36325443244e-24, 3.61401240939e-24, 2.83850001677e-24, 2.95959923762e-24, 2.16901822119e-24, 4.66305975711e-24, 5.36208439358e-24, 3.33598982183e-24, 4.96096242834e-24, 3.38201748907e-24, 3.86356619018e-24, 3.46585131519e-24, 5.140489421e-24, 6.63031279951e-24, 3.82278957556e-24, 6.52961509939e-24, 6.23537905364e-24, 5.1394855955e-24, 6.62621545597e-24, 6.61190551915e-24, 6.46088519859e-24, 4.94331560989e-24, 7.15564525301e-24, 5.7154329424e-24, 8.19693218157e-24, 5.95687565536e-24, 6.18031537917e-24, 4.94826452878e-24, 8.01569612176e-24, 7.38992353123e-24], "median": [0.000545594550204, 0.000795481435489, 0.000799716566689, 0.000549187418073, 0.000169589024154, 0.00011975524103, 5.28440323251e-05, 1.35434202093e-05, 1.17580520964e-05, 1.86258348549e-05, 1.23736372188e-05, 2.74246212939e-06, 4.16427610617e-06, 5.33064530828e-06, 7.17539592188e-07, 1.21956691146e-06, 9.1917638656e-07, 2.97584250575e-07, 3.93671029997e-07, 2.32330719996e-07, 1.69705856479e-07, 1.6699262062e-07, 1.94876179194e-07, 2.68350135002e-07, 3.01883318343e-07, 1.95911738388e-07, 2.09202724477e-07, 2.5571884521e-07, 1.82622741818e-07, 9.50123464349e-08, 5.62724871145e-08, 5.42100870859e-08, 4.31373550214e-08, 4.70791690077e-08, 4.17159249366e-08, 3.79649343074e-08, 3.49136968225e-08, 2.40170070498e-08, 1.28512454012e-08, 8.13010458955e-09], "dvar2": [0.00048102074652, 0.000499556015711, 0.000184690652532, 2.8976584872e-05, 1.51497952174e-05, 1.89535894606e-05, 1.89981199128e-06, 9.68372546595e-08, 1.41956093103e-07, 8.4274589085e-08, 3.24515418981e-08, 1.0122169769e-08, 6.70950051074e-09, 4.27108126644e-09, 2.93715562982e-09, 1.54633483795e-09, 8.77987738068e-10, 1.0114772353e-09, 3.38200772942e-10, 1.66469046881e-10, 1.09274873872e-10, 5.53134864301e-11, 6.57604873333e-11, 5.99250024602e-11, 5.36940353291e-11, 9.60669044314e-11, 3.10636343037e-11, 4.33696863145e-11, 4.34685863693e-11, 1.05821228516e-11, 9.18631490321e-12, 2.17017844667e-11, 1.27989875642e-11, 1.8055133777e-11, 4.16025677449e-12, 8.83050685525e-13, 4.35800755292e-13, 4.94018508827e-13, 2.43915402199e-13, 1.70392590012e-13], "var": [0.000165887409821, 0.000117444775242, 4.67060126539e-05, 1.03528382169e-05, 4.91842820338e-06, 4.86373801323e-06, 4.62086518382e-07, 3.88889844771e-08, 4.83139110941e-08, 2.91399206986e-08, 1.45125609308e-08, 7.98029287097e-09, 9.66856639195e-09, 3.08459102705e-09, 1.79748349538e-09, 1.05661257521e-09, 5.15800846479e-10, 5.38612709988e-10, 2.23099316798e-10, 1.04856533178e-10, 5.87259130214e-11, 4.36180119801e-11, 5.64528181146e-11, 7.06662922623e-11, 6.59769600064e-11, 6.29436849864e-11, 3.00741237469e-11, 5.18977985586e-11, 5.92954851886e-11, 1.29382381545e-11, 1.22779928585e-11, 1.83625337158e-11, 1.29559271297e-11, 1.58716945836e-11, 3.42620268094e-12, 9.86034713081e-13, 4.82629561316e-13, 4.49959161727e-13, 2.10724937933e-13, 1.39844190915e-13], "dmean2": [0.00714080454782, 0.00690162787214, 0.00408863695338, 0.00184402836021, 0.000923394050915, 0.000927490589675, 0.000310695875669, 9.43329578149e-05, 0.0001081315786, 8.49009666126e-05, 5.31640544068e-05, 3.15473589581e-05, 2.27290347539e-05, 2.20559904847e-05, 1.52673292177e-05, 1.23152722153e-05, 8.57433042256e-06, 7.7237818914e-06, 5.60416583539e-06, 3.85211615139e-06, 2.81384859591e-06, 2.30035720961e-06, 2.63533775069e-06, 2.81095503851e-06, 2.39434325522e-06, 2.50348284681e-06, 1.80881443157e-06, 2.04362004297e-06, 1.89870320355e-06, 1.06424272417e-06, 1.03261436379e-06, 1.32286936605e-06, 1.04278092294e-06, 1.1590577742e-06, 6.42309601062e-07, 3.39521676551e-07, 2.89940942366e-07, 2.76842087032e-07, 1.73334228748e-07, 1.49919216597e-07], "max": [0.125147849321, 0.128822848201, 0.0953828319907, 0.0399864017963, 0.0324084647, 0.0423403568566, 0.0151795400307, 0.00367133156396, 0.00356464111246, 0.0030087698251, 0.00189751666039, 0.00132752815261, 0.00257722730748, 0.000797110958956, 0.000959146942478, 0.000462231662823, 0.000306663918309, 0.000500823953189, 0.000246886658715, 0.00016447888629, 0.000150474748807, 0.000105168335722, 0.000147433849634, 0.000114431801194, 0.000227421260206, 0.000216795961023, 0.000128317973576, 0.000198730078409, 0.00020860391669, 5.56149534532e-05, 5.26002040715e-05, 0.0001032329601, 5.19279928994e-05, 5.79908992222e-05, 3.24193715642e-05, 1.28522897285e-05, 1.09234415504e-05, 1.10095361379e-05, 6.80643142914e-06, 6.18974672761e-06], "dmean": [0.00439883489162, 0.00387510401197, 0.00231566955335, 0.00107628491241, 0.000563791953027, 0.000545677554328, 0.000179734372068, 5.7809316786e-05, 6.5821208409e-05, 5.09177771164e-05, 3.27919406118e-05, 2.11075584957e-05, 1.52665543283e-05, 1.41925984281e-05, 9.92584864434e-06, 7.99861572887e-06, 5.42744055565e-06, 4.98656800119e-06, 3.61891261491e-06, 2.48702235695e-06, 1.80088761681e-06, 1.47834634845e-06, 1.68424912772e-06, 1.83544068477e-06, 1.60957733897e-06, 1.65404242125e-06, 1.24803102608e-06, 1.4090365994e-06, 1.35598020279e-06, 7.71631732732e-07, 7.34654463486e-07, 8.96395761174e-07, 7.7219499417e-07, 8.46284308409e-07, 4.56318900888e-07, 2.43156534907e-07, 1.9814005725e-07, 1.87298581977e-07, 1.20626609146e-07, 1.04113894395e-07]}, "spectral_decrease": {"dvar": 7.92498319132e-16, "mean": -1.18991581033e-08, "min": -2.30090336117e-07, "median": -3.12457126839e-09, "dvar2": 2.16884861375e-15, "var": 6.70851047137e-16, "dmean2": 1.73121978975e-08, "max": 3.7316337188e-15, "dmean": 1.04358788278e-08}, "spectral_rolloff": {"dvar": 283097.84375, "mean": 545.560180664, "min": 21.533203125, "median": 301.46484375, "dvar2": 623333.5, "var": 2563443.25, "dmean2": 271.091674805, "max": 22050, "dmean": 156.01361084}, "melbands_crest": {"dvar": 10.8716211319, "mean": 16.2497959137, "min": 1.70557379723, "median": 15.3432683945, "dvar2": 29.2421665192, "var": 27.5988769531, "dmean2": 5.31453037262, "max": 37.5381355286, "dmean": 3.25490283966}, "barkbands_skewness": {"dvar": 1.30178177357, "mean": 2.42766618729, "min": -9.51335144043, "median": 2.16864776611, "dvar2": 2.68060660362, "var": 4.78304481506, "dmean2": 1.25723540783, "max": 19.2993793488, "dmean": 0.856643140316}, "spectral_centroid": {"dvar": 77843.2421875, "mean": 626.23651123, "min": 100.437576294, "median": 403.772277832, "dvar2": 164348.453125, "var": 498951.28125, "dmean2": 243.431442261, "max": 11565.5351562, "dmean": 158.133773804}, "spectral_energyband_middle_low": {"dvar": 0.00232309475541, "mean": 0.0148024046794, "min": 2.29469539909e-22, "median": 0.00596649758518, "dvar2": 0.00606684666127, "var": 0.00190023810137, "dmean2": 0.0204709656537, "max": 0.659114658833, "dmean": 0.012264136225}, "erbbands_crest": {"dvar": 5.44732952118, "mean": 10.5562696457, "min": 2.56723189354, "median": 9.39426612854, "dvar2": 13.8402433395, "var": 25.171207428, "dmean2": 3.64185166359, "max": 30.1591396332, "dmean": 2.25814509392}, "dynamic_complexity": 5.73442983627, "spectral_energyband_low": {"dvar": 0.00590520957485, "mean": 0.0240732878447, "min": 2.27501205733e-23, "median": 0.00491043552756, "dvar2": 0.0155714824796, "var": 0.00465298723429, "dmean2": 0.0417606830597, "max": 0.708437740803, "dmean": 0.0251124668866}, "silence_rate_60dB": {"dvar": 0.0232784003019, "mean": 0.125606536865, "min": 0, "median": 0, "dvar2": 0.0504294410348, "var": 0.109813325107, "dmean2": 0.0477048940957, "max": 1, "dmean": 0.0238491408527}, "erbbands_kurtosis": {"dvar": 79.5696029663, "mean": 5.6003575325, "min": -1.89474272728, "median": 1.00976419449, "dvar2": 170.844497681, "var": 635.294006348, "dmean2": 3.91932630539, "max": 293.848022461, "dmean": 2.45787405968}, "spectral_complexity": {"dvar": 11.987247467, "mean": 9.09302616119, "min": 0, "median": 7, "dvar2": 16.48188591, "var": 60.5871200562, "dmean2": 2.76022744179, "max": 57, "dmean": 1.99778151512}, "barkbands_crest": {"dvar": 7.04295539856, "mean": 11.9814834595, "min": 3.48149299622, "median": 10.896030426, "dvar2": 16.7993106842, "var": 20.6404647827, "dmean2": 4.09952020645, "max": 26.6373100281, "dmean": 2.5445291996}, "spectral_energy": {"dvar": 0.0115211941302, "mean": 0.0457057952881, "min": 9.9136651296e-21, "median": 0.0121531616896, "dvar2": 0.0315057933331, "var": 0.00978474039584, "dmean2": 0.0660592243075, "max": 0.874563992023, "dmean": 0.0398697555065}, "spectral_spread": {"dvar": 1243810889730.0, "mean": 3903807.5, "min": 387562.09375, "median": 3764932, "dvar2": 2505921527810.0, "var": 7334996738050.0, "dmean2": 1100838.75, "max": 41444512, "dmean": 768917.5625}, "spectral_contrast_valleys": {"dvar": [0.211169451475, 0.247163489461, 0.211539968848, 0.252436488867, 0.253372788429, 0.28757378459], "mean": [-7.30080461502, -7.68396234512, -8.80424499512, -9.66524124146, -9.40901184082, -11.7102851868], "min": [-27.7819538116, -27.8191776276, -27.5158996582, -27.5834331512, -27.4591293335, -27.3911342621], "median": [-7.09768533707, -7.47728490829, -8.62533950806, -9.43781852722, -9.05799198151, -11.4214391708], "dvar2": [0.457573860884, 0.520144641399, 0.413264542818, 0.479375034571, 0.465038627386, 0.524634599686], "var": [2.52785038948, 2.90585827827, 3.03533172607, 3.51688623428, 3.87147259712, 3.32130169868], "dmean2": [0.646850585938, 0.679440200329, 0.626783847809, 0.586809098721, 0.521946907043, 0.507023155689], "max": [-4.44811344147, -4.14285993576, -5.10592603683, -5.33732557297, -5.87478685379, -8.34360122681], "dmean": [0.406335115433, 0.436345368624, 0.417336940765, 0.411274522543, 0.388284832239, 0.411668688059]}, "spectral_rms": {"dvar": 1.31278347908e-05, "mean": 0.00493719242513, "min": 3.10996280811e-12, "median": 0.00344336219132, "dvar2": 3.3071541111e-05, "var": 2.02151422855e-05, "dmean2": 0.0027306843549, "max": 0.0292101558298, "dmean": 0.00177295703907}, "barkbands_spread": {"dvar": 26.615436554, "mean": 8.65630245209, "min": 0.0847231894732, "median": 5.26429653168, "dvar2": 56.6754646301, "var": 86.0526504517, "dmean2": 4.75368452072, "max": 80.4334487915, "dmean": 3.12426376343}, "pitch_salience": {"dvar": 0.00589307770133, "mean": 0.539531767368, "min": 0.0478301234543, "median": 0.559714078903, "dvar2": 0.0142184793949, "var": 0.0195337999612, "dmean2": 0.124587416649, "max": 0.992207169533, "dmean": 0.0764304175973}, "erbbands_skewness": {"dvar": 0.325929194689, "mean": 0.944113373756, "min": -3.56628227234, "median": 0.809464395046, "dvar2": 0.722707867622, "var": 1.62384545803, "dmean2": 0.69917434454, "max": 9.05214500427, "dmean": 0.457905352116}, "spectral_energyband_middle_high": {"dvar": 2.35604875343e-06, "mean": 0.00114410591777, "min": 1.29343875647e-21, "median": 0.000351686758222, "dvar2": 4.62114167021e-06, "var": 5.70719112147e-06, "dmean2": 0.000733285327442, "max": 0.0285249371082, "dmean": 0.000525622512214}, "erbbands": {"dvar": [1.5405305624, 129.638809204, 530.03515625, 1766.20605469, 3304.72998047, 2555.20263672, 4936.28125, 13453.1210938, 3684.94091797, 303.321990967, 666.612854004, 837.229064941, 515.38079834, 253.770584106, 228.207611084, 240.330215454, 158.235488892, 92.3767776489, 116.944976807, 41.684753418, 31.7956123352, 19.9574394226, 24.631980896, 32.3189430237, 39.9792442322, 33.2011260986, 30.2502212524, 12.1797485352, 22.2777462006, 24.7144470215, 4.45258665085, 0.655595719814, 0.358879178762, 0.114058993757, 0.0507668219507, 0.0253947935998, 0.00575156370178, 0.00039135440602, 7.97406119091e-06, 3.42589494551e-08], "mean": [0.364795804024, 2.83195018768, 5.5810790062, 11.7719545364, 19.0335140228, 19.3899497986, 16.1526374817, 22.671831131, 12.4012556076, 6.69236755371, 8.95564651489, 10.29728508, 9.73644828796, 7.90458250046, 8.11526203156, 7.64584636688, 5.50503540039, 4.88939189911, 4.2257900238, 3.01273822784, 2.20429849625, 2.31736159325, 3.30553293228, 3.75113034248, 3.23035573959, 3.67452120781, 3.23878979683, 2.09252619743, 2.22516536713, 2.01398396492, 0.996562957764, 0.543471813202, 0.357461988926, 0.185053601861, 0.0901657938957, 0.045759614557, 0.0180914252996, 0.00435009691864, 0.000643421430141, 8.07496689958e-05], "min": [2.92945705964e-22, 6.73373385258e-22, 5.05055277444e-21, 2.32170453236e-20, 4.96756208285e-20, 7.0435023695e-20, 6.97113246695e-20, 5.29553596456e-20, 1.29926641756e-19, 1.94910480591e-19, 8.04130035712e-19, 5.04387492273e-19, 7.19301112931e-19, 8.29088194443e-19, 9.27865243508e-19, 1.51123106179e-18, 1.57037602655e-18, 2.96713035804e-18, 2.13578613188e-18, 4.32946828919e-18, 4.29785923644e-18, 4.4893875306e-18, 6.05065909034e-18, 5.32084508051e-18, 9.95495902622e-18, 8.43184324018e-18, 1.01755879479e-17, 1.21388713533e-17, 1.03630030865e-17, 1.27193933246e-17, 1.34633198629e-17, 9.95849853206e-18, 9.21482511107e-18, 8.86054448189e-18, 7.49323230013e-18, 4.62479327456e-18, 2.41110079106e-18, 1.08058522186e-18, 2.61498933492e-19, 2.71683271666e-20], "median": [0.0434662178159, 0.429483801126, 1.54440438747, 3.60630393028, 7.6740899086, 6.24824571609, 4.18701601028, 5.55574131012, 3.54838085175, 1.42572414875, 1.57967805862, 2.62226223946, 2.58394551277, 0.770717084408, 1.67300283909, 1.4870518446, 0.573500871658, 0.600341320038, 0.298778444529, 0.26159080863, 0.17556065321, 0.184657588601, 0.300276368856, 0.390818566084, 0.305004775524, 0.394579231739, 0.285213053226, 0.124697059393, 0.0947868898511, 0.0840869098902, 0.075079806149, 0.0603669434786, 0.03154604882, 0.0123282987624, 0.0039230925031, 0.0010902666254, 0.000171029678313, 2.68952608167e-05, 1.22952033053e-05, 1.63623735716e-05], "dvar2": [3.70848941803, 342.518554688, 1523.73168945, 4834.265625, 9111.74804688, 6817.56445312, 12808.0166016, 36858.8085938, 10248.3935547, 784.430664062, 1711.14282227, 2270.13012695, 1363.82678223, 556.544494629, 457.169158936, 561.454345703, 352.256713867, 222.018814087, 291.834625244, 99.6985702515, 77.6342315674, 48.0492286682, 59.1083488464, 69.1957855225, 91.4725799561, 70.8708724976, 58.2291145325, 22.3855628967, 46.3382530212, 43.730140686, 8.43959331512, 1.19410955906, 0.742405354977, 0.236012399197, 0.118535168469, 0.0610245428979, 0.0141833247617, 0.000942301470786, 1.83918036782e-05, 7.89925351796e-08], "var": [1.38219320774, 95.1134033203, 316.316741943, 1228.85864258, 2466.0559082, 2516.15722656, 3898.03198242, 9289.65917969, 2454.87426758, 316.946990967, 634.866333008, 761.097167969, 580.030090332, 454.719818115, 667.619445801, 346.116699219, 246.024398804, 154.050643921, 176.600189209, 70.7024459839, 47.1186676025, 43.0767555237, 73.427772522, 93.6373443604, 79.7976760864, 95.0815353394, 88.6534881592, 35.1925773621, 46.9236030579, 45.902557373, 8.31365394592, 1.61566531658, 0.756993889809, 0.210085406899, 0.0639139637351, 0.025647001341, 0.00537017127499, 0.000382172351237, 8.2793776528e-06, 3.95860766389e-08], "dmean2": [0.650416612625, 5.80615997314, 12.1666412354, 22.0646209717, 26.8392601013, 26.5112438202, 25.8232631683, 41.2746505737, 22.0927143097, 8.52798938751, 12.3532247543, 13.5899219513, 10.7005186081, 7.47092723846, 6.36753463745, 6.97714948654, 5.64972305298, 4.52351236343, 4.43467140198, 3.03067111969, 2.43127512932, 2.18999624252, 2.82319378853, 2.81648564339, 2.69069766998, 2.77935266495, 2.39147353172, 1.6423728466, 2.05574655533, 1.88922131062, 0.952850699425, 0.469584882259, 0.336189597845, 0.17517927289, 0.108458779752, 0.0752963721752, 0.0348798297346, 0.00826765224338, 0.00117980898358, 0.000108828782686], "max": [11.7762699127, 113.345062256, 213.597915649, 497.569396973, 809.463745117, 780.225646973, 979.649536133, 1863.68127441, 1151.23022461, 307.476898193, 413.811981201, 493.143127441, 378.478302002, 331.724853516, 592.070678711, 302.973022461, 333.10055542, 164.741836548, 252.364456177, 130.081085205, 121.508605957, 100.965209961, 101.493515015, 233.139266968, 203.07862854, 210.273040771, 200.834671021, 80.1154174805, 127.089500427, 99.9162368774, 43.5663757324, 15.639131546, 13.3270082474, 7.29993772507, 4.28257417679, 2.60874080658, 1.22001957893, 0.439770430326, 0.0636717602611, 0.00349119864404], "dmean": [0.393743872643, 3.42686319351, 6.57720994949, 12.4508924484, 15.6153554916, 15.5647497177, 15.6138029099, 24.1867389679, 12.7662696838, 5.19399404526, 7.57087469101, 8.15127372742, 6.5790271759, 5.02690601349, 4.32953643799, 4.50863456726, 3.72590661049, 2.91379547119, 2.89132499695, 1.9962246418, 1.5865521431, 1.43682694435, 1.84736335278, 1.92099845409, 1.87189054489, 1.96866071224, 1.74427473545, 1.22377467155, 1.46004378796, 1.40874636173, 0.700098931789, 0.336724132299, 0.235499873757, 0.124654486775, 0.0733538493514, 0.0483028776944, 0.0215521678329, 0.00518326321617, 0.000751425803173, 7.08686275175e-05]}, "dissonance": {"dvar": 0.00129448669031, "mean": 0.409565508366, "min": 0, "median": 0.434786260128, "dvar2": 0.00324368989095, "var": 0.00650556758046, "dmean2": 0.0562044940889, "max": 0.500000178814, "dmean": 0.0342645347118}, "erbbands_flatness_db": {"dvar": 0.00083126896061, "mean": 0.214049145579, "min": 0.0264079179615, "median": 0.188366577029, "dvar2": 0.00143694307189, "var": 0.00938496738672, "dmean2": 0.032491505146, "max": 0.48468953371, "dmean": 0.0250842440873}, "melbands_kurtosis": {"dvar": 1114.1574707, "mean": 30.6876888275, "min": -1.80709528923, "median": 16.6801204681, "dvar2": 2546.66748047, "var": 3827.2590332, "dmean2": 26.5974826813, "max": 1250.81774902, "dmean": 17.0297927856}, "melbands_spread": {"dvar": 32.9284172058, "mean": 8.46145248413, "min": 0.277974426746, "median": 4.94331026077, "dvar2": 69.5625534058, "var": 180.526550293, "dmean2": 4.53963422775, "max": 183.201889038, "dmean": 2.93942117691}, "melbands_skewness": {"dvar": 1.62498676777, "mean": 3.30764460564, "min": -3.78210997581, "median": 3.05739045143, "dvar2": 3.51794290543, "var": 5.82176589966, "dmean2": 1.49135315418, "max": 26.0318698883, "dmean": 0.981356203556}, "spectral_entropy": {"dvar": 0.108435072005, "mean": 6.49382400513, "min": 3.31366729736, "median": 6.73671627045, "dvar2": 0.203296869993, "var": 1.2259169817, "dmean2": 0.38377597928, "max": 9.81000995636, "dmean": 0.2725943923}, "zerocrossingrate": {"dvar": 0.000157444839715, "mean": 0.0293357986957, "min": 0, "median": 0.01904296875, "dvar2": 0.000182287985808, "var": 0.0025011014659, "dmean2": 0.00811172556132, "max": 0.90283203125, "dmean": 0.00672801723704}, "average_loudness": 0.733127117157, "spectral_contrast_coeffs": {"dvar": [0.00257622823119, 0.00184432929382, 0.00111420452595, 0.000610543938819, 0.000396705843741, 0.000300816202071], "mean": [-0.630290865898, -0.706565618515, -0.751108825207, -0.809155285358, -0.828115999699, -0.807145833969], "min": [-0.97800475359, -0.978284716606, -0.98882329464, -0.969303667545, -0.964141249657, -0.962779402733], "median": [-0.629620552063, -0.718079686165, -0.75829410553, -0.817475736141, -0.831231832504, -0.80727571249], "dvar2": [0.00636511435732, 0.00476367585361, 0.00255433120765, 0.00137438531965, 0.000825375784189, 0.000598791928496], "var": [0.00879631284624, 0.0090904738754, 0.00784425064921, 0.00379571411759, 0.00281590316445, 0.00272205169313], "dmean2": [0.0833208113909, 0.0755132585764, 0.0577710866928, 0.041696973145, 0.0324051715434, 0.024763526395], "max": [-0.246999442577, -0.381677955389, -0.476095080376, -0.566138505936, -0.604904234409, -0.592563867569], "dmean": [0.050682593137, 0.0464518293738, 0.0367637388408, 0.0265301596373, 0.0210129115731, 0.0164966005832]}, "barkbands_flatness_db": {"dvar": 0.00110844383016, "mean": 0.269190341234, "min": 0.0421638078988, "median": 0.260839641094, "dvar2": 0.00220751878805, "var": 0.0118578840047, "dmean2": 0.0453392639756, "max": 0.554094970226, "dmean": 0.0310162715614}, "silence_rate_30dB": {"dvar": 0.0817780643702, "mean": 0.875086665154, "min": 0, "median": 1, "dvar2": 0.148255333304, "var": 0.109311699867, "dmean2": 0.179725423455, "max": 1, "dmean": 0.0898502469063}, "spectral_energyband_high": {"dvar": 1.50011970845e-07, "mean": 0.0002644865599, "min": 7.27391934524e-21, "median": 2.79289197351e-05, "dvar2": 2.40367739934e-07, "var": 4.53542583045e-07, "dmean2": 0.00018882616132, "max": 0.00894697383046, "dmean": 0.00015067991626}, "melbands_flatness_db": {"dvar": 0.00166518136393, "mean": 0.369088679552, "min": 0.00392051413655, "median": 0.355846792459, "dvar2": 0.00321635510772, "var": 0.0187057647854, "dmean2": 0.0529223978519, "max": 0.705251991749, "dmean": 0.0366156548262}, "barkbands": {"dvar": [0.00103679695167, 0.00223978469148, 0.000333721953211, 0.000484679650981, 0.000164177356055, 0.0001955141488, 4.20040987592e-06, 1.09621282718e-06, 1.77367314791e-06, 3.50109303326e-07, 1.89037436371e-07, 1.37997048455e-07, 8.13526099819e-08, 4.48618102666e-08, 2.84886088053e-08, 1.25049535171e-08, 6.54981002768e-09, 9.29523213955e-09, 1.66272098312e-08, 1.70729652638e-08, 9.8727230835e-09, 1.62793245551e-08, 1.09759970002e-08, 1.18459519971e-09, 8.6057211357e-10, 1.51694812267e-09, 2.74533729083e-10], "mean": [0.0125366253778, 0.0123789710924, 0.00461555505171, 0.00494184251875, 0.00570457801223, 0.00266904290766, 0.000544350128621, 0.000373927410692, 0.000495541607961, 0.000258612300968, 0.000173476539203, 0.000220197936869, 0.000118878859212, 8.98252692423e-05, 7.15025089448e-05, 4.3574225856e-05, 3.86297033401e-05, 6.59240977257e-05, 6.87619103701e-05, 7.95642699813e-05, 6.00540333835e-05, 6.14510645391e-05, 4.37548223999e-05, 2.31224948948e-05, 1.43829256558e-05, 9.99942039925e-06, 3.66916538042e-06], "min": [1.45671153366e-24, 7.35555601703e-24, 5.47494672329e-24, 6.14596995307e-24, 3.05006411018e-23, 6.74939766404e-24, 9.01707457713e-24, 2.26403663556e-23, 1.73875072485e-23, 2.44150856667e-23, 1.98776997348e-23, 3.56792194883e-23, 2.55405440538e-23, 4.92091338014e-23, 5.51830543743e-23, 5.74935143697e-23, 6.13958010086e-23, 1.18024850044e-22, 1.60247613943e-22, 1.99979925032e-22, 3.09551442589e-22, 3.08026404066e-22, 4.45847522889e-22, 6.32442485221e-22, 9.11405410759e-22, 1.31069696311e-21, 1.8693928434e-21], "median": [0.000330169335939, 0.00192400813103, 0.00147557805758, 0.00130651635118, 0.00237321807072, 0.000603873981163, 0.000111825473141, 5.55817387067e-05, 0.000144338991959, 2.31028461712e-05, 1.04982573248e-05, 4.22295088356e-05, 1.01858504422e-05, 9.30354326556e-06, 4.67414020022e-06, 3.1288034279e-06, 2.79197774944e-06, 5.6440417211e-06, 5.9738690652e-06, 8.0285308286e-06, 4.46832746093e-06, 2.61457103079e-06, 2.6825769055e-06, 2.41314091909e-06, 7.88265538176e-07, 1.28216555595e-07, 2.67127706621e-08], "dvar2": [0.00281016645022, 0.00577697576955, 0.000975343515165, 0.00131432083435, 0.000443324359367, 0.000524544971995, 1.15827242553e-05, 2.73198907053e-06, 4.87959960083e-06, 8.52908272009e-07, 3.97003759645e-07, 3.16503331987e-07, 1.8596867335e-07, 1.17465276617e-07, 6.85289904823e-08, 2.99715594565e-08, 1.60773776514e-08, 2.22583231846e-08, 3.77524358441e-08, 3.61550327455e-08, 1.81457497916e-08, 3.20209778693e-08, 2.08053823059e-08, 2.28432295302e-09, 1.86963156068e-09, 3.67476515883e-09, 6.36904584628e-10], "var": [0.00111063045915, 0.00173593254294, 0.000191309824004, 0.000336791301379, 0.000155676156282, 0.000140535106766, 3.22440064338e-06, 1.14690863029e-06, 1.58453019594e-06, 5.36488528269e-07, 4.82330392515e-07, 2.19246985012e-07, 1.19820697364e-07, 6.32559178371e-08, 4.43064180899e-08, 1.87996818113e-08, 1.27426069696e-08, 2.96472766337e-08, 3.43375319289e-08, 4.89596843067e-08, 2.78920371244e-08, 3.46935316031e-08, 1.90527824628e-08, 2.7931814639e-09, 1.35840139137e-09, 1.47799739114e-09, 2.82559892151e-10], "dmean2": [0.0192107837647, 0.024154106155, 0.0100053790957, 0.00945854373276, 0.00711672846228, 0.00489526428282, 0.000841393950395, 0.000513821956702, 0.000641866354272, 0.000272663397482, 0.000179342576303, 0.000186710385606, 0.000129743668367, 9.30005844566e-05, 7.77103196015e-05, 5.02885559399e-05, 3.91904395656e-05, 5.53808313271e-05, 5.72343051317e-05, 6.11575014773e-05, 4.5914810471e-05, 5.54766957066e-05, 4.29262290709e-05, 2.04797706829e-05, 1.49797806444e-05, 1.81130344572e-05, 6.84488122715e-06], "max": [0.27114674449, 0.461123943329, 0.178036421537, 0.259116768837, 0.172357112169, 0.22393758595, 0.0476361550391, 0.0194977987558, 0.0260089058429, 0.0111985737458, 0.0165280066431, 0.00675352243707, 0.0073285526596, 0.00437251199037, 0.00323463371024, 0.00241992226802, 0.00192388566211, 0.00225887377746, 0.00429214863107, 0.00558468746021, 0.00246505090035, 0.00267562293448, 0.00186145177577, 0.000674925453495, 0.000557406863663, 0.000658372126054, 0.000398235104512], "dmean": [0.0113646164536, 0.0144730396569, 0.00530378706753, 0.00543327955529, 0.00415850570425, 0.00289953523315, 0.000495525193401, 0.000317400583299, 0.000383168982808, 0.000175582244992, 0.000118613970699, 0.000119349933811, 8.34699676489e-05, 5.83143810218e-05, 4.99583111377e-05, 3.27805100824e-05, 2.5418239602e-05, 3.62593127647e-05, 3.89516244468e-05, 4.37744056399e-05, 3.38119316439e-05, 4.04184393119e-05, 3.17184167216e-05, 1.45638632603e-05, 1.04606851892e-05, 1.14064159789e-05, 4.33910781794e-06]}, "erbbands_spread": {"dvar": 139.743301392, "mean": 32.691947937, "min": 0.321104824543, "median": 27.346660614, "dvar2": 295.967590332, "var": 597.935424805, "dmean2": 12.7009830475, "max": 142.51802063, "dmean": 8.5740480423}, "barkbands_kurtosis": {"dvar": 1346.98718262, "mean": 19.6215248108, "min": -1.83462059498, "median": 8.08603191376, "dvar2": 3718.26586914, "var": 2059.23779297, "dmean2": 18.1643848419, "max": 1195.9152832, "dmean": 11.81295681}, "spectral_flux": {"dvar": 0.0117194643244, "mean": 0.0958046466112, "min": 6.46498687917e-11, "median": 0.0464863218367, "dvar2": 0.0273272339255, "var": 0.0175407603383, "dmean2": 0.0853056311607, "max": 0.831916630268, "dmean": 0.0541431456804}, "silence_rate_20dB": {"dvar": 0.0168982185423, "mean": 0.990988492966, "min": 0, "median": 1, "dvar2": 0.0495766811073, "var": 0.00893025193363, "dmean2": 0.0343919023871, "max": 1, "dmean": 0.0171935670078}, "gfcc": {"cov": [[23314.3535156, -2757.17333984, -3922.64233398, 1898.99389648, -1012.85925293, 1040.31115723, -262.280822754, 624.896362305, -477.438476562, -18.4338340759, -614.136779785, -308.422973633, -293.879943848], [-2757.17333984, 2626.67163086, 743.052185059, -811.985351562, 215.566558838, -337.209655762, 123.850952148, -302.804534912, 19.1307563782, -262.73135376, 206.617828369, -164.491195679, 82.1518859863], [-3922.64233398, 743.052185059, 1963.73181152, -409.715667725, 288.487701416, -292.29208374, -3.60192799568, -186.6743927, 115.057060242, 141.003890991, 20.9430217743, 168.748825073, -25.8948669434], [1898.99389648, -811.985351562, -409.715667725, 962.879882812, -224.121795654, -22.0493144989, -128.676132202, 186.683441162, 77.785194397, 3.45358395576, -16.011713028, -71.0142364502, 29.8783950806], [-1012.85925293, 215.566558838, 288.487701416, -224.121795654, 408.206329346, 63.2716789246, 59.5994224548, -30.0322093964, -6.26522350311, 20.1398448944, -3.90414190292, 26.3786888123, -19.0190849304], [1040.31115723, -337.209655762, -292.29208374, -22.0493144989, 63.2716789246, 440.685791016, 116.132965088, 8.64144420624, -87.9631652832, 18.8732433319, -53.7985305786, 6.32478141785, -12.7019643784], [-262.280822754, 123.850952148, -3.60192799568, -128.676132202, 59.5994224548, 116.132965088, 261.231079102, 59.1903076172, -22.9648475647, -17.3174171448, 9.08994102478, -15.0893993378, -0.914625108242], [624.896362305, -302.804534912, -186.6743927, 186.683441162, -30.0322093964, 8.64144420624, 59.1903076172, 271.007354736, 67.5198516846, 24.7943458557, -18.8003368378, -28.2667636871, 13.3423967361], [-477.438476562, 19.1307563782, 115.057060242, 77.785194397, -6.26522350311, -87.9631652832, -22.9648475647, 67.5198516846, 167.250747681, 56.3910903931, 6.62272119522, -10.9929943085, 12.3808670044], [-18.4338340759, -262.73135376, 141.003890991, 3.45358395576, 20.1398448944, 18.8732433319, -17.3174171448, 24.7943458557, 56.3910903931, 178.546005249, -15.359670639, 60.5283432007, -25.8005065918], [-614.136779785, 206.617828369, 20.9430217743, -16.011713028, -3.90414190292, -53.7985305786, 9.08994102478, -18.8003368378, 6.62272119522, -15.359670639, 127.589035034, 4.4631819725, 19.8721942902], [-308.422973633, -164.491195679, 168.748825073, -71.0142364502, 26.3786888123, 6.32478141785, -15.0893993378, -28.2667636871, -10.9929943085, 60.5283432007, 4.4631819725, 149.565856934, -5.5404047966], [-293.879943848, 82.1518859863, -25.8948669434, 29.8783950806, -19.0190849304, -12.7019643784, -0.914625108242, 13.3423967361, 12.3808670044, -25.8005065918, 19.8721942902, -5.5404047966, 85.2007446289]], "mean": [-130.933883667, 142.350112915, -59.3838119507, 32.0462303162, -54.8978004456, 6.36831378937, -25.2821445465, -3.8915002346, -24.917011261, -6.61412334442, -5.4047908783, -6.22168207169, -5.2594127655], "icov": [[0.000142625751323, -0.000239901637542, 0.000232106438489, -0.000312058138661, 0.000201496572117, -0.000244431605097, 0.000230796489632, -0.000344442320056, 0.000504943542182, -0.000367863802239, 0.000677406322211, -0.00025846916833, 0.0006086260546], [-0.000239901637542, 0.00180467276368, -0.000742278527468, 0.00149523129221, -0.00051892286865, 0.000983222736977, -0.000811444944702, 0.00148560921662, -0.00159137346782, 0.00207172264345, -0.00254224636592, 0.00233551231213, -0.00192470650654], [0.000232106438489, -0.000742278527468, 0.00136471469887, -0.00067024002783, -0.000156227688421, 0.000193796673557, 4.17499759351e-05, -8.59438296175e-05, 0.000471903156722, -0.00141000002623, 0.00175225210842, -0.00159215694293, 0.00116627395619], [-0.000312058138661, 0.00149523129221, -0.00067024002783, 0.0029726610519, 3.54779585905e-05, 0.000632819603197, 0.000244541093707, 0.000294406403555, -0.00194893823937, 0.00185420364141, -0.00257477490231, 0.00232093245722, -0.00210931454785], [0.000201496572117, -0.00051892286865, -0.000156227688421, 3.54779585905e-05, 0.00355090457015, -0.00126121391077, 0.000413321598899, -0.000997418421321, 0.000650922127534, -0.000489750003908, 0.000942624290474, -0.000411637476645, 0.00141118944157], [-0.000244431605097, 0.000983222736977, 0.000193796673557, 0.000632819603197, -0.00126121391077, 0.00454433914274, -0.00245255394839, 0.00170711788815, 0.000360342790373, -0.000238291613641, -0.000201398419449, 0.000824013724923, -0.00187584699597], [0.000230796489632, -0.000811444944702, 4.17499759351