{"metadata": {"audio_properties": {"downmix": "mix", "bit_rate": 319787, "lossless": false, "md5_encoded": "07e174521c536156f1ccc8b8e4daec29", "analysis_sample_rate": 44100, "sample_rate": 44100, "replay_gain": -18.1350746155, "equal_loudness": 0, "codec": "mp3", "length": 135.05305481}, "tags": {"musicbrainz_albumid": ["410d8b86-d4fc-4818-9a06-1646fbfeb92a"], "musicbrainz_recordingid": ["1eb3e748-79e8-4354-bee5-06ded6a61739"], "artist": ["Liam Lynch"], "acoustid_id": ["d196f69c-33d4-4268-aafa-0b2785f8c25c"], "musicbrainz album type": ["album"], "originaldate": ["2003"], "albumartist": ["Liam Lynch"], "asin": ["B00009PNA7"], "contentgroup": ["Soul"], "script": ["Latn"], "musicbrainz_albumartistid": ["6e987552-beba-4cc2-900d-ac01c7b4c964"], "file_name": "07 Electrician's Day.mp3", "musicbrainz album release country": ["ZA"], "musicbrainz_artistid": ["6e987552-beba-4cc2-900d-ac01c7b4c964"], "albumartistsort": ["Lynch, Liam"], "tracknumber": ["7/20"], "musicbrainz album status": ["official"], "album": ["Fake Songs"], "date": ["2003"], "title": ["Electrician's Day"], "mood": ["Humorous; Quirky; Feel Good"], "discnumber": ["1/1"], "artistsort": ["Lynch, Liam"], "genre": ["Soul; Downtempo; Humour; Alternative; Punk Rock"], "originalyear": ["2003"], "musicbrainz_releasegroupid": ["ab3b28ac-93f3-3e74-8b52-af214e3365bf"]}, "version": {"essentia_build_sha": "26c37b627ab5a2028d412893e0969599b764ad4d", "essentia_git_sha": "v2.1_beta2", "extractor": "music 1.0", "essentia": "2.1-beta2"}}, "tonal": {"chords_scale": "major", "hpcp": {"dmean": [0.0944961458445, 0.0934931412339, 0.0778416097164, 0.0736712217331, 0.0631964728236, 0.0718835368752, 0.0980977937579, 0.112815856934, 0.139098778367, 0.14003239572, 0.144529744983, 0.11472068727, 0.107413090765, 0.118741966784, 0.127324715257, 0.10928350687, 0.10955414176, 0.0926752313972, 0.0834791138768, 0.0925094410777, 0.109533041716, 0.119762152433, 0.117033451796, 0.119084089994, 0.101964965463, 0.0715833902359, 0.0484217964113, 0.0484609156847, 0.0571527816355, 0.0850116834044, 0.0976496487856, 0.087391987443, 0.0592384152114, 0.0532460622489, 0.0656992718577, 0.0888197869062], "dvar2": [0.086958065629, 0.0889612063766, 0.0757445245981, 0.082357659936, 0.0640914291143, 0.0767726227641, 0.119008786976, 0.118742503226, 0.130033254623, 0.140079706907, 0.117065295577, 0.111650459468, 0.117335677147, 0.129552856088, 0.142472535372, 0.108858466148, 0.109174109995, 0.096152856946, 0.0830499231815, 0.0932494476438, 0.0932412743568, 0.106803372502, 0.0955089554191, 0.105645723641, 0.106320522726, 0.0673018097878, 0.0445878766477, 0.0538522489369, 0.0577905587852, 0.0750523507595, 0.0838854834437, 0.0720783770084, 0.0627125129104, 0.0570765323937, 0.0689167007804, 0.0841357856989], "mean": [0.165363520384, 0.117670461535, 0.0702436864376, 0.0622585639358, 0.0526015460491, 0.062464941293, 0.0941653549671, 0.104278512299, 0.208773434162, 0.328959286213, 0.225717931986, 0.112557753921, 0.107098974288, 0.101472385228, 0.12337590009, 0.168420732021, 0.146162301302, 0.0906234830618, 0.0759437456727, 0.0793080404401, 0.13246949017, 0.197143301368, 0.166126102209, 0.15195094049, 0.163545280695, 0.0910390838981, 0.0404659323394, 0.0401004590094, 0.0486203171313, 0.119413226843, 0.198454409838, 0.135033980012, 0.0498527288437, 0.0427626557648, 0.0533841252327, 0.116905890405], "var": [0.0844839140773, 0.0421017631888, 0.0276532750577, 0.0271032564342, 0.0206241402775, 0.0226819142699, 0.0410192646086, 0.0407005921006, 0.0707430019975, 0.156357690692, 0.0718506202102, 0.0482152104378, 0.0485449656844, 0.0450832843781, 0.0493473783135, 0.0835366398096, 0.0649546384811, 0.0369795747101, 0.0318723991513, 0.0333348177373, 0.0459149032831, 0.0885365828872, 0.0643100142479, 0.0569965057075, 0.0897754505277, 0.0329842716455, 0.0121742170304, 0.0131561178714, 0.0164786614478, 0.0406716056168, 0.0969283059239, 0.0480573214591, 0.0165642276406, 0.0150439273566, 0.0185409579426, 0.0476604402065], "dmean2": [0.164356395602, 0.164699986577, 0.138383284211, 0.134211957455, 0.115070328116, 0.130194887519, 0.178364932537, 0.204193338752, 0.246909037232, 0.244993820786, 0.252196669579, 0.203150466084, 0.194093599916, 0.212676495314, 0.230786293745, 0.193705096841, 0.193002507091, 0.164675921202, 0.148182690144, 0.164129763842, 0.188866347075, 0.206386178732, 0.201251402497, 0.208593502641, 0.180685803294, 0.127766236663, 0.0888165235519, 0.0887822434306, 0.103376105428, 0.147595360875, 0.166618540883, 0.148864299059, 0.108209140599, 0.0986037328839, 0.119104638696, 0.156763032079], "dvar": [0.0341011807323, 0.0316709466279, 0.0277238879353, 0.0294986702502, 0.0235093142837, 0.0275515634567, 0.0432837754488, 0.0427156537771, 0.0465569421649, 0.0545280836523, 0.0437832996249, 0.0411220006645, 0.0422936268151, 0.0464259237051, 0.0505814068019, 0.0415866784751, 0.040334995836, 0.0355930812657, 0.0315418094397, 0.0347650796175, 0.0355859361589, 0.0402270182967, 0.0342715084553, 0.0386193022132, 0.0397975184023, 0.0244111102074, 0.0156435575336, 0.0183578226715, 0.0200329497457, 0.0277399383485, 0.0346120074391, 0.0275171436369, 0.0214627552778, 0.0196342114359, 0.0231858026236, 0.030373364687], "min": [0, 0, 0, 0, 0, 0, 0, 0, 0, 0, 0, 0, 0, 0, 0, 0, 0, 0, 0, 0, 0, 0, 0, 0, 0, 0, 0, 0, 0, 0, 0, 0, 0, 0, 0, 0], "median": [0.0251698717475, 0.0223501585424, 0.00949909165502, 0.00607071910053, 0.00490526482463, 0.0103865992278, 0.0159403271973, 0.0215910188854, 0.0658378824592, 0.105223715305, 0.0935564786196, 0.018584061414, 0.0120270866901, 0.0105011695996, 0.0222253538668, 0.0246786754578, 0.0189991779625, 0.0139551833272, 0.00858313217759, 0.00924290157855, 0.0326063148677, 0.043268930167, 0.0416490361094, 0.0325443223119, 0.0194277241826, 0.00978584494442, 0.00605407077819, 0.00569939566776, 0.00668727792799, 0.0271822940558, 0.0473861135542, 0.0346785411239, 0.00847152248025, 0.00514465151355, 0.00721338111907, 0.0161876119673], "max": [1, 1, 1, 1, 1, 1, 1, 1, 1, 1, 1, 1, 1, 1, 1, 1, 1, 1, 1, 1, 1, 1, 1, 1, 1, 1, 1, 1, 1, 1, 1, 1, 1, 1, 1, 1]}, "tuning_equal_tempered_deviation": 0.0991064459085, "chords_key": "A", "chords_strength": {"dmean": 0.00896277837455, "dvar2": 0.00180876452941, "mean": 0.513212323189, "var": 0.040253713727, "dmean2": 0.00987063255161, "dvar": 0.000802626367658, "min": -1, "median": 0.516582965851, "max": 0.891159534454}, "tuning_diatonic_strength": 0.60568356514, "thpcp": [1, 0.686157643795, 0.342163175344, 0.325569093227, 0.308464884758, 0.37504914403, 0.511980473995, 0.444317311049, 0.275485396385, 0.230860620737, 0.241087704897, 0.402692645788, 0.59929394722, 0.505005061626, 0.461914122105, 0.49715963006, 0.276748776436, 0.12301197648, 0.121900975704, 0.147800415754, 0.363003045321, 0.603279531002, 0.410488426685, 0.151546806097, 0.129993766546, 0.162281855941, 0.355381041765, 0.502686917782, 0.357705235481, 0.213533073664, 0.189259171486, 0.159902900457, 0.189886540174, 0.286252319813, 0.316995203495, 0.634648263454], "chords_histogram": [16.4261169434, 7.1821308136, 18.6254291534, 0.343642622232, 8.76288700104, 0.54982817173, 4.08934688568, 0, 19.0034370422, 0.137457042933, 1.99312710762, 0, 0.0343642607331, 0, 0, 0, 0, 3.8831615448, 1.06529211998, 13.3333330154, 0, 1.47766327858, 0.85910654068, 2.2336769104], "tuning_nontempered_energy_ratio": 0.714964389801, "tuning_frequency": 437.971466064, "key_strength": 0.792533159256, "chords_changes_rate": 0.0542955324054, "key_scale": "major", "hpcp_entropy": {"dmean": 0.560289502144, "dvar2": 0.738922894001, "mean": 1.70307505131, "var": 0.776281774044, "dmean2": 0.943178474903, "dvar": 0.281631350517, "min": 0, "median": 1.69641721249, "max": 4.6192855835}, "key_key": "F", "chords_number_rate": 0.00412371149287}, "lowlevel": {"melbands_skewness": {"dmean": 0.777759611607, "dvar2": 2.14275503159, "mean": 2.73434853554, "var": 4.99456501007, "dmean2": 1.15696239471, "dvar": 1.03127682209, "min": -1.7979118824, "median": 2.52648019791, "max": 16.3770980835}, "melbands_kurtosis": {"dmean": 9.18171787262, "dvar2": 882.774902344, "mean": 20.5570220947, "var": 1043.97277832, "dmean2": 14.1743402481, "dvar": 395.519683838, "min": -1.90810859203, "median": 9.94659042358, "max": 437.039611816}, "barkbands_kurtosis": {"dmean": 4.11110305786, "dvar2": 221.45602417, "mean": 8.24899673462, "var": 196.013885498, "dmean2": 6.40140199661, "dvar": 86.4784011841, "min": -1.9373114109, "median": 3.45307302475, "max": 373.960754395}, "hfc": {"dmean": 4.41501617432, "dvar2": 86.5014877319, "mean": 14.6292610168, "var": 308.412902832, "dmean2": 6.3164191246, "dvar": 45.928237915, "min": 1.05088849902e-16, "median": 5.66939258575, "max": 85.0272369385}, "silence_rate_20dB": {"dmean": 0, "dvar2": 0, "mean": 1, "var": 0, "dmean2": 0, "dvar": 0, "min": 1, "median": 1, "max": 1}, "erbbands_flatness_db": {"dmean": 0.0231087915599, "dvar2": 0.0014300000621, "mean": 0.192868381739, "var": 0.00441982131451, "dmean2": 0.0315750390291, "dvar": 0.000827046402264, "min": 0.0304817352444, "median": 0.20055167377, "max": 0.361419200897}, "spectral_flux": {"dmean": 0.0206744335592, "dvar2": 0.00145607616287, "mean": 0.0602337941527, "var": 0.00185167358723, "dmean2": 0.0331283062696, "dvar": 0.000601296196692, "min": 6.33890162582e-11, "median": 0.0499530062079, "max": 0.203944638371}, "spectral_energyband_low": {"dmean": 0.00192020426039, "dvar2": 3.08611161017e-05, "mean": 0.00463203946128, "var": 1.98368579731e-05, "dmean2": 0.00308950990438, "dvar": 1.31384531414e-05, "min": 1.39876666305e-23, "median": 0.00335903302766, "max": 0.0355952717364}, "spectral_rolloff": {"dmean": 439.233886719, "dvar2": 3491153.75, "mean": 1710.53881836, "var": 8655070, "dmean2": 755.292785645, "dvar": 1459935.875, "min": 64.599609375, "median": 667.529296875, "max": 19853.6132812}, "spectral_entropy": {"dmean": 0.239015981555, "dvar2": 0.173930972815, "mean": 7.00349998474, "var": 0.662461936474, "dmean2": 0.33581662178, "dvar": 0.0886308774352, "min": 4.61689281464, "median": 6.98438072205, "max": 9.81849479675}, "spectral_energy": {"dmean": 0.00383562967181, "dvar2": 5.69698750041e-05, "mean": 0.0145195936784, "var": 9.18439836823e-05, "dmean2": 0.0058361091651, "dvar": 2.67905888904e-05, "min": 1.00426843025e-20, "median": 0.0120931528509, "max": 0.0458490252495}, "spectral_centroid": {"dmean": 196.843780518, "dvar2": 176508.328125, "mean": 1338.63708496, "var": 2653644.5, "dmean2": 291.030029297, "dvar": 89134.0390625, "min": 133.992019653, "median": 925.935058594, "max": 12168.3603516}, "barkbands_flatness_db": {"dmean": 0.0245094243437, "dvar2": 0.00169319694396, "mean": 0.190743714571, "var": 0.00584017345682, "dmean2": 0.035471316427, "dvar": 0.000793372455519, "min": 0.0246786046773, "median": 0.178812325001, "max": 0.498420715332}, "spectral_rms": {"dmean": 0.000491324346513, "dvar2": 7.74854925112e-07, "mean": 0.00351764564402, "var": 1.79164760539e-06, "dmean2": 0.000737611553632, "dvar": 3.85456445429e-07, "min": 3.13013438953e-12, "median": 0.00343485060148, "max": 0.00668810587376}, "melbands": {"dmean": [0.000292262498988, 0.000380976998713, 0.000274813792203, 0.000123612393509, 6.64364633849e-05, 5.12417573191e-05, 7.55439687055e-05, 0.000138586503454, 0.000138693372719, 5.47459167137e-05, 3.33334719471e-05, 3.26951412717e-05, 1.80237057066e-05, 9.6961739473e-06, 7.2315556281e-06, 5.39761276741e-06, 4.55933104604e-06, 7.50123399484e-06, 1.44688619912e-05, 3.31251903845e-05, 3.72520153178e-05, 3.64163133781e-05, 3.85372659366e-05, 9.05627348402e-06, 2.97981523545e-06, 1.83428346645e-06, 2.51633014159e-06, 2.1208875296e-06, 1.04567595827e-06, 7.17262253147e-07, 4.6269715881e-07, 4.61692877707e-07, 5.35922026756e-07, 5.23724793311e-07, 5.3604196637e-07, 6.14889131612e-07, 3.7645708062e-07, 3.32302079187e-07, 3.41503834989e-07, 3.27022377178e-07], "dvar2": [1.53244070589e-06, 1.41539146625e-06, 7.4808485806e-07, 1.63113185181e-07, 4.01844779674e-08, 3.51215128092e-08, 1.24050700379e-07, 4.33980630987e-07, 4.69655105917e-07, 9.94507018959e-08, 4.15071461646e-08, 2.86369257196e-08, 1.06834052715e-08, 4.05439903872e-09, 1.15913434406e-09, 6.18250117768e-10, 3.86826654042e-10, 1.18962073525e-09, 5.26308685522e-09, 1.85893203053e-08, 2.34841959212e-08, 1.83015700372e-08, 2.1638928871e-08, 1.70124969667e-09, 1.998262944e-10, 3.80664874622e-11, 1.19388776643e-10, 1.26619173479e-10, 1.97247010392e-11, 7.60094678171e-12, 2.06601250864e-12, 5.33941424061e-12, 1.02487922662e-11, 5.31257373163e-12, 6.17665424016e-12, 1.27321894347e-11, 4.00972397646e-12, 2.73069284198e-12, 2.05027379623e-12, 1.81524294294e-12], "mean": [0.000526258954778, 0.000838696840219, 0.000683866150212, 0.000290133000817, 0.000157527378178, 0.000110010696517, 0.000135174399475, 0.000233598446357, 0.000215487700189, 7.67709134379e-05, 5.12260376127e-05, 6.21475774096e-05, 2.78026418528e-05, 1.39417070386e-05, 1.09876264105e-05, 8.93824017112e-06, 7.44817225495e-06, 1.17897179734e-05, 2.05083833862e-05, 5.99869053985e-05, 9.46560903685e-05, 6.61212397972e-05, 8.44948226586e-05, 1.35757427415e-05, 4.92424851473e-06, 3.06657284455e-06, 4.27591703556e-06, 3.52426877726e-06, 1.87191369605e-06, 1.28996691728e-06, 8.98600944765e-07, 7.04135516116e-07, 6.81744836584e-07, 7.1932646506e-07, 7.50958633944e-07, 7.39004235584e-07, 5.22008406278e-07, 4.70676496889e-07, 5.08538334998e-07, 4.61413321773e-07], "var": [6.88366185386e-07, 6.97381892678e-07, 5.26165251813e-07, 1.20176579799e-07, 3.59281884244e-08, 3.6328504649e-08, 1.74736300096e-07, 4.97564656143e-07, 4.77669118482e-07, 9.63913464602e-08, 4.49600854324e-08, 4.13877145888e-08, 1.17502096941e-08, 2.95901458891e-09, 7.85222387112e-10, 4.07382738654e-10, 2.64342575607e-10, 8.71785754697e-10, 4.40692904391e-09, 2.49643807848e-08, 5.31338457677e-08, 2.39860238338e-08, 4.17678691633e-08, 1.46177414617e-09, 1.71619427003e-10, 3.93173167634e-11, 1.02261261958e-10, 8.73219829778e-11, 2.31127113975e-11, 7.20820712147e-12, 2.39395135659e-12, 4.27710210998e-12, 7.38689144575e-12, 6.76029501476e-12, 7.62734580356e-12, 9.36251250139e-12, 5.33120552912e-12, 3.41856035667e-12, 2.55173833452e-12, 2.00391287765e-12], "dmean2": [0.000471115781693, 0.000634453783277, 0.000452711712569, 0.000204664756893, 0.000105274979433, 8.01602436695e-05, 0.000114833695989, 0.000212147293496, 0.000207409655559, 7.94919324107e-05, 4.86903081764e-05, 4.71565399494e-05, 2.64905847871e-05, 1.48211292981e-05, 1.1471614016e-05, 8.77299225976e-06, 7.45868919694e-06, 1.17803301691e-05, 2.17798824451e-05, 4.75485649076e-05, 5.47160852875e-05, 5.24278802914e-05, 5.82305438002e-05, 1.38017803692e-05, 4.44060060545e-06, 2.78772131423e-06, 3.82220650863e-06, 3.20091157846e-06, 1.56399255502e-06, 1.08853544134e-06, 6.99539327798e-07, 7.09525465936e-07, 7.22458935343e-07, 6.59883937715e-07, 6.89726903147e-07, 8.54622385305e-07, 5.34953414899e-07, 4.85028806452e-07, 4.86637816266e-07, 4.71987192441e-07], "dvar": [6.50108063383e-07, 5.300845487e-07, 2.80801515373e-07, 5.91779532044e-08, 1.60000155347e-08, 1.46576653037e-08, 6.23727984816e-08, 1.98976096044e-07, 2.19393967882e-07, 4.84563855707e-08, 2.15570299389e-08, 1.39817766254e-08, 5.53633139333e-09, 1.92300952939e-09, 4.86265805399e-10, 2.34174152292e-10, 1.53149173898e-10, 5.26933274791e-10, 2.43261166766e-09, 8.97228336072e-09, 1.08593321002e-08, 9.25970411458e-09, 9.42251432434e-09, 8.09447453509e-10, 9.86430728767e-11, 1.80516591258e-11, 5.2122594435e-11, 5.70843268488e-11, 8.97414174222e-12, 3.19681043789e-12, 9.5595558379e-13, 2.49538931185e-12, 5.01950000661e-12, 3.33113029348e-12, 3.70051298632e-12, 6.0603861339e-12, 2.20673284333e-12, 1.54339149967e-12, 1.13933233507e-12, 9.05901167882e-13], "min": [1.17570389643e-24, 1.3137461732e-24, 9.61396420891e-25, 9.35808041101e-25, 1.53509620447e-24, 1.73215789872e-24, 2.15634536796e-24, 9.51868558878e-25, 1.16419954342e-24, 1.77803962669e-24, 1.8650466458e-24, 2.23484984702e-24, 2.36346119306e-24, 2.07521102386e-24, 2.25387914421e-24, 3.34346664549e-24, 2.19772920827e-24, 3.89158929054e-24, 3.36513389354e-24, 2.47126613551e-24, 3.83899120083e-24, 2.88619888583e-24, 3.4357361557e-24, 3.76795703733e-24, 4.35132598762e-24, 4.81625615047e-24, 4.14367886471e-24, 4.8502911598e-24, 5.05999444866e-24, 5.00477102985e-24, 4.34442700458e-24, 3.39536738217e-24, 5.15979126963e-24, 5.31228912666e-24, 5.58908030235e-24, 5.92757933349e-24, 5.20770865317e-24, 6.02268203764e-24, 6.04910453923e-24, 4.92707690816e-24], "median": [0.000267408642685, 0.000582707347348, 0.000462253607111, 0.000176386063686, 0.000103942438727, 5.61537453905e-05, 2.99268813251e-05, 2.73044206551e-05, 1.5653013179e-05, 7.80613845563e-06, 9.07037974684e-06, 7.62019635658e-06, 4.46517924502e-06, 2.62309049504e-06, 3.23857466356e-06, 2.55943518823e-06, 2.07707716982e-06, 2.51411529462e-06, 2.40452641265e-06, 4.23309893449e-06, 3.24910479321e-06, 3.32920717483e-06, 3.00057604363e-06, 1.50146979649e-06, 1.11199460662e-06, 7.36286779102e-07, 6.94874870533e-07, 5.586434213e-07, 2.61343586772e-07, 1.87653981243e-07, 1.74629064986e-07, 1.12248983442e-07, 8.87783784265e-08, 7.6955522843e-08, 5.71793137283e-08, 4.41503296145e-08, 3.57484495339e-08, 3.03937426338e-08, 2.91715736012e-08, 2.52162912773e-08], "max": [0.00762184429914, 0.008206310682, 0.00718791037798, 0.00519697135314, 0.00363638577983, 0.00275607756339, 0.00760743813589, 0.00879671331495, 0.00764300394803, 0.00490647554398, 0.00441418774426, 0.00361352809705, 0.00219740299508, 0.00119873147923, 0.0005705023068, 0.000417266710429, 0.000234288425418, 0.000789082667325, 0.00114407890942, 0.00197332468815, 0.00188960600644, 0.00176963175181, 0.00163337960839, 0.00068294146331, 0.000445216981461, 0.000102106459963, 0.000240108769503, 0.000328785623424, 9.53669878072e-05, 4.7941422963e-05, 1.98151446966e-05, 2.85505011561e-05, 4.39550931333e-05, 3.27058514813e-05, 3.57050921593e-05, 4.68894722871e-05, 5.48563293705e-05, 4.43347307737e-05, 2.97462138406e-05, 2.16851585719e-05]}, "barkbands_crest": {"dmean": 2.31629371643, "dvar2": 15.4196119308, "mean": 10.8233785629, "var": 15.4076805115, "dmean2": 3.77802276611, "dvar": 6.10760879517, "min": 3.15248703957, "median": 10.1711521149, "max": 25.413980484}, "mfcc": {"icov": [[0.00013306440087, 4.72689825983e-05, 4.83496842207e-05, -8.87841451913e-05, 6.07746078458e-05, 4.20329743065e-05, 7.50564722694e-05, -0.000113499831059, -6.28155103186e-05, 8.7436302465e-07, 3.24543434544e-05, -0.000101656332845, 0.000117069212138], [4.72689825983e-05, 0.000454420311144, 0.000216158077819, 1.00899187601e-05, -0.000312988617225, -9.88428946584e-05, -0.000260374421487, 0.000209778925637, 0.000191114188056, 6.59296929371e-05, -0.000361755257472, 0.000521831680089, -0.000135595197207], [4.83496842207e-05, 0.000216158077819, 0.00128771364689, 0.000654479605146, -0.000932433526032, -0.000632812385447, -0.000397742085624, 9.64981882134e-05, 0.000535447325092, -0.00015659564815, -0.000535807921551, 0.000613179407082, -0.00026429531863], [-8.87841451913e-05, 1.00899187601e-05, 0.000654479605146, 0.00355331297033, -0.00103229074739, 0.000820442277472, 0.000255384657066, -0.000803029979579, -0.000641198130324, -0.000356994569302, 0.000257931911619, -0.000357409589924, -0.000943681341596], [6.07746078458e-05, -0.000312988617225, -0.000932433526032, -0.00103229074739, 0.00426121009514, -0.000227445139899, 0.000966627267189, 0.000363221857697, -0.000475497858133, 0.000497261644341, 0.000984530779533, -0.000599903578404, -0.00069131195778], [4.20329743065e-05, -9.88428946584e-05, -0.000632812385447, 0.000820442277472, -0.000227445139899, 0.00495536904782, -0.00111175538041, 0.000390490109567, -0.00011682441982, 0.000153803805006, 0.00152646121569, 0.000200182723347, 0.000524946546648], [7.50564722694e-05, -0.000260374421487, -0.000397742085624, 0.000255384657066, 0.000966627267189, -0.00111175538041, 0.00663746008649, -0.00193918589503, 0.000815549283288, 6.65756087983e-05, -0.00195004360285, 0.00148090394214, 0.000355217023753], [-0.000113499831059, 0.000209778925637, 9.64981882134e-05, -0.000803029979579, 0.000363221857697, 0.000390490109567, -0.00193918589503, 0.00880305282772, -0.0011612813687, 0.000341661070706, 0.00107951427344, -0.000391173205571, 0.000661401718389], [-6.28155103186e-05, 0.000191114188056, 0.000535447325092, -0.000641198130324, -0.000475497858133, -0.00011682441982, 0.000815549283288, -0.0011612813687, 0.0075210290961, -0.00197305926122, 0.00080215052003, -0.00138526875526, 0.000566142669413], [8.7436302465e-07, 6.59296929371e-05, -0.00015659564815, -0.000356994569302, 0.000497261644341, 0.000153803805006, 6.65756087983e-05, 0.000341661070706, -0.00197305926122, 0.0112523715943, -0.00358724524267, 0.000904046406504, -0.000879539235029], [3.24543434544e-05, -0.000361755257472, -0.000535807921551, 0.000257931911619, 0.000984530779533, 0.00152646121569, -0.00195004360285, 0.00107951427344, 0.00080215052003, -0.00358724524267, 0.0100232474506, -0.0022979315836, 0.00201221602038], [-0.000101656332845, 0.000521831680089, 0.000613179407082, -0.000357409589924, -0.000599903578404, 0.000200182723347, 0.00148090394214, -0.000391173205571, -0.00138526875526, 0.000904046406504, -0.0022979315836, 0.0140246050432, -0.00503159081563], [0.000117069212138, -0.000135595197207, -0.00026429531863, -0.000943681341596, -0.00069131195778, 0.000524946546648, 0.000355217023753, 0.000661401718389, 0.000566142669413, -0.000879539235029, 0.00201221602038, -0.00503159081563, 0.014880198054]], "mean": [-733.521240234, 146.45249939, 2.53744482994, 33.3961639404, 22.2095870972, -1.4248085022, -2.47786021233, 5.76516723633, 6.26741313934, -1.97890436649, -4.49022531509, 0.656204879284, 0.920531272888], "cov": [[10573.3574219, -1770.81420898, -1564.79101562, 881.292419434, -205.771087646, -562.848144531, -484.932861328, 298.508514404, 480.378875732, 28.2179870605, -189.83505249, 327.168121338, 57.0705032349], [-1770.81420898, 3003.1015625, 93.6922073364, -188.291900635, 107.707359314, 150.137084961, 226.353012085, -119.286972046, -191.941329956, -8.7144613266, 128.375747681, -168.892089844, -37.0551338196], [-1564.79101562, 93.6922073364, 1637.7677002, -490.026092529, 169.697296143, 353.273620605, 233.420791626, -100.262466431, -233.958175659, -9.50396156311, 84.9815063477, -150.095077515, -48.422870636], [881.292419434, -188.291900635, -490.026092529, 543.488586426, 69.8422164917, -188.499206543, -150.976150513, 68.8461761475, 145.083206177, 12.4603624344, -62.2558059692, 98.6993331909, 64.562461853], [-205.771087646, 107.707359314, 169.697296143, 69.8422164917, 339.769134521, 29.2095870972, -58.3271980286, -22.456237793, 13.9189567566, -21.5197982788, -47.3827209473, 16.9753875732, 37.5349388123], [-562.848144531, 150.137084961, 353.273620605, -188.499206543, 29.2095870972, 319.474822998, 103.034469604, -33.2357406616, -72.9159622192, -19.2621173859, -6.42179250717, -62.6101226807, -29.4460926056], [-484.932861328, 226.353012085, 233.420791626, -150.976150513, -58.3271980286, 103.034469604, 260.607513428, 7.78865909576, -83.850944519, 5.59438705444, 67.059967041, -69.8472976685, -41.6286048889], [298.508514404, -119.286972046, -100.262466431, 68.8461761475, -22.456237793, -33.2357406616, 7.78865909576, 140.472976685, 42.1361579895, -1.34700322151, -18.7176933289, 16.2408657074, -0.810630381107], [480.378875732, -191.941329956, -233.958175659, 145.083206177, 13.9189567566, -72.9159622192, -83.850944519, 42.1361579895, 205.095458984, 23.9475402832, -34.7984237671, 56.5080566406, 20.290517807], [28.2179870605, -8.7144613266, -9.50396156311, 12.4603624344, -21.5197982788, -19.2621173859, 5.59438705444, -1.34700322151, 23.9475402832, 107.901443481, 42.2144622803, 2.50539636612, 0.531402766705], [-189.83505249, 128.375747681, 84.9815063477, -62.2558059692, -47.3827209473, -6.42179250717, 67.059967041, -18.7176933289, -34.7984237671, 42.2144622803, 151.929534912, -10.4272451401, -22.7708702087], [327.168121338, -168.892089844, -150.095077515, 98.6993331909, 16.9753875732, -62.6101226807, -69.8472976685, 16.2408657074, 56.5080566406, 2.50539636612, -10.4272451401, 117.462005615, 42.5501785278], [57.0705032349, -37.0551338196, -48.422870636, 64.562461853, 37.5349388123, -29.4460926056, -41.6286048889, -0.810630381107, 20.290517807, 0.531402766705, -22.7708702087, 42.5501785278, 90.1901397705]]}, "spectral_decrease": {"dmean": 9.41579259006e-10, "dvar2": 3.59035221978e-18, "mean": -3.49547102374e-09, "var": 4.98794789735e-18, "dmean2": 1.44262657376e-09, "dvar": 1.65455251062e-18, "min": -1.14658309514e-08, "median": -3.01112423884e-09, "max": 7.86676712195e-21}, "zerocrossingrate": {"dmean": 0.0115523803979, "dvar2": 0.000362513877917, "mean": 0.064045496285, "var": 0.00584730412811, "dmean2": 0.0131508512422, "dvar": 0.000290886498988, "min": 0.0029296875, "median": 0.0458984375, "max": 0.53125}, "spectral_contrast_coeffs": {"dmean": [0.0396793670952, 0.0443404316902, 0.0351747237146, 0.0334226377308, 0.0270168278366, 0.019966468215], "dvar2": [0.00354215921834, 0.00416782451794, 0.00240587675944, 0.0021383066196, 0.0014029678423, 0.00100336817559], "mean": [-0.67205697298, -0.705942034721, -0.768251955509, -0.748819172382, -0.760123848915, -0.790963411331], "var": [0.00622334331274, 0.00984798558056, 0.00738825416192, 0.00879960134625, 0.00742058083415, 0.00346687925048], "dmean2": [0.0664150565863, 0.0707077682018, 0.0552149899304, 0.051869880408, 0.041695933789, 0.0308225657791], "dvar": [0.00129195244517, 0.00178435759153, 0.00109822431114, 0.000976496026851, 0.000669798057061, 0.000470159342512], "min": [-0.981366872787, -0.978239953518, -0.980513215065, -0.969906687737, -0.968108952045, -0.964788019657], "median": [-0.670977592468, -0.715936183929, -0.784933686256, -0.764830470085, -0.779515028, -0.798619866371], "max": [-0.376157313585, -0.368854522705, -0.43412399292, -0.438284367323, -0.484349220991, -0.631100058556]}, "spectral_skewness": {"dmean": 0.419048517942, "dvar2": 0.65913516283, "mean": 2.1401181221, "var": 1.4638261795, "dmean2": 0.647181987762, "dvar": 0.286543190479, "min": -0.0864325016737, "median": 1.83294737339, "max": 9.9438867569}, "spectral_energyband_middle_high": {"dmean": 0.00122712529264, "dvar2": 9.67924552242e-06, "mean": 0.00449008774012, "var": 4.79113223264e-05, "dmean2": 0.00174199603498, "dvar": 5.29109729541e-06, "min": 1.14606530201e-21, "median": 0.000909379683435, "max": 0.0334525220096}, "gfcc": {"icov": [[0.000124544749269, -0.000189215570572, 0.00019199916278, -0.000248477736022, 0.000195593820536, -0.000241488058236, 0.000403237645514, -0.000369286630303, 0.000437636917923, -0.000409557804232, 0.000624475011136, -0.000515775522217, 0.000413987901993], [-0.000189215570572, 0.00101536186412, -5.01842187077e-05, 0.000838559761178, -0.000703327008523, 0.000565229274798, -0.0006126621156, 0.00121815444436, -0.000543706933968, 0.00118898111396, -0.00182577280793, 0.00214802939445, -0.00102454796433], [0.00019199916278, -5.01842187077e-05, 0.00121825467795, 7.29738021619e-05, -0.000204545634915, -0.00113999773748, 0.000874255318195, -0.000107111045509, 0.000846216687933, -0.000991691485979, 0.000297335529467, -0.000437421549577, 0.00100949173793], [-0.000248477736022, 0.000838559761178, 7.29738021619e-05, 0.00360814575106, -0.000409415282775, 0.000225962838158, 0.000120711185446, -1.25063124869e-05, -0.00160838174634, 0.00169641443063, -0.00184309470933, 0.00121772917919, -0.00180171616375], [0.000195593820536, -0.000703327008523, -0.000204545634915, -0.000409415282775, 0.00397304492071, 0.000851802178659, -3.18564002555e-06, -9.33032933972e-05, -0.00057719979668, -0.000524884730112, 0.00111898593605, -0.00200195098296, -0.000796248263214], [-0.000241488058236, 0.000565229274798, -0.00113999773748, 0.000225962838158, 0.000851802178659, 0.00439524929971, -0.00107779621612, 0.00174076436087, 0.000108001200715, 0.00101046916097, -0.00152236025315, 0.00144827668555, -0.00192545889877], [0.000403237645514, -0.0006126621156, 0.000874255318195, 0.000120711185446, -3.18564002555e-06, -0.00107779621612, 0.00529647758231, -0.00199138210155, 0.00185424485244, -0.00150552717969, 0.00131305202376, -0.00152636819985, 0.00140821316745], [-0.000369286630303, 0.00121815444436, -0.000107111045509, -1.25063124869e-05, -9.33032933972e-05, 0.00174076436087, -0.00199138210155, 0.00740142213181, -0.00234360201284, 0.00103853852488, -0.00172598042991, 0.00275734695606, -0.000799679371994], [0.000437636917923, -0.000543706933968, 0.000846216687933, -0.00160838174634, -0.00057719979668, 0.000108001200715, 0.00185424485244, -0.00234360201284, 0.00915513839573, -0.00333742657676, 0.00281174387783, -0.000533152837306, 7.85376687418e-05], [-0.000409557804232, 0.00118898111396, -0.000991691485979, 0.00169641443063, -0.000524884730112, 0.00101046916097, -0.00150552717969, 0.00103853852488, -0.00333742657676, 0.0129092894495, -0.00348398601636, 0.00285866274498, 0.000209488876862], [0.000624475011136, -0.00182577280793, 0.000297335529467, -0.00184309470933, 0.00111898593605, -0.00152236025315, 0.00131305202376, -0.00172598042991, 0.00281174387783, -0.00348398601636, 0.0127728572115, -0.00406539207324, 0.00182955269702], [-0.000515775522217, 0.00214802939445, -0.000437421549577, 0.00121772917919, -0.00200195098296, 0.00144827668555, -0.00152636819985, 0.00275734695606, -0.000533152837306, 0.00285866274498, -0.00406539207324, 0.0133387343958, -0.00449999421835], [0.000413987901993, -0.00102454796433, 0.00100949173793, -0.00180171616375, -0.000796248263214, -0.00192545889877, 0.00140821316745, -0.000799679371994, 7.85376687418e-05, 0.000209488876862, 0.00182955269702, -0.00449999421835, 0.0132511723787]], "mean": [-95.1816329956, 115.720092773, -99.3448257446, 31.3617305756, -34.1212844849, 2.11095237732, -39.3432312012, 11.7484169006, -18.1446285248, -4.77877426147, -18.1873703003, -2.96999788284, -7.04864263535], "cov": [[30552.9335938, -502.216094971, -3751.39770508, 1489.29333496, -1392.28344727, -88.2558135986, -1074.69970703, 916.287353516, -277.368988037, -28.9775505066, -775.069274902, 159.783569336, -268.6769104], [-502.216094971, 3030.96777344, -227.478363037, -458.362335205, 361.845245361, -172.133590698, 145.328140259, -311.516174316, -46.938747406, -94.9165344238, 192.703491211, -218.838699341, 68.3890075684], [-3751.39770508, -227.478363037, 2082.47460938, -354.54586792, 34.2929611206, 483.75201416, -14.3539266586, -276.399993896, -170.674880981, 89.0110855103, 139.915878296, -7.26981449127, -72.225227356], [1489.29333496, -458.362335205, -354.54586792, 534.295288086, -51.4609565735, -55.1994476318, -107.151397705, 140.885253906, 89.2104263306, -28.4560508728, -46.6214866638, 38.8618850708, 46.0201301575], [-1392.28344727, 361.845245361, 34.2929611206, -51.4609565735, 435.07913208, -133.062561035, 53.6721572876, -49.8756027222, 70.1753463745, -11.229929924, 25.4241123199, 24.6641864777, 64.5869674683], [-88.2558135986, -172.133590698, 483.75201416, -55.1994476318, -133.062561035, 450.326507568, -7.45080137253, -106.37071228, -109.396240234, 6.77173519135, 39.5941390991, 1.14915347099, -7.63334417343], [-1074.69970703, 145.328140259, -14.3539266586, -107.151397705, 53.6721572876, -7.45080137253, 292.980377197, 6.14386510849, -18.0306091309, 6.74015665054, 26.5361652374, -10.0797719955, -4.37226390839], [916.287353516, -311.516174316, -276.399993896, 140.885253906, -49.8756027222, -106.37071228, 6.14386510849, 264.45513916, 70.9521102905, 10.1096391678, -48.3308639526, -3.96918320656, -10.9018583298], [-277.368988037, -46.938747406, -170.674880981, 89.2104263306, 70.1753463745, -109.396240234, -18.0306091309, 70.9521102905, 193.059860229, 18.0402088165, -27.5233612061, -7.49642133713, 24.5119419098], [-28.9775505066, -94.9165344238, 89.0110855103, -28.4560508728, -11.229929924, 6.77173519135, 6.74015665054, 10.1096391678, 18.0402088165, 104.668296814, 8.55375576019, -11.1234951019, -23.6005516052], [-775.069274902, 192.703491211, 139.915878296, -46.6214866638, 25.4241123199, 39.5941390991, 26.5361652374, -48.3308639526, -27.5233612061, 8.55375576019, 134.710906982, 0.256491810083, 5.1759095192], [159.783569336, -218.838699341, -7.26981449127, 38.8618850708, 24.6641864777, 1.14915347099, -10.0797719955, -3.96918320656, -7.49642133713, -11.1234951019, 0.256491810083, 128.169723511, 30.1167564392], [-268.6769104, 68.3890075684, -72.225227356, 46.0201301575, 64.5869674683, -7.63334417343, -4.37226390839, -10.9018583298, 24.5119419098, -23.6005516052, 5.1759095192, 30.1167564392, 113.225151062]]}, "erbbands_spread": {"dmean": 9.83340358734, "dvar2": 552.182556152, "mean": 35.1917152405, "var": 684.075439453, "dmean2": 14.5229158401, "dvar": 258.26965332, "min": 2.17158389091, "median": 29.6290550232, "max": 190.222244263}, "erbbands_kurtosis": {"dmean": 1.62527549267, "dvar2": 15.6447210312, "mean": 2.53418898582, "var": 33.4922904968, "dmean2": 2.44439291954, "dvar": 7.97518539429, "min": -1.85493004322, "median": 0.322407960892, "max": 68.0349349976}, "dynamic_complexity": 3.89371275902, "erbbands_crest": {"dmean": 2.45532751083, "dvar2": 17.0867004395, "mean": 10.7981405258, "var": 30.0988578796, "dmean2": 3.85362839699, "dvar": 7.35045862198, "min": 1.90547692776, "median": 9.70194816589, "max": 32.4313201904}, "erbbands": {"dmean": [0.0311006102711, 0.262974590063, 0.791375458241, 1.60077559948, 2.00389122963, 1.58611142635, 1.90095627308, 2.25680065155, 4.57576084137, 11.5119314194, 17.4063529968, 9.49944877625, 6.49266910553, 7.7403588295, 4.62291097641, 2.87700271606, 2.75231719017, 2.25826835632, 5.11256217957, 13.5416917801, 27.679353714, 32.0049591064, 20.1536712646, 3.90750145912, 2.66532683372, 3.11019635201, 1.4260430336, 0.877940118313, 0.816794335842, 0.92284154892, 0.983513116837, 0.699360132217, 0.467545330524, 0.382311344147, 0.243417590857, 0.16284365952, 0.0583030059934, 0.0152216795832, 0.0018428581534, 6.65000552544e-05], "dvar2": [0.0218447167426, 1.00415694714, 5.68292665482, 26.7438335419, 50.2705574036, 21.1325359344, 44.3175735474, 71.2726593018, 492.466400146, 3249.65893555, 7694.890625, 2762.59790039, 1652.58972168, 1568.56774902, 811.847839355, 256.61340332, 141.184143066, 78.3086624146, 442.290802002, 4464.72998047, 12293.8193359, 12406.25, 5664.59423828, 284.900268555, 81.1767044067, 235.135406494, 28.348695755, 8.79070663452, 15.5458459854, 18.5937538147, 22.3096561432, 12.1333656311, 4.12889194489, 2.35138487816, 1.06971740723, 0.525866806507, 0.0863867551088, 0.00609242497012, 0.000104824277514, 1.54742977543e-07], "mean": [0.0518858619034, 0.494990289211, 1.68604505062, 3.79363179207, 4.48363494873, 3.58361101151, 4.42021942139, 4.82377052307, 8.38214206696, 19.2787799835, 27.2171592712, 14.0444459915, 10.4691305161, 14.9547548294, 7.52050542831, 4.48797655106, 4.83415746689, 4.16178846359, 9.11640357971, 23.8190364838, 79.9215087891, 74.0223007202, 43.2195968628, 7.6311044693, 4.90917682648, 5.65021753311, 2.78133797646, 1.77216923237, 1.27588105202, 1.26760554314, 1.32364678383, 0.942390263081, 0.694673538208, 0.562493681908, 0.291195422411, 0.154042258859, 0.047096658498, 0.011705249548, 0.00131504598539, 6.08874506725e-05], "var": [0.0082067809999, 0.474861830473, 2.93685269356, 19.1464061737, 36.8306121826, 15.4549684525, 37.2592506409, 68.7568359375, 665.740905762, 3401.98657227, 7344.66259766, 2824.3515625, 1721.97888184, 2386.0559082, 752.704650879, 198.511856079, 111.834884644, 62.8741340637, 450.732635498, 3463.69677734, 34981.0234375, 24265.21875, 9384.38476562, 294.631866455, 87.0183410645, 179.885452271, 36.4507446289, 9.65868091583, 15.3181667328, 21.5069503784, 24.7990684509, 14.999584198, 5.99857139587, 2.94142985344, 0.968252718449, 0.373732477427, 0.0263329986483, 0.00180567300413, 2.71650787909e-05, 3.66209178537e-08], "dmean2": [0.0513049177825, 0.420505195856, 1.35905206203, 2.66845703125, 3.31989741325, 2.60956048965, 3.01449131966, 3.55849123001, 6.91624403, 17.474943161, 26.3347034454, 13.6356039047, 9.46549701691, 10.9666833878, 6.98208427429, 4.39043951035, 4.43597602844, 3.61730313301, 7.85534334183, 20.421661377, 40.5330810547, 46.3438072205, 29.3484344482, 5.64668941498, 3.99206423759, 4.68040895462, 2.08975839615, 1.30076658726, 1.15163767338, 1.14231264591, 1.24592328072, 0.93438398838, 0.650811970234, 0.541097819805, 0.362398058176, 0.249461680651, 0.0974925458431, 0.0253424979746, 0.00316966883838, 0.000115595234092], "dvar": [0.00873696804047, 0.418645113707, 2.00795960426, 10.0927400589, 18.3058280945, 7.83242607117, 17.6984043121, 28.9010810852, 246.982254028, 1482.01269531, 3537.64819336, 1344.34411621, 848.544372559, 776.54864502, 389.960723877, 118.282524109, 56.662273407, 31.3353099823, 204.512374878, 1879.76416016, 5587.59472656, 6289.44677734, 2650.45581055, 144.967941284, 37.7234153748, 106.252418518, 13.1485157013, 3.96718645096, 8.39224433899, 11.1234550476, 12.7517766953, 6.71067142487, 2.49242734909, 1.26250350475, 0.50945854187, 0.236456140876, 0.0326657406986, 0.0023570980411, 3.91101602872e-05, 5.63291919775e-08], "min": [8.27038806917e-23, 5.40362803344e-22, 1.68114907342e-21, 4.76710285856e-21, 5.06751845883e-21, 1.76254998688e-20, 4.66596363046e-20, 7.99820838311e-20, 1.28215722057e-19, 8.21142387952e-20, 1.44794192216e-19, 3.50442898875e-19, 4.54799720611e-19, 7.0459684017e-19, 8.09877751897e-19, 1.07138087299e-18, 1.56724411396e-18, 1.79198381311e-18, 2.91038142532e-18, 2.50795474859e-18, 3.92919435e-18, 3.41681096804e-18, 4.87180801704e-18, 5.93147477178e-18, 7.16679208883e-18, 8.64305140189e-18, 9.30700860007e-18, 8.17169990062e-18, 8.23851458742e-18, 1.13750114167e-17, 1.09191505267e-17, 9.90909351561e-18, 9.45132597436e-18, 6.71995987528e-18, 6.14035772879e-18, 3.89936952583e-18, 2.52481041473e-18, 1.02277966931e-18, 2.55315267275e-19, 2.64306129228e-20], "median": [0.0246610827744, 0.281766355038, 1.13119995594, 2.36735343933, 2.5119228363, 2.41200113297, 2.65181517601, 2.44912528992, 2.18824529648, 2.60716152191, 2.32037401199, 1.65932607651, 2.22591543198, 2.04077863693, 1.61082422733, 1.2018558979, 1.52642834187, 1.51217615604, 1.91266417503, 2.74134945869, 3.28208017349, 3.50902175903, 2.83673858643, 1.74567174911, 1.19354689121, 0.965527653694, 0.457202076912, 0.362842857838, 0.224914312363, 0.167573213577, 0.105914220214, 0.0667685121298, 0.0486068353057, 0.0329791940749, 0.0133584290743, 0.0045499461703, 0.00101242004894, 0.000163325501489, 2.47681327892e-05, 1.82738585863e-05], "max": [0.916409492493, 7.08776140213, 15.5984182358, 43.2335243225, 105.285514832, 48.3848419189, 134.750656128, 134.741607666, 512.269592285, 878.540649414, 986.740966797, 763.948669434, 882.817016602, 870.266662598, 509.0703125, 316.20425415, 208.257202148, 112.790130615, 456.831939697, 968.027160645, 1612.32226562, 1639.98400879, 1177.98461914, 521.327270508, 157.067459106, 392.940246582, 113.25038147, 49.1780395508, 53.1658821106, 56.7708511353, 72.175994873, 77.583656311, 50.0423355103, 26.2396316528, 19.5147972107, 16.9741039276, 1.65634059906, 0.446901679039, 0.0618448331952, 0.00312405615114]}, "silence_rate_30dB": {"dmean": 0, "dvar2": 0, "mean": 1, "var": 0, "dmean2": 0, "dvar": 0, "min": 1, "median": 1, "max": 1}, "silence_rate_60dB": {"dmean": 0.0271617677063, "dvar2": 0.0606658346951, "mean": 0.0690959095955, "var": 0.0643228441477, "dmean2": 0.0543328747153, "dvar": 0.0264232736081, "min": 0, "median": 0, "max": 1}, "spectral_energyband_middle_low": {"dmean": 0.00215977267362, "dvar2": 2.88910614472e-05, "mean": 0.00588011322543, "var": 3.52735114575e-05, "dmean2": 0.00332262227312, "dvar": 1.31332781166e-05, "min": 1.57074184293e-22, "median": 0.00392109621316, "max": 0.0414326712489}, "spectral_spread": {"dmean": 923072.375, "dvar2": 4803279192060.0, "mean": 4760524, "var": 35101207429100.0, "dmean2": 1264390.375, "dvar": 2698889920510.0, "min": 646823.625, "median": 2941540, "max": 42358180}, "barkbands": {"dmean": [4.40302173956e-05, 0.00110478431452, 0.00079745502444, 0.00061941560125, 0.000522922491655, 0.000264353031525, 0.000456567795482, 0.000824137707241, 0.000436464382801, 0.000249468634138, 0.000155788788106, 