{"tonal": {"hpcp": {"dvar": [0.0259364712983, 0.0190732832998, 0.011311669834, 0.0123761445284, 0.0189733076841, 0.0229755844921, 0.0268819890916, 0.0253085941076, 0.0183690991253, 0.0163343008608, 0.0174952093512, 0.02597845532, 0.0361998416483, 0.0398986302316, 0.0391666218638, 0.0444535650313, 0.037822291255, 0.0225402507931, 0.00982661172748, 0.00906307250261, 0.0108349705115, 0.0137027706951, 0.00851866975427, 0.00453300075606, 0.00626075128093, 0.0119898235425, 0.0284371841699, 0.0335104800761, 0.0276559051126, 0.0300230067223, 0.0293563567102, 0.0260557774454, 0.0201282389462, 0.0146717391908, 0.0182196423411, 0.022524246946], "var": [0.113716125488, 0.0460119135678, 0.00918795820326, 0.0108466148376, 0.0185007229447, 0.042989294976, 0.092298746109, 0.0462380833924, 0.0155481202528, 0.0120832882822, 0.0155023047701, 0.0463551171124, 0.103083573282, 0.0727584809065, 0.0715222805738, 0.162444010377, 0.080180093646, 0.0217826254666, 0.00791113544255, 0.00946338381618, 0.0238670185208, 0.0376330763102, 0.0157344974577, 0.00380109087564, 0.00445137592033, 0.00934049859643, 0.0403966680169, 0.103099964559, 0.0575972571969, 0.0388728864491, 0.0968526676297, 0.0575561672449, 0.0164852719754, 0.010954817757, 0.0156829096377, 0.0481626354158], "median": [0.0746870338917, 0.0434184446931, 0.00632373150438, 0.00251677306369, 0.00367380538955, 0.0208268035203, 0.0276572778821, 0.0172843262553, 0.00563715910539, 0.00257596699521, 0.00304638547823, 0.024236522615, 0.0419144667685, 0.0334903411567, 0.11062593013, 0.138639360666, 0.0871701091528, 0.010163333267, 0.00345326354727, 0.00306844292209, 0.0113358534873, 0.0161125604063, 0.0109734637663, 0.00360772432759, 0.00221134885214, 0.00477363634855, 0.0478757694364, 0.0788572654128, 0.0530233122408, 0.0214082468301, 0.0124061536044, 0.00933182053268, 0.00838160514832, 0.00621361006051, 0.00894659198821, 0.0502536892891], "max": [1, 1, 1, 1, 1, 1, 1, 1, 1, 1, 1, 1, 1, 1, 1, 1, 1, 1, 1, 1, 1, 1, 1, 1, 1, 1, 1, 1, 1, 1, 1, 1, 1, 1, 1, 1], "dmean": [0.0917134732008, 0.0781031176448, 0.0392683856189, 0.0360706038773, 0.0492298230529, 0.0725322142243, 0.0759537145495, 0.0715240463614, 0.0468612536788, 0.0387217625976, 0.046369638294, 0.0825230851769, 0.102252356708, 0.113912701607, 0.131031796336, 0.125421881676, 0.119169138372, 0.0680081918836, 0.0331609621644, 0.0275018941611, 0.0374237634242, 0.047489579767, 0.0361482389271, 0.0208068434149, 0.0228929277509, 0.0400856360793, 0.0976501554251, 0.110778927803, 0.100599117577, 0.0930487662554, 0.0763041526079, 0.07532671839, 0.0551266074181, 0.0436783246696, 0.0515314526856, 0.0839018896222], "dmean2": [0.150549888611, 0.130239233375, 0.070540741086, 0.0664057731628, 0.0888705030084, 0.12670430541, 0.13015152514, 0.124025918543, 0.0852833390236, 0.0714922994375, 0.0840423479676, 0.141525268555, 0.174980118871, 0.198437169194, 0.22464774549, 0.211058691144, 0.204189360142, 0.121286481619, 0.0599515102804, 0.0490125119686, 0.0632815286517, 0.0778601914644, 0.0613450519741, 0.037011411041, 0.0417965464294, 0.0725068077445, 0.164205983281, 0.184999227524, 0.168442368507, 0.165676221251, 0.131411418319, 0.128140553832, 0.0995045974851, 0.0798551216722, 0.0929962173104, 0.1430362463], "mean": [0.247733280063, 0.147605955601, 0.0357843190432, 0.0320622101426, 0.0474177747965, 0.115143723786, 0.174434512854, 0.114103615284, 0.0427146106958, 0.0320523045957, 0.0436560250819, 0.127570301294, 0.210196092725, 0.170590519905, 0.232978209853, 0.360445827246, 0.232670664787, 0.0682961568236, 0.0331097692251, 0.0284878443927, 0.061451561749, 0.0858449488878, 0.0529909543693, 0.0207428298891, 0.0198312066495, 0.0337979383767, 0.135688975453, 0.235836908221, 0.163726866245, 0.113087005913, 0.163206487894, 0.120233483613, 0.0501122139394, 0.0381997078657, 0.0472851023078, 0.150887280703], "dvar2": [0.0594347827137, 0.0482876338065, 0.0317954905331, 0.0358189232647, 0.0549229718745, 0.063802793622, 0.0664156153798, 0.069874919951, 0.0518656522036, 0.0467623583972, 0.0496199317276, 0.0706428587437, 0.0924831181765, 0.109929874539, 0.107547923923, 0.110061854124, 0.101304061711, 0.0639832541347, 0.0281416401267, 0.0250801239163, 0.0264578908682, 0.0336537845433, 0.0223200432956, 0.0127597004175, 0.0177514068782, 0.0337479934096, 0.0752871781588, 0.0792029798031, 0.0751376971602, 0.0881840586662, 0.0749451965094, 0.0713323056698, 0.0601186603308, 0.0428549312055, 0.0508767813444, 0.0595977604389], "min": [0, 0, 0, 0, 0, 0, 0, 0, 0, 0, 0, 0, 0, 0, 0, 0, 0, 0, 0, 0, 0, 0, 0, 0, 0, 0, 0, 0, 0, 0, 0, 0, 0, 0, 0, 0]}, "key_key": "D", "thpcp": [1, 0.645507991314, 0.189476892352, 0.0918578207493, 0.0790350213647, 0.170487642288, 0.238163247705, 0.147015035152, 0.0575477033854, 0.0550185479224, 0.0937670394778, 0.376447618008, 0.654292225838, 0.454234331846, 0.313742041588, 0.452790617943, 0.333568811417, 0.139028415084, 0.105979055166, 0.131185039878, 0.418612927198, 0.687296867371, 0.409509390593, 0.0992779359221, 0.0889515355229, 0.131553128362, 0.319448083639, 0.483940988779, 0.316562443972, 0.118504941463, 0.0889240577817, 0.121116742492, 0.353923648596, 0.583155870438, 0.473276436329, 0.646361231804], "chords_key": "D", "tuning_equal_tempered_deviation": 0.0172867514193, "tuning_frequency": 439.491973877, "tuning_diatonic_strength": 0.649231076241, "chords_histogram": [31.5060062408, 18.4631977081, 10.7329845428, 1.1857098341, 0.307976603508, 0.076994150877, 2.46381282806, 0.0461964905262, 4.7428393364, 0.415768414736, 1.17031109333, 0, 0.076994150877, 0.292577773333, 0, 1.74006772041, 0.354173094034, 1.09331691265, 0, 0.230982452631, 0.0153988292441, 0.184785962105, 16.4921474457, 8.40776062012], "key_strength": 0.83698874712, "key_scale": "major", "chords_strength": {"dvar": 0.000629027956165, "var": 0.0360928811133, "median": 0.529962897301, "max": 0.721506357193, "dmean": 0.00749417906627, "dmean2": 0.0068131564185, "mean": 0.506344497204, "dvar2": 0.0012529148953, "min": -1}, "chords_number_rate": 0.00169387122151, "tuning_nontempered_energy_ratio": 0.648606657982, "hpcp_entropy": {"dvar": 0.216238826513, "var": 0.601902067661, "median": 1.59696507454, "max": 4.05242967606, "dmean": 0.475742459297, "dmean2": 0.800740122795, "mean": 1.53415036201, "dvar2": 0.57634717226, "min": 0}, "chords_changes_rate": 0.0406529121101, "chords_scale": "major"}, "rhythm": {"bpm_histogram_first_peak_spread": {"dvar": 0, "var": 0, "median": 0.476744174957, "max": 0.476744174957, "dmean": 0, "dmean2": 0, "mean": 0.476744174957, "dvar2": 0, "min": 0.476744174957}, "bpm_histogram_first_peak_weight": {"dvar": 0, "var": 0, "median": 0.304054051638, "max": 0.304054051638, "dmean": 0, "dmean2": 0, "mean": 0.304054051638, "dvar2": 0, "min": 0.304054051638}, "bpm_histogram_first_peak_bpm": {"dvar": 0, "var": 0, "median": 115, "max": 115, "dmean": 0, "dmean2": 0, "mean": 115, "dvar2": 0, "min": 115}, "bpm": 114.384468079, "bpm_histogram_second_peak_weight": {"dvar": 0, "var": 0, "median": 0.0540540553629, "max": 0.0540540553629, "dmean": 0, "dmean2": 0, "mean": 0.0540540553629, "dvar2": 0, "min": 0.0540540553629}, "beats_loudness": {"dvar": 5.54997823201e-05, "var": 0.000467444537207, "median": 0.00103234313428, "max": 0.100716523826, "dmean": 0.00365783437155, "dmean2": 0.00641408842057, "mean": 0.0113071678206, "dvar2": 0.000168516606209, "min": 0}, "beats_loudness_band_ratio": {"dvar": [0.0479391105473, 0.027854770422, 0.0103943776339, 0.0135884527117, 0.00420138938352, 0.0213090125471], "var": [0.0851964876056, 0.0837806165218, 0.0109497765079, 0.0149687593803, 0.00732999714091, 0.011524444446], "median": [0.339139431715, 0.335745424032, 0.0603312216699, 0.0408736169338, 0.0297522153705, 0.0094757322222], "max": [0.987342000008, 0.992384910583, 0.776175737381, 0.819127321243, 0.495468884706, 0.98605710268], "dmean": [0.235978513956, 0.178138062358, 0.0842632353306, 0.0741742476821, 0.0504955761135, 0.0482283458114], "dmean2": [0.40495377779, 0.305662095547, 0.149311468005, 0.132393285632, 0.088683269918, 0.093170247972], "mean": [0.387371867895, 0.406579256058, 0.0941251441836, 0.0832335501909, 0.0692598521709, 0.0316995494068], "dvar2": [0.133469641209, 0.077752366662, 0.0293354224414, 0.0391033142805, 0.0120858009905, 0.0644322559237], "min": [0, 0, 0, 0, 0, 0]}, "bpm_histogram_second_peak_bpm": {"dvar": 0, "var": 0, "median": 110, "max": 110, "dmean": 0, "dmean2": 0, "mean": 110, "dvar2": 0, "min": 110}, "onset_rate": 0.941885828972, "beats_count": 593, "beats_position": [0.545668900013, 1.09133780003, 1.63700675964, 2.18267560005, 2.72834467888, 3.27401351929, 3.8196823597, 4.3653512001, 4.92263031006, 5.47990942001, 6.025578022, 6.58285713196, 7.14013576508, 7.6858048439, 8.2198638916, 8.74231243134, 9.26476192474, 9.77560043335, 10.2864398956, 10.8204984665, 11.3429479599, 11.8537864685, 12.3646259308, 12.8870744705, 13.4095239639, 13.9319725037, 14.4428119659, 14.9652605057, 15.4760990143, 15.9985485077, 16.5209980011, 17.0434455872, 17.5658950806, 18.088344574, 18.6107940674, 19.1216316223, 19.6440811157, 20.1665306091, 20.6773700714, 21.1998176575, 21.7106571198, 22.2331066132, 22.7555541992, 23.2780036926, 23.800453186, 24.3345127106, 24.8685703278, 25.37940979, 25.8902492523, 26.4010887146, 26.8887062073, 27.3763256073, 27.8639450073, 28.3747844696, 28.897233963, 29.4196815491, 29.9073009491, 30.3949203491, 30.8825397491, 31.358549118, 31.8345565796, 32.2989578247, 32.7749671936, 33.2509727478, 33.7385940552, 34.2146034241, 34.690612793, 35.1666221619, 35.6426315308, 36.118637085, 36.6062583923, 37.093875885, 37.5350570679, 37.9878463745, 38.4406356812, 38.8469848633, 39.2533340454, 39.6596832275, 40.0660324097, 40.4839897156, 40.8903388977, 41.2966880798, 41.703037262, 42.1209983826, 42.5389556885, 42.9569168091, 43.3632659912, 43.7696151733, 44.164352417, 44.5590934753, 44.9422225952, 45.3253517151, 45.7200889587, 46.2425384521, 46.7649879456, 47.2990455627, 47.8331069946, 48.3787727356, 48.9244422913, 49.4701118469, 50.0157814026, 50.5498390198, 51.0839004517, 51.6179580688, 52.1636276245, 52.6976852417, 53.2433547974, 53.7774124146, 54.3114738464, 54.8455314636, 55.2634925842, 55.6814498901, 56.0994110107, 56.5057601929, 56.912109375, 57.3300666809, 57.736415863, 58.2008171082, 58.6768226624, 59.129611969, 59.5824012756, 60.0235824585, 60.4763717651, 60.9175491333, 61.3703384399, 61.8347396851, 62.2991371155, 62.8564147949, 63.4020843506, 63.9361457825, 64.4585952759, 64.9694290161, 65.4918823242, 66.0143280029, 66.5251693726, 67.0360107422, 67.5468444824, 68.0460739136, 68.5685272217, 69.1025848389, 69.6366424561, 70.1590881348, 70.6815414429, 71.2155990601, 71.7496566772, 72.2721099854, 72.8061676025, 73.2357330322, 73.6653060913, 74.094871521, 74.5244445801, 74.9540100098, 75.3835830688, 75.8131484985, 76.2427215576, 76.6722869873, 77.0902481079, 77.461769104, 77.8216781616, 78.1815872192, 78.5414962769, 78.889793396, 79.2380905151, 79.5863952637, 79.9230804443, 80.2713851929, 80.619682312, 80.9563674927, 81.2930603027, 81.6413574219, 81.9896621704, 82.349571228, 82.7094802856, 83.0577774048, 83.44090271, 83.8240356445, 84.2071609497, 84.5902938843, 84.9734191895, 85.356552124, 85.7396774292, 86.1228103638, 86.5059356689, 86.8890686035, 87.2722015381, 87.6553268433, 88.1081161499, 88.5609054565, 89.0136947632, 89.5129241943, 90.023765564, 90.5345993042, 91.0918807983, 91.6491622925, 92.2296600342, 92.8101577759, 93.3790435791, 93.9363250732, 94.4936065674, 95.0624923706, 95.6313781738, 96.2002716064, 96.7575454712, 97.3148269653, 97.8721084595, 98.3945541382, 98.9170074463, 99.439453125, 99.9619064331, 100.484352112, 101.006797791, 101.529251099, 102.051696777, 102.574150085, 103.096595764, 103.630653381, 104.095054626, 104.559455872, 105.035461426, 105.499862671, 105.964263916, 106.417053223, 106.869842529, 107.322631836, 107.763809204, 108.216598511, 108.692604065, 109.15700531, 109.633010864, 110.143852234, 110.643081665, 111.153923035, 111.664756775, 112.175598145, 112.686439514, 113.208885193, 113.74294281, 114.277008057, 114.729797363, 115.18258667, 115.635368347, 116.122993469, 116.610610962, 117.098228455, 117.597457886, 118.096687317, 118.595916748, 119.095146179, 119.59437561, 120.081993103, 120.604438782, 121.12689209, 121.649337769, 122.264671326, 122.891609192, 123.518547058, 124.145484924, 124.772422791, 125.306480408, 125.840545654, 126.362991333, 126.89704895, 127.431106567, 127.965164185, 128.499221802, 129.033279419, 129.625396729, 130.229110718, 130.821228027, 131.424942017, 132.017044067, 132.620773315, 133.212875366, 133.793380737, 134.362258911, 134.931152344, 135.476821899, 136.022491455, 136.568161011, 137.113830566, 137.659500122, 138.193557739, 138.78565979, 139.389389038, 139.923446655, 140.445892334, 140.968338013, 141.50239563, 142.036453247, 142.570526123, 143.092971802, 143.627029419, 144.161087036, 144.683532715, 145.217590332, 145.751647949, 146.297317505, 146.842987061, 147.377044678, 147.911102295, 148.445159912, 148.990829468, 149.536499023, 150.082168579, 150.616226196, 151.150299072, 151.684356689, 152.206802368, 152.729248047, 153.251693726, 153.762542725, 154.284988403, 154.807434082, 155.318267822, 155.84072876, 156.363174438, 156.874008179, 157.396453857, 157.918914795, 158.429748535, 158.952194214, 159.474639893, 159.99710083, 160.519546509, 161.053604126, 161.564437866, 162.086883545, 162.609344482, 163.120178223, 163.642623901, 164.16506958, 164.687530518, 165.209976196, 165.720809937, 166.243255615, 166.765716553, 167.288162231, 167.81060791, 168.333053589, 168.855514526, 169.377960205, 169.900405884, 170.411239624, 170.933700562, 171.45614624, 171.96697998, 172.489425659, 173.011871338, 173.522720337, 174.045166016, 174.567611694, 175.101669312, 175.624130249, 176.146575928, 176.680633545, 177.203079224, 177.725524902, 178.24798584, 178.770431519, 179.292877197, 179.815322876, 180.326171875, 180.837005615, 181.359451294, 181.881896973, 182.40435791, 182.926803589, 183.437637329, 183.948471069, 184.470932007, 184.993377686, 185.515823364, 186.038269043, 186.57232666, 187.106384277, 187.640457153, 188.174514771, 188.708572388, 189.242630005, 189.776687622, 190.287521362, 190.809967041, 191.332427979, 191.843261719, 192.365707397, 192.888153076, 193.410614014, 193.933059692, 194.455505371, 194.966339111, 195.488800049, 195.999633789, 196.522079468, 197.032928467, 197.555374146, 198.077819824, 198.588653564, 199.111114502, 199.633560181, 200.144393921, 200.655227661, 201.177688599, 201.700134277, 202.222579956, 202.745025635, 203.267486572, 203.789932251, 204.300765991, 204.82321167, 205.345672607, 205.868118286, 206.402175903, 206.936233521, 207.470291138, 208.004348755, 208.538406372, 209.072463989, 209.594909668, 210.117370605, 210.639816284, 211.173873901, 211.69631958, 212.230377197, 212.776046753, 213.321716309, 213.878997803, 214.41305542, 214.947113037, 215.481170654, 216.015228271, 216.549285889, 217.083358765, 217.605804443, 218.128250122, 218.662307739, 219.196365356, 219.730422974, 220.252868652, 220.77532959, 221.297775269, 221.820220947, 222.342666626, 222.853515625, 223.375961304, 223.886795044, 224.409240723, 224.93170166, 225.454147339, 226.104309082, 226.754455566, 227.40461731, 228.054779053, 228.704940796, 229.320266724, 229.94720459, 230.574142456, 231.189468384, 231.81640625, 232.466567993, 233.105117798, 233.708831787, 234.312561035, 234.869842529, 235.427108765, 235.984390259, 236.518447876, 237.052505493, 237.586578369, 238.097412109, 238.596633911, 239.10748291, 239.61831665, 240.117553711, 240.616775513, 241.115997314, 241.626846313, 242.137680054, 242.648529053, 243.159362793, 243.670196533, 244.192642212, 244.703491211, 245.22593689, 245.748382568, 246.270828247, 246.781677246, 247.292510986, 247.826568604, 248.407073975, 248.987564087, 249.568069458, 250.218231201, 250.833557129, 251.356002808, 251.890060425, 252.43572998, 252.981399536, 253.527069092, 254.072738647, 254.630020142, 255.187301636, 255.628479004, 256.046447754, 256.464385986, 256.893951416, 257.323547363, 257.753112793, 258.182678223, 258.577423096, 258.948944092, 259.32043457, 259.691955566, 260.063476562, 260.423400879, 260.794921875, 261.166442871, 261.537963867, 261.921081543, 262.304199219, 262.687347412, 263.163360596, 263.639373779, 264.115356445, 264.637817383, 265.16027832, 265.68270874, 266.205169678, 266.727600098, 267.250061035, 267.772521973, 268.294952393, 268.81741333, 269.33984375, 269.862304688, 270.373138428, 270.895599365, 271.418029785, 271.928894043, 272.439727783, 272.950561523, 273.473022461, 273.995452881, 274.529510498, 275.051971436, 275.574401855, 276.10848999, 276.642547607, 277.153381348, 277.675811768, 278.186676025, 278.709106445, 279.243164062, 279.77722168, 280.28805542, 280.798919678, 281.321350098, 281.843811035, 282.354644775, 282.865478516, 283.387939453, 283.910369873, 284.432830811, 284.955291748, 285.466125488, 285.988555908, 286.511016846, 287.033477783, 287.555908203, 288.066741943, 288.600799561, 289.134857178, 289.657318115, 290.168151855, 290.678985596, 291.201446533, 291.73550415, 292.269561768, 292.780395508, 293.291229248, 293.813690186, 294.336151123, 294.858581543, 295.38104248, 295.891876221, 296.414337158, 296.936767578, 297.459228516, 297.981658936, 298.515716553, 299.049804688, 299.618682861, 300.175964355, 300.744842529], "danceability": 0.882171988487, "bpm_histogram_second_peak_spread": {"dvar": 0, "var": 0, "median": 0.372548997402, "max": 0.372548997402, "dmean": 0, "dmean2": 0, "mean": 0.372548997402, "dvar2": 0, "min": 0.372548997402}}, "lowlevel": {"spectral_flux": {"dvar": 0.000149510218762, "var": 0.00219047861174, "median": 0.00755587872118, "max": 0.242622509599, "dmean": 0.00691330200061, "dmean2": 0.011507794261, "mean": 0.0313906483352, "dvar2": 0.000419023272116, "min": 6.31187740963e-11}, "spectral_rolloff": {"dvar": 569403.0625, "var": 5584825.5, "median": 667.529296875, "max": 19659.8144531, "dmean": 290.758880615, "dmean2": 496.363830566, "mean": 1312.04907227, "dvar2": 1161424.625, "min": 150.732421875}, "barkbands_flatness_db": {"dvar": 0.000418658251874, "var": 0.00669769058004, "median": 0.205716818571, "max": 0.517152607441, "dmean": 0.0179752260447, "dmean2": 0.0270948670805, "mean": 0.215299651027, "dvar2": 0.000881165382452, "min": 0.00821997132152}, "spectral_centroid": {"dvar": 73333.0390625, "var": 1611791.875, "median": 736.483581543, "max": 11759.8457031, "dmean": 141.352157593, "dmean2": 220.806411743, "mean": 1037.25292969, "dvar2": 146653.46875, "min": 174.35836792}, "melbands_skewness": {"dvar": 0.581660270691, "var": 4.22251796722, "median": 2.77171111107, "max": 16.9061584473, "dmean": 0.637007474899, "dmean2": 0.951115608215, "mean": 3.17264199257, "dvar2": 1.25840306282, "min": -3.2915995121}, "melbands": {"dvar": [2.23153023171e-07, 2.80295694211e-06, 1.49177367348e-06, 1.95426892446e-07, 9.14754991754e-08, 5.10581017465e-08, 1.62788182934e-08, 1.54749120185e-08, 1.91911269098e-08, 1.39513387509e-08, 2.51941205676e-08, 6.83192480366e-09, 6.35576569152e-08, 1.33942767988e-09, 5.13315001616e-10, 2.13547846073e-10, 1.40513967128e-09, 5.55249901613e-10, 5.1661714906e-09, 4.63403848627e-09, 4.49223458432e-09, 7.01916580415e-10, 1.47696563313e-10, 5.25042342936e-10, 7.87839862793e-11, 8.9609170778e-12, 6.72441225966e-12, 5.92262176802e-12, 4.51763106091e-12, 6.16380817914e-12, 3.19448813105e-13, 6.2021785277e-14, 5.32799749686e-14, 4.54886643761e-14, 2.27478609273e-14, 4.04530399521e-14, 1.68075341649e-14, 6.97003972889e-15, 3.53764962135e-15, 3.51496607902e-15], "var": [4.99973680235e-07, 6.21124536337e-06, 4.26583937951e-06, 3.16521578725e-07, 1.92778486507e-07, 1.02457434537e-07, 4.19012202713e-08, 3.55661207152e-08, 4.12469738365e-08, 2.79417822213e-08, 4.80494364297e-08, 1.68736882245e-08, 1.41006267995e-07, 3.70872865751e-09, 1.22257681756e-09, 4.80525563784e-10, 3.16879500417e-09, 1.51690315864e-09, 9.3215870578e-09, 1.07842792474e-08, 1.6222086785e-08, 2.30325092332e-09, 4.41755493297e-10, 1.12127407359e-09, 2.38037284328e-10, 3.46727577205e-11, 2.70311897865e-11, 2.48594912017e-11, 1.91851309145e-11, 1.80802924715e-11, 1.31522353772e-12, 3.20771566861e-13, 2.66877909745e-13, 1.95745654928e-13, 1.15703480867e-13, 1.50159005781e-13, 8.26318654885e-14, 2.59784191771e-14, 1.2842115541e-14, 1.36312071995e-14], "median": [4.80735820929e-07, 7.45443776395e-06, 1.62946616911e-05, 2.35034131038e-05, 1.96884084289e-05, 7.78648245614e-06, 2.78224479189e-06, 1.08463996185e-06, 1.05938238448e-06, 4.81066649627e-07, 5.96062136538e-07, 9.54925667429e-07, 2.92120859058e-07, 2.84812500695e-07, 1.89179459653e-07, 1.8046117134e-07, 2.14431594259e-07, 1.75064855057e-07, 1.19676002441e-07, 1.4354370137e-07, 2.06412295256e-07, 9.68528723888e-08, 6.116344764e-08, 7.73623440864e-08, 5.64436533068e-08, 4.24194297466e-08, 3.62562460055e-08, 2.57643630874e-08, 1.63824616095e-08, 9.00565577666e-09, 4.17872714209e-09, 2.96750224393e-09, 2.37679609327e-09, 2.5107649293e-09, 2.51486120817e-09, 2.03869743309e-09, 1.31934663194e-09, 5.49803369498e-10, 4.3687012341e-10, 3.95106558582e-10], "max": [0.0193142425269, 0.0305359493941, 0.0183484852314, 0.00770111521706, 0.00889585074037, 0.00536981690675, 0.00235024350695, 0.00383763480932, 0.00274564465508, 0.00361889693886, 0.00537564745173, 0.00216119829565, 0.00772048113868, 0.00113922276068, 0.000685260805767, 0.000415017508203, 0.00116613053251, 0.000824036134873, 0.00357215898111, 0.00339909200557, 0.00154457672033, 0.000622910622042, 0.000346765766153, 0.000571172800846, 0.000253201316809, 8.60363434185e-05, 6.7014603701e-05, 5.00582864333e-05, 4.41537886218e-05, 7.90865815361e-05, 1.54715035023e-05, 5.69815074414e-06, 8.0613181126e-06, 1.1245281712e-05, 6.58648650642e-06, 9.06836976355e-06, 6.30115027889e-06, 5.07585900777e-06, 3.35373533744e-06, 2.95102950076e-06], "dmean": [0.000134676462039, 0.000572945922613, 0.000465030840132, 0.000160808252986, 0.000107850748464, 7.60415641707e-05, 4.16226284869e-05, 3.5641973227e-05, 4.21864970122e-05, 3.22924133798e-05, 3.40892111126e-05, 2.33736373048e-05, 4.98230074299e-05, 1.03789425339e-05, 6.1666869442e-06, 4.33765490016e-06, 7.85946667747e-06, 5.78841854804e-06, 1.41623431773e-05, 1.73512707988e-05, 2.19813973672e-05, 8.7298130893e-06, 4.05307173423e-06, 5.87732165513e-06, 2.74821127277e-06, 1.04061712136e-06, 9.40651887049e-07, 9.23464085645e-07, 6.90816932547e-07, 6.42733880341e-07, 1.86385264556e-07, 8.41988594402e-08, 7.50808197836e-08, 5.64016353621e-08, 4.56303226315e-08, 4.70786467588e-08, 3.45166313309e-08, 1.83687483002e-08, 1.251252435e-08, 1.12525651019e-08], "dmean2": [0.000218780347495, 0.000963032129221, 0.000761155271903, 0.000275485712336, 0.000176472152816, 0.000125691163703, 6.8606059358e-05, 5.90768941038e-05, 6.85426857672e-05, 5.2904466429e-05, 5.60514308745e-05, 3.84663726436e-05, 8.16315805423e-05, 1.7389169443e-05, 1.04230066427e-05, 7.22529239283e-06, 1.28043229779e-05, 9.6152889455e-06, 2.30254790949e-05, 2.80408457911e-05, 3.56096134055e-05, 1.46246884469e-05, 6.92109233569e-06, 9.91210072243e-06, 4.65503762825e-06, 1.75119782853e-06, 1.59592514137e-06, 1.55555619585e-06, 1.17747583772e-06, 1.07992559606e-06, 3.12911481615e-07, 1.39857689874e-07, 1.23333364854e-07, 8.94541400953e-08, 7.10643206503e-08, 7.24509447991e-08, 5.31301509454e-08, 2.85628054542e-08, 1.89692315189e-08, 1.63179496582e-08], "mean": [0.000225665207836, 0.00094603485195, 0.000872935983352, 0.000249923701631, 0.000194475913304, 0.000130364845973, 7.61603805586e-05, 6.1443199229e-05, 7.05528436811e-05, 5.46224364371e-05, 5.67845672776e-05, 4.2937193939e-05, 7.92043210822e-05, 1.96971250261e-05, 1.15173797894e-05, 8.10705751064e-06, 1.40325073517e-05, 1.13737769425e-05, 2.29705274251e-05, 3.40356964443e-05, 4.89330122946e-05, 1.93398773263e-05, 8.66509890329e-06, 1.10689406938e-05, 6.2109997998e-06, 2.60429783339e-06, 2.38868187807e-06, 2.38227971749e-06, 1.81463622084e-06, 1.54257497798e-06, 4.95759707064e-07, 2.42785858973e-07, 2.07626982274e-07, 1.52817733579e-07, 1.25357047409e-07, 1.15878023621e-07, 9.1225281551e-08, 4.65746943235e-08, 3.16557020597e-08, 2.68314543916e-08], "dvar2": [5.62588638786e-07, 7.74869477027e-06, 4.03316880693e-06, 5.62944649118e-07, 2.44771655389e-07, 1.39845184322e-07, 4.30900186643e-08, 3.93397634468e-08, 4.91938045855e-08, 3.75358197857e-08, 6.89082284566e-08, 1.78000227891e-08, 1.59077913509e-07, 3.70807717864e-09, 1.48227619068e-09, 5.67096036796e-10, 3.62397378773e-09, 1.39929512422e-09, 1.33045068296e-08, 1.1798590549e-08, 1.14488507563e-08, 1.94477189908e-09, 4.1383255156e-10, 1.4935853665e-09, 2.19472454099e-10, 2.54081356649e-11, 1.92539387212e-11, 1.71483296313e-11, 1.276538944e-11, 1.7611490391e-11, 9.07548233613e-13, 1.66485233802e-13, 1.40976165745e-13, 1.02272655405e-13, 4.65949639441e-14, 8.60416677685e-14, 3.15289786466e-14, 1.3931499014e-14, 6.95947976914e-15, 6.13200057747e-15], "min": [4.9111240699e-25, 7.40847428567e-25, 9.32399866168e-25, 7.13106888315e-25, 1.43940372818e-24, 1.24370232595e-24, 1.73138363174e-24, 1.76210739742e-24, 1.56535424639e-24, 1.98568300251e-24, 1.55637533295e-24, 2.60242057189e-24, 2.98188692477e-24, 2.53002029851e-24, 2.70952934459e-24, 2.33685666182e-24, 2.68758520635e-24, 1.72297950209e-24, 2.76981271446e-24, 2.88215636812e-24, 3.3347213335e-24, 3.38480256249e-24, 4.40386294062e-24, 4.20720583341e-24, 3.84098149689e-24, 4.33370204614e-24, 4.05202111613e-24, 3.78156409908e-24, 4.18857372768e-24, 5.62221916569e-24, 3.81053146595e-24, 4.63222081774e-24, 4.79678114688e-24, 5.23517166229e-24, 4.80979735181e-24, 4.88317167119e-24, 5.53036065201e-24, 5.56220341688e-24, 6.94608672012e-24, 5.8066725947e-24]}, "spectral_decrease": {"dvar": 2.96410659931e-18, "var": 3.01389278059e-17, "median": -1.70492980844e-10, "max": 5.87604933448e-28, "dmean": 7.04914904226e-10, "dmean2": 1.15455112137e-09, "mean": -2.78358336381e-09, "dvar2": 8.26169963281e-18, "min": -3.70334447553e-08}, "barkbands_kurtosis": {"dvar": 369.142150879, "var": 1245.2923584, "median": 4.0205655098, "max": 2082.56738281, "dmean": 4.5456943512, "dmean2": 6.59947347641, "mean": 11.3738584518, "dvar2": 496.844360352, "min": -1.95134902}, "silence_rate_30dB": {"dvar": 0.00107697071508, "var": 0.00123063870706, "median": 1, "max": 1, "dmean": 0.00107816711534, "dmean2": 0.00215650023893, "mean": 0.998767912388, "dvar2": 0.00245978846215, "min": 0}, "gfcc": {"mean": [-262.905578613, 129.247695923, -122.296432495, 20.8100700378, -48.1571121216, -12.9424905777, -41.790348053, -10.4382772446, -29.0850944519, -13.6836528778, -17.7560997009, -9.29634952545, -7.22531175613], "cov": [[58237.7773438, -382.975280762, -4549.015625, 3562.26220703, -843.01361084, 943.491516113, -495.021087646, 1989.85620117, 462.656524658, -144.336135864, -855.575866699, 634.347839355, 303.248840332], [-382.975280762, 1972.57263184, -391.283782959, -39.5841178894, 323.421783447, -206.50718689, 205.310745239, -258.466796875, -29.5031547546, -70.6829299927, 10.2321357727, -197.868591309, 42.8155593872], [-4549.015625, -391.283782959, 1181.64050293, -361.863769531, 7.5593585968, 64.6448822021, -82.1783370972, -107.777275085, -68.9441146851, -13.543463707, 100.836753845, -5.50990438461, -110.93196106], [3562.26220703, -39.5841178894, -361.863769531, 806.67578125, 260.693786621, 78.1618652344, 121.804199219, 222.643737793, 194.821731567, 16.6667137146, -103.325279236, 12.0609769821, 81.115852356], [-843.01361084, 323.421783447, 7.5593585968, 260.693786621, 503.918029785, 62.0961112976, 223.850265503, 32.5455818176, 130.745864868, 26.1683101654, -34.2060966492, -56.6523094177, 32.4322624207], [943.491516113, -206.50718689, 64.6448822021, 78.1618652344, 62.0961112976, 287.087921143, 78.8740310669, 93.5320663452, 23.4129428864, 4.05416679382, -9.18999958038, 14.047949791, -35.4877853394], [-495.021087646, 205.310745239, -82.1783370972, 121.804199219, 223.850265503, 78.8740310669, 313.065673828, 73.9755401611, 97.7751083374, 23.6050415039, -16.6430454254, -18.5628871918, 42.8173980713], [1989.85620117, -258.466796875, -107.777275085, 222.643737793, 32.5455818176, 93.5320663452, 73.9755401611, 272.691345215, 116.746139526, 30.9605293274, -53.9815940857, 53.2983932495, 27.5006332397], [462.656524658, -29.5031547546, -68.9441146851, 194.821731567, 130.745864868, 23.4129428864, 97.7751083374, 116.746139526, 171.97203064, 50.7481384277, -22.6334571838, 2.83167052269, 29.0057830811], [-144.336135864, -70.6829299927, -13.543463707, 16.6667137146, 26.1683101654, 4.05416679382, 23.6050415039, 30.9605293274, 50.7481384277, 110.92061615, 17.2157897949, -4.29137706757, -4.66792011261], [-855.575866699, 10.2321357727, 100.836753845, -103.325279236, -34.2060966492, -9.18999958038, -16.6430454254, -53.9815940857, -22.6334571838, 17.2157897949, 99.1997528076, 15.885342598, -16.2961177826], [634.347839355, -197.868591309, -5.50990438461, 12.0609769821, -56.6523094177, 14.047949791, -18.5628871918, 53.2983932495, 2.83167052269, -4.29137706757, 15.885342598, 116.487838745, 39.9189071655], [303.248840332, 42.8155593872, -110.93196106, 81.115852356, 32.4322624207, -35.4877853394, 42.8173980713, 27.5006332397, 29.0057830811, -4.66792011261, -16.2961177826, 39.9189071655, 109.792922974]], "icov": [[6.67215281283e-05, -0.000124843878439, 0.000146943842992, -0.000226650328841, 0.000191085186088, -0.000261440611212, 0.000266895804089, -0.000308201037114, 8.02276990726e-05, -2.39375331148e-05, 0.000217400971451, -0.000316629913868, 0.000137658324093], [-0.000124843878439, 0.00129467039369, 0.000187376135727, 0.000634577532765, -0.00100953492802, 0.00106562417932, -0.000992176355794, 0.00105997023638, 1.29286536321e-05, 0.000926656241063, -0.00112713640556, 0.00192015559878, -0.000504939525854], [0.000146943842992, 0.000187376135727, 0.00172174721956, 0.000180620423635, -0.000435523747001, -0.000650088652037, 0.000864165194798, -0.000519172928762, -3.34432079399e-05, 0.000710162217729, -0.000576451886445, -0.000392107496737, 0.00093482475495], [-0.000226650328841, 0.000634577532765, 0.000180620423635, 0.00340273883194, -0.001946899225, 0.000561291119084, -8.94953554962e-05, 5.39857937838e-05, -0.001765922294, 0.000915669137612, -0.00026174983941, 0.00145076168701, -0.00123588368297], [0.000191085186088, -0.00100953492802, -0.000435523747001, -0.001946899225, 0.00515095656738, -0.00142017519102, -0.00124382693321, 0.000472286948934, -0.00154123234097, -0.000770354468841, 0.0017491474282, -0.000573677243665, 9.30397654884e-05], [-0.000261440611212, 0.00106562417932, -0.000650088652037, 0.000561291119084, -0.00142017519102, 0.00631382782012, -0.00274227978662, -0.000280344364, 0.0012269152794, 0.000697489012964, -0.00127984420396, 0.000855606107507, 0.00203945813701], [0.000266895804089, -0.000992176355794, 0.000864165194798, -8.94953554962e-05, -0.00124382693321, -0.00274227978662, 0.00729861948639, -0.00254959147424, -0.00118095229845, -0.000184914926649, 0.000155490255565, -0.000470723869512, -0.00163932330906], [-0.000308201037114, 0.00105997023638, -0.000519172928762, 5.39857937838e-05, 0.000472286948934, -0.000280344364, -0.00254959147424, 0.0102280452847, -0.00460664695129, -0.000538092048373, 0.0024476472754, -0.00170185335446, 0.000251931895036], [8.02276990726e-05, 1.29286536321e-05, -3.34432079399e-05, -0.001765922294, -0.00154123234097, 0.0012269152794, -0.00118095229845, -0.00460664695129, 0.0135225411505, -0.00385318696499, -0.000667434476782, 0.000594057957642, -0.000540835899301], [-2.39375331148e-05, 0.000926656241063, 0.000710162217729, 0.000915669137612, -0.000770354468841, 0.000697489012964, -0.000184914926649, -0.000538092048373, -0.00385318696499, 0.0123489517719, -0.00389744993299, 0.00229801330715, 0.000534655584488], [0.000217400971451, -0.00112713640556, -0.000576451886445, -0.00026174983941, 0.0017491474282, -0.00127984420396, 0.000155490255565, 0.0024476472754, -0.000667434476782, -0.00389744993299, 0.0162054542452, -0.00641504395753, 0.00259428657591], [-0.000316629913868, 0.00192015559878, -0.000392107496737, 0.00145076168701, -0.000573677243665, 0.000855606107507, -0.000470723869512, -0.00170185335446, 0.000594057957642, 0.00229801330715, -0.00641504395753, 0.0172639526427, -0.00757469655946], [0.000137658324093, -0.000504939525854, 0.00093482475495, -0.00123588368297, 9.30397654884e-05, 0.00203945813701, -0.00163932330906, 0.000251931895036, -0.000540835899301, 0.000534655584488, 0.00259428657591, -0.00757469655946, 0.0152949877083]]}, "silence_rate_20dB": {"dvar": 0, "var": 0, "median": 1, "max": 1, "dmean": 0, "dmean2": 0, "mean": 1, "dvar2": 0, "min": 1}, "barkbands_skewness": {"dvar": 0.469893157482, "var": 3.69734525681, "median": 1.88826608658, "max": 38.5103378296, "dmean": 0.517459928989, "dmean2": 0.767935395241, "mean": 2.18206501007, "dvar2": 0.920652329922, "min": -4.27343940735}, "erbbands_skewness": {"dvar": 0.173679947853, "var": 2.11615538597, "median": 0.366495788097, "max": 11.6791305542, "dmean": 0.357122242451, "dmean2": 0.529340744019, "mean": 0.464760452509, "dvar2": 0.359444409609, "min": -8.57426643372}, "spectral_contrast_valleys": {"dvar": [0.142312273383, 0.102832347155, 0.0919755101204, 0.0764812082052, 0.0673147961497, 0.0979603677988], "var": [9.56537342072, 8.69416618347, 8.99388313293, 8.97583198547, 10.016626358, 7.55885410309], "median": [-10.0718040466, -9.0121011734, -9.80924892426, -10.2851400375, -9.9596118927, -13.2350730896], "max": [-5.36146783829, -4.76859378815, -5.32383012772, -6.03735971451, -5.87948513031, -8.84180355072], "dmean": [0.408788919449, 0.301361501217, 0.277281701565, 0.235338717699, 0.178717270494, 0.194333836436], "dmean2": [0.674993991852, 0.495130002499, 0.459216356277, 0.38650432229, 0.281345665455, 0.285124272108], "mean": [-10.1391572952, -9.06380939484, -9.8406791687, -10.3642139435, -10.2485694885, -13.4966487885], "dvar2": [0.347702503204, 0.229339912534, 0.19849395752, 0.154453858733, 0.119144678116, 0.167318612337], "min": [-28.2507324219, -28.0733413696, -27.746339798, -27.6596851349, -27.6995563507, -27.4564399719]}, "spectral_strongpeak": {"dvar": 0.779255568981, "var": 0.753452241421, "median": 0.153095394373, "max": 17.2360095978, "dmean": 0.251811653376, "dmean2": 0.444691807032, "mean": 0.376032739878, "dvar2": 2.08486199379, "min": 0}, "erbbands_crest": {"dvar": 6.1236577034, "var": 36.6220626831, "median": 11.377327919, "max": 33.7765388489, "dmean": 2.34181499481, "dmean2": 3.62769627571, "mean": 12.723400116, "dvar2": 15.2231302261, "min": 2.02332472801}, "barkbands_crest": {"dvar": 3.66367506981, "var": 23.5645332336, "median": 11.1082172394, "max": 26.7111530304, "dmean": 1.8867200613, "dmean2": 2.96911501884, "mean": 11.7778434753, "dvar2": 9.34797286987, "min": 1.64439332485}, "spectral_energyband_middle_low": {"dvar": 1.43820852827e-05, "var": 8.93920878298e-05, "median": 0.000461580028059, "max": 0.0705948099494, "dmean": 0.00156369293109, "dmean2": 0.00255000102334, "mean": 0.00486485240981, "dvar2": 3.85374696634e-05, "min": 1.2627851868e-22}, "spectral_contrast_coeffs": {"dvar": [0.00129644642584, 0.000939149816986, 0.000658239761833, 0.000463794684038, 0.0002109627967, 0.000155460991664], "var": [0.00999905727804, 0.00645787315443, 0.00435342127457, 0.00322003802285, 0.00210717204027, 0.00433249166235], "median": [-0.592991650105, -0.754310548306, -0.789459586143, -0.782895684242, -0.81146812439, -0.779559075832], "max": [-0.25304299593, -0.410317361355, -0.509208202362, -0.532125532627, -0.639024019241, -0.624727547169], "dmean": [0.040447615087, 0.0330607332289, 0.0286445561796, 0.0243021007627, 0.0161131992936, 0.0130946580321], "dmean2": [0.0667659044266, 0.0542374700308, 0.0462823435664, 0.0397990904748, 0.026434333995, 0.0210820920765], "mean": [-0.59217107296, -0.748142004013, -0.786123991013, -0.783417344093, -0.812988817692, -0.783258497715], "dvar2": [0.00352150900289, 0.00253146258183, 0.00170105218422, 0.00120472232811, 0.000518460175954, 0.000353324227035], "min": [-0.999598443508, -0.999292552471, -0.998220741749, -0.993833839893, -0.989482104778, -0.993881762028]}, "hfc": {"dvar": 12.1304702759, "var": 225.822845459, "median": 0.288391232491, "max": 156.104141235, "dmean": 1.32924187183, "dmean2": 2.08036804199, "mean": 7.48785591125, "dvar2": 30.230047226, "min": 1.06054149824e-16}, "spectral_energyband_high": {"dvar": 7.30574400976e-09, "var": 6.27048066804e-08, "median": 2.11980341192e-06, "max": 0.00247165211476, "dmean": 3.01559539366e-05, "dmean2": 4.84518968733e-05, "mean": 0.000119579686725, "dvar2": 1.94363192207e-08, "min": 6.96775831322e-21}, "erbbands_spread": {"dvar": 50.9829483032, "var": 261.819580078, "median": 28.544916153, "max": 163.349533081, "dmean": 5.25287628174, "dmean2": 8.02624416351, "mean": 30.5166854858, "dvar2": 113.404624939, "min": 0.679333329201}, "dissonance": {"dvar": 0.000544175389223, "var": 0.00242657703348, "median": 0.456448853016, "max": 0.500000119209, "dmean": 0.0194141454995, "dmean2": 0.0324983000755, "mean": 0.442427456379, "dvar2": 0.00150004483294, "min": 0}, "spectral_kurtosis": {"dvar": 32.0159835815, "var": 170.310043335, "median": 6.78206825256, "max": 120.800079346, "dmean": 4.14741277695, "dmean2": 7.08122062683, "mean": 11.5283498764, "dvar2": 88.6067047119, "min": -1.2583963871}, "spectral_skewness": {"dvar": 0.156804665923, "var": 1.56636786461, "median": 1.79056739807, "max": 9.05809211731, "dmean": 0.353113085032, "dmean2": 0.592269599438, "mean": 2.15720081329, "dvar2": 0.420585513115, "min": -0.11589731276}, "pitch_salience": {"dvar": 0.00349269108847, "var": 0.0204512253404, "median": 0.495962917805, "max": 0.999674618244, "dmean": 0.0582154728472, "dmean2": 0.0914934650064, "mean": 0.483782947063, "dvar2": 0.00871050171554, "min": 0.0704058855772}, "spectral_complexity": {"dvar": 3.59008693695, "var": 165.78465271, "median": 2, "max": 53, "dmean": 1.07601082325, "dmean2": 1.79390013218, "mean": 8.38210391998, "dvar2": 9.52684211731, "min": 0}, "spectral_spread": {"dvar": 723210469376, "var": 19379928432600.0, "median": 2909901, "max": 42414080, "dmean": 335645.25, "dmean2": 517897.5, "mean": 3625285.75, "dvar2": 1298909757440.0, "min": 789460}, "dynamic_complexity": 14.8927497864, "melbands_crest": {"dvar": 6.94277000427, "var": 41.1948890686, "median": 16.6970996857, "max": 34.6102676392, "dmean": 2.56776118279, "dmean2": 4.0526227951, "mean": 17.3855285645, "dvar2": 18.1133899689, "min": 1.00130033493}, "zerocrossingrate": {"dvar": 0.000145734898979, "var": 0.00456555793062, "median": 0.0341796875, "max": 0.5322265625, "dmean": 0.00616001477465, "dmean2": 0.00732038309798, "mean": 0.0479195825756, "dvar2": 0.000135411435622, "min": 0.005859375}, "spectral_energyband_low": {"dvar": 4.13185043726e-05, "var": 0.000127003600937, "median": 4.25824619015e-05, "max": 0.114558734, "dmean": 0.00239240797237, "dmean2": 0.0039694653824, "mean": 0.00476554548368, "dvar2": 0.00011434841872, "min": 9.02068282691e-24}, "melbands_kurtosis": {"dvar": 265.52545166, "var": 1221.43200684, "median": 10.2459974289, "max": 574.093505859, "dmean": 7.63013029099, "dmean2": 11.3405199051, "mean": 21.2577075958, "dvar2": 586.737670898, "min": -1.95559823513}, "spectral_energyband_middle_high": {"dvar": 4.24905874752e-06, "var": 3.85439125239e-05, "median": 4.73528743896e-05, "max": 0.0726963952184, "dmean": 0.000690596294589, "dmean2": 0.00108515552711, "mean": 0.00272535067052, "dvar2": 1.03659067463e-05, "min": 1.12291080819e-21}, "barkbands_spread": {"dvar": 24.7295436859, "var": 156.88885498, "median": 10.7993774414, "max": 97.9889450073, "dmean": 3.03533411026, "dmean2": 4.73293876648, "mean": 14.807308197, "dvar2": 52.2641029358, "min": 0.0903931930661}, "mfcc": {"mean": [-859.31628418, 126.422782898, -0.395178705454, 21.8205127716, 5.9494137764, -4.63464975357, -7.576130867, -5.36544179916, -8.74805831909, -6.80599403381, -15.2106571198, -8.70703029633, -7.71920204163], "cov": [[28330.9023438, 3700.2355957, -3416.25024414, 2419.78442383, 137.557022095, 122.656234741, 108.165229797, 1256.04492188, 1303.45373535, 668.568664551,