{"tonal": {"chords_key": "A", "hpcp_entropy": {"dmean": 0.578523695469, "dmean2": 0.984549105167, "max": 4.51432943344, "dvar": 0.247269466519, "mean": 1.97208619118, "dvar2": 0.670642733574, "min": 0, "var": 0.590650260448, "median": 1.98995733261}, "key_key": "C#", "chords_strength": {"dmean": 0.0107784131542, "dmean2": 0.0105651402846, "max": 0.819266200066, "dvar": 0.000550017051864, "mean": 0.462240457535, "dvar2": 0.00100862688851, "min": -1, "var": 0.022568359971, "median": 0.469408541918}, "key_scale": "minor", "chords_number_rate": 0.00352467270568, "thpcp": [1, 0.624051392078, 0.268878549337, 0.239566490054, 0.212293863297, 0.221186563373, 0.353179961443, 0.415184110403, 0.380559653044, 0.668915688992, 0.822335362434, 0.559066295624, 0.72473347187, 0.875287473202, 0.489851206541, 0.231459036469, 0.233762130141, 0.283246845007, 0.425430268049, 0.452511161566, 0.339546948671, 0.331778198481, 0.341095358133, 0.486637949944, 0.934879302979, 0.928007483482, 0.504109799862, 0.61166536808, 0.786329448223, 0.487801939249, 0.223330721259, 0.181363642216, 0.205860257149, 0.375256448984, 0.472681343555, 0.745871424675], "key_strength": 0.580280959606, "tuning_nontempered_energy_ratio": 0.788286983967, "tuning_frequency": 443.572570801, "chords_changes_rate": 0.077291034162, "tuning_diatonic_strength": 0.396750152111, "chords_scale": "major", "chords_histogram": [17.3464241028, 6.87311172485, 0.100704938173, 0, 0.55387711525, 0.0251762345433, 0.176233634353, 0.855991959572, 0.956696867943, 0.453172206879, 7.8801612854, 0.07552870363, 0.402819752693, 1.30916416645, 5.68982887268, 8.40886211395, 1.35951662064, 10.271903038, 3.7512588501, 5.41289043427, 1.35951662064, 1.1077542305, 7.12487411499, 18.5045318604], "tuning_equal_tempered_deviation": 0.11856713891, "hpcp": {"dmean": [0.12557412684, 0.107285805047, 0.0800428017974, 0.0819830000401, 0.0931722968817, 0.106448099017, 0.104805998504, 0.100851602852, 0.0958366990089, 0.103129670024, 0.135348111391, 0.125688448548, 0.149095878005, 0.133062511683, 0.137187168002, 0.116984665394, 0.117624267936, 0.0815771967173, 0.0633152201772, 0.0637549459934, 0.0812249928713, 0.0951918438077, 0.135332629085, 0.142444700003, 0.111002728343, 0.0877169594169, 0.0731575489044, 0.0678948834538, 0.0805800780654, 0.0849014148116, 0.0748829394579, 0.10014193505, 0.134309470654, 0.137744516134, 0.143244937062, 0.131943657994], "dmean2": [0.211858406663, 0.187323644757, 0.142357707024, 0.14685767889, 0.166104957461, 0.187701076269, 0.183464586735, 0.178859263659, 0.168219149113, 0.184036627412, 0.243631824851, 0.219423294067, 0.260035723448, 0.23690110445, 0.23953127861, 0.20508916676, 0.209846004844, 0.147729024291, 0.11446184665, 0.113555960357, 0.141374781728, 0.165592595935, 0.236646071076, 0.24849756062, 0.19441652298, 0.159665703773, 0.129228249192, 0.122429341078, 0.14864243567, 0.155410856009, 0.13486328721, 0.180233821273, 0.227629870176, 0.231895372272, 0.257067888975, 0.230875715613], "max": [1, 1, 1, 1, 1, 1, 1, 1, 1, 1, 1, 1, 1, 1, 1, 1, 1, 1, 1, 1, 1, 1, 1, 1, 1, 1, 1, 1, 1, 1, 1, 1, 1, 1, 1, 1], "dvar": [0.0350457765162, 0.0311390142888, 0.029895670712, 0.0320631153882, 0.0337903238833, 0.0362768322229, 0.0362714380026, 0.0330972447991, 0.0349306836724, 0.0372874476016, 0.0488670542836, 0.0455531552434, 0.049703579396, 0.0437499247491, 0.0460363067687, 0.0441972129047, 0.041196256876, 0.03088510409, 0.0231203716248, 0.0203637927771, 0.0260173920542, 0.0291662830859, 0.0370061136782, 0.0440424866974, 0.0330676995218, 0.0360581092536, 0.0268724299967, 0.0244948919863, 0.0299842637032, 0.031633540988, 0.0255507342517, 0.0278421025723, 0.0396622642875, 0.0422468185425, 0.0381369926035, 0.0341259650886], "mean": [0.239984884858, 0.134306594729, 0.0634610578418, 0.0640925168991, 0.0776601582766, 0.116643771529, 0.124068766832, 0.0930964201689, 0.0909664034843, 0.0935209617019, 0.133425593376, 0.25632366538, 0.254439562559, 0.138216003776, 0.167705401778, 0.215594515204, 0.133744731545, 0.0612324513495, 0.0497259870172, 0.0564424283803, 0.102887198329, 0.129598990083, 0.204501792789, 0.274178355932, 0.171101391315, 0.0737206786871, 0.0656839460135, 0.0582063831389, 0.0606445670128, 0.0968343019485, 0.113834492862, 0.104341216385, 0.183402210474, 0.225466564298, 0.153283879161, 0.198706239462], "dvar2": [0.0892927274108, 0.0865371450782, 0.0791707709432, 0.0870848745108, 0.0933717191219, 0.101775720716, 0.0968802496791, 0.0884346887469, 0.0948001518846, 0.102755747736, 0.14119450748, 0.118677578866, 0.133258551359, 0.122553288937, 0.12863266468, 0.113829486072, 0.118192099035, 0.0881181806326, 0.0641939342022, 0.057877369225, 0.0717029944062, 0.0762677416205, 0.106087908149, 0.116616487503, 0.0905186161399, 0.109197497368, 0.0768637731671, 0.069641917944, 0.0898823216558, 0.0920015797019, 0.0688223913312, 0.08017167449, 0.102560386062, 0.101923398674, 0.109576061368, 0.0924102813005], "min": [0, 0, 0, 0, 0, 0, 0, 0, 0, 0, 0, 0, 0, 0, 0, 0, 0, 0, 0, 0, 0, 0, 0, 0, 0, 0, 0, 0, 0, 0, 0, 0, 0, 0, 0, 0], "var": [0.0912861377001, 0.0367508120835, 0.0269866734743, 0.0287243705243, 0.0317821241915, 0.047335088253, 0.0509099923074, 0.0320993699133, 0.0327516049147, 0.0331261977553, 0.048840392381, 0.126800343394, 0.111690416932, 0.043956015259, 0.0663072913885, 0.111401431262, 0.0503569580615, 0.0235580131412, 0.0186865050346, 0.017915578559, 0.033415261656, 0.0475993528962, 0.0607754699886, 0.109722450376, 0.0617465935647, 0.0304999314249, 0.0217778049409, 0.0182978622615, 0.0223832018673, 0.0506093613803, 0.0685550644994, 0.0375377126038, 0.0680020749569, 0.0992662906647, 0.0402553752065, 0.064298979938], "median": [0.102656468749, 0.0526943579316, 0.0040758792311, 0.00320324860513, 0.00753610022366, 0.0156537108123, 0.017296154052, 0.0189964026213, 0.0150024695322, 0.0135250808671, 0.0258026830852, 0.0617805346847, 0.0710281506181, 0.0497877709568, 0.0377243794501, 0.0367952883244, 0.0202859994024, 0.00507380161434, 0.00354426400736, 0.00911388173699, 0.0257698558271, 0.0364455580711, 0.0914397537708, 0.112193651497, 0.0571694374084, 0.0106773748994, 0.00896867923439, 0.00920542608947, 0.00701357610524, 0.00533153768629, 0.0044761179015, 0.020817976445, 0.0533489584923, 0.0626820474863, 0.0720988959074, 0.0861557424068]}}, "lowlevel": {"melbands_flatness_db": {"dmean": 0.0351309329271, "dmean2": 0.0481000840664, "max": 0.666886508465, "dvar": 0.00117574702017, "mean": 0.297406375408, "dvar2": 0.00203508604318, "min": 0.00301962997764, "var": 0.00869222078472, "median": 0.299125045538}, "melbands_crest": {"dmean": 2.92607498169, "dmean2": 4.78984737396, "max": 30.9141635895, "dvar": 6.90646934509, "mean": 14.4343519211, "dvar2": 17.8945827484, "min": 1.55561971664, "var": 19.3597488403, "median": 14.2835178375}, "spectral_entropy": {"dmean": 0.257246434689, "dmean2": 0.349459469318, "max": 9.83102416992, "dvar": 0.0729408934712, "mean": 6.9897403717, "dvar2": 0.12359842658, "min": 5.02124881744, "var": 0.517075300217, "median": 6.90247964859}, "melbands": {"dmean": [0.00137679034378, 0.00202009314671, 0.000689927313942, 0.000731784384698, 0.000283841218334, 0.000170577070094, 0.000328611495206, 0.000355540047167, 0.000131872773636, 5.13184568263e-05, 3.52075330738e-05, 4.43030221504e-05, 3.0717386835e-05, 6.07405236224e-05, 3.465716145e-05, 3.23039967043e-05, 3.14406897814e-05, 2.84483649011e-05, 1.57069989655e-05, 8.74716442922e-06, 7.45978877603e-06, 5.80574987907e-06, 4.85303507958e-06, 6.62149795971e-06, 5.60225680601e-06, 4.97877999805e-06, 3.72913132196e-06, 3.02565763377e-06, 3.55698284693e-06, 3.6847325191e-06, 3.41764393852e-06, 2.15301906792e-06, 1.08568599444e-06, 1.07736855171e-06, 1.15444777293e-06, 9.50707203629e-07, 1.10742962534e-06, 1.42618182508e-06, 1.20938591408e-06, 5.52539461296e-07], "dmean2": [0.00231807027012, 0.00333336135373, 0.00117072183639, 0.00116406066809, 0.000464829005068, 0.000274060294032, 0.000510291778482, 0.000545476505067, 0.000204430703889, 7.58712121751e-05, 5.14656530868e-05, 6.78687210893e-05, 4.60157170892e-05, 8.97309146239e-05, 5.09221135871e-05, 5.05888456246e-05, 5.08381854161e-05, 4.57488313259e-05, 2.46732106461e-05, 1.30320586322e-05, 1.12440447992e-05, 8.84680412128e-06, 7.53777749196e-06, 1.05019234979e-05, 9.00703798834e-06, 7.78681442171e-06, 5.55889391762e-06, 4.49479057352e-06, 5.33534057467e-06, 5.5542282098e-06, 5.35201661478e-06, 3.40175188285e-06, 1.66641473243e-06, 1.60658953519e-06, 1.74160709321e-06, 1.47956848195e-06, 1.68359133568e-06, 2.25931034947e-06, 1.88272497326e-06, 8.62473598318e-07], "max": [0.0371188595891, 0.0279132500291, 0.017795111984, 0.0171465463936, 0.0105419158936, 0.0100192362443, 0.0131610203534, 0.0268047340214, 0.00545281171799, 0.00384195707738, 0.00306138256565, 0.00412939209491, 0.00234207161702, 0.00477484241128, 0.00167276407592, 0.00258484645747, 0.00318924430758, 0.00332984724082, 0.00182129000314, 0.000932162685785, 0.000654583331198, 0.000879651110154, 0.000559241394512, 0.000681953912135, 0.000511185091455, 0.000301369815134, 0.000419239600888, 0.000403130281484, 0.000308536371449, 0.000195043394342, 0.000217745691771, 0.000137874289067, 7.57037851145e-05, 0.000120218006487, 9.54361166805e-05, 9.10418457352e-05, 8.23457885417e-05, 0.000100887671579, 0.000111549736175, 3.18011152558e-05], "dvar": [5.90244462728e-06, 6.6489396886e-06, 1.32772072448e-06, 1.7983837779e-06, 4.08592455869e-07, 1.17521040011e-07, 3.78508332233e-07, 1.06818174572e-06, 8.23124040039e-08, 2.17865565588e-08, 9.04300101467e-09, 1.79629058294e-08, 5.82082826384e-09, 2.80359859772e-08, 7.45424344473e-09, 1.14367271209e-08, 1.64993867457e-08, 2.13346691424e-08, 6.80698786226e-09, 1.67632774328e-09, 9.18844778042e-10, 6.35032471052e-10, 4.65175897801e-10, 7.59832530228e-10, 5.95992699637e-10, 3.10931003167e-10, 1.84826334793e-10, 1.16931520022e-10, 1.38918349046e-10, 1.41988074076e-10, 1.23992038858e-10, 5.35179851824e-11, 1.23440216382e-11, 1.43491460033e-11, 1.35736526186e-11, 1.20347421265e-11, 1.24323789111e-11, 2.47517787516e-11, 1.92917053859e-11, 3.25238577389e-12], "mean": [0.00356971472502, 0.00395276444033, 0.00121819262858, 0.00137372396421, 0.000437824928667, 0.000302296772134, 0.000629066082183, 0.000553712598048, 0.000247396441409, 9.8522315966e-05, 8.64246758283e-05, 0.000139613533975, 6.59316865494e-05, 0.000173144959263, 8.2848360762e-05, 5.71853888687e-05, 4.37148519268e-05, 3.76778589271e-05, 2.14941792365e-05, 1.18735224532e-05, 1.09350366984e-05, 8.29177497508e-06, 7.02236093275e-06, 9.36558717513e-06, 8.687979971e-06, 7.43266446079e-06, 5.71089049117e-06, 4.50706602351e-06, 5.02989541928e-06, 5.44481872566e-06, 4.74769649372e-06, 2.80503695649e-06, 1.46144247992e-06, 1.46243701238e-06, 1.49221284573e-06, 1.21154675981e-06, 1.44657553847e-06, 1.7640356873e-06, 1.44528883084e-06, 6.70356769206e-07], "dvar2": [1.58510429173e-05, 1.82910680451e-05, 3.59032378583e-06, 4.57616215499e-06, 9.92693230728e-07, 2.90968159788e-07, 8.82736799213e-07, 2.36605978898e-06, 1.90430611724e-07, 4.65234428759e-08, 1.95677216652e-08, 3.70397224003e-08, 1.29651542835e-08, 6.12513346709e-08, 1.5546413934e-08, 2.80094401006e-08, 4.3051656462e-08, 5.60687922757e-08, 1.69361982216e-08, 3.77496789383e-09, 1.98424077169e-09, 1.48151468871e-09, 1.14078324565e-09, 2.01763739049e-09, 1.57653246013e-09, 7.21014747906e-10, 4.31093383213e-10, 2.54555598822e-10, 3.03235048182e-10, 3.07382008735e-10, 2.9474142571e-10, 1.29346949818e-10, 2.66254102099e-11, 3.09313442914e-11, 3.0240466381e-11, 2.85049189114e-11, 2.82130603602e-11, 6.21352483354e-11, 4.88895000872e-11, 7.76297515853e-12], "min": [4.89121174153e-25, 5.97255564636e-25, 5.87397958764e-25, 1.52246782327e-24, 1.40655486983e-24, 1.55748190759e-24, 1.08363574297e-24, 2.14387466034e-24, 2.29838805699e-24, 9.13876130214e-25, 2.0399398695e-24, 2.121188204e-24, 1.35401131013e-24, 2.78274628621e-24, 1.6757492164e-24, 2.88358696737e-24, 2.6590830702e-24, 3.42151693788e-24, 3.92761814581e-24, 4.04745755579e-24, 4.10955905284e-24, 4.03907511981e-24, 3.83310432632e-24, 3.1724851858e-24, 3.73366446491e-24, 4.05881281409e-24, 4.5500964532e-24, 4.99322960038e-24, 5.52178139524e-24, 3.97640130419e-24, 4.87007303029e-24, 4.26338771821e-24, 5.0330296052e-24, 6.1319416396e-24, 5.23579880671e-24, 5.4921332414e-24, 5.18927455153e-24, 4.98087051658e-24, 5.81805546313e-24, 5.12257241769e-24], "var": [9.91460456135e-06, 1.04340097096e-05, 1.48306401115e-06, 2.84839893538e-06, 4.8225200544e-07, 1.6819470261e-07, 7.512997513e-07, 1.50596599724e-06, 1.75347437903e-07, 7.13844698907e-08, 3.44469768265e-08, 1.06003497535e-07, 1.42649767554e-08, 1.51925846126e-07, 3.34390364287e-08, 2.26740475284e-08, 1.99248066934e-08, 1.97613516661e-08, 7.14153580716e-09, 2.26694574224e-09, 1.5133416742e-09, 1.04654251931e-09, 7.5414519074e-10, 9.5244845344e-10, 8.13115741405e-10, 5.30192889592e-10, 3.28548743767e-10, 2.47820181043e-10, 3.03226249665e-10, 3.30793448189e-10, 2.24544605132e-10, 8.20767828702e-11, 2.2672691849e-11, 2.75195109756e-11, 2.46069310761e-11, 1.78844057619e-11, 2.0003896109e-11, 3.03641799204e-11, 2.27616484688e-11, 4.57459547673e-12], "median": [0.00281689409167, 0.00333085167222, 0.000957258744165, 0.000812592799775, 0.000244044858846, 0.000190507664229, 0.000335285410983, 0.000206824857742, 8.32910009194e-05, 2.09770787478e-05, 2.44637594733e-05, 2.13591010834e-05, 1.97751724045e-05, 1.42922153827e-05, 1.0878199646e-05, 1.03191059679e-05, 4.9708937695e-06, 4.66025358037e-06, 3.9057504182e-06, 2.82095425064e-06, 2.53601888289e-06, 1.30573141632e-06, 9.1956178494e-07, 1.5914697542e-06, 1.293095238e-06, 8.72527891715e-07, 7.27694157376e-07, 4.25070396659e-07, 3.43591949559e-07, 2.79712509155e-07, 2.43052028281e-07, 1.41471403481e-07, 8.52148573927e-08, 9.02136179093e-08, 1.0711763565e-07, 6.98263207255e-08, 7.69099273157e-08, 7.58277707291e-08, 4.98695555962e-08, 3.10597023656e-08]}, "silence_rate_60dB": {"dmean": 0.00352556025609, "dmean2": 0.00705200852826, "max": 1, "dvar": 0.00351314712316, "mean": 0.0550169944763, "dvar2": 0.00750586017966, "min": 0, "var": 0.051992058754, "median": 0}, "spectral_energyband_middle_high": {"dmean": 0.0016613957705, "dmean2": 0.00241188891232, "max": 0.0888149738312, "dvar": 1.76051544258e-05, "mean": 0.00481462432072, "dvar2": 4.23931523983e-05, "min": 1.18562254909e-21, "var": 3.86476676795e-05, "median": 0.00257641985081}, "erbbands_skewness": {"dmean": 0.422850370407, "dmean2": 0.638912498951, "max": 5.86134815216, "dvar": 0.180744171143, "mean": 0.44215297699, "dvar2": 0.389661997557, "min": -3.51379203796, "var": 0.81603872776, "median": 0.492345094681}, "dynamic_complexity": 3.18478536606, "dissonance": {"dmean": 0.026911707595, "dmean2": 0.0439846254885, "max": 0.500000119209, "dvar": 0.000821928551886, "mean": 0.439797818661, "dvar2": 0.00214793439955, "min": 0.209105461836, "var": 0.00197528256103, "median": 0.450158923864}, "spectral_skewness": {"dmean": 0.511407315731, "dmean2": 0.737408876419, "max": 12.0631046295, "dvar": 0.326665788889, "mean": 2.38299942017, "dvar2": 0.607748985291, "min": -0.0844391435385, "var": 1.48397517204, "median": 2.23857522011}, "spectral_kurtosis": {"dmean": 5.30411338806, "dmean2": 8.08388137817, "max": 233.472915649, "dvar": 69.1775360107, "mean": 11.6062507629, "dvar2": 144.564331055, "min": -1.25970065594, "var": 212.012863159, "median": 7.76062011719}, "gfcc": {"cov": [[25756.4824219, 425.799835205, -1865.36425781, 1273.92114258, -1153.15844727, 713.405822754, -465.558959961, 290.982391357, -615.962036133, 191.195953369, -170.823104858, -90.9647827148, -183.819290161], [425.799835205, 2664.00317383, -170.895782471, -556.957397461, 395.812042236, -337.596862793, 291.35925293, -126.960212708, 176.931442261, -300.730651855, 244.107040405, -139.437149048, 86.78855896], [-1865.36425781, -170.895782471, 820.220336914, 43.2417526245, 6.70872926712, 40.9882354736, -10.0607681274, 29.7508163452, 41.6053657532, 35.2372779846, -9.16275882721, 68.709274292, 41.6556968689], [1273.92114258, -556.957397461, 43.2417526245, 682.771728516, -35.5710258484, -37.8755149841, -141.554672241, -31.8079833984, -57.2480583191, 29.7152023315, -53.5494537354, 16.1491947174, 85.3031616211], [-1153.15844727, 395.812042236, 6.70872926712, -35.5710258484, 383.700561523, -137.475799561, 34.1940193176, -62.2280578613, 57.6598968506, -59.1113319397, 62.0803718567, -30.9300785065, 48.4950370789], [713.405822754, -337.596862793, 40.9882354736, -37.8755149841, -137.475799561, 280.414916992, -5.53418493271, 41.0714530945, -29.0048999786, 76.5936660767, -25.3715629578, 24.3115158081, -54.0904808044], [-465.558959961, 291.35925293, -10.0607681274, -141.554672241, 34.1940193176, -5.53418493271, 273.820770264, 24.591053009, -9.37673091888, -63.0356025696, 17.3347625732, 14.4570798874, 29.3044300079], [290.982391357, -126.960212708, 29.7508163452, -31.8079833984, -62.2280578613, 41.0714530945, 24.591053009, 132.396560669, -15.5111179352, 4.23540735245, -27.5527877808, 1.59359526634, -7.92308807373], [-615.962036133, 176.931442261, 41.6053657532, -57.2480583191, 57.6598968506, -29.0048999786, -9.37673091888, -15.5111179352, 147.712905884, 3.49538493156, 18.9854297638, -30.3198318481, -2.00934815407], [191.195953369, -300.730651855, 35.2372779846, 29.7152023315, -59.1113319397, 76.5936660767, -63.0356025696, 4.23540735245, 3.49538493156, 163.83392334, -14.4582500458, -17.6824550629, -47.6799468994], [-170.823104858, 244.107040405, -9.16275882721, -53.5494537354, 62.0803718567, -25.3715629578, 17.3347625732, -27.5527877808, 18.9854297638, -14.4582500458, 121.489311218, 5.83147573471, -12.355550766], [-90.9647827148, -139.437149048, 68.709274292, 16.1491947174, -30.9300785065, 24.3115158081, 14.4570798874, 1.59359526634, -30.3198318481, -17.6824550629, 5.83147573471, 128.966018677, 17.9140548706], [-183.819290161, 86.78855896, 41.6556968689, 85.3031616211, 48.4950370789, -54.0904808044, 29.3044300079, -7.92308807373, -2.00934815407, -47.6799468994, -12.355550766, 17.9140548706, 131.730407715]], "mean": [-52.2120056152, 137.875518799, -90.5018463135, 30.7358016968, -49.8676300049, 15.6304960251, -30.1665115356, 6.36045742035, -17.0422039032, 4.75393486023, -2.08207416534, -5.46328306198, -8.84122657776], "icov": [[0.000167025646078, -0.000462712399894, 0.00037881929893, -0.000621481507551, 0.000307888578391, -0.000590926851146, 0.000363057770301, -0.000613354961388, 0.000521705835126, -0.000401686731493, 0.000364258565241, -0.000343584892107, 0.000290389172733], [-0.000462712399894, 0.00230956007726, -0.00102961086668, 0.00237391795963, -0.000895898323506, 0.00213103555143, -0.00145962659735, 0.0023244342301, -0.00190287572332, 0.00227449461818, -0.0023621993605, 0.00210938090459, -0.00142378977034], [0.00037881929893, -0.00102961086668, 0.0022595138289, -0.00145836942829, 0.00053454953013, -0.00151512015145, 0.000859465973917, -0.00180198694579, 0.000558063678909, -0.00134710816201, 0.000853787933011, -0.00163932633586, 0.000142274686368], [-0.000621481507551, 0.00237391795963, -0.00145836942829, 0.00478938873857, -0.000974615337327, 0.00280773686245, -0.000568916031625, 0.00310539104976, -0.00139693915844, 0.00176207907498, -0.00175181403756, 0.00198597158305, -0.00306436792016], [0.000307888578391, -0.000895898323506, 0.00053454953013, -0.000974615337327, 0.00440610293299, 8.41904547997e-05, 0.000442032993305, -3.5993194615e-05, 0.000265492650215, -0.000382855650969, -0.000599480874371, 0.00017293052224, -0.000420286174631], [-0.000590926851146, 0.00213103555143, -0.00151512015145, 0.00280773686245, 8.41904547997e-05, 0.00750913796946, -0.00185599783435, 0.00186664971989, -0.00160488556139, 9.20348466025e-05, -0.00158156943507, 0.000873849436175, -0.000248476921115], [0.000363057770301, -0.00145962659735, 0.000859465973917, -0.000568916031625, 0.000442032993305, -0.00185599783435, 0.00578937120736, -0.00239905761555, 0.00196308153681, -0.000129370659124, 0.000964964914601, -0.00139864103403, -0.000528288539499], [-0.000613354961388, 0.0023244342301, -0.00180198694579, 0.00310539104976, -3.5993194615e-05, 0.00186664971989, -0.00239905761555, 0.0116180824116, -0.00165109185036, 0.00257521658204, -0.000608658534475, 0.00259222090244, -0.00131889630575], [0.000521705835126, -0.00190287572332, 0.000558063678909, -0.00139693915844, 0.000265492650215, -0.00160488556139, 0.00196308153681, -0.00165109185036, 0.0100296353921, -0.00216442486271, 0.00110832776409, 0.000246798270382, 0.000857035280205], [-0.000401686731493, 0.00227449461818, -0.00134710816201, 0.00176207907498, -0.000382855650969, 9.20348466025e-05, -0.000129370659124, 0.00257521658204, -0.00216442486271, 0.0109016206115, -0.00209127971902, 0.00351189495996, 0.000827401527204], [0.000364258565241, -0.0023621993605, 0.000853787933011, -0.00175181403756, -0.000599480874371, -0.00158156943507, 0.000964964914601, -0.000608658534475, 0.00110832776409, -0.00209127971902, 0.0125504918396, -0.00351198413409, 0.00316373887472], [-0.000343584892107, 0.00210938090459, -0.00163932633586, 0.00198597158305, 0.00017293052224, 0.000873849436175, -0.00139864103403, 0.00259222090244, 0.000246798270382, 0.00351189495996, -0.00351198413409, 0.011462405324, -0.00248790229671], [0.000290389172733, -0.00142378977034, 0.000142274686368, -0.00306436792016, -0.000420286174631, -0.000248476921115, -0.000528288539499, -0.00131889630575, 0.000857035280205, 0.000827401527204, 0.00316373887472, -0.00248790229671, 0.0119123989716]]}, "spectral_complexity": {"dmean": 2.88516736031, "dmean2": 4.21231603622, "max": 62, "dvar": 17.1010971069, "mean": 13.8705778122, "dvar2": 28.7687225342, "min": 0, "var": 83.5445251465, "median": 12}, "spectral_flux": {"dmean": 0.0243759229779, "dmean2": 0.0387060046196, "max": 0.345490217209, "dvar": 0.000735613575671, "mean": 0.0855457410216, "dvar2": 0.00173957145307, "min": 6.3127163219e-11, "var": 0.0024504577741, "median": 0.077591009438}, "spectral_energyband_low": {"dmean": 0.00816346611828, "dmean2": 0.013678688556, "max": 0.135713711381, "dvar": 0.00012373739446, "mean": 0.0207140780985, "dvar2": 0.000336211727699, "min": 1.21581948506e-23, "var": 0.000222054717597, "median": 0.0185672137886}, "spectral_decrease": {"dmean": 2.82117484929e-09, "dmean2": 4.6121955144e-09, "max": 2.0561139012e-28, "dvar": 1.14788333369e-17, "mean": -1.01807655639e-08, "dvar2": 3.02029515853e-17, "min": -3.96531625313e-08, "var": 2.92086573279e-17, "median": -1.01340180692e-08}, "barkbands_spread": {"dmean": 4.60212135315, "dmean2": 6.83789634705, "max": 111.255371094, "dvar": 65.5705032349, "mean": 14.8139648438, "dvar2": 131.478500366, "min": 0.720815658569, "var": 199.653762817, "median": 10.7002496719}, "spectral_rms": {"dmean": 0.000809843244497, "dmean2": 0.00130357174203, "max": 0.0121969329193, "dvar": 7.43797215819e-07, "mean": 0.00592529121786, "dvar2": 1.93422306438e-06, "min": 3.10106888085e-12, "var": 4.01420538765e-06, "median": 0.00625168485567}, "spectral_centroid": {"dmean": 199.214202881, "dmean2": 289.729675293, "max": 11790.6630859, "dvar": 120806.40625, "mean": 944.1953125, "dvar2": 211267.171875, "min": 166.624923706, "var": 1527025, "median": 634.870422363}, "barkbands_skewness": {"dmean": 0.588080406189, "dmean2": 0.897525250912, "max": 11.3702507019, "dvar": 0.424937963486, "mean": 1.7485806942, "dvar2": 0.989508450031, "min": -2.35099101067, "var": 1.65698087215, "median": 1.68929445744}, "spectral_rolloff": {"dmean": 312.336242676, "dmean2": 529.881408691, "max": 19789.0136719, "dvar": 719128.1875, "mean": 1053.74938965, "dvar2": 1634191.375, "min": 86.1328125, "var": 4784147, "median": 495.263671875}, "erbbands_spread": {"dmean": 9.01878356934, "dmean2": 13.1045703888, "max": 158.755661011, "dvar": 144.17489624, "mean": 31.2331676483, "dvar2": 290.54977417, "min": 2.2160885334, "var": 475.67388916, "median": 25.0274982452}, "barkbands": {"dmean": [0.000183013966307, 0.0058848564513, 0.00338398478925, 0.00137107947376, 0.0030035241507, 0.000839187239762, 0.00191598932724, 0.00122203899082, 0.000351710099494, 0.000326298060827, 0.000194852225832, 0.00049231632147, 0.000326541485265, 0.000337239849614, 0.000247887248406, 0.000119170355902, 9.46009749896e-05, 0.000124534228235, 0.000130753207486, 9.5015289844e-05, 0.000145791898831, 8.31364159239e-05, 6.19282582193e-05, 0.000101803976577, 5.21072433912e-05, 1.27158746182e-05, 8.69811572102e-07], "dmean2": [0.00030230320408, 0.00990326423198, 0.00560683803633, 0.00239335442893, 0.0047651110217, 0.00137953308877, 0.00293314340524, 0.00190702022519, 0.000517546141054, 0.000490210484713, 0.000296699086903, 0.000722562836017, 0.000509039906319, 0.000548059877474, 0.00038940529339, 0.000178520902409, 0.000143175304402, 0.00019539972709, 0.000202979077585, 0.000139169293107, 0.000216341897612, 0.000128866246087, 9.26415596041e-05, 0.000156486508786, 8.0898469605e-05, 1.97635072254e-05, 1.36576807108e-06], "max": [0.00382978632115, 0.131725132465, 0.0585408434272, 0.0471148490906, 0.0741738975048, 0.0418994165957, 0.0982634052634, 0.0872627496719, 0.0225289650261, 0.0241439789534, 0.0145566677675, 0.0320070050657, 0.0210526660085, 0.0323150679469, 0.0322890914977, 0.0107957003638, 0.0130445547402, 0.0144082223997, 0.00892099644989, 0.0116218971089, 0.00762955471873, 0.00491460040212, 0.00547663168982, 0.00658891675994, 0.00341870333068, 0.00170295522548, 0.000123964229715], "dvar": [6.84529624095e-08, 9.30128444452e-05, 1.94989825104e-05, 7.33515753382e-06, 3.14163626172e-05, 2.98005261357e-06, 1.7950342226e-05, 1.07633104562e-05, 8.72632483606e-07, 7.68184520439e-07, 2.82337481394e-07, 1.59978856118e-06, 9.66833226812e-07, 2.08026222026e-06, 1.80940901373e-06, 2.74412059298e-07, 1.59075867145e-07, 2.91254082185e-07, 2.22927411642e-07, 1.21610852943e-07, 1.98798090878e-07, 6.95846793519e-08, 4.13080734063e-08, 1.19002066867e-07, 2.97994695586e-08, 2.62917576599e-09, 1.06224308863e-11], "mean": [0.000598546233959, 0.0139802712947, 0.00515088625252, 0.0018065283075, 0.0056137945503, 0.00131051603239, 0.00338043319061, 0.00198254548013, 0.000673861417454, 0.00100962375291, 0.000327116867993, 0.00136502156965, 0.000627842440736, 0.000449899584055, 0.000344332249369, 0.000171594176209, 0.00014003936667, 0.000176724453922, 0.000210074867937, 0.000146205988131, 0.000222465503612, 0.000113779737148, 8.49526768434e-05, 0.000133436842589, 6.44622414256e-05, 1.54403478518e-05, 9.80119580163e-07], "dvar2": [1.81798171184e-07, 0.000251969875535, 5.43443966308e-05, 2.05886753974e-05, 7.87625976955e-05, 7.41441226637e-06, 4.05118371418e-05, 2.46736144618e-05, 1.86865315754e-06, 1.61451043823e-06, 6.34276489109e-07, 3.48775620296e-06, 2.27273812925e-06, 5.43564738109e-06, 4.55463850813e-06, 6.04372132784e-07, 3.6741946019e-07, 7.65867355312e-07, 5.32770798145e-07, 2.63970889591e-07, 4.16537375258e-07, 1.62104996093e-07, 8.75861374539e-08, 2.87987688807e-07, 7.22540960396e-08, 6.24498674995e-09, 2.27144431736e-11], "min": [1.80484807848e-24, 1.37448136315e-24, 7.41199605657e-25, 6.58777150304e-25, 7.83444112929e-24, 8.26563328895e-24, 5.83219461157e-24, 7.94701868022e-24, 4.97330179062e-24, 1.48184728478e-23, 6.2101047391e-24, 2.19436933134e-23, 2.84851993077e-23, 3.59112550349e-23, 5.06434659428e-23, 7.03340746921e-23, 6.97843143719e-23, 5.87035260241e-23, 1.13433124217e-22, 1.59353222381e-22, 2.18154649199e-22, 2.99659379273e-22, 3.51563952969e-22, 4.70663294675e-22, 8.00074544056e-22, 1.13472852515e-21, 2.00716466157e-21], "var": [2.75934780802e-07, 0.000156950496603, 2.54013284575e-05, 6.37347829979e-06, 4.76033346786e-05, 3.89883462049e-06, 3.01743530144e-05, 1.58808925335e-05, 2.94668006973e-06, 4.19683055952e-06, 5.74225282435e-07, 8.94278582564e-06, 2.67006498689e-06, 2.24561267714e-06, 1.95663187696e-06, 4.18954641646e-07, 2.77068238574e-07, 3.78767168741e-07, 3.67189329609e-07, 2.62566146603e-07, 5.05067816903e-07, 1.20960933714e-07, 8.10973759258e-08, 1.64092170962e-07, 4.07816216352e-08, 3.51759887884e-09, 1.55994227952e-11], "median": [0.000473799387692, 0.0110199637711, 0.00383142754436, 0.00114526343532, 0.00340554886498, 0.000756376422942, 0.00163608789444, 0.000695284688845, 0.000131080465508, 0.000201374408789, 8.5897903773e-05, 0.000111555862532, 0.000102653611975, 5.73779143451e-05, 4.98872832395e-05, 4.11847904616e-05, 2.31410758715e-05, 2.90593161481e-05, 2.82584751403e-05, 1.44241039379e-05, 1.33458615892e-05, 6.82963309373e-06, 6.02975615038e-06, 6.70968438499e-06, 3.27223278873e-06, 8.7628137635e-07, 2.1044014531e-08]}, "melbands_kurtosis": {"dmean": 8.52544403076, "dmean2": 13.3270349503, "max": 333.766174316, "dvar": 250.695556641, "mean": 15.8790302277, "dvar2": 630.234863281, "min": -1.60191333294, "var": 442.005859375, "median": 9.33831596375}, "erbbands_crest": {"dmean": 2.55576682091, "dmean2": 4.08167791367, "max": 31.6688804626, "dvar": 6.7746720314, "mean": 11.1107368469, "dvar2": 15.804224968, "min": 2.15379190445, "var": 25.3700695038, "median": 10.0046710968}, "melbands_skewness": {"dmean": 0.79129242897, "dmean2": 1.20036411285, "max": 13.6824865341, "dvar": 0.803536176682, "mean": 2.7254576683, "dvar2": 1.83570373058, "min": -1.41108810902, "var": 2.97574329376, "median": 2.50331068039}, "spectral_energyband_middle_low": {"dmean": 0.0056910738349, "dmean2": 0.00890309177339, "max": 0.130569204688, "dvar": 8.33344165585e-05, "mean": 0.0149595737457, "dvar2": 0.00019978871569, "min": 1.46416799682e-22, "var": 0.000151177548105, "median": 0.0124352639541}, "spectral_contrast_coeffs": {"dmean": [0.0453333631158, 0.0439107641578, 0.0349025838077, 0.0308911781758, 0.0267770495266, 0.0218978282064], "dmean2": [0.0747548341751, 0.0716909840703, 0.0548309981823, 0.0479872599244, 0.040640283376, 0.0318129770458], "max": [-0.385282754898, -0.365285933018, -0.451971143484, -0.499887615442, -0.574552118778, -0.615071952343], "dvar": [0.00149268878158, 0.00139321142342, 0.000902710773516, 0.000703774567228, 0.000554926635232, 0.0003919689334], "mean": [-0.677062213421, -0.700583457947, -0.746763885021, -0.765630245209, -0.780856370926, -0.786243259907], "dvar2": [0.00404725596309, 0.00358333205804, 0.0020677682478, 0.00157397787552, 0.00117754074745, 0.000767940655351], "min": [-0.982428789139, -0.980711519718, -0.985350728035, -0.977720141411, -0.968745648861, -0.964223086834], "var": [0.00510500604287, 0.00625778036192, 0.00747056817636, 0.00445492984727, 0.00336999702267, 0.00247529824264], "median": [-0.678596317768, -0.699714720249, -0.755829453468, -0.771824240685, -0.787919402122, -0.788231730461]}, "spectral_contrast_valleys": {"dmean": [0.311810344458, 0.308959931135, 0.335997581482, 0.345855236053, 0.416854351759, 0.477304965258], "dmean2": [0.522351622581, 0.498616397381, 0.514174520969, 0.502047181129, 0.54428768158, 0.599670112133], "max": [-5.08612775803, -4.81232070923, -5.18998575211, -5.02179098129, -5.15525436401, -7.48796510696], "dvar": [0.0878711715341, 0.095835313201, 0.109958447516, 0.13031694293, 0.194186091423, 0.256636112928], "mean": [-6.79075527191, -6.92121934891, -7.96853399277, -8.52742290497, -8.82412147522, -11.1158037186], "dvar2": [0.19028455019, 0.193865925074, 0.207562580705, 0.229480162263, 0.289298832417, 0.377554804087], "min": [-28.2036361694, -28.0777320862, -27.7570419312, -27.7211399078, -27.5475311279, -27.4096069336], "var": [5.98966264725, 5.67536592484, 5.40374517441, 5.20494890213, 5.59964799881, 5.07721233368], "median": [-6.32214021683, -6.54216384888, -7.69283103943, -8.23799610138, -8.59209823608, -10.9524774551]}, "silence_rate_20dB": {"dmean": 0, "dmean2": 0, "max": 1, "dvar": 0, "mean": 1, "dvar2": 0, "min": 1, "var": 0, "median": 1}, "silence_rate_30dB": {"dmean": 0.0047846888192, "dmean2": 0.00957058276981, "max": 1, "dvar": 0.00476179178804, "mean": 0.997356176376, "dvar2": 0.0137605294585, "min": 0, "var": 0.00263702915981, "median": 1}, "spectral_strongpeak": {"dmean": 0.430943876505, "dmean2": 0.751781046391, "max": 7.74179315567, "dvar": 0.620904684067, "mean": 0.714870452881, "dvar2": 1.62131381035, "min": 0, "var": 0.940072238445, "median": 0.390555232763}, "spectral_spread": {"dmean": 794344.5, "dmean2": 1089917.375, "max": 45603824, "dvar": 1104949280770.0, "mean": 4237386.5, "dvar2": 1993115697150.0, "min": 429596.15625, "var": 18661460934700.0, "median": 3373546.5}, "barkbands_flatness_db": {"dmean": 0.0290133915842, "dmean2": 0.0404371619225, "max": 0.50738042593, "dvar": 0.000793624843936, "mean": 0.206758350134, "dvar2": 0.00140382174868, "min": 0.0368878915906, "var": 0.00503548327833, "median": 0.205342262983}, "pitch_salience": {"dmean": 0.0734043940902, "dmean2": 0.119857318699, "max": 0.931013822556, "dvar": 0.00463361199945, "mean": 0.528451561928, "dvar2": 0.0116466525942, "min": 0.0945873260498, "var": 0.0139139695093, "median": 0.531571030617}, "erbbands_kurtosis": {"dmean": 1.32554614544, "dmean2": 2.11939406395, "max": 46.1719017029, "dvar": 3.84788155556, "mean": 1.48583292961, "dvar2": 9.53910446167, "min": -1.77283096313, "var": 7.50666618347, "median": 0.805376529694}, "average_loudness": 0.959573566914, "barkbands_crest": {"dmean": 2.39265751839, "dmean2": 3.8686234951, "max": 25.087064743, "dvar": 5.53626346588, "mean": 11.1698102951, "dvar2": 13.7976360321, "min": 2.16953778267, "var": 16.9577236176, "median": 10.3927440643}, "hfc": {"dmean": 6.38896656036, "dmean2": 9.27125358582, "max": 222.802185059, "dvar": 180.490219116, "mean": 18.4866981506, "dvar2": 401.824737549, "min": 1.07956268187e-16, "var": 437.02053833, "median": 12.5319223404}, "barkbands_kurtosis": {"dmean": 3.7464158535, "dmean2": 5.92306137085, "max": 169.145187378, "dvar": 45.6563034058, "mean": 6.27657985687, "dvar2": 114.311164856, "min": -1.91846013069, "var": 78.3938827515, "median": 3.69144964218}, "erbbands": {"dmean": [0.137497514486, 1.51932060719, 3.95967626572, 3.87167096138, 7.74634981155, 10.069319725, 7.60125494003, 7.65698575974, 20.2699661255, 33.8203620911, 19.1287822723, 8.72484874725, 6.90707159042, 10.3631763458, 11.3711624146, 18.1300144196, 14.5188674927, 16.1020030975, 16.3091907501, 8.34746742249, 6.32605218887, 5.26207542419, 6.18413209915, 6.74311065674, 6.17891073227, 4.5752954483, 5.66590118408, 5.64668512344, 3.21027064323, 1.89416396618, 1.83406865597, 1.70724010468, 1.92032253742, 0.82245016098, 0.255401074886, 0.0832326561213, 0.0176102332771, 0.00249925907701, 0.000157262227731, 1.55553971126e-05], "dmean2": [0.224000796676, 2.53503870964, 6.52515029907, 6.5794262886, 12.6112985611, 16.0744590759, 12.5031671524, 12.3748731613, 31.680480957, 51.9691162109, 29.802734375, 12.8065404892, 9.9882106781, 15.8019800186, 16.628818512, 26.5645771027, 21.9189281464, 25.5776042938, 25.7822246552, 12.6492862701, 9.43766593933, 7.93303537369, 9.64768123627, 10.6958990097, 9.26044368744, 6.64837551117, 8.38328742981, 8.64240264893, 4.98417377472, 2.80805683136, 2.75258398056, 2.57605004311, 3.00181746483, 1.26633667946, 0.399024039507, 0.131502211094, 0.0270743779838, 0.00383416842669, 0.000245848670602, 2.47109801421e-05], "max": [3.81732916832, 29.9209632874, 60.5387191772, 88.1952209473, 182.106643677, 293.2109375, 323.69052124, 494.692657471, 675.695861816, 2429.75927734, 833.893127441, 643.22277832, 608.512268066, 948.256652832, 648.381896973, 1150.80908203, 909.079833984, 1413.96960449, 1987.10375977, 931.204101562, 585.519348145, 677.428833008, 787.627075195, 578.375427246, 419.512084961, 590.261901855, 432.347381592, 341.860809326, 194.774627686, 194.52911377, 166.762573242, 137.903289795, 144.898452759, 48.6201515198, 30.4183044434, 9.86203956604, 2.70225739479, 0.395200788975, 0.0191683582962, 0.000479079142679], "dvar": [0.0587304458022, 5.74967288971, 25.0248661041, 40.2828292847, 221.732589722, 393.377655029, 296.898620605, 253.380477905, 1276.35766602, 10383.3818359, 1815.32629395, 582.056762695, 347.293945312, 967.066894531, 736.921203613, 2207.64086914, 1786.52563477, 3904.16259766, 7274.71923828, 1530.51757812, 696.887634277, 492.822845459, 751.188232422, 804.262145996, 456.348022461, 249.358062744, 328.846832275, 318.983917236, 109.220619202, 40.4115905762, 34.3935890198, 31.8724822998, 46.2079048157, 7.44656324387, 0.910721123219, 0.108192920685, 0.00529757374898, 0.000103692240373, 3.04702922449e-07, 4.86627071972e-10], "mean": [0.338207155466, 3.3191652298, 6.61736869812, 6.25082921982, 13.6986112595, 18.5164642334, 11.0651111603, 13.2906923294, 40.5845565796, 51.9136657715, 35.2714004517, 17.5062103271, 17.620016098, 33.2384796143, 28.7064151764, 51.419467926, 32.2910766602, 23.9082298279, 22.8700447083, 11.6909122467, 9.55163860321, 7.96617650986, 9.06279277802, 10.823184967, 9.8950843811, 7.25354480743, 8.43953132629, 8.45477771759, 4.4376745224, 2.64825868607, 2.45420598984, 2.27610397339, 2.42672133446, 1.02334678173, 0.310354232788, 0.0995402112603, 0.0219171717763, 0.0030066804029, 0.000197728004423, 5.09836281708e-05], "dvar2": [0.159586325288, 15.7255620956, 69.0270233154, 110.319015503, 590.733581543, 991.605895996, 730.707824707, 627.056518555, 3042.21264648, 22965.4941406, 4274.97607422, 1233.22937012, 742.062255859, 1992.22668457, 1586.1081543, 4796.2734375, 3970.96069336, 10072.3212891, 18838.3964844, 3602.19995117, 1494.4095459, 1113.5324707, 1924.80761719, 2106.80981445, 1005.2557373, 526.676574707, 697.319580078, 706.80078125, 251.019592285, 86.4928512573, 74.8670501709, 73.0192871094, 114.975860596, 18.0900497437, 2.24361276627, 0.264042794704, 0.0122317224741, 0.000223528957576, 6.47441424917e-07, 1.18742382593e-09], "min": [4.24867104471e-23, 3.1356499017e-22, 8.65577767093e-22, 3.38607454075e-21, 7.60331898258e-21, 3.06099898198e-20, 4.89625362105e-20, 7.42937760161e-20, 7.33549066338e-20, 1.74596798828e-19, 2.73020422051e-19, 2.71358486954e-19, 5.24367419584e-19, 6.06415206049e-19, 6.67659658603e-19, 1.06937764834e-18, 1.46211535176e-18, 1.89259255024e-18, 2.5897790412e-18, 3.35607936746e-18, 3.61357324752e-18, 4.1314089905e-18, 4.6290669032e-18, 4.72718499951e-18, 7.03867504684e-18, 8.00320651856e-18, 1.04186309827e-17, 1.0250931694e-17, 9.86309317457e-18, 1.1706416366e-17, 9.51541096514e-18, 9.24670051597e-18, 8.02782920386e-18, 7.30220072793e-18, 6.22088334783e-18, 4.18993822269e-18, 2.41931862365e-18, 9.86158315636e-19, 2.32970353044e-19, 2.71369395398e-20], "var": [0.0886090621352, 9.96762466431, 35.6124343872, 43.5567550659, 307.046722412, 560.681152344, 343.579589844, 351.161651611, 2791.89208984, 14366.0791016, 3480.72192383, 1811.32312012, 1382.515625, 5689.35595703, 2532.9362793, 12379.1074219, 6307.69384766, 4910.34277344, 7262.02978516, 1819.58825684, 1171.23547363, 908.467529297, 1035.70507812, 1130.84851074, 877.07611084, 576.845153809, 795.803283691, 699.349853516, 190.927368164, 79.3307800293, 64.6119918823, 50.9275474548, 57.6489295959, 10.1385736465, 1.15403735638, 0.138321146369, 0.00751656340435, 0.0001513439056, 4.57761530015e-07, 1.13287623726e-09], "median": [0.282343268394, 2.53377556801, 5.11162090302, 4.74634790421, 8.12042331696, 10.6599330902, 5.92755699158, 8.50645256042, 21.8358306885, 19.3063793182, 12.6714658737, 4.83373308182, 5.07267045975, 5.20197582245, 7.30899715424, 4.82207012177, 6.59380435944, 3.8897151947, 3.04486227036, 3.03766751289, 2.39384889603, 1.35330355167, 1.48080837727, 1.86745178699, 1.37624228001, 0.828337073326, 0.596973359585, 0.461007744074, 0.241750851274, 0.170183137059, 0.180429264903, 0.128386989236, 0.106941215694, 0.0459960848093, 0.0168417282403, 0.00554387690499, 0.00127608701587, 0.000153473913088, 2.56911644101e-05, 4.69619953947e-05]}, "spectral_energy": {"dmean": 0.0109934750944, "dmean2": 0.0179034359753, "max": 0.152484297752, "dvar": 0.000173165943124, "mean": 0.040101327002, "dvar2": 0.000454374385299, "min": 9.85704445511e-21, "var": 0.00045027435408, "median": 0.0400606505573}, "zerocrossingrate": {"dmean": 0.00849174056202, "dmean2": 0.00982090365142, "max": 0.525390625, "dvar": 0.000181648807484, "mean": 0.0410091690719, "dvar2": 0.000210411642911, "min": 0.0029296875, "var": 0.00334366271272, "median": 0.02685546875}, "spectral_energyband_high": {"dmean": 0.000