{"metadata": {"audio_properties": {"downmix": "mix", "bit_rate": 160020, "lossless": false, "md5_encoded": "3aa3ad5f2fa5bb821e6f99898471861b", "analysis_sample_rate": 44100, "sample_rate": 44100, "replay_gain": -14.5999164581, "equal_loudness": 0, "codec": "mp3", "length": 207.28163147}, "tags": {"date": ["2009"], "bpm": ["0"], "musicbrainz_recordingid": ["76cec761-b660-4f4b-b326-db54ec881323"], "musicbrainz_artistid": ["48e352e5-bedb-437d-b6ce-376711bc2f4c"], "acoustid_id": ["44dbc5c6-33e7-4ab8-a5c4-dde932ad5676"], "encoding": ["Lavf56.36.100"], "album": ["The Album"], "artist": ["Bad Boy Bill"], "title": ["Do What U Like"], "discnumber": ["0/0"], "artistsort": ["Bad Boy Bill"], "acoustid_fingerprint": ["AQADtEmSRJISJUqSZPjhAzrcH4fYCkf64OB7_Dj8lDhOXPpx9A-Os-gnIVlk5DH-oHKOk4B_bNGRHzo7Iv5cPBFL_EiPylmPrxU0OROa_dg5D6ce9Ief4YdWHlUPqy_y5PjuwKOO1xvKh7gSfMvRE2FEEfp4Iu6FnvDzwB_yzhgNbR5-_Bq08hNy7vBDo56CXLrQiD60JdWF-UI4Hs0X9DSuTYh_4vATVDt-hD8aHcd5PAiP5tAf5Ef1w8cFjzxyOOKxQdFElCd8hD_OGJ8-tKPQPEYu4w2kJMeFgzKPw7AkQXeQo8EfnEfho8-RH9oepPjh4y78IdqPo-1uaD8U5Q_0HUdF2JoalHJwlE2YI0uu48sVZOFywTp-_IfILC9K7egPPzyeY1vG4OooNEkZBi8LjQwaWigZpC4uLThxddkw7UUTHeGZ4yekiDrsC49y-McfiE-0iDB_VNKIRx96pmh2nEvA3fiaoCpE5thd5EftI5eihHhyOGZ4zGMoNFx2aGwUTNeRbj32aEH-4yWe_PC_QEoflLIxj4cufLnxH6eRo9R2PNHxo7kxdcyRHzxOKhe0HxtjqTjhHuZRVTkxLTya6AmHJ7EGLXyCM0cYN8ZlnKguElaYgZE4H__wy4hkEbH2CXm24zyOZ0PJ5fgiCl-qo8d2xmhHSM_wB_lyTZiShQpOwhWJHynlolIxRX1Qae6gNVNIbCNzXJmOxo2DWRq-DCW7wlEX4j3KPIN0aBa-EKuijMVMiC_yB815XEmo45EUGT08D1n-QEd0tbiUrPgro5QSNYIb9MGfY1qfIY2z40kYHVqWqMYbGf3xH32iC0-OMzucB2d0QX-IS9mRcSl6XRGaMXgbDW-PK_twNcIj8ai8oNmDj_HxI7uEbocYZcX3EenxxkjXoNpThEvfoImWJcSPhlmUCX0-hKlTtEqiQ9cRJuKCp2vgP3iUHNsUD-EOVflwZgitDz-ulghJKcNjaHmOULeCP9iJK1GM7wK_F-mD5OPxH--modYXVEyyhHjOgbpU482F5EeuSNiLJ-IT4z8cM8V_7BFeJUeyMCkHZlNmaNMH8fPQhRfuVMXDKBe0jsSZKB1ScTpKKUuP_3iGktMkUOqD0gilREeyNMaJ6hSaycGlZDyaiNIRPhL6LPAVEuJoDv1xBf1xH28WwuGhKydy8fAtXIdf4QcVnoSpIxmlLJGQ62BWH03E4pl-nE9QNT8atStxIflDhBkz4cuQbkUbB5V6NMnUDF9eNFyWQ2MVNM_RF9cU_EflLIPVGfTRy0OtY6Om4xrSmOiJxzgffEkz49Fy3EvQ_IhEHl8O_oOmsMnRZBWLHz0zE3aP57gOeasyVJp31D0aHjrR1DFKhUdL4rjIKHiag_pRrRsq6fB2KI8OqxHxF_nzoJRIPFmMVTERvvDR5_gMcq7wiQ-09Ljy4jAluMbVZYI1saj0RBpaJcqhZQ_67Gi25ng0PMtR8hOcL3g__BGkG3IzPLhvTNJxPrijLETY40owStFxNMO3ZEPG9vhTaA5SHjsvXNinI3-K_2hUhnjLomGUpSgZ5UbtOIaWjcGjDH1xdsPVIVWPPwpY-Ui3w1LwF-qR7iE81OrwxHgcNB9Kr-CLZEckKikeXsM1PdiDphym57iPP8UpIZRyTNRmvNKhHsfN4CtaXqC6B_dRZvTwTDn0o-nYKOiRM1nQRjueYks0vTiPiw0xzRxysoe05cEvEc2W4M6N64d-gRQqaYmPxpFrJLN44cGPJtuDUpeCo2KSREeiC-GDZjem5wm-MZfQHPVxJ8a9H22FKf_wp3j05uB-GPkvTIEiC802oT8uIbqY48F_NHci_EWTFrvhXMFzBXm4J0WibRneBVd77A_cdzjG49LRUE0TlPJxuE6FTzweP8CPMHHooNaE93gFx4yPJ_jxo_KhpSPYhRZ-lEdLDl8SvTh14GXwrJHQH9SkHKOhh0RO-EPZo4ffo6qGex_-oHGNUD6wo4nlCVOladDDG9-HWt2R5oOpoD5KMkeujNCHjxmaOFgfomryouEYQ2cUoQ_ETcMjKcaJfpmG6oQVElJaRdFQG_ahx8dV_PjDIeWPUspiPOHRZ4KVD1k6JniONc9x5YWYCz_ax4KucjicLyO6MhzGMkKbfYKWM8eloNlRJ0e7HDo7_BOeBj4JHXQIUz2uwH9w6CeDUhouIhezoVHQHmyXIL-InTOa6IdWtcKXo29G6Ph4OOcwjWGy4X4hMlNyfMdFaDFltFGIHyUZBYeVHlrHDIyNQ4_wOAXShwzMEaWMS9qEWoV3hK0CtjuePLgJRdJ6NA8VtJOgNyuuYdyYLRC1fajMoFVSFZ6co8-O2oc3H3oU4uTwZMMPUeHxD6wObzlEbSq-I39Y-JrhH3WSKHjEB61VUDrypTiU7jb64jv6ENtY42O44U3gjCO6SCxxrRlaPmj2IM_RvEe5IM8W_Cz-BY0OjeTwB1kOMw0ewpNywhfOOEKz41HxJfjEoEGfHVlZXM8xMj208Eafo4_E4ocij0e1Glo0McRbabhyNEdoH7nCdMWFlil8SHlyXCX0HVOoUOiZHZeOUzY0XSOsEz_SKrHwHT_S6D5-rFpyVAL_LXjR5c7R5HgR_sf5II2PX58gpuaCdhfy42jeED2OXcqDnOeCQznyG80TVNKxo0-0GlP0Dwfz0PDJw5F8pFRQajtyfMMz3MP14DpxGm2o9HBetEuE5EGeHs-PKfEjXJlhh8EVDCfyA3myXPCWPbgOZxQLwgkACXAOCCQBAGYgwohkCjFhFIAAEBKAEQQAQoQBhBCAEAACIYGAUUIoAQwRCBAHBAESAOAQIhAAgpgzDFhyjFQKAkCAQg5QpiBBihBkhEFkAEkqMAgpwYyQQgCgDBBACUMYBQcIgAQGgBAgjLCAKAQUMYAgIQwQyggDBAEAICKoEQIphQwBihBhAGDAEMAIEAAQAwgEVjmjBDEMEAYEUMwJIYACBBEjiEGEEOIIodQIIBQgwABgoRIMKSMQYAQBghABBhPFBTBEAAOIQIYohgADgEACGBECECGAYQIJI4AAhHjpCBEKAKYEEIQJQQxijBClERHGCEIBIYABZgggRgCDiIDAGAKIEIIhTIQQBAlBADAEMESoEsIoIZRAAgEhrBAGKAiFoYA5xgwgxAAFhHKACIQAIEYAzgAglBIEhABIGKMAAxAIYxwgxggARRAAWO2AIAIQoRgVygADELBAOCEAMAwIIAgRQCHBCAMCGQYAIMgASAwBAAAgjCCAGECEA2QoYw03ggAiLKCCUqeAZ4IQBRxwBmkBEGEACOEUQQAIogAQlDhkhCJKCAIEEgAQIBARQgBACGAIMOEYMEIhIAQjABAEkAEMEAZBEQYIopARCinKDFWEGEAEQwYZQowAQChCgEZCAACkMMAQAJQhBApBHBFEAIOEcswIQghhBAgKAAAEIASAEUASBAAVQhkAgCCEEYAMAEAABxBTQCjBkBKAAiSQQQIIAIAgDAhiBEQGAUKQMMAyCgDQiiBghDIAECIAcAZAJQgThgghhBAOUACkUAApAQiCCEFChCCIAAM4cYgRwRgCAADgGCFCASGAEAIyoKgBQjhCgDFSGEEGQAhIUR1xhjBCoGLCAYQQWVAIwww"], "tracknumber": ["1/0"], "file_name": "Bad Boy Bill - Do What U Like.mp3"}, "version": {"essentia_build_sha": "70f2e5ece6736b2c40cc944ad0e695b16b925413", "essentia_git_sha": "v2.1_beta2", "extractor": "music 1.0", "essentia": "2.1-beta2"}}, "tonal": {"chords_scale": "major", "hpcp": {"dmean": [0.210205823183, 0.209068715572, 0.168484792113, 0.165132939816, 0.16260188818, 0.145335093141, 0.126336738467, 0.115106113255, 0.125821039081, 0.166221782565, 0.168043538928, 0.126592069864, 0.0992561206222, 0.0797853916883, 0.0683838948607, 0.0772563144565, 0.0840478688478, 0.0839353576303, 0.111426874995, 0.125128135085, 0.112025737762, 0.119878448546, 0.115608885884, 0.161948442459, 0.240148842335, 0.167410939932, 0.0904131755233, 0.0809674113989, 0.0732122585177, 0.0870303660631, 0.146583989263, 0.163317203522, 0.160796046257, 0.175713211298, 0.179805502295, 0.194435328245], "dvar2": [0.207749977708, 0.22048266232, 0.15945930779, 0.152745738626, 0.132531866431, 0.135704889894, 0.129203855991, 0.125621646643, 0.127061203122, 0.14637093246, 0.144078284502, 0.10815461725, 0.0873906165361, 0.0682287439704, 0.0497389622033, 0.0485147498548, 0.0606516189873, 0.0639997944236, 0.0866992101073, 0.102234438062, 0.089187130332, 0.121781222522, 0.118816368282, 0.116362176836, 0.253182947636, 0.105703890324, 0.0634099245071, 0.072854295373, 0.0666934773326, 0.0664621442556, 0.134147956967, 0.16460557282, 0.173142805696, 0.189383357763, 0.178136467934, 0.191100016236], "mean": [0.212383240461, 0.20362688601, 0.149370059371, 0.183804139495, 0.20253905654, 0.145454481244, 0.108804069459, 0.097956366837, 0.110422208905, 0.207890629768, 0.233153417706, 0.141471847892, 0.102323807776, 0.0852202177048, 0.0740581154823, 0.0978300124407, 0.0993184149265, 0.0870195105672, 0.129676133394, 0.150294333696, 0.115472145379, 0.119050733745, 0.11978148669, 0.162150084972, 0.258777052164, 0.208183139563, 0.103949531913, 0.0751369073987, 0.0637146681547, 0.0862998366356, 0.162450745702, 0.181241124868, 0.140376284719, 0.161307558417, 0.186258152127, 0.178891628981], "var": [0.0917749851942, 0.0924976915121, 0.052800193429, 0.0737858265638, 0.0838003605604, 0.0496724657714, 0.0377152040601, 0.0341752544045, 0.0370808728039, 0.0862032845616, 0.103943251073, 0.04193707183, 0.034881900996, 0.026108790189, 0.0185043103993, 0.0307063590735, 0.0315319225192, 0.0233191531152, 0.0443118587136, 0.0663321688771, 0.0397280305624, 0.0449289679527, 0.0503692701459, 0.0463348850608, 0.117052771151, 0.0691019818187, 0.0275660194457, 0.0214692763984, 0.0175671409816, 0.0240359473974, 0.0633948221803, 0.0766711235046, 0.0528190247715, 0.0670846328139, 0.0853999853134, 0.0682054758072], "dmean2": [0.374018222094, 0.379140585661, 0.307474255562, 0.288076817989, 0.278453528881, 0.256119400263, 0.231370672584, 0.212065815926, 0.229655832052, 0.291992038488, 0.290540575981, 0.224725842476, 0.178268656135, 0.14242336154, 0.121021859348, 0.131141766906, 0.143726542592, 0.147230550647, 0.188203111291, 0.20854370296, 0.189688280225, 0.216378584504, 0.209659531713, 0.29457244277, 0.433270931244, 0.295475721359, 0.156618893147, 0.148035243154, 0.134337633848, 0.152860149741, 0.255540966988, 0.290378689766, 0.292309015989, 0.319067269564, 0.32383069396, 0.349632889032], "dvar": [0.0815346613526, 0.0842565670609, 0.0573862940073, 0.058951318264, 0.0553032532334, 0.0501166656613, 0.0460688918829, 0.0446669869125, 0.0458833314478, 0.0566581264138, 0.0597965605557, 0.0390080660582, 0.0315820649266, 0.024316098541, 0.0178210139275, 0.0190901327878, 0.0235135853291, 0.0232335682958, 0.0343905203044, 0.0470031052828, 0.0362230651081, 0.0447364524007, 0.044544428587, 0.0458351001143, 0.102243132889, 0.0452279411256, 0.0233765784651, 0.0245001278818, 0.02256106399, 0.0244005359709, 0.0526588670909, 0.0640072748065, 0.0626905336976, 0.0696557164192, 0.0709356591105, 0.0709523558617], "min": [0, 0, 0, 0, 0, 0, 0, 0, 0, 0, 0, 0, 0, 0, 0, 0, 0, 0, 0, 0, 0, 0, 0, 0, 0, 0, 0, 0, 0, 0, 0, 0, 0, 0, 0, 0], "median": [0.055789411068, 0.045965641737, 0.0403562672436, 0.048185069114, 0.0544221736491, 0.0431806445122, 0.0255683772266, 0.0226056016982, 0.0275222808123, 0.0546211265028, 0.0612218379974, 0.0486799180508, 0.0257134865969, 0.0219940599054, 0.0199751537293, 0.0289573930204, 0.027268383652, 0.0260443780571, 0.0324257984757, 0.0326937139034, 0.0254904665053, 0.024866046384, 0.0246914345771, 0.0444994159043, 0.0672376006842, 0.0749060362577, 0.029517184943, 0.016706071794, 0.0123333055526, 0.0214376021177, 0.0432690270245, 0.0498238801956, 0.0359195508063, 0.033165127039, 0.0371309965849, 0.0551451742649], "max": [1, 1, 1, 1, 1, 1, 1, 1, 1, 1, 1, 1, 1, 1, 1, 1, 1, 1, 1, 1, 1, 1, 1, 1, 1, 1, 1, 1, 1, 1, 1, 1, 1, 1, 1, 1]}, "tuning_equal_tempered_deviation": 0.207103267312, "chords_key": "F", "chords_strength": {"dmean": 0.0143870590255, "dvar2": 0.000181876443094, "mean": 0.456457704306, "var": 0.00941735971719, "dmean2": 0.016215344891, "dvar": 0.000128718456835, "min": 0.174556747079, "median": 0.453288853168, "max": 0.812354326248}, "tuning_diatonic_strength": 0.493692725897, "thpcp": [1, 0.804488420486, 0.401695311069, 0.290353834629, 0.246214523911, 0.33349108696, 0.627763330936, 0.700375556946, 0.54246032238, 0.623345673084, 0.719763040543, 0.691296339035, 0.820719003677, 0.786881566048, 0.577215254307, 0.710279881954, 0.782677829266, 0.562084138393, 0.420454859734, 0.378535747528, 0.42670789361, 0.803358078003, 0.900981783867, 0.546693921089, 0.39541298151, 0.329319059849, 0.286185026169, 0.378047466278, 0.383799165487, 0.336272120476, 0.501111388206, 0.580786943436, 0.446222513914, 0.460051357746, 0.462875217199, 0.626601457596], "chords_histogram": [18.701007843, 5.66629362106, 9.07054901123, 0.0223964173347, 0, 0, 0, 0, 2.19484877586, 0.985442340374, 0.761478185654, 0, 0, 0.0447928346694, 0, 9.78723430634, 1.38857781887, 15.0279951096, 12.6987686157, 6.31578969955, 1.18701004982, 3.51623749733, 9.60806274414, 3.02351617813], "tuning_nontempered_energy_ratio": 0.904493033886, "tuning_frequency": 434.193115234, "key_strength": 0.580088734627, "chords_changes_rate": 0.10862261802, "key_scale": "major", "hpcp_entropy": {"dmean": 0.737870037556, "dvar2": 1.09211432934, "mean": 2.22161483765, "var": 0.679970562458, "dmean2": 1.25641465187, "dvar": 0.406663835049, "min": 0, "median": 2.19369697571, "max": 4.61447095871}, "key_key": "F", "chords_number_rate": 0.00291153416038}, "lowlevel": {"melbands_skewness": {"dmean": 1.04358720779, "dvar2": 3.60697340965, "mean": 3.17638492584, "var": 5.92231893539, "dmean2": 1.64224636555, "dvar": 1.47895121574, "min": -3.57623434067, "median": 2.62554216385, "max": 15.7551183701}, "melbands_kurtosis": {"dmean": 12.5993118286, "dvar2": 1262.68701172, "mean": 20.0835456848, "var": 1137.39770508, "dmean2": 20.2343921661, "dvar": 523.643981934, "min": -1.8463408947, "median": 8.22463798523, "max": 370.261413574}, "barkbands_kurtosis": {"dmean": 4.85637140274, "dvar2": 232.683837891, "mean": 6.00908088684, "var": 206.376953125, "dmean2": 7.71514558792, "dvar": 102.791671753, "min": -1.96583354473, "median": 1.26315808296, "max": 279.902404785}, "hfc": {"dmean": 17.2063674927, "dvar2": 2577.15991211, "mean": 30.1667995453, "var": 1658.71838379, "dmean2": 26.8185749054, "dvar": 1069.69128418, "min": 1.202156672e-16, "median": 16.8013267517, "max": 373.984283447}, "silence_rate_20dB": {"dmean": 0, "dvar2": 0, "mean": 1, "var": 0, "dmean2": 0, "dvar": 0, "min": 1, "median": 1, "max": 1}, "erbbands_flatness_db": {"dmean": 0.0175698064268, "dvar2": 0.000683249032591, "mean": 0.143037751317, "var": 0.00503378361464, "dmean2": 0.024857416749, "dvar": 0.000375275616534, "min": 0.0449716486037, "median": 0.121502958238, "max": 0.424626410007}, "spectral_flux": {"dmean": 0.0354633666575, "dvar2": 0.0032366248779, "mean": 0.0975353345275, "var": 0.00406859489158, "dmean2": 0.0537813082337, "dvar": 0.00150352774654, "min": 1.03221160785e-10, "median": 0.0851268321276, "max": 0.375001490116}, "spectral_energyband_low": {"dmean": 0.012023743242, "dvar2": 0.000949611188844, "mean": 0.0197086501867, "var": 0.000626279448625, "dmean2": 0.0199729576707, "dvar": 0.000361069454812, "min": 9.32311916065e-23, "median": 0.012287504971, "max": 0.163982987404}, "spectral_rolloff": {"dmean": 920.997375488, "dvar2": 5251319, "mean": 1906.56384277, "var": 4667182, "dmean2": 1536.47924805, "dvar": 2448714.25, "min": 64.599609375, "median": 1378.125, "max": 19164.5507812}, "spectral_entropy": {"dmean": 0.178101152182, "dvar2": 0.0720642581582, "mean": 7.82349348068, "var": 0.22856771946, "dmean2": 0.250618487597, "dvar": 0.0391240529716, "min": 5.1537976265, "median": 7.91012954712, "max": 9.78362178802}, "spectral_energy": {"dmean": 0.0147150829434, "dvar2": 0.000935331219807, "mean": 0.0343756973743, "var": 0.000830317789223, "dmean2": 0.0238052960485, "dvar": 0.000391666311771, "min": 1.06546081243e-20, "median": 0.0266601778567, "max": 0.167770639062}, "spectral_centroid": {"dmean": 326.354034424, "dvar2": 350997.25, "mean": 1746.66186523, "var": 597320.75, "dmean2": 500.240753174, "dvar": 171647.265625, "min": 249.762329102, "median": 1700.23461914, "max": 11293.8330078}, "barkbands_flatness_db": {"dmean": 0.0299710277468, "dvar2": 0.00187611731235, "mean": 0.128901913762, "var": 0.00405642995611, "dmean2": 0.0452366024256, "dvar": 0.000810169382021, "min": 0.0138146225363, "median": 0.11775675416, "max": 0.385010153055}, "spectral_rms": {"dmean": 0.00111579918303, "dvar2": 3.84053191738e-06, "mean": 0.00528718298301, "var": 5.5831192185e-06, "dmean2": 0.00177911459468, "dvar": 1.64296909588e-06, "min": 3.22408744667e-12, "median": 0.00509999319911, "max": 0.0127936964855}, "melbands": {"dmean": [0.00304702739231, 0.00176369014662, 0.000820039596874, 0.00030313199386, 0.000210199883441, 0.000196647131816, 0.00015292718308, 0.000115777555038, 6.35256947135e-05, 5.60397820664e-05, 5.98343103775e-05, 4.2081635911e-05, 5.50503827981e-05, 5.29826938873e-05, 5.7753521105e-05, 5.13114973728e-05, 3.69437075278e-05, 2.95838472084e-05, 2.21357749979e-05, 2.46312010859e-05, 2.26302690862e-05, 1.72041800397e-05, 1.17822482935e-05, 1.02300900835e-05, 1.13865608e-05, 1.14986933113e-05, 7.31390309738e-06, 7.54859411245e-06, 7.8953908087e-06, 6.65723109705e-06, 6.74440616422e-06, 5.67768483961e-06, 4.92808521813e-06, 4.07618244935e-06, 3.88118724004e-06, 3.5568120893e-06, 2.99747262034e-06, 2.7804057936e-06, 3.45099556398e-06, 3.45535090673e-06], "dvar2": [5.90782874497e-05, 4.9397454859e-05, 1.49738052642e-05, 1.5287325823e-06, 6.53606491596e-07, 6.22719255716e-07, 2.82186618961e-07, 2.19979568783e-07, 4.32478834966e-08, 3.81813478612e-08, 4.79607500381e-08, 2.67145328081e-08, 4.74583075061e-08, 7.15793291306e-08, 5.32918242868e-08, 4.62963072323e-08, 2.02727452603e-08, 1.58767754499e-08, 4.89624341071e-09, 7.90062326672e-09, 9.91929027805e-09, 5.23722665235e-09, 1.89962134911e-09, 1.31560284888e-09, 2.01562122548e-09, 2.73465361467e-09, 6.36924568642e-10, 7.29882099204e-10, 7.55660423124e-10, 6.45424935719e-10, 7.15296544218e-10, 3.96088523091e-10, 3.04485159308e-10, 1.8365085841e-10, 1.56767335224e-10, 2.1235875558e-10, 1.47736572975e-10, 1.27764784863e-10, 3.54595602881e-10, 4.94850549426e-10], "mean": [0.00467421766371, 0.00241135922261, 0.0008876096108, 0.000381467631087, 0.000316108722473, 0.000329253001837, 0.000240361478063, 0.000190813589143, 0.000121528479212, 0.000100850120361, 0.000100826444395, 7.11560132913e-05, 0.000102286139736, 9.38596276683e-05, 8.72846794664e-05, 7.68306563259e-05, 5.54030812054e-05, 4.22756966145e-05, 3.74539085897e-05, 3.54043768311e-05, 2.91900887532e-05, 2.50120319834e-05, 1.85939006769e-05, 1.53066212079e-05, 1.49680390678e-05, 1.37402912515e-05, 1.04116625153e-05, 9.61901696428e-06, 9.70703968051e-06, 8.10999699752e-06, 7.9617720985e-06, 7.2196758083e-06, 5.94374887442e-06, 4.74003081763e-06, 4.29291003456e-06, 3.81806830774e-06, 3.27254110744e-06, 3.23302333527e-06, 4.01638044423e-06, 4.07950892622e-06], "var": [4.3091007683e-05, 1.82829135156e-05, 5.52825849809e-06, 6.69202790959e-07, 6.16446016011e-07, 6.07690083143e-07, 2.27089941518e-07, 1.89726023336e-07, 3.51460194281e-08, 3.02700797761e-08, 4.57703279721e-08, 1.68198894812e-08, 5.57330857021e-08, 4.44178454018e-08, 4.10917841975e-08, 4.21332977396e-08, 1.38344180556e-08, 6.87825085777e-09, 4.41137970597e-09, 4.5322852138e-09, 4.22800106037e-09, 2.79388379099e-09, 9.29990529031e-10, 4.41332415058e-10, 5.53656676061e-10, 6.81007250591e-10, 2.56812016097e-10, 2.61266397406e-10, 2.85967916014e-10, 2.11780412651e-10, 2.61979299365e-10, 2.48274872883e-10, 1.98992974876e-10, 7.9062943692e-11, 6.92586335505e-11, 8.44544642553e-11, 8.10852981981e-11, 1.24304330718e-10, 3.14478026953e-10, 4.19875356705e-10], "dmean2": [0.00498627498746, 0.00302823539823, 0.00136805686634, 0.000502785667777, 0.000346649176208, 0.000312011747155, 0.000240382607444, 0.000183436903171, 0.000100778699561, 8.78251667018e-05, 9.30276291911e-05, 6.64329345454e-05, 8.49617499625e-05, 8.45015019877e-05, 9.32375114644e-05, 8.17183827166e-05, 5.80578271183e-05, 4.82946925331e-05, 3.49043766619e-05, 4.03845479013e-05, 3.79122284357e-05, 2.81814645859e-05, 1.93044870684e-05, 1.73930111487e-05, 1.99957994482e-05, 2.03887975658e-05, 1.2653081285e-05, 1.31453143695e-05, 1.3511292309e-05, 1.14305230454e-05, 1.13590722322e-05, 9.29044654185e-06, 7.9023766375e-06, 6.71595762469e-06, 6.54252289678e-06, 6.00716975896e-06, 4.85149303131e-06, 4.48960827271e-06, 5.52630581296e-06, 5.58387773708e-06], "dvar": [2.35289116972e-05, 1.81868272193e-05, 6.06993307883e-06, 6.18187186774e-07, 2.62451408162e-07, 2.70950408776e-07, 1.21659965657e-07, 9.64485238342e-08, 1.75503824806e-08, 1.57024970804e-08, 2.20703491038e-08, 1.13841318594e-08, 2.0752541019e-08, 2.84283618868e-08, 2.302171076e-08, 2.02314289766e-08, 8.90310491997e-09, 6.13584116849e-09, 2.14764384054e-09, 3.02917513295e-09, 4.02708177916e-09, 2.27310992251e-09, 7.76143316283e-10, 4.86618689788e-10, 7.20233483964e-10, 9.65210689152e-10, 2.39253422629e-10, 2.70090394494e-10, 2.80777290307e-10, 2.33170122099e-10, 2.68234823242e-10, 1.69481831347e-10, 1.3205048166e-10, 7.20024803669e-11, 6.11649897397e-11, 8.19402115604e-11, 6.16694473266e-11, 5.8778128198e-11, 1.62847679785e-10, 2.25658089437e-10], "min": [5.05131027339e-24, 1.54593450249e-23, 1.51064938529e-23, 2.72885446461e-24, 4.24812404856e-24, 1.24322119969e-23, 1.60131443131e-23, 7.66262959072e-24, 4.07454782814e-24, 8.54178903718e-24, 5.48100399175e-24, 5.50714763101e-24, 1.16856829455e-23, 1.57480886266e-23, 2.13223265111e-23, 6.5604390504e-24, 5.1688225437e-24, 9.24572591051e-24, 8.97964549376e-24, 5.8757211953e-24, 1.17626450043e-23, 1.20302889434e-23, 1.61810896443e-23, 1.23503124577e-23, 7.71689848783e-24, 1.30277909363e-23, 8.94966720164e-24, 1.07062608558e-23, 1.25459988716e-23, 1.04057695375e-23, 1.13902774135e-23, 9.15187197317e-24, 8.05623489482e-24, 1.04288145311e-23, 7.5698548151e-24, 8.31324341116e-24, 1.04914106439e-23, 9.16737782312e-24, 9.85281985253e-24, 1.09288206052e-23], "median": [0.00272489502095, 0.00119529140648, 0.000241060246481, 0.000114881389891, 7.41395124351e-05, 8.21245193947e-05, 8.11429054011e-05, 7.64159485698e-05, 5.5371740018e-05, 4.55199769931e-05, 3.37896854035e-05, 2.75267975667e-05, 3.16073856084e-05, 3.24768261635e-05, 3.01017425954e-05, 2.48017659032e-05, 2.16023890971e-05, 1.79399085027e-05, 1.72425643541e-05, 1.54338595166e-05, 1.26082832139e-05, 1.2040587535e-05, 1.00590841612e-05, 8.79090566741e-06, 7.80243044574e-06, 6.01338933848e-06, 5.12180577061e-06, 4.11109976994e-06, 3.33544949171e-06, 2.55958639173e-06, 2.06667982638e-06, 2.03494846573e-06, 1.83767679118e-06, 1.39544545164e-06, 1.17440242775e-06, 1.04603282125e-06, 8.33339754536e-07, 8.00332713879e-07, 5.87059730606e-07, 5.5822908962e-07], "max": [0.0519417375326, 0.0451681725681, 0.0265503004193, 0.010314937681, 0.010822002776, 0.0104461871088, 0.00617614155635, 0.00857773702592, 0.00241344771348, 0.00289047323167, 0.00317253149115, 0.00330363842659, 0.0043031568639, 0.00402483716607, 0.00405168347061, 0.00424470286816, 0.00224599405192, 0.00173660041764, 0.00133503705729, 0.00107412191574, 0.00120838009752, 0.00125052325893, 0.000819759152364, 0.000249918201007, 0.000280882581137, 0.000336282828357, 0.000314189353958, 0.0002438845695, 0.000228993856581, 0.000194292311789, 0.000306731031742, 0.00044718090794, 0.000356070522685, 0.000253338075709, 0.000147315528011, 0.000158973154612, 0.000156076595886, 0.000230305100558, 0.000445468351245, 0.000412005902035]}, "barkbands_crest": {"dmean": 3.28984093666, "dvar2": 25.8629074097, "mean": 12.0094442368, "var": 32.8869018555, "dmean2": 5.41470718384, "dvar": 10.1031084061, "min": 1.99093210697, "median": 11.6176338196, "max": 26.1040935516}, "mfcc": {"icov": [[0.000196187116671, 8.2566148194e-05, -4.95002095704e-05, -0.000147669081343, 0.000114902308269, -0.000324188411469, 9.81156699709e-05, -2.08167602977e-05, 2.51385263255e-05, 2.96218422591e-05, 2.45978299063e-05, 4.37645248894e-05, -1.77943650215e-06], [8.2566148194e-05, 0.000988852465525, 0.000410487642512, -0.000497636559885, -0.000871668220498, 0.00050503318198, -0.000656344811432, -5.03309784108e-05, -0.000133430527057, 0.000478449423099, -0.000599459686782, 0.000615897763055, -7.68722456996e-05], [-4.95002095704e-05, 0.000410487642512, 0.00176647177432, -0.000352308037691, -0.00110510655213, -0.00138052378315, 0.000598233018536, 0.000101289268059, -0.000990656204522, 0.000910081726033, -0.00013444495562, -0.000482846662635, 0.00118094193749], [-0.000147669081343, -0.000497636559885, -0.000352308037691, 0.00401980383322, -0.00153286685236, -0.00157653202768, 0.000242664144025, 0.000404553342378, -0.000818150059786, -0.000755834742449, 0.00135805783793, -0.00258428743109, 0.00163870293181], [0.000114902308269, -0.000871668220498, -0.00110510655213, -0.00153286685236, 0.00652911467478, 0.00045388189028, -0.00258468207903, -0.000653966446407, 0.000360160716809, -0.000405529310228, -0.000306365749566, 0.0014998629922, -0.000873838202097], [-0.000324188411469, 0.00050503318198, -0.00138052378315, -0.00157653202768, 0.00045388189028, 0.00859683658928, -0.00484448764473, -0.0015653972514, 0.000394207832869, 0.000315959332511, -4.13692287111e-05, -5.28219243279e-06, 0.00126456574071], [9.81156699709e-05, -0.000656344811432, 0.000598233018536, 0.000242664144025, -0.00258468207903, -0.00484448764473, 0.0139482440427, -0.00301373703405, -0.00151744752657, 0.00021960012964, -0.00209109811112, 0.0013967336854, -0.0034250356257], [-2.08167602977e-05, -5.03309784108e-05, 0.000101289268059, 0.000404553342378, -0.000653966446407, -0.0015653972514, -0.00301373703405, 0.0135373724625, -0.00370863056742, -0.00687258644029, 0.00439163343981, -0.000855539925396, 0.000501293223351], [2.51385263255e-05, -0.000133430527057, -0.000990656204522, -0.000818150059786, 0.000360160716809, 0.000394207832869, -0.00151744752657, -0.00370863056742, 0.0120347272605, 0.00130005495157, -0.00554916355759, -0.00148241815623, 0.00129951979034], [2.96218422591e-05, 0.000478449423099, 0.000910081726033, -0.000755834742449, -0.000405529310228, 0.000315959332511, 0.00021960012964, -0.00687258644029, 0.00130005495157, 0.016492806375, -0.00884609017521, -0.000556909479201, -0.000264780246653], [2.45978299063e-05, -0.000599459686782, -0.00013444495562, 0.00135805783793, -0.000306365749566, -4.13692287111e-05, -0.00209109811112, 0.00439163343981, -0.00554916355759, -0.00884609017521, 0.026122065261, -0.0101141603664, -0.00129572174046], [4.37645248894e-05, 0.000615897763055, -0.000482846662635, -0.00258428743109, 0.0014998629922, -5.28219243279e-06, 0.0013967336854, -0.000855539925396, -0.00148241815623, -0.000556909479201, -0.0101141603664, 0.0259569063783, -0.0100493906066], [-1.77943650215e-06, -7.68722456996e-05, 0.00118094193749, 0.00163870293181, -0.000873838202097, 0.00126456574071, -0.0034250356257, 0.000501293223351, 0.00129951979034, -0.000264780246653, -0.00129572174046, -0.0100493906066, 0.0240814369172]], "mean": [-636.838012695, 102.809028625, -12.9136810303, 12.5379981995, 6.42081356049, 3.48175573349, 3.60507297516, 3.95312905312, 1.53295457363, 4.23792076111, 5.70079851151, 4.85875511169, 6.11464595795], "cov": [[8003.16894531, -1164.54077148, 1682.60217285, 862.121337891, 172.627197266, 945.729675293, 188.838500977, 215.91847229, 238.70085144, 13.5198612213, -13.5075511932, 69.0327224731, -149.992172241], [-1164.54077148, 1904.39453125, -335.493347168, 235.152130127, 373.849487305, -73.2550582886, 198.124526978, 73.4707565308, 72.5928955078, 47.817111969, 71.1678771973, -3.91589689255, 49.3091850281], [1682.60217285, -335.493347168, 1674.73376465, 642.129333496, 378.04083252, 602.813049316, 208.203674316, 176.616836548, 257.884490967, 11.3368692398, 35.4058876038, 61.1682319641, -105.132652283], [862.121337891, 235.152130127, 642.129333496, 697.704223633, 331.36050415, 364.59777832, 194.575332642, 147.858535767, 177.235351562, 61.8794746399, 48.3967247009, 64.5132217407, -40.0367012024], [172.627197266, 373.849487305, 378.04083252, 331.36050415, 402.247802734, 199.969039917, 177.644226074, 115.576522827, 115.050094604, 49.8738136292, 43.2687416077, 23.9913635254, -6.24612951279], [945.729675293, -73.2550582886, 602.813049316, 364.59777832, 199.969039917, 434.895599365, 181.98866272, 138.65776062, 135.951202393, 43.1616172791, 32.3610115051, 38.2169914246, -36.2919273376], [188.838500977, 198.124526978, 208.203674316, 194.575332642, 177.644226074, 181.98866272, 203.683761597, 109.059463501, 98.5014190674, 53.5163040161, 46.8621330261, 29.9553394318, 11.0793399811], [215.91847229, 73.4707565308, 176.616836548, 147.858535767, 115.576522827, 138.65776062, 109.059463501, 169.558654785, 93.5898590088, 75.1865692139, 32.986492157, 28.7727775574, -0.0197197850794], [238.70085144, 72.5928955078, 257.884490967, 177.235351562, 115.050094604, 135.951202393, 98.5014190674, 93.5898590088, 177.439575195, 47.9344139099, 58.17710495, 44.2190246582, -2.82563352585], [13.5198612213, 47.817111969, 11.3368692398, 61.8794746399, 49.8738136292, 43.1616172791, 53.5163040161, 75.1865692139, 47.9344139099, 120.117103577, 55.8436279297, 35.8585929871, 17.6793022156], [-13.5075511932, 71.1678771973, 35.4058876038, 48.3967247009, 43.2687416077, 32.3610115051, 46.8621330261, 32.986492157, 58.17710495, 55.8436279297, 87.0300750732, 47.1775016785, 22.8905925751], [69.0327224731, -3.91589689255, 61.1682319641, 64.5132217407, 23.9913635254, 38.2169914246, 29.9553394318, 28.7727775574, 44.2190246582, 35.8585929871, 47.1775016785, 76.3607711792, 27.54063797], [-149.992172241, 49.3091850281, -105.132652283, -40.0367012024, -6.24612951279, -36.2919273376, 11.0793399811, -0.0197197850794, -2.82563352585, 17.6793022156, 22.8905925751, 27.54063797, 65.8789367676]]}, "spectral_decrease": {"dmean": 3.66897645598e-09, "dvar2": 6.18700657943e-17, "mean": -8.38307201434e-09, "var": 5.36278594998e-17, "dmean2": 5.93333604471e-09, "dvar": 2.56385127169e-17, "min": -4.41160956655e-08, "median": -6.40101127658e-09, "max": 6.60546003232e-29}, "zerocrossingrate": {"dmean": 0.0181424356997, "dvar2": 0.000608735717833, "mean": 0.0694633647799, "var": 0.00279777753167, "dmean2": 0.0220203027129, "dvar": 0.000488995865453, "min": 0.00244140625, "median": 0.0615234375, "max": 0.49853515625}, "spectral_contrast_coeffs": {"dmean": [0.0507658459246, 0.0468249246478, 0.0382941029966, 0.0321064777672, 0.0225141495466, 0.0211807973683], "dvar2": [0.00488423323259, 0.00414697732776, 0.00266982335597, 0.00185907189734, 0.000896275509149, 0.000875184661709], "mean": [-0.699362397194, -0.734977424145, -0.774390876293, -0.780119776726, -0.79055917263, -0.773729085922], "var": [0.0104386135936, 0.0073229377158, 0.0048714959994, 0.0033220318146, 0.00169853854459, 0.00207067001611], "dmean2": [0.0806570872664, 0.0747077688575, 0.0609727315605, 0.0511909984052, 0.0362954996526, 0.0323297344148], "dvar": [0.00220460211858, 0.00173094891943, 0.00115634955, 0.000829185184557, 0.000388953310903, 0.000380492478143], "min": [-0.965795338154, -0.951799869537, -0.96045768261, -0.962330341339, -0.959647476673, -0.955961406231], "median": [-0.723084688187, -0.751893341541, -0.788016319275, -0.78910702467, -0.796689987183, -0.774112939835], "max": [-0.241662889719, -0.366213262081, -0.434194922447, -0.491591364145, -0.552297115326, -0.591918230057]}, "spectral_skewness": {"dmean": 0.230204239488, "dvar2": 0.172715857625, "mean": 1.56556165218, "var": 0.374237030745, "dmean2": 0.348237872124, "dvar": 0.0696813687682, "min": -0.13608558476, "median": 1.48837590218, "max": 6.73355054855}, "spectral_energyband_middle_high": {"dmean": 0.00232377811335, "dvar2": 4.93319603265e-05, "mean": 0.00559078902006, "var": 3.95848655899e-05, "dmean2": 0.00365676847287, "dvar": 2.00751055672e-05, "min": 1.57617337115e-21, "median": 0.00333657837473, "max": 0.0598694197834}, "gfcc": {"icov": [[0.000181409792276, 5.88503171457e-05, 2.99882194668e-05, -0.000295081204968, 7.05470256435e-06, -0.000125952486997, 0.000135120702907, -4.77453249914e-06, 0.000149611907545, -0.000198325607926, 0.000469055812573, -0.000526678690221, 0.000371016853023], [5.88503171457e-05, 0.00128639931791, -0.000245348521275, -7.95491141616e-05, -0.00128782284446, 0.000521717127413, -0.000294408702757, 0.000166940808413, -0.000353982701199, 0.000757671659812, -0.00121936982032, 0.00193852977827, -0.00187481148168], [2.99882194668e-05, -0.000245348521275, 0.00152978301048, -0.000904770276975, -0.000511624501087, -0.000995532260276, 0.000833340396639, 0.000202595183509, 0.000152613909449, -0.00087328342488, 0.00222164881416, -0.0016306330217, 0.000600359693635], [-0.000295081204968, -7.95491141616e-05, -0.000904770276975, 0.00279599195346, -2.56091097981e-05, -0.00116424297448, -0.000606848101597, 0.000762603653129, -0.00176014821045, 0.000757903035264, -0.0010766768828, 0.00204653618857, -0.00108760024887], [7.05470256435e-06, -0.00128782284446, -0.000511624501087, -2.56091097981e-05, 0.00441739708185, 0.000371946691303, -0.00208580121398, -0.00138255232014, 0.00161957554519, -0.00015976584109, -0.00027963751927, -0.000773459032644, 0.00177259626798], [-0.000125952486997, 0.000521717127413, -0.000995532260276, -0.00116424297448, 0.000371946691303, 0.00540868937969, -0.00190806284081, -0.00263628107496, 0.00195179262664, 0.000373760703951, -0.0010852960404, 0.000794547842816, -0.000396592251491], [0.000135120702907, -0.000294408702757, 0.000833340396639, -0.000606848101597, -0.00208580121398, -0.00190806284081, 0.00849124137312, 0.000740456162021, -0.00440287217498, -0.000683819002006, 0.00200890447013, -0.00215477473103, 0.0022240690887], [-4.77453249914e-06, 0.000166940808413, 0.000202595183509, 0.000762603653129, -0.00138255232014, -0.00263628107496, 0.000740456162021, 0.00918079167604, -0.00498446030542, -0.00208349945024, -0.000230506251683, 0.00189884565771, -0.00261053047143], [0.000149611907545, -0.000353982701199, 0.000152613909449, -0.00176014821045, 0.00161957554519, 0.00195179262664, -0.00440287217498, -0.00498446030542, 0.0160662159324, -0.00256766146049, -0.0020911032334, -0.000183487602044, 0.00173344847281], [-0.000198325607926, 0.000757671659812, -0.00087328342488, 0.000757903035264, -0.00015976584109, 0.000373760703951, -0.000683819002006, -0.00208349945024, -0.00256766146049, 0.0144319059327, -0.00508657516912, -0.00301896966994, 0.000483520212583], [0.000469055812573, -0.00121936982032, 0.00222164881416, -0.0010766768828, -0.00027963751927, -0.0010852960404, 0.00200890447013, -0.000230506251683, -0.0020911032334, -0.00508657516912, 0.0180423650891, -0.00546631030738, -0.0010398972081], [-0.000526678690221, 0.00193852977827, -0.0016306330217, 0.00204653618857, -0.000773459032644, 0.000794547842816, -0.00215477473103, 0.00189884565771, -0.000183487602044, -0.00301896966994, -0.00546631030738, 0.0232052821666, -0.0106379995123], [0.000371016853023, -0.00187481148168, 0.000600359693635, -0.00108760024887, 0.00177259626798, -0.000396592251491, 0.0022240690887, -0.00261053047143, 0.00173344847281, 0.000483520212583, -0.0010398972081, -0.0106379995123, 0.0191716272384]], "mean": [5.18553829193, 63.3168754578, -121.10508728, 19.5322494507, -47.3129844666, 16.2207183838, -33.3222732544, 17.3689842224, -20.5638427734, 13.6528406143, -10.9139642715, 7.40992689133, -10.9778327942], "cov": [[12945.8945312, -1915.08276367, 2729.55566406, 2284.83496094, -160.789413452, 1408.44042969, 118.874702454, 25.8001880646, -66.6970367432, 135.070739746, -537.745910645, 151.075531006, -302.660125732], [-1915.08276367, 2217.89257812, 58.7429695129, 119.904716492, 692.565612793, -128.677230835, 195.531280518, 101.346839905, 103.936676025, -69.1799087524, 145.951782227, -117.309135437, 118.505516052], [2729.55566406, 58.7429695129, 2186.85717773, 1188.85791016, 325.726959229, 730.757507324, 155.011932373, 91.3872528076, 21.6308021545, 44.3321685791, -215.191925049, 20.9634647369, -71.7693481445], [2284.83496094, 119.904716492, 1188.85791016, 1267.31982422, 224.970169067, 580.864440918, 198.138397217, 98.196975708, 95.078742981, 18.1623420715, -100.419906616, -30.9001140594, -47.8727531433], [-160.789413452, 692.565612793, 325.726959229, 224.970169067, 549.50958252, 95.4653778076, 174.515640259, 91.0822143555, 50.1669425964, 2.65047049522, 16.8377742767, -32.1531677246, -4.80549430847], [1408.44042969, -128.677230835, 730.757507324, 580.864440918, 95.4653778076, 553.91595459, 126.399108887, 117.863349915, 35.5791244507, 35.0318984985, -64.7834014893, 4.5975561142, -30.8173904419], [118.874702454, 195.531280518, 155.011932373, 198.138397217, 174.515640259, 126.399108887, 234.307342529, 64.9794082642, 80.6709976196, 22.7449016571, -0.105828098953, -8.43705177307, -21.2026691437], [25.8001880646, 101.346839905, 91.3872528076, 98.196975708, 91.0822143555, 117.863349915, 64.9794082642, 198.123733521, 77.0446853638, 48.5397529602, 28.7799701691, 1.46512186527, 19.7604522705], [-66.6970367432, 103.936676025, 21.6308021545, 95.078742981, 50.1669425964, 35.5791244507, 80.6709976196, 77.0446853638, 121.598144531, 36.6826591492, 30.8700218201, -1.29950344563, 2.43483257294], [135.070739746, -69.1799087524, 44.3321685791, 18.1623420715, 2.65047049522, 35.0318984985, 22.7449016571, 48.5397529602, 36.6826591492, 108.825126648, 33.4406242371, 33.9874687195, 9.32500839233], [-537.745910645, 145.951782227, -215.191925049, -100.419906616, 16.8377742767, -64.7834014893, -0.105828098953, 28.7799701691, 30.8700218201, 33.4406242371, 118.303543091, 21.1306533813, 41.2629814148], [151.075531006, -117.309135437, 20.9634647369, -30.9001140594, -32.1531677246, 4.5975561142, -8.43705177307, 1.46512186527, -1.29950344563, 33.9874687195, 21.1306533813, 83.4283370972, 34.1407585144], [-302.660125732, 118.505516052, -71.7693481445, -47.8727531433, -4.80549430847, -30.8173904419, -21.2026691437, 19.7604522705, 2.43483257294, 9.32500839233, 41.2629814148, 34.1407585144, 94.8221740723]]}, "erbbands_spread": {"dmean": 8.46733283997, "dvar2": 213.170349121, "mean": 40.4017105103, "var": 351.539154053, "dmean2": 12.8173055649, "dvar": 95.2109451294, "min": 1.77886617184, "median": 40.2823486328, "max": 160.968536377}, "erbbands_kurtosis": {"dmean": 0.753059566021, "dvar2": 4.69874048233, "mean": 0.329652369022, "var": 5.31813240051, "dmean2": 1.18966603279, "dvar": 2.23882031441, "min": -1.71406209469, "median": -0.277507662773, "max": 58.7811508179}, "dynamic_complexity": 3.21497678757, "erbbands_crest": {"dmean": 1.950111866, "dvar2": 12.3659982681, "mean": 7.03974628448, "var": 18.4159317017, "dmean2": 3.14446854591, "dvar": 5.12190008163, "min": 2.02523779869, "median": 5.4538564682, "max": 31.161272049}, "erbbands": {"dmean": [0.412573695183, 1.74725878239, 3.37150740623, 4.58285617828, 4.92678689957, 4.87967967987, 5.67887449265, 8.90238189697, 10.0577611923, 11.0122337341, 7.9252820015, 8.65585136414, 11.8841466904, 10.5386610031, 17.3903923035, 19.5376529694, 24.0758991241, 18.5117874146, 16.5800666809, 16.103515625, 18.2551174164, 14.2463197708, 11.6404514313, 13.4927082062, 12.7733821869, 10.6568393707, 11.4271097183, 11.5478305817, 9.74421882629, 7.46209621429, 6.5460395813, 5.06447172165, 4.19941663742, 3.98427963257, 2.01453185081, 0.914545476437, 0.427282869816, 0.0813151374459, 0.00827024783939, 0.000135156064061], "dvar2": [1.14987158775, 24.197851181, 260.173065186, 482.85369873, 590.391235352, 445.381469727, 554.570617676, 1391.89831543, 1314.34521484, 1872.04956055, 744.65020752, 878.149536133, 1863.72924805, 1575.59460449, 5333.93115234, 8873.68261719, 8864.875, 4357.18261719, 4120.73779297, 2996.14453125, 5940.43457031, 3280.08642578, 1618.27612305, 2946.45410156, 2722.47314453, 1453.89440918, 1504.2845459, 2148.82324219, 1092.35998535, 638.39666748, 481.546936035, 401.022521973, 298.922790527, 529.113525391, 94.4869308472, 10.0837984085, 3.16895484924, 0.0883957073092, 0.00144682137761, 2.59101227584e-07], "mean": [0.610474765301, 2.54427623749, 3.80129146576, 4.74080610275, 5.28233528137, 6.22220230103, 8.71981620789, 14.5353364944, 15.7824525833, 17.5842838287, 15.4022808075, 16.1585559845, 20.6015357971, 18.8772010803, 33.651676178, 34.3197746277, 37.4859924316, 30.7086372375, 26.7346000671, 27.0145797729, 25.559053421, 22.3740329742, 19.1548290253, 18.6291503906, 17.1727085114, 14.6389636993, 14.736536026, 13.9132270813, 12.4937419891, 9.11004066467, 7.39435625076, 5.58234882355, 5.00410509109, 4.79657030106, 2.35889053345, 1.00075674057, 0.426769077778, 0.0898036062717, 0.00786423590034, 0.000166733254446], "var": [0.84360319376, 12.5564804077, 83.1159744263, 167.837646484, 198.433700562, 233.847564697, 573.999572754, 1269.34924316, 1045.71203613, 1513.95910645, 582.053161621, 715.834472656, 1817.47619629, 1041.26049805, 6852.55371094, 6287.67431641, 6403.54199219, 3276.13134766, 2071.77124023, 2179.19897461, 2299.97729492, 1682.06103516, 724.144348145, 811.731933594, 781.146850586, 551.239929199, 601.845458984, 743.684143066, 732.60357666, 322.384185791, 219.071929932, 203.969207764, 327.515472412, 489.922210693, 90.0924682617, 5.96486186981, 1.28166902065, 0.054042045027, 0.000633151328657, 1.39062208859e-07], "dmean2": [0.663780748844, 2.95249414444, 5.78720760345, 7.67321872711, 8.52132415771, 8.22646903992, 9.3741350174, 14.1702060699, 15.9410533905, 17.4425239563, 12.6262044907, 13.6168460846, 18.4109687805, 16.5381889343, 26.9219436646, 31.3952560425, 39.3719558716, 29.1794204712, 26.9840183258, 25.5018692017, 30.7658557892, 23.40325737, 19.3267612457, 23.644733429, 22.3827705383, 18.5390834808, 19.4799957275, 19.4922199249, 15.7851953506, 12.1267290115, 10.9285345078, 8.26933193207, 6.68360328674, 6.38706636429, 3.26361203194, 1.47652459145, 0.705380439758, 0.124316975474, 0.0128681641072, 0.000202016468393], "dvar": [0.473929107189, 8.59175205231, 96.8745422363, 191.614624023, 233.409927368, 168.258132935, 223.628265381, 606.743713379, 560.536254883, 814.177185059, 299.825012207, 358.717834473, 863.658996582, 671.762817383, 2362.81225586, 3700.55932617, 3503.53466797, 1906.94921875, 1600.48022461, 1273.85656738, 2321.38720703, 1389.64282227, 639.652954102, 1053.56396484, 972.28338623, 544.465637207, 564.757568359, 793.569702148, 475.084472656, 260.177307129, 189.17767334, 162.802810669, 145.22253418, 247.292480469, 41.3270263672, 4.22396421432, 1.26134479046, 0.0406726077199, 0.000614725111518, 1.15431717518e-07], "min": [5.8788752032e-22, 2.95349825837e-21, 3.97979986401e-20, 1.02279648434e-19, 4.3830888636e-20, 3.92737212281e-20, 1.46122437484e-19, 6.26287237989e-19, 9.934855849e-19, 8.19076517297e-19, 4.90158434774e-19, 1.42166756398e-18, 1.