{"tonal": {"chords_number_rate": 0.00164533825591, "thpcp": [1, 0.666411399841, 0.23904633522, 0.125662967563, 0.0864567905664, 0.135356649756, 0.226038351655, 0.180743947625, 0.172051027417, 0.234949350357, 0.179261609912, 0.239537119865, 0.253119856119, 0.118267282844, 0.124327018857, 0.15087492764, 0.109372183681, 0.0755468159914, 0.0635966211557, 0.0798902139068, 0.288735628128, 0.485900998116, 0.301704466343, 0.113444544375, 0.126455157995, 0.120129577816, 0.101700797677, 0.103546351194, 0.129270389676, 0.188579693437, 0.20520158112, 0.147784590721, 0.12399750948, 0.136128887534, 0.183489754796, 0.611070156097], "hpcp": {"dvar": [0.0282682441175, 0.0315296314657, 0.0445303879678, 0.0552123598754, 0.0488751828671, 0.0443586222827, 0.0420242510736, 0.0402478016913, 0.0523224473, 0.0660361349583, 0.0569049604237, 0.0548770688474, 0.0362018980086, 0.0245072748512, 0.023379156366, 0.0289238318801, 0.0261345412582, 0.025263607502, 0.0273392237723, 0.019142486155, 0.0192327555269, 0.0199999753386, 0.0185100696981, 0.0219447948039, 0.0216278024018, 0.016670441255, 0.0132066300139, 0.0124304890633, 0.0203469470143, 0.0361128337681, 0.0423682294786, 0.027347875759, 0.0187663249671, 0.0237006023526, 0.0208215881139, 0.0201324168593], "mean": [0.06053141132, 0.075569242239, 0.11024043709, 0.119957305491, 0.0863923206925, 0.0724868029356, 0.0795786008239, 0.107264943421, 0.357221066952, 0.584582746029, 0.389572620392, 0.139742359519, 0.0734604001045, 0.0505411475897, 0.0791271626949, 0.132138118148, 0.105659790337, 0.100578062236, 0.137347340584, 0.10479324311, 0.140029266477, 0.14796949923, 0.0691370144486, 0.0726794302464, 0.088198877871, 0.0639370903373, 0.044163364917, 0.0371774882078, 0.0467024408281, 0.168789863586, 0.284049332142, 0.176371231675, 0.0663177222013, 0.0739235058427, 0.0702256783843, 0.0594525337219], "min": [0, 0, 0, 0, 0, 0, 0, 0, 0, 0, 0, 0, 0, 0, 0, 0, 0, 0, 0, 0, 0, 0, 0, 0, 0, 0, 0, 0, 0, 0, 0, 0, 0, 0, 0, 0], "median": [0.0169624127448, 0.0293262414634, 0.0471371933818, 0.0410962589085, 0.0188204795122, 0.0212043635547, 0.02511690557, 0.0424479171634, 0.315927565098, 0.643596768379, 0.344170749187, 0.0447200387716, 0.020258013159, 0.0140666570514, 0.029821138829, 0.0485896766186, 0.0394823849201, 0.0317968800664, 0.031150823459, 0.0339569449425, 0.062897503376, 0.0659271478653, 0.0309881940484, 0.0141344107687, 0.014712382108, 0.0192648079246, 0.0187336038798, 0.0134447254241, 0.0154682369903, 0.0904247835279, 0.163782700896, 0.102376103401, 0.0242480039597, 0.0200412124395, 0.023572769016, 0.0221234131604], "dvar2": [0.0790561288595, 0.0904511511326, 0.127619862556, 0.15281111002, 0.140895351768, 0.129427477717, 0.118872068822, 0.111185021698, 0.141495838761, 0.156237959862, 0.140626758337, 0.150781199336, 0.103564396501, 0.0708623453975, 0.0669349431992, 0.0765108093619, 0.0721373260021, 0.0707072466612, 0.0683212950826, 0.0523619651794, 0.0525308810174, 0.0524566657841, 0.0540370978415, 0.0636205747724, 0.0567297041416, 0.0470374003053, 0.0395635329187, 0.0373932234943, 0.0595084503293, 0.103263624012, 0.109364688396, 0.0745232254267, 0.053359426558, 0.0610723271966, 0.0555792301893, 0.0561901181936], "var": [0.0200859755278, 0.0215154718608, 0.032596565783, 0.0462015010417, 0.0338589474559, 0.0272863321006, 0.0288562662899, 0.0311869867146, 0.0813966616988, 0.156229421496, 0.101054683328, 0.048088658601, 0.0254587344825, 0.0158268269151, 0.0185963269323, 0.0420421138406, 0.0282295439392, 0.0323476269841, 0.0657790377736, 0.0322089344263, 0.0393476113677, 0.0455007813871, 0.0140295121819, 0.0309123396873, 0.049151238054, 0.020086215809, 0.00869286805391, 0.00777631113306, 0.0122860576957, 0.0382734537125, 0.0861789360642, 0.0361289158463, 0.0162456445396, 0.0315397009254, 0.0216301102191, 0.0153334829956], "dmean2": [0.122366949916, 0.145686209202, 0.200537875295, 0.234863907099, 0.207532003522, 0.180078089237, 0.179325535893, 0.225794777274, 0.358442246914, 0.339894920588, 0.356945574284, 0.280017405748, 0.169403761625, 0.119814381003, 0.129793405533, 0.168673396111, 0.154329299927, 0.142105907202, 0.143514886498, 0.127112627029, 0.150313898921, 0.150006204844, 0.11172875762, 0.107303567231, 0.101326607168, 0.0946602895856, 0.0849753767252, 0.0827216058969, 0.118773780763, 0.22982698679, 0.283648312092, 0.208259478211, 0.127007827163, 0.115336440504, 0.110770873725, 0.106081947684], "max": [1, 1, 1, 1, 1, 1, 1, 1, 1, 1, 1, 1, 1, 1, 1, 1, 1, 1, 1, 1, 1, 1, 1, 1, 1, 1, 1, 1, 1, 1, 1, 1, 1, 1, 1, 1], "dmean": [0.0676595643163, 0.0807065963745, 0.110817715526, 0.128216341138, 0.111651271582, 0.0960281193256, 0.0968913212419, 0.123451568186, 0.207571789622, 0.198583379388, 0.206663638353, 0.156208306551, 0.0911672860384, 0.0641416460276, 0.0730292871594, 0.0991851314902, 0.0883348360658, 0.0807248055935, 0.0829018875957, 0.0736449733377, 0.0887610986829, 0.0894053503871, 0.0623641423881, 0.0611962378025, 0.0569036826491, 0.0538225397468, 0.0465115979314, 0.044431000948, 0.0629129037261, 0.130589962006, 0.166637480259, 0.119861297309, 0.069693647325, 0.0639627948403, 0.0624848343432, 0.0597217679024]}, "key_strength": 0.650491654873, "chords_strength": {"dvar": 0.000366884720279, "mean": 0.519569039345, "min": -1, "median": 0.535846829414, "dvar2": 0.000695243885275, "var": 0.0378311425447, "dmean2": 0.00630279583856, "max": 0.766723394394, "dmean": 0.00556717347354}, "tuning_equal_tempered_deviation": 0.0338521301746, "chords_key": "C", "tuning_frequency": 440, "chords_scale": "major", "chords_changes_rate": 0.0272394884378, "key_scale": "major", "tuning_diatonic_strength": 0.526616632938, "hpcp_entropy": {"dvar": 0.32849535346, "mean": 1.75841164589, "min": 0, "median": 1.80231714249, "dvar2": 0.903487741947, "var": 0.697667956352, "dmean2": 1.09242200851, "max": 4.40244817734, "dmean": 0.645892798901}, "chords_histogram": [52.0658149719, 0, 1.09689211845, 0.0182815361768, 0, 0, 1.26142597198, 0, 0, 0, 0, 0, 0, 0, 0, 0.530164539814, 2.79707503319, 29.6343688965, 1.48080444336, 1.62705671787, 0, 0, 8.22669124603, 1.26142597198], "tuning_nontempered_energy_ratio": 0.646021127701, "key_key": "C"}, "metadata": {"version": {"extractor": "music 1.0", "essentia_build_sha": "2d9f1f26377add8aeb1075a9c2973f962c4f09fd", "essentia": "2.1-beta2", "essentia_git_sha": "v2.1_beta2-1-ge3940c0"}, "audio_properties": {"sample_rate": 44100, "length": 253.960006714, "lossless": true, "analysis_sample_rate": 44100, "downmix": "mix", "bit_rate": 0, "equal_loudness": 0, "md5_encoded": "4d200f9fd738d6eac8e3172df9cc6e3a", "codec": "flac", "replay_gain": -12.7391681671}, "tags": {"disctotal": ["1"], "catalognumber": ["Mind 120"], "barcode": ["4042564004977"], "releasecountry": ["DE"], "musicbrainz_recordingid": ["2bee9caa-b4a7-4b7a-8ace-16b194c2a4b5"], "title": ["Selfless"], "musicbrainz_releasetrackid": ["93976f2c-319f-3190-ac46-5aadf6859950"], "discnumber": ["1"], "artistsort": ["Controlled Collapse"], "releasetype": ["album", "compilation"], "originaldate": ["2007-03-30"], "musicbrainz_artistid": ["1ef4afa9-1bda-4007-9b50-e3c062478c32"], "tracknumber": ["7"], "musicbrainz_albumartistid": ["89ad4ac3-39f7-470e-963a-56509c546377"], "totaltracks": ["15"], "compilation": ["1"], "tracktotal": ["15"], "originalyear": ["2007"], "date": ["2007-03-30"], "acoustid_id": ["1bd09e11-bfa4-4a6c-9f55-b3c7781bc4fb"], "albumartistsort": ["Various Artists"], "musicbrainz_releasegroupid": ["d1a1a81f-8dfc-3465-886e-dd67eaf473d3"], "media": ["CD"], "label": ["dependent"], "albumartist": ["Various Artists"], "asin": ["B000NUOVWA"], "script": ["Latn"], "musicbrainz_albumid": ["0d742388-d86f-4c7d-935e-2d2235ff4b5a"], "file_name": "9e11bfa44a6c9f55b3c7781bc4fb.flac", "releasestatus": ["official"], "totaldiscs": ["1"], "album": ["Septic VII"], "artist": ["Controlled Collapse"]}}, "lowlevel": {"melbands": {"dvar": [6.35054584563e-06, 1.55143861775e-05, 1.53296070948e-06, 3.15986142141e-07, 5.35575566118e-08, 3.30553397987e-08, 5.42966525074e-08, 2.7404432501e-08, 1.15556657576e-08, 5.83936898835e-09, 8.87338114097e-09, 2.03875427651e-09, 4.00957933522e-09, 1.96024019239e-09, 5.55653700829e-09, 2.02091232637e-09, 2.78913603324e-09, 1.28599453308e-09, 9.57322332518e-10, 1.66104729971e-09, 6.18407547393e-10, 9.46542733082e-10, 4.67208438604e-10, 1.94219737515e-10, 1.21966034494e-10, 5.24177201644e-10, 2.73850470078e-10, 3.39226813306e-10, 9.36405730734e-10, 3.49356543694e-10, 4.47985953889e-11, 5.9771257388e-11, 3.07701294999e-11, 1.12614240849e-11, 1.24702756801e-11, 7.96522136443e-12, 1.8592995199e-11, 2.98179779479e-11, 9.68701074217e-12, 2.04699993935e-12], "mean": [0.00285011529922, 0.00378158059902, 0.00133921625093, 0.000487544311909, 0.000337011442753, 0.000225522351684, 0.0002226694196, 0.000211133170524, 0.000151467975229, 8.33449448692e-05, 9.80962140602e-05, 4.52214990219e-05, 6.9893336331e-05, 6.06570902164e-05, 8.99998267414e-05, 5.48613825231e-05, 5.99078157393e-05, 4.74070402561e-05, 3.84362319892e-05, 5.47566451132e-05, 3.85569510399e-05, 3.40329752362e-05, 2.5114743039e-05, 1.62397518579e-05, 1.39993444463e-05, 2.4482524168e-05, 1.56108108058e-05, 1.32812092488e-05, 1.41170539791e-05, 8.95859193406e-06, 6.67241874908e-06, 6.17169871475e-06, 5.18830620422e-06, 3.90847253584e-06, 3.47749801222e-06, 2.77033564089e-06, 2.24840869123e-06, 2.21625714403e-06, 2.28221006182e-06, 1.71563203821e-06], "min": [6.6259400449e-25, 1.07842748605e-24, 1.00785539783e-24, 6.42625469789e-25, 1.12967899021e-24, 1.57863679048e-24, 2.00331266324e-24, 1.65317536995e-24, 2.08942767788e-24, 1.45954748861e-24, 2.77690240463e-24, 1.33906071964e-24, 1.45219796738e-24, 2.77447961557e-24, 2.06931448581e-24, 1.78602427955e-24, 2.50417524311e-24, 3.35086103319e-24, 2.78280091483e-24, 3.46168455189e-24, 3.32999329566e-24, 3.48463527663e-24, 3.45710324218e-24, 3.7909456274e-24, 3.95498925264e-24, 3.42451027059e-24, 4.05170912164e-24, 4.20429966983e-24, 5.37762692557e-24, 4.97030727463e-24, 5.0359969055e-24, 5.12736908643e-24, 5.15568406533e-24, 5.04094976869e-24, 5.48314180481e-24, 4.6173109522e-24, 4.80348212583e-24, 5.73584235174e-24, 5.99090356494e-24, 4.96287541604e-24], "median": [0.00074319972191, 0.00122400163673, 0.000626351509709, 0.000312680931529, 0.000185725177289, 0.000122971614473, 9.94389993139e-05, 0.000115313850984, 9.84030848485e-05, 5.14831372129e-05, 5.37514861207e-05, 2.69821248366e-05, 3.84111299354e-05, 4.3276912038e-05, 5.64372130611e-05, 3.74616247427e-05, 3.72081267415e-05, 3.19496721204e-05, 2.61252334894e-05, 3.84300583391e-05, 3.0543491448e-05, 2.22174512601e-05, 1.34450538098e-05, 8.5668907559e-06, 6.82043400957e-06, 5.50392587684e-06, 3.08678045258e-06, 2.77372873825e-06, 3.84287523048e-06, 3.2244772683e-06, 2.24802852244e-06, 1.74336548753e-06, 1.37545953294e-06, 1.18965215279e-06, 9.96493440653e-07, 7.95097548689e-07, 5.10977884005e-07, 3.68265773432e-07, 5.53383131319e-07, 4.4009621547e-07], "dvar2": [1.34324318424e-05, 2.95623012789e-05, 3.33875459546e-06, 8.67300002483e-07, 1.14424032915e-07, 8.50667163377e-08, 1.53334411834e-07, 5.70461757832e-08, 2.68998725517e-08, 1.38989628695e-08, 2.06031494088e-08, 4.61135529761e-09, 1.01323065493e-08, 4.98634689095e-09, 1.35705073845e-08, 5.09909137136e-09, 7.20471637905e-09, 3.38401950906e-09, 2.58228571859e-09, 4.23470147837e-09, 1.58913826542e-09, 2.29610042091e-09, 1.13705211913e-09, 4.75664174715e-10, 3.13343906377e-10, 1.15445442095e-09, 6.04914285329e-10, 7.85176423879e-10, 2.3585089437e-09, 8.15656098219e-10, 1.00573188666e-10, 1.58052917976e-10, 8.0946388481e-11, 2.5715840915e-11, 2.98894659023e-11, 1.86570758842e-11, 4.06328963531e-11, 5.9029205135e-11, 2.09484304903e-11, 4.10367226311e-12], "var": [1.8965187337e-05, 3.50122754753e-05, 3.50457708009e-06, 3.73218000504e-07, 1.92286520928e-07, 8.19786478701e-08, 1.3063113613e-07, 8.01714534759e-08, 3.0949525609e-08, 9.90651027877e-09, 1.7766291549e-08, 3.32613692144e-09, 8.16776424273e-09, 4.04920497132e-09, 1.08120428166e-08, 3.84713239043e-09, 5.78746517377e-09, 2.69655919816e-09, 1.85434401168e-09, 3.66324370837e-09, 1.59896684782e-09, 1.72813308108e-09, 1.1076806139e-09, 4.56435861329e-10, 3.38424455126e-10, 1.9631001269e-09, 9.02517893753e-10, 8.1083861847e-10, 1.54242874029e-09, 5.29005006467e-10, 1.1157355595e-10, 9.94532026177e-11, 6.6857103187e-11, 3.47327860917e-11, 3.12707706951e-11, 2.0673874071e-11, 3.92395525795e-11, 7.94316834529e-11, 2.6366754266e-11, 7.98437010952e-12], "dmean2": [0.00207983958535, 0.00313598918729, 0.00108551047742, 0.000457405520137, 0.000222955219215, 0.000182940930245, 0.000206095821341, 0.000160000956384, 0.000118032490718, 7.98190303613e-05, 9.74408394541e-05, 4.54408072983e-05, 6.69169821776e-05, 5.64597357879e-05, 8.50721553434e-05, 5.25075083715e-05, 5.55496044399e-05, 4.30533182225e-05, 3.57597091352e-05, 4.74235639558e-05, 3.0339049772e-05, 2.99620423903e-05, 2.11125388887e-05, 1.3362631762e-05, 1.16898172564e-05, 1.69716004166e-05, 1.14100303108e-05, 1.13947780847e-05, 1.32470358949e-05, 9.35536536417e-06, 5.72598673898e-06, 6.24570839136e-06, 4.71393968837e-06, 3.00823239741e-06, 3.08180187858e-06, 2.55188660958e-06, 2.23823803935e-06, 2.20580523091e-06, 2.17137221625e-06, 1.22304129491e-06], "max": [0.0265520568937, 0.0344760157168, 0.0154025442898, 0.00822118762881, 0.00561139872298, 0.00311681767926, 0.00411625299603, 0.00340854120441, 0.00175147643313, 0.00147271365859, 0.0016850293614, 0.000794562045485, 0.00102879921906, 0.000751490180846, 0.00150993571151, 0.000855201855302, 0.00156232947484, 0.000758328125812, 0.000600637926254, 0.000654467090499, 0.00053497008048, 0.000658731849398, 0.000431684748037, 0.000346361572156, 0.000191525061382, 0.000538517429959, 0.000309542025207, 0.000474662898341, 0.00118323718198, 0.000775730703026, 0.000158831797307, 9.87601160887e-05, 8.68617426022e-05, 6.11303548794e-05, 5.37847627129e-05, 5.19297755091e-05, 0.000152221386088, 0.000232535196119, 0.000108730666398, 3.38853060384e-05], "dmean": [0.00138894608244, 0.0022006216459, 0.000698744610418, 0.000271797878668, 0.000146386722918, 0.000113335809147, 0.00012427168258, 0.000108192645712, 7.70748956711e-05, 5.12991464348e-05, 6.25566608505e-05, 2.89210947813e-05, 4.10335596825e-05, 3.44100408256e-05, 5.29350872966e-05, 3.23017884512e-05, 3.38903082593e-05, 2.58659420069e-05, 2.11716433114e-05, 2.8751370337e-05, 1.83396095963e-05, 1.84542986972e-05, 1.31442693601e-05, 8.35728860693e-06, 7.12633027433e-06, 1.12843845272e-05, 7.49790979171e-06, 7.35550975151e-06, 8.4856610556e-06, 5.8071186686e-06, 3.63503022527e-06, 3.7795366552e-06, 2.80018207377e-06, 1.9158401301e-06, 1.98520365302e-06, 1.60280751516e-06, 1.44723867379e-06, 1.44386012835e-06, 1.38953885198e-06, 8.0953611814e-07]}, "spectral_decrease": {"dvar": 1.13398438329e-17, "mean": -8.145478958e-09, "min": -3.2569978714e-08, "median": -5.59983748261e-09, "dvar2": 2.52916394901e-17, "var": 5.30311578757e-17, "dmean2": 3.59620466739e-09, "max": 1.65105484308e-28, "dmean": 2.45839881785e-09}, "spectral_rolloff": {"dvar": 674769.875, "mean": 2109.41650391, "min": 86.1328125, "median": 1421.19140625, "dvar2": 1437081.375, "var": 7303407.5, "dmean2": 906.500244141, "max": 19832.0800781, "dmean": 575.089233398}, "melbands_crest": {"dvar": 7.75660562515, "mean": 13.9727954865, "min": 1.56912899017, "median": 12.9349451065, "dvar2": 15.5580272675, "var": 36.4596672058, "dmean2": 4.15009212494, "max": 30.5581455231, "dmean": 2.83638525009}, "barkbands_skewness": {"dvar": 0.243852138519, "mean": 1.21811211109, "min": -2.18767380714, "median": 1.08862197399, "dvar2": 0.557170987129, "var": 1.26484906673, "dmean2": 0.699116587639, "max": 7.68447351456, "dmean": 0.480082064867}, "spectral_centroid": {"dvar": 88564.7421875, "mean": 1708.35705566, "min": 193.654251099, "median": 1444.53369141, "dvar2": 194165.859375, "var": 2015204.5, "dmean2": 401.954193115, "max": 11872.0849609, "dmean": 265.196838379}, "spectral_energyband_middle_low": {"dvar": 2.29567558563e-05, "mean": 0.00856947060674, "min": 1.46238390899e-22, "median": 0.00675773434341, "dvar2": 5.44190843357e-05, "var": 5.86346068303e-05, "dmean2": 0.00456552533433, "max": 0.0621267557144, "dmean": 0.00297927763313}, "erbbands_crest": {"dvar": 3.90921282768, "mean": 7.04420614243, "min": 2.36885690689, "median": 6.18873500824, "dvar2": 9.46003913879, "var": 10.8178539276, "dmean2": 3.13762235641, "max": 26.7319507599, "dmean": 1.96090960503}, "dynamic_complexity": 3.53303575516, "spectral_energyband_low": {"dvar": 0.000187987898244, "mean": 0.0187878720462, "min": 8.27664263174e-24, "median": 0.00735906837508, "dvar2": 0.000404458172852, "var": 0.000583189248573, "dmean2": 0.0125835426152, "max": 0.116636686027, "dmean": 0.00857661943883}, "silence_rate_60dB": {"dvar": 0.0174266453832, "mean": 0.102660208941, "min": 0, "median": 0, "dvar2": 0.0395139381289, "var": 0.0921372696757, "dmean2": 0.0354759059846, "max": 1, "dmean": 0.017736332491}, "erbbands_kurtosis": {"dvar": 0.457235217094, "mean": -0.0673045739532, "min": -1.67202615738, "median": -0.284953474998, "dvar2": 1.12119972706, "var": 1.01495409012, "dmean2": 0.819748282433, "max": 16.2914199829, "dmean": 0.524840831757}, "spectral_complexity": {"dvar": 19.5437221527, "mean": 26.0628032684, "min": 0, "median": 26, "dvar2": 38.2477722168, "var": 188.074462891, "dmean2": 6.46685552597, "max": 60, "dmean": 4.32510519028}, "barkbands_crest": {"dvar": 7.48253440857, "mean": 10.1156301498, "min": 2.38331627846, "median": 8.95100688934, "dvar2": 18.5530872345, "var": 22.0448474884, "dmean2": 4.27891397476, "max": 25.3292064667, "dmean": 2.70206046104}, "spectral_energy": {"dvar": 0.000163076998433, "mean": 0.0333076417446, "min": 9.90714704331e-21, "median": 0.0236401949078, "dvar2": 0.000361335638445, "var": 0.000829900149256, "dmean2": 0.0139575432986, "max": 0.125504001975, "dmean": 0.00954187102616}, "spectral_spread": {"dvar": 1001526263810.0, "mean": 4959087, "min": 550572.5625, "median": 4334790.5, "dvar2": 2186959126530.0, "var": 25314029731800.0, "dmean2": 1004018.375, "max": 45898416, "dmean": 683982.625}, "spectral_contrast_valleys": {"dvar": [0.114595979452, 0.101355664432, 0.0968314856291, 0.123598501086, 0.174737304449, 0.625051319599], "mean": [-7.42255115509, -6.8669667244, -7.50652074814, -7.49456071854, -7.91456890106, -10.6659040451], "min": [-28.0054664612, -28.2007350922, -27.8443870544, -27.735376358, -27.5135326385, -27.4575386047], "median": [-6.84086704254, -6.39991283417, -6.99538898468, -6.91414070129, -7.23065233231, -9.8484210968], "dvar2": [0.251476019621, 0.227012246847, 0.210096389055, 0.256217569113, 0.354532182217, 1.2349126339], "var": [7.89429235458, 7.66360664368, 7.27364444733, 7.50337028503, 8.56627845764, 8.41227626801], "dmean2": [0.594295799732, 0.556436777115, 0.5284678936, 0.498063802719, 0.484809070826, 0.840663254261], "max": [-5.15552139282, -4.75579690933, -5.65428972244, -5.73992061615, -5.57512521744, -7.49824523926], "dmean": [0.367641419172, 0.339952200651, 0.330305963755, 0.314198315144, 0.322182893753, 0.580470323563]}, "spectral_rms": {"dvar": 6.84812334839e-07, "mean": 0.00506674032658, "min": 3.10894018862e-12, "median": 0.00480245845392, "dvar2": 1.42677993153e-06, "var": 6.82345626046e-06, "dmean2": 0.00105242372956, "max": 0.0110653936863, "dmean": 0.000729612540454}, "barkbands_spread": {"dvar": 48.7653656006, "mean": 27.8153076172, "min": 1.05133783817, "median": 25.288105011, "dvar2": 110.229110718, "var": 219.143035889, "dmean2": 9.51608181, "max": 106.49949646, "dmean": 6.33206605911}, "pitch_salience": {"dvar": 0.00596650177613, "mean": 0.545464575291, "min": 0.114893093705, "median": 0.570053398609, "dvar2": 0.0128982067108, "var": 0.0198534503579, "dmean2": 0.120303601027, "max": 0.869284749031, "dmean": 0.0797907859087}, "erbbands_skewness": {"dvar": 0.0633337050676, "mean": -0.229694411159, "min": -3.05093765259, "median": -0.238805726171, "dvar2": 0.144858211279, "var": 0.226223662496, "dmean2": 0.405911773443, "max": 2.92170739174, "dmean": 0.26560151577}, "spectral_energyband_middle_high": {"dvar": 3.75736021851e-06, "mean": 0.00567173492163, "min": 1.20735936521e-21, "median": 0.00510699860752, "dvar2": 8.56293445395e-06, "var": 1.68435435626e-05, "dmean2": 0.0026301285252, "max": 0.0251652486622, "dmean": 0.0016992483288}, "erbbands": {"dvar": [0.0584932230413, 6.47202825546, 101.74937439, 64.2639007568, 77.8000717163, 57.5382080078, 28.1485137939, 59.1565933228, 291.111633301, 196.841400146, 159.42024231, 170.557098389, 358.895263672, 130.195083618, 496.912567139, 444.717315674, 651.963317871, 594.949035645, 388.811706543, 453.191589355, 402.606842041, 610.854797363, 343.161224365, 163.726913452, 700.11151123, 569.503601074, 1726.48303223, 193.432022095, 153.583740234, 42.8722305298, 31.6024265289, 28.3116226196, 40.9999465942, 3.93130850792, 0.651696562767, 0.166222512722, 0.0304123423994, 0.00306841754355, 6.66587875457e-05, 3.7343190229e-07], "mean": [0.256125658751, 2.84350085258, 6.9427523613, 7.59868955612, 6.68693637848, 8.04791355133, 7.93556594849, 9.3807888031, 15.6663274765, 18.1499824524, 18.6623668671, 14.4902353287, 20.1567764282, 12.4960746765, 23.7106971741, 26.79337883, 32.4732818604, 30.9089698792, 28.7645015717, 33.2997207642, 35.9317436218, 30.9071388245, 23.0293197632, 18.995054245, 29.832660675, 20.2090625763, 20.1842670441, 12.3573141098, 10.6410961151, 7.72460842133, 5.8468170166, 3.91636538506, 3.26816821098, 2.1971912384, 1.17859494686, 0.586653351784, 0.231619730592, 0.0636918097734, 0.00977794639766, 0.000804965442512], "min": [5.14184776059e-23, 5.3710946524e-22, 2.41628261877e-21, 4.15652239746e-21, 5.83078078981e-21, 1.60777803192e-20, 3.1605000855e-20, 7.12358314631e-20, 1.1298476789e-19, 1.51489366244e-19, 2.74243848027e-19, 2.62176575359e-19, 6.33073996421e-19, 3.93827332931e-19, 5.50687169302e-19, 9.6568921439e-19, 9.49745101288e-19, 1.72465565395e-18, 2.58143981985e-18, 3.06441465629e-18, 3.18246801216e-18, 4.17747798753e-18, 4.31714702037e-18, 6.73026985443e-18, 6.20794210714e-18, 7.41593144471e-18, 9.10228967027e-18, 1.0019973768e-17, 1.01994363922e-17, 1.22334362953e-17, 1.1150915781e-17, 9.43741693236e-18, 9.08450776864e-18, 6.58627135827e-18, 6.30776709065e-18, 3.71412160047e-18, 2.12154518366e-18, 9.84534249901e-19, 2.22343020878e-19, 2.46891311615e-20], "median": [0.0621615499258, 0.762854874134, 2.11577033997, 3.26366043091, 3.52543497086, 4.37597465515, 4.73016357422, 5.23816776276, 6.56606197357, 10.4863204956, 12.1113529205, 9.11637401581, 11.3203849792, 8.1034412384, 12.8042736053, 17.3977603912, 22.2178211212, 20.7269077301, 20.4676208496, 25.7257862091, 29.8343544006, 21.6600131989, 12.8021774292, 9.07715034485, 6.63059425354, 4.41462135315, 6.18456792831, 4.49726963043, 3.08509993553, 2.24385380745, 1.67402637005, 1.01291465759, 0.647183656693, 0.568010091782, 0.248683944345, 0.0853580310941, 0.0271922312677, 0.00676453579217, 0.00120301847346, 0.000139406547532], "dvar2": [0.102415956557, 15.7657308578, 182.29246521, 145.674362183, 207.596572876, 145.937149048, 64.0469589233, 149.585449219, 830.180297852, 426.700195313, 366.364471436, 404.68057251, 829.736572266, 288.319091797, 1238.1427002, 1134.5078125, 1546.63085938, 1544.24865723, 1013.12115479, 1162.93981934, 1026.5826416, 1469.17980957, 804.864501953, 409.056335449, 1519.21459961, 1287.43200684, 4227.39746094, 411.443572998, 406.324768066, 96.5126037598, 73.175453186, 60.7171363831, 80.1326675415, 7.84352064133, 1.2001529932, 0.278543591499, 0.0500805824995, 0.0054720537737, 0.000105461345811, 5.90138085954e-07], "var": [0.178643614054, 16.7331123352, 181.807525635, 125.85723877, 111.337669373, 115.987426758, 89.9671325684, 141.194519043, 721.554443359, 541.656982422, 458.54397583, 293.461181641, 725.617492676, 221.791915894, 1009.38433838, 887.799499512, 1250.88818359, 1329.57385254, 894.587280273, 1072.0925293, 1166.78186035, 1210.14831543, 865.555175781, 573.797729492, 2685.38354492, 1595.1282959, 2891.34008789, 453.433258057, 282.028167725, 134.870422363, 86.1139144897, 71.5389862061, 117.592010498, 14.7736377716, 3.47202944756, 0.985332787037, 0.169831469655, 0.0141689255834, 0.000325169501593, 1.89206286905e-06], "dmean2": [0.173827126622, 2.34235286713, 6.79440402985, 6.82222127914, 6.82880067825, 6.78000068665, 5.4885840416, 7.63259458542, 14.5815639496, 13.8389701843, 13.7687063217, 13.5730361938, 19.5723609924, 11.5240879059, 22.4919090271, 24.4415779114, 29.8166656494, 26.209690094, 24.0533027649, 26.1964454651, 25.9002246857, 24.4907131195, 17.3779716492, 13.5733337402, 19.82787323, 15.3452129364, 18.4662475586, 10.2558736801, 10.0723562241, 5.80948495865, 4.92593431473, 3.61583018303, 3.0761744976, 1.6267336607, 0.691763341427, 0.29993507266, 0.116513550282, 0.0340187214315, 0.00527697755024, 0.000421190692578], "max": [2.55882501602, 24.2541637421, 90.6167144775, 101.225860596, 139.042236328, 123.205734253, 112.559799194, 128.278442383, 311.783233643, 275.865478516, 235.386749268, 245.944229126, 339.679107666, 205.335266113, 386.741363525, 342.418457031, 537.333190918, 682.007995605, 388.116943359, 458.788116455, 449.158782959, 525.394104004, 363.180450439, 218.792282104, 772.877380371, 547.9140625, 1555.54101563, 438.094421387, 153.919464111, 107.670463562, 94.3783950806, 171.496749878, 265.867156982, 51.3300247192, 15.4250221252, 6.68688821793, 2.56614017487, 0.667824149132, 0.133307769895, 0.00992472562939], "dmean": [0.12524984777, 1.51498472691, 4.87680244446, 4.36341905594, 4.01903486252, 4.17896604538, 3.51841521263, 4.72284030914, 8.75331401825, 9.23885726929, 9.076379776, 8.75984859467, 12.6012392044, 7.38334083557, 13.8247184753, 14.9274492264, 18.5448493958, 16.0903396606, 14.4794435501, 15.8449583054, 15.8135070801, 15.2400302887, 11.0124416351, 8.45052337646, 13.228302002, 10.0474271774, 11.8433046341, 6.61249780655, 6.07366228104, 3.65724754333, 3.20915961266, 2.34607315063, 2.01587986946, 1.08436286449, 0.455683022738, 0.205747976899, 0.0830368995667, 0.0248287338763, 0.00374962529168, 0.000297862308798]}, "dissonance": {"dvar": 0.000162073163665, "mean": 0.481250703335, "min": 0.334384053946, "median": 0.485567122698, "dvar2": 0.000434935442172, "var": 0.000264829286607, "dmean2": 0.0207265354693, "max": 0.499996513128, "dmean": 0.0121664209291}, "erbbands_flatness_db": {"dvar": 0.000539512431715, "mean": 0.145940199494, "min": 0.0425212271512, "median": 0.127539649606, "dvar2": 0.00119489326607, "var": 0.00454001268372, "dmean2": 0.026262531057, "max": 0.377644658089, "dmean": 0.0179847870022}, "melbands_kurtosis": {"dvar": 91.9643783569, "mean": 10.6361265182, "min": -1.77220952511, "median": 5.2767291069, "dvar2": 204.934356689, "var": 219.646820068, "dmean2": 8.83753108978, "max": 161.673522949, "dmean": 5.98284673691}, "melbands_spread": {"dvar": 82.1741485596, "mean": 29.735332489, "min": 1.07196116447, "median": 23.8974533081, "dvar2": 181.626174927, "var": 561.683349609, "dmean2": 12.1085939407, "max": 188.540512085, "dmean": 8.00264644623}, "melbands_skewness": {"dvar": 0.53325599432, "mean": 2.56319928169, "min": -0.698327898979, "median": 2.22914171219, "dvar2": 1.14938080311, "var": 2.67584848404, "dmean2": 0.98159879446, "max": 10.4190187454, "dmean": 0.679591417313}, "spectral_entropy": {"dvar": 0.0490465313196, "mean": 7.712495327, "min": 5.7667298317, "median": 7.77472925186, "dvar2": 0.112812578678, "var": 0.320650160313, "dmean2": 0.271671205759, "max": 9.82884311676, "dmean": 0.178115919232}, "zerocrossingrate": {"dvar": 0.0001496279001, "mean": 0.0696016177535, "min": 0.0029296875, "median": 0.0537109375, "dvar2": 0.000202717506909, "var": 0.00474931439385, "dmean2": 0.012758529745, "max": 0.53173828125, "dmean": 0.0109918192029}, "average_loudness": 0.837767958641, "spectral_contrast_coeffs": {"dvar": [0.00155885121785, 0.0010997436475, 0.0008244990604, 0.000639601203147, 0.000391071429476, 0.000944000668824], "mean": [-0.666045188904, -0.77233684063, -0.791403353214, -0.79261225462, -0.781647741795, -0.758035957813], "min": [-0.982998669147, -0.978688061237, -0.977703988552, -0.970082640648, -0.967481017113, -0.964807093143], "median": [-0.668753445148, -0.775890886784, -0.794295668602, -0.796706497669, -0.784125030041, -0.747101426125], "dvar2": [0.00360167282633, 0.00303936004639, 0.00221575959586, 0.00163682876155, 0.000950712768827, 0.00191361701582], "var": [0.0082686021924, 0.00358953140676, 0.00285810790956, 0.00261643412523, 0.00232357578352, 0.00316492491402], "dmean2": [0.07144395262, 0.0685264617205, 0.0586132444441, 0.0495047755539, 0.0359153859317, 0.0418763011694], "max": [-0.308931916952, -0.493656158447, -0.539609253407, -0.574288189411, -0.525218367577, -0.562162041664], "dmean": [0.0456137210131, 0.0411207228899, 0.0356518663466, 0.0301893819124, 0.0222364850342, 0.0264490228146]}, "barkbands_flatness_db": {"dvar": 0.000826539879199, "mean": 0.124086923897, "min": 0.0191536210477, "median": 0.101968362927, "dvar2": 0.00187269900925, "var": 0.00462156999856, "dmean2": 0.0373112633824, "max": 0.352281957865, "dmean": 0.0255329310894}, "silence_rate_30dB": {"dvar": 0.00418786145747, "mean": 0.99780601263, "min": 0, "median": 1, "dvar2": 0.0123642971739, "var": 0.00218928535469, "dmean2": 0.00841181352735, "max": 1, "dmean": 0.00420552212745}, "spectral_energyband_high": {"dvar": 1.88023489045e-06, "mean": 0.00170838297345, "min": 6.83310720355e-21, "median": 0.000643965962809, "dvar2": 3.98874044549e-06, "var": 6.41975657345e-06, "dmean2": 0.00109294103459, "max": 0.0335718281567, "dmean": 0.000736085639801}, "melbands_flatness_db": {"dvar": 0.00131857418455, "mean": 0.195191919804, "min": 0.00204243208282, "median": 0.179456144571, "dvar2": 0.00302670826204, "var": 0.00800603907555, "dmean2": 0.0473534800112, "max": 0.477862358093, "dmean": 0.0327260605991}, "barkbands": {"dvar": [7.87412179903e-09, 0.000100738783658, 0.000108485881356, 7.42312749935e-06, 5.18242768521e-06, 6.03602359206e-07, 1.00687589111e-06, 5.56655095352e-07, 3.0678688745e-07, 2.66847280272e-07, 2.33034796793e-07, 2.11363669678e-07, 3.31187635538e-07, 2.42813399609e-07, 1.49632853663e-07, 2.1184504817e-07, 1.94052447e-07, 1.01920527129e-07, 1.78367940862e-07, 2.86326525156e-07, 5.07889183154e-07, 9.93750788325e-08, 3.41977504092e-08, 1.08773257068e-07, 1.70857425985e-08, 9.11372843859e-09, 2.71598543655e-09], "mean": [5.07950353494e-05, 0.0113534005359, 0.0061248736456, 0.00215078890324, 0.0024068846833, 0.0010589545127, 0.000908217392862, 0.00107181572821, 0.00058899942087, 0.000581413274631, 0.000536465493497, 0.000544348964468, 0.000686922983732, 0.00062416336732, 0.000519768334925, 0.000689733307809, 0.000573407276534, 0.000375430594431, 0.000539111031685, 0.000450668361736, 0.000383329868782, 0.000289726274787, 0.000208498255233, 0.000191286279005, 0.000177650770638, 0.000132751447381, 6.41108272248e-05], "min": [1.37911350508e-25, 1.49596623838e-24, 9.79437078148e-25, 6.6603516367e-25, 3.05497528207e-24, 8.3772294969e-24, 3.18472850427e-24, 8.06399491955e-24, 9.37811254762e-24, 1.54537441125e-23, 8.62112556728e-24, 2.35913555317e-23, 1.9745073284e-23, 2.87796968608e-23, 4.29069429622e-23, 3.99182803139e-23, 5.58321038836e-23, 7.51751436735e-23, 9.79724412844e-23, 1.37839824293e-22, 2.0883003562e-22, 2.98225015578e-22, 4.15367477367e-22, 5.40841067623e-22, 7.87609279576e-22, 1.2652455493e-21, 1.82956942834e-21], "median": [7.55286691856e-06, 0.00294310133904, 0.00169262546115, 0.000746298232116, 0.00150887365453, 0.000627027533483, 0.000450439634733, 0.000625411048532, 0.000346831482602, 0.000349039502908, 0.000295449863188, 0.000342638260918, 0.000459543109173, 0.000413199159084, 0.000359174911864, 0.000506681972183, 0.000385758059565, 0.000195360044017, 0.000159128787345, 9.56972362474e-05, 0.000140204239869, 8.1169520854e-05, 6.2114035245e-05, 4.44660508947e-05, 4.32316810475e-05, 1.64805624081e-05, 7.71236227592e-06], "dvar2": [1.6848616724e-08, 0.000232957769185, 0.000211538601434, 1.87265341083e-05, 1.36218477564e-05, 1.47021592056e-06, 2.84908196591e-06, 1.16183844057e-06, 7.31024783818e-07, 6.18464582658e-07, 5.55248504952e-07, 5.39329903404e-07, 7.988197126e-07, 6.25095481155e-07, 3.9361671611e-07, 5.38205995326e-07, 4.85885664148e-07, 2.43781329345e-07, 3.90933905692e-07, 6.59372460632e-07, 1.18267337257e-06, 2.52296928238e-07, 7.77529862717e-08, 2.13112713254e-07, 3.21681632443e-08, 1.46824392644e-08, 4.27863389163e-09], "var": [1.22768328836e-08, 0.000278229854302, 0.000164091587067, 1.50095611389e-05, 8.68283768796e-06, 1.57998249506e-06, 2.13696807805e-06, 1.752436674e-06, 5.42637110357e-07, 5.40076825928e-07, 4.76791086612e-07, 4.12648830661e-07, 6.19835589077e-07, 5.30131956111e-07, 3.26027958408e-07, 5.39827908597e-07, 4.06804161912e-07, 2.44660213866e-07, 7.48065815515e-07, 7.98214102815e-07, 8.66140453581e-07, 2.05497443062e-07, 1.03931455442e-07, 3.10485233967e-07, 7.90153507069e-08, 5.36836921583e-08, 1.36595046385e-08], "dmean2": [5.9378457081e-05, 0.00896143261343, 0.00697196274996, 0.00220531155355, 0.00196296209469, 0.000827982614283, 0.000914996373467, 0.000772639934439, 0.000590027775615, 0.000548722746316, 0.000511339283548, 0.000548718729988, 0.000674675975461, 0.00055651582079, 0.000464003765956, 0.000552255136427, 0.000487233919557, 0.000306660745991, 0.000358038028935, 0.000349655456375, 0.000343903229805, 0.000258709478658, 0.000162848358741, 0.000177840134711, 0.000113544163469, 6.50466972729e-05, 3.34704018314e-05], "max": [0.000933757750317, 0.0949040204287, 0.0914535969496, 0.0461729690433, 0.0346077792346, 0.0137251596898, 0.0175285041332, 0.0159171726555, 0.0115916319191, 0.00898406002671, 0.00755089567974, 0.00670665828511, 0.0108705442399, 0.0135961417109, 0.00651578977704, 0.00726722786203, 0.00762087106705, 0.00596806965768, 0.0115484707057, 0.0157690010965, 0.027656070888, 0.00422251131386, 0.00294089084491, 0.013638404198, 0.00297184567899, 0.00140435039066, 0.00079827971058], "dmean": [3.97116709792e-05, 0.00581003725529, 0.00476889451966, 0.00131534226239, 0.00120750104543, 0.000518365355674, 0.000542478286661, 0.000528102740645, 0.000376983371098, 0.000355084892362, 0.000319428974763, 0.000329600763507, 0.000417682400439, 0.000338630954502, 0.000277101731626, 0.000335527816787, 0.000298860657495, 0.000192313120351, 0.000236345891608, 0.000228618679103, 0.000220836664084, 0.000157132279128, 0.000107337662484, 0.000117068309919, 7.63528223615e-05, 4.67181343993e-05, 2.36666455748e-05]}, "erbbands_spread": {"dvar": 39.3859100342, "mean": 38.0480880737, "min": 4.6685500145, "median": 36.2109642029, "dvar2": 85.7984466553, "var": 254.615142822, "dmean2": 9.59141540527, "max": 109.08795929, "dmean": 6.38872432709}, "barkbands_kurtosis": {"dvar": 13.1181745529, "mean": 2.05510592461, "min": -1.87634146214, "median": 0.490535706282, "dvar2": 32.787651062, "var": 24.2434329987, "dmean2": 3.05750894547, "max": 87.2750396729, "dmean": 2.007127285}, "spectral_flux": {"dvar": 0.000695476308465, "mean": 0.0822229683399, "min": 6.34582386638e-11, "median": 0.0733260065317, "dvar2": 0.00183303141966, "var": 0.00269108521752, "dmean2": 0.038567841053, "max": 0.289940595627, "dmean": 0.0236923824996}, "silence_rate_20dB": {"dvar": 0, "mean": 1, "min": 1, "median": 1, "dvar2": 0, "var": 0, "dmean2": 0, "max": 1, "dmean": 0}, "gfcc": {"cov": [[36079.75, -4526.91113281, -674.710632324, 2135.04150391, -1434.6484375, 744.863647461, -784.042236328, 556.505187988, -727.916870117, 545.164550781, -773.569824219, 69.9593505859, -574.139160156], [-4526.91113281, 4574.85986328, -1068.66455078, -475.442230225, 632.588745117, -162.722381592, 255.33883667, -269.829528809, 293.575317383, -357.300567627, 252.418746948, -126.51852417, 196.36126709], [-674.710632324, -1068.66455078, 973.090698242, 130.645370483, 94.1382141113, 165.222366333, 57.0083236694, 84.0768814087, 7.06672906876, 116.655204773, -82.4506912231, 42.2174530029, -66.3092193604], [2135.04150391, -475.442230225, 130.645370483, 493.606201172, -37.2121315002, 120.906784058, 60.253490448, 31.0944900513, -22.5757274628, 43.2410354614, -56.473285675, -16.9683227539, -36.8705673218], [-1434.6484375, 632.588745117, 94.1382141113, -37.2121315002, 323.623168945, -9.88613128662, 131.972579956, -12.3137569427, 70.5216598511, -36.0010414124, 41.0405197144, -16.3693904877, 14.0852746964], [744.863647461, -162.722381592, 165.222366333, 120.906784058, -9.88613128662, 244.351867676, 12.6044063568, 43.8244247437, 14.2924633026, 8.29558753967, -30.3998756409, 4.29578876495, -11.0568122864], [-784.042236328, 255.33883667, 57.0083236694, 60.253490448, 131.972579956, 12.6044063568, 173.246765137, -0.559230148792, 56.3137359619, -9.7970085144, 28.1300888062, 3.71874260902, 9.683385849], [556.505187988, -269.829528809, 84.0768814087, 31.0944900513, -12.3137569427, 43.8244247437, -0.559230148792, 118.543640137, -16.3840637207, 42.1270027161, 3.09732699394, 0.810963094234, -2.7238035202], [-727.916870117, 293.575317383, 7.06672906876, -22.5757274628, 70.5216598511, 14.2924633026, 56.3137359619, -16.3840637207, 136.075653076, -1.382417202, 27.2174091339, 25.6572704315, 19.9878082275], [545.164550781, -357.300567627, 116.655204773, 43.2410354614, -36.0010414124, 8.29558753967, -9.7970085144, 42.1270027161, -1.382417202, 96.057975769, 0.483485937119, 20.7529029846, -19.7671813965], [-773.569824219, 252.418746948, -82.4506912231, -56.473285675, 41.0405197144, -30.3998756409, 28.1300888062, 3.09732699394, 27.2174091339, 0.483485937119, 92.1734466553, 10.1276264191, 39.5766716003], [69.9593505859, -126.51852417, 42.2174530029, -16.9683227539, -16.3693904877, 4.29578876495, 3.71874260902, 0.810963094234, 25.6572704315, 20.7529029846, 10.1276264191, 79.8586425781, 11.26445961], [-574.139160156, 196.36126709, -66.3092193604, -36.8705673218, 14.0852746964, -11.0568122864, 9.683385849, -2.7238035202, 19.9878082275, -19.7671813965, 39.5766716003, 11.26445961, 77.0453033447]], "mean": [-12.5784721375, 90.5125579834, -112.347221375, 21.2964439392, -36.464553833, 10.0803279877, -30.7082462311, 3.32982945442, -14.6997423172, 2.75426483154, -13.2112054825, -1.56760907173, -10.0137033463], "icov": [[0.000102118923678, -5.94607445237e-05, 0.000259991211351, -0.000394635222619, 4.33310560766e-05, -0.00016682385467, 0.000335467018886, -0.000411397864809, 0.000305005931295, -0.000503122922964, 0.000647492881399, -0.000503148126882, 0.000391615263652], [-5.94607445237e-05, 0.00100542104337, 0.000777551496867, 0.000698258285411, -0.00155463174451, -0.000436313508544, -0.000402842531912, 0.00123076781165, -0.00118650996592, 0.00122330198064, -0.000979464617558, 0.0013887193054, -0.000764697033446], [0.000259991211351, 0.000777551496867, 0.00333280186169, -0.000402498902986, -0.00237856525928, -0.00189216551371, 0.000309979572194, -0.000339997903211, 0.000233591534197, -0.00263397092931, 0.00291695655324, -0.00109494454227, 0.00066914310446], [-0.000394635222619, 0.000698258285411, -0.000402498902986, 0.0047238022089, -0.000303041073494, -0.000912333780434, -0.00344605674036, 0.00237306859344, -0.000965373474173, 0.000669249333441, -0.00118738843594, 0.00333536555991, -0.00182030163705], [4.33310560766e-05, -0.00155463174451, -0.00237856525928, -0.000303041073494, 0.00824598129839, 0.00135904934723, -0.00299760536291, -0.00183995813131, 0.000158356531756, 0.000788322358858, -0.000681865320075, 7.35870708013e-05, 0.00159287184943], [-0.00016682385467, -0.000436313508544, -0.00189216551371, -0.000912333780434, 0.00135904934723, 0.00639958819374, 4.0592658479e-05, -0.00205371365882, -0.00151412573177, 0.00279012555256, -0.000323963089613, 6.48535933578e-05, -0.000338424695656], [0.000335467018886, -0.000402842531912, 0.000309979572194, -0.00344605674036, -0.00299760536291, 4.0592658479e-05, 0.0115961553529, -0.00206473330036, -0.00114168354776, -0.000293800025247, -0.000210899495869, -0.0027620322071, 0.00190060201567], [-0.000411397864809, 0.00123076781165, -0.000339997903211, 0.00237306859344, -0.00183995813131, -0.00205371365882, -0.00206473330036, 0.0141469817609, -0.00019400754536, -0.00233197025955