{"tonal": {"chords_key": "E", "hpcp_entropy": {"dmean": 0.489675760269, "dmean2": 0.827743709087, "max": 3.55934119225, "dvar": 0.181386381388, "mean": 1.75368356705, "dvar2": 0.491575658321, "min": 0, "var": 0.393142193556, "median": 1.74683499336}, "key_key": "A", "chords_strength": {"dmean": 0.00590167660266, "dmean2": 0.00415613409132, "max": 0.768370985985, "dvar": 3.04759123537e-05, "mean": 0.567002654076, "dvar2": 1.40732518048e-05, "min": 0.277996629477, "var": 0.0120813017711, "median": 0.597696006298}, "key_scale": "minor", "chords_number_rate": 0.00362318847328, "thpcp": [1, 0.730166375637, 0.650958180428, 0.321864634752, 0.0558036193252, 0.17564702034, 0.221242621541, 0.124537557364, 0.0714701041579, 0.0512197464705, 0.0827280879021, 0.369631767273, 0.474346667528, 0.270519673824, 0.487892001867, 0.523899972439, 0.150665134192, 0.0187108926475, 0.0162485968322, 0.080277107656, 0.509510874748, 0.709585905075, 0.292388051748, 0.0276096723974, 0.0112518565729, 0.0130121558905, 0.08428671211, 0.12029671669, 0.0510468147695, 0.0119348298758, 0.0117261828855, 0.0160420387983, 0.0366223789752, 0.0568885989487, 0.191984310746, 0.778329074383], "key_strength": 0.752756118774, "tuning_nontempered_energy_ratio": 0.959663569927, "tuning_frequency": 434.193115234, "chords_changes_rate": 0.0289855077863, "tuning_diatonic_strength": 0.580929934978, "chords_scale": "major", "chords_histogram": [1.55279505253, 0, 2.17391300201, 0, 0, 0, 0.414078682661, 29.0372676849, 5.53830242157, 48.9130439758, 0, 9.8861284256, 0, 0, 0, 0.62111800909, 0.414078682661, 0, 0, 0, 0, 0, 1.44927537441, 0], "tuning_equal_tempered_deviation": 0.231052070856, "hpcp": {"dmean": [0.0517188981175, 0.0513611696661, 0.0377843081951, 0.0125903636217, 0.0111346906051, 0.0354005023837, 0.104030787945, 0.113924443722, 0.064145103097, 0.0178085062653, 0.00734932487831, 0.00698667671531, 0.0215657800436, 0.0262330137193, 0.0131046799943, 0.00584726221859, 0.00722261052579, 0.00986468698829, 0.0208165552467, 0.0320406258106, 0.0890152975917, 0.181628406048, 0.174269735813, 0.147290870547, 0.120624281466, 0.0747541189194, 0.0346982292831, 0.0567581765354, 0.0674548074603, 0.0486403107643, 0.0392386689782, 0.0379369743168, 0.0453822985291, 0.105567984283, 0.110507979989, 0.0748731046915], "dmean2": [0.0850286483765, 0.0875554829836, 0.0632251054049, 0.0236666668206, 0.0210377685726, 0.0615991689265, 0.168317273259, 0.180018812418, 0.103361219168, 0.0323120355606, 0.0137529997155, 0.0125693269074, 0.0338776037097, 0.0384121276438, 0.0196200273931, 0.0105774495751, 0.0132782915607, 0.0174960494041, 0.0379131473601, 0.0572796836495, 0.153243303299, 0.300083547831, 0.287636995316, 0.24732747674, 0.218151301146, 0.132349073887, 0.0644711107016, 0.0944044291973, 0.110980071127, 0.0839916691184, 0.0725264921784, 0.0711073279381, 0.0803983435035, 0.173689931631, 0.178173884749, 0.123131178319], "max": [1, 1, 1, 1, 1, 0.747930407524, 1, 1, 1, 1, 0.470322668552, 0.470158547163, 0.985966265202, 1, 0.597145140171, 0.520830869675, 1, 1, 1, 1, 1, 1, 1, 1, 1, 1, 1, 1, 1, 1, 1, 1, 1, 1, 1, 1], "dvar": [0.0140417702496, 0.0186427552253, 0.00872557237744, 0.00495282933116, 0.00261222664267, 0.00522271823138, 0.0202159900218, 0.0288996640593, 0.00902574229985, 0.00499313976616, 0.00118697830476, 0.000790393271018, 0.00445332145318, 0.00618949765339, 0.00109931582119, 0.000665369152557, 0.00227112579159, 0.0023547061719, 0.00531780952588, 0.00779235782102, 0.01577533409, 0.03751270473, 0.0388136841357, 0.0256138872355, 0.0437324121594, 0.0161907337606, 0.0125941811129, 0.019223542884, 0.0252142101526, 0.017550593242, 0.0211063902825, 0.0209121461958, 0.0130883622915, 0.0269814059138, 0.0322131440043, 0.0102765019983], "mean": [0.229043021798, 0.245947122574, 0.0707304030657, 0.00878390949219, 0.00762797472998, 0.0376864373684, 0.239192083478, 0.333118200302, 0.137262836099, 0.0129614807665, 0.00528223300353, 0.00610861321911, 0.0395687632263, 0.0564738176763, 0.0239641498774, 0.00560285756364, 0.0055049075745, 0.00753100495785, 0.0171925351024, 0.0267066005617, 0.0901278704405, 0.365389972925, 0.469454348087, 0.342779785395, 0.305595159531, 0.151100754738, 0.0261972509325, 0.0824582576752, 0.103863313794, 0.0584646984935, 0.0335519500077, 0.0240453332663, 0.0388370603323, 0.173525243998, 0.22268410027, 0.126996636391], "dvar2": [0.0328202433884, 0.0438433662057, 0.0215173847973, 0.0143678691238, 0.00759119307622, 0.0147884301841, 0.0483155548573, 0.0646629780531, 0.022262390703, 0.0136635666713, 0.00348609895445, 0.00238635810092, 0.0101859038696, 0.0122673660517, 0.00223722378723, 0.00194758921862, 0.00674033770338, 0.00638446072116, 0.0147091420367, 0.0215565692633, 0.0424227453768, 0.0944380387664, 0.0920191034675, 0.0730354040861, 0.131558388472, 0.0479778386652, 0.037019520998, 0.0514909625053, 0.0695168599486, 0.0456863828003, 0.0632868260145, 0.0644773989916, 0.036575101316, 0.0673080608249, 0.0739959403872, 0.0255481489003], "min": [0, 0, 0, 0, 0, 0, 0, 0, 0, 0, 0, 0, 0, 0, 0, 0, 0, 0, 0, 0, 0, 0, 0, 0, 0, 0, 0, 0, 0, 0, 0, 0, 0, 0, 0, 0], "var": [0.14045932889, 0.160176575184, 0.018138576299, 0.00280524999835, 0.00146953971125, 0.00468828203157, 0.0710504874587, 0.13456183672, 0.0297373197973, 0.00337526737712, 0.000704197387677, 0.000493755098432, 0.0130168674514, 0.0262144040316, 0.00387404393405, 0.000402208999731, 0.00124598667026, 0.00163545575924, 0.00384201481938, 0.00604035146534, 0.016665732488, 0.101172603667, 0.138627260923, 0.0783759653568, 0.144690155983, 0.0405385941267, 0.00828025955707, 0.0334410667419, 0.0469453185797, 0.0241141244769, 0.0199472401291, 0.0131968464702, 0.0102047193795, 0.0612544715405, 0.0987664312124, 0.0190002825111], "median": [0.00507842982188, 0.00290560629219, 0.00284437648952, 0.00127040140796, 0.00112348340917, 0.0112275462598, 0.125523597002, 0.160866647959, 0.0578076392412, 0.00187537760939, 0.000934548559599, 0.00106792256702, 0.0021438326221, 0.00326653802767, 0.00411927700043, 0.00181012740359, 0.00102166319266, 0.00063244625926, 0.00357313454151, 0.00597964599729, 0.0380377955735, 0.259644567966, 0.366451770067, 0.298600226641, 0.104731157422, 0.044058278203, 0.00147983641364, 0.00866570882499, 0.0122131407261, 0.00517398538068, 0.000724559300579, 0.000479576934595, 0.00340546644293, 0.0383615978062, 0.0435786396265, 0.0815593078732]}}, "lowlevel": {"melbands_flatness_db": {"dmean": 0.0165728889406, "dmean2": 0.0235101375729, "max": 0.544699013233, "dvar": 0.000247183837928, "mean": 0.344549417496, "dvar2": 0.000481182563817, "min": 0.148401841521, "var": 0.00327080511488, "median": 0.33581674099}, "melbands_crest": {"dmean": 2.85714101791, "dmean2": 4.29717206955, "max": 38.5300712585, "dvar": 8.4541759491, "mean": 16.6109447479, "dvar2": 18.5669994354, "min": 5.94543933868, "var": 45.9022026062, "median": 14.6997489929}, "spectral_entropy": {"dmean": 0.129937827587, "dmean2": 0.182897135615, "max": 8.48717784882, "dvar": 0.0120848175138, "mean": 6.53840923309, "dvar2": 0.0240193605423, "min": 4.66082191467, "var": 0.187775358558, "median": 6.55322122574}, "melbands": {"dmean": [0.00222119851969, 0.00124400819186, 0.000772860832512, 0.000432454340626, 0.000259584019659, 0.000327072630171, 0.000385307066608, 0.000149200452142, 4.57859932794e-05, 4.01938050345e-05, 2.51254950854e-05, 2.04439365916e-05, 1.82341791515e-05, 7.26926327843e-06, 1.29346908579e-05, 9.15663258638e-06, 4.32527076555e-06, 5.9907179093e-06, 2.9983323202e-06, 2.78657921626e-06, 1.62887522492e-06, 1.87169735e-06, 3.22272944686e-06, 1.00317731722e-06, 3.50109871761e-07, 4.37450665913e-07, 5.94397931764e-07, 8.08271522601e-07, 4.01585680265e-07, 2.3853078801e-07, 2.20935447715e-07, 9.96013014287e-08, 1.35811148994e-07, 1.09150718686e-07, 8.15068474935e-08, 6.92372950084e-08, 4.10025577935e-08, 2.76682321498e-08, 1.80596124721e-08, 1.33320030571e-08], "dmean2": [0.00301098660566, 0.00209969468415, 0.00129814399406, 0.000654792471323, 0.000359682017006, 0.000418584211729, 0.000483711832203, 0.000182916148333, 6.6477987275e-05, 5.89135051996e-05, 3.55951269739e-05, 3.05169378407e-05, 2.73594851024e-05, 1.17008421512e-05, 2.08382625715e-05, 1.49105881064e-05, 6.56243764752e-06, 8.87377882464e-06, 5.03758883497e-06, 4.72712645205e-06, 2.78760740002e-06, 3.13135114993e-06, 5.55395581614e-06, 1.71262490767e-06, 5.87217300563e-07, 7.54523512114e-07, 9.85025735645e-07, 1.38963821428e-06, 7.09666039711e-07, 4.05697107908e-07, 3.85122802982e-07, 1.7080537873e-07, 2.20859917022e-07, 1.8894198206e-07, 1.43439379485e-07, 1.19254863762e-07, 6.78323033299e-08, 4.72481822555e-08, 3.09058414416e-08, 2.230586027e-08], "max": [0.0803119242191, 0.0575299300253, 0.03011906147, 0.0150671582669, 0.008793707937, 0.0136830583215, 0.0320103690028, 0.00743080396205, 0.00466543901712, 0.0026859997306, 0.0024557095021, 0.00146828044672, 0.00177154736593, 0.000226851043408, 0.0025056800805, 0.00221654865891, 0.000323389278492, 0.000822003406938, 0.00011937598174, 0.000154889276018, 9.06202621991e-05, 0.000100258883322, 0.000352264090907, 0.000127249251818, 4.13234993175e-05, 3.74371702492e-05, 7.5137220847e-05, 6.95008493494e-05, 4.99451562064e-05, 4.2028932512e-05, 3.34572141583e-05, 1.77365236596e-05, 4.1302304453e-05, 1.93207233679e-05, 2.014261554e-05, 1.88626436284e-05, 1.00685720099e-05, 6.34371644992e-06, 3.47505874743e-06, 2.79883693111e-06], "dvar": [2.2613825422e-05, 9.25516360439e-06, 2.36856681113e-06, 5.29764349722e-07, 1.23439434674e-07, 2.18981895728e-07, 4.52892578551e-07, 1.03909592042e-07, 1.3400888399e-08, 9.26904153431e-09, 3.48463502498e-09, 1.75285574944e-09, 3.51571038948e-09, 1.66016589365e-10, 4.21310808463e-09, 3.21457727104e-09, 9.10179293045e-11, 3.75977554645e-10, 4.78221039157e-11, 6.39436351091e-11, 1.69984408493e-11, 2.53094316338e-11, 2.75420519724e-10, 1.3710282909e-11, 1.20440018635e-12, 2.3727727682e-12, 5.09580355343e-12, 1.27389314375e-11, 4.39319977966e-12, 1.69217428698e-12, 1.09317893279e-12, 1.59120180682e-13, 5.21046367944e-13, 2.91254650606e-13, 1.88888780919e-13, 1.16163006406e-13, 2.85348154339e-14, 1.52559290477e-14, 5.16112929575e-15, 4.07502976946e-15], "mean": [0.00680448580533, 0.00300013832748, 0.0017476407811, 0.00117670418695, 0.000733953726012, 0.000889367191121, 0.000942243321333, 0.000400998716941, 0.000109455060738, 6.98272051523e-05, 4.91069658892e-05, 3.89712586184e-05, 2.86568083538e-05, 1.29371983348e-05, 2.13156981772e-05, 1.41121590786e-05, 1.11964436655e-05, 1.51781350723e-05, 5.72807721255e-06, 4.57435271528e-06, 2.90963407679e-06, 3.65638152289e-06, 4.86797216581e-06, 1.91784261006e-06, 8.57426300627e-07, 8.44334294925e-07, 1.48403080402e-06, 1.5062124703e-06, 7.07560047886e-07, 6.00459486577e-07, 5.17196781402e-07, 3.1473697959e-07, 4.29884948971e-07, 3.02505497984e-07, 2.43045064963e-07, 2.13042085306e-07, 1.3706937807e-07, 9.24280456616e-08, 6.61567867155e-08, 4.83432458509e-08], "dvar2": [3.95740062231e-05, 2.58508953266e-05, 6.84683845975e-06, 1.42916098866e-06, 2.82844126787e-07, 3.63413732885e-07, 6.54109157949e-07, 1.33513722744e-07, 2.38396413721e-08, 1.85482758042e-08, 5.83577142166e-09, 3.37256644833e-09, 6.72162370208e-09, 4.04484001848e-10, 9.68705027304e-09, 7.48712380982e-09, 1.78242989812e-10, 7.11853354041e-10, 1.38285549678e-10, 1.83249346253e-10, 4.68301716849e-11, 6.56340051752e-11, 7.81820552742e-10, 4.09731727713e-11, 3.22754214847e-12, 6.79703559062e-12, 1.42469707906e-11, 3.74751479848e-11, 1.33614256811e-11, 5.14971225385e-12, 3.19149654621e-12, 4.95351318557e-13, 1.31486618468e-12, 8.44604334388e-13, 5.60601532643e-13, 3.307373906e-13, 7.04470458205e-14, 4.18118535942e-14, 1.47871098639e-14, 1.26439589593e-14], "min": [4.63410698703e-10, 5.83763939965e-11, 8.52473647228e-11, 3.11450448764e-10, 1.39189576531e-10, 1.00734476316e-10, 8.76524894333e-11, 8.47748954369e-12, 2.57952201266e-11, 1.71698245899e-11, 8.58375349966e-12, 5.82422434933e-12, 3.47432716277e-12, 1.25191979179e-12, 3.80723751137e-12, 3.23919471974e-12, 2.248867325e-12, 2.45633830116e-12, 1.42835515551e-12, 1.36268752358e-12, 2.48252958988e-12, 2.3986142933e-12, 2.14453368258e-12, 1.38146590521e-12, 1.79337989771e-12, 1.76284128354e-12, 1.0031596864e-12, 1.52539059942e-12, 1.77272714737e-12, 1.63373925933e-12, 9.73093133849e-13, 5.68194905189e-13, 8.86928226175e-13, 1.13291776134e-12, 1.18789201566e-12, 1.44419231348e-12, 1.66179082214e-12, 2.16641505082e-12, 2.10148868793e-12, 9.97666901349e-13], "var": [0.000109988664917, 2.22973994823e-05, 7.50830668039e-06, 2.0784152639e-06, 6.16636270934e-07, 1.19844639812e-06, 2.20856509259e-06, 5.23671019437e-07, 7.7576153501e-08, 2.05470147563e-08, 1.08476134741e-08, 4.81302109279e-09, 7.76989228513e-09, 3.67233299325e-10, 7.08410619055e-09, 4.9271857705e-09, 6.02122296467e-10, 2.15175655072e-09, 1.28362875884e-10, 1.08940967358e-10, 3.2851020515e-11, 5.78206996171e-11, 4.18636875166e-10, 2.79164868305e-11, 6.74891219299e-12, 6.47429028791e-12, 2.81658567997e-11, 3.02379198069e-11, 1.03207026259e-11, 7.8896411973e-12, 4.23621424397e-12, 1.38815293895e-12, 4.16960042882e-12, 1.51120890975e-12, 1.12780184497e-12, 8.03393430341e-13, 2.56530473947e-13, 9.36649778463e-14, 4.9034415444e-14, 2.77097663798e-14], "median": [0.00221149576828, 0.00139520619996, 0.00089619809296, 0.000715549453162, 0.000513753737323, 0.000560209504329, 0.000529491342604, 0.000151486572577, 3.25760411215e-05, 2.97685273836e-05, 2.3535983928e-05, 2.07324210351e-05, 9.65525487118e-06, 6.72798387313e-06, 6.35032120044e-06, 3.28557962348e-06, 4.00368435294e-06, 4.04312731916e-06, 2.39802420765e-06, 2.04681373361e-06, 1.05293952402e-06, 1.18535717775e-06, 7.74185878072e-07, 5.9234849914e-07, 2.85093335606e-07, 3.06261426886e-07, 1.94279053289e-07, 1.54912200401e-07, 8.95727509942e-08, 5.88722386397e-08, 5.73904515022e-08, 4.80452371221e-08, 4.2596091987e-08, 4.21175521126e-08, 6.31219450042e-08, 4.90190856794e-08, 4.5138072835e-08, 3.25712754545e-08, 2.32755699159e-08, 1.54305190847e-08]}, "silence_rate_60dB": {"dmean": 0.00984201021492, "dmean2": 0.0196891184896, "max": 1, "dvar": 0.0097439000383, "mean": 0.105126880109, "dvar2": 0.0208571776748, "min": 0, "var": 0.0940717160702, "median": 0}, "spectral_energyband_middle_high": {"dmean": 0.000403683545301, "dmean2": 0.000600552244578, "max": 0.0370414108038, "dvar": 1.21277787457e-06, "mean": 0.00130786583759, "dvar2": 2.56923226516e-06, "min": 3.32375349466e-10, "var": 5.49740161659e-06, "median": 0.000725824735127}, "erbbands_skewness": {"dmean": 0.400392025709, "dmean2": 0.565599501133, "max": 10.3843364716, "dvar": 0.217297300696, "mean": 1.67813074589, "dvar2": 0.36962684989, "min": -0.794285595417, "var": 1.37980365753, "median": 1.49133336544}, "dynamic_complexity": 3.9416885376, "dissonance": {"dmean": 0.0285225920379, "dmean2": 0.0475366488099, "max": 0.499999582767, "dvar": 0.000688369967975, "mean": 0.41569224, "dvar2": 0.00178366934415, "min": 0.151908829808, "var": 0.00302812200971, "median": 0.427477300167}, "spectral_skewness": {"dmean": 0.288444280624, "dmean2": 0.492146492004, "max": 6.23119115829, "dvar": 0.0570259205997, "mean": 2.80446505547, "dvar2": 0.165938287973, "min": 0.829345524311, "var": 0.402486681938, "median": 2.83479452133}, "spectral_kurtosis": {"dmean": 3.33003807068, "dmean2": 5.84361696243, "max": 55.7008514404, "dvar": 9.67690753937, "mean": 12.2885808945, "dvar2": 29.3955135345, "min": 0.624755620956, "var": 33.1569747925, "median": 11.6277484894}, "gfcc": {"cov": [[10631.8349609, 1691.66687012, -120.72253418, 1303.89013672, 1286.87280273, 599.234924316, 314.648468018, 302.142150879, 253.750015259, -13.1050710678, -452.981323242, -225.560577393, -121.190483093], [1691.66687012, 1039.5715332, 109.535881042, 379.839996338, 678.251220703, 167.285339355, 125.466880798, 88.3921661377, 227.268325806, -72.2682647705, -65.0709609985, -170.113800049, 18.2913532257], [-120.72253418, 109.535881042, 461.913482666, 214.23916626, 260.376464844, 130.479385376, 111.445892334, 34.2450714111, 17.3374633789, 17.9183959961, -56.2740631104, -13.7426490784, -39.6166763306], [1303.89013672, 379.839996338, 214.23916626, 623.429931641, 544.516235352, 154.693496704, 224.436172485, 28.5168190002, 46.5180587769, -4.92870473862, -121.839408875, -71.5690078735, -49.75025177], [1286.87280273, 678.251220703, 260.376464844, 544.516235352, 901.80859375, 271.461425781, 246.650299072, 76.1545791626, 155.529571533, -11.0333271027, -129.846115112, -105.487754822, -35.2429542542], [599.234924316, 167.285339355, 130.479385376, 154.693496704, 271.461425781, 204.23109436, 84.8740768433, 43.6744308472, 43.6328392029, 0.119656652212, -42.3959655762, -26.5894756317, -9.72745418549], [314.648468018, 125.466880798, 111.445892334, 224.436172485, 246.650299072, 84.8740768433, 197.225540161, 41.549243927, 20.0542869568, 16.7254657745, -38.5311889648, -17.8331642151, -23.4962749481], [302.142150879, 88.3921661377, 34.2450714111, 28.5168190002, 76.1545791626, 43.6744308472, 41.549243927, 84.0761871338, 55.4549217224, 8.77639961243, -11.6700725555, -10.3069753647, -2.83649349213], [253.750015259, 227.268325806, 17.3374633789, 46.5180587769, 155.529571533, 43.6328392029, 20.0542869568, 55.4549217224, 127.449356079, 17.7105808258, 14.922668457, -33.9455299377, 16.1758518219], [-13.1050710678, -72.2682647705, 17.9183959961, -4.92870473862, -11.0333271027, 0.119656652212, 16.7254657745, 8.77639961243, 17.7105808258, 72.1717758179, 29.7837371826, 16.8074817657, -12.1485309601], [-452.981323242, -65.0709609985, -56.2740631104, -121.839408875, -129.846115112, -42.3959655762, -38.5311889648, -11.6700725555, 14.922668457, 29.7837371826, 118.133781433, 34.7672958374, 35.8809051514], [-225.560577393, -170.113800049, -13.7426490784, -71.5690078735, -105.487754822, -26.5894756317, -17.8331642151, -10.3069753647, -33.9455299377, 16.8074817657, 34.7672958374, 79.6847915649, 25.6020927429], [-121.190483093, 18.2913532257, -39.6166763306, -49.75025177, -35.2429542542, -9.72745418549, -23.4962749481, -2.83649349213, 16.1758518219, -12.1485309601, 35.8809051514, 25.6020927429, 68.930305481]], "mean": [-77.5109786987, 150.479400635, -84.0321731567, 20.5936069489, -58.2370567322, 4.44548845291, -40.4113845825, 1.39707863331, -9.31556797028, -1.13716268539, 2.37686038017, -1.5579212904, -1.13926875591], "icov": [[0.000407183688367, -0.00124217069242, 0.00084613240324, -0.000902463274542, 0.000746984675061, -0.0012031114893, 0.000765842152759, -0.00112027302384, 0.0010909079574, -0.00180302665103, 0.0014820669312, -0.00152096094098, 0.00052722619148], [-0.00124217069242, 0.00820203311741, -0.00259308493696, 0.00211190548725, -0.00467286538333, 0.00458778766915, -0.00177596847061, 0.0025750300847, -0.00682023027912, 0.00964363478124, -0.0064882459119, 0.00974263902754, -0.00350874103606], [0.00084613240324, -0.00259308493696, 0.0047811800614, -0.00229481165297, 0.00128739583306, -0.00368871842511, 0.00137701781932, -0.00265265745111, 0.00259374803863, -0.00424408633262, 0.0032742540352, -0.00408041477203, 0.00221977871843], [-0.000902463274542, 0.00211190548725, -0.00229481165297, 0.00672012800351, -0.00325104687363, 0.00306817586534, -0.00453779054806, 0.00418246537447, -0.00153037300333, 0.00296491314657, -0.00127217348199, 0.00342125142924, -0.000946505868342], [0.000746984675061, -0.00467286538333, 0.00128739583306, -0.00325104687363, 0.00753392791376, -0.00560344196856, -0.00108770467341, 0.00115959835239, -0.00172708427999, -0.00398013880476, 0.00572314858437, -0.00576137658209, 0.00254954677075], [-0.0012031114893, 0.00458778766915, -0.00368871842511, 0.00306817586534, -0.00560344196856, 0.0130621287972, -0.00205224659294, -0.00017626893532, -0.0017382283695, 0.00549897085875, -0.0048104505986, 0.00626116991043, -0.00341111887246], [0.000765842152759, -0.00177596847061, 0.00137701781932, -0.00453779054806, -0.00108770467341, -0.00205224659294, 0.0131599288434, -0.00849930197001, 0.00698578590527, -0.00588795589283, 0.000487232435262, -0.00185876572505, 0.000384057842894], [-0.00112027302384, 0.0025750300847, -0.00265265745111, 0.00418246537447, 0.00115959835239, -0.00017626893532, -0.00849930197001, 0.0266903154552, -0.0168979298323, 0.00653691124171, 0.00136282260064, -0.00132715597283, 0.00251139118336], [0.0010909079574, -0.00682023027912, 0.00259374803863, -0.00153037300333, -0.00172708427999, -0.0017382283695, 0.00698578590527, -0.0168979298323, 0.0309257358313, -0.016292270273, -0.000611807161476, 0.00299863261171, -0.00625247787684], [-0.00180302665103, 0.00964363478124, -0.00424408633262, 0.00296491314657, -0.00398013880476, 0.00549897085875, -0.00588795589283, 0.00653691124171, -0.016292270273, 0.0346034802496, -0.0139488345012, 0.00310499570332, 0.00700424890965], [0.0014820669312, -0.0064882459119, 0.0032742540352, -0.00127217348199, 0.00572314858437, -0.0048104505986, 0.000487232435262, 0.00136282260064, -0.000611807161476, -0.0139488345012, 0.023201983422, -0.0105471108109, -0.00271440879442], [-0.00152096094098, 0.00974263902754, -0.00408041477203, 0.00342125142924, -0.00576137658209, 0.00626116991043, -0.00185876572505, -0.00132715597283, 0.00299863261171, 0.00310499570332, -0.0105471108109, 0.0355764254928, -0.0157656781375], [0.00052722619148, -0.00350874103606, 0.00221977871843, -0.000946505868342, 0.00254954677075, -0.00341111887246, 0.000384057842894, 0.00251139118336, -0.00625247787684, 0.00700424890965, -0.00271440879442, -0.0157656781375, 0.0279848687351]]}, "spectral_complexity": {"dmean": 1.51541054249, "dmean2": 2.50932645798, "max": 39, "dvar": 2.17207455635, "mean": 10.5010356903, "dvar2": 5.4659948349, "min": 0, "var": 26.770116806, "median": 10}, "spectral_flux": {"dmean": 0.019351510331, "dmean2": 0.0330764092505, "max": 0.360347956419, "dvar": 0.000632648007013, "mean": 0.0665748566389, "dvar2": 0.00179215986282, "min": 0.000106176070403, "var": 0.00242560147308, "median": 0.0530408844352}, "spectral_energyband_low": {"dmean": 0.00893728621304, "dmean2": 0.0127569241449, "max": 0.296743422747, "dvar": 0.000329184462316, "mean": 0.0294772926718, "dvar2": 0.00064818339888, "min": 1.73916459012e-09, "var": 0.00165678770281, "median": 0.011630943045}, "spectral_decrease": {"dmean": 2.93862334466e-09, "dmean2": 4.19990753286e-09, "max": -9.32663531299e-16, "dvar": 2.65372229458e-17, "mean": -1.25849055621e-08, "dvar2": 5.39192255988e-17, "min": -9.57409014291e-08, "var": 1.63670786735e-16, "median": -8.33672508804e-09}, "barkbands_spread": {"dmean": 1.02577269077, "dmean2": 1.51451075077, "max": 110.327896118, "dvar": 2.08576774597, "mean": 5.7303647995, "dvar2": 4.12218332291, "min": 0.396580934525, "var": 16.7812328339, "median": 5.36783504486}, "spectral_rms": {"dmean": 0.000695036782417, "dmean2": 0.000976857612841, "max": 0.0190091282129, "dvar": 8.43541101858e-07, "mean": 0.00605623377487, "dvar2": 1.72298609868e-06, "min": 2.84170801024e-06, "var": 1.05537837953e-05, "median": 0.00561339594424}, "spectral_centroid": {"dmean": 46.6667518616, "dmean2": 73.3813400269, "max": 2111.84130859, "dvar": 4166.99804688, "mean": 454.337219238, "dvar2": 11544.2373047, "min": 163.582870483, "var": 23629.5625, "median": 426.218902588}, "barkbands_skewness": {"dmean": 0.5756046772, "dmean2": 0.80726402998, "max": 20.1295375824, "dvar": 0.60105150938, "mean": 2.48794794083, "dvar2": 1.03697371483, "min": -0.625469744205, "var": 4.27819681168, "median": 1.90156185627}, "spectral_rolloff": {"dmean": 55.4136657715, "dmean2": 93.7187652588, "max": 17786.4257812, "dvar": 70628.6328125, "mean": 384.340667725, "dvar2": 125663.15625, "min": 43.06640625, "var": 168725.21875, "median": 409.130859375}, "erbbands_spread": {"dmean": 3.82848954201, "dmean2": 5.59442901611, "max": 106.795249939, "dvar": 15.3185815811, "mean": 21.275062561, "dvar2": 34.9447898865, "min": 1.64302134514, "var": 206.431610107, "median": 17.8841514587}, "barkbands": {"dmean": [0.00272800284438, 0.00587647827342, 0.00215586926788, 0.00204462255351, 0.00171277567279, 0.00159009173512, 0.00184280856047, 0.000304124725517, 0.000298855622532, 0.000190350459889, 0.000116650699056, 6.61000231048e-05, 0.000118919488159, 7.27222140995e-05, 3.34952928824e-05, 3.49879628629e-05, 4.82093091705e-05, 1.96107539523e-05, 8.33274498291e-06, 1.98370398721e-05, 1.20857166621e-05, 6.33978334008e-06, 4.05657237934e-06, 2.49648655881e-06, 1.18045147701e-06, 2.51464996381e-07, 5.06017023838e-08], "dmean2": [0.00385406403802, 0.00839887466282, 0.00374121661298, 0.00341427116655, 0.00255053630099, 0.00208918936551, 0.00226324377581, 0.000415320682805, 0.000439538358478, 0.000278324179817, 0.000175601308001, 0.000105640356196, 0.000195255022845, 0.000107741099782, 5.56537997909e-05, 6.00098683208e-05, 8.26091127237e-05, 3.32216732204e-05, 1.42611534102e-05, 3.37386845786e-05, 2.1325005946e-05, 1.08589883894e-05, 6.89887428962e-06, 4.10082611779e-06, 1.9095391508e-06, 4.14519149672e-07, 8.14546936567e-08], "max": [0.118846133351, 0.207541286945, 0.0854016840458, 0.083016090095, 0.0714032500982, 0.05836763978, 0.139799654484, 0.038013458252, 0.0180693343282, 0.0182977411896, 0.011041645892, 0.00240410189144, 0.0289900694042, 0.00850086100399, 0.00140496727545, 0.00149620824959, 0.00473683420569, 0.00194253679365, 0.000829894270282, 0.0018618531758, 0.00178341253195, 0.0013997744536, 0.000882183841895, 0.000615512370132, 0.000279505620711, 6.36128388578e-05, 4.92416029374e-06], "dvar": [4.20573778683e-05, 0.000142539312947, 2.74154790532e-05, 1.71519022842e-05, 8.65917809278e-06, 4.89687454319e-06, 9.46459022089e-06, 6.57392263292e-07, 4.88472380766e-07, 1.87371270499e-07, 1.40559166084e-07, 1.25716805854e-08, 5.90946001466e-07, 4.12256575544e-08, 5.03283104081e-09, 7.01213620502e-09, 4.42075851481e-08, 3.35645133909e-09, 8.67995564313e-10, 6.31385299599e-09, 3.88167409326e-09, 8.68604133064e-10, 3.3706318292e-10, 1.11239933931e-10, 2.27759460597e-11, 1.09180373076e-12, 1.6908392072e-14], "mean": [0.00512180989608, 0.0194545518607, 0.00380468205549, 0.00401687202975, 0.00467353593558, 0.00397338392213, 0.00464751105756, 0.000789622892626, 0.000524907838553, 0.000348116474925, 0.000181968644029, 0.000121388213302, 0.000177299574716, 0.000188555612112, 6.6624248575e-05, 6.0671580286e-05, 8.09637131169e-05, 3.9760456275e-05, 1.92810057342e-05, 4.21304830525e-05, 2.73666446446e-05, 2.09227873711e-05, 1.42002836583e-05, 9.87352268567e-06, 5.07271533934e-06, 1.28542819766e-06, 2.59498392552e-07], "dvar2": [7.66891826061e-05, 0.000286214344669, 7.96699314378e-05, 4.98876979691e-05, 2.34750241361e-05, 8.83467509993e-06, 1.27083640109e-05, 1.07464518351e-06, 9.78008756647e-07, 3.19965636209e-07, 2.70578823347e-07, 3.10323358121e-08, 1.36703204134e-06, 7.78473889795e-08, 1.39173463864e-08, 1.99111500621e-08, 1.23123200524e-07, 9.75523306579e-09, 2.32731900418e-09, 1.85446946688e-08, 1.23512347017e-08, 2.46969933393e-09, 1.03448838384e-09, 2.83558426739e-10, 5.76306086186e-11, 3.00606371392e-12, 4.41332388657e-14], "min": [1.45547102148e-10, 7.89452225813e-10, 6.06649244728e-11, 1.59701474267e-10, 1.53078139054e-09, 4.46279069255e-10, 3.98348520836e-10, 6.15245077107e-11, 1.48443785042e-10, 5.52565285195e-11, 3.11181046209e-11, 1.82279434602e-11, 3.21901116873e-11, 2.8009981487e-11, 2.23364278462e-11, 2.69094607708e-11, 3.55416668318e-11, 3.76292261239e-11, 4.90105143969e-11, 5.21739942916e-11, 5.1060270595e-11, 4.06563116506e-11, 7.51478254624e-11, 1.72102651574e-10, 2.26282034776e-10, 5.09908615332e-10, 1.62465008113e-09], "var": [0.000116789080494, 0.000862722285092, 5.09675519424e-05, 5.01600916323e-05, 3.13698910759e-05, 2.4019380362e-05, 5.00668138557e-05, 4.64740242023e-06, 1.07479945655e-06, 5.56440284072e-07, 3.11957535359e-07, 2.92209190178e-08, 9.24279618175e-07, 2.49944747566e-07, 1.54375960904e-08, 1.11730571462e-08, 6.71234516858e-08, 9.07096087133e-09, 3.5887959271e-09, 2.16359019589e-08, 1.46815022362e-08, 7.5221286977e-09, 3.19436632701e-09, 1.16749887535e-09, 2.85467760541e-10, 1.61427086975e-11, 2.94464376927e-13], "median": [0.000445915939054, 0.00705843791366, 0.00155094289221, 0.00177156750578, 0.0029906234704, 0.0023639742285, 0.00261172675528, 0.000207724617212, 0.000231088110013, 0.000163893841091, 5.60835651413e-05, 7.03256373527e-05, 3.55937518179e-05, 5.55451551918e-05, 3.0773862818e-05, 3.02440275846e-05, 1.93221076188e-05, 1.23468562379e-05, 6.63682249069e-06, 5.15502870257e-06, 2.94138862955e-06, 2.44411558015e-06, 3.27321390614e-06, 3.17199555866e-06, 1.2806704035e-06, 2.60512194927e-07, 6.99259743442e-08]}, "melbands_kurtosis": {"dmean": 8.91772556305, "dmean2": 13.1671962738, "max": 407.418304443, "dvar": 344.399749756, "mean": 22.3251953125, "dvar2": 696.606079102, "min": -0.752893924713, "var": 1111.12548828, "median": 10.2395458221}, "erbbands_crest": {"dmean": 2.59734344482, "dmean2": 3.70627713203, "max": 29.9899578094, "dvar": 5.11093091965, "mean": 12.648314476, "dvar2": 10.4061508179, "min": 3.33322525024, "var": 27.6982116699, "median": 11.7006416321}, "melbands_skewness": {"dmean": 0.610777556896, "dmean2": 0.881889343262, "max": 15.0706863403, "dvar": 0.467913389206, "mean": 2.70721340179, "dvar2": 0.994480550289, "min": -0.529034256935, "var": 3.36140847206, "median": 2.20887255669}, "spectral_energyband_middle_low": {"dmean": 0.00467499066144, "dmean2": 0.00681082485244, "max": 0.20994900167, "dvar": 4.73002291983e-05, "mean": 0.0186466034502, "dvar2": 0.000111698609544, "min": 2.98120927944e-09, "var": 0.000289906573016, "median": 0.0150576848537}, "spectral_contrast_coeffs": {"dmean": [0.0388499870896, 0.0425353050232, 0.0338454656303, 0.0258962474763, 0.0166751872748, 0.00970792490989], "dmean2": [0.0628210827708, 0.066430658102, 0.053907521069, 0.0418868847191, 0.0280052535236, 0.0165038071573], "max": [-0.350112080574, -0.371566653252, -0.542964577675, -0.597156524658, -0.670875132084, -0.658762633801], "dvar": [0.000991028151475, 0.00116594461724, 0.000683933263645, 0.000426888174843, 0.000185613142094, 6.05704590271e-05], "mean": [-0.680336594582, -0.63676905632, -0.76077735424, -0.777290463448, -0.80578327179, -0.822117626667], "dvar2": [0.00273988605477, 0.00285247853026, 0.00173437525518, 0.00109872838948, 0.000512541620992, 0.000174516273546], "min": [-0.92332226038, -0.916000187397, -0.933836638927, -0.929844856262, -0.932687878609, -0.910807967186], "var": [0.00698555260897, 0.00737851113081, 0.0028977629263, 0.00181997625623, 0.00164390832651, 0.00141113111749], "median": [-0.68193769455, -0.635239124298, -0.762294769287, -0.777885854244, -0.809079289436, -0.827597677708]}, "spectral_contrast_valleys": {"dmean": [0.290629178286, 0.306530117989, 0.285443007946, 0.217073142529, 0.134947583079, 0.0875362604856], "dmean2": [0.486010432243, 0.505561232567, 0.453213989735, 0.346050083637, 0.224163964391, 0.1451613307], "max": [-4.79503774643, -4.81299448013, -5.67916631699, -6.57405471802, -6.65648555756, -8.70830345154], "dvar": [0.0719152987003, 0.0656246989965, 0.0561983548105, 0.0372634269297, 0.0136824753135, 0.00566515093669], "mean": [-6.94811820984, -6.9534740448, -8.04451370239, -8.80713176727, -9.00871658325, -11.2139196396], "dvar2": [0.195901021361, 0.178793013096, 0.13876311481, 0.0881418436766, 0.0372932031751, 0.0141556086019], "min": [-14.1447257996, -13.7416191101, -14.8073453903, -15.0656795502, -14.4869804382, -15.977930069], "var": [2.98355770111, 1.35080349445, 1.3236027956, 1.20371949673, 0.895247578621, 0.639654755592], "median": [-6.43183135986, -6.66509723663, -7.77928352356, -8.56962394714, -8.82446479797, -11.1582317352]}, "silence_rate_20dB": {"dmean": 0.000518000510056, "dmean2": 0.00103626947384, "max": 1, "dvar": 0.00051771471044, "mean": 0.999741077423, "dvar2": 0.00155326013919, "min": 0, "var": 0.000258861808106, "median": 1}, "silence_rate_30dB": {"dmean": 0.0388500392437, "dmean2": 0.0777202099562, "max": 1, "dvar": 0.0373416207731, "mean": 0.875194191933, "dvar2": 0.0804893672466, "min": 0, "var": 0.109227232635, "median": 1}, "spectral_strongpeak": {"dmean": 0.289158731699, "dmean2": 0.484474211931, "max": 7.51604366302, "dvar": 0.214683413506, "mean": 0.642701625824, "dvar2": 0.487441897392, "min": 0, "var": 0.428328484297, "median": 0.434404909611}, "spectral_spread": {"dmean": 255033.3125, "dmean2": 414655.5625, "max": 13995028, "dvar": 70878085120, "mean": 3329286, "dvar2": 167830372352, "min": 1495159.625, "var": 1207865442300.0, "median": 3033609.5}, "barkbands_flatness_db": {"dmean": 0.0154226757586, "dmean2": 0.0216910094023, "max": 0.462776631117, "dvar": 0.000206393931876, "mean": 0.245647355914, "dvar2": 0.000391044653952, "min": 0.0694734752178, "var": 0.0033798860386, "median": 0.235206782818}, "pitch_salience": {"dmean": 0.0645508542657, "dmean2": 0.0982272177935, "max": 0.864028930664, "dvar": 0.00317143648863, "mean": 0.526214778423, "dvar2": 0.00732068624347, "min": 0.0746805891395, "var": 0.0203378964216, "median": 0.545069694519}, "erbbands_kurtosis": {"dmean": 2.96467447281, "dmean2": 4.09132623672, "max": 160.865234375, "dvar": 45.6795768738, "mean": 6.45744848251, "dvar2": 74.6240615845, "min": -1.60110187531, "var": 152.842727661, "median": 3.20709490776}, "average_loudness": 0.359597653151, "barkbands_crest": {"dmean": 1.83499836922, "dmean2": 2.76492834091, "max": 26.6586875916, "dvar": 2.67665576935, "mean": 11.9063634872, "dvar2": 6.14727544785, "min": 4.17020845413, "var": 21.105424881, "median": 10.7639560699}, "hfc": {"dmean": 1.89907896519, "dmean2": 2.66163182259, "max": 129.502868652, "dvar": 9.32972240448, "mean": 10.079325676, "dvar2": 19.9789218903, "min": 5.24470851815e-05, "var": 104.185020447, "median": 8.13791465759}, "barkbands_kurtosis": {"dmean": 7.1681137085, "dmean2": 9.88136291504, "max": 477.108856201, "dvar": 358.721069336, "mean": 17.6998519897, "dvar2": 574.903747559, "min": -1.59560227394, "var": 1190.67077637, "median": 7.45256233215}, "erbbands": {"dmean": [0.321350991726, 0.936399877071, 2.51822566986, 4.12572813034, 6.2985701561, 6.86943387985, 7.56896924973, 14.3513698578, 27.3177719116, 16.2181625366, 5.61559200287, 7.04304361343, 4.6704621315, 4.36756038666, 4.46882867813, 2.66745877266, 6.19366025925, 2.23864364624, 2.83951091766, 2.48081588745, 1.41686594486, 2.19582390785, 1.63269078732, 0.49457937479, 0.571723997593, 1.21743619442, 0.636315643787, 0.343785643578, 0.168971896172, 0.196549847722, 0.1181056723, 0.0698870643973, 0.0334594026208, 0.0147120794281, 0.00968160759658, 0.00189572246745, 0.000383066770155, 7.32704866095e-05, 1.27746816361e-05, 1.22452556752e-05], "dmean2": [0.432383835316, 1.48169994354, 4.31808423996, 7.00834083557, 10.360991478, 9.86305522919, 10.5445346832, 18.3229007721, 34.5371246338, 19.6598720551, 7.69833612442, 10.3558349609, 6.62356948853, 6.57789134979, 6.77144908905, 4.17290401459, 10.0604972839, 3.46638941765, 4.25021648407, 4.16259050369, 2.42511081696, 3.71548748016, 2.79434752464, 0.838579893112, 0.963739097118, 2.08971524239, 1.12760698795, 0.598662793636, 0.28228610754, 0.32533043623, 0.208469286561, 0.119462281466, 0.055509634316, 0.024490846321, 0.0155520141125, 0.00309325521812, 0.000608100555837, 0.000118275042041, 1.96341770788e-05, 1.74716187757e-05], "max": [11.689661026, 29.3891277313, 123.939498901, 169.644790649, 196.984619141, 224.869628906, 208.696380615, 680.511413574, 2443.01904297, 827.641723633, 704.942932129, 485.916564941, 440.154266357, 262.544464111, 399.656677246, 234.452789307, 1553.78234863, 142.689926147, 369.75592041, 137.591506958, 67.6273498535, 166.844726562, 123.316551208, 62.3454284668, 71.4956207275, 99.3187408447, 87.0251617432, 58.4623374939, 43.2451057434, 36.254535675, 32.6844291687, 17.5489902496, 8.18669700623, 3.50324559212, 1.85032141209, 0.447119683027, 0.0767623782158, 0.010653202422, 0.00122574623674, 0.000442041986389], "dvar": [0.528106212616, 4.19556665421, 41.1526412964, 75.9678649902, 144.583831787, 120.706932068, 103.102928162, 449.944213867, 2533.73022461, 1200.27429199, 221.022079468, 296.328796387, 115.358810425, 77.110748291, 188.888565063, 39.3119888306, 1656.82165527, 23.4964694977, 73.9852142334, 51.8195762634, 10.5371685028, 57.5179290771, 37.4192466736, 2.43417978287, 5.29920959473, 26.6687583923, 11.4681167603, 2.99322032928, 0.555021166801, 0.983773827553, 0.364172130823, 0.090028449893, 0.0213965233415, 0.00439656339586, 0.00198116223328, 6.70741137583e-05, 1.50411347022e-06, 4.80016808524e-08, 8.60521376378e-10, 4.53645260245e-10], "mean": [0.901532888412, 3.02249383926, 4.83853721619, 8.71273899078, 14.1048736572, 18.1939926147, 19.3234920502, 38.9070281982, 65.5149917603, 44.2622947693, 15.4960708618, 12.4171276093, 9.48057365417, 8.55568313599, 7.54910612106, 5.44270658493, 9.56128025055, 5.69142341614, 7.65264368057, 4.51637649536, 2.8207359314, 4.20340299606, 2.89636015892, 1.29217135906, 1.45616936684, 2.43980050087, 1.27443730831, 0.906784117222, 0.629219412804, 0.630223691463, 0.421466290951, 0.262929350138, 0.130385801196, 0.062474232167, 0.0349304527044, 0.00867804884911, 0.00198900024407, 0.000356834527338, 6.84699843987e-05, 5.55466467631e-05], "dvar2": [0.90893381834, 11.0630598068, 116.843803406, 227.253433228, 410.476135254, 306.45300293, 232.686355591, 729.05859375, 3682.05175781, 1486.4543457, 354.174194336, 586.167785645, 195.59538269, 156.784179688, 372.737640381, 90.0970001221, 3840.48657227, 49.5981216431, 141.653701782, 148.82649231, 29.1183757782, 156.164306641, 107.146820068, 6.86092376709, 14.491194725, 78.7661132812, 35.160068512, 8.77757263184, 1.56364560127, 2.81116914749, 1.09868431091, 0.241238296032, 0.0572976581752, 0.0133577603847, 0.00466123875231, 0.000174443601281, 3.69024633073e-06, 1.16919245841e-07, 2.13127804294e-09, 9.28496945996e-10], "min": [4.99867311987e-08, 1.06521966359e-07, 5.67491191816e-08, 4.3075681333e-07, 2.14723945646e-06, 7.30052943254e-06, 2.65241556008e-06, 4.28639759775e-06, 5.84723284192e-06, 2.86438057628e-06, 2.93891821457e-06, 3.13746977554e-06, 1.80075630851e-06, 1.5335971284e-06, 7.39068127587e-07, 8.5431554453e-07, 1.77902597898e-06, 1.32616787596e-06, 1.4526490304e-06, 1.12743794034e-06, 2.06640788747e-06, 2.1519931579e-06, 2.09004815588e-06, 2.22128642235e-06, 2.04457455766e-06, 1.92494235307e-06, 2.62693538389e-06, 1.91246090253e-06, 1.20112110835e-06, 1.88899491604e-06, 2.20329320655e-06, 2.73949672192e-06, 3.12756674248e-06, 1.71971464624e-06, 1.99982673621e-06, 1.03829131604e-06, 1.2877901554e-06, 1.0083814459e-06, 1.74411141529e-07, 2.27323706525e-08], "var": [2.172560215, 22.5974693298, 80.9248733521, 205.123184204, 401.609039307, 502.733673096, 459.758392334, 2475.40454102, 12017.6201172, 5896.50244141, 1604.80957031, 659.851989746, 357.201751709, 203.35446167, 411.912780762, 94.6983795166, 2569.05981445, 133.278091431, 446.881652832, 103.279319763, 20.9959583282, 106.291748047, 64.6012878418, 12.6039810181, 25.1755371094, 74.3988800049, 32.4627799988, 14.1031913757, 6.6576833725, 7.2105383873, 3.36261630058, 0.961989939213, 0.186268359423, 0.0451173186302, 0.0137664554641, 0.000860824773554, 3.24113862007e-05, 7.05834168002e-07, 1.32782167483e-08, 3.07337311156e-09], "median": [0.262303173542, 1.18058156967, 2.17921948433, 4.30035114288, 7.70697450638, 11.396323204, 12.8192558289, 23.5712051392, 34.7136993408, 19.7402648926, 5.14096069336, 5.33248329163, 4.95393514633, 4.67446613312, 3.18301224709, 2.8665189743, 2.06150770187, 2.17937278748, 2.61161327362, 1.8632979393, 1.35215115547, 1.38157474995, 0.756079673767, 0.469944655895, 0.369006991386, 0.262717843056, 0.141733586788, 0.100819796324, 0.0848927050829, 0.0775538384914, 0.101951792836, 0.0781480669975, 0.043924972415, 0.020845644176, 0.00550400838256, 0.00165706360713, 0.000372272508685, 6.843644951e-05, 3.35850054398e-05, 3.77815231332e-05]}, "spectral_energy": {"dmean": 0.0112273637205, "dmean2": 0.0160428527743, "max": 0.370380610228, "dvar": 0.000384007231332, "mean": 0.0484124086797, "dvar2": 0.000781798153184, "min": 8.27718693586e-09, "var": 0.00239773280919, "median": 0.0322979688644}, "zerocrossingrate": {"dmean": 0.00304009136744, "dmean2": 0.0040150382556, "max": 0.27441406