{"tonal": {"chords_number_rate": 0.0029492310714, "thpcp": [1, 0.515791833401, 0.373833417892, 0.53107714653, 0.558725118637, 0.345726817846, 0.206187024713, 0.195180937648, 0.270627081394, 0.312835901976, 0.242583036423, 0.181353077292, 0.194498494267, 0.283648908138, 0.566838622093, 0.749115288258, 0.519806087017, 0.268549263477, 0.358583241701, 0.560171961784, 0.577778279781, 0.473580986261, 0.341857194901, 0.276780694723, 0.278740108013, 0.298191487789, 0.327466636896, 0.419459104538, 0.555717229843, 0.469023793936, 0.309845864773, 0.303636670113, 0.283326476812, 0.258855551481, 0.453952044249, 0.977392792702], "hpcp": {"dvar": [0.0442121773958, 0.0427438020706, 0.0441816709936, 0.048308737576, 0.0582908242941, 0.0617132894695, 0.0502606406808, 0.0418671183288, 0.047833930701, 0.0487697310746, 0.0405900031328, 0.0320853926241, 0.0259342137724, 0.0264409761876, 0.0258008223027, 0.0248730313033, 0.0266598798335, 0.0336578972638, 0.0398220010102, 0.0406352467835, 0.0484320782125, 0.0459616445005, 0.0342579931021, 0.0411499813199, 0.080987021327, 0.0458639226854, 0.0410493686795, 0.0388178788126, 0.0367275923491, 0.0406582988799, 0.0501797236502, 0.0503249652684, 0.0512017458677, 0.0479012653232, 0.0503294542432, 0.0454531423748], "mean": [0.0952195972204, 0.0888503789902, 0.0811763703823, 0.142358079553, 0.306507617235, 0.313597172499, 0.161750853062, 0.117233105004, 0.166544288397, 0.175214618444, 0.108418948948, 0.0646596699953, 0.0612081885338, 0.0848678871989, 0.098104454577, 0.0760733559728, 0.0568718127906, 0.0609941780567, 0.08895149827, 0.177758991718, 0.234920442104, 0.16300971806, 0.0842162892222, 0.112450689077, 0.175668343902, 0.181189641356, 0.148513659835, 0.107205450535, 0.0867976397276, 0.0874121114612, 0.093512006104, 0.102692611516, 0.131541192532, 0.17427136004, 0.147084534168, 0.0971667841077], "min": [0, 0, 0, 0, 0, 0, 0, 0, 0, 0, 0, 0, 0, 0, 0, 0, 0, 0, 0, 0, 0, 0, 0, 0, 0, 0, 0, 0, 0, 0, 0, 0, 0, 0, 0, 0], "median": [0.0178083945066, 0.0171078294516, 0.012026228942, 0.0332517847419, 0.0992555916309, 0.119816154242, 0.0555177591741, 0.0292865075171, 0.0494301356375, 0.0501841790974, 0.0270684901625, 0.008520741947, 0.0125303966925, 0.0210693310946, 0.025050252676, 0.0211385376751, 0.0135405519977, 0.0098987845704, 0.0179131217301, 0.0578915141523, 0.078642308712, 0.0525481179357, 0.0174671187997, 0.0198599696159, 0.0319956950843, 0.0590578876436, 0.0384036339819, 0.021322445944, 0.0102045955136, 0.00878842268139, 0.0121788317338, 0.019226834178, 0.0414606370032, 0.0636911094189, 0.0454560518265, 0.0186142139137], "dvar2": [0.122056752443, 0.117285862565, 0.120894618332, 0.132264122367, 0.145594656467, 0.160657018423, 0.137166827917, 0.114071771502, 0.128951624036, 0.126600310206, 0.110455691814, 0.0911202281713, 0.072543643415, 0.0714785680175, 0.0678902342916, 0.0697807446122, 0.077584579587, 0.097658239305, 0.110477052629, 0.108378075063, 0.12553422153, 0.124148927629, 0.0950702875853, 0.109785526991, 0.207469642162, 0.121884696186, 0.105602130294, 0.106416039169, 0.0996846109629, 0.113466054201, 0.14035141468, 0.138140708208, 0.143088102341, 0.123828046024, 0.138787701726, 0.1252669245], "var": [0.0394829362631, 0.0361998043954, 0.0336779356003, 0.0504716262221, 0.134173929691, 0.129408478737, 0.0550490878522, 0.0413914732635, 0.0645913407207, 0.0717530399561, 0.0380846522748, 0.0248127114028, 0.0214906167239, 0.0291360970587, 0.0356494523585, 0.0221881568432, 0.0183890555054, 0.0238484628499, 0.0345057137311, 0.0645254328847, 0.0978841930628, 0.0587861388922, 0.029495164752, 0.038725219667, 0.0845495909452, 0.0645575225353, 0.0625935941935, 0.0418232604861, 0.0381072051823, 0.0389935970306, 0.0412023998797, 0.0437420941889, 0.0477608628571, 0.0652820467949, 0.0547396056354, 0.0395053960383], "dmean2": [0.204135268927, 0.198820069432, 0.201337412, 0.267670035362, 0.309903562069, 0.340313404799, 0.295000910759, 0.24406799674, 0.262152194977, 0.263565808535, 0.213578209281, 0.15431368351, 0.13074439764, 0.149803549051, 0.152905672789, 0.144367665052, 0.134015753865, 0.152397245169, 0.191749721766, 0.239095196128, 0.26955717802, 0.265109032393, 0.187253907323, 0.24567848444, 0.355736225843, 0.284752964973, 0.213413834572, 0.198113501072, 0.17566627264, 0.191942021251, 0.225437805057, 0.228622183204, 0.251238942146, 0.264829516411, 0.246162340045, 0.211778521538], "max": [1, 1, 1, 1, 1, 1, 1, 1, 1, 1, 1, 1, 1, 1, 1, 1, 1, 1, 1, 1, 1, 1, 1, 1, 1, 1, 1, 1, 1, 1, 1, 1, 1, 1, 1, 1], "dmean": [0.111990019679, 0.109042994678, 0.108866296709, 0.150522381067, 0.179185479879, 0.194160670042, 0.165194883943, 0.136234879494, 0.148722633719, 0.151639565825, 0.120148822665, 0.0843433961272, 0.0719847977161, 0.0846061557531, 0.0870484560728, 0.0808038935065, 0.0727826058865, 0.0822196155787, 0.105974055827, 0.139682099223, 0.157252877951, 0.151433870196, 0.102692320943, 0.134826466441, 0.195967257023, 0.16161672771, 0.121729716659, 0.111343532801, 0.0979114100337, 0.105396516621, 0.122337140143, 0.124990776181, 0.140518441796, 0.151104435325, 0.139428064227, 0.116457395256]}, "key_strength": 0.613366007805, "chords_strength": {"dvar": 0.000505053612869, "mean": 0.446069568396, "min": -1, "median": 0.448181509972, "dvar2": 0.000961199984886, "var": 0.0186482965946, "dmean2": 0.0142427450046, "max": 0.736863493919, "dmean": 0.012590020895}, "tuning_equal_tempered_deviation": 0.282479643822, "chords_key": "F", "tuning_frequency": 434.193115234, "chords_scale": "major", "chords_changes_rate": 0.0945860520005, "key_scale": "major", "tuning_diatonic_strength": 0.411817014217, "hpcp_entropy": {"dvar": 0.284140735865, "mean": 2.35852813721, "min": 0, "median": 2.39964652061, "dvar2": 0.745268285275, "var": 0.676111638546, "dmean2": 1.09597885609, "max": 4.43520450592, "dmean": 0.651159763336}, "chords_histogram": [11.0174846649, 0, 10.5540342331, 0.189593434334, 13.9035177231, 4.73983573914, 5.0768904686, 0, 0, 0, 0, 0, 0.50558245182, 1.4324836731, 0.969033062458, 4.19212150574, 7.9629240036, 2.02232980728, 0.631978094578, 5.56140708923, 2.69643974304, 13.5032653809, 9.90099048615, 5.1400885582], "tuning_nontempered_energy_ratio": 0.897407114506, "key_key": "D#"}, "metadata": {"version": {"extractor": "music 1.0", "essentia_build_sha": "5a811adb4c06fd6d02ca903f7349a26d851abfa8", "essentia": "2.1-beta1", "essentia_git_sha": "v2.1_beta1-34-gf95df8b"}, "audio_properties": {"sample_rate": 44100, "length": 220.39616394, "lossless": false, "analysis_sample_rate": 44100, "downmix": "mix", "bit_rate": 196175, "equal_loudness": 0, "md5_encoded": "b4b72508b632505fd9ce9b936c2e1ddc", "codec": "mp3", "replay_gain": -0.974374771118}, "tags": {"musicbrainz_albumid": ["136b1e37-34f5-408a-ab4e-81d93e4a1ffa"], "artist": ["Bic Runga"], "date": ["2002"], "musicbrainz_artistid": ["16063ce0-a93e-41c7-82f9-bdd83066a7fd"], "file_name": "12 - Bic Runga - Gravity.mp3", "musicbrainz_recordingid": ["1aa7554b-7288-45ae-89ad-20ce5859a621"], "tracknumber": ["12/12"], "album": ["Beautiful Collision"], "title": ["Gravity"]}}, "lowlevel": {"melbands": {"dvar": [1.4196291886e-05, 4.49017989013e-06, 2.55142163041e-06, 1.67365124071e-06, 8.13807332634e-07, 4.18453907969e-07, 2.28842594652e-07, 2.80068974234e-07, 4.40493543863e-08, 2.79690137717e-08, 7.36685645819e-09, 7.60296714475e-09, 2.98387936581e-09, 1.16031606545e-09, 2.01492045271e-09, 1.85166360023e-09, 1.94532034925e-09, 9.58827905961e-10, 1.40495656775e-10, 1.67807073792e-10, 1.88717749761e-10, 2.17050238893e-10, 6.04579941665e-10, 4.01298244634e-10, 1.43135489572e-10, 4.67776234414e-11, 2.72372350368e-11, 3.84696302591e-11, 5.91201532174e-11, 7.86426895827e-11, 6.41430172865e-11, 6.58044799207e-11, 2.40218487463e-11, 4.80297615915e-12, 4.81147890627e-13, 4.72967510697e-14, 1.1146776556e-14, 4.44831253064e-15, 2.20570534663e-15, 1.67233335842e-15], "mean": [0.00261598289944, 0.00239294068888, 0.00187039817683, 0.00120035163127, 0.000970967521425, 0.000655126816127, 0.000420359341661, 0.000293298449833, 9.39793608268e-05, 6.74510301906e-05, 4.69566948595e-05, 5.29342614755e-05, 2.84182151518e-05, 2.11649803532e-05, 2.7680713174e-05, 2.08759029192e-05, 1.85043700185e-05, 1.36012013172e-05, 7.52439245844e-06, 6.38369419903e-06, 6.6161023824e-06, 7.49741866457e-06, 1.09269976747e-05, 9.21760783967e-06, 5.44674867342e-06, 3.17311742037e-06, 2.56986550085e-06, 3.2830055261e-06, 3.99675309382e-06, 3.92783795178e-06, 3.79385801352e-06, 3.36320181304e-06, 2.09591485145e-06, 1.00658610336e-06, 3.63357372635e-07, 1.52914907403e-07, 8.19798984253e-08, 5.05820771934e-08, 2.83201124773e-08, 2.15627746769e-08], "min": [1.50306204222e-24, 8.39686030053e-24, 5.2219941353e-24, 4.9714842551e-24, 1.11351730102e-24, 2.52062358463e-24, 4.63673901858e-24, 1.80209239012e-24, 2.63009775675e-24, 5.54550628835e-25, 1.13411919242e-24, 1.31587737954e-24, 9.03849451729e-24, 4.48491169331e-24, 2.53179996872e-24, 1.02036412854e-23, 4.17722044154e-24, 6.33867092285e-24, 8.49626939636e-24, 7.0875705012e-24, 5.82611762158e-24, 6.7963309436e-24, 9.38600194553e-24, 6.1161723101e-24, 8.05446784639e-24, 6.0535907912e-24, 6.14607171613e-24, 7.54713246558e-24, 6.66363507301e-24, 5.6658502735e-24, 6.57438019475e-24, 8.8702083981e-24, 9.01217811749e-24, 6.47184799859e-24, 7.45764960652e-24, 9.31210855568e-24, 8.31738414205e-24, 8.55964490377e-24, 1.17394311945e-23, 8.9877683945e-24], "median": [0.00148934382014, 0.00135890347883, 0.000881104380824, 0.000413821806433, 0.000426129787229, 0.000247015646892, 0.00015097061987, 6.24859458185e-05, 2.6867044653e-05, 2.14434930967e-05, 1.82238527486e-05, 1.61348925758e-05, 8.07039214124e-06, 8.5250067059e-06, 9.88711599348e-06, 6.46085527478e-06, 4.91611217512e-06, 3.65339565178e-06, 2.51463143286e-06, 1.7349124164e-06, 1.56606995461e-06, 1.4105153241e-06, 9.84403186521e-07, 6.0794076262e-07, 4.348587197e-07, 3.13206498959e-07, 3.26312346033e-07, 3.24687306374e-07, 2.91364614213e-07, 2.56863728509e-07, 2.38725704094e-07, 1.80853717779e-07, 1.14879519231e-07, 7.42352597172e-08, 4.98194197007e-08, 3.41799513137e-08, 2.29173924282e-08, 1.65554965292e-08, 1.0698565589e-08, 7.25496640541e-09], "dvar2": [4.05281716667e-05, 1.2566042642e-05, 5.88964257986e-06, 4.11568680647e-06, 1.85653459539e-06, 8.57965062551e-07, 4.54052724308e-07, 5.87538238506e-07, 9.7998984927e-08, 5.46503500232e-08, 1.78441457166e-08, 1.80667623084e-08, 7.22720328028e-09, 2.99158142703e-09, 4.46132197851e-09, 4.62290739023e-09, 4.90114304696e-09, 2.36086683536e-09, 3.31905808393e-10, 4.20746382179e-10, 4.79442152646e-10, 4.98396879323e-10, 1.43169343048e-09, 8.9788293467e-10, 3.44039574607e-10, 1.14293449704e-10, 5.98469399038e-11, 8.35142788258e-11, 1.27520660698e-10, 1.8316975714e-10, 1.38099087721e-10, 1.37606981365e-10, 5.49364199964e-11, 9.90631188191e-12, 9.85212454153e-13, 9.91872938492e-14, 2.37229059639e-14, 1.05142597848e-14, 5.68470534792e-15, 4.35106425444e-15], "var": [1.44065397762e-05, 9.50674348132e-06, 8.57357463246e-06, 6.31057537248e-06, 2.5066372018e-06, 1.37841072956e-06, 7.47607259655e-07, 6.16816464571e-07, 7.80775906151e-08, 7.56371889565e-08, 1.18936265281e-08, 1.43473926073e-08, 5.94655302777e-09, 2.13000461713e-09, 3.91218479834e-09, 3.08861625165e-09, 3.87987864059e-09, 1.72233305396e-09, 2.96236063457e-10, 2.94330254613e-10, 3.74368286371e-10, 5.68825875291e-10, 1.47767620362e-09, 1.07549613659e-09, 4.0790545941e-10, 1.28602822835e-10, 7.73640526641e-11, 1.2977766084e-10, 1.97282121195e-10, 2.12680498213e-10, 2.17875217867e-10, 1.98318209077e-10, 7.16671097467e-11, 1.46680324137e-11, 1.42518473151e-12, 1.57980236965e-13, 3.22515960065e-14, 8.6138448059e-15, 2.40011740747e-15, 1.65776629755e-15], "dmean2": [0.00325207551941, 0.00243256450631, 0.00144246127456, 0.000992558663711, 0.000744315737393, 0.000448643317213, 0.000312887685141, 0.000246114155743, 9.28768276935e-05, 6.43322127871e-05, 4.58266440546e-05, 5.13333616254e-05, 2.98717077385e-05, 2.03205363505e-05, 2.54448277701e-05, 2.07965440495e-05, 1.85198387044e-05, 1.33182120408e-05, 7.31728096071e-06, 6.16904708295e-06, 6.48405057291e-06, 6.81937626723e-06, 9.92424338619e-06, 7.80310165283e-06, 4.68581174573e-06, 2.81555480797e-06, 2.20367292059e-06, 2.64949699158e-06, 3.19179821417e-06, 3.30148964167e-06, 2.85440250991e-06, 2.55241116065e-06, 1.68211204254e-06, 7.76780098022e-07, 3.05313676563e-07, 1.39125205578e-07, 8.57640216623e-08, 6.28226572985e-08, 4.52115074268e-08, 3.83457070541e-08], "max": [0.054707467556, 0.0388808101416, 0.0422522909939, 0.0316110700369, 0.0185911394656, 0.0125330295414, 0.0155317094177, 0.0151908686385, 0.00636541238055, 0.0080677755177, 0.00319595006295, 0.00218440336175, 0.00154943205416, 0.00111281732097, 0.00165563402697, 0.00128003396094, 0.00188313459512, 0.00154596904758, 0.000476317218272, 0.000505078583956, 0.000534099817742, 0.0004259418929, 0.000516788742971, 0.000507628312334, 0.000372379581677, 0.000248529366218, 0.000214378946112, 0.000253659498412, 0.000197069181013, 0.0002900926047, 0.000269353564363, 0.00027439914993, 0.000122712663142, 6.98716903571e-05, 2.06978165807e-05, 6.1654336605e-06, 3.14489966513e-06, 1.26358827401e-06, 6.72601515816e-07, 5.94759114847e-07], "dmean": [0.00188337010331, 0.00142366928048, 0.000907700450625, 0.000612484407611, 0.000471492327051, 0.000300914369291, 0.000206069889828, 0.000167481077369, 5.99877239438e-05, 4.09317508456e-05, 2.88487299258e-05, 3.27455054503e-05, 1.85043300007e-05, 1.2741475075e-05, 1.63505719684e-05, 1.33010635182e-05, 1.17903964565e-05, 8.70227540872e-06, 4.65410948891e-06, 4.04086904382e-06, 4.15061776948e-06, 4.48623677585e-06, 6.52475182505e-06, 5.28063355887e-06, 3.12530778501e-06, 1.86325371487e-06, 1.47354251112e-06, 1.77632136911e-06, 2.15869431486e-06, 2.1895257305e-06, 2.04991329156e-06, 1.82135647719e-06, 1.15068189643e-06, 5.45029195109e-07, 2.08814668667e-07, 9.29165651087e-08, 5.51294014883e-08, 3.91178076597e-08, 2.67795279285e-08, 2.24788525571e-08]}, "spectral_decrease": {"dvar": 2.26811468124e-17, "mean": -8.24617973905e-09, "min": -7.53142828103e-08, "median": -6.60807053521e-09, "dvar2": 6.12184724647e-17, "var": 5.45284474287e-17, "dmean2": 5.46528156065e-09, "max": 6.2238671994e-09, "dmean": 3.32992722285e-09}, "spectral_rolloff": {"dvar": 55121768, "mean": 7035.35253906, "min": 21.533203125, "median": 818.26171875, "dvar2": 141077904, "var": 87291600, "dmean2": 7332.93945312, "max": 21963.8671875, "dmean": 3784.7590332}, "melbands_crest": {"dvar": 11.2161130905, "mean": 16.8647346497, "min": 1.65542781353, "median": 16.0436820984, "dvar2": 30.1616039276, "var": 31.5046977997, "dmean2": 6.43223905563, "max": 36.0995025635, "dmean": 3.83982396126}, "barkbands_skewness": {"dvar": 0.580903887749, "mean": 2.69788980484, "min": -2.01739811897, "median": 2.57335972786, "dvar2": 1.47493755817, "var": 2.55102229118, "dmean2": 1.21426355839, "max": 13.3990592957, "dmean": 0.758969604969}, "spectral_centroid": {"dvar": 85212.1171875, "mean": 767.522460938, "min": 146.525283813, "median": 463.884429932, "dvar2": 131307.953125, "var": 677457.8125, "dmean2": 222.928848267, "max": 11342.8027344, "dmean": 156.584793091}, "spectral_energyband_middle_low": {"dvar": 7.17187067494e-05, "mean": 0.016145946458, "min": 1.08032165942e-22, "median": 0.00979219935834, "dvar2": 0.000158304756042, "var": 0.000342637707945, "dmean2": 0.00849495455623, "max": 0.157076522708, "dmean": 0.00554998684675}, "erbbands_crest": {"dvar": 5.93191051483, "mean": 10.1690101624, "min": 2.25027608871, "median": 9.23213386536, "dvar2": 14.5583715439, "var": 21.6090164185, "dmean2": 4.17922782898, "max": 29.5781459808, "dmean": 2.6135931015}, "dynamic_complexity": 5.3217086792, "spectral_energyband_low": {"dvar": 0.00021370628383, "mean": 0.0172354355454, "min": 5.03229359798e-23, "median": 0.012906444259, "dvar2": 0.000603955530096, "var": 0.000322316016536, "dmean2": 0.0153733910993, "max": 0.205362781882, "dmean": 0.00903259962797}, "silence_rate_60dB": {"dvar": 0.0108382534236, "mean": 0.110923841596, "min": 0, "median": 0, "dvar2": 0.0256433021277, "var": 0.0986159965396, "dmean2": 0.021915499121, "max": 1, "dmean": 0.0109565947205}, "erbbands_kurtosis": {"dvar": 4.68630313873, "mean": 2.28064894676, "min": -1.82254886627, "median": 1.23306560516, "dvar2": 10.988111496, "var": 13.9127168655, "dmean2": 2.54152703285, "max": 37.076133728, "dmean": 1.63558530807}, "spectral_complexity": {"dvar": 9.71364784241, "mean": 12.0103235245, "min": 0, "median": 10, "dvar2": 16.0614490509, "var": 76.4482269287, "dmean2": 3.75302910805, "max": 54, "dmean": 2.54656553268}, "barkbands_crest": {"dvar": 6.01764297485, "mean": 11.5735607147, "min": 2.91608405113, "median": 10.862695694, "dvar2": 16.3150978088, "var": 17.1094665527, "dmean2": 4.78900337219, "max": 26.048002243, "dmean": 2.87476205826}, "spectral_energy": {"dvar": 0.000332242256263, "mean": 0.0404038056731, "min": 1.0184637866e-20, "median": 0.0356996171176, "dvar2": 0.000884526933078, "var": 0.000999492011033, "dmean2": 0.0210618060082, "max": 0.292707532644, "dmean": 0.0129027627409}, "spectral_spread": {"dvar": 510939955200, "mean": 3945032.75, "min": 1222382.375, "median": 3779329.25, "dvar2": 1111318724610.0, "var": 2060555911170.0, "dmean2": 990092.125, "max": 41954568, "dmean": 615945.6875}, "spectral_contrast_valleys": {"dvar": [0.124797150493, 0.107225134969, 0.116164922714, 0.122178725898, 0.205773055553, 0.32167366147], "mean": [-7.12736272812, -6.95609664917, -7.80872678757, -8.31846141815, -8.51654815674, -11.4205198288], "min": [-27.3131847382, -27.8087043762, -27.4842014313, -27.1431236267, -27.3593978882, -27.3230648041], "median": [-6.67268419266, -6.57598018646, -7.45364189148, -7.99895572662, -8.2874994278, -11.1457490921], "dvar2": [0.311520248652, 0.24572467804, 0.258697599173, 0.259634196758, 0.484635829926, 0.87207865715], "var": [2.99164557457, 2.63605976105, 2.4411315918, 2.32258152962, 2.51937913895, 1.79026710987], "dmean2": [0.680260777473, 0.587031722069, 0.579701185226, 0.547521054745, 0.692210078239, 1.03132939339], "max": [-4.95210552216, -4.63425445557, -5.33449363708, -5.64157009125, -5.69613313675, -8.94441699982], "dmean": [0.40762808919, 0.35830244422, 0.361046791077, 0.356740802526, 0.457517623901, 0.641425311565]}, "spectral_rms": {"dvar": 1.11636541078e-06, "mean": 0.00565587496385, "min": 3.15217903862e-12, "median": 0.00590160116553, "dvar2": 2.87211355499e-06, "var": 7.42931842979e-06, "dmean2": 0.00148099497892, "max": 0.01689876616, "dmean": 0.000921449624002}, "barkbands_spread": {"dvar": 47.4998626709, "mean": 13.9542331696, "min": 0.266272872686, "median": 7.48712730408, "dvar2": 88.6968460083, "var": 343.499298096, "dmean2": 6.02053642273, "max": 128.792358398, "dmean": 3.99849009514}, "pitch_salience": {"dvar": 0.00454725185409, "mean": 0.540481626987, "min": 0.10401519388, "median": 0.553876757622, "dvar2": 0.0124052753672, "var": 0.0127804279327, "dmean2": 0.128697618842, "max": 0.993318915367, "dmean": 0.0772224515676}, "erbbands_skewness": {"dvar": 0.170820131898, "mean": 0.877133369446, "min": -3.32408857346, "median": 0.978888571262, "dvar2": 0.33307158947, "var": 1.21245801449, "dmean2": 0.626791715622, "max": 5.50346279144, "dmean": 0.428087592125}, "spectral_energyband_middle_high": {"dvar": 1.84933992387e-06, "mean": 0.00186796637718, "min": 1.42712596647e-21, "median": 0.000861865410116, "dvar2": 3.7126578718e-06, "var": 8.11785957922e-06, "dmean2": 0.00104160932824, "max": 0.0457889512181, "dmean": 0.000725464895368}, "erbbands": {"dvar": [0.243250891566, 3.27534580231, 23.5714912415, 83.5880508423, 210.459060669, 835.039733887, 648.157043457, 954.894104004, 1064.7097168, 2307.59594727, 713.245178223, 751.659790039, 271.432922363, 418.966400146, 193.430877686, 138.209320068, 236.806182861, 416.813690186, 203.183547974, 62.8063316345, 111.160438538, 209.02545166, 558.532653809, 185.84614563, 49.4722328186, 62.233215332, 138.463409424, 152.611846924, 136.497238159, 24.7016448975, 0.971843361855, 0.0410747416317, 0.00737518584356, 0.0025178717915, 0.000979848438874, 0.000325015746057, 0.000392123853089, 0.00383247504942, 0.000319811369991, 3.75346303372e-06], "mean": [0.301673412323, 1.36106002331, 5.18257522583, 10.2580413818, 11.5164432526, 24.2200737, 25.0288791656, 28.8386669159, 28.2045593262, 28.8230571747, 13.1827325821, 10.9465284348, 9.36054611206, 12.5915145874, 8.25653171539, 8.83074474335, 10.2354326248, 9.94472408295, 7.6949338913, 5.07204866409, 5.68202590942, 7.97605323792, 11.5188102722, 7.06752490997, 4.04588413239, 4.72767782211, 6.36852502823, 6.56419801712, 5.39925432205, 2.40987586975, 0.603473365307, 0.173117354512, 0.0673934742808, 0.0279229599983, 0.0170181449503, 0.0126990778372, 0.0173202548176, 0.0382895246148, 0.0141076510772, 0.00510753039271], "min": [1.05037100898e-22, 2.49345699472e-21, 1.08702599261e-20, 1.64644565594e-20, 4.12515229974e-20, 3.00315029971e-20, 3.16450771094e-20, 1.12830679651e-19, 2.95623468332e-19, 1.71380009748e-19, 3.22923375377e-19, 1.09138920879e-19, 2.08282915018e-19, 5.50476031451e-19, 2.57020650034e-18, 1.33628918647e-18, 3.44001565896e-18, 2.4865150543e-18, 4.47651411873e-18, 5.38639128584e-18, 6.62940965439e-18, 8.93225855946e-18, 1.01081776911e-17, 9.46971502656e-18, 8.79834877163e-18, 1.09990760262e-17, 1.0496961678e-17, 1.31782047678e-17, 1.59141162244e-17, 1.27892760243e-17, 1.345492977e-17, 1.59128291313e-17, 1.39261480951e-17, 1.12733773891e-17, 7.09686885729e-18, 4.71260966352e-18, 2.85798366942e-18, 1.19526130268e-18, 2.70571502149e-19, 2.99913104204e-20], "median": [0.138383701444, 0.820711374283, 2.40220570564, 4.85352134705, 4.39505767822, 6.73988628387, 11.1376132965, 10.0731716156, 10.68019104, 6.91924905777, 3.80209565163, 3.55632662773, 3.68429136276, 3.91562652588, 2.82828855515, 3.56743073463, 3.80542707443, 2.88491654396, 2.31193947792, 1.66633236408, 1.43381297588, 1.37091636658, 0.891376554966, 0.581785082817, 0.466981261969, 0.515217423439, 0.482914119959, 0.439332634211, 0.312178373337, 0.164756089449, 0.0861786827445, 0.0438438132405, 0.0229513589293, 0.0105416309088, 0.0060991612263, 0.00533407833427, 0.00457446882501, 0.0039965743199, 0.00242517725565, 0.00352342845872], "dvar2": [0.705517590046, 9.38162231445, 64.8006286621, 197.258300781, 488.690643311, 2110.07006836, 1378.26123047, 1941.23779297, 2140.53637695, 4998.04296875, 1547.96386719, 1457.98962402, 655.161499023, 1003.76965332, 476.725372314, 319.129272461, 586.209106445, 1026.89929199, 484.80960083, 144.780944824, 272.922363281, 456.894226074, 1249.79174805, 415.487976074, 107.524375916, 129.012741089, 296.054443359, 309.64050293, 276.564117432, 51.2852859497, 1.82563781738, 0.0815857052803, 0.0176200289279, 0.00654246238992, 0.00254704384133, 0.000827748794109, 0.000761491479352, 0.00682161096483, 0.000556043290999, 7.66377252148e-06], "var": [0.234069541097, 3.24614906311, 60.3212623596, 267.003601074, 527.190673828, 3390.32739258, 1897.609375, 3128.98657227, 3365.05712891, 5257.00927734, 1335.43701172, 1957.94604492, 464.453857422, 800.359375, 386.525268555, 304.59487915, 461.210906982, 936.792175293, 423.865936279, 145.330688477, 240.096755981, 628.86505127, 1552.72473145, 614.878967285, 176.674087524, 239.947296143, 489.552886963, 588.614318848, 472.935913086, 84.5696029663, 3.59222745895, 0.155515104532, 0.0140757421032, 0.00253188703209, 0.000979575677775, 0.000407394662034, 0.00156038242858, 0.0178448483348, 0.00170280225575, 2.97998176393e-05], "dmean2": [0.413993626833, 1.90811812878, 5.07100582123, 8.27200126648, 10.1276445389, 20.557434082, 19.289855957, 20.1136455536, 21.1015090942, 23.3011360168, 12.1187667847, 10.0531625748, 8.74196720123, 12.0374479294, 7.97447919846, 7.59722471237, 8.85796737671, 9.08811664581, 6.79450559616, 4.39288473129, 5.10889816284, 6.5037856102, 9.53802204132, 5.41789197922, 3.11602568626, 3.43243288994, 4.71410942078, 4.56734466553, 3.76121997833, 1.69760978222, 0.448831677437, 0.156446054578, 0.0830650404096, 0.047225497663, 0.0294932499528, 0.0177345070988, 0.0140947755426, 0.0231380630285, 0.00758328055963, 0.00184992142022], "max": [7.12393283844, 22.7761631012, 102.672027588, 289.039276123, 380.368713379, 730.69934082, 715.91583252, 639.34967041, 1149.30761719, 1153.31970215, 621.181518555, 1246.9901123, 634.385437012, 444.162322998, 486.271484375, 282.637756348, 404.119232178, 808.37890625, 657.381591797, 305.529876709, 366.307556152, 402.302062988, 496.402801514, 407.522277832, 309.813934326, 318.477416992, 274.96395874, 381.188873291, 371.003204346, 134.08442688, 33.2173843384, 6.29191255569, 1.41910028458, 0.729084610939, 0.45405548811, 0.251349270344, 0.52257424593, 1.52784109116, 0.518419861794, 0.0523700341582], "dmean": [0.238787040114, 1.09133160114, 2.98043704033, 5.14698171616, 6.33353948593, 12.5198345184, 12.4963188171, 13.5166854858, 13.7867059708, 15.8213806152, 7.97182512283, 6.39306259155, 5.54130601883, 7.66848659515, 4.98980808258, 4.90991544724, 5.75583362579, 5.9016418457, 4.52752685547, 2.91748189926, 3.33216524124, 4.38992977142, 6.46138954163, 3.7481880188, 2.14186096191, 2.36318874359, 3.22964811325, 3.29186654091, 2.72918653488, 1.22590517998, 0.317218661308, 0.10432549566, 0.051661811769, 0.0277450121939, 0.0173102803528, 0.0106574352831, 0.00959589332342, 0.0174144767225, 0.00564577942714, 0.00123935972806]}, "dissonance": {"dvar": 0.000720160489436, "mean": 0.446697115898, "min": 0, "median": 0.455254673958, "dvar2": 0.00195238727611, "var": 0.00168222642969, "dmean2": 0.043094471097, "max": 0.499999821186, "dmean": 0.0262020733207}, "erbbands_flatness_db": {"dvar": 0.000529834127519, "mean": 0.158442243934, "min": 0.0290207061917, "median": 0.154282644391, "dvar2": 0.00130924757104, "var": 0.00221007596701, "dmean2": 0.0401721820235, "max": 0.34439983964, "dmean": 0.0256825778633}, "melbands_kurtosis": {"dvar": 303.35369873, "mean": 20.6897983551, "min": -1.77110767365, "median": 13.6820812225, "dvar2": 803.363647461, "var": 603.785949707, "dmean2": 16.5806255341, "max": 511.577392578, "dmean": 10.1128492355}, "melbands_spread": {"dvar": 70.8428878784, "mean": 13.2744264603, "min": 0.242215275764, "median": 6.28264188766, "dvar2": 148.380905151, "var": 650.775756836, "dmean2": 6.32281589508, "max": 237.582077026, "dmean": 4.11954879761}, "melbands_skewness": {"dvar": 0.775218427181, "mean": 3.03042316437, "min": -1.00514662266, "median": 2.80088567734, "dvar2": 2.00652384758, "var": 2.90248727798, "dmean2": 1.35045719147, "max": 18.4405422211, "dmean": 0.838618099689}, "spectral_entropy": {"dvar": 0.0736744552851, "mean": 7.06875228882, "min": 4.96751880646, "median": 7.06229114532, "dvar2": 0.176501274109, "var": 0.357084512711, "dmean2": 0.42944842577, "max": 9.80471038818, "dmean": 0.279989331961}, "zerocrossingrate": {"dvar": 0.000864310539328, "mean": 0.205859333277, "min": 0.001953125, "median": 0.1982421875, "dvar2": 0.00150847306941, "var": 0.00970084872097, "dmean2": 0.0449986346066, "max": 0.705078125, "dmean": 0.0342704318464}, "average_loudness": 0.767094969749, "spectral_contrast_coeffs": {"dvar": [0.00191652425565, 0.0014458198566, 0.00086889375234, 0.000618368270807, 0.000620898616035, 0.00139281293377], "mean": [-0.654448211193, -0.732769727707, -0.818644702435, -0.824853301048, -0.843640625477, -0.765554308891], "min": [-0.967008948326, -0.989682674408, -0.979511916637, -0.978092551231, -0.96978110075, -0.962082445621], "median": [-0.657755374908, -0.734511137009, -0.823813438416, -0.827289223671, -0.843602538109, -0.790046930313], "dvar2": [0.00514683499932, 0.00376541959122, 0.00233080144972, 0.00158606236801, 0.00154813379049, 0.00315073505044], "var": [0.00983268022537, 0.00672573084012, 0.00325273815542, 0.00258487137035, 0.00285177282058, 0.00893365498632], "dmean2": [0.0879584178329, 0.0766036808491, 0.0591507591307, 0.0483891367912, 0.0455047488213, 0.05708354339], "max": [-0.275726616383, -0.457230508327, -0.519765555859, -0.548228859901, -0.627430558205, -0.397707134485], "dmean": [0.0529952012002, 0.0468898899853, 0.0358971692622, 0.0298391599208, 0.028370667249, 0.0375114046037]}, "barkbands_flatness_db": {"dvar": 0.000857400940731, "mean": 0.19301520288, "min": 0.033144056797, "median": 0.193376719952, "dvar2": 0.00219902512617, "var": 0.00372965610586, "dmean2": 0.0519994981587, "max": 0.46635812521, "dmean": 0.0328505821526}, "silence_rate_30dB": {"dvar": 0.0246460661292, "mean": 0.970609903336, "min": 0, "median": 1, "dvar2": 0.060662496835, "var": 0.0285249724984, "dmean2": 0.0505742281675, "max": 1, "dmean": 0.0252844505012}, "spectral_energyband_high": {"dvar": 4.23389565185e-07, "mean": 0.000504016119521, "min": 7.4180644527e-21, "median": 6.52993767289e-05, "dvar2": 7.14683721981e-07, "var": 2.43494264396e-06, "dmean2": 0.00026687051286, "max": 0.0187039300799, "dmean": 0.000202342605917}, "melbands_flatness_db": {"dvar": 0.00116415356752, "mean": 0.306767553091, "min": 0.00591425737366, "median": 0.313639014959, "dvar2": 0.00281526055187, "var": 0.00651638489217, "dmean2": 0.060709554702, "max": 0.634451985359, "dmean": 0.0390825532377}, "barkbands": {"dvar": [8.96115016076e-05, 0.000110489869257, 2.49193053605e-05, 1.70121220435e-05, 3.20384970109e-05, 1.1105127669e-05, 6.06930734648e-06, 4.24898144047e-06, 1.23013501252e-06, 3.94302901441e-07, 2.26736744935e-07, 9.16664646411e-08, 1.5369961659e-07, 2.44941020355e-07, 2.75271467842e-08, 3.84940399556e-08, 6.87973766844e-08, 1.69593249666e-07, 3.54047067219e-08, 3.02559399756e-08, 9.2054740719e-08, 8.47754790811e-08, 2.70848188322e-09, 4.06396027941e-11, 1.96974832278e-11, 1.26248136945e-10, 9.68784608091e-09], "mean": [0.00541941914707, 0.00719700474292, 0.00520011316985, 0.00389741663821, 0.00536032347009, 0.00340310693718, 0.00209920667112, 0.000850669050124, 0.000460377719719, 0.000370110094082, 0.00022401966271, 0.00021011971694, 0.000232279693591, 0.000192505249288, 0.000107004743768, 9.64320206549e-05, 0.000135268521262, 0.000203254603548, 9.76791852736e-05, 0.000102628786408, 0.000162936208653, 0.000138881150633, 2.78317547782e-05, 5.34611945113e-06, 2.3599150154e-06, 8.79037725099e-06, 0.000115294133138], "min": [8.66576010615e-24, 4.85306913348e-24, 3.79260262973e-24, 6.59743899344e-24, 1.90088309789e-23, 8.27611725038e-24, 1.70851857729e-23, 1.26557310012e-23, 3.93869769722e-24, 8.93766941613e-24, 7.87466956447e-23, 2.67088517876e-23, 7.15563484005e-23, 5.40042879226e-23, 9.75444684661e-23, 1.34302104988e-22, 1.10086599553e-22, 2.13187046929e-22, 1.69183060349e-22, 2.58955772151e-22, 2.64980877175e-22, 4.4694612214e-22, 4.62794628026e-22, 8.20018462353e-22, 1.07104238325e-21, 1.51649196684e-21, 1.9802013201e-21], "median": [0.00150585419033, 0.00401586061344, 0.00194087566342, 0.00120477227028, 0.00186472886708, 0.00119595089927, 0.000683575635776, 0.000184342061402, 0.000149860046804, 0.000127645835164, 5.56410559511e-05, 8.21381836431e-05, 8.05325762485e-05, 4.85830496473e-05, 3.5556491639e-05, 2.41800207732e-05, 2.37376698351e-05, 1.41367627293e-05, 9.18635669223e-06, 1.12852312668e-05, 1.15036937132e-05, 8.03024431661e-06, 3.29508475261e-06, 1.64641960509e-06, 8.04600745141e-07, 2.30618093155e-06, 3.88979024137e-05], "dvar2": [0.000261539593339, 0.000319049315294, 6.67993590469e-05, 3.69592780771e-05, 7.9404002463e-05, 2.23755032494e-05, 1.19136893773e-05, 8.34111233416e-06, 2.54898145613e-06, 9.12791620067e-07, 5.43648354778e-07, 2.18726569301e-07, 3.79639942594e-07, 6.20588252787e-07, 6.52640821386e-08, 9.84486518973e-08, 1.51443899199e-07, 3.66583833511e-07, 7.95441863488e-08, 6.56477325833e-08, 1.91657420601e-07, 1.7015995013e-07, 5.41962341671e-09, 9.04573221883e-11, 5.12342876458e-11, 2.52081688856e-10, 1.62319864216e-08], "var": [9.54599163379e-05, 0.000106102248537, 7.57234010962e-05, 6.11895156908e-05, 0.000113688503916, 3.72264184989e-05, 2.02785959118e-05, 8.42311328597e-06, 3.06530046146e-06, 7.00806253917e-07, 4.27752780752e-07, 1.8886417763e-07, 2.70802360092e-07, 4.57517245422e-07, 5.76601308921e-08, 6.86901842073e-08, 1.92157429524e-07, 4.85353155e-07, 1.18836979368e-07, 1.11753337251e-07, 3.34246038847e-07, 3.0437706755e-07, 8.86154971624e-09, 1.08523086351e-10, 1.95806391934e-11, 4.34843522301e-10, 5.89761626202e-08], "dmean2": [0.00845175795257, 0.0099668353796, 0.00486533204094, 0.00339436670765, 0.00451807770878, 0.00239630020224, 0.00154547719285, 0.000816750747617, 0.000443006603746, 0.00036132967216, 0.000249531440204, 0.000194041116629, 0.000217399763642, 0.000194681837456, 0.000100614372059, 9.30082824198e-05, 0.000118337869935, 0.000166067198734, 7.80595291872e-05, 7.82818096923e-05, 0.000118194649986, 9.56007643254e-05, 2.14873489313e-05, 5.80464302402e-06, 4.1696171138e-06, 7.75337230152e-06, 5.65231566725e-05], "max": [0.186506524682, 0.14591550827, 0.115351870656, 0.0934303328395, 0.122228100896, 0.0819057822227, 0.0653289183974, 0.0705101490021, 0.0457249097526, 0.0205552354455, 0.0145927658305, 0.00750114955008, 0.00935322977602, 0.024843512103, 0.00622523156926, 0.00661205453798, 0.00708736479282, 0.00910837575793, 0.0064262743108, 0.00562443584204, 0.0093145025894, 0.00876555684954, 0.00157618604135, 0.0001553077891, 6.4476080297e-05, 0.000321856263326, 0.00241735996678], "dmean": [0.00485440343618, 0.0057060928084, 0.0029094722122, 0.00213443022221, 0.00277201691642, 0.00160816346761, 0.00102943868842, 0.000550134165678, 0.000279915780993, 0.000230505829677, 0.000154220746481, 0.000124912199681, 0.000139593423228, 0.000124160913401, 6.41732985969e-05, 6.00312414463e-05, 7.84491858212e-05, 0.000113745343697, 5.3409672546e-05, 5.28921882506e-05, 8.17486579763e-05, 6.96927745594e-05, 1.50971809489e-05, 3.69463714378e-06, 2.44518105319e-06, 5.17975968251e-06, 4.17965275119e-05]}, "erbbands_spread": {"dvar": 67.6543655396, "mean": 30.0087966919, "min": 2.671864748, "median": 26.5963134766, "dvar2": 156.574432373, "var": 274.717803955, "dmean2": 11.3462190628, "max": 135.478851318, "dmean": 7.33953285217}, "barkbands_kurtosis": {"dvar": 163.545288086, "mean": 17.0455474854, "min": -1.85064947605, "median": 12.4947547913, "dvar2": 422.379547119, "var": 384.396240234, "dmean2": 12.979060173, "max": 395.873046875, "dmean": 7.96294593811}, "spectral_flux": {"dvar": 0.00090044940589, "mean": 0.0944602414966, "min": 6.67202473825e-11, "median": 0.0915961638093, "dvar2": 0.00213707052171, "var": 0.0030638827011, "dmean2": 0.0405426770449, "max": 0.446427434683, "dmean": 0.0250804852694}, "silence_rate_20dB": {"dvar": 0, "mean": 1, "min": 1, "median": 1, "dvar2": 0, "var": 0, "dmean2": 0, "max": 1, "dmean": 0}, "gfcc": {"cov": [[24117.8007812, 1904.24084473, -1005.97070312, 428.624938965, 113.754875183, -874.112915039, 508.374328613, -528.136413574, 178.158294678, -144.003952026, -90.4233169556, 59.8820304871, 34.9632072449], [1904.24084473, 1685.33764648, 250.14201355, -537.736022949, 118.528747559, 5.13515949249, -95.6721878052, -125.343643188, 5.93877315521, -1.38528776169, 67.4571609497, -191.212219238, 154.121383667], [-1005.97070312, 250.14201355, 486.032226562, -40.3611106873, -38.1805648804, 136.253875732, -102.093330383, 81.4933776855, -57.5846710205, 27.5964450836, 36.0285377502, -48.8248672485, 43.7378120422], [428.624938965, -537.736022949, -40.3611106873, 488.293304443, 39.5582389832, -100.076011658, 136.632843018, -17.4130821228, 16.1040992737, -27.7625541687, -40.9224357605, 101.69002533, -84.4873352051], [113.754875183, 118.528747559, -38.1805648804, 39.5582389832, 206.945175171, 18.0799045563, 44.82006073, -24.1171855927, 4.51105880737, -26.1130561829, 39.9875602722, -16.5516834259, 4.72904825211], [-874.112915039, 5.13515949249, 136.253875732, -100.076011658, 18.0799045563, 246.440658569, -67.6758880615, 99.9367752075, -48.3889007568, 48.5515441895, 27.6407566071, -38.1362571716, 33.4792709351], [508.374328613, -95.6721878052, -102.093330383, 136.632843018, 44.82006073, -67.6758880615, 206.03024292, -42.9389228821, 53.1095809937, -20.8332309723, -2.90242266655, 50.8702392578, -36.3314476013], [-528.136413574, -125.343643188, 81.4933776855, -17.4130821228, -24.1171855927, 99.9367752075, -42.9389228821, 212.151443481, 22.9740352631, 20.0885658264, 18.4533252716, -1.17950975895, 17.3272418976], [178.158294678, 5.93877315521, -57.5846710205, 16.1040992737, 4.51105880737, -48.3889007568, 53.1095809937, 22.9740352631, 122.721725464, 20.996213913, -10.105014801, 32.1695976257, -9.58019351959], [-144.003952026, -1.38528776169, 27.5964450836, -27.7625541687, -26.1130561829, 48.5515441895, -20.8332309723, 20.0885658264, 20.996213913, 92.1481399536, 33.8419837952, 1.14316391945, 22.1968765259], [-90.4233169556, 67.4571609497, 36.0285377502, -40.9224357605, 39.9875602722, 27.6407566071, -2.90242266655, 18.4533252716, -10.105014801, 33.8419837952, 106.02759552, 17.6744537354, 19.5514125824], [59.8820304871, -191.212219238, -48.8248672485, 101.69002533, -16.5516834259, -38.1362571716, 50.8702392578, -1.17950975895, 32.1695976257, 1.14316391945, 17.6744537354, 103.587188721, -1.53877067566], [34.9632072449, 154.121383667, 43.7378120422, -84.4873352051, 4.72904825211, 33.4792709351, -36.3314476013, 17.3272418976, -9.58019351959, 22.1968765259, 19.5514125824, -1.53877067566, 83.9654541016]], "mean": [-70.0969696045, 113.673217773, -66.0116271973, 8.35005092621, -25.4645290375, -14.5014877319, -10.663599968, -20.4490337372, -5.41149234772, -4.47137308121, -5.67295742035, -0.392673879862, -6.61950111389], "icov": [[8.25951792649e-05, -0.000299022096442, 0.000355432508513, -0.000419636373408, 0.000284639565507, -1.19980577438e-05, -1.6881227566e-05, -0.000108270593046, 0.000110083914478, 2.26928987104e-05, -9.49920140556e-05, 8.76313151821e-06, -6.02859945502e-05], [-0.000299022096442, 0.00312147475779, -0.00264929630794, 0.00325521500781, -0.00202668039128, 0.00106387364212, -0.000489948492032, 0.00192507635802, -0.00202974583954, 0.000791684899013, -0.000405087077525, 0.00247935089283, -0.00217000814155], [0.000355432508513, -0.00264929630794, 0.00578144937754, -0.00485057197511, 0.00420303782448, -0.00300063937902, 0.00138639216311, -0.000941984413657, 3.92732472392e-05, 0.00203204108402, -0.00316755636595, 0.00175447657239, -0.001186416368], [-0.000419636373408, 0.00325521500781, -0.00485057197511, 0.010237484239, -0.00727394316345, 0.00501810433343, -0.00278338720091, -0.00111112988088, 0.00411520060152, -0.00577765796334, 0.00716678611934, -0.00641310960054, 0.00467181066051], [0.000284639565507, -0.00202668039128, 0.00420303782448, -0.00727394316345, 0.0130328452215, -0.00622056797147, 0.000464933546027, 0.00295098638162, -0.00626062368974, 0.00991123169661, -0.0106873018667, 0.00839403178543, -0.00526057463139], [-1.19980577438e-05, 0.00106387364212, -0.00300063937902, 0.00501810433343, -0.00622056797147, 0.0113722244278, -0.00165624031797, -0.00495104026049, 0.00751619180664, -0.00922761950642, 0.00627179723233, -0.00368452863768, 0.00255459942855], [-1.6881227566e-05, -0.000489948492032, 0.00138639216311, -0.00278338720091, 0.000464933546027, -0.00165624031797, 0.00849666912109, 0.00178668810986, -0.0041344538331, 0.00293717510067, -0.00243164133281, -0.000520607049111, 0.000633926363662], [-0.000108270593046, 0.00192507635802, -0.000941984413657, -0.00111112988088, 0.00295098638162, -0.00495104026049, 0.00178668810986, 0.0101096974686, -0.0084426254034, 0.00665440084413, -0.00593106495216, 0.00563761871308, -0.00485911220312], [0.000110083914478, -0.00202974583954, 3.92732472392e-05, 0.00411520060152, -0.00626062368974, 0.00751619180664, -0.0041344538331, -0.0084426254034, 0.0215830281377, -0.0146558647975, 0.0119995037094, -0.0125939631835, 0.00842116959393], [2.26928987104e-05, 0.000791684899013, 0.00203204108402, -0.00577765796334, 0.00991123169661, -0.00922761950642, 0.00293717510067, 0.00665440084413, -0.0146558647975, 0.026913261041, -0.0158744081855, 0.0117093212903, -0.0101918531582], [-9.49920140556e-05, -0.000405087077525, -0.00316755636595, 0.00716678611934, -0.0106873018667, 0.00627179723233, -0.00243164133281, -0.00593106495216, 0.0119995037094, -0.0158744081855, 0.0241318680346, -0.015049509704