{"metadata": {"audio_properties": {"downmix": "mix", "bit_rate": 0, "lossless": true, "md5_encoded": "1a746fec9fe195bbf6c4fbc7d159e170", "analysis_sample_rate": 44100, "sample_rate": 44100, "replay_gain": -4.52121353149, "equal_loudness": 0, "codec": "flac", "length": 240.280090332}, "tags": {"releasestatus": ["official"], "musicbrainz_albumid": ["4a9a83f4-da89-4497-bfef-7ede2368680e"], "musicbrainz_recordingid": ["3048062c-8125-4662-9f63-9ff6719246b0"], "tracknumber": ["5"], "acoustid_id": ["d0dec7b2-d9ba-423d-9674-f690810dbe12"], "barcode": ["0076732149829"], "totaltracks": ["10"], "originaldate": ["1982-04-02"], "musicbrainz_releasegroupid": ["55538409-6a4e-3abe-9c7f-dd94151c537d"], "releasetype": ["album", "soundtrack"], "media": ["CD"], "musicbrainz_albumartistid": ["38dd6337-19ae-4793-ab4b-313eff523457"], "file_name": "05 Leopard Tree Dream.flac", "catalognumber": ["MCAD1498", "MCD01498"], "musicbrainz_artistid": ["38dd6337-19ae-4793-ab4b-313eff523457"], "albumartistsort": ["Moroder, Giorgio"], "musicbrainz_releasetrackid": ["7fb581c1-4fd8-47a9-aee0-6f2cf6eb916a"], "script": ["Latn"], "label": ["MCA Records"], "releasecountry": ["XE"], "album": ["Cat People"], "date": ["1992"], "title": ["Leopard Tree Dream"], "tracktotal": ["10"], "discnumber": ["1"], "artistsort": ["Moroder, Giorgio"], "disctotal": ["1"], "artists": ["Giorgio Moroder"], "totaldiscs": ["1"], "albumartist": ["Giorgio Moroder"]}, "version": {"essentia_build_sha": "5c9e65ec81695c916afb4cba055c226bfc528ee6", "essentia_git_sha": "v2.1_beta1-28-g21ef5f4", "extractor": "music 1.0", "essentia": "2.1-beta1"}}, "tonal": {"chords_scale": "major", "hpcp": {"dmean": [0.0395587794483, 0.0374594554305, 0.0595889315009, 0.0752311721444, 0.0678831934929, 0.0479992926121, 0.0500474721193, 0.0683675408363, 0.148968219757, 0.163099899888, 0.163103178144, 0.108943752944, 0.0897505506873, 0.0788536965847, 0.0747187510133, 0.0776196196675, 0.0596574656665, 0.0591412484646, 0.0738103911281, 0.0630645006895, 0.0599649362266, 0.0693005546927, 0.0509176403284, 0.0741307735443, 0.0905936062336, 0.0621511004865, 0.0376196652651, 0.0382375046611, 0.0343764275312, 0.0653777942061, 0.105501048267, 0.0754312723875, 0.0336832590401, 0.0320911929011, 0.0295191090554, 0.0319232754409], "dvar2": [0.0233580898494, 0.0192081741989, 0.0378101803362, 0.054834317416, 0.0516937337816, 0.0429800637066, 0.0465588159859, 0.0683826729655, 0.0895103961229, 0.138941779733, 0.0952901095152, 0.112755827606, 0.09828171134, 0.104376167059, 0.0823913812637, 0.0718164294958, 0.063517652452, 0.0645759776235, 0.0736734122038, 0.0560286082327, 0.0463950969279, 0.0506365895271, 0.0326081216335, 0.0636130422354, 0.0889998450875, 0.0467895902693, 0.0355076342821, 0.0308083333075, 0.0213301833719, 0.0300368946046, 0.058740708977, 0.0302774906158, 0.0140496985987, 0.0215872060508, 0.0142714688554, 0.0141010740772], "mean": [0.0709867626429, 0.0506055504084, 0.0944191813469, 0.164849296212, 0.108874619007, 0.0457714088261, 0.0444483794272, 0.0532642379403, 0.324201434851, 0.638756632805, 0.399030596018, 0.102248467505, 0.0935478210449, 0.0659628212452, 0.0761454999447, 0.103054895997, 0.064994558692, 0.068485878408, 0.118305265903, 0.0851409956813, 0.0781315490603, 0.109225675464, 0.0668944343925, 0.113168261945, 0.187174543738, 0.104325726628, 0.0497977100313, 0.0699823051691, 0.0463215373456, 0.109154127538, 0.209849745035, 0.128578484058, 0.0485094189644, 0.0640881955624, 0.0417769737542, 0.046745788306], "var": [0.0340027213097, 0.0130539042875, 0.0290900003165, 0.0897816494107, 0.042578022927, 0.0138122988865, 0.0139475595206, 0.0161441154778, 0.0498828478158, 0.152432873845, 0.0698330029845, 0.03732053563, 0.047631341964, 0.030847420916, 0.0258024744689, 0.03772392869, 0.0177044477314, 0.0213924590498, 0.058111384511, 0.0286000985652, 0.0194551125169, 0.0395058467984, 0.0148748354986, 0.0366606675088, 0.0982277542353, 0.03220307827, 0.0156394951046, 0.0400140956044, 0.0141156818718, 0.0229876339436, 0.0725059583783, 0.0258002039045, 0.0127164386213, 0.0371708609164, 0.0115633783862, 0.0126794576645], "dmean2": [0.0652046501637, 0.064281783998, 0.0978003516793, 0.123072646558, 0.113102003932, 0.0852368995547, 0.0896989107132, 0.126825541258, 0.255767971277, 0.274740874767, 0.279855757952, 0.194168522954, 0.15456455946, 0.140707939863, 0.1338788867, 0.132710665464, 0.105866298079, 0.105976782739, 0.126590281725, 0.110554523766, 0.104921087623, 0.117008827627, 0.0884652212262, 0.130639716983, 0.156096160412, 0.105252631009, 0.0670392662287, 0.065527074039, 0.0599350854754, 0.108245298266, 0.170618712902, 0.12366913259, 0.0575691647828, 0.0553111620247, 0.0502136088908, 0.0530370734632], "dvar": [0.0103728501126, 0.00733432266861, 0.0151953492314, 0.0271025579423, 0.0206714682281, 0.0155414361507, 0.016830638051, 0.0239825099707, 0.0324665755033, 0.0606238991022, 0.0346580259502, 0.0423138402402, 0.0410374179482, 0.0385772697628, 0.0291583873332, 0.0270494036376, 0.0223844405264, 0.022521270439, 0.02777582407, 0.0201341789216, 0.0165198892355, 0.0196773875505, 0.0116670364514, 0.0222987271845, 0.0338844396174, 0.0169271975756, 0.0123766418546, 0.0122982002795, 0.00771915633231, 0.0116855669767, 0.0258701387793, 0.0122231990099, 0.00538970343769, 0.00938606821001, 0.00541243841872, 0.00566823687404], "min": [0, 0, 0, 0, 0, 0, 0, 0, 0, 0, 0, 0, 0, 0, 0, 0, 0, 0, 0, 0, 0, 0, 0, 0, 0, 0, 0, 0, 0, 0, 0, 0, 0, 0, 0, 0], "median": [0.00907518807799, 0.0121453665197, 0.0200038235635, 0.0207552108914, 0.0143152391538, 0.01048041787, 0.00894383993, 0.0142752388492, 0.342905312777, 0.824022352695, 0.430859178305, 0.0309966485947, 0.00582909723744, 0.00521021103486, 0.0161888152361, 0.0286081116647, 0.0199487116188, 0.0130135985091, 0.0127187343314, 0.0153352143243, 0.029471212998, 0.031195634976, 0.0211996436119, 0.0223557762802, 0.0277209598571, 0.0192232895643, 0.00749257951975, 0.00358691858128, 0.0062339627184, 0.0484956093132, 0.0988117158413, 0.0656868964434, 0.0122004114091, 0.00491197686642, 0.00604051118717, 0.00845895335078], "max": [1, 1, 1, 1, 1, 1, 1, 1, 1, 1, 1, 1, 1, 1, 1, 1, 1, 1, 1, 1, 1, 1, 1, 1, 1, 1, 1, 1, 1, 1, 1, 1, 1, 1, 1, 1]}, "tuning_equal_tempered_deviation": 0.00197680620477, "chords_key": "C", "chords_strength": {"dmean": 0.00614068796858, "dvar2": 2.00880804186e-05, "mean": 0.478661209345, "var": 0.00872571021318, "dmean2": 0.00478739757091, "dvar": 3.01520103676e-05, "min": 0.221869036555, "median": 0.48152461648, "max": 0.676926493645}, "tuning_diatonic_strength": 0.482588648796, "thpcp": [1, 0.624698936939, 0.160074219108, 0.146452993155, 0.103267535567, 0.119208939373, 0.16133671999, 0.101751677692, 0.107217483222, 0.185211807489, 0.133291766047, 0.122318178415, 0.170997321606, 0.104726009071, 0.17716960609, 0.293029516935, 0.163326248527, 0.0779603794217, 0.109560199082, 0.0725182890892, 0.170885309577, 0.328528493643, 0.20129494369, 0.0759435072541, 0.100332729518, 0.0654035881162, 0.0731824710965, 0.111132718623, 0.0792250856757, 0.147817149758, 0.25807839632, 0.170447736979, 0.0716570392251, 0.0695857778192, 0.0833873748779, 0.507550776005], "chords_histogram": [8.98550701141, 3.14975833893, 23.0144920349, 4.85024166107, 0.36714977026, 2.62801933289, 0, 19.4975852966, 1.56521737576, 23.9227046967, 0, 0, 0.541062772274, 6.51207733154, 0.405797094107, 0, 0, 0, 0, 0, 0.212560385466, 0.0579710155725, 0.0193236712366, 4.27053117752], "tuning_nontempered_energy_ratio": 0.614397644997, "tuning_frequency": 438.477722168, "key_strength": 0.684945642948, "chords_changes_rate": 0.0303381644189, "key_scale": "minor", "hpcp_entropy": {"dmean": 0.506089389324, "dvar2": 0.53204959631, "mean": 1.33494281769, "var": 0.56847602129, "dmean2": 0.830682575703, "dvar": 0.221081748605, "min": 0, "median": 1.35411608219, "max": 3.88326358795}, "key_key": "F", "chords_number_rate": 0.00193236710038}, "lowlevel": {"melbands_skewness": {"dmean": 0.611927270889, "dvar2": 1.4629817009, "mean": 2.15084171295, "var": 2.03689789772, "dmean2": 0.890260875225, "dvar": 0.719219446182, "min": -2.23046207428, "median": 1.87948477268, "max": 15.0210065842}, "melbands_kurtosis": {"dmean": 5.81940984726, "dvar2": 568.036071777, "mean": 9.60928630829, "var": 312.973937988, "dmean2": 9.06869125366, "dvar": 248.001037598, "min": -1.5875159502, "median": 5.34031105042, "max": 353.36416626}, "barkbands_kurtosis": {"dmean": 2.47731423378, "dvar2": 99.307220459, "mean": 3.11593461037, "var": 50.4949493408, "dmean2": 3.93064045906, "dvar": 41.2729492188, "min": -1.84911155701, "median": 1.48255252838, "max": 149.677749634}, "hfc": {"dmean": 6.86357402802, "dvar2": 553.054748535, "mean": 17.2418174744, "var": 884.636657715, "dmean2": 9.47381782532, "dvar": 322.452758789, "min": 3.37626056535e-06, "median": 7.99357175827, "max": 253.643371582}, "silence_rate_20dB": {"dmean": 0, "dvar2": 0, "mean": 1, "var": 0, "dmean2": 0, "dvar": 0, "min": 1, "median": 1, "max": 1}, "erbbands_flatness_db": {"dmean": 0.0164913646877, "dvar2": 0.000511100050062, "mean": 0.161785662174, "var": 0.00231483625248, "dmean2": 0.0218714531511, "dvar": 0.000340383790899, "min": 0.0388690680265, "median": 0.165169715881, "max": 0.370220601559}, "spectral_flux": {"dmean": 0.0216563623399, "dvar2": 0.00319226225838, "mean": 0.0620550140738, "var": 0.00332894758321, "dmean2": 0.0337844379246, "dvar": 0.00145466835238, "min": 1.45838348544e-05, "median": 0.0465867556632, "max": 0.442222714424}, "spectral_energyband_low": {"dmean": 0.0066720941104, "dvar2": 0.000672414142173, "mean": 0.00933212321252, "var": 0.000348859030055, "dmean2": 0.0104020638391, "dvar": 0.000298121070955, "min": 3.84401954712e-10, "median": 0.00352987553924, "max": 0.174379378557}, "spectral_rolloff": {"dmean": 523.659423828, "dvar2": 2920306.75, "mean": 1484.01306152, "var": 2218120.75, "dmean2": 908.413269043, "dvar": 1135871.125, "min": 64.599609375, "median": 1033.59375, "max": 11864.7949219}, "spectral_entropy": {"dmean": 0.179294422269, "dvar2": 0.0935882180929, "mean": 7.34900474548, "var": 0.259456127882, "dmean2": 0.249824732542, "dvar": 0.048558127135, "min": 5.0498046875, "median": 7.30434656143, "max": 9.79690265656}, "spectral_energy": {"dmean": 0.00913932453841, "dvar2": 0.000881653977558, "mean": 0.0225779488683, "var": 0.00074359041173, "dmean2": 0.0130712017417, "dvar": 0.000420367287006, "min": 1.10738873627e-09, "median": 0.015453023836, "max": 0.229905158281}, "spectral_centroid": {"dmean": 235.244812012, "dvar2": 266263.71875, "mean": 1243.98522949, "var": 446789.1875, "dmean2": 373.730072021, "dvar": 112917.859375, "min": 325.845916748, "median": 1053.03735352, "max": 11308.5839844}, "barkbands_flatness_db": {"dmean": 0.019555920735, "dvar2": 0.00121662055608, "mean": 0.13096383214, "var": 0.00212528207339, "dmean2": 0.0299518015236, "dvar": 0.000522417598404, "min": 0.0184487830848, "median": 0.128400176764, "max": 0.333712518215}, "spectral_rms": {"dmean": 0.000709022744559, "dvar2": 2.84834186459e-06, "mean": 0.00399755593389, "var": 6.04672050031e-06, "dmean2": 0.000987529987469, "dvar": 1.54098404437e-06, "min": 1.03941295038e-06, "median": 0.00388279813342, "max": 0.0149765722454}, "melbands": {"dmean": [0.00103757705074, 0.00120965379756, 0.000776033790316, 0.00029765360523, 0.000218023793423, 0.000145318597788, 9.63092315942e-05, 0.000122332348838, 6.76983618177e-05, 6.86340063112e-05, 5.37369051017e-05, 3.11603907903e-05, 3.77547366952e-05, 2.93977154797e-05, 2.90253883577e-05, 3.24343818647e-05, 2.8451482649e-05, 1.03075381048e-05, 1.14088188639e-05, 1.17849431263e-05, 7.98002110969e-06, 4.98838107887e-06, 5.33292313776e-06, 4.38374900114e-06, 5.70795782551e-06, 5.41620966032e-06, 5.95067331233e-06, 5.23405378772e-06, 4.04187358072e-06, 3.67592588191e-06, 3.8310868149e-06, 3.09607958116e-06, 4.30946784036e-06, 4.86728276883e-06, 2.43858562499e-06, 1.54844076405e-06, 1.24777716337e-06, 1.00712895801e-06, 7.76149022386e-07, 6.066997571e-07], "dvar2": [2.01107068278e-05, 2.24620962399e-05, 2.65245744231e-05, 1.98093403014e-06, 4.93000698043e-07, 1.72584165625e-07, 6.9782252865e-08, 7.99058526013e-08, 2.80836154332e-08, 3.52245557167e-08, 2.01775520736e-08, 1.06112123532e-08, 8.39840996747e-09, 7.59571250342e-09, 3.33705472144e-08, 2.70914011224e-08, 2.82085164116e-08, 1.71606806543e-09, 2.24377560976e-09, 1.41693101696e-09, 1.0161426145e-09, 2.7118887691e-10, 2.08415382175e-10, 1.72891853611e-10, 4.01337379996e-10, 5.4816495787e-10, 5.7759780292e-10, 3.93256122111e-10, 1.98920394046e-10, 3.27262494881e-10, 4.3629824753e-10, 1.50110104902e-10, 9.12641573425e-10, 1.51828072337e-09, 2.11466288924e-10, 3.58292007174e-11, 4.25658293335e-11, 1.5598846867e-11, 7.54322212332e-12, 4.39581921211e-12], "mean": [0.00146950606722, 0.00156798306853, 0.000833242200315, 0.000459012051579, 0.000510438287165, 0.000431051128544, 0.000271467521088, 0.000285344111035, 0.000158554816153, 0.000136595263029, 0.000106106715975, 5.79471052333e-05, 7.51917759771e-05, 6.33511081105e-05, 5.91017997067e-05, 5.74638143007e-05, 4.81253518956e-05, 2.02249138965e-05, 2.02014089155e-05, 1.88665599126e-05, 1.32423892865e-05, 8.83549546415e-06, 8.91815398063e-06, 7.41672920412e-06, 7.88412398833e-06, 6.60270052322e-06, 6.82639256411e-06, 7.03620344211e-06, 5.68488576391e-06, 5.39359916729e-06, 4.95804670209e-06, 4.55975259683e-06, 5.35437447979e-06, 5.11384632773e-06, 3.53733116754e-06, 2.18915579353e-06, 1.7525411522e-06, 1.49693994445e-06, 1.09603433884e-06, 8.32140301554e-07], "var": [1.08115482362e-05, 1.1638648175e-05, 9.35800198931e-06, 6.41872361484e-07, 4.57002244048e-07, 4.41457785882e-07, 2.86567797048e-07, 1.81439375524e-07, 6.17847746298e-08, 5.38599991273e-08, 3.60577701031e-08, 1.48249696963e-08, 1.28369022079e-08, 1.73106382562e-08, 3.36250352007e-08, 3.19919912783e-08, 3.31732401548e-08, 2.4846547042e-09, 2.0753019303e-09, 1.2387665338e-09, 9.86811965475e-10, 2.63944865964e-10, 2.04903399803e-10, 1.51593931852e-10, 2.23073878813e-10, 2.15951520555e-10, 3.07295883184e-10, 3.84329790215e-10, 3.2310473741e-10, 3.44819228726e-10, 3.57694956987e-10, 2.7610408404e-10, 4.44328490667e-10, 4.6516449026e-10, 1.63088556548e-10, 4.54363248414e-11, 3.29388565035e-11, 1.93082962813e-11, 1.07243120634e-11, 6.05853128083e-12], "dmean2": [0.00162350793835, 0.00187541160267, 0.00126865436323, 0.000509612902533, 0.000347372260876, 0.000216945147258, 0.000132998757181, 0.000160948184202, 9.51714828261e-05, 9.50778921833e-05, 7.54111679271e-05, 4.69354017696e-05, 5.54303478566e-05, 4.21994373028e-05, 4.66833953396e-05, 5.34607534064e-05, 4.5438617235e-05, 1.64377870533e-05, 1.89278252947e-05, 2.01020193344e-05, 1.32027771542e-05, 8.27210260468e-06, 8.81451887835e-06, 7.19291165296e-06, 9.54125607677e-06, 9.50505273067e-06, 9.35200296226e-06, 7.62402441978e-06, 5.08769699081e-06, 5.32701233169e-06, 5.0631092563e-06, 3.45425542037e-06, 7.13484496373e-06, 8.54116569826e-06, 3.53894370164e-06, 2.06703157346e-06, 1.89499348835e-06, 1.48454910232e-06, 1.05412186713e-06, 8.1622408743e-07], "dvar": [8.80952666193e-06, 1.02839685496e-05, 1.05661129055e-05, 7.02511613326e-07, 1.90283088841e-07, 7.02478928361e-08, 3.72052681996e-08, 4.17284660159e-08, 1.46401664125e-08, 1.8559246584e-08, 1.04483239838e-08, 4.95043428472e-09, 4.00227273545e-09, 4.0837613291e-09, 1.11800222413e-08, 1.05314352794e-08, 1.24348957797e-08, 7.60536356115e-10, 8.53162984704e-10, 5.3089199703e-10, 4.38460157071e-10, 1.07346853628e-10, 9.30941157495e-11, 7.25693255488e-11, 1.57416288338e-10, 2.06459169205e-10, 2.48043224849e-10, 2.08697809034e-10, 1.41526512731e-10, 1.79051606874e-10, 2.12659473364e-10, 1.0548849988e-10, 3.31331573289e-10, 4.98643126789e-10, 9.60170346009e-11, 1.96711587991e-11, 1.83678124793e-11, 8.02161548991e-12, 4.39786054796e-12, 2.67100295874e-12], "min": [7.94631235812e-11, 2.14927403132e-12, 1.02990220519e-11, 6.27142001525e-12, 1.70475753739e-12, 1.44936840307e-12, 8.51408733012e-13, 3.03163039377e-13, 6.85343437817e-13, 6.43063076747e-13, 3.35943512592e-13, 3.27110490387e-13, 3.36734275446e-13, 1.93134855439e-13, 2.12904753506e-13, 3.35045793193e-13, 3.04711036134e-13, 2.29041286805e-13, 1.26331115165e-13, 2.78021881775e-13, 3.18500000679e-13, 2.96215688696e-13, 3.44019951415e-13, 2.60438290942e-13, 1.20935881209e-13, 7.68780248879e-14, 1.77916736248e-13, 3.40321277019e-13, 3.47886622938e-13, 2.15589143217e-13, 1.65621097566e-13, 3.07661800767e-13, 3.08747656348e-13, 5.90848767482e-13, 2.96076721083e-13, 3.09686033328e-13, 2.80015919306e-13, 3.17126723102e-13, 3.51810784281e-13, 2.6349666264e-13], "median": [0.000472608604468, 0.000516728381626, 0.000248881260632, 0.000214539672015, 0.000259739346802, 0.00017755049339, 0.000100026540167, 0.000129418738652, 7.6115509728e-05, 5.02582224726e-05, 4.31096923421e-05, 1.96116034203e-05, 3.52734023181e-05, 2.24966825044e-05, 1.16256169349e-05, 8.82685526449e-06, 1.05626941149e-05, 6.58636463413e-06, 4.85073087475e-06, 6.90027763994e-06, 3.61371940016e-06, 2.94469305118e-06, 3.72726003661e-06, 2.16865578295e-06, 2.19438015847e-06, 1.24658572531e-06, 1.27271619021e-06, 1.23722156786e-06, 8.4271147216e-07, 6.02011652973e-07, 4.40807355062e-07, 3.40251261832e-07, 3.16534766398e-07, 2.50798393608e-07, 1.9972902976e-07, 1.26580587789e-07, 9.54637826567e-08, 8.34292706031e-08, 5.35964908011e-08, 3.93664976173e-08], "max": [0.0373406484723, 0.0376771837473, 0.0438960418105, 0.010048860684, 0.00732598360628, 0.00781326182187, 0.00899794977158, 0.00624512322247, 0.00431063212454, 0.00398087501526, 0.00402536476031, 0.0027706832625, 0.0019864293281, 0.0024540477898, 0.00391664123163, 0.00604441761971, 0.00561282364652, 0.00129323813599, 0.000698987569194, 0.000671556452289, 0.00125792576, 0.000230476653087, 0.000232597289141, 0.000168079612195, 0.000219771143747, 0.00012697254715, 0.000178192975, 0.000210940881516, 0.000174145985511, 0.00019301053544, 0.000228517441428, 0.000156684021931, 0.000284598354483, 0.000331017945427, 0.000166859608726, 7.27692022338e-05, 6.54779069009e-05, 5.20598368894e-05, 3.78472723241e-05, 2.97275528283e-05]}, "barkbands_crest": {"dmean": 2.34259963036, "dvar2": 14.6636104584, "mean": 9.56118583679, "var": 16.6906700134, "dmean2": 3.67870903015, "dvar": 6.52240610123, "min": 2.29368591309, "median": 8.70947360992, "max": 25.9482269287}, "mfcc": {"icov": [[0.000104251361336, -4.99229317938e-05, -0.000150838226546, -0.000112157365947, 2.18275072257e-05, -3.07867994707e-05, 0.000127294435515, 9.91629640339e-05, 0.000167960548424, -8.02297381597e-06, -0.000206181022804, 0.000146122678416, 0.000126899845782], [-4.99229317938e-05, 0.000628394831438, 0.000344905856764, -0.000190410879441, -9.24820487853e-05, 0.000267796887783, -6.33146773907e-05, 0.0003991931153, -8.07749529486e-05, -0.000305080699036, -0.000295515637845, -0.000208092082175, 0.000511263264343], [-0.000150838226546, 0.000344905856764, 0.0023911097087, -0.000136753122206, -0.00128365750425, 0.000518045737408, -0.000861423439346, -8.42015142553e-05, -0.00115702440962, -0.000409611704526, -0.000188642108697, 0.000676799973007, 0.000641197082587], [-0.000112157365947, -0.000190410879441, -0.000136753122206, 0.00599201023579, -0.00124310562387, -0.00171196332667, 0.0015094622504, -0.00227256445214, 0.000462361349491, -0.00136748247314, 0.00161179772113, -0.000737566617317, 0.000284667301457], [2.18275072257e-05, -9.24820487853e-05, -0.00128365750425, -0.00124310562387, 0.00962053984404, -0.00288566551171, -0.000841671600938, -0.000220381611143, -0.00025064937654, 0.000921354279853, -0.00235446495935, 0.000515206891578, -0.0010218413081], [-3.07867994707e-05, 0.000267796887783, 0.000518045737408, -0.00171196332667, -0.00288566551171, 0.0134752904996, -0.00531592965126, 0.00279063754715, -0.00191448046826, 0.00108165363781, -0.000119937743875, -0.000316390069202, 0.000948246917687], [0.000127294435515, -6.33146773907e-05, -0.000861423439346, 0.0015094622504, -0.000841671600938, -0.00531592965126, 0.0148547617719, -0.00660224771127, 0.0048870719038, -0.00452445633709, 0.00161042890977, -9.82793935691e-05, -0.00205365568399], [9.91629640339e-05, 0.0003991931153, -8.42015142553e-05, -0.00227256445214, -0.000220381611143, 0.00279063754715, -0.00660224771127, 0.0164512097836, -0.00917168613523, 0.00582717172801, -0.000720700423699, 0.000751000770833, -0.00166491465643], [0.000167960548424, -8.07749529486e-05, -0.00115702440962, 0.000462361349491, -0.00025064937654, -0.00191448046826, 0.0048870719038, -0.00917168613523, 0.0200849939138, -0.00765499612316, 0.0032972805202, -0.00430776923895, 0.00176745222416], [-8.02297381597e-06, -0.000305080699036, -0.000409611704526, -0.00136748247314, 0.000921354279853, 0.00108165363781, -0.00452445633709, 0.00582717172801, -0.00765499612316, 0.0141822360456, -0.00551854399964, 0.00235563167371, -0.00234077288769], [-0.000206181022804, -0.000295515637845, -0.000188642108697, 0.00161179772113, -0.00235446495935, -0.000119937743875, 0.00161042890977, -0.000720700423699, 0.0032972805202, -0.00551854399964, 0.0143917025998, -0.00436195312068, 0.00304762879387], [0.000146122678416, -0.000208092082175, 0.000676799973007, -0.000737566617317, 0.000515206891578, -0.000316390069202, -9.82793935691e-05, 0.000751000770833, -0.00430776923895, 0.00235563167371, -0.00436195312068, 0.0152876432985, -0.0054024499841], [0.000126899845782, 0.000511263264343, 0.000641197082587, 0.000284667301457, -0.0010218413081, 0.000948246917687, -0.00205365568399, -0.00166491465643, 0.00176745222416, -0.00234077288769, 0.00304762879387, -0.0054024499841, 0.0157239753753]], "mean": [-686.859130859, 128.41418457, 1.22230648994, 18.6046867371, -3.20648503304, 5.19011545181, -1.34605622292, 3.77678132057, -1.5121243, 1.88916802406, -1.55348110199, 3.33925390244, 3.30357027054], "cov": [[13946.5, 1373.47937012, 802.979248047, 221.345474243, 132.128646851, 0.221632763743, -208.704071045, -334.430969238, -184.698287964, 161.305221558, 350.747619629, -229.374038696, -350.077056885], [1373.47937012, 2105.85864258, -225.478302002, 35.4872741699, -21.4270992279, -38.6445350647, -84.6321792603, -141.969512939, -41.872543335, 85.1148071289, 120.172355652, 7.84048223495, -99.3725967407], [802.979248047, -225.478302002, 616.660827637, 47.5991783142, 98.4496841431, 24.3178062439, 45.4901809692, 33.5211830139, 41.8210258484, 44.3382873535, 24.1981773376, -37.3781509399, -26.3680095673], [221.345474243, 35.4872741699, 47.5991783142, 204.182357788, 39.4121551514, 29.9202194214, 4.4323849678, 28.9711475372, 19.1486377716, 12.6554288864, -8.58320808411, 4.57771635056, -1.20642185211], [132.128646851, -21.4270992279, 98.4496841431, 39.4121551514, 141.214553833, 40.5791320801, 27.8250904083, 14.5864610672, 9.34565830231, 10.4777297974, 20.4393730164, -0.490395337343, 3.1899061203], [0.221632763743, -38.6445350647, 24.3178062439, 29.9202194214, 40.5791320801, 101.152275085, 39.560874939, 6.00975322723, 6.42734384537, 6.34472942352, 0.640050530434, 2.62134957314, 3.06032371521], [-208.704071045, -84.6321792603, 45.4901809692, 4.4323849678, 27.8250904083, 39.560874939, 113.530029297, 43.0941390991, 6.57269239426, 16.985458374, -9.84718894958, 3.18798613548, 26.1078128815], [-334.430969238, -141.969512939, 33.5211830139, 28.9711475372, 14.5864610672, 6.00975322723, 43.0941390991, 120.489959717, 45.9669113159, -20.0813369751, -26.7033672333, 12.7069253922, 25.7806854248], [-184.698287964, -41.872543335, 41.8210258484, 19.1486377716, 9.34565830231, 6.42734384537, 6.57269239426, 45.9669113159, 88.2157974243, 26.9881496429, -7.81338644028, 19.5475959778, 9.07765388489], [161.305221558, 85.1148071289, 44.3382873535, 12.6554288864, 10.4777297974, 6.34472942352, 16.985458374, -20.0813369751, 26.9881496429, 118.087409973, 41.1553764343, 0.673093020916, 1.0841101408], [350.747619629, 120.172355652, 24.1981773376, -8.58320808411, 20.4393730164, 0.640050530434, -9.84718894958, -26.7033672333, -7.81338644028, 41.1553764343, 106.877365112, 12.2977170944, -19.8781929016], [-229.374038696, 7.84048223495, -37.3781509399, 4.57771635056, -0.490395337343, 2.62134957314, 3.18798613548, 12.7069253922, 19.5475959778, 0.673093020916, 12.2977170944, 88.7940063477, 30.6367321014], [-350.077056885, -99.3725967407, -26.3680095673, -1.20642185211, 3.1899061203, 3.06032371521, 26.1078128815, 25.7806854248, 9.07765388489, 1.0841101408, -19.8781929016, 30.6367321014, 90.4329605103]]}, "spectral_decrease": {"dmean": 2.30747954078e-09, "dvar2": 5.92785486399e-17, "mean": -5.56779067296e-09, "var": 4.49169528179e-17, "dmean2": 3.37609140644e-09, "dvar": 2.74393692829e-17, "min": -5.75429304206e-08, "median": -3.88359078229e-09, "max": -2.12268375641e-16}, "zerocrossingrate": {"dmean": 0.0104041462764, "dvar2": 0.000234927807469, "mean": 0.0578605979681, "var": 0.00139744591434, "dmean2": 0.0122058512643, "dvar": 0.000181731069461, "min": 0.005859375, "median": 0.04736328125, "max": 0.35595703125}, "spectral_contrast_coeffs": {"dmean": [0.0454024709761, 0.0366880446672, 0.0364639535546, 0.0331520065665, 0.0232264492661, 0.0188078470528], "dvar2": [0.0038126478903, 0.00230358727276, 0.00234015285969, 0.0022626966238, 0.00103975576349, 0.000862347602379], "mean": [-0.684814810753, -0.718225359917, -0.71442347765, -0.730734288692, -0.762964189053, -0.762166559696], "var": [0.00811889581382, 0.0052664601244, 0.00425288639963, 0.0038809585385, 0.00260254810564, 0.00208613229915], "dmean2": [0.0722548514605, 0.0582538731396, 0.0567844212055, 0.0540739148855, 0.0374269783497, 0.029769429937], "dvar": [0.00161113764625, 0.000904726912268, 0.000945507257711, 0.000911860843189, 0.000427134800702, 0.000419582007453], "min": [-0.967051208019, -0.971242666245, -0.962917387486, -0.96138972044, -0.957999110222, -0.960000932217], "median": [-0.693692803383, -0.719046592712, -0.714577078819, -0.731464266777, -0.765258073807, -0.761390507221], "max": [-0.353213280439, -0.4525590837, -0.451271265745, -0.49090436101, -0.561829566956, -0.594040155411]}, "spectral_skewness": {"dmean": 0.226797744632, "dvar2": 0.123917199671, "mean": 1.65305602551, "var": 0.225652888417, "dmean2": 0.358996391296, "dvar": 0.053369037807, "min": -0.0231941714883, "median": 1.63058781624, "max": 3.76443338394}, "spectral_energyband_middle_high": {"dmean": 0.00115977704991, "dvar2": 1.16033143058e-05, "mean": 0.00360156851821, "var": 2.71968874586e-05, "dmean2": 0.00178952293936, "dvar": 4.97380506204e-06, "min": 5.58917669091e-11, "median": 0.00189907010645, "max": 0.116168811917}, "gfcc": {"icov": [[0.000166813784745, -0.000378145778086, 0.000215716136154, -0.000594115059357, 0.000382052181521, -0.000267246505246, 0.000406667706557, -0.000404857652029, 0.000646190310363, -0.000703987258021, 0.000705016776919, -0.000387487671105, 0.000554354453925], [-0.000378145778086, 0.0020279372111, -0.000966580642853, 0.00217871973291, -0.00143996812403, 0.00128016714007, -0.000172690997715, 0.00125625322107, -0.00297552347183, 0.00256211031228, -0.00366417691112, 0.00328511861153, -0.00221979268827], [0.000215716136154, -0.000966580642853, 0.00247836881317, -0.00168827595189, 0.000185136450455, -0.00117459287867, 0.000817904132418, -0.00197843415663, 0.00207245605998, -0.00225583021529, 0.00320412474684, -0.00119345483836, 0.00223410478793], [-0.000594115059357, 0.00217871973291, -0.00168827595189, 0.00732368603349, -0.00203893147409, 0.000273003941402, -0.00148728163913, 0.00210929918103, -0.00403746729717, 0.0047519649379, -0.00309285451658, 0.00336489547044, -0.00269039045088], [0.000382052181521, -0.00143996812403, 0.000185136450455, -0.00203893147409, 0.00736560160294, -0.00154854706489, -0.00221542618237, 0.000747638754547, 0.000859781284817, -0.00270447949879, 0.00174351525493, -0.00403296528384, 0.00198575295508], [-0.000267246505246, 0.00128016714007, -0.00117459287867, 0.000273003941402, -0.00154854706489, 0.00996493548155, -0.00151668349281, -0.00209232745692, 0.00208627316169, -0.000704732723534, -0.00196088734083, 0.0013480578782, -0.0023074708879], [0.000406667706557, -0.000172690997715, 0.000817904132418, -0.00148728163913, -0.00221542618237, -0.00151668349281, 0.0112053435296, -0.0036987143103, -0.00125050602946, 0.00238065235317, -0.00199367431924, 0.00210257666185, -0.000717423681635], [-0.000404857652029, 0.00125625322107, -0.00197843415663, 0.00210929918103, 0.000747638754547, -0.00209232745692, -0.0036987143103, 0.0144748399034, -0.00591222103685, -0.000346335611539, 0.000397622148739, -0.00286291819066, -0.000306922098389], [0.000646190310363, -0.00297552347183, 0.00207245605998, -0.00403746729717, 0.000859781284817, 0.00208627316169, -0.00125050602946, -0.00591222103685, 0.0184827260673, -0.00873205903918, 0.00389043940231, -0.000387215492083, 0.000598174112383], [-0.000703987258021, 0.00256211031228, -0.00225583021529, 0.0047519649379, -0.00270447949879, -0.000704732723534, 0.00238065235317, -0.000346335611539, -0.00873205903918, 0.0187649764121, -0.00984461419284, 0.00428137974814, 0.00119628058746], [0.000705016776919, -0.00366417691112, 0.00320412474684, -0.00309285451658, 0.00174351525493, -0.00196088734083, -0.00199367431924, 0.000397622148739, 0.00389043940231, -0.00984461419284, 0.0237577147782, -0.00799315050244, 0.000924904714338], [-0.000387487671105, 0.00328511861153, -0.00119345483836, 0.00336489547044, -0.00403296528384, 0.0013480578782, 0.00210257666185, -0.00286291819066, -0.000387215492083, 0.00428137974814, -0.00799315050244, 0.020160196349, -0.00764857418835], [0.000554354453925, -0.00221979268827, 0.00223410478793, -0.00269039045088, 0.00198575295508, -0.0023074708879, -0.000717423681635, -0.000306922098389, 0.000598174112383, 0.00119628058746, 0.000924904714338, -0.00764857418835, 0.020140632987]], "mean": [-48.2922592163, 102.259857178, -120.410453796, 28.5404777527, -61.2935256958, 13.3769550323, -30.8787136078, 6.7642698288, -18.0634727478, 2.69558548927, -8.24506855011, 1.44454216957, -6.47906589508], "cov": [[17231.40625, 1297.16296387, 870.813110352, 340.385253906, -596.650634766, 151.102523804, -787.416137695, 181.38319397, -153.749282837, 376.964935303, -290.217376709, -271.756256104, -439.28503418], [1297.16296387, 2221.8503418, -203.437591553, -219.272567749, 81.9021148682, -253.277587891, 4.63535928726, -140.022247314, 232.320526123, 18.441286087, 177.861358643, -201.759765625, 70.6087188721], [870.813110352, -203.437591553, 877.190002441, 111.18006134, 8.09776496887, 134.929321289, -71.6860351562, 126.875289917, -51.6981124878, 79.8944320679, -114.477661133, -5.57930517197, -114.872886658], [340.385253906, -219.272567749, 111.18006134, 259.703430176, 23.0021858215, 46.7009124756, 25.3698062897, 13.7110872269, -9.58108234406, -27.8259716034, -31.5612163544, -2.17794775963, -4.42254066467], [-596.650634766, 81.9021148682, 8.09776496887, 23.0021858215, 215.569366455, 20.123008728, 74.6588821411, 0.384774804115, 27.4103393555, 5.60988664627, 29.434803009, 23.6381244659, 17.8180866241], [151.102523804, -253.277587891, 134.929321289, 46.7009124756, 20.123008728, 167.849563599, 14.3213119507, 55.354675293, -37.7578430176, 20.0983543396, -19.0765323639, 26.7108325958, -11.2554416656], [-787.416137695, 4.63535928726, -71.6860351562, 25.3698062897, 74.6588821411, 14.3213119507, 165.374908447, 19.1806793213, 34.1080474854, -26.4425487518, 30.7842330933, 7.16381645203, 35.8518714905], [181.38319397, -140.022247314, 126.875289917, 13.7110872269, 0.384774804115, 55.354675293, 19.1806793213, 126.701896667, 16.025970459, 33.1001930237, -18.6136684418, 23.5760326385, -16.3831233978], [-153.749282837, 232.320526123, -51.6981124878, -9.58108234406, 27.4103393555, -37.7578430176, 34.1080474854, 16.025970459, 119.390525818, 32.627368927, 29.0522384644, -23.7794342041, 12.8741426468], [376.964935303, 18.441286087, 79.8944320679, -27.8259716034, 5.60988664627, 20.0983543396, -26.4425487518, 33.1001930237, 32.627368927, 114.751029968, 16.3776035309, -8.26843166351, -31.287355423], [-290.217376709, 177.861358643, -114.477661133, -31.5612163544, 29.434803009, -19.0765323639, 30.7842330933, -18.6136684418, 29.0522384644, 16.3776035309, 93.0174255371, 10.452922821, 29.6610603333], [-271.756256104, -201.759765625, -5.57930517197, -2.17794775963, 23.6381244659, 26.7108325958, 7.16381645203, 23.5760326385, -23.7794342041, -8.26843166351, 10.452922821, 97.6541595459, 24.7173404694], [-439.28503418, 70.6087188721, -114.872886658, -4.42254066467, 17.8180866241, -11.2554416656, 35.8518714905, -16.3831233978, 12.8741426468, -31.287355423, 29.6610603333, 24.7173404694, 89.1571273804]]}, "erbbands_spread": {"dmean": 7.95690917969, "dvar2": 185.677597046, "mean": 34.7360115051, "var": 323.082824707, "dmean2": 11.2684936523, "dvar": 103.65171814, "min": 5.19783115387, "median": 29.8445663452, "max": 127.654380798}, "erbbands_kurtosis": {"dmean": 0.777666807175, "dvar2": 1.73742771149, "mean": 0.342261493206, "var": 1.83213245869, "dmean2": 1.20509719849, "dvar": 0.758997142315, "min": -1.80152964592, "median": 0.0259211063385, "max": 11.5997829437}, "dynamic_complexity": 5.58236694336, "erbbands_crest": {"dmean": 2.22975611687, "dvar2": 9.54158401489, "mean": 8.97383880615, "var": 15.1348352432, "dmean2": 3.42678666115, "dvar": 4.11221885681, "min": 2.28376460075, "median": 8.1010723114, "max": 29.6497821808}, "erbbands": {"dmean": [0.104028075933, 0.980665445328, 2.24146223068, 5.05612182617, 3.4982175827, 5.62047529221, 5.62018489838, 6.58143186569, 6.29320669174, 10.5766086578, 8.39112949371, 10.6715698242, 10.8723239899, 7.76251888275, 12.6519136429, 9.33432292938, 14.15031147, 14.1190843582, 6.55461788177, 6.94107103348, 7.078997612, 4.32375574112, 5.29933357239, 6.5837059021, 7.44094181061, 7.64685583115, 6.15467453003, 6.01905536652, 5.60385894775, 8.27637863159, 3.79071092606, 2.19252181053, 1.35373675823, 0.741872370243, 0.375563085079, 0.183022618294, 0.0548334009945, 0.00642577651888, 0.000544586160686, 2.53140842688e-05], "dvar2": [0.202029392123, 18.7392749786, 98.3279953003, 1228.25537109, 497.481506348, 460.930755615, 310.007843018, 384.451385498, 317.334777832, 636.644348145, 411.433319092, 800.998596191, 795.719360352, 602.343811035, 1002.77227783, 1055.5213623, 6920.79492188, 6501.58837891, 548.722045898, 544.754516602, 651.604187012, 152.324874878, 232.751907349, 531.071105957, 937.769042969, 791.582946777, 495.152893066, 789.61920166, 652.217529297, 4074.59008789, 399.755371094, 109.075454712, 27.0810871124, 5.7923541069, 1.80217528343, 0.467957615852, 0.0470095649362, 0.00079307256965, 7.44395811125e-06, 8.97961349722e-09], "mean": [0.137520939112, 1.33852148056, 2.52655005455, 5.20127344131, 3.98487854004, 10.0936069489, 13.1595220566, 19.4640598297, 18.3164863586, 24.8423271179, 20.624174118, 21.8562870026, 22.0708789825, 15.5191335678, 25.6731319427, 21.8766536713, 27.1034069061, 25.8515911102, 13.6592845917, 13.3484487534, 12.3237943649, 8.37954139709, 9.34096336365, 9.66871070862, 9.46745491028, 10.2467422485, 9.06741714478, 8.55725955963, 8.57609081268, 9.30124759674, 5.64470148087, 3.12488460541, 2.01460790634, 1.06073069572, 0.49856364727, 0.22846262157, 0.0639913156629, 0.00793920457363, 0.000713452580385, 4.97004002682e-05], "var": [0.0847241654992, 11.033949852, 36.7824325562, 415.6456604, 124.647117615, 240.734130859, 336.21585083, 957.057800293, 1408.58483887, 1319.50012207, 1010.11413574, 1242.82873535, 1448.13549805, 833.187744141, 1615.92626953, 2365.39379883, 5684.53417969, 9089.73730469, 795.666564941, 588.366943359, 697.843200684, 180.722686768, 230.075012207, 309.176574707, 453.03414917, 772.055053711, 853.700744629, 932.344299316, 978.454467773, 1443.3527832, 371.50012207, 101.84954834, 35.2769966125, 9.53680706024, 1.76187694073, 0.383654892445, 0.0341911353171, 0.000799339963123, 1.08220374386e-05, 1.51233567891e-08], "dmean2": [0.168352231383, 1.48773574829, 3.6291384697, 8.36094665527, 6.10573863983, 9.30628013611, 8.90504264832, 9.88218784332, 8.68542861938, 14.1800279617, 11.6244258881, 14.7904615402, 15.1819038391, 11.6652975082, 18.3506851196, 13.9513835907, 23.6152439117, 22.5816326141, 10.551232338, 11.5869646072, 11.8689231873, 7.02451705933, 8.54747867584, 10.9929409027, 12.1142749786, 10.8505277634, 7.53476476669, 7.51704978943, 7.14739561081, 14.2226734161, 5.24124479294, 3.11907601357, 1.96817803383, 0.970539093018, 0.541178643703, 0.267494738102, 0.0812558531761, 0.00889063067734, 0.00070369563764, 3.17445010296e-05], "dvar": [0.0766429454088, 9.05458068848, 40.0230102539, 481.666931152, 178.840408325, 166.634017944, 120.697151184, 155.613555908, 171.833862305, 312.827270508, 214.868713379, 420.145477295, 414.203674316, 279.990356445, 498.57232666, 509.422241211, 2299.02807617, 2967.18920898, 233.734512329, 207.599243164, 285.402648926, 64.2952194214, 101.776756287, 211.351318359, 380.934509277, 424.66293335, 356.374237061, 448.318359375, 391.477722168, 1376.9909668, 191.863800049, 50.5874099731, 14.3025588989, 3.76790690422, 0.921399354935, 0.22370634973, 0.0217879060656, 0.000430598156527, 5.06969081471e-06, 6.66804833571e-09], "min": [4.26439239476e-09, 4.01078015244e-09, 2.80783107875e-09, 3.67727430728e-08, 7.77131745622e-08, 3.30273195459e-08, 3.59620244694e-08, 5.15783789012e-08, 6.06898424849e-08, 3.91918710818e-08, 9.20665570447e-08, 1.01988199219e-07, 7.90703182929e-08, 9.35963697657e-08, 1.15069347828e-07, 8.72059047197e-08, 9.37734654372e-08, 1.97404631308e-07, 1.28757747575e-07, 2.63988169991e-07, 2.81988775441e-07, 3.53415657628e-07, 3.7573965983e-07, 1.69013830487e-07, 1.39998590498e-07, 6.29786597983e-07, 5.63232390505e-07, 2.87616217065e-07, 5.05963555497e-07, 9.70872974904e-07, 5.83459666359e-07, 4.61847832867e-07, 4.84651820898e-07, 4.05298862916e-07, 3.07507377784e-07, 2.24418329253e-07, 8.72187229106e-08, 3.46238344662e-08, 7.01238489498e-09, 9.93020887741e-10], "median": [0.0459072999656, 0.375527560711, 0.715933203697, 1.28553247452, 1.78582811356, 4.05969047546, 6.68418073654, 7.90911006927, 7.12906360626, 11.4664573669, 10.3651237488, 8.90457630157, 9.51981067657, 6.52066230774, 11.5854940414, 5.83852529526, 6.22529649734, 6.88087272644, 4.67567682266, 5.01089429855, 4.09827423096, 3.39022445679, 3.20998382568, 3.07859230042, 2.18400645256, 1.82317841053, 1.23122274876, 0.838034510612, 0.681123137474, 0.535640120506, 0.33453437686, 0.175788521767, 0.109818376601, 0.0515618920326, 0.0181350018829, 0.00386464246549, 0.000853750330862, 0.000155394067406, 2.24733903451e-05, 1.99269888981e-05], "max": [3.46841788292, 38.1450195312, 71.3795318604, 273.432800293, 182.751617432, 202.008758545, 224.697814941, 345.392944336, 688.346862793, 542.928955078, 591.620544434, 593.020751953, 817.209960938, 620.211120605, 732.435302734, 993.221069336, 1390.81335449, 3377.58618164, 551.453308105, 495.472564697, 1073.80078125, 169.253799438, 233.935256958, 233.539657593, 152.361038208, 280.099029541, 314.749572754, 343.243774414, 311.096160889, 555.616027832, 228.745635986, 105.138397217, 67.9138641357, 32.0802345276, 13.8528957367, 7.3986749649, 2.75298333168, 0.543740034103, 0.0675694867969, 0.00228896248154]}, "silence_rate_30dB": {"dmean": 0.0284112878144, "dvar2": 0.0673264116049, "mean": 0.977968871593, "var": 0.0215473305434, "dmean2": 0.0568280667067, "dvar": 0.0276033915579, "min": 0, "median": 1, "max": 1}, "silence_rate_60dB": {"dmean": 0.0125628141686, "dvar2": 0.0297212190926, "mean": 0.186008304358, "var": 0.151371717453, "dmean2": 0.0251280572265, "dvar": 0.0124066313729, "min": 0, "median": 0, "max": 1}, "spectral_energyband_middle_low": {"dmean": 0.00359581480734, "dvar2": 0.000260485656327, "mean": 0.00978718046099, "var": 0.00013708784536, "dmean2": 0.00569369783625, "dvar": 0.000101768906461, "min": 7.35772484606e-11, "median": 0.00745270773768, "max": 0.145068764687}, "spectral_spread": {"dmean": 637839.25, "dvar2": 1714658607100.0, "mean": 4440862.5, "var": 3435121082370.0, "dmean2": 884888.875, "dvar": 1005658505220.0, "min": 1688065.875, "median": 3744522, "max": 40109120}, "barkbands": {"dmean": [0.000122113633552, 0.00403500208631, 0.00232988526113, 0.00160158600193, 0.00137712818105, 0.000732139917091, 0.000456