{"tonal": {"hpcp": {"dvar": [0.0199647117406, 0.011523895897, 0.00378975388594, 0.00214036321267, 0.00413617165759, 0.00850335042924, 0.00823235791177, 0.00765198888257, 0.00422249129042, 0.00276498310268, 0.00280258152634, 0.00628906162456, 0.0106623554602, 0.0127588352188, 0.0234104488045, 0.0224854648113, 0.0199188198894, 0.00692811375484, 0.00274556409568, 0.00334622710943, 0.00713414419442, 0.0112415291369, 0.00719574792311, 0.00390805210918, 0.00295495055616, 0.00484938826412, 0.00831848569214, 0.0108630387112, 0.0149979759008, 0.0178611893207, 0.0167915541679, 0.0149877807125, 0.00838417652994, 0.00698981620371, 0.0145983491093, 0.0213029533625], "var": [0.133878797293, 0.0177067611367, 0.00292038801126, 0.00166308321059, 0.00337817519903, 0.0134156206623, 0.0187752526253, 0.00931588560343, 0.00331423827447, 0.00175560929347, 0.00231126556173, 0.0106555204839, 0.0210125111043, 0.0149632003158, 0.0827011168003, 0.196404919028, 0.0628357380629, 0.00577663304284, 0.00219570100307, 0.0028959910851, 0.0143635990098, 0.0292265210301, 0.0106576969847, 0.00299588404596, 0.00204768660478, 0.00353729887865, 0.0131374932826, 0.0249937158078, 0.0222156625241, 0.124344810843, 0.13984850049, 0.0204668883234, 0.00534127745777, 0.00463575683534, 0.017094168812, 0.140029922128], "median": [0.230271607637, 0.0869854837656, 0.00262959487736, 0.00155263650231, 0.00366383930668, 0.0103912409395, 0.0133712487295, 0.0067835142836, 0.00200718105771, 0.00132211146411, 0.0027517687995, 0.011345862411, 0.0147048588842, 0.0300870928913, 0.38119572401, 0.741739749908, 0.265047580004, 0.00494104344398, 0.00122355017811, 0.00248361448757, 0.0328116491437, 0.0525501444936, 0.024336732924, 0.00140704901423, 0.00105579628143, 0.00270589650609, 0.0148808471859, 0.0201345290989, 0.0300940964371, 0.0160528738052, 0.0114014120772, 0.00671236403286, 0.0049977148883, 0.00428731227294, 0.020601933822, 0.16079223156], "max": [1, 1, 1, 1, 1, 1, 1, 1, 1, 1, 1, 1, 1, 1, 1, 1, 1, 1, 1, 1, 1, 1, 1, 1, 1, 1, 1, 1, 1, 1, 1, 1, 1, 1, 1, 1], "dmean": [0.103935956955, 0.0751169249415, 0.0215826127678, 0.0123838009313, 0.0191831160337, 0.0347765609622, 0.0367867052555, 0.0306694842875, 0.0180382821709, 0.0126985637471, 0.0160039030015, 0.0354146771133, 0.047784846276, 0.0669119805098, 0.12008998543, 0.0657257661223, 0.10211007297, 0.0327310152352, 0.0123350163922, 0.0186845064163, 0.0435594581068, 0.0565910413861, 0.0415459945798, 0.0229486059397, 0.0189940910786, 0.0260366443545, 0.0423287115991, 0.0516221150756, 0.0707047581673, 0.0687880963087, 0.0550090447068, 0.0542200356722, 0.0268471930176, 0.0261823255569, 0.0654984936118, 0.0960348173976], "dmean2": [0.166362315416, 0.12538382411, 0.038507938385, 0.0220939926803, 0.0341498740017, 0.0577186532319, 0.0604465976357, 0.053203381598, 0.0329339802265, 0.0236048717052, 0.0286929961294, 0.0571216568351, 0.0770621374249, 0.114545226097, 0.198942065239, 0.106754913926, 0.170215725899, 0.059073060751, 0.0222047958523, 0.0326406471431, 0.0703652501106, 0.0895385667682, 0.0693889707327, 0.0416825525463, 0.0348035618663, 0.0473943203688, 0.0710166469216, 0.0831895917654, 0.120659455657, 0.118489213288, 0.0952191203833, 0.0964120924473, 0.0492249727249, 0.0477859824896, 0.115137606859, 0.160739466548], "mean": [0.39801466465, 0.128167957067, 0.0173274446279, 0.0104173896834, 0.0173175875098, 0.0492499433458, 0.0631447285414, 0.0354903079569, 0.0143550522625, 0.0089516332373, 0.0136038241908, 0.0520619563758, 0.0765664279461, 0.0767827928066, 0.351190805435, 0.565461814404, 0.277764260769, 0.0263194460422, 0.00981394015253, 0.0162750910968, 0.0771719589829, 0.11628344655, 0.0610131435096, 0.0170976389199, 0.0130740562454, 0.0197099037468, 0.0598519705236, 0.0880478322506, 0.0947601124644, 0.212608590722, 0.221929073334, 0.0738325342536, 0.0214911606163, 0.0213285237551, 0.0861091539264, 0.356413334608], "dvar2": [0.0438891127706, 0.0298392195255, 0.0102502861992, 0.00577238295227, 0.0114858783782, 0.0208217352629, 0.0193406250328, 0.0203049182892, 0.0114626418799, 0.00788401439786, 0.00768818287179, 0.0153349665925, 0.0257701836526, 0.0344920940697, 0.0610116198659, 0.0458852015436, 0.0529011636972, 0.0187237802893, 0.00754819530994, 0.00885076355189, 0.0176159068942, 0.0272479634732, 0.0192069560289, 0.0105699412525, 0.00801921542734, 0.0134016079828, 0.0212179739028, 0.0246773026884, 0.0405357815325, 0.0422332137823, 0.039055224508, 0.043004244566, 0.0244492217898, 0.0200375169516, 0.0407687500119, 0.0479639321566], "min": [0, 0, 0, 0, 0, 0, 0, 0, 0, 0, 0, 0, 0, 0, 0, 0, 0, 0, 0, 0, 0, 0, 0, 0, 0, 0, 0, 0, 0, 0, 0, 0, 0, 0, 0, 0]}, "key_key": "D", "thpcp": [1, 0.491216659546, 0.046545047313, 0.0173556189984, 0.0287819448858, 0.136475980282, 0.205643326044, 0.107899673283, 0.0302365925163, 0.0231210235506, 0.0348562933505, 0.105846174061, 0.155709594488, 0.167580038309, 0.375991076231, 0.392474025488, 0.130570322275, 0.038006387651, 0.0377187691629, 0.152281105518, 0.63030487299, 0.703875422478, 0.22666066885, 0.0306429974735, 0.0184227991849, 0.0306255649775, 0.0870968475938, 0.111669309437, 0.0627634003758, 0.0253864228725, 0.0158306583762, 0.0240579005331, 0.0920697972178, 0.135405123234, 0.135787755251, 0.621069014072], "chords_key": "D", "tuning_equal_tempered_deviation": 0.0559298731387, "tuning_frequency": 445.369720459, "tuning_diatonic_strength": 0.658136129379, "chords_histogram": [46.2514801025, 1.96310710907, 20.9172439575, 0.947706878185, 0, 0.541546821594, 0, 0, 0.423083424568, 0, 0, 0, 0, 0, 0, 0.778473496437, 0, 2.9446606636, 0, 0.863090217113, 0, 0.507700145245, 23.7434425354, 0.118463359773], "key_strength": 0.821068108082, "key_scale": "major", "chords_strength": {"dvar": 3.35749646183e-05, "var": 0.00518099265173, "median": 0.515273034573, "max": 0.724123239517, "dmean": 0.00689154397696, "dmean2": 0.00482001807541, "mean": 0.516284763813, "dvar2": 2.25807580136e-05, "min": 0.263965368271}, "chords_number_rate": 0.000846166862175, "tuning_nontempered_energy_ratio": 0.682460188866, "hpcp_entropy": {"dvar": 0.173602998257, "var": 0.452325195074, "median": 1.69883394241, "max": 4.00816297531, "dmean": 0.455174356699, "dmean2": 0.762373209, "mean": 1.66981780529, "dvar2": 0.458908081055, "min": 0}, "chords_changes_rate": 0.038923677057, "chords_scale": "major"}, "rhythm": {"bpm_histogram_first_peak_spread": {"dvar": 0, "var": 0, "median": 0.137557923794, "max": 0.137557923794, "dmean": 0, "dmean2": 0, "mean": 0.137557923794, "dvar2": 0, "min": 0.137557923794}, "bpm_histogram_first_peak_weight": {"dvar": 0, "var": 0, "median": 0.764383554459, "max": 0.764383554459, "dmean": 0, "dmean2": 0, "mean": 0.764383554459, "dvar2": 0, "min": 0.764383554459}, "bpm_histogram_first_peak_bpm": {"dvar": 0, "var": 0, "median": 161, "max": 161, "dmean": 0, "dmean2": 0, "mean": 161, "dvar2": 0, "min": 161}, "bpm": 162.013290405, "bpm_histogram_second_peak_weight": {"dvar": 0, "var": 0, "median": 0.0835616439581, "max": 0.0835616439581, "dmean": 0, "dmean2": 0, "mean": 0.0835616439581, "dvar2": 0, "min": 0.0835616439581}, "beats_loudness": {"dvar": 0.000199222035008, "var": 0.000323885353282, "median": 0.0411794818938, "max": 0.148900419474, "dmean": 0.0156638994813, "dmean2": 0.0265724249184, "mean": 0.0433714315295, "dvar2": 0.000542765192222, "min": 1.02730224327e-09}, "beats_loudness_band_ratio": {"dvar": [0.0144053064287, 0.0102948723361, 0.0129261277616, 0.00259549706243, 0.00058599060867, 0.00282552628778], "var": [0.0251291431487, 0.0184287056327, 0.020513497293, 0.0028756398242, 0.000743116717786, 0.00178710522596], "median": [0.489661991596, 0.238999888301, 0.152113035321, 0.0480697564781, 0.0154000706971, 0.00379118067212], "max": [0.925950467587, 0.773534834385, 0.719242691994, 0.459857970476, 0.236522644758, 0.669540047646], "dmean": [0.152489647269, 0.125978678465, 0.127984628081, 0.0432673059404, 0.0182981286198, 0.0129459137097], "dmean2": [0.266322404146, 0.215378075838, 0.223422154784, 0.0736570283771, 0.0317831113935, 0.0243167169392], "mean": [0.496867030859, 0.264614731073, 0.195882335305, 0.0647613480687, 0.0242912489921, 0.010584355332], "dvar2": [0.0416781716049, 0.0276973005384, 0.0358407124877, 0.00736636016518, 0.00162705255207, 0.00907860323787], "min": [0.0882557407022, 0.00789088569582, 0.00187436165288, 0.000718993891496, 5.03380506416e-05, 3.34978431056e-05]}, "bpm_histogram_second_peak_bpm": {"dvar": 0, "var": 0, "median": 167, "max": 167, "dmean": 0, "dmean2": 0, "mean": 167, "dvar2": 0, "min": 167}, "onset_rate": 4.16977453232, "beats_count": 731, "beats_position": [0.325079351664, 0.673378646374, 1.02167797089, 1.38158726692, 1.75310659409, 2.12462592125, 2.48453521729, 2.85605430603, 3.22757363319, 3.59909296036, 3.97061228752, 4.34213161469, 4.71365070343, 5.08516979218, 5.45668935776, 5.83981847763, 6.21133756638, 6.59446716309, 6.96598625183, 7.33750534058, 7.70902490616, 8.08054447174, 8.45206356049, 8.82358264923, 9.19510173798, 9.56662082672, 9.93814086914, 10.3096599579, 10.6811790466, 11.0526981354, 11.4242172241, 11.7957363129, 12.1672563553, 12.5503854752, 12.933514595, 13.3050336838, 13.6881628036, 14.0712919235, 14.4428119659, 14.8027210236, 15.1742401123, 15.5341491699, 15.8940582275, 16.2539672852, 16.6254863739, 16.99700737, 17.3685264587, 17.7400455475, 18.1115646362, 18.483083725, 18.8546028137, 19.2261219025, 19.5976409912, 19.96916008, 20.3522891998, 20.7238082886, 21.1069393158, 21.4784584045, 21.8499774933, 22.221496582, 22.5930156708, 22.9645347595, 23.3360538483, 23.707572937, 24.0790920258, 24.4506111145, 24.8221302032, 25.1936511993, 25.5651702881, 25.9366893768, 26.3082084656, 26.6797275543, 27.0512466431, 27.4227657318, 27.7942848206, 28.1658039093, 28.537322998, 28.9204521179, 29.291973114, 29.6634922028, 30.0234012604, 30.3949203491, 30.7664394379, 31.1379585266, 31.5094776154, 31.8809967041, 32.2525177002, 32.6240348816, 32.9955558777, 33.3670730591, 33.7385940552, 34.1101112366, 34.4816322327, 34.8531494141, 35.2246704102, 35.5961914062, 35.9677085876, 36.3392295837, 36.7107467651, 37.0822677612, 37.4537849426, 37.8253059387, 38.1968231201, 38.5683441162, 38.9398651123, 39.3113822937, 39.6945114136, 40.0660324097, 40.4259414673, 40.7974586487, 41.1689796448, 41.5404968262, 41.9120178223, 42.2835350037, 42.678276062, 43.0614051819, 43.4213142395, 43.7928352356, 44.164352417, 44.5358734131, 44.9073905945, 45.2672996521, 45.6388206482, 45.9987297058, 46.3702468872, 46.7533760071, 47.1365089417, 47.508026123, 47.8795471191, 48.2510643005, 48.6225852966, 49.0057144165, 49.3772315979, 49.7603607178, 50.1318817139, 50.5033988953, 50.8749198914, 51.234828949, 51.6063499451, 51.9778671265, 52.3377761841, 52.7092971802, 53.0808143616, 53.4523353577, 53.8238525391, 54.1953735352, 54.5668907166, 54.9500198364, 55.3099327087, 55.6814498901, 56.0529708862, 56.4244880676, 56.8076171875, 57.1791381836, 57.5622673035, 57.9337844849, 58.305305481, 58.6768226624, 59.03673172, 59.4082527161, 59.7681617737, 60.1396827698, 60.5111999512, 60.8827209473, 61.2658500671, 61.6373672485, 62.0204963684, 62.3920173645, 62.7635345459, 63.135055542, 63.5065765381, 63.889705658, 64.2728347778, 64.6443557739, 65.0042648315, 65.3757781982, 65.7356872559, 66.107208252, 66.478729248, 66.8502502441, 67.2217712402, 67.5932846069, 67.964805603, 68.3363265991, 68.7078475952, 69.0793609619, 69.450881958, 69.8224029541, 70.1939239502, 70.5654373169, 70.936958313, 71.3084793091, 71.6800003052, 72.0631256104, 72.423034668, 72.7945556641, 73.1660766602, 73.5375976562, 73.9091110229, 74.280632019, 74.6521530151, 75.0236740112, 75.3951950073, 75.766708374, 76.1382293701, 76.5097503662, 76.8812713623, 77.252784729, 77.6243057251, 78.0074386597, 78.3789520264, 78.7504730225, 79.1103820801, 79.4819030762, 79.8650360107, 80.2481613159, 80.619682312, 80.9912033081, 81.3627166748, 81.7342376709, 82.105758667, 82.4772796631, 82.8487930298, 83.2203140259, 83.591835022, 83.9633560181, 84.3348770142, 84.7180023193, 85.077911377, 85.449432373, 85.8209533691, 86.1924667358, 86.5639877319, 86.935508728, 87.3070297241, 87.6669387817, 88.0268478394, 88.3983688354, 88.7698822021, 89.1414031982, 89.5129241943, 89.8844451904, 90.2559585571, 90.6390914917, 91.0222167969, 91.393737793, 91.7652587891, 92.1483917236, 92.5199050903, 92.9030380249, 93.274559021, 93.6460723877, 94.0175933838, 94.3891143799, 94.760635376, 95.1437606812, 95.5036697388, 95.8868026733, 96.246711731, 96.6182327271, 96.9897460938, 97.3612670898, 97.7327880859, 98.104309082, 98.4758224487, 98.8357315063, 99.1956481934, 99.555557251, 99.9386825562, 100.310203552, 100.681724548, 101.053237915, 101.424758911, 101.796279907, 102.179405212, 102.562538147, 102.934059143, 103.317184448, 103.700317383, 104.06022644, 104.420135498, 104.791656494, 105.163169861, 105.534690857, 105.906211853, 106.277732849, 106.649246216, 107.020767212, 107.392288208, 107.763809204, 108.1353302, 108.506843567, 108.878364563, 109.249885559, 109.621406555, 109.992919922, 110.364440918, 110.735961914, 111.10748291, 111.479003906, 111.850517273, 112.222038269, 112.593559265, 112.965080261, 113.336593628, 113.708114624, 114.07963562, 114.451156616, 114.822669983, 115.194190979, 115.565711975, 115.937232971, 116.308753967, 116.691879272, 117.075012207, 117.446525574, 117.81804657, 118.189567566, 118.561088562, 118.932601929, 119.304122925, 119.675643921, 120.047164917, 120.418685913, 120.79019928, 121.161720276, 121.533241272, 121.904762268, 122.264671326, 122.636184692, 123.019317627, 123.402442932, 123.785575867, 124.157096863, 124.528617859, 124.888526917, 125.248435974, 125.619949341, 125.991470337, 126.362991333, 126.734512329, 127.117637634, 127.48915863, 127.860679626, 128.232192993, 128.603713989, 128.975234985, 129.35836792, 129.729888916, 130.101409912, 130.472915649, 130.844436646, 131.204345703, 131.564254761, 131.935775757, 132.307296753, 132.678817749, 133.050338745, 133.421859741, 133.793380737, 134.164901733, 134.536407471, 134.907928467, 135.279449463, 135.650970459, 136.022491455, 136.394012451, 136.765533447, 137.137054443, 137.508575439, 137.891693115, 138.27482605, 138.646347046, 139.017868042, 139.389389038, 139.760910034, 140.109207153, 140.480728149, 140.852249146, 141.223754883, 141.595275879, 141.966796875, 142.338317871, 142.721450806, 143.092971802, 143.464492798, 143.847610474, 144.21913147, 144.590652466, 144.962173462, 145.333694458, 145.705215454, 146.07673645, 146.448257446, 146.819763184, 147.19128418, 147.562805176, 147.934326172, 148.305847168, 148.677368164, 149.04888916, 149.420410156, 149.791931152, 150.175048828, 150.546569824, 150.91809082, 151.289611816, 151.661132812, 152.044265747, 152.415786743, 152.78729248, 153.158813477, 153.507110596, 153.878631592, 154.250152588, 154.621673584, 154.99319458, 155.364715576, 155.747848511, 156.130966187, 156.502487183, 156.874008179, 157.245529175, 157.617050171, 157.988571167, 158.360092163, 158.720001221, 159.103118896, 159.474639893, 159.846160889, 160.217681885, 160.589202881, 160.960723877, 161.332244873, 161.692153931, 162.052062988, 162.446792603, 162.818313599, 163.201446533, 163.584579468, 163.956100464, 164.339233398, 164.710739136, 165.082260132, 165.442169189, 165.813690186, 166.185211182, 166.556732178, 166.928253174, 167.29977417, 167.659683228, 168.031204224, 168.391113281, 168.762634277, 169.134140015, 169.505661011, 169.888793945, 170.27192688, 170.643447876, 171.014968872, 171.37487793, 171.746398926, 172.117904663, 172.501037598, 172.872558594, 173.24407959, 173.615600586, 173.987121582, 174.34703064, 174.706939697, 175.078460693, 175.449981689, 175.821487427, 176.204620361, 176.587753296, 176.959274292, 177.330795288, 177.702316284, 178.073822021, 178.445343018, 178.816864014, 179.18838501, 179.559906006, 179.919815063, 180.279724121, 180.651245117, 181.022766113, 181.405899048, 181.789016724, 182.16053772, 182.543670654, 182.91519165, 183.275100708, 183.646621704, 184.029754639, 184.401260376, 184.761169434, 185.13269043, 185.504211426, 185.875732422, 186.247253418, 186.630386353, 187.013504028, 187.385025024, 187.744934082, 188.116455078, 188.476364136, 188.847885132, 189.219406128, 189.590927124, 189.96244812, 190.333969116, 190.705490112, 191.07699585, 191.448516846, 191.820037842, 192.191558838, 192.563079834, 192.93460083, 193.306121826, 193.677642822, 194.049163818, 194.432281494, 194.80380249, 195.163711548, 195.535232544, 195.90675354, 196.289886475, 196.649795532, 197.021316528, 197.392837524, 197.764343262, 198.135864258, 198.507385254, 198.890518188, 199.273651123, 199.645172119, 200.016693115, 200.388198853, 200.759719849, 201.131240845, 201.502761841, 201.874282837, 202.245803833, 202.617324829, 202.988845825, 203.371963501, 203.755096436, 204.115005493, 204.474914551, 204.846435547, 205.217956543, 205.589477539, 205.960998535, 206.332519531, 206.704025269, 207.075546265, 207.447067261, 207.818588257, 208.190109253, 208.561630249, 208.933151245, 209.304672241, 209.676193237, 210.047698975, 210.419219971, 210.790740967, 211.162261963, 211.533782959, 211.905303955, 212.276824951, 212.648345947, 213.019866943, 213.391372681, 213.762893677, 214.134414673, 214.505935669, 214.877456665, 215.248977661, 215.620498657, 215.992019653, 216.363540649, 216.746658325, 217.12979126, 217.501312256, 217.872833252, 218.244354248, 218.615875244, 218.975784302, 219.358901978, 219.730422974, 220.10194397, 220.473464966, 220.844985962, 221.216506958, 221.588027954, 221.95954895, 222.331054688, 222.702575684, 223.07409668, 223.445617676, 223.817138672, 224.188659668, 224.560180664, 224.93170166, 225.303222656, 225.674728394, 226.04624939, 226.417770386, 226.789291382, 227.160812378, 227.532333374, 227.90385437, 228.275375366, 228.646896362, 229.0184021, 229.389923096, 229.77305603, 230.156188965, 230.527709961, 230.887619019, 231.259140015, 231.619049072, 231.990570068, 232.350479126, 232.721984863, 233.093505859, 233.476638794, 233.84815979, 234.219680786, 234.591201782, 234.962722778, 235.334228516, 235.705749512, 236.088882446, 236.472015381, 236.843536377, 237.215057373, 237.586578369, 237.958084106, 238.329605103, 238.701126099, 239.072647095, 239.444168091, 239.815689087, 240.187210083, 240.558731079, 240.930252075, 241.301757812, 241.673278809, 242.044799805, 242.404708862, 242.776229858, 243.147750854, 243.530883789, 243.902404785, 244.273925781, 244.645431519, 245.016952515, 245.388473511, 245.759994507, 246.131515503, 246.503036499, 246.874557495, 247.246078491, 247.617584229, 247.989105225, 248.360626221, 248.732147217, 249.103668213, 249.475189209, 249.846710205, 250.218231201, 250.589752197, 250.961257935, 251.332778931, 251.704299927, 252.075820923, 252.447341919, 252.818862915, 253.190383911, 253.561904907, 253.933425903, 254.304931641, 254.676452637, 255.047973633, 255.419494629, 255.791015625, 256.162536621, 256.545654297, 256.92880249, 257.300323486, 257.671844482, 258.054962158, 258.438079834, 258.80960083, 259.169525146, 259.541046143, 259.900939941, 260.272460938, 260.643981934, 261.01550293, 261.387023926, 261.758544922, 262.130065918, 262.501586914, 262.87310791, 263.244628906, 263.616149902, 263.999267578, 264.370788574, 264.765533447, 265.16027832, 265.543395996, 266.007781982, 266.472198486, 266.94821167, 267.401000977, 267.772521973, 268.144042969, 268.515563965, 268.979949951, 269.444335938, 269.908752441, 270.466033936, 271.000091553, 271.54574585, 272.079803467, 272.613861084, 273.159545898, 273.705200195], "danceability": 1.04292809963, "bpm_histogram_second_peak_spread": {"dvar": 0, "var": 0, "median": 0, "max": 0, "dmean": 0, "dmean2": 0, "mean": 0, "dvar2": 0, "min": 0}}, "lowlevel": {"spectral_flux": {"dvar": 0.000342068495229, "var": 0.000991595908999, "median": 0.05895293504, "max": 0.285158336163, "dmean": 0.0178212467581, "dmean2": 0.0276615265757, "mean": 0.0634349063039, "dvar2": 0.000771380204242, "min": 1.04903516429e-10}, "spectral_rolloff": {"dvar": 197889.859375, "var": 2001089.625, "median": 516.796875, "max": 19078.4179688, "dmean": 137.588607788, "dmean2": 232.735931396, "mean": 734.674072266, "dvar2": 413757.9375, "min": 107.666015625}, "barkbands_flatness_db": {"dvar": 0.000373928691261, "var": 0.00206621456891, "median": 0.19147002697, "max": 0.40290415287, "dmean": 0.0195513293147, "dmean2": 0.0279838237911, "mean": 0.195416435599, "dvar2": 0.000794169900473, "min": 0.0505490228534}, "spectral_centroid": {"dvar": 20350.6601562, "var": 133600.984375, "median": 555.920043945, "max": 11585.0947266, "dmean": 87.1158065796, "dmean2": 130.331466675, "mean": 629.092590332, "dvar2": 34990.5, "min": 212.736465454}, "melbands_skewness": {"dvar": 0.186538234353, "var": 1.42182958126, "median": 2.2728433609, "max": 13.0961084366, "dmean": 0.394854843616, "dmean2": 0.593005001545, "mean": 2.41538858414, "dvar2": 0.391170531511, "min": -0.429440587759}, "melbands": {"dvar": [1.38955599027e-07, 7.21993671959e-07, 1.23018878639e-06, 6.44081978862e-07, 3.35450948796e-07, 1.82397556614e-07, 3.69881632878e-07, 1.92483170736e-07, 2.13762689327e-07, 4.63374369986e-08, 8.19131429353e-09, 1.31287825056e-08, 1.0682103202e-08, 6.8006604792e-09, 3.46155615283e-09, 2.30417640523e-09, 1.85583848289e-09, 1.64859681462e-09, 6.10722805661e-10, 2.62110028126e-10, 2.39807840252e-10, 1.19140863841e-10, 8.86199724714e-11, 1.33060038682e-11, 4.2227640655e-12, 8.97148674794e-12, 8.05836126994e-12, 6.13564190774e-12, 1.85297372064e-12, 1.72285894318e-12, 3.2756542704e-12, 2.55825634114e-12, 3.73055362643e-12, 8.45902341229e-12, 1.32694922758e-11, 6.43246870699e-12, 5.34033581245e-12, 2.59866889292e-12, 1.0215754024e-12, 4.11446267681e-13], "var": [7.21741969301e-07, 5.39706798008e-06, 2.88443834506e-06, 1.38150176099e-06, 1.5396173012e-06, 7.40822315493e-07, 1.09589632302e-06, 5.94101209117e-07, 9.47394880768e-07, 1.94353788174e-07, 3.92878583e-08, 5.0266915963e-08, 3.23313464889e-08, 2.56481413885e-08, 1.1121668031e-08, 6.45240794128e-09, 5.71735458976e-09, 4.14241174695e-09, 1.59605040295e-09, 4.44994180393e-10, 8.01511912396e-10, 5.2898635472e-10, 2.71214301018e-10, 2.93048640909e-11, 1.1753442837e-11, 2.24428600704e-11, 2.4871766105e-11, 2.29334554819e-11, 4.37309476825e-12, 4.11898293251e-12, 8.2451502223e-12, 6.11900590961e-12, 6.22859446311e-12, 1.96758772469e-11, 3.69590087701e-11, 2.06448573514e-11, 1.65820985415e-11, 7.73081945682e-12, 2.89260564286e-12, 1.21326635804e-12], "median": [0.000972506881226, 0.00262682372704, 0.00176072469912, 0.000897256890312, 0.000723987468518, 0.000471798266517, 0.000441450625658, 0.000200010923436, 0.000143546596519, 5.57834246138e-05, 5.94695375185e-05, 7.1389527875e-05, 2.77046274277e-05, 2.44144575845e-05, 2.3905744456e-05, 1.88522008102e-05, 1.74766046257e-05, 1.28145866256e-05, 7.92639366409e-06, 4.14767964685e-06, 4.39259974883e-06, 3.98067322749e-06, 2.47328966907e-06, 1.46044385474e-06, 1.00550096249e-06, 7.97578252332e-07, 7.07904064257e-07, 5.11488678967e-07, 2.85309340597e-07, 2.83991880679e-07, 2.87722514258e-07, 2.76831372048e-07, 1.82894694944e-07, 1.28970668811e-07, 8.45751060297e-08, 9.04777053279e-08, 1.05070540712e-07, 6.51171490063e-08, 4.45715926389e-08, 3.11500514272e-08], "max": [0.0223736912012, 0.0435343571007, 0.0231293868273, 0.0125748263672, 0.0156006421894, 0.00951150525361, 0.0141169307753, 0.0130963157862, 0.0137504097074, 0.00688657304272, 0.00443389546126, 0.00380380032584, 0.00569569459185, 0.00294620776549, 0.00241774739698, 0.00217519002035, 0.0016321913572, 0.00161702837795, 0.000875386002008, 0.00093419640325, 0.000589355826378, 0.000478871865198, 0.000431694148574, 0.000166389349033, 9.58013988566e-05, 0.000208632394788, 0.000179258422577, 8.97440986591e-05, 4.03759804612e-05, 4.76384411741e-05, 9.34242270887e-05, 7.70754922996e-05, 8.57321138028e-05, 0.000280212407233, 0.000347128690919, 0.000194221371203, 0.000134650472319, 0.000102441990748, 5.33131787961e-05, 3.18017155223e-05], "dmean": [0.000236146370298, 0.000599269988015, 0.000735205831006, 0.000592944503296, 0.000383344420698, 0.000265281443717, 0.000324520398863, 0.00017845997354, 0.000190177612239, 8.61578591866e-05, 4.4289365178e-05, 5.4052885389e-05, 3.03537799482e-05, 3.33036114171e-05, 2.48316209763e-05, 2.05794331123e-05, 1.91103663383e-05, 1.57189660968e-05, 9.734163541e-06, 4.81108963868e-06, 6.18535796093e-06, 4.75294609714e-06, 4.00340513806e-06, 1.5047519355e-06, 9.49882576151e-07, 9.39576239034e-07, 9.98555833576e-07, 9.52134143972e-07, 4.8615339665e-07, 4.47282360483e-07, 5.43999590263e-07, 4.66019542955e-07, 4.18318336415e-07, 4.28730373869e-07, 4.74210111179e-07, 4.38220212118e-07, 4.42252428456e-07, 3.18389936638e-07, 2.31333416423e-07, 1.72024286371e-07], "dmean2": [0.000408749619965, 0.000993036897853, 0.00123887020163, 0.000977115356363, 0.000596115249209, 0.000396908610128, 0.000470222876174, 0.000254963029874, 0.000274840829661, 0.000119220094348, 6.49567591609e-05, 7.78631583671e-05, 4.5476044761e-05, 4.95238527947e-05, 3.74003320758e-05, 3.14423523378e-05, 2.94075252896e-05, 2.42226306e-05, 1.50496553033e-05, 7.43846430851e-06, 9.52273512667e-06, 7.24567507859e-06, 6.19843603999e-06, 2.40031158683e-06, 1.49170114128e-06, 1.40810186622e-06, 1.48956053181e-06, 1.40722181641e-06, 7.5293877444e-07, 6.77427124174e-07, 8.02216788998e-07, 6.91691980137e-07, 6.43156965907e-07, 6.08206050856e-07, 6.55761084545e-07, 6.21595177108e-07, 6.25820462119e-07, 4.78799734083e-07, 3.43904332567e-07, 2.63158824509e-07], "mean": [0.00108620617539, 0.0033717895858, 0.00221138237976, 0.00124519178644, 0.00108665064909, 0.000749418220948, 0.000816791201942, 0.000462455413071, 0.000505972246174, 0.000222131697228, 0.000115906717838, 0.00013683969155, 6.48728164379e-05, 7.37966256565e-05, 5.56285376661e-05, 4.30586624134e-05, 4.157404328e-05, 3.38483150699e-05, 2.07935190701e-05, 9.67362302617e-06, 1.35345908348e-05, 1.08832109618e-05, 8.27908661449e-06, 2.91784658657e-06, 1.89221782421e-06, 1.87585487765e-06, 2.30992145589e-06, 2.15814998228e-06, 9.00687439298e-07, 7.87803003277e-07, 9.87267412711e-07, 8.79457445535e-07, 6.71394104756e-07, 6.6976593871e-07, 7.2507106097e-07, 7.11876396053e-07, 7.39027711916e-07, 5.09721701292e-07, 3.41199040577e-07, 2.4418542921e-07], "dvar2": [3.07619842488e-07, 1.61944569754e-06, 3.47903255715e-06, 1.71834358298e-06, 8.9949003268e-07, 4.04185612979e-07, 8.24354799533e-07, 3.94109918034e-07, 4.25992368491e-07, 9.6754845913e-08, 1.70933471821e-08, 2.84338561585e-08, 2.33962715868e-08, 1.47085401636e-08, 7.77523911921e-09, 5.02751129616e-09, 4.08953182429e-09, 4.08841760446e-09, 1.56261192874e-09, 6.20955564745e-10, 5.79314429761e-10, 2.86953349971e-10, 2.19530588152e-10, 3.23892961063e-11, 9.27172227883e-12, 1.65703561983e-11, 1.75679627096e-11, 1.28422333531e-11, 4.43136239509e-12, 3.68269347309e-12, 6.33048388016e-12, 5.420855171e-12, 8.22228830161e-12, 1.41109502555e-11, 1.72493391098e-11, 9.26046826027e-12, 8.41601701523e-12, 4.63836998324e-12, 2.04363262424e-12, 8.13932146508e-13], "min": [5.32432951066e-24, 2.53208297257e-24, 5.12549435849e-24, 6.80721012434e-24, 9.72567598499e-24, 8.84392039729e-24, 1.30440572481e-23, 7.30460191344e-24, 8.71186350404e-24, 7.11331103253e-24, 2.17784537751e-23, 9.4498342034e-24, 7.18230165186e-24, 6.24951228562e-24, 6.14604252828e-24, 8.31702442148e-24, 9.76776960289e-24, 2.14169551098e-23, 8.14275479232e-24, 1.23036055812e-23, 8.27897213799e-24, 7.76813894793e-24, 6.47616464546e-24, 7.75946305569e-24, 9.85535604034e-24, 9.39077060971e-24, 1.56927042802e-23, 1.24275214299e-23, 1.50273269279e-23, 1.1945288392e-23, 5.45164298329e-24, 8.38799508168e-24, 1.38634715251e-23, 8.20041263589e-24, 7.22558723859e-24, 1.01414940345e-23, 1.29026641861e-23, 1.29276418889e-23, 8.18301904179e-24, 1.16412661323e-23]}, "spectral_decrease": {"dvar": 3.71484951941e-18, "var": 1.98026707773e-17, "median": -9.37482980135e-09, "max": 1.01752849345e-28, "dmean": 1.6847551132e-09, "dmean2": 2.63645705267e-09, "mean": -9.90593207462e-09, "dvar2": 8.76451212149e-18, "min": -5.68790952116e-08}, "barkbands_kurtosis": {"dvar": 4.56227970123, "var": 36.2459259033, "median": 4.15064048767, "max": 99.8448486328, "dmean": 1.85069417953, "dmean2": 2.8668718338, "mean": 5.33119106293, "dvar2": 10.8563213348, "min": -1.9115101099}, "silence_rate_30dB": {"dvar": 0.00152106489986, "var": 0.00169000122696, "median": 1, "max": 1, "dmean": 0.00152348703705, "dmean2": 0.00304723205045, "mean": 0.998307406902, "dvar2": 0.00371473119594, "min": 0}, "gfcc": {"mean": [-20.0281085968, 142.784820557, -96.1687240601, 15.4358816147, -48.5865249634, 8.26284217834, -36.3236618042, -0.391113728285, -19.6540412903, -0.641945719719, -13.5635232925, -4.58267688751, -10.9986076355], "cov": [[10254.7246094, 492.293579102, -1085.80163574, 127.606941223, -656.816772461, 102.850654602, -315.278259277, 55.3418312073, -66.2884902954, 45.6449050903, -134.636764526, -116.977874756, -98.6468963623], [492.293579102, 1350.02685547, -398.178588867, -217.219039917, 250.609649658, -188.883605957, 90.5594177246, -116.103134155, 65.3544387817, -125.343612671, 75.7752304077, -60.0000991821, 40.4081420898], [-1085.80163574, -398.178588867, 567.209289551, 4.61089611053, -59.6001205444, 92.4171829224, -3.03682017326, 13.6605358124, -63.748046875, 54.4118003845, 0.220705896616, 61.7038497925, 10.9160013199], [127.606941223, -217.219039917, 4.61089611053, 247.803909302, -29.0539550781, -20.6074924469, -55.2921180725, -0.813819169998, -5.0879406929, 12.6636600494, 2.52020692825, 0.549374103546, 33.379524231], [-656.816772461, 250.609649658, -59.6001205444, -29.0539550781, 342.601654053, -91.8279647827, -23.7040157318, -26.9986381531, -3.08946752548, -40.8345527649, 10.4334173203, 18.3762245178, 20.7126750946], [102.850654602, -188.883605957, 92.4171829224, -20.6074924469, -91.8279647827, 169.270477295, 32.4808616638, 5.2662768364, -15.319726944, 3.32682800293, -7.53985643387, 12.1474752426, -27.9950828552], [-315.278259277, 90.5594177246, -3.03682017326, -55.2921180725, -23.7040157318, 32.4808616638, 151.971099854, 1.02551209927, -3.80313491821, -31.6828479767, 1.72377240658, -0.0785933658481, -18.1161308289], [55.3418312073, -116.103134155, 13.6605358124, -0.813819169998, -26.9986381531, 5.2662768364, 1.02551209927, 91.7893753052, 10.4854869843, 15.4261398315, -10.4485502243, -0.698415994644, -7.73838853836], [-66.2884902954, 65.3544387817, -63.748046875, -5.0879406929, -3.08946752548, -15.319726944, -3.80313491821, 10.4854869843, 91.4977340698, 12.5444602966, 4.13757228851, -22.300907135, -12.3501815796], [45.6449050903, -125.343612671, 54.4118003845, 12.6636600494, -40.8345527649, 3.32682800293, -31.6828479767, 15.4261398315, 12.5444602966, 85.2578125, 5.95421266556, -2.87414956093, -1.55314934254], [-134.636764526, 75.7752304077, 0.220705896616, 2.52020692825, 10.4334173203, -7.53985643387, 1.72377240658, -10.4485502243, 4.13757228851, 5.95421266556, 72.6751480103, 9.50057506561, 2.21779179573], [-116.977874756, -60.0000991821, 61.7038497925, 0.549374103546, 18.3762245178, 12.1474752426, -0.0785933658481, -0.698415994644, -22.300907135, -2.87414956093, 9.50057506561, 71.9641342163, 15.474817276], [-98.6468963623, 40.4081420898, 10.9160013199, 33.379524231, 20.7126750946, -27.9950828552, -18.1161308289, -7.73838853836, -12.3501815796, -1.55314934254, 2.21779179573, 15.474817276, 78.7514953613]], "icov": [[0.000342777260812, -0.000656644988339, 0.000703937374055, -0.000515935069416, 0.000925073167309, -0.000729436636902, 0.00120147923008, -0.000671656278428, 0.00121988600586, -0.000742452917621, 0.0010564281838, -0.000687965366524, 0.000877295271493], [-0.000656644988339, 0.00362394377589, -0.000514596584253, 0.0030702764634, -0.00234261224978, 0.00297750462778, -0.00320015405305, 0.00332016730681, -0.00338525092229, 0.00335199688561, -0.00425489526242, 0.00290911877528, -0.00356397265568], [0.000703937374055, -0.000514596584253, 0.00417703948915, -0.000319789192872, 0.00171021453571, -0.00201738718897, 0.00206140056252, -0.00083752948558, 0.00349969603121, -0.00262137851678, 0.00151417567395, -0.00236814655364, 0.000847163668368], [-0.000515935069416, 0.0030702764634, -0.000319789192872, 0.00734504777938, -0.00115439831279, 0.00286743394099, -0.000993659486994, 0.00278917234391, -0.00253162416629, 0.00300740683451, -0.00382538512349, 0.00262023694813, -0.00466701760888], [0.000925073167309, -0.00234261224978, 0.00171021453571, -0.00115439831279, 0.00658545503393, -0.00027954421239, 0.00427652476355, -0.00161611859221, 0.00346840568818, -0.000608265458141, 0.00310945603997, -0.00350140570663, 0.00273897824809], [-0.000729436636902, 0.00297750462778, -0.00201738718897, 0.00286743394099, -0.00027954421239, 0.0110370283946, -0.00404153810814, 0.00318473461084, -0.00276720128022, 0.00363473896869, -0.00307125784457, 0.00103499332909, -0.000476163841086], [0.00120147923008, -0.00320015405305, 0.00206140056252, -0.000993659486994, 0.00427652476355, -0.00404153810814, 0.0128574874252, -0.00351462769322, 0.00465436838567, 0.000143766985275, 0.00371405761689, -0.00292251841165, 0.00453582545742], [-0.000671656278428, 0.00332016730681, -0.00083752948558, 0.00278917234391, -0.00161611859221, 0.00318473461084, -0.00351462769322, 0.0149248903617, -0.00463923765346, 0.00129577692132, -0.00201089447364, 0.00178319704719, -0.00239158584736], [0.00121988600586, -0.00338525092229, 0.00349969603121, -0.00253162416629, 0.00346840568818, -0.00276720128022, 0.00465436838567, -0.00463923765346, 0.0181529559195, -0.00599730340764, 0.00366813130677, -0.000517241540365, 0.00529880728573], [-0.000742452917621, 0.00335199688561, -0.00262137851678, 0.00300740683451, -0.000608265458141, 0.00363473896869, 0.000143766985275, 0.00129577692132, -0.00599730340764, 0.0190323088318, -0.00592882093042, 0.00371298496611, -0.00307664973661], [0.0010564281838, -0.00425489526242, 0.00151417567395, -0.00382538512349, 0.00310945603997, -0.00307125784457, 0.00371405761689, -0.00201089447364, 0.00366813130677, -0.00592882093042, 0.0200766958296, -0.00616669422016, 0.00476995203644], [-0.000687965366524, 0.00290911877528, -0.00236814655364, 0.00262023694813, -0.00350140570663, 0.00103499332909, -0.00292251841165, 0.00178319704719, -0.000517241540365, 0.00371298496611, -0.00616669422016, 0.0200656168163, -0.00612221099436], [0.000877295271493, -0.00356397265568, 0.000847163668368, -0.00466701760888, 0.00273897824809, -0.000476163841086, 0.00453582545742, -0.00239158584736, 0.00529880728573, -0.00307664973661, 0.00476995203644, -0.00612221099436, 0.0192443076521]]}, "silence_rate_20dB": {"dvar": 0, "var": 0, "median": 1, "max": 1, "dmean": 0, "dmean2": 0, "mean": 1, "dvar2": 0, "min": 1}, "barkbands_skewness": {"dvar": 0.0940442830324, "var": 0.666693210602, "median": 1.69295048714, "max": 8.05381774902, "dmean": 0.310763299465, "dmean2": 0.472679555416, "mean": 1.73773777485, "dvar2": 0.219358623028, "min": -1.82573437691}, "erbbands_skewness": {"dvar": 0.0656653568149, "var": 0.437272816896, "median": 0.630414843559, "max": 3.92682504654, "dmean": 0.281324505806, "dmean2": 0.424653828144, "mean": 0.625282764435, "dvar2": 0.150564625859, "min": -2.76115703583}, "spectral_contrast_valleys": {"dvar": [0.09573636204, 0.077095374465, 0.0712690427899, 0.068034119904, 0.0975121930242, 0.198879554868], "var": [1.09413278103, 1.30774796009, 1.23022484779, 1.110014081, 1.00356566906, 1.25491094589], "median": [-6.71930503845, -6.33421039581, -7.36795330048, -8.05899906158, -8.54160499573, -11.0004405975], "max": [-5.2889509201, -4.59594726562, -5.38654994965, -5.98367881775, -6.24874258041, -7.33219099045], "dmean": [0.345825791359, 0.305004119873, 0.285062044859, 0.272513866425, 0.306065261364, 0.440943837166], "dmean2": [0.575481712818, 0.486484259367, 0.447948127985, 0.412736803293, 0.439946085215, 0.605040192604], "mean": [-6.89646053314, -6.48731803894, -7.48545122147, -8.18430995941, -8.63990211487, -11.0842905045], "dvar2": [0.245481804013, 0.174586310983, 0.158031821251, 0.14180894196, 0.199699163437, 0.420438885689], "min": [-27.7951030731, -27.3298568726, -27.1679725647, -27.5751819611, -27.2392406464, -27.2201194763]}, "spectral_strongpeak": {"dvar": 0.32299181819, "var": 0.679551899433, "median": 0.624588489532, "max": 8.15846157074, "dmean": 0.304107397795, "dmean2": 0.522894024849, "mean": 0.883826613426, "dvar2": 0.795628070831, "min": 0}, "erbbands_crest": {"dvar": 4.26925039291, "var": 13.9262571335, "median": 8.9962978363, "max": 28.496711731, "dmean": 2.08216452599, "dmean2": 3.25824356079, "mean": 9.6990404129, "dvar2": 10.3271608353, "min": 2.57499957085}, "barkbands_crest": {"dvar": 1.83469581604, "var": 9.15187454224, "median": 8.52791500092, "max": 22.0157928467, "dmean": 1.42351400852, "dmean2": 2.32161998749, "mean": 9.1669626236, "dvar2": 4.79927158356, "min": 3.45409655571}, "spectral_energyband_middle_low": {"dvar": 4.20440155722e-05, "var": 0.000200949085411, "median": 0.0199508406222, "max": 0.106907829642, "dmean": 0.00549706630409, "dmean2": 0.00860790256411, "mean": 0.0227651577443, "dvar2": 0.000102443307696, "min": 3.28459188932e-22}, "spectral_contrast_coeffs": {"dvar": [0.00109695678111, 0.00112626550253, 0.000780390982982, 0.000578785373364, 0.000431698368629, 0.000314919510856], "var": [0.0044800103642, 0.00502353347838, 0.00409668730572, 0.00284670107067, 0.002618459519, 0.00157221814152], "median": [-0.593871831894, -0.671195089817, -0.728943109512, -0.741006731987, -0.764295220375, -0.776246905327], "max": [-0.333222895861, -0.40011253953, -0.454024046659, -0.54155164957, -0.564027667046, -0.655679821968], "dmean": [0.0405197516084, 0.0401987843215, 0.0330791175365, 0.0293129570782, 0.0242709647864, 0.0201479587704], "dmean2": [0.0683294907212, 0.064418502152, 0.0519724749029, 0.0459529943764, 0.0373029448092, 0.0308272633702], "mean": [-0.591615736485, -0.670552670956, -0.726139903069, -0.740099430084, -0.761432468891, -0.777428805828], "dvar2": [0.0031239867676, 0.00286132236943, 0.00188675802201, 0.0014236595016, 0.000994970439933, 0.000734875386115], "min": [-0.973226487637, -0.961745798588, -0.968830347061, -0.957977890968, -0.958246469498, -0.963617861271]}, "hfc": {"dvar": 20.19572258, "var": 116.114608765, "median": 13.5574960709, "max": 236.787307739, "dmean": 3.16916155815, "dmean2": 4.6207318306, "mean": 15.8359298706, "dvar2": 36.6775588989, "min": 1.25561398009e-16}, "spectral_energyband_high": {"dvar": 2.00229067104e-07, "var": 7.42804957099e-07, "median": 6.99753582012e-05, "max": 0.0315198041499, "dmean": 0.000120401244203, "dmean2": 0.00016888070968, "mean": 0.000233807877521, "dvar2": 2.72418617442e-07, "min": 8.01295998611e-21}, "erbbands_spread": {"dvar": 53.4857597351, "var": 308.34475708, "median": 24.8288764954, "max": 162.483932495, "dmean": 4.88282728195, "dmean2": 7.06728363037, "mean": 28.7098026276, "dvar2": 91.6426773071, "min": 4.88720846176}, "dissonance": {"dvar": 0.000432601751527, "var": 0.00118647085037, "median": 0.441159427166, "max": 0.499999850988, "dmean": 0.0233634989709, "dmean2": 0.0384808517992, "mean": 0.43633633852, "dvar2": 0.00113977515139, "min": 0.25611281395}, "spectral_kurtosis": {"dvar": 20.247051239, "var": 78.3408126831, "median": 9.75028610229, "max": 113.002960205, "dmean": 3.97214913368, "dmean2": 6.52076339722, "mean": 11.7512750626, "dvar2": 52.9925422668, "min": -1.20004725456}, "spectral_skewness": {"dvar": 0.112968437374, "var": 0.647334754467, "median": 2.49962568283, "max": 9.09703540802, "dmean": 0.350372284651, "dmean2": 0.55489975214, "mean": 2.56456446648, "dvar2": 0.277289927006, "min": -0.0371466465294}, "pitch_salience": {"dvar": 0.00192603934556, "var": 0.00710152788088, "median": 0.562346935272, "max": 0.812756955624, "dmean": 0.0489403121173, "dmean2": 0.0792977288365, "mean": 0.55826830864, "dvar2": 0.00498111825436, "min": 0.179412230849}, "spectral_complexity": {"dvar": 2.91763424873, "var": 20.1173629761, "median": 15, "max": 34, "dmean": 1.85865426064, "dmean2": 2.96055531502, "mean": 15.3277759552, "dvar2": 6.76688671112, "min": 0}, "spectral_spread": {"dvar": 663962124288, "var": 34