{"tonal": {"hpcp": {"dvar": [0.039457667619, 0.0220686662942, 0.0191550347954, 0.0192977208644, 0.0144726997241, 0.0150298215449, 0.0190255846828, 0.0301456414163, 0.0529771856964, 0.0533844083548, 0.0424021519721, 0.0297206584364, 0.0158573072404, 0.00964931212366, 0.0197180453688, 0.028579628095, 0.0239857248962, 0.0127865038812, 0.0118313655257, 0.0155181959271, 0.0219048615545, 0.0281452033669, 0.0320445485413, 0.0424080640078, 0.0496111623943, 0.035962741822, 0.0141113679856, 0.0113237835467, 0.0108913835138, 0.0189781151712, 0.0307482294738, 0.0338326878846, 0.0195510964841, 0.0196265764534, 0.0222568269819, 0.0364511534572], "var": [0.100067421794, 0.0301097035408, 0.0188543256372, 0.0220763068646, 0.0111478213221, 0.0101493401453, 0.0133729157969, 0.025340154767, 0.0865414589643, 0.151860788465, 0.0930654257536, 0.025312397629, 0.0102188494056, 0.0072913216427, 0.0349533557892, 0.0957333222032, 0.050035700202, 0.0115977972746, 0.00845190789551, 0.0119397733361, 0.0321611650288, 0.0494185574353, 0.0331481546164, 0.0613713860512, 0.0908589735627, 0.042531773448, 0.0117978546768, 0.00882604252547, 0.0082498928532, 0.0214557871222, 0.0660121962428, 0.0571581609547, 0.0174856986851, 0.0145209813491, 0.0225234460086, 0.0800749957561], "median": [0.0772294998169, 0.0385146178305, 0.0155747439712, 0.0119512807578, 0.00462676538154, 0.00397239904851, 0.00568406144157, 0.022702883929, 0.263406157494, 0.624331355095, 0.327057480812, 0.0325595699251, 0.00550732668489, 0.00499985925853, 0.0093991253525, 0.0169117413461, 0.0173509158194, 0.00849444046617, 0.00320209655911, 0.00567560270429, 0.0415042042732, 0.0604002252221, 0.0348013751209, 0.0368737839162, 0.0627285093069, 0.0442398935556, 0.0131505075842, 0.00579046458006, 0.00577222649008, 0.0361952632666, 0.0861252620816, 0.062577702105, 0.0126950899139, 0.0073464885354, 0.0233162995428, 0.0642119646072], "max": [1, 1, 1, 1, 1, 1, 1, 1, 1, 1, 1, 1, 1, 1, 1, 1, 1, 1, 1, 1, 1, 1, 1, 1, 1, 1, 1, 1, 1, 1, 1, 1, 1, 1, 1, 1], "dmean": [0.130316227674, 0.0860075056553, 0.0607227049768, 0.053835388273, 0.0442366711795, 0.0435598753393, 0.0594658181071, 0.113566160202, 0.22866936028, 0.193551927805, 0.209640741348, 0.11377569288, 0.0487423762679, 0.0393168404698, 0.0687328279018, 0.0817335024476, 0.0820101946592, 0.0479434356093, 0.0354722477496, 0.0438192225993, 0.0805863067508, 0.101907484233, 0.102211177349, 0.130908042192, 0.15998968482, 0.124440222979, 0.0475470758975, 0.0334469825029, 0.0361409708858, 0.0765205547214, 0.113973200321, 0.113423518836, 0.0638246908784, 0.0519009158015, 0.0777966454625, 0.128881439567], "dmean2": [0.211923465133, 0.144075468183, 0.105450905859, 0.0939851850271, 0.0805632695556, 0.0809821486473, 0.10977974534, 0.204632624984, 0.3901219666, 0.33019515872, 0.344779223204, 0.202212229371, 0.0898743197322, 0.0707162320614, 0.115155264735, 0.137802705169, 0.135366052389, 0.0822881385684, 0.0629592016339, 0.0784148722887, 0.132464826107, 0.169669762254, 0.174226135015, 0.221751049161, 0.26825773716, 0.209178566933, 0.084036372602, 0.0596094839275, 0.063770018518, 0.12684635818, 0.188888475299, 0.188963577151, 0.112600468099, 0.0953482538462, 0.136744499207, 0.210153385997], "mean": [0.233395770192, 0.109188377857, 0.0596696808934, 0.0550449118018, 0.0347952954471, 0.0299373436719, 0.0410412251949, 0.0871065407991, 0.334809303284, 0.576511621475, 0.376914322376, 0.0956862345338, 0.0352211482823, 0.0307434387505, 0.0909064114094, 0.162794008851, 0.117970362306, 0.0444707125425, 0.02850503847, 0.0346957743168, 0.105107575655, 0.145367205143, 0.104604117572, 0.153307065368, 0.215529054403, 0.131377190351, 0.0439712777734, 0.0296569429338, 0.029236311093, 0.0884052738547, 0.191116809845, 0.158826455474, 0.0569263771176, 0.039231967181, 0.0763232633471, 0.203692436218], "dvar2": [0.0888524204493, 0.0563380271196, 0.0490247942507, 0.0483310595155, 0.0404246412218, 0.0414264723659, 0.0519519150257, 0.0823138058186, 0.138082668185, 0.118573613465, 0.105596899986, 0.0807492434978, 0.0451922640204, 0.0266267284751, 0.04924409464, 0.0635241791606, 0.0578808747232, 0.0337767675519, 0.0323943607509, 0.0419896133244, 0.0561591647565, 0.0676769763231, 0.0805522203445, 0.109159916639, 0.120120465755, 0.0898980647326, 0.0373370535672, 0.0305207408965, 0.0296037178487, 0.0481253452599, 0.0742190554738, 0.0793145447969, 0.0510034188628, 0.0541096068919, 0.0588032230735, 0.0841693282127], "min": [0, 0, 0, 0, 0, 0, 0, 0, 0, 0, 0, 0, 0, 0, 0, 0, 0, 0, 0, 0, 0, 0, 0, 0, 0, 0, 0, 0, 0, 0, 0, 0, 0, 0, 0, 0]}, "key_key": "F", "thpcp": [1, 0.653784453869, 0.165974512696, 0.0610935613513, 0.0533266589046, 0.157683566213, 0.282377660275, 0.204627901316, 0.0771375820041, 0.0494439974427, 0.060182262212, 0.182316496968, 0.252149641514, 0.181443214417, 0.265921890736, 0.373850315809, 0.2278829813, 0.0762712806463, 0.0514420568943, 0.0507124401629, 0.153345167637, 0.331505566835, 0.275495678186, 0.0987428128719, 0.0680506080389, 0.132388070226, 0.353318870068, 0.404841393232, 0.189394935966, 0.103501260281, 0.095479272306, 0.0603548884392, 0.0519284307957, 0.0711888968945, 0.151092424989, 0.580750286579], "chords_key": "F", "tuning_equal_tempered_deviation": 0.0364065803587, "tuning_frequency": 440.763122559, "tuning_diatonic_strength": 0.679301738739, "chords_histogram": [64.8284301758, 12.3284311295, 4.41176462173, 0.0245098043233, 0.588235318661, 0, 0.122549019754, 0, 1.17647063732, 0, 0.0245098043233, 0, 0, 0, 0, 0, 0, 2.74509811401, 0, 0, 0, 1.15196073055, 4.58333349228, 8.01470565796], "key_strength": 0.810096442699, "key_scale": "major", "chords_strength": {"dvar": 0.000519755238201, "var": 0.037989154458, "median": 0.622456252575, "max": 0.792912662029, "dmean": 0.00856962427497, "dmean2": 0.00866354908794, "mean": 0.588998138905, "dvar2": 0.000982101308182, "min": -1}, "chords_number_rate": 0.00196078442968, "tuning_nontempered_energy_ratio": 0.709337174892, "hpcp_entropy": {"dvar": 0.286487728357, "var": 0.53617399931, "median": 1.52329218388, "max": 4.11926412582, "dmean": 0.634270310402, "dmean2": 1.07933866978, "mean": 1.43987226486, "dvar2": 0.765291750431, "min": 0}, "chords_changes_rate": 0.0416666679084, "chords_scale": "major"}, "rhythm": {"bpm_histogram_first_peak_spread": {"dvar": 0, "var": 0, "median": 0.475452244282, "max": 0.475452244282, "dmean": 0, "dmean2": 0, "mean": 0.475452244282, "dvar2": 0, "min": 0.475452244282}, "bpm_histogram_first_peak_weight": {"dvar": 0, "var": 0, "median": 0.468822181225, "max": 0.468822181225, "dmean": 0, "dmean2": 0, "mean": 0.468822181225, "dvar2": 0, "min": 0.468822181225}, "bpm_histogram_first_peak_bpm": {"dvar": 0, "var": 0, "median": 140, "max": 140, "dmean": 0, "dmean2": 0, "mean": 140, "dvar2": 0, "min": 140}, "bpm": 138.688659668, "bpm_histogram_second_peak_weight": {"dvar": 0, "var": 0, "median": 0.0600461885333, "max": 0.0600461885333, "dmean": 0, "dmean2": 0, "mean": 0.0600461885333, "dvar2": 0, "min": 0.0600461885333}, "beats_loudness": {"dvar": 0.000156869122293, "var": 0.00041952970787, "median": 0.014724381268, "max": 0.108769111335, "dmean": 0.0112220747396, "dmean2": 0.0176639780402, "mean": 0.0220056921244, "dvar2": 0.000398487783968, "min": 0}, "beats_loudness_band_ratio": {"dvar": [0.00447775330395, 0.0177781824023, 0.0200922060758, 0.0203595496714, 0.00659522041678, 0.000140888951137], "var": [0.00682862801477, 0.0288891270757, 0.03310675174, 0.0333560109138, 0.00749568780884, 0.000218495857553], "median": [0.011946387589, 0.240002810955, 0.377408713102, 0.231871575117, 0.0462949238718, 0.00550017599016], "max": [0.982092022896, 0.763783872128, 0.887150347233, 0.804378092289, 0.517031133175, 0.141456544399], "dmean": [0.031541660428, 0.156553506851, 0.176338687539, 0.14687730372, 0.0602796375751, 0.00832149665803], "dmean2": [0.0553657524288, 0.262982964516, 0.309358745813, 0.254660099745, 0.107518851757, 0.0143112400547], "mean": [0.036275614053, 0.263435095549, 0.369776457548, 0.270781993866, 0.0791595801711, 0.0106300571933], "dvar2": [0.0103006111458, 0.0488523095846, 0.053806707263, 0.0547936484218, 0.0175613351166, 0.000328144786181], "min": [0, 0, 0, 0, 0, 0]}, "bpm_histogram_second_peak_bpm": {"dvar": 0, "var": 0, "median": 133, "max": 133, "dmean": 0, "dmean2": 0, "mean": 133, "dvar2": 0, "min": 133}, "onset_rate": 4.16013813019, "beats_count": 434, "beats_position": [0.46439909935, 0.952018141747, 1.4164172411, 1.88081634045, 2.34521532059, 2.80961441994, 3.27401351929, 3.75002264977, 4.2492518425, 4.73687076569, 5.23609972, 5.70049858093, 6.15328788757, 6.59446716309, 7.03564596176, 7.47682523727, 7.91800451279, 8.35918331146, 8.8119726181, 9.26476192474, 9.70594120026, 10.1355104446, 10.5650787354, 11.0062580109, 11.4474372864, 11.8770065308, 12.3065757751, 12.7361450195, 13.177324295, 13.6068935394, 14.0480718613, 14.4892511368, 14.9304304123, 15.3716096878, 15.8127889633, 16.2539672852, 16.6951465607, 17.1479358673, 17.600725174, 18.0419044495, 18.4946937561, 18.9590930939, 19.4118824005, 19.853061676, 20.2942390442, 20.7354183197, 21.1765975952, 21.6177768707, 22.0589561462, 22.5001354218, 22.9413146973, 23.3824939728, 23.8236732483, 24.2648525238, 24.7060317993, 25.1472110748, 25.5883903503, 26.0411777496, 26.4823570251, 26.9351463318, 27.3879356384, 27.8407249451, 28.2819042206, 28.711473465, 29.1410427094, 29.5822219849, 30.0234012604, 30.4645805359, 30.9173698425, 31.3701572418, 31.8113365173, 32.2525177002, 32.6704750061, 33.111656189, 33.5528335571, 33.99401474, 34.4235839844, 34.8647613525, 35.3175506592, 35.7587280273, 36.1999092102, 36.6410865784, 37.0822677612, 37.5234451294, 37.9530143738, 38.3941955566, 38.8353729248, 39.2881622314, 39.7293434143, 40.1705207825, 40.6116981506, 41.0528793335, 41.4824485779, 41.9120178223, 42.3531951904, 42.7943763733, 43.2355537415, 43.6651229858, 44.0946922302, 44.5242614746, 44.9654426575, 45.3950119019, 45.83618927, 46.2773704529, 46.7301597595, 47.1829452515, 47.6241264343, 48.0653038025, 48.5064849854, 48.959274292, 49.4004516602, 49.8300209045, 50.2712020874, 50.7007713318, 51.1303405762, 51.5599098206, 51.9894790649, 52.4306564331, 52.871837616, 53.3130149841, 53.7658042908, 54.2185935974, 54.6597709656, 55.1009521484, 55.5421295166, 55.971698761, 56.4012680054, 56.8424491882, 57.2604064941, 57.6899757385, 58.1195449829, 58.5491142273, 58.9902954102, 59.4314727783, 59.8610420227, 60.3022193909, 60.7434005737, 61.1845779419, 61.6257591248, 62.0669364929, 62.5081176758, 62.9609069824, 63.3904762268, 63.831653595, 64.2612228394, 64.6907958984, 65.1319732666, 65.5731506348, 66.0027160645, 66.4322891235, 66.8734664917, 67.3146438599, 67.7442169189, 68.1737823486, 68.6033554077, 69.0445327759, 69.485710144, 69.9152832031, 70.3332443237, 70.7511978149, 71.1691589355, 71.5987319946, 72.0282974243, 72.4578704834, 72.8874359131, 73.3170089722, 73.7465744019, 74.18775177, 74.6289291382, 75.0701141357, 75.5112915039, 75.9292526245, 76.3588180542, 76.7767791748, 77.2063446045, 77.6475296021, 78.0770950317, 78.5066680908, 78.9362335205, 79.3658065796, 79.8069839478, 80.2597732544, 80.6893386841, 81.1305236816, 81.5717010498, 82.012878418, 82.4540557861, 82.8836288452, 83.3131942749, 83.7311553955, 84.1607208252, 84.5902938843, 85.019859314, 85.4610443115, 85.8906097412, 86.3201828003, 86.74974823, 87.1909255981, 87.6204986572, 88.0500640869, 88.4912490845, 88.9324264526, 89.3736038208, 89.814781189, 90.244354248, 90.6739196777, 91.0918807983, 91.521446228, 91.9510192871, 92.3805847168, 92.8101577759, 93.2397232056, 93.6692962646, 94.0988616943, 94.5284347534, 94.9696121216, 95.4107894897, 95.8403625488, 96.2699279785, 96.6995010376, 97.1290664673, 97.5586395264, 97.9882049561, 98.4061660767, 98.8241271973, 99.2420806885, 99.683265686, 100.124443054, 100.554008484, 100.983581543, 101.424758911, 101.865936279, 102.307121277, 102.748298645, 103.177864075, 103.607437134, 104.037002563, 104.466575623, 104.896141052, 105.325714111, 105.755279541, 106.1848526, 106.61441803, 107.043991089, 107.473556519, 107.903129578, 108.344306946, 108.785484314, 109.215057373, 109.644622803, 110.074195862, 110.492149353, 110.921722412, 111.351287842, 111.780860901, 112.210426331, 112.63999939, 113.081176758, 113.522354126, 113.940315247, 114.369888306, 114.799453735, 115.229019165, 115.658592224, 116.099769592, 116.529342651, 116.97052002, 117.411697388, 117.841270447, 118.270835876, 118.700408936, 119.118362427, 119.547935486, 119.977500916, 120.418685913, 120.859863281, 121.301040649, 121.730613708, 122.160179138, 122.601356506, 123.042533875, 123.472106934, 123.901672363, 124.319633484, 124.749206543, 125.178771973, 125.608345032, 126.037910461, 126.467483521, 126.89704895, 127.326622009, 127.756187439, 128.17414856, 128.603713989, 129.033279419, 129.462860107, 129.892425537, 130.321990967, 130.751556396, 131.181137085, 131.610702515, 132.040267944, 132.469833374, 132.899414062, 133.340591431, 133.77015686, 134.188110352, 134.61769104, 135.04725647, 135.488433838, 135.917999268, 136.347564697, 136.777145386, 137.195098877, 137.624664307, 138.042633057, 138.460586548, 138.878540039, 139.308120728, 139.737686157, 140.178863525, 140.608428955, 141.037994385, 141.467575073, 141.897140503, 142.338317871, 142.767883301, 143.197463989, 143.627029419, 144.056594849, 144.47454834, 144.89251709, 145.32208252, 145.751647949, 146.181228638, 146.610794067, 147.028747559, 147.469924927, 147.899505615, 148.329071045, 148.770248413, 149.22303772, 149.664215088, 150.093780518, 150.523345947, 150.941314697, 151.370880127, 151.800445557, 152.230026245, 152.647979736, 153.077545166, 153.507110596, 153.936691284, 154.366256714, 154.795822144, 155.225387573, 155.643356323, 156.072921753, 156.502487183, 156.943664551, 157.373245239, 157.802810669, 158.232376099, 158.650344849, 159.079910278, 159.509475708, 159.939041138, 160.380218506, 160.821395874, 161.262588501, 161.692153931, 162.12171936, 162.55128479, 162.980865479, 163.410430908, 163.839996338, 164.257949829, 164.687530518, 165.117095947, 165.535049438, 165.953018188, 166.394195557, 166.823760986, 167.253326416, 167.682891846, 168.112472534, 168.530426025, 168.959991455, 169.389572144, 169.830749512, 170.260314941, 170.689880371, 171.131057739, 171.560638428, 172.013427734, 172.466217041, 172.919006348, 173.360183716, 173.801361084, 174.242538452, 174.68371582, 175.124893188, 175.554458618, 175.984039307, 176.425216675, 176.854782104, 177.284347534, 177.713912964, 178.143493652, 178.573059082, 179.002624512, 179.420593262, 179.850158691, 180.279724121, 180.697677612, 181.115646362, 181.545211792, 181.974777222, 182.40435791, 182.83392334, 183.275100708, 183.716278076, 184.157455444, 184.621856689, 185.086257935, 185.55065918, 185.968612671, 186.386566162, 186.804534912, 187.210876465, 187.617233276, 188.023574829, 188.429931641, 188.836273193], "danceability": 0.939506590366, "bpm_histogram_second_peak_spread": {"dvar": 0, "var": 0, "median": 0.277777791023, "max": 0.277777791023, "dmean": 0, "dmean2": 0, "mean": 0.277777791023, "dvar2": 0, "min": 0.277777791023}}, "lowlevel": {"spectral_flux": {"dvar": 0.000512846978381, "var": 0.00144197151531, "median": 0.0473984479904, "max": 0.321658611298, "dmean": 0.0210218597203, "dmean2": 0.0319782719016, "mean": 0.0561723336577, "dvar2": 0.00119020312559, "min": 6.26291588035e-11}, "spectral_rolloff": {"dvar": 299367.96875, "var": 5757232.5, "median": 1098.19335938, "max": 19896.6796875, "dmean": 215.900375366, "dmean2": 359.663696289, "mean": 1578.99584961, "dvar2": 776605.75, "min": 21.533203125}, "barkbands_flatness_db": {"dvar": 0.000343113439158, "var": 0.00190118607134, "median": 0.169274896383, "max": 0.444507151842, "dmean": 0.0195392221212, "dmean2": 0.0297236144543, "mean": 0.171041250229, "dvar2": 0.000758508162107, "min": 0.0238611884415}, "spectral_centroid": {"dvar": 44981.0820312, "var": 1928595.375, "median": 963.40222168, "max": 12017.4326172, "dmean": 139.911590576, "dmean2": 196.193023682, "mean": 1236.20288086, "dvar2": 91755.421875, "min": 323.066131592}, "melbands_skewness": {"dvar": 0.463678687811, "var": 1.71751642227, "median": 1.22700929642, "max": 31.6830978394, "dmean": 0.489241600037, "dmean2": 0.739492356777, "mean": 1.40273320675, "dvar2": 1.17982840538, "min": -1.2481161356}, "melbands": {"dvar": [2.17992499052e-10, 1.52767989231e-11, 4.62038129978e-10, 5.96456928292e-08, 3.56370577492e-07, 5.11944300285e-08, 7.12129093472e-08, 7.09427581569e-07, 4.55972127611e-07, 2.72515965349e-08, 5.9233894234e-08, 2.88052728337e-08, 3.19849391417e-08, 2.48153657623e-08, 2.75651714787e-08, 3.40106183216e-08, 4.77632688956e-09, 7.66772156879e-09, 2.91546786713e-09, 9.57535606361e-10, 8.36062608034e-11, 1.76930720075e-10, 3.27131988165e-10, 1.67082875313e-10, 5.60949169059e-11, 1.77414194447e-11, 6.95986833704e-13, 6.33741377518e-14, 1.18089606561e-14, 1.20835069042e-14, 6.8674208403e-15, 5.65359255722e-15, 2.57853536869e-15, 2.04445737852e-15, 1.20874280315e-15, 8.02498813624e-16, 5.41256647334e-16, 3.63933211502e-16, 2.29650960791e-16, 1.85820618896e-16], "var": [4.02174626934e-10, 2.48726282626e-11, 1.2735564825e-09, 8.97257308452e-08, 8.80710103957e-07, 1.69626872548e-07, 1.90954025925e-07, 8.27886822208e-07, 7.87321823736e-07, 7.64028342815e-08, 4.25999900244e-07, 4.00963727998e-07, 1.48072118122e-07, 2.3471268662e-07, 1.73002788983e-07, 1.48179921666e-07, 1.72680945099e-08, 2.49000997599e-08, 8.43880787471e-09, 5.01434138656e-09, 3.51650764063e-10, 7.50288331464e-10, 1.95025573468e-09, 1.57031654346e-09, 6.66156407814e-10, 1.5325317404e-10, 2.27203780963e-12, 9.18498878843e-14, 2.25159992105e-14, 2.10630903723e-14, 1.48410895796e-14, 9.25462861862e-15, 3.60713935731e-15, 2.4727043194e-15, 1.43353137131e-15, 7.64665134123e-16, 4.69847375897e-16, 3.2411678669e-16, 2.27684070879e-16, 1.78290720988e-16], "median": [7.9821311374e-06, 3.16424689117e-06, 3.80380356546e-06, 8.7873027951e-05, 0.000191295650438, 9.02682659216e-05, 5.94417761022e-05, 0.000191406667, 6.73166796332e-05, 2.64533755399e-05, 4.44547295047e-05, 2.09513418667e-05, 4.21737422585e-05, 3.30494513037e-05, 1.86444194696e-05, 1.10364881039e-05, 1.07619944174e-05, 8.59540159581e-06, 4.94293362863e-06, 1.44303407978e-06, 9.62105445979e-07, 2.0858381049e-06, 3.11568351208e-06, 3.11743133352e-06, 3.92627043766e-06, 1.03004413177e-06, 1.48744902617e-07, 8.56737969457e-08, 7.16870829365e-08, 5.97714659989e-08, 5.18910390213e-08, 4.68025973532e-08, 4.19318268996e-08, 3.75847406531e-08, 3.3327943072e-08, 2.89079657989e-08, 2.51666527618e-08, 2.23114646758e-08, 2.01540686362e-08, 1.83270287835e-08], "max": [0.000270698830718, 0.000104096558061, 0.00061248592101, 0.00451051257551, 0.00934196729213, 0.0114954765886, 0.00645275739953, 0.0180988628417, 0.015797810629, 0.00455198669806, 0.00687264930457, 0.0062949359417, 0.00458216294646, 0.00637100357562, 0.00725467503071, 0.0137010766193, 0.00231383205391, 0.00324369221926, 0.00174926512409, 0.00111246830784, 0.000270455493592, 0.000527341850102, 0.000687939696945, 0.000673887436278, 0.000241622910835, 0.000166160200024, 3.54957956006e-05, 1.41417012856e-05, 3.07559048451e-06, 4.12700819652e-06, 3.23708059113e-06, 3.85768407796e-06, 1.98771044779e-06, 1.68931273947e-06, 1.2946758261e-06, 1.02623232578e-06, 7.9249684859e-07, 6.55479425404e-07, 4.17759849825e-07, 3.19706600749e-07], "dmean": [9.64103946899e-06, 3.04062609757e-06, 8.73660792422e-06, 0.000117778196, 0.000291140633635, 9.18775258469e-05, 0.000121482102259, 0.000354812538717, 0.000207910779864, 5.38290623808e-05, 0.000105986488052, 6.76078416291e-05, 9.16558346944e-05, 7.13665795047e-05, 5.90345734963e-05, 3.80923775083e-05, 2.36054038396e-05, 2.11966616916e-05, 1.38236073326e-05, 7.48055117583e-06, 2.94738561024e-06, 4.36687469119e-06, 6.73419799568e-06, 4.95882750329e-06, 3.51783569386e-06, 1.69793293026e-06, 2.5065210707e-07, 7.58221574415e-08, 5.3245390319e-08, 4.28514752571e-08, 3.56401450574e-08, 3.06877545597e-08, 2.5373202206e-08, 2.24486491618e-08, 1.87830249132e-08, 1.56476875901e-08, 1.31107169565e-08, 1.12272937614e-08, 9.82187486898e-09, 8.86494877506e-09], "dmean2": [1.72476629814e-05, 5.17495300301e-06, 1.36167755045e-05, 0.000174420958501, 0.000420831463998, 0.000134392554173, 0.000189560814761, 0.000548663723748, 0.000301774271065, 7.61019036872e-05, 0.000151632470079, 9.15482596611e-05, 0.00014636128617, 0.000109892593173, 8.13811639091e-05, 4.74057669635e-05, 3.31664850819e-05, 2.93205484923e-05, 1.93981923076e-05, 9.83237896435e-06, 3.96867562813e-06, 5.92178230363e-06, 8.89300554263e-06, 6.38833762423e-06, 4.46341437055e-06, 2.24706536756e-06, 3.80704562986e-07, 1.24230709275e-07, 8.88367992502e-08, 7.30279481331e-08, 6.04671157589e-08, 5.17220470897e-08, 4.36085372257e-08, 3.88950240904e-08, 3.25353575192e-08, 2.72178102279e-08, 2.3017081574e-08, 1.9689926134e-08, 1.71406266958e-08, 1.55182906525e-08], "mean": [1.43883098644e-05, 4.37030803369e-06, 2.05936321436e-05, 0.000185384997167, 0.000536299718078, 0.000197487795958, 0.000228789271205, 0.000491077953484, 0.000311627081828, 0.000115559538244, 0.00029176773387, 0.000211771024624, 0.000161760501214, 0.00016304840392, 0.000137349328725, 8.08194745332e-05, 4.93751067552e-05, 4.05545615649e-05, 2.57598676399e-05, 2.03836752917e-05, 8.12732469058e-06, 1.28962237795e-05, 2.1600340915e-05, 2.05393680517e-05, 1.56594160217e-05, 5.98431233811e-06, 5.75891760946e-07, 1.47166630882e-07, 1.05592107502e-07, 8.65232365754e-08, 7.3247996113e-08, 6.35424157736e-08, 5.35961461878e-08, 4.74493262459e-08, 4.08854958778e-08, 3.4358066614e-08, 2.92755295561e-08, 2.56360408457e-08, 2.3029645746e-08, 2.0879630469e-08], "dvar2": [6.65664467991e-10, 3.94686124061e-11, 1.06285302781e-09, 1.31265366576e-07, 7.94155369022e-07, 9.36229014314e-08, 1.59741347261e-07, 1.72672196186e-06, 8.7568116669e-07, 5.35317035144e-08, 1.07058482968e-07, 4.93271059554e-08, 7.00520530472e-08, 5.29043120423e-08, 4.82118380773e-08, 3.92381238612e-08, 9.22423648575e-09, 1.32326807289e-08, 5.13085263165e-09, 1.77474390739e-09, 1.39618830386e-10, 3.3294023094e-10, 5.46768297305e-10, 2.69514577322e-10, 9.2712268418e-11, 2.84051185351e-11, 1.71255403521e-12, 1.46465359372e-13, 2.88616583432e-14, 3.00246820136e-14, 1.66375346524e-14, 1.38743081965e-14, 6.99974263326e-15, 5.58610901879e-15, 3.28755806148e-15, 2.28051106136e-15, 1.55338960384e-15, 1.04496157126e-15, 6.49344562969e-16, 5.31869404696e-16], "min": [6.92295505041e-25, 6.57957622431e-25, 5.10963401416e-25, 1.85422209367e-24, 1.52633087513e-24, 1.88298337063e-24, 1.68826488909e-24, 1.8781245791e-24, 1.29508202e-24, 1.89179021378e-24, 1.30659554352e-24, 2.50988462391e-24, 2.09813828e-24, 2.12387940298e-24, 2.46880291733e-24, 2.80122239469e-24, 2.1992475683e-24, 2.6816730883e-24, 3.49629700739e-24, 2.48975604905e-24, 3.51522730254e-24, 2.83088829789e-24, 2.57300789304e-24, 3.37584978008e-24, 3.84057247251e-24, 4.96009704793e-24, 4.90793283171e-24, 3.64627682042e-24, 4.7755501389e-24, 4.11781211563e-24, 4.89447210366e-24, 3.42409099102e-24, 5.18104121027e-24, 4.3943090462e-24, 5.63582662187e-24, 5.84147753227e-24, 5.41895613725e-24, 6.02408108246e-24, 5.39474560164e-24, 6.224371683e-24]}, "spectral_decrease": {"dvar": 3.90178241168e-18, "var": 1.65595354779e-17, "median": -2.30227792386e-09, "max": 1.9016078566e-28, "dmean": 1.20820398131e-09, "dmean2": 1.71088265777e-09, "mean": -3.7583829382e-09, "dvar2": 7.94919245174e-18, "min": -3.0743823487e-08}, "barkbands_kurtosis": {"dvar": 620.195922852, "var": 730.077941895, "median": 1.81771850586, "max": 1274.32080078, "dmean": 2.78038144112, "dmean2": 4.51414108276, "mean": 3.88135170937, "dvar2": 2025.42895508, "min": -1.85386812687}, "silence_rate_30dB": {"dvar": 0.00146894168574, "var": 0.00134662620258, "median": 1, "max": 1, "dmean": 0.00147112912964, "dmean2": 0.00294261891395, "mean": 0.998651623726, "dvar2": 0.00366996275261, "min": 0}, "gfcc": {"mean": [-96.1490325928, 89.1922531128, -137.240539551, -36.2336540222, -59.0799827576, -16.1341991425, -45.5240440369, 1.34625411034, -26.4145469666, -3.02434539795, -2.05120253563, 8.47774982452, -11.5063323975], "cov": [[23939.4179688, 2353.02978516, -3924.18359375, -1268.61218262, -1044.09521484, -733.439025879, -972.38861084, 245.609115601, -644.491577148, -381.348144531, 85.7428359985, 189.808807373, -352.33883667], [2353.02978516, 458.289123535, -358.336517334, -249.662597656, -135.669036865, -72.416053772, -83.8641586304, -6.88556671143, -88.0109558105, -61.0002784729, 6.01638555527, -6.65512990952, -58.0280418396], [-3924.18359375, -358.336517334, 1279.50085449, 294.877532959, -65.459602356, 295.323028564, 124.997169495, -257.286682129, 104.530723572, 224.426589966, -88.7641906738, -50.5050849915, 119.056282043], [-1268.61218262, -249.662597656, 294.877532959, 339.161468506, 144.477218628, -29.8806934357, -65.9728469849, -13.2676563263, 79.8647689819, 50.3653945923, -38.2718009949, -12.864938736, 45.8920288086], [-1044.09521484, -135.669036865, -65.459602356, 144.477218628, 279.701660156, -51.7324447632, -43.0900917053, 58.8850593567, 65.7846221924, -37.0611495972, -3.09222102165, -9.96879291534, 4.02324295044], [-733.439025879, -72.416053772, 295.323028564, -29.8806934357, -51.7324447632, 254.371337891, 126.023246765, -110.429336548, -6.62567949295, 82.8754959106, -17.5552425385, -3.23473620415, 27.7154884338], [-972.38861084, -83.8641586304, 124.997169495, -65.9728469849, -43.0900917053, 126.023246765, 252.122833252, 50.2215538025, -49.7356948853, -26.7439613342, 51.5205574036, 22.3931007385, -13.0074224472], [245.609115601, -6.88556671143, -257.286682129, -13.2676563263, 58.8850593567, -110.429336548, 50.2215538025, 190.46105957, 5.50268602371, -96.8160629272, 36.3640136719, 18.1838092804, -48.0301055908], [-644.491577148, -88.0109558105, 104.530723572, 79.8647689819, 65.7846221924, -6.62567949295, -49.7356948853, 5.50268602371, 128.265335083, 77.7321624756, -32.0669059753, -29.13230896, 25.6504669189], [-381.348144531, -61.0002784729, 224.426589966, 50.3653945923, -37.0611495972, 82.8754959106, -26.7439613342, -96.8160629272, 77.7321624756, 150.873886108, -10.8426170349, -22.0672092438, 40.3587684631], [85.7428359985, 6.01638555527, -88.7641906738, -38.2718009949, -3.09222102165, -17.5552425385, 51.5205574036, 36.3640136719, -32.0669059753, -10.8426170349, 82.1970977783, 48.4248199463, -9.1247844696], [189.808807373, -6.65512990952, -50.5050849915, -12.864938736, -9.96879291534, -3.23473620415, 22.3931007385, 18.1838092804, -29.13230896, -22.0672092438, 48.4248199463, 80.0649871826, 35.2981071472], [-352.33883667, -58.0280418396, 119.056282043, 45.8920288086, 4.02324295044, 27.7154884338, -13.0074224472, -48.0301055908, 25.6504669189, 40.3587684631, -9.1247844696, 35.2981071472, 95.8001861572]], "icov": [[0.000757982081268, -0.00171436404344, 0.00230629951693, -0.00154754088726, 0.00277137197554, -0.00199113739654, 0.00283456547186, -0.00237366836518, 0.00306526431814, -0.0027558254078, 0.0019820893649, -0.00176793523133, 0.000459405389847], [-0.00171436404344, 0.00985148828477, -0.00515491981059, 0.00745522929356, -0.00525494338945, 0.00484531652182, -0.00288283452392, 0.00492988387123, -0.00439886935055, 0.00632087886333, -0.00448554754257, 0.0050834948197, -0.000389200693462], [0.00230629951693, -0.00515491981059, 0.0103523563594, -0.00839174073189, 0.0108484448865, -0.006551515311, 0.00485114892945, -0.00139435613528, 0.0042849779129, -0.00543596828356, 0.00561281293631, -0.00456298235804, 0.00127233518288], [-0.00154754088726, 0.00745522929356, -0.00839174073189, 0.015900477767, -0.0127588296309, 0.0096321888268, -0.00237688794732, -0.00235505332239, 0.00566112669185, -0.00722472183406, 0.00655307201669, -0.00281738676131, 0.00107194425073], [0.00277137197554, -0.00525494338945, 0.0108484448865, -0.0127588296309, 0.0236989390105, -0.0162343326956, 0.0149733927101, -0.00362884812057, -0.00567810051143, 0.0122063718736, -0.0123873790726, 0.00723241036758, -0.00391191942617], [-0.00199113739654, 0.00484531652182, -0.006551515311, 0.0096321888268, -0.0162343326956, 0.0289533454925, -0.0243985652924, 0.0138103310019, 0.00265878927894, -0.0167280677706, 0.0239281207323, -0.0171444676816, 0.00998752377927], [0.00283456547186, -0.00288283452392, 0.00485114892945, -0.00237688794732, 0.0149733927101, -0.0243985652924, 0.0356250330806, -0.0248760059476, 0.0145774455741, 0.00219919974916, -0.0163931939751, 0.0116848330945, -0.00811251159757], [-0.00237366836518, 0.00492988387123, -0.00139435613528, -0.00235505332239, -0.00362884812057, 0.0138103310019, -0.0248760059476, 0.0411527045071, -0.035721808672, 0.0280409548432, -0.00949327275157, -0.00033778193756, 0.00750038493425], [0.00306526431814, -0.00439886935055, 0.0042849779129, 0.00566112669185, -0.00567810051143, 0.00265878927894, 0.0145774455741, -0.035721808672, 0.0645979493856, -0.0593445077538, 0.0402093306184, -0.0189061965793, 0.00261174119078], [-0.0027558254078, 0.00632087886333, -0.00543596828356, -0.00722472183406, 0.0122063718736, -0.0167280677706, 0.00219919974916, 0.0280409548432, -0.0593445077538, 0.080066844821, -0.0632387623191, 0.0425188839436, -0.0169371329248], [0.0019820893649, -0.00448554754257, 0.00561281293631, 0.00655307201669, -0.0123873790726, 0.0239281207323, -0.0163931939751, -0.00949327275157, 0.0402093306184, -0.0632387623191, 0.0844712331891, -0.0601777024567, 0.0271644387394], [-0.00176793523133, 0.0050834948197, -0.00456298235804, -0.00281738676131, 0.00723241036758, -0.0171444676816, 0.0116848330945, -0.00033778193756, -0.0189061965793, 0.0425188839436, -0.0601777024567, 0.0668061226606, -0.033526442945], [0.000459405389847, -0.000389200693462, 0.00127233518288, 0.00107194425073, -0.00391191942617, 0.00998752377927, -0.00811251159757, 0.00750038493425, 0.00261174119078, -0.0169371329248, 0.0271644387394, -0.033526442945, 0.0311076492071]]}, "silence_rate_20dB": {"dvar": 0, "var": 0, "median": 1, "max": 1, "dmean": 0, "dmean2": 0, "mean": 1, "dvar2": 0, "min": 1}, "barkbands_skewness": {"dvar": 0.563441216946, "var": 1.61957859993, "median": 0.86139190197, "max": 33.4603691101, "dmean": 0.490288466215, "dmean2": 0.784418225288, "mean": 0.947919130325, "dvar2": 1.67176544666, "min": -2.14635109901}, "erbbands_skewness": {"dvar": 0.130097687244, "var": 0.658522427082, "median": 0.511886954308, "max": 5.59787464142, "dmean": 0.35778054595, "dmean2": 0.533478558064, "mean": 0.507083833218, "dvar2": 0.288644880056, "min": -2.97521471977}, "spectral_contrast_valleys": {"dvar": [0.12301184237, 0.199521094561, 0.210998162627, 0.107702955604, 0.0658059194684, 0.055287361145], "var": [5.72479915619, 7.62746858597, 7.29024934769, 6.4473991394, 6.07398414612, 4.63596057892], "median": [-9.46978855133, -7.22718381882, -7.87959957123, -8.66247081757, -8.86474323273, -11.1591444016], "max": [-7.75854253769, -5.37859582901, -5.57515335083, -6.428855896, -6.84222507477, -9.18898010254], "dmean": [0.399079322815, 0.490951627493, 0.543767988682, 0.358018785715, 0.222841069102, 0.186853542924], "dmean2": [0.684205174446, 0.737988293171, 0.777863621712, 0.546784102917, 0.369716763496, 0.319273024797], "mean": [-9.81148910522, -7.6231136322, -8.20479106903, -8.96209335327, -9.19474220276, -11.4355745316], "dvar2": [0.307233273983, 0.431805044413, 0.423994600773, 0.222298130393, 0.135077282786, 0.119829252362], "min": [-28.410074234, -28.2264995575, -27.807264328, -27.8070602417, -27.4622879028, -27.4023933411]}, "spectral_strongpeak": {"dvar": 0.662615418434, "var": 3.33979701996, "median": 0.982466638088, "max": 17.6534576416, "dmean": 0.58861976862, "dmean2": 0.951305449009, "mean": 1.67845368385, "dvar2": 1.53418684006, "min": 0}, "erbbands_crest": {"dvar": 7.3295340538, "var": 23.2860794067, "median": 11.1850624084, "max": 29.5601158142, "dmean": 2.88379836082, "dmean2": 4.64301633835, "mean": 12.0260887146, "dvar2": 18.7221622467, "min": 2.14599990845}, "barkbands_crest": {"dvar": 4.87727308273, "var": 13.9795265198, "median": 9.71614456177, "max": 26.6186923981, "dmean": 2.37895154953, "dmean2": 3.76757645607, "mean": 10.3583965302, "dvar2": 11.9033889771, "min": 2.98546671867}, "spectral_energyband_middle_low": {"dvar": 4.47072088718e-05, "var": 9.25287240534e-05, "median": 0.00570306321606, "max": 0.109732829034, "dmean": 0.0037539973855, "dmean2": 0.00541616696864, "mean": 0.00860172417015, "dvar2": 9.4847746368e-05, "min": 1.36254365335e-22}, "spectral_contrast_coeffs": {"dvar": [0.00190313067287, 0.00224792864174, 0.00152763002552, 0.000849250878673, 0.000587229384109, 9.21380196814e-05], "var": [0.0106121953577, 0.00872427225113, 0.0111370421946, 0.00731391413137, 0.0105072837323, 0.000556574610528], "median": [-0.530866622925, -0.659663677216, -0.714154481888, -0.715484261513, -0.739430308342, -0.833352565765], "max": [-0.283947885036, -0.343585163355, -0.378440380096, -0.436799883842, -0.520884990692, -0.697150945663], "dmean": [0.0505748912692, 0.0532647967339, 0.0464199967682, 0.0341861993074, 0.0232470612973, 0.0114179132506], "dmean2": [0.0783527195454, 0.0837415233254, 0.0729402080178, 0.0523118674755, 0.0343978479505, 0.0192088168114], "mean": [-0.540929794312, -0.662491559982, -0.697422981262, -0.709942042828, -0.745377480984, -0.833118021488], "dvar2": [0.00427422393113, 0.00535714020953, 0.00363590870984, 0.00182866828982, 0.00103172147647, 0.00025531440042], "min": [-0.997061610222, -0.98733663559, -0.977053940296, -0.972063422203, -0.966789960861, -0.964853227139]}, "hfc": {"dvar": 30.9701404572, "var": 288.085693359, "median": 6.9480175972, "max": 166.710571289, "dmean": 3.55877828598, "dmean2": 4.86060094833, "mean": 13.9661464691, "dvar2": 54.8920707703, "min": 1.07292187738e-16}, "spectral_energyband_high": {"dvar": 1.75402872782e-10, "var": 2.76786649156e-10, "median": 1.6164212866e-05, "max": 0.000462536962004, "dmean": 6.78760716255e-06, "dmean2": 1.14847316581e-05, "mean": 1.960084046e-05, "dvar2": 4.67270333537e-10, "min": 6.98201102292e-21}, "erbbands_spread": {"dvar": 18.9632797241, "var": 103.577194214, "median": 17.2351722717, "max": 104.579956055, "dmean": 3.88733768463, "dmean2": 5.88269519806, "mean": 19.5541725159, "dvar2": 45.2166481018, "min": 3.24351716042}, "dissonance": {"dvar": 0.00094902102137, "var": 0.00195674574934, "median": 0.429197520018, "max": 0.5, "dmean": 0.0338048823178, "dmean2": 0.0577991046011, "mean": 0.422387510538, "dvar2": 0.00270535913296, "min": 0.150744587183}, "spectral_kurtosis": {"dvar": 8.4043636322, "var": 23.2284832001, "median": 12.0450954437, "max": 38.5130653381, "dmean": 3.19202518463, "dmean2": 5.23316526413, "mean": 12.2080993652, "dvar2": 22.4638462067, "min": -1.2705270052}, "spectral_skewness": {"dvar": 0.0772223100066, "var": 0.342314332724, "median": 2.57198667526, "max": 4.78119754791, "dmean": 0.323290675879, "dmean2": 0.515673279762, "mean": 2.54785084724, "dvar2": 0.192621380091, "min": -0.0819637477398}, "pitch_salience": {"dvar": 0.0035106097348, "var": 0.0116970585659, "median": 0.614711999893, "max": 0.935587644577, "dmean": 0.0650456622243, "dmean2": 0.104777321219, "mean": 0.609638154507, "dvar2": 0.00892631430179, "min": 0.0180841516703}, "spectral_complexity": {"dvar": 3.47807717323, "var": 20.8714561462, "median": 11, "max": 27, "dmean": 1.89898252487, "dmean2": 2.8442864418, "mean": 11.03885746, "dvar2": 7.11597681046, "min": 0}, "spectral_spread": {"dvar": 466742804480, "var": 25266002853900.0, "median": 2944144.5, "max": 43126600, "dmean": 516928.0625, "dmean2": 784261, "mean": 3943814.75, "dvar2": 951711170560, "min": 1637561.75}, "dynamic_complexity": 4.36640977859, "melbands_crest": {"dvar": 8.73892688751, "var": 28.5779953003, "median": 12.8251991272, "max": 39.7819786072, "dmean": 3.11237549782, "dmean2": 4.83898067474, "mean": 13.7700586319, "dvar2": 20.7276439667, "min": 1.55153107643}, "zerocrossingrate": {"dvar": 6.56612610328e-05, "var": 0.00384492753074, "median": 0.04443359375, "max": 0.53125, "dmean": 0.00529560958967, "dmean2": 0.00652666063979, "mean": 0.0540672428906, "dvar2": 0.000116642091598, "min": 0}, "spectral_energyband_low": {"dvar": 5.77712899741e-09, "var": 1.04682200686e-08, "median": 5.63656212762e-05, "max": 0.00135221343953, "dmean": 5.12985388923e-05, "dmean2": 9.05140987015e-05, "mean": 8.77919592313e-05, "dvar2": 1.77051475703e-08, "min": 9.80418578886e-24}, "melbands_kurtosis": {"dvar": 412.562408447, "var": 727.996032715, "median": 2.60578322411, "max": 1167.18212891, "dmean": 3.52471089363, "dmean2": 5.46205949783, "mean": 5.61217355728, "dvar2": 1202.84130859, "min": -1.773406744}, "spectral_energyband_middle_high": {"dvar": 9.45345891523e-06, "var": 0.00011860869563, "median": 0.00252107344568, "max": 0.112427666783, "dmean": 0.00192459358368, "dmean2": 0.00269735674374, "mean": 0.00728326803073, "dvar2": 1.66779373103e-05, "min": 1.18313959362e-21}, "barkbands_spread": {"dvar": 13.9413547516, "var": 62.093952179, "median": 10.5405788422, "max": 103.181297302, "dmean": 2.78176426888, "dmean2": 4.29071044922, "mean": 12.4781999588, "dvar2": 37.2731781006, "min": 0.309536337852}, "mfcc": {"mean": [-734.565551758, 151.563903809, -34.4036865234, -16.8805675507, -9.06398582458, -22.0190010071, -11.8727035522, -2.83314704895, -20.9926681519, -10.6858959198, 4.41645908356, -4.38706254959, -5.40353012085], "cov": [[6148.97998047, 1816.77844238, -1604.44714355, -316.767242432, -91.0151519775, -769.727294922, -148.241027832, 278.663452148, -409.049499512, -209.528305054, 251.63722229, -162.745376587, -254.078384399], [1816.77844238, 863.376220703, -234.705856323, -236.75869751, -128.318511963, -141.190933228, -19.3228340149, 9.81413269043, -129.493591309, -71.3940124512, 49.0105056763, -30.6280517578, -82.3381118774], [-1604.44714355, -234.705856323, 1049.5916748, 11.9107446671, -149.304504395, 413.613067627, 56.0296630859, -257.871765137, 121.847412109, 62.6869277954, -167.170532227, 83.6749649048, 135.503082275], [-316.767242432, -236.75869751, 11.9107446671, 294.202453613, 182.070602417, -68.3084716797, -90.3963851929, -9.17095565796, 25.1054077148, 21.171377182, -31.3268585205, -20.1824798584, 52.479259491], [-91.0151519775, -128.318511963, -149.304504395, 182.070602417, 298.666900635, -11.8992586136, -148.098892212, -38.380607605, 33.3759613037, 18.6553821564, -13.5254640579, -13.8940887451, 6.52204799652], [-769.727294922, -141.190933228, 413.613067627, -68.3084716797, -11.8992586136, 352.140197754, 46.6031074524, -167.016220093, 69.184135437, 39.6453399658, -76.6940383911, 54.7201347351, 42.7503509521], [-148.241027832, -19.3228340149, 56.0296630859, -90.3963851929, -148.098892212, 46.6031074524, 198.679443359, 98.7630233765, -33.6277618408, -31.0063476562, 24.1830463409, 5.35185813904, -25.4218196869], [278.663452148, 9.81413269043, -257.871765137, -9.17095565796, -38.380607605, -167.016220093, 98.7630233765, 224.069580078, -26.2863044739, -52.1741333008, 65.1351089478, -26.1593017578, -56.2387886047], [-409.049499512, -129.493591309, 121.847412109, 25.1054077148, 33.3759613037, 69.184135437, -33.6277618408, -26.2863044739, 103.532546997, 53.4517173767, -35.2830505371, 7.82793855667, 28.2655639648], [-209.528305054, -71.3940124512, 62.6869277954, 21.171377182, 18.6553821564, 39.6453399658, -31.0063476562, -52.1741333008, 53.4517173767, 91.767326355, 13.2814149857, -4.75896024704, 9.69342899323], [251.63722229, 49.0105056763, -167.170532227, -31.3268585205, -13.5254640579, -76.6940383911, 24.1830463409, 65.1351089478, -35.2830505371, 13.2814149857, 113.126708984, 15.0960025787, -57.2009735107], [-162.745376587, -30.6280517578, 83.6749649048, -20.1824798584, -13.8940887451, 54.7201347351, 5.35185813904, -26.1593017578, 7.82793855667, -4.75896024704, 15.0960025787, 76.8014297485, 39.6268844604], [-254.078384399, -82.3381118774, 135.503082275, 52.479259491, 6.52204799652, 42.7503509521, -25.4218196869, -56.2387886047, 28.2655639648, 9.69342899323, -57.2009735107, 39.6268844604, 128.945846558]], "icov": [[0.00120324175805, -0.00227509485558, 0.00179154577199, -0.00162063888274, 0.00187156465836, -0.00148645997979, 0.00176039070357, -0.00094898