{"tonal": {"chords_key": "E", "hpcp_entropy": {"dmean": 0.687191307545, "dmean2": 1.13825511932, "max": 4.48214864731, "dvar": 0.353212833405, "mean": 2.36050891876, "dvar2": 0.923549950123, "min": 0, "var": 0.718300580978, "median": 2.43541765213}, "key_key": "E", "chords_strength": {"dmean": 0.0119163682684, "dmean2": 0.0142804412171, "max": 0.75823611021, "dvar": 0.00121448421851, "mean": 0.493176430464, "dvar2": 0.00238214922138, "min": -1, "var": 0.0330810844898, "median": 0.507915735245}, "key_scale": "minor", "chords_number_rate": 0.00380589906126, "thpcp": [1, 0.629425406456, 0.400441795588, 0.270435363054, 0.200688883662, 0.328988343477, 0.389528781176, 0.370474308729, 0.528091669083, 0.568928718567, 0.449029177427, 0.457074910402, 0.417641013861, 0.441553145647, 0.734889388084, 0.723295152187, 0.372437745333, 0.207817032933, 0.200630366802, 0.28998285532, 0.697326719761, 0.9266076684, 0.562606751919, 0.251507431269, 0.17500603199, 0.150225117803, 0.189447626472, 0.212211221457, 0.163888603449, 0.131538629532, 0.131821021438, 0.143441721797, 0.188295692205, 0.203095272183, 0.306516200304, 0.801681637764], "key_strength": 0.700090885162, "tuning_nontempered_energy_ratio": 0.753306508064, "tuning_frequency": 442.03793335, "chords_changes_rate": 0.0613701231778, "tuning_diatonic_strength": 0.545975923538, "chords_scale": "minor", "chords_histogram": [52.6165542603, 0.380589902401, 0.237868696451, 0.761179804802, 1.23691725731, 13.4157943726, 1.37963843346, 15.7469072342, 1.14176976681, 9.03901004791, 0.761179804802, 0, 0.0951474756002, 0, 0, 1.23691725731, 0.475737392902, 0, 0, 0.0475737378001, 0.380589902401, 0, 0.285442441702, 0.761179804802], "tuning_equal_tempered_deviation": 0.121587134898, "hpcp": {"dmean": [0.161177992821, 0.127680420876, 0.100723914802, 0.0981627479196, 0.129690691829, 0.176638752222, 0.187109813094, 0.163229614496, 0.12112737447, 0.0881286561489, 0.0703819543123, 0.075841166079, 0.0761734396219, 0.0622078180313, 0.0566253662109, 0.0580531693995, 0.0625181421638, 0.0736123099923, 0.0814948752522, 0.118708766997, 0.191314682364, 0.198784783483, 0.17323243618, 0.145220950246, 0.109896935523, 0.09178943187, 0.111372105777, 0.119846686721, 0.142389088869, 0.173893645406, 0.190706685185, 0.178698331118, 0.174216508865, 0.154916584492, 0.158612772822, 0.174507647753], "dmean2": [0.277956694365, 0.228322118521, 0.18735703826, 0.182085245848, 0.237289637327, 0.306149303913, 0.319618344307, 0.285581469536, 0.222537919879, 0.164407387376, 0.130556672812, 0.137318909168, 0.134134590626, 0.110469348729, 0.104629129171, 0.108865752816, 0.115630581975, 0.134439170361, 0.149911880493, 0.212435573339, 0.321711599827, 0.333920419216, 0.303106278181, 0.259096831083, 0.199724972248, 0.168730035424, 0.197271615267, 0.209166541696, 0.255706518888, 0.303874701262, 0.337736338377, 0.318242877722, 0.312165439129, 0.270492166281, 0.280053049326, 0.302460372448], "max": [1, 1, 1, 1, 1, 1, 1, 1, 1, 1, 1, 1, 1, 1, 1, 1, 1, 1, 1, 1, 1, 1, 1, 1, 1, 1, 1, 1, 1, 1, 1, 1, 1, 1, 1, 1], "dvar": [0.0537710376084, 0.0381975620985, 0.0380813702941, 0.0381029061973, 0.0459033660591, 0.0558124035597, 0.0614795871079, 0.0500237867236, 0.0511679835618, 0.0395242832601, 0.0289023276418, 0.0281449574977, 0.0241756122559, 0.0173487234861, 0.0198299679905, 0.0227178819478, 0.0228028502315, 0.0263308417052, 0.0282116364688, 0.0306896194816, 0.0513065941632, 0.0602626390755, 0.0470645911992, 0.0536113977432, 0.0395943932235, 0.0343047678471, 0.0426433756948, 0.037699315697, 0.0450657382607, 0.0581049434841, 0.0711800381541, 0.0600479096174, 0.0672590434551, 0.0506286621094, 0.0480315871537, 0.0603398308158], "mean": [0.244992509484, 0.126151069999, 0.0703912004828, 0.0679569542408, 0.098222181201, 0.236196547747, 0.31385794282, 0.190564587712, 0.0851898938417, 0.0592775531113, 0.0508838295937, 0.0641691684723, 0.0718795880675, 0.0555118881166, 0.0445543937385, 0.0446500442922, 0.048586178571, 0.063778989017, 0.0687918588519, 0.103822305799, 0.271543353796, 0.338717192411, 0.21319720149, 0.135636523366, 0.0916011109948, 0.0679767727852, 0.111434005201, 0.131940096617, 0.125486016273, 0.178873732686, 0.19270594418, 0.15209390223, 0.154819130898, 0.141462191939, 0.1495616436, 0.248919665813], "dvar2": [0.129126369953, 0.102201238275, 0.107093334198, 0.105859383941, 0.126128599048, 0.14612069726, 0.151903241873, 0.134757488966, 0.144952714443, 0.111982487142, 0.0819342434406, 0.0807502940297, 0.0652467235923, 0.0473678857088, 0.0589835122228, 0.0672110393643, 0.0644060745835, 0.0750630423427, 0.0807081386447, 0.0863459557295, 0.133538886905, 0.144723594189, 0.122456371784, 0.141762778163, 0.109014846385, 0.0978331044316, 0.117409199476, 0.103860750794, 0.126769438386, 0.147699713707, 0.182645305991, 0.160045564175, 0.180166110396, 0.136527240276, 0.131630972028, 0.15024498105], "min": [0, 0, 0, 0, 0, 0, 0, 0, 0, 0, 0, 0, 0, 0, 0, 0, 0, 0, 0, 0, 0, 0, 0, 0, 0, 0, 0, 0, 0, 0, 0, 0, 0, 0, 0, 0], "var": [0.11545445025, 0.0409430041909, 0.0277193095535, 0.0288184490055, 0.0375388748944, 0.0798228159547, 0.123785279691, 0.0620174892247, 0.0389550514519, 0.0270014349371, 0.020607791841, 0.0210051666945, 0.0220558885485, 0.0147132333368, 0.0133872851729, 0.0156725998968, 0.0176033843309, 0.0216771941632, 0.0230476912111, 0.0270133111626, 0.0877887606621, 0.127927273512, 0.0685829818249, 0.0538856349885, 0.031530238688, 0.0240744557232, 0.0433729477227, 0.0473480783403, 0.0403322428465, 0.0789107531309, 0.0896870791912, 0.0595288276672, 0.0640749782324, 0.0504615046084, 0.0487528778613, 0.118924580514], "median": [0.0478332452476, 0.0277366861701, 0.00831920839846, 0.00566682126373, 0.0158802643418, 0.101682260633, 0.150945186615, 0.068643450737, 0.00824527069926, 0.00584433181211, 0.00743212737143, 0.0153417568654, 0.0173542574048, 0.0150781087577, 0.0128308096901, 0.0108362399042, 0.00934334751219, 0.0143949110061, 0.0148434732109, 0.0388865619898, 0.14666813612, 0.184511750937, 0.0970933139324, 0.0295655615628, 0.0214575808495, 0.0115258321166, 0.0295344199985, 0.0369384437799, 0.044915407896, 0.029747441411, 0.0366931408644, 0.0322606116533, 0.0358481891453, 0.0398645922542, 0.0454711169004, 0.0493230000138]}}, "lowlevel": {"melbands_flatness_db": {"dmean": 0.0374972596765, "dmean2": 0.0544388182461, "max": 0.906761109829, "dvar": 0.00161180470604, "mean": 0.272276341915, "dvar2": 0.00316415401176, "min": 0.00104814686347, "var": 0.0122218905017, "median": 0.258894264698}, "melbands_crest": {"dmean": 3.27350020409, "dmean2": 5.35645723343, "max": 37.2197113037, "dvar": 8.35980033875, "mean": 14.8511295319, "dvar2": 21.8019657135, "min": 1.46754920483, "var": 23.1828308105, "median": 14.5180797577}, "spectral_entropy": {"dmean": 0.280397683382, "dmean2": 0.396142661572, "max": 9.82502174377, "dvar": 0.0956679433584, "mean": 7.2370929718, "dvar2": 0.175768733025, "min": 3.61980867386, "var": 0.621789097786, "median": 7.26296615601}, "melbands": {"dmean": [0.000729952880647, 0.000937942357268, 0.000926173874177, 0.000914700271096, 0.00026420672657, 0.000337875739206, 0.000341717968695, 0.000249091244768, 4.44974721177e-05, 2.91136730084e-05, 2.13697203435e-05, 1.6943888113e-05, 1.28211004267e-05, 2.39866840275e-05, 3.51522030542e-05, 4.88554214826e-05, 4.82952018501e-05, 2.65746257355e-05, 1.57408849191e-05, 1.10222017611e-05, 7.5157640822e-06, 8.48644504003e-06, 7.16145723345e-06, 4.52943822893e-06, 4.58683098259e-06, 2.99827934214e-06, 1.8433556761e-06, 1.91027834262e-06, 1.56736541612e-06, 1.28489637063e-06, 1.0887914641e-06, 1.20331515063e-06, 1.15719581117e-06, 9.58625946623e-07, 6.95114636073e-07, 7.42204576909e-07, 6.40268751795e-07, 5.59320710636e-07, 4.44638658337e-07, 4.24868346727e-07], "dmean2": [0.00116448302288, 0.00150803546421, 0.00149117107503, 0.00147653650492, 0.000408973690355, 0.000514442799613, 0.000512725266162, 0.000381105870474, 6.87559731887e-05, 4.32653032476e-05, 3.26228873746e-05, 2.44269576797e-05, 1.90150876733e-05, 3.99066339014e-05, 5.55150036234e-05, 7.79013498686e-05, 7.61351257097e-05, 4.15777394664e-05, 2.43635040533e-05, 1.72546460817e-05, 1.16236387839e-05, 1.29275467771e-05, 1.09569555207e-05, 7.10366157364e-06, 7.15336136636e-06, 4.69545966553e-06, 2.89527815767e-06, 3.01605837194e-06, 2.51385790762e-06, 1.99040664484e-06, 1.68249823673e-06, 1.86571321592e-06, 1.81412394795e-06, 1.4821446257e-06, 1.0851076695e-06, 1.14999511425e-06, 9.90474404716e-07, 8.73475187291e-07, 6.82047243572e-07, 6.62436775656e-07], "max": [0.0157989226282, 0.0174263659865, 0.0151608213782, 0.0173672102392, 0.0135030811653, 0.0205306690186, 0.0197035335004, 0.0172229129821, 0.00295789819211, 0.00246860925108, 0.00133266591001, 0.00193043029867, 0.000679513730574, 0.00164336839225, 0.00245378562249, 0.00518492795527, 0.00397365866229, 0.00230112322606, 0.000997698749416, 0.000884006149136, 0.000548157084268, 0.000742621195968, 0.000321537576383, 0.000157049435074, 0.000459136324935, 0.000261945649981, 5.0532638852e-05, 6.2509541749e-05, 4.27951017627e-05, 3.69131557818e-05, 3.01609688904e-05, 5.28599921381e-05, 5.74789301027e-05, 4.17640840169e-05, 3.69335721189e-05, 3.49932633981e-05, 2.48442247539e-05, 6.47250635666e-05, 6.41893566353e-05, 0.000201123562874], "dvar": [2.9960062875e-06, 2.73389059657e-06, 1.43235831729e-06, 2.23293204726e-06, 3.01949825143e-07, 1.15879288387e-06, 1.27897635593e-06, 7.91907893927e-07, 1.75058811891e-08, 7.70965957742e-09, 3.77725051237e-09, 2.1622605928e-09, 5.75001768421e-10, 4.7124042446e-09, 1.66338622876e-08, 6.006959552e-08, 3.56685667668e-08, 9.30088450701e-09, 2.60429544596e-09, 1.52631984829e-09, 3.87420012737e-10, 5.63383228958e-10, 2.83440021454e-10, 8.29441793027e-11, 1.98776120564e-10, 8.30643609451e-11, 1.50957839978e-11, 2.13841496594e-11, 1.55125391699e-11, 9.58931198336e-12, 7.05898794279e-12, 1.02469760108e-11, 1.065214323e-11, 7.33427034383e-12, 3.75674491515e-12, 4.14067087909e-12, 2.75107931227e-12, 2.99331653214e-12, 2.7230032465e-12, 1.42832707467e-11], "mean": [0.00105515227187, 0.00168913416564, 0.00168262759689, 0.00142220384441, 0.000487601180794, 0.000531658646651, 0.000488899182528, 0.000310923467623, 6.50852598483e-05, 4.99741072417e-05, 3.47256682289e-05, 3.02270764223e-05, 2.26724478125e-05, 3.31939154421e-05, 4.11369474023e-05, 4.97315595567e-05, 5.36996121809e-05, 3.15704273817e-05, 1.90767550521e-05, 1.32858494908e-05, 1.11636618385e-05, 1.31837086883e-05, 1.09952634375e-05, 6.49434468869e-06, 6.33267791272e-06, 3.92582751374e-06, 2.48771584666e-06, 2.27554528465e-06, 1.82122198567e-06, 1.64699247307e-06, 1.30700641421e-06, 1.3088039168e-06, 1.20255560887e-06, 1.00762292732e-06, 7.0750542136e-07, 7.69456278249e-07, 6.57539715121e-07, 5.63569869882e-07, 4.80588141727e-07, 4.23490774892e-07], "dvar2": [6.5543126766e-06, 6.96175766279e-06, 3.63066146747e-06, 6.05505510975e-06, 6.39017969206e-07, 2.57815054283e-06, 2.68248732027e-06, 1.74820615939e-06, 3.93762604745e-08, 1.688365181e-08, 7.91117393817e-09, 3.74518016599e-09, 1.23825616427e-09, 1.19907515028e-08, 3.70272701389e-08, 1.48852379311e-07, 8.20427530357e-08, 2.07032364585e-08, 5.57702195536e-09, 3.51209861194e-09, 8.33185798133e-10, 1.25154386854e-09, 5.97843774486e-10, 2.03068076243e-10, 4.8890774762e-10, 1.98241895122e-10, 3.6110160001e-11, 5.30112273522e-11, 3.86021388465e-11, 2.314381152e-11, 1.71966572926e-11, 2.53088210111e-11, 2.66815198408e-11, 1.87399609719e-11, 9.21249014574e-12, 9.69910696896e-12, 6.39817972908e-12, 6.41571431398e-12, 5.64366088585e-12, 3.86922507922e-11], "min": [1.0052477195e-24, 6.08749268025e-25, 1.8289215495e-24, 1.3942963658e-24, 1.77774656486e-24, 1.09166555812e-24, 1.56338643286e-24, 1.5557283684e-24, 2.27046612803e-24, 1.85878466793e-24, 2.60545196713e-24, 1.51809211044e-24, 2.02788055284e-24, 2.74348211516e-24, 3.11586193332e-24, 2.68118774163e-24, 2.87839586819e-24, 3.28995229383e-24, 3.42229002157e-24, 3.56185765951e-24, 2.89782196241e-24, 3.63305077848e-24, 4.42935064204e-24, 3.20533019845e-24, 3.72182090171e-24, 4.74146858678e-24, 5.59513007663e-24, 4.73378587043e-24, 4.2697743361e-24, 4.96354160907e-24, 5.63009160309e-24, 4.89525741469e-24, 6.41913907392e-24, 5.665926793e-24, 5.6522905434e-24, 5.68139083333e-24, 5.84034038927e-24, 6.12957939562e-24, 6.7835095873e-24, 5.95936648367e-24], "var": [3.85145267501e-06, 4.07818197345e-06, 2.92554182124e-06, 3.54557846549e-06, 6.08568143434e-07, 2.02197315957e-06, 2.09188033296e-06, 1.20466506814e-06, 2.36460486747e-08, 1.34667805796e-08, 7.57809548446e-09, 5.05053954214e-09, 1.2380750869e-09, 5.82358916645e-09, 2.12649169384e-08, 6.35351895539e-08, 4.26564277234e-08, 1.12958860043e-08, 3.74133968251e-09, 2.05531924813e-09, 7.49902306918e-10, 1.08908559948e-09, 6.02922767268e-10, 1.21986157287e-10, 2.3153529094e-10, 9.84670817106e-11, 1.9600251977e-11, 2.30139327734e-11, 1.54137206471e-11, 1.09383058167e-11, 7.66642652139e-12, 1.02910787531e-11, 1.02126779256e-11, 6.82827405729e-12, 3.73705190057e-12, 4.38377329229e-12, 3.28933798602e-12, 4.84477735707e-12, 5.44182580942e-12, 1.21406123002e-11], "median": [0.000460729701445, 0.00100668054074, 0.00116106891073, 0.000732251210138, 0.000248131866101, 0.000153624248924, 0.000113478119601, 5.05932621309e-05, 2.46518939093e-05, 1.98743546207e-05, 1.37211336551e-05, 1.1489049939e-05, 1.10491164378e-05, 1.43571651279e-05, 1.16212595458e-05, 8.48214585858e-06, 1.18746811495e-05, 8.63297009346e-06, 4.03149351769e-06, 3.00235888062e-06, 3.62283708455e-06, 3.68380960936e-06, 3.59567297892e-06, 2.69307997769e-06, 2.10396547118e-06, 1.21081257021e-06, 8.77111801856e-07, 6.21632750608e-07, 4.95438939652e-07, 4.17111237994e-07, 2.92140640568e-07, 2.53826954122e-07, 1.56665805662e-07, 1.26666805045e-07, 9.98842679678e-08, 1.14023407605e-07, 8.13246288089e-08, 6.03954788403e-08, 5.42548690419e-08, 4.83179860566e-08]}, "silence_rate_60dB": {"dmean": 0.0366579368711, "dmean2": 0.0733333304524, "max": 1, "dvar": 0.0353132784367, "mean": 0.103522129357, "dvar2": 0.0831895768642, "min": 0, "var": 0.0928032696247, "median": 0}, "spectral_energyband_middle_high": {"dmean": 0.00146477960516, "dmean2": 0.00208878610283, "max": 0.0637157931924, "dvar": 1.21451412269e-05, "mean": 0.00265713012777, "dvar2": 2.46036306635e-05, "min": 1.10548246003e-21, "var": 2.46558684012e-05, "median": 0.00121936923824}, "erbbands_skewness": {"dmean": 0.456306636333, "dmean2": 0.693432748318, "max": 6.86104440689, "dvar": 0.27701690793, "mean": 0.570713758469, "dvar2": 0.597615540028, "min": -4.8656539917, "var": 0.89839309454, "median": 0.556105732918}, "dynamic_complexity": 3.96167397499, "dissonance": {"dmean": 0.0184958837926, "dmean2": 0.0292508136481, "max": 0.500000119209, "dvar": 0.000442307122285, "mean": 0.459353923798, "dvar2": 0.000996903865598, "min": 0.187398374081, "var": 0.0012953778496, "median": 0.469182610512}, "spectral_skewness": {"dmean": 0.415018618107, "dmean2": 0.651482224464, "max": 20.6502170563, "dvar": 0.392829090357, "mean": 2.14284896851, "dvar2": 0.888269364834, "min": -0.14605435729, "var": 2.19886684418, "median": 1.84321546555}, "spectral_kurtosis": {"dmean": 4.78962564468, "dmean2": 7.64336633682, "max": 606.678222656, "dvar": 229.699874878, "mean": 11.100312233, "dvar2": 545.527282715, "min": -1.36287641525, "var": 788.944213867, "median": 5.63275194168}, "gfcc": {"cov": [[41781.5, 728.852172852, -3826.73461914, 777.491699219, -2064.6237793, 82.8940811157, -1614.10913086, -90.3926544189, -1114.57336426, 93.0416412354, -576.139648438, 144.586334229, -705.49432373], [728.852172852, 2438.33862305, -468.217132568, -258.073516846, 345.860778809, -314.028839111, 85.6826171875, -105.807411194, 147.999099731, -145.855377197, 154.414245605, -134.42225647, 134.918121338], [-3826.73461914, -468.217132568, 1271.89282227, 134.698822021, 180.513977051, 219.436386108, 228.358032227, 67.4900131226, 37.0912475586, 23.3750858307, -30.8058280945, 22.7012786865, 33.8000183105], [777.491699219, -258.073516846, 134.698822021, 421.669921875, -53.2183799744, 102.619926453, 18.1422615051, 5.2898607254, -43.7594070435, -42.3881912231, -39.6302947998, 27.0604972839, 5.46059179306], [-2064.6237793, 345.860778809, 180.513977051, -53.2183799744, 385.897644043, -61.0902023315, 69.4006500244, 26.8404502869, 125.735939026, 19.4405021667, 81.4425735474, -24.445690155, 46.1807937622], [82.8940811157, -314.028839111, 219.436386108, 102.619926453, -61.0902023315, 320.328063965, 133.349365234, 12.7739257812, -54.1117668152, 5.08837842941, -61.4544029236, 14.1926689148, -14.4651260376], [-1614.10913086, 85.6826171875, 228.358032227, 18.1422615051, 69.4006500244, 133.349365234, 288.455657959, 11.616402626, 6.42648649216, -62.7228431702, -9.02851486206, -3.42878961563, 58.5157203674], [-90.3926544189, -105.807411194, 67.4900131226, 5.2898607254, 26.8404502869, 12.7739257812, 11.616402626, 117.537223816, 35.2867202759, 30.2370185852, -2.61280012131, 19.4400863647, -9.16906166077], [-1114.57336426, 147.999099731, 37.0912475586, -43.7594070435, 125.735939026, -54.1117668152, 6.42648649216, 35.2867202759, 145.929504395, 48.2916717529, 57.9034957886, -17.7810268402, 21.2176971436], [93.0416412354, -145.855377197, 23.3750858307, -42.3881912231, 19.4405021667, 5.08837842941, -62.7228431702, 30.2370185852, 48.2916717529, 128.195373535, 32.9736557007, 4.7643032074, -34.2513847351], [-576.139648438, 154.414245605, -30.8058280945, -39.6302947998, 81.4425735474, -61.4544029236, -9.02851486206, -2.61280012131, 57.9034957886, 32.9736557007, 112.828094482, 12.341345787, 10.0941181183], [144.586334229, -134.42225647, 22.7012786865, 27.0604972839, -24.445690155, 14.1926689148, -3.42878961563, 19.4400863647, -17.7810268402, 4.7643032074, 12.341345787, 77.4340286255, 8.55222511292], [-705.49432373, 134.918121338, 33.8000183105, 5.46059179306, 46.1807937622, -14.4651260376, 58.5157203674, -9.16906166077, 21.2176971436, -34.2513847351, 10.0941181183, 8.55222511292, 78.7765350342]], "mean": [-77.1754150391, 110.819816589, -84.765296936, 29.5201435089, -36.414806366, 4.65226507187, -39.7548065186, -0.813948988914, -24.7570533752, 1.62346625328, -13.23878479, -1.2251970768, -15.8292627335], "icov": [[0.000115405389806, -0.000254558923189, 0.00022065815574, -0.000294983386993, 0.000269946147455, -0.000210004756809, 0.000403914542403, -0.000286190770566, 0.000609503884334, -0.000479709269712, 0.000434773857705, -0.000357887067366, 0.000475529493997], [-0.000254558923189, 0.00136778445449, -0.000203673858778, 0.000888634065632, -0.00106058910023, 0.000692195550073, -0.00104952848051, 0.000851487799082, -0.00151247472968, 0.00197518779896, -0.00169082696084, 0.00186409626622, -0.00168850889895], [0.00022065815574, -0.000203673858778, 0.00165427627508, -0.000781576673035, -0.000271794502623, -0.000678564189002, 3.21887891914e-05, -0.000607974478044, 0.00110606790986, -0.00123938953038, 0.00120923190843, -0.000724197423551, 0.000696299830452], [-0.000294983386993, 0.000888634065632, -0.000781576673035, 0.00373127870262, -0.000643467879854, -0.000491991988383, -0.000158775132149, 0.000557912397198, -0.00174883380532, 0.00302717648447, -0.00132419308648, 0.000572000397369, -0.00172244466376], [0.000269946147455, -0.00106058910023, -0.000271794502623, -0.000643467879854, 0.00541991088539, -5.12975748279e-05, 0.000480273738503, -0.00125789758749, -0.000775927386712, -0.00126767158508, -0.000670027104206, -2.64148693532e-05, 0.000451867468655], [-0.000210004756809, 0.000692195550073, -0.000678564189002, -0.000491991988383, -5.12975748279e-05, 0.00664837053046, -0.00449625961483, 0.00116664613597, 0.000141441851156, -0.00200022268109, 0.00137135980185, 7.61444025557e-05, 0.000893758959137], [0.000403914542403, -0.00104952848051, 3.21887891914e-05, -0.000158775132149, 0.000480273738503, -0.00449625961483, 0.00897217914462, -0.00244137947448, 0.00177228963003, 0.00231848331168, -7.7734264778e-05, -3.55776319338e-05, -0.00209938059561], [-0.000286190770566, 0.000851487799082, -0.000607974478044, 0.000557912397198, -0.00125789758749, 0.00116664613597, -0.00244137947448, 0.012336447835, -0.0055796825327, -0.000322128878906, 0.002225428354, -0.00364356627688, 0.00187500694301], [0.000609503884334, -0.00151247472968, 0.00110606790986, -0.00174883380532, -0.000775927386712, 0.000141441851156, 0.00177228963003, -0.0055796825327, 0.0180808082223, -0.0077104466036, -0.00162881438155, 0.00285081006587, -0.00211265892722], [-0.000479709269712, 0.00197518779896, -0.00123938953038, 0.00302717648447, -0.00126767158508, -0.00200022268109, 0.00231848331168, -0.000322128878906, -0.0077104466036, 0.0179716236889, -0.00605882052332, 0.00167671020608, 0.00174414168578], [0.000434773857705, -0.00169082696084, 0.00120923190843, -0.00132419308648, -0.000670027104206, 0.00137135980185, -7.7734264778e-05, 0.002225428354, -0.00162881438155, -0.00605882052332, 0.0176752246916, -0.007892976515, 0.00372025696561], [-0.000357887067366, 0.00186409626622, -0.000724197423551, 0.000572000397369, -2.64148693532e-05, 7.61444025557e-05, -3.55776319338e-05, -0.00364356627688, 0.00285081006587, 0.00167671020608, -0.007892976515, 0.0203855149448, -0.00773536227643], [0.000475529493997, -0.00168850889895, 0.000696299830452, -0.00172244466376, 0.000451867468655, 0.000893758959137, -0.00209938059561, 0.00187500694301, -0.00211265892722, 0.00174414168578, 0.00372025696561, -0.00773536227643, 0.0230326298624]]}, "spectral_complexity": {"dmean": 3.74720311165, "dmean2": 5.51380968094, "max": 50, "dvar": 24.892665863, "mean": 13.3460254669, "dvar2": 51.4440498352, "min": 0, "var": 78.8490982056, "median": 13}, "spectral_flux": {"dmean": 0.0282186698169, "dmean2": 0.0442357249558, "max": 0.343416661024, "dvar": 0.00103190878872, "mean": 0.0783260166645, "dvar2": 0.00235197436996, "min": 6.45293540824e-11, "var": 0.00285646389239, "median": 0.069230556488}, "spectral_energyband_low": {"dmean": 0.00437269313261, "dmean2": 0.00691408058628, "max": 0.0816863179207, "dvar": 6.10504139331e-05, "mean": 0.00885297078639, "dvar2": 0.000129484425997, "min": 1.43810384318e-23, "var": 0.000103008693259, "median": 0.00589015381411}, "spectral_decrease": {"dmean": 2.63668487044e-09, "dmean2": 3.96139032688e-09, "max": 3.02948756178e-28, "dvar": 1.12111138501e-17, "mean": -6.46836273432e-09, "dvar2": 2.27396169012e-17, "min": -3.38034134018e-08, "var": 3.01809353461e-17, "median": -5.19173148916e-09}, "barkbands_spread": {"dmean": 6.01174879074, "dmean2": 9.50087547302, "max": 115.332420349, "dvar": 87.1855621338, "mean": 13.8924837112, "dvar2": 203.367614746, "min": 0.161022007465, "var": 156.217590332, "median": 10.5873756409}, "spectral_rms": {"dmean": 0.000984984333627, "dmean2": 0.00144022027962, "max": 0.0114127080888, "dvar": 1.20434594919e-06, "mean": 0.0044713690877, "dvar2": 2.27617215387e-06, "min": 3.13704162473e-12, "var": 4.90717548018e-06, "median": 0.00445761345327}, "spectral_centroid": {"dmean": 259.125457764, "dmean2": 401.500244141, "max": 11815.8564453, "dvar": 168623.875, "mean": 1000.74023438, "dvar2": 330801, "min": 92.1561660767, "var": 2526520.75, "median": 662.431335449}, "barkbands_skewness": {"dmean": 0.814265906811, "dmean2": 1.25799739361, "max": 23.7155284882, "dvar": 1.09124100208, "mean": 2.5729367733, "dvar2": 2.52903866768, "min": -2.88045406342, "var": 3.50770258904, "median": 2.46239900589}, "spectral_rolloff": {"dmean": 406.026916504, "dmean2": 705.038208008, "max": 19530.6152344, "dvar": 1196962.375, "mean": 1144.67797852, "dvar2": 2762578.5, "min": 43.06640625, "var": 8609564, "median": 409.130859375}, "erbbands_spread": {"dmean": 10.152803421, "dmean2": 15.2953948975, "max": 213.547485352, "dvar": 172.138061523, "mean": 43.4543762207, "dvar2": 372.756103516, "min": 1.11982321739, "var": 461.980407715, "median": 41.5943908691}, "barkbands": {"dmean": [0.000151741216541, 0.00273331138305, 0.00184088258538, 0.00212907302193, 0.0035636224784, 0.00161712849513, 0.00177278462797, 0.000550217169803, 0.000197751898668, 0.000142457749462, 8.61665394041e-05, 0.000236651059822, 0.000461432267912, 0.000464929180453, 0.00021636011661, 0.000131819731905, 0.000139293915709, 0.000103140555439, 8.69665454957e-05, 6.02546278969e-05, 4.88828518428e-05, 5.85904417676e-05, 4.59341681562e-05, 4.8489200708e-05, 4.52168824268e-05, 3.06598049065e-05, 6.60723753754e-06], "dmean2": [0.000264458736638, 0.00447304593399, 0.00296207237989, 0.00349029386416, 0.00569363497198, 0.00245791766793, 0.00272446661256, 0.000856707512867, 0.00029152049683, 0.000212440572795, 0.00012844610319, 0.000386509898817, 0.000738626229577, 0.000739186769351, 0.000341224309523, 0.000208368117455, 0.000210688158404, 0.000160828174558, 0.000135207912535, 9.49508539634e-05, 7.41520852898e-05, 9.01512248674e-05, 7.02349570929e-05, 7.3606177466e-05, 7.17723087291e-05, 4.94408341183e-05, 1.07524792838e-05], "max": [0.0142972283065, 0.064721852541, 0.0317203775048, 0.0458241067827, 0.0669698491693, 0.0857809260488, 0.114038743079, 0.0370419993997, 0.0155553007498, 0.011125318706, 0.00696721440181, 0.0163311101496, 0.0442330278456, 0.0328799784184, 0.0128653626889, 0.00949054025114, 0.0104672200978, 0.00478614540771, 0.00723587814718, 0.00159437325783, 0.00113247183617, 0.00274353497662, 0.00177612598054, 0.004072482232, 0.0151614025235, 0.00144277617801, 0.000258224783465], "dvar": [1.95615214693e-07, 3.98712036258e-05, 7.80916980148e-06, 8.31960187497e-06, 3.20588587783e-05, 2.45260671363e-05, 3.66065105482e-05, 4.52846643384e-06, 2.69962328048e-07, 1.54489654847e-07, 3.24786739725e-08, 4.65472027145e-07, 4.86787348564e-06, 3.12938004754e-06, 5.01564670685e-07, 1.86105609146e-07, 1.32900083827e-07, 4.90032405764e-08, 6.52022507097e-08, 2.00279188789e-08, 1.27992834109e-08, 2.45727829196e-08, 1.56332511381e-08, 1.77203407503e-08, 1.30112184138e-07, 6.16370909867e-09, 3.10929088032e-10], "mean": [0.000159999137395, 0.00413541682065, 0.00324963382445, 0.00330618931912, 0.00570666836575, 0.00256068282761, 0.0024016215466, 0.000616679666564, 0.000346525252098, 0.000244238821324, 0.000142648772453, 0.000329821865307, 0.000472266052384, 0.000534212274943, 0.000266485847533, 0.000173321983311, 0.000222859103815, 0.000150485764607, 0.000121356606542, 7.55983928684e-05, 6.25088141533e-05, 6.44826432108e-05, 4.79013106087e-05, 5.05803145643e-05, 4.50281004305e-05, 2.9533957786e-05, 6.08136951996e-06], "dvar2": [5.05399327722e-07, 8.66579284775e-05, 2.09523568628e-05, 2.20201345655e-05, 8.52031662362e-05, 5.40566397831e-05, 7.80447517172e-05, 1.03466600194e-05, 5.89754165503e-07, 2.98029874557e-07, 7.58864402428e-08, 1.11204417408e-06, 1.21422417578e-05, 7.18990850146e-06, 1.07112737169e-06, 4.51094678056e-07, 2.86050294562e-07, 1.17781944198e-07, 1.5346418536e-07, 4.93642247079e-08, 3.03975760119e-08, 6.06698904448e-08, 3.83393761183e-08, 3.88051262235e-08, 3.63325000308e-07, 1.48905519026e-08, 7.90032095299e-10], "min": [1.06674208947e-25, 2.9049767336e-24, 6.19856725393e-25, 1.48574161497e-24, 5.75914411959e-24, 4.42822967069e-24, 7.56282054241e-24, 9.55623891774e-24, 1.27947779909e-23, 1.09929928621e-23, 1.11135734069e-23, 2.31444563626e-23, 2.48250929667e-23, 3.54327888078e-23, 3.45718512594e-23, 6.03417629323e-23, 6.81124783e-23, 6.18931557212e-23, 1.0886038154e-22, 1.68310706406e-22, 2.45924648278e-22, 3.25198126302e-22, 3.604369847e-22, 6.0561187433e-22, 7.92380512279e-22, 1.29445425396e-21, 1.8592465523e-21], "var": [1.63573645295e-07, 5.26384428667e-05, 1.45786534631e-05, 1.48631597767e-05, 5.43275091331e-05, 4.36261507275e-05, 5.83695873502e-05, 5.31860587216e-06, 5.30047316261e-07, 3.30937638182e-07, 5.83494603745e-08, 5.87850763623e-07, 5.12096767125e-06, 3.68960559172e-06, 7.12213704901e-07, 2.46940118132e-07, 2.80509851791e-07, 7.53687388055e-08, 8.30464799151e-08, 2.20568079357e-08, 1.50223442574e-08, 2.48169804706e-08, 1.56253072703e-08, 2.66438373586e-08, 1.02011838976e-07, 6.5986252018e-09, 2.6071356185e-10], "median": [5.60939879506e-05, 0.0018524567131, 0.00188760389574, 0.00194390164688, 0.00303970603272, 0.000766952638514, 0.000451647938462, 0.000110884000605, 0.000145010853885, 8.64524045028e-05, 6.35951801087e-05, 0.000143638782902, 7.61705377954e-05, 0.000126132945297, 6.39985009911e-05, 4.71434905194e-05, 6.61485610181e-05, 5.86888054386e-05, 3.90035638702e-05, 2.3290347599e-05, 1.66812351381e-05, 1.09810498543e-05, 7.24780875316e-06, 6.21560866421e-06, 4.88087971462e-06, 3.07473646899e-06, 8.25094730317e-07]}, "melbands_kurtosis": {"dmean": 15.315158844, "dmean2": 24.2455387115, "max": 630.139953613, "dvar": 981.819030762, "mean": 30.3766689301, "dvar2": 2233.60986328, "min": -1.80408990383, "var": 2027.63830566, "median": 19.4877281189}, "erbbands_crest": {"dmean": 2.5665743351, "dmean2": 4.06686830521, "max": 29.548330307, "dvar": 6.9791674614, "mean": 8.6656961441, "dvar2": 16.4448795319, "min": 2.38619279861, "var": 20.5373973846, "median": 7.51200437546}, "melbands_skewness": {"dmean": 0.987453937531, "dmean2": 1.53040647507, "max": 20.9556770325, "dvar": 1.47738552094, "mean": 3.75394868851, "dvar2": 3.32514023781, "min": -2.28313136101, "var": 4.45396709442, "median": 3.57279253006}, "spectral_energyband_middle_low": {"dmean": 0.00717296591029, "dmean2": 0.0109022390097, "max": 0.126719921827, "dvar": 0.000103251768451, "mean": 0.0150051843375, "dvar2": 0.00022320295102, "min": 1.66647207016e-22, "var": 0.000255875347648, "median": 0.0101836314425}, "spectral_contrast_coeffs": {"dmean": [0.0551806762815, 0.0492874123156, 0.0333952642977, 0.0327926427126, 0.0242026336491, 0.018788067624], "dmean2": [0.0883032754064, 0.0748564898968, 0.0525921992958, 0.0515859276056, 0.0372256338596, 0.0286546573043], "max": [-0.313354045153, -0.347664445639, -0.536242544651, -0.477620333433, -0.569936275482, -0.655951082706], "dvar": [0.0022821452003, 0.00232126982883, 0.000870098650921, 0.000910003727768, 0.000554785656277, 0.000334208249114], "mean": [-0.624237477779, -0.729531168938, -0.803050577641, -0.794310152531, -0.79777610302, -0.789497494698], "dvar2": [0.00570127833635, 0.00476227886975, 0.00203539826907, 0.00207245233469, 0.00116331200115, 0.000736036745366], "min": [-0.980591535568, -0.984926998615, -0.994435608387, -0.977557182312, -0.975743889809, -0.964683532715], "var": [0.0103137744591, 0.0110166221857, 0.00338201550767, 0.00352471205406, 0.00318400212564, 0.00268646026962], "median": [-0.622249245644, -0.744437992573, -0.804158866405, -0.794054985046, -0.800902247429, -0.785577297211]}, "spectral_contrast_valleys": {"dmean": [0.421709984541, 0.452481299639, 0.424016535282, 0.449154824018, 0.433350265026, 0.55781519413], "dmean2": [0.67583489418, 0.678302645683, 0.616981744766, 0.633415520191, 0.574824810028, 0.679930984974], "max": [-5.18519639969, -4.97844266891, -5.84137392044, -5.48781681061, -5.84514808655, -7.95280504227], "dvar": [0.208653226495, 0.264852046967, 0.264284998178, 0.294844835997, 0.296624422073, 0.388131469488], "mean": [-7.57776165009, -7.58931922913, -8.39486312866, -8.64471149445, -8.79454135895, -11.3833770752], "dvar2": [0.383686512709, 0.484235972166, 0.44122454524, 0.489162653685, 0.485716730356, 0.670590102673], "min": [-28.0210208893, -28.112991333, -27.8487186432, -27.7564315796, -27.4963645935, -27.4103374481], "var": [10.0541152954, 10.3226070404, 9.79983043671, 9.67605113983, 9.74881267548, 8.06417942047], "median": [-6.91047811508, -6.92974090576, -7.65376091003, -7.98697662354, -8.10112953186, -10.9006977081]}, "silence_rate_20dB": {"dmean": 0, "dmean2": 0, "max": 1, "dvar": 0, "mean": 1, "dvar2": 0, "min": 1, "var": 0, "median": 1}, "silence_rate_30dB": {"dmean": 0.00428469432518, "dmean2": 0.0085714282468, "max": 1, "dvar": 0.00426627369598, "mean": 0.99714422226, "dvar2": 0.0113543858752, "min": 0, "var": 0.00284790084697, "median": 1}, "spectral_strongpeak": {"dmean": 0.377086192369, "dmean2": 0.609018087387, "max": 14.174656868, "dvar": 0.514774560928, "mean": 0.613150238991, "dvar2": 1.18169605732, "min": 0, "var": 0.879885494709, "median": 0.30997556448}, "spectral_spread": {"dmean": 881673.375, "dmean2": 1222389.5, "max": 42938760, "dvar": 2013563846660.0, "mean": 5137335.5, "dvar2": 3440874881020.0, "min": 170232.84375, "var": 32354861056000.0, "median": 4121707}, "barkbands_flatness_db": {"dmean": 0.0318002179265, "dmean2": 0.0464346706867, "max": 0.724839985371, "dvar": 0.00107605743688, "mean": 0.17760039866, "dvar2": 0.00209871772677, "min": 0.0223598405719, "var": 0.00746966758743, "median": 0.164839953184}, "pitch_salience": {"dmean": 0.0776312723756, "dmean2": 0.125351071358, "max": 0.984606266022, "dvar": 0.00535004632547, "mean": 0.592527151108, "dvar2": 0.0131214633584, "min": 0.024866187945, "var": 0.0152435535565, "median": 0.612696945667}, "erbbands_kurtosis": {"dmean": 1.2817735672, "dmean2": 2.00486660004, "max": 50.7643585205, "dvar": 6.45413923264, "mean": 0.757190227509, "dvar2": 15.1938095093, "min": -1.89394509792, "var": 14.8719406128, "median": -0.363691210747}, "average_loudness": 0.915738046169, "barkbands_crest": {"dmean": 2.83333206177, "dmean2": 4.65573549271, "max": 25.4497909546, "dvar": 6.87373399734, "mean": 11.24132061, "dvar2": 17.097284317, "min": 3.29641485214, "var": 16.4091873169, "median": 10.4619503021}, "hfc": {"dmean": 6.07925701141, "dmean2": 8.8124628067, "max": 204.952713013, "dvar": 103.932998657, "mean": 12.2346820831, "dvar2": 233.032028198, "min": 1.08517864266e-16, "var": 207.179763794, "median": 7.10929346085}, "barkbands_kurtosis": {"dmean": 8.18980884552, "dmean2": 13.2300300598, "max": 808.549804688, "dvar": 461.243896484, "mean": 14.2028169632, "dvar2": 1208.14587402, "min": -1.94290113449, "var": 996.479919434, "median": 7.7430639267}, "erbbands": {"dmean": [0.080131791532, 0.657030045986, 1.96698403358, 3.95627069473, 12.9545021057, 9.86095809937, 7.48396539688, 15.6384658813, 21.4451179504, 25.5741901398, 6.93681049347, 4.68139505386, 4.24493980408, 3.98538756371, 3.95746779442, 10.3084611893, 18.705280304, 24.5627250671, 14.2633695602, 10.1716184616, 6.4783411026, 7.84147453308, 5.64064216614, 5.34517431259, 3.34311103821, 2.73785591125, 2.28094315529, 1.95769906044, 2.13413500786, 1.83225989342, 1.27236187458, 1.08066487312, 0.757426559925, 0.498464882374, 0.335229694843, 0.131655663252, 0.0590390488505, 0.0130452401936, 0.00112200761214, 3.72664217139e-05], "dmean2": [0.129264757037, 1.08019506931, 3.18373060226, 6.35702991486, 20.7305088043, 15.8852329254, 11.4282684326, 24.055109024, 32.32371521, 39.1774368286, 10.5670375824, 7.04106330872, 6.41527223587, 5.69725561142, 5.93410968781, 16.5868930817, 28.9848880768, 38.6720848083, 21.5971183777, 15.6422510147, 9.86947345734, 11.7894306183, 8.51568698883, 8.23168373108, 5.19827222824, 4.24113464355, 3.53879117966, 2.98388695717, 3.28316879272, 2.82427167892, 1.95305454731, 1.65628862381, 1.15422308445, 0.770822286606, 0.54329264164, 0.205629810691, 0.0969919413328, 0.0214307773858, 0.00184171786532, 5.78863764531e-05], "max": [2.06550979614, 16.5791473389, 35.5933303833, 79.2455749512, 215.823471069, 209.866714478, 499.77645874, 1026.73278809, 1369.91271973, 1973.58764648, 451.570983887, 391.88885498, 267.164123535, 450.594818115, 268.49508667, 794.067260742, 2371.29418945, 1982.38354492, 1147.19909668, 586.607788086, 459.628540039, 611.03338623, 248.445922852, 474.461181641, 232.51385498, 80.3923034668, 57.4657783508, 52.0002441406, 98.1999664307, 74.8742904663, 64.2636032104, 40.272026062, 94.6390609741, 174.324172974, 126.454933167, 12.0955734253, 2.45614910126, 0.526674151421, 0.041749201715, 0.00118495186325], "dvar": [0.0399715602398, 2.2216258049, 10.0061645508, 27.7003211975, 415.580535889, 247.368804932, 356.283630371, 2694.88842773, 5304.47119141, 8776.72753906, 454.273925781, 182.122955322, 144.97517395, 113.100440979, 71.0044021606, 939.877258301, 8435.81933594, 9343.27734375, 2364.91699219, 1036.8848877, 309.44519043, 440.748962402, 139.769699097, 232.214401245, 72.6710662842, 39.3403892517, 29.2737998962, 21.9778614044, 32.6754226685, 25.3882446289, 11.839723587, 7.63483190536, 5.64453887939, 10.6361970901, 10.2807216644, 0.161219894886, 0.0229326114058, 0.00119556311984, 8.97518930287e-06, 6.7167045259e-09], "mean": [0.104808524251, 1.00357937813, 3.56145167351, 7.43553113937, 19.2672805786, 16.9679088593, 12.803647995, 24.214214325, 30.8625526428, 32.5098724365, 9.68197917938, 8.37133312225, 7.08922672272, 7.33292913437, 7.2764339447, 14.2483692169, 20.8275737762, 28.1693019867, 18.1775493622, 12.6861543655, 9.79089164734, 12.7408571243, 8.88901805878, 7.69036531448, 4.6241569519, 3.45954632759, 2.81266355515, 2.46968460083, 2.30905938148, 1.94617486, 1.31647896767, 1.1337428093, 0.790482521057, 0.515855073929, 0.315699249506, 0.133018508554, 0.0546040050685, 0.011917648837, 0.00101864524186, 5.57597450097e-05], "dvar2": [0.0956245586276, 5.15191078186, 26.761680603, 69.9013290405, 1053.88049316, 686.728881836, 737.060180664, 6166.26757812, 11164.9902344, 19439.0625, 1009.34417725, 395.850036621, 300.825958252, 192.879745483, 153.879211426, 2191.80786133, 20470.2265625, 21429.09375, 5065.05908203, 2199.33105469, 667.28527832, 963.28326416, 305.510375977, 565.624938965, 176.224334717, 95.1457214355, 70.883605957, 52.5461616516, 80.7374954224, 64.074508667, 28.2995586395, 17.5923538208, 11.5444917679, 27.8898525238, 29.8691234589, 0.393964916468, 0.0564624294639, 0.0030232060235, 2.29107226914e-05, 1.66390705658e-08], "min": [7.13949285266e-23, 4.68144442872e-22, 1.59479725378e-21, 8.20163067499e-21, 6.28076542745e-21, 2.14821406175e-20, 4.98753623282e-20, 6.04272174953e-20, 1.04152908791e-19, 1.56515083002e-19, 3.06640014826e-19, 3.26794942535e-19, 5.24640751078e-19, 5.11751829568e-19, 7.15503009751e-19, 1.06979527115e-18, 1.53879737269e-18, 1.70766505397e-18, 2.5974844354e-18, 2.50775146896e-18, 3.46664818635e-18, 4.65670755696e-18, 4.2948143846e-18, 6.20105458777e-18, 8.8767911363e-18, 7.7258644397e-18, 8.72043993846e-18, 9.98244210207e-18, 1.20844271526e-17, 1.19232377753e-17, 1.07025590736e-17, 1.10391884957e-17, 9.52120784687e-18, 8.0440617962e-18, 5.80880636848e-18, 4.18542429809e-18, 2.33940284351e-18, 1.00256885521e-18, 2.45854906006e-19, 2.65305999949e-20], "var": [0.0442883744836, 2.80336236954, 17.202999115, 57.4251365662, 675.752563477, 479.89276123, 673.134216309, 4452.92333984, 8545.44042969, 13364.2548828, 625.66619873, 323.315734863, 300.950897217, 275.153839111, 139.40007019, 1199.43322754, 9686.625, 11410.5371094, 3239.5871582, 1539.7401123, 555.069702148, 908.563659668, 276.760009766, 285.155944824, 90.573135376, 45.5467071533, 31.9825572968, 25.1548175812, 32.7410087585, 24.333782196, 12.3421325684, 9.00865364075, 10.2736940384, 11.3446578979, 6.45670986176, 0.187355443835, 0.0219924934208, 0.00102036644239, 7.36038828109e-06, 6.73581590505e-09], "median": [0.0453421995044, 0.476583302021, 2.0759267807, 5.19808292389, 9.48465251923, 9.24334812164, 5.48979377747, 6.95205545425, 7.36599349976, 5.41098165512, 3.00874996185, 3.43386769295, 2.91896224022, 2.9225332737, 3.78131771088, 5.9971780777, 4.29773330688, 6.41323804855, 5.13995075226, 2.85347986221, 3.21630501747, 3.93008375168, 3.46922969818, 2.72260141373, 1.61490643024, 1.05566096306, 0.801611304283, 0.610087394714, 0.421944379807, 0.251368224621, 0.196671262383, 0.150282531977, 0.09270401299, 0.0599938631058, 0.0306484811008, 0.014912776649, 0.00505231879652, 0.00142344634514, 0.000138104296639, 3.14522840199e-05]}, "spectral_energy": {"dmean": 0.010374257341, "dmean2": 0.0155405607074, "max": 0.133506149054, "dvar": 0.000173361928319, "mean": 0.0255228038877, "dvar2": 0.000350916030584, "min": 1.00870555954e-20, "var": 0.00047008873662, "median": 0.0203670784831}, "zerocrossingrate": {"dmean": 0.0116700492799, "dmean2": 0.0142974564806, "max": 0.52783203125, "dvar": 0.000374906841898, "mean": 0.0512235164642, "dvar2": 0.000571057607885, "min": 0.001953125, "var": 0.00575377326459, "median": 0.0341796875}, "spectral_energyband_high": {"dmean": 0.000303336069919, "dmean2": 0.000452464359114, "max": 0.0195103492588, "dvar": 5.8046742879e-07, "mean": 0.000349372217897, "dvar2": 