{"tonal": {"hpcp": {"dvar": [0.0191737432033, 0.013481576927, 0.00424121459946, 0.00628764042631, 0.00929186679423, 0.0223667956889, 0.033936150372, 0.0189331192523, 0.0073040034622, 0.00304028508253, 0.00440159533173, 0.0154408477247, 0.0285609345883, 0.0160404127091, 0.0101618506014, 0.0096456957981, 0.0064447009936, 0.00984502304345, 0.0220354963094, 0.0165266096592, 0.024394871667, 0.0304572824389, 0.0172818563879, 0.00806497596204, 0.00746179604903, 0.010020153597, 0.0180360991508, 0.0283272787929, 0.0192753821611, 0.0058812238276, 0.00513439672068, 0.00562261464074, 0.00551602477208, 0.0159127470106, 0.0120046678931, 0.0078034508042], "var": [0.0918431207538, 0.0436767786741, 0.00755152339116, 0.0278788786381, 0.0238078404218, 0.0637473985553, 0.125556096435, 0.0537400841713, 0.0055028568022, 0.00200256495737, 0.00493324827403, 0.0539713092148, 0.151646956801, 0.0536322556436, 0.0201849099249, 0.0255446098745, 0.00873724464327, 0.0157621037215, 0.0843327790499, 0.0513423755765, 0.0633102431893, 0.156113043427, 0.0684402137995, 0.00799665227532, 0.0224390886724, 0.0229254551232, 0.0530315227807, 0.126223191619, 0.0797910839319, 0.00612083636224, 0.00338294240646, 0.00388249522075, 0.00910407677293, 0.0450363382697, 0.0300664696842, 0.0266069509089], "median": [0.00317046721466, 0.00220717606135, 0.00399187905714, 0.00377561408095, 0.0132420761511, 0.098445519805, 0.133701115847, 0.0491615869105, 0.0022056857124, 0.000535747036338, 0.00143017969094, 0.0544749312103, 0.113905876875, 0.0730860307813, 0.00344944722019, 0.00033721679938, 0.000402777572162, 0.00190245965496, 0.00340371602215, 0.00802241172642, 0.0223364066333, 0.00979734119028, 0.0101947793737, 0.00520780356601, 0.00315696862526, 0.00404742266983, 0.0553292445838, 0.108439140022, 0.0534131042659, 0.00676099210978, 0.00177421013359, 0.00255544460379, 0.0163950547576, 0.0249496940523, 0.0169008895755, 0.0077249747701], "max": [1, 1, 1, 1, 1, 1, 1, 1, 1, 1, 1, 1, 1, 1, 1, 1, 1, 1, 1, 1, 1, 1, 1, 1, 1, 1, 1, 1, 1, 1, 1, 1, 1, 1, 1, 1], "dmean": [0.0484432280064, 0.0418430455029, 0.0230349171907, 0.0274936184287, 0.0497456081212, 0.0962867662311, 0.121801532805, 0.0813451781869, 0.0296950750053, 0.013590044342, 0.0227746888995, 0.0682975128293, 0.0895150005817, 0.0753106921911, 0.0360072478652, 0.0251371059567, 0.0212187431753, 0.0333249755204, 0.0502857230604, 0.0559592545033, 0.0747164562345, 0.0707517564297, 0.0611443072557, 0.0318750403821, 0.0256154350936, 0.0373401753604, 0.0753192156553, 0.103751264513, 0.0772312283516, 0.0298495162278, 0.0185898952186, 0.0206955615431, 0.0335846059024, 0.0565174631774, 0.0472019463778, 0.0366720072925], "dmean2": [0.0807376205921, 0.0708924084902, 0.0399036034942, 0.0475901477039, 0.0843392983079, 0.154853239655, 0.200290247798, 0.135187968612, 0.053165897727, 0.0255182664841, 0.040010239929, 0.110538505018, 0.14667160809, 0.125252321362, 0.0622602924705, 0.0427547432482, 0.0383085794747, 0.0574713051319, 0.0851710736752, 0.0940633565187, 0.128539979458, 0.120183117688, 0.104089468718, 0.0578302331269, 0.0463582910597, 0.0651657879353, 0.126529335976, 0.170996591449, 0.126077026129, 0.0524800829589, 0.0343470983207, 0.037545632571, 0.0561791956425, 0.0927776396275, 0.0778940171003, 0.0616096481681], "mean": [0.138921841979, 0.0928783416748, 0.0349074527621, 0.0571324154735, 0.0844864249229, 0.205851331353, 0.307090073824, 0.168259903789, 0.0250304415822, 0.00998097471893, 0.0226170830429, 0.179347142577, 0.32900634408, 0.187315583229, 0.0461239852011, 0.0426378026605, 0.0228010378778, 0.0522764027119, 0.126567691565, 0.110668122768, 0.157813444734, 0.264296770096, 0.15505194664, 0.0353045761585, 0.0412755683064, 0.0569590479136, 0.158043965697, 0.295233458281, 0.198429360986, 0.035155236721, 0.0138017470017, 0.0160983186215, 0.0533249229193, 0.11584379524, 0.0876856297255, 0.0777406021953], "dvar2": [0.0416981875896, 0.0306813493371, 0.0111331213266, 0.0159724336118, 0.025004774332, 0.0518339462578, 0.0772063806653, 0.0483445003629, 0.0201493408531, 0.00867750681937, 0.0119615662843, 0.0369863472879, 0.0638571605086, 0.0409342609346, 0.0254984311759, 0.0221630111337, 0.0178137589246, 0.0268693771213, 0.0499857440591, 0.0392593406141, 0.0631153210998, 0.0686919912696, 0.0417152531445, 0.0224716123194, 0.0190903227776, 0.0267797932029, 0.0481331348419, 0.0684822201729, 0.0454499013722, 0.016491657123, 0.014802752994, 0.0158236157149, 0.0139745455235, 0.0351767167449, 0.0263329595327, 0.0189714562148], "min": [0, 0, 0, 0, 0, 0, 0, 0, 0, 0, 0, 0, 0, 0, 0, 0, 0, 0, 0, 0, 0, 0, 0, 0, 0, 0, 0, 0, 0, 0, 0, 0, 0, 0, 0, 0]}, "key_key": "E", "thpcp": [1, 0.569337308407, 0.140191778541, 0.129595682025, 0.0693027302623, 0.158891782165, 0.384696811438, 0.336370795965, 0.479666888714, 0.803318142891, 0.471273422241, 0.107306674123, 0.125455230474, 0.173124462366, 0.480367541313, 0.897348821163, 0.603117108345, 0.106852762401, 0.0419497899711, 0.0489301159978, 0.16207870841, 0.352102011442, 0.266516536474, 0.236289069057, 0.422246694565, 0.282299548388, 0.106099635363, 0.173651412129, 0.25679269433, 0.625675857067, 0.93338650465, 0.511418402195, 0.0760788992047, 0.0303367245942, 0.068743608892, 0.545117557049], "chords_key": "A", "tuning_equal_tempered_deviation": 0.0399418920279, "tuning_frequency": 441.272583008, "tuning_diatonic_strength": 0.497722834349, "chords_histogram": [10.0143060684, 6.15164518356, 15.1359081268, 0.200286120176, 17.0815448761, 3.43347644806, 3.60515022278, 0.171673819423, 0, 0, 0, 0, 0.572246074677, 0, 0.400572240353, 0, 0, 0.629470646381, 0.0858369097114, 0.143061518669, 1.05865526199, 13.905579567, 18.6552219391, 8.75536441803], "key_strength": 0.75128698349, "key_scale": "major", "chords_strength": {"dvar": 0.000621201121248, "var": 0.0267765857279, "median": 0.508981227875, "max": 0.725206613541, "dmean": 0.00786764640361, "dmean2": 0.00569341145456, "mean": 0.482345163822, "dvar2": 0.00120023393538, "min": -1}, "chords_number_rate": 0.00286123040132, "tuning_nontempered_energy_ratio": 0.652696967125, "hpcp_entropy": {"dvar": 0.187596231699, "var": 0.491012066603, "median": 1.49529790878, "max": 3.99538445473, "dmean": 0.39345318079, "dmean2": 0.654279947281, "mean": 1.40950202942, "dvar2": 0.457482278347, "min": 0}, "chords_changes_rate": 0.0454935617745, "chords_scale": "major"}, "rhythm": {"bpm_histogram_first_peak_spread": {"dvar": 0, "var": 0, "median": 0.566473960876, "max": 0.566473960876, "dmean": 0, "dmean2": 0, "mean": 0.566473960876, "dvar2": 0, "min": 0.566473960876}, "bpm_histogram_first_peak_weight": {"dvar": 0, "var": 0, "median": 0.210674151778, "max": 0.210674151778, "dmean": 0, "dmean2": 0, "mean": 0.210674151778, "dvar2": 0, "min": 0.210674151778}, "bpm_histogram_first_peak_bpm": {"dvar": 0, "var": 0, "median": 126, "max": 126, "dmean": 0, "dmean2": 0, "mean": 126, "dvar2": 0, "min": 126}, "bpm": 126.090438843, "bpm_histogram_second_peak_weight": {"dvar": 0, "var": 0, "median": 0.0926966294646, "max": 0.0926966294646, "dmean": 0, "dmean2": 0, "mean": 0.0926966294646, "dvar2": 0, "min": 0.0926966294646}, "beats_loudness": {"dvar": 0.000191752769751, "var": 0.00044232440996, "median": 0.0221284050494, "max": 0.114894784987, "dmean": 0.0126827927306, "dmean2": 0.021427065134, "mean": 0.0273242779076, "dvar2": 0.000517143984325, "min": 0}, "beats_loudness_band_ratio": {"dvar": [0.0125705376267, 0.0191587787122, 0.0252552684397, 0.00362157006748, 0.000225430601859, 3.3962962334e-05], "var": [0.0282215233892, 0.0504693947732, 0.0499199256301, 0.00429276749492, 0.000278578721918, 2.53503312706e-05], "median": [0.0800749585032, 0.498932749033, 0.309546500444, 0.0188359413296, 0.00738169252872, 0.000893661868758], "max": [0.99226218462, 0.965697705746, 0.950513720512, 0.456392407417, 0.122699216008, 0.0679627135396], "dmean": [0.0758207291365, 0.179193362594, 0.168051362038, 0.039964966476, 0.0118170157075, 0.00297558004968], "dmean2": [0.130057349801, 0.293033659458, 0.289137065411, 0.0681145861745, 0.0206465851516, 0.00529535068199], "mean": [0.128493711352, 0.472241103649, 0.352080583572, 0.0448742508888, 0.0135297123343, 0.00263028056361], "dvar2": [0.0248742271215, 0.0473882369697, 0.0584956221282, 0.0101624196395, 0.000669692759402, 9.51641122811e-05], "min": [0, 0, 0, 0, 0, 0]}, "bpm_histogram_second_peak_bpm": {"dvar": 0, "var": 0, "median": 117, "max": 117, "dmean": 0, "dmean2": 0, "mean": 117, "dvar2": 0, "min": 117}, "onset_rate": 2.08922600746, "beats_count": 357, "beats_position": [0.359909296036, 0.719818592072, 1.06811785698, 1.42802715302, 1.78793644905, 2.13623571396, 2.50775504112, 2.86766433716, 3.22757363319, 3.58748292923, 3.97061228752, 4.34213161469, 4.71365070343, 5.08516979218, 5.46829938889, 5.81659841537, 6.17650794983, 6.53641700745, 6.8963265419, 7.26784563065, 7.61614513397, 7.96444416046, 8.31274318695, 8.66104316711, 8.98612213135, 9.32281208038, 9.63628101349, 9.93814086914, 10.2516098022, 10.5650787354, 10.8785486221, 11.2152376175, 11.5403175354, 11.8653964996, 12.2136955261, 12.5619955063, 12.8870744705, 13.2237634659, 13.7346029282, 14.2454423904, 14.7678909302, 15.2555103302, 15.7663488388, 16.2655773163, 16.7648067474, 17.2640361786, 17.7400455475, 18.2276649475, 18.7036724091, 19.179681778, 19.667301178, 20.154920578, 20.642539978, 21.1301574707, 21.5945568085, 22.1053962708, 22.5930156708, 23.0806350708, 23.5450344086, 24.0326519012, 24.5202713013, 25.0078907013, 25.4955101013, 25.9831295013, 26.4823570251, 26.958366394, 27.4227657318, 27.8987751007, 28.3631744385, 28.8275737762, 29.3035831451, 29.7912006378, 30.2672100067, 30.7548294067, 31.2540588379, 31.7416782379, 32.2525177002, 32.7285270691, 33.204536438, 33.6921539307, 34.1797714233, 34.6673927307, 35.1317901611, 35.60779953, 36.0838088989, 36.5598182678, 37.0358276367, 37.5234451294, 38.034286499, 38.5219039917, 39.0327415466, 39.5435829163, 40.0544204712, 40.5652618408, 41.0760993958, 41.5753288269, 42.0745582581, 42.585395813, 43.0962333679, 43.6070747375, 44.1063041687, 44.6171417236, 45.1163711548, 45.6272087097, 46.1148300171, 46.6024475098, 47.0784568787, 47.5544662476, 48.018863678, 48.4832649231, 48.9708824158, 49.4468917847, 49.9229011536, 50.3873023987, 50.8516998291, 51.3044891357, 51.7572784424, 52.2332878113, 52.7092971802, 53.1853065491, 53.6497039795, 54.1024932861, 54.5552825928, 55.0196800232, 55.4840812683, 55.936870575, 56.4012680054, 56.8656692505, 57.3416786194, 57.8176841736, 58.2936935425, 58.7697029114, 59.2457122803, 59.7101135254, 60.1861228943, 60.6621322632, 61.1497497559, 61.6257591248, 62.1017684937, 62.5777778625, 63.0537872314, 63.5297966003, 63.9941940308, 64.4585952759, 64.9346008301, 65.4222183228, 65.8982315063, 66.3626327515, 66.8270263672, 67.3146438599, 67.8022689819, 68.2898864746, 68.7775039673, 69.26512146, 69.7411346436, 70.2171401978, 70.7047576904, 71.2155990601, 71.7032165527, 72.2140579224, 72.724899292, 73.2473449707, 73.7581863403, 74.2574157715, 74.7334213257, 75.2094345093, 75.6854400635, 76.1614532471, 76.6258468628, 77.0902481079, 77.554649353, 78.0306549072, 78.5066680908, 78.9710617065, 79.4470748901, 79.9230804443, 80.3990936279, 80.8750991821, 81.3743286133, 81.8735580444, 82.3843994141, 82.8952331543, 83.4176864624, 83.9169158936, 84.4161453247, 84.9153747559, 85.3797683716, 85.8441696167, 86.3085708618, 86.7961883545, 87.2605895996, 87.7017669678, 88.1429443359, 88.6073455811, 89.0717468262, 89.5477523804, 90.023765564, 90.4881591797, 90.9409484863, 91.4053497314, 91.8581390381, 92.3225402832, 92.7869338989, 93.2629470825, 93.7621765137, 94.2614059448, 94.760635376, 95.2714691162, 95.7823104858, 96.2931518555, 96.7807693481, 97.2451705933, 97.709564209, 98.1971893311, 98.6848068237, 99.1608123779, 99.6368255615, 100.101219177, 100.577232361, 101.053237915, 101.51763916, 101.982040405, 102.458045959, 102.934059143, 103.421676636, 103.89768219, 104.373695374, 104.838096619, 105.302490234, 105.766891479, 106.242897034, 106.718910217, 107.183311462, 107.647705078, 108.112106323, 108.576507568, 109.040908813, 109.493690491, 109.958091736, 110.434104919, 110.910110474, 111.386123657, 111.862129211, 112.338134766, 112.802536011, 113.278549194, 113.754554749, 114.230567932, 114.706573486, 115.18258667, 115.658592224, 116.146209717, 116.6222229, 117.098228455, 117.585845947, 118.07346344, 118.549476624, 119.048706055, 119.536323547, 120.02394104, 120.511566162, 120.987571716, 121.463577271, 121.951202393, 122.438819885, 122.926437378, 123.437278748, 123.936508179, 124.43573761, 124.934967041, 125.434196472, 125.945030212, 126.455871582, 126.966712952, 127.477546692, 127.988388062, 128.51083374, 129.033279419, 129.544128418, 130.066574097, 130.577407837, 130.983764648, 131.40171814, 131.81968689, 132.249252319, 132.678817749, 133.085174561, 133.491516113, 133.886260986, 134.280990601, 134.675735474, 135.070480347, 135.453598022, 135.859954834, 136.254684448, 136.672653198, 137.113830566, 137.555007935, 137.996185303, 138.448974609, 138.890151978, 139.342941284, 139.726074219, 140.109207153, 140.503936768, 140.910293579, 141.316635132, 141.722991943, 142.129333496, 142.535690308, 142.965255737, 143.394821167, 143.801177979, 144.207519531, 144.63710022, 145.055053711, 145.484619141, 145.867752075, 146.25088501, 146.645614624, 147.040359497, 147.411880493, 147.771789551, 148.143310547, 148.514831543, 148.886352539, 149.257858276, 149.629379272, 150.000900269, 150.372421265, 150.743942261, 151.115463257, 151.498596191, 151.858505249, 152.218414307, 152.578323364, 152.94984436, 153.321365356, 153.704483032, 154.06439209, 154.435913086, 154.853881836, 155.271835327, 155.701400757, 156.142578125, 156.583755493, 157.024932861, 157.524169922, 158.011795044, 158.511016846, 158.998641968, 159.439819336, 159.880996704, 160.322174072, 160.76335144, 161.204528809, 161.645706177], "danceability": 0.949991464615, "bpm_histogram_second_peak_spread": {"dvar": 0, "var": 0, "median": 0.484375, "max": 0.484375, "dmean": 0, "dmean2": 0, "mean": 0.484375, "dvar2": 0, "min": 0.484375}}, "lowlevel": {"spectral_flux": {"dvar": 0.000453959190054, "var": 0.000817353429738, "median": 0.0335601940751, "max": 0.242829203606, "dmean": 0.0163094215095, "dmean2": 0.0271276365966, "mean": 0.0397116802633, "dvar2": 0.00121560005937, "min": 6.27789487062e-11}, "spectral_rolloff": {"dvar": 94436.6953125, "var": 3317038.75, "median": 516.796875, "max": 19638.28125, "dmean": 45.6727523804, "dmean2": 82.3285598755, "mean": 726.530883789, "dvar2": 177908.515625, "min": 21.533203125}, "barkbands_flatness_db": {"dvar": 0.000290350522846, "var": 0.00310361408629, "median": 0.299947291613, "max": 0.478915631771, "dmean": 0.0167420916259, "dmean2": 0.0267099235207, "mean": 0.305226564407, "dvar2": 0.000735540757887, "min": 0.0549265816808}, "spectral_centroid": {"dvar": 21295.7851562, "var": 1140358.125, "median": 460.490936279, "max": 11689.1894531, "dmean": 43.8658027649, "dmean2": 68.1165542603, "mean": 611.982788086, "dvar2": 35578.0078125, "min": 146.683731079}, "melbands_skewness": {"dvar": 0.335843592882, "var": 2.97166228294, "median": 1.12872183323, "max": 23.7088336945, "dmean": 0.4100522995, "dmean2": 0.640488922596, "mean": 1.37084364891, "dvar2": 0.821306526661, "min": -1.64759159088}, "melbands": {"dvar": [3.02110358952e-09, 5.92312972003e-08, 5.82519525949e-08, 7.61750840184e-08, 4.45801703108e-07, 5.98184954015e-07, 8.7249122771e-07, 1.99659396571e-07, 2.84149574981e-08, 1.04008126556e-08, 7.6533206439e-09, 4.15492706907e-09, 1.88627127806e-10, 3.76843486971e-11, 3.93712449795e-12, 6.47461598224e-12, 1.07766898703e-12, 3.49047787201e-12, 2.43437475039e-11, 4.44982332232e-12, 1.00441165801e-11, 2.53999009325e-11, 1.19076623561e-11, 6.68450277769e-12, 5.84913020796e-12, 8.45347934448e-13, 1.19638172524e-13, 1.41959252513e-12, 1.11145223884e-13, 5.49534096816e-15, 1.57634493786e-15, 2.28985044664e-15, 2.80438348242e-17, 1.24951783682e-18, 5.75482166657e-19, 4.45533746787e-19, 5.50997736848e-20, 3.03669699719e-20, 1.44579635782e-20, 9.25477376644e-21], "var": [1.02623323173e-08, 2.06963662208e-07, 1.68620871932e-07, 3.12690531246e-07, 2.011342076e-06, 3.76159891857e-06, 3.10137511406e-06, 1.31529452574e-06, 2.73630035963e-07, 1.23692274201e-07, 1.43654318663e-07, 5.02566095406e-08, 1.72505321139e-09, 1.98115995831e-10, 1.6110536516e-11, 2.57419207478e-11, 5.68710313217e-12, 2.97173952113e-11, 1.9038488841e-10, 3.45946535307e-11, 7.41223124545e-11, 1.09987956243e-10, 6.58056525937e-11, 4.1922798566e-11, 4.57037428736e-11, 8.986827775e-12, 6.00468134417e-13, 4.46320628025e-12, 4.003089906e-13, 1.5655964074e-14, 5.79070262742e-15, 1.00638754261e-14, 1.36064183038e-16, 4.40715916027e-18, 2.32470446441e-18, 1.43497524567e-18, 1.83184600872e-19, 9.74041812797e-20, 4.51760781825e-20, 2.7747085408e-20], "median": [4.01962752221e-05, 0.000113445232273, 0.000154931694851, 0.000154619978275, 0.000804111245088, 0.000653141818475, 0.000274940422969, 0.000329444679664, 0.00010367683717, 4.46441372333e-05, 2.97811038763e-05, 2.34635845118e-05, 3.48176899934e-06, 1.83882332294e-06, 4.28884050052e-07, 2.9029266102e-07, 2.50112378808e-07, 3.68758293234e-07, 9.42824669892e-07, 7.46331124901e-07, 3.27797920363e-07, 1.69058651522e-07, 6.23833557256e-07, 5.52347785288e-07, 1.62958684768e-07, 5.34316733081e-08, 2.831726853e-08, 6.77126053006e-08, 2.66017234907e-08, 6.47356745986e-09, 4.16111278767e-09, 3.64877039694e-09, 1.54222534743e-09, 9.94657245457e-10, 8.25834289842e-10, 6.81785961021e-10, 4.96659324778e-10, 4.46210374205e-10, 3.9715700173e-10, 3.60084490003e-10], "max": [0.00140117062256, 0.00398877868429, 0.00499525712803, 0.00681334733963, 0.0121840042993, 0.0178891401738, 0.0236908774823, 0.0123706050217, 0.00561401247978, 0.00435774726793, 0.00415799953043, 0.0033034873195, 0.000548150390387, 0.000182314121048, 8.9102628408e-05, 0.000106552841316, 4.41777629021e-05, 7.3864517617e-05, 0.000262773421127, 8.32354271552e-05, 0.000153377244715, 0.000244905910222, 0.000196669905563, 0.00011415580957, 0.000156591806444, 6.70845693094e-05, 1.969681216e-05, 5.01177964907e-05, 7.46200385038e-06, 3.55539100383e-06, 1.51670622017e-06, 1.45848991906e-06, 2.39737431684e-07, 4.03487518952e-08, 3.1337503259e-08, 2.6025702482e-08, 5.86911141909e-09, 4.06940525721e-09, 2.33815655726e-09, 1.70951575118e-09], "dmean": [3.59495315934e-05, 0.000122997094877, 0.000125965030747, 0.000151044892846, 0.00041765513015, 0.000407304702094, 0.000345820415532, 0.000197369285161, 7.21970354789e-05, 3.76789321308e-05, 3.30575348926e-05, 2.2758540581e-05, 4.21152344643e-06, 2.47939283327e-06, 6.6232462359e-07, 6.51944503716e-07, 3.59150959639e-07, 5.71225541535e-07, 1.14592796763e-06, 7.09830885626e-07, 9.26918630739e-07, 8.676371408e-07, 9.30337648697e-07, 7.52201856358e-07, 4.76835651853e-07, 1.85002804187e-07, 8.29449220419e-08, 2.74370819398e-07, 9.53496126499e-08, 1.6648026957e-08, 9.05335362233e-09, 1.1133864497e-08, 1.75210967956e-09, 5.90328452788e-10, 4.52266196715e-10, 3.61923935266e-10, 1.8732626561e-10, 1.56437737764e-10, 1.21796447927e-10, 1.01005544206e-10], "dmean2": [6.12370786257e-05, 0.000198073714273, 0.000212776008993, 0.000218096669414, 0.00064397911774, 0.000585701141972, 0.000575344951358, 0.000282414024696, 0.000106671875983, 5.46676528757e-05, 4.77346729895e-05, 3.41848681273e-05, 6.36577351543e-06, 3.58808983947e-06, 1.02643616628e-06, 9.90266698864e-07, 5.21043318713e-07, 8.08841832622e-07, 1.63142374277e-06, 9.56991584644e-07, 1.22355402254e-06, 1.23003906083e-06, 1.25785197724e-06, 9.60492798185e-07, 6.11084033153e-07, 2.47816416277e-07, 1.2418257711e-07, 3.57585776101e-07, 1.42544223536e-07, 2.54008245548e-08, 1.36692861474e-08, 1.6036665329e-08, 2.66246069636e-09, 9.37824373715e-10, 7.15750791969e-10, 5.89939541662e-10, 3.05604708206e-10, 2.60423543841e-10, 2.05212916105e-10, 1.69995087451e-10], "mean": [7.25661229808e-05, 0.000296864775009, 0.00029618293047, 0.000332391500706, 0.00125535088591, 0.00137656612787, 0.000891027739272, 0.000750271079596, 0.000298489554552, 0.000168907790794, 0.000155840534717, 8.96900601219e-05, 1.57760223374e-05, 7.32802936909e-06, 1.67542930285e-06, 1.62493518019e-06, 1.05091066871e-06, 2.07613948078e-06, 5.11189091412e-06, 2.89791955765e-06, 3.07568097924e-06, 2.18879426939e-06, 2.70676468972e-06, 2.48396145253e-06, 1.89240779491e-06, 7.07307265202e-07, 1.99704714987e-07, 7.48234413095e-07, 2.64679584916e-07, 4.20358468034e-08, 2.54631498109e-08, 3.31184892843e-08, 4.72865835377e-09, 1.61512292429e-09, 1.30141275534e-09, 1.02397579305e-09, 6.13018802387e-10, 5.23201260094e-10, 4.38483666043e-10, 3.86002063646e-10], "dvar2": [7.80604647588e-09, 1.31581614937e-07, 1.72215152361e-07, 1.46921706801e-07, 1.06534946553e-06, 1.16201010769e-06, 2.53518555837e-06, 3.65527085933e-07, 5.97965694737e-08, 1.7638072336e-08, 1.30562511913e-08, 8.36979285879e-09, 3.12240816536e-10, 7.28157256713e-11, 8.64921329002e-12, 1.41538950699e-11, 2.13746251601e-12, 5.81588466622e-12, 4.08031941568e-11, 7.21737209927e-12, 1.46960447284e-11, 4.63390888161e-11, 1.92893704482e-11, 9.8049363767e-12, 8.61652329348e-12, 1.16170506374e-12, 2.23873992803e-13, 2.40366017021e-12, 2.69375559185e-13, 1.22112157557e-14, 3.37078921294e-15, 4.35841480636e-15, 5.11401667471e-17, 2.78361310132e-18, 1.21566991635e-18, 1.0489043078e-18, 1.32269411121e-19, 7.64013158946e-20, 3.75715935538e-20, 2.50993351972e-20], "min": [1.38663978046e-24, 1.68819329996e-24, 1.24868201042e-24, 1.41775156709e-24, 8.9834760051e-25, 1.74162935718e-24, 2.47801207954e-24, 2.13747581511e-24, 2.37804663955e-24, 1.75695751621e-24, 2.40755930652e-24, 3.26902637782e-24, 3.61324681989e-24, 2.90207569762e-24, 4.00543454094e-24, 2.00877986374e-24, 2.62504174999e-24, 3.3524880588e-24, 3.67227018167e-24, 2.12538277465e-24, 2.38765200715e-24, 2.96879991957e-24, 4.97155328043e-24, 3.11554520567e-24, 4.10000279183e-24, 4.30569630071e-24, 3.83147611741e-24, 4.59340255032e-24, 4.88661662676e-24, 4.39646618634e-24, 4.79668490584e-24, 5.77630933846e-24, 5.81869010173e-24, 4.49312018546e-24, 2.79003595262e-24, 5.53973310843e-24, 6.04732565789e-24, 5.0189362107e-24, 6.56184913927e-24, 6.44719648973e-24]}, "spectral_decrease": {"dvar": 3.12546120589e-18, "var": 2.11501810824e-17, "median": -4.21256940442e-09, "max": 2.35752169676e-28, "dmean": 1.19116860819e-09, "dmean2": 1.79957349022e-09, "mean": -5.36934940953e-09, "dvar2": 6.57325112184e-18, "min": -3.24288329523e-08}, "barkbands_kurtosis": {"dvar": 75.9567718506, "var": 283.33807373, "median": 7.03269672394, "max": 325.675048828, "dmean": 3.64615249634, "dmean2": 5.85030221939, "mean": 10.9546489716, "dvar2": 218.296768188, "min": -1.7735902071}, "silence_rate_30dB": {"dvar": 0.0017142171273, "var": 0.00199898914434, "median": 1, "max": 1, "dmean": 0.00171722949017, "dmean2": 0.00343495071866, "mean": 0.997996866703, "dvar2": 0.00428163167089, "min": 0}, "gfcc": {"mean": [-169.630233765, 185.386306763, -95.305847168, -9.37660694122, -56.0687675476, -46.1557579041, -28.1901397705, 7.32425546646, -10.620098114, -7.54574537277, -10.8060750961, -0.351871788502, 3.6301419735], "cov": [[19205.4921875, 3775.53198242, -3782.80053711, -373.538696289, -399.217254639, -1554.97766113, -69.4965896606, -100.036094666, -238.962493896, -360.785491943, -276.616851807, -214.285339355, 275.991729736], [3775.53198242, 1202.81616211, -225.074432373, -375.84942627, -143.333694458, -215.743896484, -115.32661438, -55.0396766663, -62.7530784607, -134.751068115, 7.82911205292, -27.4751091003, -8.7931394577], [-3782.80053711, -225.074432373, 1968.421875, -92.4501724243, -178.882080078, 536.416015625, -160.087966919, -12.4597940445, 49.2489128113, 24.8589859009, 107.420402527, 87.635887146, -173.744216919], [-373.538696289, -375.84942627, -92.4501724243, 506.46295166, 92.1608047485, -38.7022705078, 115.219215393, 38.1106376648, -1.53919625282, 55.7363510132, -98.7400436401, -62.8056182861, 25.1298751831], [-399.217254639, -143.333694458, -178.882080078, 92.1608047485, 236.715393066, 24.1203289032, 23.266582489, 14.1697645187, -19.9514846802, -9.77389812469, -0.28849196434, -35.3919677734, -5.83683490753], [-1554.97766113, -215.743896484, 536.416015625, -38.7022705078, 24.1203289032, 330.286102295, 16.7797851562, -19.1491336823, 13.9239778519, 26.3011207581, 11.4230585098, 14.5093135834, -51.7331733704], [-69.4965896606, -115.32661438, -160.087966919, 115.219215393, 23.266582489, 16.7797851562, 166.476318359, 14.304895401, -14.7006835938, 25.6424388885, -50.6625785828, -52.0210494995, 30.3919315338], [-100.036094666, -55.0396766663, -12.4597940445, 38.1106376648, 14.1697645187, -19.1491336823, 14.304895401, 98.9580230713, 22.8369503021, -5.9811167717, -7.33671951294, 3.75158715248, 3.84541273117], [-238.962493896, -62.7530784607, 49.2489128113, -1.53919625282, -19.9514846802, 13.9239778519, -14.7006835938, 22.8369503021, 81.1196060181, 28.7420291901, -16.8187465668, 14.0396938324, 1.07882583141], [-360.785491943, -134.751068115, 24.8589859009, 55.7363510132, -9.77389812469, 26.3011207581, 25.6424388885, -5.9811167717, 28.7420291901, 97.5237884521, 10.7422409058, -29.9455356598, -2.98663640022], [-276.616851807, 7.82911205292, 107.420402527, -98.7400436401, -0.28849196434, 11.4230585098, -50.6625785828, -7.33671951294, -16.8187465668, 10.7422409058, 126.924972534, 53.6044120789, -48.1541671753], [-214.285339355, -27.4751091003, 87.635887146, -62.8056182861, -35.3919677734, 14.5093135834, -52.0210494995, 3.75158715248, 14.0396938324, -29.9455356598, 53.6044120789, 119.725975037, 13.1695795059], [275.991729736, -8.7931394577, -173.744216919, 25.1298751831, -5.83683490753, -51.7331733704, 30.3919315338, 3.84541273117, 1.07882583141, -2.98663640022, -48.1541671753, 13.1695795059, 110.615707397]], "icov": [[0.00135538436007, -0.00446398369968, 0.00306914071552, -0.00313349347562, 0.00323685025796, -0.00230483384803, 0.00222578807734, -0.000833409023471, 0.000133635054226, 0.000278661580523, -0.000874268764164, 0.000196070104721, -9.14508127607e-05], [-0.00446398369968, 0.0165376868099, -0.0101356636733, 0.011500380002, -0.00984994135797, 0.00870277266949, -0.00688267126679, 0.00329382764176, 3.82084217563e-05, 0.000991753302515, 0.00310748815536, 0.000993661931716, 0.000507514923811], [0.00306914071552, -0.0101356636733, 0.00884480588138, -0.00846801511943, 0.00974532961845, -0.00895177666098, 0.00730679230765, -0.00243563973345, -0.000700316741131, 0.00268040597439, -0.0046445550397, 0.00235084025189, -0.000464893004391], [-0.00313349347562, 0.011500380002, -0.00846801511943, 0.0129112359136, -0.0105849476531, 0.00997487828135, -0.00777436885983, 0.00125689222477, 0.00396935641766, -0.00613139942288, 0.009994616732, -0.00460003875196, 0.00339173479006], [0.00323685025796, -0.00984994135797, 0.00974532961845, -0.0105849476531, 0.0169466249645, -0.0111414026469, 0.00879069138318, -0.00268809380941, -0.00219040527008, 0.0083473129198, -0.00999416038394, 0.00824569351971, -0.00287135294639], [-0.00230483384803, 0.00870277266949, -0.00895177666098, 0.00997487828135, -0.0111414026469, 0.0161566883326, -0.00932365190238, 0.00331502221525, 0.00324982986785, -0.00691063469276, 0.0106090996414, -0.00713483942673, 0.00478019798175], [0.00222578807734, -0.00688267126679, 0.00730679230765, -0.00777436885983, 0.00879069138318, -0.00932365190238, 0.0158263780177, -0.0037178657949, 0.0019443759229, 0.00184912234545, -0.0036064949818, 0.00590208126232, -0.00321507686749], [-0.000833409023471, 0.00329382764176, -0.00243563973345, 0.00125689222477, -0.00268809380941, 0.00331502221525, -0.0037178657949, 0.0134184239432, -0.00629548495635, 0.00446020998061, -0.00199683732353, 0.00129327108152, -0.000647841952741], [0.000133635054226, 3.82084217563e-05, -0.000700316741131, 0.00396935641766, -0.00219040527008, 0.00324982986785, 0.0019443759229, -0.00629548495635, 0.0257934294641, -0.0166793521494, 0.0168921966106, -0.0126769281924, 0.00691782822832], [0.000278661580523, 0.000991753302515, 0.00268040597439, -0.00613139942288, 0.0083473129198, -0.00691063469276, 0.00184912234545, 0.00446020998061, -0.0166793521494, 0.0311099477112, -0.0216449033469, 0.0199638027698, -0.0092648435384], [-0.000874268764164, 0.00310748815536, -0.0046445550397, 0.009994616732, -0.00999416038394, 0.0106090996414, -0.0036064949818, -0.00199683732353, 0.0168921966106, -0.0216449033469, 0.0342074744403, -0.0223310869187, 0.0151582174003], [0.000196070104721, 0.000993661931716, 0.00235084025189, -0.00460003875196, 0.00824569351971, -0.00713483942673, 0.00590208126232, 0.00129327108152, -0.0126769281924, 0.0199638027698, -0.0223310869187, 0.0284978356212, -0.0126925874501], [-9.14508127607e-05, 0.000507514923811, -0.000464893004391, 0.00339173479006, -0.00287135294639, 0.00478019798175, -0.00321507686749, -0.000647841952741, 0.00691782822832, -0.0092648435384, 0.0151582174003, -0.0126925874501, 0.0185903832316]]}, "silence_rate_20dB": {"dvar": 0, "var": 0, "median": 1, "max": 1, "dmean": 0, "dmean2": 0, "mean": 1, "dvar2": 0, "min": 1}, "barkbands_skewness": {"dvar": 0.308626383543, "var": 2.33878803253, "median": 1.38456881046, "max": 17.9189338684, "dmean": 0.452164322138, "dmean2": 0.711374998093, "mean": 1.49856185913, "dvar2": 0.75497597456, "min": -2.18378615379}, "erbbands_skewness": {"dvar": 0.130003795028, "var": 0.984241008759, "median": 1.60794723034, "max": 6.9517455101, "dmean": 0.316855251789, "dmean2": 0.491832315922, "mean": 1.67941951752, "dvar2": 0.31947773695, "min": -1.75306773186}, "spectral_contrast_valleys": {"dvar": [0.114603981376, 0.118183068931, 0.112922132015, 0.121053226292, 0.11206690222, 0.0328781083226], "var": [4.6322350502, 5.51358032227, 4.72705507278, 4.0016002655, 3.71298217773, 2.15554189682], "median": [-8.28573322296, -6.83307409286, -8.50338554382, -9.9222869873, -10.0247659683, -13.0628910065], "max": [-6.05619478226, -4.72989797592, -6.48254919052, -7.50508260727, -7.43407583237, -11.9818983078], "dmean": [0.348573207855, 0.338084846735, 0.321614891291, 0.303490370512, 0.25174716115, 0.127114608884], "dmean2": [0.589129030704, 0.567055583, 0.535706698895, 0.502574443817, 0.410524845123, 0.213635101914], "mean": [-8.53328323364, -7.23253297806, -8.89872550964, -10.2146205902, -10.2908916473, -13.2209539413], "dvar2": [0.277985066175, 0.281940966845, 0.273076444864, 0.284664571285, 0.256166905165, 0.0679530352354], "min": [-28.3208408356, -27.7881832123, -27.9687290192, -27.6238613129, -27.5053386688, -27.4277935028]}, "spectral_strongpeak": {"dvar": 0.166350647807, "var": 0.862876176834, "median": 1.08115899563, "max": 6.61524200439, "dmean": 0.314613282681, "dmean2": 0.514545202255, "mean": 1.27440953255, "dvar2": 0.385452896357, "min": 0}, "erbbands_crest": {"dvar": 5.01581001282, "var": 22.9421386719, "median": 13.7269144058, "max": 32.2687530518, "dmean": 2.01180648804, "dmean2": 3.22472667694, "mean": 14.3586082458, "dvar2": 13.779706955, "min": 2.6349105835}, "barkbands_crest": {"dvar": 3.95068502426, "var": 18.8931674957, "median": 12.75411129, "max": 26.8266067505, "dmean": 2.02323579788, "dmean2": 3.27920103073, "mean": 13.3328065872, "dvar2": 10.6559839249, "min": 4.48488616943}, "spectral_energyband_middle_low": {"dvar": 4.36250884377e-05, "var": 0.000281280226773, "median": 0.0141488546506, "max": 0.124913468957, "dmean": 0.00436802674085, "dmean2": 0.00663919188082, "mean": 0.0186647456139, "dvar2": 9.45556894294e-05, "min": 1.46383049057e-22}, "spectral_contrast_coeffs": {"dvar": [0.00131115689874, 0.00152593443636, 0.000701630255207, 0.000504038413055, 0.000425076839747, 0.000275063037407], "var": [0.0087163168937, 0.00923798326403, 0.00767224282026, 0.00476319063455, 0.00558831403032, 0.00246373657137], "median": [-0.577975392342, -0.604111850262, -0.680902719498, -0.771354794502, -0.748393774033, -0.819208085537], "max": [-0.340538829565, -0.325631737709, -0.407313019037, -0.569483935833, -0.58241289854, -0.601788878441], "dmean": [0.0425489768386, 0.0417528785765, 0.0302577763796, 0.0233722366393, 0.0193630754948, 0.0139403846115], "dmean2": [0.0699023008347, 0.068063147366, 0.0489613823593, 0.0369032733142, 0.029143108055, 0.0227420907468], "mean": [-0.582969605923, -0.607610523701, -0.681099414825, -0.771617472172, -0.760038375854, -0.815346837044], "dvar2": [0.00331116793677, 0.00375743885525, 0.00168681784999, 0.00110118545126, 0.000737502065022, 0.000592496187892], "min": [-0.975203812122, -0.980393767357, -0.97730255127, -0.972853422165, -0.967831552029, -0.964600741863]}, "hfc": {"dvar": 9.36372947693, "var": 72.9219360352, "median": 6.82528018951, "max": 69.7495422363, "dmean": 1.85286164284, "dmean2": 2.75327563286, "mean": 9.1748380661, "dvar2": 18.5276355743, "min": 1.03873834079e-16}, "spectral_energyband_high": {"dvar": 5.225327393e-10, "var": 1.79114911791e-09, "median": 2.06450454243e-06, "max": 0.000905280176084, "dmean": 5.6829044297e-06, "dmean2": 7.73028205003e-06, "mean": 1.66505033121e-05, "dvar2": 9.22154519412e-10, "min": 6.73674914402e-21}, "erbbands_spread": {"dvar": 9.07973194122, "var": 116.996360779, "median": 8.4117937088, "max": 134.314544678, "dmean": 1.78911626339, "dmean2": 2.67606163025, "mean": 11.1802463531, "dvar2": 18.8645362854, "min": 1.0658288002}, "dissonance": {"dvar": 0.00150088348892, "var": 0.00515428511426, "median": 0.380118966103, "max": 0.499978661537, "dmean": 0.0401861518621, "dmean2": 0.067984201014, "mean": 0.371726989746, "dvar2": 0.00410435441881, "min": 0.109473593533}, "spectral_kurtosis": {"dvar": 182.190826416, "var": 1335.99414062, "median": 32.0722198486, "max": 212.684707642, "dmean": 13.7741146088, "dmean2": 23.4636802673, "mean": 43.8627281189, "dvar2": 482.75567627, "min": -1.2708543539}, "spectral_skewness": {"dvar": 0.596231579781, "var": 5.13544940948, "median": 4.15363454819, "max": 12.4783058167, "dmean": 0.871430456638, "dmean2": 1.48856985569, "mean": 4.62679719925, "dvar2": 1.58312129974, "min": -0.0854132771492}, "pitch_salience": {"dvar": 0.00240178010426, "var": 0.0126077672467, "median": 0.543323040009, "max": 0.880406737328, "dmean": 0.0491269081831, "dmean2": 0.0804888159037, "mean": 0.537589073181, "dvar2": 0.00643736915663, "min": 0.0110533246771}, "spectral_complexity": {"dvar": 1.35814607143, "var": 10.7912425995, "median": 8, "max": 21, "dmean": 1.01431024075, "dmean2": 1.68054962158, "mean": 8.07497501373, "dvar2": 2.78290486336, "min": 0}, "spectral_spread": {"dvar": 341760966656, "var": 15453912039400.0, "median": 1696496.125, "max": 42845968, "dmean": 284367.6875, "dmean2": 496253.59375, "mean": 2167665.25, "dvar2": 751195521024, "min": 456072.625}, "dynamic_complexity": 4.02294301987, "melbands_crest": {"dvar": 5.72006082535, "var": 28.0077457428, "median": 14.4426422119, "max": 39.8803939819, "dmean": 2.29447603226, "dmean2": 3.73499250412, "mean": 15.2266798019, "dvar2": 15.6732616425, "min": 1.62380611897}, "zerocrossingrate": {"dvar": 4.23942765337e-05, "var": 0.00232941354625, "median": 0.021484375, "max": 0.53466796875, "dmean": 0.00219132634811, "dmean2": 0.00294422334991, "mean": 0.027007702738, "dvar2": 5.82649481657e-05, "min": 0}, "spectral_energyband_low": {"dvar": 7.96199969955e-07, "var": 3.11866892844e-06, "median": 0.000818470260128, "max": 0.0135350376368, "dmean": 0.000540798238944, "dmean2": 0.00087955838535, "mean": 0.00145651691128, "dvar2": 1.78180107469e-06, "min": 2.15364880473e-23}, "melbands_kurtosis": {"dvar": 348.842224121, "var": 990.316467285, "median": 6.38698387146, "max": 764.149353027, "dmean": 3.89795589447, "dmean2": 6.32955360413, "mean": 11.4941511154, "dvar2": 1080.05212402, "min": -1.4307038784}, "spectral_energyband_middle_high": {"dvar": 5.5312892755e-07, "var": 7.25446534489e-06, "median": 0.000500418129377, "max": 0.0365980826318, "dmean": 0.000271457683994, "dmean2": 0.00038677197881, "mean": 0.00127615686506, "dvar2": 9.56158942245e-07, "min": 1.20606649161e-21}, "barkbands_spread": {"dvar": 4.05780267715, "var": 13.234208107, "median": 3.35921931267, "max": 121.179405212, "dmean": 0.7891305089, "dmean2": 1.26674175262, "mean": 4.11238431931, "dvar2": 10.8740530014, "min": 0.347884267569}, "mfcc": {"mean": [-816.594360352, 223.069732666, 9.78472900391, 30.1957435608, -11.2302532196, -36.9499397278, -17.1863193512, -5.80739974976, 2.79282546043, -4.13660860062, -7.9762802124, -4.99516773224, -1.29753005505], "cov": [[6983.50537109, 2088.70043945, -2486.06079102, 615.507019043, -542.398254395, -585.76574707, -90.9840087891, -198.472625732, 176.61378479, -78.1241760254, -204.46697998, -209.062057495, -241.282699585], [2088.70043945, 1768.03991699, 20.9470996857, -224.733322144, -73.4697494507, -259.653991699, -98.9012756348, 26.4665718079, -98.593788147, -139.536254883, -46.5753707886, -9.48446369171, -34.2589912415], [-2486.06079102, 20.9470996857, 1700.45959473, -283.032867432, 174.546798706, 214.860046387, -17.3437747955, 124.901062012, -101.667648315, -28.9030780792, 69.4468078613, 104.941848755, 132.862686157], [615.507019043, -224.733322144, -283.032867432, 501.615081787, -35.9788665771, -41.6639595032, 47.2529563904, -48.7471885681, 103.245956421, 96.6181335449, -30.3983592987, -90.2378463745, -31.1232967377], [-542.398254395, -73.4697494507, 174.546798706, -35.9788665771, 207.274200439, 41.8695755005, 4.61848115921, 43.0660133362, -49.6326904297, 1.55516183376, 20.430688858, -2.19405722618, 19.5108261108], [-585.76574707, -259.653991699, 214.860046387, -41.6639595032, 41.8695755005, 231.07258606, 62.7212371826, -15.6102132797, 28.0060825348, 31.7566223145, 14.1009044647, 18.3708457947, 7.48149681091], [-90.9840087891, -98.9012756348, -17.3437747955, 47.2529563904, 4.61848115921, 62.7212371826, 142.595230103, 7.04015398026, -21.3188800812, 68.552116394, 20.8177280426, -52.856842041, -30.8455314636], [-198.472625732, 26.4665718079, 124.901062012, -48.7471885681, 43.0660133362, -15.6102132797, 7.04015398026, 125.593383789, 7.16680049896, -52.2489814758, 0.354169994593, 11.7436971664, 17.9229297638], [176.61378479, -98.593788147, -101.667648315, 103.245956421, -49.6326904297, 28.0060825348, -21.3188800812, 7.16680049896, 184.677108765, 61.0273132324, -57.2822341919, -25.4041843414, -18.6971378326], [-78.1241760254, -139.536254883, -28.9030780792, 96.6181335449, 1.55516183376, 31.7566223145, 68.552116394, -52.2489814758, 61.0273132324, 203.438323975, 37.2112312317, -126.697280884, -61.581073761], [-204.46697998, -46.5753707886, 69.4468078613, -30.3983592987, 20.430688858, 14.1009044647, 20.8177280426, 0.354169994593, -57.2822341919, 37.2112312317, 111.840896606, 21.7526836395, -30.9269313812], [-209.062057495, -9.48446369171, 104.941848755, -90.2378463745, -2.19405722618, 18.3708457947, -52.856842041, 11.7436971664, -25.4041843414, -126.697280884, 21.7526836395, 225.533508301, 95.7245330811], [-241.282699585, -34.2589912415, 132.862686157, -31.1232967377, 19.5108261108, 7.48149681091, -30.8455314636, 17.9229297638, -18.6971378326, -61.581073761, -30.9269313812, 95.7245330811, 134.711715698]], "icov": [[0.230342537165, -0.323974043131, 0.320124149323, -0.310879558325, 0.299614608288, -0.281472086906, 0.265564978123, -0.239796087146, 0.206757158041, -0.167051389813, 0.120993390679, -0.0714115053415, 0.0384249426425], [-0.323974043131, 0.456510007381, -0.450478076935, 0.437752306461, -0.421415269375, 0.397234171629, -0.374107569456, 0.338116556406, -0.2913582623, 0.23604349792, -0.170267850161, 0.100924350321, -0.0537564195693], [0.320124149323, -0.450478076935, 0.446088314056, -0.432353198528, 0.416940450668, -0.393540352583, 0.371656268835, -0.336631685495, 0.290518283844, -0.235583081841, 0.170089438558, -0.100791230798, 0.0536142289639], [-0.310879558325, 0.437752306461, -0.432353198528, 0.423504829407, -0.406131148338, 0.383735984564, -0.363672763109, 0.329703718424, -0.286348938942, 0.231453448534, -0.168439507484, 0.100581288338, -0.0549358315766], [0.299614608288, -0.421415269375, 0.416940450668, -0.406131148338, 0.398502230644, -0.371493399143, 0.353169441223, -0.32233825326, 0.280356138945, -0.22786654532, 0.165484160185, -0.0978288650513, 0.0533426702023], [-0.281472086906, 0.39723