{"metadata": {"audio_properties": {"downmix": "mix", "bit_rate": 0, "lossless": true, "md5_encoded": "d01ed93dbcdb27647755a5a301796521", "analysis_sample_rate": 44100, "sample_rate": 44100, "replay_gain": 2.72632026672, "equal_loudness": 0, "codec": "flac", "length": 307.173339844}, "tags": {"releasestatus": ["official"], "musicbrainz_albumid": ["1bc0a418-38dd-4edd-9854-3409eaa3b5e4"], "musicbrainz_recordingid": ["56c86ca8-69f8-4806-9695-af9a35f6e1b3"], "artist": ["Aeoliah"], "acoustid_id": ["07a52783-4fba-432e-97cb-3590967faff7"], "barcode": ["046951113123"], "totaltracks": ["6"], "originaldate": ["1991"], "musicbrainz_releasegroupid": ["db575d52-66e7-3d8b-ac24-be6d9d358405"], "asin": ["B000008OMJ"], "releasetype": ["album"], "script": ["Latn"], "musicbrainz_albumartistid": ["585a9c75-dcca-4019-97df-899921f841f9"], "file_name": "03. Aeoliah - Sirius Via Andromeda.flac", "musicbrainz_artistid": ["585a9c75-dcca-4019-97df-899921f841f9"], "albumartistsort": ["Aeoliah"], "musicbrainz_releasetrackid": ["dec8c380-6382-3c35-b60a-1527fafe3962"], "tracknumber": ["3"], "releasecountry": ["US"], "album": ["The Journey Home on Wings of Light"], "date": ["1991"], "title": ["Sirius Via Andromeda"], "tracktotal": ["6"], "discnumber": ["1"], "artistsort": ["Aeoliah"], "disctotal": ["1"], "genre": ["New age"], "originalyear": ["1991"], "totaldiscs": ["1"], "albumartist": ["Aeoliah"]}, "version": {"essentia_build_sha": "70f2e5ece6736b2c40cc944ad0e695b16b925413", "essentia_git_sha": "v2.1_beta2", "extractor": "music 1.0", "essentia": "2.1-beta2"}}, "tonal": {"chords_scale": "major", "hpcp": {"dmean": [0.0729565918446, 0.0730392560363, 0.0503091812134, 0.0318770185113, 0.0293193701655, 0.0427560172975, 0.0883226320148, 0.0976682454348, 0.0896273180842, 0.122596867383, 0.123000741005, 0.0927148684859, 0.0562480501831, 0.0469231083989, 0.0568724945188, 0.0969793274999, 0.100536048412, 0.0679094642401, 0.0332565456629, 0.0297791641206, 0.0420958101749, 0.0700757876039, 0.0697394087911, 0.0679240524769, 0.0788887739182, 0.0642413049936, 0.0444837398827, 0.0438011400402, 0.0531439073384, 0.0882519930601, 0.163450449705, 0.15094357729, 0.119267210364, 0.0739347785711, 0.0472242832184, 0.0421521551907], "dvar2": [0.044366274029, 0.0510297045112, 0.0243527870625, 0.0214143432677, 0.0211503896862, 0.0201453138143, 0.0551429651678, 0.0702818185091, 0.0564944520593, 0.078177087009, 0.0862791165709, 0.0621642023325, 0.0542800575495, 0.0463528819382, 0.0438538044691, 0.0585640259087, 0.0711914151907, 0.0393012464046, 0.0255179740489, 0.0220357999206, 0.0229347031564, 0.0446777530015, 0.041849128902, 0.0421285890043, 0.0748787745833, 0.0435327962041, 0.0287315677851, 0.0305980760604, 0.0385841950774, 0.0504411533475, 0.0956776663661, 0.098775178194, 0.064696021378, 0.0573222562671, 0.0354400575161, 0.0250666048378], "mean": [0.152334868908, 0.205229565501, 0.0980694741011, 0.0380289964378, 0.0394575595856, 0.0525246709585, 0.168218314648, 0.217611402273, 0.136523500085, 0.254959821701, 0.331201076508, 0.16431184113, 0.0665727704763, 0.0557928159833, 0.0663780272007, 0.201603874564, 0.260561913252, 0.119098745286, 0.0364389531314, 0.0345768965781, 0.0551278479397, 0.128369748592, 0.145983472466, 0.10765016824, 0.142786473036, 0.131574898958, 0.0594568625093, 0.0516573786736, 0.0607006698847, 0.0935970246792, 0.305282562971, 0.401727944613, 0.199510887265, 0.0617051944137, 0.0420709364116, 0.0466545633972], "var": [0.055746730417, 0.106314077973, 0.0265854857862, 0.0103694805875, 0.014325930737, 0.00936791114509, 0.062286876142, 0.0996592715383, 0.0330387912691, 0.0834856033325, 0.139021217823, 0.0439422540367, 0.0260856635869, 0.0214095599949, 0.0182071402669, 0.0717634037137, 0.122309923172, 0.0296072401106, 0.0103546334431, 0.0103541333228, 0.0117818629369, 0.0469153188169, 0.0642972886562, 0.0295522827655, 0.0709913149476, 0.0610516183078, 0.0146003430709, 0.0145377097651, 0.0194803513587, 0.0192978829145, 0.0894797518849, 0.14653134346, 0.0491912998259, 0.0166589766741, 0.013801750727, 0.0110292676836], "dmean2": [0.123176336288, 0.12332419306, 0.0844591483474, 0.0553226210177, 0.0509458333254, 0.0745329111814, 0.148807227612, 0.16554042697, 0.154118299484, 0.205291524529, 0.207874193788, 0.156745836139, 0.0991812497377, 0.0817452147603, 0.0996778905392, 0.16313110292, 0.169520184398, 0.115648441017, 0.059683483094, 0.0529156215489, 0.0735348463058, 0.118428215384, 0.115792520344, 0.116982758045, 0.137705147266, 0.109067805111, 0.0772868618369, 0.0770284086466, 0.0948375612497, 0.157089814544, 0.276544481516, 0.251717150211, 0.201859265566, 0.135311022401, 0.0874877050519, 0.0748024955392], "dvar": [0.0161366146058, 0.0198101177812, 0.00911768432707, 0.00781352631748, 0.00799867417663, 0.00716168340296, 0.0209727007896, 0.0273307878524, 0.0200294088572, 0.028758732602, 0.0342463254929, 0.0227083414793, 0.0193357784301, 0.0161382220685, 0.0152052091435, 0.0217208005488, 0.0282936338335, 0.0140291554853, 0.00871460232884, 0.00773761142045, 0.00803579296917, 0.0162917636335, 0.0167899988592, 0.0150985578075, 0.0267705060542, 0.0169493928552, 0.0102130239829, 0.0109921814874, 0.0140122286975, 0.0185370743275, 0.0367521196604, 0.0396966375411, 0.0237515959889, 0.0201567858458, 0.0123923420906, 0.00884139537811], "min": [0, 0, 0, 0, 0, 0, 0, 0, 0, 0, 0, 0, 0, 0, 0, 0, 0, 0, 0, 0, 0, 0, 0, 0, 0, 0, 0, 0, 0, 0, 0, 0, 0, 0, 0, 0], "median": [0.0282096862793, 0.0324535518885, 0.0179838053882, 0.00347777456045, 0.00203404622152, 0.0126576628536, 0.0433833003044, 0.0534937344491, 0.0648941248655, 0.118210792542, 0.145884841681, 0.0686633586884, 0.00686390139163, 0.00514404289424, 0.0179065633565, 0.0648998245597, 0.0716584920883, 0.0354168862104, 0.00551335886121, 0.00530206551775, 0.0119301546365, 0.0328532196581, 0.0336760357022, 0.0318439379334, 0.0148134808987, 0.0092460764572, 0.00784287787974, 0.00861713849008, 0.0107093080878, 0.0406492576003, 0.200542926788, 0.24857661128, 0.113544031978, 0.0107168303803, 0.00330490758643, 0.00870953500271], "max": [1, 1, 1, 1, 1, 1, 1, 1, 1, 1, 1, 1, 1, 1, 1, 1, 1, 1, 1, 1, 1, 1, 1, 1, 1, 1, 1, 1, 1, 1, 1, 1, 1, 1, 1, 1]}, "tuning_equal_tempered_deviation": 0.271960914135, "chords_key": "G", "chords_strength": {"dmean": 0.00870367139578, "dvar2": 0.00108760467265, "mean": 0.554543197155, "var": 0.0541405230761, "dmean2": 0.00703347474337, "dvar": 0.00058036315022, "min": -1, "median": 0.592394113541, "max": 0.804509758949}, "tuning_diatonic_strength": 0.688905835152, "thpcp": [1, 0.496631830931, 0.153599455953, 0.104724943638, 0.116134725511, 0.37919908762, 0.510867059231, 0.244119122624, 0.0946635603905, 0.0982196033001, 0.130746871233, 0.41873690486, 0.541688501835, 0.339840680361, 0.634657919407, 0.824441194534, 0.40901273489, 0.165716052055, 0.138882085681, 0.165231287479, 0.501841783524, 0.648602902889, 0.296466171741, 0.0907055437565, 0.0860704258084, 0.137226819992, 0.319543987513, 0.363388895988, 0.26796784997, 0.355430781841, 0.327522397041, 0.148002803326, 0.128587961197, 0.151098951697, 0.232986092567, 0.759923636913], "chords_histogram": [20.4050788879, 1.78355503082, 27.9171695709, 0.967351853848, 1.9347037077, 0.241837963462, 3.03808951378, 0.0755743682384, 0.166263610125, 0.256952852011, 0, 0, 0.362756967545, 1.2998790741, 2.61487293243, 1.79866993427, 0.226723089814, 3.86940741539, 0, 4.45888757706, 4.57980632782, 2.62998795509, 15.2055625916, 6.16686820984], "tuning_nontempered_energy_ratio": 0.976181089878, "tuning_frequency": 434.193115234, "key_strength": 0.9039503932, "chords_changes_rate": 0.0347642078996, "key_scale": "major", "hpcp_entropy": {"dmean": 0.553560256958, "dvar2": 0.59098637104, "mean": 1.68480026722, "var": 0.605862140656, "dmean2": 0.934340000153, "dvar": 0.21741092205, "min": 0, "median": 1.73642611504, "max": 4.30882549286}, "key_key": "C", "chords_number_rate": 0.00211608223617}, "lowlevel": {"melbands_skewness": {"dmean": 0.464245736599, "dvar2": 0.505210876465, "mean": 0.861512362957, "var": 1.21125221252, "dmean2": 0.750890135765, "dvar": 0.188369378448, "min": -2.48261857033, "median": 0.691652417183, "max": 23.6879749298}, "melbands_kurtosis": {"dmean": 1.96219861507, "dvar2": 67.8047714233, "mean": 2.76190066338, "var": 147.356307983, "dmean2": 3.24642086029, "dvar": 29.8717384338, "min": -1.82008337975, "median": 0.51979970932, "max": 602.518432617}, "barkbands_kurtosis": {"dmean": 1.50609779358, "dvar2": 44.2756881714, "mean": 1.65267217159, "var": 69.1349182129, "dmean2": 2.51072502136, "dvar": 16.1045284271, "min": -1.77228784561, "median": 0.282856106758, "max": 338.721160889}, "hfc": {"dmean": 5.92875957489, "dvar2": 310.618927002, "mean": 21.1499195099, "var": 1581.90380859, "dmean2": 9.57469463348, "dvar": 117.822715759, "min": 1.05132968407e-16, "median": 13.2588424683, "max": 565.57043457}, "silence_rate_20dB": {"dmean": 0.00257011107169, "dvar2": 0.00662303995341, "mean": 0.991912305355, "var": 0.00802508182824, "dmean2": 0.00514061097056, "dvar": 0.0025643883273, "min": 0, "median": 1, "max": 1}, "erbbands_flatness_db": {"dmean": 0.0205873772502, "dvar2": 0.000744196062442, "mean": 0.256907641888, "var": 0.00310282339342, "dmean2": 0.0325156934559, "dvar": 0.000303460721625, "min": 0.0354394763708, "median": 0.253227561712, "max": 0.492271482944}, "spectral_flux": {"dmean": 0.0151077304035, "dvar2": 0.000965098442975, "mean": 0.0658902451396, "var": 0.00343299191445, "dmean2": 0.0254783388227, "dvar": 0.000356888864189, "min": 6.39326369622e-11, "median": 0.0613441541791, "max": 0.80691421032}, "spectral_energyband_low": {"dmean": 0.00379508687183, "dvar2": 0.00247830664739, "mean": 0.0053852009587, "var": 0.0012020728318, "dmean2": 0.00659028114751, "dvar": 0.000828431744594, "min": 1.54810181894e-23, "median": 0.00099671445787, "max": 1.28598749638}, "spectral_rolloff": {"dmean": 197.634155273, "dvar2": 352263.84375, "mean": 1656.65319824, "var": 7300937.5, "dmean2": 354.37310791, "dvar": 153011.5625, "min": 21.533203125, "median": 1184.32617188, "max": 19659.8144531}, "spectral_entropy": {"dmean": 0.136326789856, "dvar2": 0.0370693355799, "mean": 6.69594812393, "var": 0.591739952564, "dmean2": 0.214776113629, "dvar": 0.0154691478238, "min": 3.58687925339, "median": 6.74855136871, "max": 9.82661628723}, "spectral_energy": {"dmean": 0.00791394617409, "dvar2": 0.00225620320998, "mean": 0.0262636430562, "var": 0.00358074437827, "dmean2": 0.0129242241383, "dvar": 0.000785768905189, "min": 9.88388339637e-21, "median": 0.0171568840742, "max": 1.48360526562}, "spectral_centroid": {"dmean": 123.170135498, "dvar2": 74230.765625, "mean": 1241.13269043, "var": 2465765.5, "dmean2": 197.505493164, "dvar": 32334.7851562, "min": 147.054214478, "median": 1002.83862305, "max": 11944.1621094}, "barkbands_flatness_db": {"dmean": 0.0190611705184, "dvar2": 0.000751241634134, "mean": 0.204483866692, "var": 0.00741892540827, "dmean2": 0.0307301878929, "dvar": 0.000276957434835, "min": 0.0491984710097, "median": 0.181871682405, "max": 0.574789583683}, "spectral_rms": {"dmean": 0.000598291109782, "dvar2": 1.66620270647e-06, "mean": 0.00409765727818, "var": 8.83239044924e-06, "dmean2": 0.000956912816036, "dvar": 6.19563820692e-07, "min": 3.10528794518e-12, "median": 0.00409126188606, "max": 0.0380449704826}, "melbands": {"dmean": [0.000879901926965, 0.000648779619951, 0.000174783461262, 0.000197264147573, 0.000151515967445, 0.000136942020617, 0.000125598424347, 0.000172452186234, 0.000130249754875, 0.000120433527627, 0.000263447524048, 0.000145177968079, 0.000253360165516, 0.000180418239324, 0.000114346228656, 7.21886390238e-05, 6.41813021502e-05, 3.97025833081e-05, 3.20653125527e-05, 4.16952025262e-05, 1.84665332199e-05, 1.16916653496e-05, 7.04334979673e-06, 4.8322267503e-06, 6.01357032792e-06, 3.2443604141e-06, 1.80793642812e-06, 1.31690842409e-06, 9.73276883087e-07, 6.4176572323e-07, 3.4597570675e-07, 2.41901830123e-07, 1.49418596607e-07, 1.63750868865e-07, 2.33047231291e-07, 5.55966686022e-08, 2.2882112205e-08, 2.07292334409e-08, 5.11317921337e-08, 4.57930440234e-08], "dvar2": [0.000209824749618, 3.89464585169e-05, 7.48508114157e-07, 1.19730850656e-06, 4.26325470926e-07, 4.32375912851e-07, 3.02909427319e-07, 9.02496992694e-07, 6.09784308381e-07, 2.98603140436e-07, 2.19479238694e-06, 3.96977924311e-07, 9.53059725362e-07, 5.61077627026e-07, 4.31114898447e-07, 2.53010682627e-07, 1.71974278373e-07, 5.89078723578e-08, 4.32468141298e-08, 4.63543905482e-08, 1.49613814671e-08, 7.74895703159e-09, 4.74570960307e-09, 3.44016415355e-09, 4.6690371569e-09, 2.15756124078e-09, 9.35629906884e-10, 4.19238338489e-10, 2.70311550921e-10, 1.12711132094e-10, 2.86163384655e-11, 2.02681083722e-11, 1.77282288242e-12, 2.14308540532e-12, 7.35890601927e-12, 4.35247270083e-13, 2.93375858275e-14, 1.3599906791e-14, 2.82131197744e-13, 3.33861492055e-13], "mean": [0.00104979227763, 0.000897298916243, 0.000356014148565, 0.000430049811257, 0.000339103193255, 0.00028986169491, 0.000300524901832, 0.000352063507307, 0.000264624046395, 0.000203684990993, 0.00042552256491, 0.000235816754866, 0.000396920921048, 0.000283791683614, 0.000181942828931, 0.000116576207802, 0.000103033038613, 6.79775184835e-05, 5.22013287991e-05, 7.26447251509e-05, 3.20811850543e-05, 2.15867166844e-05, 1.28433221107e-05, 9.46355248743e-06, 1.14325066534e-05, 5.92911874264e-06, 3.69093481822e-06, 2.86186013909e-06, 2.18436457544e-06, 1.4316948409e-06, 8.23389882498e-07, 5.54242603812e-07, 3.78121683298e-07, 4.25738306831e-07, 5.65710990941e-07, 1.67669867324e-07, 7.4518936799e-08, 7.29775422315e-08, 1.52577911194e-07, 9.82104495506e-08], "var": [8.46792172524e-05, 1.93728610611e-05, 7.56180781991e-07, 8.77721333836e-07, 4.56379098068e-07, 3.4488019196e-07, 3.15047913091e-07, 6.57843031604e-07, 5.15891883879e-07, 2.38809633402e-07, 2.04639809454e-06, 2.90837107286e-07, 7.69264374867e-07, 4.74716756571e-07, 3.16057594318e-07, 1.61002375876e-07, 1.29560064011e-07, 5.51792922465e-08, 2.96831412783e-08, 4.22964667735e-08, 1.41122997732e-08, 8.85951667584e-09, 5.39994093884e-09, 3.14126391565e-09, 3.29680838185e-09, 1.3875444127e-09, 7.482022224e-10, 4.27912733025e-10, 3.50002055116e-10, 1.55588597561e-10, 4.57575817514e-11, 2.92653644374e-11, 4.53342571816e-12, 5.55495233145e-12, 1.2289388257e-11, 1.01460788555e-12, 1.27586282468e-13, 1.2182685145e-13, 1.35868735967e-12, 2.71969160517e-13], "dmean2": [0.00155416957568, 0.00112197047565, 0.000295271805953, 0.000322126434185, 0.000243003087235, 0.000218918692553, 0.000186244898941, 0.000259128515609, 0.000199017013074, 0.000190455364645, 0.000410324922996, 0.000239009517827, 0.000410467298934, 0.000295384437777, 0.00019581586821, 0.000124238227727, 0.000108112923044, 6.69627697789e-05, 5.44497852388e-05, 6.95072303643e-05, 3.04638979287e-05, 1.92314782907e-05, 1.20956947285e-05, 8.30644239613e-06, 1.02892145151e-05, 5.61701563129e-06, 3.09513575303e-06, 2.28934618463e-06, 1.68784788457e-06, 1.09368045287e-06, 5.8451695395e-07, 4.0095179088e-07, 2.30347794172e-07, 2.46049296493e-07, 3.92360107071e-07, 9.0004768083e-08, 3.74693236438e-08, 3.02897689153e-08, 7.31835143597e-08, 7.19671930938e-08], "dvar": [6.94654372637e-05, 1.38116938615e-05, 2.61132839796e-07, 4.03977196584e-07, 1.55671131097e-07, 1.52757962724e-07, 1.12119245443e-07, 3.30124521497e-07, 2.25209177529e-07, 1.13462704121e-07, 9.08967479063e-07, 1.47533910422e-07, 3.85401676795e-07, 2.15795552094e-07, 1.49671066652e-07, 8.30871726976e-08, 6.09186585621e-08, 2.219845463e-08, 1.54248436246e-08, 1.68335425599e-08, 6.23123641574e-09, 2.92433721683e-09, 1.71763159251e-09, 1.07573172592e-09, 1.57081991858e-09, 6.70370203792e-10, 3.04833103204e-10, 1.42955675075e-10, 9.11084124811e-11, 3.85544998704e-11, 1.03038263685e-11, 6.95798496944e-12, 8.27281439967e-13, 1.12282123703e-12, 2.55945264982e-12, 1.6701956929e-13, 1.32046761356e-14, 9.15768485078e-15, 1.59236108999e-13, 1.28629745744e-13], "min": [5.34484817723e-25, 1.00675641598e-24, 7.74590411446e-25, 9.84077946853e-25, 1.04516023561e-24, 1.42436547553e-24, 8.35659881208e-25, 1.1568955789e-24, 1.03074439421e-24, 1.8026763444e-24, 2.05823355389e-24, 1.94067592407e-24, 2.15359835708e-24, 1.56382494091e-24, 1.86093313061e-24, 2.29989241474e-24, 2.91547588061e-24, 2.06548003017e-24, 3.56712961694e-24, 2.5173346263e-24, 3.51156343806e-24, 2.50116711926e-24, 3.05772130688e-24, 3.28929793371e-24, 3.57087670624e-24, 3.65704950494e-24, 4.12845897683e-24, 4.11646000803e-24, 3.89366557245e-24, 4.19379914232e-24, 4.04288729014e-24, 3.79699500725e-24, 4.78076648164e-24, 5.78295746374e-24, 5.75031006074e-24, 4.59592572192e-24, 5.15790155333e-24, 5.63752148953e-24, 5.67624509364e-24, 4.77652793199e-24], "median": [4.87131110276e-05, 0.000218277738895, 0.000172102649231, 0.000204740586923, 0.000150280684466, 0.000110563152703, 0.000116111608804, 0.000130357191665, 8.12243379187e-05, 4.16850452893e-05, 6.60657678964e-05, 5.46117080376e-05, 7.02789111529e-05, 6.55516050756e-05, 4.37937524111e-05, 1.6727077309e-05, 1.44244495459e-05, 8.14384657133e-06, 5.30775560037e-06, 7.16625436326e-06, 4.38685674453e-06, 2.98848863167e-06, 1.67873258761e-06, 1.41690361488e-06, 1.23848792555e-06, 7.90816159224e-07, 4.9024913551e-07, 3.77959679554e-07, 2.40480460434e-07, 1.3280985911e-07, 7.94768766355e-08, 5.12407822839e-08, 4.28360493743e-08, 3.38849872605e-08, 3.3447644654e-08, 2.30884200647e-08, 2.02666132765e-08, 1.44224125975e-08, 1.2417737949e-08, 6.8663057462e-09], "max": [0.360874354839, 0.197948083282, 0.032809946686, 0.0344418287277, 0.0191366188228, 0.0126308202744, 0.0115519193932, 0.0287304129452, 0.0210728980601, 0.0089715719223, 0.0339569039643, 0.011790631339, 0.0167712382972, 0.0138989156112, 0.021852908656, 0.0117005668581, 0.00962068233639, 0.00834231451154, 0.00539188925177, 0.00571336736903, 0.00518319755793, 0.00232198974118, 0.00198598718271, 0.00173589715268, 0.00292344926856, 0.00158841058146, 0.000986531609669, 0.000853667035699, 0.000540287524927, 0.000380059122108, 0.000249681615969, 0.000174798231455, 7.98097898951e-05, 7.38989183446e-05, 7.42762349546e-05, 2.4099719667e-05, 8.76221929502e-06, 8.03546299721e-06, 3.31177470798e-05, 1.77993497346e-05]}, "barkbands_crest": {"dmean": 2.69213628769, "dvar2": 16.1825275421, "mean": 9.76255607605, "var": 16.5296592712, "dmean2": 4.45318889618, "dvar": 5.95029401779, "min": 2.53400683403, "median": 8.80370330811, "max": 26.8531894684}, "mfcc": {"icov": [[0.000141944095958, -0.000163891832926, 0.000262616056716, -6.44594038022e-05, 0.0001809882815, -0.000137779075885, 9.43334234762e-05, -0.000133747904329, 0.000214143423364, 3.38338177244e-05, 0.000268232746748, 0.000185652126675, -7.47535159462e-05], [-0.000163891832926, 0.000770181359258, -0.000238121589064, 0.000163287302712, -0.000349194247974, 1.86842753465e-05, -0.000496394000947, 3.03520500893e-05, -0.000228716715355, 6.84077022015e-05, -0.000228404765949, -0.000411940942286, 0.000288389244815], [0.000262616056716, -0.000238121589064, 0.00110804336146, -0.000173851236468, 4.26986916864e-05, -0.000716895097867, -0.00024607317755, -0.000585603062063, 0.000196240725927, 0.000345844397089, 0.000399131735321, 0.000618702557404, 8.67423514137e-05], [-6.44594038022e-05, 0.000163287302712, -0.000173851236468, 0.00267722853459, -5.67985480302e-05, -0.000288943876512, -0.000650809262879, -0.000481496710563, -0.000923011219129, 0.000781522947364, 0.00027337326901, -0.000425047852332, 0.00069778400939], [0.0001809882815, -0.000349194247974, 4.26986916864e-05, -5.67985480302e-05, 0.00577329751104, -0.000302440370433, 0.000905696593691, 0.00024627201492, -0.00110744230915, -0.000598321668804, -9.94268993963e-05, 0.000367958244169, -0.000450681167422], [-0.000137779075885, 1.86842753465e-05, -0.000716895097867, -0.000288943876512, -0.000302440370433, 0.00534062599763, -0.00035497060162, 0.00107529945672, -0.000385590217775, -0.000577856553718, -0.00119796895888, -0.000258440384641, -0.000476491171867], [9.43334234762e-05, -0.000496394000947, -0.00024607317755, -0.000650809262879, 0.000905696593691, -0.00035497060162, 0.00644747447222, -0.00161185313482, 0.000351834140019, -0.000498357461765, 0.000448226201115, -0.000885206449311, 0.00041720023728], [-0.000133747904329, 3.03520500893e-05, -0.000585603062063, -0.000481496710563, 0.00024627201492, 0.00107529945672, -0.00161185313482, 0.00838216207922, -0.00111899361946, 0.000419078074628, -0.00169826799538, 0.000340004102327, 0.000250803190283], [0.000214143423364, -0.000228716715355, 0.000196240725927, -0.000923011219129, -0.00110744230915, -0.000385590217775, 0.000351834140019, -0.00111899361946, 0.00906967744231, -0.00199857773259, 0.00174806069117, -0.00022617301147, -0.0019207156729], [3.38338177244e-05, 6.84077022015e-05, 0.000345844397089, 0.000781522947364, -0.000598321668804, -0.000577856553718, -0.000498357461765, 0.000419078074628, -0.00199857773259, 0.0103458408266, -0.00270710629411, 0.00106876587961, 0.00189931283239], [0.000268232746748, -0.000228404765949, 0.000399131735321, 0.00027337326901, -9.94268993963e-05, -0.00119796895888, 0.000448226201115, -0.00169826799538, 0.00174806069117, -0.00270710629411, 0.00859805848449, -0.00186977651902, 0.0001027476319], [0.000185652126675, -0.000411940942286, 0.000618702557404, -0.000425047852332, 0.000367958244169, -0.000258440384641, -0.000885206449311, 0.000340004102327, -0.00022617301147, 0.00106876587961, -0.00186977651902, 0.00923178996891, -0.00177703250665], [-7.47535159462e-05, 0.000288389244815, 8.67423514137e-05, 0.00069778400939, -0.000450681167422, -0.000476491171867, 0.00041720023728, 0.000250803190283, -0.0019207156729, 0.00189931283239, 0.0001027476319, -0.00177703250665, 0.00684432033449]], "mean": [-740.813476562, 173.473373413, -17.7354812622, -0.339069724083, -2.49808192253, -0.0568405352533, 2.33861041069, 1.86725735664, -4.41931533813, -2.40275406837, -4.93253469467, 0.180729717016, 2.88263130188], "cov": [[18454.5878906, 2146.27783203, -3864.38964844, -102.225479126, -465.85546875, -196.346435547, -217.184143066, -103.364494324, -323.299163818, -149.629882812, -376.901733398, -76.5985641479, 79.7711105347], [2146.27783203, 1871.11120605, -49.9750022888, -3.43298196793, 16.7196140289, 40.1710700989, 130.250793457, 42.3960037231, -10.1210250854, -6.6329293251, 3.25396776199, 46.6660461426, -48.9431114197], [-3864.38964844, -49.9750022888, 2054.52905273, 158.335357666, 92.3412399292, 180.214263916, 164.830810547, 116.915733337, 63.8789787292, -10.2778511047, 34.151473999, -45.7819900513, -69.607673645], [-102.225479126, -3.43298196793, 158.335357666, 443.519500732, -3.46543836594, 29.8844490051, 66.3897323608, 46.502696991, 40.0366706848, -29.7979412079, -23.1903305054, 11.4386558533, -29.2717971802], [-465.85546875, 16.7196140289, 92.3412399292, -3.46543836594, 203.858581543, 20.9945526123, -20.7544898987, -7.29736995697, 39.6121177673, 19.341835022, 13.3273906708, -1.16417253017, 15.0547246933], [-196.346435547, 40.1710700989, 180.214263916, 29.8844490051, 20.9945526123, 222.677841187, 22.3858680725, -7.14410161972, 14.6181907654, 15.3905572891, 30.3366699219, 9.17831707001, 8.37332439423], [-217.184143066, 130.250793457, 164.830810547, 66.3897323608, -20.7544898987, 22.3858680725, 201.477828979, 49.5694656372, 2.37541556358, 2.38803529739, 6.98037004471, 17.2819976807, -26.2373981476], [-103.364494324, 42.3960037231, 116.915733337, 46.502696991, -7.29736995697, -7.14410161972, 49.5694656372, 145.245254517, 13.3445158005, -1.23079764843, 19.3966312408, -0.688702881336, -14.8434267044], [-323.299163818, -10.1210250854, 63.8789787292, 40.0366706848, 39.6121177673, 14.6181907654, 2.37541556358, 13.3445158005, 140.067764282, 16.0159378052, -11.5851669312, 7.56921958923, 31.9981021881], [-149.629882812, -6.6329293251, -10.2778511047, -29.7979412079, 19.341835022, 15.3905572891, 2.38803529739, -1.23079764843, 16.0159378052, 121.961402893, 41.4860992432, -8.78800868988, -28.1964530945], [-376.901733398, 3.25396776199, 34.151473999, -23.1903305054, 13.3273906708, 30.3366699219, 6.98037004471, 19.3966312408, -11.5851669312, 41.4860992432, 157.092254639, 29.4576644897, -9.9424905777], [-76.5985641479, 46.6660461426, -45.7819900513, 11.4386558533, -1.16417253017, 9.17831707001, 17.2819976807, -0.688702881336, 7.56921958923, -8.78800868988, 29.4576644897, 131.307510376, 34.358039856], [79.7711105347, -48.9431114197, -69.607673645, -29.2717971802, 15.0547246933, 8.37332439423, -26.2373981476, -14.8434267044, 31.9981021881, -28.1964530945, -9.9424905777, 34.358039856, 182.498031616]]}, "spectral_decrease": {"dmean": 1.97878513575e-09, "dvar2": 1.5581675314e-16, "mean": -6.45041087211e-09, "var": 2.25735789221e-16, "dmean2": 3.23483639875e-09, "dvar": 5.40698982017e-17, "min": -3.86701174193e-07, "median": -4.2110515075e-09, "max": 2.39324480833e-28}, "zerocrossingrate": {"dmean": 0.00421005534008, "dvar2": 0.000102540638181, "mean": 0.0557860396802, "var": 0.00503643974662, "dmean2": 0.00566026801243, "dvar": 5.41518857062e-05, "min": 0, "median": 0.0458984375, "max": 0.52294921875}, "spectral_contrast_coeffs": {"dmean": [0.0473813265562, 0.0394150875509, 0.0414440780878, 0.0339424461126, 0.0210563335568, 0.0153277656063], "dvar2": [0.00414443248883, 0.00269282911904, 0.00290991389193, 0.00211150594987, 0.000867284194101, 0.000576079241], "mean": [-0.649307310581, -0.714996099472, -0.687949001789, -0.703551471233, -0.75511598587, -0.779472112656], "var": [0.00965167395771, 0.0071591460146, 0.00996047072113, 0.0091805383563, 0.00639678305015, 0.00466207694262], "dmean2": [0.0810741335154, 0.0634523555636, 0.067560762167, 0.0560979619622, 0.0350547283888, 0.0247167907655], "dvar": [0.00144031923264, 0.00102156237699, 0.00112191680819, 0.000778539513703, 0.000322457723087, 0.000242595982854], "min": [-0.984082937241, -0.978670656681, -0.97939234972, -0.993981122971, -0.986091077328, -0.964842677116], "median": [-0.642716050148, -0.712346076965, -0.681777358055, -0.694046258926, -0.74371868372, -0.777261257172], "max": [-0.323343127966, -0.454588383436, -0.363614916801, -0.424978226423, -0.490913152695, -0.467886030674]}, "spectral_skewness": {"dmean": 0.481853365898, "dvar2": 0.862879693508, "mean": 3.12676143646, "var": 4.54619121552, "dmean2": 0.829102575779, "dvar": 0.298321574926, "min": -0.0799039527774, "median": 2.56612086296, "max": 13.656255722}, "spectral_energyband_middle_high": {"dmean": 0.00438143406063, "dvar2": 0.000167230740772, "mean": 0.0115678692237, "var": 0.000423214485636, "dmean2": 0.00706410827115, "dvar": 6.50175352348e-05, "min": 1.07640926274e-21, "median": 0.00628712400794, "max": 0.371973216534}, "gfcc": {"icov": [[0.000204929543543, -0.000592449912801, 0.000561029068194, -0.000540124136023, 0.000492153922096, -0.000669242115691, 0.000494751438964, -0.000525769952219, 0.000815633451566, -0.000262738583842, 0.000359868106898, -0.000290139665594, 0.000102913189039], [-0.000592449912801, 0.00245806248859, -0.0016525501851, 0.0021163620986, -0.00166945543606, 0.0021874490194, -0.00194964779075, 0.002159105381, -0.00251171691343, 0.00135791581124, -0.00128632376436, 0.00129075429868, -0.00057970470516], [0.000561029068194, -0.0016525501851, 0.0020237993449, -0.00131580058951, 0.00100074335933, -0.00230401614681, 0.00105349905789, -0.0013051785063, 0.00232237600721, -0.000507623772137, 0.00132336106617, -0.000861495966092, 0.000270841119345], [-0.000540124136023, 0.0021163620986, -0.00131580058951, 0.00488888146356, -0.00125346751884, 0.00171774462797, -0.00211693183519, 0.00215809908696, -0.0025176811032, 0.00152511138003, -0.000413280358771, 0.000938934274018, -0.000763593532611], [0.000492153922096, -0.00166945543606, 0.00100074335933, -0.00125346751884, 0.00510918721557, -0.000522383721545, -4.93580155307e-05, -0.00185696699191, 0.00108970608562, -0.0020577441901, 0.00146145990584, -0.000929972040467, -0.000335299700964], [-0.000669242115691, 0.0021874490194, -0.00230401614681, 0.00171774462797, -0.000522383721545, 0.00746869295835, -0.00127987284213, 0.00250432407483, -0.00389450555667, 0.00108508660924, -0.00259048258886, 0.00261174142361, -0.000412756518926], [0.000494751438964, -0.00194964779075, 0.00105349905789, -0.00211693183519, -4.93580155307e-05, -0.00127987284213, 0.00594841083512, -0.00148208683822, 0.00172353023663, -0.000483685173094, -0.00117422000039, -0.00101525173523, 0.000576123828068], [-0.000525769952219, 0.002159105381, -0.0013051785063, 0.00215809908696, -0.00185696699191, 0.00250432407483, -0.00148208683822, 0.00797954294831, -0.00249385763891, 0.00166252965573, -0.00129785703029, 0.000525358598679, -0.000418966956204], [0.000815633451566, -0.00251171691343, 0.00232237600721, -0.0025176811032, 0.00108970608562, -0.00389450555667, 0.00172353023663, -0.00249385763891, 0.0103015098721, -0.0039060076233, 0.00178675795905, -0.00233227503486, 8.88704380486e-05], [-0.000262738583842, 0.00135791581124, -0.000507623772137, 0.00152511138003, -0.0020577441901, 0.00108508660924, -0.000483685173094, 0.00166252965573, -0.0039060076233, 0.0101240742952, -0.00296960934065, 0.000140303192893, -0.000151975647896], [0.000359868106898, -0.00128632376436, 0.00132336106617, -0.000413280358771, 0.00146145990584, -0.00259048258886, -0.00117422000039, -0.00129785703029, 0.00178675795905, -0.00296960934065, 0.012249992229, -0.00347148347646, 0.000921710510738], [-0.000290139665594, 0.00129075429868, -0.000861495966092, 0.000938934274018, -0.000929972040467, 0.00261174142361, -0.00101525173523, 0.000525358598679, -0.00233227503486, 0.000140303192893, -0.00347148347646, 0.0134958690032, -0.00187177211046], [0.000102913189039, -0.00057970470516, 0.000270841119345, -0.000763593532611, -0.000335299700964, -0.000412756518926, 0.000576123828068, -0.000418966956204, 8.88704380486e-05, -0.000151975647896, 0.000921710510738, -0.00187177211046, 0.00972820073366]], "mean": [-121.739387512, 146.462112427, -132.097488403, -7.04375171661, -46.175365448, 4.87713623047, -28.4309387207, -2.1624751091, -20.4068965912, -7.83884334564, -7.01547908783, -6.4368429184, -6.91397571564], "cov": [[42932.03125, 1667.99914551, -7307.45703125, 574.161865234, -1985.59533691, 219.76902771, -1322.19726562, 55.1930809021, -867.107055664, -438.804931641, -149.51574707, -223.272689819, -112.421302795], [1667.99914551, 2075.93676758, 528.923095703, -246.380645752, 261.342895508, -79.3598251343, 302.637420654, -127.937438965, 20.9054412842, -52.4834442139, 43.700012207, -29.2452869415, 43.4245491028], [-7307.45703125, 528.923095703, 2690.91235352, -116.455039978, 300.782043457, 150.114974976, 260.298919678, -68.8352813721, 24.5738105774, -37.8984222412, -29.2224407196, -13.6370849609, 22.4495162964], [574.161865234, -246.380645752, -116.455039978, 348.905212402, -35.2477264404, 11.0972700119, 6.28848648071, -16.5781097412, 4.21336841583, -19.7639026642, -19.6833324432, -2.11831212044, 9.15259552002], [-1985.59533691, 261.342895508, 300.782043457, -35.2477264404, 420.137054443, -75.7480926514, 165.412841797, 22.2597465515, 78.2481536865, 66.2110824585, 14.9503316879, 30.3595409393, 32.6119384766], [219.76902771, -79.3598251343, 150.114974976, 11.0972700119, -75.7480926514, 245.675598145, -30.0879421234, -32.1688842773, 20.582529068, -3.61619901657, 13.234667778, -26.8739433289, -8.82203292847], [-1322.19726562, 302.637420654, 260.298919678, 6.28848648071, 165.412841797, -30.0879421234, 331.101074219, -2.91803359985, 40.283203125, 21.2743282318, 53.0697555542, 22.7276573181, 9.26784038544], [55.1930809021, -127.937438965, -68.8352813721, -16.5781097412, 22.2597465515, -32.1688842773, -2.91803359985, 173.18812561, 6.2918548584, 0.228190019727, 3.16138768196, 13.1011476517, 1.60867118835], [-867.107055664, 20.9054412842, 24.5738105774, 4.21336841583, 78.2481536865, 20.582529068, 40.283203125, 6.2918548584, 188.260452271, 68.0787200928, 19.3913955688, 23.5228862762, 13.5533084869], [-438.804931641, -52.4834442139, -37.8984222412, -19.7639026642, 66.2110824585, -3.61619901657, 21.2743282318, 0.228190019727, 68.0787200928, 146.804031372, 35.6018714905, 21.389919281, 4.31082487106], [-149.51574707, 43.700012207, -29.2224407196, -19.6833324432, 14.9503316879, 13.234667778, 53.0697555542, 3.16138768196, 19.3913955688, 35.6018714905, 112.99041748, 25.9655380249, -3.80599331856], [-223.272689819, -29.2452869415, -13.6370849609, -2.11831212044, 30.3595409393, -26.8739433289, 22.7276573181, 13.1011476517, 23.5228862762, 21.389919281, 25.9655380249, 92.5231933594, 15.4182739258], [-112.421302795, 43.4245491028, 22.4495162964, 9.15259552002, 32.6119384766, -8.82203292847, 9.26784038544, 1.60867118835, 13.5533084869, 4.31082487106, -3.80599331856, 15.4182739258, 110.20514679]]}, "erbbands_spread": {"dmean": 3.94859266281, "dvar2": 33.0609741211, "mean": 16.1581096649, "var": 75.7829666138, "dmean2": 6.31058120728, "dvar": 13.2930927277, "min": 1.05367004871, "median": 14.5578451157, "max": 100.920921326}, "erbbands_kurtosis": {"dmean": 1.59069669247, "dvar2": 12.854434967, "mean": 1.89555191994, "var": 15.3264169693, "dmean2": 2.57012438774, "dvar": 5.21680831909, "min": -1.70570170879, "median": 0.861517429352, "max": 59.6729812622}, "dynamic_complexity": 5.91984844208, "erbbands_crest": {"dmean": 3.69163441658, "dvar2": 28.0578842163, "mean": 13.4797830582, "var": 34.3829917908, "dmean2": 6.04953956604, "dvar": 10.8410768509, "min": 2.15137481689, "median": 12.3569746017, "max": 33.1069602966}, "erbbands": {"dmean": [0.103244699538, 0.663134336472, 1.09118950367, 0.840559124947, 2.363676548, 3.32193350792, 4.35902786255, 6.20416164398, 8.1054391861, 15.5582017899, 16.0872020721, 19.4429302216, 52.3586387634, 36.9286231995, 77.4500045776, 58.681854248, 38.7460823059, 31.3059139252, 24.5121593475, 25.2554359436, 17.5470275879, 9.40032291412, 5.14816951752, 6.57408094406, 3.61484265327, 1.82360756397, 1.29870426655, 0.569365382195, 0.345568746328, 0.278618663549, 0.289365410805, 0.0532874390483, 0.0373605787754, 0.0556923225522, 0.00918737892061, 0.00238832621835, 0.000546891533304, 9.60227189353e-05, 2.55920822383e-05, 1.00525321614e-05], "dvar2": [3.32242178917, 86.9996414185, 50.238117218, 27.4943885803, 122.012130737, 382.64553833, 332.917938232, 977.514221191, 1153.81018066, 7744.671875, 9986.17089844, 8283.18847656, 86882.9921875, 22218.4375, 89884.5625, 90819.53125, 54328.2460938, 37490.1523438, 21052.5800781, 18658.5898438, 10343.3603516, 5338.79248047, 3580.08203125, 5393.13525391, 2562.23168945, 673.526977539, 438.073852539, 69.9444198608, 31.9419555664, 4.80173826218, 9.85073471069, 0.190974235535, 0.0769715309143, 0.400308161974, 0.0024550082162, 5.71584605495e-05, 2.50364450949e-06, 1.29245009362e-07, 6.6171130797e-09, 2.90449531093e-09], "mean": [0.120718047023, 0.753523945808, 1.56588292122, 1.458537817, 4.90002822876, 6.85628461838, 9.54700565338, 12.8267421722, 19.4486236572, 31.4390716553, 34.1331939697, 34.1516952515, 85.6836013794, 63.0707435608, 126.352058411, 94.0955123901, 65.6241989136, 54.6912994385, 43.7283859253, 45.3056983948, 33.2802314758, 18.7448425293, 11.2710351944, 13.5921697617, 7.41953516006, 4.58354568481, 3.26076769829, 1.64611053467, 0.913093924522, 0.790040075779, 0.762777924538, 0.192458376288, 0.135147288442, 0.135207012296, 0.0170331466943, 0.00351247144863, 0.000875141297001, 0.000126646933495, 5.13233389938e-05, 3.45542030118e-05], "var": [1.24816930294, 35.1668395996, 27.7704524994, 19.0525169373, 116.798187256, 242.940383911, 376.516387939, 732.383728027, 1285.38342285, 5197.99267578, 8785.35644531, 6423.28662109, 81055.15625, 16901.7539062, 79252.421875, 65869.5234375, 43888.0546875, 33354.6914062, 20208.5957031, 15547.0292969, 11261.0361328, 6839.87646484, 4469.34326172, 4357.34667969, 2058.95214844, 944.274536133, 752.849365234, 165.25302124, 58.4457473755, 15.1140823364, 19.8810539246, 0.844074368477, 0.660784900188, 0.471453875303, 0.0037375013344, 3.09434908559e-05, 1.7190905055e-06, 5.13263920254e-08, 4.9162709459e-09, 4.99719421398e-09], "dmean2": [0.181151807308, 1.17498588562, 1.85627496243, 1.45389437675, 3.85346841812, 5.48434782028, 6.92568159103, 10.0441484451, 12.0528297424, 23.4034442902, 24.4061145782, 30.7482452393, 81.4515304565, 60.6354484558, 123.921966553, 98.1073608398, 66.7226409912, 52.7068023682, 41.0420188904, 43.00598526, 29.1198997498, 15.5300750732, 8.75501918793, 11.2577772141, 6.21386623383, 3.12915968895, 2.2476849556, 0.955043971539, 0.568213045597, 0.418509423733, 0.485018193722, 0.0872926190495, 0.0534913800657, 0.0845914930105, 0.0143831027672, 0.00377217237838, 0.000822828558739, 0.000154898109031, 3.95747956645e-05, 1.62674296007e-05], "dvar": [1.08569645882, 30.3023376465, 17.8839054108, 9.28990077972, 42.760181427, 128.702545166, 123.892539978, 343.3878479, 432.094421387, 2835.69848633, 3747.29125977, 3107.62890625, 35977.3242188, 8280.94238281, 37724.2226562, 32812.28125, 18648.9316406, 13219.1953125, 7785.96435547, 6269.87353516, 4138.671875, 1991.27209473, 1214.86645508, 1783.49609375, 801.575561523, 228.664642334, 149.9896698, 25.2868785858, 11.0456314087, 2.47909402847, 3.58954906464, 0.0817499160767, 0.0492891743779, 0.163043662906, 0.00107747188304, 2.16665157495e-05, 1.09616735244e-06, 4.70141117148e-08, 2.55972576468e-09, 1.0131204764e-09], "min": [6.60189739862e-23, 5.09781001077e-22, 1.91559520231e-21, 2.96282302341e-21, 1.29726864714e-20, 1.43234190973e-20, 3.11507817634e-20, 6.53780937942e-20, 5.63186307798e-20, 1.45647894307e-19, 1.73601791024e-19, 2.54479246169e-19, 4.89783928752e-19, 5.85295372156e-19, 8.82963398317e-19, 9.46425832285e-19, 1.25866872914e-18, 2.04446725341e-18, 2.38111053077e-18, 2.71716547592e-18, 3.79547688167e-18, 3.99483195879e-18, 3.90952895812e-18, 5.15457970944e-18, 6.31353832978e-18, 7.37493554637e-18, 8.07610594595e-18, 7.77489391615e-18, 9.29653401197e-18, 1.10653952318e-17, 9.67982138369e-18, 1.05247450204e-17, 8.86222200417e-18, 7.55581264937e-18, 6.33250558123e-18, 3.89465955943e-18, 2.11060840839e-18, 9.78383851854e-19, 2.20109426429e-19, 2.54526431007e-20], "median": [0.00248721288517, 0.0845273584127, 0.476861357689, 0.720455288887, 1.78262650967, 3.28526210785, 3.93521785736, 4.93791675568, 7.53242015839, 11.3973436356, 11.6971101761, 8.15934181213, 14.5724849701, 19.3058929443, 28.6759243011, 24.9367694855, 14.4830274582, 10.9644184113, 6.33034420013, 6.38734292984, 5.17657852173, 3.47978305817, 2.26654815674, 2.02685642242, 1.2312182188, 0.672650575638, 0.394326150417, 0.200929522514, 0.104581549764, 0.0822588950396, 0.0602962449193, 0.0402933657169, 0.0246380232275, 0.0108587518334, 0.00350373703986, 0.00158212939277, 0.000376263807993, 5.06915566802e-05, 3.15142460749e-05, 2.45011542575e-05], "max": [52.2704162598, 263.5546875, 185.252914429, 161.128448486, 334.042144775, 686.247070312, 426.593505859, 592.221435547, 627.758422852, 2637.75024414, 2771.55810547, 1331.56506348, 6740.25244141, 2667.38891602, 6142.35791016, 6271.42138672, 6353.68896484, 4570.75732422, 4164.83300781, 2527.81201172, 3462.84057617, 1914.24060059, 1841.21813965, 3206.8815918, 1708.52709961, 1127.43664551, 762.087219238, 357.124816895, 212.059844971, 94.2026138306, 87.5107955933, 19.9285297394, 24.6122760773, 20.4595470428, 1.59971415997, 0.102299675345, 0.028111781925, 0.00767795369029, 0.00194859551266, 0.0016699207481]}, "silence_rate_30dB": {"dmean": 0.00302366004325, "dvar2": 0.00752453086898, "mean": 0.972637951374, "var": 0.0266256500036, "dmean2": 0.00604777736589, "dvar": 0.0030143414624, "min": 0, "median": 1, "max": 1}, "silence_rate_60dB": {"dmean": 0.00831506494433, "dvar2": 0.0196793153882, "mean": 0.2059712708, "var": 0.163586810231, "dmean2": 0.0166313871741, "dvar": 0.00824545603245, "min": 0, "median": 0, "max": 1}, "spectral_energyband_middle_low": {"dmean": 0.00317715900019, "dvar2": 0.0001417632011, "mean": 0.0102970991284, "var": 0.000258368585492, "dmean2": 0.00491111725569, "dvar": 5.10097488586e-05, "min": 1.20233925636e-22, "median": 0.00714476918802, "max": 0.396265506744}, "spectral_spread": {"dmean": 270833.9375, "dvar2": 537066831872, "mean": 3159519, "var": 34056819441700.0, "dmean2": 453364.21875, "