{"metadata": {"version": {"essentia_git_sha": "v2.1_beta2", "essentia_build_sha": "70f2e5ece6736b2c40cc944ad0e695b16b925413", "extractor": "music 1.0", "essentia": "2.1-beta2"}, "audio_properties": {"analysis_sample_rate": 44100, "md5_encoded": "fdaf6e60094b031b78eee75228960954", "downmix": "mix", "sample_rate": 44100, "equal_loudness": 0, "lossless": false, "codec": "mp3", "bit_rate": 160024, "length": 176.848983765, "replay_gain": -9.88940048218}, "tags": {"script": ["Latn"], "musicbrainz album type": ["album/compilation"], "title": ["My Favorite Place"], "musicbrainz_artistid": ["bad96c62-50f8-4159-b155-3ffb63c698f8"], "musicbrainz album status": ["official"], "catalognumber": ["SKIP 37"], "label": ["Broken Rekids"], "date": ["1995"], "musicbrainz_albumid": ["4234298f-d272-494d-80c8-a8a235e812d0"], "musicbrainz album release country": ["US"], "album": ["Nostalgic for Nothing"], "discnumber": ["1/1"], "artistsort": ["J Church"], "file_name": "J Church - My Favorite Place.mp3", "artist": ["J Church"], "asin": ["B00000385U"], "originaldate": ["1995"], "albumartist": ["J Church"], "tracknumber": ["1/26"], "musicbrainz_recordingid": ["9d755cca-5f30-463d-9e85-9fd3dc8f63fd"], "originalyear": ["1995"], "albumartistsort": ["J Church"], "media": ["CD"], "barcode": ["760291003721"], "encoding": ["Lavf56.36.100"], "musicbrainz_releasegroupid": ["1e7694b0-bb42-3e32-b4c5-7101472ee1cf"], "musicbrainz_albumartistid": ["bad96c62-50f8-4159-b155-3ffb63c698f8"]}}, "rhythm": {"beats_loudness": {"var": 0.000231948273722, "mean": 0.0300081577152, "dmean2": 0.0167993437499, "dvar": 8.43221278046e-05, "dmean": 0.00967594888061, "max": 0.0820648297668, "min": 7.418865966e-09, "median": 0.0289733801037, "dvar2": 0.000228498145589}, "beats_position": [0.476009070873, 0.940408170223, 1.39319729805, 1.83437633514, 2.27555561066, 2.71673464775, 3.15791368484, 3.59909296036, 4.04027223587, 4.46984100342, 4.8994102478, 5.32897949219, 5.75854873657, 6.18811798096, 6.6176867485, 7.05886602402, 7.4884352684, 7.91800451279, 8.34757328033, 8.77714252472, 9.21832180023, 9.64789104462, 10.0658502579, 10.4954195023, 10.9133787155, 11.3429479599, 11.7725172043, 12.1904764175, 12.6084346771, 13.0380039215, 13.4675731659, 13.8855323792, 14.2918815613, 14.7098407745, 15.1161899567, 15.5225391388, 15.9288883209, 16.3236274719, 16.7299766541, 17.1363258362, 17.5426750183, 17.9606342316, 18.3669834137, 18.7733325958, 19.179681778, 19.5860309601, 19.9923801422, 20.3987293243, 20.7934684753, 21.1998176575, 21.6061668396, 22.0125160217, 22.4188652039, 22.825214386, 23.219953537, 23.614692688, 24.0210418701, 24.4273910522, 24.8221302032, 25.2284793854, 25.6348285675, 26.0295696259, 26.435918808, 26.8422679901, 27.2370071411, 27.6549663544, 28.0613155365, 28.4676647186, 28.8624038696, 29.2687530518, 29.6634922028, 30.0698413849, 30.476190567, 30.8825397491, 31.2888889313, 31.6952381134, 32.1015853882, 32.5079345703, 32.9142837524, 33.3206329346, 33.7269821167, 34.1333312988, 34.5280723572, 34.9228096008, 35.329158783, 35.7355079651, 36.1302490234, 36.5249862671, 36.9313354492, 37.3376846313, 37.7440338135, 38.1503829956, 38.545124054, 38.9514732361, 39.3578224182, 39.7525634766, 40.1356925964, 40.5304298401, 40.9251708984, 41.3199081421, 41.7146492004, 42.1209983826, 42.5157356262, 42.9104766846, 43.3052139282, 43.6999549866, 44.0830841064, 44.4778213501, 44.86095047, 45.2556915283, 45.650428772, 46.0451698303, 46.439907074, 46.8346481323, 47.2409973145, 47.6473464966, 48.0420837402, 48.4368247986, 48.8431739807, 49.2379112244, 49.6326522827, 50.0273895264, 50.4337387085, 50.8400878906, 51.2464370728, 51.6411781311, 52.0359191895, 52.4306564331, 52.8253974915, 53.2317466736, 53.6264839172, 54.0212249756, 54.4159622192, 54.8223114014, 55.2286605835, 55.6350097656, 56.029750824, 56.4244880676, 56.819229126, 57.2255783081, 57.6203155518, 58.0266647339, 58.4214057922, 58.8277549744, 59.2341041565, 59.6288414001, 60.0235824585, 60.4299316406, 60.8362808228, 61.2310180664, 61.6373672485, 62.0437164307, 62.438457489, 62.8331947327, 63.227935791, 63.6342849731, 64.0406341553, 64.4353713989, 64.8301086426, 65.2248535156, 65.6195907593, 66.0143280029, 66.409072876, 66.8038101196, 67.1985473633, 67.5932846069, 67.98802948, 68.3943786621, 68.8007278442, 69.2070770264, 69.6134262085, 70.0081634521, 70.4145126343, 70.8208618164, 71.2272109985, 71.6335601807, 72.0399093628, 72.4462585449, 72.8409957886, 73.2357330322, 73.6304779053, 74.0368270874, 74.4431762695, 74.8379135132, 75.2326507568, 75.638999939, 76.0453491211, 76.4400863647, 76.8348312378, 77.2295684814, 77.6475296021, 78.0422668457, 78.4370040894, 78.831741333, 79.2264862061, 79.6212234497, 80.0275726318, 80.4223098755, 80.8286590576, 81.2233963013, 81.6065292358, 82.012878418, 82.3960113525, 82.7907485962, 83.1738739014, 83.5686187744, 83.9633560181, 84.3580932617, 84.7528305054, 85.1475753784, 85.5307006836, 85.9138336182, 86.3085708618, 86.7033081055, 87.1096572876, 87.5160064697, 87.9107437134, 88.3054885864, 88.7002258301, 89.0949630737, 89.4897003174, 89.8844451904, 90.2907943726, 90.6971435547, 91.1034927368, 91.5098419189, 91.9161911011, 92.2993164062, 92.6824493408, 93.0771865845, 93.460319519, 93.8550567627, 94.2497940063, 94.6561431885, 95.0508804321, 95.4340133667, 95.8287506104, 96.2350997925, 96.6298370361, 97.0361862183, 97.4425354004, 97.8488845825, 98.2436294556, 98.6383666992, 99.0447158813, 99.4510650635, 99.8458023071, 100.240539551, 100.635284424, 101.030021667, 101.413146973, 101.796279907, 102.191017151, 102.585754395, 102.968887329, 103.352012634, 103.746757507, 104.153106689, 104.559455872, 104.954193115, 105.348930359, 105.755279541, 106.150024414, 106.556373596, 106.95111084, 107.345848083, 107.740585327, 108.1353302, 108.530067444, 108.924804688, 109.319541931, 109.725891113, 110.120635986, 110.526985168, 110.933334351, 111.339683533, 111.734420776, 112.12915802, 112.523895264, 112.918640137, 113.31337738, 113.708114624, 114.102851868, 114.485984802, 114.869110107, 115.26385498, 115.635368347, 116.03011322, 116.424850464, 116.819587708, 117.202720642, 117.585845947, 117.98059082, 118.375328064, 118.770065308, 119.17641449, 119.559547424, 119.954284668, 120.349021912, 120.732154846, 121.115280151, 121.510017395, 121.904762268, 122.299499512, 122.694236755, 123.088973999, 123.472106934, 123.855232239, 124.249977112, 124.644714355, 125.02784729, 125.422584534, 125.805709839, 126.188842773, 126.571968079, 126.966712952, 127.349838257, 127.732971191, 128.116104126, 128.499221802, 128.882354736, 129.265487671, 129.660217285, 130.054962158, 130.438095093, 130.832824707, 131.215957642, 131.610702515, 132.005432129, 132.400177002, 132.783309937, 133.166442871, 133.549560547, 133.932693481, 134.304214478, 134.687347412, 135.070480347, 135.465209961, 135.848342896, 136.23147583, 136.614593506, 137.009338379, 137.392471313, 137.787200928, 138.170333862, 138.553466797, 138.94821167, 139.342941284, 139.737686157, 140.13243103, 140.527160645, 140.910293579, 141.293426514, 141.66494751, 142.048065186, 142.43119812, 142.825942993, 143.220672607, 143.592193604, 143.998550415, 144.381668091, 144.776412964, 145.171157837, 145.565887451, 145.949020386, 146.343765259, 146.738494873, 147.121627808, 147.504760742, 147.887893677, 148.282623291, 148.677368164, 149.060501099, 149.455230713, 149.849975586, 150.244720459, 150.627838135, 151.010971069, 151.405715942, 151.788833618, 152.171966553, 152.555099487, 152.94984436, 153.344573975, 153.727706909, 154.110839844, 154.505569458, 154.900314331, 155.283447266, 155.6665802, 156.038085938, 156.432830811, 156.827575684, 157.222305298, 157.605438232, 157.988571167, 158.371704102, 158.754821777, 159.137954712, 159.532699585, 159.915817261, 160.287338257, 160.658859253, 161.030380249, 161.401901245, 161.773422241, 162.168167114, 162.55128479, 162.934417725, 163.329162598, 163.712280273, 164.095413208, 164.490158081, 164.884887695, 165.279632568, 165.674377441, 166.080718994, 166.568344116, 167.055953979, 167.543579102, 168.112472534, 168.681350708, 169.250244141, 169.819137573, 170.388031006, 170.968521118, 171.549026489, 172.129516602, 172.710021973, 173.290512085, 173.871017456, 174.451522827, 175.032012939, 175.612518311, 176.193008423], "bpm_histogram_first_peak_spread": {"var": 0, "mean": 0.372013688087, "dmean2": 0, "dvar": 0, "dmean": 0, "max": 0.372013688087, "min": 0.372013688087, "median": 0.372013688087, "dvar2": 0}, "danceability": 1.08394396305, "bpm_histogram_second_peak_weight": {"var": 0, "mean": 0.179723501205, "dmean2": 0, "dvar": 0, "dmean": 0, "max": 0.179723501205, "min": 0.179723501205, "median": 0.179723501205, "dvar2": 0}, "bpm_histogram_first_peak_weight": {"var": 0, "mean": 0.42396312952, "dmean2": 0, "dvar": 0, "dmean": 0, "max": 0.42396312952, "min": 0.42396312952, "median": 0.42396312952, "dvar2": 0}, "bpm": 151.691696167, "bpm_histogram_second_peak_spread": {"var": 0, "mean": 0.0930233001709, "dmean2": 0, "dvar": 0, "dmean": 0, "max": 0.0930233001709, "min": 0.0930233001709, "median": 0.0930233001709, "dvar2": 0}, "bpm_histogram_second_peak_bpm": {"var": 0, "mean": 157, "dmean2": 0, "dvar": 0, "dmean": 0, "max": 157, "min": 157, "median": 157, "dvar2": 0}, "beats_count": 435, "beats_loudness_band_ratio": {"var": [0.0459300205112, 0.0106579968706, 0.0142657151446, 0.020193008706, 0.0112044755369, 0.00171064026654], "mean": [0.407778292894, 0.138811975718, 0.129808589816, 0.150149226189, 0.156666070223, 0.0593292862177], "dmean2": [0.326777786016, 0.23126372695, 0.156115502119, 0.228893786669, 0.164700821042, 0.0694312080741], "dvar": [0.0207281131297, 0.00846000667661, 0.0100199915469, 0.0170170981437, 0.00733232451603, 0.00148493831512], "dmean": [0.185705691576, 0.12479878962, 0.0895720347762, 0.126425474882, 0.0950838923454, 0.0380606614053], "max": [0.994920969009, 0.513504385948, 0.669567346573, 0.742895007133, 0.595941901207, 0.528924584389], "min": [0.00650922674686, 9.70167548076e-06, 4.30546460848e-05, 0.000218176515773, 0.000123914316646, 0.002702412894], "median": [0.399608910084, 0.119137272239, 0.0897827520967, 0.0980332642794, 0.141229361296, 0.0556566081941], "dvar2": [0.0604909285903, 0.0278309397399, 0.028400272131, 0.0454805605114, 0.020118329674, 0.00354277691804]}, "onset_rate": 3.82209420204, "bpm_histogram_first_peak_bpm": {"var": 0, "mean": 152, "dmean2": 0, "dvar": 0, "dmean": 0, "max": 152, "min": 152, "median": 152, "dvar2": 0}}, "lowlevel": {"hfc": {"var": 280.516723633, "mean": 20.1402721405, "dmean2": 7.41400623322, "dvar": 43.3585548401, "dmean": 5.19587564468, "max": 145.615356445, "min": 1.24375723936e-16, "median": 17.0508728027, "dvar2": 93.4732055664}, "barkbands_spread": {"var": 186.126922607, "mean": 28.5579910278, "dmean2": 9.43354034424, "dvar": 49.796787262, "dmean": 6.12440490723, "max": 108.53729248, "min": 0.358303755522, "median": 29.9609489441, "dvar2": 112.987335205}, "spectral_spread": {"var": 2366560272380.0, "mean": 3854107.25, "dmean2": 640644.75, "dvar": 449077182464, "dmean": 452938.03125, "max": 41174140, "min": 1028024.125, "median": 3546934, "dvar2": 730529398784}, "spectral_energy": {"var": 0.000252213387284, "mean": 0.022457189858, "dmean2": 0.0119675984606, "dvar": 0.000100253164419, "dmean": 0.00752088660374, "max": 0.118835531175, "min": 1.07819713204e-20, "median": 0.0198891088367, "dvar2": 0.000246856216108}, "gfcc": {"icov": [[0.000133676541736, -0.000365065963706, 0.000218138986384, -0.000283635919914, 0.000263966619968, -0.000275939441053, 0.000357289885869, -0.000364899024135, 0.000373604823835, -0.000476772489492, 0.000649847788736, -0.000815049046651, 0.000720161013305], [-0.000365065963706, 0.00267250253819, -0.000279575469904, 0.00133337150328, -0.000986017752439, 0.00165388069581, -0.00152710359544, 0.00167441437952, -0.00257505220361, 0.00382818700746, -0.00287233269773, 0.00335962884128, -0.00278585753404], [0.000218138986384, -0.000279575469904, 0.00216024392284, -9.07949361135e-05, -4.35977854067e-05, -0.00133805477526, 0.00011205568444, -0.000302239583107, -0.000913202820811, -0.000321705912938, 0.000998154748231, -0.00289007043466, 0.00179009162821], [-0.000283635919914, 0.00133337150328, -9.07949361135e-05, 0.00335585838184, -0.00126830150839, -0.000686644052621, -0.000173093649209, 0.00114803947508, -0.00136304728221, 0.00168413028587, -0.00234478083439, 0.00291609927081, -0.00265474384651], [0.000263966619968, -0.000986017752439, -4.35977854067e-05, -0.00126830150839, 0.00367101933807, 0.00069012993481, -0.000729173945729, -0.000959493103437, 0.00128169776872, -0.00362670631148, 0.00126064207871, -0.000839761865791, 0.00232671992853], [-0.000275939441053, 0.00165388069581, -0.00133805477526, -0.000686644052621, 0.00069012993481, 0.00662296870723, -0.00200699316338, -8.32565001474e-06, -0.000365895626601, 0.000276607606793, -0.00293293269351, 0.00212430814281, -0.000133383407956], [0.000357289885869, -0.00152710359544, 0.00011205568444, -0.000173093649209, -0.000729173945729, -0.00200699316338, 0.00711221341044, -0.0015868677292, 0.00275397626683, -0.00171286182012, 9.32931288844e-05, -0.00201944354922, 0.00312704639509], [-0.000364899024135, 0.00167441437952, -0.000302239583107, 0.00114803947508, -0.000959493103437, -8.32565001474e-06, -0.0015868677292, 0.00937141943723, -0.00538921402767, 0.00437232339755, -0.00108064862434, -0.000406143313739, -0.0012890426442], [0.000373604823835, -0.00257505220361, -0.000913202820811, -0.00136304728221, 0.00128169776872, -0.000365895626601, 0.00275397626683, -0.00538921402767, 0.0152326971292, -0.00700780935585, 0.00315543101169, -0.00120299716946, -0.000437915179646], [-0.000476772489492, 0.00382818700746, -0.000321705912938, 0.00168413028587, -0.00362670631148, 0.000276607606793, -0.00171286182012, 0.00437232339755, -0.00700780935585, 0.020572938025, -0.00513329356909, 0.0034225396812, -0.000857086910401], [0.000649847788736, -0.00287233269773, 0.000998154748231, -0.00234478083439, 0.00126064207871, -0.00293293269351, 9.32931288844e-05, -0.00108064862434, 0.00315543101169, -0.00513329356909, 0.0160658862442, -0.00611394271255, 0.00304138148203], [-0.000815049046651, 0.00335962884128, -0.00289007043466, 0.00291609927081, -0.000839761865791, 0.00212430814281, -0.00201944354922, -0.000406143313739, -0.00120299716946, 0.0034225396812, -0.00611394271255, 0.0193051379174, -0.00663816463202], [0.000720161013305, -0.00278585753404, 0.00179009162821, -0.00265474384651, 0.00232671992853, -0.000133383407956, 0.00312704639509, -0.0012890426442, -0.000437915179646, -0.000857086910401, 0.00304138148203, -0.00663816463202, 0.0204339660704]], "mean": [-24.3046627045, 94.9945755005, -128.414993286, 42.9457092285, -36.2756347656, 16.6237297058, -28.2133541107, 15.2449674606, -18.5871620178, -2.13329792023, -17.6258239746, -1.93129384518, -8.22329521179], "cov": [[22611.3945312, 1096.97399902, -1602.14611816, 358.194702148, -1365.58410645, 2.90104174614, -891.626647949, 358.00958252, -59.1991233826, -289.606048584, -418.212219238, 232.065353394, -21.6929645538], [1096.97399902, 1431.30944824, -449.595581055, -243.958969116, -24.949420929, -381.188232422, -22.1644802094, -87.0661010742, 48.6562995911, -169.095077515, -2.40683746338, -124.260787964, 116.360839844], [-1602.14611816, -449.595581055, 982.710571289, -18.9527378082, 131.662979126, 244.669723511, 138.888076782, 82.4604187012, 56.6086349487, 81.6181640625, 39.2384262085, 128.879226685, -82.1651077271], [358.194702148, -243.958969116, -18.9527378082, 522.049499512, 70.9647827148, 139.521820068, -15.259929657, -18.6419754028, -3.92585921288, 37.6118507385, 37.9596672058, -32.2440795898, 2.95835852623], [-1365.58410645, -24.949420929, 131.662979126, 70.9647827148, 515.494934082, -5.67374515533, 146.287918091, -23.8383197784, -6.16540527344, 87.1430740356, 37.0492973328, -28.238161087, -51.3776283264], [2.90104174614, -381.188232422, 244.669723511, 139.521820068, -5.67374515533, 336.187530518, 71.5787200928, 38.815322876, -10.7551574707, 54.5570640564, 45.2759628296, 38.8084602356, -53.1173667908], [-891.626647949, -22.1644802094, 138.888076782, -15.259929657, 146.287918091, 71.5787200928, 252.676467896, 3.18837594986, -25.9210567474, 32.2206192017, 48.0087471008, 6.86347818375, -44.5238075256], [358.00958252, -87.0661010742, 82.4604187012, -18.6419754028, -23.8383197784, 38.815322876, 3.18837594986, 167.950637817, 43.3970222473, -8.2798242569, -11.6153335571, 42.8163108826, -4.83782148361], [-59.1991233826, 48.6562995911, 56.6086349487, -3.92585921288, -6.16540527344, -10.7551574707, -25.9210567474, 43.3970222473, 107.279785156, 12.5002260208, -9.99432468414, 4.10222101212, 16.2305355072], [-289.606048584, -169.095077515, 81.6181640625, 37.6118507385, 87.1430740356, 54.5570640564, 32.2206192017, -8.2798242569, 12.5002260208, 97.9366073608, 20.2332706451, 5.2390961647, -27.0637531281], [-418.212219238, -2.40683746338, 39.2384262085, 37.9596672058, 37.0492973328, 45.2759628296, 48.0087471008, -11.6153335571, -9.99432468414, 20.2332706451, 99.390953064, 9.06262493134, -7.31215190887], [232.065353394, -124.260787964, 128.879226685, -32.2440795898, -28.238161087, 38.8084602356, 6.86347818375, 42.8163108826, 4.10222101212, 5.2390961647, 9.06262493134, 104.858680725, -2.45675706863], [-21.6929645538, 116.360839844, -82.1651077271, 2.95835852623, -51.3776283264, -53.1173667908, -44.5238075256, -4.83782148361, 16.2305355072, -27.0637531281, -7.31215190887, -2.45675706863, 84.6636657715]]}, "silence_rate_60dB": {"var": 0.0527941435575, "mean": 0.0559201873839, "dmean2": 0.0204831939191, "dvar": 0.0101360762492, "dmean": 0.0102402521297, "max": 1, "min": 0, "median": 0, "dvar2": 0.024259198457}, "spectral_centroid": {"var": 415730.03125, "mean": 1763.1685791, "dmean2": 405.190979004, "dvar": 95007.7734375, "dmean": 265.688171387, "max": 11091.6074219, "min": 172.072525024, "median": 1828.67358398, "dvar2": 207115.765625}, "spectral_complexity": {"var": 184.105178833, "mean": 22.7318191528, "dmean2": 5.77494764328, "dvar": 15.1613092422, "dmean": 3.81567549706, "max": 56, "min": 0, "median": 23, "dvar2": 32.0859260559}, "melbands_spread": {"var": 365.53817749, "mean": 32.281703949, "dmean2": 14.1712522507, "dvar": 103.18862915, "dmean": 9.10624599457, "max": 210.124450684, "min": 0.400230497122, "median": 31.7138271332, "dvar2": 244.419433594}, "spectral_strongpeak": {"var": 1.68998289108, "mean": 0.749146282673, "dmean2": 1.04301261902, "dvar": 1.3507424593, "dmean": 0.594266235828, "max": 11.9365329742, "min": 0, "median": 0.217859491706, "dvar2": 3.44359946251}, "zerocrossingrate": {"var": 0.00074682518607, "mean": 0.0612083412707, "dmean2": 0.0107529582456, "dvar": 0.000127200604766, "dmean": 0.00897175911814, "max": 0.49462890625, "min": 0, "median": 0.06201171875, "dvar2": 0.000147640268551}, "erbbands_kurtosis": {"var": 3.0897166729, "mean": 0.599401891232, "dmean2": 1.42395043373, "dvar": 1.27136862278, "dmean": 0.909451663494, "max": 18.6143131256, "min": -1.70047068596, "median": 0.136372566223, "dvar2": 3.0365459919}, "spectral_energyband_middle_low": {"var": 5.2242037782e-05, "mean": 0.00675391452387, "dmean2": 0.0052513317205, "dvar": 2.75436668744e-05, "dmean": 0.00330816605128, "max": 0.0758288949728, "min": 2.56278037451e-22, "median": 0.00487984158099, "dvar2": 6.72082751407e-05}, "erbbands": {"var": [0.0514807663858, 1.95421433449, 6.66861391068, 10.324590683, 60.6894302368, 99.2048110962, 47.7787094116, 358.714569092, 342.482513428, 584.964233398, 3012.74169922, 6443.8515625, 3851.64672852, 2848.66333008, 4143.25732422, 3115.76464844, 8356.41210938, 3072.74780273, 2936.54248047, 3553.57202148, 2805.26538086, 5820.39013672, 2741.37744141, 1956.14526367, 382.59677124, 80.6396636963, 110.971763611, 47.9850692749, 26.9381141663, 31.5573444366, 28.8732147217, 31.3341197968, 10.0380239487, 0.974981963634, 0.0584058128297, 0.00514968438074, 0.000649547670037, 0.000191868675756, 1.8385273961e-06, 7.5537043287e-10], "mean": [0.195673629642, 1.20108449459, 2.27295446396, 2.93759846687, 5.72050285339, 6.78677368164, 4.48681354523, 7.69697093964, 4.95927000046, 10.2858142853, 19.4470615387, 37.5244636536, 23.8011646271, 24.2696704865, 27.876543045, 22.6478271484, 33.7337532043, 29.9741458893, 32.3050308228, 35.637462616, 46.7680244446, 66.1386032104, 41.9326438904, 31.2111034393, 15.8923377991, 8.26013183594, 9.96918392181, 6.02032375336, 3.87139630318, 3.17263007164, 2.15163040161, 1.49440050125, 0.977105140686, 0.436934798956, 0.146481633186, 0.0458868145943, 0.0150666143745, 0.00610934244469, 0.00052101246547, 3.52158203896e-05], "dmean2": [0.237463966012, 1.45430660248, 2.54605698586, 3.07293653488, 7.34124946594, 8.68907356262, 4.807472229, 9.76057338715, 6.00846242905, 11.5163583755, 21.3670940399, 40.8372802734, 21.8687171936, 19.3899707794, 23.7341003418, 21.0089759827, 31.20221138, 27.7595291138, 28.133764267, 27.8955802917, 33.5948677063, 47.01146698, 27.6486110687, 19.768327713, 10.4023447037, 5.65772724152, 6.27668380737, 3.74068236351, 2.7334830761, 2.51525115967, 1.78760576248, 1.39810919762, 0.875395655632, 0.34515619278, 0.100581087172, 0.0348424203694, 0.0128051042557, 0.00590287754312, 0.000551666365936, 1.88562898984e-05], "dvar": [0.0524456761777, 2.14609956741, 7.12646150589, 8.16114902496, 52.1221084595, 88.5557556152, 37.2260322571, 366.931732178, 385.647155762, 417.337768555, 1753.58007812, 4618.02148438, 2440.24389648, 1211.26269531, 2484.53295898, 1991.98547363, 4808.44824219, 2027.48522949, 1496.04101562, 1143.0690918, 880.932067871, 1809.15270996, 666.75390625, 391.463348389, 102.149414062, 33.4289360046, 29.7685585022, 15.2855873108, 11.7552871704, 20.8696403503, 22.9709815979, 24.8819446564, 8.41117286682, 0.819540083408, 0.0340190939605, 0.00327056646347, 0.000346096639987, 0.000107706560811, 1.04989021565e-06, 3.20841658796e-10], "dmean": [0.137163966894, 0.836851418018, 1.47001743317, 1.78822016716, 4.353079319, 5.23870134354, 2.95214653015, 5.99985790253, 3.68782520294, 7.15790605545, 13.5183420181, 25.7746295929, 14.2721920013, 12.9731483459, 15.8070878983, 13.9179782867, 21.6940555573, 17.8752479553, 18.3922634125, 17.8726577759, 20.5828990936, 28.771490097, 17.4037208557, 12.6930866241, 6.8385682106, 3.68704485893, 3.93153882027, 2.5290286541, 1.90893888474, 1.75447046757, 1.20894837379, 0.942342340946, 0.586488068104, 0.232042700052, 0.0697704181075, 0.0239740908146, 0.00905836373568, 0.00418941862881, 0.000380978104658, 1.28471583594e-05], "max": [2.40832471848, 16.035654068, 34.5579948425, 60.1158790588, 90.7943496704, 108.982818604, 123.129501343, 602.898132324, 1049.23522949, 648.105834961, 1099.88562012, 1355.71142578, 1792.44799805, 1040.8203125, 1866.00646973, 1100.68969727, 1883.48034668, 1497.11572266, 768.961791992, 779.452758789, 505.972381592, 819.507568359, 770.460388184, 537.99609375, 171.712539673, 157.315673828, 109.085136414, 71.393409729, 96.8318710327, 146.150985718, 150.776245117, 175.672439575, 114.510597229, 35.2824478149, 4.93457698822, 1.41186952591, 0.327744871378, 0.198075294495, 0.0155130298808, 0.000237858606852], "min": [1.00339855775e-21, 2.13588070996e-21, 3.13831451986e-20, 5.04413509689e-20, 5.86692906725e-20, 2.93856507146e-19, 2.26052021196e-19, 1.65817452773e-19, 2.59295608683e-19, 5.84815762497e-19, 1.24487507884e-18, 2.16934960562e-18, 1.33420510492e-18, 4.00834684923e-18, 3.56808906718e-18, 6.21168923532e-18, 6.10479640707e-18, 4.02107839962e-18, 6.28637040974e-18, 6.76297326713e-18, 1.22570911793e-17, 6.76873251215e-18, 6.17136169892e-18, 9.06752905939e-18, 1.34636970573e-17, 1.42105542964e-17, 1.51420655453e-17, 1.14100425156e-17, 1.48475081835e-17, 2.09509678667e-17, 1.4090060551e-17, 1.76111996738e-17, 1.57391559443e-17, 1.24378781196e-17, 9.32621159799e-18, 5.9742164348e-18, 3.24723646092e-18, 1.40379239773e-18, 3.56731797975e-19, 4.25879366746e-20], "median": [0.134197205305, 0.841990351677, 1.61275839806, 1.86460995674, 2.75140714645, 3.29315471649, 2.56918048859, 3.15811777115, 2.42582702637, 4.20824337006, 6.769739151, 16.0640182495, 11.7698497772, 9.76400375366, 7.94744205475, 8.81568145752, 9.92272377014, 15.2316856384, 16.7053756714, 19.5863876343, 31.5810394287, 43.8506546021, 27.259847641, 18.6061973572, 10.2342453003, 6.56555175781, 7.45724773407, 4.08319854736, 1.95130634308, 1.38795495033, 1.00257027149, 0.524862885475, 0.405884534121, 0.228767871857, 0.0857814252377, 0.0261654146016, 0.00628371629864, 0.00142664229497, 6.54807081446e-05, 2.98132999887e-05], "dvar2": [0.142260059714, 5.99753093719, 19.9493865967, 23.1408138275, 138.759735107, 230.549880981, 92.3623733521, 926.706604004, 939.575195312, 937.864196777, 3994.03271484, 11876.2763672, 4898.09277344, 2972.89208984, 5897.28271484, 4415.13378906, 10169.3095703, 4470.81787109, 3240.49511719, 2537.54614258, 2378.25195312, 4744.80078125, 1581.94665527, 849.426574707, 226.494506836, 78.2314376831, 75.552772522, 32.9892425537, 24.9268493652, 48.1848640442, 55.4806976318, 56.7971229553, 20.6119823456, 2.07288336754, 0.0791364833713, 0.00770035106689, 0.000690919696353, 0.000211851234781, 2.11696669794e-06, 6.6526706366e-10]}, "barkbands_crest": {"var": 22.4120178223, "mean": 9.82180786133, "dmean2": 4.25241041183, "dvar": 6.42622041702, "dmean": 2.58988451958, "max": 26.7909164429, "min": 2.31184244156, "median": 8.54353618622, "dvar2": 16.8936805725}, "melbands_crest": {"var": 33.9600410461, "mean": 14.1092271805, "dmean2": 5.33086681366, "dvar": 9.73701667786, "dmean": 3.24399900436, "max": 39.9042549133, "min": 1.7020111084, "median": 13.1231708527, "dvar2": 25.6415042877}, "spectral_flux": {"var": 0.00201261020266, "mean": 0.0801419913769, "dmean2": 0.033183272928, "dvar": 0.000553917081561, "dmean": 0.022082593292, "max": 0.253847628832, "min": 1.03836272913e-10, "median": 0.0780520960689, "dvar2": 0.00108927092515}, "spectral_contrast_valleys": {"var": [3.20035076141, 2.6809797287, 2.55532598495, 2.45328092575, 2.56946086884, 2.5009291172], "mean": [-7.21345376968, -7.22041940689, -7.48898506165, -7.61431074142, -7.52766466141, -10.5649452209], "dmean2": [0.617397367954, 0.602989017963, 0.504439949989, 0.456936836243, 0.433594226837, 0.379224002361], "dvar": [0.133941665292, 0.134769812226, 0.10042925179, 0.107007719576, 0.151370599866, 0.132965162396], "dmean": [0.372005581856, 0.375112324953, 0.316517561674, 0.302069813013, 0.310614824295, 0.299262791872], "max": [-5.28301239014, -4.96034288406, -5.23347473145, -5.71941614151, -5.8322558403, -7.52598619461], "min": [-27.2382736206, -27.0654182434, -27.0697250366, -27.4876766205, -27.2685260773, -27.2978954315], "median": [-6.8187417984, -6.89205360413, -7.15422868729, -7.19968032837, -6.94169235229, -10.0824794769], "dvar2": [0.307414859533, 0.304493486881, 0.203727856278, 0.199543356895, 0.241306215525, 0.216138467193]}, "mfcc": {"icov": [[0.000127799095935, 4.66247865916e-06, 0.000161587086041, -0.000134117464768, 0.000158852475579, -0.000171476393007, 0.000417201488744, -0.000508825003635, -2.35486040765e-05, 6.30496215308e-05, 5.74936966586e-05, 5.77947139391e-05, -8.54113750393e-05], [4.66247865916e-06, 0.000919244426768, 0.000279536820017, 0.000102266887552, -0.000147799684783, 0.000542619556654, -0.000478379137348, 0.000325024710037, -0.000544619571883, 0.000457157584606, 0.000143979967106, 0.00011827977869, -0.000439608324086], [0.000161587086041, 0.000279536820017, 0.00286526046693, 0.000480234564748, 0.000457429909147, -0.00205177278258, 0.000808352546301, -0.00179741857573, 0.000742697913665, -0.00130935502239, 0.00120568333659, 0.000124869431602, -0.00135854410473], [-0.000134117464768, 0.000102266887552, 0.000480234564748, 0.00432124175131, -0.00181119865738, -0.000383399281418, -0.00127160525881, 0.00043940678006, -0.000217299588257, -0.000966531457379, 0.00103855947964, -0.000609819369856, 0.000612465431914], [0.000158852475579, -0.000147799684783, 0.000457429909147, -0.00181119865738, 0.00565832853317, -0.00122315343469, 0.000683754158672, -0.000404217338655, 9.82901328825e-05, -0.00272960611619, 0.00033000294934, -0.000313249358442, -0.00028238890809], [-0.000171476393007, 0.000542619556654, -0.00205177278258, -0.000383399281418, -0.00122315343469, 0.00830230582505, -0.00321961031295, 0.0014172057854, 0.00018646135868, -7.57758334657e-06, -0.00265993177891, -0.000386627507396, 0.000955062627327], [0.000417201488744, -0.000478379137348, 0.000808352546301, -0.00127160525881, 0.000683754158672, -0.00321961031295, 0.00941190775484, -0.00474361190572, 0.00120500021148, 0.00130861718208, -0.00336618861184, -0.00155777542386, 0.000650599540677], [-0.000508825003635, 0.000325024710037, -0.00179741857573, 0.00043940678006, -0.000404217338655, 0.0014172057854, -0.00474361190572, 0.0129426326603, -0.00306052993983, 0.000397156341933, -0.00097551784711, 0.000295165606076, -0.00377147039399], [-2.35486040765e-05, -0.000544619571883, 0.000742697913665, -0.000217299588257, 9.82901328825e-05, 0.00018646135868, 0.00120500021148, -0.00306052993983, 0.0130899902433, -0.00449306843802, 0.00224335072562, 1.03950751509e-05, 0.000346790009644], [6.30496215308e-05, 0.000457157584606, -0.00130935502239, -0.000966531457379, -0.00272960611619, -7.57758334657e-06, 0.00130861718208, 0.000397156341933, -0.00449306843802, 0.0182357393205, -0.00650353496894, 0.000313046184601, -0.000360401172657], [5.74936966586e-05, 0.000143979967106, 0.00120568333659, 0.00103855947964, 0.00033000294934, -0.00265993177891, -0.00336618861184, -0.00097551784711, 0.00224335072562, -0.00650353496894, 0.0153388027102, -0.00136035075411, 0.00155783793889], [5.77947139391e-05, 0.00011827977869, 0.000124869431602, -0.000609819369856, -0.000313249358442, -0.000386627507396, -0.00155777542386, 0.000295165606076, 1.03950751509e-05, 0.000313046184601, -0.00136035075411, 0.0158260762691, -0.00105419417378], [-8.54113750393e-05, -0.000439608324086, -0.00135854410473, 0.000612465431914, -0.00028238890809, 0.000955062627327, 0.000650599540677, -0.00377147039399, 0.000346790009644, -0.000360401172657, 0.00155783793889, -0.00105419417378, 0.0114973569289]], "mean": [-654.408874512, 119.435966492, -18.2933864594, 30.9124183655, 14.8260784149, 7.28673362732, 5.81776618958, 12.2275381088, 9.05790042877, 2.11684083939, 2.81338095665, 2.05373883247, -6.67343759537], "cov": [[11734.6484375, 89.4258346558, -360.885925293, 72.2486877441, -289.384185791, -262.602416992, -509.355987549, 328.780944824, 173.06086731, -123.072540283, -260.453430176, -112.287269592, 211.39755249], [89.4258346558, 1392.09838867, -294.05670166, -32.8098220825, -26.0194263458, -201.495346069, -30.3312587738, -41.7350883484, 58.2359657288, -70.3917617798, -74.9149169922, -20.451007843, 29.3308162689], [-360.885925293, -294.05670166, 633.904907227, -66.4948196411, -6.76061677933, 160.631729126, 41.3241271973, 99.163520813, -21.9033660889, 46.9251327515, 17.6789722443, 8.00638389587, 81.6719360352], [72.2486877441, -32.8098220825, -66.4948196411, 331.448944092, 130.01272583, 58.8427696228, 62.5779876709, -3.47695183754, 9.54491710663, 38.2806129456, 23.919128418, 22.616443634, -32.8627090454], [-289.384185791, -26.0194263458, -6.76061677933, 130.01272583, 262.224273682, 67.8106079102, 39.4593925476, -2.78703379631, 8.20452594757, 58.1894721985, 34.2027130127, 17.9065647125, -14.624628067], [-262.602416992, -201.495346069, 160.631729126, 58.8427696228, 67.8106079102, 256.104614258, 126.233108521, 28.6821670532, -24.9318237305, 44.7675628662, 85.7078704834, 28.251619339, -18.0196437836], [-509.355987549, -30.3312587738, 41.3241271973, 62.5779876709, 39.4593925476, 126.233108521, 238.853378296, 54.6441764832, -22.1798477173, 21.7579841614, 88.9763183594, 36.7053604126, -15.8414039612], [328.780944824, -41.7350883484, 99.163520813, -3.47695183754, -2.78703379631, 28.6821670532, 54.6441764832, 142.744918823, 20.9188022614, 10.6187944412, 14.3682613373, 6.05454015732, 52.3407554626], [173.06086731, 58.2359657288, -21.9033660889, 9.54491710663, 8.20452594757, -24.9318237305, -22.1798477173, 20.9188022614, 96.2601928711, 17.4132595062, -16.3056716919, -4.67455291748, 10.2284650803], [-123.072540283, -70.3917617798, 46.9251327515, 38.2806129456, 58.1894721985, 44.7675628662, 21.7579841614, 10.6187944412, 17.4132595062, 88.7553939819, 42.8975906372, 7.99243927002, -2.96036982536], [-260.453430176, -74.9149169922, 17.6789722443, 23.919128418, 34.2027130127, 85.7078704834, 88.9763183594, 14.3682613373, -16.3056716919, 42.8975906372, 123.316741943, 21.7531604767, -23.4634571075], [-112.287269592, -20.451007843, 8.00638389587, 22.616443634, 17.9065647125, 28.251619339, 36.7053604126, 6.05454015732, -4.67455291748, 7.99243927002, 21.7531604767, 70.8218078613, 0.0649171993136], [211.39755249, 29.3308162689, 81.6719360352, -32.8627090454, -14.624628067, -18.0196437836, -15.8414039612, 52.3407554626, 10.2284650803, -2.96036982536, -23.4634571075, 0.0649171993136, 123.056694031]]}, "erbbands_flatness_db": {"var": 0.00293221883476, "mean": 0.161819010973, "dmean2": 0.0244346819818, "dvar": 0.00027273161686, "dmean": 0.0165121089667, "max": 0.437421798706, "min": 0.0228624399751, "median": 0.155006498098, "dvar2": 0.000559462117963}, "barkbands": {"var": [6.26488997568e-07, 4.18049530708e-05, 4.90766615258e-06, 2.16767830352e-06, 7.88278794062e-06, 3.3471083043e-06, 1.30631065076e-06, 4.65194625576e-06, 1.17940735436e-05, 3.45163311977e-06, 3.60819922207e-06, 1.68434371517e-06, 3.64160041499e-06, 1.64053290064e-06, 1.09313953089e-06, 9.19419164802e-07, 1.99359487851e-06, 8.02309500614e-07, 4.86168971747e-07, 3.60899434781e-08, 4.75566288571e-08, 2.20850040478e-08, 3.75879913861e-08, 5.11408693171e-08, 3.23738702512e-09, 2.10305634019e-10, 7.48584597088e-11], "mean": [0.000517817155924, 0.00588783109561, 0.00188492552843, 0.00107860693242, 0.00194140849635, 0.000840451393742, 0.000408038205933, 0.000623218307737, 0.00166476459708, 0.000617164361756, 0.000823308131658, 0.000473059946671, 0.000689391337801, 0.000668302294798, 0.000580327934586, 0.000747331650928, 0.00119397439994, 0.000656162912492, 0.000491041108035, 0.000172209751327, 0.000204332405701, 0.000106654420961, 8.10814526631e-05, 6.44328101771e-05, 2.86373087874e-05, 9.3125136118e-06, 3.37169649356e-06], "dmean2": [0.000674122362398, 0.00670572184026, 0.00217249942943, 0.00123669963796, 0.00245471158996, 0.00100350333378, 0.000469657417852, 0.000790153921116, 0.00175616145134, 0.000618300167844, 0.000713613815606, 0.000486508535687, 0.000676470284816, 0.000656647258438, 0.000521576555911, 0.000603415071964, 0.000880906940438, 0.000493862200528, 0.000325736938976, 0.000126605809783, 0.000122878773254, 7.60739203542e-05, 6.69801956974e-05, 5.79128827667e-05, 2.09495174204e-05, 7.50328217691e-06, 3.57722819899e-06], "dvar": [5.03164585552e-07, 4.28913481301e-05, 4.97503742736e-06, 1.30016292132e-06, 6.79180038787e-06, 3.1293777738e-06, 1.34246897687e-06, 2.92229651677e-06, 7.94240531832e-06, 2.12983627534e-06, 1.73022465333e-06, 1.06900711216e-06, 2.0574584596e-06, 1.00319175544e-06, 4.96291761465e-07, 3.38501848773e-07, 6.13241581959e-07, 2.32650450016e-07, 1.0627433511e-07, 1.50610990346e-08, 1.21081304982e-08, 1.00297254946e-08, 3.01838056771e-08, 4.01215061174e-08, 2.47759812666e-09, 1.17039045122e-10, 4.27891506949e-11], "dmean": [0.000428465689765, 0.00388602470048, 0.00126315001398, 0.000726749945898, 0.00148438941687, 0.000622680352535, 0.000283488538116, 0.000493768719025, 0.00110525439959, 0.000404657155741, 0.00047789211385, 0.000315205135848, 0.000464460259536, 0.000421829405241, 0.00033688271651, 0.000371698173694, 0.000538101478014, 0.000309806666337, 0.00021056974947, 8.17812760943e-05, 7.98083274276e-05, 5.36720508535e-05, 4.5523251174e-05, 3.92062793253e-05, 1.43466522786e-05, 5.32414605914e-06, 2.50128505286e-06], "max": [0.00787127576768, 0.0603204034269, 0.0272546559572, 0.0237267166376, 0.0264676194638, 0.0489592328668, 0.0565512143075, 0.0671668052673, 0.0697606131434, 0.0580266490579, 0.0375016853213, 0.022722646594, 0.0367335937917, 0.0269933119416, 0.0172017272562, 0.012876201421, 0.0126993246377, 0.0108621520922, 0.00874201394618, 0.002836861182, 0.00205373531207, 0.00303907203488, 0.0057438663207, 0.00668899575248, 0.00182427838445, 0.000181840863661, 0.000110400695121], "min": [5.76851065955e-23, 1.36174289642e-23, 3.82879320148e-23, 1.17020873081e-23, 5.53291135486e-23, 2.67275667237e-23, 1.91885382262e-23, 4.91747552431e-23, 8.49013190075e-23, 9.3218014474e-23, 7.95820930324e-23, 1.21922214191e-22, 1.3197505367e-22, 7.06396730959e-23, 1.46512548463e-22, 1.5827602966e-22, 1.52121904857e-22, 1.20931619464e-22, 2.39886492339e-22, 3.44303731581e-22, 2.90476154812e-22, 4.68869033701e-22, 5.93155697528e-22, 8.86758316367e-22, 1.23095259192e-21, 1.74602539817e-21, 2.75608683921e-21], "median": [0.000212618586374, 0.00425750017166, 0.00127394485753, 0.000508674012963, 0.000923354818951, 0.00037889421219, 0.00019949520356, 0.00014730921248, 0.000795781961642, 0.00025877810549, 0.000194800348254, 0.000165819365066, 0.000184661563253, 0.000285319692921, 0.000292219687253, 0.000467947684228, 0.000766327721067, 0.000402249454055, 0.000289207615424, 0.000133975467179, 0.000156014735694, 5.09624878759e-05, 3.78614240617e-05, 2.46864365181e-05, 1.60677773238e-05, 4.45474142907e-06, 4.00113236765e-07], "dvar2": [1.18566322271e-06, 0.0001175844518, 1.38437271744e-05, 3.54507596967e-06, 1.74701708602e-05, 7.70305086917e-06, 3.40801670973e-06, 6.37132689008e-06, 2.00399863388e-05, 4.33105788034e-06, 3.91155572288e-06, 2.39474320551e-06, 4.31861553807e-06, 2.19220441977e-06, 1.04949185697e-06, 8.5798467353e-07, 1.58856005328e-06, 5.52985966351e-07, 2.29996643952e-07, 3.49784023967e-08, 2.84240755377e-08, 2.13421262885e-08, 7.24929307694e-08, 9.31419492645e-08, 6.13075723521e-09, 2.45503894991e-10, 8.64378915666e-11]}, "spectral_energyband_low": {"var": 6.88069194439e-05, "mean": 0.00870318803936, "dmean2": 0.00836660340428, "dvar": 6.37976045255e-05, "dmean": 0.00488462951034, "max": 0.0875443294644, "min": 8.99696809038e-23, "median": 0.0068441433832, "dvar2": 0.000172243642737}, "erbbands_spread": {"var": 263.691619873, "mean": 33.4120979309, "dmean2": 11.3805818558, "dvar": 76.4299621582, "dmean": 7.3909201622, "max": 134.717819214, "min": 3.06661224365, "median": 29.7866001129, "dvar2": 182.558532715}, "average_loudness": 0.88411962986, "spectral_energyband_middle_high": {"var": 4.52681269962e-05, "mean": 0.0069093243219, "dmean2": 0.00299983285367, "dvar": 8.71016709425e-06, "dmean": 0.00207990081981, "max": 0.0722653642297, "min": 1.43664742925e-21, "median": 0.00536437146366, "dvar2": 1.88263475138e-05}, "barkbands_flatness_db": {"var": 0.00474373390898, "mean": 0.132128193974, "dmean2": 0.0300325173885, "dvar": 0.000489363272209, "dmean": 0.0200505070388, "max": 0.466929852962, "min": 0.0364977829158, "median": 0.109142124653, "dvar2": 0.00105013686698}, "spectral_entropy": {"var": 0.192007526755, "mean": 7.6485786438, "dmean2": 0.176492467523, "dvar": 0.0191667117178, "dmean": 0.125560462475, "max": 9.79390144348, "min": 5.45330810547, "median": 7.74171161652, "dvar2": 0.0349483639002}, "melbands_skewness": {"var": 9.27355098724, "mean": 2.7289378643, "dmean2": 1.26034700871, "dvar": 1.11931407452, "dmean": 0.811626017094, "max": 24.5146579742, "min": -1.13702094555, "median": 1.90939438343, "dvar2": 2.50105643272}, "spectral_contrast_coeffs": {"var": [0.00480255950242, 0.00573935732245, 0.00496632326394, 0.0040822555311, 0.00306394207291, 0.00240057334304], "mean": [-0.695734798908, -0.761066555977, -0.772784173489, -0.784541070461, -0.769912660122, -0.748965501785], "dmean2": [0.0780842006207, 0.0765813067555, 0.0601299740374, 0.0493771582842, 0.0402351096272, 0.029735038057], "dvar": [0.00155571952928, 0.00168178614695, 0.000997268361971, 0.000764096446801, 0.000537082378287, 0.000319153012242], "dmean": [0.046628035605, 0.0472710542381, 0.0375897586346, 0.0311544965953, 0.0253779385239, 0.0191333815455], "max": [-0.395213246346, -0.455196589231, -0.445685833693, -0.50077098608, -0.558724701405, -0.501333594322], "min": [-0.97