{"tonal": {"chords_key": "G", "hpcp_entropy": {"dmean": 0.607500374317, "dmean2": 1.03941905499, "max": 4.01831054688, "dvar": 0.253073245287, "mean": 2.02354121208, "dvar2": 0.704701542854, "min": 0, "var": 0.471375048161, "median": 2.05875039101}, "key_key": "G", "chords_strength": {"dmean": 0.0091261966154, "dmean2": 0.00953896529973, "max": 0.740796208382, "dvar": 0.000320299819577, "mean": 0.463991224766, "dvar2": 0.000604787492193, "min": -1, "var": 0.0107123292983, "median": 0.465383440256}, "key_scale": "minor", "chords_number_rate": 0.00155785295647, "thpcp": [1, 0.817024886608, 0.591002821922, 0.538161873817, 0.379697352648, 0.309420049191, 0.335181266069, 0.339150726795, 0.419139862061, 0.444125980139, 0.297918736935, 0.235873490572, 0.248105511069, 0.251034080982, 0.473976522684, 0.623672425747, 0.370364993811, 0.142820119858, 0.113043673337, 0.143550843, 0.367409467697, 0.598000407219, 0.463742643595, 0.45596280694, 0.596489965916, 0.386339664459, 0.189471364021, 0.184998229146, 0.270061612129, 0.544568002224, 0.750689566135, 0.606769025326, 0.432288020849, 0.37864497304, 0.362718492746, 0.661183178425], "key_strength": 0.687301814556, "tuning_nontempered_energy_ratio": 0.675593137741, "tuning_frequency": 440.763122559, "chords_changes_rate": 0.0702450051904, "tuning_diatonic_strength": 0.553778231144, "chords_scale": "minor", "chords_histogram": [30.7888393402, 11.6130857468, 21.1018276215, 2.46424007416, 4.20620298386, 2.86078453064, 0, 4.87183141708, 0.311570584774, 9.63036441803, 0, 2.1526696682, 0, 0, 0, 0.169947594404, 0.0283246003091, 0, 0.226596802473, 0, 0, 0, 8.15748500824, 1.4162299633], "tuning_equal_tempered_deviation": 0.010303827934, "hpcp": {"dmean": [0.142243489623, 0.123516067863, 0.130058765411, 0.144060045481, 0.114107780159, 0.0805325433612, 0.0853190049529, 0.12138530612, 0.180438965559, 0.20233798027, 0.201599597931, 0.18892274797, 0.182585462928, 0.169076308608, 0.195069298148, 0.216465830803, 0.222215548158, 0.214881196618, 0.193553060293, 0.154284894466, 0.142009481788, 0.146628305316, 0.149263843894, 0.152099207044, 0.135899931192, 0.113953053951, 0.100862316787, 0.104474678636, 0.11518304795, 0.144942134619, 0.13803768158, 0.102786526084, 0.0668345540762, 0.0597990080714, 0.0727486535907, 0.11372923851], "dmean2": [0.250037968159, 0.216396033764, 0.228818774223, 0.251439392567, 0.200680121779, 0.147479191422, 0.158563092351, 0.223798647523, 0.321933478117, 0.356667071581, 0.358175992966, 0.342584222555, 0.336291134357, 0.311547219753, 0.347919166088, 0.380469530821, 0.394630640745, 0.386727958918, 0.350818812847, 0.280503004789, 0.262953609228, 0.273289144039, 0.274862647057, 0.277288556099, 0.248115956783, 0.20880228281, 0.186290577054, 0.192686229944, 0.213649630547, 0.25904545188, 0.243455916643, 0.182384461164, 0.125003308058, 0.113726146519, 0.13712836802, 0.203622788191], "max": [1, 1, 1, 1, 1, 1, 1, 1, 1, 1, 1, 1, 1, 1, 1, 1, 1, 1, 1, 1, 1, 1, 1, 1, 1, 1, 1, 1, 1, 1, 1, 1, 1, 1, 1, 1], "dvar": [0.0402559526265, 0.0273599419743, 0.0330490246415, 0.0434819459915, 0.0300363637507, 0.0228677932173, 0.0288738738745, 0.0422655418515, 0.0563053525984, 0.0622969083488, 0.0658001229167, 0.0688002035022, 0.0689751058817, 0.060566239059, 0.0570557825267, 0.0593932420015, 0.0625671297312, 0.0746254473925, 0.0734039098024, 0.0576557293534, 0.0566465444863, 0.0605290085077, 0.0593202449381, 0.0589885674417, 0.0512382015586, 0.0445757694542, 0.0370614603162, 0.0379820540547, 0.0414296574891, 0.042499512434, 0.0381062217057, 0.0260364152491, 0.0213358197361, 0.0222014077008, 0.0231604017317, 0.0302884764969], "mean": [0.205240413547, 0.159161657095, 0.156491532922, 0.20472201705, 0.132596090436, 0.0650286898017, 0.0634934604168, 0.0926881581545, 0.186901822686, 0.257645040751, 0.208249911666, 0.148366078734, 0.12995518744, 0.124489039183, 0.226925447583, 0.343211174011, 0.280412077904, 0.202838763595, 0.184703171253, 0.130316376686, 0.106196418405, 0.115037955344, 0.116400323808, 0.143853485584, 0.152428999543, 0.1022490412, 0.0809544175863, 0.0851525813341, 0.0861577019095, 0.162674039602, 0.21405133605, 0.12711340189, 0.0490174591541, 0.0387978516519, 0.0492682531476, 0.126099035144], "dvar2": [0.10805311799, 0.0751890614629, 0.0903284028172, 0.114013455808, 0.0806704387069, 0.0635238662362, 0.0819264575839, 0.118964537978, 0.157491132617, 0.16612623632, 0.17683853209, 0.185686200857, 0.186856120825, 0.170710191131, 0.163649171591, 0.154668405652, 0.177751585841, 0.207444086671, 0.198876604438, 0.159717485309, 0.156597867608, 0.166138112545, 0.165355890989, 0.161314055324, 0.139025658369, 0.126274690032, 0.104920722544, 0.106997698545, 0.117536917329, 0.117840081453, 0.102135799825, 0.0725090280175, 0.0605199448764, 0.0639179646969, 0.066165342927, 0.0849947109818], "min": [0, 0, 0, 0, 0, 0, 0, 0, 0, 0, 0, 0, 0, 0, 0, 0, 0, 0, 0, 0, 0, 0, 0, 0, 0, 0, 0, 0, 0, 0, 0, 0, 0, 0, 0, 0], "var": [0.0735191330314, 0.0375734008849, 0.0446191802621, 0.080168902874, 0.0393179655075, 0.0172436200082, 0.0197901185602, 0.0334269814193, 0.0655308291316, 0.0982820764184, 0.0803362503648, 0.0615402199328, 0.0553198754787, 0.0490823313594, 0.0690731331706, 0.113177739084, 0.0889689102769, 0.0807642117143, 0.0822949931026, 0.0510959289968, 0.0425130799413, 0.046505805105, 0.0478571467102, 0.0638072043657, 0.070833183825, 0.0398211218417, 0.0255492143333, 0.02656570822, 0.0283227041364, 0.0500995181501, 0.0802983939648, 0.0325708761811, 0.0135769098997, 0.0129954507574, 0.014595111832, 0.0335815511644], "median": [0.0876272544265, 0.0787734240294, 0.0647222548723, 0.0756527334452, 0.0468228235841, 0.0199522040784, 0.0157354138792, 0.0201410260051, 0.0650319978595, 0.101308166981, 0.068212851882, 0.029187310487, 0.0197923965752, 0.0240510329604, 0.105936124921, 0.191923767328, 0.147471755743, 0.0601617880166, 0.0411645546556, 0.0288906600326, 0.024505160749, 0.0303675085306, 0.0260665398091, 0.0228546317667, 0.0259368121624, 0.0221615582705, 0.0257878750563, 0.027438737452, 0.0255044940859, 0.0612337738276, 0.0873900055885, 0.0519779101014, 0.0128725729883, 0.00740722753108, 0.0104635171592, 0.0490050837398]}}, "lowlevel": {"melbands_flatness_db": {"dmean": 0.0292797200382, "dmean2": 0.0480405576527, "max": 0.424711883068, "dvar": 0.000648380140774, "mean": 0.214139863849, "dvar2": 0.00175952119753, "min": 1.68258992517e-07, "var": 0.00212564854883, "median": 0.213191792369}, "melbands_crest": {"dmean": 3.41878628731, "dmean2": 5.74580144882, "max": 32.2625541687, "dvar": 8.26621246338, "mean": 13.3943471909, "dvar2": 22.3956279755, "min": 1.00228500366, "var": 19.3475990295, "median": 12.8141345978}, "spectral_entropy": {"dmean": 0.13648429513, "dmean2": 0.220949113369, "max": 9.8185005188, "dvar": 0.0171255078167, "mean": 7.53208255768, "dvar2": 0.0435571186244, "min": 6.38813638687, "var": 0.0995096117258, "median": 7.52624034882}, "melbands": {"dmean": [0.00133640179411, 0.00223992392421, 0.00126619788352, 0.000571066106204, 0.000268428120762, 0.0002687779197, 0.000325319735566, 0.00018348179583, 0.000166497571627, 9.16621429496e-05, 7.24756100681e-05, 0.000122907527839, 7.7482778579e-05, 7.8494711488e-05, 6.75280462019e-05, 2.84680354525e-05, 2.43252161454e-05, 2.20515958063e-05, 2.1419078621e-05, 1.08575513877e-05, 2.33258469962e-05, 1.82722269528e-05, 7.47940293877e-06, 6.9177081059e-06, 8.14214399725e-06, 6.42411077934e-06, 4.85506825498e-06, 2.75530737781e-06, 1.81398377208e-06, 1.91152457774e-06, 1.19153560263e-06, 1.02921148937e-06, 9.06757179564e-07, 7.04779608895e-07, 7.33069271064e-07, 5.09545543537e-07, 4.59109543272e-07, 3.90314397691e-07, 3.48070017253e-07, 3.24706405763e-07], "dmean2": [0.002240100177, 0.00382463773713, 0.00215499801561, 0.000977485207841, 0.000457879912574, 0.000459605595097, 0.000517003296409, 0.000286070659058, 0.000260811124463, 0.000150068066432, 0.000117365241749, 0.000192460298422, 0.000122578319861, 0.000125298654893, 0.000107321277028, 4.74482403661e-05, 4.03055928473e-05, 3.65146770491e-05, 3.59288460459e-05, 1.8125936549e-05, 3.82699872716e-05, 3.03816777887e-05, 1.27927069116e-05, 1.1783008631e-05, 1.38046762004e-05, 1.08038311737e-05, 8.14134637039e-06, 4.64330696559e-06, 3.08335620502e-06, 3.20680942423e-06, 2.01288526114e-06, 1.72797786036e-06, 1.49154061546e-06, 1.16415765206e-06, 1.16175226594e-06, 8.27470159948e-07, 7.38110486509e-07, 6.13823715412e-07, 5.5672006738e-07, 5.09130586579e-07], "max": [0.0148712452501, 0.0387326031923, 0.0195744596422, 0.0128627866507, 0.0159245617688, 0.00960827339441, 0.0095763169229, 0.00815284345299, 0.00987011939287, 0.00378432311118, 0.00325873424299, 0.00699735013768, 0.00499182241037, 0.00416378956288, 0.00702942488715, 0.0013674829388, 0.00103272381239, 0.000880351930391, 0.00113637722097, 0.000489030091558, 0.00164239644073, 0.000729366205633, 0.000138371353387, 0.00024805139401, 0.000607406371273, 0.000423603749368, 0.000244523340371, 0.000147395490785, 9.14428601391e-05, 0.000101080855529, 4.9126236263e-05, 5.71349773963e-05, 0.000102244557638, 8.20670175017e-05, 0.000117035247968, 0.00010542714881, 8.40614593471e-05, 0.000102899241028, 0.000105058141344, 4.0753675421e-05], "dvar": [2.50528819379e-06, 8.90317824087e-06, 2.95255927085e-06, 7.41340727473e-07, 1.76483283099e-07, 2.38841494138e-07, 2.43420487323e-07, 9.59507744369e-08, 1.08488130479e-07, 3.25927906886e-08, 1.65789941775e-08, 5.90019411106e-08, 3.61798946358e-08, 2.75867542143e-08, 5.27369898862e-08, 2.94497071174e-09, 1.74901682026e-09, 1.30016430955e-09, 9.53009338112e-10, 3.874302823e-10, 2.98359381645e-09, 1.41995215586e-09, 1.11411033177e-10, 1.27324623067e-10, 3.65922375734e-10, 1.55318743977e-10, 9.05397631867e-11, 2.50348543979e-11, 1.29480315358e-11, 1.60510268271e-11, 6.24422822476e-12, 5.22833469227e-12, 6.15340721086e-12, 4.92381699649e-12, 7.05781266763e-12, 3.82045306849e-12, 3.68348277227e-12, 3.24916135663e-12, 3.14350867385e-12, 1.31386741764e-12], "mean": [0.00199614162557, 0.00324034737423, 0.00177931901999, 0.000845605391078, 0.000473021063954, 0.000576026970521, 0.000690791639499, 0.000387809152016, 0.000323063897667, 0.000169103819644, 0.000126845523482, 0.000209053061553, 0.000134532820084, 0.000140704840305, 0.000112627254566, 5.08555458509e-05, 4.05356295232e-05, 3.73190378014e-05, 3.59482546628e-05, 1.78350564966e-05, 3.63694271073e-05, 3.00180345221e-05, 1.19581973195e-05, 1.17761101137e-05, 1.28885258164e-05, 1.04218279375e-05, 8.65040146891e-06, 4.99187126479e-06, 2.97192809739e-06, 3.07428285851e-06, 1.93298023987e-06, 1.81588916348e-06, 1.48049434756e-06, 1.10075473003e-06, 1.27234238789e-06, 8.97521147181e-07, 7.87332055552e-07, 6.58684939481e-07, 5.6195557363e-07, 5.38049505394e-07], "dvar2": [7.24788333173e-06, 2.50497650995e-05, 8.01918395155e-06, 1.97256736101e-06, 4.78611411836e-07, 6.88613909006e-07, 6.21376386789e-07, 2.19001734081e-07, 2.47672687692e-07, 8.32047604149e-08, 4.03249948988e-08, 1.31586929797e-07, 8.24003976163e-08, 6.53619594004e-08, 1.27585735754e-07, 7.68912578053e-09, 4.42416547841e-09, 3.28828120288e-09, 2.51524956418e-09, 9.78091829751e-10, 7.2167360976e-09, 3.69868180528e-09, 3.00403008024e-10, 3.36464245354e-10, 9.68970903514e-10, 3.98170635352e-10, 2.23331811378e-10, 6.41115008304e-11, 3.41932385184e-11, 4.05646766177e-11, 1.63029659217e-11, 1.32092175739e-11, 1.44280247472e-11, 1.12833674695e-11, 1.48737151068e-11, 8.43173968146e-12, 8.08682808218e-12, 6.97095072638e-12, 7.63758847833e-12, 2.67363323321e-12], "min": [1.0852059706e-24, 8.48675395891e-25, 9.66753969729e-25, 1.73798994739e-24, 1.55187537453e-24, 8.46724542872e-25, 1.78425230075e-24, 1.10118306633e-24, 1.65040577792e-24, 1.68849523647e-24, 2.43607702268e-24, 3.81755035585e-24, 2.51700784067e-24, 2.94511200431e-24, 2.8024076582e-24, 3.63137089918e-24, 3.30650732879e-24, 3.04235587417e-24, 2.72690459767e-24, 3.47002872811e-24, 4.24452999827e-24, 2.41204299469e-24, 5.74849686395e-24, 5.72641428063e-24, 5.08299605494e-24, 3.39707842147e-24, 5.37334972174e-24, 5.4894637361e-24, 5.91838792065e-24, 6.23862916057e-24, 6.31726202674e-24, 4.37435835947e-24, 5.60281910388e-24, 4.78919230497e-24, 4.64694214552e-24, 5.41685816168e-24, 6.80112800676e-24, 5.43849188314e-24, 5.67962141832e-24, 6.69124441583e-24], "var": [3.80878850592e-06, 1.06991774373e-05, 3.35813683705e-06, 1.13930536827e-06, 4.97972735047e-07, 8.72009934483e-07, 8.63843695242e-07, 3.32661386437e-07, 3.5568336898e-07, 9.65072572967e-08, 4.30016058317e-08, 1.23232382521e-07, 6.35855315068e-08, 5.05930586314e-08, 7.02156626176e-08, 8.67487237599e-09, 3.39170758146e-09, 2.19437246152e-09, 1.58085233792e-09, 6.87474022154e-10, 4.82980322403e-09, 2.553240952e-09, 1.50240389574e-10, 1.66680003133e-10, 4.79658701646e-10, 2.53614462764e-10, 1.6000947789e-10, 4.23126707283e-11, 1.82570191604e-11, 2.5580036353e-11, 1.15573982676e-11, 1.14750448726e-11, 1.14176680263e-11, 9.64690480276e-12, 1.71200970067e-11, 7.71889930445e-12, 6.35708846675e-12, 5.93417632741e-12, 4.27498748207e-12, 2.51301757181e-12], "median": [0.00138719461393, 0.00232723820955, 0.00128007645253, 0.000489287485834, 0.000270948163234, 0.000238428285229, 0.00036641722545, 0.000206239230465, 0.000133962705149, 7.07392318873e-05, 6.89323351253e-05, 9.92499481072e-05, 5.56245613552e-05, 7.24989513401e-05, 4.74121115985e-05, 2.45785049628e-05, 2.23548304348e-05, 2.41031611949e-05, 2.47106363531e-05, 1.13367923404e-05, 1.65573474078e-05, 1.37412471304e-05, 8.42926783662e-06, 8.28085649118e-06, 6.83313555783e-06, 5.31195473741e-06, 4.77036155644e-06, 2.90299567496e-06, 1.51115989411e-06, 1.36648145599e-06, 7.81905669101e-07, 7.27332292172e-07, 5.05801267536e-07, 3.00909903217e-07, 3.20285181488e-07, 2.36875379755e-07, 2.0907640419e-07, 1.4294066375e-07, 1.26396585642e-07, 8.95394691725e-08]}, "silence_rate_60dB": {"dmean": 0.00240810262039, "dmean2": 0.00481654610485, "max": 1, "dvar": 0.00240231654607, "mean": 0.0506373941898, "dvar2": 0.00606800522655, "min": 0, "var": 0.0480725802481, "median": 0}, "spectral_energyband_middle_high": {"dmean": 0.00224121031351, "dmean2": 0.00351222511381, "max": 0.059864487499, "dvar": 1.28175051941e-05, "mean": 0.00637014117092, "dvar2": 2.98951854347e-05, "min": 1.236207592e-21, "var": 3.15963043249e-05, "median": 0.00495990505442}, "erbbands_skewness": {"dmean": 0.275204211473, "dmean2": 0.437404185534, "max": 2.70889019966, "dvar": 0.0516771823168, "mean": 0.270233392715, "dvar2": 0.131059780717, "min": -1.95724797249, "var": 0.243908345699, "median": 0.243569523096}, "dynamic_complexity": 3.25941944122, "dissonance": {"dmean": 0.0169654712081, "dmean2": 0.0289198253304, "max": 0.500000119209, "dvar": 0.000228749093367, "mean": 0.469213694334, "dvar2": 0.000643718638457, "min": 0.320570260286, "var": 0.000422589189839, "median": 0.473605453968}, "spectral_skewness": {"dmean": 0.19996355474, "dmean2": 0.337333619595, "max": 3.59905576706, "dvar": 0.035314284265, "mean": 1.71914792061, "dvar2": 0.101107120514, "min": -0.0679540932178, "var": 0.134418651462, "median": 1.70101499557}, "spectral_kurtosis": {"dmean": 1.64347457886, "dmean2": 2.84754371643, "max": 26.3966732025, "dvar": 3.18756484985, "mean": 5.67011737823, "dvar2": 9.70473575592, "min": -1.25669121742, "var": 7.94033050537, "median": 5.20436906815}, "gfcc": {"cov": [[16304.1171875, 120.393447876, -441.146148682, 234.878479004, -618.135070801, 307.76361084, -326.695648193, 232.132232666, -186.857513428, 156.231674194, -218.375900269, -78.6464614868, -113.870994568], [120.393447876, 686.685180664, -197.878799438, -98.5198135376, 119.143951416, -158.041946411, 52.0154304504, -77.3858718872, 50.3983192444, -19.9093074799, 105.538406372, 22.4772853851, 46.7210273743], [-441.146148682, -197.878799438, 291.76550293, 30.6579151154, 13.9309186935, 61.5601654053, -23.5790023804, 44.7009773254, 8.08214569092, 23.8356819153, -40.4382896423, -35.714389801, -6.66558504105], [234.878479004, -98.5198135376, 30.6579151154, 199.816772461, 26.1759243011, 54.8793983459, 14.732837677, 17.3461818695, -5.36500692368, -23.5854434967, -31.6698360443, -8.77239990234, -22.0079212189], [-618.135070801, 119.143951416, 13.9309186935, 26.1759243011, 177.145263672, -8.98390007019, 59.4319877625, -8.85289001465, 8.03522205353, -26.7537136078, 5.09840774536, 1.68683695793, 1.71687138081], [307.76361084, -158.041946411, 61.5601654053, 54.8793983459, -8.98390007019, 140.332489014, 24.2230262756, 38.6702575684, -25.1855373383, -6.32648181915, -38.667552948, -18.8493118286, -18.7619953156], [-326.695648193, 52.0154304504, -23.5790023804, 14.732837677, 59.4319877625, 24.2230262756, 100.279823303, 6.37192058563, 6.57474184036, -22.8775272369, 11.0973386765, 4.85755109787, -1.75465655327], [232.132232666, -77.3858718872, 44.7009773254, 17.3461818695, -8.85289001465, 38.6702575684, 6.37192058563, 78.1557388306, 16.283164978, 17.1500797272, -23.9250831604, -17.1686611176, -5.49214696884], [-186.857513428, 50.3983192444, 8.08214569092, -5.36500692368, 8.03522205353, -25.1855373383, 6.57474184036, 16.283164978, 74.5808639526, 31.713760376, 27.5644569397, -1.85774207115, 9.69424152374], [156.231674194, -19.9093074799, 23.8356819153, -23.5854434967, -26.7537136078, -6.32648181915, -22.8775272369, 17.1500797272, 31.713760376, 73.7077713013, 24.8467731476, 1.37626993656, 4.02096748352], [-218.375900269, 105.538406372, -40.4382896423, -31.6698360443, 5.09840774536, -38.667552948, 11.0973386765, -23.9250831604, 27.5644569397, 24.8467731476, 85.684425354, 38.799785614, 22.232175827], [-78.6464614868, 22.4772853851, -35.714389801, -8.77239990234, 1.68683695793, -18.8493118286, 4.85755109787, -17.1686611176, -1.85774207115, 1.37626993656, 38.799785614, 70.7529602051, 24.942937851], [-113.870994568, 46.7210273743, -6.66558504105, -22.0079212189, 1.71687138081, -18.7619953156, -1.75465655327, -5.49214696884, 9.69424152374, 4.02096748352, 22.232175827, 24.942937851, 53.6589012146]], "mean": [4.15485334396, 114.003135681, -114.930618286, 28.218416214, -45.870803833, 12.5453338623, -30.8858203888, 12.0346622467, -24.4825019836, 3.41201996803, -13.4262876511, 1.07439672947, -14.168305397], "icov": [[0.000130264888867, -0.000388648943044, 0.000209562218515, -0.000266775750788, 0.000445785728516, -0.000445182347903, 0.000400231860112, -0.000461089861346, 0.00043331226334, -0.00053132919129, 0.000471962266602, -0.000236394553212, 0.00020329572726], [-0.000388648943044, 0.00469857500866, 0.00108248612378, 0.00158809788991, -0.00342454458587, 0.00319262966514, -0.0015088195214, 0.00212673656642, -0.00225160922855, 0.00279306061566, -0.00427330471575, 0.0034338212572, -0.00236395746469], [0.000209562218515, 0.00108248612378, 0.00581713533029, -0.000150150706759, -0.00168677628972, -0.00181933119893, 0.0024842582643, -0.00134748371784, -0.000426473474363, -0.00172004732303, 0.000532875128556, 0.00211418326944, -0.00147322961129], [-0.000266775750788, 0.00158809788991, -0.000150150706759, 0.00705575756729, -0.00233898684382, -0.00107355078217, -9.81808188953e-05, 0.000922503648326, -0.00305800582282, 0.00348460464738, -0.000357018783689, -0.000432474422269, 0.00135731860064], [0.000445785728516, -0.00342454458587, -0.00168677628972, -0.00233898684382, 0.0108181973919, -0.000557488878258, -0.00361321936361, -0.000863090157509, 0.00147228606511, -0.000962130201515, 0.00349605781958, -0.00229114457034, 0.00143399101216], [-0.000445182347903, 0.00319262966514, -0.00181933119893, -0.00107355078217, -0.000557488878258, 0.0150746433064, -0.00666085258126, -0.00197225646116, 0.00349073857069, 0.000500592461322, -0.00140245282091, 0.00258407881483, -0.000810109602753], [0.000400231860112, -0.0015088195214, 0.0024842582643, -9.81808188953e-05, -0.00361321936361, -0.00666085258126, 0.0182458218187, -0.00431396765634, -0.00179772218689, 0.00443539349362, -0.0031646436546, -0.000969907036051, 0.00212758104317], [-0.000461089861346, 0.00212673656642, -0.00134748371784, 0.000922503648326, -0.000863090157509, -0.00197225646116, -0.00431396765634, 0.0220080632716, -0.0076904585585, -0.00298872566782, 0.00515712657943, 0.00119929434732, -0.00225059501827], [0.00043331226334, -0.00225160922855, -0.000426473474363, -0.00305800582282, 0.00147228606511, 0.00349073857069, -0.00179772218689, -0.0076904585585, 0.0245649088174, -0.00943429581821, -0.0041773901321, 0.00347941112705, -0.0017172790831], [-0.00053132919129, 0.00279306061566, -0.00172004732303, 0.00348460464738, -0.000962130201515, 0.000500592461322, 0.00443539349362, -0.00298872566782, -0.00943429581821, 0.0267226677388, -0.0115137221292, 0.00238321349025, 0.00106555072125], [0.000471962266602, -0.00427330471575, 0.000532875128556, -0.000357018783689, 0.00349605781958, -0.00140245282091, -0.0031646436546, 0.00515712657943, -0.0041773901321, -0.0115137221292, 0.0299428030849, -0.0131053505465, -0.000232363570831], [-0.000236394553212, 0.0034338212572, 0.00211418326944, -0.000432474422269, -0.00229114457034, 0.00258407881483, -0.000969907036051, 0.00119929434732, 0.00347941112705, 0.00238321349025, -0.0131053505465, 0.025499407202, -0.00956891663373], [0.00020329572726, -0.00236395746469, -0.00147322961129, 0.00135731860064, 0.00143399101216, -0.000810109602753, 0.00212758104317, -0.00225059501827, -0.0017172790831, 0.00106555072125, -0.000232363570831, -0.00956891663373, 0.0257844477892]]}, "spectral_complexity": {"dmean": 3.90721726418, "dmean2": 6.27950143814, "max": 56, "dvar": 15.2964544296, "mean": 21.3471679688, "dvar2": 37.572467804, "min": 0, "var": 77.6170959473, "median": 21}, "spectral_flux": {"dmean": 0.0256385598332, "dmean2": 0.0399780161679, "max": 0.347206622362, "dvar": 0.000624593812972, "mean": 0.0971672311425, "dvar2": 0.00131872133352, "min": 6.32510571696e-11, "var": 0.00199537212029, "median": 0.094280153513}, "spectral_energyband_low": {"dmean": 0.00967380404472, "dmean2": 0.0162892546505, "max": 0.147779375315, "dvar": 0.000130835935124, "mean": 0.0163345281035, "dvar2": 0.000367606524378, "min": 1.88573602187e-23, "var": 0.000190253413166, "median": 0.0131420698017}, "spectral_decrease": {"dmean": 3.07403014155e-09, "dmean2": 5.05199260203e-09, "max": 3.21528755326e-20, "dvar": 1.08879451381e-17, "mean": -9.29175314468e-09, "dvar2": 2.89984574994e-17, "min": -4.53269706213e-08, "var": 2.94579464035e-17, "median": -8.83978046318e-09}, "barkbands_spread": {"dmean": 4.30417585373, "dmean2": 7.04380989075, "max": 90.1527404785, "dvar": 19.6398220062, "mean": 18.3588943481, "dvar2": 48.1486053467, "min": 1.49860477448, "var": 67.9166488647, "median": 17.1087989807}, "spectral_rms": {"dmean": 0.00092827854678, "dmean2": 0.00150525465142, "max": 0.0131013523787, "dvar": 7.457209108e-07, "mean": 0.00565724214539, "dvar2": 1.95451275431e-06, "min": 3.11622385882e-12, "var": 3.97313669964e-06, "median": 0.00585918035358}, "spectral_centroid": {"dmean": 203.251449585, "dmean2": 334.49395752, "max": 11767.0410156, "dvar": 44452.5117188, "mean": 1111.73303223, "dvar2": 111986.109375, "min": 297.649353027, "var": 471378.25, "median": 1013.8782959}, "barkbands_skewness": {"dmean": 0.507013976574, "dmean2": 0.82511973381, "max": 8.39937782288, "dvar": 0.228524655104, "mean": 1.57748389244, "dvar2": 0.606934785843, "min": -2.17592549324, "var": 0.671286523342, "median": 1.48526144028}, "spectral_rolloff": {"dmean": 326.999359131, "dmean2": 563.492614746, "max": 19810.546875, "dvar": 267724.375, "mean": 1004.30426025, "dvar2": 640992.875, "min": 107.666015625, "var": 1655635, "median": 882.861328125}, "erbbands_spread": {"dmean": 6.490650177, "dmean2": 10.278886795, "max": 123.384773254, "dvar": 37.7474441528, "mean": 34.7109718323, "dvar2": 90.0068435669, "min": 6.5061788559, "var": 160.750091553, "median": 33.2200660706}, "barkbands": {"dmean": [5.70205957047e-05, 0.0062808310613, 0.00420118262991, 0.00279260473326, 0.00226957863197, 0.00135690323077, 0.00155002612155, 0.000923210987821, 0.00059810525272, 0.00061991752591, 0.000721443095244, 0.000754453300033, 0.000297004007734, 0.000236120802583, 0.000294265948469, 0.000160927622346, 0.000369698682334, 0.000134142494062, 0.00017537761596, 9.65576764429e-05, 6.31925358903e-05, 4.56663619843e-05, 3.74369119527e-05, 3.29231224896e-05, 3.17541271215e-05, 1.36860680868e-05, 1.14188310363e-06], "dmean2": [9.44218481891e-05, 0.0105607425794, 0.00729515682906, 0.00481893355027, 0.00388121348806, 0.00232408661395, 0.00246720178984, 0.00141682382673, 0.000982850207947, 0.000980575685389, 0.00113755068742, 0.00120196968783, 0.000494876643643, 0.000391272624256, 0.000490927079227, 0.000267469033133, 0.000617051846348, 0.000228466145927, 0.000291272590403, 0.000163052522112, 0.000106668536318, 7.49027749407e-05, 6.01103711233e-05, 5.19199129485e-05, 4.88168807351e-05, 2.2429803721e-05, 1.89052593669e-06], "max": [0.00278084492311, 0.0741233378649, 0.090170353651, 0.0459571145475, 0.0465890318155, 0.0542841665447, 0.0420504622161, 0.0446178764105, 0.0239703226835, 0.0287682954222, 0.0467389896512, 0.0427418239415, 0.0140276951715, 0.0107039855793, 0.0120643964037, 0.00743689015508, 0.0157479122281, 0.00430252682418, 0.00972673203796, 0.00382374390028, 0.00228968542069, 0.00369593454525, 0.00565521232784, 0.00743447151035, 0.00567845767364, 0.00183172035031, 7.65757868066e-05], "dvar": [9.63519486419e-09, 5.82397406106e-05, 4.11900218751e-05, 1.60009931278e-05, 1.11542749437e-05, 5.2681307352e-06, 5.89344745094e-06, 3.35317054123e-06, 1.20099002743e-06, 1.06989966753e-06, 3.18313846037e-06, 3.49344077222e-06, 3.3644909081e-07, 1.79949111612e-07, 1.61258100206e-07, 9.27728223132e-08, 6.44200440547e-07, 4.33939568723e-08, 1.19708388979e-07, 3.45210651176e-08, 1.51736525567e-08, 1.16843219544e-08, 1.71647922542e-08, 2.29353940284e-08, 1.7322037138e-08, 2.12645034914e-09, 8.19259157042e-12], "mean": [6.18757476332e-05, 0.00893904268742, 0.00506717897952, 0.00340244709514, 0.00350840599276, 0.00292158359662, 0.00301369186491, 0.00189296423923, 0.00105368567165, 0.00114215316717, 0.00121093995403, 0.00129889335949, 0.000512197788339, 0.000380481244065, 0.000505753036123, 0.00025529312552, 0.000596211815719, 0.000230481091421, 0.000312205840601, 0.000177981652087, 0.000108154090412, 8.37109837448e-05, 6.72910828143e-05, 6.01140163781e-05, 5.23193411937e-05, 2.03375457204e-05, 1.70738167071e-06], "dvar2": [2.38205721814e-08, 0.00016938400222, 0.000113722737296, 4.40709845861e-05, 3.01362761093e-05, 1.49891648107e-05, 1.5112024812e-05, 7.3758014878e-06, 3.0684984722e-06, 2.45916612585e-06, 7.18812634659e-06, 8.30196404422e-06, 8.84065855189e-07, 4.55422906498e-07, 4.07637372746e-07, 2.29812613384e-07, 1.66212544173e-06, 1.14471340851e-07, 2.99913551771e-07, 8.70645138207e-08, 3.92180652398e-08, 2.74588849436e-08, 3.60673269029e-08, 5.07514528181e-08, 3.46505153459e-08, 4.63937155359e-09, 2.07698250959e-11], "min": [1.19527168979e-24, 2.11619806713e-24, 2.10548277224e-24, 8.53386867647e-25, 8.35625526316e-24, 4.1960331964e-24, 8.56128494559e-24, 3.18436385332e-24, 1.36041066812e-23, 1.84478451679e-23, 1.8798410221e-23, 2.45064688917e-23, 1.24926024546e-23, 3.5899078178e-23, 4.82955382098e-23, 5.13012812744e-23, 5.45768557894e-23, 1.06715613889e-22, 9.89565610409e-23, 1.84218256953e-22, 2.82496517523e-22, 2.88069308636e-22, 3.79098480223e-22, 6.66824148427e-22, 8.73075101136e-22, 1.39775681381e-21, 1.8832687174e-21], "var": [1.10181774815e-08, 8.24208109407e-05, 3.94211529056e-05, 1.71419469552e-05, 1.73976768565e-05, 2.02606242965e-05, 1.71275332832e-05, 1.25754668261e-05, 3.20530807585e-06, 3.04251238958e-06, 5.92998549109e-06, 5.76875572733e-06, 7.1948210234e-07, 3.13616141057e-07, 2.99963062389e-07, 1.3525975362e-07, 1.09190466446e-06, 5.57444863603e-08, 2.10191487326e-07, 6.08828401027e-08, 2.6225913885e-08, 2.62963961717e-08, 4.21471106904e-08, 4.09109830457e-08, 3.29111173869e-08, 3.53691875787e-09, 1.23040067718e-11], "median": [2.44891089096e-05, 0.00608521513641, 0.00319412816316, 0.00208203913644, 0.00214409036562, 0.00126751174685, 0.00157967838459, 0.000691322609782, 0.000474518688861, 0.000600587809458, 0.000418338197051, 0.000576914986596, 0.00026394581073, 0.000207198871067, 0.00036212374107, 0.00015925016487, 0.000271535274806, 0.000166369485669, 0.000161602860317, 0.000102359736047, 5.11036923854e-05, 3.29504109686e-05, 1.78278423846e-05, 1.55690177053e-05, 1.00117476904e-05, 5.35960180059e-06, 6.46240323476e-07]}, "melbands_kurtosis": {"dmean": 5.79464292526, "dmean2": 9.597448349, "max": 177.450958252, "dvar": 75.4998855591, "mean": 10.254401207, "dvar2": 204.194381714, "min": -1.35349440575, "var": 132.909240723, "median": 7.11416769028}, "erbbands_crest": {"dmean": 2.44026827812, "dmean2": 3.92438030243, "max": 29.1752948761, "dvar": 5.29510450363, "mean": 8.59743213654, "dvar2": 12.3954572678, "min": 2.22748827934, "var": 16.9575443268, "median": 7.59771203995}, "melbands_skewness": {"dmean": 0.723986744881, "dmean2": 1.17246901989, "max": 11.188126564, "dvar": 0.473899275064, "mean": 2.52690505981, "dvar2": 1.24475705624, "min": -1.06709623337, "var": 1.51959335804, "median": 2.31591033936}, "spectral_energyband_middle_low": {"dmean": 0.00569594232365, "dmean2": 0.00946988258511, "max": 0.0852901861072, "dvar": 4.46819576609e-05, "mean": 0.0161503236741, "dvar2": 0.000117861200124, "min": 1.66627895701e-22, "var": 0.000135813839734, "median": 0.0142834596336}, "spectral_contrast_coeffs": {"dmean": [0.0558314099908, 0.0454202666879, 0.038408074528, 0.0286391675472, 0.02136589773, 0.0158674754202], "dmean2": [0.0938516408205, 0.0753392204642, 0.0634478405118, 0.0475039631128, 0.0356510952115, 0.025940913707], "max": [-0.365277469158, -0.474607229233, -0.511536240578, -0.614472031593, -0.606827616692, -0.565614998341], "dvar": [0.00199428386986, 0.00126036047004, 0.0009270721348, 0.000510505633429, 0.000297556514852, 0.000195935368538], "mean": [-0.658909142017, -0.737714648247, -0.7652567029, -0.792377412319, -0.785948634148, -0.766533255577], "dvar2": [0.00551994517446, 0.00347621669061, 0.00243120687082, 0.00139762426261, 0.000780824979302, 0.000493468251079], "min": [-0.976250171661, -0.996506631374, -0.998474597931, -0.988799929619, -0.989433407784, -0.964595317841], "var": [0.00503952708095, 0.00505962688476, 0.00340566318482, 0.00176919845399, 0.00145437091123, 0.00111648777965], "median": [-0.660621523857, -0.7405616045, -0.769523143768, -0.793843746185, -0.789431810379, -0.766100645065]}, "spectral_contrast_valleys": {"dmean": [0.391310036182, 0.336330115795, 0.315667927265, 0.287867218256, 0.271331578493, 0.255520612001], "dmean2": [0.665945351124, 0.557389080524, 0.51081764698, 0.466698437929, 0.433510929346, 0.402151495218], "max": [-5.10375833511, -4.55041122437, -5.04330205917, -5.78790712357, -5.74104976654, -7.23721790314], "dvar": [0.102227464318, 0.0854453593493, 0.0758031979203, 0.070942915976, 0.0872034281492, 0.124250881374], "mean": [-6.82542562485, -6.43081569672, -7.02453184128, -7.50292205811, -7.59052944183, -10.4850730896], "dvar2": [0.27524498105, 0.207342728972, 0.173415288329, 0.159261897206, 0.197038114071, 0.279795259237], "min": [-28.4107685089, -28.0495967865, -27.664434433, -27.744354248, -27.5197410583, -27.3852367401], "var": [2.59583449364, 2.62336707115, 2.46500873566, 2.37679505348, 2.40233707428, 2.38926887512], "median": [-6.55397701263, -6.13889217377, -6.78639316559, -7.2624130249, -7.37046909332, -10.3530168533]}, "silence_rate_20dB": {"dmean": 0, "dmean2": 0, "max": 1, "dvar": 0, "mean": 1, "dvar2": 0, "min": 1, "var": 0, "median": 1}, "silence_rate_30dB": {"dmean": 0.00269140885212, "dmean2": 0.00538319861516, "max": 1, "dvar": 0.00268434430473, "mean": 0.998300254345, "dvar2": 0.0074799223803, "min": 0, "var": 0.00169695273507, "median": 1}, "spectral_strongpeak": {"dmean": 0.500742256641, "dmean2": 0.887687683105, "max": 11.5104255676, "dvar": 0.795132160187, "mean": 0.763319849968, "dvar2": 2.06346130371, "min": 0, "var": 0.945314407349, "median": 0.421224981546}, "spectral_spread": {"dmean": 382532.28125, "dmean2": 603951.125, "max": 43392372, "dvar": 380249899008, "mean": 4048990.5, "dvar2": 787372769280, "min": 1718016.5, "var": 5787590590460.0, "median": 3768251}, "barkbands_flatness_db": {"dmean": 0.0225920584053, "dmean2": 0.0370523072779, "max": 0.29929214716, "dvar": 0.000395429786295, "mean": 0.133138388395, "dvar2": 0.00107551109977, "min": 0.0104161910713, "var": 0.00128988164943, "median": 0.130542904139}, "pitch_salience": {"dmean": 0.0861903727055, "dmean2": 0.143973946571, "max": 0.99604254961, "dvar": 0.0054294699803, "mean": 0.536611735821, "dvar2": 0.0150870522484, "min": 0.134263798594, "var": 0.0103389713913, "median": 0.54068595171}, "erbbands_kurtosis": {"dmean": 0.603056490421, "dmean2": 0.9728307724, "max": 11.0653495789, "dvar": 0.441858887672, "mean": 0.0723852589726, "dvar2": 1.0965975523, "min": -1.58568537235, "var": 1.26211440563, "median": -0.234944224358}, "average_loudness": 0.8827881217, "barkbands_crest": {"dmean": 2.80539107323, "dmean2": 4.73639678955, "max": 22.7954883575, "dvar": 5.4995765686, "mean": 9.44560337067, "dvar2": 15.0807571411, "min": 2.47714948654, "var": 11.3760128021, "median": 8.81756591797}, "hfc": {"dmean": 5.59982872009, "dmean2": 8.71825504303, "max": 208.794052124, "dvar": 67.8518295288, "mean": 19.9315872192, "dvar2": 155.109176636, "min": 1.06686499624e-16, "var": 220.316116333, "median": 17.4362697601}, "barkbands_kurtosis": {"dmean": 2.31530046463, "dmean2": 3.86253333092, "max": 93.772895813, "dvar": 11.7007751465, "mean": 3.21555161476, "dvar2": 32.0695419312, "min": -1.72439324856, "var": 18.2748203278, "median": 2.17923688889}, "erbbands": {"dmean": [0.0903597846627, 1.69498825073, 4.37053489685, 8.01868724823, 7.69610643387, 8.00736904144, 7.94287061691, 12.2132997513, 20.255191803, 17.6051483154, 21.1113586426, 14.8654499054, 14.6239509583, 30.6526737213, 21.5521888733, 34.4063262939, 15.5447292328, 12.0018472672, 14.2548494339, 9.73410797119, 14.5575618744, 12.7780828476, 7.05746173859, 9.0976934433, 8.43433952332, 4.33829784393, 2.78819990158, 2.22307610512, 1.71098148823, 1.25716841221, 1.11206877232, 0.749130487442, 0.53205114603, 0.36996909976, 0.227544337511, 0.0903839170933, 0.019363347441, 0.00300751416944, 0.000160261392011, 1.51368340084e-05], "dmean2": [0.151387125254, 2.853484869, 7.56002855301, 13.6736135483, 13.2775878906, 13.6989583969, 13.554936409, 20.9637889862, 32.2758979797, 27.5979309082, 32.8046035767, 24.2844600677, 23.7113552094, 48.0396385193, 33.8032112122, 55.0568733215, 25.5018978119, 19.7558517456, 23.6208343506, 16.2063674927, 23.8034362793, 21.1440029144, 11.98914814, 15.382771492, 14.0566825867, 7.27247667313, 4.70397806168, 3.72961258888, 2.83432674408, 2.05049180984, 1.75495707989, 1.19806206226, 0.834535479546, 0.574969172478, 0.353709995747, 0.146283552051, 0.0319183506072, 0.00485857296735, 0.000267049996182, 2.43970498559e-05], "max": [1.17613971233, 20.5710906982, 90.0100479126, 116.25188446, 160.949142456, 273.009063721, 568.701599121, 495.667877197, 612.919311523, 628.396606445, 1230.29772949, 589.260803223, 646.197509766, 1877.4395752, 1843.63659668, 1980.46972656, 873.858581543, 610.823303223, 649.691772461, 460.023132324, 972.548156738, 446.018249512, 188.52494812, 606.415771484, 601.024108887, 184.034912109, 118.229003906, 81.0652618408, 128.702102661, 136.095046997, 161.441619873, 141.329711914, 151.941940308, 66.9511795044, 44.4514389038, 14.0927753448, 2.08114051819, 0.249021619558, 0.0100402720273, 0.000442586489953], "dvar": [0.0116022126749, 4.34306335449, 43.0646057129, 115.370880127, 136.229263306, 165.693161011, 193.577453613, 556.219482422, 948.228088379, 864.572998047, 1876.68762207, 822.133300781, 652.111328125, 3900.76513672, 3509.44995117, 7037.38671875, 1185.68591309, 404.180877686, 477.21875, 217.83833313, 988.025634766, 589.755554199, 113.013458252, 386.402740479, 267.676116943, 59.3560523987, 29.7029838562, 21.2383098602, 15.1841859818, 13.7118225098, 15.5622959137, 9.85559940338, 6.67770195007, 2.11854481697, 0.991468667984, 0.115158997476, 0.00376798096113, 6.08920599916e-05, 1.8779242339e-07, 3.15248993576e-10], "mean": [0.144560754299, 2.38644599915, 5.70329189301, 10.5460758209, 10.7186422348, 12.0802021027, 13.9024620056, 25.4580574036, 43.9483566284, 36.5243415833, 42.2500267029, 29.0504512787, 26.8605117798, 53.3711395264, 40.0907516479, 58.414478302, 29.0810470581, 22.3976669312, 25.5367145538, 18.2035484314, 24.8836650848, 22.7557697296, 13.0707082748, 15.6880741119, 14.8975105286, 8.46891784668, 4.96890974045, 3.84454441071, 3.13243603706, 2.15265464783, 2.02118086815, 1.36162424088, 0.93221116066, 0.63504087925, 0.344438999891, 0.126669585705, 0.0293509718031, 0.00538848806173, 0.000236518768361, 4.78778056276e-05], "dvar2": [0.0327715277672, 12.621216774, 119.099990845, 316.952392578, 367.485656738, 435.421600342, 516.392211914, 1628.43249512, 2397.75146484, 2042.12329102, 4251.38134766, 2098.03857422, 1593.52587891, 8718.3984375, 7981.41796875, 17023.2128906, 2992.29541016, 1008.07983398, 1196.24536133, 559.067260742, 2372.73901367, 1524.44421387, 297.906066895, 1018.28234863, 661.184448242, 150.95489502, 77.2268447876, 54.6540794373, 37.0094947815, 30.3792800903, 31.9305362701, 21.8019886017, 14.8837404251, 4.394926548, 1.94877755642, 0.241890490055, 0.00879405625165, 0.000140239586472, 4.7668132197e-07, 7.8185707908e-10], "min": [5.41059815596e-23, 3.29293134816e-22, 2.98136148188e-21, 4.1176283489e-21, 1.29390418693e-20, 3.18512357212e-20, 2.71105246902e-20, 6.09547260815e-20, 1.17720338122e-19, 1.17563729568e-19, 1.62003788258e-19, 3.03554114153e-19, 5.54124259844e-19, 1.08144187078e-18, 7.6675362124e-19, 1.4668069134e-18, 1.19050418698e-18, 2.17042514721e-18, 2.58305861231e-18, 3.27976740646e-18, 4.30056494422e-18, 3.94624006088e-18, 5.5110114218e-18, 7.95962733517e-18, 7.249505187e-18, 9.29112590513e-18, 1.04524833492e-17, 1.10777334578e-17, 9.95390519812e-18, 1.13118975359e-17, 1.04255362864e-17, 1.23729733928e-17, 1.05207538739e-17, 8.07960409276e-18, 6.66388819669e-18, 4.64601128446e-18, 2.41086752612e-18, 9.93905068868e-19, 2.38128005109e-19, 2.58524007499e-20], "var": [0.0195356030017, 6.01049470901, 44.0521659851, 130.605819702, 161.797744751, 298.327545166, 606.327392578, 1810.84533691, 3627.57397461, 2646.19995117, 6198.27197266, 2525.02856445, 1688.03991699, 7980.20898438, 5769.0625, 11279.3349609, 2141.48583984, 877.438171387, 850.766784668, 389.238891602, 1667.10498047, 1138.86706543, 157.499526978, 540.296203613, 471.372528076, 112.288375854, 48.0348625183, 39.3155097961, 34.9139060974, 29.1864871979, 39.8371086121, 17.9442062378, 11.4403839111, 3.8844499588, 1.89886128902, 0.19558018446, 0.0058061121963, 0.000109975328087, 2.74017679658e-07, 9.53723211516e-10], "median": [0.102458059788, 1.6046795845, 3.79848074913, 7.08991622925, 6.6218996048, 6.5595998764, 7.30931282043, 10.7491207123, 23.0771446228, 19.9656333923, 17.4697952271, 13.4294519424, 15.6212406158, 25.9205303192, 19.3251113892, 27.5451221466, 15.7082004547, 13.5805835724, 17.9379959106, 13.1738176346, 13.289276123, 11.7357025146, 9.81146717072, 9.03647232056, 7.83659410477, 5.08830070496, 2.54965400696, 1.72723579407, 1.27341532707, 0.690227210522, 0.538749456406, 0.372186094522, 0.216245979071, 0.12177272141, 0.0618256479502, 0.0274372920394, 0.008620204404, 0.00209538335912, 7.21550168237e-05, 4.46818012279e-05]}, "spectral_energy": {"dmean": 0.0119203869253, "dmean2": 0.0195504445583, "max": 0.175936579704, "dvar": 0.000163288976182, "mean": 0.0368771925569, "dvar2": 0.000432063679909, "min": 9.9536218306e-21, "var": 0.00046006278717, "median": 0.0351882427931}, "zerocrossingrate": {"dmean": 0.00666907336563, "dmean2": 0.00869294907898, "max": 0.52294921875, "dvar": 5.52093006263e-05, "mean": 0.0442229285836, "dvar2": 8.00917550805e-05, "min": 0.0068359375, "var": 0.00121947820298, "median": 0.03955078125}, "spectral_energyband_high": {"dmean": 0.000218960369239, "dmean2": 0.00034802898881, "max": 0.0212247464806, "dvar": 3.14560821835e-07, "mean": 0.000467619305709, "dvar2": 6.51829736853e-07, "min": 6.92691546268e-21, 