{"tonal": {"hpcp": {"dvar": [0.00624973373488, 0.00219710846432, 0.000267597613856, 0.000235219224123, 0.00103950838093, 0.00732160406187, 0.0163620430976, 0.0121726039797, 0.0215983036906, 0.0246770549566, 0.0144276181236, 0.00821824464947, 0.00997553858906, 0.0139533998445, 0.0245320424438, 0.0314843095839, 0.0192760583013, 0.0169281344861, 0.0139865251258, 0.00711201317608, 0.0159625541419, 0.0196806080639, 0.0106842517853, 0.0119822556153, 0.0118796145543, 0.00679440097883, 0.00238199089654, 0.00238350406289, 0.00251344684511, 0.0099108973518, 0.0322148092091, 0.0280749201775, 0.00563021702692, 0.00257571227849, 0.00221070460975, 0.00412858044729], "var": [0.0221850946546, 0.00626826612279, 0.000399780663429, 0.000298111088341, 0.000964816252235, 0.018296174705, 0.0675110891461, 0.029200611636, 0.0610469244421, 0.179793909192, 0.0616107881069, 0.00908116158098, 0.0104243652895, 0.012660629116, 0.053280852735, 0.109890475869, 0.0381338074803, 0.018320158124, 0.0119039742276, 0.00477967970073, 0.0407236255705, 0.0931283831596, 0.0245884135365, 0.0300778634846, 0.0350747965276, 0.00643994892016, 0.00176569016185, 0.00374320964329, 0.00331743643619, 0.0244582947344, 0.127627491951, 0.0932802632451, 0.00580602046102, 0.00197461433709, 0.00208779308014, 0.00894885044545], "median": [0.0191778689623, 0.0153082925826, 0.012664956972, 0.00971906818449, 0.00519721768796, 0.0433910489082, 0.0704707205296, 0.0521051622927, 0.260295718908, 0.441739141941, 0.22113275528, 0.007379591465, 0.00188448396511, 0.00851112790406, 0.138499096036, 0.281443893909, 0.175956487656, 0.0182594694197, 0.00277233636007, 0.00805572979152, 0.112463392317, 0.198624327779, 0.109148219228, 0.0556137487292, 0.0579710751772, 0.0166876204312, 0.00758029520512, 0.00928361341357, 0.0113532673568, 0.189769893885, 0.569985747337, 0.390294313431, 0.0366287976503, 0.00090031302534, 0.00176344998181, 0.0124333631247], "max": [1, 0.607265710831, 0.306420087814, 0.198529794812, 0.703733623028, 1, 1, 1, 1, 1, 1, 1, 1, 1, 1, 1, 1, 1, 1, 1, 1, 1, 1, 1, 1, 1, 0.716216385365, 0.713140308857, 0.644744753838, 1, 1, 1, 0.889720022678, 0.894439280033, 0.670531451702, 1], "dmean": [0.0382285527885, 0.0243472587317, 0.011643467471, 0.0102280797437, 0.0108052976429, 0.0583751238883, 0.0887617468834, 0.0742081180215, 0.122616752982, 0.0912942662835, 0.0963887870312, 0.0382634066045, 0.0317856967449, 0.0516062639654, 0.129349768162, 0.146872237325, 0.111303217709, 0.0497759059072, 0.0322728194296, 0.0272655412555, 0.09830750525, 0.109034843743, 0.0748946666718, 0.0595445744693, 0.0613812319934, 0.0293952785432, 0.0161100346595, 0.0213982593268, 0.0258711669594, 0.0968132913113, 0.156922742724, 0.189215108752, 0.0558426938951, 0.0126004144549, 0.0129085415974, 0.0268330052495], "dmean2": [0.0599213391542, 0.0396486371756, 0.0186949968338, 0.016557123512, 0.0190252140164, 0.0909387469292, 0.138645231724, 0.121617659926, 0.201140478253, 0.146649286151, 0.159239664674, 0.0667047128081, 0.0564055852592, 0.0924618840218, 0.202291116118, 0.237890735269, 0.183475986123, 0.0853438079357, 0.0569889545441, 0.0491064637899, 0.157098978758, 0.168212234974, 0.121020890772, 0.0948088243604, 0.09624876827, 0.0489355251193, 0.0280334465206, 0.0347748696804, 0.0430093407631, 0.150245577097, 0.257337242365, 0.279714167118, 0.0883146077394, 0.0227471087128, 0.0222791712731, 0.0426441244781], "mean": [0.0729399695992, 0.0445581041276, 0.0181936193258, 0.0148824388161, 0.0119081139565, 0.0967406928539, 0.178447425365, 0.12275480479, 0.295032352209, 0.515125155449, 0.276897102594, 0.0390967875719, 0.031036298722, 0.0459635928273, 0.22241422534, 0.382901191711, 0.224230602384, 0.0557129085064, 0.0349740944803, 0.0257706157863, 0.192686498165, 0.315446943045, 0.163364186883, 0.119971700013, 0.128606930375, 0.0427790246904, 0.0189837515354, 0.0308354832232, 0.032731872052, 0.213395282626, 0.576131522655, 0.431289792061, 0.0603574849665, 0.0103215528652, 0.0128882853314, 0.0442786514759], "dvar2": [0.0152845745906, 0.00550929037854, 0.000679693184793, 0.000639113364741, 0.00276781781577, 0.0171617083251, 0.0372998118401, 0.0322838388383, 0.0567690953612, 0.0576590895653, 0.0391522608697, 0.0237497966737, 0.0281068272889, 0.0420762076974, 0.0624777451158, 0.0699722990394, 0.0539669021964, 0.0420915074646, 0.0386530086398, 0.0199917368591, 0.0380772426724, 0.0418290048838, 0.0266012903303, 0.028905980289, 0.0264323595911, 0.0190538819879, 0.00682615861297, 0.00567444320768, 0.00624737236649, 0.0240688007325, 0.0732832923532, 0.0640953183174, 0.0153415435925, 0.00704992841929, 0.00597483478487, 0.0105239832774], "min": [0, 0, 0, 0, 0, 0, 0, 0, 0, 0, 0, 0, 0, 0, 0, 0, 0, 0, 0, 0, 0, 0, 0, 0, 0, 0, 0, 0, 0, 0, 0, 0, 0, 0, 0, 0]}, "key_key": "C", "thpcp": [1, 0.748596072197, 0.104763381183, 0.0179152712226, 0.0223703868687, 0.0768551081419, 0.126602977514, 0.0773401632905, 0.0315789356828, 0.025831669569, 0.0206690896302, 0.167914256454, 0.309733837843, 0.213067322969, 0.512091994286, 0.894110321999, 0.48061439395, 0.0678608715534, 0.0538701638579, 0.0797796845436, 0.386047661304, 0.664607286453, 0.389200359583, 0.0967017188668, 0.0607050545514, 0.0447304397821, 0.334448814392, 0.547525942326, 0.283553630114, 0.208236649632, 0.223224952817, 0.0742521882057, 0.0329503789544, 0.0535216033459, 0.0568131953478, 0.370393335819], "chords_key": "C", "tuning_equal_tempered_deviation": 0.0385649688542, "tuning_frequency": 437.971466064, "tuning_diatonic_strength": 0.640346288681, "chords_histogram": [61.0645942688, 2.21291875839, 23.4449768066, 0, 0, 0, 1.73444974422, 0, 0, 0, 0, 0, 0, 0.0598086118698, 0, 3.34928226471, 0, 3.46889948845, 0, 0, 0.538277506828, 0.179425835609, 3.94736838341, 0], "key_strength": 0.87397313118, "key_scale": "major", "chords_strength": {"dvar": 0.00123048119713, "var": 0.0444748699665, "median": 0.525461852551, "max": 0.710928916931, "dmean": 0.00578501354903, "dmean2": 0.0059965569526, "mean": 0.49794575572, "dvar2": 0.00241619651206, "min": -1}, "chords_number_rate": 0.00418660277501, "tuning_nontempered_energy_ratio": 0.639409780502, "hpcp_entropy": {"dvar": 0.155662551522, "var": 0.567487061024, "median": 1.6525182724, "max": 3.53303647041, "dmean": 0.431354612112, "dmean2": 0.720046818256, "mean": 1.5176858902, "dvar2": 0.421784847975, "min": 0}, "chords_changes_rate": 0.0322966501117, "chords_scale": "major"}, "rhythm": {"bpm_histogram_first_peak_spread": {"dvar": 0, "var": 0, "median": 0.458823531866, "max": 0.458823531866, "dmean": 0, "dmean2": 0, "mean": 0.458823531866, "dvar2": 0, "min": 0.458823531866}, "bpm_histogram_first_peak_weight": {"dvar": 0, "var": 0, "median": 0.383333325386, "max": 0.383333325386, "dmean": 0, "dmean2": 0, "mean": 0.383333325386, "dvar2": 0, "min": 0.383333325386}, "bpm_histogram_first_peak_bpm": {"dvar": 0, "var": 0, "median": 89, "max": 89, "dmean": 0, "dmean2": 0, "mean": 89, "dvar2": 0, "min": 89}, "bpm": 89.3514175415, "bpm_histogram_second_peak_weight": {"dvar": 0, "var": 0, "median": 0.0500000007451, "max": 0.0500000007451, "dmean": 0, "dmean2": 0, "mean": 0.0500000007451, "dvar2": 0, "min": 0.0500000007451}, "beats_loudness": {"dvar": 0.000376158131985, "var": 0.000765973003581, "median": 0.0162850450724, "max": 0.111860662699, "dmean": 0.0156223364174, "dmean2": 0.0302011966705, "mean": 0.0286088418216, "dvar2": 0.00142767291982, "min": 1.76894859871e-10}, "beats_loudness_band_ratio": {"dvar": [0.0250933244824, 0.0102725597098, 0.00870256032795, 0.00300354883075, 0.000159423580044, 0.00746504124254], "var": [0.0266091823578, 0.026787519455, 0.019707923755, 0.00655024917796, 0.000209466932574, 0.0219689682126], "median": [0.155324459076, 0.435749948025, 0.253867357969, 0.126693427563, 0.0140446368605, 0.000658177770674], "max": [0.752605974674, 0.827478170395, 0.60767018795, 0.362259864807, 0.0810722634196, 0.956508755684], "dmean": [0.162305876613, 0.140685632825, 0.121605023742, 0.063425026834, 0.0106116589159, 0.0118396077305], "dmean2": [0.30798214674, 0.248977318406, 0.219639763236, 0.105361096561, 0.0186840929091, 0.0233976393938], "mean": [0.215198755264, 0.433953881264, 0.268730193377, 0.135056465864, 0.0170001834631, 0.0268929731101], "dvar2": [0.0876176431775, 0.029155081138, 0.0274376422167, 0.00863266829401, 0.00050978170475, 0.014789192006], "min": [0.00277632032521, 0.000626111577731, 0.00187725119758, 0.00145366333891, 0.00033393400372, 1.10321279863e-05]}, "bpm_histogram_second_peak_bpm": {"dvar": 0, "var": 0, "median": 117, "max": 117, "dmean": 0, "dmean2": 0, "mean": 117, "dvar2": 0, "min": 117}, "onset_rate": 1.54637002945, "beats_count": 121, "beats_position": [0.545668900013, 1.09133780003, 1.63700675964, 2.18267560005, 2.72834467888, 3.30884337425, 3.88934230804, 4.46984100342, 5.0387301445, 5.61922883987, 6.21133756638, 6.80344676971, 7.39555549622, 8.06893444061, 8.74231243134, 9.41569137573, 10.0890703201, 10.7508392334, 11.412607193, 12.0743761063, 12.7361450195, 13.4095239639, 14.0829019547, 14.756280899, 15.4064397812, 16.0682086945, 16.7299766541, 17.391746521, 18.0419044495, 18.6804523468, 19.3770523071, 20.0736503601, 20.7702484131, 21.4552383423, 22.1518363953, 22.8484344482, 23.5450344086, 24.2416324615, 24.9266204834, 25.6000003815, 26.2617683411, 26.9235363007, 27.5736961365, 28.2354640961, 28.9088420868, 29.5822219849, 30.2555999756, 30.9405899048, 31.6139678955, 32.2989578247, 32.9839439392, 33.6689338684, 34.3423118591, 35.0156898499, 35.7006797791, 36.3856697083, 37.059047699, 37.7324256897, 38.4058036804, 39.0791816711, 39.7525634766, 40.4259414673, 41.099319458, 41.7726974487, 42.4344673157, 43.0846252441, 43.7580032349, 44.4429931641, 45.1163711548, 45.801361084, 46.4747390747, 47.1597251892, 47.8331069946, 48.4948730469, 49.1798629761, 49.8532409668, 50.5266189575, 51.2000007629, 51.8849868774, 52.5699768066, 53.2549667358, 53.9399528503, 54.6249427795, 55.2867126465, 55.9484786987, 56.6102485657, 57.2604064941, 57.9105644226, 58.5723342896, 59.2341041565, 59.884262085, 60.5460319519, 61.2077980042, 61.8695678711, 62.531337738, 63.1931037903, 63.8548736572, 64.5050354004, 65.1668014526, 65.7589111328, 66.351020813, 66.8734664917, 67.3959197998, 67.9183654785, 68.4292068481, 68.9400405884, 69.450881958, 69.9501113892, 70.4493408203, 70.9601821899, 71.4594116211, 71.9586410522, 72.4694747925, 72.9803161621, 73.5027618408, 74.0252151489, 74.5708847046, 75.1281585693, 75.6854400635, 76.2427215576, 76.7999954224], "danceability": 0.838040292263, "bpm_histogram_second_peak_spread": {"dvar": 0, "var": 0, "median": 0.600000023842, "max": 0.600000023842, "dmean": 0, "dmean2": 0, "mean": 0.600000023842, "dvar2": 0, "min": 0.600000023842}}, "lowlevel": {"spectral_flux": {"dvar": 0.000218342829612, "var": 0.00129910581745, "median": 0.0410222522914, "max": 0.275371968746, "dmean": 0.0106439227238, "dmean2": 0.01763346605, "mean": 0.0523100942373, "dvar2": 0.000532657257281, "min": 7.35146110653e-11}, "spectral_rolloff": {"dvar": 108497.90625, "var": 10475497, "median": 796.728515625, "max": 19918.2128906, "dmean": 103.297035217, "dmean2": 170.775970459, "mean": 1346.78015137, "dvar2": 142287.078125, "min": 43.06640625}, "barkbands_flatness_db": {"dvar": 0.000189355239854, "var": 0.00371129019186, "median": 0.260630339384, "max": 0.389613807201, "dmean": 0.0142701864243, "dmean2": 0.0222501866519, "mean": 0.248911827803, "dvar2": 0.000424157798989, "min": 0.0283287148923}, "spectral_centroid": {"dvar": 56600.9726563, "var": 434640.09375, "median": 571.477172852, "max": 11144.6376953, "dmean": 72.4589996338, "dmean2": 109.508125305, "mean": 696.759338379, "dvar2": 83829.703125, "min": 249.039489746}, "melbands_skewness": {"dvar": 0.0949714556336, "var": 0.717585682869, "median": 1.03047645092, "max": 6.19206190109, "dmean": 0.341185599566, "dmean2": 0.512997746468, "mean": 1.12367010117, "dvar2": 0.223911941051, "min": -1.01053535938}, "melbands": {"dvar": [5.27202075773e-07, 1.85510646133e-06, 3.69574820525e-07, 8.44382157084e-07, 7.08812706307e-07, 9.53439638351e-08, 2.36000214926e-08, 1.19404617749e-07, 5.05725914479e-08, 1.74301337807e-08, 7.51358371076e-08, 2.95662760941e-09, 2.57976182638e-08, 3.81275988559e-09, 7.71490371587e-10, 5.36574951138e-10, 2.59398991176e-09, 4.2802988931e-10, 1.2228393298e-10, 1.72520595032e-10, 4.05896809219e-11, 1.35571146323e-11, 3.58529907152e-11, 1.46636574411e-11, 1.14745643542e-11, 6.35761365428e-12, 2.69188187366e-12, 1.41482095137e-12, 3.35417864273e-13, 3.14965122126e-13, 1.83701334309e-13, 2.62292195342e-13, 1.71334422886e-13, 1.63811469272e-13, 2.57530840186e-13, 9.7978602228e-13, 3.87709368733e-13, 1.94307813112e-13, 1.84327935402e-13, 2.60424125163e-14], "var": [1.84061445907e-06, 2.75449428955e-06, 6.21725916972e-07, 2.25074222726e-06, 2.75614684142e-06, 6.59093075228e-07, 3.78174007665e-07, 3.75760862426e-07, 1.92591997461e-07, 7.28376647885e-08, 1.82161713269e-07, 7.56039675309e-09, 5.10756557048e-08, 9.14124687057e-09, 2.01841721115e-09, 1.4037707663e-09, 4.03199695853e-09, 1.06026154523e-09, 3.13321674161e-10, 4.44264014465e-10, 1.34287345133e-10, 5.15197884354e-11, 6.3302571518e-11, 2.53244421961e-11, 4.2634236419e-11, 2.8800984167e-11, 3.95689904453e-12, 2.84359493417e-12, 8.64664134563e-13, 7.54395894711e-13, 3.97785103468e-13, 4.31269413627e-13, 3.8229049917e-13, 2.65316197831e-13, 5.0010381036e-13, 2.72170285441e-12, 1.3220813333e-12, 5.56288901662e-13, 4.45078923803e-13, 4.95976347557e-14], "median": [0.000251595629379, 3.45904372807e-05, 0.000166352241649, 0.000439946714323, 0.000743403797969, 0.000319638842484, 8.26501272968e-05, 0.000214867977775, 0.000196983004571, 6.18569974904e-05, 0.000277977058431, 5.27430311195e-05, 6.75930059515e-05, 2.35898260144e-05, 3.15882425639e-05, 1.31899278131e-05, 8.7044254542e-06, 3.80121150556e-06, 3.03500519294e-06, 3.07716595671e-06, 1.09289646844e-06, 6.66437642849e-07, 4.35148876932e-07, 2.15961151184e-07, 1.92982298586e-07, 7.93534482568e-08, 4.39963265819e-08, 3.59299328068e-08, 1.640990277e-08, 9.10695074907e-09, 3.37798211625e-09, 2.20401497053e-09, 1.6853868301e-09, 1.00751340604e-09, 6.76328715254e-10, 2.99396035741e-10, 1.96799784802e-10, 1.1931163002e-10, 1.25340071655e-10, 1.05455567889e-10], "max": [0.014581383206, 0.0203187372535, 0.0119693353772, 0.0149382259697, 0.0125426175073, 0.0059489258565, 0.00499968416989, 0.0066607198678, 0.00603804597631, 0.00496320426464, 0.00859115086496, 0.0015117257135, 0.00409329496324, 0.00179882755037, 0.000506063690409, 0.000937299453653, 0.00158870127052, 0.000675240182318, 0.000384687038604, 0.00027652803692, 0.000214615036384, 6.59406214254e-05, 0.00022049540712, 9.47074950091e-05, 6.55410185573e-05, 6.75321789458e-05, 4.46336271125e-05, 2.31136637012e-05, 8.96310666576e-06, 1.06481229523e-05, 8.65063702804e-06, 1.25978394863e-05, 1.48794460983e-05, 1.53400451381e-05, 2.56354851444e-05, 5.14280545758e-05, 3.4080563637e-05, 2.05621054192e-05, 2.19663106691e-05, 6.76429044688e-06], "dmean": [0.00032374978764, 0.000325652363244, 0.000236168212723, 0.000442921620561, 0.000516881002113, 0.000215330743231, 8.11123245512e-05, 0.000161032323376, 0.000122502271552, 4.99105299241e-05, 0.00018332793843, 3.07762165903e-05, 6.16632823949e-05, 2.53797516052e-05, 1.76789853867e-05, 1.05069138954e-05, 1.53146502271e-05, 7.67007804825e-06, 4.64111690235e-06, 5.67427741771e-06, 2.33727791965e-06, 1.58264970196e-06, 1.7142821207e-06, 1.06246307041e-06, 1.31160493311e-06, 8.44971225433e-07, 4.00137622592e-07, 3.32884781074e-07, 1.95205856812e-07, 1.74723965074e-07, 1.20231916867e-07, 1.22462651575e-07, 8.78925234815e-08, 8.01683768259e-08, 6.73537456919e-08, 8.74020145147e-08, 7.41320107522e-08, 4.51672299562e-08, 3.91682206669e-08, 1.70627263429e-08], "dmean2": [0.000510170473717, 0.000573088706005, 0.000385837105568, 0.000738287635613, 0.000837828207295, 0.00036786601413, 0.000122388446471, 0.000252312252996, 0.000173590058694, 7.45561628719e-05, 0.000238833148615, 4.44227698608e-05, 9.16795543162e-05, 3.94627677451e-05, 2.67439918389e-05, 1.66458175954e-05, 2.44348539127e-05, 1.2166763554e-05, 7.17832153896e-06, 9.29368798097e-06, 3.77920832761e-06, 2.56003590948e-06, 2.79943515125e-06, 1.70048326709e-06, 2.10699749914e-06, 1.32544153075e-06, 6.64238768877e-07, 5.17170292369e-07, 3.1208190876e-07, 2.82092088355e-07, 1.91285934648e-07, 1.9420291153e-07, 1.34449763323e-07, 1.27255447069e-07, 1.07251501902e-07, 1.17467862992e-07, 9.3050879002e-08, 6.45622506568e-08, 5.24128580537e-08, 2.50363108023e-08], "mean": [0.000712471723091, 0.000543676433153, 0.00041546364082, 0.00109472835902, 0.00139204284642, 0.000598635699134, 0.000290627445793, 0.000435395399109, 0.000320105726132, 0.000140896154335, 0.00038848730037, 7.84338626545e-05, 0.00012087560026, 5.35233557457e-05, 4.19833595515e-05, 2.22924172704e-05, 2.457212031e-05, 1.52229131345e-05, 9.55609175435e-06, 1.14636104627e-05, 5.66505786992e-06, 3.80003098144e-06, 3.23186509377e-06, 2.18201421376e-06, 2.91661831398e-06, 1.98716861632e-06, 7.82212737249e-07, 6.40401140117e-07, 4.26170771561e-07, 3.59579217957e-07, 2.48556887072e-07, 2.22979892328e-07, 1.65296441423e-07, 1.40560970863e-07, 1.19637974194e-07, 1.68531755662e-07, 1.37103072007e-07, 8.95454590477e-08, 6.85157317548e-08, 3.00349753957e-08], "dvar2": [1.3690743117e-06, 5.50649428988e-06, 9.58997134148e-07, 2.41761745201e-06, 1.93392861547e-06, 2.74145975254e-07, 5.39555387036e-08, 3.03655895095e-07, 9.82803243232e-08, 3.65913237488e-08, 1.71385295289e-07, 7.76161801497e-09, 6.58471535075e-08, 8.97585739068e-09, 1.79207504392e-09, 1.18938359162e-09, 6.50614362385e-09, 1.00418584559e-09, 2.59865240437e-10, 4.23828416807e-10, 9.21747678184e-11, 3.44382508621e-11, 8.16227016531e-11, 3.79365289183e-11, 2.99729442654e-11, 1.54546132836e-11, 7.37423837271e-12, 3.14894920035e-12, 8.33048365532e-13, 7.31558748041e-13, 4.57190383642e-13, 6.60787180182e-13, 3.44399910066e-13, 4.15062000611e-13, 5.84456690943e-13, 1.33019018977e-12, 4.61317182371e-13, 3.58878156142e-13, 3.92099276224e-13, 5.78383708657e-14], "min": [3.35755570126e-24, 6.26394528474e-24, 1.58202977985e-23, 2.01219878691e-23, 1.6867573759e-23, 7.04163434182e-24, 6.65681773706e-24, 2.90678401394e-24, 6.58275789756e-24, 5.61490918611e-24, 6.97737688793e-24, 5.8188632567e-24, 5.99220755201e-24, 6.67714116057e-24, 5.87575038316e-24, 4.46526195703e-24, 7.78269737594e-24, 8.78205713625e-24, 6.40035669019e-24, 6.93741003903e-24, 5.06200170524e-24, 6.41633743441e-24, 8.59864303148e-24, 7.03995485696e-24, 5.40084467973e-24, 9.92447839944e-24, 5.20400928995e-24, 8.21640994618e-24, 9.28359123396e-24, 1.01310353166e-23, 9.3581385895e-24, 9.42446285897e-24, 6.65973967786e-24, 7.98326052792e-24, 1.01497873292e-23, 6.41891148755e-24, 1.02687830524e-23, 6.8653704723e-24, 6.53620603225e-24, 9.27371627315e-24]}, "spectral_decrease": {"dvar": 3.60280997339e-18, "var": 3.04891660034e-17, "median": -3.2867988331e-09, "max": 2.67018715923e-17, "dmean": 1.12559739307e-09, "dmean2": 1.80298997954e-09, "mean": -5.90074344942e-09, "dvar2": 9.34378008702e-18, "min": -3.35357093206e-08}, "barkbands_kurtosis": {"dvar": 2.75198340416, "var": 18.8009643555, "median": 0.782284140587, "max": 36.6447639465, "dmean": 1.12857782841, "dmean2": 1.77240741253, "mean": 2.14202785492, "dvar2": 6.75662231445, "min": -1.5955299139}, "silence_rate_30dB": {"dvar": 0.00238804309629, "var": 0.00149345409591, "median": 1, "max": 1, "dmean": 0.00239377608523, "dmean2": 0.0047889854759, "mean": 0.998504340649, "dvar2": 0.00656190235168, "min": 0}, "gfcc": {"mean": [-145.486801147, 194.343490601, -130.380187988, -19.333360672, -47.8661727905, -8.68242263794, -25.6963329315, -8.15000629425, -14.9488725662, -9.44754695892, -3.89386343956, -2.18597507477, 6.54957962036], "cov": [[34715.4609375, 5175.5703125, -3249.22900391, 1430.4050293, -1967.76062012, -259.589263916, -951.753601074, -153.184768677, -162.439712524, -333.936126709, 53.688747406, -373.737670898, 24.8159885406], [5175.5703125, 3705.98803711, -817.378112793, -1131.66223145, 84.8972091675, -440.152313232, 3.06966495514, -373.271331787, 5.24526262283, -248.966430664, 136.746444702, -82.0694122314, 272.319915771], [-3249.22900391, -817.378112793, 673.51385498, 17.7208957672, 67.652015686, 145.999862671, 29.8245220184, 86.9509963989, 22.6328983307, 85.4332351685, -41.8842353821, 70.2680053711, -14.9943113327], [1430.4050293, -1131.66223145, 17.7208957672, 1093.83349609, -196.780227661, 116.798294067, -35.478313446, 150.611129761, 11.653137207, 73.8536911011, -23.9414787292, -53.5113716125, -149.912399292], [-1967.76062012, 84.8972091675, 67.652015686, -196.780227661, 303.695343018, -23.8402614594, 97.9691238403, -25.7813510895, 21.409948349, -5.5081319809, 24.6381092072, 18.3238220215, 19.54870224], [-259.589263916, -440.152313232, 145.999862671, 116.798294067, -23.8402614594, 161.777420044, -8.29060173035, 65.5847091675, 9.50275802612, 43.2122077942, -22.4130134583, 30.3151817322, -26.0386810303], [-951.753601074, 3.06966495514, 29.8245220184, -35.478313446, 97.9691238403, -8.29060173035, 124.837791443, -0.460106313229, 14.9835596085, 5.97792005539, 15.6058683395, 0.213443100452, 12.2365865707], [-153.184768677, -373.271331787, 86.9509963989, 150.611129761, -25.7813510895, 65.5847091675, -0.460106313229, 105.041419983, 16.83842659, 28.4343013763, -17.0532226563, 18.2154331207, -30.6607761383], [-162.439712524, 5.24526262283, 22.6328983307, 11.653137207, 21.409948349, 9.50275802612, 14.9835596085, 16.83842659, 53.3702926636, 12.7087001801, 9.68467712402, -0.0289390403777, 3.90600156784], [-333.936126709, -248.966430664, 85.4332351685, 73.8536911011, -5.5081319809, 43.2122077942, 5.97792005539, 28.4343013763, 12.7087001801, 81.3259658813, 3.7151620388, 11.7258310318, -25.1043281555], [53.688747406, 136.746444702, -41.8842353821, -23.9414787292, 24.6381092072, -22.4130134583, 15.6058683395, -17.0532226563, 9.68467712402, 3.7151620388, 55.5121459961, 3.64134764671, 13.0483570099], [-373.737670898, -82.0694122314, 70.2680053711, -53.5113716125, 18.3238220215, 30.3151817322, 0.213443100452, 18.2154331207, -0.0289390403777, 11.7258310318, 3.64134764671, 59.0846710205, 17.2382259369], [24.8159885406, 272.319915771, -14.9943113327, -149.912399292, 19.54870224, -26.0386810303, 12.2365865707, -30.6607761383, 3.90600156784, -25.1043281555, 13.0483570099, 17.2382259369, 74.7273864746]], "icov": [[0.000519349356182, -0.00125495169777, 0.00151273061056, -0.00122206646483, 0.00165432470385, -0.00182261830196, 0.00169034057762, -0.00141442171298, 0.0010494767921, -0.000910111237317, 0.000743665732443, -0.000352784147253, -8.13540027593e-05], [-0.00125495169777, 0.0040053431876, -0.00300992419943, 0.00360026932321, -0.00371626741253, 0.00505460752174, -0.00393184227869, 0.00439312495291, -0.00354577065445, 0.00291510112584, -0.00264325970784, 0.00159474636894, -0.00112268177327], [0.00151273061056, -0.00300992419943, 0.00718493433669, -0.00304242200218, 0.0044298376888, -0.0059763607569, 0.00477944640443, -0.00403122184798, 0.00213947379962, -0.00389852118678, 0.00345614086837, -0.00201430683956, -0.00143374863546], [-0.00122206646483, 0.00360026932321, -0.00304242200218, 0.00500272493809, -0.00285861943848, 0.00423741620034, -0.00422301096842, 0.00229134387337, -0.00313778407872, 0.00240597128868, -0.00308734551072, 0.00272950902581, 0.00144915131386], [0.00165432470385, -0.00371626741253, 0.0044298376888, -0.00285861943848, 0.0108812227845, -0.00522308098152, 0.00155691895634, -0.00309238350019, 0.0012906951597, -0.00146702933125, 0.000951367430389, -0.00260296277702, 0.00183124304749], [-0.00182261830196, 0.00505460752174, -0.0059763607569, 0.00423741620034, -0.00522308098152, 0.0174060668796, -0.00552113587037, 0.00270257680677, -0.00496775377542, 0.00147312192712, -0.000810438010376, -0.00201711477712, 0.00029279946466], [0.00169034057762, -0.00393184227869, 0.00477944640443, -0.00422301096842, 0.00155691895634, -0.00552113587037, 0.0171268451959, -0.00602106098086, 0.0029979783576, -0.00419183494523, 0.000704138888977, 0.00165460212156, -0.00342153920792], [-0.00141442171298, 0.00439312495291, -0.00403122184798, 0.00229134387337, -0.00309238350019, 0.00270257680677, -0.00602106098086, 0.0232152082026, -0.00968855340034, 0.00376225635409, 0.000775563414209, -0.00532141653821, 0.00337254931219], [0.0010494767921, -0.00354577065445, 0.00213947379962, -0.00313778407872, 0.0012906951597, -0.00496775377542, 0.0029979783576, -0.00968855340034, 0.0266713090241, -0.00581597024575, -0.00206285947934, 0.0038249141071, -0.00369748519734], [-0.000910111237317, 0.00291510112584, -0.00389852118678, 0.00240597128868, -0.00146702933125, 0.00147312192712, -0.00419183494523, 0.00376225635409, -0.00581597024575, 0.0206554457545, -0.0061893328093, -0.00168140872847, 0.00556237902492], [0.000743665732443, -0.00264325970784, 0.00345614086837, -0.00308734551072, 0.000951367430389, -0.000810438010376, 0.000704138888977, 0.000775563414209, -0.00206285947934, -0.0061893328093, 0.0259049125016, -0.00590427033603, -0.00157570047304], [-0.000352784147253, 0.00159474636894, -0.00201430683956, 0.00272950902581, -0.00260296277702, -0.00201711477712, 0.00165460212156, -0.00532141653821, 0.0038249141071, -0.00168140872847, -0.00590427033603, 0.0287111327052, -0.00945603847504], [-8.13540027593e-05, -0.00112268177327, -0.00143374863546, 0.00144915131386, 0.00183124304749, 0.00029279946466, -0.00342153920792, 0.00337254931219, -0.00369748519734, 0.00556237902492, -0.00157570047304, -0.00945603847504, 0.0262051392347]]}, "silence_rate_20dB": {"dvar": 0, "var": 0, "median": 1, "max": 1, "dmean": 0, "dmean2": 0, "mean": 1, "dvar2": 0, "min": 1}, "barkbands_skewness": {"dvar": 0.0856242328882, "var": 1.2773308754, "median": 0.601557672024, "max": 5.49290513992, "dmean": 0.331607758999, "dmean2": 0.5046646595, "mean": 0.560997307301, "dvar2": 0.194977834821, "min": -4.86515474319}, "erbbands_skewness": {"dvar": 0.0390133969486, "var": 0.455871015787, "median": 0.243747219443, "max": 3.69431424141, "dmean": 0.235399290919, "dmean2": 0.344626516104, "mean": 0.294278055429, "dvar2": 0.088058039546, "min": -1.62961280346}, "spectral_contrast_valleys": {"dvar": [0.130118906498, 0.105220198631, 0.0956150442362, 0.0921601429582, 0.106297709048, 0.0943251922727], "var": [5.39609718323, 4.68984460831, 4.08728313446, 3.82132649422, 3.87765955925, 2.99763345718], "median": [-7.99377441406, -6.31356525421, -7.50574827194, -8.42461872101, -9.8014831543, -13.6334295273], "max": [-5.18528413773, -4.7304854393, -5.38884925842, -6.25700473785, -6.41276311874, -8.13355445862], "dmean": [0.342585802078, 0.277058392763, 0.2495790869, 0.212671414018, 0.197785422206, 0.19306397438], "dmean2": [0.569724440575, 0.466248899698, 0.403675466776, 0.344182759523, 0.308093190193, 0.307758778334], "mean": [-8.25394058228, -6.72317028046, -7.81530427933, -8.68066501617, -9.72371768951, -13.0567092896], "dvar2": [0.250394612551, 0.176786988974, 0.150758251548, 0.136104926467, 0.154900252819, 0.146902516484], "min": [-27.7515449524, -27.5922107697, -27.2919712067, -27.2936115265, -27.3514862061, -27.3873119354]}, "spectral_strongpeak": {"dvar": 0.236246317625, "var": 0.603211164474, "median": 0.672995686531, "max": 6.13867282867, "dmean": 0.371926546097, "dmean2": 0.62864112854, "mean": 0.923140048981, "dvar2": 0.569619894028, "min": 0}, "erbbands_crest": {"dvar": 3.83186125755, "var": 18.9650192261, "median": 9.61764812469, "max": 27.1071205139, "dmean": 2.19423770905, "dmean2": 3.1812543869, "mean": 10.4873828888, "dvar2": 7.91438865662, "min": 2.21064972878}, "barkbands_crest": {"dvar": 2.40259337425, "var": 13.3841905594, "median": 9.02649974823, "max": 24.3189125061, "dmean": 1.78661704063, "dmean2": 2.88635516167, "mean": 9.931224823, "dvar2": 6.26520872116, "min": 3.22998189926}, "spectral_energyband_middle_low": {"dvar": 3.34826872859e-05, "var": 0.000234644816373, "median": 0.0103260362521, "max": 0.086418710649, "dmean": 0.00371173233725, "dmean2": 0.00592272775248, "mean": 0.0171889029443, "dvar2": 9.33544142754e-05, "min": 3.12492063609e-22}, "spectral_contrast_coeffs": {"dvar": [0.00127050327137, 0.00082717416808, 0.000660669524223, 0.00039211488911, 0.000196756445803, 0.000199444097234], "var": [0.00834038760513, 0.00414826208726, 0.0070306067355, 0.00340594165027, 0.0021760808304, 0.00266511668451], "median": [-0.559706509113, -0.72789144516, -0.698180854321, -0.762792646885, -0.788644552231, -0.788938522339], "max": [-0.306139618158, -0.527661621571, -0.465886384249, -0.614948570728, -0.67441880703, -0.629926621914], "dmean": [0.044029969722, 0.0356094166636, 0.0324356816709, 0.0239672884345, 0.0172332637012, 0.014929140918], "dmean2": [0.0739525109529, 0.060728687793, 0.0497338436544, 0.03863158077, 0.0276248939335, 0.0245129484683], "mean": [-0.567926645279, -0.731073379517, -0.703274548054, -0.765214085579, -0.792765259743, -0.79069006443], "dvar2": [0.00366429449059, 0.00233026081696, 0.00159704114776, 0.00101327279117, 0.000476195797091, 0.000473341264296], "min": [-0.954402625561, -0.980029404163, -0.98472070694, -0.979601025581, -0.977805316448, -0.963293910027]}, "hfc": {"dvar": 8.00613689423, "var": 95.1478805542, "median": 6.48560380936, "max": 67.9740524292, "dmean": 1.85522902012, "dmean2": 2.7417075634, "mean": 10.8348989487, "dvar2": 19.0765800476, "min": 1.1089734525e-16}, "spectral_energyband_high": {"dvar": 1.23588517198e-08, "var": 4.45651373582e-08, "median": 1.30667365283e-06, "max": 0.00568789476529, "dmean": 2.19598186959e-05, "dmean2": 3.00101692119e-05, "mean": 5.66319140489e-05, "dvar2": 1.98042879873e-08, "min": 7.39682836762e-21}, "erbbands_spread": {"dvar": 9.22621536255, "var": 81.8810882568, "median": 13.7891874313, "max": 95.9573745728, "dmean": 2.57127380371, "dmean2": 3.74273443222, "mean": 16.1844520569, "dvar2": 20.6060161591, "min": 2.67198014259}, "dissonance": {"dvar": 0.000641053833533, "var": 0.00188604812138, "median": 0.443115025759, "max": 0.499999284744, "dmean": 0.0275797024369, "dmean2": 0.0464969538152, "mean": 0.435217738152, "dvar2": 0.0017112295609, "min": 0.223602294922}, "spectral_kurtosis": {"dvar": 343.905609131, "var": 1514.33129883, "median": 28.4848537445, "max": 184.397094727, "dmean": 15.6054420471, "dmean2": 27.1642723083, "mean": 42.500377655, "dvar2": 1017.53381348, "min": -1.20745968819}, "spectral_skewness": {"dvar": 0.889894604683, "var": 4.72938108444, "median": 3.6684191227, "max": 10.711810112, "dmean": 0.893167853355, "dmean2": 1.55097341537, "mean": 4.1244392395, "dvar2": 2.66571331024, "min": 0.00586546910927}, "pitch_salience": {"dvar": 0.00189254968427, "var": 0.0071813352406, "median": 0.598284006119, "max": 0.847331821918, "dmean": 0.048712529242, "dmean2": 0.0797247290611, "mean": 0.598312079906, "dvar2": 0.00515500502661, "min": 0.154252290726}, "spectral_complexity": {"dvar": 2.69708895683, "var": 43.5129890442, "median": 13, "max": 40, "dmean": 1.61699581146, "dmean2": 2.65429520607, "mean": 14.0783729553, "dvar2": 6.79655647278, "min": 0}, "spectral_spread": {"dvar": 638632067072, "var": 6050368454660.0, "median": 1400951.25, "max": 41876924, "dmean": 248000.765625, "dmean2": 401046.4375, "mean": 2064962.5, "dvar2": 1058594160640.0, "min": 441871.9375}, "dynamic_complexity": 4.10577583313, "melbands_crest": {"dvar": 4.16776037216, "var": 15.3198595047, "median": 10.6717205048, "max": 35.9160041809, "dmean": 2.22068595886, "dmean2": 3.57061290741, "mean": 11.1671581268, "dvar2": 10.9708251953, "min": 1.71547734737}, "zerocrossingrate": {"dvar": 7.21963879187e-05, "var": 0.0114205786958, "median": 0.02783203125, "max": 0.68359375, "dmean": 0.00328998127952, "dmean2": 0.00421579182148, "mean": 0.0472275912762, "dvar2": 6.93463080097e-05, "min": 0.00732421875}, "spectral_energyband_low": {"dvar": 2.51285437116e-05, "var": 5.62623972655e-05, "median": 0.00116509816144, "max": 0.0755614191294, "dmean": 0.0017240018351, "dmean2": 0.0028443261981, "mean": 0.0035726770293, "dvar2": 7.07414073986e-05, "min": 4.81284132939e-23}, "melbands_kurtosis": {"dvar": 5.69864177704, "var": 26.159822464, "median": 1.62987339497, "max": 57.6067123413, "dmean": 1.56637299061, "dmean2": 2.38960433006, "mean": 3.01177358627, "dvar2": 12.8209142685, "min": -1.47526490688}, "spectral_energyband_middle_high": {"dvar": 2.35721927311e-06, "var": 1.05191020339e-05, "median": 0.00247030239552, "max": 0.0332865901291, "dmean": 0.000939456687775, "dmean2": 0.00131562934257, "mean": 0.00340989278629, "dvar2": 5.49718697584e-06, "min": 1.50197662326e-21}, "barkbands_spread": {"dvar": 8.07061290741, "var": 23.4935054779, "median": 8.54734134674, "max": 107.692588806, "dmean": 1.78936028481, "dmean2": 2.76606464386, "mean": 9.11871623993, "dvar2": 14.3781614304, "min": 1.39200127125}, "mfcc": {"mean": [-760.78515625, 219.268661499, -11.9526309967, -6.89697885513, -4.36872386932, -4.91026306152, -5.20667266846, -1.00701999664, -4.99063587189, -3.76600146294, -6.63163280487, -4.44139623642, -3.01118779182], "cov": [[14019.0859375, 1268.53894043, -1053.25024414, 1454.31408691, -360.371490479, 117.507019043, -245.052520752, 150.298248291, -144.888076782, 208.29460144, 23.2179450989, -26.1885738373, -54.7195739746], [1268.53894043, 3383.99511719, -355.976928711, -734.533874512, 82.3530273438, -143.918640137, 10.1969814301, -74.1339416504, -32.1928939819, -140.691925049, -102.491798401, -55.0396347046, -17.7572193146], [-1053.25024414, -355.976928711, 531.243164063, -101.067459106, 0.326777100563, 37.6146125793, -24.0272521973, 5.06059265137, 39.163734436, -4.04647541046, -10.5006065369, 22.9747047424, 5.92704534531], [1454.31408691, -734.533874512, -101.067459106, 720.967834473, -53.2601547241, 63.6057434082, 8.64902877808, 40.3607215881, -13.0285263062, 90.1985549927, 59.544052124, 9.44943618774, 5.50408315659], [-360.371490479, 82.3530273438, 0.326777100563, -53.2601547241, 123.330291748, 2.04409003258, 9.00542259216, 3.76221823692, 1.66510748863, -8.13714694977, 2.30990171432, 6.78327560425, -1.28016829491], [117.507019043, -143.918640137, 37.6146125793, 63.6057434082, 2.04409003258, 90.556060791, 8.44258499146, 10.2913455963, 15.0224075317, 8.68735027313, 17.4814567566, 11.8357572556, 7.79809236526], [-245.052520752, 10.1969814301, -24.0272521973, 8.64902877808, 9.00542259216, 8.44258499146, 76.7443084717, 1.74314677715, 0.698045611382, 6.67952728271, 3.86387658119, -0.312912613153, 7.32863616943], [150.298248291, -74.1339416504, 5.06059265137, 40.3607215881, 3.76221823692, 10.2913455963, 1.74314677715, 75.644821167, 21.618221283, 1.77353453636, 1.12975001335, 2.13293790817, -0.800902605057], [-144.888076782, -32.1928939819, 39.163734436, -13.0285263062, 1.66510748863, 15.0224075317, 0.698045611382, 21.618221283, 52.5283050537, 10.8451442719, -3.19007110596, 5.14954900742, 4.9223241806], [208.29460144, -140.691925049, -4.04647541046, 90.1985549927, -8.13714694977, 8.68735027313, 6.67952728271, 1.77353453636, 10.8451442719, 62.4206962585, 21.9418849945, 0.927618801594, 6.54967784882], [23.2179450989, -102.491798401, -10.5006065369, 59.544052124, 2.30990171432, 17.4814567566, 3.86387658119, 1.12975001335, -3.19007110596, 21.9418849945, 52.6660461426, 16.9492149353, -0.0826910585165], [-26.1885738373, -55.0396347046, 22.9747047424, 9.44943618774, 6.78327560425, 11.8357572556, -0.312912613153, 2.13293790817, 5.14954900742, 0.927618801594, 16.9492149353, 46.8462905884, 16.1383571625], [-54.7195739746, -17.7572193146, 5.92704534531, 5.50408315659, -1.28016829491, 7.79809236526, 7.32863616943, -0.800902605057, 4.9223241806, 6.54967784882, -0.0826910585165, 16.1383571625, 44.0311813354]], "icov": [[0.000216764121433, -0.000217605847865, 0.000255976803601, -0.000437226583017, 0.000501531758346, -0.000609250506386, 0.000864772766363, -0.000591078482103, 0.000811532139778, -0.000941136153415, 0.00077644205885, -0.00055536016589, 0.000423901103204], [-0.000217605847865, 0.00068601424573, 0.000128643514472, 0.000865708454512, -0.000628514739219, 0.00079616624862, -0.000904481566977, 0.000790042278823, -0.000909637194127, 0.0012979877647, -0.000539999920875, 0.000726915081032, -0.00047249608906], [0.000255976803601, 0.000128643514472, 0.0028222638648, 0.000217268345295, 0.000651098729577, -0.00164186221082, 0.00170197861735, -0.000420544529334, -0.000200290000066, -0.00125181127805, 0.00191693298984, -0.00171241280623, 0.000821543973871], [-0.000437226583017, 0.000865708454512, 0.000217268345295, 0.00341581064276, -0.000334634649334, -5.14074345119e-05, -0.00156686129048, -7.70112164901e-05, 9.93204957922e-05, -0.000718729977962, -0.00177576672286, 0.000893285730854, -0.000626638124231], [0.000501531758346, -0.000628514739219, 0.000651098729577, -0.000334634649334, 0.00987109169364, -0.00191428710241, 0.000940038415138, -0.0022115514148, 0.00212946510874, -0.00194703380112, 0.00107608549297, -0.00275990297087, 0.00181847298518], [-0.000609250506386, 0.00079616624862, -0.00164186221082, -5.14074345119e-05, -0.00191428710241, 0.0159059539437, -0.00391101138666, 0.0019314304227, -0.00661285128444, 0.00546568538994, -0.00660650199279, 0.00162365974393, -0.00307647208683], [0.000864772766363, -0.000904481566977, 0.00170197861735, -0.00156686129048, 0.000940038415138, -0.00391101138666, 0.0173547677696, -0.00270881317556, 0.00353731727228, -0.00511742336676, 0.00267218891531, -0.000981707591563, -0.000810546625871], [-0.000591078482103, 0.000790042278823, -0.000420544529334, -7.70112164901e-05, -0.0022115514148, 0.0019314304227, -0.00270881317556, 0.0178932249546, -0.0101450178772, 0.00572655070573, -0.00253063999116, 0.00186994392425, -0.000387571257306], [0.000811532139778, -0.000909637194127, -0.000200290000066, 9.93204957922e-05, 0.00212946510874, -0.00661285128444, 0.00353731727228, -0.0101450178772, 0.0302239283919, -0.0120713887736, 0.00835003331304, -0.00530801899731, 0.00149403815158], [-0.000941136153415, 0.0012979877647, -0.00125181127805, -0.000718729977962, -0.00194703380112, 0.00546568538994, -0.00511742336676, 0.00572655070573, -0.0120713887736, 0.0299805942923, -0.0139196198434, 0.00843624584377, -0.0066848276183], [0.00077644205885, -0.000539999920875, 0.00191693298984, -0.00177576672286, 0.00107608549297, -0.00660650199279, 0.00267218891531, -0.00253063999116, 0.00835003331304, -0.0139196198434, 0.0329471156001, -0.014422416687, 0.00790669862181], [-0.00055536016589, 0.000726915081032, -0.00171241280623, 0.000893285730854, -0.00275990297087, 0.00162365974393, -0.000981707591563, 0.00186994392425, -0.00530801899731, 0.00843624584377, -0.014422416687, 0.0325883850455, -0.0130814826116], [0.000423901103204, -0.00047249608906, 0.000821543973871, -0.000626638124231, 0.00181847298518, -0.00307647208683, -0.000810546625871, -0.000387571257306, 0.00149403815158, -0.0066848276183, 0.00790669862181, -0.0130814826116, 0.0293775983155]]}, "silence_rate_60dB": {"dvar": 0.00119545368943, "var": 0.0752450153232, "median": 0, "max": 1, "dmean": 0.00119688804261, "dmean2": 0.00239449273795, "mean": 0.0819623097777, "dvar2": 0.00298737105913, "min": 0}, "melbands_flatness_db": {"dvar": 0.000263909285422, "var": 0.00834022834897, "median": 0.348651438951, "max": 0.500743865967, "dmean": 0.0151771577075, "dmean2": 0.0232355110347, "mean": 0.328520715237, "dvar2": 0.000547355564777, "min": 0.00615296047181}, "spectral_rms": {"dvar": 2.22612953849e-07, "var": 4.70835811939e-06, "median": 0.00356560945511, "max": 0.011245476082, "dmean": 0.000392267509596, "dmean2": 0.000615082390141, "mean": 0.0042400341481, "dvar2": 5.62447837638e-07, "min": 3.19706999589e-12}, "melbands_spread": {"dvar": 14.1487026215, "var": 327.592681885, "median": 11.5475139618, "max": 160.957626343, "dmean": 2.36669754982, "dmean2": 3.71546316147, "mean": 14.7868871689, "dvar2": 32.7925682068, "min": 1.66295266151}, "average_loudness": 0.596253693104, "erbbands_kurtosis": {"dvar": 0.544678747654, "var": 4.78130292892, "median": 0.212085902691, "max": 21.5150279999, "dmean": 0.647368073463, "dmean2": 0.954201877117, "mean": 0.695358872414, "dvar2": 1.16446614265, "min": -1.43329048157}, "spectral_energ