{"tonal": {"hpcp": {"dvar": [0.0301810372621, 0.0283423680812, 0.0300079416484, 0.0329121910036, 0.0305965766311, 0.0260291770101, 0.0315958485007, 0.0253372453153, 0.024349719286, 0.0247511398047, 0.0286851748824, 0.0327966064215, 0.0442780703306, 0.0311091579497, 0.0238398648798, 0.0299021415412, 0.0287889633328, 0.0318268351257, 0.0316728800535, 0.0268269367516, 0.0244769304991, 0.0288003534079, 0.0249645467848, 0.0293410345912, 0.0334748737514, 0.0325259082019, 0.0337861552835, 0.0381495133042, 0.034349899739, 0.0394379422069, 0.036474108696, 0.030500292778, 0.0287895146757, 0.0357554480433, 0.0300791021436, 0.0271085165441], "var": [0.0695791989565, 0.0409032776952, 0.0502755343914, 0.0911713913083, 0.0493212677538, 0.0371028780937, 0.0653562620282, 0.0392856039107, 0.0265886001289, 0.0337579250336, 0.0302857905626, 0.0718717798591, 0.122263453901, 0.0577774867415, 0.0333310887218, 0.0590402968228, 0.0374541543424, 0.0505819171667, 0.0640144571662, 0.0355131141841, 0.03339939937, 0.062924221158, 0.0364840440452, 0.052299130708, 0.0602421164513, 0.0328001864254, 0.0590300410986, 0.0976982265711, 0.0496445931494, 0.0426475517452, 0.0437033213675, 0.0285345818847, 0.0500298254192, 0.0965962335467, 0.0556517131627, 0.0436968095601], "median": [0.01825228706, 0.023624997586, 0.035978898406, 0.0378237850964, 0.0358454957604, 0.0302775092423, 0.0225426461548, 0.0201037526131, 0.013873401098, 0.0133532537147, 0.017218593508, 0.0568670108914, 0.109233021736, 0.0779670625925, 0.0210442095995, 0.0126786679029, 0.0177473388612, 0.0308139435947, 0.0438287146389, 0.0348643697798, 0.0224910378456, 0.0154845295474, 0.0184619240463, 0.0244113914669, 0.0281536150724, 0.030681848526, 0.0424914509058, 0.0592305660248, 0.0515907630324, 0.0188695657998, 0.0125261330977, 0.0147180389613, 0.0440590307117, 0.0774091631174, 0.0668280869722, 0.0284357126802], "max": [1, 1, 1, 1, 1, 1, 1, 1, 1, 1, 1, 1, 1, 1, 1, 1, 1, 1, 1, 1, 1, 1, 1, 1, 1, 1, 1, 1, 1, 1, 1, 1, 1, 1, 1, 1], "dmean": [0.0920485332608, 0.0956396013498, 0.0986396744847, 0.100154496729, 0.0980916842818, 0.0890168696642, 0.0921833887696, 0.0795207247138, 0.0684050619602, 0.0691655650735, 0.082572042942, 0.111598156393, 0.134300813079, 0.116403669119, 0.0771947205067, 0.0778210908175, 0.0871212482452, 0.0949810147285, 0.103548690677, 0.0892530530691, 0.0797517672181, 0.0831072106957, 0.0817090645432, 0.0846244692802, 0.0946973264217, 0.0952015668154, 0.110442042351, 0.119005694985, 0.116628788412, 0.103189893067, 0.0920117050409, 0.0847742110491, 0.102272383869, 0.120630115271, 0.111374936998, 0.0907366871834], "dmean2": [0.156219497323, 0.164480298758, 0.171366930008, 0.168890699744, 0.170403778553, 0.151155531406, 0.156179621816, 0.134937480092, 0.122146219015, 0.122942321002, 0.143735989928, 0.189672753215, 0.227243900299, 0.195195063949, 0.132004603744, 0.1346591115, 0.149974241853, 0.163243591785, 0.175503507257, 0.153415575624, 0.13685823977, 0.144295990467, 0.141790434718, 0.149189293385, 0.165154695511, 0.166826933622, 0.188983157277, 0.199566960335, 0.197730511427, 0.182544693351, 0.161848381162, 0.152008980513, 0.175490781665, 0.201294690371, 0.189707964659, 0.157426178455], "mean": [0.142130002379, 0.116100102663, 0.137649893761, 0.188960179687, 0.13983464241, 0.111501842737, 0.139086425304, 0.102182388306, 0.0719682946801, 0.0788160338998, 0.0859994888306, 0.187837392092, 0.286151379347, 0.185071200132, 0.0951141566038, 0.111715108156, 0.101029746234, 0.126019924879, 0.157240316272, 0.111864179373, 0.0982137471437, 0.130998209119, 0.106900632381, 0.115573562682, 0.133747056127, 0.102337181568, 0.158448219299, 0.219861909747, 0.155853480101, 0.103285312653, 0.0952146276832, 0.0807028412819, 0.149199664593, 0.230481177568, 0.17050665617, 0.120979771018], "dvar2": [0.0766690298915, 0.0749026611447, 0.0794763043523, 0.0788550898433, 0.081038326025, 0.0710168033838, 0.0775424391031, 0.0634568035603, 0.0643295869231, 0.0654033720493, 0.0757820308208, 0.0842514261603, 0.106365077198, 0.078604593873, 0.0633553788066, 0.0756161957979, 0.0756727531552, 0.0822994336486, 0.0804471373558, 0.0688297748566, 0.0638289749622, 0.0723365470767, 0.0651487335563, 0.0792694836855, 0.0864049941301, 0.0869293361902, 0.0848057866096, 0.0891919285059, 0.0901615396142, 0.107717305422, 0.0967695042491, 0.082937605679, 0.0757614299655, 0.0859771668911, 0.0794914513826, 0.0725553035736], "min": [0, 0, 0, 0, 0, 0, 0, 0, 0, 0, 0, 0, 0, 0, 0, 0, 0, 0, 0, 0, 0, 0, 0, 0, 0, 0, 0, 0, 0, 0, 0, 0, 0, 0, 0, 0]}, "key_key": "F#", "thpcp": [1, 0.646759748459, 0.332391053438, 0.390405625105, 0.353063970804, 0.440396010876, 0.549500465393, 0.3909265697, 0.343223035336, 0.45779338479, 0.373580694199, 0.403889596462, 0.467399656773, 0.357633024454, 0.553721666336, 0.768341243267, 0.544653952122, 0.360946416855, 0.332742154598, 0.282028496265, 0.521401166916, 0.805451929569, 0.59586173296, 0.422782421112, 0.496695160866, 0.405729651451, 0.481038719416, 0.660350382328, 0.488673657179, 0.389660328627, 0.48605889082, 0.3570920825, 0.251504272223, 0.275434762239, 0.30053845048, 0.656426668167], "chords_key": "F#", "tuning_equal_tempered_deviation": 0.0216968599707, "tuning_frequency": 438.731048584, "tuning_diatonic_strength": 0.484452754259, "chords_histogram": [19.2723140717, 3.41102910042, 8.66969871521, 2.5582716465, 2.78567361832, 0.369528144598, 4.97441720963, 0.0284252408892, 0, 0, 0.0852757245302, 3.1836271286, 0.426378637552, 0.397953391075, 1.36441159248, 2.21716880798, 7.04945993423, 6.22512769699, 14.3547468185, 0.341102898121, 2.75724840164, 2.30244445801, 10.7731666565, 6.45252990723], "key_strength": 0.754784405231, "key_scale": "major", "chords_strength": {"dvar": 5.91491007071e-05, "var": 0.0100028561428, "median": 0.542069673538, "max": 0.792853832245, "dmean": 0.00933091994375, "dmean2": 0.00858483556658, "mean": 0.539424598217, "dvar2": 6.03186344961e-05, "min": 0.282030671835}, "chords_number_rate": 0.00454803882167, "tuning_nontempered_energy_ratio": 0.71342676878, "hpcp_entropy": {"dvar": 0.22952106595, "var": 0.529764354229, "median": 1.95050668716, "max": 4.42836475372, "dmean": 0.57485473156, "dmean2": 0.959269225597, "mean": 1.9159668684, "dvar2": 0.620560288429, "min": 0}, "chords_changes_rate": 0.0517339408398, "chords_scale": "major"}, "rhythm": {"bpm_histogram_first_peak_spread": {"dvar": 0, "var": 0, "median": 0.517110288143, "max": 0.517110288143, "dmean": 0, "dmean2": 0, "mean": 0.517110288143, "dvar2": 0, "min": 0.517110288143}, "bpm_histogram_first_peak_weight": {"dvar": 0, "var": 0, "median": 0.400630921125, "max": 0.400630921125, "dmean": 0, "dmean2": 0, "mean": 0.400630921125, "dvar2": 0, "min": 0.400630921125}, "bpm_histogram_first_peak_bpm": {"dvar": 0, "var": 0, "median": 117, "max": 117, "dmean": 0, "dmean2": 0, "mean": 117, "dvar2": 0, "min": 117}, "bpm": 117.68838501, "bpm_histogram_second_peak_weight": {"dvar": 0, "var": 0, "median": 0.0820189267397, "max": 0.0820189267397, "dmean": 0, "dmean2": 0, "mean": 0.0820189267397, "dvar2": 0, "min": 0.0820189267397}, "beats_loudness": {"dvar": 0.000265288370429, "var": 0.000407669867855, "median": 0.0162968169898, "max": 0.108896292746, "dmean": 0.0138776898384, "dmean2": 0.0243023410439, "mean": 0.0204319003969, "dvar2": 0.000668470689561, "min": 2.50042194239e-06}, "beats_loudness_band_ratio": {"dvar": [0.0219264607877, 0.0176878441125, 0.0380972288549, 0.0208440497518, 0.00600831164047, 0.0162791628391], "var": [0.0602420829237, 0.0211578998715, 0.0505741722882, 0.0350468084216, 0.0058167395182, 0.0109070874751], "median": [0.238841474056, 0.148478448391, 0.187253773212, 0.113892227411, 0.0590836703777, 0.041379198432], "max": [0.999462544918, 0.766134738922, 0.965163588524, 0.816277801991, 0.765139341354, 0.826582372189], "dmean": [0.175741031766, 0.151227280498, 0.191081658006, 0.124881766737, 0.0560286976397, 0.0701887607574], "dmean2": [0.293405115604, 0.272611796856, 0.332167834044, 0.2241345644, 0.0983084961772, 0.130584150553], "mean": [0.295360833406, 0.177904158831, 0.256013929844, 0.186473146081, 0.0781039148569, 0.0678717568517], "dvar2": [0.0625110268593, 0.0555784367025, 0.0924202874303, 0.0552754215896, 0.016590109095, 0.0472790151834], "min": [0.00172182545066, 0.000202555864234, 5.79597435717e-05, 5.06081305502e-05, 7.44329590816e-05, 0.000199897374841]}, "bpm_histogram_second_peak_bpm": {"dvar": 0, "var": 0, "median": 112, "max": 112, "dmean": 0, "dmean2": 0, "mean": 112, "dvar2": 0, "min": 112}, "onset_rate": 3.55161619186, "beats_count": 318, "beats_position": [0.615328788757, 1.25387752056, 1.88081634045, 2.50775504112, 2.9837641716, 3.48299312592, 3.95900225639, 4.43501138687, 4.8994102478, 5.36380958557, 5.8282084465, 6.29260778427, 6.7570066452, 7.22140598297, 7.66258478165, 8.11537361145, 8.56816291809, 9.10222244263, 9.63628101349, 10.1587295532, 10.6811790466, 11.2152376175, 11.749297142, 12.2833557129, 12.8174142838, 13.3630838394, 13.9087524414, 14.4428119659, 14.9652605057, 15.4877090454, 15.9985485077, 16.5326080322, 17.0666656494, 17.6123352051, 18.1580047607, 18.6804523468, 19.2029018402, 19.7253513336, 20.247800827, 20.7702484131, 21.2694778442, 21.7803173065, 22.2911567688, 22.8019943237, 23.312833786, 23.8236732483, 24.3345127106, 24.8453502655, 25.3561897278, 25.8670291901, 26.3778686523, 26.8887062073, 27.3995456696, 27.9103851318, 28.4212245941, 28.932062149, 29.4429016113, 29.9653511047, 30.4878005981, 31.0102481842, 31.5326976776, 32.0435371399, 32.5543746948, 33.0652160645, 33.5760536194, 34.0985031128, 34.6209526062, 35.1434020996, 35.6774597168, 36.1999092102, 36.7339668274, 37.2680282593, 37.8020858765, 38.3361434937, 38.8702049255, 39.4042625427, 39.9499320984, 40.4839897156, 41.006439209, 41.5404968262, 42.0629463196, 42.5970077515, 43.1194534302, 43.6419029236, 44.164352417, 44.6751937866, 45.1976394653, 45.7200889587, 46.2425384521, 46.7649879456, 47.287437439, 47.8098869324, 48.3439445496, 48.8547821045, 49.3656234741, 49.8880729675, 50.4105224609, 50.9445800781, 51.4786376953, 52.0010871887, 52.5235366821, 53.0343742371, 53.5452156067, 54.0676651001, 54.5901107788, 55.1125602722, 55.6234016418, 56.1458511353, 56.6566886902, 57.1675262451, 57.6783676147, 58.1892051697, 58.7000427246, 59.1992721558, 59.6985015869, 60.2093429565, 60.7201805115, 61.2310180664, 61.741859436, 62.252696991, 62.7635345459, 63.2743759155, 63.7852134705, 64.2960510254, 64.806892395, 65.3177337646, 65.8285675049, 66.3394088745, 66.8502502441, 67.3494796753, 67.8487091064, 68.3479385376, 68.8471679688, 69.358001709, 69.8572311401, 70.3680725098, 70.8673019409, 71.3781356812, 71.8889770508, 72.3998184204, 72.91065979, 73.4214935303, 73.9323348999, 74.4431762695, 74.9540100098, 75.4648513794, 75.975692749, 76.4749221802, 76.9741516113, 77.4733810425, 77.9842147827, 78.4950561523, 79.0175018311, 79.5283432007, 80.0391845703, 80.561630249, 81.0840835571, 81.6065292358, 82.1289749146, 82.6514282227, 83.1738739014, 83.6963272095, 84.2187728882, 84.7296142578, 85.2404556274, 85.7512893677, 86.2621307373, 86.7729721069, 87.2838058472, 87.7830352783, 88.2822647095, 88.7931060791, 89.3039474487, 89.814781189, 90.3256225586, 90.8248519897, 91.3240814209, 91.8465270996, 92.3573684692, 92.8798141479, 93.3906555176, 93.9014968872, 94.4123306274, 94.9231719971, 95.4340133667, 95.9448471069, 96.4789123535, 97.0013580322, 97.5121994019, 98.0230331421, 98.5222625732, 99.0331039429, 99.5439453125, 100.054779053, 100.565620422, 101.076461792, 101.587303162, 102.098136902, 102.608978271, 103.119819641, 103.630653381, 104.129882812, 104.629112244, 105.139953613, 105.650794983, 106.138412476, 106.626029968, 107.136871338, 107.636100769, 108.1353302, 108.634559631, 109.133781433, 109.644622803, 110.155464172, 110.654693604, 111.153923035, 111.664756775, 112.175598145, 112.686439514, 113.197273254, 113.708114624, 114.218955994, 114.718185425, 115.217414856, 115.716644287, 116.215873718, 116.715103149, 117.214332581, 117.713554382, 118.212783813, 118.723625183, 119.234466553, 119.733695984, 120.232925415, 120.720542908, 121.231384277, 121.742218018, 122.253059387, 122.763900757, 123.274734497, 123.797187805, 124.319633484, 124.842086792, 125.364532471, 125.87537384, 126.386207581, 126.89704895, 127.40789032, 127.91872406, 128.417953491, 128.92880249, 129.428024292, 129.938858032, 130.449707031, 130.960540771, 131.459777832, 131.970611572, 132.469833374, 132.980682373, 133.491516113, 134.002349854, 134.501586914, 135.000808716, 135.500045776, 135.999267578, 136.498504639, 136.99772644, 137.508575439, 138.007797241, 138.507034302, 139.006256104, 139.505477905, 140.004714966, 140.503936768, 141.003173828, 141.50239563, 142.00163269, 142.500854492, 143.000091553, 143.499313354, 143.986938477, 144.47454834, 144.962173462, 145.461410522, 145.960632324, 146.448257446, 146.947479248, 147.446716309, 147.94593811, 148.445159912, 148.944396973, 149.443618774, 149.942855835, 150.442077637, 150.941314697, 151.440536499, 151.951385498, 152.4506073, 152.94984436, 153.449066162, 153.948303223, 154.459136963, 154.958358765, 155.457595825, 155.956817627, 156.456054688, 156.966888428, 157.477722168, 158.000183105, 158.522628784, 159.056686401, 159.590744019, 160.136413574, 160.658859253, 161.181304932, 161.703765869, 162.237823486, 162.760269165], "danceability": 0.99601739645, "bpm_histogram_second_peak_spread": {"dvar": 0, "var": 0, "median": 0.1875, "max": 0.1875, "dmean": 0, "dmean2": 0, "mean": 0.1875, "dvar2": 0, "min": 0.1875}}, "lowlevel": {"spectral_flux": {"dvar": 0.000473782391055, "var": 0.00185268593486, "median": 0.0437525957823, "max": 0.295612722635, "dmean": 0.0161158386618, "dmean2": 0.0250436849892, "mean": 0.0530747435987, "dvar2": 0.00102745182812, "min": 1.0513976495e-10}, "spectral_rolloff": {"dvar": 704835.1875, "var": 2116699.75, "median": 1162.79296875, "max": 19401.4160156, "dmean": 413.164550781, "dmean2": 689.78894043, "mean": 1499.65405273, "dvar2": 1503869.875, "min": 21.533203125}, "barkbands_flatness_db": {"dvar": 0.000695391558111, "var": 0.00496390927583, "median": 0.133684530854, "max": 0.578905761242, "dmean": 0.0226119495928, "dmean2": 0.0348145775497, "mean": 0.146474719048, "dvar2": 0.00199412484653, "min": 0.0407385416329}, "spectral_centroid": {"dvar": 81358.2578125, "var": 424925.125, "median": 1293.13476562, "max": 10736.4902344, "dmean": 226.994934082, "dmean2": 342.883392334, "mean": 1397.64416504, "dvar2": 145960.21875, "min": 218.125457764}, "melbands_skewness": {"dvar": 16.425283432, "var": 53.0875358582, "median": 1.63832569122, "max": 91.2929840088, "dmean": 1.1461417675, "dmean2": 1.974645257, "mean": 2.91417336464, "dvar2": 57.5520401001, "min": -2.05748271942}, "melbands": {"dvar": [4.92830736221e-08, 2.33860987464e-07, 1.71616662215e-07, 3.83976583862e-07, 3.6634997258e-08, 1.81174200975e-07, 1.16922983295e-07, 3.3476766248e-07, 3.58253060995e-07, 2.27606960834e-07, 2.25397599252e-07, 9.65256745644e-08, 7.67792514011e-08, 1.33055465312e-07, 2.2096131147e-08, 1.22576873096e-08, 2.56380587871e-08, 7.41565608919e-09, 5.02910602052e-09, 2.68901317879e-10, 1.93798713188e-10, 1.06859313065e-10, 1.2887524381e-10, 1.66378341659e-10, 5.72212208172e-11, 4.14967192552e-11, 5.53996674924e-11, 3.12904563371e-11, 1.37791045934e-11, 2.02385885828e-11, 1.71658711551e-11, 1.17981596715e-11, 1.23011436107e-11, 1.92463631837e-11, 1.54262401464e-11, 5.71884770442e-12, 2.85676864109e-12, 1.27435909048e-12, 8.92562065924e-13, 2.75478750054e-13], "var": [6.09392429851e-08, 1.88976656545e-07, 2.24847156005e-07, 3.73558492583e-07, 6.24172926678e-08, 3.198903471e-07, 3.6457385022e-07, 1.34170852562e-06, 1.8835390847e-06, 8.73679880442e-07, 9.49404011408e-07, 2.93662509421e-07, 1.7901567162e-07, 2.96253489296e-07, 5.01682642096e-08, 3.11935615116e-08, 5.43086429161e-08, 1.65137699071e-08, 6.96340540784e-09, 6.152206522e-10, 3.22532500707e-10, 2.51620307923e-10, 2.95534458017e-10, 4.01711802711e-10, 1.60170432473e-10, 1.2763795576e-10, 1.49966275509e-10, 1.10282179222e-10, 4.08061674728e-11, 3.93609173033e-11, 3.05386028965e-11, 2.37108388479e-11, 3.54774508382e-11, 4.9383594436e-11, 4.71985957262e-11, 1.88127326217e-11, 8.30923437695e-12, 3.78643210536e-12, 2.15421278905e-12, 7.70108586276e-13], "median": [9.31849426706e-05, 9.33908449952e-05, 0.000112799927592, 0.000135112859425, 7.03618425177e-05, 4.82102841488e-05, 4.62908465124e-05, 4.12597728427e-05, 4.3893851398e-05, 2.64262052951e-05, 2.61496352323e-05, 2.35933548538e-05, 1.27749626699e-05, 1.18297675726e-05, 6.91062177793e-06, 8.28862630442e-06, 8.48534364195e-06, 7.56793406254e-06, 5.24316783412e-06, 2.98400095744e-06, 3.2680145523e-06, 3.77938113161e-06, 3.60307149094e-06, 3.02846228806e-06, 2.33136279348e-06, 2.25987787417e-06, 1.65954679687e-06, 1.06682807655e-06, 8.18825810711e-07, 5.59113459531e-07, 5.16644377058e-07, 4.35047354586e-07, 2.726297339e-07, 2.60457795775e-07, 1.88226749742e-07, 9.75773843948e-08, 6.37710115825e-08, 4.93618337316e-08, 3.66027670395e-08, 2.87030612611e-08], "max": [0.00287440512329, 0.00513800466433, 0.00554941873997, 0.0107214348391, 0.00398015091196, 0.0108844581991, 0.0131206391379, 0.015828307718, 0.0221188981086, 0.0166614726186, 0.0183451101184, 0.0107017420232, 0.00847819447517, 0.00985507201403, 0.00438254605979, 0.00337190623395, 0.00436244299635, 0.00285403919406, 0.00419146893546, 0.000801203947049, 0.000561086926609, 0.000204204741749, 0.000277458020719, 0.000354731047992, 0.000275890168268, 0.00017510750331, 0.000279233034234, 0.00033764881664, 0.000138656585477, 0.00012634084851, 9.63343991316e-05, 0.00014963002468, 0.000119378855743, 0.000171133637195, 0.000136575079523, 7.22305048839e-05, 6.60209188936e-05, 3.39487669407e-05, 3.41893392033e-05, 2.23851893679e-05], "dmean": [9.10087183001e-05, 0.000165901496075, 0.000176866058609, 0.000209168705624, 8.5298292106e-05, 0.000132722663693, 0.000113130605314, 0.000165133125847, 0.000194216190721, 0.000125433536596, 0.000115391165309, 0.000101645717223, 8.26890827739e-05, 0.000100032339105, 4.37763956143e-05, 3.50321606675e-05, 4.77487556054e-05, 2.5246414225e-05, 1.25016367747e-05, 5.03904902871e-06, 5.34342552783e-06, 5.2014411267e-06, 5.26648773302e-06, 5.11486541654e-06, 3.41834379469e-06, 3.09529650622e-06, 2.54961719293e-06, 1.69920667759e-06, 1.26521433685e-06, 1.49519325987e-06, 1.44004297908e-06, 1.08289930267e-06, 8.68678057486e-07, 1.21198797842e-06, 1.06081643025e-06, 5.15309238835e-07, 3.44798252172e-07, 2.33694208873e-07, 1.8389120271e-07, 1.29516408265e-07], "dmean2": [0.00015552379773, 0.000294420024147, 0.000291115225991, 0.000345715932781, 0.000135683832923, 0.000210385929677, 0.000167678008438, 0.000241972185904, 0.000271011493169, 0.000183541618753, 0.000164169905474, 0.00015021704894, 0.000123401929159, 0.00015377937234, 6.87085484969e-05, 5.46864393982e-05, 7.66503071645e-05, 3.99235505029e-05, 1.95091542992e-05, 7.9109095168e-06, 8.61912303662e-06, 8.40564734972e-06, 8.36059098219e-06, 7.96205767983e-06, 5.33856200491e-06, 4.84663223688e-06, 3.94601283915e-06, 2.66571328211e-06, 1.94027211364e-06, 2.32567003877e-06, 2.22712583309e-06, 1.69459781318e-06, 1.3120973108e-06, 1.76571438715e-06, 1.53727023644e-06, 7.0492416171e-07, 4.86260091748e-07, 3.2570775943e-07, 2.58598817027e-07, 1.84199478781e-07], "mean": [0.000168543687323, 0.000228405799135, 0.000279413914541, 0.000303353124764, 0.000151029642439, 0.000194497857592, 0.000197455068701, 0.000339756021276, 0.00042551534716, 0.000244660011958, 0.000227677708608, 0.000188647347386, 0.000142948541907, 0.000164587065228, 7.13407935109e-05, 5.95825440541e-05, 7.78986213845e-05, 4.26335755037e-05, 2.01066231966e-05, 8.80898915057e-06, 8.99339011085e-06, 9.8330729088e-06, 9.82121491688e-06, 9.86432951322e-06, 7.11000211595e-06, 6.51971777188e-06, 5.25243058291e-06, 3.35897675541e-06, 2.36856135416e-06, 2.2529461603e-06, 2.09049471778e-06, 1.65956032561e-06, 1.44311729855e-06, 1.91563617591e-06, 1.70977659764e-06, 9.32125658437e-07, 6.10371102994e-07, 4.19964322873e-07, 3.04305586951e-07, 2.08155626069e-07], "dvar2": [1.31927293978e-07, 6.5310393893e-07, 4.3790799964e-07, 1.01031491795e-06, 9.34943145126e-08, 4.50914455996e-07, 2.30063747608e-07, 7.09011544586e-07, 5.99291070102e-07, 4.47417420446e-07, 3.91964533719e-07, 2.08410639857e-07, 1.8136366009e-07, 3.33019301024e-07, 5.25519290306e-08, 2.88793540193e-08, 6.70399415981e-08, 1.77934946777e-08, 1.21219878579e-08, 6.06243943935e-10, 4.93460772244e-10, 2.59851029583e-10, 3.16479592533e-10, 3.99700134102e-10, 1.40084055467e-10, 9.81640810305e-11, 1.33871219665e-10, 7.36579061633e-11, 3.27924007393e-11, 4.73800408629e-11, 4.16868553565e-11, 3.06478384338e-11, 2.87980680969e-11, 4.14291170814e-11, 2.99095921641e-11, 1.00800487748e-11, 5.37594751701e-12, 2.48302745552e-12, 1.92818287378e-12, 5.33009617346e-13], "min": [1.38637492041e-23, 2.10637063519e-23, 1.61987222633e-23, 2.81581249546e-23, 7.16137080546e-24, 3.86283215511e-24, 1.35766085678e-23, 1.33082964635e-23, 1.27208262254e-23, 1.56851249046e-23, 4.88615159326e-24, 6.34987077555e-24, 9.07294170644e-24, 6.809474944e-24, 7.535656906e-24, 5.84577011888e-24, 1.16763593985e-23, 1.13268624631e-23, 1.12060073947e-23, 1.33902149354e-23, 1.88305925905e-23, 8.70423995225e-24, 6.55939104869e-24, 9.53696546811e-24, 1.46857122906e-23, 6.84662950377e-24, 9.00825984537e-24, 5.09156781753e-24, 8.72099851332e-24, 5.36580229503e-24, 6.70391194425e-24, 1.16833913046e-23, 1.01649216256e-23, 8.5806254484e-24, 9.00534815977e-24, 1.29123048552e-23, 1.06936493365e-23, 9.65326328706e-24, 1.11883779311e-23, 1.33615571964e-23]}, "spectral_decrease": {"dvar": 4.26799636196e-18, "var": 2.16005825803e-17, "median": -1.98278504726e-09, "max": 1.36364398414e-28, "dmean": 1.18289322781e-09, "dmean2": 1.77026160397e-09, "mean": -3.76009534619e-09, "dvar2": 9.34565695983e-18, "min": -3.6397654668e-08}, "barkbands_kurtosis": {"dvar": 49620.2578125, "var": 57151.0351562, "median": 1.46517324448, "max": 5229.75976562, "dmean": 30.9458408356, "dmean2": 58.106590271, "mean": 34.5797958374, "dvar2": 179884.3125, "min": -1.94796872139}, "silence_rate_30dB": {"dvar": 0.00255277939141, "var": 0.00283506885171, "median": 1, "max": 1, "dmean": 0.00255936291069, "dmean2": 0.00511945411563, "mean": 0.99715667963, "dvar2": 0.00594683457166, "min": 0}, "gfcc": {"mean": [-82.1664962769, 100.026939392, -136.579055786, 32.1842803955, -65.9654159546, 12.9525308609, -33.0234298706, 8.29470825195, -22.0839157104, 0.5840061903, -13.1580057144, -1.6696754694, -8.6794757843], "cov": [[16483.796875, 934.03338623, -2277.18945312, -994.38684082, -1134.06518555, -207.806915283, -375.299438477, -260.577026367, -448.981048584, -368.599884033, -146.740982056, -500.180114746, -410.372894287], [934.03338623, 1236.25891113, -336.806945801, -265.538238525, 108.006637573, -228.043640137, 107.400413513, -89.9752349854, 38.0257987976, -157.154083252, 84.8555984497, -153.897232056, 5.13982486725], [-2277.18945312, -336.806945801, 943.66394043, 456.256408691, 126.231468201, 99.0495605469, -46.4332618713, 60.6957473755, 73.1910095215, 106.991752625, -84.1396713257, 95.7653808594, 40.979183197], [-994.38684082, -265.538238525, 456.256408691, 494.700622559, 104.607917786, 61.7338943481, -75.5271377563, 5.15211582184, 34.2799186707, 67.0238342285, -63.4705657959, 72.8098297119, 47.6500053406], [-1134.06518555, 108.006637573, 126.231468201, 104.607917786, 280.192260742, 40.8812103271, 70.7506790161, 7.68651485443, 33.8926277161, 10.6779432297, 31.2759609222, 8.82109260559, 30.7980670929], [-207.806915283, -228.043640137, 99.0495605469, 61.7338943481, 40.8812103271, 205.269744873, 68.4574356079, 31.4365463257, -17.7813014984, 45.98620224, -6.03132295609, 24.4703121185, -2.74598240852], [-375.299438477, 107.400413513, -46.4332618713, -75.5271377563, 70.7506790161, 68.4574356079, 222.531387329, 59.0705032349, 24.5998039246, -13.5813398361, 63.0981216431, -7.33043241501, 0.0804250463843], [-260.577026367, -89.9752349854, 60.6957473755, 5.15211582184, 7.68651485443, 31.4365463257, 59.0705032349, 123.997795105, 60.1346626282, 27.2649993896, -0.376764148474, 15.3844985962, -2.23672819138], [-448.981048584, 38.0257987976, 73.1910095215, 34.2799186707, 33.8926277161, -17.7813014984, 24.5998039246, 60.1346626282, 134.623153687, 41.678478241, 16.0087299347, -0.146119847894, 8.5495557785], [-368.599884033, -157.154083252, 106.991752625, 67.0238342285, 10.6779432297, 45.98620224, -13.5813398361, 27.2649993896, 41.678478241, 123.358032227, 7.26662683487, 37.8316078186, -2.92622685432], [-146.740982056, 84.8555984497, -84.1396713257, -63.4705657959, 31.2759609222, -6.03132295609, 63.0981216431, -0.376764148474, 16.0087299347, 7.26662683487, 115.907913208, 11.3042907715, 3.18747639656], [-500.180114746, -153.897232056, 95.7653808594, 72.8098297119, 8.82109260559, 24.4703121185, -7.33043241501, 15.3844985962, -0.146119847894, 37.8316078186, 11.3042907715, 120.164367676, 48.3713798523], [-410.372894287, 5.13982486725, 40.979183197, 47.6500053406, 30.7980670929, -2.74598240852, 0.0804250463843, -2.23672819138, 8.5495557785, -2.92622685432, 3.18747639656, 48.3713798523, 88.9787597656]], "icov": [[0.000189929793123, -0.000270452233963, 0.000430267333286, -0.000254323589616, 0.000633899413515, -0.000452485925052, 0.000409339409089, -0.000290085503366, 0.000310070434352, 6.8816174462e-05, 0.000119443750009, 0.000136294285767, 0.00048268167302], [-0.000270452233963, 0.00226568314247, -0.000593703472987, 0.000869353709277, -0.00169919244945, 0.00241040554829, -0.00174968468491, 0.00194412353449, -0.00134479650296, 0.000769479491282, -0.000369829824194, 0.00136857957114, -0.00143358844798], [0.000430267333286, -0.000593703472987, 0.00314484164119, -0.00217995746061, 0.00106359273195, -0.00122704904061, 0.000850848853588, -0.00108879967593, 0.000202245544642, -0.000300109910313, 0.00124066695571, -0.00039526366163, 0.00144474080298], [-0.000254323589616, 0.000869353709277, -0.00217995746061, 0.00490788929164, -0.00214522820897, 0.000327744521201, 0.000430895073805, 0.0015064565232, -0.00129037059378, -9.86549639492e-05, 0.000805519637652, -0.00065622566035, -0.00160871865228], [0.000633899413515, -0.00169919244945, 0.00106359273195, -0.00214522820897, 0.00738373398781, -0.00262291263789, 0.000193698258954, -0.000642248603981, 0.000650920090266, 5.53370809939e-05, -0.000782752118539, 0.000841305707581, 0.000537668413017], [-0.000452485925052, 0.00241040554829, -0.00122704904061, 0.000327744521201, -0.00262291263789, 0.0104210162535, -0.00535232853144, 0.00107786490116, 0.00178814353421, -0.00287279300392, 0.000995922833681, 0.000966260035057, -0.00140236550942], [0.000409339409089, -0.00174968468491, 0.000850848853588, 0.000430895073805, 0.000193698258954, -0.00535232853144, 0.0104565816, -0.00530249392614, 0.000636795244645, 0.0023214709945, -0.00366006535478, 9.29103480303e-05, 0.00108714133967], [-0.000290085503366, 0.00194412353449, -0.00108879967593, 0.0015064565232, -0.000642248603981, 0.00107786490116, -0.00530249392614, 0.0153461294249, -0.00731252878904, 0.000280320004094, 0.00255993823521, -0.00174644298386, 0.000460204522824], [0.000310070434352, -0.00134479650296, 0.000202245544642, -0.00129037059378, 0.000650920090266, 0.00178814353421, 0.000636795244645, -0.00731252878904, 0.0140744391829, -0.00491441832855, -0.00152721698396, 0.00299896439537, -0.00133848097175], [6.8816174462e-05, 0.000769479491282, -0.000300109910313, -9.86549639492e-05, 5.53370809939e-05, -0.00287279300392, 0.0023214709945, 0.000280320004094, -0.00491441832855, 0.0136651517823, -0.00213732966222, -0.00306816282682, 0.00302723073401], [0.000119443750009, -0.000369829824194, 0.00124066695571, 0.000805519637652, -0.000782752118539, 0.000995922833681, -0.00366006535478, 0.00255993823521, -0.00152721698396, -0.00213732966222, 0.013281442225, -0.00325498520397, 0.00130898260977], [0.000136294285767, 0.00136857957114, -0.00039526366163, -0.00065622566035, 0.000841305707581, 0.000966260035057, 9.29103480303e-05, -0.00174644298386, 0.00299896439537, -0.00306816282682, -0.00325498520397, 0.0158709436655, -0.00812271703035], [0.00048268167302, -0.00143358844798, 0.00144474080298, -0.00160871865228, 0.000537668413017, -0.00140236550942, 0.00108714133967, 0.000460204522824, -0.00133848097175, 0.00302723073401, 0.00130898260977, -0.00812271703035, 0.0181219354272]]}, "silence_rate_20dB": {"dvar": 0, "var": 0, "median": 1, "max": 1, "dmean": 0, "dmean2": 0, "mean": 1, "dvar2": 0, "min": 1}, "barkbands_skewness": {"dvar": 7.72191858292, "var": 22.7599086761, "median": 1.03197240829, "max": 64.0707168579, "dmean": 0.874157488346, "dmean2": 1.49339985847, "mean": 1.85484158993, "dvar2": 27.2581806183, "min": -3.70970058441}, "erbbands_skewness": {"dvar": 0.130092516541, "var": 0.727567791939, "median": 0.442693114281, "max": 6.5444188118, "dmean": 0.362206727266, "dmean2": 0.543653428555, "mean": 0.488697201014, "dvar2": 0.273202717304, "min": -4.0368514061}, "spectral_contrast_valleys": {"dvar": [0.157130300999, 0.127705097198, 0.109422698617, 0.0906944125891, 0.0827794522047, 0.155265673995], "var": [1.31342792511, 2.10690927505, 2.17670536041, 1.96273052692, 1.7526113987, 1.66616380215], "median": [-7.91337442398, -7.29288005829, -7.90793943405, -8.20282173157, -8.06953430176, -10.9614601135], "max": [-5.98710632324, -4.71135091782, -5.58459806442, -5.99304151535, -5.82716560364, -7.74782323837], "dmean": [0.38555726409, 0.35911989212, 0.328013598919, 0.286748677492, 0.25007006526, 0.333763033152], "dmean2": [0.623670339584, 0.569386780262, 0.512529075146, 0.433323562145, 0.345392018557, 0.415097653866], "mean": [-8.1926908493, -7.59977531433, -8.24464321136, -8.55543422699, -8.38631343842, -11.1388311386], "dvar2": [0.329668611288, 0.272453695536, 0.219154074788, 0.165512278676, 0.126823917031, 0.261272639036], "min": [-27.1696071625, -27.5787448883, -27.2073688507, -27.3912162781, -27.1634807587, -27.3089084625]}, "spectral_strongpeak": {"dvar": 0.801789343357, "var": 3.30916190147, "median": 0.509428679943, "max": 11.388051033, "dmean": 0.562477171421, "dmean2": 0.884132444859, "mean": 1.35988020897, "dvar2": 1.87797486782, "min": 0}, "erbbands_crest": {"dvar": 7.62723827362, "var": 27.4109611511, "median": 8.85825252533, "max": 32.1146812439, "dmean": 2.85039949417, "dmean2": 4.51030731201, "mean": 10.2320919037, "dvar2": 18.463684082, "min": 2.14771318436}, "barkbands_crest": {"dvar": 7.02953577042, "var": 27.4527378082, "median": 9.06099891663, "max": 26.8979473114, "dmean": 2.65713238716, "dmean2": 4.34415340424, "mean": 10.4715108871, "dvar2": 18.6318531036, "min": 2.52471113205}, "spectral_energyband_middle_low": {"dvar": 4.73994441563e-05, "var": 0.000172085652594, "median": 0.00370116718113, "max": 0.129783004522, "dmean": 0.00331928022206, "dmean2": 0.00487567018718, "mean": 0.0081946766004, "dvar2": 0.000102586309367, "min": 3.87497513835e-22}, "spectral_contrast_coeffs": {"dvar": [0.00166289997287, 0.00148168962914, 0.00118562113494, 0.000664116931148, 0.000323617336107, 0.000255388527876], "var": [0.0104361921549, 0.0090913772583, 0.00826220028102, 0.00439100759104, 0.00232475157827, 0.00151005678345], "median": [-0.673524975777, -0.721617698669, -0.725715517998, -0.765411496162, -0.77831864357, -0.749283075333], "max": [-0.321575254202, -0.282265305519, -0.405119329691, -0.508153378963, -0.585771083832, -0.64539295435], "dmean": [0.0440254323184, 0.0428373143077, 0.039422467351, 0.0304924361408, 0.0210452452302, 0.0168589036912], "dmean2": [0.0710018873215, 0.067371673882, 0.0612001083791, 0.0479884073138, 0.0332184582949, 0.0266033224761], "mean": [-0.66927921772, -0.711169242859, -0.719411730766, -0.760471582413, -0.778359830379, -0.754531264305], "dvar2": [0.00402511283755, 0.00340421590954, 0.00264264037833, 0.00154491816647, 0.000740135088563, 0.000604800938163], "min": [-0.972052931786, -0.975821375847, -0.965988397598, -0.973670005798, -0.959132194519, -0.958245277405]}, "hfc": {"dvar": 51.8874893188, "var": 343.769042969, "median": 6.31322383881, "max": 129.699081421, "dmean": 4.29898309708, "dmean2": 5.97951507568, "mean": 14.6274242401, "dvar2": 102.309066772, "min": 1.27548669652e-16}, "spectral_energyband_high": {"dvar": 3.01625902921e-07, "var": 1.32243474127e-06, "median": 9.66600782704e-05, "max": 0.0189851317555, "dmean": 0.000196926412173, "dmean2": 0.000265232258243, "mean": 0.000395653827582, "dvar2": 5.38056497135e-07, "min": 7.9719507301e-21}, "erbbands_spread": {"dvar": 70.0050582886, "var": 524.533447266, "median": 29.7210330963, "max": 152.702194214, "dmean": 7.33961486816, "dmean2": 11.1031341553, "mean": 33.9842300415, "dvar2": 167.070220947, "min": 1.78594410419}, "dissonance": {"dvar": 0.000424974103225, "var": 0.00123684329446, "median": 0.460330784321, "max": 0.499927818775, "dmean": 0.0210844520479, "dmean2": 0.0347715355456, "mean": 0.452050536871, "dvar2": 0.0011201472953, "min": 0.179142400622}, "spectral_kurtosis": {"dvar": 3.49710965157, "var": 8.88477516174, "median": 3.92023420334, "max": 29.540927887, "dmean": 1.70569145679, "dmean2": 2.86841201782, "mean": 4.4930768013, "dvar2": 9.56711101532, "min": -1.23090195656}, "spectral_skewness": {"dvar": 0.0416559949517, "var": 0.188591450453, "median": 1.46423864365, "max": 4.19363260269, "dmean": 0.214977517724, "dmean2": 0.345760852098, "mean": 1.48488795757, "dvar2": 0.102141611278, "min": 0.0222212094814}, "pitch_salience": {"dvar": 0.00374514469877, "var": 0.0194389577955, "median": 0.551034092903, "max": 0.830959379673, "dmean": 0.065695412457, "dmean2": 0.108214914799, "mean": 0.528980970383, "dvar2": 0.0101342285052, "min": 0.00927794259042}, "spectral_complexity": {"dvar": 7.92847681046, "var": 80.7936172485, "median": 12, "max": 49, "dmean": 2.27555799484, "dmean2": 3.36461877823, "mean": 12.4941711426, "dvar2": 14.6087465286, "min": 0}, "spectral_spread": {"dvar": 453570953216, "var": 2096501227520.0, "median": 3777743, "max": 40897232, "dmean": 464666.96875, "dmean2": 658795.875, "mean": 4120683.5, "dvar2": 724454473728, "min": 1653860.375}, "dynamic_complexity": 7.97193002701, "melbands_crest": {"dvar": 9.79885482788, "var": 49.5866508484, "median": 12.1642475128, "max": 39.9374961853, "dmean": 3.06451702118, "dmean2": 4.99553537369, "mean": 13.7653074265, "dvar2": 26.4530181885, "min": 2.61330628395}, "zerocrossingrate": {"dvar": 0.000161292540724, "var": 0.00143588706851, "median": 0.05322265625, "max": 0.5029296875, "dmean": 0.00882537290454, "dmean2": 0.0102184936404, "mean": 0.0590399652719, "dvar2": 0.000160019437317, "min": 0}, "spectral_energyband_low": {"dvar": 3.40970746038e-06, "var": 3.9869878492e-06, "median": 0.000674682552926, "max": 0.0248766709119, "dmean": 0.000724482815713, "dmean2": 0.00124537700322, "mean": 0.00129993213341, "dvar2": 9.15414784686e-06, "min": 9.77918173807e-23}, "melbands_kurtosis": {"dvar": 225672.109375, "var": 294236.625, "median": 4.38240528107, "max": 10157.0263672, "dmean": 65.8427658081, "dmean2": 123.345672607, "mean": 78.4660720825, "dvar2": 794621.8125, "min": -1.88369607925}, "spectral_energyband_middle_high": {"dvar": 2.20666806854e-05, "var": 0.000112694251584, "median": 0.00152106571477, "max": 0.122062310576, "dmean": 0.00212765391916, "dmean2": 0.00310815055855, "mean": 0.00598513195291, "dvar2": 4.73540931125e-05, "min": 1.47211057658e-21}, "barkbands_spread": {"dvar": 47.4134025574, "var": 209.81072998, "median": 16.7821998596, "max": 108.171920776, "dmean": 5.13471364975, "dmean2": 7.89202213287, "mean": 19.832195282, "dvar2": 107.13180542, "min": 0.0655474737287}, "mfcc": {"mean": [-713.631713867, 121.535072327, -11.5757369995, 20.2644863129, -7.91093015671, 4.61490821838, -1.60324895382, 5.58685541153, -2.96614313126, 1.88450837135, 1.75179517269, -1.92013430595, -2.10146999359], "cov": [[14407.9658203, 1261.47485352, -1308.37414551, -754.838684082, -991.411682129, -435.951751709, -310.143432617, -210.870407104, -644.218200684, -77.7151184082, -115.755187988, -363.502075195, -351.078430176], [1261.47485352, 1389.9329834, -443.922790527, -84.4239578247, -160.644989014, -165.385131836, -7.35139083862, -16.7884979248, -118.851341248, -17.8517684937, 26.1761741638, -75.7488555908, -104.14150238], [-1308.37414551, -443.922790527, 699.455078125, 235.51625061, 172.768188477, 103.946594238, -42.1489486694, -5.98598957062, 141.421554565, -2.4334321022, -12.2672615051, 45.216342926, 56.8058662415], [-754.838684082, -84.4239578247, 235.51625061, 328.00088501, 165.683486938, 49.5581970215, -46.9022979736, -17.8978004456, 72.9587783813, -28.2824745178, -39.0424461365, 15.1999702454, 44.9945602417], [-991.411682129, -160.644989014, 172.768188477, 165.683486938, 259.49118042, 79.0799942017, -5.59789991379, -11.9318656921, 70.7567214966, 4.72231674194, -13.6906938553, 20.5639858246, 34.5640907288], [-435.951751709, -165.385131836, 103.946594238, 49.5581970215, 79.0799942017, 167.858505249, 63.92527771, 5.49554347992, 36.9817008972, 5.92182350159, 4.06638526917, 17.7382678986, 15.1468038559], [-310.143432617, -7.35139083862, -42.1489486694, -46.9022979736, -5.59789991379, 63.92527771, 189.348220825, 68.1503067017, -2.49226164818, 28.1827869415, 21.4958095551, 15.2306756973, -7.73675680161], [-210.870407104, -16.7884979248, -5.98598957062, -17.8978004456, -11.9318656921, 5.49554347992, 68.1503067017, 119.265846252, 34.3417205811, 26.139881134, 12.9076881409, 14.4822702408, 1.08059000969], [-644.218200684, -118.851341248, 141.421554565, 72.9587783813, 70.7567214966, 36.9817008972, -2.49226164818, 34.3417205811, 139.593353271, 26.5050029755, 4.23327541351, 25.1234169006, 26.856546402], [-77.7151184082, -17.8517684937, -2.4334321022, -28.2824745178, 4.72231674194, 5.92182350159, 28.1827869415, 26.139881134, 26.5050029755, 130.27784729, 56.0057601929, 3.83278250694, -20.3578891754], [-115.755187988, 26.1761741638, -12.2672615051, -39.0424461365, -13.6906938553, 4.06638526917, 21.4958095551, 12.9076881409, 4.23327541351, 56.0057601929, 107.09690094, 39.6987266541, -7.10358428955], [-363.502075195, -75.7488555908, 45.216342926, 15.1999702454, 20.5639858246, 17.7382678986, 15.2306756973, 14.4822702408, 25.1234169006, 3.83278250694, 39.6987266541, 103.500076294, 56.0082244873], [-351.078430176, -104.14150238, 56.8058662415, 44.9945602417, 34.5640907288, 15.1468038559, -7.73675680161, 1.08059000969, 26.856546402, -20.3578891754, -7.10358428955, 56.0082244873, 115.236930847]], "icov": [[0.000126100130728, -2.20484180318e-05, 8.81227533682e-05, 3.35396653099e-05, 0.000335870194249, -0.000103899801616, 0.000266929302597, 2.41072521021e-05, 0.000287336384645, -0.00010488821863, 0.000168965023477, 9.86786544672e-05, 0.000115284099593], [-2.20484180318e-05, 0.00107990426477, 0.000592253054492, -0.000572500692215, 0.000198397407075, 0.000752799678594, -0.000301989959553, 0.00016814051196, -5.02252296428e-05, 0.000392640678911, -0.000701561279129, 0.000379700155463, 0.000513310544193], [8.81227533682e-05, 0.000592253054492, 0.0026944403071, -0.00129833596293, 0.000201994043891, -0.000536072242539, 0.000550178752746, 0.000267054128926, -0.00123692129273, 0.000187448546058, -0.000292332464596, -0.000113010522909, 0.00038502085954], [3.35396653099e-05, -0.000572500692215, -0.00129833596293, 0.00591033138335, -0.00266075972468, -0.000399410870159, 0.00104332272895, -0.000119282347441, -0.000564435671549, 0.000496501044836, 0.00142744358163, -0.000147248894791, -0.000782342045568], [0.000335870194249, 0.000198397407075, 0.000201994043891, -0.00266075972468, 0.00769546395168, -0.00199290877208, 0.000506478128955, 0.00111616612412, -0.000580648542382, -0.00106299947947, 0.000756512745284, 5.15370811627e-05, 8.830990555e-05], [-0.000103899801616, 0.000752799678594, -0.000536072242539, -0.000399410870159, -0.00199290877208, 0.00974177289754, -0.00449822377414, 0.00206313328817, -0.00142959400546, 0.000827560725156, -0.000909726484679, 0.000181646333658, 0.000114934598969], [0.000266929302597, -0.000301989959553, 0.000550178752746, 0.00104332272895, 0.000506478128955, -0.00449822377414, 0.00968550238758, -0.005