{"tonal": {"chords_number_rate": 0.00102609209716, "thpcp": [1, 0.526769638062, 0.101904064417, 0.0496207624674, 0.0523159019649, 0.0796550288796, 0.103715509176, 0.123530641198, 0.204947605729, 0.232274875045, 0.132922530174, 0.0657710954547, 0.0524816848338, 0.0481345653534, 0.0770678818226, 0.0926360040903, 0.0557848997414, 0.0245177876204, 0.0259593576193, 0.0855597406626, 0.321660101414, 0.415649861097, 0.194379866123, 0.0497534647584, 0.0446097999811, 0.0470272377133, 0.0532777048647, 0.0678053423762, 0.0738875567913, 0.109729781747, 0.129236653447, 0.0841456949711, 0.0578124970198, 0.0652099922299, 0.162382915616, 0.676553189754], "hpcp": {"dvar": [0.037921000272, 0.018683001399, 0.00855102855712, 0.00847193226218, 0.00808148365468, 0.00599768105894, 0.00903739593923, 0.0100102312863, 0.0109332492575, 0.0142344785854, 0.010103110224, 0.00854473374784, 0.0132581526414, 0.0218318738043, 0.0310291107744, 0.0407767146826, 0.0280000381172, 0.0151116829365, 0.00867989845574, 0.00820417515934, 0.0108503112569, 0.0147583475336, 0.0121081816033, 0.0217869784683, 0.029502928257, 0.0129374274984, 0.00611483398825, 0.00443722587079, 0.00438073650002, 0.00752423936501, 0.0110632106662, 0.00487820804119, 0.0021733387839, 0.00302435131744, 0.0079255066812, 0.0278552789241], "mean": [0.352419137955, 0.164809823036, 0.0421847179532, 0.037823535502, 0.0398732200265, 0.0451728329062, 0.057490453124, 0.0626474097371, 0.0930371358991, 0.109576523304, 0.0713450312614, 0.0490177720785, 0.0552899241447, 0.137680411339, 0.573632538319, 0.847874999046, 0.446634829044, 0.0864019095898, 0.0420722030103, 0.0443573445082, 0.0675375089049, 0.0879377871752, 0.104738540947, 0.173769950867, 0.19694006443, 0.112701684237, 0.0557656660676, 0.0444979071617, 0.0408120937645, 0.0653439313173, 0.0785437524319, 0.0472986213863, 0.020788019523, 0.0220102909952, 0.0725439637899, 0.272727549076], "min": [0, 0, 0, 0, 0, 0, 0, 0, 0, 0, 0, 0, 0, 0, 0, 0, 0, 0, 0, 0, 0, 0, 0, 0, 0, 0, 0, 0, 0, 0, 0, 0, 0, 0, 0, 0], "median": [0.254391908646, 0.105645276606, 0.0126615315676, 0.00588733702898, 0.00869238749146, 0.0141305979341, 0.0157503597438, 0.0205981098115, 0.0416121333838, 0.04503031075, 0.0233123786747, 0.0131950192153, 0.0126134287566, 0.0715965777636, 0.553536891937, 1, 0.42526358366, 0.039334602654, 0.00815293379128, 0.0093931844458, 0.0247473306954, 0.0328299850225, 0.0534757599235, 0.101594746113, 0.108868949115, 0.0594507083297, 0.028332317248, 0.0206970646977, 0.015463587828, 0.021176930517, 0.0218152422458, 0.0133827999234, 0.00612702593207, 0.00593741890043, 0.0382444784045, 0.190424144268], "dvar2": [0.0878243744373, 0.0486958473921, 0.0241992156953, 0.021855764091, 0.0214275773615, 0.0161294396967, 0.0232650972903, 0.0255041066557, 0.0272526871413, 0.0344241596758, 0.0255684833974, 0.023572653532, 0.0364091806114, 0.0600505433977, 0.0826669707894, 0.096550911665, 0.0788477361202, 0.042509406805, 0.0233369283378, 0.0201361533254, 0.0280823539943, 0.039495293051, 0.031048797071, 0.059029083699, 0.0801619887352, 0.0345045216382, 0.0165168847889, 0.0110312206671, 0.0111836455762, 0.0178627837449, 0.0263079646975, 0.0119231231511, 0.00561406323686, 0.00829536560923, 0.0215120241046, 0.0668313503265], "var": [0.0846754834056, 0.0292066987604, 0.00854667834938, 0.0113070318475, 0.0109827043489, 0.0080278897658, 0.0174153763801, 0.0166000165045, 0.0225182045251, 0.0336923897266, 0.0197890158743, 0.0131665728986, 0.016412127763, 0.0298175103962, 0.073270432651, 0.0646701902151, 0.0620200298727, 0.0167826712132, 0.01064032875, 0.0125011298805, 0.0169501099735, 0.0255136210471, 0.022503586486, 0.0391617789865, 0.0529225841165, 0.0215027034283, 0.00811017490923, 0.00679096672684, 0.00676624011248, 0.0150317838416, 0.0239518173039, 0.00960203632712, 0.00277422368526, 0.00316969910637, 0.0103709772229, 0.0587597116828], "dmean2": [0.30319210887, 0.179500311613, 0.0799719691277, 0.0624763630331, 0.0597143657506, 0.0604106076062, 0.0683581978083, 0.0740847215056, 0.0992173552513, 0.11259137094, 0.0819019377232, 0.0692613422871, 0.0918674841523, 0.190410554409, 0.327273637056, 0.244210883975, 0.311341077089, 0.142976731062, 0.0668162107468, 0.0603328794241, 0.0856749564409, 0.106222182512, 0.11401052773, 0.191261157393, 0.228948399425, 0.139435201883, 0.0784118548036, 0.0560490190983, 0.0523088239133, 0.0734065771103, 0.0816619992256, 0.0504069440067, 0.0286760926247, 0.0374301411211, 0.0993149206042, 0.251162230968], "max": [1, 1, 1, 1, 1, 1, 1, 1, 1, 1, 1, 1, 1, 1, 1, 1, 1, 1, 1, 1, 1, 1, 1, 1, 1, 1, 1, 1, 1, 1, 1, 1, 1, 1, 1, 1], "dmean": [0.188988447189, 0.11009131372, 0.0448478236794, 0.0360306315124, 0.0342432409525, 0.0355480387807, 0.040740057826, 0.0447011142969, 0.0603139586747, 0.0686511322856, 0.0492977499962, 0.0400458872318, 0.0525751821697, 0.111901730299, 0.200543254614, 0.141509532928, 0.188928723335, 0.082687780261, 0.0386155918241, 0.0363291352987, 0.0514745339751, 0.0632431358099, 0.0691904351115, 0.114317551255, 0.134924799204, 0.0827854052186, 0.0451496131718, 0.0334662161767, 0.0316399857402, 0.0456977300346, 0.0507934503257, 0.0313531421125, 0.0167630556971, 0.0213094744831, 0.0586454533041, 0.155670970678]}, "key_strength": 0.69119143486, "chords_strength": {"dvar": 2.25168951147e-05, "mean": 0.60205578804, "min": 0.29198256135, "median": 0.607377767563, "dvar2": 2.90510160994e-05, "var": 0.0100155277178, "dmean2": 0.00592329120263, "max": 0.823961734772, "dmean": 0.00534525234252}, "tuning_equal_tempered_deviation": 0.0482470579445, "chords_key": "D", "tuning_frequency": 446.142181396, "chords_scale": "minor", "chords_changes_rate": 0.0237467009574, "key_scale": "minor", "tuning_diatonic_strength": 0.572049081326, "hpcp_entropy": {"dvar": 0.247738525271, "mean": 1.82191431522, "min": 0, "median": 1.83643138409, "dvar2": 0.710155189037, "var": 0.532271146774, "dmean2": 1.04955780506, "max": 4.6041135788, "dmean": 0.615225195885}, "chords_histogram": [78.3494567871, 1.01143360138, 0.0732922926545, 0.996775150299, 0, 7.78364133835, 0.351803004742, 4.95455884933, 0.49838757515, 0.102609202266, 2.02286720276, 0, 0, 0, 0.0586338303983, 0.0586338303983, 0.0439753755927, 0.644972145557, 0, 0, 0.0879507511854, 0, 1.33391964436, 1.62708878517], "tuning_nontempered_energy_ratio": 0.709640979767, "key_key": "D"}, "metadata": {"version": {"extractor": "music 1.0", "essentia_build_sha": "70f2e5ece6736b2c40cc944ad0e695b16b925413", "essentia": "2.1-beta2", "essentia_git_sha": "v2.1_beta2"}, "audio_properties": {"sample_rate": 44100, "length": 316.734680176, "lossless": false, "analysis_sample_rate": 44100, "downmix": "mix", "bit_rate": 208117, "equal_loudness": 0, "md5_encoded": "addd9c4ae0a4079d530fc546d74a12a9", "codec": "mp3", "replay_gain": -5.30898094177}, "tags": {"genre": ["Darkwave"], "albumartist": ["The Tear Garden"], "date": ["1992"], "musicbrainz_recordingid": ["f5db72bb-92a7-4a85-b748-2f3c1fa25ef6"], "file_name": "244338.mp3", "title": ["OO EE OO"], "tracknumber": ["6"], "album": ["Tired Eyes Slowly Burning"], "artist": ["The Tear Garden"]}}, "lowlevel": {"melbands": {"dvar": [5.51991909958e-08, 2.77444371477e-07, 1.88114506727e-06, 6.73542217555e-08, 3.03025984749e-07, 3.81652185411e-08, 1.24978996041e-07, 3.32551124416e-08, 6.12489259311e-08, 1.71203069499e-07, 3.10016723404e-08, 1.61274755328e-07, 1.23347021486e-08, 7.47705399817e-08, 3.95524963892e-08, 4.64614551277e-08, 1.37982487658e-08, 4.85220219559e-09, 6.71575062228e-09, 3.04275822316e-08, 1.62396163184e-09, 4.14165063356e-10, 2.69503724892e-10, 4.21400470074e-10, 3.52823187333e-11, 5.29482707678e-11, 1.16777828726e-11, 3.23532541903e-12, 1.11757510798e-12, 5.79368638568e-13, 7.00212728511e-13, 7.51765837081e-13, 6.50406594901e-12, 1.05460553484e-11, 5.38043611401e-12, 3.23753480622e-12, 3.91087206023e-12, 1.77668470214e-12, 5.79696013414e-13, 1.89344715037e-13], "mean": [0.000409937551012, 0.000930570357013, 0.00208505382761, 0.00029227201594, 0.000795401167125, 0.000297694437904, 0.000467430538265, 0.000183925658348, 0.000231682221056, 0.00034911558032, 0.000153049666551, 0.000223484894377, 8.691362018e-05, 0.000154643697897, 0.000123189922306, 0.000125170030515, 6.2851831899e-05, 5.42498164577e-05, 5.07263612235e-05, 6.41555816401e-05, 3.05493485939e-05, 1.95803968381e-05, 1.45508447531e-05, 9.84405232884e-06, 5.23733160662e-06, 4.29025385529e-06, 2.63382912635e-06, 1.38085374601e-06, 8.31263378132e-07, 5.3850999393e-07, 4.41997883627e-07, 4.95116182719e-07, 8.01768294423e-07, 6.97250982284e-07, 5.59581451398e-07, 4.64729595251e-07, 4.45118416792e-07, 2.6675695608e-07, 1.74880469217e-07, 1.09958222083e-07], "min": [3.19285495488e-24, 1.82383812983e-24, 3.21866806142e-24, 7.2165816025e-24, 1.10038744095e-23, 4.65157906993e-24, 9.07987106063e-24, 7.58685240102e-24, 7.31369669082e-24, 5.51447338781e-24, 3.26078120363e-24, 5.27056982326e-24, 5.58161570604e-24, 9.03127959545e-24, 6.27087976653e-24, 3.66200749573e-24, 8.38882101905e-24, 5.0505009021e-24, 2.71436841459e-24, 5.27821822417e-24, 8.70666412181e-24, 8.13853990851e-24, 9.26501513736e-24, 5.75420111716e-24, 6.01771773596e-24, 8.84330587465e-24, 1.26753625937e-23, 1.50872945562e-23, 1.28357774588e-23, 7.74834642782e-24, 7.3881967147e-24, 7.8338337064e-24, 8.95649715936e-24, 7.83344795341e-24, 5.85880131218e-24, 7.41894887937e-24, 9.51957266287e-24, 9.24015734138e-24, 1.0305575525e-23, 9.44006573881e-24], "median": [0.000253815873293, 0.000628942390904, 0.00094426528085, 0.00016521840007, 0.000423358054832, 0.000189798505744, 0.00023803539807, 0.000110367225716, 0.000107651096187, 0.000141326454468, 8.04113224149e-05, 7.07265644451e-05, 4.2600568122e-05, 5.99335435254e-05, 4.95791828143e-05, 5.81312197028e-05, 2.69243464572e-05, 2.83240478893e-05, 2.34426515817e-05, 2.16622574953e-05, 1.54457775352e-05, 1.02303902167e-05, 7.2179000199e-06, 4.00313456339e-06, 1.80054485099e-06, 1.39128962928e-06, 7.89792125033e-07, 3.90803108985e-07, 2.58148475041e-07, 1.68141284007e-07, 1.13441387839e-07, 8.85098643266e-08, 6.0628543963e-08, 3.62914178709e-08, 2.48916194323e-08, 1.8892734488e-08, 1.11702869177e-08, 6.09852879307e-09, 3.86679488429e-09, 2.32859309612e-09], "dvar2": [1.24420722614e-07, 7.22285449228e-07, 5.20234652868e-06, 1.87142106256e-07, 6.82971005972e-07, 1.01486200776e-07, 2.28395265367e-07, 8.0448117501e-08, 1.2799235094e-07, 3.23501694766e-07, 6.84061234324e-08, 3.4445821484e-07, 3.15175263665e-08, 1.97792445533e-07, 1.05325369759e-07, 1.22460605212e-07, 3.95546386756e-08, 1.27337322908e-08, 1.85098869565e-08, 8.52393995388e-08, 4.50544002106e-09, 1.1773108044e-09, 7.20001613885e-10, 1.15304565895e-09, 9.52313367053e-11, 1.36553518493e-10, 3.01905202227e-11, 8.63779013593e-12, 3.02066206249e-12, 1.59012028805e-12, 1.84435322917e-12, 1.83642575972e-12, 1.38269586752e-11, 2.43479663514e-11, 1.21847454002e-11, 5.93844114508e-12, 7.07802306349e-12, 3.56366303654e-12, 1.15221547581e-12, 3.47182487837e-13], "var": [2.549169551e-07, 1.03825641418e-06, 8.11828977021e-06, 1.70052061321e-07, 1.25369831494e-06, 1.23841630284e-07, 4.04259253628e-07, 6.35845154306e-08, 1.29606959831e-07, 4.00995560312e-07, 5.956091087e-08, 2.31032160514e-07, 2.54628726992e-08, 1.00987733731e-07, 5.95641544976e-08, 5.71845966135e-08, 1.7519500517e-08, 7.10651359981e-09, 1.04749906527e-08, 4.65458072085e-08, 2.69217648174e-09, 7.6171796648e-10, 4.94197960332e-10, 5.8881982623e-10, 9.24821608184e-11, 9.25653026451e-11, 2.66822102607e-11, 1.05246557996e-11, 3.41004763489e-12, 1.73121922614e-12, 1.3679763702e-12, 2.43433463491e-12, 2.04063814457e-11, 2.77147020611e-11, 1.69301430514e-11, 1.22095051083e-11, 1.26354040078e-11, 4.97980432931e-12, 1.9366437707e-12, 6.62912866961e-13], "dmean2": [0.000277789920801, 0.000539830478374, 0.00149962422438, 0.000277000624919, 0.00047959148651, 0.000209920355701, 0.000315504177706, 0.00013593454787, 0.000210278405575, 0.000316116434988, 0.000136222151923, 0.000278674880974, 9.33080300456e-05, 0.000178357149707, 0.000141619748319, 0.000159907736816, 7.08696898073e-05, 6.04586857662e-05, 5.59743275517e-05, 8.01773130661e-05, 3.12726879201e-05, 1.94228487089e-05, 1.39954445331e-05, 9.25230051507e-06, 4.25354073741e-06, 3.70326210941e-06, 2.10245707422e-06, 1.03357513126e-06, 6.19403465407e-07, 3.87816641023e-07, 3.08523993908e-07, 3.2116309967e-07, 5.40967448615e-07, 4.70146346743e-07, 3.9708348254e-07, 2.84835437014e-07, 2.75542873851e-07, 1.79620627705e-07, 1.13410713709e-07, 6.62671766349e-08], "max": [0.00872255861759, 0.0113659324124, 0.0273815356195, 0.00740604428574, 0.0151466233656, 0.00434681214392, 0.00788863748312, 0.00937132816762, 0.00535265542567, 0.00990755204111, 0.00604477059096, 0.00925689656287, 0.00314040691592, 0.00727377971634, 0.00515353493392, 0.00425017625093, 0.00489052804187, 0.00178975414019, 0.00236196047626, 0.00555424811319, 0.00150964304339, 0.000386812869692, 0.000537745654583, 0.00137911783531, 0.000171330335434, 0.000394115078961, 0.00016806878557, 0.000107426400064, 7.03209516359e-05, 4.53048742202e-05, 5.73276993237e-05, 4.84741613036e-05, 0.000112905909191, 0.000246055104071, 0.000128104031319, 9.25822459976e-05, 0.000111599234515, 7.19471645425e-05, 4.01346806029e-05, 2.69957436103e-05], "dmean": [0.000182638352271, 0.000363556551747, 0.000932655879296, 0.000162403448485, 0.000349282461684, 0.000134229383548, 0.000243834438152, 9.19671365409e-05, 0.000145467405673, 0.000221297290409, 8.917094965e-05, 0.000182782503543, 5.74801597395e-05, 0.000107465639303, 8.46386974445e-05, 9.49564782786e-05, 4.18923154939e-05, 3.57623466698e-05, 3.29517897626e-05, 4.65764860564e-05, 1.82196399692e-05, 1.1336605894e-05, 8.23133814265e-06, 5.4321785683e-06, 2.54453129855e-06, 2.22728704102e-06, 1.26965721847e-06, 6.23842367986e-07, 3.76214188691e-07, 2.35309812524e-07, 1.89185243471e-07, 2.03434936452e-07, 3.52116785507e-07, 3.11216069804e-07, 2.63094250386e-07, 2.02502917546e-07, 1.9616034308e-07, 1.26142765566e-07, 7.96906292067e-08, 4.9424539128e-08]}, "spectral_decrease": {"dvar": 3.04134417542e-18, "mean": -6.63922916644e-09, "min": -4.10658600458e-08, "median": -5.68430102987e-09, "dvar2": 7.3554529614e-18, "var": 2.45259481756e-17, "dmean2": 2.30285679415e-09, "max": 8.21303556246e-29, "dmean": 1.51638024359e-09}, "spectral_rolloff": {"dvar": 159688.828125, "mean": 1192.76062012, "min": 21.533203125, "median": 1098.19335938, "dvar2": 332237.21875, "var": 826317.6875, "dmean2": 427.137268066, "max": 18712.3535156, "dmean": 253.210372925}, "melbands_crest": {"dvar": 5.95367431641, "mean": 13.2217063904, "min": 1.99562430382, "median": 12.1950902939, "dvar2": 15.4744939804, "var": 25.6251163483, "dmean2": 4.8878030777, "max": 39.9464302063, "dmean": 3.00423336029}, "barkbands_skewness": {"dvar": 0.127585217357, "mean": 1.02690160275, "min": -2.11531686783, "median": 0.938770711422, "dvar2": 0.295806109905, "var": 0.766960203648, "dmean2": 0.585902929306, "max": 17.58543396, "dmean": 0.376785457134}, "spectral_centroid": {"dvar": 20146.8828125, "mean": 945.192871094, "min": 222.827484131, "median": 872.572509766, "dvar2": 39535.7929688, "var": 185760.28125, "dmean2": 200.405776978, "max": 10920.0371094, "dmean": 127.918418884}, "spectral_energyband_middle_low": {"dvar": 2.50029079325e-05, "mean": 0.0151100093499, "min": 2.39511019792e-22, "median": 0.0123347267509, "dvar2": 6.1576232838e-05, "var": 0.000153563800268, "dmean2": 0.00667926808819, "max": 0.0932177603245, "dmean": 0.00437027402222}, "erbbands_crest": {"dvar": 8.66520118713, "mean": 9.37670898438, "min": 2.15619874001, "median": 8.37504005432, "dvar2": 21.9130649567, "var": 16.8711204529, "dmean2": 5.08554840088, "max": 30.9094581604, "dmean": 3.06871986389}, "dynamic_complexity": 4.70846796036, "spectral_energyband_low": {"dvar": 1.49147590491e-05, "mean": 0.00832155067474, "min": 1.63922156439e-23, "median": 0.00489183003083, "dvar2": 3.79709163099e-05, "var": 9.40569225349e-05, "dmean2": 0.00397590221837, "max": 0.0872450768948, "dmean": 0.00269141723402}, "silence_rate_60dB": {"dvar": 0.00277783675119, "mean": 0.0977862477303, "min": 0, "median": 0, "dvar2": 0.00642007170245, "var": 0.0882413759828, "dmean2": 0.00557184731588, "max": 1, "dmean": 0.00278571946546}, "erbbands_kurtosis": {"dvar": 0.939027905464, "mean": 0.118501909077, "min": -1.72221708298, "median": -0.220655322075, "dvar2": 2.43946933746, "var": 1.75605523586, "dmean2": 1.23552620411, "max": 20.1385784149, "dmean": 0.763747394085}, "spectral_complexity": {"dvar": 3.84146142006, "mean": 18.2003364563, "min": 0, "median": 19, "dvar2": 10.4862880707, "var": 66.4479217529, "dmean2": 3.74398827553, "max": 44, "dmean": 2.22505688667}, "barkbands_crest": {"dvar": 3.51463937759, "mean": 8.36174583435, "min": 2.33289957047, "median": 7.67315769196, "dvar2": 9.53017520905, "var": 10.480553627, "dmean2": 3.63760399818, "max": 26.8267879486, "dmean": 2.17540121078}, "spectral_energy": {"dvar": 4.84094744024e-05, "mean": 0.0266296286136, "min": 1.03502468564e-20, "median": 0.0228733550757, "dvar2": 0.000116978939332, "var": 0.000391914392821, "dmean2": 0.00916248373687, "max": 0.163163483143, "dmean": 0.00602816417813}, "spectral_spread": {"dvar": 227942809600, "mean": 2510780.25, "min": 804392.25, "median": 2163900, "dvar2": 271829221376, "var": 2436807524350.0, "dmean2": 327195.75, "max": 46376196, "dmean": 209732.578125}, "spectral_contrast_valleys": {"dvar": [0.102046988904, 0.0807222574949, 0.0746122449636, 0.0532273761928, 0.0550242140889, 0.0365600995719], "mean": [-7.49653148651, -6.82560396194, -7.2670416832, -7.60361289978, -8.49619197845, -11.9350776672], "min": [-27.2311439514, -27.0081138611, -26.9193534851, -27.2369632721, -27.3130722046, -27.1908950806], "median": [-7.2305188179, -6.49876451492, -6.95641088486, -7.28391647339, -8.22051239014, -11.937412262], "dvar2": [0.229794859886, 0.171709090471, 0.162809506059, 0.104367896914, 0.105358809233, 0.0503925085068], "var": [1.56308066845, 1.80046617985, 1.73318743706, 1.76371467113, 1.87913703918, 1.59835743904], "dmean2": [0.568196475506, 0.508079528809, 0.489586532116, 0.37555038929, 0.301458179951, 0.192903473973], "max": [-5.21833705902, -4.8963227272, -5.22069311142, -5.77297925949, -6.27764749527, -7.38956785202], "dmean": [0.346813261509, 0.312049865723, 0.295291692019, 0.223913356662, 0.181505575776, 0.127788424492]}, "spectral_rms": {"dvar": 2.55672006233e-07, "mean": 0.00465600565076, "min": 3.17770397669e-12, "median": 0.00472392514348, "dvar2": 6.01373926656e-07, "var": 4.30181671618e-06, "dmean2": 0.000806231517345, "max": 0.0126168094575, "dmean": 0.0005361448857}, "barkbands_spread": {"dvar": 8.89498233795, "mean": 16.1104793549, "min": 1.94790160656, "median": 14.612704277, "dvar2": 19.6021499634, "var": 85.2649002075, "dmean2": 4.7127532959, "max": 112.854072571, "dmean": 3.00683569908}, "pitch_salience": {"dvar": 0.00214325240813, "mean": 0.557871580124, "min": 0.00718965334818, "median": 0.561839997768, "dvar2": 0.00546329608187, "var": 0.009002789855, "dmean2": 0.0906298235059, "max": 0.829850852489, "dmean": 0.0565108321607}, "erbbands_skewness": {"dvar": 0.0718517377973, "mean": 0.0188369359821, "min": -3.59828782082, "median": -0.00959559250623, "dvar2": 0.172151148319, "var": 0.294071018696, "dmean2": 0.498806476593, "max": 2.59654736519, "dmean": 0.319656044245}, "spectral_energyband_middle_high": {"dvar": 1.8751301468e-05, "mean": 0.00724882120267, "min": 1.43859259616e-21, "median": 0.00482674967498, "dvar2": 4.72386309411e-05, "var": 6.95094422554e-05, "dmean2": 0.00406789407134, "max": 0.0918805673718, "dmean": 0.00256073777564}, "erbbands": {"dvar": [0.00056266336469, 0.0523717328906, 1.80154240131, 73.8643798828, 32.8472137451, 26.5420303345, 349.073303223, 66.8334274292, 500.348876953, 333.881347656, 934.25012207, 4024.79931641, 1239.25476074, 8643.0703125, 1295.52990723, 18986.7480469, 3909.32836914, 3890.39208984, 2163.85986328, 13289.0097656, 2011.5970459, 234.790893555, 486.477203369, 48.3259887695, 78.5448989868, 6.94611024857, 1.42576539516, 1.51563429832, 4.13773012161, 27.2555236816, 12.3629770279, 7.98751306534, 2.22940158844, 0.28516176343, 0.0362897366285, 0.00136630970519, 0.000105671933852, 7.05585932792e-07, 7.83161757667e-10, 6.8325900493e-11], "mean": [0.0359463579953, 0.422873437405, 2.13575029373, 14.1401824951, 6.24167728424, 5.68870544434, 27.3442134857, 11.8123693466, 30.0505905151, 17.9499530792, 28.3763484955, 54.6180686951, 32.5228996277, 53.7739486694, 31.7538452148, 69.1119232178, 49.0605697632, 39.0804443359, 37.0593223572, 41.7002639771, 31.2316074371, 17.9412002563, 13.4920272827, 7.06766319275, 5.57907009125, 2.4014415741, 1.22929751873, 0.818285167217, 1.01532888412, 1.34358990192, 0.950602352619, 0.730668783188, 0.355924785137, 0.147403120995, 0.0541362538934, 0.00856593344361, 0.00184379494749, 0.000184763688594, 1.95332613657e-05, 3.13046730298e-05], "min": [4.26205517437e-22, 1.33863884551e-21, 4.04240418857e-21, 1.05810132836e-20, 7.09718380631e-20, 1.42678328832e-19, 3.12038247202e-19, 2.04661272727e-19, 6.05702021265e-19, 6.71332960908e-19, 8.99534721119e-19, 8.71700403699e-19, 7.10398426492e-19, 1.29222196652e-18, 2.42775524551e-18, 2.67753483918e-18, 2.31546733851e-18, 3.97485058391e-18, 3.16193676897e-18, 2.69764318628e-18, 6.88149046453e-18, 8.4167132796e-18, 8.6355075147e-18, 7.97481602558e-18, 1.38519632291e-17, 2.25188341239e-17, 1.78652946687e-17, 1.29190308839e-17, 1.60526358898e-17, 1.43801842247e-17, 1.06299938272e-17, 1.4597472991e-17, 1.39525930593e-17, 1.16879106813e-17, 8.17752077059e-18, 5.87895872905e-18, 2.75445767306e-18, 1.14611085107e-18, 3.03158359929e-19, 3.1315106362e-20], "median": [0.0234531275928, 0.244085937738, 1.33001756668, 6.1200428009, 3.30052566528, 2.90312099457, 14.3477096558, 7.76191568375, 15.442615509, 10.5423994064, 13.7168264389, 23.1854286194, 17.860496521, 18.2722415924, 17.7653427124, 23.6487541199, 26.13671875, 19.3571014404, 19.7390480042, 16.1005706787, 15.7256011963, 10.4382095337, 6.85818386078, 2.77796220779, 1.7877972126, 0.733667135239, 0.405095636845, 0.2423427701, 0.153792440891, 0.0833048224449, 0.0445742234588, 0.0228969529271, 0.00880520232022, 0.00339717231691, 0.0014113674406, 0.00052099453751, 0.000151528220158, 2.44533148361e-05, 1.29297177409e-05, 2.68640869763e-05], "dvar2": [0.00140311638825, 0.110712967813, 4.66913795471, 197.177627563, 99.4153442383, 64.9299926758, 766.429626465, 180.183883667, 901.758789062, 799.75189209, 1952.62854004, 7795.80810547, 2713.99951172, 18445.3789062, 3355.02197266, 50213.1992188, 9834.11132812, 11151.6035156, 5687.35839844, 37399.015625, 5646.37646484, 660.165344238, 1300.93347168, 128.693405151, 202.186920166, 18.4518184662, 3.71481633186, 4.01943349838, 9.15436172485, 59.0851631165, 24.3099956512, 12.9270439148, 3.64602422714, 0.459110856056, 0.0624199397862, 0.00213132426143, 0.000169519204064, 1.06288655388e-06, 1.40858813502e-09, 1.61351362826e-10], "var": [0.0016739788698, 0.303348213434, 6.15102005005, 384.877166748, 63.732925415, 93.768913269, 1506.90368652, 196.72857666, 1650.39477539, 623.429016113, 1931.55883789, 9577.53808594, 2449.50244141, 12530.4619141, 2524.18212891, 25468.6367188, 6272.9921875, 5144.23535156, 3151.90185547, 19976.8574219, 3394.8815918, 540.623901367, 735.998168945, 138.175292969, 149.306594849, 24.3849124908, 6.72175073624, 3.93088650703, 14.8101186752, 83.8939590454, 47.7628288269, 31.0882148743, 8.1962594986, 1.20308816433, 0.153974413872, 0.00499880500138, 0.000287600239972, 2.23350411943e-06, 2.90203616693e-09, 5.48511291942e-10], "dmean2": [0.0301859658211, 0.253607988358, 1.3249578476, 9.06541824341, 6.78597974777, 3.90304398537, 16.4229030609, 8.75007820129, 20.0993061066, 12.9068431854, 25.2120609283, 48.3132209778, 27.7097187042, 64.5251541138, 32.4845123291, 83.4582901001, 50.4955406189, 42.3087005615, 40.1577987671, 44.9640274048, 32.280582428, 15.1545743942, 11.5577945709, 5.04479312897, 4.51357698441, 1.57223546505, 0.747273504734, 0.491476595402, 0.589344918728, 0.82968634367, 0.559432148933, 0.397513568401, 0.196752786636, 0.0790815427899, 0.0311355479062, 0.00484684249386, 0.00112958333921, 0.000106256993604, 7.56057443141e-06, 1.06067600427e-05], "max": [0.631668627262, 10.6012735367, 29.7739715576, 181.450668335, 90.9879989624, 210.130065918, 552.003173828, 220.245040894, 561.403625488, 1050.31530762, 657.18737793, 1488.32006836, 1224.37316895, 2181.88305664, 898.781921387, 3835.6015625, 1820.51513672, 2117.94970703, 921.173706055, 4048.31591797, 1407.84313965, 298.760009766, 1469.91088867, 194.850631714, 462.620574951, 157.102508545, 78.5178451538, 74.7160491943, 110.004638672, 367.852386475, 179.234909058, 170.430877686, 79.4774475098, 30.8268489838, 9.79341316223, 2.12949252129, 0.725878834724, 0.0455832444131, 0.00219342205673, 0.000196157663595], "dmean": [0.0190670657903, 0.173555061221, 0.891644179821, 5.84384632111, 3.87669157982, 2.56415462494, 12.1162261963, 5.4572968483, 15.5026416779, 8.99344921112, 17.4340381622, 33.7722206116, 18.2653121948, 42.3512420654, 19.9568328857, 49.8570480347, 30.8471088409, 25.0026435852, 23.7385597229, 26.446685791, 18.7522888184, 8.91077613831, 6.82284498215, 3.02154541016, 2.71348547935, 0.959501981735, 0.457412779331, 0.304757148027, 0.383564889431, 0.564592480659, 0.395991146564, 0.294874846935, 0.149374529719, 0.0614463724196, 0.0231080837548, 0.00388883473352, 0.000948259606957, 8.6518964963e-05, 5.47883973923e-06, 7.00152850186e-06]}, "dissonance": {"dvar": 0.00045080477139, "mean": 0.450671553612, "min": 0.210107982159, "median": 0.456257194281, "dvar2": 0.00124790670816, "var": 0.000984310521744, "dmean2": 0.0401171892881, "max": 0.499999880791, "dmean": 0.0237609688193}, "erbbands_flatness_db": {"dvar": 0.000142813194543, "mean": 0.227377459407, "min": 0.0268017146736, "median": 0.231211170554, "dvar2": 0.000346922170138, "var": 0.0017477539368, "dmean2": 0.0214612968266, "max": 0.368911653757, "dmean": 0.0137364016846}, "melbands_kurtosis": {"dvar": 136.666213989, "mean": 4.94624948502, "min": -1.85043740273, "median": 2.55457663536, "dvar2": 246.697784424, "var": 507.429260254, "dmean2": 4.10124444962, "max": 1112.3145752, "dmean": 2.59047698975}, "melbands_spread": {"dvar": 19.3630466461, "mean": 20.6047554016, "min": 0.882344007492, "median": 18.8887557983, "dvar2": 44.5832901001, "var": 120.552192688, "dmean2": 6.85729646683, "max": 167.706100464, "dmean": 4.3537530899}, "melbands_skewness": {"dvar": 0.251414597034, "mean": 1.70081007481, "min": -1.30910694599, "median": 1.54939842224, "dvar2": 0.530743002892, "var": 1.41541969776, "dmean2": 0.725416481495, "max": 32.3042411804, "dmean": 0.469444394112}, "spectral_entropy": {"dvar": 0.00859885569662, "mean": 7.10340833664, "min": 5.56700563431, "median": 7.10724830627, "dvar2": 0.0205668006092, "var": 0.158527553082, "dmean2": 0.166365906596, "max": 9.8043050766, "dmean": 0.107901036739}, "zerocrossingrate": {"dvar": 4.07056249969e-05, "mean": 0.0422408021986, "min": 0, "median": 0.0380859375, "dvar2": 5.30297656951e-05, "var": 0.000621491752099, "dmean2": 0.00558008113876, "max": 0.509765625, "dmean": 0.00451970659196}, "average_loudness": 0.70729804039, "spectral_contrast_coeffs": {"dvar": [0.00128327356651, 0.001155902748, 0.00114331662189, 0.000666944077238, 0.000300086860079, 0.000164798315382], "mean": [-0.627798914909, -0.714997529984, -0.736424386501, -0.760098874569, -0.759956300259, -0.767632544041], "min": [-0.964516460896, -0.979332089424, -0.985282719135, -0.974958300591, -0.965217232704, -0.962607443333], "median": [-0.621777772903, -0.71564668417, -0.74022758007, -0.761975347996, -0.755020022392, -0.758488059044], "dvar2": [0.00345634459518, 0.00305981282145, 0.00293799699284, 0.00191609060857, 0.000853158533573, 0.000430100393714], "var": [0.00662421807647, 0.00509631354362, 0.00491772033274, 0.00344018335454, 0.00251945713535, 0.00301255751401], "dmean2": [0.0748588591814, 0.0697011426091, 0.0694520175457, 0.0544940307736, 0.0362525321543, 0.0228868611157], "max": [-0.337623178959, -0.465987086296, -0.439197778702, -0.516366302967, -0.577993631363, -0.645073711872], "dmean": [0.0459502562881, 0.0430408418179, 0.042672522366, 0.0324177518487, 0.0214099399745, 0.0138436621055]}, "barkbands_flatness_db": {"dvar": 0.000145703554153, "mean": 0.177257582545, "min": 0.0346093028784, "median": 0.174527943134, "dvar2": 0.000343404797604, "var": 0.00199056183919, "dmean2": 0.0216963086277, "max": 0.514467179775, "dmean": 0.0139993121848}, "silence_rate_30dB": {"dvar": 0.00263241259381, "mean": 0.996628046036, "min": 0, "median": 1, "dvar2": 0.00686329463497, "var": 0.0033606311772, "dmean2": 0.00527859246358, "max": 1, "dmean": 0.00263910274953}, "spectral_energyband_high": {"dvar": 9.05445673993e-08, "mean": 0.000152116030222, "min": 7.3863714799e-21, "median": 2.89903291559e-05, "dvar2": 1.31938108439e-07, "var": 4.742563533e-07, "dmean2": 6.29309215583e-05, "max": 0.0166893564165, "dmean": 4.6424291213e-05}, "melbands_flatness_db": {"dvar": 0.000183305455721, "mean": 0.252905845642, "min": 0.00741279544309, "median": 0.247949466109, "dvar2": 0.000428147090133, "var": 0.00429215049371, "dmean2": 0.0249462816864, "max": 0.503479838371, "dmean": 0.0163258016109}, "barkbands": {"dvar": [2.1724606114e-08, 8.42846134219e-07, 4.0207796701e-06, 1.44812729559e-05, 2.40090957959e-06, 2.2604251626e-06, 2.85419673673e-06, 1.40116094371e-06, 5.2063073781e-06, 5.93313279751e-06, 6.05826926403e-07, 7.58245778343e-06, 2.62135949924e-06, 1.13393605261e-06, 8.96113306226e-07, 4.06860272051e-06, 1.16331534628e-07, 1.1720995019e-07, 2.28621281906e-08, 2.83930878808e-09, 7.37217620284e-10, 8.2270315005e-09, 1.60299702401e-08, 1.2314409048e-08, 1.36256472771e-09, 3.94657743985e-11, 2.49636889529e-14], "mean": [0.00012133311975, 0.00162251293659, 0.00254994444549, 0.0052969227545, 0.00194224505685, 0.00241360254586, 0.00207642023452, 0.00105536764022, 0.00202260841615, 0.00155142124277, 0.000552169571165, 0.00147895258851, 0.00105449685361, 0.000534226535819, 0.000717148766853, 0.000773484411184, 0.000352057802957, 0.000215692300117, 0.000122169454698, 4.6302251576e-05, 2.36674040934e-05, 3.38924728567e-05, 3.38087047567e-05, 2.76468344964e-05, 1.03316669993e-05, 1.2759846868e-06, 2.68652513569e-08], "min": [2.09469115506e-24, 8.4947894933e-24, 3.90127255816e-24, 3.96520934009e-24, 5.2365905864e-23, 2.28638490723e-23, 4.95669547971e-23, 3.65407250165e-23, 4.49030513532e-23, 3.78719877475e-23, 2.19667722281e-23, 6.62999283753e-23, 3.99918810364e-23, 8.78692661684e-23, 4.9269207137e-23, 1.21114483733e-22, 1.30479853021e-22, 1.76015088038e-22, 2.02495091277e-22, 4.84251695135e-22, 3.30992606263e-22, 4.16324914693e-22, 4.11876875147e-22, 7.95482792986e-22, 1.1050944162e-21, 1.60719415873e-21, 2.30426204782e-21], "median": [9.86609084066e-05, 0.000947572814766, 0.00133556802757, 0.00224420195445, 0.00111204269342, 0.00147229759023, 0.00102766056079, 0.000471106177429, 0.000878847902641, 0.000573779281694, 0.000249332486419, 0.000522192625795, 0.000520920264535, 0.000214134197449, 0.000351657217834, 0.000292623473797, 0.000193232233869, 9.74802605924e-05, 4.10440952692e-05, 1.43204633787e-05, 7.36848778615e-06, 4.03925605497e-06, 1.66660595369e-06, 7.57202201385e-07, 2.40268775542e-07, 8.78017374362e-08, 4.96471130873e-09], "dvar2": [4.51894521802e-08, 1.82822691386e-06, 1.06227544165e-05, 4.18199306296e-05, 6.00979228693e-06, 5.53376321477e-06, 5.55590941076e-06, 3.01135560221e-06, 1.00215083876e-05, 1.27619696286e-05, 1.49874756517e-06, 2.00927097467e-05, 6.7705445872e-06, 3.21815173265e-06, 2.40699205278e-06, 1.14092608783e-05, 3.28381531745e-07, 3.15999216127e-07, 5.82405377259e-08, 7.52662909775e-09, 1.93081617361e-09, 1.82613284494e-08, 3.19811555016e-08, 1.95713187878e-08, 2.29531704754e-09, 6.08440936523e-11, 5.8732966407e-14], "var": [2.75606186761e-08, 4.42366717834e-06, 1.13029427666e-05, 5.57920211577e-05, 7.98092150944e-06, 9.02357624e-06, 8.32712794363e-06, 2.9052505397e-06, 1.25457390823e-05, 8.93080687092e-06, 1.24305699956e-06, 1.03166266854e-05, 3.45400394508e-06, 1.43409943121e-06, 1.28412261802e-06, 5.70459587834e-06, 2.1663926475e-07, 1.84063935649e-07, 5.23912220274e-08, 9.40534761185e-09, 2.73918887572e-09, 2.53414196294e-08, 6.1242872107e-08, 4.66911167507e-08, 5.75554448545e-09, 1.26933435984e-10, 5.72190271509e-14], "dmean2": [6.34118914604e-05, 0.0010556721827, 0.00188984314445, 0.00424243323505, 0.00136874523014, 0.00149558729026, 0.00144086242653, 0.000979510019533, 0.00179514521733, 0.00181925611105, 0.00062028481625, 0.0017722210614, 0.00126927217934, 0.000609734328464, 0.000819327484351, 0.000962827645708, 0.000344460597262, 0.000191723054741, 9.50208705035e-05, 3.1545470847e-05, 1.47623113662e-05, 2.08010569622e-05, 1.9573042664e-05, 1.47383580043e-05, 5.70024531044e-06, 7.57622217407e-07, 2.53129055494e-08], "max": [0.0132609130815, 0.0395738184452, 0.0429152473807, 0.0742447897792, 0.0565152056515, 0.0381445139647, 0.0518758371472, 0.0228560417891, 0.0543289370835, 0.0515350401402, 0.0281654912978, 0.0745218917727, 0.0350110046566, 0.0460807941854, 0.0172170139849, 0.0631854683161, 0.00562005396932, 0.021662492305, 0.0075777345337, 0.00352141587064, 0.00142310850788, 0.00423127179965, 0.00647961208597, 0.00621556164697, 0.00203455192968, 0.000423771998612, 1.10880509965e-05], "dmean": [5.46018236491e-05, 0.000708722800482, 0.00126984436065, 0.00257454137318, 0.00089593307348, 0.00102715392131, 0.00110625301022, 0.000670358771458, 0.00124956166837, 0.00119426939636, 0.000381514953915, 0.00106105930172, 0.000762602197938, 0.000362069811672, 0.000480141345179, 0.000558759318665, 0.000201117669349, 0.000113503010652, 5.73948454985e-05, 1.92245825019e-05, 9.02660667634e-06, 1.34090687425e-05, 1.35737363962e-05, 1.1228634321e-05, 4.32723390986e-06, 6.22409970674e-07, 1.60464743715e-08]}, "erbbands_spread": {"dvar": 18.2300777435, "mean": 24.5054893494, "min": 3.51486253738, "median": 22.9321155548, "dvar2": 41.6142730713, "var": 114.056022644, "dmean2": 7.4134979248, "max": 133.55178833, "dmean": 4.75757932663}, "barkbands_kurtosis": {"dvar": 13.5855255127, "mean": 1.58817052841, "min": -1.70925712585, "median": 0.469854712486, "dvar2": 28.5699138641, "var": 47.4968528748, "dmean2": 2.10808634758, "max": 310.236297607, "dmean": 1.31126618385}, "spectral_flux": {"dvar": 0.000176487126737, "mean": 0.0723860487342, "min": 1.04151610947e-10, "median": 0.072503067553, "dvar2": 0.000493510277011, "var": 0.00116301490925, "dmean2": 0.0223858244717, "max": 0.244477435946, "dmean": 0.0132938437164}, "silence_rate_20dB": {"dvar": 0, "mean": 1, "min": 1, "median": 1, "dvar2": 0, "var": 0, "dmean2": 0, "max": 1, "dmean": 0}, "gfcc": {"cov": [[16355.4785156, 1325.57116699, -2548.64892578, 914.381347656, -878.905578613, -37.0335006714, -264.120666504, -146.171600342, 338.973236084, -384.809204102, 95.2701721191, -226.814346313, 128.621643066], [1325.57116699, 1453.9708252, -201.539428711, -259.336791992, 461.742004395, -311.588928223, 94.0407409668, -65.7934799194, -7.16501092911, -62.4192581177, -1.23119688034, -92.2203216553, 79.0345993042], [-2548.64892578, -201.539428711, 909.170166016, -193.640182495, 72.1525268555, 170.667098999, -115.802024841, 50.4372253418, -65.2007064819, 14.8564023972, -77.0255508423, 11.997841835, -47.1304244995], [914.381347656, -259.336791992, -193.640182495, 353.123596191, -118.197952271, 47.0808143616, 25.8611392975, -22.1348419189, 16.1207237244, -22.6054840088, 4.82356214523, -11.0996274948, -21.6769752502], [-878.905578613, 461.742004395, 72.1525268555, -118.197952271, 426.920837402, -129.146133423, 107.090812683, -15.8500738144, -67.2525253296, 15.157087326, -16.9933319092, -31.8664016724, 20.0756511688], [-37.0335006714, -311.588928223, 170.667098999, 47.0808143616, -129.146133423, 238.734313965, -45.5814437866, 43.7097854614, 11.6518239975, -11.9871835709, -12.3003559113, 11.2526845932, -35.6056404114], [-264.120666504, 94.0407409668, -115.802024841, 25.8611392975, 107.090812683, -45.5814437866, 187.547698975, 7.57868719101, -9.37029266357, 9.05575370789, 7.34946870804, -0.522266566753, -2.41747760773], [-146.171600342, -65.7934799194, 50.4372253418, -22.1348419189, -15.8500738144, 43.7097854614, 7.57868719101, 105.500862122, 23.297121048, 12.9746904373, -7.5615477562, -3.65966176987, -5.61347532272], [338.973236084, -7.16501092911, -65.2007064819, 16.1207237244, -67.2525253296, 11.6518239975, -9.37029266357, 23.297121048, 89.3275680542, 12.1039714813, 1.04556143284, -4.80564832687, -6.15496253967], [-384.809204102, -62.4192581177, 14.8564023972, -22.6054840088, 15.157087326, -11.9871835709, 9.05575370789, 12.9746904373, 12.1039714813, 82.3404083252, 28.4315891266, 15.1672286987, -9.5033493042], [95.2701721191, -1.23119688034, -77.0255508423, 4.82356214523, -16.9933319092, -12.3003559113, 7.34946870804, -7.5615477562, 1.04556143284, 28.4315891266, 83.7939376831, 29.1584262848, -1.46300804615], [-226.814346313, -92.2203216553, 11.997841835, -11.0996274948, -31.8664016724, 11.2526845932, -0.522266566753, -3.65966176987, -4.80564832687, 15.1672286987, 29.1584262848, 81.2006912231, 20.3484191895], [128.621643066, 79.0345993042, -47.1304244995, -21.6769752502, 20.0756511688, -35.6056404114, -2.41747760773, -5.61347532272, -6.15496253967, -9.5033493042, -1.46300804615, 20.3484191895, 69.2825088501]], "mean": [-69.8280334473, 163.218612671, -145.362487793, 10.3077468872, -36.601688385, 4.2944521904, -31.8817825317, -1.19765472412, -15.0279455185, -8.24540233612, -9.67287158966, -7.51981163025, -7.50101089478], "icov": [[0.000428484170698, -0.000995297916234, 0.0011295590084, -0.000845389789902, 0.000998227042146, -0.00105606229044, 0.00109485059511, -0.000297775899526, 0.000333074014634, 0.000196306034923, 0.000388465297874, 0.000147443846799, 4.73254985991e-05], [-0.000995297916234, 0.00435273582116, -0.00236998219043, 0.00313223176636, -0.00419216277078, 0.00349043961614, -0.0024438383989, 0.00137623667251, -0.00264985417016, 0.0020723072812, -0.00235613272525, 0.00144718645606, -0.00114104477689], [0.0011295590084, -0.00236998219043, 0.00530868535861, -0.00109770346899, 0.00161362392828, -0.00424237083644, 0.00431318674237, -0.00117520347703, 0.00217609666288, -4.46274716523e-05, 0.00310135120526, -0.000686608895194, 0.00173625559546], [-0.000845389789902, 0.00313223176636, -0.00109770346899, 0.00635712267831, -0.00213590986095, 0.00148877850734, -0.0028912583366, 0.00200274353847, -0.00119353854097, 0.00132123706862, -0.000990762142465, 0.0011955476366, 0.000387156818761], [0.000998227042146, -0.00419216277078, 0.00161362392828, -0.00213590986095, 0.0086443927139, -0.00156649888959, -0.000197055516765, -0.00101113587152, 0.00478299008682, -0.0027761538513, 0.00236098188907, 0.00107927073259, -0.000263245543465], [-0.00105606229044, 0.00349043961614, -0.00424237083644, 0.00148877850734, -0.00156649888959, 0.0105791259557, -0.00265361205675, -0.00135698239319, -0.00179315858986, 0.00244487752207, -0.0019749593921, -0.000554996135179, 0.00154423771892], [0.00109485059511, -0.0024438383989, 0.00431318674237, -0.0028912583366, -0.000197055516765, -0.00265361205675, 0.0107354149222, -0.00251573417336, 0.00130176078528, 0.000347108463757, 0.00175484991632, -0.00171100674197, 0.00235171313398], [-0.000297775899526, 0.00137623667251, -0.00117520347703, 0.00200274353847, -0.00101113587152, -0.00135698239319, -0.00251573417336, 0.0124797103927, -0.00392723502591, -0.00123291811906, -0.000160669384059, 0.00201913667843, -0.00178542383946], [0.000333074014634, -0.00264985417016, 0.00217609666288, -0.00119353854097, 0.00478299008682, -0.00179315858986, 0.00130176078528, -0.00392723502591, 0.0173126235604, -0.00535398628563, 0.00365473330021, -0.000376361655071, 0.00192247726955], [0.000196306034923, 0.0020723072812, -4.46274716523e-05, 0.00132123706862, -0.0027761538513, 0.00244487752207, 0.000347108463757, -0.00123291811906, -0.00535398628563, 0.0195102617145, -0.00709277624264, -0.000245397357503, 0.00175055069849], [0.000388465297874, -0.00235613272525, 0.00310135120526,