{"tonal": {"chords_number_rate": 0.00197368417867, "thpcp": [1, 0.828128635883, 0.952454268932, 0.480191677809, 0.103735513985, 0.261900395155, 0.296712458134, 0.155457004905, 0.0875199958682, 0.091982036829, 0.180603548884, 0.504254519939, 0.568616330624, 0.364141076803, 0.449840337038, 0.37483894825, 0.137105792761, 0.108101129532, 0.145812109113, 0.312517255545, 0.787535130978, 0.779009759426, 0.263358771801, 0.0670291855931, 0.0581135526299, 0.147395476699, 0.561281979084, 0.650941729546, 0.246332645416, 0.0844291299582, 0.101070135832, 0.208371326327, 0.563753187656, 0.621000111103, 0.465941756964, 0.930098831654], "hpcp": {"dvar": [0.0216179583222, 0.0213333256543, 0.0139015009627, 0.0112322391942, 0.0182953793555, 0.0278686359525, 0.0252907164395, 0.0303342193365, 0.0199782233685, 0.00980101060122, 0.00906436797231, 0.0147029310465, 0.018788760528, 0.0227177012712, 0.0149729298428, 0.0115108145401, 0.0167245585471, 0.023476248607, 0.0316642709076, 0.0369895212352, 0.0345439612865, 0.0411803051829, 0.0388967804611, 0.0346393473446, 0.0528833530843, 0.0160447619855, 0.011329350993, 0.0149853155017, 0.0194038003683, 0.0177405960858, 0.0150961056352, 0.018499808386, 0.0221166294068, 0.0298208314925, 0.0297374427319, 0.0253639426082], "mean": [0.12346445024, 0.102879352868, 0.0376304425299, 0.0296697411686, 0.0400200039148, 0.0857743695378, 0.216149106622, 0.213809221983, 0.0722821876407, 0.0183970201761, 0.0159500092268, 0.0404545776546, 0.154051035643, 0.178659304976, 0.067609153688, 0.0231726579368, 0.0277399942279, 0.0571901835501, 0.154729291797, 0.170441433787, 0.127883687615, 0.25527754426, 0.274462819099, 0.227290526032, 0.261413276196, 0.131794765592, 0.0284715406597, 0.0718819200993, 0.0814365372062, 0.0426671691239, 0.0240209847689, 0.0252456497401, 0.0495689585805, 0.138399109244, 0.156064033508, 0.0999431833625], "min": [0, 0, 0, 0, 0, 0, 0, 0, 0, 0, 0, 0, 0, 0, 0, 0, 0, 0, 0, 0, 0, 0, 0, 0, 0, 0, 0, 0, 0, 0, 0, 0, 0, 0, 0, 0], "median": [0.00536598498002, 0.00360106816515, 0.00335847120732, 0.00264651468024, 0.00301968678832, 0.0161901470274, 0.0556996390224, 0.0565599650145, 0.0167116820812, 0.00134773389436, 0.0010976990452, 0.00368811422959, 0.0132047981024, 0.0151735804975, 0.00887795723975, 0.00226302538067, 0.00181045301724, 0.00497542973608, 0.0198329687119, 0.0268257893622, 0.0500435978174, 0.0673244297504, 0.0724739283323, 0.119276992977, 0.0588961988688, 0.0295402817428, 0.00299045350403, 0.010214808397, 0.0120070241392, 0.00616703834385, 0.00149693666026, 0.00138618773781, 0.0062988428399, 0.0265133157372, 0.0300724282861, 0.0204343758523], "dvar2": [0.056279424578, 0.056931514293, 0.0388159938157, 0.0310881063342, 0.0512621365488, 0.0757345035672, 0.0626162588596, 0.0733366459608, 0.0539847537875, 0.0273663196713, 0.0262806527317, 0.0427532494068, 0.0486322715878, 0.0554943010211, 0.0407098047435, 0.032629661262, 0.0476056858897, 0.0656607225537, 0.0807777866721, 0.0917116105556, 0.0932510271668, 0.107313342392, 0.0955592542887, 0.0917761698365, 0.130791381001, 0.0415918380022, 0.0317436270416, 0.036954510957, 0.0473623909056, 0.0474664308131, 0.0434318296611, 0.0535272210836, 0.062958329916, 0.0771878287196, 0.073629707098, 0.071104042232], "var": [0.0738094747066, 0.0551845245063, 0.0124804470688, 0.0103413825855, 0.0157821513712, 0.0318196900189, 0.094844520092, 0.0945686474442, 0.0195894371718, 0.00656824605539, 0.00575032411143, 0.0132409380749, 0.0797711610794, 0.104376219213, 0.0193490218371, 0.00774869555607, 0.0107902549207, 0.0198459811509, 0.079802967608, 0.0882358774543, 0.0361307524145, 0.112179391086, 0.126158326864, 0.0589437484741, 0.135045289993, 0.0349318049848, 0.00975406356156, 0.0305536314845, 0.035519246012, 0.0166068021208, 0.00994115602225, 0.0114243561402, 0.0188916064799, 0.056620683521, 0.0715086832643, 0.0324781835079], "dmean2": [0.102277368307, 0.103860847652, 0.0756137296557, 0.0555108562112, 0.0822060927749, 0.13658323884, 0.150450244546, 0.155637651682, 0.110328413546, 0.0482501797378, 0.0426845960319, 0.0727951005101, 0.102154940367, 0.102664999664, 0.0852384865284, 0.0613666512072, 0.079822987318, 0.114667385817, 0.14906989038, 0.172140032053, 0.19394120574, 0.213788762689, 0.201432466507, 0.224185839295, 0.224747717381, 0.121108733118, 0.0601667575538, 0.0772091373801, 0.0882851928473, 0.0786621570587, 0.0636056736112, 0.0726136192679, 0.0974337980151, 0.135582998395, 0.139990925789, 0.136085689068], "max": [1, 1, 1, 1, 1, 1, 1, 1, 1, 1, 1, 1, 1, 1, 1, 1, 1, 1, 1, 1, 1, 1, 1, 1, 1, 1, 1, 1, 1, 1, 1, 1, 1, 1, 1, 1], "dmean": [0.0584667958319, 0.0603078491986, 0.0418807901442, 0.0310694817454, 0.0450851023197, 0.0776893720031, 0.0908713489771, 0.0933432579041, 0.0627460554242, 0.0259413197637, 0.0229852944613, 0.0403852425516, 0.0610089115798, 0.0619994439185, 0.0488809682429, 0.0327024161816, 0.0423968881369, 0.0627631470561, 0.0850526988506, 0.0975717306137, 0.110019817948, 0.123713873327, 0.117740161717, 0.129209399223, 0.127023488283, 0.0685422718525, 0.033206038177, 0.0457295775414, 0.0518593303859, 0.0437596552074, 0.0339301526546, 0.0384492315352, 0.0542764775455, 0.0801179111004, 0.0834097415209, 0.0772320851684]}, "key_strength": 0.701283991337, "chords_strength": {"dvar": 0.000382379541406, "mean": 0.49763289094, "min": -1, "median": 0.494879245758, "dvar2": 0.000382156635169, "var": 0.0107826068997, "dmean2": 0.00787669699639, "max": 0.779975950718, "dmean": 0.00972975324839}, "tuning_equal_tempered_deviation": 0.163605168462, "chords_key": "E", "tuning_frequency": 434.193115234, "chords_scale": "major", "chords_changes_rate": 0.0610197372735, "key_scale": "major", "tuning_diatonic_strength": 0.557721614838, "hpcp_entropy": {"dvar": 0.232420757413, "mean": 1.55028665066, "min": 0, "median": 1.6229724884, "dvar2": 0.58585268259, "var": 0.566639065742, "dmean2": 0.83208411932, "max": 4.31875610352, "dmean": 0.497635394335}, "chords_histogram": [25.1151313782, 9.24342060089, 16.0032901764, 1.13486838341, 1.84210526943, 2.03947377205, 7.28618431091, 0.70723682642, 0.625, 0.263157904148, 0.42763158679, 0, 0, 0.608552634716, 0.394736856222, 1.61184215546, 0.11513157934, 2.36842107773, 0.526315808296, 0.444078952074, 0.279605269432, 1.94078946114, 7.71381568909, 19.3092098236], "tuning_nontempered_energy_ratio": 0.91751909256, "key_key": "E"}, "metadata": {"version": {"extractor": "music 1.0", "essentia_build_sha": "26c37b627ab5a2028d412893e0969599b764ad4d", "essentia": "2.1-beta2", "essentia_git_sha": "v2.1_beta2"}, "audio_properties": {"sample_rate": 44100, "length": 282.279174805, "lossless": false, "analysis_sample_rate": 44100, "downmix": "mix", "bit_rate": 128012, "equal_loudness": 0, "md5_encoded": "e5f41aa8642c7fb69fb8703e42ddbf14", "codec": "mp3", "replay_gain": -10.8518009186}, "tags": {"genre": ["Folk", "Vocal", "Piano", "Adult Alternative"], "musicbrainz_recordingid": ["3d81a865-7f51-46dc-bb61-a5817028f032"], "title": ["The Day You Went Away"], "artist": ["Wendy Matthews"], "discnumber": ["1/1"], "artistsort": ["Matthews, Wendy"], "musicbrainz_artistid": ["e37ec83a-c552-45b7-993f-8dbd206ff539"], "tracknumber": ["19/19"], "musicbrainz_albumartistid": ["89ad4ac3-39f7-470e-963a-56509c546377"], "musicbrainz album status": ["official"], "originalyear": ["1994"], "date": ["1994"], "albumartistsort": ["Various Artists"], "musicbrainz_releasegroupid": ["d6287cd1-3493-3d31-8beb-e6a771626082"], "musicbrainz album release country": ["AU"], "musicbrainz_albumid": ["640941ad-39c7-4540-acc6-dce4549d20f1"], "musicbrainz album type": ["album", "compilation"], "script": ["Latn"], "originaldate": ["1994"], "file_name": "19 Wendy Matthews - The Day You Went Away.mp3", "contentgroup": ["Pop"], "album": ["100% Hits: Best of 1993"], "albumartist": ["Various Artists"]}}, "lowlevel": {"melbands": {"dvar": [5.13731993124e-06, 5.08036873725e-06, 2.85134618139e-08, 2.7044261941e-08, 1.22395348967e-07, 1.92071183847e-07, 9.67676356822e-08, 1.0836669162e-07, 1.5218728322e-07, 1.8651469702e-07, 1.86142031566e-07, 1.75698161797e-07, 7.33698612976e-08, 1.54774273398e-08, 7.76339348363e-08, 8.58829984907e-09, 9.14630415849e-09, 1.86134627711e-08, 7.79701814224e-09, 4.67757965694e-09, 1.59163848767e-09, 2.22699469976e-10, 4.71811721636e-11, 7.70230337843e-11, 3.11063362568e-11, 5.12226407123e-11, 4.98366174717e-11, 5.09154732264e-11, 4.3096172464e-11, 1.27950029044e-11, 9.22727432656e-12, 1.57354077684e-11, 7.61440563379e-12, 1.16150656801e-11, 4.69747851728e-11, 4.36045331786e-11, 3.13090178783e-11, 9.13456289775e-12, 5.09531869822e-12, 5.17332964661e-12], "mean": [0.00108212931082, 0.000589558389038, 0.000180177215952, 0.000188400095794, 0.000515263644047, 0.00052625068929, 0.000247856078204, 0.000156133042765, 0.000211433609365, 0.000231543832342, 0.000185189535841, 0.000220895279199, 0.000171227191458, 4.86154895043e-05, 5.99386185058e-05, 2.21895643335e-05, 2.76169212157e-05, 3.46930100932e-05, 2.30456989812e-05, 1.57150916493e-05, 6.97941504768e-06, 3.34496871801e-06, 2.17130923374e-06, 3.36061020789e-06, 2.72860120276e-06, 3.84412533094e-06, 3.33284810949e-06, 2.36512460106e-06, 1.65063056556e-06, 6.50306674288e-07, 4.72769499993e-07, 4.8944059472e-07, 3.84030641953e-07, 5.39682787348e-07, 9.79427909442e-07, 1.02672333924e-06, 8.92203786407e-07, 5.24410438629e-07, 2.61293280346e-07, 1.9713631616e-07], "min": [6.50345657038e-25, 1.18316888718e-24, 1.78923908496e-24, 2.98817710442e-24, 2.13116177243e-24, 2.48714275009e-24, 1.34161633316e-24, 3.04929232811e-24, 2.38576623516e-24, 2.16775860754e-24, 3.04052473079e-24, 1.93928102078e-24, 2.10013705632e-24, 3.04899413869e-24, 1.89908027462e-24, 4.40471254382e-24, 5.69198365756e-24, 2.9581159819e-24, 2.85159964374e-24, 4.16395968972e-24, 4.05884989056e-24, 4.72960254105e-24, 5.21529236748e-24, 3.98022570185e-24, 3.78796807191e-24, 4.64285505717e-24, 4.26335419163e-24, 6.06099898396e-24, 5.5928889228e-24, 4.36038526626e-24, 6.87354938217e-24, 4.89672232939e-24, 5.5365102172e-24, 6.21801425297e-24, 6.85882371565e-24, 6.69501359323e-24, 6.07946858433e-24, 5.94975460797e-24, 6.27008420031e-24, 6.46275401008e-24], "median": [0.000104190345155, 0.000206568656722, 0.000108955908217, 4.71581879538e-05, 0.000234177627135, 0.000143575976836, 3.9065904275e-05, 1.94810672838e-05, 1.9393828552e-05, 1.48677409015e-05, 7.6095084296e-06, 7.55965038479e-06, 7.07703020453e-06, 3.40915266861e-06, 4.95717949889e-06, 1.6363760551e-06, 1.0903582961e-06, 1.11372537503e-06, 1.21581251733e-06, 9.53013341132e-07, 5.89441185639e-07, 2.53775738202e-07, 1.97235351607e-07, 1.58859393196e-07, 1.95686467919e-07, 1.31999840391e-07, 7.71015464807e-08, 9.00738612586e-08, 4.96597003519e-08, 2.45521967202e-08, 1.20354242128e-08, 7.79456854616e-09, 3.9002632235e-09, 6.2355720587e-09, 8.28976887135e-09, 7.53672146914e-09, 4.38279013082e-09, 2.33140018402e-09, 1.12715325962e-09, 4.58481252963e-10], "dvar2": [1.31174683702e-05, 1.36873577503e-05, 7.92107570646e-08, 5.86787862744e-08, 2.76821282341e-07, 3.75013854637e-07, 2.08521100831e-07, 1.74749658299e-07, 2.78503108575e-07, 3.44770199945e-07, 4.21686337404e-07, 3.25776738919e-07, 1.50288201439e-07, 2.31880239454e-08, 1.36319883381e-07, 1.59140221001e-08, 1.75032202065e-08, 4.0408188795e-08, 1.69931677618e-08, 9.63415391908e-09, 3.41640138402e-09, 4.36808617055e-10, 1.23202018032e-10, 1.31149230365e-10, 6.92495852328e-11, 1.18878185074e-10, 1.17467119365e-10, 1.09014110239e-10, 9.06404534762e-11, 2.75267690586e-11, 2.14222650036e-11, 3.7660454616e-11, 1.69834233482e-11, 2.28783988282e-11, 1.02615090036e-10, 9.2347192393e-11, 6.61320512241e-11, 1.82962412582e-11, 1.08648741046e-11, 9.36163906812e-12], "var": [8.39111180539e-06, 3.76907087229e-06, 5.87239377126e-08, 1.4161371098e-07, 5.68247912724e-07, 1.07710332031e-06, 4.63691634423e-07, 3.52251475988e-07, 4.38495135313e-07, 5.6637736634e-07, 5.39424149792e-07, 6.85565737513e-07, 4.22272165679e-07, 5.89658881722e-08, 1.92823861767e-07, 2.06470271991e-08, 2.40463844392e-08, 3.68163526332e-08, 1.49880818867e-08, 8.71033467575e-09, 2.19954943148e-09, 6.00479277413e-10, 1.27358026902e-10, 4.16335715903e-10, 9.51596856869e-11, 1.6578682871e-10, 1.68103281295e-10, 9.17472139927e-11, 7.24864335222e-11, 2.20315137661e-11, 1.50942158078e-11, 2.11834213365e-11, 1.23599385934e-11, 2.24289996298e-11, 6.98015811817e-11, 7.44174860623e-11, 5.35649961886e-11, 1.77004869095e-11, 7.64473380432e-12, 7.89945539537e-12], "dmean2": [0.000952628673986, 0.000848391791806, 0.000114249298349, 0.000105929466372, 0.000270333199296, 0.000268645613687, 0.000133469613502, 9.96367962216e-05, 0.000130303291371, 0.00014103022113, 0.000113028450869, 0.00013169797603, 9.55310533755e-05, 2.9892558814e-05, 4.04193342547e-05, 1.65936489793e-05, 2.21406226046e-05, 3.07948648697e-05, 2.00419726752e-05, 1.43209354064e-05, 6.85552095092e-06, 2.47455022873e-06, 1.5701822349e-06, 2.26164115702e-06, 2.02789806281e-06, 2.59241414824e-06, 2.08946971725e-06, 1.99155465452e-06, 1.62304502282e-06, 6.50731522001e-07, 4.99063844472e-07, 5.25598295553e-07, 3.92783107372e-07, 5.20375863289e-07, 1.02975764094e-06, 1.00288389149e-06, 9.06511445464e-07, 5.10645463692e-07, 2.86141130346e-07, 2.17891027887e-07], "max": [0.037822842598, 0.0399285778403, 0.00349761196412, 0.00497520063072, 0.00872543267906, 0.0159644950181, 0.0147236520424, 0.0194685645401, 0.0149327274412, 0.0197594258934, 0.0200065206736, 0.0150198787451, 0.00834112800658, 0.00943962670863, 0.0183983147144, 0.0081883976236, 0.00592541135848, 0.0056711807847, 0.0044104969129, 0.00385766359977, 0.00230813911185, 0.000956691976171, 0.000360612961231, 0.000794014311396, 0.000191327999346, 0.000208970232052, 0.000343166786479, 0.000288804905722, 0.000268112373305, 0.00018033797096, 0.000187297831872, 0.000221317866817, 0.00017798593035, 0.000192588166101, 0.000299241539324, 0.000419233721914, 0.000297462480376, 0.000138417075505, 0.000106962164864, 0.000145762634929], "dmean": [0.00057405885309, 0.000496704422403, 6.84958868078e-05, 7.03776822775e-05, 0.000180330927833, 0.000188185178558, 9.04317057575e-05, 7.1316921094e-05, 9.59590252023e-05, 0.000103036909422, 8.09749690234e-05, 9.8695338238e-05, 6.62684178678e-05, 2.2033951609e-05, 2.93036191579e-05, 1.15029661174e-05, 1.55577527039e-05, 2.13284856727e-05, 1.35626787596e-05, 9.81619814411e-06, 4.58203521703e-06, 1.72078580363e-06, 1.03230354398e-06, 1.59030014402e-06, 1.36118944738e-06, 1.72130660303e-06, 1.42032706663e-06, 1.35510026666e-06, 1.06822074031e-06, 4.26881115345e-07, 3.35544939389e-07, 3.62154196409e-07, 2.67532129783e-07, 3.70325608401e-07, 6.90026297434e-07, 6.90687897986e-07, 6.08707921401e-07, 3.52151062089e-07, 1.95917991164e-07, 1.61840603141e-07]}, "spectral_decrease": {"dvar": 1.02373940561e-17, "mean": -4.33901936603e-09, "min": -5.0873921964e-08, "median": -2.1735642175e-09, "dvar2": 2.47095127884e-17, "var": 2.96751110928e-17, "dmean2": 1.95356086863e-09, "max": 1.50790745181e-28, "dmean": 1.32113198159e-09}, "spectral_rolloff": {"dvar": 517374.96875, "mean": 836.782287598, "min": 21.533203125, "median": 495.263671875, "dvar2": 933917.375, "var": 2559007.75, "dmean2": 291.247009277, "max": 19358.3496094, "dmean": 176.767349243}, "melbands_crest": {"dvar": 6.33945274353, "mean": 16.4700088501, "min": 1.5987701416, "median": 15.0701808929, "dvar2": 14.5469198227, "var": 43.741230011, "dmean2": 4.01754331589, "max": 39.8598976135, "dmean": 2.57414388657}, "barkbands_skewness": {"dvar": 0.52086776495, "mean": 1.60982704163, "min": -4.68425178528, "median": 1.3898370266, "dvar2": 1.19784224033, "var": 3.43596172333, "dmean2": 0.730544447899, "max": 22.4322471619, "dmean": 0.473088592291}, "spectral_centroid": {"dvar": 70953.3359375, "mean": 723.531860352, "min": 54.9049491882, "median": 520.340454102, "dvar2": 120575.171875, "var": 691985.25, "dmean2": 141.714477539, "max": 11644.2763672, "dmean": 98.7993621826}, "spectral_energyband_middle_low": {"dvar": 2.07471239264e-05, "mean": 0.00809971615672, "min": 2.03432321141e-22, "median": 0.00415608938783, "dvar2": 3.83330079785e-05, "var": 0.000113311056339, "dmean2": 0.00310810306109, "max": 0.113381616771, "dmean": 0.00225656782277}, "erbbands_crest": {"dvar": 5.30816841125, "mean": 12.575463295, "min": 1.92156589031, "median": 11.7742824554, "dvar2": 12.4411182404, "var": 25.7557888031, "dmean2": 3.47941446304, "max": 32.0385246277, "dmean": 2.21802449226}, "dynamic_complexity": 7.40992307663, "spectral_energyband_low": {"dvar": 0.000111684807052, "mean": 0.00478799594566, "min": 2.44518876056e-23, "median": 0.00140360440128, "dvar2": 0.000296863232506, "var": 0.000137901064591, "dmean2": 0.00424578366801, "max": 0.191468328238, "dmean": 0.00255290837958}, "silence_rate_60dB": {"dvar": 0.0304328966886, "mean": 0.264517188072, "min": 0, "median": 0, "dvar2": 0.0674595311284, "var": 0.194533497095, "dmean2": 0.0628496184945, "max": 1, "dmean": 0.0314222276211}, "erbbands_kurtosis": {"dvar": 68.2784729004, "mean": 4.20755910873, "min": -1.85133647919, "median": 1.40060424805, "dvar2": 198.868667603, "var": 156.584518433, "dmean2": 3.80273747444, "max": 196.188217163, "dmean": 2.35071325302}, "spectral_complexity": {"dvar": 2.22717857361, "mean": 7.95451545715, "min": 0, "median": 7, "dvar2": 4.5389251709, "var": 28.402671814, "dmean2": 1.90671277046, "max": 39, "dmean": 1.18746399879}, "barkbands_crest": {"dvar": 4.79436445236, "mean": 12.7186365128, "min": 3.59081578255, "median": 11.9161548615, "dvar2": 11.9834022522, "var": 21.0396556854, "dmean2": 3.46779847145, "max": 26.8797187805, "dmean": 2.16064429283}, "spectral_energy": {"dvar": 0.000153854009113, "mean": 0.0174039173871, "min": 1.02717172048e-20, "median": 0.00871398672462, "dvar2": 0.000367231754353, "var": 0.000475867564091, "dmean2": 0.00772332353517, "max": 0.193410545588, "dmean": 0.00524637056515}, "spectral_spread": {"dvar": 503306911744, "mean": 2956058.75, "min": 405818.6875, "median": 2652355, "dvar2": 878768357376, "var": 8423020691460.0, "dmean2": 550170.6875, "max": 47969128, "dmean": 364362.8125}, "spectral_contrast_valleys": {"dvar": [0.11863271147, 0.101310424507, 0.0897216275334, 0.0769652873278, 0.0850137248635, 0.105784922838], "mean": [-8.13688087463, -7.74995803833, -8.76651287079, -9.55775737762, -10.1660356522, -12.9745502472], "min": [-27.9738311768, -27.6145076752, -27.6887073517, -27.8045578003, -27.463766098, -27.4041423798], "median": [-7.97623872757, -7.43377113342, -8.39167976379, -9.14213752747, -9.60149669647, -12.746088028], "dvar2": [0.265497267246, 0.216495811939, 0.188796415925, 0.150585085154, 0.151940435171, 0.213557988405], "var": [2.7065486908, 3.16377854347, 3.42867994308, 3.52460741997, 4.27728319168, 4.53855895996], "dmean2": [0.586659491062, 0.488536596298, 0.459182292223, 0.406796813011, 0.352347463369, 0.424560070038], "max": [-5.37518978119, -4.88436603546, -5.69308519363, -6.0141582489, -6.21622610092, -7.35876655579], "dmean": [0.351923674345, 0.298011213541, 0.27961486578, 0.255221128464, 0.235033616424, 0.287400722504]}, "spectral_rms": {"dvar": 7.45444481254e-07, "mean": 0.00341227534227, "min": 3.16562596449e-12, "median": 0.0029157246463, "dvar2": 1.5771317976e-06, "var": 5.33580896445e-06, "dmean2": 0.00070823263377, "max": 0.013736564666, "dmean": 0.000498358684126}, "barkbands_spread": {"dvar": 30.4356174469, "mean": 9.13534832001, "min": 0.0445939190686, "median": 6.92187976837, "dvar2": 57.481918335, "var": 97.1436080933, "dmean2": 3.36840772629, "max": 111.796318054, "dmean": 2.24176216125}, "pitch_salience": {"dvar": 0.00343030365184, "mean": 0.498338192701, "min": 0.00847774837166, "median": 0.511784553528, "dvar2": 0.00833090767264, "var": 0.019528483972, "dmean2": 0.0908807441592, "max": 0.840023934841, "dmean": 0.0567671880126}, "erbbands_skewness": {"dvar": 0.218680515885, "mean": 1.07646965981, "min": -4.54180431366, "median": 0.931090354919, "dvar2": 0.511874318123, "var": 1.44435060024, "dmean2": 0.543353617191, "max": 10.487361908, "dmean": 0.360801815987}, "spectral_energyband_middle_high": {"dvar": 2.26727406698e-05, "mean": 0.0045426231809, "min": 1.19296165657e-21, "median": 0.000377316493541, "dvar2": 4.18440140493e-05, "var": 0.000138390489155, "dmean2": 0.00193238200154, "max": 0.145654171705, "dmean": 0.00143572874367}, "erbbands": {"dvar": [0.0435931384563, 6.11828231812, 8.98320960999, 1.04887938499, 1.18504166603, 18.9597740173, 143.492355347, 420.197784424, 479.953826904, 1049.08178711, 1685.34643555, 5198.15478516, 6730.75732422, 9015.58300781, 3278.85986328, 2732.53515625, 2830.83984375, 2222.8605957, 4795.60546875, 2886.76245117, 1299.77514648, 152.783004761, 61.3097381592, 33.9450683594, 95.30443573, 87.4857559204, 69.2385025024, 23.9656600952, 39.6358947754, 24.6999359131, 129.482498169, 75.7518539429, 16.4944171906, 5.04440259933, 3.57375240326, 0.989466249943, 0.0365427695215, 0.00056092638988, 2.86310353204e-07, 6.07841721401e-10], "mean": [0.147104725242, 0.537471473217, 0.973850548267, 1.05446875095, 1.09295129776, 5.18722915649, 15.9868202209, 22.7272396088, 17.24634552, 15.4964790344, 20.6720199585, 38.603717804, 36.3549346924, 52.657787323, 37.2160758972, 21.2635440826, 13.9750442505, 14.4360799789, 19.5769233704, 15.3438749313, 7.31257390976, 3.22824597359, 3.26100492477, 3.56257271767, 5.3728966713, 3.73536682129, 2.16872525215, 0.903997838497, 0.832422852516, 0.876388788223, 1.70242035389, 1.51439893246, 0.68198543787, 0.253125101328, 0.220615759492, 0.120209775865, 0.029116557911, 0.00415439717472, 0.000102713071101, 2.37445874518e-05], "min": [8.59817050379e-23, 1.97878879208e-22, 4.11700877123e-21, 8.11604736995e-21, 1.36626310348e-20, 3.92168267116e-20, 5.73363731259e-20, 9.55499396144e-20, 9.02297917955e-20, 2.0395248234e-19, 3.02506489907e-19, 3.36237907161e-19, 6.22664186906e-19, 5.73841660708e-19, 8.59300345931e-19, 1.01856270254e-18, 1.91755520677e-18, 3.00129209016e-18, 2.07323142523e-18, 3.64393449832e-18, 4.12956892722e-18, 5.30145141746e-18, 5.44707780507e-18, 5.64636670774e-18, 7.60930476523e-18, 9.29250316085e-18, 9.11242180559e-18, 1.15420712947e-17, 9.88984088686e-18, 1.33000492992e-17, 1.21926852424e-17, 1.17120089341e-17, 9.33316653258e-18, 8.96131245129e-18, 6.36052260217e-18, 4.50136841459e-18, 2.53968829202e-18, 9.33269111052e-19, 2.6575278734e-19, 2.93311847486e-20], "median": [0.0104859154671, 0.0923011302948, 0.358326792717, 0.64431476593, 0.399682998657, 1.39898252487, 6.82022857666, 5.87630271912, 3.1278219223, 2.68196821213, 2.65898060799, 2.8595957756, 2.36535692215, 2.06066560745, 2.17237925529, 1.88889551163, 1.53334999084, 0.71806293726, 0.827363193035, 1.07149386406, 0.629167199135, 0.319463729858, 0.225577265024, 0.260810136795, 0.166708737612, 0.142957985401, 0.0936281383038, 0.0311047509313, 0.0148294838145, 0.0123385116458, 0.0148212704808, 0.00951808318496, 0.00335043622181, 0.00111039029434, 0.000639410573058, 0.000336870463798, 9.00603627088e-05, 2.99103376165e-05, 6.82193285684e-06, 1.04936189018e-05], "dvar2": [0.0874368175864, 16.89610672, 23.7999134064, 2.97441840172, 2.93550801277, 39.0937004089, 329.819671631, 791.42956543, 1067.44030762, 1645.03405762, 3110.49194336, 9418.14453125, 15589.9521484, 17063.875, 6434.7421875, 5038.46289062, 5018.08740234, 4000.45336914, 10571.5507812, 5826.53173828, 2934.59228516, 307.211395264, 112.147972107, 74.4887161255, 234.53062439, 186.197860718, 143.538955688, 50.443157196, 92.0321273804, 45.9566726685, 269.867767334, 151.11114502, 32.6256370544, 8.67505931854, 5.48731994629, 1.88584923744, 0.0622928179801, 0.000904661195818, 4.60715455119e-07, 1.04373154564e-09], "var": [0.135142445564, 4.52940559387, 6.96780157089, 1.91690254211, 4.7934422493, 105.100448608, 616.997192383, 2301.51049805, 2300.12573242, 3474.22265625, 4441.51855469, 16042.4228516, 18584.7714844, 37022.6367188, 16751.5234375, 11572.0966797, 5647.76513672, 6552.01269531, 10903.7353516, 5402.51416016, 1748.53625488, 404.791687012, 410.339233398, 125.21157074, 356.853485107, 184.345062256, 120.570358276, 45.3922042847, 57.5225486755, 52.0895233154, 205.013442993, 147.21661377, 31.5720996857, 8.70523166656, 7.45470714569, 2.20172810555, 0.108841046691, 0.00175477261655, 8.91913430223e-07, 2.05505568118e-09], "dmean2": [0.0942168682814, 0.900171041489, 1.24390363693, 0.681441962719, 0.671920895576, 2.82096552849, 8.74321842194, 11.6756038666, 9.07783794403, 9.3989276886, 13.2737503052, 23.1299762726, 21.6217765808, 30.340970993, 20.376531601, 11.6896114349, 9.55837440491, 10.6276082993, 16.166261673, 12.3134498596, 6.34394407272, 2.09846711159, 1.88473415375, 2.26731753349, 3.11056375504, 2.62778615952, 1.93267035484, 0.824083328247, 0.832421898842, 0.772917091846, 1.67561364174, 1.38637959957, 0.644678115845, 0.247217148542, 0.199411690235, 0.11012391746, 0.0225945711136, 0.00322557915933, 7.34486602596e-05, 1.09242146209e-05], "max": [3.87729334831, 41.7152099609, 52.1991577148, 22.911113739, 34.0831985474, 119.962753296, 304.105743408, 799.244018555, 941.205749512, 2118.62475586, 1341.20532227, 3114.36132812, 3938.10693359, 3130.6105957, 2402.91821289, 2952.05761719, 3327.54541016, 3636.24194336, 3072.83398438, 2907.74145508, 2206.359375, 776.943603516, 820.144775391, 188.946640015, 468.713409424, 440.938323975, 386.043731689, 264.785247803, 373.029510498, 235.546051025, 528.678588867, 446.367919922, 181.579330444, 128.698654175, 101.353134155, 81.5667419434, 15.3960790634, 1.7439391613, 0.0392672456801, 0.00160866044462], "dmean": [0.0611995384097, 0.516944825649, 0.731136143208, 0.406004041433, 0.422984063625, 1.9056276083, 5.80516290665, 8.28373527527, 6.14645862579, 6.77890491486, 9.6680765152, 16.9388141632, 15.5034313202, 22.6709518433, 14.2626838684, 8.76143932343, 6.67701673508, 7.4963312149, 11.1789312363, 8.61822032928, 4.35574626923, 1.50328099728, 1.32633006573, 1.53706419468, 2.07367944717, 1.81512498856, 1.28885424137, 0.565274357796, 0.580765485764, 0.570703804493, 1.14371192455, 0.966224193573, 0.451432973146, 0.187384188175, 0.155648708344, 0.0782951787114, 0.016694586724, 0.00241692503914, 5.60730804864e-05, 7.69726830185e-06]}, "dissonance": {"dvar": 0.00089372950606, "mean": 0.407430738211, "min": 0.130409255624, "median": 0.412819981575, "dvar2": 0.00247399741784, "var": 0.00265882676467, "dmean2": 0.0554010570049, "max": 0.499999970198, "dmean": 0.032708004117}, "erbbands_flatness_db": {"dvar": 0.000281621236354, "mean": 0.247724071145, "min": 0.0258081983775, "median": 0.247317939997, "dvar2": 0.000587738060858, "var": 0.0039166607894, "dmean2": 0.0210707001388, "max": 0.453833460808, "dmean": 0.0143463686109}, "melbands_kurtosis": {"dvar": 329.053192139, "mean": 14.4753065109, "min": -1.87963700294, "median": 6.2609128952, "dvar2": 788.103820801, "var": 2202.74438477, "dmean2": 9.23204994202, "max": 949.95098877, "dmean": 5.80199480057}, "melbands_spread": {"dvar": 98.4963531494, "mean": 12.2604351044, "min": 0.0589616671205, "median": 8.29862308502, "dvar2": 158.083328247, "var": 381.883087158, "dmean2": 4.51271390915, "max": 263.314331055, "dmean": 3.11113572121}, "melbands_skewness": {"dvar": 0.558122754097, "mean": 2.08222317696, "min": -2.39935779572, "median": 1.78875303268, "dvar2": 1.22701478004, "var": 4.59670686722, "dmean2": 0.822182178497, "max": 29.7204914093, "dmean": 0.533043444157}, "spectral_entropy": {"dvar": 0.0357446074486, "mean": 6.42130565643, "min": 3.66257786751, "median": 6.42343139648, "dvar2": 0.0715018287301, "var": 0.527214646339, "dmean2": 0.222457662225, "max": 9.82574176788, "dmean": 0.151875123382}, "zerocrossingrate": {"dvar": 0.000192034160136, "mean": 0.0324900224805, "min": 0, "median": 0.02294921875, "dvar2": 0.000168271362782, "var": 0.00205273227766, "dmean2": 0.00588452024385, "max": 0.51953125, "dmean": 0.005191356875}, "average_loudness": 0.453418463469, "spectral_contrast_coeffs": {"dvar": [0.001089868485, 0.00119306438137, 0.000947542139329, 0.00063408020651, 0.000378340308089, 0.000299923209241], "mean": [-0.679005384445, -0.672655105591, -0.721086025238, -0.747923493385, -0.767463207245, -0.79766279459], "min": [-0.974190533161, -0.979246020317, -0.983299672604, -0.975342035294, -0.965981662273, -0.9661667943], "median": [-0.680760800838, -0.677018523216, -0.736948251724, -0.750352740288, -0.766729950905, -0.798659443855], "dvar2": [0.00288183498196, 0.00275829224847, 0.00205806852318, 0.00136763218325, 0.000793072395027, 0.000753946835175], "var": [0.00837868638337, 0.0111884372309, 0.0104923555627, 0.00681455666199, 0.00564890401438, 0.00308870174922], "dmean2": [0.0657318532467, 0.0594189986587, 0.0511942431331, 0.0425038523972, 0.0323434434831, 0.0298742819577], "max": [-0.370753914118, -0.303773492575, -0.395885258913, -0.398099809885, -0.505384385586, -0.588682115078], "dmean": [0.0396756902337, 0.0371652431786, 0.0326298214495, 0.0270295776427, 0.0208634734154, 0.0185574349016]}, "barkbands_flatness_db": {"dvar": 0.000577384606004, "mean": 0.256400763988, "min": 0.0344424508512, "median": 0.239491850138, "dvar2": 0.00133533531334, "var": 0.0104351965711, "dmean2": 0.0288656000048, "max": 0.812255203724, "dmean": 0.0187067575753}, "silence_rate_30dB": {"dvar": 0.00718684820458, "mean": 0.994735956192, "min": 0, "median": 1, "dvar2": 0.0193696264178, "var": 0.00523618236184, "dmean2": 0.0144784469157, "max": 1, "dmean": 0.00723862787709}, "spectral_energyband_high": {"dvar": 8.40045174755e-07, "mean": 0.000251418445259, "min": 7.10534898369e-21, "median": 6.31886541669e-06, "dvar2": 1.27444843656e-06, "var": 2.23510483011e-06, "dmean2": 0.000173232794623, "max": 0.0345212295651, "dmean": 0.000134159447043}, "melbands_flatness_db": {"dvar": 0.000751383427996, "mean": 0.35192990303, "min": 0.00303426827304, "median": 0.335180163383, "dvar2": 0.00164053495973, "var": 0.0170685593039, "dmean2": 0.0312219131738, "max": 0.970191657543, "dmean": 0.0206364747137}, "barkbands": {"dvar": [3.46807070173e-07, 9.04377666302e-05, 3.0813343983e-06, 7.86168996569e-08, 1.00079978438e-06, 4.74271610074e-06, 2.70789996648e-06, 2.53079269896e-06, 8.58717157826e-06, 1.17574591059e-05, 5.36937113793e-06, 2.02812998396e-06, 3.01863155983e-06, 1.797839559e-06, 1.36284165819e-06, 6.41344797714e-07, 3.83686931116e-08, 1.97087963727e-08, 3.07743270866e-08, 3.54770293143e-08, 2.41062316775e-08, 2.39318875828e-08, 1.13902324017e-07, 9.19603664329e-08, 5.17830649471e-08, 2.09805630647e-08, 3.98624848408e-11], "mean": [0.000462446507299, 0.00335773150437, 0.000797978078481, 0.000306129979435, 0.00124850089196, 0.00279140216298, 0.00116695859469, 0.000600714411121, 0.00180182221811, 0.00134335935581, 0.00133627606556, 0.000558272004128, 0.000293282006169, 0.000356126576662, 0.000320833496517, 0.000167257676367, 5.18485539942e-05, 5.67624556425e-05, 9.95530353975e-05, 7.54183201934e-05, 3.28419519064e-05, 2.20534002437e-05, 5.30516481376e-05, 5.61146371183e-05, 2.62374451268e-05, 2.01785005629e-05, 7.7589504599e-07], "min": [4.29920220053e-25, 1.24534424132e-24, 2.33765479184e-24, 1.03572417728e-24, 1.15363444764e-23, 1.6350762581e-23, 6.19741827802e-24, 1.02468771739e-23, 1.74716818625e-23, 1.30484062383e-23, 1.46772777898e-23, 2.21059383358e-23, 3.81760810047e-23, 5.53237997816e-23, 3.60511831823e-23, 6.0531291498e-23, 7.95352851818e-23, 8.67732985573e-23, 1.26984795314e-22, 2.00834949279e-22, 2.69604359386e-22, 3.05826681209e-22, 3.3574758212e-22, 6.14886202759e-22, 1.01604678747e-21, 1.33388043653e-21, 2.04622127859e-21], "median": [2.6025238185e-05, 0.000410043314332, 0.000337541161571, 0.000107640895294, 0.00031465489883, 0.000799504923634, 0.000180347444257, 5.8737314248e-05, 0.000122638128232, 3.33284042426e-05, 4.04152451665e-05, 3.89523447666e-05, 2.29470297199e-05, 1.37221422847e-05, 1.64093580679e-05, 1.18852804007e-05, 4.44592569693e-06, 3.52731512976e-06, 4.13365523855e-06, 2.79536743619e-06, 1.26841587189e-06, 3.37930316618e-07, 5.43684677723e-07, 2.91644255412e-07, 9.08084203388e-08, 5.83135779664e-08, 4.35927560716e-09], "dvar2": [6.08048082995e-07, 0.000242338777753, 8.36296931084e-06, 2.23078671979e-07, 2.15252248381e-06, 9.74944850896e-06, 5.14528119311e-06, 4.76671448268e-06, 1.56825135491e-05, 2.35031493503e-05, 1.04989667307e-05, 3.7319061903e-06, 5.75694593863e-06, 3.84080567528e-06, 3.02815692521e-06, 1.39982330438e-06, 7.63566418982e-08, 3.87586425177e-08, 7.34551690584e-08, 7.25845339389e-08, 5.10864062164e-08, 5.3447159587e-08, 2.31308717957e-07, 1.76865455614e-07, 8.12701159703e-08, 3.81874762923e-08, 9.52699724666e-11], "var": [1.27695045649e-06, 0.000100743534858, 2.5835379347e-06, 3.26194196987e-07, 5.38658605365e-06, 2.57175415754e-05, 1.14285357995e-05, 6.40092093818e-06, 2.93414632324e-05, 3.61638740287e-05, 2.80874828604e-05, 7.90711146692e-06, 4.27807435699e-06, 3.51380481334e-06, 3.24147595165e-06, 1.01404623365e-06, 1.02513368461e-07, 1.02175690131e-07, 1.04505424758e-07, 7.72170167807e-08, 4.31374012066e-08, 3.82013851663e-08, 1.94132454112e-07, 1.91525757032e-07, 1.02117041934e-07, 5.55506538547e-08, 6.86296783292e-11], "dmean2": [0.000222444126848, 0.00370409525931, 0.000833835452795, 0.000198760608328, 0.000675834948197, 0.00148096634075, 0.000671582878567, 0.00047130821622, 0.00105003931094, 0.000875367200933, 0.000764294702094, 0.000333596341079, 0.000263485271716, 0.000319466373185, 0.000281791435555, 0.000160794064868, 3.97345065721e-05, 3.79863122362e-05, 6.64659528411e-05, 5.81185631745e-05, 3.18767670251e-05, 2.18872537516e-05, 5.05475582031e-05, 5.09570636495e-05, 2.43256145041e-05, 1.65387100424e-05, 8.33378692278e-07], "max": [0.0112175885588, 0.164304956794, 0.034496743232, 0.00762627925724, 0.0206436607987, 0.0703637599945, 0.0775831192732, 0.0554911196232, 0.100067406893, 0.131738647819, 0.080407500267, 0.0794568806887, 0.0957335606217, 0.0519914142787, 0.059552397579, 0.0378376618028, 0.0110525041819, 0.0121611952782, 0.00694358255714, 0.00777088990435, 0.0073238844052, 0.00913262460381, 0.017271662131, 0.0134675577283, 0.0125308493152, 0.0125236622989, 0.000346535263816], "dmean": [0.000175219058292, 0.002190354513, 0.000487591401907, 0.000118682983157, 0.000452336244052, 0.00101794290822, 0.000462960626464, 0.000333453208441, 0.000766822777223, 0.000631777918898, 0.0005366721889, 0.000242580557824, 0.000177070876816, 0.000221340262215, 0.000187845624168, 0.000107134379505, 2.70605996775e-05, 2.57772535406e-05, 4.3656786147e-05, 4.06194849347e-05, 2.07000084629e-05, 1.52124885062e-05, 3.52439856215e-05, 3.58183206117e-05, 1.88832618733e-05, 1.21308357848e-05, 5.63387288821e-07]}, "erbbands_spread": {"dvar": 59.8345298767, "mean": 20.2566986084, "min": 0.792935967445, "median": 17.4057617188, "dvar2": 119.819473267, "var": 210.18397522, "dmean2": 6.0101442337, "max": 154.016845703, "dmean": 4.02326440811}, "barkbands_kurtosis": {"dvar": 275.818267822, "mean": 9.93716907501, "min": -1.92427992821, "median": 3.92934584618, "dvar2": 765.752868652, "var": 996.022216797, "dmean2": 7.23375415802, "max": 515.604431152, "dmean": 4.41046190262}, "spectral_flux": {"dvar": 0.000886957510374, "mean": 0.0460826531053, "min": 6.49796605412e-11, "median": 0.03011248447, "dvar2": 0.00195779884234, "var": 0.00235442025587, "dmean2": 0.0277467500418, "max": 0.402933359146, "dmean": 0.0177930928767}, "silence_rate_20dB": {"dvar": 0, "mean": 1, "min": 1, "median": 1, "dvar2": 0, "var": 0, "dmean2": 0, "max": 1, "dmean": 0}, "gfcc": {"cov": [[30864.546875, -4340.36474609, -4301.20654297, 235.509170532, -2895.44848633, 737.475036621, -926.812561035, 458.709594727, -1062.08007812, 388.158050537, -326.749267578, 67.1397171021, -103.212509155], [-4340.36474609, 3971.22314453, 158.082519531, -621.25, 1426.77319336, -661.476196289, 284.345672607, -362.234100342, 385.824829102, -301.166992188, 280.445220947, -166.111465454, 100.742553711], [-4301.20654297, 158.082519531, 1623.47351074, 364.53894043, 262.73651123, 121.335845947, 112.054679871, -28.80884552, 128.698577881, 10.7592334747, -17.9155197144, 28.2628955841, 22.6947841644], [235.509170532, -621.25, 364.53894043, 604.590209961, -63.6615524292, 72.331993103, -0.137546256185, 46.6962928772, 2.54543209076, 53.8297538757, -65.9474029541, 34.1747550964, -9.30057239532], [-2895.44848633, 1426.77319336, 262.73651123, -63.6615524292, 966.981994629, -240.969146729, 184.95854187, -110.942634583, 229.765838623, -78.7630310059, 150.065338135, -35.176197052, 48.0139007568], [737.475036621, -661.476196289, 121.335845947, 72.331993103, -240.969146729, 383.452453613, 38.8899154663, 51.506061554, -42.9207305908, 72.4582290649, -23.2627696991, -15.2784852982, -13.0108594894], [-926.812561035, 284.345672607, 112.054679871, -0.137546256185, 184.95854187, 38.8899154663, 239.935821533, -0.631108164787, 75.4449996948, 1.82584428787, 59.2936286926, -23.3088340759, 21.553647995], [458.709594727, -362.234100342, -28.80884552, 46.6962928772, -110.942634583, 51.506061554, -0.631108164787, 197.473083496, 7.18006134033, 21.1131381989, -23.840221405, 36.7249221802, 7.8544459343], [-1062.08007812, 385.824829102, 128.698577881, 2.54543209076, 229.765838623, -42.9207305908, 75.4449996948, 7.18006134033, 201.03187561, 7.67069339752, 37.840549469, 5.25513648987, 32.2170066833], [388.158050537, -301.166992188, 10.7592334747, 53.8297538757, -78.7630310059, 72.4582290649, 1.82584428787, 21.1131381989, 7.67069339752, 138.153610229, 12.8298206329, 20.4778556824, -2.7171652317], [-326.749267578, 280.445220947, -17.9155197144, -65.9474029541, 150.065338135, -23.2627696991, 59.2936286926, -23.840221405, 37.840549469, 12.8298206329, 159.844970703, 18.679107666, 7.38957691193], [67.1397171021, -166.111465454, 28.2628955841, 34.1747550964, -35.176197052, -15.2784852982, -23.3088340759, 36.7249221802, 5.25513648987, 20.4778556824, 18.679107666, 119.140327454, 21.8789043427], [-103.212509155, 100.742553711, 22.6947841644, -9.30057239532, 48.0139007568, -13.0108594894, 21.553647995, 7.8544459343, 32.2170066833, -2.7171652317, 7.38957691193, 21.8789043427, 100.108589172]], "mean": [-163.119049072, 159.207305908, -99.8242950439, 0.740019738674, -43.1126480103, -0.00284580560401, -28.3633995056, 3.7925825119, -16.1861801147, 0.725733578205, -2.30421853065, -0.366142898798, -1.49814260006], "icov": [[0.000105817132862, -0.000139105002745, 0.000309590977849, -0.000278062972939, 0.000193755520741, -0.000298933417071, 0.000237216649111, -0.000167330756085, 0.00028845531051, -0.000232405116549, 6.95121025274e-06, -8.63745881361e-05, -9.74338690867e-05], [-0.000139105002745, 0.00150271155871, -0.000599366903771, 0.00127587560564, -0.00110399001278, 0.00158073753119, -0.000703329918906, 0.00123498763423, -0.00133477407508, 0.00151906884275, -0.000688668806106, 0.00128198158927, -0.000370318739442], [0.000309590977849, -0.000599366903771, 0.00178477971349, -0.00141890323721, 0.000402198929805, -0.0015098672593, 0.000641897378955, -0.000345096952515, 0.000649894704111, -0.000654741772451, 0.000415073154727, -0.000815058359876, -0.00019377177523], [-0.000278062972939, 0.00127587560564, -0.00141890323721, 0.00352563243359, -0.00112886098213, 0.00159431842621, -0.00100647390354, 0.000815247825813, -0.00123748963233, 0.000665466242936, 0.000443890981842, 0.0005080778501, 0.000252445257502], [0.000193755520741, -0.00110399001278, 0.000402198929805, -0.00112886098213, 0.00329656829126, -0.000110585591756, -0.000238042324781, -0.000287488423055, -0.000570693402551, -0.000417837465648, -0.000961308251135, -0.000146984457388, -0.00013156766363], [-0.000298933417071, 0.00158073753119, -0.0015098672593, 0.00159431842621, -0.000110585591756, 0.00598082831129, -0.00230535608716, 0.000814090890344, -0.00129355641548, 0.000273367826594, -0.000943784078117, 0.00250015594065, -0.000198746842216], [0.000237216649111, -0.000703329918906, 0.000641897378955, -0.00100647390354, -0.000238042324781, -0.00230535608716, 0.0067093372345, -0.00123506796081, -7.87913522799e-05, -0.000694770307746, -0.00139352609403, 0.000855720718391, -0.000897413643543], [-0.000167330756085, 0.00123498763423, -0.000345096952515, 0.000815247825813, -0.000287488423055, 0.000814090890344, -0.00123506796081, 0.00724914