{"tonal": {"chords_number_rate": 0.00183462188579, "thpcp": [1, 0.986341893673, 0.547718286514, 0.2976757586, 0.245173454285, 0.256408959627, 0.413945287466, 0.51397639513, 0.371142059565, 0.378125876188, 0.415171265602, 0.24333883822, 0.152703762054, 0.178973719478, 0.398311376572, 0.753459453583, 0.656955897808, 0.277787894011, 0.175358757377, 0.191543668509, 0.267632454634, 0.600727081299, 0.690875530243, 0.426436841488, 0.430164277554, 0.516765415668, 0.415497124195, 0.316218107939, 0.281178712845, 0.255973219872, 0.306902825832, 0.331511616707, 0.256452053785, 0.273045033216, 0.397551774979, 0.624421775341], "hpcp": {"dvar": [0.0456439293921, 0.0416761450469, 0.0408613681793, 0.0390325300395, 0.037834752351, 0.0356938429177, 0.0506180413067, 0.0717594623566, 0.0953923165798, 0.080119304359, 0.0746743306518, 0.0767804607749, 0.0527357198298, 0.0456554740667, 0.043252568692, 0.0428185500205, 0.0446627400815, 0.0440799333155, 0.0347963757813, 0.0335813425481, 0.0228892341256, 0.0260332394391, 0.0308800972998, 0.0441642031074, 0.0641570538282, 0.0398011691868, 0.0249229129404, 0.0214262418449, 0.0221556518227, 0.0251141600311, 0.0332735441625, 0.0390516258776, 0.0377847738564, 0.0498751848936, 0.0498956441879, 0.0470955073833], "mean": [0.0791942775249, 0.0704189389944, 0.0641064271331, 0.0768613368273, 0.0830244123936, 0.0642263516784, 0.0683819279075, 0.0995636358857, 0.156381398439, 0.250441938639, 0.247021377087, 0.137171626091, 0.0745504945517, 0.0614017136395, 0.0642155557871, 0.103669263422, 0.128721252084, 0.092949539423, 0.0946985781193, 0.103976294398, 0.0609422512352, 0.0382434278727, 0.044822525233, 0.0997538715601, 0.188697844744, 0.164529308677, 0.0695697367191, 0.0439171865582, 0.0479705668986, 0.0670263916254, 0.150447249413, 0.173024207354, 0.106797672808, 0.107731178403, 0.129419729114, 0.104057908058], "min": [0, 0, 0, 0, 0, 0, 0, 0, 0, 0, 0, 0, 0, 0, 0, 0, 0, 0, 0, 0, 0, 0, 0, 0, 0, 0, 0, 0, 0, 0, 0, 0, 0, 0, 0, 0], "median": [0.00495214667171, 0.00524451723322, 0.0045178309083, 0.00940927118063, 0.010910869576, 0.00700526684523, 0.00397624960169, 0.00425412552431, 0.0118804676458, 0.0397281982005, 0.0436561144888, 0.0175414364785, 0.0031015954446, 0.00203678943217, 0.00388209917583, 0.0131647977978, 0.0164114627987, 0.0123260077089, 0.016619855538, 0.0148110222071, 0.00728049874306, 0.00163740688004, 0.00183486077003, 0.00500806886703, 0.0136138610542, 0.0146779436618, 0.0066495812498, 0.00298597756773, 0.00293206842616, 0.00834257062525, 0.031084747985, 0.0374534986913, 0.0206356327981, 0.00826526712626, 0.00709939980879, 0.00519996182993], "dvar2": [0.128005295992, 0.115556962788, 0.115812055767, 0.10906495899, 0.10568087548, 0.101020000875, 0.145180270076, 0.208621203899, 0.281010150909, 0.225079700351, 0.205385148525, 0.22617200017, 0.150465503335, 0.128586754203, 0.122496262193, 0.120047450066, 0.120452918112, 0.123489156365, 0.09737739712, 0.0904044359922, 0.0627094879746, 0.0732635557652, 0.0885915458202, 0.128401979804, 0.183981373906, 0.110932983458, 0.072711057961, 0.0599560551345, 0.0619613751769, 0.0700061023235, 0.0912084281445, 0.104741081595, 0.104567795992, 0.144946932793, 0.142411977053, 0.137133359909], "var": [0.0395019873977, 0.0339120775461, 0.0308967474848, 0.032312694937, 0.0353019982576, 0.027467276901, 0.0369937196374, 0.0552276782691, 0.0809823125601, 0.125642344356, 0.123649150133, 0.0630308166146, 0.0376000255346, 0.0323545448482, 0.0325192324817, 0.0460525900126, 0.0625113174319, 0.0418933033943, 0.0353184491396, 0.0460546277463, 0.0219857934862, 0.018166910857, 0.020863968879, 0.0444429926574, 0.103317908943, 0.0777631402016, 0.0230063721538, 0.017095182091, 0.0191283375025, 0.0240471158177, 0.0657548457384, 0.0804566890001, 0.0409442782402, 0.05218186602, 0.0722033753991, 0.0565966404974], "dmean2": [0.179905280471, 0.164898410439, 0.158553093672, 0.163443818688, 0.164155781269, 0.150854632258, 0.182952806354, 0.267083495855, 0.381650626659, 0.356914252043, 0.332547545433, 0.323294997215, 0.21108686924, 0.172293901443, 0.167535334826, 0.187218502164, 0.194929257035, 0.182962998748, 0.164561793208, 0.151906266809, 0.110811799765, 0.105293110013, 0.127979189157, 0.206597179174, 0.258945673704, 0.207545056939, 0.133765473962, 0.103356063366, 0.104395747185, 0.131414324045, 0.182763174176, 0.201063543558, 0.190355181694, 0.205862998962, 0.201868578792, 0.192205265164], "max": [1, 1, 1, 1, 1, 1, 1, 1, 1, 1, 1, 1, 1, 1, 1, 1, 1, 1, 1, 1, 1, 1, 1, 1, 1, 1, 1, 1, 1, 1, 1, 1, 1, 1, 1, 1], "dmean": [0.09829711169, 0.0902910754085, 0.0859593227506, 0.0902298688889, 0.0907892212272, 0.0818794891238, 0.0973720476031, 0.142052412033, 0.20745152235, 0.19690848887, 0.184577748179, 0.17601069808, 0.11235358566, 0.091353751719, 0.089980237186, 0.104243189096, 0.109203919768, 0.100987143815, 0.0922537744045, 0.0868716016412, 0.0617827400565, 0.0563925355673, 0.0680437982082, 0.112052485347, 0.141110256314, 0.116997510195, 0.0737863555551, 0.056207600981, 0.0576742552221, 0.0737172812223, 0.104903914034, 0.115521147847, 0.10729213804, 0.114187628031, 0.110405124724, 0.103851310909]}, "key_strength": 0.711834430695, "chords_strength": {"dvar": 6.70748850098e-05, "mean": 0.486875355244, "min": 0.221176162362, "median": 0.482169926167, "dvar2": 7.26223515812e-05, "var": 0.0106950616464, "dmean2": 0.00907954387367, "max": 0.782836854458, "dmean": 0.00962626747787}, "tuning_equal_tempered_deviation": 0.231584057212, "chords_key": "C", "tuning_frequency": 434.193115234, "chords_scale": "minor", "chords_changes_rate": 0.0617219246924, "key_scale": "minor", "tuning_diatonic_strength": 0.551729738712, "hpcp_entropy": {"dvar": 0.194714948535, "mean": 1.84473991394, "min": 0, "median": 1.85055422783, "dvar2": 0.535336911678, "var": 0.376682043076, "dmean2": 0.876310706139, "max": 4.58936595917, "dmean": 0.516753792763}, "chords_histogram": [16.0922546387, 11.5581178665, 24.9508590698, 3.40715503693, 7.41711425781, 5.97562551498, 3.69545269012, 7.53505420685, 1.25802648067, 1.23181760311, 0.0655222088099, 11.0863580704, 1.27113091946, 1.19250428677, 0, 0, 0.0262088850141, 0, 0.746953189373, 0.183462187648, 0.235879957676, 0.013104442507, 0.563491046429, 1.49390637875], "tuning_nontempered_energy_ratio": 0.951792061329, "key_key": "F"}, "metadata": {"version": {"extractor": "music 1.0", "essentia_build_sha": "70f2e5ece6736b2c40cc944ad0e695b16b925413", "essentia": "2.1-beta2", "essentia_git_sha": "v2.1_beta2"}, "audio_properties": {"sample_rate": 44100, "length": 354.29876709, "lossless": false, "analysis_sample_rate": 44100, "downmix": "mix", "bit_rate": 256019, "equal_loudness": 0, "md5_encoded": "23aacfb37a893ceff676661a86fe0179", "codec": "mp3", "replay_gain": -9.10535621643}, "tags": {"genre": ["Alternative"], "length": ["354"], "artist": ["Joe Henry"], "date": ["2003"], "musicbrainz_recordingid": ["2e8660b5-2b2d-42ff-b78c-0a32a9701b9c"], "file_name": "2219614.mp3", "title": ["Animal Skin"], "tracknumber": ["2"], "album": ["Your Side Of My World"], "discnumber": ["1"]}}, "lowlevel": {"melbands": {"dvar": [5.84464578424e-05, 2.97288133879e-05, 5.3776589084e-06, 3.33013917952e-06, 4.15881549998e-06, 3.97129696239e-07, 2.79837422568e-07, 2.21157080205e-07, 2.1496083491e-07, 3.13991932899e-07, 1.33861220775e-07, 3.6205626941e-08, 1.62994986397e-08, 4.62849101268e-08, 5.50818519685e-08, 1.3590835124e-09, 8.88075446515e-10, 7.70066010958e-10, 9.95740712106e-10, 4.7756182342e-10, 1.21654158969e-10, 3.39603657695e-11, 7.67042401817e-11, 2.06329085761e-11, 1.02074279584e-10, 3.65135005564e-11, 1.09005270088e-11, 9.11742903398e-12, 3.22364509218e-12, 1.04946184121e-12, 1.0418600661e-12, 2.87134183617e-12, 1.25804254167e-11, 1.20718478616e-11, 1.25560404088e-11, 5.13864168231e-12, 3.7002833523e-13, 2.54312358932e-13, 3.09366193687e-13, 3.4726391142e-13], "mean": [0.0100377816707, 0.0072397259064, 0.00239259097725, 0.00126743013971, 0.00095336814411, 0.000791167491116, 0.00047264326713, 0.00034222312388, 0.000370079331333, 0.000202359311515, 0.000198770314455, 0.000129496271256, 8.51614313433e-05, 0.000111653076601, 0.000114293405204, 2.27431246458e-05, 1.75376280822e-05, 1.37842562253e-05, 8.68101506057e-06, 6.39991685603e-06, 4.19304979005e-06, 3.12046540785e-06, 2.31950320995e-06, 1.39400992794e-06, 1.13884618713e-06, 1.27040163989e-06, 1.31119406888e-06, 9.1272534064e-07, 3.82328067872e-07, 2.63582592197e-07, 3.26127434391e-07, 4.47348639909e-07, 6.93288711773e-07, 6.15425562955e-07, 4.10473717238e-07, 2.44221808998e-07, 1.14408550189e-07, 7.76352777621e-08, 8.66453362391e-08, 9.3016645053e-08], "min": [1.151746927e-11, 1.45022691772e-11, 7.73085935546e-12, 1.521756679e-12, 4.94977756699e-12, 8.30298156618e-12, 4.56758806125e-12, 1.34654830689e-12, 1.06929341683e-12, 7.34001292906e-13, 5.58034033479e-13, 8.55630757218e-12, 1.35413494654e-11, 8.73971468113e-12, 4.78646159166e-12, 1.02063539911e-11, 1.12735645472e-11, 3.59621490573e-12, 1.74018373496e-12, 1.64508998871e-12, 1.57256868118e-12, 1.0895618175e-12, 6.24578893379e-13, 5.50438655159e-13, 7.80993813457e-13, 3.21649960356e-13, 3.09892113056e-13, 7.80702881357e-14, 2.22635427346e-13, 3.16027477625e-13, 3.4834461704e-13, 2.10753154295e-13, 1.40837076159e-13, 1.84499767894e-13, 1.0796344965e-13, 1.14347103292e-13, 8.89087794272e-14, 8.74058854808e-14, 7.99115412514e-14, 1.13861570454e-13], "median": [0.00782341137528, 0.00594773329794, 0.00121230783407, 0.000608762260526, 0.00040251063183, 0.000344157277141, 0.000190592138097, 0.000100262506749, 0.000115867689601, 6.05302775512e-05, 4.6192049922e-05, 3.30904767907e-05, 2.16608859773e-05, 2.1527217541e-05, 1.89280472114e-05, 7.11582106305e-06, 6.34287425783e-06, 3.54487019649e-06, 2.06112190426e-06, 1.65721735357e-06, 1.13302189675e-06, 7.95486243987e-07, 5.19703974078e-07, 3.033513849e-07, 1.67561083231e-07, 1.27882501033e-07, 1.0223303093e-07, 7.14150871772e-08, 4.13995806525e-08, 2.61095607357e-08, 2.20042704058e-08, 1.91406446248e-08, 1.54904586935e-08, 1.08884794514e-08, 6.58817933541e-09, 4.32804903028e-09, 2.16631601546e-09, 1.52030099621e-09, 1.28171362412e-09, 9.37042443638e-10], "dvar2": [0.000161896939971, 8.76391350175e-05, 1.45044932651e-05, 9.38331686484e-06, 1.10455130198e-05, 9.76102683126e-07, 7.36760512154e-07, 5.14685780217e-07, 5.25389680206e-07, 8.8088273742e-07, 3.14745591368e-07, 7.65515935086e-08, 3.58670853018e-08, 9.29336323452e-08, 1.34979259769e-07, 3.14079184882e-09, 1.80729220478e-09, 1.57730795092e-09, 2.71691003029e-09, 9.29008647788e-10, 2.15759632383e-10, 7.05365835185e-11, 1.58889970625e-10, 4.55700061019e-11, 2.56844157054e-10, 8.51759426879e-11, 2.38209296038e-11, 1.98649291461e-11, 7.00203306794e-12, 2.78050022243e-12, 2.59231373347e-12, 7.05685206451e-12, 2.84668313227e-11, 2.1551323226e-11, 2.58600588859e-11, 1.24920802869e-11, 7.39529368732e-13, 5.87945653534e-13, 6.36797418182e-13, 6.61129571228e-13], "var": [7.79379697633e-05, 3.40598489856e-05, 1.02720869108e-05, 3.75097351935e-06, 3.996849955e-06, 1.61352113537e-06, 8.87782562131e-07, 6.18182525614e-07, 5.24135089108e-07, 2.80228618976e-07, 3.86886569004e-07, 1.40786653446e-07, 4.49729178342e-08, 1.20426705053e-07, 1.72171851887e-07, 3.61299878904e-09, 2.62475996493e-09, 2.52691845226e-09, 1.83900861206e-09, 1.0395259098e-09, 3.14329839934e-10, 8.55171905512e-11, 1.53054222074e-10, 3.64919205964e-11, 1.03030479981e-10, 8.88585108272e-11, 3.25139914992e-11, 2.42319202898e-11, 5.92183073411e-12, 1.29944004775e-12, 1.93593058251e-12, 5.23602472144e-12, 2.76172452962e-11, 3.4726221898e-11, 2.23381677739e-11, 6.11119488347e-12, 7.86195869691e-13, 4.62155487491e-13, 6.15247490541e-13, 7.21184451134e-13], "dmean2": [0.00993731431663, 0.0072665521875, 0.00212636147626, 0.00144320959225, 0.00102966988925, 0.000496767868754, 0.000376603653422, 0.00025109667331, 0.000293143530143, 0.000217549924855, 0.000146244681673, 7.87766912254e-05, 5.43402165931e-05, 6.73693357385e-05, 7.23628254491e-05, 1.69337236002e-05, 1.34482006615e-05, 1.03145785033e-05, 7.25686459191e-06, 5.56432860321e-06, 3.45527291756e-06, 2.46171862273e-06, 1.94403219211e-06, 1.2786708794e-06, 1.11693691451e-06, 1.02681894987e-06, 1.01404475572e-06, 7.32966896067e-07, 3.87182581107e-07, 2.81380749811e-07, 3.01663078517e-07, 4.77350738493e-07, 7.6857509157e-07, 5.99852853611e-07, 4.11995046079e-07, 2.88868136522e-07, 1.30201399884e-07, 8.51665191703e-08, 9.67596704982e-08, 1.00711616824e-07], "max": [0.1342433393, 0.0725719258189, 0.0536361932755, 0.0276437401772, 0.0438987165689, 0.0170162245631, 0.0156576354057, 0.0217167381197, 0.0124594969675, 0.01265647728, 0.0144367115572, 0.00765923038125, 0.0059878192842, 0.00942510552704, 0.0137795619667, 0.00131905335002, 0.00170685537159, 0.00160221662372, 0.00265030935407, 0.00153527292423, 0.000906022032723, 0.000336622382747, 0.000779597728979, 0.000319321115967, 0.000844942289405, 0.000697826442774, 0.000191187253222, 0.000206206153962, 0.000184053991688, 4.15705035266e-05, 6.25635802862e-05, 6.18332851445e-05, 0.000213679100852, 0.000299403676763, 0.000295898906188, 0.000192945546587, 3.05840985675e-05, 4.63261640107e-05, 3.71084570361e-05, 2.82880009763e-05], "dmean": [0.00598281808197, 0.0041846530512, 0.00127504463308, 0.000847725546919, 0.000623205327429, 0.000321426370647, 0.000232262624195, 0.000163675285876, 0.000189426078578, 0.000130386149976, 9.84201396932e-05, 5.4182830354e-05, 3.71820096916e-05, 4.79086847918e-05, 4.97172331961e-05, 1.10413729999e-05, 8.62843444338e-06, 6.65928746457e-06, 4.59818647869e-06, 3.64385823559e-06, 2.23320398618e-06, 1.5496608512e-06, 1.23944903407e-06, 8.00811676527e-07, 7.07827609858e-07, 6.58196597669e-07, 6.78847925428e-07, 4.92337619562e-07, 2.48838261996e-07, 1.71654050973e-07, 1.8871419627e-07, 2.94876116413e-07, 4.95803590184e-07, 4.13315348169e-07, 2.91128600338e-07, 1.86769796073e-07, 8.39697094079e-08, 5.49595888799e-08, 6.4835276703e-08, 6.7883249244e-08]}, "spectral_decrease": {"dvar": 7.67121675254e-17, "mean": -1.77851635641e-08, "min": -1.31738673304e-07, "median": -1.63090074778e-08, "dvar2": 2.13439941321e-16, "var": 9.23622791311e-17, "dmean2": 1.20761791678e-08, "max": -1.62036264609e-16, "dmean": 7.18210646511e-09}, "spectral_rolloff": {"dvar": 92243.734375, "mean": 399.517456055, "min": 43.06640625, "median": 301.46484375, "dvar2": 234703.53125, "var": 151151.90625, "dmean2": 219.863510132, "max": 7579.6875, "dmean": 125.189407349}, "melbands_crest": {"dvar": 8.90601539612, "mean": 18.5776252747, "min": 4.24627447128, "median": 18.4917812347, "dvar2": 23.1872062683, "var": 26.8881511688, "dmean2": 5.58524751663, "max": 34.6797523499, "dmean": 3.4321436882}, "barkbands_skewness": {"dvar": 0.849054574966, "mean": 2.31453990936, "min": -1.92487454414, "median": 1.93548202515, "dvar2": 2.20525836945, "var": 2.97543430328, "dmean2": 1.31715846062, "max": 17.109161377, "dmean": 0.821387529373}, "spectral_centroid": {"dvar": 21070.7675781, "mean": 479.374603271, "min": 88.1729660034, "median": 406.963867188, "dvar2": 36899.046875, "var": 89521.546875, "dmean2": 117.720672607, "max": 10536.15625, "dmean": 76.9735336304}, "spectral_energyband_middle_low": {"dvar": 0.000246681971475, "mean": 0.0206933431327, "min": 1.15044855586e-10, "median": 0.015689522028, "dvar2": 0.00065866264049, "var": 0.000374017487047, "dmean2": 0.0139289405197, "max": 0.230142176151, "dmean": 0.00851073395461}, "erbbands_crest": {"dvar": 6.09804391861, "mean": 11.948802948, "min": 3.03963518143, "median": 10.5856952667, "dvar2": 14.6135606766, "var": 29.189907074, "dmean2": 4.06673622131, "max": 34.0071601868, "dmean": 2.56997084618}, "dynamic_complexity": 2.04313564301, "spectral_energyband_low": {"dvar": 0.000932467752136, "mean": 0.0466093607247, "min": 8.13471651151e-11, "median": 0.0396224074066, "dvar2": 0.00265806447715, "var": 0.00112099968828, "dmean2": 0.041118260473, "max": 0.495543837547, "dmean": 0.0243585761636}, "silence_rate_60dB": {"dvar": 0.00117781374138, "mean": 0.00222804723307, "min": 0, "median": 0, "dvar2": 0.00261616148055, "var": 0.00222288770601, "dmean2": 0.00235941796564, "max": 1, "dmean": 0.00117963168304}, "erbbands_kurtosis": {"dvar": 6.74112510681, "mean": 2.10630559921, "min": -1.85398137569, "median": 0.767211794853, "dvar2": 15.3521003723, "var": 20.11120224, "dmean2": 2.29755926132, "max": 97.409576416, "dmean": 1.4589548111}, "spectral_complexity": {"dvar": 2.96478009224, "mean": 12.0041942596, "min": 0, "median": 11, "dvar2": 7.16872406006, "var": 21.4418811798, "dmean2": 2.87960410118, "max": 38, "dmean": 1.75883090496}, "barkbands_crest": {"dvar": 8.52657318115, "mean": 15.1171970367, "min": 3.5058465004, "median": 14.6211891174, "dvar2": 23.0276355743, "var": 28.3634185791, "dmean2": 5.36569976807, "max": 26.5655860901, "dmean": 3.22936964035}, "spectral_energy": {"dvar": 0.0011168892961, "mean": 0.0684896856546, "min": 7.45347616959e-10, "median": 0.0629037618637, "dvar2": 0.00310507626273, "var": 0.00134997628629, "dmean2": 0.04607629776, "max": 0.500226199627, "dmean": 0.0274106375873}, "spectral_spread": {"dvar": 513874231296, "mean": 2108794.25, "min": 447964.75, "median": 1743712.25, "dvar2": 908709527552, "var": 1890057060350.0, "dmean2": 628611.6875, "max": 41530792, "dmean": 400086.40625}, "spectral_contrast_valleys": {"dvar": [0.114912860096, 0.114804461598, 0.0943616181612, 0.0920571386814, 0.106851004064, 0.202638283372], "mean": [-6.29928874969, -6.56262731552, -7.46763277054, -8.45539569855, -9.23315525055, -12.3021459579], "min": [-26.9907779694, -27.2780265808, -27.222240448, -27.0188407898, -27.2548503876, -27.3023071289], "median": [-6.2708530426, -6.52826452255, -7.43500518799, -8.43511104584, -9.31008911133, -12.5616436005], "dvar2": [0.278102695942, 0.252585887909, 0.188071399927, 0.184181213379, 0.203591376543, 0.41038402915], "var": [0.284951448441, 0.497044414282, 0.565914273262, 0.676048338413, 0.808285713196, 1.180996418], "dmean2": [0.627485990524, 0.543682336807, 0.450142651796, 0.40418151021, 0.383967459202, 0.44659909606], "max": [-4.47463750839, -4.25125932693, -4.96546316147, -5.81753158569, -6.17861652374, -7.8974943161], "dmean": [0.372032940388, 0.329450279474, 0.281531214714, 0.25127568841, 0.251237511635, 0.304879635572]}, "spectral_rms": {"dvar": 2.47710522672e-06, "mean": 0.00791337992996, "min": 8.52741663948e-07, "median": 0.0078338701278, "dvar2": 6.77317757436e-06, "var": 4.19729985879e-06, "dmean2": 0.00260377326049, "max": 0.0220913011581, "dmean": 0.00157580070663}, "barkbands_spread": {"dvar": 10.0610580444, "mean": 6.96109819412, "min": 0.0780836343765, "median": 5.25308656693, "dvar2": 22.6511516571, "var": 37.19581604, "dmean2": 3.10078525543, "max": 85.3525390625, "dmean": 1.97062802315}, "pitch_salience": {"dvar": 0.00612636981532, "mean": 0.421630978584, "min": 0.056798376143, "median": 0.431098133326, "dvar2": 0.0170106869191, "var": 0.0170332547277, "dmean2": 0.140323370695, "max": 0.932349979877, "dmean": 0.0848363563418}, "erbbands_skewness": {"dvar": 0.15065997839, "mean": 0.451713979244, "min": -5.80637073517, "median": 0.435883402824, "dvar2": 0.347867190838, "var": 1.0448154211, "dmean2": 0.58355820179, "max": 6.93007421494, "dmean": 0.380602091551}, "spectral_energyband_middle_high": {"dvar": 1.01030454971e-05, "mean": 0.00365826347843, "min": 4.86201190419e-10, "median": 0.00148965336848, "dvar2": 2.27163764066e-05, "var": 3.93167429138e-05, "dmean2": 0.00165702076629, "max": 0.116972193122, "dmean": 0.00115087768063}, "erbbands": {"dvar": [0.616764485836, 44.9117698669, 62.5985984802, 167.976730347, 493.50668335, 1292.27368164, 3515.9934082, 794.128540039, 1434.03552246, 1804.68139648, 2839.92041016, 6895.3515625, 5413.46777344, 2158.93286133, 1332.59436035, 12239.0849609, 805.703125, 219.840499878, 222.307754517, 172.935272217, 105.275558472, 19.3079242706, 75.2875442505, 105.511634827, 22.4098644257, 16.0875167847, 4.70390319824, 2.88756394386, 12.9962701797, 36.7999382019, 28.4701442719, 2.31851935387, 0.523258984089, 0.403654664755, 0.279677838087, 0.0152539061382, 0.0015016089892, 9.54143906711e-05, 2.99139060189e-07, 1.45002843066e-09], "mean": [1.06168305874, 7.93161296844, 9.97931003571, 12.4471387863, 18.4438076019, 17.5934715271, 28.0719451904, 34.460975647, 32.3231048584, 30.9989547729, 44.5007019043, 33.3598136902, 40.3743667603, 32.6342277527, 26.2667140961, 53.8690719604, 18.5958271027, 10.0081748962, 8.30772972107, 5.00744628906, 4.05941534042, 2.80468797684, 2.13719010353, 1.44733798504, 1.72024822235, 1.50737190247, 0.583531975746, 0.548811137676, 0.915333688259, 1.15503382683, 0.660674393177, 0.249753296375, 0.11919721216, 0.108258336782, 0.0563108026981, 0.0190609581769, 0.00572257721797, 0.00122676871251, 9.41189209698e-05, 7.67037345213e-05], "min": [1.21937648867e-09, 9.5303596126e-09, 2.84091257186e-08, 4.56309265928e-08, 3.04750606972e-08, 3.02737177549e-08, 1.63869373182e-07, 3.68461854805e-07, 3.39451702303e-07, 1.53908345624e-07, 1.09977158047e-07, 1.69342683876e-07, 1.7238406258e-07, 2.38387087848e-06, 3.67713391825e-06, 2.37249491875e-06, 3.31928504238e-06, 6.54465975458e-06, 2.23678489419e-06, 1.50077721628e-06, 1.25804365325e-06, 9.41077360039e-07, 6.81604433339e-07, 8.79887807059e-07, 5.08825564793e-07, 1.89755979818e-07, 4.11214870155e-07, 6.2323590555e-07, 3.84966597267e-07, 3.11609142045e-07, 2.02617457035e-07, 1.59505503916e-07, 1.21863152458e-07, 1.22316464513e-07, 6.27686205235e-08, 2.26485035171e-08, 2.32782255694e-08, 7.91526222343e-09, 9.60115875692e-10, 8.19063150637e-11], "median": [0.82286798954, 6.1642074585, 6.60947036743, 5.56925964355, 8.03347396851, 7.60082149506, 11.5588283539, 13.8188171387, 12.8229484558, 10.0418243408, 15.0973052979, 11.2683296204, 10.2423963547, 9.23506164551, 7.44812774658, 9.28560638428, 5.52661514282, 3.99512434006, 2.34652161598, 1.47745811939, 1.16478991508, 0.758856832981, 0.507379710674, 0.243829548359, 0.18030834198, 0.125858783722, 0.0660507082939, 0.0430218651891, 0.0353899262846, 0.0232297964394, 0.0115708326921, 0.00485051097348, 0.00234596990049, 0.00130700576119, 0.000509261910338, 0.00021461409051, 8.62169763423e-05, 1.9195736968e-05, 3.1796102121e-05, 6.98388321325e-05], "dvar2": [1.62092840672, 131.339950562, 181.518600464, 442.764953613, 1375.38757324, 3577.94824219, 9454.04882812, 1872.18579102, 3873.0378418, 4244.87695312, 6866.35644531, 19335.9667969, 12955.9726562, 4675.06640625, 2841.27050781, 26678.046875, 1984.18615723, 470.940795898, 498.908905029, 447.490142822, 192.722671509, 41.1198539734, 155.226516724, 265.323425293, 50.9303512573, 32.9996986389, 10.4102163315, 7.29716444016, 30.0130615234, 69.5639190674, 59.3112297058, 4.88454723358, 1.12906038761, 0.746722280979, 0.592919707298, 0.0265607889742, 0.00270377076231, 0.000203024639632, 6.61128126467e-07, 3.96851396189e-09], "var": [0.936973214149, 49.9748802185, 103.767601013, 344.423797607, 773.778442383, 1183.37597656, 3416.95776367, 3590.59179688, 4716.44189453, 4911.45117188, 7064.11132812, 6356.69775391, 15126.359375, 8155.62304688, 4207.57177734, 31101.6367188, 2627.20483398, 606.696472168, 689.202148438, 324.120056152, 267.536773682, 51.2264595032, 148.335372925, 111.454589844, 60.8991127014, 51.3859100342, 8.75824832916, 5.15328168869, 27.5625591278, 102.054580688, 50.1899147034, 4.21379899979, 1.03598213196, 0.897424936295, 0.507183790207, 0.0433399863541, 0.00336918048561, 0.000192067658645, 6.45948944111e-07, 1.95492111388e-09], "dmean2": [1.00115334988, 8.81887531281, 9.62262916565, 11.1959762573, 20.0924911499, 21.2547626495, 30.4155578613, 20.972410202, 25.9647789001, 22.7999801636, 34.0700340271, 34.1365280151, 29.4011497498, 19.6171951294, 15.2306728363, 33.0840797424, 11.655046463, 6.94056081772, 5.92115163803, 3.85301804543, 3.19574332237, 2.02489519119, 1.81433618069, 1.2785192728, 1.26087415218, 1.09729039669, 0.533510684967, 0.491767853498, 0.943273425102, 1.1417760849, 0.650395572186, 0.26924559474, 0.125607386231, 0.11310146004, 0.0608020089567, 0.0183781199157, 0.0053748479113, 0.00138778879773, 9.87226085272e-05, 5.08931188961e-05], "max": [14.6019182205, 98.3818740845, 129.038604736, 293.270050049, 351.458953857, 716.057067871, 1329.90905762, 875.134887695, 1233.68237305, 2246.28198242, 1515.68457031, 1846.34570312, 2866.67211914, 2059.72509766, 1358.5546875, 4706.06884766, 1688.86853027, 768.270141602, 715.379150391, 1043.72644043, 755.240905762, 206.168182373, 723.235961914, 845.013244629, 419.119537354, 247.18347168, 196.607833862, 89.3134384155, 150.180038452, 447.900695801, 387.702728271, 104.994270325, 63.2566566467, 27.31615448, 49.0013465881, 7.46011686325, 1.81426680088, 0.637049078941, 0.0323605313897, 0.000991289736703], "dmean": [0.623949289322, 5.10664081573, 5.55695390701, 6.77222537994, 11.826002121, 12.6533432007, 18.2580852509, 13.7214946747, 15.9310512543, 14.6816053391, 22.0427417755, 20.4980716705, 19.6923046112, 13.3783884048, 10.6047315598, 23.2307510376, 7.79282331467, 4.48036146164, 3.81291365623, 2.46872782707, 2.0937268734, 1.2922244072, 1.15416491032, 0.816304087639, 0.836590886116, 0.747564315796, 0.345281302929, 0.309088855982, 0.594487547874, 0.77289968729, 0.456104487181, 0.179120823741, 0.083823159337, 0.07732860744, 0.0423987656832, 0.0129188140854, 0.00397249404341, 0.000930927984882, 6.21029466856e-05, 3.04414170387e-05]}, "dissonance": {"dvar": 0.00111231324263, "mean": 0.417015373707, "min": 0.145692184567, "median": 0.426496714354, "dvar2": 0.00308142183349, "var": 0.00283964420669, "dmean2": 0.0611939132214, "max": 0.499786823988, "dmean": 0.036040250212}, "erbbands_flatness_db": {"dvar": 0.000419281452196, "mean": 0.252545058727, "min": 0.0578141622245, "median": 0.255283415318, "dvar2": 0.000877758779097, "var": 0.00293657160364, "dmean2": 0.0265702102333, "max": 0.451208561659, "dmean": 0.0178196709603}, "melbands_kurtosis": {"dvar": 286.90914917, "mean": 18.0897254944, "min": -1.91460394859, "median": 10.0810699463, "dvar2": 735.845092773, "var": 629.567382812, "dmean2": 15.6005334854, "max": 501.742767334, "dmean": 9.56198692322}, "melbands_spread": {"dvar": 9.34270381927, "mean": 7.19219064713, "min": 0.223228126764, "median": 5.17357397079, "dvar2": 22.0618000031, "var": 42.1821670532, "dmean2": 3.64181542397, "max": 108.505973816, "dmean": 2.26825261116}, "melbands_skewness": {"dvar": 0.782856106758, "mean": 2.95565485954, "min": -1.35467123985, "median": 2.66111850739, "dvar2": 1.95521521568, "var": 2.91225290298, "dmean2": 1.36819005013, "max": 17.0920982361, "dmean": 0.853780567646}, "spectral_entropy": {"dvar": 0.0461687445641, "mean": 6.3207654953, "min": 4.40810012817, "median": 6.27778577805, "dvar2": 0.0990792587399, "var": 0.349275320768, "dmean2": 0.285674899817, "max": 9.79503440857, "dmean": 0.184616357088}, "zerocrossingrate": {"dvar": 2.04790103453e-05, "mean": 0.0158988665789, "min": 0.001953125, "median": 0.01318359375, "dvar2": 2.67407413048e-05, "var": 0.000141821714351, "dmean2": 0.00408155517653, "max": 0.2138671875, "dmean": 0.00321013154462}, "average_loudness": 0.944846570492, "spectral_contrast_coeffs": {"dvar": [0.00179487850983, 0.00138291425537, 0.000784574425779, 0.000481472408865, 0.000329418486217, 0.000288818817353], "mean": [-0.659791350365, -0.691070318222, -0.740647435188, -0.767263114452, -0.801004707813, -0.780005574226], "min": [-0.961013376713, -0.97452878952, -0.957074284554, -0.966598153114, -0.959469795227, -0.973851263523], "median": [-0.668097376823, -0.695985198021, -0.751563429832, -0.773073673248, -0.805434703827, -0.784887373447], "dvar2": [0.00495664216578, 0.00367132225074, 0.00200386787765, 0.0012067706557, 0.000774122949224, 0.00069621950388], "var": [0.0056183449924, 0.00674078287557, 0.00532845128328, 0.00318263610825, 0.00223410711624, 0.00202833092771], "dmean2": [0.0874769464135, 0.0731812864542, 0.0529085919261, 0.0417784079909, 0.0312733463943, 0.0275556482375], "max": [-0.32482790947, -0.373737871647, -0.44157359004, -0.466237694025, -0.53204780817, -0.605184972286], "dmean": [0.0518721789122, 0.0442954488099, 0.0327721722424, 0.0256436876953, 0.0194250699133, 0.0171409305185]}, "barkbands_flatness_db": {"dvar": 0.000868558941875, "mean": 0.30701905489, "min": 0.0329829789698, "median": 0.308129251003, "dvar2": 0.00208414741792, "var": 0.00619625579566, "dmean2": 0.0480687394738, "max": 0.622988760471, "dmean": 0.0303992275149}, "silence_rate_30dB": {"dvar": 0.0875801071525, "mean": 0.898296177387, "min": 0, "median": 1, "dvar2": 0.198159918189, "var": 0.0913570299745, "dmean2": 0.193996593356, "max": 1, "dmean": 0.0969919413328}, "spectral_energyband_high": {"dvar": 1.49056162968e-07, "mean": 0.000101329424069, "min": 6.93854695921e-11, "median": 5.5056225392e-06, "dvar2": 2.8778123351e-07, "var": 3.79594609967e-07, "dmean2": 8.43011002871e-05, "max": 0.0201595872641, "dmean": 5.9615180362e-05}, "melbands_flatness_db": {"dvar": 0.00115527247544, "mean": 0.424114227295, "min": 0.0851722657681, "median": 0.427726566792, "dvar2": 0.00272378767841, "var": 0.00952164269984, "dmean2": 0.0554197914898, "max": 0.777918040752, "dmean": 0.0352058336139}, "barkbands": {"dvar": [2.13861608245e-06, 0.000812487211078, 3.99386772187e-05, 3.57967510354e-05, 9.67975938693e-05, 1.35314685394e-05, 5.8173573052e-06, 5.49349988432e-06, 1.4804921193e-05, 3.10632867695e-06, 1.32879642933e-06, 5.48558045921e-06, 1.75227867771e-07, 1.11752541443e-07, 1.0575110565e-07, 6.19075848363e-08, 1.32459776481e-08, 1.95997067465e-08, 3.20897370898e-08, 6.76218459006e-09, 1.72655556518e-09, 1.67347575797e-08, 3.37405303696e-08, 1.92241156327e-09, 3.24770699223e-09, 4.84718321037e-10, 1.51957786632e-11], "mean": [0.000925024214666, 0.0362082794309, 0.00715938629583, 0.00461302883923, 0.00597039330751, 0.00419030664489, 0.0019461143529, 0.00188932556193, 0.0015214876039, 0.00119734788314, 0.000773089355789, 0.00120787485503, 0.000260771630565, 0.000182213829248, 0.000126513099531, 7.76647066232e-05, 5.54704020033e-05, 3.27102825395e-05, 3.18143975164e-05, 3.25787150359e-05, 1.25425467559e-05, 2.86596459773e-05, 2.61039203906e-05, 8.29288910609e-06, 8.75722889759e-06, 3.54356234311e-06, 4.4669923227e-07], "min": [3.64664548558e-12, 4.24525414822e-11, 2.60916357964e-11, 1.53443108913e-11, 1.05957595128e-11, 3.98384034095e-11, 1.49600037219e-11, 2.31025246676e-12, 5.62924793585e-12, 1.36325672973e-11, 1.03555705677e-10, 7.00319177649e-11, 7.53615433946e-11, 1.05562163177e-10, 2.87419723438e-11, 2.46881716459e-11, 1.47930348526e-11, 1.41520588651e-11, 1.29972369672e-11, 5.00778975579e-12, 1.55655367068e-11, 9.2413056374e-12, 7.39183540766e-12, 7.1532749342e-12, 1.00650382126e-11, 1.01902401448e-11, 6.96420655519e-12], "median": [0.000405599654187, 0.0286457221955, 0.00369233428501, 0.00165574939456, 0.00294734910131, 0.00201265141368, 0.000700687640347, 0.000579385319725, 0.000421357806772, 0.000279108673567, 0.000179834707524, 0.000195021944819, 7.87567696534e-05, 6.03143125772e-05, 2.94919809676e-05, 2.0147934265e-05, 1.42184853757e-05, 7.00183272784e-06, 3.71429905499e-06, 2.62695357378e-06, 1.2225291357e-06, 9.81824541668e-07, 4.61429294774e-07, 1.68850903037e-07, 8.78782984159e-08, 3.96815025283e-08, 7.80586795202e-09], "dvar2": [4.84590009364e-06, 0.00231786607765, 0.000111770670628, 9.5319650427e-05, 0.000263502530288, 3.52095412381e-05, 1.48746703417e-05, 1.28698729895e-05, 4.07982333854e-05, 6.05230252404e-06, 2.76121727438e-06, 1.22223800645e-05, 4.22561129199e-07, 2.25665857556e-07, 2.80982106915e-07, 1.18655833603e-07, 2.53440006759e-08, 4.1321328581e-08, 7.84707481216e-08, 1.37768116915e-08, 4.34968638885e-09, 3.78339386486e-08, 6.73164777254e-08, 3.80181219839e-09, 5.9145479625e-09, 8.30800706009e-10, 3.35017152908e-11], "var": [3.5580394524e-06, 0.000971611356363, 8.74110410223e-05, 6.13199008512e-05, 9.9274860986e-05, 3.77702526748e-05, 1.78093232535e-05, 1.4764840671e-05, 1.47981745613e-05, 1.32547265821e-05, 4.0210707084e-06, 1.50221376316e-05, 4.38057583096e-07, 3.50232909341e-07, 2.15556639205e-07, 1.41592863656e-07, 3.38658665555e-08, 3.69556651947e-08, 5.04550250469e-08, 2.15430198125e-08, 2.75251066384e-09, 3.57175906629e-08, 7.0432911059e-08, 4.27930713087e-09, 7.51278417255e-09, 1.31604371845e-09, 3.25056544181e-11], "dmean2": [0.00107108347584, 0.0372734032571, 0.00669553875923, 0.0048383497633, 0.00669600814581, 0.00292611634359, 0.00169771921355, 0.0014318205649, 0.00159141176846, 0.000735764449928, 0.000500078662299, 0.000755615707021, 0.000193420317373, 0.000139123236295, 0.000103695041616, 6.76061972626e-05, 4.22728917329e-05, 3.01632444462e-05, 2.76304472209e-05, 2.44519396801e-05, 1.18583302537e-05, 3.01866821246e-05, 2.45365772571e-05, 8.77627826412e-06, 9.01660769159e-06, 3.31396631736e-06, 5.83946928145e-07], "max": [0.0798355340958, 0.468351989985, 0.125618249178, 0.141907766461, 0.18396897614, 0.0799851417542, 0.0664905905724, 0.0759901925921, 0.0813714638352, 0.0912282317877, 0.0470804907382, 0.0917600393295, 0.0175991691649, 0.0156618077308, 0.0245325416327, 0.0164346639067, 0.00778800202534, 0.0116990152746, 0.0144503740594, 0.00531421601772, 0.00198659300804, 0.00782220158726, 0.0134854866192, 0.00307377777062, 0.00402164878324, 0.00112266186625, 0.000264615518972], "dmean": [0.000639498000965, 0.0220266673714, 0.00395014043897, 0.0029080430977, 0.00400703400373, 0.0018444681773, 0.00104147044476, 0.000935104151722, 0.000963630736805, 0.00052118912572, 0.0003426495241, 0.00052702659741, 0.000125226899399, 8.91688614502e-05, 6.53874812997e-05, 4.42427663074e-05, 2.69454321824e-05, 1.8882963559e-05, 1.77718302439e-05, 1.64653665706e-05, 7.41423036743e-06, 1.93211199075e-05, 1.7460408344e-05, 5.84665031056e-06, 6.2907706706e-06, 2.37408562498e-06, 3.67197571904e-07]}, "erbbands_spread": {"dvar": 48.0769233704, "mean": 19.9477005005, "min": 1.12574195862, "median": 17.5687484741, "dvar2": 102.919403076, "var": 163.819412231, "dmean2": 6.99952125549, "max": 172.829040527, "dmean": 4.48685503006}, "barkbands_kurtosis": {"dvar": 243.617477417, "mean": 11.4264183044, "min": -1.94788646698, "median": 4.96729183197, "dvar2": 650.522888184, "var": 503.176330566, "dmean2": 11.8090858459, "max": 417.325164795, "dmean": 7.16935539246}, "spectral_flux": {"dvar": 0.00179067533463, "mean": 0.112817034125, "min": 2.73010555247e-05, "median": 0.100125387311, "dvar2": 0.00430556060746, "var": 0.00380098610185, "dmean2": 0.0655106082559, "max": 0.584959924221, "dmean": 0.0397988371551}, "silence_rate_20dB": {"dvar": 0, "mean": 1, "min": 1, "median": 1, "dvar2": 0, "var": 0, "dmean2": 0, "max": 1, "dmean": 0}, "gfcc": {"cov": [[3973.55834961, -1445.29858398, -1042.35021973, 556.521484375, -876.36126709, 352.907226562, -320.814422607, 47.3180618286, -137.770690918, 6.50836753845, -142.184646606, 7.5612244606, -144.567611694], [-1445.29858398, 1370.34838867, 56.1780853271, -559.516479492, 535.945739746, -336.235229492, 204.051605225, -111.810218811, 107.038345337, -68.8108139038, 123.142837524, -56.9671669006, 123.703575134], [-1042.35021973, 56.1780853271, 1107.29443359, -38.269493103, -2.60370397568, -4.71824455261, -97.745475769, 10.9428377151, -14.4439592361, 29.6064453125, -50.8759346008, 27.9505157471, -43.6609230042], [556.521484375, -559.516479492, -38.269493103, 496.946929932, -167.582366943, 66.7429580688, -80.4415054321, -0.297516226768, -11.3493013382, -22.5038986206, -45.9129257202, -13.3743715286, -28.2929878235], [-876.36126709, 535.945739746, -2.60370397568, -167.582366943, 495.742156982, -121.538520813, 130.941818237, -8.06663417816, 52.3639602661, -12.2427425385, 58.9845657349, -17.812997818, 68.6489715576], [352.907226562, -336.235229492, -4.71824455261, 66.7429580688, -121.538520813, 233.420715332, -3.13153123856, 8.48898220062, -45.70154953, 4.13925933838, -26.7039394379, 15.1083917618, -34.1089782715], [-320.814422607, 204.051605225, -97.745475769, -80.4415054321, 130.941818237, -3.13153123856, 231.993835449, 29.8574409485, 27.1836986542, -2.40558934212, 54.3167381287, -10.1441431046, 34.387512207], [47.3180618286, -111.810218811, 10.9428377151, -0.297516226768, -8.06663417816, 8.48898220062, 29.8574409485, 149.927963257, 44.0298652649, 28.5552539825, -10.3369569778, 0.856602072716, -3.17060399055], [-137.770690918, 107.038345337, -14.4439592361, -11.3493013382, 52.3639602661, -45.70154953, 27.1836986542, 44.0298652649, 149.072143555, 22.999414444, 4.61621284485, -9.47152614594, 16.1500816345], [6.50836753845, -68.8108139038, 29.6064453125, -22.5038986206, -12.2427425385, 4.13925933838, -2.40558934212, 28.5552539825, 22.999414444, 110.674758911, 24.4669456482, 10.5407743454, -6.85430240631], [-142.184646606, 123.142837524, -50.8759346008, -45.9129257202, 58.9845657349, -26.7039394379, 54.3167381287, -10.3369569778, 4.61621284485, 24.4669456482, 120.86265564, 29.3159980774, 16.1029090881], [7.5612244606, -56.9671669006, 27.9505157471, -13.3743715286, -17.812997818, 15.1083917618, -10.1441431046, 0.856602072716, -9.47152614594, 10.5407743454, 29.3159980774, 88.4803695679, 14.643658638], [-144.567611694, 123.703575134, -43.6609230042, -28.2929878235, 68.6489715576, -34.1089782715, 34.387512207, -3.17060399055, 16.1500816345, -6.85430240631, 16.1029090881, 14.643658638, 105.49155426]], "mean": [-76.1078033447, 197.359863281, -85.9910888672, 11.3837633133, -30.9468307495, 9.51034355164, -11.0309019089, -1.6620670557, -5.8194565773, -3.56846809387, -1.15115320683, -3.00872540474, -2.581615448], "icov": [[0.00101455755066, -0.000291533477139, 0.00111654354259, -0.000638293102384, 0.00120447599329, -0.000815672450699, 0.00103919545654, -0.000741958443541, 0.000543966190889, -0.000455456232885, 0.000513296690769, -0.000351213879185, 0.000472084764624], [-0.000291533477139, 0.0109799345955, -0.00171557290014, 0.00925489980727, -0.00402043294162, 0.00829648599029, -0.00339423841797, 0.00810801703483, -0.0056003248319, 0.00769008742645, -0.0053204940632, 0.00719831231982, -0.00368395796977], [0.00111654354259, -0.00171557290014, 0.00241016433574, -0.00175691349432, 0.00160126632545, -0.00184914947022, 0.0018936310662, -0.00191045738757, 0.00140555703547, -0.00177621399052, 0.00176118162926, -0.00180717790499, 0.00140501046553], [-0.000638293102384, 0.00925489980727, -0.00175691349432, 0.0103746345267, -0.00320951244794, 0.00676399609074, -0.00263304915279, 0.0069553037174, -0.00517520355061, 0.00716036418453, -0.00455717090517, 0.00661414861679, -0.00329403509386], [0.00120447599329, -0.00402043294162, 0.00160126632545, -0.00320951244794, 0.00580661790445, -0.0026583019644, 0.00102186319418, -0.00317846657708, 0.0019567690324, -0.00260866666213, 0.0016802418977, -0.00205732812174, 0.000660302932374], [-0.000815672450699, 0.00829648599029, -0.00184914947022, 0.00676399609074, -0.0026583019644, 0.0123090157285, -0.00450740708038, 0.0062585179694, -0.00298418523744, 0.00534354709089, -0.00275916513056, 0.0040543130599, -0.00176815630402], [0.00103919545654, -0.00339423841797, 0.0018936310662, -0.00263304915279, 0.00102186319418, -0.00450740708038, 0.00847863405943, -0.00460135051981, 0.00165258417837, -0.00163533270825, -0.000829414813779, -0.000684750208165, 0.000319816957926], [-0.000741958443541, 0.00810801703483, -0.00191045738757, 0.0069553037174, -0.00317846657708, 0.0062585179694, -0.00460135051981, 0.0144246071577, -0.00651926640421, 0.00389620638452, -0.00238917325623, 0.00459726247936, -0.00244665727951], [0.000543966190889, -0.0056003248319, 0.00140555703547, -0.00517520355061, 0.0019567690324, -0.00298418523744, 0.00165258417837, -0.00651926640421, 0.0114130256698, -0.00562306446955, 0.00334693863988, -0.00316297472455, 0.00134900514968], [-0.000455456232885, 0.00769008742645, -0.00177621399052, 0.00716036418453, -0.00260866666213, 0.00534354709089, -0.00163533270825, 0.00389620638452, -0.00562306446955, 0.0163299608976, -0.00691516464576, 0.00506317988038, -0.00210643187165], [0.000513296690769, -0.0053204940632, 0.00176118162926, -0.00455717090517, 0.0016802418977, -0.00275916513056, -0.000829414813779, -0.00238917325623, 0.00334693863988, -0.00691516464576, 0.0149625269696, -0.00817479938269, 0.00