{"tonal": {"chords_key": "E", "hpcp_entropy": {"dmean": 0.439198076725, "dmean2": 0.742724657059, "max": 3.6627805233, "dvar": 0.178718537092, "mean": 1.77591657639, "dvar2": 0.461132735014, "min": 0, "var": 0.540825307369, "median": 1.84946715832}, "key_key": "E", "chords_strength": {"dmean": 0.00610818434507, "dmean2": 0.00515289790928, "max": 0.735824346542, "dvar": 0.000308944116114, "mean": 0.522674381733, "dvar2": 0.000577940838411, "min": -1, "var": 0.0396678186953, "median": 0.548759877682}, "key_scale": "major", "chords_number_rate": 0.00102234550286, "thpcp": [1, 0.671518206596, 0.686583995819, 0.342309623957, 0.034177608788, 0.088036864996, 0.110554039478, 0.0540818013251, 0.0158246774226, 0.016290070489, 0.149614810944, 0.518779456615, 0.466848373413, 0.116404645145, 0.057490516454, 0.0416384674609, 0.0265476219356, 0.0270728748292, 0.0312317274511, 0.112832941115, 0.48679959774, 0.564151883125, 0.199464052916, 0.0416251458228, 0.0327142141759, 0.0947176218033, 0.288141548634, 0.295580238104, 0.113679334521, 0.0445354655385, 0.0187800712883, 0.0285059977323, 0.094308950007, 0.115832224488, 0.225999027491, 0.864845454693], "key_strength": 0.647216677666, "tuning_nontempered_energy_ratio": 0.944858729839, "tuning_frequency": 434.193115234, "chords_changes_rate": 0.0257046874613, "tuning_diatonic_strength": 0.581201016903, "chords_scale": "major", "chords_histogram": [57.2805595398, 6.63064098358, 3.68044400215, 0, 2.48283910751, 0.598802387714, 2.86256766319, 0.584197461605, 0.467357963324, 0, 0, 0, 0, 0, 0, 0.525777697563, 0, 0.350518465042, 0, 0.146049365401, 0, 0.569592535496, 6.16328334808, 17.6573677063], "tuning_equal_tempered_deviation": 0.169206485152, "hpcp": {"dmean": [0.020226309076, 0.0149498200044, 0.011714222841, 0.012148918584, 0.0174741633236, 0.0416926890612, 0.0818847119808, 0.0866104885936, 0.0533264130354, 0.0223256070167, 0.0181065630168, 0.0325888320804, 0.0486897043884, 0.0463751368225, 0.0350682027638, 0.0160993840545, 0.00904195662588, 0.0123262861744, 0.0285654515028, 0.038153231144, 0.0861321762204, 0.137899115682, 0.106186240911, 0.112043388188, 0.0745208933949, 0.0410980209708, 0.017382953316, 0.0233824290335, 0.0244553051889, 0.0196990277618, 0.00984108354896, 0.0104677239433, 0.0396279282868, 0.0687537044287, 0.0695629790425, 0.0380596779287], "dmean2": [0.0334190689027, 0.0250332262367, 0.020788313821, 0.0218930691481, 0.0318822041154, 0.0699996352196, 0.124623246491, 0.133062645793, 0.0851318538189, 0.0399984940886, 0.0318911261857, 0.054717194289, 0.0806816071272, 0.0762636438012, 0.0588727518916, 0.027988050133, 0.0159953329712, 0.0213786400855, 0.0476725175977, 0.0644595324993, 0.149755105376, 0.227338969707, 0.165367305279, 0.188684344292, 0.117047265172, 0.0647211670876, 0.0306084882468, 0.0383091717958, 0.0394940450788, 0.0324637293816, 0.017707856372, 0.018789049238, 0.0643000602722, 0.10371889174, 0.105394348502, 0.0622062012553], "max": [1, 1, 1, 1, 1, 1, 1, 1, 1, 1, 1, 1, 1, 1, 1, 1, 1, 1, 1, 1, 1, 1, 1, 1, 1, 1, 1, 1, 1, 1, 1, 1, 1, 1, 1, 1], "dvar": [0.00714264158159, 0.00541385775432, 0.0043368479237, 0.00360194733366, 0.00506365392357, 0.0111053613946, 0.0183839034289, 0.0210189372301, 0.0132044414058, 0.00861169677228, 0.00733447540551, 0.0103368787095, 0.0167946703732, 0.0164017770439, 0.0095398882404, 0.0044575817883, 0.00267167994753, 0.00308980303816, 0.00737787317485, 0.0103461379185, 0.0203924626112, 0.0281587429345, 0.0238276943564, 0.0221949033439, 0.0164230447263, 0.00753787765279, 0.00662886025384, 0.00696704909205, 0.00654267054051, 0.00637112278491, 0.003147469135, 0.00342535320669, 0.00915747322142, 0.0181020498276, 0.0154957426712, 0.00946617219597], "mean": [0.0294373501092, 0.0213204920292, 0.0135934008285, 0.0138623500243, 0.0159918423742, 0.0577747933567, 0.24926006794, 0.288867413998, 0.102133244276, 0.0213136710227, 0.0167509317398, 0.0484990552068, 0.147539526224, 0.151348412037, 0.0582081787288, 0.0228038653731, 0.00961611699313, 0.0145961642265, 0.0482897982001, 0.0593105405569, 0.115720167756, 0.442834049463, 0.512038350105, 0.343843072653, 0.351557344198, 0.175275653601, 0.0175002459437, 0.0450782515109, 0.0566079095006, 0.0276919566095, 0.00810284167528, 0.00834114104509, 0.0766085237265, 0.265634983778, 0.239044263959, 0.0596036426723], "dvar2": [0.0164608936757, 0.0129854576662, 0.0116609474644, 0.00999646820128, 0.0145479394123, 0.030319923535, 0.0419041328132, 0.0481229647994, 0.032324437052, 0.0233784466982, 0.0199429169297, 0.0263876989484, 0.0421430617571, 0.0388530902565, 0.0262168403715, 0.0122430576012, 0.00748895807192, 0.00839556753635, 0.0209071934223, 0.0265952758491, 0.0551980100572, 0.0729221627116, 0.0523855797946, 0.0584241971374, 0.0374626293778, 0.0192326903343, 0.0195930339396, 0.0184243097901, 0.0162516217679, 0.0167768467218, 0.00889508984983, 0.00925657618791, 0.0231610964984, 0.0379636995494, 0.0331922993064, 0.0232001487166], "min": [0, 0, 0, 0, 0, 0, 0, 0, 0, 0, 0, 0, 0, 0, 0, 0, 0, 0, 0, 0, 0, 0, 0, 0, 0, 0, 0, 0, 0, 0, 0, 0, 0, 0, 0, 0], "var": [0.0131471846253, 0.00883950665593, 0.00342658674344, 0.00332194473594, 0.00444781966507, 0.0124639729038, 0.0861535146832, 0.109733015299, 0.0278516355902, 0.0100324042141, 0.00694445380941, 0.0190880913287, 0.0904072150588, 0.0957420915365, 0.0179917067289, 0.00477227941155, 0.00182400178164, 0.00270144152455, 0.011607805267, 0.0175633579493, 0.0273622516543, 0.111518904567, 0.145718351007, 0.0769540145993, 0.124081738293, 0.031693469733, 0.00621009478346, 0.0205291528255, 0.0276527181268, 0.0108000552282, 0.00227543129586, 0.00268807355314, 0.0155378272757, 0.114944681525, 0.0940565466881, 0.0148773817345], "median": [0.00253839790821, 0.00230960780755, 0.00338493497111, 0.00278296740726, 0.00180624017958, 0.0180176533759, 0.110749289393, 0.127597615123, 0.0336031615734, 0.00147646362893, 0.00193901115563, 0.00311769056134, 0.00279125059023, 0.00262792641297, 0.00863689184189, 0.00707674073055, 0.00258941529319, 0.00222137826495, 0.0100408252329, 0.012418021448, 0.0587131716311, 0.4055313766, 0.466720104218, 0.293226063251, 0.217080980539, 0.109269276261, 0.00174841587432, 0.0075018289499, 0.0091935871169, 0.00346541940235, 0.000557914725505, 0.000628375331871, 0.0223950836807, 0.0866209194064, 0.0809540897608, 0.0173661150038]}}, "lowlevel": {"melbands_flatness_db": {"dmean": 0.0107557922602, "dmean2": 0.0156324990094, "max": 0.515674352646, "dvar": 0.000152311549755, "mean": 0.293771952391, "dvar2": 0.00032049883157, "min": 0.00112505664583, "var": 0.0050003817305, "median": 0.296276926994}, "melbands_crest": {"dmean": 1.64306867123, "dmean2": 2.49822115898, "max": 36.5518074036, "dvar": 3.18518829346, "mean": 15.5086145401, "dvar2": 7.79157161713, "min": 1.43239176273, "var": 30.2380275726, "median": 14.9747362137}, "spectral_entropy": {"dmean": 0.0862783491611, "dmean2": 0.121971845627, "max": 9.82326602936, "dvar": 0.0118155153468, "mean": 6.87725114822, "dvar2": 0.0215934105217, "min": 5.75267696381, "var": 0.288697302341, "median": 6.80232620239}, "melbands": {"dmean": [0.000249559554504, 0.000247860822128, 0.000161860880326, 0.000166782818269, 0.000135652895551, 6.21570070507e-05, 0.000110033972305, 0.000187223529792, 0.000107907355414, 3.50427908415e-05, 4.5964079618e-05, 3.40063852491e-05, 3.45146181644e-05, 2.46681502176e-05, 1.57559770741e-05, 9.99080293695e-06, 6.87918645781e-06, 1.12769475891e-05, 3.20799199471e-06, 1.9342626274e-06, 1.4549352727e-06, 1.0718761132e-06, 1.50649395891e-06, 8.50972469379e-07, 3.78054068051e-07, 5.30389115738e-07, 4.01034810693e-07, 2.77612940636e-07, 1.27497102653e-07, 7.44980255263e-08, 1.51461279074e-07, 1.76890694092e-07, 2.02165821861e-07, 2.02607040478e-07, 1.30852157554e-07, 1.08719369507e-07, 8.25078529942e-08, 6.04945995519e-08, 8.18337611008e-08, 7.48969100073e-08], "dmean2": [0.00036157888826, 0.000370287365513, 0.000233111233683, 0.000241963804001, 0.00019431966939, 8.11146965134e-05, 0.000140659321914, 0.000252884085057, 0.000150406442117, 5.01395952597e-05, 6.32044029771e-05, 4.72675237688e-05, 5.14219682373e-05, 3.73614602722e-05, 2.4369397579e-05, 1.49087018144e-05, 1.09431421151e-05, 1.73489825102e-05, 4.79429263578e-06, 3.05032676806e-06, 2.22028393182e-06, 1.74536160102e-06, 2.36211167248e-06, 1.27785199311e-06, 5.86178998674e-07, 8.09204550478e-07, 6.31743887425e-07, 4.25810100069e-07, 1.90437589254e-07, 1.15986793503e-07, 2.15446590346e-07, 2.54402579003e-07, 2.90269241532e-07, 2.91407161512e-07, 1.84152980864e-07, 1.53693761717e-07, 1.20394943792e-07, 8.75905357134e-08, 1.25311188981e-07, 1.09918154578e-07], "max": [0.0592515915632, 0.0413294099271, 0.0266900733113, 0.0125867733732, 0.0117757013068, 0.0130942193791, 0.0246093254536, 0.0190086085349, 0.0146465860307, 0.0216732136905, 0.00758122466505, 0.0109785860404, 0.00789072550833, 0.00919787213206, 0.00322710233741, 0.00242620706558, 0.000998145667836, 0.00153132877313, 0.000874315563124, 0.000620824866928, 0.000423938588938, 0.000182442265213, 0.000210193349631, 0.00016287874314, 0.000233127357205, 0.000225818919716, 0.000389994005673, 0.000174282729859, 6.83365724399e-05, 4.83611038362e-05, 0.000179691647645, 0.000125529259094, 0.000164464450791, 0.000149964354932, 9.83621139312e-05, 7.23440971342e-05, 5.62064597034e-05, 2.0223111278e-05, 3.63556137017e-05, 2.55567865679e-05], "dvar": [4.29508361321e-07, 9.60527358984e-07, 3.097093213e-07, 1.42147740689e-07, 1.39906774166e-07, 4.19566745791e-08, 1.93325107034e-07, 3.47736516915e-07, 1.70920145592e-07, 4.28591491186e-08, 4.14835348295e-08, 2.9652241551e-08, 4.10444300769e-08, 2.31430448139e-08, 3.2787916826e-09, 2.0888510921e-09, 6.38264996411e-10, 1.95334126651e-09, 2.23784546449e-10, 6.93322343981e-11, 4.48306808343e-11, 1.80906262193e-11, 3.22240706341e-11, 1.19091559531e-11, 1.20113250943e-11, 2.07882426551e-11, 1.82278463157e-11, 4.27616145618e-12, 7.06499149548e-13, 3.90618906578e-13, 3.72801269022e-12, 3.75900179039e-12, 5.06302595335e-12, 5.81747107084e-12, 1.71875339482e-12, 1.49423594158e-12, 9.41224528872e-13, 1.78640725801e-13, 3.72873498571e-13, 3.67554484028e-13], "mean": [0.00153422937728, 0.00110423995648, 0.000596583937295, 0.000574323232286, 0.000447835162049, 0.000230204328545, 0.000361161190085, 0.000532350735739, 0.000308276503347, 0.000106322433567, 0.00014411493612, 9.19006197364e-05, 8.80101943039e-05, 6.97295981809e-05, 3.8868682168e-05, 2.70864711638e-05, 1.45919148054e-05, 2.32339843933e-05, 8.30835597299e-06, 4.79799382447e-06, 3.82554708267e-06, 2.56987846114e-06, 4.45192927145e-06, 2.51113510785e-06, 9.91176307252e-07, 1.2067945363e-06, 9.54314259616e-07, 7.06735988842e-07, 3.37292476615e-07, 1.83357457217e-07, 2.94825923675e-07, 3.748742472e-07, 4.89825367822e-07, 4.403175069e-07, 2.7687229931e-07, 2.04107067248e-07, 1.54838772914e-07, 1.25543053286e-07, 1.76664613605e-07, 1.56399778461e-07], "dvar2": [7.74866123265e-07, 2.0886366201e-06, 6.85731436079e-07, 3.56541846713e-07, 3.00614431126e-07, 7.76506681177e-08, 3.8228913013e-07, 7.4152922025e-07, 3.58385278787e-07, 8.95455016803e-08, 8.04680055921e-08, 5.59843194026e-08, 9.51254790493e-08, 5.9885358894e-08, 7.83162779072e-09, 4.60301130545e-09, 1.60375634994e-09, 4.63238913895e-09, 5.02901720267e-10, 1.71274924798e-10, 1.0662804667e-10, 4.95661740818e-11, 7.73961936207e-11, 2.90381104578e-11, 2.88621036793e-11, 5.37538694112e-11, 3.7991384344e-11, 8.08294403631e-12, 1.6275773047e-12, 9.69616856424e-13, 7.90057429201e-12, 7.95835966572e-12, 1.00763234562e-11, 1.12308868802e-11, 3.26922256627e-12, 3.17324378579e-12, 2.2031653845e-12, 3.60625890044e-13, 8.99742194811e-13, 7.9325191164e-13], "min": [7.34684206226e-25, 4.53686873494e-25, 1.06922601524e-24, 9.89829827536e-25, 1.11481201898e-24, 1.10257796963e-24, 7.05159706341e-25, 1.89879608748e-24, 1.26426280216e-24, 1.60317342147e-24, 2.43847949856e-24, 2.54710623686e-24, 2.09559183699e-24, 1.48056816655e-24, 2.8457912609e-24, 2.6025035995e-24, 2.19321120465e-24, 3.32131503684e-24, 2.32902110366e-24, 3.42135088266e-24, 2.08699108376e-24, 3.17130445824e-24, 3.49463408861e-24, 4.12066700324e-24, 3.20771157231e-24, 3.63360298111e-24, 4.4680774016e-24, 4.99866642974e-24, 4.18370093387e-24, 4.60241331401e-24, 4.19751822706e-24, 3.77717566586e-24, 4.98456593549e-24, 4.34106803484e-24, 4.71648457305e-24, 5.03883641032e-24, 5.10268405098e-24, 5.41153966145e-24, 4.35539217116e-24, 5.94326188829e-24], "var": [1.01517762232e-05, 6.61386275169e-06, 1.2603252344e-06, 6.34140462807e-07, 8.6860529791e-07, 2.3393157278e-07, 9.094685538e-07, 1.55002453539e-06, 1.04869843653e-06, 2.73500745607e-07, 3.03850413275e-07, 1.74035349687e-07, 1.58515604198e-07, 1.27913651227e-07, 1.26341292983e-08, 1.14512168636e-08, 2.12699058366e-09, 5.89363313708e-09, 1.04504527254e-09, 2.53053605848e-10, 1.9947329899e-10, 5.50490764084e-11, 1.62933153081e-10, 6.25247353891e-11, 2.06196518193e-11, 4.15018609756e-11, 2.48025090049e-11, 1.22411733527e-11, 1.94892799815e-12, 1.08525157177e-12, 8.52822760328e-12, 9.20286329781e-12, 1.26051035929e-11, 1.31493323174e-11, 4.80590697446e-12, 3.43736996332e-12, 1.67200021189e-12, 4.87922365271e-13, 7.39255987155e-13, 9.0669355704e-13], "median": [0.000475629320135, 0.00030958399293, 0.000211912294617, 0.000320512684993, 8.87628702912e-05, 6.07575930189e-05, 6.07447764196e-05, 8.67573326104e-05, 2.28459648497e-05, 1.46004422277e-05, 8.89021430339e-06, 6.93026140652e-06, 1.18482148537e-05, 4.55351255368e-06, 6.50531001156e-06, 2.95340373668e-06, 2.0029440293e-06, 2.14654255615e-06, 1.46952913838e-06, 1.15428724712e-06, 9.93154003481e-07, 5.5903547036e-07, 5.82094628498e-07, 4.28579312484e-07, 2.71522623052e-07, 2.92193305995e-07, 2.68158515837e-07, 1.85262194918e-07, 1.20968493889e-07, 6.80367122641e-08, 4.14466931886e-08, 2.62055124267e-08, 1.80434458485e-08, 1.24869892204e-08, 1.09575086782e-08, 6.11413675244e-09, 4.64945548728e-09, 4.77132644505e-09, 4.98298780016e-09, 3.91528454102e-09]}, "silence_rate_60dB": {"dmean": 0.0134385041893, "dmean2": 0.0268789716065, "max": 1, "dvar": 0.0132597330958, "mean": 0.215803697705, "dvar2": 0.0290810354054, "min": 0, "var": 0.169264003634, "median": 0}, "spectral_energyband_middle_high": {"dmean": 0.000692385132425, "dmean2": 0.00100568914786, "max": 0.108473353088, "dvar": 6.05901368544e-06, "mean": 0.00284037273377, "dvar2": 1.31940178107e-05, "min": 1.10571459971e-21, "var": 6.60191653878e-05, "median": 0.000413743633544}, "erbbands_skewness": {"dmean": 0.209732413292, "dmean2": 0.304982692003, "max": 3.89336109161, "dvar": 0.0505006238818, "mean": 0.811605811119, "dvar2": 0.107892617583, "min": -3.16204810143, "var": 0.473893046379, "median": 0.806348264217}, "dynamic_complexity": 7.0112862587, "dissonance": {"dmean": 0.0184540767223, "dmean2": 0.0304042324424, "max": 0.500000119209, "dvar": 0.000422528071795, "mean": 0.440388560295, "dvar2": 0.00113918620627, "min": 0.12088753283, "var": 0.00135769962799, "median": 0.447306126356}, "spectral_skewness": {"dmean": 0.254740446806, "dmean2": 0.430487751961, "max": 6.55822086334, "dvar": 0.0604050084949, "mean": 2.42141795158, "dvar2": 0.164537549019, "min": -0.0932918265462, "var": 0.44517865777, "median": 2.3969438076}, "spectral_kurtosis": {"dmean": 2.93257117271, "dmean2": 5.08182477951, "max": 70.0915985107, "dvar": 10.02937603, "mean": 10.5894031525, "dvar2": 29.3446426392, "min": -1.26774442196, "var": 34.0502090454, "median": 9.47793769836}, "gfcc": {"cov": [[33167.8242188, 3340.23364258, -2549.9140625, 140.723968506, -1890.74645996, 370.716705322, -1182.87609863, 156.224029541, -259.229736328, -52.7975311279, -26.8663597107, -50.8577957153, -179.437576294], [3340.23364258, 1354.84277344, -404.244842529, -20.0591869354, 73.0138397217, -159.990982056, 53.9778327942, -94.1373977661, -40.492099762, 30.4600334167, 98.2777099609, -38.8919219971, 11.3862581253], [-2549.9140625, -404.244842529, 793.248291016, 133.692001343, 150.560150146, 82.2058944702, 103.657333374, 45.1761779785, 51.3515472412, 22.4179649353, -12.1765289307, -0.494106531143, 2.39834499359], [140.723968506, -20.0591869354, 133.692001343, 265.988128662, 103.417892456, 29.8670692444, 41.1067428589, 43.1303939819, 50.0300865173, 1.34899818897, -15.265080452, -9.35599327087, 31.1407546997], [-1890.74645996, 73.0138397217, 150.560150146, 103.417892456, 391.93661499, -64.7957229614, 210.270782471, -16.668674469, 23.1542644501, 30.7603054047, 22.6571426392, -15.9858608246, 42.2369003296], [370.716705322, -159.990982056, 82.2058944702, 29.8670692444, -64.7957229614, 184.622955322, 9.68423748016, 79.9512557983, 22.4835929871, -6.89013767242, -6.68647003174, 22.2389831543, 2.01782798767], [-1182.87609863, 53.9778327942, 103.657333374, 41.1067428589, 210.270782471, 9.68423748016, 247.007904053, 32.3172340393, 21.5402145386, 20.1735839844, 18.0022220612, -1.55412209034, 28.8047885895], [156.224029541, -94.1373977661, 45.1761779785, 43.1303939819, -16.668674469, 79.9512557983, 32.3172340393, 123.42288208, 42.8994102478, 6.32434558868, -3.64080452919, 3.2672355175, 16.5551891327], [-259.229736328, -40.492099762, 51.3515472412, 50.0300865173, 23.1542644501, 22.4835929871, 21.5402145386, 42.8994102478, 103.023223877, 24.5347003937, 21.7529010773, 2.87941861153, 15.8529090881], [-52.7975311279, 30.4600334167, 22.4179649353, 1.34899818897, 30.7603054047, -6.89013767242, 20.1735839844, 6.32434558868, 24.5347003937, 86.9517669678, 30.138753891, 3.4962182045, 0.325952619314], [-26.8663597107, 98.2777099609, -12.1765289307, -15.265080452, 22.6571426392, -6.68647003174, 18.0022220612, -3.64080452919, 21.7529010773, 30.138753891, 77.822013855, 20.207485199, 11.1198291779], [-50.8577957153, -38.8919219971, -0.494106531143, -9.35599327087, -15.9858608246, 22.2389831543, -1.55412209034, 3.2672355175, 2.87941861153, 3.4962182045, 20.207485199, 63.4891662598, 18.3204517365], [-179.437576294, 11.3862581253, 2.39834499359, 31.1407546997, 42.2369003296, 2.01782798767, 28.8047885895, 16.5551891327, 15.8529090881, 0.325952619314, 11.1198291779, 18.3204517365, 64.7403869629]], "mean": [-128.152709961, 140.727081299, -98.5252304077, 15.1324911118, -43.6148071289, 5.09128427505, -27.9450759888, 5.61237335205, -18.886926651, 4.72589874268, -8.85785865784, -3.76143264771, -9.36863327026], "icov": [[0.00013174272317, -0.000368043431081, 0.000225197261898, -0.000410565029597, 0.000458117603557, -0.000402604084229, 0.00030390205211, -0.000245363742579, 0.000286940194201, -0.000243256785325, 0.000210295664147, -1.47313494381e-05, 0.00015922752209], [-0.000368043431081, 0.00221306364983, -4.97454275319e-05, 0.000661120051518, -0.00103036058135, 0.00161370472051, -0.00145156460349, 0.00117483211216, -0.000240052264417, 0.000581243308261, -0.00233529694378, 0.00113931891974, -0.000623582513072], [0.000225197261898, -4.97454275319e-05, 0.00225719623268, -0.00138239806984, 0.000259373569861, -0.00128467555624, 0.000136054324685, -3.82031576009e-05, 0.000334781565471, -0.000737855909392, 3.45324792761e-06, 0.000253737234743, 0.000883644330315], [-0.000410565029597, 0.000661120051518, -0.00138239806984, 0.0069147804752, -0.00346164079383, 0.000267908442765, 0.000596001686063, -0.00037981220521, -0.0030036510434, 0.00117767020129, 0.00164122285787, 0.000303782260744, -0.00208538700826], [0.000458117603557, -0.00103036058135, 0.000259373569861, -0.00346164079383, 0.00869636796415, 0.000966493447777, -0.00446779699996, 0.00129306782037, 0.00121801532805, -0.00169693538919, -0.000384970509913, 0.00152384489775, -0.00159486324992], [-0.000402604084229, 0.00161370472051, -0.00128467555624, 0.000267908442765, 0.000966493447777, 0.0107448706403, -0.00261337170377, -0.00405470654368, -0.000356242147973, 0.00154810526874, -0.00120698346291, -0.00258797081187, 0.000772316067014], [0.00030390205211, -0.00145156460349, 0.000136054324685, 0.000596001686063, -0.00446779699996, -0.00261337170377, 0.00991894397885, -0.00345753203146, 0.000714213121682, -0.000493831350468, 0.000838461972307, -0.000659040524624, 0.000143161276355], [-0.000245363742579, 0.00117483211216, -3.82031576009e-05, -0.00037981220521, 0.00129306782037, -0.00405470654368, -0.00345753203146, 0.015145348385, -0.00443352013826, -0.000621511368081, 0.00047601069673, 0.00242312648334, -0.00343307200819], [0.000286940194201, -0.000240052264417, 0.000334781565471, -0.0030036510434, 0.00121801532805, -0.000356242147973, 0.000714213121682, -0.00443352013826, 0.0147999133915, -0.00287815160118, -0.0041390042752, 0.00141189584974, -0.000995858339593], [-0.000243256785325, 0.000581243308261, -0.000737855909392, 0.00117767020129, -0.00169693538919, 0.00154810526874, -0.000493831350468, -0.000621511368081, -0.00287815160118, 0.014787606895, -0.00511013483629, -0.00016149203293, 0.00167563685682], [0.000210295664147, -0.00233529694378, 3.45324792761e-06, 0.00164122285787, -0.000384970509913, -0.00120698346291, 0.000838461972307, 0.00047601069673, -0.0041390042752, -0.00511013483629, 0.0210078917444, -0.00672270171344, -0.000668655149639], [-1.47313494381e-05, 0.00113931891974, 0.000253737234743, 0.000303782260744, 0.00152384489775, -0.00258797081187, -0.000659040524624, 0.00242312648334, 0.00141189584974, -0.00016149203293, -0.00672270171344, 0.0217305999249, -0.00697626080364], [0.00015922752209, -0.000623582513072, 0.000883644330315, -0.00208538700826, -0.00159486324992, 0.000772316067014, 0.000143161276355, -0.00343307200819, -0.000995858339593, 0.00167563685682, -0.000668655149639, -0.00697626080364, 0.0211227145046]]}, "spectral_complexity": {"dmean": 1.05755186081, "dmean2": 1.7408516407, "max": 38, "dvar": 1.66085934639, "mean": 8.78792095184, "dvar2": 3.51655912399, "min": 0, "var": 31.4407749176, "median": 8}, "spectral_flux": {"dmean": 0.00906988419592, "dmean2": 0.0147363916039, "max": 0.323994487524, "dvar": 0.000239362780121, "mean": 0.0303880348802, "dvar2": 0.000587895512581, "min": 6.20050399913e-11, "var": 0.00105215876829, "median": 0.0189108345658}, "spectral_energyband_low": {"dmean": 0.00128206715453, "dmean2": 0.00188408349641, "max": 0.256087690592, "dvar": 1.58472867042e-05, "mean": 0.00763177033514, "dvar2": 3.22159467032e-05, "min": 1.36546206004e-23, "var": 0.000210244426853, "median": 0.00300640333444}, "spectral_decrease": {"dmean": 7.95009169607e-10, "dmean2": 1.10232423189e-09, "max": 1.5642794366e-17, "dvar": 2.89104442414e-18, "mean": -5.28678123501e-09, "dvar2": 5.7147273951e-18, "min": -7.18976522762e-08, "var": 4.31824741874e-17, "median": -3.00482505544e-09}, "barkbands_spread": {"dmean": 1.40082812309, "dmean2": 2.0061776638, "max": 131.740707397, "dvar": 12.3478870392, "mean": 9.73251247406, "dvar2": 20.181344986, "min": 0.701556563377, "var": 98.2540817261, "median": 7.73902273178}, "spectral_rms": {"dmean": 0.000281428190647, "dmean2": 0.000386440631701, "max": 0.0163582805544, "dvar": 2.00634801217e-07, "mean": 0.00374632328749, "dvar2": 3.72735883047e-07, "min": 3.1055529242e-12, "var": 6.21685558144e-06, "median": 0.00337483547628}, "spectral_centroid": {"dmean": 56.9867401123, "dmean2": 81.7292480469, "max": 11796.7167969, "dvar": 27679.9921875, "mean": 777.823852539, "dvar2": 54125.7460938, "min": 178.593048096, "var": 1694719.5, "median": 556.760864258}, "barkbands_skewness": {"dmean": 0.274373471737, "dmean2": 0.399277120829, "max": 10.2790632248, "dvar": 0.100775815547, "mean": 1.90302526951, "dvar2": 0.211786523461, "min": -2.92292785645, "var": 1.92021870613, "median": 1.71310770512}, "spectral_rolloff": {"dmean": 106.176383972, "dmean2": 175.654067993, "max": 19745.9472656, "dvar": 210073.96875, "mean": 967.80670166, "dvar2": 401808.71875, "min": 64.599609375, "var": 7181646, "median": 495.263671875}, "erbbands_spread": {"dmean": 3.03845739365, "dmean2": 4.25361299515, "max": 148.591186523, "dvar": 24.7898082733, "mean": 26.1092071533, "dvar2": 46.0005149841, "min": 3.9865834713, "var": 189.648574829, "median": 23.8992729187}, "barkbands": {"dmean": [0.000149513987708, 0.000912177318241, 0.000361816491932, 0.000377768359613, 0.000873068405781, 0.000314029166475, 0.00070837943349, 0.000793767452706, 0.000305500434479, 0.000306695554173, 0.000218176879571, 0.000242883179453, 9.31263639359e-05, 0.00011225023627, 5.76402126171e-05, 2.13542170968e-05, 1.59096925927e-05, 2.23950519285e-05, 1.11177869258e-05, 8.97983318282e-06, 4.01522356697e-06, 8.99976839719e-06, 8.52263565321e-06, 6.06846424489e-06, 7.05058255335e-06, 2.75908928415e-06, 1.34439289923e-07], "dmean2": [0.00025754343369, 0.00131325388793, 0.000564730202314, 0.000539773260243, 0.0012830349151, 0.000410677894251, 0.000900732527953, 0.00109789497219, 0.000425633217674, 0.000430601881817, 0.000319624203257, 0.000374464550987, 0.000141392752994, 0.000178706613951, 8.44182650326e-05, 3.26408007822e-05, 2.57071187661e-05, 3.41974773619e-05, 1.69231916516e-05, 1.36838043545e-05, 5.99093027631e-06, 1.24348580357e-05, 1.20356189655e-05, 8.63654713612e-06, 9.99774874799e-06, 3.7416637042e-06, 1.86276551517e-07], "max": [0.0143254287541, 0.226809456944, 0.0919058695436, 0.0785535499454, 0.0500840060413, 0.0542703084648, 0.110080547631, 0.0933942943811, 0.14801260829, 0.0545836985111, 0.0535064488649, 0.0683645009995, 0.021325616166, 0.0187644530088, 0.0116864880547, 0.00502008898184, 0.00266520772129, 0.00300389574841, 0.00579762458801, 0.00581854023039, 0.0031830559019, 0.00627557048574, 0.00649745063856, 0.00273994007148, 0.00344991055317, 0.00247172336094, 6.18161502643e-05], "dvar": [1.26732246031e-07, 7.58843862059e-06, 3.46924957739e-06, 2.20141691898e-06, 3.65273035641e-06, 7.85878967235e-07, 5.4819252e-06, 9.56858275458e-06, 2.55751297118e-06, 2.37397307501e-06, 2.00552267415e-06, 1.49646746195e-06, 1.61727925274e-07, 2.069505598e-07, 6.50803215763e-08, 8.29521162871e-09, 3.71898445373e-09, 6.8180368018e-09, 9.93183402187e-09, 6.09517325501e-09, 1.32727495661e-09, 9.4842063092e-09, 8.97435992187e-09, 2.96291347013e-09, 3.53567641831e-09, 6.40271780039e-10, 1.11583604769e-12], "mean": [0.000689124804921, 0.0054773343727, 0.000911251117941, 0.00135309668258, 0.00289092678577, 0.00105729151983, 0.00231259386055, 0.00212579779327, 0.000962738879025, 0.000858607701957, 0.000543761241715, 0.00064722931711, 0.000254208833212, 0.000219251378439, 0.000151239306433, 5.6836866861e-05, 3.95702918468e-05, 7.01220487827e-05, 2.72236266028e-05, 2.42163987423e-05, 9.9699891507e-06, 2.1941255909e-05, 1.83602915058e-05, 1.25992792164e-05, 1.64267567015e-05, 6.06681396675e-06, 2.91277956421e-07], "dvar2": [3.53999638492e-07, 1.41007167258e-05, 7.86673535913e-06, 4.60938645119e-06, 9.17634406505e-06, 1.38782888826e-06, 1.0567658137e-05, 2.0065355784e-05, 5.35142225999e-06, 4.72637157145e-06, 4.41484326075e-06, 3.88080661651e-06, 3.65377701428e-07, 5.29033343355e-07, 1.34493078008e-07, 2.03501926421e-08, 9.75378000589e-09, 1.61195483628e-08, 2.51702179099e-08, 1.1955219037e-08, 3.09842040913e-09, 1.84726012264e-08, 1.72967897782e-08, 6.60321575197e-09, 7.27225568653e-09, 1.11797038294e-09, 1.76258215922e-12], "min": [1.15285710411e-25, 1.39713133468e-24, 4.77372619388e-25, 1.17059698349e-25, 6.91468295635e-24, 4.53323060705e-24, 2.3534949216e-24, 6.88214638831e-24, 1.21120251884e-23, 9.25963747257e-24, 1.15397381561e-23, 1.43348600921e-23, 2.88748681959e-23, 2.60478336807e-23, 4.53289636668e-23, 3.59386600628e-23, 6.02842959931e-23, 7.6948862709e-23, 8.71434888921e-23, 1.58516941469e-22, 2.31846194801e-22, 2.83182334261e-22, 2.66604895654e-22, 5.33995723962e-22, 8.56772817214e-22, 1.19235449873e-21, 1.89189453905e-21], "var": [1.83107704288e-06, 0.000142130578752, 7.8358925748e-06, 9.58829969022e-06, 1.63931508723e-05, 4.8850370149e-06, 2.7940781365e-05, 4.59416951344e-05, 1.92946881725e-05, 1.58255879796e-05, 7.84465919423e-06, 7.91845650383e-06, 8.88750264494e-07, 5.67705569665e-07, 2.84548121954e-07, 3.51904212437e-08, 1.21750698412e-08, 4.21064960676e-08, 1.85078050663e-08, 1.25023511544e-08, 3.88845844412e-09, 2.57159200601e-08, 2.33023733642e-08, 6.19832318804e-09, 1.05643449544e-08, 3.06989766941e-09, 4.810646239e-12], "median": [0.000178609843715, 0.00166139600333, 0.000212426530197, 0.000294930912787, 0.00140068656765, 0.000217591994442, 0.000455971457995, 0.000141507727676, 0.000118119613035, 3.52058086719e-05, 7.24491037545e-05, 5.16990476171e-05, 3.24445536535e-05, 2.26408446906e-05, 2.67536051979e-05, 1.49052011693e-05, 9.32860621106e-06, 9.14591510082e-06, 6.91908871886e-06, 6.91034665579e-06, 3.10376185553e-06, 1.09300935947e-06, 6.6258996867e-07, 4.37889525529e-07, 4.43296187314e-07, 2.36504760665e-07, 3.67262664724e-08]}, "melbands_kurtosis": {"dmean": 3.34265732765, "dmean2": 4.76978540421, "max": 208.156677246, "dvar": 34.8403816223, "mean": 15.250837326, "dvar2": 71.3885803223, "min": -1.62349319458, "var": 391.302856445, "median": 8.44169425964}, "erbbands_crest": {"dmean": 1.67215847969, "dmean2": 2.37827420235, "max": 29.2863941193, "dvar": 3.4288315773, "mean": 10.4862165451, "dvar2": 7.77847337723, "min": 2.16048455238, "var": 20.3601970673, "median": 9.73313713074}, "melbands_skewness": {"dmean": 0.33553186059, "dmean2": 0.47700458765, "max": 10.8983564377, "dvar": 0.166557624936, "mean": 2.554063797, "dvar2": 0.343233734369, "min": -0.822788894176, "var": 2.77724528313, "median": 2.23543334007}, "spectral_energyband_middle_low": {"dmean": 0.00223822076805, "dmean2": 0.00303750997409, "max": 0.157630339265, "dvar": 2.46765848715e-05, "mean": 0.0108256880194, "dvar2": 5.07867116539e-05, "min": 1.38866252237e-22, "var": 0.000217000677367, "median": 0.00536725809798}, "spectral_contrast_coeffs": {"dmean": [0.028087830171, 0.0277575738728, 0.0230892412364, 0.0202784016728, 0.0133410170674, 0.0105248624459], "dmean2": [0.044432785362, 0.0409544073045, 0.0362916775048, 0.0331188328564, 0.0219878964126, 0.0171169899404], "max": [-0.35439825058, -0.328388929367, -0.401066482067, -0.544200658798, -0.601590871811, -0.641848623753], "dvar": [0.000771063147113, 0.000729971390683, 0.000423803750891, 0.000325259636156, 0.000139800729812, 9.3424860097e-05], "mean": [-0.658312082291, -0.698024868965, -0.750627100468, -0.755550324917, -0.776429355145, -0.796385526657], "dvar2": [0.00211049919017, 0.00166955869645, 0.00105658033863, 0.000805581163149, 0.000353679177351, 0.000222314934945], "min": [-0.984511017799, -0.988782227039, -0.98830229044, -0.981924831867, -0.981832683086, -0.966741800308], "var": [0.00883253477514, 0.00958305969834, 0.00587437301874, 0.00377879058942, 0.00222343602218, 0.00174496253021], "median": [-0.659046828747, -0.705025732517, -0.76432299614, -0.762748241425, -0.772920966148, -0.795063257217]}, "spectral_contrast_valleys": {"dmean": [0.230487182736, 0.225115954876, 0.208048373461, 0.183320611715, 0.144079715014, 0.133130148053], "dmean2": [0.375931292772, 0.342820346355, 0.334458470345, 0.303475022316, 0.234807595611, 0.204548344016], "max": [-5.19962692261, -4.50038099289, -5.62142705917, -6.28901004791, -6.43086481094, -7.76526069641], "dvar": [0.06372846663, 0.0642761364579, 0.0490969605744, 0.044012401253, 0.0370000973344, 0.038920711726], "mean": [-7.87309360504, -7.7777466774, -8.65653800964, -9.35560894012, -9.70088768005, -12.227935791], "dvar2": [0.161004841328, 0.129622682929, 0.100891768932, 0.0869886130095, 0.0643071681261, 0.0597065873444], "min": [-28.1494579315, -28.1744480133, -28.1206169128, -27.6695861816, -27.5946998596, -27.427280426], "var": [7.42422008514, 7.58891105652, 6.7225933075, 6.26633453369, 5.983689785, 4.91194391251], "median": [-7.34251689911, -7.31068181992, -8.2489824295, -8.9728269577, -9.31785297394, -12.0481548309]}, "silence_rate_20dB": {"dmean": 0, "dmean2": 0, "max": 1, "dvar": 0, "mean": 1, "dvar2": 0, "min": 1, "var": 0, "median": 1}, "silence_rate_30dB": {"dmean": 0.00569675723091, "dmean2": 0.0113943470642, "max": 1, "dvar": 0.00566391227767, "mean": 0.983568251133, "dvar2": 0.0130192609504, "min": 0, "var": 0.0161627586931, "median": 1}, "spectral_strongpeak": {"dmean": 0.233804643154, "dmean2": 0.376900166273, "max": 11.3967285156, "dvar": 0.279022544622, "mean": 0.778176188469, "dvar2": 0.650754094124, "min": 0, "var": 1.54313635826, "median": 0.286842823029}, "spectral_spread": {"dmean": 267199.96875, "dmean2": 413324.53125, "max": 42888220, "dvar": 462423195648, "mean": 3934528, "dvar2": 849663623168, "min": 1107090.75, "var": 21908156317700.0, "median": 3219971.75}, "barkbands_flatness_db": {"dmean": 0.009849563241, "dmean2": 0.0144349653274, "max": 0.375992208719, "dvar": 0.000116063652968, "mean": 0.1983397156, "dvar2": 0.000249968725257, "min": 0.0351871661842, "var": 0.00231192004867, "median": 0.199856847525}, "pitch_salience": {"dmean": 0.0361763723195, "dmean2": 0.0556815378368, "max": 0.972013950348, "dvar": 0.00146233569831, "mean": 0.506962537766, "dvar2": 0.00355858169496, "min": 0.0968542471528, "var": 0.0148319583386, "median": 0.515702545643}, "erbbands_kurtosis": {"dmean": 0.743243873119, "dmean2": 1.10974037647, "max": 21.5133838654, "dvar": 1.10423886776, "mean": 1.43200159073, "dvar2": 2.49114322662, "min": -1.80857789516, "var": 5.61724615097, "median": 0.745339870453}, "average_loudness": 0.126935318112, "barkbands_crest": {"dmean": 1.34053790569, "dmean2": 2.02344727516, "max": 24.6537570953, "dvar": 2.15932941437, "mean": 12.2986278534, "dvar2": 5.1715221405, "min": 3.2413752079, "var": 17.9631710052, "median": 11.6768293381}, "hfc": {"dmean": 1.54771220684, "dmean2": 2.12957024574, "max": 152.253372192, "dvar": 16.0233535767, "mean": 8.86873149872, "dvar2": 31.4445552826, "min": 1.07227350013e-16, "var": 228.731872559, "median": 2.88478755951}, "barkbands_kurtosis": {"dmean": 1.96479105949, "dmean2": 2.85915923119, "max": 157.569290161, "dvar": 11.3680276871, "mean": 8.53322505951, "dvar2": 22.1700382233, "min": -1.93028044701, "var": 130.797668457, "median": 5.11323356628}, "erbbands": {"dmean": [0.027889335528, 0.215399831533, 0.448022603989, 0.801270008087, 1.84535491467, 2.99295806885, 3.60367560387, 2.41014313698, 7.0659070015, 16.0013656616, 14.4479351044, 6.01986169815, 8.63496875763, 7.36480569839, 9.11756515503, 7.01723337173, 4.89707231522, 3.31722259521, 5.27656507492, 2.16939425468, 1.2221955061, 0.966358542442, 1.30208516121, 0.476476550102, 0.582363307476, 0.429440110922, 0.158341616392, 0.206225335598, 0.300750255585, 0.326993227005, 0.20525829494, 0.144314646721, 0.0902205780149, 0.086164817214, 0.0480489879847, 0.01956368424, 0.00335289118811, 0.000349178240867, 2.53364942182e-05, 3.99684495278e-06], "dmean2": [0.0420413948596, 0.308520972729, 0.685009717941, 1.16552448273, 2.62885737419, 4.46954107285, 4.98790311813, 3.12252998352, 9.08059215546, 21.4606666565, 19.8808269501, 8.6945104599, 11.8530006409, 10.2658109665, 13.7999944687, 10.6909828186, 7.40161657333, 5.24926376343, 8.04118824005, 3.35147166252, 1.88073527813, 1.5488011837, 1.99890208244, 0.728700518608, 0.911933004856, 0.650471627712, 0.234782785177, 0.289641737938, 0.414263695478, 0.457092106342, 0.279639601707, 0.205067396164, 0.129641786218, 0.12557515502, 0.068677008152, 0.0271851569414, 0.00442388653755, 0.000439194787759, 3.36071752827e-05, 5.52580513613e-06], "max": [5.91359996796, 50.0708656311, 102.224647522, 167.675918579, 189.161361694, 178.153900146, 331.220794678, 645.754516602, 1879.7097168, 1678.38757324, 1686.43127441, 4025.14038086, 1448.55627441, 2652.98754883, 1736.82836914, 1427.85290527, 1184.21838379, 373.810974121, 626.455200195, 791.727905273, 346.905456543, 166.223190308, 169.127853394, 245.478744507, 248.500396729, 276.887054443, 74.6903533936, 216.646270752, 189.077545166, 237.14781189, 167.400177002, 94.9160614014, 25.5946865082, 35.5252380371, 34.0714645386, 20.3384628296, 1.73185360432, 0.170934200287, 0.0136014176533, 0.000473844149383], "dvar": [0.00431841658428, 0.510881066322, 4.1299571991, 9.46587944031, 28.7321624756, 43.8121566772, 104.024147034, 67.8235931396, 1015.19116211, 2423.04296875, 2917.97460938, 1411.4708252, 1415.11450195, 1498.39794922, 2395.27148438, 818.920898438, 395.987335205, 122.797492981, 420.080810547, 99.1755752563, 30.9009723663, 13.721154213, 23.3716335297, 13.951915741, 23.7127990723, 10.8997707367, 1.0093460083, 5.46120071411, 9.69521141052, 13.0015258789, 4.61433839798, 2.89319062233, 0.402903735638, 0.470831573009, 0.182104170322, 0.0360588133335, 0.000971127185039, 9.06255081645e-06, 4.0285385694e-08, 8.66527821719e-11], "mean": [0.177968770266, 1.07226014137, 1.57785916328, 2.78230214119, 6.61208868027, 9.07302570343, 12.018702507, 9.20419311523, 23.6223430634, 46.629699707, 41.5089912415, 18.26329422, 27.5250358582, 20.5588054657, 25.2453403473, 19.7834911346, 14.3660411835, 8.49201965332, 12.0102062225, 5.60912466049, 3.53511857986, 2.90636634827, 4.15287446976, 1.46058177948, 1.49360263348, 1.14752721786, 0.473521202803, 0.460407286882, 0.71672898531, 0.816866099834, 0.457605749369, 0.283345162868, 0.204147413373, 0.191899135709, 0.1084164083, 0.0423457957804, 0.00766199780628, 0.000811773410533, 6.37390476186e-05, 2.54083242908e-05], "dvar2": [0.00842013675719, 0.993498325348, 9.26542282104, 20.0751018524, 77.0625076294, 113.211830139, 201.370040894, 120.664352417, 2037.06945801, 5125.71142578, 6044.65722656, 3002.11157227, 2713.51025391, 2814.73730469, 5766.48242188, 2008.53967285, 888.940368652, 302.028198242, 960.991149902, 235.846282959, 76.3718566895, 36.6282424927, 55.83618927, 33.6216316223, 57.7398529053, 20.8569869995, 2.22668266296, 11.549580574, 18.3015213013, 21.4443016052, 8.34624481201, 6.62387132645, 0.833054304123, 1.04510450363, 0.348149180412, 0.0634512528777, 0.00175418658182, 1.41920954775e-05, 6.18832700638e-08, 1.57938828682e-10], "min": [7.58624939575e-23, 4.35100384838e-22, 7.57648973485e-22, 5.9086226052e-21, 7.58754115863e-21, 2.11471728591e-20, 3.55188834714e-20, 4.61292745915e-20, 4.99465418662e-20, 1.49936593138e-19, 1.50629835115e-19, 3.4658526454e-19, 4.8783757277e-19, 7.44023525188e-19, 5.72019588613e-19, 7.39188861302e-19, 1.42793221635e-18, 1.72888885413e-18, 2.51965397759e-18, 2.76594493702e-18, 2.37949111792e-18, 3.5933933493e-18, 4.82776023583e-18, 4.57319292077e-18, 6.12047106609e-18, 8.43743498112e-18, 7.91679757742e-18, 8.26879766964e-18, 9.20219406311e-18, 9.75901069245e-18, 8.58533901055e-18, 1.01045405779e-17, 9.77340198075e-18, 7.78848780234e-18, 6.11225344029e-18, 4.14262390524e-18, 2.20198043322e-18, 8.77940550842e-19, 2.48665846674e-19, 2.58641913048e-20], "var": [0.129805505276, 6.66684103012, 14.5088338852, 36.8264160156, 105.100952148, 164.558044434, 704.329162598, 381.472015381, 4697.92138672, 10364.4921875, 16173.3681641, 8466.01269531, 10407.2050781, 8559.46582031, 11427.2695312, 4193.92871094, 2323.54345703, 531.872497559, 1437.73168945, 453.341705322, 148.887451172, 56.6917648315, 143.137802124, 28.5943813324, 48.7721138, 28.5598201752, 3.2889752388, 15.1621332169, 28.8762226105, 38.0861282349, 13.8990831375, 5.53959178925, 1.08264732361, 1.1250385046, 0.648579657078, 0.172194615006, 0.00397098995745, 3.80380370189e-05, 1.82787360359e-07, 1.05736175371e-09], "median": [0.0506709367037, 0.278362303972, 0.465025424957, 0.762367546558, 2.82169985771, 4.10173606873, 2.09681129456, 2.42549777031, 4.14533948898, 9.89416408539, 3.64141559601, 2.89601492882, 1.90869247913, 1.87356054783, 2.99325704575, 2.40041565895, 2.0300116539, 1.30089056492, 1.33071506023, 1.12859833241, 0.88581174612, 0.592574357986, 0.540729224682, 0.395220935345, 0.403126776218, 0.312455743551, 0.177073806524, 0.089732080698, 0.046596057713, 0.0265947282314, 0.0176097173244, 0.0088747786358, 0.00748716620728, 0.00533606018871, 0.00251930602826, 0.00102684576996, 0.000437544425949, 0.000120847354992, 1.93219675566e-05, 1.39774638228e-05]}, "spectral_energy": {"dmean": 0.00311551219784, "dmean2": 0.0043203542009, "max": 0.2742831707, "dvar": 4.44467841589e-05, "mean": 0.0207579433918, "dvar2": 8.78249484231e-05, "min": 9.88557087714e-21, "var": 0.000670095556416, "median": 0.0116742514074}, "zerocrossingrate": {"dmean": 0.00351928384043, "dmean2": 0.00436860322952, "max": 0.55126953125, "dvar": 4.76320383314e-05, "mean": 0.0347741618752, "dvar2": 5.017