{"tonal": {"chords_key": "D", "hpcp_entropy": {"dmean": 0.681765139103, "dmean2": 1.14348137379, "max": 4.64384460449, "dvar": 0.283787190914, "mean": 2.48598361015, "dvar2": 0.760629653931, "min": 0, "var": 0.59809845686, "median": 2.51133513451}, "key_key": "A#", "chords_strength": {"dmean": 0.0121372481808, "dmean2": 0.0141308410093, "max": 0.791680514812, "dvar": 9.78465832304e-05, "mean": 0.523234248161, "dvar2": 0.000140960226418, "min": 0.185510322452, "var": 0.00961041636765, "median": 0.527809143066}, "key_scale": "minor", "chords_number_rate": 0.00228792685084, "thpcp": [1, 0.813415229321, 0.496083974838, 0.358138114214, 0.217118635774, 0.148136258125, 0.141235351562, 0.163817360997, 0.193394884467, 0.249365106225, 0.35579136014, 0.430132806301, 0.360470980406, 0.241118118167, 0.162468850613, 0.121240094304, 0.113796927035, 0.128240451217, 0.186509042978, 0.234210833907, 0.23086643219, 0.225553259254, 0.209877610207, 0.191692516208, 0.248447090387, 0.420551538467, 0.464041292667, 0.305373311043, 0.182259395719, 0.134358108044, 0.123562410474, 0.135979741812, 0.163027986884, 0.179463580251, 0.192610755563, 0.560776174068], "key_strength": 0.487976104021, "tuning_nontempered_energy_ratio": 0.854900717735, "tuning_frequency": 434.193115234, "chords_changes_rate": 0.0879971832037, "tuning_diatonic_strength": 0.459545016289, "chords_scale": "minor", "chords_histogram": [3.13269972801, 7.00457572937, 1.91833865643, 0.0703977495432, 0, 0, 0, 4.62865209579, 31.8725795746, 9.78528690338, 2.5167195797, 0.105596624315, 1.17916226387, 0.316789865494, 0.45758536458, 0.0175994373858, 0.527983129025, 14.5371351242, 9.55649375916, 5.05103826523, 1.3903554678, 4.89264345169, 0.774375200272, 0.263991564512], "tuning_equal_tempered_deviation": 0.250486522913, "hpcp": {"dmean": [0.161838397384, 0.120135076344, 0.0910768508911, 0.0712963268161, 0.0658240392804, 0.0716619640589, 0.0860296785831, 0.104172796011, 0.112921945751, 0.11955871433, 0.115818597376, 0.112963452935, 0.131805732846, 0.146747753024, 0.139075770974, 0.131333038211, 0.0936935544014, 0.0722643733025, 0.0636831447482, 0.0633786171675, 0.0713366493583, 0.079569272697, 0.0936094596982, 0.185493484139, 0.282994806767, 0.23962007463, 0.19914253056, 0.166110545397, 0.117244720459, 0.0904755890369, 0.0862659886479, 0.093078494072, 0.100621499121, 0.132576316595, 0.165680497885, 0.174682796001], "dmean2": [0.28638240695, 0.215201318264, 0.166970223188, 0.132429748774, 0.121148809791, 0.13093303144, 0.152433127165, 0.185998335481, 0.20048867166, 0.215652942657, 0.209051638842, 0.207431852818, 0.240593150258, 0.259026646614, 0.24481920898, 0.234480708838, 0.167951896787, 0.132036864758, 0.114868253469, 0.113601543009, 0.125618338585, 0.141917154193, 0.167517751455, 0.324532806873, 0.494271427393, 0.413284808397, 0.349073112011, 0.292403608561, 0.21277743578, 0.168894276023, 0.16077119112, 0.172090008855, 0.181812942028, 0.240126624703, 0.29226115346, 0.304428428411], "max": [1, 1, 1, 1, 1, 1, 1, 1, 1, 1, 1, 1, 1, 1, 1, 1, 1, 1, 1, 1, 1, 1, 1, 1, 1, 1, 1, 1, 1, 1, 1, 1, 1, 1, 1, 1], "dvar": [0.0520250312984, 0.0415220297873, 0.0354851335287, 0.0273635108024, 0.0244768857956, 0.0285678375512, 0.0304148327559, 0.0359839685261, 0.0408531725407, 0.0457943342626, 0.0442077629268, 0.0453716516495, 0.0467649362981, 0.0496453046799, 0.0493416637182, 0.0469082035124, 0.0348352529109, 0.0284804776311, 0.0232671480626, 0.0198018047959, 0.0212807971984, 0.0244414936751, 0.0317873544991, 0.047188680619, 0.0915414765477, 0.0627267211676, 0.0666996762156, 0.0574045628309, 0.0446261465549, 0.0389128625393, 0.0358162783086, 0.0386970937252, 0.0359632819891, 0.0453395694494, 0.0504582673311, 0.0553794950247], "mean": [0.160827413201, 0.107577048242, 0.0724869593978, 0.0540923736989, 0.0507715381682, 0.0572156459093, 0.083212710917, 0.104495301843, 0.103003166616, 0.10063264519, 0.0936388075352, 0.0855253636837, 0.110846936703, 0.187632903457, 0.20703625679, 0.136245086789, 0.0813166946173, 0.0599450990558, 0.0551284961402, 0.0606686025858, 0.0727364271879, 0.0800693109632, 0.085935048759, 0.250195413828, 0.446159124374, 0.362912625074, 0.221332386136, 0.159786581993, 0.0968694612384, 0.0660923421383, 0.0630134418607, 0.0730886086822, 0.0862848907709, 0.11125651747, 0.158739566803, 0.191907674074], "dvar2": [0.139801561832, 0.114954613149, 0.102814503014, 0.0787592679262, 0.0700152665377, 0.0817713364959, 0.084313377738, 0.0982765182853, 0.111500121653, 0.124147094786, 0.120970658958, 0.127023428679, 0.132513776422, 0.131158217788, 0.130145058036, 0.13032181561, 0.0962025374174, 0.0786060392857, 0.0641156062484, 0.0545624904335, 0.0590676441789, 0.0671001151204, 0.0868984088302, 0.119869858027, 0.218126669526, 0.162238866091, 0.174842566252, 0.149702608585, 0.121490381658, 0.10758702457, 0.100685097277, 0.108256444335, 0.0969392359257, 0.125513151288, 0.137012079358, 0.143444299698], "min": [0, 0, 0, 0, 0, 0, 0, 0, 0, 0, 0, 0, 0, 0, 0, 0, 0, 0, 0, 0, 0, 0, 0, 0, 0, 0, 0, 0, 0, 0, 0, 0, 0, 0, 0, 0], "var": [0.0586681440473, 0.0390727557242, 0.0263191331178, 0.0193475559354, 0.017496265471, 0.0211424771696, 0.0315308086574, 0.0414616651833, 0.0396794080734, 0.0431843772531, 0.0395596474409, 0.0367533117533, 0.0413585081697, 0.0850225761533, 0.102396801114, 0.0540111511946, 0.0305295120925, 0.0227117426693, 0.0194476135075, 0.0182513277978, 0.0206491649151, 0.0253380257636, 0.0295451115817, 0.0620750375092, 0.14788196981, 0.0995357707143, 0.09075088799, 0.0656476542354, 0.0385116301477, 0.0276795718819, 0.0256274361163, 0.0308454912156, 0.0327763184905, 0.0399456657469, 0.0545010492206, 0.0737766250968], "median": [0.0534104034305, 0.0255083851516, 0.014101177454, 0.00899893976748, 0.00866413488984, 0.0099179930985, 0.0165369026363, 0.0239085704088, 0.0213582962751, 0.0146775525063, 0.0118994237855, 0.0123818702996, 0.0271579697728, 0.0440909229219, 0.0444322526455, 0.0336799100041, 0.0179562978446, 0.0110364761204, 0.0106903165579, 0.015398522839, 0.0223596133292, 0.0230596810579, 0.0203534588218, 0.158894628286, 0.336304008961, 0.284734010696, 0.0698491334915, 0.0394241660833, 0.0176771003753, 0.00917732529342, 0.00834397785366, 0.010587612167, 0.0172032583505, 0.0311539508402, 0.0554356537759, 0.0677273049951]}}, "lowlevel": {"melbands_flatness_db": {"dmean": 0.0423921905458, "dmean2": 0.0664758682251, "max": 0.781237840652, "dvar": 0.00133282272145, "mean": 0.325054585934, "dvar2": 0.00329435989261, "min": 0.00852429866791, "var": 0.00738311978057, "median": 0.314580619335}, "melbands_crest": {"dmean": 4.17076015472, "dmean2": 6.98216199875, "max": 38.2642250061, "dvar": 11.8241443634, "mean": 19.1101074219, "dvar2": 33.3539924622, "min": 3.79896903038, "var": 32.4636497498, "median": 19.0535469055}, "spectral_entropy": {"dmean": 0.258751600981, "dmean2": 0.397550821304, "max": 9.79096698761, "dvar": 0.0682348310947, "mean": 7.25907516479, "dvar2": 0.175212085247, "min": 4.23927545547, "var": 0.223938599229, "median": 7.32450342178}, "melbands": {"dmean": [0.00499908439815, 0.00379094318487, 0.000972454843577, 0.000626028457191, 0.000444853736553, 0.000343511695974, 0.000193994230358, 0.000118878131616, 6.37384509901e-05, 5.25594150531e-05, 5.63043868169e-05, 7.06069549778e-05, 4.50865263701e-05, 5.24026290805e-05, 6.61266894895e-05, 3.75949348381e-05, 2.17943961616e-05, 1.77109322976e-05, 1.36020844366e-05, 1.08798749352e-05, 8.59261399455e-06, 7.10375161361e-06, 6.25523443887e-06, 3.50164441443e-06, 2.16995067603e-06, 1.66304744198e-06, 1.59216585871e-06, 1.47319656207e-06, 8.86926898147e-07, 6.82520692408e-07, 5.33150341653e-07, 4.68063291237e-07, 4.37952195398e-07, 6.96581480497e-07, 3.48878131717e-07, 1.91405106875e-07, 1.59771943231e-07, 1.05062945011e-07, 6.17843909367e-08, 3.36640617604e-08], "dmean2": [0.00798857212067, 0.00642653508112, 0.00159823708236, 0.00100740441121, 0.000704223697539, 0.000541191606317, 0.000314924371196, 0.000188494246686, 0.000102608610177, 8.36758699734e-05, 8.92902753549e-05, 0.000112411813461, 7.29238672648e-05, 8.47292249091e-05, 0.000108441185148, 6.15983226453e-05, 3.51486487489e-05, 2.86285066977e-05, 2.21205227717e-05, 1.76806479431e-05, 1.38525720104e-05, 1.11187700895e-05, 9.78228945314e-06, 5.41284316569e-06, 3.33713887812e-06, 2.52872268902e-06, 2.3594477625e-06, 2.19691742132e-06, 1.30426474243e-06, 1.01131331576e-06, 7.87939541169e-07, 6.81626602272e-07, 6.38518088181e-07, 1.07029677565e-06, 5.28249643139e-07, 2.92395611723e-07, 2.47541919407e-07, 1.62508939638e-07, 9.76296377075e-08, 5.58388251193e-08], "max": [0.136257231236, 0.0737271159887, 0.0353352874517, 0.0238828044385, 0.0220528542995, 0.0272350609303, 0.0120705701411, 0.00885310862213, 0.00785367004573, 0.00504718255252, 0.00519779790193, 0.00450510857627, 0.00335948239081, 0.00232238648459, 0.00322696310468, 0.00164571532514, 0.00111907895189, 0.000940550584346, 0.000593801843934, 0.000837514817249, 0.000372790702386, 0.000224785806495, 0.000477805908304, 0.000106244333438, 0.000107072359242, 0.000119482552691, 0.000133066743729, 9.98833347694e-05, 9.37077711569e-05, 0.000129943378852, 5.62828790862e-05, 6.04483539064e-05, 5.12188889843e-05, 9.33470000746e-05, 3.43515566783e-05, 3.10292307404e-05, 1.98295747396e-05, 7.58466512707e-06, 3.25456153405e-06, 8.42455449401e-07], "dvar": [6.10668575973e-05, 2.37693147938e-05, 2.88031333184e-06, 1.26370343878e-06, 9.71051917986e-07, 7.59136923989e-07, 2.57528995462e-07, 1.23732363022e-07, 4.03035897989e-08, 2.20581384269e-08, 2.00615914991e-08, 2.02545535899e-08, 1.03664250517e-08, 1.03137178797e-08, 1.96075440329e-08, 5.34963495724e-09, 2.07883910086e-09, 1.19598908555e-09, 7.08692993179e-10, 6.68440691687e-10, 3.58912538578e-10, 2.54666288058e-10, 2.01310218495e-10, 5.03854458156e-11, 1.9965584741e-11, 1.55625685949e-11, 1.68623552621e-11, 1.73326492048e-11, 6.72259166737e-12, 6.59750899745e-12, 3.0458155529e-12, 2.19912846613e-12, 2.02463393273e-12, 8.79732484776e-12, 1.43429625815e-12, 4.68072358217e-13, 2.97978709849e-13, 7.60189844016e-14, 1.86328664493e-14, 3.41325118634e-15], "mean": [0.00879022292793, 0.00612062960863, 0.00158592208754, 0.000998961972073, 0.00068527914118, 0.000525539799128, 0.00028844474582, 0.000196078239242, 9.86639643088e-05, 8.39728672872e-05, 9.16560456972e-05, 0.00011836210615, 7.33206761652e-05, 8.86798152351e-05, 0.00011706983787, 6.60446821712e-05, 3.72020622308e-05, 3.06560104946e-05, 2.44929342443e-05, 1.86174820556e-05, 1.44017049024e-05, 1.13239775601e-05, 9.99108124233e-06, 6.08036407357e-06, 3.74463184016e-06, 2.90888556265e-06, 2.64977575171e-06, 2.34787580666e-06, 1.48719084336e-06, 1.06990387394e-06, 8.29076952868e-07, 7.13823283149e-07, 5.97901077981e-07, 7.68086295011e-07, 3.98349698116e-07, 2.11908215419e-07, 1.61916332786e-07, 1.07167160479e-07, 6.29597138868e-08, 3.33572920397e-08], "dvar2": [0.000160333729582, 6.75558549119e-05, 7.35844150768e-06, 3.06639003611e-06, 2.29670877161e-06, 1.73526052549e-06, 6.2441222326e-07, 2.9500674259e-07, 9.73171125906e-08, 5.07862303323e-08, 4.82639670452e-08, 4.99186292302e-08, 2.71129714235e-08, 2.62791530758e-08, 5.31709574147e-08, 1.4311260621e-08, 5.29477350852e-09, 3.05781910903e-09, 1.89231363912e-09, 1.74414149789e-09, 8.76732075827e-10, 5.85491433114e-10, 4.76237826952e-10, 1.14581323596e-10, 4.53312214155e-11, 3.65662326807e-11, 3.64584369639e-11, 3.59088349333e-11, 1.40362513279e-11, 1.53125481045e-11, 7.24381448922e-12, 4.64518874754e-12, 4.39672950825e-12, 2.1320572044e-11, 3.32603107382e-12, 1.15556544368e-12, 7.3838011443e-13, 1.74098393037e-13, 4.33533044804e-14, 8.452936498e-15], "min": [4.27382908116e-24, 5.82427168706e-24, 6.79799780669e-24, 1.54007815691e-23, 5.96420377874e-24, 6.17389760127e-24, 1.10613547593e-23, 1.65496896355e-23, 2.07778105381e-23, 1.44360315032e-23, 1.54438186646e-23, 1.33243734488e-23, 5.6109897307e-24, 1.09317662118e-23, 7.98353189607e-24, 1.12625363783e-23, 9.82518368844e-24, 1.30297394227e-23, 9.26837331824e-24, 2.58030596082e-23, 4.3749724088e-23, 2.2392217536e-23, 1.13959919219e-23, 8.9906761358e-24, 6.01833896393e-24, 9.12534731409e-24, 6.25880625037e-24, 7.55439471908e-24, 1.01455866448e-23, 9.26890579935e-24, 9.81870792927e-24, 8.59288513573e-24, 7.65123765039e-24, 9.01088596333e-24, 1.00955996847e-23, 9.76697127566e-24, 7.89745376068e-24, 8.46865768696e-24, 1.44534605961e-23, 1.02493115987e-23], "var": [9.83761419775e-05, 4.43729986728e-05, 4.53126176581e-06, 2.36577488977e-06, 1.75380273504e-06, 1.38711357067e-06, 4.75371621178e-07, 3.02531020679e-07, 7.60352776297e-08, 5.41065681148e-08, 5.07158510743e-08, 4.44484378193e-08, 2.05484305127e-08, 2.14369446638e-08, 4.02978237446e-08, 1.08331308368e-08, 3.85753962107e-09, 2.44501729973e-09, 1.51714940611e-09, 1.20182042096e-09, 6.69693411837e-10, 4.1943487572e-10, 3.4213434863e-10, 1.01132539843e-10, 4.13394526944e-11, 3.01580045659e-11, 3.30065488829e-11, 3.19147347438e-11, 1.28331182486e-11, 8.89425946088e-12, 3.89121981165e-12, 3.14325757263e-12, 2.63631174183e-12, 8.82045218115e-12, 1.6096324577e-12, 4.48055058767e-13, 2.72029306633e-13, 8.17273969312e-14, 2.03651843517e-14, 3.59656372745e-15], "median": [0.00567212048918, 0.00390686001629, 0.000924058433156, 0.00048899941612, 0.000243820497417, 0.000157499322086, 7.86595992395e-05, 4.50536244898e-05, 2.48918604484e-05, 2.15612690226e-05, 2.9310813261e-05, 4.32897177234e-05, 2.78490551864e-05, 3.3982374589e-05, 4.49882427347e-05, 2.89336003334e-05, 1.43323823067e-05, 1.12690950118e-05, 8.57699797052e-06, 4.98447570862e-06, 3.60866783922e-06, 3.25034034176e-06, 3.11210533255e-06, 2.09171366805e-06, 1.2726377463e-06, 9.75592911345e-07, 8.12900111669e-07, 6.43335170025e-07, 4.63252376903e-07, 3.08587459585e-07, 2.44392992954e-07, 2.12100474073e-07, 1.57363729159e-07, 1.27422964624e-07, 8.26775021778e-08, 5.11934281633e-08, 3.46116308947e-08, 2.51969680676e-08, 1.79808434808e-08, 1.21548140442e-08]}, "silence_rate_60dB": {"dmean": 0.00334477587603, "dmean2": 0.00669014081359, "max": 1, "dvar": 0.00333383888938, "mean": 0.0277239922434, "dvar2": 0.00752648012713, "min": 0, "var": 0.0269526597112, "median": 0}, "spectral_energyband_middle_high": {"dmean": 0.00151174410712, "dmean2": 0.00226744869724, "max": 0.0424565114081, "dvar": 5.75832609684e-06, "mean": 0.00437169335783, "dvar2": 1.33257790367e-05, "min": 1.98738704778e-21, "var": 2.63883648586e-05, "median": 0.00232161744498}, "erbbands_skewness": {"dmean": 0.391593784094, "dmean2": 0.607354700565, "max": 5.02567672729, "dvar": 0.132769688964, "mean": 0.207335725427, "dvar2": 0.31520062685, "min": -3.75285863876, "var": 0.779611110687, "median": 0.0893477201462}, "dynamic_complexity": 3.33715486526, "dissonance": {"dmean": 0.0198034234345, "dmean2": 0.0333773270249, "max": 0.499999970198, "dvar": 0.00040277215885, "mean": 0.464279264212, "dvar2": 0.00109350332059, "min": 0.261029869318, "var": 0.000862321991008, "median": 0.472511649132}, "spectral_skewness": {"dmean": 0.448995351791, "dmean2": 0.685988068581, "max": 10.2623271942, "dvar": 0.253918111324, "mean": 2.84560418129, "dvar2": 0.649201869965, "min": 0.00469896988943, "var": 0.695774972439, "median": 2.74010419846}, "spectral_kurtosis": {"dmean": 5.85941743851, "dmean2": 9.22890090942, "max": 130.955825806, "dvar": 52.2401046753, "mean": 17.0604915619, "dvar2": 135.459381104, "min": -1.22259426117, "var": 99.9726715088, "median": 14.8996839523}, "gfcc": {"cov": [[10673.8398438, 8.64994239807, -1288.25549316, -160.164138794, -57.7758102417, -584.727416992, 48.3888893127, -372.366088867, 172.464233398, -78.4381561279, 26.5771312714, 188.938964844, -119.106185913], [8.64994239807, 998.307739258, 3.92043185234, -260.026062012, 171.937774658, -57.1282119751, 50.5620765686, -98.7579803467, 27.1528949738, -43.6466789246, 62.9886932373, -72.6268997192, 88.8003234863], [-1288.25549316, 3.92043185234, 574.65802002, 198.930770874, -79.0419158936, 230.862625122, -60.5019264221, 143.166519165, -54.0701675415, 37.9938697815, -24.558052063, -26.5733985901, -8.90844249725], [-160.164138794, -260.026062012, 198.930770874, 348.327087402, 38.9647216797, 41.6923713684, 50.6129264832, 36.3213043213, -8.72357654572, -1.12652528286, -41.9560279846, 24.6182136536, -39.5586967468], [-57.7758102417, 171.937774658, -79.0419158936, 38.9647216797, 282.163574219, 34.9833831787, 67.4463577271, -88.9293823242, 3.2073507309, -53.0682525635, 16.9584121704, 7.93742799759, 38.3776664734], [-584.727416992, -57.1282119751, 230.862625122, 41.6923713684, 34.9833831787, 287.756958008, -42.445690155, 64.3946304321, -66.5774230957, 8.2694568634, -1.39003837109, 7.83322525024, 16.7917747498], [48.3888893127, 50.5620765686, -60.5019264221, 50.6129264832, 67.4463577271, -42.445690155, 166.476013184, -24.1291561127, 37.9689903259, -26.1096630096, 1.72226464748, 14.3139238358, -12.0049962997], [-372.366088867, -98.7579803467, 143.166519165, 36.3213043213, -88.9293823242, 64.3946304321, -24.1291561127, 163.088821411, 13.2140130997, 44.5869598389, -12.1366405487, -26.1353664398, -3.16084814072], [172.464233398, 27.1528949738, -54.0701675415, -8.72357654572, 3.2073507309, -66.5774230957, 37.9689903259, 13.2140130997, 100.392562866, 29.9398994446, 6.04366922379, 1.71300172806, -21.5364665985], [-78.4381561279, -43.6466789246, 37.9938697815, -1.12652528286, -53.0682525635, 8.2694568634, -26.1096630096, 44.5869598389, 29.9398994446, 80.3425445557, 30.8713169098, -8.11720085144, -6.99766683578], [26.5771312714, 62.9886932373, -24.558052063, -41.9560279846, 16.9584121704, -1.39003837109, 1.72226464748, -12.1366405487, 6.04366922379, 30.8713169098, 60.446472168, 16.8252429962, 9.10094261169], [188.938964844, -72.6268997192, -26.5733985901, 24.6182136536, 7.93742799759, 7.83322525024, 14.3139238358, -26.1353664398, 1.71300172806, -8.11720085144, 16.8252429962, 63.0738067627, 7.78335142136], [-119.106185913, 88.8003234863, -8.90844249725, -39.5586967468, 38.3776664734, 16.7917747498, -12.0049962997, -3.16084814072, -21.5364665985, -6.99766683578, 9.10094261169, 7.78335142136, 74.5610122681]], "mean": [-21.4565620422, 116.384315491, -73.7284622192, 9.03060531616, -5.5832824707, 1.04761815071, -3.98155283928, -15.564581871, -7.28244590759, -6.20254135132, -1.22360110283, 1.6957565546, -5.98186254501], "icov": [[0.000193685104023, -0.000432189495768, 0.000951350259129, -0.000740053656045, 0.000550349242985, -0.000369316840079, 0.000427039456554, -5.58048268431e-05, -9.49300956563e-05, 1.20196873468e-05, 0.000164137192769, -0.000624362903181, 0.000430294807302], [-0.000432189495768, 0.00454339012504, -0.00517803058028, 0.00464181834832, -0.00249875662848, 0.00226326286793, -0.00223069894128, 0.00247058179229, -0.0026033045724, 0.00373316416517, -0.00493007386103, 0.00648221001029, -0.00421185977757], [0.000951350259129, -0.00517803058028, 0.0126388100907, -0.0108805913478, 0.00777016300708, -0.00789092015475, 0.00446048984304, -0.00210100063123, -0.00123498600442, 0.00146919395775, -0.00101433717646, -0.000853143224958, 0.00182477489579], [-0.000740053656045, 0.00464181834832, -0.0108805913478, 0.0156124448404, -0.0109415501356, 0.0084969624877, -0.00568869244307, -0.00132051773835, 0.0067155007273, -0.00881401821971, 0.0101743023843, -0.0065218671225, 0.00357051356696], [0.000550349242985, -0.00249875662848, 0.00777016300708, -0.0109415501356, 0.015540426597, -0.00959678273648, 0.00200558057986, 0.00563229667023, -0.0104306899011, 0.0135385803878, -0.0132796783, 0.010630292818, -0.0075285313651], [-0.000369316840079, 0.00226326286793, -0.00789092015475, 0.0084969624877, -0.00959678273648, 0.0125098703429, -0.00208970438689, -0.00409117946401, 0.00940541829914, -0.00833383109421, 0.00779385166243, -0.00836508348584, 0.00374869257212], [0.000427039456554, -0.00223069894128, 0.00446048984304, -0.00568869244307, 0.00200558057986, -0.00208970438689, 0.0106269372627, -0.0011451584287, -0.00468057068065, 0.00583340134472, -0.00363439787179, -0.000989293912426, 0.00169685611036], [-5.58048268431e-05, 0.00247058179229, -0.00210100063123, -0.00132051773835, 0.00563229667023, -0.00409117946401, -0.0011451584287, 0.0151944998652, -0.00905603263527, 0.00388992275111, -0.00620121601969, 0.0124213239178, -0.00829150900245], [-9.49300956563e-05, -0.0026033045724, -0.00123498600442, 0.0067155007273, -0.0104306899011, 0.00940541829914, -0.00468057068065, -0.00905603263527, 0.029962843284, -0.0255538281053, 0.0218865685165, -0.0200883261859, 0.0141591662541], [1.20196873468e-05, 0.00373316416517, 0.00146919395775, -0.00881401821971, 0.0135385803878, -0.00833383109421, 0.00583340134472, 0.00388992275111, -0.0255538281053, 0.0504215285182, -0.0417417511344, 0.0279101785272, -0.0133826350793], [0.000164137192769, -0.00493007386103, -0.00101433717646, 0.0101743023843, -0.0132796783, 0.00779385166243, -0.00363439787179, -0.00620121601969, 0.0218865685165, -0.0417417511344, 0.0576209723949, -0.0347521752119, 0.0146413519979], [-0.000624362903181, 0.00648221001029, -0.000853143224958, -0.0065218671225, 0.010630292818, -0.00836508348584, -0.000989293912426, 0.0124213239178, -0.0200883261859, 0.0279101785272, -0.0347521752119, 0.0482588373125, -0.0194788631052], [0.000430294807302, -0.00421185977757, 0.00182477489579, 0.00357051356696, -0.0075285313651, 0.00374869257212, 0.00169685611036, -0.00829150900245, 0.0141591662541, -0.0133826350793, 0.0146413519979, -0.0194788631052, 0.0272603705525]]}, "spectral_complexity": {"dmean": 3.18986010551, "dmean2": 4.63521146774, "max": 53, "dvar": 12.2092065811, "mean": 16.1839466095, "dvar2": 20.051404953, "min": 0, "var": 99.0830307007, "median": 14}, "spectral_flux": {"dmean": 0.0346139371395, "dmean2": 0.0560103990138, "max": 0.61355483532, "dvar": 0.00145696336403, "mean": 0.121372669935, "dvar2": 0.00350890355185, "min": 1.03722502809e-10, "var": 0.00384624418803, "median": 0.111691638827}, "spectral_energyband_low": {"dmean": 0.0218757018447, "dmean2": 0.0357021689415, "max": 0.493482530117, "dvar": 0.000868129776791, "mean": 0.043369460851, "dvar2": 0.00229193991981, "min": 3.36987999629e-23, "var": 0.00168554857373, "median": 0.0313193723559}, "spectral_decrease": {"dmean": 6.52010356816e-09, "dmean2": 1.04186552718e-08, "max": 1.09826359118e-09, "dvar": 7.1043922304e-17, "mean": -1.52963508526e-08, "dvar2": 1.81148120461e-16, "min": -1.4283742189e-07, "var": 1.45682308329e-16, "median": -1.25130394935e-08}, "barkbands_spread": {"dmean": 3.89713191986, "dmean2": 6.14646720886, "max": 138.234512329, "dvar": 25.6757907867, "mean": 12.358880043, "dvar2": 55.9038887024, "min": 0.237920433283, "var": 137.18057251, "median": 9.8777961731}, "spectral_rms": {"dmean": 0.00145502784289, "dmean2": 0.00228748610243, "max": 0.0232207141817, "dvar": 2.14411988964e-06, "mean": 0.00739842653275, "dvar2": 5.28917144038e-06, "min": 3.23974679549e-12, "var": 8.5182427938e-06, "median": 0.00727859837934}, "spectral_centroid": {"dmean": 165.43951416, "dmean2": 249.774627686, "max": 11060.2900391, "dvar": 46195.71875, "mean": 731.354675293, "dvar2": 86565.1484375, "min": 104.406417847, "var": 294923.34375, "median": 626.852661133}, "barkbands_skewness": {"dmean": 0.939608693123, "dmean2": 1.49866604805, "max": 29.6670875549, "dvar": 0.962033569813, "mean": 3.54302382469, "dvar2": 2.33522319794, "min": -1.93742895126, "var": 5.77363157272, "median": 2.9664785862}, "spectral_rolloff": {"dmean": 1317.72851562, "dmean2": 2515.89868164, "max": 22006.9335938, "dvar": 18977098, "mean": 1467.04968262, "dvar2": 52238228, "min": 21.533203125, "var": 16747430, "median": 344.53125}, "erbbands_spread": {"dmean": 7.57228755951, "dmean2": 11.8140602112, "max": 193.964141846, "dvar": 58.9010276794, "mean": 34.8229141235, "dvar2": 133.637069702, "min": 2.08559632301, "var": 273.877166748, "median": 32.7502250671}, "barkbands": {"dmean": [0.00594254629686, 0.0158252343535, 0.00588744366542, 0.00176306150388, 0.00276053696871, 0.00187438342255, 0.000893969088793, 0.000379835488275, 0.000382428057492, 0.000477107998449, 0.000339506659657, 0.000505333184265, 0.000497137603816, 0.000228829070693, 0.00018758449005, 0.000143263343489, 0.000120812379464, 7.74799555074e-05, 4.30429572589e-05, 4.33064560639e-05, 2.68876356131e-05, 2.21896043513e-05, 2.57654082816e-05, 1.04536138679e-05, 3.66326912626e-06, 1.66989193531e-05, 7.04500707798e-05], "dmean2": [0.0097069721669, 0.0254585109651, 0.0101670678705, 0.0029146601446, 0.00441177980974, 0.00297817355022, 0.00144866236951, 0.00060785113601, 0.00061096996069, 0.000754222914111, 0.000554169004317, 0.000812823825981, 0.000815590086859, 0.000368574139429, 0.000302593776723, 0.000229523851885, 0.000188132369658, 0.000118520758406, 6.44884348731e-05, 6.24770618742e-05, 3.87984400732e-05, 3.15991273965e-05, 3.90311288356e-05, 1.60627259902e-05, 6.06202456765e-06, 2.47929165198e-05, 9.9854056316e-05], "max": [0.187075510621, 0.390684038401, 0.159840971231, 0.0936435237527, 0.0981103777885, 0.113086566329, 0.0528288073838, 0.0397820919752, 0.0392954163253, 0.020718542859, 0.0211773384362, 0.0239743757993, 0.0302441716194, 0.00943994987756, 0.0067059895955, 0.00800040271133, 0.00483038602397, 0.00257591926493, 0.00214169500396, 0.00307087833062, 0.00475944904611, 0.00241693831049, 0.00264116772451, 0.000992065179162, 9.13629191928e-05, 0.00126457714941, 0.00320326094516], "dvar": [0.000104289123556, 0.000528629519977, 8.51300792419e-05, 1.05311046354e-05, 2.53644393524e-05, 1.98958878173e-05, 5.07494723934e-06, 1.21472351111e-06, 1.09157520001e-06, 8.81880339421e-07, 5.98168639954e-07, 1.05231595171e-06, 1.15556065339e-06, 2.10804543599e-07, 1.27212544498e-07, 1.04099903808e-07, 7.08362577484e-08, 2.44205047295e-08, 8.63656435257e-09, 1.31890880439e-08, 8.96955665297e-09, 4.5307007035e-09, 9.48376044363e-09, 1.03091968295e-09, 3.97542693209e-11, 2.47453368907e-09, 1.66699987147e-08], "mean": [0.00958188436925, 0.0275252647698, 0.00771537609398, 0.0024832515046, 0.0045488551259, 0.00282007129863, 0.00135333533399, 0.000563730252907, 0.000619803089648, 0.000805322721135, 0.000517467153259, 0.000859215680975, 0.000847177405376, 0.000391916255467, 0.000342832325259, 0.000253639940638, 0.000197194996872, 0.000137082883157, 7.85761876614e-05, 7.43455893826e-05, 4.50260995422e-05, 3.34987053066e-05, 2.90380903607e-05, 1.07767564259e-05, 3.66255312656e-06, 1.91037688637e-05, 0.000211488353671], "dvar2": [0.000258606305579, 0.00139220117126, 0.000237253436353, 2.74756785075e-05, 6.02992950007e-05, 4.6668395953e-05, 1.25814976855e-05, 2.93494895232e-06, 2.60173737843e-06, 2.0307579689e-06, 1.58027614816e-06, 2.65818221123e-06, 3.14985027217e-06, 5.36035713594e-07, 3.29601931526e-07, 2.61345377339e-07, 1.62287292937e-07, 5.36505275761e-08, 1.90241333797e-08, 2.61265835633e-08, 2.01190601956e-08, 9.35825550386e-09, 2.24525322778e-08, 2.48325604524e-09, 9.81771539066e-11, 5.5269531174e-09, 3.33423884058e-08], "min": [6.76557720121e-24, 1.16606452893e-23, 1.38562376706e-23, 7.75754217939e-24, 6.15363634001e-23, 3.2374472897e-23, 4.80575830509e-23, 1.18636147826e-22, 1.17251551787e-22, 9.26462102245e-23, 4.63517439186e-23, 1.00668818346e-22, 8.61631430461e-23, 1.44026778331e-22, 1.10531504481e-22, 4.77683727591e-22, 4.65254359438e-22, 1.59770674951e-22, 2.02279157959e-22, 2.20743299415e-22, 4.51060618673e-22, 4.0275855185e-22, 5.58149054536e-22, 8.20175679176e-22, 1.23322128015e-21, 1.65201852279e-21, 2.11889018592e-21], "var": [0.000139329931699, 0.000977571704425, 0.000129147825646, 1.61885054695e-05, 4.80904782307e-05, 3.51174458046e-05, 1.00348970591e-05, 2.16878015635e-06, 2.81717461803e-06, 2.27868417824e-06, 1.0807552826e-06, 2.17016304305e-06, 2.15663180825e-06, 4.07086190535e-07, 2.87694177814e-07, 2.10392244071e-07, 1.23899610571e-07, 5.03973680566e-08, 1.94241369655e-08, 2.78969043421e-08, 1.31679884774e-08, 6.68600996789e-09, 1.00788666302e-08, 1.0047235266e-09, 4.23648754966e-11, 2.90931478908e-09, 8.62244178279e-08], "median": [0.00689828116447, 0.0169884674251, 0.00401118164882, 0.00122228055261, 0.00221157446504, 0.000891607021913, 0.000356569886208, 0.000150848936755, 0.000153169108671, 0.000278413586784, 0.000178365837201, 0.000318903330481, 0.000342746585375, 0.000150891864905, 0.000122893819935, 6.36454496998e-05, 5.70807096665e-05, 4.82264440507e-05, 2.72725956165e-05, 2.20611600525e-05, 1.37728293339e-05, 9.58444616117e-06, 5.53114296054e-06, 2.50828566095e-06, 1.35355139719e-06, 4.13898033003e-06, 9.21085011214e-05]}, "melbands_kurtosis": {"dmean": 18.3588104248, "dmean2": 29.8686313629, "max": 1733.24072266, "dvar": 1062.71362305, "mean": 40.1638031006, "dvar2": 2577.39868164, "min": -1.88808250427, "var": 4983.5234375, "median": 19.2372360229}, "erbbands_crest": {"dmean": 2.71097111702, "dmean2": 4.46186542511, "max": 29.238035202, "dvar": 6.38542985916, "mean": 8.81840324402, "dvar2": 16.4572257996, "min": 2.59872508049, "var": 16.9076843262, "median": 7.81329441071}, "melbands_skewness": {"dmean": 1.11057078838, "dmean2": 1.80019569397, "max": 37.3366584778, "dvar": 1.21938788891, "mean": 4.30512094498, "dvar2": 3.02511715889, "min": -1.83294343948, "var": 7.0331492424, "median": 3.80411553383}, "spectral_energyband_middle_low": {"dmean": 0.00575174437836, "dmean2": 0.00901914201677, "max": 0.164726808667, "dvar": 8.82022795849e-05, "mean": 0.0125744491816, "dvar2": 0.000208909870707, "min": 3.98416131313e-22, "var": 0.000201689384994, "median": 0.00781022012234}, "spectral_contrast_coeffs": {"dmean": [0.0531356409192, 0.0522807948291, 0.038380432874, 0.0303608961403, 0.0251396540552, 0.0344529822469], "dmean2": [0.0886491835117, 0.0859211087227, 0.0634412392974, 0.0501538515091, 0.0415243580937, 0.0534015670419], "max": [-0.421588301659, -0.467613846064, -0.558874130249, -0.590228557587, -0.672000408173, -0.497951596975], "dvar": [0.00166828290094, 0.00169319170527, 0.000899972743355, 0.000578663602937, 0.00049633596791, 0.00104082864709], "mean": [-0.687876045704, -0.758500635624, -0.806292891502, -0.808843195438, -0.830974817276, -0.779255390167], "dvar2": [0.00467458553612, 0.00457419361919, 0.00244036200456, 0.00153457536362, 0.0012783347629, 0.00241017714143], "min": [-0.97133731842, -0.975025475025, -0.979320347309, -0.974544763565, -0.973092377186, -0.959272801876], "var": [0.0044819698669, 0.00520407175645, 0.0032102165278, 0.0022295168601, 0.00194248184562, 0.00427304813638], "median": [-0.69169986248, -0.76384717226, -0.811065971851, -0.809169054031, -0.826777458191, -0.789029061794]}, "spectral_contrast_valleys": {"dmean": [0.36968255043, 0.426095217466, 0.352860569954, 0.320615172386, 0.396276175976, 0.686640143394], "dmean2": [0.610403060913, 0.68362402916, 0.55991846323, 0.493691533804, 0.592703223228, 1.07113862038], "max": [-4.68686676025, -4.29535627365, -5.20093631744, -5.3875246048, -5.93328094482, -8.77673625946], "dvar": [0.0959456115961, 0.138218283653, 0.105138868093, 0.105498246849, 0.175903469324, 0.308007061481], "mean": [-6.39910364151, -6.78676986694, -7.17884254456, -7.57211971283, -8.02259731293, -11.0471200943], "dvar2": [0.233070522547, 0.32745501399, 0.232114136219, 0.219968944788, 0.403482615948, 0.807644844055], "min": [-27.2570304871, -27.656042099, -27.2633647919, -27.2040729523, -27.3785533905, -27.1877784729], "var": [1.07902681828, 1.19672739506, 1.16201639175, 1.304692626, 1.23443412781, 1.03562676907], "median": [-6.25697040558, -6.65770053864, -7.03455734253, -7.46168422699, -7.88313770294, -10.9357624054]}, "silence_rate_20dB": {"dmean": 0, "dmean2": 0, "max": 1, "dvar": 0, "mean": 1, "dvar2": 0, "min": 1, "var": 0, "median": 1}, "silence_rate_30dB": {"dmean": 0.0978787094355, "dmean2": 0.195774644613, "max": 1, "dvar": 0.0883010476828, "mean": 0.830311536789, "dvar2": 0.190367683768, "min": 0, "var": 0.140904933214, "median": 1}, "spectral_strongpeak": {"dmean": 0.404420524836, "dmean2": 0.724792897701, "max": 85.3484344482, "dvar": 5.68539619446, "mean": 0.473149716854, "dvar2": 16.6569728851, "min": 0, "var": 3.20100522041, "median": 0.250372171402}, "spectral_spread": {"dmean": 666075.5625, "dmean2": 1029941.75, "max": 40003280, "dvar": 439027957760, "mean": 3825453.5, "dvar2": 986220134400, "min": 1244581.875, "var": 1687411097600.0, "median": 3648225.25}, "barkbands_flatness_db": {"dmean": 0.0345292910933, "dmean2": 0.0536163076758, "max": 0.60277312994, "dvar": 0.000937970122322, "mean": 0.201477989554, "dvar2": 0.00227313139476, "min": 0.0221996940672, "var": 0.00524345086887, "median": 0.191281124949}, "pitch_salience": {"dmean": 0.0877977386117, "dmean2": 0.144841477275, "max": 0.85903263092, "dvar": 0.00552061153576, "mean": 0.489170670509, "dvar2": 0.0150701412931, "min": 0.0759122297168, "var": 0.0161938481033, "median": 0.500445485115}, "erbbands_kurtosis": {"dmean": 1.08206343651, "dmean2": 1.76584458351, "max": 38.5265731812, "dvar": 3.074177742, "mean": 0.619663119316, "dvar2": 8.11149215698, "min": -1.78343904018, "var": 6.27559709549, "median": -0.129306077957}, "average_loudness": 0.81901961565, "barkbands_crest": {"dmean": 2.8951318264, "dmean2": 4.71407985687, "max": 26.6046237946, "dvar": 6.1067647934, "mean": 12.873705864, "dvar2": 16.2752189636, "min": 2.88778877258, "var": 21.1007499695, "median": 12.2662773132}, "hfc": {"dmean": 24.4160480499, "dmean2": 39.0406036377, "max": 569.038208008, "dvar": 982.947509766, "mean": 78.3266983032, "dvar2": 2569.00415039, "min": 1.16085269851e-16, "var": 3971.37548828, "median": 61.1326446533}, "barkbands_kurtosis": {"dmean": 12.8224563599, "dmean2": 20.4516391754, "max": 927.931274414, "dvar": 553.259155273, "mean": 27.2915420532, "dvar2": 1334.92980957, "min": -1.79583609104, "var": 2456.53857422, "median": 11.7779312134}, "erbbands": {"dmean": [0.652534127235, 3.15532922745, 7.14615392685, 5.71837425232, 7.46376657486, 9.83980751038, 13.362818718, 15.2655668259, 13.3664360046, 12.0808095932, 7.56215953827, 8.26874446869, 10.9489536285, 16.7893600464, 12.4384307861, 21.900100708, 23.3728160858, 11.1330099106, 10.1838645935, 8.28730964661, 7.23895263672, 6.51941251755, 4.67259311676, 2.64950537682, 2.1538028717, 2.15882277489, 1.3102414608, 0.935185670853, 0.793953299522, 1.0250505209, 0.532783806324, 0.278878599405, 0.135630309582, 0.0486520901322, 0.0238971635699, 0.0287093985826, 0.0328540615737, 0.021419422701, 0.0053819087334, 0.00204418320209], "dmean2": [1.0384567976, 5.1843791008, 12.3375453949, 9.40933418274, 12.4220638275, 15.5709009171, 21.3420372009, 24.0651988983, 21.7343139648, 19.1679153442, 12.0886802673, 13.1666460037, 17.3291187286, 26.7916545868, 19.9330291748, 35.2703514099, 38.3881759644, 17.8480243683, 16.3439731598, 13.3289718628, 11.5050468445, 10.0329332352, 7.13538885117, 3.97359633446, 3.17347955704, 3.14824914932, 1.88467359543, 1.3569355011, 1.12753498554, 1.5212572813, 0.797039985657, 0.42553254962, 0.209875062108, 0.0788760334253, 0.0399612225592, 0.0445777885616, 0.0487175993621, 0.0301236975938, 0.00708453170955, 0.00300611113198], "max": [17.6270275116, 76.1509857178, 158.172943115, 188.564208984, 341.190490723, 408.44631958, 847.016174316, 1361.08483887, 894.240661621, 940.369567871, 900.667663574, 826.236328125, 1071.27722168, 1186.04187012, 760.062805176, 1182.59191895, 1345.2935791, 571.998840332, 459.309143066, 394.046264648, 344.671844482, 236.908401489, 192.13621521, 127.109619141, 137.70942688, 136.6068573, 182.262374878, 130.715209961, 102.866081238, 103.89377594, 53.6744384766, 39.5871162415, 8.31886005402, 1.76974868774, 0.643321037292, 1.53342294693, 3.0825252533, 1.57229757309, 0.313923895359, 0.0829960405827], "dvar": [1.14492988586, 19.246515274, 98.2482299805, 111.282356262, 170.836166382, 437.964050293, 929.807678223, 1602.40881348, 1297.13378906, 1319.29833984, 534.912536621, 573.89263916, 785.819641113, 1160.99414062, 650.190368652, 2106.81396484, 2528.29638672, 505.661437988, 380.267974854, 316.636047363, 255.512939453, 211.119155884, 93.0683288574, 28.9208869934, 25.5620975494, 35.9738121033, 17.5554847717, 9.84962368011, 6.07439851761, 14.2327537537, 3.04038047791, 0.941549956799, 0.118984043598, 0.00772272003815, 0.00172905623913, 0.00456584524363, 0.0108586829156, 0.00444875424728, 0.000161081523402, 1.10396922537e-05], "mean": [0.988450407982, 5.38564062119, 10.1142101288, 8.59086513519, 11.4682998657, 15.1334648132, 19.6662101746, 22.9906806946, 19.2754402161, 20.2086639404, 12.2090654373, 13.4477548599, 18.3203601837, 28.8550128937, 22.4775905609, 39.3296203613, 41.6149978638, 21.3991718292, 19.2054023743, 15.6815547943, 13.2085723877, 11.1308860779, 8.3887462616, 4.94804430008, 3.94517850876, 3.6284995079, 2.26718854904, 1.5359364748, 1.23134708405, 1.22926688194, 0.62188076973, 0.294547319412, 0.139936342835, 0.0497360117733, 0.023738740012, 0.0299532078207, 0.036622133106, 0.0299087539315, 0.0126636009663, 0.00766785629094], "dvar2": [3.02416920662, 52.4600410461, 282.395263672, 282.594360352, 447.312286377, 1023.56860352, 2242.21435547, 3651.61865234, 3145.56054688, 3142.67822266, 1289.67871094, 1315.88244629, 1884.27038574, 2915.80712891, 1684.02099609, 5355.42041016, 6938.62695312, 1281.08581543, 956.892883301, 831.873596191, 616.337585449, 475.57522583, 206.318130493, 62.4506874084, 55.042098999, 72.3622207642, 37.0461997986, 22.7580661774, 12.4108457565, 32.5234146118, 6.91541099548, 2.33207154274, 0.272176414728, 0.0183148831129, 0.00431558489799, 0.0101636620238, 0.0250581093132, 0.00953125860542, 0.000309244351229, 2.39927976509e-05], "min": [3.93376887851e-22, 2.75686070544e-21, 1.30799234908e-20, 2.25451888737e-20, 1.52183138134e-19, 2.08162805808e-19, 1.7680189432e-19, 2.61751042633e-19, 7.48574311026e-19, 1.16204400403e-18, 2.63852479469e-18, 2.14297060909e-18, 3.01893502545e-18, 3.15083993426e-18, 1.86855530203e-18, 4.78361112499e-18, 3.98572139152e-18, 5.49179518899e-18, 7.3551502133e-18, 1.23607476634e-17, 3.23044237838e-17, 1.88266075806e-17, 1.09591463637e-17, 8.41556846163e-18, 1.00931345845e-17, 1.16896692673e-17, 1.60700447329e-17, 1.5964112675e-17, 1.45753326748e-17, 1.62048917164e-17, 1.70310730948e-17, 1.46771437189e-17, 1.46745496805e-17, 1.37314959534e-17, 9.12567985645e-18, 6.19498928593e-18, 2.9178746477e-18, 9.63550021929e-19, 2.84110691018e-19, 3.74553488283e-20], "var": [1.57389092445, 39.4772148132, 162.854537964, 159.808883667, 312.757110596, 732.494384766, 1634.96105957, 2849.90527344, 2315.59594727, 3314.21582031, 1031.01660156, 1327.41687012, 2004.44396973, 2484.85888672, 1452.66333008, 4525.50634766, 4892.10351562, 1069.2421875, 878.21472168, 662.529968262, 531.74822998, 377.11239624, 188.563110352, 66.7808685303, 56.4847145081, 70.3006439209, 30.9864902496, 13.5178279877, 9.08609962463, 16.3656463623, 3.53258252144, 0.875523626804, 0.129461050034, 0.00865079089999, 0.00180054968223, 0.00520589528605, 0.0117564350367, 0.00615104520693, 0.000461080810055, 7.37808804843e-05], "median": [0.574179828167, 3.09763455391, 5.94869804382, 4.59338140488, 6.06350803375, 6.22867870331, 6.86303806305, 6.69696807861, 5.36423397064, 4.60727453232, 3.28460931778, 3.52264785767, 6.14760684967, 11.0888977051, 9.69392967224, 15.2835149765, 17.428604126, 9.24505615234, 7.35474920273, 5.30214262009, 3.48490405083, 3.34932565689, 2.96216893196, 1.75981962681, 1.32481431961, 1.04962491989, 0.71165394783, 0.468321144581, 0.362832635641, 0.251150786877, 0.135712370276, 0.0666669458151, 0.0350303649902, 0.0172105953097, 0.00898856110871, 0.00822916254401, 0.00763870589435, 0.00678103184327, 0.00445726327598, 0.00432342384011]}, "spectral_energy": {"dmean": 0.0253110453486, "dmean2": 0.0403063073754, "max": 0.552681565285, "dvar": 0.00106609857175, "mean": 0.0648364275694, "dvar2": 0.00268882955424, "min": 1.07583578989e-20, "var": 0.00235514109954, "median": 0.0543024428189}, "zerocrossingrate": {"dmean": 0.0274632740766, "dmean2": 0.0369075275958, "max": 0.54345703125, "dvar": 0.00057288701646, "mean": 0.136445522308, "dvar2": 0.000997608876787, "min": 0, "var": 0.00343977170996, "median": 0.13134765625}, "spectral_energyband_high": {"dmean": 0.000156844602316, "dmean2": 0.000213004066609, "max": 0.00756928324699, "dvar": 1.33664471491e-07, "mean": 0