{"lowlevel": {"erbbands": {"mean": [0.384187012911, 2.62647533417, 4.39737224579, 8.57077980042, 10.217546463, 11.5352478027, 5.46926164627, 7.89339017868, 13.4982385635, 15.8791542053, 10.8015327454, 13.9564676285, 11.1086645126, 11.3683214188, 13.3200788498, 13.7389345169, 26.2324562073, 26.3861942291, 16.594127655, 16.3928203583, 16.5358715057, 23.9471302032, 22.6180381775, 21.6037521362, 24.799577713, 20.8045158386, 17.0641536713, 16.674665451, 17.3347091675, 19.7312164307, 14.0685720444, 9.31810188293, 5.41862726212, 3.86665630341, 2.04307770729, 0.820608377457, 0.340702116489, 0.113966271281, 0.0231016911566, 0.00075858324999], "dvar": [1.400613904, 53.1455879211, 45.91147995, 297.487060547, 203.675674438, 179.964065552, 50.905506134, 93.8857269287, 537.931945801, 595.68963623, 902.451965332, 2108.203125, 359.49810791, 622.180664062, 525.082580566, 487.930084229, 7370.78857422, 6644.98144531, 625.009521484, 190.811309814, 215.848556519, 413.81137085, 484.678497314, 380.256958008, 472.792053223, 359.924102783, 243.112564087, 229.345413208, 191.665893555, 183.151229858, 112.823196411, 51.1952323914, 16.7732410431, 8.18650627136, 2.72845482826, 0.588755011559, 0.171450138092, 0.0387803278863, 0.00202216161415, 2.11200858757e-06], "min": [5.62869989468e-23, 1.10663780678e-21, 2.98935581091e-21, 9.27015981051e-21, 2.73441838262e-20, 4.17305639697e-20, 6.01537696793e-20, 1.38953896426e-19, 2.31765435235e-19, 2.9329826363e-19, 4.04539166767e-19, 5.8035152043e-19, 7.63523584346e-19, 7.08878688912e-19, 1.06455932127e-18, 1.55183839203e-18, 2.20219508658e-18, 1.68829517236e-18, 2.89211045316e-18, 2.97315988432e-18, 5.19407882446e-18, 5.43721905294e-18, 5.0572391629e-18, 8.22589594717e-18, 7.49153327115e-18, 9.28003672184e-18, 8.8561323005e-18, 9.86020796859e-18, 1.32664574946e-17, 1.25775698999e-17, 1.27456017152e-17, 1.27357665377e-17, 1.17236498469e-17, 9.32627198218e-18, 7.39811480149e-18, 4.50252564027e-18, 2.66345498438e-18, 1.11217555965e-18, 2.55592062587e-19, 2.75312203487e-20], "dmean": [0.391430824995, 2.59242677689, 3.55969834328, 7.14462995529, 7.5160241127, 7.33824396133, 3.54880428314, 4.76618146896, 8.61435031891, 9.42846870422, 7.16912126541, 8.18731021881, 6.97694253922, 6.90561199188, 7.21254825592, 8.44145393372, 17.4918251038, 18.2750396729, 11.1491336823, 8.44694232941, 8.42859268188, 12.941904068, 12.2935256958, 11.1208114624, 12.7964477539, 11.1266527176, 9.23254966736, 8.64616203308, 7.94283723831, 8.42927074432, 6.26401996613, 4.28910017014, 2.53515863419, 1.82602262497, 0.981347680092, 0.436872988939, 0.220015481114, 0.0994074642658, 0.0224242024124, 0.000716748589184], "dmean2": [0.639409840107, 4.30087614059, 5.54415273666, 11.1565284729, 12.1361846924, 11.9809999466, 5.84062290192, 7.7609577179, 13.9954566956, 15.2013988495, 11.3905944824, 12.9775876999, 11.2469425201, 11.0654201508, 11.4573974609, 13.6706495285, 28.8476734161, 30.8869514465, 18.5798549652, 13.6732673645, 13.3307981491, 21.2112483978, 20.0793876648, 18.1254119873, 20.7308616638, 18.2532463074, 15.2920541763, 14.2095842361, 12.5968475342, 12.772521019, 9.54164218903, 6.43986225128, 3.85337281227, 2.7458422184, 1.4570748806, 0.67318546772, 0.341725170612, 0.159353539348, 0.0363426283002, 0.0011526158778], "dvar2": [3.42014932632, 138.461959839, 112.758529663, 705.997375488, 520.011901855, 467.707641602, 133.928787231, 243.774887085, 1366.50195312, 1547.26818848, 1972.26965332, 4763.02441406, 846.290039062, 1533.34912109, 1373.80371094, 1277.0814209, 19726.0292969, 18349.1523438, 1688.24194336, 462.748657227, 515.312744141, 994.237243652, 1202.47253418, 983.772644043, 1142.0769043, 915.625244141, 642.408569336, 602.360107422, 481.226745605, 394.15838623, 253.142837524, 112.804618835, 38.4085426331, 19.0780754089, 7.04927539825, 1.48142457008, 0.439803987741, 0.0985724180937, 0.00503516336903, 5.14438033861e-06], "max": [9.68051815033, 57.1649971008, 82.2833099365, 208.745391846, 215.626037598, 198.618499756, 143.734771729, 224.899551392, 488.879486084, 689.935791016, 2251.80126953, 3030.12597656, 527.344848633, 847.177307129, 1208.79455566, 707.399414062, 4204.24853516, 3534.76074219, 817.49810791, 373.685668945, 423.447814941, 372.746704102, 769.672424316, 437.746459961, 509.519683838, 349.985534668, 226.198196411, 310.727294922, 287.933746338, 329.621734619, 259.610351562, 162.73651123, 83.3273544312, 49.5824317932, 33.8786964417, 13.8493270874, 5.45167446136, 2.11747026443, 0.343231290579, 0.0155441444367], "median": [0.0523124262691, 0.520141839981, 0.85459125042, 1.76498055458, 3.6074051857, 3.92926454544, 2.3036301136, 3.85358142853, 4.8684053421, 6.82965183258, 3.18903493881, 2.55319261551, 3.8502368927, 4.54540205002, 5.15748929977, 6.20269012451, 8.05986881256, 11.1448879242, 9.83609390259, 11.5928668976, 11.0658473969, 16.4305915833, 13.807756424, 14.5331134796, 15.3320398331, 12.1686220169, 10.4890613556, 9.45873737335, 10.0084590912, 11.1638774872, 8.29250907898, 5.17288541794, 3.03665399551, 2.07323789597, 1.10000991821, 0.42033341527, 0.135801300406, 0.0267853979021, 0.00359246600419, 0.000154469482368], "var": [1.24067163467, 46.0657272339, 62.3995094299, 351.093200684, 261.917175293, 325.951965332, 68.7151641846, 144.78453064, 766.10333252, 890.360961914, 1821.89978027, 8725.03320312, 725.83782959, 1107.41491699, 1149.14477539, 881.387390137, 11187.9482422, 9188.96191406, 653.951599121, 361.035186768, 419.2059021, 778.054321289, 900.932312012, 648.352600098, 1052.50646973, 738.968383789, 379.343597412, 438.686553955, 455.893737793, 588.619873047, 313.935424805, 153.247207642, 47.9563026428, 23.8072128296, 7.19033002853, 1.39159166813, 0.308841735125, 0.0467742606997, 0.00217845663428, 2.29574584409e-06]}, "gfcc": {"icov": [[7.62285635574e-05, -3.87306718039e-05, -8.62760498421e-05, 2.39417440753e-05, 4.97378168802e-05, -7.54642460379e-05, -1.98263296625e-05, -1.56980167958e-05, 0.000150755658979, -0.000128672530991, 4.52042986581e-05, -0.000312299438519, 0.000347915571183], [-3.87306718039e-05, 0.000881092506461, 0.000208278273931, -7.60817783885e-05, -0.000853309757076, 0.000156133319251, 0.000199710062589, -0.00016879447503, -4.53844440926e-05, 0.000673424976412, -0.000762314244639, 0.000765026372392, -0.000493912259117], [-8.62760498421e-05, 0.000208278273931, 0.00138592242729, -0.000262364395894, -0.00126468017697, -0.000761608011089, 0.000200262802537, -9.20001402847e-05, 0.000752998923417, -0.000284677284071, 0.00101561413612, -0.00117487111129, 0.000775727501605], [2.39417440753e-05, -7.60817783885e-05, -0.000262364395894, 0.00221834052354, -0.000390022061765, -0.00109544023871, 0.000385423394619, -0.000571723969188, -7.08621009835e-05, -2.47160332947e-05, -0.000521083595231, 0.000980186508968, -0.000512273050845], [4.97378168802e-05, -0.000853309757076, -0.00126468017697, -0.000390022061765, 0.00366982561536, 0.000872088014148, -0.00140592013486, 0.00026774124126, -0.00129825458862, 4.08608102589e-05, 0.000325775094097, 0.000769833568484, -0.000601687817834], [-7.54642460379e-05, 0.000156133319251, -0.000761608011089, -0.00109544023871, 0.000872088014148, 0.00532269384712, -0.00113746291026, -0.00185624242295, 2.93699267786e-05, -0.00173450727016, 0.00102401420008, -0.000773619569372, 0.000267294963123], [-1.98263296625e-05, 0.000199710062589, 0.000200262802537, 0.000385423394619, -0.00140592013486, -0.00113746291026, 0.00595288025215, -0.00253791594878, -0.00021399812249, 0.000275350583252, -0.00195294152945, 0.00180571712554, -0.0011052506743], [-1.56980167958e-05, -0.00016879447503, -9.20001402847e-05, -0.000571723969188, 0.00026774124126, -0.00185624242295, -0.00253791594878, 0.0104971304536, -0.00323882140219, 0.000188069054275, -7.16317663318e-05, -0.000879704602994, 0.000169792489032], [0.000150755658979, -4.53844440926e-05, 0.000752998923417, -7.08621009835e-05, -0.00129825458862, 2.93699267786e-05, -0.00021399812249, -0.00323882140219, 0.0107651473954, -0.00365055259317, -0.000253104080912, -0.00205602333881, 0.00149835844059], [-0.000128672530991, 0.000673424976412, -0.000284677284071, -2.47160332947e-05, 4.08608102589e-05, -0.00173450727016, 0.000275350583252, 0.000188069054275, -0.00365055259317, 0.0146042117849, -0.00595158990473, 0.00213706796058, -0.00269393762574], [4.52042986581e-05, -0.000762314244639, 0.00101561413612, -0.000521083595231, 0.000325775094097, 0.00102401420008, -0.00195294152945, -7.16317663318e-05, -0.000253104080912, -0.00595158990473, 0.0180820804089, -0.00880605634302, 0.00177222851198], [-0.000312299438519, 0.000765026372392, -0.00117487111129, 0.000980186508968, 0.000769833568484, -0.000773619569372, 0.00180571712554, -0.000879704602994, -0.00205602333881, 0.00213706796058, -0.00880605634302, 0.0205728951842, -0.00794700440019], [0.000347915571183, -0.000493912259117, 0.000775727501605, -0.000512273050845, -0.000601687817834, 0.000267294963123, -0.0011052506743, 0.000169792489032, 0.00149835844059, -0.00269393762574, 0.00177222851198, -0.00794700440019, 0.0152848642319]], "mean": [4.46100282669, 30.272397995, -100.756637573, 40.598651886, -51.1163673401, 11.3657331467, -38.2357902527, 4.22828912735, -22.1680049896, 3.27486205101, -14.5888271332, 1.35946035385, -15.431722641], "cov": [[20710.6972656, -248.56703186, 2854.61743164, 458.20880127, 289.072875977, 994.481628418, 127.894546509, 239.420837402, -207.389404297, 186.220062256, -18.7895755768, 286.128326416, -404.297637939], [-248.56703186, 1832.18334961, 13.7639636993, 145.108322144, 548.965820312, -121.489868164, 93.0643539429, 34.875213623, 51.2760810852, -60.32787323, 32.0911712646, -67.4417190552, 44.659324646], [2854.61743164, 13.7639636993, 1909.07971191, 469.107025146, 588.665161133, 434.841278076, 141.050994873, 141.038162231, -18.6560211182, 53.3470230103, -70.2806091309, 50.7201042175, -75.7466964722], [458.20880127, 145.108322144, 469.107025146, 692.547668457, 250.334701538, 246.872711182, 96.6401596069, 119.16267395, 48.3710823059, 48.8896446228, 5.37707805634, -3.66108441353, 6.21174192429], [289.072875977, 548.965820312, 588.665161133, 250.334701538, 698.174743652, 75.6716918945, 169.382781982, 83.415184021, 68.6511306763, 10.6971788406, -9.37816047668, -22.7010345459, 11.595539093], [994.481628418, -121.489868164, 434.841278076, 246.872711182, 75.6716918945, 402.218933105, 112.871871948, 126.855926514, 37.9410858154, 71.773475647, 5.9602098465, 35.059803009, -11.1914253235], [127.894546509, 93.0643539429, 141.050994873, 96.6401596069, 169.382781982, 112.871871948, 275.169128418, 107.955383301, 58.6248245239, 36.5784835815, 31.6743412018, 2.91523075104, 18.111825943], [239.420837402, 34.875213623, 141.038162231, 119.16267395, 83.415184021, 126.855926514, 107.955383301, 172.163604736, 67.6772460938, 38.5554885864, 22.3970394135, 19.3331108093, 7.08807659149], [-207.389404297, 51.2760810852, -18.6560211182, 48.3710823059, 68.6511306763, 37.9410858154, 58.6248245239, 67.6772460938, 145.725814819, 47.8246498108, 33.1943511963, 17.3015766144, 13.7623109818], [186.220062256, -60.32787323, 53.3470230103, 48.8896446228, 10.6971788406, 71.773475647, 36.5784835815, 38.5554885864, 47.8246498108, 110.059432983, 42.4237785339, 24.4543170929, 16.6307601929], [-18.7895755768, 32.0911712646, -70.2806091309, 5.37707805634, -9.37816047668, 5.9602098465, 31.6743412018, 22.3970394135, 33.1943511963, 42.4237785339, 96.7312545776, 41.5907821655, 21.4115180969], [286.128326416, -67.4417190552, 50.7201042175, -3.66108441353, -22.7010345459, 35.059803009, 2.91523075104, 19.3331108093, 17.3015766144, 24.4543170929, 41.5907821655, 90.6251831055, 32.0104103088], [-404.297637939, 44.659324646, -75.7466964722, 6.21174192429, 11.595539093, -11.1914253235, 18.111825943, 7.08807659149, 13.7623109818, 16.6307601929, 21.4115180969, 32.0104103088, 97.7480163574]]}, "spectral_skewness": {"mean": 1.17360317707, "dvar": 0.0353506878018, "min": -0.422691434622, "dmean": 0.15716587007, "dmean2": 0.238024771214, "dvar2": 0.0952683091164, "max": 5.74134016037, "median": 1.18144261837, "var": 0.150922983885}, "spectral_energyband_low": {"mean": 0.0186081212014, "dvar": 0.00126811454538, "min": 1.07187390576e-23, "dmean": 0.0154177900404, "dmean2": 0.023461740464, "dvar2": 0.00295075587928, "max": 0.267362833023, "median": 0.00476990640163, "var": 0.00141881022137}, "spectral_energyband_middle_low": {"mean": 0.00903558731079, "dvar": 6.61060767015e-05, "min": 1.8967313545e-22, "dmean": 0.00486449245363, "dmean2": 0.00761547265574, "dvar2": 0.000159961215104, "max": 0.105566695333, "median": 0.00579609442502, "var": 0.000110310567834}, "mfcc": {"icov": [[0.000113385940494, -0.000108539519715, -0.000214265281102, 5.17809348821e-05, 0.000106565363239, -0.000136229486088, 8.19069100544e-06, -8.43231318868e-05, 0.000228563410928, -4.78544388898e-05, -7.16424183338e-05, 8.54990648804e-05, -0.000153394634253], [-0.000108539519715, 0.0011324979132, 0.000415889458964, 0.000162712312886, -0.00111958570778, 0.000739617098588, -0.000635364733171, -0.000122754339827, -2.47532643698e-05, 0.000258880434558, 2.38700667978e-05, -0.000211953913094, 0.000230187608395], [-0.000214265281102, 0.000415889458964, 0.00238443864509, -0.000454482855275, -0.00083474983694, -0.00132972619031, -0.00024569343077, -0.000716636190191, 0.000101737947261, 0.000652815506328, 0.000794216466602, -0.00118180189747, 0.00103796937037], [5.17809348821e-05, 0.000162712312886, -0.000454482855275, 0.00423188926652, -0.0020799303893, 0.000191405924852, -0.00123043439817, -2.17552496906e-05, -0.000200962283998, -0.000326339883031, -0.000431388587458, 0.000669209752232, -0.000544852809981], [0.000106565363239, -0.00111958570778, -0.00083474983694, -0.0020799303893, 0.00495246332139, -0.00183949177153, 0.000932253955398, -0.000220027126488, -2.61640707322e-05, -0.00132892630063, 0.00131351186428, -5.62943823752e-05, -1.18801908684e-05], [-0.000136229486088, 0.000739617098588, -0.00132972619031, 0.000191405924852, -0.00183949177153, 0.00900049135089, -0.00237338594161, 0.000737519119866, -0.00247927894816, 0.00135450449307, -0.00254969950765, 0.000732290500309, -0.0018640961498], [8.19069100544e-06, -0.000635364733171, -0.00024569343077, -0.00123043439817, 0.000932253955398, -0.00237338594161, 0.0077061932534, -0.0023142520804, -0.000956433126703, -0.00148268509656, 0.00140834413469, -0.00206794915721, 0.00189697230235], [-8.43231318868e-05, -0.000122754339827, -0.000716636190191, -2.17552496906e-05, -0.000220027126488, 0.000737519119866, -0.0023142520804, 0.0101125128567, -0.00312753743492, -2.45514092967e-05, -0.00415614759549, 0.00338692381047, -0.00314562325366], [0.000228563410928, -2.47532643698e-05, 0.000101737947261, -0.000200962283998, -2.61640707322e-05, -0.00247927894816, -0.000956433126703, -0.00312753743492, 0.0120305316523, -0.00558033585548, 0.00351142371073, -0.00473902234808, 0.00257263937965], [-4.78544388898e-05, 0.000258880434558, 0.000652815506328, -0.000326339883031, -0.00132892630063, 0.00135450449307, -0.00148268509656, -2.45514092967e-05, -0.00558033585548, 0.0178799685091, -0.0100172851235, 0.00365895894356, -0.00323791871779], [-7.16424183338e-05, 2.38700667978e-05, 0.000794216466602, -0.000431388587458, 0.00131351186428, -0.00254969950765, 0.00140834413469, -0.00415614759549, 0.00351142371073, -0.0100172851235, 0.0223608538508, -0.0114455092698, 0.00369969173335], [8.54990648804e-05, -0.000211953913094, -0.00118180189747, 0.000669209752232, -5.62943823752e-05, 0.000732290500309, -0.00206794915721, 0.00338692381047, -0.00473902234808, 0.00365895894356, -0.0114455092698, 0.0246557649225, -0.00949087832123], [-0.000153394634253, 0.000230187608395, 0.00103796937037, -0.000544852809981, -1.18801908684e-05, -0.0018640961498, 0.00189697230235, -0.00314562325366, 0.00257263937965, -0.00323791871779, 0.00369969173335, -0.00949087832123, 0.0170568134636]], "mean": [-640.208312988, 65.5819396973, 9.14136505127, 27.5096797943, 9.83725166321, 9.12896633148, -1.18192279339, 2.22575116158, -5.56494235992, 1.00437164307, 1.04445743561, -0.756831407547, -0.256534487009], "cov": [[13494.3115234, 955.171203613, 1671.38635254, 319.687347412, 485.962005615, 577.320678711, 370.832641602, 354.37612915, -21.802192688, 61.3412513733, 127.518058777, 102.406013489, 148.767700195], [955.171203613, 1351.54467773, 34.8333473206, 150.134567261, 343.783721924, 9.9801530838, 132.321792603, 73.2946014404, 37.4567222595, 31.608839035, 3.7207300663, 11.2567663193, -1.03510272503], [1671.38635254, 34.8333473206, 978.179626465, 307.765350342, 351.509185791, 308.386169434, 206.177261353, 151.877853394, 113.357475281, 39.6312026978, 33.8760528564, 60.7350921631, 20.7657966614], [319.687347412, 150.134567261, 307.765350342, 467.68081665, 318.468017578, 156.326431274, 159.161483765, 101.770401001, 101.355583191, 70.0990066528, 34.9791755676, 32.1549415588, 23.7578239441], [485.962005615, 343.783721924, 351.509185791, 318.468017578, 522.967895508, 186.133850098, 139.121734619, 101.077301025, 103.386764526, 67.9718475342, 22.0467281342, 31.6047267914, 22.5011539459], [577.320678711, 9.9801530838, 308.386169434, 156.326431274, 186.133850098, 264.361633301, 138.880187988, 88.266242981, 99.8274841309, 52.0702590942, 46.7559928894, 45.9727287292, 31.4047718048], [370.832641602, 132.321792603, 206.177261353, 159.161483765, 139.121734619, 138.880187988, 257.687408447, 110.536567688, 104.465621948, 64.989654541, 41.0872612, 42.268989563, 12.2764205933], [354.37612915, 73.2946014404, 151.877853394, 101.770401001, 101.077301025, 88.266242981, 110.536567688, 183.884872437, 87.7056427002, 63.5189170837, 53.838596344, 30.0568561554, 31.4180831909], [-21.802192688, 37.4567222595, 113.357475281, 101.355583191, 103.386764526, 99.8274841309, 104.465621948, 87.7056427002, 173.935897827, 76.1803436279, 39.2954025269, 43.1685371399, 14.9002361298], [61.3412513733, 31.608839035, 39.6312026978, 70.0990066528, 67.9718475342, 52.0702590942, 64.989654541, 63.5189170837, 76.1803436279, 119.326210022, 63.1173591614, 31.2647342682, 25.0448112488], [127.518058777, 3.7207300663, 33.8760528564, 34.9791755676, 22.0467281342, 46.7559928894, 41.0872612, 53.838596344, 39.2954025269, 63.1173591614, 98.8202819824, 47.3527069092, 21.605714798], [102.406013489, 11.2567663193, 60.7350921631, 32.1549415588, 31.6047267914, 45.9727287292, 42.268989563, 30.0568561554, 43.1685371399, 31.2647342682, 47.3527069092, 80.758430481, 38.0778656006], [148.767700195, -1.03510272503, 20.7657966614, 23.7578239441, 22.5011539459, 31.4047718048, 12.2764205933, 31.4180831909, 14.9002361298, 25.0448112488, 21.605714798, 38.0778656006, 86.3594512939]]}, "silence_rate_20dB": {"mean": 1, "dvar": 0, "min": 1, "dmean": 0, "dmean2": 0, "dvar2": 0, "max": 1, "median": 1, "var": 0}, "dynamic_complexity": 4.37658023834, "silence_rate_60dB": {"mean": 0.126812383533, "dvar": 0.0168039724231, "min": 0, "dmean": 0.017097717151, "dmean2": 0.0341991335154, "dvar2": 0.0369223207235, "max": 1, "median": 0, "var": 0.11070599407}, "dissonance": {"mean": 0.478516250849, "dvar": 0.000121347868117, "min": 0.309764206409, "dmean": 0.0105231162161, "dmean2": 0.0174731053412, "dvar2": 0.000320028193528, "max": 0.500000059605, "median": 0.482824444771, "var": 0.000275254395092}, "barkbands": {"mean": [0.000452792330179, 0.0123093035072, 0.0041745621711, 0.00264130556025, 0.00333463097923, 0.000826492847409, 0.00110406731255, 0.000448426755611, 0.000608510512393, 0.000367123109754, 0.000342678686138, 0.000301386229694, 0.000586068315897, 0.000490265083499, 0.000284783978714, 0.00028250637115, 0.000383056176361, 0.000429271633038, 0.000455766450614, 0.000439139665104, 0.000413534406107, 0.000515903288033, 0.000543804373592, 0.000370718480553, 0.000316235003993, 0.000187814002857, 0.00011256927246], "dvar": [1.82714200037e-06, 0.00119117600843, 5.66580638406e-05, 3.16349724017e-05, 1.54299796122e-05, 1.12470161184e-06, 2.42219539359e-06, 1.7655057718e-06, 2.68568715001e-06, 7.73367503371e-07, 4.26935372388e-07, 2.68849362328e-07, 3.16510386256e-06, 2.00163572117e-06, 1.5607902526e-07, 7.12368333211e-08, 1.18230772728e-07, 1.84300276374e-07, 1.49338973188e-07, 1.61594144288e-07, 1.33921361112e-07, 1.44420098991e-07, 1.46412659774e-07, 7.7220896344e-08, 5.21187146774e-08, 4.43965220143e-08, 4.8982425227e-08], "min": [1.03131779748e-24, 5.81967657229e-24, 1.80180938627e-24, 4.49969021351e-24, 1.64096037159e-23, 1.80103602648e-23, 9.82779008487e-24, 1.78712083566e-23, 2.92310325837e-23, 1.62482359069e-23, 1.66096635747e-23, 2.86371528507e-23, 4.81503625597e-23, 2.8706591543e-23, 5.54712725946e-23, 8.45370230414e-23, 8.26960741242e-23, 9.91704054551e-23, 1.49468265124e-22, 1.99663434037e-22, 2.01799454798e-22, 3.48465812204e-22, 5.08846585868e-22, 6.95978377513e-22, 1.04248183195e-21, 1.39503808359e-21, 2.02478788993e-21], "dmean": [0.000461098446976, 0.0119996573776, 0.00365828932263, 0.00235990574583, 0.00216431240551, 0.000525113486219, 0.000654838106129, 0.000327970163198, 0.000361936050467, 0.000246326468186, 0.000199057612917, 0.000201660790481, 0.000411809101934, 0.000341158156516, 0.000182069867151, 0.00015206853277, 0.000215730600758, 0.000244459050009, 0.00023592801881, 0.000238758293563, 0.000216452594032, 0.000228532662732, 0.00023228538339, 0.00016905546363, 0.000143744386151, 0.000115504051792, 0.00011042936967], "dmean2": [0.000735229579732, 0.0195810385048, 0.00579316308722, 0.00378581997938, 0.00351652037352, 0.00085606490029, 0.00105353153776, 0.000523368187714, 0.000580469437409, 0.000397438154323, 0.000312328367727, 0.000326517852955, 0.000683752994519, 0.000572967808694, 0.000302822591038, 0.000245922477916, 0.000352486298652, 0.000401584547944, 0.000383119855542, 0.000392575981095, 0.000356702861609, 0.000358008139301, 0.000353739567799, 0.000250740762567, 0.000211806545849, 0.000176662375452, 0.00017944809224], "dvar2": [4.47061256637e-06, 0.00297709321603, 0.000139832976856, 7.97931861598e-05, 4.03086778533e-05, 2.89776835416e-06, 6.17207433606e-06, 3.96526320401e-06, 6.21490016783e-06, 1.89111153759e-06, 1.08511994767e-06, 7.03835439708e-07, 8.60591444507e-06, 5.48545312995e-06, 4.16593223918e-07, 1.72763989781e-07, 2.85868907213e-07, 4.70853166235e-07, 3.700515947e-07, 4.07114697509e-07, 3.49905974417e-07, 3.48521353999e-07, 3.21916985513e-07, 1.68586993254e-07, 1.25896946201e-07, 1.11783954537e-07, 1.22789813872e-07], "max": [0.0139075191692, 0.25672891736, 0.103726327419, 0.0776151940227, 0.0592160411179, 0.0217745006084, 0.0293528158218, 0.0952015668154, 0.103455930948, 0.0250769723207, 0.0335083045065, 0.0171644464135, 0.0772470086813, 0.0639315545559, 0.0140744522214, 0.00987528823316, 0.00614416413009, 0.0117444731295, 0.00707491021603, 0.00911012571305, 0.00758782308549, 0.00743083981797, 0.00862569361925, 0.00542863830924, 0.00441419100389, 0.00306106708013, 0.00178215117194], "median": [2.51765159192e-05, 0.00228381319903, 0.000508432043716, 0.000538900203537, 0.00132440461311, 0.000358170538675, 0.000543922651559, 0.000139216863317, 0.000118402240332, 0.000100410252344, 9.95411974145e-05, 0.000136544258567, 0.000168594706338, 0.000237257801928, 0.000176331639523, 0.00018949022342, 0.000253152917139, 0.000256190309301, 0.000293929071631, 0.000256097468082, 0.000242813694058, 0.000301852385746, 0.000319728889735, 0.000202705312404, 0.000172708576429, 8.16483807284e-05, 1.71895735548e-05], "var": [1.86434635907e-06, 0.00107804988511, 7.09045780241e-05, 3.37110213877e-05, 2.38829452428e-05, 1.76011315034e-06, 3.66043514077e-06, 3.10386849378e-06, 1.12376746984e-05, 1.43950353504e-06, 9.87289240584e-07, 4.07359920018e-07, 5.08858602188e-06, 2.64738991973e-06, 1.77813376467e-07, 1.33264890678e-07, 2.11946726836e-07, 3.33063638891e-07, 3.10606026233e-07, 3.22465467661e-07, 2.41177161797e-07, 3.87212395481e-07, 4.41154298869e-07, 2.40818707198e-07, 1.56593259248e-07, 8.68036096335e-08, 5.23378851369e-08]}, "spectral_complexity": {"mean": 20.5952167511, "dvar": 34.0671920776, "min": 0, "dmean": 4.716588974, "dmean2": 7.16709947586, "dvar2": 70.2177200317, "max": 60, "median": 20, "var": 162.847442627}, "spectral_energyband_high": {"mean": 0.00265263114125, "dvar": 2.55819645645e-06, "min": 7.21192603573e-21, "dmean": 0.0010356096318, "dmean2": 0.00152650661767, "dvar2": 5.97989628659e-06, "max": 0.0214621424675, "median": 0.0016961239744, "var": 7.63513799029e-06}, "hfc": {"mean": 32.8877029419, "dvar": 302.632720947, "min": 1.09701122971e-16, "dmean": 11.6628656387, "dmean2": 16.6114425659, "dvar2": 717.045288086, "max": 217.304641724, "median": 25.1876144409, "var": 862.058105469}, "melbands_kurtosis": {"mean": 23.1158046722, "dvar": 1769.21435547, "min": -1.94589006901, "dmean": 15.9818248749, "dmean2": 25.3938980103, "dvar2": 4228.45068359, "max": 1220.38439941, "median": 9.6688079834, "var": 3034.73095703}, "spectral_strongpeak": {"mean": 0.644367873669, "dvar": 0.537781774998, "min": 0, "dmean": 0.379006683826, "dmean2": 0.643672645092, "dvar2": 1.41549134254, "max": 14.9458456039, "median": 0.39473053813, "var": 0.836408734322}, "silence_rate_30dB": {"mean": 0.941462874413, "dvar": 0.0554079674184, "min": 0, "dmean": 0.0588680878282, "dmean2": 0.117748916149, "dvar2": 0.111456982791, "max": 1, "median": 1, "var": 0.0551083944738}, "melbands_spread": {"mean": 38.5987930298, "dvar": 270.906005859, "min": 0.318524301052, "dmean": 13.1495065689, "dmean2": 19.886133194, "dvar2": 550.707824707, "max": 271.163208008, "median": 31.2651062012, "var": 975.17779541}, "melbands_crest": {"mean": 15.2632188797, "dvar": 11.8668298721, "min": 1.00189805031, "dmean": 3.75250148773, "dmean2": 5.97772455215, "dvar2": 30.0125160217, "max": 36.3185005188, "median": 14.9000778198, "var": 36.1460800171}, "average_loudness": 0.885947167873, "spectral_flux": {"mean": 0.095210455358, "dvar": 0.00326757412404, "min": 6.5636766855e-11, "dmean": 0.037942789495, "dmean2": 0.061822284013, "dvar2": 0.00780350761488, "max": 0.460161060095, "median": 0.0753693580627, "var": 0.00608738744631}, "spectral_rolloff": {"mean": 3234.74926758, "dvar": 3182757, "min": 64.599609375, "dmean": 1289.0333252, "dmean2": 2095.26269531, "dvar2": 7013108.5, "max": 19401.4160156, "median": 2670.1171875, "var": 7866360.5}, "melbands": {"mean": [0.00349104404449, 0.00280904048122, 0.00149036105722, 0.000841381668579, 0.000251042161835, 0.000181873925612, 0.000202755341888, 0.000154093315359, 9.29932648432e-05, 8.20881541586e-05, 5.57295570616e-05, 4.73077416245e-05, 5.08328193973e-05, 2.76439332083e-05, 5.64268630114e-05, 5.80577434448e-05, 4.61806957901e-05, 2.80295880657e-05, 2.03084673558e-05, 2.09575446206e-05, 1.80148617801e-05, 2.60514607362e-05, 1.89188904187e-05, 2.20035017264e-05, 1.63395507116e-05, 1.87137284229e-05, 1.73704956978e-05, 1.25075521282e-05, 1.06295865407e-05, 9.78309617494e-06, 9.34689342103e-06, 9.50027515501e-06, 1.04601122075e-05, 1.12761263154e-05, 8.37343759486e-06, 6.68371740176e-06, 5.3261346693e-06, 3.85229213862e-06, 3.27415068568e-06, 3.28867122334e-06], "dvar": [0.00010435745935, 2.33079135796e-05, 6.62662023387e-06, 1.01176192402e-06, 8.80723050045e-08, 4.73029508896e-08, 1.07226334478e-07, 6.90841446271e-08, 5.78232182136e-08, 6.90191512831e-08, 1.05103250547e-08, 1.29968373841e-08, 9.78602532342e-09, 2.42358910718e-09, 2.32295427338e-08, 3.20928918995e-08, 2.03385166486e-08, 1.92871518756e-09, 5.13705189498e-10, 4.15171785839e-10, 3.48475970302e-10, 5.83127879317e-10, 4.40730590912e-10, 6.02248029224e-10, 2.71373090666e-10, 2.65497734908e-10, 3.37366468095e-10, 1.5482463922e-10, 1.11295195282e-10, 9.56343337855e-11, 7.8033121631e-11, 7.03547289871e-11, 6.84750242619e-11, 6.90658294444e-11, 4.92799412388e-11, 2.76404715088e-11, 2.00480066576e-11, 9.8772778151e-12, 7.03478898398e-12, 6.86555153007e-12], "min": [1.30905728258e-24, 2.11222595526e-24, 2.67254715092e-24, 2.52099395482e-24, 2.39749107479e-24, 3.41065826752e-24, 3.9863346407e-24, 3.4037245746e-24, 2.58426769917e-24, 4.32960391374e-24, 4.07797621763e-24, 1.91429483768e-24, 2.53340825889e-24, 3.51318336393e-24, 5.22433862991e-24, 3.65808843475e-24, 2.32635534545e-24, 4.00401971891e-24, 4.14922337358e-24, 3.93931971404e-24, 5.24336319393e-24, 5.31119063785e-24, 5.30693276112e-24, 3.94588067019e-24, 5.97222176098e-24, 5.15076709531e-24, 5.41040804048e-24, 5.2779997097e-24, 5.39657063135e-24, 4.73809896743e-24, 4.56118152664e-24, 6.96504304767e-24, 6.76400894573e-24, 6.65419556342e-24, 6.52653104768e-24, 6.77110711615e-24, 7.463170844e-24, 7.80028897412e-24, 7.66609505667e-24, 7.82275888815e-24], "dmean": [0.00345595413819, 0.00229387986474, 0.00117014464922, 0.000555115228053, 0.000155072804773, 0.000109692693513, 0.000125835635117, 9.43292179727e-05, 6.19864513283e-05, 4.91255232191e-05, 3.61082238669e-05, 2.98322793242e-05, 2.84895722871e-05, 1.87106979865e-05, 3.73985203623e-05, 4.13703528466e-05, 3.2649088098e-05, 2.04517054954e-05, 1.22652636492e-05, 1.12411544251e-05, 1.0439855032e-05, 1.52025804709e-05, 1.12958077807e-05, 1.3106516235e-05, 9.2507852969e-06, 9.97082770482e-06, 9.8986656667e-06, 7.24663732399e-06, 6.17697151029e-06, 5.61418755751e-06, 5.00102123624e-06, 4.67028803541e-06, 5.04813669977e-06, 5.14609200764e-06, 4.01359693569e-06, 3.31371370521e-06, 2.60850265477e-06, 1.9127064661e-06, 1.64076800502e-06, 1.64587663676e-06], "dmean2": [0.00561941741034, 0.00356234260835, 0.00182118662633, 0.000900984974578, 0.000252192985499, 0.000178551345016, 0.000204202617169, 0.00015152405831, 9.87414241536e-05, 7.82142960816e-05, 5.82700376981e-05, 4.7871730203e-05, 4.48032151326e-05, 2.9774981158e-05, 6.08476329944e-05, 6.90052620484e-05, 5.54660109628e-05, 3.40725491697e-05, 2.00520225917e-05, 1.8454322344e-05, 1.64914290508e-05, 2.49748900387e-05, 1.86648558156e-05, 2.15693453356e-05, 1.51370222738e-05, 1.61783900694e-05, 1.60560321092e-05, 1.19682990771e-05, 1.04268519863e-05, 9.31513022806e-06, 8.23250138637e-06, 7.55741075409e-06, 7.98134533397e-06, 7.88367742643e-06, 6.18751255388e-06, 5.19782497577e-06, 3.95648748963e-06, 2.97088672596e-06, 2.55689360529e-06, 2.52883137364e-06], "dvar2": [0.000258133542957, 5.65411610296e-05, 1.56212172442e-05, 2.64098707703e-06, 2.27339441494e-07, 1.22220129128e-07, 2.73655047067e-07, 1.76810999619e-07, 1.32239478035e-07, 1.57625777319e-07, 2.49354386028e-08, 3.20997237679e-08, 2.52936143141e-08, 6.19356121945e-09, 6.10660109146e-08, 9.00686742966e-08, 5.54736026004e-08, 5.15390352618e-09, 1.3121606024e-09, 9.84482273481e-10, 8.42490854858e-10, 1.38957079177e-09, 1.11118603208e-09, 1.54411872177e-09, 7.0021327625e-10, 6.50864417917e-10, 8.00057520234e-10, 4.07817363213e-10, 2.98054858572e-10, 2.53216475565e-10, 2.04831498984e-10, 1.8243477562e-10, 1.64176935935e-10, 1.52189524871e-10, 1.13388645695e-10, 6.67123439824e-11, 4.35155488032e-11, 2.29694180343e-11, 1.67119460631e-11, 1.65144495301e-11], "max": [0.0760088041425, 0.0479590930045, 0.0315972194076, 0.0157258305699, 0.00484268274158, 0.0045548165217, 0.00659019965678, 0.00883603934199, 0.0149124432355, 0.0165173877031, 0.00300451670773, 0.00375390425324, 0.00538508919999, 0.00148588954471, 0.00549009395763, 0.0064211259596, 0.00612647598609, 0.00124603905715, 0.000614721619058, 0.000970118737314, 0.000517516746186, 0.000486865697894, 0.000576389604248, 0.000560934189707, 0.000416470516939, 0.000340411235811, 0.00049704144476, 0.00023901971872, 0.000197035304154, 0.000228007076657, 0.00016780810256, 0.000154101653607, 0.000189185928321, 0.000186316960026, 0.000165210934938, 0.000121053002658, 0.000115623981401, 6.84839687892e-05, 5.46374940313e-05, 4.86913231725e-05], "median": [0.0005853077746, 0.000666081556119, 0.000464786309749, 0.000340951373801, 9.93905996438e-05, 9.15883501875e-05, 8.71733209351e-05, 6.32718583802e-05, 1.89893398783e-05, 1.49767802213e-05, 1.86427459994e-05, 1.72863274202e-05, 1.62337473739e-05, 1.1467765944e-05, 1.70849634742e-05, 1.78514310392e-05, 2.02970313694e-05, 1.52432421601e-05, 1.28375450004e-05, 1.48626586451e-05, 1.07906225821e-05, 1.71319225046e-05, 1.0499425116e-05, 1.27778475871e-05, 1.0451009075e-05, 1.20297563626e-05, 9.53544440563e-06, 7.08498009772e-06, 6.54669338473e-06, 5.50495860807e-06, 5.12457791046e-06, 5.34118225914e-06, 5.85355883231e-06, 6.08253594692e-06, 4.71563816973e-06, 3.86189140045e-06, 2.8409335755e-06, 2.13283442463e-06, 1.71066585608e-06, 1.73103831003e-06], "var": [9.33851333684e-05, 2.81797856587e-05, 8.15173189039e-06, 1.5188005591e-06, 1.51030960183e-07, 7.51058735204e-08, 1.53134877223e-07, 1.05145119278e-07, 1.45939097251e-07, 2.68089365818e-07, 2.0450414695e-08, 2.25394511943e-08, 2.18718287925e-08, 3.96896115973e-09, 4.17073984238e-08, 4.5874024579e-08, 2.78921952201e-08, 2.04012673422e-09, 7.4784972659e-10, 7.16971149117e-10, 6.06528993696e-10, 1.04428532488e-09, 7.51261663989e-10, 1.05788533489e-09, 4.27552215854e-10, 5.49769896274e-10, 7.07842673364e-10, 2.85325624239e-10, 1.56115884109e-10, 1.54199139568e-10, 1.4788616165e-10, 1.4935129522e-10, 1.74037381728e-10, 2.04659525438e-10, 1.22749949094e-10, 6.80948492038e-11, 5.91897364455e-11, 2.55287718048e-11, 1.80723491727e-11, 1.81932316434e-11]}, "spectral_energy": {"mean": 0.0327227041125, "dvar": 0.00135297502857, "min": 1.03766536281e-20, "dmean": 0.018541071564, "dmean2": 0.0276445951313, "dvar2": 0.00302198366262, "max": 0.297908127308, "median": 0.0194436926395, "var": 0.00183276145253}, "spectral_decrease": {"mean": -7.87966847327e-09, "dvar": 9.3895845517e-17, "min": -7.78789939204e-08, "dmean": 4.76891903745e-09, "dmean2": 7.15957293451e-09, "dvar2": 2.11772609904e-16, "max": 1.30978075608e-11, "median": -4.39393676999e-09, "var": 1.21678718093e-16}, "erbbands_spread": {"mean": 55.5207595825, "dvar": 127.456039429, "min": 2.21937465668, "dmean": 10.7349901199, "dmean2": 16.240896225, "dvar2": 290.241210938, "max": 179.47328186, "median": 56.2579460144, "var": 540.237609863}, "spectral_contrast_coeffs": {"mean": [-0.624897301197, -0.724308371544, -0.779396057129, -0.775702893734, -0.773575723171, -0.760564863682], "dvar": [0.00238639488816, 0.00180212431587, 0.0010566257406, 0.000742242962588, 0.000436907954281, 0.000367648462998], "min": [-0.978085935116, -0.996882617474, -0.998669564724, -0.988701224327, -0.989398896694, -0.963979065418], "dmean": [0.0564143918455, 0.0486859083176, 0.0373132191598, 0.0318108350039, 0.02436558716, 0.019485918805], "dmean2": [0.0873778834939, 0.0775628760457, 0.0590680018067, 0.0511538982391, 0.0392493791878, 0.0310894586146], "dvar2": [0.0053726430051, 0.00444454560056, 0.0024431804195, 0.00176328618545, 0.00104457675479, 0.00087150093168], "max": [-0.241200536489, -0.433351933956, -0.453235983849, -0.51729375124, -0.55208170414, -0.558665454388], "median": [-0.636685609818, -0.728165745735, -0.786310315132, -0.780825138092, -0.778571307659, -0.761463880539], "var": [0.010653343983, 0.00669678300619, 0.00461086817086, 0.00288083148189, 0.00205752626061, 0.00191165762953]}, "spectral_energyband_middle_high": {"mean": 0.00414900993928, "dvar": 1.02637995951e-05, "min": 1.30968469679e-21, "dmean": 0.00161031889729, "dmean2": 0.00255408207886, "dvar2": 2.67205195996e-05, "max": 0.0804936364293, "median": 0.0028965366073, "var": 2.64951795543e-05}, "erbbands_crest": {"mean": 6.87936162949, "dvar": 4.59191417694, "min": 2.05611419678, "dmean": 1.9746992588, "dmean2": 3.19396424294, "dvar2": 11.2735671997, "max": 31.8056087494, "median": 5.63387012482, "var": 15.150434494}, "barkbands_crest": {"mean": 10.4334125519, "dvar": 9.89452171326, "min": 1.81827259064, "dmean": 3.1715426445, "dmean2": 5.04841089249, "dvar2": 24.2328853607, "max": 25.9676418304, "median": 9.50075054169, "var": 23.7167930603}, "pitch_salience": {"mean": 0.517946064472, "dvar": 0.00687619671226, "min": 0.0285853054374, "dmean": 0.0838454291224, "dmean2": 0.135642290115, "dvar2": 0.0182368438691, "max": 0.996072113514, "median": 0.531693458557, "var": 0.014370505698}, "melbands_skewness": {"mean": 3.38649821281, "dvar": 2.39931416512, "min": -2.9323861599, "dmean": 1.14096140862, "dmean2": 1.71180486679, "dvar2": 5.29373168945, "max": 29.9879379272, "median": 2.98539638519, "var": 6.80617380142}, "spectral_spread": {"mean": 6233804.5, "dvar": 632645615616, "min": 1341104.625, "dmean": 598011.4375, "dmean2": 910502.1875, "dvar2": 1214331486210.0, "max": 46820012, "median": 6241441, "var": 5697688305660.0}, "spectral_entropy": {"mean": 7.94317293167, "dvar": 0.0249693077058, "min": 5.10546207428, "dmean": 0.148175269365, "dmean2": 0.220448464155, "dvar2": 0.0526102408767, "max": 9.82148933411, "median": 8.03180027008, "var": 0.198200643063}, "erbbands_flatness_db": {"mean": 0.119503945112, "dvar": 0.00025577362976, "min": 0.0347169749439, "dmean": 0.0147345243022, "dmean2": 0.0208770446479, "dvar2": 0.000478596397443, "max": 0.386955618858, "median": 0.0994842126966, "var": 0.00375980231911}, "spectral_kurtosis": {"mean": 2.75494861603, "dvar": 3.28582167625, "min": -1.26493811607, "dmean": 0.895770967007, "dmean2": 1.44891440868, "dvar2": 9.54122161865, "max": 53.2885818481, "median": 2.17989826202, "var": 8.22630405426}, "erbbands_skewness": {"mean": -0.411732077599, "dvar": 0.108107320964, "min": -7.32267951965, "dmean": 0.31929320097, "dmean2": 0.477534353733, "dvar2": 0.231910347939, "max": 4.25042867661, "median": -0.353783547878, "var": 0.657657921314}, "erbbands_kurtosis": {"mean": 0.423267275095, "dvar": 3.83245015144, "min": -1.84100234509, "dmean": 0.890432655811, "dmean2": 1.35452914238, "dvar2": 7.82124853134, "max": 102.915611267, "median": -0.509822010994, "var": 14.5328607559}, "barkbands_spread": {"mean": 39.7025718689, "dvar": 124.904434204, "min": 0.473762542009, "dmean": 10.3550357819, "dmean2": 15.8263998032, "dvar2": 274.225982666, "max": 115.735137939, "median": 38.5547218323, "var": 427.750823975}, "zerocrossingrate": {"mean": 0.114990338683, "dvar": 0.000540746434126, "min": 0.00537109375, "dmean": 0.0216853730381, "dmean2": 0.0258156508207, "dvar2": 0.000711738714017, "max": 0.52294921875, "median": 0.10400390625, "var": 0.00390471611172}, "spectral_centroid": {"mean": 2109.76953125, "dvar": 143363.65625, "min": 130.237731934, "dmean": 362.79800415, "dmean2": 547.09197998, "dvar2": 302303.40625, "max": 11641.0458984, "median": 2047.43200684, "var": 862618.875}, "barkbands_skewness": {"mean": 1.33662676811, "dvar": 1.09895288944, "min": -5.98272514343, "dmean": 0.755235254765, "dmean2": 1.12506353855, "dvar2": 2.46434640884, "max": 19.7484035492, "median": 1.13099193573, "var": 3.19513058662}, "melbands_flatness_db": {"mean": 0.161625102162, "dvar": 0.00140748079866, "min": 1.51001628979e-07, "dmean": 0.0327947363257, "dmean2": 0.0492339804769, "dvar2": 0.00296473316848, "max": 0.602903604507, "median": 0.147794663906, "var": 0.00599995627999}, "spectral_contrast_valleys": {"mean": [-7.93562936783, -7.51872825623, -8.07614135742, -7.95894002914, -7.46810245514, -9.54678058624], "dvar": [0.372122168541, 0.208201274276, 0.224404707551, 0.176083251834, 0.155052438378, 0.163663119078], "min": [-28.1333904266, -27.5649604797, -27.6456413269, -27.5974559784, -27.4517345428, -27.3498458862], "dmean": [0.555692851543, 0.437333762646, 0.421097874641, 0.361788839102, 0.32313066721, 0.32624772191], "dmean2": [0.811849892139, 0.673838675022, 0.634440004826, 0.551494777203, 0.481034964323, 0.429004281759], "dvar2": [0.616276621819, 0.448400199413, 0.451817840338, 0.35320648551, 0.320307850838, 0.306236505508], "max": [-4.79658222198, -5.05172204971, -5.3898267746, -5.64004325867, -5.41770982742, -7.28870296478], "median": [-7.34074115753, -7.18315887451, -7.71703624725, -7.55472564697, -7.10923290253, -9.06492137909], "var": [4.77878904343, 2.57465481758, 2.62871932983, 2.4683880806, 2.49461579323, 3.4404695034]}, "barkbands_flatness_db": {"mean": 0.108952604234, "dvar": 0.00084447232075, "min": 0.0173323657364, "dmean": 0.0247706677765, "dmean2": 0.03879795596, "dvar2": 0.00200559338555, "max": 0.446797549725, "median": 0.0927820056677, "var": 0.00364136043936}, "barkbands_kurtosis": {"mean": 4.36764621735, "dvar": 250.734359741, "min": -1.95410835743, "dmean": 4.6600112915, "dmean2": 7.56