{"lowlevel": {"erbbands": {"mean": [0.346459120512, 1.27854847908, 3.42395162582, 4.96004104614, 7.01505422592, 8.45641422272, 17.2903022766, 14.5863800049, 15.9488868713, 13.8508110046, 19.2274570465, 31.132062912, 29.1871337891, 36.9218139648, 23.2513923645, 19.6363010406, 16.1400852203, 13.8757410049, 12.6007223129, 15.4766969681, 17.7457103729, 18.1302566528, 17.3418579102, 15.6371641159, 10.6691789627, 6.53115797043, 4.27148675919, 2.78901958466, 1.76928293705, 1.04945802689, 0.603548645973, 0.305381476879, 0.142895668745, 0.0830692499876, 0.0414680913091, 0.0412193797529, 0.0428829118609, 0.0413029976189, 0.0312116332352, 0.0132008921355], "dvar": [0.43841868639, 3.37127280235, 13.9670534134, 29.471654892, 71.36328125, 148.237869263, 1284.8190918, 1159.57897949, 1477.41540527, 784.827636719, 2344.93725586, 3725.921875, 2871.10449219, 4741.93261719, 847.436523438, 542.269714355, 478.176818848, 328.972015381, 230.005584717, 371.635345459, 643.117858887, 982.263977051, 716.988342285, 570.499328613, 212.867553711, 92.4767303467, 57.9660148621, 24.0604915619, 8.25126552582, 3.19376683235, 1.16116726398, 0.276113688946, 0.0857891216874, 0.0618046373129, 0.0173396244645, 0.0101828007028, 0.00608999608085, 0.00514136301354, 0.00159970670938, 6.47694978397e-05], "min": [9.16272046165e-15, 4.78961386882e-14, 1.44125895029e-13, 2.91356945081e-13, 4.4698627937e-13, 5.34426506955e-13, 5.00740128615e-13, 3.88009530105e-13, 3.32764279456e-13, 4.21982029397e-13, 5.39242370375e-13, 5.75241460368e-13, 8.04495088168e-13, 1.13491215124e-12, 5.83542166411e-13, 1.7861390535e-12, 8.84074671109e-12, 9.92885548085e-12, 2.0985422601e-12, 2.43141639635e-12, 7.7195307438e-12, 6.85557340063e-12, 2.35874601101e-12, 9.25304190907e-12, 1.11101440547e-11, 1.4129848333e-11, 4.86636390906e-11, 5.47544093399e-11, 5.35707762872e-11, 2.90073173814e-11, 2.97440891361e-11, 7.12537182035e-11, 4.19651327577e-11, 1.37132544903e-11, 1.54216552722e-11, 7.62894782069e-12, 6.48980955781e-12, 4.34987115772e-12, 4.81285746933e-13, 5.59085926426e-14], "dmean": [0.252138853073, 0.994079232216, 2.28114318848, 3.30181121826, 4.83003377914, 5.95851612091, 13.2193527222, 11.100194931, 11.7316455841, 9.20544338226, 13.3815822601, 19.3482646942, 18.4823665619, 23.2007884979, 13.4762182236, 11.4083995819, 9.9935836792, 8.37488269806, 7.66743040085, 9.86232948303, 12.0208301544, 12.8990802765, 12.1297340393, 10.4811220169, 6.73829936981, 4.20299911499, 3.01491093636, 2.01140451431, 1.23329043388, 0.735289871693, 0.441075176001, 0.23111012578, 0.120367623866, 0.0796263068914, 0.0414976999164, 0.0361993648112, 0.0328563004732, 0.0285689122975, 0.0175475683063, 0.00480661308393], "dmean2": [0.432962954044, 1.69889223576, 3.77150774002, 5.31739616394, 7.84979915619, 9.68720722198, 20.872095108, 17.5355148315, 18.5587997437, 14.509926796, 21.6107139587, 30.4093971252, 29.3687534332, 37.2279167175, 21.2250328064, 17.9632606506, 15.5845842361, 13.1940755844, 11.8727416992, 14.977221489, 17.6957206726, 18.732011795, 17.7324790955, 15.992348671, 10.0797243118, 6.11440658569, 4.38876628876, 2.95877385139, 1.81232857704, 1.07414638996, 0.656411767006, 0.346849232912, 0.181225538254, 0.12325873971, 0.0648526921868, 0.0545566380024, 0.0489736758173, 0.0409058704972, 0.0235324148089, 0.00627985503525], "dvar2": [1.24538564682, 9.25473880768, 37.2203407288, 75.6241455078, 182.84866333, 384.279174805, 3116.51586914, 2921.92993164, 3365.23022461, 1927.72033691, 6336.76708984, 8476.16308594, 6856.83544922, 10772.5957031, 2116.51660156, 1315.99572754, 1176.67736816, 764.527587891, 578.55645752, 853.60357666, 1400.07983398, 2075.07714844, 1532.91345215, 1372.44567871, 469.265380859, 192.146072388, 130.251235962, 51.7489738464, 18.042552948, 6.65734434128, 2.56393766403, 0.590271174908, 0.180474027991, 0.136163622141, 0.039058752358, 0.0215798169374, 0.0130119295791, 0.0106205008924, 0.00299251335673, 0.000105775921838], "max": [9.54161071777, 19.6212978363, 54.4474906921, 109.527320862, 166.966598511, 201.845413208, 917.801391602, 901.128540039, 1240.73583984, 1013.5958252, 1379.3026123, 3072.16455078, 1539.24645996, 2221.00366211, 543.856384277, 577.388671875, 576.564941406, 705.342163086, 333.94744873, 423.694061279, 468.068695068, 969.396118164, 615.859191895, 651.364013672, 362.790313721, 298.157501221, 305.137512207, 150.917755127, 60.5425987244, 38.055431366, 24.1517028809, 8.61995887756, 4.97947120667, 5.50674533844, 2.15562343597, 1.66489434242, 1.2795548439, 1.87841010094, 1.41175270081, 0.233907938004], "median": [0.0897930786014, 0.541669487953, 1.4461864233, 2.41934609413, 3.53553247452, 3.90872192383, 4.33083629608, 3.66726636887, 3.7244913578, 3.48123288155, 4.09355831146, 6.37705183029, 6.45873355865, 8.50486564636, 9.45980548859, 7.79034328461, 5.9605345726, 5.54217386246, 4.63993930817, 5.3794298172, 4.42489671707, 3.55630254745, 3.89458823204, 4.5952038765, 3.05270862579, 1.72646605968, 1.06520390511, 0.61869841814, 0.397707611322, 0.233299732208, 0.129897117615, 0.0700059980154, 0.0348814539611, 0.0174067430198, 0.00914918445051, 0.00965859182179, 0.0101995496079, 0.0101035758853, 0.0101168882102, 0.00744006875902], "var": [0.476925939322, 3.89092350006, 26.1152439117, 53.6194381714, 112.190284729, 196.575073242, 1738.9666748, 1480.6003418, 2225.57226562, 1241.63879395, 3127.92919922, 7323.125, 5382.37890625, 11171.3417969, 1652.65722656, 1185.27697754, 916.335571289, 611.087524414, 455.178985596, 719.366088867, 1179.53710938, 1780.05957031, 1341.79016113, 874.78692627, 429.986236572, 195.427520752, 97.7345657349, 43.6599655151, 14.8910150528, 5.83903312683, 1.89063751698, 0.431695610285, 0.11510605365, 0.0666143000126, 0.0177565105259, 0.0124061508104, 0.00905488338321, 0.00921255350113, 0.00394913041964, 0.000285300338874]}, "gfcc": {"icov": [[8.87420246727e-05, -0.000260641478235, 0.00034741172567, -0.000334805314196, 0.00030034314841, -0.000119004667795, -1.2865421013e-06, -4.99497291457e-05, 1.71874598891e-05, 0.000103822196252, 0.000196111301193, -0.000328954862198, 9.69116663327e-05], [-0.000260641478235, 0.0034395691473, -0.00322834192775, 0.00393353961408, -0.00256088073365, 0.00151307485066, -0.00118073332123, 0.00115170376375, -0.00204888894223, 0.00228235358372, -0.00433351518586, 0.00378135242499, -0.00247897626832], [0.00034741172567, -0.00322834192775, 0.00703555019572, -0.00622944487259, 0.00590216787532, -0.00550671713427, 0.00298637128435, -0.000112730485853, -0.000457070156699, 0.00185236684047, -0.00100839021616, 0.00123667472508, -9.00153245311e-05], [-0.000334805314196, 0.00393353961408, -0.00622944487259, 0.0129747632891, -0.0104916784912, 0.00707124080509, -0.00252323807217, -0.00179199629929, 0.00310680014081, -0.00650361832231, 0.00565125187859, -0.00783056300133, 0.00416686339304], [0.00030034314841, -0.00256088073365, 0.00590216787532, -0.0104916784912, 0.0132840843871, -0.00754005787894, 0.00153952266555, 0.0024918850977, -0.00538782449439, 0.00912949535996, -0.0084549728781, 0.00954755395651, -0.00601151166484], [-0.000119004667795, 0.00151307485066, -0.00550671713427, 0.00707124080509, -0.00754005787894, 0.011481160298, -0.0041008265689, -0.00382514554076, 0.00756719801575, -0.00851297937334, 0.00788863468915, -0.00765942130238, 0.00329446187243], [-1.2865421013e-06, -0.00118073332123, 0.00298637128435, -0.00252323807217, 0.00153952266555, -0.0041008265689, 0.0106891421601, -0.000414978538174, -0.00573370140046, 0.00708134565502, -0.00257343007252, 0.00048874883214, 0.000468382349936], [-4.99497291457e-05, 0.00115170376375, -0.000112730485853, -0.00179199629929, 0.0024918850977, -0.00382514554076, -0.000414978538174, 0.0123847937211, -0.00719704385847, 0.00127178477123, -0.00332988775335, 0.00632322207093, -0.00609264755622], [1.71874598891e-05, -0.00204888894223, -0.000457070156699, 0.00310680014081, -0.00538782449439, 0.00756719801575, -0.00573370140046, -0.00719704385847, 0.0261065792292, -0.019800612703, 0.013190981932, -0.0130506474525, 0.00839734077454], [0.000103822196252, 0.00228235358372, 0.00185236684047, -0.00650361832231, 0.00912949535996, -0.00851297937334, 0.00708134565502, 0.00127178477123, -0.019800612703, 0.0391576327384, -0.0286631919444, 0.0161357820034, -0.00739112729207], [0.000196111301193, -0.00433351518586, -0.00100839021616, 0.00565125187859, -0.0084549728781, 0.00788863468915, -0.00257343007252, -0.00332988775335, 0.013190981932, -0.0286631919444, 0.0431573316455, -0.0261788386852, 0.0102405101061], [-0.000328954862198, 0.00378135242499, 0.00123667472508, -0.00783056300133, 0.00954755395651, -0.00765942130238, 0.00048874883214, 0.00632322207093, -0.0130506474525, 0.0161357820034, -0.0261788386852, 0.0392123088241, -0.0180994570255], [9.69116663327e-05, -0.00247897626832, -9.00153245311e-05, 0.00416686339304, -0.00601151166484, 0.00329446187243, 0.000468382349936, -0.00609264755622, 0.00839734077454, -0.00739112729207, 0.0102405101061, -0.0180994570255, 0.0260232016444]], "mean": [-35.697353363, 91.4257049561, -85.3948822021, 2.71069741249, -11.9265003204, -15.6537904739, -2.51695942879, -10.7991123199, -8.93324184418, -12.3601789474, -5.63255834579, -3.23456716537, -5.94580221176], "cov": [[17727.6074219, 957.045715332, -942.481811523, -45.8369407654, 31.0164031982, -387.506164551, 408.910705566, -102.2735672, 125.577667236, -230.237258911, -16.0612049103, 161.989929199, 67.2188491821], [957.045715332, 1513.29345703, 277.32913208, -470.941558838, 14.7985420227, 40.3491096497, 50.4633636475, -78.8190460205, -15.2350616455, -73.6848602295, 77.4915313721, -115.45300293, 69.1034545898], [-942.481811523, 277.32913208, 534.128723145, -29.0499591827, -97.9227981567, 167.907440186, -81.7760696411, 28.5971412659, -39.6909255981, 28.6728401184, 15.8815526962, -16.9926567078, 3.60035133362], [-45.8369407654, -470.941558838, -29.0499591827, 406.94631958, 150.698547363, -33.8323020935, 10.7699871063, 34.5953102112, 32.1871948242, 31.7828025818, -9.28851985931, 61.3182640076, -18.0080547333], [31.0164031982, 14.7985420227, -97.9227981567, 150.698547363, 289.434417725, 27.0531101227, 58.7356033325, -4.09378290176, 12.3641719818, -28.5343227386, 3.17492222786, -5.55815887451, 21.0368156433], [-387.506164551, 40.3491096497, 167.907440186, -33.8323020935, 27.0531101227, 249.199783325, 17.8124675751, 46.9191818237, -33.5059242249, 6.5964846611, -9.11874866486, 1.64973342419, 14.0717926025], [408.910705566, 50.4633636475, -81.7760696411, 10.7699871063, 58.7356033325, 17.8124675751, 156.676849365, 13.0012350082, 30.1716175079, -28.4736804962, -5.65901565552, 7.53946590424, 2.46176886559], [-102.2735672, -78.8190460205, 28.5971412659, 34.5953102112, -4.09378290176, 46.9191818237, 13.0012350082, 131.361190796, 40.4501457214, 36.0365257263, 4.1316318512, 8.85990715027, 12.785982132], [125.577667236, -15.2350616455, -39.6909255981, 32.1871948242, 12.3641719818, -33.5059242249, 30.1716175079, 40.4501457214, 98.5051498413, 46.0540275574, 18.6456489563, 17.7877922058, -4.85656833649], [-230.237258911, -73.6848602295, 28.6728401184, 31.7828025818, -28.5343227386, 6.5964846611, -28.4736804962, 36.0365257263, 46.0540275574, 94.5796661377, 45.2112197876, 18.9582481384, -2.23295879364], [-16.0612049103, 77.4915313721, 15.8815526962, -9.28851985931, 3.17492222786, -9.11874866486, -5.65901565552, 4.1316318512, 18.6456489563, 45.2112197876, 74.1648330688, 28.2669944763, 9.24021339417], [161.989929199, -115.45300293, -16.9926567078, 61.3182640076, -5.55815887451, 1.64973342419, 7.53946590424, 8.85990715027, 17.7877922058, 18.9582481384, 28.2669944763, 77.930480957, 21.690114975], [67.2188491821, 69.1034545898, 3.60035133362, -18.0080547333, 21.0368156433, 14.0717926025, 2.46176886559, 12.785982132, -4.85656833649, -2.23295879364, 9.24021339417, 21.690114975, 66.0655517578]]}, "spectral_skewness": {"mean": 2.75178861618, "dvar": 0.176023930311, "min": 0.997698664665, "dmean": 0.379246532917, "dmean2": 0.572782993317, "dvar2": 0.430649489164, "max": 8.07818698883, "median": 2.5587220192, "var": 0.668456196785}, "spectral_energyband_low": {"mean": 0.0140020251274, "dvar": 0.000287843227852, "min": 5.23871190212e-16, "dmean": 0.00823644548655, "dmean2": 0.0138182453811, "dvar2": 0.000777679961175, "max": 0.214435622096, "median": 0.00742927286774, "var": 0.000388511660276}, "spectral_energyband_middle_low": {"mean": 0.0098840566352, "dvar": 5.83908622502e-05, "min": 3.99234897766e-16, "dmean": 0.00455004908144, "dmean2": 0.00690506026149, "dvar2": 0.000138054820127, "max": 0.148132652044, "median": 0.00549722835422, "var": 0.000160306139151}, "mfcc": {"icov": [[0.000127706414787, -8.85972476681e-05, 0.00015251012519, -0.000165707926499, 0.000209693069337, -6.40142534394e-05, 0.000201730552362, -0.000340724625858, 0.000101583667856, -8.46853217809e-05, -3.13204350277e-06, 8.14347276901e-06, -2.06719523703e-05], [-8.85972476681e-05, 0.000777868728619, -0.000211847436731, 0.000569719122723, -0.00013835230493, 0.000238759297645, -0.000788860197645, 0.000397585041355, 9.98158211587e-05, -0.000169272287167, -0.000129156789626, 0.000431664549978, -0.000169079619809], [0.00015251012519, -0.000211847436731, 0.00214393157512, 0.000743579003029, -0.000429717969382, -0.000203441813937, 0.000506323820446, -0.000513658334967, 0.000951854221057, -0.000608358881436, -0.000174910892383, -1.07341802504e-05, -0.000286328082439], [-0.000165707926499, 0.000569719122723, 0.000743579003029, 0.00426096841693, -0.0018535987474, -2.64038735622e-05, 0.000906414352357, -0.000876985432114, 0.000765081960708, -0.000446379126515, 0.000551712000743, -0.00166762655135, 0.00045809824951], [0.000209693069337, -0.00013835230493, -0.000429717969382, -0.0018535987474, 0.00751147931442, -0.00210653082468, -0.00219474011101, 0.00210723769851, -0.00312925712205, 0.00289779226296, -0.00109051482286, -0.00139725254849, -0.000534216582309], [-6.40142534394e-05, 0.000238759297645, -0.000203441813937, -2.64038735622e-05, -0.00210653082468, 0.010303418152, -0.00392477307469, -0.00257887109183, 0.00221999245696, -0.000975141010713, 0.00176911556628, 0.000370271416614, -0.00142606254667], [0.000201730552362, -0.000788860197645, 0.000506323820446, 0.000906414352357, -0.00219474011101, -0.00392477307469, 0.0144718587399, -0.00522624794394, -0.00111134478357, 0.00109142472502, -0.000488876539748, 0.00175965216476, -0.000771882652771], [-0.000340724625858, 0.000397585041355, -0.000513658334967, -0.000876985432114, 0.00210723769851, -0.00257887109183, -0.00522624794394, 0.0165800172836, -0.00685144821182, -0.000437959330156, 0.00107173179276, -0.000618934340309, 0.000835231970996], [0.000101583667856, 9.98158211587e-05, 0.000951854221057, 0.000765081960708, -0.00312925712205, 0.00221999245696, -0.00111134478357, -0.00685144821182, 0.0169131979346, -0.00663143629208, 0.0026863515377, -0.00320657016709, 0.00228771264665], [-8.46853217809e-05, -0.000169272287167, -0.000608358881436, -0.000446379126515, 0.00289779226296, -0.000975141010713, 0.00109142472502, -0.000437959330156, -0.00663143629208, 0.0219770781696, -0.0108515322208, 0.00610051630065, -0.00508122565225], [-3.13204350277e-06, -0.000129156789626, -0.000174910892383, 0.000551712000743, -0.00109051482286, 0.00176911556628, -0.000488876539748, 0.00107173179276, 0.0026863515377, -0.0108515322208, 0.024296682328, -0.0133947106078, 0.00433656387031], [8.14347276901e-06, 0.000431664549978, -1.07341802504e-05, -0.00166762655135, -0.00139725254849, 0.000370271416614, 0.00175965216476, -0.000618934340309, -0.00320657016709, 0.00610051630065, -0.0133947106078, 0.0264273509383, -0.0119004137814], [-2.06719523703e-05, -0.000169079619809, -0.000286328082439, 0.00045809824951, -0.000534216582309, -0.00142606254667, -0.000771882652771, 0.000835231970996, 0.00228771264665, -0.00508122565225, 0.00433656387031, -0.0119004137814, 0.0250751674175]], "mean": [-697.247558594, 153.51902771, -12.066280365, 32.8696861267, 4.26983642578, 9.67965698242, 7.27222967148, 10.3265619278, -0.000482292089146, 1.83015739918, -1.61607813835, -1.87182533741, -0.508860349655], "cov": [[11259.0253906, 449.167297363, -888.101318359, 436.56817627, -388.694244385, -11.8815774918, -108.669158936, 239.191741943, 15.6058979034, 93.3003387451, -12.619354248, -25.5527191162, -18.5372505188], [449.167297363, 1785.89550781, 238.955841064, -328.830444336, -50.7565956116, -4.47253608704, 91.3273468018, -21.0790176392, -25.3965167999, 26.1658000946, -5.21152544022, -71.9582977295, -2.30396461487], [-888.101318359, 238.955841064, 630.371887207, -176.02645874, 17.1342086792, 9.03544902802, 8.57859611511, -26.9550571442, -33.0747642517, 10.9546308517, 12.0836009979, -10.0470371246, 11.7132444382], [436.56817627, -328.830444336, -176.02645874, 382.432922363, 78.4228363037, 16.7003555298, -19.1604480743, 25.727394104, 16.6712436676, -8.28726387024, 7.85120487213, 46.5372772217, 7.8477139473], [-388.694244385, -50.7565956116, 17.1342086792, 78.4228363037, 221.388000488, 55.7854995728, 49.5541343689, 7.048828125, 32.6374778748, -21.3918781281, 6.75093984604, 32.396572113, 14.1751241684], [-11.8815774918, -4.47253608704, 9.03544902802, 16.7003555298, 55.7854995728, 143.671569824, 61.7263221741, 39.9305305481, 9.47099971771, -4.34514951706, -14.6621685028, -2.11735725403, 9.47374248505], [-108.669158936, 91.3273468018, 8.57859611511, -19.1604480743, 49.5541343689, 61.7263221741, 121.108757019, 47.9023628235, 27.6974716187, -2.47997760773, -9.88119220734, -7.71397542953, 2.69130778313], [239.191741943, -21.0790176392, -26.9550571442, 25.727394104, 7.048828125, 39.9305305481, 47.9023628235, 107.135246277, 47.5258903503, 11.7467594147, -7.01632738113, 0.00280952267349, -1.13655626774], [15.6058979034, -25.3965167999, -33.0747642517, 16.6712436676, 32.6374778748, 9.47099971771, 27.6974716187, 47.5258903503, 96.6289367676, 23.1458187103, 4.06135463715, 10.7141723633, -0.0802508890629], [93.3003387451, 26.1658000946, 10.9546308517, -8.28726387024, -21.3918781281, -4.34514951706, -2.47997760773, 11.7467594147, 23.1458187103, 71.4095001221, 28.7063293457, 2.93860840797, 8.14816379547], [-12.619354248, -5.21152544022, 12.0836009979, 7.85120487213, 6.75093984604, -14.6621685028, -9.88119220734, -7.01632738113, 4.06135463715, 28.7063293457, 73.6636276245, 37.134437561, 9.51905727386], [-25.5527191162, -71.9582977295, -10.0470371246, 46.5372772217, 32.396572113, -2.11735725403, -7.71397542953, 0.00280952267349, 10.7141723633, 2.93860840797, 37.134437561, 76.4070053101, 28.3188667297], [-18.5372505188, -2.30396461487, 11.7132444382, 7.8477139473, 14.1751241684, 9.47374248505, 2.69130778313, -1.13655626774, -0.0802508890629, 8.14816379547, 9.51905727386, 28.3188667297, 54.2531967163]]}, "silence_rate_20dB": {"mean": 1, "dvar": 0, "min": 1, "dmean": 0, "dmean2": 0, "dvar2": 0, "max": 1, "median": 1, "var": 0}, "dynamic_complexity": 4.39700984955, "silence_rate_60dB": {"mean": 0.0970306843519, "dvar": 0.0282301586121, "min": 0, "dmean": 0.0290755461901, "dmean2": 0.0581583194435, "dvar2": 0.0649660602212, "max": 1, "median": 0, "var": 0.0876157358289}, "dissonance": {"mean": 0.467666149139, "dvar": 0.000475443957839, "min": 0.235985383391, "dmean": 0.0196582339704, "dmean2": 0.0329779833555, "dvar2": 0.00126671779435, "max": 0.500000119209, "median": 0.477573424578, "var": 0.000939455640037}, "barkbands": {"mean": [0.00289419433102, 0.00769566511735, 0.00314402696677, 0.00157163466793, 0.00290589267388, 0.00199667853303, 0.00110168999527, 0.000728221843019, 0.00136398372706, 0.00107985991053, 0.000509068078827, 0.000574240577407, 0.000343365158187, 0.000249134725891, 0.000262662419118, 0.000310629111482, 0.000318084057653, 0.000313977245241, 0.000264549104031, 0.000135890848469, 8.47973497002e-05, 4.64379554614e-05, 2.28386743402e-05, 1.06648494693e-05, 6.6161101131e-06, 2.08670389839e-05, 0.000388668937376], "dvar": [5.94310258748e-05, 0.000143948331242, 1.23643485495e-05, 4.12196686739e-06, 1.18047119031e-05, 1.95325137611e-05, 5.58427791475e-06, 4.15177191826e-06, 6.27374402029e-06, 4.40252733824e-06, 8.2677837554e-07, 5.42522798241e-07, 2.09043349741e-07, 1.12141286479e-07, 1.11705290351e-07, 2.03453794256e-07, 3.24141524288e-07, 2.42687008267e-07, 1.38453657428e-07, 4.20530845702e-08, 2.282830458e-08, 5.6777311741e-09, 1.55152657388e-09, 3.82042980585e-10, 4.31671587364e-10, 1.50552625922e-09, 1.24155675962e-07], "min": [1.7420823394e-16, 2.42667369031e-16, 1.36140071897e-16, 1.0939769327e-16, 1.57871628601e-16, 5.11570875537e-17, 2.39503049155e-17, 2.3502300587e-17, 2.55172116432e-17, 3.18637251145e-17, 2.10655952473e-17, 2.56255325987e-17, 2.10946567492e-16, 1.50912816188e-16, 1.75596745934e-17, 1.10007040831e-16, 1.30578638853e-16, 3.73685492253e-17, 2.39166264223e-16, 2.81095083326e-16, 1.40581370042e-15, 1.51251094677e-15, 6.5854768182e-16, 3.12790251531e-15, 1.89830607864e-15, 4.05443966906e-15, 3.69796627673e-15], "dmean": [0.00222035311162, 0.00562298763543, 0.00218235538341, 0.00115995737724, 0.00191692018416, 0.00152753980365, 0.000782374874689, 0.000555403996259, 0.000852222787216, 0.000702250166796, 0.00037216313649, 0.000342323997756, 0.000219540102989, 0.000160964002134, 0.000169453734998, 0.000213849358261, 0.000231510930462, 0.000223109222134, 0.000170374216395, 8.82110834937e-05, 6.1115839344e-05, 3.2074527553e-05, 1.63924432854e-05, 8.51363711263e-06, 6.51544405628e-06, 1.61981279234e-05, 0.000181408278877], "dmean2": [0.0037538127508, 0.00966293085366, 0.00361606408842, 0.00189599278383, 0.00304756988771, 0.00241927127354, 0.00122197833844, 0.000905050314032, 0.00135103962384, 0.00112881942187, 0.00061198649928, 0.000534885912202, 0.000344869360561, 0.000253896490904, 0.000262360554188, 0.000321201077895, 0.00034050756949, 0.000334695942001, 0.000257419451373, 0.000128168219817, 9.00413506315e-05, 4.72087303933e-05, 2.41929938056e-05, 1.27649382193e-05, 1.01635596366e-05, 2.39251112362e-05, 0.000233263781411], "dvar2": [0.000152164066094, 0.000405633618357, 3.29871763824e-05, 1.07323294287e-05, 2.95423342322e-05, 4.77249341202e-05, 1.26908407765e-05, 1.1217658539e-05, 1.49482057168e-05, 1.03530192064e-05, 2.10390749089e-06, 1.29449563246e-06, 5.10275413035e-07, 2.63828070501e-07, 2.72303566362e-07, 4.61129275209e-07, 7.08777463387e-07, 5.56180850708e-07, 3.23730603213e-07, 8.65909797199e-08, 5.12654523277e-08, 1.22526531143e-08, 3.30746319221e-09, 8.0452144946e-10, 9.5491292651e-10, 3.18806914201e-09, 2.01013961032e-07], "max": [0.132087275386, 0.162781864405, 0.0536296777427, 0.0341288372874, 0.0623722411692, 0.1015766114, 0.0682586655021, 0.0568636804819, 0.0967188030481, 0.0566745437682, 0.0188637096435, 0.020966399461, 0.0109864054248, 0.0114482082427, 0.00677742576227, 0.00860841944814, 0.0167128462344, 0.00864140875638, 0.00896427687258, 0.00666704867035, 0.00531708821654, 0.00161852315068, 0.000764868163969, 0.000353516370524, 0.000426877988502, 0.000635816541035, 0.00811793841422], "median": [0.000452677661087, 0.00292392680421, 0.00132924458012, 0.000705814221874, 0.00142034958117, 0.000505844713189, 0.000256258615991, 0.000150057516294, 0.000276275037322, 0.000218201457756, 0.000169132195879, 0.000198967376491, 0.000121759730973, 9.53174458118e-05, 9.20238671824e-05, 8.3995044406e-05, 5.98963342782e-05, 7.70788174123e-05, 7.79006441007e-05, 3.47780260199e-05, 2.01742113859e-05, 1.04662221929e-05, 4.98848658026e-06, 2.59178477791e-06, 1.38738766964e-06, 4.9581985877e-06, 0.000148089486174], "var": [5.87793147133e-05, 0.000165041376022, 2.23794977501e-05, 6.33122317595e-06, 1.90413247765e-05, 2.6388288461e-05, 9.30300029722e-06, 5.12599353897e-06, 1.25670358102e-05, 9.3355847639e-06, 1.21769630823e-06, 1.24812811464e-06, 4.16248838064e-07, 1.90536070477e-07, 2.15902488776e-07, 3.511121065e-07, 5.5736302329e-07, 4.10386519434e-07, 2.418402687e-07, 8.88260274223e-08, 3.90129208938e-08, 1.02800310486e-08, 2.71224442905e-09, 5.57355328556e-10, 4.5388104386e-10, 2.22254592508e-09, 4.39365095417e-07]}, "spectral_complexity": {"mean": 16.8388614655, "dvar": 30.956615448, "min": 0, "dmean": 4.75447320938, "dmean2": 6.53237247467, "dvar2": 52.2917022705, "max": 58, "median": 14, "var": 152.090942383}, "spectral_energyband_high": {"mean": 0.00055259448709, "dvar": 3.9226731019e-07, "min": 1.62478114052e-14, "dmean": 0.000309317139909, "dmean2": 0.000410120323068, "dvar2": 7.12018106697e-07, "max": 0.0167962219566, "median": 0.000172182684764, "var": 1.05419849206e-06}, "hfc": {"mean": 133.921127319, "dvar": 4565.34765625, "min": 2.11277495499e-10, "dmean": 48.0198631287, "dmean2": 71.1479873657, "dvar2": 10626.8730469, "max": 1665.85058594, "median": 92.2761459351, "var": 18706.0878906}, "melbands_kurtosis": {"mean": 13.5221796036, "dvar": 205.201385498, "min": -1.83537149429, "dmean": 8.66396617889, "dmean2": 14.0504512787, "dvar2": 549.163208008, "max": 297.73324585, "median": 7.61959981918, "var": 343.132507324}, "spectral_strongpeak": {"mean": 2.97698640823, "dvar": 195.014312744, "min": 0, "dmean": 4.00524091721, "dmean2": 7.45859289169, "dvar2": 547.588684082, "max": 158.114547729, "median": 0.24218980968, "var": 147.545349121}, "silence_rate_30dB": {"mean": 0.95626783371, "dvar": 0.0335808210075, "min": 0, "dmean": 0.0347912535071, "dmean2": 0.0695911496878, "dvar2": 0.0791635364294, "max": 1, "median": 1, "var": 0.041819639504}, "melbands_spread": {"mean": 20.8083896637, "dvar": 101.243934631, "min": 0.648928940296, "dmean": 7.53858613968, "dmean2": 11.3641710281, "dvar2": 210.080383301, "max": 210.63621521, "median": 14.7032299042, "var": 470.57522583}, "melbands_crest": {"mean": 16.1074333191, "dvar": 13.1148796082, "min": 1.67731714249, "dmean": 4.23679876328, "dmean2": 6.9027504921, "dvar2": 33.6205673218, "max": 37.154460907, "median": 15.1969404221, "var": 40.2488174438}, "average_loudness": 0.425032883883, "spectral_flux": {"mean": 0.0941962152719, "dvar": 0.00105469976552, "min": 9.83083828032e-06, "dmean": 0.0256563555449, "dmean2": 0.0410472713411, "dvar2": 0.00251092854887, "max": 0.430475533009, "median": 0.0850964784622, "var": 0.00313237286173}, "spectral_rolloff": {"mean": 13585.9267578, "dvar": 64463188, "min": 43.06640625, "dmean": 5215.60791016, "dmean2": 9975.70703125, "dvar2": 150306464, "max": 22028.4667969, "median": 20865.6738281, "var": 91321392}, "melbands": {"mean": [0.00271627446637, 0.00174893834628, 0.00090241257567, 0.000572094344534, 0.000554253929295, 0.000343476480339, 0.000235445026192, 0.000145852071, 0.000163081276696, 0.000199915695703, 0.000144691497553, 0.000154447872774, 7.64512005844e-05, 7.11276006768e-05, 3.56885211659e-05, 3.30383954861e-05, 2.46282161243e-05, 1.94289350475e-05, 1.97461649805e-05, 2.14367755689e-05, 2.04731222766e-05, 1.89390484593e-05, 1.704328497e-05, 1.43545157698e-05, 1.26458380691e-05, 9.29389443627e-06, 5.54749158255e-06, 4.04176807933e-06, 2.83038389171e-06, 2.01840316549e-06, 1.47151831698e-06, 1.04964431102e-06, 7.59866736644e-07, 5.05972309384e-07, 3.60294308166e-07, 2.59131780922e-07, 1.57850649884e-07, 1.02641443789e-07, 7.92267513816e-08, 6.75465443578e-08], "dvar": [2.17219967453e-05, 3.58761462849e-06, 7.50693629925e-07, 5.48285356672e-07, 1.06506195152e-06, 5.65338325487e-07, 2.82628775494e-07, 9.97287443738e-08, 1.42872195852e-07, 1.5824345212e-07, 7.42544798982e-08, 9.043700544e-08, 1.4182553798e-08, 9.63267599019e-09, 2.2006167999e-09, 2.07426165133e-09, 1.15543341561e-09, 6.09196748602e-10, 7.0378242123e-10, 9.80554748509e-10, 9.87256831841e-10, 1.22329280039e-09, 9.68136570911e-10, 5.78194048195e-10, 4.33948849077e-10, 1.73628764144e-10, 7.45035214078e-11, 4.20346049634e-11, 2.69412235576e-11, 1.48588572002e-11, 7.21830928363e-12, 3.16632505805e-12, 1.99200269994e-12, 8.19932717642e-13, 4.71125037853e-13, 2.25100957297e-13, 8.39732336401e-14, 4.39328410348e-14, 4.07305618269e-14, 4.95026383166e-14], "min": [8.29757445597e-17, 7.25830142564e-17, 5.53264781964e-17, 3.61731342738e-17, 1.9027165792e-17, 8.83221354591e-18, 5.05064074316e-18, 4.7397846146e-18, 4.40178869014e-18, 3.59547701726e-18, 4.05170724335e-18, 4.68627512795e-18, 2.41073062773e-18, 1.5165423885e-18, 1.11458997578e-17, 2.32501411947e-17, 1.78003461014e-17, 3.72073532306e-18, 1.58779541627e-18, 4.91384988526e-18, 1.03043956857e-17, 8.40849027713e-18, 2.83321333239e-18, 1.43653665248e-18, 8.25419627747e-18, 8.84561221747e-18, 7.03328100206e-18, 9.08974299474e-18, 2.53076024216e-17, 3.45927660089e-17, 3.19086608741e-17, 3.20152182806e-17, 2.67738528492e-17, 9.13472424927e-18, 1.48687319837e-17, 2.44197348762e-17, 5.00720846704e-17, 3.24802195163e-17, 1.37817289776e-17, 1.11059105382e-17], "dmean": [0.00190662988462, 0.00116438174155, 0.000560720043723, 0.000388662912883, 0.000410798937082, 0.000257074949332, 0.000169434220879, 0.00010129041766, 0.00011182801245, 0.000127316598082, 9.45390056586e-05, 9.87553285086e-05, 4.90449347126e-05, 4.31331864092e-05, 2.28218286793e-05, 2.09240461118e-05, 1.58875063789e-05, 1.26328395709e-05, 1.2995189536e-05, 1.47529890455e-05, 1.4641929738e-05, 1.40621013998e-05, 1.26951663333e-05, 1.04531773104e-05, 8.82633321453e-06, 6.15824183114e-06, 3.6368869587e-06, 2.75042111753e-06, 2.04152615879e-06, 1.52725306179e-06, 1.08817857836e-06, 7.53855260882e-07, 5.50173467673e-07, 3.68459666333e-07, 2.73099686865e-07, 1.96767018679e-07, 1.25121601968e-07, 8.71906493671e-08, 7.18655002174e-08, 6.75531381944e-08], "dmean2": [0.00326075893827, 0.00193573336583, 0.000902638188563, 0.000625649641734, 0.000646169763058, 0.000405619532103, 0.000266752351308, 0.000160649971804, 0.000179843205842, 0.000200566544663, 0.000151122847456, 0.000158590788487, 7.91612910689e-05, 6.77346615703e-05, 3.62499595212e-05, 3.30487710016e-05, 2.53170255746e-05, 1.98865800485e-05, 1.99997448362e-05, 2.2587742933e-05, 2.18397290155e-05, 2.09440386243e-05, 1.88004669326e-05, 1.59380688274e-05, 1.37878687383e-05, 9.38075845625e-06, 5.43936585018e-06, 4.09736730944e-06, 3.02429657495e-06, 2.3037362098e-06, 1.61979721724e-06, 1.12729742341e-06, 8.30684484754e-07, 5.46664068679e-07, 4.11612859352e-07, 3.01700424643e-07, 1.89484950397e-07, 1.32130793418e-07, 1.10816642973e-07, 1.05286851237e-07], "dvar2": [6.04827728239e-05, 9.5548812169e-06, 1.93135110749e-06, 1.3866581412e-06, 2.57767305811e-06, 1.4057060298e-06, 6.46622993372e-07, 2.52029195735e-07, 3.7992668922e-07, 3.60057413218e-07, 1.7800628882e-07, 2.05669365982e-07, 3.57030813802e-08, 2.33310402109e-08, 5.4688107376e-09, 4.95746377283e-09, 2.76871281457e-09, 1.54532364682e-09, 1.6674968073e-09, 2.3497979118e-09, 2.18850737532e-09, 2.70946887149e-09, 2.09391193273e-09, 1.3682326383e-09, 1.07229614077e-09, 4.0138214974e-10, 1.62554081307e-10, 8.96235238801e-11, 6.03971872515e-11, 3.44782466466e-11, 1.54379616729e-11, 7.04058599615e-12, 4.55376404987e-12, 1.71601231488e-12, 1.06316875876e-12, 5.12112867303e-13, 1.82116555994e-13, 9.39251999202e-14, 8.82171397563e-14, 1.10718597105e-13], "max": [0.0637878924608, 0.0256500411779, 0.0159773249179, 0.0168713964522, 0.0242674481124, 0.0177880432457, 0.0160665195435, 0.0102391652763, 0.00932087469846, 0.0184192247689, 0.0075756222941, 0.00971834454685, 0.00261477846652, 0.00289988331497, 0.000988585758023, 0.00125911540817, 0.00117827241775, 0.000465427205199, 0.000569336523768, 0.000672993250191, 0.000553594203666, 0.00101105903741, 0.00135374162346, 0.000460045121145, 0.000603062682785, 0.000274373189313, 0.000246223644353, 0.000219124020077, 0.00021287513664, 0.000113759822852, 8.12764119473e-05, 4.18474810431e-05, 3.70588350052e-05, 2.0102614144e-05, 1.3674103684e-05, 1.05007002276e-05, 5.58613055546e-06, 3.25070050167e-06, 4.45328350906e-06, 4.66921983389e-06], "median": [0.000944917963352, 0.000830565171782, 0.000499868532643, 0.000277424580418, 0.000160328796483, 8.76187768881e-05, 5.6900382333e-05, 3.6260305933e-05, 3.39741018252e-05, 3.97487274313e-05, 3.10285613523e-05, 3.28959613398e-05, 2.97521946777e-05, 2.38920183619e-05, 1.31163806145e-05, 1.14838567242e-05, 9.49262994254e-06, 6.79973345541e-06, 6.81871824781e-06, 6.50405218039e-06, 4.56849375041e-06, 3.4815343497e-06, 3.34500009558e-06, 3.56640430255e-06, 3.66438143828e-06, 2.72061720352e-06, 1.4034923197e-06, 1.02986587081e-06, 7.02557372279e-07, 4.27493063171e-07, 3.11227296379e-07, 2.22236351988e-07, 1.64298242566e-07, 1.09981669993e-07, 7.41245642644e-08, 5.49987646536e-08, 3.66337538082e-08, 2.4901165574e-08, 1.78407582041e-08, 1.32034045919e-08], "var": [2.44916645897e-05, 5.80910227654e-06, 1.40968961659e-06, 8.19018566744e-07, 1.52326106218e-06, 7.63257446579e-07, 4.45727039278e-07, 1.4174838725e-07, 2.0390791633e-07, 3.06831935859e-07, 1.36759581437e-07, 2.12601747762e-07, 2.29909264959e-08, 2.13106137181e-08, 4.10856992872e-09, 4.03393807247e-09, 1.99319449834e-09, 1.12155063015e-09, 1.2924287196e-09, 1.59691493362e-09, 1.70817116008e-09, 2.05487182825e-09, 1.62874547183e-09, 8.89065765453e-10, 6.06084904486e-10, 3.12572218109e-10, 1.51410328719e-10, 8.03482141931e-11, 4.40243362598e-11, 2.36555601496e-11, 1.2998135554e-11, 5.55247427897e-12, 3.05089135379e-12, 1.48177488075e-12, 7.24215663567e-13, 3.35420737409e-13, 1.22018958522e-13, 5.87121971591e-14, 4.75658839302e-14, 5.10165403032e-14]}, "spectral_energy": {"mean": 0.0335747674108, "dvar": 0.00042617417057, "min": 1.92866539118e-14, "dmean": 0.0127654084936, "dmean2": 0.0197323895991, "dvar2": 0.00107837410178, "max": 0.265692740679, "median": 0.0235933754593, "var": 0.00113384006545}, "spectral_decrease": {"mean": -5.67737412638e-09, "dvar": 2.76069494575e-17, "min": -6.02427547847e-08, "dmean": 2.9891211728e-09, "dmean2": 4.82755746489e-09, "dvar2": 7.20532613223e-17, "max": 5.23911669603e-09, "median": -3.5742118154e-09, "var": 4.71917193548e-17}, "erbbands_spread": {"mean": 31.2363796234, "dvar": 56.4463577271, "min": 3.69957900047, "dmean": 7.97915744781, "dmean2": 12.2594041824, "dvar2": 127.016159058, "max": 120.08177948, "median": 29.2588882446, "var": 202.145111084}, "spectral_contrast_coeffs": {"mean": [-0.682656109333, -0.779644370079, -0.800492882729, -0.822981894016, -0.818207859993, -0.767291784286], "dvar": [0.00189223187044, 0.00153590703849, 0.000952808884904, 0.000510282989126, 0.000369753193809, 0.000667074054945], "min": [-0.960689783096, -0.977576375008, -0.965531468391, -0.956873118877, -0.964291989803, -0.932399809361], "dmean": [0.0548442415893, 0.0485804453492, 0.037458203733, 0.0279559195042, 0.0233126077801, 0.0297703687102], "dmean2": [0.0890407711267, 0.0799004137516, 0.0613158419728, 0.0462462306023, 0.0371596962214, 0.0456367582083], "dvar2": [0.00505877705291, 0.00392488343641, 0.00251288129948, 0.00134029134642, 0.000893086777069, 0.00153280294035], "max": [-0.313767880201, -0.460071623325, -0.510406494141, -0.613919436932, -0.664882481098, -0.543382108212], "median": [-0.685047328472, -0.788501739502, -0.807351708412, -0.82520699501, -0.815374791622, -0.762580394745], "var": [0.00646606832743, 0.00495144259185, 0.0038740162272, 0.00167543557473, 0.00156870228238, 0.0039376700297]}, "spectral_energyband_middle_high": {"mean": 0.00418164907023, "dvar": 9.15877990337e-06, "min": 1.06837959703e-15, "dmean": 0.00188712310046, "dmean2": 0.00271200784482, "dvar2": 1.93043997569e-05, "max": 0.0622364096344, "median": 0.00198396365158, "var": 3.16340810969e-05}, "erbbands_crest": {"mean": 8.37961292267, "dvar": 6.80146980286, "min": 2.21128296852, "dmean": 2.68203163147, "dmean2": 4.37152814865, "dvar2": 16.8524436951, "max": 29.4240837097, "median": 7.31486749649, "var": 16.7363433838}, "barkbands_crest": {"mean": 9.814037323, "dvar": 6.24899530411, "min": 2.04608893394, "dmean": 2.95122289658, "dmean2": 4.82996177673, "dvar2": 16.6250362396, "max": 23.979598999, "median": 9.19707584381, "var": 15.3199872971}, "pitch_salience": {"mean": 0.563752412796, "dvar": 0.00463822716847, "min": 0.134170159698, "dmean": 0.0785631686449, "dmean2": 0.127651885152, "dvar2": 0.0118365967646, "max": 0.969441592693, "median": 0.573742091656, "var": 0.0131176561117}, "melbands_skewness": {"mean": 2.71642923355, "dvar": 0.892535865307, "min": -2.20061659813, "dmean": 0.935623288155, "dmean2": 1.46277356148, "dvar2": 2.2318546772, "max": 15.5077505112, "median": 2.48876285553, "var": 2.81861615181}, "spectral_spread": {"mean": 3913134, "dvar": 245378875392, "min": 1459114.375, "dmean": 534684.4375, "dmean2": 810541.125, "dvar2": 563802537984, "max": 11402216, "median": 3716967.5, "var": 1259916099580.0}, "spectral_entropy": {"mean": 7.46339035034, "dvar": 0.042055029422, "min": 5.47667598724, "dmean": 0.206415072083, "dmean2": 0.304850190878, "dvar2": 0.0908684358001, "max": 8.92636013031, "median": 7.54777288437, "var": 0.213261321187}, "erbbands_flatness_db": {"mean": 0.139107763767, "dvar": 0.000376575306291, "min": 0.0269572809339, "dmean": 0.0227373931557, "dmean2": 0.0337683521211, "dvar2": 0.000834238657262, "max": 0.285148441792, "median": 0.134786471725, "var": 0.00149824668188}, "spectral_kurtosis": {"mean": 17.0851554871, "dvar": 35.8227882385, "min": 1.10594987869, "dmean": 4.63711023331, "dmean2": 7.07822036743, "dvar2": 91.8354873657, "max": 107.244598389, "median": 15.2564792633, "var": 78.6568984985}, "erbbands_skewness": {"mean": 0.0876205712557, "dvar": 0.159937739372, "min": -3.73639154434, "dmean": 0.43761831522, "dmean2": 0.654401540756, "dvar2": 0.330760717392, "max": 4.36828756332, "median": 0.108293145895, "var": 0.800417423248}, "erbbands_kurtosis": {"mean": 0.95799601078, "dvar": 2.75723981857, "min": -1.69270777702, "dmean": 1.27861571312, "dmean2": 2.00841236115, "dvar2": 6.19019699097, "max": 24.7532329559, "median": 0.207316309214, "var": 5.95271873474}, "barkbands_spread": {"mean": 24.3404006958, "dvar": 79.4154052734, "min": 0.783318758011, "dmean": 7.64758729935, "dmean2": 11.5310573578, "dvar2": 159.858123779, "max": 130.112701416, "median": 18.8173885345, "var": 341.963195801}, "zerocrossingrate": {"mean": 0.285724252462, "dvar": 0.00129513733555, "min": 0.0302734375, "dmean": 0.0427401401103, "dmean2": 0.0541641451418, "dvar2": 0.00210495851934, "max": 0.70068359375, "median": 0.27392578125, "var": 0.00974787771702}, "spectral_centroid": {"mean": 1201.80749512, "dvar": 96637.578125, "min": 159.027435303, "dmean": 273.945526123, "dmean2": 402.382446289, "dvar2": 177506, "max": 4627.58154297, "median": 972.616699219, "var": 597250.1875}, "barkbands_skewness": {"mean": 2.12678337097, "dvar": 0.568493843079, "min": -2.65833497047, "dmean": 0.745403945446, "dmean2": 1.15420591831, "dvar2": 1.37395048141, "max": 10.8117790222, "median": 1.93207192421, "var": 2.0545027256}, "melbands_flatness_db": {"mean": 0.244730696082, "dvar": 0.00107090326492, "min": 0.00396188069135, "dmean": 0.0373766869307, "dmean2": 0.0566463321447, "dvar2": 0.00245543359779, "max": 0.564097225666, "median": 0.241176143289, "var": 0.00623027980328}, "spectral_contrast_valleys": {"mean": [-7.14108181, -6.9435839653, -7.28788042068, -7.80430984497, -7.87410449982, -11.1438055038], "dvar": [0.140958458185, 0.111503563821, 0.103658609092, 0.0971560031176, 0.138446092606, 0.212648972869], "min": [-21.6257801056, -21.2534580231, -21.5891609192, -21.1413288116, -20.3672065735, -21.4672832489], "dmean": [0.433016568422, 0.398189693689, 0.364014834166, 0.35186240077, 0.400762975216, 0.549881100655], "dmean2": [0.697146117687, 0.61616307497, 0.543572902679, 0.499947160482, 0.548228502274, 0.812435269356], "dvar2": [0.321900069714, 0.24971447885, 0.211463093758, 0.183275893331, 0.285698115826, 0.459468334913], "max": [-5.09222459793, -4.51622915268, -5.22358322144, -5.60708141327, -5.40863323212, -8.62139320374], "median": [-6.87574052811, -6.73444700241, -7.05430316925, -7.61611795425, -7.69691610336, -11.0077219009], "var": [2.10352039337, 1.87581801414, 1.93028235435, 1.73641586304, 1.88754808903, 1.29849648476]}, "barkbands_flatness_db": {"mean": 0.138026788831, "dvar": 0.000678747601341, "min": 0.014860868454, "dmean": 0.0288304872811, "dmean2": 0.0442376770079, "dvar2": 0.00157312618103, "max": 0.399909436703, "median": 0.130381837487, "var": 0.00314480205998}, "barkbands_kurtosis": {"mean": 9.04127407074, "dvar": 87.9307556152,