{"tonal": {"hpcp": {"dvar": [0.00628000684083, 0.00694872764871, 0.0150661002845, 0.0192262455821, 0.0165176931769, 0.0127159422264, 0.0185397397727, 0.0126158008352, 0.0174786709249, 0.0223151687533, 0.012160663493, 0.0118590900674, 0.0139621365815, 0.011893266812, 0.0117770107463, 0.0171357877553, 0.0125623950735, 0.0154026327655, 0.0236360430717, 0.0106473052874, 0.00445807818323, 0.00314383208752, 0.00454859575257, 0.0133093763143, 0.0162445660681, 0.0117528596893, 0.00732804369181, 0.00685268035159, 0.0039084283635, 0.0105201974511, 0.0183365009725, 0.0122787272558, 0.0140708629042, 0.0227768160403, 0.0119011737406, 0.00455845007673], "var": [0.00576269812882, 0.00517479935661, 0.0435267500579, 0.091927729547, 0.031473968178, 0.0260473564267, 0.0355555638671, 0.0120776100084, 0.057893242687, 0.114179074764, 0.0315544568002, 0.0362521260977, 0.0886924639344, 0.029309425503, 0.0374128371477, 0.0865135043859, 0.0319022387266, 0.0533311218023, 0.133834704757, 0.0382916890085, 0.00817461498082, 0.0126076014712, 0.00518576754257, 0.0417901612818, 0.117465086281, 0.0432917922735, 0.0296727567911, 0.050215728581, 0.0101131554693, 0.0421064123511, 0.0836904793978, 0.0284071657807, 0.0524085201323, 0.120102658868, 0.0373345538974, 0.00452225049958], "median": [0.00374307180755, 0.00477373413742, 0.0205068774521, 0.0326773747802, 0.0212432909757, 0.00543954316527, 0.00223383773118, 0.00645681796595, 0.0199797339737, 0.025984428823, 0.0198818221688, 0.00600652676076, 0.0035232915543, 0.00603954307735, 0.0121245067567, 0.012162104249, 0.0149228051305, 0.0403955541551, 0.045036546886, 0.0229495204985, 0.00233976216987, 0.00147596746683, 0.00335655780509, 0.0170495472848, 0.0219166576862, 0.0163149945438, 0.00766356941313, 0.00436591543257, 0.00465350272134, 0.00801314227283, 0.0102974586189, 0.0141934938729, 0.0149008147418, 0.0151144480333, 0.0141695570201, 0.00650895666331], "max": [1, 1, 1, 1, 1, 1, 1, 1, 1, 1, 1, 1, 1, 1, 1, 1, 1, 1, 1, 1, 1, 1, 1, 1, 1, 1, 1, 1, 0.822217524052, 1, 1, 1, 1, 1, 1, 1], "dmean": [0.0215057581663, 0.025160504505, 0.0556359030306, 0.0618331171572, 0.0624625012279, 0.0390444770455, 0.0414386019111, 0.0408394373953, 0.0650860071182, 0.0709744617343, 0.0574557520449, 0.0433129221201, 0.0345687605441, 0.0437447540462, 0.0485542714596, 0.0511899478734, 0.0528405271471, 0.0703963562846, 0.0745291262865, 0.0527460277081, 0.017714895308, 0.0113656213507, 0.0184865966439, 0.0529307462275, 0.0525490567088, 0.0531987212598, 0.0311394222081, 0.0234445948154, 0.0253498684615, 0.0439270474017, 0.0558474808931, 0.0503505021334, 0.0585536360741, 0.0637637749314, 0.0523134171963, 0.023147881031], "dmean2": [0.0377861782908, 0.0445399545133, 0.0928561612964, 0.103299692273, 0.102888830006, 0.0671394020319, 0.0703002214432, 0.0705465003848, 0.105704881251, 0.112854719162, 0.0929700359702, 0.0712541341782, 0.0577376894653, 0.0732927843928, 0.0782819911838, 0.0852073058486, 0.0878118500113, 0.114262610674, 0.1191630885, 0.0840932205319, 0.0314643569291, 0.0203029476106, 0.03259319067, 0.0843165963888, 0.083934083581, 0.0843901634216, 0.0513634942472, 0.0385125763714, 0.0420502349734, 0.0715468451381, 0.0905332192779, 0.0824107527733, 0.0961469039321, 0.104698009789, 0.0852654203773, 0.0396900549531], "mean": [0.0259498246014, 0.0246998295188, 0.105871543288, 0.170810267329, 0.0964366495609, 0.0578125976026, 0.0650614723563, 0.0454407557845, 0.140567705035, 0.211441144347, 0.106130093336, 0.081651546061, 0.125876516104, 0.0756764113903, 0.0974506735802, 0.152361527085, 0.0950099900365, 0.164440974593, 0.26104336977, 0.129323378205, 0.0220118127763, 0.0212125424296, 0.0214191935956, 0.116637155414, 0.204579919577, 0.117640934885, 0.065907150507, 0.0772209912539, 0.0420432798564, 0.0982789099216, 0.149547383189, 0.0888462215662, 0.132565230131, 0.206153824925, 0.110015295446, 0.0278383102268], "dvar2": [0.0187018550932, 0.0194886289537, 0.0384698882699, 0.0464103706181, 0.0448404885828, 0.036261472851, 0.0512144640088, 0.0362227335572, 0.0437767319381, 0.0466375984251, 0.0288981348276, 0.0288494806737, 0.0324954725802, 0.0316056907177, 0.0293710231781, 0.0412279143929, 0.0332910940051, 0.0382165685296, 0.0478921346366, 0.0252368599176, 0.0118782790378, 0.0075272237882, 0.0126194860786, 0.0322225093842, 0.0314645506442, 0.0273117143661, 0.0179415177554, 0.015187876299, 0.0101879341528, 0.0263013448566, 0.0451792664826, 0.0306739713997, 0.0355621986091, 0.0507904812694, 0.0301889590919, 0.0130973644555], "min": [0, 0, 0, 0, 0, 0, 0, 0, 0, 0, 0, 0, 0, 0, 0, 0, 0, 0, 0, 0, 0, 0, 0, 0, 0, 0, 0, 0, 0, 0, 0, 0, 0, 0, 0, 0]}, "key_key": "G#", "thpcp": [1, 0.495409548283, 0.084322437644, 0.0812606066465, 0.0820522382855, 0.446811407804, 0.783700883389, 0.450656652451, 0.252475857735, 0.295816719532, 0.161058604717, 0.37648499012, 0.572883307934, 0.340350419283, 0.507828354836, 0.789730191231, 0.421444505453, 0.106642469764, 0.0994080975652, 0.0946196392179, 0.405570715666, 0.654336750507, 0.369427680969, 0.221467405558, 0.249236255884, 0.174073591828, 0.538484096527, 0.809984743595, 0.406561166048, 0.312789201736, 0.482205361128, 0.289899766445, 0.373312205076, 0.583663642406, 0.363962471485, 0.62993735075], "chords_key": "C", "tuning_equal_tempered_deviation": 0.0130973327905, "tuning_frequency": 442.03793335, "tuning_diatonic_strength": 0.466486603022, "chords_histogram": [15.5569782257, 18.1818180084, 4.96158790588, 2.27272725105, 6.56209993362, 2.27272725105, 0.928297042847, 0.192061454058, 2.3047375679, 0.384122908115, 3.64916777611, 0.992317557335, 1.40845072269, 0.160051211715, 0.416133165359, 0, 0.736235618591, 5.2816901207, 1.08834826946, 5.44174146652, 5.98591566086, 7.04225349426, 7.87451982498, 6.30601787567], "key_strength": 0.732302367687, "key_scale": "major", "chords_strength": {"dvar": 0.000660928722937, "var": 0.0208906773478, "median": 0.478880167007, "max": 0.714641690254, "dmean": 0.00877055712044, "dmean2": 0.0066521759145, "mean": 0.48802113533, "dvar2": 0.00125762145035, "min": -1}, "chords_number_rate": 0.00512163899839, "tuning_nontempered_energy_ratio": 0.61978572607, "hpcp_entropy": {"dvar": 0.19060896337, "var": 0.496770292521, "median": 1.50394368172, "max": 3.32870173454, "dmean": 0.439146727324, "dmean2": 0.730847239494, "mean": 1.3817640543, "dvar2": 0.488806337118, "min": 0}, "chords_changes_rate": 0.0464148521423, "chords_scale": "minor"}, "rhythm": {"bpm_histogram_first_peak_spread": {"dvar": 0, "var": 0, "median": 0.609090924263, "max": 0.609090924263, "dmean": 0, "dmean2": 0, "mean": 0.609090924263, "dvar2": 0, "min": 0.609090924263}, "bpm_histogram_first_peak_weight": {"dvar": 0, "var": 0, "median": 0.169291332364, "max": 0.169291332364, "dmean": 0, "dmean2": 0, "mean": 0.169291332364, "dvar2": 0, "min": 0.169291332364}, "bpm_histogram_first_peak_bpm": {"dvar": 0, "var": 0, "median": 108, "max": 108, "dmean": 0, "dmean2": 0, "mean": 108, "dvar2": 0, "min": 108}, "bpm": 106.804397583, "bpm_histogram_second_peak_weight": {"dvar": 0, "var": 0, "median": 0.157480314374, "max": 0.157480314374, "dmean": 0, "dmean2": 0, "mean": 0.157480314374, "dvar2": 0, "min": 0.157480314374}, "beats_loudness": {"dvar": 0.000174471744685, "var": 0.000480140384752, "median": 0.0209278352559, "max": 0.104101791978, "dmean": 0.0122489258647, "dmean2": 0.0215680878609, "mean": 0.0263332426548, "dvar2": 0.000465981574962, "min": 0}, "beats_loudness_band_ratio": {"dvar": [0.042899183929, 0.0184824783355, 0.026840755716, 0.0254427809268, 0.000562623608857, 0.000218679109821], "var": [0.0698546022177, 0.0374859832227, 0.0572800301015, 0.0612175911665, 0.000718983937986, 0.000470853672596], "median": [0.0989097505808, 0.224644690752, 0.281493216753, 0.105687662959, 0.0226925462484, 0.00147971266415], "max": [0.992616534233, 0.806574642658, 0.930505156517, 0.893582761288, 0.18171530962, 0.246009483933], "dmean": [0.151649266481, 0.152705207467, 0.174957796931, 0.128618955612, 0.0195497330278, 0.00365004036576], "dmean2": [0.265904098749, 0.254349082708, 0.300773262978, 0.225347936153, 0.0338006652892, 0.00552007229999], "mean": [0.220173895359, 0.255816429853, 0.3135009408, 0.221105590463, 0.0295165292919, 0.00482489680871], "dvar2": [0.11147224158, 0.049204364419, 0.0681853592396, 0.0672990307212, 0.00154452992138, 0.000322633626638], "min": [0, 0, 0, 0, 0, 0]}, "bpm_histogram_second_peak_bpm": {"dvar": 0, "var": 0, "median": 103, "max": 103, "dmean": 0, "dmean2": 0, "mean": 103, "dvar2": 0, "min": 103}, "onset_rate": 1.35843122005, "beats_count": 255, "beats_position": [0.545668900013, 1.09133780003, 1.63700675964, 2.18267560005, 2.72834467888, 3.27401351929, 3.80807256699, 4.34213161469, 4.87619018555, 5.41024923325, 5.94430828094, 6.47836732864, 7.02403593063, 7.56970500946, 8.13859367371, 8.70748329163, 9.26476192474, 9.78721046448, 10.3096599579, 10.8321084976, 11.354557991, 11.8653964996, 12.4226751328, 12.9799547195, 13.5952835083, 14.1990022659, 14.8027210236, 15.4412698746, 16.0682086945, 16.6951465607, 17.3220863342, 17.9606342316, 18.5991840363, 19.2261219025, 19.7834014893, 20.3290691376, 20.8863487244, 21.4552383423, 22.0241260529, 22.5930156708, 23.1619052887, 23.7307929993, 24.2880725861, 24.8453502655, 25.4026298523, 25.9831295013, 26.5404071808, 27.1209068298, 27.7014045715, 28.2702941895, 28.8391838074, 29.4080715179, 29.9769611359, 30.5458488464, 31.1147384644, 31.6720180511, 32.2060775757, 32.7981834412, 33.3670730591, 33.9475746155, 34.539680481, 35.1085700989, 35.6658477783, 36.269569397, 36.8384590149, 37.4189567566, 37.9878463745, 38.545124054, 39.1024017334, 39.6596832275, 40.2401809692, 40.8322906494, 41.4360084534, 42.0397262573, 42.6318359375, 43.2123336792, 43.7928352356, 44.3733329773, 44.9654426575, 45.5575485229, 46.1496582031, 46.7533760071, 47.3454856873, 47.9375953674, 48.5297050476, 49.1334228516, 49.748752594, 50.3524703979, 50.9445800781, 51.5482978821, 52.1171875, 52.6976852417, 53.2781867981, 53.8586845398, 54.4391822815, 55.0080718994, 55.5885696411, 56.1806793213, 56.7960090637, 57.3881187439, 57.9802246094, 58.5723342896, 59.1760520935, 59.7681617737, 60.3718795776, 60.9756011963, 61.5793190002, 62.1946487427, 62.8099746704, 63.4369163513, 64.0522460938, 64.6907958984, 65.3293380737, 65.9098434448, 66.4903411865, 67.0708389282, 67.6513366699, 68.2318344116, 68.8007278442, 69.358001709, 69.9152832031, 70.4725646973, 71.029838562, 71.5987319946, 72.1676177979, 72.7132873535, 73.2589569092, 73.8046264648, 74.3502960205, 74.8959655762, 75.4416275024, 75.975692749, 76.5329666138, 77.0902481079, 77.6475296021, 78.2048034668, 78.7736968994, 79.3425827026, 79.9230804443, 80.503578186, 81.0840835571, 81.6297454834, 82.1870269775, 82.7326965332, 83.2899780273, 83.870475769, 84.4509735107, 85.0314712524, 85.6351928711, 86.1924667358, 86.74974823, 87.3302459717, 87.8991394043, 88.4680252075, 89.0253067017, 89.5825805664, 90.116645813, 90.6739196777, 91.2079772949, 91.730430603, 92.2412643433, 92.7637176514, 93.2977752686, 93.8898849487, 94.4819946289, 95.1089324951, 95.7126541138, 96.3047637939, 96.8968658447, 97.5005874634, 98.0810852051, 98.6731948853, 99.2653045654, 99.8458023071, 100.426300049, 101.006797791, 101.564079285, 102.132965088, 102.678634644, 103.21269989, 103.758361816, 104.304031372, 104.861312866, 105.406982422, 105.952651978, 106.498321533, 107.090431213, 107.694145203, 108.286254883, 108.855148315, 109.435646057, 110.027755737, 110.619865417, 111.200363159, 111.815689087, 112.431015015, 113.034736633, 113.650062561, 114.277008057, 114.869110107, 115.461219788, 116.053329468, 116.610610962, 117.191108704, 117.748390198, 118.317276001, 118.874557495, 119.443443298, 120.02394104, 120.604438782, 121.184944153, 121.765441895, 122.345939636, 122.914825439, 123.390838623, 123.855232239, 124.331245422, 124.807250977, 125.28326416, 125.770881653, 126.258499146, 126.757728577, 127.256958008, 127.756187439, 128.336685181, 128.917190552, 129.509292603, 130.101409912, 130.705123901, 131.332061768, 131.958999634, 132.516281128, 133.061950684, 133.619232178, 134.130065918, 134.652511597, 135.174957275, 135.73223877, 136.289520264, 136.846801758, 137.404083252, 137.949752808, 138.507034302, 139.064300537, 139.621582031, 140.109207153, 140.596817017, 141.084442139, 141.537231445, 141.990020752, 142.442810059, 142.895599365, 143.348388672, 143.801177979, 144.253967285], "danceability": 0.884950518608, "bpm_histogram_second_peak_spread": {"dvar": 0, "var": 0, "median": 0.555555582047, "max": 0.555555582047, "dmean": 0, "dmean2": 0, "mean": 0.555555582047, "dvar2": 0, "min": 0.555555582047}}, "lowlevel": {"spectral_flux": {"dvar": 0.000223907598411, "var": 0.000624699750915, "median": 0.0323723852634, "max": 0.23137101531, "dmean": 0.0108302170411, "dmean2": 0.0178856216371, "mean": 0.0363429151475, "dvar2": 0.000562930188607, "min": 6.2449927174e-11}, "spectral_rolloff": {"dvar": 209855.375, "var": 4092664.75, "median": 839.794921875, "max": 19702.8808594, "dmean": 122.94090271, "dmean2": 214.899902344, "mean": 1099.05749512, "dvar2": 439910.34375, "min": 21.533203125}, "barkbands_flatness_db": {"dvar": 0.000173758948222, "var": 0.00263987015933, "median": 0.217857658863, "max": 0.422865748405, "dmean": 0.0134087884799, "dmean2": 0.0195410661399, "mean": 0.222015023232, "dvar2": 0.000364328036085, "min": 0.0336811803281}, "spectral_centroid": {"dvar": 33633.6054688, "var": 1348704.125, "median": 730.869140625, "max": 11623.5166016, "dmean": 67.3252944946, "dmean2": 104.849372864, "mean": 889.411621094, "dvar2": 68922.1875, "min": 157.124649048}, "melbands_skewness": {"dvar": 0.211980581284, "var": 2.74827575684, "median": 1.05714225769, "max": 18.9912281036, "dmean": 0.378348380327, "dmean2": 0.557608008385, "mean": 1.11311507225, "dvar2": 0.502773344517, "min": -3.57107877731}, "melbands": {"dvar": [1.03573718491e-08, 1.48281756651e-07, 2.59312002981e-08, 4.55902480212e-08, 7.45749417774e-08, 1.01780415207e-07, 7.2115355465e-08, 2.83376309085e-08, 4.35944578214e-08, 3.40237647833e-07, 1.92568478496e-07, 7.12868697406e-08, 4.08849878397e-08, 5.79659840128e-08, 2.52420431224e-08, 7.02926206131e-09, 6.3195479072e-08, 1.04529518374e-09, 4.06180616919e-10, 1.460399357e-09, 1.77003051105e-10, 1.55514733036e-11, 4.97561800789e-12, 3.85448877677e-12, 3.87913052374e-12, 2.62768778091e-12, 3.24969407937e-13, 4.29451870658e-14, 1.71689953107e-14, 1.03872471944e-14, 2.97980134558e-15, 3.38354023517e-15, 7.15494818595e-16, 1.02447893817e-15, 8.78252464108e-16, 1.66570733731e-15, 5.32999558406e-16, 1.85579254211e-16, 1.511467561e-16, 4.23288237953e-17], "var": [7.25252746747e-08, 6.91067896241e-07, 1.63739457548e-07, 1.77990571615e-07, 4.5924286951e-07, 6.2936589984e-07, 4.98730173604e-07, 1.39057817705e-07, 3.16669058975e-07, 2.80754125015e-06, 1.38686607443e-06, 4.70360333793e-07, 2.45695048307e-07, 3.40850704106e-07, 4.15500863937e-07, 5.22921510537e-08, 2.41222778641e-07, 4.44926984144e-09, 1.82695281126e-09, 7.56237295008e-09, 7.68760388681e-10, 6.41648609245e-11, 1.32372767261e-11, 1.25137686671e-11, 3.44585193712e-11, 2.61108027561e-11, 7.92246422545e-13, 1.22409352619e-13, 4.21807195021e-14, 2.95449869268e-14, 8.65007579318e-15, 7.08979494104e-15, 1.55213885381e-15, 2.71676352239e-15, 1.55057448984e-15, 2.65146596424e-15, 9.11635832504e-16, 7.08246334149e-16, 3.94860819626e-16, 1.00723222239e-16], "median": [5.35222279723e-05, 0.000202386290766, 0.000127282939502, 0.000112249377707, 0.000151806307258, 0.000134012938361, 9.03489271877e-05, 6.33753807051e-05, 5.97971193201e-05, 3.68727414752e-05, 2.87998282147e-05, 2.09661011468e-05, 2.29363649851e-05, 1.78066384251e-05, 1.01144723885e-05, 5.47717218069e-06, 4.35680249211e-06, 3.11503299599e-06, 3.85331532016e-06, 4.23074470746e-06, 2.59303328676e-06, 1.10178427803e-06, 9.41742541727e-07, 7.77895934334e-07, 5.6802338122e-07, 5.01230942973e-07, 3.08523908643e-07, 1.2298680474e-07, 8.75295569358e-08, 3.87726544204e-08, 1.39843443492e-08, 1.18522773818e-08, 6.66650601389e-09, 3.91679400025e-09, 3.12557824067e-09, 2.21359175434e-09, 1.68648761623e-09, 1.69696634522e-09, 1.29144450689e-09, 9.61336121819e-10], "max": [0.00288161169738, 0.0165537875146, 0.00424916809425, 0.006740889512, 0.00897289067507, 0.00795075017959, 0.00854962226003, 0.00453044939786, 0.00583574455231, 0.0167502388358, 0.0269851703197, 0.00735908653587, 0.00814160332084, 0.00769814942032, 0.0101645216346, 0.00239826110192, 0.0172101762146, 0.00154519383796, 0.000503056915477, 0.00138164579403, 0.00032077083597, 0.000134518675623, 4.82038558403e-05, 4.80500384583e-05, 0.000134065528982, 0.000125011792989, 1.74941851583e-05, 4.97897781315e-06, 3.00865599456e-06, 2.64801838057e-06, 2.05600599656e-06, 1.72738248239e-06, 7.17484283541e-07, 1.35701293402e-06, 1.04562059278e-06, 1.26236341202e-06, 7.24007122699e-07, 5.15741362506e-07, 4.81497693272e-07, 2.29465157986e-07], "dmean": [4.72427273053e-05, 0.000143252749695, 8.88622234925e-05, 0.000105301754957, 0.000133961249958, 0.0001367576333, 0.000102822916233, 7.66396406107e-05, 8.83436296135e-05, 0.000167555132066, 0.00010760382429, 8.41107030283e-05, 6.81571182213e-05, 7.23299308447e-05, 4.02405239583e-05, 2.70158980129e-05, 2.55125632975e-05, 6.65965944791e-06, 7.92576338426e-06, 1.07206351458e-05, 5.31533532921e-06, 1.48563219682e-06, 1.02755768694e-06, 8.25973074825e-07, 6.90901174494e-07, 4.91240598421e-07, 2.64636895508e-07, 1.00798310143e-07, 6.34729602211e-08, 3.97537824881e-08, 1.83021189315e-08, 1.66454530159e-08, 8.05871813725e-09, 7.5441146663e-09, 5.84126391701e-09, 6.99461333298e-09, 4.4599888227e-09, 3.20586934777e-09, 2.48293940963e-09, 1.37445588244e-09], "dmean2": [6.88627624186e-05, 0.000203396732104, 0.000132751156343, 0.000159746661666, 0.000191623679711, 0.000198785055545, 0.000146318488987, 0.000105118153442, 0.000118510026368, 0.000214252519072, 0.000141007418279, 0.000118794101581, 0.000100856545032, 0.00010195280629, 5.56389568374e-05, 4.04794445785e-05, 3.65311279893e-05, 1.06460656752e-05, 1.24767229863e-05, 1.71516403498e-05, 8.5486426542e-06, 2.35912330027e-06, 1.67019891251e-06, 1.30589944547e-06, 1.07063783616e-06, 7.69020232383e-07, 4.4341783223e-07, 1.63339009873e-07, 1.02780148836e-07, 6.15781701185e-08, 2.69554494281e-08, 2.60709338562e-08, 1.22076606601e-08, 1.15239977561e-08, 8.8591809444e-09, 1.07099582536e-08, 6.70491662191e-09, 4.77358641504e-09, 3.72625619249e-09, 2.13938999849e-09], "mean": [0.000150656269398, 0.000455916742794, 0.000280947424471, 0.000256054016063, 0.000399922544602, 0.00044529439765, 0.000320830411511, 0.000184867734788, 0.000282441847958, 0.000612879463006, 0.000388249085518, 0.000248795025982, 0.000196660490474, 0.000210649668588, 0.000147433165694, 8.50323267514e-05, 6.61200901959e-05, 1.51008525791e-05, 1.82456042239e-05, 2.52886056842e-05, 1.26954018924e-05, 3.33459252033e-06, 2.13092289414e-06, 1.85314797818e-06, 1.64680022863e-06, 1.24573807625e-06, 5.80340497436e-07, 2.353659454e-07, 1.49249046899e-07, 9.29458678911e-08, 4.23798276472e-08, 3.48835058617e-08, 1.76024830267e-08, 1.56435238097e-08, 1.15908260767e-08, 1.24626060583e-08, 8.57224602413e-09, 7.6465296317e-09, 5.56394530449e-09, 3.20175574942e-09], "dvar2": [2.15859934372e-08, 2.90572899075e-07, 6.29359675486e-08, 1.04297107839e-07, 1.60475650546e-07, 2.66531969828e-07, 1.3661680498e-07, 5.22702130468e-08, 8.211149094e-08, 5.36282641406e-07, 3.66611430991e-07, 1.43262155916e-07, 8.58461604025e-08, 1.13702540716e-07, 4.18390477819e-08, 1.44210190456e-08, 1.37243233667e-07, 3.07024206059e-09, 9.39680444567e-10, 3.33551297693e-09, 4.38921926582e-10, 3.54366223865e-11, 1.22795575791e-11, 8.78329180221e-12, 7.22801549516e-12, 4.61208762154e-12, 8.51594348424e-13, 1.04046782854e-13, 4.19493202653e-14, 2.51793079659e-14, 6.20390054569e-15, 8.80894275167e-15, 1.74391770098e-15, 2.27159879245e-15, 2.04348858459e-15, 3.91844768235e-15, 1.28284082186e-15, 3.81449191107e-16, 3.06688819102e-16, 1.04375396697e-16], "min": [1.86532314155e-24, 1.497295469e-24, 8.68373548517e-25, 1.83361724404e-24, 1.74092431274e-24, 1.98924845659e-24, 1.63015867671e-24, 2.33557969323e-24, 1.70143314697e-24, 2.54561864241e-24, 1.82493129383e-24, 1.86375587214e-24, 3.19355368843e-24, 3.52193064808e-24, 4.36933686538e-24, 2.09180057148e-24, 2.77395995345e-24, 2.60782801618e-24, 3.22385344137e-24, 3.87725647676e-24, 2.97793335113e-24, 4.60581488223e-24, 4.68303371523e-24, 4.5845325983e-24, 5.67762283921e-24, 4.74066947069e-24, 4.73683205681e-24, 4.76003876692e-24, 6.06937905336e-24, 4.97519860667e-24, 5.33061909866e-24, 5.62279030098e-24, 5.86144991267e-24, 6.09942282093e-24, 5.49787654323e-24, 5.91107518006e-24, 5.14760336865e-24, 4.24368236723e-24, 5.61976896372e-24, 6.96925398719e-24]}, "spectral_decrease": {"dvar": 1.89735338826e-18, "var": 2.30237716396e-17, "median": -3.50378992486e-09, "max": 1.44798767864e-28, "dmean": 9.20803100435e-10, "dmean2": 1.26959864843e-09, "mean": -4.89147122806e-09, "dvar2": 3.49243885067e-18, "min": -4.76370090041e-08}, "barkbands_kurtosis": {"dvar": 31.1020488739, "var": 214.343505859, "median": 2.0348508358, "max": 270.773132324, "dmean": 1.89416968822, "dmean2": 2.81385350227, "mean": 4.52481031418, "dvar2": 76.3038253784, "min": -1.76516985893}, "silence_rate_30dB": {"dvar": 0.000320168270264, "var": 0.00255517754704, "median": 1, "max": 1, "dmean": 0.000320256192936, "dmean2": 0.000640615005977, "mean": 0.997438371181, "dvar2": 0.000640262733214, "min": 0}, "gfcc": {"mean": [-133.955307007, 160.373199463, -126.378761292, -18.2070217133, -31.4682598114, -11.0932331085, -24.3772335052, 1.15942335129, -20.1415271759, -4.20272827148, -10.4191808701, -2.2733604908, -6.89268112183], "cov": [[25379.5664063, 3856.51953125, -4132.56103516, -624.857727051, -1041.06152344, -686.220153809, -447.298828125, -282.918548584, -344.21673584, -296.844055176, -197.74407959, -383.931335449, -20.8351631165], [3856.51953125, 1614.55834961, -241.909988403, -180.571655273, 86.7603378296, -196.935943604, -98.4133834839, -90.0194091797, -27.8271999359, -55.2163734436, -25.7165737152, -125.195037842, -45.1449394226], [-4132.56103516, -241.909988403, 1231.85144043, 201.906402588, 285.818756104, 149.862426758, 57.5282859802, 79.9518051147, 49.5615348816, 30.9874019623, -28.4068832397, 41.0496635437, -36.4244194031], [-624.857727051, -180.571655273, 201.906402588, 249.390991211, 19.7435894012, -16.2180404663, -1.65561544895, 20.5940914154, 7.45100831985, 13.4710283279, -8.62465000153, 9.07684135437, -16.706401825], [-1041.06152344, 86.7603378296, 285.818756104, 19.7435894012, 258.286651611, 98.669708252, 36.0014419556, 12.1101379395, 12.285282135, -8.91677951813, -12.2143411636, 7.47199487686, -8.99965763092], [-686.220153809, -196.935943604, 149.862426758, -16.2180404663, 98.669708252, 229.113937378, 67.6163864136, 15.6182775497, 12.162612915, -20.495716095, -7.68228769302, 15.7884206772, 16.6916255951], [-447.298828125, -98.4133834839, 57.5282859802, -1.65561544895, 36.0014419556, 67.6163864136, 109.442932129, 36.0996704102, 8.93361759186, 0.287246704102, 2.15686225891, 8.96935844421, 6.25773763657], [-282.918548584, -90.0194091797, 79.9518051147, 20.5940914154, 12.1101379395, 15.6182775497, 36.0996704102, 99.5278091431, 43.1978492737, 15.7683134079, -16.1358356476, -9.24594211578, -9.8183259964], [-344.21673584, -27.8271999359, 49.5615348816, 7.45100831985, 12.285282135, 12.162612915, 8.93361759186, 43.1978492737, 111.881057739, 34.3594741821, -4.16419124603, -34.8074951172, -0.364385008812], [-296.844055176, -55.2163734436, 30.9874019623, 13.4710283279, -8.91677951813, -20.495716095, 0.287246704102, 15.7683134079, 34.3594741821, 88.5187683105, 47.3980751038, 4.26138830185, -21.8254356384], [-197.74407959, -25.7165737152, -28.4068832397, -8.62465000153, -12.2143411636, -7.68228769302, 2.15686225891, -16.1358356476, -4.16419124603, 47.3980751038, 107.736106873, 59.6329917908, 2.38681483269], [-383.931335449, -125.195037842, 41.0496635437, 9.07684135437, 7.47199487686, 15.7884206772, 8.96935844421, -9.24594211578, -34.8074951172, 4.26138830185, 59.6329917908, 137.791809082, 47.052532196], [-20.8351631165, -45.1449394226, -36.4244194031, -16.706401825, -8.99965763092, 16.6916255951, 6.25773763657, -9.8183259964, -0.364385008812, -21.8254356384, 2.38681483269, 47.052532196, 90.2845840454]], "icov": [[0.000471513631055, -0.00132577342447, 0.00141113589052, -0.000930635607801, 0.00140551559161, -0.00149794237223, 0.000755773042329, -0.00113786780275, 0.000970774330199, -0.000643687846605, 0.0014308799291, -0.000727529579308, 0.000273546524113], [-0.00132577342447, 0.00479760905728, -0.00389900081791, 0.00336254574358, -0.00500538246706, 0.00546683650464, -0.00184398004785, 0.00365243293345, -0.00275946687907, 0.00276656914502, -0.00464975181967, 0.00307103898376, -0.000662360398564], [0.00141113589052, -0.00389900081791, 0.00564915779978, -0.00363841070794, 0.00288767949678, -0.00486600585282, 0.00241236714646, -0.00383240915835, 0.0026502951514, -0.00252786627971, 0.00505238864571, -0.00298687908798, 0.00140804273542], [-0.000930635607801, 0.00336254574358, -0.00363841070794, 0.00725782988593, -0.0030975760892, 0.00459576630965, -0.00125232769642, 0.00228649075143, -0.00198955554515, 0.00159289641306, -0.00249201012775, 0.00138984061778, 0.000237345739151], [0.00140551559161, -0.00500538246706, 0.00288767949678, -0.0030975760892, 0.0111848730594, -0.00723154237494, 0.00135104369838, -0.00297504384071, 0.00234545720741, -0.00199448410422, 0.00500281481072, -0.00341913010925, 0.00162500678562], [-0.00149794237223, 0.00546683650464, -0.00486600585282, 0.00459576630965, -0.00723154237494, 0.0128337927163, -0.0054681818001, 0.00481353839859, -0.00415128981695, 0.0048562460579, -0.00542651629075, 0.00311302556656, -0.00123762153089], [0.000755773042329, -0.00184398004785, 0.00241236714646, -0.00125232769642, 0.00135104369838, -0.0054681818001, 0.0142798162997, -0.00685515021905, 0.00303615070879, -0.000880456122104, 0.000610998191405, -0.000285597256152, -0.000663640210405], [-0.00113786780275, 0.00365243293345, -0.00383240915835, 0.00228649075143, -0.00297504384071, 0.00481353839859, -0.00685515021905, 0.01856813021, -0.00812706630677, 0.000282909575617, 0.000768686062656, -0.000675876566675, 0.00211611669511], [0.000970774330199, -0.00275946687907, 0.0026502951514, -0.00198955554515, 0.00234545720741, -0.00415128981695, 0.00303615070879, -0.00812706630677, 0.0169600266963, -0.00732047017664, 0.00189473910723, 0.00440417695791, -0.004594235681], [-0.000643687846605, 0.00276656914502, -0.00252786627971, 0.00159289641306, -0.00199448410422, 0.0048562460579, -0.000880456122104, 0.000282909575617, -0.00732047017664, 0.022927608341, -0.0127790952101, 0.00260286522098, 0.00399921322241], [0.0014308799291, -0.00464975181967, 0.00505238864571, -0.00249201012775, 0.00500281481072, -0.00542651629075, 0.000610998191405, 0.000768686062656, 0.00189473910723, -0.0127790952101, 0.0246353019029, -0.0123034659773, 0.00380477798171], [-0.000727529579308, 0.00307103898376, -0.00298687908798, 0.00138984061778, -0.00341913010925, 0.00311302556656, -0.000285597256152, -0.000675876566675, 0.00440417695791, 0.00260286522098, -0.0123034659773, 0.0180445183069, -0.0089819803834], [0.000273546524113, -0.000662360398564, 0.00140804273542, 0.000237345739151, 0.00162500678562, -0.00123762153089, -0.000663640210405, 0.00211611669511, -0.004594235681, 0.00399921322241, 0.00380477798171, -0.0089819803834, 0.0176155846566]]}, "silence_rate_20dB": {"dvar": 0, "var": 0, "median": 1, "max": 1, "dmean": 0, "dmean2": 0, "mean": 1, "dvar2": 0, "min": 1}, "barkbands_skewness": {"dvar": 0.143010005355, "var": 2.40941095352, "median": 0.738397955894, "max": 15.2475986481, "dmean": 0.32807135582, "dmean2": 0.484620809555, "mean": 0.69080299139, "dvar2": 0.324886083603, "min": -4.67213487625}, "erbbands_skewness": {"dvar": 0.0772096589208, "var": 0.683570086956, "median": 0.479505717754, "max": 4.78300333023, "dmean": 0.289410442114, "dmean2": 0.432355642319, "mean": 0.488366037607, "dvar2": 0.175881713629, "min": -3.91960144043}, "spectral_contrast_valleys": {"dvar": [0.104181095958, 0.0862297490239, 0.0689213573933, 0.0627116188407, 0.0525698103011, 0.0425934009254], "var": [5.5382733345, 6.29827022552, 5.62787675858, 5.19224882126, 4.96348237991, 2.99022126198], "median": [-7.97699928284, -7.07910728455, -7.85551548004, -8.58809280396, -9.1062040329, -12.5867481232], "max": [-6.07081604004, -5.05794048309, -5.79086971283, -6.83285427094, -7.41499710083, -10.3405570984], "dmean": [0.326186835766, 0.272713303566, 0.247659951448, 0.209707140923, 0.152303174138, 0.118359059095], "dmean2": [0.534520804882, 0.432376027107, 0.404028713703, 0.347345769405, 0.248362630606, 0.195876464248], "mean": [-8.39024353027, -7.47790145874, -8.24296379089, -9.01971054077, -9.60806655884, -12.9130592346], "dvar2": [0.216912969947, 0.151701748371, 0.122873447835, 0.107791602612, 0.0831850618124, 0.0774275660515], "min": [-28.1194915771, -27.839345932, -27.6498699188, -27.5651092529, -27.5636501312, -27.4506454468]}, "spectral_strongpeak": {"dvar": 0.639681994915, "var": 4.91717529297, "median": 1.1309466362, "max": 21.8560829163, "dmean": 0.488813519478, "dmean2": 0.762453436852, "mean": 2.07096910477, "dvar2": 1.4292961359, "min": 0}, "erbbands_crest": {"dvar": 4.31754302979, "var": 39.9671554565, "median": 12.0797138214, "max": 32.7972564697, "dmean": 2.08963441849, "dmean2": 3.12380981445, "mean": 13.5289764404, "dvar2": 9.81148910522, "min": 2.24503302574}, "barkbands_crest": {"dvar": 2.8503408432, "var": 24.6822967529, "median": 11.1990680695, "max": 25.6728839874, "dmean": 1.73893034458, "dmean2": 2.60120773315, "mean": 12.3611240387, "dvar2": 6.31992101669, "min": 3.3249361515}, "spectral_energyband_middle_low": {"dvar": 2.06205422728e-05, "var": 0.000193249332369, "median": 0.00558825861663, "max": 0.136442884803, "dmean": 0.00245271692984, "dmean2": 0.0033181111794, "mean": 0.0112753938884, "dvar2": 3.72898321075e-05, "min": 1.61076006246e-22}, "spectral_contrast_coeffs": {"dvar": [0.00096785480855, 0.000961497018579, 0.000747125770431, 0.000470413971925, 0.000188991543837, 0.000116220813652], "var": [0.00809168349952, 0.0085270004347, 0.013366067782, 0.00784704182297, 0.00275530409999, 0.00220676977187], "median": [-0.640233278275, -0.692463517189, -0.703946471214, -0.734814167023, -0.770989060402, -0.792938232422], "max": [-0.342540085316, -0.356961816549, -0.347818702459, -0.399687737226, -0.559617459774, -0.64290356636], "dmean": [0.0358435362577, 0.0353978089988, 0.0319262742996, 0.025580778718, 0.0169479642063, 0.0113411471248], "dmean2": [0.058087863028, 0.055483341217, 0.0505312941968, 0.0419319532812, 0.0279197134078, 0.0184526983649], "mean": [-0.64300429821, -0.69345074892, -0.686393499374, -0.731018781662, -0.772403478622, -0.800308763981], "dvar2": [0.00252163503319, 0.00231957575306, 0.0017542677233, 0.00120387901552, 0.000488716468681, 0.000261673732894], "min": [-0.99786221981, -0.99134016037, -0.993272185326, -0.979463458061, -0.971273601055, -0.964623987675]}, "hfc": {"dvar": 26.1932277679, "var": 309.162597656, "median": 8.0554485321, "max": 263.853759766, "dmean": 2.77174687386, "dmean2": 3.80223536491, "mean": 14.1867208481, "dvar2": 51.783405304, "min": 1.05111302892e-16}, "spectral_energyband_high": {"dvar": 7.32316429719e-11, "var": 3.31237981488e-10, "median": 5.64039237361e-06, "max": 0.000238953216467, "dmean": 3.37021469932e-06, "dmean2": 5.09130313731e-06, "mean": 1.12838342829e-05, "dvar2": 1.52636001061e-10, "min": 6.9211752816e-21}, "erbbands_spread": {"dvar": 9.93561077118, "var": 97.9450912476, "median": 14.3959760666, "max": 119.206321716, "dmean": 2.61242580414, "dmean2": 3.97286200523, "mean": 15.6415729523, "dvar2": 23.5398159027, "min": 1.04340434074}, "dissonance": {"dvar": 0.00109895155765, "var": 0.00239077513106, "median": 0.425490736961, "max": 0.499959647655, "dmean": 0.0325025767088, "dmean2": 0.055118329823, "mean": 0.419495522976, "dvar2": 0.00305756973103, "min": 0.175224512815}, "spectral_kurtosis": {"dvar": 51.7513771057, "var": 189.887695313, "median": 19.0212669373, "max": 92.268699646, "dmean": 7.67711782455, "dmean2": 13.5943307877, "mean": 22.6292705536, "dvar2": 158.61505127, "min": -1.25938510895}, "spectral_skewness": {"dvar": 0.23624381423, "var": 1.10670042038, "median": 2.97655773163, "max": 7.59586620331, "dmean": 0.542804181576, "dmean2": 0.958970546722, "mean": 3.1561062336, "dvar2": 0.728098809719, "min": -0.0906003192067}, "pitch_salience": {"dvar": 0.001995195169, "var": 0.0177183784544, "median": 0.52157998085, "max": 0.986615240574, "dmean": 0.0468662641943, "dmean2": 0.0711731165648, "mean": 0.507109463215, "dvar2": 0.00458515388891, "min": 0.0634273737669}, "spectral_complexity": {"dvar": 1.86438024044, "var": 26.0671710968, "median": 11, "max": 28, "dmean": 1.37069654465, "dmean2": 2.24407434464, "mean": 10.391450882, "dvar2": 4.33028316498, "min": 0}, "spectral_spread": {"dvar": 306836406272, "var": 18560745209900.0, "median": 1898337.25, "max": 42414644, "dmean": 213244.3125, "dmean2": 364209.125, "mean": 2570798.75, "dvar2": 543041912832, "min": 966165.1875}, "dynamic_complexity": 5.95876502991, "melbands_crest": {"dvar": 4.65073299408, "var": 39.0019874573, "median": 13.604434967, "max": 36.8250579834, "dmean": 2.1450586319, "dmean2": 3.23736071587, "mean": 14.9847764969, "dvar2": 10.4257154465, "min": 1.69077599049}, "zerocrossingrate": {"dvar": 5.95984965912e-05, "var": 0.00295488187112, "median": 0.03271484375, "max": 0.52392578125, "dmean": 0.00304165203124, "dmean2": 0.00413952069357, "mean": 0.0399055406451, "dvar2": 0.00011595718388, "min": 0}, "spectral_energyband_low": {"dvar": 1.69896020452e-06, "var": 8.72733107826e-06, "median": 0.00100376736373, "max": 0.0500830486417, "dmean": 0.000550288823433, "dmean2": 0.000783085997682, "mean": 0.00197592657059, "dvar2": 3.45890885001e-06, "min": 1.81379600939e-23}, "melbands_kurtosis": {"dvar": 111.155403137, "var": 453.683502197, "median": 2.81760382652, "max": 478.143859863, "dmean": 2.67474031448, "dmean2": 4.08507061005, "mean": 6.12308645248, "dvar2": 291.738189697, "min": -1.67338144779}, "spectral_energyband_middle_high": {"dvar": 1.30182106659e-05, "var": 0.00012511346722, "median": 0.00229501747526, "max": 0.158197462559, "dmean": 0.00172915298026, "dmean2": 0.0024719000794, "mean": 0.00706998212263, "dvar2": 2.69243682851e-05, "min": 1.17580755433e-21}, "barkbands_spread": {"dvar": 5.4949889183, "var": 71.0689697266, "median": 8.07914543152, "max": 116.438957214, "dmean": 1.58853197098, "dmean2": 2.42826628685, "mean": 9.27264022827, "dvar2": 12.6979198456, "min": 0.813159525394}, "mfcc": {"mean": [-771.831176758, 203.882751465, -28.2413635254, 7.86661672592, 0.515157401562, -7.64402914047, 1.44884419441, 0.0203609466553, -1.81437766552, -0.952954173088, -6.10434675217, -2.22129011154, 2.57829785347], "cov": [[10053.4580078, 2560.70703125, -1887.9519043, 122.898971558, -676.672607422, -362.883789063, -226.553649902, -274.278289795, -182.423400879, -2.05165743828, -174.198120117, -103.709358215, -168.944961548], [2560.70703125, 1971.42260742, -236.802505493, 42.6028518677, 80.335357666, -67.938293457, -33.4774894714, -68.9534835815, -47.3555526733, -13.101439476, -6.28123235703, -5.8253698349, -32.4025344849], [-1887.9519043, -236.802505493, 757.611755371, 22.0910282135, 249.679397583, 135.284744263, 39.218875885, 114.239364624, 67.6045608521, 25.8412914276, 46.0724334717, -11.7052631378, -31.0915756226], [122.898971558, 42.6028518677, 22.0910282135, 217.280181885, 2.99014139175, -38.0956954956, -8.88775539398, -20.8982696533, -15.034620285, 1.06173253059, 6.02376127243, -13.7436008453, 0.817200422287], [-676.672607422, 80.335357666, 249.679397583, 2.99014139175, 232.364532471, 88.0040512085, 18.9056549072, 52.4359092712, 33.4888839722, 11.0791006088, 25.4523620605, -7.34269332886, -18.1255760193], [-362.883789063, -67.938293457, 135.284744263, -38.0956954956, 88.0040512085, 143.309768677, 46.0985336304, 44.3950500488, 23.823266983, -5.79974985123, 5.91105365753, 0.459810703993, -9.38592720032], [-226.553649902, -33.4774894714, 39.218875885, -8.88775539398, 18.9056549072, 46.0985336304, 110.807952881, 46.8866500854, 5.56190395355, -17.8535308838, -6.52327346802, 6.29691553116, 25.3897171021], [-274.278289795, -68.9534835815, 114.239364624, -20.8982696533, 52.4359092712, 44.3950500488, 46.8866500854, 107.927505493, 48.3821296692, -2.30596971512, -1.60201275349, -11.8692827225, -4.40321350098], [-182.423400879, -47.3555526733, 67.6045608521, -15.034620285, 33.4888839722, 23.823266983, 5.56190395355, 48.3821296692, 105.17792511, 51.8967781067, 5.34987878799, -14.5119628906, -30.5629520416], [-2.05165743828, -13.101439476, 25.8412914276, 1.06173253059, 11.0791006088, -5.79974985123, -17.8535308838, -2.30596971512, 51.8967781067, 121.959587097, 61.5488204956, -18.3514404297, -69.1317443848], [-174.198120117, -6.28123235703, 46.0724334717, 6.02376127243, 25.4523620605, 5.91105365753, -6.52327346802, -1.60201275349, 5.34987878799, 61.5488204956, 124.995162964, 32.8607902527, -40.4330787659], [-103.709358215, -5.8253698349, -11.7052631378, -13.7436008453, -7.34269332886, 0.459810703993, 6.29691553116, -11.8692827225, -14.5119628906, -18.3514404297, 32.8607902527, 103.106582642, 70.2034683228], [-168.944961548, -32.4025344849, -31.0915756226, 0.817200422287, -18.1255760193, -9.38592720032, 25.3897171021, -4.40321350098, -30.5629520416, -69.1317443848, -40.4330787659, 70.2034683228, 174.18989563]], "icov": [[0.000466813449748, -0.000553347810637, 0.000856661587022, -0.000418704090407, 0.000931615533773, -0.00063209165819, 0.000754248176236, -0.000923096726183, 0.000546230003238, -0.000540201144759, 0.000677699863445, -0.00022160950175, 0.000562375877053], [-0.000553347810637, 0.00126537517644, -0.000676282681525, 0.000432458182331, -0.00189052056521, 0.00114695692901, -0.00100358878262, 0.00132427515928, -0.000532981590368, 0.000737933733035, -0.000669567845762, 9.34017225518e-05, -0.000372916780179], [0.000856661587022, -0.000676282681525, 0.00407398026437, -0.00128291943111, -0.000530148099642, -0.00180668884423, 0.00173026090488, -0.00304248929024, 0.00102185504511, -0.00111259473488, 0.000957245123573, -0.00048789018183, 0.00111319462303], [-0.000418704090407, 0.000432458182331, -0.00128291943111, 0.00560801802203, -0.00120664411224, 0.00243923184462, -0.00130730238743, 0.00216968217865, -0.00047504241229, 0.000963416066952, -0.0015582847409, 0.00180044013541, -0.0011180130532], [0.000931615533773, -0.00189052056521, -0.000530148099642, -0.00120664411224, 0.0105656441301, -0.00486804777756, 0.00261344388127, -0.00293976976536, 0.000486461853143, -0.000844190712087, 8.75505156728e-06, 0.000543254252989, 0.000378197728423], [-0.00063209165819, 0.00114695692901, -0.00180668884423, 0.00243923184462, -0.00486804777756, 0.0129036260769, -0.00507986126468, 0.00167047872674, -0.00195041601546, 0.00251900102012, -0.000866486108862, -0.000517228560057, 0.000902615545783], [0.000754248176236, -0.00100358878262, 0.00173026090488, -0.00130730238743, 0.00261344388127, -0.00507986126468, 0.0144107760862, -0.00763785699382, 0.00290651060641, -0.00141609436832, 0.00104086229112, -0.000210559621337, -0.00116109743249], [-0.000923096726183, 0.00132427515928, -0.00304248929024, 0.00216968217865, -0.00293976976536, 0.00167047872674, -0.00763785699382, 0.0203532073647, -0.00997503381222, 0.00634096143767, -0.00390608375892, 0.00359031092376, -0.00137761735823], [0.000546230003238, -0.000532981590368, 0.00102185504511, -0.00047504241229, 0.000486461853143, -0.00195041601546, 0.00290651060641, -0.00997503381222, 0.0194756407291, -0.0112718176097, 0.00643655285239, -0.00309628294781, 0.00157057063188], [-0.000540201144759, 0.000737933733035, -0.00111259473488, 0.000963416066952, -0.000844190712087, 0.00251900102012, -0.00141609436832, 0.00634096143767, -0.0112718176097, 0.0202871374786, -0.0104191647843, 0.0044391923584, 0.00169093115255], [0.000677699863445, -0.000669567845762, 0.00095724