{"metadata": {"audio_properties": {"downmix": "mix", "bit_rate": 177269, "lossless": false, "md5_encoded": "a748616c54f3c1d3d562c4c4f74fbcb3", "analysis_sample_rate": 44100, "sample_rate": 44100, "replay_gain": -13.4438858032, "equal_loudness": 0, "codec": "mp3", "length": 127.477554321}, "tags": {"date": ["2008"], "musicbrainz_recordingid": ["d1ba9e30-9043-49cd-9ee1-69fc00a678b7"], "label": ["Yep Roc Records"], "encoding": ["LAME 3.97 -V2 --vbr-new"], "album": ["Parallel Play"], "artist": ["Sloan"], "title": ["If I Could Change Your Mind"], "albumartist": ["Sloan"], "file_name": "61954.mp3", "tracknumber": ["11"], "language": ["eng"], "genre": ["Rock"]}, "version": {"essentia_build_sha": "70f2e5ece6736b2c40cc944ad0e695b16b925413", "essentia_git_sha": "v2.1_beta2", "extractor": "music 1.0", "essentia": "2.1-beta2"}}, "tonal": {"chords_scale": "major", "hpcp": {"dmean": [0.09379132092, 0.0781339406967, 0.0642782375216, 0.0651093050838, 0.0705170333385, 0.13092790544, 0.140869140625, 0.116542294621, 0.0622541569173, 0.0549782216549, 0.0758390575647, 0.121012426913, 0.134184971452, 0.12890535593, 0.0951633900404, 0.0765038728714, 0.0870873853564, 0.103500150144, 0.112400107086, 0.150555104017, 0.176155135036, 0.154248639941, 0.122152812779, 0.132247507572, 0.110750712454, 0.100660711527, 0.151026755571, 0.154363140464, 0.144146189094, 0.104826711118, 0.0718037337065, 0.0686493292451, 0.106808498502, 0.118573196232, 0.0990312099457, 0.0964421704412], "dvar2": [0.072854809463, 0.0542476922274, 0.0483451671898, 0.0480014793575, 0.0528938509524, 0.0871832594275, 0.0965842083097, 0.0795272141695, 0.0493442490697, 0.0429207868874, 0.0662914440036, 0.0877043530345, 0.0944932773709, 0.111375302076, 0.0973968058825, 0.0795649290085, 0.0889598205686, 0.0927256569266, 0.0795021280646, 0.111105196178, 0.1150097996, 0.104860380292, 0.0839034318924, 0.132138952613, 0.106934286654, 0.0787855759263, 0.11178099364, 0.110703490674, 0.11929025501, 0.0982873514295, 0.0603026226163, 0.0509921759367, 0.0621510483325, 0.0702851712704, 0.0570849888027, 0.0691037103534], "mean": [0.179199278355, 0.105846077204, 0.0756446495652, 0.0811701565981, 0.0722690299153, 0.23960056901, 0.348403066397, 0.177204549313, 0.0587898120284, 0.0589764937758, 0.0725818499923, 0.181918904185, 0.266924530268, 0.171969547868, 0.0841793045402, 0.0762547031045, 0.0757151916623, 0.116853699088, 0.149214982986, 0.179712951183, 0.291110366583, 0.27845042944, 0.141605407, 0.108976081014, 0.0980506241322, 0.092246606946, 0.230134561658, 0.312281906605, 0.188753023744, 0.0841646939516, 0.0591584630311, 0.0650196820498, 0.170478954911, 0.235831618309, 0.148229107261, 0.143963471055], "var": [0.082051999867, 0.0285448823124, 0.0196386054158, 0.0251343660057, 0.0178589224815, 0.0723096802831, 0.137069150805, 0.0451664067805, 0.0166032426059, 0.0194503683597, 0.0204606615007, 0.0531287752092, 0.106477193534, 0.0556217320263, 0.0317906215787, 0.0351407825947, 0.0296604409814, 0.0365487076342, 0.0482596307993, 0.0496451742947, 0.102672860026, 0.097010076046, 0.0348288305104, 0.0395942628384, 0.0352501682937, 0.0248627513647, 0.0755647569895, 0.118911668658, 0.0583159849048, 0.0285398121923, 0.0169030819088, 0.0143482144922, 0.0461023934186, 0.089581489563, 0.0429193079472, 0.046508166939], "dmean2": [0.158485785127, 0.133040398359, 0.111950553954, 0.113714881241, 0.125716567039, 0.22080758214, 0.234987333417, 0.199165433645, 0.110370382667, 0.0973957628012, 0.135445594788, 0.20639719069, 0.22835201025, 0.224375113845, 0.17321510613, 0.1394110322, 0.15706603229, 0.183542743325, 0.19595092535, 0.256426185369, 0.292135685682, 0.257977068424, 0.213951706886, 0.240079656243, 0.200470343232, 0.18077622354, 0.256763875484, 0.262249231339, 0.252510637045, 0.191330105066, 0.129591867328, 0.122680865228, 0.179448664188, 0.194504097104, 0.166144251823, 0.165518626571], "dvar": [0.031284570694, 0.0204443316907, 0.0182493384928, 0.0183688476682, 0.0194853451103, 0.0328651107848, 0.0413266196847, 0.0293696615845, 0.0181529615074, 0.0154826110229, 0.023632787168, 0.0330221429467, 0.0404954887927, 0.0420059971511, 0.0352581776679, 0.0293383132666, 0.0326563417912, 0.0345057025552, 0.0317630134523, 0.0427179932594, 0.0503097437322, 0.0425454117358, 0.0304347239435, 0.0482931099832, 0.0382361970842, 0.0286347661167, 0.042164709419, 0.0458353236318, 0.0442660935223, 0.0363988764584, 0.0221407022327, 0.0185570679605, 0.0238882601261, 0.0305827651173, 0.0228084661067, 0.0269552841783], "min": [0, 0, 0, 0, 0, 0, 0, 0, 0, 0, 0, 0, 0, 0, 0, 0, 0, 0, 0, 0, 0, 0, 0, 0, 0, 0, 0, 0, 0, 0, 0, 0, 0, 0, 0, 0], "median": [0.0492135956883, 0.0363609455526, 0.0258133113384, 0.0247514229268, 0.0282451696694, 0.106108605862, 0.159946799278, 0.081946246326, 0.0178567878902, 0.0171139389277, 0.0235448814929, 0.0807710438967, 0.10490642488, 0.0561600476503, 0.0179774425924, 0.0125316595659, 0.0147952735424, 0.0398170650005, 0.0517704747617, 0.0882698595524, 0.146491676569, 0.142094254494, 0.0724712610245, 0.0307481661439, 0.0280175786465, 0.0297191832215, 0.105892583728, 0.157176733017, 0.0786778479815, 0.0191579051316, 0.0156078776345, 0.0260869003832, 0.0706040412188, 0.0913671925664, 0.0592444092035, 0.0509613752365], "max": [1, 1, 1, 1, 1, 1, 1, 1, 1, 1, 1, 1, 1, 1, 1, 1, 1, 1, 1, 1, 1, 1, 1, 1, 1, 1, 1, 1, 1, 1, 1, 1, 1, 1, 1, 1]}, "tuning_equal_tempered_deviation": 0.075605109334, "chords_key": "E", "chords_strength": {"dmean": 0.0101685598493, "dvar2": 5.21604451933e-05, "mean": 0.537768185139, "var": 0.00936375092715, "dmean2": 0.00757265370339, "dvar": 7.14253401384e-05, "min": 0.296062320471, "median": 0.537728309631, "max": 0.763864398003}, "tuning_diatonic_strength": 0.615110337734, "thpcp": [1, 0.508619368076, 0.168740794063, 0.169276624918, 0.208327248693, 0.522150695324, 0.766137123108, 0.493593662977, 0.241614699364, 0.21886920929, 0.217320680618, 0.33539801836, 0.428282648325, 0.515819072723, 0.835556268692, 0.799219250679, 0.40644133091, 0.312787383795, 0.281428694725, 0.264769792557, 0.660541176796, 0.896323621273, 0.541766226292, 0.241572767496, 0.169798910618, 0.186622008681, 0.48931530118, 0.676893055439, 0.425452947617, 0.413209527731, 0.514344751835, 0.303803503513, 0.21711820364, 0.232977733016, 0.207429379225, 0.687710821629], "chords_histogram": [24.2898769379, 13.8383102417, 14.8215589523, 0, 2.47632908821, 0, 0, 0, 0.14566642046, 0.619082272053, 0, 0, 0, 0.546249091625, 1.49308085442, 0.0364166051149, 0, 0, 0, 4.84340858459, 1.31099784374, 12.163146019, 16.0233058929, 7.39257097244], "tuning_nontempered_energy_ratio": 0.690950989723, "tuning_frequency": 440.763122559, "key_strength": 0.831041753292, "chords_changes_rate": 0.0473415888846, "key_scale": "major", "hpcp_entropy": {"dmean": 0.583589553833, "dvar2": 0.679383158684, "mean": 1.89994943142, "var": 0.524354338646, "dmean2": 0.96310788393, "dvar": 0.259841442108, "min": 0, "median": 1.94593906403, "max": 3.98685026169}, "key_key": "E", "chords_number_rate": 0.00364166055806}, "lowlevel": {"melbands_skewness": {"dmean": 0.546591520309, "dvar2": 0.836866855621, "mean": 2.49850082397, "var": 1.34538340569, "dmean2": 0.893159747124, "dvar": 0.313926845789, "min": -0.314656376839, "median": 2.40681910515, "max": 8.61596107483}, "melbands_kurtosis": {"dmean": 4.38072443008, "dvar2": 96.0595474243, "mean": 10.2067575455, "var": 108.111122131, "dmean2": 7.22283411026, "dvar": 38.2206268311, "min": -1.34223556519, "median": 7.35280418396, "max": 126.285980225}, "barkbands_kurtosis": {"dmean": 1.79038965702, "dvar2": 15.7287569046, "mean": 2.87881541252, "var": 19.1384544373, "dmean2": 2.91169476509, "dvar": 6.5034403801, "min": -1.88335859776, "median": 1.60188579559, "max": 56.4358596802}, "hfc": {"dmean": 6.54382419586, "dvar2": 141.779815674, "mean": 24.5935745239, "var": 283.002716064, "dmean2": 9.0335521698, "dvar": 72.3228683472, "min": 1.71405164368e-11, "median": 21.4812717438, "max": 124.719078064}, "silence_rate_20dB": {"dmean": 0, "dvar2": 0, "mean": 1, "var": 0, "dmean2": 0, "dvar": 0, "min": 1, "median": 1, "max": 1}, "erbbands_flatness_db": {"dmean": 0.0152259217575, "dvar2": 0.000403200479923, "mean": 0.134858340025, "var": 0.00129978312179, "dmean2": 0.0210677776486, "dvar": 0.000204670039238, "min": 0.0504305921495, "median": 0.129607692361, "max": 0.25044247508}, "spectral_flux": {"dmean": 0.0252876151353, "dvar2": 0.00204748124816, "mean": 0.083697937429, "var": 0.00218855426647, "dmean2": 0.0380028523505, "dvar": 0.00100216909777, "min": 7.10776585038e-05, "median": 0.0748979970813, "max": 0.288930118084}, "spectral_energyband_low": {"dmean": 0.00387262739241, "dvar2": 0.000149380910443, "mean": 0.00748774502426, "var": 5.92494980083e-05, "dmean2": 0.00660999491811, "dvar": 5.41723711649e-05, "min": 9.3848297521e-18, "median": 0.00573381688446, "max": 0.0790608599782}, "spectral_rolloff": {"dmean": 447.788208008, "dvar2": 1332516.875, "mean": 1460.59106445, "var": 1410331, "dmean2": 745.740356445, "dvar": 646256.9375, "min": 150.732421875, "median": 1270.45898438, "max": 19358.3496094}, "spectral_entropy": {"dmean": 0.151812687516, "dvar2": 0.0451655909419, "mean": 7.66988515854, "var": 0.121819294989, "dmean2": 0.21416054666, "dvar": 0.0220370199531, "min": 6.02986431122, "median": 7.69642543793, "max": 8.76670646667}, "spectral_energy": {"dmean": 0.00992094352841, "dvar2": 0.000478367408505, "mean": 0.0303904563189, "var": 0.000339902151609, "dmean2": 0.0160295516253, "dvar": 0.000187645404367, "min": 1.6433441852e-15, "median": 0.0278766043484, "max": 0.126621335745}, "spectral_centroid": {"dmean": 210.379364014, "dvar2": 115872.726562, "mean": 1213.01550293, "var": 202720.484375, "dmean2": 333.588012695, "dvar": 49998.7773438, "min": 258.468048096, "median": 1187.99389648, "max": 4458.28271484}, "barkbands_flatness_db": {"dmean": 0.0178463999182, "dvar2": 0.000593921286054, "mean": 0.103304900229, "var": 0.00132216326892, "dmean2": 0.026521332562, "dvar": 0.000267369177891, "min": 0.0216439142823, "median": 0.0990594252944, "max": 0.243732079864}, "spectral_rms": {"dmean": 0.000830824894365, "dvar2": 2.60992646872e-06, "mean": 0.00515316659585, "var": 3.09407914756e-06, "dmean2": 0.00130228453781, "dvar": 1.06877450889e-06, "min": 1.26620003371e-09, "median": 0.00521504413337, "max": 0.0111145405099}, "melbands": {"dmean": [0.000380799407139, 0.000651003734674, 0.00134217867162, 0.000690825923812, 0.00031501048943, 0.00026950269239, 0.000211404520087, 0.000207903547562, 0.000144105855725, 9.19667509152e-05, 7.55515866331e-05, 6.78490614519e-05, 7.08656953066e-05, 4.77982030134e-05, 4.28041130363e-05, 2.7472331567e-05, 2.97467704513e-05, 3.18017046084e-05, 3.16264340654e-05, 2.70406653726e-05, 1.37031038321e-05, 1.19730766528e-05, 1.02516214611e-05, 8.42313784233e-06, 5.28669261257e-06, 4.32644810644e-06, 3.17438639286e-06, 3.31007004206e-06, 2.75859906651e-06, 2.15318846131e-06, 2.55121562986e-06, 2.06953404813e-06, 1.74910815076e-06, 2.52371978604e-06, 3.04833110931e-06, 1.50707387547e-06, 7.22399022379e-07, 4.93877791996e-07, 4.09820387404e-07, 4.09899882925e-07], "dvar2": [2.53165444519e-06, 4.50670586361e-06, 1.29391064547e-05, 3.77258675144e-06, 5.79540710532e-07, 4.87466422783e-07, 3.51061430592e-07, 3.51186201897e-07, 2.67045464852e-07, 6.12363706409e-08, 3.26727942479e-08, 3.39078738421e-08, 5.7757201688e-08, 2.31335341994e-08, 1.20696004302e-08, 3.97152266629e-09, 5.45228795445e-09, 7.03446190187e-09, 7.00571511913e-09, 4.36678426752e-09, 1.86323845242e-09, 1.06883069062e-09, 6.57211673971e-10, 3.65278363113e-10, 1.532899363e-10, 9.71078426004e-11, 4.40023191495e-11, 5.18949952455e-11, 4.5788480646e-11, 4.90630938654e-11, 4.70168556865e-11, 5.32160565614e-11, 4.64340683959e-11, 5.72559499812e-11, 8.57119514253e-11, 2.3748045197e-11, 6.27997827352e-12, 2.82433690151e-12, 1.64282086199e-12, 1.28223007299e-12], "mean": [0.000505292846356, 0.0014432282187, 0.00184344081208, 0.00108297041152, 0.00072124262806, 0.00049484038027, 0.000399501994252, 0.000419135118136, 0.000284006004222, 0.000185645752936, 0.000171208535903, 0.000162806405569, 0.000160033785505, 9.28848676267e-05, 8.06866082712e-05, 5.62239074497e-05, 5.75668091187e-05, 5.66514318052e-05, 6.3846091507e-05, 5.47512208868e-05, 2.55963877862e-05, 2.20623205678e-05, 2.14526899072e-05, 1.74069882632e-05, 1.19171991173e-05, 9.5464865808e-06, 7.45945453673e-06, 7.41169651519e-06, 5.54950565856e-06, 4.0078271013e-06, 4.59214743387e-06, 3.50780965164e-06, 3.03956289827e-06, 4.1454559323e-06, 5.37965888725e-06, 2.937770887e-06, 1.33501396249e-06, 8.96099379588e-07, 7.43445525586e-07, 7.36738684282e-07], "var": [9.4970647524e-07, 2.14455349123e-06, 4.13357884099e-06, 1.69459838162e-06, 9.84687517303e-07, 4.27857202112e-07, 2.85378206399e-07, 3.6277737081e-07, 2.74386167121e-07, 7.15826757869e-08, 4.83711488641e-08, 6.27626093319e-08, 1.02774535549e-07, 3.38616459317e-08, 1.11241398315e-08, 5.86002046887e-09, 6.88949652883e-09, 6.51675691188e-09, 8.55861337357e-09, 5.3173985215e-09, 2.02038408226e-09, 8.42637903897e-10, 7.21164350459e-10, 4.16408352244e-10, 2.11108450165e-10, 1.34718097788e-10, 6.4376469433e-11, 7.09075367866e-11, 3.44671548247e-11, 2.06934209351e-11, 3.26404528406e-11, 4.0992778616e-11, 4.02707138469e-11, 5.16668235973e-11, 6.71878525038e-11, 2.41525341393e-11, 7.53821831345e-12, 3.9885911414e-12, 1.90475174695e-12, 1.43096591434e-12], "dmean2": [0.000638107128907, 0.00111381127499, 0.00240264856257, 0.00119375390932, 0.000503151968587, 0.000427121296525, 0.000340063212207, 0.000314565200824, 0.000218211731408, 0.000144908888615, 0.000114919588668, 0.000103905251308, 0.000106806975964, 7.38537273719e-05, 6.76967101754e-05, 4.18619383709e-05, 4.74088228657e-05, 5.00273854414e-05, 4.93313018524e-05, 4.20235664933e-05, 2.15961335925e-05, 1.9588833311e-05, 1.60322688316e-05, 1.35357086037e-05, 8.47549381433e-06, 6.84416454533e-06, 4.90584034196e-06, 5.24361712451e-06, 4.52513859273e-06, 3.59524415217e-06, 4.14399210058e-06, 3.32343029186e-06, 2.69528254648e-06, 3.85885186915e-06, 4.70935492558e-06, 2.24663176596e-06, 1.08262668164e-06, 7.21055585018e-07, 5.80891935442e-07, 5.77721948503e-07], "dvar": [9.85902602224e-07, 1.61150023814e-06, 4.43252565674e-06, 1.39204519201e-06, 2.41800393042e-07, 2.07151288123e-07, 1.4084972122e-07, 1.63170071232e-07, 1.19149206057e-07, 2.62552628527e-08, 1.4289710748e-08, 1.47308822918e-08, 2.4726327652e-08, 1.01311927736e-08, 5.05327601985e-09, 1.86706072824e-09, 2.29715135802e-09, 2.91387203255e-09, 2.97490876378e-09, 1.86243920286e-09, 8.0395340385e-10, 4.24433599377e-10, 2.75187928001e-10, 1.51766307854e-10, 6.08726055673e-11, 4.07139946756e-11, 1.90843365416e-11, 2.24515926683e-11, 1.73362088574e-11, 1.75256961721e-11, 1.83925270847e-11, 2.30568793225e-11, 2.05018207272e-11, 2.50917030209e-11, 3.57666223028e-11, 1.0357503917e-11, 2.98308383204e-12, 1.42708750633e-12, 7.95005283393e-13, 6.04852268531e-13], "min": [1.55717236282e-18, 1.30189046711e-18, 7.623948964e-19, 1.92011949252e-19, 3.46203675783e-19, 2.08498442097e-18, 5.35056113043e-18, 7.88112872222e-18, 6.86958485397e-18, 2.82819151889e-18, 4.83485413676e-19, 2.47337260193e-18, 5.16068182082e-18, 4.73578933224e-18, 2.9336096909e-18, 2.67699820576e-18, 3.25994836578e-18, 1.92641244997e-18, 5.86768994417e-19, 4.85941829903e-19, 3.94903055468e-19, 2.44859192514e-18, 2.36455161567e-18, 2.21702829612e-18, 1.66177886385e-18, 9.71192447006e-19, 1.57048231926e-18, 5.12859383049e-18, 2.08145401411e-18, 1.15019360778e-18, 1.60471746366e-18, 1.29708134243e-18, 1.60647729041e-18, 1.04811197217e-18, 8.78159857102e-19, 8.10055233837e-19, 5.63136340919e-19, 1.22380192895e-18, 1.17715814478e-18, 6.76215446172e-19], "median": [0.000221925700316, 0.00109430553857, 0.00124122225679, 0.000621959392447, 0.000345872307662, 0.00028511392884, 0.0002107280161, 0.000213448613067, 0.000109484986751, 9.52560658334e-05, 9.35300340643e-05, 8.20890272735e-05, 5.62203858863e-05, 3.55720258085e-05, 4.66881574539e-05, 3.17622034345e-05, 3.08890303131e-05, 2.88199280476e-05, 3.12625561492e-05, 2.81600059679e-05, 1.17084682643e-05, 1.32809991555e-05, 1.27885796246e-05, 1.02704088931e-05, 7.23494940758e-06, 6.02042246101e-06, 5.07919821757e-06, 4.76541754324e-06, 4.04723414249e-06, 2.76516448139e-06, 2.77232834378e-06, 1.96284713638e-06, 1.61168827617e-06, 2.25728945225e-06, 3.0320939004e-06, 1.67653900007e-06, 5.78022138598e-07, 3.48181089294e-07, 2.79094393818e-07, 2.9916068911e-07], "max": [0.0104952966794, 0.0151369646192, 0.0215069018304, 0.0116899413988, 0.00754650076851, 0.00791138131171, 0.00852792337537, 0.00781398732215, 0.0102980602533, 0.00344261410646, 0.00205447990447, 0.00303228199482, 0.0044297487475, 0.00206042570062, 0.00114181602839, 0.000997211085632, 0.00111362873577, 0.000923863670323, 0.000999044626951, 0.000587591552176, 0.000819673412479, 0.000312417425448, 0.000333467352903, 0.000203081959626, 0.000176935194759, 0.000139752024552, 7.42774427636e-05, 9.23991392483e-05, 5.95804667682e-05, 9.06739878701e-05, 7.75634907768e-05, 0.000124655372929, 0.000164066557772, 0.0001751070522, 0.000127686085762, 0.000101792393252, 5.41350527783e-05, 4.24852260039e-05, 2.90222196782e-05, 2.12098748307e-05]}, "barkbands_crest": {"dmean": 1.88362061977, "dvar2": 8.18270683289, "mean": 8.13661766052, "var": 8.99531841278, "dmean2": 3.07487940788, "dvar": 3.12702465057, "min": 2.50429677963, "median": 7.58777475357, "max": 23.7283153534}, "mfcc": {"icov": [[0.00022905645892, 0.00019870804681, 0.000124221784063, -3.08252056129e-05, -6.98150834069e-05, 2.04843272513e-05, -0.000100516030216, -0.000322001316817, 3.90399436583e-05, -0.000412807479734, 0.000151222600834, 0.000421181437559, -0.000114515802125], [0.00019870804681, 0.00238954625092, 0.000729364110157, -0.000639167032205, -0.000500880763866, -6.44155516056e-05, -0.00100131775253, -0.000914538861252, 0.000903882202692, -0.00171655893791, 0.000704596692231, -0.00114878010936, -0.000836043211166], [0.000124221784063, 0.000729364110157, 0.00284765008837, -0.000551055942196, -0.000259355700109, -0.00177968945354, 0.000399766227929, 0.000157090005814, -0.000330184557242, 0.000884446082637, -0.00128397659864, 0.000413698871853, -0.000349187786924], [-3.08252056129e-05, -0.000639167032205, -0.000551055942196, 0.00538122467697, -0.00167770055123, 0.0010208125459, -0.00115867622662, 0.00108562840614, -0.000491255661473, -0.000433727051131, 0.00134590244852, -0.00173520145472, 4.47288221039e-05], [-6.98150834069e-05, -0.000500880763866, -0.000259355700109, -0.00167770055123, 0.00829598680139, -0.00289201131091, 0.000961856276263, 0.000929118134081, -0.0031187008135, 0.00164061714895, -0.000401763769332, 0.000526827294379, -0.00072958227247], [2.04843272513e-05, -6.44155516056e-05, -0.00177968945354, 0.0010208125459, -0.00289201131091, 0.00993775390089, -0.00180248531979, -0.00491842348129, 0.000146960941493, -0.000486597011331, -0.00025720873964, -0.00154683401342, -0.000123121426441], [-0.000100516030216, -0.00100131775253, 0.000399766227929, -0.00115867622662, 0.000961856276263, -0.00180248531979, 0.00923758838326, -0.00150165811647, 0.000854825251736, -0.000808573269751, -0.00161970104091, -0.000894085271284, 0.00199059466831], [-0.000322001316817, -0.000914538861252, 0.000157090005814, 0.00108562840614, 0.000929118134081, -0.00491842348129, -0.00150165811647, 0.0156256705523, -0.00668804813176, 0.00198203907348, -0.000624245556537, 0.000236179723288, -0.000552370795049], [3.90399436583e-05, 0.000903882202692, -0.000330184557242, -0.000491255661473, -0.0031187008135, 0.000146960941493, 0.000854825251736, -0.00668804813176, 0.0210217852145, -0.00894663203508, 0.00438086129725, -0.00275852484629, 0.00034821339068], [-0.000412807479734, -0.00171655893791, 0.000884446082637, -0.000433727051131, 0.00164061714895, -0.000486597011331, -0.000808573269751, 0.00198203907348, -0.00894663203508, 0.0211994722486, -0.0112900752574, 0.00661429390311, -0.00118278397713], [0.000151222600834, 0.000704596692231, -0.00128397659864, 0.00134590244852, -0.000401763769332, -0.00025720873964, -0.00161970104091, -0.000624245556537, 0.00438086129725, -0.0112900752574, 0.0265126228333, -0.0138961905614, 0.00497375568375], [0.000421181437559, -0.00114878010936, 0.000413698871853, -0.00173520145472, 0.000526827294379, -0.00154683401342, -0.000894085271284, 0.000236179723288, -0.00275852484629, 0.00661429390311, -0.0138961905614, 0.0300690885633, -0.00975602865219], [-0.000114515802125, -0.000836043211166, -0.000349187786924, 4.47288221039e-05, -0.00072958227247, -0.000123121426441, 0.00199059466831, -0.000552370795049, 0.00034821339068, -0.00118278397713, 0.00497375568375, -0.00975602865219, 0.0204715188593]], "mean": [-615.077148438, 118.495780945, -0.218755468726, 15.8689374924, -1.52409338951, 8.00484848022, -9.43401527405, 3.00184774399, -6.38319444656, 0.840431988239, -5.87351989746, -3.7939927578, -2.72811412811], "cov": [[5465.26464844, -365.606872559, -206.877120972, -68.9227523804, -3.74217391014, -1.62549054623, 26.9535007477, 118.438728333, 82.014793396, 123.823623657, -55.676700592, -150.070632935, -39.5376091003], [-365.606872559, 647.096862793, -128.633651733, 97.3705825806, 43.4043617249, 35.4492721558, 97.7672958374, 43.2405586243, 13.2579450607, 53.0630073547, 22.9388904572, 53.3678092957, 38.0955047607], [-206.877120972, -128.633651733, 494.498962402, 22.8169250488, 61.9292106628, 115.19960022, -14.4688882828, 24.5112705231, 17.7747459412, -24.6255130768, 23.161895752, 16.9552612305, 7.67035150528], [-68.9227523804, 97.3705825806, 22.8169250488, 232.298614502, 53.8383178711, 2.05797076225, 30.2339248657, -7.49203538895, 11.667517662, 6.70440340042, -0.665303885937, 21.3312320709, 12.7780179977], [-3.74217391014, 43.4043617249, 61.9292106628, 53.8383178711, 170.721237183, 70.8856811523, 4.27083063126, 25.7869911194, 34.4977073669, 0.392986178398, 1.95325410366, 13.3262653351, 14.7937269211], [-1.62549054623, 35.4492721558, 115.19960022, 2.05797076225, 70.8856811523, 191.07661438, 42.4272766113, 75.1464538574, 34.7771720886, 10.6539621353, 20.6898555756, 23.1492500305, 11.0060653687], [26.9535007477, 97.7672958374, -14.4688882828, 30.2339248657, 4.27083063126, 42.4272766113, 144.763290405, 32.3964042664, 8.26968002319, 23.2918224335, 23.0511474609, 15.8658494949, -5.79851913452], [118.438728333, 43.2405586243, 24.5112705231, -7.49203538895, 25.7869911194, 75.1464538574, 32.3964042664, 110.526741028, 40.7734718323, 14.4612464905, 8.54405498505, 9.383228302, 6.60387659073], [82.014793396, 13.2579450607, 17.7747459412, 11.667517662, 34.4977073669, 34.7771720886, 8.26968002319, 40.7734718323, 77.5646286011, 30.1309375763, 3.20725440979, 4.41005992889, 4.75656890869], [123.823623657, 53.0630073547, -24.6255130768, 6.70440340042, 0.392986178398, 10.6539621353, 23.2918224335, 14.4612464905, 30.1309375763, 82.839553833, 28.4822254181, -0.959539115429, -2.47513961792], [-55.676700592, 22.9388904572, 23.161895752, -0.665303885937, 1.95325410366, 20.6898555756, 23.0511474609, 8.54405498505, 3.20725440979, 28.4822254181, 66.6160583496, 26.9343891144, -2.55290126801], [-150.070632935, 53.3678092957, 16.9552612305, 21.3312320709, 13.3262653351, 23.1492500305, 15.8658494949, 9.383228302, 4.41005992889, -0.959539115429, 26.9343891144, 60.2604904175, 22.9508857727], [-39.5376091003, 38.0955047607, 7.67035150528, 12.7780179977, 14.7937269211, 11.0060653687, -5.79851913452, 6.60387659073, 4.75656890869, -2.47513961792, -2.55290126801, 22.9508857727, 62.9552879333]]}, "spectral_decrease": {"dmean": 2.51425036346e-09, "dvar2": 3.15948583282e-17, "mean": -7.46104245053e-09, "var": 2.12206535618e-17, "dmean2": 4.09565092951e-09, "dvar": 1.22796004181e-17, "min": -3.27033440328e-08, "median": -6.79970879602e-09, "max": -2.34877055197e-23}, "zerocrossingrate": {"dmean": 0.0104549108073, "dvar2": 0.00018126211944, "mean": 0.066150419414, "var": 0.000953702954575, "dmean2": 0.0121390689164, "dvar": 0.000161213582032, "min": 0.0126953125, "median": 0.060546875, "max": 0.50341796875}, "spectral_contrast_coeffs": {"dmean": [0.052258271724, 0.0455325469375, 0.038452424109, 0.0319653525949, 0.0219488069415, 0.0178161393851], "dvar2": [0.00559067074209, 0.00349091854878, 0.00242324080318, 0.00164386280812, 0.000827069219667, 0.000723601609934], "mean": [-0.576375007629, -0.708637297153, -0.734642803669, -0.754570484161, -0.784940719604, -0.752748548985], "var": [0.00689374003559, 0.00503237592056, 0.00509277312085, 0.00318749435246, 0.00169003242627, 0.0010879986221], "dmean2": [0.0880069211125, 0.0742297172546, 0.0618107765913, 0.0516533739865, 0.0355534702539, 0.0288308355957], "dvar": [0.00205742521212, 0.0013906393433, 0.00103004148696, 0.00067817751551, 0.000339372840244, 0.000280086271232], "min": [-0.92445898056, -0.974900960922, -0.965089023113, -0.954963088036, -0.946802258492, -0.927197039127], "median": [-0.583801805973, -0.711397230625, -0.741756558418, -0.758426606655, -0.788402557373, -0.75349342823], "max": [-0.267188310623, -0.451975136995, -0.47744217515, -0.515058159828, -0.622158288956, -0.593495428562]}, "spectral_skewness": {"dmean": 0.17557220161, "dvar2": 0.068429633975, "mean": 1.54895174503, "var": 0.173123821616, "dmean2": 0.270019412041, "dvar": 0.0280400589108, "min": 0.111697010696, "median": 1.53102183342, "max": 5.07416057587}, "spectral_energyband_middle_high": {"dmean": 0.00176039373036, "dvar2": 1.09499651444e-05, "mean": 0.00679389247671, "var": 3.62957580364e-05, "dmean2": 0.00256658438593, "dvar": 5.36423794983e-06, "min": 2.96069064117e-16, "median": 0.00492960913107, "max": 0.0433899201453}, "gfcc": {"icov": [[0.000299728941172, 0.000178439586307, 0.000205697200727, -0.000359146419214, 0.000181466341019, -0.00039924995508, 0.000538661435712, -0.000950792513322, 0.000748186022975, -0.000477231224068, 0.000431560794823, 6.51534401186e-06, 0.000296491140034], [0.000178439586307, 0.00251893256791, 2.01265102078e-05, -0.000344646308804, -0.00157554412726, 0.000366137654055, -0.001543206512, 0.000233413418755, -0.00144209491555, 0.00199191668071, -0.00284153036773, 0.00206057494506, -0.000910421716981], [0.000205697200727, 2.01265102078e-05, 0.00249641761184, -0.000893109943718, -0.000242392517976, -0.00101281073876, 0.000925063795876, -0.000169273727806, 0.00139855791349, -0.0023202127777, 0.00201245257631, -0.00167593476363, 0.00203650887124], [-0.000359146419214, -0.000344646308804, -0.000893109943718, 0.004541950766, -0.000423745455919, -0.000554923375603, -0.000465896184323, 0.0012171290582, -0.00210276851431, 0.00207799533382, -0.00165390362963, 0.00178985111415, -0.0021007724572], [0.000181466341019, -0.00157554412726, -0.000242392517976, -0.000423745455919, 0.00658412231132, -0.00109935575165, 3.14425160468e-05, -0.00118489330634, 0.000436777219875, -0.0016748624621, 0.00168386125006, -0.00104119745083, -0.000592309399508], [-0.00039924995508, 0.000366137654055, -0.00101281073876, -0.000554923375603, -0.00109935575165, 0.00744781456888, -0.00426005106419, -0.000272427423624, -0.00130169047043, 0.00102457008325, 0.00284515903331, -0.00291879079305, 0.00360483746044], [0.000538661435712, -0.001543206512, 0.000925063795876, -0.000465896184323, 3.14425160468e-05, -0.00426005106419, 0.0139683671296, -0.00504322815686, 0.00376861123368, -0.00279506179504, -0.00271477084607, 0.00147997448221, 0.000312578369631], [-0.000950792513322, 0.000233413418755, -0.000169273727806, 0.0012171290582, -0.00118489330634, -0.000272427423624, -0.00504322815686, 0.0191342234612, -0.00705352285877, 0.00221756915562, -0.00122734962497, 0.00325021427125, -0.000645681109745], [0.000748186022975, -0.00144209491555, 0.00139855791349, -0.00210276851431, 0.000436777219875, -0.00130169047043, 0.00376861123368, -0.00705352285877, 0.019673096016, -0.0107007576153, 0.00611840793863, -0.00459426594898, 0.000936377386097], [-0.000477231224068, 0.00199191668071, -0.0023202127777, 0.00207799533382, -0.0016748624621, 0.00102457008325, -0.00279506179504, 0.00221756915562, -0.0107007576153, 0.0275507941842, -0.0128654241562, 0.00316652469337, 8.50669675856e-05], [0.000431560794823, -0.00284153036773, 0.00201245257631, -0.00165390362963, 0.00168386125006, 0.00284515903331, -0.00271477084607, -0.00122734962497, 0.00611840793863, -0.0128654241562, 0.0254610944539, -0.00859563332051, 0.000854001787957], [6.51534401186e-06, 0.00206057494506, -0.00167593476363, 0.00178985111415, -0.00104119745083, -0.00291879079305, 0.00147997448221, 0.00325021427125, -0.00459426594898, 0.00316652469337, -0.00859563332051, 0.0214491952211, -0.00899184122682], [0.000296491140034, -0.000910421716981, 0.00203650887124, -0.0021007724572, -0.000592309399508, 0.00360483746044, 0.000312578369631, -0.000645681109745, 0.000936377386097, 8.50669675856e-05, 0.000854001787957, -0.00899184122682, 0.0245604682714]], "mean": [29.7075519562, 81.8182449341, -113.573951721, 22.1954727173, -59.9345817566, 10.0026960373, -42.2071533203, 1.93139219284, -26.4731349945, 0.854422450066, -24.7762851715, 1.53066456318, -18.6752471924], "cov": [[7282.43945312, -1332.90649414, 189.486740112, 234.35546875, -318.710418701, 529.076721191, -211.329025269, 242.520996094, -130.298217773, -58.7740440369, -344.423248291, -97.282585144, -227.732467651], [-1332.90649414, 995.505371094, -174.479309082, 78.092124939, 218.299865723, -111.012702942, 161.318786621, 4.82775783539, 51.7206115723, 10.0621471405, 147.424331665, -31.6117210388, 75.0657196045], [189.486740112, -174.479309082, 643.22076416, 72.0910339355, 30.3850517273, 166.5756073, -28.3209095001, -4.88105392456, -0.522762954235, 22.0283336639, -69.5626678467, 28.6389770508, -66.5601806641], [234.35546875, 78.092124939, 72.0910339355, 287.67010498, 40.1013221741, 53.9717102051, 19.3027896881, 11.2936983109, 18.4441947937, -7.65027046204, -0.99586391449, -12.218328476, 6.67514705658], [-318.710418701, 218.299865723, 30.3850517273, 40.1013221741, 222.769515991, 31.2894611359, 48.9393310547, 14.9015569687, 24.4224662781, 12.1766338348, 18.9254703522, 4.18278026581, 13.298910141], [529.076721191, -111.012702942, 166.5756073, 53.9717102051, 31.2894611359, 279.633209229, 43.9404983521, 40.6133460999, 9.36032676697, -4.24841737747, -58.4670143127, 5.1711974144, -55.8934822083], [-211.329025269, 161.318786621, -28.3209095001, 19.3027896881, 48.9393310547, 43.9404983521, 132.886260986, 28.9654788971, 3.96120142937, 11.8925065994, 33.6162719727, -11.5910987854, 0.726830661297], [242.520996094, 4.82775783539, -4.88105392456, 11.2936983109, 14.9015569687, 40.6133460999, 28.9654788971, 81.2565155029, 20.7482223511, 4.27825880051, -8.12632656097, -13.90528965, -10.8262176514], [-130.298217773, 51.7206115723, -0.522762954235, 18.4441947937, 24.4224662781, 9.36032676697, 3.96120142937, 20.7482223511, 83.0683670044, 25.4633312225, 4.24449443817, 10.4688014984, 5.25123643875], [-58.7740440369, 10.0621471405, 22.0283336639, -7.65027046204, 12.1766338348, -4.24841737747, 11.8925065994, 4.27825880051, 25.4633312225, 60.9739341736, 28.3598842621, 7.85041856766, 0.185941874981], [-344.423248291, 147.424331665, -69.5626678467, -0.99586391449, 18.9254703522, -58.4670143127, 33.6162719727, -8.12632656097, 4.24449443817, 28.3598842621, 93.9917221069, 18.0860862732, 26.7950897217], [-97.282585144, -31.6117210388, 28.6389770508, -12.218328476, 4.18278026581, 5.1711974144, -11.5910987854, -13.90528965, 10.4688014984, 7.85041856766, 18.0860862732, 74.2429046631, 21.8325328827], [-227.732467651, 75.0657196045, -66.5601806641, 6.67514705658, 13.298910141, -55.8934822083, 0.726830661297, -10.8262176514, 5.25123643875, 0.185941874981, 26.7950897217, 21.8325328827, 67.4287109375]]}, "erbbands_spread": {"dmean": 7.01032352448, "dvar2": 116.761192322, "mean": 42.4983406067, "var": 247.970474243, "dmean2": 10.8816766739, "dvar": 51.4380531311, "min": 8.2010269165, "median": 41.3667602539, "max": 134.446029663}, "erbbands_kurtosis": {"dmean": 0.490065783262, "dvar2": 0.769325733185, "mean": -0.0600000098348, "var": 1.16942489147, "dmean2": 0.775604903698, "dvar": 0.322322398424, "min": -1.68193173409, "median": -0.316882610321, "max": 9.75814819336}, "dynamic_complexity": 2.68508052826, "erbbands_crest": {"dmean": 1.92903196812, "dvar2": 8.22737598419, "mean": 7.509370327, "var": 9.66522026062, "dmean2": 3.08526110649, "dvar": 3.38366913795, "min": 2.39346122742, "median": 6.8508067131, "max": 25.3164482117}, "erbbands": {"dmean": [0.0393136963248, 0.378263473511, 1.42029356956, 6.46106147766, 12.8003797531, 7.56715106964, 9.11462879181, 12.289686203, 14.0961551666, 19.0401821136, 18.2554111481, 14.6285076141, 14.3425912857, 15.8168611526, 19.4047698975, 13.6571207047, 13.8623762131, 14.8157444, 17.0672359467, 25.8525848389, 12.4684352875, 10.7143802643, 8.80533123016, 6.23349475861, 4.60847663879, 4.81620311737, 3.87982988358, 3.94976449013, 3.31566905975, 3.85382938385, 4.41526651382, 1.39657485485, 0.662393450737, 0.46776920557, 0.440440952778, 0.346731722355, 0.0945492833853, 0.0138913094997, 0.00149541348219, 5.01109170727e-05], "dvar2": [0.0286962389946, 2.1786005497, 18.7625827789, 295.207855225, 1550.05322266, 350.493408203, 550.321105957, 1087.53137207, 1710.49621582, 3439.54199219, 4176.03271484, 1718.75720215, 1162.97888184, 1993.9699707, 4860.43994141, 1260.68273926, 988.894348145, 1342.41748047, 1859.65625, 4682.49755859, 1303.72192383, 698.952819824, 436.139587402, 185.4896698, 92.4682922363, 103.298095703, 110.129951477, 110.476577759, 128.700866699, 139.408004761, 168.23260498, 20.6913394928, 4.55287313461, 1.6121417284, 1.12333381176, 0.750675439835, 0.0645322650671, 0.00168801378459, 2.30117584579e-05, 2.34954384837e-08], "mean": [0.0455493591726, 0.598195374012, 3.39807724953, 9.04242324829, 15.7421178818, 15.1779575348, 20.0204048157, 21.7190723419, 25.6930828094, 39.7047691345, 35.6877288818, 29.8248386383, 33.4016189575, 39.3274688721, 44.8945617676, 29.1631736755, 29.326789856, 30.8789730072, 34.7860794067, 51.97082901, 26.7933559418, 22.3583927155, 20.7592601776, 15.5462903976, 11.5906324387, 11.5646533966, 8.29873466492, 7.66339015961, 6.13532066345, 6.80751609802, 8.31137180328, 2.85993456841, 1.28206753731, 0.880971133709, 0.74616765976, 0.548235535622, 0.131722271442, 0.0189410541207, 0.00204747216776, 9.30541864363e-05], "var": [0.0120385205373, 0.716767191887, 11.4743232727, 97.6267166138, 484.598510742, 397.809631348, 922.945373535, 876.547912598, 1284.02587891, 3464.48193359, 4309.60888672, 1914.55529785, 1719.08508301, 3874.84936523, 9210.43652344, 1676.1307373, 1154.90380859, 1856.46765137, 2006.99414062, 5151.77539062, 1653.89440918, 661.821960449, 563.605407715, 289.842315674, 159.861480713, 153.891342163, 66.8264465332, 77.5825805664, 118.713043213, 143.754364014, 156.952423096, 27.3966522217, 6.96206235886, 2.10922074318, 1.43791699409, 0.715025126934, 0.057231079787, 0.00167645630427, 2.36433006648e-05, 2.02028918039e-08], "dmean2": [0.0640492364764, 0.659454166889, 2.41908860207, 11.4591398239, 22.8195590973, 12.4997749329, 14.388879776, 19.5972156525, 22.8824157715, 28.9883594513, 27.367023468, 22.8770427704, 21.822013855, 24.2411327362, 29.3126335144, 21.1753368378, 21.6671638489, 23.2680454254, 26.4652881622, 40.3764419556, 19.2242717743, 17.2164363861, 13.8549175262, 9.80753898621, 7.11147069931, 7.5472536087, 6.3655629158, 6.36229419708, 5.17821788788, 5.79381847382, 6.70813989639, 2.01807594299, 0.932579755783, 0.638107955456, 0.596442878246, 0.483333408833, 0.131207227707, 0.0190506707877, 0.00201989966445, 6.79084114381e-05], "dvar": [0.0117210475728, 0.79297542572, 6.66574287415, 99.707862854, 553.893920898, 134.412231445, 236.869308472, 459.827423096, 674.414367676, 1546.17382812, 1895.90625, 739.348266602, 506.96875, 869.815307617, 2104.99169922, 535.222595215, 422.023986816, 588.084655762, 793.455078125, 1933.35595703, 577.740234375, 284.348419189, 188.109970093, 75.5594711304, 40.7981529236, 45.4945755005, 40.3109893799, 42.7933273315, 58.6066932678, 63.7075576782, 73.1098403931, 9.92762851715, 2.36772084236, 0.804624199867, 0.579119503498, 0.368345111609, 0.031717762351, 0.000846961745992, 1.13954647532e-05, 1.07372271074e-08], "min": [1.7255935196e-16, 8.87358544747e-16, 2.54069946573e-15, 4.30419453334e-15, 4.10079015897e-15, 1.64093829399e-15, 1.30329063242e-14, 9.32153049952e-14, 3.23628683531e-13, 6.82373808066e-13, 8.62066602998e-13, 5.19026119826e-13, 1.25637388405e-13, 6.95678540816e-13, 1.61973310198e-12, 1.48419742208e-12, 1.1975355603e-12, 1.69559451115e-12, 1.02515055906e-12, 4.10147257953e-13, 4.12255841443e-13, 2.49449484506e-12, 2.18911737696e-12, 2.1062077863e-12, 1.98033451616e-12, 6.10907938819e-12, 2.81529942588e-12, 2.64393867043e-12, 2.71327188148e-12, 2.24685027528e-12, 1.60246826659e-12, 9.8374368547e-13, 1.77447195392e-12, 8.83809464416e-13, 6.91409928442e-13, 1.24311064914e-12, 5.00302327778e-13, 1.89379382402e-13, 4.64697284288e-14, 5.06679311883e-15], "median": [0.0125973271206, 0.378403037786, 2.50327825546, 6.05237531662, 8.4344959259, 6.98594522476, 9.28182792664, 12.5067825317, 13.2099676132, 19.3009986877, 14.8300609589, 15.7791976929, 18.8555583954, 20.0816364288, 16.7606124878, 15.6875085831, 18.3123035431, 17.0355815887, 19.2110691071, 25.9878425598, 13.687541008, 14.693110466, 13.5818805695, 10.2816944122, 8.09911346436, 7.95818281174, 6.32550954819, 4.95202112198, 3.50437140465, 3.84862565994, 4.83044862747, 1.4579308033, 0.50601297617, 0.356767088175, 0.318294495344, 0.224737331271, 0.0338038019836, 0.00385905615985, 0.000466403405881, 4.79760856251e-05], "max": [1.09145343304, 9.18864536285, 32.3230438232, 116.721672058, 248.915634155, 155.928756714, 283.77444458, 383.385009766, 573.996398926, 844.749938965, 1154.82214355, 562.254516602, 398.793579102, 798.362609863, 1660.52185059, 566.308532715, 380.367950439, 563.239624023, 462.494689941, 659.291687012, 680.332946777, 270.655090332, 338.878845215, 181.013839722, 131.650115967, 126.117599487, 116.475639343, 98.6623077393, 220.038650513, 272.900115967, 190.801071167, 89.5258102417, 49.5502586365, 28.5084724426, 18.9232959747, 12.6668672562, 3.39779758453, 0.796734988689, 0.130736008286, 0.00342281768098]}, "silence_rate_30dB": {"dmean": 0, "dvar2": 0, "mean": 1, "var": 0, "dmean2": 0, "dvar": 0, "min": 1, "median": 1, "max": 1}, "silence_rate_60dB": {"dmean": 0.00546448072419, "dvar2": 0.0135471113026, "mean": 0.0387907475233, "var": 0.0372852496803, "dmean2": 0.010748770088, "dvar": 0.00543523021042, "min": 0, "median": 0, "max": 1}, "spectral_energyband_middle_low": {"dmean": 0.00724660465494, "dvar2": 0.00027576085995, "mean": 0.016980368644, "var": 0.000162606957019, "dmean2": 0.0120792984962, "dvar": 0.000103724152723, "min": 1.02310833298e-16, "median": 0.0142987892032, "max": 0.0905315428972}, "spectral_spread": {"dmean": 608064.625, "dvar2": 676827824128, "mean": 5103991, "var": 1982583799810.0, "dmean2": 814779.875, "dvar": 375542972416, "min": 1812503, "median": 5033272, "max": 14684724}, "barkbands": {"dmean": [0.000173745414941, 0.00153150572442, 0.00145559629891, 0.00338615174405, 0.00281987851486, 0.00135474279523, 0.00111000204924, 0.000876777048688, 0.000708516221493, 0.000502821989357, 0.000510304351337, 0.000429955980508, 0.000316879537422, 0.000371836125851, 0.000432209839346, 0.000258401210885, 0.000185929864529, 0.000163014832651, 0.000105497972982, 9.28874214878e-05, 9.59121243795e-05, 9.13233379833e-05, 0.000147573868162, 4.67941317766e-05, 4.93449988426e-05, 6.19992497377e-05, 7.6446813182e-06], "dvar2": [3.58346795792e-07, 3.73287839466e-05, 1.8512006136e-05, 8.1448466517e-05, 5.46107294213e-05, 1.18227817438e-05, 9.30342503125e-06, 8.12670714367e-06, 3.60854528481e-06, 1.67537655216e-06, 3.28018586515e-06, 1.36447022214e-06, 5.11416033078e-07, 8.27490623578e-07, 1.17277897971e-06, 4.36400540593e-07, 1.94185190594e-07, 1.33634486588e-07, 5.19103160457e-08, 3.68243284754e-08, 6.52789680089e-08, 9.97287656901e-08, 1.72629398776e-07, 2.29335768154e-08, 1.37841622561e-08, 2.46615652344e-08, 6.30577146055e-10], "mean": [0.000170012935996, 0.00224063964561, 0.00325805996545,