{"tonal": {"chords_number_rate": 0.00295381317846, "thpcp": [1, 0.751851558685, 0.425664186478, 0.339128881693, 0.166768938303, 0.0925374999642, 0.124402940273, 0.249187588692, 0.516614377499, 0.614478468895, 0.485121876001, 0.39213809371, 0.27310565114, 0.207575902343, 0.217880740762, 0.168147757649, 0.107997991145, 0.101184412837, 0.0903358161449, 0.0887457430363, 0.162815004587, 0.234225511551, 0.305886685848, 0.658216297626, 0.771937310696, 0.391020923853, 0.169043570757, 0.158796340227, 0.176938101649, 0.216719478369, 0.233522847295, 0.18582059443, 0.140252918005, 0.140350371599, 0.219291478395, 0.597451925278], "hpcp": {"dvar": [0.0222639217973, 0.0222231056541, 0.0195380933583, 0.0181613508612, 0.0264739617705, 0.037199575454, 0.0542139448225, 0.0411543063819, 0.0330859199166, 0.0236741695553, 0.0157848056406, 0.0130213433877, 0.0154757387936, 0.0207874625921, 0.0331678315997, 0.0359938554466, 0.0347951203585, 0.0372054390609, 0.0276375599205, 0.0220657084137, 0.0199136231095, 0.0137778082862, 0.0126116760075, 0.0136978952214, 0.0133607834578, 0.00973970070481, 0.0130275636911, 0.0173907000571, 0.0231452919543, 0.038625959307, 0.0397398658097, 0.0297290254384, 0.0252513177693, 0.0219373609871, 0.0219747275114, 0.0207492206246], "mean": [0.093450166285, 0.074360884726, 0.0561258085072, 0.056164804846, 0.0877551212907, 0.239085733891, 0.400175690651, 0.300872713327, 0.170340463519, 0.13571113348, 0.0667368769646, 0.0370312593877, 0.0497830323875, 0.0997188165784, 0.206736519933, 0.24589933455, 0.194133982062, 0.156924128532, 0.109290242195, 0.0830668285489, 0.0871905758977, 0.0672886446118, 0.0432181693614, 0.0404915437102, 0.0361501984298, 0.0355138890445, 0.0651546046138, 0.0937313586473, 0.122408419847, 0.263402163982, 0.308910548687, 0.156477063894, 0.0676471292973, 0.0635464340448, 0.070806324482, 0.0867258682847], "min": [0, 0, 0, 0, 0, 0, 0, 0, 0, 0, 0, 0, 0, 0, 0, 0, 0, 0, 0, 0, 0, 0, 0, 0, 0, 0, 0, 0, 0, 0, 0, 0, 0, 0, 0, 0], "median": [0.013455811888, 0.00797607004642, 0.0043754838407, 0.00566465314478, 0.0151396207511, 0.12955185771, 0.241344004869, 0.183242335916, 0.0358243323863, 0.00724251475185, 0.00517238117754, 0.00330326799303, 0.00360807031393, 0.0161025244743, 0.0771082788706, 0.102562330663, 0.0622137114406, 0.0219561718404, 0.0125853195786, 0.0120727829635, 0.00967446528375, 0.00903617404401, 0.00678693689406, 0.00516261346638, 0.00366527750157, 0.00436716387048, 0.0113698337227, 0.0204445235431, 0.0462452061474, 0.124423488975, 0.135863184929, 0.0565078407526, 0.00851808767766, 0.00627270387486, 0.00762641523033, 0.0124820172787], "dvar2": [0.0585381127894, 0.0592444241047, 0.0506546460092, 0.0467894263566, 0.0699596405029, 0.100315451622, 0.12505838275, 0.101464278996, 0.0880810469389, 0.060799062252, 0.0411747843027, 0.0330483168364, 0.0405535399914, 0.0510057546198, 0.085057169199, 0.092058211565, 0.0924433022738, 0.0993028208613, 0.0696185007691, 0.0575432144105, 0.0499617494643, 0.0344491899014, 0.0319039188325, 0.0344929844141, 0.0348272658885, 0.0258511416614, 0.0346245728433, 0.0450967140496, 0.0610714443028, 0.0957298651338, 0.0926726013422, 0.079954572022, 0.0674940943718, 0.0548893995583, 0.0552826486528, 0.0517559945583], "var": [0.0450696386397, 0.0325820036232, 0.0216082092375, 0.0202410966158, 0.0315023139119, 0.0723606422544, 0.151339069009, 0.0954313203692, 0.0699898600578, 0.0666311904788, 0.0226630195975, 0.0129563501105, 0.0198314487934, 0.0421137548983, 0.0782488659024, 0.0926367864013, 0.0763390287757, 0.0767574459314, 0.0490997731686, 0.0315774455667, 0.0389105267823, 0.0235647633672, 0.0147019028664, 0.0159677639604, 0.0145142236724, 0.0117686102167, 0.0233884397894, 0.0378251038492, 0.0372004024684, 0.0936646685004, 0.126336976886, 0.048329051584, 0.0235798172653, 0.0240318346769, 0.0284659210593, 0.0363000370562], "dmean2": [0.118089571595, 0.111620299518, 0.103744402528, 0.104323290288, 0.155054211617, 0.25708258152, 0.306172639132, 0.297112733126, 0.20302900672, 0.133657619357, 0.0954477861524, 0.072038628161, 0.084475018084, 0.122369222343, 0.214726731181, 0.234743371606, 0.207735538483, 0.1966278404, 0.151137277484, 0.122758969665, 0.110530897975, 0.0883718430996, 0.0730967894197, 0.0707839056849, 0.0669071674347, 0.0597216524184, 0.0869762375951, 0.114326767623, 0.170085921884, 0.249304741621, 0.234468400478, 0.196081548929, 0.140520721674, 0.120075598359, 0.118507176638, 0.11728746444], "max": [1, 1, 1, 1, 1, 1, 1, 1, 1, 1, 1, 1, 1, 1, 1, 1, 1, 1, 1, 1, 1, 1, 1, 1, 1, 1, 1, 1, 1, 1, 1, 1, 1, 1, 1, 1], "dmean": [0.0691550448537, 0.0659118071198, 0.0588206835091, 0.0597006343305, 0.0886309221387, 0.153360709548, 0.183933272958, 0.177785009146, 0.117890268564, 0.0798856988549, 0.0555422529578, 0.042022831738, 0.04903357476, 0.0729259029031, 0.128749325871, 0.140768304467, 0.123282492161, 0.112333536148, 0.0884727314115, 0.0718268528581, 0.0659028738737, 0.0526258163154, 0.0426434613764, 0.0415549241006, 0.0385706610978, 0.0348357409239, 0.0503959804773, 0.0671485289931, 0.0999395996332, 0.149706855416, 0.140826538205, 0.11462841928, 0.0788902118802, 0.0693790465593, 0.069062449038, 0.0703752413392]}, "key_strength": 0.73644310236, "chords_strength": {"dvar": 6.06938738201e-05, "mean": 0.614109218121, "min": 0.292242288589, "median": 0.626171112061, "dvar2": 5.49326650798e-05, "var": 0.0126020163298, "dmean2": 0.00823146663606, "max": 0.850109636784, "dmean": 0.00903593562543}, "tuning_equal_tempered_deviation": 0.104717828333, "chords_key": "G", "tuning_frequency": 439.238189697, "chords_scale": "major", "chords_changes_rate": 0.0459183678031, "key_scale": "minor", "tuning_diatonic_strength": 0.655623972416, "hpcp_entropy": {"dvar": 0.212902605534, "mean": 1.86250591278, "min": 0, "median": 1.90303564072, "dvar2": 0.592513263226, "var": 0.449859499931, "dmean2": 0.939497947693, "max": 4.25379037857, "dmean": 0.557696819305}, "chords_histogram": [14.4468317032, 1.42320084572, 0.510204076767, 0, 0, 0, 1.98711061478, 4.83351230621, 0.805585384369, 5.3437166214, 0.349086999893, 0, 0.349086999893, 0.698173999786, 2.49731469154, 0, 1.04726099968, 2.1213748455, 1.15467238426, 0.214822769165, 0.510204076767, 1.02040815353, 0.939849615097, 59.7475814819], "tuning_nontempered_energy_ratio": 0.785465836525, "key_key": "B"}, "metadata": {"version": {"extractor": "music 1.0", "essentia_build_sha": "70f2e5ece6736b2c40cc944ad0e695b16b925413", "essentia": "2.1-beta2", "essentia_git_sha": "v2.1_beta2"}, "audio_properties": {"sample_rate": 44100, "length": 172.852249146, "lossless": false, "analysis_sample_rate": 44100, "downmix": "mix", "bit_rate": 160000, "equal_loudness": 0, "md5_encoded": "532b5d681daf844f9c13fd0ddf4dc048", "codec": "mp3", "replay_gain": -14.2457580566}, "tags": {"tracknumber": ["8"], "albumartist": ["Dead Man's Bones"], "date": ["2009"], "musicbrainz_recordingid": ["e06c15cd-3b96-471d-87cd-71971e44fb47"], "file_name": "2146590.mp3", "title": ["Paper Ships"], "artist": ["Dead Man's Bones"], "album": ["Dead Man's Bones"], "discnumber": ["1"]}}, "lowlevel": {"melbands": {"dvar": [4.82587747541e-09, 2.13020399542e-07, 1.51565245687e-07, 6.13244708347e-07, 4.22024214686e-07, 3.62829894129e-07, 4.69946229487e-07, 3.10111403223e-07, 5.85383475027e-07, 9.84974590779e-09, 6.92505039979e-08, 2.97730835541e-08, 1.04605547335e-07, 1.46261687206e-08, 3.40096462104e-09, 1.48038348247e-09, 1.43525913376e-09, 1.84015108706e-10, 5.86096171595e-11, 2.590755388e-11, 6.60031196364e-11, 3.91964065372e-12, 1.12473528754e-11, 7.78680418756e-12, 9.11847854168e-12, 5.20174181506e-12, 1.02216824414e-12, 1.14956080679e-12, 5.57609243067e-13, 2.31486054283e-13, 1.20627344376e-13, 7.44423579312e-14, 6.44615925308e-14, 4.88670925556e-14, 9.76374742775e-14, 6.06073690041e-14, 4.57142428024e-14, 5.92172659649e-14, 4.79153731124e-14, 2.64363421291e-14], "mean": [8.82578751771e-05, 0.000537767540663, 0.000585880014114, 0.00118133064825, 0.000993416993879, 0.000561526045203, 0.000563192123082, 0.000486713077407, 0.000417287374148, 7.30506653781e-05, 8.70894509717e-05, 7.31499239919e-05, 8.16456813482e-05, 4.5454242354e-05, 3.1737232348e-05, 1.78288246389e-05, 1.92657371372e-05, 8.11007339507e-06, 4.31118360211e-06, 2.34770232055e-06, 2.11565316022e-06, 1.62887749866e-06, 1.98249267669e-06, 1.95518032342e-06, 1.30949047161e-06, 1.18986997677e-06, 7.24387916762e-07, 7.52514324631e-07, 4.1464397782e-07, 2.36031695522e-07, 1.98872839974e-07, 1.45073244084e-07, 1.50557184497e-07, 1.49104465663e-07, 1.38088296353e-07, 1.09786327585e-07, 9.33605974751e-08, 7.94379104718e-08, 5.72672611554e-08, 3.9714027622e-08], "min": [1.12083842326e-23, 7.07117954931e-25, 5.63824803042e-24, 2.81502489673e-24, 4.18691396434e-24, 5.14041408479e-24, 4.89596226191e-24, 6.56806575763e-24, 8.47999046272e-24, 6.35431324574e-24, 3.22636813272e-24, 7.70694227435e-24, 1.46262574219e-23, 6.08780526638e-24, 4.12490121415e-24, 7.00468094158e-24, 8.40330529413e-24, 9.36832278379e-24, 7.128445329e-24, 8.99584475245e-24, 9.85866531184e-24, 1.39740335364e-23, 7.48951643165e-24, 6.73422471339e-24, 5.91845260725e-24, 8.04661000292e-24, 4.88158093317e-24, 8.71414883408e-24, 5.71965768698e-24, 8.27079165041e-24, 1.08937620489e-23, 9.15532481735e-24, 9.48458825944e-24, 1.45222177126e-23, 9.86152256604e-24, 1.41294265129e-23, 1.03186090849e-23, 6.99760249268e-24, 9.10423108538e-24, 8.01657175737e-24], "median": [1.20439999591e-05, 0.000223430484766, 0.000317002239171, 0.000554313999601, 0.000549215008505, 0.000273419718724, 0.000188808218809, 0.000127375416923, 9.95581867755e-05, 1.96350956685e-05, 1.15974125947e-05, 9.78309708444e-06, 9.25042058952e-06, 6.08865457252e-06, 4.57729765913e-06, 2.50939592661e-06, 3.06172796627e-06, 1.81236418939e-06, 9.52288473854e-07, 5.50190861759e-07, 5.3803148603e-07, 5.82200300414e-07, 5.04834019921e-07, 3.90022762531e-07, 2.69695391353e-07, 2.00151774266e-07, 1.44724381812e-07, 9.38655659866e-08, 4.88170819324e-08, 4.47552395144e-08, 4.63898786052e-08, 3.89425593994e-08, 4.47354651101e-08, 4.97181638082e-08, 4.45696457518e-08, 2.99947231497e-08, 2.2750821671e-08, 1.68514233678e-08, 1.02971453586e-08, 6.12438189052e-09], "dvar2": [9.69955049612e-09, 5.26433325376e-07, 3.88835502463e-07, 1.45056458223e-06, 1.01549039755e-06, 9.05587967281e-07, 1.20691390748e-06, 8.38313212626e-07, 1.67135704032e-06, 2.61056065654e-08, 1.89596860878e-07, 8.35226146023e-08, 3.22288286725e-07, 4.06980262824e-08, 9.26627485853e-09, 3.94769550383e-09, 3.93529564491e-09, 5.0706894239e-10, 1.48657280929e-10, 7.10465020148e-11, 1.88777257715e-10, 9.47890464037e-12, 3.04954603236e-11, 1.79483511387e-11, 2.00807790535e-11, 1.21057799202e-11, 2.61094943409e-12, 2.70474745032e-12, 1.38931932365e-12, 5.51099747434e-13, 2.64746314064e-13, 1.65709812408e-13, 1.46106529111e-13, 9.16769711903e-14, 2.19223741265e-13, 1.37955754676e-13, 1.01058240552e-13, 1.32396684219e-13, 1.16590304034e-13, 6.56414890976e-14], "var": [1.02325849127e-07, 1.25517635752e-06, 6.33056288279e-07, 3.0555952435e-06, 1.65668961927e-06, 8.87666942617e-07, 9.80278855423e-07, 8.68651738983e-07, 1.04745913632e-06, 2.14951043631e-08, 1.08448077185e-07, 6.65575825565e-08, 1.67138111351e-07, 2.75826899099e-08, 7.03111124878e-09, 3.75264930241e-09, 3.10295344974e-09, 4.46172571111e-10, 1.33178662542e-10, 5.00867507192e-11, 7.95985638513e-11, 8.35428341089e-12, 2.20161267689e-11, 2.40808779167e-11, 2.58455999658e-11, 1.15625287123e-11, 2.41835848222e-12, 3.53023795092e-12, 1.4646454622e-12, 4.16954502609e-13, 2.38581940662e-13, 1.35082022608e-13, 1.28214523417e-13, 1.14799879672e-13, 1.57968622449e-13, 1.02591973274e-13, 7.88659095712e-14, 8.416347724e-14, 6.06741423054e-14, 2.92106460819e-14], "dmean2": [3.81875761377e-05, 0.000403975020163, 0.000370149035007, 0.00068848679075, 0.000624116975814, 0.000504169263877, 0.000519451452419, 0.000385812891182, 0.000394840899389, 6.52371018077e-05, 9.45940992096e-05, 7.06149585312e-05, 9.30359528866e-05, 4.48208920716e-05, 2.97638889606e-05, 1.57706344908e-05, 1.72138479684e-05, 6.51892651149e-06, 3.54999815499e-06, 2.04446678254e-06, 2.07841139854e-06, 1.32975844735e-06, 1.84181499208e-06, 1.52839027123e-06, 1.08420124434e-06, 1.12090924631e-06, 6.05578918567e-07, 5.71242935621e-07, 3.36027341064e-07, 2.10035196346e-07, 1.7439336375e-07, 1.39169401336e-07, 1.40932002068e-07, 1.24423010561e-07, 1.21926305496e-07, 1.00849270268e-07, 8.99876511085e-08, 8.52041992516e-08, 6.90544368354e-08, 4.78223824985e-08], "max": [0.00363138830289, 0.0111386664212, 0.00792739540339, 0.0184958428144, 0.0127270193771, 0.013683241792, 0.0113122100011, 0.0110270772129, 0.019371945411, 0.00186708359979, 0.00691150361672, 0.00322939013131, 0.00792390108109, 0.0041020703502, 0.00140389846638, 0.00160369987134, 0.000911727664061, 0.000404250604333, 0.000213016697671, 0.000220543719479, 0.000425505189924, 4.46225167252e-05, 8.65922484081e-05, 0.000115270027891, 0.000205114600249, 0.000108817970613, 2.60733431787e-05, 2.55647337326e-05, 2.53929611063e-05, 1.71557749127e-05, 1.22591382024e-05, 6.2448693825e-06, 8.59709780343e-06, 6.11125278738e-06, 1.14518607006e-05, 6.14392274656e-06, 6.90747356202e-06, 8.27045641927e-06, 7.86526106822e-06, 5.57253542866e-06], "dmean": [2.62184603343e-05, 0.000252098252531, 0.000239532673731, 0.000455248402432, 0.000412441528169, 0.000310723611619, 0.000324317486957, 0.000243544229306, 0.000240247303736, 4.07688203268e-05, 5.6782795582e-05, 4.1660212446e-05, 5.43284077139e-05, 2.68366438831e-05, 1.8160970285e-05, 9.7757392723e-06, 1.0436336197e-05, 4.05359560318e-06, 2.26343399845e-06, 1.27312455334e-06, 1.28988006054e-06, 8.63536001816e-07, 1.15267278034e-06, 9.81545781542e-07, 6.92556170634e-07, 6.95040171195e-07, 3.7914026052e-07, 3.66425297216e-07, 2.13718465147e-07, 1.37110305332e-07, 1.17771890018e-07, 9.24655836343e-08, 9.25984977584e-08, 8.52975006183e-08, 8.24811436928e-08, 6.78188030179e-08, 6.04869327958e-08, 5.61249713371e-08, 4.42818972601e-08, 3.11410630616e-08]}, "spectral_decrease": {"dvar": 3.24563669362e-18, "mean": -5.04395503143e-09, "min": -3.16959933855e-08, "median": -3.63400243231e-09, "dvar2": 8.3451158345e-18, "var": 2.24997328692e-17, "dmean2": 2.14524553677e-09, "max": -6.20180979196e-29, "dmean": 1.36780131665e-09}, "spectral_rolloff": {"dvar": 189261.03125, "mean": 592.201049805, "min": 193.798828125, "median": 495.263671875, "dvar2": 359868.4375, "var": 405983.28125, "dmean2": 192.891036987, "max": 18669.2871094, "dmean": 112.959030151}, "melbands_crest": {"dvar": 6.71519994736, "mean": 14.8422079086, "min": 1.84457755089, "median": 13.9549503326, "dvar2": 17.7173557281, "var": 24.7519950867, "dmean2": 4.72604608536, "max": 33.0134315491, "dmean": 2.93987679482}, "barkbands_skewness": {"dvar": 0.394769847393, "mean": 2.2338244915, "min": -7.13436746597, "median": 2.02990198135, "dvar2": 0.96450394392, "var": 2.09975886345, "dmean2": 0.97569411993, "max": 9.83111381531, "dmean": 0.623249411583}, "spectral_centroid": {"dvar": 28719.3242188, "mean": 518.221008301, "min": 196.104217529, "median": 448.063171387, "dvar2": 42423.6171875, "var": 103709.5625, "dmean2": 108.5210495, "max": 11669.8369141, "dmean": 71.8436050415}, "spectral_energyband_middle_low": {"dvar": 4.44804973085e-05, "mean": 0.0160822831094, "min": 2.30062056491e-22, "median": 0.0118823423982, "dvar2": 0.000113485679321, "var": 0.000235844985582, "dmean2": 0.00780099164695, "max": 0.122883468866, "dmean": 0.00496652116999}, "erbbands_crest": {"dvar": 8.13060569763, "mean": 14.4324588776, "min": 2.77529072762, "median": 13.296995163, "dvar2": 20.7258262634, "var": 35.2110824585, "dmean2": 5.18251085281, "max": 34.2521743774, "dmean": 3.20518255234}, "dynamic_complexity": 4.25918245316, "spectral_energyband_low": {"dvar": 2.57628266809e-06, "mean": 0.00214665196836, "min": 5.02393703664e-23, "median": 0.00100804166868, "dvar2": 6.65574088998e-06, "var": 1.49508687173e-05, "dmean2": 0.00153666385449, "max": 0.0373055115342, "dmean": 0.000953175185714}, "silence_rate_60dB": {"dvar": 0.0228278748691, "mean": 0.13456889987, "min": 0, "median": 0, "dvar2": 0.0553166233003, "var": 0.116461805999, "dmean2": 0.0467490591109, "max": 1, "dmean": 0.0233713909984}, "erbbands_kurtosis": {"dvar": 36.6267814636, "mean": 7.46934747696, "min": -1.89593839645, "median": 3.62104463577, "dvar2": 86.043762207, "var": 153.626464844, "dmean2": 5.56283092499, "max": 169.38079834, "dmean": 3.56678366661}, "spectral_complexity": {"dvar": 2.25111937523, "mean": 9.47891521454, "min": 0, "median": 9, "dvar2": 5.14741849899, "var": 25.1422996521, "dmean2": 2.45889306068, "max": 37, "dmean": 1.5204834938}, "barkbands_crest": {"dvar": 4.99644708633, "mean": 12.7237443924, "min": 2.61600780487, "median": 12.1238927841, "dvar2": 12.9260635376, "var": 18.6048374176, "dmean2": 4.07764863968, "max": 25.6917514801, "dmean": 2.56668066978}, "spectral_energy": {"dvar": 5.05648204125e-05, "mean": 0.0198355335742, "min": 9.98673652008e-21, "median": 0.0142782982439, "dvar2": 0.000130486383568, "var": 0.000350405665813, "dmean2": 0.00841421168298, "max": 0.125711530447, "dmean": 0.00536340195686}, "spectral_spread": {"dvar": 567030710272, "mean": 3103210.5, "min": 970017.4375, "median": 2858932.75, "dvar2": 799780765696, "var": 1744208396290.0, "dmean2": 669707.4375, "max": 47356828, "dmean": 460416.125}, "spectral_contrast_valleys": {"dvar": [0.16215518117, 0.11100012809, 0.0890195071697, 0.080684043467, 0.0964369699359, 0.101836487651], "mean": [-8.26233100891, -6.81809949875, -8.01134204865, -8.85829544067, -9.18749046326, -11.5485239029], "min": [-27.4480228424, -27.5697689056, -27.2173995972, -27.542131424, -27.270570755, -27.3512954712], "median": [-8.13439941406, -6.64410352707, -7.92394924164, -8.68628883362, -9.09152412415, -11.5496234894], "dvar2": [0.37894487381, 0.190080955625, 0.146930545568, 0.116254523396, 0.134666740894, 0.147099107504], "var": [1.11229670048, 1.11757922173, 1.15842008591, 1.24855196476, 1.22599315643, 0.828254640102], "dmean2": [0.751622736454, 0.515393555164, 0.441906571388, 0.375995904207, 0.344583213329, 0.331284940243], "max": [-5.73820543289, -4.58875465393, -5.3455247879, -6.54408693314, -6.62970876694, -8.61454391479], "dmean": [0.446347206831, 0.325450271368, 0.279042601585, 0.251998454332, 0.253250032663, 0.257595181465]}, "spectral_rms": {"dvar": 3.16901093811e-07, "mean": 0.00392370996997, "min": 3.1214030926e-12, "median": 0.00373229780234, "dvar2": 7.83221196343e-07, "var": 3.95619963456e-06, "dmean2": 0.000857051461935, "max": 0.0110745383427, "dmean": 0.000556735787541}, "barkbands_spread": {"dvar": 10.2750453949, "mean": 5.92499780655, "min": 0.387814760208, "median": 4.52725696564, "dvar2": 21.8275737762, "var": 39.754234314, "dmean2": 2.72452163696, "max": 100.243415833, "dmean": 1.77549910545}, "pitch_salience": {"dvar": 0.00340321124531, "mean": 0.550517559052, "min": 0.122175574303, "median": 0.559194684029, "dvar2": 0.00855695549399, "var": 0.0128609435633, "dmean2": 0.110302351415, "max": 0.845680832863, "dmean": 0.0686177313328}, "erbbands_skewness": {"dvar": 0.236275956035, "mean": 1.71049451828, "min": -8.63600444794, "median": 1.51251196861, "dvar2": 0.566682219505, "var": 1.59070158005, "dmean2": 0.778958141804, "max": 8.4684677124, "dmean": 0.503667533398}, "spectral_energyband_middle_high": {"dvar": 6.94171967552e-06, "mean": 0.00198098248802, "min": 1.52092796521e-21, "median": 0.000518796499819, "dvar2": 2.03696126846e-05, "var": 2.38171014644e-05, "dmean2": 0.00126733339857, "max": 0.0643954351544, "dmean": 0.000765250006225}, "erbbands": {"dvar": [7.71991562942e-06, 0.0204697400331, 1.45283567905, 3.16890525818, 39.4531440735, 353.836090088, 419.956237793, 780.529968262, 2232.06494141, 2834.62207031, 10395.6269531, 332.464447021, 2772.9362793, 1855.15307617, 4955.83300781, 2063.85888672, 340.539550781, 372.661865234, 67.4326705933, 12.5127620697, 48.2293777466, 4.39559936523, 6.4592218399, 10.4825248718, 4.05695152283, 2.12738323212, 0.926828205585, 0.366557657719, 0.19263073802, 0.16015869379, 0.244110330939, 0.112257935107, 0.106852382421, 0.0390451699495, 0.0136256124824, 0.00491577200592, 0.00105755613185, 0.000202305556741, 2.1033174562e-06, 9.28084442631e-10], "mean": [0.00334609718993, 0.187422320247, 1.27174377441, 2.26722979546, 9.22093296051, 25.2218647003, 25.212430954, 23.8128643036, 36.1972770691, 45.5003890991, 56.7035446167, 14.7509355545, 17.6702919006, 18.8868503571, 20.0947322845, 18.3048915863, 9.62698745728, 10.1935224533, 5.08689594269, 2.34139609337, 1.90042173862, 1.68278086185, 2.10295438766, 1.75222671032, 1.3660351038, 1.13458383083, 0.587672412395, 0.36767500639, 0.262537539005, 0.273492872715, 0.22931458056, 0.161426842213, 0.106340073049, 0.0527055896819, 0.0230706613511, 0.0100377732888, 0.00412746611983, 0.0012321008835, 0.000123120989883, 2.47362113441e-05], "min": [1.4655094895e-21, 8.59216493728e-22, 1.52071097166e-21, 2.46792841579e-20, 5.25910027416e-20, 4.86517004772e-20, 8.92976626427e-20, 2.49113377234e-19, 3.64879423611e-19, 3.7519351282e-19, 1.1850377639e-18, 1.07602228681e-18, 6.57324140247e-19, 2.13039808416e-18, 4.50947147587e-18, 1.77630129588e-18, 2.98488454912e-18, 4.64604437168e-18, 5.20419193463e-18, 5.70078816101e-18, 1.01373473882e-17, 1.1081961178e-17, 1.02907869103e-17, 7.68953384002e-18, 1.05660362222e-17, 1.23797794349e-17, 1.15339012318e-17, 1.89280265412e-17, 1.70462783288e-17, 2.21752977437e-17, 1.96119857938e-17, 1.87096607856e-17, 1.20115525406e-17, 9.88389345825e-18, 8.81606698035e-18, 4.83726536825e-18, 2.79020717837e-18, 9.39557958454e-19, 2.98003602996e-19, 3.20529773178e-20], "median": [0.000846836715937, 0.0349422618747, 0.568121790886, 1.28440535069, 3.99451494217, 10.1913118362, 14.3240814209, 11.3491544724, 11.9122676849, 11.3409042358, 15.3692655563, 4.40130138397, 2.56837534904, 2.62502384186, 2.70461750031, 2.43751573563, 1.67134380341, 1.71791565418, 1.13714921474, 0.615564346313, 0.519669413567, 0.636846959591, 0.545647203922, 0.376534879208, 0.284755408764, 0.175596699119, 0.0851843208075, 0.0862775668502, 0.0779145956039, 0.0906453803182, 0.0751778781414, 0.0422452241182, 0.0230646245182, 0.00918415375054, 0.0038489352446, 0.00147310551256, 0.000468788144644, 7.742287562e-05, 1.04665605249e-05, 1.62256510521e-05], "dvar2": [1.81319628609e-05, 0.0407031178474, 3.72470831871, 9.25581169128, 87.9919204712, 785.451049805, 1071.00366211, 2000.45861816, 5768.00585938, 7373.93554688, 29755.8203125, 878.59185791, 7583.44970703, 5294.78662109, 14843.6962891, 5874.16259766, 881.604492188, 1012.75878906, 186.398971558, 32.0713233948, 138.116546631, 11.5459918976, 15.5567455292, 23.0732040405, 9.67652988434, 4.93635034561, 2.24457240105, 0.796839892864, 0.419610142708, 0.310065537691, 0.539676368237, 0.238579541445, 0.241704598069, 0.0944452807307, 0.0359705500305, 0.012699031271, 0.00267601944506, 0.000550390395802, 5.76062893742e-06, 2.49790210738e-09], "var": [0.000124557234813, 0.37701228261, 5.66250801086, 7.98694086075, 191.487213135, 1945.87927246, 1124.99206543, 1812.25146484, 4488.05761719, 8128.14257812, 19135.6269531, 730.309082031, 4308.73193359, 4282.30664062, 8250.0390625, 3817.31835938, 816.192626953, 832.00213623, 174.001541138, 27.4614372253, 63.2120399475, 9.65854358673, 18.6218795776, 30.6879768372, 10.2529602051, 7.10696935654, 2.42074847221, 0.778331398964, 0.392109036446, 0.373781114817, 0.414620935917, 0.213054776192, 0.150437653065, 0.047961063683, 0.0114698326215, 0.00392365315929, 0.000852019526064, 0.000138088915264, 1.39425515044e-06, 1.17632670271e-09], "dmean2": [0.00167409470305, 0.0899836570024, 1.07512080669, 1.82736361027, 5.22023677826, 15.5898532867, 17.9383411407, 21.7929420471, 34.5168228149, 35.8831634521, 52.2288665771, 12.382601738, 18.7048797607, 17.5804233551, 21.4134616852, 17.6312961578, 7.97056531906, 8.68645477295, 3.80488181114, 1.7967171669, 1.73366820812, 1.2678924799, 1.59278571606, 1.30669057369, 1.12899792194, 0.805753707886, 0.432757914066, 0.29220816493, 0.227625921369, 0.223400399089, 0.190825089812, 0.142026513815, 0.111444830894, 0.060561876744, 0.0320889130235, 0.0159459635615, 0.00737643288448, 0.00262855109759, 0.000273148936685, 1.39619696711e-05], "max": [0.140067338943, 6.73969364166, 25.1222019196, 26.8785591125, 177.839248657, 524.664611816, 447.641937256, 707.710998535, 776.080627441, 970.480529785, 2555.47265625, 345.822753906, 1391.94274902, 898.139831543, 1575.78088379, 1437.43444824, 828.238830566, 514.546630859, 269.062896729, 144.372955322, 372.35723877, 79.8573379517, 63.6876525879, 206.863601685, 73.7779312134, 39.417640686, 35.9954681396, 19.6396903992, 10.0866832733, 10.0707578659, 18.1671142578, 10.624080658, 11.4651346207, 6.03573608398, 4.01556873322, 2.40926480293, 0.9537063241, 0.547557294369, 0.050819363445, 0.00102141371462], "dmean": [0.00108993949834, 0.0608227662742, 0.663786292076, 1.12229812145, 3.57742786407, 10.3431501389, 11.5600728989, 13.4112081528, 21.4266452789, 22.8689746857, 31.9416408539, 7.69090366364, 11.2270116806, 10.4185409546, 12.5475692749, 10.4697875977, 4.93392181396, 5.2897400856, 2.38882565498, 1.13910698891, 1.0761128664, 0.821051120758, 1.03032851219, 0.842734932899, 0.710489153862, 0.522011160851, 0.280518144369, 0.20102481544, 0.154636189342, 0.153184995055, 0.131583362818, 0.0978796631098, 0.0738518312573, 0.0397029221058, 0.0200456921011, 0.009840099141, 0.00451476732269, 0.00156282831449, 0.000159731251188, 8.69469022291e-06]}, "dissonance": {"dvar": 0.00101872882806, "mean": 0.407702386379, "min": 0.129706770182, "median": 0.415831208229, "dvar2": 0.00281568686478, "var": 0.0029953289777, "dmean2": 0.062658496201, "max": 0.499908387661, "dmean": 0.0373295620084}, "erbbands_flatness_db": {"dvar": 0.000389668537537, "mean": 0.239787861705, "min": 0.0477747246623, "median": 0.240023314953, "dvar2": 0.000832196034025, "var": 0.00258558685891, "dmean2": 0.0318949818611, "max": 0.480728149414, "dmean": 0.0217624846846}, "melbands_kurtosis": {"dvar": 97.0764083862, "mean": 16.2867622375, "min": -1.77946519852, "median": 10.2967090607, "dvar2": 232.627655029, "var": 362.97164917, "dmean2": 10.5281763077, "max": 238.041885376, "dmean": 6.65343809128}, "melbands_spread": {"dvar": 16.635799408, "mean": 7.26912641525, "min": 0.514649510384, "median": 5.74805545807, "dvar2": 32.1609230042, "var": 53.2905731201, "dmean2": 3.14290595055, "max": 157.588409424, "dmean": 2.02926969528}, "melbands_skewness": {"dvar": 0.380251199007, "mean": 2.18570709229, "min": -6.77211904526, "median": 1.99449491501, "dvar2": 0.920875549316, "var": 2.29777336121, "dmean2": 0.973225414753, "max": 12.1556930542, "dmean": 0.625296056271}, "spectral_entropy": {"dvar": 0.0415062494576, "mean": 6.47566890717, "min": 4.19478607178, "median": 6.49223852158, "dvar2": 0.083339355886, "var": 0.359725803137, "dmean2": 0.309636175632, "max": 9.80530071259, "dmean": 0.216418579221}, "zerocrossingrate": {"dvar": 5.40311157238e-05, "mean": 0.0264429934323, "min": 0.00634765625, "median": 0.02294921875, "dvar2": 5.44999311387e-05, "var": 0.000330462033162, "dmean2": 0.0047075455077, "max": 0.50048828125, "dmean": 0.00380131369457}, "average_loudness": 0.39789712429, "spectral_contrast_coeffs": {"dvar": [0.0014822994126, 0.00140362000093, 0.000727844715584, 0.000415161659475, 0.000234753722907, 0.000142598670209], "mean": [-0.528653204441, -0.673596680164, -0.77861225605, -0.794285178185, -0.807447195053, -0.806226193905], "min": [-0.970452368259, -0.968600571156, -0.961352527142, -0.960283458233, -0.960255146027, -0.961708188057], "median": [-0.528460264206, -0.674459338188, -0.785877943039, -0.803205251694, -0.811980783939, -0.806912183762], "dvar2": [0.0041313697584, 0.00372116244398, 0.00197947700508, 0.00109240028542, 0.000566132774111, 0.000342639774317], "var": [0.00813127215952, 0.00555783789605, 0.00381600111723, 0.0029560085386, 0.00156544521451, 0.000804006413091], "dmean2": [0.0797933265567, 0.0765801593661, 0.0547877289355, 0.0418718606234, 0.0295169241726, 0.0224066898227], "max": [-0.25826510787, -0.399624556303, -0.504148840904, -0.580211341381, -0.623852074146, -0.641973793507], "dmean": [0.0480642616749, 0.0469312444329, 0.033201996237, 0.0257694516331, 0.0184405501932, 0.0142194377258]}, "barkbands_flatness_db": {"dvar": 0.000426719343523, "mean": 0.237361818552, "min": 0.0222771838307, "median": 0.235086321831, "dvar2": 0.000908704649191, "var": 0.0034521445632, "dmean2": 0.0338944531977, "max": 0.457774996758, "dmean": 0.0233139041811}, "silence_rate_30dB": {"dvar": 0.000536958512384, "mean": 0.999731421471, "min": 0, "median": 1, "dvar2": 0.00161077675875, "var": 0.000268523785053, "dmean2": 0.00107469107024, "max": 1, "dmean": 0.000537273357622}, "spectral_energyband_high": {"dvar": 7.95158427991e-09, "mean": 5.20866924489e-05, "min": 7.22244997032e-21, "median": 1.33185476443e-05, "dvar2": 1.78766956793e-08, "var": 1.51481813759e-08, "dmean2": 3.71911410184e-05, "max": 0.00267191044986, "dmean": 2.63897345576e-05}, "melbands_flatness_db": {"dvar": 0.000501408532728, "mean": 0.315597236156, "min": 0.00814209785312, "median": 0.312983393669, "dvar2": 0.00102949107531, "var": 0.00469867186621, "dmean2": 0.0350920297205, "max": 0.561719059944, "dmean": 0.0246841609478}, "barkbands": {"dvar": [5.13029514704e-11, 2.01490792051e-07, 1.48176036419e-06, 6.7534409709e-07, 1.22158771774e-05, 8.65725178301e-06, 1.05221570266e-05, 1.5650766727e-05, 7.75933358454e-07, 2.25873804993e-06, 5.25190944245e-06, 9.15562623049e-07, 1.67645595184e-07, 8.83274893226e-08, 1.82736279442e-08, 1.14911058446e-08, 1.57313384541e-09, 2.75061573518e-09, 2.83108292365e-09, 8.0586143314e-10, 3.22391613405e-10, 1.56874943591e-10, 2.22673088301e-10, 2.80189538238e-10, 2.7055696572e-10, 3.16652759569e-10, 9.12047659618e-11], "mean": [2.27913528761e-06, 0.000580877996981, 0.0012435290264, 0.000863321591169, 0.00594715587795, 0.0031440181192, 0.00283721624874, 0.00243677035905, 0.000603115302511, 0.000557641789783, 0.000613087788224, 0.000382860947866, 0.0001889532723, 0.000165857883985, 7.43880082155e-05, 3.10698487738e-05, 2.99745806842e-05, 4.06998187827e-05, 3.01969903376e-05, 2.20991623792e-05, 1.07841988211e-05, 7.76413526182e-06, 8.05536365078e-06, 6.92760750098e-06, 3.91097955799e-06, 2.3046404749e-06, 6.84065810219e-07], "min": [1.63711293919e-23, 1.84350892871e-23, 5.9633742915e-25, 1.4845019595e-23, 1.76052612573e-23, 2.17155673614e-23, 1.72929212482e-23, 4.9479258708e-23, 3.95024243991e-23, 2.38671413042e-23, 9.85334412949e-23, 4.41557665732e-23, 5.5095314109e-23, 1.20365987262e-22, 1.06942717477e-22, 1.47250038746e-22, 2.5992810317e-22, 1.1800504648e-22, 1.9728041777e-22, 2.49217997406e-22, 3.95537811373e-22, 4.64238054156e-22, 8.25364238231e-22, 8.56734245071e-22, 1.11786048281e-21, 1.40466445855e-21, 2.01099340113e-21], "median": [4.42376716592e-07, 6.87082938384e-05, 0.000590571318753, 0.000405150058214, 0.00295606069267, 0.00164493010379, 0.000688087195158, 0.000599568418693, 0.000140193209518, 6.22832230874e-05, 6.84229962644e-05, 5.0049417041e-05, 2.73036130238e-05, 2.93642442557e-05, 1.49083352881e-05, 7.10490030542e-06, 1.0451192793e-05, 8.83084976522e-06, 6.22466814093e-06, 3.48575531461e-06, 2.02467390409e-06, 2.34217168327e-06, 2.73731893685e-06, 1.72515342456e-06, 6.62280285724e-07, 2.83866398831e-07, 1.68155303015e-08], "dvar2": [1.37785532983e-10, 3.86823813869e-07, 3.97152598453e-06, 1.84711939255e-06, 2.73378809652e-05, 2.1448251573e-05, 2.66609695245e-05, 4.50560364698e-05, 2.01954139811e-06, 6.18053491053e-06, 1.61712814588e-05, 2.58418117483e-06, 4.36009628402e-07, 2.42966962105e-07, 4.94236473969e-08, 3.27663691735e-08, 4.18297485538e-09, 6.6200311899e-09, 6.28162633021e-09, 1.88650939315e-09, 7.45256856227e-10, 3.3671043731e-10, 4.63311305987e-10, 6.05769212569e-10, 6.98769986318e-10, 8.09472711083e-10, 2.53071175127e-10], "var": [5.36242092397e-11, 4.31638000009e-06, 3.80516144105e-06, 1.85384044471e-06, 7.0045767643e-05, 2.19684443437e-05, 2.43391314143e-05, 3.1054536521e-05, 1.62879950949e-06, 4.01746319767e-06, 8.91449690243e-06, 1.75048421625e-06, 4.26707174483e-07, 1.91956573303e-07, 4.43815721951e-08, 1.71965677254e-08, 3.25170468329e-09, 7.68628627412e-09, 7.96086663257e-09, 2.60839261301e-09, 7.55271345465e-10, 3.28156973817e-10, 4.39763142568e-10, 4.69423333538e-10, 2.72621286657e-10, 2.52954240887e-10, 5.85533843633e-11], "dmean2": [3.76991306439e-06, 0.000249817938311, 0.00114730477799, 0.000746522971895, 0.00321436976083, 0.00268114893697, 0.0025256855879, 0.00223481445573, 0.000575055368245, 0.00059456116287, 0.000676277501043, 0.000376907439204, 0.000171879335539, 0.00014451793686, 6.12334551988e-05, 2.98937829939e-05, 2.43064750975e-05, 3.29960312229e-05, 2.46293147939e-05, 1.59062710736e-05, 8.60130785441e-06, 6.74395096212e-06, 6.43738349027e-06, 6.46283979222e-06, 4.83882058688e-06, 3.95892493543e-06, 1.64659184065e-06], "max": [0.000260169443209, 0.0230857860297, 0.0275523979217, 0.0163368638605, 0.0921248868108, 0.0609699748456, 0.0507617481053, 0.102476216853, 0.0160559676588, 0.033888142556, 0.058231279254, 0.0311550628394, 0.0181364733726, 0.00705615896732, 0.0043664900586, 0.00556086748838, 0.00137640105095, 0.00153609609697, 0.00289956829511, 0.000687656516675, 0.000564820948057, 0.000360709120287, 0.000489794765599, 0.000471379607916, 0.000544064154383, 0.000571797136217, 0.000385241117328], "dmean": [2.17608908315e-06, 0.000173450665898, 0.000698752060998, 0.000467565754661, 0.00216913293116, 0.00167571427301, 0.00159803638235, 0.00136957666837, 0.000359484722139, 0.000357724842615, 0.000394799659261, 0.00022532082221, 0.000106380306534, 8.80324223544e-05, 3.88022090192e-05, 1.83756201295e-05, 1.56497753778e-05, 2.10518046515e-05, 1.57368122018e-05, 1.03118236439e-05, 5.7015472521e-06, 4.59356760985e-06, 4.49878871223e-06, 4.42370173914e-06, 3.11932944896e-06, 2.44968032348e-06, 9.54764686867e-07]}, "erbbands_spread": {"dvar": 41.0616264343, "mean": 17.3504333496, "min": 0.393150985241, "median": 14.4482870102, "dvar2": 89.306427002, "var": 176.388046265, "dmean2": 7.09785985947, "max": 128.226333618, "dmean": 4.60602712631}, "barkbands_kurtosis": {"dvar": 80.7199783325, "mean": 14.8216848373, "min": -1.82573974133, "median": 9.39756774902, "dvar2": 199.427078247, "var": 302.772216797, "dmean2": 9.57539749146, "max": 190.721694946, "dmean": 6.06424427032}, "spectral_flux": {"dvar": 0.000228729404625, "mean": 0.0550963506103, "min": 1.05007579021e-10, "median": 0.0497149862349, "dvar2": 0.000607354508247, "var": 0.00119199010078, "dmean2": 0.0241694077849, "max": 0.237541273236, "dmean": 0.0144577920437}, "silence_rate_20dB": {"dvar": 0, "mean": 1, "min": 1, "median": 1, "dvar2": 0, "var": 0, "dmean2": 0, "max": 1, "dmean": 0}, "gfcc": {"cov": [[7744.50830078, -127.075454712, -1455.50500488, -146.330535889, 4.16497850418, -0.55222851038, 152.737792969, 203.555618286, -113.74394989, 225.91255188, -133.547225952, -435.253234863, -32.1076660156], [-127.075454712, 834.145324707, 156.002563477, -188.18196106, 108.87991333, 16.905298233, 99.3586730957, -88.4953994751, 83.9384307861, -134.457107544, 51.8989257812, -26.377696991, -7.04582214355], [-1455.50500488, 156.002563477, 794.473876953, 119.229431152, 8.14297294617, 59.870010376, -24.0624103546, -57.5858268738, 71.3887329102, -101.097915649, -9.84516143799, 177.216567993, 21.976858139], [-146.330535889, -188.18196106, 119.229431152, 357.772033691, 55.7093353271, 13.9190835953, -86.3163528442, 23.4613647461, 29.9656734467, -3.06764936447, -34.1176719666, 39.2947273254, 40.2820091248], [4.16497850418, 108.87991333, 8.14297294617, 55.7093353271, 216.578704834, 45.6763458252, 5.52293109894, 13.6522893906, 25.9075717926, -5.62027978897, -27.9535617828, -13.2449045181, 1.78022146225], [-0.55222851038, 16.905298233, 59.870010376, 13.9190835953, 45.6763458252, 150.597244263, 54.5767059326, 6.9485578537, -7.6746339798, 8.60046005249, -9.15710544586, -8.76124477386, 5.00605392456], [152.737792969, 99.3586730957, -24.0624103546, -86.3163528442, 5.52293109894, 54.5767059326, 188.113296509, 62.1058578491, -19.1043491364, 12.447101593, 16.1388587952, -21.6001529694, -28.5924720764], [203.555618286, -88.4953994751, -57.5858268738, 23.4613647461, 13.6522893906, 6.9485578537, 62.1058578491, 142.641433716, 31.9732513428, 47.2035331726, 5.85989284515, -17.73387146, -29.7141304016], [-113.74394989, 83.9384307861, 71.3887329102, 29.9656734467, 25.9075717926, -7.6746339798, -19.1043491364, 31.9732513428, 142.524093628, 27.3984889984, -7.03125524521, 0.498199522495, -27.3326301575], [225.91255188, -134.457107544, -101.097915649, -3.06764936447, -5.62027978897, 8.60046005249, 12.447101593, 47.2035331726, 27.3984889984, 153.101974487, 15.0715084076, -53.9616088867, -21.7121391296], [-133.547225952, 51.8989257812, -9.84516143799, -34.1176719666, -27.9535617828, -9.15710544586, 16.1388587952, 5.85989284515, -7.03125524521, 15.0715084076, 109.082473755, 5.32916641235, -15.0027866364], [-435.253234863, -26.377696991, 177.216567993, 39.2947273254, -13.2449045181, -8.76124477386, -21.6001529694, -17.73387146, 0.498199522495, -53.9616088867, 5.32916641235, 130.746017456, 25.6384658813], [-32.1076660156, -7.04582214355, 21.976858139, 40.2820091248, 1.78022146225, 5.00605392456, -28.5924720764, -29.7141304016, -27.3326301575, -21.7121391296, -15.0027866364, 25.6384658813, 110.070770264]], "mean": [-103.222892761, 140.059448242, -96.9808654785, 4.10933303833, -75.5784301758, -7.63219404221, -48.7878646851, -10.194188118, -26.2628898621, -10.3628196716, -10.0879821777, -6.00057554245, -18.1232318878], "icov": [[0.000229448633036, -0.000230906996876, 0.000416766095441, -0.000142243792652, 0.000210225625779, -0.000143573750393, 7.06585051375e-05, -0.000308616203256, 0.000246389157837, -0.00023199908901, 0.000480849732412, 5.49454125576e-05, 2.7327443604e-05], [-0.000230906996876, 0.00441114651039, -0.00120754598174, 0.00188740412705, -0.00259869359434, 0.0011315967422, -0.00321364635602, 0.00361579307355, -0.00465307291597, 0.00456290319562, -0.00350384810008, 0.00332220294513, -0.00160953390878], [0.000416766095441, -0.00120754598174, 0.00321197439916, -0.00114880269393, 0.00109204708133, -0.00155344873201, 0.000246931333095, -6.26957262284e-05, -0.000221983849769, -0.000608258473221, 0.00145899713971, -0.00327462377027, 0.000710102787707], [-0.000142243792652, 0.00188740412705, -0.00114880269393, 0.00489054061472, -0.00190839974675, -0.000143913319334, 0.00113756535575, -0.0005833095056, -0.00177992682438, 0.00174941436853, -0.000933113624342, 0.00101349432953, -0.00176578888204], [0.000210225625779, -0.00259869359434, 0.00109204708133, -0.00190839974675, 0.00703264260665, -0.00235069170594, 0.00171793519985, -0.00229494366795, 0.00158034334891, -0.0018498855643, 0.0030175303109, -0.00127888051793, 0.000931945745833], [-0.000143573750393, 0.0011315967422, -0.00155344873201, -0.000143913319334, -0.00235069170594, 0.00930239725858, -0.00390234705992, 0.00188265508041, -0.000236931606196, -9.18652312976e-06, -0.000517682346981, 0.00213395198807, -0.00112539366819], [7.06585051375e-05, -0.00321364635602, 0.000246931333095, 0.00113756535575, 0.00171793519985, -0.00390234705992, 0.0117011200637, -0.00746280094609, 0.00528459344059, -0.00259094079956, 0.00183784833644, -0.00181241671089, 0.00199774629436], [-0.000308616203256, 0.00361579307355, -6.26957262284e-05, -0.0005833095056, -0.00229494366795, 0.00188265508041, -0.00746280094609, 0.0144142480567, -0.00631852820516, 0.00146823737305, -0.00302000809461, 0.00127582228743, 0.000283342174953], [0.000246389157837, -0.00465307291597, -0.000221983849769, -0.00177992682438, 0.00158034334891, -0.000236931606196, 0.00528459344059, -0.00631852820516, 0.0144418319687, -0.00650833593681, 0.00434963218868, -0.00275854230858, 0.00365974823944], [-0.00023199908901, 0.00456290319562, -0.000608258473221, 0.00174941436853, -0.0018498855643, -9.18652312976e-06, -0.00259094079956, 0.00146823737305, -0.00650833593681, 0.0138531383127, -0.00498918583617, 0.00628306251019, -0.00156776513904], [0.