{"tonal": {"chords_number_rate": 0.00238172570243, "thpcp": [1, 0.692185461521, 0.439961284399, 0.623180747032, 0.47069939971, 0.364522069693, 0.475724160671, 0.318460434675, 0.406418949366, 0.681398332119, 0.432244211435, 0.258501470089, 0.418359726667, 0.317735671997, 0.439737558365, 0.8457223773, 0.630374789238, 0.339776188135, 0.397565215826, 0.292482286692, 0.400818407536, 0.630681216717, 0.417041569948, 0.455379068851, 0.743522524834, 0.486149638891, 0.301017552614, 0.391737729311, 0.291564792395, 0.473683387041, 0.833260834217, 0.601077973843, 0.358147352934, 0.427073866129, 0.32814258337, 0.584850430489], "hpcp": {"dvar": [0.0277732238173, 0.022603303194, 0.0287046078593, 0.0407181605697, 0.0338213481009, 0.0292138475925, 0.0366560406983, 0.0266314763576, 0.0178276449442, 0.0252297446132, 0.0180719513446, 0.0195735692978, 0.0294379405677, 0.0173135008663, 0.0137160373852, 0.0213697794825, 0.0168968513608, 0.017582597211, 0.0297307223082, 0.0235922392458, 0.0202748961747, 0.0216959603131, 0.0159370172769, 0.019330393523, 0.0263153146952, 0.0166790690273, 0.0182334817946, 0.0289687309414, 0.0206427164376, 0.0198988113552, 0.0241880007088, 0.0213288459927, 0.0235163979232, 0.0358881689608, 0.0310173314065, 0.0259899422526], "mean": [0.104516774416, 0.0803055539727, 0.143129050732, 0.244727626443, 0.169396907091, 0.107670679688, 0.152509540319, 0.115193143487, 0.0892086178064, 0.116422846913, 0.0779360681772, 0.0994619429111, 0.166757002473, 0.105782099068, 0.0632624477148, 0.102384179831, 0.0777586996555, 0.107615925372, 0.206971630454, 0.154270127416, 0.0831526219845, 0.0972951948643, 0.0715784952044, 0.0980913341045, 0.154345110059, 0.102061592042, 0.111443839967, 0.181960508227, 0.118974246085, 0.0736673101783, 0.0958690419793, 0.071353957057, 0.115923412144, 0.203921943903, 0.147100389004, 0.0876485481858], "min": [0, 0, 0, 0, 0, 0, 0, 0, 0, 0, 0, 0, 0, 0, 0, 0, 0, 0, 0, 0, 0, 0, 0, 0, 0, 0, 0, 0, 0, 0, 0, 0, 0, 0, 0, 0], "median": [0.0116368662566, 0.0114551829174, 0.0378134548664, 0.0599489882588, 0.0447608679533, 0.0263608954847, 0.0238661952317, 0.0207895133644, 0.01857881248, 0.0137032456696, 0.0110319470987, 0.0249782465398, 0.0367984473705, 0.0250738561153, 0.0109042478725, 0.0078729679808, 0.00793174747378, 0.0332222171128, 0.0543583035469, 0.0376126281917, 0.013830143027, 0.00862760841846, 0.00959276687354, 0.0212352965027, 0.0270245447755, 0.0214177109301, 0.0248210337013, 0.0297532249242, 0.0213433112949, 0.0114863160998, 0.0103897405788, 0.0114981606603, 0.0245742034167, 0.0374058783054, 0.0288576185703, 0.016701720655], "dvar2": [0.0660667866468, 0.0596703663468, 0.073667101562, 0.0919747799635, 0.0858121290803, 0.0764733627439, 0.0844793245196, 0.0644318759441, 0.0435583777726, 0.0570641681552, 0.0453998781741, 0.0479565709829, 0.0648145452142, 0.0419568866491, 0.0357455164194, 0.0475252382457, 0.0430145151913, 0.0446802563965, 0.065878868103, 0.054837461561, 0.0523944832385, 0.0493732690811, 0.0390530005097, 0.0481625385582, 0.0574308373034, 0.039732132107, 0.0445193238556, 0.0621948055923, 0.0496825426817, 0.0506095662713, 0.0572554916143, 0.0552635602653, 0.0587433986366, 0.0791450962424, 0.0776096507907, 0.071273624897], "var": [0.0527289584279, 0.0297790076584, 0.0464713610709, 0.119349293411, 0.0612320005894, 0.0349076539278, 0.078149408102, 0.0465277694166, 0.0295084100217, 0.0593148991466, 0.0293383486569, 0.0299850590527, 0.0797834470868, 0.0346544347703, 0.0179068930447, 0.0566306859255, 0.032362639904, 0.0274261534214, 0.096839427948, 0.0599791631103, 0.0285975281149, 0.0491354167461, 0.0272785853595, 0.0307921860367, 0.0768359601498, 0.0364563725889, 0.0343114957213, 0.0990002080798, 0.0457987859845, 0.0273440144956, 0.0487981103361, 0.0259208343923, 0.0374457240105, 0.106235280633, 0.0585864409804, 0.0294470507652], "dmean2": [0.126890838146, 0.125876799226, 0.170936003327, 0.196831896901, 0.192926540971, 0.167170315981, 0.167115435004, 0.143229290843, 0.116481676698, 0.117842726409, 0.104396164417, 0.122668012977, 0.147064164281, 0.116601750255, 0.0895500257611, 0.0963310077786, 0.0962989106774, 0.124800130725, 0.158641979098, 0.142622053623, 0.117396757007, 0.104371517897, 0.0949799343944, 0.121936701238, 0.136061772704, 0.105954349041, 0.12169713527, 0.135961696506, 0.118207573891, 0.108009487391, 0.111916162074, 0.111782029271, 0.139207258821, 0.164634346962, 0.163440570235, 0.139302745461], "max": [1, 1, 1, 1, 1, 1, 1, 1, 1, 1, 1, 1, 1, 1, 1, 1, 1, 1, 1, 1, 1, 1, 1, 1, 1, 1, 1, 1, 1, 1, 1, 1, 1, 1, 1, 1], "dmean": [0.0742487832904, 0.0722426995635, 0.101487629116, 0.117082506418, 0.112902775407, 0.0979001522064, 0.0988841578364, 0.0853551030159, 0.0684564784169, 0.0702008008957, 0.0609342977405, 0.0741375759244, 0.090028129518, 0.070047609508, 0.0528589375317, 0.0573293305933, 0.0563000999391, 0.0757938623428, 0.0976654067636, 0.0867298841476, 0.069887727499, 0.0625353232026, 0.0559284240007, 0.0727624446154, 0.0819924399257, 0.0635892227292, 0.0737633556128, 0.0814900547266, 0.0717110782862, 0.06345076859, 0.0655139312148, 0.0643177255988, 0.0830409303308, 0.0981341898441, 0.0961482524872, 0.0799174308777]}, "key_strength": 0.595183730125, "chords_strength": {"dvar": 0.00027027897886, "mean": 0.459805458784, "min": -1, "median": 0.473399728537, "dvar2": 0.000443857948994, "var": 0.0257386676967, "dmean2": 0.00877074711025, "max": 0.77314722538, "dmean": 0.0101114027202}, "tuning_equal_tempered_deviation": 0, "chords_key": "D#", "tuning_frequency": 440, "chords_scale": "minor", "chords_changes_rate": 0.0717765539885, "key_scale": "minor", "tuning_diatonic_strength": 0.331510514021, "hpcp_entropy": {"dvar": 0.273851454258, "mean": 1.46858227253, "min": 0, "median": 1.56560766697, "dvar2": 0.707968473434, "var": 0.6060526371, "dmean2": 0.943462669849, "max": 4.08427238464, "dmean": 0.556488215923}, "chords_histogram": [11.2482404709, 8.23860549927, 7.61069631577, 4.56858301163, 3.79993510246, 4.78510332108, 1.05012452602, 3.87571716309, 2.56576800346, 7.68647813797, 0.855256021023, 2.37089967728, 1.33160114288, 1.81877231598, 0.454693078995, 1.75381612778, 4.03810739517, 5.23979663849, 2.58742022514, 2.55494213104, 2.81476664543, 2.52246403694, 11.0750246048, 5.15318822861], "tuning_nontempered_energy_ratio": 0.648930847645, "key_key": "D#"}, "metadata": {"version": {"extractor": "music 1.0", "essentia_build_sha": "2d9f1f26377add8aeb1075a9c2973f962c4f09fd", "essentia": "2.1-beta2", "essentia_git_sha": "v2.1_beta2-1-ge3940c0"}, "audio_properties": {"sample_rate": 44100, "length": 428.90447998, "lossless": false, "analysis_sample_rate": 44100, "downmix": "mix", "bit_rate": 320019, "equal_loudness": 0, "md5_encoded": "c6b43fbec1b2809e729a4e3b3c2a61c4", "codec": "mp3", "replay_gain": -13.3522338867}, "tags": {"genre": ["Jazz fusion"], "musicbrainz_recordingid": ["3aa3daaa-35e0-4c0e-8423-2a3638b38b8b"], "language": ["eng"], "title": ["Downside Up"], "artist": ["Allan Holdsworth"], "discnumber": ["01/01"], "artistsort": ["Holdsworth, Allan"], "musicbrainz_artistid": ["a6396e33-9298-493e-9409-f0e1366b326b"], "tracknumber": ["07/10"], "musicbrainz_albumartistid": ["a6396e33-9298-493e-9409-f0e1366b326b"], "musicbrainz album status": ["Official"], "date": ["2000"], "albumartistsort": ["Holdsworth, Allan"], "musicbrainz_releasegroupid": ["57b6813d-d0b7-3c70-8d0a-4001cee7b5c2"], "musicbrainz album release country": ["US"], "musicbrainz_albumid": ["8622ecfc-831d-4413-8cb5-247bfc2f8752"], "musicbrainz album type": ["Album"], "asin": ["B000083MFV"], "script": ["Latin"], "file_name": "07. Downside Up._7-09.mp3", "album": ["The Sixteen Men of Tain"], "albumartist": ["Allan Holdsworth"]}}, "lowlevel": {"melbands": {"dvar": [2.35482980315e-06, 2.30367277254e-06, 4.00267168743e-07, 8.75705723047e-07, 3.17200033351e-07, 1.5371458062e-07, 2.32160289215e-07, 2.78942508203e-07, 3.54849589712e-07, 8.14402710603e-07, 1.51589091502e-07, 8.06736153436e-08, 5.13104758681e-08, 2.38769342076e-08, 9.79235981191e-09, 8.42686898039e-09, 5.11396480718e-10, 4.92053675583e-10, 1.69886160695e-10, 1.58537821759e-10, 1.49339748901e-10, 2.32920432941e-10, 8.10342626334e-11, 3.00570748846e-11, 2.14593117581e-11, 1.77187257921e-11, 1.51109003782e-11, 6.49506837203e-12, 6.94494201731e-12, 4.55430441623e-12, 4.57298348494e-12, 3.73406036994e-12, 2.67156847859e-12, 1.1648774393e-12, 5.82681580936e-13, 3.89860480053e-13, 2.18794708913e-13, 1.80472173664e-13, 2.58602113248e-13, 2.4911604897e-13], "mean": [0.000928647990804, 0.000963420257904, 0.0005632294924, 0.000589088827837, 0.000471112522064, 0.00048714512377, 0.000685703009367, 0.000606531044468, 0.000535869738087, 0.000762622279581, 0.000476748507936, 0.000328618451022, 0.000209816134884, 0.000136437331093, 8.66803602548e-05, 6.64210601826e-05, 1.8008011466e-05, 1.39323574331e-05, 1.02318235804e-05, 9.93232970359e-06, 1.06319157567e-05, 1.16018945846e-05, 7.54763459554e-06, 5.47190620637e-06, 3.48619846591e-06, 2.71659177997e-06, 2.94407595902e-06, 1.75774619038e-06, 1.83446297797e-06, 1.46364823195e-06, 1.3852960592e-06, 1.10519147256e-06, 1.0162975741e-06, 6.66781716063e-07, 5.64325603136e-07, 4.78679112348e-07, 3.87866265328e-07, 3.51005894572e-07, 3.75800595975e-07, 3.33034790856e-07], "min": [3.16832596599e-25, 9.07100505291e-25, 8.01330528157e-25, 1.08524215959e-24, 5.53237421947e-25, 1.0384171512e-24, 1.12273740867e-24, 1.6850735523e-24, 1.62347416522e-24, 1.83940570815e-24, 2.13267046891e-24, 1.8830257719e-24, 1.85434712813e-24, 1.96054318876e-24, 2.99240993482e-24, 3.18593960297e-24, 2.19662933895e-24, 3.65426285379e-24, 2.22531113817e-24, 3.27296969627e-24, 3.13302932155e-24, 3.06280058504e-24, 3.1630015e-24, 3.97983482128e-24, 3.61474881105e-24, 4.15147399374e-24, 4.24968125999e-24, 3.73021714276e-24, 5.01403422903e-24, 3.31759082451e-24, 4.22830234059e-24, 4.72058822748e-24, 5.51341394761e-24, 4.49891318552e-24, 4.92630461333e-24, 5.26506199642e-24, 4.62603141508e-24, 6.35038984603e-24, 4.73274181302e-24, 6.44318907633e-24], "median": [0.000209474761505, 0.000329831935233, 0.000293839228107, 0.000305404391838, 0.000284318986814, 0.00026447646087, 0.000319030194078, 0.000194337320863, 0.000117070449051, 0.000152090622578, 0.000123585588881, 9.24085907172e-05, 4.71012717753e-05, 2.73453952104e-05, 1.59922292369e-05, 8.78431001183e-06, 7.04442663846e-06, 4.35908532381e-06, 3.40830797541e-06, 2.72580473393e-06, 2.90966227112e-06, 3.06922129312e-06, 2.46857507591e-06, 2.60308138422e-06, 1.49225218138e-06, 9.79959395409e-07, 9.73451051323e-07, 6.24067240551e-07, 5.65770733374e-07, 4.68921740548e-07, 4.33776392583e-07, 3.13503562666e-07, 2.57170199802e-07, 1.90525966559e-07, 1.65258740026e-07, 1.39131984156e-07, 1.25828577779e-07, 1.00335569186e-07, 1.07781794156e-07, 8.36756797185e-08], "dvar2": [5.95032179262e-06, 5.75307831241e-06, 1.04031289538e-06, 2.43113231591e-06, 9.23658717511e-07, 4.2077431317e-07, 5.38191159194e-07, 6.45007901312e-07, 7.45725458273e-07, 1.61115156061e-06, 3.27353433249e-07, 1.66224097597e-07, 1.14757533254e-07, 5.36949933405e-08, 2.10750794594e-08, 1.55239447963e-08, 1.17780984965e-09, 1.1575166381e-09, 3.74847236584e-10, 3.71903896568e-10, 3.26537408224e-10, 5.17055454008e-10, 1.87377349747e-10, 7.77159031573e-11, 5.56008850072e-11, 4.58032778372e-11, 3.95939565856e-11, 1.64732776031e-11, 1.74738834513e-11, 1.16462169769e-11, 1.14595589962e-11, 9.09705730884e-12, 6.2356357057e-12, 2.67473283105e-12, 1.39899517752e-12, 9.77302440364e-13, 5.13519185941e-13, 3.99646759913e-13, 5.67540426547e-13, 5.52241954423e-13], "var": [3.52619326804e-06, 3.1380168366e-06, 7.06283913132e-07, 9.75475586529e-07, 3.80658207177e-07, 3.83142094051e-07, 8.70661096997e-07, 1.05650542537e-06, 1.07156586182e-06, 3.10333302878e-06, 7.39895654078e-07, 3.78738121753e-07, 2.127320613e-07, 1.4689493355e-07, 4.99913745955e-08, 6.41155608605e-08, 1.58754009938e-09, 1.59528812382e-09, 6.86004253403e-10, 4.41678360552e-10, 5.77151215708e-10, 8.0971845895e-10, 2.09335132562e-10, 6.62206608992e-11, 4.65857387388e-11, 3.03558324311e-11, 3.18772959418e-11, 1.09175975552e-11, 1.27569474082e-11, 7.85789489033e-12, 7.63311028967e-12, 5.87779521236e-12, 4.91908987502e-12, 2.12365021401e-12, 1.25698984641e-12, 8.30456580239e-13, 5.30615211058e-13, 4.85060830478e-13, 6.13909205589e-13, 5.36093901476e-13], "dmean2": [0.000898469006643, 0.00101863953751, 0.000525465409737, 0.0006984071224, 0.000483262265334, 0.000362915481674, 0.000431112392107, 0.000378424912924, 0.000356407428626, 0.000439412513515, 0.000254155602306, 0.000182178569958, 0.00012245241669, 7.72779239924e-05, 5.27361553395e-05, 3.66951680917e-05, 1.33715657284e-05, 1.09888442239e-05, 7.90921330918e-06, 7.63656589697e-06, 7.5929851846e-06, 8.56483984535e-06, 5.8556561271e-06, 4.35343736171e-06, 2.89155400424e-06, 2.43831595981e-06, 2.56769772022e-06, 1.50268988364e-06, 1.61056573234e-06, 1.28926842535e-06, 1.18287084661e-06, 9.9149599464e-07, 8.50133915264e-07, 5.39728716831e-07, 4.3112808612e-07, 3.57030927489e-07, 2.77208130228e-07, 2.48424385063e-07, 2.77740497268e-07, 2.67628081474e-07], "max": [0.0320190265775, 0.0297745503485, 0.0184321552515, 0.0191072188318, 0.0168307814747, 0.00903795938939, 0.0087931426242, 0.0120652299374, 0.0140264779329, 0.0244844499975, 0.0102696055546, 0.00865426845849, 0.00826039817184, 0.00589564675465, 0.00304531981237, 0.00424382183701, 0.00126276025549, 0.00146809732541, 0.000873463286553, 0.000372042413801, 0.000472893269034, 0.000799814297352, 0.000256928469753, 0.000107371139165, 0.000147212005686, 0.000149791929289, 0.000118527947052, 6.76560521242e-05, 5.89850606048e-05, 6.54561226838e-05, 6.62834863761e-05, 5.53203026357e-05, 5.37872838322e-05, 3.6892353819e-05, 1.84038108273e-05, 1.72037471202e-05, 1.42536164276e-05, 1.56828282343e-05, 1.70475432242e-05, 1.33063067551e-05], "dmean": [0.000566569331568, 0.000626651395578, 0.000318750622682, 0.000404280202929, 0.000282749766484, 0.000223146678763, 0.000279856671114, 0.00024735039915, 0.000245690549491, 0.000310393836116, 0.000176609537448, 0.000125686172396, 8.40223729028e-05, 5.31937585038e-05, 3.63293402188e-05, 2.6033982067e-05, 8.62753313413e-06, 7.08141806172e-06, 5.11918642587e-06, 4.97062319482e-06, 4.95539870826e-06, 5.60901571589e-06, 3.77951550945e-06, 2.66154370365e-06, 1.7701422621e-06, 1.47286095853e-06, 1.55288205406e-06, 9.06964885417e-07, 9.74663976194e-07, 7.86092073213e-07, 7.3837253467e-07, 6.21742969997e-07, 5.41799408893e-07, 3.4860400433e-07, 2.7516858836e-07, 2.26199759368e-07, 1.79531340905e-07, 1.64163722616e-07, 1.87319173506e-07, 1.80328811439e-07]}, "spectral_decrease": {"dvar": 9.02776979606e-18, "mean": -7.40682182254e-09, "min": -4.83114241945e-08, "median": -6.43141007117e-09, "dvar2": 2.17674298729e-17, "var": 2.57926131563e-17, "dmean2": 3.21055471098e-09, "max": 2.79446762381e-19, "dmean": 2.09641992654e-09}, "spectral_rolloff": {"dvar": 103091.8125, "mean": 1066.57897949, "min": 21.533203125, "median": 839.794921875, "dvar2": 227580.40625, "var": 3556869.75, "dmean2": 213.278396606, "max": 19918.2128906, "dmean": 123.414237976}, "melbands_crest": {"dvar": 6.95137834549, "mean": 12.9079904556, "min": 1.5048661232, "median": 11.9733533859, "dvar2": 17.2568302155, "var": 23.5762825012, "dmean2": 4.35827112198, "max": 39.179107666, "dmean": 2.71897363663}, "barkbands_skewness": {"dvar": 0.202403619885, "mean": 1.04972779751, "min": -2.81024670601, "median": 0.998872756958, "dvar2": 0.447531878948, "var": 1.21752393246, "dmean2": 0.648864269257, "max": 7.61951303482, "dmean": 0.423670887947}, "spectral_centroid": {"dvar": 21124.1796875, "mean": 934.931335449, "min": 255.653411865, "median": 777.131469727, "dvar2": 47319.7109375, "var": 1172084.75, "dmean2": 155.821456909, "max": 12085.2675781, "dmean": 99.2182235718}, "spectral_energyband_middle_low": {"dvar": 7.83412615419e-05, "mean": 0.0181653648615, "min": 1.32689749028e-22, "median": 0.0146239791065, "dvar2": 0.000195652537514, "var": 0.000224916089792, "dmean2": 0.00887536536902, "max": 0.166462168097, "dmean": 0.00573734287173}, "erbbands_crest": {"dvar": 6.93175506592, "mean": 14.0198087692, "min": 2.4295156002, "median": 13.0848922729, "dvar2": 15.8710260391, "var": 34.7569122314, "dmean2": 3.91610789299, "max": 33.4670066833, "dmean": 2.5405163765}, "dynamic_complexity": 2.58907699585, "spectral_energyband_low": {"dvar": 4.8664300266e-05, "mean": 0.00551178958267, "min": 1.24975801669e-23, "median": 0.00209843250923, "dvar2": 0.000113439251436, "var": 8.19893612061e-05, "dmean2": 0.00471146591008, "max": 0.128554984927, "dmean": 0.00303164427169}, "silence_rate_60dB": {"dvar": 0.00602745031938, "mean": 0.0391382016242, "min": 0, "median": 0, "dvar2": 0.0144737074152, "var": 0.0376008190215, "dmean2": 0.0121271181852, "max": 1, "dmean": 0.00606323080137}, "erbbands_kurtosis": {"dvar": 8.40263748169, "mean": 4.11019229889, "min": -1.74137210846, "median": 2.69070291519, "dvar2": 18.0085086823, "var": 27.5851078033, "dmean2": 2.92479467392, "max": 72.8958282471, "dmean": 1.95544672012}, "spectral_complexity": {"dvar": 7.56019306183, "mean": 13.3822879791, "min": 0, "median": 13, "dvar2": 16.0308322906, "var": 33.1577148438, "dmean2": 3.39851665497, "max": 56, "dmean": 2.12927675247}, "barkbands_crest": {"dvar": 5.0549697876, "mean": 11.3562221527, "min": 2.59425520897, "median": 10.4496355057, "dvar2": 12.0555591583, "var": 18.7034721375, "dmean2": 3.68108296394, "max": 26.3545036316, "dmean": 2.32698988914}, "spectral_energy": {"dvar": 0.000140961594298, "mean": 0.0296537857503, "min": 9.63496584769e-21, "median": 0.0257878303528, "dvar2": 0.000339608552167, "var": 0.000409436092013, "dmean2": 0.0126779135317, "max": 0.191780388355, "dmean": 0.00829394813627}, "spectral_spread": {"dvar": 605778411520, "mean": 4505696, "min": 635501.25, "median": 3991264, "dvar2": 1194191749120.0, "var": 16055344824300.0, "dmean2": 782567.9375, "max": 44175088, "dmean": 537977.1875}, "spectral_contrast_valleys": {"dvar": [0.126324832439, 0.0843930616975, 0.100763335824, 0.1078806445, 0.0658757537603, 0.110504388809], "mean": [-7.66721105576, -6.78176403046, -7.84853982925, -8.85055541992, -8.47013568878, -10.8182134628], "min": [-28.5409832001, -28.2207984924, -27.9001560211, -27.6765861511, -27.5205898285, -27.4031448364], "median": [-7.355717659, -6.4753780365, -7.58642148972, -8.64519500732, -8.22011375427, -10.563378334], "dvar2": [0.284331589937, 0.2051499933, 0.238008022308, 0.240342706442, 0.133374601603, 0.208122909069], "var": [5.55108833313, 5.30486631393, 5.04211139679, 4.7944984436, 4.90222167969, 4.14659023285], "dmean2": [0.621516466141, 0.513387262821, 0.52995800972, 0.49831533432, 0.329840511084, 0.328848898411], "max": [-5.12910985947, -4.04942512512, -5.19765853882, -5.75848579407, -5.69212961197, -8.12798404694], "dmean": [0.382647663355, 0.313569575548, 0.324443310499, 0.308157920837, 0.206856355071, 0.242273494601]}, "spectral_rms": {"dvar": 6.60704472466e-07, "mean": 0.00505435327068, "min": 3.06593639365e-12, "median": 0.00501586077735, "dvar2": 1.5069665551e-06, "var": 3.38402514899e-06, "dmean2": 0.00105988990981, "max": 0.0136785535142, "dmean": 0.000705803278834}, "barkbands_spread": {"dvar": 11.5888490677, "mean": 11.5201892853, "min": 0.884757816792, "median": 10.0455513, "dvar2": 25.3433933258, "var": 47.4556770325, "dmean2": 3.86216521263, "max": 137.779586792, "dmean": 2.55492520332}, "pitch_salience": {"dvar": 0.00342897349037, "mean": 0.531665086746, "min": 0.0400122590363, "median": 0.537513196468, "dvar2": 0.00855842418969, "var": 0.0141464639455, "dmean2": 0.0995069891214, "max": 0.949291884899, "dmean": 0.0620671957731}, "erbbands_skewness": {"dvar": 0.146172955632, "mean": 1.02316308022, "min": -2.52228474617, "median": 0.999044954777, "dvar2": 0.314602762461, "var": 1.00033068657, "dmean2": 0.556365132332, "max": 6.19822025299, "dmean": 0.371965438128}, "spectral_energyband_middle_high": {"dvar": 1.00522611319e-05, "mean": 0.00642191898078, "min": 1.03267976189e-21, "median": 0.00391670176759, "dvar2": 2.23983843171e-05, "var": 4.92144426971e-05, "dmean2": 0.00280871684663, "max": 0.0685779154301, "dmean": 0.001924399985}, "erbbands": {"dvar": [0.0392988026142, 1.10505449772, 11.4474658966, 12.6527900696, 47.3719444275, 409.716430664, 208.28767395, 326.953826904, 1020.62579346, 2032.81054688, 4401.69726563, 21046.5234375, 5744.17138672, 4685.34326172, 3296.59960938, 1739.69958496, 1066.36218262, 189.357345581, 124.452171326, 56.4274864197, 107.414474487, 157.970809937, 45.6572608948, 29.0259513855, 24.0863628387, 14.8527870178, 14.520866394, 11.5763788223, 10.3907499313, 4.02458000183, 1.53998243809, 0.542371273041, 0.346077412367, 0.334004849195, 0.221954166889, 0.0912711769342, 0.0209935288876, 0.00139334052801, 2.14409465116e-05, 3.9061731627e-08], "mean": [0.0968737751245, 0.771198928356, 1.75854074955, 2.73215508461, 5.73474311829, 10.6483373642, 13.10592556, 21.6080799103, 42.0778923035, 55.9294319153, 62.4428100586, 114.074226379, 96.6626663208, 81.6368026733, 55.995475769, 43.0498161316, 30.4435901642, 13.3830947876, 8.34619522095, 6.77522182465, 9.69523906708, 10.6854486465, 7.09214687347, 4.61549806595, 3.85743498802, 3.05558085442, 2.85370659828, 2.38043475151, 2.0106613636, 1.35588932037, 0.980627000332, 0.659904897213, 0.50717151165, 0.416752547026, 0.244076758623, 0.111527182162, 0.0369878970087, 0.00806619413197, 0.00105918792542, 7.63781863498e-05], "min": [2.069572325e-23, 1.73660432899e-22, 9.82574043491e-22, 3.3845548791e-21, 6.29595154261e-21, 2.20022207342e-20, 1.95892088715e-20, 5.06602307138e-20, 6.42807223894e-20, 1.64574665601e-19, 2.30653652793e-19, 2.75620871102e-19, 4.4038599504e-19, 5.25720325175e-19, 6.93560079449e-19, 1.30118343448e-18, 1.55311669627e-18, 1.48558132837e-18, 2.55595128325e-18, 2.51278134747e-18, 3.35305581553e-18, 4.71611525496e-18, 5.07664936957e-18, 4.92925322904e-18, 7.31808259569e-18, 8.31296663281e-18, 8.48209694394e-18, 8.03318106242e-18, 1.04847624183e-17, 1.0354514559e-17, 9.9144015336e-18, 9.25288617259e-18, 1.00093353981e-17, 7.99721359503e-18, 6.09898463609e-18, 4.34526206221e-18, 2.21684859114e-18, 9.25496198234e-19, 2.48291211404e-19, 2.62013530306e-20], "median": [0.019252454862, 0.201435744762, 0.586627066135, 1.29915297031, 2.850928545, 4.97018241882, 7.67816257477, 11.1504411697, 20.2442550659, 19.4569339752, 19.0121517181, 26.9015159607, 29.5630950928, 27.1045627594, 15.5778722763, 11.7833929062, 7.05432462692, 4.93745613098, 3.63709902763, 3.12523794174, 3.19083285332, 3.33713698387, 3.39939713478, 2.19239258766, 1.43515980244, 1.09834635258, 0.912150382996, 0.769382417202, 0.566773176193, 0.379423350096, 0.291610598564, 0.21383176744, 0.150891542435, 0.110883101821, 0.0508594289422, 0.0159719604999, 0.00304607767612, 0.000443107681349, 4.88613004563e-05, 3.65003616025e-05], "dvar2": [0.103210665286, 2.72881960869, 29.0561580658, 32.0146064758, 129.416885376, 1152.86987305, 607.536132813, 889.555541992, 2426.04272461, 4622.60009766, 10340.2705078, 41502.9726563, 12541.2919922, 9740.91210938, 7599.92480469, 3853.5144043, 2140.74853516, 422.840454102, 300.995697021, 136.953231812, 235.484924316, 353.235839844, 116.298995972, 74.4760360718, 61.2804527283, 37.3511314392, 36.0369033813, 28.3422451019, 24.6126155853, 8.8446598053, 3.64992880821, 1.23709130287, 0.733394384384, 0.72106051445, 0.506015062332, 0.226847067475, 0.0536890178919, 0.00373140349984, 5.4971260397e-05, 1.00153130234e-07], "var": [0.0475970506668, 1.95897459984, 13.9784011841, 20.5175094604, 81.5366973877, 401.670043945, 288.844085693, 814.335876465, 3223.59960938, 8499.39160156, 11727.1132813, 74918.5546875, 28219.8359375, 22402.3613281, 14783.9726563, 8666.16992188, 6815.49511719, 862.166687012, 363.718963623, 144.110778809, 417.028594971, 547.682373047, 113.115982056, 64.1492385864, 51.5393981934, 29.92395401, 28.4484825134, 20.9654197693, 18.2181663513, 8.25446891785, 3.57755446434, 1.44088900089, 0.984811961651, 0.787544429302, 0.350330233574, 0.104380749166, 0.0195541344583, 0.00113064760808, 1.89668062376e-05, 3.44774804262e-08], "dmean2": [0.107354305685, 0.703494906425, 2.17009449005, 2.63676071167, 5.91074132919, 13.9719648361, 12.6282253265, 16.0731964111, 27.6334667206, 33.5619392395, 40.8861618042, 67.7214889526, 50.1093978882, 43.8290748596, 31.831577301, 24.0222549438, 16.8575305939, 8.38499164581, 6.02156162262, 4.85792684555, 6.4100561142, 7.42562055588, 5.17639303207, 3.4193751812, 2.97951412201, 2.30510854721, 2.35483789444, 1.85472524166, 1.66201031208, 0.979240775108, 0.686667084694, 0.425419688225, 0.327137410641, 0.307632684708, 0.22447244823, 0.131478130817, 0.0539983958006, 0.0134825548157, 0.00179434847087, 8.51997465361e-05], "max": [3.55577969551, 22.0700092316, 68.1748046875, 108.72467804, 136.567947388, 443.59564209, 470.183349609, 391.979034424, 572.155639648, 962.273132324, 1478.47912598, 4359.54541016, 2038.88110352, 1868.69604492, 1923.04528809, 1383.17675781, 1304.6015625, 768.648742676, 622.590881348, 275.110931396, 393.685455322, 614.147888184, 158.041107178, 155.555633545, 139.00163269, 91.1541900635, 90.7114334106, 85.2794723511, 92.9863739014, 58.803653717, 28.9791316986, 21.837802887, 22.1888694763, 15.6220979691, 10.5230121613, 5.7969121933, 4.9634885788, 1.24292075634, 0.129532575607, 0.00626756297424], "dmean": [0.065683349967, 0.444443583488, 1.31288254261, 1.60719871521, 3.48557782173, 8.00420188904, 7.49045610428, 9.88848304749, 17.8131465912, 21.931312561, 27.5420665741, 47.6022224426, 34.8465499878, 30.2882061005, 21.6706752777, 16.6209640503, 11.7931222916, 5.56778049469, 3.88837528229, 3.13338541985, 4.21827220917, 4.88387203217, 3.21385717392, 2.10507321358, 1.823133111, 1.40205204487, 1.43258786201, 1.16566944122, 1.05378723145, 0.649305105209, 0.446141183376, 0.281493425369, 0.224137634039, 0.212465554476, 0.151999250054, 0.0856961160898, 0.0344019792974, 0.0082152588293, 0.00110991008114, 5.32911071787e-05]}, "dissonance": {"dvar": 0.00100949825719, "mean": 0.415616035461, "min": 0.174764320254, "median": 0.423489838839, "dvar2": 0.00274674873799, "var": 0.00280715385452, "dmean2": 0.0593015290797, "max": 0.500000059605, "dmean": 0.0350023321807}, "erbbands_flatness_db": {"dvar": 0.000485210242914, "mean": 0.21077157557, "min": 0.0398411117494, "median": 0.207904145122, "dvar2": 0.00089481996838, "var": 0.003998441156, "dmean2": 0.0292705688626, "max": 0.462692141533, "dmean": 0.0208203941584}, "melbands_kurtosis": {"dvar": 34.4420967102, "mean": 6.03358983994, "min": -1.7195122242, "median": 3.15702676773, "dvar2": 79.4686355591, "var": 104.020599365, "dmean2": 4.77595043182, "max": 197.471099854, "dmean": 3.03379774094}, "melbands_spread": {"dvar": 13.9691505432, "mean": 15.9519691467, "min": 1.25825083256, "median": 13.8078765869, "dvar2": 33.5236320496, "var": 196.319381714, "dmean2": 4.60052919388, "max": 167.435577393, "dmean": 2.99260759354}, "melbands_skewness": {"dvar": 0.278364509344, "mean": 1.1882468462, "min": -2.35255002975, "median": 1.00305521488, "dvar2": 0.622652053833, "var": 1.54461920261, "dmean2": 0.727314352989, "max": 11.4323749542, "dmean": 0.473763763905}, "spectral_entropy": {"dvar": 0.032077934593, "mean": 6.98398685455, "min": 4.56718111038, "median": 6.97962379456, "dvar2": 0.0639287531376, "var": 0.400122255087, "dmean2": 0.252844691277, "max": 9.82902622223, "dmean": 0.170883134007}, "zerocrossingrate": {"dvar": 5.7138982811e-05, "mean": 0.0462558791041, "min": 0, "median": 0.0380859375, "dvar2": 9.17712459341e-05, "var": 0.00252374005504, "dmean2": 0.0067099747248, "max": 0.52880859375, "dmean": 0.00536633562297}, "average_loudness": 0.672195315361, "spectral_contrast_coeffs": {"dvar": [0.00180599233136, 0.00139863521326, 0.00128535553813, 0.000750533537939, 0.00022467499366, 0.000181724695722], "mean": [-0.643178641796, -0.679579377174, -0.654343426228, -0.734012067318, -0.797846615314, -0.785526394844], "min": [-0.982517659664, -0.982732772827, -0.98129683733, -0.978527367115, -0.967851042747, -0.965307474136], "median": [-0.646159410477, -0.678361237049, -0.652138769627, -0.741562247276, -0.798690795898, -0.783069908619], "dvar2": [0.00485480902717, 0.00362367159687, 0.00307772983797, 0.001796674449, 0.000572902034037, 0.000434560759459], "var": [0.00761366821826, 0.00717198755592, 0.0102830333635, 0.0067049395293, 0.00192140741274, 0.00138825294562], "dmean2": [0.0833106637001, 0.0716097503901, 0.0627736523747, 0.049722455442, 0.0294365603477, 0.0229563228786], "max": [-0.270277798176, -0.400819033384, -0.349029481411, -0.405086219311, -0.616797864437, -0.657893896103], "dmean": [0.0499260388315, 0.0445112027228, 0.0396817475557, 0.031086910516, 0.0179982110858, 0.0141365118325]}, "barkbands_flatness_db": {"dvar": 0.000367216300219, "mean": 0.178938806057, "min": 0.0235203877091, "median": 0.177736714482, "dvar2": 0.000733204826247, "var": 0.0030935020186, "dmean2": 0.0287867542356, "max": 0.445377230644, "dmean": 0.0197097659111}, "silence_rate_30dB": {"dvar": 0.00559799186885, "mean": 0.994694948196, "min": 0, "median": 1, "dvar2": 0.0135157173499, "var": 0.00527682900429, "dmean2": 0.0112608950585, "max": 1, "dmean": 0.00563014298677}, "spectral_energyband_high": {"dvar": 1.10311496826e-07, "mean": 0.00027747603599, "min": 6.93974564791e-21, "median": 9.06899149413e-05, "dvar2": 2.43608297978e-07, "var": 2.5376391477e-07, "dmean2": 0.000177252644789, "max": 0.00824902113527, "dmean": 0.000120916040032}, "melbands_flatness_db": {"dvar": 0.000369664863683, "mean": 0.24649810791, "min": 0.00229054363444, "median": 0.248143017292, "dvar2": 0.000779214547947, "var": 0.00401251809672, "dmean2": 0.0289790891111, "max": 0.551560640335, "dmean": 0.0194043777883}, "barkbands": {"dvar": [4.04222589623e-07, 2.42717833316e-05, 9.62162448559e-06, 2.15027353079e-06, 1.69836912391e-05, 3.61808542948e-06, 6.44154260954e-06, 9.35879143071e-06, 3.1459989259e-05, 4.57849864688e-06, 3.75517015527e-06, 1.46133538692e-06, 5.37469247774e-07, 7.34153644544e-08, 2.47438265433e-08, 3.50553612805e-08, 4.11301890324e-08, 1.41652183316e-08, 9.62044310882e-09, 8.30594260037e-09, 7.88450993383e-09, 6.50131237734e-09, 2.12634110319e-09, 1.05602093736e-09, 3.22505089301e-09, 5.19994314274e-09, 6.95677127016e-10], "mean": [0.000134564383188, 0.003391162958, 0.00151292257942, 0.00108053139411, 0.00279190856963, 0.00231748749502, 0.00358250970021, 0.00239669973962, 0.00544054387137, 0.00212953705341, 0.00189785344992, 0.00121746375225, 0.000586260634009, 0.000198097797693, 0.000125438120449, 0.000159190167324, 0.000183217707672, 0.000116031056677, 6.90148226568e-05, 7.53659478505e-05, 6.73462272971e-05, 5.08060220454e-05, 3.59877230949e-05, 2.96025846183e-05, 3.65085943486e-05, 2.21258414967e-05, 5.61680099054e-06], "min": [6.25753657875e-25, 3.24624323671e-25, 9.62535437431e-25, 6.05752484053e-25, 8.1684621915e-24, 5.13832399782e-24, 7.21816721292e-24, 9.25127791356e-24, 1.05234557516e-23, 1.29410990671e-23, 5.76471347758e-24, 2.09470401349e-23, 3.01656402743e-23, 2.66475446735e-23, 2.92348727586e-23, 4.42371612414e-23, 5.77635572348e-23, 8.99014917671e-23, 1.32963654156e-22, 1.53846077117e-22, 1.85310949214e-22, 2.90477896617e-22, 3.40801037701e-22, 5.67777348009e-22, 8.5087218813e-22, 1.34775701735e-21, 1.74811394843e-21], "median": [1.3457982277e-05, 0.000823860347737, 0.000422805926064, 0.000460322597064, 0.00156874454115, 0.00125286693219, 0.00132905715145, 0.000566952570807, 0.00108152965549, 0.000511460297275, 0.000291666918201, 0.000256428291323, 0.00010645124712, 6.52109229122e-05, 4.54266810266e-05, 3.97035437345e-05, 5.31152145413e-05, 5.30306897417e-05, 2.75279016932e-05, 2.57466108451e-05, 2.17958240682e-05, 1.41603713928e-05, 1.06760326162e-05, 9.0651174105e-06, 8.98042799236e-06, 2.29504348681e-06, 1.66708176152e-07], "dvar2": [1.12701309263e-06, 5.96623685851e-05, 2.47158186539e-05, 5.62139393878e-06, 4.77378889627e-05, 1.01640225694e-05, 1.44328641909e-05, 2.27629752771e-05, 6.13826414337e-05, 9.2871769084e-06, 8.30700901133e-06, 3.14844191962e-06, 1.07302787455e-06, 1.67778196669e-07, 5.86391379898e-08, 7.98024757387e-08, 9.26414003288e-08, 3.59556970864e-08, 2.48079405907e-08, 2.10690860314e-08, 1.94449611968e-08, 1.50240015984e-08, 4.80980499873e-09, 2.26850360718e-09, 7.03254787737e-09, 1.31284441096e-08, 1.81923576204e-09], "var": [2.77190252973e-07, 4.1122410039e-05, 1.14550894068e-05, 3.58862348548e-06, 1.83392348845e-05, 8.37450716062e-06, 2.86228059849e-05, 2.59241369349e-05, 0.000126940562041, 1.94818167074e-05, 1.67607686308e-05, 9.073529327e-06, 3.46869364876e-06, 2.58720064039e-07, 7.77986173262e-08, 1.1879618711e-07, 1.40715329167e-07, 3.2092849267e-08, 1.75310521655e-08, 1.84845045936e-08, 1.53881618559e-08, 1.18827694351e-08, 4.92740870328e-09, 3.1231013331e-09, 6.47791242869e-09, 5.34924815554e-09, 5.80116343851e-10], "dmean2": [0.000315939629218, 0.00310629536398, 0.00196962663904, 0.00111601606477, 0.00317638344131, 0.00179876573384, 0.00220488477498, 0.00174414378125, 0.00302968174219, 0.00130465708207, 0.00110481819138, 0.000675200077239, 0.000356615375495, 0.000150463485625, 9.93096618913e-05, 0.000116228999104, 0.000131788285216, 8.95717384992e-05, 5.75522899453e-05, 5.88828042964e-05, 5.21442525496e-05, 4.07036786783e-05, 2.49584409175e-05, 1.84519958566e-05, 2.84465495497e-05, 2.98900886264e-05, 9.89076033875e-06], "max": [0.0088563580066, 0.108913086355, 0.0644213408232, 0.0521107390523, 0.0842779502273, 0.0513131134212, 0.0530364327133, 0.0702333971858, 0.140155181289, 0.0601825639606, 0.0556615591049, 0.0425695329905, 0.0304586477578, 0.0159456264228, 0.00790868792683, 0.00572157045826, 0.00889368262142, 0.0027102404274, 0.00243448605761, 0.00208002608269, 0.00228115310892, 0.00203477474861, 0.00101201317739, 0.000974002701696, 0.00130563555285, 0.00212190626189, 0.000768082332797], "dmean": [0.000175984663656, 0.00198263814673, 0.00118583149742, 0.000671155226883, 0.00184039445594, 0.00109753047582, 0.00144132750574, 0.00113190757111, 0.00217728922144, 0.00088363327086, 0.00075892516179, 0.000474003754789, 0.000246020994382, 9.69874818111e-05, 6.38973870082e-05, 7.61267656344e-05, 8.64307585289e-05, 5.55452243134e-05, 3.50954978785e-05, 3.5739656596e-05, 3.23323074554e-05, 2.61742170551e-05, 1.65003748407e-05, 1.25121669043e-05, 1.99408295884e-05, 1.92192201212e-05, 6.06519415669e-06]}, "erbbands_spread": {"dvar": 33.0569381714, "mean": 19.1555461884, "min": 1.21772348881, "median": 15.2005758286, "dvar2": 69.996963501, "var": 195.081542969, "dmean2": 6.40291070938, "max": 143.156494141, "dmean": 4.27000141144}, "barkbands_kurtosis": {"dvar": 11.2481575012, "mean": 4.48412799835, "min": -1.75778627396, "median": 2.90827155113, "dvar2": 25.3006858826, "var": 35.4484558105, "dmean2": 3.35408616066, "max": 87.0279312134, "dmean": 2.17869782448}, "spectral_flux": {"dvar": 0.000828964286484, "mean": 0.0685077160597, "min": 6.18623624549e-11, "median": 0.0569254532456, "dvar2": 0.00191998109221, "var": 0.00189626717474, "dmean2": 0.0386659167707, "max": 0.349367231131, "dmean": 0.0240770485252}, "silence_rate_20dB": {"dvar": 0, "mean": 1, "min": 1, "median": 1, "dvar2": 0, "var": 0, "dmean2": 0, "max": 1, "dmean": 0}, "gfcc": {"cov": [[22502.0371094, 513.573120117, -1365.99462891, 1009.49969482, -584.705749512, 472.915435791, -451.451263428, 473.493133545, -396.636169434, 70.3463058472, -545.093444824, 79.5592956543, -200.865646362], [513.573120117, 1541.1796875, -471.874633789, -181.967010498, -4.92275238037, -6.01968336105, 67.9507675171, -153.623626709, 63.3715362549, -144.831497192, 168.94102478, -109.408782959, 113.354888916], [-1365.99462891, -471.874633789, 806.22479248, 10.1086530685, 63.4913597107, 24.537853241, 77.8171920776, 56.2909736633, -26.7550392151, 96.4163589478, -31.792219162, 42.6646537781, -48.9580192566], [1009.49969482, -181.967010498, 10.1086530685, 566.044067383, 36.9228782654, 34.3189353943, -16.8533153534, 92.6355209351, 21.7816295624, 7.06051492691, -71.829536438, -24.6328277588, -19.4947128296], [-584.705749512, -4.92275238037, 63.4913597107, 36.9228782654, 345.638153076, 68.0439987183, 35.6617698669, 29.2442951202, 71.9884414673, 19.5223712921, 21.7871685028, 32.2864112854, 12.6473751068], [472.915435791, -6.01968336105, 24.537853241, 34.3189353943, 68.0439987183, 222.043838501, 64.1006240845, -0.444432109594, -44.4001464844, 37.4527816772, 38.5305252075, 19.2021026611, 0.0278239659965], [-451.451263428, 67.9507675171, 77.8171920776, -16.8533153534, 35.6617698669, 64.1006240845, 168.096664429, 15.5701656342, 9.98857784271, -16.8191680908, 31.4020366669, -1.47380638123, 20.6060009003], [473.493133545, -153.623626709, 56.2909736633, 92.6355209351, 29.2442951202, -0.444432109594, 15.5701656342, 181.786849976, 61.2265129089, 4.63226795197, -65.8713150024, 23.6508655548, 9.28916549683], [-396.636169434, 63.3715362549, -26.7550392151, 21.7816295624, 71.9884414673, -44.4001464844, 9.98857784271, 61.2265129089, 147.099060059, 27.3086299896, 0.779287874699, -21.8412303925, 21.9568881989], [70.3463058472, -144.831497192, 96.4163589478, 7.06051492691, 19.5223712921, 37.4527816772, -16.8191680908, 4.63226795197, 27.3086299896, 132.790084839, 46.2555999756, 17.0688648224, -40.8254966736], [-545.093444824, 168.94102478, -31.792219162, -71.829536438, 21.7871685028, 38.5305252075, 31.4020366669, -65.8713150024, 0.779287874699, 46.2555999756, 155.248504639, 34.0767364502, 10.8232069016], [79.5592956543, -109.408782959, 42.6646537781, -24.6328277588, 32.2864112854, 19.2021026611, -1.47380638123, 23.6508655548, -21.8412303925, 17.0688648224, 34.0767364502, 109.249862671, 31.624288559], [-200.865646362, 113.354888916, -48.9580192566, -19.4947128296, 12.6473751068, 0.0278239659965, 20.6060009003, 9.28916549683, 21.9568881989, -40.8254966736, 10.8232069016, 31.624288559, 99.2130813599]], "mean": [-36.633392334, 116.349822998, -108.002601624, 4.07388782501, -70.135383606, 7.51652050018, -29.1927108765, 11.0400381088, -22.0557785034, -2.04496407509, -11.6412286758, 0.90089482069, -6.366127491], "icov": [[0.000141286713188, -0.00031476910226, 0.000284261448542, -0.000184846663615, 0.00019344460452, -0.000271395663731, 9.59777244134e-05, -0.00039435524377, 0.000558025145438, -0.000801375659648, 0.00102481327485, -0.000691534252837, 0.000397412950406], [-0.00031476910226, 0.00210967776366, -0.000282399589196, 0.000638626224827, -0.000458357477328, 0.000351846741978, -0.000109848886495, 0.00104130210821, -0.0018163115019, 0.00342308310792, -0.0043588927947, 0.00345238833688, -0.00189228111412], [0.000284261448542, -0.000282399589196, 0.00250207819045, -0.000252141209785, -0.000181219031219, 0.000350655260263, -0.00140934879892, -0.00108520919457, 0.00250631803647, -0.00361873139627, 0.00277072237805, -0.00127625023015, 0.000561417662539], [-0.000184846663615, 0.000638626224827, -0.000252141209785, 0.00236134463921, -0.000499067537021, -0.000106932951894, 0.000256859057117, -0.000543913454749, -0.000560882152058, 0.00109681603499, -0.0012008555932, 0.00196384685114, -0.0006226162659], [0.00019344460452, -0.000458357477328, -0.000181219031219, -0.000499067537021, 0.00464823609218, -0.00280163041316, 0.000475264183478, 0.000850282900501, -0.00388801377267, 0.00115870800801, 0.00156842672732, -0.00382652366534, 0.00234363833442], [-0.000271395663731, 0.000351846741978, 0.000350655260263, -0.000106932951894, -0.00280163041316, 0.00891903135926, -0.00365674658678, -0.00113332492765, 0.0057499636896, -0.00413733767346, -0.00215845019557, 0.00328916730359, -0.00336717278697], [9.59777244134e-05, -0.000109848886495, -0.00140934879892, 0.000256859057117, 0.000475264183478, -0.00365674658678, 0.00953506305814, -0.00175492023118, -0.00178662664257, 0.00429183896631, -0.00311826635152, 0.00142887257971, -0.000154617693624], [-0.00039435524377, 0.00104130210821, -0.00108520919457, -0.000543913454749, 0.000850282900501, -0.00113332492765, -0.00175492023118, 0.0125551605597, -0.00902069732547, 0.00351087097079, 0.00280862627551, -0.00470455782488, 0.00108463340439], [0.000558025145438, -0.0018163115019, 0.00