{"tonal": {"chords_key": "C", "hpcp_entropy": {"dmean": 0.638607740402, "dmean2": 1.05022108555, "max": 4.65401268005, "dvar": 0.28170311451, "mean": 2.02646875381, "dvar2": 0.74106580019, "min": 0, "var": 0.592818260193, "median": 2.02076053619}, "key_key": "G", "chords_strength": {"dmean": 0.0128829423338, "dmean2": 0.0135186938569, "max": 0.814685285091, "dvar": 0.000389965454815, "mean": 0.507978618145, "dvar2": 0.000708543229848, "min": -1, "var": 0.0142266163602, "median": 0.508222937584}, "key_scale": "major", "chords_number_rate": 0.00228554010391, "thpcp": [1, 0.55793762207, 0.274690657854, 0.206359654665, 0.181654706597, 0.270317196846, 0.330544769764, 0.340694248676, 0.561368346214, 0.60094422102, 0.353287726641, 0.313295304775, 0.342576414347, 0.329585552216, 0.656553030014, 0.844492375851, 0.468812525272, 0.221931874752, 0.208195462823, 0.257974386215, 0.559358417988, 0.65255010128, 0.553012371063, 0.619084775448, 0.434931308031, 0.21054443717, 0.257530868053, 0.306498795748, 0.380821764469, 0.806667506695, 0.944872319698, 0.560465693474, 0.415565252304, 0.435920000076, 0.52078795433, 0.909299015999], "key_strength": 0.613841414452, "tuning_nontempered_energy_ratio": 0.924847364426, "tuning_frequency": 434.193115234, "chords_changes_rate": 0.0755751952529, "tuning_diatonic_strength": 0.575085580349, "chords_scale": "major", "chords_histogram": [15.0540914536, 0.944689929485, 2.75788521767, 2.13317084312, 7.7708363533, 1.09705924988, 0.319975614548, 0.228554010391, 0.0914216041565, 0.319975614548, 1.11229622364, 0.548529624939, 2.83406972885, 1.35608720779, 1.98080146313, 0.365686416626, 1.44750881195, 4.952003479, 0.457108020782, 16.0444927216, 2.1026968956, 13.9265575409, 21.3012332916, 0.853268325329], "tuning_equal_tempered_deviation": 0.215875610709, "hpcp": {"dmean": [0.181058511138, 0.17147244513, 0.13501188159, 0.0872166454792, 0.0664341375232, 0.0602917969227, 0.0765450894833, 0.087921127677, 0.0981987118721, 0.120328716934, 0.114723220468, 0.0939517989755, 0.0864782184362, 0.0876864492893, 0.0939999744296, 0.12659278512, 0.12660600245, 0.101348675787, 0.0653662607074, 0.0584746897221, 0.0769373551011, 0.118078328669, 0.118703007698, 0.13803255558, 0.183210372925, 0.121167331934, 0.0687848702073, 0.0758673027158, 0.0843569263816, 0.112001940608, 0.166487514973, 0.180099532008, 0.14911454916, 0.122281573713, 0.124275252223, 0.143930330873], "dmean2": [0.313979655504, 0.294865965843, 0.238749563694, 0.159607499838, 0.121387057006, 0.108728654683, 0.134063273668, 0.155666530132, 0.17627030611, 0.208922162652, 0.193021401763, 0.165122121572, 0.153236761689, 0.153295099735, 0.165475279093, 0.21718083322, 0.213469326496, 0.174873679876, 0.116609305143, 0.105352520943, 0.137112513185, 0.200957849622, 0.2016364187, 0.238219708204, 0.321864128113, 0.211404129863, 0.123569242656, 0.134174749255, 0.149799138308, 0.200837522745, 0.289077073336, 0.312525302172, 0.265156805515, 0.222262069583, 0.225801989436, 0.256872028112], "max": [1, 1, 1, 1, 1, 1, 1, 1, 1, 1, 1, 1, 1, 1, 1, 1, 1, 1, 1, 1, 1, 1, 1, 1, 1, 1, 1, 1, 1, 1, 1, 1, 1, 1, 1, 1], "dvar": [0.0676238909364, 0.0650243237615, 0.0491597168148, 0.0332622900605, 0.0261091329157, 0.0211907215416, 0.0251747183502, 0.0322559401393, 0.0339736565948, 0.0437097288668, 0.0390564277768, 0.0315293110907, 0.0316940359771, 0.031834486872, 0.0301316138357, 0.0412106774747, 0.0493639074266, 0.0314486585557, 0.0214312896132, 0.0210102796555, 0.0238241106272, 0.0378827080131, 0.0406085923314, 0.0386326387525, 0.0861622542143, 0.0381043367088, 0.0234900899231, 0.0265715736896, 0.0322344042361, 0.0386291481555, 0.0588976889849, 0.067613683641, 0.0548124276102, 0.049772799015, 0.0509415753186, 0.0510063432157], "mean": [0.233826488256, 0.257150262594, 0.143473803997, 0.0706367716193, 0.0530654378235, 0.0467125549912, 0.0695121362805, 0.0849996730685, 0.0876096189022, 0.144356012344, 0.154532968998, 0.0908480286598, 0.0805639699101, 0.0880936160684, 0.0847530141473, 0.168832778931, 0.217161431909, 0.120555266738, 0.057069838047, 0.053537517786, 0.0663381814957, 0.143839165568, 0.167803436518, 0.142207279801, 0.159197807312, 0.111842699349, 0.0541415587068, 0.0662241280079, 0.078816242516, 0.0979284197092, 0.207434758544, 0.242974162102, 0.144123896956, 0.106862716377, 0.112096942961, 0.133920758963], "dvar2": [0.165306583047, 0.153225287795, 0.131330907345, 0.0924076884985, 0.0730705708265, 0.0585596039891, 0.0666633397341, 0.0835003554821, 0.0936369597912, 0.111480921507, 0.0915496647358, 0.0828174799681, 0.0840240716934, 0.0789528563619, 0.0818258821964, 0.103666730225, 0.106371968985, 0.08367510885, 0.0573746226728, 0.0556566976011, 0.0648726001382, 0.0925306528807, 0.0910155549645, 0.0971887409687, 0.209569573402, 0.09246879071, 0.0645050033927, 0.0702767893672, 0.0825718417764, 0.103107199073, 0.144255101681, 0.167407587171, 0.145003005862, 0.133890941739, 0.136462450027, 0.137800440192], "min": [0, 0, 0, 0, 0, 0, 0, 0, 0, 0, 0, 0, 0, 0, 0, 0, 0, 0, 0, 0, 0, 0, 0, 0, 0, 0, 0, 0, 0, 0, 0, 0, 0, 0, 0, 0], "var": [0.107275627553, 0.127256244421, 0.0587066635489, 0.0274413842708, 0.0215915106237, 0.0155073869973, 0.0251593943685, 0.0368372872472, 0.0307635758072, 0.0675213560462, 0.0753906294703, 0.031150886789, 0.0337512120605, 0.0398387536407, 0.027917586267, 0.0666304826736, 0.115231797099, 0.041859164834, 0.0228215456009, 0.0243040565401, 0.0202924404293, 0.0573040321469, 0.0787827074528, 0.0472352951765, 0.0846279636025, 0.0432370081544, 0.019298106432, 0.026715926826, 0.036822181195, 0.0347592458129, 0.0884194895625, 0.113321006298, 0.0555385388434, 0.0509537197649, 0.0552139542997, 0.0535293519497], "median": [0.047471459955, 0.0443991832435, 0.023651542142, 0.00763760460541, 0.00529625313357, 0.00620745588094, 0.00908927153796, 0.0115245319903, 0.0141624985263, 0.0188476946205, 0.0197831671685, 0.0166231524199, 0.0115115027875, 0.0109003754333, 0.0185488630086, 0.032668877393, 0.0320725217462, 0.0188782494515, 0.00611284188926, 0.0042574070394, 0.011680373922, 0.0293973926455, 0.0331753082573, 0.0341963917017, 0.0176427718252, 0.010833106935, 0.00531727122143, 0.0057411105372, 0.00731099164113, 0.0199753530324, 0.0493552200496, 0.0539510287344, 0.0314392633736, 0.0101734241471, 0.00939094368368, 0.0235392190516]}}, "lowlevel": {"melbands_flatness_db": {"dmean": 0.0406447723508, "dmean2": 0.0559419430792, "max": 0.790079176426, "dvar": 0.00248031388037, "mean": 0.289849042892, "dvar2": 0.00457736710086, "min": -1.72573102475e-08, "var": 0.0173904728144, "median": 0.261032193899}, "melbands_crest": {"dmean": 3.41626000404, "dmean2": 5.41022872925, "max": 36.3427505493, "dvar": 11.7364940643, "mean": 15.925945282, "dvar2": 28.4751720428, "min": 1.00084555149, "var": 36.0937080383, "median": 15.1843452454}, "spectral_entropy": {"dmean": 0.322690546513, "dmean2": 0.445957899094, "max": 9.81838417053, "dvar": 0.185907483101, "mean": 7.03491735458, "dvar2": 0.343986302614, "min": 3.56750321388, "var": 0.874305784702, "median": 7.25407743454}, "melbands": {"dmean": [0.00190349319018, 0.0017920845421, 0.000689173524734, 0.000784833100624, 0.000228412769502, 0.000232028425671, 0.000258797139395, 0.000213318504393, 0.000131537948619, 9.57446100074e-05, 7.54702850827e-05, 4.49934304925e-05, 6.71807720209e-05, 6.43048406346e-05, 3.74248884327e-05, 2.87202346954e-05, 2.8197759093e-05, 2.12284066947e-05, 1.22414166981e-05, 1.03800066427e-05, 9.00419399841e-06, 6.1557857407e-06, 5.78572507948e-06, 5.40637211088e-06, 4.30183445133e-06, 4.1178968786e-06, 4.58121212432e-06, 3.41281429428e-06, 2.10506027543e-06, 1.93429377759e-06, 2.00002023121e-06, 1.27920850446e-06, 1.17346303341e-06, 1.16574153708e-06, 8.52219329772e-07, 8.98892494661e-07, 8.17682177967e-07, 5.80335324685e-07, 6.4141789835e-07, 4.9917969136e-07], "dmean2": [0.00313685182482, 0.00303467758931, 0.00115716864821, 0.001287703868, 0.000368301640265, 0.000367393688066, 0.000418028590502, 0.000346811197232, 0.000204984637094, 0.000148510211147, 0.00011424440163, 6.66282357997e-05, 0.000102640522528, 0.000100747070974, 5.90392519371e-05, 4.57036076114e-05, 4.4311855163e-05, 3.36925004376e-05, 1.96399523702e-05, 1.6672671336e-05, 1.4442624888e-05, 9.90052649286e-06, 9.36724791245e-06, 8.68849292601e-06, 7.05730371919e-06, 6.61366721033e-06, 7.47626108932e-06, 5.56614986635e-06, 3.39842858921e-06, 3.11882968163e-06, 3.28715032083e-06, 2.03186800718e-06, 1.86150202808e-06, 1.86624004073e-06, 1.38209350098e-06, 1.48131346123e-06, 1.32124102947e-06, 9.55390419222e-07, 1.05011861251e-06, 8.06583273061e-07], "max": [0.0618981979787, 0.0511000566185, 0.0187798235565, 0.0384539738297, 0.0124175129458, 0.0102196335793, 0.010583315976, 0.00937352050096, 0.00965257175267, 0.00623113568872, 0.00366182229482, 0.00269834185019, 0.00386183289811, 0.00568275526166, 0.00300744571723, 0.00157466647215, 0.00132435013074, 0.0014429759467, 0.00073896930553, 0.00119428115431, 0.000452451466117, 0.000265227077762, 0.000302185071632, 0.000362861756003, 0.000188004152733, 0.000349140493199, 0.000255314196693, 0.000176073794137, 0.000178681133548, 0.000262123823632, 0.000146556587424, 0.000195949323825, 0.000155971109052, 0.000149279556354, 8.30081553431e-05, 6.10405695625e-05, 6.07370275247e-05, 2.78236020677e-05, 5.56709783268e-05, 2.62600915448e-05], "dvar": [2.97678107017e-05, 2.8965598176e-05, 2.81396546598e-06, 6.72904525345e-06, 3.4105261193e-07, 4.16936160264e-07, 6.00624559866e-07, 3.95301015033e-07, 1.22389920421e-07, 7.41079304589e-08, 4.28880468917e-08, 1.6391444646e-08, 3.67751304964e-08, 4.2993040239e-08, 9.28694543489e-09, 6.32725694061e-09, 4.54532012029e-09, 3.0436893006e-09, 1.0162257702e-09, 7.85783882407e-10, 4.46616299499e-10, 2.14856063496e-10, 2.29377891681e-10, 2.20087378877e-10, 1.18956608453e-10, 1.26539959067e-10, 1.48363543673e-10, 8.26686288868e-11, 3.20910520379e-11, 3.28512113346e-11, 3.09555436839e-11, 1.76174803912e-11, 1.516298892e-11, 1.33347386952e-11, 7.40985744985e-12, 7.65782749712e-12, 5.78389116115e-12, 3.20855841895e-12, 4.42164013736e-12, 2.45905639601e-12], "mean": [0.00230177678168, 0.00225678062998, 0.000928469293285, 0.000945830077399, 0.000359518424375, 0.000363672705134, 0.000348497618688, 0.000288057286525, 0.000209346893826, 0.000151594751514, 0.000132064888021, 6.31480434095e-05, 9.75870134425e-05, 8.17327236291e-05, 5.32640733582e-05, 3.77488468075e-05, 4.09446620324e-05, 3.25150904246e-05, 2.00130943995e-05, 1.60270119522e-05, 1.34283154694e-05, 9.1527836048e-06, 8.26693394629e-06, 7.36897209208e-06, 6.20542232355e-06, 5.72891167394e-06, 5.5967739172e-06, 3.94828703065e-06, 2.91529090646e-06, 2.50203584073e-06, 2.36227742789e-06, 1.60552315265e-06, 1.4920204876e-06, 1.46505510656e-06, 9.85953761301e-07, 9.31695012696e-07, 8.53787526012e-07, 5.84364784117e-07, 6.40032055799e-07, 5.03475064306e-07], "dvar2": [7.54422435421e-05, 7.76725864853e-05, 7.79068795964e-06, 1.73132884811e-05, 8.64518085564e-07, 1.03617298919e-06, 1.54502788519e-06, 1.02630360743e-06, 2.89987411861e-07, 1.71351942413e-07, 9.43495948036e-08, 3.56054563611e-08, 8.3005311069e-08, 1.03667723295e-07, 2.17444107165e-08, 1.5503344386e-08, 1.07492823531e-08, 7.51950501865e-09, 2.53139953443e-09, 1.86184478945e-09, 1.06182385107e-09, 5.22451082396e-10, 5.92613569328e-10, 5.47328460332e-10, 3.05133779355e-10, 2.90962420824e-10, 3.65838331851e-10, 2.03385294717e-10, 7.91188503602e-11, 7.9410422682e-11, 7.64581245538e-11, 4.12898534807e-11, 3.53312760992e-11, 3.14682342684e-11, 1.78576840815e-11, 1.928885697e-11, 1.45129646148e-11, 8.2441050514e-12, 1.11368301733e-11, 6.20785844604e-12], "min": [6.62262633606e-25, 8.68495624742e-25, 1.5138251618e-24, 5.5640662133e-25, 1.27674613155e-24, 2.77825530108e-24, 1.84798378163e-24, 1.93295356746e-24, 1.53245992993e-24, 1.99795965035e-24, 1.3120028892e-24, 1.53308470777e-24, 2.06565772109e-24, 2.92322486128e-24, 3.23181363955e-24, 2.53184473657e-24, 1.73841810165e-24, 3.62654938133e-24, 2.95030369514e-24, 2.32544697211e-24, 3.70001441971e-24, 3.71743759609e-24, 3.62151289888e-24, 3.39790435884e-24, 4.76352750428e-24, 4.59543544487e-24, 4.7423611829e-24, 6.10570215374e-24, 5.1478968249e-24, 4.86724811939e-24, 5.28448532963e-24, 5.57272800465e-24, 4.88190397171e-24, 5.39337495582e-24, 5.56330624443e-24, 6.01704365432e-24, 5.78413602193e-24, 5.88881470861e-24, 6.33185989779e-24, 6.05528013683e-24], "var": [3.10259783873e-05, 2.60392844211e-05, 3.03693377646e-06, 6.46598437015e-06, 6.48376840218e-07, 7.72353132561e-07, 8.39635674765e-07, 5.16548197993e-07, 2.5251526381e-07, 1.69040021092e-07, 1.04546650448e-07, 2.62029438147e-08, 6.76470079952e-08, 5.24591747819e-08, 1.74416037169e-08, 9.50317247117e-09, 9.11200803699e-09, 6.88241375002e-09, 2.24634999491e-09, 1.48047163417e-09, 8.50277015463e-10, 3.51353363071e-10, 3.04170910681e-10, 2.88941953697e-10, 1.64532387714e-10, 2.01183417148e-10, 1.87568890975e-10, 8.94101112592e-11, 4.4716935016e-11, 4.19866849621e-11, 3.66389002471e-11, 2.3308084629e-11, 2.13991584869e-11, 1.81408620764e-11, 9.50119410231e-12, 7.75136552167e-12, 6.04011892585e-12, 3.11133974487e-12, 4.65123859567e-12, 2.5614490997e-12], "median": [0.00059868657263, 0.000688286032528, 0.000275577185676, 0.000239225424593, 9.72376219579e-05, 6.88449508743e-05, 5.38984495506e-05, 3.425066825e-05, 2.5279538022e-05, 1.41442069435e-05, 1.21493594634e-05, 6.43477915219e-06, 4.91472928843e-06, 4.52285803476e-06, 3.27279758494e-06, 2.58874479186e-06, 2.87144189315e-06, 2.46177023655e-06, 1.44808745972e-06, 1.38240125125e-06, 1.67324787981e-06, 1.42328826769e-06, 1.26388920307e-06, 9.27344899537e-07, 7.32115893243e-07, 9.08124548005e-07, 1.02764124676e-06, 6.45683769562e-07, 5.24663050783e-07, 4.92965284593e-07, 3.90560984442e-07, 1.93120783365e-07, 2.14928476794e-07, 2.34558257262e-07, 1.01400118524e-07, 9.03623273985e-08, 9.43341333937e-08, 5.77555034909e-08, 6.69376447604e-08, 4.7494676636e-08]}, "silence_rate_60dB": {"dmean": 0.0473940856755, "dmean2": 0.0947953984141, "max": 1, "dvar": 0.0451551787555, "mean": 0.17866666615, "dvar2": 0.0978537350893, "min": 0, "var": 0.146758839488, "median": 0}, "spectral_energyband_middle_high": {"dmean": 0.0017806320684, "dmean2": 0.00264619779773, "max": 0.0802223682404, "dvar": 1.3965074686e-05, "mean": 0.00370551389642, "dvar2": 3.16590994771e-05, "min": 1.05214839464e-21, "var": 3.42450221069e-05, "median": 0.00092137203319}, "erbbands_skewness": {"dmean": 0.638279438019, "dmean2": 0.932878434658, "max": 13.0585279465, "dvar": 0.606704592705, "mean": 0.974944114685, "dvar2": 1.29992222786, "min": -6.43707084656, "var": 2.15990686417, "median": 0.67183381319}, "dynamic_complexity": 6.18139982224, "dissonance": {"dmean": 0.0315774530172, "dmean2": 0.0505339689553, "max": 0.5, "dvar": 0.00117173278704, "mean": 0.429096609354, "dvar2": 0.00285810884088, "min": 0.0502908602357, "var": 0.00376998912543, "median": 0.446313500404}, "spectral_skewness": {"dmean": 0.437018811703, "dmean2": 0.657147526741, "max": 20.1790180206, "dvar": 0.484639704227, "mean": 2.3025598526, "dvar2": 1.0752440691, "min": -0.0747079327703, "var": 4.03224897385, "median": 1.81612432003}, "spectral_kurtosis": {"dmean": 4.92095899582, "dmean2": 7.70363473892, "max": 534.440734863, "dvar": 209.401367188, "mean": 13.7551870346, "dvar2": 516.022460938, "min": -1.2620241642, "var": 1483.46716309, "median": 5.33239173889}, "gfcc": {"cov": [[32185.3457031, -1740.31408691, -2548.93725586, 234.379684448, -137.831176758, 177.754837036, -408.938781738, 295.30090332, -170.701004028, 154.880386353, -350.569458008, 192.364624023, -404.409790039], [-1740.31408691, 2568.39013672, -117.044029236, -171.501678467, -125.67250061, -195.056427002, -129.541656494, -178.7862854, 29.3141670227, -48.5258827209, 102.602378845, -145.142929077, 149.519165039], [-2548.93725586, -117.044029236, 1931.24316406, 678.40637207, 381.316467285, -40.2173690796, 2.74019527435, -120.306350708, 2.51943397522, -64.7312927246, 5.24413490295, 0.18068665266, 12.1918964386], [234.379684448, -171.501678467, 678.40637207, 1661.44921875, 516.217895508, 169.209793091, -62.7502632141, 42.5550041199, -5.02792072296, -43.3628463745, -102.095596313, -25.6754417419, 13.8657226562], [-137.831176758, -125.67250061, 381.316467285, 516.217895508, 651.849304199, 196.440963745, 81.9462814331, -10.6587963104, 15.3463249207, -52.0852813721, -25.4683532715, -14.5867681503, -10.0611915588], [177.754837036, -195.056427002, -40.2173690796, 169.209793091, 196.440963745, 478.74029541, 236.061340332, 97.9155960083, -27.6210422516, -13.917514801, -24.7422924042, 6.66468238831, -39.0579948425], [-408.938781738, -129.541656494, 2.74019527435, -62.7502632141, 81.9462814331, 236.061340332, 371.104003906, 135.437026978, 23.2611122131, -23.3129730225, 18.3989238739, -6.06179046631, -35.0067901611], [295.30090332, -178.7862854, -120.306350708, 42.5550041199, -10.6587963104, 97.9155960083, 135.437026978, 278.092102051, 97.467956543, 18.6624164581, -27.7100524902, 13.664144516, -16.9079341888], [-170.701004028, 29.3141670227, 2.51943397522, -5.02792072296, 15.3463249207, -27.6210422516, 23.2611122131, 97.467956543, 187.377288818, 77.0574264526, 18.0686454773, -14.6478805542, 3.80160713196], [154.880386353, -48.5258827209, -64.7312927246, -43.3628463745, -52.0852813721, -13.917514801, -23.3129730225, 18.6624164581, 77.0574264526, 179.983581543, 66.2364120483, 5.74213886261, -11.4171504974], [-350.569458008, 102.602378845, 5.24413490295, -102.095596313, -25.4683532715, -24.7422924042, 18.3989238739, -27.7100524902, 18.0686454773, 66.2364120483, 154.759918213, 51.2431297302, 6.9271607399], [192.364624023, -145.142929077, 0.18068665266, -25.6754417419, -14.5867681503, 6.66468238831, -6.06179046631, 13.664144516, -14.6478805542, 5.74213886261, 51.2431297302, 121.582138062, 30.447769165], [-404.409790039, 149.519165039, 12.1918964386, 13.8657226562, -10.0611915588, -39.0579948425, -35.0067901611, -16.9079341888, 3.80160713196, -11.4171504974, 6.9271607399, 30.447769165, 112.054824829]], "mean": [-92.241607666, 92.82056427, -81.2404174805, 25.0667076111, -46.5088729858, 6.24993562698, -27.835773468, 4.89503288269, -20.4744205475, 5.06316804886, -13.8078718185, -0.218258887529, -9.92354011536], "icov": [[4.23623569077e-05, 4.43664839622e-06, 6.30735157756e-05, -2.03528015845e-05, -2.2746859031e-05, 1.15851562441e-05, 5.04599265696e-05, -1.90118316823e-05, 4.12120716646e-05, -6.464105536e-05, 0.000133501176606, -0.00015930031077, 0.000184562304639], [4.43664839622e-06, 0.000599521619733, 5.73535980948e-05, -3.97614758185e-06, 0.000114362788736, -8.09929988463e-05, 0.000215923326323, 0.000157493181177, -0.000242769296165, 0.000586221634876, -0.00100114732049, 0.0013207733864, -0.000945471110754], [6.30735157756e-05, 5.73535980948e-05, 0.000801176589448, -0.000311134848744, -0.000241634057602, 0.000330536888214, -0.000255043210927, 0.000469216291094, -0.00021398170793, 0.000146783655509, 6.28290654276e-05, -0.000344879546901, 0.000299116625683], [-2.03528015845e-05, -3.97614758185e-06, -0.000311134848744, 0.00102221244015, -0.000639986770693, -0.000317533471389, 0.000649058201816, -0.000623293744866, 0.000346183107467, -0.000180233357241, 0.000241996138357, 0.00032349061803, -0.000353174313204], [-2.2746859031e-05, 0.000114362788736, -0.000241634057602, -0.000639986770693, 0.00263981055468, -0.000976331648417, -0.000232205886277, 0.000946927233599, -0.00124202168081, 0.00106162577868, -0.000473710533697, 0.000306311412714, -6.58012795611e-05], [1.15851562441e-05, -8.09929988463e-05, 0.000330536888214, -0.000317533471389, -0.000976331648417, 0.00409483956173, -0.00253366283141, -0.000324466906022, 0.00148004072253, -0.00128565286286, 0.0013066228712, -0.00109818170313, 0.000688776897732], [5.04599265696e-05, 0.000215923326323, -0.000255043210927, 0.000649058201816, -0.000232205886277, -0.00253366283141, 0.00580375222489, -0.00250264257193, -6.38338096905e-05, 0.00174884672742, -0.00256569776684, 0.00194196111988, 0.000184248288861], [-1.90118316823e-05, 0.000157493181177, 0.000469216291094, -0.000623293744866, 0.000946927233599, -0.000324466906022, -0.00250264257193, 0.00720338895917, -0.00418236572295, 0.000357227516361, 0.00219515501522, -0.00233903247863, 0.000702463788912], [4.12120716646e-05, -0.000242769296165, -0.00021398170793, 0.000346183107467, -0.00124202168081, 0.00148004072253, -6.38338096905e-05, -0.00418236572295, 0.00980912521482, -0.00420923903584, -4.97279943374e-05, 0.00160407274961, -0.000987985171378], [-6.464105536e-05, 0.000586221634876, 0.000146783655509, -0.000180233357241, 0.00106162577868, -0.00128565286286, 0.00174884672742, 0.000357227516361, -0.00420923903584, 0.009869761765, -0.0053161745891, 0.00225002504885, 0.000103953789221], [0.000133501176606, -0.00100114732049, 6.28290654276e-05, 0.000241996138357, -0.000473710533697, 0.0013066228712, -0.00256569776684, 0.00219515501522, -4.97279943374e-05, -0.0053161745891, 0.0131611125544, -0.00778258685023, 0.00248460401781], [-0.00015930031077, 0.0013207733864, -0.000344879546901, 0.00032349061803, 0.000306311412714, -0.00109818170313, 0.00194196111988, -0.00233903247863, 0.00160407274961, 0.00225002504885, -0.00778258685023, 0.0154442852363, -0.00598192447796], [0.000184562304639, -0.000945471110754, 0.000299116625683, -0.000353174313204, -6.58012795611e-05, 0.000688776897732, 0.000184248288861, 0.000702463788912, -0.000987985171378, 0.000103953789221, 0.00248460401781, -0.00598192447796, 0.0127766942605]]}, "spectral_complexity": {"dmean": 3.1622979641, "dmean2": 4.61738920212, "max": 56, "dvar": 26.2021026611, "mean": 11.1224384308, "dvar2": 51.1764373779, "min": 0, "var": 99.0351409912, "median": 8}, "spectral_flux": {"dmean": 0.0359036661685, "dmean2": 0.055730715394, "max": 0.553912758827, "dvar": 0.00326051749289, "mean": 0.0805600136518, "dvar2": 0.00713841337711, "min": 6.29296822985e-11, "var": 0.00649149762467, "median": 0.0556207112968}, "spectral_energyband_low": {"dmean": 0.0099168503657, "dmean2": 0.016338981688, "max": 0.262838453054, "dvar": 0.000708625593688, "mean": 0.0134034287184, "dvar2": 0.0018022962613, "min": 1.52985373071e-23, "var": 0.000817481253762, "median": 0.00422669248655}, "spectral_decrease": {"dmean": 3.92169585695e-09, "dmean2": 6.27909813034e-09, "max": 5.93362192713e-10, "dvar": 8.48854729835e-17, "mean": -7.1072547847e-09, "dvar2": 2.11727849507e-16, "min": -9.01069370229e-08, "var": 1.14077007673e-16, "median": -3.88319465472e-09}, "barkbands_spread": {"dmean": 7.99722099304, "dmean2": 12.4175205231, "max": 137.226486206, "dvar": 221.527069092, "mean": 17.516040802, "dvar2": 497.40020752, "min": 0.0363733135164, "var": 358.926239014, "median": 12.8457393646}, "spectral_rms": {"dmean": 0.00112135871314, "dmean2": 0.0016798239667, "max": 0.0185822919011, "dvar": 3.61906813851e-06, "mean": 0.00433304626495, "dvar2": 8.22235779196e-06, "min": 3.13789706025e-12, "var": 9.26610118768e-06, "median": 0.0039470884949}, "spectral_centroid": {"dmean": 252.647872925, "dmean2": 381.069763184, "max": 11622.1083984, "dvar": 160692.484375, "mean": 1021.45831299, "dvar2": 339245.9375, "min": 75.8098602295, "var": 961403.0625, "median": 855.261413574}, "barkbands_skewness": {"dmean": 1.01138925552, "dmean2": 1.53527021408, "max": 36.6335830688, "dvar": 2.30539774895, "mean": 2.30941653252, "dvar2": 5.32045698166, "min": -5.60593175888, "var": 6.67229223251, "median": 1.77621817589}, "spectral_rolloff": {"dmean": 1106.85266113, "dmean2": 1996.58508301, "max": 19509.0820312, "dvar": 10366224, "mean": 1574.00695801, "dvar2": 25694530, "min": 43.06640625, "var": 10923241, "median": 581.396484375}, "erbbands_spread": {"dmean": 12.2295341492, "dmean2": 18.49609375, "max": 204.486862183, "dvar": 300.56628418, "mean": 36.0176811218, "dvar2": 667.454711914, "min": 0.536312460899, "var": 745.350219727, "median": 29.2704811096}, "barkbands": {"dmean": [0.00147962325718, 0.00631149159744, 0.00326953735203, 0.00117944984231, 0.00305265327916, 0.00105688930489, 0.00123403640464, 0.000940100057051, 0.000642234983388, 0.000428282452049, 0.000477933208458, 0.000453066284535, 0.000333895266522, 0.000285536487354, 0.000193845509784, 0.000145069716382, 0.000110986962682, 0.000109786116809, 0.000102536949271, 0.00011317597091, 8.31474462757e-05, 6.02219333814e-05, 5.8007935877e-05, 5.48178832105e-05, 6.70586086926e-05, 0.000257382693235, 0.000427147955634], "dmean2": [0.00207928591408, 0.0107343234122, 0.00547334551811, 0.00199353392236, 0.00498884078115, 0.00166612211615, 0.00202059117146, 0.0014914420899, 0.00100264500361, 0.000647437293082, 0.000729880819563, 0.000705753569491, 0.000534445978701, 0.000447636964964, 0.000314196047839, 0.000232495760429, 0.000178076283191, 0.000176370871486, 0.000164619166753, 0.000183960684808, 0.000134057976538, 9.43834602367e-05, 9.28737717913e-05, 8.81722735357e-05, 0.000109036220238, 0.00045101280557, 0.00075264001498], "max": [0.104398779571, 0.178480818868, 0.104048520327, 0.0425211451948, 0.151465028524, 0.045093216002, 0.0498540103436, 0.0483231693506, 0.0390966683626, 0.019241515547, 0.0262827575207, 0.0403605103493, 0.0184580665082, 0.015783239156, 0.0118884220719, 0.0117380023003, 0.0048875384964, 0.00539156142622, 0.00589894736186, 0.00507750874385, 0.0072920313105, 0.00681036803871, 0.00516472710297, 0.00351709709503, 0.00599046098068, 0.0112401042134, 0.01648279652], "dvar": [2.07838675124e-05, 0.000317074969644, 9.62597550824e-05, 7.45963279769e-06, 9.35778589337e-05, 7.82640381658e-06, 1.41502250699e-05, 6.52247899779e-06, 3.18773186336e-06, 1.31300703288e-06, 1.8437772269e-06, 2.13652856473e-06, 8.10349206404e-07, 4.4900980356e-07, 2.51337354484e-07, 1.21755263649e-07, 6.22400690986e-08, 8.5458523813e-08, 6.88334083065e-08, 8.61384066297e-08, 4.78416666283e-08, 3.38246373133e-08, 3.04752205693e-08, 2.59607659814e-08, 4.76523922543e-08, 9.64789933278e-07, 2.64999812316e-06], "mean": [0.00145451969001, 0.00773247517645, 0.00365007296205, 0.00149595784023, 0.0038960382808, 0.00173126393929, 0.00153924967162, 0.00138108537067, 0.00101858342532, 0.000731862150133, 0.000682153971866, 0.000561071210541, 0.000448758917628, 0.000424696598202, 0.000308567134198, 0.000222100847168, 0.000168660393683, 0.00015385945153, 0.000149247382069, 0.000136680813739, 0.00011049965542, 7.8765420767e-05, 6.83708058205e-05, 5.826044071e-05, 6.65410552756e-05, 0.000183371230378, 0.000289618881652], "dvar2": [4.292122685e-05, 0.00084790517576, 0.000260773085756, 2.08842557186e-05, 0.000240390945692, 1.9157285351e-05, 3.72358263121e-05, 1.61547559401e-05, 7.44575891076e-06, 2.86729732579e-06, 4.12628560298e-06, 5.06462220073e-06, 2.0127758944e-06, 1.03906518234e-06, 6.36040795143e-07, 2.91257919116e-07, 1.49585432041e-07, 2.15235601786e-07, 1.65177539202e-07, 2.11981813436e-07, 1.14290742204e-07, 7.73381998442e-08, 7.33052161195e-08, 6.47110525165e-08, 1.17690774459e-07, 2.57744295595e-06, 7.08125162419e-06], "min": [5.46823982788e-25, 1.32504591541e-24, 9.99189563569e-25, 1.70554133735e-24, 4.33049374884e-24, 1.16131645403e-23, 3.19909129477e-24, 7.08620340525e-24, 1.20056283626e-23, 1.66870129641e-23, 1.49080353818e-23, 3.11594188437e-23, 3.1212263058e-23, 2.28335978343e-23, 5.66201443734e-23, 4.03273898902e-23, 6.64832659605e-23, 7.24233948877e-23, 1.09078776104e-22, 1.5583053561e-22, 2.38850724281e-22, 3.3839166717e-22, 3.98305387864e-22, 5.6099375007e-22, 8.12028576182e-22, 1.32419246731e-21, 1.91199082741e-21], "var": [2.55171053141e-05, 0.000306125817588, 8.48060808494e-05, 9.26519260247e-06, 9.43083505263e-05, 1.7088254026e-05, 1.77540368895e-05, 1.07761916297e-05, 7.63414209359e-06, 2.98185204883e-06, 3.38361178365e-06, 2.68413145932e-06, 1.35478705943e-06, 9.73528926806e-07, 5.57968064641e-07, 2.34396310361e-07, 1.06917497078e-07, 1.11620536813e-07, 1.04340522e-07, 9.92519701981e-08, 6.5840559671e-08, 4.99264167786e-08, 3.7972434086e-08, 2.76867435645e-08, 5.34517567985e-08, 6.7467107101e-07, 1.80898234703e-06], "median": [2.84704583464e-05, 0.00235112779774, 0.000432041066233, 0.000264836475253, 0.00110424333252, 0.000354954536306, 0.000220102650928, 0.000120678661915, 9.15860873647e-05, 7.63745701988e-05, 2.77149083558e-05, 3.47022796632e-05, 2.66342703981e-05, 3.24109096255e-05, 2.061363557e-05, 2.18266868615e-05, 2.64570917352e-05, 2.14915762626e-05, 2.36548567045e-05, 2.50319899351e-05, 2.3282269467e-05, 1.20079912449e-05, 8.94726053957e-06, 6.98829217072e-06, 6.48167315376e-06, 2.64754544332e-06, 5.59424051971e-07]}, "melbands_kurtosis": {"dmean": 19.3559989929, "dmean2": 29.4462203979, "max": 1053.75354004, "dvar": 1804.60778809, "mean": 32.1516685486, "dvar2": 4050.88476562, "min": -1.92176806927, "var": 3735.62548828, "median": 10.9553556442}, "erbbands_crest": {"dmean": 3.30926156044, "dmean2": 5.2340555191, "max": 33.2147789001, "dvar": 9.70600700378, "mean": 11.436088562, "dvar2": 23.1804485321, "min": 2.52280116081, "var": 28.6695919037, "median": 10.4330530167}, "melbands_skewness": {"dmean": 1.18399953842, "dmean2": 1.7505300045, "max": 26.6641311646, "dvar": 2.47488594055, "mean": 3.19628310204, "dvar2": 5.34095191956, "min": -3.60207033157, "var": 7.89694690704, "median": 2.48244667053}, "spectral_energyband_middle_low": {"dmean": 0.00621166313067, "dmean2": 0.00992665532976, "max": 0.206562519073, "dvar": 0.000250625569606, "mean": 0.0114908637479, "dvar2": 0.00064839940751, "min": 1.57041405545e-22, "var": 0.00030303306994, "median": 0.00605685869232}, "spectral_contrast_coeffs": {"dmean": [0.0518720932305, 0.054869260639, 0.0474509000778, 0.0373893193901, 0.0255687236786, 0.021342376247], "dmean2": [0.0834977552295, 0.0846018791199, 0.0701572149992, 0.0551262609661, 0.0383080504835, 0.0327311344445], "max": [-0.274207502604, -0.301107227802, -0.366785883904, -0.472417593002, -0.543846011162, -0.579491972923], "dvar": [0.00215125386603, 0.0025111567229, 0.00187684141565, 0.00113433983643, 0.000600712490268, 0.000552602868993], "mean": [-0.641422748566, -0.677857756615, -0.739981412888, -0.769200146198, -0.80100518465, -0.781786322594], "dvar2": [0.005148969125, 0.00569268316031, 0.00381404533982, 0.0022532241419, 0.00121162203141, 0.00122086401097], "min": [-0.981412827969, -0.986119151115, -0.997898817062, -0.987552285194, -0.989092171192, -0.965299010277], "var": [0.0105980383232, 0.0113289030269, 0.0111667308956, 0.00822103954852, 0.00390897504985, 0.00263689644635], "median": [-0.64578807354, -0.678236067295, -0.749005079269, -0.780385017395, -0.806104183197, -0.782941699028]}, "spectral_contrast_valleys": {"dmean": [0.542499423027, 0.566645503044, 0.56754565239, 0.523275375366, 0.472768098116, 0.49671086669], "dmean2": [0.832945823669, 0.850066006184, 0.808211565018, 0.741045594215, 0.649085283279, 0.60561388731], "max": [-4.70298099518, -3.87313628197, -4.82664060593, -5.59657001495, -5.41229724884, -7.6468834877], "dvar": [0.323459714651, 0.3954179883, 0.407661467791, 0.38048055768, 0.38774138689, 0.430049359798], "mean": [-7.96250963211, -8.02648067474, -8.77363491058, -9.16460323334, -8.87729740143, -11.2346143723], "dvar2": [0.662032723427, 0.845381736755, 0.787993490696, 0.725372970104, 0.761105120182, 0.738189518452], "min": [-28.481967926, -27.9553813934, -27.6470928192, -27.636636734, -27.4790153503, -27.3944129944], "var": [4.62293100357, 4.46447229385, 4.56471300125, 4.53585624695, 4.6524939537, 4.18695163727], "median": [-7.53350496292, -7.67355155945, -8.49903202057, -8.82049655914, -8.43048763275, -10.8422222137]}, "silence_rate_20dB": {"dmean": 0, "dmean2": 0, "max": 1, "dvar": 0, "mean": 1, "dvar2": 0, "min": 1, "var": 0, "median": 1}, "silence_rate_30dB": {"dmean": 0.0513562932611, "dmean2": 0.102720417082, "max": 1, "dvar": 0.0487120859325, "mean": 0.941561877728, "dvar2": 0.106329113245, "min": 0, "var": 0.0550252683461, "median": 1}, "spectral_strongpeak": {"dmean": 0.404081642628, "dmean2": 0.680996716022, "max": 9.81420612335, "dvar": 0.508098006248, "mean": 0.759560465813, "dvar2": 1.25934839249, "min": 0, "var": 0.948445558548, "median": 0.338523030281}, "spectral_spread": {"dmean": 965304.8125, "dmean2": 1391309, "max": 49674724, "dvar": 2350669365250.0, "mean": 5017333.5, "dvar2": 4802855567360.0, "min": 232800.203125, "var": 11870547214300.0, "median": 4363118.5}, "barkbands_flatness_db": {"dmean": 0.0346685275435, "dmean2": 0.0477368123829, "max": 0.655517160892, "dvar": 0.00174139882438, "mean": 0.201983675361, "dvar2": 0.00308267888613, "min": 0.0236691441387, "var": 0.0124493055046, "median": 0.17178581655}, "pitch_salience": {"dmean": 0.0825589001179, "dmean2": 0.12908872962, "max": 0.99608027935, "dvar": 0.00647067744285, "mean": 0.492244184017, "dvar2": 0.0156658571213, "min": 0.0238560847938, "var": 0.0181222632527, "median": 0.495016157627}, "erbbands_kurtosis": {"dmean": 3.42365074158, "dmean2": 5.18605947495, "max": 250.858840942, "dvar": 68.2414932251, "mean": 4.31647920609, "dvar2": 143.531829834, "min": -1.91047072411, "var": 139.307952881, "median": 0.685299873352}, "average_loudness": 0.789791584015, "barkbands_crest": {"dmean": 2.82657361031, "dmean2": 4.51715183258, "max": 26.8823184967, "dvar": 7.5409154892, "mean": 12.0086221695, "dvar2": 17.9908390045, "min": 2.44418787956, "var": 25.191450119, "median": 11.0224065781}, "hfc": {"dmean": 17.1554584503, "dmean2": 28.1660518646, "max": 550.224304199, "dvar": 2436.25, "mean": 21.1455459595, "dvar2": 6328.05419922, "min": 1.07458576773e-16, "var": 2102.46411133, "median": 7.78438806534}, "barkbands_kurtosis": {"dmean": 13.5363016129, "dmean2": 21.1510276794, "max": 2862.51245117, "dvar": 3899.82226562, "mean": 20.3343238831, "dvar2": 8780.93359375, "min": -1.92772912979, "var": 8590.43066406, "median": 4.59811496735}, "erbbands": {"dmean": [0.236845940351, 1.27525305748, 3.75388860703, 3.58725786209, 7.77315664291, 11.0871915817, 5.62747573853, 10.5087823868, 17.3265571594, 19.3643665314, 17.1441822052, 15.3360748291, 15.181842804, 11.2944450378, 21.8050842285, 18.1614646912, 15.6942720413, 13.8042573929, 11.8330993652, 7.44825124741, 7.49237632751, 5.71134519577, 5.65250921249, 5.2801451683, 5.6304807663, 5.40923213959, 3.27352881432, 3.29639601707, 2.22058367729, 2.08055925369, 1.53151357174, 1.33396029472, 0.849650979042, 0.637813985348, 0.529399394989, 0.503199517727, 0.543439090252, 0.385578423738, 0.0797889828682, 0.00266946502961], "dmean2": [0.380188435316, 2.23512482643, 6.21799707413, 6.06771755219, 12.7866535187, 18.2991294861, 8.95033073425, 16.7075557709, 27.8799247742, 31.7284488678, 26.840177536, 23.7521495819, 22.9624233246, 16.6016921997, 33.2527236938, 28.307384491, 24.9308605194, 21.5956287384, 18.6866073608, 11.8950986862, 11.8828754425, 9.1359205246, 9.03760051727, 8.50563240051, 8.94563865662, 8.80409431458, 5.23961448669, 5.35662174225, 3.48023438454, 3.29308128357, 2.47800064087, 2.14500355721, 1.38144552708, 1.02783882618, 0.876011013985, 0.864934206009, 0.954727232456, 0.680580437183, 0.140641182661, 0.00470627797768], "max": [8.14750576019, 38.5585441589, 108.50643158, 119.241271973, 512.163879395, 522.334411621, 322.921508789, 496.737487793, 807.768310547, 846.192382812, 1313.57141113, 1040.77062988, 752.207458496, 658.780578613, 1341.88012695, 2015.99975586, 863.469970703, 742.600891113, 787.143249512, 405.33291626, 343.328826904, 260.619567871, 269.737060547, 200.687759399, 400.021972656, 288.073669434, 237.146896362, 284.446166992, 334.494842529, 213.891052246, 123.510627747, 84.6833343506, 49.4858093262, 39.220451355, 53.891494751, 36.3195800781, 25.0102272034, 15.4760866165, 3.28013801575, 0.102677084506], "dvar": [0.493522316217, 13.5412950516, 125.892295837, 82.8820114136, 508.366973877, 1449.45776367, 202.050720215, 914.119934082, 2705.42211914, 3465.10961914, 2199.69604492, 1921.82702637, 1726.74987793, 962.161315918, 3665.85742188, 3376.57055664, 1786.59802246, 1062.85241699, 929.763427734, 316.479919434, 292.745361328, 177.463775635, 248.981002808, 168.129165649, 212.688949585, 211.58821106, 75.2618637085, 81.9829330444, 52.2788734436, 39.3168678284, 22.1930465698, 14.9994297028, 6.65943574905, 4.02432155609, 3.28226971626, 3.51867103577, 4.34885644913, 2.19313907623, 0.092889778316, 0.000102050682472], "mean": [0.265615105629, 1.56848716736, 4.40438699722, 4.58391475677, 10.1568727493, 12.9545097351, 9.4245557785, 16.1064357758, 23.7478923798, 25.7185955048, 26.4620723724, 25.3594646454, 27.2554206848, 17.0050373077, 31.7196922302, 24.2237472534, 22.0063610077, 21.1561660767, 19.5838470459, 12.5667495728, 11.962269783, 8.98840999603, 8.20422172546, 7.96673154831, 7.94910812378, 6.53715848923, 4.60110282898, 4.14479827881, 2.88795232773, 2.66584157944, 1.75722765923, 1.42447173595, 0.879783034325, 0.647154808044, 0.500821173191, 0.399154096842, 0.381881356239, 0.262615799904, 0.0540232546628, 0.00183195224963], "dvar2": [1.21588695049, 37.8725738525, 335.855773926, 230.820541382, 1298.08276367, 3789.90283203, 490.407684326, 2275.71142578, 6872.64306641, 9106.39453125, 5320.65185547, 4440.29589844, 3806.94116211, 2082.26220703, 8401.31738281, 7954.1015625, 4448.375, 2514.33422852, 2322.53344727, 770.794921875, 692.897583008, 434.211486816, 632.687744141, 424.287994385, 495.6144104, 519.373901367, 184.83480835, 194.105804443, 120.471244812, 91.5138778687, 53.9140167236, 37.1764907837, 16.8775157928, 10.0732555389, 8.15018463135, 9.28708839417, 11.6482114792, 5.86811065674, 0.248314991593, 0.000272546749329], "min": [8.06929858918e-23, 2.57426517955e-22, 1.83953800486e-21, 5.40524967903e-21, 3.17098940613e-21, 2.19705859225e-20, 3.89711056021e-20, 1.04604413696e-19, 1.22759716285e-19, 1.65119532056e-19, 2.03274181313e-19, 3.12542000195e-19, 3.09415593522e-19, 5.40129656349e-19, 8.22716318787e-19, 1.44280213202e-18, 1.40130734038e-18, 1.08214890341e-18, 2.94685595443e-18, 2.13869387852e-18, 2.68066282266e-18, 4.17558705265e-18, 4.32922799322e-18, 6.27794681598e-18, 6.35885872836e-18, 9.19895895974e-18, 1.0145265161e-17, 9.92184202321e-18, 1.18573710375e-17, 1.11519290773e-17, 1.1017848063e-17, 1.06942789956e-17, 1.05028710563e-17, 8.07910778439e-18, 6.24953233475e-18, 3.98397645402e-18, 2.26182467579e-18, 9.5152333281e-19, 2.39969645195e-19, 2.67372852882e-20], "var": [0.511039078236, 11.4097633362, 114.312034607, 85.8536224365, 614.747619629, 1269.51330566, 519.533813477, 1638.30432129, 3958.09594727, 4240.93505859, 4093.38037109, 4771.2578125, 4229.58984375, 1597.078125, 6740.02050781, 4398.23095703, 2984.56103516, 2215.33300781, 2204.72680664, 684.10168457, 587.821105957, 294.273895264, 314.46875, 244.118881226, 327.462463379, 236.059020996, 105.121482849, 105.994567871, 72.2960205078, 55.6350135803, 26.9369068146, 16.190284729, 6.87529993057, 4.31453800201, 3.53615951538, 2.7153673172, 3.00909852982, 1.49408245087, 0.0632977336645, 6.98321455275e-05], "median": [0.049082506448, 0.584327578545, 0.869706809521, 1.10127425194, 2.53656482697, 3.18273186684, 2.58065080643, 3.10416936874, 3.90137386322, 3.49810671806, 3.59317755699, 2.8457429409, 2.91865324974, 2.00112271309, 1.87561321259, 1.76145195961, 1.77556812763, 2.00752449036, 1.82160568237, 1.35880327225, 1.57921612263, 1.59186637402, 1.39218723774, 1.13566362858, 1.48516893387, 1.17679333687, 0.93293350935, 0.799477100372, 0.41501942277, 0.443491280079, 0.198670908809, 0.16364851594, 0.0982246473432, 0.0670509785414, 0.0406491421163, 0.0157897155732, 0.00447335653007, 0.000950925284997, 0.000113810317998, 2.74826488749e-05]}, "spectral_energy": {"dmean": 0.0156942047179, "dmean2": 0.0249931327999, "max": 0.353934079409, "dvar": 0.00130457885098, "mean": 0.0287423022091, "dvar2": 0.0032364835497, "min": 1.00925582851e-20, "var": 0.00177137262654, "median": 0.0159689951688}, "zerocrossingrate": {"dmean": 0.0191413387656, "dmean2": 0.0243782680482, "max": 0.52880859375, "dvar": 0.00120689696632, "mean": 0.0569546148181, "dvar2": 0.00177591689862, "min": 0.00146484375, "var": 0.00427707098424, "median": 0.0390625}, "spectral_energyband_high": {"dmean": 0.00100929336622, "dmean2": 0.00168968387879, "max": 0.0412952154875, "dvar": 1.06761044663e-05, "mean": 0.00091323