{"metadata": {"version": {"essentia_git_sha": "v2.1_beta2-1-ge3940c0", "essentia_build_sha": "cead25079874084f62182a551b7393616cd33d87", "extractor": "music 1.0", "essentia": "2.1-beta2"}, "audio_properties": {"analysis_sample_rate": 44100, "md5_encoded": "b3475e79d36afc4015713d0823a059af", "downmix": "mix", "sample_rate": 44100, "equal_loudness": 0, "lossless": false, "codec": "vorbis", "bit_rate": 356000, "length": 177.066665649, "replay_gain": -13.8549079895}, "tags": {"script": ["Latn"], "musicbrainz_releasetrackid": ["d8f0becd-db52-4c18-8964-b2730dab1bfa"], "releasecountry": ["DE"], "releasestatus": ["official"], "musicbrainz_artistid": ["2a81f398-647b-4580-b24c-d78b3103a27b"], "catalognumber": ["BT 33068"], "label": ["Brilliant"], "date": ["2001"], "disctotal": ["1"], "musicbrainz_albumid": ["d58db272-2249-4d84-bcd6-2866dfeeca1f"], "tracktotal": ["20"], "acoustid_id": ["dbc7c6ed-73af-40d8-947f-e9ee330153a4"], "album": ["I Want Candy"], "discnumber": ["1"], "artistsort": ["Bow Wow Wow"], "file_name": "07 Bow Wow Wow - Giant Sized Baby Thing.ogg", "artist": ["Bow Wow Wow"], "asin": ["B00005LPWH"], "totaltracks": ["20"], "originaldate": ["2001"], "releasetype": ["album", "compilation", "live"], "albumartist": ["Bow Wow Wow"], "tracknumber": ["7"], "musicbrainz_recordingid": ["d69f3f08-dbbb-4545-a93e-3792e9b18169"], "totaldiscs": ["1"], "originalyear": ["2001"], "albumartistsort": ["Bow Wow Wow"], "media": ["CD"], "barcode": ["8712273330686"], "title": ["Giant Sized Baby Thing"], "musicbrainz_releasegroupid": ["80537777-b598-481a-ad08-70da3cc7c9d9"], "musicbrainz_albumartistid": ["2a81f398-647b-4580-b24c-d78b3103a27b"]}}, "rhythm": {"beats_loudness": {"var": 0.000441228679847, "mean": 0.0327946655452, "dmean2": 0.0210361294448, "dvar": 0.000160506780958, "dmean": 0.0119134429842, "max": 0.106098562479, "min": 2.53274867745e-09, "median": 0.0321745425463, "dvar2": 0.000445140496595}, "beats_position": [0.429569154978, 0.859138309956, 1.28870749474, 1.70666658878, 2.12462592125, 2.54258489609, 2.96054410934, 3.3785033226, 3.79646253586, 4.20281171799, 4.62077093124, 5.0387301445, 5.45668935776, 5.86303853989, 6.26938772202, 6.67573690414, 7.08208608627, 7.4884352684, 7.89478445053, 8.31274318695, 8.73070240021, 9.13705158234, 9.54340076447, 9.96135997772, 10.379319191, 10.7972784042, 11.2152376175, 11.6331968307, 12.051156044, 12.4691152573, 12.8870744705, 13.3050336838, 13.7346029282, 14.1641721725, 14.5937414169, 15.0233106613, 15.4528799057, 15.8940582275, 16.3352375031, 16.6835365295, 17.031835556, 17.3801364899, 17.7284355164, 18.1347846985, 18.5411338806, 18.9474830627, 19.3422222137, 19.7485713959, 20.154920578, 20.5612697601, 20.9676189423, 21.3739681244, 21.7687072754, 22.1634464264, 22.5697956085, 22.9761447906, 23.3941040039, 23.8236732483, 24.2416324615, 24.6595916748, 25.0659408569, 25.4722900391, 25.8670291901, 26.2617683411, 26.6565074921, 27.0512466431, 27.4459857941, 27.8407249451, 28.2354640961, 28.6302032471, 29.0249423981, 29.4196815491, 29.8260307312, 30.2323799133, 30.6503391266, 31.0682983398, 31.4630374908, 31.8577766418, 32.2525177002, 32.6588668823, 33.0652160645, 33.4599533081, 33.8546943665, 34.2494316101, 34.6441726685, 35.0505218506, 35.4568710327, 35.8516082764, 36.2463493347, 36.6410865784, 37.0358276367, 37.4189567566, 37.8020858765, 38.1852149963, 38.5683441162, 38.9630813599, 39.3578224182, 39.7525634766, 40.1473007202, 40.5420417786, 40.9367790222, 41.3315200806, 41.7262573242, 42.1326065063, 42.5389556885, 42.9336967468, 43.3284339905, 43.7347831726, 44.1411323547, 44.5358734131, 44.9306106567, 45.3369598389, 45.743309021, 46.1380500793, 46.5443992615, 46.9507484436, 47.3454856873, 47.7402267456, 48.1349639893, 48.5529251099, 48.9476623535, 49.3424034119, 49.7371406555, 50.1318817139, 50.5266189575, 50.9213600159, 51.327709198, 51.7340583801, 52.1287956238, 52.5235366821, 52.9182739258, 53.3130149841, 53.7077522278, 54.1024932861, 54.4972343445, 54.8919715881, 55.2867126465, 55.6930618286, 56.0994110107, 56.5057601929, 56.912109375, 57.3068466187, 57.701587677, 58.0963249207, 58.491065979, 58.8858032227, 59.2689323425, 59.6520614624, 60.0468025208, 60.4415397644, 60.8362808228, 61.2310180664, 61.6257591248, 62.0204963684, 62.4152374268, 62.8099746704, 63.2047157288, 63.5994529724, 63.9941940308, 64.3889312744, 64.7836685181, 65.1784133911, 65.5731506348, 65.9678878784, 66.3626327515, 66.7689819336, 67.1521072388, 67.5468444824, 67.9531936646, 68.3479385376, 68.7542877197, 69.1490249634, 69.543762207, 69.9384994507, 70.3216323853, 70.7047576904, 71.0995025635, 71.4942398071, 71.8889770508, 72.2837142944, 72.6784591675, 73.0731964111, 73.4563217163, 73.8510665894, 74.245803833, 74.6289291382, 75.0120620728, 75.3951950073, 75.789932251, 76.1846694946, 76.5794067383, 76.9625396729, 77.345664978, 77.7404098511, 78.1351470947, 78.5298843384, 78.9130172729, 79.2961425781, 79.6792755127, 80.0740127563, 80.4803619385, 80.8750991821, 81.2582321167, 81.6645812988, 82.070930481, 82.4656677246, 82.8720169067, 83.2667541504, 83.6731033325, 84.0678405762, 84.4741897583, 84.8689346313, 85.263671875, 85.6584091187, 86.0531539917, 86.4478912354, 86.842628479, 87.2373657227, 87.6321105957, 88.0268478394, 88.4099731445, 88.7931060791, 89.1878433228, 89.5825805664, 89.9773254395, 90.3604507446, 90.7551879883, 91.1615371704, 91.544670105, 91.9277954102, 92.3225402832, 92.7172775269, 93.123626709, 93.5299758911, 93.9363250732, 94.3426742554, 94.7490234375, 95.1553726196, 95.5501098633, 95.9564590454, 96.3628082275, 96.7691574097, 97.1755065918, 97.5818557739, 97.9882049561, 98.3829498291, 98.7776870728, 99.1840362549, 99.590385437, 99.9851226807, 100.391471863, 100.797821045, 101.192558289, 101.598907471, 102.005256653, 102.411605835, 102.817955017, 103.224304199, 103.630653381, 104.025398254, 104.420135498, 104.814872742, 105.209609985, 105.604354858, 105.999092102, 106.405441284, 106.811790466, 107.20652771, 107.612876892, 108.019226074, 108.413963318, 108.808708191, 109.215057373, 109.621406555, 110.016143799, 110.410881042, 110.805618286, 111.200363159, 111.595100403, 111.989837646, 112.38457489, 112.779319763, 113.174057007, 113.56879425, 113.963539124, 114.358276367, 114.753013611, 115.147750854, 115.542495728, 115.937232971, 116.331970215, 116.726707458, 117.109840393, 117.492965698, 117.887710571, 118.282447815, 118.677185059, 119.060317993, 119.443443298, 119.838180542, 120.221313477, 120.604438782, 120.999183655, 121.38230896, 121.765441895, 122.1485672, 122.531700134, 122.926437378, 123.309570312, 123.692695618, 124.075828552, 124.458953857, 124.830474854, 125.213600159, 125.596733093, 125.979858398, 126.374603271, 126.757728577, 127.15246582, 127.547210693, 127.930335999, 128.313461304, 128.696594238, 129.079727173, 129.462860107, 129.845977783, 130.240722656, 130.623855591, 131.006988525, 131.390106201, 131.773239136, 132.15637207, 132.539505005, 132.922622681, 133.305755615, 133.700500488, 134.083618164, 134.466751099, 134.861495972, 135.244628906, 135.627746582, 136.010879517, 136.394012451, 136.765533447, 137.148666382, 137.531784058, 137.914916992, 138.298049927, 138.669570923, 139.052688599, 139.435821533, 139.830566406, 140.213699341, 140.596817017, 140.979949951, 141.363082886, 141.74621582, 142.129333496, 142.500854492, 142.883987427, 143.267120361, 143.650253296, 144.033370972, 144.428115845, 144.822860718, 145.194366455, 145.57749939, 145.960632324, 146.343765259, 146.726898193, 147.121627808, 147.516372681, 147.899505615, 148.282623291, 148.677368164, 149.060501099, 149.443618774, 149.826751709, 150.209884644, 150.58140564, 150.976135254, 151.370880127, 151.765625, 152.160354614, 152.543487549, 152.926620483, 153.321365356, 153.716094971, 154.110839844, 154.505569458, 154.900314331, 155.295059204, 155.713012695, 156.130966187, 156.548934937, 156.966888428, 157.373245239, 157.79119873, 158.209152222, 158.63873291, 159.06829834, 159.49786377, 159.927429199, 160.357009888, 160.786575317, 161.227752686, 161.668930054, 162.075286865, 162.470016479, 162.864761353, 163.259490967, 163.65423584, 164.048980713, 164.443710327, 164.826843262, 165.233200073, 165.639541626, 166.045898438, 166.45223999, 166.858596802, 167.264938354, 167.682891846, 168.124084473, 168.553649902, 168.983215332, 169.4243927, 169.865570068, 170.295150757, 170.724716187, 171.154281616, 171.572235107, 172.001815796, 172.489425659, 172.977050781, 173.464660645, 173.975509644, 174.486343384, 175.008789062, 175.519638062, 176.030471802, 176.541305542], "bpm_histogram_first_peak_spread": {"var": 0, "mean": 0.323420107365, "dmean2": 0, "dvar": 0, "dmean": 0, "max": 0.323420107365, "min": 0.323420107365, "median": 0.323420107365, "dvar2": 0}, "danceability": 1.17665624619, "bpm_histogram_second_peak_weight": {"var": 0, "mean": 0.206818178296, "dmean2": 0, "dvar": 0, "dmean": 0, "max": 0.206818178296, "min": 0.206818178296, "median": 0.206818178296, "dvar2": 0}, "bpm_histogram_first_peak_weight": {"var": 0, "mean": 0.413636356592, "dmean2": 0, "dvar": 0, "dmean": 0, "max": 0.413636356592, "min": 0.413636356592, "median": 0.413636356592, "dvar2": 0}, "bpm": 152.113983154, "bpm_histogram_second_peak_spread": {"var": 0, "mean": 0.0520833730698, "dmean2": 0, "dvar": 0, "dmean": 0, "max": 0.0520833730698, "min": 0.0520833730698, "median": 0.0520833730698, "dvar2": 0}, "bpm_histogram_second_peak_bpm": {"var": 0, "mean": 157, "dmean2": 0, "dvar": 0, "dmean": 0, "max": 157, "min": 157, "median": 157, "dvar2": 0}, "beats_count": 441, "beats_loudness_band_ratio": {"var": [0.0694217085838, 0.0204435829073, 0.021917687729, 0.0229064058512, 0.01246839948, 0.00473545258865], "mean": [0.414946615696, 0.173009485006, 0.162344366312, 0.140716165304, 0.10472419858, 0.0630797594786], "dmean2": [0.253646343946, 0.206464901567, 0.207167521119, 0.161040231586, 0.102896891534, 0.0763140842319], "dvar": [0.0200504995883, 0.0155281266198, 0.0151884434745, 0.0118161216378, 0.00645689526573, 0.00390491704457], "dmean": [0.147360414267, 0.119348376989, 0.118256829679, 0.0930122435093, 0.059421364218, 0.0441219210625], "max": [0.936356782913, 0.748212695122, 0.806757330894, 0.746177852154, 0.767347335815, 0.54161041975], "min": [4.74972948723e-05, 0.000737539958209, 0.0104107540101, 0.00663596065715, 0.00658311508596, 0.00326832523569], "median": [0.479418307543, 0.142481386662, 0.107623808086, 0.0720328763127, 0.0640733465552, 0.042994197458], "dvar2": [0.0558592192829, 0.044190838933, 0.0426293760538, 0.0332888737321, 0.0160574670881, 0.00970578100532]}, "onset_rate": 4.41026163101, "bpm_histogram_first_peak_bpm": {"var": 0, "mean": 152, "dmean2": 0, "dvar": 0, "dmean": 0, "max": 152, "min": 152, "median": 152, "dvar2": 0}}, "lowlevel": {"hfc": {"var": 280.910522461, "mean": 19.4650039673, "dmean2": 10.2216033936, "dvar": 75.3698883057, "dmean": 6.64312410355, "max": 123.75302887, "min": 1.11301280705e-16, "median": 14.8111143112, "dvar2": 179.484664917}, "barkbands_spread": {"var": 136.253219604, "mean": 22.5618152618, "dmean2": 9.72002887726, "dvar": 46.4764404297, "dmean": 6.12242460251, "max": 150.444549561, "min": 1.01386594772, "median": 20.5007991791, "dvar2": 113.964637756}, "spectral_spread": {"var": 3198063214590.0, "mean": 4015077.5, "dmean2": 711768.6875, "dvar": 695646879744, "dmean": 478961.375, "max": 41842624, "min": 1922692.25, "median": 3729116.75, "dvar2": 1523098058750.0}, "spectral_energy": {"var": 0.000466178869829, "mean": 0.0235827434808, "dmean2": 0.0181736331433, "dvar": 0.000344239902915, "dmean": 0.0110211176798, "max": 0.138739198446, "min": 1.02259153095e-20, "median": 0.0186531599611, "dvar2": 0.000911239301786}, "gfcc": {"icov": [[0.000150395964738, -0.000260475091636, 0.000113482557936, -0.000243409798713, 0.000326737033902, -0.000161295800353, 0.000403357087635, -0.00044548054575, 0.000549196847714, -0.000512604194228, 0.000562877685297, -0.000239149449044, 0.000242873415118], [-0.000260475091636, 0.00230353348888, -0.000435444555478, -0.000814267783426, -0.0012777246302, 0.00142631668132, -0.0013553481549, 0.00224626506679, -0.00140081997961, 0.00216420320794, -0.00255482643843, 0.00269023352303, -0.00191683066078], [0.000113482557936, -0.000435444555478, 0.00198537227698, -0.00119421491399, -0.000652282498777, -0.000447084283223, 0.00161247851793, -0.000648300570901, 0.00134818849619, -0.0023339712061, 0.00184205383994, -0.00150548294187, 0.00181439775042], [-0.000243409798713, -0.000814267783426, -0.00119421491399, 0.00426799198613, -0.000448922539363, -0.00168668455444, 0.000266160524916, 0.00127694255207, -0.00193131831475, 0.000724716694094, -0.00158195430413, 0.000902765139472, -0.000242729045567], [0.000326737033902, -0.0012777246302, -0.000652282498777, -0.000448922539363, 0.00682441610843, 0.000280843145447, -0.00195304257795, -0.000446513789939, 0.00167602289002, -0.00202736910433, 0.00274970103055, -0.00115960941184, 0.000995387788862], [-0.000161295800353, 0.00142631668132, -0.000447084283223, -0.00168668455444, 0.000280843145447, 0.00789567641914, -0.00350757455453, -0.00018234430172, -0.000322318490362, 0.00091259292094, -0.000705201353412, 0.00132888916414, -0.00140902737621], [0.000403357087635, -0.0013553481549, 0.00161247851793, 0.000266160524916, -0.00195304257795, -0.00350757455453, 0.0113195357844, -0.00493667740375, 0.00121773371939, -0.000506836222485, 5.87037793593e-05, 0.000628560432233, 0.00133103481494], [-0.00044548054575, 0.00224626506679, -0.000648300570901, 0.00127694255207, -0.000446513789939, -0.00018234430172, -0.00493667740375, 0.0161012951285, -0.00727948825806, 0.00140453479253, -0.00120280485135, -0.000587197253481, 1.48675244418e-05], [0.000549196847714, -0.00140081997961, 0.00134818849619, -0.00193131831475, 0.00167602289002, -0.000322318490362, 0.00121773371939, -0.00727948825806, 0.0137408934534, -0.00449019996449, 0.000800828216597, 0.00103542930447, -0.000546809576917], [-0.000512604194228, 0.00216420320794, -0.0023339712061, 0.000724716694094, -0.00202736910433, 0.00091259292094, -0.000506836222485, 0.00140453479253, -0.00449019996449, 0.0163847208023, -0.00751775689423, 0.00227111577988, -0.00155941653065], [0.000562877685297, -0.00255482643843, 0.00184205383994, -0.00158195430413, 0.00274970103055, -0.000705201353412, 5.87037793593e-05, -0.00120280485135, 0.000800828216597, -0.00751775689423, 0.0187201555818, -0.00859715137631, 0.00292530795559], [-0.000239149449044, 0.00269023352303, -0.00150548294187, 0.000902765139472, -0.00115960941184, 0.00132888916414, 0.000628560432233, -0.000587197253481, 0.00103542930447, 0.00227111577988, -0.00859715137631, 0.0217727571726, -0.00614716578275], [0.000242873415118, -0.00191683066078, 0.00181439775042, -0.000242729045567, 0.000995387788862, -0.00140902737621, 0.00133103481494, 1.48675244418e-05, -0.000546809576917, -0.00155941653065, 0.00292530795559, -0.00614716578275, 0.0192232150584]], "mean": [-25.2611541748, 85.3930664062, -147.804199219, 36.4082183838, -66.3639526367, 2.83774352074, -35.8908538818, -2.10848450661, -24.9434452057, -11.8176574707, -15.8875961304, -7.27250480652, -8.12008190155], "cov": [[14459.0517578, 1683.66101074, 1334.05505371, 1422.8026123, -157.392318726, 58.8973770142, -601.550231934, -261.346069336, -327.35055542, 185.659240723, -152.616363525, -102.036735535, -72.0804595947], [1683.66101074, 1493.33093262, 392.388305664, 592.739929199, 206.645965576, -73.5591964722, -21.135635376, -192.321029663, 1.74582803249, -27.1492671967, 47.0570831299, -121.18522644, 35.5372428894], [1334.05505371, 392.388305664, 1342.01391602, 510.052947998, 201.09928894, 8.81835460663, -191.146881104, -116.869926453, -100.110824585, 133.222122192, -40.070526123, 2.98331403732, -79.3846359253], [1422.8026123, 592.739929199, 510.052947998, 649.32208252, 102.602851868, 57.1003417969, -67.7402420044, -92.5267562866, 6.39329767227, 42.3970413208, 20.7916736603, -47.1059036255, -9.78614425659], [-157.392318726, 206.645965576, 201.09928894, 102.602851868, 240.000808716, -5.61587333679, 31.6912879944, -28.3580856323, -18.8735179901, 14.6196289062, -14.2679185867, -15.9202156067, -12.3732337952], [58.8973770142, -73.5591964722, 8.81835460663, 57.1003417969, -5.61587333679, 180.225143433, 54.4837150574, 33.3550834656, 16.6859931946, 3.78182244301, 0.171636253595, -4.91838359833, 0.694814682007], [-601.550231934, -21.135635376, -191.146881104, -67.7402420044, 31.6912879944, 54.4837150574, 179.502502441, 60.0264625549, 38.2060699463, -20.5023193359, 12.3304195404, -12.7092733383, 6.03915500641], [-261.346069336, -192.321029663, -116.869926453, -92.5267562866, -28.3580856323, 33.3550834656, 60.0264625549, 128.394836426, 56.9305648804, 6.14747524261, 5.01125192642, 13.24609375, -0.76370215416], [-327.35055542, 1.74582803249, -100.110824585, 6.39329767227, -18.8735179901, 16.6859931946, 38.2060699463, 56.9305648804, 131.503921509, 16.8758773804, 22.9282226562, -8.05052089691, 12.3967552185], [185.659240723, -27.1492671967, 133.222122192, 42.3970413208, 14.6196289062, 3.78182244301, -20.5023193359, 6.14747524261, 16.8758773804, 102.373893738, 26.2233638763, 10.7928066254, -7.91124629974], [-152.616363525, 47.0570831299, -40.070526123, 20.7916736603, -14.2679185867, 0.171636253595, 12.3304195404, 5.01125192642, 22.9282226562, 26.2233638763, 91.0903778076, 21.8525485992, 6.46453332901], [-102.036735535, -121.18522644, 2.98331403732, -47.1059036255, -15.9202156067, -4.91838359833, -12.7092733383, 13.24609375, -8.05052089691, 10.7928066254, 21.8525485992, 72.9111175537, 10.2989768982], [-72.0804595947, 35.5372428894, -79.3846359253, -9.78614425659, -12.3732337952, 0.694814682007, 6.03915500641, -0.76370215416, 12.3967552185, -7.91124629974, 6.46453332901, 10.2989768982, 66.1384658813]]}, "silence_rate_60dB": {"var": 0.108769610524, "mean": 0.124164156616, "dmean2": 0.0141639346257, "dvar": 0.0070306295529, "dmean": 0.00708103878424, "max": 1, "min": 0, "median": 0, "dvar2": 0.0171098541468}, "spectral_centroid": {"var": 507996.375, "mean": 1636.79064941, "dmean2": 511.650756836, "dvar": 125654.015625, "dmean": 324.051483154, "max": 11764.1914062, "min": 331.818389893, "median": 1574.1138916, "dvar2": 310977.875}, "spectral_complexity": {"var": 138.855651855, "mean": 21.8129024506, "dmean2": 7.71370506287, "dvar": 28.4920558929, "dmean": 5.09231567383, "max": 55, "min": 0, "median": 22, "dvar2": 63.2844009399}, "melbands_spread": {"var": 288.148773193, "mean": 26.9417095184, "dmean2": 13.8595695496, "dvar": 97.9331817627, "dmean": 8.7318983078, "max": 206.016204834, "min": 1.01153743267, "median": 23.7758655548, "dvar2": 246.500167847}, "spectral_strongpeak": {"var": 1.67407774925, "mean": 0.992366015911, "dmean2": 0.952104985714, "dvar": 0.828976869583, "dmean": 0.567683637142, "max": 14.6925125122, "min": 0, "median": 0.551501333714, "dvar2": 2.09367704391}, "zerocrossingrate": {"var": 0.00159350899048, "mean": 0.0710502043366, "dmean2": 0.0123221054673, "dvar": 0.000112278954475, "dmean": 0.0101517168805, "max": 0.76416015625, "min": 0.013671875, "median": 0.064453125, "dvar2": 0.00014520730474}, "erbbands_kurtosis": {"var": 1.92924082279, "mean": -0.325006484985, "dmean2": 1.08413350582, "dvar": 1.1532766819, "dmean": 0.664947092533, "max": 28.5363578796, "min": -1.84410774708, "median": -0.716228723526, "dvar2": 2.87000441551}, "spectral_energyband_middle_low": {"var": 0.000119117605209, "mean": 0.0122747626156, "dmean2": 0.00851997360587, "dvar": 4.7310240916e-05, "dmean": 0.00531366188079, "max": 0.0893713310361, "min": 1.97721081783e-22, "median": 0.00993435364217, "dvar2": 0.000119065844046}, "erbbands": {"var": [0.0150470463559, 1.94941198826, 69.2041320801, 119.741722107, 177.282104492, 479.983154297, 369.788635254, 2123.40209961, 2137.26416016, 3036.23242188, 1428.8918457, 4171.34863281, 7977.02490234, 20004.6640625, 2048.02197266, 1879.65734863, 2155.42895508, 1445.91577148, 3868.47583008, 2150.37988281, 1950.58081055, 501.338134766, 603.055236816, 974.947387695, 685.386779785, 620.26348877, 329.164123535, 200.896316528, 200.430770874, 131.281677246, 113.985282898, 75.2828063965, 12.1952466965, 2.15996813774, 0.0955343022943, 0.0107806511223, 0.000835039536469, 6.49393477943e-05, 1.29199713683e-06, 4.05032363204e-09], "mean": [0.0412206165493, 0.501094758511, 3.01167869568, 5.98310136795, 11.6043319702, 16.8132305145, 13.2166280746, 17.2359161377, 19.7708015442, 16.6907253265, 15.0801753998, 23.2234706879, 40.2712249756, 47.0402870178, 18.8946628571, 18.6685733795, 21.6999473572, 21.7817001343, 28.6185531616, 23.0540962219, 23.6139850616, 20.4483604431, 20.7691345215, 22.1839408875, 20.5576152802, 18.3714389801, 11.5394115448, 8.74476337433, 7.15092897415, 5.40999984741, 4.2199845314, 2.56810235977, 1.08348679543, 0.510730683804, 0.135273426771, 0.0443534776568, 0.0122770583257, 0.00306711532176, 0.000423410820076, 5.00108289998e-05], "dmean2": [0.0795834064484, 1.0647380352, 6.68822908401, 9.22100162506, 11.0569152832, 17.7494297028, 12.7935972214, 19.0832195282, 24.7284984589, 22.3908176422, 17.4312515259, 29.7972621918, 41.3954620361, 55.4581489563, 18.3119544983, 16.7304897308, 21.5721530914, 19.6802043915, 25.3800067902, 19.1795082092, 19.5985603333, 16.224193573, 16.5876216888, 19.6544704437, 19.3858699799, 15.7604293823, 10.9956016541, 9.58425235748, 8.06216716766, 5.87884712219, 4.26880979538, 2.57580327988, 1.02501499653, 0.539164960384, 0.144922152162, 0.0515704154968, 0.016943866387, 0.00482770940289, 0.000664937717374, 5.02547591168e-05], "dvar": [0.0178491156548, 2.80235004425, 104.093818665, 155.934143066, 84.4377441406, 268.531311035, 202.610336304, 1189.75463867, 1727.81518555, 2977.1875, 1107.08789062, 2760.49023438, 4016.06445312, 13495.6474609, 882.694519043, 785.491943359, 1170.75732422, 664.49822998, 1898.44311523, 894.086914062, 859.449279785, 210.311767578, 284.997497559, 490.442687988, 379.906707764, 302.332214355, 167.655441284, 129.67477417, 112.152946472, 66.3736953735, 47.4553833008, 44.5768241882, 5.61002874374, 1.33528292179, 0.0494660325348, 0.0067563992925, 0.000699061900377, 6.28771595075e-05, 1.25501662751e-06, 3.18935766686e-09], "dmean": [0.0481805615127, 0.601968824863, 3.69558095932, 5.29968833923, 6.69803619385, 10.5125179291, 7.7400021553, 11.8364601135, 15.1867370605, 13.6466836929, 10.6846208572, 18.2700138092, 25.7980518341, 34.853931427, 11.8109817505, 11.0061969757, 14.0486822128, 12.2551603317, 16.2019081116, 12.4951267242, 12.3705310822, 10.1247053146, 10.279835701, 12.3217439651, 12.0273685455, 9.71731281281, 6.78501319885, 5.77246189117, 4.86571598053, 3.59027266502, 2.68419981003, 1.63040947914, 0.659065425396, 0.342441767454, 0.0926617607474, 0.0338315740228, 0.0110734216869, 0.0031331628561, 0.000432770233601, 3.21991501551e-05], "max": [1.13350844383, 14.0751409531, 73.7209472656, 146.446640015, 132.299636841, 312.049041748, 421.861602783, 1104.72106934, 802.212280273, 1388.16259766, 1055.88000488, 2033.37646484, 1629.57434082, 2966.40478516, 913.067993164, 955.250305176, 774.022399902, 708.859924316, 1454.42163086, 814.949279785, 1002.70294189, 289.908813477, 601.642700195, 873.863830566, 488.760955811, 503.383026123, 496.636230469, 161.642242432, 213.596939087, 160.681167603, 223.504928589, 318.471801758, 117.422363281, 43.3960037231, 5.77942562103, 2.20270824432, 0.362028598785, 0.0728371590376, 0.00989242549986, 0.000560370855965], "min": [2.3380736612e-22, 2.26906829964e-21, 6.22246131117e-21, 1.35255815861e-20, 2.34778075494e-20, 4.26602600482e-20, 1.27913439242e-19, 3.05161351933e-19, 3.36024313617e-19, 3.39182799389e-19, 5.7761706812e-19, 5.50448269202e-19, 6.1521159978e-19, 8.12343939195e-19, 1.1930418737e-18, 2.48364659873e-18, 2.53451758601e-18, 2.86486581212e-18, 3.95128462185e-18, 4.23963688825e-18, 6.51531663251e-18, 5.68152105659e-18, 6.14771880906e-18, 7.97024502551e-18, 8.82318238798e-18, 1.17237333921e-17, 9.45648344548e-18, 1.22457472244e-17, 1.27767798068e-17, 1.45257696668e-17, 1.41452831287e-17, 1.16101896181e-17, 1.08727117799e-17, 1.11698433278e-17, 7.37634506213e-18, 5.01227155685e-18, 2.5152630961e-18, 1.05335526327e-18, 2.7616880071e-19, 3.2326467139e-20], "median": [0.00479937903583, 0.106213785708, 0.679655253887, 2.62481832504, 7.74949645996, 10.2055444717, 7.94156169891, 7.61868810654, 6.58474969864, 5.63512468338, 6.89627695084, 8.70460510254, 13.1325683594, 12.4342813492, 8.28645992279, 8.96245288849, 9.25583362579, 11.3634786606, 13.4566993713, 11.6052379608, 14.5533237457, 14.907617569, 14.6737260818, 13.4083776474, 12.4233360291, 11.5591268539, 6.31851625443, 3.87347531319, 2.22001791, 1.66593182087, 1.03026390076, 0.560678243637, 0.214066982269, 0.101342573762, 0.0248720813543, 0.00567297404632, 0.00122888153419, 0.000191640720004, 3.44480322383e-05, 2.98852628475e-05], "dvar2": [0.0443641766906, 7.71152067184, 290.827850342, 435.372894287, 214.230407715, 733.993896484, 502.569824219, 2603.6953125, 4263.73486328, 7729.87207031, 2834.55444336, 6279.18945312, 9577.06738281, 31571.3183594, 1934.60522461, 1588.65283203, 2491.72924805, 1545.15905762, 4277.07177734, 1883.23803711, 2017.21789551, 518.20300293, 670.351501465, 1172.33044434, 918.412658691, 761.21685791, 404.688293457, 345.405303955, 287.821563721, 164.574523926, 112.101615906, 112.242698669, 12.2009305954, 3.14584350586, 0.103155292571, 0.0143104717135, 0.00159385195002, 0.000148938517668, 2.94341930385e-06, 7.44691952548e-09]}, "barkbands_crest": {"var": 14.5460929871, "mean": 9.54822158813, "dmean2": 4.89042901993, "dvar": 6.20888710022, "dmean": 2.96906876564, "max": 26.082857132, "min": 2.35972428322, "median": 8.8891992569, "dvar2": 16.158285141}, "melbands_crest": {"var": 23.8437900543, "mean": 13.2428092957, "dmean2": 6.33361053467, "dvar": 10.294675827, "dmean": 3.81132125854, "max": 32.8059692383, "min": 1.70025730133, "median": 12.6666955948, "dvar2": 26.8922710419}, "spectral_flux": {"var": 0.00335957063362, "mean": 0.0880724415183, "dmean2": 0.0415423922241, "dvar": 0.00136424915399, "dmean": 0.0263682864606, "max": 0.336381345987, "min": 6.52289611214e-11, "median": 0.0771138519049, "dvar2": 0.00281176413409}, "spectral_contrast_valleys": {"var": [3.45094466209, 2.0528793335, 1.4804173708, 1.45813202858, 1.68526542187, 1.66262030602], "mean": [-8.05754089355, -6.88396835327, -7.18769550323, -7.51664876938, -7.29717206955, -10.4077615738], "dmean2": [0.790495097637, 0.623342216015, 0.541753053665, 0.44811964035, 0.403223544359, 0.556641459465], "dvar": [0.196965038776, 0.116052635014, 0.0965209454298, 0.0769866034389, 0.0822896063328, 0.159972503781], "dmean": [0.491300135851, 0.380430698395, 0.338533222675, 0.288523614407, 0.268186867237, 0.387112438679], "max": [-5.19889307022, -4.78196144104, -5.36759662628, -5.87102651596, -5.70299720764, -7.98969697952], "min": [-27.9707775116, -27.6675453186, -27.2759590149, -27.3490467072, -27.4420833588, -27.3475723267], "median": [-7.48524093628, -6.51675605774, -6.99057149887, -7.27944755554, -7.0039024353, -10.3132982254], "dvar2": [0.472314745188, 0.291578948498, 0.232644990087, 0.175637155771, 0.183151245117, 0.36526915431]}, "mfcc": {"icov": [[0.000143218290759, -4.78351903439e-05, -0.000119181735499, -0.000253542501014, 0.000214390267502, -8.10228957562e-05, 0.000107157386083, 3.34507894877e-05, 0.000174814747879, -0.00020333493012, 0.000153580083861, 8.98846992641e-05, 0.000216507964069], [-4.78351903439e-05, 0.00177604029886, 0.000533768616151, -0.00161492824554, -0.00023348389368, -3.15199395118e-05, -0.000371206988348, 0.000517110980581, 7.04745543771e-05, 0.000320891034789, -0.000263564899797, 0.000281442014966, 0.000754298525862], [-0.000119181735499, 0.000533768616151, 0.00239291018806, -0.000780528353062, -0.00196087011136, -0.000802432768978, 0.000201772301807, 0.000895436154678, 6.34880416328e-05, 0.000532994454261, -0.000642414437607, -0.000322607898852, -0.000152939435793], [-0.000253542501014, -0.00161492824554, -0.000780528353062, 0.00584369525313, -0.00220538768917, -0.00170393672306, 0.000476116983918, -0.000134070971399, 5.35230428795e-05, 8.37619609229e-06, 0.000757501053158, -0.00153575267177, -0.00176447001286], [0.000214390267502, -0.00023348389368, -0.00196087011136, -0.00220538768917, 0.00962690170854, -0.00120461825281, -0.000395731360186, 0.000837827043142, -0.000888836453669, 0.000765509204939, 0.000484115589643, -0.000293129181955, 0.000103081554698], [-8.10228957562e-05, -3.15199395118e-05, -0.000802432768978, -0.00170393672306, -0.00120461825281, 0.00979946646839, -0.00366520369425, -0.000279428611975, -0.00103439658415, -0.000472729996545, -0.000265983951977, 0.000333580625011, 0.000289406714728], [0.000107157386083, -0.000371206988348, 0.000201772301807, 0.000476116983918, -0.000395731360186, -0.00366520369425, 0.0106277214363, -0.00245576747693, 0.000734501925763, -0.000400279473979, -5.33146594535e-05, 0.000549568387214, -0.000495889747981], [3.34507894877e-05, 0.000517110980581, 0.000895436154678, -0.000134070971399, 0.000837827043142, -0.000279428611975, -0.00245576747693, 0.0113495104015, -0.00328258029185, 6.54903051327e-05, -0.00288721336983, 0.000805039482657, 0.000968602718785], [0.000174814747879, 7.04745543771e-05, 6.34880416328e-05, 5.35230428795e-05, -0.000888836453669, -0.00103439658415, 0.000734501925763, -0.00328258029185, 0.0131523823366, -0.00487688928843, 0.00142898096237, -0.00184618646745, 0.00227255327627], [-0.00020333493012, 0.000320891034789, 0.000532994454261, 8.37619609229e-06, 0.000765509204939, -0.000472729996545, -0.000400279473979, 6.54903051327e-05, -0.00487688928843, 0.0142838368192, -0.00515047973022, 0.00193956948351, -0.00322550884448], [0.000153580083861, -0.000263564899797, -0.000642414437607, 0.000757501053158, 0.000484115589643, -0.000265983951977, -5.33146594535e-05, -0.00288721336983, 0.00142898096237, -0.00515047973022, 0.0168550964445, -0.00588779244572, 0.00263791671023], [8.98846992641e-05, 0.000281442014966, -0.000322607898852, -0.00153575267177, -0.000293129181955, 0.000333580625011, 0.000549568387214, 0.000805039482657, -0.00184618646745, 0.00193956948351, -0.00588779244572, 0.0197641160339, -0.00893004704267], [0.000216507964069, 0.000754298525862, -0.000152939435793, -0.00176447001286, 0.000103081554698, 0.000289406714728, -0.000495889747981, 0.000968602718785, 0.00227255327627, -0.00322550884448, 0.00263791671023, -0.00893004704267, 0.0178682412952]], "mean": [-651.047668457, 105.093811035, -20.9708576202, 24.5027370453, -8.51366043091, 1.08782684803, -5.24555635452, 3.23238301277, -6.68511867523, -0.813555777073, -8.6480255127, -7.80291175842, -7.36382055283], "cov": [[10540.4990234, 1143.59753418, 1188.25109863, 1207.14013672, 377.504943848, 397.421295166, -45.6730384827, -270.503356934, -160.931152344, -31.948223114, -131.08291626, 7.34640645981, -4.11493349075], [1143.59753418, 1014.43109131, 204.365646362, 467.47088623, 175.365783691, 135.635437012, 33.6265220642, -80.6703414917, -33.4189224243, -41.5146942139, -28.9991416931, 16.0737953186, 2.39929652214], [1188.25109863, 204.365646362, 982.026184082, 459.391448975, 322.681152344, 198.312667847, 6.76759815216, -127.155143738, -34.9301567078, -46.1215438843, -13.3199357986, 78.8818054199, 70.25806427], [1207.14013672, 467.47088623, 459.391448975, 597.578735352, 248.494979858, 179.327453613, 19.5059757233, -87.7876052856, -25.2297363281, -29.6529598236, -25.7562389374, 67.75730896, 65.0651550293], [377.504943848, 175.365783691, 322.681152344, 248.494979858, 243.46887207, 103.464614868, 16.4300632477, -53.9024581909, -6.32954502106, -24.3124675751, -13.3488397598, 36.3125648499, 32.155872345], [397.421295166, 135.635437012, 198.312667847, 179.327453613, 103.464614868, 185.042877197, 52.8435401917, -13.0900001526, 7.83310508728, 0.781097412109, -0.550228536129, 18.6180210114, 15.9774227142], [-45.6730384827, 33.6265220642, 6.76759815216, 19.5059757233, 16.4300632477, 52.8435401917, 120.033905029, 28.448595047, 7.86886024475, 8.0255947113, 7.12335014343, -1.43239307404, 0.636898159981], [-270.503356934, -80.6703414917, -127.155143738, -87.7876052856, -53.9024581909, -13.0900001526, 28.448595047, 132.513442993, 40.2080841064, 26.3951816559, 27.713891983, -12.8025140762, -19.7838115692], [-160.931152344, -33.4189224243, -34.9301567078, -25.2297363281, -6.32954502106, 7.83310508728, 7.86886024475, 40.2080841064, 102.887916565, 38.0200881958, 13.0728473663, 2.6039018631, -8.33226394653], [-31.948223114, -41.5146942139, -46.1215438843, -29.6529598236, -24.3124675751, 0.781097412109, 8.0255947113, 26.3951816559, 38.0200881958, 99.2654495239, 31.2930984497, 2.50711226463, 7.45279788971], [-131.08291626, -28.9991416931, -13.3199357986, -25.7562389374, -13.3488397598, -0.550228536129, 7.12335014343, 27.713891983, 13.0728473663, 31.2930984497, 81.1683120728, 20.0357227325, 0.952935755253], [7.34640645981, 16.0737953186, 78.8818054199, 67.75730896, 36.3125648499, 18.6180210114, -1.43239307404, -12.8025140762, 2.6039018631, 2.50711226463, 20.0357227325, 84.4796905518, 46.1258621216], [-4.11493349075, 2.39929652214, 70.25806427, 65.0651550293, 32.155872345, 15.9774227142, 0.636898159981, -19.7838115692, -8.33226394653, 7.45279788971, 0.952935755253, 46.1258621216, 88.9029083252]]}, "erbbands_flatness_db": {"var": 0.00237849634141, "mean": 0.171086058021, "dmean2": 0.0283653028309, "dvar": 0.000291685573757, "dmean": 0.0189745426178, "max": 0.387225419283, "min": 0.0418362505734, "median": 0.164573982358, "dvar2": 0.000604769214988}, "barkbands": {"var": [1.45646367855e-07, 2.66309216386e-05, 7.16626745998e-05, 9.91255456029e-06, 2.9606571843e-05, 1.82554722414e-05, 1.31852375489e-05, 3.77213973479e-06, 7.44033968658e-06, 1.68588267115e-05, 2.91360288429e-06, 1.07930691229e-06, 1.08896847451e-06, 7.86121063356e-07, 2.01265697797e-06, 6.3471395606e-07, 2.33859694276e-07, 3.2934761407e-07, 2.8118171258e-07, 2.64435840336e-07, 1.39656975762e-07, 1.26932633293e-07, 1.43186653645e-07, 9.34153021603e-08, 7.36036298576e-09, 3.23039067718e-10, 4.82825411596e-11], "mean": [0.00012431005598, 0.00188123085536, 0.00298949191347, 0.00201837206259, 0.00469730747864, 0.00205771438777, 0.00137829978485, 0.000608149741311, 0.00107910193037, 0.00160488288384, 0.000560238258913, 0.0004239648988, 0.000470773637062, 0.000444017350674, 0.000568604387809, 0.000403804646339, 0.000366690335795, 0.000400808145059, 0.000416516413679, 0.000377956399461, 0.000239261600655, 0.000184051910765, 0.000155941495905, 8.980781422e-05, 3.11062140099e-05, 7.79891524871e-06, 2.50501648225e-06], "dmean2": [0.000206193013582, 0.00368298962712, 0.00690380716696, 0.00258783902973, 0.00443368311971, 0.00214248034172, 0.00182740925811, 0.000781313923653, 0.00136361375917, 0.00181440415327, 0.000673875911161, 0.000423393910751, 0.000517557782587, 0.000422835844802, 0.000520863919519, 0.000382253027055, 0.000310741655994, 0.000351061607944, 0.000396093848394, 0.000329978443915, 0.000252581230598, 0.000205966294743, 0.000157816219144, 8.67172857397e-05, 3.36573320965e-05, 9.97955248749e-06, 4.03902322432e-06], "dvar": [1.35238266807e-07, 3.45884909621e-05, 0.000110661727376, 9.24657433643e-06, 1.43607148857e-05, 9.68258245848e-06, 1.17902027341e-05, 3.31285082211e-06, 4.46410467703e-06, 9.67296818999e-06, 2.21301957026e-06, 4.79122775232e-07, 6.50483059417e-07, 3.70311056486e-07, 7.65270215197e-07, 3.71703407609e-07, 9.0307835876e-08, 1.79391335564e-07, 1.54848351031e-07, 1.21779777373e-07, 8.54323900512e-08, 7.13108505579e-08, 5.90565605307e-08, 5.19301828206e-08, 4.76813566408e-09, 2.36368064011e-10, 4.65004146299e-11], "dmean": [0.000137923532748, 0.00216751894914, 0.0037824746687, 0.00154043373186, 0.0026857603807, 0.00132876203861, 0.00111823540647, 0.000470189464977, 0.000838311971165, 0.00112989579793, 0.00041755073471, 0.000273239100352, 0.000333755539032, 0.000266322633252, 0.000332706636982, 0.000238006061409, 0.000192290521227, 0.000219414025196, 0.000246423995122, 0.000204020252568, 0.000153064509504, 0.000124034340843, 9.89778200164e-05, 5.53277641302e-05, 2.14706851693e-05, 6.55034227748e-06, 2.63447032012e-06], "max": [0.00308585073799, 0.0528624728322, 0.0814049243927, 0.0439522638917, 0.0581324175, 0.0860765352845, 0.0594632439315, 0.0553062558174, 0.0642112568021, 0.0713203176856, 0.0371524244547, 0.0186382289976, 0.0180645249784, 0.0142781278118, 0.0268299654126, 0.0170694962144, 0.00667705573142, 0.0177286788821, 0.00777661381289, 0.00942375790328, 0.00759934773669, 0.00505130644888, 0.00660022161901, 0.0112756974995, 0.0027304070536, 0.00028937854222, 5.94798730162e-05], "min": [5.56273710593e-26, 8.64999550982e-24, 5.47755311972e-24, 4.93146218593e-24, 1.28089427774e-23, 3.72033397779e-23, 2.37776134801e-23, 2.22074158249e-23, 2.59461337328e-23, 2.41422029024e-23, 1.54237232219e-23, 6.6299215245e-23, 6.29619802062e-23, 2.79219242224e-23, 9.32741119507e-23, 9.46155036557e-23, 9.21728684379e-23, 1.05929921049e-22, 1.63410908308e-22, 2.71719667815e-22, 3.135863967e-22, 3.94877970247e-22, 4.59593039198e-22, 5.14986473309e-22, 1.11828427151e-21, 1.40460306624e-21, 2.21885665931e-21], "median": [1.64751941156e-06, 0.000338364508934, 0.000641272927169, 0.000871739932336, 0.00321095320396, 0.00103875005152, 0.000421819684561, 0.000235535990214, 0.00038376665907, 0.000449191749794, 0.000187675294001, 0.000188766789506, 0.000188217236428, 0.00020893200417, 0.000218244473217, 0.00024602963822, 0.000249106815318, 0.000254498387221, 0.000250495504588, 0.000237095126067, 0.00011581635772, 6.07292895438e-05, 3.95138158638e-05, 1.84184827958e-05, 6.18401145402e-06, 8.58889904976e-07, 1.21174579704e-07], "dvar2": [2.93197388146e-07, 9.14554984774e-05, 0.000310839852318, 2.49191452895e-05, 3.81313839171e-05, 2.16856733459e-05, 2.98252216453e-05, 8.81514461071e-06, 1.0268634469e-05, 2.28079279623e-05, 5.43436863154e-06, 9.98467385216e-07, 1.40721988373e-06, 8.61936882757e-07, 1.6467192836e-06, 8.92653019946e-07, 2.17523037804e-07, 4.11818547263e-07, 3.7984256096e-07, 3.05349800556e-07, 2.16643172735e-07, 1.82377576152e-07, 1.41511307561e-07, 1.28077530803e-07, 1.11117754997e-08, 5.21740539661e-10, 1.08539954802e-10]}, "spectral_energyband_low": {"var": 0.000220846370212, "mean": 0.00623834179714, "dmean2": 0.0114308549091, "dvar": 0.000301756634144, "dmean": 0.00655325781554, "max": 0.117468394339, "min": 2.9905767404e-23, "median": 0.00202824454755, "dvar2": 0.000820051878691}, "erbbands_spread": {"var": 310.801361084, "mean": 41.5017242432, "dmean2": 12.5640115738, "dvar": 68.8561325073, "dmean": 8.01533412933, "max": 137.650192261, "min": 4.19827413559, "median": 41.2696228027, "dvar2": 161.210174561}, "average_loudness": 0.839968919754, "spectral_energyband_middle_high": {"var": 4.57354399259e-05, "mean": 0.00561227928847, "dmean2": 0.00327957025729, "dvar": 1.38089590109e-05, "dmean": 0.00218921294436, "max": 0.0788477882743, "min": 1.33107517142e-21, "median": 0.00352271390148, "dvar2": 2.97171700367e-05}, "barkbands_flatness_db": {"var": 0.00151897943579, "mean": 0.125413715839, "dmean2": 0.0362408310175, "dvar": 0.000412856170442, "dmean": 0.023094387725, "max": 0.320149749517, "min": 0.0322767235339, "median": 0.12119794637, "dvar2": 0.00103067152668}, "spectral_entropy": {"var": 0.0753167569637, "mean": 7.70318698883, "dmean2": 0.23587949574, "dvar": 0.0206260960549, "dmean": 0.153913468122, "max": 9.82177734375, "min": 6.27173995972, "median": 7.70203971863, "dvar2": 0.0482375994325}, "melbands_skewness": {"var": 2.17561554909, "mean": 2.40915155411, "dmean2": 1.22310447693, "dvar": 0.742293357849, "dmean": 0.772666633129, "max": 10.2270565033, "min": -1.72522985935, "median": 2.26675653458, "dvar2": 1.87412512302}, "spectral_contrast_coeffs": {"var": [0.00908901076764, 0.00592479109764, 0.00437610363588, 0.00257572112605, 0.00151833507698, 0.0017113504], "mean": [-0.603931188583, -0.758403599262, -0.782745182514, -0.799431979656, -0.793643712997, -0.732056379318], "dmean2": [0.0910292863846, 0.0861480608582, 0.0661652460694, 0.0483727827668, 0.0355079695582, 0.0327907241881], "dvar": [0.00191857875325, 0.00176373857539, 0.00112331088167, 0.0006089