{"tonal": {"hpcp": {"dvar": [0.0848553106189, 0.0703687369823, 0.0613204389811, 0.0619922205806, 0.0594875179231, 0.0533385723829, 0.0505262203515, 0.0505466535687, 0.0481750182807, 0.0431882105768, 0.0322161875665, 0.0299164280295, 0.0397653616965, 0.0431771539152, 0.0409599877894, 0.0496453158557, 0.0549197793007, 0.0498747266829, 0.0460024476051, 0.0405560284853, 0.0475140251219, 0.0528143048286, 0.0507755428553, 0.0431581586599, 0.0375734902918, 0.0308692399412, 0.0282776765525, 0.0314630419016, 0.0303108263761, 0.034758143127, 0.0439529381692, 0.0464280471206, 0.053646620363, 0.0647063553333, 0.0694646760821, 0.0744645893574], "var": [0.123467318714, 0.07839807868, 0.049122530967, 0.0459397360682, 0.0445103868842, 0.0547118000686, 0.0678716301918, 0.0479684062302, 0.0348360091448, 0.0287444740534, 0.022533275187, 0.0243519209325, 0.0400170385838, 0.039824847132, 0.0418238267303, 0.0734981223941, 0.0689606666565, 0.0474656224251, 0.0383536703885, 0.0340318717062, 0.0589427016675, 0.0903516411781, 0.068207025528, 0.0422705411911, 0.0304033122957, 0.0235084723681, 0.0337011814117, 0.053032990545, 0.037114020437, 0.0321237556636, 0.0488728806376, 0.0489768870175, 0.0508544147015, 0.0798712521791, 0.0860746279359, 0.0959751084447], "median": [0.129530459642, 0.0795922204852, 0.0354622974992, 0.0225976761431, 0.0230746753514, 0.0329567566514, 0.0362462513149, 0.0323115810752, 0.0220902375877, 0.0180675238371, 0.0169185139239, 0.0260904841125, 0.0379049479961, 0.0385701060295, 0.0381501093507, 0.0392543449998, 0.0474051013589, 0.0406706295907, 0.0291828792542, 0.0346352159977, 0.0671613961458, 0.0956562161446, 0.0841507166624, 0.0589217245579, 0.0410843417048, 0.0311405286193, 0.0309096723795, 0.0265058297664, 0.02473994717, 0.0258444957435, 0.0278806909919, 0.0326035544276, 0.0561371184886, 0.0820160657167, 0.116472050548, 0.157160401344], "max": [1, 1, 1, 1, 1, 1, 1, 1, 1, 1, 1, 1, 1, 1, 1, 1, 1, 1, 1, 1, 1, 1, 1, 1, 1, 1, 1, 1, 1, 1, 1, 1, 1, 1, 1, 1], "dmean": [0.245845511556, 0.210137352347, 0.159202292562, 0.142973169684, 0.142364352942, 0.141647860408, 0.138166412711, 0.137597993016, 0.118119075894, 0.0958831757307, 0.0811949670315, 0.0901357606053, 0.118608959019, 0.1313560009, 0.133697167039, 0.14950504899, 0.164444878697, 0.150767192245, 0.131164968014, 0.129947379231, 0.161236792803, 0.172081559896, 0.168777495623, 0.147321596742, 0.117618449032, 0.0940413996577, 0.0919073969126, 0.0890916660428, 0.0882756188512, 0.104395322502, 0.121071390808, 0.133551612496, 0.16103720665, 0.189488604665, 0.220941379666, 0.256191432476], "dmean2": [0.436099797487, 0.377185404301, 0.29213526845, 0.264662981033, 0.262658238411, 0.25497880578, 0.245614439249, 0.249051600695, 0.219754606485, 0.179911240935, 0.150266990066, 0.162987232208, 0.210312664509, 0.236143931746, 0.236114874482, 0.257571995258, 0.291032284498, 0.26989454031, 0.239045381546, 0.234981611371, 0.282934606075, 0.295804411173, 0.294038534164, 0.261271774769, 0.213911503553, 0.170788899064, 0.161248058081, 0.154257759452, 0.158339351416, 0.186787605286, 0.219153597951, 0.239877790213, 0.291291236877, 0.346738576889, 0.400165349245, 0.452765017748], "mean": [0.307409703732, 0.214211076498, 0.126457452774, 0.105660796165, 0.106439366937, 0.13542509079, 0.15757034719, 0.127511128783, 0.090500921011, 0.0725948438048, 0.0645539015532, 0.0826367363334, 0.118786551058, 0.122377924621, 0.129177227616, 0.176045998931, 0.176893144846, 0.134787261486, 0.108301505446, 0.110455609858, 0.175845995545, 0.234977290034, 0.199744164944, 0.140022918582, 0.103964321315, 0.083730623126, 0.0997270494699, 0.114586435258, 0.0959796980023, 0.0951136797667, 0.116682969034, 0.127284690738, 0.151930585504, 0.208516314626, 0.249020516872, 0.293046176434], "dvar2": [0.219589620829, 0.195578202605, 0.168251484632, 0.165901392698, 0.166233763099, 0.145403236151, 0.132725730538, 0.143182367086, 0.137039750814, 0.123313203454, 0.0913247317076, 0.0849908515811, 0.109890140593, 0.121691443026, 0.112629026175, 0.123083084822, 0.143141686916, 0.136099994183, 0.125273495913, 0.113009236753, 0.125658795238, 0.128820762038, 0.135422065854, 0.11821193248, 0.105081193149, 0.0890505164862, 0.0764319449663, 0.080728314817, 0.0840083137155, 0.0989074856043, 0.11723870039, 0.122268564999, 0.147501304746, 0.173787236214, 0.190446719527, 0.204477354884], "min": [0, 0, 0, 0, 0, 0, 0, 0, 0, 0, 0, 0, 0, 0, 0, 0, 0, 0, 0, 0, 0, 0, 0, 0, 0, 0, 0, 0, 0, 0, 0, 0, 0, 0, 0, 0]}, "key_key": "A", "thpcp": [1, 0.69682598114, 0.411364555359, 0.343713283539, 0.3462459445, 0.440536171198, 0.51257443428, 0.414792150259, 0.294398397207, 0.23615013063, 0.209993049502, 0.268816292286, 0.386411190033, 0.398093879223, 0.420211941004, 0.572675466537, 0.575431227684, 0.438461303711, 0.352303475142, 0.359310746193, 0.57202488184, 0.764378249645, 0.649765312672, 0.455492824316, 0.338194668293, 0.272374689579, 0.32441085577, 0.37274825573, 0.312220782042, 0.309403628111, 0.37956827879, 0.414055526257, 0.494228333235, 0.678301036358, 0.810060679913, 0.953275620937], "chords_key": "C#", "tuning_equal_tempered_deviation": 0.197340667248, "tuning_frequency": 440.763122559, "tuning_diatonic_strength": 0.811187803745, "chords_histogram": [23.2213439941, 35.790512085, 8.00395298004, 5.79051399231, 0.474308311939, 0.177865609527, 0, 0, 2.90513825417, 0.474308311939, 10.237154007, 0.0395256914198, 0, 0.098814226687, 0, 3.30039525032, 0, 2.25296449661, 0.869565188885, 0.513833999634, 0.573122501373, 0, 0.83003950119, 4.44664049149], "key_strength": 0.797170996666, "key_scale": "major", "chords_strength": {"dvar": 7.97710526967e-05, "var": 0.0100212628022, "median": 0.595268845558, "max": 0.89810860157, "dmean": 0.0108816549182, "dmean2": 0.0117862196639, "mean": 0.590834915638, "dvar2": 9.7880983958e-05, "min": 0.265761584044}, "chords_number_rate": 0.00177865615115, "tuning_nontempered_energy_ratio": 0.868546128273, "hpcp_entropy": {"dvar": 0.266240030527, "var": 0.629167735577, "median": 2.40539288521, "max": 4.53174495697, "dmean": 0.623329877853, "dmean2": 1.04999017715, "mean": 2.44459342957, "dvar2": 0.715346395969, "min": 0}, "chords_changes_rate": 0.0741106718779, "chords_scale": "minor"}, "rhythm": {"bpm_histogram_first_peak_spread": {"dvar": 0, "var": 0, "median": 0.456842064857, "max": 0.456842064857, "dmean": 0, "dmean2": 0, "mean": 0.456842064857, "dvar2": 0, "min": 0.456842064857}, "bpm_histogram_first_peak_weight": {"dvar": 0, "var": 0, "median": 0.484962403774, "max": 0.484962403774, "dmean": 0, "dmean2": 0, "mean": 0.484962403774, "dvar2": 0, "min": 0.484962403774}, "bpm_histogram_first_peak_bpm": {"dvar": 0, "var": 0, "median": 136, "max": 136, "dmean": 0, "dmean2": 0, "mean": 136, "dvar2": 0, "min": 136}, "bpm": 136.743484497, "bpm_histogram_second_peak_weight": {"dvar": 0, "var": 0, "median": 0.0639097765088, "max": 0.0639097765088, "dmean": 0, "dmean2": 0, "mean": 0.0639097765088, "dvar2": 0, "min": 0.0639097765088}, "beats_loudness": {"dvar": 0.000339259509929, "var": 0.000494081876241, "median": 0.0483714565635, "max": 0.134272813797, "dmean": 0.0230065714568, "dmean2": 0.0426918938756, "mean": 0.0509301275015, "dvar2": 0.00106634374242, "min": 5.75751535337e-08}, "beats_loudness_band_ratio": {"dvar": [0.0277047734708, 0.00751046836376, 0.00444318912923, 0.00331184733659, 0.00207218830474, 0.00385276088491], "var": [0.0494354367256, 0.00749987130985, 0.00492565752938, 0.00473287934437, 0.00310414540581, 0.00494394311681], "median": [0.748763501644, 0.0696902647614, 0.0456725694239, 0.0234043803066, 0.05353994295, 0.0469446592033], "max": [0.998249590397, 0.469996780157, 0.374144405127, 0.416523844004, 0.389661192894, 0.380383521318], "dmean": [0.194907784462, 0.103737987578, 0.0592776797712, 0.0406418330967, 0.0422933772206, 0.0616938583553], "dmean2": [0.368771642447, 0.200925841928, 0.105785273015, 0.0715587884188, 0.0796337425709, 0.11960926652], "mean": [0.682669937611, 0.100460976362, 0.0674369856715, 0.0509952791035, 0.0694316625595, 0.0685071870685], "dvar2": [0.0967304259539, 0.0248464439064, 0.0131249837577, 0.00842131488025, 0.00702626863495, 0.0134981814772], "min": [0.0862634107471, 0.000260901055299, 0.00017420804943, 8.66841583047e-05, 8.48053678055e-05, 0.000273886194918]}, "bpm_histogram_second_peak_bpm": {"dvar": 0, "var": 0, "median": 144, "max": 144, "dmean": 0, "dmean2": 0, "mean": 144, "dvar2": 0, "min": 144}, "onset_rate": 3.78839659691, "beats_count": 533, "beats_position": [0.406349211931, 0.859138309956, 1.31192743778, 1.764716506, 2.22911548615, 2.69351458549, 3.15791368484, 3.63392281532, 4.1099319458, 4.5627207756, 5.01551008224, 5.45668935776, 5.89786815643, 6.33904743195, 6.78022670746, 7.22140598297, 7.67419481277, 8.12698364258, 8.56816291809, 9.0093421936, 9.45052146912, 9.89170074463, 10.3328800201, 10.7856683731, 11.2384576797, 11.6796369553, 12.1208162308, 12.5736055374, 13.0263938904, 13.4675731659, 13.9087524414, 14.3499317169, 14.8027210236, 15.2555103302, 15.7082986832, 16.1610889435, 16.602268219, 17.031835556, 17.4614048004, 17.9025840759, 18.3437633514, 18.784942627, 19.2261219025, 19.667301178, 20.1084804535, 20.549659729, 20.9908390045, 21.4204082489, 21.8615875244, 22.2911567688, 22.7323360443, 23.1735134125, 23.614692688, 24.0558719635, 24.497051239, 24.9382305145, 25.37940979, 25.8205890656, 26.2617683411, 26.7029476166, 27.1441268921, 27.5853061676, 28.0264854431, 28.4560546875, 28.897233963, 29.3384113312, 29.7679805756, 30.2091598511, 30.6503391266, 31.0915184021, 31.5326976776, 31.962266922, 32.391834259, 32.8330154419, 33.2625846863, 33.6921539307, 34.1333312988, 34.5745124817, 35.0156898499, 35.4568710327, 35.8980484009, 36.3392295837, 36.7804069519, 37.2215881348, 37.6627655029, 38.0923347473, 38.5219039917, 38.9630813599, 39.3926506042, 39.8222198486, 40.251789093, 40.6813583374, 41.1225395203, 41.5637168884, 42.0048980713, 42.4460754395, 42.8756446838, 43.3052139282, 43.7463951111, 44.1875724792, 44.6287536621, 45.0699310303, 45.5111083984, 45.9522895813, 46.3934669495, 46.8346481323, 47.2758255005, 47.7170066833, 48.1581840515, 48.5993652344, 49.0405426025, 49.4933319092, 49.934513092, 50.3873023987, 50.8284797668, 51.269657135, 51.7108383179, 52.1636276245, 52.6048049927, 53.0575942993, 53.4987754822, 53.9399528503, 54.3811340332, 54.8223114014, 55.2634925842, 55.7046699524, 56.1342391968, 56.5638084412, 56.9933776855, 57.4229469299, 57.8641242981, 58.3169136047, 58.7697029114, 59.2108840942, 59.6520614624, 60.0932426453, 60.5344200134, 60.9756011963, 61.4167785645, 61.8579597473, 62.2991371155, 62.7403144836, 63.1814956665, 63.6226730347, 64.0638504028, 64.5050354004, 64.9462127686, 65.3873901367, 65.8285675049, 66.258140564, 66.6877059937, 67.1288909912, 67.5700683594, 68.0112457275, 68.4524230957, 68.8936004639, 69.3347854614, 69.7759628296, 70.2055282593, 70.6351013184, 71.064666748, 71.4942398071, 71.9354171753, 72.3765945435, 72.817779541, 73.2705688477, 73.7233581543, 74.1761474609, 74.6289291382, 75.0817184448, 75.5345077515, 75.9872970581, 76.4284820557, 76.8812713623, 77.3340606689, 77.7868499756, 78.2280273438, 78.6808166504, 79.133605957, 79.5747833252, 80.0159606934, 80.4571380615, 80.9099273682, 81.3627166748, 81.8039016724, 82.256690979, 82.7094802856, 83.1506576538, 83.591835022, 84.0330123901, 84.4741897583, 84.9153747559, 85.356552124, 85.7977294922, 86.2389068604, 86.6800918579, 87.1212692261, 87.5624465942, 88.0036239624, 88.44480896, 88.8743743896, 89.3271636963, 89.7683410645, 90.2095184326, 90.6507034302, 91.0918807983, 91.5330581665, 91.9742355347, 92.4154205322, 92.8565979004, 93.2977752686, 93.7389526367, 94.1801376343, 94.6213150024, 95.0624923706, 95.5152816772, 95.9680709839, 96.4208602905, 96.8736495972, 97.3148269653, 97.7560043335, 98.2087936401, 98.6615829468, 99.1027679443, 99.5439453125, 99.9851226807, 100.426300049, 100.867477417, 101.308662415, 101.749839783, 102.191017151, 102.632194519, 103.073379517, 103.514556885, 103.955734253, 104.373695374, 104.803260803, 105.232833862, 105.650794983, 106.080360413, 106.509933472, 106.927886963, 107.357460022, 107.787025452, 108.204986572, 108.634559631, 109.064125061, 109.505302429, 109.946479797, 110.387664795, 110.828842163, 111.270019531, 111.69959259, 112.12915802, 112.558731079, 112.988296509, 113.417869568, 113.859046936, 114.288612366, 114.718185425, 115.147750854, 115.588935852, 116.03011322, 116.471290588, 116.912467957, 117.353645325, 117.794830322, 118.23600769, 118.677185059, 119.118362427, 119.559547424, 119.989112854, 120.418685913, 120.859863281, 121.301040649, 121.730613708, 122.160179138, 122.601356506, 123.030929565, 123.460494995, 123.890068054, 124.319633484, 124.760810852, 125.20199585, 125.631561279, 126.072738647, 126.513923645, 126.955101013, 127.40789032, 127.849067688, 128.278640747, 128.708206177, 129.126159668, 129.544128418, 129.973693848, 130.403259277, 130.832824707, 131.262405396, 131.680358887, 132.109924316, 132.539505005, 132.969070435, 133.398635864, 133.828201294, 134.257781982, 134.687347412, 135.116912842, 135.55809021, 135.98765564, 136.417236328, 136.858413696, 137.299591064, 137.752380371, 138.205169678, 138.646347046, 139.075912476, 139.505477905, 139.946670532, 140.3878479, 140.829025269, 141.270202637, 141.699768066, 142.129333496, 142.570526123, 143.000091553, 143.441268921, 143.882446289, 144.312011719, 144.753189087, 145.194366455, 145.635559082, 146.07673645, 146.517913818, 146.959091187, 147.400268555, 147.841445923, 148.282623291, 148.723800659, 149.164993286, 149.606170654, 150.047348022, 150.488525391, 150.91809082, 151.359268188, 151.788833618, 152.230026245, 152.659591675, 153.100769043, 153.530334473, 153.971511841, 154.412689209, 154.853881836, 155.283447266, 155.713012695, 156.154190063, 156.595367432, 157.024932861, 157.45451355, 157.884078979, 158.313644409, 158.766433716, 159.230834961, 159.683624268, 160.124801636, 160.577590942, 161.030380249, 161.471557617, 161.912734985, 162.353912354, 162.79510498, 163.236282349, 163.677459717, 164.118637085, 164.559814453, 164.989379883, 165.442169189, 165.894958496, 166.347747803, 166.800537109, 167.253326416, 167.694503784, 168.135681152, 168.576873779, 169.018051147, 169.459228516, 169.912017822, 170.364807129, 170.805984497, 171.247161865, 171.688339233, 172.129516602, 172.57069397, 173.023483276, 173.476272583, 173.917449951, 174.34703064, 174.776596069, 175.217773438, 175.647338867, 176.076919556, 176.518096924, 176.959274292, 177.40045166, 177.83001709, 178.25958252, 178.700775146, 179.118728638, 179.559906006, 180.012695312, 180.465484619, 180.929885864, 181.371063232, 181.812240601, 182.253417969, 182.694595337, 183.135772705, 183.576965332, 184.041351318, 184.482528687, 184.923721313, 185.364898682, 185.80607605, 186.247253418, 186.688430786, 187.129608154, 187.559173584, 187.988754272, 188.418319702, 188.847885132, 189.277450562, 189.70703125, 190.124984741, 190.554550171, 190.984130859, 191.402084351, 191.820037842, 192.24961853, 192.67918396, 193.10874939, 193.538314819, 193.979492188, 194.409072876, 194.838638306, 195.268203735, 195.697769165, 196.127349854, 196.556915283, 196.974868774, 197.392837524, 197.822402954, 198.251968384, 198.693145752, 199.122711182, 199.55229187, 199.9818573, 200.411422729, 200.852600098, 201.282180786, 201.711746216, 202.129699707, 202.559265137, 202.988845825, 203.418411255, 203.847976685, 204.265930176, 204.683898926, 205.113464355, 205.543029785, 205.960998535, 206.390563965, 206.808517456, 207.238098145, 207.667663574, 208.097229004, 208.515182495, 208.933151245, 209.351104736, 209.769073486, 210.198638916, 210.628204346, 211.046157837, 211.464126587, 211.882080078, 212.311645508, 212.729614258, 213.159179688, 213.588745117, 214.029922485, 214.459503174, 214.889068604, 215.318634033, 215.736587524, 216.154556274, 216.584121704, 217.013687134, 217.443267822, 217.872833252, 218.290786743, 218.720352173, 219.149932861, 219.567886353, 219.985839844, 220.415420532, 220.844985962, 221.262939453, 221.692520142, 222.110473633, 222.540039062, 222.969604492, 223.399185181, 223.817138672, 224.246704102, 224.676269531, 225.10585022, 225.535415649, 225.964981079, 226.394546509, 226.835739136, 227.300125122, 227.787750244, 228.252151489, 228.716552734, 229.250610352, 229.796279907, 230.330337524, 230.806350708, 231.282348633, 231.758361816, 232.269195557, 232.780044556, 233.290878296, 233.801712036, 234.312561035], "danceability": 1.22601997852, "bpm_histogram_second_peak_spread": {"dvar": 0, "var": 0, "median": 0, "max": 0, "dmean": 0, "dmean2": 0, "mean": 0, "dvar2": 0, "min": 0}}, "lowlevel": {"spectral_flux": {"dvar": 0.0013924917439, "var": 0.00288161612116, "median": 0.0870184153318, "max": 0.342988878489, "dmean": 0.0333559140563, "dmean2": 0.0517320595682, "mean": 0.100781701505, "dvar2": 0.00272895209491, "min": 6.45104664132e-11}, "spectral_rolloff": {"dvar": 857760, "var": 2783211, "median": 1184.32617188, "max": 19293.75, "dmean": 538.145324707, "dmean2": 909.626159668, "mean": 1608.80517578, "dvar2": 2075308.25, "min": 21.533203125}, "barkbands_flatness_db": {"dvar": 0.00054690806428, "var": 0.0047499826178, "median": 0.1183488518, "max": 0.527798891068, "dmean": 0.0233850199729, "dmean2": 0.0368622206151, "mean": 0.136751443148, "dvar2": 0.00131012604106, "min": 0.0283865164965}, "spectral_centroid": {"dvar": 79837.40625, "var": 774948.625, "median": 1698.97290039, "max": 11797.2207031, "dmean": 261.921203613, "dmean2": 433.715789795, "mean": 1632.1394043, "dvar2": 198209.625, "min": 123.800453186}, "melbands_skewness": {"dvar": 1.30919742584, "var": 6.74037218094, "median": 3.41141557693, "max": 33.6458129883, "dmean": 1.05314934254, "dmean2": 1.67567121983, "mean": 4.00753164291, "dvar2": 3.06943392754, "min": -0.25393307209}, "melbands": {"dvar": [9.64432001638e-06, 1.82586045412e-05, 4.07539027947e-06, 1.29225327328e-06, 1.00069449616e-07, 1.58445516263e-07, 3.15261772244e-08, 8.41328997581e-08, 2.6532558195e-07, 1.25916827187e-07, 1.34852555789e-08, 8.30367419269e-09, 5.10578823665e-09, 5.7805742415e-09, 7.55775264594e-09, 7.13168102351e-09, 2.81498557797e-09, 2.59697174876e-09, 4.3914363812e-10, 2.31129962391e-10, 5.20239795687e-10, 2.36638736384e-10, 6.07269901032e-10, 2.97788238512e-10, 3.90846327525e-10, 3.98975241733e-10, 7.11670514186e-11, 3.46164243104e-11, 2.29309470717e-11, 3.32902316824e-11, 4.07888306464e-11, 4.12429118635e-11, 2.52580196342e-11, 2.04677681054e-11, 1.1489998189e-11, 7.03551713416e-12, 4.84104163007e-12, 4.66719024539e-12, 5.00138342199e-12, 2.60766777095e-12], "var": [1.23277350212e-05, 1.95826614799e-05, 4.97904466101e-06, 1.14186070732e-06, 9.53428127559e-08, 1.25294491227e-07, 3.86901497507e-08, 1.05320417276e-07, 2.87689374545e-07, 1.47152547925e-07, 2.48885267951e-08, 2.97912396974e-08, 1.10481224169e-08, 1.20296572703e-08, 1.75893326571e-08, 2.06768326905e-08, 5.34652722095e-09, 5.59390400667e-09, 8.28162316502e-10, 5.15623987951e-10, 1.05706976505e-09, 6.53873843959e-10, 1.71765512924e-09, 1.02193764562e-09, 1.50527013076e-09, 1.52489609828e-09, 2.74873290795e-10, 9.19267439947e-11, 3.12654832579e-11, 3.72667140203e-11, 5.93339821719e-11, 4.37584447843e-11, 2.46259679315e-11, 1.93635298767e-11, 1.38975784006e-11, 9.94372986729e-12, 7.07871348343e-12, 8.14278679206e-12, 9.69785796806e-12, 6.70094101735e-12], "median": [0.000844185240567, 0.002591393888, 0.00157056329772, 0.000572958146222, 0.000147056824062, 6.2465085648e-05, 4.85442906211e-05, 4.50611878478e-05, 4.57246569567e-05, 3.41678023688e-05, 1.89422462427e-05, 1.75729692273e-05, 9.42525093706e-06, 1.36145254146e-05, 1.15026505227e-05, 9.57542761171e-06, 1.5657304175e-05, 3.11603143928e-05, 1.47137889144e-05, 1.61438219948e-05, 2.72801626124e-05, 2.87786751869e-05, 4.35098991147e-05, 2.31405174418e-05, 2.02515911951e-05, 2.36213672906e-05, 1.08866661321e-05, 6.20005084784e-06, 3.54321309715e-06, 2.94658843814e-06, 5.43031774214e-06, 3.87799309465e-06, 1.57836893777e-06, 1.08472272586e-06, 8.55690075241e-07, 9.33700334826e-07, 6.61012052205e-07, 5.50961260615e-07, 4.68875413162e-07, 4.19952527864e-07], "max": [0.0248154997826, 0.0414719358087, 0.0231154654175, 0.0192376617342, 0.0039887977764, 0.00636181049049, 0.00304218172096, 0.00686455424875, 0.0130178369582, 0.0111370477825, 0.00558486254886, 0.00309609854594, 0.00372615619563, 0.00296607729979, 0.00395056884736, 0.00257117021829, 0.00282111624256, 0.00146175269037, 0.000624117732514, 0.00032230024226, 0.000399079348426, 0.000292758195428, 0.000312880350975, 0.000311651616357, 0.000260060303845, 0.000245493312832, 0.000168537182617, 0.000129376654513, 8.23873415357e-05, 0.00011976040696, 0.000100599012512, 0.000156223468366, 0.000119288801216, 0.00014329412079, 8.07698525023e-05, 6.00904641033e-05, 6.41638980596e-05, 7.49363607611e-05, 0.000109885273559, 4.33591849287e-05], "dmean": [0.00202518561855, 0.00278881890699, 0.00144854816608, 0.000631502014585, 0.00016320910072, 0.000140568547067, 7.80035406933e-05, 0.000110873108497, 0.000143994373502, 9.4441435067e-05, 3.45807020494e-05, 3.50808477378e-05, 1.90584341908e-05, 2.38263164647e-05, 2.37449366978e-05, 2.43779013545e-05, 1.76267258212e-05, 3.02115167869e-05, 1.12555244414e-05, 1.0321321497e-05, 1.76871380972e-05, 1.21319781101e-05, 1.89398524526e-05, 1.26612976601e-05, 1.42508361023e-05, 1.47387518155e-05, 6.06574030826e-06, 3.64592574442e-06, 2.41735438067e-06, 2.35076504396e-06, 3.29957401846e-06, 2.64259233518e-06, 1.73703836026e-06, 1.39224709983e-06, 1.19395963338e-06, 1.03691968434e-06, 7.94701804807e-07, 7.39922825232e-07, 7.03618809439e-07, 6.58156636746e-07], "dmean2": [0.00308401184157, 0.00481414888054, 0.0025373143144, 0.00112376350444, 0.000282467488432, 0.00024693532032, 0.000131751774461, 0.000185109995073, 0.000241738336626, 0.000155329034897, 5.33448328497e-05, 5.30426368641e-05, 2.88237952191e-05, 3.65886044165e-05, 3.67977772839e-05, 3.66960339306e-05, 2.77031685982e-05, 5.01626163896e-05, 1.847492058e-05, 1.71628671524e-05, 2.95041481877e-05, 2.01429411391e-05, 3.15320394293e-05, 2.10352791328e-05, 2.41001307586e-05, 2.48797896347e-05, 1.02776202766e-05, 6.22356492386e-06, 4.12302597397e-06, 4.00856606575e-06, 5.55298629479e-06, 4.49835852123e-06, 2.94806432066e-06, 2.32463730754e-06, 1.92587185666e-06, 1.67180485278e-06, 1.26316012938e-06, 1.13420014713e-06, 1.04607454432e-06, 9.63135789789e-07], "mean": [0.00243723602034, 0.00401628110558, 0.00227685482241, 0.000859674881212, 0.000233372760704, 0.000159350413014, 0.000110589462565, 0.000150955907884, 0.000197879082407, 0.000141477474244, 6.2093276938e-05, 7.03715049895e-05, 3.67385764548e-05, 4.56892157672e-05, 4.77519643027e-05, 4.57889582322e-05, 3.2641364669e-05, 5.23870439793e-05, 2.17986398638e-05, 2.11233509617e-05, 3.37710880558e-05, 3.12316951749e-05, 4.98007102578e-05, 3.15572324325e-05, 3.77127616957e-05, 3.8497026253e-05, 1.61019816005e-05, 8.90710543899e-06, 4.63843434773e-06, 4.36121354142e-06, 6.86295288688e-06, 5.09978281116e-06, 2.81675761471e-06, 2.22936273531e-06, 1.93420282812e-06, 1.87270302376e-06, 1.43031252264e-06, 1.36200696943e-06, 1.33451135298e-06, 1.30678824917e-06], "dvar2": [2.12730537896e-05, 5.10590434715e-05, 1.1662419638e-05, 3.75523882212e-06, 2.80846165879e-07, 4.46868426707e-07, 8.4263881206e-08, 2.20625281599e-07, 7.33831768684e-07, 3.49707477199e-07, 3.06292946561e-08, 1.82249362268e-08, 1.15811431556e-08, 1.37768028097e-08, 1.82086665745e-08, 1.58054636046e-08, 6.62717702937e-09, 6.63569688086e-09, 1.12552756004e-09, 6.04249150715e-10, 1.39350164741e-09, 6.53896436997e-10, 1.74229586314e-09, 8.20377432653e-10, 1.12321907331e-09, 1.15255782696e-09, 1.99253558097e-10, 9.8328727105e-11, 6.31465504886e-11, 9.4784659288e-11, 1.13551931746e-10, 1.16687215446e-10, 7.02687005805e-11, 5.7621234173e-11, 2.92553203884e-11, 1.79793315652e-11, 1.19888604252e-11, 1.08489450062e-11, 1.06967637872e-11, 5.10504572643e-12], "min": [1.18433127372e-24, 1.66255808156e-24, 7.64726346775e-25, 2.77761415438e-24, 3.02104992441e-24, 2.17428110672e-24, 2.32635712038e-24, 2.96205456718e-24, 3.04838060212e-24, 1.93243627192e-24, 3.06834430505e-24, 3.51377737619e-24, 2.27386631575e-24, 4.09112219019e-24, 4.22061291892e-24, 2.77027893125e-24, 3.97615912389e-24, 3.41034824519e-24, 3.7080667174e-24, 4.74953271739e-24, 3.45843562825e-24, 5.51539753836e-24, 5.5658018059e-24, 3.57213770039e-24, 5.27134251252e-24, 4.80824566241e-24, 5.09608877938e-24, 6.45918480891e-24, 6.14569621834e-24, 5.91797337425e-24, 5.95077657727e-24, 6.93758674387e-24, 5.50791834812e-24, 5.69699529089e-24, 7.36582619715e-24, 6.08904180585e-24, 5.97838552566e-24, 6.41470370348e-24, 6.66106811962e-24, 7.51965407367e-24]}, "spectral_decrease": {"dvar": 2.70700331394e-17, "var": 3.93597450133e-17, "median": -6.95301416442e-09, "max": 1.47333929635e-28, "dmean": 3.96149335558e-09, "dmean2": 6.43329567396e-09, "mean": -8.68137384202e-09, "dvar2": 6.74768018653e-17, "min": -5.32660529018e-08}, "barkbands_kurtosis": {"dvar": 136.029724121, "var": 682.488220215, "median": 1.65172386169, "max": 1121.51989746, "dmean": 4.63658189774, "dmean2": 7.24338912964, "mean": 8.19469165802, "dvar2": 271.134399414, "min": -1.89180660248}, "silence_rate_30dB": {"dvar": 0.0092047015205, "var": 0.00609049387276, "median": 1, "max": 1, "dmean": 0.0092912921682, "dmean2": 0.0185844209045, "mean": 0.993872284889, "dvar2": 0.0245673842728, "min": 0}, "gfcc": {"mean": [13.4665603638, 80.9703140259, -101.618057251, 52.9093132019, -34.3956298828, 9.14434814453, -33.8544654846, 12.762295723, -22.2339000702, -3.38635468483, -21.8122749329, -4.74612426758, -17.5244674683], "cov": [[11630.2304688, -1369.05383301, -1168.19726562, -193.383392334, -636.098510742, 133.016662598, -256.944091797, 371.956176758, -411.644165039, 258.203979492, -90.4793319702, 155.345870972, -199.919281006], [-1369.05383301, 1513.85632324, -156.669250488, 155.170028687, 213.960739136, -34.9735374451, 204.541534424, -181.05657959, 254.101730347, -189.586791992, 29.3898582458, -62.9036140442, 91.5196304321], [-1168.19726562, -156.669250488, 782.764709473, -51.1193962097, 21.8813552856, 87.9121704102, -43.6961402893, 28.2209148407, 10.3714790344, 45.4555892944, -31.6311321259, -9.76426124573, -11.9118747711], [-193.383392334, 155.170028687, -51.1193962097, 340.58392334, 87.3358917236, -39.3407821655, -37.5622901917, -39.4085769653, 66.9637145996, -35.382183075, 32.5577468872, -23.9381446838, 52.7681388855], [-636.098510742, 213.960739136, 21.8813552856, 87.3358917236, 234.149032593, -20.4421768188, 46.2181930542, 7.14746999741, 41.0668106079, -28.2263145447, 10.1539354324, -13.1282529831, 29.2635173798], [133.016662598, -34.9735374451, 87.9121704102, -39.3407821655, -20.4421768188, 170.365356445, 61.5616722107, 1.88807606697, -1.92558681965, 12.0371103287, 4.56685018539, 10.3912324905, -5.73668813705], [-256.944091797, 204.541534424, -43.6961402893, -37.5622901917, 46.2181930542, 61.5616722107, 160.922180176, 0.982564926147, 30.3327236176, -16.5904788971, 5.0471663475, 2.42357563972, 3.30231833458], [371.956176758, -181.05657959, 28.2209148407, -39.4085769653, 7.14746999741, 1.88807606697, 0.982564926147, 124.205482483, -13.3145666122, 37.3316459656, -4.17230892181, 8.34948921204, -22.1071071625], [-411.644165039, 254.101730347, 10.3714790344, 66.9637145996, 41.0668106079, -1.92558681965, 30.3327236176, -13.3145666122, 130.448928833, -4.74221515656, 8.31433391571, -18.1516799927, 21.7370376587], [258.203979492, -189.586791992, 45.4555892944, -35.382183075, -28.2263145447, 12.0371103287, -16.5904788971, 37.3316459656, -4.74221515656, 91.4169921875, 6.69751262665, 9.56865787506, -17.3462600708], [-90.4793319702, 29.3898582458, -31.6311321259, 32.5577468872, 10.1539354324, 4.56685018539, 5.0471663475, -4.17230892181, 8.31433391571, 6.69751262665, 63.3832855225, 18.569021225, 11.496919632], [155.345870972, -62.9036140442, -9.76426124573, -23.9381446838, -13.1282529831, 10.3912324905, 2.42357563972, 8.34948921204, -18.1516799927, 9.56865787506, 18.569021225, 59.6901817322, 14.0906438828], [-199.919281006, 91.5196304321, -11.9118747711, 52.7681388855, 29.2635173798, -5.73668813705, 3.30231833458, -22.1071071625, 21.7370376587, -17.3462600708, 11.496919632, 14.0906438828, 64.4298095703]], "icov": [[0.000234371967963, -0.000256543164141, 0.000465327379061, -0.000298209430184, 0.000451320491266, -0.000619169615675, 0.000629741931334, -0.000861104985233, 0.000744115037378, -0.000738053175155, 0.000796332489699, -0.000613854732364, 0.000376450771], [-0.000256543164141, 0.00259420950897, -0.000431877095252, 0.000870311458129, -0.00128726591356, 0.00148909667041, -0.00257249409333, 0.00301321782172, -0.00428874883801, 0.00393181946129, -0.00191376183648, 0.00169734586962, -0.000914861098863], [0.000465327379061, -0.000431877095252, 0.00252266437747, -0.000217546781641, 0.000250096520176, -0.00244088098407, 0.00235739187337, -0.00172876508441, 0.000917641096748, -0.00191344087943, 0.00233002356254, -0.00100390368607, 0.000636008917354], [-0.000298209430184, 0.000870311458129, -0.000217546781641, 0.00527182081714, -0.00210652197711, 0.000695293652825, 0.000943234888837, 0.00195590825751, -0.00337583618239, 0.00257221027277, -0.00352415046655, 0.00327273644507, -0.00313341920264], [0.000451320491266, -0.00128726591356, 0.000250096520176, -0.00210652197711, 0.0071188560687, 1.23682793856e-05, -0.000715464819223, -0.00375990569592, 0.00248385593295, -0.00134987966157, 0.00120517297182, -0.000428945088061, -0.000807922973763], [-0.000619169615675, 0.00148909667041, -0.00244088098407, 0.000695293652825, 1.23682793856e-05, 0.0101989386603, -0.00652689719573, 0.00341794849373, -0.00239052018151, 0.00220915814862, -0.00325106503442, 0.00122510117944, -0.000933901232202], [0.000629741931334, -0.00257249409333, 0.00235739187337, 0.000943234888837, -0.000715464819223, -0.00652689719573, 0.0133590828627, -0.00428672833368, 0.00201205676422, -0.00259956205264, 0.00252787931822, -0.00268971221521, 0.00161817541812], [-0.000861104985233, 0.00301321782172, -0.00172876508441, 0.00195590825751, -0.00375990569592, 0.00341794849373, -0.00428672833368, 0.0151475099847, -0.00544179882854, 0.0017245990457, -0.00282940943725, 0.00124320026953, 0.00108882714994], [0.000744115037378, -0.00428874883801, 0.000917641096748, -0.00337583618239, 0.00248385593295, -0.00239052018151, 0.00201205676422, -0.00544179882854, 0.0178087763488, -0.00856243725866, 0.00323283369653, -3.26573972416e-05, -0.000859161722474], [-0.000738053175155, 0.00393181946129, -0.00191344087943, 0.00257221027277, -0.00134987966157, 0.00220915814862, -0.00259956205264, 0.0017245990457, -0.00856243725866, 0.0211840625852, -0.00653800927103, 0.00187025440391, 0.000549015589058], [0.000796332489699, -0.00191376183648, 0.00233002356254, -0.00352415046655, 0.00120517297182, -0.00325106503442, 0.00252787931822, -0.00282940943725, 0.00323283369653, -0.00653800927103, 0.0231969002634, -0.00957749597728, 0.00167358689941], [-0.000613854732364, 0.00169734586962, -0.00100390368607, 0.00327273644507, -0.000428945088061, 0.00122510117944, -0.00268971221521, 0.00124320026953, -3.26573972416e-05, 0.00187025440391, -0.00957749597728, 0.0258870813996, -0.00975126773119], [0.000376450771, -0.000914861098863, 0.000636008917354, -0.00313341920264, -0.000807922973763, -0.000933901232202, 0.00161817541812, 0.00108882714994, -0.000859161722474, 0.000549015589058, 0.00167358689941, -0.00975126773119, 0.0235183071345]]}, "silence_rate_20dB": {"dvar": 0, "var": 0, "median": 1, "max": 1, "dmean": 0, "dmean2": 0, "mean": 1, "dvar2": 0, "min": 1}, "barkbands_skewness": {"dvar": 0.528295576572, "var": 3.1642472744, "median": 1.63611650467, "max": 32.5027084351, "dmean": 0.674210965633, "dmean2": 1.06875503063, "mean": 2.04326033592, "dvar2": 1.22578251362, "min": -1.97744607925}, "erbbands_skewness": {"dvar": 0.127612531185, "var": 0.853145599365, "median": -0.376869559288, "max": 8.09936618805, "dmean": 0.332951068878, "dmean2": 0.521795451641, "mean": -0.323165416718, "dvar2": 0.281137019396, "min": -2.61372280121}, "spectral_contrast_valleys": {"dvar": [0.137121021748, 0.134112656116, 0.0954293161631, 0.0873478800058, 0.0858529508114, 0.159963414073], "var": [1.59330558777, 1.6873922348, 1.72243595123, 1.7654927969, 2.19115138054, 2.07364416122], "median": [-6.67239713669, -6.82951068878, -7.5237736702, -7.36449670792, -6.74126529694, -9.65598297119], "max": [-4.94598531723, -4.54710578918, -5.29660463333, -5.85645580292, -5.51712989807, -7.34382343292], "dmean": [0.414189815521, 0.392310291529, 0.331597328186, 0.285705715418, 0.238291367888, 0.285957753658], "dmean2": [0.669585108757, 0.647871255875, 0.519953548908, 0.437876820564, 0.349900275469, 0.392462939024], "mean": [-6.76467370987, -6.93651533127, -7.67500305176, -7.61017274857, -7.19461536407, -10.0054769516], "dvar2": [0.312546789646, 0.321877151728, 0.199738904834, 0.173742726445, 0.163190275431, 0.321942180395], "min": [-28.1199798584, -27.5645275116, -27.5247306824, -27.62383461, -27.4862155914, -27.3525161743]}, "spectral_strongpeak": {"dvar": 0.364550024271, "var": 0.43681961298, "median": 0.341842442751, "max": 8.72367286682, "dmean": 0.31991276145, "dmean2": 0.560551047325, "mean": 0.510225057602, "dvar2": 0.99646115303, "min": 0}, "erbbands_crest": {"dvar": 4.37201547623, "var": 12.2708234787, "median": 7.05476856232, "max": 29.9137592316, "dmean": 2.06997203827, "dmean2": 3.37583208084, "mean": 7.97185611725, "dvar2": 10.8682155609, "min": 2.30491304398}, "barkbands_crest": {"dvar": 6.85499715805, "var": 16.9178752899, "median": 9.66497612, "max": 26.8145599365, "dmean": 2.85358405113, "dmean2": 4.61694478989, "mean": 10.220656395, "dvar2": 17.3727779388, "min": 2.22523546219}, "spectral_energyband_middle_low": {"dvar": 7.81792768976e-05, "var": 9.17206998565e-05, "median": 0.00818493310362, "max": 0.124192662537, "dmean": 0.0060351761058, "dmean2": 0.010450324975, "mean": 0.0107970153913, "dvar2": 0.000220659247134, "min": 1.74150952921e-22}, "spectral_contrast_coeffs": {"dvar": [0.00208184449002, 0.00167695083655, 0.000854089681525, 0.000479005771922, 0.000303121487377, 0.000354425981641], "var": [0.00448541482911, 0.00441464735195, 0.00438160775229, 0.00189751456492, 0.00120210798923, 0.00186218251474], "median": [-0.635133624077, -0.768334388733, -0.795886456966, -0.796256303787, -0.771044492722, -0.752527832985], "max": [-0.365746974945, -0.451342374086, -0.505457758904, -0.614699542522, -0.666218042374, -0.606855392456], "dmean": [0.0568527914584, 0.0488294884562, 0.03532204777, 0.0275833271444, 0.0212183743715, 0.0191670879722], "dmean2": [0.0955517888069, 0.08170132339, 0.0568582303822, 0.0454408861697, 0.0354841612279, 0.030380634591], "mean": [-0.634858131409, -0.76172965765, -0.781699061394, -0.793441176414, -0.774764597416, -0.751636207104], "dvar2": [0.00582208391279, 0.00461539626122, 0.00212907628156, 0.00125811330508, 0.000821837224066, 0.00083439151058], "min": [-0.971639633179, -0.973727881908, -0.974305152893, -0.968379557133, -0.965183973312, -0.965055346489]}, "hfc": {"dvar": 94.8123092651, "var": 334.78527832, "median": 21.5059356689, "max": 197.479217529, "dmean": 6.03033828735, "dmean2": 9.24795818329, "mean": 24.0033950806, "dvar2": 236.018951416, "min": 1.06715556825e-16}, "spectral_energyband_high": {"dvar": 8.22607660211e-07, "var": 1.54700887833e-06, "median": 0.000755191780627, "max": 0.0179228037596, "dmean": 0.000384757149732, "dmean2": 0.000586105859838, "mean": 0.00102040101774, "dvar2": 2.07460584534e-06, "min": 7.30083906585e-21}, "erbbands_spread": {"dvar": 123.713294983, "var": 454.709533691, "median": 44.9140777588, "max": 213.729705811, "dmean": 9.91377258301, "dmean2": 15.938659668, "mean": 48.8144378662, "dvar2": 277.938659668, "min": 2.48815894127}, "dissonance": {"dvar": 0.000158892013133, "var": 0.000364585313946, "median": 0.484685242176, "max": 0.500000178814, "dmean": 0.0112722571939, "dmean2": 0.0190204400569, "mean": 0.479057520628, "dvar2": 0.000416512019001, "min": 0.308310747147}, "spectral_kurtosis": {"dvar": 3.05166959763, "var": 6.41263961792, "median": 4.02768421173, "max": 47.4372558594, "dmean": 1.26191580296, "dmean2": 2.07903313637, "mean": 4.32344150543, "dvar2": 7.56253242493, "min": -1.25627720356}, "spectral_skewness": {"dvar": 0.0471515320241, "var": 0.177796259522, "median": 1.39386296272, "max": 6.10862731934, "dmean": 0.178723916411, "dmean2": 0.281523019075, "mean": 1.41833925247, "dvar2": 0.105021715164, "min": -0.066693149507}, "pitch_salience": {"dvar": 0.00487623689696, "var": 0.014256587252, "median": 0.536097109318, "max": 0.879806518555, "dmean": 0.0802529081702, "dmean2": 0.133640825748, "mean": 0.528373301029, "dvar2": 0.0131809860468, "min": 0.0255116019398}, "spectral_complexity": {"dvar": 13.0003194809, "var": 168.435379028, "median": 26, "max": 59, "dmean": 3.70683002472, "dmean2": 5.75919342041, "mean": 24.08203125, "dvar2": 28.578704834, "min": 0}, "spectral_spread": {"dvar": 707387457536, "var": 6024127840260.0, "median": 4223182, "max": 42458968, "dmean": 497235.8125, "dmean2": 716710.9375, "mean": 4680372.5, "dvar2": 1264547135490.0, "min": 1762207.375}, "dynamic_complexity": 2.27908945084, "melbands_crest": {"dvar": 8.13751125336, "var": 27.8166236877, "median": 16.2050247192, "max": 39.5542182922, "dmean": 3.52296066284, "dmean2": 5.74768829346, "mean": 16.5482578278, "dvar2": 20.9066143036, "min": 1.64048719406}, "zerocrossingrate": {"dvar": 0.000140011354233, "var": 0.0018453769153, "median": 0.05859375, "max": 0.51611328125, "dmean": 0.0102400062606, "dmean2": 0.0123403482139, "mean": 0.063900321722, "dvar2": 0.000187902071048, "min": 0}, "spectral_energyband_low": {"dvar": 0.000301356310956, "var": 0.000399170618039, "median": 0.0129488799721, "max": 0.1578348279, "dmean": 0.0121486466378, "dmean2": 0.0196280721575, "mean": 0.0200301110744, "dvar2": 0.000756009947509, "min": 1.04910745892e-23}, "melbands_kurtosis": {"dvar": 868.045837402, "var": 3763.16552734, "median": 12.8791351318, "max": 1410.75817871, "dmean": 14.4008493423, "dmean2": 23.1431312561, "mean": 30.8002319336, "dvar2": 1876.80285645, "min": -1.5864764452}, "spectral_energyband_middle_high": {"dvar": 3.06105289383e-06, "var": 2.25590119953e-05, "median": 0.00464228307828, "max": 0.0474706217647, "dmean": 0.00121760461479, "dmean2": 0.0018446209142, "mean": 0.00542626483366, "dvar2": 6.65263951305e-06, "min": 1.28864349191e-21}, "barkbands_spread": {"dvar": 52.6383018494, "var": 283.069061279, "median": 28.0661392212, "max": 113.89490509, "dmean": 6.43150043488, "dmean2": 10.3343143463, "mean": 28.0972156525, "dvar2": 129.665039062, "min": 0.385217517614}, "mfcc": {"mean": [-631.758666992, 109.555641174, 0.53203612566, 46.744342804, 20.3971595764, 7.33532762527, 3.51298475266, 11.1098089218, 3.69749760628, 1.99753248692, 6.39605855942, -4.02155065536, -7.06564569473], "cov": [[7053.4453125, -1030.37451172, -658.455444336, -291.41418457, -367.978027344, -313.782348633, 93.9929199219, -73.9733428955, -157.148803711, 1.24876177311, 75.97265625, 11.5316963196, 11.7593669891], [-1030.37451172, 1175.19775391, -58.0445671082, 119.72618866, 23.6800289154, 171.963638306, -41.0539703369, 128.341781616, 102.105567932, -15.2548713684, 30.6225032806, 7.95028018951, -20.5626010895], [-658.455444336, -58.0445671082, 589.81439209, -67.8500442505, 83.441444397, 48.8202476501, -7.55033063889, -23.3106136322, 21.2920513153, 9.10183048248, 0.479773938656, 7.89786624908, 28.0896072388], [-291.41418457, 119.72618866, -67.8500442505, 311.842468262, 122.386413574, 9.20970249176, -42.8975410461, 4.50086927414, 14.6224775314, 26.316450119, -37.9590377808, 0.484180599451, -2.60509252548], [-367.978027344, 23.6800289154, 83.441444397, 122.386413574, 193.913864136, 4.6391582489, -5.38533639908, -1.71205639839, 20.8491973877, 18.2558879852, -11.5100765228, -3.32508707047, 3.34786939621], [-313.782348633, 171.963638306, 48.8202476501, 9.20970249176, 4.6391582489, 166.84236145, 12.5882883072, 36.9770774841, 23.5943470001, 5.19273233414, 0.851320207119, 3.957