{"tonal": {"hpcp": {"dvar": [0.0486600548029, 0.0467878840864, 0.0502576194704, 0.0575650185347, 0.0641065090895, 0.0599448643625, 0.0619046166539, 0.0665833353996, 0.0714805722237, 0.0605099871755, 0.0523401871324, 0.0489090681076, 0.04007287696, 0.0426457673311, 0.0283549372107, 0.026654554531, 0.0293834246695, 0.0373479239643, 0.0417551919818, 0.0430999286473, 0.0349593535066, 0.0256753321737, 0.0242401063442, 0.0391277559102, 0.109574124217, 0.0429942123592, 0.029021481052, 0.0302082691342, 0.0398777797818, 0.0417242348194, 0.0431709885597, 0.0484371781349, 0.0452635064721, 0.0443610213697, 0.0409609600902, 0.0448474474251], "var": [0.042511433363, 0.0389780029655, 0.0438576005399, 0.0625557601452, 0.0879876837134, 0.0739956796169, 0.0652188360691, 0.0740928202868, 0.074256695807, 0.078315846622, 0.0607082918286, 0.0446892790496, 0.0381232053041, 0.0438841693103, 0.0307646226138, 0.0244242325425, 0.0265922136605, 0.0344834588468, 0.0551445782185, 0.0780865997076, 0.045193605125, 0.0230897907168, 0.0191561318934, 0.0503239780664, 0.146277293563, 0.0555840805173, 0.031440038234, 0.0342545211315, 0.0397283583879, 0.0399052090943, 0.0422542877495, 0.0483053140342, 0.0533327162266, 0.0581502690911, 0.0361736863852, 0.037296667695], "median": [0.0395580865443, 0.0398650467396, 0.0415981709957, 0.0610824637115, 0.0862311199307, 0.0812361165881, 0.0604288466275, 0.0537452995777, 0.0657704100013, 0.0733208656311, 0.0596079565585, 0.0436667315662, 0.0479226149619, 0.0556983202696, 0.0476252958179, 0.0410844758153, 0.039060652256, 0.0419030040503, 0.0714264661074, 0.0939128547907, 0.081006757915, 0.0465868264437, 0.0326083749533, 0.116699397564, 0.170245692134, 0.16698910296, 0.0509041398764, 0.0393534526229, 0.0381488762796, 0.04030302912, 0.0520524904132, 0.0593279711902, 0.0696919262409, 0.0688696354628, 0.049893502146, 0.0364011824131], "max": [1, 1, 1, 1, 1, 1, 1, 1, 1, 1, 1, 1, 1, 1, 1, 1, 1, 1, 1, 1, 1, 1, 1, 1, 1, 1, 1, 1, 1, 1, 1, 1, 1, 1, 1, 1], "dmean": [0.13241481781, 0.131010115147, 0.140903025866, 0.176077574492, 0.193507105112, 0.196618258953, 0.184912219644, 0.185099393129, 0.203420296311, 0.185312077403, 0.164827257395, 0.142700076103, 0.132727667689, 0.133338302374, 0.108568765223, 0.0925042256713, 0.096835680306, 0.118553154171, 0.14349655807, 0.149958521128, 0.138368427753, 0.100829824805, 0.0853176862001, 0.170153871179, 0.280934751034, 0.186581239104, 0.108859211206, 0.110082194209, 0.122664414346, 0.13411308825, 0.143035829067, 0.142350152135, 0.143408402801, 0.14300596714, 0.126157522202, 0.126428648829], "dmean2": [0.239382088184, 0.236850067973, 0.254691511393, 0.317246735096, 0.345073312521, 0.351562380791, 0.330195635557, 0.332658559084, 0.362926006317, 0.330490082502, 0.294670701027, 0.257123529911, 0.237648561597, 0.237752512097, 0.190561160445, 0.16426615417, 0.172635272145, 0.211388319731, 0.246383473277, 0.255033165216, 0.242179140449, 0.180728331208, 0.154451027513, 0.302834689617, 0.508083343506, 0.33053123951, 0.192237347364, 0.193794459105, 0.219945907593, 0.242482081056, 0.256450593472, 0.254553169012, 0.252636313438, 0.251248717308, 0.225828111172, 0.229820221663], "mean": [0.118800401688, 0.116322375834, 0.125205799937, 0.175538852811, 0.228391677141, 0.209179282188, 0.174289241433, 0.180008888245, 0.19519212842, 0.204841852188, 0.174696445465, 0.130092442036, 0.126879885793, 0.13662494719, 0.115172818303, 0.0967067927122, 0.0983638688922, 0.113965503871, 0.172641381621, 0.216120451689, 0.165182158351, 0.0973657742143, 0.0801430046558, 0.219964295626, 0.370383739471, 0.251665741205, 0.117476329207, 0.112498380244, 0.115757152438, 0.121592335403, 0.134156554937, 0.142855331302, 0.164507344365, 0.166464969516, 0.124782904983, 0.11021374166], "dvar2": [0.134914219379, 0.131246358156, 0.138322398067, 0.156626358628, 0.170260488987, 0.15895973146, 0.164236500859, 0.17108798027, 0.204563558102, 0.165508717299, 0.148731395602, 0.140972912312, 0.113642506301, 0.115488119423, 0.0775964185596, 0.0762151554227, 0.0831571668386, 0.104424841702, 0.111147254705, 0.107895806432, 0.0969322249293, 0.07143766433, 0.0696399882436, 0.101523481309, 0.269916772842, 0.114093907177, 0.0802258104086, 0.0843577459455, 0.113224670291, 0.116414271295, 0.118833363056, 0.135228186846, 0.122760549188, 0.120131768286, 0.115590043366, 0.123970471323], "min": [0, 0, 0, 0, 0, 0, 0, 0, 0, 0, 0, 0, 0, 0, 0, 0, 0, 0, 0, 0, 0, 0, 0, 0, 0, 0, 0, 0, 0, 0, 0, 0, 0, 0, 0, 0]}, "key_key": "A#", "thpcp": [1, 0.679472982883, 0.317174643278, 0.303734660149, 0.312533020973, 0.328287452459, 0.362209618092, 0.385695457458, 0.444153785706, 0.449439197779, 0.336901694536, 0.297566354275, 0.320749521255, 0.314059078693, 0.338043451309, 0.473937809467, 0.616635262966, 0.564763665199, 0.470563977957, 0.486006468534, 0.52699971199, 0.553053021431, 0.47166338563, 0.351236909628, 0.342563331127, 0.368874043226, 0.310955375433, 0.261098921299, 0.265572845936, 0.307695746422, 0.466114908457, 0.583504140377, 0.445975720882, 0.262878090143, 0.216378301382, 0.593882143497], "chords_key": "A#", "tuning_equal_tempered_deviation": 0.163285315037, "tuning_frequency": 434.193115234, "tuning_diatonic_strength": 0.424732983112, "chords_histogram": [21.1579704285, 6.86204433441, 17.9413871765, 4.25303792953, 7.82701921463, 8.43459606171, 0.250178694725, 11.5439596176, 3.89563965797, 3.53824162483, 0.50035738945, 1.89421010017, 0.822015702724, 0, 1.03645455837, 0.464617580175, 0, 0.536097228527, 0, 0.357398152351, 2.50178694725, 4.75339508057, 1.32237315178, 0.107219442725], "key_strength": 0.529719233513, "key_scale": "minor", "chords_strength": {"dvar": 0.000113383903226, "var": 0.00791192892939, "median": 0.423619121313, "max": 0.698701202869, "dmean": 0.0129932817072, "dmean2": 0.0161784291267, "mean": 0.431130468845, "dvar2": 0.000201299015316, "min": 0.233594968915}, "chords_number_rate": 0.00500357383862, "tuning_nontempered_energy_ratio": 0.832037031651, "hpcp_entropy": {"dvar": 0.330350071192, "var": 0.599894821644, "median": 2.5449590683, "max": 4.45615530014, "dmean": 0.719853579998, "dmean2": 1.21217787266, "mean": 2.51262235641, "dvar2": 0.914493858814, "min": 0}, "chords_changes_rate": 0.10972122848, "chords_scale": "minor"}, "rhythm": {"bpm_histogram_first_peak_spread": {"dvar": 0, "var": 0, "median": 0.477611958981, "max": 0.477611958981, "dmean": 0, "dmean2": 0, "mean": 0.477611958981, "dvar2": 0, "min": 0.477611958981}, "bpm_histogram_first_peak_weight": {"dvar": 0, "var": 0, "median": 0.129151284695, "max": 0.129151284695, "dmean": 0, "dmean2": 0, "mean": 0.129151284695, "dvar2": 0, "min": 0.129151284695}, "bpm_histogram_first_peak_bpm": {"dvar": 0, "var": 0, "median": 126, "max": 126, "dmean": 0, "dmean2": 0, "mean": 126, "dvar2": 0, "min": 126}, "bpm": 126.26751709, "bpm_histogram_second_peak_weight": {"dvar": 0, "var": 0, "median": 0.110701106489, "max": 0.110701106489, "dmean": 0, "dmean2": 0, "mean": 0.110701106489, "dvar2": 0, "min": 0.110701106489}, "beats_loudness": {"dvar": 0.00155761290807, "var": 0.00365176331252, "median": 0.058379098773, "max": 0.362792611122, "dmean": 0.0311479344964, "dmean2": 0.0538420900702, "mean": 0.0705543234944, "dvar2": 0.00427616154775, "min": 1.66910325561e-07}, "beats_loudness_band_ratio": {"dvar": [0.0255359020084, 0.0102959796786, 0.00438374141231, 0.00824203714728, 0.00445994315669, 0.00811110716313], "var": [0.048133213073, 0.015259983018, 0.00447250204161, 0.0129557177424, 0.00350799621083, 0.0111779216677], "median": [0.484496623278, 0.0841820836067, 0.0590738430619, 0.0948268473148, 0.0349566042423, 0.124462291598], "max": [0.993377804756, 0.723434746265, 0.522486388683, 0.712732076645, 0.533749639988, 0.737299203873], "dmean": [0.203474283218, 0.0930990725756, 0.0574415773153, 0.0915839895606, 0.0385782495141, 0.0765745490789], "dmean2": [0.349031805992, 0.15959379077, 0.10438015312, 0.160544812679, 0.0669782683253, 0.12942583859], "mean": [0.486765086651, 0.127919718623, 0.073418200016, 0.128937244415, 0.047456536442, 0.145593360066], "dvar2": [0.0674865022302, 0.0277279354632, 0.0123657463118, 0.0231762193143, 0.0128484452143, 0.0228666756302], "min": [0.0384064354002, 0.00442120200023, 0.00127869041171, 0.000547355855815, 0.000315415061777, 0.000388040120015]}, "bpm_histogram_second_peak_bpm": {"dvar": 0, "var": 0, "median": 112, "max": 112, "dmean": 0, "dmean2": 0, "mean": 112, "dvar2": 0, "min": 112}, "onset_rate": 2.49414873123, "beats_count": 272, "beats_position": [0.510838985443, 1.04489791393, 1.57895684242, 2.11301589012, 2.6470746994, 3.1811337471, 3.7151927948, 4.2492518425, 4.78331041336, 5.31736946106, 5.85142850876, 6.38548755646, 6.93115615845, 7.47682523727, 8.03410434723, 8.59138298035, 9.13705158234, 9.69433116913, 10.2399997711, 10.774058342, 11.3197278976, 11.8653964996, 12.387845993, 12.9219045639, 13.479183197, 14.0248527527, 14.5589113235, 15.0929698944, 15.6270294189, 16.1494789124, 16.6719264984, 17.2059860229, 17.7400455475, 18.2741031647, 18.8081626892, 19.3538322449, 19.9111099243, 20.4683895111, 20.94439888, 21.4087982178, 21.8848075867, 22.3375968933, 22.8019943237, 23.2663936615, 23.7772331238, 24.2880725861, 24.7873020172, 25.286529541, 25.7857589722, 26.2849884033, 26.7842178345, 27.2834453583, 27.7826747894, 28.2935142517, 28.804353714, 29.3151912689, 29.8144207001, 30.3136501312, 30.8244895935, 31.3237190247, 31.8345565796, 32.3337860107, 32.8562355042, 33.3670730591, 33.8895225525, 34.4468002319, 35.0040817261, 35.5497512817, 36.1070289612, 36.6410865784, 37.186756134, 37.7324256897, 38.2780952454, 38.823764801, 39.3578224182, 39.8918800354, 40.4259414673, 40.9599990845, 41.4940567017, 42.0048980713, 42.5157356262, 43.0381851196, 43.5141944885, 43.9902038574, 44.4662132263, 44.9422225952, 45.4182319641, 45.894241333, 46.3702468872, 46.8346481323, 47.3106575012, 47.7634468079, 48.2278442383, 48.6922454834, 49.1682548523, 49.6442604065, 50.1202697754, 50.6194992065, 51.1071205139, 51.5947380066, 52.1055755615, 52.6164169312, 53.1272544861, 53.6497039795, 54.1605415344, 54.6829910278, 55.1938323975, 55.7162818909, 56.2387275696, 56.7495689392, 57.2487983704, 57.7596359253, 58.2588653564, 58.7580947876, 59.2573242188, 59.7565536499, 60.2557830811, 60.7434005737, 61.2194099426, 61.683807373, 62.1598167419, 62.6358261108, 63.1118354797, 63.5878448486, 64.0638504028, 64.5282516479, 64.9926528931, 65.4570541382, 65.9214477539, 66.3974609375, 66.8618545532, 67.3378677368, 67.8022689819, 68.2666625977, 68.7310638428, 69.1954650879, 69.659866333, 70.1242599487, 70.6002731323, 71.0762786865, 71.5522918701, 72.0282974243, 72.5043106079, 72.9803161621, 73.4679336548, 73.9439468384, 74.4199523926, 74.9075698853, 75.3951950073, 75.8828125, 76.3704299927, 76.8696594238, 77.368888855, 77.8681182861, 78.3673477173, 78.8665771484, 79.3658065796, 79.8766403198, 80.2946014404, 80.7009506226, 81.1072998047, 81.5252609253, 81.9432220459, 82.349571228, 82.7675247192, 83.1738739014, 83.591835022, 84.0097961426, 84.4161453247, 84.8341064453, 85.263671875, 85.6932373047, 86.1924667358, 86.6800918579, 87.1677093506, 87.6553268433, 88.0500640869, 88.44480896, 88.8279342651, 89.2226715088, 89.6174163818, 90.0121536255, 90.3952789307, 90.7784118652, 91.1615371704, 91.5330581665, 91.9045791626, 92.2761001587, 92.6476211548, 93.0191345215, 93.3906555176, 93.7621765137, 94.1220855713, 94.4819946289, 94.853515625, 95.2134246826, 95.5733337402, 95.9216308594, 96.2699279785, 96.6298370361, 96.9781417847, 97.3264389038, 97.6863479614, 98.0578689575, 98.4293823242, 98.8009033203, 99.1840362549, 99.5671615601, 99.9386825562, 100.310203552, 100.67011261, 101.030021667, 101.413146973, 101.796279907, 102.179405212, 102.53931427, 102.887619019, 103.259140015, 103.619049072, 103.97895813, 104.338867188, 104.698776245, 105.070289612, 105.441810608, 105.801719666, 106.161628723, 106.521537781, 106.893058777, 107.276191711, 107.670928955, 108.065666199, 108.437187195, 108.785484314, 109.133781433, 109.482086182, 109.830383301, 110.25995636, 110.68952179, 111.10748291, 111.583488464, 112.059501648, 112.535507202, 113.023124695, 113.499137878, 113.975143433, 114.462760925, 114.950386047, 115.426391602, 115.960449219, 116.482902527, 117.005348206, 117.516189575, 118.038635254, 118.549476624, 119.071922302, 119.605987549, 120.140045166, 120.685714722, 121.231384277, 121.765441895, 122.31111145, 122.856781006, 123.437278748, 124.017776489, 124.598274231, 125.248435974, 125.898590088, 126.548751831, 127.198905945, 127.849067688, 128.499221802, 129.149383545], "danceability": 0.928355276585, "bpm_histogram_second_peak_spread": {"dvar": 0, "var": 0, "median": 0.571428537369, "max": 0.571428537369, "dmean": 0, "dmean2": 0, "mean": 0.571428537369, "dvar2": 0, "min": 0.571428537369}}, "lowlevel": {"spectral_flux": {"dvar": 0.00171770481393, "var": 0.00577071961015, "median": 0.124676659703, "max": 0.537183046341, "dmean": 0.0330456122756, "dmean2": 0.0535148270428, "mean": 0.126160174608, "dvar2": 0.00444826530293, "min": 6.68689062455e-11}, "spectral_rolloff": {"dvar": 56380736, "var": 95119056, "median": 2820.84960938, "max": 22028.4667969, "dmean": 4572.78759766, "dmean2": 8695.18652344, "mean": 10138.9482422, "dvar2": 129807768, "min": 43.06640625}, "barkbands_flatness_db": {"dvar": 0.000719164672773, "var": 0.00262390193529, "median": 0.142660602927, "max": 0.550307333469, "dmean": 0.027555577457, "dmean2": 0.0435034818947, "mean": 0.151807710528, "dvar2": 0.00181645865086, "min": 0.0487204305828}, "spectral_centroid": {"dvar": 84598.0078125, "var": 513918.9375, "median": 1044.22253418, "max": 11369.5595703, "dmean": 206.777389526, "dmean2": 302.778808594, "mean": 1132.11584473, "dvar2": 165801.171875, "min": 92.2984313965}, "melbands_skewness": {"dvar": 1.05836355686, "var": 3.11107516289, "median": 2.27902507782, "max": 19.7463989258, "dmean": 0.927160620689, "dmean2": 1.49338448048, "mean": 2.57131385803, "dvar2": 2.5525226593, "min": -1.50080645084}, "melbands": {"dvar": [9.04830012587e-05, 8.20639615995e-06, 8.21981416266e-07, 9.37489801345e-07, 1.2566811165e-06, 7.28931937033e-08, 4.4898111895e-08, 5.39264597421e-08, 3.8503266353e-08, 6.64481305535e-08, 4.21122337002e-08, 5.30292432188e-08, 9.56989936185e-08, 9.41278415212e-08, 2.91084347737e-08, 1.56538852991e-08, 6.1629137349e-09, 2.74228750818e-09, 2.47693310307e-09, 1.01590547086e-09, 3.13354814319e-10, 8.54586124088e-10, 1.14650999805e-09, 1.22422172399e-09, 5.16352682833e-10, 3.78234388254e-10, 9.27699861375e-11, 5.49019336937e-11, 1.03555317099e-10, 3.13358471116e-11, 9.56556708842e-12, 1.58221059952e-12, 2.79774440377e-13, 7.4765639914e-14, 3.19699135058e-14, 1.23403095061e-14, 6.00295510796e-15, 4.05359305963e-15, 2.65427917242e-15, 1.92914866583e-15], "var": [0.000113736328785, 1.2448275811e-05, 1.01032060229e-06, 1.0613662198e-06, 1.50245364239e-06, 1.52650216023e-07, 7.41511030355e-08, 7.42902344086e-08, 7.34636103061e-08, 1.41879681337e-07, 7.00240150309e-08, 9.83450192393e-08, 2.51508225801e-07, 2.39197419205e-07, 7.63163896522e-08, 3.54216638243e-08, 1.29233441726e-08, 5.75671110781e-09, 4.95036056591e-09, 1.94285076915e-09, 7.36391836398e-10, 1.52363643924e-09, 1.76203374114e-09, 1.98445171407e-09, 8.3516843441e-10, 5.42967004691e-10, 1.71021613538e-10, 8.6528055554e-11, 1.25652599436e-10, 6.25215920702e-11, 2.02673485633e-11, 4.13023781842e-12, 4.36255740734e-13, 1.02079003345e-13, 3.87748610076e-14, 1.42001914174e-14, 8.48822643169e-15, 5.25034431147e-15, 3.10657824911e-15, 2.21617170924e-15], "median": [0.00288848462515, 0.0018960617017, 0.000521366251633, 0.000304339482682, 0.000215988911805, 0.000156158930622, 0.000113045934995, 6.39800055069e-05, 7.25195204723e-05, 7.23776174709e-05, 8.51253789733e-05, 7.83271534601e-05, 8.71416486916e-05, 0.000104224964161, 7.49616447138e-05, 5.57159728487e-05, 4.18680319854e-05, 3.30616749125e-05, 2.91264714178e-05, 1.83797346835e-05, 1.36924854814e-05, 1.04710243249e-05, 8.74777560966e-06, 7.15091346137e-06, 4.95319181937e-06, 3.77880587621e-06, 2.70274745162e-06, 1.55804775659e-06, 9.40586573961e-07, 5.84034637541e-07, 3.40135017041e-07, 2.08263188028e-07, 1.33828010007e-07, 8.5342719558e-08, 5.59742900919e-08, 4.08815559183e-08, 2.65862496462e-08, 1.72692313782e-08, 1.14306093479e-08, 9.14026809795e-09], "max": [0.106195658445, 0.0390460081398, 0.0122426347807, 0.0121164163575, 0.0188679229468, 0.00463213957846, 0.00353220826946, 0.00656898925081, 0.00319677242078, 0.00742645468563, 0.00325425504707, 0.0044504487887, 0.00746373133734, 0.00838285963982, 0.00430111493915, 0.00195998605341, 0.00180630385876, 0.000788558681961, 0.00091307470575, 0.000636581389699, 0.000338221434504, 0.00107786664739, 0.00138465792406, 0.000998251023702, 0.000490100122988, 0.000437600683654, 0.000311817886541, 0.000189293656149, 0.000425828213338, 0.000204789510462, 0.000129713516799, 7.14414127287e-05, 2.86929025606e-05, 1.1711256775e-05, 5.88773809795e-06, 3.5556581679e-06, 1.55460543283e-06, 1.15993952932e-06, 7.50408389649e-07, 6.84376686877e-07], "dmean": [0.00490704365075, 0.00196670554578, 0.000568971736357, 0.000485653115902, 0.000510436715558, 0.000169868479134, 0.000123741163407, 9.53079434112e-05, 0.000103516686067, 0.000117897456221, 0.000115310438559, 0.000117928975669, 0.000151921703946, 0.000149678977323, 9.28918452701e-05, 7.18760493328e-05, 4.56699599454e-05, 3.12223965011e-05, 2.85541536869e-05, 1.78826539923e-05, 1.11980571091e-05, 1.17336812764e-05, 1.21134135043e-05, 1.20179929581e-05, 7.93948038336e-06, 6.01071542405e-06, 3.44014051734e-06, 2.11992141885e-06, 1.74029560185e-06, 1.11033239136e-06, 6.07022741406e-07, 3.12989726581e-07, 1.73564160377e-07, 1.09326350639e-07, 7.57161160436e-08, 5.53251169322e-08, 4.47673258464e-08, 3.57754998959e-08, 2.87972721225e-08, 2.47194744674e-08], "dmean2": [0.00814675260335, 0.00330317695625, 0.000955022871494, 0.000813576276414, 0.000813452817965, 0.000268634612439, 0.000200980226509, 0.000156692418386, 0.000167622521985, 0.00018424935115, 0.000186785779078, 0.000183540119906, 0.000236309730099, 0.000246158218943, 0.000153374116053, 0.00011662592442, 7.42501142668e-05, 5.09788878844e-05, 4.65995981358e-05, 2.92925815302e-05, 1.82649018825e-05, 1.89364818652e-05, 1.89207785297e-05, 1.84180371434e-05, 1.21654084069e-05, 9.14109205041e-06, 5.22543541592e-06, 3.2117709452e-06, 2.65020889856e-06, 1.60776085067e-06, 8.57376107888e-07, 4.4574187541e-07, 2.67257433961e-07, 1.74689219534e-07, 1.2263049598e-07, 8.99956518197e-08, 7.28463120936e-08, 5.84634669565e-08, 4.74603751854e-08, 4.08034281918e-08], "mean": [0.00682907924056, 0.00306673836894, 0.000835759507027, 0.000662871170789, 0.00065756868571, 0.000289262156002, 0.000200321883312, 0.00013860296167, 0.000164084369317, 0.00019183162658, 0.000177007183083, 0.000183979354915, 0.000265798735199, 0.000269493844826, 0.000171128194779, 0.000125438557006, 8.15974271973e-05, 5.78876897634e-05, 5.2076720749e-05, 3.20015533362e-05, 2.13779676415e-05, 2.00238973775e-05, 2.00513713935e-05, 1.89853599295e-05, 1.25318392747e-05, 9.26251868805e-06, 6.05380364505e-06, 3.69575764125e-06, 2.81796997115e-06, 1.79794312771e-06, 9.98504901872e-07, 5.36395418749e-07, 2.96833775337e-07, 1.79343786044e-07, 1.10771580353e-07, 7.86872504932e-08, 5.85985624468e-08, 4.21070218692e-08, 3.10286871752e-08, 2.61254609057e-08], "dvar2": [0.000237221756834, 2.28810149565e-05, 2.1875684979e-06, 2.52106974585e-06, 3.00061219605e-06, 1.74886821469e-07, 1.15047392057e-07, 1.31744045007e-07, 9.28281380652e-08, 1.44243131217e-07, 1.06867872773e-07, 1.23121211004e-07, 2.24236146096e-07, 2.40661222506e-07, 7.34399066005e-08, 4.13264729104e-08, 1.5914116247e-08, 7.15155401565e-09, 6.33806340744e-09, 2.63783550558e-09, 7.88994314327e-10, 2.14561346468e-09, 2.63335353523e-09, 2.60325183632e-09, 1.09523601299e-09, 8.2501594445e-10, 1.91070825828e-10, 1.2244716352e-10, 2.55926807524e-10, 5.38161737396e-11, 1.59802223537e-11, 2.25487553976e-12, 6.68602326281e-13, 1.87043265533e-13, 7.3648491548e-14, 3.20205491354e-14, 1.4459350465e-14, 9.93080400899e-15, 6.58564813062e-15, 4.85168910188e-15], "min": [1.5826651087e-24, 8.67251196664e-25, 2.42032840078e-24, 2.15192538031e-24, 2.98398056161e-24, 2.93295013573e-24, 3.00896122268e-24, 1.76703560871e-24, 4.05108749925e-24, 3.53006183186e-24, 2.1732070726e-24, 3.15101396969e-24, 5.43401825295e-24, 6.26268271286e-24, 5.51858650857e-24, 4.99082791335e-24, 3.87489028847e-24, 3.80548038957e-24, 4.5910501671e-24, 4.71386713257e-24, 4.3812324934e-24, 5.04736636329e-24, 3.8418701487e-24, 6.28384114563e-24, 4.76531742967e-24, 7.17298993773e-24, 6.12397414445e-24, 6.93777685935e-24, 5.54746946732e-24, 5.70608770169e-24, 8.09146542285e-24, 5.50924600102e-24, 7.12753261693e-24, 6.31251268966e-24, 7.07155110279e-24, 6.83817685918e-24, 9.2183524371e-24, 7.17952012831e-24, 7.71659714297e-24, 8.54724795464e-24]}, "spectral_decrease": {"dvar": 8.87101509952e-17, "var": 1.3778860977e-16, "median": -7.46619210901e-09, "max": 1.83175075108e-08, "dmean": 5.89958526476e-09, "dmean2": 9.48058787031e-09, "mean": -1.06542525913e-08, "dvar2": 2.22719610775e-16, "min": -1.05547499629e-07}, "barkbands_kurtosis": {"dvar": 293.084259033, "var": 491.117462158, "median": 4.3652973175, "max": 385.476989746, "dmean": 6.53019666672, "dmean2": 10.6598806381, "mean": 9.99157238007, "dvar2": 768.939758301, "min": -1.80624651909}, "silence_rate_30dB": {"dvar": 0.104063436389, "var": 0.130700439215, "median": 1, "max": 1, "dmean": 0.117983557284, "dmean2": 0.236009299755, "mean": 0.845397651196, "dvar2": 0.229656308889, "min": 0}, "gfcc": {"mean": [-9.1738986969, 106.812805176, -88.7845306396, -12.8960886002, 7.71933841705, -17.3044338226, 7.4425163269, -15.4724903107, -3.18542122841, -8.13645648956, 0.457439899445, -1.79736196995, -4.63135385513], "cov": [[15414.0927734, -244.102294922, -1419.47521973, -140.292037964, 462.943756104, -673.582519531, 640.925048828, -214.933074951, 9.29954242706, -72.5342102051, 152.290649414, 121.537345886, -108.874946594], [-244.102294922, 868.200439453, 93.1609268188, -224.099563599, 17.0089511871, 1.84574651718, -76.0119171143, -52.3556137085, -9.66223716736, -54.2658920288, 32.1386299133, -70.483543396, 42.0514793396], [-1419.47521973, 93.1609268188, 462.778808594, 163.102020264, -178.280609131, 132.516586304, -148.093338013, 93.8746795654, -26.3364772797, 24.3386878967, -43.3665924072, -29.7262020111, -13.6359977722], [-140.292037964, -224.099563599, 163.102020264, 321.528900146, 6.45116472244, -76.2978591919, 20.9890708923, 47.3201904297, 6.60669326782, 17.9892272949, -39.779964447, 6.72578334808, -57.3888206482], [462.943756104, 17.0089511871, -178.280609131, 6.45116472244, 255.688217163, -52.9742660522, 117.206260681, -34.8601608276, 22.7075042725, -24.1500244141, 31.9670791626, 19.588760376, -0.922305822372], [-673.582519531, 1.84574651718, 132.516586304, -76.2978591919, -52.9742660522, 397.016845703, -88.609336853, 78.3735809326, -44.1329307556, 23.4939079285, 29.3741283417, 14.5569419861, 54.5753326416], [640.925048828, -76.0119171143, -148.093338013, 20.9890708923, 117.206260681, -88.609336853, 218.296676636, -31.0789222717, 38.6804695129, -2.73639345169, 0.39094850421, 41.4513626099, -26.0946407318], [-214.933074951, -52.3556137085, 93.8746795654, 47.3201904297, -34.8601608276, 78.3735809326, -31.0789222717, 123.274597168, 12.1352081299, 15.326584816, 10.006975174, -9.16392803192, 15.5484132767], [9.29954242706, -9.66223716736, -26.3364772797, 6.60669326782, 22.7075042725, -44.1329307556, 38.6804695129, 12.1352081299, 106.846199036, 44.4493560791, -11.2057580948, -1.40381264687, -4.35276937485], [-72.5342102051, -54.2658920288, 24.3386878967, 17.9892272949, -24.1500244141, 23.4939079285, -2.73639345169, 15.326584816, 44.4493560791, 78.2925109863, 11.2858982086, -2.92533826828, -1.97810530663], [152.290649414, 32.1386299133, -43.3665924072, -39.779964447, 31.9670791626, 29.3741283417, 0.39094850421, 10.006975174, -11.2057580948, 11.2858982086, 73.3822937012, 25.1498146057, 19.7947769165], [121.537345886, -70.483543396, -29.7262020111, 6.72578334808, 19.588760376, 14.5569419861, 41.4513626099, -9.16392803192, -1.40381264687, -2.92533826828, 25.1498146057, 72.64087677, 14.3157062531], [-108.874946594, 42.0514793396, -13.6359977722, -57.3888206482, -0.922305822372, 54.5753326416, -26.0946407318, 15.5484132767, -4.35276937485, -1.97810530663, 19.7947769165, 14.3157062531, 74.9439468384]], "icov": [[0.00010896330059, -0.000158706607181, 0.000580611114856, -0.000279520958429, 0.000209922072827, 7.58431497161e-07, -8.6540429038e-05, -0.000215826803469, 0.00022092431027, -0.000153176908498, 3.44680811395e-05, -0.000157808797667, 0.000185449098353], [-0.000158706607181, 0.00326316873543, -0.00430600531399, 0.00338841089979, -0.00161862955429, 0.000876849750057, -0.00056440703338, 0.00249128090218, -0.00203087856062, 0.00317080179229, -0.00351122254506, 0.00384562090039, -0.00146359251812], [0.000580611114856, -0.00430600531399, 0.0127333542332, -0.00821755174547, 0.00533810816705, -0.00286526768468, 0.00218044617213, -0.00434275437146, 0.00250246282667, -0.00326842139475, 0.00471068872139, -0.00407975399867, 0.0026903625112], [-0.000279520958429, 0.00338841089979, -0.00821755174547, 0.011585149914, -0.00555468909442, 0.00395493069664, -0.000191578903468, -0.00184779998381, 0.00172031496186, -0.00181781989522, 0.00198965985328, -0.00126172497403, 0.00220457208343], [0.000209922072827, -0.00161862955429, 0.00533810816705, -0.00555468909442, 0.00967734213918, -0.0024066104088, -0.00291889416985, 0.00170392123982, -0.00305972318165, 0.00446758512408, -0.00483701331541, 0.00248820055276, -0.000824789924081], [7.58431497161e-07, 0.000876849750057, -0.00286526768468, 0.00395493069664, -0.0024066104088, 0.00532665802166, 0.000685848877765, -0.00294462917373, 0.00343180750497, -0.00341323600151, 0.00144299061503, -0.00226751808077, -0.000881340296473], [-8.6540429038e-05, -0.00056440703338, 0.00218044617213, -0.000191578903468, -0.00291889416985, 0.000685848877765, 0.00949371699244, -0.00187503849156, -0.000430766609497, -0.00206878222525, 0.00442371983081, -0.00684145465493, 0.00365904136561], [-0.000215826803469, 0.00249128090218, -0.00434275437146, -0.00184779998381, 0.00170392123982, -0.00294462917373, -0.00187503849156, 0.0166848506778, -0.00775730237365, 0.00745002133772, -0.0101043125615, 0.00915073323995, -0.005198714789], [0.00022092431027, -0.00203087856062, 0.00250246282667, 0.00172031496186, -0.00305972318165, 0.00343180750497, -0.000430766609497, -0.00775730237365, 0.0208237245679, -0.0165458302945, 0.011524268426, -0.00654846755788, 0.00113552983385], [-0.000153176908498, 0.00317080179229, -0.00326842139475, -0.00181781989522, 0.00446758512408, -0.00341323600151, -0.00206878222525, 0.00745002133772, -0.0165458302945, 0.0291294511408, -0.0156660694629, 0.0103858513758, -0.00175196840428], [3.44680811395e-05, -0.00351122254506, 0.00471068872139, 0.00198965985328, -0.00483701331541, 0.00144299061503, 0.00442371983081, -0.0101043125615, 0.011524268426, -0.0156660694629, 0.0309456922114, -0.0160356182605, 0.00207253545523], [-0.000157808797667, 0.00384562090039, -0.00407975399867, -0.00126172497403, 0.00248820055276, -0.00226751808077, -0.00684145465493, 0.00915073323995, -0.00654846755788, 0.0103858513758, -0.0160356182605, 0.0284717828035, -0.00800367444754], [0.000185449098353, -0.00146359251812, 0.0026903625112, 0.00220457208343, -0.000824789924081, -0.000881340296473, 0.00365904136561, -0.005198714789, 0.00113552983385, -0.00175196840428, 0.00207253545523, -0.00800367444754, 0.0205970257521]]}, "silence_rate_20dB": {"dvar": 0, "var": 0, "median": 1, "max": 1, "dmean": 0, "dmean2": 0, "mean": 1, "dvar2": 0, "min": 1}, "barkbands_skewness": {"dvar": 0.805729687214, "var": 2.48078203201, "median": 1.97974634171, "max": 13.9025478363, "dmean": 0.751111745834, "dmean2": 1.18484759331, "mean": 2.24551868439, "dvar2": 1.92560863495, "min": -2.70946025848}, "erbbands_skewness": {"dvar": 0.123196296394, "var": 0.531418681145, "median": -0.159881159663, "max": 7.34482717514, "dmean": 0.340816855431, "dmean2": 0.533019900322, "mean": -0.118704013526, "dvar2": 0.305033415556, "min": -3.15263843536}, "spectral_contrast_valleys": {"dvar": [0.107715569437, 0.116312727332, 0.0975637808442, 0.0937412679195, 0.126812428236, 0.298692792654], "var": [1.98974204063, 2.10674071312, 2.3582546711, 2.33391475677, 2.44789457321, 1.73541486263], "median": [-6.49890136719, -6.39598560333, -6.45629692078, -6.82022476196, -7.42239999771, -11.1103916168], "max": [-4.91756772995, -4.77890634537, -4.86579084396, -5.51876497269, -5.33918428421, -8.96236610413], "dmean": [0.37724506855, 0.366085350513, 0.312544614077, 0.28123447299, 0.299435555935, 0.640654027462], "dmean2": [0.624109148979, 0.590476572514, 0.500356912613, 0.432533293962, 0.443295866251, 1.02242457867], "mean": [-6.70674800873, -6.61428117752, -6.83249044418, -7.23607063293, -7.81918334961, -11.2919034958], "dvar2": [0.258522778749, 0.258565604687, 0.19454780221, 0.185102790594, 0.254956066608, 0.763373732567], "min": [-27.6912918091, -28.1377029419, -27.665019989, -27.5549850464, -27.4173316956, -27.4132518768]}, "spectral_strongpeak": {"dvar": 294.867248535, "var": 304.270874023, "median": 0.213060796261, "max": 367.688354492, "dmean": 3.44069385529, "dmean2": 6.22553253174, "mean": 3.01009011269, "dvar2": 735.335571289, "min": 0}, "erbbands_crest": {"dvar": 5.81768321991, "var": 14.1984195709, "median": 7.76098585129, "max": 28.568479538, "dmean": 2.59603714943, "dmean2": 4.21580791473, "mean": 8.6393032074, "dvar2": 14.5566015244, "min": 2.47543478012}, "barkbands_crest": {"dvar": 6.44628095627, "var": 16.3483562469, "median": 9.60822105408, "max": 25.0987491608, "dmean": 2.92001533508, "dmean2": 4.80169868469, "mean": 10.3284645081, "dvar2": 16.7625751495, "min": 2.68880534172}, "spectral_energyband_middle_low": {"dvar": 6.28199850325e-05, "var": 0.000104362705315, "median": 0.00648462213576, "max": 0.0991959273815, "dmean": 0.00466442015022, "dmean2": 0.00731193972751, "mean": 0.00970237050205, "dvar2": 0.000152502747369, "min": 1.67477076066e-22}, "spectral_contrast_coeffs": {"dvar": [0.00189634796698, 0.001285489765, 0.000987499020994, 0.000506631447934, 0.000495645101182, 0.0011437558569], "var": [0.00602779723704, 0.0034117391333, 0.00340206874534, 0.00191599805839, 0.00231932592578, 0.00520167825744], "median": [-0.715974152088, -0.784847140312, -0.796808421612, -0.807617247105, -0.800874829292, -0.774859309196], "max": [-0.362064689398, -0.490703254938, -0.57892614603, -0.638128399849, -0.633807361126, -0.480391174555], "dmean": [0.0522465854883, 0.0447662658989, 0.0399914681911, 0.0288707911968, 0.0259358081967, 0.0373769663274], "dmean2": [0.086300432682, 0.0755384340882, 0.0665626004338, 0.0479537658393, 0.041441295296, 0.0586416311562], "mean": [-0.707575917244, -0.781865894794, -0.792464911938, -0.807520747185, -0.800755918026, -0.770243048668], "dvar2": [0.00494559714571, 0.00352673977613, 0.00264378497377, 0.00137745938264, 0.00120145676192, 0.00281710363925], "min": [-0.977516591549, -0.996233165264, -0.991277337074, -0.987281143665, -0.971773564816, -0.96213722229]}, "hfc": {"dvar": 10697.9628906, "var": 41374.8359375, "median": 207.801803589, "max": 1997.37902832, "dmean": 59.3151931763, "dmean2": 95.0040206909, "mean": 210.505813599, "dvar2": 27407.359375, "min": 1.07814416638e-16}, "spectral_energyband_high": {"dvar": 3.43322426488e-06, "var": 8.91748277354e-06, "median": 0.000867647060659, "max": 0.0488548576832, "dmean": 0.000617964426056, "dmean2": 0.000842879584525, "mean": 0.00146281532943, "dvar2": 5.5726222854e-06, "min": 7.17972738416e-21}, "erbbands_spread": {"dvar": 35.0111427307, "var": 131.490997314, "median": 23.7541179657, "max": 107.028701782, "dmean": 5.94985437393, "dmean2": 9.38115596771, "mean": 25.1189403534, "dvar2": 82.525177002, "min": 2.6697871685}, "dissonance": {"dvar": 0.00028582662344, "var": 0.000571069773287, "median": 0.480164170265, "max": 0.500000059605, "dmean": 0.0159069988877, "dmean2": 0.0269142594188, "mean": 0.47341838479, "dvar2": 0.000776622910053, "min": 0.0960346981883}, "spectral_kurtosis": {"dvar": 50.8642539978, "var": 128.616760254, "median": 24.3374652863, "max": 127.350715637, "dmean": 6.03465223312, "dmean2": 9.63426494598, "mean": 25.9340114594, "dvar2": 127.714279175, "min": -1.23686146736}, "spectral_skewness": {"dvar": 0.203340187669, "var": 0.689986109734, "median": 3.48982071877, "max": 9.0620059967, "dmean": 0.405582487583, "dmean2": 0.639028310776, "mean": 3.59137630463, "dvar2": 0.507817327976, "min": -0.0555765219033}, "pitch_salience": {"dvar": 0.00632984098047, "var": 0.0167111586779, "median": 0.563955545425, "max": 0.980573713779, "dmean": 0.0876714959741, "dmean2": 0.14130294323, "mean": 0.540613472462, "dvar2": 0.0161467399448, "min": 0.110373005271}, "spectral_complexity": {"dvar": 11.5334472656, "var": 133.562545776, "median": 24, "max": 61, "dmean": 3.41294240952, "dmean2": 5.11746835709, "mean": 22.3944587708, "dvar2": 22.4930839539, "min": 0}, "spectral_spread": {"dvar": 514578579456, "var": 3825128701950.0, "median": 3552001.25, "max": 41472104, "dmean": 477451.1875, "dmean2": 757114.3125, "mean": 3743743.5, "dvar2": 1109299822590.0, "min": 1431636.75}, "dynamic_complexity": 4.27016401291, "melbands_crest": {"dvar": 17.9523239136, "var": 45.5396766663, "median": 16.2243900299, "max": 37.9630661011, "dmean": 4.70798444748, "dmean2": 7.63458395004, "mean": 17.2614135742, "dvar2": 45.5269775391, "min": 1.78110730648}, "zerocrossingrate": {"dvar": 0.00140370381996, "var": 0.0104501405731, "median": 0.23193359375, "max": 0.71826171875, "dmean": 0.0387703515589, "dmean2": 0.0495733357966, "mean": 0.237132325768, "dvar2": 0.00216537062079, "min": 0.00244140625}, "spectral_energyband_low": {"dvar": 0.00103781372309, "var": 0.00152126920875, "median": 0.0166689883918, "max": 0.353319555521, "dmean": 0.0184605717659, "dmean2": 0.0304186213762, "mean": 0.0299319718033, "dvar2": 0.00267357029952, "min": 2.6573530588e-23}, "melbands_kurtosis": {"dvar": 386.782836914, "var": 647.411743164, "median": 5.70664787292, "max": 502.425689697, "dmean": 8.68208694458, "dmean2": 14.2662372589, "mean": 12.4034452438, "dvar2": 965.81652832, "min": -1.89274513721}, "spectral_energyband_middle_high": {"dvar": 1.83702286449e-05, "var": 9.84758735285e-05, "median": 0.00641233241186, "max": 0.101995021105, "dmean": 0.00309464428574, "dmean2": 0.00470124185085, "mean": 0.00935280974954, "dvar2": 4.32506967627e-05, "min": 1.34448010177e-21}, "barkbands_spread": {"dvar": 98.8758621216, "var": 397.70916748, "median": 27.9135246277, "max": 134.110595703, "dmean": 8.68124389648, "dmean2": 13.3665380478, "mean": 30.8837566376, "dvar2": 200.802261353, "min": 0.183978185058}, "mfcc": {"mean": [-676.473205566, 178.404571533, -28.406288147, 28.2757091522, 7.99562883377, 16.2333106995, 12.3050613403, 8.45083713531, 0.647386908531, 3.8054049015, 2.20657229424, 2.50142765045, 1.62210631371], "cov": [[9901.37695312, 542.548400879, -1728.03820801, 363.356323242, -358.279907227, 104.067817688, 152.119247437, 174.618270874, -84.5288009644, 42.2677001953, -11.1534786224, 43.4698753357, 1.84501445293], [542.548400879, 1115.94458008, -111.999053955, -141.287979126, 47.3308982849, -24.1550788879, 15.1233959198, -45.1856040955, -38.2419319153, -23.3820590973, -6.07357120514, -36.7155342102, -17.648191452], [-1728.03820801, -111.999053955, 796.498840332, -109.808776855, 98.9390411377, -41.1374664307, -44.2963523865, -33.308757782, 24.3190193176, 6.59241628647, 11.0644845963, -8.80336761475, -17.5802345276], [363.356323242, -141.287979126, -109.808776855, 502.251312256, -59.4196929932, -56.4106941223, -44.1475563049, 15.180185318, -1.42971754074, 37.5966796875, 30.2994403839, -18.0554676056, -46.4320144653], [-358.279907227, 47.3308982849, 98.9390411377, -59.4196929932, 180.794418335, 7.24248361588, 31.9782810211, 5.36244058609, 3.874386549, -15.2398500443, 21.0945320129, -1.69840908051, 6.70213985443], [104.067817688, -24.1550788879, -41.1374664307, -56.4106941223, 7.24248361588, 146.033599854, 44.4970588684, 26.097618103, 14.2097864151, -5.00133609772, -17.142578125, 34.9075584412, 36.429019928], [152.119247437, 15.1233959198, -44.2963523865, -44.1475563049, 31.9782810211, 44.4970588684, 130.772735596, 53.5144424438, -9.56743717194, -27.0690307617, 4.30657625198, 3.65856480598, 12.6349554062], [174.618270874, -45.1856040955, -33.308757782, 15.180185318, 5.36244058609, 26.097618103, 53.5144424438, 102.580764771, 15.3165111542, -11.8388948441, 2.74752783775, 8.77930259705, 3.26965928078], [-84.5288009644, -38.2419319153, 24.3190193176, -1.42971754074, 3.874386549, 14.2097864151, -9.56743717194, 15.3165111542, 85.568572998, 35.0475120544, 5.59868907928, 16.9283275604, 12.8963861465], [42.2677001953, -23.3820590973, 6.59241628647, 37.5966796875, -15.2398500443, -5.00133609772, -27.0690307617, -11.8388948441, 35.0475120544, 78.5094680786, 28.0721435547, 2.93104362488, -0.0157342385501], [-11.1534786224, -6.07357120514, 11.0644845963, 30.2994403839, 21.0945320129, -17.142578125, 4.30657625198, 2.74752783775, 5.59868907928, 28.0721435547, 63.9763145447, 13.5875349045, -7.2301697731], [43.4698753357, -36.7155342102, -8.80336761475, -18.0554676056, -1.69840908051, 34.9075584412, 3.65856480598, 8.77930259705, 16.9283275604, 2.93104362488, 13.5875349045, 66.5055465698, 37.60912323], [1.84501445293, -17.648191452, -17.5802345276, -46.4320144653, 6.70213985443, 36.429019928, 12.6349554062, 3.26965928078, 12.8963861465, -0.0157342385501, -7.2301697731, 37.60912323, 66.7776947021]], "icov": [[0.000181206603884, -7.80471018516e-05, 0.000337219389621, -4.16936200054e-05, 0.000150704436237, 1.04062428363e-05, -0.000107243962702, -0.000236409177887, 0.000212368147913, -0.000309306255076, 0.000146046324517, -0.00025569438003, 0.00016395233979], [-7.80471018516e-05, 0.0010567936115, 0.00011044965504, 0.000361771817552, -0.000362192891771, 0.000157886228408, -5.07043878315e-05, 0.000552638492081, 6.78209908074e-05, 0.00017568981275, -0.000121959266835, 0.000469430407975, 0.000204185256734], [0.000337219389621, 0.00011044965504, 0.00218045059592, 0.000365535670426, -0.000637289078441, 0.000409197004046, 0.000322523177601, -0.000169426901266, -6.31751117908e-06, -0.000614680000581, 0.000341027480317, -0.000616537523456, 0.00102131161839], [-4.16936200054e-05, 0.000361771817552, 0.000365535670426, 0.00263894884847, 0.000321514875395, 0.000560992048122, 0.000846607319545, -0.000808385841083, 0.000324672088027, -0.000744840479456, -0.000841021479573, 0.0001283709571, 0.00134276971221], [0.000150704436237, -0.000362192891771, -0.000637289078441, 0.000321514875395, 0.00749299162999, -0.000717794115189, -0.00116968608927, 0.000222154194489, -0.00130328943487, 0.00285140192136, -0.00450932094827, 0.00246235844679, -0.00181678775698], [1.04062428363e-05, 0.000157886228408, 0.000409197004046, 0.000560992048122, -0.000717794115189, 0.0103458920494, -0.00321046519093, -0.000764687370975, -3.09075330733e-05, -0.00258012977429, 0.00511582382023, -0.0053453235887, -0.000818048894871], [-0.000107243962702, -5.07043878315e-05, 0.000322523177601, 0.000846607319545, -0.00116968608927, -0.00321046519093, 0.0130050415173, -0.00565766775981, 0.00124316324946, 0.00369186652824, -0.00442535243928, 0.00386728788726, -0.00254813837819], [-0.000236409177887, 0.000552638492081, -0.000169426901266, -0.000808385841083, 0.000222154194489, -0.000764687370975, -0.00565766775981, 0.0146697899327, -0.00446572946385, 0.00327137485147, -0.000851868360769, -0.000639197067358, 0.0014239262091], [0.000212368147913, 6.78209908074e-05, -6.31751117908e-06, 0.000324672088027, -0.00130328943487, -3.09075330733e-05, 0.00124316324946, -0.00446572946385, 0.0176078658551, -0.00992545019835, 0.00413074344397, -0.00430615525693, -0.000163126678672], [-0.000309306255076, 0.00017568981275, -0.000614680000581, -0.000744840479456, 0.00285140192136, -0.00258012977429, 0.00369186652824, 0.00327137485147, -0.0099