{"lowlevel": {"spectral_strongpeak": {"max": 44.7424468994, "dmean": 0.608776032925, "dvar2": 11.8683490753, "dmean2": 1.07700443268, "var": 5.18854665756, "median": 0.563638806343, "min": 0, "dvar": 4.62693548203, "mean": 1.31574773788}, "barkbands_flatness_db": {"max": 0.537318646908, "dmean": 0.0249018650502, "dvar2": 0.00193698145449, "dmean2": 0.0394529737532, "var": 0.0153238531202, "median": 0.188354417682, "min": 0.0314982235432, "dvar": 0.000833366706502, "mean": 0.234422892332}, "barkbands_skewness": {"max": 10.8518409729, "dmean": 0.399865448475, "dvar2": 0.637432098389, "dmean2": 0.631411671638, "var": 2.09161615372, "median": 1.33447432518, "min": -2.96998858452, "dvar": 0.238058686256, "mean": 1.33948171139}, "spectral_energyband_middle_high": {"max": 0.0475665032864, "dmean": 0.00133452622686, "dvar2": 1.37586712299e-05, "dmean2": 0.00204132497311, "var": 2.58567215496e-05, "median": 0.00417149765417, "min": 1.4255559187e-21, "dvar": 6.02610862188e-06, "mean": 0.00539161171764}, "erbbands_kurtosis": {"max": 144.851699829, "dmean": 1.50519979, "dvar2": 9.60991191864, "dmean2": 2.14381170273, "var": 143.480041504, "median": 1.35417032242, "min": -1.74135136604, "dvar": 4.61388349533, "mean": 5.855905056}, "erbbands_crest": {"max": 33.7093315125, "dmean": 1.88266456127, "dvar2": 10.5358066559, "dmean2": 2.90694403648, "var": 60.9757385254, "median": 10.61531353, "min": 2.40893626213, "dvar": 4.46183872223, "mean": 13.4455862045}, "dynamic_complexity": 2.41057133675, "barkbands_crest": {"max": 25.5970096588, "dmean": 2.24354863167, "dvar2": 15.7861204147, "dmean2": 3.75857973099, "var": 18.6070976257, "median": 10.6578645706, "min": 2.76341485977, "dvar": 5.20106077194, "mean": 11.3051576614}, "dissonance": {"max": 0.5, "dmean": 0.0316835306585, "dvar2": 0.00422736024484, "dmean2": 0.0528375543654, "var": 0.00530297495425, "median": 0.435957431793, "min": 0.0958608090878, "dvar": 0.0015079039149, "mean": 0.412027597427}, "spectral_energyband_low": {"max": 0.129877001047, "dmean": 0.00816002581269, "dvar2": 0.000353830575477, "dmean2": 0.013962819241, "var": 0.000265358365141, "median": 0.0170826707035, "min": 5.68011216869e-23, "dvar": 0.00011700874893, "mean": 0.0192429460585}, "spectral_contrast_coeffs": {"max": [-0.256938308477, -0.269066512585, -0.317269206047, -0.483430355787, -0.547564327717, -0.457863807678], "dmean": [0.0443748906255, 0.0465989783406, 0.0377203784883, 0.0309588424861, 0.0220462568104, 0.0222057010978], "dvar2": [0.00416319444776, 0.00424280110747, 0.00317841093056, 0.00247836089693, 0.00122783018742, 0.000983540667221], "dmean2": [0.0729433819652, 0.0744279921055, 0.0614795126021, 0.0505648292601, 0.0360883101821, 0.0361199714243], "var": [0.00553972925991, 0.00863938685507, 0.0156554877758, 0.00503460876644, 0.00294410204515, 0.00216502812691], "median": [-0.65198379755, -0.67440956831, -0.700873970985, -0.786102890968, -0.80391907692, -0.759833753109], "min": [-0.964768528938, -0.972977697849, -0.963679254055, -0.954600453377, -0.961296379566, -0.962400853634], "dvar": [0.00147856550757, 0.00160356191918, 0.00129762408324, 0.000978893483989, 0.000500522903167, 0.000404871709179], "mean": [-0.64266037941, -0.665810585022, -0.667921185493, -0.77160358429, -0.796117007732, -0.758269548416]}, "silence_rate_60dB": {"max": 1, "dmean": 0.00229174969718, "dvar2": 0.00595781672746, "dmean2": 0.00458372756839, "var": 0.0129305170849, "median": 0, "min": 0, "dvar": 0.00228645652533, "mean": 0.0131021765992}, "mfcc": {"icov": [[0.000202210896532, 5.62578170502e-05, 0.000326401757775, -0.00054989970522, 0.00026374895242, -0.000123150413856, 0.000236944615608, 0.000112020374218, 0.00024441734422, -0.000263491296209, 1.86262222996e-05, -0.00026661370066, 0.000293699704343], [5.62578170502e-05, 0.000714102818165, -0.000440353760496, 0.000386914703995, -0.000332918978529, 0.000427240593126, -0.000388329732232, -8.39381755213e-05, 0.000152300519403, -0.000146505408338, -0.000457465328509, 0.000500326626934, -8.01624555606e-05], [0.000326401757775, -0.000440353760496, 0.00288365874439, -0.00309388712049, 0.00103269598912, -0.000684623839334, -1.22196570373e-06, -0.00082089722855, -0.00021516851848, 0.000521327310707, 0.000270168093266, -0.000676932104398, 0.000953926413786], [-0.00054989970522, 0.000386914703995, -0.00309388712049, 0.00609332928434, -0.00139785604551, -0.000179013513844, -0.00129007559735, 0.000520709028933, -0.000293246906949, -0.000402806443162, -0.000868457253091, -8.37834159029e-05, -0.00180611840915], [0.00026374895242, -0.000332918978529, 0.00103269598912, -0.00139785604551, 0.0075400294736, -0.00239629670978, 0.00101987482049, 0.001082762843, 0.000550088472664, -6.10524002695e-05, 0.000549430202227, -0.000888872309588, 0.00325447809882], [-0.000123150413856, 0.000427240593126, -0.000684623839334, -0.000179013513844, -0.00239629670978, 0.00588663527742, -0.00115428457502, -0.000802994007245, 0.000359699130058, 0.00051848217845, -0.00220038346015, 0.00229656742886, -0.0011890452588], [0.000236944615608, -0.000388329732232, -1.22196570373e-06, -0.00129007559735, 0.00101987482049, -0.00115428457502, 0.00543407164514, 0.000115471950267, 0.000224258023081, 0.000267870782409, 0.000839210581034, 9.00515588e-05, 0.00136838515755], [0.000112020374218, -8.39381755213e-05, -0.00082089722855, 0.000520709028933, 0.001082762843, -0.000802994007245, 0.000115471950267, 0.00740336067975, -0.00201648939401, 0.000355609721737, 0.00237476173788, -0.000424403144279, 0.00103453581687], [0.00024441734422, 0.000152300519403, -0.00021516851848, -0.000293246906949, 0.000550088472664, 0.000359699130058, 0.000224258023081, -0.00201648939401, 0.00609241286293, -0.00270141428337, 0.000431696738815, 0.00197496218607, 0.00174444750883], [-0.000263491296209, -0.000146505408338, 0.000521327310707, -0.000402806443162, -6.10524002695e-05, 0.00051848217845, 0.000267870782409, 0.000355609721737, -0.00270141428337, 0.00711887283251, -0.00292749539949, 0.000644594139885, 0.000299772334984], [1.86262222996e-05, -0.000457465328509, 0.000270168093266, -0.000868457253091, 0.000549430202227, -0.00220038346015, 0.000839210581034, 0.00237476173788, 0.000431696738815, -0.00292749539949, 0.0107345478609, -0.00417349813506, 0.000203575546038], [-0.00026661370066, 0.000500326626934, -0.000676932104398, -8.37834159029e-05, -0.000888872309588, 0.00229656742886, 9.00515588e-05, -0.000424403144279, 0.00197496218607, 0.000644594139885, -0.00417349813506, 0.0116573851556, -0.00186355889309], [0.000293699704343, -8.01624555606e-05, 0.000953926413786, -0.00180611840915, 0.00325447809882, -0.0011890452588, 0.00136838515755, 0.00103453581687, 0.00174444750883, 0.000299772334984, 0.000203575546038, -0.00186355889309, 0.00888031814247]], "cov": [[14998.4023438, -3085.17529297, -1842.11035156, 763.204711914, -40.9773635864, 92.760017395, -881.312988281, -1087.87487793, -1092.19262695, 567.289489746, 794.987670898, 833.376708984, 471.248046875], [-3085.17529297, 2374.69116211, 756.287353516, -52.3757400513, 37.8810920715, -36.0590209961, 328.004425049, 270.877868652, 259.967132568, -72.4952697754, -125.213317871, -222.321487427, -161.635772705], [-1842.11035156, 756.287353516, 1353.80151367, 484.254394531, -11.2494297028, 154.756164551, 310.671081543, 258.519989014, 204.732070923, -102.892921448, -77.2027587891, -87.1473617554, -85.5919113159], [763.204711914, -52.3757400513, 484.254394531, 541.232543945, 21.7842788696, 130.913009644, 88.4108428955, -32.0024528503, -45.0357170105, 21.9146900177, 88.893951416, 72.4958343506, 53.2779045105], [-40.9773635864, 37.8810920715, -11.2494297028, 21.7842788696, 185.629364014, 65.3112106323, -0.366026073694, -22.8531856537, -11.5427284241, 2.80485534668, 13.4065351486, -3.69692850113, -48.1403312683], [92.760017395, -36.0590209961, 154.756164551, 130.913009644, 65.3112106323, 259.853515625, 60.341709137, 3.65489196777, -19.6761493683, -11.4590883255, 42.0018081665, -12.6040935516, 8.38666152954], [-881.312988281, 328.004425049, 310.671081543, 88.4108428955, -0.366026073694, 60.341709137, 302.309814453, 95.0991897583, 80.84815979, -49.2335853577, -59.5011787415, -68.199256897, -59.8985595703], [-1087.87487793, 270.877868652, 258.519989014, -32.0024528503, -22.8531856537, 3.65489196777, 95.0991897583, 285.690826416, 186.58164978, -39.5265655518, -120.331916809, -101.209213257, -88.7243881226], [-1092.19262695, 259.967132568, 204.732070923, -45.0357170105, -11.5427284241, -19.6761493683, 80.84815979, 186.58164978, 383.114196777, 59.622844696, -97.7117080688, -139.302062988, -129.546234131], [567.289489746, -72.4952697754, -102.892921448, 21.9146900177, 2.80485534668, -11.4590883255, -49.2335853577, -39.5265655518, 59.622844696, 226.32749939, 75.4271087646, 14.0863456726, -12.4030408859], [794.987670898, -125.213317871, -77.2027587891, 88.893951416, 13.4065351486, 42.0018081665, -59.5011787415, -120.331916809, -97.7117080688, 75.4271087646, 197.288543701, 100.516410828, 56.0666618347], [833.376708984, -222.321487427, -87.1473617554, 72.4958343506, -3.69692850113, -12.6040935516, -68.199256897, -101.209213257, -139.302062988, 14.0863456726, 100.516410828, 180.313095093, 78.9273376465], [471.248046875, -161.635772705, -85.5919113159, 53.2779045105, -48.1403312683, 8.38666152954, -59.8985595703, -88.7243881226, -129.546234131, -12.4030408859, 56.0666618347, 78.9273376465, 195.07019043]], "mean": [-698.992126465, 168.469223022, 26.2037410736, 16.0702476501, -0.820021271706, 10.8117713928, -0.222066387534, 15.1111478806, 6.84233808517, -1.5225726366, -8.00643634796, -5.59209156036, -3.13174557686]}, "melbands_spread": {"max": 163.240371704, "dmean": 3.43068814278, "dvar2": 109.179351807, "dmean2": 5.56322097778, "var": 188.945251465, "median": 12.5399389267, "min": 0.567510306835, "dvar": 47.334980011, "mean": 14.9671087265}, "barkbands_kurtosis": {"max": 197.819534302, "dmean": 2.59856748581, "dvar2": 87.8115692139, "dmean2": 4.17954587936, "var": 157.140792847, "median": 2.79529857635, "min": -1.86469233036, "dvar": 32.6124191284, "mean": 5.93136358261}, "spectral_energyband_high": {"max": 0.0294701661915, "dmean": 0.000441169773694, "dvar2": 2.84617203761e-06, "dmean2": 0.000681990291923, "var": 2.04476691579e-06, "median": 0.0001720385917, "min": 7.71171518575e-21, "dvar": 1.29821421524e-06, "mean": 0.000634815136436}, "hfc": {"max": 284.639404297, "dmean": 5.7778506279, "dvar2": 261.311859131, "dmean2": 8.78530883789, "var": 285.244598389, "median": 16.7841815948, "min": 1.14462540013e-16, "dvar": 121.262229919, "mean": 20.3768482208}, "spectral_skewness": {"max": 10.4007444382, "dmean": 0.533917844296, "dvar2": 1.07493853569, "dmean2": 0.870069146156, "var": 4.7015504837, "median": 2.22599124908, "min": -0.0133303143084, "dvar": 0.386478066444, "mean": 3.23066997528}, "erbbands": {"max": [2.19339323044, 26.4648704529, 50.8899536133, 70.9894866943, 202.330871582, 146.399795532, 357.983856201, 501.441955566, 741.464355469, 325.766815186, 668.431091309, 518.742126465, 970.732421875, 933.184692383, 1364.00524902, 513.876647949, 555.038513184, 1194.2800293, 512.080627441, 263.133026123, 899.368835449, 659.195007324, 1762.99890137, 258.717468262, 1712.84179688, 318.067504883, 121.107284546, 457.800811768, 303.174682617, 326.264892578, 720.002502441, 508.077728271, 557.754943848, 76.664894104, 38.7294235229, 12.6949720383, 17.7803459167, 6.17919015884, 0.671382009983, 0.0181881990284], "dmean": [0.195826113224, 1.72473144531, 2.55528259277, 3.94798564911, 8.61529159546, 7.66642904282, 11.640914917, 20.5935668945, 18.8482398987, 9.56313514709, 16.5994586945, 11.5792789459, 18.3312492371, 12.3676404953, 17.8985023499, 8.76219558716, 6.23309230804, 15.7467603683, 7.66184997559, 4.7325220108, 8.22571659088, 7.2151761055, 8.52224445343, 2.90970826149, 5.03796863556, 4.39629077911, 2.52392840385, 3.46680498123, 3.78546500206, 1.84815490246, 3.88142538071, 1.51028013229, 2.08131480217, 0.374328017235, 0.675104737282, 0.145248219371, 0.0327273607254, 0.00752868223935, 0.00290909293108, 8.47348637762e-05], "dvar2": [0.214642554522, 17.3635883331, 54.4722595215, 75.0054855347, 527.775390625, 335.066833496, 943.144042969, 2716.20874023, 2293.37036133, 740.75994873, 2500.61132812, 996.89630127, 4077.1640625, 1902.48120117, 4168.93945312, 903.821105957, 546.64630127, 4907.35546875, 831.152954102, 219.524490356, 1342.78222656, 1107.11181641, 5272.16601562, 154.328140259, 2509.31445312, 266.04699707, 66.7489318848, 617.969238281, 342.949432373, 104.562828064, 811.126464844, 254.554733276, 510.692230225, 5.90408420563, 7.12685966492, 0.536805570126, 0.116408318281, 0.0114874113351, 0.00147655524779, 1.04691116576e-06], "dmean2": [0.328139007092, 2.96812963486, 4.43630504608, 6.45498847961, 14.3097705841, 12.3193750381, 18.6396713257, 30.9298210144, 30.7928142548, 15.1574440002, 26.0698871613, 17.7245178223, 27.9950180054, 18.9932498932, 27.5473194122, 14.0955934525, 10.1555967331, 25.05037117, 12.1385164261, 7.70905256271, 13.2680435181, 11.4661827087, 13.5222053528, 4.80807590485, 8.36060428619, 6.94628381729, 4.12094449997, 5.68847799301, 6.03543996811, 2.86386966705, 6.24971961975, 2.2421104908, 2.95960426331, 0.563504636288, 1.16180026531, 0.24288789928, 0.0495740026236, 0.0119078410789, 0.00512877618894, 0.000148654071381], "var": [0.12013695389, 10.8430747986, 20.6948776245, 78.8434753418, 330.734069824, 318.969421387, 585.160095215, 3547.60766602, 2518.33227539, 962.588134766, 7301.41308594, 4732.4140625, 8840.60253906, 9142.65429688, 6452.55957031, 1167.82531738, 782.147949219, 4289.38769531, 935.166137695, 313.098388672, 799.445495605, 559.176696777, 2449.85888672, 77.728477478, 606.687194824, 216.29536438, 58.1824417114, 294.58114624, 190.822982788, 92.6244812012, 436.537536621, 129.33454895, 302.887084961, 3.65658426285, 2.11727380753, 0.198252409697, 0.0876022800803, 0.00445935223252, 0.000448676379165, 3.05571290937e-07], "median": [0.230947047472, 2.12083649635, 3.05131840706, 7.34211587906, 10.1620950699, 10.9056940079, 13.4849157333, 16.3932132721, 17.4791622162, 8.02926921844, 11.8763685226, 20.7061195374, 32.6735153198, 20.1579742432, 20.7057342529, 7.36864995956, 3.91414690018, 5.4615316391, 6.5703086853, 5.00814962387, 5.01398468018, 3.40483164787, 2.55988335609, 1.52456498146, 0.755466938019, 0.74824410677, 0.682227313519, 0.868914067745, 0.855289936066, 0.722391843796, 1.13581943512, 0.226982504129, 0.0983007326722, 0.069279961288, 0.181945040822, 0.0360404513776, 0.00398102449253, 0.000767283025198, 7.77695458964e-05, 6.1994905991e-05], "min": [4.80758341368e-22, 1.70251703081e-21, 1.0322645358e-20, 1.0874451567e-20, 3.63857138234e-20, 8.784767319e-20, 1.78096328581e-19, 1.61726333786e-19, 4.65824435514e-19, 7.02046487245e-19, 3.63886264039e-19, 4.37137863569e-19, 3.6209297783e-18, 2.81457178331e-18, 2.02700154157e-18, 2.32583191159e-18, 3.20805705121e-18, 4.876980791e-18, 8.36727931183e-18, 7.19463416107e-18, 5.0052297683e-18, 6.64431544903e-18, 8.10782501372e-18, 1.18329386038e-17, 1.2255445917e-17, 1.28332762427e-17, 1.50963919406e-17, 1.26281983165e-17, 1.63890816777e-17, 1.13796411465e-17, 1.79839901235e-17, 1.39437025221e-17, 1.42789786767e-17, 1.38300363254e-17, 9.35301721292e-18, 4.30132801834e-18, 2.88767738546e-18, 1.44479460333e-18, 3.48166316883e-19, 3.09938048552e-20], "dvar": [0.0705009847879, 5.76973724365, 19.4693260193, 25.7739562988, 212.751342773, 126.534759521, 355.852630615, 1187.28918457, 891.738464355, 303.074279785, 987.010986328, 436.968719482, 1665.53857422, 798.399353027, 1950.29077148, 371.903625488, 240.181915283, 2077.14868164, 332.955780029, 87.0120697021, 555.609130859, 469.098236084, 2084.64111328, 58.22914505, 886.209655762, 109.381797791, 27.707239151, 262.110076904, 144.169799805, 51.6135253906, 342.683380127, 110.103302002, 238.899505615, 2.72516202927, 2.67722058296, 0.207990691066, 0.0544717498124, 0.00440112128854, 0.000519872584846, 3.66156541531e-07], "mean": [0.332233905792, 3.19101309776, 4.13769102097, 9.79744720459, 15.7390260696, 16.6155166626, 21.0145301819, 42.4386634827, 35.8475952148, 21.0459423065, 54.5218467712, 46.5178184509, 65.4533920288, 56.0527839661, 44.7482757568, 19.5953044891, 14.6019449234, 30.2416934967, 17.4148387909, 11.9946813583, 13.8781614304, 10.8287572861, 13.3627414703, 4.89395141602, 6.69226074219, 6.99249839783, 4.20745038986, 4.37225437164, 4.74164438248, 2.73674821854, 4.94727039337, 1.82867825031, 2.22273588181, 0.461737960577, 0.617050468922, 0.145893275738, 0.0410604774952, 0.00823625642806, 0.00275908852927, 0.000121097444207]}, "spectral_contrast_valleys": {"max": [-5.20955228806, -4.63300228119, -5.41627073288, -5.75894927979, -5.83663654327, -8.11738109589], "dmean": [0.327100485563, 0.357352465391, 0.360911667347, 0.389121234417, 0.403289675713, 0.393232762814], "dvar2": [0.229766920209, 0.275207281113, 0.323941111565, 0.443000942469, 0.493472099304, 0.40593701601], "dmean2": [0.535966098309, 0.577842175961, 0.594279050827, 0.613028824329, 0.608441531658, 0.574763536453], "var": [2.00491809845, 2.00152349472, 2.17579865456, 2.47561216354, 3.21907091141, 2.49297189713], "median": [-6.39483165741, -6.63343286514, -7.40910768509, -8.04041099548, -8.36467838287, -10.8764514923], "min": [-27.2054615021, -27.1356525421, -27.7217674255, -27.5649318695, -27.2520637512, -27.2416801453], "dvar": [0.0931317508221, 0.122804537416, 0.144497469068, 0.205612629652, 0.240216881037, 0.19629226625], "mean": [-6.84511137009, -7.06441402435, -7.89562606812, -8.52211952209, -8.81112289429, -11.2529840469]}, "average_loudness": 0.937285542488, "erbbands_spread": {"max": 158.6222229, "dmean": 6.76071548462, "dvar2": 219.632797241, "dmean2": 10.0383224487, "var": 381.009490967, "median": 23.0126571655, "min": 0.459616094828, "dvar": 98.3865966797, "mean": 25.8365631104}, "melbands_flatness_db": {"max": 0.598154485226, "dmean": 0.0291632469743, "dvar2": 0.00283205811866, "dmean2": 0.0460578128695, "var": 0.0176566280425, "median": 0.282959759235, "min": 0.00653978995979, "dvar": 0.00122329418082, "mean": 0.326310217381}, "barkbands_spread": {"max": 84.2334365845, "dmean": 3.23470544815, "dvar2": 61.9160423279, "dmean2": 5.16868305206, "var": 95.9423751831, "median": 11.1605901718, "min": 0.349735945463, "dvar": 26.1090393066, "mean": 13.1735553741}, "spectral_decrease": {"max": 2.8047589397e-18, "dmean": 2.47820786115e-09, "dvar2": 2.37344670239e-17, "dmean2": 4.1124148531e-09, "var": 3.66883619163e-17, "median": -1.15188001359e-08, "min": -3.61641525615e-08, "dvar": 8.10864226816e-18, "mean": -1.098412028e-08}, "melbands_crest": {"max": 31.5891685486, "dmean": 2.58677792549, "dvar2": 21.8080196381, "dmean2": 4.37631607056, "var": 23.9675502777, "median": 12.9006986618, "min": 2.60064172745, "dvar": 7.11155939102, "mean": 13.6743249893}, "erbbands_flatness_db": {"max": 0.608509898186, "dmean": 0.0188642032444, "dvar2": 0.000989800319076, "dmean2": 0.0270446296781, "var": 0.0140442783013, "median": 0.18549194932, "min": 0.0419500283897, "dvar": 0.000467922131065, "mean": 0.227315068245}, "melbands_kurtosis": {"max": 865.997436523, "dmean": 5.40840530396, "dvar2": 797.663574219, "dmean2": 8.72029495239, "var": 501.542572021, "median": 5.96820640564, "min": -1.90483808517, "dvar": 283.142028809, "mean": 11.5234079361}, "spectral_rms": {"max": 0.0116126863286, "dmean": 0.000670499401167, "dvar2": 1.44416242165e-06, "dmean2": 0.00108954834286, "var": 3.99451573685e-06, "median": 0.0066571040079, "min": 3.2013757964e-12, "dvar": 5.1082832897e-07, "mean": 0.00618500448763}, "melbands_skewness": {"max": 23.9274463654, "dmean": 0.524577736855, "dvar2": 1.25285840034, "dmean2": 0.825438916683, "var": 2.64444923401, "median": 1.85205626488, "min": -2.19077825546, "dvar": 0.489624083042, "mean": 1.93653821945}, "barkbands": {"max": [0.00932850781828, 0.0953854471445, 0.0371017381549, 0.0310673192143, 0.0457727722824, 0.0454738661647, 0.0381327867508, 0.0360286422074, 0.0178002323955, 0.0398670956492, 0.0279272608459, 0.0216990597546, 0.0125284008682, 0.0217696782202, 0.00557040888816, 0.0142008848488, 0.0105801317841, 0.026254048571, 0.0273954439908, 0.0106479385868, 0.00718926638365, 0.00702517060563, 0.0199802480638, 0.0243269354105, 0.00352714280598, 0.00496007828042, 0.00584663962945], "dmean": [0.000391499896068, 0.00715573411435, 0.00185151863843, 0.0017947362503, 0.00255302013829, 0.00226767035201, 0.000904701126274, 0.000728087790776, 0.000608001369983, 0.000479600159451, 0.000463048025267, 0.000262179557467, 0.000158323353389, 0.000310127128614, 0.000103280261101, 0.000150777632371, 0.000123893973068, 0.000123844933114, 7.96962413006e-05, 9.40151076065e-05, 6.97232899256e-05, 8.73217213666e-05, 0.000120472090202, 9.75801813183e-05, 5.95018645981e-05, 1.78574791789e-05, 1.10021956061e-05], "dvar2": [1.11979579742e-06, 0.000283359113382, 2.51629517152e-05, 1.81289888133e-05, 3.84754894185e-05, 3.27506859321e-05, 6.32725686955e-06, 5.40874452781e-06, 2.50537050306e-06, 3.99362033932e-06, 2.06503636946e-06, 1.04073797047e-06, 4.12644254766e-07, 1.73948808424e-06, 1.24995068518e-07, 3.88276731655e-07, 3.1366741382e-07, 1.14776094051e-06, 6.58206829485e-07, 1.4327834208e-07, 1.64335787645e-07, 1.47533569361e-07, 6.85312841142e-07, 1.01435114175e-06, 5.19366274432e-08, 1.63479558779e-08, 2.16903934813e-08], "dmean2": [0.000666078703944, 0.0122589506209, 0.00315217720345, 0.00296361395158, 0.00409873947501, 0.00347396801226, 0.0015051397495, 0.00116196332965, 0.000927029410377, 0.000730710977223, 0.000702868681401, 0.000426643237006, 0.000253420381341, 0.00049182161456, 0.000170730534592, 0.000243941161898, 0.000198479130631, 0.000198721099878, 0.000133692155941, 0.000147612183355, 0.000114833914267, 0.000141198281199, 0.000189739570487, 0.000140543328598, 0.000101297417132, 2.80105905404e-05, 1.91379676835e-05], "var": [5.71529994886e-07, 0.000178206144483, 9.96932521957e-06, 1.671060636e-05, 3.27808083966e-05, 3.40449987561e-05, 5.65492700844e-06, 1.30017615447e-05, 9.55984432949e-06, 9.03106410988e-06, 7.24424853615e-06, 1.43973488775e-06, 5.72718761305e-07, 1.47054083754e-06, 1.03854098654e-07, 3.19214990441e-07, 1.59701187386e-07, 5.09677931859e-07, 1.54782568984e-07, 1.05262891736e-07, 8.52269224083e-08, 7.8029572137e-08, 4.36683563976e-07, 6.03850196512e-07, 1.79955002011e-08, 9.27844912013e-09, 7.3319839089e-09], "median": [0.000187489000382, 0.0102257896215, 0.00160312675871, 0.00285099609755, 0.00360945472494, 0.00237411959097, 0.000626010645647, 0.000394188798964, 0.000804048788268, 0.000612004427239, 0.000572166871279, 0.000161372037837, 5.94227894908e-05, 0.00010032447608, 8.81062660483e-05, 9.15958298719e-05, 4.36710724898e-05, 3.774257857e-05, 1.84747041203e-05, 1.50943687913e-05, 1.64435496117e-05, 2.1306628696e-05, 3.42761886714e-05, 6.59319084662e-06, 1.85759417946e-05, 2.06754930332e-06, 1.94732081127e-07], "min": [2.13708935215e-23, 6.28968621051e-24, 9.90093090142e-24, 3.78970908793e-24, 2.23919146135e-23, 2.63680023454e-23, 4.76688292414e-23, 5.8933660416e-24, 1.46265635e-23, 1.23315191088e-22, 5.90777805702e-23, 4.82732450006e-23, 9.18347689648e-23, 7.72126577958e-23, 1.69985956668e-22, 8.1356203343e-23, 1.06467431937e-22, 1.48982553999e-22, 2.57380650426e-22, 2.39962096768e-22, 3.77506495807e-22, 4.4001621259e-22, 5.45949857063e-22, 8.908446411e-22, 1.2780629108e-21, 1.42011785241e-21, 2.53779577387e-21], "dvar": [4.12972298136e-07, 9.10910603125e-05, 9.19806007005e-06, 5.99386839895e-06, 1.58122711582e-05, 1.33415314849e-05, 2.37487643062e-06, 2.12518625631e-06, 1.07240259695e-06, 1.67455618794e-06, 9.61857722359e-07, 4.52044162103e-07, 1.94546430521e-07, 7.24411279407e-07, 4.76658321702e-08, 1.62592442621e-07, 1.32158447741e-07, 4.51484510222e-07, 2.3128299631e-07, 5.86665649394e-08, 6.98710422853e-08, 6.16314252966e-08, 3.01172036643e-07, 4.68841477641e-07, 2.00001792905e-08, 6.99263180692e-09, 7.84055931291e-09], "mean": [0.000506085285451, 0.0137594472617, 0.00256828754209, 0.00416996981949, 0.00528656458482, 0.00470741791651, 0.00153961300384, 0.00204416038468, 0.00222925678827, 0.00175565201789, 0.00159672356676, 0.000527952855919, 0.000324472901411, 0.000606562709436, 0.00020938248781, 0.000278699706541, 0.000179590701009, 0.000192388746655, 0.000108379004814, 0.000149443119881, 9.77158197202e-05, 0.000107207073597, 0.000159952134709, 0.000108813539555, 5.92781070736e-05, 2.11478345591e-05, 1.0657515304e-05]}, "spectral_kurtosis": {"max": 162.424926758, "dmean": 6.21124172211, "dvar2": 303.929351807, "dmean2": 10.5626678467, "var": 1034.67883301, "median": 7.26626968384, "min": -1.2026848793, "dvar": 104.907157898, "mean": 23.5129985809}, "erbbands_skewness": {"max": 8.66719055176, "dmean": 0.328095793724, "dvar2": 0.293939501047, "dmean2": 0.49274379015, "var": 2.84109568596, "median": 0.649305105209, "min": -6.11418151855, "dvar": 0.127141207457, "mean": 0.379969060421}, "melbands": {"max": [0.0200343299657, 0.030906772241, 0.0121621415019, 0.0110594732687, 0.00971240829676, 0.0102420803159, 0.0104972152039, 0.00499746156856, 0.00456730648875, 0.0035087633878, 0.00532046146691, 0.00349900196306, 0.003783602966, 0.00294763827696, 0.000724011973944, 0.00170298910234, 0.00270677963272, 0.00116804346908, 0.000591109041125, 0.00064272765303, 0.00134884007275, 0.000824695511255, 0.00142166449223, 0.000945053237956, 7.35712237656e-05, 0.00172333256342, 0.000641301099677, 0.000104230413854, 0.000102187412267, 0.000139546595165, 0.000253523699939, 0.00027377391234, 0.000124394937302, 0.000299305829685, 0.000388360174838, 0.000400488992454, 0.000545251125004, 0.000356398435542, 0.000256277242443, 9.16519784369e-05], "dmean": [0.00188247684855, 0.00164671882521, 0.00075243844185, 0.000584581342991, 0.000373438495444, 0.000464031822048, 0.00026035431074, 0.000118748757814, 0.000139507552376, 7.70546757849e-05, 9.27302535274e-05, 5.01460126543e-05, 5.50449622096e-05, 3.87562758988e-05, 1.636471643e-05, 1.79253493116e-05, 3.27666602971e-05, 1.42544495247e-05, 8.40283701109e-06, 8.32776095194e-06, 1.04478158391e-05, 7.44242925066e-06, 8.34501406644e-06, 5.60180023967e-06, 2.06873005482e-06, 3.58863781003e-06, 3.99343070967e-06, 2.78105471807e-06, 1.72642171492e-06, 1.64176856288e-06, 2.16245257434e-06, 2.84679731521e-06, 7.63686671235e-07, 1.27447628984e-06, 2.61774926003e-06, 1.32386753648e-06, 9.78634943749e-07, 1.52297934619e-06, 8.36393951431e-07, 1.90723866922e-07], "dvar2": [1.90006667253e-05, 1.93230061996e-05, 2.80956351162e-06, 2.1311434466e-06, 8.3464499312e-07, 1.27783539483e-06, 4.36501494505e-07, 1.32893717364e-07, 1.8137662039e-07, 4.25865458453e-08, 1.09366183665e-07, 3.45367219268e-08, 3.26885079005e-08, 2.13679776095e-08, 3.00424085609e-09, 6.15847639551e-09, 2.29316565736e-08, 3.5993772407e-09, 8.89738671628e-10, 9.65169832945e-10, 2.83853918148e-09, 1.43359779603e-09, 3.45336137464e-09, 1.69388669757e-09, 5.03394270712e-11, 2.50147635938e-09, 4.24904222918e-10, 1.00332027408e-10, 3.69818550783e-11, 7.36856686778e-11, 2.00238506332e-10, 2.17510384704e-10, 1.44053380335e-11, 8.67533822557e-11, 2.87905421725e-10, 2.37366210021e-10, 2.61810156887e-10, 2.49770204519e-10, 1.03004466068e-10, 1.72373465328e-12], "dmean2": [0.0032027233392, 0.00284914765507, 0.00124064425472, 0.000947366585024, 0.000593436183408, 0.000705449492671, 0.000423004094046, 0.000187091369298, 0.000218524015509, 0.00011729849939, 0.000141675176565, 7.73230349296e-05, 8.46455513965e-05, 6.13434458501e-05, 2.70207092399e-05, 2.87372731691e-05, 5.21510846738e-05, 2.26291213039e-05, 1.38950126711e-05, 1.3577212485e-05, 1.69416343851e-05, 1.19822998386e-05, 1.34781530505e-05, 8.93967990123e-06, 3.45862895301e-06, 6.11991436017e-06, 6.43448856863e-06, 4.42417785962e-06, 2.78727543446e-06, 2.72788702205e-06, 3.60466151506e-06, 4.5497076826e-06, 1.25818269225e-06, 1.96945575226e-06, 4.33900459029e-06, 1.98327347789e-06, 1.49416462136e-06, 2.18488776227e-06, 1.22203130104e-06, 2.95994709631e-07], "var": [1.14721215141e-05, 9.58390501182e-06, 2.58399109043e-06, 1.61803336596e-06, 6.38365349914e-07, 1.61371826835e-06, 5.08440791691e-07, 2.23896591933e-07, 5.19651848663e-07, 2.06670392799e-07, 2.3589981879e-07, 1.41336983006e-07, 6.24629308277e-08, 3.11308028245e-08, 2.79961276384e-09, 9.29900778601e-09, 1.81111037278e-08, 3.9670897678e-09, 8.46055059345e-10, 1.3416863176e-09, 1.34286282094e-09, 6.9397132485e-10, 1.35366140519e-09, 9.45752920423e-10, 3.40275620181e-11, 5.3194798566e-10, 2.05638783779e-10, 8.99569030377e-11, 3.52332711617e-11, 3.95027933975e-11, 9.24099755051e-11, 1.22949650461e-10, 4.54368574015e-12, 7.71107275255e-11, 1.61436586321e-10, 1.41043093871e-10, 1.13290335446e-10, 1.51075082999e-10, 5.45756113912e-11, 1.61316066841e-12], "median": [0.00262782932259, 0.00232325657271, 0.00145258067641, 0.000775885651819, 0.000479624344734, 0.000421879289206, 0.000241429719608, 6.30817230558e-05, 8.68859278853e-05, 0.000118735144497, 0.000151729283971, 6.47393899271e-05, 7.24523924873e-05, 2.50114280789e-05, 1.16679502753e-05, 4.820862614e-06, 9.38988614507e-06, 7.93187518866e-06, 6.20322771283e-06, 6.15423823547e-06, 4.9109835345e-06, 2.79404957837e-06, 2.53838084063e-06, 1.67717030308e-06, 8.74543616192e-07, 5.16340548984e-07, 3.47636103015e-07, 3.91450726056e-07, 3.57225985681e-07, 3.41272993865e-07, 4.74466077094e-07, 4.93273773827e-07, 2.52934199807e-07, 3.68450656651e-07, 8.57767076923e-07, 1.385032391e-07, 8.50422239296e-08, 6.41298854021e-08, 3.84163207912e-08, 4.03979960595e-08], "min": [8.92061582108e-24, 4.36630645621e-24, 3.08239490385e-24, 5.03339879211e-24, 5.23001487855e-24, 3.89704189712e-24, 8.11603055144e-24, 6.44849101048e-24, 3.82627397417e-24, 2.67636208226e-24, 1.82203739704e-23, 1.12503137674e-23, 6.63169882812e-24, 5.7784171748e-24, 8.64309455463e-24, 7.3759023175e-24, 7.90818305785e-24, 9.80261595566e-24, 1.15969282051e-23, 8.19583093175e-24, 5.21599090381e-24, 6.55478173442e-24, 6.97237393207e-24, 8.37513901551e-24, 9.61027746747e-24, 1.04596684588e-23, 8.84194351187e-24, 7.55930616707e-24, 8.1235799503e-24, 7.73009218647e-24, 5.83923756173e-24, 9.47130463066e-24, 8.95793446393e-24, 5.28126046625e-24, 1.01257081389e-23, 9.21530980058e-24, 8.48349616059e-24, 9.64351691057e-24, 1.01675982307e-23, 1.22085012993e-23], "dvar": [6.01401507083e-06, 6.73139084029e-06, 9.83140125754e-07, 8.74518832461e-07, 3.17179996046e-07, 5.47792637917e-07, 1.71733390175e-07, 5.30871027138e-08, 7.16000059242e-08, 1.8975061522e-08, 4.48531416453e-08, 1.45182408318e-08, 1.50342227556e-08, 9.54454915103e-09, 1.12034614919e-09, 2.88371748702e-09, 9.64566293504e-09, 1.43851552892e-09, 3.4619657141e-10, 4.02550132117e-10, 1.17590392978e-09, 6.06958650007e-10, 1.34312749811e-09, 6.88153090067e-10, 1.92048425773e-11, 8.73302763438e-10, 1.65124067197e-10, 4.13125957055e-11, 1.58568973924e-11, 3.09435324586e-11, 8.44609174266e-11, 9.28291749025e-11, 5.2629064301e-12, 4.25500537582e-11, 1.17311299563e-10, 1.09374918844e-10, 1.07911513059e-10, 1.16954390617e-10, 4.65220292845e-11, 8.73611892462e-13], "mean": [0.00349515816197, 0.00305409170687, 0.00182473880704, 0.00117617624346, 0.000733228982426, 0.00096430076519, 0.000507001415826, 0.000273971672868, 0.000454504188383, 0.000297781603877, 0.000323031446896, 0.00021819343965, 0.000159369883477, 8.16727260826e-05, 3.30615221174e-05, 3.81116078643e-05, 5.98526312388e-05, 3.01191084873e-05, 1.78896261787e-05, 1.85342832992e-05, 1.50521427713e-05, 1.08006161099e-05, 1.18472880786e-05, 8.92714342626e-06, 3.33306866196e-06, 4.38225197286e-06, 5.52919436814e-06, 4.44751731266e-06, 2.87069769911e-06, 2.22752964874e-06, 2.43721433435e-06, 3.43113765666e-06, 9.74032445811e-07, 1.8443757881e-06, 3.34128935719e-06, 1.58323780397e-06, 1.07291452878e-06, 1.62739138432e-06, 8.73907026744e-07, 2.71309460231e-07]}, "spectral_centroid": {"max": 10688.4423828, "dmean": 143.127502441, "dvar2": 117888.109375, "dmean2": 225.846618652, "var": 261423.5625, "median": 666.805297852, "min": 168.034759521, "dvar": 54714.3164062, "mean": 799.597045898}, "pitch_salience": {"max": 0.816847145557, "dmean": 0.0581441894174, "dvar2": 0.0102792531252, "dmean2": 0.0975104495883, "var": 0.0137844523415, "median": 0.519527733326, "min": 0.111730307341, "dvar": 0.00358001235873, "mean": 0.510001122952}, "gfcc": {"icov": [[0.000263814872596, -0.000175275898073, 0.000340610538842, -0.000629375630524, 0.000230362798902, -2.2414360501e-05, 0.000491972197779, -0.000250936573138, 6.60588048049e-05, -0.000525238923728, 0.000441202544607, -0.000463541975478, 2.1795523935e-05], [-0.000175275898073, 0.0011497142259, -0.00095513620181, 0.000941290520132, -0.000834629230667, 0.000497546687257, -0.000770764076151, -0.000148535313201, -5.15776300745e-05, 0.000603223685175, -0.00172018865123, 0.00154078670312, -0.000747818732634], [0.000340610538842, -0.00095513620181, 0.00224282266572, -0.00235614157282, 0.000935601012316, -2.86534232146e-05, -0.000486715201987, 0.000648566696327, 0.000146937716636, -0.000201749207918, 0.00220202491619, -0.00194654625375, 0.00127506069839], [-0.000629375630524, 0.000941290520132, -0.00235614157282, 0.0046228566207, -0.000472295330837, -0.000840392429382, 8.8619053713e-06, -0.000585467205383, 0.000767256424297, -0.000510081707034, -0.00218875939026, 0.00238012662157, -0.00114747765474], [0.000230362798902, -0.000834629230667, 0.000935601012316, -0.000472295330837, 0.00560976471752, -0.0016148625873, 0.000202680224902, 0.00178141565993, -0.000472110550618, -0.000690258573741, 0.00220739492215, 8.7876796897e-05, -0.000394835340558], [-2.2414360501e-05, 0.000497546687257, -2.86534232146e-05, -0.000840392429382, -0.0016148625873, 0.0075153876096, -0.00243376707658, -0.000661751546431, 0.00131499161944, 2.98613904306e-05, 0.00032233633101, -0.00264661293477, 0.000877365004271], [0.000491972197779, -0.000770764076151, -0.000486715201987, 8.8619053713e-06, 0.000202680224902, -0.00243376707658, 0.00797455012798, -0.00242520938627, 0.000596513855271, -0.000862383632921, 0.000719751405995, 0.00106550497003, -0.00357007607818], [-0.000250936573138, -0.000148535313201, 0.000648566696327, -0.000585467205383, 0.00178141565993, -0.000661751546431, -0.00242520938627, 0.0085974028334, -0.00224007014185, 0.00119036447722, 0.00282378843985, 0.000207459481317, 0.00210362090729], [6.60588048049e-05, -5.15776300745e-05, 0.000146937716636, 0.000767256424297, -0.000472110550618, 0.00131499161944, 0.000596513855271, -0.00224007014185, 0.00761558394879, -0.00216299644671, 0.00107573787682, 0.000956449192017, -0.000343224673998], [-0.000525238923728, 0.000603223685175, -0.000201749207918, -0.000510081707034, -0.000690258573741, 2.98613904306e-05, -0.000862383632921, 0.00119036447722, -0.00216299644671, 0.00818268489093, -0.00197268580087, 0.00115485582501, 0.00453947624192], [0.000441202544607, -0.00172018865123, 0.00220202491619, -0.00218875939026, 0.00220739492215, 0.00032233633101, 0.000719751405995, 0.00282378843985, 0.00107573787682, -0.00197268580087, 0.00917000789195, -0.00335516990162, 0.0022661795374], [-0.000463541975478, 0.00154078670312, -0.00194654625375, 0.00238012662157, 8.7876796897e-05, -0.00264661293477, 0.00106550497003, 0.000207459481317, 0.000956449192017, 0.00115485582501, -0.00335516990162, 0.0100910849869, -0.00202148780227], [2.1795523935e-05, -0.000747818732634, 0.00127506069839, -0.00114747765474, -0.000394835340558, 0.000877365004271, -0.00357007607818, 0.00210362090729, -0.000343224673998, 0.00453947624192, 0.0022661795374, -0.00202148780227, 0.012824267149]], "cov": [[15616.1845703, -3503.34155273, -724.774841309, 2276.61938477, -846.511352539, 96.7146606445, -1625.2253418, 244.735733032, 95.1353988647, 1760.4942627, 370.50189209, 468.619567871, -1092.55407715], [-3503.34155273, 3219.84741211, 821.146118164, -489.561126709, 366.472961426, -138.102340698, 692.862426758, -60.3295211792, -37.7327690125, -569.042480469, -10.760020256, -336.550109863, 441.042633057], [-724.774841309, 821.146118164, 1703.70544434, 579.990661621, -31.5112686157, 145.938095093, 308.072479248, 5.37898445129, -146.396316528, -109.135360718, -112.8331604, 41.292301178, 66.7056045532], [2276.61938477, -489.561126709, 579.990661621, 921.200256348, -164.896118164, 119.013946533, -160.842102051, 33.551410675, -77.5514678955, 300.030700684, 64.5463180542, 81.6970825195, -177.962356567], [-846.511352539, 366.472961426, -31.5112686157, -164.896118164, 292.425994873, 20.8677024841, 118.596351624, -36.7496299744, 11.8094415665, -107.400245667, -62.3037185669, -60.8677330017, 97.5547866821], [96.7146606445, -138.102340698, 145.938095093, 119.013946533, 20.8677024841, 218.420928955, 59.3297080994, 18.7081699371, -57.785118103, -1.84195435047, -27.8645248413, 73.0093383789, 2.6064081192], [-1625.2253418, 692.862426758, 308.072479248, -160.842102051, 118.596351624, 59.3297080994, 427.891204834, 46.7690429688, -28.1355438232, -244.849822998, -111.64957428, -80.6437072754, 202.117370605], [244.735733032, -60.3295211792, 5.37898445129, 33.551410675, -36.7496299744, 18.7081699371, 46.7690429688, 191.871994019, 55.8177261353, -0.360131293535, -84.4276046753, -25.3599319458, -9.78873920441], [95.1353988647, -37.7327690125, -146.396316528, -77.5514678955, 11.8094415665, -57.785118103, -28.1355438232, 55.8177261353, 196.725692749, 54.7653961182, -36.350944519, -55.0161743164, -23.7862300873], [1760.4942627, -569.042480469, -109.135360718, 300.030700684, -107.400245667, -1.84195435047, -244.849822998, -0.360131293535, 54.7653961182, 420.74597168, 106.54901123, 38.2539901733, -230.028091431], [370.50189209, -10.760020256, -112.8331604, 64.5463180542, -62.3037185669, -27.8645248413, -111.64957428, -84.4276046753, -36.350944519, 106.54901123, 245.304153442, 45.9597434998, -76.2993164062], [468.619567871, -336.550109863, 41.292301178, 81.6970825195, -60.8677330017, 73.0093383789, -80.6437072754, -25.3599319458, -55.0161743164, 38.2539901733, 45.9597434998, 198.689804077, -34.1915817261], [-1092.55407715, 441.042633057, 66.7056045532, -177.962356567, 97.5547866821, 2.6064081192, 202.117370605, -9.78873920441, -23.7862300873, -230.028091431, -76.2993164062, -34.1915817261, 232.574829102]], "mean": [-41.0003929138, 135.14213562, -86.5982894897, 13.9953727722, -54.6655197144, 16.5487747192, -23.6301879883, 6.17603492737, -20.2574920654, -8.36394119263, -19.5697555542, 2.90734553337, -0.103852503002]}, "spectral_flux": {"max": 0.264415621758, "dmean": 0.0225513447076, "dvar2": 0.00154926604591, "dmean2": 0.0359662286937, "var": 0.00269976304844, "median": 0.084531866014, "min": 1.03061510714e-10, "dvar": 0.000639995443635, "mean": 0.0797324925661}, "zerocrossingrate": {"max": 0.51220703125, "dmean": 0.00701279100031, "dvar2": 0.000167138743564, "dmean2": 0.00875444430858, "var": 0.00120207457803, "median": 0.03369140625, "min": 0.00341796875, "dvar": 0.000130269414512, "mean": 0.0403983965516}, "spectral_energyband_middle_low": {"max": 0.0849497169256, "dmean": 0.0051581650041, "dvar2": 0.000111117558845, "dmean2": 0.00816162861884, "var": 0.000175609573489, "median": 0.0195522122085, "min": 2.42528557904e-22, "dvar": 4.50916413683e-05, "mean": 0.0208287220448}, "silence_rate_20dB": {"max": 1, "dmean": 0, "dvar2": 0, "dmean2": 0, "var": 0, "median": 1, "min": 1, "dvar": 0, "mean": 1}, "silence_rate_30dB": {"max": 1, "dmean": 0.000298923871014, "dvar2": 0.000896186335012, "dmean2": 0.000597877544351, "var": 0.000149414816406, "median": 1, "min": 0, "dvar": 0.000298766419291, "mean": 0.999850571156}, "spectral_entropy": {"max": 9.81886196136, "dmean": 0.249019756913, "dvar2": 0.213145166636, "dmean2": 0.372534513474, "var": 1.15348541737, "median": 6.89855670929, "min": 4.04423046112, "dvar": 0.0962773486972, "mean": 6.57082033157}, "spectral_rolloff": {"max": 18195.5566406, "dmean": 227.797286987, "dvar2": 1231799.875, "dmean2": 403.543365479, "var": 1623362.5, "median": 689.0625, "min": 86.1328125, "dvar": 549791.8125, "mean": 932.229858398}, "spectral_complexity": {"max": 53, "dmean": 2.52969312668, "dvar2": 21.9094352722, "dmean2": 3.95954370499, "var": 92.0904541016, "median": 12, "min": 