{"metadata": {"audio_properties": {"downmix": "mix", "bit_rate": 225131, "lossless": false, "md5_encoded": "2fc5156f669acfa4a58e080d8e2a65b1", "analysis_sample_rate": 44100, "sample_rate": 44100, "replay_gain": -9.40422058105, "equal_loudness": 0, "codec": "mp3", "length": 380.891418457}, "tags": {"musicbrainz_albumid": ["4de3a3a1-6aa8-4d80-9820-4a11f1d7b609"], "musicbrainz_recordingid": ["00098510-fbb2-4156-a517-1e8368bba8e8"], "tracknumber": ["4/15"], "artist": ["Augie March"], "musicbrainz album release country": ["AU"], "album": ["Sunset Studies"], "musicbrainz album type": ["album"], "originaldate": ["2000-10"], "albumartist": ["Augie March"], "asin": ["B000056KT8"], "media": ["CD"], "musicbrainz_albumartistid": ["29070ba5-c3df-41d9-bed0-8e2f1e1c22ad"], "file_name": "04 Tulip.mp3", "bpm": ["0"], "musicbrainz_artistid": ["29070ba5-c3df-41d9-bed0-8e2f1e1c22ad"], "catalognumber": ["74321 787962"], "albumartistsort": ["Augie March"], "script": ["Latn"], "label": ["BMG Australia"], "musicbrainz album status": ["Official"], "date": ["2000-10-30"], "title": ["Tulip"], "language": ["eng"], "discnumber": ["1/1"], "artistsort": ["Augie March"], "encodedby": ["Exact Audio Copy   (Burst mode)"], "musicbrainz_releasegroupid": ["fa18559e-c262-35e8-af27-e8623d8834bc"], "genre": ["Other"]}, "version": {"essentia_build_sha": "70f2e5ece6736b2c40cc944ad0e695b16b925413", "essentia_git_sha": "v2.1_beta2", "extractor": "music 1.0", "essentia": "2.1-beta2"}}, "tonal": {"chords_scale": "major", "hpcp": {"dmean": [0.035998724401, 0.0442480891943, 0.0576632171869, 0.0620773360133, 0.0718388110399, 0.0909336805344, 0.0779584124684, 0.0718107074499, 0.040147844702, 0.0291449967772, 0.037710364908, 0.0548932291567, 0.0608192123473, 0.0539358071983, 0.0444445163012, 0.0397668555379, 0.0395412631333, 0.0361807495356, 0.0382105782628, 0.0535718016326, 0.0792099311948, 0.0754495337605, 0.069204673171, 0.0477370470762, 0.0370766632259, 0.0421941839159, 0.0722601637244, 0.0737036243081, 0.0713201537728, 0.0541094951332, 0.0515274554491, 0.0582239292562, 0.0885923355818, 0.0900015756488, 0.0730655863881, 0.0421936362982], "dvar2": [0.0390314459801, 0.0508047230542, 0.0528590418398, 0.0630465224385, 0.0624410696328, 0.0627842471004, 0.0590851865709, 0.0552852526307, 0.0481162406504, 0.0385991446674, 0.04034139961, 0.0539947114885, 0.0599138922989, 0.0510727278888, 0.0427082777023, 0.037892319262, 0.0399587713182, 0.037068773061, 0.032946292311, 0.0441125705838, 0.0586603321135, 0.0592477656901, 0.0527813993394, 0.0615958310664, 0.0456934943795, 0.0462332032621, 0.0658515542746, 0.0661127790809, 0.066898740828, 0.05627053231, 0.0577189102769, 0.0452505722642, 0.0691932663321, 0.071088925004, 0.0685526505113, 0.0473071821034], "mean": [0.0367729961872, 0.0388744994998, 0.0851851478219, 0.10719987005, 0.0844981372356, 0.225610285997, 0.306049376726, 0.137663051486, 0.0305587910116, 0.0217151604593, 0.038803525269, 0.121716290712, 0.140077829361, 0.0723616927862, 0.080586515367, 0.088103197515, 0.0486899986863, 0.0532039999962, 0.0592469163239, 0.0614169389009, 0.189591780305, 0.266464412212, 0.139656022191, 0.042629532516, 0.0309511683881, 0.0369645655155, 0.119860224426, 0.162185519934, 0.0971944481134, 0.0967091247439, 0.100863732398, 0.0693393647671, 0.168697267771, 0.217594623566, 0.106761083007, 0.0442925803363], "var": [0.0170739814639, 0.0162213500589, 0.0380010716617, 0.0591836832464, 0.0265950318426, 0.0843278169632, 0.147553399205, 0.0429491139948, 0.0122993411496, 0.00912397261709, 0.0136656463146, 0.0690402388573, 0.0773176327348, 0.0218417886645, 0.0422744452953, 0.0539461113513, 0.0177263859659, 0.0227529481053, 0.0229912661016, 0.0164845213294, 0.07228051126, 0.135949671268, 0.0503434613347, 0.0189440902323, 0.0124057922512, 0.0129627911374, 0.0486576631665, 0.0833329707384, 0.0354204662144, 0.0586965307593, 0.0655293166637, 0.0203279703856, 0.0632729902864, 0.101346597075, 0.0351410955191, 0.0227456726134], "dmean2": [0.0646008327603, 0.0803287923336, 0.0997609570622, 0.107341550291, 0.124536477029, 0.151609122753, 0.127128198743, 0.122953295708, 0.0736709907651, 0.0548957325518, 0.0679912939668, 0.0935522317886, 0.10379062593, 0.0938623473048, 0.0770394802094, 0.068310521543, 0.070587195456, 0.0642218515277, 0.0669713839889, 0.0951383933425, 0.133416339755, 0.122663341463, 0.116840131581, 0.0868780463934, 0.0668169111013, 0.0756943896413, 0.120527684689, 0.12328709662, 0.123789072037, 0.096244327724, 0.0913172215223, 0.101512849331, 0.147907927632, 0.147846341133, 0.126653209329, 0.076193600893], "dvar": [0.0142529178411, 0.0184331946075, 0.0205201543868, 0.0246036276221, 0.0225209109485, 0.0245799254626, 0.0251908097416, 0.0204859357327, 0.0169851258397, 0.0133887454867, 0.0141718294472, 0.0209411196411, 0.0230796206743, 0.0178853273392, 0.0159475076944, 0.0152955017984, 0.0139942588285, 0.0132220769301, 0.01196245756, 0.01551558543, 0.0220275148749, 0.0256346650422, 0.0196559075266, 0.0225011184812, 0.0163999032229, 0.0163340885192, 0.0246190782636, 0.0270439311862, 0.0238017849624, 0.0212375074625, 0.0216956920922, 0.0163102988154, 0.0267854165286, 0.0295796301216, 0.0248262975365, 0.0178188439459], "min": [0, 0, 0, 0, 0, 0, 0, 0, 0, 0, 0, 0, 0, 0, 0, 0, 0, 0, 0, 0, 0, 0, 0, 0, 0, 0, 0, 0, 0, 0, 0, 0, 0, 0, 0, 0], "median": [0.00210122996941, 0.00305177038535, 0.00769770471379, 0.00871787779033, 0.020399754867, 0.0715686753392, 0.0910600423813, 0.0342380516231, 0.00273188645951, 0.00209035701118, 0.00279163988307, 0.00988538749516, 0.0138105731457, 0.0127766774967, 0.0064665810205, 0.00420941459015, 0.00391778443009, 0.0067729325965, 0.00811597425491, 0.0127503024414, 0.0401349849999, 0.0474316142499, 0.0247067082673, 0.00359468022361, 0.00213730288669, 0.00444942340255, 0.0218833368272, 0.0293416269124, 0.0166009198874, 0.00215493352152, 0.00170335092116, 0.011362538673, 0.0474889092147, 0.0572703517973, 0.0216094497591, 0.00304419221357], "max": [1, 1, 1, 1, 1, 1, 1, 1, 1, 1, 1, 1, 1, 1, 1, 1, 1, 1, 1, 1, 1, 1, 1, 1, 1, 1, 1, 1, 1, 1, 1, 1, 1, 1, 1, 1]}, "tuning_equal_tempered_deviation": 0.102003991604, "chords_key": "E", "chords_strength": {"dmean": 0.00721745099872, "dvar2": 0.000531545781996, "mean": 0.503934323788, "var": 0.0148823102936, "dmean2": 0.00596482539549, "dvar": 0.000288300012471, "min": -1, "median": 0.524106740952, "max": 0.714750111103}, "tuning_diatonic_strength": 0.455648452044, "thpcp": [1, 0.449806660414, 0.09984921664, 0.070953130722, 0.126788452268, 0.397701472044, 0.457696825266, 0.236437961459, 0.263312131166, 0.287872493267, 0.159091964364, 0.173841223121, 0.193586140871, 0.200676575303, 0.619481027126, 0.870658218861, 0.456318587065, 0.139289721847, 0.101131290197, 0.120779745281, 0.391636878252, 0.529932498932, 0.317577660084, 0.315991908312, 0.329566866159, 0.226562678814, 0.551209330559, 0.710978806019, 0.348836153746, 0.144723638892, 0.120153799653, 0.127020359039, 0.278337925673, 0.350269854069, 0.276093155146, 0.73716956377], "chords_histogram": [27.1851768494, 10.752163887, 4.21796894073, 1.03620624542, 8.97232723236, 1.81640863419, 1.45068871975, 0.731439709663, 0.292575895786, 2.12117528915, 0.938680946827, 6.44886016846, 0.0609533116221, 0.0975252985954, 0.256003886461, 0.195050597191, 0.658295750618, 1.40192615986, 2.30403518677, 8.82603931427, 0.5241984725, 5.69303894043, 0.707058370113, 13.3122024536], "tuning_nontempered_energy_ratio": 0.700205087662, "tuning_frequency": 443.316436768, "key_strength": 0.742496073246, "chords_changes_rate": 0.0421796888113, "key_scale": "major", "hpcp_entropy": {"dmean": 0.454456865788, "dvar2": 0.443440854549, "mean": 1.78736209869, "var": 0.466672301292, "dmean2": 0.754050433636, "dvar": 0.176951959729, "min": 0, "median": 1.81139802933, "max": 4.23813009262}, "key_key": "E", "chords_number_rate": 0.00170669262297}, "lowlevel": {"melbands_skewness": {"dmean": 0.643066108227, "dvar2": 1.68243944645, "mean": 3.43814945221, "var": 3.7088944912, "dmean2": 0.998407006264, "dvar": 0.708099544048, "min": -1.48308897018, "median": 3.16682982445, "max": 35.6279602051}, "melbands_kurtosis": {"dmean": 9.10597991943, "dvar2": 1650.45117188, "mean": 27.6383686066, "var": 2193.14208984, "dmean2": 14.2559700012, "dvar": 664.164916992, "min": -1.49417042732, "median": 17.3550109863, "max": 1651.91137695}, "barkbands_kurtosis": {"dmean": 6.44573545456, "dvar2": 3237.92382812, "mean": 21.5064086914, "var": 19415.1660156, "dmean2": 9.59951400757, "dvar": 1773.06176758, "min": -1.93666243553, "median": 9.0934381485, "max": 4126.7734375}, "hfc": {"dmean": 3.16392087936, "dvar2": 100.436393738, "mean": 14.0978651047, "var": 232.992385864, "dmean2": 4.76899623871, "dvar": 44.5449409485, "min": 1.08849471047e-16, "median": 9.35056209564, "max": 139.255065918}, "silence_rate_20dB": {"dmean": 0, "dvar2": 0, "mean": 1, "var": 0, "dmean2": 0, "dvar": 0, "min": 1, "median": 1, "max": 1}, "erbbands_flatness_db": {"dmean": 0.0139407496899, "dvar2": 0.000510648882482, "mean": 0.165817350149, "var": 0.00418965611607, "dmean2": 0.0194880105555, "dvar": 0.000274979247479, "min": 0.0220459140837, "median": 0.154040813446, "max": 0.385030180216}, "spectral_flux": {"dmean": 0.0194919705391, "dvar2": 0.00342549942434, "mean": 0.0574175603688, "var": 0.00362120964564, "dmean2": 0.0310526248068, "dvar": 0.00148333783727, "min": 6.24565676954e-11, "median": 0.0449640229344, "max": 0.563171207905}, "spectral_energyband_low": {"dmean": 0.00853196065873, "dvar2": 0.00165453483351, "mean": 0.0275919940323, "var": 0.00151876418386, "dmean2": 0.0140243750066, "dvar": 0.000614612363279, "min": 9.65014570876e-24, "median": 0.00728242937475, "max": 0.385663092136}, "spectral_rolloff": {"dmean": 220.505508423, "dvar2": 2128469.25, "mean": 695.927124023, "var": 2396461, "dmean2": 384.63394165, "dvar": 885681.4375, "min": 21.533203125, "median": 430.6640625, "max": 19336.8164062}, "spectral_entropy": {"dmean": 0.161058828235, "dvar2": 0.086532741785, "mean": 6.93401145935, "var": 0.536864161491, "dmean2": 0.233577355742, "dvar": 0.0448319353163, "min": 4.29715251923, "median": 7.01266622543, "max": 9.82197666168}, "spectral_energy": {"dmean": 0.0105419913307, "dvar2": 0.00186146900523, "mean": 0.0425759144127, "var": 0.00223767315038, "dmean2": 0.0172415226698, "dvar": 0.000689593260176, "min": 9.97885568604e-21, "median": 0.0246704164892, "max": 0.436942577362}, "spectral_centroid": {"dmean": 105.081954956, "dvar2": 106409.429688, "mean": 679.720947266, "var": 431860.4375, "dmean2": 165.16192627, "dvar": 47251.5195312, "min": 79.0644226074, "median": 591.14654541, "max": 11811.59375}, "barkbands_flatness_db": {"dmean": 0.0175185669214, "dvar2": 0.000942487560678, "mean": 0.201137334108, "var": 0.00564711587504, "dmean2": 0.0261816401035, "dvar": 0.000450648687547, "min": 0.0278289075941, "median": 0.188897445798, "max": 0.571692049503}, "spectral_rms": {"dmean": 0.00063818320632, "dvar2": 3.79940365747e-06, "mean": 0.00529836304486, "var": 1.34652318593e-05, "dmean2": 0.00101157836616, "dvar": 1.50145922362e-06, "min": 3.12017122209e-12, "median": 0.00490598613396, "max": 0.0206466801465}, "melbands": {"dmean": [0.00108336680569, 0.00207386515103, 0.00083000754239, 0.000495895103086, 0.000202458817512, 0.000226203963393, 0.000258285494056, 0.000114526854304, 6.92011308274e-05, 5.72784229007e-05, 4.61260424345e-05, 3.15698343911e-05, 1.74023207364e-05, 1.10522432806e-05, 7.99018016551e-06, 7.07822164259e-06, 7.26487314751e-06, 1.01167388493e-05, 7.22468166714e-06, 4.51822370451e-06, 8.17626187199e-06, 4.01361830882e-06, 2.79119331026e-06, 2.6306968266e-06, 1.99850228455e-06, 1.59120020271e-06, 9.35309401484e-07, 9.29490056478e-07, 7.20649325103e-07, 5.47160254882e-07, 4.79222478589e-07, 3.67758559605e-07, 3.67618838482e-07, 3.507340125e-07, 3.81834354357e-07, 6.33933325389e-07, 5.83931637266e-07, 5.92677906752e-07, 5.86288024351e-07, 4.37582713175e-07], "dvar2": [3.15459292324e-05, 9.14311749511e-05, 1.85130757018e-05, 5.646075806e-06, 4.24059152238e-07, 4.43383157744e-07, 7.29903263164e-07, 1.7765928817e-07, 6.32553209812e-08, 4.62690827874e-08, 3.05386649302e-08, 1.35545139557e-08, 5.16008213935e-09, 2.25043383928e-09, 1.29086219491e-09, 1.30921573582e-09, 1.01492503291e-09, 1.22205279229e-09, 6.77724265596e-10, 2.53616405654e-10, 2.53895326985e-09, 2.6091317995e-10, 1.34057362433e-10, 9.40453756537e-11, 6.16880990734e-11, 4.14866092868e-11, 1.64125674856e-11, 1.72795805442e-11, 1.61949429561e-11, 1.31087415228e-11, 1.52689111355e-11, 4.44772647532e-12, 2.9870006208e-12, 2.82010417622e-12, 3.1940470234e-12, 1.31841187273e-11, 1.41524873418e-11, 1.40090829562e-11, 1.41160078418e-11, 6.77040628422e-12], "mean": [0.00364844291471, 0.00648128474131, 0.00151875172742, 0.000850331271067, 0.000480239075841, 0.000645746127702, 0.000651965616271, 0.000260258995695, 0.000169163075043, 0.000158181472216, 0.000117560186482, 8.1683130702e-05, 4.17784576712e-05, 2.45355167863e-05, 1.65461697179e-05, 1.48269837155e-05, 1.55804373208e-05, 1.82766416401e-05, 1.29100308186e-05, 1.02823705674e-05, 1.71373612829e-05, 9.02283045434e-06, 6.62797037876e-06, 5.74599880565e-06, 4.48841774414e-06, 3.34001515512e-06, 2.03320041692e-06, 1.97639678845e-06, 1.43494787608e-06, 1.02661590518e-06, 8.35097921481e-07, 7.06328421529e-07, 7.10500728474e-07, 6.84033807374e-07, 7.9419606891e-07, 1.09023153527e-06, 1.03665411189e-06, 1.10838732326e-06, 1.04788171029e-06, 7.87110252531e-07], "var": [3.44174331985e-05, 9.29924717639e-05, 7.75657099439e-06, 2.12883878703e-06, 3.98570449534e-07, 1.05503863779e-06, 9.88549231806e-07, 2.61920519051e-07, 1.02268998603e-07, 9.70061861949e-08, 4.86240523401e-08, 2.86073849054e-08, 6.35899644053e-09, 3.2717004661e-09, 1.74925118834e-09, 1.4719767627e-09, 2.03570826862e-09, 1.21308818546e-09, 6.25089424666e-10, 3.43952089032e-10, 1.76184999923e-09, 3.15298537279e-10, 1.87868304247e-10, 1.22913013101e-10, 7.17284565077e-11, 4.62329133311e-11, 1.77554655006e-11, 1.60572891789e-11, 1.08090550399e-11, 7.93380378755e-12, 7.92426627788e-12, 3.80540520969e-12, 3.39599398949e-12, 2.87880309868e-12, 4.16058550459e-12, 1.19655353334e-11, 1.43771192868e-11, 1.31416284105e-11, 1.19134086277e-11, 5.54030562747e-12], "dmean2": [0.00175225688145, 0.00339610711671, 0.00143413769547, 0.000831096200272, 0.000329229224008, 0.000331733346684, 0.000395094975829, 0.000173533611814, 0.000101854813693, 8.36003164295e-05, 6.71155139571e-05, 4.68291218567e-05, 2.67864306807e-05, 1.67455000337e-05, 1.2653583326e-05, 1.10445189421e-05, 1.14500471682e-05, 1.60948729899e-05, 1.16809342217e-05, 7.24805295249e-06, 1.32641534947e-05, 6.50518768452e-06, 4.43456929133e-06, 4.26554152e-06, 3.14654926115e-06, 2.49960658039e-06, 1.47890580138e-06, 1.47183186527e-06, 1.14451904665e-06, 8.69727614372e-07, 7.61933222293e-07, 5.73819306737e-07, 5.90313106841e-07, 5.63999094538e-07, 5.93944150751e-07, 9.78188268164e-07, 8.70937299169e-07, 8.9927539193e-07, 9.04111004729e-07, 6.68346331167e-07], "dvar": [1.23018426166e-05, 3.3868214814e-05, 6.41658243694e-06, 2.04377079172e-06, 1.48048115989e-07, 1.88392064615e-07, 2.86012692641e-07, 7.81416602536e-08, 2.86000556571e-08, 2.02382324233e-08, 1.22568222238e-08, 5.96748384041e-09, 2.05474237625e-09, 1.00457497876e-09, 5.22783427659e-10, 5.57927926081e-10, 4.31703034431e-10, 5.07601238819e-10, 2.65945460098e-10, 1.04255701294e-10, 9.60456381094e-10, 1.08345887817e-10, 5.81206853478e-11, 3.75285150178e-11, 2.58256818708e-11, 1.73084480776e-11, 6.74574328688e-12, 6.72416722997e-12, 6.31360849018e-12, 5.26857247066e-12, 6.1977875089e-12, 1.85776069007e-12, 1.21057580193e-12, 1.14566017263e-12, 1.34861512149e-12, 5.79372791062e-12, 6.48814899376e-12, 6.18221012577e-12, 6.03218993853e-12, 2.8640518776e-12], "min": [1.44625478793e-24, 9.99448211338e-25, 9.16673036553e-25, 1.68175875877e-24, 9.12725083546e-25, 2.85518284719e-24, 2.4648779399e-24, 9.48229247699e-25, 9.51839075202e-25, 2.63583612819e-24, 2.80087549311e-24, 3.09211899501e-24, 4.59908905415e-24, 2.71846437763e-24, 4.31777218345e-24, 3.33202816237e-24, 2.93863072311e-24, 3.74801976124e-24, 3.54234321286e-24, 4.78034483548e-24, 3.12469244229e-24, 2.95472703545e-24, 5.60048762547e-24, 4.976555053e-24, 4.39614630325e-24, 5.52348257378e-24, 4.11223368573e-24, 5.62482358997e-24, 5.23667759776e-24, 4.35686970764e-24, 4.24035692409e-24, 4.64302150683e-24, 5.86441287423e-24, 6.24866544344e-24, 6.79491730485e-24, 4.48421434027e-24, 7.11702025651e-24, 5.35440088837e-24, 6.26328895247e-24, 4.9176326654e-24], "median": [0.000458760972833, 0.00122604367789, 0.000646178668831, 0.000432872009696, 0.000274734076811, 0.000340757280355, 0.000316606106935, 8.96396522876e-05, 7.23557386664e-05, 5.8884081227e-05, 4.19725256506e-05, 2.96216494462e-05, 1.53572837007e-05, 6.98696021573e-06, 4.75043361803e-06, 4.34536104876e-06, 5.03316368849e-06, 7.27880706108e-06, 4.01177749154e-06, 3.26919303006e-06, 3.23550921166e-06, 1.86143552128e-06, 1.45281705954e-06, 1.80226413704e-06, 1.22327173813e-06, 7.74159730099e-07, 4.9946515901e-07, 4.18519135792e-07, 2.86412557671e-07, 1.88463488371e-07, 1.31980797846e-07, 1.05806542194e-07, 7.27580555804e-08, 6.96214357276e-08, 8.45094163537e-08, 1.005876058e-07, 1.0207790524e-07, 1.51406410964e-07, 1.37619522889e-07, 1.03304593324e-07], "max": [0.0625847280025, 0.098187983036, 0.0475599691272, 0.0345357619226, 0.00621890230104, 0.0187148824334, 0.0140194147825, 0.00817212928087, 0.00523572601378, 0.00473472336307, 0.0049676252529, 0.00296882772818, 0.00130021281075, 0.00155535712838, 0.000983065576293, 0.000902951171156, 0.00119571899995, 0.000647580716759, 0.000432226050179, 0.000275554601103, 0.00214002211578, 0.00055171304848, 0.000277169863693, 0.000296047714073, 0.000174742526724, 0.000106864972622, 8.71398369782e-05, 0.000100364515674, 9.70025794231e-05, 8.7531429017e-05, 0.000149998581037, 6.61280937493e-05, 4.65514713142e-05, 3.57278477168e-05, 3.51841226802e-05, 6.26675973763e-05, 7.98171677161e-05, 7.14137568139e-05, 7.34934510547e-05, 6.24639724265e-05]}, "barkbands_crest": {"dmean": 1.77393305302, "dvar2": 9.26393318176, "mean": 12.8590764999, "var": 20.5879039764, "dmean2": 2.85510158539, "dvar": 3.57314991951, "min": 3.03056097031, "median": 12.2821292877, "max": 26.3998088837}, "mfcc": {"icov": [[6.71788438922e-05, -2.71105800493e-05, 6.65501211188e-05, -4.5172044338e-05, 9.58740420174e-05, 0.000116749441077, -0.000131241002236, -0.000133551802719, -9.1027795861e-05, -0.000197509507416, 0.000209039906622, -3.3643165807e-05, 9.45368374232e-05], [-2.71105800493e-05, 0.000768729310948, 0.00038140945253, 0.000146972350194, -0.000523543276358, 0.000143437820952, -1.78006685019e-05, 1.25099541037e-05, -6.97140785633e-05, 0.000549477874301, -0.000382158992579, 0.00033082862501, -0.000314421660732], [6.65501211188e-05, 0.00038140945253, 0.00243922136724, 1.65949336406e-06, -4.27664672316e-05, -0.000780498550739, -0.000141489290399, 1.56238493219e-05, -0.000751120620407, -0.000121946883155, -0.000122944897157, -0.000920336402487, 0.000743476557545], [-4.5172044338e-05, 0.000146972350194, 1.65949336406e-06, 0.00387372076511, -0.00118099094834, -0.000571819837205, -5.0204434956e-05, -0.000888485752512, -0.00034439668525, -0.000479390029795, 0.000497835571878, 0.00095688959118, -0.00131811026949], [9.58740420174e-05, -0.000523543276358, -4.27664672316e-05, -0.00118099094834, 0.00486028147861, -0.00190620461944, 0.000984943122603, -0.00136308651417, 3.63858816854e-05, 0.000760102004278, 0.000163977165357, -0.00112727319356, 0.000597549718805], [0.000116749441077, 0.000143437820952, -0.000780498550739, -0.000571819837205, -0.00190620461944, 0.00745880976319, -0.0022932284046, 0.000497975328472, -0.00145503715612, 0.00114816357382, 0.0004782404867, 0.000702459132299, -0.00219610985368], [-0.000131241002236, -1.78006685019e-05, -0.000141489290399, -5.0204434956e-05, 0.000984943122603, -0.0022932284046, 0.00899668131024, -0.00419979402795, 0.000861213193275, -0.00236230692826, -0.000621583836619, 0.000168458733242, 0.00236380822025], [-0.000133551802719, 1.25099541037e-05, 1.56238493219e-05, -0.000888485752512, -0.00136308651417, 0.000497975328472, -0.00419979402795, 0.0123661421239, -0.00540902791545, 0.00275852670893, -0.00208419654518, 0.00123064802028, -0.00259318784811], [-9.1027795861e-05, -6.97140785633e-05, -0.000751120620407, -0.00034439668525, 3.63858816854e-05, -0.00145503715612, 0.000861213193275, -0.00540902791545, 0.0157096032053, -0.00769596453756, 0.00348617252894, -0.00313908839598, 0.000757688714657], [-0.000197509507416, 0.000549477874301, -0.000121946883155, -0.000479390029795, 0.000760102004278, 0.00114816357382, -0.00236230692826, 0.00275852670893, -0.00769596453756, 0.0166593696922, -0.00898732244968, 0.0029661487788, -0.00319474213757], [0.000209039906622, -0.000382158992579, -0.000122944897157, 0.000497835571878, 0.000163977165357, 0.0004782404867, -0.000621583836619, -0.00208419654518, 0.00348617252894, -0.00898732244968, 0.0163981840014, -0.00936843454838, 0.00211956165731], [-3.3643165807e-05, 0.00033082862501, -0.000920336402487, 0.00095688959118, -0.00112727319356, 0.000702459132299, 0.000168458733242, 0.00123064802028, -0.00313908839598, 0.0029661487788, -0.00936843454838, 0.018352728337, -0.00980894081295], [9.45368374232e-05, -0.000314421660732, 0.000743476557545, -0.00131811026949, 0.000597549718805, -0.00219610985368, 0.00236380822025, -0.00259318784811, 0.000757688714657, -0.00319474213757, 0.00211956165731, -0.00980894081295, 0.0162978265435]], "mean": [-731.885314941, 150.969177246, 25.5162811279, 16.1848640442, 18.5010528564, -6.3354716301, -3.67795872688, 0.248912632465, 2.03257751465, 2.01997709274, -1.56581556797, 0.0559644438326, 0.315292328596], "cov": [[21795.390625, 445.666931152, -690.500366211, 200.210266113, -598.602050781, -421.40914917, 581.946960449, 428.401611328, 370.110473633, 404.856445312, -161.489334106, -254.677017212, -191.336120605], [445.666931152, 1673.13684082, -329.001312256, -12.8319730759, 169.733169556, -33.4717102051, -46.1808013916, 1.58523404598, -59.8753662109, -109.884963989, -47.8502502441, -52.2456626892, -4.0968132019], [-690.500366211, -329.001312256, 564.503356934, 36.7148017883, 36.7469711304, 101.678039551, 40.137752533, 37.3853530884, 72.1371536255, 61.3059120178, 68.7034988403, 84.2473678589, 37.7899589539], [200.210266113, -12.8319730759, 36.7148017883, 351.226745605, 120.705619812, 86.0362472534, 38.6920471191, 78.3842315674, 57.2488174438, 27.4587974548, -0.699522316456, 14.9896564484, 51.1835899353], [-598.602050781, 169.733169556, 36.7469711304, 120.705619812, 335.327209473, 115.313591003, -12.2544441223, 51.2348022461, 19.6916446686, -30.6491107941, 1.75954723358, 36.291721344, 42.6960906982], [-421.40914917, -33.4717102051, 101.678039551, 86.0362472534, 115.313591003, 216.427841187, 45.1483039856, 46.2876586914, 42.2245063782, 5.62246894836, 9.04349708557, 31.7409343719, 46.9372291565], [581.946960449, -46.1808013916, 40.137752533, 38.6920471191, -12.2544441223, 45.1483039856, 185.21987915, 83.2568054199, 52.8153800964, 61.2790565491, 34.5879325867, 9.21057701111, 0.549809455872], [428.401611328, 1.58523404598, 37.3853530884, 78.3842315674, 51.2348022461, 46.2876586914, 83.2568054199, 159.452865601, 80.1651229858, 46.5554351807, 37.9964904785, 36.6959953308, 42.3770294189], [370.110473633, -59.8753662109, 72.1371536255, 57.2488174438, 19.6916446686, 42.2245063782, 52.8153800964, 80.1651229858, 140.144668579, 88.0606384277, 46.9196853638, 53.9919967651, 45.2399940491], [404.856445312, -109.884963989, 61.3059120178, 27.4587974548, -30.6491107941, 5.62246894836, 61.2790565491, 46.5554351807, 88.0606384277, 166.688339233, 104.871124268, 67.4352645874, 50.885219574], [-161.489334106, -47.8502502441, 68.7034988403, -0.699522316456, 1.75954723358, 9.04349708557, 34.5879325867, 37.9964904785, 46.9196853638, 104.871124268, 172.908691406, 114.334617615, 63.7077827454], [-254.677017212, -52.2456626892, 84.2473678589, 14.9896564484, 36.291721344, 31.7409343719, 9.21057701111, 36.6959953308, 53.9919967651, 67.4352645874, 114.334617615, 168.321853638, 102.432563782], [-191.336120605, -4.0968132019, 37.7899589539, 51.1835899353, 42.6960906982, 46.9372291565, 0.549809455872, 42.3770294189, 45.2399940491, 50.885219574, 63.7077827454, 102.432563782, 137.462356567]]}, "spectral_decrease": {"dmean": 2.74470424166e-09, "dvar2": 1.27771995183e-16, "mean": -1.09419291405e-08, "var": 1.50149136576e-16, "dmean2": 4.49491022181e-09, "dvar": 4.72573610995e-17, "min": -1.13426644077e-07, "median": -6.22195672761e-09, "max": 1.64562107248e-28}, "zerocrossingrate": {"dmean": 0.00750623783097, "dvar2": 0.000213817780605, "mean": 0.0385010875762, "var": 0.0019835580606, "dmean2": 0.00912668928504, "dvar": 0.000165555145941, "min": 0.00244140625, "median": 0.0283203125, "max": 0.52587890625}, "spectral_contrast_coeffs": {"dmean": [0.0410058014095, 0.0359509103, 0.0287113506347, 0.0242181643844, 0.0189113374799, 0.0122589431703], "dvar2": [0.00381880206987, 0.00249085761607, 0.00144736201037, 0.00108020845801, 0.000670393637847, 0.000334637064952], "mean": [-0.612381756306, -0.675695002079, -0.752386748791, -0.777663171291, -0.779234588146, -0.828578233719], "var": [0.011312902905, 0.00689945649356, 0.00541005656123, 0.00269039231353, 0.00312083750032, 0.00139139208477], "dmean2": [0.0690580755472, 0.0577942542732, 0.0456695109606, 0.0396476276219, 0.0301556009799, 0.0197772141546], "dvar": [0.00138619099744, 0.000946484156884, 0.000589192553889, 0.000415554997744, 0.000285227579297, 0.000140887961606], "min": [-0.978312969208, -0.979035258293, -0.978575229645, -0.967378497124, -0.968857824802, -0.964702010155], "median": [-0.619040489197, -0.672324180603, -0.747025489807, -0.774437487125, -0.77423119545, -0.828740596771], "max": [-0.263895601034, -0.38379791379, -0.505877435207, -0.585095822811, -0.550051629543, -0.651180624962]}, "spectral_skewness": {"dmean": 0.294119685888, "dvar2": 0.469985574484, "mean": 2.55822753906, "var": 1.20509779453, "dmean2": 0.477512717247, "dvar": 0.166387975216, "min": -0.0845855250955, "median": 2.32885575294, "max": 9.51752567291}, "spectral_energyband_middle_high": {"dmean": 0.000538533378858, "dvar2": 2.46993317887e-06, "mean": 0.00228318362497, "var": 9.30487021833e-06, "dmean2": 0.000803819450084, "dvar": 1.07456992282e-06, "min": 1.13451607544e-21, "median": 0.00127700238954, "max": 0.0293789263815}, "gfcc": {"icov": [[9.9220625998e-05, -0.000175012348336, 0.000172150335857, -0.000210528174648, 0.00026853356394, -0.000283921253867, 0.000286742724711, -0.000512920378242, 0.00042058917461, -0.000249634205829, 0.000303443142911, -0.000209317469853, 1.56732457981e-05], [-0.000175012348336, 0.00146575027611, 0.000209960970096, 0.000558243191335, -0.0013976318296, 0.000734355300665, -0.000788644014392, 0.00140864716377, -0.00145826488733, 0.00166496145539, -0.00167609355412, 0.00122994661797, -0.000802885158919], [0.000172150335857, 0.000209960970096, 0.00244195130654, -0.000586615758948, 6.89094595145e-05, -0.00132180924993, 2.7073903766e-05, -2.21825102926e-05, -0.000295451463899, -1.04270711745e-05, 4.67781910629e-06, -0.000495312851854, 0.000329791044351], [-0.000210528174648, 0.000558243191335, -0.000586615758948, 0.00339357415214, -0.00132794003002, -7.39676543162e-05, -0.0010603738483, 0.000296908721793, -0.000778495974373, 0.000631928443909, 0.00060747488169, -0.00032734774868, -0.00137051532511], [0.00026853356394, -0.0013976318296, 6.89094595145e-05, -0.00132794003002, 0.00429427903146, -0.00085602782201, 0.000344949250575, -0.000405392580433, -0.000709693005774, 0.00101467035711, 0.000377126008971, -0.00203346926719, 0.00170237757266], [-0.000283921253867, 0.000734355300665, -0.00132180924993, -7.39676543162e-05, -0.00085602782201, 0.0070511396043, -0.00254875444807, -0.000609690905549, -8.32297664601e-05, -0.000944604515098, -9.97764436761e-05, 0.00149648450315, -0.000420402357122], [0.000286742724711, -0.000788644014392, 2.7073903766e-05, -0.0010603738483, 0.000344949250575, -0.00254875444807, 0.00804866664112, -0.00367935094982, 0.00104671204463, -0.00101845245808, 0.000487421464641, 2.68417625193e-05, -8.80463776411e-05], [-0.000512920378242, 0.00140864716377, -2.21825102926e-05, 0.000296908721793, -0.000405392580433, -0.000609690905549, -0.00367935094982, 0.0107116745785, -0.00484948931262, 0.00132241204847, -0.0037504544016, 0.00175401975866, -0.000608532282058], [0.00042058917461, -0.00145826488733, -0.000295451463899, -0.000778495974373, -0.000709693005774, -8.32297664601e-05, 0.00104671204463, -0.00484948931262, 0.0130899641663, -0.00810203514993, 0.00195110274944, -0.00187639263459, 0.000784332572948], [-0.000249634205829, 0.00166496145539, -1.04270711745e-05, 0.000631928443909, 0.00101467035711, -0.000944604515098, -0.00101845245808, 0.00132241204847, -0.00810203514993, 0.015655240044, -0.00727808102965, 0.000321733910823, 0.00104356918018], [0.000303443142911, -0.00167609355412, 4.67781910629e-06, 0.00060747488169, 0.000377126008971, -9.97764436761e-05, 0.000487421464641, -0.0037504544016, 0.00195110274944, -0.00727808102965, 0.0178206060082, -0.00543178711087, 0.000162540804013], [-0.000209317469853, 0.00122994661797, -0.000495312851854, -0.00032734774868, -0.00203346926719, 0.00149648450315, 2.68417625193e-05, 0.00175401975866, -0.00187639263459, 0.000321733910823, -0.00543178711087, 0.0158495083451, -0.00544424448162], [1.56732457981e-05, -0.000802885158919, 0.000329791044351, -0.00137051532511, 0.00170237757266, -0.000420402357122, -8.80463776411e-05, -0.000608532282058, 0.000784332572948, 0.00104356918018, 0.000162540804013, -0.00544424448162, 0.0141520835459]], "mean": [-78.4059677124, 110.06628418, -74.1094665527, 9.1288728714, -42.1637535095, 2.27890276909, -42.5861778259, 12.9385204315, -17.335351944, 1.88373780251, -14.5347509384, -1.21578264236, -10.9175205231], "cov": [[30327.7539062, -550.769104004, -1373.47729492, 1015.44506836, -1706.66467285, 986.612854004, 43.078754425, 1191.68127441, -540.500732422, 180.558013916, -191.682113647, -33.2371101379, 357.682250977], [-550.769104004, 2003.87341309, -356.327270508, -145.893859863, 606.179931641, -300.54498291, -73.3823547363, -256.174743652, 10.4844512939, -237.254257202, 33.3259277344, -16.0642356873, 25.5030422211], [-1373.47729492, -356.327270508, 679.875976562, 138.388366699, 48.673500061, 166.479248047, 106.538856506, 66.5683746338, 102.510795593, 86.5047073364, 29.5577812195, 30.517999649, -19.1797046661], [1015.44506836, -145.893859863, 138.388366699, 487.463989258, 68.8980407715, 140.263839722, 103.107177734, 107.780799866, 39.5399208069, 25.120923996, -11.0555267334, 39.096446991, 46.8587608337], [-1706.66467285, 606.179931641, 48.673500061, 68.8980407715, 587.788879395, -70.2908477783, 17.6370429993, -92.7222442627, 79.8224716187, -75.196182251, 23.1585330963, 37.8863105774, -19.4234218597], [986.612854004, -300.54498291, 166.479248047, 140.263839722, -70.2908477783, 312.840393066, 133.424911499, 160.752975464, 48.5119056702, 92.7088165283, 15.9159622192, -0.324443221092, 7.21903181076], [43.078754425, -73.3823547363, 106.538856506, 103.107177734, 17.6370429993, 133.424911499, 225.357940674, 125.366149902, 63.0520324707, 60.9919013977, 28.9584827423, 5.20819377899, 5.60517311096], [1191.68127441, -256.174743652, 66.5683746338, 107.780799866, -92.7222442627, 160.752975464, 125.366149902, 272.556518555, 90.2038269043, 110.392845154, 47.250202179, 11.266828537, 12.1140298843], [-540.500732422, 10.4844512939, 102.510795593, 39.5399208069, 79.8224716187, 48.5119056702, 63.0520324707, 90.2038269043, 198.548248291, 112.750328064, 57.9904098511, 29.3074131012, -9.9658536911], [180.558013916, -237.254257202, 86.5047073364, 25.120923996, -75.196182251, 92.7088165283, 60.9919013977, 110.392845154, 112.750328064, 186.354690552, 68.4231719971, 23.5522518158, -8.03328990936], [-191.682113647, 33.3259277344, 29.5577812195, -11.0555267334, 23.1585330963, 15.9159622192, 28.9584827423, 47.250202179, 57.9904098511, 68.4231719971, 103.582321167, 34.0848426819, 3.90562963486], [-33.2371101379, -16.0642356873, 30.517999649, 39.096446991, 37.8863105774, -0.324443221092, 5.20819377899, 11.266828537, 29.3074131012, 23.5522518158, 34.0848426819, 94.5389633179, 30.7665214539], [357.682250977, 25.5030422211, -19.1797046661, 46.8587608337, -19.4234218597, 7.21903181076, 5.60517311096, 12.1140298843, -9.9658536911, -8.03328990936, 3.90562963486, 30.7665214539, 92.738822937]]}, "erbbands_spread": {"dmean": 6.29544210434, "dvar2": 182.030929565, "mean": 35.1881408691, "var": 482.294891357, "dmean2": 9.31544303894, "dvar": 89.4516906738, "min": 1.93493247032, "median": 30.900560379, "max": 186.472137451}, "erbbands_kurtosis": {"dmean": 1.33218801022, "dvar2": 17.9597644806, "mean": 2.87780094147, "var": 60.3098716736, "dmean2": 2.02191758156, "dvar": 8.78387355804, "min": -1.85105776787, "median": 0.962677955627, "max": 149.120559692}, "dynamic_complexity": 6.91939640045, "erbbands_crest": {"dmean": 1.98532772064, "dvar2": 9.87560081482, "mean": 10.9678459167, "var": 32.2330932617, "dmean2": 3.06698942184, "dvar": 4.07679462433, "min": 2.07803845406, "median": 9.40819549561, "max": 33.0065841675}, "erbbands": {"dmean": [0.0848864540458, 1.35442602634, 4.24348306656, 4.91134881973, 6.0092382431, 6.97638463974, 5.64342355728, 9.90699100494, 17.971622467, 11.8925466537, 8.18129634857, 9.15610218048, 8.72444915771, 7.06200361252, 3.99009490013, 3.37174153328, 2.97374486923, 3.5315258503, 5.24284887314, 3.49593424797, 6.12215805054, 3.49421143532, 2.53219389915, 2.30344581604, 1.47708833218, 1.26107788086, 0.99224281311, 0.793919682503, 0.59421646595, 0.591843247414, 0.728276073933, 0.929602205753, 0.816281557083, 0.531997859478, 0.290101617575, 0.156386524439, 0.0697609856725, 0.0145988976583, 0.00231863628142, 9.7049123724e-05], "dvar2": [0.241357088089, 43.069026947, 385.909210205, 780.929077148, 889.039855957, 821.098144531, 373.192565918, 884.496032715, 3775.89550781, 1944.68762207, 1037.73913574, 1230.27307129, 1159.30847168, 790.682739258, 232.662155151, 189.106231689, 190.623809814, 237.963500977, 325.5284729, 143.963500977, 1190.4173584, 183.543182373, 87.0202941895, 74.8519287109, 35.1747550964, 29.9141254425, 35.7057228088, 33.129863739, 9.29648399353, 7.51456212997, 11.7591571808, 31.8193664551, 25.8951416016, 10.3923988342, 2.23067426682, 0.653545737267, 0.206912979484, 0.00794716924429, 0.000240212728386, 4.478529263e-07], "mean": [0.249952286482, 4.6965341568, 11.5398845673, 8.60200023651, 9.13460445404, 13.3695764542, 12.9472074509, 28.1322689056, 45.2142715454, 27.8966197968, 20.4679069519, 25.4347743988, 23.2233715057, 18.8076839447, 10.5232439041, 7.95789241791, 6.71752691269, 8.15955352783, 10.5174503326, 8.03669548035, 13.9338674545, 8.85899734497, 6.38553857803, 5.6364030838, 3.57001590729, 2.96936988831, 2.14314222336, 1.53759622574, 1.25911355019, 1.26037144661, 1.52520906925, 1.73206424713, 1.59198117256, 1.00903344154, 0.522969007492, 0.243886590004, 0.0876041576266, 0.0176944062114, 0.00258083385415, 0.000140412943438], "var": [0.204905167222, 53.3038787842, 354.165008545, 315.416656494, 309.074310303, 410.298309326, 339.555358887, 2299.14135742, 5231.63085938, 2860.72998047, 1650.00732422, 2294.46704102, 1801.77087402, 1569.47119141, 319.350280762, 304.490844727, 212.856033325, 466.939697266, 378.900939941, 185.337432861, 1062.16162109, 279.409759521, 123.86100769, 100.576652527, 45.5543746948, 33.0270729065, 22.746257782, 21.6653556824, 10.0397291183, 9.17959308624, 15.4492235184, 35.1701622009, 26.2422790527, 9.35457801819, 1.72853159904, 0.423643261194, 0.0861421227455, 0.00333839282393, 8.83894244907e-05, 1.57263770006e-07], "dmean2": [0.136064738035, 2.20167136192, 7.00206184387, 8.47744750977, 10.3281087875, 11.5052852631, 9.16345214844, 14.3565940857, 27.352804184, 18.0981693268, 12.0532655716, 13.3835372925, 12.7681751251, 10.5881299973, 6.09747886658, 5.13106870651, 4.67429637909, 5.5380988121, 8.35867881775, 5.60394716263, 9.8603105545, 5.58839511871, 4.04917144775, 3.6097240448, 2.30662846565, 1.97879827023, 1.56031787395, 1.23545587063, 0.918190360069, 0.934668660164, 1.11031937599, 1.36850214005, 1.22385799885, 0.800639927387, 0.440939635038, 0.23401877284, 0.107494063675, 0.0227371565998, 0.00365078402683, 0.000154743640451], "dvar": [0.0970292016864, 16.3535785675, 142.019058228, 271.110351562, 317.927703857, 295.049438477, 129.189239502, 390.477630615, 1487.4675293, 850.204833984, 464.795074463, 529.179870605, 455.814086914, 336.56262207, 92.828453064, 84.6595077515, 77.1964035034, 99.2986984253, 135.367492676, 58.497959137, 467.096984863, 78.1709518433, 35.4569740295, 31.7623157501, 14.806388855, 12.0580415726, 13.8307466507, 14.1329584122, 3.99125599861, 3.10365104675, 5.30451059341, 14.8567018509, 11.6433963776, 4.53539896011, 0.940829455853, 0.278713285923, 0.0825518891215, 0.00322184176184, 9.55779541982e-05, 1.75936605729e-07], "min": [1.36838071917e-22, 8.93299929646e-22, 1.70604264583e-21, 5.59402295769e-21, 9.79245085812e-21, 3.05766247143e-20, 2.53926208075e-20, 1.17809983821e-19, 1.85312393751e-19, 7.34735747399e-20, 1.19289641916e-19, 4.84117741556e-19, 5.51559638053e-19, 8.0875935201e-19, 1.39678007749e-18, 1.46107548233e-18, 1.65218325855e-18, 1.98198161634e-18, 3.07215686003e-18, 3.79335392263e-18, 4.0647564311e-18, 3.86367296009e-18, 5.6395420541e-18, 6.77259668638e-18, 8.12870470674e-18, 1.00444227454e-17, 1.05207877883e-17, 9.25807507657e-18, 9.50882329874e-18, 1.30199948952e-17, 1.20512290859e-17, 1.15005435192e-17, 8.09927444773e-18, 6.67706559744e-18, 6.55306129745e-18, 3.96632152461e-18, 2.0292231419e-18, 1.00416655456e-18, 2.64541898321e-19, 2.76230470902e-20], "median": [0.0289772339165, 0.662768125534, 1.94409430027, 3.11943411827, 4.09819078445, 6.72771596909, 6.74662923813, 14.1499643326, 20.0101032257, 11.1880950928, 8.58422470093, 10.0603752136, 8.90533733368, 7.04065227509, 4.66737651825, 2.70402812958, 2.16484999657, 2.71908545494, 4.49782133102, 3.12789392471, 3.03459835052, 1.95232129097, 2.01659226418, 1.71842503548, 0.941639065742, 0.717871129513, 0.465833723545, 0.273959010839, 0.191577598453, 0.133583515882, 0.167436107993, 0.180460304022, 0.223681405187, 0.142312780023, 0.0706728622317, 0.0303789377213, 0.00802941899747, 0.00184062111657, 0.000229604294873, 4.99968627992e-05], "max": [6.10149431229, 76.6332321167, 241.53956604, 304.628326416, 380.551086426, 440.514038086, 202.987243652, 927.468261719, 1088.72509766, 894.18157959, 785.302734375, 708.074523926, 1025.0369873, 756.445129395, 294.860351562, 372.928161621, 245.951599121, 516.448303223, 367.796966553, 257.485748291, 1345.59387207, 413.254943848, 239.442138672, 185.741760254, 101.444671631, 134.678115845, 147.323303223, 193.84942627, 83.623550415, 72.9827651978, 73.113067627, 127.497680664, 97.7067718506, 81.4418563843, 39.4932098389, 18.1982593536, 10.6274013519, 2.00254511833, 0.495839625597, 0.02086151205]}, "silence_rate_30dB": {"dmean": 0.0492562800646, "dvar2": 0.110288225114, "mean": 0.873087465763, "var": 0.110811211169, "dmean2": 0.0985185652971, "dvar": 0.0468365736306, "min": 0, "median": 1, "max": 1}, "silence_rate_60dB": {"dmean": 0.0121921487153, "dvar2": 0.0261063203216, "mean": 0.229503199458, "var": 0.176798984408, "dmean2": 0.0243857838213, "dvar": 0.0120437070727, "min": 0, "median": 0, "max": 1}, "spectral_energyband_middle_low": {"dmean": 0.00419827084988, "dvar2": 0.000222109476454, "mean": 0.0137034282088, "var": 0.000207182383747, "dmean2": 0.00685742497444, "dvar": 8.07776450529e-05, "min": 1.54097767922e-22, "median": 0.0110762417316, "max": 0.176643326879}, "spectral_spread": {"dmean": 625513.625, "dvar2": 2321867341820.0, "mean": 5031517.5, "var": 10033508122600.0, "dmean2": 891111.125, "dvar": 1255498186750.0, "min": 713176.4375, "median": 4555921, "max": 50610852}, "barkbands": {"dmean": [4.4303775212e-05, 0.00502250902355, 0.00383184780367, 0.00151929608546, 0.00199456117116, 0.00105739152059, 0.00123076478485, 0.0003495994315