{"tonal": {"chords_key": "E", "hpcp_entropy": {"dmean": 0.642321527004, "dmean2": 1.10072541237, "max": 4.38102865219, "dvar": 0.259340047836, "mean": 2.29665613174, "dvar2": 0.743321895599, "min": 0, "var": 0.538995802402, "median": 2.32616949081}, "key_key": "F", "chords_strength": {"dmean": 0.00892023555934, "dmean2": 0.010825461708, "max": 0.792764008045, "dvar": 0.000473278807476, "mean": 0.474812835455, "dvar2": 0.000880179810338, "min": -1, "var": 0.0234973821789, "median": 0.47228872776}, "key_scale": "minor", "chords_number_rate": 0.00329815293662, "thpcp": [1, 0.581368744373, 0.177526026964, 0.169381275773, 0.116575285792, 0.0935208499432, 0.121536001563, 0.189701750875, 0.262197881937, 0.250267446041, 0.197078362107, 0.179826706648, 0.157377943397, 0.117010198534, 0.0871270298958, 0.0860915109515, 0.110471643507, 0.159418672323, 0.210269615054, 0.205707609653, 0.187588050961, 0.206501632929, 0.199628680944, 0.153917759657, 0.129267662764, 0.145177394152, 0.149983927608, 0.109960757196, 0.0630609467626, 0.039682880044, 0.0314198359847, 0.0336357280612, 0.0455865897238, 0.055477283895, 0.056498195976, 0.526543736458], "key_strength": 0.543502807617, "tuning_nontempered_energy_ratio": 0.758755922318, "tuning_frequency": 434.193115234, "chords_changes_rate": 0.0591468773782, "tuning_diatonic_strength": 0.390786707401, "chords_scale": "minor", "chords_histogram": [15.8311347961, 0, 0, 0.175901502371, 0.307827621698, 7.01407194138, 15.0835533142, 4.44151258469, 0, 4.26561117172, 18.9973621368, 2.30870723724, 1.51715040207, 0.549692153931, 3.95778369904, 1.73702728748, 1.16534745693, 4.48548793793, 0.901495158672, 1.49516272545, 0, 0.263852238655, 3.73790669441, 11.7634124756], "tuning_equal_tempered_deviation": 0.196459770203, "hpcp": {"dmean": [0.101505108178, 0.0893702208996, 0.0780733674765, 0.0838695168495, 0.0999901294708, 0.108916990459, 0.127336755395, 0.141800895333, 0.125742822886, 0.126153320074, 0.116954900324, 0.108756735921, 0.100522913039, 0.0912002921104, 0.0800149291754, 0.0662571936846, 0.0424007736146, 0.0310613438487, 0.0242592059076, 0.0234826076776, 0.0299537070096, 0.036538682878, 0.0390916056931, 0.104362286627, 0.163838595152, 0.126855969429, 0.0982711538672, 0.0955537036061, 0.0826896950603, 0.0763547569513, 0.0962854921818, 0.115889534354, 0.130457535386, 0.138592019677, 0.113471403718, 0.107212074101], "dmean2": [0.184200853109, 0.164810270071, 0.147322922945, 0.160352453589, 0.189675405622, 0.202553078532, 0.229474470019, 0.257527112961, 0.227508753538, 0.222190737724, 0.205722182989, 0.196658194065, 0.184418544173, 0.16309261322, 0.137189999223, 0.115608625114, 0.0756836012006, 0.0571821890771, 0.0448591932654, 0.0427987277508, 0.053515560925, 0.0653532519937, 0.0712793320417, 0.187453404069, 0.300666540861, 0.223184123635, 0.172097444534, 0.169428303838, 0.148361176252, 0.139717340469, 0.176685348153, 0.207547456026, 0.226696997881, 0.243251919746, 0.203064739704, 0.192430332303], "max": [1, 1, 1, 1, 1, 1, 1, 1, 1, 1, 1, 1, 1, 1, 1, 1, 1, 1, 1, 1, 1, 1, 1, 1, 1, 1, 1, 1, 1, 1, 1, 1, 1, 1, 1, 1], "dvar": [0.0446447916329, 0.040402572602, 0.0383313857019, 0.0463387928903, 0.053941719234, 0.051336672157, 0.0525754913688, 0.0545044317842, 0.0439348518848, 0.0382685102522, 0.0354050509632, 0.0352714955807, 0.029358772561, 0.0272365435958, 0.0205278210342, 0.0168311111629, 0.0112557075918, 0.0103486496955, 0.00695794634521, 0.00556520186365, 0.00619167461991, 0.00736634386703, 0.00958138145506, 0.028447329998, 0.08308121562, 0.0334160588682, 0.0300723575056, 0.0328034348786, 0.0271233525127, 0.0243602041155, 0.0335165821016, 0.0379503853619, 0.0419048890471, 0.0441392287612, 0.0376093238592, 0.0435911752284], "mean": [0.0944793075323, 0.0702451840043, 0.0523053072393, 0.0516836494207, 0.0663198679686, 0.0957044288516, 0.126231968403, 0.123493246734, 0.112615458667, 0.12396991998, 0.1198438555, 0.0924020409584, 0.0776037573814, 0.0871549099684, 0.0900404304266, 0.0660131648183, 0.0378576219082, 0.0238229762763, 0.0188623927534, 0.0201926659793, 0.0273671727628, 0.0333048924804, 0.0339177809656, 0.316102027893, 0.600333869457, 0.34901535511, 0.106574885547, 0.101685315371, 0.0699840933084, 0.0561437346041, 0.07296217978, 0.11388438195, 0.157406270504, 0.150244027376, 0.118312813342, 0.107956059277], "dvar2": [0.1271007061, 0.116931706667, 0.109187930822, 0.137345865369, 0.166053041816, 0.149021148682, 0.145148172975, 0.164406090975, 0.12664398551, 0.106602206826, 0.0959402322769, 0.100447967649, 0.0866159126163, 0.077545106411, 0.0548368953168, 0.0456838048995, 0.0311157293618, 0.0299883242697, 0.0202540326864, 0.0162736922503, 0.0178043004125, 0.0210587400943, 0.0277576949447, 0.0766855254769, 0.213195174932, 0.0892094671726, 0.0834322944283, 0.0907345861197, 0.0743654221296, 0.0672496259212, 0.0922729372978, 0.10530462116, 0.112651400268, 0.124491862953, 0.106459893286, 0.124962866306], "min": [0, 0, 0, 0, 0, 0, 0, 0, 0, 0, 0, 0, 0, 0, 0, 0, 0, 0, 0, 0, 0, 0, 0, 0, 0, 0, 0, 0, 0, 0, 0, 0, 0, 0, 0, 0], "var": [0.046876180917, 0.0331262387335, 0.0254097972065, 0.0278902873397, 0.0364724621177, 0.0512312315404, 0.0583633333445, 0.0476259402931, 0.0385847352445, 0.0449574142694, 0.0431828312576, 0.0339584127069, 0.0247453711927, 0.0298745688051, 0.0293665826321, 0.0185311827809, 0.00949605181813, 0.00659196730703, 0.0042899097316, 0.0035123899579, 0.00451089069247, 0.00586416851729, 0.0070786732249, 0.0567833296955, 0.199964359403, 0.057551510632, 0.0432830229402, 0.0452185682952, 0.0266380794346, 0.0193714443594, 0.0273012313992, 0.0417166650295, 0.0658086910844, 0.0567617341876, 0.0501529537141, 0.0511673279107], "median": [0.00943201966584, 0.00781587511301, 0.00481306901202, 0.0031756022945, 0.00394136551768, 0.008948802948, 0.022347394377, 0.0289458297193, 0.0266927536577, 0.0268193595111, 0.0269504487514, 0.0161087568849, 0.0162302181125, 0.0201929435134, 0.0225963369012, 0.0176425091922, 0.00944711454213, 0.00429294165224, 0.00356248719618, 0.00507727591321, 0.00763545650989, 0.00927955005318, 0.00854445435107, 0.478752881289, 1, 0.486348211765, 0.0191828869283, 0.0157475527376, 0.0100932568312, 0.00720632215962, 0.00989059917629, 0.0250863339752, 0.0384431630373, 0.0383611619473, 0.0218113772571, 0.0103377271444]}}, "lowlevel": {"melbands_flatness_db": {"dmean": 0.0517779923975, "dmean2": 0.0843169316649, "max": 0.67202937603, "dvar": 0.00207265233621, "mean": 0.393316298723, "dvar2": 0.00608137901872, "min": 0.00246721948497, "var": 0.00829472765326, "median": 0.395523995161}, "melbands_crest": {"dmean": 3.30153822899, "dmean2": 5.42141532898, "max": 39.0220375061, "dvar": 9.91244792938, "mean": 26.3002414703, "dvar2": 25.8127479553, "min": 1.61941659451, "var": 67.361579895, "median": 28.1727867126}, "spectral_entropy": {"dmean": 0.386894673109, "dmean2": 0.63084769249, "max": 9.8245344162, "dvar": 0.118786454201, "mean": 7.00921440125, "dvar2": 0.329940885305, "min": 4.96345090866, "var": 0.354476243258, "median": 6.97057723999}, "melbands": {"dmean": [0.00844895187765, 0.00212334888056, 0.00122499745339, 0.00102183932904, 0.000413703150116, 0.000236728024902, 0.000197133878828, 0.000162372612976, 8.63149034558e-05, 5.48213320144e-05, 4.99893139931e-05, 3.82438993256e-05, 3.55756346835e-05, 2.47736279562e-05, 1.76162302523e-05, 9.20571710594e-06, 7.10332142262e-06, 4.03264903071e-06, 3.15764145853e-06, 2.48463516073e-06, 1.93033133655e-06, 2.16213629756e-06, 2.44491889134e-06, 2.37039330386e-06, 1.50095058871e-06, 6.99414954397e-07, 6.67928645726e-07, 6.47460581149e-07, 4.71430070093e-07, 4.30569912169e-07, 3.00839190004e-07, 2.45512921992e-07, 1.85834480249e-07, 1.48159983837e-07, 1.26895812969e-07, 1.02244868572e-07, 8.50789518836e-08, 7.44859178781e-08, 6.2287078606e-08, 5.23678842512e-08], "dmean2": [0.0142566915601, 0.00356140406802, 0.00199243589304, 0.00168167438824, 0.000647062901407, 0.000364445906598, 0.000317459576763, 0.000267703726422, 0.00013710973144, 8.87895876076e-05, 8.10948695289e-05, 6.28124907962e-05, 5.83223554713e-05, 4.01505385526e-05, 2.80889071291e-05, 1.46556303662e-05, 1.132536363e-05, 6.59168654238e-06, 5.09225719725e-06, 4.00590897698e-06, 3.09750066663e-06, 3.3236544823e-06, 3.8191042222e-06, 3.65581718142e-06, 2.28010594583e-06, 1.13821727155e-06, 1.04585285499e-06, 9.9952887922e-07, 7.17857403743e-07, 6.63872413043e-07, 4.67247247116e-07, 3.83138512916e-07, 2.95308808518e-07, 2.42044876586e-07, 2.08267053381e-07, 1.68825280866e-07, 1.41344798976e-07, 1.23809527963e-07, 1.0442115439e-07, 8.85315856181e-08], "max": [0.226144060493, 0.0693849250674, 0.035348970443, 0.0418478511274, 0.017421554774, 0.0247535668314, 0.0120738111436, 0.00603320635855, 0.0103457318619, 0.00369557901286, 0.00402854755521, 0.00325830560178, 0.00173218548298, 0.00171837990638, 0.00186877383385, 0.000629572372418, 0.000447547063231, 0.000179444847163, 0.000481427035993, 0.000496167456731, 0.000249667937169, 0.000339267222444, 0.000431726773968, 0.000389888475183, 0.000276066333754, 0.000205286283744, 0.000262628484052, 0.000160389608936, 6.463315367e-05, 8.67227572598e-05, 3.56428754458e-05, 3.25650980812e-05, 1.55185571202e-05, 6.98448548064e-06, 3.62253945241e-06, 2.41152065428e-06, 2.01313127945e-06, 1.75298464455e-06, 1.54185420342e-06, 1.36312166887e-06], "dvar": [0.000158119539265, 1.02191206679e-05, 2.79253549706e-06, 2.73584601018e-06, 6.75427031638e-07, 3.31644116613e-07, 1.63671529663e-07, 8.73421086567e-08, 5.50735421712e-08, 1.56616248859e-08, 1.41069858017e-08, 8.47603676135e-09, 5.618457255e-09, 3.98071398067e-09, 2.72080935559e-09, 4.94973562137e-10, 2.75100747738e-10, 6.09865699608e-11, 1.00856503704e-10, 7.20446272084e-11, 3.27892921148e-11, 7.16843251425e-11, 1.34660990692e-10, 1.11881240383e-10, 4.16380159518e-11, 9.08727953997e-12, 1.02099041027e-11, 7.92514838477e-12, 2.16896791326e-12, 2.6223957901e-12, 6.12997879453e-13, 3.79554596303e-13, 1.4106558532e-13, 6.62374885843e-14, 5.1199889055e-14, 2.85891237984e-14, 1.79685588376e-14, 1.4172877993e-14, 9.60062802505e-15, 7.11534526638e-15], "mean": [0.0253384113312, 0.00390197150409, 0.00227374024689, 0.00172665261198, 0.000713963818271, 0.000463599368231, 0.000375807576347, 0.000264137430349, 0.000142918550409, 8.44160385896e-05, 7.8401841165e-05, 6.31497678114e-05, 5.76889979129e-05, 4.23288984166e-05, 3.0523417081e-05, 1.61831103469e-05, 1.18064763228e-05, 6.49556659482e-06, 4.5135475375e-06, 3.40486849382e-06, 2.71733574664e-06, 3.04996433442e-06, 3.55210295311e-06, 3.59040654985e-06, 2.17107185563e-06, 9.01057944702e-07, 8.92790183116e-07, 8.77240211139e-07, 6.16563511358e-07, 5.36569473297e-07, 3.82182150815e-07, 2.97781610925e-07, 2.18748553493e-07, 1.6180865714e-07, 1.31367883682e-07, 1.04336734807e-07, 8.54883595025e-08, 7.40297281254e-08, 6.1206577584e-08, 5.04343660168e-08], "dvar2": [0.000415028596763, 2.77326453215e-05, 6.88623504175e-06, 7.10414224159e-06, 1.49336051436e-06, 7.59725878652e-07, 4.01556945917e-07, 2.19236227395e-07, 1.0696724928e-07, 3.65715528972e-08, 3.50249358405e-08, 2.18466542634e-08, 1.41605340787e-08, 9.70769953312e-09, 6.56617382688e-09, 1.11922981993e-09, 6.61979193683e-10, 1.53178150719e-10, 2.44891468215e-10, 1.76179321132e-10, 6.58249080243e-11, 1.41247499807e-10, 3.08655767611e-10, 2.47246167984e-10, 8.5216812773e-11, 2.29968977888e-11, 2.23385008408e-11, 1.59298615965e-11, 3.3915370512e-12, 5.54878192005e-12, 9.72762777447e-13, 7.13972880383e-13, 2.77441427037e-13, 1.51913339764e-13, 1.20531026566e-13, 6.84442872387e-14, 4.40996557034e-14, 3.51550047211e-14, 2.42590117509e-14, 1.81938323321e-14], "min": [3.84057375441e-25, 1.35979602715e-24, 1.49789569354e-24, 1.42775294286e-24, 1.23714659601e-24, 1.63684723111e-24, 1.91397830724e-24, 1.85097178953e-24, 1.11198908023e-24, 3.34270736687e-24, 1.38630490901e-24, 1.95181325955e-24, 2.76319949627e-24, 2.34045189539e-24, 3.22016058626e-24, 2.69970743467e-24, 3.46989541062e-24, 3.56753509144e-24, 3.2095208248e-24, 4.11757151305e-24, 1.8097378328e-24, 3.45680347504e-24, 3.715231941e-24, 4.20872675723e-24, 4.18108901542e-24, 4.44039311699e-24, 4.16611051898e-24, 4.45079345916e-24, 4.65790928426e-24, 5.51187487999e-24, 4.76021152746e-24, 5.70003989956e-24, 5.15361291102e-24, 6.48900099011e-24, 5.74024656218e-24, 5.14136229559e-24, 6.30673862227e-24, 4.44960543464e-24, 6.41178965129e-24, 5.92110396875e-24], "var": [0.000446949183242, 1.66165082192e-05, 7.58503983889e-06, 6.26109613222e-06, 1.49904417412e-06, 1.40164547702e-06, 5.51933453607e-07, 2.00759160407e-07, 1.63902157624e-07, 2.55095073953e-08, 2.3476598443e-08, 1.4383810587e-08, 1.11988986973e-08, 9.62167234775e-09, 6.91997792401e-09, 1.45690604025e-09, 6.55176357611e-10, 1.17657786292e-10, 1.39576794567e-10, 9.28600252248e-11, 7.31148128152e-11, 1.54286208809e-10, 2.42729419897e-10, 2.35896913114e-10, 8.23771606484e-11, 1.11055773952e-11, 1.74954304516e-11, 1.55570556437e-11, 5.85399610731e-12, 5.21174726639e-12, 1.61485863744e-12, 8.68453746417e-13, 3.10390791845e-13, 9.84397161225e-14, 6.05704180388e-14, 3.35305784874e-14, 2.07594951293e-14, 1.59196301839e-14, 1.04763118617e-14, 7.5131991828e-15], "median": [0.0231112223119, 0.00280111748725, 0.00143732293509, 0.000901211169548, 0.000316497433232, 0.000199258385692, 0.000166796875419, 0.000120915698062, 6.48702261969e-05, 4.41563570348e-05, 3.51530761691e-05, 3.07770533254e-05, 2.29186734941e-05, 1.33678722705e-05, 7.78759476816e-06, 5.15817009727e-06, 4.09647964261e-06, 3.11406893161e-06, 2.07801463148e-06, 1.45588705891e-06, 9.89626300907e-07, 8.16959186523e-07, 6.92287699167e-07, 5.53565314476e-07, 3.95963724031e-07, 2.78274598031e-07, 2.50716880146e-07, 2.12983735537e-07, 1.62880283483e-07, 1.26123239852e-07, 1.05172482279e-07, 8.45021617124e-08, 6.70526318913e-08, 5.38681916851e-08, 4.44941683497e-08, 3.62410048638e-08, 3.0528951811e-08, 2.59497117128e-08, 2.19012310509e-08, 1.82836750184e-08]}, "silence_rate_60dB": {"dmean": 0.00197932706214, "dmean2": 0.00395908951759, "max": 1, "dvar": 0.00197530677542, "mean": 0.0884002223611, "dvar2": 0.00482279993594, "min": 0, "var": 0.0805850625038, "median": 0}, "spectral_energyband_middle_high": {"dmean": 0.00073512387462, "dmean2": 0.00113611062989, "max": 0.0330652706325, "dvar": 1.56907299242e-06, "mean": 0.00177958793938, "dvar2": 3.5056100387e-06, "min": 1.09588698317e-21, "var": 6.39194149699e-06, "median": 0.000977160059847}, "erbbands_skewness": {"dmean": 0.401021659374, "dmean2": 0.644342958927, "max": 5.6022439003, "dvar": 0.11798286438, "mean": 0.724810183048, "dvar2": 0.29936555028, "min": -2.63516068459, "var": 0.531151354313, "median": 0.758854746819}, "dynamic_complexity": 4.62275600433, "dissonance": {"dmean": 0.0298271682113, "dmean2": 0.0505274683237, "max": 0.500000059605, "dvar": 0.000693280540872, "mean": 0.446833968163, "dvar2": 0.00196215207689, "min": 0.18951177597, "var": 0.00116904196329, "median": 0.452888339758}, "spectral_skewness": {"dmean": 0.866000592709, "dmean2": 1.42586612701, "max": 8.890625, "dvar": 0.786335349083, "mean": 3.38066053391, "dvar2": 2.18435740471, "min": -0.0722461566329, "var": 1.52838456631, "median": 3.16898345947}, "spectral_kurtosis": {"dmean": 11.0549001694, "dmean2": 18.4216060638, "max": 121.719734192, "dvar": 168.476989746, "mean": 20.9833393097, "dvar2": 461.395019531, "min": -1.26414072514, "var": 241.121963501, "median": 16.3048591614}, "gfcc": {"cov": [[29642.8730469, 2485.94921875, -1360.85668945, 248.656143188, -4.67804765701, -493.552825928, 131.351089478, -301.818237305, -25.8459415436, -120.266136169, 73.6179351807, 28.2980976105, -43.5136909485], [2485.94921875, 1164.25463867, 29.4566955566, -309.443756104, 112.685806274, -106.353485107, 118.826179504, -127.061027527, 42.4356765747, -71.9875183105, 98.026222229, -59.7070541382, 55.6863479614], [-1360.85668945, 29.4566955566, 316.766082764, 17.338388443, -25.053691864, 98.8873062134, -22.50598526, 50.0846557617, 25.0625667572, 18.2233848572, -13.832649231, -19.8588638306, 31.3813991547], [248.656143188, -309.443756104, 17.338388443, 303.33682251, 17.7976284027, 28.1253070831, -24.641954422, 66.1611633301, 12.3414516449, 43.6827697754, -36.7529983521, 30.9519462585, -20.2781295776], [-4.67804765701, 112.685806274, -25.053691864, 17.7976284027, 170.554504395, -24.0484638214, 78.3933334351, -38.4984436035, 26.3855743408, -20.0032730103, 18.8610267639, 2.03964018822, 7.71849489212], [-493.552825928, -106.353485107, 98.8873062134, 28.1253070831, -24.0484638214, 188.308120728, -15.6839122772, 55.499912262, -29.6592121124, 16.4827156067, -9.57805156708, -0.22824794054, 19.0607032776], [131.351089478, 118.826179504, -22.50598526, -24.641954422, 78.3933334351, -15.6839122772, 116.256690979, -11.1913833618, 30.5023708344, -19.368719101, 10.4582929611, 6.77067327499, 11.9129190445], [-301.818237305, -127.061027527, 50.0846557617, 66.1611633301, -38.4984436035, 55.499912262, -11.1913833618, 102.161224365, 28.9187755585, 31.965461731, -11.5342988968, 5.32673358917, 5.2513217926], [-25.8459415436, 42.4356765747, 25.0625667572, 12.3414516449, 26.3855743408, -29.6592121124, 30.5023708344, 28.9187755585, 90.6389846802, 34.6007232666, 3.06552267075, 0.76542031765, 6.52761220932], [-120.266136169, -71.9875183105, 18.2233848572, 43.6827697754, -20.0032730103, 16.4827156067, -19.368719101, 31.965461731, 34.6007232666, 69.3159255981, 23.5264873505, 11.1436061859, -8.8090429306], [73.6179351807, 98.026222229, -13.832649231, -36.7529983521, 18.8610267639, -9.57805156708, 10.4582929611, -11.5342988968, 3.06552267075, 23.5264873505, 65.8778152466, 18.5162830353, 4.41280221939], [28.2980976105, -59.7070541382, -19.8588638306, 30.9519462585, 2.03964018822, -0.22824794054, 6.77067327499, 5.32673358917, 0.76542031765, 11.1436061859, 18.5162830353, 49.8314590454, 15.4383611679], [-43.5136909485, 55.6863479614, 31.3813991547, -20.2781295776, 7.71849489212, 19.0607032776, 11.9129190445, 5.2513217926, 6.52761220932, -8.8090429306, 4.41280221939, 15.4383611679, 58.0521697998]], "mean": [-65.3803863525, 128.2603302, -44.9546089172, 1.78112411499, -20.8348083496, 0.853647649288, -5.55725717545, -3.15219688416, -6.14149904251, -3.45334219933, -1.5271910429, -0.93425989151, -1.65337705612], "icov": [[0.000102655896626, -0.00047260907013, 0.000606741581578, -0.000557226128876, 0.000404851074563, -0.000220137037104, 8.25744136819e-05, 0.000143436016515, -0.000111476125312, -1.47048222061e-05, 0.000336807803251, -0.000212529077544, 3.74158880732e-05], [-0.00047260907013, 0.00430795643479, -0.00313117145561, 0.00278880354017, -0.00121505872812, 0.00116923917085, -0.00131419079844, 0.00106421532109, -0.00174294109456, 0.00323336175643, -0.00637710420415, 0.00485969381407, -0.00198980653659], [0.000606741581578, -0.00313117145561, 0.00830627791584, -0.00409677904099, 0.00312889902852, -0.00402613636106, 0.00176251179073, 0.000937956443522, -0.00350516941398, 0.000944955740124, 0.00147097476292, 0.00115201366134, -0.00188409665134], [-0.000557226128876, 0.00278880354017, -0.00409677904099, 0.0106981741264, -0.0073390849866, 0.00310490652919, 0.000843723770231, -0.00568058900535, 0.00544280325994, -0.00760441785678, 0.00684654060751, -0.005458697211, 0.00232111057267], [0.000404851074563, -0.00121505872812, 0.00312889902852, -0.0073390849866, 0.0153842782602, -0.00374402198941, -0.0055801239796, 0.00842529721558, -0.00904261507094, 0.00972093641758, -0.00905876420438, 0.00509313959628, -0.00139319372829], [-0.000220137037104, 0.00116923917085, -0.00402613636106, 0.00310490652919, -0.00374402198941, 0.0115613704547, -0.00215620012023, -0.00706003652886, 0.0113790575415, -0.00876580644399, 0.00390408770181, 0.000607240130194, -0.00331063987687], [8.25744136819e-05, -0.00131419079844, 0.00176251179073, 0.000843723770231, -0.0055801239796, -0.00215620012023, 0.0165301375091, -0.00183536414988, -0.00658110855147, 0.00640703318641, 0.000441713142209, -0.00538999447599, 0.00200029811822], [0.000143436016515, 0.00106421532109, 0.000937956443522, -0.00568058900535, 0.00842529721558, -0.00706003652886, -0.00183536414988, 0.0227181576192, -0.0130772497505, 0.00546041922644, -0.00636589713395, 0.00460575753823, -0.00232710898854], [-0.000111476125312, -0.00174294109456, -0.00350516941398, 0.00544280325994, -0.00904261507094, 0.0113790575415, -0.00658110855147, -0.0130772497505, 0.0357072278857, -0.0294704586267, 0.0181570202112, -0.00370987737551, -0.00349665689282], [-1.47048222061e-05, 0.00323336175643, 0.000944955740124, -0.00760441785678, 0.00972093641758, -0.00876580644399, 0.00640703318641, 0.00546041922644, -0.0294704586267, 0.0517974346876, -0.0322020612657, 0.0062332819216, 0.00546105997637], [0.000336807803251, -0.00637710420415, 0.00147097476292, 0.00684654060751, -0.00905876420438, 0.00390408770181, 0.000441713142209, -0.00636589713395, 0.0181570202112, -0.0322020612657, 0.0470443852246, -0.0222184006125, 0.00377843948081], [-0.000212529077544, 0.00485969381407, 0.00115201366134, -0.005458697211, 0.00509313959628, 0.000607240130194, -0.00538999447599, 0.00460575753823, -0.00370987737551, 0.0062332819216, -0.0222184006125, 0.0416340380907, -0.0155577650294], [3.74158880732e-05, -0.00198980653659, -0.00188409665134, 0.00232111057267, -0.00139319372829, -0.00331063987687, 0.00200029811822, -0.00232710898854, -0.00349665689282, 0.00546105997637, 0.00377843948081, -0.0155577650294, 0.0271362550557]]}, "spectral_complexity": {"dmean": 2.1071035862, "dmean2": 3.40547680855, "max": 53, "dvar": 4.91425609589, "mean": 11.1792192459, "dvar2": 10.7015686035, "min": 0, "var": 36.5218429565, "median": 11}, "spectral_flux": {"dmean": 0.0374151580036, "dmean2": 0.0616387873888, "max": 0.721037864685, "dvar": 0.00187592685688, "mean": 0.129061594605, "dvar2": 0.00488999299705, "min": 6.38229816219e-11, "var": 0.00523935165256, "median": 0.125507295132}, "spectral_energyband_low": {"dmean": 0.0297945719212, "dmean2": 0.0502099320292, "max": 0.771044492722, "dvar": 0.00187620788347, "mean": 0.0974789783359, "dvar2": 0.00490277027711, "min": 1.30766529807e-23, "var": 0.00543383136392, "median": 0.0967662632465}, "spectral_decrease": {"dmean": 9.5659435928e-09, "dmean2": 1.59314819115e-08, "max": 9.0593462579e-17, "dvar": 1.78417286239e-16, "mean": -3.21294209016e-08, "dvar2": 4.6634854749e-16, "min": -2.51220910741e-07, "var": 5.0498457895e-16, "median": -3.29652536379e-08}, "barkbands_spread": {"dmean": 1.80589425564, "dmean2": 2.88532710075, "max": 124.802734375, "dvar": 9.47594833374, "mean": 5.94370317459, "dvar2": 21.1928310394, "min": 0.248413771391, "var": 101.125587463, "median": 3.78980660439}, "spectral_rms": {"dmean": 0.00147215253673, "dmean2": 0.00241339183412, "max": 0.0307474136353, "dvar": 2.72933311862e-06, "mean": 0.0103915408254, "dvar2": 6.93050651535e-06, "min": 3.126118071e-12, "var": 2.05627129617e-05, "median": 0.0115186795592}, "spectral_centroid": {"dmean": 109.186882019, "dmean2": 171.229660034, "max": 11822.2617188, "dvar": 35028.6835938, "mean": 574.759643555, "dvar2": 64930.8398438, "min": 139.793167114, "var": 1196457.625, "median": 397.377563477}, "barkbands_skewness": {"dmean": 0.984545767307, "dmean2": 1.5890583992, "max": 14.2768201828, "dvar": 0.837269544601, "mean": 4.15734672546, "dvar2": 2.20967173576, "min": -2.22980070114, "var": 4.2208199501, "median": 3.91395735741}, "spectral_rolloff": {"dmean": 1172.67663574, "dmean2": 2274.80395508, "max": 22050, "dvar": 19944510, "mean": 2183.15380859, "dvar2": 53504968, "min": 21.533203125, "var": 36673068, "median": 172.265625}, "erbbands_spread": {"dmean": 7.14999198914, "dmean2": 11.5412874222, "max": 125.582427979, "dvar": 46.4953079224, "mean": 27.7358894348, "dvar2": 119.41746521, "min": 4.2378411293, "var": 194.820831299, "median": 24.5769786835}, "barkbands": {"dmean": [0.0197792313993, 0.021130733192, 0.00327225029469, 0.00242174253799, 0.00433450983837, 0.00128100183792, 0.00105003314093, 0.000517850159667, 0.000390775065171, 0.000332820811309, 0.000244173017563, 0.000216339307372, 0.000108039064799, 6.99823431205e-05, 4.184320278e-05, 3.22073501593e-05, 3.64415100194e-05, 4.86571298097e-05, 2.28547614824e-05, 1.92783372768e-05, 1.62062842719e-05, 1.07584992293e-05, 7.68924928707e-06, 6.53499000691e-06, 5.69219673707e-06, 8.42584813654e-06, 3.9367005229e-05], "dmean2": [0.0323921628296, 0.0355033949018, 0.00537366559729, 0.0039181788452, 0.00712355226278, 0.00198099529371, 0.00172459415626, 0.000828640360851, 0.000634671130683, 0.000538240361493, 0.000400986435125, 0.000348021480022, 0.000170203187736, 0.000111660221592, 6.82684185449e-05, 5.21920410392e-05, 5.64034635318e-05, 7.34314962756e-05, 3.65647829312e-05, 2.97516526189e-05, 2.4527156711e-05, 1.6881582269e-05, 1.26075046865e-05, 1.08313106466e-05, 9.61795012699e-06, 1.336186142e-05, 5.49197757209e-05], "max": [0.686364412308, 0.5431381464, 0.0652114227414, 0.0764552354813, 0.168203517795, 0.109528578818, 0.0578439198434, 0.0559543147683, 0.0309572927654, 0.0274573676288, 0.0136890886351, 0.0174195691943, 0.00672395853326, 0.00467547914013, 0.00500373914838, 0.00569636235014, 0.00422200048342, 0.00691277813166, 0.00497269025072, 0.00396131817251, 0.00233941688202, 0.0011829433497, 0.000171248684637, 0.000154500812641, 0.000147793762153, 0.00020323022909, 0.00317374709994], "dvar": [0.000944617262576, 0.000918266829103, 2.34857161558e-05, 1.21074153867e-05, 4.63424585178e-05, 8.25997631182e-06, 4.04482625527e-06, 1.81909149433e-06, 7.87975352523e-07, 5.7382550267e-07, 2.79536379821e-07, 3.22208506986e-07, 7.39222798529e-08, 2.44807853989e-08, 1.45673473284e-08, 1.07566471286e-08, 1.8963870474e-08, 4.5171898222e-08, 8.63692495301e-09, 5.17206322215e-09, 2.40374320448e-09, 5.6054227926e-10, 1.70979647107e-10, 1.05756139956e-10, 8.37300437317e-11, 2.6455948543e-10, 1.05891801994e-08], "mean": [0.0491007380188, 0.0537176802754, 0.00485236523673, 0.00391672877595, 0.00772215332836, 0.00243277079426, 0.00185098929796, 0.000835371203721, 0.000607780995779, 0.000533990329131, 0.00038157729432, 0.000370335415937, 0.000186168137589, 0.000116226554383, 6.11536597717e-05, 4.43738463218e-05, 5.26892217749e-05, 7.59201138862e-05, 3.09918214043e-05, 2.74651338259e-05, 2.11629976548e-05, 1.31321676236e-05, 8.0943455032e-06, 6.55059102428e-06, 5.51291032025e-06, 9.36894866754e-06, 8.51856239024e-05], "dvar2": [0.00246918573976, 0.00241046049632, 6.3688159571e-05, 2.88533574349e-05, 0.00012027995399, 1.89028996829e-05, 1.00660745375e-05, 3.54289409188e-06, 1.80669144356e-06, 1.49482730194e-06, 7.14764382792e-07, 7.78414914748e-07, 1.64048330475e-07, 5.85675259401e-08, 3.64947965181e-08, 2.49736853419e-08, 3.81474087874e-08, 9.54170431555e-08, 2.12211954675e-08, 9.61907353769e-09, 3.97025257115e-09, 1.05127517802e-09, 3.99020150255e-10, 2.60066385094e-10, 2.13993364695e-10, 5.65025637389e-10, 1.67917182381e-08], "min": [2.37468431716e-25, 1.85075583885e-24, 3.49308816775e-25, 2.23359614983e-24, 6.55981111712e-24, 8.27152292447e-24, 9.06657638779e-24, 4.47662037077e-24, 2.4967659065e-23, 8.619749005e-24, 1.56289343423e-23, 2.40509316956e-23, 1.28112809611e-23, 3.714236083e-23, 3.91923673535e-23, 4.51894047064e-23, 6.44325936384e-23, 1.0483980363e-22, 1.18577153652e-22, 1.8027120088e-22, 2.52110403247e-22, 3.52357181008e-22, 3.9621365691e-22, 6.15875194521e-22, 7.89073708339e-22, 1.2755229049e-21, 1.98203016474e-21], "var": [0.00222534942441, 0.00246778246947, 3.80212040909e-05, 3.14534154313e-05, 0.00011105939484, 3.22664927808e-05, 9.60238776315e-06, 5.49064452571e-06, 1.3152982774e-06, 9.8690361483e-07, 5.30576926394e-07, 8.11110169252e-07, 2.22094499236e-07, 5.66764306598e-08, 1.98958609587e-08, 1.71027192408e-08, 4.20893222497e-08, 1.04380312393e-07, 1.29562991447e-08, 1.28750565764e-08, 6.34885832795e-09, 1.32440125533e-09, 2.15698445216e-10, 1.21820734056e-10, 8.8665456921e-11, 3.51178891522e-10, 3.34243885902e-08], "median": [0.042410928756, 0.0419867411256, 0.00283954408951, 0.00214577466249, 0.00426683761179, 0.00105737103149, 0.000885377055965, 0.000371688598534, 0.000316966150422, 0.000251299730735, 0.000150415100507, 0.000105829385575, 5.47710660612e-05, 4.41050979134e-05, 2.96519556287e-05, 1.81154209713e-05, 1.41586997415e-05, 1.18780708362e-05, 8.3047316366e-06, 7.13822055332e-06, 5.36911011295e-06, 3.94821199734e-06, 2.75359479929e-06, 2.32973866332e-06, 2.03397007681e-06, 3.33056573254e-06, 3.78800104954e-05]}, "melbands_kurtosis": {"dmean": 23.7626438141, "dmean2": 39.9687767029, "max": 1171.13232422, "dvar": 2607.90161133, "mean": 48.2568359375, "dvar2": 7975.33056641, "min": -1.4422223568, "var": 5101.83105469, "median": 26.6624622345}, "erbbands_crest": {"dmean": 2.66942191124, "dmean2": 4.46506071091, "max": 25.2369041443, "dvar": 5.63111400604, "mean": 8.7297706604, "dvar2": 15.1531982422, "min": 2.20097756386, "var": 12.5673666, "median": 8.00602817535}, "melbands_skewness": {"dmean": 1.16222286224, "dmean2": 1.90298902988, "max": 25.0447731018, "dvar": 1.61074078083, "mean": 4.72459506989, "dvar2": 4.50774288177, "min": -0.464363008738, "var": 7.43124675751, "median": 4.17971849442}, "spectral_energyband_middle_low": {"dmean": 0.00685477443039, "dmean2": 0.0110109969974, "max": 0.221187785268, "dvar": 9.37582517508e-05, "mean": 0.017530195415, "dvar2": 0.000231870188145, "min": 2.01606695058e-22, "var": 0.000370590802049, "median": 0.0120827099308}, "spectral_contrast_coeffs": {"dmean": [0.0512419380248, 0.0464618504047, 0.0364545173943, 0.0329126417637, 0.0317949391901, 0.0218489542603], "dmean2": [0.0859672501683, 0.0780393630266, 0.0612696930766, 0.0545198135078, 0.0528217330575, 0.03469324857], "max": [-0.375779360533, -0.446407794952, -0.630117893219, -0.609921813011, -0.662844002247, -0.520357489586], "dvar": [0.00164979905821, 0.00136015762109, 0.000840646622237, 0.0007273874362, 0.000712085398845, 0.000670793757308], "mean": [-0.713731050491, -0.775760233402, -0.815922319889, -0.848346471786, -0.879524290562, -0.833723664284], "dvar2": [0.00468505406752, 0.00377433514223, 0.00232600257732, 0.00197438662872, 0.0019088962581, 0.0014860247029], "min": [-0.977234661579, -0.976325452328, -0.98185557127, -0.983523607254, -0.971286058426, -0.964169621468], "var": [0.0071583064273, 0.0047765346244, 0.00280834804289, 0.0032900525257, 0.00290553318337, 0.00217751204036], "median": [-0.715162396431, -0.778400182724, -0.815640807152, -0.851556479931, -0.883119881153, -0.844862937927]}, "spectral_contrast_valleys": {"dmean": [0.338413953781, 0.376766502857, 0.355738013983, 0.464043259621, 0.649114489555, 0.738468408585], "dmean2": [0.574025154114, 0.633219182491, 0.587485253811, 0.763845682144, 1.06478726864, 1.21052885056], "max": [-4.54295063019, -4.42607831955, -5.21476268768, -6.07998609543, -5.58704710007, -8.52795124054], "dvar": [0.0923948585987, 0.122014284134, 0.117398835719, 0.199188515544, 0.341907680035, 0.393353760242], "mean": [-6.47353076935, -6.79972839355, -7.56235074997, -8.43679237366, -8.70538806915, -11.1626529694], "dvar2": [0.224860608578, 0.306238889694, 0.292841374874, 0.537861466408, 0.958343207836, 1.11199855804], "min": [-28.4953632355, -28.0534076691, -27.6351642609, -27.7788639069, -27.5375080109, -27.4033737183], "var": [6.23474025726, 6.04932355881, 5.63100719452, 5.34530925751, 5.3996257782, 4.28180551529], "median": [-5.91861152649, -6.27774953842, -7.07036685944, -7.97986793518, -8.26243972778, -10.7543392181]}, "silence_rate_20dB": {"dmean": 0.0114361112937, "dmean2": 0.0228747390211, "max": 1, "dvar": 0.0113046066836, "mean": 0.987575590611, "dvar2": 0.0260894969106, "min": 0, "var": 0.0122686866671, "median": 1}, "silence_rate_30dB": {"dmean": 0.0637783184648, "dmean2": 0.127570658922, "max": 1, "dvar": 0.0597119927406, "mean": 0.374271571636, "dvar2": 0.139448076487, "min": 0, "var": 0.234195441008, "median": 0}, "spectral_strongpeak": {"dmean": 0.374648422003, "dmean2": 0.704614520073, "max": 137.44644165, "dvar": 10.8579025269, "mean": 0.445071309805, "dvar2": 31.4473400116, "min": 0, "var": 6.3477640152, "median": 0.355297595263}, "spectral_spread": {"dmean": 883818.875, "dmean2": 1440974.25, "max": 42912620, "dvar": 728883986432, "mean": 4379040, "dvar2": 1778343084030.0, "min": 1240865.5, "var": 15074354790400.0, "median": 3906386.75}, "barkbands_flatness_db": {"dmean": 0.0440129674971, "dmean2": 0.0714369267225, "max": 0.541829228401, "dvar": 0.00158791861031, "mean": 0.268121629953, "dvar2": 0.00466841831803, "min": 0.0258992034942, "var": 0.00568812293932, "median": 0.267311751842}, "pitch_salience": {"dmean": 0.0756210833788, "dmean2": 0.123556986451, "max": 0.920056700706, "dvar": 0.00427757855505, "mean": 0.382559537888, "dvar2": 0.0110487733036, "min": 0.0327345244586, "var": 0.0251406356692, "median": 0.36759391427}, "erbbands_kurtosis": {"dmean": 1.28190875053, "dmean2": 2.10630464554, "max": 52.7905273438, "dvar": 3.34008145332, "mean": 1.58659541607, "dvar2": 8.46085166931, "min": -1.66420924664, "var": 6.15193510056, "median": 1.05293369293}, "average_loudness": 0.885069787502, "barkbands_crest": {"dmean": 2.53823184967, "dmean2": 4.17725658417, "max": 24.956609726, "dvar": 4.87008428574, "mean": 14.6131906509, "dvar2": 12.4304246902, "min": 3.42056632042, "var": 16.0798282623, "median": 14.4683218002}, "hfc": {"dmean": 32.7050704956, "dmean2": 51.939239502, "max": 789.385803223, "dvar": 1697.74194336, "mean": 115.723197937, "dvar2": 4328.16162109, "min": 1.0696199709e-16, "var": 9416.24804688, "median": 95.1269454956}, "barkbands_kurtosis": {"dmean": 16.4350986481, "dmean2": 26.9576816559, "max": 394.879150391, "dvar": 514.199645996, "mean": 38.5932044983, "dvar2": 1387.71923828, "min": -1.86004018784, "var": 1523.88867188, "median": 26.0507450104}, "erbbands": {"dmean": [1.23000085354, 2.69324660301, 3.47478580475, 5.72991037369, 16.8316516876, 10.3368749619, 12.2695627213, 10.4655818939, 12.9710407257, 16.6976547241, 11.0127630234, 8.8777589798, 9.76142787933, 8.94811153412, 9.13084602356, 8.40654659271, 5.0344080925, 3.72039079666, 2.29700565338, 2.08965611458, 1.64414072037, 2.06093335152, 2.57800579071, 1.8286819458, 0.918427169323, 0.95396733284, 0.734877467155, 0.566415131092, 0.408109486103, 0.281609714031, 0.212450325489, 0.146500766277, 0.103548318148, 0.0646883919835, 0.0402029193938, 0.0255510751158, 0.0162175204605, 0.00995905511081, 0.00400761747733, 0.00160559546202], "dmean2": [2.07731533051, 4.47446155548, 5.84198522568, 9.00459194183, 28.4109973907, 16.5251541138, 19.1809329987, 16.1177768707, 20.8748321533, 27.6986675262, 17.3508472443, 14.3021450043, 15.7855443954, 14.6124696732, 14.8217840195, 13.492061615, 7.93660545349, 5.90852737427, 3.72595214844, 3.34027886391, 2.60839724541, 3.13669323921, 3.9177672863, 2.72863221169, 1.44718456268, 1.47453522682, 1.1092107296, 0.860831618309, 0.634042441845, 0.455194920301, 0.348344027996, 0.242307305336, 0.17219440639, 0.109199866652, 0.0678620487452, 0.0421094670892, 0.0255439840257, 0.0145559469238, 0.00551047455519, 0.00240602740087], "max": [34.063117981, 100.68296814, 82.9787979126, 120.821060181, 727.16394043, 355.039794922, 558.214294434, 1146.02160645, 863.407470703, 665.174377441, 1480.22973633, 404.146697998, 775.663696289, 744.810180664, 408.646026611, 714.28515625, 310.964172363, 251.783599854, 134.27053833, 265.636962891, 214.287155151, 268.786743164, 412.312835693, 341.028076172, 385.001739502, 204.276824951, 95.38331604, 60.6894073486, 49.6657714844, 15.8611822128, 5.29535770416, 3.43820142746, 2.46450805664, 1.67081356049, 1.04157340527, 0.578074455261, 0.459024876356, 0.724390208721, 0.528688907623, 0.0726931616664], "dvar": [3.43890285492, 16.6741733551, 29.7832508087, 58.7392044067, 788.384216309, 266.519561768, 680.039978027, 708.985046387, 740.992492676, 963.953613281, 1043.99377441, 377.227966309, 538.993408203, 437.561676025, 337.297332764, 525.554931641, 152.17401123, 75.9838485718, 21.8427429199, 44.3552856445, 22.3462791443, 62.4691467285, 136.605300903, 57.1437416077, 24.1457538605, 13.8594388962, 5.37333726883, 2.49251294136, 0.906879842281, 0.25040987134, 0.13476651907, 0.0537166818976, 0.0268324669451, 0.0106953931972, 0.00416423892602, 0.00165555055719, 0.00104753789492, 0.000663820188493, 0.000182530769962, 6.87171313984e-06], "mean": [3.45715117455, 5.12089776993, 5.49946928024, 10.2594032288, 25.8804798126, 18.5901832581, 20.5531463623, 20.0875320435, 24.4655952454, 26.7302513123, 18.8131999969, 14.2339658737, 15.7502145767, 15.4945869446, 16.2516822815, 14.8816108704, 9.40257930756, 6.59281873703, 3.89236283302, 3.03372216225, 2.42063689232, 3.07701015472, 3.98904871941, 2.786277771, 1.25440180302, 1.33338975906, 0.980511188507, 0.731512725353, 0.503116488457, 0.320582956076, 0.221345603466, 0.148543015122, 0.103027075529, 0.0630578547716, 0.0393675193191, 0.0263448115438, 0.0182915460318, 0.0136431446299, 0.00719467177987, 0.005862231832], "dvar2": [9.13411235809, 43.5356788635, 83.3089675903, 137.111526489, 2085.11181641, 647.653076172, 1496.34729004, 1633.28771973, 1838.23486328, 2448.08764648, 1965.53894043, 884.340209961, 1333.44848633, 1114.9420166, 829.276916504, 1253.05712891, 341.734466553, 181.574295044, 54.3734283447, 106.697113037, 43.8539657593, 118.433906555, 298.98336792, 111.009460449, 60.6428031921, 27.0613536835, 8.34096050262, 4.05292272568, 1.62030160427, 0.542613446712, 0.315925598145, 0.130731344223, 0.0666787624359, 0.0273061804473, 0.0106334239244, 0.00400441745296, 0.00219831662253, 0.00112016592175, 0.000261145818513, 1.3965670405e-05], "min": [2.7779086756e-23, 8.52359739983e-22, 1.53100801723e-21, 5.94708286861e-21, 1.57481068399e-20, 3.39524909658e-20, 4.98166421983e-20, 7.88466104193e-20, 1.32170795683e-19, 2.24257918146e-19, 1.95209777801e-19, 5.02160411872e-19, 3.97183669965e-19, 5.80848190689e-19, 8.62304717615e-19, 9.62652634362e-19, 1.61164623866e-18, 2.01471563472e-18, 2.45144342351e-18, 3.05567942223e-18, 2.31036301375e-18, 3.77157177556e-18, 5.68857856158e-18, 6.0865682415e-18, 6.44985438601e-18, 8.25216141316e-18, 1.02119747959e-17, 1.01133996823e-17, 1.13876341928e-17, 1.16169468566e-17, 1.17278080838e-17, 1.12858107409e-17, 7.8415572289e-18, 8.08864600403e-18, 6.55471483149e-18, 3.91941169849e-18, 2.41226504777e-18, 1.05575357006e-18, 2.30977649099e-19, 2.87506622862e-20], "var": [10.2471666336, 31.7109165192, 43.1365470886, 149.740463257, 1704.35473633, 661.584777832, 1391.02563477, 2868.8059082, 2503.52026367, 1991.00842285, 3211.55615234, 659.751831055, 898.766601562, 786.279785156, 786.93182373, 1278.46984863, 509.69229126, 194.029891968, 40.7206802368, 62.7418022156, 50.9558525085, 148.868057251, 288.021575928, 126.761009216, 29.334104538, 31.396238327, 14.7714557648, 6.59683656693, 2.21991610527, 0.447870403528, 0.163584321737, 0.0630033686757, 0.0302105303854, 0.0113719170913, 0.00442964723334, 0.00193812791258, 0.00140653597191, 0.00159270479344, 0.000577728322241, 3.14851095027e-05], "median": [2.75427746773, 3.34401297569, 3.56307196617, 6.31730794907, 12.3523569107, 10.2052030563, 8.56439781189, 8.47546386719, 10.066778183, 12.1479072571, 8.70588874817, 7.64417982101, 7.36924695969, 7.86992454529, 6.70275497437, 4.57294988632, 2.90440940857, 2.33057951927, 1.96490287781, 1.38177239895, 0.964158296585, 0.803000211716, 0.695053875446, 0.52030313015, 0.384160190821, 0.33790281415, 0.254688799381, 0.193600356579, 0.146040037274, 0.104916259646, 0.0755366235971, 0.0532345995307, 0.0363771356642, 0.0235509518534, 0.0149008473381, 0.0100267492235, 0.00647263275459, 0.00370678096078, 0.00236757192761, 0.00469202455133]}, "spectral_energy": {"dmean": 0.0365774892271, "dmean2": 0.0607165843248, "max": 0.969038546085, "dvar": 0.00256022182293, "mean": 0.131760179996, "dvar2": 0.00668503995985, "min": 1.00169294202e-20, "var": 0.00770344212651, "median": 0.135996967554}, "zerocrossingrate": {"dmean": 0.0266675446182, "dmean2": 0.0368243418634, "max": 0.57373046875, "dvar": 0.000600065628532, "mean": 0.118344500661, "dvar2": 0.00106266164221, "min": 0.0009765625, "var": 0.00788004882634, "median": 0.09619140625}, "spectral_energyband_high": {"dmean": 8.82623426151e-05, "dmean2": 0.00