{"metadata": {"version": {"essentia_git_sha": "v2.1_beta2-1-ge3940c0", "essentia_build_sha": "2d9f1f26377add8aeb1075a9c2973f962c4f09fd", "extractor": "music 1.0", "essentia": "2.1-beta2"}, "audio_properties": {"analysis_sample_rate": 44100, "md5_encoded": "8dbd984abe736f7eb180b1be91c69ee9", "downmix": "mix", "sample_rate": 44100, "equal_loudness": 0, "lossless": true, "codec": "flac", "bit_rate": 0, "length": 150.78666687, "replay_gain": -14.2726917267}, "tags": {"album": ["Ten Kens"], "title": ["Spanish Fly"], "musicbrainz_recordingid": ["13b20253-39e0-4507-8181-40f1b4008bab"], "file_name": "05 - Spanish Fly.flac", "artist": ["Ten Kens"], "tracknumber": ["5"], "date": ["2008-09-16"], "totaltracks": ["11"]}}, "rhythm": {"beats_loudness": {"var": 0.00081827287795, "mean": 0.0488679781556, "dmean2": 0.034222278744, "dvar": 0.000271380238701, "dmean": 0.0187282636762, "max": 0.103228896856, "min": 4.59985782797e-09, "median": 0.052705578506, "dvar2": 0.000924166757613}, "beats_position": [0.359909296036, 0.743038535118, 1.1261677742, 1.50929701328, 1.89242625237, 2.27555561066, 2.67029476166, 3.12308382988, 3.5758728981, 4.02866220474, 4.48145103455, 4.93424034119, 5.38702917099, 5.85142850876, 6.30421733856, 6.76861667633, 7.23301553726, 7.72063493729, 8.20825386047, 8.6958732605, 9.18349170685, 9.67111110687, 10.1471195221, 10.6115188599, 11.0759181976, 11.5287075043, 11.9814968109, 12.445895195, 12.9102945328, 13.3746938705, 13.8390922546, 14.3034915924, 14.7678909302, 15.2206802368, 15.6734695435, 16.1262588501, 16.5326080322, 16.9389572144, 17.3453063965, 17.7516555786, 18.1580047607, 18.5643539429, 18.970703125, 19.365442276, 19.7717914581, 20.1781406403, 20.5844898224, 21.0604991913, 21.5248966217, 21.9892959595, 22.4653053284, 22.9413146973, 23.4173240662, 23.8933334351, 24.3577327728, 24.8221302032, 25.2749195099, 25.7393188477, 26.1921081543, 26.6448974609, 27.0976867676, 27.5620861053, 28.0264854431, 28.4792747498, 28.9436721802, 29.4080715179, 29.8608608246, 30.3252601624, 30.7896595001, 31.2540588379, 31.7184581757, 32.1828575134, 32.6472549438, 33.1000442505, 33.5528335571, 34.0172348022, 34.4700202942, 34.9228096008, 35.3872108459, 35.8400001526, 36.2927894592, 36.7571868896, 37.2215881348, 37.6859855652, 38.1503829956, 38.6147842407, 39.0675735474, 39.520362854, 39.9731521606, 40.4259414673, 40.8903388977, 41.3431282043, 41.795917511, 42.2603149414, 42.7247161865, 43.1775054932, 43.6302947998, 44.0946922302, 44.5590934753, 45.0234909058, 45.4878921509, 45.9406776428, 46.4166870117, 46.8810882568, 47.3454856873, 47.8098869324, 48.262676239, 48.7270736694, 49.1798629761, 49.6326522827, 50.0854415894, 50.5498390198, 51.0142402649, 51.4786376953, 51.931427002, 52.3958282471, 52.8602256775, 53.3130149841, 53.7774124146, 54.2302017212, 54.6829910278, 55.1357803345, 55.5885696411, 56.0529708862, 56.5057601929, 56.9585494995, 57.4229469299, 57.8873443604, 58.3517456055, 58.8161430359, 59.280544281, 59.7449417114, 60.2093429565, 60.673740387, 61.1381378174, 61.6025390625, 62.0669364929, 62.5081176758, 62.9609069824, 63.4136962891, 63.8780937195, 64.3308868408, 64.7836685181, 65.2480697632, 65.7124710083, 66.1652603149, 66.6180496216, 67.0708389282, 67.5236282349, 67.98802948, 68.4524230957, 68.9168243408, 69.3812255859, 69.8456192017, 70.3100204468, 70.7744216919, 71.238822937, 71.7148284912, 72.1792297363, 72.632019043, 73.0848083496, 73.5492019653, 74.0252151489, 74.4663925171, 74.9307937622, 75.3951950073, 75.859588623, 76.3239898682, 76.7767791748, 77.217956543, 77.6707458496, 78.1351470947, 78.5995483398, 79.0639419556, 79.5283432007, 79.9927444458, 80.4455337524, 80.8867111206, 81.3395004272, 81.7922897339, 82.2450790405, 82.6978683472, 83.1506576538, 83.6150588989, 84.0794525146, 84.5322418213, 84.9850311279, 85.449432373, 85.9138336182, 86.3782272339, 86.842628479, 87.2954177856, 87.7482070923, 88.2126083374, 88.6770019531, 89.1414031982, 89.6058044434, 90.0702056885, 90.5345993042, 90.9873886108, 91.4401779175, 91.9045791626, 92.3689804077, 92.8217697144, 93.274559021, 93.7389526367, 94.2033538818, 94.6561431885, 95.1089324951, 95.5733337402, 96.037727356, 96.5021286011, 96.9665298462, 97.4309310913, 97.895324707, 98.3481140137, 98.8009033203, 99.253692627, 99.7064819336, 100.170883179, 100.635284424, 101.09967804, 101.552467346, 102.005256653, 102.469657898, 102.934059143, 103.398452759, 103.851242065, 104.304031372, 104.768432617, 105.232833862, 105.697235107, 106.161628723, 106.61441803, 107.067207336, 107.531608582, 107.984397888, 108.437187195, 108.90158844, 109.365982056, 109.818771362, 110.271560669, 110.735961914, 111.200363159, 111.664756775, 112.12915802, 112.593559265, 113.046348572, 113.499137878, 113.940315247, 114.404716492, 114.857505798, 115.321899414, 115.774688721, 116.239089966, 116.691879272, 117.144668579, 117.609069824, 118.061859131, 118.526252747, 118.979042053, 119.443443298, 119.907844543, 120.372245789, 120.836639404, 121.289428711, 121.742218018, 122.206619263, 122.671020508, 123.135414124, 123.576599121, 124.029388428, 124.482177734, 124.94657135, 125.410972595, 125.87537384, 126.339767456, 126.804168701, 127.268569946, 127.732971191, 128.197372437, 128.661773682, 129.126159668, 129.590560913, 130.054962158, 130.519363403, 130.983764648, 131.448165894, 131.912567139, 132.353744507, 132.818145752, 133.2709198, 133.735321045, 134.188110352, 134.652511597, 135.105300903, 135.55809021, 135.999267578, 136.463668823, 136.928070068, 137.392471313, 137.856872559, 138.321273804, 138.77406311, 139.226852417, 139.691238403, 140.155639648, 140.620040894, 141.096054077, 141.572067261, 142.036453247, 142.500854492, 142.953643799, 143.406433105, 143.870834351, 144.30039978, 144.741577148, 145.171157837, 145.635559082, 146.088348389, 146.529525757, 146.982315063, 147.446716309, 147.899505615, 148.363891602, 148.828292847, 149.292694092, 149.757095337, 150.221496582], "bpm_histogram_first_peak_spread": {"var": 0, "mean": 0.411564648151, "dmean2": 0, "dvar": 0, "dmean": 0, "max": 0.411564648151, "min": 0.411564648151, "median": 0.411564648151, "dvar2": 0}, "danceability": 0.997050046921, "bpm_histogram_second_peak_weight": {"var": 0, "mean": 0.0304878056049, "dmean2": 0, "dvar": 0, "dmean": 0, "max": 0.0304878056049, "min": 0.0304878056049, "median": 0.0304878056049, "dvar2": 0}, "bpm_histogram_first_peak_weight": {"var": 0, "mean": 0.527438998222, "dmean2": 0, "dvar": 0, "dmean": 0, "max": 0.527438998222, "min": 0.527438998222, "median": 0.527438998222, "dvar2": 0}, "bpm": 130.320877075, "bpm_histogram_second_peak_spread": {"var": 0, "mean": 0.166666701436, "dmean2": 0, "dvar": 0, "dmean": 0, "max": 0.166666701436, "min": 0.166666701436, "median": 0.166666701436, "dvar2": 0}, "bpm_histogram_second_peak_bpm": {"var": 0, "mean": 136, "dmean2": 0, "dvar": 0, "dmean": 0, "max": 136, "min": 136, "median": 136, "dvar2": 0}, "beats_count": 329, "beats_loudness_band_ratio": {"var": [0.0740821138024, 0.0196653977036, 0.0121820867062, 0.00444163894281, 0.00710235163569, 0.00702305976301], "mean": [0.468877583742, 0.200607255101, 0.125879108906, 0.0731081739068, 0.108763255179, 0.0740306526423], "dmean2": [0.526380836964, 0.224735245109, 0.194318369031, 0.129698976874, 0.108463227749, 0.0794484913349], "dvar": [0.0393745936453, 0.0103978198022, 0.0082101104781, 0.00493393652141, 0.00316398241557, 0.00245862291194], "dmean": [0.276548415422, 0.124991372228, 0.104887761176, 0.0692029893398, 0.0621359534562, 0.0443317517638], "max": [0.913999676704, 0.814862370491, 0.901921153069, 0.349134802818, 0.452317178249, 0.998536407948], "min": [6.05925815762e-05, 0.000157496528118, 0.000134746907861, 5.17380067322e-05, 7.31032632757e-05, 7.1297690738e-05], "median": [0.448717057705, 0.155289962888, 0.0903004556894, 0.0522412247956, 0.0824814215302, 0.0541167706251], "dvar2": [0.138318195939, 0.0315916910768, 0.0238845217973, 0.0165324918926, 0.00840997509658, 0.00522848358378]}, "onset_rate": 2.04241323471, "bpm_histogram_first_peak_bpm": {"var": 0, "mean": 129, "dmean2": 0, "dvar": 0, "dmean": 0, "max": 129, "min": 129, "median": 129, "dvar2": 0}}, "lowlevel": {"hfc": {"var": 243.956069946, "mean": 24.8759689331, "dmean2": 5.81639766693, "dvar": 24.8415699005, "dmean": 3.86740112305, "max": 77.8255233765, "min": 1.1161588727e-16, "median": 27.041097641, "dvar2": 53.0035133362}, "barkbands_spread": {"var": 103.130119324, "mean": 28.5654449463, "dmean2": 6.84078216553, "dvar": 19.0978736877, "dmean": 4.4680314064, "max": 111.901298523, "min": 0.102782711387, "median": 28.4412345886, "dvar2": 42.598236084}, "spectral_spread": {"var": 6083040509950.0, "mean": 4400372.5, "dmean2": 404106.96875, "dvar": 143776907264, "dmean": 265390, "max": 40037064, "min": 1317718.375, "median": 4313836, "dvar2": 195210215424}, "spectral_energy": {"var": 0.000481516763102, "mean": 0.0310066118836, "dmean2": 0.0121539337561, "dvar": 0.000116033908853, "dmean": 0.00799848139286, "max": 0.105678468943, "min": 1.04478549765e-20, "median": 0.0310104172677, "dvar2": 0.00024740328081}, "gfcc": {"icov": [[0.0001707621268, -0.000225747717195, 7.94894294813e-05, -0.000124683734612, 0.000512493599672, -0.000670528970659, 0.000495541316923, -0.000352010538336, 0.00048265120131, -0.000841354194563, 0.001190665178, -0.000704149832018, 0.00056686415337], [-0.000225747717195, 0.00205275649205, 0.000838261039462, -0.000514213519637, -0.00150832114741, 0.0014075509971, -0.00155910151079, 0.000682690180838, -0.00014458905207, 0.00123860000167, -0.00302730384283, 0.00332236592658, -0.00188511807937], [7.94894294813e-05, 0.000838261039462, 0.00248681940138, 0.000543434754945, -0.00199869740754, -0.00100305152591, 0.00149969069753, -0.00169180403464, -8.8894739747e-05, 0.00144082587212, -0.000820189656224, -4.93415464007e-05, 0.0007400381146], [-0.000124683734612, -0.000514213519637, 0.000543434754945, 0.00428769830614, -0.000341034581652, -0.00105850421824, 0.0006043035537, 3.40343140124e-05, -0.00231841951609, 0.00213567330502, -0.00163436844014, -0.00120115256868, -0.000640049634967], [0.000512493599672, -0.00150832114741, -0.00199869740754, -0.000341034581652, 0.0113655980676, -0.00305578298867, -0.00374854309484, 0.00127965002321, 0.000775987107772, -0.00489067519084, 0.00356880389154, -0.00055053725373, -0.00155621534213], [-0.000670528970659, 0.0014075509971, -0.00100305152591, -0.00105850421824, -0.00305578298867, 0.0088006798178, -0.00303203449585, -0.00420951470733, 0.00397239113227, 0.00171757477801, -0.00718813249841, 0.00566008593887, -0.00312430155464], [0.000495541316923, -0.00155910151079, 0.00149969069753, 0.0006043035537, -0.00374854309484, -0.00303203449585, 0.0151386549696, -0.00264846812934, -0.00133012456354, 0.00206203456037, -0.00105983077083, -0.00336667103693, 0.00404267944396], [-0.000352010538336, 0.000682690180838, -0.00169180403464, 3.40343140124e-05, 0.00127965002321, -0.00420951470733, -0.00264846812934, 0.0165455136448, -0.00577939441428, -0.00235617230646, 0.00411917408928, 3.22145206155e-05, -0.00355100631714], [0.00048265120131, -0.00014458905207, -8.8894739747e-05, -0.00231841951609, 0.000775987107772, 0.00397239113227, -0.00133012456354, -0.00577939441428, 0.0177203882486, -0.00892226956785, 0.00156159326434, 0.000503019953612, -0.00237172469497], [-0.000841354194563, 0.00123860000167, 0.00144082587212, 0.00213567330502, -0.00489067519084, 0.00171757477801, 0.00206203456037, -0.00235617230646, -0.00892226956785, 0.0279448144138, -0.0132982255891, 0.00315126799978, 0.00144677481148], [0.001190665178, -0.00302730384283, -0.000820189656224, -0.00163436844014, 0.00356880389154, -0.00718813249841, -0.00105983077083, 0.00411917408928, 0.00156159326434, -0.0132982255891, 0.0334775857627, -0.0168250836432, 0.00459914468229], [-0.000704149832018, 0.00332236592658, -4.93415464007e-05, -0.00120115256868, -0.00055053725373, 0.00566008593887, -0.00336667103693, 3.22145206155e-05, 0.000503019953612, 0.00315126799978, -0.0168250836432, 0.030849698931, -0.0109143489972], [0.00056686415337, -0.00188511807937, 0.0007400381146, -0.000640049634967, -0.00155621534213, -0.00312430155464, 0.00404267944396, -0.00355100631714, -0.00237172469497, 0.00144677481148, 0.00459914468229, -0.0109143489972, 0.0252592694014]], "mean": [-1.12907159328, 84.3288269043, -125.93196106, 40.1454162598, -49.061580658, -3.18210744858, -34.6928253174, -1.33000028133, -21.0288848877, -2.98392176628, -19.8334007263, -5.60799217224, -5.5226149559], "cov": [[25431.0644531, -1067.03173828, 552.803771973, 325.968780518, -718.97479248, 2029.78979492, -703.243041992, 960.950256348, -702.653930664, 196.639526367, -522.434753418, -133.857559204, -243.830764771], [-1067.03173828, 1455.33166504, -810.210876465, 224.57635498, 65.9373550415, -328.736907959, 163.161056519, -213.515777588, 77.8279647827, -2.60417914391, 88.0881271362, -30.2357273102, 47.6109390259], [552.803771973, -810.210876465, 1201.86962891, -144.870239258, 166.858856201, 470.464569092, -42.0336647034, 245.566467285, -72.2668533325, -5.24515247345, -17.865568161, -2.26742315292, -6.2461309433], [325.968780518, 224.57635498, -144.870239258, 333.847290039, 11.1940937042, 38.150970459, 26.2524013519, 4.3927488327, 31.9220409393, 2.69535923004, 34.6373634338, 20.5787582397, 29.4013900757], [-718.97479248, 65.9373550415, 166.858856201, 11.1940937042, 205.911376953, 96.8176879883, 82.7365188599, 23.1466426849, 11.1626548767, 10.6843261719, 34.2115325928, -1.82448744774, 24.5434799194], [2029.78979492, -328.736907959, 470.464569092, 38.150970459, 96.8176879883, 575.540283203, 11.8173666, 211.680130005, -105.113449097, 15.8088312149, 1.3544126749, -16.6029014587, 3.92161178589], [-703.243041992, 163.161056519, -42.0336647034, 26.2524013519, 82.7365188599, 11.8173666, 133.659439087, -7.38762998581, 22.8318214417, -0.308939516544, 39.347492218, 6.52864551544, 11.8024158478], [960.950256348, -213.515777588, 245.566467285, 4.3927488327, 23.1466426849, 211.680130005, -7.38762998581, 173.916671753, -5.16215276718, 19.9759750366, -21.0622787476, -4.15550899506, 9.06759738922], [-702.653930664, 77.8279647827, -72.2668533325, 31.9220409393, 11.1626548767, -105.113449097, 22.8318214417, -5.16215276718, 117.070121765, 26.2743740082, 16.7661972046, 9.77420902252, 18.4677906036], [196.639526367, -2.60417914391, -5.24515247345, 2.69535923004, 10.6843261719, 15.8088312149, -0.308939516544, 19.9759750366, 26.2743740082, 61.0603485107, 18.2559490204, 4.99991369247, -1.10786378384], [-522.434753418, 88.0881271362, -17.865568161, 34.6373634338, 34.2115325928, 1.3544126749, 39.347492218, -21.0622787476, 16.7661972046, 18.2559490204, 77.5157852173, 28.8237457275, 11.5856904984], [-133.857559204, -30.2357273102, -2.26742315292, 20.5787582397, -1.82448744774, -16.6029014587, 6.52864551544, -4.15550899506, 9.77420902252, 4.99991369247, 28.8237457275, 58.6576881409, 18.2690639496], [-243.830764771, 47.6109390259, -6.2461309433, 29.4013900757, 24.5434799194, 3.92161178589, 11.8024158478, 9.06759738922, 18.4677906036, -1.10786378384, 11.5856904984, 18.2690639496, 58.5075836182]]}, "silence_rate_60dB": {"var": 0.143501207232, "mean": 0.173672050238, "dmean2": 0.0351147390902, "dvar": 0.0172438137233, "dmean": 0.0175546649843, "max": 1, "min": 0, "median": 0, "dvar2": 0.0409675352275}, "spectral_centroid": {"var": 338747.03125, "mean": 1694.08618164, "dmean2": 362.797576904, "dvar": 48872.8945313, "dmean": 230.250457764, "max": 10917.8632813, "min": 260.689941406, "median": 1652.23339844, "dvar2": 102401.835938}, "spectral_complexity": {"var": 174.283493042, "mean": 26.6053886414, "dmean2": 5.35006952286, "dvar": 11.2980146408, "dmean": 3.40776109695, "max": 56, "min": 0, "median": 30, "dvar2": 24.0883522034}, "melbands_spread": {"var": 384.293304443, "mean": 30.7716350555, "dmean2": 10.8052015305, "dvar": 57.1141738892, "dmean": 7.01102113724, "max": 245.020477295, "min": 0.63628578186, "median": 27.3429870605, "dvar2": 129.624420166}, "spectral_strongpeak": {"var": 0.866666734219, "mean": 0.700422883034, "dmean2": 0.799396812916, "dvar": 0.749731242657, "dmean": 0.455147325993, "max": 10.9182052612, "min": 0, "median": 0.434264451265, "dvar2": 2.03522443771}, "zerocrossingrate": {"var": 0.0053545855917, "mean": 0.0774119347334, "dmean2": 0.0096769630909, "dvar": 0.000102729529317, "dmean": 0.00817175582051, "max": 0.9052734375, "min": 0.01025390625, "median": 0.0693359375, "dvar2": 0.000108283667942}, "erbbands_kurtosis": {"var": 7.34182024002, "mean": -0.0904313400388, "dmean2": 0.920571923256, "dvar": 1.79407584667, "dmean": 0.594261527061, "max": 75.04637146, "min": -1.78974163532, "median": -0.572173535824, "dvar2": 3.00291728973}, "spectral_energyband_middle_low": {"var": 0.000128923769807, "mean": 0.014009103179, "dmean2": 0.00824330560863, "dvar": 4.83528128825e-05, "dmean": 0.00511708110571, "max": 0.087519608438, "min": 3.70192429929e-22, "median": 0.0125767579302, "dvar2": 0.000124730853713}, "erbbands": {"var": [0.0903063938022, 2.09004020691, 26.0100479126, 153.703460693, 344.110931396, 693.820922852, 331.139251709, 422.076721191, 761.367736816, 581.116821289, 725.828552246, 2180.86352539, 1734.10498047, 3552.01733398, 1906.9329834, 1733.84692383, 2470.12304688, 3924.14306641, 9276.64257813, 7747.82568359, 2015.35144043, 1169.25244141, 313.333557129, 196.888031006, 494.367431641, 453.453918457, 192.500289917, 73.9222183228, 39.6936187744, 16.5158481598, 12.6045465469, 13.7703428268, 4.42680835724, 0.962329924107, 0.186141312122, 0.0260515213013, 0.00588927650824, 0.000881940999534, 2.3404491003e-05, 7.08185083909e-08], "mean": [0.155163854361, 0.954396128654, 3.82777047157, 10.624162674, 14.760307312, 17.2060070038, 13.912355423, 16.4188308716, 16.0517997742, 16.3905315399, 15.4025087357, 27.1651878357, 28.6112880707, 29.2482891083, 26.9918994904, 22.5464248657, 26.9892082214, 35.3245353699, 50.956073761, 49.9775772095, 46.7045898438, 34.9074134827, 22.9758224487, 19.4411621094, 24.3581142426, 23.945356369, 17.1091384888, 10.7362766266, 7.02207756042, 4.09594106674, 3.35660505295, 3.14207720757, 1.98111963272, 0.933558821678, 0.369435399771, 0.136017054319, 0.0576150417328, 0.0187520682812, 0.00283361156471, 0.00018637967878], "dmean2": [0.203272491693, 0.996337652206, 3.87923598289, 10.9606399536, 15.4108533859, 16.0303344727, 11.9509830475, 14.5312423706, 16.8113899231, 16.5629863739, 15.7371520996, 28.3158683777, 28.4068012238, 28.3209533691, 26.8732776642, 19.431842804, 26.2902870178, 33.3623733521, 40.8980255127, 41.1743278503, 32.5376701355, 23.8350811005, 15.2829866409, 11.4416837692, 15.2656936646, 15.0608406067, 9.38561534882, 5.99797964096, 3.76666998863, 1.97427821159, 1.54472589493, 1.36817610264, 0.818495512009, 0.401312112808, 0.177416965365, 0.0586772859097, 0.0303582623601, 0.0141641208902, 0.00237634964287, 0.000127033446915], "dvar": [0.0892437770963, 1.47951793671, 15.2550411224, 92.1700134277, 207.513839722, 292.254241943, 150.784912109, 207.033172607, 475.74420166, 380.319915771, 430.257965088, 1279.09619141, 1025.3581543, 1643.25158691, 1168.07202148, 700.051513672, 1359.58850098, 2127.66015625, 2684.38769531, 3753.3347168, 707.704101563, 456.376800537, 120.312065125, 64.5110244751, 175.988357544, 164.940673828, 57.1997070313, 26.5408725739, 10.765920639, 3.13983345032, 2.11949419975, 2.09601855278, 0.671598553658, 0.184311285615, 0.0500204786658, 0.00557576678693, 0.00187771790661, 0.000472585932584, 1.3184276213e-05, 3.47754820496e-08], "dmean": [0.122487671673, 0.60559296608, 2.32909154892, 6.53169441223, 9.2858915329, 9.7760181427, 7.26862716675, 9.06458282471, 10.2843875885, 10.0486412048, 9.59883499146, 17.4089050293, 17.1033496857, 17.6069545746, 16.0097045898, 11.6404781342, 15.7036924362, 20.3297100067, 25.7558002472, 25.2505550385, 19.8913021088, 14.4561414719, 9.25936412811, 7.0723991394, 9.25511646271, 9.2331943512, 5.79357671738, 3.6306438446, 2.31301164627, 1.24747872353, 0.993209719658, 0.897303879261, 0.544676721096, 0.270128190517, 0.11873010546, 0.0414010472596, 0.0216091033071, 0.00947802327573, 0.00155943201389, 8.51478253026e-05], "max": [2.66067647934, 12.747961998, 46.867893219, 88.4634017944, 235.882949829, 359.748077393, 329.982910156, 229.766555786, 542.019104004, 332.08190918, 656.529602051, 685.450195313, 459.2394104, 779.442749023, 821.854797363, 546.854614258, 608.833618164, 756.608581543, 1847.92871094, 1212.25317383, 475.101348877, 430.810852051, 151.054458618, 144.75112915, 359.373626709, 178.457107544, 158.882675171, 114.842514038, 54.7402458191, 25.4158859253, 25.9638061523, 31.7672595978, 13.3779220581, 6.07410812378, 3.38630604744, 1.01358175278, 0.858061611652, 0.307627737522, 0.0482107587159, 0.00227049761452], "min": [2.35954102768e-22, 4.28141616864e-21, 5.9847719315e-20, 6.65269895039e-20, 6.60402712616e-20, 3.53172103757e-19, 5.03658125768e-19, 5.18583565946e-19, 6.3584132916e-20, 4.08481070127e-19, 2.31773856968e-18, 1.78907337812e-18, 2.70231303443e-18, 3.65388217236e-18, 3.19732872546e-18, 1.83297433477e-18, 2.75410901643e-18, 8.83491677215e-18, 7.04429491192e-18, 1.01893249364e-17, 1.55470912235e-17, 9.63966176495e-18, 1.05331102979e-17, 9.43970243239e-18, 1.37457383492e-17, 1.6795179382e-17, 2.21153800888e-17, 1.10381388035e-17, 1.84257029162e-17, 2.11117386906e-17, 1.80854057753e-17, 1.85411938734e-17, 1.4069281774e-17, 1.45068934052e-17, 7.91748413732e-18, 5.1312130979e-18, 2.71946503802e-18, 1.13839522051e-18, 3.28985523592e-19, 3.65822693853e-20], "median": [0.0391051806509, 0.4558981359, 1.78552007675, 6.12977361679, 8.09553718567, 9.00512695313, 9.20131111145, 9.97241973877, 8.25622081757, 9.05168151855, 8.48533725739, 12.8301286697, 14.8808479309, 11.1511611938, 12.4172325134, 8.62926578522, 7.78574991226, 11.4577922821, 26.5094051361, 26.9049377441, 37.4228210449, 27.5748596191, 19.9865398407, 17.5710754395, 20.4444980621, 20.6984195709, 15.1920642853, 9.81614398956, 5.78764009476, 2.99299836159, 2.496083498, 2.03476572037, 1.48087179661, 0.697074472904, 0.254093170166, 0.0879881307483, 0.0291727650911, 0.00690209493041, 0.000883734435774, 8.57561826706e-05], "dvar2": [0.23353946209, 4.01561355591, 40.2423324585, 245.575683594, 548.910339355, 704.470581055, 374.995300293, 525.63269043, 1139.7199707, 953.024536133, 1010.94769287, 3223.69165039, 2673.41992188, 4042.43457031, 3228.05029297, 1926.34973145, 3782.69360352, 5619.07470703, 6180.03808594, 10718.2021484, 1831.49853516, 1129.99926758, 315.799041748, 162.498825073, 427.274108887, 409.795227051, 143.017532349, 67.2868804932, 26.5875911713, 7.30028009415, 5.10444402695, 4.93300628662, 1.55906391144, 0.388594418764, 0.105697542429, 0.00988042168319, 0.00356368767098, 0.00104875396937, 2.87543643935e-05, 6.97784088288e-08]}, "barkbands_crest": {"var": 14.1623973846, "mean": 8.64312171936, "dmean2": 3.62916016579, "dvar": 4.31873369217, "dmean": 2.24825716019, "max": 26.8723735809, "min": 2.36092996597, "median": 7.80465650558, "dvar2": 11.1068677902}, "melbands_crest": {"var": 17.3498744965, "mean": 12.8982114792, "dmean2": 5.02458333969, "dvar": 7.6996049881, "dmean": 3.07350945473, "max": 30.2973613739, "min": 2.02368283272, "median": 12.4547929764, "dvar2": 20.9546775818}, "spectral_flux": {"var": 0.00255622947589, "mean": 0.0869103297591, "dmean2": 0.0281138643622, "dvar": 0.000474184373161, "dmean": 0.018475022167, "max": 0.256361782551, "min": 1.02214750552e-10, "median": 0.08653139323, "dvar2": 0.000972433714196}, "spectral_contrast_valleys": {"var": [2.95115923882, 2.35553050041, 2.56155848503, 2.25446033478, 2.16331648827, 3.88243770599], "mean": [-7.44553375244, -6.82732439041, -7.39023685455, -7.49620819092, -7.11338424683, -10.3068618774], "dmean2": [0.660020411015, 0.561555206776, 0.459777206182, 0.361172556877, 0.252088904381, 0.212571978569], "dvar": [0.132442221045, 0.0883735120296, 0.0665069743991, 0.0505899488926, 0.0342357940972, 0.0475892983377], "dmean": [0.409305036068, 0.33809107542, 0.278875797987, 0.222176000476, 0.160422533751, 0.153330788016], "max": [-5.19607686996, -4.83549404144, -5.4048409462, -5.75237798691, -5.71724796295, -8.42825889587], "min": [-27.2337703705, -27.2795066833, -27.3527393341, -27.2448673248, -27.2567901611, -27.3022651672], "median": [-6.87968111038, -6.43439102173, -6.94553947449, -7.13155078888, -6.66078615189, -9.42281532288], "dvar2": [0.301249444485, 0.197730779648, 0.140956908464, 0.0942289307714, 0.0533035285771, 0.0708667859435]}, "mfcc": {"icov": [[0.000105415398139, -0.000141514930874, -4.66978781333e-05, 2.49838576565e-05, 0.000217879147385, -0.000211502367165, -0.000140958843986, 0.000153871267685, -0.000152614229592, -0.000364618346794, 0.000779405643698, -0.000271915399935, 0.000134563917527], [-0.000141514930874, 0.00193848810159, 0.000820279645268, -0.000747693644371, -0.000641122576781, 0.000449854764156, -0.0010385105852, 0.000827976793516, -0.000656182295643, 0.00099372654222, -0.00165228778496, 0.00020176974067, 0.000473345891805], [-4.66978781333e-05, 0.000820279645268, 0.00419838959351, 0.000695015012752, -0.0037676722277, 0.0012012013467, -0.000518866698258, -0.00142978667282, 0.00251210783608, -0.00254790089093, 0.00213511451147, -0.00174714240711, 4.41434312961e-05], [2.49838576565e-05, -0.000747693644371, 0.000695015012752, 0.00537352962419, -0.000955565075856, -0.00213701906614, 0.00395201100037, -0.00209304597229, -0.00109910510946, 0.00243068719283, -0.00200485205278, 0.000374473893316, -0.000717355113011], [0.000217879147385, -0.000641122576781, -0.0037676722277, -0.000955565075856, 0.0132620949298, -0.00315312761813, -0.00276530371048, 0.00254158279859, -0.00335100549273, -0.00330104026943, 0.00409138761461, -0.00174522818998, -7.03278637957e-05], [-0.000211502367165, 0.000449854764156, 0.0012012013467, -0.00213701906614, -0.00315312761813, 0.0146028595045, -0.00737612321973, -0.0024272496812, 0.00323625165038, -0.000495184387546, -0.00332413706928, 0.00260155112483, -0.0023215173278], [-0.000140958843986, -0.0010385105852, -0.000518866698258, 0.00395201100037, -0.00276530371048, -0.00737612321973, 0.014575637877, -0.00720604555681, -8.90859428182e-06, 0.00279585341923, -0.00366957648657, -1.48411454575e-05, 0.00110321003012], [0.000153871267685, 0.000827976793516, -0.00142978667282, -0.00209304597229, 0.00254158279859, -0.0024272496812, -0.00720604555681, 0.0218275412917, -0.00764373550192, -0.00112161820289, 0.0059706508182, -0.00555420573801, -0.00108771573287], [-0.000152614229592, -0.000656182295643, 0.00251210783608, -0.00109910510946, -0.00335100549273, 0.00323625165038, -8.90859428182e-06, -0.00764373550192, 0.0248827934265, -0.0147159602493, 0.0024927877821, 0.00255208136514, -0.00198414828628], [-0.000364618346794, 0.00099372654222, -0.00254790089093, 0.00243068719283, -0.00330104026943, -0.000495184387546, 0.00279585341923, -0.00112161820289, -0.0147159602493, 0.0288916211575, -0.0119644543156, 0.00423581665382, -0.00205667293631], [0.000779405643698, -0.00165228778496, 0.00213511451147, -0.00200485205278, 0.00409138761461, -0.00332413706928, -0.00366957648657, 0.0059706508182, 0.0024927877821, -0.0119644543156, 0.0291445087641, -0.0141489552334, 0.00562059413642], [-0.000271915399935, 0.00020176974067, -0.00174714240711, 0.000374473893316, -0.00174522818998, 0.00260155112483, -1.48411454575e-05, -0.00555420573801, 0.00255208136514, 0.00423581665382, -0.0141489552334, 0.0335914082825, -0.0164880361408], [0.000134563917527, 0.000473345891805, 4.41434312961e-05, -0.000717355113011, -7.03278637957e-05, -0.0023215173278, 0.00110321003012, -0.00108771573287, -0.00198414828628, -0.00205667293631, 0.00562059413642, -0.0164880361408, 0.0311133209616]], "mean": [-631.649536133, 107.573776245, -12.9836530685, 35.8681259155, 3.89752840996, 3.35893917084, -4.3660326004, -3.60098171234, 2.79904007912, -0.329664409161, -8.16723442078, -4.61402702332, -5.17257738113], "cov": [[14876.578125, 514.432861328, 659.02911377, -356.144744873, 342.05960083, 350.582550049, 538.285827637, 286.970153809, 312.850006104, 274.690460205, -360.535949707, 4.2678809166, 42.065410614], [514.432861328, 894.663757324, -383.244384766, 190.895828247, -81.6628723145, 28.7831172943, 5.92280483246, -61.6900444031, 0.0909414961934, -51.1637916565, 84.5485229492, -17.0040988922, -38.95545578], [659.02911377, -383.244384766, 746.713684082, -220.465576172, 266.052215576, 61.0750541687, 163.597885132, 131.635971069, 51.632358551, 111.951461792, -90.4272689819, 50.5379829407, 54.6077766418], [-356.144744873, 190.895828247, -220.465576172, 320.775878906, -65.7799682617, -2.48487257957, -94.1283416748, -31.0205955505, -8.50145530701, -43.1040000916, 43.222114563, -6.24743080139, -6.24642801285], [342.05960083, -81.6628723145, 266.052215576, -65.7799682617, 206.175338745, 74.1822433472, 114.302520752, 70.5779342651, 51.1359519958, 64.7405471802, -30.138048172, 23.3403301239, 27.6383075714], [350.582550049, 28.7831172943, 61.0750541687, -2.48487257957, 74.1822433472, 158.764328003, 130.327560425, 60.82188797, 15.9773721695, 21.6891231537, 11.6779909134, 16.6549243927, 16.5899810791], [538.285827637, 5.92280483246, 163.597885132, -94.1283416748, 114.302520752, 130.327560425, 232.096298218, 97.7120895386, 33.5095176697, 39.311466217, -1.68702363968, 27.5927753448, 20.0112743378], [286.970153809, -61.6900444031, 131.635971069, -31.0205955505, 70.5779342651, 60.82188797, 97.7120895386, 112.910118103, 45.6140098572, 37.9363250732, -18.2855510712, 24.1051330566, 25.4698181152], [312.850006104, 0.0909414961934, 51.632358551, -8.50145530701, 51.1359519958, 15.9773721695, 33.5095176697, 45.6140098572, 90.6005630493, 56.8999862671, -8.69018173218, 2.79347705841, 12.679728508], [274.690460205, -51.1637916565, 111.951461792, -43.1040000916, 64.7405471802, 21.6891231537, 39.311466217, 37.9363250732, 56.8999862671, 88.3696975708, 2.32796835899, 9.23162269592, 14.0764198303], [-360.535949707, 84.5485229492, -90.4272689819, 43.222114563, -30.138048172, 11.6779909134, -1.68702363968, -18.2855510712, -8.69018173218, 2.32796835899, 78.3175735474, 17.440328598, -3.68442511559], [4.2678809166, -17.0040988922, 50.5379829407, -6.24743080139, 23.3403301239, 16.6549243927, 27.5927753448, 24.1051330566, 2.79347705841, 9.23162269592, 17.440328598, 56.6527023315, 28.8443317413], [42.065410614, -38.95545578, 54.6077766418, -6.24642801285, 27.6383075714, 16.5899810791, 20.0112743378, 25.4698181152, 12.679728508, 14.0764198303, -3.68442511559, 28.8443317413, 51.5013008118]]}, "erbbands_flatness_db": {"var": 0.00313632143661, "mean": 0.144432082772, "dmean2": 0.017022671178, "dvar": 0.000126928280224, "dmean": 0.0111954584718, "max": 0.431656211615, "min": 0.0357808470726, "median": 0.132696911693, "dvar2": 0.000256186642218}, "barkbands": {"var": [4.67849929464e-07, 5.58361534786e-05, 3.80447891075e-05, 2.78625648207e-05, 3.92895999539e-05, 4.66704068458e-06, 3.43948818227e-06, 1.67898269865e-06, 3.01414070236e-06, 3.23424228554e-06, 1.59393630383e-06, 9.50472951899e-07, 1.1103476254e-06, 1.87097282378e-06, 2.90718389806e-06, 1.21969833344e-06, 4.44249138809e-07, 1.00328769292e-07, 1.32646462703e-07, 2.02805281901e-07, 7.02506710581e-08, 2.73285554186e-08, 1.34483348901e-08, 2.33257448912e-08, 5.01867569724e-09, 1.64638225275e-09, 8.65314986331e-10], "mean": [0.000323405547533, 0.00454704742879, 0.00420152163133, 0.00413094786927, 0.00481107644737, 0.00182550272439, 0.00113655265886, 0.000687612628099, 0.00115309562534, 0.00096945342375, 0.000673127127811, 0.000515885767527, 0.000558479106985, 0.000805407413282, 0.000909814494662, 0.000908470305149, 0.000634274678305, 0.000396286981413, 0.00042664972716, 0.000508702010848, 0.000336113764206, 0.000183550670044, 0.000111650457256, 0.000136853908771, 6.54903778923e-05, 3.15484285238e-05, 1.72412583197e-05], "dmean2": [0.000441849027993, 0.00509896734729, 0.00456683663651, 0.00446155201644, 0.00432736938819, 0.00158401019871, 0.00121618527919, 0.000764258089475, 0.00116776698269, 0.00102397077717, 0.00074432377005, 0.000459717790363, 0.000585321336985, 0.000845437054522, 0.000784955045674, 0.000724506739061, 0.000481003226014, 0.000291985750664, 0.000275483733276, 0.000319906423101, 0.000180926013854, 9.64981663856e-05, 5.08653356519e-05, 5.11280159117e-05, 2.72795787168e-05, 1.48199032992e-05, 1.44621371874e-05], "dvar": [4.42151787183e-07, 4.6481291065e-05, 2.21706286538e-05, 1.65347064467e-05, 1.74583874468e-05, 2.22264452532e-06, 2.30303089666e-06, 1.05130516204e-06, 1.66584095496e-06, 1.76124251539e-06, 9.67510345617e-07, 3.77130561446e-07, 6.05196419201e-07, 1.15202283268e-06, 9.28007807488e-07, 6.51561435916e-07, 1.8355268594e-07, 4.32538946882e-08, 4.8167681399e-08, 7.1676318214e-08, 2.11299475694e-08, 6.67354882466e-09, 2.25031193679e-09, 2.8094322424e-09, 1.02123798307e-09, 4.50181808498e-10, 4.86224560614e-10], "dmean": [0.000270801421721, 0.00312266917899, 0.00273025874048, 0.00265813735314, 0.00266687758267, 0.000981335761026, 0.000740973686334, 0.000460700975964, 0.000718223222066, 0.000617229787167, 0.000449853192549, 0.000273954618024, 0.000349031644873, 0.000506998039782, 0.000489825441036, 0.000438916205894, 0.000291643169476, 0.000175853769179, 0.000167466234416, 0.00019752564549, 0.000110421540739, 5.92596043134e-05, 3.24797256326e-05, 3.47745917679e-05, 1.87396944966e-05, 1.07464566099e-05, 9.50200319494e-06], "max": [0.00740323960781, 0.0626864358783, 0.0557376742363, 0.0403676778078, 0.078781761229, 0.0210563894361, 0.029952455312, 0.0236370638013, 0.0227246005088, 0.0245594102889, 0.0212532859296, 0.0121597303078, 0.012314052321, 0.0134966112673, 0.029344374314, 0.017846820876, 0.00982217490673, 0.00321620400064, 0.00533212954178, 0.00372006138787, 0.00307105830871, 0.0013153887121, 0.000746291014366, 0.00111591583118, 0.000480959366541, 0.000303137669107, 0.0002603859175], "min": [4.79921265284e-23, 1.10091463669e-23, 6.64586030132e-23, 1.08462852442e-23, 7.32133601982e-23, 6.82556912642e-23, 5.05820767871e-24, 7.811261556e-23, 1.17043014829e-22, 6.87012525252e-23, 9.82256277697e-23, 3.6771514163e-23, 6.89537511237e-23, 1.62253314883e-22, 2.01278352216e-22, 2.61859487102e-22, 1.70539837997e-22, 1.92051317576e-22, 1.95253954012e-22, 3.76538531922e-22, 4.38890552255e-22, 5.71822020886e-22, 5.7762122139e-22, 8.42057948624e-22, 1.23590335674e-21, 1.3886475277e-21, 2.36738424883e-21], "median": [5.48121897737e-05, 0.00188313226681, 0.00148344039917, 0.00207182625309, 0.00281543470919, 0.00116154528223, 0.00059572776081, 0.000362193095498, 0.000590838782955, 0.00037608583807, 0.000242612935835, 0.000179146823939, 0.000146522012074, 0.000260879693087, 0.000472631480079, 0.000643077073619, 0.000474880594993, 0.000335146236466, 0.000360058154911, 0.00044585680007, 0.000303203298245, 0.000150042047608, 8.460272511e-05, 9.39135425142e-05, 4.76710556541e-05, 1.72234540514e-05, 5.20889625477e-06], "dvar2": [1.06710592718e-06, 0.000123546560644, 5.79671941523e-05, 4.50413608633e-05, 4.39851646661e-05, 5.65733444091e-06, 5.69567009734e-06, 2.46328340836e-06, 4.19504794991e-06, 4.49569233751e-06, 2.55598115473e-06, 1.06613003936e-06, 1.67466498624e-06, 3.16822752211e-06, 2.10396592593e-06, 1.80839731456e-06, 4.55455904103e-07, 1.14535957607e-07, 1.17426495194e-07, 1.76573124122e-07, 5.38681952378e-08, 1.64275721914e-08, 5.26311438875e-09, 6.14020168044e-09, 2.04293648665e-09, 8.0725254259e-10, 1.05062292199e-09]}, "spectral_energyband_low": {"var": 0.000168783211848, "mean": 0.0111259622499, "dmean2": 0.0081731826067, "dvar": 7.44589488022e-05, "dmean": 0.00551288202405, "max": 0.0863326191902, "min": 9.91204358499e-23, "median": 0.00718796625733, "dvar2": 0.000158407885465}, "erbbands_spread": {"var": 248.283004761, "mean": 43.9437103271, "dmean2": 10.4568548203, "dvar": 37.1642875671, "dmean": 6.57937240601, "max": 138.36819458, "min": 1.36907374859, "median": 41.9415969849, "dvar2": 88.5120010376}, "average_loudness": 0.890797376633, "spectral_energyband_middle_high": {"var": 3.32606541633e-05, "mean": 0.00693756015971, "dmean2": 0.00273800059222, "dvar": 5.65839945921e-06, "dmean": 0.00171452737413, "max": 0.0389913246036, "min": 1.64317853486e-21, "median": 0.0058106998913, "dvar2": 1.44579880725e-05}, "barkbands_flatness_db": {"var": 0.00313740200363, "mean": 0.10819735378, "dmean2": 0.021899741143, "dvar": 0.000208934230614, "dmean": 0.0146613195539, "max": 0.514065802097, "min": 0.0275118686259, "median": 0.0946882143617, "dvar2": 0.000427497550845}, "spectral_entropy": {"var": 0.14467947185, "mean": 7.78147745132, "dmean2": 0.123369552195, "dvar": 0.00659780390561, "dmean": 0.0796287357807, "max": 9.78855037689, "min": 4.3992972374, "median": 7.83164739609, "dvar2": 0.014298280701}, "melbands_skewness": {"var": 1.5473099947, "mean": 2.53566813469, "dmean2": 0.885570645332, "dvar": 0.328969687223, "dmean": 0.57745718956, "max": 8.83429527283, "min": -1.2701574564, "median": 2.3708422184, "dvar2": 0.712628304958}, "spectral_contrast_coeffs": {"var": [0.00827458314598, 0.00467236852273, 0.00392447505146, 0.00303218979388, 0.00112137186807, 0.00432422896847], "mean": [-0.612384974957, -0.745491862297, -0.778069019318, -0.774788498878, -0.79750674963, -0.725959479809], "dmean2": [0.0868363976479, 0.0763557776809, 0.0635664314032, 0.0499194227159, 0.0312768220901, 0.0248782206327], "dvar": [0.00193929392844, 0.00137285795063, 0.000962569087278, 0.000610444345511, 0.000228634264204, 0.000179551920155], "dmean": [0.0527461096644, 0.0458353832364, 0.0380858182907, 0.0301842484623, 0.0187703613192, 0.0148831699044], "max": [-0.293188422918, -0.45679295063, -0.497402489185, -0.540245175362, -0.664897799492, -0.53631144762], "min": [-0.96232509613, -0.962442874908, -0.966623365879, -0.968158006668, -0.955874502659, -0.959399521351], "median": [-0.612504065037, -0.748887300491, -0.784203350544, -0.780945360661, -0.797442793846, -0.747390031815], "dvar2": [0.00511275837198, 0.00372499134392, 0.0025992221199, 0.00162287370767, 0.000632093229797, 0.000451390893431]}, "pitch_salience": {"var": 0.00891546346247, "mean": 0.612156331539, "dmean2": 0.103502951562, "dvar": 0.00313421199098, "dmean": 0.0624692477286, "max": 0.843201756477, "min": 0.134343594313, "median": 0.623129367828, "dvar2": 0.00834289938211}, "spectral_rolloff": {"var": 4856452.5, "mean": 1982.12902832, "dmean2": 688.891357422, "dvar": 376092.5, "dmean": 424.864349365, "max": 21920.8007813, "min": 86.1328125, "median": 1765.72265625, "dvar2": 785186.75}, "melbands_kurtosis": {"var": 103.969108582, "mean": 9.15746688843, "dmean2": 6.53917312622, "dvar": 34.8318138123, "dmean": 4.23670721054, "max": 120.927818298, "min": -1.88694632053, "median": 6.06175756454, "dvar2": 76.241317749}, "silence_rate_30dB": {"var": 0, "mean": 1, "dmean2": 0, "dvar": 0, "dmean": 0, "max": 1, "min": 1, "median": 1, "dvar2": 0}, "spectral_decrease": {"var": 3.06069168179e-17, "mean": -7.61750929001e-09, "dmean2": 3.14103076882e-09, "dvar": 7.84416367501e-18, "dmean": 2.06660710766e-09, "max": 1.20678107484e-15, "min": -2.71903957128e-08, "median": -7.46352313286e-09, "dvar2": 1.67420429538e-17}, "spectral_rms": {"var": 5.46943920199e-06, "mean": 0.00497805140913, "dmean2": 0.000944364990573, "dvar": 5.89123544614e-07, "dmean": 0.000629127840512, "max": 0.010153863579, "min": 3.19265252256e-12, "median": 0.00550036970526, "dvar2": 1.19153105516e-06}, "spectral_skewness": {"var": 0.249198153615, "mean": 1.22326231003, "dmean2": 0.2501065135, "dvar": 0.032676268369, "dmean": 0.148185178638, "max": 7.1643037796, "min": -0.0172723252326, "median": 1.25246655941, "dvar2": 0.0902095958591}, "erbbands_crest": {"var": 17.5871372223, "mean": 7.59227895737, "dmean2": 3.59517502785, "dvar": 5.05316066742, "dmean": 2.20340538025, "max": 33.4125518799, "min": 2.12047052383, "median": 6.39450454712, "dvar2": 12.6834211349}, "melbands_flatness_db": {"var": 0.00321366405115, "mean": 0.167473778129, "dmean2": 0.0292222816497, "dvar": 0.000337058561854, "dmean": 0.0196074191481, "max": 0.563454508781, "min": 0.00873723998666, "median": 0.16033886373, "dvar2": 0.000694456510246}, "dynamic_complexity": 4.7552022934, "dissonanc