{"metadata": {"audio_properties": {"downmix": "mix", "bit_rate": 145520, "lossless": false, "md5_encoded": "16e612b95e9b7d07598155bb45216c2a", "analysis_sample_rate": 44100, "sample_rate": 44100, "replay_gain": -1.50455284119, "equal_loudness": 0, "codec": "mp3", "length": 130.011428833}, "tags": {"musicbrainz_albumid": ["4b1aef05-f057-4eb9-a7fc-481321eb2ffe"], "musicbrainz_recordingid": ["6b4400c9-a7ba-468f-a598-2c275d008ebb"], "tracknumber": ["5/6"], "artist": ["Cluster"], "album": ["Grosses Wasser"], "musicbrainz album type": ["album"], "originaldate": ["1979"], "albumartist": ["Cluster"], "script": ["Latn"], "musicbrainz_albumartistid": ["393ce5ee-4550-48e2-97f9-50a47a74bdc1"], "file_name": "05 - Manchmal.mp3", "musicbrainz album release country": ["DE"], "catalognumber": ["SKY 027"], "musicbrainz_artistid": ["393ce5ee-4550-48e2-97f9-50a47a74bdc1"], "albumartistsort": ["Cluster"], "media": ["12\" Vinyl"], "label": ["Sky Records"], "musicbrainz album status": ["official"], "date": ["1979"], "title": ["Manchmal"], "discnumber": ["1/1"], "artistsort": ["Cluster"], "musicbrainz_releasegroupid": ["2c83af61-f7f2-364c-befa-c295008237da"]}, "version": {"essentia_build_sha": "c0e182ba78c2de26e491b7b7a4a2c98c1ed34208", "essentia_git_sha": "v2.1_beta2-2-gbb40004", "extractor": "music 1.0", "essentia": "2.1-beta2"}}, "tonal": {"chords_scale": "major", "hpcp": {"dmean": [0.0673863366246, 0.042756896466, 0.0244261119515, 0.0366284176707, 0.0303615350276, 0.00809804070741, 0.00365713052452, 0.00695784576237, 0.0426135770977, 0.0665932893753, 0.0452987551689, 0.00706756673753, 0.00157449569087, 0.000725224090274, 0.00543572939932, 0.00971731264144, 0.00705797690898, 0.00307116704062, 0.00142660085112, 0.000948825501837, 0.00579551514238, 0.0120086790994, 0.0184216108173, 0.0555882640183, 0.0629096180201, 0.0554575398564, 0.0137552060187, 0.00452795485035, 0.00103411194868, 0.00578864710405, 0.0121587021276, 0.00936247967184, 0.00418115174398, 0.00332448421977, 0.00342711247504, 0.0388731509447], "dvar2": [0.0547087714076, 0.0240333043039, 0.0127540826797, 0.0367466211319, 0.022543521598, 0.00593356601894, 0.00291653396562, 0.00470968103036, 0.0198832247406, 0.0400140359998, 0.0209185183048, 0.00634772656485, 0.000960549165029, 0.000303137028823, 0.0026813801378, 0.00957220513374, 0.00395528879017, 0.00292566046119, 0.00040718523087, 0.000197268673219, 0.00310681946576, 0.0136444494128, 0.0135584743693, 0.0281155854464, 0.0445393398404, 0.0226351246238, 0.0100008090958, 0.00275192735717, 7.94867883087e-05, 0.0025536431931, 0.014086868614, 0.00985152833164, 0.0070119057782, 0.00711351074278, 0.00635104253888, 0.0150640718639], "mean": [0.32888841629, 0.171332627535, 0.0552771389484, 0.13040407002, 0.0840400010347, 0.00679945060983, 0.00312608852983, 0.00607041129842, 0.143884912133, 0.291461080313, 0.156282141805, 0.00491445930675, 0.00112899718806, 0.000745985249523, 0.014995505102, 0.0333016440272, 0.0209821742028, 0.00383628113195, 0.0018593010027, 0.000718343537301, 0.0125821027905, 0.0283178072423, 0.0299602132291, 0.360374301672, 0.668647766113, 0.330452799797, 0.0105642322451, 0.0026217661798, 0.000922959705349, 0.014218413271, 0.031175525859, 0.0194277595729, 0.00325607368723, 0.00229836883955, 0.00204379018396, 0.162322193384], "var": [0.163500979543, 0.045246835798, 0.0169463828206, 0.0981014817953, 0.0411567278206, 0.00130644347519, 0.000981443095952, 0.001439847867, 0.0326640345156, 0.118600547314, 0.0355862267315, 0.00105920492206, 0.000158385140821, 5.31937512278e-05, 0.0056406208314, 0.0283182840794, 0.00950253847986, 0.000534461520147, 7.96272579464e-05, 3.61992206308e-05, 0.00385587895289, 0.0210408270359, 0.00932636577636, 0.0599780380726, 0.169135153294, 0.0462217442691, 0.00191462447401, 0.000474798987852, 1.63200074894e-05, 0.0040373117663, 0.0194139443338, 0.00792976934463, 0.00134484190494, 0.00132332369685, 0.00105692108627, 0.0405053943396], "dmean2": [0.105379119515, 0.0694500058889, 0.0413497500122, 0.0597243085504, 0.0491539500654, 0.0147589957342, 0.00645076064393, 0.0126389944926, 0.0674027651548, 0.098797172308, 0.0714388638735, 0.0134524190798, 0.00306067080237, 0.0013513766462, 0.00913547724485, 0.0154553772882, 0.0110384188592, 0.00557799078524, 0.00258850050159, 0.00179921940435, 0.00967497192323, 0.0205263961107, 0.0329152941704, 0.091903835535, 0.0978696346283, 0.0918325036764, 0.0259857345372, 0.00889900978655, 0.00193831918295, 0.00965432543308, 0.0211736820638, 0.0164863690734, 0.0077808983624, 0.00647886050865, 0.00669938791543, 0.0613300576806], "dvar": [0.0331809259951, 0.0120487362146, 0.00570911960676, 0.0212944149971, 0.0110980430618, 0.00207758625038, 0.00117771106306, 0.00180031231139, 0.00929058343172, 0.0233922936022, 0.00974196195602, 0.0020038576331, 0.000310607196297, 0.000101429635833, 0.00139075657353, 0.00576343992725, 0.00214871275239, 0.000982884201221, 0.000137520575663, 6.60549558233e-05, 0.00147134647705, 0.00699368817732, 0.00537795154378, 0.01170426514, 0.0255239903927, 0.0107222618535, 0.00338758365251, 0.000925916188862, 2.71239496215e-05, 0.0011248444207, 0.00588288251311, 0.00393906235695, 0.00224886601791, 0.00225549167953, 0.00207646214403, 0.00860206503421], "min": [0, 0, 0, 0, 0, 0, 0, 0, 0, 0, 0, 0, 0, 0, 0, 0, 0, 0, 0, 0, 0, 0, 0, 0, 0, 0, 0, 0, 0, 0, 0, 0, 0, 0, 0, 0], "median": [0.039028365165, 0.0221888441592, 0.00112706539221, 0.000620979466476, 0.000301586143905, 0.000208351004403, 4.64803342766e-05, 0.000247802498052, 0.0647108629346, 0.136273905635, 0.0726059004664, 0.000784333620686, 7.23064658814e-05, 8.048734162e-05, 9.23750340007e-05, 9.21094178921e-05, 0.000531502009835, 0.000510036712512, 0.000280469568679, 3.0657654861e-05, 0.000295677105896, 0.000422316865297, 0.00463127950206, 0.419844418764, 1, 0.378113776445, 0.00236149085686, 5.10765603394e-05, 6.01062019996e-05, 0.000903777545318, 0.0015965718776, 0.00109159282874, 5.19919813087e-05, 2.28143417189e-05, 0.000163332166267, 0.020421365276], "max": [1, 1, 1, 1, 1, 1, 1, 0.990311682224, 1, 1, 1, 1, 0.544897079468, 0.368674457073, 0.610618948936, 1, 0.905932068825, 1, 0.320881843567, 0.18763884902, 0.663964211941, 1, 1, 1, 1, 1, 0.925242543221, 0.575260341167, 0.0960494801402, 0.626163244247, 1, 1, 1, 1, 1, 1]}, "tuning_equal_tempered_deviation": 0.00836033653468, "chords_key": "F", "chords_strength": {"dmean": 0.0051541114226, "dvar2": 0.00160459266044, "mean": 0.543748557568, "var": 0.0370224118233, "dmean2": 0.00375918694772, "dvar": 0.000766905373894, "min": -1, "median": 0.588623225689, "max": 0.68697309494}, "tuning_diatonic_strength": 0.541998624802, "thpcp": [1, 0.494210571051, 0.0157993976027, 0.00392099749297, 0.00138033763506, 0.0212644301355, 0.0466247349977, 0.0290552973747, 0.0048696398735, 0.00343733862974, 0.00305660208687, 0.242761880159, 0.491870969534, 0.256237506866, 0.0826700404286, 0.195026561618, 0.125686511397, 0.010168957524, 0.00467523979023, 0.00907863862813, 0.215187907219, 0.435896277428, 0.233728647232, 0.00734984781593, 0.00168847816531, 0.00111566251144, 0.0224266145378, 0.0498044639826, 0.0313800126314, 0.00573737220839, 0.00278068822809, 0.00107432284858, 0.018817236647, 0.0423508584499, 0.0448071695864, 0.538959860802], "chords_histogram": [83.0417709351, 0.107104606926, 4.99821472168, 0, 0, 0, 0, 0, 1.17815065384, 0.0714030712843, 0, 0, 0, 0, 0, 0, 0.0357015356421, 1.99928593636, 0, 0, 0, 0.535523056984, 7.24741172791, 0.785433769226], "tuning_nontempered_energy_ratio": 0.583995103836, "tuning_frequency": 443.060424805, "key_strength": 0.723337888718, "chords_changes_rate": 0.0232059974223, "key_scale": "major", "hpcp_entropy": {"dmean": 0.220443531871, "dvar2": 0.285645723343, "mean": 1.0160728693, "var": 0.255702495575, "dmean2": 0.378067821264, "dvar": 0.121556907892, "min": 0, "median": 1.02305781841, "max": 3.63300681114}, "key_key": "F", "chords_number_rate": 0.00178507680539}, "lowlevel": {"melbands_skewness": {"dmean": 0.371523886919, "dvar2": 1.85253369808, "mean": 1.43904733658, "var": 4.55098438263, "dmean2": 0.577266275883, "dvar": 0.792158544064, "min": -7.37732124329, "median": 0.940309643745, "max": 24.8910179138}, "melbands_kurtosis": {"dmean": 5.28492069244, "dvar2": 1599.06103516, "mean": 14.5272722244, "var": 1255.66931152, "dmean2": 8.49653148651, "dvar": 595.19128418, "min": -1.90281808376, "median": 3.7699713707, "max": 945.639221191}, "barkbands_kurtosis": {"dmean": 6.92315769196, "dvar2": 2105.40893555, "mean": 19.3092212677, "var": 5580.60498047, "dmean2": 10.5301685333, "dvar": 1247.76037598, "min": -1.86543214321, "median": 5.08257007599, "max": 1673.77636719}, "hfc": {"dmean": 1.37211060524, "dvar2": 15.7546396255, "mean": 10.4183511734, "var": 67.1055984497, "dmean2": 1.89522886276, "dvar": 8.94059467316, "min": 1.06464649784e-16, "median": 9.08232021332, "max": 93.4257049561}, "silence_rate_20dB": {"dmean": 0, "dvar2": 0, "mean": 1, "var": 0, "dmean2": 0, "dvar": 0, "min": 1, "median": 1, "max": 1}, "erbbands_flatness_db": {"dmean": 0.0135014448315, "dvar2": 0.000752091524191, "mean": 0.387218505144, "var": 0.0110547756776, "dmean2": 0.0210986789316, "dvar": 0.000370953435777, "min": 0.0310570243746, "median": 0.375997006893, "max": 0.659514963627}, "spectral_flux": {"dmean": 0.0172814708203, "dvar2": 0.00200642598793, "mean": 0.0252053290606, "var": 0.00102489045821, "dmean2": 0.0279534030706, "dvar": 0.00083820411237, "min": 6.27719889956e-11, "median": 0.0124900555238, "max": 0.31064248085}, "spectral_energyband_low": {"dmean": 0.000550497614313, "dvar2": 8.60075488163e-06, "mean": 0.00514264497906, "var": 9.17184370337e-05, "dmean2": 0.000794905412477, "dvar": 4.84167867398e-06, "min": 2.32484692507e-23, "median": 0.00122674822342, "max": 0.0827296599746}, "spectral_rolloff": {"dmean": 31.0538311005, "dvar2": 186149.53125, "mean": 840.880371094, "var": 6290275.5, "dmean2": 52.4116516113, "dvar": 106399.132812, "min": 21.533203125, "median": 452.197265625, "max": 19573.6816406}, "spectral_entropy": {"dmean": 0.128778517246, "dvar2": 0.0980993807316, "mean": 5.18750429153, "var": 1.0691536665, "dmean2": 0.204542011023, "dvar": 0.043558947742, "min": 2.54205274582, "median": 5.14376544952, "max": 9.82051467896}, "spectral_energy": {"dmean": 0.00331828161143, "dvar2": 8.56355472934e-05, "mean": 0.0293144416064, "var": 0.000527166645043, "dmean2": 0.00461495527998, "dvar": 4.63519354525e-05, "min": 9.94423930832e-21, "median": 0.0247616823763, "max": 0.187152132392}, "spectral_centroid": {"dmean": 26.2201309204, "dvar2": 33000.859375, "mean": 641.522033691, "var": 2159767, "dmean2": 38.2418441772, "dvar": 23482.5644531, "min": 167.102462769, "median": 372.971954346, "max": 11779.6542969}, "barkbands_flatness_db": {"dmean": 0.0179569479078, "dvar2": 0.00138731836341, "mean": 0.402106672525, "var": 0.0143346339464, "dmean2": 0.0292372070253, "dvar": 0.000558778643608, "min": 0.0532920099795, "median": 0.382639676332, "max": 0.731960237026}, "spectral_rms": {"dmean": 0.000298327795463, "dvar2": 5.44615886611e-07, "mean": 0.00488659134135, "var": 4.7206549425e-06, "dmean2": 0.000413323868997, "dvar": 3.08820176542e-07, "min": 3.11475476487e-12, "median": 0.00491505209357, "max": 0.0135124921799}, "melbands": {"dmean": [4.63157630293e-05, 0.000126301238197, 0.000155481524416, 0.000164144279552, 0.000146162099554, 0.000183400465176, 0.000190511331311, 0.000108186737634, 2.82951732515e-05, 7.32747648726e-05, 1.91572380572e-05, 4.20926917286e-05, 6.26638939139e-06, 2.95997529065e-06, 1.16109174542e-06, 2.68149437943e-06, 9.21378898511e-07, 6.16234899553e-07, 4.39115780182e-07, 4.73044508453e-07, 2.03448394132e-07, 1.364937674e-07, 1.24877431062e-07, 8.38601934561e-08, 6.08451244943e-08, 5.02939379032e-08, 2.80805814157e-08, 2.92181976391e-08, 3.27813474144e-08, 2.9634957599e-08, 3.15103392268e-08, 2.49112730444e-08, 1.04520045952e-08, 1.00521839741e-08, 8.19912404637e-09, 3.71943764677e-09, 2.16425499744e-09, 1.90633686614e-09, 9.71349667367e-10, 4.07696959526e-10], "dvar2": [1.54402130192e-07, 5.25892176029e-07, 3.61166399898e-07, 6.72516137001e-07, 4.38657764334e-07, 7.09721518888e-07, 1.00363763522e-06, 3.11217689841e-07, 3.18191730742e-08, 2.58037317735e-07, 1.70349121476e-08, 7.55676907715e-08, 2.63326760397e-09, 8.71903049759e-10, 2.13073447775e-11, 4.95708973869e-10, 1.3044385884e-11, 6.78826396136e-12, 3.14717609612e-12, 5.42405616949e-12, 9.83043399287e-13, 8.16696645208e-13, 2.60826462425e-13, 1.52930944818e-13, 1.69740049382e-13, 7.44667050462e-14, 2.59533198968e-14, 2.14140008758e-14, 1.64886838585e-14, 1.91454636839e-14, 1.50375165201e-14, 9.28500152605e-15, 1.62981495145e-15, 2.02660975905e-15, 1.61069445321e-15, 3.42560902647e-16, 7.11531961716e-17, 6.97300484714e-17, 1.78673378048e-17, 2.67720810284e-18], "mean": [0.000387837033486, 0.00119443412405, 0.0015891463263, 0.00104439922143, 0.00082965393085, 0.00132871198002, 0.00130071968306, 0.000656934687868, 0.000138220697409, 0.000326090521412, 8.86248817551e-05, 0.000181838113349, 2.53576126852e-05, 1.18076986837e-05, 3.7838501612e-06, 7.40274163036e-06, 2.96502389574e-06, 1.92779862118e-06, 1.41836221701e-06, 1.33537628244e-06, 5.55485939913e-07, 3.88217841873e-07, 2.43958226065e-07, 1.65603907476e-07, 1.13940743063e-07, 9.30640950969e-08, 5.10929893949e-08, 5.53108385759e-08, 7.47505879417e-08, 8.18228187427e-08, 8.375675975e-08, 5.99924376843e-08, 2.52923815225e-08, 2.3718923714e-08, 1.91317734988e-08, 9.28124777033e-09, 5.83733461568e-09, 5.28460208926e-09, 2.75657630056e-09, 1.21975363143e-09], "var": [8.17382215246e-07, 5.89091996517e-06, 6.15705084783e-06, 1.79726669103e-06, 1.1081097e-06, 3.07734057969e-06, 3.44582099387e-06, 1.14431429665e-06, 1.35359400133e-07, 1.00298382222e-06, 5.68039482118e-08, 2.98938658716e-07, 1.03323332112e-08, 3.10543701865e-09, 4.97672944522e-11, 1.38640932068e-09, 3.37256958471e-11, 2.15525462061e-11, 9.01994798297e-12, 1.33575971464e-11, 1.41289692619e-12, 2.23337125703e-12, 1.85898822377e-13, 9.64996786364e-14, 1.3785667215e-13, 5.38218016162e-14, 2.07681416416e-14, 2.06420336824e-14, 2.17431409384e-14, 5.1632438288e-14, 3.98360950346e-14, 1.42042969861e-14, 3.06174860686e-15, 3.06966772964e-15, 1.97239096834e-15, 4.74244853322e-16, 1.45406599105e-16, 1.47474907978e-16, 3.88339559287e-17, 5.82281219061e-18], "dmean2": [8.00090710982e-05, 0.000182406933163, 0.000192973922822, 0.000252465921221, 0.000218339569983, 0.000259376363829, 0.000292091979645, 0.000163972130395, 4.39606155851e-05, 9.50172252487e-05, 2.63302554231e-05, 5.74225232413e-05, 9.15324471862e-06, 4.16861848862e-06, 1.66774407262e-06, 3.88254147765e-06, 1.35848802074e-06, 9.56506482908e-07, 6.93582194344e-07, 7.35145874842e-07, 3.30453900688e-07, 2.08171641702e-07, 2.14926870967e-07, 1.43322822055e-07, 1.00318146679e-07, 8.38227975919e-08, 4.78749022648e-08, 4.90317795254e-08, 5.32684261145e-08, 4.41708607468e-08, 4.76384549586e-08, 3.98442452365e-08, 1.59620832108e-08, 1.58263375738e-08, 1.3535708554e-08, 6.00624394664e-09, 3.40935701892e-09, 3.09133141307e-09, 1.54510593209e-09, 6.43146702561e-10], "dvar": [5.94147202548e-08, 3.0260866879e-07, 2.56591846437e-07, 2.69110387308e-07, 1.80086431101e-07, 3.74954339577e-07, 4.66188026849e-07, 1.53122414304e-07, 1.75912600042e-08, 1.58132507977e-07, 9.03940122754e-09, 4.52544597351e-08, 1.4399311743e-09, 4.72137273722e-10, 1.02874566504e-11, 2.83696038883e-10, 6.46172308369e-12, 3.23548783251e-12, 1.46127424397e-12, 2.46337303854e-12, 3.81628810584e-13, 4.07302365663e-13, 8.58234585287e-14, 5.14196365066e-14, 6.0414191282e-14, 2.51145929547e-14, 8.86157399088e-15, 7.76116807811e-15, 6.31265618798e-15, 9.72062718269e-15, 7.46184781038e-15, 3.59841152982e-15, 7.45943270769e-16, 8.10752461481e-16, 5.74486755706e-16, 1.23319262093e-16, 3.08800816347e-17, 2.66331312291e-17, 7.27899831175e-18, 1.11566688222e-18], "min": [1.19956043071e-24, 1.40606104291e-24, 9.38998983463e-25, 1.76530800332e-24, 9.82835688143e-25, 1.19098294887e-24, 1.43621939253e-24, 1.56870887738e-24, 1.93404278715e-24, 1.09229013874e-24, 2.82284783311e-24, 1.7164686386e-24, 3.65675328767e-24, 2.10210625035e-24, 2.64294830089e-24, 3.12049688557e-24, 2.9805259425e-24, 3.08916471092e-24, 4.06869448022e-24, 2.94979369656e-24, 3.65981130697e-24, 3.32793318541e-24, 5.07356167294e-24, 4.73813407174e-24, 3.25318960071e-24, 4.4428930172e-24, 4.860158232e-24, 5.12919056626e-24, 5.11241583354e-24, 5.07478677393e-24, 4.90783343524e-24, 3.70838502278e-24, 4.80455773768e-24, 4.65765448219e-24, 6.33475028415e-24, 4.99358813766e-24, 5.02098251589e-24, 6.9854911112e-24, 5.50587480394e-24, 7.29873752147e-24], "median": [1.71773135662e-05, 6.48175991955e-05, 0.000552219105884, 0.000592919241171, 0.00046518954332, 0.000549440737814, 0.00023201352451, 0.000313329801429, 1.27598559629e-05, 1.7339390979e-05, 9.89222371572e-06, 1.26584363898e-05, 4.73015325042e-06, 1.94221729544e-06, 1.02385035916e-06, 1.54061990543e-06, 6.58676299281e-07, 2.81197685581e-07, 2.33984081888e-07, 2.06771588296e-07, 1.42590323549e-07, 4.15338909932e-08, 7.77139135266e-08, 5.55214292319e-08, 1.18195320198e-08, 1.08220463702e-08, 2.83845369431e-09, 4.49358061871e-09, 1.57670410061e-08, 1.01457677815e-08, 8.26698354217e-09, 9.26557053305e-09, 4.17536094588e-09, 2.73973510545e-09, 1.71733216536e-09, 8.97660279442e-10, 4.99652486052e-10, 3.2542141204e-10, 1.84930043501e-10, 1.05471263667e-10], "max": [0.00803303904831, 0.0184031762183, 0.0283057540655, 0.0114625133574, 0.0120105491951, 0.0143191991374, 0.0166526902467, 0.0116010699421, 0.00457606371492, 0.0131649766117, 0.00398016814142, 0.00616912124678, 0.00191039184574, 0.001160973683, 7.72353814682e-05, 0.00107929878868, 7.17275543138e-05, 5.74008627154e-05, 5.2944807976e-05, 7.21764808986e-05, 1.94807544176e-05, 3.01247800962e-05, 6.75679439155e-06, 7.41475969335e-06, 7.05200409357e-06, 3.48940761796e-06, 1.78558400421e-06, 2.6054206046e-06, 1.79123128419e-06, 2.8847109661e-06, 3.00020133182e-06, 1.28078715989e-06, 6.94192522133e-07, 7.92795503912e-07, 8.4908339204e-07, 2.62988947952e-07, 1.18654682524e-07, 1.84848204299e-07, 6.01415663937e-08, 2.82712395716e-08]}, "barkbands_crest": {"dmean": 1.13690519333, "dvar2": 8.05994129181, "mean": 14.0505237579, "var": 26.232006073, "dmean2": 1.77838551998, "dvar": 3.67509317398, "min": 4.89283514023, "median": 13.4865922928, "max": 26.9578819275}, "mfcc": {"icov": [[0.000921071215998, -0.00123725773301, 0.00141960231122, -0.001292868983, 0.00182699854486, -0.00202970975079, 0.00200214539655, -0.00210141343996, 0.002542946022, -0.00256426353008, 0.00202687946148, -0.00133542495314, 0.00092284323182], [-0.00123725773301, 0.00213537062518, -0.0023780153133, 0.00204878207296, -0.00236965459771, 0.0022543836385, -0.0026210390497, 0.00337021402083, -0.00412040902302, 0.00407137395814, -0.00285093463026, 0.00164399575442, -0.000924584630411], [0.00141960231122, -0.0023780153133, 0.00374819384888, -0.00327941053547, 0.0027327069547, -0.00114562839735, 0.00113400584087, -0.00292072352022, 0.00439201202244, -0.00445276778191, 0.0033348579891, -0.00191186298616, 0.000998588628136], [-0.001292868983, 0.00204878207296, -0.00327941053547, 0.00528433220461, -0.00463723111898, 0.00131109263748, -0.000899828679394, 0.00135879393201, -0.0018529513618, 0.0027302831877, -0.00272000441328, 0.00204457715154, -0.000878935155924], [0.00182699854486, -0.00236965459771, 0.0027327069547, -0.00463723111898, 0.00903889443725, -0.00670500099659, 0.00107883964665, 0.000275805621641, 0.0019103246741, -0.00436632521451, 0.00422209687531, -0.00307662109844, 0.00199906970374], [-0.00202970975079, 0.0022543836385, -0.00114562839735, 0.00131109263748, -0.00670500099659, 0.012744858861, -0.00758210523054, 0.0049564614892, -0.00728153530508, 0.00708701834083, -0.00495889177546, 0.00300924107432, -0.00189541652799], [0.00200214539655, -0.0026210390497, 0.00113400584087, -0.000899828679394, 0.00107883964665, -0.00758210523054, 0.0183893386275, -0.0172972697765, 0.01260620635, -0.00757332658395, 0.00425347220153, -0.00249930890277, 0.000393746624468], [-0.00210141343996, 0.00337021402083, -0.00292072352022, 0.00135879393201, 0.000275805621641, 0.0049564614892, -0.0172972697765, 0.0271589700133, -0.0190640892833, 0.00859894696623, -0.00409459881485, 0.00294490973465, -0.00156387174502], [0.002542946022, -0.00412040902302, 0.00439201202244, -0.0018529513618, 0.0019103246741, -0.00728153530508, 0.01260620635, -0.0190640892833, 0.0226523038, -0.0155611289665, 0.00891480222344, -0.00538996700197, 0.00354449800216], [-0.00256426353008, 0.00407137395814, -0.00445276778191, 0.0027302831877, -0.00436632521451, 0.00708701834083, -0.00757332658395, 0.00859894696623, -0.0155611289665, 0.0222560334951, -0.0173126384616, 0.012082288973, -0.00543493777514], [0.00202687946148, -0.00285093463026, 0.0033348579891, -0.00272000441328, 0.00422209687531, -0.00495889177546, 0.00425347220153, -0.00409459881485, 0.00891480222344, -0.0173126384616, 0.0250357761979, -0.0198407769203, 0.00760729098693], [-0.00133542495314, 0.00164399575442, -0.00191186298616, 0.00204457715154, -0.00307662109844, 0.00300924107432, -0.00249930890277, 0.00294490973465, -0.00538996700197, 0.012082288973, -0.0198407769203, 0.0248458329588, -0.0101967826486], [0.00092284323182, -0.000924584630411, 0.000998588628136, -0.000878935155924, 0.00199906970374, -0.00189541652799, 0.000393746624468, -0.00156387174502, 0.00354449800216, -0.00543493777514, 0.00760729098693, -0.0101967826486, 0.011127460748]], "mean": [-844.125061035, 206.414505005, 43.321308136, 5.65863609314, -19.6194801331, -6.29553747177, -18.4045581818, -10.1895418167, -7.76836299896, -12.7092370987, -6.34877443314, -1.86989581585, -4.71748924255], "cov": [[10260.2158203, 2243.56884766, -2492.98632812, -545.184997559, -523.036315918, 528.486999512, -684.629821777, -90.2727050781, 226.406967163, -105.935325623, -98.6371688843, -80.9628067017, -418.934783936], [2243.56884766, 3486.33154297, 1228.98449707, 159.925506592, 169.511245728, 54.9794883728, 115.585510254, -50.2216300964, -16.9715518951, -144.243743896, -43.584197998, 15.4356527328, -47.3868598938], [-2492.98632812, 1228.98449707, 2620.75585938, 846.193725586, 311.370269775, -189.085205078, 434.704498291, 36.1927185059, -236.001831055, 17.3483028412, -20.6730422974, -1.81128334999, 138.199615479], [-545.184997559, 159.925506592, 846.193725586, 919.325805664, 513.586120605, 201.264312744, 193.871276855, 24.267162323, -43.4591674805, 37.4472999573, -6.15401697159, -23.6913871765, 8.37722587585], [-523.036315918, 169.511245728, 311.370269775, 513.586120605, 638.618164062, 310.79095459, 172.277481079, 30.6777420044, 66.7037506104, 28.8205108643, 0.133785590529, -3.60143232346, -4.05032014847], [528.486999512, 54.9794883728, -189.085205078, 201.264312744, 310.79095459, 362.300445557, 97.0632019043, 66.9989776611, 107.573394775, 10.6880130768, -1.65420293808, -3.70703935623, -25.8463897705], [-684.629821777, 115.585510254, 434.704498291, 193.871276855, 172.277481079, 97.0632019043, 290.639251709, 140.449859619, 19.1923141479, 34.5844764709, -0.302711188793, 3.70324397087, 52.1029090881], [-90.2727050781, -50.2216300964, 36.1927185059, 24.267162323, 30.6777420044, 66.9989776611, 140.449859619, 201.382095337, 152.550216675, 73.0876159668, -2.14526820183, -17.3707427979, 3.87023496628], [226.406967163, -16.9715518951, -236.001831055, -43.4591674805, 66.7037506104, 107.573394775, 19.1923141479, 152.550216675, 291.149200439, 139.316650391, 24.0350074768, -23.0221118927, -37.5637321472], [-105.935325623, -144.243743896, 17.3483028412, 37.4472999573, 28.8205108643, 10.6880130768, 34.5844764709, 73.0876159668, 139.316650391, 218.352493286, 103.007019043, 6.00098848343, 1.24226713181], [-98.6371688843, -43.584197998, -20.6730422974, -6.15401697159, 0.133785590529, -1.65420293808, -0.302711188793, -2.14526820183, 24.0350074768, 103.007019043, 189.388839722, 111.961967468, 21.1086921692], [-80.9628067017, 15.4356527328, -1.81128334999, -23.6913871765, -3.60143232346, -3.70703935623, 3.70324397087, -17.3707427979, -23.0221118927, 6.00098848343, 111.961967468, 152.175476074, 76.9009399414], [-418.934783936, -47.3868598938, 138.199615479, 8.37722587585, -4.05032014847, -25.8463897705, 52.1029090881, 3.87023496628, -37.5637321472, 1.24226713181, 21.1086921692, 76.9009399414, 172.569396973]]}, "spectral_decrease": {"dmean": 8.46837766577e-10, "dvar2": 5.5993890528e-18, "mean": -7.51663353782e-09, "var": 3.49891906631e-17, "dmean2": 1.17827680945e-09, "dvar": 3.0251576984e-18, "min": -4.73416612579e-08, "median": -6.35111341296e-09, "max": 2.22944422582e-28}, "zerocrossingrate": {"dmean": 0.00187892373651, "dvar2": 0.000117394833069, "mean": 0.0288877505809, "var": 0.00436676014215, "dmean2": 0.00254239398055, "dvar": 7.44752469473e-05, "min": 0.00390625, "median": 0.01708984375, "max": 0.53271484375}, "spectral_contrast_coeffs": {"dmean": [0.029918115586, 0.035435706377, 0.0289328843355, 0.0232629179955, 0.0182104818523, 0.0251135770231], "dvar2": [0.0029010544531, 0.00518937967718, 0.00236099446192, 0.00145675311796, 0.000860564236064, 0.00154726253822], "mean": [-0.548463881016, -0.546368479729, -0.670943856239, -0.762485802174, -0.784226238728, -0.782202661037], "var": [0.0190463922918, 0.0186613537371, 0.0128660006449, 0.0055487328209, 0.00762770744041, 0.00866081286222], "dmean2": [0.0478294342756, 0.0566797107458, 0.0453690625727, 0.0384023375809, 0.029951132834, 0.0430086925626], "dvar": [0.0012798079988, 0.00224859104492, 0.00109649205115, 0.000568477727938, 0.000343612977304, 0.000531275232788], "min": [-0.980121314526, -0.978280484676, -0.974677920341, -0.971902549267, -0.967412471771, -0.964607477188], "median": [-0.546886026859, -0.531599700451, -0.681187152863, -0.75530654192, -0.759281516075, -0.75663793087], "max": [-0.164092943072, -0.260451972485, -0.337659478188, -0.520938575268, -0.574505865574, -0.596192002296]}, "spectral_skewness": {"dmean": 1.38063979149, "dvar2": 7.13707828522, "mean": 7.92567300797, "var": 28.1799449921, "dmean2": 2.38976073265, "dvar": 2.44365048409, "min": -0.071535512805, "median": 5.91696596146, "max": 27.9058761597}, "spectral_energyband_middle_high": {"dmean": 0.000303589651594, "dvar2": 2.99932753478e-06, "mean": 0.00144457083661, "var": 1.24463376778e-05, "dmean2": 0.000410111009842, "dvar": 1.77335164153e-06, "min": 1.21515103903e-21, "median": 0.000311249372317, "max": 0.0367012657225}, "gfcc": {"icov": [[0.000472489598906, -0.00138860475272, 0.00103838567156, -0.00081045681145, 0.0011986750178, -0.000849417061545, 0.000415128655732, -0.000267751223873, 0.000120794720715, 3.93581794924e-05, -0.000252291938523, 3.68509026885e-05, -0.000135027730721], [-0.00138860475272, 0.00481798034161, -0.00340624549426, 0.00279574515298, -0.00373350013979, 0.00261870003305, -0.0018136810977, 0.00230678962544, -0.00150393438525, 0.0010888351826, 0.000121826269606, 0.000902847503312, 0.000334827316692], [0.00103838567156, -0.00340624549426, 0.00308501790278, -0.00204817508347, 0.00200234749354, -0.000853346311487, 0.000476029934362, -0.00184723443817, 0.00245998706669, -0.001261698897, -0.00040057222941, 0.000163110336871, -0.000185334632988], [-0.00081045681145, 0.00279574515298, -0.00204817508347, 0.00303921638988, -0.00290594971739, 4.50619445473e-05, 0.000938252895139, 0.000963149650488, -0.00168499338906, 0.00214771111496, -0.000954446673859, 0.00155867636204, 0.000343741878169], [0.0011986750178, -0.00373350013979, 0.00200234749354, -0.00290594971739, 0.00602623168379, -0.00319126341492, -0.000308496877551, 0.000905703695025, -0.000395136361476, -0.00116315274499, 0.001397265587, -0.00219539995305, 0.000461241492303], [-0.000849417061545, 0.00261870003305, -0.000853346311487, 4.50619445473e-05, -0.00319126341492, 0.0086777722463, -0.00489483447745, -0.000835239363369, 0.0032902576495, -0.00294957333244, 0.00226698862389, -8.65412657731e-05, -0.000795819680206], [0.000415128655732, -0.0018136810977, 0.000476029934362, 0.000938252895139, -0.000308496877551, -0.00489483447745, 0.0117401629686, -0.00567248184234, -0.00340688601136, 0.00519577087834, -0.00198097899556, -0.00128022267018, 0.000581552681979], [-0.000267751223873, 0.00230678962544, -0.00184723443817, 0.000963149650488, 0.000905703695025, -0.000835239363369, -0.00567248184234, 0.0115693062544, -0.00481486739591, 0.00062944664387, -0.000427266815677, 0.00215847278014, 0.000966736581177], [0.000120794720715, -0.00150393438525, 0.00245998706669, -0.00168499338906, -0.000395136361476, 0.0032902576495, -0.00340688601136, -0.00481486739591, 0.0175610613078, -0.0127745075151, 0.00447838194668, 0.00139630585909, -0.001803916879], [3.93581794924e-05, 0.0010888351826, -0.001261698897, 0.00214771111496, -0.00116315274499, -0.00294957333244, 0.00519577087834, 0.00062944664387, -0.0127745075151, 0.0204864460975, -0.00693993223831, -0.00194546743296, 0.00466791726649], [-0.000252291938523, 0.000121826269606, -0.00040057222941, -0.000954446673859, 0.001397265587, 0.00226698862389, -0.00198097899556, -0.000427266815677, 0.00447838194668, -0.00693993223831, 0.0105689363554, -0.00639381399378, 0.00241328706034], [3.68509026885e-05, 0.000902847503312, 0.000163110336871, 0.00155867636204, -0.00219539995305, -8.65412657731e-05, -0.00128022267018, 0.00215847278014, 0.00139630585909, -0.00194546743296, -0.00639381399378, 0.0161758027971, -0.00867834500968], [-0.000135027730721, 0.000334827316692, -0.000185334632988, 0.000343741878169, 0.000461241492303, -0.000795819680206, 0.000581552681979, 0.000966736581177, -0.001803916879, 0.00466791726649, 0.00241328706034, -0.00867834500968, 0.0135293062776]], "mean": [-222.906158447, 195.77571106, -78.0578155518, -17.4953727722, -74.2312316895, -21.805727005, -27.0078449249, -22.9265003204, -8.00615310669, -13.4353885651, -3.83639574051, -9.55800628662, 0.18301397562], "cov": [[32027.34375, 3569.38134766, -6141.84277344, 309.113555908, -2101.15332031, 33.4416923523, -605.676757812, -934.69909668, 191.024597168, -670.631286621, -243.000274658, -482.346343994, 296.541473389], [3569.38134766, 3857.99389648, 2104.79345703, -520.541625977, 509.638336182, -372.66708374, 158.270889282, -305.021789551, -117.143371582, -149.975830078, -4.9165520668, -132.238891602, -89.9214096069], [-6141.84277344, 2104.79345703, 4307.05078125, 56.6562728882, 937.802062988, -265.143768311, 248.179840088, 75.3663482666, -260.709869385, 36.8403053284, 129.498275757, -62.1365776062, -229.876190186], [309.113555908, -520.541625977, 56.6562728882, 1431.97705078, 391.482757568, 265.441436768, -104.279243469, -35.6451759338, -9.71439266205, -69.5638275146, -94.9453887939, -134.916366577, -57.2421722412], [-2101.15332031, 509.638336182, 937.802062988, 391.482757568, 913.469299316, 177.131591797, 157.614639282, -15.5869112015, 6.89790868759, 14.2108440399, -91.7062606812, 14.5288534164, -35.3725738525], [33.4416923523, -372.66708374, -265.143768311, 265.441436768, 177.131591797, 359.401397705, 132.986465454, 99.6294174194, 36.684211731, -9.49286842346, -81.6516418457, -3.95969939232, 21.6380386353], [-605.676757812, 158.270889282, 248.179840088, -104.279243469, 157.614639282, 132.986465454, 277.472839355, 158.010818481, 53.3990516663, -1.4536024332, -27.4202003479, 1.40158498287, -11.2696971893], [-934.69909668, -305.021789551, 75.3663482666, -35.6451759338, -15.5869112015, 99.6294174194, 158.010818481, 271.067871094, 90.3206939697, 49.7023506165, -14.4249591827, -34.7932701111, -44.4618682861], [191.024597168, -117.143371582, -260.709869385, -9.71439266205, 6.89790868759, 36.684211731, 53.3990516663, 90.3206939697, 177.679229736, 82.2693710327, -32.5855903625, -26.8597602844, -21.4563159943], [-670.631286621, -149.975830078, 36.8403053284, -69.5638275146, 14.2108440399, -9.49286842346, -1.4536024332, 49.7023506165, 82.2693710327, 156.960632324, 80.0213241577, 32.2141838074, -42.037021637], [-243.000274658, -4.9165520668, 129.498275757, -94.9453887939, -91.7062606812, -81.6516418457, -27.4202003479, -14.4249591827, -32.5855903625, 80.0213241577, 235.672988892, 95.6496887207, -10.2221355438], [-482.346343994, -132.238891602, -62.1365776062, -134.916366577, 14.5288534164, -3.95969939232, 1.40158498287, -34.7932701111, -26.8597602844, 32.2141838074, 95.6496887207, 181.532852173, 87.4194335938], [296.541473389, -89.9214096069, -229.876190186, -57.2421722412, -35.3725738525, 21.6380386353, -11.2696971893, -44.4618682861, -21.4563159943, -42.037021637, -10.2221355438, 87.4194335938, 153.085372925]]}, "erbbands_spread": {"dmean": 1.0103482008, "dvar2": 23.4147720337, "mean": 7.30977869034, "var": 86.5996551514, "dmean2": 1.59474802017, "dvar": 9.4286365509, "min": 0.27095836401, "median": 4.82186079025, "max": 127.906852722}, "erbbands_kurtosis": {"dmean": 2.57084512711, "dvar2": 74.0673065186, "mean": 10.3994073868, "var": 181.706878662, "dmean2": 3.9222137928, "dvar": 34.8123512268, "min": -1.719176054, "median": 5.95976638794, "max": 143.061676025}, "dynamic_complexity": 3.46028184891, "erbbands_crest": {"dmean": 1.35918486118, "dvar2": 11.787311554, "mean": 18.6454086304, "var": 39.9416656494, "dmean2": 2.09711480141, "dvar": 5.69204807281, "min": 2.21297264099, "median": 18.4619750977, "max": 33.8851165771}, "erbbands": {"dmean": [0.00279605784453, 0.0685480386019, 0.268471091986, 0.692623317242, 1.61733210087, 3.68731403351, 3.34344315529, 9.35070323944, 11.7186470032, 10.4847860336, 4.01510763168, 10.8601922989, 4.12740755081, 9.81439876556, 2.12325930595, 0.518615067005, 0.927272617817, 0.571764647961, 0.395608574152, 0.267451822758, 0.219792246819, 0.109018981457, 0.137383922935, 0.0670084506273, 0.0650943145156, 0.0347251035273, 0.0439130961895, 0.0475880689919, 0.0331608764827, 0.0197991076857, 0.0116799110547, 0.00352511345409, 0.00198669056408, 0.000585739791859, 0.000158909868333, 3.35432232532e-05, 7.95536197984e-06, 1.59612602602e-06, 1.60063382282e-06, 3.70535872207e-06], "dvar2": [0.000700673263054, 0.260925203562, 2.45699858665, 7.24636507034, 38.6029968262, 519.785766602, 206.602157593, 1856.88696289, 3432.26513672, 2879.89453125, 561.926940918, 5428.90869141, 748.942016602, 4022.47607422, 389.241882324, 10.7271595001, 40.9710655212, 7.11502885818, 2.7154853344, 1.29827570915, 1.24248218536, 0.405232101679, 0.388892650604, 0.164320275187, 0.114823482931, 0.0231801718473, 0.0331339240074, 0.0304382815957, 0.0158196073025, 0.00766113493592, 0.00267968326807, 0.000180342409294, 7.26429207134e-05, 4.84288102598e-06, 5.50383504105e-07, 3.53310234402e-08, 2.12131445743e-09, 7.16091769215e-11, 1.85584620588e-11, 1.06196031135e-10], "mean": [0.0174404177815, 0.663374841213, 2.40773773193, 6.22522926331, 15.373664856, 16.8966121674, 20.2407836914, 69.6354675293, 83.4006958008, 63.3209266663, 22.0759162903, 48.6853523254, 19.4260559082, 42.700756073, 9.39040374756, 2.29837465286, 2.75066232681, 1.90556931496, 1.26852369308, 0.967364311218, 0.614350259304, 0.326967388391, 0.271919965744, 0.142160832882, 0.125021204352, 0.0741370022297, 0.116683244705, 0.141741588712, 0.0852347761393, 0.0498058572412, 0.0297404211015, 0.0108312275261, 0.00627218792215, 0.00198120484129, 0.000515294843353, 9.96855087578e-05, 2.11674541788e-05, 3.41397026205e-06, 1.38416835398e-05, 3.25747932948e-05], "var": [0.00163612049073, 2.31024646759, 24.1879520416, 97.4698638916, 587.793457031, 753.467773438, 790.541320801, 8303.32714844, 13654.4960938, 8841.87792969, 2565.82983398, 21077.3222656, 2597.2800293, 15898.9365234, 1516.69689941, 38.142124176, 116.57950592, 22.2187004089, 8.66507148743, 7.14448308945, 1.94359266758, 1.16421616077, 0.253182470798, 0.141249641776, 0.0860880836844, 0.025339635089, 0.0603916011751, 0.113516010344, 0.0261163283139, 0.0123205631971, 0.00386493233964, 0.000437645299826, 0.000181674098712, 1.48535236804e-05, 1.10464361569e-06, 5.08762703078e-08, 1.98117944272e-09, 5.79742330531e-11, 1.14301054732e-10, 6.44148290263e-10], "dmean2": [0.00495156692341, 0.112123347819, 0.371681392193, 0.87951952219, 2.19499945641, 5.84901618958, 4.8928194046, 13.1718053818, 17.7329311371, 16.0358028412, 6.06313896179, 14.1976509094, 5.52929878235, 13.4170064926, 2.97840094566, 0.723504722118, 1.33672630787, 0.824331223965, 0.620822310448, 0.393142223358, 0.357590794563, 0.168944865465, 0.235813945532, 0.109944060445, 0.109417833388, 0.0579804293811, 0.0690042153001, 0.0700969174504, 0.0522810965776, 0.0309455133975, 0.0190086718649, 0.00545159727335, 0.00315629248507, 0.000908256566618, 0.000244477909291, 4.89935700898e-05, 1.16969349619e-05, 2.50462790063e-06, 2.24744530897e-06, 5.14734028911e-06], "dvar": [0.000251347053563, 0.114781133831, 1.50383734703, 5.0665268898, 24.5539531708, 190.315155029, 98.1587524414, 989.763916016, 1693.79675293, 1326.38122559, 323.513061523, 3306.67822266, 405.967224121, 2402.83154297, 216.734146118, 5.81633138657, 23.2927532196, 4.05610752106, 1.27971637249, 0.877257227898, 0.481175363064, 0.202954784036, 0.130744695663, 0.0586413405836, 0.0384239405394, 0.00848066713661, 0.0137198967859, 0.0181256495416, 0.0062738629058, 0.00311827962287, 0.000971424684394, 7.94777006377e-05, 2.87634793494e-05, 2.05767514672e-06, 2.29468398061e-07, 1.84087163291e-08, 1.0193434985e-09, 3.24465176949e-11, 1.02882841135e-11, 5.76436641475e-11], "min": [8.06327926493e-23, 5.25957976023e-22, 1.85004416799e-21, 3.1694489438e-21, 1.16623693732e-20, 1.18453443096e-20, 2.60745132847e-20, 6.29752052006e-20, 1.06748491693e-19, 1.25579587917e-19, 2.35416817254e-19, 1.759270345e-19, 6.3616305072e-19, 5.23016943837e-19, 1.17791180972e-18, 1.25740200543e-18, 1.22087195182e-18, 2.0174728345e-18, 1.99236087188e-18, 3.19549465924e-18, 4.40124647325e-18, 4.13334459313e-18, 5.40014978097e-18, 5.3770788865e-18, 7.10814167468e-18, 8.6764537822e-18, 9.37604426681e-18, 9.90240162446e-18, 9.16168371979e-18, 8.87188926399e-18, 1.1841068962e-17, 1.11251573767e-17, 1.0426202994e-17, 9.14921479924e-18, 6.49591966073e-18, 4.29126743414e-18, 2.19836813548e-18, 9.89358987619e-19, 2.40324221334e-19, 2.25462115404e-20], "median": [0.00102991203312, 0.036558482796, 0.269870996475, 2.42778801918, 5.72051763535, 6.10762834549, 11.2818651199, 26.9613113403, 19.9695987701, 30.4743385315, 3.91423368454, 3.38325166702, 2.3131942749, 3.71958994865, 1.74028885365, 0.617614626884, 0.83038187027, 0.520876526833, 0.253227442503, 0.198010623455, 0.151594102383, 0.0685748010874, 0.0974139794707, 0.034341391176, 0.0148021634668, 0.0112475389615, 0.0286354180425, 0.0253718458116, 0.0159529000521, 0.00758564705029, 0.00311752781272, 0.00113913661335, 0.000463290227344, 0.00017814525927, 7.23943448975e-05, 3.17361591442e-05, 1.16891515063e-05, 1.95498068933e-06, 1.17873460113e-05, 2.75800794043e-05], "max": [0.438143581152, 13.2713680267, 45.3690338135, 99.31690979, 273.839355469, 355.088684082, 258.985290527, 721.929748535, 940.293945312, 938.537414551, 569.801879883, 1896.83325195, 804.514282227, 1417.73791504, 750.132873535, 117.725662231, 303.198638916, 114.589538574, 37.8162612915, 69.1438217163, 20.5254878998, 21.0505580902, 11.3307600021, 6.92568683624, 4.09262466431, 2.65863847733, 3.58254051208, 4.76500320435, 1.66896522045, 1.67056453228, 1.02981281281, 0.223182663321, 0.190961137414, 0.0361703261733, 0.0159368775785, 0.00439407024533, 0.00101019162685, 0.000205833741347, 9.08799484023e-05, 0.000211059581488]}, "silence_rate_30dB": {"dmean": 0.00571428565308, "dvar2": 0.0141575941816, "mean": 0.982681691647, "var": 0.0170180704445, "dmean2": 0.0114306127653, "dvar": 0.00568145466968, "min": 0, "median": 1, "max": 1}, "silence_rate_60dB": {"dmean": 0.0042857141234, "dvar2": 0.00849914457649, "mean": 0.0803427994251, "var": 0.0738872662187, "dmean2": 0.00857295934111, "dvar": 0.00426766136661, "min": 0, "median": 0, "max": 1}, "spectral_energyband_middle_low": {"dmean": 0.0028596771881, "dvar2": 7.03112455085e-05, "mean": 0.0235755965114, "var": 0.000341744453181, "dmean2": 0.004045936279, "dvar": 3.62368336937e-05, "min": 1.4577100659e-22, "median": 0.0209522750229, "max": 0.164325833321}, "spectral_spread": {"dmean": 374150.3125, "dvar2": 991545262080, "mean": 226949