{"metadata": {"audio_properties": {"downmix": "mix", "bit_rate": 160000, "lossless": false, "md5_encoded": "5e661da56d2791bc58d0c1fc14393058", "analysis_sample_rate": 44100, "sample_rate": 44100, "replay_gain": -12.3109474182, "equal_loudness": 0, "codec": "mp3", "length": 183.719177246}, "tags": {"musicbrainz_albumid": ["87f6ce8c-81f8-4c5f-81f6-5a5ba90f645d"], "musicbrainz_recordingid": ["91dbd133-4039-485f-b863-bf4d8cb2921f"], "tracknumber": ["2/12"], "artist": ["Miossec"], "barcode": ["5413356215120"], "album": ["Brûle"], "musicbrainz album type": ["album"], "albumartist": ["Miossec"], "asin": ["B00005QSTC"], "isrc": ["BEP010110104"], "media": ["CD"], "musicbrainz_albumartistid": ["b44299ef-1399-48a4-832d-899b49c1455d"], "file_name": "02 - Tendre S.mp3", "musicbrainz album release country": ["FR"], "musicbrainz_artistid": ["b44299ef-1399-48a4-832d-899b49c1455d"], "catalognumber": ["PIASB 051 CD"], "albumartistsort": ["Miossec"], "script": ["Latn"], "label": ["[PIAS] RECORDINGS"], "musicip_puid": ["97c1f12d-fa8c-fc93-12f3-8ffbb5e5049d"], "musicbrainz album status": ["official"], "date": ["2001-10-22"], "title": ["Tendre S"], "language": ["fra"], "discnumber": ["1/1"], "artistsort": ["Miossec"], "encodedby": ["iTunes 10.1.0.54"], "genre": ["Chanson"]}, "version": {"essentia_build_sha": "2d9f1f26377add8aeb1075a9c2973f962c4f09fd", "essentia_git_sha": "v2.1_beta2-1-ge3940c0", "extractor": "music 1.0", "essentia": "2.1-beta2"}}, "tonal": {"chords_scale": "minor", "hpcp": {"dmean": [0.0926396772265, 0.0704320892692, 0.0632752254605, 0.0698034837842, 0.0683547481894, 0.0957754850388, 0.1334335953, 0.135637015104, 0.15236081183, 0.160933941603, 0.165684103966, 0.192613095045, 0.210766553879, 0.169747695327, 0.124206893146, 0.0750997588038, 0.0707369968295, 0.0922610461712, 0.102323882282, 0.08758251369, 0.0869823694229, 0.0956427827477, 0.0911193713546, 0.0825286284089, 0.0771455168724, 0.0814262852073, 0.138181775808, 0.161287710071, 0.135416835546, 0.0969321578741, 0.0780819058418, 0.0793090164661, 0.115342989564, 0.140260919929, 0.147911667824, 0.124734975398], "dvar2": [0.0776042789221, 0.0633853003383, 0.0522308088839, 0.0614974722266, 0.0611787997186, 0.0755758658051, 0.106182135642, 0.120412603021, 0.165165245533, 0.173723071814, 0.172423988581, 0.159817352891, 0.161512777209, 0.131174504757, 0.130838245153, 0.0829802080989, 0.0811557099223, 0.0979186370969, 0.0879117846489, 0.0708906427026, 0.0782055854797, 0.0694134756923, 0.0810422077775, 0.0885626673698, 0.0801628381014, 0.0784595087171, 0.120584048331, 0.133171930909, 0.0974143743515, 0.0886963531375, 0.0778339132667, 0.0773950889707, 0.0925773382187, 0.0961947739124, 0.10317914933, 0.101574771106], "mean": [0.0853424593806, 0.0608829259872, 0.0572605095804, 0.0652064681053, 0.0642003640532, 0.10475640744, 0.175979271531, 0.187451839447, 0.156308338046, 0.134547457099, 0.141312241554, 0.241174414754, 0.372308135033, 0.305712997913, 0.129972651601, 0.0571482628584, 0.0574310794473, 0.0925174504519, 0.121225342155, 0.0956133008003, 0.084675617516, 0.111199989915, 0.090155236423, 0.064393773675, 0.0609387271106, 0.067367836833, 0.150497555733, 0.240644812584, 0.182053640485, 0.08689571172, 0.0621295757592, 0.0646188110113, 0.133823230863, 0.234026566148, 0.2072224617, 0.118677727878], "var": [0.0274874810129, 0.0183005817235, 0.0160411316901, 0.0198830049485, 0.0199663918465, 0.0294735245407, 0.0663826540112, 0.0825624018908, 0.074147619307, 0.057939145714, 0.061443541199, 0.0858027487993, 0.131856366992, 0.120683766901, 0.0551057569683, 0.0225578080863, 0.0233827233315, 0.0326998271048, 0.0409033745527, 0.028355171904, 0.0260621197522, 0.0334652513266, 0.0272372122854, 0.0220424905419, 0.0204821713269, 0.0233981255442, 0.0562230236828, 0.10686763376, 0.0672865658998, 0.0280946809798, 0.0208973381668, 0.0219378434122, 0.0410143174231, 0.0837053433061, 0.0683172270656, 0.0389085002244], "dmean2": [0.164091840386, 0.126486599445, 0.113377355039, 0.123870693147, 0.122509419918, 0.168515339494, 0.229111433029, 0.235865965486, 0.269558519125, 0.291267454624, 0.300500780344, 0.337013721466, 0.368543833494, 0.294104397297, 0.227182805538, 0.138845428824, 0.129484370351, 0.163139656186, 0.174795284867, 0.151858776808, 0.153620019555, 0.162161111832, 0.161625102162, 0.151274040341, 0.140714034438, 0.147643342614, 0.240751266479, 0.27603289485, 0.232059687376, 0.172723278403, 0.143065720797, 0.144352510571, 0.200966134667, 0.23589900136, 0.254060834646, 0.220546379685], "dvar": [0.0287933498621, 0.0225612614304, 0.0184512864798, 0.0222702398896, 0.0219007432461, 0.0276170726866, 0.0415612459183, 0.0462566055357, 0.0618299804628, 0.0642304867506, 0.0639035180211, 0.0612173974514, 0.0637500956655, 0.0504878275096, 0.0469822958112, 0.0293562449515, 0.0288525409997, 0.0350635163486, 0.033021133393, 0.0253214165568, 0.0276972856373, 0.0260339714587, 0.0287394244224, 0.0313163101673, 0.0283132810146, 0.027306240052, 0.0439919419587, 0.0527823120356, 0.0372942648828, 0.0312083363533, 0.0276016164571, 0.0279632080346, 0.0347129814327, 0.0379371903837, 0.0395650193095, 0.0377462655306], "min": [0, 0, 0, 0, 0, 0, 0, 0, 0, 0, 0, 0, 0, 0, 0, 0, 0, 0, 0, 0, 0, 0, 0, 0, 0, 0, 0, 0, 0, 0, 0, 0, 0, 0, 0, 0], "median": [0.0180663391948, 0.0109282098711, 0.0127267464995, 0.0153425019234, 0.0172750353813, 0.0348411649466, 0.0566064193845, 0.0448921844363, 0.0285699144006, 0.0283433720469, 0.0296718385071, 0.102746680379, 0.21521577239, 0.130269348621, 0.0236448980868, 0.00977271981537, 0.0107845151797, 0.0273421686143, 0.039255540818, 0.0308589600027, 0.0278556197882, 0.0377553626895, 0.0277906470001, 0.0146149564534, 0.0140385851264, 0.0135108884424, 0.0361144989729, 0.0717255026102, 0.0559307336807, 0.0221816524863, 0.0121005382389, 0.0120461555198, 0.0524705126882, 0.107310116291, 0.0943409577012, 0.0405070632696], "max": [1, 1, 1, 1, 1, 1, 1, 1, 1, 1, 1, 1, 1, 1, 1, 1, 1, 1, 1, 1, 1, 1, 1, 1, 1, 1, 1, 1, 1, 1, 1, 1, 1, 1, 1, 1]}, "tuning_equal_tempered_deviation": 0.0725767016411, "chords_key": "C#", "chords_strength": {"dmean": 0.010635796003, "dvar2": 0.000984466867521, "mean": 0.494887828827, "var": 0.0287243183702, "dmean2": 0.00985475629568, "dvar": 0.000542664842214, "min": -1, "median": 0.511312544346, "max": 0.766585588455}, "tuning_diatonic_strength": 0.593354225159, "thpcp": [1, 0.821128964424, 0.349099695683, 0.153497219086, 0.154256850481, 0.248496994376, 0.325604856014, 0.256812274456, 0.227434232831, 0.298677295446, 0.242152199149, 0.172958284616, 0.163678199053, 0.180946454406, 0.40422847867, 0.646359264851, 0.488986462355, 0.233397290111, 0.166876763105, 0.173562720418, 0.359442144632, 0.628583014011, 0.556588590145, 0.318762123585, 0.229225337505, 0.163528323174, 0.153798699379, 0.175141125917, 0.172438785434, 0.281370192766, 0.472671031952, 0.503485739231, 0.419835954905, 0.361387372017, 0.379557222128, 0.647781729698], "chords_histogram": [12.1273374557, 1.28852951527, 48.1051025391, 0.682162702084, 2.75391602516, 10.7124814987, 0, 6.74583101273, 0, 14.1485595703, 1.28852951527, 0.808489143848, 0.707427978516, 0.581101536751, 0, 0, 0, 0, 0, 0, 0.0252652857453, 0.0252652857453, 0, 0], "tuning_nontempered_energy_ratio": 0.703542292118, "tuning_frequency": 440, "key_strength": 0.729073882103, "chords_changes_rate": 0.0631632134318, "key_scale": "minor", "hpcp_entropy": {"dmean": 0.649579644203, "dvar2": 0.765112936497, "mean": 2.14142394066, "var": 0.528219223022, "dmean2": 1.09944653511, "dvar": 0.274520546198, "min": 0, "median": 2.18634414673, "max": 4.15756034851}, "key_key": "F#", "chords_number_rate": 0.00202122284099}, "lowlevel": {"melbands_skewness": {"dmean": 0.676597356796, "dvar2": 1.00567984581, "mean": 3.32996439934, "var": 2.33020949364, "dmean2": 1.03710818291, "dvar": 0.433820009232, "min": -0.348827242851, "median": 3.09467792511, "max": 11.8217124939}, "melbands_kurtosis": {"dmean": 7.29059362411, "dvar2": 220.495895386, "mean": 18.7953453064, "var": 324.052215576, "dmean2": 11.3143167496, "dvar": 93.7409362793, "min": -1.56158590317, "median": 13.5289230347, "max": 230.364135742}, "barkbands_kurtosis": {"dmean": 2.93236398697, "dvar2": 40.3078231812, "mean": 6.02181386948, "var": 64.8621063232, "dmean2": 4.53356552124, "dvar": 17.7310180664, "min": -1.89625740051, "median": 3.76583147049, "max": 117.460479736}, "hfc": {"dmean": 8.52123260498, "dvar2": 324.9347229, "mean": 25.74168396, "var": 1014.43078613, "dmean2": 11.51055336, "dvar": 207.121322632, "min": 1.07502377641e-16, "median": 16.2643547058, "max": 307.248352051}, "silence_rate_20dB": {"dmean": 0, "dvar2": 0, "mean": 1, "var": 0, "dmean2": 0, "dvar": 0, "min": 1, "median": 1, "max": 1}, "erbbands_flatness_db": {"dmean": 0.0177144780755, "dvar2": 0.000531831232365, "mean": 0.117328099906, "var": 0.000912049959879, "dmean2": 0.0253595151007, "dvar": 0.00025822976022, "min": 0.0333793088794, "median": 0.116319924593, "max": 0.228725537658}, "spectral_flux": {"dmean": 0.0220215413719, "dvar2": 0.00118216476403, "mean": 0.0879644602537, "var": 0.00173803640064, "dmean2": 0.0346479229629, "dvar": 0.000508106837515, "min": 6.34999414162e-11, "median": 0.0837059170008, "max": 0.278940826654}, "spectral_energyband_low": {"dmean": 0.00624465802684, "dvar2": 0.0001569269225, "mean": 0.0170893166214, "var": 0.000231011668802, "dmean2": 0.00934568047523, "dvar": 6.80676239426e-05, "min": 2.21865378322e-23, "median": 0.0124848876148, "max": 0.103637166321}, "spectral_rolloff": {"dmean": 498.71270752, "dvar2": 2432159.75, "mean": 1567.91784668, "var": 8605732, "dmean2": 799.115112305, "dvar": 1319946.375, "min": 86.1328125, "median": 689.0625, "max": 19530.6152344}, "spectral_entropy": {"dmean": 0.204199716449, "dvar2": 0.0699747651815, "mean": 7.69995164871, "var": 0.196929574013, "dmean2": 0.280746430159, "dvar": 0.0352079868317, "min": 6.42259693146, "median": 7.64798641205, "max": 9.82448101044}, "spectral_energy": {"dmean": 0.00943670608103, "dvar2": 0.000232558973948, "mean": 0.0374906994402, "var": 0.000500226567965, "dmean2": 0.0138543983921, "dvar": 0.000108171290776, "min": 1.00292070747e-20, "median": 0.0343004986644, "max": 0.168620184064}, "spectral_centroid": {"dmean": 285.563690186, "dvar2": 197878.765625, "mean": 1359.23962402, "var": 1620440.5, "dmean2": 422.335540771, "dvar": 97662.484375, "min": 280.988128662, "median": 1108.26269531, "max": 11837.3066406}, "barkbands_flatness_db": {"dmean": 0.0230406373739, "dvar2": 0.000910355418455, "mean": 0.128041043878, "var": 0.00218757544644, "dmean2": 0.0332987122238, "dvar": 0.000443390686996, "min": 0.0256217140704, "median": 0.123764649034, "max": 0.328315854073}, "spectral_rms": {"dmean": 0.000752521213144, "dvar2": 1.15305533654e-06, "mean": 0.00572875840589, "var": 3.75755303139e-06, "dmean2": 0.00109815201722, "dvar": 5.60796820537e-07, "min": 3.12803320572e-12, "median": 0.00578479934484, "max": 0.0128260478377}, "melbands": {"dmean": [0.00134594959673, 0.00127568026073, 0.00075156474486, 0.000622931227554, 0.000393177382648, 0.000370807771105, 0.000317361467751, 0.000168564438354, 0.000116917755804, 5.56614249945e-05, 5.78242943448e-05, 5.05260286445e-05, 5.0324768381e-05, 4.76807581435e-05, 3.70735142496e-05, 2.86136837531e-05, 3.28224159603e-05, 2.85066635115e-05, 8.5271694843e-06, 8.91309264262e-06, 7.36461606721e-06, 7.64828291722e-06, 5.52621077077e-06, 4.38148163084e-06, 3.78508298127e-06, 4.37524340668e-06, 5.93286267758e-06, 5.97650887357e-06, 6.93543597663e-06, 4.43711223852e-06, 2.66328811449e-06, 2.22818039219e-06, 1.9513092866e-06, 2.03200465876e-06, 1.74756223714e-06, 1.45269643781e-06, 1.53852374751e-06, 1.88205319773e-06, 2.06694608096e-06, 1.89698664599e-06], "dvar2": [1.18546240628e-05, 7.64121796237e-06, 2.62301068688e-06, 2.14219971895e-06, 9.76468186309e-07, 1.01174532574e-06, 8.84838414095e-07, 3.61196271115e-07, 2.0348694818e-07, 3.32948992821e-08, 2.53876599743e-08, 2.03724876968e-08, 2.12138822064e-08, 1.69997758093e-08, 1.1659678556e-08, 5.6012328109e-09, 8.77645245367e-09, 8.74312711119e-09, 9.10539255106e-10, 1.278686379e-09, 5.95928584257e-10, 6.84065359913e-10, 1.8452736561e-10, 1.72240721685e-10, 1.59685292767e-10, 1.10729155012e-10, 2.26160284944e-10, 1.74346634352e-10, 3.54912821354e-10, 1.29290605999e-10, 6.62608856672e-11, 6.75706920972e-11, 5.85196197056e-11, 6.60379667616e-11, 5.51752254996e-11, 2.49502987715e-11, 3.38181115056e-11, 6.18217005366e-11, 9.04400790369e-11, 7.34143162928e-11], "mean": [0.00341654103249, 0.00293023674749, 0.00130322843324, 0.00111440650653, 0.0007091750158, 0.000676356663462, 0.000547466042917, 0.000303779379465, 0.000202703755349, 9.6889991255e-05, 0.00010212543566, 9.44818748394e-05, 8.66396076162e-05, 8.0032441474e-05, 6.5224870923e-05, 5.51540033484e-05, 6.48720888421e-05, 5.03759620187e-05, 1.4692061086e-05, 1.65453839145e-05, 1.295477432e-05, 1.33271041705e-05, 1.09841212179e-05, 8.06445223134e-06, 6.98330541127e-06, 8.04411956778e-06, 1.04729260784e-05, 1.02505755422e-05, 1.05840681499e-05, 6.62394222672e-06, 3.78918753086e-06, 2.92793788503e-06, 2.43918702836e-06, 2.91831838695e-06, 2.61617856268e-06, 2.21309915105e-06, 2.5402182473e-06, 3.38941799782e-06, 3.68995324607e-06, 3.34109427058e-06], "var": [1.52549191625e-05, 7.36436686566e-06, 2.16611329051e-06, 1.72002899035e-06, 7.24979429378e-07, 8.37211814542e-07, 6.42924931071e-07, 3.61468380561e-07, 2.76818298062e-07, 4.0022829495e-08, 2.79540479653e-08, 2.09754755787e-08, 1.42352352128e-08, 9.93518600723e-09, 9.65582014345e-09, 5.87024384657e-09, 9.67000257646e-09, 7.18866166594e-09, 5.17691112201e-10, 9.46296041526e-10, 3.72752245736e-10, 4.78204420507e-10, 1.97690502857e-10, 1.50758641682e-10, 1.26449281601e-10, 9.28048540794e-11, 1.59223259577e-10, 1.50153695033e-10, 1.97667548996e-10, 9.43596242808e-11, 5.53028907391e-11, 5.80712769538e-11, 5.15859924222e-11, 8.53671300316e-11, 6.44042180697e-11, 3.22855492341e-11, 5.50937732935e-11, 1.44285763892e-10, 1.79614309537e-10, 1.37784478271e-10], "dmean2": [0.00198930711485, 0.00197921507061, 0.00122638174798, 0.00103323033545, 0.000640444515739, 0.0005982714938, 0.00049879332073, 0.000263402849669, 0.00018263963284, 8.78696591826e-05, 9.08461443032e-05, 7.89965270087e-05, 8.08489203337e-05, 7.75655425969e-05, 5.99970808253e-05, 4.51601626992e-05, 5.15665124112e-05, 4.66824276373e-05, 1.40596912388e-05, 1.44124387589e-05, 1.21007788039e-05, 1.24115313156e-05, 8.66413938638e-06, 6.76692934576e-06, 5.9450903791e-06, 6.82963900545e-06, 9.29592624743e-06, 9.03838372324e-06, 1.07139303509e-05, 6.634795227e-06, 4.09883205066e-06, 3.45220905729e-06, 2.96650659948e-06, 3.09821871269e-06, 2.70594910035e-06, 2.14504416363e-06, 2.22466815103e-06, 2.63951392299e-06, 2.90528578262e-06, 2.68843996309e-06], "dvar": [4.8432470976e-06, 3.11065650749e-06, 1.03031777599e-06, 8.09928735634e-07, 3.90423309682e-07, 4.50491455695e-07, 3.75323054413e-07, 1.59914677056e-07, 1.06322609383e-07, 1.55939527957e-08, 1.08131690268e-08, 8.9009715154e-09, 8.62525606493e-09, 6.41460706774e-09, 4.62316185335e-09, 2.44359510404e-09, 3.58395757516e-09, 3.14426595871e-09, 3.49135081956e-10, 5.25456067546e-10, 2.27726074109e-10, 2.65656330267e-10, 8.17700906985e-11, 7.43962044747e-11, 6.62980781385e-11, 4.67785289671e-11, 9.38133321027e-11, 7.59008828011e-11, 1.42155662242e-10, 5.67712717114e-11, 2.96272381628e-11, 3.0653771188e-11, 2.77564048135e-11, 3.4790937492e-11, 2.78178036162e-11, 1.28210567163e-11, 1.73739148068e-11, 3.48264715677e-11, 4.98289604023e-11, 3.99467993406e-11], "min": [1.48489418114e-24, 1.10330046761e-24, 1.57324177075e-24, 1.43328907009e-24, 1.56550018565e-24, 7.46797165425e-25, 2.02118174325e-24, 2.30431693834e-24, 1.60209159735e-24, 2.64267910211e-24, 1.53064574706e-24, 1.59865886912e-24, 2.50355224021e-24, 2.50594308039e-24, 2.37390058385e-24, 2.46906718573e-24, 3.29668758824e-24, 2.34970109229e-24, 2.66819263872e-24, 3.15233117018e-24, 2.79237965837e-24, 3.16666280068e-24, 3.66813339509e-24, 3.66157756653e-24, 4.02291293759e-24, 4.64871826585e-24, 3.93561403994e-24, 3.73043762938e-24, 4.57001203562e-24, 5.0430430111e-24, 4.91136832095e-24, 4.32376594861e-24, 4.3013441551e-24, 5.77356804681e-24, 4.84814388041e-24, 6.45760432609e-24, 6.64113991543e-24, 6.52537654975e-24, 6.0246463013e-24, 6.75269194718e-24], "median": [0.00190598797053, 0.00208261678927, 0.000782461720519, 0.000726179743651, 0.000460219103843, 0.000424507656135, 0.000290227122605, 0.000120351556689, 8.25664246804e-05, 3.93624868593e-05, 4.93912011734e-05, 4.25942525908e-05, 4.86323115183e-05, 4.97127584822e-05, 2.8063001082e-05, 2.87719412881e-05, 2.38816373894e-05, 2.1849595214e-05, 7.0302239692e-06, 7.62504987506e-06, 6.86729526933e-06, 6.65950756229e-06, 6.57306190988e-06, 4.32733395428e-06, 3.85448083762e-06, 5.08238190378e-06, 6.31143257124e-06, 6.09269363849e-06, 5.75101512368e-06, 3.12189285978e-06, 1.42906276324e-06, 9.34021556986e-07, 8.13024598756e-07, 1.15617274332e-06, 1.04822743197e-06, 6.73382828609e-07, 4.80611276998e-07, 4.01586305543e-07, 3.00194329839e-07, 2.66322729203e-07], "max": [0.0283937994391, 0.0210997276008, 0.0140168881044, 0.0178440138698, 0.0111629944295, 0.0186256691813, 0.016706770286, 0.0132226226851, 0.0138094285503, 0.00374821340665, 0.00275085773319, 0.00243741553277, 0.00216897134669, 0.00160299590789, 0.00127582403366, 0.00130967027508, 0.00162106752396, 0.00156480178703, 0.000443022785475, 0.00069979793625, 0.000453954213299, 0.000665101921186, 0.00030305297696, 0.000298787635984, 0.000360637815902, 0.000146879610838, 0.000146812861203, 0.000127514824271, 0.000187382582226, 0.000134204354254, 0.000168065307662, 0.000214115003473, 0.000213355830056, 0.000234157079831, 0.000228081378737, 0.000140602889587, 9.16541612241e-05, 0.000136451708386, 0.000155412068125, 0.000159071641974]}, "barkbands_crest": {"dmean": 2.45337796211, "dvar2": 11.9575929642, "mean": 11.3671588898, "var": 25.0351390839, "dmean2": 3.85661816597, "dvar": 5.0560965538, "min": 2.47520756721, "median": 10.2244415283, "max": 25.3912353516}, "mfcc": {"icov": [[0.000133366367663, -0.00011043008999, -0.000130071348394, 9.5235365734e-05, 7.20258394722e-05, -0.000124187747133, -3.18618003803e-05, 0.000251334131462, 5.02487137055e-06, 1.47621631186e-05, -2.40937733906e-05, 3.29871500071e-06, 0.000117208983283], [-0.00011043008999, 0.00131375296041, 0.000667667307425, -0.00100759183988, 0.000179355221917, -1.29699010358e-05, 0.000487351266202, -0.000349053181708, 0.000606036279351, -0.000646300904918, 0.000100135868706, -0.000396279181587, -0.000283365050564], [-0.000130071348394, 0.000667667307425, 0.00384241924621, -0.000702219374944, -0.00115410098806, 0.00145822856575, -0.00118325464427, 0.000414979062043, -0.0018492465606, 0.00159743963741, -0.00116926420014, 2.98239574477e-05, -0.00159561762121], [9.5235365734e-05, -0.00100759183988, -0.000702219374944, 0.00724806450307, -0.000906743865926, -0.00214750692248, -0.000225401381613, -0.00148267869372, 0.000307821261231, 0.000699854979757, 0.0014241571771, -0.00167462357786, -0.00221778568812], [7.20258394722e-05, 0.000179355221917, -0.00115410098806, -0.000906743865926, 0.00878436584026, -0.00131229718681, -0.000571829557884, 0.00133162003476, -0.00123874715064, -0.000574634759687, -0.000172057800228, 0.000312558811856, -0.000961160461884], [-0.000124187747133, -1.29699010358e-05, 0.00145822856575, -0.00214750692248, -0.00131229718681, 0.0139723950997, -0.00433220434934, -0.000861788052134, 0.000402279692935, -0.00119945197366, -0.000716572918463, 0.00024790779571, 4.04763050028e-05], [-3.18618003803e-05, 0.000487351266202, -0.00118325464427, -0.000225401381613, -0.000571829557884, -0.00433220434934, 0.0112807778642, -0.00316949607804, 2.8419211958e-05, -0.00172845053021, 0.00230298051611, -0.00329338386655, 0.000800569017883], [0.000251334131462, -0.000349053181708, 0.000414979062043, -0.00148267869372, 0.00133162003476, -0.000861788052134, -0.00316949607804, 0.015676997602, -0.00394458789378, -0.00101835618261, -0.000927843095269, 0.00166465935763, -0.00137513084337], [5.02487137055e-06, 0.000606036279351, -0.0018492465606, 0.000307821261231, -0.00123874715064, 0.000402279692935, 2.8419211958e-05, -0.00394458789378, 0.0178536009043, -0.00345911760814, -0.00139069010038, -0.000686312676407, 0.000353366718628], [1.47621631186e-05, -0.000646300904918, 0.00159743963741, 0.000699854979757, -0.000574634759687, -0.00119945197366, -0.00172845053021, -0.00101835618261, -0.00345911760814, 0.0165210291743, -0.00182193843648, -0.00243286648765, -0.00101899320725], [-2.40937733906e-05, 0.000100135868706, -0.00116926420014, 0.0014241571771, -0.000172057800228, -0.000716572918463, 0.00230298051611, -0.000927843095269, -0.00139069010038, -0.00182193843648, 0.0150561109185, -0.00513827940449, 0.000630955386441], [3.29871500071e-06, -0.000396279181587, 2.98239574477e-05, -0.00167462357786, 0.000312558811856, 0.00024790779571, -0.00329338386655, 0.00166465935763, -0.000686312676407, -0.00243286648765, -0.00513827940449, 0.0215786956251, -0.00605147331953], [0.000117208983283, -0.000283365050564, -0.00159561762121, -0.00221778568812, -0.000961160461884, 4.04763050028e-05, 0.000800569017883, -0.00137513084337, 0.000353366718628, -0.00101899320725, 0.000630955386441, -0.00605147331953, 0.0220626685768]], "mean": [-627.645446777, 123.59262085, 13.7393226624, 26.6047477722, 2.74791383743, 10.9321908951, 9.249792099, -3.22687697411, -5.39726018906, 2.97734761238, -3.78777647018, 5.43537950516, 3.09089946747], "cov": [[8529, 588.675598145, 124.072349548, -59.8186225891, -58.430316925, 33.5773963928, -22.8348007202, -146.206787109, -46.3976516724, -15.6771278381, 16.4338989258, 0.737051486969, -45.9300346375], [588.675598145, 1145.26831055, -238.527130127, 158.534500122, -44.4622116089, 49.8726348877, -24.5446338654, 25.8244972229, -55.2074699402, 54.3597869873, -20.8908252716, 34.0570793152, 24.0729522705], [124.072349548, -238.527130127, 408.072265625, 14.251950264, 67.257774353, -23.4577922821, 39.7828521729, -1.45682013035, 52.3306465149, -26.0853385925, 31.5918960571, 16.3360958099, 30.1956615448], [-59.8186225891, 158.534500122, 14.251950264, 205.026748657, 28.33959198, 45.3975791931, 36.5087585449, 31.672958374, 2.48337626457, 12.1760377884, -10.1723012924, 29.7918300629, 34.7800636292], [-58.430316925, -44.4622116089, 67.257774353, 28.33959198, 135.531356812, 17.3249149323, 24.6074104309, 1.13136839867, 19.065372467, 6.34801769257, 6.71568775177, 9.93963813782, 15.0246562958], [33.5773963928, 49.8726348877, -23.4577922821, 45.3975791931, 17.3249149323, 100.354240417, 47.8831672668, 20.3380413055, 2.45783901215, 19.255241394, -0.803022384644, 13.0714712143, 7.88814544678], [-22.8348007202, -24.5446338654, 39.7828521729, 36.5087585449, 24.6074104309, 47.8831672668, 134.081039429, 33.6944122314, 16.7623615265, 21.5604572296, -4.02933549881, 24.7127952576, 12.1931152344], [-146.206787109, 25.8244972229, -1.45682013035, 31.672958374, 1.13136839867, 20.3380413055, 33.6944122314, 84.0554275513, 20.1776752472, 16.5719051361, 3.54594564438, 7.71185874939, 10.6713228226], [-46.3976516724, -55.2074699402, 52.3306465149, 2.48337626457, 19.065372467, 2.45783901215, 16.7623615265, 20.1776752472, 73.2975006104, 15.2862510681, 14.6240987778, 9.22434425354, 6.69112062454], [-15.6771278381, 54.3597869873, -26.0853385925, 12.1760377884, 6.34801769257, 19.255241394, 21.5604572296, 16.5719051361, 15.2862510681, 77.2521591187, 11.7150583267, 18.0649261475, 8.55373764038], [16.4338989258, -20.8908252716, 31.5918960571, -10.1723012924, 6.71568775177, -0.803022384644, -4.02933549881, 3.54594564438, 14.6240987778, 11.7150583267, 80.3011245728, 20.1423473358, 5.1030216217], [0.737051486969, 34.0570793152, 16.3360958099, 29.7918300629, 9.93963813782, 13.0714712143, 24.7127952576, 7.71185874939, 9.22434425354, 18.0649261475, 20.1423473358, 65.6362686157, 22.7163333893], [-45.9300346375, 24.0729522705, 30.1956615448, 34.7800636292, 15.0246562958, 7.88814544678, 12.1931152344, 10.6713228226, 6.69112062454, 8.55373764038, 5.1030216217, 22.7163333893, 58.7940864563]]}, "spectral_decrease": {"dmean": 2.4052426717e-09, "dvar2": 1.52659821641e-17, "mean": -9.31472499133e-09, "var": 3.2078907879e-17, "dmean2": 3.53156637267e-09, "dvar": 7.09342199568e-18, "min": -4.32628439739e-08, "median": -8.38637959077e-09, "max": 3.16678655718e-22}, "zerocrossingrate": {"dmean": 0.0129772480577, "dvar2": 0.00026383344084, "mean": 0.0629586651921, "var": 0.00488755153492, "dmean2": 0.0143185760826, "dvar": 0.000267872441327, "min": 0.00341796875, "median": 0.04541015625, "max": 0.52197265625}, "spectral_contrast_coeffs": {"dmean": [0.051270596683, 0.0467758849263, 0.0360915511847, 0.0306375492364, 0.0215640086681, 0.0207098908722], "dvar2": [0.00464164093137, 0.00367049663328, 0.00209806696512, 0.00150850985665, 0.000762872921769, 0.000730172148906], "mean": [-0.657115876675, -0.738189935684, -0.781626880169, -0.775761902332, -0.793291866779, -0.768116831779], "var": [0.00690648285672, 0.00489474646747, 0.00277196266688, 0.00275928596966, 0.00134949141648, 0.00176600110717], "dmean2": [0.0852284803987, 0.0767150297761, 0.0580429956317, 0.0492339096963, 0.0345459133387, 0.0322462394834], "dvar": [0.0016766989138, 0.00139715953264, 0.000827895884868, 0.000613434705883, 0.000308356335154, 0.000317788508255], "min": [-0.980225086212, -0.989062190056, -0.988676249981, -0.984314441681, -0.974482059479, -0.978277146816], "median": [-0.66155642271, -0.738684117794, -0.782800197601, -0.776244044304, -0.793727576733, -0.766055583954], "max": [-0.374228656292, -0.483966886997, -0.542994558811, -0.532976925373, -0.632495641708, -0.615325391293]}, "spectral_skewness": {"dmean": 0.212056353688, "dvar2": 0.0749194994569, "mean": 1.48318076134, "var": 0.1583301723, "dmean2": 0.314605355263, "dvar": 0.0357841216028, "min": -0.089530788362, "median": 1.48109090328, "max": 3.13097572327}, "spectral_energyband_middle_high": {"dmean": 0.00135588855483, "dvar2": 7.4709778346e-06, "mean": 0.00448937946931, "var": 1.72894706338e-05, "dmean2": 0.00202850531787, "dvar": 3.21591005559e-06, "min": 1.06681004983e-21, "median": 0.00305976485834, "max": 0.0316885076463}, "gfcc": {"icov": [[9.20881284401e-05, -6.73186805216e-05, 0.000124576632516, -9.35297284741e-05, 0.000298755825497, -0.000259095715592, 0.000261034205323, -0.000209611665923, 0.000298580795061, -0.000420001451857, 0.000203796604183, -0.000309985858621, 0.000155307352543], [-6.73186805216e-05, 0.00154840003233, 0.0011381363729, -0.000730736064725, -0.000304708781186, 0.000937447010074, -0.000586682872381, 0.000433420791524, -0.00117353268433, 0.000949825916905, -0.00117937999312, 0.000794123508967, -0.000608984555583], [0.000124576632516, 0.0011381363729, 0.00303693092428, -0.000530649849679, -0.000464333192213, 0.000210642901948, 0.000205588847166, -0.00152193475515, -0.000342814717442, 3.8478145143e-05, -0.000618407386355, -0.000495533400681, -0.000705234124325], [-9.35297284741e-05, -0.000730736064725, -0.000530649849679, 0.00503441831097, -0.000659267359879, -0.00171960832085, -0.00031170193688, -0.000555426580831, 0.0010168539593, 6.45996187814e-05, -0.000252310157521, -0.000914543925319, -0.000113043504825], [0.000298755825497, -0.000304708781186, -0.000464333192213, -0.000659267359879, 0.00819196738303, -0.00169210170861, -0.00198558834381, 0.00110580411274, -0.000904491986148, -0.000392503046896, -0.000792872800957, 0.00069062365219, -0.000928586232476], [-0.000259095715592, 0.000937447010074, 0.000210642901948, -0.00171960832085, -0.00169210170861, 0.0114223174751, -0.00168294575997, -0.00356612191536, 0.00194864021614, -0.00109188433271, -0.000561518245377, 0.0028876804281, -0.0013736281544], [0.000261034205323, -0.000586682872381, 0.000205588847166, -0.00031170193688, -0.00198558834381, -0.00168294575997, 0.00957990624011, -0.00229756254703, -0.000247087300522, 0.000239861314185, -0.00150152214337, -0.00176785315853, 0.000652582501061], [-0.000209611665923, 0.000433420791524, -0.00152193475515, -0.000555426580831, 0.00110580411274, -0.00356612191536, -0.00229756254703, 0.016789900139, -0.00448271259665, -0.00150365428999, 0.000561815162655, -7.23890625522e-05, -0.000206688520848], [0.000298580795061, -0.00117353268433, -0.000342814717442, 0.0010168539593, -0.000904491986148, 0.00194864021614, -0.000247087300522, -0.00448271259665, 0.0148956393823, -0.00466199498624, -0.00133648328483, -0.00107315054629, -0.000495902146213], [-0.000420001451857, 0.000949825916905, 3.8478145143e-05, 6.45996187814e-05, -0.000392503046896, -0.00109188433271, 0.000239861314185, -0.00150365428999, -0.00466199498624, 0.0204243697226, -0.00825461838394, 0.00130591413472, -0.00022576401534], [0.000203796604183, -0.00117937999312, -0.000618407386355, -0.000252310157521, -0.000792872800957, -0.000561518245377, -0.00150152214337, 0.000561815162655, -0.00133648328483, -0.00825461838394, 0.0220115594566, -0.00748253520578, -0.00291489018127], [-0.000309985858621, 0.000794123508967, -0.000495533400681, -0.000914543925319, 0.00069062365219, 0.0028876804281, -0.00176785315853, -7.23890625522e-05, -0.00107315054629, 0.00130591413472, -0.00748253520578, 0.0257117636502, -0.00695614470169], [0.000155307352543, -0.000608984555583, -0.000705234124325, -0.000113043504825, -0.000928586232476, -0.0013736281544, 0.000652582501061, -0.000206688520848, -0.000495902146213, -0.00022576401534, -0.00291489018127, -0.00695614470169, 0.0234795510769]], "mean": [13.5934123993, 87.9539794922, -92.372428894, 31.531879425, -50.8029747009, 12.6060438156, -31.2412433624, 4.14706420898, -27.8243503571, 11.0544815063, -9.54364585876, 2.36888837814, -10.0045404434], "cov": [[25712.9726563, 680.719482422, -1501.27539063, 480.900909424, -1182.35791016, 451.698242188, -794.661437988, 122.536613464, -585.545166016, 264.734191895, -286.945617676, 19.7337608337, -231.969955444], [680.719482422, 1293.84741211, -498.832672119, 110.648429871, 23.4573326111, -79.898765564, 59.5190658569, -63.4934043884, 62.2202301025, -18.9067897797, 52.8676300049, -1.97000086308, 15.757519722], [-1501.27539063, -498.832672119, 647.964416504, 0.823353409767, 92.39503479, 32.3557319641, 47.8362312317, 73.1594390869, 43.3233146667, 22.5458984375, 36.1759643555, 27.9218673706, 35.2150993347], [480.900909424, 110.648429871, 0.823353409767, 256.028839111, 23.7394714355, 57.0529441833, 26.8214969635, 24.1741256714, -9.45205497742, 13.4838962555, 18.5321292877, 13.6502456665, 10.9650659561], [-1182.35791016, 23.4573326111, 92.39503479, 23.7394714355, 207.76940918, 14.7247629166, 86.3548278809, 6.97423934937, 46.5976638794, 4.84992170334, 38.8700485229, 6.35848522186, 25.7985782623], [451.698242188, -79.898765564, 32.3557319641, 57.0529441833, 14.7247629166, 136.35899353, 19.5212478638, 40.7318572998, -15.9708948135, 21.2535324097, 3.81589818001, -3.25683403015, 3.9380736351], [-794.661437988, 59.5190658569, 47.8362312317, 26.8214969635, 86.3548278809, 19.5212478638, 165.561508179, 25.4368019104, 40.7364768982, 7.88140249252, 39.6081924438, 15.3528938293, 18.9475345612], [122.536613464, -63.4934043884, 73.1594390869, 24.1741256714, 6.97423934937, 40.7318572998, 25.4368019104, 90.3915939331, 25.0067501068, 24.4774360657, 13.1416330338, 8.61780738831, 7.55210256577], [-585.545166016, 62.2202301025, 43.3233146667, -9.45205497742, 46.5976638794, -15.9708948135, 40.7364768982, 25.0067501068, 111.644721985, 26.1597480774, 36.9856376648, 13.9120426178, 18.0619220734], [264.734191895, -18.9067897797, 22.5458984375, 13.4838962555, 4.84992170334, 21.2535324097, 7.88140249252, 24.4774360657, 26.1597480774, 77.0929031372, 33.8158912659, 12.2498693466, 9.05333328247], [-286.945617676, 52.8676300049, 36.1759643555, 18.5321292877, 38.8700485229, 3.81589818001, 39.6081924438, 13.1416330338, 36.9856376648, 33.8158912659, 84.0269088745, 28.6622943878, 25.2498931885], [19.7337608337, -1.97000086308, 27.9218673706, 13.6502456665, 6.35848522186, -3.25683403015, 15.3528938293, 8.61780738831, 13.9120426178, 12.2498693466, 28.6622943878, 55.4230613708, 20.8226203918], [-231.969955444, 15.757519722, 35.2150993347, 10.9650659561, 25.7985782623, 3.9380736351, 18.9475345612, 7.55210256577, 18.0619220734, 9.05333328247, 25.2498931885, 20.8226203918, 56.2065925598]]}, "erbbands_spread": {"dmean": 9.08716773987, "dvar2": 170.109313965, "mean": 48.0899047852, "var": 325.306274414, "dmean2": 13.6340913773, "dvar": 79.1335144043, "min": 11.3678855896, "median": 45.2317352295, "max": 177.11857605}, "erbbands_kurtosis": {"dmean": 0.586088776588, "dvar2": 1.24491608143, "mean": -0.130916401744, "var": 1.25683021545, "dmean2": 0.908851265907, "dvar": 0.543327867985, "min": -1.77711427212, "median": -0.401316106319, "max": 11.2624616623}, "dynamic_complexity": 2.62005019188, "erbbands_crest": {"dmean": 1.92530488968, "dvar2": 8.27892875671, "mean": 6.7822766304, "var": 8.79134845734, "dmean2": 3.10451745987, "dvar": 3.45070314407, "min": 2.20643138885, "median": 6.03947782516, "max": 27.8652095795}, "erbbands": {"dmean": [0.139059513807, 1.21686172485, 2.36774277687, 3.36522293091, 9.6947555542, 8.05790996552, 11.9899559021, 16.7308883667, 22.0351161957, 15.9896650314, 14.5727758408, 9.30919837952, 10.8964967728, 11.6282510757, 14.4308767319, 12.9058475494, 13.0609073639, 15.9775400162, 13.114733696, 6.12200403214, 6.2906255722, 6.55656385422, 4.9588227272, 4.45350790024, 6.48716020584, 8.49787044525, 9.6389465332, 5.07335519791, 3.742197752, 3.46455168724, 2.81212520599, 2.38636684418, 2.69176292419, 2.17641854286, 1.02906274796, 0.516351103783, 0.16091299057, 0.0349336862564, 0.00478803738952, 0.00026979498216], "dvar2": [0.219452932477, 6.42269086838, 34.4099082947, 59.4498634338, 551.282958984, 381.090820313, 1010.8729248, 2187.88305664, 4554.40625, 2976.24414063, 3326.60058594, 992.65057373, 893.801940918, 1068.43725586, 1462.63647461, 1250.3145752, 1242.97253418, 2138.54248047, 1693.99963379, 453.395324707, 409.812652588, 444.839447021, 153.207458496, 200.299407959, 237.650787354, 338.803009033, 572.977416992, 182.82951355, 177.015426636, 165.945205688, 120.045143127, 63.6065368652, 120.783905029, 88.7185974121, 15.8305149078, 4.36081218719, 0.40061378479, 0.0306989364326, 0.000392457295675, 1.36146036311e-06], "mean": [0.308743566275, 3.16288709641, 4.01015949249, 5.78827619553, 14.9733629227, 14.6587362289, 20.7114887238, 29.8843288422, 37.5914154053, 29.0842990875, 25.7507572174, 16.5186252594, 19.8133678436, 22.3646087646, 26.3214817047, 24.6768836975, 26.917766571, 33.0489883423, 24.9297046661, 12.2294836044, 12.2028112411, 12.7904720306, 10.3044319153, 8.98123550415, 12.6935453415, 15.5907201767, 15.3505773544, 7.85208654404, 5.07666778564, 4.94960689545, 4.36256933212, 4.05161952972, 4.98070287704, 4.03660106659, 1.82344090939, 0.876598000526, 0.265258669853, 0.0536328628659, 0.0062637347728, 0.000336108350893], "var": [0.154775515199, 11.0929908752, 23.4109020233, 45.7539291382, 394.389953613, 306.102111816, 701.581604004, 1816.76647949, 3246.125, 2742.9753418, 4218.20751953, 1207.24121094, 991.89855957, 1058.19494629, 972.087341309, 871.362304688, 1374.08276367, 2331.51049805, 1426.7935791, 334.115509033, 306.662231445, 357.519073486, 173.932052612, 174.386138916, 208.65397644, 320.538726807, 391.97567749, 171.963943481, 169.451950073, 224.149429321, 157.112350464, 118.271011353, 305.887756348, 197.228729248, 35.6410675049, 8.68500900269, 0.899829685688, 0.0411417074502, 0.000556909420993, 1.54117674356e-06], "dmean2": [0.213271856308, 1.7971752882, 3.81087493896, 5.53930139542, 15.9761352539, 13.2820606232, 19.6037826538, 27.0398178101, 34.5691184998, 25.041135788, 22.5746555328, 14.7109832764, 17.1120529175, 18.1140632629, 23.2627620697, 20.9351024628, 20.5469112396, 24.9719104767, 21.3467254639, 9.96785831451, 10.3092594147, 10.5237236023, 7.64481496811, 6.86492776871, 9.9129152298, 12.5940332413, 14.5409221649, 7.56548833847, 5.70591402054, 5.18633079529, 4.2492184639, 3.36998796463, 3.69517469406, 3.03476762772, 1.40647888184, 0.719444453716, 0.220755234361, 0.0495990291238, 0.00721465190873, 0.000425155449193], "dvar": [0.0805178582668, 2.81714081764, 13.8492069244, 22.6418628693, 214.8722229, 148.203369141, 403.421844482, 984.591308594, 1931.17749023, 1320.90014648, 1693.65539551, 466.311767578, 382.816589355, 465.801391602, 574.385803223, 474.312835693, 536.571838379, 893.960205078, 621.518859863, 184.002304077, 160.611129761, 178.190765381, 70.3235702515, 84.1261978149, 100.860977173, 151.640335083, 242.387878418, 84.539390564, 83.844909668, 91.324432373, 63.0179214478, 35.0341148376, 71.5594406128, 51.6762771606, 9.65282917023, 2.56144475937, 0.256780564785, 0.0166024230421, 0.000211718710489, 6.94479354024e-07], "min": [7.19185491519e-23, 5.04989321099e-22, 2.17623282591e-21, 6.32863244695e-21, 1.2173714818e-20, 2.32164911772e-20, 4.62233760797e-20, 3.30865814984e-20, 1.37879892873e-19, 2.11264203193e-19, 2.19062164074e-19, 4.34358226518e-19, 3.73458553184e-19, 5.77763685883e-19, 8.56927940236e-19, 6.76385948776e-19, 1.25696763221e-18, 1.95901411946e-18, 1.81800133171e-18, 3.0161250929e-18, 3.24751418681e-18, 3.70441215444e-18, 4.85331060418e-18, 5.61666554708e-18, 6.28127704512e-18, 7.42151574102e-18, 8.52334678672e-18, 9.82994639306e-18, 8.76183453785e-18, 1.08788933007e-17, 1.02334591579e-17, 1.15368964528e-17, 1.02238018243e-17, 8.15190960446e-18, 6.29346224272e-18, 3.94812355114e-18, 2.18342429053e-18, 8.96657580153e-19, 2.61917848773e-19, 2.63216658044e-20], "median": [0.151085227728, 1.9880168438, 2.54873323441, 3.39796972275, 8.26065254211, 9.65725898743, 13.055311203, 17.8866882324, 19.2721366882, 12.5135040283, 10.596157074, 6.92538499832, 9.8022441864, 10.5793590546, 16.4004497528, 14.3451509476, 14.8304958344, 13.4923019409, 12.2995071411, 6.50233364105, 6.62096118927, 7.03396463394, 6.33089923859, 5.23768138885, 8.2656993866, 9.56914710999, 8.33828449249, 3.40387392044, 1.72872853279, 1.93187856674, 1.67017674446, 0.934300661087, 0.571460783482, 0.33496800065, 0.205645054579, 0.0983223170042, 0.0304908584803, 0.00525141321123, 0.000367399334209, 6.52104281471e-05], "max": [3.63959145546, 20.6252861023, 52.7165603638, 72.9429397583, 226.741790771, 215.792175293, 419.561737061, 900.48223877, 1285.0065918, 995.599731445, 1659.5645752, 688.883605957, 485.840393066, 594.986938477, 477.969299316, 478.31942749, 635.454040527, 956.059997559, 649.512939453, 403.587371826, 377.616333008, 630.124206543, 264.545043945, 387.049163818, 232.264724731, 169.845443726, 214.287307739, 231.782821655, 350.057250977, 374.685546875, 316.671478271, 149.910629272, 193.280471802, 192.005752563, 74.1556091309, 51.1909637451, 17.7281951904, 8.27302646637, 0.560703396797, 0.0414349101484]}, "silence_rate_30dB": {"dmean": 0.00657146470621, "dvar2": 0.0157527662814, "mean": 0.993555724621, "var": 0.00640300195664, "dmean2": 0.0131445908919, "dvar": 0.00652807811275, "min": 0, "median": 1, "max": 1}, "silence_rate_60dB": {"dmean": 0.000758245936595, "dvar2": 0.00201958580874, "mean": 0.0266616120934, "var": 0.0259505696595, "dmean2": 0.00151668349281, "dvar": 0.000757578818593, "min": 0, "median": 0, "max": 1}, "spectral_energyband_middle_low": {"dmean": 0.00544505938888, "dvar2": 0.000105007908132, "mean": 0.0154133262113, "var": 0.000175401437446, "dmean2": 0.00851684994996, "dvar": 4.70186132588e-05, "min": 1.66840484249e-22, "median": 0.0119032124057, "max": 0.122322462499}, "spectral_spread": {"dmean": 777437.3125, "dvar2": 1496845778940.0, "mean": 5770474, "var": 20420346511400.0, "dmean2": 1074660.25, "dvar": 812293554176, "min": 2131124.5, "median": 4849115, "max": 42371520}, "barkbands": {"dmean": [0.000172774452949, 0.00508490670472, 0.002124191029, 0.00159900460858, 0.00270539196208, 0.0018987202784, 0.00144932919648, 0.000709592888597, 0.000458421913208, 0.000407111569075, 0.000346755870851, 0.000420428434154, 0.000287575123366, 0.000422457902459, 0.000118299190945, 0.000121856624901, 0.000115321679914, 8.96133424249e-05, 0.000104821054265, 0.000183235766599, 0.00018276523042, 0.000103120597487, 0.0