{"tonal": {"chords_key": "G", "hpcp_entropy": {"dmean": 0.716603577137, "dmean2": 1.20506715775, "max": 4.56287479401, "dvar": 0.355629384518, "mean": 2.25599622726, "dvar2": 0.956180691719, "min": 0, "var": 0.622458398342, "median": 2.19561743736}, "key_key": "C", "chords_strength": {"dmean": 0.0104780001566, "dmean2": 0.0145433414727, "max": 0.725625574589, "dvar": 8.62921442604e-05, "mean": 0.508703529835, "dvar2": 0.000157104441314, "min": 0.198584452271, "var": 0.0138906072825, "median": 0.482047379017}, "key_scale": "minor", "chords_number_rate": 0.00146076793317, "thpcp": [1, 0.690694510937, 0.393309980631, 0.306325495243, 0.27877497673, 0.220966219902, 0.170411363244, 0.146920323372, 0.147921845317, 0.162840560079, 0.123509243131, 0.0698482394218, 0.0621963627636, 0.0762262716889, 0.108574084938, 0.129858419299, 0.11301394552, 0.0938357487321, 0.0960565879941, 0.0973171591759, 0.0982657894492, 0.0907209664583, 0.0776830986142, 0.0679738894105, 0.0578434616327, 0.0730599761009, 0.0947801172733, 0.0840317457914, 0.231805294752, 0.395068317652, 0.243346914649, 0.0862430781126, 0.0785883590579, 0.0739008113742, 0.167622059584, 0.677873134613], "key_strength": 0.509205818176, "tuning_nontempered_energy_ratio": 0.906867921352, "tuning_frequency": 434.193115234, "chords_changes_rate": 0.0669866427779, "tuning_diatonic_strength": 0.397004842758, "chords_scale": "minor", "chords_histogram": [15.8388977051, 0.542570948601, 56.3021697998, 1.35642743111, 1.04340565205, 0, 0, 10.538397789, 0.626043379307, 0.542570948601, 0, 0.20868113637, 0.187813028693, 0.417362272739, 0.292153596878, 0, 0, 0, 0, 0.146076798439, 0.166944906116, 8.15943241119, 3.29716181755, 0.333889812231], "tuning_equal_tempered_deviation": 0.257215499878, "hpcp": {"dmean": [0.161267980933, 0.117558166385, 0.0915628522635, 0.0787070542574, 0.077786155045, 0.0625744685531, 0.0470319241285, 0.043701402843, 0.0555498972535, 0.0700225457549, 0.0683340579271, 0.0689924508333, 0.0685428082943, 0.0658743456006, 0.0600606016815, 0.0559564232826, 0.0541369877756, 0.0480713248253, 0.0398831740022, 0.0362596213818, 0.0457495972514, 0.0597471743822, 0.0567793771625, 0.176763534546, 0.305506139994, 0.172008007765, 0.0535215437412, 0.0508844703436, 0.0491308383644, 0.0952614992857, 0.301418870687, 0.37334421277, 0.362991333008, 0.268066346645, 0.213788539171, 0.195516169071], "dmean2": [0.302734643221, 0.216516882181, 0.165656238794, 0.137257367373, 0.128053233027, 0.106423810124, 0.0876132622361, 0.0806878134608, 0.10428648442, 0.130467712879, 0.123040527105, 0.126287147403, 0.12941545248, 0.123133011162, 0.110996447504, 0.101397059858, 0.0985219627619, 0.0876409262419, 0.0705016255379, 0.0666882544756, 0.082964964211, 0.11041046679, 0.10648303479, 0.335216373205, 0.585645258427, 0.321477890015, 0.095087878406, 0.0921460464597, 0.0892794653773, 0.171910241246, 0.512596547604, 0.655045151711, 0.615890860558, 0.479077756405, 0.397957623005, 0.367874354124], "max": [1, 1, 1, 1, 1, 1, 1, 1, 1, 1, 1, 1, 1, 1, 1, 1, 1, 1, 1, 1, 1, 1, 1, 1, 1, 1, 1, 1, 1, 1, 1, 1, 1, 1, 1, 1], "dvar": [0.0769297629595, 0.0488494746387, 0.0361469835043, 0.0223078504205, 0.0242132432759, 0.0176184717566, 0.0160492025316, 0.0150685748085, 0.0207986030728, 0.0306442920119, 0.0285909604281, 0.029512360692, 0.0280763600022, 0.0297290608287, 0.0231028106064, 0.0201686937362, 0.0182957854122, 0.0173305626959, 0.0126761067659, 0.00966169219464, 0.0109744863585, 0.02060222812, 0.0181123744696, 0.0516360923648, 0.162243455648, 0.0463274084032, 0.0158628225327, 0.0166386570781, 0.0137607576326, 0.0189929194748, 0.09510242939, 0.133275359869, 0.0952888801694, 0.102983750403, 0.0941341891885, 0.0919632315636], "mean": [0.108779706061, 0.0838920027018, 0.0723275691271, 0.0728206112981, 0.0801649615169, 0.0608025044203, 0.0343856699765, 0.030618717894, 0.0375255160034, 0.0534500591457, 0.0639281496406, 0.0556357614696, 0.0461945049465, 0.0472878068686, 0.0479083731771, 0.0483753755689, 0.0446611270308, 0.038242701441, 0.0334629416466, 0.0284758228809, 0.0359667763114, 0.0466594099998, 0.0413680821657, 0.114115685225, 0.194488629699, 0.11979752779, 0.0424567013979, 0.0386883504689, 0.0363807119429, 0.0825188532472, 0.333710938692, 0.492291122675, 0.340022772551, 0.193623006344, 0.150801315904, 0.137238442898], "dvar2": [0.209320947528, 0.134627848864, 0.100118942559, 0.0613654516637, 0.0611512176692, 0.0458598472178, 0.0470871254802, 0.0439326874912, 0.0590673089027, 0.087279945612, 0.0704416036606, 0.0776885971427, 0.0795748233795, 0.0841997265816, 0.0659111440182, 0.0561934262514, 0.0510266274214, 0.0460938848555, 0.0356272570789, 0.0290737599134, 0.0302763674408, 0.056565836072, 0.0523258671165, 0.13238863647, 0.412219405174, 0.118318296969, 0.0435898080468, 0.0449369587004, 0.0389549210668, 0.0515789836645, 0.216512650251, 0.22369761765, 0.219086423516, 0.265093564987, 0.253763884306, 0.248511657119], "min": [0, 0, 0, 0, 0, 0, 0, 0, 0, 0, 0, 0, 0, 0, 0, 0, 0, 0, 0, 0, 0, 0, 0, 0, 0, 0, 0, 0, 0, 0, 0, 0, 0, 0, 0, 0], "var": [0.053952626884, 0.03537029773, 0.0271499045193, 0.0189226549119, 0.0253011770546, 0.0165464319289, 0.00977219454944, 0.00942471530288, 0.0130440993235, 0.0234911963344, 0.0341379716992, 0.026180928573, 0.018203528598, 0.0206069983542, 0.0183820575476, 0.0167676191777, 0.0144019564614, 0.0144172357395, 0.0108656808734, 0.00692400755361, 0.00875183939934, 0.0166852921247, 0.0127788856626, 0.0404156334698, 0.121664054692, 0.038138795644, 0.012253751047, 0.0127601269633, 0.0100108152255, 0.0177081078291, 0.141845375299, 0.184918984771, 0.123075701296, 0.0912222266197, 0.0748210251331, 0.0720890313387], "median": [0.00952271185815, 0.0102063147351, 0.0125396847725, 0.0212185308337, 0.0245957933366, 0.0173077899963, 0.00813913345337, 0.00390525558032, 0.00429741386324, 0.00476468820125, 0.00534799695015, 0.00527519453317, 0.00584295205772, 0.00578984897584, 0.00754062412307, 0.0103313336149, 0.00932163000107, 0.00630079489201, 0.00573473609984, 0.00532501004636, 0.00506860204041, 0.00459817005321, 0.00474821124226, 0.00850891694427, 0.0146531332284, 0.0173847153783, 0.00879747234285, 0.00557307666168, 0.00530039984733, 0.0176477469504, 0.136734619737, 0.500750482082, 0.205859959126, 0.0310056395829, 0.0161738842726, 0.0115277953446]}}, "lowlevel": {"melbands_flatness_db": {"dmean": 0.0333095900714, "dmean2": 0.0462766252458, "max": 0.713033437729, "dvar": 0.00143839826342, "mean": 0.281991153955, "dvar2": 0.00269121187739, "min": 0.00485620461404, "var": 0.00992922857404, "median": 0.268570959568}, "melbands_crest": {"dmean": 3.68521523476, "dmean2": 5.63695573807, "max": 37.510799408, "dvar": 16.403263092, "mean": 24.1675434113, "dvar2": 37.1898765564, "min": 1.81537735462, "var": 62.5505943298, "median": 25.4270896912}, "spectral_entropy": {"dmean": 0.203525528312, "dmean2": 0.295124471188, "max": 9.80828857422, "dvar": 0.0489258691669, "mean": 7.64920139313, "dvar2": 0.0942137539387, "min": 4.74600458145, "var": 0.247348666191, "median": 7.6946978569}, "melbands": {"dmean": [0.00309686362743, 0.00141941243783, 0.000719187781215, 0.000640929676592, 0.000408807798522, 0.000539304746781, 0.000467911391752, 0.000194776599528, 0.000110830296762, 0.000103967882751, 6.98401636328e-05, 6.37467819615e-05, 5.11973594257e-05, 4.9981958e-05, 3.24100947182e-05, 2.75743368547e-05, 1.43527013279e-05, 1.65249111888e-05, 2.55268023466e-05, 1.08475378511e-05, 1.27255607367e-05, 1.01918130895e-05, 1.15787543109e-05, 1.06615752884e-05, 9.12458926905e-06, 8.0210293163e-06, 6.80542234477e-06, 7.38466405892e-06, 5.18076558365e-06, 5.45168086319e-06, 4.84369320475e-06, 4.33842524217e-06, 3.86259307561e-06, 4.34586536358e-06, 3.18883962791e-06, 2.11231531466e-06, 1.53998723817e-06, 1.52237191742e-06, 9.76321189228e-07, 7.25536324353e-07], "dmean2": [0.00428336719051, 0.00235807942227, 0.00119007972535, 0.00105218705721, 0.000688059721142, 0.000920161546674, 0.000744121731259, 0.000326985697029, 0.000179119582754, 0.000167227000929, 0.000111602334073, 0.000102401376353, 8.61091975821e-05, 8.31487559481e-05, 5.23773342138e-05, 4.42720411229e-05, 2.37837230088e-05, 2.6156729291e-05, 4.02279074478e-05, 1.66595473274e-05, 1.98746147362e-05, 1.58656530402e-05, 1.8560933313e-05, 1.67994076037e-05, 1.41620321301e-05, 1.21389039123e-05, 9.93835783447e-06, 1.13926171252e-05, 7.96350923338e-06, 8.61939588503e-06, 7.45544457459e-06, 6.62105003357e-06, 5.85849875279e-06, 7.06317996446e-06, 5.12172255185e-06, 3.20161029777e-06, 2.3081083782e-06, 2.38587472268e-06, 1.53459188823e-06, 1.13841724669e-06], "max": [0.0506211183965, 0.0242174845189, 0.0157555751503, 0.0167732611299, 0.0104478821158, 0.013123835437, 0.0190980322659, 0.00982815865427, 0.00595315173268, 0.00668570166454, 0.00475729163736, 0.00330752623267, 0.00534009048715, 0.00400068284944, 0.00182278826833, 0.000976508541498, 0.000810920202639, 0.000563223962672, 0.000593410397414, 0.000517266918905, 0.000297023099847, 0.000225826384849, 0.000247358519118, 0.000230596473557, 0.000303143955534, 0.000189901766134, 0.00016289523046, 0.000132740809931, 9.80297627393e-05, 0.000103702041088, 0.00010004118667, 8.22349466034e-05, 7.99316912889e-05, 0.000104976294097, 0.000166731479112, 0.000104706145066, 0.000160524534294, 0.000202341907425, 0.000137748604175, 0.000114310001663], "dvar": [1.62695559993e-05, 6.39442623651e-06, 1.70421401435e-06, 9.9976864476e-07, 6.43883026896e-07, 1.15111379273e-06, 1.15718444249e-06, 2.59419522308e-07, 9.79917089694e-08, 1.0879373491e-07, 4.55085036322e-08, 2.62998316458e-08, 2.16946514087e-08, 1.40083242783e-08, 6.17228046451e-09, 2.78101608409e-09, 1.05558028984e-09, 1.10690978605e-09, 2.16450257717e-09, 4.10675216056e-10, 3.87912785227e-10, 2.44573167274e-10, 4.60105037403e-10, 3.45471096175e-10, 3.22221499482e-10, 2.18030066224e-10, 1.53079673937e-10, 2.91613760917e-10, 1.48155834823e-10, 1.88544027613e-10, 1.54493931537e-10, 1.00847580287e-10, 6.41957875747e-11, 9.73720340469e-11, 4.82998710472e-11, 2.36565454725e-11, 2.54899192031e-11, 3.96724111895e-11, 1.61644569258e-11, 8.77600249416e-12], "mean": [0.013641054742, 0.00327996932901, 0.000954780494794, 0.000846887589432, 0.00048031922779, 0.000582777196541, 0.000580558786169, 0.000214968531509, 0.000133080495289, 0.000122207435197, 8.48139898153e-05, 8.13766091596e-05, 6.02573090873e-05, 5.37518317287e-05, 3.80797500839e-05, 3.68558721675e-05, 1.77896981768e-05, 2.12631148315e-05, 3.56660275429e-05, 1.51293052113e-05, 1.85107237485e-05, 1.51239055413e-05, 1.4982677385e-05, 1.4269516214e-05, 1.20064578368e-05, 1.12338429972e-05, 9.82416349871e-06, 8.38480718812e-06, 5.96815061726e-06, 5.71144846617e-06, 4.93836614623e-06, 4.81910274175e-06, 4.56095312984e-06, 4.81773531646e-06, 3.85316661777e-06, 2.79525897895e-06, 2.12483837458e-06, 1.99887767849e-06, 1.28563135604e-06, 9.43803570408e-07], "dvar2": [3.24772081512e-05, 1.67185608007e-05, 4.42501777798e-06, 2.32585830418e-06, 1.66085089859e-06, 2.98093232232e-06, 2.62369871962e-06, 6.50276490433e-07, 2.41862807115e-07, 2.50957214121e-07, 1.01489895599e-07, 5.98303486754e-08, 5.68624365371e-08, 3.4623042211e-08, 1.50530770071e-08, 6.83911149935e-09, 2.57193799591e-09, 2.65776556319e-09, 5.40537881122e-09, 9.56895673809e-10, 9.33184751695e-10, 5.56475587832e-10, 1.14050080491e-09, 8.32335644851e-10, 7.59185547761e-10, 4.77326456139e-10, 2.81248552225e-10, 6.96222135499e-10, 3.59440005537e-10, 4.69806527015e-10, 3.62587543323e-10, 2.36795111297e-10, 1.4920531477e-10, 2.50499010424e-10, 1.20446708163e-10, 5.3562911051e-11, 5.75055489338e-11, 9.79731712425e-11, 3.85120164925e-11, 2.08267032092e-11], "min": [5.85517136872e-24, 8.82737088436e-24, 1.0065284549e-23, 4.20744525269e-24, 4.64212417755e-24, 5.96061130618e-24, 1.39919264794e-23, 1.03873109811e-23, 3.7117826467e-24, 5.23861109584e-24, 1.17538499941e-23, 1.53245918051e-23, 8.58254790243e-24, 1.14796340548e-23, 1.21829587721e-23, 1.1704016073e-23, 1.604120094e-23, 8.66672014988e-24, 1.13454409262e-23, 8.58306381746e-24, 1.58443343902e-23, 7.51137813392e-24, 9.04244749928e-24, 7.07327397501e-24, 1.30095682494e-23, 1.80315711568e-23, 7.50796157734e-24, 7.27566965088e-24, 1.46817332762e-23, 1.51733971463e-23, 1.06607072939e-23, 8.01336582665e-24, 1.1538133613e-23, 9.26893656492e-24, 7.64465776158e-24, 5.46974221347e-24, 9.10401493749e-24, 1.08617863609e-23, 8.98653698263e-24, 1.20565942991e-23], "var": [9.76260416792e-05, 8.05386025604e-06, 1.86202214536e-06, 1.83082875083e-06, 9.03577699773e-07, 1.24258690448e-06, 1.78658717687e-06, 2.72517780786e-07, 1.16950182871e-07, 1.56047079258e-07, 6.91348063242e-08, 3.71280250988e-08, 2.05211740933e-08, 1.54680215303e-08, 7.03291380688e-09, 4.30788604788e-09, 1.37626177121e-09, 1.40599276666e-09, 3.45979001004e-09, 5.42876632537e-10, 6.47204789761e-10, 4.16947032456e-10, 5.81897530161e-10, 4.6477779958e-10, 4.61948618247e-10, 3.42430472866e-10, 2.63183752569e-10, 3.16271842049e-10, 1.57750174035e-10, 1.80489123647e-10, 1.5648406182e-10, 1.08234247953e-10, 7.80893336105e-11, 9.79788888911e-11, 6.38858063673e-11, 4.0278391733e-11, 4.05200907549e-11, 4.76889014389e-11, 1.98256480677e-11, 1.05870433947e-11], "median": [0.0111651821062, 0.00270822830498, 0.000514479645062, 0.000353675161023, 0.000159235452884, 0.000181748502655, 0.000142147444421, 6.67839121888e-05, 3.76272146241e-05, 2.87440525426e-05, 2.13708171941e-05, 3.19651153404e-05, 2.56003440882e-05, 1.55853340402e-05, 1.43181669046e-05, 1.33744342747e-05, 6.81973733663e-06, 8.38890355226e-06, 1.38740015245e-05, 7.69529469835e-06, 8.79362596606e-06, 6.99422344042e-06, 6.28004454484e-06, 5.98560109211e-06, 4.2096226025e-06, 3.98928568757e-06, 3.80475012207e-06, 2.63829133473e-06, 2.00648128157e-06, 1.52632287609e-06, 9.74317799773e-07, 1.4194790765e-06, 1.20708239137e-06, 1.34461902235e-06, 9.35835771543e-07, 6.18540639152e-07, 4.5040542318e-07, 4.42098155418e-07, 3.14031751714e-07, 2.31781882576e-07]}, "silence_rate_60dB": {"dmean": 0.00584490131587, "dmean2": 0.0116910226643, "max": 1, "dvar": 0.0058109103702, "mean": 0.0281778331846, "dvar2": 0.0121812755242, "min": 0, "var": 0.0273833572865, "median": 0}, "spectral_energyband_middle_high": {"dmean": 0.00166547112167, "dmean2": 0.00239417026751, "max": 0.0446223691106, "dvar": 5.14420889886e-06, "mean": 0.00359216053039, "dvar2": 1.07213954834e-05, "min": 1.67025143334e-21, "var": 1.37943679874e-05, "median": 0.00259518111125}, "erbbands_skewness": {"dmean": 0.534995019436, "dmean2": 0.790792763233, "max": 6.82296895981, "dvar": 0.276761740446, "mean": 0.374784380198, "dvar2": 0.567204833031, "min": -5.87592840195, "var": 1.27284932137, "median": 0.268311142921}, "dynamic_complexity": 2.2686445713, "dissonance": {"dmean": 0.0200788471848, "dmean2": 0.0331775285304, "max": 0.499999970198, "dvar": 0.000395296869101, "mean": 0.463295847178, "dvar2": 0.00103957939427, "min": 0.22664731741, "var": 0.000838149338961, "median": 0.470393240452}, "spectral_skewness": {"dmean": 0.255041629076, "dmean2": 0.37130060792, "max": 7.96675539017, "dvar": 0.0788858160377, "mean": 1.52025449276, "dvar2": 0.161612510681, "min": -0.621465563774, "var": 0.299945175648, "median": 1.49535012245}, "spectral_kurtosis": {"dmean": 1.34099411964, "dmean2": 2.09115743637, "max": 89.387046814, "dvar": 3.16750431061, "mean": 3.90722751617, "dvar2": 6.80540275574, "min": -1.24634301662, "var": 8.4180431366, "median": 3.57258367538}, "gfcc": {"cov": [[11208.5957031, 451.622741699, -1276.41955566, 519.196716309, -406.336212158, -23.6735229492, -245.51322937, 57.479183197, -10.2245121002, 39.1306838989, 158.528030396, 173.210876465, -65.4681777954], [451.622741699, 944.205383301, -54.0817070007, -126.07170105, 128.472946167, -116.196144104, 52.3482246399, 29.1068229675, 54.5747947693, -36.7979774475, 91.0462646484, -21.2828903198, 30.9090652466], [-1276.41955566, -54.0817070007, 998.882263184, 44.4878845215, 62.8540420532, 87.3179626465, 93.9041519165, -24.6952457428, 24.2897605896, -24.5516204834, -82.8970947266, -30.5465202332, -24.523021698], [519.196716309, -126.07170105, 44.4878845215, 398.455627441, 63.5748825073, -6.08513355255, -16.1801815033, -7.12750244141, 52.5869522095, 1.37523496151, 16.5902080536, 23.5153274536, 9.07934951782], [-406.336212158, 128.472946167, 62.8540420532, 63.5748825073, 322.757232666, 93.3525161743, 109.159446716, 10.4523258209, 46.1834335327, 22.8330802917, -2.07918643951, -2.73961472511, 54.1896400452], [-23.6735229492, -116.196144104, 87.3179626465, -6.08513355255, 93.3525161743, 356.869476318, 107.647567749, 77.3136672974, 16.139995575, 24.220741272, -12.7334566116, -18.7476215363, 37.3455467224], [-245.51322937, 52.3482246399, 93.9041519165, -16.1801815033, 109.159446716, 107.647567749, 258.094329834, 59.7034225464, 37.5801315308, 23.2687282562, -14.3629999161, -2.38219738007, 29.1726989746], [57.479183197, 29.1068229675, -24.6952457428, -7.12750244141, 10.4523258209, 77.3136672974, 59.7034225464, 197.862716675, 62.7801704407, 7.94752216339, 30.8433494568, -4.81242752075, 19.2809562683], [-10.2245121002, 54.5747947693, 24.2897605896, 52.5869522095, 46.1834335327, 16.139995575, 37.5801315308, 62.7801704407, 124.272247314, 38.3505325317, 32.1521835327, 9.779255867, 12.855969429], [39.1306838989, -36.7979774475, -24.5516204834, 1.37523496151, 22.8330802917, 24.220741272, 23.2687282562, 7.94752216339, 38.3505325317, 99.8098602295, 34.9124107361, 9.46582508087, 17.4288635254], [158.528030396, 91.0462646484, -82.8970947266, 16.5902080536, -2.07918643951, -12.7334566116, -14.3629999161, 30.8433494568, 32.1521835327, 34.9124107361, 119.378181458, 37.9327812195, 10.3455381393], [173.210876465, -21.2828903198, -30.5465202332, 23.5153274536, -2.73961472511, -18.7476215363, -2.38219738007, -4.81242752075, 9.779255867, 9.46582508087, 37.9327812195, 75.5422515869, 21.9681930542], [-65.4681777954, 30.9090652466, -24.523021698, 9.07934951782, 54.1896400452, 37.3455467224, 29.1726989746, 19.2809562683, 12.855969429, 17.4288635254, 10.3455381393, 21.9681930542, 85.0244369507]], "mean": [5.43326330185, 85.1373062134, -82.4270477295, 42.9171409607, -43.8075637817, 21.9326667786, -26.9594192505, 15.8962535858, -13.4162073135, 10.6424064636, -7.80055618286, 10.9589834213, -7.71211719513], "icov": [[0.000169739156263, -0.000315921904985, 0.000224260787945, -0.000426833459642, 0.000363179657143, -0.00029500250821, 8.87555506779e-05, -0.000108179585368, 0.000234014820307, -0.00041032891022, 0.000473529216833, -0.000654121220578, 0.000408110150602], [-0.000315921904985, 0.00245526945218, -0.000425216450822, 0.00167237501591, -0.00154349009972, 0.00149296829477, -0.000620511826128, 0.000541530374903, -0.00148827652447, 0.00272758863866, -0.00328043731861, 0.00305837625638, -0.00174412189517], [0.000224260787945, -0.000425216450822, 0.00145677803084, -0.000673484639265, 0.000442043034127, -0.000662047008518, -0.000229255310842, 0.000212816943531, -0.000206716824323, -0.000251143879723, 0.00130332214758, -0.000866230635438, 0.00100677029695], [-0.000426833459642, 0.00167237501591, -0.000673484639265, 0.00436431122944, -0.0019053943688, 0.00114031450357, 9.48033703025e-05, 0.000821360910777, -0.00251945690252, 0.00250721955672, -0.00236739311367, 0.0016914436128, -0.0013841408072], [0.000363179657143, -0.00154349009972, 0.000442043034127, -0.0019053943688, 0.00561785977334, -0.0016927808756, -0.00107544602361, 0.000749619561248, -0.000309505063342, -0.00148836174048, 0.00181249610614, -0.00107433088124, -0.00105731794611], [-0.00029500250821, 0.00149296829477, -0.000662047008518, 0.00114031450357, -0.0016927808756, 0.00474663684145, -0.0011919552926, -0.00109927542508, 0.000103817554191, 0.000750371313188, -0.00171873695217, 0.00285811210051, -0.0021292027086], [8.87555506779e-05, -0.000620511826128, -0.000229255310842, 9.48033703025e-05, -0.00107544602361, -0.0011919552926, 0.00568468682468, -0.0014572852524, -9.71426125034e-05, -0.00158813316375, 0.00209514331073, -0.00168455531821, 0.000327191111865], [-0.000108179585368, 0.000541530374903, 0.000212816943531, 0.000821360910777, 0.000749619561248, -0.00109927542508, -0.0014572852524, 0.00788773503155, -0.00448172818869, 0.00288603664376, -0.00286817387678, 0.00263451458886, -0.00183575262781], [0.000234014820307, -0.00148827652447, -0.000206716824323, -0.00251945690252, -0.000309505063342, 0.000103817554191, -9.71426125034e-05, -0.00448172818869, 0.01384453848, -0.00591663410887, 0.000829101540148, -0.00252035586163, 0.00180176016875], [-0.00041032891022, 0.00272758863866, -0.000251143879723, 0.00250721955672, -0.00148836174048, 0.000750371313188, -0.00158813316375, 0.00288603664376, -0.00591663410887, 0.0164563301951, -0.00727950409055, 0.00459176674485, -0.00391759816557], [0.000473529216833, -0.00328043731861, 0.00130332214758, -0.00236739311367, 0.00181249610614, -0.00171873695217, 0.00209514331073, -0.00286817387678, 0.000829101540148, -0.00727950409055, 0.0171153880656, -0.0100600821897, 0.00360072311014], [-0.000654121220578, 0.00305837625638, -0.000866230635438, 0.0016914436128, -0.00107433088124, 0.00285811210051, -0.00168455531821, 0.00263451458886, -0.00252035586163, 0.00459176674485, -0.0100600821897, 0.0225799418986, -0.00780622381717], [0.000408110150602, -0.00174412189517, 0.00100677029695, -0.0013841408072, -0.00105731794611, -0.0021292027086, 0.000327191111865, -0.00183575262781, 0.00180176016875, -0.00391759816557, 0.00360072311014, -0.00780622381717, 0.0171703416854]]}, "spectral_complexity": {"dmean": 5.13662433624, "dmean2": 7.21920681, "max": 61, "dvar": 38.3341331482, "mean": 17.1280517578, "dvar2": 57.8602371216, "min": 0, "var": 123.074684143, "median": 15}, "spectral_flux": {"dmean": 0.0337574183941, "dmean2": 0.0526406727731, "max": 0.330122083426, "dvar": 0.00157366937492, "mean": 0.101055696607, "dvar2": 0.0029373113066, "min": 1.04028986814e-10, "var": 0.00319958571345, "median": 0.0881879329681}, "spectral_energyband_low": {"dmean": 0.0096267061308, "dmean2": 0.0134571036324, "max": 0.164215624332, "dvar": 0.000142405580846, "mean": 0.0458517558873, "dvar2": 0.000269328942522, "min": 6.12911349437e-23, "var": 0.000921045138966, "median": 0.0384494252503}, "spectral_decrease": {"dmean": 2.90903545697e-09, "dmean2": 4.31938484979e-09, "max": 3.98241432343e-18, "dvar": 1.08753827461e-17, "mean": -1.59460267213e-08, "dvar2": 2.20693292898e-17, "min": -4.39942766661e-08, "var": 6.03156478395e-17, "median": -1.60764574986e-08}, "barkbands_spread": {"dmean": 6.07723045349, "dmean2": 8.53653526306, "max": 123.237548828, "dvar": 67.4448776245, "mean": 16.678812027, "dvar2": 141.118255615, "min": 0.110043443739, "var": 228.307861328, "median": 12.6489391327}, "spectral_rms": {"dmean": 0.000728655140847, "dmean2": 0.00106948148459, "max": 0.0127645367756, "dvar": 6.91874106451e-07, "mean": 0.0074694971554, "dvar2": 1.34783272188e-06, "min": 3.24931965015e-12, "var": 4.78752872368e-06, "median": 0.00786563567817}, "spectral_centroid": {"dmean": 337.344238281, "dmean2": 484.717651367, "max": 11477.6240234, "dvar": 140348.21875, "mean": 1276.59313965, "dvar2": 267961.09375, "min": 77.8793182373, "var": 559370.4375, "median": 1171.05371094}, "barkbands_skewness": {"dmean": 1.06122362614, "dmean2": 1.52929508686, "max": 23.3429641724, "dvar": 2.12541294098, "mean": 3.71268963814, "dvar2": 4.55601119995, "min": -4.1317653656, "var": 9.55200099945, "median": 2.74270057678}, "spectral_rolloff": {"dmean": 395.021881104, "dmean2": 660.186401367, "max": 19143.0175781, "dvar": 824554.625, "mean": 704.716308594, "dvar2": 1985827.125, "min": 21.533203125, "var": 2328144, "median": 344.53125}, "erbbands_spread": {"dmean": 12.5513648987, "dmean2": 19.3530464172, "max": 203.929290771, "dvar": 176.834259033, "mean": 49.8668289185, "dvar2": 384.132049561, "min": 4.12576913834, "var": 531.799682617, "median": 47.5946807861}, "barkbands": {"dmean": [0.000946835265495, 0.0090041635558, 0.00214327010326, 0.00146107235923, 0.00265453290194, 0.00266587128863, 0.00213008420542, 0.000642970961053, 0.000695036549587, 0.000457113696029, 0.000398106552893, 0.000411585642723, 0.000281541259028, 0.000150969528477, 0.000286283961032, 0.000166289886693, 0.000198294743313, 0.00021517915593, 0.000208076729905, 0.000213525767322, 0.00021080566512, 0.000196275112103, 0.000200696114916, 0.00011503121641, 6.5108652052e-05, 3.02575808746e-05, 8.0825511759e-06], "dmean2": [0.00148114585318, 0.0124912559986, 0.00366863422096, 0.00245670368895, 0.004363973625, 0.00455809524283, 0.00342186982743, 0.00106941035483, 0.00111753644887, 0.000737285241485, 0.000671063608024, 0.000681475910824, 0.000451821630122, 0.000249467819231, 0.000437689683167, 0.00026129357866, 0.000308820366627, 0.000336356315529, 0.000319625949487, 0.000310952105792, 0.000324860186083, 0.000291642616503, 0.000319627521094, 0.000173111402546, 0.000100094533991, 4.37209564552e-05, 1.2535229871e-05], "max": [0.0157705061138, 0.15235003829, 0.061514057219, 0.0370205678046, 0.0605645477772, 0.0536355003715, 0.0771263539791, 0.0374390147626, 0.0381028167903, 0.0314501821995, 0.0330778583884, 0.0297495462, 0.00785151962191, 0.00784480571747, 0.00646011950448, 0.00555011257529, 0.0033155863639, 0.00412759743631, 0.00608848640695, 0.00435512047261, 0.00425056088716, 0.00365206529386, 0.00722293881699, 0.0134618105367, 0.0112845329568, 0.00255319289863, 0.000846097595058], "dvar": [1.05616516066e-06, 0.000134323316161, 2.00140857487e-05, 6.87508008923e-06, 1.57519934874e-05, 2.8904480132e-05, 2.52298723353e-05, 3.37738651979e-06, 4.3624695536e-06, 1.84971418093e-06, 1.01365583305e-06, 9.32687612476e-07, 3.0464741485e-07, 1.11193593e-07, 2.28702290883e-07, 7.89753684671e-08, 9.65995425872e-08, 1.28091912188e-07, 1.52959145794e-07, 2.05075849635e-07, 2.74270490763e-07, 1.74161868927e-07, 1.93372187596e-07, 1.64850405326e-07, 6.41087680719e-08, 5.65853008894e-09, 4.73086791963e-10], "mean": [0.00317990011536, 0.0392509512603, 0.00275084306486, 0.00160678185057, 0.00355403195135, 0.00283439364284, 0.00255007925443, 0.000728218408767, 0.000813169230241, 0.00053696235409, 0.000475679058582, 0.000457067828393, 0.000369236629922, 0.000178490299731, 0.00042084560846, 0.000226424846915, 0.000277651299257, 0.000302374653984, 0.000289031188004, 0.00028122405638, 0.000227148717386, 0.000234131424804, 0.000241600631853, 0.000163456614246, 9.12225295906e-05, 4.59461007267e-05, 8.87792612048e-06], "dvar2": [2.67490463557e-06, 0.000263719033683, 5.37123196409e-05, 1.77251513378e-05, 3.71016358258e-05, 7.58795431466e-05, 5.79443985771e-05, 8.25518236525e-06, 1.01675950646e-05, 4.11404653278e-06, 2.66250344794e-06, 2.33145215134e-06, 7.22792435681e-07, 2.77204719623e-07, 5.30681177224e-07, 1.89744156387e-07, 2.24926239412e-07, 3.02881034031e-07, 3.57483884272e-07, 4.23538864425e-07, 6.64084154778e-07, 3.93280487287e-07, 4.86494741381e-07, 3.78891797936e-07, 1.54419367959e-07, 1.28817454481e-08, 1.04822672764e-09], "min": [6.87354622672e-24, 1.81653398782e-23, 2.30626925075e-23, 2.241916818e-23, 2.14746965726e-23, 2.56276011656e-23, 6.94100030278e-23, 2.66740567108e-23, 4.306067302e-23, 9.40094502212e-23, 7.51951996732e-23, 1.02090415117e-22, 9.98877766296e-23, 1.44854135648e-22, 1.53449564072e-22, 2.05296481501e-22, 1.18944901673e-22, 1.70471175544e-22, 4.26432810352e-22, 2.29292784579e-22, 6.28576637645e-22, 5.37381691672e-22, 4.08020115249e-22, 7.39299235792e-22, 1.36646178031e-21, 1.46697351436e-21, 2.735751242e-21], "var": [5.30577972313e-06, 0.000796516018454, 1.83049978659e-05, 7.21197056919e-06, 2.93367411359e-05, 2.97286369459e-05, 3.65797459381e-05, 3.75868216906e-06, 6.25457005299e-06, 2.79923369817e-06, 9.93497792479e-07, 1.06101504116e-06, 4.54191308563e-07, 1.30036099222e-07, 4.11474104567e-07, 1.10530940844e-07, 1.52196463432e-07, 1.95005668502e-07, 2.24203617449e-07, 2.7899167776e-07, 2.76186000292e-07, 2.12061166849e-07, 2.38185918988e-07, 2.48464800734e-07, 7.83759546152e-08, 9.41244859831e-09, 5.48026402036e-10], "median": [0.00265314104035, 0.0327266901731, 0.0014195817057, 0.000616119650658, 0.00149863213301, 0.000814591476228, 0.000596134923398, 0.000216083004489, 0.000190083665075, 0.000136047689011, 0.000221639638767, 0.000147760103573, 0.000136947157444, 6.24722451903e-05, 0.00017719756579, 0.000113365254947, 0.000123686593724, 0.000132286397275, 0.000108147192805, 0.000104525199276, 6.63826504024e-05, 6.99979573255e-05, 6.46640983177e-05, 3.7431527744e-05, 2.74612684734e-05, 1.388216333e-05, 1.68187614236e-06]}, "melbands_kurtosis": {"dmean": 32.1600341797, "dmean2": 48.872089386, "max": 1639.56469727, "dvar": 4190.49462891, "mean": 66.4579620361, "dvar2": 9609.77050781, "min": -1.84871125221, "var": 11115.4521484, "median": 27.1120948792}, "erbbands_crest": {"dmean": 2.97913193703, "dmean2": 4.8141746521, "max": 28.6451339722, "dvar": 8.71300411224, "mean": 8.69634723663, "dvar2": 20.3571472168, "min": 2.21675944328, "var": 21.0855121613, "median": 7.45913696289}, "melbands_skewness": {"dmean": 1.47017002106, "dmean2": 2.16798019409, "max": 31.0104541779, "dvar": 3.06754636765, "mean": 5.46322011948, "dvar2": 6.45248889923, "min": -1.14286398888, "var": 12.2027492523, "median": 4.50536727905}, "spectral_energyband_middle_low": {"dmean": 0.0068994127214, "dmean2": 0.0112600270659, "max": 0.106866128743, "dvar": 8.02868598839e-05, "mean": 0.0122435055673, "dvar2": 0.000198146561161, "min": 2.15406484997e-22, "var": 0.000156453228556, "median": 0.00793108996004}, "spectral_contrast_coeffs": {"dmean": [0.0516886822879, 0.0604169107974, 0.0434702225029, 0.0330748148263, 0.0277940407395, 0.0286178793758], "dmean2": [0.0858388766646, 0.0982914194465, 0.070189319551, 0.0526028722525, 0.0431344546378, 0.0409802719951], "max": [-0.288218826056, -0.429687142372, -0.465567827225, -0.581352174282, -0.491711139679, -0.544876277447], "dvar": [0.00176927633584, 0.00255917431787, 0.00130078557413, 0.000778901390731, 0.000661022786517, 0.00103899650276], "mean": [-0.704003632069, -0.731546640396, -0.791908025742, -0.796078622341, -0.795775055885, -0.770705759525], "dvar2": [0.00474325101823, 0.00655539147556, 0.00315187335946, 0.00181387644261, 0.00145587290172, 0.00207926379517], "min": [-0.956213772297, -0.985616922379, -0.976078510284, -0.96598982811, -0.963006556034, -0.961105465889], "var": [0.00525069888681, 0.00749932276085, 0.00376536743715, 0.00305764866062, 0.00257158139721, 0.00280302553438], "median": [-0.714369356632, -0.738854944706, -0.799648046494, -0.803087413311, -0.799169659615, -0.776925444603]}, "spectral_contrast_valleys": {"dmean": [0.410488933325, 0.447361528873, 0.396759063005, 0.368582338095, 0.392181992531, 0.34278818965], "dmean2": [0.666101455688, 0.729606628418, 0.634557664394, 0.563829243183, 0.541861116886, 0.474344074726], "max": [-5.01059675217, -4.72202920914, -5.18346261978, -5.61915445328, -5.5956120491, -7.4211473465], "dvar": [0.140564322472, 0.163989588618, 0.145339891315, 0.149237111211, 0.19362360239, 0.160438105464], "mean": [-6.64696359634, -6.79875230789, -7.42821407318, -7.8636059761, -7.69723033905, -9.96534347534], "dvar2": [0.316159397364, 0.387025386095, 0.301429927349, 0.293912500143, 0.360983818769, 0.303444892168], "min": [-27.3270053864, -27.6044044495, -27.3169441223, -27.0841617584, -27.3792934418, -27.1914901733], "var": [1.4766523838, 1.19310545921, 1.22808372974, 1.24263131618, 1.43453228474, 1.18355178833], "median": [-6.4186425209, -6.66159629822, -7.26940822601, -7.67608356476, -7.53409385681, -9.89655303955]}, "silence_rate_20dB": {"dmean": 0, "dmean2": 0, "max": 1, "dvar": 0, "mean": 1, "dvar2": 0, "min": 1, "var": 0, "median": 1}, "silence_rate_30dB": {"dmean": 0.0722262784839, "dmean2": 0.144467636943, "max": 1, "dvar": 0.0670068264008, "mean": 0.926215827465, "dvar2": 0.161594823003, "min": 0, "var": 0.0683341994882, "median": 1}, "spectral_strongpeak": {"dmean": 0.182733535767, "dmean2": 0.305562615395, "max": 5.68540906906, "dvar": 0.180080488324, "mean": 0.58177280426, "dvar2": 0.469249844551, "min": 0, "var": 0.222962230444, "median": 0.507769703865}, "spectral_spread": {"dmean": 734518.5, "dmean2": 1037550.6875, "max": 39500804, "dvar": 912005595136, "mean": 5445707.5, "dvar2": 1553483563010.0, "min": 1501319.625, "var": 3257936379900.0, "median": 4927327}, "barkbands_flatness_db": {"dmean": 0.028177253902, "dmean2": 0.0400023832917, "max": 0.566285073757, "dvar": 0.00103814096656, "mean": 0.185293957591, "dvar2": 0.00198074895889, "min": 0.0318494811654, "var": 0.00673133367673, "median": 0.173777297139}, "pitch_salience": {"dmean": 0.0874544903636, "dmean2": 0.134279340506, "max": 0.978035926819, "dvar": 0.00776795949787, "mean": 0.391152411699, "dvar2": 0.0181268379092, "min": 0.0336835980415, "var": 0.0293946284801, "median": 0.399942338467}, "erbbands_kurtosis": {"dmean": 1.4735506773, "dmean2": 2.33262848854, "max": 57.5207176208, "dvar": 8.68042755127, "mean": 1.13178050518, "dvar2": 18.699136734, "min": -1.87447226048, "var": 23.8695316315, "median": -0.102426037192}, "average_loudness": 0.981202065945, "barkbands_crest": {"dmean": 2.67963385582, "dmean2": 4.22394561768, "max": 26.2867698669, "dvar": 8.62576675415, "mean": 16.347038269, "dvar2": 19.7650432587, "min": 3.06075382233, "var": 30.8486232758, "median": 16.7618103027}, "hfc": {"dmean": 9.11615753174, "dmean2": 13.4555702209, "max": 296.687194824, "dvar": 229.735015869, "mean": 21.0761547089, "dvar2": 535.430114746, "min": 1.22855432145e-16, "var": 368.627929688, "median": 15.5526638031}, "barkbands_kurtosis": {"dmean": 17.352148056, "dmean2": 26.2910308838, "max": 844.005187988, "dvar": 2585.20410156, "mean": 38.0809440613, "dvar2": 5630.00830078, "min": -1.94592189789, "var": 10175.3681641, "median": 8.64095878601}, "erbbands": {"dmean": [0.451402783394, 1.60528492928, 2.45775341988, 3.66757130623, 7.75279760361, 9.34549999237, 12.6274929047, 24.2047138214, 31.7264442444, 19.8257446289, 13.74634552, 16.087430954, 13.7711677551, 15.4808130264, 15.0848941803, 15.1987819672, 12.4884748459, 7.90599822998, 10.9797372818, 12.3324918747, 9.65840148926, 9.6354675293, 11.6635217667, 10.9161291122, 9.80180835724, 10.1253890991, 8.16497421265, 8.27952384949, 7.2884759903, 7.54856443405, 5.10420465469, 2.62679290771, 1.89253997803, 0.904691517353, 0.39581412077, 0.149374112487, 0.0524240061641, 0.0173493586481, 0.0012428186601, 3.11246840283e-05], "dmean2": [0.61142116785, 2.45591187477, 4.23647451401, 6.1543970108, 12.758559227, 15.5562515259, 21.3693256378, 41.5240592957, 50.4049415588, 33.0617866516, 22.2151126862, 25.8036308289, 21.8490905762, 24.8778743744, 25.342956543, 24.9530277252, 19.6817970276, 12.9455461502, 16.9005432129, 19.1573562622, 15.011302948, 14.7006521225, 18.294260025, 16.6063232422, 14.423951149, 14.9060850143, 12.2940864563, 12.7911252975, 11.0051441193, 12.0159988403, 8.02578639984, 3.87474179268, 2.94057941437, 1.41083025932, 0.606207668781, 0.227266460657, 0.0753165110946, 0.025581439957, 0.00195604888722, 4.67892969027e-05], "max": [6.92922925949, 23.9977016449, 53.391746521, 99.1921005249, 236.946426392, 352.117919922, 375.229278564, 679.439453125, 1478.33642578, 1126.58374023, 786.904052734, 1022.62792969, 914.801818848, 851.363037109, 1298.51965332, 805.077819824, 401.47177124, 471.99597168, 278.934387207, 312.97454834, 273.896087646, 216.134155273, 214.359985352, 332.133117676, 225.860397339, 198.165115356, 143.944534302, 165.606811523, 129.306137085, 155.539382935, 238.685974121, 194.31930542, 257.528900146, 146.017440796, 67.0855484009, 20.1994934082, 4.24406194687, 0.895979702473, 0.193650737405, 0.00347476149909], "dvar": [0.366574138403, 5.17924165726, 25.6106433868, 56.2253341675, 153.391830444, 239.003372192, 745.27545166, 2478.26855469, 5527.93359375, 2684.79150391, 1444.90393066, 2540.27709961, 1718.05444336, 1412.07861328, 1755.79016113, 1280.52819824, 619.533752441, 285.383270264, 395.996063232, 385.742126465, 226.489883423, 227.881072998, 373.987792969, 428.607269287, 319.205444336, 480.949707031, 360.509460449, 449.954193115, 269.22543335, 290.311431885, 121.807159424, 53.2564926147, 58.318069458, 13.7199926376, 1.99226593971, 0.20752774179, 0.0164314173162, 0.00158660602756, 1.46301208588e-05, 4.59492222049e-09], "mean": [2.00967216492, 5.2722234726, 3.3755543232, 4.62905740738, 10.0001678467, 11.6019611359, 14.2435178757, 25.78556633, 39.1577529907, 22.2824611664, 17.1425132751, 19.3269672394, 17.2573375702, 20.2730617523, 17.326341629, 18.1198444366, 17.1048488617, 11.0669603348, 16.0477695465, 17.9318809509, 14.8870754242, 14.4957532883, 16.5664520264, 15.1513967514, 14.8173379898, 12.8845539093, 9.65285682678, 8.66952800751, 8.38971614838, 8.59555435181, 6.39027452469, 3.73094534874, 2.57618165016, 1.22626364231, 0.554643750191, 0.221734270453, 0.0774222612381, 0.0208549834788, 0.00138493371196, 9.5836861874e-05], "dvar2": [0.741121053696, 11.4579687119, 69.9290237427, 150.802825928, 361.621948242, 568.457885742, 1919.45739746, 6406.01855469, 12470.9248047, 6692.96679688, 3551.68017578, 5924.25976563, 3833.04125977, 3246.52319336, 4539.31054688, 3210.70239258, 1431.17407227, 682.189453125, 891.938415527, 940.917419434, 540.276550293, 528.717834473, 893.600219727, 994.011291504, 607.737548828, 1071.78662109, 848.25994873, 1084.89978027, 627.575073242, 735.98449707, 297.409301758, 116.244491577, 141.294662476, 32.4549598694, 4.92275238037, 0.484268307686, 0.0380090549588, 0.00364050851204, 3.13552300213e-05, 9.77831593474e-09], "min": [7.90667989917e-22, 3.15612984152e-21, 2.11142778895e-20, 6.37736412868e-20, 4.18869431107e-20, 8.9536814775e-20, 1.35381367983e-19, 2.26168421018e-19, 9.4658134224e-19, 1.04510103474e-18, 4.3423911251e-19, 7.81633463086e-19, 2.14721714756e-18, 3.55707929323e-18, 2.84290023775e-18, 4.51981785098e-18, 5.81542091825e-18, 8.58810013944e-18, 7.14897544562e-18, 5.66761242818e-18, 1.32686511775e-17, 7.54074059143e-18, 1.06696678909e-17, 1.58093802696e-17, 1.8174555993e-17, 1.16974141594e-17, 2.38675322603e-17, 2.14491340819e-17, 1.55929087576e-17, 1.93679195366e-17, 1.28993572203e-17, 1.24031596949e-17, 1.45456832129e-17, 1.30664427409e-17, 1.05976990417e-17, 5.0736996435e-18, 3.16714366413e-18, 1.21760820732e-18, 3.67296729705e-19, 4.00417228839e-20], "var": [2.17556881905, 16.4741630554, 21.5300579071, 52.745513916, 258.03616333, 398.700439453, 984.243041992, 2591.92285156, 8644.09472656, 2889.20678711, 1771.4909668, 3557.77880859, 2628.33740234, 1980.47070313, 1756.85705566, 1521.47680664, 936.779907227, 412.458374023, 618.607116699, 632.067443848, 366.902099609, 375.249786377, 556.680541992, 637.58190918, 557.819702148, 605.885070801, 401.490264893, 445.76361084, 300.276611328, 299.65512085, 172.097640991, 95.2150802612, 73.7752227783, 16.9955844879, 2.39272069931, 0.309807091951, 0.025922017172, 0.00196121796034, 1.68614278664e-05, 6.4801759514e-09], "median": [1.65145945549, 4.17942810059, 2.17118310928, 2.48689866066, 4.28551006317, 4.38468170166, 4.08084011078, 8.120054245, 9.40407752991, 6.93471384048, 5.45751667023, 4.94704914093, 4.69962310791, 8.41083908081, 6.7399263382, 6.92919063568, 7.05745124817, 5.45645189285, 7.22922611237, 9.18985366821, 8.09401512146, 7.36677646637, 7.6841878891, 6.07264900208, 6.27898406982, 4.80702018738, 3.45137786865, 2.19589996338, 2.56773138046, 2.39909934998, 1.59617733955, 0.813367962837, 0.592203021049, 0.315488398075, 0.184679448605, 0.073075607419, 0.0224557183683, 0.00516603514552, 0.000262654211838, 8.7119959062e-05]}, "spectral_energy": {"dmean": 0.0114191947505, "dmean2": 0.016994247213, "max": 0.167006731033, "dvar": 0.00016702474386, "mean": 0.0620956718922, "dvar2": 0.000344140746165, "min": 1.08220298034e-20, "var": 0.00088097830303, "median": 0.0634149312973}, "zerocrossingrate": {"dmean": 0.00872331950814, "dmean2": 0.0103759765625, "max": 0.5185546875, "dvar": 0.000119681215438, "mean": 0.0354503281415, "dvar2": 0.000161897783983, "min": 0.0009765625, "var": 0.00152586062904, "median": 0.02734375}, "spectral_energyband_high": {"dmean": 0.00085882935673, "dmean2": 0.00128451350611, "max": 0.0304718557745, "dvar": 3.32973309014e-06, "me