{"lowlevel": {"erbbands": {"mean": [0.14654161036, 1.88817334175, 4.29764795303, 6.06499624252, 7.5581202507, 8.72893714905, 7.71653270721, 9.99747085571, 14.7557163239, 24.8709163666, 24.1853237152, 47.0031852722, 63.8113365173, 51.2993965149, 19.4328346252, 25.8672657013, 28.403842926, 45.4281234741, 33.1786880493, 23.9328422546, 22.9585609436, 34.803565979, 38.9358139038, 28.0247211456, 21.7656440735, 17.8686141968, 10.1655979156, 12.7696933746, 12.7430839539, 13.0560379028, 9.09023952484, 5.12101316452, 2.78533911705, 1.49918019772, 0.647115170956, 0.214932024479, 0.061393506825, 0.017416158691, 0.00296313548461, 0.000131725682877], "dvar": [0.0263772718608, 3.40830993652, 18.549987793, 38.0315246582, 70.1307067871, 62.5944824219, 55.4873809814, 82.2587585449, 121.061653137, 479.265960693, 525.961425781, 1639.16674805, 3561.34692383, 2520.10449219, 417.764923096, 800.435424805, 515.649108887, 1732.08276367, 726.365966797, 376.916992188, 246.290252686, 575.465576172, 1047.34350586, 424.963134766, 197.490737915, 156.121795654, 128.797271729, 385.583312988, 578.861755371, 510.423431396, 282.968597412, 114.717811584, 21.2368011475, 5.12526988983, 0.634183883667, 0.0527240000665, 0.00318501656875, 0.000278586114291, 1.00836259662e-05, 1.30482593619e-08], "min": [9.6146094498e-22, 7.31066991356e-21, 1.83716070878e-20, 1.31417083895e-20, 8.84802337141e-20, 1.34492252223e-19, 2.72131487236e-19, 2.55495179058e-19, 6.1594629126e-19, 9.98045935014e-19, 1.72891377294e-18, 1.26802931175e-18, 1.95422143499e-18, 4.3283371197e-18, 3.99723822719e-18, 5.41824890636e-18, 8.11030986428e-18, 1.21203747676e-17, 6.94046802861e-18, 5.7436121285e-18, 7.60686623678e-18, 7.84560793236e-18, 1.24034227384e-17, 9.86832095604e-18, 1.56242340874e-17, 1.54780299142e-17, 1.30037937357e-17, 1.62665497592e-17, 2.05476279826e-17, 2.04007686823e-17, 1.57697533552e-17, 1.62276143678e-17, 1.69265902572e-17, 1.20891652431e-17, 8.04451012809e-18, 6.12144837998e-18, 3.59721492373e-18, 1.46164406561e-18, 3.25954113442e-19, 3.76974639474e-20], "dmean": [0.0882366299629, 1.05265843868, 2.51736712456, 3.56661844254, 4.7530040741, 4.91402769089, 3.87421560287, 4.88849592209, 7.21407651901, 12.3492679596, 11.6354198456, 21.1175384521, 26.9436817169, 18.4270133972, 9.10915470123, 12.8481502533, 14.0455236435, 21.7418422699, 15.4189605713, 11.4263105392, 9.689909935, 14.8404045105, 17.1033821106, 11.7166690826, 8.62451648712, 7.88234138489, 4.43372869492, 5.91868925095, 6.01502370834, 6.35017156601, 4.21937847137, 2.30119824409, 1.2693618536, 0.68588411808, 0.280529409647, 0.0920378267765, 0.0287531968206, 0.00871684961021, 0.00152894342318, 5.50958538952e-05], "dmean2": [0.142100349069, 1.65802001953, 4.2605214119, 6.09920024872, 8.01330280304, 8.13068294525, 6.21783304214, 7.89831590652, 11.469201088, 18.973777771, 18.1413345337, 32.3508300781, 41.4224700928, 27.5660858154, 14.2450962067, 20.5051574707, 22.7598056793, 34.6886749268, 25.031665802, 18.6690616608, 15.8026790619, 24.8782215118, 27.9851112366, 19.614736557, 14.3313236237, 13.0749511719, 7.22839641571, 9.31331062317, 9.23688220978, 9.50885868073, 5.98938417435, 3.25468420982, 1.86237084866, 1.02993547916, 0.41293951869, 0.131023436785, 0.0408573411405, 0.0122332843021, 0.00213224906474, 7.85318989074e-05], "dvar2": [0.0635673701763, 8.05828285217, 50.0710601807, 107.498641968, 184.534866333, 163.743804932, 143.790634155, 207.942947388, 296.815002441, 1078.67370605, 1229.92224121, 3890.37841797, 8654.70214844, 5291.56152344, 966.461730957, 1900.31958008, 1215.75073242, 4172.50585938, 1854.07763672, 914.92578125, 617.547119141, 1601.28161621, 2620.93164062, 1162.38427734, 520.76739502, 401.824066162, 306.539794922, 849.492004395, 1097.65637207, 968.843933105, 473.383117676, 204.6355896, 43.2605857849, 11.1103029251, 1.31809854507, 0.103947579861, 0.00635074405, 0.000509764126036, 1.85718781722e-05, 2.59217785015e-08], "max": [1.99654221535, 23.1679039001, 60.8189239502, 80.4934539795, 98.4821777344, 145.88470459, 164.540725708, 217.394332886, 258.826019287, 583.761230469, 569.950866699, 1031.42932129, 1234.87597656, 1459.58618164, 709.884460449, 809.289550781, 877.181518555, 887.367492676, 579.261901855, 513.704956055, 478.78704834, 578.102111816, 923.515014648, 518.387329102, 271.819763184, 323.882202148, 631.579223633, 837.702026367, 1405.68835449, 678.036743164, 602.619140625, 483.195465088, 157.112930298, 71.4787445068, 34.5311660767, 7.64937496185, 1.63459742069, 0.474705606699, 0.104010611773, 0.00287429639138], "median": [0.052674844861, 0.907926440239, 2.63245224953, 3.9218890667, 4.66247653961, 4.8385682106, 4.8300075531, 5.81219291687, 9.4431219101, 12.3117990494, 12.5511035919, 19.1438388824, 22.1704597473, 14.2583045959, 10.7448568344, 13.6846342087, 18.6786231995, 23.9890499115, 18.7971687317, 15.7984361649, 16.2249717712, 23.3990840912, 23.4311580658, 17.5885410309, 14.094994545, 10.8793649673, 6.26661872864, 6.44499206543, 4.79611778259, 4.48130178452, 2.97335362434, 1.71615374088, 1.05892932415, 0.616417646408, 0.297476172447, 0.104677170515, 0.0334520451725, 0.00951926317066, 0.00158053997438, 9.23115003388e-05], "var": [0.0481900982559, 6.42838430405, 26.8378887177, 46.7999343872, 85.6950759888, 129.302215576, 97.4027709961, 176.331130981, 295.566772461, 1402.59020996, 1551.00036621, 6675.31152344, 13428.75, 20226.015625, 1157.44519043, 2128.83154297, 1302.69775391, 5044.8828125, 2192.47802734, 922.618530273, 744.250610352, 1485.46911621, 2541.17797852, 1025.64575195, 580.370117188, 406.551422119, 222.47517395, 918.063598633, 1993.26013184, 1777.33691406, 1078.74121094, 371.873901367, 62.6444358826, 14.4026346207, 2.13092803955, 0.179162949324, 0.00878933724016, 0.000654221919831, 2.20789224841e-05, 2.66152060391e-08]}, "gfcc": {"icov": [[0.000106604959001, -0.000103482409031, 0.000126057857415, -0.000266669405391, 0.000150723659317, -2.92226777674e-05, 0.000325874047121, -0.000356180447852, -1.17253121061e-05, -0.000385371618904, 0.000595404824708, -0.000439431576524, 0.000483449548483], [-0.000103482409031, 0.0019512771396, 0.000448755628895, 0.00064325297717, -0.00116015132517, 0.001103733317, -0.000998437986709, 0.00103040446993, -0.000884016684722, 0.00213761907071, -0.00296871527098, 0.00263485009782, -0.00179434532765], [0.000126057857415, 0.000448755628895, 0.00319305434823, -0.000437651062384, -0.00142687582411, -0.000401473342208, 0.00103404512629, 0.00023956692894, 6.09303751844e-05, -0.00088658707682, 0.00107537710574, -0.00150737934746, 0.00158410216682], [-0.000266669405391, 0.00064325297717, -0.000437651062384, 0.0044843130745, 0.000595304591116, 0.000582091626711, 9.87016574072e-06, -0.000462831085315, -0.00160418287851, 0.00111175084021, -0.00244625913911, 0.000948255707044, -0.00157383270562], [0.000150723659317, -0.00116015132517, -0.00142687582411, 0.000595304591116, 0.00767297204584, 0.000551377190277, -0.00267673516646, -0.00122286763508, 0.00100558693521, -0.00295460410416, 0.00124986213632, -0.00209020380862, 0.000685571518261], [-2.92226777674e-05, 0.001103733317, -0.000401473342208, 0.000582091626711, 0.000551377190277, 0.00586375501007, -0.00411896361038, -0.000317523663398, 0.000576410151552, -0.00138967076782, 0.000677370233461, -0.00016003701603, -0.000953864888288], [0.000325874047121, -0.000998437986709, 0.00103404512629, 9.87016574072e-06, -0.00267673516646, -0.00411896361038, 0.0128957396373, -0.00356452586129, 7.65559452702e-05, 0.000113374888315, -0.00126218178775, 0.00030134053668, 0.000199162604986], [-0.000356180447852, 0.00103040446993, 0.00023956692894, -0.000462831085315, -0.00122286763508, -0.000317523663398, -0.00356452586129, 0.0169378016144, -0.00681106047705, -0.000241696150624, -0.000474912754726, 0.00170738378074, -0.00200643599965], [-1.17253121061e-05, -0.000884016684722, 6.09303751844e-05, -0.00160418287851, 0.00100558693521, 0.000576410151552, 7.65559452702e-05, -0.00681106047705, 0.0186285953969, -0.00780403707176, 0.0013839546591, -0.00129710603505, -0.000870710180607], [-0.000385371618904, 0.00213761907071, -0.00088658707682, 0.00111175084021, -0.00295460410416, -0.00138967076782, 0.000113374888315, -0.000241696150624, -0.00780403707176, 0.0257004071027, -0.0152274584398, 0.00429916381836, 0.000138567687827], [0.000595404824708, -0.00296871527098, 0.00107537710574, -0.00244625913911, 0.00124986213632, 0.000677370233461, -0.00126218178775, -0.000474912754726, 0.0013839546591, -0.0152274584398, 0.0336879678071, -0.0161020439118, 0.00573195889592], [-0.000439431576524, 0.00263485009782, -0.00150737934746, 0.000948255707044, -0.00209020380862, -0.00016003701603, 0.00030134053668, 0.00170738378074, -0.00129710603505, 0.00429916381836, -0.0161020439118, 0.0311522111297, -0.0132193779573], [0.000483449548483, -0.00179434532765, 0.00158410216682, -0.00157383270562, 0.000685571518261, -0.000953864888288, 0.000199162604986, -0.00200643599965, -0.000870710180607, 0.000138567687827, 0.00573195889592, -0.0132193779573, 0.0236193574965]], "mean": [20.8516235352, 76.4346466064, -109.970275879, 28.5367012024, -49.0192108154, 12.4972286224, -29.3867282867, 10.5323009491, -20.3518657684, -1.4874932766, -17.2185592651, -2.39332151413, -16.7737197876], "cov": [[19848.5078125, -585.492980957, -491.325317383, 1330.48352051, -740.504638672, -343.980926514, -670.732543945, 425.761962891, 396.411590576, 201.735275269, -157.387908936, 9.77777576447, -222.616195679], [-585.492980957, 1042.09655762, -202.499237061, -144.931533813, 127.365150452, -174.072006226, 73.6595077515, -51.0769844055, -13.9921684265, -63.8739929199, 42.5637397766, -42.7143859863, 45.0115280151], [-491.325317383, -202.499237061, 434.477752686, 3.52883768082, 73.7595825195, 58.7994117737, -5.61098194122, -5.18140172958, -4.64417076111, 32.5380630493, 3.33519768715, 24.4608440399, -21.871799469], [1330.48352051, -144.931533813, 3.52883768082, 360.631500244, -79.2426528931, -31.8710212708, -57.6506233215, 52.1034965515, 61.8786392212, 28.4290504456, 10.0476884842, 16.4359760284, 0.350316107273], [-740.504638672, 127.365150452, 73.7595825195, -79.2426528931, 218.31362915, 25.6707744598, 79.7397155762, 6.0283536911, -3.46587586403, 22.1391162872, 25.0373420715, 12.2966394424, 9.69386482239], [-343.980926514, -174.072006226, 58.7994117737, -31.8710212708, 25.6707744598, 282.318389893, 93.8977584839, 29.8437576294, 3.38217353821, 31.6370944977, 4.11213588715, 15.5135726929, 7.7729268074], [-670.732543945, 73.6595077515, -5.61098194122, -57.6506233215, 79.7397155762, 93.8977584839, 155.336196899, 23.7485141754, 3.66354942322, 12.371588707, 20.6038017273, 4.56030416489, 15.6593132019], [425.761962891, -51.0769844055, -5.18140172958, 52.1034965515, 6.0283536911, 29.8437576294, 23.7485141754, 99.019493103, 49.7395935059, 29.586605072, 7.32129955292, 6.96472167969, 4.24733495712], [396.411590576, -13.9921684265, -4.64417076111, 61.8786392212, -3.46587586403, 3.38217353821, 3.66354942322, 49.7395935059, 93.63331604, 40.6174430847, 15.8873958588, 10.2178602219, 4.76603460312], [201.735275269, -63.8739929199, 32.5380630493, 28.4290504456, 22.1391162872, 31.6370944977, 12.371588707, 29.586605072, 40.6174430847, 82.0484466553, 34.708568573, 14.9342193604, -5.27418518066], [-157.387908936, 42.5637397766, 3.33519768715, 10.0476884842, 25.0373420715, 4.11213588715, 20.6038017273, 7.32129955292, 15.8873958588, 34.708568573, 63.2975578308, 26.5563011169, 6.67247724533], [9.77777576447, -42.7143859863, 24.4608440399, 16.4359760284, 12.2966394424, 15.5135726929, 4.56030416489, 6.96472167969, 10.2178602219, 14.9342193604, 26.5563011169, 59.2105407715, 23.815870285], [-222.616195679, 45.0115280151, -21.871799469, 0.350316107273, 9.69386482239, 7.7729268074, 15.6593132019, 4.24733495712, 4.76603460312, -5.27418518066, 6.67247724533, 23.815870285, 63.9824981689]]}, "spectral_skewness": {"mean": 1.52856731415, "dvar": 0.0385215803981, "min": -0.0854016318917, "dmean": 0.151641726494, "dmean2": 0.243213057518, "dvar2": 0.102002888918, "max": 7.97125244141, "median": 1.43851900101, "var": 0.379755795002}, "spectral_energyband_low": {"mean": 0.0123135717586, "dvar": 7.5091898907e-05, "min": 5.58292450516e-23, "dmean": 0.00562668545172, "dmean2": 0.00900747161359, "dvar2": 0.000175869863597, "max": 0.106714054942, "median": 0.00805524177849, "var": 0.000166103956872}, "spectral_energyband_middle_low": {"mean": 0.0110257295892, "dvar": 1.82307849173e-05, "min": 2.82793785555e-22, "dmean": 0.00333241885528, "dmean2": 0.00539221661165, "dvar2": 4.79951122543e-05, "max": 0.0637382268906, "median": 0.00958596915007, "var": 5.80331397941e-05}, "mfcc": {"icov": [[0.000140931253554, -9.93871708488e-07, 6.9654386607e-05, -0.000234028833802, -5.10194186063e-05, -0.000215179752558, 0.00045125966426, -0.000317502883263, 4.19425123255e-05, -0.000251274119364, -0.000360575009836, -5.2003251767e-05, 0.000312866148306], [-9.93871708488e-07, 0.00152491615154, 0.000531097233761, -0.000585369416513, -0.000507935183123, 0.000814553699456, -0.00100273615681, 0.000179587543244, 0.000626251101494, -0.000374361785362, 0.000115707298391, 0.00118855305482, -0.000332754570991], [6.9654386607e-05, 0.000531097233761, 0.00391229987144, -6.09219932812e-05, -0.00109782186337, -0.00169434677809, 0.000610159535427, -0.000428832572652, 0.000802192022093, -0.000510526355356, 0.000410383654526, -9.57750307862e-05, -0.000388293206925], [-0.000234028833802, -0.000585369416513, -6.09219932812e-05, 0.00599704356864, -0.00171852123458, 0.00136594474316, 0.000119678916235, 0.000569462019484, -0.000558655941859, 0.000793186365627, 0.00104423798621, -0.00239452742971, 0.000108391985123], [-5.10194186063e-05, -0.000507935183123, -0.00109782186337, -0.00171852123458, 0.0108718331903, -0.00176865025423, 0.000241338246269, 0.000845552771352, -0.00151390070096, -0.00012344539573, 0.00029290074599, -0.000691306544468, -0.00209447764792], [-0.000215179752558, 0.000814553699456, -0.00169434677809, 0.00136594474316, -0.00176865025423, 0.0130370212719, -0.00539922481403, -0.000724338286091, -0.000650740752462, 0.000764675147366, -0.00207230076194, 0.00149167189375, -0.0015098733129], [0.00045125966426, -0.00100273615681, 0.000610159535427, 0.000119678916235, 0.000241338246269, -0.00539922481403, 0.0147963389754, -0.00472755776718, -0.000446360500064, 0.000273914076388, -0.00111362955067, -0.00421782070771, 0.00374874402769], [-0.000317502883263, 0.000179587543244, -0.000428832572652, 0.000569462019484, 0.000845552771352, -0.000724338286091, -0.00472755776718, 0.0185281597078, -0.00653188163415, 0.000279503554339, -0.000740527524613, 0.00232662609778, -0.00286611961201], [4.19425123255e-05, 0.000626251101494, 0.000802192022093, -0.000558655941859, -0.00151390070096, -0.000650740752462, -0.000446360500064, -0.00653188163415, 0.0195653811097, -0.00795062631369, 0.00131681631319, -0.000314523727866, 0.00118125160225], [-0.000251274119364, -0.000374361785362, -0.000510526355356, 0.000793186365627, -0.00012344539573, 0.000764675147366, 0.000273914076388, 0.000279503554339, -0.00795062631369, 0.0211076531559, -0.0067911897786, 0.000806362600997, 0.000638638390228], [-0.000360575009836, 0.000115707298391, 0.000410383654526, 0.00104423798621, 0.00029290074599, -0.00207230076194, -0.00111362955067, -0.000740527524613, 0.00131681631319, -0.0067911897786, 0.0198888871819, -0.0097564375028, 0.000737652007956], [-5.2003251767e-05, 0.00118855305482, -9.57750307862e-05, -0.00239452742971, -0.000691306544468, 0.00149167189375, -0.00421782070771, 0.00232662609778, -0.000314523727866, 0.000806362600997, -0.0097564375028, 0.0264608394355, -0.0102466456592], [0.000312866148306, -0.000332754570991, -0.000388293206925, 0.000108391985123, -0.00209447764792, -0.0015098733129, 0.00374874402769, -0.00286611961201, 0.00118125160225, 0.000638638390228, 0.000737652007956, -0.0102466456592, 0.0202087461948]], "mean": [-617.929199219, 109.991661072, -0.654143452644, 22.9714431763, 4.63875627518, 4.34635734558, 1.12620353699, 9.18696784973, 0.000586931826547, 4.69061040878, 4.22249269485, -1.54026138783, -4.60499095917], "cov": [[10116.9404297, -78.3996734619, -81.4773406982, 346.719696045, 103.76360321, 99.9222106934, -164.81137085, 153.628692627, 139.35005188, 246.606170654, 292.069335938, 84.822517395, -74.3539123535], [-78.3996734619, 841.127441406, -138.489868164, 92.2663803101, 19.9010372162, -76.8561172485, 17.3864421844, -23.7284107208, -28.4948711395, -10.5958833694, -37.3458442688, -40.0991287231, -15.3305540085], [-81.4773406982, -138.489868164, 313.658966064, -14.2595319748, 35.7346839905, 58.1227416992, 3.42867398262, 10.7380189896, -0.340182930231, 3.54480814934, 6.8316488266, 13.5225133896, 20.5322647095], [346.719696045, 92.2663803101, -14.2595319748, 216.003204346, 38.1041717529, -27.9428100586, -16.0448551178, -9.96559810638, 0.280829250813, -2.5354886055, -1.62534749508, 19.5751667023, 8.19176292419], [103.76360321, 19.9010372162, 35.7346839905, 38.1041717529, 111.69103241, 19.2992572784, 2.65076684952, 2.28067207336, 9.8974981308, 5.95725440979, 7.60836839676, 14.8619813919, 18.5441474915], [99.9222106934, -76.8561172485, 58.1227416992, -27.9428100586, 19.2992572784, 120.794914246, 45.8074798584, 26.8797874451, 17.0978050232, 11.5630865097, 27.5182647705, 13.5622911453, 9.30169677734], [-164.81137085, 17.3864421844, 3.42867398262, -16.0448551178, 2.65076684952, 45.8074798584, 106.821159363, 30.2247619629, 15.4157772064, 6.79055500031, 18.1896781921, 14.7851448059, -3.12479996681], [153.628692627, -23.7284107208, 10.7380189896, -9.96559810638, 2.28067207336, 26.8797874451, 30.2247619629, 78.2843551636, 33.2641334534, 17.1296520233, 16.3478279114, 4.62475585938, 4.4938120842], [139.35005188, -28.4948711395, -0.340182930231, 0.280829250813, 9.8974981308, 17.0978050232, 15.4157772064, 33.2641334534, 77.5066833496, 33.988609314, 15.5478610992, 5.25654315948, -1.98012077808], [246.606170654, -10.5958833694, 3.54480814934, -2.5354886055, 5.95725440979, 11.5630865097, 6.79055500031, 17.1296520233, 33.988609314, 73.1587295532, 34.4405632019, 10.0268001556, -1.73136651516], [292.069335938, -37.3458442688, 6.8316488266, -1.62534749508, 7.60836839676, 27.5182647705, 18.1896781921, 16.3478279114, 15.5478610992, 34.4405632019, 89.3919677734, 38.6418190002, 11.1249914169], [84.822517395, -40.0991287231, 13.5225133896, 19.5751667023, 14.8619813919, 13.5622911453, 14.7851448059, 4.62475585938, 5.25654315948, 10.0268001556, 38.6418190002, 69.4913330078, 31.8485107422], [-74.3539123535, -15.3305540085, 20.5322647095, 8.19176292419, 18.5441474915, 9.30169677734, -3.12479996681, 4.4938120842, -1.98012077808, -1.73136651516, 11.1249914169, 31.8485107422, 70.4795532227]]}, "silence_rate_20dB": {"mean": 1, "dvar": 0, "min": 1, "dmean": 0, "dmean2": 0, "dvar2": 0, "max": 1, "median": 1, "var": 0}, "dynamic_complexity": 3.49566602707, "silence_rate_60dB": {"mean": 0.0516850426793, "dvar": 0.00311856088229, "min": 0, "dmean": 0.00312793254852, "dmean2": 0.0062563540414, "dvar2": 0.00684194033965, "max": 1, "median": 0, "var": 0.0490171387792}, "dissonance": {"mean": 0.472742527723, "dvar": 0.000195358050405, "min": 0.316627442837, "dmean": 0.0141870630905, "dmean2": 0.0242363549769, "dvar2": 0.000558063969947, "max": 0.49997907877, "median": 0.477209150791, "var": 0.000393950234866}, "barkbands": {"mean": [0.000211058621062, 0.00744962599128, 0.00355256092735, 0.00216693920083, 0.0024244915694, 0.00122703437228, 0.00136595522054, 0.000848813389894, 0.00202754861675, 0.00218941923231, 0.000486347766127, 0.000549439457245, 0.000579605228268, 0.00085808505537, 0.000545458460692, 0.000365645712009, 0.000687877531163, 0.000603535328992, 0.000517514534295, 0.000343207386322, 0.000274564110441, 0.00037401766167, 0.000354496092768, 0.000195921762497, 0.000111492961878, 3.87359250453e-05, 1.5068158973e-05], "dvar": [2.21846931936e-07, 5.11921389261e-05, 1.92031930055e-05, 4.38175175077e-06, 4.82567975268e-06, 1.0301068869e-06, 9.74958879851e-07, 8.48625575145e-07, 3.11029089062e-06, 3.5538771499e-06, 5.83924702369e-07, 4.02142291023e-07, 3.46942925944e-07, 6.00467672029e-07, 2.18003918917e-07, 8.52428314602e-08, 3.34089662601e-07, 3.1045701121e-07, 1.05614375912e-07, 5.5733991644e-08, 1.46446453186e-07, 4.42551794322e-07, 3.93139998778e-07, 1.22579592698e-07, 2.12098267838e-08, 1.25323251776e-09, 2.66129618343e-10], "min": [8.9593212814e-24, 3.27410723369e-23, 1.25155559404e-23, 4.30747163218e-24, 5.25897404127e-23, 2.87493414932e-23, 5.24700986124e-23, 7.6456234851e-23, 4.33164595908e-23, 1.07534514617e-22, 9.93890903198e-23, 1.22249219124e-22, 1.66046536768e-22, 1.95064324472e-22, 1.24871910266e-22, 1.30882475005e-22, 1.68428732619e-22, 1.79835875879e-22, 2.76409818239e-22, 3.20193037361e-22, 3.84298727041e-22, 5.78381355137e-22, 6.21160486855e-22, 8.54715669921e-22, 1.13793758607e-21, 1.76893401983e-21, 2.61030393028e-21], "dmean": [0.000207798351767, 0.00409053033218, 0.00233697961085, 0.00131911144126, 0.00137294270098, 0.000577699567657, 0.000655927113257, 0.000473209132906, 0.000962215010077, 0.000875390076544, 0.000271229509963, 0.000289491756121, 0.000319380429573, 0.000425352220191, 0.000272278179182, 0.000172206389834, 0.000343858875567, 0.000278936815448, 0.000208021694561, 0.000146118676639, 0.000124820289784, 0.000179812777787, 0.000164157900144, 8.62568049342e-05, 4.80440066895e-05, 1.71490901266e-05, 7.8254561231e-06], "dmean2": [0.000337647012202, 0.00635854294524, 0.00402693497017, 0.00222816388123, 0.00227940268815, 0.000922657141928, 0.00101651088335, 0.000752394611482, 0.00147689401638, 0.00131443608552, 0.000428300671047, 0.000460156181362, 0.000518824206665, 0.000685939739924, 0.000444537756266, 0.000282846012851, 0.000582636508625, 0.000456252193544, 0.000345885462593, 0.000242152265855, 0.000200878464966, 0.000273744779406, 0.000234552193433, 0.000124506274005, 7.13601184543e-05, 2.40265217144e-05, 1.08308340714e-05], "dvar2": [5.30469492332e-07, 0.000119414478831, 5.27582269569e-05, 1.22454321172e-05, 1.26108971017e-05, 2.556557547e-06, 2.2867836833e-06, 1.95180427909e-06, 7.32781427359e-06, 7.87875887909e-06, 1.369032816e-06, 9.49427885644e-07, 7.94036225216e-07, 1.45340004565e-06, 5.58193789857e-07, 2.13128501514e-07, 9.47976161569e-07, 7.75874013925e-07, 2.89337009463e-07, 1.40629822454e-07, 3.36890508379e-07, 8.22057188543e-07, 6.58202736759e-07, 2.29993673884e-07, 4.44124772514e-08, 2.4068973481e-09, 4.76822414885e-10], "max": [0.00490520102903, 0.0868468210101, 0.0644560456276, 0.0286714080721, 0.0268523171544, 0.021526126191, 0.0185527000576, 0.0219596643001, 0.037003479898, 0.039499334991, 0.0271967928857, 0.0166751611978, 0.0189714636654, 0.016216751188, 0.00926504936069, 0.00727045862004, 0.0124194528908, 0.017163105309, 0.00603045057505, 0.0063607073389, 0.0162206105888, 0.0342956408858, 0.0203320812434, 0.012669082731, 0.00537506490946, 0.00109308608808, 0.000519803492352], "median": [2.56225521298e-05, 0.00342641584575, 0.00194971205201, 0.0011824745452, 0.00158016732894, 0.000756235851441, 0.000827255134936, 0.000434134708485, 0.000778300804086, 0.00062256626552, 0.000217219014303, 0.000265335926088, 0.000367526081391, 0.000438630959252, 0.000301780964946, 0.000239131302806, 0.000437109032646, 0.000364455685485, 0.000318626174703, 0.000220361485844, 0.000156590438564, 0.000138040850288, 0.000118504234706, 7.15402638889e-05, 4.90049533255e-05, 2.05504056794e-05, 7.80225127528e-06], "var": [2.35309059349e-07, 0.000101862104202, 2.459546522e-05, 7.59466183808e-06, 7.32081480237e-06, 2.35298421103e-06, 2.65248581854e-06, 1.9950227852e-06, 1.1727135643e-05, 2.09196241485e-05, 1.548331511e-06, 1.06744573714e-06, 7.22524134744e-07, 1.73194962372e-06, 6.20836146936e-07, 2.22341000722e-07, 6.91033221756e-07, 6.69061819281e-07, 3.29130784849e-07, 1.47001813389e-07, 2.6952042731e-07, 1.59106423325e-06, 1.51936205839e-06, 3.97390465423e-07, 6.8639501194e-08, 4.04583655467e-09, 5.9454435819e-10]}, "spectral_complexity": {"mean": 25.1004772186, "dvar": 9.58712387085, "min": 0, "dmean": 3.15248680115, "dmean2": 5.114569664, "dvar2": 23.9833641052, "max": 60, "median": 26, "var": 143.520767212}, "spectral_energyband_high": {"mean": 0.00150423578452, "dvar": 2.915733603e-06, "min": 7.8519562269e-21, "dmean": 0.000536341627594, "dmean2": 0.000766265788116, "dvar2": 4.84733027406e-06, "max": 0.0495041050017, "median": 0.000768690078985, "var": 1.27119883473e-05}, "hfc": {"mean": 27.8118114471, "dvar": 156.023651123, "min": 1.20143192943e-16, "dmean": 5.68895816803, "dmean2": 8.39455699921, "dvar2": 278.130828857, "max": 353.79574585, "median": 22.1942234039, "var": 873.289916992}, "melbands_kurtosis": {"mean": 9.04745006561, "dvar": 39.2053909302, "min": -1.86992847919, "dmean": 4.25350999832, "dmean2": 6.6922287941, "dvar2": 93.3087615967, "max": 148.326644897, "median": 5.85037899017, "var": 102.038803101}, "spectral_strongpeak": {"mean": 0.839690864086, "dvar": 0.86288112402, "min": 0, "dmean": 0.474041700363, "dmean2": 0.829431056976, "dvar2": 2.21454691887, "max": 17.6393547058, "median": 0.397777318954, "var": 1.39347565174}, "silence_rate_30dB": {"mean": 0.999921798706, "dvar": 0.000156370500918, "min": 0, "dmean": 0.000156396621605, "dmean2": 0.000312817719532, "dvar2": 0.000469122081995, "max": 1, "median": 1, "var": 7.81856651884e-05}, "melbands_spread": {"mean": 28.5949058533, "dvar": 102.619827271, "min": 1.86519837379, "dmean": 6.76362133026, "dmean2": 10.4526786804, "dvar2": 199.056640625, "max": 200.451370239, "median": 25.0203456879, "var": 469.335510254}, "melbands_crest": {"mean": 13.4095983505, "dvar": 6.20295381546, "min": 2.26152563095, "dmean": 2.82313871384, "dmean2": 4.56922006607, "dvar2": 15.6519622803, "max": 34.7455787659, "median": 12.8925523758, "var": 21.0778427124}, "average_loudness": 0.840028882027, "spectral_flux": {"mean": 0.0810605213046, "dvar": 0.000419472780777, "min": 1.04277281254e-10, "dmean": 0.0189821943641, "dmean2": 0.0300712343305, "dvar2": 0.000951825466473, "max": 0.268404573202, "median": 0.0778368115425, "var": 0.00179501331877}, "spectral_rolloff": {"mean": 1654.02148438, "dvar": 481913.5625, "min": 86.1328125, "dmean": 440.723449707, "dmean2": 720.120483398, "dvar2": 978872.9375, "max": 18970.7519531, "median": 1335.05859375, "var": 2203709.5}, "melbands": {"mean": [0.0017587543698, 0.00246541411616, 0.00112844223622, 0.000577763654292, 0.00030370731838, 0.000235266896198, 0.000240342400502, 0.000245486618951, 0.000226564443437, 0.000291243195534, 0.0003152085701, 0.000213666804484, 6.86523417244e-05, 5.68211798964e-05, 6.88290747348e-05, 5.8122936025e-05, 8.92378302524e-05, 5.46961528016e-05, 3.22782652802e-05, 2.80375497823e-05, 2.69863994617e-05, 3.04511104332e-05, 5.32651138201e-05, 2.32535276155e-05, 2.26418396778e-05, 1.82364237844e-05, 1.29710324472e-05, 1.09417169369e-05, 5.97295138505e-06, 6.14447662883e-06, 8.16904139356e-06, 7.42642441764e-06, 6.68363054501e-06, 7.56672034186e-06, 5.41517556485e-06, 4.09645872423e-06, 2.72950842373e-06, 1.9702474674e-06, 1.64630796462e-06, 1.13241708277e-06], "dvar": [3.01211707665e-06, 4.05923447033e-06, 1.06925733689e-06, 3.02855994505e-07, 6.06558216987e-08, 3.92111836334e-08, 2.84722627697e-08, 4.59696600785e-08, 4.31630056141e-08, 5.9580763434e-08, 8.86024196234e-08, 4.79261785813e-08, 8.45327186028e-09, 5.31728439057e-09, 3.76822395509e-09, 3.09567904644e-09, 8.04962940748e-09, 2.2771211583e-09, 7.39962646712e-10, 5.24066678942e-10, 4.39919989326e-10, 4.73319328176e-10, 2.27227525684e-09, 6.81812217795e-10, 3.42595202207e-10, 1.74886383153e-10, 8.98132956895e-11, 6.63265761758e-11, 4.19310523803e-11, 9.39796573896e-11, 1.88662252487e-10, 2.37220632027e-10, 1.88585425054e-10, 1.91944626859e-10, 1.01983900491e-10, 1.06122777233e-10, 3.07209223338e-11, 1.18702122784e-11, 8.36935295373e-12, 3.04052941678e-12], "min": [9.72045135922e-24, 9.74003719777e-24, 4.13534494367e-24, 7.80964723104e-24, 9.70344667354e-24, 5.55332478739e-24, 1.00239766366e-23, 1.24438958157e-23, 1.27617294522e-23, 7.2594743365e-24, 1.01912498583e-23, 1.77707358762e-23, 1.27772794783e-23, 1.43670456171e-23, 1.23501712516e-23, 1.85843386149e-23, 2.41613390902e-23, 9.59480553854e-24, 9.1484451614e-24, 8.92374523229e-24, 8.55646342774e-24, 6.60704929142e-24, 1.27036614009e-23, 9.10033647909e-24, 7.50618821802e-24, 1.1454412594e-23, 1.22050736987e-23, 9.42997936328e-24, 7.03957225942e-24, 1.00283477148e-23, 8.93529652253e-24, 1.12355186811e-23, 1.24262600413e-23, 1.13607503498e-23, 8.15712389371e-24, 1.06548902336e-23, 9.69509263656e-24, 1.31214255703e-23, 1.06376086578e-23, 9.47026806743e-24], "dmean": [0.000975810631644, 0.00127164763398, 0.000627897738013, 0.000336235447321, 0.000147352780914, 0.000112279260065, 0.000114839873277, 0.000123429606901, 0.000109513690404, 0.000132436995045, 0.00013593530457, 7.87590106484e-05, 3.66053063772e-05, 3.09478200506e-05, 3.49277725036e-05, 2.92762561003e-05, 4.56048110209e-05, 2.75140773738e-05, 1.5527004507e-05, 1.37059023473e-05, 1.29499139803e-05, 1.40977090268e-05, 2.75947077171e-05, 1.08485046439e-05, 1.07904306788e-05, 8.23111258796e-06, 5.50115146325e-06, 5.20532285009e-06, 2.92955519399e-06, 3.05742332785e-06, 4.10639859183e-06, 3.73068792214e-06, 3.59136242878e-06, 3.89806700696e-06, 2.67169843937e-06, 2.02952219297e-06, 1.29861700771e-06, 9.41710084135e-07, 8.19634067284e-07, 5.47904960513e-07], "dmean2": [0.00150531996042, 0.00208247755654, 0.00106534070801, 0.00056145695271, 0.000237690779613, 0.000179712966201, 0.000181469411473, 0.000190808234038, 0.000169323961018, 0.000203534975299, 0.000208914309042, 0.000117217598017, 5.68590730836e-05, 4.99536654388e-05, 5.58782485314e-05, 4.64782388008e-05, 7.31569161871e-05, 4.44691759185e-05, 2.51209112321e-05, 2.23802489927e-05, 2.12148952414e-05, 2.3705075364e-05, 4.63498545287e-05, 1.77545753104e-05, 1.81596024049e-05, 1.37552297019e-05, 9.1333868113e-06, 8.64205503603e-06, 4.8623269322e-06, 4.94772257298e-06, 6.51072696201e-06, 5.74814293941e-06, 5.54519374418e-06, 5.87221711612e-06, 3.90523791793e-06, 2.86886574941e-06, 1.91457525034e-06, 1.40613428812e-06, 1.25080362068e-06, 8.38117898638e-07], "dvar2": [6.95220114721e-06, 1.02294425233e-05, 2.96282541967e-06, 8.01556041097e-07, 1.56565093334e-07, 9.72362741436e-08, 6.93927972861e-08, 1.04939516632e-07, 1.02984408556e-07, 1.416778872e-07, 2.14571002743e-07, 9.96066233938e-08, 1.95380156498e-08, 1.30660069431e-08, 8.23159407304e-09, 6.79325973252e-09, 1.95930383029e-08, 5.68458480288e-09, 1.82256365555e-09, 1.30595756431e-09, 1.10595632652e-09, 1.2932744875e-09, 6.30869401164e-09, 1.63066160574e-09, 9.50355460994e-10, 4.78073691745e-10, 2.27477231496e-10, 1.71452338438e-10, 1.0513286075e-10, 2.21711662918e-10, 4.17325063395e-10, 4.71532646262e-10, 3.87764681475e-10, 3.92583104913e-10, 1.8618515063e-10, 1.88958751424e-10, 5.99947799773e-11, 2.50768711352e-11, 1.85423586208e-11, 6.83142127936e-12], "max": [0.0197194106877, 0.0267037842423, 0.0142378685996, 0.00702477246523, 0.00500927679241, 0.00435434281826, 0.00346446642652, 0.0055367173627, 0.00451856199652, 0.00592865003273, 0.00617349892855, 0.0064739943482, 0.00326321274042, 0.00206260103732, 0.00214619468898, 0.0017629545182, 0.00201558764093, 0.000887241098098, 0.000803053728305, 0.000520737259649, 0.000710022635758, 0.000547959585674, 0.000906358240172, 0.00112696841825, 0.000426577549661, 0.000352764036506, 0.000278658786556, 0.00017185897741, 0.000337613601005, 0.000455683824839, 0.000566305941902, 0.00102986744605, 0.000471201521577, 0.000439795898274, 0.000401236582547, 0.000449268176453, 0.000222919741645, 0.000113518457511, 7.72587300162e-05, 6.38370911474e-05], "median": [0.00073325552512, 0.0015283448156, 0.000762898591347, 0.000379844394047, 0.000196329754544, 0.000138562725624, 0.000158524053404, 0.000127076142235, 0.000102003512438, 0.00011732315761, 0.000101247969724, 5.10054051119e-05, 3.32352356054e-05, 2.87510592898e-05, 4.08423875342e-05, 3.71821952285e-05, 4.26302322012e-05, 2.94558394671e-05, 1.94925505639e-05, 1.84052096301e-05, 1.81447976502e-05, 2.12560789805e-05, 2.88813625957e-05, 1.42080762089e-05, 1.36395829031e-05, 1.07912819658e-05, 8.33210742712e-06, 6.44184183329e-06, 3.4982165289e-06, 3.29109798258e-06, 3.71844521396e-06, 2.70115720014e-06, 2.06795584745e-06, 2.58365253103e-06, 1.77654703748e-06, 1.16789135518e-06, 9.33781564072e-07, 7.31949455712e-07, 6.17848456841e-07, 4.59105962136e-07], "var": [6.01619376539e-06, 7.56815234126e-06, 1.42979558859e-06, 4.26424350053e-07, 1.24591707618e-07, 9.36550392794e-08, 6.95054112043e-08, 1.28973937308e-07, 1.45898269466e-07, 2.32928954347e-07, 3.36253179967e-07, 3.98703605242e-07, 2.40387194594e-08, 1.20145839944e-08, 1.14301421661e-08, 7.32791916036e-09, 2.23313385561e-08, 6.34005559164e-09, 1.88993598549e-09, 1.22815135839e-09, 1.2038436914e-09, 1.14230747084e-09, 4.70516381412e-09, 1.28282151568e-09, 7.38874961215e-10, 4.52475223955e-10, 2.24416929484e-10, 1.59936244803e-10, 7.17836623476e-11, 1.4435076745e-10, 4.62808458224e-10, 7.32325478037e-10, 5.64669644376e-10, 5.96307281331e-10, 3.65635105526e-10, 3.18341658589e-10, 9.21888190786e-11, 3.2843009562e-11, 1.98477224239e-11, 8.15619793926e-12]}, "spectral_energy": {"mean": 0.0303644221276, "dvar": 7.73776919232e-05, "min": 1.08737512099e-20, "dmean": 0.00694603892043, "dmean2": 0.0110147660598, "dvar2": 0.000183461874258, "max": 0.12887583673, "median": 0.0276693031192, "var": 0.000393291207729}, "spectral_decrease": {"mean": -7.37683469865e-09, "dvar": 5.24389329531e-18, "min": -3.33313465717e-08, "dmean": 1.77859615924e-09, "dmean2": 2.82792056439e-09, "dvar2": 1.24587545039e-17, "max": 6.25305179123e-30, "median": -6.67194344217e-09, "var": 2.385804119e-17}, "erbbands_spread": {"mean": 38.9525375366, "dvar": 39.9075469971, "min": 1.31845450401, "dmean": 6.15551137924, "dmean2": 9.48048591614, "dvar2": 91.784034729, "max": 111.759872437, "median": 38.4883384705, "var": 181.579467773}, "spectral_contrast_coeffs": {"mean": [-0.645487189293, -0.746247470379, -0.753082931042, -0.782697558403, -0.777422845364, -0.76259624958], "dvar": [0.00144876458216, 0.00112519203685, 0.000841706059873, 0.000464614713565, 0.000287134083919, 0.000176274930709], "min": [-0.95846670866, -0.959296286106, -0.965157628059, -0.966659069061, -0.966785550117, -0.96055907011], "dmean": [0.0471549592912, 0.0422886051238, 0.0366405397654, 0.0277377981693, 0.0213187802583, 0.0154159739614], "dmean2": [0.0776828303933, 0.0693933069706, 0.0600276626647, 0.0455216243863, 0.0352277122438, 0.0247316751629], "dvar2": [0.00399088161066, 0.00297052622773, 0.00220974022523, 0.00123486446682, 0.000768666737713, 0.000429353123764], "max": [-0.329464435577, -0.459275960922, -0.475442409515, -0.598922908306, -0.642148017883, -0.603201746941], "median": [-0.647318899632, -0.747208714485, -0.760458767414, -0.78508156538, -0.775276064873, -0.758471190929], "var": [0.00611320417374, 0.00389884156175, 0.00440799631178, 0.00175779976416, 0.0014111995697, 0.00162776315119]}, "spectral_energyband_middle_high": {"mean": 0.00707667972893, "dvar": 4.30028421761e-06, "min": 1.74772964064e-21, "dmean": 0.00149886996951, "dmean2": 0.00230746320449, "dvar2": 1.01357873064e-05, "max": 0.0507535859942, "median": 0.0053331637755, "var": 4.64437871415e-05}, "erbbands_crest": {"mean": 8.43475914001, "dvar": 3.95422887802, "min": 2.06008291245, "dmean": 2.14124464989, "dmean2": 3.41552662849, "dvar2": 9.65972614288, "max": 30.0219593048, "median": 7.25637340546, "var": 17.7695980072}, "barkbands_crest": {"mean": 9.20163154602, "dvar": 4.88915491104, "min": 2.39405584335, "dmean": 2.32726383209, "dmean2": 3.70130133629, "dvar2": 11.8702440262, "max": 25.8313102722, "median": 8.49949932098, "var": 13.4962663651}, "pitch_salience": {"mean": 0.542614161968, "dvar": 0.00326723488979, "min": 0.147038087249, "dmean": 0.0619604550302, "dmean2": 0.0993231832981, "dvar2": 0.00816064421088, "max": 0.82896232605, "median": 0.543441236019, "var": 0.00909423362464}, "melbands_skewness": {"mean": 2.37497425079, "dvar": 0.336114436388, "min": -3.31398868561, "dmean": 0.569017410278, "dmean2": 0.880388796329, "dvar2": 0.778159916401, "max": 10.8755559921, "median": 2.21355438232, "var": 1.62719321251}, "spectral_spread": {"mean": 4776856.5, "dvar": 258091728896, "min": 692267.9375, "dmean": 391001.25, "dmean2": 569794.1875, "dvar2": 404398440448, "max": 40834516, "median": 4654571, "var": 1488292020220.0}, "spectral_entropy": {"mean": 7.7648563385, "dvar": 0.011051049456, "min": 5.95427417755, "dmean": 0.101460531354, "dmean2": 0.154358178377, "dvar2": 0.0241902600974, "max": 9.81290245056, "median": 7.82400035858, "var": 0.130152329803}, "erbbands_flatness_db": {"mean": 0.130007833242, "dvar": 0.000128130297526, "min": 0.04166052863, "dmean": 0.0121663417667, "dmean2": 0.0180820319802, "dvar2": 0.000287916045636, "max": 0.413487255573, "median": 0.122760303319, "var": 0.001877474715}, "spectral_kurtosis": {"mean": 4.70283126831, "dvar": 7.96594238281, "min": -1.20518696308, "dmean": 1.12079930305, "dmean2": 1.86833953857, "dvar2": 23.0516319275, "max": 115.195861816, "median": 3.72519779205, "var": 46.0979652405}, "erbbands_skewness": {"mean": 0.138796806335, "dvar": 0.0612377114594, "min": -4.21590805054, "dmean": 0.26274856925, "dmean2": 0.404107064009, "dvar2": 0.136433884501, "max": 5.04816865921, "median": 0.153432324529, "var": 0.440723061562}, "erbbands_kurtosis": {"mean": 0.297215640545, "dvar": 2.89244103432, "min": -1.66059565544, "dmean": 0.66730427742, "dmean2": 1.06983995438, "dvar2": 8.60032176971, "max": 57.4475021362, "median": -0.288462877274, "var": 9.17935276031}, "barkbands_spread": {"mean": 27.750787735, "dvar": 34.0241508484, "min": 1.79983115196, "dmean": 4.97703695297, "dmean2": 7.7396697998, "dvar2": 72.8501663208, "max": 128.837158203, "median": 26.0606422424, "var": 202.361679077}, "zerocrossingrate": {"mean": 0.0679928511381, "dvar": 0.000126045619254, "min": 0.00830078125, "dmean": 0.0091893710196, "dmean2": 0.0108234845102, "dvar2": 0.000134132118546, "max": 0.5068359375, "median": 0.06201171875, "var": 0.00132818578277}, "spectral_centroid": {"mean": 1567.67773438, "dvar": 52908.2578125, "min": 256.316162109, "dmean": 204.330062866, "dmean2": 317.079833984, "dvar2": 102168.835938, "max": 11301.9970703, "median": 1519.59155273, "var": 402933.40625}, "barkbands_skewness": {"mean": 1.28140640259, "dvar": 0.152849256992, "min": -3.45668721199, "dmean": 0.388322621584, "dmean2": 0.60021674633, "dvar2": 0.345239281654, "max": 7.5100312233, "median": 1.17749512196, "var": 0.839592814445}, "melbands_flatness_db": {"mean": 0.171629503369, "dvar": 0.000389208755223, "min": 0.00354848941788, "dmean": 0.0206398610026, "dmean2": 0.0321132838726, "dvar2": 0.000891021278221, "max": 0.432417362928, "median": 0.164645537734, "var": 0.00310449488461}, "spectral_contrast_valleys": {"mean": [-7.18327236176, -6.70557165146, -7.15308666229, -7.49012756348, -7.37572622299, -9.85726547241], "dvar": [0.0978077277541, 0.0687203258276, 0.0551542304456, 0.0381611511111, 0.0411906391382, 0.0597056262195], "min": [-27.4427928925, -27.4325466156, -27.2817611694, -27.0526657104, -27.1107749939, -27.2485179901], "dmean": [0.368696182966, 0.312438845634, 0.271058470011, 0.219148933887, 0.194388374686, 0.208817228675], "dmean2": [0.611919343472, 0.519595980644, 0.450312018394, 0.359679698944, 0.30810379982, 0.301456421614], "dvar2": [0.251125067472, 0.173404186964, 0.136014044285, 0.0883307084441, 0.0853912606835, 0.110168464482], "max": [-5.2519197464, -4.88052177429, -5.30657434464, -5.6933760643, -5.38791942596, -7.12054300308], "median": [-6.87313318253, -6.4526014328, -6.89450359344, -7.16013097763, -7.00722646713, -9.5182762146], "var": [2.05857682228, 2.02245163918, 1.40680885315, 1.79070365429, 2.15969562531, 2.26404380798]}, "barkbands_flatness_db": {"mean": 0.101453565061, "dvar": 0.000212156941416, "min": 0.0209362693131, "dmean": 0.0156112788245, "dmean2": 0.0243703536689, "dvar2": 0.000511771359015, "max": 0.318764895201, "median": 0.0927345454693, "var": 0.0017774462467