{"tonal": {"chords_number_rate": 0.00146935344674, "thpcp": [1, 0.50177937746, 0.0294870138168, 0.0488195568323, 0.0584621727467, 0.0593942925334, 0.0941771045327, 0.148804530501, 0.163632556796, 0.160615369678, 0.235183104873, 0.308626919985, 0.233216479421, 0.112005084753, 0.0696456283331, 0.0756722390652, 0.0700039789081, 0.0537761338055, 0.0495966561139, 0.0436049178243, 0.0393661148846, 0.0420940741897, 0.0452567115426, 0.0594797581434, 0.113014101982, 0.13466720283, 0.0939363390207, 0.0847835615277, 0.0855252891779, 0.0562877431512, 0.035815205425, 0.0290290471166, 0.0285386964679, 0.0364281088114, 0.0374312363565, 0.526421844959], "hpcp": {"dvar": [0.0467754565179, 0.0354570820928, 0.0244348607957, 0.0285050142556, 0.0298589412123, 0.025413164869, 0.022002691403, 0.0186445638537, 0.0153539841995, 0.0167120993137, 0.0158077273518, 0.0145394187421, 0.01956455037, 0.0225906483829, 0.0174984727055, 0.0182383544743, 0.0195841826499, 0.0174218285829, 0.00999801978469, 0.00713423732668, 0.00601995084435, 0.00684593198821, 0.00764780957252, 0.0176088660955, 0.0537396669388, 0.0156719051301, 0.00441105198115, 0.00719397282228, 0.0104094156995, 0.0120261814445, 0.0255730971694, 0.0381937623024, 0.0323037728667, 0.0301826763898, 0.0382222421467, 0.041292347014], "mean": [0.139543578029, 0.0670175179839, 0.0416720137, 0.0452779978514, 0.0418864302337, 0.0321766026318, 0.0296758394688, 0.0260907206684, 0.0235544610769, 0.0251867175102, 0.0270790625364, 0.0355893298984, 0.0676212608814, 0.0805772542953, 0.0562062039971, 0.0507296957076, 0.051173504442, 0.0336794070899, 0.0214297976345, 0.0173693429679, 0.0170759446919, 0.0217965245247, 0.0223967395723, 0.314981102943, 0.598343551159, 0.300236463547, 0.0176433641464, 0.0292108673602, 0.0349804647267, 0.0355381928384, 0.0563502646983, 0.0890362337232, 0.0979084894061, 0.096103169024, 0.140720292926, 0.184664919972], "min": [0, 0, 0, 0, 0, 0, 0, 0, 0, 0, 0, 0, 0, 0, 0, 0, 0, 0, 0, 0, 0, 0, 0, 0, 0, 0, 0, 0, 0, 0, 0, 0, 0, 0, 0, 0], "median": [0.0116003584117, 0.00722664035857, 0.00253404467367, 0.0014777405886, 0.00116778886877, 0.00126505596563, 0.00142593355849, 0.00133980682585, 0.00135348318145, 0.00137286668178, 0.00147274974734, 0.00334296119399, 0.00636805873364, 0.00736067024991, 0.00825597438961, 0.00373410363682, 0.00192545622122, 0.00129338004626, 0.00104925199412, 0.0011857454665, 0.00196489971131, 0.00248178048059, 0.00252847140655, 0.507721602917, 1, 0.489205002785, 0.00229231081903, 0.0030110757798, 0.00385484891012, 0.00519146863371, 0.00451031094417, 0.00362197589129, 0.00407480541617, 0.00704563735053, 0.00725963152945, 0.00974867679179], "dvar2": [0.0965989530087, 0.0962456762791, 0.069696649909, 0.0801497921348, 0.0860947072506, 0.0739745497704, 0.0644118711352, 0.054734941572, 0.0447110794485, 0.0491236448288, 0.0463333874941, 0.0415213890374, 0.0508395247161, 0.0571396648884, 0.0483418852091, 0.0482561886311, 0.0508317798376, 0.0493006035686, 0.0276840571314, 0.0191746447235, 0.0165087282658, 0.0176567807794, 0.0206405315548, 0.0389615893364, 0.10675535351, 0.0329884961247, 0.0124366683885, 0.0171243064106, 0.0265757050365, 0.0332541912794, 0.0689659193158, 0.0969831943512, 0.078428812325, 0.0702504366636, 0.0800173953176, 0.0690242424607], "var": [0.0790778324008, 0.0307519938797, 0.0169243421406, 0.023727176711, 0.0209168139845, 0.0156030850485, 0.0132975168526, 0.0110663371161, 0.00939773954451, 0.0110189812258, 0.0114282080904, 0.0118786850944, 0.0253306869417, 0.0328485965729, 0.0181327387691, 0.018495650962, 0.0215073283762, 0.0144175058231, 0.00920735113323, 0.00666648475453, 0.0053240978159, 0.00720797199756, 0.00776514876634, 0.0522917434573, 0.196632653475, 0.0487392768264, 0.00341191003099, 0.00916669517756, 0.0112771196291, 0.00924935657531, 0.0229059383273, 0.0518581271172, 0.0575390420854, 0.0509298220277, 0.0792209133506, 0.119084857404], "dmean2": [0.167497143149, 0.138372644782, 0.0989724770188, 0.103792592883, 0.104656308889, 0.0904972776771, 0.0814076960087, 0.0702952668071, 0.0648872554302, 0.0677973851562, 0.0689605399966, 0.079975515604, 0.10774166137, 0.119158670306, 0.106314696372, 0.0942807346582, 0.0896261930466, 0.0749416276813, 0.0471951700747, 0.0350979231298, 0.0329426191747, 0.0374977998435, 0.039310336113, 0.101880960166, 0.162772655487, 0.093996502459, 0.0336999967694, 0.0452638641, 0.056697960943, 0.0671535208821, 0.109704643488, 0.133899107575, 0.12168327719, 0.126086995006, 0.148007556796, 0.143723770976], "max": [1, 1, 1, 1, 1, 1, 1, 1, 1, 1, 1, 1, 1, 1, 1, 1, 1, 1, 1, 1, 1, 1, 1, 1, 1, 1, 1, 1, 1, 1, 1, 1, 1, 1, 1, 1], "dmean": [0.103996902704, 0.0787339136004, 0.0538684464991, 0.0557892993093, 0.0556113235652, 0.0483837015927, 0.0433350689709, 0.0372998118401, 0.0347437076271, 0.0363406017423, 0.0370585471392, 0.0439833700657, 0.062873326242, 0.0695759803057, 0.0603289790452, 0.0544943995774, 0.0525467991829, 0.0416001193225, 0.026152966544, 0.0197283700109, 0.0187694150954, 0.0217314250767, 0.0225078295916, 0.0560813955963, 0.0899373292923, 0.0522828288376, 0.0192214697599, 0.028076549992, 0.0333162471652, 0.0377689339221, 0.0635049641132, 0.0786824449897, 0.0752904117107, 0.0805760845542, 0.0990958213806, 0.0940960794687]}, "key_strength": 0.513683378696, "chords_strength": {"dvar": 5.69159346924e-05, "mean": 0.528435766697, "min": 0.264294475317, "median": 0.534034430981, "dvar2": 7.81836060924e-05, "var": 0.00450495583937, "dmean2": 0.0099069327116, "max": 0.708286583424, "dmean": 0.00905440561473}, "tuning_equal_tempered_deviation": 0.133088901639, "chords_key": "D", "tuning_frequency": 434.193115234, "chords_scale": "minor", "chords_changes_rate": 0.0617128461599, "key_scale": "major", "tuning_diatonic_strength": 0.35072723031, "hpcp_entropy": {"dvar": 0.311348825693, "mean": 1.77259886265, "min": 0, "median": 1.64661717415, "dvar2": 0.821410834789, "var": 0.533974885941, "dmean2": 1.05151164532, "max": 4.37037372589, "dmean": 0.611571907997}, "chords_histogram": [1.23845505714, 48.6356010437, 13.4760704041, 0.335852235556, 0, 0, 0.062972292304, 0, 0, 0.27287992835, 0.461796820164, 2.03610420227, 0, 0.230898410082, 0, 0, 0.377833753824, 8.7741394043, 22.1452560425, 1.25944578648, 0.398824512959, 0, 0, 0.293870687485], "tuning_nontempered_energy_ratio": 0.713316082954, "key_key": "A#"}, "metadata": {"version": {"extractor": "music 1.0", "essentia_build_sha": "6d3c2f7553f3642882de0ec98e04d969dc0e4ec4", "essentia": "2.1-beta1", "essentia_git_sha": "v2.1_beta1-6-g5578087-dirty"}, "audio_properties": {"length": 221.173339844, "lossless": true, "analysis_sample_rate": 44100, "downmix": "mix", "bit_rate": 0, "equal_loudness": 0, "md5_encoded": "d34d8946d018ca8c3e791f2d04e48af2", "codec": "flac", "replay_gain": -13.2177677155}, "tags": {"replaygain_track_gain": ["-7.65 dB"], "date": ["2007-05-25"], "replaygain_reference_loudness": ["89.0 dB"], "musicbrainz_recordingid": ["c597183d-57fd-4f96-9537-9d8f9118d644"], "title": ["Ringtone"], "replaygain_track_peak": ["0.99996948"], "replaygain_album_gain": ["-8.83 dB"], "musicbrainz_albumid": ["de3b20d6-f6d1-4cfa-9604-56ad66ea9387"], "artist": ["R. Kelly"], "musicbrainz_albumartistid": ["c2d25856-a09a-4d15-b404-77dd19c19e63"], "musicbrainz_discid": ["QYJef1baKIqnG5kqggJPwXk9668-"], "musicbrainz_artistid": ["c2d25856-a09a-4d15-b404-77dd19c19e63"], "file_name": "20. R. Kelly - Ringtone.flac", "tracknumber": ["20"], "album": ["Double Up"], "replaygain_album_peak": ["1.00000000"]}}, "lowlevel": {"melbands": {"dvar": [1.36715525514e-05, 2.18662698899e-05, 4.96105576531e-06, 3.42106488915e-07, 1.03562989295e-07, 5.55321051365e-08, 4.91755649534e-08, 3.66411370578e-07, 8.61107366745e-07, 8.58840394358e-08, 1.0829869268e-07, 5.40770805912e-08, 4.67262566417e-08, 6.04618364264e-08, 9.86555281912e-09, 4.66197525029e-09, 5.68930103029e-09, 1.33441000472e-08, 3.14241432875e-08, 1.72654051056e-08, 9.78599867807e-09, 1.60768343083e-09, 1.02649033717e-09, 2.80252349105e-10, 3.45830725168e-11, 6.20964529796e-11, 3.85717013884e-11, 3.85523765689e-11, 3.39935059268e-11, 5.01234644068e-11, 8.36204369636e-11, 5.88394818979e-11, 1.97833659177e-11, 1.12786325418e-11, 3.71971203839e-11, 3.34703827154e-11, 2.2229180302e-11, 6.90865116851e-12, 5.30251710595e-12, 7.17090666361e-12], "mean": [0.0106010902673, 0.00628636823967, 0.00109346932732, 0.000156169437105, 0.00030269974377, 0.000136904898682, 0.000114764312457, 0.000445792829851, 0.000653613649774, 0.00014732190175, 0.000178162415978, 0.000133872061269, 6.62420352455e-05, 0.000103301186755, 4.01543657063e-05, 3.27691886923e-05, 2.80298954749e-05, 6.07299989497e-05, 8.25920869829e-05, 3.46703236573e-05, 2.50429729931e-05, 1.6733611119e-05, 1.64426019182e-05, 6.54830910207e-06, 3.79682273888e-06, 4.03866715715e-06, 3.44808245245e-06, 2.56955672739e-06, 1.8679824052e-06, 1.80885604095e-06, 1.98522502615e-06, 1.68235214915e-06, 1.13635621801e-06, 9.30866463023e-07, 1.07889331957e-06, 1.21185939861e-06, 8.76054286891e-07, 5.37332027761e-07, 4.43576652742e-07, 3.43224627386e-07], "min": [1.22327171598e-24, 1.37886318966e-24, 1.21221967609e-24, 3.12848844097e-24, 2.30048800472e-24, 2.19758543837e-24, 3.58075797793e-24, 1.8776492904e-24, 5.22361406117e-24, 1.40970765105e-24, 2.90568670842e-24, 2.30170127279e-24, 2.51337730557e-24, 4.21516662323e-24, 1.67927936895e-24, 2.99102292013e-24, 3.08749449517e-24, 4.51700058279e-24, 4.15787717771e-24, 3.33395889943e-24, 5.92397660574e-24, 5.2467537181e-24, 6.10295100133e-24, 4.52452000493e-24, 5.55193047574e-24, 5.30908082936e-24, 6.32441186756e-24, 6.62021774651e-24, 6.17020494337e-24, 7.80827303534e-24, 6.02356753401e-24, 6.09246388446e-24, 5.30335567134e-24, 5.39646097968e-24, 6.86139697992e-24, 6.09242246926e-24, 6.56238201481e-24, 6.46424298503e-24, 8.07215962992e-24, 7.97475502964e-24], "median": [0.00665620481595, 0.00301057100296, 0.000160893760039, 2.29273082368e-05, 9.16017525014e-05, 2.44650418608e-05, 8.60742784425e-06, 5.6109187426e-05, 4.81884890178e-05, 1.29657209982e-05, 2.52565750998e-05, 2.77631606878e-05, 7.37213940738e-06, 6.00231487624e-06, 4.81518054585e-06, 4.14368832935e-06, 2.5870774607e-06, 7.32813759896e-06, 6.34371826891e-06, 3.60592207471e-06, 2.74766034636e-06, 3.20801086673e-06, 3.53561131305e-06, 1.5590884459e-06, 9.65677713793e-07, 8.77227137153e-07, 7.59856447985e-07, 5.874769613e-07, 3.56753076858e-07, 2.06216952847e-07, 1.56960368258e-07, 1.19119881958e-07, 1.13467564233e-07, 1.21155537158e-07, 1.24630361142e-07, 1.07295257123e-07, 6.38386694618e-08, 3.64923344875e-08, 2.43585471793e-08, 1.84646733459e-08], "dvar2": [2.64865684585e-05, 5.29403259861e-05, 1.27657031044e-05, 9.92881950879e-07, 2.34929814269e-07, 1.30657710429e-07, 1.10676893428e-07, 7.23607399777e-07, 1.8122163965e-06, 1.82712014407e-07, 2.16063511971e-07, 1.1925565957e-07, 1.18538103777e-07, 1.32607439696e-07, 2.14793747233e-08, 9.34319999146e-09, 1.04012585211e-08, 3.54760096855e-08, 7.19238215652e-08, 4.34351186129e-08, 2.74533231703e-08, 4.83349005265e-09, 2.83554490998e-09, 5.97024041316e-10, 7.62144375388e-11, 1.50108661612e-10, 9.02000557579e-11, 8.0399693847e-11, 7.01846289419e-11, 1.13345395569e-10, 1.78392536854e-10, 1.41852696256e-10, 4.99751837135e-11, 2.95855701049e-11, 1.02648736733e-10, 8.84909298615e-11, 5.69777489079e-11, 1.71909465829e-11, 1.2777524698e-11, 1.96431690358e-11], "var": [9.26672073547e-05, 5.59607651667e-05, 5.56521536055e-06, 2.11735439848e-07, 2.6896046279e-07, 1.02679365455e-07, 8.57909867591e-08, 9.07440551146e-07, 1.97262238544e-06, 1.85702972999e-07, 2.13075722399e-07, 1.07540067518e-07, 4.78446295915e-08, 9.81136452083e-08, 2.2048341819e-08, 1.08350519668e-08, 1.17385390297e-08, 2.02021439577e-08, 7.61269021154e-08, 1.91646769565e-08, 8.55405879463e-09, 1.74176306711e-09, 1.33260769086e-09, 4.4867701221e-10, 1.01517308448e-10, 1.53767262812e-10, 8.65215260548e-11, 6.59531942948e-11, 5.65941529751e-11, 8.32543062268e-11, 1.29496108281e-10, 6.9675210046e-11, 1.98863269602e-11, 1.278061771e-11, 2.93697392795e-11, 3.26187098165e-11, 2.22578656894e-11, 8.98351965734e-12, 7.22961447652e-12, 5.5355195254e-12], "dmean2": [0.00218767952174, 0.00295650027692, 0.00114558753558, 0.000335915392498, 0.00027094813413, 0.000169826642377, 0.000151874468429, 0.000378634809749, 0.000556929793674, 0.000143174343975, 0.000158885886776, 0.00012707694259, 8.75596015248e-05, 0.000116946779599, 4.63093820144e-05, 3.37306410074e-05, 3.19850259984e-05, 6.78231881466e-05, 8.3069462562e-05, 5.23918606632e-05, 4.08487503591e-05, 2.18915993173e-05, 1.85473400052e-05, 6.83411599312e-06, 3.67084862773e-06, 3.91548883272e-06, 3.13634541271e-06, 2.69661518359e-06, 2.08060919249e-06, 2.23049801207e-06, 2.68051894636e-06, 2.53682128459e-06, 1.70041369074e-06, 1.28733984184e-06, 1.73879459453e-06, 1.80146923867e-06, 1.33770288357e-06, 7.81323421961e-07, 6.03851106007e-07, 5.73105921831e-07], "max": [0.0419105179608, 0.049980700016, 0.0196806192398, 0.0059069134295, 0.00619899993762, 0.00750549975783, 0.00572939915583, 0.0130781373009, 0.0207169279456, 0.00617840699852, 0.00963978748769, 0.00928338989615, 0.00695801060647, 0.00625396938995, 0.00415671244264, 0.00191573228221, 0.00420192582533, 0.0033396773506, 0.00302782375365, 0.00466718012467, 0.00131088378839, 0.000704384525307, 0.000677231175359, 0.00118524720892, 0.000267847732175, 0.000488061050419, 0.000246419891482, 0.00029351725243, 0.000310274452204, 0.000309817609377, 0.000379737030016, 0.000329297414282, 0.000202488896321, 8.58044368215e-05, 0.0001202788917, 8.92881216714e-05, 0.000111427172669, 6.38713027001e-05, 8.43890738906e-05, 5.76972815907e-05], "dmean": [0.00150148221292, 0.00189621408936, 0.000702164368704, 0.000183083335287, 0.000174993096152, 0.000105366692878, 9.39748206292e-05, 0.000263432069914, 0.000390091096051, 9.84409562079e-05, 0.000114206675789, 8.49865464261e-05, 5.64266192669e-05, 7.8692632087e-05, 2.97239585052e-05, 2.29582947213e-05, 2.07454122574e-05, 4.32780216215e-05, 5.57129933441e-05, 3.29915274051e-05, 2.4136452339e-05, 1.32889344968e-05, 1.13023825179e-05, 4.3668987928e-06, 2.32694765145e-06, 2.54288238466e-06, 2.0944426069e-06, 1.79474636752e-06, 1.36454275435e-06, 1.43838519762e-06, 1.70850319137e-06, 1.57100680553e-06, 1.0384194411e-06, 7.87929707258e-07, 1.02718809103e-06, 1.0778479691e-06, 8.1428777321e-07, 4.76668418514e-07, 3.79719807597e-07, 3.44670780805e-07]}, "spectral_decrease": {"dvar": 2.50592778386e-17, "mean": -1.56645239002e-08, "min": -5.28240740039e-08, "median": -1.62150719518e-08, "dvar2": 5.9736892726e-17, "var": 9.03531169802e-17, "dmean2": 4.36762892519e-09, "max": 1.10816058996e-28, "dmean": 2.847218461e-09}, "spectral_rolloff": {"dvar": 529996.5625, "mean": 661.200622559, "min": 64.599609375, "median": 258.3984375, "dvar2": 1174631.375, "var": 2188660, "dmean2": 414.963562012, "max": 20348.8769531, "dmean": 246.573669434}, "melbands_crest": {"dvar": 10.9767198563, "mean": 26.616601944, "min": 1.80491268635, "median": 27.8021965027, "dvar2": 25.5109577179, "var": 44.6899185181, "dmean2": 3.74387168884, "max": 37.0463676453, "dmean": 2.47203636169}, "barkbands_skewness": {"dvar": 3.63282561302, "mean": 3.6902077198, "min": -4.64739751816, "median": 2.72466945648, "dvar2": 8.17655467987, "var": 11.4659433365, "dmean2": 2.0009560585, "max": 22.9760875702, "dmean": 1.36702108383}, "spectral_centroid": {"dvar": 168611, "mean": 1005.71813965, "min": 65.6542358398, "median": 828.932617188, "dvar2": 338043.125, "var": 761661.75, "dmean2": 371.435882568, "max": 11600.8925781, "dmean": 254.196350098}, "spectral_energyband_middle_low": {"dvar": 7.07577491994e-05, "mean": 0.00862549617887, "min": 2.15415875598e-22, "median": 0.00490232091397, "dvar2": 0.000184693009942, "var": 0.00011374510359, "dmean2": 0.00805576425046, "max": 0.108544327319, "dmean": 0.00508760800585}, "erbbands_crest": {"dvar": 10.3184299469, "mean": 12.5204715729, "min": 2.66133761406, "median": 11.3147335052, "dvar2": 23.2694969177, "var": 31.0990276337, "dmean2": 5.55973005295, "max": 32.2157821655, "dmean": 3.52350568771}, "dynamic_complexity": 4.07121992111, "spectral_energyband_low": {"dvar": 0.00032029428985, "mean": 0.0472267605364, "min": 1.52700625839e-23, "median": 0.0478636957705, "dvar2": 0.000749547791202, "var": 0.00105633726344, "dmean2": 0.0127075603232, "max": 0.18760587275, "dmean": 0.00836587511003}, "silence_rate_60dB": {"dvar": 0.0110028488562, "mean": 0.062349114567, "min": 0, "median": 0, "dvar2": 0.0238596573472, "var": 0.0584621913731, "dmean2": 0.0222572181374, "max": 1, "dmean": 0.0111274402589}, "erbbands_kurtosis": {"dvar": 101.133781433, "mean": 3.24924921989, "min": -1.96712803841, "median": 0.949023246765, "dvar2": 235.587158203, "var": 133.316802979, "dmean2": 4.67191123962, "max": 380.52722168, "dmean": 3.00543427467}, "spectral_complexity": {"dvar": 12.7431173325, "mean": 10.8391942978, "min": 0, "median": 8, "dvar2": 20.5778522491, "var": 89.5091552734, "dmean2": 3.96808409691, "max": 51, "dmean": 2.95695996284}, "barkbands_crest": {"dvar": 6.88434696198, "mean": 16.3889656067, "min": 3.04942822456, "median": 16.56133461, "dvar2": 16.9375209808, "var": 22.2951011658, "dmean2": 3.14451909065, "max": 25.9206848145, "dmean": 2.02414536476}, "spectral_energy": {"dvar": 0.00037700496614, "mean": 0.0607153847814, "min": 1.0207627671e-20, "median": 0.0627951100469, "dvar2": 0.000902919098735, "var": 0.00134792597964, "dmean2": 0.0172354206443, "max": 0.201624885201, "dmean": 0.0112258968875}, "spectral_spread": {"dvar": 1207674732540.0, "mean": 3964148, "min": 701282.4375, "median": 3399573.75, "dvar2": 2381436682240.0, "var": 7503330934780.0, "dmean2": 1027130.8125, "max": 42631960, "dmean": 689485.25}, "spectral_contrast_valleys": {"dvar": [0.305084317923, 0.448594123125, 0.235403686762, 0.199199154973, 0.176443621516, 0.255812048912], "mean": [-7.9913854599, -8.0552520752, -8.10752391815, -8.42996883392, -8.46142101288, -11.2961091995], "min": [-27.9006271362, -27.8343105316, -27.6437931061, -27.6197738647, -27.4815788269, -27.3923339844], "median": [-7.78462171555, -7.93755578995, -7.97510242462, -8.34457874298, -8.28374671936, -11.0452270508], "dvar2": [0.624418854713, 1.10099244118, 0.513255894184, 0.408527761698, 0.340849369764, 0.508892953396], "var": [2.72067570686, 2.79837846756, 2.73032236099, 2.8484287262, 2.52196097374, 2.86769509315], "dmean2": [0.751941144466, 1.01415228844, 0.721138477325, 0.591144680977, 0.498626768589, 0.539301037788], "max": [-4.94544267654, -4.77452516556, -5.25570249557, -5.46418762207, -5.9960269928, -7.34127283096], "dmean": [0.475415557623, 0.623981177807, 0.481038540602, 0.432918220758, 0.364028573036, 0.382409781218]}, "spectral_rms": {"dvar": 1.24932898871e-06, "mean": 0.00716213788837, "min": 3.15573457123e-12, "median": 0.00782710127532, "dvar2": 2.7084931844e-06, "var": 7.93858907855e-06, "dmean2": 0.00103725062218, "max": 0.0140252346173, "dmean": 0.000698503281455}, "barkbands_spread": {"dvar": 52.6175079346, "mean": 11.7113952637, "min": 0.127867132425, "median": 8.77991199493, "dvar2": 117.217102051, "var": 140.398239136, "dmean2": 6.13052511215, "max": 122.432525635, "dmean": 4.20986223221}, "pitch_salience": {"dvar": 0.00972101278603, "mean": 0.322523474693, "min": 0.019488170743, "median": 0.306346327066, "dvar2": 0.0245118066669, "var": 0.0250573512167, "dmean2": 0.115674801171, "max": 0.957834661007, "dmean": 0.0731073468924}, "erbbands_skewness": {"dvar": 0.726395666599, "mean": 0.404276698828, "min": -6.53294658661, "median": 0.314571261406, "dvar2": 1.61238658428, "var": 2.16989564896, "dmean2": 0.994571566582, "max": 15.0536251068, "dmean": 0.672011613846}, "spectral_energyband_middle_high": {"dvar": 2.82492219412e-05, "mean": 0.00505971023813, "min": 1.23308698447e-21, "median": 0.00155705073848, "dvar2": 6.66413106956e-05, "var": 7.43699638406e-05, "dmean2": 0.00371280265972, "max": 0.0894365459681, "dmean": 0.00260458700359}, "erbbands": {"dvar": [0.223753675818, 12.2397737503, 109.404350281, 205.425582886, 90.6804428101, 48.2173309326, 103.417442322, 114.270072937, 210.05329895, 1606.87902832, 15402.5996094, 2270.66357422, 4261.55322266, 2826.58544922, 4982.36816406, 4380.41210938, 1059.44189453, 1417.84631348, 5398.66064453, 8691.88183594, 8791.29199219, 1498.39050293, 447.963195801, 58.8135948181, 80.7778244019, 68.3725814819, 90.198097229, 189.214584351, 127.39074707, 38.0365791321, 108.819725037, 58.5575065613, 13.877661705, 7.69774580002, 1.70760846138, 0.125420421362, 0.00168754498009, 0.001240576501, 7.75045409682e-05, 2.12718660464e-07], "mean": [1.59012532234, 4.24488115311, 13.4906682968, 6.43024015427, 1.91550004482, 3.50332069397, 9.19524097443, 5.86576223373, 7.54481077194, 27.2647666931, 89.6360244751, 26.6539497375, 34.5522537231, 30.5215892792, 24.4254608154, 27.5722198486, 15.844789505, 16.3141536713, 42.8314781189, 39.8994064331, 23.917881012, 17.5328445435, 11.2401580811, 5.21683549881, 5.32077217102, 4.13143253326, 3.06006932259, 3.28680968285, 2.73894000053, 1.81000876427, 1.99564945698, 1.56717038155, 0.775219380856, 0.432290762663, 0.204075053334, 0.0570468828082, 0.00803401321173, 0.00300101540051, 0.000621075450908, 0.000103679762105], "min": [7.67802294911e-23, 4.80027944522e-22, 1.91976483075e-21, 6.2084945604e-21, 2.15913236116e-20, 2.79939955896e-20, 5.74990627503e-20, 1.1261951595e-19, 2.48265025968e-19, 1.87675403192e-19, 5.22945185918e-19, 2.5428891708e-19, 6.73020771249e-19, 8.07497332889e-19, 8.9641790457e-19, 1.4869409031e-18, 1.5768336188e-18, 1.94722576175e-18, 2.76199225447e-18, 3.43325242348e-18, 5.18893086592e-18, 5.22445868681e-18, 6.31997007263e-18, 7.86427078134e-18, 7.46310390068e-18, 1.01641794729e-17, 1.06948878006e-17, 1.24822447789e-17, 1.15771379624e-17, 1.14172067269e-17, 1.24737876843e-17, 1.10282010556e-17, 1.07456378127e-17, 9.86636632825e-18, 6.31632220613e-18, 4.54804745733e-18, 2.32430348861e-18, 1.08164835574e-18, 2.58642420343e-19, 3.00994319737e-20], "median": [0.937440812588, 3.90925621986, 3.04855966568, 0.895178377628, 0.235734030604, 0.948105871677, 2.53309988976, 1.12410056591, 1.17508411407, 4.20382070541, 7.11704730988, 4.35729646683, 5.41726589203, 7.14236164093, 2.93001294136, 2.36677789688, 2.46277499199, 2.12634849548, 5.15682888031, 3.68783783913, 2.79478645325, 3.57905554771, 2.96590137482, 1.39645302296, 1.30157256126, 0.983039975166, 0.571173369884, 0.316288024187, 0.228448584676, 0.234203606844, 0.220755413175, 0.133279174566, 0.0555803440511, 0.026005871594, 0.012439712882, 0.0037850276567, 0.000644641171675, 8.93420728971e-05, 4.1669143684e-05, 7.45740326238e-05], "dvar2": [0.332427084446, 34.4246063232, 234.496902466, 529.095092773, 262.465301514, 134.752868652, 232.4324646, 268.516052246, 465.919891357, 3402.84545898, 31731.0527344, 5017.14648438, 8497.99511719, 6359.17431641, 12270.7832031, 9577.88476562, 2389.83569336, 2505.09619141, 13556.0498047, 21785.2246094, 24438.671875, 4561.49072266, 1164.08300781, 122.761131287, 164.846176147, 139.913955688, 188.238082886, 397.837280273, 303.700592041, 95.834312439, 297.686706543, 148.902069092, 34.1796951294, 20.1723079681, 4.44850540161, 0.332503676414, 0.00436066603288, 0.00345861748792, 0.000218664878048, 6.02784211878e-07], "var": [2.26942014694, 15.1226758957, 393.295623779, 217.733718872, 52.3206863403, 47.2961273193, 275.137481689, 202.984695435, 361.41986084, 3319.37719727, 36953.6835938, 4655.50097656, 8134.47412109, 5306.06298828, 5778.34765625, 7381.90087891, 2336.54296875, 3207.41015625, 10668.5839844, 14838.2832031, 7910.81591797, 1704.7298584, 671.394592285, 185.627029419, 241.806137085, 136.388305664, 160.581665039, 310.056213379, 155.987869263, 43.8814163208, 90.3665466309, 61.9589729309, 18.6760654449, 7.16762399673, 1.56186664104, 0.118662364781, 0.00243854243308, 0.000900380488019, 5.28480122739e-05, 1.52469866066e-07], "dmean2": [0.257354229689, 2.18617367744, 5.97610998154, 7.22752952576, 4.8930516243, 4.81805229187, 8.36591434479, 7.3621301651, 9.66517734528, 25.2763843536, 74.5279312134, 24.7893276215, 30.6856555939, 29.0948162079, 29.4444446564, 30.2959938049, 16.1540355682, 16.5141983032, 43.8042678833, 45.8894042969, 37.4701538086, 21.5346641541, 11.2736301422, 4.59078645706, 4.60119342804, 3.86286425591, 3.2619035244, 4.17444324493, 3.97307658195, 2.47043371201, 3.08569049835, 2.28686499596, 1.06915688515, 0.653477668762, 0.297903865576, 0.0787968337536, 0.0104281771928, 0.00504559697583, 0.00114183034748, 7.79347319622e-05], "max": [6.20646238327, 37.4588699341, 112.245040894, 134.528167725, 99.856338501, 77.7611312866, 187.331756592, 339.203216553, 433.359191895, 854.864685059, 2655.921875, 973.078613281, 1876.74731445, 2110.56933594, 2882.87817383, 2305.87597656, 1330.05419922, 1864.21166992, 1848.01098633, 2229.8684082, 1739.18054199, 499.516021729, 770.04309082, 395.697296143, 528.516174316, 375.012817383, 472.086853027, 573.331787109, 469.451660156, 201.223831177, 188.853790283, 169.603866577, 89.8608398438, 61.0728912354, 28.8900756836, 7.79962587357, 1.83127939701, 0.830240309238, 0.21777652204, 0.0115875666961], "dmean": [0.199606597424, 1.32339990139, 3.98670697212, 4.41750764847, 2.60615181923, 2.83240866661, 5.41911506653, 4.55386018753, 6.05601596832, 17.0499858856, 52.7826194763, 16.8849334717, 22.0539913177, 19.343454361, 19.1820793152, 20.2462043762, 10.7350311279, 11.025595665, 28.4554176331, 29.5339832306, 22.5181808472, 13.1334180832, 7.0951294899, 2.94961714745, 3.12908482552, 2.63203787804, 2.17077612877, 2.69271945953, 2.48568129539, 1.53408420086, 1.83391082287, 1.39343798161, 0.663232684135, 0.402267813683, 0.187768787146, 0.0490243583918, 0.00652155885473, 0.00293307215907, 0.000649331952445, 4.59511793451e-05]}, "dissonance": {"dvar": 0.00112919684034, "mean": 0.434933066368, "min": 0.0755058079958, "median": 0.451806783676, "dvar2": 0.00264710024931, "var": 0.0034246428404, "dmean2": 0.0496312193573, "max": 0.500000119209, "dmean": 0.031303845346}, "erbbands_flatness_db": {"dvar": 0.00067643908551, "mean": 0.206503450871, "min": 0.0445239208639, "median": 0.203849568963, "dvar2": 0.00139912625309, "var": 0.00350315496325, "dmean2": 0.0367196463048, "max": 0.459914058447, "dmean": 0.0252937152982}, "melbands_kurtosis": {"dvar": 19904.2832031, "mean": 89.7928085327, "min": -1.78043293953, "median": 21.4563827515, "dvar2": 43708.5703125, "var": 38213.2226562, "dmean2": 88.7927627563, "max": 2477.81958008, "dmean": 56.9949035645}, "melbands_spread": {"dvar": 69.4849472046, "mean": 11.6654853821, "min": 0.0875285789371, "median": 7.11911487579, "dvar2": 151.058105469, "var": 247.698272705, "dmean2": 6.24335479736, "max": 230.677978516, "dmean": 4.40180397034}, "melbands_skewness": {"dvar": 9.07057285309, "mean": 5.56962680817, "min": -3.20241427422, "median": 3.94643735886, "dvar2": 18.5157356262, "var": 26.3929252625, "dmean2": 2.9233648777, "max": 41.4647140503, "dmean": 1.99132204056}, "spectral_entropy": {"dvar": 0.0959286689758, "mean": 7.06123304367, "min": 3.2504401207, "median": 7.10514545441, "dvar2": 0.186999812722, "var": 0.475190997124, "dmean2": 0.370143562555, "max": 9.81443595886, "dmean": 0.264998614788}, "zerocrossingrate": {"dvar": 0.000120640630485, "mean": 0.0257059298456, "min": 0.001953125, "median": 0.017578125, "dvar2": 0.000158978786203, "var": 0.00145530037116, "dmean2": 0.00705185765401, "max": 0.529296875, "dmean": 0.00616015540436}, "average_loudness": 0.967631042004, "spectral_contrast_coeffs": {"dvar": [0.00188787851948, 0.00408528186381, 0.00184423476458, 0.00110176403541, 0.000836695951875, 0.000644524057861], "mean": [-0.60222196579, -0.668251633644, -0.746148228645, -0.777657151222, -0.787947595119, -0.774698078632], "min": [-0.976915061474, -0.974972486496, -0.979349970818, -0.971436619759, -0.966394424438, -0.963356435299], "median": [-0.608022749424, -0.685464143753, -0.761403799057, -0.786799192429, -0.790096640587, -0.782540619373], "dvar2": [0.00415857834741, 0.0073966383934, 0.0035345654469, 0.00230998871848, 0.00216063507833, 0.00130319490563], "var": [0.0109744621441, 0.0206306949258, 0.00955576822162, 0.00497072236612, 0.00270030950196, 0.00305216270499], "dmean2": [0.0712688937783, 0.100381083786, 0.0727158337831, 0.0566031336784, 0.0463345311582, 0.0366296581924], "max": [-0.279699683189, -0.28869125247, -0.395221531391, -0.428442627192, -0.524859845638, -0.449673116207], "dmean": [0.0452138409019, 0.067723877728, 0.0491913035512, 0.0368854738772, 0.0291361622512, 0.024816935882]}, "barkbands_flatness_db": {"dvar": 0.00125936092809, "mean": 0.27501270175, "min": 0.0360170789063, "median": 0.265215337276, "dvar2": 0.0025842289906, "var": 0.00939368735999, "dmean2": 0.04111950472, "max": 0.699231386185, "dmean": 0.0299978498369}, "silence_rate_30dB": {"dvar": 0.0741131231189, "mean": 0.872362732887, "min": 0, "median": 1, "dvar2": 0.155410379171, "var": 0.111341565847, "dmean2": 0.161259844899, "max": 1, "dmean": 0.08062145859}, "spectral_energyband_high": {"dvar": 1.27836904085e-06, "mean": 0.000361031823559, "min": 7.19441468679e-21, "median": 5.87270733376e-05, "dvar2": 3.07260779664e-06, "var": 1.70066937244e-06, "dmean2": 0.000425329781137, "max": 0.0310458559543, "dmean": 0.000275268888799}, "melbands_flatness_db": {"dvar": 0.00165223458316, "mean": 0.36604142189, "min": 0.00343123800121, "median": 0.358232885599, "dvar2": 0.00325819524005, "var": 0.0136603219435, "dmean2": 0.0457881130278, "max": 0.873606681824, "dmean": 0.034214835614}, "barkbands": {"dvar": [1.1443553376e-06, 0.000186642195331, 0.00012287888967, 1.74075994437e-05, 5.04005083712e-06, 1.59981834713e-06, 1.60112017511e-06, 2.79680280073e-05, 4.68708003609e-06, 3.40856672665e-06, 2.14074543692e-06, 3.4879251416e-06, 6.46213095479e-07, 9.54349616222e-07, 3.96580253437e-06, 3.33002867592e-06, 3.70997923937e-07, 1.23759605231e-07, 2.48756872878e-08, 3.02189917534e-08, 8.40558058712e-08, 8.35682243405e-08, 9.61898152241e-08, 7.85507410228e-08, 5.04260597722e-08, 1.37095856889e-09, 2.4219648509e-09], "mean": [0.00389853771776, 0.0309056360275, 0.0119674652815, 0.00071514112642, 0.00112203357276, 0.000847297429573, 0.00059687870089, 0.00399466464296, 0.00110858061817, 0.00119200465269, 0.000388946005842, 0.000802472932264, 0.000342288782122, 0.000358327757567, 0.00104629131965, 0.00045265929657, 0.000302379688947, 0.000166016849107, 0.000101481484307, 8.57415070641e-05, 7.85079682828e-05, 7.31524123694e-05, 6.64815452183e-05, 5.78133694944e-05, 3.3760068618e-05, 7.07953358869e-06, 3.65158484783e-06], "min": [2.03557569376e-25, 1.35003831079e-24, 9.34592110623e-25, 1.1044180863e-24, 1.3243821284e-23, 1.02808439468e-23, 9.54368025213e-24, 1.05994096461e-23, 1.20820342745e-23, 1.70288547934e-23, 1.57768047413e-23, 3.62035311558e-23, 3.63369022913e-23, 3.42926733851e-23, 4.62813333496e-23, 7.21901949824e-23, 8.32156116054e-23, 8.89923011749e-23, 1.7684205408e-22, 2.05113238579e-22, 3.24517610709e-22, 2.83838388855e-22, 4.16196147349e-22, 6.69167002207e-22, 9.55114918718e-22, 1.3355796303e-21, 2.03453149593e-21], "median": [0.00228507327847, 0.0225220117718, 0.00190740800463, 3.45460393874e-05, 0.000322545762174, 0.000182530289749, 3.40579645126e-05, 0.000278224120848, 8.22583970148e-05, 0.00022090546554, 3.12457195832e-05, 5.28790114913e-05, 4.60492519778e-05, 3.80767487513e-05, 9.73897622316e-05, 4.98335757584e-05, 6.0649097577e-05, 4.20996002504e-05, 2.38916090893e-05, 2.05688720598e-05, 1.00281458799e-05, 6.52078415442e-06, 7.95459891378e-06, 4.55672670796e-06, 2.10667622014e-06, 5.20699529716e-07, 4.02296969071e-08], "dvar2": [2.37316021412e-06, 0.000449809886049, 0.000258854182903, 4.96105494676e-05, 1.42782473631e-05, 3.81647032555e-06, 3.73837792722e-06, 5.59167456231e-05, 9.97081497189e-06, 6.3953116296e-06, 5.57366774956e-06, 7.66499215388e-06, 1.42918713664e-06, 2.21087748287e-06, 9.40874906519e-06, 8.9670311354e-06, 1.09312486529e-06, 3.1443605053e-07, 5.15794305045e-08, 6.32516972132e-08, 1.76557421128e-07, 2.01235650366e-07, 2.60278284259e-07, 1.95495857724e-07, 1.33223977627e-07, 3.54337603703e-09, 6.79098999257e-09], "var": [1.35990467243e-05, 0.000701886601746, 0.00037834388786, 1.02066233012e-05, 4.65377024739e-06, 3.11425083055e-06, 2.66974484475e-06, 7.1171001764e-05, 1.00967781691e-05, 8.36995604914e-06, 1.97805661628e-06, 5.89324736211e-06, 1.34922674988e-06, 1.33576838834e-06, 9.24586038309e-06, 3.19733817378e-06, 4.64911408926e-07, 1.88956136071e-07, 8.18303007577e-08, 5.6649923863e-08, 1.49891363321e-07, 9.8388191816e-08, 8.67033733698e-08, 9.33298949235e-08, 4.46952626021e-08, 1.6312323714e-09, 1.72238634466e-09], "dmean2": [0.00060647551436, 0.00858418736607, 0.00588384689763, 0.0020362965297, 0.00155223417096, 0.000978133291937, 0.000815033155959, 0.00325459474698, 0.00111671956256, 0.00106952653732, 0.000583105662372, 0.000904935004655, 0.000380827899789, 0.00047201171401, 0.0010536928894, 0.000725277757738, 0.000363937113434, 0.0001746656053, 9.28864174057e-05, 8.03942966741e-05, 9.09320006031e-05, 0.000106594816316, 9.71168119577e-05, 8.17269319668e-05, 5.06490760017e-05, 8.98447615327e-06, 6.37711309537e-06], "max": [0.018022255972, 0.161366254091, 0.110981956124, 0.0340785235167, 0.0249992832541, 0.0334898382425, 0.0308446846902, 0.0962283015251, 0.0438205040991, 0.0559333376586, 0.0340100005269, 0.0515654049814, 0.0286430940032, 0.0323946289718, 0.0356189794838, 0.0521439239383, 0.00851473584771, 0.0149990711361, 0.00838034786284, 0.00817307271063, 0.0132735818624, 0.0113205406815, 0.00540297292173, 0.00577877555043, 0.00495513435453, 0.00100336479954, 0.00121384125669], "dmean": [0.000464997458039, 0.00546571379527, 0.00390373589471, 0.00109602313023, 0.000909598253202, 0.000611899362411, 0.000501801201608, 0.00230472721159, 0.000758974812925, 0.000740494520869, 0.000367109954823, 0.000605418579653, 0.000246372626862, 0.000293201766908, 0.000694255926646, 0.000442816322902, 0.00022342056036, 0.000110373344796, 6.07074944128e-05, 5.39064749319e-05, 5.97079597355e-05, 6.58357530483e-05, 5.81844869885e-05, 5.05234129378e-05, 3.14886819979e-05, 5.65969457966e-06, 3.66804147234e-06]}, "erbbands_spread": {"dvar": 363.026611328, "mean": 35.4856376648, "min": 0.843819618225, "median": 28.8198680878, "dvar2": 771.167419434, "var": 778.568054199, "dmean2": 19.027765274, "max": 220.725372314, "dmean": 12.6692609787}, "barkbands_kurtosis": {"dvar": 3125.87304688, "mean": 37.7176856995, "min": -1.93819797039, "median": 8.77641963959, "dvar2": 7299.82324219, "var": 5997.86035156, "dmean2": 37.6323509216, "max": 843.280456543, "dmean": 24.1697940826}, "spectral_flux": {"dvar": 0.00227648508735, "mean": 0.078103788197, "min": 6.46768749668e-11, "median": 0.0604178421199, "dvar2": 0.00460191443563, "var": 0.00428883824497, "dmean2": 0.051927536726, "max": 0.395996749401, "dmean": 0.0331466682255}, "silence_rate_20dB": {"dvar": 0, "mean": 1, "min": 1, "median": 1, "dvar2": 0, "var": 0, "dmean2": 0, "max": 1, "dmean": 0}, "gfcc": {"cov": [[16637.84375, -107.053977966, -1514.59985352, -110.576461792, -1180.63879395, 166.207351685, -832.84753418, 396.891204834, -131.405685425, 311.009246826, -268.789581299, 51.6032333374, -171.291168213], [-107.053977966, 2042.73693848, -327.262207031, -369.710113525, 357.456573486, -468.788360596, 306.817321777, -67.1476745605, 185.661849976, -179.649978638, 207.266372681, -133.401123047, 55.3787345886], [-1514.59985352, -327.262207031, 1856.05627441, 483.850921631, -81.9872283936, 153.861175537, 27.4109115601, 12.6552534103, -38.3461265564, -0.0763115361333, -23.7469711304, 40.0988235474, 8.30906486511], [-110.576461792, -369.710113525, 483.850921631, 821.468017578, 219.817749023, 90.8767089844, -28.8555984497, -128.560043335, -3.58849787712, -23.1522064209, -145.617645264, -26.1130046844, 56.2943649292], [-1180.63879395, 357.456573486, -81.9872283936, 219.817749023, 870.421203613, 158.410827637, 257.7137146, -33.7233314514, 80.4218292236, -111.35005188, -39.7832641602, -73.991027832, 20.8248996735], [166.207351685, -468.788360596, 153.861175537, 90.8767089844, 158.410827637, 556.405334473, 167.5728302, 125.553764343, -42.0531044006, -5.91010284424, -14.665312767, 2.82548975945, -45.4482879639], [-832.84753418, 306.817321777, 27.4109115601, -28.8555984497, 257.7137146, 167.5728302, 547.910217285, 87.2823867798, 90.7688217163, -29.085565567, 148.199859619, -28.9336528778, -8.42099761963], [396.891204834, -67.1476745605, 12.6552534103, -128.560043335, -33.7233314514, 125.553764343, 87.2823867798, 267.536193848, 51.7565460205, 46.1385383606, 55.6547622681, 28.8429203033, -0.690903663635], [-131.405685425, 185.661849976, -38.3461265564, -3.58849787712, 80.4218292236, -42.0531044006, 90.7688217163, 51.7565460205, 234.671035767, 50.0830078125, 56.4357795715, 5.2554192543, 38.0033760071], [311.009246826, -179.649978638, -0.0763115361333, -23.1522064209, -111.35005188, -5.91010284424, -29.085565567, 46.1385383606, 50.0830078125, 183.355300903, 46.6763191223, 41.5703620911, 16.1929359436], [-268.789581299, 207.266372681, -23.7469711304, -145.617645264, -39.7832641602, -14.665312767, 148.199859619, 55.6547622681, 56.4357795715, 46.6763191223, 257.867279053, 79.0008773804, 26.7527332306], [51.6032333374, -133.401123047, 40.0988235474, -26.1130046844, -73.991027832, 2.82548975945, -28.9336528778, 28.8429203033, 5.2554192543, 41.5703620911, 79.0008773804, 165.876373291, 59.7886695862], [-171.291168213, 55.3787345886, 8.30906486511, 56.2943649292, 20.8248996735, -45.4482879639, -8.42099761963, -0.690903663635, 38.0033760071, 16.1929359436, 26.7527332306, 59.7886695862, 166.499084473]], "mean": [-76.5141601562, 120.462944031, -106.476707458, 38.8295516968, -31.1596126556, 25.0178699493, -10.0717487335, 20.9754104614, 3.36162757874, 0.362492412329, -3.69364905357, -3.55710077286, -0.801128983498], "icov": [[0.000125606340589, -0.00025577750057, 0.00017200622824, -0.000262170244241, 0.000281271000858, -0.00030944601167, 0.000207910954487, -0.000264041213086, 9.03369582375e-05, -0.00028950633714, 0.000252479308983, -0.000252401165199, 0.000241728732362], [-0.00025577750057, 0.00191310071386, -0.000439529685536, 0.00115549052134, -0.00114280742127, 0.00187845306937, -0.000803763396107, 0.000619138765614, -0.000686959538143, 0.00180411711335, -0.00155378342606, 0.00181208807044, -0.00107030023355], [0.00017200622824, -0.000439529685536, 0.000938770652283, -0.000921081344131, 0.000643479754217, -0.000590397859924, 0.000216337124584, -0.000546891300473, 0.000226931937505, -0.000342723389622, 0.000300696352497, -0.000594228913542, 0.000501355913002], [-0.000262170244241, 0.00115549052134, -0.000921081344131, 0.0028862953186, -0.00127574591897, 0.000835097394884, -0.000578555744141, 0.0016167985741, -0.000650541915093, 0.000756321125664, 3.32684226123e-06, 0.00110797805246, -0.00154245679732], [0.000281271000858, -0.00114280742127, 0.000643479754217, -0.00127574591897, 0.00266811577603, -0.00162575242575, -9.68013191596e-05, -0.000303163367789, -0.000271016469924, -0.000238833366893, 0.0012983835768, -0.00082411034964, 0.000457453774288], [-0.00030944601167, 0.00187845306937, -0.000590397859924, 0.000835097394884, -0.00162575242575, 0.00461196387187, -0.00165485136677, -0.000716029317118, 0.000376026961021, 0.00146705110092, -0.000949992856476, 0.00108980969526, -0.000287659699097], [0.000207910954487, -0.000803763396107, 0.000216337124584, -0.000578555744141, -9.68013191596e-05, -0.00165485136677, 0.00379444449209, -0.000877730373759, -0.00043745432049, -0.000142421631608, -0.00165935826954, 0.000572401622776, 0.000589487201069], [-0.000264041213086, 0.000619138765614, -0.000546891300473, 0.0016167985741, -0.000303163367789, -0.000716029317118, -0.000877730373759, 0.00603352999315, -0.00146584224422, -6.8679692049e-05, -0.00044202542631, 0.000218478395254, -0.000839988642838], [9.03369582375e-05, -0.000686959538143, 0.000226931937505, -0.000650541915093, -0.000271016469924, 0.000376026961021, -0.00043745432049, -0.00146584224422, 0.00611597392708, -0.00236739055254, 2.56378298218e-05, -0.000123692268971, -0.000487047160277], [-0.00028950633714, 0.