{"lowlevel": {"spectral_strongpeak": {"max": 10.1153669357, "dmean": 0.234270647168, "dvar2": 0.414449155331, "dmean2": 0.412581771612, "var": 0.14856299758, "median": 0.28229367733, "min": 0, "dvar": 0.153150290251, "mean": 0.365512311459}, "barkbands_flatness_db": {"max": 0.628123402596, "dmean": 0.0192614272237, "dvar2": 0.000852959812619, "dmean2": 0.0310051962733, "var": 0.00254844734445, "median": 0.0946997851133, "min": 0.0365987233818, "dvar": 0.000331010931404, "mean": 0.103634253144}, "barkbands_skewness": {"max": 42.5701332092, "dmean": 0.530852854252, "dvar2": 0.897612690926, "dmean2": 0.862420260906, "var": 2.41680264473, "median": 0.931319057941, "min": -17.2629337311, "dvar": 0.429549127817, "mean": 0.961274683475}, "spectral_energyband_middle_high": {"max": 0.0267731044441, "dmean": 0.00187874946278, "dvar2": 8.90696537681e-06, "dmean2": 0.00304442830384, "var": 1.25824872157e-05, "median": 0.00657357694581, "min": 1.42347797072e-21, "dvar": 3.54585017703e-06, "mean": 0.00716460868716}, "erbbands_kurtosis": {"max": 217.425720215, "dmean": 1.22079324722, "dvar2": 11.6630363464, "dmean2": 1.94837701321, "var": 136.334274292, "median": 0.487817525864, "min": -1.87247776985, "dvar": 5.95545196533, "mean": 1.78901791573}, "erbbands_crest": {"max": 23.989282608, "dmean": 1.81221735477, "dvar2": 7.22577619553, "dmean2": 3.08241701126, "var": 5.43101358414, "median": 6.69376134872, "min": 2.6432518959, "dvar": 2.63740897179, "mean": 7.12721920013}, "dynamic_complexity": 2.00323343277, "barkbands_crest": {"max": 26.6087608337, "dmean": 3.01556754112, "dvar2": 22.3754711151, "dmean2": 4.89700603485, "var": 18.1042232513, "median": 8.3201007843, "min": 2.58824515343, "dvar": 8.7863740921, "mean": 9.35177898407}, "dissonance": {"max": 0.500000059605, "dmean": 0.00648195017129, "dvar2": 0.000137164082844, "dmean2": 0.0110962707549, "var": 7.02287434251e-05, "median": 0.492727816105, "min": 0.359276711941, "dvar": 5.07635995746e-05, "mean": 0.49040043354}, "spectral_energyband_low": {"max": 0.105003394186, "dmean": 0.00992125831544, "dvar2": 0.000549057149328, "dmean2": 0.0166136939079, "var": 0.000238481850829, "median": 0.0134499110281, "min": 7.27912123288e-23, "dvar": 0.000201328060939, "mean": 0.0177461076528}, "spectral_contrast_coeffs": {"max": [-0.349384695292, -0.449755579233, -0.528428792953, -0.615665078163, -0.663766980171, -0.630269050598], "dmean": [0.0539667718112, 0.053184196353, 0.0389600247145, 0.0281395558268, 0.0189986154437, 0.018717367202], "dvar2": [0.0058723106049, 0.00552441040054, 0.0027179736644, 0.00141349819023, 0.00063040968962, 0.000670289911795], "dmean2": [0.0902890637517, 0.0890144780278, 0.0646551996469, 0.0476310476661, 0.0324519947171, 0.0296190343797], "var": [0.00437505869195, 0.00397752039135, 0.00346285570413, 0.00126741558779, 0.000673115253448, 0.00158472987823], "median": [-0.683541536331, -0.758643746376, -0.817767441273, -0.810601353645, -0.792006492615, -0.73519051075], "min": [-0.947339236736, -0.977804780006, -0.969820737839, -0.979615926743, -0.958886444569, -0.956762969494], "dvar": [0.00213333638385, 0.00200640875846, 0.00106284802314, 0.000512188998982, 0.000217471490032, 0.000301117106574], "mean": [-0.680637538433, -0.754934489727, -0.806373119354, -0.808312475681, -0.792673051357, -0.739037573338]}, "silence_rate_60dB": {"max": 1, "dmean": 0.000672419613693, "dvar2": 0.0015674039023, "dmean2": 0.00134498986881, "var": 0.0184715427458, "median": 0, "min": 0, "dvar": 0.000671992194839, "mean": 0.0188256390393}, "mfcc": {"icov": [[0.000215728883632, -0.000252225931035, -5.42989218957e-05, -2.21064692596e-05, 3.20766957884e-06, 0.000371133326553, 5.3135181588e-07, -0.000351114867954, 0.000672905473039, -0.000616320583504, 0.000192398423678, -0.000259085994912, -0.000180879389518], [-0.000252225931035, 0.00411975104362, 0.000977400690317, -0.0017814016901, 0.00329238921404, -0.00143489043694, -0.000222458096687, -0.000348750705598, -7.73393912823e-05, 0.000887103553396, -0.00122595822904, 0.000648001034278, -0.00029036734486], [-5.42989218957e-05, 0.000977400690317, 0.00510631082579, 0.000348555186065, -0.00245598820038, 0.00121810263954, -0.000232412930927, -0.00246314331889, 0.000419627467636, -0.00133360747714, 0.00214277370833, -0.00105684762821, 0.000363746454241], [-2.21064692596e-05, -0.0017814016901, 0.000348555186065, 0.00560459448025, -0.00435833726078, -0.000591634598095, 0.00132754025981, 0.00142913823947, -0.00279324199073, 0.00100951269269, 0.000392076763092, 0.00142041267827, -0.000598777492996], [3.20766957884e-06, 0.00329238921404, -0.00245598820038, -0.00435833726078, 0.0138245280832, -0.0053904959932, -0.00325690908358, 0.00625492492691, 0.00202606152743, -0.00562031939626, 0.00192002498079, -0.00382599094883, 0.00162048789207], [0.000371133326553, -0.00143489043694, 0.00121810263954, -0.000591634598095, -0.0053904959932, 0.0167485456914, -0.00696537690237, -0.000689890701324, 0.00420468579978, 0.00180376740173, -0.00656071817502, 0.00335413962603, -0.00331405666657], [5.3135181588e-07, -0.000222458096687, -0.000232412930927, 0.00132754025981, -0.00325690908358, -0.00696537690237, 0.0220091100782, -0.0119776260108, -0.00132466177456, 0.00462605431676, 0.000656285730656, -0.00312366755679, 0.000913553289138], [-0.000351114867954, -0.000348750705598, -0.00246314331889, 0.00142913823947, 0.00625492492691, -0.000689890701324, -0.0119776260108, 0.0265091825277, -0.0154080186039, 0.000329180038534, 0.00536713795736, -0.00311876391061, 0.000762588926591], [0.000672905473039, -7.73393912823e-05, 0.000419627467636, -0.00279324199073, 0.00202606152743, 0.00420468579978, -0.00132466177456, -0.0154080186039, 0.0307147875428, -0.0135850822553, -0.00486330175772, 0.00970645435154, -0.00384467863478], [-0.000616320583504, 0.000887103553396, -0.00133360747714, 0.00100951269269, -0.00562031939626, 0.00180376740173, 0.00462605431676, 0.000329180038534, -0.0135850822553, 0.0332040861249, -0.0138806747273, -0.000872020958923, 0.00641363346949], [0.000192398423678, -0.00122595822904, 0.00214277370833, 0.000392076763092, 0.00192002498079, -0.00656071817502, 0.000656285730656, 0.00536713795736, -0.00486330175772, -0.0138806747273, 0.0346159301698, -0.0167300514877, 0.00331251788884], [-0.000259085994912, 0.000648001034278, -0.00105684762821, 0.00142041267827, -0.00382599094883, 0.00335413962603, -0.00312366755679, -0.00311876391061, 0.00970645435154, -0.000872020958923, -0.0167300514877, 0.0374028533697, -0.0163281913847], [-0.000180879389518, -0.00029036734486, 0.000363746454241, -0.000598777492996, 0.00162048789207, -0.00331405666657, 0.000913553289138, 0.000762588926591, -0.00384467863478, 0.00641363346949, 0.00331251788884, -0.0163281913847, 0.0275261756033]], "cov": [[6023.57373047, 418.244140625, 16.7572784424, -91.7665405273, -211.973587036, -177.855209351, -21.1181106567, 111.855285645, -43.4410438538, 45.5808372498, -17.0327701569, 70.0148620605, 57.3379592896], [418.244140625, 506.956054688, -179.55027771, 30.0349140167, -205.912857056, -7.67050409317, 10.6215829849, 67.4975357056, 41.3502235413, -37.4453430176, 0.342016100883, -30.1258621216, 16.6873168945], [16.7572784424, -179.55027771, 313.643127441, -12.2210102081, 107.49861145, -9.70539569855, 22.2788944244, 18.9086647034, 3.26140594482, 30.9378433228, -15.0221719742, 16.6322040558, -10.0339241028], [-91.7665405273, 30.0349140167, -12.2210102081, 331.192657471, 158.911209106, 65.6644897461, -25.2800254822, -83.3472061157, -21.6026096344, 13.4139204025, 18.9433765411, 2.39460682869, 1.7763916254], [-211.973587036, -205.912857056, 107.49861145, 158.911209106, 315.301330566, 95.9820022583, -6.30086088181, -121.902992249, -71.4471206665, 36.6299819946, 31.8651199341, 45.5950508118, -0.250942647457], [-177.855209351, -7.67050409317, -9.70539569855, 65.6644897461, 95.9820022583, 126.900863647, 33.1091384888, -32.7827186584, -31.5157775879, -4.91297578812, 26.1449337006, 21.3479156494, 16.0041179657], [-21.1181106567, 10.6215829849, 22.2788944244, -25.2800254822, -6.30086088181, 33.1091384888, 96.3095474243, 65.2320709229, 25.404668808, -8.38310623169, -3.40112781525, 6.39166593552, 8.18492984772], [111.855285645, 67.4975357056, 18.9086647034, -83.3472061157, -121.902992249, -32.7827186584, 65.2320709229, 155.919662476, 86.7002182007, 0.783779382706, -20.3304595947, -19.9260997772, -1.31709599495], [-43.4410438538, 41.3502235413, 3.26140594482, -21.6026096344, -71.4471206665, -31.5157775879, 25.404668808, 86.7002182007, 104.8595047, 28.5140419006, 0.248864084482, -26.431394577, -10.9020633698], [45.5808372498, -37.4453430176, 30.9378433228, 13.4139204025, 36.6299819946, -4.91297578812, -8.38310623169, 0.783779382706, 28.5140419006, 66.8191299438, 28.1795845032, 5.29775381088, -14.5388221741], [-17.0327701569, 0.342016100883, -15.0221719742, 18.9433765411, 31.8651199341, 26.1449337006, -3.40112781525, -20.3304595947, 0.248864084482, 28.1795845032, 60.180847168, 27.3070602417, 4.87511491776], [70.0148620605, -30.1258621216, 16.6322040558, 2.39460682869, 45.5950508118, 21.3479156494, 6.39166593552, -19.9260997772, -26.431394577, 5.29775381088, 27.3070602417, 61.3232154846, 28.3643798828], [57.3379592896, 16.6873168945, -10.0339241028, 1.7763916254, -0.250942647457, 16.0041179657, 8.18492984772, -1.31709599495, -10.9020633698, -14.5388221741, 4.87511491776, 28.3643798828, 56.8631210327]], "mean": [-594.91394043, 77.5524902344, 1.37111568451, 61.6273727417, 13.1402845383, 3.39687561989, 5.95926380157, 5.15160083771, -2.84991335869, 7.11479902267, 0.84827119112, 3.96527051926, 3.39049935341]}, "melbands_spread": {"max": 186.237548828, "dmean": 12.9863033295, "dvar2": 403.649658203, "dmean2": 21.2737312317, "var": 397.705078125, "median": 37.3359298706, "min": 0.270186007023, "dvar": 159.181655884, "mean": 40.2748756409}, "barkbands_kurtosis": {"max": 2316.7043457, "dmean": 2.41781520844, "dvar2": 935.708679199, "dmean2": 3.84798455238, "var": 2394.27172852, "median": -0.597057819366, "min": -1.87016451359, "dvar": 663.767822266, "mean": 2.72207069397}, "spectral_energyband_high": {"max": 0.0130598368123, "dmean": 0.000925309490412, "dvar2": 2.84211682811e-06, "dmean2": 0.00149090483319, "var": 2.72911915999e-06, "median": 0.00241445517167, "min": 7.88589486583e-21, "dvar": 1.23162885757e-06, "mean": 0.00275149731897}, "hfc": {"max": 124.200836182, "dmean": 8.8688325882, "dvar2": 238.730407715, "dmean2": 14.3059711456, "var": 260.917510986, "median": 36.3884391785, "min": 1.20792351053e-16, "dvar": 100.24571228, "mean": 37.5818214417}, "spectral_skewness": {"max": 6.32211399078, "dmean": 0.133142724633, "dvar2": 0.0417214594781, "dmean2": 0.222287476063, "var": 0.134476482868, "median": 0.996464729309, "min": -0.0489935055375, "dvar": 0.0160234179348, "mean": 1.01178193092}, "erbbands": {"max": [2.81962656975, 23.0798168182, 64.1976318359, 45.849697113, 138.014007568, 177.539138794, 139.65397644, 292.72164917, 266.530517578, 454.821411133, 531.551574707, 539.692260742, 338.39074707, 616.821533203, 821.045654297, 462.390136719, 409.725219727, 476.079162598, 433.101013184, 443.009368896, 421.046112061, 384.825653076, 533.812866211, 385.954498291, 248.996932983, 396.619384766, 217.997772217, 138.090759277, 91.7947387695, 98.777305603, 126.867416382, 163.955368042, 83.8393554688, 50.8716812134, 23.2265625, 10.4840898514, 2.34508490562, 0.741477787495, 0.1475353688, 0.00547179719433], "dmean": [0.235544428229, 1.97488391399, 3.49058461189, 3.63865423203, 7.91315984726, 9.05109214783, 6.60974788666, 10.6652479172, 10.7773571014, 14.7911243439, 14.8599338531, 11.6349487305, 8.69416618347, 14.319729805, 12.2531204224, 13.7756414413, 11.2029685974, 12.3604307175, 9.24593639374, 8.2819185257, 14.3129196167, 23.2713165283, 25.742357254, 22.9831085205, 20.1378822327, 33.7028160095, 15.2720041275, 6.28117704391, 6.23307704926, 5.24929189682, 4.3673043251, 4.26613903046, 2.26878523827, 1.29187595844, 0.466809242964, 0.157469525933, 0.046763304621, 0.0114497207105, 0.00169655878562, 8.44082533149e-05], "dvar2": [0.34149608016, 29.0678462982, 65.8399734497, 47.4101257324, 680.242126465, 758.370544434, 241.584671021, 1362.3269043, 1340.89147949, 2086.2019043, 2026.61706543, 1855.05310059, 812.598754883, 2776.12084961, 2238.1328125, 2792.04638672, 1479.72717285, 1703.46228027, 832.344482422, 671.999450684, 1033.44836426, 2070.74536133, 2294.92822266, 1469.43334961, 1124.13916016, 2899.17236328, 693.446533203, 251.770401001, 195.994659424, 118.274871826, 142.776504517, 245.325256348, 73.2318191528, 26.4898490906, 2.87057971954, 0.340750545263, 0.0215420983732, 0.0019168703584, 5.03264163854e-05, 9.61512043318e-08], "dmean2": [0.366409420967, 3.44107699394, 6.01429605484, 6.08936166763, 14.0266885757, 15.9521455765, 11.2227811813, 18.5101337433, 19.229675293, 25.6027622223, 23.9751911163, 18.9606056213, 13.6908340454, 22.4175605774, 19.582408905, 22.0539512634, 18.1191654205, 19.9981784821, 15.0146780014, 13.443365097, 23.6212215424, 39.1367149353, 43.0010795593, 39.1051597595, 34.5157165527, 57.6832847595, 26.0101623535, 10.8249073029, 10.615149498, 8.68631839752, 6.85765981674, 6.45514297485, 3.33414745331, 1.95923113823, 0.714610278606, 0.239284142852, 0.0716688781977, 0.0174167603254, 0.00258591468446, 0.000129940963234], "var": [0.219227030873, 8.73973274231, 25.9226856232, 26.6024131775, 173.00982666, 206.683563232, 116.884635925, 412.282470703, 355.621368408, 704.581604004, 1474.23974609, 1247.46960449, 676.1015625, 2006.57348633, 1272.36853027, 1550.91235352, 935.325134277, 1181.5904541, 581.044616699, 423.383148193, 761.014953613, 1272.82653809, 1647.81201172, 1038.34375, 697.163879395, 2211.26171875, 504.155212402, 88.5727462769, 88.2736053467, 73.8072509766, 120.673370361, 225.758346558, 67.4606781006, 19.5547161102, 1.93489706516, 0.231196522713, 0.0157834365964, 0.00129974982701, 3.7540197809e-05, 6.65872974537e-08], "median": [0.140408307314, 1.70788526535, 3.97646760941, 4.68361282349, 5.28523397446, 6.16861629486, 6.17875576019, 5.93739700317, 5.51204013824, 6.74006843567, 4.44795227051, 4.33443260193, 3.17934584618, 2.78760051727, 2.78053236008, 4.39391136169, 5.11478424072, 9.65430831909, 10.1482257843, 11.3647432327, 26.3058128357, 46.261177063, 54.6131134033, 57.4099655151, 57.9237213135, 93.1959228516, 39.8153533936, 11.2124567032, 9.77107429504, 9.76366519928, 5.74288845062, 2.67155313492, 1.52131915092, 0.955736041069, 0.46564489603, 0.160362750292, 0.0396034941077, 0.00668387580663, 0.000917590688914, 8.88356880751e-05], "min": [2.48934310403e-22, 5.98884539212e-21, 3.64822613105e-20, 4.62240093899e-20, 2.13205169575e-19, 2.28751912866e-19, 2.58243512492e-19, 9.71276832353e-20, 9.18698221165e-19, 5.85277639471e-19, 1.41663840925e-18, 1.31059716344e-18, 2.71754080912e-18, 1.10558892722e-18, 2.00785768706e-18, 2.3608470873e-18, 3.48767842624e-18, 6.28576780867e-18, 4.60554271376e-18, 5.89769023402e-18, 9.69490998524e-18, 1.90780919936e-17, 1.07712158916e-17, 1.50319032857e-17, 8.56324832511e-18, 1.13516394284e-17, 1.32775599127e-17, 1.23501837398e-17, 2.25289521972e-17, 1.6030030698e-17, 2.18762438281e-17, 2.46945557086e-17, 1.46690257684e-17, 1.71899397488e-17, 8.98478535553e-18, 5.62551803399e-18, 2.5117730143e-18, 1.29971549909e-18, 3.83742114258e-19, 3.4852718735e-20], "dvar": [0.144707813859, 10.3091602325, 23.3719730377, 17.305896759, 237.016525269, 267.20690918, 90.6568984985, 502.333251953, 484.058319092, 759.840759277, 845.832519531, 715.699890137, 338.002868652, 1164.46166992, 896.657348633, 1109.76123047, 580.409057617, 680.017822266, 340.232818604, 266.956848145, 406.372711182, 777.845214844, 866.526611328, 527.640869141, 399.425354004, 1046.45019531, 252.591705322, 91.0897674561, 71.6485900879, 46.1068840027, 66.5889053345, 122.200996399, 37.4647865295, 12.584154129, 1.301902771, 0.151901528239, 0.00986156053841, 0.000874466029927, 2.46438612521e-05, 4.39644338712e-08], "mean": [0.348898291588, 2.53563857079, 5.2788939476, 6.14447164536, 9.19110774994, 10.392127037, 9.56138801575, 11.911034584, 11.2662181854, 16.5857334137, 20.6372947693, 16.63372612, 13.4607601166, 20.2883605957, 16.2463932037, 17.9922218323, 16.3573570251, 20.3260440826, 16.9374427795, 16.8203220367, 32.9655418396, 53.8611373901, 63.2899398804, 61.8211708069, 60.4610443115, 98.6770553589, 43.428943634, 13.3539381027, 12.1884279251, 11.5866584778, 8.68088054657, 6.94188690186, 3.77969837189, 2.13780808449, 0.845703721046, 0.291403740644, 0.0790663361549, 0.0169535838068, 0.00239787762985, 0.000151601678226]}, "spectral_contrast_valleys": {"max": [-5.21926784515, -4.61542081833, -5.28396511078, -5.92943906784, -5.44899606705, -7.55844020844], "dmean": [0.374894738197, 0.411293536425, 0.381609350443, 0.236623123288, 0.156364306808, 0.22752687335], "dvar2": [0.273081839085, 0.367242306471, 0.297525823116, 0.113480716944, 0.075385607779, 0.154429331422], "dmean2": [0.628429114819, 0.667548060417, 0.603138029575, 0.383814036846, 0.261984676123, 0.344313889742], "var": [1.59287035465, 1.55373430252, 1.59487009048, 1.27139925957, 1.27809548378, 1.33081078529], "median": [-6.46185874939, -6.5952205658, -7.4371881485, -7.24724388123, -6.07076835632, -9.28872489929], "min": [-27.4618358612, -27.5668964386, -26.8038711548, -27.0936927795, -27.3906898499, -27.3545780182], "dvar": [0.111631944776, 0.153116986156, 0.131674185395, 0.0560079440475, 0.0425596795976, 0.0848053172231], "mean": [-6.66997623444, -6.73876714706, -7.53478336334, -7.35633182526, -6.23664903641, -9.42104244232]}, "average_loudness": 0.967779040337, "erbbands_spread": {"max": 140.24118042, "dmean": 9.00493240356, "dvar2": 211.126739502, "dmean2": 14.8836040497, "var": 191.917739868, "median": 42.151512146, "min": 1.34206449986, "dvar": 79.058303833, "mean": 43.412311554}, "melbands_flatness_db": {"max": 0.790795266628, "dmean": 0.0268793348223, "dvar2": 0.00164087337907, "dmean2": 0.0433051846921, "var": 0.00370010710321, "median": 0.156265437603, "min": 0.00649995915592, "dvar": 0.000641016289592, "mean": 0.163998529315}, "barkbands_spread": {"max": 130.682357788, "dmean": 9.44949054718, "dvar2": 224.497451782, "dmean2": 15.6086273193, "var": 219.199493408, "median": 44.6964073181, "min": 0.0915070399642, "dvar": 88.8328094482, "mean": 45.3959655762}, "spectral_decrease": {"max": 8.28621468536e-16, "dmean": 3.34259264712e-09, "dvar2": 4.45019529959e-17, "dmean2": 5.67181590583e-09, "var": 2.21823171984e-17, "median": -7.61420793083e-09, "min": -3.03176008742e-08, "dvar": 1.63130141486e-17, "mean": -8.5327203081e-09}, "melbands_crest": {"max": 34.4728622437, "dmean": 3.71341967583, "dvar2": 24.3977127075, "dmean2": 5.82073450089, "var": 27.1345729828, "median": 14.6784667969, "min": 1.89869606495, "dvar": 10.52430439, "mean": 15.3011713028}, "erbbands_flatness_db": {"max": 0.407196044922, "dmean": 0.0115381591022, "dvar2": 0.000228991906624, "dmean2": 0.0182675328106, "var": 0.000926051230635, "median": 0.128386154771, "min": 0.0380034819245, "dvar": 9.7943819128e-05, "mean": 0.132376357913}, "melbands_kurtosis": {"max": 629.56439209, "dmean": 7.07345342636, "dvar2": 560.23449707, "dmean2": 11.8406534195, "var": 281.627197266, "median": 7.08095741272, "min": -1.71668243408, "dvar": 212.427993774, "mean": 10.7605895996}, "spectral_rms": {"max": 0.010734516196, "dmean": 0.000987060600892, "dvar2": 2.99116481983e-06, "dmean2": 0.00163894169964, "var": 2.581769877e-06, "median": 0.00561487581581, "min": 3.24686284803e-12, "dvar": 1.10909547857e-06, "mean": 0.00567124318331}, "melbands_skewness": {"max": 21.7756481171, "dmean": 0.843744337559, "dvar2": 2.32582402229, "dmean2": 1.37560939789, "var": 1.96517598629, "median": 2.71990799904, "min": -1.06853210926, "dvar": 0.868314862251, "mean": 2.93080496788}, "barkbands": {"max": [0.00658031692728, 0.0961117595434, 0.0491363368928, 0.0160118937492, 0.0492971837521, 0.0264280959964, 0.0197351388633, 0.0205065123737, 0.0195548180491, 0.0198694560677, 0.016932412982, 0.0115558803082, 0.00950128491968, 0.0083939647302, 0.00651332875714, 0.00692019285634, 0.00876972731203, 0.0088377231732, 0.00567567907274, 0.00732858851552, 0.00448963185772, 0.00238903518766, 0.00389351230115, 0.00557734910399, 0.00336253107525, 0.00186454993673, 0.000703082943801], "dmean": [0.000400407501729, 0.00831357389688, 0.00288419495337, 0.00138960324693, 0.00261713797227, 0.0011964776786, 0.000850275973789, 0.000693719543051, 0.000504121999256, 0.000398319796659, 0.000342127954355, 0.000360583973816, 0.000268483534455, 0.000253192934906, 0.000147930739331, 0.000251438003033, 0.000420179509092, 0.000491971382871, 0.000395092676627, 0.000676241761539, 0.000234030405409, 0.000167226142366, 0.000157543487148, 0.000165765261045, 8.74961260706e-05, 2.77592680504e-05, 9.73261921899e-06], "dvar2": [5.85631880767e-07, 0.000466063385829, 4.01187753596e-05, 8.06292609923e-06, 7.22703480278e-05, 1.28164219859e-05, 7.85003612691e-06, 3.93391110265e-06, 3.09326469505e-06, 1.97431677407e-06, 1.92661877918e-06, 1.85433009392e-06, 8.64589594585e-07, 6.88748343691e-07, 2.82176046085e-07, 3.57736553269e-07, 6.5477405542e-07, 7.62087836392e-07, 4.12387919368e-07, 1.09535812953e-06, 2.21196543748e-07, 1.37936538636e-07, 1.50003174326e-07, 3.73515518959e-07, 1.08825801703e-07, 8.76513173154e-09, 1.51228540801e-09], "dmean2": [0.000475061824545, 0.0139604602009, 0.00490919640288, 0.00234483694658, 0.00464118598029, 0.00205959612504, 0.00151322677266, 0.00112476432696, 0.000824595219456, 0.00063038233202, 0.000557074905373, 0.000581347441766, 0.00044088071445, 0.000418042909587, 0.000242210851866, 0.000418708572397, 0.000703373632859, 0.000825077586342, 0.000674726092257, 0.00115613476373, 0.000398770120228, 0.000283721456071, 0.000249164091656, 0.000245918548899, 0.000132559827762, 4.21628792537e-05, 1.48076287587e-05], "var": [1.00693762306e-06, 0.000181562209036, 1.84709169844e-05, 4.18457238993e-06, 1.84566470125e-05, 4.5141314331e-06, 2.1056262085e-06, 2.74351168628e-06, 2.21761683861e-06, 1.56124679052e-06, 1.0111764368e-06, 1.02302067262e-06, 5.13054146722e-07, 4.11741723383e-07, 1.63859539271e-07, 2.41628100639e-07, 4.125321027e-07, 5.46731200757e-07, 2.73198082823e-07, 8.71462475516e-07, 1.02359251741e-07, 6.39320845153e-08, 1.26519694277e-07, 3.62493238981e-07, 7.88170311239e-08, 6.47200693038e-09, 1.10616360516e-09], "median": [8.95445991773e-05, 0.00757027976215, 0.00300707388669, 0.00138959661126, 0.00190716190264, 0.000769402831793, 0.000387281819712, 0.000214817613596, 0.000167448815773, 9.174241859e-05, 5.70837219129e-05, 9.26175271161e-05, 0.000105867380626, 0.000227987460676, 0.000131611916004, 0.000402075122111, 0.000789724756032, 0.00103099900298, 0.000987934414297, 0.0019878167659, 0.00046374410158, 0.000271599565167, 0.000241388945142, 0.000103191669041, 7.81404232839e-05, 2.63926049229e-05, 4.99528459841e-06], "min": [4.68547279426e-23, 1.89060865791e-23, 3.83830181528e-23, 1.08123310931e-23, 8.51521073556e-23, 1.51453278976e-23, 6.59278005982e-23, 5.39114295277e-23, 4.5773792865e-23, 7.5089429203e-23, 2.53872778463e-23, 8.35127975965e-23, 8.96848137646e-23, 1.09329318327e-22, 8.15175348644e-23, 1.68380883472e-22, 2.99898258977e-22, 1.68829890477e-22, 2.67527395908e-22, 2.29871063799e-22, 2.90910823482e-22, 6.16855754937e-22, 6.32541338959e-22, 9.98058537402e-22, 1.49930918792e-21, 1.39074294422e-21, 2.59376779012e-21], "dvar": [3.50127464799e-07, 0.000171798528754, 1.44963996718e-05, 2.96430539493e-06, 2.52284407907e-05, 4.77907042296e-06, 2.8201582154e-06, 1.61116770414e-06, 1.21337905057e-06, 8.24536869004e-07, 7.628461276e-07, 7.44395435959e-07, 3.34183027917e-07, 2.6667399311e-07, 1.11580753526e-07, 1.39235851293e-07, 2.47932774755e-07, 2.83887089836e-07, 1.48099331909e-07, 3.93243567487e-07, 7.91959422486e-08, 5.06155082292e-08, 6.88897259238e-08, 1.92442598745e-07, 5.09436262064e-08, 3.98791799583e-09, 7.20117909747e-10], "mean": [0.000668687978759, 0.011751556769, 0.00425252551213, 0.00203486275859, 0.00310004223138, 0.00145114178304, 0.000864784873556, 0.000897777092177, 0.000704703328665, 0.000557904946618, 0.000412046298152, 0.000442358897999, 0.000359847559594, 0.000408623047406, 0.000245555303991, 0.000519578810781, 0.000929556961637, 0.00118129502516, 0.00105965766124, 0.00208312529139, 0.000527315540239, 0.000334751646733, 0.000331258663209, 0.000275216385489, 0.00015519138833, 5.01788381371e-05, 1.36097651193e-05]}, "spectral_kurtosis": {"max": 53.1481246948, "dmean": 0.904086709023, "dvar2": 3.27183628082, "dmean2": 1.50291514397, "var": 6.36378717422, "median": 3.24014043808, "min": -1.23077964783, "dvar": 1.2508854866, "mean": 3.44182491302}, "erbbands_skewness": {"max": 11.4066467285, "dmean": 0.368673205376, "dvar2": 0.316469997168, "dmean2": 0.584282875061, "var": 0.984023630619, "median": -1.00709700584, "min": -2.91754889488, "dvar": 0.132176563144, "mean": -0.969069302082}, "melbands": {"max": [0.0243179891258, 0.028565634042, 0.00803704466671, 0.0131112169474, 0.00419456744567, 0.00590408453718, 0.00362733262591, 0.00438708113506, 0.0037844653707, 0.00296250684187, 0.00177687010728, 0.00288011133671, 0.00262702419423, 0.00168400164694, 0.00135802151635, 0.00112819659989, 0.000866930873599, 0.000894105061889, 0.000596256635617, 0.000572877528612, 0.000548185082152, 0.000435600435594, 0.000615260913037, 0.000369115616195, 0.000366298248991, 0.000237657921389, 0.000236526277149, 0.000312421383569, 0.000221443231567, 0.000126100683701, 7.09509258741e-05, 6.07442198088e-05, 4.94059568155e-05, 7.5735966675e-05, 8.06526804809e-05, 9.20976599446e-05, 0.00010810058302, 6.52686940157e-05, 5.76418278797e-05, 4.53524735349e-05], "dmean": [0.00218257540837, 0.00202867668122, 0.000696013506968, 0.000666292733513, 0.000233994811424, 0.0002365566761, 0.000168929647771, 0.000159326416906, 0.000121027580462, 6.84440456098e-05, 4.55746339867e-05, 6.03513217357e-05, 4.38080533058e-05, 4.18079616793e-05, 2.98968698189e-05, 2.70665696007e-05, 2.44801049121e-05, 1.73664047907e-05, 1.06208335637e-05, 1.59809551405e-05, 1.90650025615e-05, 2.61962395598e-05, 2.63506262854e-05, 2.52528952842e-05, 2.09762474697e-05, 1.47259979713e-05, 2.42004934989e-05, 2.44429829763e-05, 1.33228168124e-05, 5.24629695065e-06, 3.62730179404e-06, 3.79503330805e-06, 3.38237055075e-06, 3.12889596898e-06, 2.63650122179e-06, 2.78441825685e-06, 2.70143459602e-06, 1.72498198481e-06, 1.41076600357e-06, 1.0297726476e-06], "dvar2": [3.20358194585e-05, 2.46928939305e-05, 1.99342025553e-06, 5.14852263223e-06, 2.84968393771e-07, 6.21062213213e-07, 3.1163250469e-07, 2.14226915318e-07, 1.35177728566e-07, 6.23237355057e-08, 2.37484574228e-08, 4.86917954845e-08, 3.06964800245e-08, 2.81054663986e-08, 1.39782283526e-08, 9.59266355238e-09, 7.05710823112e-09, 2.91870838609e-09, 1.67430525e-09, 1.69888603185e-09, 1.77621806152e-09, 2.58796672981e-09, 2.58604959669e-09, 2.03096028883e-09, 1.24887589159e-09, 6.21885987151e-10, 1.49085177537e-09, 1.54476842429e-09, 4.93283580649e-10, 1.48575388104e-10, 8.27754254029e-11, 7.36839339543e-11, 5.46822274961e-11, 4.24579399416e-11, 4.89113749502e-11, 9.28801272004e-11, 1.05032947617e-10, 4.31697455561e-11, 3.18311557668e-11, 1.730956177e-11], "dmean2": [0.00358038325794, 0.00351763167419, 0.00117886951193, 0.00118949706666, 0.000397507596062, 0.000409436121117, 0.000301099469652, 0.000273135403404, 0.000194980224478, 0.000112122012069, 7.24687342881e-05, 9.46930231294e-05, 7.04135090928e-05, 6.77044808981e-05, 4.82496980112e-05, 4.43007811555e-05, 3.99595264753e-05, 2.85676378553e-05, 1.74325014086e-05, 2.65261041932e-05, 3.1704432331e-05, 4.43380922661e-05, 4.41354604845e-05, 4.26791011705e-05, 3.58668839908e-05, 2.51121255133e-05, 4.14583591919e-05, 4.18372255808e-05, 2.27930013352e-05, 8.97889094631e-06, 6.30014892522e-06, 6.50212086839e-06, 5.73489751332e-06, 5.17987609783e-06, 4.21793720307e-06, 4.32797196481e-06, 4.10605844081e-06, 2.57257943304e-06, 2.14815872823e-06, 1.58311456744e-06], "var": [1.49054876601e-05, 8.23630398372e-06, 8.98052405773e-07, 1.25568476506e-06, 1.31605062847e-07, 1.9398045481e-07, 8.35479170291e-08, 8.77541239674e-08, 1.01241546702e-07, 4.27440021156e-08, 1.88257622824e-08, 3.59237191105e-08, 1.6872998998e-08, 1.44515484024e-08, 7.45385619894e-09, 5.55090151622e-09, 4.36420188876e-09, 1.85356197058e-09, 9.0874185954e-10, 1.0429344055e-09, 1.21640220119e-09, 1.47828849162e-09, 1.74884373649e-09, 1.36383637717e-09, 8.05416011662e-10, 3.67306851601e-10, 9.21564435874e-10, 1.12163944799e-09, 3.69251795806e-10, 5.53226596478e-11, 2.87107872199e-11, 3.20924502251e-11, 2.63107279019e-11, 2.69893152965e-11, 3.52606381593e-11, 7.93851998027e-11, 9.11990205577e-11, 3.77331048351e-11, 2.38875707409e-11, 1.1717073492e-11], "median": [0.00179024133831, 0.00235648686066, 0.000906249741092, 0.000435081950855, 0.000246241514105, 0.000137801718665, 8.47977789817e-05, 6.82097161189e-05, 3.31657247443e-05, 2.46752788371e-05, 1.4535151422e-05, 1.08394524432e-05, 8.26793984743e-06, 9.07680259843e-06, 1.14334397949e-05, 1.08954282041e-05, 1.88534158951e-05, 1.80809911399e-05, 9.41354483075e-06, 2.22998023673e-05, 3.13003984047e-05, 4.65353077743e-05, 4.70450358989e-05, 4.98408844578e-05, 4.55235458503e-05, 3.33852585754e-05, 5.70312622585e-05, 6.24687090749e-05, 3.10722643917e-05, 8.94930053619e-06, 5.18718388776e-06, 5.41633380635e-06, 5.11744610776e-06, 5.51180619368e-06, 3.59562750418e-06, 1.89125933048e-06, 1.49973129737e-06, 1.06392337784e-06, 8.98750954548e-07, 7.33675165066e-07], "min": [5.4987517844e-24, 1.60803410627e-23, 1.23492751056e-23, 1.78203741598e-23, 8.75696820402e-24, 2.15903775023e-24, 1.43887771573e-23, 6.06740690109e-24, 1.16667984043e-23, 8.58185922686e-24, 1.32783860134e-23, 4.22518910103e-24, 5.45195971095e-24, 8.67597901032e-24, 4.48411652152e-24, 1.12894736116e-23, 1.17399699865e-23, 7.24266765491e-24, 7.73167700803e-24, 6.60623084823e-24, 1.2263368153e-23, 2.01215508401e-23, 1.31306749644e-23, 8.37697785028e-24, 1.34123314397e-23, 6.69175165339e-24, 5.6146681891e-24, 8.10280372064e-24, 7.6071340149e-24, 8.4552928055e-24, 6.88744122271e-24, 1.38709451933e-23, 1.0464414246e-23, 8.22476871633e-24, 1.21423387464e-23, 1.32340299425e-23, 1.51555026255e-23, 1.12466897404e-23, 8.5884809253e-24, 1.7054145674e-23], "dvar": [1.23198169604e-05, 8.67682319949e-06, 7.15096405202e-07, 1.79048936388e-06, 1.05386916971e-07, 2.29457711498e-07, 1.12470615932e-07, 7.97055932367e-08, 5.62464279596e-08, 2.40674715712e-08, 9.83292913759e-09, 2.0528579725e-08, 1.22489556276e-08, 1.12260112317e-08, 5.47258416361e-09, 3.67746788577e-09, 2.76774891894e-09, 1.18866871901e-09, 6.64136690087e-10, 6.58105570039e-10, 6.92666424218e-10, 9.70540980916e-10, 9.87672055253e-10, 7.56221807396e-10, 4.47211268018e-10, 2.2266795352e-10, 5.18237175395e-10, 5.56542423258e-10, 1.80598619393e-10, 5.35514237121e-11, 2.99090682776e-11, 2.68845553458e-11, 2.02683442946e-11, 1.67566984594e-11, 2.13347048361e-11, 4.50387643847e-11, 5.13972787941e-11, 2.15284613053e-11, 1.52392126695e-11, 8.0044235129e-12], "mean": [0.00319183175452, 0.00307493028231, 0.00116281746887, 0.000745311786886, 0.000351725553628, 0.000270695163636, 0.000176539775566, 0.000185943412362, 0.000169136314071, 9.58160671871e-05, 6.67224885547e-05, 8.36101680761e-05, 5.52711353521e-05, 5.01308022649e-05, 3.9968505007e-05, 3.6495639506e-05, 3.81297541026e-05, 2.94461497106e-05, 1.76944868144e-05, 3.02232383547e-05, 3.9801998355e-05, 5.48392345081e-05, 5.70223237446e-05, 5.72796416236e-05, 4.99079797009e-05, 3.62756582035e-05, 6.09236158198e-05, 6.67608255753e-05, 3.41909544659e-05, 1.05948392957e-05, 6.57227019474e-06, 6.93278525432e-06, 6.39165909888e-06, 6.61790181766e-06, 5.12717679158e-06, 4.39092445959e-06, 4.18707213612e-06, 2.72988245342e-06, 2.21952950596e-06, 1.63142578913e-06]}, "spectral_centroid": {"max": 11073.7314453, "dmean": 300.880096436, "dvar2": 260269.765625, "dmean2": 498.359344482, "var": 233327.65625, "median": 2646.8840332, "min": 86.8171539307, "dvar": 99839.90625, "mean": 2606.28271484}, "pitch_salience": {"max": 0.948230266571, "dmean": 0.0871121808887, "dvar2": 0.0162083357573, "dmean2": 0.14142909646, "var": 0.0138887446374, "median": 0.597627520561, "min": 0.0370709598064, "dvar": 0.00642404332757, "mean": 0.581425309181}, "gfcc": {"icov": [[0.000223139271839, -0.000323719839798, 0.000159312068718, -0.000198861875106, 0.000613598909695, -0.000791735656094, 0.000960365636274, -0.000682727084495, 0.000106117899122, -0.000132210334414, 0.000399177690269, -0.000975830364041, 0.000739289273042], [-0.000323719839798, 0.00329988193698, 0.000866335583851, -0.00136469490826, -2.22656876758e-06, 0.00259390263818, -0.00440336018801, 0.00234610470943, 0.000290401367238, -0.000224073068239, -0.00038758883602, 0.00132343964651, -0.000590133131482], [0.000159312068718, 0.000866335583851, 0.00325018097647, -0.000443187687779, -0.00129245698918, -0.000961780722719, 0.00103204965126, -0.00107010186184, -0.00135511509143, 0.0020620257128, -0.000564486312214, -0.00147259165533, 0.000554518017452], [-0.000198861875106, -0.00136469490826, -0.000443187687779, 0.0058943266049, -0.00409412104636, 0.000411695422372, 0.00316530186683, -0.00164852989838, 0.00110200291965, -0.000870300864335, -0.000591623713262, 0.00364044564776, -0.00375094823539], [0.000613598909695, -2.22656876758e-06, -0.00129245698918, -0.00409412104636, 0.0126489251852, -0.00430061714724, -0.00239507900551, 0.00466767698526, -0.000758772483096, -0.00528534967452, 0.00112251844257, -0.000159102113685, 0.00143256527372], [-0.000791735656094, 0.00259390263818, -0.000961780722719, 0.000411695422372, -0.00430061714724, 0.0169208869338, -0.00728034693748, -0.00336480233818, 0.00540436385199, -0.000521736568771, -0.00731763895601, 0.0037459647283, 0.000701984448824], [0.000960365636274, -0.00440336018801, 0.00103204965126, 0.00316530186683, -0.00239507900551, -0.00728034693748, 0.0183751620352, -0.00760732917115, -0.00455609476194, 0.00707088084891, 0.00490672886372, -0.0100173112005, 0.00267404341139], [-0.000682727084495, 0.00234610470943, -0.00107010186184, -0.00164852989838, 0.00466767698526, -0.00336480233818, -0.00760732917115, 0.0191135928035, -0.00649040052667, -0.00255446764641, 0.00627615489066, 0.00165076868143, -0.00460442248732], [0.000106117899122, 0.000290401367238, -0.00135511509143, 0.00110200291965, -0.000758772483096, 0.00540436385199, -0.00455609476194, -0.00649040052667, 0.0243650041521, -0.0101431990042, -0.00464522093534, 0.0090686455369, -0.0033838886302], [-0.000132210334414, -0.000224073068239, 0.0020620257128, -0.000870300864335, -0.00528534967452, -0.000521736568771, 0.00707088084891, -0.00255446764641, -0.0101431990042, 0.0248517300934, -0.00677325157449, -0.00866812095046, 0.00903348252177], [0.000399177690269, -0.00038758883602, -0.000564486312214, -0.000591623713262, 0.00112251844257, -0.00731763895601, 0.00490672886372, 0.00627615489066, -0.00464522093534, -0.00677325157449, 0.0261302497238, -0.00975502561778, -0.00272081024013], [-0.000975830364041, 0.00132343964651, -0.00147259165533, 0.00364044564776, -0.000159102113685, 0.0037459647283, -0.0100173112005, 0.00165076868143, 0.0090686455369, -0.00866812095046, -0.00975502561778, 0.0316709168255, -0.0145986862481], [0.000739289273042, -0.000590133131482, 0.000554518017452, -0.00375094823539, 0.00143256527372, 0.000701984448824, 0.00267404341139, -0.00460442248732, -0.0033838886302, 0.00903348252177, -0.00272081024013, -0.0145986862481, 0.0303741805255]], "cov": [[12879.3847656, 613.785583496, -873.458374023, 119.729911804, -733.051940918, 192.910202026, -331.341583252, 363.075744629, -190.30809021, 136.082138062, -98.3569107056, 158.520965576, -150.789764404], [613.785583496, 689.786682129, -290.724365234, 61.9862365723, -49.3503952026, -82.1340484619, 109.164115906, -26.8795642853, -23.9037208557, -37.1898880005, -53.5785751343, -3.12420034409, 4.06201410294], [-873.458374023, -290.724365234, 531.739990234, 49.9454116821, 126.980262756, 64.9196014404, -23.8859844208, 11.0191507339, 37.1488342285, 10.5862646103, 48.3475799561, 3.21789360046, 15.2228879929], [119.729911804, 61.9862365723, 49.9454116821, 389.22756958, 137.374084473, -16.2062282562, -131.323684692, -51.3433647156, 6.34703969955, 65.6523742676, 36.0903091431, -48.3189926147, 4.309217453], [-733.051940918, -49.3503952026, 126.980262756, 137.374084473, 219.578765869, 28.2471828461, -25.8948154449, -59.8605003357, 21.8510932922, 55.5278549194, 45.6336212158, -16.7015666962, -4.29356765747], [192.910202026, -82.1340484619, 64.9196014404, -16.2062282562, 28.2471828461, 123.831794739, 40.0269622803, 40.4349365234, -4.18155622482, 7.21415328979, 20.8696632385, 18.578453064, -2.87869381905], [-331.341583252, 109.164115906, -23.8859844208, -131.323684692, -25.8948154449, 40.0269622803, 221.085968018, 74.2529144287, 9.86112785339, -66.4189910889, -44.0405654907, 35.2072372437, 20.3214931488], [363.075744629, -26.8795642853, 11.0191507339, -51.3433647156, -59.8605003357, 40.4349365234, 74.2529144287, 133.785766602, 22.1689834595, -20.2065944672, -34.3395195007, 12.9295110703, 11.3490724564], [-190.30809021, -23.9037208557, 37.1488342285, 6.34703969955, 21.8510932922, -4.18155622482, 9.86112785339, 22.1689834595, 70.6866149902, 27.497587204, 10.2993612289, -10.1067867279, 1.59365820885], [136.082138062, -37.1898880005, 10.5862646103, 65.6523742676, 55.5278549194, 7.21415328979, -66.4189910889, -20.2065944672, 27.497587204, 103.185806274, 48.0276184082, 5.60273170471, -16.7516784668], [-98.3569107056, -53.5785751343, 48.3475799561, 36.0903091431, 45.6336212158, 20.8696632385, -44.0405654907, -34.3395195007, 10.2993612289, 48.0276184082, 84.2551574707, 21.7667255402, 5.83691501617], [158.520965576, -3.12420034409, 3.21789360046, -48.3189926147, -16.7015666962, 18.578453064, 35.2072372437, 12.9295110703, -10.1067867279, 5.60273170471, 21.7667255402, 72.2883300781, 23.1754055023], [-150.789764404, 4.06201410294, 15.2228879929, 4.309217453, -4.29356765747, -2.87869381905, 20.3214931488, 11.3490724564, 1.59365820885, -16.7516784668, 5.83691501617, 23.1754055023, 53.9475975037]], "mean": [41.4686164856, 56.7294120789, -107.179122925, 71.2573165894, -44.0744171143, 2.81746983528, -32.5380516052, 14.4012498856, -23.7358551025, 4.93838071823, -11.5420818329, -1.6101102829, -13.9368667603]}, "spectral_flux": {"max": 0.277177870274, "dmean": 0.0273540839553, "dvar2": 0.0018531200476, "dmean2": 0.0437435396016, "var": 0.00203246553428, "median": 0.100810348988, "min": 1.03950334451e-10, "dvar": 0.000883219589014, "mean": 0.109011985362}, "zerocrossingrate": {"max": 0.87548828125, "dmean": 0.0125550609082, "dvar2": 0.000256030354649, "dmean2": 0.0155610777438, "var": 0.00497992057353, "median": 0.0849609375, "min": 0.00244140625, "dvar": 0.00018757005455, "mean": 0.0944655686617}, "spectral_energyband_middle_low": {"max": 0.0701693072915, "dmean": 0.00526266731322, "dvar2": 0.000198060602997, "dmean2": 0.0091493120417, "var": 6.44723913865e-05, "median": 0.00724321324378, "min": 3.30579495584e-22, "dvar": 7.07513463567e-05, "mean": 0.00916855037212}, "silence_rate_20dB": {"max": 1, "dmean": 0, "dvar2": 0, "dmean2": 0, "var": 0, "median": 1, "min": 1, "dvar": 0, "mean": 1}, "silence_rate_30dB": {"max": 1, "dmean": 0, "dvar2": 0, "dmean2": 0, "var": 0, "median": 1, "min": 1, "dvar": 0, "mean": 1}, "spectral_entropy": {"max": 9.78888034821, "dmean": 0.0861441940069, "dvar2": 0.0150115890428, "dmean2": 0.136547476053, "var": 0.0988848060369, "median": 7.92055940628, "min": 4.01681041718, "dvar": 0.0071432297118, "mean": 7.91290235519}, "spectral_rolloff": {"max": 21167.1386719, "dmean": 973.419677734, "dvar2": 3097826.75, "dmean2": 1652.98730469, "var": 5561959.5, "median": 3014.6484375, "min": 64.599609375, "dvar": 1295931.5, "mean": 3083.2668457}, "spectral_complexity": {"max": 59, "dmean": 4.1667599678, "dvar2": 30.7461357117, "dmean2": 6.71284484863, "var": 91.3214950562, "median": 39, "min": 0, "dvar": 12.3975095749, "mean": 37.4118118286}, "spectral_spread": {"max": 41640540, "dmean": 405252.59375, "dvar2": 648380874752