{"lowlevel": {"spectral_strongpeak": {"max": 106.667694092, "dmean": 3.55087995529, "dvar2": 246.470504761, "dmean2": 6.52362298965, "var": 63.5320205688, "median": 1.46372175217, "min": 0, "dvar": 87.6980133057, "mean": 3.38439655304}, "barkbands_flatness_db": {"max": 0.409898132086, "dmean": 0.0144412843511, "dvar2": 0.000428498780821, "dmean2": 0.022992502898, "var": 0.00103927846067, "median": 0.102621786296, "min": 0.0311816073954, "dvar": 0.000172733693034, "mean": 0.106938228011}, "barkbands_skewness": {"max": 28.3302650452, "dmean": 0.28853520751, "dvar2": 0.39994931221, "dmean2": 0.459774285555, "var": 1.42714595795, "median": 0.535546481609, "min": -3.24695467949, "dvar": 0.170947596431, "mean": 0.733963668346}, "spectral_energyband_middle_high": {"max": 0.0777389034629, "dmean": 0.00298976991326, "dvar2": 3.11608600896e-05, "dmean2": 0.00484020682052, "var": 9.41644902923e-05, "median": 0.0132768386975, "min": 1.14833449512e-21, "dvar": 1.2001797586e-05, "mean": 0.0141983740032}, "erbbands_kurtosis": {"max": 211.495773315, "dmean": 1.30801308155, "dvar2": 28.9843902588, "dmean2": 2.1438472271, "var": 24.1705341339, "median": 1.57007312775, "min": -1.80224013329, "dvar": 9.77996635437, "mean": 2.34048366547}, "erbbands_crest": {"max": 31.2570648193, "dmean": 2.33521223068, "dvar2": 11.8431806564, "dmean2": 3.86373496056, "var": 20.2316131592, "median": 8.61852073669, "min": 2.52767753601, "dvar": 4.63204479218, "mean": 9.787068367}, "dynamic_complexity": 3.91847920418, "barkbands_crest": {"max": 26.8102035522, "dmean": 1.87659597397, "dvar2": 9.11605072021, "dmean2": 3.11896729469, "var": 15.9289855957, "median": 6.33632802963, "min": 2.36842751503, "dvar": 3.48235654831, "mean": 7.56717777252}, "dissonance": {"max": 0.500000238419, "dmean": 0.0097558805719, "dvar2": 0.000412997469539, "dmean2": 0.0170318335295, "var": 0.000240529756411, "median": 0.491993457079, "min": 0.189837053418, "dvar": 0.000148718769196, "mean": 0.486894488335}, "spectral_energyband_low": {"max": 0.0789152234793, "dmean": 0.00160364981275, "dvar2": 2.1640345949e-05, "dmean2": 0.0025588918943, "var": 1.23612217067e-05, "median": 0.00126363779418, "min": 1.15771049194e-23, "dvar": 8.8976967163e-06, "mean": 0.00239853630774}, "spectral_contrast_coeffs": {"max": [-0.312475860119, -0.512285888195, -0.536858141422, -0.584855914116, -0.652663111687, -0.408579945564], "dmean": [0.0543105416, 0.044312376529, 0.0369595848024, 0.0290673766285, 0.0197854693979, 0.0399087704718], "dvar2": [0.00500750122592, 0.00344773451798, 0.00241280300543, 0.00147802999709, 0.000680879049469, 0.00313890865073], "dmean2": [0.0920252725482, 0.0754939392209, 0.0621843747795, 0.048907443881, 0.0335091948509, 0.0632819384336], "var": [0.00510555971414, 0.00305331428535, 0.00326989614405, 0.00240553170443, 0.00176747131627, 0.00767695344985], "median": [-0.692447602749, -0.808349370956, -0.787477731705, -0.786991357803, -0.778232693672, -0.710944592953], "min": [-0.99803674221, -0.989847540855, -0.981874406338, -0.97376459837, -0.969690799713, -0.964580714703], "dvar": [0.00177113385871, 0.00120236980729, 0.000845558592118, 0.000520136731211, 0.000236589083215, 0.00120999035425], "mean": [-0.689289987087, -0.803337395191, -0.786519110203, -0.78733420372, -0.782407879829, -0.713754951954]}, "silence_rate_60dB": {"max": 1, "dmean": 0.00295119173825, "dvar2": 0.00677837105468, "dmean2": 0.00590255111456, "var": 0.0931960195303, "median": 0, "min": 0, "dvar": 0.00294144917279, "mean": 0.104026563466}, "mfcc": {"icov": [[0.000254669925198, -0.000107528147055, 0.000515829189681, -0.000192478633835, 0.000277508370345, -0.000254029058851, -0.000158196548, 4.41281044914e-05, 1.53305416006e-06, -0.000240081324591, 0.000289558636723, -0.000685392238665, 0.000419525633333], [-0.000107528147055, 0.00152075767983, 0.000611279683653, 0.000138523770147, -0.000859602936544, -9.30610040086e-05, -0.000551831850316, 0.000211217222386, -0.000420567812398, 0.00016091465659, -0.000199463873287, 0.000723652774468, -0.00104343949351], [0.000515829189681, 0.000611279683653, 0.00312421261333, -0.00109319807962, -0.00122454552911, 0.00154581991956, -0.00184252404142, 0.000612920790445, 0.000861470005475, -0.00146770221181, 0.00229620537721, -0.00226116576232, 0.00113223970402], [-0.000192478633835, 0.000138523770147, -0.00109319807962, 0.00495081627741, 0.000740252551623, -0.00221326923929, 0.002235194901, -0.00140553689562, 0.00142255611718, 0.00052498182049, -0.000475603330415, 0.00153362902347, -0.00213674781844], [0.000277508370345, -0.000859602936544, -0.00122454552911, 0.000740252551623, 0.00865892414004, -0.0034368855413, -0.0021308795549, 0.00418890733272, -0.0038117421791, 0.00304975965992, -0.00195982237346, 2.29131674132e-05, 0.00285737356171], [-0.000254029058851, -9.30610040086e-05, 0.00154581991956, -0.00221326923929, -0.0034368855413, 0.0141116129234, -0.00271946750581, -0.0040681194514, 0.00652991700917, -0.00727690383792, 0.00260174577124, -0.000748526246753, 0.000217865745071], [-0.000158196548, -0.000551831850316, -0.00184252404142, 0.002235194901, -0.0021308795549, -0.00271946750581, 0.0166824869812, -0.00368486763909, -0.00381603837013, 0.00546621717513, -0.00279799057171, 0.00219865562394, -0.00492293341085], [4.41281044914e-05, 0.000211217222386, 0.000612920790445, -0.00140553689562, 0.00418890733272, -0.0040681194514, -0.00368486763909, 0.0182815007865, -0.00950656551868, -0.000220898349653, 0.00547713879496, -0.00550613086671, 0.00493903458118], [1.53305416006e-06, -0.000420567812398, 0.000861470005475, 0.00142255611718, -0.0038117421791, 0.00652991700917, -0.00381603837013, -0.00950656551868, 0.0259066000581, -0.00906682480127, -0.00645345682278, 0.00842988304794, -0.00455728592351], [-0.000240081324591, 0.00016091465659, -0.00146770221181, 0.00052498182049, 0.00304975965992, -0.00727690383792, 0.00546621717513, -0.000220898349653, -0.00906682480127, 0.0253406688571, -0.0088126314804, -0.0021778580267, 0.00379432644695], [0.000289558636723, -0.000199463873287, 0.00229620537721, -0.000475603330415, -0.00195982237346, 0.00260174577124, -0.00279799057171, 0.00547713879496, -0.00645345682278, -0.0088126314804, 0.0303531438112, -0.0119359772652, -0.000529680168256], [-0.000685392238665, 0.000723652774468, -0.00226116576232, 0.00153362902347, 2.29131674132e-05, -0.000748526246753, 0.00219865562394, -0.00550613086671, 0.00842988304794, -0.0021778580267, -0.0119359772652, 0.0305684041232, -0.016687553376], [0.000419525633333, -0.00104343949351, 0.00113223970402, -0.00213674781844, 0.00285737356171, 0.000217865745071, -0.00492293341085, 0.00493903458118, -0.00455728592351, 0.00379432644695, -0.000529680168256, -0.016687553376, 0.0322278961539]], "cov": [[12193.6435547, 1334.07849121, -2740.79443359, 351.046325684, -762.737487793, 611.569152832, -199.625808716, 369.760681152, 0.0270138587803, 292.964294434, 82.3771209717, 198.230743408, 49.8679542542], [1334.07849121, 1071.42895508, -509.507385254, -89.1730575562, 56.7766456604, 68.1149597168, 57.2633132935, 19.8290214539, 72.2895965576, 15.3166942596, 47.7561531067, -9.26050567627, 33.9339141846], [-2740.79443359, -509.507385254, 1085.08007812, 9.64793968201, 194.206344604, -148.857879639, 57.6955909729, -96.4098434448, -38.4068832397, -67.9967346191, -45.9692802429, -16.8545837402, -17.8320121765], [351.046325684, -89.1730575562, 9.64793968201, 299.847290039, -77.459022522, 65.127784729, -50.4253768921, 30.1658916473, -46.5238380432, 14.183300972, -20.3059577942, 15.2914209366, 5.52148914337], [-762.737487793, 56.7766456604, 194.206344604, -77.459022522, 239.768722534, -24.5479850769, 60.270149231, -53.9559440613, 27.9989948273, -30.9487838745, 11.3729295731, -25.567943573, -9.25736045837], [611.569152832, 68.1149597168, -148.857879639, 65.127784729, -24.5479850769, 140.029693604, -6.0178565979, 41.0256156921, -15.2502412796, 35.500087738, -1.89256465435, 14.5238456726, -1.03145444393], [-199.625808716, 57.2633132935, 57.6955909729, -50.4253768921, 60.270149231, -6.0178565979, 98.9791183472, 6.43488454819, 29.127035141, -16.593744278, 9.43717384338, -4.17788267136, 11.9769515991], [369.760681152, 19.8290214539, -96.4098434448, 30.1658916473, -53.9559440613, 41.0256156921, 6.43488454819, 100.071716309, 24.8294715881, 23.5260391235, -4.46854257584, 9.09024429321, -3.25637435913], [0.0270138587803, 72.2895965576, -38.4068832397, -46.5238380432, 27.9989948273, -15.2502412796, 29.127035141, 24.8294715881, 81.9035873413, 20.4647293091, 23.1378250122, -10.7772083282, 2.84191465378], [292.964294434, 15.3166942596, -67.9967346191, 14.183300972, -30.9487838745, 35.500087738, -16.593744278, 23.5260391235, 20.4647293091, 72.3423614502, 22.8828830719, 14.4852027893, -1.37150657177], [82.3771209717, 47.7561531067, -45.9692802429, -20.3059577942, 11.3729295731, -1.89256465435, 9.43717384338, -4.46854257584, 23.1378250122, 22.8828830719, 59.4311943054, 23.8707485199, 15.7881793976], [198.230743408, -9.26050567627, -16.8545837402, 15.2914209366, -25.567943573, 14.5238456726, -4.17788267136, 9.09024429321, -10.7772083282, 14.4852027893, 23.8707485199, 68.0740814209, 31.2746887207], [49.8679542542, 33.9339141846, -17.8320121765, 5.52148914337, -9.25736045837, -1.03145444393, 11.9769515991, -3.25637435913, 2.84191465378, -1.37150657177, 15.7881793976, 31.2746887207, 52.6442298889]], "mean": [-671.154296875, 138.324157715, -66.9527359009, 24.9484062195, 4.82544851303, 24.6187458038, 2.96937012672, 11.0129308701, -3.54258656502, -1.20352220535, -8.25328922272, -6.18902206421, -7.43063163757]}, "melbands_spread": {"max": 244.66583252, "dmean": 7.31752824783, "dvar2": 112.843772888, "dmean2": 11.859375, "var": 381.431213379, "median": 41.8545608521, "min": 0.273853033781, "dvar": 44.0916252136, "mean": 42.0762519836}, "barkbands_kurtosis": {"max": 932.776733398, "dmean": 1.4361102581, "dvar2": 196.644592285, "dmean2": 2.28964424133, "var": 324.965240479, "median": 0.177185535431, "min": -1.89333570004, "dvar": 75.1951446533, "mean": 2.09997725487}, "spectral_energyband_high": {"max": 0.0274757109582, "dmean": 0.000461362098577, "dvar2": 1.17792876608e-06, "dmean2": 0.000739678915124, "var": 7.69637881604e-06, "median": 0.00154272583313, "min": 6.88666634042e-21, "dvar": 4.73466002404e-07, "mean": 0.00240049674176}, "hfc": {"max": 1150.20007324, "dmean": 33.8807144165, "dvar2": 4534.92138672, "dmean2": 54.8065948486, "var": 16230.2607422, "median": 162.797866821, "min": 1.04816495722e-16, "dvar": 1711.70129395, "mean": 178.33581543}, "spectral_skewness": {"max": 6.40857601166, "dmean": 0.254966139793, "dvar2": 0.117237120867, "dmean2": 0.384326964617, "var": 0.719230175018, "median": 3.54504466057, "min": -0.0997368022799, "dvar": 0.0515133030713, "mean": 3.48720240593}, "erbbands": {"max": [1.14319431782, 10.7222013474, 21.1713409424, 118.058418274, 76.6998901367, 127.912513733, 144.318344116, 205.929763794, 402.978607178, 388.728942871, 430.55682373, 257.244842529, 887.420776367, 1393.95849609, 1266.14562988, 2071.49755859, 1221.51342773, 2744.5925293, 2470.47827148, 669.035888672, 576.63659668, 862.181640625, 907.517578125, 682.033752441, 323.837036133, 271.56463623, 173.287521362, 108.040306091, 89.9733505249, 75.5603408813, 95.7737731934, 39.3353233337, 5.77482652664, 0.431390970945, 0.278244674206, 0.952697515488, 6.74817991257, 4.43215274811, 2.98016524315, 0.522615551949], "dmean": [0.0412623882294, 0.242839396, 0.474712640047, 1.38754165173, 1.69129180908, 2.83896684647, 3.01388883591, 2.07461619377, 2.16486620903, 2.02779054642, 3.35042142868, 3.94942927361, 23.395860672, 26.7395687103, 20.759885788, 30.2935161591, 30.7458496094, 56.2645568848, 66.6221160889, 24.5221805573, 17.4657611847, 24.1031703949, 18.0520191193, 8.98087978363, 4.95448541641, 4.0072259903, 2.78346800804, 1.24414181709, 0.812153935432, 0.558301746845, 0.300645142794, 0.150273680687, 0.0411481782794, 0.0166451521218, 0.0108027914539, 0.0106775853783, 0.0372601486742, 0.0371722429991, 0.0311348512769, 0.0149231944233], "dvar2": [0.0147200450301, 0.702825188637, 1.84843015671, 38.5085601807, 21.6471805573, 42.4686775208, 47.4283447266, 44.1450805664, 146.91343689, 112.987770081, 273.978179932, 161.307449341, 4311.78369141, 3964.27685547, 2790.68432617, 8528.46386719, 6051.51416016, 21213.7226562, 24523.5917969, 2448.33837891, 1924.79943848, 3179.64379883, 2063.90234375, 807.352783203, 268.224700928, 164.04826355, 92.005355835, 18.9265499115, 8.74725246429, 5.07487201691, 2.36295580864, 0.518254816532, 0.0224417075515, 0.00181256630458, 0.000748044170905, 0.00132859079167, 0.0339840129018, 0.0211297236383, 0.00936873722821, 0.000987364212051], "dmean2": [0.0684804394841, 0.411289304495, 0.791150987148, 2.45546007156, 2.9065425396, 4.83739757538, 5.12395238876, 3.54966807365, 3.51786017418, 3.29593539238, 5.57070922852, 6.434923172, 39.6496582031, 43.7631378174, 34.7097091675, 51.6522407532, 52.7030639648, 92.0067901611, 108.159858704, 41.3136634827, 29.6161212921, 40.646900177, 30.6646003723, 15.0950508118, 8.25033569336, 6.63983535767, 4.55170249939, 1.9742680788, 1.25428938866, 0.848150134087, 0.451463341713, 0.229165747762, 0.0657160878181, 0.0275610741228, 0.0178591422737, 0.0169613026083, 0.0557500422001, 0.0550219863653, 0.0489401966333, 0.0241828318685], "var": [0.00646130088717, 0.245442152023, 0.869690716267, 10.8247108459, 13.243103981, 29.410320282, 34.9285011292, 30.8580875397, 123.157745361, 106.385017395, 232.79107666, 157.704421997, 4742.109375, 7751.11376953, 2752.40844727, 7306.28320312, 5175.79589844, 22284.5488281, 26799.9140625, 2537.49951172, 2366.91088867, 3957.62524414, 2679.0168457, 1148.51464844, 473.313690186, 311.809753418, 184.66746521, 47.5378417969, 19.871591568, 9.28573894501, 3.09824514389, 0.727426171303, 0.0220269076526, 0.000843794783577, 0.000350239832187, 0.0013474865118, 0.0602559447289, 0.0770295709372, 0.0535442642868, 0.00436047278345], "median": [0.018951183185, 0.127635613084, 0.313415765762, 0.560316383839, 1.21919631958, 2.56272482872, 2.98595952988, 1.85478556156, 1.42672872543, 1.64953231812, 2.48177027702, 4.39163684845, 21.6980552673, 37.8357276917, 31.1088619232, 36.8891906738, 46.9267845154, 81.8223800659, 109.247093201, 53.4168510437, 31.4102325439, 45.7688407898, 29.998134613, 12.8366422653, 7.15059757233, 5.91476678848, 3.45832514763, 1.44768321514, 0.800737261772, 0.435091525316, 0.194015756249, 0.069447055459, 0.0168257392943, 0.00826727226377, 0.00552063342184, 0.00588724715635, 0.0195512343198, 0.0432094298303, 0.0752533301711, 0.0619911327958], "min": [4.64337381211e-23, 1.82830316144e-22, 8.13205329461e-22, 3.41213295148e-21, 9.24413835633e-21, 1.5948273239e-20, 1.89766751656e-20, 3.5573034721e-20, 8.17158802444e-20, 1.38765816234e-19, 1.80234086401e-19, 1.85716561953e-19, 3.87004437046e-19, 5.84837941277e-19, 8.46157479973e-19, 7.51971386706e-19, 1.34136404293e-18, 1.54097440866e-18, 1.4953887953e-18, 2.90465712869e-18, 2.75079305615e-18, 2.80904311489e-18, 4.99414472091e-18, 5.45340118726e-18, 6.81514189401e-18, 6.68324298225e-18, 7.60135886826e-18, 1.03111645047e-17, 8.03838981874e-18, 1.02789367208e-17, 1.10331691023e-17, 1.07401246539e-17, 7.88927479689e-18, 7.37831706071e-18, 5.98361982401e-18, 3.805011379e-18, 2.01034171044e-18, 8.86424942385e-19, 2.16768379311e-19, 2.71117428429e-20], "dvar": [0.00563755538315, 0.255853533745, 0.702193140984, 13.7899866104, 7.95108795166, 15.8614854813, 18.0710391998, 16.4702529907, 65.4591751099, 53.807849884, 119.737312317, 66.900642395, 1560.91711426, 1563.56884766, 1074.24182129, 3106.58496094, 2129.17822266, 8379.17089844, 9627.59179688, 887.438232422, 670.508789062, 1138.0736084, 722.035095215, 291.998931885, 97.3913421631, 60.1546058655, 34.4509658813, 7.47097206116, 3.60286664963, 2.25892186165, 1.04084181786, 0.255898118019, 0.0101519413292, 0.000716053473298, 0.000295880803606, 0.000583716901019, 0.0159322302788, 0.00992495939136, 0.00376030732878, 0.000369047105778], "mean": [0.0485520996153, 0.283835679293, 0.621169924736, 1.40396916866, 2.37503933907, 4.10623788834, 4.57911872864, 3.2201693058, 3.39747214317, 3.2622127533, 5.38997125626, 7.86726236343, 44.6981468201, 61.359588623, 44.2936325073, 62.3167686462, 66.7298355103, 122.338287354, 152.758422852, 62.0237731934, 46.4447784424, 63.0773086548, 48.6155471802, 25.0196247101, 14.7625179291, 12.0878887177, 8.47494697571, 4.00564193726, 2.44375348091, 1.49250745773, 0.725111842155, 0.302558273077, 0.0577992983162, 0.0189839117229, 0.0123149417341, 0.0162986610085, 0.0898932591081, 0.141188248992, 0.158092424273, 0.0762633383274]}, "spectral_contrast_valleys": {"max": [-5.58240842819, -5.43632507324, -5.2192606926, -5.18872880936, -5.4739818573, -9.23826313019], "dmean": [0.41144451499, 0.347223371267, 0.263054072857, 0.207364603877, 0.157277211547, 0.547846436501], "dvar2": [0.271644592285, 0.211947783828, 0.126762270927, 0.0816019997001, 0.0494535639882, 0.643319249153], "dmean2": [0.664661347866, 0.585826098919, 0.441193431616, 0.347552388906, 0.251324355602, 0.878167867661], "var": [4.43241119385, 4.65118312836, 5.18817043304, 5.36816692352, 4.84999275208, 2.9063668251], "median": [-7.45624685287, -7.00683498383, -6.50687074661, -6.41165733337, -6.99034881592, -11.293592453], "min": [-28.570684433, -28.1281089783, -27.9665431976, -27.6708202362, -27.570941925, -27.4213485718], "dvar": [0.106601081789, 0.0778249204159, 0.0481901988387, 0.0324871614575, 0.0231696255505, 0.250779241323], "mean": [-7.81278371811, -7.4400806427, -7.01105213165, -6.94650268555, -7.43083763123, -11.4785814285]}, "average_loudness": 0.735503315926, "erbbands_spread": {"max": 150.548873901, "dmean": 3.60714054108, "dvar2": 66.2789535522, "dmean2": 5.80280208588, "var": 214.703674316, "median": 14.3718347549, "min": 1.10197162628, "dvar": 26.2334041595, "mean": 18.0003585815}, "melbands_flatness_db": {"max": 0.525649368763, "dmean": 0.018794555217, "dvar2": 0.000719440460671, "dmean2": 0.0296911932528, "var": 0.00247825193219, "median": 0.16801892221, "min": 0.00280072749592, "dvar": 0.000293448247248, "mean": 0.171648204327}, "barkbands_spread": {"max": 133.95161438, "dmean": 7.33054637909, "dvar2": 108.246292114, "dmean2": 11.6431694031, "var": 223.493743896, "median": 41.5095901489, "min": 0.364884704351, "dvar": 43.7144622803, "mean": 42.0361938477}, "spectral_decrease": {"max": 2.78402878529e-09, "dmean": 9.18223774793e-10, "dvar2": 2.75696609827e-18, "dmean2": 1.48341106065e-09, "var": 4.04928898082e-18, "median": -2.66649724523e-09, "min": -2.19651070665e-08, "dvar": 1.07243087538e-18, "mean": -2.91854096446e-09}, "melbands_crest": {"max": 35.6544837952, "dmean": 2.70164322853, "dvar2": 15.941781044, "dmean2": 4.50252056122, "var": 22.232170105, "median": 8.2897644043, "min": 1.57488656044, "dvar": 6.07194852829, "mean": 9.58396148682}, "erbbands_flatness_db": {"max": 0.370248377323, "dmean": 0.0172280129045, "dvar2": 0.000479308597278, "dmean2": 0.0269258357584, "var": 0.00185468804557, "median": 0.184433802962, "min": 0.0330892875791, "dvar": 0.000199170710403, "mean": 0.182570695877}, "melbands_kurtosis": {"max": 835.516662598, "dmean": 3.06656742096, "dvar2": 547.531494141, "dmean2": 4.85587501526, "var": 1095.95727539, "median": -0.594920635223, "min": -1.85105895996, "dvar": 228.107528687, "mean": 4.90908479691}, "spectral_rms": {"max": 0.0111690117046, "dmean": 0.000440750009147, "dvar2": 4.54459041066e-07, "dmean2": 0.00069073686609, "var": 3.74847218154e-06, "median": 0.00510893808678, "min": 3.11407085014e-12, "dvar": 1.8776034949e-07, "mean": 0.00477276137099}, "melbands_skewness": {"max": 22.066947937, "dmean": 0.46923905611, "dvar2": 0.836654126644, "dmean2": 0.736777961254, "var": 3.37902355194, "median": 0.173906877637, "min": -3.50280737877, "dvar": 0.35455518961, "mean": 0.602027595043}, "barkbands": {"max": [0.0084707159549, 0.0419640764594, 0.022758230567, 0.0487988814712, 0.0344298109412, 0.0181632060558, 0.0359860211611, 0.0192275382578, 0.0155157325789, 0.0434164814651, 0.0372237078846, 0.0693867057562, 0.0366011038423, 0.0616620779037, 0.0234109610319, 0.00908992066979, 0.0205197446048, 0.0138752600178, 0.0125343445688, 0.00537255546078, 0.00291410577483, 0.00234204414301, 0.00336274039, 0.000878825609107, 3.8699068682e-05, 0.00276561779901, 0.0225938949734], "dmean": [0.000197025903617, 0.00113884254824, 0.000449461251264, 0.000599170976784, 0.000671750924084, 0.000270331162028, 0.000157473463332, 0.000135597758344, 0.000203257877729, 0.000988844665699, 0.000573113909923, 0.000765272881836, 0.000727881211787, 0.0016384673072, 0.000811985635664, 0.000291551317787, 0.000537485932, 0.000320503779221, 0.000122974161059, 9.10667949938e-05, 4.45710866188e-05, 2.15048657992e-05, 1.18768512039e-05, 4.32917704529e-06, 1.48448293658e-06, 1.65660476341e-05, 0.00060452852631], "dvar2": [3.34797164214e-07, 1.35423242682e-05, 2.15886984734e-06, 6.69069640935e-06, 2.06813365367e-06, 4.76396962767e-07, 1.06162542579e-06, 3.74623226662e-07, 4.33206849948e-07, 6.56095289742e-06, 1.84176747098e-06, 5.64547008253e-06, 3.17214426104e-06, 1.76129469764e-05, 2.79349956145e-06, 4.83449298372e-07, 1.75283605586e-06, 6.73016586461e-07, 1.64539287084e-07, 8.48391294994e-08, 2.20734239775e-08, 6.21109830234e-09, 2.99941094184e-09, 3.65472208053e-10, 1.44652961484e-11, 5.84240478219e-09, 1.45640228766e-06], "dmean2": [0.00034316937672, 0.00189402652904, 0.000772078929003, 0.00105769804213, 0.00113527989015, 0.000458472466562, 0.000252404395724, 0.000227373529924, 0.000334011943778, 0.00165760109667, 0.000942445185501, 0.00130676559638, 0.00124571751803, 0.00267427787185, 0.00134284829255, 0.000498365436215, 0.000911549723241, 0.000545810034964, 0.000205176504096, 0.000150946332724, 7.17484144843e-05, 3.29023569066e-05, 1.78899717866e-05, 6.74489092489e-06, 2.46076092481e-06, 2.47795960604e-05, 0.000967735308222], "var": [1.33485769993e-07, 5.38207586942e-06, 7.79985555255e-07, 1.94702352019e-06, 1.78871653134e-06, 3.97605646185e-07, 9.40321911003e-07, 2.95994396993e-07, 3.67137715784e-07, 1.09834609248e-05, 2.24230439017e-06, 4.70863778901e-06, 2.52331119555e-06, 1.84654418263e-05, 2.76651712738e-06, 5.21465551628e-07, 1.76564242338e-06, 8.37154345845e-07, 2.55689030837e-07, 1.62767079814e-07, 5.39757820661e-08, 1.42677807347e-08, 4.62725191497e-09, 4.43369591041e-10, 6.55777992672e-12, 1.15795879552e-08, 7.14361522114e-06], "median": [7.51541374484e-05, 0.000656207674183, 0.000248877709964, 0.000211183432839, 0.000760131864808, 0.000266270246357, 9.07446228666e-05, 9.60982142715e-05, 0.000181461306056, 0.00103305943776, 0.000672222871799, 0.000801321584731, 0.000991411274299, 0.00202746875584, 0.00140444026329, 0.000445839541499, 0.000867946422659, 0.000469428749057, 0.00016153472825, 0.00012744947162, 5.27651136508e-05, 2.0424651666e-05, 7.92430546426e-06, 1.86093529919e-06, 6.84463600464e-07, 9.75159491645e-06, 0.00232278532349], "min": [1.07450916463e-25, 5.12686668064e-25, 3.52011602148e-25, 4.96657063773e-25, 6.02756508664e-24, 3.07981434261e-24, 4.76392864005e-24, 3.09402882726e-24, 6.81120649369e-24, 8.66296201652e-24, 1.47551068067e-23, 1.4865629375e-23, 2.24297247166e-23, 2.22957682463e-23, 2.90148468303e-23, 4.82812629829e-23, 4.14475692202e-23, 7.14088945201e-23, 8.75626138464e-23, 1.33382936883e-22, 1.90627745497e-22, 2.37145800228e-22, 3.70993256277e-22, 5.26305024334e-22, 8.49988360993e-22, 1.29223807231e-21, 1.72266259457e-21], "dvar": [1.20715242247e-07, 5.05875141243e-06, 7.74712816565e-07, 2.44009834205e-06, 7.73140982346e-07, 1.8096362453e-07, 4.97922144405e-07, 1.67125833173e-07, 1.75758415821e-07, 2.36895721173e-06, 7.49127707422e-07, 2.08159417525e-06, 1.12526618068e-06, 6.93160882292e-06, 1.08779568109e-06, 1.68287854763e-07, 6.22363756975e-07, 2.34792267406e-07, 6.05181824653e-08, 3.1173517101e-08, 8.52911252736e-09, 2.66103539204e-09, 1.36768785186e-09, 1.72055383829e-10, 5.71710083788e-12, 2.75219247392e-09, 5.64169852169e-07], "mean": [0.000205525779165, 0.00141684478149, 0.000528422242496, 0.000582132313866, 0.00111048505642, 0.000431136926636, 0.000237013868173, 0.00020038751245, 0.000350329821231, 0.00208020140417, 0.00107629131526, 0.00144603929948, 0.00143928593025, 0.00332253007218, 0.00176912895404, 0.000679468037561, 0.00125186843798, 0.000812226906419, 0.000331947987434, 0.000270245654974, 0.000140445612487, 6.42427257844e-05, 2.9419983548e-05, 7.50725257603e-06, 1.63187598901e-06, 4.14261521655e-05, 0.00293054478243]}, "spectral_kurtosis": {"max": 73.3681259155, "dmean": 3.72393679619, "dvar2": 33.6965866089, "dmean2": 5.76025438309, "var": 111.777046204, "median": 26.9599494934, "min": -1.2720375061, "dvar": 13.9011268616, "mean": 26.7348651886}, "erbbands_skewness": {"max": 13.5105857849, "dmean": 0.33615142107, "dvar2": 0.274425894022, "dmean2": 0.543968081474, "var": 0.729911923409, "median": -0.341371297836, "min": -3.94665575027, "dvar": 0.108138218522, "mean": -0.265115827322}, "melbands": {"max": [0.0101088415831, 0.0121302418411, 0.0185227748007, 0.00952223781496, 0.00396388955414, 0.00411274330691, 0.00697831856087, 0.00347420340404, 0.00291799986735, 0.00197063339874, 0.00489549199119, 0.00644121970981, 0.00362879689783, 0.010137877427, 0.00701047061011, 0.00219326978549, 0.00634651165456, 0.00526451598853, 0.00169339112472, 0.00059176661307, 0.000869509298354, 0.00132712267805, 0.000584490364417, 0.000821246416308, 0.000644623418339, 0.000341820326867, 0.000209424470086, 0.000184328702744, 0.000154579538503, 8.95216289791e-05, 8.48011259222e-05, 6.16605830146e-05, 4.29938081652e-05, 4.16977127315e-05, 6.13780503045e-05, 3.79783050448e-05, 1.89457805391e-05, 4.38610231868e-06, 6.52067967621e-07, 3.50930918103e-07], "dmean": [0.000334302079864, 0.00025792294764, 0.000239126122324, 0.000141794196679, 0.000113226502435, 4.62348143628e-05, 3.30889452016e-05, 2.30785281019e-05, 2.84658490273e-05, 2.75538459391e-05, 0.000124841870274, 0.000117577757919, 7.31948675821e-05, 8.98738217074e-05, 9.28922963794e-05, 5.86818423471e-05, 0.000128508370835, 0.000136336602736, 5.72235039726e-05, 2.35582901951e-05, 2.67566028924e-05, 3.14317367156e-05, 2.33206956182e-05, 1.49111338033e-05, 7.8116891018e-06, 4.71104340249e-06, 3.76452203454e-06, 2.79356095234e-06, 2.35270385929e-06, 1.34161848564e-06, 7.13395593266e-07, 5.35902529464e-07, 4.33347310036e-07, 3.07365809249e-07, 1.89680207541e-07, 1.4506618129e-07, 7.89633816112e-08, 3.29536575805e-08, 1.59049164949e-08, 1.33909585642e-08], "dvar2": [1.07162804852e-06, 5.78094272896e-07, 9.58657665251e-07, 9.57222994202e-08, 6.57598349108e-08, 1.9451752209e-08, 3.98170314497e-08, 1.07586357601e-08, 1.8778120392e-08, 7.33962357558e-09, 1.224304782e-07, 7.91260745814e-08, 2.9445752503e-08, 7.79521371896e-08, 7.22343287407e-08, 1.93603479914e-08, 1.1819913226e-07, 1.13814827785e-07, 1.37323681315e-08, 2.92003443647e-09, 4.9936086377e-09, 6.18731288426e-09, 3.1429616687e-09, 1.74025505117e-09, 6.63060828465e-10, 2.46727527298e-10, 1.56307577992e-10, 8.09250513822e-11, 7.09665243237e-11, 2.32950846113e-11, 7.93430512264e-12, 4.30481952168e-12, 3.03874915682e-12, 1.68134505884e-12, 1.05302724006e-12, 5.55604607461e-13, 1.45667901569e-13, 1.78830423912e-14, 1.78171982851e-15, 1.19339922483e-15], "dmean2": [0.000553548161406, 0.000425502803409, 0.000417660397943, 0.000241232803091, 0.000191404105863, 7.87031240179e-05, 5.34473219886e-05, 3.79864613933e-05, 4.71218008897e-05, 4.50326697319e-05, 0.0002115444222, 0.000192987747141, 0.000121438388305, 0.000153058805154, 0.000158095746883, 0.000100376899354, 0.00021059314895, 0.000222160568228, 9.55704963417e-05, 4.04363308917e-05, 4.54828332295e-05, 5.32170452061e-05, 3.99341224693e-05, 2.53250982496e-05, 1.3185647731e-05, 7.92038281361e-06, 6.32098635833e-06, 4.65460152554e-06, 3.90725517718e-06, 2.2082022042e-06, 1.15379066301e-06, 8.49180594287e-07, 6.73423301123e-07, 4.79942627862e-07, 2.91477078918e-07, 2.24956906436e-07, 1.22376746958e-07, 5.30909680663e-08, 2.63649528875e-08, 2.22256701932e-08], "var": [4.59550733467e-07, 2.71723394007e-07, 2.97917836178e-07, 9.05503370063e-08, 4.64992560012e-08, 1.5090501293e-08, 3.45560664528e-08, 9.8212895594e-09, 1.68985714311e-08, 6.64718013965e-09, 1.41605752901e-07, 1.60213303957e-07, 3.25036531024e-08, 6.1730709433e-08, 5.63438611323e-08, 1.55489257025e-08, 1.16201739786e-07, 1.15023517822e-07, 1.21495311589e-08, 2.53571519337e-09, 4.70559946564e-09, 5.97193494656e-09, 3.1273406087e-09, 1.92373050822e-09, 7.75318198531e-10, 3.17182086151e-10, 2.14555012645e-10, 1.23486762482e-10, 9.74660005482e-11, 3.69987304683e-11, 1.24407359414e-11, 7.0891352684e-12, 4.56102039817e-12, 2.44184034971e-12, 1.09769452642e-12, 6.61249755039e-13, 1.73384391696e-13, 1.50043128285e-14, 8.15587378483e-16, 5.33319842739e-16], "median": [0.000183347641723, 0.00017823750386, 0.000122359590023, 0.000148722276208, 0.00011653740512, 4.29374485975e-05, 2.11349179153e-05, 1.85148564924e-05, 1.99558162421e-05, 2.65323724307e-05, 0.00011060279212, 0.000153351895278, 9.60569086601e-05, 8.90119335963e-05, 0.000104218874185, 8.84338951437e-05, 0.00015423388686, 0.000190142352949, 9.61342884693e-05, 3.73511320504e-05, 3.66800632037e-05, 4.8371784942e-05, 3.59386176569e-05, 1.82915791811e-05, 9.04629632714e-06, 5.43278974874e-06, 4.2827159632e-06, 3.69723602489e-06, 2.44920624937e-06, 1.24227176457e-06, 6.54374616715e-07, 4.62467738771e-07, 3.18739211025e-07, 2.02166731356e-07, 1.15250905708e-07, 7.12432211003e-08, 2.69964495203e-08, 9.67290780807e-09, 6.85811096801e-09, 6.0090279419e-09], "min": [4.94180434962e-25, 6.40007388356e-25, 6.92533741034e-25, 1.6712404819e-24, 1.07647081519e-24, 8.96856456184e-25, 1.09709578077e-24, 1.34396161663e-24, 1.2422303115e-24, 9.60858220539e-25, 1.64447955898e-24, 2.00322391639e-24, 2.19148182433e-24, 1.62829440118e-24, 1.66589101888e-24, 2.28199335801e-24, 2.38194361242e-24, 1.91513063581e-24, 2.7484148624e-24, 3.02723755214e-24, 2.90873624746e-24, 2.12940517641e-24, 3.35490552305e-24, 3.74139372406e-24, 3.44161238058e-24, 4.02677204514e-24, 3.87581759447e-24, 3.41682124335e-24, 3.86274971914e-24, 2.9913928959e-24, 4.75152971877e-24, 3.12361702766e-24, 5.47596514272e-24, 5.03571449329e-24, 4.94641031123e-24, 5.68846297134e-24, 5.44726283312e-24, 5.18702393137e-24, 4.44786520748e-24, 5.12443176285e-24], "dvar": [4.07384106893e-07, 2.20861792855e-07, 3.47308230175e-07, 3.52153293193e-08, 2.50465976848e-08, 7.32660687675e-09, 1.81596728765e-08, 5.0238675442e-09, 8.13649947418e-09, 3.02817104725e-09, 4.41507133075e-08, 3.05822851487e-08, 1.14898570658e-08, 2.90298256544e-08, 2.6592978486e-08, 6.79729694752e-09, 4.6641840612e-08, 4.44890453366e-08, 5.24428900306e-09, 1.01312780387e-09, 1.73761305344e-09, 2.22203011546e-09, 1.07226050261e-09, 6.12339901007e-10, 2.39637060195e-10, 9.01051455671e-11, 5.59210455719e-11, 2.93150365094e-11, 2.58610771686e-11, 8.58347073973e-12, 3.001709558e-12, 1.66793640531e-12, 1.26249954501e-12, 7.13494150914e-13, 4.27082251942e-13, 2.57020424908e-13, 6.87738914754e-14, 7.83875036685e-15, 7.06013078844e-16, 4.71218086964e-16], "mean": [0.000415939226514, 0.000348713045241, 0.000271591736237, 0.000224707517191, 0.000176532194018, 7.33747365302e-05, 5.2124098147e-05, 3.61697857443e-05, 4.54062537756e-05, 4.97771397932e-05, 0.000237608459429, 0.000264100672211, 0.000145093217725, 0.000161380216014, 0.000174605069333, 0.000121140750707, 0.000253952370258, 0.000287276314339, 0.000119752767205, 5.16456748301e-05, 5.9159599914e-05, 7.11120082997e-05, 5.41216068086e-05, 3.54937801603e-05, 1.87029654626e-05, 1.14877184387e-05, 9.51463789534e-06, 7.52544883653e-06, 6.0042439145e-06, 3.51869152837e-06, 1.90813602785e-06, 1.43187980939e-06, 1.07098719582e-06, 7.31151828859e-07, 4.29275104352e-07, 2.97204280741e-07, 1.36438274012e-07, 4.16996179808e-08, 1.73822378713e-08, 1.45656313677e-08]}, "spectral_centroid": {"max": 11886.5322266, "dmean": 148.659729004, "dvar2": 59636.9804688, "dmean2": 240.554870605, "var": 1014185.5625, "median": 1804.84277344, "min": 234.813705444, "dvar": 24473.1230469, "mean": 1881.30895996}, "pitch_salience": {"max": 0.971938848495, "dmean": 0.0529578216374, "dvar2": 0.00591754633933, "dmean2": 0.0878194347024, "var": 0.00965819228441, "median": 0.670906484127, "min": 0.0619850158691, "dvar": 0.00219675712287, "mean": 0.649299144745}, "gfcc": {"icov": [[0.000149409854203, -0.000289475807222, 0.000924059015233, -0.000638640252873, 0.000360657722922, -0.000140447402373, -2.31984540733e-05, -8.002488903e-05, 0.000475688371807, -0.000306919915602, 8.44873065944e-05, -0.000207265256904, 0.00036189192906], [-0.000289475807222, 0.00321089080535, -0.00335765932687, 0.00309906923212, -0.00254988251254, 0.000581622298341, -0.000491410784889, 0.00159430725034, -0.00300829461776, 0.00320804375224, -0.00240629864857, 0.00357494899072, -0.00271460041404], [0.000924059015233, -0.00335765932687, 0.0111586106941, -0.00864836387336, 0.00473194988444, -0.0020393168088, 0.00149168539792, -0.00399827538058, 0.00681697111577, -0.0050135506317, 0.00125483341981, -0.00329263834283, 0.00408707326278], [-0.000638640252873, 0.00309906923212, -0.00864836387336, 0.0130275478587, -0.00589391868562, 0.00256089493632, -0.000450531486422, 0.00204620463774, -0.00144605292007, -0.00108336471021, 0.00401144428179, -0.00364077580161, 0.0016218185192], [0.000360657722922, -0.00254988251254, 0.00473194988444, -0.00589391868562, 0.0125283142552, -0.00442985398695, -0.00197950936854, 0.00324476859532, -0.00405999133363, 0.00346113205887, -0.00574468821287, 0.00621112948284, -0.00421954737976], [-0.000140447402373, 0.000581622298341, -0.0020393168088, 0.00256089493632, -0.00442985398695, 0.00951640773565, 0.000938954588491, -0.00534897437319, 0.00363643234596, -0.00349841406569, 0.00335679133423, -0.00146401219536, 0.00123152276501], [-2.31984540733e-05, -0.000491410784889, 0.00149168539792, -0.000450531486422, -0.00197950936854, 0.000938954588491, 0.00928959343582, -0.00253860605881, -0.00435293000191, 0.00304545112886, 0.000144455669215, -0.00480860192329, 0.0050933426246], [-8.002488903e-05, 0.00159430725034, -0.00399827538058, 0.00204620463774, 0.00324476859532, -0.00534897437319, -0.00253860605881, 0.0161566119641, -0.00718649290502, 0.00304783415049, -0.00281632551923, 0.00804269965738, -0.00896954536438], [0.000475688371807, -0.00300829461776, 0.00681697111577, -0.00144605292007, -0.00405999133363, 0.00363643234596, -0.00435293000191, -0.00718649290502, 0.0285234227777, -0.0195007901639, 0.0105791250244, -0.0114672537893, 0.0101705789566], [-0.000306919915602, 0.00320804375224, -0.0050135506317, -0.00108336471021, 0.00346113205887, -0.00349841406569, 0.00304545112886, 0.00304783415049, -0.0195007901639, 0.0375569984317, -0.0240971129388, 0.0142019502819, -0.00495926430449], [8.44873065944e-05, -0.00240629864857, 0.00125483341981, 0.00401144428179, -0.00574468821287, 0.00335679133423, 0.000144455669215, -0.00281632551923, 0.0105791250244, -0.0240971129388, 0.0373941548169, -0.0183051396161, 0.00306420726702], [-0.000207265256904, 0.00357494899072, -0.00329263834283, -0.00364077580161, 0.00621112948284, -0.00146401219536, -0.00480860192329, 0.00804269965738, -0.0114672537893, 0.0142019502819, -0.0183051396161, 0.0352617949247, -0.0140187582001], [0.00036189192906, -0.00271460041404, 0.00408707326278, 0.0016218185192, -0.00421954737976, 0.00123152276501, 0.0050933426246, -0.00896954536438, 0.0101705789566, -0.00495926430449, 0.00306420726702, -0.0140187582001, 0.028307640925]], "cov": [[21276.5742188, 1162.21508789, -3206.80102539, -597.483398438, 875.188598633, -722.527526855, 1133.74243164, -768.58581543, 594.850952148, -254.868331909, 31.7478637695, 25.6996173859, -198.04083252], [1162.21508789, 885.363098145, -279.735870361, -225.760131836, 278.920288086, -28.205739975, 125.349334717, -51.0997009277, 93.4261322021, -37.1106872559, 41.6734733582, -67.2543029785, 49.5400352478], [-3206.80102539, -279.735870361, 903.12310791, 302.507080078, -279.930908203, 177.893157959, -296.296447754, 166.082901001, -188.793823242, 68.2535629272, -17.7924308777, 8.96772766113, 9.07297706604], [-597.483398438, -225.760131836, 302.507080078, 281.905273438, -74.9537353516, 7.14150238037, -51.4361915588, 4.3442902565, -39.9370269775, 23.5124721527, -18.2458114624, 35.7709197998, -36.5325126648], [875.188598633, 278.920288086, -279.930908203, -74.9537353516, 270.923522949, -17.9865951538, 134.199432373, -57.8856964111, 92.7386932373, -16.2784500122, 24.0036373138, -20.8913135529, 9.83228302002], [-722.527526855, -28.205739975, 177.893157959, 7.14150238037, -17.9865951538, 213.505599976, -90.639755249, 101.741493225, -53.6071662903, 23.0669193268, -5.95767498016, -26.2775287628, 27.9484634399], [1133.74243164, 125.349334717, -296.296447754, -51.4361915588, 134.199432373, -90.639755249, 287.597930908, -58.3868103027, 126.33014679, -26.8429012299, 6.84525203705, 25.0769786835, -41.4610519409], [-768.58581543, -51.0997009277, 166.082901001, 4.3442902565, -57.8856964111, 101.741493225, -58.3868103027, 149.331939697, -25.3912944794, 23.3911132812, -3.42258214951, -18.5651741028, 29.8626098633], [594.850952148, 93.4261322021, -188.793823242, -39.9370269775, 92.7386932373, -53.6071662903, 126.33014679, -25.3912944794, 131.401153564, 19.0006694794, 13.441740036, 9.00950908661, -24.5945014954], [-254.868331909, -37.1106872559, 68.2535629272, 23.5124721527, -16.2784500122, 23.0669193268, -26.8429012299, 23.3911132812, 19.0006694794, 71.3606567383, 30.870016098, -0.976215541363, -0.84049642086], [31.7478637695, 41.6734733582, -17.7924308777, -18.2458114624, 24.0036373138, -5.95767498016, 6.84525203705, -3.42258214951, 13.441740036, 30.870016098, 59.2424468994, 16.8055725098, 11.2142724991], [25.6996173859, -67.2543029785, 8.96772766113, 35.7709197998, -20.8913135529, -26.2775287628, 25.0769786835, -18.5651741028, 9.00950908661, -0.976215541363, 16.8055725098, 63.6663169861, 3.81457495689], [-198.04083252, 49.5400352478, 9.07297706604, -36.5325126648, 9.83228302002, 27.9484634399, -41.4610519409, 29.8626098633, -24.5945014954, -0.84049642086, 11.2142724991, 3.81457495689, 69.9281463623]], "mean": [-15.7082662582, 62.6560897827, -126.130943298, -13.378610611, 12.0839118958, -19.8986129761, 3.76474189758, -29.8461093903, -5.88408041, -18.9745349884, -7.84021806717, 0.137916877866, -2.98766541481]}, "spectral_flux": {"max": 0.267241239548, "dmean": 0.0108542200178, "dvar2": 0.000303426233586, "dmean2": 0.0174942966551, "var": 0.00163818802685, "median": 0.0979727581143, "min": 6.05195615844e-11, "dvar": 0.000127780163893, "mean": 0.0923996716738}, "zerocrossingrate": {"max": 0.658203125, "dmean": 0.0234179086983, "dvar2": 0.000723951379769, "dmean2": 0.0303849671036, "var": 0.00547412177548, "median": 0.33544921875, "min": 0.044921875, "dvar": 0.000420445401687, "mean": 0.331457912922}, "spectral_energyband_middle_low": {"max": 0.0589680410922, "dmean": 0.00144072331022, "dvar2": 1.18063690024e-05, "dmean2": 0.00240587559529, "var": 9.067006431e-06, "median": 0.00271891406737, "min": 1.19699797383e-22, "dvar": 4.44754869022e-06, "mean": 0.00335125997663}, "silence_rate_20dB": {"max": 1, "dmean": 0, "dvar2": 0, "dmean2": 0, "var": 0, "median": 1, "min": 1, "dvar": 0, "mean": 1}, "silence_rate_30dB": {"max": 1, "dmean": 0.000113507376227, "dvar2": 0.000226943433518, "dmean2": 0.000227021198953, "var": 0.000113484711619, "median": 1, "min": 0, "dvar": 0.000113487942144, "mean": 0.999886512756}, "spectral_entropy": {"max": 9.82405281067, "dmean": 0.0880796015263, "dvar2": 0.0238405819982, "dmean2": 0.139702752233, "var": 0.107310958207, "median": 7.65618610382, "min": 4.70794916153, "dvar": 0.00962459295988, "mean": 7.66097211838}, "spectral_rolloff": {"max": 22050, "dmean": 1575.83837891, "dvar2": 44317232, "dmean2": 2940.14941406, "var": 30011998, "median": 20456.5429688, "min": 21.533203125, "dvar": 17236980, "mean": 18597.9570312}, "spectral_complexity": {"max": 61, "dmean": 2.84018158913, "dvar2": 17.2253189087, "dmean2": 4.78117990494, "var": 164.424438477, "median": 30, "min": 0, "dvar": 6.2092137336