{"tonal": {"hpcp": {"dvar": [0.0228966157883, 0.0163817275316, 0.0145463496447, 0.0133858136833, 0.0148875694722, 0.0207302570343, 0.0290726721287, 0.0255887228996, 0.0300850588828, 0.0310631338507, 0.0145330820233, 0.0136525379494, 0.0175594389439, 0.0189188756049, 0.0181473493576, 0.0243918057531, 0.021103290841, 0.0161466319114, 0.0143487136811, 0.0188689082861, 0.0273819230497, 0.029184628278, 0.0235001798719, 0.0209503211081, 0.0219479240477, 0.01334281452, 0.0137878274545, 0.0223820544779, 0.0176471918821, 0.0234283357859, 0.0313262864947, 0.0175609886646, 0.011759842746, 0.00971664395183, 0.0126321380958, 0.018587583676], "var": [0.0937587842345, 0.0251280348748, 0.0146962311119, 0.0189207103103, 0.0171777270734, 0.0378591306508, 0.0563258826733, 0.0359616205096, 0.0761813521385, 0.104048252106, 0.0280783362687, 0.0413346737623, 0.0584153085947, 0.0237270928919, 0.0457350313663, 0.0929969251156, 0.0460718497634, 0.0170045606792, 0.0162235815078, 0.0275700539351, 0.0640941634774, 0.105681039393, 0.0463931821287, 0.0495374202728, 0.0732394456863, 0.0234478767961, 0.0235958006233, 0.0528775192797, 0.0249675232917, 0.0773488208652, 0.138338461518, 0.0369183942676, 0.0108339376748, 0.0135683957487, 0.0127014527097, 0.0557007938623], "median": [0.0341025143862, 0.0219971425831, 0.00555384065956, 0.00430980976671, 0.00416042795405, 0.0201682075858, 0.0330373384058, 0.0306453071535, 0.0472153350711, 0.0570312291384, 0.0346048027277, 0.00781233375892, 0.00560062006116, 0.00790235213935, 0.0286731440574, 0.0401289835572, 0.0243855826557, 0.00737553182989, 0.00434629712254, 0.0054868827574, 0.0496829785407, 0.0875224173069, 0.0551236048341, 0.0218069665134, 0.013565425761, 0.00772756058723, 0.00765014253557, 0.00621781870723, 0.0169159378856, 0.0570930540562, 0.086041405797, 0.0434895083308, 0.0051213465631, 0.00366123579443, 0.00677912961692, 0.0236950870603], "max": [1, 1, 1, 1, 1, 1, 1, 1, 1, 1, 1, 1, 1, 1, 1, 1, 1, 1, 1, 1, 1, 1, 1, 1, 1, 1, 1, 1, 1, 1, 1, 1, 1, 1, 1, 1], "dmean": [0.0731407701969, 0.0620632842183, 0.0371752791107, 0.034023117274, 0.0435560904443, 0.0669115185738, 0.0849936008453, 0.0849894061685, 0.0996171683073, 0.101679302752, 0.0682697221637, 0.0458078086376, 0.0464265793562, 0.0528268292546, 0.0708259567618, 0.0795525461435, 0.0691583827138, 0.0449197515845, 0.03628885746, 0.0472480021417, 0.0891434252262, 0.104577228427, 0.0889626517892, 0.0670140832663, 0.0665181800723, 0.046573664993, 0.0453692600131, 0.0599494129419, 0.0602798908949, 0.0910599082708, 0.0968451499939, 0.0744163915515, 0.0340479202569, 0.0305004045367, 0.0406775251031, 0.067968994379], "dmean2": [0.116178683937, 0.101346477866, 0.0657338202, 0.0598075129092, 0.0744848623872, 0.111948549747, 0.140858963132, 0.141394689679, 0.162946552038, 0.15930454433, 0.110528297722, 0.0794967636466, 0.0807646661997, 0.0900228843093, 0.114249274135, 0.131517380476, 0.112502411008, 0.0774039402604, 0.0647875890136, 0.0825091600418, 0.148717358708, 0.165122702718, 0.143122941256, 0.110379256308, 0.105984523892, 0.0762431919575, 0.0755736455321, 0.0993131324649, 0.102414131165, 0.149132817984, 0.156912043691, 0.120426461101, 0.0588873513043, 0.0508426316082, 0.0680886432528, 0.10896166414], "mean": [0.184502780437, 0.0896723493934, 0.0369895361364, 0.0390609502792, 0.0441289879382, 0.0966441184282, 0.129890963435, 0.108891420066, 0.186683520675, 0.226151660085, 0.110301539302, 0.0784158855677, 0.0930332615972, 0.0627418234944, 0.124970443547, 0.193410366774, 0.121925257146, 0.0457307212055, 0.0379841588438, 0.0555923916399, 0.166724428535, 0.244697898626, 0.150237634778, 0.118378609419, 0.14158166945, 0.0720940008759, 0.0686970278621, 0.103809393942, 0.0839275494218, 0.21072383225, 0.297715038061, 0.136903226376, 0.0352709367871, 0.0388286225498, 0.043868791312, 0.136686250567], "dvar2": [0.0484848618507, 0.0423560813069, 0.0409132242203, 0.0347510948777, 0.0395288690925, 0.0511634089053, 0.0708776637912, 0.0671065673232, 0.0737486705184, 0.0667158067226, 0.0358617715538, 0.0375001206994, 0.0418715700507, 0.0480212159455, 0.0417612120509, 0.0594370774925, 0.0503606572747, 0.0423633158207, 0.0383655279875, 0.0474554821849, 0.06861358881, 0.0662460103631, 0.0583595857024, 0.0511194393039, 0.0513708405197, 0.0344428643584, 0.0355285108089, 0.0551505498588, 0.0450473278761, 0.056874871254, 0.0691586956382, 0.0412760637701, 0.0316914506257, 0.0233064200729, 0.0328682661057, 0.044876921922], "min": [0, 0, 0, 0, 0, 0, 0, 0, 0, 0, 0, 0, 0, 0, 0, 0, 0, 0, 0, 0, 0, 0, 0, 0, 0, 0, 0, 0, 0, 0, 0, 0, 0, 0, 0, 0]}, "key_key": "C", "thpcp": [1, 0.459846526384, 0.118472136557, 0.130422100425, 0.14735160768, 0.45911771059, 0.619729459286, 0.301201939583, 0.124244771898, 0.131202474236, 0.148225590587, 0.324619531631, 0.436292916536, 0.365757197142, 0.627054393291, 0.75962460041, 0.370493680239, 0.263392418623, 0.312490969896, 0.210744559765, 0.419765293598, 0.649649322033, 0.409536778927, 0.153605684638, 0.127585619688, 0.186730206013, 0.560013473034, 0.821919858456, 0.504635691643, 0.397623896599, 0.475561022758, 0.242157742381, 0.230747595429, 0.348687112331, 0.281905651093, 0.707803785801], "chords_key": "C", "tuning_equal_tempered_deviation": 0.00926236435771, "tuning_frequency": 441.272583008, "tuning_diatonic_strength": 0.554830670357, "chords_histogram": [26.8021469116, 0.651840507984, 18.7116565704, 4.29447841644, 6.4033741951, 0, 7.17024517059, 0, 4.79294490814, 0, 0.460122704506, 0.115030676126, 1.64877295494, 0.0383435599506, 0, 0.613496959209, 0, 0, 0.613496959209, 0.0383435599506, 0, 0.881901860237, 22.6610431671, 4.10276079178], "key_strength": 0.830066680908, "key_scale": "major", "chords_strength": {"dvar": 0.000778277521022, "var": 0.0261173956096, "median": 0.548928678036, "max": 0.760442078114, "dmean": 0.00854942388833, "dmean2": 0.00708325160667, "mean": 0.542447388172, "dvar2": 0.00144806259777, "min": -1}, "chords_number_rate": 0.00345092033967, "tuning_nontempered_energy_ratio": 0.632629394531, "hpcp_entropy": {"dvar": 0.187046185136, "var": 0.422681570053, "median": 1.59383010864, "max": 3.89702439308, "dmean": 0.4554489851, "dmean2": 0.757940351963, "mean": 1.51896989346, "dvar2": 0.481726378202, "min": 0}, "chords_changes_rate": 0.0364263802767, "chords_scale": "major"}, "rhythm": {"bpm_histogram_first_peak_spread": {"dvar": 0, "var": 0, "median": 0.439999997616, "max": 0.439999997616, "dmean": 0, "dmean2": 0, "mean": 0.439999997616, "dvar2": 0, "min": 0.439999997616}, "bpm_histogram_first_peak_weight": {"dvar": 0, "var": 0, "median": 0.504000008106, "max": 0.504000008106, "dmean": 0, "dmean2": 0, "mean": 0.504000008106, "dvar2": 0, "min": 0.504000008106}, "bpm_histogram_first_peak_bpm": {"dvar": 0, "var": 0, "median": 126, "max": 126, "dmean": 0, "dmean2": 0, "mean": 126, "dvar2": 0, "min": 126}, "bpm": 125.547737122, "bpm_histogram_second_peak_weight": {"dvar": 0, "var": 0, "median": 0.0280000008643, "max": 0.0280000008643, "dmean": 0, "dmean2": 0, "mean": 0.0280000008643, "dvar2": 0, "min": 0.0280000008643}, "beats_loudness": {"dvar": 0.000221361304284, "var": 0.000362961611245, "median": 0.0196522604674, "max": 0.0832034721971, "dmean": 0.0144802108407, "dmean2": 0.0266348291188, "mean": 0.0236602090299, "dvar2": 0.00058949936647, "min": 3.0513330751e-10}, "beats_loudness_band_ratio": {"dvar": [0.0174473579973, 0.0268135778606, 0.0183131601661, 0.0103151733056, 0.00883367750794, 0.0116244461387], "var": [0.0385286621749, 0.0464518144727, 0.0462855510414, 0.0159910582006, 0.0062324735336, 0.0207964293659], "median": [0.115433253348, 0.281134158373, 0.282929360867, 0.119165562093, 0.0250553376973, 0.0194989703596], "max": [0.952620685101, 0.845979750156, 0.88908290863, 0.81433814764, 0.699138104916, 0.985303759575], "dmean": [0.124337807298, 0.193711683154, 0.170680999756, 0.105395622551, 0.0460826233029, 0.0543143376708], "dmean2": [0.196724265814, 0.330716490746, 0.281775325537, 0.183176144958, 0.086095020175, 0.0896235853434], "mean": [0.187118455768, 0.301943361759, 0.318984687328, 0.148279607296, 0.0454372651875, 0.0648867785931], "dvar2": [0.0398657768965, 0.0907936617732, 0.0514987595379, 0.0309815555811, 0.0266605000943, 0.0262113362551], "min": [0.00057230272796, 0.000303158332827, 0.000720593321603, 0.00142346962821, 0.000443122233264, 0.000159524759511]}, "bpm_histogram_second_peak_bpm": {"dvar": 0, "var": 0, "median": 136, "max": 136, "dmean": 0, "dmean2": 0, "mean": 136, "dvar2": 0, "min": 136}, "onset_rate": 2.18862748146, "beats_count": 251, "beats_position": [0.568888902664, 1.09133780003, 1.57895684242, 2.0549659729, 2.53097510338, 2.99537420273, 3.47138309479, 3.94739222527, 4.42340135574, 4.8994102478, 5.3754196167, 5.85142850876, 6.33904743195, 6.82666635513, 7.31428575516, 7.79029464722, 8.26630401611, 8.73070240021, 9.21832180023, 9.69433116913, 10.1703395844, 10.6463489532, 11.1223583221, 11.6099767685, 12.0975961685, 12.5852155685, 13.0612239838, 13.5372333527, 14.0016326904, 14.4892511368, 14.9652605057, 15.4412698746, 15.9172782898, 16.3932876587, 16.8809070587, 17.3569164276, 17.8329238892, 18.2973232269, 18.7733325958, 19.2493419647, 19.7369613647, 20.2013607025, 20.6657600403, 21.153377533, 21.6293869019, 22.1170063019, 22.5930156708, 23.0690250397, 23.5566444397, 24.0326519012, 24.5202713013, 25.0078907013, 25.4955101013, 25.9715194702, 26.4475269318, 26.9119262695, 27.3763256073, 27.8639450073, 28.3399543762, 28.8159637451, 29.3035831451, 29.7795906067, 30.2555999756, 30.7432193756, 31.2192287445, 31.6952381134, 32.1828575134, 32.6704750061, 33.146484375, 33.6341018677, 34.1101112366, 34.5861206055, 35.0621299744, 35.5497512817, 36.0257606506, 36.5017662048, 36.9777755737, 37.4537849426, 37.9297943115, 38.4058036804, 38.8702049255, 39.334602356, 39.8222198486, 40.309841156, 40.7858505249, 41.2734680176, 41.761089325, 42.2370948792, 42.713104248, 43.1891136169, 43.6651229858, 44.1411323547, 44.6287536621, 45.1047592163, 45.5807685852, 46.0683898926, 46.5443992615, 47.0320167542, 47.508026123, 47.9840354919, 48.4600448608, 48.9476623535, 49.4352836609, 49.8996810913, 50.3640823364, 50.8516998291, 51.327709198, 51.8037185669, 52.2913360596, 52.7789573669, 53.2665748596, 53.8006324768, 54.3463020325, 54.8687515259, 55.4028091431, 55.9252586365, 56.4593200684, 56.9585494995, 57.4693870544, 57.9802246094, 58.4794540405, 58.9786834717, 59.4546928406, 59.9307022095, 60.4067115784, 60.8827209473, 61.3587303162, 61.8463478088, 62.3223571777, 62.7983665466, 63.2743759155, 63.7503852844, 64.2496109009, 64.714012146, 65.1784133911, 65.6428070068, 66.1188201904, 66.5948257446, 67.0824508667, 67.5700683594, 68.0460739136, 68.5220870972, 68.9980926514, 69.474105835, 69.9501113892, 70.4261245728, 70.9137420654, 71.4013595581, 71.8773651123, 72.3533782959, 72.8293838501, 73.3053970337, 73.7930145264, 74.2574157715, 74.7334213257, 75.2094345093, 75.6854400635, 76.1614532471, 76.6490707397, 77.1366882324, 77.6010894775, 78.0770950317, 78.5531082153, 79.040725708, 79.5167312622, 79.9927444458, 80.46875, 80.9447631836, 81.4207687378, 81.8967819214, 82.3727874756, 82.8604049683, 83.3364181519, 83.8240356445, 84.3232650757, 84.7992706299, 85.263671875, 85.7512893677, 86.2273025513, 86.7033081055, 87.1793212891, 87.6553268433, 88.1313400269, 88.6073455811, 89.0717468262, 89.5361404419, 90.0121536255, 90.4881591797, 90.9757843018, 91.4634017944, 91.9510192871, 92.4270248413, 92.9146499634, 93.3906555176, 93.8666687012, 94.3426742554, 94.8186798096, 95.3063049316, 95.7823104858, 96.2699279785, 96.7575454712, 97.2451705933, 97.7327880859, 98.2087936401, 98.6731948853, 99.1375961304, 99.6136016846, 100.07800293, 100.554008484, 101.030021667, 101.506027222, 101.993652344, 102.481269836, 102.957275391, 103.433288574, 103.909294128, 104.396911621, 104.884536743, 105.372154236, 105.836547852, 106.312561035, 106.77696228, 107.252967834, 107.71736908, 108.181770325, 108.669387817, 109.15700531, 109.644622803, 110.120635986, 110.596641541, 111.072654724, 111.548660278, 112.024665833, 112.500679016, 112.988296509, 113.475914001, 113.963539124, 114.474372864, 114.985214233, 115.496055603, 115.960449219, 116.424850464, 116.877639771, 117.342041016, 117.783218384, 118.224395752, 118.66557312, 119.106758118, 119.547935486, 119.989112854, 120.430290222], "danceability": 0.94153034687, "bpm_histogram_second_peak_spread": {"dvar": 0, "var": 0, "median": 0.125, "max": 0.125, "dmean": 0, "dmean2": 0, "mean": 0.125, "dvar2": 0, "min": 0.125}}, "lowlevel": {"spectral_flux": {"dvar": 0.000293685094221, "var": 0.00119120627642, "median": 0.0358852185309, "max": 0.287756860256, "dmean": 0.0123162530363, "dmean2": 0.0188377089798, "mean": 0.0418968945742, "dvar2": 0.000630507420283, "min": 6.61775426125e-11}, "spectral_rolloff": {"dvar": 1431740.875, "var": 9315697, "median": 882.861328125, "max": 21619.3359375, "dmean": 355.166320801, "dmean2": 610.673339844, "mean": 1592.16552734, "dvar2": 3408246, "min": 64.599609375}, "barkbands_flatness_db": {"dvar": 0.000329020345816, "var": 0.0026085563004, "median": 0.175563529134, "max": 0.4670560956, "dmean": 0.0166540984064, "dmean2": 0.0231526680291, "mean": 0.179500937462, "dvar2": 0.000616258126684, "min": 0.0449135117233}, "spectral_centroid": {"dvar": 90317.984375, "var": 643420.625, "median": 748.332458496, "max": 11510.3144531, "dmean": 147.799987793, "dmean2": 210.029708862, "mean": 973.209960938, "dvar2": 158113.234375, "min": 264.014678955}, "melbands_skewness": {"dvar": 0.293416261673, "var": 2.22038984299, "median": 1.76945447922, "max": 18.6075763702, "dmean": 0.447658419609, "dmean2": 0.63794362545, "mean": 1.90169513226, "dvar2": 0.596462726593, "min": -2.69406485558}, "melbands": {"dvar": [2.51036951227e-08, 3.05005926293e-07, 4.97487974371e-07, 8.46167651503e-08, 1.47260294625e-07, 2.15515015611e-07, 4.43354281288e-07, 3.53964566102e-07, 1.39430440527e-07, 3.50910980274e-08, 5.8580025275e-09, 8.45837888619e-09, 2.09276240781e-08, 9.39014821455e-09, 1.0087920721e-08, 4.74796024719e-09, 1.5964414235e-09, 8.09289968373e-10, 1.92595592252e-10, 1.56998136713e-10, 1.39733086213e-10, 3.92682136807e-11, 3.68240819781e-11, 1.28896893159e-11, 7.34480115616e-11, 1.2121564863e-10, 7.10244363322e-11, 8.81580225487e-12, 7.270038304e-12, 2.74505279618e-11, 6.06875313891e-11, 4.70181532597e-11, 2.21232285963e-11, 8.37925128588e-12, 5.87810312577e-12, 3.02058161469e-12, 2.66398968857e-12, 2.79703972657e-12, 2.90318030033e-12, 6.95493359085e-13], "var": [3.34249889988e-08, 4.26619550353e-07, 6.98787289366e-07, 2.17590198304e-07, 7.9410364151e-07, 9.54598817771e-07, 2.69351767201e-06, 2.16508237827e-06, 8.59194926761e-07, 1.7172631317e-07, 2.27448673229e-08, 2.61747707953e-08, 8.3248473004e-08, 3.60744820682e-08, 3.32017506821e-08, 1.69470606437e-08, 6.5373013669e-09, 2.23837282043e-09, 1.07765429913e-09, 5.76227565663e-10, 3.66619790082e-10, 1.71798353321e-10, 1.76990755385e-10, 3.39268127481e-11, 1.52604359704e-10, 5.7262211639e-10, 3.6480185539e-10, 1.94579300589e-11, 1.45706363641e-11, 7.11563447053e-11, 1.72242844987e-10, 1.14576494126e-10, 5.01732162761e-11, 2.34925863485e-11, 1.05972227521e-11, 6.20275879271e-12, 3.57636424815e-12, 3.28247346838e-12, 2.97184455864e-12, 7.59785788972e-13], "median": [5.3172511798e-06, 0.00010065578681, 0.000241159665165, 0.000137840441312, 0.000123379199067, 0.000308938382659, 0.000132388551719, 0.000102995225461, 7.97245884314e-05, 7.76174711064e-05, 6.52615926811e-05, 2.09071586141e-05, 2.61675850197e-05, 1.56200985657e-05, 1.90755581571e-05, 1.40535021274e-05, 6.26392966296e-06, 3.38508016284e-06, 1.96142104869e-06, 2.36670325648e-06, 2.73271348306e-06, 2.66695064965e-06, 2.19704543269e-06, 1.26078941776e-06, 7.74040131546e-07, 7.16917384125e-07, 5.63414289445e-07, 1.99357074848e-07, 1.22198443364e-07, 9.16416311725e-08, 1.21258054264e-07, 9.25947034602e-08, 8.92866509616e-08, 1.61531090725e-07, 1.79872046147e-07, 1.7618353354e-07, 5.39184163983e-08, 1.94887288529e-08, 1.49120928938e-08, 2.03102885621e-08], "max": [0.00336194271222, 0.00887733325362, 0.0164215266705, 0.00729712098837, 0.00643426319584, 0.00842870026827, 0.0167927704751, 0.0171447061002, 0.0186651404947, 0.00675491197035, 0.00197484437376, 0.00457191327587, 0.00670456653461, 0.00296400790103, 0.00283552752808, 0.00267383828759, 0.00160052871797, 0.00102612399496, 0.000591388321482, 0.000534266117029, 0.000492347462568, 0.000158099908731, 0.000159704533871, 0.00014876757632, 0.000233482496697, 0.000416739640059, 0.000330143375322, 8.77276834217e-05, 9.84242142295e-05, 0.000208815952647, 0.000225364754442, 0.000254766957369, 0.000146650039824, 8.2226782979e-05, 6.44966567052e-05, 4.63146570837e-05, 3.98625270464e-05, 4.79879126942e-05, 5.36585648661e-05, 2.01651855605e-05], "dmean": [2.93485081784e-05, 0.000185295968549, 0.000232009537285, 0.000129144304083, 0.000190141232451, 0.000246690906351, 0.000224901930778, 0.000206155891647, 0.000109354383312, 6.75073024468e-05, 4.03682133765e-05, 2.65281414613e-05, 3.81307836506e-05, 2.9142584026e-05, 3.19919199683e-05, 2.10054040508e-05, 1.27885732581e-05, 7.83913128544e-06, 3.76078833142e-06, 3.48944627149e-06, 3.34321771334e-06, 2.94659275824e-06, 2.60922138295e-06, 1.40895292589e-06, 1.88583248928e-06, 3.05573007608e-06, 2.40519807448e-06, 6.86194368882e-07, 4.70701223776e-07, 7.97932045771e-07, 1.1815286598e-06, 1.00185980045e-06, 7.85256418112e-07, 6.89681371568e-07, 6.83173425386e-07, 5.44709166661e-07, 3.8350319187e-07, 3.43038635719e-07, 2.985337062e-07, 1.77525222966e-07], "dmean2": [5.15055362484e-05, 0.000305141584249, 0.000361104728654, 0.000193492000108, 0.000277344690403, 0.000354986521415, 0.00029683377943, 0.000292198732495, 0.000144926583744, 9.23720872379e-05, 5.48740390514e-05, 3.60383965017e-05, 5.10475947522e-05, 3.92062574974e-05, 4.69656915811e-05, 3.02777898469e-05, 1.89679540199e-05, 1.19095175251e-05, 5.67227607462e-06, 5.32639842277e-06, 5.10266681886e-06, 4.44213173978e-06, 3.95032611777e-06, 2.12874215322e-06, 2.77305230156e-06, 4.18960235038e-06, 3.23651261169e-06, 1.02137255453e-06, 7.02694421761e-07, 1.21988966839e-06, 1.69422492036e-06, 1.39667554322e-06, 1.13219596187e-06, 1.02160061033e-06, 1.03767604287e-06, 8.21785704375e-07, 5.91839636854e-07, 5.39912605291e-07, 4.89100614232e-07, 2.81239124433e-07], "mean": [5.496970698e-05, 0.000378419761546, 0.000476093642646, 0.000294230412692, 0.000513151462656, 0.000689266656991, 0.000664184102789, 0.000556142360438, 0.000306045578327, 0.000176098095835, 0.000111143999675, 6.70753215672e-05, 8.6217361968e-05, 7.00573291397e-05, 7.03333353158e-05, 4.65686207463e-05, 2.68664698524e-05, 1.59546380019e-05, 9.02354804566e-06, 7.58033502279e-06, 7.54449501983e-06, 7.06479067958e-06, 6.18891135673e-06, 2.99814155369e-06, 3.79675702789e-06, 7.58011765356e-06, 5.59830095881e-06, 1.15040973014e-06, 7.11692848654e-07, 1.28936346755e-06, 1.99974556381e-06, 1.66725726558e-06, 1.21869800296e-06, 1.24478526686e-06, 1.04894240849e-06, 9.00589441244e-07, 5.04706861193e-07, 3.71155692847e-07, 3.16759496855e-07, 2.04613442634e-07], "dvar2": [6.80117793195e-08, 8.44196222261e-07, 1.2586314142e-06, 2.13488689838e-07, 3.24093889503e-07, 4.96810343975e-07, 7.2889315561e-07, 7.97185975898e-07, 2.44152261075e-07, 7.73238610918e-08, 1.24327650397e-08, 1.64352975673e-08, 3.32002620951e-08, 1.73760827948e-08, 2.22324878507e-08, 9.52706180612e-09, 3.49897599783e-09, 1.88726301253e-09, 4.06454758739e-10, 3.77784969974e-10, 3.96781968393e-10, 8.21306009313e-11, 7.57257589967e-11, 2.71557880349e-11, 1.52802243081e-10, 2.07163189381e-10, 1.20483345523e-10, 1.77387913386e-11, 1.43157690563e-11, 6.14651246567e-11, 1.21988807944e-10, 8.92933574304e-11, 4.48702568157e-11, 1.56751261277e-11, 1.36778878154e-11, 6.35060016727e-12, 6.22567102038e-12, 6.66754195258e-12, 7.56305608418e-12, 1.6876723543e-12], "min": [1.35138460053e-24, 2.38940880039e-24, 3.3803056609e-24, 2.79283680327e-24, 3.69664440592e-24, 2.62917321177e-24, 3.15206414077e-24, 3.01024351609e-24, 2.15185043853e-24, 4.03372545959e-24, 5.38028578125e-24, 5.3809354082e-24, 5.37051810552e-24, 6.29730621242e-24, 4.63781502485e-24, 4.14062991731e-24, 5.43386245292e-24, 3.73185166255e-24, 4.10623124311e-24, 4.30209081195e-24, 5.13067125818e-24, 4.51415752808e-24, 3.19890295423e-24, 2.32160186685e-24, 4.26161475333e-24, 3.64444074666e-24, 5.48449075695e-24, 5.82543486247e-24, 6.04539255424e-24, 6.54815056965e-24, 4.85875839832e-24, 5.77247074129e-24, 8.25369466801e-24, 8.75930165457e-24, 1.02199691285e-23, 8.9819813109e-24, 8.74563700597e-24, 7.09132705683e-24, 9.48672843908e-24, 7.60562413512e-24]}, "spectral_decrease": {"dvar": 2.36942226192e-18, "var": 1.82997795572e-17, "median": -3.10279157922e-09, "max": 7.61256766187e-17, "dmean": 9.58597201617e-10, "dmean2": 1.33630473353e-09, "mean": -4.35735447724e-09, "dvar2": 4.97417616733e-18, "min": -2.71573536992e-08}, "barkbands_kurtosis": {"dvar": 12.3005456924, "var": 88.7326965332, "median": 3.30024909973, "max": 83.3781661987, "dmean": 2.3047683239, "dmean2": 3.46609544754, "mean": 5.7768702507, "dvar2": 27.2206268311, "min": -1.92029345036}, "silence_rate_30dB": {"dvar": 0, "var": 0, "median": 1, "max": 1, "dmean": 0, "dmean2": 0, "mean": 1, "dvar2": 0, "min": 1}, "gfcc": {"mean": [-107.217399597, 106.528366089, -118.889007568, -5.58287286758, -70.2797470093, 1.94660496712, -39.1226768494, -1.92398715019, -21.7832145691, -10.9634218216, -11.5890731812, -3.79861998558, -20.4201393127], "cov": [[36774.0390625, 2910.1887207, -3387.49682617, 1254.47131348, -1918.70483398, -940.977050781, -2055.39160156, -379.808868408, -959.381164551, -394.423706055, -111.206771851, -90.572303772, -959.568115234], [2910.1887207, 2168.5925293, -712.701599121, -276.644866943, 103.872383118, -279.108551025, -88.2994766235, -84.9768371582, -16.8972148895, -252.948928833, 85.6279525757, -45.9993019104, -45.5310020447], [-3387.49682617, -712.701599121, 1117.42602539, 136.40965271, 164.341186523, 207.884536743, 261.999298096, 180.837814331, 69.2568740845, 94.4698257446, -79.2705841064, 90.8044967651, 42.8067779541], [1254.47131348, -276.644866943, 136.40965271, 547.098022461, -82.354133606, 3.23706316948, -45.1582832336, 6.02131414413, -1.1343755722, -17.4976921082, -12.9221191406, -15.9861898422, -67.7800369263], [-1918.70483398, 103.872383118, 164.341186523, -82.354133606, 444.441589355, 35.8676795959, 49.2308197021, 11.341553688, 61.5507164001, 14.1018695831, -40.0981025696, 5.01102590561, 87.3304901123], [-940.977050781, -279.108551025, 207.884536743, 3.23706316948, 35.8676795959, 279.683227539, 81.9019088745, 16.2659416199, 41.9286308289, 46.0042228699, -51.5475463867, -20.6206359863, 37.1228141785], [-2055.39160156, -88.2994766235, 261.999298096, -45.1582832336, 49.2308197021, 81.9019088745, 355.152160645, 124.746437073, 72.3796005249, 24.2097511292, 27.4302787781, 2.78217101097, -8.64695739746], [-379.808868408, -84.9768371582, 180.837814331, 6.02131414413, 11.341553688, 16.2659416199, 124.746437073, 185.379745483, 34.5516548157, 24.8610343933, 8.04687595367, 33.7165298462, -16.8231296539], [-959.381164551, -16.8972148895, 69.2568740845, -1.1343755722, 61.5507164001, 41.9286308289, 72.3796005249, 34.5516548157, 144.370529175, 51.2476196289, 4.82820081711, 17.0389556885, 31.0987148285], [-394.423706055, -252.948928833, 94.4698257446, -17.4976921082, 14.1018695831, 46.0042228699, 24.2097511292, 24.8610343933, 51.2476196289, 161.04196167, 7.47759103775, 23.7080059052, 8.62024497986], [-111.206771851, 85.6279525757, -79.2705841064, -12.9221191406, -40.0981025696, -51.5475463867, 27.4302787781, 8.04687595367, 4.82820081711, 7.47759103775, 179.987808228, 13.9120235443, -39.3779029846], [-90.572303772, -45.9993019104, 90.8044967651, -15.9861898422, 5.01102590561, -20.6206359863, 2.78217101097, 33.7165298462, 17.0389556885, 23.7080059052, 13.9120235443, 128.700454712, 26.5000267029], [-959.568115234, -45.5310020447, 42.8067779541, -67.7800369263, 87.3304901123, 37.1228141785, -8.64695739746, -16.8231296539, 31.0987148285, 8.62024497986, -39.3779029846, 26.5000267029, 162.317001343]], "icov": [[0.000169145860127, -0.000276385922916, 0.000337829551427, -0.000439729745267, 0.000408171385061, -0.000201761882636, 0.00064532563556, -0.000509050383698, 0.000694714544807, -0.000479089736473, 0.000453548796941, -0.00036118569551, 0.000519190041814], [-0.000276385922916, 0.0013117773924, -0.000148207996972, 0.00107781856786, -0.00103254604619, 0.000738605507649, -0.00108599232044, 0.000820591871161, -0.00168775964994, 0.00202804082073, -0.000846283393912, 0.000510956102517, -0.000436047528638], [0.000337829551427, -0.000148207996972, 0.00256181741133, -0.00132777658291, 0.000108357067802, -0.00104748283047, 0.000348878151271, -0.00179305206984, 0.00177577685099, -0.000944220635574, 0.00145012198482, -0.00194579840172, 0.00111891317647], [-0.000439729745267, 0.00107781856786, -0.00132777658291, 0.00355496956035, -0.000756788707804, 0.000789049954619, -0.000911020033527, 0.00134976767004, -0.00279499497265, 0.00230101216584, -0.00115937495138, 0.00139714847319, -0.000240558292717], [0.000408171385061, -0.00103254604619, 0.000108357067802, -0.000756788707804, 0.00400889618322, -0.000306848669425, 0.00162229174748, -0.00101829052437, 0.000833740341477, -0.0014134690864, 0.00138463638723, -0.000217170090764, -4.03756130254e-05], [-0.000201761882636, 0.000738605507649, -0.00104748283047, 0.000789049954619, -0.000306848669425, 0.00542829185724, -0.00149881688412, 0.00128671620041, -0.00178290868644, 0.000199527290533, 0.000379948847694, 0.00196190946735, -0.00129984121304], [0.00064532563556, -0.00108599232044, 0.000348878151271, -0.000911020033527, 0.00162229174748, -0.00149881688412, 0.00743725616485, -0.00424721371382, 0.00083173206076, -0.00100942479912, 0.00057529611513, -0.000150422783918, 0.00252224411815], [-0.000509050383698, 0.000820591871161, -0.00179305206984, 0.00134976767004, -0.00101829052437, 0.00128671620041, -0.00424721371382, 0.00969886686653, -0.00276398542337, 0.00112514430657, -0.00107083143666, -0.000474007189041, -0.000422700453782], [0.000694714544807, -0.00168775964994, 0.00177577685099, -0.00279499497265, 0.000833740341477, -0.00178290868644, 0.00083173206076, -0.00276398542337, 0.0129630323499, -0.00543690333143, 0.0016003747005, -0.00227157934569, 0.00027932508965], [-0.000479089736473, 0.00202804082073, -0.000944220635574, 0.00230101216584, -0.0014134690864, 0.000199527290533, -0.00100942479912, 0.00112514430657, -0.00543690333143, 0.0108907138929, -0.00205858424306, 0.000159492890816, -0.000337956269505], [0.000453548796941, -0.000846283393912, 0.00145012198482, -0.00115937495138, 0.00138463638723, 0.000379948847694, 0.00057529611513, -0.00107083143666, 0.0016003747005, -0.00205858424306, 0.00798186473548, -0.00213773944415, 0.00275319628417], [-0.00036118569551, 0.000510956102517, -0.00194579840172, 0.00139714847319, -0.000217170090764, 0.00196190946735, -0.000150422783918, -0.000474007189041, -0.00227157934569, 0.000159492890816, -0.00213773944415, 0.0108454329893, -0.00314682046883], [0.000519190041814, -0.000436047528638, 0.00111891317647, -0.000240558292717, -4.03756130254e-05, -0.00129984121304, 0.00252224411815, -0.000422700453782, 0.00027932508965, -0.000337956269505, 0.00275319628417, -0.00314682046883, 0.0102678909898]]}, "silence_rate_20dB": {"dvar": 0, "var": 0, "median": 1, "max": 1, "dmean": 0, "dmean2": 0, "mean": 1, "dvar2": 0, "min": 1}, "barkbands_skewness": {"dvar": 0.195043221116, "var": 2.35373568535, "median": 1.43806219101, "max": 6.67331838608, "dmean": 0.405504971743, "dmean2": 0.585500597954, "mean": 1.34015512466, "dvar2": 0.410691082478, "min": -8.37464904785}, "erbbands_skewness": {"dvar": 0.115392886102, "var": 0.943380713463, "median": 0.805553257465, "max": 6.30814361572, "dmean": 0.317428946495, "dmean2": 0.453371942043, "mean": 0.792515456676, "dvar2": 0.232413604856, "min": -4.30446958542}, "spectral_contrast_valleys": {"dvar": [0.135480761528, 0.0738869160414, 0.0630350708961, 0.0681546032429, 0.103586271405, 0.19017329812], "var": [4.07665634155, 4.82086658478, 4.03079414368, 4.08123064041, 3.8601565361, 3.29258942604], "median": [-8.69183158875, -6.97699117661, -7.73925161362, -8.51705265045, -8.79604244232, -11.3549346924], "max": [-5.57680511475, -4.87077999115, -5.81432104111, -6.37271881104, -6.22865152359, -8.03952693939], "dmean": [0.398300170898, 0.276189446449, 0.244984507561, 0.242104619741, 0.235625877976, 0.288265734911], "dmean2": [0.653827369213, 0.431223064661, 0.371491074562, 0.363160043955, 0.331319361925, 0.359130352736], "mean": [-9.11218166351, -7.64796543121, -8.22991943359, -9.09274291992, -9.39898300171, -11.6741523743], "dvar2": [0.338354498148, 0.155133590102, 0.123106338084, 0.121219389141, 0.167788311839, 0.289639770985], "min": [-27.8539104462, -27.4426116943, -27.5358848572, -27.5428104401, -27.4489841461, -27.3187351227]}, "spectral_strongpeak": {"dvar": 0.445976883173, "var": 1.3938703537, "median": 0.841190636158, "max": 11.7353658676, "dmean": 0.372246265411, "dmean2": 0.594477057457, "mean": 1.16942799091, "dvar2": 1.10334348679, "min": 0}, "erbbands_crest": {"dvar": 4.66124248505, "var": 26.4748497009, "median": 10.4257230759, "max": 33.2529754639, "dmean": 2.18334436417, "dmean2": 3.27647686005, "mean": 11.6133241653, "dvar2": 10.6512022018, "min": 2.5263607502}, "barkbands_crest": {"dvar": 3.51911354065, "var": 22.5804042816, "median": 10.0852441788, "max": 25.6930370331, "dmean": 1.90156126022, "dmean2": 2.81447792053, "mean": 11.2780380249, "dvar2": 7.97927904129, "min": 3.40007901192}, "spectral_energyband_middle_low": {"dvar": 2.63962701865e-05, "var": 0.000184596894542, "median": 0.00843927077949, "max": 0.0924215093255, "dmean": 0.00317333685234, "dmean2": 0.0044032568112, "mean": 0.0129256779328, "dvar2": 5.46993251191e-05, "min": 2.12592359402e-22}, "spectral_contrast_coeffs": {"dvar": [0.00115057744551, 0.00092167238472, 0.000605818408076, 0.000512101862114, 0.000340274855262, 0.000257032457739], "var": [0.0123475128785, 0.00897692516446, 0.00494250748307, 0.00548343965784, 0.00455468986183, 0.00293436087668], "median": [-0.571020841599, -0.664830207825, -0.71121609211, -0.742172956467, -0.752061843872, -0.782519459724], "max": [-0.284564197063, -0.351910918951, -0.476850569248, -0.490190088749, -0.513528168201, -0.58426618576], "dmean": [0.0393576137722, 0.033736795187, 0.0277035813779, 0.0260061770678, 0.0200070738792, 0.0151615533978], "dmean2": [0.0639404579997, 0.0518620684743, 0.0416343025863, 0.0399518460035, 0.0301419720054, 0.0228386111557], "mean": [-0.579603672028, -0.660606026649, -0.712445437908, -0.739761352539, -0.755018591881, -0.78367960453], "dvar2": [0.00302405981347, 0.0022071863059, 0.00137528125197, 0.00116570445243, 0.000706430815626, 0.000515874649864], "min": [-0.975261807442, -0.973630428314, -0.982772350311, -0.966604828835, -0.962311208248, -0.964235842228]}, "hfc": {"dvar": 24.6027889252, "var": 179.434844971, "median": 7.51757287979, "max": 103.271057129, "dmean": 2.80542349815, "dmean2": 3.75749731064, "mean": 12.0108270645, "dvar2": 45.1659164429, "min": 1.14205822855e-16}, "spectral_energyband_high": {"dvar": 3.51192397829e-07, "var": 1.17994932225e-06, "median": 4.67594727525e-05, "max": 0.0172368120402, "dmean": 0.000151153930346, "dmean2": 0.000211334743653, "mean": 0.000277390150586, "dvar2": 6.03894704909e-07, "min": 7.52834927722e-21}, "erbbands_spread": {"dvar": 68.2460098267, "var": 345.040374756, "median": 22.1102752686, "max": 144.550384521, "dmean": 5.1272726059, "dmean2": 7.36672449112, "mean": 26.3317375183, "dvar2": 143.06829834, "min": 1.64614009857}, "dissonance": {"dvar": 0.000555006263312, "var": 0.00213644141331, "median": 0.429289132357, "max": 0.499954372644, "dmean": 0.0238766483963, "dmean2": 0.0393559634686, "mean": 0.421574443579, "dvar2": 0.00143574748654, "min": 0.203916430473}, "spectral_kurtosis": {"dvar": 22.7753753662, "var": 100.56502533, "median": 8.12817955017, "max": 91.8051605225, "dmean": 3.2197561264, "dmean2": 5.32032155991, "mean": 10.4541816711, "dvar2": 62.1620941162, "min": -1.22859025002}, "spectral_skewness": {"dvar": 0.138013586402, "var": 0.820679605007, "median": 2.28367090225, "max": 7.34213161469, "dmean": 0.311590462923, "dmean2": 0.488582164049, "mean": 2.35055494308, "dvar2": 0.339737027884, "min": -0.250089585781}, "pitch_salience": {"dvar": 0.00232066446915, "var": 0.0171602144837, "median": 0.551281392574, "max": 0.944426357746, "dmean": 0.0510665252805, "dmean2": 0.0766402557492, "mean": 0.544511020184, "dvar2": 0.00548313977197, "min": 0.160259455442}, "spectral_complexity": {"dvar": 2.71160507202, "var": 41.8284683228, "median": 12, "max": 44, "dmean": 1.53279626369, "dmean2": 2.37214660645, "mean": 11.6918506622, "dvar2": 5.68934011459, "min": 0}, "spectral_spread": {"dvar": 778672865280, "var": 7840111525890.0, "median": 3330452.5, "max": 41577416, "dmean": 507393.5625, "dmean2": 713444.625, "mean": 4109370, "dvar2": 1496305500160.0, "min": 766718.1875}, "dynamic_complexity": 6.36569404602, "melbands_crest": {"dvar": 5.74566411972, "var": 35.7875900269, "median": 12.9115409851, "max": 33.6440582275, "dmean": 2.30251908302, "dmean2": 3.46239447594, "mean": 14.0852622986, "dvar2": 13.066991806, "min": 1.59301829338}, "zerocrossingrate": {"dvar": 0.000230203469982, "var": 0.0103919105604, "median": 0.0390625, "max": 0.81396484375, "dmean": 0.00862854998559, "dmean2": 0.00962999649346, "mean": 0.0618083551526, "dvar2": 0.000225596362725, "min": 0.009765625}, "spectral_energyband_low": {"dvar": 6.54416135148e-06, "var": 8.36245726532e-06, "median": 0.000761486124247, "max": 0.0415855571628, "dmean": 0.000892392068636, "dmean2": 0.00144943792839, "mean": 0.00182798388414, "dvar2": 1.77593647095e-05, "min": 2.15349576572e-23}, "melbands_kurtosis": {"dvar": 73.6584854126, "var": 268.724029541, "median": 5.54988288879, "max": 413.132232666, "dmean": 3.75745177269, "dmean2": 5.47676086426, "mean": 9.34351825714, "dvar2": 138.085159302, "min": -1.83782660961}, "spectral_energyband_middle_high": {"dvar": 2.7239600513e-06, "var": 1.93739870156e-05, "median": 0.00163239927497, "max": 0.0516703091562, "dmean": 0.000846311682835, "dmean2": 0.00113695813343, "mean": 0.00312785501592, "dvar2": 4.86781436848e-06, "min": 1.06625984144e-21}, "barkbands_spread": {"dvar": 43.4886322021, "var": 142.044555664, "median": 10.4129400253, "max": 153.767227173, "dmean": 3.40980792046, "dmean2": 4.97716760635, "mean": 13.3943128586, "dvar2": 86.7683334351, "min": 1.15364313126}, "mfcc": {"mean": [-736.87677002, 144.215286255, -2.79413127899, -4.53936958313, -11.3693189621, -6.73969173431, -12.6380214691, 5.29331159592, -16.7274894714, -2.53097820282, -4.14410734177, -2.24797916412, -1.68555009365], "cov": [[16745.5273438, 2415.26782227, -659.226196289, 768.614440918, -299.053161621, -472.27142334, -803.559814453, -105.065940857, -1251.39550781, -286.91897583, -16.1502780914, -79.7360916138, -21.0850830078], [2415.26782227, 2241.33081055, -503.33001709, 22.6899452209, 76.3279647827, -148.812362671, -115.341720581, 108.444236755, -230.191101074, -76.9536437988, -55.9595603943, -64.3393707275, -20.1930103302], [-659.226196289, -503.33001709, 615.687438965, 98.0537185669, 8.48574829102, 79.3753662109, 102.974159241, 77.7724380493, 149.696777344, 0.0187830775976, 28.6384315491, 39.1374397278, -16.4714813232], [768.614440918, 22.6899452209, 98.0537185669, 384.551147461, 20.1302108765, -38.6628913879, -38.0107688904, 75.7156524658, -39.6004981995, -5.03768062592, 65.4663314819, 16.2966403961, 21.3449420929], [-299.053161621, 76.3279647827, 8.48574829102, 20.1302108765, 306.704437256, 73.5667648315, -11.9020748138, -44.3222808838, 80.3869781494, -11.0983314514, -28.7947502136, -34.5724754333, -48.7007293701], [-472.27142334, -148.812362671, 79.3753662109, -38.6628913879, 73.5667648315, 203.573364258, 27.9847431183, -28.7755146027, 96.9965515137, 23.7517433167, 4.51910114288, 14.8517227173, -24.911567688], [-803.559814453, -115.341720581, 102.974159241, -38.0107688904, -11.9020748138, 27.9847431183, 191.297439575, 60.7080039978, 71.8308639526, 50.5272636414, 10.8459434509, 41.5746116638, 3.53996682167], [-105.065940857, 108.444236755, 77.7724380493, 75.7156524658, -44.3222808838, -28.7755146027, 60.7080039978, 191.01348877, 13.9262857437, 19.7079849243, 34.3072509766, 22.1933383942, 26.2007255554], [-1251.39550781, -230.191101074, 149.696777344, -39.6004981995, 80.3869781494, 96.9965515137, 71.8308639526, 13.9262857437, 346.743560791, 3.33515191078, 31.1949100494, 20.9939365387, -52.2629585266], [-286.91897583, -76.9536437988, 0.0187830775976, -5.03768062592, -11.0983314514, 23.7517433167, 50.5272636414, 19.7079849243, 3.33515191078, 174.596542358, 12.7189998627, 23.1115055084, 33.7517623901], [-16.1502780914, -55.9595603943, 28.6384315491, 65.4663314819, -28.7947502136, 4.51910114288, 10.8459434509, 34.3072509766, 31.1949100494, 12.7189998627, 154.613800049, 34.3068618774, 21.1279392242], [-79.7360916138, -64.3393707275, 39.1374397278, 16.2966403961, -34.5724754333, 14.8517227173, 41.5746116638, 22.1933383942, 20.9939365387, 23.1115055084, 34.3068618774, 141.7006073, 20.9479293823], [-21.0850830078, -20.1930103302, -16.4714813232, 21.3449420929, -48.7007293701, -24.911567688, 3.53996682167, 26.2007255554, -52.2629585266, 33.7517623901, 21.1279392242, 20.9479293823, 173.45866394]], "icov": [[0.000122252051369, -0.000107557760202, -5.86610840401e-05, -0.000193377461983, 0.000121569653857, -2.50793141277e-06, 0.000301675143419, 0.000131731969304, 0.000303639884805, 3.66395397577e-05, -2.37767490034e-05, -8.4618011897e-05, 0.000125754639157], [-0.000107557760202, 0.000775473075919, 0.000600439030677, 0.000200918540941, -0.000461923656985, 0.000139173658681, -0.000103757010947, -0.000946765299886, 9.54297411226e-06, 0.000224093193538, 0.000154564433615, 6.726814172e-05, 7.72373896325e-05], [-5.86610840401e-05, 0.000600439030677, 0.00268388330005, -0.000673771486618, -3.65317646356e-05, -0.000637653109152, -0.000959600263741, -0.0010982042877, -0.000638213765342, 0.000596787023824, 0.00039039197145, -2.94838846457e-05, 0.000131763270474], [-0.000193377461983, 0.000200918540941, -0.000673771486618, 0.00396952265874, -0.00111238099635, 0.000692516448908, 0.000920835125726, -0.00165417522658, 0.000226502437727, -0.00018229757552, -0.00136498128995, -0.000282404624159, -0.000230274556088], [0.000121569653857, -0.000461923656985, -3.65317646356e-05, -0.00111238099635, 0.00455459440127, -0.00137263524812, 0.000149727304233, 0.00132901233155, -0.000777115521487, -1.2780094039e-05, 0.00080321187852, 0.000842497451231, 0.000541006738786], [-2.50793141277e-06, 0.000139173658681, -0.000637653109152, 0.000692516448908, -0.00137263524812, 0.00669989688322, 8.41631208459e-06, 0.000867315218784, -0.00102307880297, -0.000947949243709, -0.00038091870374, -0.000665891042445, 0.00031879672315], [0.000301675143419, -0.000103757010947, -0.000959600263741, 0.000920835125726, 0.000149727304233, 8.41631208459e-06, 0.00862625893205, -0.00218134862371, -1.06157713162e-05, -0.00164962711278, 0.000134168119985, -0.0017113086069, 0.000524960225448], [0.000131731969304, -0.000946765299886, -0.0010982042877, -0.00165417522658, 0.00132901233155, 0.000867315218784, -0.00218134862371, 0.00835910905153, -0.00033731511212, -0.000419843941927, -0.000733381253667, 9.51536712819e-05, -0.00065745372558], [0.000303639884805, 9.54297411226e-06, -0.000638213765342, 0.000226502437727, -0.000777115521487, -0.00102307880297, -1.06157713162e-05, -0.00033731511212, 0.00508469715714, 0.000437804381363, -0.00111924624071, -0.00044284836622, 0.00127223180607], [3.66395397577e-05, 0.000224093193538, 0.000596787023824, -0.00018229757552, -1.2780094039e-05, -0.000947949243709, -0.00164962711278, -0.000419843941927, 0.000437804381363, 0.00678830686957, -0.000136506263516, -0.000357479468221, -0.00106216955464], [-2.37767490034e-05, 0.000154564433615, 0.00039039197145, -0.00136498128995, 0.00080321187852, -0.00038091870374, 0.000134168119985, -0.0007333812536