{"metadata": {"audio_properties": {"downmix": "mix", "bit_rate": 128000, "lossless": false, "md5_encoded": "ec85a69f3c05dc9ad349a1fbfec4784b", "analysis_sample_rate": 44100, "sample_rate": 44100, "replay_gain": -12.7433605194, "equal_loudness": 0, "codec": "mp3", "length": 201.16897583}, "tags": {"musicbrainz_albumid": ["059a972a-fd05-4d27-93ae-aae22d36bf7d"], "musicbrainz_recordingid": ["6fcf8f67-eef3-435d-9fc3-7228a2cf4aa7"], "tracknumber": ["8/11"], "artist": ["Latin Quarter"], "acoustid_id": ["4044ab47-a214-4b84-a1a6-dc802587a7d9"], "musicbrainz album release country": ["DE"], "barcode": ["0035627405129"], "album": ["Modern Times"], "musicbrainz album type": ["album"], "originaldate": ["1985"], "albumartist": ["Latin Quarter"], "asin": ["B00003IQLU"], "contentgroup": ["Rock"], "media": ["CD"], "musicbrainz_albumartistid": ["e36d9cdb-cc22-4df0-8af6-43a1c6ffe781"], "file_name": "Latin Quarter - Seaport September.mp3", "musicbrainz_workid": ["a00b3116-8f1b-4a5b-a89f-a8e5dba1cb55"], "bpm": ["112"], "writer": ["Mike Jones/Steve Skaith"], "musicbrainz_artistid": ["e36d9cdb-cc22-4df0-8af6-43a1c6ffe781"], "catalognumber": ["ND74051"], "albumartistsort": ["Latin Quarter"], "script": ["Latn"], "label": ["RCA"], "work": ["Seaport September"], "musicbrainz album status": ["official"], "date": ["1985"], "title": ["Seaport September"], "language": ["eng"], "discnumber": ["1/1"], "musicbrainz_releasegroupid": ["e5b4fbdd-54ab-3a37-aae4-df4a1aca97fc"], "originalyear": ["1985"], "genre": ["Rock; Rockabilly; Neo-Soul"]}, "version": {"essentia_build_sha": "70f2e5ece6736b2c40cc944ad0e695b16b925413", "essentia_git_sha": "v2.1_beta2", "extractor": "music 1.0", "essentia": "2.1-beta2"}}, "tonal": {"chords_scale": "major", "hpcp": {"dmean": [0.164750784636, 0.160156667233, 0.151911601424, 0.160023078322, 0.128814294934, 0.102109894156, 0.118941925466, 0.128648728132, 0.155950590968, 0.166916280985, 0.123832866549, 0.0851111859083, 0.0787547007203, 0.0840552002192, 0.108657464385, 0.123158022761, 0.109288714826, 0.0962995141745, 0.13497300446, 0.137317895889, 0.139352679253, 0.150343298912, 0.137932047248, 0.123013302684, 0.121406577528, 0.105027705431, 0.0811731889844, 0.0804246813059, 0.105623550713, 0.152155816555, 0.166079044342, 0.15187497437, 0.0978651195765, 0.0794545188546, 0.0876604691148, 0.133744105697], "dvar2": [0.127621844411, 0.11604308337, 0.106130555272, 0.120871737599, 0.0962726026773, 0.0875499472022, 0.114624902606, 0.121009126306, 0.113664485514, 0.131482198834, 0.0923319533467, 0.0786402225494, 0.0780993551016, 0.0755553543568, 0.0909018218517, 0.0966165587306, 0.0960759669542, 0.0868971124291, 0.166238293052, 0.146102622151, 0.140400454402, 0.165743425488, 0.136351376772, 0.104724869132, 0.105974636972, 0.0906789004803, 0.073646850884, 0.0713753849268, 0.0958537235856, 0.124311998487, 0.131611868739, 0.138745501637, 0.0905111581087, 0.0772477015853, 0.0793282911181, 0.0978939756751], "mean": [0.277519971132, 0.211116939783, 0.199305191636, 0.241420984268, 0.159024193883, 0.0966026037931, 0.108573444188, 0.125737115741, 0.216998979449, 0.260518491268, 0.150564849377, 0.07675370574, 0.0723666474223, 0.0784960314631, 0.139000877738, 0.179100185633, 0.123703755438, 0.0864918455482, 0.122821711004, 0.139056518674, 0.134187608957, 0.138084113598, 0.121017195284, 0.135380238295, 0.149288013577, 0.104805141687, 0.0697431191802, 0.0678838565946, 0.0914824679494, 0.185929700732, 0.250740677118, 0.172229796648, 0.0884738042951, 0.0710055083036, 0.0783544629812, 0.182554289699], "var": [0.123103529215, 0.0654693320394, 0.0686822459102, 0.105726577342, 0.0492745451629, 0.0274557285011, 0.0361697822809, 0.0412171036005, 0.0753071606159, 0.107304632664, 0.0418681502342, 0.0213946979493, 0.0212278589606, 0.0220529381186, 0.0441405102611, 0.0738184005022, 0.0372535102069, 0.0302626546472, 0.0607481524348, 0.0674292966723, 0.0528913289309, 0.0530914999545, 0.0399807691574, 0.0505865849555, 0.0635208413005, 0.0333447568119, 0.020365620032, 0.0189561415464, 0.0294495616108, 0.0688620507717, 0.109673932195, 0.0645729154348, 0.0297223255038, 0.0265274494886, 0.024319274351, 0.0611913017929], "dmean2": [0.283140927553, 0.276857674122, 0.258304923773, 0.2694452703, 0.22050216794, 0.181382507086, 0.213603466749, 0.227816447616, 0.266413271427, 0.284769177437, 0.214966610074, 0.155136287212, 0.142761752009, 0.150340795517, 0.188416332006, 0.212595939636, 0.193170621991, 0.173579737544, 0.246150940657, 0.242314115167, 0.246848300099, 0.271905809641, 0.252477198839, 0.217636317015, 0.21304307878, 0.185682818294, 0.146879136562, 0.14698985219, 0.191140562296, 0.261367946863, 0.283576458693, 0.267132014036, 0.176578342915, 0.14403052628, 0.157175242901, 0.226045921445], "dvar": [0.0541024766862, 0.0426367521286, 0.0411806069314, 0.0516005419195, 0.0361784547567, 0.0316887125373, 0.0418249666691, 0.0443536713719, 0.0442056506872, 0.0525698848069, 0.0339415930212, 0.0277272444218, 0.0271444637328, 0.0266591254622, 0.0333528779447, 0.0378423966467, 0.0347219966352, 0.0316742993891, 0.0596017464995, 0.0570212826133, 0.0530212409794, 0.0607990249991, 0.0487423054874, 0.0393212847412, 0.0405877009034, 0.0326673462987, 0.0257558375597, 0.024954456836, 0.0338895879686, 0.0466930046678, 0.053977958858, 0.0509219244123, 0.0323906056583, 0.0277026966214, 0.0285879634321, 0.0383730605245], "min": [0, 0, 0, 0, 0, 0, 0, 0, 0, 0, 0, 0, 0, 0, 0, 0, 0, 0, 0, 0, 0, 0, 0, 0, 0, 0, 0, 0, 0, 0, 0, 0, 0, 0, 0, 0], "median": [0.0893211886287, 0.0905494093895, 0.0752312242985, 0.0706347823143, 0.0562804676592, 0.0367137975991, 0.0365283712745, 0.048528380692, 0.0876804068685, 0.0928888767958, 0.0636893585324, 0.0284514836967, 0.0241912715137, 0.0270792767406, 0.0479507520795, 0.0518964454532, 0.0400392785668, 0.0209720153362, 0.0157619882375, 0.0215776916593, 0.0381691455841, 0.0456967875361, 0.0405364334583, 0.035758793354, 0.0352282039821, 0.0289798267186, 0.0187097750604, 0.0195264983922, 0.0267816726118, 0.058937266469, 0.0764281153679, 0.049758952111, 0.0217159036547, 0.0159366112202, 0.0216179471463, 0.0622990764678], "max": [1, 1, 1, 1, 1, 1, 1, 1, 1, 1, 1, 1, 1, 1, 1, 1, 1, 1, 1, 1, 1, 1, 1, 1, 1, 1, 1, 1, 1, 1, 1, 1, 1, 1, 1, 1]}, "tuning_equal_tempered_deviation": 0.0298339538276, "chords_key": "F", "chords_strength": {"dmean": 0.011552169919, "dvar2": 0.000119021751743, "mean": 0.451710760593, "var": 0.0116670336574, "dmean2": 0.0121243810281, "dvar": 8.71453958098e-05, "min": 0.206807762384, "median": 0.437725573778, "max": 0.780459463596}, "tuning_diatonic_strength": 0.525065422058, "thpcp": [1, 0.760726988316, 0.71816521883, 0.869922935963, 0.573018908501, 0.34809243679, 0.391227513552, 0.453074127436, 0.78192204237, 0.938737809658, 0.542536973953, 0.276570022106, 0.26076194644, 0.282848238945, 0.500868022442, 0.645359635353, 0.445747226477, 0.311659902334, 0.442568898201, 0.501068532467, 0.483524143696, 0.497564613819, 0.436066627502, 0.487821608782, 0.537936091423, 0.377649009228, 0.251308470964, 0.244608908892, 0.329642832279, 0.669968724251, 0.90350496769, 0.620603263378, 0.31880158186, 0.255857288837, 0.282338112593, 0.657805979252], "chords_histogram": [16.778213501, 11.3085622787, 11.539349556, 0.646203577518, 1.96168935299, 1.01546275616, 8.40064620972, 3.00023078918, 0.900069236755, 0.438495278358, 0, 0.0692360922694, 0.392337858677, 0.484652668238, 0.0230786986649, 0.646203577518, 0, 0.923147916794, 1.7309024334, 7.15439653397, 2.70020771027, 9.32379436493, 8.95453453064, 11.6085853577], "tuning_nontempered_energy_ratio": 0.724094629288, "tuning_frequency": 449.504882812, "key_strength": 0.612946033478, "chords_changes_rate": 0.104084931314, "key_scale": "major", "hpcp_entropy": {"dmean": 0.698555469513, "dvar2": 0.900356829166, "mean": 2.07087302208, "var": 0.794680774212, "dmean2": 1.16979777813, "dvar": 0.350402981043, "min": 0, "median": 2.12253546715, "max": 4.5044965744}, "key_key": "F", "chords_number_rate": 0.00300023076124}, "lowlevel": {"melbands_skewness": {"dmean": 0.893875539303, "dvar2": 3.01176643372, "mean": 2.80236124992, "var": 13.8110284805, "dmean2": 1.33433377743, "dvar": 1.61850702763, "min": -4.52642917633, "median": 2.15138745308, "max": 58.7355804443}, "melbands_kurtosis": {"dmean": 10.8159809113, "dvar2": 7270.66796875, "mean": 25.4457740784, "var": 27783.7597656, "dmean2": 16.9237232208, "dvar": 4208.33398438, "min": -1.92254984379, "median": 5.59548091888, "max": 4383.85888672}, "barkbands_kurtosis": {"dmean": 4.60772037506, "dvar2": 2880.52709961, "mean": 12.575753212, "var": 13528.9238281, "dmean2": 7.25828886032, "dvar": 1827.04431152, "min": -1.95105433464, "median": 0.944086074829, "max": 3650.52905273}, "hfc": {"dmean": 11.9166650772, "dvar2": 1330.88708496, "mean": 24.1833400726, "var": 1611.25793457, "dmean2": 16.6288337708, "dvar": 654.144897461, "min": 1.13713193787e-16, "median": 10.3258981705, "max": 617.045898438}, "silence_rate_20dB": {"dmean": 0, "dvar2": 0, "mean": 1, "var": 0, "dmean2": 0, "dvar": 0, "min": 1, "median": 1, "max": 1}, "erbbands_flatness_db": {"dmean": 0.022228134796, "dvar2": 0.000920038379263, "mean": 0.162250623107, "var": 0.00213415385224, "dmean2": 0.030854454264, "dvar": 0.00050241855206, "min": 0.0262059271336, "median": 0.157481372356, "max": 0.33422511816}, "spectral_flux": {"dmean": 0.0271430332214, "dvar2": 0.00317694805562, "mean": 0.0775405988097, "var": 0.00354405143298, "dmean2": 0.0407747551799, "dvar": 0.00152428890578, "min": 1.05084628499e-10, "median": 0.0618459843099, "max": 0.3665343225}, "spectral_energyband_low": {"dmean": 0.00476718368009, "dvar2": 0.000286102789687, "mean": 0.00597570464015, "var": 0.00014959917462, "dmean2": 0.00736690266058, "dvar": 0.000129502499476, "min": 4.13805475977e-23, "median": 0.00196168525144, "max": 0.156782001257}, "spectral_rolloff": {"dmean": 796.822143555, "dvar2": 4033358.5, "mean": 2096.17822266, "var": 4939153.5, "dmean2": 1334.01953125, "dvar": 1844256.75, "min": 21.533203125, "median": 1378.125, "max": 19853.6132812}, "spectral_entropy": {"dmean": 0.193301081657, "dvar2": 0.106737889349, "mean": 7.68836927414, "var": 0.282391428947, "dmean2": 0.278296738863, "dvar": 0.0548257939517, "min": 5.59884548187, "median": 7.73514699936, "max": 9.79333305359}, "spectral_energy": {"dmean": 0.0100691374391, "dvar2": 0.000707183789928, "mean": 0.020567227155, "var": 0.000503266288433, "dmean2": 0.0146408481523, "dvar": 0.000320746097714, "min": 1.06866977238e-20, "median": 0.0140648921952, "max": 0.230497360229}, "spectral_centroid": {"dmean": 372.456115723, "dvar2": 498658.21875, "mean": 1535.48986816, "var": 803036.1875, "dmean2": 583.099243164, "dvar": 219321.28125, "min": 284.149932861, "median": 1346.24523926, "max": 10785.5253906}, "barkbands_flatness_db": {"dmean": 0.0249179787934, "dvar2": 0.00158998032566, "mean": 0.149550557137, "var": 0.00356058264151, "dmean2": 0.0391209945083, "dvar": 0.000660117832012, "min": 0.0456849075854, "median": 0.137280613184, "max": 0.570599615574}, "spectral_rms": {"dmean": 0.000895329634659, "dvar2": 3.01518571177e-06, "mean": 0.00392032321543, "var": 4.69654059998e-06, "dmean2": 0.00124827504624, "dvar": 1.52372763296e-06, "min": 3.22893881771e-12, "median": 0.0037043010816, "max": 0.01499584876}, "melbands": {"dmean": [0.000740280374885, 0.000873753975611, 0.00115412590094, 0.000544002337847, 0.000137912415084, 0.000107130821561, 0.000182157527888, 0.000124673228129, 6.91689783707e-05, 7.13448753231e-05, 5.50970253244e-05, 9.04633416212e-05, 6.36467520962e-05, 3.53761024598e-05, 2.78653351415e-05, 3.61017955584e-05, 2.05220658245e-05, 2.26415395446e-05, 2.65546041192e-05, 1.85859462363e-05, 1.13540372695e-05, 9.43957365962e-06, 8.62020715431e-06, 6.08377149547e-06, 6.17728483121e-06, 6.12543817624e-06, 6.10203096585e-06, 5.33705087946e-06, 5.51804168936e-06, 6.57437158225e-06, 6.48549848847e-06, 5.64496394873e-06, 6.59068382447e-06, 7.11569418854e-06, 7.06557239027e-06, 6.25323627901e-06, 4.66267829324e-06, 2.47916341323e-06, 1.62251410529e-06, 9.10412666144e-07], "dvar2": [9.53030576056e-06, 1.79877042683e-05, 2.93551711366e-05, 3.3922935927e-06, 1.72758078065e-07, 1.59509170317e-07, 4.05953528571e-07, 2.67102961971e-07, 1.08546394983e-07, 1.05977534304e-07, 6.81738541175e-08, 2.10455894489e-07, 8.82319071138e-08, 3.79294711195e-08, 2.20418119312e-08, 2.97630329271e-08, 6.32913677023e-09, 1.44235805521e-08, 1.02890185261e-08, 5.73473402099e-09, 1.34323119294e-09, 9.24408272152e-10, 7.61866902899e-10, 4.55840615254e-10, 4.13393347332e-10, 4.27202828668e-10, 4.50722348333e-10, 5.15228082421e-10, 9.82253056669e-10, 8.98345620115e-10, 1.00571984074e-09, 9.12195596836e-10, 1.41211176086e-09, 1.23630172766e-09, 1.29065713672e-09, 1.18834075913e-09, 8.08145439457e-10, 1.52925588859e-10, 5.88758694575e-11, 1.60276670408e-11], "mean": [0.000911229872145, 0.000918631267268, 0.00117872538976, 0.000825074617751, 0.000252582627581, 0.000172585467226, 0.00029750392423, 0.000185325610801, 8.88801150722e-05, 9.18850055314e-05, 7.62220297474e-05, 0.000124551574118, 9.28492299863e-05, 5.45641269127e-05, 4.26196675107e-05, 5.5131586123e-05, 3.14761600748e-05, 3.17680751323e-05, 3.93787231587e-05, 2.71649714705e-05, 1.68761507666e-05, 1.28803949337e-05, 1.15722814371e-05, 7.7038866948e-06, 9.26571101445e-06, 9.6464455055e-06, 8.81939740793e-06, 6.97005089023e-06, 7.19587524145e-06, 8.13892165752e-06, 8.65566380526e-06, 7.38314884074e-06, 8.11078371044e-06, 9.49196873989e-06, 9.367497114e-06, 8.19849628897e-06, 6.10181496086e-06, 3.59576461051e-06, 2.37166636907e-06, 1.32266393393e-06], "var": [5.21636320627e-06, 5.9663771026e-06, 1.0361070963e-05, 1.80256813564e-06, 1.6811871717e-07, 1.08422369749e-07, 2.73753130386e-07, 1.2832603602e-07, 5.84133879045e-08, 7.0457168988e-08, 4.15315319913e-08, 1.36075613e-07, 5.82933843418e-08, 1.93453981723e-08, 1.35703164261e-08, 1.96719049939e-08, 3.94470545118e-09, 7.46342632141e-09, 7.35000016405e-09, 3.06897418589e-09, 7.45232375809e-10, 4.94110308225e-10, 3.98932636925e-10, 1.94917873508e-10, 3.18065712657e-10, 3.46216028069e-10, 2.867936999e-10, 2.15311782292e-10, 3.62860352876e-10, 3.78597181383e-10, 7.25696558401e-10, 4.40060488049e-10, 6.8380823226e-10, 8.12888589774e-10, 9.81716374859e-10, 8.66776150854e-10, 5.365234923e-10, 1.69933261907e-10, 6.38971653366e-11, 1.70855777443e-11], "dmean2": [0.00115155149251, 0.00146245921496, 0.00191225274466, 0.000873588083778, 0.000211340011447, 0.000168956568814, 0.000273349549389, 0.000190824517631, 0.000109262357, 0.000111825778731, 8.68936040206e-05, 0.000143616154674, 9.93096546154e-05, 5.4958723922e-05, 4.38289534941e-05, 5.78302788199e-05, 3.25473702105e-05, 3.61229940609e-05, 4.21683507739e-05, 2.96741927741e-05, 1.84054079e-05, 1.55541529239e-05, 1.42312983371e-05, 1.02249550764e-05, 9.80471213552e-06, 9.52271693677e-06, 9.83249265119e-06, 9.00174291019e-06, 9.22590788832e-06, 1.08889726107e-05, 1.0433242096e-05, 8.88472914085e-06, 1.04480450318e-05, 1.11258677862e-05, 1.06161660369e-05, 9.39354595175e-06, 7.03736259311e-06, 3.59492401003e-06, 2.37813901549e-06, 1.31791375679e-06], "dvar": [4.56806037619e-06, 6.97245468473e-06, 1.15992434075e-05, 1.36487187774e-06, 7.23541333514e-08, 6.58083862959e-08, 1.73080579202e-07, 1.05166279241e-07, 4.50014709941e-08, 4.57964226541e-08, 2.85175012493e-08, 8.50725285773e-08, 3.69364308028e-08, 1.55077195529e-08, 9.09340691635e-09, 1.15067617656e-08, 2.59104737665e-09, 5.64717517193e-09, 4.32966063002e-09, 2.26192575781e-09, 5.32072219617e-10, 3.63361618572e-10, 3.04409830676e-10, 1.74315062385e-10, 1.6962665994e-10, 1.81422460388e-10, 1.85272200359e-10, 1.94291416289e-10, 3.60695834312e-10, 3.35655114814e-10, 4.18663687052e-10, 3.55926926821e-10, 5.61711177571e-10, 5.17700382563e-10, 5.91131477101e-10, 5.3235205133e-10, 3.36472821827e-10, 7.79682221563e-11, 2.93022030251e-11, 7.74834016393e-12], "min": [7.25921391379e-25, 1.03442581084e-23, 1.16188648492e-23, 1.1485508702e-23, 3.2093123683e-24, 3.87249767335e-24, 7.03854200707e-24, 3.8730112218e-24, 5.64098419447e-24, 5.98461713238e-24, 9.13258826834e-24, 7.73543514138e-24, 6.17460994267e-24, 4.4395837457e-24, 5.595235784e-24, 8.36227663845e-24, 9.41139301149e-24, 1.17289740543e-23, 1.55573073499e-23, 7.06734252986e-24, 7.05260108613e-24, 7.89332012954e-24, 8.40009936341e-24, 3.79968857281e-24, 3.47038371552e-24, 6.30121462378e-24, 5.78069737724e-24, 9.02863060053e-24, 1.19424232492e-23, 7.39658151727e-24, 1.00355239825e-23, 1.1149353771e-23, 5.88430952398e-24, 1.06632316488e-23, 1.3597540203e-23, 1.02279500342e-23, 1.30469342238e-23, 1.00868172963e-23, 1.01677599472e-23, 6.63524475789e-24], "median": [0.000197053930606, 0.000214578714804, 0.00033237983007, 0.000387907028198, 0.000113964902994, 6.80561279296e-05, 0.000130557920784, 6.97752475389e-05, 1.99236146727e-05, 1.71437914105e-05, 1.8077022105e-05, 3.14964308927e-05, 2.90933439828e-05, 2.03063882509e-05, 1.61590196512e-05, 2.07163047889e-05, 1.27316770886e-05, 1.00719789771e-05, 1.42365861393e-05, 1.09707561933e-05, 7.9276287579e-06, 5.14204884894e-06, 4.29446072303e-06, 2.44970146923e-06, 2.5337740226e-06, 2.6755349154e-06, 2.44086072598e-06, 1.67260770922e-06, 1.45181104472e-06, 1.51090750933e-06, 1.27960765894e-06, 1.02634635368e-06, 8.56683470829e-07, 8.36544813865e-07, 7.35779565275e-07, 6.10681865965e-07, 4.28974033184e-07, 2.99510560353e-07, 2.01700999014e-07, 1.29605012944e-07], "max": [0.0398844666779, 0.0342830866575, 0.0420854799449, 0.0161643158644, 0.00503614032641, 0.00701037142426, 0.0097315730527, 0.00814236328006, 0.00479345908388, 0.00507217133418, 0.00467271450907, 0.00740371039137, 0.00651213433594, 0.00625278567895, 0.00236138841137, 0.00250880606472, 0.00110753532499, 0.0024313305039, 0.00158811360598, 0.00127352657728, 0.000601531413849, 0.000330922222929, 0.000295801641187, 0.00018665684911, 0.000286853610305, 0.000217568085645, 0.000284343172098, 0.000251105695497, 0.000521356065292, 0.000429123087088, 0.000623175990768, 0.000338529236615, 0.000730302010197, 0.000413874891819, 0.000697988609318, 0.000680208555423, 0.000488237012178, 0.00027169441455, 0.000147244762047, 9.80892509688e-05]}, "barkbands_crest": {"dmean": 2.97132563591, "dvar2": 20.0603275299, "mean": 10.4715223312, "var": 25.6393547058, "dmean2": 4.79292678833, "dvar": 8.37520027161, "min": 2.50709629059, "median": 9.16132640839, "max": 26.9202289581}, "mfcc": {"icov": [[7.24091296433e-05, -2.82879300357e-05, -3.3367654396e-05, -0.000103388469142, 6.93647089065e-05, -6.49729481665e-05, 6.45905529382e-05, -5.05163661728e-05, 6.97515206411e-05, -0.000118354058941, 0.000158053531777, -3.96811956307e-05, 0.00011921346595], [-2.82879300357e-05, 0.000587489863392, 0.000616154808085, 0.000158773531439, -0.000359717174433, -0.000152814929606, 0.000135451075039, -7.39950264688e-05, -7.84464937169e-05, 0.000199218397029, -0.000137693394208, -0.000262011046289, -0.000292204873404], [-3.3367654396e-05, 0.000616154808085, 0.00218626437709, 0.000202291004825, -0.00045571566443, -0.000962808961049, 0.000812296115328, -0.00040388587513, -0.000235614992562, 0.000696947390679, -0.000470659637358, -0.00114250008482, 0.000423953140853], [-0.000103388469142, 0.000158773531439, 0.000202291004825, 0.00339861097746, -0.000883743457962, -0.000923440791667, 5.39905413461e-05, 0.000147502680193, 4.73615509691e-05, 0.000861335080117, -0.000591239775531, -4.25204189014e-06, -0.000904573709704], [6.93647089065e-05, -0.000359717174433, -0.00045571566443, -0.000883743457962, 0.0043527004309, -0.00145231443457, 0.000495471816976, -0.000193617830519, -0.000576713646296, 0.000134362053359, -0.000300013984088, -0.000234784965869, -0.000724146491848], [-6.49729481665e-05, -0.000152814929606, -0.000962808961049, -0.000923440791667, -0.00145231443457, 0.00691183330491, -0.002717893105, 0.000208445097087, 0.000392454356188, -0.000597247679252, 0.000701616343576, 0.000187513316632, -3.5732613469e-05], [6.45905529382e-05, 0.000135451075039, 0.000812296115328, 5.39905413461e-05, 0.000495471816976, -0.002717893105, 0.00740058906376, -0.00191426055972, -0.00143669417594, -0.000403503596317, -0.00158500287216, 0.000263431225903, -6.70764275128e-05], [-5.05163661728e-05, -7.39950264688e-05, -0.00040388587513, 0.000147502680193, -0.000193617830519, 0.000208445097087, -0.00191426055972, 0.0097923297435, -0.002859094413, -0.000873104436323, 0.000468349433504, -0.00071604346158, 0.00131289544515], [6.97515206411e-05, -7.84464937169e-05, -0.000235614992562, 4.73615509691e-05, -0.000576713646296, 0.000392454356188, -0.00143669417594, -0.002859094413, 0.0108086830005, -0.00283532147296, -0.000661691767164, -0.00120452325791, -0.000500139198266], [-0.000118354058941, 0.000199218397029, 0.000696947390679, 0.000861335080117, 0.000134362053359, -0.000597247679252, -0.000403503596317, -0.000873104436323, -0.00283532147296, 0.0130635220557, -0.00634308159351, 0.00219676410779, -0.00114862748887], [0.000158053531777, -0.000137693394208, -0.000470659637358, -0.000591239775531, -0.000300013984088, 0.000701616343576, -0.00158500287216, 0.000468349433504, -0.000661691767164, -0.00634308159351, 0.0175103303045, -0.007916550152, 0.00195894460194], [-3.96811956307e-05, -0.000262011046289, -0.00114250008482, -4.25204189014e-06, -0.000234784965869, 0.000187513316632, 0.000263431225903, -0.00071604346158, -0.00120452325791, 0.00219676410779, -0.007916550152, 0.0201897881925, -0.00796307995915], [0.00011921346595, -0.000292204873404, 0.000423953140853, -0.000904573709704, -0.000724146491848, -3.5732613469e-05, -6.70764275128e-05, 0.00131289544515, -0.000500139198266, -0.00114862748887, 0.00195894460194, -0.00796307995915, 0.0150910317898]], "mean": [-676.758422852, 104.002593994, 1.6133004427, 15.8863697052, 3.44170427322, 12.7702121735, -3.97128033638, 0.630979716778, -5.75195980072, -1.25584805012, -7.21190261841, -1.15661251545, 0.6047950387], "cov": [[15702.5351562, 344.629119873, 149.988769531, 413.485046387, -103.455062866, 177.110778809, -150.892242432, 23.0348052979, -151.953277588, -8.28712368011, -176.919281006, -85.7350845337, -131.960510254], [344.629119873, 2617.43139648, -703.072753906, -4.06746959686, 157.347915649, 3.56055736542, 26.6942996979, -0.312313526869, 27.901922226, 16.9328517914, 18.5830364227, 41.6405296326, 96.9444122314], [149.988769531, -703.072753906, 762.516113281, 38.7066764832, 66.0510787964, 91.5821304321, -32.5872459412, 24.9277801514, 12.2319927216, -22.1417884827, 21.5034427643, 41.1330871582, -15.1933450699], [413.485046387, -4.06746959686, 38.7066764832, 369.068145752, 105.917404175, 83.1539535522, 12.9555673599, -3.50583338737, 0.375834941864, -15.566532135, 9.9956445694, 21.5406761169, 32.2282714844], [-103.455062866, 157.347915649, 66.0510787964, 105.917404175, 317.201477051, 94.6487808228, 18.4184150696, 15.4303636551, 31.5324077606, 5.39615535736, 25.173324585, 35.4295539856, 39.4248695374], [177.110778809, 3.56055736542, 91.5821304321, 83.1539535522, 94.6487808228, 216.704803467, 73.1723937988, 20.5860652924, 19.2142410278, 13.0063819885, 13.1763744354, 14.0986232758, 12.0262508392], [-150.892242432, 26.6942996979, -32.5872459412, 12.9555673599, 18.4184150696, 73.1723937988, 198.860046387, 52.9858551025, 53.7511901855, 39.9060020447, 36.7705345154, 13.4075527191, 7.85259151459], [23.0348052979, -0.312313526869, 24.9277801514, -3.50583338737, 15.4303636551, 20.5860652924, 52.9858551025, 131.773712158, 52.0854110718, 28.5706424713, 18.8911323547, 11.1736469269, -4.19331407547], [-151.953277588, 27.901922226, 12.2319927216, 0.375834941864, 31.5324077606, 19.2142410278, 53.7511901855, 52.0854110718, 134.194213867, 47.5097885132, 37.3267631531, 25.6522388458, 15.4397745132], [-8.28712368011, 16.9328517914, -22.1417884827, -15.566532135, 5.39615535736, 13.0063819885, 39.9060020447, 28.5706424713, 47.5097885132, 115.220535278, 49.7672615051, 12.5800561905, 8.58604717255], [-176.919281006, 18.5830364227, 21.5034427643, 9.9956445694, 25.173324585, 13.1763744354, 36.7705345154, 18.8911323547, 37.3267631531, 49.7672615051, 100.005119324, 44.1425132751, 16.8477153778], [-85.7350845337, 41.6405296326, 41.1330871582, 21.5406761169, 35.4295539856, 14.0986232758, 13.4075527191, 11.1736469269, 25.6522388458, 12.5800561905, 44.1425132751, 87.9198150635, 44.9103622437], [-131.960510254, 96.9444122314, -15.1933450699, 32.2282714844, 39.4248695374, 12.0262508392, 7.85259151459, -4.19331407547, 15.4397745132, 8.58604717255, 16.8477153778, 44.9103622437, 96.538772583]]}, "spectral_decrease": {"dmean": 2.46753817379e-09, "dvar2": 4.45642496222e-17, "mean": -4.86819651258e-09, "var": 2.91916471858e-17, "dmean2": 3.6284300009e-09, "dvar": 1.98719405362e-17, "min": -5.12158990773e-08, "median": -3.26434057563e-09, "max": 6.53946858741e-21}, "zerocrossingrate": {"dmean": 0.0149870328605, "dvar2": 0.000435222929809, "mean": 0.0750385448337, "var": 0.00348913134076, "dmean2": 0.0164849460125, "dvar": 0.000437522161519, "min": 0, "median": 0.05859375, "max": 0.50927734375}, "spectral_contrast_coeffs": {"dmean": [0.0543268099427, 0.0498918108642, 0.0399701595306, 0.0318486206234, 0.0245289728045, 0.0270211435854], "dvar2": [0.00541119929403, 0.00448016496375, 0.00267516449094, 0.00171999866143, 0.00112850626465, 0.0019281009445], "mean": [-0.618633925915, -0.705829143524, -0.768358170986, -0.776123166084, -0.793239116669, -0.761045277119], "var": [0.0130228325725, 0.00892649032176, 0.00566089712083, 0.00358945364133, 0.00239536166191, 0.00270639290102], "dmean2": [0.0858288630843, 0.0801394805312, 0.0637065172195, 0.0516859404743, 0.039232198149, 0.0428466424346], "dvar": [0.00231787282974, 0.00177272281144, 0.00112110073678, 0.0007028413238, 0.000474460452097, 0.000799563480541], "min": [-0.96660888195, -0.975371181965, -0.970037043095, -0.984023153782, -0.970981061459, -0.959353804588], "median": [-0.627978920937, -0.711127817631, -0.77618598938, -0.780458569527, -0.795762300491, -0.758660674095], "max": [-0.225002542138, -0.351998507977, -0.464140743017, -0.538251578808, -0.59504288435, -0.542199969292]}, "spectral_skewness": {"dmean": 0.276304513216, "dvar2": 0.243870019913, "mean": 1.390229702, "var": 0.428820580244, "dmean2": 0.426888614893, "dvar": 0.109597817063, "min": -0.381487101316, "median": 1.34530770779, "max": 7.14736700058}, "spectral_energyband_middle_high": {"dmean": 0.00180360116065, "dvar2": 2.68285293714e-05, "mean": 0.00423903157935, "var": 4.02086334361e-05, "dmean2": 0.00261024804786, "dvar": 1.29426225612e-05, "min": 1.1213048136e-21, "median": 0.00228912150487, "max": 0.0761475116014}, "gfcc": {"icov": [[7.6431868365e-05, -0.000189676371519, 0.000170743849594, -0.000266938382993, 0.000233163736993, -0.000221116119064, 0.000249889388215, -0.000129820255097, 0.000110555098217, -0.000156745416461, 0.000261372508248, -0.000197975590709, 0.000174432323547], [-0.000189676371519, 0.00156491389498, -0.000130662185256, 0.00128679827321, -0.00153336278163, 0.000929294503294, -0.000691014458425, 0.00083091808483, -0.000923487707041, 0.000874388031662, -0.0012394124642, 0.00118332833517, -0.000777298177127], [0.000170743849594, -0.000130662185256, 0.00236227642745, -0.000921473489143, -0.000109813350718, -0.00117486214731, 0.000725295802113, 2.46719246206e-05, -0.000614596880041, -0.000707624421921, 0.00143552385271, -0.0025634993799, 0.0017468018923], [-0.000266938382993, 0.00128679827321, -0.000921473489143, 0.00361310201697, -0.00138228212018, 0.000365346204489, -0.000902380037587, 0.00156240037177, -0.000784640142228, 0.000887754198629, -0.00146044231951, 0.00155720417388, -0.000213313367567], [0.000233163736993, -0.00153336278163, -0.000109813350718, -0.00138228212018, 0.00405038008466, -0.000736826681532, -0.000223751092562, -0.000817025138531, 0.000377808290068, -0.00140230893157, 0.00101298838854, -0.00137724599335, -0.000111615066999], [-0.000221116119064, 0.000929294503294, -0.00117486214731, 0.000365346204489, -0.000736826681532, 0.005747504998, -0.00176370423287, -0.000708400562871, 0.000329581234837, 7.38121889299e-05, -0.000753562897444, 0.0012293671025, -0.00128066388424], [0.000249889388215, -0.000691014458425, 0.000725295802113, -0.000902380037587, -0.000223751092562, -0.00176370423287, 0.00627992767841, -0.00232658837922, 0.0002431072935, -5.72055505472e-05, -0.000579712272156, 0.001330228406, -0.000511264428496], [-0.000129820255097, 0.00083091808483, 2.46719246206e-05, 0.00156240037177, -0.000817025138531, -0.000708400562871, -0.00232658837922, 0.00826979242265, -0.0021108801011, -0.0021435553208, 0.00178554537706, -0.00181274150964, 0.00153459224384], [0.000110555098217, -0.000923487707041, -0.000614596880041, -0.000784640142228, 0.000377808290068, 0.000329581234837, 0.0002431072935, -0.0021108801011, 0.00898832362145, -0.000801818503533, -0.00306689878926, 0.0016019300092, -0.00213479390368], [-0.000156745416461, 0.000874388031662, -0.000707624421921, 0.000887754198629, -0.00140230893157, 7.38121889299e-05, -5.72055505472e-05, -0.0021435553208, -0.000801818503533, 0.00945807807148, -0.00269940122962, -0.00195838627405, 0.00108787463978], [0.000261372508248, -0.0012394124642, 0.00143552385271, -0.00146044231951, 0.00101298838854, -0.000753562897444, -0.000579712272156, 0.00178554537706, -0.00306689878926, -0.00269940122962, 0.0129915159196, -0.00310366717167, -0.0020213406533], [-0.000197975590709, 0.00118332833517, -0.0025634993799, 0.00155720417388, -0.00137724599335, 0.0012293671025, 0.001330228406, -0.00181274150964, 0.0016019300092, -0.00195838627405, -0.00310366717167, 0.0172953922302, -0.00615307874978], [0.000174432323547, -0.000777298177127, 0.0017468018923, -0.000213313367567, -0.000111615066999, -0.00128066388424, -0.000511264428496, 0.00153459224384, -0.00213479390368, 0.00108787463978, -0.0020213406533, -0.00615307874978, 0.0164585821331]], "mean": [-54.2945404053, 88.9475784302, -126.518005371, 41.5948829651, -67.467048645, 24.2314929962, -45.2155456543, 2.27522349358, -24.9726791382, -0.196978777647, -12.9086494446, -3.00626635551, -5.48008871078], "cov": [[29649.359375, 527.303466797, -1344.72338867, 787.184631348, -1275.96472168, 211.213973999, -901.528747559, -142.092834473, -512.344970703, -140.375671387, -467.682403564, -199.772888184, -332.680145264], [527.303466797, 2415.27758789, -642.155151367, -393.308654785, 486.538665771, -285.952453613, 189.083847046, -172.187164307, 253.227783203, -140.31892395, 260.308624268, -111.521850586, 206.909988403], [-1344.72338867, -642.155151367, 981.789001465, 201.682556152, 103.12184906, 193.593948364, -42.5979347229, 116.800689697, -8.92866897583, 144.082946777, -87.2119979858, 137.435684204, -84.1245727539], [787.184631348, -393.308654785, 201.682556152, 517.243103027, -0.87165081501, 82.96484375, -17.4636154175, -37.6035003662, -16.930973053, 3.31607079506, -18.5968589783, -4.4344496727, -38.5628929138], [-1275.96472168, 486.538665771, 103.12184906, -0.87165081501, 534.156799316, 17.3982257843, 133.217529297, 43.3058242798, 94.6074447632, 60.640625, 73.0507049561, 36.1003570557, 61.3525657654], [211.213973999, -285.952453613, 193.593948364, 82.96484375, 17.3982257843, 276.677368164, 49.0225906372, 79.1088409424, -19.0550365448, 53.1366996765, -28.0167255402, 25.3038272858, -19.3861694336], [-901.528747559, 189.083847046, -42.5979347229, -17.4636154175, 133.217529297, 49.0225906372, 267.901977539, 58.6579475403, 56.1696243286, 12.5384864807, 53.0117378235, -16.3670768738, 37.1985626221], [-142.092834473, -172.187164307, 116.800689697, -37.6035003662, 43.3058242798, 79.1088409424, 58.6579475403, 216.744338989, 18.7202548981, 86.0079345703, -27.8566226959, 41.8978729248, -22.4619579315], [-512.344970703, 253.227783203, -8.92866897583, -16.930973053, 94.6074447632, -19.0550365448, 56.1696243286, 18.7202548981, 181.929946899, 20.6144313812, 80.2518386841, 1.14021813869, 49.7930679321], [-140.375671387, -140.31892395, 144.082946777, 3.31607079506, 60.640625, 53.1366996765, 12.5384864807, 86.0079345703, 20.6144313812, 172.991119385, 13.2444839478, 54.5789756775, -10.2015638351], [-467.682403564, 260.308624268, -87.2119979858, -18.5968589783, 73.0507049561, -28.0167255402, 53.0117378235, -27.8566226959, 80.2518386841, 13.2444839478, 150.845199585, 8.96138191223, 60.2347755432], [-199.772888184, -111.521850586, 137.435684204, -4.4344496727, 36.1003570557, 25.3038272858, -16.3670768738, 41.8978729248, 1.14021813869, 54.5789756775, 8.96138191223, 104.254386902, 16.6218318939], [-332.680145264, 206.909988403, -84.1245727539, -38.5628929138, 61.3525657654, -19.3861694336, 37.1985626221, -22.4619579315, 49.7930679321, -10.2015638351, 60.2347755432, 16.6218318939, 105.386917114]]}, "erbbands_spread": {"dmean": 10.9845027924, "dvar2": 322.072723389, "mean": 42.5418281555, "var": 505.871368408, "dmean2": 16.2878780365, "dvar": 148.884933472, "min": 3.3336160183, "median": 37.1652565002, "max": 166.987609863}, "erbbands_kurtosis": {"dmean": 0.977339982986, "dvar2": 4.4386382103, "mean": 0.376654028893, "var": 4.68752861023, "dmean2": 1.54196727276, "dvar": 2.03414106369, "min": -1.8247667551, "median": -0.171686172485, "max": 36.3810119629}, "dynamic_complexity": 4.62347888947, "erbbands_crest": {"dmean": 2.45170712471, "dvar2": 13.0045480728, "mean": 8.22041797638, "var": 12.5694732666, "dmean2": 3.95513153076, "dvar": 5.13372564316, "min": 2.16184210777, "median": 7.51012086868, "max": 29.3681316376}, "erbbands": {"dmean": [0.070975124836, 0.732735872269, 1.68837618828, 5.56729888916, 9.63684082031, 5.90539884567, 3.25601601601, 4.58536291122, 11.3646812439, 11.9864225388, 8.55794811249, 10.9576263428, 10.996512413, 22.7481937408, 15.5063772202, 11.3572559357, 15.7312602997, 11.0497617722, 14.6014871597, 15.2594766617, 10.310965538, 8.65137767792, 7.47644138336, 7.19333362579, 8.09681606293, 7.9649143219, 9.10920524597, 10.8760328293, 10.1904239655, 12.0036458969, 11.5326242447, 8.02949810028, 3.25022649765, 1.2684943676, 0.675330102444, 0.293206721544, 0.0380236208439, 0.00112581858411, 0.000122648300021, 2.33008286159e-05], "dvar2": [0.0929313004017, 10.413599968, 83.1245574951, 636.153991699, 1947.09265137, 279.22366333, 120.49458313, 277.679321289, 1826.75598145, 2310.57763672, 1715.19189453, 2441.31933594, 2627.83959961, 13371.2871094, 3827.24023438, 5302.40576172, 6583.99414062, 1645.6159668, 5398.85742188, 2737.92504883, 1231.30273438, 729.049926758, 603.925415039, 530.376953125, 693.11541748, 1024.93505859, 2298.97387695, 2535.03759766, 2905.64624023, 3435.60058594, 3074.64990234, 2108.46972656, 226.043121338, 29.6173801422, 6.37323856354, 1.57365810871, 0.0398699641228, 3.57666649506e-05, 8.97337940842e-07, 1.00583834595e-08], "mean": [0.0851350352168, 0.850397229195, 1.48369026184, 5.54041337967, 11.5902519226, 10.2724704742, 5.95818376541, 7.52751970291, 18.4616718292, 18.2037830353, 11.5158510208, 14.4564781189, 15.9425945282, 31.9145622253, 24.4901180267, 18.1492271423, 24.7439537048, 18.3454036713, 22.0566272736, 24.1247901917, 16.2310886383, 12.5604104996, 10.3562879562, 11.2960920334, 13.0588588715, 11.1877889633, 12.2393989563, 14.6492328644, 13.6797780991, 16.1896266937, 15.8553447723, 10.8955450058, 4.87457895279, 1.9160118103, 0.951748788357, 0.360255628824, 0.0405643209815, 0.00115163566079, 0.00011465876014, 3.81825047953e-05], "var": [0.0459640361369, 4.88851547241, 19.3738574982, 224.629867554, 705.518005371, 277.265808105, 102.113174438, 194.770355225, 1164.75183105, 1158.81713867, 902.227600098, 1623.44763184, 1649.38647461, 8624.515625, 2976.21386719, 2409.83056641, 4570.08691406, 1170.18200684, 3191.78466797, 2018.08935547, 690.532897949, 409.10635376, 307.336791992, 423.239685059, 553.789672852, 488.659088135, 948.873657227, 1674.28991699, 1562.01599121, 2265.77148438, 2643.35986328, 1573.21374512, 286.72277832, 35.921333313, 8.53252220154, 1.23820817471, 0.0237841792405, 2.05692631425e-05, 2.99899909351e-07, 5.37158673097e-09], "dmean2": [0.111038930714, 1.13607311249, 3.02802205086, 9.30773258209, 15.8844766617, 9.27323627472, 4.95536804199, 7.24309301376, 17.1605815887, 18.2154827118, 13.526922226, 17.0526294708, 17.2604541779, 36.0061836243, 23.9215011597, 17.6958465576, 24.8802204132, 17.3188228607, 23.0445842743, 23.9432144165, 16.4957275391, 14.1186141968, 12.259812355, 11.3209133148, 12.6545753479, 13.2100372314, 15.0169239044, 17.383108139, 15.7773036957, 18.4358253479, 16.9615345001, 11.9554042816, 4.60262489319, 1.78481757641, 0.932285189629, 0.433137267828, 0.0585469342768, 0.0017549295444, 0.000205208911211, 3.45631488017e-05], "dvar": [0.0425971411169, 4.60991334915, 29.4728298187, 249.637207031, 763.312561035, 121.731834412, 48.4087677002, 115.676513672, 774.859558105, 921.625793457, 700.191955566, 1058.76220703, 1103.48657227, 5375.24169922, 1674.97595215, 2113.44384766, 2685.49902344, 678.879638672, 2127.1472168, 1180.03955078, 486.965881348, 290.180175781, 240.272354126, 219.574813843, 293.951812744, 394.185791016, 859.359558105, 1034.21459961, 1168.4967041, 1447.17553711, 1456.39770508, 917.81036377, 120.736381531, 15.1604919434, 3.55587434769, 0.754864752293, 0.018747728318, 1.63851509569e-05, 3.48473008671e-07, 4.30156665843e-09], "min": [7.98356076838e-23, 1.28581661832e-21, 2.6721652867e-20, 4.67814128004e-20, 1.251910069e-19, 1.60377331453e-19, 8.25465376005e-20, 1.63219278469e-19, 5.34641985069e-19, 3.65170720434e-19, 7.60051080134e-19, 8.77632943052e-19, 1.72729694504e-18, 1.90061806334e-18, 1.86540808659e-18, 1.56544044663e-18, 3.45024188608e-18, 4.90613766682e-18, 8.19005751995e-18, 7.74567293383e-18, 6.90739941567e-18, 8.08862946042e-18, 6.64458883223e-18, 4.63399152298e-18, 9.03210422247e-18, 1.40440312586e-17, 1.6637480707e-17, 1.61345350422e-17, 1.63261514311e-17, 1.67251122211e-17, 2.13120785262e-17, 2.03752865563e-17, 1.48732119939e-17, 9.28955426196e-18, 9.13683769573e-18, 5.46385840457e-18, 3.10071258234e-18, 1.12159177015e-18, 2.81880637936e-19, 3.04877254166e-20], "median": [0.0194305051118, 0.163993582129, 0.355664551258, 1.41453373432, 4.19329833984, 4.83934307098, 2.53891944885, 3.17355728149, 7.9065155983, 7.18298959732, 3.1882417202, 3.02769637108, 4.16387462616, 8.63259410858, 8.58188724518, 7.09341955185, 9.56322956085, 7.9109711647, 7.76920461655, 9.9792098999, 7.75998973846, 5.2998790741, 3.93936014175, 3.44865655899, 3.86627006531, 2.92865371704, 2.48798513412, 2.46337604523, 1.88068854809, 1.56672596931, 1.28076803684, 0.82289904356, 0.415470689535, 0.180387541652, 0.0895491242409, 0.0237770620733, 0.00191037124023, 5.47946983716e-05, 1.39654430313e-05, 1.92254537978e-05], "max": [3.65943527222, 35.4144248962, 69.9388275146, 181.552947998, 405.943756104, 221.063140869, 168.642501831, 246.293182373, 719.02545166, 677.149353027, 720.070007324, 708.290588379, 928.311401367, 1751.02722168, 1095.78601074, 2471.15820312, 1295.25036621, 515.678710938, 1511.69348145, 802.11730957, 553.068725586, 266.931945801, 264.624542236, 308.227844238, 254.675323486, 287.115783691, 754.355651855, 870.791503906, 643.147460938, 688.351928711, 968.873168945, 816.141235352, 360.983917236, 144.879348755, 73.5532608032, 23.7699890137, 6.34506702423, 0.132145419717, 0.0171143058687, 0.00196483521722]}, "silence_rate_30dB": {"dmean": 0.0055401660502, "dvar2": 0.015575424768, "mean": 0.996768593788, "var": 0.00322033907287, "dmean2": 0.0110816117376, "dvar": 0.0055092968978, "min": 0, "median": 1, "max": 1}, "silence_rate_60dB": {"dmean": 0.01592797786, "dvar2": 0.0375432409346, "mean": 0.12048470974, "var": 0.105967357755, "dmean2": 0.0318596325815, "dvar": 0.0156742297113, "min": 0, "median": 0, "max": 1}, "spectral_energyband_middle_low": {"dmean": 0.00553659582511, "dvar2": 0.000384011247661, "mean": 0.00963800027966, "var": 0.000175866283826, "dmean2": 0.00865722168237, "dvar": 0.000155931295012, "min": 2.18933008788e-22, "median": 0.0062867035158, "max": 0.174536034465}, "spectral_spread": {"dmean": 814745.1875, "dvar2": 1782510256130.0, "mean": 5002317, "var": 3908938235900.0, "dmean2": 1111841.5, "dvar": 1085926408190.0, "min": 975904.6875, "median": 4639792, "max": 48170340}, "barkbands": {"dmean": [3.691122