{"lowlevel": {"erbbands": {"mean": [0.120437867939, 0.977365076542, 2.26764583588, 3.54534649849, 6.57309675217, 7.36582279205, 7.93653059006, 18.1563472748, 22.2795124054, 37.8215446472, 30.2362937927, 46.2430152893, 21.7629432678, 13.9289684296, 20.818063736, 15.4422941208, 19.2815227509, 27.2010402679, 17.7004013062, 13.2193689346, 11.1355190277, 14.7434654236, 12.2936239243, 14.7693109512, 11.8603811264, 11.7571620941, 9.18706321716, 10.4096889496, 11.0689401627, 9.03787326813, 6.61373472214, 4.09468746185, 3.20811772346, 1.18399596214, 0.789496183395, 0.231215044856, 0.0780568569899, 0.0200655423105, 0.00117270078044, 4.86933604407e-05], "dvar": [0.0966608524323, 3.49962377548, 42.4381103516, 76.1202850342, 158.438583374, 172.822189331, 138.345657349, 1031.7265625, 818.486877441, 1538.21362305, 1443.47375488, 3475.83862305, 973.413635254, 669.286437988, 5952.55029297, 6532.27880859, 2718.84375, 9226.75488281, 846.639160156, 682.973327637, 432.953399658, 872.364868164, 272.293670654, 987.60925293, 393.33392334, 243.489013672, 143.910263062, 167.152038574, 255.357009888, 249.347564697, 100.933197021, 33.6737594604, 37.8116455078, 5.998462677, 8.6337556839, 0.686059653759, 0.114437319338, 0.0099581386894, 4.68674479635e-05, 1.15269065404e-08], "min": [5.34274475852e-23, 2.98896418249e-22, 2.91944390302e-21, 4.6491880199e-21, 1.6674783386e-20, 2.80478107971e-20, 4.22969241953e-20, 3.48108685659e-20, 1.44343624351e-19, 2.36116922245e-19, 3.02503879119e-19, 4.10947515918e-19, 4.71136641106e-19, 4.81489064966e-19, 8.06687471371e-19, 1.47301025101e-18, 1.94407565118e-18, 2.01526777778e-18, 2.93463312011e-18, 2.42333272436e-18, 4.59035071463e-18, 4.66171778993e-18, 3.93303329522e-18, 5.91311094859e-18, 6.92076086411e-18, 8.48922310491e-18, 9.09194743107e-18, 1.0992796071e-17, 1.02851240318e-17, 1.07632509695e-17, 1.11402550773e-17, 9.90017816297e-18, 1.03599772598e-17, 7.84311067409e-18, 6.6670492674e-18, 4.39101466266e-18, 2.3342362734e-18, 9.71464796222e-19, 2.53411666191e-19, 2.73116555948e-20], "dmean": [0.0998938530684, 0.777142465115, 2.4806907177, 3.67595291138, 5.25229406357, 5.049492836, 5.14356136322, 12.7155323029, 14.0575733185, 20.5708332062, 16.6609764099, 24.3223991394, 11.8706588745, 8.54500293732, 14.9320135117, 11.7247333527, 13.9796304703, 16.541431427, 11.223441124, 8.7611951828, 7.16595506668, 10.3787202835, 7.17177629471, 9.39698696136, 7.98601818085, 7.53416872025, 5.33966732025, 6.25431728363, 7.38631677628, 6.58188581467, 4.58095836639, 2.85586333275, 2.52967190742, 1.09788441658, 0.932182312012, 0.296591520309, 0.114086985588, 0.0311139207333, 0.00177328067366, 3.99466734962e-05], "dmean2": [0.152373000979, 1.23224627972, 4.259288311, 6.32647180557, 8.65008831024, 8.10811901093, 8.01289272308, 19.6154499054, 21.9716968536, 31.048160553, 25.1613254547, 35.2253074646, 17.0728492737, 12.3789539337, 22.1522731781, 18.0918636322, 21.5702533722, 24.308303833, 16.5910263062, 13.3168773651, 10.6877632141, 15.5105228424, 10.0670480728, 14.0229129791, 11.8855266571, 11.5773496628, 7.62088775635, 9.0282087326, 10.5684719086, 9.63041400909, 6.69009542465, 4.23700714111, 3.7641582489, 1.68672084808, 1.53397262096, 0.502711117268, 0.203150242567, 0.0560052543879, 0.00320035545155, 6.55341791571e-05], "dvar2": [0.202508732677, 8.43202877045, 110.584037781, 200.650848389, 414.706573486, 416.910705566, 330.723968506, 2369.71533203, 1922.61303711, 3260.69262695, 3277.57250977, 7070.47265625, 1912.76159668, 1234.22717285, 12999.5048828, 15956.7285156, 6592.6171875, 13801.1933594, 1586.16369629, 1572.91088867, 968.878051758, 2084.01074219, 499.879577637, 2110.7434082, 891.045898438, 596.32598877, 294.13369751, 329.58605957, 533.603820801, 572.012390137, 230.714782715, 75.3619003296, 81.5302963257, 14.5489358902, 23.3160705566, 1.82780206203, 0.313640326262, 0.0272244345397, 0.000128969812067, 3.09799119691e-08], "max": [4.9864487648, 27.7522716522, 73.7858352661, 135.65234375, 260.250793457, 231.604766846, 233.255783081, 673.537719727, 683.252197266, 651.721557617, 821.953369141, 1105.51013184, 904.631896973, 804.313415527, 2991.91357422, 4432.52880859, 2222.58374023, 7438.11230469, 1259.75024414, 922.673095703, 1092.36901855, 587.997314453, 372.227600098, 967.825561523, 468.423919678, 326.839324951, 258.222015381, 207.352478027, 309.557891846, 359.885437012, 163.972396851, 100.281974792, 91.8738250732, 36.2659263611, 36.1041679382, 12.615937233, 4.27926206589, 1.37138903141, 0.109577849507, 0.00161240447778], "median": [0.00711228093132, 0.0900819599628, 0.360572755337, 0.682341575623, 1.48613345623, 2.43367671967, 2.60607242584, 3.8989238739, 6.78248214722, 14.0110530853, 9.86908721924, 6.48055839539, 5.45668315887, 2.86170268059, 3.5440955162, 2.107462883, 2.99303650856, 3.15921258926, 3.40259647369, 2.46791410446, 2.69814062119, 3.34067296982, 2.47780990601, 2.41113257408, 2.3777422905, 2.37666130066, 1.4766266346, 1.41279101372, 1.9611093998, 1.35278999805, 0.857438027859, 0.464174747467, 0.339018642902, 0.144712045789, 0.0761174112558, 0.0187201313674, 0.00245808344334, 0.000206210606848, 2.35629559029e-05, 2.24563318625e-05], "var": [0.128626212478, 4.6923456192, 35.2584037781, 65.4375152588, 188.991546631, 249.208267212, 254.342575073, 1687.96777344, 1504.13256836, 3470.22558594, 2939.38647461, 9936.16601562, 2543.05297852, 1691.87304688, 9174.66699219, 6085.60546875, 3800.47558594, 33317.9140625, 2526.80053711, 1169.99047852, 757.693481445, 1156.0949707, 784.246459961, 2961.02612305, 752.377441406, 524.740661621, 333.432373047, 416.409759521, 487.023590088, 393.83190918, 187.07321167, 68.9107666016, 50.6571426392, 6.43219423294, 6.09195947647, 0.493684053421, 0.0757078751922, 0.00638214126229, 3.17994235957e-05, 9.30209687056e-09]}, "gfcc": {"icov": [[0.000108257016109, -0.000143774203025, 0.000164720520843, -0.000159184346558, 0.000222308110096, -0.000272183766356, 0.000199192931177, -0.000137036040542, 0.000155377056217, -0.000278292311123, 0.000405440252507, -0.00033491521026, 0.000407088838983], [-0.000143774203025, 0.00113455299288, -0.000232715625316, 0.0003946077195, -0.000852377794217, 0.000612106174231, -0.000626497087069, 0.000777353066951, -0.000588729628362, 0.00104256928898, -0.00152018084191, 0.00149076688103, -0.00133769051172], [0.000164720520843, -0.000232715625316, 0.0011083962163, -0.000125635080622, 0.000301163585391, -0.00059779221192, 0.000200074966415, -0.000408633670304, 0.000151687898324, -0.00144312018529, 0.00102204631548, -0.000973507412709, 0.000549225893337], [-0.000159184346558, 0.0003946077195, -0.000125635080622, 0.00171135237906, -0.000908072164748, -0.000815159175545, 0.000649238121696, 7.49187529436e-05, 0.000173073087353, 0.00092937721638, -0.00130001467187, 0.000790782214608, -0.00107409339398], [0.000222308110096, -0.000852377794217, 0.000301163585391, -0.000908072164748, 0.00258663971908, -0.000604890636168, -0.000230037796427, 0.000410850771004, 0.000477174588013, -0.00035592270433, 0.00142409803811, -0.00168966001365, 0.00181383395102], [-0.000272183766356, 0.000612106174231, -0.00059779221192, -0.000815159175545, -0.000604890636168, 0.0036905601155, -0.00138958089519, -0.000102047153632, 0.000510663725436, -0.001253417111, 0.000466716301162, 0.00135197269265, -0.00149477634113], [0.000199192931177, -0.000626497087069, 0.000200074966415, 0.000649238121696, -0.000230037796427, -0.00138958089519, 0.00527817988768, -0.00231119408272, -0.000231116195209, 0.00124502857216, -4.53347456641e-05, -0.000885071000084, 0.00107320025563], [-0.000137036040542, 0.000777353066951, -0.000408633670304, 7.49187529436e-05, 0.000410850771004, -0.000102047153632, -0.00231119408272, 0.00733332242817, -0.00261770864017, 0.00156481214799, -0.00127268442884, 0.00091352063464, -0.000102183657873], [0.000155377056217, -0.000588729628362, 0.000151687898324, 0.000173073087353, 0.000477174588013, 0.000510663725436, -0.000231116195209, -0.00261770864017, 0.00762556027621, -0.00492008728907, 0.000794990570284, 0.00241344491951, -0.00120784260798], [-0.000278292311123, 0.00104256928898, -0.00144312018529, 0.00092937721638, -0.00035592270433, -0.001253417111, 0.00124502857216, 0.00156481214799, -0.00492008728907, 0.0113482344896, -0.00335519877262, -0.000402524252422, 0.000339860765962], [0.000405440252507, -0.00152018084191, 0.00102204631548, -0.00130001467187, 0.00142409803811, 0.000466716301162, -4.53347456641e-05, -0.00127268442884, 0.000794990570284, -0.00335519877262, 0.00950843747705, -0.0033391835168, 0.00130049325526], [-0.00033491521026, 0.00149076688103, -0.000973507412709, 0.000790782214608, -0.00168966001365, 0.00135197269265, -0.000885071000084, 0.00091352063464, 0.00241344491951, -0.000402524252422, -0.0033391835168, 0.012274893932, -0.00422263843939], [0.000407088838983, -0.00133769051172, 0.000549225893337, -0.00107409339398, 0.00181383395102, -0.00149477634113, 0.00107320025563, -0.000102183657873, -0.00120784260798, 0.000339860765962, 0.00130049325526, -0.00422263843939, 0.0105800991878]], "mean": [-80.4719848633, 95.350151062, -113.105125427, 23.146270752, -75.3491363525, 1.70605969429, -35.3437271118, 8.73551559448, -14.8105211258, 3.66040945053, -11.938835144, -4.27273797989, -11.3397445679], "cov": [[33781.8085938, -3563.06640625, -934.081726074, 4677.80615234, -264.35760498, 3533.41894531, -1433.88781738, -201.562255859, -1148.16467285, 441.913665771, -1029.34265137, 270.601959229, -449.647460938], [-3563.06640625, 2777.4230957, -551.430358887, -767.024841309, 424.72442627, -833.688537598, 357.086578369, -108.28868103, 163.456222534, -295.331787109, 325.220367432, -150.156509399, 139.390945435], [-934.081726074, -551.430358887, 1714.75622559, -39.9719200134, -138.667800903, 335.25592041, -15.1110687256, 108.187591553, 153.603851318, 308.18862915, -99.5902481079, 65.2279815674, -7.2255654335], [4677.80615234, -767.024841309, -39.9719200134, 1791.26574707, 335.953826904, 839.384460449, -301.148925781, -99.8224182129, -316.43359375, 12.089392662, -123.742591858, 72.4476013184, 5.14853191376], [-264.35760498, 424.72442627, -138.667800903, 335.953826904, 778.657043457, 66.5919418335, 53.2026252747, -121.63822937, -146.491073608, -111.527000427, -6.99694013596, 36.5759849548, -23.1620044708], [3533.41894531, -833.688537598, 335.25592041, 839.384460449, 66.5919418335, 944.527587891, -117.151245117, 24.0426044464, -126.819763184, 146.869033813, -180.037750244, 38.5969581604, -21.0685005188], [-1433.88781738, 357.086578369, -15.1110687256, -301.148925781, 53.2026252747, -117.151245117, 349.895874023, 96.2628936768, 76.9783477783, -60.1154022217, 53.2625198364, -27.3984012604, 3.5338408947], [-201.562255859, -108.28868103, 108.187591553, -99.8224182129, -121.63822937, 24.0426044464, 96.2628936768, 225.605758667, 110.838027954, 33.5781517029, 7.50253105164, -26.9978961945, -5.14396476746], [-1148.16467285, 163.456222534, 153.603851318, -316.43359375, -146.491073608, -126.819763184, 76.9783477783, 110.838027954, 319.695220947, 108.243179321, 43.3824043274, -65.8591842651, 26.607334137], [441.913665771, -295.331787109, 308.18862915, 12.089392662, -111.527000427, 146.869033813, -60.1154022217, 33.5781517029, 108.243179321, 224.539367676, -7.39262008667, 13.3620424271, -11.436580658], [-1029.34265137, 325.220367432, -99.5902481079, -123.742591858, -6.99694013596, -180.037750244, 53.2625198364, 7.50253105164, 43.3824043274, -7.39262008667, 199.328948975, 9.85722160339, 28.3885879517], [270.601959229, -150.156509399, 65.2279815674, 72.4476013184, 36.5759849548, 38.5969581604, -27.3984012604, -26.9978961945, -65.8591842651, 13.3620424271, 9.85722160339, 131.175262451, 19.4669818878], [-449.647460938, 139.390945435, -7.2255654335, 5.14853191376, -23.1620044708, -21.0685005188, 3.5338408947, -5.14396476746, 26.607334137, -11.436580658, 28.3885879517, 19.4669818878, 138.610733032]]}, "spectral_skewness": {"mean": 2.2104408741, "dvar": 3.02608942986, "min": -0.411678731441, "dmean": 0.637168645859, "dmean2": 1.06690037251, "dvar2": 9.46851158142, "max": 32.2545051575, "median": 1.41165697575, "var": 11.3447647095}, "spectral_energyband_low": {"mean": 0.00712287193164, "dvar": 0.000140386866406, "min": 1.70782816622e-23, "dmean": 0.00551384640858, "dmean2": 0.00871411897242, "dvar2": 0.000318208913086, "max": 0.155756667256, "median": 0.00123549706768, "var": 0.000215140287764}, "spectral_energyband_middle_low": {"mean": 0.010871483013, "dvar": 4.84034753754e-05, "min": 1.67628234438e-22, "dmean": 0.00470937928185, "dmean2": 0.00718520022929, "dvar2": 0.000112412053568, "max": 0.103640444577, "median": 0.00801306217909, "var": 0.000117418989248}, "mfcc": {"icov": [[9.57756710704e-05, 4.43903882115e-05, 5.85030211369e-05, -7.56399749662e-05, 6.95635462762e-05, -0.000340308441082, 8.23872615001e-05, -0.000125186314108, 0.000100165190815, -4.55907356809e-05, 6.78649448673e-05, -2.51095552812e-05, 9.18716978049e-05], [4.43903882115e-05, 0.000584462657571, 0.000183251700946, -3.19956561725e-05, -0.000190560342162, 7.22716722521e-05, -0.000336119555868, 0.000126389801153, -0.000233522572671, 0.000406892795581, -0.000464435142931, 0.000318562029861, -0.000176299654413], [5.85030211369e-05, 0.000183251700946, 0.00121690542437, -0.000246672774665, 0.000148583319969, -0.000368120061466, -0.000402706384193, 0.00068497605389, -0.000744620512705, -0.000230095189181, 7.25377904018e-05, -0.000227767479373, -0.000604380154982], [-7.56399749662e-05, -3.19956561725e-05, -0.000246672774665, 0.00323069165461, -0.00120674574282, -0.000209482808714, 0.000249461940257, -0.000947579566855, 0.000360270729288, 8.36275721667e-05, -0.000136283531901, 0.000298538070638, -0.000501055910718], [6.95635462762e-05, -0.000190560342162, 0.000148583319969, -0.00120674574282, 0.00382377486676, -0.00167956540827, -9.43567065406e-05, 0.00011269908282, 0.000405833561672, -0.000103926038719, -0.000188647842151, 0.00146094744559, -0.000839191547129], [-0.000340308441082, 7.22716722521e-05, -0.000368120061466, -0.000209482808714, -0.00167956540827, 0.00453753070906, -0.00235266657546, 0.00161222368479, -0.00182598095853, -9.83702338999e-05, 0.0016785140615, -0.00102340022568, 0.000358174002031], [8.23872615001e-05, -0.000336119555868, -0.000402706384193, 0.000249461940257, -9.43567065406e-05, -0.00235266657546, 0.00797684025019, -0.0063471510075, 0.00348224677145, -0.0011268662056, 0.000857055594679, 9.45688516367e-05, 0.000356332689989], [-0.000125186314108, 0.000126389801153, 0.00068497605389, -0.000947579566855, 0.00011269908282, 0.00161222368479, -0.0063471510075, 0.0114274723455, -0.00552046624944, 0.00377613957971, -0.00284159462899, 0.0017651533708, -3.73853326892e-05], [0.000100165190815, -0.000233522572671, -0.000744620512705, 0.000360270729288, 0.000405833561672, -0.00182598095853, 0.00348224677145, -0.00552046624944, 0.0115323383361, -0.00762491161004, 0.00344745558687, -0.00210510147735, 0.00255591305904], [-4.55907356809e-05, 0.000406892795581, -0.000230095189181, 8.36275721667e-05, -0.000103926038719, -9.83702338999e-05, -0.0011268662056, 0.00377613957971, -0.00762491161004, 0.0130624137819, -0.0073675988242, 0.00195402861573, -0.00121192715596], [6.78649448673e-05, -0.000464435142931, 7.25377904018e-05, -0.000136283531901, -0.000188647842151, 0.0016785140615, 0.000857055594679, -0.00284159462899, 0.00344745558687, -0.0073675988242, 0.013249900192, -0.00718893809244, 0.00249677198008], [-2.51095552812e-05, 0.000318562029861, -0.000227767479373, 0.000298538070638, 0.00146094744559, -0.00102340022568, 9.45688516367e-05, 0.0017651533708, -0.00210510147735, 0.00195402861573, -0.00718893809244, 0.014835449867, -0.00758809456602], [9.18716978049e-05, -0.000176299654413, -0.000604380154982, -0.000501055910718, -0.000839191547129, 0.000358174002031, 0.000356332689989, -3.73853326892e-05, 0.00255591305904, -0.00121192715596, 0.00249677198008, -0.00758809456602, 0.0129200723022]], "mean": [-708.60748291, 111.308082581, 13.6511011124, 17.8252983093, -8.77434635162, -5.27186059952, -11.8657112122, -1.17323553562, -2.83563828468, 4.04666948318, 5.32674217224, 1.95364618301, 0.255760401487], "cov": [[20072.2265625, -1333.203125, -33.7114143372, 987.182678223, 978.337463379, 2430.00537109, 750.597290039, 407.810638428, 161.52130127, -186.603607178, -687.27532959, -369.038726807, -280.937835693], [-1333.203125, 2199.8918457, -453.33102417, 37.6543273926, 132.873062134, -157.223800659, 151.406692505, 110.754745483, -105.260231018, -132.167556763, 32.9787483215, -87.2048416138, -20.2773704529], [-33.7114143372, -453.33102417, 1202.7767334, 59.0679397583, 5.62160015106, 201.375457764, -32.2302818298, -94.6012496948, 162.932189941, 163.018280029, 27.3587551117, 114.129104614, 92.807800293], [987.182678223, 37.6543273926, 59.0679397583, 462.994659424, 248.20892334, 234.980621338, 118.945770264, 78.4893035889, -5.22383737564, -41.2854499817, -67.2453308105, -54.2459335327, -0.936473786831], [978.337463379, 132.873062134, 5.62160015106, 248.20892334, 508.641418457, 342.996459961, 155.946212769, 62.7789230347, -12.3987398148, -54.5906829834, -106.160438538, -93.6626586914, -13.0069675446], [2430.00537109, -157.223800659, 201.375457764, 234.980621338, 342.996459961, 735.477661133, 229.841873169, 71.6252365112, 85.9103775024, -13.3234844208, -166.308898926, -70.52684021, -32.6614723206], [750.597290039, 151.406692505, -32.2302818298, 118.945770264, 155.946212769, 229.841873169, 343.561431885, 178.841384888, -28.7200813293, -74.9271469116, -77.9618606567, -79.4064102173, -38.2836761475], [407.810638428, 110.754745483, -94.6012496948, 78.4893035889, 62.7789230347, 71.6252365112, 178.841384888, 223.121353149, 29.3424930573, -44.1051139832, -24.0561504364, -58.0039558411, -44.3240509033], [161.52130127, -105.260231018, 162.932189941, -5.22383737564, -12.3987398148, 85.9103775024, -28.7200813293, 29.3424930573, 220.298980713, 134.338607788, 26.6082935333, 26.0925884247, -18.2726669312], [-186.603607178, -132.167556763, 163.018280029, -41.2854499817, -54.5906829834, -13.3234844208, -74.9271469116, -44.1051139832, 134.338607788, 223.745117188, 115.896286011, 71.0146713257, 18.0336284637], [-687.27532959, 32.9787483215, 27.3587551117, -67.2453308105, -106.160438538, -166.308898926, -77.9618606567, -24.0561504364, 26.6082935333, 115.896286011, 209.191162109, 109.005073547, 33.0063018799], [-369.038726807, -87.2048416138, 114.129104614, -54.2459335327, -93.6626586914, -70.52684021, -79.4064102173, -58.0039558411, 26.0925884247, 71.0146713257, 109.005073547, 174.010528564, 85.1957626343], [-280.937835693, -20.2773704529, 92.807800293, -0.936473786831, -13.0069675446, -32.6614723206, -38.2836761475, -44.3240509033, -18.2726669312, 18.0336284637, 33.0063018799, 85.1957626343, 133.377593994]]}, "silence_rate_20dB": {"mean": 1, "dvar": 0, "min": 1, "dmean": 0, "dmean2": 0, "dvar2": 0, "max": 1, "median": 1, "var": 0}, "dynamic_complexity": 3.76379680634, "silence_rate_60dB": {"mean": 0.156268388033, "dvar": 0.046816740185, "min": 0, "dmean": 0.0492494851351, "dmean2": 0.0985086336732, "dvar2": 0.104697532952, "max": 1, "median": 0, "var": 0.131843462586}, "dissonance": {"mean": 0.420524835587, "dvar": 0.00146414793562, "min": 0.00636394275352, "dmean": 0.0301266070455, "dmean2": 0.0486268959939, "dvar2": 0.00380756566301, "max": 0.499999970198, "median": 0.450356721878, "var": 0.00920693576336}, "barkbands": {"mean": [0.000312010670314, 0.00429320847616, 0.00199887040071, 0.00134603283368, 0.0022373131942, 0.00183352059685, 0.00153390318155, 0.00196179817431, 0.00168691796716, 0.000526542426087, 0.000475077948067, 0.000342942541465, 0.000407999119489, 0.000533344922587, 0.000277763814665, 0.000179581445991, 0.000290890020551, 0.000211117730942, 0.000277048209682, 0.000233433165704, 0.000247479736572, 0.000295913836453, 0.000238686159719, 0.000197526067495, 9.94728397927e-05, 4.46395606559e-05, 8.57602663018e-06], "dvar": [7.30326246412e-06, 7.42906486266e-05, 4.34504290752e-05, 1.08164476842e-05, 1.10366763693e-05, 9.18981822906e-06, 4.18295076088e-06, 4.79925211039e-06, 4.99354882777e-06, 7.70558472141e-07, 2.00482600121e-06, 4.57758278571e-06, 1.40278473282e-06, 2.98421491607e-06, 2.8783560424e-07, 2.38335061908e-07, 3.11940681286e-07, 1.50164623847e-07, 3.03003986346e-07, 9.13896798238e-08, 9.34226420668e-08, 1.81255487064e-07, 1.50947499833e-07, 9.88071207075e-08, 6.4051391746e-08, 3.49718902726e-08, 2.26413954252e-09], "min": [2.60802740077e-25, 3.12071244181e-24, 1.87310071843e-24, 7.11492780296e-25, 9.10794267594e-24, 3.01169265357e-24, 5.50644712253e-24, 6.05123249152e-24, 1.56263342568e-23, 2.0253683464e-23, 1.12071756977e-23, 1.8510162024e-23, 3.69068826943e-23, 3.12416149946e-23, 2.49451244643e-23, 7.59981654114e-23, 6.28142549577e-23, 8.71903977169e-23, 1.16461996684e-22, 1.69526498833e-22, 2.60050054755e-22, 2.99425825958e-22, 4.25332999411e-22, 5.67856966163e-22, 8.34931088905e-22, 1.37051458161e-21, 1.97984165002e-21], "dmean": [0.000287300295895, 0.00334602943622, 0.00243106437847, 0.00131231464911, 0.00152188097127, 0.00125189567916, 0.000990730128251, 0.00107764359564, 0.000926699431147, 0.000330270268023, 0.000333040748956, 0.000291127769742, 0.000306054251269, 0.000337212521117, 0.000198871173779, 0.000120627497381, 0.000207359727938, 0.000134780682856, 0.000186585442862, 0.000147723054397, 0.000145632307976, 0.000198945272132, 0.000171661391505, 0.000145624042489, 0.000105182007246, 6.34442185401e-05, 1.32646882776e-05], "dmean2": [0.000441869167844, 0.0051865899004, 0.0042497003451, 0.00224400218576, 0.00246386229992, 0.00191705534235, 0.00155011983588, 0.00159017648548, 0.00134154607076, 0.000481285038404, 0.000487096229335, 0.000458700029412, 0.000474743224913, 0.000498196459375, 0.000310072064167, 0.000178904316272, 0.000312718970235, 0.000201331364224, 0.000281156593701, 0.000225213487283, 0.000207930454053, 0.000277716375422, 0.000255245744484, 0.000211976017454, 0.00016661688278, 0.00011156025721, 2.38577613345e-05], "dvar2": [1.49400666487e-05, 0.000169365128386, 0.000115264658234, 2.86676931864e-05, 2.75029942713e-05, 2.10366306419e-05, 9.65428080235e-06, 9.84028883977e-06, 1.01302193798e-05, 1.48735455241e-06, 3.920675681e-06, 1.16790461107e-05, 3.50344589606e-06, 4.48656555818e-06, 7.04935189333e-07, 5.32492208549e-07, 7.09123582965e-07, 3.39973752261e-07, 6.65360005314e-07, 2.17799041025e-07, 1.8378995037e-07, 3.64090112726e-07, 3.49261512156e-07, 2.12251450193e-07, 1.63845811585e-07, 9.52789989128e-08, 6.18340267877e-09], "max": [0.160516172647, 0.127238512039, 0.0752358138561, 0.0614897459745, 0.050223313272, 0.0587553493679, 0.0391777828336, 0.0453219115734, 0.0445481613278, 0.0253722183406, 0.0585122592747, 0.0969108939171, 0.0562714636326, 0.132794886827, 0.013040445745, 0.0349994525313, 0.0159026030451, 0.0108312135562, 0.0159980691969, 0.00546027207747, 0.00493097351864, 0.0110204722732, 0.00560739124194, 0.00465558934957, 0.0026476115454, 0.00223888573237, 0.000780753209256], "median": [1.87797249964e-05, 0.000349620881025, 0.000238740001805, 0.000196873239474, 0.000780654721893, 0.000380787183531, 0.000558852101676, 0.000372065289412, 0.00019242997223, 0.000101027122582, 7.48509701225e-05, 3.32146264554e-05, 5.67349270568e-05, 5.00801725138e-05, 5.37139931112e-05, 3.76359166694e-05, 6.18860867689e-05, 3.50562986569e-05, 4.9222529924e-05, 4.51735031675e-05, 3.18920065183e-05, 5.16709042131e-05, 3.11767216772e-05, 2.23903862206e-05, 1.17522195069e-05, 2.10941470868e-06, 1.94413658505e-08], "var": [1.3173370462e-05, 0.000103858852526, 3.30834445776e-05, 1.03781821963e-05, 1.64196771948e-05, 1.64342982316e-05, 7.50991466703e-06, 1.14631420729e-05, 1.34829551826e-05, 1.95251482182e-06, 3.71619989892e-06, 3.83626093026e-06, 1.80965400887e-06, 1.14726417451e-05, 4.27312443207e-07, 3.68220128166e-07, 4.74071498502e-07, 3.41196312093e-07, 7.82011284173e-07, 1.96509517991e-07, 2.35648187186e-07, 3.70704441366e-07, 2.4719747671e-07, 1.60003750693e-07, 5.52231007589e-08, 2.33667805105e-08, 1.50639289931e-09]}, "spectral_complexity": {"mean": 13.1379241943, "dvar": 30.3451080322, "min": 0, "dmean": 3.82988333702, "dmean2": 5.29395627975, "dvar2": 47.9068336487, "max": 72, "median": 10, "var": 130.965057373}, "spectral_energyband_high": {"mean": 0.00127270433586, "dvar": 2.37391418523e-06, "min": 7.10098770622e-21, "dmean": 0.000824680086225, "dmean2": 0.00115181726869, "dvar2": 4.7504045142e-06, "max": 0.0224591176957, "median": 0.000237578366068, "var": 5.10177005708e-06}, "hfc": {"mean": 19.7143306732, "dvar": 258.764251709, "min": 1.06299544534e-16, "dmean": 9.72165966034, "dmean2": 13.2718105316, "dvar2": 519.367248535, "max": 259.954528809, "median": 10.2453308105, "var": 617.242858887}, "melbands_kurtosis": {"mean": 15.6656227112, "dvar": 466.009307861, "min": -1.89714848995, "dmean": 9.97249221802, "dmean2": 15.5680084229, "dvar2": 1108.91296387, "max": 643.207275391, "median": 7.81300354004, "var": 770.039428711}, "spectral_strongpeak": {"mean": 1.05490529537, "dvar": 0.881365060806, "min": 0, "dmean": 0.551957845688, "dmean2": 0.908524096012, "dvar2": 2.10138320923, "max": 21.7404823303, "median": 0.62553614378, "var": 1.46561121941}, "silence_rate_30dB": {"mean": 0.987149298191, "dvar": 0.0152600631118, "min": 0, "dmean": 0.0155008342117, "dmean2": 0.0310047101229, "dvar2": 0.0374941676855, "max": 1, "median": 1, "var": 0.0126866474748}, "melbands_spread": {"mean": 23.9159965515, "dvar": 203.486022949, "min": 0.0983563289046, "dmean": 9.00455474854, "dmean2": 13.7886886597, "dvar2": 440.342803955, "max": 211.079406738, "median": 16.1105976105, "var": 649.267028809}, "melbands_crest": {"mean": 15.6260929108, "dvar": 12.7971420288, "min": 1.6587998867, "dmean": 3.87058639526, "dmean2": 6.25406455994, "dvar2": 30.7226524353, "max": 37.5562820435, "median": 14.5509490967, "var": 41.7536277771}, "average_loudness": 0.867895305157, "spectral_flux": {"mean": 0.0766979902983, "dvar": 0.0011324963998, "min": 6.31844992993e-11, "dmean": 0.0288809966296, "dmean2": 0.0435828380287, "dvar2": 0.00222033844329, "max": 0.370099544525, "median": 0.0636794418097, "var": 0.00335315894336}, "spectral_rolloff": {"mean": 1871.75695801, "dvar": 2236337.5, "min": 43.06640625, "dmean": 749.231018066, "dmean2": 1258.61401367, "dvar2": 5301017.5, "max": 19530.6152344, "median": 839.794921875, "var": 6141894.5}, "melbands": {"mean": [0.00116795080248, 0.0012528700754, 0.000721342570614, 0.0005225824425, 0.00029621986323, 0.000396649731556, 0.000332213065121, 0.000443603668828, 0.000233218510402, 0.000282792549115, 9.81993580353e-05, 5.25812647538e-05, 6.36942422716e-05, 4.84956253786e-05, 3.56430173269e-05, 4.34239373135e-05, 5.35049111932e-05, 2.99497551168e-05, 1.96131168195e-05, 1.53820601554e-05, 1.26875011119e-05, 1.51477761392e-05, 1.44326359077e-05, 9.56806616159e-06, 1.23002919281e-05, 1.00490997283e-05, 6.76676563671e-06, 8.19669367047e-06, 5.52292431166e-06, 5.88634520682e-06, 5.96106292505e-06, 6.00698422204e-06, 6.05741979598e-06, 4.8194287956e-06, 4.12281451645e-06, 2.7579737889e-06, 2.33097239288e-06, 2.22051858145e-06, 1.75916693479e-06, 7.73361250594e-07], "dvar": [6.53781853543e-06, 7.36242509447e-06, 2.481647698e-06, 7.50311926367e-07, 1.63010298593e-07, 4.42994149807e-07, 1.80697881547e-07, 2.09273721907e-07, 9.46980662775e-08, 1.3598949522e-07, 2.35056241138e-08, 1.1480166151e-08, 4.39300649191e-08, 7.10204659526e-08, 2.92454807038e-08, 1.90958271418e-08, 3.81647708991e-08, 3.2686817697e-09, 1.86616500031e-09, 1.9471684265e-09, 5.08761699436e-10, 1.18264686932e-09, 5.64803814829e-10, 3.01674019099e-10, 8.25707224816e-10, 4.13805989474e-10, 1.48306963932e-10, 1.36046979238e-10, 5.40946974714e-11, 6.71765629234e-11, 6.18965156907e-11, 8.1472939506e-11, 9.15339470886e-11, 9.87299200728e-11, 4.88620845174e-11, 1.53521917401e-11, 1.1645090274e-11, 1.63451474577e-11, 2.54596725646e-11, 2.68711832299e-12], "min": [8.50921381496e-25, 1.1080641028e-24, 1.21635665989e-24, 1.55778926752e-24, 9.78640230026e-25, 6.36738496676e-25, 2.2663171141e-24, 2.70024050743e-24, 1.54803736901e-24, 2.19358571636e-24, 2.10614048502e-24, 1.68001655947e-24, 2.0160338342e-24, 2.0874436927e-24, 3.14434060086e-24, 3.88698983704e-24, 2.59665833741e-24, 4.44769520796e-24, 2.15540248197e-24, 3.92855610142e-24, 4.49690987325e-24, 3.03533718148e-24, 4.19187037741e-24, 3.77244328929e-24, 4.55705499525e-24, 5.14050243721e-24, 4.37416232754e-24, 3.95104455368e-24, 4.20305997492e-24, 6.00221859133e-24, 4.91158880758e-24, 5.15276843542e-24, 5.54446311841e-24, 5.05435567091e-24, 6.14024597835e-24, 6.23603420262e-24, 5.60752229259e-24, 6.25248313579e-24, 6.01397577426e-24, 6.63912753127e-24], "dmean": [0.00091686740052, 0.00115386943799, 0.000676248804666, 0.000374003197066, 0.000185821947525, 0.000274267542409, 0.000211147591472, 0.000239904853515, 0.00013294321252, 0.000150391613715, 5.66326416447e-05, 3.39800390066e-05, 4.57529531559e-05, 3.84667255275e-05, 2.83037588815e-05, 3.21270854329e-05, 3.38767094945e-05, 1.98409179575e-05, 1.45367648656e-05, 1.01458781501e-05, 8.76132526173e-06, 1.13747682917e-05, 9.27785731619e-06, 6.22716652288e-06, 8.17036925582e-06, 7.04804006091e-06, 4.75209890283e-06, 5.42777479495e-06, 3.3570204323e-06, 3.64002880815e-06, 3.78068943974e-06, 4.12485496781e-06, 4.2206092985e-06, 3.81938161809e-06, 2.96547159451e-06, 1.91129220184e-06, 1.66165978044e-06, 1.72556406142e-06, 1.58940042638e-06, 7.59569502407e-07], "dmean2": [0.00140909897164, 0.00191264937166, 0.00114839361049, 0.000610697374213, 0.000288970040856, 0.000421835458837, 0.000327834888594, 0.000358768040314, 0.000202480674488, 0.000215924228542, 8.21312496555e-05, 4.99163106724e-05, 6.79032527842e-05, 5.8994803112e-05, 4.48142745881e-05, 5.00824680785e-05, 4.96971515531e-05, 2.95390073006e-05, 2.29933375522e-05, 1.51097992784e-05, 1.35699692692e-05, 1.76780558832e-05, 1.3033644791e-05, 9.32320381253e-06, 1.23961244753e-05, 1.04865257526e-05, 7.3220462582e-06, 8.59651845531e-06, 4.84003112433e-06, 5.32505964657e-06, 5.52390247321e-06, 5.95176697971e-06, 6.0523434513e-06, 5.84436611462e-06, 4.44427678303e-06, 2.77516937786e-06, 2.5234385248e-06, 2.58437239609e-06, 2.42612918555e-06, 1.19398475817e-06], "dvar2": [1.42339058584e-05, 1.84382406587e-05, 6.42326358502e-06, 1.88338060525e-06, 3.86269135788e-07, 1.01533646557e-06, 4.17990122514e-07, 4.27767645306e-07, 2.14589277903e-07, 2.73541957085e-07, 4.59840450162e-08, 2.13483257738e-08, 9.26690404413e-08, 1.80442128794e-07, 7.6095837187e-08, 4.74500048142e-08, 5.70568552405e-08, 6.15691986283e-09, 4.65812100003e-09, 4.40194858342e-09, 1.18516851888e-09, 3.01738678488e-09, 9.54273104981e-10, 6.41895148146e-10, 1.79765391461e-09, 9.01846264334e-10, 3.70255687221e-10, 3.56346147035e-10, 1.11027916028e-10, 1.44635498023e-10, 1.21332027758e-10, 1.73165579098e-10, 1.92495241969e-10, 2.44833708862e-10, 1.16371252912e-10, 3.34364584631e-11, 2.72554635111e-11, 3.36237461485e-11, 6.42000341777e-11, 6.66063124793e-12], "max": [0.0393722616136, 0.0304039418697, 0.0231435783207, 0.0130208441988, 0.00706432526931, 0.0134527571499, 0.00936081446707, 0.00799070857465, 0.0069509469904, 0.00745779182762, 0.00435243546963, 0.00336275366135, 0.00810132455081, 0.0123892128468, 0.00843809731305, 0.0061540491879, 0.0157182253897, 0.00248739868402, 0.0011555312667, 0.00325738615356, 0.000672349066008, 0.000584539608099, 0.00111737381667, 0.000465297256596, 0.00087726523634, 0.000567883485928, 0.000196049775695, 0.000236900756136, 0.00018160167383, 0.00013942483929, 0.000144589284901, 0.000165801786352, 0.000316118472256, 0.000158070208272, 0.000129008825752, 6.93971087458e-05, 5.46617084183e-05, 4.58692084067e-05, 9.55440336838e-05, 1.78103273356e-05], "median": [8.45063914312e-05, 0.000191830680706, 0.000144481891766, 0.000157350790687, 0.000107619016489, 8.28245465527e-05, 9.47427834035e-05, 0.000141513257404, 6.18257618044e-05, 3.28748028551e-05, 2.02006940526e-05, 8.53888286656e-06, 1.04181217466e-05, 6.32154024061e-06, 4.9379605116e-06, 5.49535388927e-06, 5.18628303325e-06, 4.7843250286e-06, 3.28064311361e-06, 3.0102889923e-06, 2.82781115857e-06, 3.27406019096e-06, 2.56652174357e-06, 1.61745811056e-06, 1.72162799572e-06, 1.74713409251e-06, 1.21287985166e-06, 1.47016442043e-06, 8.72441887623e-07, 7.20037405699e-07, 7.81372932579e-07, 1.09818756755e-06, 8.82734866536e-07, 6.28731640973e-07, 5.05473735757e-07, 3.37827657404e-07, 2.20897376835e-07, 2.37722133534e-07, 1.82201489451e-07, 9.12032689371e-08], "var": [9.20309321373e-06, 7.75154694566e-06, 2.39545965997e-06, 1.04396224287e-06, 3.03176847183e-07, 7.58410067192e-07, 3.43932725855e-07, 5.05811840412e-07, 1.90262184674e-07, 4.04305097845e-07, 6.03475101002e-08, 2.81683831815e-08, 7.20015407296e-08, 6.38705444089e-08, 2.4703378898e-08, 2.63338311157e-08, 1.43352878013e-07, 8.41015879161e-09, 2.47394504882e-09, 2.88063461973e-09, 8.56053283815e-10, 1.31350597066e-09, 1.34788202821e-09, 7.58393958744e-10, 2.40787612071e-09, 8.72915961736e-10, 2.12497158758e-10, 2.63803062728e-10, 1.21624557647e-10, 1.46502726617e-10, 1.45540718366e-10, 1.4891046729e-10, 1.70630856666e-10, 1.22945098546e-10, 7.88271947716e-11, 3.15656875638e-11, 2.29396154849e-11, 2.35501600859e-11, 2.4070656926e-11, 2.70763056073e-12]}, "spectral_energy": {"mean": 0.0220916029066, "dvar": 0.000228823642829, "min": 1.00644591859e-20, "dmean": 0.00972099229693, "dmean2": 0.0139895612374, "dvar2": 0.000455689005321, "max": 0.254466682673, "median": 0.0145815722644, "var": 0.000599712890107}, "spectral_decrease": {"mean": -5.37950350932e-09, "dvar": 1.47921433308e-17, "min": -6.68239650281e-08, "dmean": 2.41627984288e-09, "dmean2": 3.5240377283e-09, "dvar2": 3.00303289176e-17, "max": 1.29323379093e-28, "median": -3.48829631847e-09, "var": 3.74193943632e-17}, "erbbands_spread": {"mean": 37.8235588074, "dvar": 230.183898926, "min": 0.187027603388, "dmean": 12.1825485229, "dmean2": 18.062379837, "dvar2": 478.893188477, "max": 178.622436523, "median": 34.403793335, "var": 627.46472168}, "spectral_contrast_coeffs": {"mean": [-0.652587413788, -0.663028776646, -0.729270339012, -0.789140224457, -0.78993165493, -0.770965695381], "dvar": [0.00251436210237, 0.00286818994209, 0.00180352001917, 0.000952573027462, 0.000667270447593, 0.000539590953849], "min": [-0.990428328514, -0.976178050041, -0.974455058575, -0.972711384296, -0.966201126575, -0.965972840786], "dmean": [0.0587729811668, 0.0598904043436, 0.046949300915, 0.0342549420893, 0.0272853728384, 0.0249460991472], "dmean2": [0.0946596935391, 0.0935226306319, 0.0699563473463, 0.0534204505384, 0.041674528271, 0.0391671508551], "dvar2": [0.00613749306649, 0.00659763067961, 0.00347060617059, 0.00209504552186, 0.00133941473905, 0.00118831568398], "max": [-0.316999316216, -0.280737876892, -0.311396598816, -0.542618095875, -0.50493657589, -0.563395738602], "median": [-0.648069500923, -0.665633678436, -0.742516040802, -0.795476078987, -0.796456933022, -0.765645086765], "var": [0.0127791492268, 0.0123364618048, 0.010956116952, 0.00548979640007, 0.00468664849177, 0.00369074591435]}, "spectral_energyband_middle_high": {"mean": 0.00346896843985, "dvar": 1.69622308022e-05, "min": 1.027005315e-21, "dmean": 0.00174437835813, "dmean2": 0.00241115363315, "dvar2": 3.32803647325e-05, "max": 0.144523829222, "median": 0.00116330978926, "var": 4.54428009107e-05}, "erbbands_crest": {"mean": 12.6984539032, "dvar": 12.1573877335, "min": 2.40702176094, "dmean": 3.32889604568, "dmean2": 5.06101465225, "dvar2": 23.6488113403, "max": 33.2326469421, "median": 10.4439315796, "var": 56.1018600464}, "barkbands_crest": {"mean": 11.9550876617, "dvar": 8.37031650543, "min": 2.2658803463, "dmean": 3.07532382011, "dmean2": 4.82322883606, "dvar2": 18.7334747314, "max": 26.9996204376, "median": 10.7240800858, "var": 31.9632511139}, "pitch_salience": {"mean": 0.513717114925, "dvar": 0.00672732340172, "min": 0.00375743373297, "dmean": 0.0852681845427, "dmean2": 0.133547157049, "dvar2": 0.0156660191715, "max": 0.91436457634, "median": 0.523164510727, "var": 0.0248571038246}, "melbands_skewness": {"mean": 2.3645298481, "dvar": 1.28357172012, "min": -7.66557359695, "dmean": 0.962773740292, "dmean2": 1.44444608688, "dvar2": 2.93462920189, "max": 20.6212921143, "median": 2.13101768494, "var": 3.77297568321}, "spectral_spread": {"mean": 5101865.5, "dvar": 1599414337540.0, "min": 80933.7734375, "dmean": 985250.9375, "dmean2": 1454045.25, "dvar2": 3229448929280.0, "max": 43818704, "median": 4898911, "var": 15714806136800.0}, "spectral_entropy": {"mean": 7.15696907043, "dvar": 0.118418678641, "min": 2.06880021095, "dmean": 0.305768936872, "dmean2": 0.426540106535, "dvar2": 0.218406230211, "max": 9.82490253448, "median": 7.35618162155, "var": 1.47312664986}, "erbbands_flatness_db": {"mean": 0.212180569768, "dvar": 0.00111251219641, "min": 0.0218344330788, "dmean": 0.0319268852472, "dmean2": 0.0430867373943, "dvar2": 0.00193889311049, "max": 0.775710880756, "median": 0.175728186965, "var": 0.0177856702358}, "spectral_kurtosis": {"mean": 20.8128871918, "dvar": 6851.06494141, "min": -1.27975976467, "dmean": 15.6034154892, "dmean2": 28.4386196136, "dvar2": 21450.2832031, "max": 1306.74597168, "median": 3.01645326614, "var": 7510.07910156}, "erbbands_skewness": {"mean": 0.804553985596, "dvar": 0.635325729847, "min": -5.22852277756, "dmean": 0.615874826908, "dmean2": 0.865551650524, "dvar2": 1.17746531963, "max": 15.1663856506, "median": 0.564873337746, "var": 2.38699841499}, "erbbands_kurtosis": {"mean": 4.3559088707, "dvar": 175.632781982, "min": -1.86422753334, "dmean": 3.66436862946, "dmean2": 5.32659864426, "dvar2": 368.938018799, "max": 408.272338867, "median": 0.187379956245, "var": 289.59664917}, "barkbands_spread": {"mean": 21.2649707794, "dvar": 112.197021484, "min": 0.000253963924479, "dmean": 7.8870677948, "dmean2": 12.0319042206, "dvar2": 249.950973511, "max": 123.596313477, "median": 16.6762084961, "var": 289.872070312}, "zerocrossingrate": {"mean": 0.0694870129228, "dvar": 0.000403220328735, "min": 0.00244140625, "dmean": 0.0157602317631, "dmean2": 0.0189527571201, "dvar2": 0.000541273562703, "max": 0.5224609375, "median": 0.05224609375, "var": 0.00363551685587}, "spectral_centroid": {"mean": 1355.62561035, "dvar": 145649.953125, "min": 156.303024292, "dmean": 297.614013672, "dmean2": 437.53326416, "dvar2": 278795.46875, "max": 11879.6542969, "median": 1042.07763672, "var": 1414328.25}, "barkbands_skewness": {"mean": 1.35653364658, "dvar": 95.5042114258, "min": -192.286560059, "dmean": 1.1314291954, "dmean2": 1.84970974922, "dvar2": 351.14630127, "max": 327.697418213, "median": 1.32142138481, "var": 39.8488082886}, "melbands_flatness_db": {"mean": 0.247081786394, "dvar": 0.00155035825446, "min": 0.00340215140022, "dmean": 0.0377440564334, "dmean2": 0.0555090866983, "dvar2": 0.0032194997184, "max": 0.988631844521, "median": 0.217806309462, "var": 0.025655630976}, "spectral_contrast_valleys": {"mean": [-8.31905841827, -7.56346559525, -8.42640113831, -8.78894233704, -8.63257598877, -10.932516098], "dvar": [0.246634319425, 0.273182809353, 0.217235743999, 0.227311521769, 0.21513672173, 0.32575622201], "min": [-28.0605640411, -28.0676269531, -27.9089183807, -27.7329387665, -27.4333724976, -27.4606952667], "dmean": [0.522740066051, 0.520055651665, 0.470921278, 0.46963262558, 0.441781252623, 0.584540426731], "dmean2": [0.820179402828, 0.817107081413, 0.691569328308, 0.672894597054, 0.597632646561, 0.742300629616], "dvar2": [0.527389466763, 0.591702520847, 0.413764983416, 0.427361279726, 0.384389579296, 0.592341899872], "max": [-4.82542848587, -4.34754514694, -5.41039514542, -5.44892835617, -5.38507604599, -7.71132135391], "median": [-7.8532075882, -7.22249603271, -8.01833152771, -8.34194755554, -8.17288017273, -10.2653713226], "var": [5.80870628357, 4.86943435669, 4.9699754715, 5.50521564484, 6.0585436821, 6.64794635773]}, "barkbands_flatness_db": {"mean": 0.191372811794, "dvar": 0.00131223059725, "min": 0.0209043007344, "dmean": 0.0346932671964, "dmean2": 0.0500644594431, "dvar2": 0.0026079074014, "max": 0.875942111015, "median": 0.157001435757, "var": 0.02