{"tonal": {"chords_key": "A", "hpcp_entropy": {"dmean": 0.374872863293, "dmean2": 0.623602330685, "max": 3.83311700821, "dvar": 0.152632430196, "mean": 1.46580767632, "dvar2": 0.379688024521, "min": 0, "var": 0.370450258255, "median": 1.48189783096}, "key_key": "E", "chords_strength": {"dmean": 0.00872582942247, "dmean2": 0.00534710707143, "max": 0.761600553989, "dvar": 5.05388816237e-05, "mean": 0.496330231428, "dvar2": 3.73955444957e-05, "min": 0.249289363623, "var": 0.00855339691043, "median": 0.49639710784}, "key_scale": "major", "chords_number_rate": 0.00145348836668, "thpcp": [1, 0.517310082912, 0.0782697796822, 0.048893135041, 0.0418244786561, 0.24951569736, 0.467618107796, 0.286533474922, 0.0743836984038, 0.0468603409827, 0.0409843213856, 0.163026764989, 0.273137271404, 0.210901871324, 0.481206864119, 0.807536482811, 0.464845895767, 0.107708774507, 0.0740203484893, 0.0847799479961, 0.368640303612, 0.640911817551, 0.385997444391, 0.0898718237877, 0.0563885718584, 0.0709786862135, 0.293332785368, 0.48737731576, 0.312390893698, 0.360236167908, 0.489951640368, 0.231172546744, 0.0867135599256, 0.115786314011, 0.132665559649, 0.602969765663], "key_strength": 0.88987237215, "tuning_nontempered_energy_ratio": 0.595520853996, "tuning_frequency": 440.508575439, "chords_changes_rate": 0.0402823910117, "tuning_diatonic_strength": 0.612800300121, "chords_scale": "major", "chords_histogram": [22.4667778015, 7.91112947464, 16.0298995972, 0.311461806297, 0.26993355155, 0.0207641199231, 0.39451828599, 0, 0, 0, 0, 0, 0.0207641199231, 0.0415282398462, 0, 0.0207641199231, 0, 2.11794018745, 0, 0.498338878155, 0, 15.2408638, 22.8820590973, 11.7732553482], "tuning_equal_tempered_deviation": 0.0111096045002, "hpcp": {"dmean": [0.0566523484886, 0.0517520494759, 0.0329859815538, 0.0383643358946, 0.0520788915455, 0.100812464952, 0.0992521345615, 0.089699357748, 0.0386339277029, 0.022774875164, 0.0216582659632, 0.0513267926872, 0.0669546946883, 0.0575121678412, 0.0297033321112, 0.0219528097659, 0.0222473349422, 0.0412245467305, 0.0564557574689, 0.0636542513967, 0.0875895395875, 0.087665297091, 0.0844613537192, 0.0546743497252, 0.0417311601341, 0.0452890954912, 0.0829558819532, 0.0854718610644, 0.08509696275, 0.0483327060938, 0.033148188144, 0.0376505330205, 0.0680348649621, 0.0739078968763, 0.0762665867805, 0.0725717768073], "dmean2": [0.0944782420993, 0.0877257287502, 0.0578760653734, 0.0665361508727, 0.091645590961, 0.168765261769, 0.159287273884, 0.150409787893, 0.0703541859984, 0.0410776287317, 0.0392767302692, 0.0853625535965, 0.109055012465, 0.0951152667403, 0.0518845841289, 0.0401751175523, 0.0408940948546, 0.0698865130544, 0.0952877178788, 0.108876638114, 0.145472928882, 0.145397290587, 0.143585652113, 0.0996237397194, 0.0779742226005, 0.0826031044126, 0.139815911651, 0.139988169074, 0.143785864115, 0.0889356806874, 0.0618045255542, 0.0687148049474, 0.114488713443, 0.119481831789, 0.129160687327, 0.124738246202], "max": [1, 1, 1, 1, 1, 1, 1, 1, 1, 1, 1, 1, 1, 1, 1, 1, 1, 1, 1, 1, 1, 1, 1, 1, 1, 1, 1, 1, 1, 1, 1, 1, 1, 1, 1, 1], "dvar": [0.0218180771917, 0.0153371496126, 0.0100885881111, 0.0141336107627, 0.0174103472382, 0.0263864193112, 0.0311746243387, 0.0217524804175, 0.0129210958257, 0.00761640397832, 0.00616837898269, 0.0142881935462, 0.0221499241889, 0.0159854199737, 0.0108656669036, 0.00822332315147, 0.00823654886335, 0.013234375976, 0.0211685858667, 0.0181305892766, 0.0247239526361, 0.0297874100506, 0.0230407919735, 0.0216359198093, 0.0168308131397, 0.0173624120653, 0.0275828931481, 0.0338313467801, 0.0305869262666, 0.0198425985873, 0.0140299927443, 0.0140686035156, 0.0230572558939, 0.0256034079939, 0.0217945855111, 0.0238836891949], "mean": [0.192411199212, 0.0907848551869, 0.0340536870062, 0.0454709865153, 0.052099712193, 0.236795067787, 0.392714679241, 0.203155264258, 0.0307376906276, 0.0192010514438, 0.0164250861853, 0.0979884788394, 0.183640494943, 0.112525902689, 0.0292115695775, 0.0184027440846, 0.0160951446742, 0.0640230029821, 0.107265017927, 0.0828242599964, 0.188977003098, 0.317131429911, 0.182551801205, 0.0422988161445, 0.0290688779205, 0.0332943312824, 0.144770458341, 0.251695483923, 0.151586860418, 0.0352939851582, 0.0221446193755, 0.0278743728995, 0.115196086466, 0.191400229931, 0.122680485249, 0.14147002995], "dvar2": [0.046899471432, 0.0395111292601, 0.0278608463705, 0.0369537584484, 0.0462370961905, 0.0680971816182, 0.0688804909587, 0.056052390486, 0.0368745736778, 0.0224489141256, 0.0175954718143, 0.0369650423527, 0.0487678088248, 0.0393362976611, 0.0283600278199, 0.022680087015, 0.0235021468252, 0.0336857512593, 0.0493010729551, 0.0459345020354, 0.0621554814279, 0.0670647472143, 0.0607272274792, 0.0623402670026, 0.0480934940279, 0.0487444475293, 0.0720957145095, 0.0766712725163, 0.0780923888087, 0.0562404207885, 0.0399679429829, 0.0390758514404, 0.0579182729125, 0.0543232224882, 0.0546878986061, 0.0611560530961], "min": [0, 0, 0, 0, 0, 0, 0, 0, 0, 0, 0, 0, 0, 0, 0, 0, 0, 0, 0, 0, 0, 0, 0, 0, 0, 0, 0, 0, 0, 0, 0, 0, 0, 0, 0, 0], "var": [0.116386137903, 0.029214059934, 0.00911410804838, 0.0168279223144, 0.0173445846885, 0.0655804350972, 0.152911275625, 0.0516255348921, 0.00950677879155, 0.00528501253575, 0.00417271163315, 0.029580052942, 0.0852496400476, 0.0329783856869, 0.0111309252679, 0.0066158962436, 0.00540402624756, 0.0222259759903, 0.054093375802, 0.0263829287142, 0.0601601004601, 0.1489495188, 0.0573225356638, 0.0146577712148, 0.0103375744075, 0.01232019905, 0.0503134503961, 0.130248740315, 0.0605949386954, 0.013295208104, 0.00865258835256, 0.0100194960833, 0.0420693159103, 0.0973946154118, 0.0409528575838, 0.0606994703412], "median": [0.0116166416556, 0.00698812771589, 0.00568100996315, 0.00528326863423, 0.00895963795483, 0.132570624352, 0.233435928822, 0.109891563654, 0.00381075590849, 0.00159076298587, 0.00153591786511, 0.0242501460016, 0.0493075996637, 0.0338432118297, 0.00299618393183, 0.00126803922467, 0.00119643099606, 0.0055417669937, 0.00823170877993, 0.0140253324062, 0.0565646514297, 0.0912646502256, 0.0554731339216, 0.00769048277289, 0.00281016295776, 0.00274382578209, 0.0235359296203, 0.039620000869, 0.0224463120103, 0.00268390402198, 0.00157268112525, 0.00186687998939, 0.0189372375607, 0.032833494246, 0.0303094126284, 0.0163051523268]}}, "lowlevel": {"melbands_flatness_db": {"dmean": 0.0227833688259, "dmean2": 0.0305108651519, "max": 0.697872579098, "dvar": 0.000775091932155, "mean": 0.338008731604, "dvar2": 0.00130232342053, "min": 0.00375362648629, "var": 0.0118047529832, "median": 0.322101682425}, "melbands_crest": {"dmean": 1.98344564438, "dmean2": 3.13799786568, "max": 31.3116779327, "dvar": 5.0748591423, "mean": 14.4390134811, "dvar2": 12.1825304031, "min": 1.75441324711, "var": 26.8237400055, "median": 13.5548191071}, "spectral_entropy": {"dmean": 0.162453114986, "dmean2": 0.224125504494, "max": 9.82070446014, "dvar": 0.0447741821408, "mean": 6.46437311172, "dvar2": 0.074578307569, "min": 4.88039684296, "var": 0.393470019102, "median": 6.46930122375}, "melbands": {"dmean": [8.84519467945e-05, 0.000467721343739, 0.000377920252504, 0.000290948402835, 0.000141169308336, 0.000160910771228, 0.000160570139997, 0.000152700275066, 0.000135097128805, 8.67516646395e-05, 4.32725028077e-05, 5.40279434063e-05, 6.04057750024e-05, 3.20098806696e-05, 3.6203142372e-05, 2.32483125728e-05, 2.33696227951e-05, 1.59976589202e-05, 1.04993396235e-05, 7.45192073737e-06, 9.46941963775e-06, 5.82461643717e-06, 4.32522892879e-06, 1.97615395336e-06, 1.6311885247e-06, 2.75191132459e-06, 3.2075827221e-06, 1.43897602811e-06, 5.04719992023e-07, 2.3828987139e-07, 1.85391485275e-07, 1.79379881615e-07, 1.93289707795e-07, 2.00325771971e-07, 2.00560549501e-07, 1.64365346222e-07, 1.50377076125e-07, 1.1846051251e-07, 5.67276501329e-08, 4.05018667493e-08], "dmean2": [0.000138224524562, 0.000722386525013, 0.000615927972831, 0.000471167004434, 0.000220398665988, 0.000239660439547, 0.000232395468629, 0.000214197207242, 0.000183288691915, 0.00011796587205, 5.7308243413e-05, 7.14782945579e-05, 8.40750071802e-05, 4.48628961749e-05, 5.35219442099e-05, 3.35184922733e-05, 3.15078541462e-05, 2.27073378483e-05, 1.50134246724e-05, 1.05830376924e-05, 1.19949099826e-05, 7.94121115177e-06, 5.67450024391e-06, 2.75043589681e-06, 2.42255350713e-06, 3.97244502892e-06, 4.46648800789e-06, 2.00703971132e-06, 7.59906981784e-07, 3.53593549107e-07, 2.82386935169e-07, 2.62393882622e-07, 2.71337938784e-07, 2.81365515775e-07, 2.80360779925e-07, 2.35624227685e-07, 2.16670940745e-07, 1.72145533384e-07, 8.48826928745e-08, 5.7859146807e-08], "max": [0.00420013815165, 0.0156833883375, 0.0119494721293, 0.0147511670366, 0.00539224408567, 0.00761691201478, 0.0130216768011, 0.0137205272913, 0.0185846108943, 0.0102267228067, 0.00584975583479, 0.00971941370517, 0.0123166497797, 0.00758857745677, 0.00574880279601, 0.00309773418121, 0.00244242721237, 0.00270858639851, 0.00174839841202, 0.00180856930092, 0.00290180929005, 0.0012143063359, 0.00102454260923, 0.000161298841704, 0.000128707906697, 0.000336695753504, 0.000337359175319, 0.000194362117327, 8.59447172843e-05, 6.25180327916e-05, 3.39016005455e-05, 4.43968747277e-05, 5.75314697926e-05, 5.3333104006e-05, 5.22259906575e-05, 3.4442928154e-05, 2.06921486097e-05, 1.58831644512e-05, 1.19428868857e-05, 1.05393983176e-05], "dvar": [5.55610277786e-08, 8.80555262484e-07, 3.83509643598e-07, 2.3628322765e-07, 5.83144270649e-08, 9.42104065871e-08, 1.89215796809e-07, 2.44504690272e-07, 2.24093795964e-07, 9.73177805008e-08, 1.82850943276e-08, 3.77878919267e-08, 4.72032297694e-08, 1.37067841521e-08, 2.71842406363e-08, 9.30548171851e-09, 9.1290139892e-09, 6.84127998696e-09, 3.22251247908e-09, 1.87160265064e-09, 3.66553010167e-09, 9.93568560759e-10, 2.35125419135e-10, 2.85347977885e-11, 2.79623182248e-11, 1.01956880438e-10, 1.29170382723e-10, 2.8537134461e-11, 6.39832631322e-12, 1.44840411366e-12, 8.90609309391e-13, 1.11340580852e-12, 1.20398222642e-12, 1.22938150545e-12, 1.45711318445e-12, 8.61534368152e-13, 5.24205949915e-13, 2.25998310777e-13, 5.77700932339e-14, 3.82097036845e-14], "mean": [0.000305418507196, 0.00198851386085, 0.00116696429905, 0.000738903530873, 0.000456689042039, 0.000517603999469, 0.000481572904391, 0.000423230463639, 0.000412421562942, 0.000261523848167, 0.000132579603815, 0.000154963854584, 0.000178500864422, 7.63722855481e-05, 7.82193237683e-05, 5.37148698641e-05, 5.20987596246e-05, 2.76250793831e-05, 1.83392421604e-05, 1.67400467035e-05, 3.04165605485e-05, 1.67458383658e-05, 1.10822802526e-05, 4.73097907161e-06, 3.42709836332e-06, 5.40082646694e-06, 6.6629218054e-06, 2.78699212686e-06, 8.05573790785e-07, 3.69627713326e-07, 2.66765226797e-07, 2.70533377034e-07, 3.06818918716e-07, 3.2179539744e-07, 3.14757414799e-07, 2.58289077237e-07, 2.42792452809e-07, 1.95510267531e-07, 8.87351347956e-08, 6.27358076599e-08], "dvar2": [1.29907888891e-07, 1.97569715965e-06, 1.00944339465e-06, 5.94631671902e-07, 1.46073830365e-07, 1.94840310996e-07, 3.66482169056e-07, 5.35431468052e-07, 4.00149303914e-07, 2.16207439507e-07, 3.41137322835e-08, 6.65818049583e-08, 1.01761280291e-07, 2.51800145179e-08, 6.4964147839e-08, 1.92478548655e-08, 1.7648526196e-08, 1.42002054559e-08, 6.95364033021e-09, 3.80302722647e-09, 5.70016123191e-09, 1.77060099915e-09, 2.92745744312e-10, 5.75397264557e-11, 6.53178136578e-11, 2.36282049482e-10, 2.73546435503e-10, 5.24935164781e-11, 1.36289981037e-11, 3.34101648257e-12, 2.13952315066e-12, 2.49130035178e-12, 2.32398757356e-12, 2.36628360135e-12, 2.98574901782e-12, 1.66183679231e-12, 1.04283096915e-12, 4.52118756929e-13, 1.25423936102e-13, 7.03564200714e-14], "min": [2.10619097212e-24, 1.54989503783e-24, 4.11313850919e-24, 2.8680264888e-24, 2.61132207834e-24, 9.79633011475e-25, 6.59616616637e-24, 5.09436590717e-24, 5.60081421389e-24, 5.18697817744e-24, 3.55340738149e-24, 1.84339576661e-24, 5.20480801162e-24, 3.31882618069e-24, 4.31999006589e-24, 4.92175288591e-24, 4.86062563209e-24, 4.96089024757e-24, 5.33807935624e-24, 4.18581192566e-24, 6.29907365528e-24, 4.73044267791e-24, 5.17134137657e-24, 5.35948154703e-24, 6.33800946298e-24, 8.07420277966e-24, 5.3059313022e-24, 4.58216443786e-24, 5.2601761864e-24, 5.3935276004e-24, 6.72351513774e-24, 6.14770663036e-24, 6.57275987445e-24, 4.94423305513e-24, 5.40353272327e-24, 7.14988183524e-24, 8.07773687652e-24, 6.11372644687e-24, 8.37940438642e-24, 7.08671616483e-24], "var": [2.03365019047e-07, 4.35995707448e-06, 1.35615687213e-06, 6.33077320344e-07, 1.94565828338e-07, 3.68048830524e-07, 8.07854860341e-07, 7.52637276946e-07, 1.07010350803e-06, 2.72296574622e-07, 8.45327292609e-08, 1.57862572792e-07, 1.489404724e-07, 6.23950100476e-08, 8.62081108721e-08, 2.97462126042e-08, 3.70603991939e-08, 1.32522188778e-08, 6.14935835586e-09, 5.31703481244e-09, 2.83071468488e-08, 6.20746565261e-09, 1.33309729922e-09, 1.16644680026e-10, 6.85801762601e-11, 1.94114779806e-10, 4.0905742682e-10, 9.11516626068e-11, 1.56729733358e-11, 2.9672935116e-12, 1.35600818768e-12, 1.92795757657e-12, 2.68236366278e-12, 3.20509417617e-12, 3.75445854961e-12, 1.9023795126e-12, 1.18260718059e-12, 5.86826485842e-13, 1.24835783529e-13, 9.92570758115e-14], "median": [0.000109532214992, 0.00134746928234, 0.000846266979352, 0.000517368200235, 0.000343964784406, 0.000323269923683, 0.000195055894437, 0.00013642324484, 0.000149000203237, 9.00669474504e-05, 2.60749075096e-05, 4.13258931076e-05, 4.87144207e-05, 1.52651336975e-05, 1.57959802891e-05, 9.25039603317e-06, 4.90732281833e-06, 3.90436889575e-06, 3.16243904308e-06, 2.30884461416e-06, 9.89788532024e-07, 1.06272045741e-06, 1.27136968331e-06, 6.72586679684e-07, 5.0832920806e-07, 4.7160443728e-07, 3.50624418388e-07, 1.93967522932e-07, 6.96201709616e-08, 3.08245233782e-08, 1.955838691e-08, 1.64017848192e-08, 1.94750651161e-08, 1.71369922697e-08, 1.4122130132e-08, 1.35943718504e-08, 1.62527591385e-08, 1.48023593383e-08, 7.55885132264e-09, 3.83636500345e-09]}, "silence_rate_60dB": {"dmean": 0.00477723544464, "dmean2": 0.00955546367913, "max": 1, "dvar": 0.00475447811186, "mean": 0.0592938736081, "dvar2": 0.0111262146384, "min": 0, "var": 0.0557737238705, "median": 0}, "spectral_energyband_middle_high": {"dmean": 0.0012377552921, "dmean2": 0.00166509498376, "max": 0.0850706771016, "dvar": 8.06619482319e-06, "mean": 0.00513989105821, "dvar2": 1.59176706802e-05, "min": 1.19069256444e-21, "var": 6.50398360449e-05, "median": 0.00218867883086}, "erbbands_skewness": {"dmean": 0.25969645381, "dmean2": 0.379276990891, "max": 3.60328507423, "dvar": 0.0876700207591, "mean": 0.455844938755, "dvar2": 0.188628539443, "min": -3.03659009933, "var": 0.500525355339, "median": 0.490241348743}, "dynamic_complexity": 3.64026927948, "dissonance": {"dmean": 0.0270909704268, "dmean2": 0.0449132025242, "max": 0.499934524298, "dvar": 0.00071849883534, "mean": 0.416487187147, "dvar2": 0.00190975225996, "min": 0.174400031567, "var": 0.00229924055748, "median": 0.424060404301}, "spectral_skewness": {"dmean": 0.763069868088, "dmean2": 1.2566421032, "max": 13.8077535629, "dvar": 0.856456458569, "mean": 3.61691784859, "dvar2": 2.31158685684, "min": -0.0309043768793, "var": 5.3780579567, "median": 2.90102481842}, "spectral_kurtosis": {"dmean": 12.0482177734, "dmean2": 20.1606407166, "max": 324.319519043, "dvar": 338.7862854, "mean": 33.3622817993, "dvar2": 909.894897461, "min": -1.25756919384, "var": 1988.48388672, "median": 15.4162626266}, "gfcc": {"cov": [[22271.9160156, -3032.41772461, -3519.38183594, 1174.29650879, -1053.64685059, 387.347229004, -872.356018066, 499.815826416, -734.727783203, -22.1464729309, -294.389251709, -250.327789307, -585.685974121], [-3032.41772461, 3109.94506836, 165.735702515, -1084.15197754, 739.178222656, -402.606567383, 304.094085693, -327.493896484, 280.877197266, -181.439849854, 221.413024902, -73.9586181641, 251.107727051], [-3519.38183594, 165.735702515, 1430.83691406, 115.720489502, 50.0474128723, 219.45072937, 176.930328369, -14.3483791351, 109.267822266, 106.651611328, -16.0729751587, 123.897377014, 32.9283828735], [1174.29650879, -1084.15197754, 115.720489502, 991.030517578, -227.317108154, 183.61164856, -26.5991458893, 117.928848267, -6.03628492355, 59.9315490723, -59.6543693542, 17.4912414551, -53.1772117615], [-1053.64685059, 739.178222656, 50.0474128723, -227.317108154, 491.593200684, -117.582702637, 28.0739135742, -27.3222694397, 119.303779602, -17.686882019, 21.6896190643, -13.0500545502, 51.960483551], [387.347229004, -402.606567383, 219.45072937, 183.61164856, -117.582702637, 353.471832275, 60.1563262939, 26.0690784454, -28.4967212677, 68.4173278809, -18.3963680267, -3.56219530106, -36.9547653198], [-872.356018066, 304.094085693, 176.930328369, -26.5991458893, 28.0739135742, 60.1563262939, 307.054107666, -53.5435142517, 8.06949424744, 15.6841859818, 59.2775917053, -0.393473654985, 30.5652065277], [499.815826416, -327.493896484, -14.3483791351, 117.928848267, -27.3222694397, 26.0690784454, -53.5435142517, 204.59777832, -42.6182479858, 6.52736759186, 1.40326070786, -4.11015939713, -51.4829597473], [-734.727783203, 280.877197266, 109.267822266, -6.03628492355, 119.303779602, -28.4967212677, 8.06949424744, -42.6182479858, 187.71282959, 5.92388868332, -6.76869010925, 26.655538559, 52.2135353088], [-22.1464729309, -181.439849854, 106.651611328, 59.9315490723, -17.686882019, 68.4173278809, 15.6841859818, 6.52736759186, 5.92388868332, 120.262809753, -8.11397361755, 8.25078487396, -8.80690860748], [-294.389251709, 221.413024902, -16.0729751587, -59.6543693542, 21.6896190643, -18.3963680267, 59.2775917053, 1.40326070786, -6.76869010925, -8.11397361755, 123.088027954, -19.2010917664, 13.8901023865], [-250.327789307, -73.9586181641, 123.897377014, 17.4912414551, -13.0500545502, -3.56219530106, -0.393473654985, -4.11015939713, 26.655538559, 8.25078487396, -19.2010917664, 113.51978302, 9.95182323456], [-585.685974121, 251.107727051, 32.9283828735, -53.1772117615, 51.960483551, -36.9547653198, 30.5652065277, -51.4829597473, 52.2135353088, -8.80690860748, 13.8901023865, 9.95182323456, 115.089447021]], "mean": [-97.8929824829, 172.16645813, -108.762588501, -4.92960309982, -45.9450531006, -5.18002128601, -31.7865753174, 2.04983282089, -24.3738441467, -11.1841411591, -6.04729223251, -12.3020610809, -11.3772878647], "icov": [[0.000174280256033, -0.000308508606395, 0.000526901741978, -0.000322162028169, 0.00028392157401, -0.000459471280919, 0.000346627493855, -0.000289020244963, 0.00043692975305, -0.000392628047848, 0.000485194876092, -0.000369722110918, 0.000508495781105], [-0.000308508606395, 0.00227908045053, -0.00130546744913, 0.00166358158458, -0.00173309422098, 0.00153074041009, -0.00151495786849, 0.0016481106868, -0.00196719542146, 0.00236472929828, -0.00240840017796, 0.00191569176968, -0.00178842316382], [0.000526901741978, -0.00130546744913, 0.00266545382328, -0.00121863686945, 0.000965200422797, -0.00208388408646, 0.00079395249486, -0.00122507545166, 0.00119947455823, -0.00198879069649, 0.00189943169244, -0.00236377096735, 0.00161905563436], [-0.000322162028169, 0.00166358158458, -0.00121863686945, 0.00263670249842, -0.000709918444045, 0.000903737556655, -0.00126848823857, 0.000495350628626, -0.00212323782034, 0.00153887411579, -0.00139532587491, 0.00153231993318, -0.00141610368155], [0.00028392157401, -0.00173309422098, 0.000965200422797, -0.000709918444045, 0.00430853059515, -0.000536502222531, 0.00089916709112, -0.00182164064609, -0.000285527406959, -0.0018647366669, 0.00195170158986, -0.000608764297795, 0.00125482201111], [-0.000459471280919, 0.00153074041009, -0.00208388408646, 0.000903737556655, -0.000536502222531, 0.00567501597106, -0.00203247903846, 0.00108949653804, -0.00145164493006, 0.000264642818365, -0.001352375024, 0.00244348077103, -0.000941930396948], [0.000346627493855, -0.00151495786849, 0.00079395249486, -0.00126848823857, 0.00089916709112, -0.00203247903846, 0.0055098189041, -2.71954672826e-06, 0.00199110782705, -0.00169375480618, -0.000377467426006, -0.00131877115928, 0.000859698804561], [-0.000289020244963, 0.0016481106868, -0.00122507545166, 0.000495350628626, -0.00182164064609, 0.00108949653804, -2.71954672826e-06, 0.00754821812734, -0.00032959607779, 0.00175445631612, -0.00296103977598, 0.00119163456839, 0.000600287457928], [0.00043692975305, -0.00196719542146, 0.00119947455823, -0.00212323782034, -0.000285527406959, -0.00145164493006, 0.00199110782705, -0.00032959607779, 0.00974792800844, -0.00248755724169, 0.00254483404569, -0.00301903579384, -0.000480877002701], [-0.000392628047848, 0.00236472929828, -0.00198879069649, 0.00153887411579, -0.0018647366669, 0.000264642818365, -0.00169375480618, 0.00175445631612, -0.00248755724169, 0.012227547355, -0.00240809959359, 0.00188156589866, -0.00152382382657], [0.000485194876092, -0.00240840017796, 0.00189943169244, -0.00139532587491, 0.00195170158986, -0.001352375024, -0.000377467426006, -0.00296103977598, 0.00254483404569, -0.00240809959359, 0.0125984502956, -0.000680219091009, 0.00119554100093], [-0.000369722110918, 0.00191569176968, -0.00236377096735, 0.00153231993318, -0.000608764297795, 0.00244348077103, -0.00131877115928, 0.00119163456839, -0.00301903579384, 0.00188156589866, -0.000680219091009, 0.0122808404267, -0.00220039463602], [0.000508495781105, -0.00178842316382, 0.00161905563436, -0.00141610368155, 0.00125482201111, -0.000941930396948, 0.000859698804561, 0.000600287457928, -0.000480877002701, -0.00152382382657, 0.00119554100093, -0.00220039463602, 0.0133799063042]]}, "spectral_complexity": {"dmean": 1.62446773052, "dmean2": 2.52388858795, "max": 40, "dvar": 3.66031169891, "mean": 12.6521291733, "dvar2": 7.39365386963, "min": 0, "var": 29.2255897522, "median": 12}, "spectral_flux": {"dmean": 0.0168360453099, "dmean2": 0.0259618982673, "max": 0.296103864908, "dvar": 0.000459717179183, "mean": 0.0494651906192, "dvar2": 0.00103519647382, "min": 6.63708046855e-11, "var": 0.00143765157554, "median": 0.0406607985497}, "spectral_energyband_low": {"dmean": 0.00181540881749, "dmean2": 0.00280514894985, "max": 0.0513016581535, "dvar": 1.18130037663e-05, "mean": 0.00766454823315, "dvar2": 2.63330384769e-05, "min": 3.32964114815e-23, "var": 5.41001027159e-05, "median": 0.00585590628907}, "spectral_decrease": {"dmean": 1.04951713986e-09, "dmean2": 1.60861612919e-09, "max": 1.32095796089e-21, "dvar": 2.02772284306e-18, "mean": -6.53082166124e-09, "dvar2": 4.50867655531e-18, "min": -3.03735134821e-08, "var": 1.55591846041e-17, "median": -6.13232620239e-09}, "barkbands_spread": {"dmean": 2.08854317665, "dmean2": 2.96078753471, "max": 130.753799438, "dvar": 19.5982055664, "mean": 10.3521671295, "dvar2": 38.203666687, "min": 0.623008668423, "var": 89.4716873169, "median": 7.86686515808}, "spectral_rms": {"dmean": 0.000388733664295, "dmean2": 0.00059306086041, "max": 0.0109254876152, "dvar": 2.32795585475e-07, "mean": 0.00472641875967, "dvar2": 5.06611343098e-07, "min": 3.07579092404e-12, "var": 2.980192221e-06, "median": 0.00484267249703}, "spectral_centroid": {"dmean": 104.837005615, "dmean2": 145.641799927, "max": 11472.609375, "dvar": 60176.5507812, "mean": 717.777648926, "dvar2": 96408.0625, "min": 153.207778931, "var": 367467.9375, "median": 540.778564453}, "barkbands_skewness": {"dmean": 0.328638643026, "dmean2": 0.499559283257, "max": 10.1952190399, "dvar": 0.173183530569, "mean": 1.44596743584, "dvar2": 0.428578525782, "min": -2.08682966232, "var": 1.25830996037, "median": 1.30225419998}, "spectral_rolloff": {"dmean": 146.747848511, "dmean2": 244.152908325, "max": 20478.0761719, "dvar": 204160.8125, "mean": 853.941223145, "dvar2": 422357.75, "min": 64.599609375, "var": 1248415, "median": 645.99609375}, "erbbands_spread": {"dmean": 3.85971570015, "dmean2": 5.56337547302, "max": 130.017532349, "dvar": 44.5431404114, "mean": 21.8848876953, "dvar2": 85.8154602051, "min": 1.80198800564, "var": 220.665054321, "median": 17.452255249}, "barkbands": {"dmean": [3.26762892655e-05, 0.0004322512832, 0.00128665613011, 0.000785920070484, 0.00118437199853, 0.00078458111966, 0.000865856942255, 0.000715714064427, 0.000713608693331, 0.000286721915472, 0.000465060031274, 0.000320270715747, 0.000292870099656, 0.000271092023468, 0.00015690359578, 0.00012300456001, 0.000105872582935, 5.0775204727e-05, 6.06877292739e-05, 6.21335420874e-05, 1.08963704406e-05, 9.14132942853e-06, 1.11163417387e-05, 9.77654417511e-06, 3.89069236917e-06, 2.1439586817e-06, 8.46054092563e-07], "dmean2": [5.46297196706e-05, 0.000659171724692, 0.00200843834318, 0.00129114522133, 0.00190792605281, 0.001178964274, 0.00121303193737, 0.00101395626552, 0.00096717098495, 0.000381741934689, 0.000649752910249, 0.00046346426825, 0.000419602496549, 0.000371533387806, 0.00022757583065, 0.000167251346284, 0.000150708830915, 7.09982850822e-05, 8.80958905327e-05, 8.71080992511e-05, 1.61995267263e-05, 1.26078139147e-05, 1.52300062837e-05, 1.38547229653e-05, 5.38213089385e-06, 3.13467398882e-06, 1.24734219753e-06], "max": [0.00224356516264, 0.0193900056183, 0.0449439734221, 0.0294733420014, 0.0539374612272, 0.0322009921074, 0.0557482168078, 0.0824920907617, 0.107308611274, 0.0626758560538, 0.0795798152685, 0.0542546361685, 0.0450580082834, 0.0247386880219, 0.0230730157346, 0.0288758650422, 0.0285196006298, 0.0046090525575, 0.00629069330171, 0.00504326354712, 0.00216957041994, 0.00224324502051, 0.00253008119762, 0.00115182437003, 0.000663471349981, 0.000141151918797, 7.92192586232e-05], "dvar": [2.66312980557e-08, 9.64132937042e-07, 7.05270622348e-06, 2.05665742214e-06, 3.61884121958e-06, 2.12505824493e-06, 5.09044775754e-06, 6.99244128555e-06, 6.43987004878e-06, 1.06801235233e-06, 3.02205876324e-06, 1.44583486872e-06, 1.54665053742e-06, 1.18270440908e-06, 6.7487223987e-07, 4.90023865041e-07, 4.64285250246e-07, 1.69605556266e-08, 4.27794653035e-08, 4.1384907945e-08, 2.82953682706e-09, 2.66108179936e-09, 4.0035095239e-09, 1.75301728689e-09, 2.45437059565e-10, 4.67674475535e-11, 1.26200768585e-11], "mean": [2.92243239528e-05, 0.00176464603283, 0.00503784231842, 0.00175176607445, 0.00320299179293, 0.00239812303334, 0.00250675645657, 0.00178993737791, 0.00219035171904, 0.000774555257522, 0.00132236117497, 0.000767983903643, 0.000539919245057, 0.000529673299752, 0.000267623108812, 0.000374838040443, 0.000250284996582, 0.000127170875203, 0.000118606680189, 0.000130491098389, 1.71063929884e-05, 1.47726350406e-05, 1.85203207366e-05, 1.66607896972e-05, 6.35703781882e-06, 2.75821503237e-06, 8.69357393185e-07], "dvar2": [6.77159803786e-08, 2.01444231607e-06, 1.64170905919e-05, 5.34290211363e-06, 9.00850864127e-06, 4.61561194243e-06, 9.57725023909e-06, 1.38167979458e-05, 1.23490599435e-05, 1.81754955975e-06, 5.94203402215e-06, 3.00410351883e-06, 3.22476262227e-06, 2.19282037506e-06, 1.49610320932e-06, 8.40639643229e-07, 9.1750808906e-07, 3.29004130606e-08, 9.81120962251e-08, 8.22264922817e-08, 6.34765173757e-09, 5.40254418979e-09, 7.50198125843e-09, 3.41255934622e-09, 4.36318758901e-10, 1.0351786095e-10, 2.82134402646e-11], "min": [6.98733250977e-25, 4.61846466128e-24, 1.01228652814e-24, 4.69315282849e-24, 2.33095081521e-23, 5.16196182041e-24, 3.40692995311e-23, 1.68527952388e-23, 3.39561768773e-23, 2.67811587782e-23, 3.65619359086e-23, 3.42551204505e-23, 5.11974261585e-23, 5.42007332207e-23, 7.01240736083e-23, 5.93363502423e-23, 7.71324085536e-23, 1.15013963606e-22, 1.71563665856e-22, 1.85104949233e-22, 2.59070377863e-22, 3.09766568114e-22, 3.72382206828e-22, 6.143914292e-22, 8.43828076765e-22, 1.42709718883e-21, 1.97956538462e-21], "var": [2.15843503071e-08, 6.66525147608e-06, 3.49100591848e-05, 6.36650429442e-06, 1.03935417428e-05, 7.68345307733e-06, 2.08796100196e-05, 1.98232937692e-05, 2.23828446906e-05, 4.7067169362e-06, 1.01421383079e-05, 6.14585223957e-06, 3.03484694086e-06, 3.51934568243e-06, 1.18079299227e-06, 3.41455006492e-06, 1.55196653395e-06, 7.66821912634e-08, 8.38647622459e-08, 1.48803351863e-07, 6.24754425971e-09, 5.51278800387e-09, 1.11392894908e-08, 4.32403490791e-09, 6.79464540188e-10, 7.13916356587e-11, 1.5183609578e-11], "median": [2.22938024308e-06, 0.000606758869253, 0.00259129609913, 0.000792016391642, 0.0023660834413, 0.00144350738265, 0.000791185768321, 0.000594497192651, 0.000710505293682, 0.000123819016153, 0.000270883407211, 0.000135338035761, 0.000125639649923, 5.95272504142e-05, 4.17981573264e-05, 2.27338459808e-05, 1.76258654392e-05, 1.94417425519e-05, 1.28555820993e-05, 8.46380771691e-06, 1.43432293953e-06, 9.84166717899e-07, 9.7342058325e-07, 1.37358597385e-06, 5.80085895763e-07, 2.60808235453e-07, 8.74241123938e-09]}, "melbands_kurtosis": {"dmean": 3.11054635048, "dmean2": 4.86468791962, "max": 188.015991211, "dvar": 47.0799407959, "mean": 8.50671958923, "dvar2": 127.901145935, "min": -1.67944025993, "var": 174.161346436, "median": 4.27293252945}, "erbbands_crest": {"dmean": 1.8233281374, "dmean2": 2.7471036911, "max": 30.4208602905, "dvar": 4.04607534409, "mean": 10.6924562454, "dvar2": 9.58405685425, "min": 2.31445169449, "var": 16.2568187714, "median": 9.93504714966}, "melbands_skewness": {"dmean": 0.371608436108, "dmean2": 0.561678349972, "max": 10.3870744705, "dvar": 0.238623559475, "mean": 1.97434008121, "dvar2": 0.524842619896, "min": -1.51567912102, "var": 1.69830739498, "median": 1.71765351295}, "spectral_energyband_middle_low": {"dmean": 0.00297089712694, "dmean2": 0.00450931955129, "max": 0.11405660212, "dvar": 1.9449435058e-05, "mean": 0.0139128770679, "dvar2": 4.23294368375e-05, "min": 2.13583395891e-22, "var": 0.00010597056098, "median": 0.0122654996812}, "spectral_contrast_coeffs": {"dmean": [0.0393151417375, 0.0348649509251, 0.0292684976012, 0.027481470257, 0.0237400829792, 0.0195164177567], "dmean2": [0.0658987388015, 0.0566607527435, 0.0452232137322, 0.0426059365273, 0.0360210426152, 0.0312945358455], "max": [-0.282436072826, -0.377296954393, -0.421342045069, -0.469843178988, -0.482757359743, -0.619958460331], "dvar": [0.00118710426614, 0.00108114571776, 0.000818329164758, 0.000633538234979, 0.000521577778272, 0.000362576945918], "mean": [-0.571927070618, -0.659882068634, -0.694748103619, -0.732033014297, -0.754087388515, -0.805648505688], "dvar2": [0.00323220202699, 0.00269480608404, 0.00179556780495, 0.0013552979799, 0.00105088576674, 0.000941096688621], "min": [-0.971742987633, -0.979809761047, -0.97564291954, -0.986716270447, -0.965220034122, -0.961995542049], "var": [0.00712359324098, 0.00619146926329, 0.00746012246236, 0.00534787168726, 0.00610528700054, 0.00234811636619], "median": [-0.567107081413, -0.656440854073, -0.695228815079, -0.736290156841, -0.761927127838, -0.800771176815]}, "spectral_contrast_valleys": {"dmean": [0.366481512785, 0.276832401752, 0.256113111973, 0.280865818262, 0.305876046419, 0.434815138578], "dmean2": [0.604078710079, 0.453240633011, 0.40076982975, 0.432972550392, 0.426761060953, 0.579635977745], "max": [-5.82458591461, -4.81384515762, -5.54956817627, -5.86540174484, -6.34622383118, -8.26388263702], "dvar": [0.137975394726, 0.0954888537526, 0.0890489965677, 0.107983954251, 0.15231397748, 0.249540641904], "mean": [-7.74130582809, -6.98728275299, -8.01113033295, -8.90996456146, -9.40955352783, -12.3662481308], "dvar2": [0.304879397154, 0.193854853511, 0.164731696248, 0.195569738746, 0.237696513534, 0.444566130638], "min": [-27.6796455383, -27.7653865814, -27.7145500183, -27.5014019012, -27.3733882904, -27.2948894501], "var": [1.7936142683, 1.95703697205, 2.0843834877, 2.69562005997, 3.4666955471, 3.32408499718], "median": [-7.5319519043, -6.78959178925, -7.79141712189, -8.59090995789, -8.94566345215, -12.1042089462]}, "silence_rate_20dB": {"dmean": 0, "dmean2": 0, "max": 1, "dvar": 0, "mean": 1, "dvar2": 0, "min": 1, "var": 0, "median": 1}, "silence_rate_30dB": {"dmean": 0.000830823555589, "dmean2": 0.00166181963868, "max": 1, "dvar": 0.000830105156638, "mean": 0.999273121357, "dvar2": 0.00207445211709, "min": 0, "var": 0.000726338068489, "median": 1}, "spectral_strongpeak": {"dmean": 0.420495510101, "dmean2": 0.705014824867, "max": 16.1712055206, "dvar": 0.928458213806, "mean": 1.22725760937, "dvar2": 2.21962404251, "min": 0, "var": 3.04338622093, "median": 0.623883485794}, "spectral_spread": {"dmean": 429521.40625, "dmean2": 609014.9375, "max": 42499004, "dvar": 671160205312, "mean": 2486389.75, "dvar2": 1031802126340.0, "min": 277977.34375, "var": 3904148340740.0, "median": 2257680.5}, "barkbands_flatness_db": {"dmean": 0.020543364808, "dmean2": 0.0277687776834, "max": 0.529179811478, "dvar": 0.000571932294406, "mean": 0.248462066054, "dvar2": 0.000968933920376, "min": 0.0522141829133, "var": 0.00745092704892, "median": 0.234535187483}, "pitch_salience": {"dmean": 0.0466314293444, "dmean2": 0.0744305700064, "max": 0.96876424551, "dvar": 0.00256377505139, "mean": 0.520133733749, "dvar2": 0.00646128272638, "min": 0.123588040471, "var": 0.0135171255097, "median": 0.52872812748}, "erbbands_kurtosis": {"dmean": 0.712687909603, "dmean2": 1.08315098286, "max": 32.5626564026, "dvar": 1.06284892559, "mean": 0.927167475224, "dvar2": 2.602435112, "min": -1.78808748722, "var": 3.97429418564, "median": 0.468384504318}, "average_loudness": 0.778144240379, "barkbands_crest": {"dmean": 1.57421505451, "dmean2": 2.49562549591, "max": 24.4535274506, "dvar": 3.04449748993, "mean": 10.5123462677, "dvar2": 7.66384601593, "min": 3.30368471146, "var": 14.2645978928, "median": 9.76732635498}, "hfc": {"dmean": 2.63950991631, "dmean2": 3.66355895996, "max": 117.496589661, "dvar": 25.6606216431, "mean": 14.3699941635, "dvar2": 49.8391990662, "min": 1.03266643804e-16, "var": 239.251342773, "median": 8.98931694031}, "barkbands_kurtosis": {"dmean": 2.02291607857, "dmean2": 3.23597335815, "max": 171.712127686, "dvar": 26.7558956146, "mean": 4.61920642853, "dvar2": 88.3070755005, "min": -1.88279700279, "var": 82.0713577271, "median": 2.3136472702}, "erbbands": {"dmean": [0.00774772977456, 0.130146935582, 1.19965362549, 1.96115410328, 3.90523862839, 4.14056110382, 4.04229068756, 7.18965816498, 10.6758136749, 13.7783956528, 15.7002382278, 14.5326957703, 8.26330661774, 13.2218894958, 14.9179773331, 11.1845331192, 11.3969268799, 12.2564401627, 8.32841110229, 7.37871932983, 6.81370306015, 4.94800519943, 2.98995494843, 2.00465393066, 3.91698265076, 2.52932453156, 0.697050452232, 0.327962785959, 0.315615981817, 0.348272740841, 0.320736467838, 0.236833423376, 0.1394623667, 0.0495230741799, 0.0269112810493, 0.011550385505, 0.00346788112074, 0.00086673052283, 0.000182083880645, 9.21072933124e-06], "dmean2": [0.0126748075709, 0.198850795627, 1.86287009716, 3.13609695435, 6.49231719971, 6.55384254456, 6.2860865593, 10.7180376053, 15.5490283966, 19.1681556702, 21.678899765, 19.7124080658, 10.9851055145, 17.5787830353, 20.83070755, 16.3205356598, 16.4468269348, 16.5921669006, 11.8214797974, 10.5805273056, 8.62478542328, 6.51334476471, 3.95455431938, 2.88649821281, 5.4990606308, 3.51773834229, 1.01722896099, 0.486058920622, 0.450060516596, 0.474217802286, 0.439795851707, 0.333519428968, 0.201576724648, 0.0686810091138, 0.038336198777, 0.0167928040028, 0.00513337505981, 0.0012696684571, 0.000267601339146, 1.35778600452e-05], "max": [0.517712235451, 5.71018600464, 40.7727241516, 71.7137145996, 160.076522827, 258.718322754, 173.756347656, 348.23034668, 975.147766113, 1418.41442871, 2136.63354492, 1878.89257812, 928.377929688, 2542.1472168, 2657.859375, 1307.30664062, 2075.51928711, 1324.08288574, 1253.58789062, 1646.00720215, 1776.28393555, 1074.62268066, 332.817565918, 153.012939453, 393.467803955, 250.126693726, 111.523887634, 64.291015625, 76.7612762451, 81.9942703247, 74.3879241943, 40.1169967651, 15.0685882568, 10.7446937561, 4.31595134735, 1.12922132015, 0.219890132546, 0.0644394233823, 0.0172215867788, 0.000680492958054], "dvar": [0.000838471343741, 0.0765678584576, 5.99871969223, 11.8228721619, 47.2582397461, 62.6296615601, 55.1850128174, 207.140823364, 942.957641602, 1986.16455078, 3354.86376953, 2877.11254883, 625.332397461, 2459.72875977, 2668.45654297, 1876.99719238, 2562.12719727, 2514.52612305, 1701.05725098, 2194.76074219, 1617.65673828, 525.135986328, 61.7986755371, 36.5935173035, 194.86289978, 74.4297332764, 10.689781189, 2.4216709137, 3.18664574623, 3.68507695198, 3.50604343414, 1.3454297781, 0.292198240757, 0.0456075742841, 0.0106161087751, 0.00129571929574, 0.000135290145408, 1.03447100628e-05, 5.87766010085e-07, 6.21032336667e-10], "mean": [0.0171360019594, 0.584408044815, 4.90985298157, 6.0997633934, 8.48801136017, 11.2838983536, 12.4783887863, 22.8409862518, 32.4083137512, 39.0872840881, 47.0693130493, 44.9056510925, 26.9767189026, 39.0369949341, 43.7923202515, 27.6666564941, 26.0167121887, 29.1986274719, 16.1939697266, 14.4570989609, 23.9192943573, 15.7657384872, 8.26914405823, 4.72973680496, 8.24712753296, 5.42296171188, 1.2353874445, 0.517348229885, 0.50409924984, 0.570535838604, 0.526621282101, 0.396565794945, 0.237822204828, 0.0817703679204, 0.0428421907127, 0.0158447623253, 0.00424241553992, 0.000995660899207, 0.000195967382751, 3.48667199432e-05], "dvar2": [0.00212483014911, 0.15622510016, 13.6141138077, 29.3004379272, 132.947097778, 153.523025513, 137.967315674, 431.274841309, 1807.36108398, 4178.02148438, 6169.79785156, 6350.2890625, 1190.4597168, 4356.00146484, 5913.24316406, 4295.90917969, 5598.11523438, 4885.98144531, 3522.35595703, 4860.80078125, 2528.15966797, 811.353271484, 100.655647278, 82.9003067017, 430.538757324, 138.89024353, 22.3048820496, 5.51382160187, 6.52522087097, 7.06161546707, 6.8219499588, 2.57741332054, 0.580060899258, 0.0773733556271, 0.0216592196375, 0.00282571860589, 0.000306503294269, 2.26625343203e-05, 1.3198441593e-06, 1.38690536833e-09], "min": [1.69989086868e-22, 1.69696062276e-21, 2.46488614405e-21, 2.29375665209e-20, 2.13351254195e-20, 5.7823252927e-20, 7.41789917814e-20, 5.62568313407e-20, 3.71009891776e-19, 4.94073687408e-19, 6.97047576309e-19, 7.77048556047e-19, 8.38140186983e-19, 6.27396332094e-19, 1.39851632959e-18, 1.49343633886e-18, 2.1246876428e-18, 3.14754279234e-18, 3.08133918522e-18, 3.92279569437e-18, 4.68369887394e-18, 6.00682141301e-18, 5.38202997606e-18, 9.10748105579e-18, 1.07937524274e-17, 8.22918481729e-18, 1.0594512742e-17, 1.27190260565e-17, 1.21542105906e-17, 9.77764624447e-18, 1.08332329308e-17, 1.32966744023e-17, 1.0176632677e-17, 9.01447121336e-18, 6.17446569416e-18, 4.75777041625e-18, 2.47790141578e-18, 1.12317075454e-18, 2.35399446461e-19, 2.87958793389e-20], "var": [0.000973975285888, 0.562855958939, 29.6017532349, 46.0244483948, 105.002426147, 176.533843994, 165.401443481, 777.04901123, 4258.70654297, 6704.41259766, 13346.8779297, 8503.00195312, 2996.52392578, 9911.03710938, 7915.21679688, 6989.62646484, 5778.25195312, 11268.1835938, 3572.02001953, 3963.94384766, 15668.6435547, 4587.81787109, 385.909393311, 105.517837524, 467.727050781, 256.014312744, 27.6014728546, 4.54964351654, 6.42574882507, 9.23877811432, 9.23363304138, 3.12704753876, 0.752093315125, 0.130593538284, 0.0256907772273, 0.00226360070519, 0.000190967723029, 1.36834441946e-05, 6.99274892213e-07, 1.11143083625e-09], "median": [0.00736805563793, 0.29333460331, 2.86385154724, 3.87044286728, 5.04963684082, 7.94478940964, 8.63784503937, 13.658782959, 12.2063961029, 12.9654121399, 17.8217697144, 16.5885391235, 7.30687236786, 11.003660202, 14.977098465, 7.10813236237, 7.00944471359, 3.10777950287, 2.54417514801, 2.49601840973, 1.14923405647, 1.22122681141, 1.18855702877, 0.709682166576, 0.631404101849, 0.414329648018, 0.133814334869, 0.0494021773338, 0.0357318297029, 0.03412861377, 0.0274629760534, 0.0278120040894, 0.02026514709, 0.00703410012648, 0.00379651831463, 0.00157833471894, 0.000368678884115, 5.66068483749e-05, 1.53288528963e-05, 2.85789719783e-05]}, "spectral_energy": {"dmean": 0.00415150634944, "dmean2": 0.0063404799439, "max": 0.122350431979, "dvar": 3.20509243465e-05, "mean": 0.0259521733969, "dvar2": 7.0759699156e-05, "min": 9.69700197025e-21, "var": 0.00025536789326, "median": 0.0240377634764}, "zerocrossingrate": {"dmean": 0.00440228963271, "dmean2": 0.00507821608335, "max": 0.5185546875, "dvar": 6.52106973575e-05, "mean": 0.0312280450016, "dvar2