{"tonal": {"hpcp": {"dvar": [0.019685856998, 0.0206652544439, 0.0249834638089, 0.0308658927679, 0.0344856493175, 0.0385192111135, 0.0462462492287, 0.0520092844963, 0.0457377545536, 0.0524639077485, 0.0358676984906, 0.0320155136287, 0.0257941652089, 0.0217052362859, 0.0217077247798, 0.0304887574166, 0.0331065431237, 0.0391630232334, 0.0336474478245, 0.030155191198, 0.0412027873099, 0.0346569083631, 0.0149694085121, 0.0149071076885, 0.0171978808939, 0.0142579935491, 0.0132664432749, 0.0162782594562, 0.0224384889007, 0.0300501808524, 0.0440379120409, 0.0335851348937, 0.0217544976622, 0.0141624752432, 0.0118554206565, 0.0179905351251], "var": [0.0277270004153, 0.0252143926919, 0.0322992056608, 0.0488673597574, 0.059153739363, 0.0652134492993, 0.0619684010744, 0.0575516074896, 0.0988417938352, 0.162939861417, 0.062914788723, 0.028158981353, 0.0198609977961, 0.0178992990404, 0.0240535009652, 0.0411709845066, 0.0364276692271, 0.0451724566519, 0.0474541224539, 0.045609511435, 0.068978972733, 0.0653071552515, 0.018574392423, 0.0146046606824, 0.0211557038128, 0.0142583502457, 0.0116802733392, 0.0153402257711, 0.0212453380227, 0.0581202581525, 0.120262436569, 0.0616245865822, 0.0174396336079, 0.00921316072345, 0.0087351500988, 0.0172793678939], "median": [0.00855078361928, 0.0160895362496, 0.0256829913706, 0.0240101534873, 0.0182860679924, 0.0319330729544, 0.0388936959207, 0.0587831623852, 0.327891170979, 0.413465946913, 0.195591121912, 0.0133739626035, 0.0091845523566, 0.00883591827005, 0.0140253454447, 0.0219706185162, 0.0215869508684, 0.00996780116111, 0.00807709060609, 0.0242611505091, 0.0743062570691, 0.0696202665567, 0.025200035423, 0.00584184797481, 0.00514092110097, 0.00557139283046, 0.00506367022172, 0.00495644472539, 0.0136221153662, 0.132390171289, 0.232381016016, 0.12917727232, 0.0134853674099, 0.00397652667016, 0.004591840785, 0.00751298666], "max": [1, 1, 1, 1, 1, 1, 1, 1, 1, 1, 1, 1, 1, 1, 1, 1, 1, 1, 1, 1, 1, 1, 1, 1, 1, 1, 1, 1, 1, 1, 1, 1, 1, 1, 1, 1], "dmean": [0.0600769855082, 0.0666837617755, 0.0789134725928, 0.0928043052554, 0.103336170316, 0.121929965913, 0.138611927629, 0.170465201139, 0.196461305022, 0.173528626561, 0.161354809999, 0.0929330661893, 0.068115465343, 0.0614628531039, 0.069403886795, 0.0863756462932, 0.0957945808768, 0.0979489833117, 0.0941634997725, 0.101322509348, 0.137524619699, 0.126719757915, 0.0701787024736, 0.0496945306659, 0.0523306801915, 0.0467022657394, 0.0444233939052, 0.0507897138596, 0.075536839664, 0.139202967286, 0.170066997409, 0.144751220942, 0.0706621110439, 0.0429318733513, 0.0388654954731, 0.0520543344319], "dmean2": [0.102651365101, 0.110279172659, 0.131262496114, 0.151985272765, 0.172264620662, 0.20392228663, 0.237212523818, 0.29574483633, 0.330712288618, 0.289539307356, 0.270913779736, 0.166390508413, 0.121912635863, 0.10964230448, 0.121303454041, 0.148616120219, 0.163529187441, 0.168345585465, 0.157250791788, 0.170425698161, 0.229309245944, 0.206007182598, 0.117925010622, 0.0877621248364, 0.0901294872165, 0.0809934511781, 0.078457377851, 0.0885215103626, 0.131564378738, 0.232370749116, 0.278947383165, 0.243771106005, 0.127790987492, 0.0794589966536, 0.0707548558712, 0.0922404825687], "mean": [0.0665266290307, 0.0719912946224, 0.0897195190191, 0.112825773656, 0.130072921515, 0.150612175465, 0.15334931016, 0.164571538568, 0.378432571888, 0.504194259644, 0.264658600092, 0.0762383714318, 0.0551638677716, 0.0508973114192, 0.0717724040151, 0.103649407625, 0.099618293345, 0.0942544341087, 0.101403653622, 0.118497572839, 0.190712019801, 0.18237811327, 0.0779057741165, 0.0447007194161, 0.0515285022557, 0.0425672717392, 0.0370671451092, 0.0424786508083, 0.0669158697128, 0.226200401783, 0.370594233274, 0.230060532689, 0.0591466799378, 0.0297722257674, 0.028992338106, 0.0476903878152], "dvar2": [0.0475248545408, 0.0497988462448, 0.0578791536391, 0.0708938017488, 0.081609107554, 0.0902800261974, 0.112204968929, 0.13591453433, 0.117580831051, 0.116849116981, 0.093949533999, 0.0860824212432, 0.0708500146866, 0.0587861277163, 0.0568762607872, 0.0767077729106, 0.0826556608081, 0.0936712548137, 0.082444742322, 0.0721459165215, 0.0995548889041, 0.0806439965963, 0.0392082259059, 0.0397087708116, 0.0428140647709, 0.0370495654643, 0.0348458699882, 0.0414600558579, 0.0604746341705, 0.074610479176, 0.095605224371, 0.0841806530952, 0.0595391541719, 0.0396167375147, 0.0322000309825, 0.0474730245769], "min": [0, 0, 0, 0, 0, 0, 0, 0, 0, 0, 0, 0, 0, 0, 0, 0, 0, 0, 0, 0, 0, 0, 0, 0, 0, 0, 0, 0, 0, 0, 0, 0, 0, 0, 0, 0]}, "key_key": "C", "thpcp": [1, 0.524913966656, 0.151208326221, 0.109409950674, 0.10094781965, 0.142350703478, 0.205574348569, 0.197579190135, 0.186940714717, 0.201120212674, 0.235023647547, 0.378251075745, 0.361721903086, 0.154515385628, 0.0886577293277, 0.102199703455, 0.0844263285398, 0.0735175833106, 0.084250561893, 0.132718428969, 0.448637396097, 0.735022723675, 0.456293433905, 0.117309309542, 0.0590491183102, 0.0575023181736, 0.0945873260498, 0.13194642961, 0.142784833908, 0.177946329117, 0.223774418235, 0.257981747389, 0.298718541861, 0.304147273302, 0.326405018568, 0.750568985939], "chords_key": "C", "tuning_equal_tempered_deviation": 0.0471158958972, "tuning_frequency": 435.448913574, "tuning_diatonic_strength": 0.629968702793, "chords_histogram": [61.8899612427, 0.590612351894, 4.7559838295, 0, 0, 0, 0, 0, 0, 0.46627292037, 0.0310848616064, 0.217594027519, 0.435188055038, 0, 0, 0, 0.279763758183, 23.3136463165, 3.66801357269, 1.89617657661, 0, 0.0310848616064, 0, 2.42461919785], "key_strength": 0.775210797787, "key_scale": "major", "chords_strength": {"dvar": 6.50797665003e-05, "var": 0.00643109949306, "median": 0.575439333916, "max": 0.852823257446, "dmean": 0.00872875936329, "dmean2": 0.00887319166213, "mean": 0.577178001404, "dvar2": 7.12860419299e-05, "min": 0.326502740383}, "chords_number_rate": 0.00186509173363, "tuning_nontempered_energy_ratio": 0.688040435314, "hpcp_entropy": {"dvar": 0.314617693424, "var": 0.639658808708, "median": 1.61352145672, "max": 3.86360526085, "dmean": 0.651286423206, "dmean2": 1.09954667091, "mean": 1.5413877964, "dvar2": 0.826090157032, "min": 0}, "chords_changes_rate": 0.0357475914061, "chords_scale": "major"}, "rhythm": {"bpm_histogram_first_peak_spread": {"dvar": 0, "var": 0, "median": 0.0909090936184, "max": 0.0909090936184, "dmean": 0, "dmean2": 0, "mean": 0.0909090936184, "dvar2": 0, "min": 0.0909090936184}, "bpm_histogram_first_peak_weight": {"dvar": 0, "var": 0, "median": 0.90534979105, "max": 0.90534979105, "dmean": 0, "dmean2": 0, "mean": 0.90534979105, "dvar2": 0, "min": 0.90534979105}, "bpm_histogram_first_peak_bpm": {"dvar": 0, "var": 0, "median": 99, "max": 99, "dmean": 0, "dmean2": 0, "mean": 99, "dvar2": 0, "min": 99}, "bpm": 98.5226745605, "bpm_histogram_second_peak_weight": {"dvar": 0, "var": 0, "median": 0.00411522621289, "max": 0.00411522621289, "dmean": 0, "dmean2": 0, "mean": 0.00411522621289, "dvar2": 0, "min": 0.00411522621289}, "beats_loudness": {"dvar": 0.000218116372707, "var": 0.000356364296749, "median": 0.0234211441129, "max": 0.105653621256, "dmean": 0.0139818331227, "dmean2": 0.0229376666248, "mean": 0.0281213335693, "dvar2": 0.000551272882149, "min": 4.75607339467e-05}, "beats_loudness_band_ratio": {"dvar": [0.0164306387305, 0.0161988344043, 0.0273379571736, 0.0260950680822, 0.00104945315979, 0.000333565287292], "var": [0.0298115406185, 0.0328460223973, 0.0375962741673, 0.03080303967, 0.000950007000938, 0.000459531467641], "median": [0.145430907607, 0.312566459179, 0.23650509119, 0.137067481875, 0.0216434393078, 0.0148619590327], "max": [0.88320761919, 0.786259651184, 0.858098804951, 0.89663785696, 0.275290966034, 0.131968319416], "dmean": [0.132229149342, 0.163465097547, 0.18108202517, 0.158254131675, 0.0250991340727, 0.0169125422835], "dmean2": [0.224002912641, 0.273258507252, 0.319417834282, 0.275750249624, 0.0450280755758, 0.0292086079717], "mean": [0.200960353017, 0.325557172298, 0.299475252628, 0.199914738536, 0.0306457541883, 0.0223305057734], "dvar2": [0.0420722849667, 0.0434830933809, 0.0751095637679, 0.0690644457936, 0.00311615131795, 0.000960411387496], "min": [0.00193904025946, 0.0304501857609, 0.0231712665409, 0.0111702894792, 0.000222341972403, 5.51663788428e-06]}, "bpm_histogram_second_peak_bpm": {"dvar": 0, "var": 0, "median": 94, "max": 94, "dmean": 0, "dmean2": 0, "mean": 94, "dvar2": 0, "min": 94}, "onset_rate": 3.58189320564, "beats_count": 244, "beats_position": [0.615328788757, 1.25387752056, 1.88081634045, 2.49614500999, 3.11147379875, 3.7151927948, 4.33052158356, 4.94585037231, 5.54956912994, 6.1648979187, 6.78022670746, 7.38394546509, 7.98766422272, 8.59138298035, 9.19510173798, 9.81043052673, 10.4141492844, 11.0294780731, 11.6448068619, 12.2601356506, 12.8638544083, 13.4675731659, 14.0712919235, 14.6750106812, 15.2787294388, 15.8824491501, 16.4861679077, 17.0898857117, 17.693605423, 18.2973232269, 18.9126529694, 19.5279808044, 20.1317005157, 20.7354183197, 21.339138031, 21.9544658661, 22.5697956085, 23.1967334747, 23.8120632172, 24.4273910522, 25.0427207947, 25.6580486298, 26.2733783722, 26.8887062073, 27.5040359497, 28.1193637848, 28.7230834961, 29.3268013, 29.9421310425, 30.5574588776, 31.1611785889, 31.7881164551, 32.4150543213, 33.0187759399, 33.6457138062, 34.2726516724, 34.8995895386, 35.514919281, 36.1302490234, 36.7571868896, 37.3725166321, 37.9878463745, 38.6031723022, 39.2185020447, 39.8338317871, 40.4491615295, 41.0528793335, 41.6565971375, 42.2603149414, 42.8756446838, 43.4909744263, 44.1063041687, 44.7216300964, 45.3253517151, 45.929069519, 46.5443992615, 47.1597251892, 47.7750549316, 48.3903846741, 49.0057144165, 49.6210403442, 50.2363700867, 50.8516998291, 51.4670295715, 52.0823554993, 52.6860771179, 53.2897949219, 53.8935127258, 54.5204544067, 55.1357803345, 55.7511100769, 56.3780479431, 56.9817695618, 57.5738754272, 58.1775970459, 58.7929229736, 59.3966445923, 60.01197052, 60.6273002625, 61.2310180664, 61.8347396851, 62.438457489, 63.042175293, 63.6458930969, 64.2496109009, 64.8533325195, 65.4570541382, 66.0723800659, 66.6877059937, 67.3030395508, 67.9183654785, 68.5220870972, 69.1258010864, 69.7295227051, 70.3332443237, 70.9485702515, 71.5638961792, 72.1676177979, 72.7713394165, 73.3750534058, 73.9787750244, 74.5824966431, 75.1862106323, 75.8131484985, 76.4284820557, 77.0438079834, 77.6475296021, 78.2512435913, 78.85496521, 79.4586868286, 80.0624008179, 80.6661224365, 81.2698364258, 81.8735580444, 82.4888839722, 83.1042175293, 83.7079315186, 84.3116531372, 84.9269790649, 85.5423126221, 86.1576385498, 86.7729721069, 87.3766860962, 87.9920196533, 88.6073455811, 89.2110671997, 89.814781189, 90.4301147461, 91.0454406738, 91.6491622925, 92.2528762817, 92.8798141479, 93.4951477051, 94.0988616943, 94.702583313, 95.3063049316, 95.8984146118, 96.5021286011, 97.1058502197, 97.709564209, 98.3132858276, 98.9170074463, 99.5207214355, 100.124443054, 100.728164673, 101.343490601, 101.958816528, 102.562538147, 103.166259766, 103.781585693, 104.396911621, 105.00063324, 105.604354858, 106.219680786, 106.835006714, 107.450340271, 108.065666199, 108.669387817, 109.273101807, 109.876823425, 110.480545044, 111.084259033, 111.676368713, 112.280090332, 112.872200012, 113.464309692, 114.056411743, 114.660133362, 115.26385498, 115.855964661, 116.448066711, 117.040176392, 117.655509949, 118.270835876, 118.874557495, 119.489883423, 120.093605042, 120.697319031, 121.301040649, 121.904762268, 122.520088196, 123.135414124, 123.739135742, 124.342857361, 124.94657135, 125.550292969, 126.154014587, 126.757728577, 127.361450195, 127.965164185, 128.568893433, 129.172607422, 129.776321411, 130.3800354, 130.983764648, 131.599090576, 132.214416504, 132.84135437, 133.456680298, 134.060409546, 134.664123535, 135.279449463, 135.894775391, 136.510116577, 137.113830566, 137.717544556, 138.321273804, 138.924987793, 139.528701782, 140.14402771, 140.759368896, 141.374694824, 141.990020752, 142.593734741, 143.197463989, 143.801177979, 144.404891968, 145.008621216, 145.612335205, 146.216049194, 146.819763184, 147.423492432, 148.038818359, 148.654144287], "danceability": 1.02600538731, "bpm_histogram_second_peak_spread": {"dvar": 0, "var": 0, "median": 0, "max": 0, "dmean": 0, "dmean2": 0, "mean": 0, "dvar2": 0, "min": 0}}, "lowlevel": {"spectral_flux": {"dvar": 0.000428954459494, "var": 0.00145787291694, "median": 0.06057440117, "max": 0.26611238718, "dmean": 0.0193199627101, "dmean2": 0.02997703664, "mean": 0.0682840049267, "dvar2": 0.000976326991804, "min": 6.7587775654e-11}, "spectral_rolloff": {"dvar": 108012.21875, "var": 323511.125, "median": 775.1953125, "max": 19853.6132813, "dmean": 150.121826172, "dmean2": 255.081222534, "mean": 784.33404541, "dvar2": 225629.75, "min": 21.533203125}, "barkbands_flatness_db": {"dvar": 0.000470217608381, "var": 0.0029407304246, "median": 0.217471539974, "max": 0.516338407993, "dmean": 0.0230567902327, "dmean2": 0.0322632864118, "mean": 0.219731703401, "dvar2": 0.00090426474344, "min": 0.0655474886298}, "spectral_centroid": {"dvar": 29060.5214844, "var": 99840.4375, "median": 608.360168457, "max": 11203.9746094, "dmean": 107.936439514, "dmean2": 161.372436523, "mean": 639.896057129, "dvar2": 62038.2070313, "min": 205.579437256}, "melbands_skewness": {"dvar": 0.272774815559, "var": 1.64286637306, "median": 1.62576580048, "max": 13.8614959717, "dmean": 0.505848169327, "dmean2": 0.756932199001, "mean": 1.5927349329, "dvar2": 0.594710707664, "min": -3.57956814766}, "melbands": {"dvar": [1.61983436442e-07, 1.50103716123e-07, 3.6037585005e-07, 3.25025609982e-07, 3.53272781695e-07, 1.39135593713e-07, 1.90489146235e-07, 4.09198889884e-07, 4.30236269722e-07, 1.20168394346e-07, 2.83223016595e-07, 1.68021884406e-07, 1.51209690102e-07, 6.26020479899e-08, 1.06031787794e-08, 3.35431660226e-09, 6.302304012e-09, 4.94420893116e-10, 8.21100631931e-10, 8.64755766994e-11, 3.90389803817e-11, 1.89526692951e-11, 5.32111117321e-12, 2.40096332572e-12, 2.9071764527e-12, 2.20463035848e-12, 1.75535107283e-11, 7.51579007363e-12, 1.25337967002e-12, 9.87349633476e-13, 4.52459440357e-13, 2.76421518054e-13, 1.75851182032e-13, 7.52651454074e-14, 4.16142441958e-14, 4.86084208908e-13, 1.31114750676e-13, 1.82222452053e-14, 2.54685222835e-14, 2.18072748851e-14], "var": [3.39005936212e-07, 3.2901559166e-07, 9.75404304882e-07, 6.94235950505e-07, 1.13527414669e-06, 4.65545838324e-07, 4.42754782171e-07, 9.17480008411e-07, 9.7891279438e-07, 3.24498586224e-07, 7.31542456833e-07, 6.55143423955e-07, 5.27259317096e-07, 1.37336741091e-07, 3.18419637324e-08, 7.30182492248e-09, 1.31348070198e-08, 1.06846165249e-09, 1.80797832261e-09, 1.57609453266e-10, 7.55978682432e-11, 3.24683266384e-11, 8.30734786517e-12, 3.89796918701e-12, 4.18885716044e-12, 3.26259483839e-12, 1.85745273329e-11, 8.45373250569e-12, 1.70652391957e-12, 1.26674647334e-12, 7.58071719547e-13, 4.35303892541e-13, 2.78195354123e-13, 1.24058979777e-13, 6.92865835777e-14, 5.73704224318e-13, 1.68515022899e-13, 3.53683452154e-14, 4.73784728084e-14, 3.73027719553e-14], "median": [2.7276288165e-05, 0.000318925332977, 0.000482677103719, 0.000473559688544, 0.000443648459623, 0.000255098158959, 0.00013657323143, 0.000146046993905, 7.36647998565e-05, 5.05957796122e-05, 4.93414481753e-05, 5.44937502127e-05, 7.06010032445e-05, 2.63543715846e-05, 1.11671106424e-05, 7.45856141293e-06, 1.27192952277e-05, 4.98251620229e-06, 4.67355630462e-06, 2.11496990232e-06, 1.227477469e-06, 9.94359652395e-07, 8.19597573809e-07, 4.68038109602e-07, 4.18921075607e-07, 4.05633016953e-07, 4.35450630221e-07, 3.65044229511e-07, 2.1607995393e-07, 1.85794618801e-07, 1.41352870742e-07, 1.07602147636e-07, 7.56318883077e-08, 4.35350173689e-08, 2.57748293819e-08, 2.72621392128e-08, 2.74049831717e-08, 2.53698448915e-08, 2.67997322112e-08, 1.72913878771e-08], "max": [0.00519934576005, 0.00700508104637, 0.0278221759945, 0.0117706563324, 0.0110321911052, 0.00794954132289, 0.0113915046677, 0.0138943251222, 0.0141025288031, 0.00613333284855, 0.00912283174694, 0.0103014409542, 0.0068031931296, 0.00654253875837, 0.00208217278123, 0.00153368664905, 0.00133462098893, 0.000534751394298, 0.000881674641278, 0.000516964821145, 0.000320622202707, 0.000116500646982, 4.55479275843e-05, 2.20461697609e-05, 2.7156293072e-05, 3.01650798065e-05, 0.000152195891133, 9.81695848168e-05, 2.6549312679e-05, 2.94910314551e-05, 1.84948894457e-05, 1.78926329681e-05, 7.40891255191e-06, 6.20818127572e-06, 7.50483286538e-06, 4.47807615274e-05, 2.17980468733e-05, 5.11101370648e-06, 5.74093382966e-06, 6.24812264505e-06], "dmean": [0.000180022645509, 0.000268604344456, 0.000376669660909, 0.00038091474562, 0.000355008640327, 0.00022229165188, 0.000168365964782, 0.000258040410699, 0.000228577977396, 0.000132782166474, 0.00019304700254, 0.000160692361533, 0.000164115845109, 7.70108017605e-05, 3.76357384084e-05, 1.74946126208e-05, 3.28084424837e-05, 8.72956297826e-06, 9.17112356547e-06, 3.03304113913e-06, 2.10716439142e-06, 1.63972549672e-06, 1.23427957988e-06, 8.10040205579e-07, 8.14163058749e-07, 7.26548194052e-07, 1.15956765967e-06, 9.37477068419e-07, 5.11841676598e-07, 4.04529913567e-07, 3.04124966988e-07, 2.2905970809e-07, 1.9017632269e-07, 1.16959128604e-07, 7.79924747007e-08, 1.09319209685e-07, 8.12726810295e-08, 5.6692496031e-08, 6.4893569629e-08, 4.80627910804e-08], "dmean2": [0.000219121284317, 0.00042665770161, 0.000608917500358, 0.000640571815893, 0.000564121175557, 0.0003504519118, 0.00026145298034, 0.000396263028961, 0.000354161951691, 0.000201193339308, 0.000290157011477, 0.000239156768657, 0.000240747060161, 0.000121333767311, 5.76249767619e-05, 2.7643294743e-05, 5.34851533303e-05, 1.3832285731e-05, 1.43533961818e-05, 4.72367219118e-06, 3.24398456542e-06, 2.51611868407e-06, 1.93452046915e-06, 1.23097629512e-06, 1.26807094603e-06, 1.11715860385e-06, 1.82808696536e-06, 1.46133231738e-06, 7.75931653152e-07, 6.05185732638e-07, 4.50132489505e-07, 3.38655723908e-07, 2.7783730161e-07, 1.69825781882e-07, 1.0926467553e-07, 1.62889293165e-07, 1.20804898529e-07, 8.28119723906e-08, 9.51107139713e-08, 6.82370711047e-08], "mean": [0.000254122482147, 0.000514284416568, 0.00073923781747, 0.000754408654757, 0.000802310591098, 0.00047699600691, 0.000337636389304, 0.000466554891318, 0.000385610037483, 0.000255895982264, 0.00034438475268, 0.000335578457452, 0.000356870645192, 0.000135831374791, 7.07991639501e-05, 2.93686134683e-05, 5.22992340848e-05, 1.41385635288e-05, 1.43294710142e-05, 4.85827877128e-06, 3.2915711472e-06, 2.58679278886e-06, 1.86512670552e-06, 1.19517949315e-06, 1.16558373975e-06, 1.05502272163e-06, 1.47674791151e-06, 1.20559377592e-06, 6.89734008574e-07, 5.75351350562e-07, 4.89714523155e-07, 3.54180116346e-07, 2.6604118375e-07, 1.67174562193e-07, 1.10682478294e-07, 1.41744166626e-07, 1.14740316803e-07, 8.8745267135e-08, 9.92708280023e-08, 7.45946664438e-08], "dvar2": [2.63308379544e-07, 3.65292891047e-07, 7.55361043048e-07, 8.6753288997e-07, 8.70118867624e-07, 3.33589724733e-07, 4.48876079417e-07, 9.56973167376e-07, 1.04766456843e-06, 2.96689734114e-07, 6.95990422628e-07, 3.61421427897e-07, 3.27677867062e-07, 1.76087453951e-07, 2.481524497e-08, 7.93667709331e-09, 1.74578342893e-08, 1.22722743079e-09, 1.80337400568e-09, 1.77136666446e-10, 7.42590919312e-11, 4.2803077055e-11, 1.32720310436e-11, 5.48545670692e-12, 6.98504665567e-12, 5.16780628707e-12, 4.51314020877e-11, 1.84776482309e-11, 2.87911469839e-12, 2.32556400352e-12, 9.99682216347e-13, 5.94344885807e-13, 3.64962536104e-13, 1.53297228969e-13, 8.71230239102e-14, 9.9461281225e-13, 2.70538799696e-13, 4.00562660027e-14, 5.89301895585e-14, 5.20876168532e-14], "min": [1.19671919039e-23, 4.83786660054e-24, 5.42484774492e-24, 4.74045845039e-24, 3.721161414e-24, 4.95697868077e-24, 3.75180708244e-24, 2.35249957635e-24, 4.26727561919e-24, 7.37487995376e-24, 1.74519303632e-23, 1.10032196549e-23, 5.36002664991e-24, 6.89199689443e-24, 1.73538497091e-23, 1.77795853179e-23, 6.10279717345e-24, 6.76703264958e-24, 6.89610843747e-24, 4.40060178964e-24, 8.79052398034e-24, 1.15364841048e-23, 1.32826679504e-23, 1.04428341671e-23, 8.19116245291e-24, 9.96668245787e-24, 1.20210505933e-23, 1.1232258319e-23, 8.9619079563e-24, 1.20624531691e-23, 8.53557517983e-24, 1.02237304173e-23, 1.03323179097e-23, 1.11980469993e-23, 6.65861476221e-24, 8.93486974878e-24, 7.65699002411e-24, 7.52661892661e-24, 8.70145448439e-24, 9.79253431329e-24]}, "spectral_decrease": {"dvar": 2.98728771559e-18, "var": 1.98253454522e-17, "median": -4.71879912922e-09, "max": 1.22211476484e-19, "dmean": 1.42580180995e-09, "dmean2": 2.14385642572e-09, "mean": -5.94162763434e-09, "dvar2": 6.49035232162e-18, "min": -2.78524705521e-08}, "barkbands_kurtosis": {"dvar": 150.011444092, "var": 139.880142212, "median": 2.95871520042, "max": 780.786437988, "dmean": 2.81158852577, "dmean2": 4.43878173828, "mean": 4.7091050148, "dvar2": 374.80480957, "min": -1.66965591908}, "silence_rate_30dB": {"dvar": 0, "var": 0, "median": 1, "max": 1, "dmean": 0, "dmean2": 0, "mean": 1, "dvar2": 0, "min": 1}, "gfcc": {"mean": [-75.1038513184, 160.828933716, -127.022842407, 6.80852079391, -73.4760284424, 9.83270740509, -35.6717987061, -8.44569396973, -28.7312145233, -10.3365459442, -8.66170501709, -17.3183231354, 4.16432952881], "cov": [[6938.70751953, -1574.10986328, -1223.11523438, 220.177398682, -757.746398926, 319.437744141, -273.841522217, 338.395568848, -173.577194214, 188.874984741, -138.331542969, 112.320457458, -71.7973556519], [-1574.10986328, 1313.39318848, 241.442687988, -249.229949951, 436.869628906, -184.943557739, 292.969207764, -196.09223938, 211.639343262, -152.38822937, 168.011230469, -117.917694092, 117.812049866], [-1223.11523438, 241.442687988, 568.63671875, 114.784591675, 136.600753784, -34.8796310425, -45.159412384, -8.1173992157, -6.38050365448, -2.07921886444, -1.60030996799, 6.28752040863, -5.95410346985], [220.177398682, -249.229949951, 114.784591675, 434.320281982, 37.2523002625, 28.4071121216, -116.616844177, 76.6435775757, -17.4319019318, 55.8754806519, -8.33165359497, 5.95794057846, -4.62008142471], [-757.746398926, 436.869628906, 136.600753784, 37.2523002625, 319.071899414, -25.8068733215, 86.2795028687, -37.7016448975, 80.5889434814, -17.9967269897, 54.2751312256, -35.9540939331, 42.8289718628], [319.437744141, -184.943557739, -34.8796310425, 28.4071121216, -25.8068733215, 205.05178833, 33.4884185791, 50.0992698669, -12.4115715027, 28.7604236603, -6.37941455841, 24.3843727112, -2.83790254593], [-273.841522217, 292.969207764, -45.159412384, -116.616844177, 86.2795028687, 33.4884185791, 254.60218811, -19.0391674042, 68.6593780518, -39.2920303345, 56.2557144165, -4.77820396423, 28.4388828278], [338.395568848, -196.09223938, -8.1173992157, 76.6435775757, -37.7016448975, 50.0992698669, -19.0391674042, 132.413162231, 4.68038463593, 45.4348945618, -12.1437730789, 23.7729473114, -5.43599891663], [-173.577194214, 211.639343262, -6.38050365448, -17.4319019318, 80.5889434814, -12.4115715027, 68.6593780518, 4.68038463593, 148.794525146, 6.31513929367, 31.1059379578, -38.1196670532, 27.5154628754], [188.874984741, -152.38822937, -2.07921886444, 55.8754806519, -17.9967269897, 28.7604236603, -39.2920303345, 45.4348945618, 6.31513929367, 97.1552886963, -9.62410259247, 11.6854104996, -19.1652355194], [-138.331542969, 168.011230469, -1.60030996799, -8.33165359497, 54.2751312256, -6.37941455841, 56.2557144165, -12.1437730789, 31.1059379578, -9.62410259247, 120.804656982, 16.3221569061, 37.2559051514], [112.320457458, -117.917694092, 6.28752040863, 5.95794057846, -35.9540939331, 24.3843727112, -4.77820396423, 23.7729473114, -38.1196670532, 11.6854104996, 16.3221569061, 98.0826797485, 6.05934143066], [-71.7973556519, 117.812049866, -5.95410346985, -4.62008142471, 42.8289718628, -2.83790254593, 28.4388828278, -5.43599891663, 27.5154628754, -19.1652355194, 37.2559051514, 6.05934143066, 88.700843811]], "icov": [[0.000471553794341, -0.000837610568851, 0.00124113459606, -0.000629551184829, 0.00110196042806, -0.000724450917915, 0.000669038388878, -0.000982593279332, 0.00049603235675, -0.000550967350136, 0.000566377770156, -0.000584416557103, 0.000243860718911], [-0.000837610568851, 0.00879608932883, -0.00477185193449, 0.00394083792344, -0.00700719794258, 0.00470401719213, -0.0044125742279, 0.00518424622715, -0.00438654655591, 0.00470922747627, -0.00529423449188, 0.00518916780129, -0.00296218041331], [0.00124113459606, -0.00477185193449, 0.00636659562588, -0.00303802150302, 0.00346218212508, -0.00286071747541, 0.0033652826678, -0.00376823055558, 0.00271089863963, -0.00241125095636, 0.00324729154818, -0.00365105131641, 0.00206212862395], [-0.000629551184829, 0.00394083792344, -0.00303802150302, 0.00525849778205, -0.00430125975981, 0.00185542018153, -0.00053174328059, 0.000917870260309, -0.001622845768, 0.00151930295397, -0.00290159042925, 0.00280854548328, -0.0014523192076], [0.00110196042806, -0.00700719794258, 0.00346218212508, -0.00430125975981, 0.011270227842, -0.00380664528348, 0.00220909086056, -0.00327531062067, 0.00209314515814, -0.00419985083863, 0.00336352689192, -0.0029733562842, 0.000968297186773], [-0.000724450917915, 0.00470401719213, -0.00286071747541, 0.00185542018153, -0.00380664528348, 0.00875241588801, -0.00430640671402, 0.00153353868518, -0.00137731933501, 0.00113460666034, -0.00222404999658, 0.00221866602078, -0.00188191595953], [0.000669038388878, -0.0044125742279, 0.0033652826678, -0.00053174328059, 0.00220909086056, -0.00430640671402, 0.00914392340928, -0.00339514599182, 2.6216970582e-05, 3.55367119482e-05, 0.000892959535122, -0.00337883620523, 0.00211161584593], [-0.000982593279332, 0.00518424622715, -0.00376823055558, 0.000917870260309, -0.00327531062067, 0.00153353868518, -0.00339514599182, 0.014814639464, -0.00447549298406, -0.000385488150641, -0.00204346771352, 0.000985903549008, -0.00216321181506], [0.00049603235675, -0.00438654655591, 0.00271089863963, -0.001622845768, 0.00209314515814, -0.00137731933501, 2.6216970582e-05, -0.00447549298406, 0.0128323649988, -0.00500348536298, 0.00143217889126, 0.00167271133978, -0.000789837678894], [-0.000550967350136, 0.00470922747627, -0.00241125095636, 0.00151930295397, -0.00419985083863, 0.00113460666034, 3.55367119482e-05, -0.000385488150641, -0.00500348536298, 0.0171330086887, -0.00326184462756, 0.0010743890889, 0.00179630808998], [0.000566377770156, -0.00529423449188, 0.00324729154818, -0.00290159042925, 0.00336352689192, -0.00222404999658, 0.000892959535122, -0.00204346771352, 0.00143217889126, -0.00326184462756, 0.0145019320771, -0.00610396498814, -0.00137282384094], [-0.000584416557103, 0.00518916780129, -0.00365105131641, 0.00280854548328, -0.0029733562842, 0.00221866602078, -0.00337883620523, 0.000985903549008, 0.00167271133978, 0.0010743890889, -0.00610396498814, 0.0168874952942, -0.00369027070701], [0.000243860718911, -0.00296218041331, 0.00206212862395, -0.0014523192076, 0.000968297186773, -0.00188191595953, 0.00211161584593, -0.00216321181506, -0.000789837678894, 0.00179630808998, -0.00137282384094, -0.00369027070701, 0.0155928637832]]}, "silence_rate_20dB": {"dvar": 0, "var": 0, "median": 1, "max": 1, "dmean": 0, "dmean2": 0, "mean": 1, "dvar2": 0, "min": 1}, "barkbands_skewness": {"dvar": 0.249227434397, "var": 1.34959971905, "median": 1.30232417583, "max": 17.1189498901, "dmean": 0.471299618483, "dmean2": 0.705889940262, "mean": 1.25234627724, "dvar2": 0.545358836651, "min": -3.77481627464}, "erbbands_skewness": {"dvar": 0.133677303791, "var": 0.535301268101, "median": 0.606081962585, "max": 5.75663709641, "dmean": 0.394704461098, "dmean2": 0.606194615364, "mean": 0.609996795654, "dvar2": 0.325704336166, "min": -2.13652348518}, "spectral_contrast_valleys": {"dvar": [0.152191564441, 0.0948192849755, 0.0768800452352, 0.0903088077903, 0.128044217825, 0.150793597102], "var": [0.876783788204, 0.667081296444, 0.752319037914, 0.86622262001, 1.14894068241, 1.46999931335], "median": [-7.86380910873, -6.52058506012, -7.14401245117, -8.13706970215, -8.68987846375, -11.4441156387], "max": [-5.66528367996, -4.81557130814, -5.1515917778, -5.99177074432, -6.36295413971, -8.94430828094], "dmean": [0.448949098587, 0.349636822939, 0.30035969615, 0.319369375706, 0.365798860788, 0.403804838657], "dmean2": [0.711825788021, 0.563417375088, 0.484841704369, 0.475909501314, 0.480049490929, 0.5046479702], "mean": [-7.83679676056, -6.5760602951, -7.1742181778, -8.21187782288, -8.74039268494, -11.5508956909], "dvar2": [0.322532206774, 0.210490658879, 0.166558250785, 0.176362618804, 0.213107913733, 0.249680742621], "min": [-26.921087265, -27.6365013123, -27.6080341339, -27.3373279572, -27.3396434784, -27.3702945709]}, "spectral_strongpeak": {"dvar": 0.663077294827, "var": 2.61362838745, "median": 0.749197542667, "max": 9.73119544983, "dmean": 0.580293416977, "dmean2": 0.955423951149, "mean": 1.4517083168, "dvar2": 1.58653271198, "min": 0}, "erbbands_crest": {"dvar": 7.65656375885, "var": 25.4932384491, "median": 10.3850908279, "max": 33.9316177368, "dmean": 2.82210612297, "dmean2": 4.52721452713, "mean": 11.4819135666, "dvar2": 18.4717884064, "min": 2.61732840538}, "barkbands_crest": {"dvar": 4.78785228729, "var": 13.6644439697, "median": 10.1698303223, "max": 25.2115116119, "dmean": 2.46792459488, "dmean2": 3.96101093292, "mean": 10.8286790848, "dvar2": 12.1334247589, "min": 3.32052373886}, "spectral_energyband_middle_low": {"dvar": 4.08573068853e-05, "var": 0.000165545992786, "median": 0.0112530747429, "max": 0.0969701111317, "dmean": 0.00484931468964, "dmean2": 0.00748515734449, "mean": 0.0152521692216, "dvar2": 9.64553764788e-05, "min": 3.12433145165e-22}, "spectral_contrast_coeffs": {"dvar": [0.00217349082232, 0.00155599869322, 0.000975882227067, 0.000682040175889, 0.000314458215144, 0.000263144436758], "var": [0.00841058511287, 0.00560574280098, 0.00675431732088, 0.00313961389475, 0.00117253919598, 0.00145115109626], "median": [-0.552943050861, -0.708677947521, -0.745067059994, -0.78278273344, -0.819053113461, -0.781352698803], "max": [-0.303574770689, -0.407193124294, -0.456595152617, -0.544445633888, -0.637038290501, -0.570854663849], "dmean": [0.0543276071548, 0.0466685518622, 0.037302788347, 0.0317469574511, 0.0215006731451, 0.0190813019872], "dmean2": [0.0884813219309, 0.0760812535882, 0.0595254525542, 0.0513582415879, 0.0347647443414, 0.0298542436212], "mean": [-0.560667872429, -0.705708324909, -0.735617518425, -0.775317847729, -0.815640926361, -0.777831792831], "dvar2": [0.00511803012341, 0.00391197064891, 0.00225930660963, 0.00168986502104, 0.000784320989624, 0.000586987938732], "min": [-0.96691352129, -0.996530592442, -0.99367660284, -0.978809535503, -0.966837644577, -0.960353672504]}, "hfc": {"dvar": 23.5655441284, "var": 207.562103271, "median": 8.24033164978, "max": 86.875541687, "dmean": 3.42264199257, "dmean2": 5.02380418777, "mean": 13.9838027954, "dvar2": 50.9219894409, "min": 1.18747494404e-16}, "spectral_energyband_high": {"dvar": 8.48856362978e-09, "var": 1.71992962095e-08, "median": 3.19447717629e-05, "max": 0.00225699087605, "dmean": 4.81721326651e-05, "dmean2": 6.57528798911e-05, "mean": 8.11668069218e-05, "dvar2": 1.64239519762e-08, "min": 7.84789948761e-21}, "erbbands_spread": {"dvar": 29.1712627411, "var": 118.105560303, "median": 16.5733509064, "max": 105.096923828, "dmean": 4.43521881104, "dmean2": 6.51620674133, "mean": 18.4907073975, "dvar2": 59.5179977417, "min": 0.839724004269}, "dissonance": {"dvar": 0.0010560892988, "var": 0.00231182458811, "median": 0.437709927559, "max": 0.499998807907, "dmean": 0.035838522017, "dmean2": 0.0605255700648, "mean": 0.428358137608, "dvar2": 0.0029227079358, "min": 0.140637055039}, "spectral_kurtosis": {"dvar": 74.890838623, "var": 291.105773926, "median": 10.6972723007, "max": 250.986129761, "dmean": 6.03008079529, "dmean2": 9.75355815887, "mean": 14.6788787842, "dvar2": 203.439682007, "min": -1.16549348831}, "spectral_skewness": {"dvar": 0.250165790319, "var": 1.13238680363, "median": 2.63296532631, "max": 12.4437265396, "dmean": 0.497984170914, "dmean2": 0.761584341526, "mean": 2.7694466114, "dvar2": 0.619069099426, "min": -0.0417184270918}, "pitch_salience": {"dvar": 0.00326472870074, "var": 0.009940427728, "median": 0.586679697037, "max": 0.98840045929, "dmean": 0.0657446533442, "dmean2": 0.106120668352, "mean": 0.581175208092, "dvar2": 0.00814455095679, "min": 0.130004033446}, "spectral_complexity": {"dvar": 4.41807985306, "var": 18.2940444946, "median": 12, "max": 36, "dmean": 2.13557219505, "dmean2": 3.37365889549, "mean": 12.5664539337, "dvar2": 9.43057346344, "min": 0}, "spectral_spread": {"dvar": 372502659072, "var": 1785711820800.0, "median": 2660600.25, "max": 39923244, "dmean": 460669.8125, "dmean2": 617938.625, "mean": 2845406.25, "dvar2": 614775324672, "min": 320018.78125}, "dynamic_complexity": 3.59610438347, "melbands_crest": {"dvar": 6.32515335083, "var": 17.3458976746, "median": 11.8140954971, "max": 34.4789428711, "dmean": 2.72602748871, "dmean2": 4.39537858963, "mean": 12.4985666275, "dvar2": 16.0425071716, "min": 1.94760560989}, "zerocrossingrate": {"dvar": 5.58297033422e-05, "var": 0.000288086594082, "median": 0.0302734375, "max": 0.5078125, "dmean": 0.00429440010339, "dmean2": 0.0051504522562, "mean": 0.0313916355371, "dvar2": 9.15046839509e-05, "min": 0}, "spectral_energyband_low": {"dvar": 4.13104908148e-06, "var": 1.16336150313e-05, "median": 0.00180461467244, "max": 0.0417655445635, "dmean": 0.00146201020107, "dmean2": 0.00216180179268, "mean": 0.00302680535242, "dvar2": 8.0312247519e-06, "min": 6.41758730563e-23}, "melbands_kurtosis": {"dvar": 104.987388611, "var": 145.630432129, "median": 4.37643814087, "max": 594.571594238, "dmean": 3.66314435005, "dmean2": 5.73160028458, "mean": 6.96780920029, "dvar2": 232.778381348, "min": -1.70927107334}, "spectral_energyband_middle_high": {"dvar": 1.61581810971e-05, "var": 0.000102166697616, "median": 0.00212983367965, "max": 0.0766689032316, "dmean": 0.00212653796189, "dmean2": 0.00314732990228, "mean": 0.00643483921885, "dvar2": 3.58630641131e-05, "min": 1.74912449819e-21}, "barkbands_spread": {"dvar": 8.13687992096, "var": 22.446516037, "median": 7.53115606308, "max": 61.2206344604, "dmean": 2.30174350739, "dmean2": 3.43498492241, "mean": 8.44672203064, "dvar2": 18.2703914642, "min": 0.186032935977}, "mfcc": {"mean": [-709.907958984, 182.50453186, 2.19775772095, 1.446652174, -12.781867981, 1.1392018795, 2.13888001442, -9.0178155899, -4.26620101929, -6.38792896271, -10.2035017014, -8.0767993927, -4.26006793976], "cov": [[5154.95507813, -1159.96313477, -556.945068359, -334.938537598, -450.238525391, -109.364944458, -114.771621704, 17.3624801636, 14.0163011551, -53.0547180176, 123.350822449, 36.3385047913, -53.3100128174], [-1159.96313477, 1319.47424316, -41.8113746643, -10.5691194534, 66.7047119141, 31.4070320129, 70.3563079834, 16.7567100525, 26.9704170227, 32.8528175354, -4.57088947296, -5.53336811066, 0.480324447155], [-556.945068359, -41.8113746643, 372.505249023, 98.4810409546, 106.391159058, 4.59010457993, -3.39224934578, -1.99361944199, -19.1678504944, 4.49167108536, -35.3255119324, -3.45651936531, 18.9764080048], [-334.938537598, -10.5691194534, 98.4810409546, 320.953918457, 165.261627197, 0.60300129652, -6.80480718613, -22.2906131744, -9.5528087616, 54.5338745117, -27.2642841339, 4.93259382248, 29.435174942], [-450.238525391, 66.7047119141, 106.391159058, 165.261627197, 273.409729004, 30.5969715118, -1.4080619812, -27.9364700317, 3.02449417114, 56.9174385071, -28.5175323486, 1.73124110699, 27.6297492981], [-109.364944458, 31.4070320129, 4.59010457993, 0.60300129652, 30.5969715118, 132.503967285, 46.35546875, 21.0392417908, 28.0779685974, 0.586999058723, 29.5538005829, 10.2713155746, -7.78206634521], [-114.771621704, 70.3563079834, -3.39224934578, -6.80480718613, -1.4080619812, 46.35546875, 131.296310425, 49.2978515625, 8.60803318024, -7.35464382172, 7.95467472076, 13.3125343323, 16.18318367], [17.3624801636, 16.7567100525, -1.99361944199, -22.2906131744, -27.9364700317, 21.0392417908, 49.2978515625, 109.224723816, 25.132642746, -10.2578449249, 19.0363693237, 19.0600757599, 3.50869655609], [14.0163011551, 26.9704170227, -19.1678504944, -9.5528087616, 3.02449417114, 28.0779685974, 8.60803318024, 25.132642746, 116.666297913, 26.2246704102, 32.3767585754, 11.7282056808, -14.8794336319], [-53.0547180176, 32.8528175354, 4.49167108536, 54.5338745117, 56.9174385071, 0.586999058723, -7.35464382172, -10.2578449249, 26.2246704102, 117.366836548, 20.3358421326, 2.46073698997, 3.82507181168], [123.350822449, -4.57088947296, -35.3255119324, -27.2642841339, -28.5175323486, 29.5538005829, 7.95467472076, 19.0363693237, 32.3767585754, 20.3358421326, 97.5369567871, 24.1374702454, -15.7617330551], [36.3385047913, -5.53336811066, -3.45651936531, 4.93259382248, 1.73124110699, 10.2713155746, 13.3125343323, 19.0600757599, 11.7282056808, 2.46073698997, 24.1374702454, 72.6539459229, 22.6635932922], [-53.3100128174, 0.480324447155, 18.9764080048, 29.435174942, 27.6297492981, -7.78206634521, 16.18318367, 3.50869655609, -14.8794336319, 3.82507181168, -15.7617330551, 22.6635932922, 83.3874053955]], "icov": [[0.000347330642398, 0.000298066152027, 0.00043853680836, 0.000116306218843, 0.000236155130551, 0.000146909413161, 0.00015479013382, -6.62948878016e-05, 7.16498288966e-06, -7.84706935519e-05, -0.000167691832758, -0.00011582087609, -7.64841297496e-06], [0.000298066152027, 0.00106736388989, 0.000513949489687, 0.000266435177764, -0.00010894623847, 0.000155072644702, -0.000337349425536, -5.49258002138e-05, -0.000103169753856, -0.000260459288256, -3.30002239934e-06, -4.77413777844e-06, 8.59620195115e-05], [0.00043853680836, 0.000513949489687, 0.00375267630443, -0.000313521450153, -0.000744446471799, 8.17174077383e-05, 0.000375581614207, -0.000639352598228, 0.000348604924511, 0.000238850538153, 0.000419136718847, -4.2862859118e-05, -0.000115497758088], [0.000116306218843, 0.000266435177764, -0.000313521450153, 0.00488680088893, -0.00239300052635, 0.000401132594561, -9.87237945083e-06, 5.19183668075e-05, 0.000372147740563, -0.00125943974126, 0.00046694939374, -0.000437808776041, -0.000419340562075], [0.000236155130551, -0.00010894623847, -0.000744446471799, -0.00239300052635, 0.00684167956933, -0.00194635719527, 0.000434527464677, 0.00111580640078, -0.000368995766621, -0.00205555488355, 0.00156895106193, -0.000340782658895, -0.000996500952169], [0.000146909413161, 0.000155072644702, 8.17174077383e-05, 0.000401132594561, -0.00194635719527, 0.0103312218562, -0.0034225708805, 6.0441900132e-05, -0.00148528418504, 0.0013284367742, -0.00300892512314, -0.000111230852781, 0.0013391020475], [0.00015479013382, -0.000337349425536, 0.000375581614207, -9.87237945083e-06, 0.000434527464677, -0.0034225708805, 0.0109768556431, -0.00427841255441, 0.000616834091488, 0.00013020397455, 0.000459594390122, -7.56152658141e-05, -0.00218323431909], [-6.62948878016e-05, -5.49258002138e-05, -0.000639352598228, 5.19183668075e-05, 0.00111580640078, 6.0441900132e-05, -0.00427841255441, 0.0124839190394, -0.00228842394426, 0.00097919034306, -0.000914394622669, -0.00186184165068, -9.4004550192e-05], [7.16498288966e-06, -0.000103169753856, 0.000348604924511, 0.000372147740563, -0.000368995766621, -0.00148528418504, 0.000616834091488, -0.00228842394426, 0.0107835726812, -0.00229397392832, -0.00162124191411, -0.000982722383924, 0.00174477486871], [-7.84706935519e-05, -0.000260459288256, 0.000238850538153, -0.00125943974126, -0.00205555488355, 0.0013284367742, 0.00013020397455, 0.00097919034306, -0.00229397392832, 0.0113161541522, -0.00336291431449, 0.00104013399687, -0.000766613113228], [-0.000167691832758, -3.30002239934e-06, 0.000419136718847, 0.00046694939374, 0.00156895106193, -0.00300892512314, 0.000459594390122, -0.000914394622669, -0.00162124191411, -0.00336291431449, 0.0151835503057, -0.00494544953108, 0.00286026019603], [-0.00011582087609, -4.77413777844e-06, -4.2862859118e-05, -0.000437808776041, -0.000340782658895, -0.000111230852781, -7.56152658141e-05, -0.00186184165068, -0.000982722383924, 0.00104013399687, -0.