{"tonal": {"hpcp": {"dvar": [0.0493536889553, 0.044213976711, 0.0356023199856, 0.0306159015745, 0.0288856588304, 0.0269682016224, 0.0306986197829, 0.0362935848534, 0.0321044772863, 0.0380555093288, 0.0393076725304, 0.0219695288688, 0.0142456991598, 0.0163584910333, 0.0170421805233, 0.0190481524915, 0.0312346536666, 0.02634197101, 0.0214323960245, 0.0169222280383, 0.0157516952604, 0.0198099203408, 0.0223021712154, 0.0239545796067, 0.0734024420381, 0.0232056751847, 0.00988485477865, 0.0139964232221, 0.0186730530113, 0.027431383729, 0.0421758107841, 0.047242578119, 0.046136919409, 0.0440475344658, 0.0337031744421, 0.0480445660651], "var": [0.0630105063319, 0.0802669450641, 0.0533783882856, 0.0279678758234, 0.0284887477756, 0.0283759012818, 0.0439925193787, 0.0650178939104, 0.0445508174598, 0.0982002541423, 0.130712881684, 0.0352535396814, 0.0100817838684, 0.0108985081315, 0.0118691110983, 0.0293057207018, 0.0907681584358, 0.0485519617796, 0.0165862962604, 0.0108643956482, 0.0102295801044, 0.0221968796104, 0.0375003367662, 0.033240582794, 0.0823475047946, 0.0269251372665, 0.00792216043919, 0.0138342846185, 0.0251557603478, 0.0360745489597, 0.134371906519, 0.131672427058, 0.0798599421978, 0.0408205613494, 0.0256959162652, 0.0401025786996], "median": [0.0293974392116, 0.0503039769828, 0.0446542687714, 0.0228314436972, 0.0137284230441, 0.0107714906335, 0.0309948809445, 0.0502314083278, 0.0621711015701, 0.0414177849889, 0.0418744087219, 0.0320015847683, 0.0130817163736, 0.011910370551, 0.0160335674882, 0.0899002701044, 0.165001213551, 0.110602632165, 0.0193120632321, 0.00719043239951, 0.00558213191107, 0.0113993911073, 0.0147976204753, 0.060268625617, 0.0426209308207, 0.0342096574605, 0.0099225230515, 0.0152040822431, 0.0239965580404, 0.056861974299, 0.191423267126, 0.363146722317, 0.141067057848, 0.0155211128294, 0.0097094848752, 0.0138568691909], "max": [1, 1, 1, 1, 1, 1, 1, 1, 1, 1, 1, 1, 1, 1, 1, 1, 1, 1, 1, 1, 1, 1, 1, 1, 1, 1, 1, 1, 1, 1, 1, 1, 1, 1, 1, 1], "dmean": [0.124159961939, 0.120968237519, 0.103623226285, 0.0843429788947, 0.0738720297813, 0.0725586563349, 0.093454785645, 0.110869333148, 0.112235978246, 0.121878542006, 0.115301057696, 0.0865376368165, 0.0471153222024, 0.0479219518602, 0.0532709620893, 0.0957912132144, 0.132453426719, 0.121082641184, 0.068564876914, 0.0452331155539, 0.0442666634917, 0.0614580214024, 0.0692400857806, 0.128570750356, 0.206325680017, 0.115446962416, 0.0372236445546, 0.0488485358655, 0.0680596008897, 0.106018356979, 0.148228794336, 0.18437705934, 0.17066539824, 0.121018908918, 0.0906566232443, 0.110160656273], "dmean2": [0.212753325701, 0.211415633559, 0.174949601293, 0.147189676762, 0.131895929575, 0.129905432463, 0.161161214113, 0.189248517156, 0.192535951734, 0.20757701993, 0.186797872186, 0.146950334311, 0.0852608829737, 0.0874242186546, 0.096143886447, 0.162498161197, 0.21721161902, 0.204512640834, 0.12259388715, 0.083205409348, 0.0814582258463, 0.10525239259, 0.117671810091, 0.225860312581, 0.371507883072, 0.206080302596, 0.0650692731142, 0.0848173871636, 0.118213638663, 0.186564847827, 0.252874493599, 0.311381280422, 0.293816357851, 0.217100217938, 0.164113387465, 0.19976580143], "mean": [0.144136980176, 0.183814793825, 0.140966147184, 0.0830157622695, 0.0703173354268, 0.0701617076993, 0.120749615133, 0.164096683264, 0.144190177321, 0.229749903083, 0.26829507947, 0.1263769418, 0.0431169606745, 0.0419878140092, 0.046907633543, 0.153018280864, 0.285414814949, 0.198294043541, 0.0618898160756, 0.0347700975835, 0.0327600426972, 0.0668607875705, 0.0933720767498, 0.14102075994, 0.193514421582, 0.116303384304, 0.0369049198925, 0.0545693151653, 0.0810194313526, 0.150965407491, 0.353093594313, 0.432880342007, 0.253291159868, 0.0998381748796, 0.0689949989319, 0.0912117287517], "dvar2": [0.122062683105, 0.116611525416, 0.0864809527993, 0.0795931071043, 0.0781322643161, 0.0752128958702, 0.0812072306871, 0.0918719619513, 0.0864924490452, 0.0962785556912, 0.0902963727713, 0.0602487884462, 0.0413062423468, 0.0469787493348, 0.0481103099883, 0.0510677173734, 0.0722060874104, 0.0678741708398, 0.0591150708497, 0.0476950481534, 0.0443996414542, 0.0492170602083, 0.0536299012601, 0.0610101483762, 0.19193802774, 0.0607540309429, 0.0271765850484, 0.0378144793212, 0.0475818254054, 0.0745216459036, 0.101203963161, 0.11485093087, 0.117049142718, 0.111496053636, 0.0927996262908, 0.130357578397], "min": [0, 0, 0, 0, 0, 0, 0, 0, 0, 0, 0, 0, 0, 0, 0, 0, 0, 0, 0, 0, 0, 0, 0, 0, 0, 0, 0, 0, 0, 0, 0, 0, 0, 0, 0, 0]}, "key_key": "C", "thpcp": [1, 0.585129737854, 0.230636894703, 0.159385845065, 0.210708871484, 0.332971870899, 0.424631893635, 0.325646907091, 0.191775307059, 0.16244058311, 0.162081062794, 0.278944551945, 0.379080921412, 0.333094775677, 0.530746936798, 0.619790375233, 0.291944295168, 0.0996048003435, 0.0969963520765, 0.108361661434, 0.353488624096, 0.659338831902, 0.458080500364, 0.142972111702, 0.0803226530552, 0.0756792128086, 0.154455587268, 0.215699508786, 0.325773060322, 0.447039067745, 0.268673300743, 0.0852543190122, 0.126060962677, 0.187163576484, 0.348746269941, 0.815684080124], "chords_key": "G", "tuning_equal_tempered_deviation": 0.321354180574, "tuning_frequency": 434.193115234, "tuning_diatonic_strength": 0.682926654816, "chords_histogram": [23.9750900269, 0.0778412073851, 41.2817840576, 4.72236633301, 17.6180591583, 0, 0, 0, 0, 0, 0, 0.0259470678866, 0, 0, 0, 0, 0, 1.894135952, 0, 6.01971960068, 0.544888436794, 1.50492990017, 0.700570821762, 1.63466525078], "key_strength": 0.851668596268, "key_scale": "major", "chords_strength": {"dvar": 5.55125370738e-05, "var": 0.0102173974738, "median": 0.544621348381, "max": 0.757060885429, "dmean": 0.00851754099131, "dmean2": 0.00756228994578, "mean": 0.540940105915, "dvar2": 5.0591002946e-05, "min": 0.324414044619}, "chords_number_rate": 0.00207576551475, "tuning_nontempered_energy_ratio": 0.950287699699, "hpcp_entropy": {"dvar": 0.259563446045, "var": 0.563094079494, "median": 1.99190950394, "max": 4.48470926285, "dmean": 0.563320636749, "dmean2": 0.929197788239, "mean": 2.00399231911, "dvar2": 0.630190134048, "min": 0}, "chords_changes_rate": 0.0425531901419, "chords_scale": "major"}, "rhythm": {"bpm_histogram_first_peak_spread": {"dvar": 0, "var": 0, "median": 0.569948196411, "max": 0.569948196411, "dmean": 0, "dmean2": 0, "mean": 0.569948196411, "dvar2": 0, "min": 0.569948196411}, "bpm_histogram_first_peak_weight": {"dvar": 0, "var": 0, "median": 0.40000000596, "max": 0.40000000596, "dmean": 0, "dmean2": 0, "mean": 0.40000000596, "dvar2": 0, "min": 0.40000000596}, "bpm_histogram_first_peak_bpm": {"dvar": 0, "var": 0, "median": 140, "max": 140, "dmean": 0, "dmean2": 0, "mean": 140, "dvar2": 0, "min": 140}, "bpm": 140.183303833, "bpm_histogram_second_peak_weight": {"dvar": 0, "var": 0, "median": 0.0385542176664, "max": 0.0385542176664, "dmean": 0, "dmean2": 0, "mean": 0.0385542176664, "dvar2": 0, "min": 0.0385542176664}, "beats_loudness": {"dvar": 0.000267812953098, "var": 0.000473851221614, "median": 0.042788259685, "max": 0.0979554280639, "dmean": 0.0198059957474, "dmean2": 0.0344369746745, "mean": 0.0415747016668, "dvar2": 0.000697406881955, "min": 2.62930588413e-09}, "beats_loudness_band_ratio": {"dvar": [0.052220646292, 0.0161436200142, 0.0153909968212, 0.00313805579208, 0.00401067454368, 0.00407883850858], "var": [0.0800323188305, 0.0213649347425, 0.0217704009265, 0.00325071322732, 0.00679734861478, 0.00416532624513], "median": [0.550758600235, 0.161137506366, 0.112532392144, 0.0346979796886, 0.0333857387304, 0.0312633886933], "max": [0.968810856342, 0.718180000782, 0.758004546165, 0.343846410513, 0.526337146759, 0.334612667561], "dmean": [0.282442867756, 0.134741187096, 0.124555855989, 0.0474279895425, 0.0629658550024, 0.0656652599573], "dmean2": [0.481554090977, 0.230968296528, 0.217066779733, 0.0816415250301, 0.108947902918, 0.115601792932], "mean": [0.548119366169, 0.194654479623, 0.153750687838, 0.0508777052164, 0.0691028535366, 0.0605636872351], "dvar2": [0.102723613381, 0.0393351390958, 0.0409920737147, 0.00802177283913, 0.0096864271909, 0.00963496789336], "min": [0.0257131308317, 0.0106058670208, 0.00350705464371, 0.00202337349765, 0.00364248966798, 0.00291353138164]}, "bpm_histogram_second_peak_bpm": {"dvar": 0, "var": 0, "median": 133, "max": 133, "dmean": 0, "dmean2": 0, "mean": 133, "dvar2": 0, "min": 133}, "onset_rate": 2.29694962502, "beats_count": 416, "beats_position": [0.394739210606, 0.801088392735, 1.20743763447, 1.64861679077, 2.08979582787, 2.54258489609, 2.99537420273, 3.42494320869, 3.87773227692, 4.33052158356, 4.78331041336, 5.22448968887, 5.66566896439, 6.10684776306, 6.5596370697, 7.01242637634, 7.46521520615, 7.92961454391, 8.38240337372, 8.8119726181, 9.24154186249, 9.67111110687, 10.1006803513, 10.5302495956, 10.9714279175, 11.412607193, 11.8653964996, 12.3065757751, 12.7361450195, 13.1657142639, 13.6068935394, 14.0364627838, 14.4776411057, 14.9304304123, 15.3716096878, 15.8127889633, 16.2539672852, 16.6951465607, 17.1363258362, 17.5775051117, 18.0070743561, 18.4482536316, 18.877822876, 19.3073921204, 19.7369613647, 20.154920578, 20.5844898224, 21.0140590668, 21.4552383423, 21.8964176178, 22.3375968933, 22.7671642303, 23.1967334747, 23.6263027191, 24.0558719635, 24.497051239, 24.9382305145, 25.37940979, 25.8205890656, 26.2501583099, 26.6797275543, 27.1092967987, 27.5388660431, 27.9684352875, 28.3980045319, 28.8391838074, 29.2803630829, 29.7215423584, 30.1627197266, 30.5922889709, 31.0218582153, 31.4514274597, 31.8809967041, 32.322177887, 32.7633552551, 33.1813163757, 33.6108856201, 34.0404510498, 34.4816322327, 34.8995895386, 35.3175506592, 35.7471199036, 36.1882972717, 36.6062583923, 37.0242156982, 37.4537849426, 37.883354187, 38.3129234314, 38.7424926758, 39.1720619202, 39.613243103, 40.0428123474, 40.4723815918, 40.9019508362, 41.3315200806, 41.761089325, 42.1906585693, 42.6318359375, 43.0962333679, 43.5258026123, 43.9553718567, 44.3849411011, 44.8145103455, 45.2440795898, 45.6736488342, 46.1148300171, 46.5560073853, 46.9855766296, 47.415145874, 47.8447151184, 48.262676239, 48.6922454834, 49.1218147278, 49.5513839722, 49.9925613403, 50.4221305847, 50.8400878906, 51.269657135, 51.6992263794, 52.1171875, 52.5467567444, 52.9879341125, 53.4291152954, 53.8470726013, 54.2650337219, 54.6946029663, 55.1241722107, 55.5537414551, 55.9833106995, 56.4244880676, 56.8656692505, 57.2952384949, 57.7248077393, 58.1543769836, 58.583946228, 59.0019035339, 59.4314727783, 59.8726501465, 60.3022193909, 60.7317886353, 61.1497497559, 61.5793190002, 61.9972763062, 62.438457489, 62.8796348572, 63.32081604, 63.7619934082, 64.1799545288, 64.5979156494, 65.0274810791, 65.4570541382, 65.8866195679, 66.316192627, 66.7457580566, 67.1753311157, 67.5932846069, 68.0112457275, 68.4292068481, 68.8471679688, 69.26512146, 69.7062988281, 70.1474838257, 70.5770492554, 71.0066223145, 71.4245758057, 71.8541488647, 72.2837142944, 72.701675415, 73.1312484741, 73.5608139038, 73.9903869629, 74.4199523926, 74.8379135132, 75.2558746338, 75.673828125, 76.1034011841, 76.5329666138, 76.9741516113, 77.4153289795, 77.8332901001, 78.2512435913, 78.6692047119, 79.1103820801, 79.5283432007, 79.9579086304, 80.3874816895, 80.8170471191, 81.2350082397, 81.6645812988, 82.0941467285, 82.5237197876, 82.9416732788, 83.3712463379, 83.8008117676, 84.2419967651, 84.6715621948, 85.0895233154, 85.507484436, 85.9370498657, 86.3666229248, 86.784576416, 87.2141494751, 87.6553268433, 88.0848999023, 88.514465332, 88.9440383911, 89.3736038208, 89.8031692505, 90.2327423096, 90.6623077393, 91.0918807983, 91.5098419189, 91.9277954102, 92.3573684692, 92.7869338989, 93.2048950195, 93.6228561401, 94.0640335083, 94.5052108765, 94.9231719971, 95.3411331177, 95.7706985474, 96.2002716064, 96.6182327271, 97.0594100952, 97.5005874634, 97.9417648315, 98.3713378906, 98.8009033203, 99.2188644409, 99.6484298706, 100.07800293, 100.519180298, 100.960357666, 101.389930725, 101.819496155, 102.237457275, 102.655418396, 103.073379517, 103.491333008, 103.920906067, 104.350471497, 104.791656494, 105.221221924, 105.650794983, 106.080360413, 106.498321533, 106.916282654, 107.345848083, 107.787025452, 108.22820282, 108.657775879, 109.087341309, 109.516914368, 109.946479797, 110.376052856, 110.805618286, 111.246803284, 111.687980652, 112.105941772, 112.535507202, 112.953468323, 113.383033752, 113.800994873, 114.230567932, 114.6717453, 115.10131073, 115.530883789, 115.94884491, 116.366798401, 116.79637146, 117.214332581, 117.64389801, 118.07346344, 118.514648438, 118.932601929, 119.350563049, 119.76852417, 120.186485291, 120.604438782, 121.034011841, 121.463577271, 121.904762268, 122.322715759, 122.74067688, 123.158638, 123.576599121, 123.994552612, 124.412513733, 124.853691101, 125.294876099, 125.724441528, 126.142402649, 126.548751831, 126.966712952, 127.384666443, 127.82585144, 128.267028809, 128.708206177, 129.126159668, 129.544128418, 129.962081909, 130.3800354, 130.79800415, 131.22756958, 131.65713501, 132.098312378, 132.516281128, 132.934234619, 133.363800049, 133.793380737, 134.211334229, 134.640899658, 135.070480347, 135.511657715, 135.929611206, 136.347564697, 136.765533447, 137.183486938, 137.601455688, 138.01940918, 138.460586548, 138.901763916, 139.319732666, 139.737686157, 140.155639648, 140.573608398, 140.99156189, 141.421127319, 141.850692749, 142.291885376, 142.698226929, 143.10458374, 143.522537231, 143.940490723, 144.358459473, 144.776412964, 145.205978394, 145.635559082, 146.053512573, 146.471466064, 146.889434814, 147.307388306, 147.725341797, 148.166534424, 148.584487915, 149.025665283, 149.443618774, 149.861587524, 150.279541016, 150.697509766, 151.127075195, 151.556640625, 151.997817993, 152.438995361, 152.845352173, 153.251693726, 153.669662476, 154.087615967, 154.505569458, 154.935150146, 155.364715576, 155.805892944, 156.223846436, 156.630203247, 157.0365448, 157.45451355, 157.872467041, 158.302032471, 158.731613159, 159.172790527, 159.590744019, 160.00869751, 160.415054321, 160.844619751, 161.274185181, 161.692153931, 162.12171936, 162.562896729, 162.980865479, 163.39881897, 163.816772461, 164.234741211, 164.652694702, 165.082260132, 165.5234375, 165.953018188, 166.37097168, 166.788925171, 167.218505859, 167.648071289, 168.06602478, 168.48399353, 168.91355896, 169.34312439, 169.761077881, 170.179046631, 170.597000122, 171.014968872, 171.432922363, 171.850875854, 172.268844604, 172.686798096, 173.104751587, 173.522720337, 173.940673828, 174.358642578, 174.776596069, 175.206161499, 175.647338867, 176.100128174, 176.55291748, 177.005706787, 177.458496094, 177.9112854, 178.375686646], "danceability": 1.04268658161, "bpm_histogram_second_peak_spread": {"dvar": 0, "var": 0, "median": 0.157894715667, "max": 0.157894715667, "dmean": 0, "dmean2": 0, "mean": 0.157894715667, "dvar2": 0, "min": 0.157894715667}}, "lowlevel": {"spectral_flux": {"dvar": 0.000746387871914, "var": 0.00204738113098, "median": 0.0560534782708, "max": 0.307263404131, "dmean": 0.019748903811, "dmean2": 0.0310414340347, "mean": 0.0671549588442, "dvar2": 0.00143736344762, "min": 6.52632739517e-11}, "spectral_rolloff": {"dvar": 531041.5625, "var": 2572771, "median": 839.794921875, "max": 19982.8125, "dmean": 410.537872314, "dmean2": 652.729064941, "mean": 1399.79699707, "dvar2": 1056119.25, "min": 86.1328125}, "barkbands_flatness_db": {"dvar": 0.000254797254456, "var": 0.00123937986791, "median": 0.112457029521, "max": 0.24974809587, "dmean": 0.0146910594776, "dmean2": 0.0219867862761, "mean": 0.11368932575, "dvar2": 0.000520524627063, "min": 0.0217092819512}, "spectral_centroid": {"dvar": 86235.3828125, "var": 393823.375, "median": 1321.5480957, "max": 11350.1328125, "dmean": 227.193145752, "dmean2": 339.399810791, "mean": 1432.54003906, "dvar2": 163793.0625, "min": 290.040802002}, "melbands_skewness": {"dvar": 0.503399729729, "var": 2.90276551247, "median": 2.80005455017, "max": 12.1796541214, "dmean": 0.58079791069, "dmean2": 0.853125691414, "mean": 3.15136218071, "dvar2": 1.03194308281, "min": -1.67013335228}, "melbands": {"dvar": [2.43819499701e-06, 2.03587751457e-06, 2.70843679573e-06, 8.13362362351e-07, 1.60311472541e-07, 1.8468894325e-07, 3.06471463318e-07, 1.67354997416e-07, 5.77410901315e-08, 2.43588704762e-08, 1.47373180326e-08, 6.23466300809e-09, 4.21534940287e-09, 3.49533957333e-09, 1.91576376984e-09, 1.42690748106e-09, 2.10680317636e-09, 1.9509875937e-09, 5.59502177921e-09, 1.33169963945e-09, 2.29488095194e-09, 4.7037365114e-09, 3.87570697757e-10, 4.14407147487e-10, 2.01279187761e-10, 7.72724162434e-10, 5.027629979e-10, 5.24081125719e-11, 6.92660234725e-11, 2.42033337816e-11, 1.19846372409e-11, 1.0726243678e-11, 6.42928548941e-12, 4.88833669723e-12, 5.09367504772e-12, 4.12175068382e-12, 4.69898208885e-12, 3.19554127083e-12, 3.34136624619e-12, 1.48398860474e-12], "var": [3.90704644815e-06, 4.42924965682e-06, 2.66721553999e-06, 2.0593854515e-06, 3.3394599086e-07, 3.0285508501e-07, 9.7767178886e-07, 7.89276782598e-07, 2.66415838723e-07, 1.23109543892e-07, 6.37065937781e-08, 2.14535109677e-08, 1.13024221093e-08, 8.30338642288e-09, 7.02593005997e-09, 4.72173500299e-09, 7.61286589324e-09, 6.2583604965e-09, 1.90952729184e-08, 3.97403532304e-09, 5.80657166793e-09, 1.11185167739e-08, 1.03676278673e-09, 1.20942733606e-09, 4.39216774062e-10, 1.52668866438e-09, 7.80551401292e-10, 1.2411724426e-10, 1.27798105432e-10, 4.53487941643e-11, 2.03912563917e-11, 2.30320970629e-11, 1.02698891058e-11, 8.35194066684e-12, 1.16826305574e-11, 1.08001680516e-11, 1.47681467749e-11, 1.20013764551e-11, 1.03907993321e-11, 4.89203382664e-12], "median": [0.000949037726969, 0.000859827676322, 0.000535068393219, 0.000471558450954, 0.000244456226937, 0.000173220323632, 0.000226116622798, 7.45791112422e-05, 8.86674315552e-05, 2.38063385041e-05, 1.33847643156e-05, 1.30779662868e-05, 1.52153743329e-05, 1.19316182463e-05, 1.06904981294e-05, 1.76527064468e-05, 1.99998085009e-05, 1.56582682393e-05, 1.61707212101e-05, 1.32462891997e-05, 1.1559084669e-05, 7.00430882716e-06, 5.59749923923e-06, 8.64086814545e-06, 5.23247626916e-06, 8.98001417227e-06, 7.14238467481e-06, 4.16246757595e-06, 3.61466209142e-06, 3.14559542858e-06, 2.18565514842e-06, 1.46521711031e-06, 1.41947191423e-06, 1.54870531333e-06, 2.11865790334e-06, 8.17373290829e-07, 5.95536334913e-07, 3.64972635225e-07, 2.68128786729e-07, 2.81480282638e-07], "max": [0.0227469783276, 0.0172283984721, 0.0220004636794, 0.0150678222999, 0.00706553971395, 0.00655232742429, 0.00984894763678, 0.0115807335824, 0.00691095646471, 0.00395495491102, 0.00281397998333, 0.00203062407672, 0.00173163891304, 0.00174236437306, 0.00154845253564, 0.00110055948608, 0.00168148207013, 0.00160481734201, 0.00397690339014, 0.00175934727304, 0.00177765451372, 0.00248846341856, 0.000672394991852, 0.000672274443787, 0.000427712220699, 0.00138511706609, 0.00157473539002, 0.000222695016419, 0.000203867544769, 0.00011051617912, 9.66089719441e-05, 9.48057713686e-05, 3.85671555705e-05, 4.0497212467e-05, 6.33599775028e-05, 6.53722818242e-05, 0.000110424181912, 7.51258194214e-05, 6.62549791741e-05, 4.15816066379e-05], "dmean": [0.000797876156867, 0.000711382948793, 0.000633405405097, 0.000511778285727, 0.000201549439225, 0.000177968962817, 0.000269858894171, 0.000154946857947, 0.000104775157524, 6.27388362773e-05, 4.86936587549e-05, 2.7983704058e-05, 2.27867021749e-05, 2.01183356694e-05, 1.66648605955e-05, 1.64482426044e-05, 2.02064875339e-05, 1.60526597028e-05, 1.90755890799e-05, 1.50521209434e-05, 1.31753877213e-05, 1.49061879711e-05, 6.63588889438e-06, 7.99899953563e-06, 4.99711677548e-06, 7.74532782088e-06, 6.00808743911e-06, 3.14143926516e-06, 3.45470675711e-06, 2.19531557377e-06, 1.6349258658e-06, 1.36543394547e-06, 1.0963844943e-06, 1.09209486254e-06, 1.3774611034e-06, 7.14172585958e-07, 5.48793366306e-07, 3.99699587206e-07, 3.53348895032e-07, 2.72323262607e-07], "dmean2": [0.00128549139481, 0.0011019645026, 0.00106515432708, 0.000818531843834, 0.000324137159623, 0.000282057793811, 0.000397002761019, 0.000220599162276, 0.000147175873281, 9.04871922103e-05, 7.21737596905e-05, 4.33227651229e-05, 3.60379890481e-05, 3.27464404108e-05, 2.55073100561e-05, 2.51166711678e-05, 3.10230534524e-05, 2.40095105255e-05, 3.14303870255e-05, 2.50901284744e-05, 2.13748571696e-05, 2.3454440452e-05, 1.08546264528e-05, 1.31475499074e-05, 8.13730366644e-06, 1.24906218844e-05, 9.62656758929e-06, 4.94399910167e-06, 5.62302284379e-06, 3.48723551724e-06, 2.59093621935e-06, 2.14403598875e-06, 1.73827652361e-06, 1.74405136022e-06, 2.17314709516e-06, 1.08859171633e-06, 8.27134954307e-07, 5.70797453747e-07, 5.12078770498e-07, 3.97074813918e-07], "mean": [0.00160502793733, 0.00172142009251, 0.0010668678442, 0.00105329276994, 0.000418256706325, 0.000344603147823, 0.000575679005124, 0.000341907405527, 0.000252097583143, 0.000150940861204, 0.000102321864688, 5.38007989235e-05, 4.40601033915e-05, 3.71458700101e-05, 3.48274115822e-05, 3.59795267286e-05, 4.2900974222e-05, 3.53345458279e-05, 4.09194435633e-05, 2.89330073429e-05, 2.68261464953e-05, 2.76701612165e-05, 1.25545684568e-05, 1.5563577108e-05, 9.46412637859e-06, 1.59622322826e-05, 1.2365706425e-05, 6.52056951367e-06, 6.62151433062e-06, 4.94576897836e-06, 3.35126378559e-06, 2.81742381958e-06, 2.32755337493e-06, 2.31562239605e-06, 3.05277717416e-06, 1.49808522565e-06, 1.17602053251e-06, 8.52119683259e-07, 6.9806077363e-07, 5.90535591982e-07], "dvar2": [6.31666807749e-06, 4.83716939925e-06, 7.45892839404e-06, 2.11707538256e-06, 4.01019860874e-07, 4.75620396401e-07, 6.49668493224e-07, 3.07942173094e-07, 1.03773977855e-07, 4.47660042369e-08, 3.0681931662e-08, 1.40697409279e-08, 9.98443905331e-09, 8.59742232961e-09, 4.18611945108e-09, 2.94196023098e-09, 4.62774085719e-09, 3.64040442236e-09, 1.51767736156e-08, 3.33867467006e-09, 6.04351235722e-09, 1.1298985747e-08, 9.04658625789e-10, 1.01176411693e-09, 5.113710011e-10, 1.76567216403e-09, 1.11247988599e-09, 1.14673652518e-10, 1.75400138858e-10, 5.59836933756e-11, 2.68909009643e-11, 2.51819710917e-11, 1.52037497175e-11, 1.14178562438e-11, 1.17185245882e-11, 8.74851666804e-12, 8.93880629238e-12, 5.2666174373e-12, 6.62828516032e-12, 2.68008141721e-12], "min": [5.81525500692e-24, 4.16996607665e-24, 8.08174428991e-24, 3.17727672694e-24, 5.45469508613e-24, 6.86455242354e-24, 5.20467035539e-24, 6.88898581236e-24, 7.68194958315e-24, 7.87984086325e-24, 8.54500364537e-24, 3.43960788502e-24, 6.11361403419e-24, 5.47778149496e-24, 4.44097726849e-24, 3.8548315278e-24, 5.28583112633e-24, 2.95966609358e-24, 3.73760758615e-24, 8.36082750096e-24, 7.12548236744e-24, 5.1201155104e-24, 5.00887507871e-24, 5.28549822703e-24, 5.37476927694e-24, 5.1918399272e-24, 1.12301039399e-23, 1.10557751461e-23, 7.39372189649e-24, 4.46833299253e-24, 6.79676718368e-24, 8.04815301485e-24, 9.43484111304e-24, 9.02044301319e-24, 9.91010377602e-24, 9.74700757273e-24, 1.01741812749e-23, 1.02707141839e-23, 1.03875397508e-23, 9.06974524205e-24]}, "spectral_decrease": {"dvar": 6.60007079884e-18, "var": 2.23135709093e-17, "median": -5.95325033714e-09, "max": 1.52576423741e-19, "dmean": 1.72074232641e-09, "dmean2": 2.56977483737e-09, "mean": -6.79365186329e-09, "dvar2": 1.4614926502e-17, "min": -3.01143323611e-08}, "barkbands_kurtosis": {"dvar": 17.0228309631, "var": 46.3984107971, "median": 2.54723572731, "max": 64.2186126709, "dmean": 2.33189964294, "dmean2": 3.54809856415, "mean": 4.58419847488, "dvar2": 39.4342575073, "min": -1.85196614265}, "silence_rate_30dB": {"dvar": 0, "var": 0, "median": 1, "max": 1, "dmean": 0, "dmean2": 0, "mean": 1, "dvar2": 0, "min": 1}, "gfcc": {"mean": [-2.64123368263, 85.0110015869, -110.649024963, 48.0974617004, -58.760219574, 12.6533203125, -43.0069465637, 8.82494926453, -19.6865024567, 10.6566724777, -13.9619016647, 0.269035041332, -14.1769800186], "cov": [[13977.6318359, 1032.6427002, -573.054992676, 510.157287598, -709.41619873, 288.170684814, -53.3628616333, 133.416290283, -82.4784164429, 40.027141571, -44.0176734924, -242.040527344, -33.7257347107], [1032.6427002, 543.821472168, 14.1558294296, -39.1393470764, 35.5315170288, 21.8002147675, 54.0420875549, 3.72610855103, 38.8186950684, -33.4253349304, -0.0310005862266, -48.626285553, 3.64261651039], [-573.054992676, 14.1558294296, 416.912506104, 166.891937256, 86.9402542114, 58.964881897, 56.0657958984, -10.0575857162, -19.5696277618, 18.5815525055, 12.6812076569, -10.7300214767, -14.7323904037], [510.157287598, -39.1393470764, 166.891937256, 312.085418701, 103.385345459, 65.935836792, 9.6655216217, -1.3290065527, -6.32434177399, 29.679101944, 17.2008991241, 14.8559932709, -6.62119531631], [-709.41619873, 35.5315170288, 86.9402542114, 103.385345459, 280.33203125, 43.0380058289, 8.35749912262, 11.1850013733, 31.694934845, 2.44928312302, 20.9111690521, 40.4688148499, 12.2344741821], [288.170684814, 21.8002147675, 58.964881897, 65.935836792, 43.0380058289, 107.512901306, 57.5540351868, 13.2970199585, -11.0473804474, 3.29203391075, 8.27141666412, -6.12715673447, -2.10250878334], [-53.3628616333, 54.0420875549, 56.0657958984, 9.6655216217, 8.35749912262, 57.5540351868, 122.1300354, 33.7934494019, 1.28700840473, -8.65359592438, 4.6321182251, -8.45842266083, -5.86323833466], [133.416290283, 3.72610855103, -10.0575857162, -1.3290065527, 11.1850013733, 13.2970199585, 33.7934494019, 74.5562133789, 33.600944519, 10.1673746109, 6.25746774673, 1.39459681511, 1.92914581299], [-82.4784164429, 38.8186950684, -19.5696277618, -6.32434177399, 31.694934845, -11.0473804474, 1.28700840473, 33.600944519, 71.8924789429, 30.27293396, 9.0725107193, 5.2584695816, 3.28606081009], [40.027141571, -33.4253349304, 18.5815525055, 29.679101944, 2.44928312302, 3.29203391075, -8.65359592438, 10.1673746109, 30.27293396, 72.2409515381, 30.577835083, 12.4973897934, -0.641714274883], [-44.0176734924, -0.0310005862266, 12.6812076569, 17.2008991241, 20.9111690521, 8.27141666412, 4.6321182251, 6.25746774673, 9.0725107193, 30.577835083, 59.7055206299, 34.5283317566, 7.70490646362], [-242.040527344, -48.626285553, -10.7300214767, 14.8559932709, 40.4688148499, -6.12715673447, -8.45842266083, 1.39459681511, 5.2584695816, 12.4973897934, 34.5283317566, 78.5147323608, 24.5970668793], [-33.7257347107, 3.64261651039, -14.7323904037, -6.62119531631, 12.2344741821, -2.10250878334, -5.86323833466, 1.92914581299, 3.28606081009, -0.641714274883, 7.70490646362, 24.5970668793, 41.8218536377]], "icov": [[0.000346753222402, -0.00103811209556, 0.00081471062731, -0.00127005588729, 0.00126920582261, -0.00121365452651, 0.00115962291602, -0.00147367129102, 0.00122316880152, -0.000676490017213, 0.000377151009161, 1.87099885807e-05, 6.72361566103e-05], [-0.00103811209556, 0.005695191212, -0.0025091744028, 0.00399614544585, -0.00402314262465, 0.00338137126528, -0.004476103466, 0.00597764644772, -0.00663789222017, 0.00456321565434, -0.0033890332561, 0.00265048583969, -0.00148368312512], [0.00081471062731, -0.0025091744028, 0.0055188476108, -0.00455106981099, 0.0020526885055, -0.00223336950876, 0.000738138332963, -0.00257894070819, 0.00441566994414, -0.00301506044343, 0.000642931903712, 0.00125484028831, 0.000359110621503], [-0.00127005588729, 0.00399614544585, -0.00455106981099, 0.00978399813175, -0.00575081724674, 0.00188192655332, -0.00280903535895, 0.00504303630441, -0.00367793859914, 0.000786087242886, -0.000707842991687, -0.000994143541902, 0.000740213028621], [0.00126920582261, -0.00402314262465, 0.0020526885055, -0.00575081724674, 0.0101778628305, -0.00687566120178, 0.00557661429048, -0.00490684341639, 0.000129201973323, 0.000671252433676, 0.000916614197195, -0.00296317995526, 0.00044567079749], [-0.00121365452651, 0.00338137126528, -0.00223336950876, 0.00188192655332, -0.00687566120178, 0.0208310838789, -0.0114165302366, 0.00387512822635, 0.0014453131007, -0.000757611298468, -0.00243790424429, 0.00331956217997, -0.00211109290831], [0.00115962291602, -0.004476103466, 0.000738138332963, -0.00280903535895, 0.00557661429048, -0.0114165302366, 0.0186232551932, -0.010969588533, 0.00386087386869, 0.000880219740793, 0.000321998668369, -0.00147451343946, 0.00256992364302], [-0.00147367129102, 0.00597764644772, -0.00257894070819, 0.00504303630441, -0.00490684341639, 0.00387512822635, -0.010969588533, 0.0277750641108, -0.0170192625374, 0.00534020690247, -0.00362405576743, 0.00144786713645, -0.00177262176294], [0.00122316880152, -0.00663789222017, 0.00441566994414, -0.00367793859914, 0.000129201973323, 0.0014453131007, 0.00386087386869, -0.0170192625374, 0.0344860479236, -0.0176372695714, 0.00640009250492, -0.000627386325505, 0.000108530002763], [-0.000676490017213, 0.00456321565434, -0.00301506044343, 0.000786087242886, 0.000671252433676, -0.000757611298468, 0.000880219740793, 0.00534020690247, -0.0176372695714, 0.029356693849, -0.0147544648498, 0.00250821583904, 0.000841306115035], [0.000377151009161, -0.0033890332561, 0.000642931903712, -0.000707842991687, 0.000916614197195, -0.00243790424429, 0.000321998668369, -0.00362405576743, 0.00640009250492, -0.0147544648498, 0.0319066233933, -0.0140821700916, 0.00221014558338], [1.87099885807e-05, 0.00265048583969, 0.00125484028831, -0.000994143541902, -0.00296317995526, 0.00331956217997, -0.00147451343946, 0.00144786713645, -0.000627386325505, 0.00250821583904, -0.0140821700916, 0.025905944407, -0.0117250364274], [6.72361566103e-05, -0.00148368312512, 0.000359110621503, 0.000740213028621, 0.00044567079749, -0.00211109290831, 0.00256992364302, -0.00177262176294, 0.000108530002763, 0.000841306115035, 0.00221014558338, -0.0117250364274, 0.0310367904603]]}, "silence_rate_20dB": {"dvar": 0, "var": 0, "median": 1, "max": 1, "dmean": 0, "dmean2": 0, "mean": 1, "dvar2": 0, "min": 1}, "barkbands_skewness": {"dvar": 0.260539591312, "var": 1.35965967178, "median": 1.64714896679, "max": 7.26066303253, "dmean": 0.423136889935, "dmean2": 0.619764983654, "mean": 1.777531147, "dvar2": 0.527086496353, "min": -2.14734816551}, "erbbands_skewness": {"dvar": 0.0733384713531, "var": 0.482979744673, "median": 0.143512099981, "max": 2.57165694237, "dmean": 0.271208524704, "dmean2": 0.41025865078, "mean": 0.152144506574, "dvar2": 0.168386399746, "min": -3.23469829559}, "spectral_contrast_valleys": {"dvar": [0.108860559762, 0.125641360879, 0.107963763177, 0.0854578986764, 0.0595407523215, 0.050666641444], "var": [1.84473145008, 1.55330443382, 1.49163401127, 1.38335084915, 1.35997951031, 1.29789733887], "median": [-6.79844331741, -6.762114048, -7.60929679871, -7.71598577499, -7.33823251724, -9.85706710815], "max": [-5.25605010986, -4.27692842484, -5.43023300171, -5.76798295975, -5.70574092865, -7.37831687927], "dmean": [0.331924408674, 0.3423165977, 0.307287335396, 0.251692712307, 0.186821863055, 0.154640883207], "dmean2": [0.524673163891, 0.560960114002, 0.499920576811, 0.408689558506, 0.293530493975, 0.221903279424], "mean": [-7.12700891495, -6.94877386093, -7.76863956451, -7.88559579849, -7.53405570984, -10.0322599411], "dvar2": [0.210691660643, 0.271269083023, 0.227203160524, 0.170190438628, 0.0916804596782, 0.0680601373315], "min": [-27.3500804901, -27.6571083069, -27.3813858032, -27.5073337555, -27.3697681427, -27.27044487]}, "spectral_strongpeak": {"dvar": 0.823862731457, "var": 1.72609913349, "median": 0.405655056238, "max": 15.8250732422, "dmean": 0.400276988745, "dmean2": 0.670580863953, "mean": 0.842815279961, "dvar2": 2.08914732933, "min": 0}, "erbbands_crest": {"dvar": 3.62653303146, "var": 13.2817468643, "median": 6.85285568237, "max": 29.8266162872, "dmean": 1.86139237881, "dmean2": 2.95984959602, "mean": 7.81578779221, "dvar2": 8.95324230194, "min": 2.32677435875}, "barkbands_crest": {"dvar": 3.4326236248, "var": 10.806096077, "median": 8.66590213776, "max": 22.8934440613, "dmean": 1.92628777027, "dmean2": 3.00020980835, "mean": 9.16213512421, "dvar2": 8.62188339233, "min": 2.3912756443}, "spectral_energyband_middle_low": {"dvar": 6.60250734654e-05, "var": 0.000165642850334, "median": 0.00866913795471, "max": 0.0820128843188, "dmean": 0.00471969088539, "dmean2": 0.00735641503707, "mean": 0.0133783733472, "dvar2": 0.000174533241079, "min": 2.42584977236e-22}, "spectral_contrast_coeffs": {"dvar": [0.00184504606295, 0.00122329476289, 0.00069236435229, 0.000505461182911, 0.000253433448961, 0.000144749195897], "var": [0.0063054272905, 0.00532470270991, 0.00419731205329, 0.00217627803795, 0.00144623219967, 0.00104341516271], "median": [-0.657708764076, -0.703496754169, -0.787551879883, -0.765183925629, -0.783987820148, -0.75452041626], "max": [-0.318043470383, -0.414080709219, -0.483009159565, -0.526275873184, -0.585087180138, -0.607182919979], "dmean": [0.0458425059915, 0.0409402027726, 0.0320189297199, 0.026880197227, 0.0193929690868, 0.0135048469529], "dmean2": [0.0751359015703, 0.0656632184982, 0.0513910986483, 0.0439468808472, 0.0320178493857, 0.0221518315375], "mean": [-0.65436565876, -0.700010895729, -0.775543987751, -0.764939844608, -0.782074093819, -0.756930112839], "dvar2": [0.00496446248144, 0.00309459911659, 0.00171211769339, 0.00126164022367, 0.000642980565317, 0.000350388785591], "min": [-0.965408504009, -0.986975193024, -0.968468546867, -0.970794379711, -0.964051961899, -0.963518381119]}, "hfc": {"dvar": 61.8098983765, "var": 274.403167725, "median": 12.8371887207, "max": 244.881942749, "dmean": 4.13731956482, "dmean2": 5.99647760391, "mean": 17.8290977478, "dvar2": 127.009986877, "min": 1.12458936516e-16}, "spectral_energyband_high": {"dvar": 3.99829104936e-07, "var": 1.30356897898e-06, "median": 0.000499394664075, "max": 0.0158263631165, "dmean": 0.000250976678217, "dmean2": 0.000367574393749, "mean": 0.00075337063754, "dvar2": 7.31752606953e-07, "min": 7.5195241325e-21}, "erbbands_spread": {"dvar": 44.8928718567, "var": 308.302764893, "median": 49.3173103333, "max": 106.088699341, "dmean": 6.32111930847, "dmean2": 9.55643844604, "mean": 49.1426811218, "dvar2": 100.858276367, "min": 5.69072914124}, "dissonance": {"dvar": 0.000147911705426, "var": 0.000375982664991, "median": 0.473316788673, "max": 0.499999970198, "dmean": 0.0122882630676, "dmean2": 0.0203915983438, "mean": 0.469400852919, "dvar2": 0.000392515677959, "min": 0.339547842741}, "spectral_kurtosis": {"dvar": 0.554409980774, "var": 2.28464484215, "median": 2.81982898712, "max": 12.6559314728, "dmean": 0.769699215889, "dmean2": 1.30747139454, "mean": 3.1433596611, "dvar2": 1.63086557388, "min": -1.21346068382}, "spectral_skewness": {"dvar": 0.0126146348193, "var": 0.0808055028319, "median": 1.29780972004, "max": 2.5947022438, "dmean": 0.125687345862, "dmean2": 0.202189102769, "mean": 1.31868219376, "dvar2": 0.032280344516, "min": -0.0346234478056}, "pitch_salience": {"dvar": 0.00312986504287, "var": 0.0105799455196, "median": 0.57066398859, "max": 0.950421094894, "dmean": 0.0579400993884, "dmean2": 0.0930305048823, "mean": 0.561323285103, "dvar2": 0.00835161656141, "min": 0.211083605886}, "spectral_complexity": {"dvar": 14.4575462341, "var": 73.2865066528, "median": 18, "max": 54, "dmean": 3.08279252052, "dmean2": 4.88384151459, "mean": 18.2355003357, "dvar2": 28.8635883331, "min": 0}, "spectral_spread": {"dvar": 362762665984, "var": 1207543398400.0, "median": 4882201, "max": 40999244, "dmean": 301998.84375, "dmean2": 482223.46875, "mean": 4885226, "dvar2": 645921505280, "min": 2281224.75}, "dynamic_complexity": 4.34408664703, "melbands_crest": {"dvar": 6.81601762772, "var": 21.0967731476, "median": 12.8784475327, "max": 32.6593399048, "dmean": 2.67305731773, "dmean2": 4.27720499039, "mean": 13.4569120407, "dvar2": 16.9342575073, "min": 1.7504338026}, "zerocrossingrate": {"dvar": 0.000130116837681, "var": 0.00149117258843, "median": 0.0556640625, "max": 0.5263671875, "dmean": 0.00907926820219, "dmean2": 0.0105233639479, "mean": 0.0625587329268, "dvar2": 0.000163227407029, "min": 0.00830078125}, "spectral_energyband_low": {"dvar": 4.82175491925e-05, "var": 0.000126071128761, "median": 0.00633428711444, "max": 0.0856922864914, "dmean": 0.0038513308391, "dmean2": 0.00570738315582, "mean": 0.0102754784748, "dvar2": 0.000105895152956, "min": 3.73297216058e-23}, "melbands_kurtosis": {"dvar": 125.625732422, "var": 404.748321533, "median": 10.4029140472, "max": 202.339324951, "dmean": 6.32153940201, "dmean2": 9.55038833618, "mean": 17.3966770172, "dvar2": 287.439727783, "min": -1.73294115067}, "spectral_energyband_middle_high": {"dvar": 4.5745987336e-06, "var": 2.65544858848e-05, "median": 0.0021403809078, "max": 0.0575179047883, "dmean": 0.00113151944242, "dmean2": 0.00172109226696, "mean": 0.00394244818017, "dvar2": 1.06753623186e-05, "min": 1.1680264828e-21}, "barkbands_spread": {"dvar": 34.7472419739, "var": 169.629699707, "median": 21.4520130157, "max": 101.739456177, "dmean": 4.71654748917, "dmean2": 7.06754255295, "mean": 24.125743866, "dvar2": 70.6693725586, "min": 3.23208761215}, "mfcc": {"mean": [-640.272338867, 106.479873657, 7.03674888611, 34.0763702393, 7.77855968475, 8.19583129883, -6.16761541367, -1.83195197582, -4.93565416336, 7.8335852623, 1.14172530174, 1.14284408092, 3.4399664402], "cov": [[9709.34472656, 1038.85705566, -28.8112716675, 180.318847656, -258.234039307, 33.8198432922, -25.1500911713, -8.32525920868, -42.3223266602, 193.579971313, -10.0731678009, -14.7230587006, -70.1597137451], [1038.85705566, 651.847167969, -23.334438324, -7.92347669601, 6.04044342041, 10.6497964859, -1.63025057316, 35.2366981506, 22.2238292694, 36.2199935913, 12.0967006683, 3.80305099487, -11.6905527115], [-28.8112716675, -23.334438324, 315.559875488, 91.4219207764, -5.74048948288, 59.3425445557, 68.6741256714, -3.73091959953, -0.426718771458, 21.8677120209, 9.71797943115, 3.03113532066, -9.52685070038], [180.318847656, -7.92347669601, 91.4219207764, 225.6512146, 123.359016418, 74.5559387207, 25.3746604919, 12.9784803391, 4.92258453369, 1.21164560318, 13.7447566986, 4.48067903519, 25.8859844208], [-258.234039307, 6.04044342041, -5.74048948288, 123.359016418, 216.894073486, 65.4559555054, 13.4724121094, 13.057346344, 11.0077533722, -7.43620681763, 3.80294466019, 0.827891588211, 31.1353397369], [33.8198432922, 10.6497964859, 59.3425445557, 74.5559387207, 65.4559555054, 117.065681458, 58.1699752808, 17.2132148743, 2.42350077629, 2.89706945419, 7.84693050385, -2.07736754417, 5.14022779465], [-25.1500911713, -1.63025057316, 68.6741256714, 25.3746604919, 13.4724121094, 58.1699752808, 111.471115112, 46.3813400269, 10.6512413025, 6.83987808228, 7.68525791168, 4.76241064072, -3.46183800697], [-8.32525920868, 35.2366981506, -3.73091959953, 12.9784803391, 13.057346344, 17.2132148743, 46.3813400269, 83.070854187, 29.6414985657, -3.94097685814, 6.96769189835, 3.35393095016, 0.306230783463], [-42.3223266602, 22.2238292694, -0.426718771458, 4.92258453369, 11.0077533722, 2.42350077629, 10.6512413025, 29.6414985657, 63.0948677063, 24.9592571259, 8.37205123901, 3.50998091698, -3.45533370972], [193.579971313, 36.2199935913, 21.8677120209, 1.21164560318, -7.43620681763, 2.89706945419, 6.83987808228, -3.94097685814, 24.9592571259, 71.7422714233, 28.2813472748, -0.183616295457, -12.5476198196], [-10.0731678009, 12.0967006683, 9.71797943115, 13.7447566986, 3.80294466019, 7.84693050385, 7.68525791168, 6.96769189835, 8.37205123901, 28.2813472748, 54.7000312805, 20.2862148285, 2.71273350716], [-14.7230587006, 3.80305099487, 3.03113532066, 4.48067903519, 0.827891588211, -2.07736754417, 4.76241064072, 3.35393095016, 3.50998091698, -0.183616295457, 20.2862148285, 52.6022644043, 30.1178531647], [-70.1597137451, -11.6905527115, -9.52685070038, 25.8859844208, 31.1353397369, 5.14022779465, -3.46183800697, 0.306230783463, -3.45533370972, -12.5476198196, 2.71273350716, 30.1178531647, 62.5126838684]], "icov": [[0.000166824247572, -0.000246298935963, 0.000189511934877, -0.000471277366159, 0.000446709542302, -0.000117397496069, 4.25502330472e-05, -7.40927571314e-05, 0.000399647222366, -0.000649854773656, 0.000507464283146, -0.000215237276279, 0.000128414612846], [-0.000246298935963, 0.002040930558, -0.000203382223845, 0.000845471571665, -0.000750989886001, -0.000303620938212, 0.000715547765139, -0.00116271106526, -0.00019816357235, -0.00030962