{"metadata": {"version": {"essentia_git_sha": "v2.1_beta2", "essentia_build_sha": "70f2e5ece6736b2c40cc944ad0e695b16b925413", "extractor": "music 1.0", "essentia": "2.1-beta2"}, "audio_properties": {"analysis_sample_rate": 44100, "md5_encoded": "7c10bfcb8e474d21567441d197f1200d", "downmix": "mix", "sample_rate": 44100, "equal_loudness": 0, "lossless": false, "codec": "mp3", "bit_rate": 192000, "length": 285.100402832, "replay_gain": -13.8224582672}, "tags": {"album": ["Escape from Cape Coma"], "albumartist": ["Twisted Method"], "musicbrainz_recordingid": ["6a377965-7171-4644-b7be-fcc3caf5c635"], "file_name": "102743.mp3", "genre": ["Rock"], "artist": ["Twisted Method"], "tracknumber": ["12"], "date": ["2003"], "title": ["Newborn"]}}, "rhythm": {"beats_loudness": {"var": 0.000501163827721, "mean": 0.0438267663121, "dmean2": 0.034630484879, "dvar": 0.000313670490868, "dmean": 0.020297145471, "max": 0.101639047265, "min": 1.95745286646e-09, "median": 0.0407037772238, "dvar2": 0.000779088644776}, "beats_position": [0.592108845711, 1.20743763447, 1.82276642323, 2.43809509277, 3.06503391266, 3.69197273254, 4.33052158356, 4.94585037231, 5.5727891922, 6.19972801208, 6.83827638626, 7.47682523727, 8.10376358032, 8.73070240021, 9.35764122009, 9.98458003998, 10.6115188599, 11.2384576797, 11.8653964996, 12.4923353195, 13.1308841705, 13.7694330215, 14.3963718414, 15.0233106613, 15.6618595123, 16.2887973785, 16.9273471832, 17.5542850494, 18.181224823, 18.8081626892, 19.4467124939, 20.0852603912, 20.7121982574, 21.339138031, 21.9776859283, 22.6046257019, 23.2315635681, 23.8701133728, 24.497051239, 25.1356010437, 25.7625389099, 26.4010887146, 27.0280265808, 27.6549663544, 28.2819042206, 28.9204521179, 29.5590019226, 30.1975498199, 30.8128795624, 31.4398174286, 32.0551452637, 32.6820869446, 33.3206329346, 33.9591827393, 34.5977325439, 35.2246704102, 35.8516082764, 36.4785499573, 37.1170959473, 37.755645752, 38.3825836182, 39.0211334229, 39.6596832275, 40.2866210938, 40.91355896, 41.5404968262, 42.1790466309, 42.8175964355, 43.4445343018, 44.071472168, 44.6984100342, 45.3253517151, 45.9522895813, 46.5792274475, 47.2177772522, 47.8563270569, 48.4832649231, 49.1218147278, 49.748752594, 50.3873023987, 51.0142402649, 51.6411781311, 52.2797279358, 52.9182739258, 53.5452156067, 54.1721534729, 54.8107032776, 55.4492492676, 56.0761909485, 56.7031288147, 57.3416786194, 57.9686164856, 58.6071662903, 59.2341041565, 59.8610420227, 60.4879798889, 61.1149177551, 61.7534675598, 62.3920173645, 63.0189552307, 63.6458930969, 64.2844467163, 64.9229888916, 65.5499343872, 66.1768722534, 66.8038101196, 67.4423599243, 68.0809020996, 68.7078475952, 69.3347854614, 69.9733352661, 70.6002731323, 71.2272109985, 71.8657608032, 72.4926986694, 73.1196365356, 73.7581863403, 74.396736145, 75.0236740112, 75.6506118774, 76.2775497437, 76.9160995483, 77.554649353, 78.1815872192, 78.8085250854, 79.4354629517, 80.0740127563, 80.712562561, 81.3395004272, 81.9780502319, 82.6049880981, 83.2435379028, 83.870475769, 84.4974136353, 85.1243515015, 85.7512893677, 86.3782272339, 87.0167770386, 87.6553268433, 88.2822647095, 88.9092025757, 89.5477523804, 90.1863021851, 90.8132400513, 91.4401779175, 92.0671157837, 92.7056655884, 93.3326034546, 93.9595413208, 94.5980911255, 95.2250289917, 95.8519744873, 96.4905166626, 97.1290664673, 97.7560043335, 98.3829498291, 99.0098876953, 99.6484298706, 100.286979675, 100.913917542, 101.540863037, 102.167800903, 102.806350708, 103.444892883, 104.071838379, 104.698776245, 105.33732605, 105.975868225, 106.602806091, 107.229751587, 107.856689453, 108.483627319, 109.122177124, 109.760726929, 110.387664795, 111.014602661, 111.653152466, 112.291702271, 112.918640137, 113.545578003, 114.172515869, 114.811065674, 115.449615479, 116.076553345, 116.703491211, 117.330429077, 117.968978882, 118.607528687, 119.234466553, 119.861404419, 120.499954224, 121.12689209, 121.765441895, 122.392379761, 123.019317627, 123.646255493, 124.273193359, 124.900131226, 125.53868103, 126.177230835, 126.804168701, 127.431106567, 128.069656372, 128.708206177, 129.335144043, 129.962081909, 130.589019775, 131.215957642, 131.854507446, 132.493057251, 133.119995117, 133.746932983, 134.385482788, 135.024032593, 135.488433838, 135.964447021, 136.440444946, 136.91645813, 137.380859375, 137.856872559, 138.321273804, 138.797271729, 139.273284912, 139.760910034, 140.236907959, 140.701309204, 141.165710449, 141.641723633, 142.117736816, 142.593734741, 143.069747925, 143.545761108, 144.010162354, 144.486160278, 144.962173462, 145.438186646, 145.914199829, 146.390197754, 146.866210938, 147.342224121, 147.818222046, 148.294235229, 148.712203979, 149.130157471, 149.536499023, 149.954467773, 150.360809326, 150.767166138, 151.161895752, 151.556640625, 151.951385498, 152.346115112, 152.740859985, 153.135604858, 153.541946411, 153.948303223, 154.343032837, 154.749389648, 155.155731201, 155.562088013, 155.945205688, 156.339950562, 156.734695435, 157.129425049, 157.53578186, 157.930511475, 158.336868286, 158.743209839, 159.14956665, 159.544311523, 159.939041138, 160.345397949, 160.751739502, 161.146484375, 161.541213989, 161.935958862, 162.330703735, 162.737045288, 163.1434021, 163.538131714, 163.932876587, 164.339233398, 164.745574951, 165.140319824, 165.535049438, 165.929794312, 166.336135864, 166.742492676, 167.137237549, 167.543579102, 167.949935913, 168.344665527, 168.7394104, 169.134140015, 169.528884888, 169.935241699, 170.341583252, 170.747940063, 171.142669678, 171.549026489, 171.943756104, 172.338500977, 172.73324585, 173.139587402, 173.545944214, 173.952285767, 174.34703064, 174.753372192, 175.148117065, 175.54284668, 175.937591553, 176.332336426, 176.738677979, 177.14503479, 177.539764404, 177.946121216, 178.34085083, 178.747207642, 179.141952515, 179.536682129, 179.94303894, 180.349380493, 180.744125366, 181.138870239, 181.533599854, 181.939956665, 182.346298218, 182.741043091, 183.135772705, 183.542129517, 183.948471069, 184.343215942, 184.737960815, 185.13269043, 185.539047241, 185.945388794, 186.340133667, 186.74647522, 187.141220093, 187.547576904, 187.942306519, 188.337051392, 188.731781006, 189.126525879, 189.53288269, 189.939224243, 190.333969116, 190.740310669, 191.14666748, 191.541397095, 191.936141968, 192.342483521, 192.748840332, 193.155181885, 193.538314819, 193.944671631, 194.339401245, 194.745758057, 195.140487671, 195.535232544, 195.929977417, 196.324707031, 196.719451904, 197.125808716, 197.532150269, 197.93850708, 198.344848633, 198.739593506, 199.13432312, 199.529067993, 199.923812866, 200.31854248, 200.724899292, 201.131240845, 201.525985718, 201.920715332, 202.315460205, 202.721817017, 203.128158569, 203.522903442, 203.929244995, 204.335601807, 204.730331421, 205.136688232, 205.519821167, 205.92616272, 206.332519531, 206.738861084, 207.145217896, 207.53994751, 207.934692383, 208.329421997, 208.72416687, 209.130523682, 209.536865234, 209.931610107, 210.326339722, 210.732696533, 211.139038086, 211.533782959, 211.928527832, 212.334869385, 212.741226196, 213.135955811, 213.542312622, 213.948654175, 214.343399048, 214.738143921, 215.132873535, 215.539230347, 215.945571899, 216.340316772, 216.735046387, 217.12979126, 217.536148071, 217.942489624, 218.337234497, 218.731964111, 219.126708984, 219.533050537, 219.939407349, 220.334152222, 220.728881836, 221.123626709, 221.529968262, 221.936325073, 222.342666626, 222.749023438, 223.143753052, 223.538497925, 223.933242798, 224.316360474, 224.757553101, 225.198730469, 225.639907837, 226.092697144, 226.557098389, 227.021499634, 227.497497559, 227.973510742, 228.449523926, 228.925521851, 229.401535034, 229.877548218, 230.353561401, 230.829559326, 231.30557251, 231.781585693, 232.245986938, 232.710388184, 233.186386108, 233.662399292, 234.138412476, 234.6144104, 235.090423584, 235.566436768, 236.030838013, 236.506851196, 236.982849121, 237.458862305, 237.934875488, 238.410873413, 238.875274658, 239.351287842, 239.815689087, 240.291702271, 240.767700195, 241.243713379, 241.708114624, 242.184127808, 242.660125732, 243.136138916, 243.6121521, 244.088165283, 244.564163208, 245.040176392, 245.504577637, 245.98059082, 246.456588745, 246.92098999, 247.397003174, 247.861404419, 248.337417603, 248.813415527, 249.289428711, 249.753829956, 250.241439819, 250.717453003, 251.181854248, 251.657867432, 252.133865356, 252.60987854, 253.074279785, 253.550292969, 254.026306152, 254.513916016, 254.978317261, 255.454330444, 255.930328369, 256.406341553, 256.870758057, 257.346740723, 257.811157227, 258.28717041, 258.763183594, 259.23916626, 259.715179443, 260.179595947, 260.655609131, 261.131591797, 261.60760498, 262.083618164, 262.559631348, 263.035644531, 263.500030518, 263.976043701, 264.452056885, 264.928070068, 265.404083252, 265.891693115, 266.332885742, 266.762451172, 267.192016602, 267.621582031, 268.062774658, 268.480712891, 268.898681641, 269.305023193, 269.699768066, 270.106109619, 270.512481689, 270.907196045, 271.301940918, 271.708282471, 272.114654541, 272.509368896, 272.90411377, 273.298858643, 273.705200195, 274.099945068, 274.506286621, 274.912658691, 275.307373047, 275.713745117, 276.10848999, 276.503204346, 276.897949219, 277.304290771, 277.710662842, 278.128601074, 278.546569824, 278.964538574, 279.370880127, 279.753997803, 280.137145996, 280.520263672, 280.949829102, 281.379394531, 281.808959961, 282.238555908, 282.668121338, 283.097686768, 283.527252197, 283.945220947, 284.374786377], "bpm_histogram_first_peak_spread": {"var": 0, "mean": 0.417840361595, "dmean2": 0, "dvar": 0, "dmean": 0, "max": 0.417840361595, "min": 0.417840361595, "median": 0.417840361595, "dvar2": 0}, "danceability": 1.12810790539, "bpm_histogram_second_peak_weight": {"var": 0, "mean": 0.191489368677, "dmean2": 0, "dvar": 0, "dmean": 0, "max": 0.191489368677, "min": 0.191489368677, "median": 0.191489368677, "dvar2": 0}, "bpm_histogram_first_peak_weight": {"var": 0, "mean": 0.219858154655, "dmean2": 0, "dvar": 0, "dmean": 0, "max": 0.219858154655, "min": 0.219858154655, "median": 0.219858154655, "dvar2": 0}, "bpm": 95.075881958, "bpm_histogram_second_peak_spread": {"var": 0, "mean": 0.475728154182, "dmean2": 0, "dvar": 0, "dmean": 0, "max": 0.475728154182, "min": 0.475728154182, "median": 0.475728154182, "dvar2": 0}, "bpm_histogram_second_peak_bpm": {"var": 0, "mean": 152, "dmean2": 0, "dvar": 0, "dmean": 0, "max": 152, "min": 152, "median": 152, "dvar2": 0}, "beats_count": 565, "beats_loudness_band_ratio": {"var": [0.0866232290864, 0.0175439491868, 0.034427203238, 0.0150128807873, 0.00617705658078, 0.00225847703405], "mean": [0.438323527575, 0.139567479491, 0.204790621996, 0.137346923351, 0.0825151950121, 0.0454277805984], "dmean2": [0.47863650322, 0.216644138098, 0.241710633039, 0.18960557878, 0.120761170983, 0.0803064033389], "dvar": [0.0544660016894, 0.0140462331474, 0.0188534054905, 0.0112173734233, 0.00572373438627, 0.00234992895275], "dmean": [0.275068849325, 0.123707428575, 0.140110656619, 0.111433036625, 0.0677455961704, 0.0438279025257], "max": [0.951049625874, 0.769601881504, 0.795990645885, 0.632717788219, 0.559985935688, 0.343086063862], "min": [0.00228458479978, 0.00392452115193, 0.00650810264051, 0.00554079702124, 1.94489530259e-05, 7.37942036722e-06], "median": [0.380976289511, 0.099351041019, 0.137689784169, 0.097202591598, 0.059364721179, 0.0296417847276], "dvar2": [0.130221664906, 0.0391949899495, 0.052068207413, 0.0298321489245, 0.0150568401441, 0.0063216695562]}, "onset_rate": 3.77738571167, "bpm_histogram_first_peak_bpm": {"var": 0, "mean": 96, "dmean2": 0, "dvar": 0, "dmean": 0, "max": 96, "min": 96, "median": 96, "dvar2": 0}}, "lowlevel": {"hfc": {"var": 271.385467529, "mean": 25.4722537994, "dmean2": 11.8611068726, "dvar": 111.636703491, "dmean": 7.56540775299, "max": 184.934585571, "min": 1.10286138187e-16, "median": 23.0310287476, "dvar2": 257.518249512}, "barkbands_spread": {"var": 170.608764648, "mean": 23.0668621063, "dmean2": 8.728723526, "dvar": 45.0880775452, "dmean": 5.54808282852, "max": 121.494087219, "min": 2.013910532, "median": 21.277015686, "dvar2": 96.2571792603}, "spectral_spread": {"var": 5669894750210.0, "mean": 3906456, "dmean2": 576598.6875, "dvar": 519277346816, "dmean": 410262.5, "max": 41975364, "min": 330001.53125, "median": 3640266, "dvar2": 861809147904}, "spectral_energy": {"var": 0.000594386307057, "mean": 0.0338677167892, "dmean2": 0.0216238722205, "dvar": 0.000437043054262, "dmean": 0.0141064701602, "max": 0.171859592199, "min": 9.95699113756e-21, "median": 0.0276240631938, "dvar2": 0.00101170211565}, "gfcc": {"icov": [[0.000192056060769, -0.000395908398787, 0.000234836290474, -0.00038201425923, 0.000432320637628, -0.000345163774909, 0.000397714844439, -0.000497806526255, 0.000440941978013, -0.000599847582635, 0.00077802920714, -0.000519229564816, 0.000600582163315], [-0.000395908398787, 0.00233082822524, -0.000269265990937, 0.00120309763588, -0.00120708916802, 0.00151003908832, -0.00192834448535, 0.0014163433807, -0.00174960971344, 0.00268182973377, -0.00322996452451, 0.00270333467051, -0.00188625161536], [0.000234836290474, -0.000269265990937, 0.00206845859066, -9.55749419518e-05, -0.000203643910936, -0.00062852317933, 0.000793434854131, -0.00121415720787, 0.000582829350606, -0.000852675468195, 0.000662607490085, -0.000548949872609, 0.000608606322203], [-0.00038201425923, 0.00120309763588, -9.55749419518e-05, 0.0031353069935, -0.00203257775865, -9.13237963687e-05, -0.000434107816545, 0.000277422979707, -0.00148766860366, 0.00141812255606, -0.00131899374537, 0.000811865029391, -0.00169731734786], [0.000432320637628, -0.00120708916802, -0.000203643910936, -0.00203257775865, 0.00624762289226, -0.000591963063926, -0.000315948302159, -0.000671950634569, -0.000113911482913, -0.00145437638275, 0.00159905233886, -0.00337356887758, 0.00145250756759], [-0.000345163774909, 0.00151003908832, -0.00062852317933, -9.13237963687e-05, -0.000591963063926, 0.00631530443206, -0.00255334423855, -0.00104065181222, 0.00147818459664, 0.000154147026478, -0.00362574448809, 0.00150602054782, -0.00202853814699], [0.000397714844439, -0.00192834448535, 0.000793434854131, -0.000434107816545, -0.000315948302159, -0.00255334423855, 0.00841740425676, -0.00244474550709, -8.06457392173e-05, -0.000562335830182, 0.0012172521092, -0.00240270281211, 0.00212442572229], [-0.000497806526255, 0.0014163433807, -0.00121415720787, 0.000277422979707, -0.000671950634569, -0.00104065181222, -0.00244474550709, 0.0109281595796, -0.00435538450256, -0.00023712174152, 0.00184385175817, 0.000320530612953, -0.00148033176083], [0.000440941978013, -0.00174960971344, 0.000582829350606, -0.00148766860366, -0.000113911482913, 0.00147818459664, -8.06457392173e-05, -0.00435538450256, 0.0129171395674, -0.00636321119964, 0.00231000571512, 0.00157957919873, -0.000844375172164], [-0.000599847582635, 0.00268182973377, -0.000852675468195, 0.00141812255606, -0.00145437638275, 0.000154147026478, -0.000562335830182, -0.00023712174152, -0.00636321119964, 0.0171999242157, -0.00917664822191, 0.00276229041629, 0.00151387264486], [0.00077802920714, -0.00322996452451, 0.000662607490085, -0.00131899374537, 0.00159905233886, -0.00362574448809, 0.0012172521092, 0.00184385175817, 0.00231000571512, -0.00917664822191, 0.0202657841146, -0.00781566929072, -0.00034774991218], [-0.000519229564816, 0.00270333467051, -0.000548949872609, 0.000811865029391, -0.00337356887758, 0.00150602054782, -0.00240270281211, 0.000320530612953, 0.00157957919873, 0.00276229041629, -0.00781566929072, 0.0193107463419, -0.00454743532464], [0.000600582163315, -0.00188625161536, 0.000608606322203, -0.00169731734786, 0.00145250756759, -0.00202853814699, 0.00212442572229, -0.00148033176083, -0.000844375172164, 0.00151387264486, -0.00034774991218, -0.00454743532464, 0.0183404460549]], "mean": [11.3798732758, 98.9159317017, -129.435653687, 23.3355712891, -52.6702423096, 7.19865274429, -32.1421318054, 10.74305439, -24.1989059448, 1.21986448765, -18.3186912537, 0.919974923134, -14.7762622833], "cov": [[14417.3369141, 4.01100826263, -885.895568848, 1010.6708374, -452.947601318, 460.746246338, -173.493408203, 488.091552734, -112.072807312, 154.109039307, -300.692565918, -13.9498291016, -229.487960815], [4.01100826263, 1441.79699707, -198.943984985, -346.556762695, 13.1878681183, -275.27230835, 141.989181519, -163.823150635, 85.188331604, -120.908096313, 68.1548538208, -98.428527832, 52.3108711243], [-885.895568848, -198.943984985, 654.599853516, 23.3919754028, 87.8817825317, 79.9659118652, -7.81936693192, 69.7553253174, 7.21540737152, 43.3316116333, 13.3662538528, 27.557516098, 1.25408172607], [1010.6708374, -346.556762695, 23.3919754028, 651.69128418, 143.046783447, 166.849029541, 10.633887291, 121.515884399, 36.0764503479, 49.051410675, -7.38073968887, 51.2106781006, 16.6679325104], [-452.947601318, 13.1878681183, 87.8817825317, 143.046783447, 270.878112793, 37.6789169312, 59.7976608276, 30.1022319794, 39.459690094, 19.9665260315, 25.9447727203, 41.9166679382, 15.7821741104], [460.746246338, -275.27230835, 79.9659118652, 166.849029541, 37.6789169312, 312.801483154, 46.8286972046, 88.4830169678, -27.7102451324, 51.4959983826, 31.8053646088, 42.461566925, 8.32452011108], [-173.493408203, 141.989181519, -7.81936693192, 10.633887291, 59.7976608276, 46.8286972046, 184.901901245, 30.6723937988, 29.2603359222, 1.73403000832, 22.3225536346, 12.2871484756, 7.70340299606], [488.091552734, -163.823150635, 69.7553253174, 121.515884399, 30.1022319794, 88.4830169678, 30.6723937988, 180.096939087, 47.709651947, 44.0047035217, -25.566236496, 10.430434227, -4.8491435051], [-112.072807312, 85.188331604, 7.21540737152, 36.0764503479, 39.459690094, -27.7102451324, 29.2603359222, 47.709651947, 138.532440186, 39.3100280762, 0.59554451704, -19.1291236877, 8.20355987549], [154.109039307, -120.908096313, 43.3316116333, 49.051410675, 19.9665260315, 51.4959983826, 1.73403000832, 44.0047035217, 39.3100280762, 112.384132385, 29.9180469513, 9.30434036255, -11.5070533752], [-300.692565918, 68.1548538208, 13.3662538528, -7.38073968887, 25.9447727203, 31.8053646088, 22.3225536346, -25.566236496, 0.59554451704, 29.9180469513, 100.538246155, 29.214050293, 19.2509918213], [-13.9498291016, -98.428527832, 27.557516098, 51.2106781006, 41.9166679382, 42.461566925, 12.2871484756, 10.430434227, -19.1291236877, 9.30434036255, 29.214050293, 84.7457122803, 14.8715696335], [-229.487960815, 52.3108711243, 1.25408172607, 16.6679325104, 15.7821741104, 8.32452011108, 7.70340299606, -4.8491435051, 8.20355987549, -11.5070533752, 19.2509918213, 14.8715696335, 72.6870956421]]}, "silence_rate_60dB": {"var": 0.0287627447397, "mean": 0.029641693458, "dmean2": 0.0013031437993, "dvar": 0.000651145703159, "dmean": 0.000651518872473, "max": 1, "min": 0, "median": 0, "dvar2": 0.00146454374772}, "spectral_centroid": {"var": 501389.0625, "mean": 1478.0657959, "dmean2": 340.403778076, "dvar": 57482.0507812, "dmean": 213.305587769, "max": 11547.4638672, "min": 260.129211426, "median": 1452.9239502, "dvar2": 130875.296875}, "spectral_complexity": {"var": 105.472953796, "mean": 27.318567276, "dmean2": 6.86952257156, "dvar": 19.6850776672, "dmean": 4.3560552597, "max": 59, "min": 0, "median": 28, "dvar2": 43.2554321289}, "melbands_spread": {"var": 249.675567627, "mean": 27.0267868042, "dmean2": 11.2642850876, "dvar": 72.7702865601, "dmean": 7.2363910675, "max": 158.45866394, "min": 1.30947852135, "median": 24.6002922058, "dvar2": 158.579956055}, "spectral_strongpeak": {"var": 1.79416942596, "mean": 1.23993515968, "dmean2": 1.21971487999, "dvar": 0.934858322144, "dmean": 0.720870614052, "max": 10.6168165207, "min": 0, "median": 0.644216775894, "dvar2": 2.28069591522}, "zerocrossingrate": {"var": 0.00163683551364, "mean": 0.0616107545793, "dmean2": 0.0118952039629, "dvar": 0.000176124493009, "dmean": 0.0100541245192, "max": 0.5185546875, "min": 0.00537109375, "median": 0.05517578125, "dvar2": 0.000204025986022}, "erbbands_kurtosis": {"var": 2.17431235313, "mean": 0.325851917267, "dmean2": 1.16412842274, "dvar": 0.779431819916, "dmean": 0.733499705791, "max": 21.4171772003, "min": -1.63843822479, "median": -0.0285786390305, "dvar2": 1.82304382324}, "spectral_energyband_middle_low": {"var": 0.000142960881931, "mean": 0.0148484613746, "dmean2": 0.00925837177783, "dvar": 8.21757057565e-05, "dmean": 0.00581857096404, "max": 0.10624255985, "min": 2.17161416522e-22, "median": 0.011415801011, "dvar2": 0.000210234735277}, "erbbands": {"var": [0.383644878864, 12.4913301468, 29.9361209869, 18.4131069183, 222.773651123, 254.657180786, 239.130096436, 525.408691406, 989.268737793, 9405.18066406, 5201.26953125, 32721.0625, 5267.76367188, 4436.26757812, 4283.12890625, 2215.57202148, 9284.02832031, 2393.44897461, 2864.18408203, 6726.68164062, 1486.76672363, 1408.37512207, 821.454589844, 615.918518066, 353.429473877, 226.022613525, 100.424331665, 85.3311538696, 57.1344985962, 54.193862915, 53.1200866699, 45.673538208, 49.694683075, 21.830619812, 5.99781703949, 0.900613605976, 0.0430462472141, 0.0008718916215, 1.33289104269e-05, 6.02600813693e-09], "mean": [0.261907547712, 1.42353224754, 2.99526166916, 3.69543147087, 8.27209281921, 12.6933202744, 11.6301221848, 13.2225885391, 18.7693538666, 51.7849235535, 46.3749275208, 88.0418701172, 52.9907722473, 47.0910377502, 41.8288154602, 32.9477157593, 65.4558868408, 39.4309997559, 34.731136322, 37.0314216614, 27.7007579803, 33.4234199524, 29.3568782806, 28.2238540649, 18.2555179596, 12.5735139847, 7.56349515915, 6.79526233673, 5.1564912796, 3.9411046505, 2.55577993393, 1.89121568203, 1.5157096386, 0.990171551704, 0.478600174189, 0.211965754628, 0.0551512613893, 0.0103336237371, 0.000653801311273, 5.47047602595e-05], "dmean2": [0.439979612827, 2.91080093384, 5.0997838974, 4.48027658463, 11.9738416672, 14.6832809448, 11.2473106384, 13.4020442963, 18.6910629272, 44.0741348267, 37.5571746826, 60.3353118896, 44.6084403992, 40.5392379761, 37.7648925781, 26.7034130096, 52.3675613403, 35.4618110657, 32.5661468506, 36.0897445679, 23.5835361481, 27.1219463348, 22.5458011627, 20.8737258911, 15.7568540573, 11.890255928, 8.08504199982, 7.54946660995, 5.47273635864, 3.60525965691, 2.51408529282, 1.91566205025, 1.50369870663, 0.979243576527, 0.473644345999, 0.202758327127, 0.0534363240004, 0.0128622977063, 0.00113270489965, 4.09995882364e-05], "dvar": [0.376923114061, 17.270652771, 47.6145439148, 17.007232666, 294.064178467, 204.425476074, 155.039581299, 314.356842041, 567.661315918, 3280.28051758, 2336.72192383, 8912.64746094, 2367.24951172, 2023.83544922, 2008.73278809, 1066.43835449, 3720.31201172, 1330.63720703, 1666.11743164, 3599.26831055, 874.480651855, 716.249267578, 449.89175415, 305.454284668, 266.714538574, 178.362014771, 83.2440338135, 74.6667861938, 45.6971321106, 30.4255123138, 31.3770542145, 27.0487918854, 27.3341274261, 11.1381216049, 3.39343285561, 0.489880263805, 0.0230744089931, 0.000836987572256, 1.7455102352e-05, 4.64619676066e-09], "dmean": [0.281854778528, 1.66525578499, 2.76592946053, 2.57378864288, 6.83855581284, 8.60713481903, 6.83473920822, 7.99444150925, 11.4638309479, 28.5904464722, 23.9470901489, 41.9579582214, 27.9924488068, 24.523979187, 23.3864269257, 16.6999855042, 32.39270401, 21.328327179, 19.8741188049, 22.1620292664, 14.4320011139, 16.1967468262, 13.5447444916, 12.5480747223, 9.42264652252, 7.08487987518, 4.78246259689, 4.42607498169, 3.26840519905, 2.25701141357, 1.58838415146, 1.25393235683, 1.02082955837, 0.66436457634, 0.322099179029, 0.139731571078, 0.0362409539521, 0.0080937454477, 0.00068012351403, 2.66757579084e-05], "max": [4.98187255859, 30.1437702179, 65.6980514526, 63.8756370544, 212.822891235, 218.07774353, 283.853729248, 590.478759766, 583.840270996, 927.056762695, 1419.57946777, 2253.10888672, 1106.36120605, 646.23425293, 1060.60986328, 850.623901367, 1208.81188965, 754.258422852, 834.909240723, 1217.92749023, 1306.6036377, 728.054382324, 381.196289062, 451.907745361, 302.042694092, 254.850326538, 186.295944214, 133.960205078, 215.122940063, 288.683837891, 282.894348145, 166.114700317, 171.024261475, 108.876678467, 68.1210861206, 30.3403911591, 6.49418973923, 1.16335332394, 0.194648444653, 0.00264352886006], "min": [1.46743867724e-22, 9.02353276048e-22, 6.10521209441e-21, 1.38664906661e-20, 2.18275434532e-20, 4.29660260692e-20, 4.00097019469e-20, 8.07806168526e-20, 1.86172183374e-19, 1.67677794895e-19, 4.2238654491e-19, 4.46939540238e-19, 6.13594616778e-19, 9.3617303199e-19, 1.1123823548e-18, 1.34652440918e-18, 2.30469558578e-18, 2.8205411322e-18, 1.57315783495e-18, 2.67565072854e-18, 3.28152454488e-18, 4.64756803837e-18, 4.39500539553e-18, 6.67461590205e-18, 7.42732089456e-18, 9.22655866805e-18, 1.19915571037e-17, 1.09604814332e-17, 1.18520530934e-17, 1.13044611822e-17, 1.16551477116e-17, 1.05133067669e-17, 1.05451523933e-17, 9.5347231509e-18, 6.41993071376e-18, 4.62057341267e-18, 2.31995231179e-18, 1.0739447193e-18, 2.78252856414e-19, 2.59843409044e-20], "median": [0.0413342192769, 0.403254330158, 1.70677292347, 2.47450971603, 4.58504390717, 7.81246185303, 7.2889289856, 7.78195762634, 10.0759859085, 13.0961771011, 19.5604286194, 24.4806480408, 30.0387229919, 22.1175384521, 18.4632110596, 16.428943634, 26.6400756836, 22.8927497864, 17.8839054108, 15.3386936188, 19.2360801697, 26.126127243, 23.5037841797, 25.3039226532, 14.7475624084, 8.26356220245, 4.40813446045, 3.9264755249, 2.86023521423, 2.1952009201, 1.06062793732, 0.592408597469, 0.371185541153, 0.237346351147, 0.114995747805, 0.052989859134, 0.0143742123619, 0.00231495499611, 7.64425058151e-05, 3.91657304135e-05], "dvar2": [0.830239057541, 45.9105377197, 135.856872559, 46.6179924011, 806.00994873, 554.35534668, 389.808685303, 769.452697754, 1327.96508789, 7050.12792969, 5691.35839844, 17612.3554688, 5731.05908203, 5623.44482422, 5034.25292969, 2663.33544922, 9569.625, 3439.83349609, 4161.07617188, 9630.48632812, 2101.05615234, 1770.56799316, 1160.02832031, 783.243225098, 694.315429688, 463.327819824, 216.951858521, 199.636367798, 116.267677307, 68.9510116577, 70.1750640869, 55.9425354004, 54.9219436646, 22.7820186615, 7.31861591339, 1.00428640842, 0.0477737747133, 0.00219898228534, 4.81863389723e-05, 1.13548379588e-08]}, "barkbands_crest": {"var": 17.8408432007, "mean": 8.90801143646, "dmean2": 4.83044099808, "dvar": 9.29995727539, "dmean": 3.0043399334, "max": 23.9298439026, "min": 2.18794250488, "median": 7.69039011002, "dvar2": 22.2372837067}, "melbands_crest": {"var": 34.8495178223, "mean": 12.6022996902, "dmean2": 6.08522796631, "dvar": 16.4043884277, "dmean": 3.98653578758, "max": 35.304107666, "min": 1.45681607723, "median": 10.9476099014, "dvar2": 35.0775260925}, "spectral_flux": {"var": 0.00367759400979, "mean": 0.104323975742, "dmean2": 0.0457773916423, "dvar": 0.00153850635979, "dmean": 0.0312772728503, "max": 0.370472043753, "min": 6.26365209699e-11, "median": 0.0903012678027, "dvar2": 0.00260934093967}, "spectral_contrast_valleys": {"var": [2.64388799667, 2.27567219734, 2.16150188446, 2.21090388298, 2.54233407974, 2.27605748177], "mean": [-7.23743009567, -6.48270702362, -6.95813751221, -7.28650760651, -7.30058717728, -10.4055995941], "dmean2": [0.673759937286, 0.573666572571, 0.498716384172, 0.439403176308, 0.388795644045, 0.413012713194], "dvar": [0.145301446319, 0.0989401713014, 0.0746669322252, 0.072320073843, 0.0871402472258, 0.147727712989], "dmean": [0.417974233627, 0.348673403263, 0.310089737177, 0.275243073702, 0.251178443432, 0.294826209545], "max": [-5.00261068344, -4.51415109634, -5.10037946701, -5.49136209488, -5.31154346466, -7.36040830612], "min": [-28.2655582428, -27.833946228, -27.4952087402, -27.8139286041, -27.4983463287, -27.3509254456], "median": [-6.87906742096, -6.30584049225, -6.8105506897, -7.04526662827, -6.9142332077, -10.096162796], "dvar2": [0.332352995872, 0.238511890173, 0.173653095961, 0.16171002388, 0.179441198707, 0.253619909286]}, "mfcc": {"icov": [[0.000137207185617, -4.011783858e-06, 3.40728583978e-05, -0.00012867890473, 3.59890909749e-05, -4.87306606374e-05, -1.05497674667e-05, -0.00017606941401, 6.09036142123e-05, -0.000136666189064, -0.000112705332867, -9.35051430133e-05, 0.000273396930424], [-4.011783858e-06, 0.000802182417829, 0.000145343321492, -4.39227515017e-05, 0.00058415485546, 0.000250125332968, 8.89064322109e-05, 0.000128087849589, 7.8947559814e-05, 0.000166196885402, -0.000284558074782, 0.000173593696672, -0.000323414918967], [3.40728583978e-05, 0.000145343321492, 0.00235825614072, 0.000433330598753, -0.000618840625975, 0.000400278018788, -0.000674374983646, 0.000409707863582, -0.000623354804702, -0.000447466882179, 0.00102291849907, -0.000500230991747, -0.00025825217017], [-0.00012867890473, -4.39227515017e-05, 0.000433330598753, 0.00383431767114, -0.00201640743762, -0.000428984727478, 0.000595851568505, -0.000429338222602, -0.00130523450207, 0.00110700598452, -0.00175097142346, 0.00153648352716, -0.000919453566894], [3.59890909749e-05, 0.00058415485546, -0.000618840625975, -0.00201640743762, 0.00613208161667, -0.0012299218215, 9.96017988655e-05, -0.000328386115143, 0.000218501416384, -0.00133108452428, 0.00077943620272, -0.000803092611022, 0.000119635893498], [-4.87306606374e-05, 0.000250125332968, 0.000400278018788, -0.000428984727478, -0.0012299218215, 0.00859172362834, -0.0035133655183, -0.00106636958662, 0.00152119877748, -0.000488904479425, -3.40888109349e-05, -0.00154514901806, 0.000180995644769], [-1.05497674667e-05, 8.89064322109e-05, -0.000674374983646, 0.000595851568505, 9.96017988655e-05, -0.0035133655183, 0.00936270132661, -0.00361029943451, 0.000183205673238, 0.00114576122724, -1.89220918401e-05, -0.00136861891951, -0.00087080441881], [-0.00017606941401, 0.000128087849589, 0.000409707863582, -0.000429338222602, -0.000328386115143, -0.00106636958662, -0.00361029943451, 0.0118127763271, -0.00508104776964, 0.00189448462334, -0.00112176279072, 0.0018378830282, -0.0010220509721], [6.09036142123e-05, 7.8947559814e-05, -0.000623354804702, -0.00130523450207, 0.000218501416384, 0.00152119877748, 0.000183205673238, -0.00508104776964, 0.0151811670512, -0.00755075411871, 0.00044258745038, 0.000571075768676, 0.000299530482152], [-0.000136666189064, 0.000166196885402, -0.000447466882179, 0.00110700598452, -0.00133108452428, -0.000488904479425, 0.00114576122724, 0.00189448462334, -0.00755075411871, 0.0158252641559, -0.00716554559767, 0.000712919980288, -0.00132621219382], [-0.000112705332867, -0.000284558074782, 0.00102291849907, -0.00175097142346, 0.00077943620272, -3.40888109349e-05, -1.89220918401e-05, -0.00112176279072, 0.00044258745038, -0.00716554559767, 0.0196144245565, -0.00645989598706, 0.000175923516508], [-9.35051430133e-05, 0.000173593696672, -0.000500230991747, 0.00153648352716, -0.000803092611022, -0.00154514901806, -0.00136861891951, 0.0018378830282, 0.000571075768676, 0.000712919980288, -0.00645989598706, 0.0191659871489, -0.00869081169367], [0.000273396930424, -0.000323414918967, -0.00025825217017, -0.000919453566894, 0.000119635893498, 0.000180995644769, -0.00087080441881, -0.0010220509721, 0.000299530482152, -0.00132621219382, 0.000175923516508, -0.00869081169367, 0.0197768267244]], "mean": [-624.289367676, 130.42640686, -17.5280342102, 21.2282066345, -2.11982989311, 0.839213490486, -0.507486462593, 6.27365207672, -0.788096010685, 0.691707253456, 3.64622235298, -2.977257967, -4.24258613586], "cov": [[8492.04589844, -114.944702148, -221.308425903, 468.83883667, 146.756469727, 164.232116699, 91.920211792, 237.282226562, 126.054344177, 145.773071289, 164.792434692, 15.4567098618, -73.2557373047], [-114.944702148, 1509.63330078, -154.614700317, -86.4994812012, -223.861679077, -114.572372437, -83.7875823975, -67.9173812866, -49.3416595459, -44.0230941772, 3.43628740311, -23.9395084381, 2.68395352364], [-221.308425903, -154.614700317, 501.206329346, -54.8787498474, 57.555480957, 2.15553045273, 41.2396202087, -3.298432827, 25.6713943481, 22.7012233734, -22.089805603, 22.2640018463, 16.9157447815], [468.83883667, -86.4994812012, -54.8787498474, 406.852355957, 143.930145264, 48.4923706055, 6.67537117004, 62.2101821899, 59.0794487, 30.2775592804, 44.778137207, -10.3894634247, 8.66882038116], [146.756469727, -223.861679077, 57.555480957, 143.930145264, 257.917205811, 66.077507019, 33.3419837952, 40.51304245, 34.9313659668, 36.5013046265, 17.4645614624, 16.3020343781, 12.077454567], [164.232116699, -114.572372437, 2.15553045273, 48.4923706055, 66.077507019, 179.790557861, 88.7940826416, 48.6006584167, 1.52296352386, 5.92840099335, 15.577794075, 28.952495575, 15.4737958908], [91.920211792, -83.7875823975, 41.2396202087, 6.67537117004, 33.3419837952, 88.7940826416, 175.154006958, 66.3331985474, 9.2038269043, -4.33202219009, 7.84709072113, 28.1429443359, 20.2015285492], [237.282226562, -67.9173812866, -3.298432827, 62.2101821899, 40.51304245, 48.6006584167, 66.3331985474, 139.057098389, 51.55235672, 14.810587883, 17.1860904694, 1.27522969246, 8.49544811249], [126.054344177, -49.3416595459, 25.6713943481, 59.0794487, 34.9313659668, 1.52296352386, 9.2038269043, 51.55235672, 118.81136322, 63.1385383606, 25.6861076355, -0.504377782345, 5.36103248596], [145.773071289, -44.0230941772, 22.7012233734, 30.2775592804, 36.5013046265, 5.92840099335, -4.33202219009, 14.810587883, 63.1385383606, 117.102920532, 47.2367897034, 14.7889194489, 12.2438154221], [164.792434692, 3.43628740311, -22.089805603, 44.778137207, 17.4645614624, 15.577794075, 7.84709072113, 17.1860904694, 25.6861076355, 47.2367897034, 84.0582733154, 30.583694458, 16.0276088715], [15.4567098618, -23.9395084381, 22.2640018463, -10.3894634247, 16.3020343781, 28.952495575, 28.1429443359, 1.27522969246, -0.504377782345, 14.7889194489, 30.583694458, 86.1145172119, 38.7138748169], [-73.2557373047, 2.68395352364, 16.9157447815, 8.66882038116, 12.077454567, 15.4737958908, 20.2015285492, 8.49544811249, 5.36103248596, 12.2438154221, 16.0276088715, 38.7138748169, 70.9684753418]]}, "erbbands_flatness_db": {"var": 0.00311246141791, "mean": 0.167067930102, "dmean2": 0.0245479624718, "dvar": 0.000286379654426, "dmean": 0.0170510709286, "max": 0.458136379719, "min": 0.0358093120158, "median": 0.160364478827, "dvar2": 0.00053384678904}, "barkbands": {"var": [4.16874081566e-06, 0.000280318286968, 1.7248074073e-05, 3.94048993257e-06, 2.26763913815e-05, 5.95310530116e-06, 8.28501197248e-06, 2.44082748395e-05, 4.48080936621e-05, 4.68467305836e-06, 3.17794933835e-06, 1.32145839871e-06, 4.21250615545e-06, 1.05809317574e-06, 2.09445761357e-06, 4.26025962952e-07, 5.27399606653e-07, 2.71724331924e-07, 1.78647653115e-07, 8.48114183327e-08, 5.28610755168e-08, 4.48943886511e-08, 6.35677821492e-08, 1.32956301968e-07, 1.34733824098e-07, 2.05811545584e-08, 4.63816124396e-10], "mean": [0.000789677491412, 0.00729289464653, 0.00245251134038, 0.0015051983064, 0.00354329170659, 0.00147922337055, 0.00168241211213, 0.00249693589285, 0.00354341603816, 0.00157882831991, 0.00108579732478, 0.00066839158535, 0.00138862105086, 0.000700505566783, 0.000727026024833, 0.000477976980619, 0.000596782658249, 0.000531054683961, 0.000456987909274, 0.000246606097789, 0.000174938249984, 0.000145162615809, 9.41067555686e-05, 9.09710142878e-05, 7.74811778683e-05, 3.66704553016e-05, 4.25132293458e-06], "dmean2": [0.00172572140582, 0.012129153125, 0.00400915881619, 0.00171728187706, 0.00421892106533, 0.00147941207979, 0.0016719220439, 0.00217704894021, 0.00251274602488, 0.00143237202428, 0.00106822652742, 0.000639982754365, 0.00116395717487, 0.000723142758943, 0.000738152011763, 0.000446845777333, 0.000513405655511, 0.000426092243288, 0.000369142828276, 0.000225941374083, 0.000192861567484, 0.00014451003517, 9.178979235e-05, 8.88942740858e-05, 7.53471249482e-05, 3.4609609429e-05, 7.39931601856e-06], "dvar": [5.28829014002e-06, 0.000296495476505, 2.64645659627e-05, 2.73244199889e-06, 2.48995438596e-05, 3.72742374566e-06, 4.19946991315e-06, 8.30170301924e-06, 1.24063426483e-05, 2.248084229e-06, 1.56786336447e-06, 7.08965103513e-07, 1.73280477611e-06, 6.29079522696e-07, 1.18719526654e-06, 2.69845855883e-07, 3.10362139544e-07, 1.49999209498e-07, 1.03862966228e-07, 6.36065209392e-08, 4.5118046188e-08, 3.23125810553e-08, 3.70616959344e-08, 7.1670896773e-08, 7.08818959083e-08, 1.08580460179e-08, 6.71831146271e-10], "dmean": [0.0010079232743, 0.00766043458134, 0.00218102615327, 0.00101439072751, 0.00244622351602, 0.000888481095899, 0.00104044401087, 0.00140317762271, 0.00171542027965, 0.000877756916452, 0.000654422910884, 0.000398077099817, 0.000713668938261, 0.000431775522884, 0.000451420550235, 0.000270126474788, 0.000306657981128, 0.000255407881923, 0.000220591478865, 0.000136104426929, 0.000112811103463, 8.79647632246e-05, 5.79344268772e-05, 5.98257065576e-05, 5.10987010784e-05, 2.37211315834e-05, 4.45356954515e-06], "max": [0.0183227881789, 0.127912014723, 0.0581138506532, 0.0387604571879, 0.0674084573984, 0.0473907589912, 0.0386664643884, 0.0560831092298, 0.0746519193053, 0.0267331618816, 0.0218565668911, 0.0217775478959, 0.0245644189417, 0.0168197788298, 0.0220490377396, 0.016804985702, 0.0265347361565, 0.00654348963872, 0.00557376118377, 0.00520464777946, 0.00330345868133, 0.00511903967708, 0.0102286050096, 0.00699116615579, 0.00826379377395, 0.00359343714081, 0.00113285786938], "min": [1.81061031296e-24, 3.00342539128e-24, 4.36135043758e-24, 2.22281399898e-24, 1.40003215372e-23, 1.13264916984e-23, 4.21606986897e-24, 1.13120176785e-23, 2.00835387885e-23, 1.43087629957e-23, 1.49191488543e-23, 3.46054314904e-23, 4.33752896816e-23, 4.43591443809e-23, 2.74680420565e-23, 4.84610128287e-23, 7.83101526415e-23, 8.09739592136e-23, 1.39913910006e-22, 1.73066729871e-22, 2.87529475342e-22, 2.82257031974e-22, 4.40743883133e-22, 7.05136989514e-22, 9.90564838429e-22, 1.29533919181e-21, 1.93240579033e-21], "median": [0.000113452457299, 0.00180103851017, 0.00140693504363, 0.000902334344573, 0.00222003599629, 0.000869213545229, 0.0007336763083, 0.000620037782937, 0.00110941915773, 0.000753925764002, 0.000421237549745, 0.00026120163966, 0.000550748314708, 0.000376982614398, 0.000275641505141, 0.000327257876052, 0.000457216054201, 0.000429185223766, 0.000395443988964, 0.000167931575561, 0.000102302125015, 8.25422539492e-05, 4.110300506e-05, 2.52856079896e-05, 1.85230601346e-05, 9.65695289779e-06, 4.75209077422e-07], "dvar2": [1.36253820529e-05, 0.000697760027833, 7.59306785767e-05, 7.14351426723e-06, 6.82879835949e-05, 9.29194084165e-06, 9.52193204284e-06, 1.8091788661e-05, 2.52122117672e-05, 5.87988051848e-06, 4.00610997531e-06, 1.77169670224e-06, 4.39556697529e-06, 1.59740500294e-06, 3.14939552482e-06, 6.50996469176e-07, 7.95912399099e-07, 3.82699653301e-07, 2.66120025572e-07, 1.62235593848e-07, 1.20450408758e-07, 7.98816444103e-08, 8.35376923192e-08, 1.41206641047e-07, 1.48957724377e-07, 2.22136886663e-08, 1.89355664482e-09]}, "spectral_energyband_low": {"var": 0.000411113229347, "mean": 0.0110011789948, "dmean2": 0.0143606616184, "dvar": 0.000386868458008, "dmean": 0.00936674140394, "max": 0.153375297785, "min": 2.72653363583e-23, "median": 0.00467076618224, "dvar2": 0.000867874827236}, "erbbands_spread": {"var": 230.532974243, "mean": 31.3258953094, "dmean2": 9.63959312439, "dvar": 48.9113082886, "dmean": 6.29560899734, "max": 138.85508728, "min": 2.9350001812, "median": 27.9242515564, "dvar2": 104.56061554}, "average_loudness": 0.954427421093, "spectral_energyband_middle_high": {"var": 3.20597100654e-05, "mean": 0.00801393575966, "dmean2": 0.00395720079541, "dvar": 8.97103291209e-06, "dmean": 0.00248351460323, "max": 0.047860596329, "min": 1.16636565922e-21, "median": 0.0065660327673, "dvar2": 2.22817652684e-05}, "barkbands_flatness_db": {"var": 0.00325483828783, "mean": 0.118620716035, "dmean2": 0.0321563370526, "dvar": 0.000474633125123, "dmean": 0.0211869906634, "max": 0.448502480984, "min": 0.0203185733408, "median": 0.105589926243, "dvar2": 0.00103526725434}, "spectral_entropy": {"var": 0.240966960788, "mean": 7.62347507477, "dmean2": 0.183954492211, "dvar": 0.0204998478293, "dmean": 0.124391101301, "max": 9.8204202652, "min": 