{"lowlevel": {"spectral_strongpeak": {"max": 18.4736633301, "dmean": 0.472108125687, "dvar2": 1.54257118702, "dmean2": 0.796669900417, "var": 0.798381507397, "median": 0.305109649897, "min": 0, "dvar": 0.590160191059, "mean": 0.631918907166}, "barkbands_flatness_db": {"max": 0.844019472599, "dmean": 0.0230596736073, "dvar2": 0.00124473148026, "dmean2": 0.0354154966772, "var": 0.00596059905365, "median": 0.0930746421218, "min": 0.008260528557, "dvar": 0.000572055752855, "mean": 0.107666686177}, "barkbands_skewness": {"max": 161.655883789, "dmean": 0.781121432781, "dvar2": 9.70980739594, "dmean2": 1.20771253109, "var": 128.744491577, "median": 1.29082453251, "min": -4.86466550827, "dvar": 4.4981675148, "mean": 2.64754199982}, "spectral_energyband_middle_high": {"max": 0.0653607398272, "dmean": 0.00218935776502, "dvar2": 2.1864696464e-05, "dmean2": 0.00318948738277, "var": 2.5139812351e-05, "median": 0.00434846570715, "min": 1.85303022926e-11, "dvar": 9.68615586316e-06, "mean": 0.0057584522292}, "erbbands_kurtosis": {"max": 27.9862880707, "dmean": 0.775937795639, "dvar2": 2.9816672802, "dmean2": 1.22322964668, "var": 3.11466789246, "median": -0.321568727493, "min": -1.77341425419, "dvar": 1.36469757557, "mean": 0.177592471242}, "erbbands_crest": {"max": 33.4163627625, "dmean": 2.64595150948, "dvar2": 16.9748573303, "dmean2": 4.29239845276, "var": 16.8730182648, "median": 6.58489131927, "min": 2.04441380501, "dvar": 7.00742101669, "mean": 7.66205739975}, "dynamic_complexity": 3.61459875107, "barkbands_crest": {"max": 26.9309768677, "dmean": 3.21870493889, "dvar2": 22.8009414673, "dmean2": 5.36523914337, "var": 23.9043254852, "median": 8.96642971039, "min": 1.72119748592, "dvar": 8.62765789032, "mean": 9.97968196869}, "dissonance": {"max": 0.5, "dmean": 0.0165420193225, "dvar2": 0.000696378352586, "dmean2": 0.0273272078484, "var": 0.000612254370935, "median": 0.468905836344, "min": 0.230913877487, "dvar": 0.000265694485279, "mean": 0.464280664921}, "spectral_energyband_low": {"max": 0.158315747976, "dmean": 0.0111845247447, "dvar2": 0.00101006159093, "dmean2": 0.0185559634119, "var": 0.000781000126153, "median": 0.00723555870354, "min": 4.25586149655e-10, "dvar": 0.000413856731029, "mean": 0.0196673665196}, "spectral_contrast_coeffs": {"max": [-0.265844345093, -0.371858358383, -0.452671170235, -0.551240563393, -0.63328564167, -0.597704291344], "dmean": [0.0594798251987, 0.0528663396835, 0.0392699763179, 0.0314125493169, 0.0206453464925, 0.0194145664573], "dvar2": [0.00648118183017, 0.00475194072351, 0.00252224528231, 0.00157374399714, 0.000712663575541, 0.000738517730497], "dmean2": [0.0980397537351, 0.0847003012896, 0.0623013302684, 0.0508225113153, 0.0334973819554, 0.0303256120533], "var": [0.00730649009347, 0.0071737030521, 0.00365746999159, 0.00221055466682, 0.00127434113529, 0.00148068903945], "median": [-0.678559422493, -0.726790308952, -0.757828295231, -0.779565215111, -0.791783750057, -0.756296277046], "min": [-0.951911091805, -0.966720938683, -0.967784583569, -0.98691868782, -0.974945127964, -0.959622979164], "dvar": [0.00241757417098, 0.00203020288609, 0.00103183847386, 0.000637516437564, 0.000291922915494, 0.000320433726301], "mean": [-0.67295819521, -0.717522978783, -0.754243671894, -0.777450680733, -0.790868878365, -0.758970737457]}, "silence_rate_60dB": {"max": 1, "dmean": 0.00756491534412, "dvar2": 0.017356088385, "dmean2": 0.015131377615, "var": 0.0671311542392, "median": 0, "min": 0, "dvar": 0.00750789651647, "mean": 0.0723704397678}, "mfcc": {"icov": [[0.00010831894906, -5.68871946598e-05, -6.89549051458e-05, 4.34063877037e-05, 0.000107751708128, -0.000197265238967, 0.00020903776749, 4.37298149336e-05, 1.17747197237e-06, 0.000211074497201, -9.50544999796e-05, 0.000130199157866, 6.83705875417e-05], [-5.68871946598e-05, 0.0012947327923, 0.000582382432185, -0.000468184123747, -0.000250320474152, 0.000215797510464, -0.000237902699155, -0.00037990466808, 0.000159361297847, -1.12188117782e-05, -0.000789981044363, -0.000469451071694, 0.000164254641277], [-6.89549051458e-05, 0.000582382432185, 0.00369298527949, 0.00019356913981, -0.000929282570723, -0.00105683656875, -0.00136143493, -0.0005212991382, -0.00121591344941, 0.000832597899716, -0.00138323905412, 0.000806557247415, -0.000881382031366], [4.34063877037e-05, -0.000468184123747, 0.00019356913981, 0.00732675287873, -0.00195097899996, -0.00251015438698, 0.000245713919867, -0.00186911399942, 0.000409219326684, -0.00174592202529, 0.00372831500135, 8.5430474428e-05, -0.000637618475594], [0.000107751708128, -0.000250320474152, -0.000929282570723, -0.00195097899996, 0.00860222615302, -0.00263981427997, -0.00068243779242, 0.00248696655035, -0.0015305376146, -0.000150635183672, -0.000266152812401, 0.000614402990323, 0.00114152790047], [-0.000197265238967, 0.000215797510464, -0.00105683656875, -0.00251015438698, -0.00263981427997, 0.0116253327578, -0.00186210894026, 6.67997810524e-05, -0.00161464058328, -0.00103264604695, -0.0010511650471, 0.000477971334476, 0.00101055530831], [0.00020903776749, -0.000237902699155, -0.00136143493, 0.000245713919867, -0.00068243779242, -0.00186210894026, 0.0115654440597, -0.00670046266168, 0.00184167257976, -0.00168390269391, 0.000559284351766, -0.00147067464422, -0.000694533286151], [4.37298149336e-05, -0.00037990466808, -0.0005212991382, -0.00186911399942, 0.00248696655035, 6.67997810524e-05, -0.00670046266168, 0.0157255027443, -0.00601636338979, 0.000810300931334, 0.00124862068333, -0.000151652871864, -0.000372346839868], [1.17747197237e-06, 0.000159361297847, -0.00121591344941, 0.000409219326684, -0.0015305376146, -0.00161464058328, 0.00184167257976, -0.00601636338979, 0.0186521038413, -0.00566322822124, -0.00232265028171, 0.001831408008, -1.36823055072e-05], [0.000211074497201, -1.12188117782e-05, 0.000832597899716, -0.00174592202529, -0.000150635183672, -0.00103264604695, -0.00168390269391, 0.000810300931334, -0.00566322822124, 0.0178941898048, -0.00421681068838, -0.0010029852856, 2.24651535063e-06], [-9.50544999796e-05, -0.000789981044363, -0.00138323905412, 0.00372831500135, -0.000266152812401, -0.0010511650471, 0.000559284351766, 0.00124862068333, -0.00232265028171, -0.00421681068838, 0.0188184566796, -0.00946919806302, 0.00220644753426], [0.000130199157866, -0.000469451071694, 0.000806557247415, 8.5430474428e-05, 0.000614402990323, 0.000477971334476, -0.00147067464422, -0.000151652871864, 0.001831408008, -0.0010029852856, -0.00946919806302, 0.0208810456097, -0.00812153331935], [6.83705875417e-05, 0.000164254641277, -0.000881382031366, -0.000637618475594, 0.00114152790047, 0.00101055530831, -0.000694533286151, -0.000372346839868, -1.36823055072e-05, 2.24651535063e-06, 0.00220644753426, -0.00812153331935, 0.0192681886256]], "cov": [[11001.1894531, 251.303878784, 50.7387313843, -152.598968506, -101.182815552, 70.045501709, -327.614440918, -187.25579834, -68.618637085, -188.522842407, 25.6396865845, -122.095275879, -111.440116882], [251.303878784, 919.652038574, -129.255264282, 48.2278594971, 10.9115343094, -5.20433235168, 19.7347717285, 24.0158805847, -3.45361018181, 21.7333755493, 47.398109436, 49.3165626526, 3.10820746422], [50.7387313843, -129.255264282, 405.815216064, 33.6299057007, 75.4669952393, 90.534614563, 89.602180481, 60.6842651367, 61.5295372009, 20.5252113342, 25.7898654938, -5.12698364258, 10.7080745697], [-152.598968506, 48.2278594971, 33.6299057007, 221.508148193, 75.1600570679, 74.7215499878, 46.4502296448, 47.9826164246, 25.4052238464, 26.4175872803, -40.4170150757, -19.9714870453, -0.546126306057], [-101.182815552, 10.9115343094, 75.4669952393, 75.1600570679, 174.393875122, 73.7688217163, 32.1130867004, 8.27442359924, 31.3928394318, 22.3522071838, -0.890527844429, -13.7286615372, -12.3430175781], [70.045501709, -5.20433235168, 90.534614563, 74.7215499878, 73.7688217163, 145.630325317, 51.1221809387, 33.7702713013, 38.5707054138, 27.3886985779, 4.74282598495, -8.77928352356, -7.32248258591], [-327.614440918, 19.7347717285, 89.602180481, 46.4502296448, 32.1130867004, 51.1221809387, 164.073852539, 85.0084609985, 31.8143177032, 31.7495632172, 7.10734653473, 17.0768318176, 16.0061016083], [-187.25579834, 24.0158805847, 60.6842651367, 47.9826164246, 8.27442359924, 33.7702713013, 85.0084609985, 123.168922424, 43.6420440674, 22.2406291962, -1.72767603397, 5.61162281036, 10.5979557037], [-68.618637085, -3.45361018181, 61.5295372009, 25.4052238464, 31.3928394318, 38.5707054138, 31.8143177032, 43.6420440674, 86.6788482666, 35.2629203796, 16.4735240936, 0.314537197351, 0.339128375053], [-188.522842407, 21.7333755493, 20.5252113342, 26.4175872803, 22.3522071838, 27.3886985779, 31.7495632172, 22.2406291962, 35.2629203796, 81.7100067139, 26.0245761871, 16.492521286, 5.09726238251], [25.6396865845, 47.398109436, 25.7898654938, -40.4170150757, -0.890527844429, 4.74282598495, 7.10734653473, -1.72767603397, 16.4735240936, 26.0245761871, 95.8373641968, 46.9317970276, 8.1898393631], [-122.095275879, 49.3165626526, -5.12698364258, -19.9714870453, -13.7286615372, -8.77928352356, 17.0768318176, 5.61162281036, 0.314537197351, 16.492521286, 46.9317970276, 86.4514770508, 32.178478241], [-111.440116882, 3.10820746422, 10.7080745697, -0.546126306057, -12.3430175781, -7.32248258591, 16.0061016083, 10.5979557037, 0.339128375053, 5.09726238251, 8.1898393631, 32.178478241, 67.261756897]], "mean": [-615.710754395, 96.4102554321, 14.5394630432, 12.8705739975, 4.01126718521, 14.8228111267, 2.04563093185, 8.311170578, 6.89752054214, 1.35508465767, 2.74581289291, 0.88991445303, 0.0630345493555]}, "melbands_spread": {"max": 278.836456299, "dmean": 10.4348888397, "dvar2": 352.052581787, "dmean2": 15.3404817581, "var": 693.220336914, "median": 23.9779396057, "min": 0.00303883920424, "dvar": 187.95765686, "mean": 30.3147583008}, "barkbands_kurtosis": {"max": 47888.7421875, "dmean": 39.3502159119, "dvar2": 858730, "dmean2": 64.268196106, "var": 8531575, "median": 1.33466243744, "min": -1.89950013161, "dvar": 374006.09375, "mean": 244.9581604}, "spectral_energyband_high": {"max": 0.0424138940871, "dmean": 0.0011886858847, "dvar2": 1.03546435639e-05, "dmean2": 0.00156992988195, "var": 1.63321601576e-05, "median": 0.00104930147063, "min": 1.60270685612e-11, "dvar": 6.08933260082e-06, "mean": 0.00252144713886}, "hfc": {"max": 365.342071533, "dmean": 12.2174386978, "dvar2": 819.709350586, "dmean2": 16.5345497131, "var": 1219.2409668, "median": 25.4014072418, "min": 3.08577028818e-07, "dvar": 463.085723877, "mean": 33.754699707}, "spectral_skewness": {"max": 2.88146209717, "dmean": 0.151212930679, "dvar2": 0.0406562238932, "dmean2": 0.224665105343, "var": 0.119291529059, "median": 1.25726020336, "min": -0.204327315092, "dvar": 0.0210226234049, "mean": 1.24278628826}, "erbbands": {"max": [6.55358839035, 25.8368396759, 92.3921890259, 74.6586151123, 145.169631958, 398.920166016, 343.391021729, 322.395507812, 1287.78063965, 1670.18469238, 915.252624512, 1436.06286621, 1326.54418945, 2078.6965332, 1895.70361328, 1164.77355957, 1001.95556641, 1289.00805664, 772.84954834, 783.132141113, 485.639068604, 251.952896118, 325.95614624, 433.32723999, 266.179656982, 370.179138184, 553.600830078, 492.103393555, 677.424133301, 529.964416504, 400.806427002, 351.572265625, 424.59954834, 200.336700439, 73.3998565674, 35.4267845154, 4.6660118103, 0.702428281307, 0.135549262166, 0.00411640107632], "dmean": [0.479849427938, 1.64541530609, 5.07947397232, 5.25234174728, 6.35337591171, 10.5992164612, 7.09951782227, 6.61101007462, 23.2995681763, 31.5293807983, 20.4557113647, 18.0141391754, 18.381685257, 16.4110507965, 26.3394031525, 21.4726829529, 16.9093799591, 18.9675178528, 19.8027648926, 16.5398330688, 13.331568718, 10.086151123, 7.86949729919, 9.32415676117, 6.55623149872, 6.81008958817, 7.95853996277, 10.2872896194, 11.3578052521, 10.1761617661, 6.05594015121, 4.16218900681, 5.12227010727, 2.85889410973, 1.36422348022, 0.464395999908, 0.104291975498, 0.0182923842221, 0.00293550500646, 0.000105189086753], "dvar2": [2.53999328613, 25.8681774139, 433.577758789, 213.321075439, 217.668548584, 1167.46313477, 893.50793457, 588.930908203, 8768.80273438, 17275.0917969, 8508.95117188, 6004.00585938, 4931.15039062, 5351.22851562, 10126.1064453, 6241.9296875, 3174.49926758, 4473.79882812, 4349.42871094, 2429.00366211, 931.463317871, 819.873718262, 581.014221191, 578.103881836, 485.54901123, 567.102294922, 884.761657715, 1057.71899414, 986.925292969, 1022.02105713, 276.27230835, 186.800109863, 287.261474609, 86.1865005493, 26.1411361694, 2.72364759445, 0.164476335049, 0.00518476124853, 0.000217065229663, 2.68995819397e-07], "dmean2": [0.832222819328, 2.82531642914, 9.41383552551, 9.10834026337, 10.8063697815, 17.5570602417, 11.7273187637, 10.9595060349, 37.3241844177, 51.0836181641, 32.6050643921, 27.4586658478, 28.3784599304, 25.1045188904, 41.4806594849, 34.4614028931, 26.9038791656, 29.7477703094, 29.3687858582, 24.3197803497, 20.4204502106, 15.8972463608, 11.9628400803, 14.4182472229, 10.3014993668, 10.368938446, 11.5962905884, 15.4149723053, 16.5423736572, 14.6562280655, 8.29271221161, 5.67980575562, 6.97548246384, 4.01252651215, 2.03573513031, 0.675985515118, 0.147745832801, 0.0243338067085, 0.00409201532602, 0.000153677086928], "var": [0.784736871719, 12.2613239288, 102.266532898, 108.102371216, 113.678459167, 600.440124512, 408.741363525, 295.347869873, 5622.85693359, 9704.42578125, 4742.68847656, 5456.42724609, 2989.01879883, 2712.31347656, 6036.57226562, 3355.77758789, 2067.76806641, 3092.41357422, 3399.8059082, 2318.31445312, 1018.73474121, 548.090942383, 435.116485596, 568.214416504, 325.009124756, 442.856933594, 702.979125977, 892.031188965, 1316.55432129, 1182.11987305, 439.180480957, 240.788208008, 389.624206543, 106.851325989, 18.2772426605, 2.55473399162, 0.130404472351, 0.00473663257435, 0.000133088877192, 1.44530048374e-07], "median": [0.134995430708, 0.784396052361, 1.37391638756, 2.8989341259, 5.33390140533, 6.13924360275, 3.5509853363, 4.00109386444, 6.27215385437, 12.6479558945, 9.97610664368, 13.8665723801, 17.3802032471, 16.1382312775, 20.1159725189, 17.552400589, 13.7698583603, 14.3327627182, 12.953335762, 13.7610054016, 14.0148200989, 11.116399765, 8.27349090576, 9.91660308838, 6.40092611313, 6.05700778961, 6.74613761902, 9.34888458252, 10.0120105743, 5.80103111267, 3.99533867836, 2.4475569725, 2.36875534058, 1.09820353985, 0.32663449645, 0.100001566112, 0.0217599347234, 0.00385678652674, 0.000444629054982, 6.45850450383e-05], "min": [1.43635690009e-08, 6.16754078919e-08, 3.21522115598e-08, 3.24892681647e-08, 3.24929452233e-08, 3.48224489244e-08, 2.41223609976e-08, 2.71001070473e-08, 2.07936174945e-08, 1.67916702765e-08, 1.7639356642e-08, 1.88570261628e-08, 3.77798023976e-08, 3.16794768196e-08, 3.48205162481e-08, 1.98808702834e-08, 1.9033498333e-08, 1.78946013563e-08, 1.81737096483e-08, 4.4734100868e-08, 5.31580788277e-08, 4.36597851206e-08, 8.1475597824e-08, 3.22772137906e-08, 4.84640843013e-08, 8.82335626784e-08, 5.25823899977e-08, 3.93908869967e-08, 3.18691526502e-08, 3.07888718964e-08, 4.28416058185e-08, 2.35964954243e-08, 3.12216599241e-08, 2.85665944233e-08, 3.18371426999e-08, 8.21273626883e-09, 4.36526459424e-09, 2.48551978999e-09, 4.27333057829e-10, 3.48021993168e-11], "dvar": [0.934085011482, 9.60139942169, 138.331222534, 77.0086669922, 79.3340606689, 464.556182861, 334.806274414, 245.983001709, 3771.53222656, 6904.12988281, 3150.40307617, 2727.75415039, 2065.37304688, 2157.59521484, 4028.75927734, 2536.52246094, 1359.41186523, 1910.71643066, 1929.91162109, 1112.30297852, 426.874237061, 344.292663574, 263.438964844, 258.075561523, 211.221679688, 262.167633057, 416.459503174, 470.015075684, 515.760070801, 512.541992188, 164.039154053, 98.2792739868, 155.766906738, 45.8919334412, 11.859662056, 1.40607976913, 0.0869595259428, 0.0029129718896, 0.000106751416752, 1.27176974729e-07], "mean": [0.465244829655, 2.3187277317, 4.81197071075, 7.2431344986, 8.99564647675, 14.2320365906, 9.50209522247, 8.79452514648, 28.7464504242, 42.5800514221, 32.2577018738, 31.3421630859, 31.4670276642, 27.85496521, 41.4989280701, 33.3791351318, 28.020357132, 30.549533844, 32.4465751648, 29.9827575684, 25.8270778656, 18.3852386475, 14.2947206497, 17.6519985199, 12.0376138687, 12.1625061035, 13.8361110687, 18.9927616119, 22.0678577423, 18.3103046417, 11.4234313965, 7.76089334488, 9.05744457245, 4.70158195496, 1.81882929802, 0.638805568218, 0.133471265435, 0.0247517582029, 0.00342772784643, 0.000149070619955]}, "spectral_contrast_valleys": {"max": [-4.88818645477, -4.83004188538, -5.33919095993, -5.73603868484, -5.36589670181, -7.02612018585], "dmean": [0.379537761211, 0.406296461821, 0.341478526592, 0.310736119747, 0.235001802444, 0.261979699135], "dvar2": [0.34461787343, 0.324725180864, 0.236607715487, 0.189900785685, 0.129137247801, 0.179653435946], "dmean2": [0.616369783878, 0.636903226376, 0.526514112949, 0.460358917713, 0.331387251616, 0.339873641729], "var": [1.96325039864, 1.84258008003, 1.66886913776, 1.71884000301, 1.53943049908, 1.96456348896], "median": [-6.70377588272, -6.7116727829, -6.99046754837, -7.29240179062, -7.33910322189, -9.26873207092], "min": [-27.1629276276, -27.1459083557, -27.1312828064, -27.6573467255, -27.258731842, -27.270116806], "dvar": [0.166480645537, 0.150964587927, 0.120120182633, 0.104514069855, 0.080650895834, 0.114657156169], "mean": [-6.96763896942, -7.00210809708, -7.24926710129, -7.55000543594, -7.53307628632, -9.41574954987]}, "average_loudness": 0.947992265224, "erbbands_spread": {"max": 155.374923706, "dmean": 9.92843723297, "dvar2": 209.671783447, "dmean2": 15.1206083298, "var": 352.919616699, "median": 44.8180198669, "min": 5.05620288849, "dvar": 95.556930542, "mean": 47.3185920715}, "melbands_flatness_db": {"max": 0.825328111649, "dmean": 0.0299041476101, "dvar2": 0.00194033200387, "dmean2": 0.0456354059279, "var": 0.00693667773157, "median": 0.161064252257, "min": 0.0212584100664, "dvar": 0.000912074639928, "mean": 0.174052193761}, "barkbands_spread": {"max": 110.603683472, "dmean": 8.62732410431, "dvar2": 203.14503479, "dmean2": 12.8574237823, "var": 390.101165771, "median": 26.4678001404, "min": 0.00505201984197, "dvar": 101.780006409, "mean": 30.719078064}, "spectral_decrease": {"max": -1.39918090304e-16, "dmean": 3.78696318748e-09, "dvar2": 6.60655788007e-17, "dmean2": 6.06563688166e-09, "var": 6.84879342112e-17, "median": -7.24710824684e-09, "min": -4.50395205576e-08, "dvar": 2.78140605937e-17, "mean": -9.7437373725e-09}, "melbands_crest": {"max": 39.9992370605, "dmean": 4.44837474823, "dvar2": 40.1296920776, "dmean2": 7.3332233429, "var": 43.4454231262, "median": 14.0397939682, "min": 2.98199224472, "dvar": 15.3151168823, "mean": 15.1398935318}, "erbbands_flatness_db": {"max": 0.333123892546, "dmean": 0.0157031808048, "dvar2": 0.000444499455625, "dmean2": 0.0227278452367, "var": 0.00101237837225, "median": 0.118110649288, "min": 0.0439191199839, "dvar": 0.000234777879086, "mean": 0.12090370059}, "melbands_kurtosis": {"max": 277737.6875, "dmean": 161.859710693, "dvar2": 14466973, "dmean2": 239.28565979, "var": 129156536, "median": 7.61581611633, "min": -1.77568352222, "dvar": 7056842.5, "mean": 778.033691406}, "spectral_rms": {"max": 0.0129898488522, "dmean": 0.0010863004718, "dvar2": 3.49730112248e-06, "dmean2": 0.00168176507577, "var": 6.85242002874e-06, "median": 0.00549907796085, "min": 7.36552863145e-07, "dvar": 1.58068462497e-06, "mean": 0.00565797183663}, "melbands_skewness": {"max": 497.661651611, "dmean": 1.19656479359, "dvar2": 45.724029541, "dmean2": 1.847848773, "var": 644.619262695, "median": 2.4352183342, "min": -2.36330604553, "dvar": 23.3808250427, "mean": 4.96086549759}, "barkbands": {"max": [0.0360285937786, 0.132734417915, 0.0972308143973, 0.031603064388, 0.0700134038925, 0.0311993006617, 0.0861809179187, 0.0553004480898, 0.0515377409756, 0.0249506700784, 0.0493326410651, 0.0570333711803, 0.019015841186, 0.0213930997998, 0.0148323643953, 0.0148299820721, 0.00615774095058, 0.00578240538016, 0.00515923229977, 0.0103163896129, 0.0105628883466, 0.0164000559598, 0.0109651433304, 0.0230656564236, 0.0120598915964, 0.00476042879745, 0.000626450928394], "dmean": [0.00250210007653, 0.00978095177561, 0.00487686740234, 0.00192588823847, 0.00253319158219, 0.000744104268961, 0.00201315432787, 0.00114604691043, 0.000803612580057, 0.00053970888257, 0.000645673193503, 0.000549567397684, 0.000389211199945, 0.000401242345106, 0.000385614839615, 0.000279749219771, 0.000206977085327, 0.000146230668179, 0.000162214215379, 0.000142407472595, 0.000222516871872, 0.000328262423864, 0.000223496434046, 0.000255165359704, 0.000221507696551, 7.09324522177e-05, 1.4249936612e-05], "dvar2": [5.11155776621e-05, 0.000870493240654, 0.000394882546971, 3.20664294122e-05, 4.57997521153e-05, 6.69315022606e-06, 5.6078130001e-05, 2.65274065896e-05, 1.12469560918e-05, 3.7258894281e-06, 5.6700400819e-06, 5.43730902791e-06, 1.69669283423e-06, 1.8860785076e-06, 1.47861760524e-06, 6.28853229045e-07, 3.1479501672e-07, 1.45057654777e-07, 2.14087819472e-07, 2.39065883534e-07, 5.32329920588e-07, 8.85237284365e-07, 3.92348368905e-07, 7.14768191301e-07, 5.41304871149e-07, 6.37705639406e-08, 4.56837323526e-09], "dmean2": [0.0043492433615, 0.0164591781795, 0.00890554022044, 0.00328869419172, 0.00420097867027, 0.00124258862343, 0.00323158060201, 0.00186908291653, 0.00122559769079, 0.000847669551149, 0.0010103759123, 0.000888997048605, 0.0006224886165, 0.000626588531304, 0.000568708463106, 0.000434829416918, 0.000332273164531, 0.000224341696594, 0.000253840757068, 0.000216740532778, 0.000327363144606, 0.000475813430967, 0.000307757058181, 0.000342960847775, 0.000317096040817, 0.000100192512036, 1.98592861125e-05], "var": [1.60521685757e-05, 0.000386694038752, 9.85910737654e-05, 1.28335996123e-05, 2.65718481387e-05, 3.0557921491e-06, 3.63985127478e-05, 1.28519022837e-05, 1.00828010545e-05, 2.00268596018e-06, 3.51058361048e-06, 2.45144633482e-06, 1.01712885225e-06, 1.2814192587e-06, 1.31404340209e-06, 4.65929275606e-07, 2.032161035e-07, 1.32819394594e-07, 1.6344935716e-07, 1.93008858673e-07, 4.6381529728e-07, 1.15027717129e-06, 5.92432058966e-07, 9.83882387118e-07, 5.32998797098e-07, 6.11356085756e-08, 3.04991765177e-09], "median": [0.000589751114603, 0.00424418924376, 0.00116429314949, 0.00110196566675, 0.00194877374452, 0.000410855544033, 0.000465041928692, 0.000499627611134, 0.000558803265449, 0.000519456109032, 0.000571684038732, 0.000347877154127, 0.00028830266092, 0.000263491965597, 0.000237399173784, 0.000238055974478, 0.000201625822228, 0.000154589739395, 0.000163866585353, 0.000134128698846, 0.000201345261303, 0.000268636358669, 0.000135446316563, 0.000131529988721, 7.04090998624e-05, 1.52820084622e-05, 2.28243538913e-06], "min": [5.31363598955e-11, 3.54369589228e-10, 1.8277229502e-13, 1.1900743791e-13, 3.35956441702e-14, 2.65160045613e-13, 9.96620049942e-14, 1.93502318661e-13, 3.17595342386e-13, 1.08137956055e-12, 9.04040351694e-13, 2.42003140617e-13, 2.28591830794e-13, 1.6237826242e-13, 6.54469208862e-13, 8.75164957864e-13, 2.57873664913e-13, 1.67546933359e-12, 9.6981960223e-13, 1.71091060156e-12, 9.40404329929e-13, 1.0560338411e-12, 1.49103570202e-12, 1.24819501523e-12, 4.0584298075e-12, 2.09388257601e-12, 3.48223880287e-12], "dvar": [1.87139048649e-05, 0.00033869035542, 0.000131492182845, 1.13407677418e-05, 1.81864998012e-05, 2.68336611953e-06, 2.3542339477e-05, 9.79683863989e-06, 4.9913114708e-06, 1.50555081291e-06, 2.34134085986e-06, 2.05947731047e-06, 7.08032416696e-07, 8.08058871371e-07, 6.90289141403e-07, 2.59410882109e-07, 1.27231714941e-07, 6.78145397615e-08, 9.34583539447e-08, 1.10067666981e-07, 2.48561292437e-07, 4.62824488068e-07, 2.22881709533e-07, 3.87819227399e-07, 2.66630962642e-07, 3.47605144668e-08, 2.31264540851e-09], "mean": [0.00216645537876, 0.0122771961614, 0.0043724165298, 0.00241518067196, 0.00369352265261, 0.000931452319492, 0.00247621629387, 0.00164171366487, 0.00133475591429, 0.000888310896698, 0.00104083854239, 0.000759374117479, 0.000604482425842, 0.000602704996709, 0.000614544725977, 0.000479167880258, 0.000351469847374, 0.000262966612354, 0.000290943775326, 0.000258696090896, 0.000406987674069, 0.00063424394466, 0.000418228533817, 0.000467669917271, 0.00033324805554, 9.66589141171e-05, 1.71553201653e-05]}, "spectral_kurtosis": {"max": 14.2026824951, "dmean": 0.687486767769, "dvar2": 1.15067338943, "dmean2": 1.07086896896, "var": 1.77060818672, "median": 2.18295860291, "min": -1.20885193348, "dvar": 0.471074610949, "mean": 2.19773650169}, "erbbands_skewness": {"max": 4.33521270752, "dmean": 0.333816856146, "dvar2": 0.210003077984, "dmean2": 0.498502910137, "var": 0.531597912312, "median": 0.192018523812, "min": -4.58194208145, "dvar": 0.104297660291, "mean": 0.226338997483}, "melbands": {"max": [0.0458580367267, 0.0374559499323, 0.0125358048826, 0.016735740006, 0.0114168589935, 0.00708809588104, 0.0177018847317, 0.0162520669401, 0.00848988071084, 0.00945327803493, 0.00641401484609, 0.00785755552351, 0.00734435254708, 0.00664769951254, 0.00244634784758, 0.00217391783372, 0.00224327645265, 0.00153813965153, 0.00125850480981, 0.00128647161182, 0.00059100438375, 0.000385812018067, 0.000272529927315, 0.000393275200622, 0.000388347223634, 0.000144886551425, 0.000213315230212, 0.000263696885668, 0.000449477258371, 0.000220379486564, 0.000353992654709, 0.000428871484473, 0.000345693464624, 0.000284012843622, 0.000325527595123, 0.00012933916878, 0.000326442328515, 0.000358467223123, 0.000264967908151, 0.000144723890116], "dmean": [0.00340665527619, 0.00235800235532, 0.000915360171348, 0.000578135193791, 0.000306646194076, 0.000159270246513, 0.000368421548046, 0.000329761300236, 0.00016491363931, 0.000111395776912, 9.2348716862e-05, 6.49658613838e-05, 8.28403499327e-05, 6.62053716951e-05, 4.96680258948e-05, 3.79763696401e-05, 3.74796109099e-05, 3.38649406331e-05, 2.93176126434e-05, 2.21668851736e-05, 1.59528535733e-05, 1.18032421597e-05, 8.51204185892e-06, 6.77451407682e-06, 8.31066518003e-06, 5.15333840667e-06, 4.52841277365e-06, 4.86955423185e-06, 5.15151759828e-06, 5.32285548616e-06, 6.8319636739e-06, 6.82559266352e-06, 6.75223236613e-06, 5.54179905521e-06, 3.90712057197e-06, 2.48758101407e-06, 2.83362396658e-06, 3.83309179597e-06, 3.36778475685e-06, 2.22593803301e-06], "dvar2": [0.000112815658213, 6.9309186074e-05, 5.82221218792e-06, 2.21508003051e-06, 1.3024269947e-06, 3.34652554557e-07, 1.98408406504e-06, 1.83047950486e-06, 5.39682901035e-07, 2.28340852004e-07, 1.23162777754e-07, 8.43493879188e-08, 1.11396133207e-07, 7.4757259938e-08, 3.02657880979e-08, 1.88231883413e-08, 1.79922974297e-08, 1.3828934442e-08, 8.81175310496e-09, 4.86387241594e-09, 1.37966338354e-09, 1.04398245604e-09, 7.94183219188e-10, 3.64219793214e-10, 4.6159873146e-10, 2.72458500206e-10, 2.33585734088e-10, 2.79742284892e-10, 4.62544225144e-10, 2.6640747941e-10, 4.89762064237e-10, 3.57375157245e-10, 4.62266919188e-10, 3.39533262617e-10, 1.28682856038e-10, 4.8238600614e-11, 1.23176066569e-10, 1.92749163852e-10, 1.45654835415e-10, 5.40197296617e-11], "dmean2": [0.00579151092097, 0.00428193900734, 0.00158011482563, 0.000959014054388, 0.000504874624312, 0.000264235510258, 0.000588724797126, 0.000534676248208, 0.00026026944397, 0.000169098057086, 0.000143039869727, 9.98360701487e-05, 0.000129687206936, 0.000106781626528, 7.94838997535e-05, 6.09957423876e-05, 5.94483826717e-05, 5.10750724061e-05, 4.36497393821e-05, 3.45567641489e-05, 2.50226075877e-05, 1.89365928236e-05, 1.3388030311e-05, 1.03412257886e-05, 1.29785530589e-05, 8.22120910016e-06, 7.06555738361e-06, 7.50389563109e-06, 7.72345993028e-06, 8.01285659691e-06, 1.0527662198e-05, 1.01883197203e-05, 1.00044726423e-05, 8.08452023193e-06, 5.45563079868e-06, 3.50413847627e-06, 4.01334955313e-06, 5.38639369552e-06, 4.64351796836e-06, 3.23915378431e-06], "var": [4.28704588558e-05, 2.1859386834e-05, 3.1152030715e-06, 1.27487021473e-06, 6.69024586841e-07, 1.66623522091e-07, 1.33001969971e-06, 1.02223862086e-06, 3.28518638071e-07, 2.13085684209e-07, 7.32985370178e-08, 4.28399893337e-08, 6.91647201734e-08, 3.54870870467e-08, 1.81144290679e-08, 1.02918784606e-08, 1.18738148203e-08, 9.61921564624e-09, 7.49297601743e-09, 3.12765147115e-09, 1.34075783809e-09, 6.90050516727e-10, 4.55772253272e-10, 3.28955446216e-10, 4.39609876279e-10, 1.83370818529e-10, 1.7110408923e-10, 2.08782394151e-10, 3.05971581405e-10, 2.42986269994e-10, 3.57409407625e-10, 4.24073581806e-10, 4.94481788849e-10, 3.34638622368e-10, 1.74844375089e-10, 7.09991995751e-11, 1.19410412114e-10, 2.13227935308e-10, 1.79843626102e-10, 5.45140529939e-11], "median": [0.00130983407144, 0.000897898746189, 0.000601893349085, 0.000474804663099, 0.000151543092215, 8.71943193488e-05, 9.65020153672e-05, 0.000133462890517, 8.1488302385e-05, 8.08525946923e-05, 8.08250624686e-05, 5.78836152272e-05, 6.50252986816e-05, 5.20220746694e-05, 3.55117881554e-05, 2.64764003077e-05, 2.52460758929e-05, 1.99375117518e-05, 1.85670796782e-05, 1.76876692422e-05, 1.48987637658e-05, 1.16286773846e-05, 7.64806554798e-06, 7.21078322385e-06, 7.86826421972e-06, 4.35333686255e-06, 3.68915493709e-06, 3.71087412532e-06, 3.82821235689e-06, 4.55635108665e-06, 5.79628795094e-06, 5.86054102314e-06, 4.33847662862e-06, 2.55193504017e-06, 2.32479715123e-06, 1.73290607108e-06, 1.36478206514e-06, 1.70841178715e-06, 1.44546095271e-06, 7.34870241104e-07], "min": [1.15613754681e-10, 3.84349670146e-12, 1.09192643534e-13, 1.27591664515e-14, 1.54763033037e-14, 6.22021355322e-14, 2.69550871288e-14, 2.33445685336e-14, 3.71647733476e-14, 5.77201589476e-14, 1.05822645026e-13, 8.89524659985e-14, 1.31855518257e-13, 1.30205760656e-14, 2.71449292352e-14, 2.38241467298e-14, 2.37504379228e-14, 1.38289995571e-14, 3.93715550613e-14, 5.97819049038e-14, 2.78568384045e-14, 1.44316914511e-14, 5.95737990731e-14, 6.86857932726e-14, 1.41233951753e-14, 5.86444955097e-14, 9.86385198374e-15, 5.30760805857e-14, 3.36847249312e-14, 3.77192072335e-14, 1.71669607376e-14, 2.08239526425e-14, 1.70888117838e-14, 1.70385505428e-14, 2.79010603006e-14, 2.20482066307e-14, 1.14003282454e-14, 2.15390703727e-14, 1.90879264299e-14, 1.96655300551e-14], "dvar": [4.3140611524e-05, 2.14628998947e-05, 2.11997326005e-06, 8.77470085925e-07, 5.04697709403e-07, 1.3939791188e-07, 8.536908922e-07, 7.26113114524e-07, 2.03571644875e-07, 1.05579175624e-07, 5.14165385823e-08, 3.41456498631e-08, 4.5817170502e-08, 2.8226782689e-08, 1.29498447521e-08, 7.61821095097e-09, 7.71034791569e-09, 5.98363225635e-09, 4.07183975426e-09, 1.93749372102e-09, 6.12004336098e-10, 4.23578561115e-10, 3.37045030774e-10, 1.71599859322e-10, 2.0071121154e-10, 1.17575518765e-10, 1.02995681428e-10, 1.26944510459e-10, 2.05811506726e-10, 1.2472393951e-10, 2.08235137467e-10, 1.77482376018e-10, 2.23262380805e-10, 1.61444427271e-10, 7.23046483797e-11, 2.68817763188e-11, 5.81476429506e-11, 9.48117973021e-11, 7.77975114885e-11, 2.69071449149e-11], "mean": [0.00384346628562, 0.00276206433773, 0.00132213544566, 0.000840971246362, 0.000419236574089, 0.000202223149245, 0.000458835507743, 0.000451375875855, 0.0002600857988, 0.000188810678083, 0.000151370419189, 0.000103637205029, 0.000131255801534, 9.99502590275e-05, 7.36963775125e-05, 5.82358443353e-05, 5.62429995625e-05, 5.146132753e-05, 4.64201366412e-05, 3.6818877561e-05, 2.88976734737e-05, 2.03517902264e-05, 1.37475508382e-05, 1.22336032291e-05, 1.49864399646e-05, 8.69297309691e-06, 8.0380050349e-06, 8.12558846519e-06, 8.17515501694e-06, 9.42628412304e-06, 1.17896770462e-05, 1.26087543322e-05, 1.20101021821e-05, 9.28143617784e-06, 6.91712739354e-06, 4.67582458441e-06, 4.8320280257e-06, 6.52821563563e-06, 5.74475234316e-06, 3.35111622007e-06]}, "spectral_centroid": {"max": 11383.8291016, "dmean": 339.452270508, "dvar2": 244854.359375, "dmean2": 512.730834961, "var": 561007.625, "median": 1429.96374512, "min": 234.556900024, "dvar": 129894.71875, "mean": 1582.50708008}, "pitch_salience": {"max": 0.839014112949, "dmean": 0.0825302824378, "dvar2": 0.014501074329, "dmean2": 0.138083413243, "var": 0.0159924011678, "median": 0.568573653698, "min": 0.000569508760236, "dvar": 0.00515374401584, "mean": 0.551550805569}, "gfcc": {"icov": [[9.86431114143e-05, -6.52105663903e-05, 4.76005516248e-05, -0.000120218239317, 0.000182121279067, -0.000190618025954, 0.000286151829641, -1.9267487005e-05, 0.000108231302875, -0.000275405298453, 0.000450590247056, -0.000396681687562, 0.000394102738937], [-6.52105663903e-05, 0.00151789048687, 0.000367320841178, 0.000211285354453, -0.000875092402566, 0.000360241305316, -0.000560212181881, 0.00024709731224, -0.000902982661501, 0.00148998305667, -0.00188108580187, 0.00206957873888, -5.47829149582e-05], [4.76005516248e-05, 0.000367320841178, 0.00309163867496, -0.000797499960754, -0.00103698705789, -0.00221451255493, 4.99650341226e-05, -0.000824202259537, 0.000570196891204, -0.000816328276414, 0.000494208361488, -0.00062251300551, 0.000547474250197], [-0.000120218239317, 0.000211285354453, -0.000797499960754, 0.00603865366429, -0.00198524072766, -0.00128958327696, -0.00112581602298, 0.00216166675091, -0.00104407861363, 0.00274156872183, 0.000208274592296, 0.00155134219676, -0.0020502069965], [0.000182121279067, -0.000875092402566, -0.00103698705789, -0.00198524072766, 0.0071623804979, -0.000389049237128, -0.00122415449005, 0.000152748907567, 0.000103372251033, -0.00131269416306, 0.000355939817382, 0.000277345679933, -0.00140245014336], [-0.000190618025954, 0.000360241305316, -0.00221451255493, -0.00128958327696, -0.000389049237128, 0.0109322369099, -0.00225415918976, -0.00242446176708, 0.000626027001999, -0.00132242951076, 0.000740852032322, 0.00273805204779, 0.00010723585001], [0.000286151829641, -0.000560212181881, 4.99650341226e-05, -0.00112581602298, -0.00122415449005, -0.00225415918976, 0.0101664634421, -0.00470432266593, -0.00126033031847, 0.00249407114461, -0.00132253661286, -0.00211381935515, 0.00259047746658], [-1.9267487005e-05, 0.00024709731224, -0.000824202259537, 0.00216166675091, 0.000152748907567, -0.00242446176708, -0.00470432266593, 0.0146060474217, -0.0010752226226, -0.000756455818191, -0.000371535134036, -0.000850429816637, 0.00129730172921], [0.000108231302875, -0.000902982661501, 0.000570196891204, -0.00104407861363, 0.000103372251033, 0.000626027001999, -0.00126033031847, -0.0010752226226, 0.0136995129287, -0.00696943840012, -6.92569483363e-06, 0.00258792820387, -0.00225069560111], [-0.000275405298453, 0.00148998305667, -0.000816328276414, 0.00274156872183, -0.00131269416306, -0.00132242951076, 0.00249407114461, -0.000756455818191, -0.00696943840012, 0.0202667694539, -0.00763566559181, 0.000847549643368, 0.00242333416827], [0.000450590247056, -0.00188108580187, 0.000494208361488, 0.000208274592296, 0.000355939817382, 0.000740852032322, -0.00132253661286, -0.000371535134036, -6.92569483363e-06, -0.00763566559181, 0.0211697742343, -0.00874923635274, 0.00161922350526], [-0.000396681687562, 0.00206957873888, -0.00062251300551, 0.00155134219676, 0.000277345679933, 0.00273805204779, -0.00211381935515, -0.000850429816637, 0.00258792820387, 0.000847549643368, -0.00874923635274, 0.0255397409201, -0.0107229193673], [0.000394102738937, -5.47829149582e-05, 0.000547474250197, -0.0020502069965, -0.00140245014336, 0.00010723585001, 0.00259047746658, 0.00129730172921, -0.00225069560111, 0.00242333416827, 0.00161922350526, -0.0107229193673, 0.0207576658577]], "cov": [[16496.5234375, -619.238464355, -206.68309021, -145.066238403, -679.297180176, 105.687919617, -669.486755371, -140.76385498, -223.882797241, 143.259078979, -352.578521729, 26.7749462128, -277.471893311], [-619.238464355, 1084.60595703, -147.558547974, 38.6689758301, 140.911758423, -41.130355835, 104.765953064, -5.60907649994, 85.4998626709, -45.5027008057, 69.2387695312, -81.149269104, -13.3987693787], [-206.68309021, -147.558547974, 590.075256348, 148.185012817, 140.792510986, 185.820907593, 97.0363235474, 74.0677871704, -9.47195625305, 13.4102573395, -23.4837303162, -8.95892906189, -10.9674062729], [-145.066238403, 38.6689758301, 148.185012817, 288.850982666, 123.951431274, 76.9188613892, 61.7190933228, -9.83728504181, 6.38167047501, -43.0258255005, -27.5472145081, -22.4437427521, 24.6369342804], [-679.297180176, 140.911758423, 140.792510986, 123.951431274, 249.089187622, 60.1519241333, 91.7486724854, 22.043214798, 25.0214118958, -10.4033298492, 9.83079528809, -17.4770755768, 19.6214828491], [105.687919617, -41.130355835, 185.820907593, 76.9188613892, 60.1519241333, 176.657409668, 68.7040863037, 51.1360168457, 1.05459809303, 7.13517570496, -17.9594478607, -21.6516628265, -18.5397968292], [-669.486755371, 104.765953064, 97.0363235474, 61.7190933228, 91.7486724854, 68.7040863037, 197.998794556, 69.9385375977, 25.8439941406, -13.8048362732, 22.8280315399, -7.62403535843, -8.01797103882], [-140.76385498, -5.60907649994, 74.0677871704, -9.83728504181, 22.043214798, 51.1360168457, 69.9385375977, 108.181228638, 13.8513402939, 13.8131608963, 11.0245466232, -0.323722809553, -15.6693325043], [-223.882797241, 85.4998626709, -9.47195625305, 6.38167047501, 25.0214118958, 1.05459809303, 25.8439941406, 13.8513402939, 103.466697693, 31.8368778229, 20.114818573, -12.4235076904, 2.46562767029], [143.259078979, -45.5027008057, 13.4102573395, -43.0258255005, -10.4033298492, 7.13517570496, -13.8048362732, 13.8131608963, 31.8368778229, 85.1619949341, 26.0452289581, 4.77022743225, -13.381193161], [-352.578521729, 69.2387695312, -23.4837303162, -27.5472145081, 9.83079528809, -17.9594478607, 22.8280315399, 11.0245466232, 20.114818573, 26.0452289581, 81.6998214722, 21.6768283844, 5.95946550369], [26.7749462128, -81.149269104, -8.95892906189, -22.4437427521, -17.4770755768, -21.6516628265, -7.62403535843, -0.323722809553, -12.4235076904, 4.77022743225, 21.6768283844, 70.2349243164, 29.8866062164], [-277.471893311, -13.3987693787, -10.9674062729, 24.6369342804, 19.6214828491, -18.5397968292, -8.01797103882, -15.6693325043, 2.46562767029, -13.381193161, 5.95946550369, 29.8866062164, 76.3350067139]], "mean": [23.5022087097, 69.6306228638, -105.674171448, 36.4042282104, -60.4902381897, 29.6415119171, -31.4613800049, 10.6308116913, -18.3157367706, 2.84262681007, -17.0486736298, 1.20725893974, -9.08419704437]}, "spectral_flux": {"max": 0.399048000574, "dmean": 0.0366617180407, "dvar2": 0.00451220758259, "dmean2": 0.0599332153797, "var": 0.00483799446374, "median": 0.109471909702, "min": 7.4470576692e-06, "dvar": 0.00176490505692, "mean": 0.117645569146}, "zerocrossingrate": {"max": 0.39306640625, "dmean": 0.0159384738654, "dvar2": 0.00030757219065, "dmean2": 0.0170509554446, "var": 0.00264398520812, "median": 0.0654296875, "min": 0, "dvar": 0.0003201510699, "mean": 0.0788876414299}, "spectral_energyband_middle_low": {"max": 0.0898387730122, "dmean": 0.00620180927217, "dvar2": 0.000140548843774, "dmean2": 0.00997462961823, "var": 0.000126587867271, "median": 0.0101214917377, "min": 4.86013139456e-12, "dvar": 5.5044562032e-05, "mean": 0.0129649313167}, "silence_rate_20dB": {"max": 1, "dmean": 0, "dvar2": 0, "dmean2": 0, "var": 0, "median": 1, "min": 1, "dvar": 0, "mean": 1}, "silence_rate_30dB": {"max": 1, "dmean": 0.0500920042396, "dvar2": 0.121425278485, "dmean2": 0.100194253027, "var": 0.0356356352568, "median": 1, "min": 0, "dvar": 0.0475781150162, "mean": 0.962997019291}, "spectral_entropy": {"max": 9.80788230896, "dmean": 0.151741340756, "dvar2": 0.0456912107766, "dmean2": 0.221524402499, "var": 0.115533255041, "median": 7.89350366592, "min": 6.43972063065, "dvar": 0.0235570408404, "mean": 7.9249215126}, "spectral_rolloff": {"max": 12080.1269531, "dmean": 780.55847168, "dvar2": 3265445.25, "dmean2": 1223.92285156, "var": 4836068, "median": 1227.39257812, "min": 21.533203125, "dvar": 1674736, "mean": 2002.76477051}, "spectral_complexity": {"max": 64, "dmean": 3.67061948776, "dvar2": 28.5144920349, "dmean2": 5.27757883072, "var": 118.736122131, "median": 22, "min": 0, "dvar": 18.0039043427, "mean": 22.4330978394}, "spectral_spread": {"max": 40888640, "dmean": 625241.6875, "dvar2": 1381240537090.0, "dme