{"tonal": {"chords_number_rate": 0.00231839250773, "thpcp": [1, 0.587044835091, 0.216272637248, 0.258349508047, 0.33495220542, 0.338980019093, 0.367902547121, 0.391994267702, 0.279452949762, 0.182930409908, 0.167772844434, 0.221800372005, 0.347823113203, 0.36332899332, 0.235986709595, 0.155052140355, 0.158158257604, 0.256975710392, 0.561546802521, 0.848860740662, 0.803215324879, 0.740560472012, 0.6579464674, 0.381086796522, 0.19487786293, 0.163637399673, 0.174204319715, 0.236231863499, 0.329812586308, 0.288370221853, 0.228282630444, 0.241645053029, 0.253837794065, 0.31305116415, 0.340185403824, 0.682332992554], "hpcp": {"dvar": [0.0310798231512, 0.0306375436485, 0.0270937122405, 0.0208885073662, 0.0187627431005, 0.0308281108737, 0.0430728346109, 0.0589027069509, 0.0533351302147, 0.0632422789931, 0.0479374080896, 0.0374680310488, 0.0231193285435, 0.0211780574173, 0.0238815676421, 0.0235723089427, 0.0294613093138, 0.0291614793241, 0.0273285731673, 0.0276742391288, 0.0380366183817, 0.0365803688765, 0.0410474166274, 0.0525738187134, 0.0799771994352, 0.0439950078726, 0.0385363698006, 0.0277955774218, 0.0276267826557, 0.0319040045142, 0.0361343361437, 0.034502658993, 0.0291236322373, 0.0314222984016, 0.0285248477012, 0.0301355533302], "mean": [0.113740347326, 0.118810862303, 0.0771691352129, 0.050703022629, 0.0517187453806, 0.0840326696634, 0.183629333973, 0.277582794428, 0.262656450272, 0.242167919874, 0.215152621269, 0.124617777765, 0.0637262836099, 0.0535104572773, 0.056965906173, 0.0772493034601, 0.107850782573, 0.094298876822, 0.0746498554945, 0.0790194496512, 0.0830065533519, 0.102369695902, 0.111242763698, 0.223127171397, 0.327006280422, 0.191967353225, 0.0707225129008, 0.0844819098711, 0.109531477094, 0.110848590732, 0.120306439698, 0.128184586763, 0.091382868588, 0.0598193928599, 0.0548627749085, 0.0725301131606], "min": [1.45416679516e-05, 1.75179375219e-05, 1.85113494808e-05, 3.55486508852e-06, 2.87213629235e-06, 7.50716617404e-06, 2.4133363695e-05, 1.46146658153e-05, 6.23201485723e-05, 2.14009992305e-06, 2.74939793599e-06, 3.02317198475e-06, 4.95195581607e-06, 3.30176885655e-06, 2.24681593863e-06, 2.67478071692e-06, 1.6024992874e-05, 1.57777594723e-05, 4.00391581934e-06, 2.95329982691e-06, 5.64682795812e-06, 4.59505554318e-06, 9.02896147181e-07, 1.00629349618e-05, 6.95035987519e-06, 1.31137521748e-05, 5.28511554876e-06, 1.47473938341e-05, 2.33671307797e-05, 7.45600164009e-06, 1.34830161187e-05, 2.79551659332e-05, 1.97880544874e-05, 5.66695553061e-06, 9.68056701822e-06, 1.30528269437e-05], "median": [0.0232731848955, 0.0216868333519, 0.0150092206895, 0.00954801216722, 0.00900067202747, 0.0164573304355, 0.0567503832281, 0.096003472805, 0.0952848866582, 0.0756163448095, 0.0409213528037, 0.0206835083663, 0.0114066507667, 0.0108613902703, 0.010780422017, 0.0160951018333, 0.0198982190341, 0.0206469167024, 0.0188809335232, 0.0186364520341, 0.0213283468038, 0.0256831087172, 0.0266566667706, 0.0825650990009, 0.0779390782118, 0.0543765649199, 0.0103115485981, 0.0205448642373, 0.0287782251835, 0.032071441412, 0.0287767089903, 0.026017293334, 0.0195697769523, 0.0113148931414, 0.00970263779163, 0.0141041427851], "dvar2": [0.0872595086694, 0.0845916047692, 0.0756536871195, 0.0568227991462, 0.0523301437497, 0.0861167833209, 0.115864671767, 0.149527534842, 0.140928655863, 0.172688871622, 0.122591905296, 0.102285839617, 0.0627223998308, 0.0583926066756, 0.0675737038255, 0.0645996108651, 0.0781872346997, 0.0807087272406, 0.076999925077, 0.0776295661926, 0.108272448182, 0.102289319038, 0.117703951895, 0.131015643477, 0.169460594654, 0.112984709442, 0.10771548003, 0.0750476941466, 0.0743113681674, 0.090137578547, 0.103384055197, 0.0938771441579, 0.0821879208088, 0.0912994071841, 0.0834304392338, 0.0881604477763], "var": [0.0469468608499, 0.0508727431297, 0.0269225127995, 0.0167236998677, 0.0148115232587, 0.0291863493621, 0.0708367228508, 0.119394496083, 0.103437386453, 0.1027751863, 0.103863582015, 0.0511039234698, 0.0213200002909, 0.0167171098292, 0.0181534774601, 0.0228602327406, 0.0461972691119, 0.0332715287805, 0.0226881541312, 0.0239546466619, 0.0290718190372, 0.037407297641, 0.0437520258129, 0.0687931627035, 0.166874498129, 0.0568240955472, 0.0283269751817, 0.0277174543589, 0.0379457473755, 0.0376064777374, 0.0472888313234, 0.0578766465187, 0.033863376826, 0.02173887752, 0.0186994932592, 0.0259485412389], "dmean2": [0.164653882384, 0.160394430161, 0.13705958426, 0.107634581625, 0.112279772758, 0.166761547327, 0.24244813621, 0.304495066404, 0.312383145094, 0.323331356049, 0.247527599335, 0.200131982565, 0.13115426898, 0.114498838782, 0.128100737929, 0.138791441917, 0.150396406651, 0.156057491899, 0.151941820979, 0.157401636243, 0.182021901011, 0.193779036403, 0.212717354298, 0.266313672066, 0.305505186319, 0.242821767926, 0.174453765154, 0.153489008546, 0.163589477539, 0.179326698184, 0.187352374196, 0.170760154724, 0.157813325524, 0.143619790673, 0.135489493608, 0.150140315294], "max": [1, 1, 1, 1, 1, 1, 1, 1, 1, 1, 1, 1, 1, 1, 1, 1, 1, 1, 1, 1, 1, 1, 1, 1, 1, 1, 1, 1, 1, 1, 1, 1, 1, 1, 1, 1], "dmean": [0.0918706804514, 0.0900276303291, 0.0766607150435, 0.0601927898824, 0.0622870847583, 0.0924745798111, 0.138904944062, 0.175155386329, 0.179991468787, 0.183180674911, 0.142734691501, 0.112263783813, 0.0725891068578, 0.0642875358462, 0.0708993077278, 0.077740944922, 0.0854823663831, 0.0875959917903, 0.0843717381358, 0.0873159393668, 0.100520692766, 0.107150241733, 0.116959407926, 0.150592297316, 0.17240087688, 0.13433277607, 0.0943288132548, 0.0864680707455, 0.0942280292511, 0.101726382971, 0.106292739511, 0.0975767597556, 0.0881929472089, 0.0774513483047, 0.0728917345405, 0.0814784094691]}, "key_strength": 0.709643959999, "chords_strength": {"dvar": 6.83995604049e-05, "mean": 0.493373781443, "min": 0.245296880603, "median": 0.489944458008, "dvar2": 9.56510921242e-05, "var": 0.0110059706494, "dmean2": 0.010823792778, "max": 0.87613427639, "dmean": 0.00983158685267}, "tuning_equal_tempered_deviation": 0.242565020919, "chords_key": "B", "tuning_frequency": 434.193115234, "chords_scale": "major", "chords_changes_rate": 0.0795981436968, "key_scale": "minor", "tuning_diatonic_strength": 0.590227067471, "hpcp_entropy": {"dvar": 0.317133843899, "mean": 1.95385086536, "min": 0.0339570678771, "median": 1.90272521973, "dvar2": 0.869988203049, "var": 0.777535617352, "dmean2": 1.11861646175, "max": 4.53793239594, "dmean": 0.663295805454}, "chords_histogram": [11.0703248978, 7.7279753685, 8.98377132416, 0.193199381232, 0, 1.02395677567, 0, 9.23493003845, 0.270479142666, 17.3299846649, 0, 0, 0, 0.0193199384958, 7.59273576736, 0.502318382263, 1.25579595566, 0, 0.154559507966, 0.560278236866, 4.7720246315, 13.0216379166, 8.42349338531, 7.86321496964], "tuning_nontempered_energy_ratio": 0.868866086006, "key_key": "E"}, "metadata": {"version": {"extractor": "music 1.0", "essentia_build_sha": "2d9f1f26377add8aeb1075a9c2973f962c4f09fd", "essentia": "2.1-beta2", "essentia_git_sha": "v2.1_beta2-1-ge3940c0"}, "audio_properties": {"sample_rate": 44100, "length": 240.293334961, "lossless": true, "analysis_sample_rate": 44100, "downmix": "mix", "bit_rate": 0, "equal_loudness": 0, "md5_encoded": "dd66d97d50eab724feaa37fb215b788b", "codec": "flac", "replay_gain": -8.86201286316}, "tags": {"disctotal": ["1"], "genre": ["Trip-Hop"], "catalognumber": ["[none]"], "musicbrainz_recordingid": ["8e10870d-e0b8-4df6-9be0-0b0dfb957d5d"], "title": ["Elaborate Schemes"], "musicbrainz_releasetrackid": ["8a238097-adae-37d8-840d-3da65c0c6c99"], "discnumber": ["1"], "artistsort": ["Sunday Munich"], "releasetype": ["album"], "originaldate": ["1998"], "musicbrainz_artistid": ["6590156d-0ded-4b18-a9f0-ad450df33e77"], "tracknumber": ["9"], "musicbrainz_albumartistid": ["6590156d-0ded-4b18-a9f0-ad450df33e77"], "mood": ["Melancholy"], "totaltracks": ["12"], "tracktotal": ["12"], "originalyear": ["1998"], "date": ["1998"], "acoustid_id": ["c51455fe-020e-4e38-a8ed-e53bb1e09832"], "albumartistsort": ["Sunday Munich"], "musicbrainz_releasegroupid": ["b8be14fc-ed91-324e-b363-de7908f5335e"], "media": ["CD"], "label": ["Kyan Records"], "albumartist": ["Sunday Munich"], "asin": ["B000QZUK8Q"], "script": ["Latn"], "musicbrainz_albumid": ["cec921fb-8000-42f9-96c5-01a49c748713"], "file_name": "09 - Elaborate Schemes.flac", "releasestatus": ["official"], "totaldiscs": ["1"], "album": ["Pneuma"], "artist": ["Sunday Munich"]}}, "lowlevel": {"melbands": {"dvar": [4.00781063945e-05, 3.29856702592e-05, 1.22213223221e-05, 2.24969312512e-06, 7.93208926098e-07, 6.40413375663e-08, 5.36175051025e-08, 2.46498956358e-07, 3.23133129143e-08, 3.70501069824e-08, 3.12884971265e-08, 1.32740094472e-08, 5.32465938008e-09, 4.73048089589e-09, 3.83979736895e-09, 1.0204073142e-09, 1.67271951845e-09, 7.50216500034e-10, 3.56133983415e-10, 2.35047203923e-10, 1.37621969376e-10, 8.50015127729e-11, 7.91513590781e-11, 5.61232241236e-11, 3.95225553673e-11, 3.04286248975e-11, 1.47005914386e-11, 7.21402234824e-12, 1.19316284283e-11, 1.0730142469e-11, 1.84077874471e-11, 1.22297111674e-11, 6.26082909475e-12, 8.63231101184e-12, 7.12622322263e-12, 5.72046750247e-12, 1.01736778724e-11, 1.07954261849e-11, 5.54971910441e-12, 4.4514604676e-12], "mean": [0.00806078314781, 0.00327982869931, 0.00144249852747, 0.00121582765132, 0.000863342196681, 0.000182342526386, 0.000266873190412, 0.000531743222382, 0.000154641558765, 0.000162039272254, 0.00018109366647, 7.18230876373e-05, 6.22839506832e-05, 4.49423678219e-05, 4.73927684652e-05, 2.77958315564e-05, 2.69718220807e-05, 2.09390000236e-05, 1.95069987967e-05, 1.43999477586e-05, 1.04365062725e-05, 8.00352154329e-06, 6.93554557074e-06, 5.7125157582e-06, 4.65491666546e-06, 3.98079509978e-06, 3.10704263029e-06, 2.45943692789e-06, 2.44130660576e-06, 2.52489326158e-06, 3.00259466712e-06, 2.5480419481e-06, 2.01468242267e-06, 2.09832114706e-06, 2.12248596654e-06, 1.92321886061e-06, 1.81950395017e-06, 1.78192669864e-06, 1.4374542161e-06, 1.2595262433e-06], "min": [5.534064762e-09, 5.08447195458e-09, 1.07403366201e-08, 1.8196134377e-08, 1.20555947447e-08, 9.37110566923e-09, 1.4269445181e-08, 5.82211328037e-08, 1.90440712089e-08, 1.02102353239e-08, 5.36117461536e-09, 1.59788822174e-08, 3.04186400513e-08, 1.03317869815e-08, 1.7791077056e-08, 2.40011317487e-08, 1.16304859077e-08, 1.21997674185e-08, 8.0763271626e-09, 7.24865811819e-09, 5.08925168674e-09, 3.59712792886e-09, 1.21428667121e-09, 3.26511206961e-10, 4.56421872519e-10, 6.46647457803e-11, 1.26904910192e-11, 9.46433296317e-12, 9.04077854247e-12, 6.9304566426e-12, 4.42665565661e-12, 4.90736834849e-12, 3.86586162388e-12, 4.74918064944e-12, 5.24212834599e-12, 5.21289695438e-12, 4.47044701604e-12, 6.5007972963e-12, 7.53713931545e-12, 7.51673723265e-12], "median": [0.000422199256718, 0.000624673906714, 0.000299059494864, 0.000675596762449, 0.000473112624604, 7.80817790655e-05, 0.000152752982103, 0.000226436648518, 7.56702647777e-05, 6.57671625959e-05, 6.91178138368e-05, 2.52493700827e-05, 2.71815188171e-05, 1.50124269567e-05, 1.87311106856e-05, 1.34397196234e-05, 1.08055446617e-05, 8.59814463183e-06, 9.89366617432e-06, 7.31584077585e-06, 4.86355020257e-06, 3.57574276677e-06, 2.85491114482e-06, 2.50568791671e-06, 1.90613718587e-06, 1.45692820297e-06, 1.33630237542e-06, 9.58842292675e-07, 8.46398449994e-07, 7.60129523769e-07, 7.06361447556e-07, 6.06543494541e-07, 5.06287392454e-07, 4.59943976239e-07, 5.0648185379e-07, 4.51798086942e-07, 3.82947860089e-07, 3.38265635946e-07, 3.11198391501e-07, 2.56038674706e-07], "dvar2": [7.75084990892e-05, 6.81301971781e-05, 2.94143919746e-05, 5.75780495637e-06, 2.094726824e-06, 1.59477863804e-07, 1.38062077326e-07, 6.10243262145e-07, 8.22854815397e-08, 8.93946179303e-08, 6.48449898222e-08, 3.29523572873e-08, 1.30229995676e-08, 1.20904113388e-08, 9.07644981396e-09, 2.40893971437e-09, 3.88957799302e-09, 1.76543191177e-09, 8.48456804814e-10, 5.93221194389e-10, 3.50542983529e-10, 2.14206347104e-10, 1.87682994146e-10, 1.38042924314e-10, 9.36300065257e-11, 7.26328233669e-11, 3.41130040882e-11, 1.60970820007e-11, 2.66042778085e-11, 2.14978191498e-11, 3.81921196058e-11, 2.62093940301e-11, 1.29064406731e-11, 1.92500095725e-11, 1.49489327167e-11, 1.15088919297e-11, 2.03406510385e-11, 2.38257000934e-11, 1.0921215321e-11, 8.52976109883e-12], "var": [0.000224626608542, 6.08088703302e-05, 1.26211625684e-05, 2.79566961581e-06, 1.28098088226e-06, 8.58353317312e-08, 1.12178803136e-07, 6.10090808095e-07, 4.77173855984e-08, 7.63448113617e-08, 1.17486600004e-07, 1.97823926129e-08, 1.08760982442e-08, 6.20826900999e-09, 7.31189331304e-09, 1.84550852378e-09, 3.513637159e-09, 1.26243049348e-09, 7.18778370157e-10, 3.78750725227e-10, 2.24306392904e-10, 1.45070719326e-10, 1.37215974694e-10, 8.19360135296e-11, 5.75120888413e-11, 4.57576303237e-11, 2.46748871335e-11, 1.52908102846e-11, 2.03937301074e-11, 2.06963716998e-11, 3.11288980703e-11, 2.03326886578e-11, 1.18656638334e-11, 1.41999389677e-11, 1.33489096513e-11, 1.15254672126e-11, 1.77935877838e-11, 1.66679257202e-11, 1.12954715026e-11, 1.01945743514e-11], "dmean2": [0.00356001313776, 0.00329508143477, 0.00213663536124, 0.00140720058698, 0.000921036058571, 0.000236463994952, 0.000244249065872, 0.000449641695013, 0.000173571403138, 0.000168257451151, 0.000141207579873, 8.8404136477e-05, 6.17837358732e-05, 5.98318074481e-05, 5.0661736168e-05, 2.65869803115e-05, 2.63883957814e-05, 2.11535025301e-05, 1.73946446012e-05, 1.4593006199e-05, 1.00401839518e-05, 8.39546828502e-06, 6.87674855726e-06, 6.27673625786e-06, 5.34732907909e-06, 4.24825748269e-06, 3.01831573779e-06, 2.31555395658e-06, 2.49919435191e-06, 2.40938311435e-06, 3.16302384817e-06, 2.80730751001e-06, 2.08022083825e-06, 2.27454052038e-06, 2.067325795e-06, 1.84639213785e-06, 1.97773806576e-06, 2.01502393793e-06, 1.33989806272e-06, 1.16473745493e-06], "max": [0.0780391618609, 0.0613166578114, 0.0434139296412, 0.022525055334, 0.0142021551728, 0.00358710205182, 0.00330944475718, 0.00919200852513, 0.00288186362013, 0.00568927684799, 0.006357957609, 0.00254033505917, 0.00223892484792, 0.00103350600693, 0.00132187863346, 0.00100369623397, 0.00124307337683, 0.000817220832687, 0.000402321718866, 0.000356873206329, 0.000220964488108, 0.000159869872732, 0.00016693166981, 0.000208221390494, 0.000175612876774, 0.000134346933919, 0.00016039008915, 4.93337902299e-05, 6.66843043291e-05, 6.92890316714e-05, 6.08252812526e-05, 5.34339815204e-05, 4.7751240345e-05, 6.38630735921e-05, 4.68257130706e-05, 4.94922642247e-05, 0.000110596593004, 7.0194939326e-05, 5.62391287531e-05, 6.86469866196e-05], "dmean": [0.0027845480945, 0.00226166914217, 0.00132639741059, 0.000855948543176, 0.000559402164072, 0.000141154989251, 0.000152109438204, 0.000284439272946, 0.000105242972495, 0.000104594313598, 9.30299574975e-05, 5.40636428923e-05, 3.95574679715e-05, 3.66442764062e-05, 3.18235397572e-05, 1.68098940776e-05, 1.67917060026e-05, 1.32749710247e-05, 1.12304769573e-05, 9.0574276328e-06, 6.45674845146e-06, 5.20338380738e-06, 4.43901853941e-06, 3.99435884901e-06, 3.43886222254e-06, 2.81167149296e-06, 1.99221221919e-06, 1.54372332872e-06, 1.69785118942e-06, 1.70458213233e-06, 2.21945356316e-06, 1.89911656889e-06, 1.43172985645e-06, 1.51895062572e-06, 1.43408863096e-06, 1.27659313875e-06, 1.38717473419e-06, 1.39288397349e-06, 9.73238343249e-07, 8.45360830226e-07]}, "spectral_decrease": {"dvar": 3.5931048287e-17, "mean": -1.27769581582e-08, "min": -8.210101754e-08, "median": -5.81690429158e-09, "dvar2": 8.54080724597e-17, "var": 2.34429285405e-16, "dmean2": 5.66451330286e-09, "max": -1.62161896324e-12, "dmean": 3.80245257503e-09}, "spectral_rolloff": {"dvar": 794096.5, "mean": 891.010803223, "min": 43.06640625, "median": 581.396484375, "dvar2": 1832947.5, "var": 1532835, "dmean2": 616.664978027, "max": 12704.5898438, "dmean": 385.780670166}, "melbands_crest": {"dvar": 10.0965080261, "mean": 17.5779666901, "min": 2.73135042191, "median": 15.6915969849, "dvar2": 24.5475254059, "var": 62.7340278625, "dmean2": 5.52027130127, "max": 37.4492607117, "dmean": 3.50125312805}, "barkbands_skewness": {"dvar": 0.764413237572, "mean": 2.71413993835, "min": -3.94346570969, "median": 2.2201859951, "dvar2": 1.36469376087, "var": 4.23924350739, "dmean2": 1.07577574253, "max": 24.7940788269, "dmean": 0.750364124775}, "spectral_centroid": {"dvar": 55952.03125, "mean": 823.154907227, "min": 111.514564514, "median": 720.560668945, "dvar2": 116468.203125, "var": 201157.734375, "dmean2": 295.513946533, "max": 6734.18847656, "dmean": 199.64251709}, "spectral_energyband_middle_low": {"dvar": 0.000191076862393, "mean": 0.0152237601578, "min": 7.74805698711e-07, "median": 0.0102120349184, "dvar2": 0.000429302599514, "var": 0.000293266843073, "dmean2": 0.0123638566583, "max": 0.197255581617, "dmean": 0.00789764896035}, "erbbands_crest": {"dvar": 6.29358959198, "mean": 9.51176357269, "min": 2.25756192207, "median": 8.33894348145, "dvar2": 14.5687093735, "var": 24.0300369263, "dmean2": 4.24143123627, "max": 31.535451889, "dmean": 2.68233084679}, "dynamic_complexity": 3.71699118614, "spectral_energyband_low": {"dvar": 0.000494134495966, "mean": 0.0325944311917, "min": 4.82789062062e-08, "median": 0.0044228779152, "dvar2": 0.00105835765135, "var": 0.00288758822717, "dmean2": 0.0158834345639, "max": 0.288436621428, "dmean": 0.011236269027}, "silence_rate_60dB": {"dvar": 0.0139080276713, "mean": 0.0958454087377, "min": 0, "median": 0, "dvar2": 0.0318646728992, "var": 0.0866867080331, "dmean2": 0.0282180123031, "max": 1, "dmean": 0.0141076436266}, "erbbands_kurtosis": {"dvar": 3.20923113823, "mean": 1.12039542198, "min": -1.74030184746, "median": 0.185493454337, "dvar2": 7.02886295319, "var": 9.31524181366, "dmean2": 1.85981988907, "max": 49.0000305176, "dmean": 1.21132564545}, "spectral_complexity": {"dvar": 18.5557384491, "mean": 15.3318843842, "min": 0, "median": 13, "dvar2": 32.0224609375, "var": 94.6370162964, "dmean2": 5.55585622787, "max": 52, "dmean": 4.03923082352}, "barkbands_crest": {"dvar": 6.31346035004, "mean": 12.5412378311, "min": 2.58064866066, "median": 11.6592216492, "dvar2": 14.5209112167, "var": 29.2659835815, "dmean2": 4.23958301544, "max": 26.5765457153, "dmean": 2.76435375214}, "spectral_energy": {"dvar": 0.000524670409504, "mean": 0.0499762408435, "min": 6.72362739351e-06, "median": 0.0238413885236, "dvar2": 0.00124908506405, "var": 0.00343342334963, "dmean2": 0.0219586547464, "max": 0.314461141825, "dmean": 0.0147694628686}, "spectral_spread": {"dvar": 590308769792, "mean": 5245425.5, "min": 798638.375, "median": 5456193, "dvar2": 1054552883200.0, "var": 5104542416900.0, "dmean2": 982229.625, "max": 17578526, "dmean": 721507}, "spectral_contrast_valleys": {"dvar": [0.139645680785, 0.135659456253, 0.130152001977, 0.0979627147317, 0.0992241948843, 0.138205364347], "mean": [-7.41922998428, -6.77320480347, -7.34855747223, -7.78110980988, -8.12135791779, -10.3284959793], "min": [-12.6605186462, -10.3885393143, -10.7915210724, -10.7795381546, -13.1115684509, -15.2070760727], "median": [-6.99434518814, -6.60361480713, -7.1895442009, -7.59834194183, -7.77089309692, -9.9169883728], "dvar2": [0.322410434484, 0.303587794304, 0.259724259377, 0.191146850586, 0.169925227761, 0.237819835544], "var": [2.36248469353, 0.978337883949, 1.07859623432, 0.958169281483, 1.5200009346, 2.15990591049], "dmean2": [0.67631393671, 0.677248179913, 0.631061971188, 0.504076361656, 0.456771761179, 0.502194881439], "max": [-4.89139556885, -4.58929681778, -5.03617811203, -5.60535573959, -5.93194007874, -7.77690219879], "dmean": [0.424649327993, 0.438457816839, 0.423759520054, 0.34451854229, 0.334682583809, 0.37597900629]}, "spectral_rms": {"dvar": 1.13750024866e-06, "mean": 0.00587455136701, "min": 8.09915800346e-05, "median": 0.00482285115868, "dvar2": 2.45159094447e-06, "var": 1.42468561535e-05, "dmean2": 0.00135472242255, "max": 0.0175154600292, "dmean": 0.000926227425225}, "barkbands_spread": {"dvar": 43.0415420532, "mean": 15.5287208557, "min": 0.158590063453, "median": 11.5816745758, "dvar2": 84.9603805542, "var": 172.717330933, "dmean2": 7.51285028458, "max": 106.62651062, "dmean": 5.29711580276}, "pitch_salience": {"dvar": 0.00566663499922, "mean": 0.520044028759, "min": 0.0493054166436, "median": 0.550445318222, "dvar2": 0.0117692807689, "var": 0.0286164563149, "dmean2": 0.123534686863, "max": 0.874916017056, "dmean": 0.0811282396317}, "erbbands_skewness": {"dvar": 0.119129441679, "mean": 0.790482401848, "min": -3.86183977127, "median": 0.71844291687, "dvar2": 0.265436828136, "var": 0.525088310242, "dmean2": 0.572845518589, "max": 6.81156635284, "dmean": 0.375567704439}, "spectral_energyband_middle_high": {"dvar": 3.90695004171e-06, "mean": 0.00289854221046, "min": 2.42752230406e-06, "median": 0.0015908703208, "dvar2": 8.221664757e-06, "var": 1.24357475215e-05, "dmean2": 0.0019046892412, "max": 0.0442513339221, "dmean": 0.00132951058913}, "erbbands": {"dvar": [0.619430840015, 33.1010894775, 151.879318237, 440.845092773, 496.060882568, 815.45501709, 443.696960449, 133.304992676, 194.481002808, 2243.42871094, 489.406036377, 852.526062012, 1238.58996582, 716.199035645, 371.144287109, 665.347473145, 243.283096313, 402.358886719, 256.137573242, 162.512481689, 80.1471710205, 73.873046875, 63.7916526794, 52.7366828918, 34.93334198, 17.5053520203, 25.5363826752, 50.0894927979, 32.0831489563, 20.5407295227, 17.39153862, 19.9958095551, 16.2692050934, 5.93559741974, 1.5294252634, 0.340430676937, 0.0656983107328, 0.00663722539321, 0.000300631974824, 1.25462304368e-06], "mean": [1.10767865181, 3.70181155205, 4.67366743088, 7.68604373932, 11.0052118301, 24.9843406677, 18.7813587189, 8.20939254761, 15.4692239761, 50.5258255005, 21.7831039429, 23.6475143433, 36.5985488892, 18.5046806335, 17.7307033539, 17.4785251617, 15.9967327118, 14.6661472321, 13.445318222, 13.7792348862, 9.23120307922, 7.82401180267, 7.00321483612, 5.8874835968, 5.07881402969, 3.97400617599, 3.93239736557, 5.11047840118, 4.39616394043, 3.68419909477, 3.59973287582, 3.01897192001, 2.38328433037, 1.54143214226, 0.763127505779, 0.419178545475, 0.199015319347, 0.0721660628915, 0.0142124639824, 0.00106709159445], "min": [6.90254523761e-07, 3.8420562305e-06, 9.83099198493e-06, 4.81139868498e-05, 0.000147996004671, 0.000247634365223, 0.000440679548774, 0.000387565902201, 0.0010092590237, 0.00559707311913, 0.0029088514857, 0.00144630391151, 0.00289807654917, 0.00640041427687, 0.0152175640687, 0.00795235484838, 0.00975571572781, 0.00790344644338, 0.0079111289233, 0.00851840898395, 0.00628028390929, 0.00409752363339, 0.00184823782183, 0.000789527897723, 9.90339685814e-05, 1.98431625904e-05, 1.34950996653e-05, 1.06081542981e-05, 8.46227703732e-06, 9.32090642891e-06, 9.89634190773e-06, 9.53615108301e-06, 1.12957850433e-05, 9.06878722162e-06, 6.57308555674e-06, 3.15279044116e-06, 1.48952301515e-06, 7.22580807633e-07, 3.06969695885e-07, 3.85021579064e-08], "median": [0.0334258489311, 0.409925848246, 0.840765118599, 1.42016732693, 3.56809282303, 13.4948129654, 10.0893735886, 3.70811271667, 8.79268264771, 21.8447780609, 11.4754400253, 9.77821063995, 14.3288841248, 7.46847248077, 8.07585906982, 6.23300170898, 7.63713264465, 6.2854218483, 5.98478031158, 7.23099422455, 4.66068696976, 3.53431797028, 3.15880012512, 2.5480298996, 2.0647084713, 1.62578344345, 1.3728055954, 1.28210902214, 1.08213639259, 0.873623967171, 0.871463179588, 0.681510210037, 0.503896176815, 0.328928351402, 0.184578865767, 0.103733465075, 0.0544176921248, 0.0211280435324, 0.00430307164788, 0.000408518360928], "dvar2": [1.09350001812, 61.3838729858, 376.906890869, 1110.97058105, 1189.90917969, 2209.2800293, 1177.5057373, 334.955078125, 501.838287354, 5644.73925781, 1213.67834473, 2133.04345703, 2542.0078125, 1784.17260742, 879.113830566, 1593.3782959, 578.092163086, 932.728149414, 593.542236328, 399.024993896, 196.706314087, 180.927566528, 151.873397827, 120.913597107, 79.7504196167, 38.2754020691, 54.1988487244, 100.561904907, 67.2450866699, 41.4816818237, 34.1906471252, 37.7291679382, 33.7878684998, 10.7044668198, 2.52505087852, 0.622066855431, 0.123772196472, 0.011334836483, 0.000558861996979, 2.46728450293e-06], "var": [4.33928346634, 78.992805481, 163.177749634, 410.87713623, 523.842102051, 1116.69177246, 635.154541016, 173.470062256, 405.028778076, 5378.46582031, 872.888122559, 1524.56188965, 4707.08203125, 1107.24047852, 800.639587402, 1104.77148438, 518.662597656, 865.010314941, 465.400543213, 322.737365723, 150.198272705, 136.515289307, 115.240722656, 84.7737808228, 63.394367218, 37.9750556946, 48.3322143555, 89.1885299683, 57.1928787231, 40.5276565552, 36.6615142822, 39.8149185181, 28.6924934387, 14.2400712967, 3.57211136818, 0.75481235981, 0.131519079208, 0.0147956544533, 0.000607129361015, 2.50659650192e-06], "dmean2": [0.430751502514, 3.07112789154, 6.68605422974, 12.4823608398, 15.7604560852, 28.3191795349, 21.0977611542, 10.5258493423, 14.5928125381, 43.042350769, 21.1322994232, 25.927822113, 28.1124000549, 20.9223537445, 17.2720680237, 21.6366348267, 14.5907115936, 13.3734235764, 12.384759903, 12.6723957062, 8.03249359131, 7.62210988998, 6.87841081619, 6.27540302277, 4.84848546982, 3.55109453201, 3.58655500412, 5.29148054123, 4.66878318787, 3.64715361595, 3.27253723145, 2.9861574173, 2.42290234566, 1.35593485832, 0.672014534473, 0.361083120108, 0.181824654341, 0.0645380467176, 0.0130197061226, 0.000999444164336], "max": [10.2340173721, 69.5912399292, 152.588989258, 254.004470825, 268.224853516, 471.427581787, 387.581695557, 149.990982056, 225.047470093, 876.690063477, 401.306152344, 773.68157959, 1246.2545166, 609.009338379, 494.387329102, 681.489624023, 266.08416748, 682.448974609, 482.974273682, 265.295135498, 170.672439575, 151.263473511, 141.142959595, 189.658309937, 121.258155823, 116.580551147, 105.187660217, 100.39099884, 81.1355285645, 74.4672012329, 60.7933692932, 148.092819214, 88.291519165, 79.4633636475, 52.7294158936, 16.1882801056, 3.27355456352, 0.774856746197, 0.185516804457, 0.0122795179486], "dmean": [0.352135568857, 2.18439126015, 4.29567623138, 7.53221797943, 9.51339244843, 17.0801506042, 12.6848468781, 6.26371479034, 9.00894069672, 27.1860332489, 13.0898942947, 15.8663187027, 18.5754318237, 12.9116840363, 11.0744466782, 13.3375205994, 9.34213638306, 8.60165977478, 7.91251134872, 7.96263742447, 5.21480512619, 4.79079151154, 4.44856023788, 4.1025724411, 3.25314116478, 2.42453026772, 2.54879689217, 3.73635363579, 3.18383455276, 2.53802990913, 2.32183504105, 2.13886666298, 1.72755515575, 1.00969934464, 0.506367444992, 0.280328691006, 0.137967064977, 0.0466272644699, 0.0096472306177, 0.000695523165632]}, "dissonance": {"dvar": 0.000505455071107, "mean": 0.443774402142, "min": 0.216875910759, "median": 0.457961976528, "dvar2": 0.00128461327404, "var": 0.00211455277167, "dmean2": 0.0395862571895, "max": 0.500000119209, "dmean": 0.0240616220981}, "erbbands_flatness_db": {"dvar": 0.000317282887409, "mean": 0.146333515644, "min": 0.0297326240689, "median": 0.122869431973, "dvar2": 0.000595203309786, "var": 0.00484663248062, "dmean2": 0.0261092688888, "max": 0.40109783411, "dmean": 0.0184457153082}, "melbands_kurtosis": {"dvar": 884.615722656, "mean": 28.8418998718, "min": -1.92892432213, "median": 13.3103542328, "dvar2": 1683.77331543, "var": 2674.87719727, "dmean2": 20.4637966156, "max": 841.714782715, "dmean": 13.8603849411}, "melbands_spread": {"dvar": 64.7254486084, "mean": 13.1579647064, "min": 0.238838940859, "median": 10.1462898254, "dvar2": 143.068511963, "var": 181.171020508, "dmean2": 6.85424852371, "max": 254.759170532, "dmean": 4.56987810135}, "melbands_skewness": {"dvar": 1.06373846531, "mean": 3.48775553703, "min": -0.933890342712, "median": 2.89390873909, "dvar2": 2.15076518059, "var": 5.86425828934, "dmean2": 1.38364124298, "max": 20.978761673, "dmean": 0.925302743912}, "spectral_entropy": {"dvar": 0.0446482747793, "mean": 7.37454462051, "min": 4.94608783722, "median": 7.53353738785, "dvar2": 0.0870746746659, "var": 0.466492772102, "dmean2": 0.31635671854, "max": 8.87577152252, "dmean": 0.224750086665}, "zerocrossingrate": {"dvar": 0.000208089448279, "mean": 0.0515795312822, "min": 0.00146484375, "median": 0.0400390625, "dvar2": 0.000238135296968, "var": 0.00166410289239, "dmean2": 0.0139274345711, "max": 0.4169921875, "dmean": 0.0124034946784}, "average_loudness": 0.845485985279, "spectral_contrast_coeffs": {"dvar": [0.00226673437282, 0.00163092394359, 0.000980171724223, 0.000455618574051, 0.000248567987001, 0.000250655139098], "mean": [-0.600841641426, -0.724922597408, -0.774917304516, -0.804889202118, -0.815996825695, -0.798063099384], "min": [-0.870949566364, -0.920185148716, -0.925828814507, -0.904288291931, -0.895284950733, -0.909491062164], "median": [-0.612005770206, -0.735793352127, -0.787483811378, -0.813265323639, -0.819046318531, -0.798945665359], "dvar2": [0.0054946411401, 0.00423722015694, 0.00252431095578, 0.0011825816473, 0.000661614001729, 0.000604238535743], "var": [0.0120319630951, 0.00681416317821, 0.00464343838394, 0.00205513858236, 0.000962382357102, 0.0011532244971], "dmean2": [0.0905930325389, 0.0811460316181, 0.0631719976664, 0.0439180545509, 0.0317728333175, 0.0286368094385], "max": [-0.278027653694, -0.367863208055, -0.451738059521, -0.534448385239, -0.618433594704, -0.609430611134], "dmean": [0.0577856376767, 0.0493865609169, 0.0387523919344, 0.0268364008516, 0.019423302263, 0.0181977264583]}, "barkbands_flatness_db": {"dvar": 0.000667062588036, "mean": 0.161161005497, "min": 0.0135045517236, "median": 0.147171884775, "dvar2": 0.00116227532271, "var": 0.00714523298666, "dmean2": 0.0382881462574, "max": 0.484194010496, "dmean": 0.0277246646583}, "silence_rate_30dB": {"dvar": 0.0403518937528, "mean": 0.822705328465, "min": 0, "median": 1, "dvar2": 0.080835737288, "var": 0.145873710513, "dmean2": 0.0842674896121, "max": 1, "dmean": 0.0421296730638}, "spectral_energyband_high": {"dvar": 7.18129001598e-07, "mean": 0.000856873812154, "min": 6.63632171438e-09, "median": 0.000299061066471, "dvar2": 1.176098408e-06, "var": 1.85370356576e-06, "dmean2": 0.000671440444421, "max": 0.0127962622792, "dmean": 0.000516175758094}, "melbands_flatness_db": {"dvar": 0.000964285165537, "mean": 0.255037397146, "min": 0.0325594842434, "median": 0.247189223766, "dvar2": 0.00170561671257, "var": 0.00974968448281, "dmean2": 0.0457727089524, "max": 0.622557938099, "dmean": 0.033822927624}, "barkbands": {"dvar": [2.74826902569e-06, 0.000509292236529, 0.000130798260216, 8.63307432155e-05, 4.28824132541e-05, 2.24928066928e-06, 2.80499148175e-06, 2.93875291391e-06, 1.8927646579e-06, 1.05597166566e-06, 2.94210707352e-07, 3.88767602999e-07, 1.48971594172e-07, 1.20938693726e-07, 8.20534040713e-08, 3.60720804338e-08, 2.28110117462e-08, 2.14490611938e-08, 1.83503860995e-08, 7.98907606736e-09, 2.14628155248e-08, 2.14320365899e-08, 2.19646754118e-08, 5.28738048899e-08, 3.08742933441e-08, 1.81143580136e-08, 9.97235805045e-09], "mean": [0.00340662314557, 0.0241489168257, 0.00362419313751, 0.0030194609426, 0.00603799661621, 0.00107352831401, 0.00184655631892, 0.00159124250058, 0.0012135936413, 0.000825234572403, 0.000448362232419, 0.000405219354434, 0.000330743059749, 0.00027151053655, 0.000285475020064, 0.000173845968675, 0.000132709406898, 0.000120703254652, 0.000110377979581, 8.3178456407e-05, 0.000113054877147, 0.000117263181892, 0.000122081415611, 0.000148878680193, 0.000122298617498, 0.000107714738988, 9.26745124161e-05], "min": [2.1413653073e-09, 1.762086832e-08, 9.7829886414e-09, 1.2296657026e-08, 8.23209589385e-08, 4.32618065815e-08, 7.81910358683e-08, 1.74716888068e-07, 7.77548834208e-08, 9.15713229688e-08, 1.19713519098e-07, 8.643793592e-08, 1.60683839567e-07, 1.14197732159e-07, 6.90606469789e-08, 1.05517216298e-07, 7.06438640918e-08, 1.72850125324e-08, 4.53145831969e-09, 3.74529990355e-10, 2.70084010712e-10, 2.40142933317e-10, 3.36038613602e-10, 5.8555055249e-10, 9.59920587462e-10, 7.83646203484e-10, 1.95975613515e-09], "median": [0.00010930501594, 0.00169990560971, 0.000537075276952, 0.000489121535793, 0.00359210954048, 0.000485584954731, 0.00097534165252, 0.000611351744737, 0.000490673002787, 0.000289251096547, 0.000185063952813, 0.000127217412228, 0.000148503502714, 0.000117362607853, 0.000141441836604, 8.39262502268e-05, 5.86589812883e-05, 5.37664527656e-05, 4.40560070274e-05, 3.45454318449e-05, 3.34757387463e-05, 2.94846413453e-05, 3.03440829157e-05, 3.17191152135e-05, 2.81602606265e-05, 3.03076885757e-05, 2.9612921935e-05], "dvar2": [3.46475144397e-06, 0.000973811314907, 0.000333642674377, 0.000216078289668, 0.000112737281597, 5.69277290197e-06, 7.18169712854e-06, 6.86110615788e-06, 4.58266504211e-06, 2.32132106248e-06, 7.1601482432e-07, 9.44264058944e-07, 3.61359809631e-07, 2.77442609331e-07, 1.92541449451e-07, 8.97913565723e-08, 5.50932064414e-08, 5.12053155433e-08, 4.27639967882e-08, 1.71837370999e-08, 4.23299333363e-08, 4.28042596923e-08, 4.5946773497e-08, 1.01967884802e-07, 4.83610946844e-08, 3.25609157414e-08, 1.77831402937e-08], "var": [3.88173903048e-05, 0.00217182794586, 0.000116960320156, 7.5489464507e-05, 5.86992136959e-05, 2.83344274976e-06, 5.79506604481e-06, 6.9123184403e-06, 4.20005153501e-06, 2.92851768791e-06, 5.8062039443e-07, 5.92755668549e-07, 2.60489002812e-07, 2.65928264298e-07, 1.67174022181e-07, 5.8245660739e-08, 4.07527984692e-08, 3.5223397532e-08, 3.06166256792e-08, 1.72882419491e-08, 4.16148253635e-08, 4.1123232819e-08, 4.2648863996e-08, 1.02533263657e-07, 8.4020072677e-08, 3.9287535003e-08, 2.21857732186e-08], "dmean2": [0.000931749178562, 0.0127482740209, 0.00608557695523, 0.00544396461919, 0.00656019710004, 0.00140575109981, 0.00166639918461, 0.0014492549235, 0.0012483515311, 0.000793831830379, 0.000456807174487, 0.000536918465514, 0.000334897777066, 0.000252603611443, 0.000251086225035, 0.000170620071003, 0.00013080330973, 0.000124726109789, 0.000112945672299, 7.34592686058e-05, 0.000107023515739, 0.000117151052109, 0.00011486808944, 0.000151081912918, 0.000102761019662, 9.29372181417e-05, 8.33099984447e-05], "max": [0.0263251364231, 0.281210482121, 0.146144121885, 0.120555572212, 0.0929591730237, 0.0230119172484, 0.0312052741647, 0.0376922860742, 0.0360273048282, 0.0363362841308, 0.0163474828005, 0.013901100494, 0.00886915624142, 0.0101103559136, 0.00736926542595, 0.00406142277643, 0.00255198054947, 0.0034305001609, 0.00342961633578, 0.00304135773331, 0.00221138913184, 0.0022569806315, 0.00283537432551, 0.0057463562116, 0.00548431044444, 0.00222221156582, 0.000923564599361], "dmean": [0.000800960988272, 0.00961324572563, 0.00373403425328, 0.00329914479516, 0.00398924713954, 0.000839567161165, 0.00104125472717, 0.000910620670766, 0.000775946711656, 0.000509081117343, 0.000291219883366, 0.000329668284394, 0.000211554506677, 0.000161794669111, 0.000161727715749, 0.00010756473057, 8.27869880595e-05, 8.03775546956e-05, 7.50286781113e-05, 5.04503223056e-05, 7.75598964537e-05, 8.25040551717e-05, 7.98079272499e-05, 0.000108509157144, 7.83850991866e-05, 7.18993978808e-05, 6.12551739323e-05]}, "erbbands_spread": {"dvar": 91.3187332153, "mean": 38.7378578186, "min": 2.59022140503, "median": 35.8391113281, "dvar2": 192.154876709, "var": 442.838684082, "dmean2": 13.285115242, "max": 156.923461914, "dmean": 9.14348888397}, "barkbands_kurtosis": {"dvar": 420.451385498, "mean": 15.1726207733, "min": -1.91072165966, "median": 6.35479831696, "dvar2": 840.434020996, "var": 1004.80340576, "dmean2": 11.4519586563, "max": 930.829711914, "dmean": 8.02759456635}, "spectral_flux": {"dvar": 0.00129144778475, "mean": 0.0935303270817, "min": 0.0021002702415, "median": 0.080205053091, "dvar2": 0.0028593048919, "var": 0.00506403530017, "dmean2": 0.0429754108191, "max": 0.419177800417, "dmean": 0.0279118940234}, "silence_rate_20dB": {"dvar": 0, "mean": 1, "min": 1, "median": 1, "dvar2": 0, "var": 0, "dmean2": 0, "max": 1, "dmean": 0}, "gfcc": {"cov": [[11038.0283203, -3332.62426758, 1590.42346191, 981.224853516, 240.121078491, 705.106201172, 765.977783203, 423.63671875, 265.840240479, 217.620101929, 242.825714111, 670.727722168, -247.697097778], [-3332.62426758, 2226.83569336, -569.495422363, -147.137374878, 370.992584229, -185.066772461, -78.1279220581, -88.8472366333, -23.7121334076, -66.8739242554, -17.0654640198, -274.839813232, 203.283798218], [1590.42346191, -569.495422363, 1029.25317383, 273.573699951, 240.801452637, 263.522766113, 200.310974121, 163.410385132, 143.736755371, 131.126693726, 39.6661376953, 168.545303345, -42.2554130554], [981.224853516, -147.137374878, 273.573699951, 448.537353516, 175.415878296, 132.996017456, 113.369010925, 65.0475311279, 80.95703125, 14.6947965622, 49.4757537842, 69.8435745239, 24.7670326233], [240.121078491, 370.992584229, 240.801452637, 175.415878296, 499.273712158, 159.808685303, 156.777496338, 71.3115844727, 96.6982345581, 51.1148300171, 44.0343971252, 50.3187484741, 36.1935997009], [705.106201172, -185.066772461, 263.522766113, 132.996017456, 159.808685303, 273.825897217, 124.205741882, 52.5047721863, 67.6613388062, 54.4463653564, 45.9266586304, 71.8414230347, -5.17326021194], [765.977783203, -78.1279220581, 200.310974121, 113.369010925, 156.777496338, 124.205741882, 240.939529419, 98.3311309814, 98.14868927, 66.9141693115, 72.4126281738, 74.4960861206, 20.3369369507], [423.63671875, -88.8472366333, 163.410385132, 65.0475311279, 71.3115844727, 52.5047721863, 98.3311309814, 185.369308472, 75.6246948242, 63.1186408997, 37.1122016907, 49.3802108765, 29.1174621582], [265.840240479, -23.7121334076, 143.736755371, 80.95703125, 96.6982345581, 67.6613388062, 98.14868927, 75.6246948242, 166.658035278, 78.5343551636, 61.1293830872, 57.6616592407, 2.43431544304], [217.620101929, -66.8739242554, 131.126693726, 14.6947965622, 51.1148300171, 54.4463653564, 66.9141693115, 63.1186408997, 78.5343551636, 117.971786499, 57.7599220276, 40.7467002869, 4.67168426514], [242.825714111, -17.0654640198, 39.6661376953, 49.4757537842, 44.0343971252, 45.9266586304, 72.4126281738, 37.1122016907, 61.1293830872, 57.7599220276, 101.572967529, 54.2979164124, 21.381319046], [670.727722168, -274.839813232, 168.545303345, 69.8435745239, 50.3187484741, 71.8414230347, 74.4960861206, 49.3802108765, 57.6616592407, 40.7467002869, 54.2979164124, 125.553939819, -2.51525259018], [-247.697097778, 203.283798218, -42.2554130554, 24.7670326233, 36.1935997009, -5.17326021194, 20.3369369507, 29.1174621582, 2.43431544304, 4.67168426514, 21.381319046, -2.51525259018, 111.34337616]], "mean": [-12.9825992584, 91.115852356, -85.9198684692, 3.05069899559, -48.8272666931, 3.87394332886, -34.0981750488, 2.18948292732, -17.6143741608, 0.260578751564, -16.3531780243, -4.20517158508, -7.41529369354], "icov": [[0.000290973752271, 0.000381597288651, 4.36992104369e-06, -0.000312447024044, -0.000180994000402, 3.40766418958e-05, -0.000567029695958, -0.000119004544104, 0.000291794684017, 9.90795742837e-05, -0.000132866043714, -0.000219032270252, 0.000226905816817], [0.000381597288651, 0.00209559919313, 0.000277757295407, 0.000183703057701, -0.00215421826579, 0.000796230917331, -0.000369760789908, 0.000308463117108, -0.000555138860364, 0.000835306185763, -0.00147479283623, 0.00316399848089, -0.00185666477773], [4.36992104369e-06, 0.000277757295407, 0.00205050548539, -0.00063070008764, -0.000533003418241, -0.000654755800497, -0.000214494866668, -0.000528676202521, -8.70783151186e-06, -0.00164886377752, 0.00189271685667, -0.00116463960148, 0.000420953438152], [-0.000312447024044, 0.000183703057701, -0.00063070008764, 0.00392125546932, -0.000994695350528, -0.000357367593097, 0.000661727390252, 0.000121624099847, -0.00161296047736, 0.00250422745012, -0.00173110677861, 0.0015421010321, -0.00169054383878], [-0.000180994000402, -0.00215421826579, -0.000533003418241, -0.000994695350528, 0.00540818925947, -0.00184362067375, -0.00120627612341, -0.000230934674619, 0.000154602821567, -0.00086214178009, 0.00212335330434, -0.00346464617178, 0.00153321144171], [3.40766418958e-05, 0.000796230917331, -0.000654755800497, -0.000357367593097, -0.00184362067375, 0.00651813531294, -0.00140166445635, 0.00