{"tonal": {"chords_key": "B", "hpcp_entropy": {"dmean": 0.633060157299, "dmean2": 1.05285108089, "max": 4.38197517395, "dvar": 0.26552388072, "mean": 2.22145748138, "dvar2": 0.726528406143, "min": 0, "var": 0.521785855293, "median": 2.23176574707}, "key_key": "B", "chords_strength": {"dmean": 0.0108389155939, "dmean2": 0.012019478716, "max": 0.883178055286, "dvar": 8.62018641783e-05, "mean": 0.54466342926, "dvar2": 0.000116307848657, "min": 0.239475533366, "var": 0.0101697621867, "median": 0.548040390015}, "key_scale": "minor", "chords_number_rate": 0.00176678446587, "thpcp": [1, 0.78349250555, 0.431041568518, 0.290790736675, 0.227675497532, 0.231384560466, 0.267866551876, 0.242233976722, 0.292318999767, 0.470070153475, 0.443868458271, 0.294662743807, 0.229201391339, 0.195270389318, 0.2929482162, 0.442353248596, 0.431776553392, 0.323461025953, 0.237132459879, 0.219130411744, 0.45469558239, 0.714181184769, 0.554505169392, 0.432018339634, 0.524473547935, 0.47018507123, 0.355267703533, 0.263019710779, 0.222505375743, 0.29272159934, 0.367496162653, 0.318197906017, 0.256473898888, 0.262151151896, 0.346387833357, 0.690314054489], "key_strength": 0.726709425449, "tuning_nontempered_energy_ratio": 0.746393442154, "tuning_frequency": 441.272583008, "chords_changes_rate": 0.0621908120811, "tuning_diatonic_strength": 0.676236212254, "chords_scale": "minor", "chords_histogram": [47.7208480835, 2.42049479485, 1.30742049217, 0.335689038038, 0, 2.29681968689, 0.477031797171, 12.455830574, 0, 2.24381613731, 1.21908128262, 0, 0.141342759132, 0, 0, 0.0530035346746, 0.848056554794, 0.0353356897831, 0.247349828482, 0.777385175228, 0, 2.10247349739, 11.3427562714, 13.9752645493], "tuning_equal_tempered_deviation": 0.0348790958524, "hpcp": {"dmean": [0.121824190021, 0.116554588079, 0.111281692982, 0.125383377075, 0.161445915699, 0.200829535723, 0.199739024043, 0.209530442953, 0.176828026772, 0.136147499084, 0.105374373496, 0.0942772179842, 0.0954930633307, 0.0899860784411, 0.103371575475, 0.133223086596, 0.137083336711, 0.107023708522, 0.0852119550109, 0.0817966461182, 0.106734149158, 0.130818769336, 0.138518884778, 0.128083094954, 0.0981046780944, 0.0915592238307, 0.132314413786, 0.1678121984, 0.15833671391, 0.15381026268, 0.154278934002, 0.167843699455, 0.143783226609, 0.106596522033, 0.0963706374168, 0.11348105967], "dmean2": [0.20768506825, 0.199699357152, 0.199746549129, 0.229578569531, 0.29440176487, 0.354402184486, 0.333601564169, 0.35773319006, 0.312642008066, 0.244434192777, 0.190799206495, 0.169149026275, 0.169278338552, 0.160317182541, 0.181602656841, 0.228134527802, 0.234052225947, 0.189370930195, 0.152580171824, 0.148432433605, 0.188225105405, 0.22221006453, 0.239366069436, 0.227376535535, 0.174062356353, 0.16382111609, 0.227613598108, 0.279990583658, 0.270773917437, 0.268736362457, 0.268421024084, 0.291587263346, 0.251906633377, 0.186543852091, 0.172317534685, 0.199486881495], "max": [1, 1, 1, 1, 1, 1, 1, 1, 1, 1, 1, 1, 1, 1, 1, 1, 1, 1, 1, 1, 1, 1, 1, 1, 1, 1, 1, 1, 1, 1, 1, 1, 1, 1, 1, 1], "dvar": [0.0416765250266, 0.0378555841744, 0.0379027985036, 0.0437313243747, 0.0541816055775, 0.0559934526682, 0.056452691555, 0.0557245537639, 0.0564959980547, 0.0490320250392, 0.038858179003, 0.0329313464463, 0.0291300769895, 0.0267118867487, 0.0304344054312, 0.0438626222312, 0.0430831201375, 0.0286265853792, 0.0243279784918, 0.0244096890092, 0.0308880116791, 0.0445326082408, 0.0461916290224, 0.0428204201162, 0.0299592074007, 0.0269736964256, 0.0312727615237, 0.0459817945957, 0.0391088761389, 0.045818246901, 0.0542230382562, 0.0604793354869, 0.0519659146667, 0.0342170037329, 0.030321681872, 0.0375668220222], "mean": [0.145252764225, 0.12576764822, 0.101371243596, 0.103615179658, 0.136909708381, 0.272846460342, 0.39524975419, 0.309675216675, 0.170369073749, 0.114934965968, 0.0899886861444, 0.0914546921849, 0.105874188244, 0.095742918551, 0.115539014339, 0.185795113444, 0.175438895822, 0.116465374827, 0.0905917957425, 0.0771805718541, 0.11578771472, 0.174840018153, 0.170659571886, 0.127847895026, 0.0937265455723, 0.0866112411022, 0.179718315601, 0.282279938459, 0.219168037176, 0.170755147934, 0.20729804039, 0.185840532184, 0.140419468284, 0.10395847261, 0.0879451930523, 0.11569814384], "dvar2": [0.0944685488939, 0.0949839428067, 0.105802826583, 0.120857603848, 0.148256748915, 0.150443702936, 0.125325962901, 0.143218100071, 0.15019159019, 0.13026881218, 0.105675920844, 0.0900732055306, 0.0805300399661, 0.0760008618236, 0.0845083743334, 0.105109930038, 0.109485700727, 0.0795697569847, 0.0681397169828, 0.0680120289326, 0.0830807685852, 0.10506939888, 0.1137284711, 0.115494862199, 0.0829063430429, 0.0728045329452, 0.0803125426173, 0.105814099312, 0.100038617849, 0.12195482105, 0.133549287915, 0.155030027032, 0.1317576617, 0.0903548598289, 0.0827547907829, 0.0996904224157], "min": [0, 0, 0, 0, 0, 0, 0, 0, 0, 0, 0, 0, 0, 0, 0, 0, 0, 0, 0, 0, 0, 0, 0, 0, 0, 0, 0, 0, 0, 0, 0, 0, 0, 0, 0, 0], "var": [0.0543108992279, 0.0427950099111, 0.0314465016127, 0.0343042612076, 0.0487738028169, 0.0834998264909, 0.138084709644, 0.0940190181136, 0.0598532743752, 0.0412840880454, 0.0307988710701, 0.0269826557487, 0.0265177879483, 0.0218147169799, 0.0296808294952, 0.0715680792928, 0.060923717916, 0.0253174118698, 0.0184912346303, 0.0177597198635, 0.0347355641425, 0.0753319859505, 0.0680780485272, 0.0465114191175, 0.0277984701097, 0.02514818497, 0.0469048172235, 0.0933146253228, 0.0571492016315, 0.0550161935389, 0.0918514505029, 0.0741996392608, 0.0541199743748, 0.0341918766499, 0.0260334424675, 0.036348875612], "median": [0.0492355898023, 0.0419187806547, 0.0326727181673, 0.0295269973576, 0.0411395579576, 0.145754992962, 0.243688434362, 0.188074052334, 0.0587989315391, 0.0292893201113, 0.0253380089998, 0.0371664762497, 0.0508510768414, 0.0482261180878, 0.0480195954442, 0.066076233983, 0.0667946636677, 0.0608450993896, 0.0485663451254, 0.0352092087269, 0.0377839505672, 0.0431929677725, 0.042501822114, 0.0360548868775, 0.0292146969587, 0.0285314228386, 0.0906203836203, 0.154145658016, 0.123543575406, 0.0653268247843, 0.0581089295447, 0.0493837185204, 0.0392788499594, 0.0320310033858, 0.0299005396664, 0.0439357683063]}}, "lowlevel": {"melbands_flatness_db": {"dmean": 0.020184410736, "dmean2": 0.0317447856069, "max": 0.487674891949, "dvar": 0.000406262901379, "mean": 0.158583149314, "dvar2": 0.000953990092967, "min": 0.00684713479131, "var": 0.00184745655861, "median": 0.150034636259}, "melbands_crest": {"dmean": 3.03210711479, "dmean2": 5.0086774826, "max": 37.1618041992, "dvar": 7.34531831741, "mean": 13.4370832443, "dvar2": 19.3679027557, "min": 1.95643627644, "var": 18.8535938263, "median": 12.9968128204}, "spectral_entropy": {"dmean": 0.0944019407034, "dmean2": 0.143237009645, "max": 9.79862880707, "dvar": 0.00916127581149, "mean": 7.92264175415, "dvar2": 0.0196713805199, "min": 5.66813230515, "var": 0.0534874796867, "median": 7.93273735046}, "melbands": {"dmean": [0.000986095517874, 0.0015237784246, 0.000909209193196, 0.000601841660682, 0.000224798364798, 0.000176016255864, 0.000208996862057, 0.000178746326128, 0.000121119461255, 0.000194434149307, 0.000253972655628, 8.27318363008e-05, 5.97093749093e-05, 4.43199423898e-05, 5.83542641834e-05, 4.78911060782e-05, 6.3393432356e-05, 4.44965335191e-05, 3.04695658997e-05, 3.23122258123e-05, 3.69012341253e-05, 2.2266909582e-05, 1.31530796352e-05, 9.13579697226e-06, 9.26320080907e-06, 6.62672891849e-06, 4.92435447086e-06, 3.69129156752e-06, 3.68532141692e-06, 3.84347731597e-06, 3.31292994815e-06, 3.58929673894e-06, 2.94020082947e-06, 2.66484835265e-06, 2.37043150264e-06, 1.97095346266e-06, 1.56965370479e-06, 1.10295741251e-06, 8.37829304601e-07, 8.30614965253e-07], "dmean2": [0.00168122060131, 0.00250534852967, 0.0015060568694, 0.000989177147858, 0.00036981984158, 0.000294801866403, 0.000345111824572, 0.000290469179163, 0.000198688299861, 0.000310830248054, 0.000377015239792, 0.000124732454424, 9.40009413171e-05, 7.05236307113e-05, 9.37920704018e-05, 7.75076405262e-05, 9.99415860861e-05, 7.03228070051e-05, 4.74876615044e-05, 5.12252081535e-05, 6.08267728239e-05, 3.66495223716e-05, 2.15000327444e-05, 1.49360903379e-05, 1.54182162078e-05, 1.0885487427e-05, 8.15478506411e-06, 6.09070002611e-06, 6.0264919739e-06, 6.27394183539e-06, 5.25531004314e-06, 5.66447124584e-06, 4.68791131425e-06, 4.3182931222e-06, 3.85406610803e-06, 3.10167024509e-06, 2.44255397774e-06, 1.70959651768e-06, 1.25654253225e-06, 1.23640575111e-06], "max": [0.0183742083609, 0.0241443738341, 0.0195834916085, 0.0111782588065, 0.00480365240946, 0.00470239575952, 0.0074747223407, 0.00683431234211, 0.00617850897834, 0.00589594710618, 0.00956821907312, 0.00726461783051, 0.00417264830321, 0.00213664467447, 0.00378674431704, 0.00233032763936, 0.00284038996324, 0.00234165834263, 0.0018624169752, 0.00248097698204, 0.000920502119698, 0.000766767247114, 0.000537861778866, 0.000300619663903, 0.000463238364318, 0.00020453579782, 0.00020590054919, 0.000202804862056, 0.000123342062579, 0.000106349791167, 8.99515362107e-05, 0.00013882877829, 0.00014094542712, 9.80604309007e-05, 5.76200509386e-05, 7.2048533184e-05, 0.000137961018481, 0.000133861802169, 4.65551383968e-05, 3.91233916162e-05], "dvar": [4.09748690799e-06, 5.19286913914e-06, 1.4319911088e-06, 8.83515099304e-07, 9.1143711245e-08, 8.31888016251e-08, 1.71989327669e-07, 1.35942499924e-07, 8.399933904e-08, 1.41548241572e-07, 2.43699787461e-07, 3.91749637174e-08, 1.39802400767e-08, 7.40650873965e-09, 1.45674210472e-08, 6.74860967109e-09, 1.49116665682e-08, 9.80334480261e-09, 4.96554664053e-09, 5.8214841836e-09, 3.00008196064e-09, 1.00727670649e-09, 4.1677994389e-10, 1.94679869447e-10, 1.55815527147e-10, 8.02271374334e-11, 5.45427834842e-11, 3.99860006217e-11, 4.04197508796e-11, 3.50604198451e-11, 2.83104113069e-11, 3.37912683945e-11, 2.48978337947e-11, 1.73083110344e-11, 1.03139996543e-11, 1.01944815437e-11, 9.31806975329e-12, 7.45525603058e-12, 3.54171770037e-12, 3.41078901234e-12], "mean": [0.00133797619492, 0.00293764425442, 0.00210501882248, 0.0010906457901, 0.000421266129706, 0.000288365088636, 0.000308611546643, 0.000278585735941, 0.000176989080501, 0.000331422983436, 0.000443102471763, 0.000138944014907, 0.000107398816908, 8.04043011158e-05, 0.000100634875707, 8.55555408634e-05, 0.000109483735287, 7.45896686567e-05, 5.29169810761e-05, 5.84820991207e-05, 7.10461827111e-05, 4.49869548902e-05, 2.71534918284e-05, 2.02171941055e-05, 2.03102263185e-05, 1.53016735567e-05, 1.11033732537e-05, 7.67843721405e-06, 7.62224135542e-06, 8.13726910565e-06, 7.09401410859e-06, 7.60184138926e-06, 6.33294484942e-06, 6.157880307e-06, 5.82248912906e-06, 5.04261470269e-06, 3.87694080928e-06, 2.47717343882e-06, 1.84312659712e-06, 1.72961608769e-06], "dvar2": [1.09112525024e-05, 1.26113009173e-05, 3.80506730835e-06, 2.19377079702e-06, 2.35303943441e-07, 2.15498772604e-07, 4.48246197493e-07, 3.45902094523e-07, 2.15322671693e-07, 3.55255110662e-07, 5.04570948578e-07, 7.8626428035e-08, 3.2448838283e-08, 1.81882100492e-08, 3.66866608204e-08, 1.60530522209e-08, 3.39864314469e-08, 2.19540439161e-08, 1.14267084683e-08, 1.34560735887e-08, 7.81164377628e-09, 2.54578980119e-09, 1.02998931606e-09, 4.75954942125e-10, 4.12565315244e-10, 2.10900449882e-10, 1.35764954834e-10, 9.87161949406e-11, 1.0209607465e-10, 8.88537785015e-11, 6.73839525844e-11, 7.97199181668e-11, 6.13868053612e-11, 4.40401118351e-11, 2.61849309596e-11, 2.4441748972e-11, 2.19625290176e-11, 1.73398378989e-11, 7.45952691977e-12, 7.20907751897e-12], "min": [3.17395305873e-24, 7.88787383385e-24, 7.03453774912e-24, 2.09895455382e-24, 1.15462399476e-23, 1.60766744372e-23, 1.82426036763e-24, 5.09611165635e-24, 6.80765346417e-24, 9.81459796395e-24, 2.05419537492e-23, 8.60037537002e-24, 3.488637168e-24, 6.00353086145e-24, 6.88285005224e-24, 4.69550284513e-24, 5.42842522913e-24, 7.88139649695e-24, 1.04424657691e-23, 1.3819161208e-23, 1.45399797047e-23, 8.35803256678e-24, 7.02987794775e-24, 5.57565783405e-24, 1.29295178001e-23, 1.7613531675e-23, 1.67959641215e-23, 1.05076043806e-23, 1.13013096806e-23, 1.43533194373e-23, 1.43981346254e-23, 1.14589233006e-23, 9.65171554196e-24, 6.64475289838e-24, 1.33180341625e-23, 1.42734267603e-23, 8.20907038432e-24, 1.06079845642e-23, 9.63576004129e-24, 1.15252041827e-23], "var": [3.94043581764e-06, 7.08651350578e-06, 2.36615142057e-06, 1.38670316119e-06, 1.6696202465e-07, 1.21741777548e-07, 2.07649776485e-07, 2.09280983654e-07, 1.08064604376e-07, 2.58449176727e-07, 5.66296307625e-07, 9.44028073491e-08, 3.96217210152e-08, 1.3607666105e-08, 2.09651052074e-08, 1.27171873032e-08, 3.0181077193e-08, 1.66591895834e-08, 8.46601455606e-09, 1.08614583993e-08, 5.99156146919e-09, 1.87069360003e-09, 8.2807155577e-10, 3.66401659013e-10, 2.86217632928e-10, 1.80042702969e-10, 1.05282477181e-10, 6.64326718636e-11, 6.22557144725e-11, 6.19786652556e-11, 6.2859405181e-11, 7.19247925107e-11, 4.69454961016e-11, 3.62868242398e-11, 2.90473218395e-11, 3.08063609344e-11, 2.15359258204e-11, 1.3887726906e-11, 8.91503450923e-12, 8.38632115141e-12], "median": [0.000713281857315, 0.00227858545259, 0.00183832889888, 0.000741920084693, 0.000294793513604, 0.000178170157596, 0.000166374316905, 0.000126803381136, 8.14856321085e-05, 0.000161389732966, 0.000189772254089, 5.3729811043e-05, 5.02527982462e-05, 4.4693271775e-05, 5.91567659285e-05, 5.1505961892e-05, 5.77657410759e-05, 4.04583879572e-05, 2.82318596874e-05, 3.43019491993e-05, 5.18759043189e-05, 3.56851523975e-05, 2.04210264201e-05, 1.61526113516e-05, 1.72772324731e-05, 1.33687663038e-05, 9.32934017328e-06, 5.89657929595e-06, 5.85350016991e-06, 6.28860425422e-06, 4.70290251542e-06, 5.04990748595e-06, 4.41560860054e-06, 4.5210836106e-06, 4.43769931735e-06, 3.64900438399e-06, 2.69362158178e-06, 1.58679586093e-06, 1.01942225683e-06, 8.78809316873e-07]}, "silence_rate_60dB": {"dmean": 0.000353450566763, "dmean2": 0.000706963590346, "max": 1, "dvar": 0.000353370647645, "mean": 0.0168757736683, "dvar2": 0.000706440885551, "min": 0, "var": 0.0165912974626, "median": 0}, "spectral_energyband_middle_high": {"dmean": 0.00221692351624, "dmean2": 0.00326674175449, "max": 0.0675134435296, "dvar": 8.76188460097e-06, "mean": 0.00836826022714, "dvar2": 1.78217796929e-05, "min": 1.5856855443e-21, "var": 4.27088125434e-05, "median": 0.00679787341505}, "erbbands_skewness": {"dmean": 0.264067232609, "dmean2": 0.405582100153, "max": 2.68943071365, "dvar": 0.055114928633, "mean": 0.102641202509, "dvar2": 0.12695094943, "min": -2.1441218853, "var": 0.250427305698, "median": 0.0813412293792}, "dynamic_complexity": 2.10519313812, "dissonance": {"dmean": 0.0143817374483, "dmean2": 0.0244599003345, "max": 0.500000119209, "dvar": 0.000166646961588, "mean": 0.473809510469, "dvar2": 0.000463536038296, "min": 0.305006444454, "var": 0.000315226963721, "median": 0.477287352085}, "spectral_skewness": {"dmean": 0.126189857721, "dmean2": 0.198389485478, "max": 5.12236690521, "dvar": 0.0172814838588, "mean": 1.36209142208, "dvar2": 0.0414263680577, "min": -0.0230602324009, "var": 0.0823465511203, "median": 1.33773231506}, "spectral_kurtosis": {"dmean": 0.722080767155, "dmean2": 1.17398893833, "max": 36.2556114197, "dvar": 0.81294965744, "mean": 2.89121389389, "dvar2": 2.08083224297, "min": -1.18364179134, "var": 2.55623173714, "median": 2.67153334618}, "gfcc": {"cov": [[6612.87548828, 485.345855713, -473.292572021, 102.193206787, -328.894897461, 34.4778556824, -152.238357544, 47.4328994751, -83.4881210327, -84.1519470215, -141.688766479, -48.0349960327, -13.2772226334], [485.345855713, 634.356262207, -175.566055298, 19.3130168915, -45.817237854, -35.7018661499, 25.1241855621, -13.2123088837, 25.5298175812, -20.7790527344, 33.8619041443, -34.2109451294, -4.10987567902], [-473.292572021, -175.566055298, 420.656982422, 15.2079439163, 50.9875411987, 55.6346588135, -27.9066581726, 9.38580417633, -14.5657444, 51.9754943848, 6.86380672455, 25.4211826324, -17.6784687042], [102.193206787, 19.3130168915, 15.2079439163, 216.895553589, 8.62136363983, 23.0190143585, -13.7611865997, 6.76091957092, 22.2063083649, -14.6399593353, 7.17964315414, -6.164935112, 0.316544145346], [-328.894897461, -45.817237854, 50.9875411987, 8.62136363983, 194.655166626, 15.6230230331, 32.8698616028, 30.1391620636, 1.21359884739, 17.2110328674, 6.10223913193, 9.35676860809, 11.7404537201], [34.4778556824, -35.7018661499, 55.6346588135, 23.0190143585, 15.6230230331, 115.561279297, 37.5208206177, 13.5457649231, -7.62359046936, -4.86704587936, 3.4758617878, 3.15364789963, -2.51423144341], [-152.238357544, 25.1241855621, -27.9066581726, -13.7611865997, 32.8698616028, 37.5208206177, 112.34928894, 23.880853653, 7.82256650925, -1.85024607182, 4.83105373383, -1.69680273533, 3.31194877625], [47.4328994751, -13.2123088837, 9.38580417633, 6.76091957092, 30.1391620636, 13.5457649231, 23.880853653, 78.7821044922, 30.1268692017, 7.00772190094, -1.40118062496, 3.43865323067, 3.70796394348], [-83.4881210327, 25.5298175812, -14.5657444, 22.2063083649, 1.21359884739, -7.62359046936, 7.82256650925, 30.1268692017, 77.1635971069, 27.0593547821, 5.79988145828, -3.63651514053, 0.0640933513641], [-84.1519470215, -20.7790527344, 51.9754943848, -14.6399593353, 17.2110328674, -4.86704587936, -1.85024607182, 7.00772190094, 27.0593547821, 69.7705535889, 28.1322784424, 10.0719995499, -4.52263021469], [-141.688766479, 33.8619041443, 6.86380672455, 7.17964315414, 6.10223913193, 3.4758617878, 4.83105373383, -1.40118062496, 5.79988145828, 28.1322784424, 62.7350730896, 24.2230052948, -0.483151465654], [-48.0349960327, -34.2109451294, 25.4211826324, -6.164935112, 9.35676860809, 3.15364789963, -1.69680273533, 3.43865323067, -3.63651514053, 10.0719995499, 24.2230052948, 50.633895874, 20.6383972168], [-13.2772226334, -4.10987567902, -17.6784687042, 0.316544145346, 11.7404537201, -2.51423144341, 3.31194877625, 3.70796394348, 0.0640933513641, -4.52263021469, -0.483151465654, 20.6383972168, 49.4390411377]], "mean": [57.188495636, 72.3069458008, -110.43144989, 36.5839233398, -53.9806785583, 23.2997913361, -38.370136261, 7.85383892059, -21.3452548981, -3.57867860794, -22.4467658997, -2.74052906036, -15.5289926529], "icov": [[0.000268236675765, -0.000275056692772, 0.000437468232121, -0.000256674451521, 0.000388557324186, -0.000464283570182, 0.000542627298273, -0.000699423952028, 0.000904723186977, -0.000923423503991, 0.00123997183982, -0.000624006381258, 0.000294431927614], [-0.000275056692772, 0.00237090350129, 8.93856667972e-06, 0.000240387977101, -0.000130815169541, 0.000980106764473, -0.00100014894269, 0.00102701236028, -0.00166638288647, 0.00208585127257, -0.00374764343724, 0.00282022822648, -0.00082519632997], [0.000437468232121, 8.93856667972e-06, 0.00435913447291, -0.000907492591068, 2.28940480156e-05, -0.0025582711678, 0.00217404868454, -0.00154723552987, 0.00298660667613, -0.0049241790548, 0.00369162182324, -0.00309105636552, 0.00238976068795], [-0.000256674451521, 0.000240387977101, -0.000907492591068, 0.00583195593208, -0.000951382971834, -0.000947723456193, 0.00103399076033, 0.00101160735358, -0.00393367186189, 0.00437170779333, -0.00367561751045, 0.00228399853222, -0.000962558609899], [0.000388557324186, -0.000130815169541, 2.28940480156e-05, -0.000951382971834, 0.00677411304787, -0.00017524237046, -0.00109793501906, -0.00312742311507, 0.00285841920413, -0.00298078451306, 0.00161835062318, -0.000352299539372, -0.00131522072479], [-0.000464283570182, 0.000980106764473, -0.0025582711678, -0.000947723456193, -0.00017524237046, 0.0125106507912, -0.0054785432294, 2.34466697293e-05, -0.000115767441457, 0.00345372199081, -0.00360517739318, 0.00161054136697, -0.000300295068882], [0.000542627298273, -0.00100014894269, 0.00217404868454, 0.00103399076033, -0.00109793501906, -0.0054785432294, 0.0133201144636, -0.00374475121498, 0.000952955510002, -0.00126755575184, 0.0012950320961, -0.000266664486844, 0.000210803016671], [-0.000699423952028, 0.00102701236028, -0.00154723552987, 0.00101160735358, -0.00312742311507, 2.34466697293e-05, -0.00374475121498, 0.0192102231085, -0.010122933425, 0.00428246567026, -0.00191289861687, -0.00035275897244, -0.000574800360482], [0.000904723186977, -0.00166638288647, 0.00298660667613, -0.00393367186189, 0.00285841920413, -0.000115767441457, 0.000952955510002, -0.010122933425, 0.0244145728648, -0.014259650372, 0.00699863396585, -0.000941793376114, 0.000333726085955], [-0.000923423503991, 0.00208585127257, -0.0049241790548, 0.00437170779333, -0.00298078451306, 0.00345372199081, -0.00126755575184, 0.00428246567026, -0.014259650372, 0.0306606851518, -0.0172067508101, 0.00489512458444, -0.000604496221058], [0.00123997183982, -0.00374764343724, 0.00369162182324, -0.00367561751045, 0.00161835062318, -0.00360517739318, 0.0012950320961, -0.00191289861687, 0.00699863396585, -0.0172067508101, 0.0354591049254, -0.0198110174388, 0.00788764562458], [-0.000624006381258, 0.00282022822648, -0.00309105636552, 0.00228399853222, -0.000352299539372, 0.00161054136697, -0.000266664486844, -0.00035275897244, -0.000941793376114, 0.00489512458444, -0.0198110174388, 0.0380174145103, -0.016458183527], [0.000294431927614, -0.00082519632997, 0.00238976068795, -0.000962558609899, -0.00131522072479, -0.000300295068882, 0.000210803016671, -0.000574800360482, 0.000333726085955, -0.000604496221058, 0.00788764562458, -0.016458183527, 0.0283159893006]]}, "spectral_complexity": {"dmean": 3.77520537376, "dmean2": 6.03640842438, "max": 57, "dvar": 10.8295593262, "mean": 28.2672729492, "dvar2": 25.8139076233, "min": 0, "var": 84.6724319458, "median": 30}, "spectral_flux": {"dmean": 0.0239909198135, "dmean2": 0.0378082953393, "max": 0.294639378786, "dvar": 0.000620775506832, "mean": 0.101509973407, "dvar2": 0.00146379042417, "min": 1.03267401574e-10, "var": 0.00152684655041, "median": 0.0954654365778}, "spectral_energyband_low": {"dmean": 0.0067624412477, "dmean2": 0.0110280392691, "max": 0.0970310270786, "dvar": 0.00011226611241, "mean": 0.0141559364274, "dvar2": 0.000273143785307, "min": 4.26043422299e-23, "var": 0.000148139690282, "median": 0.0112389698625}, "spectral_decrease": {"dmean": 2.44387221571e-09, "dmean2": 3.89673804335e-09, "max": 1.03004029733e-28, "dvar": 8.44917929146e-18, "mean": -9.1695575577e-09, "dvar2": 2.05432555059e-17, "min": -2.79743712639e-08, "var": 1.59841850397e-17, "median": -8.46363334972e-09}, "barkbands_spread": {"dmean": 5.28056669235, "dmean2": 8.10783100128, "max": 139.915481567, "dvar": 29.3534622192, "mean": 30.0227947235, "dvar2": 65.9141769409, "min": 1.85710942745, "var": 177.378265381, "median": 28.633731842}, "spectral_rms": {"dmean": 0.000734538538381, "dmean2": 0.00115663395263, "max": 0.0103224087507, "dvar": 6.08482423559e-07, "mean": 0.00589018454775, "dvar2": 1.45477042679e-06, "min": 3.22553160396e-12, "var": 1.94686390387e-06, "median": 0.00583246443421}, "spectral_centroid": {"dmean": 192.793212891, "dmean2": 301.104949951, "max": 11053.9658203, "dvar": 39289.3007812, "mean": 1471.42932129, "dvar2": 81330.1640625, "min": 212.937240601, "var": 229381.703125, "median": 1479.50195312}, "barkbands_skewness": {"dmean": 0.3960275352, "dmean2": 0.619716346264, "max": 6.60495281219, "dvar": 0.17140597105, "mean": 1.35179853439, "dvar2": 0.406328111887, "min": -2.18898200989, "var": 0.680640995502, "median": 1.20143604279}, "spectral_rolloff": {"dmean": 470.817047119, "dmean2": 770.981018066, "max": 18884.6191406, "dvar": 531782.75, "mean": 1742.31311035, "dvar2": 1232883.375, "min": 43.06640625, "var": 2650010.75, "median": 1528.85742188}, "erbbands_spread": {"dmean": 7.37366008759, "dmean2": 11.1300344467, "max": 142.989898682, "dvar": 51.6105308533, "mean": 45.0258216858, "dvar2": 106.125793457, "min": 8.03796195984, "var": 294.027557373, "median": 41.8913345337}, "barkbands": {"dmean": [0.000175921653863, 0.00397812807932, 0.00349531159736, 0.00193675304763, 0.00242607831024, 0.000922245380934, 0.00109803199302, 0.000714598456398, 0.00149594480172, 0.0011001668172, 0.000447217928013, 0.000471794657642, 0.000454363587778, 0.000675484712701, 0.000422548037022, 0.000527882308234, 0.000331665884005, 0.000209954683669, 0.000170991654159, 0.000115645925689, 0.000136258095154, 0.00014636440028, 0.000126341037685, 9.26459979382e-05, 6.93409965606e-05, 2.62721441686e-05, 4.1331563807e-06], "dmean2": [0.000270443793852, 0.00679626129568, 0.00572481565177, 0.00328135024756, 0.0039508366026, 0.00152983656153, 0.00180660397746, 0.00117231288459, 0.00239000981674, 0.00158987555187, 0.00070688186679, 0.000754519540351, 0.000734999368433, 0.00106641522143, 0.00066843960667, 0.000857373117469, 0.00054479658138, 0.000346278073266, 0.000280293432297, 0.000189335929463, 0.000218038927414, 0.000226474963711, 0.000199323665584, 0.000138931543916, 9.89109030343e-05, 3.77907563234e-05, 5.94657012698e-06], "max": [0.00459895376116, 0.0663730725646, 0.0598778277636, 0.0544975064695, 0.0466343872249, 0.0247798357159, 0.0335307940841, 0.0300336685032, 0.036448314786, 0.0509209595621, 0.0538309589028, 0.017966363579, 0.0181029271334, 0.0237917061895, 0.0176825672388, 0.0275744050741, 0.0094657773152, 0.00530218612403, 0.00702216150239, 0.00423629488796, 0.00356840738095, 0.00577951036394, 0.00330079719424, 0.00915641058236, 0.00363126816228, 0.00299017480575, 0.000106958847027], "dvar": [1.86099725852e-07, 5.7530374761e-05, 2.44761395152e-05, 7.94493826106e-06, 1.4172444935e-05, 1.93801201931e-06, 4.25896769229e-06, 2.77033950624e-06, 7.562189694e-06, 6.64926301397e-06, 9.04958028514e-07, 7.87160786331e-07, 6.74682951285e-07, 1.58675345574e-06, 8.12742200651e-07, 8.4324119598e-07, 2.11770370129e-07, 9.18037841302e-08, 5.23250882623e-08, 3.30615179678e-08, 4.61471039159e-08, 5.71534073401e-08, 3.21911066692e-08, 3.84991203362e-08, 2.31049508415e-08, 5.2399165007e-09, 6.15620124322e-11], "mean": [0.000186823453987, 0.0055194189772, 0.00665606278926, 0.00344465952367, 0.00453856308013, 0.00157254526857, 0.00162334484048, 0.000998679897748, 0.00250887707807, 0.00181826262269, 0.000777237175498, 0.00083500740584, 0.000773372652475, 0.00116481783334, 0.000721252989024, 0.00102722935844, 0.000702343939338, 0.000468170212116, 0.000443805503892, 0.000267542258371, 0.000325906497892, 0.000349716108758, 0.000355751952156, 0.000253061793046, 0.000161043397384, 5.47174131498e-05, 8.92864409252e-06], "dvar2": [3.95011966248e-07, 0.000154405046487, 5.96769132244e-05, 2.18829918595e-05, 3.48492867488e-05, 4.91138052894e-06, 1.10483015305e-05, 7.07875915396e-06, 1.86404813576e-05, 1.26447994262e-05, 1.91554840967e-06, 1.95612938114e-06, 1.61785260389e-06, 3.58514989784e-06, 1.9053569531e-06, 2.07013363251e-06, 5.23888161297e-07, 2.27502823691e-07, 1.38523972737e-07, 8.15825416112e-08, 1.12495889937e-07, 1.32951427645e-07, 7.70042944964e-08, 8.49285655136e-08, 4.59309248413e-08, 1.25493997416e-08, 1.21609708414e-10], "min": [1.55645431765e-24, 1.23660123674e-23, 1.836412336e-23, 1.66459685312e-23, 7.82161109553e-24, 8.97809096446e-23, 1.13990905675e-23, 2.79130132496e-23, 6.97324767441e-23, 1.12711739319e-22, 3.42890162259e-23, 4.97876843892e-23, 5.69794736712e-23, 8.53022370522e-23, 1.14992885243e-22, 2.42252014825e-22, 1.16107514147e-22, 1.31485177359e-22, 4.51539640258e-22, 3.86528439234e-22, 5.56084182718e-22, 5.62492510059e-22, 7.25905866991e-22, 8.13289440966e-22, 1.30724192905e-21, 1.35737359781e-21, 2.5221142793e-21], "var": [2.24283283501e-07, 5.69390213059e-05, 4.13984707848e-05, 1.26837530843e-05, 2.33775681409e-05, 3.13510895467e-06, 5.77268929192e-06, 3.34047422257e-06, 1.38086643346e-05, 1.58017010108e-05, 2.57931992564e-06, 1.35264315304e-06, 1.11335896236e-06, 3.23441213368e-06, 1.36055302846e-06, 1.73865385023e-06, 4.3983865794e-07, 1.85573881595e-07, 1.2611172906e-07, 6.1666796114e-08, 9.23632654803e-08, 1.30053919634e-07, 1.05523923821e-07, 9.45085645299e-08, 6.42681783347e-08, 7.73975372681e-09, 1.52303156198e-10], "median": [2.41407797148e-05, 0.00310954125598, 0.00487413071096, 0.00239252788015, 0.00308206444606, 0.0010074202437, 0.000795628177002, 0.00045443023555, 0.0012330180034, 0.000569173600525, 0.000343291467289, 0.000491351820529, 0.000452043605037, 0.000618107384071, 0.000391204899643, 0.000690582150128, 0.000558659201488, 0.000375261646695, 0.000400194810936, 0.000218140165089, 0.000253246107604, 0.000245474278927, 0.00027536667767, 0.000178698421223, 8.54719255585e-05, 2.78526149486e-05, 4.997457836e-06]}, "melbands_kurtosis": {"dmean": 5.33643960953, "dmean2": 8.49061489105, "max": 306.152862549, "dvar": 75.5555725098, "mean": 11.0357246399, "dvar2": 178.059860229, "min": -1.62981402874, "var": 173.814987183, "median": 6.77236557007}, "erbbands_crest": {"dmean": 2.29776668549, "dmean2": 3.72274804115, "max": 25.8398284912, "dvar": 5.19611930847, "mean": 7.33541631699, "dvar2": 12.6601991653, "min": 2.02216267586, "var": 13.0284967422, "median": 6.33879566193}, "melbands_skewness": {"dmean": 0.641227781773, "dmean2": 1.00381696224, "max": 16.2792892456, "dvar": 0.477597653866, "mean": 2.66163682938, "dvar2": 1.09194564819, "min": -0.235297009349, "var": 1.85497653484, "median": 2.39761781693}, "spectral_energyband_middle_low": {"dmean": 0.00534207187593, "dmean2": 0.00859346147627, "max": 0.0739443674684, "dvar": 3.92686561099e-05, "mean": 0.0156127922237, "dvar2": 9.64197170106e-05, "min": 2.85893617638e-22, "var": 8.9375913376e-05, "median": 0.0133906146511}, "spectral_contrast_coeffs": {"dmean": [0.0495792776346, 0.0498150847852, 0.041356574744, 0.0296688508242, 0.0200747679919, 0.0167710464448], "dmean2": [0.0824746116996, 0.0830121487379, 0.0666483938694, 0.0487781837583, 0.0333416499197, 0.0266513843089], "max": [-0.325179845095, -0.458954840899, -0.482138127089, -0.592215538025, -0.667303144932, -0.612983584404], "dvar": [0.00165772542823, 0.00159117870498, 0.00106970255729, 0.00057313637808, 0.000254955259152, 0.000230510442634], "mean": [-0.622317135334, -0.745656609535, -0.746640264988, -0.781346738338, -0.791704773903, -0.75792491436], "dvar2": [0.00451259315014, 0.00441434094682, 0.00265323161148, 0.00147173029836, 0.000672022055369, 0.00054757273756], "min": [-0.973872601986, -0.98559910059, -0.977506518364, -0.958257615566, -0.963433146477, -0.95805644989], "var": [0.0049429917708, 0.00401709182188, 0.0048395046033, 0.00208102702163, 0.000977491727099, 0.00116486975458], "median": [-0.6228916049, -0.748970150948, -0.753593683243, -0.785629689693, -0.792309999466, -0.754950344563]}, "spectral_contrast_valleys": {"dmean": [0.374262243509, 0.354735165834, 0.294922381639, 0.236480951309, 0.178979545832, 0.185474067926], "dmean2": [0.619450926781, 0.587756097317, 0.477719008923, 0.380311757326, 0.282539129257, 0.259808421135], "max": [-5.20087337494, -4.54245662689, -5.03760051727, -5.61231994629, -5.6633014679, -7.65155601501], "dvar": [0.112256668508, 0.103133566678, 0.0716662183404, 0.0507650822401, 0.0407696142793, 0.0527766942978], "mean": [-6.77756738663, -6.5140786171, -6.92772245407, -7.02248716354, -6.96569776535, -9.25763034821], "dvar2": [0.269819825888, 0.250342041254, 0.156791657209, 0.101643450558, 0.0738026574254, 0.0849378779531], "min": [-26.7961883545, -27.4672985077, -27.1200466156, -27.4459552765, -27.2110462189, -27.2976722717], "var": [0.848016858101, 0.885896027088, 0.802428901196, 0.694270014763, 0.691563665867, 0.659833192825], "median": [-6.65677690506, -6.41928005219, -6.8369436264, -6.91999006271, -6.77862548828, -9.16646957397]}, "silence_rate_20dB": {"dmean": 0, "dmean2": 0, "max": 1, "dvar": 0, "mean": 1, "dvar2": 0, "min": 1, "var": 0, "median": 1}, "silence_rate_30dB": {"dmean": 0, "dmean2": 0, "max": 1, "dvar": 0, "mean": 1, "dvar2": 0, "min": 1, "var": 0, "median": 1}, "spectral_strongpeak": {"dmean": 0.559534490108, "dmean2": 0.97918266058, "max": 9.89753437042, "dvar": 0.998998045921, "mean": 0.87112146616, "dvar2": 2.58062744141, "min": 0, "var": 1.36561131477, "median": 0.481308579445}, "spectral_spread": {"dmean": 453543.1875, "dmean2": 637555.125, "max": 40526520, "dvar": 369160454144, "mean": 5405123.5, "dvar2": 585956196352, "min": 1572535.75, "var": 2015435554820.0, "median": 5130152}, "barkbands_flatness_db": {"dmean": 0.0150488698855, "dmean2": 0.0238566361368, "max": 0.335827201605, "dvar": 0.000205477277632, "mean": 0.0917904153466, "dvar2": 0.000513102102559, "min": 0.0192145314068, "var": 0.000876706617419, "median": 0.0864750221372}, "pitch_salience": {"dmean": 0.0660581663251, "dmean2": 0.109491437674, "max": 0.975925505161, "dvar": 0.00332383904606, "mean": 0.562946856022, "dvar2": 0.00889859348536, "min": 0.127689257264, "var": 0.00842849258333, "median": 0.563915729523}, "erbbands_kurtosis": {"dmean": 0.498815089464, "dmean2": 0.790300488472, "max": 14.0109710693, "dvar": 0.329722672701, "mean": -0.0461137443781, "dvar2": 0.775335133076, "min": -1.72141253948, "var": 0.903974354267, "median": -0.251069784164}, "average_loudness": 0.964971482754, "barkbands_crest": {"dmean": 2.33065319061, "dmean2": 3.88540363312, "max": 22.6831417084, "dvar": 4.53462171555, "mean": 8.4759759903, "dvar2": 12.5142192841, "min": 2.49827170372, "var": 9.57478713989, "median": 7.95094108582}, "hfc": {"dmean": 6.20976257324, "dmean2": 9.16743469238, "max": 149.032989502, "dvar": 56.653087616, "mean": 32.5132369995, "dvar2": 125.593971252, "min": 1.1768813412e-16, "var": 274.528656006, "median": 30.5183296204}, "barkbands_kurtosis": {"dmean": 1.56808674335, "dmean2": 2.49371099472, "max": 55.9762039185, "dvar": 6.20654439926, "mean": 1.92829811573, "dvar2": 15.2202825546, "min": -1.89942860603, "var": 14.1734409332, "median": 0.693477869034}, "erbbands": {"dmean": [0.0940157696605, 0.989814817905, 3.35475087166, 5.06733369827, 9.00062847137, 7.45433521271, 6.53862667084, 7.76269817352, 13.408413887, 17.2712173462, 14.8824720383, 25.1977729797, 50.2605247498, 19.0032520294, 16.1389026642, 19.0328559875, 19.3904075623, 31.6870861053, 23.9623031616, 21.9706459045, 28.3847141266, 17.4209918976, 11.1454792023, 9.96800708771, 7.49663257599, 5.34984779358, 5.51596546173, 5.36700391769, 5.52028942108, 4.46020364761, 3.54043841362, 2.46190357208, 1.36323916912, 0.927891075611, 0.442108154297, 0.158432483673, 0.0419789813459, 0.00636268500239, 0.000753008178435, 3.60586200259e-05], "dmean2": [0.161211535335, 1.68493807316, 5.53115558624, 8.44383239746, 14.7707147598, 12.4021978378, 10.6668071747, 13.0569944382, 22.2178668976, 28.0322799683, 24.3742427826, 40.3070106506, 74.8190231323, 28.8421077728, 25.3282566071, 30.5601005554, 31.12449646, 50.0954360962, 37.7459716797, 34.4159202576, 46.5155906677, 28.4363708496, 18.2189369202, 16.4592342377, 12.2607593536, 8.74656295776, 8.96692180634, 8.47310447693, 8.63604164124, 7.08579206467, 5.58835840225, 3.75388765335, 2.04897713661, 1.36218810081, 0.63125538826, 0.227569684386, 0.0607706159353, 0.00915636494756, 0.0010856584413, 5.17596090504e-05], "max": [2.07668328285, 17.0369548798, 59.6889152527, 125.755569458, 162.65524292, 141.925689697, 176.266418457, 224.563415527, 579.168151855, 551.313293457, 671.079772949, 918.080627441, 1888.13867188, 1944.95495605, 748.98815918, 786.614379883, 882.126403809, 1400.20983887, 1167.75427246, 1089.48168945, 885.828613281, 611.102783203, 366.470123291, 483.851837158, 261.976226807, 226.262069702, 179.472900391, 149.321487427, 219.170593262, 153.814453125, 96.3729095459, 158.518264771, 135.550216675, 46.4050674438, 20.846118927, 12.2650403976, 6.45013999939, 0.697304010391, 0.0208123847842, 0.00084769417299], "dvar": [0.0434589125216, 3.16343426704, 23.5515880585, 54.7253684998, 188.936096191, 118.606201172, 92.3189315796, 169.905456543, 786.01751709, 1190.36914062, 1196.99145508, 2627.66699219, 9592.859375, 1836.328125, 917.965332031, 1411.01525879, 1200.9206543, 3363.63989258, 2555.49609375, 2405.796875, 1866.91052246, 596.54888916, 296.118835449, 171.637664795, 105.570152283, 76.1662063599, 88.4209976196, 72.5031661987, 82.9386825562, 50.6925926208, 24.0270309448, 19.5499191284, 10.5683259964, 4.19083976746, 0.973250865936, 0.157373324037, 0.0161949209869, 0.000239247048739, 2.02443720809e-06, 2.91029045307e-09], "mean": [0.119360119104, 1.44403922558, 6.35353517532, 11.0007276535, 16.0048828125, 13.2050104141, 11.5035037994, 12.5132694244, 19.2448539734, 27.1319141388, 22.6081829071, 43.8932533264, 88.3445587158, 35.0479698181, 30.8766536713, 35.6697311401, 37.6466064453, 58.1366081238, 44.574836731, 42.3756866455, 58.610294342, 40.7959022522, 26.4533538818, 24.8621559143, 19.3354701996, 12.8201217651, 12.7801361084, 12.7591981888, 12.8498754501, 11.1219797134, 9.80164718628, 6.91275453568, 3.40095949173, 2.09108757973, 0.977504730225, 0.333435148001, 0.0842830985785, 0.0134934354573, 0.00165144866332, 0.00011429094593], "dvar2": [0.116017565131, 8.39133358002, 58.0346450806, 143.111450195, 471.565734863, 315.500976562, 228.112335205, 444.580108643, 2043.16943359, 3030.70507812, 3085.66674805, 6587.125, 19997.0664062, 3715.49658203, 2154.30444336, 3546.26831055, 2903.62670898, 7788.62646484, 5823.94628906, 5560.50341797, 4802.53759766, 1480.49230957, 725.40435791, 448.564605713, 267.30847168, 187.863357544, 222.283111572, 171.565048218, 192.487472534, 123.734161377, 57.7319564819, 44.5553321838, 23.3085727692, 8.52730464935, 2.0029706955, 0.368436515331, 0.0396573878825, 0.000545941176824, 4.01120587412e-06, 5.69921221327e-09], "min": [3.10371327816e-22, 3.18390945839e-21, 1.90067994033e-20, 4.3436585209e-20, 2.836623979e-20, 4.0194357094e-20, 4.06888695749e-19, 7.16232686449e-19, 1.10290679409e-19, 4.20682759644e-19, 7.79416929238e-19, 1.39163046459e-18, 4.08354914744e-18, 2.12377671015e-18, 1.19431862698e-18, 2.44417043797e-18, 2.64424392145e-18, 2.65088121869e-18, 4.95344991631e-18, 8.52138802303e-18, 1.27124210193e-17, 8.62933674733e-18, 6.61238338226e-18, 1.5386738953e-17, 2.32640576814e-17, 1.78110779426e-17, 2.03369500437e-17, 2.39971531167e-17, 1.97874539627e-17, 1.40012412055e-17, 2.25726819274e-17, 1.64330893407e-17, 1.46957569371e-17, 1.31671701785e-17, 1.02122080608e-17, 4.80737850553e-18, 2.5478126532e-18, 1.35406074834e-18, 3.46411944352e-19, 3.67636868957e-20], "var": [0.0394670143723, 3.28366398811, 34.1498451233, 88.9046859741, 324.491241455, 173.836959839, 168.940032959, 238.451721191, 918.75012207, 1973.22497559, 1502.8536377, 4766.41162109, 21963.2382812, 4677.23193359, 2488.22094727, 2430.67456055, 2071.86401367, 7014.43310547, 4457.54150391, 4880.43505859, 3998.58642578, 1305.62597656, 622.728149414, 371.378295898, 261.668823242, 141.697540283, 146.302642822, 165.333770752, 183.690795898, 113.86907196, 82.2666397095, 58.5257759094, 23.4309444427, 11.2124547958, 2.43215250969, 0.264534145594, 0.0211404301226, 0.000406353559811, 4.97535302202e-06, 8.38885672039e-09], "median": [0.0563124455512, 0.857412159443, 4.77046203613, 8.91165351868, 10.035785675, 9.24110984802, 7.2515707016, 7.63801145554, 10.0331687927, 12.0524806976, 11.2310123444, 22.2367553711, 39.0514907837, 16.2772254944, 16.0942420959, 21.6702270508, 24.6177558899, 32.8749465942, 26.4603843689, 24.0986099243, 43.0511817932, 34.1259307861, 21.1607303619, 22.0457038879, 17.3594856262, 10.5997810364, 10.2472658157, 9.25117969513, 8.97310447693, 8.21830368042, 7.52088356018, 5.01805400848, 2.24181008339, 1.11081266403, 0.493298828602, 0.172851487994, 0.04269503057, 0.00711872242391, 0.000945633219089, 9.26025968511e-05]}, "spectral_energy": {"dmean": 0.00954208150506, "dmean2": 0.015171924606, "max": 0.109215930104, "dvar": 0.000125712715089, "mean": 0.0375571623445, "dvar2": 0.000305142137222, "min": 1.06641562443e-20, "var": 0.000252356490819, "median": 0.034868080169}, "zerocrossingrate": {"dmean": 0.00971281435341, "dmean2": 0.0117212524638, "max": 0.513671875, "dvar": 0.000101104669739, "mean": 0.0740502774715, "dvar2": 0.000151062165969, "min": 0.00927734375, "var": 0.00130362052005, "median": 0.0693359375}, "spectral_energyband_high": {"dmean": 0.000465616001748, "dmean2": 0.000669560336974, "max": 0.0160244423896, "dvar": 4.9515642786e-07, "mean": 0.00163584924303, "dvar2": 1.05258084204e-06, "min": 7.85447654283e-21, "va