{"tonal": {"hpcp": {"dvar": [0.0274426136166, 0.0226507615298, 0.0105744088069, 0.00620913645253, 0.00818909704685, 0.0134459743276, 0.0252825543284, 0.0284958574921, 0.0285349972546, 0.0316142626107, 0.025433216244, 0.0193779487163, 0.0215403288603, 0.0239838268608, 0.037861738354, 0.0490081384778, 0.0446292608976, 0.0331327132881, 0.0295301508158, 0.0301885381341, 0.0386663153768, 0.0431287027895, 0.0394814610481, 0.0279699340463, 0.0158102661371, 0.0110482070595, 0.00780738284811, 0.0110053326935, 0.0165390428156, 0.0232691504061, 0.030629562214, 0.0272068809718, 0.0174754410982, 0.0128839202225, 0.0194303281605, 0.0269026607275], "var": [0.0451641567051, 0.0344024673104, 0.00981610268354, 0.00412233686075, 0.00592714967206, 0.0188746526837, 0.065292775631, 0.0458176881075, 0.0453933104873, 0.121480874717, 0.0515585839748, 0.014407645911, 0.0139899924397, 0.0159160923213, 0.0449009090662, 0.15033634007, 0.126253858209, 0.0310650262982, 0.0200337991118, 0.0208551324904, 0.0475280769169, 0.117960087955, 0.0884763523936, 0.0227575879544, 0.00963852461427, 0.00658139865845, 0.00718258554116, 0.0149686187506, 0.0147850215435, 0.0539384484291, 0.157015621662, 0.0730356648564, 0.0136027149856, 0.00786123611033, 0.0128173576668, 0.0266879312694], "median": [0.0368373580277, 0.026322664693, 0.00699150469154, 0.00246313074604, 0.00320358481258, 0.0278689488769, 0.0593957789242, 0.047944702208, 0.0154101159424, 0.00630784314126, 0.00639345357195, 0.00622262479737, 0.00600067526102, 0.00687139900401, 0.0585448369384, 0.147827774286, 0.10123860836, 0.0188788287342, 0.00509559642524, 0.004695948679, 0.0146896364167, 0.0248763673007, 0.0171920023859, 0.00882842950523, 0.00376055552624, 0.00248227827251, 0.0101269502193, 0.0201980024576, 0.0204172544181, 0.0510093569756, 0.103665962815, 0.0737411081791, 0.0110700335354, 0.00264800922014, 0.00341436685994, 0.0167381763458], "max": [1, 1, 1, 1, 1, 1, 1, 1, 1, 1, 1, 1, 1, 1, 1, 1, 1, 1, 1, 1, 1, 1, 1, 1, 1, 1, 1, 1, 1, 1, 1, 1, 1, 1, 1, 1], "dmean": [0.0800637751818, 0.0699731782079, 0.0367623530328, 0.0198742542416, 0.0253278259188, 0.0602477379143, 0.0910024419427, 0.0984127372503, 0.0878236293793, 0.0664664506912, 0.070729367435, 0.049924146384, 0.0476858504117, 0.0603716410697, 0.129155725241, 0.147703036666, 0.145465731621, 0.0971165075898, 0.0617898777127, 0.0676147118211, 0.0997794419527, 0.099468819797, 0.100145943463, 0.0730503723025, 0.0382120423019, 0.0244561526924, 0.0286032631993, 0.041270583868, 0.0561673343182, 0.0895022004843, 0.0907322913408, 0.104181118309, 0.0578903034329, 0.0361387617886, 0.0469088964164, 0.070841178298], "dmean2": [0.138612091541, 0.119094893336, 0.0662152990699, 0.0369978137314, 0.0467228218913, 0.100192219019, 0.151281163096, 0.164074197412, 0.155188411474, 0.11657396704, 0.12529951334, 0.0921396017075, 0.0888582542539, 0.112236276269, 0.223452195525, 0.252991855145, 0.248136669397, 0.173002883792, 0.114997044206, 0.124679408967, 0.175459802151, 0.169164419174, 0.168692141771, 0.132097810507, 0.0722792074084, 0.0462172441185, 0.050856154412, 0.0709183961153, 0.0979561954737, 0.152374327183, 0.153826937079, 0.175191357732, 0.10444907099, 0.0680822655559, 0.087374150753, 0.126545011997], "mean": [0.123942613602, 0.0965703204274, 0.0333686806262, 0.0152821363881, 0.0193392392248, 0.0792921259999, 0.171393096447, 0.137193799019, 0.12088123709, 0.179886117578, 0.113940268755, 0.0410959012806, 0.037450555712, 0.0437801927328, 0.158445492387, 0.366792440414, 0.305927753448, 0.0968426838517, 0.0449240654707, 0.0481225848198, 0.112846240401, 0.202870026231, 0.165011018515, 0.0644310340285, 0.0267127864063, 0.0173139460385, 0.0309885311872, 0.0560913980007, 0.058467824012, 0.173468768597, 0.328365981579, 0.217142820358, 0.0500349700451, 0.0254079811275, 0.0334421508014, 0.0738974288106], "dvar2": [0.0739412307739, 0.0575839430094, 0.0290874950588, 0.0181227084249, 0.0231625437737, 0.0360113456845, 0.0648818910122, 0.0755813494325, 0.0837299451232, 0.0758783444762, 0.0716816112399, 0.0568802282214, 0.0621884390712, 0.0679135993123, 0.102465197444, 0.117484308779, 0.108358852565, 0.0906858742237, 0.0829614326358, 0.0847930908203, 0.108232729137, 0.0966990217566, 0.0946033224463, 0.0835692510009, 0.0462029576302, 0.0321666188538, 0.0216675642878, 0.029420433566, 0.0458612591028, 0.0641041323543, 0.0722166970372, 0.0707475319505, 0.0491564199328, 0.0374404340982, 0.0556849241257, 0.0748340412974], "min": [0, 0, 0, 0, 0, 0, 0, 0, 0, 0, 0, 0, 0, 0, 0, 0, 0, 0, 0, 0, 0, 0, 0, 0, 0, 0, 0, 0, 0, 0, 0, 0, 0, 0, 0, 0]}, "key_key": "G", "thpcp": [1, 0.834062337875, 0.264025837183, 0.122478164732, 0.131198406219, 0.307656943798, 0.553092181683, 0.449875742197, 0.175660744309, 0.0728280693293, 0.0472036600113, 0.0844851955771, 0.152924090624, 0.159403026104, 0.472934424877, 0.895236492157, 0.592004597187, 0.136412218213, 0.0692707300186, 0.0911745876074, 0.20146933198, 0.337909400463, 0.263283282518, 0.0909742861986, 0.0416642613709, 0.0527252927423, 0.216177105904, 0.467275440693, 0.374036610126, 0.329563051462, 0.490430265665, 0.310639619827, 0.112041302025, 0.102102853358, 0.119359582663, 0.431975901127], "chords_key": "G", "tuning_equal_tempered_deviation": 0.0964286252856, "tuning_frequency": 440, "tuning_diatonic_strength": 0.7196854949, "chords_histogram": [49.1916847229, 17.7315883636, 15.101360321, 0.372081100941, 0.538876056671, 0, 0.153964594007, 0.012830382213, 0.372081100941, 0, 0, 0, 0, 0, 0.0898126736283, 0.461893767118, 0, 0.962278664112, 0, 1.70644080639, 0.102643057704, 9.41750049591, 1.71927118301, 2.0656914711], "key_strength": 0.821327507496, "key_scale": "major", "chords_strength": {"dvar": 0.000313676922815, "var": 0.014471553266, "median": 0.513366103172, "max": 0.777435064316, "dmean": 0.00913647562265, "dmean2": 0.0080410130322, "mean": 0.514163792133, "dvar2": 0.000525250448845, "min": -1}, "chords_number_rate": 0.000898126745597, "tuning_nontempered_energy_ratio": 0.732666492462, "hpcp_entropy": {"dvar": 0.213485136628, "var": 0.482978761196, "median": 1.83179271221, "max": 4.23809337616, "dmean": 0.537511706352, "dmean2": 0.904197335243, "mean": 1.84369373322, "dvar2": 0.56297981739, "min": 0}, "chords_changes_rate": 0.0477290228009, "chords_scale": "major"}, "rhythm": {"bpm_histogram_first_peak_spread": {"dvar": 0, "var": 0, "median": 0.338962614536, "max": 0.338962614536, "dmean": 0, "dmean2": 0, "mean": 0.338962614536, "dvar2": 0, "min": 0.338962614536}, "bpm_histogram_first_peak_weight": {"dvar": 0, "var": 0, "median": 0.628440380096, "max": 0.628440380096, "dmean": 0, "dmean2": 0, "mean": 0.628440380096, "dvar2": 0, "min": 0.628440380096}, "bpm_histogram_first_peak_bpm": {"dvar": 0, "var": 0, "median": 144, "max": 144, "dmean": 0, "dmean2": 0, "mean": 144, "dvar2": 0, "min": 144}, "bpm": 144.877868652, "bpm_histogram_second_peak_weight": {"dvar": 0, "var": 0, "median": 0.0355504602194, "max": 0.0355504602194, "dmean": 0, "dmean2": 0, "mean": 0.0355504602194, "dvar2": 0, "min": 0.0355504602194}, "beats_loudness": {"dvar": 0.000217405788135, "var": 0.000578137172852, "median": 0.0422652699053, "max": 0.120146952569, "dmean": 0.015962459147, "dmean2": 0.0281974282116, "mean": 0.0426465943456, "dvar2": 0.000673565489706, "min": 0}, "beats_loudness_band_ratio": {"dvar": [0.0244372673333, 0.0151457050815, 0.0118203060701, 0.00289961951785, 0.00471212016419, 0.00191564182751], "var": [0.0543676242232, 0.0237290132791, 0.0225488264114, 0.00293425004929, 0.00432567344978, 0.00145026610699], "median": [0.568076968193, 0.181793138385, 0.115028217435, 0.0432113744318, 0.0429223068058, 0.0119179235771], "max": [0.993859112263, 0.815473854542, 0.804289638996, 0.390889525414, 0.605454981327, 0.403317660093], "dmean": [0.168143957853, 0.123748548329, 0.0966468751431, 0.0462460108101, 0.0496413186193, 0.0305059067905], "dmean2": [0.284674435854, 0.213838323951, 0.162150681019, 0.0817798450589, 0.0859677866101, 0.0586963929236], "mean": [0.530703783035, 0.224126040936, 0.166202202439, 0.0584035292268, 0.0603639632463, 0.0250011049211], "dvar2": [0.0549932420254, 0.0429396033287, 0.0297645982355, 0.00810387637466, 0.0125350290909, 0.00515417288989], "min": [0, 0, 0, 0, 0, 0]}, "bpm_histogram_second_peak_bpm": {"dvar": 0, "var": 0, "median": 152, "max": 152, "dmean": 0, "dmean2": 0, "mean": 152, "dvar2": 0, "min": 152}, "onset_rate": 3.62812829018, "beats_count": 873, "beats_position": [0.336689323187, 0.696598649025, 1.09133780003, 1.49768710136, 1.89242625237, 2.32199549675, 2.73995471001, 3.15791368484, 3.56426286697, 3.97061228752, 4.38857126236, 4.80653047562, 5.22448968887, 5.630838871, 6.03718805313, 6.45514726639, 6.87310647964, 7.2910656929, 7.70902490616, 8.12698364258, 8.54494285583, 8.95129203796, 9.35764122009, 9.77560043335, 10.1935596466, 10.6115188599, 11.017868042, 11.4242172241, 11.8421764374, 12.2601356506, 12.6780948639, 13.0960540771, 13.5140132904, 13.9203624725, 14.3267116547, 14.7446708679, 15.1626300812, 15.5689792633, 15.9753284454, 16.3932876587, 16.8112468719, 17.2292060852, 17.6471652985, 18.0651245117, 18.4714736938, 18.877822876, 19.2957820892, 19.7137413025, 20.1317005157, 20.549659729, 20.9560089111, 21.3623580933, 21.7803173065, 22.1982765198, 22.616235733, 23.0341949463, 23.4405441284, 23.8468933105, 24.2648525238, 24.6828117371, 25.1007709503, 25.5187301636, 25.9250793457, 26.343038559, 26.7609977722, 27.1673469543, 27.5853061676, 28.0032653809, 28.4212245941, 28.8275737762, 29.2339229584, 29.6518821716, 30.0698413849, 30.476190567, 30.8941497803, 31.3004989624, 31.7184581757, 32.1248054504, 32.5311546326, 32.9491157532, 33.3670730591, 33.7850341797, 34.2029914856, 34.6209526062, 35.0273017883, 35.4336509705, 35.8516082764, 36.269569397, 36.6875267029, 37.1054878235, 37.5118370056, 37.9181861877, 38.3245353699, 38.7424926758, 39.1604537964, 39.5900230408, 39.9963722229, 40.4143295288, 40.8322906494, 41.2386398315, 41.6565971375, 42.0745582581, 42.492515564, 42.8988647461, 43.3168258667, 43.7231750488, 44.1411323547, 44.5590934753, 44.9654426575, 45.3717918396, 45.7897491455, 46.2077102661, 46.625667572, 47.0436286926, 47.4499778748, 47.8563270569, 48.2742843628, 48.6922454834, 49.1102027893, 49.5165519714, 49.9229011536, 50.3408622742, 50.7588195801, 51.1767807007, 51.5947380066, 52.0010871887, 52.4074363708, 52.8253974915, 53.2433547974, 53.661315918, 54.0792732239, 54.485622406, 54.8919715881, 55.3099327087, 55.7278900146, 56.1458511353, 56.5522003174, 56.9585494995, 57.3765068054, 57.794467926, 58.2124252319, 58.6303825378, 59.0483436584, 59.4663009644, 59.8726501465, 60.2789993286, 60.6969604492, 61.1149177551, 61.5212669373, 61.9276161194, 62.34557724, 62.7635345459, 63.1814956665, 63.5994529724, 64.0174102783, 64.4353713989, 64.8533325195, 65.2596817017, 65.6660308838, 66.0839920044, 66.4903411865, 66.9082946777, 67.3262557983, 67.7326049805, 68.1505661011, 68.5569152832, 68.9632644653, 69.3812255859, 69.7991790771, 70.2171401978, 70.6351013184, 71.053062439, 71.4710159302, 71.8773651123, 72.2837142944, 72.701675415, 73.1196365356, 73.5259857178, 73.9439468384, 74.3502960205, 74.7682495117, 75.1862106323, 75.6041717529, 76.0221328735, 76.4284820557, 76.8348312378, 77.252784729, 77.6707458496, 78.0887069702, 78.4950561523, 78.9014053345, 79.3193664551, 79.7489318848, 80.1552810669, 80.5732421875, 80.9795913696, 81.3859405518, 81.8039016724, 82.2218551636, 82.6398162842, 83.0577774048, 83.4641265869, 83.870475769, 84.2884368896, 84.7063903809, 85.1243515015, 85.5307006836, 85.9486618042, 86.3666229248, 86.7729721069, 87.1909255981, 87.6088867188, 88.0268478394, 88.4331970215, 88.8395462036, 89.2575073242, 89.6754608154, 90.093421936, 90.4997711182, 90.9061203003, 91.3240814209, 91.7420425415, 92.1599960327, 92.5779571533, 92.9959182739, 93.3906555176, 93.8086166382, 94.2265777588, 94.64453125, 95.0508804321, 95.4572296143, 95.8751907349, 96.2931518555, 96.7111129761, 97.1290664673, 97.5470275879, 97.95337677, 98.3597259521, 98.7776870728, 99.1956481934, 99.6136016846, 100.019950867, 100.426300049, 100.844261169, 101.26222229, 101.680175781, 102.098136902, 102.516098022, 102.934059143, 103.328796387, 103.746757507, 104.164710999, 104.582672119, 104.989021301, 105.395370483, 105.813331604, 106.231292725, 106.649246216, 107.067207336, 107.485168457, 107.891517639, 108.297866821, 108.715827942, 109.133781433, 109.551742554, 109.958091736, 110.364440918, 110.782402039, 111.200363159, 111.61831665, 112.024665833, 112.442626953, 112.860588074, 113.266937256, 113.684898376, 114.102851868, 114.50920105, 114.915550232, 115.333511353, 115.751472473, 116.169433594, 116.587387085, 117.005348206, 117.411697388, 117.829658508, 118.23600769, 118.653968811, 119.071922302, 119.478271484, 119.884620667, 120.302581787, 120.720542908, 121.138504028, 121.54485321, 121.951202393, 122.369155884, 122.787117004, 123.205078125, 123.623039246, 124.040992737, 124.447341919, 124.853691101, 125.271652222, 125.689613342, 126.107574463, 126.513923645, 126.920272827, 127.338226318, 127.756187439, 128.17414856, 128.580490112, 128.998458862, 129.404800415, 129.822769165, 130.240722656, 130.658676147, 131.065032959, 131.471374512, 131.889343262, 132.307296753, 132.725265503, 133.143218994, 133.561172485, 133.979141235, 134.385482788, 134.7918396, 135.209793091, 135.627746582, 136.045715332, 136.452056885, 136.858413696, 137.276367188, 137.694335938, 138.112289429, 138.53024292, 138.94821167, 139.354553223, 139.760910034, 140.178863525, 140.596817017, 140.99156189, 141.409515381, 141.827484131, 142.245437622, 142.675003052, 143.081359863, 143.487701416, 143.894058228, 144.312011719, 144.729980469, 145.14793396, 145.565887451, 145.972244263, 146.378585815, 146.796554565, 147.214508057, 147.620864868, 148.038818359, 148.445159912, 148.863128662, 149.281082153, 149.699050903, 150.117004395, 150.523345947, 150.929702759, 151.34765625, 151.765625, 152.183578491, 152.601531982, 153.019500732, 153.425842285, 153.832199097, 154.250152588, 154.668121338, 155.086074829, 155.50402832, 155.92199707, 156.328338623, 156.734695435, 157.152648926, 157.559005737, 157.976959229, 158.383300781, 158.801269531, 159.219223022, 159.637191772, 160.055145264, 160.473098755, 160.867843628, 161.285797119, 161.703765869, 162.12171936, 162.516464233, 162.934417725, 163.352371216, 163.770339966, 164.176681519, 164.58303833, 165.000991821, 165.418960571, 165.836914062, 166.254867554, 166.672836304, 167.090789795, 167.508743286, 167.915100098, 168.333053589, 168.7394104, 169.157363892, 169.575332642, 169.981674194, 170.388031006, 170.805984497, 171.223937988, 171.641906738, 172.059860229, 172.477813721, 172.872558594, 173.290512085, 173.708480835, 174.126434326, 174.532791138, 174.93913269, 175.35710144, 175.775054932, 176.193008423, 176.610977173, 177.028930664, 177.435287476, 177.841629028, 178.25958252, 178.67755127, 179.095504761, 179.501861572, 179.908203125, 180.326171875, 180.744125366, 181.162078857, 181.580047607, 181.998001099, 182.40435791, 182.810699463, 183.228652954, 183.646621704, 184.064575195, 184.482528687, 184.888885498, 185.29524231, 185.713195801, 186.119537354, 186.525894165, 186.943847656, 187.361816406, 187.779769897, 188.197723389, 188.615692139, 189.03364563, 189.440002441, 189.846343994, 190.264297485, 190.682266235, 191.100219727, 191.518188477, 191.936141968, 192.342483521, 192.748840332, 193.166793823, 193.584762573, 193.991104126, 194.397460938, 194.815414429, 195.23336792, 195.65133667, 196.057678223, 196.464035034, 196.881988525, 197.299957275, 197.717910767, 198.135864258, 198.553833008, 198.960174561, 199.366531372, 199.784484863, 200.202438354, 200.620407104, 201.038360596, 201.444717407, 201.85105896, 202.26902771, 202.686981201, 203.104934692, 203.522903442, 203.940856934, 204.335601807, 204.741943359, 205.159912109, 205.566253662, 205.984207153, 206.402175903, 206.820129395, 207.238098145, 207.656051636, 208.050796509, 208.46875, 208.886703491, 209.304672241, 209.722625732, 210.140579224, 210.546936035, 210.976501465, 211.382858276, 211.789199829, 212.207168579, 212.613510132, 213.031463623, 213.437820435, 213.855773926, 214.273742676, 214.691696167, 215.109649658, 215.51600647, 215.922348022, 216.340316772, 216.758270264, 217.176239014, 217.594192505, 218.012145996, 218.430114746, 218.836456299, 219.24281311, 219.660766602, 220.078720093, 220.496688843, 220.914642334, 221.320999146, 221.727340698, 222.145309448, 222.563262939, 222.969604492, 223.375961304, 223.793914795, 224.211883545, 224.629837036, 225.047790527, 225.454147339, 225.87210083, 226.278457642, 226.696411133, 227.114364624, 227.532333374, 227.938674927, 228.356643677, 228.762985229, 229.180953979, 229.598907471, 230.005249023, 230.411605835, 230.829559326, 231.259140015, 231.665481567, 232.083435059, 232.501403809, 232.907745361, 233.314102173, 233.732055664, 234.150024414, 234.567977905, 234.985931396, 235.392288208, 235.798629761, 236.216598511, 236.634552002, 237.052505493, 237.470474243, 237.865203857, 238.283172607, 238.701126099, 239.119094849, 239.53704834, 239.943389893, 240.349746704, 240.767700195, 241.185668945, 241.603622437, 242.009979248, 242.427932739, 242.834274292, 243.252243042, 243.670196533, 244.088165283, 244.506118774, 244.924072266, 245.342041016, 245.748382568, 246.15473938, 246.572692871, 246.990646362, 247.397003174, 247.803344727, 248.221313477, 248.639266968, 249.057235718, 249.463577271, 249.869934082, 250.287887573, 250.705841064, 251.123809814, 251.541763306, 251.959716797, 252.377685547, 252.795639038, 253.20199585, 253.608337402, 254.014694214, 254.421035767, 254.839004517, 255.256958008, 255.674911499, 256.081268311, 256.499237061, 256.917175293, 257.323547363, 257.741485596, 258.159454346, 258.577423096, 258.995361328, 259.401733398, 259.808074951, 260.226013184, 260.643981934, 261.050323486, 261.468292236, 261.886260986, 262.304199219, 262.710571289, 263.128509521, 263.534881592, 263.952819824, 264.370788574, 264.777130127, 265.195098877, 265.613067627, 266.031005859, 266.448974609, 266.855316162, 267.261688232, 267.679626465, 268.097595215, 268.515563965, 268.933502197, 269.33984375, 269.74621582, 270.164154053, 270.582122803, 271.000091553, 271.418029785, 271.835998535, 272.242340088, 272.648712158, 273.066650391, 273.484619141, 273.890960693, 274.297332764, 274.715270996, 275.133239746, 275.551208496, 275.957550049, 276.363891602, 276.781860352, 277.199798584, 277.617767334, 278.035736084, 278.453704834, 278.871643066, 279.277984619, 279.684356689, 280.102294922, 280.508666992, 280.915008545, 281.332977295, 281.750915527, 282.168884277, 282.57522583, 282.981567383, 283.399536133, 283.817504883, 284.235473633, 284.653411865, 285.071380615, 285.477722168, 285.884063721, 286.302032471, 286.720001221, 287.137939453, 287.555908203, 287.973876953, 288.391845703, 288.798187256, 289.204528809, 289.622497559, 290.040435791, 290.458404541, 290.864746094, 291.271118164, 291.677459717, 292.08380127, 292.50177002, 292.919708252, 293.337677002, 293.755645752, 294.173614502, 294.591552734, 294.997894287, 295.404266357, 295.82220459, 296.24017334, 296.65814209, 297.076080322, 297.494049072, 297.912017822, 298.318359375, 298.724700928, 299.142669678, 299.560638428, 299.96697998, 300.373321533, 300.791290283, 301.209259033, 301.627197266, 302.045166016, 302.463134766, 302.869476318, 303.287445068, 303.693786621, 304.111755371, 304.529693604, 304.947662354, 305.365631104, 305.783569336, 306.201538086, 306.607879639, 307.014221191, 307.432189941, 307.850158691, 308.256500244, 308.662841797, 309.080810547, 309.47555542, 309.89352417, 310.311462402, 310.729431152, 311.147399902, 311.565338135, 311.983306885, 312.389648438, 312.79598999, 313.202362061, 313.620300293, 314.026672363, 314.444610596, 314.862579346, 315.280548096, 315.698486328, 316.116455078, 316.534423828, 316.952362061, 317.347106934, 317.765075684, 318.183044434, 318.600982666, 319.007354736, 319.413696289, 319.831634521, 320.249603271, 320.667572021, 321.085540771, 321.491882324, 321.898223877, 322.316192627, 322.734130859, 323.152099609, 323.558441162, 323.964813232, 324.382751465, 324.800720215, 325.218688965, 325.636627197, 326.054595947, 326.4609375, 326.86730957, 327.285247803, 327.703216553, 328.121185303, 328.527526855, 328.933868408, 329.351837158, 329.769775391, 330.176147461, 330.582489014, 331.000457764, 331.418395996, 331.836364746, 332.254333496, 332.672271729, 333.078643799, 333.484985352, 333.902954102, 334.320892334, 334.738861084, 335.156829834, 335.574768066, 335.992736816, 336.387481689, 336.805450439, 337.235015869, 337.641357422, 338.047698975, 338.454040527, 338.872009277, 339.289978027, 339.70791626, 340.12588501, 340.532226562, 340.938598633, 341.356536865, 341.762908936, 342.180847168, 342.587219238, 343.005157471, 343.423126221, 343.841094971, 344.259033203, 344.677001953, 345.094970703, 345.512908936, 345.930877686, 346.337219238, 346.743591309, 347.161529541, 347.579498291, 348.0206604, 348.461853027, 348.903045654, 349.37902832, 349.855041504, 350.331054688, 350.795471191, 351.259857178, 351.724243164, 352.188659668, 352.595001221, 352.989746094, 353.384490967, 353.77923584, 354.173950195, 354.568695068, 354.963439941, 355.369781494, 355.764526367, 356.147644043, 356.542388916, 356.937133789, 357.331878662, 357.726623535, 358.132965088, 358.539306641, 358.945648193, 359.340393066, 359.735137939, 360.129882812, 360.524627686, 360.919372559, 361.314086914], "danceability": 1.07133376598, "bpm_histogram_second_peak_spread": {"dvar": 0, "var": 0, "median": 0, "max": 0, "dmean": 0, "dmean2": 0, "mean": 0, "dvar2": 0, "min": 0}}, "lowlevel": {"spectral_flux": {"dvar": 0.00115340470802, "var": 0.00244782771915, "median": 0.0624857023358, "max": 0.340541273355, "dmean": 0.0258427429944, "dmean2": 0.0405627638102, "mean": 0.0722246915102, "dvar2": 0.00237637688406, "min": 6.48204961928e-11}, "spectral_rolloff": {"dvar": 458683.53125, "var": 2558928.25, "median": 538.330078125, "max": 19358.3496094, "dmean": 279.422546387, "dmean2": 472.02142334, "mean": 926.382629395, "dvar2": 960346.4375, "min": 21.533203125}, "barkbands_flatness_db": {"dvar": 0.000743705604691, "var": 0.00658289762214, "median": 0.189269542694, "max": 0.566035926342, "dmean": 0.0218560714275, "dmean2": 0.0329434648156, "mean": 0.200191453099, "dvar2": 0.00160524982493, "min": 0.0211064312607}, "spectral_centroid": {"dvar": 60881.21875, "var": 491635.53125, "median": 749.55090332, "max": 11457.7080078, "dmean": 155.822158813, "dmean2": 239.752212524, "mean": 881.885009766, "dvar2": 124557.421875, "min": 109.277282715}, "melbands_skewness": {"dvar": 0.617960035801, "var": 1.95826900005, "median": 2.7750005722, "max": 16.0277862549, "dmean": 0.641624689102, "dmean2": 0.99055325985, "mean": 2.9104552269, "dvar2": 1.44458031654, "min": -1.77011203766}, "melbands": {"dvar": [4.66204392069e-06, 1.36278358696e-05, 3.18602883453e-06, 6.97937366567e-07, 3.01787707713e-07, 1.30093894768e-07, 8.02047637194e-08, 8.04540576382e-08, 8.8903817641e-07, 5.64547448789e-08, 3.11284686916e-08, 1.00909565148e-08, 5.56606183366e-09, 1.33446886874e-09, 1.0964148478e-09, 1.02505448574e-09, 1.73110858981e-09, 2.02473349198e-09, 8.76467509681e-10, 1.02447128558e-09, 6.91967594335e-10, 5.8276206083e-10, 4.63395127825e-10, 1.28900695673e-10, 1.54899454374e-10, 7.01812705173e-11, 5.15051404304e-11, 6.12310063763e-11, 4.94116136895e-11, 7.9119610169e-12, 6.96580813864e-12, 5.41401775841e-12, 5.67214591268e-12, 2.53336913079e-12, 1.37855048557e-12, 1.24129829679e-12, 1.30849487062e-12, 1.17814839915e-12, 1.26260666419e-12, 4.62433964819e-13], "var": [4.99397810927e-06, 1.40329266287e-05, 7.3636392699e-06, 1.42425847116e-06, 1.07603557353e-06, 4.32240653936e-07, 3.23768830413e-07, 1.96835230781e-07, 1.00213378573e-06, 1.66949249092e-07, 1.35459501394e-07, 5.35348547714e-08, 1.51962069594e-08, 3.45827388948e-09, 3.48595130539e-09, 2.74954281565e-09, 4.95000618272e-09, 4.60013716008e-09, 1.93525329095e-09, 3.73235664597e-09, 3.39204220268e-09, 1.57333535089e-09, 1.56208734836e-09, 2.8283422826e-10, 1.8715456962e-10, 9.7859470527e-11, 9.51320272558e-11, 6.90065435349e-11, 5.8542878878e-11, 1.75712985828e-11, 1.66197125506e-11, 1.00540409331e-11, 1.16881400392e-11, 4.97011069453e-12, 2.41003527898e-12, 2.9181164863e-12, 3.61557029975e-12, 3.61094856273e-12, 4.26131699371e-12, 1.5835184726e-12], "median": [0.0017223265022, 0.00275537068956, 0.00176344020292, 0.000903001870029, 0.000456143345218, 0.000248980417382, 0.000255827239016, 0.000138878720463, 6.14109449089e-05, 4.90713573527e-05, 5.02999464516e-05, 3.514673881e-05, 1.86050310731e-05, 1.56697933562e-05, 1.44653286043e-05, 1.42435364978e-05, 1.9821427486e-05, 1.61918633239e-05, 1.63800395967e-05, 1.1111400454e-05, 6.8682024903e-06, 8.09469020169e-06, 8.52037737786e-06, 6.2380890995e-06, 2.80644690065e-06, 2.39151654569e-06, 1.55416546477e-06, 6.10413508184e-07, 3.01615045828e-07, 3.117563665e-07, 2.80420010768e-07, 2.78131608411e-07, 3.81929282867e-07, 2.54704843883e-07, 1.44580567962e-07, 1.01126829577e-07, 5.86541162306e-08, 5.58882291557e-08, 5.12235658334e-08, 2.75038978259e-08], "max": [0.0294817034155, 0.052127674222, 0.0282513014972, 0.012619568035, 0.0104260919616, 0.009441816248, 0.00644606491551, 0.00750499451533, 0.0120101934299, 0.00697998749092, 0.00688230060041, 0.0063777603209, 0.00321004237048, 0.00125602446496, 0.00115582579747, 0.00102505099494, 0.000923975429032, 0.000885020941496, 0.000497364031617, 0.000761568604503, 0.000601458596066, 0.000454543594969, 0.000459239585325, 0.000267396855634, 0.000144571968121, 0.00014771881979, 0.000142621152918, 0.000110951012175, 0.000136348375236, 4.18803429056e-05, 5.67997485632e-05, 5.38705608051e-05, 5.52862875338e-05, 4.62610405521e-05, 3.01958771161e-05, 2.64692243945e-05, 3.10374052788e-05, 4.21805925725e-05, 4.89621779707e-05, 2.81738557533e-05], "dmean": [0.00077343347948, 0.00152779859491, 0.00106446258724, 0.000575383950491, 0.000326275912812, 0.000197123241378, 0.000181560841156, 0.000137125869514, 0.000252697034739, 7.97226239229e-05, 5.56174236408e-05, 4.72890715173e-05, 2.27660439123e-05, 1.67460329976e-05, 1.52503944264e-05, 1.53213877638e-05, 2.28387598327e-05, 2.26423344429e-05, 1.70464063558e-05, 1.66535464814e-05, 1.3252501958e-05, 1.04463561001e-05, 1.07058922367e-05, 5.81550102652e-06, 4.52156928077e-06, 3.31305136569e-06, 3.14257363243e-06, 2.57976444118e-06, 2.20556603381e-06, 1.22200481201e-06, 1.1364591046e-06, 8.75303271641e-07, 9.81677885648e-07, 6.08172342709e-07, 4.30934960605e-07, 4.321589131e-07, 3.74011023041e-07, 3.25567555137e-07, 2.93698718679e-07, 1.71113327951e-07], "dmean2": [0.00128909433261, 0.00262462394312, 0.00177439546678, 0.000987074803561, 0.000506098964252, 0.000304502696963, 0.000274981750408, 0.000211814331124, 0.000403245678172, 0.00012116877042, 8.30191784189e-05, 7.05125639797e-05, 3.57717690349e-05, 2.57584561041e-05, 2.27694163186e-05, 2.43180220423e-05, 3.6148892832e-05, 3.7207861169e-05, 2.74515277852e-05, 2.63581641775e-05, 1.98711586563e-05, 1.68096376001e-05, 1.69465220097e-05, 9.33279352466e-06, 7.58437681725e-06, 5.45745388081e-06, 5.18045771969e-06, 4.36877508037e-06, 3.7025824895e-06, 1.95975439965e-06, 1.79489109087e-06, 1.39085875617e-06, 1.57689623848e-06, 9.77610284281e-07, 6.96871893524e-07, 6.92539913416e-07, 5.86082762766e-07, 4.99616987781e-07, 4.3547987616e-07, 2.45288845235e-07], "mean": [0.00182869483251, 0.0033513342496, 0.00248827552423, 0.00126715342049, 0.000828456308227, 0.000482332659885, 0.000448652775958, 0.000273758225376, 0.000382662576158, 0.000158740702318, 0.000133756286232, 0.000104500548332, 4.2681425839e-05, 3.42712846759e-05, 3.40757105732e-05, 3.09235983877e-05, 4.72735955555e-05, 4.03026606364e-05, 3.25380569848e-05, 3.72591712221e-05, 3.25097280438e-05, 2.23940187425e-05, 2.39697474171e-05, 1.22679184642e-05, 7.73599185777e-06, 6.11259201833e-06, 5.93218328504e-06, 3.97586563849e-06, 3.06955939777e-06, 2.26323891184e-06, 2.13934254134e-06, 1.65162691701e-06, 1.92686661649e-06, 1.23574216104e-06, 8.19156923626e-07, 8.19555395992e-07, 7.17399757377e-07, 6.3449914478e-07, 5.76611057568e-07, 3.35483861136e-07], "dvar2": [1.21230577861e-05, 3.70740090148e-05, 8.93719152373e-06, 2.15353020394e-06, 7.21702747342e-07, 2.96741148986e-07, 1.73731763198e-07, 1.90354214169e-07, 2.24401264859e-06, 1.2590140841e-07, 7.00351989735e-08, 1.9905808557e-08, 1.35063045192e-08, 3.06817082851e-09, 2.55450927078e-09, 2.72944067348e-09, 4.51047910133e-09, 5.38243760673e-09, 2.23387397469e-09, 2.59162469263e-09, 1.56661839057e-09, 1.53150847559e-09, 1.17623766283e-09, 3.2674357664e-10, 4.31098656772e-10, 1.90320662008e-10, 1.37961239655e-10, 1.68407329748e-10, 1.34172020716e-10, 1.98404348506e-11, 1.73237153789e-11, 1.37123055965e-11, 1.50315836167e-11, 6.57785241207e-12, 3.69814769086e-12, 3.14947243632e-12, 2.93702323746e-12, 2.43284385693e-12, 2.3215825963e-12, 7.81821493396e-13], "min": [1.92968551394e-24, 2.20468873639e-24, 2.56535081466e-24, 8.04408860625e-25, 2.54869460829e-24, 3.40031314561e-24, 2.31667898037e-24, 1.94112596922e-24, 2.06362877084e-24, 2.25296367113e-24, 2.88053742833e-24, 2.92510511124e-24, 2.58360268942e-24, 4.13061887799e-24, 3.62530574211e-24, 2.65223220767e-24, 2.82759657855e-24, 3.30549403696e-24, 4.79695864058e-24, 4.28100850425e-24, 5.37167851991e-24, 5.07935940617e-24, 4.41478195884e-24, 5.14653446212e-24, 5.73954565926e-24, 4.7919994665e-24, 6.77038057526e-24, 5.62478690794e-24, 5.58189062406e-24, 5.56634020347e-24, 5.54113412539e-24, 6.01352217924e-24, 5.43520588304e-24, 6.0574751423e-24, 6.38714169231e-24, 6.75152206646e-24, 6.77515633918e-24, 6.34621282753e-24, 6.84836736435e-24, 6.62449258375e-24]}, "spectral_decrease": {"dvar": 1.86730729328e-17, "var": 3.84520764184e-17, "median": -9.25247967132e-09, "max": 2.72033969452e-28, "dmean": 2.65372124275e-09, "dmean2": 4.36946301363e-09, "mean": -9.51262713045e-09, "dvar2": 4.9022703493e-17, "min": -5.06154620439e-08}, "barkbands_kurtosis": {"dvar": 40.1276779175, "var": 76.0373687744, "median": 3.84776544571, "max": 299.336090088, "dmean": 3.21786856651, "dmean2": 5.03802585602, "mean": 6.30600261688, "dvar2": 101.258270264, "min": -1.96129131317}, "silence_rate_30dB": {"dvar": 0.00865028519183, "var": 0.00497890077531, "median": 1, "max": 1, "dmean": 0.00872633978724, "dmean2": 0.0174537990242, "mean": 0.99499553442, "dvar2": 0.0245930682868, "min": 0}, "gfcc": {"mean": [-43.7000236511, 136.912246704, -107.015861511, 27.9132347107, -47.7683830261, 4.1448225975, -40.5928726196, 0.654661178589, -16.1840457916, -7.61596536636, -15.1458272934, -7.75861644745, -10.2967882156], "cov": [[21494.828125, -1348.02807617, -1696.95202637, 2778.77075195, -188.570480347, 845.928894043, -313.427307129, 822.514770508, -1.93892014027, 190.384643555, -199.245605469, 176.487289429, 51.8237800598], [-1348.02807617, 2487.82080078, 10.6722583771, -689.604431152, 593.552490234, -203.157623291, 268.522705078, -227.877578735, 149.054031372, -125.312576294, 218.622772217, -142.928085327, 140.13458252], [-1696.95202637, 10.6722583771, 924.574951172, -165.792907715, -119.103561401, 88.5404891968, 17.3671264648, -88.1560287476, -61.7249107361, 31.5621643066, -26.8108539581, 35.8702316284, -58.729763031], [2778.77075195, -689.604431152, -165.792907715, 953.943969727, 6.27140235901, 219.249923706, 9.43783187866, 167.485916138, 38.6045913696, 51.6979560852, -8.47331809998, 46.9649925232, 123.39339447], [-188.570480347, 593.552490234, -119.103561401, 6.27140235901, 444.947540283, -15.6647167206, 102.286804199, -0.48919275403, 82.3304824829, -4.33321809769, 66.0693588257, -28.412437439, 112.539627075], [845.928894043, -203.157623291, 88.5404891968, 219.249923706, -15.6647167206, 305.664031982, 73.7991485596, 40.5717964172, 0.367290139198, 45.9306411743, 11.6616048813, -7.28480529785, 40.2353286743], [-313.427307129, 268.522705078, 17.3671264648, 9.43783187866, 102.286804199, 73.7991485596, 207.856826782, 17.6991844177, 29.9448947906, -2.5650613308, 58.4822692871, -31.6476573944, 30.5854663849], [822.514770508, -227.877578735, -88.1560287476, 167.485916138, -0.48919275403, 40.5717964172, 17.6991844177, 154.602935791, 29.4653129578, 28.0737915039, -0.382137835026, 25.9288101196, -10.2731113434], [-1.93892014027, 149.054031372, -61.7249107361, 38.6045913696, 82.3304824829, 0.367290139198, 29.9448947906, 29.4653129578, 127.421813965, 34.3412208557, 37.5285301208, -6.90946531296, 38.6385650635], [190.384643555, -125.312576294, 31.5621643066, 51.6979560852, -4.33321809769, 45.9306411743, -2.5650613308, 28.0737915039, 34.3412208557, 123.272087097, 29.5488567352, 10.2618618011, 4.57568883896], [-199.245605469, 218.622772217, -26.8108539581, -8.47331809998, 66.0693588257, 11.6616048813, 58.4822692871, -0.382137835026, 37.5285301208, 29.5488567352, 126.952644348, 14.1328191757, 34.1519050598], [176.487289429, -142.928085327, 35.8702316284, 46.9649925232, -28.412437439, -7.28480529785, -31.6476573944, 25.9288101196, -6.90946531296, 10.2618618011, 14.1328191757, 106.873565674, -4.39913225174], [51.8237800598, 140.13458252, -58.729763031, 123.39339447, 112.539627075, 40.2353286743, 30.5854663849, -10.2731113434, 38.6385650635, 4.57568883896, 34.1519050598, -4.39913225174, 155.344604492]], "icov": [[0.000251327117439, -0.00066341686761, 0.000512570957653, -0.000848568684887, 0.000452657230198, -0.000764663796872, 0.000809603370726, -0.000856902159285, 0.000698420742992, -0.000710772292223, 0.000888262409717, -0.000561919994652, 0.000672516587656], [-0.00066341686761, 0.00316350115463, -0.00155063718557, 0.00293984427117, -0.00238931155764, 0.00241849757731, -0.00281995208934, 0.00320130540058, -0.00283623533323, 0.00323492474854, -0.00389478052966, 0.00240539596416, -0.00214786385186], [0.000512570957653, -0.00155063718557, 0.00249722506851, -0.00158642698079, 0.00128558720462, -0.00220029847696, 0.00123712664936, -0.000859614345245, 0.00177596625872, -0.00226072152145, 0.00263597397134, -0.00223907828331, 0.00175211636815], [-0.000848568684887, 0.00293984427117, -0.00158642698079, 0.00506231375039, -0.00191786210053, 0.00172133557498, -0.00276686972938, 0.0017324348446, -0.00279922946356, 0.0029810834676, -0.00326053006575, 0.00180746987462, -0.00401044869795], [0.000452657230198, -0.00238931155764, 0.00128558720462, -0.00191786210053, 0.0052595930174, -0.00115598901175, 0.00076651625568, -0.00245292135514, 0.00093668338377, -0.00218520103954, 0.00252830306999, -0.00147768633906, -0.000576551130507], [-0.000764663796872, 0.00241849757731, -0.00220029847696, 0.00172133557498, -0.00115598901175, 0.00755246542394, -0.00454565137625, 0.00247042020783, -0.00150057161227, 0.000979375909083, -0.0029665522743, 0.00281448313035, -0.00310979643837], [0.000809603370726, -0.00281995208934, 0.00123712664936, -0.00276686972938, 0.00076651625568, -0.00454565137625, 0.0106255700812, -0.00492550292984, 0.00238465028815, -0.00102202012204, 0.000126721162815, 0.000268753326964, 0.00256025162525], [-0.000856902159285, 0.00320130540058, -0.000859614345245, 0.0017324348446, -0.00245292135514, 0.00247042020783, -0.00492550292984, 0.0139978034422, -0.00509528163821, 0.00181630183943, -0.00258679594845, -0.000255714636296, 0.000504835217725], [0.000698420742992, -0.00283623533323, 0.00177596625872, -0.00279922946356, 0.00093668338377, -0.00150057161227, 0.00238465028815, -0.00509528163821, 0.0136529458687, -0.00564884766936, 0.0019847387448, -0.00104305625428, 0.00042870035395], [-0.000710772292223, 0.00323492474854, -0.00226072152145, 0.0029810834676, -0.00218520103954, 0.000979375909083, -0.00102202012204, 0.00181630183943, -0.00564884766936, 0.0140040004626, -0.00689775822684, 0.00282507319935, -0.00166396819986], [0.000888262409717, -0.00389478052966, 0.00263597397134, -0.00326053006575, 0.00252830306999, -0.0029665522743, 0.000126721162815, -0.00258679594845, 0.0019847387448, -0.00689775822684, 0.0165446419269, -0.00633045006543, 0.00143724970985], [-0.000561919994652, 0.00240539596416, -0.00223907828331, 0.00180746987462, -0.00147768633906, 0.00281448313035, 0.000268753326964, -0.000255714636296, -0.00104305625428, 0.00282507319935, -0.00633045006543, 0.0138142267242, -0.00203377474099], [0.000672516587656, -0.00214786385186, 0.00175211636815, -0.00401044869795, -0.000576551130507, -0.00310979643837, 0.00256025162525, 0.000504835217725, 0.00042870035395, -0.00166396819986, 0.00143724970985, -0.00203377474099, 0.0123197585344]]}, "silence_rate_20dB": {"dvar": 0, "var": 0, "median": 1, "max": 1, "dmean": 0, "dmean2": 0, "mean": 1, "dvar2": 0, "min": 1}, "barkbands_skewness": {"dvar": 0.350760757923, "var": 1.06502914429, "median": 1.83642435074, "max": 13.8506402969, "dmean": 0.479548692703, "dmean2": 0.739272534847, "mean": 1.93255758286, "dvar2": 0.827740848064, "min": -2.22235369682}, "erbbands_skewness": {"dvar": 0.158346042037, "var": 0.725176274776, "median": 0.350874006748, "max": 8.16383552551, "dmean": 0.338181644678, "dmean2": 0.514038383961, "mean": 0.410140931606, "dvar2": 0.358954340219, "min": -3.57327413559}, "spectral_contrast_valleys": {"dvar": [0.221185535192, 0.201801419258, 0.192767232656, 0.217331692576, 0.266865521669, 0.283951848745], "var": [4.22791719437, 2.77475166321, 2.76818037033, 3.09305691719, 3.78869724274, 3.39564585686], "median": [-6.55537796021, -6.58898210526, -7.42007064819, -8.0868062973, -8.29360771179, -11.1495847702], "max": [-4.87968397141, -4.87163877487, -5.18450450897, -5.87070274353, -5.60583925247, -7.83994436264], "dmean": [0.398620665073, 0.390662401915, 0.363836020231, 0.371392965317, 0.37625259161, 0.385851353407], "dmean2": [0.639636337757, 0.628138363361, 0.586029589176, 0.569105803967, 0.537435770035, 0.549339771271], "mean": [-7.35752820969, -7.01938581467, -7.86589384079, -8.41853427887, -8.58959197998, -11.2306509018], "dvar2": [0.470192998648, 0.446879655123, 0.425165891647, 0.421355575323, 0.486596256495, 0.56357306242], "min": [-27.8920345306, -27.7765216827, -27.7451515198, -27.5473117828, -27.5160045624, -27.3759498596]}, "spectral_strongpeak": {"dvar": 0.310978889465, "var": 0.568162322044, "median": 0.5289696455, "max": 8.47328186035, "dmean": 0.325925499201, "dmean2": 0.563414990902, "mean": 0.760974884033, "dvar2": 0.779111027718, "min": 0}, "erbbands_crest": {"dvar": 7.35018587112, "var": 21.4114685059, "median": 8.67002296448, "max": 32.7693367004, "dmean": 2.37860512733, "dmean2": 3.77152490616, "mean": 9.75093269348, "dvar2": 16.9649066925, "min": 2.36694955826}, "barkbands_crest": {"dvar": 4.44184970856, "var": 11.4907169342, "median": 9.18242835999, "max": 25.417766571, "dmean": 1.95254957676, "dmean2": 3.20252490044, "mean": 9.82926177979, "dvar2": 11.4731330872, "min": 2.67316961288}, "spectral_energyband_middle_low": {"dvar": 5.95642777625e-05, "var": 0.000177076202817, "median": 0.0174117553979, "max": 0.107096299529, "dmean": 0.00569886527956, "dmean2": 0.00937095005065, "mean": 0.0192190930247, "dvar2": 0.000159319315571, "min": 1.37562132632e-22}, "spectral_contrast_coeffs": {"dvar": [0.0014164193999, 0.00173399341293, 0.00105874391738, 0.000878753140569, 0.000659018463921, 0.000337456323905], "var": [0.0105591891333, 0.00759724946693, 0.00627017766237, 0.00483439629897, 0.00483706733212, 0.00234499713406], "median": [-0.598206579685, -0.683633685112, -0.749615907669, -0.736803233624, -0.765349626541, -0.757644891739], "max": [-0.204743504524, -0.33220911026, -0.399695038795, -0.498813211918, -0.490807324648, -0.603001892567], "dmean": [0.0422866232693, 0.0450221113861, 0.0368601754308, 0.0332115739584, 0.0257805623114, 0.0186078567058], "dmean2": [0.0703239887953, 0.0726629793644, 0.0591803528368, 0.0525305122137, 0.0399068258703, 0.0286295413971], "mean": [-0.582294285297, -0.676737070084, -0.738931596279, -0.735596895218, -0.760686039925, -0.767450094223], "dvar2": [0.00364629784599, 0.00426327390596, 0.00247226771899, 0.00199770671315, 0.00131535192486, 0.000743171432987], "min": [-0.977651417255, -0.987301170826, -0.985637068748, -0.988272190094, -0.988386392593, -0.9