{"tonal": {"chords_key": "C", "hpcp_entropy": {"dmean": 0.549454987049, "dmean2": 0.929414749146, "max": 4.65924978256, "dvar": 0.222324714065, "mean": 1.89037561417, "dvar2": 0.598170101643, "min": 0, "var": 0.387116700411, "median": 1.85912144184}, "key_key": "F", "chords_strength": {"dmean": 0.0109593644738, "dmean2": 0.0109565956518, "max": 0.842760264874, "dvar": 7.73338542785e-05, "mean": 0.527037143707, "dvar2": 8.99795559235e-05, "min": 0.26182064414, "var": 0.00818973593414, "median": 0.530508995056}, "key_scale": "major", "chords_number_rate": 0.00035464586108, "thpcp": [1, 0.862552702427, 0.266692131758, 0.107956051826, 0.10164642334, 0.196740061045, 0.408718973398, 0.419006109238, 0.230772227049, 0.143461212516, 0.155487641692, 0.359506726265, 0.757591724396, 0.733567774296, 0.662685275078, 0.83513957262, 0.556145727634, 0.213338464499, 0.15680411458, 0.189516335726, 0.412759751081, 0.852153897285, 0.791547477245, 0.355820208788, 0.205880641937, 0.174235016108, 0.188068494201, 0.230290398002, 0.222177490592, 0.162149012089, 0.12251649797, 0.111025445163, 0.178380280733, 0.301661491394, 0.303052663803, 0.472810834646], "key_strength": 0.792022764683, "tuning_nontempered_energy_ratio": 0.871693015099, "tuning_frequency": 436.204162598, "chords_changes_rate": 0.0478771924973, "tuning_diatonic_strength": 0.699293017387, "chords_scale": "major", "chords_histogram": [4.2608165741, 2.5787820816, 75.0937271118, 0.987942039967, 7.0777182579, 0.207721143961, 0, 0, 0, 0, 0, 0, 0, 0, 0, 0, 0, 4.5293340683, 0, 0.613030731678, 0, 0.805552721024, 2.03668045998, 1.8086938858], "tuning_equal_tempered_deviation": 0.195266500115, "hpcp": {"dmean": [0.0725441873074, 0.0675492286682, 0.0538731105626, 0.044159129262, 0.0418862737715, 0.0515267327428, 0.0696759745479, 0.0835590586066, 0.120659299195, 0.144233986735, 0.146008342505, 0.0768604800105, 0.0442325361073, 0.042253755033, 0.061763074249, 0.102253429592, 0.104682609439, 0.0732393488288, 0.0590556226671, 0.0655397474766, 0.102015867829, 0.130032226443, 0.152336329222, 0.148358970881, 0.136063501239, 0.129512771964, 0.0812952816486, 0.0676274225116, 0.0841633677483, 0.124897949398, 0.156754657626, 0.144607156515, 0.10359377414, 0.0852593705058, 0.0705770477653, 0.0685115605593], "dmean2": [0.129351079464, 0.119575254619, 0.0969670936465, 0.0803890600801, 0.0763013288379, 0.0901649668813, 0.118733204901, 0.146202027798, 0.215703561902, 0.249326109886, 0.250708907843, 0.13860206306, 0.0833202823997, 0.0786695629358, 0.109641849995, 0.17618919909, 0.180833563209, 0.130931675434, 0.11006604135, 0.121940709651, 0.17894539237, 0.221055731177, 0.262019187212, 0.260380893946, 0.23854097724, 0.227463558316, 0.151325315237, 0.128464281559, 0.159615471959, 0.226092502475, 0.272331833839, 0.246036022902, 0.184315860271, 0.159728825092, 0.130746722221, 0.123570151627], "max": [1, 1, 1, 1, 1, 1, 1, 1, 1, 1, 1, 1, 1, 1, 1, 1, 1, 1, 1, 1, 1, 1, 1, 1, 1, 1, 1, 1, 1, 1, 1, 1, 1, 1, 1, 1], "dvar": [0.0249715801328, 0.0221224594861, 0.0179535895586, 0.0150640541688, 0.0135323079303, 0.0158528387547, 0.0268379095942, 0.0307102259248, 0.0406344905496, 0.059945397079, 0.0547084920108, 0.0219824425876, 0.0179548300803, 0.0169139914215, 0.0214772745967, 0.0375400111079, 0.0377945676446, 0.0270275063813, 0.0243705343455, 0.0292703844607, 0.0373760610819, 0.0486359559, 0.0537628605962, 0.0524121336639, 0.0650157183409, 0.050464078784, 0.036782771349, 0.0331949852407, 0.0415111668408, 0.0491240248084, 0.0620256178081, 0.0489025861025, 0.0345010198653, 0.0349110774696, 0.0283473841846, 0.0250704567879], "mean": [0.0644896104932, 0.0622177012265, 0.0454075671732, 0.0343090333045, 0.031091125682, 0.0499529056251, 0.0844760909677, 0.0848656669259, 0.132404074073, 0.2800360322, 0.241545841098, 0.0746834054589, 0.0302315838635, 0.0284646600485, 0.0550943054259, 0.114456042647, 0.117336809635, 0.0646245405078, 0.0401743091643, 0.0435421429574, 0.100674837828, 0.212152987719, 0.205425411463, 0.18557575345, 0.233869180083, 0.155740842223, 0.0597424581647, 0.0439108014107, 0.0530714020133, 0.115587599576, 0.238633796573, 0.221661821008, 0.0996424779296, 0.0576539970934, 0.0487920828164, 0.0526659563184], "dvar2": [0.0668195188046, 0.0596585869789, 0.049946449697, 0.0419787056744, 0.0378042049706, 0.0417333617806, 0.0603688396513, 0.0787273645401, 0.1159254089, 0.140427023172, 0.133781597018, 0.063822068274, 0.0519251599908, 0.0482484102249, 0.0576146654785, 0.0949490666389, 0.0963031947613, 0.0746202617884, 0.0684108510613, 0.0818873122334, 0.0989132151008, 0.114059865475, 0.133298397064, 0.138469055295, 0.147492572665, 0.128831624985, 0.103572450578, 0.0953238755465, 0.118573099375, 0.133437231183, 0.140372812748, 0.11820089817, 0.0949898734689, 0.0997647941113, 0.0794454663992, 0.0679008215666], "min": [0, 0, 0, 0, 0, 0, 0, 0, 0, 0, 0, 0, 0, 0, 0, 0, 0, 0, 0, 0, 0, 0, 0, 0, 0, 0, 0, 0, 0, 0, 0, 0, 0, 0, 0, 0], "var": [0.0227515418082, 0.0193399079144, 0.0129954079166, 0.010778167285, 0.00948107987642, 0.0162925384939, 0.0420694984496, 0.0359069034457, 0.0448112227023, 0.145657062531, 0.116181485355, 0.0190027020872, 0.0110323419794, 0.0103273419663, 0.0189598239958, 0.0463483855128, 0.0437658391893, 0.0202384181321, 0.0156986489892, 0.0190324857831, 0.0381852090359, 0.10842307657, 0.0904176980257, 0.0724999159575, 0.136620029807, 0.0656817108393, 0.0245336964726, 0.0200057402253, 0.0252824258059, 0.0476836487651, 0.11595697701, 0.0996995717287, 0.0325872898102, 0.0231100097299, 0.0189517661929, 0.0192717052996], "median": [0.00856613088399, 0.0111558455974, 0.00783320888877, 0.0044999923557, 0.0032084712293, 0.00536274444312, 0.0097173564136, 0.013895294629, 0.0294358730316, 0.0502920821309, 0.0458003096282, 0.0157860349864, 0.002444147598, 0.00225223693997, 0.00650428514928, 0.0245414506644, 0.0326722450554, 0.0150292478502, 0.00363570847549, 0.00252086296678, 0.0119354547933, 0.0379014089704, 0.0503686256707, 0.0439636521041, 0.02187028341, 0.019607078284, 0.0072781778872, 0.00333093199879, 0.00422258675098, 0.0158981531858, 0.0500803366303, 0.0547948032618, 0.0216004922986, 0.0045666359365, 0.00370010407642, 0.00455227307975]}}, "lowlevel": {"melbands_flatness_db": {"dmean": 0.0448421761394, "dmean2": 0.0598208867013, "max": 0.929686307907, "dvar": 0.00181475956924, "mean": 0.311544209719, "dvar2": 0.00329868146218, "min": 0.00358124775812, "var": 0.0177980065346, "median": 0.28721934557}, "melbands_crest": {"dmean": 2.91228961945, "dmean2": 4.59682798386, "max": 33.9255104065, "dvar": 9.15893650055, "mean": 17.5344619751, "dvar2": 21.8333015442, "min": 1.56475162506, "var": 31.2754211426, "median": 17.5401439667}, "spectral_entropy": {"dmean": 0.326594561338, "dmean2": 0.44454574585, "max": 9.81964015961, "dvar": 0.101020239294, "mean": 6.89228820801, "dvar2": 0.179975301027, "min": 3.38848352432, "var": 0.715223610401, "median": 7.06040668488}, "melbands": {"dmean": [0.00155982363503, 0.00270759244449, 0.000977406743914, 0.00078069587471, 0.000207772201975, 0.000123657722725, 8.97271747817e-05, 7.4794406828e-05, 5.91693933529e-05, 6.05012392043e-05, 3.47223467543e-05, 3.98507327191e-05, 4.26269143645e-05, 7.20465977793e-05, 7.38855596865e-05, 4.65035627712e-05, 3.26337758452e-05, 2.65247726929e-05, 2.02980663744e-05, 1.96650817088e-05, 1.2390941265e-05, 8.75812474987e-06, 9.93676621874e-06, 6.06691128269e-06, 5.88872717344e-06, 5.1541137509e-06, 3.70400221072e-06, 3.93758045902e-06, 3.28956889462e-06, 2.55928875958e-06, 3.09165216095e-06, 3.34084916176e-06, 3.11148255605e-06, 1.89072818557e-06, 1.21566836242e-06, 9.33997284847e-07, 1.01482953596e-06, 8.6240663677e-07, 6.57697682982e-07, 4.68808195819e-07], "dmean2": [0.00255400803871, 0.00441459519789, 0.00171107752249, 0.00139806966763, 0.000344312808011, 0.000199986170628, 0.00014272541739, 0.000117564144603, 8.55566686369e-05, 8.9828921773e-05, 5.25679388375e-05, 6.22597508482e-05, 6.06191933912e-05, 0.000102400546893, 0.000109376938781, 6.69845976518e-05, 4.68811304017e-05, 3.87705913454e-05, 2.90302014037e-05, 2.83691933873e-05, 1.85592816706e-05, 1.2719841834e-05, 1.46084666994e-05, 9.0310777523e-06, 8.81764117366e-06, 7.98079872766e-06, 5.90186164118e-06, 6.45073941996e-06, 5.47084391656e-06, 4.17307319367e-06, 5.20078310728e-06, 5.73829083805e-06, 5.34200307811e-06, 3.23459698848e-06, 2.04655407288e-06, 1.54963186105e-06, 1.6903567257e-06, 1.42673559367e-06, 1.055560233e-06, 7.24970448118e-07], "max": [0.0519142523408, 0.0653782635927, 0.0284718219191, 0.0442739352584, 0.00868800468743, 0.00412560626864, 0.00578684080392, 0.00559708103538, 0.00723797362298, 0.00960196834058, 0.00280751124956, 0.0061907209456, 0.00674373889342, 0.0107354531065, 0.00591712491587, 0.00491396989673, 0.00321223773062, 0.0049600051716, 0.00188470934518, 0.00229422701523, 0.00245995423757, 0.00192520243581, 0.00157539173961, 0.000944149098359, 0.00125769292936, 0.000496236607432, 0.000406754785217, 0.000396520423237, 0.000679252203554, 0.000164629513165, 0.0002656482975, 0.000281529850326, 0.00023595339735, 0.000130610686028, 0.000102579368104, 5.83873879805e-05, 8.09972771094e-05, 6.28472189419e-05, 0.000160812414833, 6.99733209331e-05], "dvar": [1.4972459212e-05, 3.79704506486e-05, 5.04774470755e-06, 5.30834131496e-06, 2.11179667531e-07, 4.57290774136e-08, 4.32600089084e-08, 3.39930856796e-08, 2.54388794474e-08, 3.40210455363e-08, 7.05307767745e-09, 1.81584116632e-08, 1.8781545208e-08, 4.95815370982e-08, 4.65800837901e-08, 1.87086079961e-08, 1.1531837707e-08, 8.66167670921e-09, 2.75792100268e-09, 3.35142491537e-09, 1.77217707176e-09, 9.35468147389e-10, 1.06343256423e-09, 4.08520661743e-10, 4.12321427001e-10, 2.21472840067e-10, 9.79565178971e-11, 1.33644192934e-10, 1.38909245218e-10, 5.522578575e-11, 1.01849292888e-10, 1.26777463527e-10, 1.21925483598e-10, 3.94179341945e-11, 1.64774478784e-11, 7.82628909596e-12, 9.34557119192e-12, 6.5835279936e-12, 4.92402906643e-12, 2.3295736e-12], "mean": [0.00272251130082, 0.0050691999495, 0.00145007378887, 0.000727114500478, 0.000282327877358, 0.000187320038094, 0.000133723704494, 0.000112050489406, 0.000118320058391, 0.000109272259579, 7.12877081241e-05, 6.18478370598e-05, 7.73448409745e-05, 0.000143093449879, 0.000137426526635, 0.000102367252111, 6.13999800407e-05, 4.79188529425e-05, 3.86131105188e-05, 3.56293130608e-05, 2.27893251576e-05, 1.8013843146e-05, 1.87461409951e-05, 1.07032064989e-05, 1.03564070741e-05, 7.38523795007e-06, 4.67492100142e-06, 4.46004150945e-06, 3.37859569299e-06, 2.8543611279e-06, 2.82407063423e-06, 2.6782979603e-06, 2.42381634052e-06, 1.50712969571e-06, 9.87804355645e-07, 7.84252392805e-07, 8.48423781008e-07, 7.27640895093e-07, 5.9872240854e-07, 4.6030396561e-07], "dvar2": [3.73213588318e-05, 9.17847137316e-05, 1.4160246792e-05, 1.510695256e-05, 5.42201348708e-07, 1.1244257081e-07, 1.07826473084e-07, 7.55084030857e-08, 4.51623911601e-08, 6.32986285609e-08, 1.50362584606e-08, 4.3880458378e-08, 3.38203243189e-08, 8.70625171956e-08, 8.89453204422e-08, 3.50924445058e-08, 2.25019274325e-08, 1.81649326692e-08, 5.49545253747e-09, 6.72486066833e-09, 3.91934396049e-09, 1.99496175135e-09, 2.22485785351e-09, 9.12437569944e-10, 8.57346860172e-10, 4.9783838163e-10, 2.40355485515e-10, 3.43565398353e-10, 3.78204079166e-10, 1.42142048132e-10, 2.72887962227e-10, 3.45039025129e-10, 3.3121758114e-10, 1.07268430249e-10, 4.4528571802e-11, 2.06844975176e-11, 2.47625062816e-11, 1.73733943898e-11, 1.27504907674e-11, 5.70819303283e-12], "min": [3.044910403e-24, 2.55755331904e-24, 2.86966278353e-24, 2.69650919534e-24, 2.79691777794e-24, 1.60188915592e-24, 3.30295903244e-24, 2.16119055164e-24, 3.75659428485e-24, 2.85964720827e-24, 3.89530048667e-24, 4.95127284985e-24, 5.15796781765e-24, 4.59962547957e-24, 4.83584120017e-24, 4.02937686385e-24, 2.49448625625e-24, 2.79761434212e-24, 4.73727894652e-24, 3.56820720093e-24, 4.06885935215e-24, 4.42992848265e-24, 4.82760233687e-24, 4.97530825834e-24, 4.03056962153e-24, 4.88847478862e-24, 4.50019271791e-24, 4.50334934482e-24, 5.76227431966e-24, 6.56028956126e-24, 6.24375241772e-24, 4.49495073719e-24, 5.05071783885e-24, 7.56976094065e-24, 8.23066387388e-24, 7.97045337113e-24, 6.16350988087e-24, 6.10126757216e-24, 8.0284520026e-24, 7.13927007834e-24], "var": [1.684329618e-05, 4.08724263252e-05, 3.95879351345e-06, 3.45493162968e-06, 2.05506182738e-07, 6.33442169828e-08, 5.59626265328e-08, 5.67442803856e-08, 9.02632706357e-08, 1.1272031486e-07, 2.80801284447e-08, 3.19738084897e-08, 5.22967447125e-08, 1.66733940432e-07, 1.17391543597e-07, 6.92583270734e-08, 3.09246992458e-08, 1.57768926812e-08, 7.09144920563e-09, 7.48565387454e-09, 3.70810737671e-09, 2.10755746188e-09, 2.35551489425e-09, 1.01076291781e-09, 9.1291041393e-10, 4.23337920274e-10, 1.28202670702e-10, 1.42366604616e-10, 1.08487933914e-10, 6.02406943773e-11, 8.13253214771e-11, 8.92656157325e-11, 8.43807385076e-11, 2.75261948651e-11, 1.17658721308e-11, 6.07030745114e-12, 7.19395766915e-12, 5.16510618997e-12, 4.26435015771e-12, 2.3772372959e-12], "median": [0.00141928391531, 0.00330323958769, 0.000926764332689, 0.000270442513283, 0.000150594423758, 0.000109253640403, 5.20446774317e-05, 4.64092809125e-05, 3.671021841e-05, 2.49869190156e-05, 2.24950872507e-05, 1.30395892484e-05, 1.3213199054e-05, 1.90059454326e-05, 2.16638436541e-05, 1.08709309643e-05, 8.92800926522e-06, 6.59739180264e-06, 3.93135815102e-06, 3.76069328922e-06, 2.74029366665e-06, 2.03046965908e-06, 2.03950730793e-06, 1.50513312747e-06, 1.32611353365e-06, 6.82916152073e-07, 5.59421835078e-07, 4.43728595201e-07, 3.47473275042e-07, 2.76427414292e-07, 2.09242529081e-07, 2.05905990924e-07, 1.65234609995e-07, 1.29746524635e-07, 8.76234125258e-08, 6.239081074e-08, 7.03439297922e-08, 6.3770372094e-08, 5.57424861825e-08, 4.60698643678e-08]}, "silence_rate_60dB": {"dmean": 0.0274111423641, "dmean2": 0.0548236742616, "max": 1, "dvar": 0.0266520772129, "mean": 0.0453463047743, "dvar2": 0.0599826648831, "min": 0, "var": 0.0433018058538, "median": 0}, "spectral_energyband_middle_high": {"dmean": 0.00224499101751, "dmean2": 0.00303858215921, "max": 0.0968047529459, "dvar": 1.95392931346e-05, "mean": 0.00577523885295, "dvar2": 3.28592359438e-05, "min": 1.09112504009e-21, "var": 7.59695030865e-05, "median": 0.00208995118737}, "erbbands_skewness": {"dmean": 0.541378796101, "dmean2": 0.818385899067, "max": 10.7373723984, "dvar": 0.394994586706, "mean": 0.261204630136, "dvar2": 0.858030974865, "min": -7.32400465012, "var": 1.40219318867, "median": 0.142006546259}, "dynamic_complexity": 3.14914679527, "dissonance": {"dmean": 0.0292121991515, "dmean2": 0.0483187064528, "max": 0.500000119209, "dvar": 0.000821605732199, "mean": 0.438201993704, "dvar2": 0.00215490208939, "min": 0.0796205699444, "var": 0.00229811342433, "median": 0.45003849268}, "spectral_skewness": {"dmean": 0.590246975422, "dmean2": 0.859402298927, "max": 15.4624013901, "dvar": 0.448120206594, "mean": 2.43202781677, "dvar2": 0.951809108257, "min": -0.0398919843137, "var": 2.79100060463, "median": 1.96868741512}, "spectral_kurtosis": {"dmean": 6.10209131241, "dmean2": 9.41764354706, "max": 302.636352539, "dvar": 104.871894836, "mean": 13.8465852737, "dvar2": 248.056671143, "min": -1.24380099773, "var": 551.782409668, "median": 6.37111377716}, "gfcc": {"cov": [[12455.6669922, -2631.4309082, -3155.50512695, 919.274108887, -1040.94702148, 293.557891846, -314.679473877, 495.976989746, -200.00302124, 294.941192627, -238.878707886, 145.588485718, -156.904724121], [-2631.4309082, 2041.80236816, 311.269439697, -625.006591797, 791.033630371, -231.066329956, 275.169372559, -261.125976562, 169.188079834, -235.038894653, 198.765884399, -163.375808716, 85.5286941528], [-3155.50512695, 311.269439697, 2520.13647461, 70.091255188, -267.922210693, 133.924240112, 22.7495117188, -10.2112722397, 38.1975669861, 10.9915590286, -17.1795520782, 4.79257678986, 21.3667755127], [919.274108887, -625.006591797, 70.091255188, 675.087158203, -163.770858765, 12.5344924927, 59.0882873535, 92.4350280762, 12.569729805, 50.9741744995, -20.6374206543, 28.6143245697, 9.82823085785], [-1040.94702148, 791.033630371, -267.922210693, -163.770858765, 911.988220215, -25.4257793427, 150.463729858, -124.807006836, 63.80052948, -110.642501831, 128.343307495, -53.6107406616, 27.5303001404], [293.557891846, -231.066329956, 133.924240112, 12.5344924927, -25.4257793427, 297.166473389, 23.6087932587, 14.4633626938, 5.6375837326, 77.7062606812, -8.35367965698, 23.6969680786, -12.1803226471], [-314.679473877, 275.169372559, 22.7495117188, 59.0882873535, 150.463729858, 23.6087932587, 258.197998047, -0.955341815948, 74.1977462769, -7.06285762787, 59.3967094421, -31.8947925568, 29.1637802124], [495.976989746, -261.125976562, -10.2112722397, 92.4350280762, -124.807006836, 14.4633626938, -0.955341815948, 223.85194397, 40.9984436035, 43.5201301575, -5.99012899399, 46.8799247742, -4.08451509476], [-200.00302124, 169.188079834, 38.1975669861, 12.569729805, 63.80052948, 5.6375837326, 74.1977462769, 40.9984436035, 139.134414673, 17.7825927734, 24.4700813293, -1.42162704468, 27.4346389771], [294.941192627, -235.038894653, 10.9915590286, 50.9741744995, -110.642501831, 77.7062606812, -7.06285762787, 43.5201301575, 17.7825927734, 119.077545166, 6.0446138382, 26.9872989655, -8.42286872864], [-238.878707886, 198.765884399, -17.1795520782, -20.6374206543, 128.343307495, -8.35367965698, 59.3967094421, -5.99012899399, 24.4700813293, 6.0446138382, 110.95526123, 8.82290267944, 4.19451808929], [145.588485718, -163.375808716, 4.79257678986, 28.6143245697, -53.6107406616, 23.6969680786, -31.8947925568, 46.8799247742, -1.42162704468, 26.9872989655, 8.82290267944, 86.1707839966, 15.1987276077], [-156.904724121, 85.5286941528, 21.3667755127, 9.82823085785, 27.5303001404, -12.1803226471, 29.1637802124, -4.08451509476, 27.4346389771, -8.42286872864, 4.19451808929, 15.1987276077, 60.0326728821]], "mean": [-58.2579803467, 131.895126343, -98.4493484497, 32.2450866699, -40.2876968384, 24.9696102142, -32.4049224854, 3.83531403542, -23.077205658, -0.631208598614, -10.5200414658, -6.71256542206, -9.42121505737], "icov": [[0.000254893791862, -0.000346862740116, 0.000433559383964, -0.000558292085771, 0.000343664840329, -0.000561457884032, 0.000316110759741, -0.000448898150353, 0.000414744514273, -0.000246839481406, 0.000423984514782, -0.000235818108195, 0.00044775326387], [-0.000346862740116, 0.00496032042429, -0.0014337580651, 0.00409229286015, -0.00170829996932, 0.00295904721133, -0.00234896340407, 0.00248807505704, -0.0041812164709, 0.00407270854339, -0.00501467240974, 0.00443871458992, -0.00373021140695], [0.000433559383964, -0.0014337580651, 0.00133512413595, -0.00160840910394, 0.00104099221062, -0.00165337871294, 0.000908780028112, -0.000986933126114, 0.0011553731747, -0.000786798947956, 0.00137168483343, -0.00109966110904, 0.00118666898925], [-0.000558292085771, 0.00409229286015, -0.00160840910394, 0.00542977917939, -0.00148569140583, 0.00308781722561, -0.00290195853449, 0.001892400207, -0.00326931104064, 0.00273775216192, -0.00371720804833, 0.00318524520844, -0.00342812738381], [0.000343664840329, -0.00170829996932, 0.00104099221062, -0.00148569140583, 0.00271567935124, -0.00188080826774, 0.000630496127997, -0.000447954196716, 0.00074902898632, 0.000487703306135, -0.000114924630907, -0.00104759482201, 0.00124038138893], [-0.000561457884032, 0.00295904721133, -0.00165337871294, 0.00308781722561, -0.00188080826774, 0.00694939401001, -0.00275732204318, 0.00218854914419, -0.00220768409781, -0.00108567310963, -0.00138726225123, 0.000978545052931, -0.0011335874442], [0.000316110759741, -0.00234896340407, 0.000908780028112, -0.00290195853449, 0.000630496127997, -0.00275732204318, 0.00759229389951, -0.00175322918221, 4.80763847008e-05, -0.00113707093988, -0.000635790405795, 0.00140755728353, -0.000825217866804], [-0.000448898150353, 0.00248807505704, -0.000986933126114, 0.001892400207, -0.000447954196716, 0.00218854914419, -0.00175322918221, 0.00792826153338, -0.00474970927462, 0.0015972412657, -0.00211676792242, -0.00134602794424, 0.000247409945587], [0.000414744514273, -0.0041812164709, 0.0011553731747, -0.00326931104064, 0.00074902898632, -0.00220768409781, 4.80763847008e-05, -0.00474970927462, 0.0142266340554, -0.00606136256829, 0.00403379229829, -0.00201856181957, -0.00109567365143], [-0.000246839481406, 0.00407270854339, -0.000786798947956, 0.00273775216192, 0.000487703306135, -0.00108567310963, -0.00113707093988, 0.0015972412657, -0.00606136256829, 0.0171715691686, -0.00710592558607, 0.00205445685424, -0.00124297081493], [0.000423984514782, -0.00501467240974, 0.00137168483343, -0.00371720804833, -0.000114924630907, -0.00138726225123, -0.000635790405795, -0.00211676792242, 0.00403379229829, -0.00710592558607, 0.0186238829046, -0.00857227295637, 0.00633759656921], [-0.000235818108195, 0.00443871458992, -0.00109966110904, 0.00318524520844, -0.00104759482201, 0.000978545052931, 0.00140755728353, -0.00134602794424, -0.00201856181957, 0.00205445685424, -0.00857227295637, 0.0218775253743, -0.0108958426863], [0.00044775326387, -0.00373021140695, 0.00118666898925, -0.00342812738381, 0.00124038138893, -0.0011335874442, -0.000825217866804, 0.000247409945587, -0.00109567365143, -0.00124297081493, 0.00633759656921, -0.0108958426863, 0.0255421437323]]}, "spectral_complexity": {"dmean": 3.19889545441, "dmean2": 4.61623430252, "max": 57, "dvar": 16.6250114441, "mean": 13.4134368896, "dvar2": 31.4125080109, "min": 0, "var": 70.3360214233, "median": 12}, "spectral_flux": {"dmean": 0.0387666635215, "dmean2": 0.0589291453362, "max": 0.455948084593, "dvar": 0.00229790899903, "mean": 0.082914493978, "dvar2": 0.00447007268667, "min": 6.41758104991e-11, "var": 0.00469652237371, "median": 0.0606939382851}, "spectral_energyband_low": {"dmean": 0.0106541123241, "dmean2": 0.016845876351, "max": 0.25549030304, "dvar": 0.000559208041523, "mean": 0.0215653833002, "dvar2": 0.00127358105965, "min": 4.55201362186e-23, "var": 0.000681229226757, "median": 0.014278575778}, "spectral_decrease": {"dmean": 3.82653908559e-09, "dmean2": 5.9288955967e-09, "max": 9.53999948858e-29, "dvar": 4.48755871699e-17, "mean": -8.82177797479e-09, "dvar2": 1.01089537519e-16, "min": -6.97853081988e-08, "var": 6.28086510918e-17, "median": -7.02478342163e-09}, "barkbands_spread": {"dmean": 6.10720252991, "dmean2": 9.43307876587, "max": 114.964599609, "dvar": 76.4397888184, "mean": 15.434838295, "dvar2": 176.044342041, "min": 0.0296510159969, "var": 162.496887207, "median": 12.8481655121}, "spectral_rms": {"dmean": 0.00113225297537, "dmean2": 0.00166347285267, "max": 0.0161176361144, "dvar": 2.42121222982e-06, "mean": 0.00532959820703, "dvar2": 4.9802574722e-06, "min": 3.14431141714e-12, "var": 5.57203702556e-06, "median": 0.00520679168403}, "spectral_centroid": {"dmean": 288.025268555, "dmean2": 437.207550049, "max": 11434.6103516, "dvar": 167602.71875, "mean": 938.289123535, "dvar2": 368164.75, "min": 70.5663986206, "var": 483190.875, "median": 774.344238281}, "barkbands_skewness": {"dmean": 0.969209969044, "dmean2": 1.46291601658, "max": 23.1627445221, "dvar": 1.36400353909, "mean": 2.35199451447, "dvar2": 3.05627727509, "min": -5.30755472183, "var": 4.06362724304, "median": 2.0424284935}, "spectral_rolloff": {"dmean": 374.871154785, "dmean2": 638.476196289, "max": 19638.28125, "dvar": 655822.5, "mean": 881.318054199, "dvar2": 1612642.875, "min": 21.533203125, "var": 1093307.375, "median": 452.197265625}, "erbbands_spread": {"dmean": 11.4447402954, "dmean2": 16.8156280518, "max": 183.373779297, "dvar": 234.386260986, "mean": 33.0210151672, "dvar2": 464.038757324, "min": 0.637433648109, "var": 529.808105469, "median": 26.9609222412}, "barkbands": {"dmean": [3.55754273187e-05, 0.00774193694815, 0.00393663812429, 0.0018391138874, 0.00305896438658, 0.000666034058668, 0.00043763560825, 0.00030741840601, 0.000401045050239, 0.000287758739432, 0.000312213058351, 0.000587301561609, 0.000599231978413, 0.000312190386467, 0.000336372671882, 0.000209705889574, 0.000192609615624, 0.000136514776386, 0.000133645284222, 0.000115430506412, 0.000117911418783, 0.000162139098393, 7.52799460315e-05, 7.38005837775e-05, 4.41538686573e-05, 9.52764457907e-06, 3.23260962887e-07], "dmean2": [6.12528383499e-05, 0.0127820186317, 0.00659481668845, 0.00328353815712, 0.00544023513794, 0.00106599647552, 0.000697407464031, 0.000467094912892, 0.000589076487813, 0.000443008582806, 0.000448219041573, 0.000842162873596, 0.000889301009011, 0.000450979656307, 0.000483671901748, 0.000306148751406, 0.000282765657175, 0.000202463197638, 0.000203609466553, 0.00018709069991, 0.000193854255485, 0.000277212180663, 0.000126137398183, 0.000121429882711, 6.74157927278e-05, 1.43002362165e-05, 5.00580483731e-07], "max": [0.00213718181476, 0.219551935792, 0.119948610663, 0.0553878284991, 0.17371070385, 0.0257172975689, 0.0265460629016, 0.0247352030128, 0.0724483132362, 0.0375211089849, 0.0443104766309, 0.0709021985531, 0.0488859079778, 0.0573986135423, 0.0292758867145, 0.0224831793457, 0.0426690243185, 0.0123483259231, 0.0176723226905, 0.0093566281721, 0.0113422889262, 0.0105438269675, 0.00503067485988, 0.0049166418612, 0.00887862499803, 0.00170710880775, 6.57115451759e-05], "dvar": [4.94293539433e-09, 0.000369650544599, 8.23097216198e-05, 1.90580431081e-05, 7.8766788647e-05, 1.36233495596e-06, 1.14431520615e-06, 5.74462490022e-07, 1.62666412962e-06, 6.7552184646e-07, 9.63347929428e-07, 3.15480224344e-06, 3.4310146475e-06, 1.10705605039e-06, 7.80038135417e-07, 3.80339628236e-07, 4.99796783515e-07, 1.58535300443e-07, 1.3051358394e-07, 1.01616485892e-07, 1.34895600468e-07, 2.96762976859e-07, 5.7168236367e-08, 4.58206983467e-08, 2.0945803314e-08, 1.04424502378e-09, 2.12206077363e-12], "mean": [4.35373367509e-05, 0.013235911727, 0.00702026207, 0.00220963871107, 0.00302293943241, 0.00100622558966, 0.00061130366521, 0.000539235421456, 0.000722241878975, 0.000540826295037, 0.00055857055122, 0.0011580856517, 0.0011847151909, 0.000570525997318, 0.00062595854979, 0.000365800893633, 0.000388140644645, 0.000235681669437, 0.000219426321564, 0.000134759960929, 0.000124097772641, 0.000129342050059, 6.20980354142e-05, 6.27851986792e-05, 4.41038464487e-05, 9.67170217336e-06, 2.98400323118e-07], "dvar2": [1.51506895918e-08, 0.000937655218877, 0.000215307052713, 5.40494584129e-05, 0.00022304522281, 3.27819475388e-06, 2.83295844383e-06, 1.1064098544e-06, 2.94075084639e-06, 1.64726031926e-06, 1.74403669462e-06, 5.50574759473e-06, 6.61986632622e-06, 2.23572055802e-06, 1.61566629231e-06, 7.60290845392e-07, 1.09847576368e-06, 3.24872871715e-07, 2.83467699091e-07, 2.59163641658e-07, 3.54920359769e-07, 8.03115199233e-07, 1.53450983476e-07, 1.20023671002e-07, 5.05214003965e-08, 2.47394327246e-09, 4.87385565934e-12], "min": [4.57813927509e-24, 9.05465591065e-24, 6.40739293504e-24, 4.47912618744e-24, 1.27748718749e-23, 7.56192755186e-24, 1.46216331193e-23, 9.28522969806e-24, 2.14831531615e-23, 2.28782473615e-23, 2.86312616374e-23, 2.96618737002e-23, 5.54469567461e-23, 2.3795246099e-23, 6.93991041255e-23, 7.67054896535e-23, 9.68713366111e-23, 8.38837704813e-23, 1.57101169647e-22, 1.69238242747e-22, 2.92170855229e-22, 3.04220560406e-22, 5.42731758953e-22, 6.43478560932e-22, 1.08459978464e-21, 1.33420022181e-21, 1.95290698522e-21], "var": [5.64997826302e-09, 0.000371876551071, 8.32126534078e-05, 1.33990770337e-05, 5.25230207131e-05, 1.8509841766e-06, 1.37651773002e-06, 1.58291175012e-06, 5.66650714973e-06, 1.5899876189e-06, 2.66331858256e-06, 1.11511180876e-05, 9.76806768449e-06, 2.58936142927e-06, 1.80113477199e-06, 8.49938203373e-07, 1.02997023532e-06, 3.95932431729e-07, 2.84741844325e-07, 1.09859918496e-07, 1.23632332816e-07, 2.10201307027e-07, 4.18145909009e-08, 3.66925867468e-08, 2.21129603517e-08, 1.15518528077e-09, 2.31551019678e-12], "median": [1.71676838363e-05, 0.00785846076906, 0.0044022812508, 0.00118632684462, 0.00124523683917, 0.00059548066929, 0.000224389674258, 0.000207367556868, 0.000148413877469, 0.000155441375682, 9.67407540884e-05, 0.000131334527396, 0.000111397879664, 7.06870559952e-05, 6.00737403147e-05, 4.23117926402e-05, 4.13784400735e-05, 2.93265838991e-05, 3.08885719278e-05, 1.50056494022e-05, 1.18626094263e-05, 9.8955915746e-06, 5.88134844293e-06, 5.48679372514e-06, 4.56169709651e-06, 7.84540304721e-07, 9.69634861292e-09]}, "melbands_kurtosis": {"dmean": 19.3027992249, "dmean2": 30.1125640869, "max": 973.448181152, "dvar": 1467.09118652, "mean": 30.5216255188, "dvar2": 3375.37426758, "min": -1.93676364422, "var": 2479.09375, "median": 13.7737340927}, "erbbands_crest": {"dmean": 2.51393532753, "dmean2": 3.96784114838, "max": 32.6693191528, "dvar": 5.96106863022, "mean": 10.2164840698, "dvar2": 13.6076841354, "min": 2.07212734222, "var": 22.5012264252, "median": 9.06444740295}, "melbands_skewness": {"dmean": 1.20434188843, "dmean2": 1.79992330074, "max": 23.6357059479, "dvar": 2.15595293045, "mean": 3.5458137989, "dvar2": 4.55316925049, "min": -3.80771684647, "var": 6.19341564178, "median": 3.14081192017}, "spectral_energyband_middle_low": {"dmean": 0.00562372012064, "dmean2": 0.00948354136199, "max": 0.219218984246, "dvar": 0.000160319672432, "mean": 0.00837635155767, "dvar2": 0.000435709604062, "min": 1.96510426418e-22, "var": 0.000135650014272, "median": 0.0052587450482}, "spectral_contrast_coeffs": {"dmean": [0.0561850816011, 0.0485822185874, 0.0442604646087, 0.0393797755241, 0.0320583991706, 0.0251582469791], "dmean2": [0.0926721766591, 0.0785816162825, 0.0676118507981, 0.0585836879909, 0.046850476414, 0.0373686738312], "max": [-0.251268327236, -0.431194156408, -0.386997461319, -0.43449446559, -0.473482400179, -0.561105668545], "dvar": [0.00287052011117, 0.00161547597963, 0.0014687521616, 0.00137481302954, 0.00100252416451, 0.000691616907716], "mean": [-0.620490312576, -0.720878183842, -0.73514431715, -0.73798418045, -0.776570618153, -0.79603433609], "dvar2": [0.00749970553443, 0.0040068468079, 0.00311682489701, 0.0026228709612, 0.00185311690439, 0.00133038451895], "min": [-0.971132516861, -0.978766322136, -0.988922357559, -0.970093667507, -0.967714369297, -0.964010000229], "var": [0.00654644938186, 0.00444602686912, 0.00689582154155, 0.00889779161662, 0.006274797488, 0.00339628150687], "median": [-0.628296136856, -0.72276699543, -0.742169737816, -0.745608925819, -0.7886749506, -0.809142589569]}, "spectral_contrast_valleys": {"dmean": [0.468071430922, 0.466117203236, 0.46532034874, 0.461326062679, 0.497067481279, 0.5764310956], "dmean2": [0.739256620407, 0.698232710361, 0.676234483719, 0.66443002224, 0.648008227348, 0.661870062351], "max": [-5.00856781006, -4.62583875656, -5.32693338394, -5.49759101868, -5.47893381119, -7.43838977814], "dvar": [0.185218766332, 0.191400393844, 0.175569817424, 0.194706752896, 0.220110848546, 0.327195256948], "mean": [-7.15766000748, -7.33269834518, -8.00018119812, -8.54277038574, -8.80733203888, -10.9811468124], "dvar2": [0.413636445999, 0.373484969139, 0.337474226952, 0.366280645132, 0.360666781664, 0.525391280651], "min": [-28.5492973328, -27.5997543335, -27.6387634277, -27.8322944641, -27.4872837067, -27.3738288879], "var": [0.943761050701, 1.45109820366, 1.49694347382, 1.70878314972, 2.24343681335, 2.29682707787], "median": [-7.00728988647, -7.15227127075, -7.80954170227, -8.36056900024, -8.58784008026, -10.8388843536]}, "silence_rate_20dB": {"dmean": 0, "dmean2": 0, "max": 1, "dvar": 0, "mean": 1, "dvar2": 0, "min": 1, "var": 0, "median": 1}, "silence_rate_30dB": {"dmean": 0.0427634082735, "dmean2": 0.0855289846659, "max": 1, "dvar": 0.0409362092614, "mean": 0.968282938004, "dvar2": 0.102489806712, "min": 0, "var": 0.030695354566, "median": 1}, "spectral_strongpeak": {"dmean": 0.398991316557, "dmean2": 0.689377248287, "max": 18.3742713928, "dvar": 1.00019848347, "mean": 0.783564805984, "dvar2": 2.30236077309, "min": 0, "var": 1.62297904491, "median": 0.445797860622}, "spectral_spread": {"dmean": 938517.875, "dmean2": 1251870.25, "max": 42153572, "dvar": 1315633233920.0, "mean": 4061269.5, "dvar2": 2198668050430.0, "min": 367757.34375, "var": 5485174456320.0, "median": 3510767.5}, "barkbands_flatness_db": {"dmean": 0.0358877703547, "dmean2": 0.0487440116704, "max": 0.756827771664, "dvar": 0.00115954154171, "mean": 0.225283920765, "dvar2": 0.00217551318929, "min": 0.0356767177582, "var": 0.0109892338514, "median": 0.202432215214}, "pitch_salience": {"dmean": 0.0829323157668, "dmean2": 0.131479293108, "max": 0.871551930904, "dvar": 0.00666722469032, "mean": 0.445243477821, "dvar2": 0.0157040320337, "min": 0.0372867621481, "var": 0.0180218033493, "median": 0.430813580751}, "erbbands_kurtosis": {"dmean": 1.88771677017, "dmean2": 2.97356033325, "max": 229.526748657, "dvar": 19.5577278137, "mean": 2.16244578362, "dvar2": 47.6593475342, "min": -1.91366195679, "var": 36.8050346375, "median": 0.761523246765}, "average_loudness": 0.891495525837, "barkbands_crest": {"dmean": 2.63218903542, "dmean2": 4.21296882629, "max": 26.6566619873, "dvar": 7.22681236267, "mean": 12.4384832382, "dvar2": 18.2511253357, "min": 2.58995819092, "var": 19.4891853333, "median": 12.0520706177}, "hfc": {"dmean": 7.82528543472, "dmean2": 11.2117195129, "max": 269.25994873, "dvar": 177.68347168, "mean": 16.878742218, "dvar2": 384.047973633, "min": 1.11574290011e-16, "var": 407.829620361, "median": 9.10697937012}, "barkbands_kurtosis": {"dmean": 9.53315353394, "dmean2": 15.0713825226, "max": 2129.81835938, "dvar": 596.582092285, "mean": 13.3882141113, "dvar2": 1562.11462402, "min": -1.93022799492, "var": 705.361694336, "median": 4.6586432457}, "erbbands": {"dmean": [0.0971221253276, 2.12174153328, 5.00908184052, 5.11822319031, 9.73109149933, 9.8192653656, 5.20952033997, 5.6120262146, 5.6992020607, 7.09183645248, 6.48694562912, 10.3777217865, 7.09348297119, 9.93874359131, 14.1150026321, 29.5517253876, 27.1987686157, 16.8561325073, 16.0852413177, 15.0522651672, 10.3874406815, 8.40065193176, 7.63870620728, 7.07440757751, 6.30074548721, 5.7175784111, 5.01461553574, 4.9015045166, 5.76854085922, 4.05360603333, 2.01985526085, 1.63316309452, 1.13844180107, 0.603129148483, 0.242954805493, 0.070078805089, 0.0121525488794, 0.00132098759059, 5.12881779287e-05, 1.83446991286e-05], "dmean2": [0.155909985304, 3.50795769691, 8.2701292038, 8.96000766754, 17.3316135406, 17.6330661774, 8.45548725128, 9.16886615753, 9.06406402588, 11.2078332901, 9.5246629715, 15.216632843, 10.6322507858, 15.3768806458, 19.8039417267, 41.8893470764, 39.9766349792, 23.8586654663, 23.1545314789, 21.4531574249, 15.2084035873, 12.0655183792, 11.2338142395, 10.5125083923, 9.78752231598, 9.25044059753, 8.23834896088, 8.14695453644, 9.86762142181, 6.93181419373, 3.37819576263, 2.70906710625, 1.85576796532, 0.936986386776, 0.368305563927, 0.10630454123, 0.0180057100952, 0.001952439663, 7.59782269597e-05, 2.75324346148e-05], "max": [4.08701848984, 57.3143081665, 120.782089233, 176.822402954, 450.117614746, 632.076171875, 210.671051025, 191.17741394, 370.325164795, 470.799255371, 684.659118652, 1782.34448242, 550.256896973, 1392.85668945, 1797.01293945, 3288.11791992, 2139.97607422, 1548.63745117, 2205.90356445, 1412.0793457, 1334.14855957, 1145.125, 696.394042969, 1260.32678223, 508.118774414, 535.75378418, 794.517089844, 404.528533936, 419.526916504, 273.137786865, 147.426193237, 125.162612915, 83.2708129883, 114.498207092, 34.7039108276, 11.0610046387, 2.98470616341, 0.229930251837, 0.00805047806352, 0.000407757615903], "dvar": [0.0566852763295, 27.5477600098, 126.88331604, 174.79473877, 615.948791504, 961.426879883, 106.251899719, 95.7150878906, 165.557907104, 310.935211182, 284.471801758, 1076.9609375, 279.933135986, 1006.04351807, 1822.87902832, 6802.74609375, 6992.34423828, 2538.11352539, 2674.86645508, 1590.1451416, 863.201293945, 653.893493652, 507.669555664, 491.614868164, 283.784301758, 257.421661377, 274.741912842, 235.08656311, 377.391479492, 183.550628662, 41.1454620361, 23.8454933167, 10.7219362259, 3.64607977867, 0.582155048847, 0.0485534034669, 0.00216991058551, 2.63023739535e-05, 3.38023866675e-08, 8.82107997757e-10], "mean": [0.179865777493, 3.60617351532, 9.06194591522, 7.87194490433, 9.92165184021, 9.03820514679, 7.42740535736, 8.27593708038, 8.78914833069, 10.2689189911, 12.7299842834, 19.4325561523, 15.1121082306, 16.3054580688, 27.5701255798, 60.8124732971, 55.8042640686, 34.6437339783, 30.6736278534, 29.1361312866, 20.373626709, 17.7459793091, 14.7249612808, 12.9242582321, 8.97986221313, 6.8028178215, 5.43001079559, 4.76490354538, 4.66225337982, 3.22464632988, 1.66720402241, 1.37144565582, 0.9897595644, 0.583218097687, 0.247800469398, 0.07039745152, 0.0126168495044, 0.00134374771733, 6.20732971583e-05, 4.19780481025e-05], "dvar2": [0.135256052017, 69.9444885254, 314.951080322, 493.269042969, 1741.9720459, 2732.24145508, 259.358886719, 240.294418335, 414.340911865, 710.668823242, 514.945495605, 1927.68481445, 589.719787598, 2397.06225586, 3290.26025391, 11686.4570312, 13510.2021484, 4950.23730469, 5576.671875, 3144.91455078, 1823.68017578, 1336.66845703, 1036.81237793, 1020.06323242, 654.224243164, 652.463684082, 733.047851562, 625.337402344, 1022.94073486, 497.931854248, 110.352752686, 63.0148200989, 27.7903003693, 8.97601795197, 1.37257230282, 0.114762715995, 0.00514912931249, 5.90049967286e-05, 7.53307105583e-08, 1.91849824915e-09], "min": [2.04226457948e-22, 1.30289862499e-21, 5.88011355074e-21, 1.56163153194e-20, 1.67243609084e-20, 3.49265219864e-20, 7.15457333872e-20, 7.03606485257e-20, 2.19667944626e-19, 1.96522022295e-19, 4.01875205755e-19, 5.50473549909e-19, 7.6828659371e-19, 1.3507647438e-18, 2.09558639488e-18, 1.77952502552e-18, 2.60363286889e-18, 1.79566001055e-18, 2.71894039872e-18, 3.52214456083e-18, 4.61510905754e-18, 5.82887583809e-18, 5.39177664522e-18, 5.78509895854e-18, 8.50845257261e-18, 7.73872709823e-18, 1.19121080602e-17, 1.18415760237e-17, 9.24134121278e-18, 1.34452112249e-17, 1.41937459864e-17, 1.16373112161e-17, 1.02682048796e-17, 1.03130959714e-17, 6.9721267122e-18, 4.3147395112e-18, 2.61397283334e-18, 1.03890235002e-18, 2.55235832086e-19, 3.12028133627e-20], "var": [0.0883164331317, 27.0311412811, 136.349838257, 141.462081909, 423.224731445, 616.647155762, 121.52040863, 126.606933594, 219.214996338, 460.269378662, 931.681335449, 3795.61791992, 1143.43725586, 1806.0925293, 5264.34472656, 25144.3789062, 19814.1542969, 6890.50683594, 5310.89599609, 4079.35595703, 2074.12060547, 1646.08630371, 1350.07617188, 1136.2755127, 502.668334961, 289.186706543, 241.758041382, 198.088607788, 267.91998291, 128.544631958, 30.1574993134, 18.4993553162, 8.9611530304, 3.65500354767, 0.648454844952, 0.0537528507411, 0.00240486674011, 3.10512878059e-05, 4.04364897122e-08, 1.38311706532e-09], "median": [0.0679229050875, 2.2248044014, 5.57658529282, 4.34533500671, 4.26777076721, 3.28812050819, 4.0596909523, 4.6689157486, 3.67778778076, 4.31381940842, 4.55926895142, 4.41722583771, 5.30719947815, 4.17660236359, 6.44166469574, 9.6274805069, 8.90021324158, 7.48111629486, 4.97515106201, 3.88983297348, 3.19608974457, 2.3436756134, 2.37419629097, 1.93857121468, 1.08743977547, 0.770084798336, 0.602724909782, 0.423398911953, 0.363915026188, 0.262830913067, 0.154438585043, 0.114271767437, 0.0910319387913, 0.0586620047688, 0.0265198163688, 0.00630909390748, 0.000946919142734, 8.2221798948e-05, 1.95534157683e-05, 3.30491347995e-05]}, "spectral_energy": {"dmean": 0.0149389766157, "dmean2": 0.0229961257428, "max": 0.266272634268, "dvar": 0.000659227429423, "mean": 0.0348262451589, "dvar2": 0.00147538224701, "min": 1.0133861578e-20, "var": 0.000954696850386, "median": 0.0277884472162}, "zerocrossingrate": {"dmean": 0.00964730605483, "dmean2": 0.0112597122788, "max": 0.517578125, "dvar": 0.000130510117742, "mean": 0.034956663847, "dvar2": 0.000171688516275, "min": 0.00244140625, "var": 0.000762768962886, "median": 0.02978515625}, "spectral_energyband_high": {"dmean": 0.000529994198587, "dmean2": 0.000864585279487, "max": 0.0338072888553, "dvar": 2.34330741478e-06, "mean": 0.000503379444126, "dvar2": 6.168352229e-06, "min": 7.09592445614e-21, "var": 1.92145762412e-0