{"tonal": {"chords_key": "F#", "hpcp_entropy": {"dmean": 0.435334265232, "dmean2": 0.733185052872, "max": 4.42956161499, "dvar": 0.207923009992, "mean": 1.31218802929, "dvar2": 0.522562503815, "min": 0, "var": 0.562560319901, "median": 1.27486741543}, "key_key": "F#", "chords_strength": {"dmean": 0.00767195923254, "dmean2": 0.00668797409162, "max": 0.725428938866, "dvar": 0.000398132950068, "mean": 0.47358995676, "dvar2": 0.000809744582511, "min": -1, "var": 0.043122600764, "median": 0.499411404133}, "key_scale": "minor", "chords_number_rate": 0.00223214295693, "thpcp": [1, 0.541803658009, 0.0926124379039, 0.0506382547319, 0.0567386932671, 0.305008530617, 0.544929504395, 0.317376345396, 0.258329331875, 0.455949485302, 0.297355800867, 0.167056515813, 0.174502521753, 0.0954092666507, 0.137945562601, 0.205499947071, 0.125800028443, 0.0663530081511, 0.061554171145, 0.0517885349691, 0.441670149565, 0.861453652382, 0.501756489277, 0.121760621667, 0.134949669242, 0.0917278379202, 0.142271220684, 0.255777537823, 0.206666186452, 0.229401320219, 0.278764992952, 0.17060020566, 0.136234685779, 0.162901461124, 0.182292565703, 0.623866200447], "key_strength": 0.786754131317, "tuning_nontempered_energy_ratio": 0.616121947765, "tuning_frequency": 437.971466064, "chords_changes_rate": 0.0372023805976, "tuning_diatonic_strength": 0.577754020691, "chords_scale": "minor", "chords_histogram": [57.0870552063, 7.45907735825, 6.82663679123, 1.171875, 0.520833313465, 1.171875, 1.58110117912, 3.53422617912, 0.409226179123, 5.09672641754, 0, 0.483630955219, 0.0558035708964, 0.502232134342, 0.427827388048, 2.86458325386, 0.186011910439, 0, 0.111607141793, 1.43229162693, 0.948660731316, 0, 3.31101179123, 4.81770849228], "tuning_equal_tempered_deviation": 0.0265402346849, "hpcp": {"dmean": [0.0804244875908, 0.0675368160009, 0.0527213215828, 0.0426055751741, 0.0286123845726, 0.0347618162632, 0.0350502319634, 0.0283649470657, 0.0194816812873, 0.01786361821, 0.0213478729129, 0.0842243731022, 0.11204264313, 0.0923580080271, 0.0383898131549, 0.0298335961998, 0.0256783440709, 0.0369251519442, 0.0533032901585, 0.0471983663738, 0.0550507307053, 0.0632168799639, 0.0559177659452, 0.0572909638286, 0.0524247251451, 0.0656901597977, 0.120928041637, 0.118733808398, 0.11395881325, 0.0428474470973, 0.0259866006672, 0.0259479079396, 0.07047829777, 0.0944834277034, 0.0734057351947, 0.0687159821391], "dmean2": [0.13345696032, 0.111318312585, 0.0903853997588, 0.071696639061, 0.0483105964959, 0.0578911304474, 0.0576084665954, 0.0453088246286, 0.0323425754905, 0.0298048555851, 0.0379034169018, 0.135816052556, 0.177783831954, 0.147108390927, 0.0655776783824, 0.049351233989, 0.0423878207803, 0.0612321570516, 0.0869702473283, 0.0759049803019, 0.0875121951103, 0.100078165531, 0.0939528420568, 0.100627973676, 0.0893517509103, 0.113192535937, 0.199954122305, 0.193544983864, 0.189237907529, 0.0753886252642, 0.0457006879151, 0.0452927425504, 0.115023717284, 0.150438219309, 0.117286518216, 0.11582518369], "max": [1, 1, 1, 1, 1, 1, 1, 1, 1, 1, 0.814238488674, 1, 1, 1, 1, 1, 1, 1, 1, 1, 1, 1, 1, 1, 1, 1, 1, 1, 1, 1, 1, 1, 1, 1, 1, 1], "dvar": [0.0323067456484, 0.0174503996968, 0.0121349487454, 0.011063545011, 0.00494758971035, 0.00838781706989, 0.0112502537668, 0.0061467946507, 0.00284106703475, 0.00254464498721, 0.0027594184503, 0.0153577113524, 0.0357196182013, 0.0201186127961, 0.00889831781387, 0.0115100517869, 0.00557584827766, 0.00814654864371, 0.0176515970379, 0.0111724082381, 0.0132016018033, 0.0140626905486, 0.0143015701324, 0.0219911858439, 0.017449112609, 0.0221085213125, 0.0283854249865, 0.0397904776037, 0.0275277290493, 0.0102872895077, 0.00643986556679, 0.00573456753045, 0.0186965819448, 0.0306202638894, 0.0147819640115, 0.0180837400258], "mean": [0.198208719492, 0.129265442491, 0.0726222097874, 0.0758591070771, 0.0414759740233, 0.0599672012031, 0.0893341973424, 0.0546873360872, 0.0288447402418, 0.0267586074769, 0.0225133262575, 0.192001253366, 0.374488025904, 0.218121781945, 0.0529313385487, 0.0586648322642, 0.0398755967617, 0.0618476308882, 0.11119069159, 0.0898411795497, 0.0997245162725, 0.121183715761, 0.0741627067327, 0.0592234544456, 0.0708159357309, 0.0792455673218, 0.271204859018, 0.434716403484, 0.235530927777, 0.0402601473033, 0.0220132805407, 0.0246652401984, 0.132592216134, 0.236889794469, 0.137968704104, 0.112300001085], "dvar2": [0.067429497838, 0.0410230718553, 0.0351593717933, 0.0268110241741, 0.0128949116915, 0.0209058430046, 0.0232495274395, 0.0145690571517, 0.00695117888972, 0.00622882135212, 0.00771180074662, 0.0352172665298, 0.0678357854486, 0.044111315161, 0.0219307206571, 0.024699319154, 0.013184344396, 0.0194032099098, 0.037602070719, 0.025629831478, 0.0309289805591, 0.03206012398, 0.0370569564402, 0.0640467852354, 0.0483211427927, 0.0604944676161, 0.0721518471837, 0.0861262083054, 0.0693066641688, 0.02847837843, 0.018162664026, 0.0157137084752, 0.0443004630506, 0.0606327019632, 0.0345332436264, 0.0449488721788], "min": [0, 0, 0, 0, 0, 0, 0, 0, 0, 0, 0, 0, 0, 0, 0, 0, 0, 0, 0, 0, 0, 0, 0, 0, 0, 0, 0, 0, 0, 0, 0, 0, 0, 0, 0, 0], "var": [0.114522494376, 0.0496638566256, 0.0215501748025, 0.0341684892774, 0.00978593621403, 0.0225484184921, 0.0536550953984, 0.0199849214405, 0.00541052315384, 0.00587777700275, 0.00302046351135, 0.0466855615377, 0.153886809945, 0.0591559000313, 0.0161427594721, 0.0368543788791, 0.0132395271212, 0.0156414732337, 0.0534559041262, 0.0256127547473, 0.0336782857776, 0.04070462659, 0.0216244738549, 0.0233380608261, 0.0326984897256, 0.0351598933339, 0.0758159682155, 0.174556881189, 0.0611665472388, 0.00901224091649, 0.00473237829283, 0.00617668963969, 0.041441757232, 0.110922038555, 0.0372102186084, 0.038616348058], "median": [0.0136927906424, 0.0182064175606, 0.0161525681615, 0.0094088613987, 0.00679907156155, 0.00443642213941, 0.00429381709546, 0.00334865506738, 0.00451914407313, 0.00347388954833, 0.00622265273705, 0.0912256091833, 0.185552656651, 0.104238554835, 0.00801671668887, 0.00125149288215, 0.00196571554989, 0.00945699680597, 0.00953752547503, 0.0217833407223, 0.0280953831971, 0.035261683166, 0.0160294994712, 0.00605207076296, 0.00509532727301, 0.0122249545529, 0.166169822216, 0.259144604206, 0.132699608803, 0.00784628838301, 0.00223397393711, 0.00258073909208, 0.0354031287134, 0.0663678646088, 0.0456211939454, 0.0177526008338]}}, "lowlevel": {"melbands_flatness_db": {"dmean": 0.0216110423207, "dmean2": 0.0301478356123, "max": 0.628690838814, "dvar": 0.000712457287591, "mean": 0.335343778133, "dvar2": 0.00139128568117, "min": 0.00322468811646, "var": 0.00791333336383, "median": 0.332943022251}, "melbands_crest": {"dmean": 2.3369410038, "dmean2": 3.64153504372, "max": 38.1595878601, "dvar": 6.97253799438, "mean": 13.9024219513, "dvar2": 18.0921020508, "min": 1.59083771706, "var": 39.9709281921, "median": 12.5015954971}, "spectral_entropy": {"dmean": 0.185059532523, "dmean2": 0.274913936853, "max": 9.8276386261, "dvar": 0.0559565462172, "mean": 6.219145298, "dvar2": 0.117998331785, "min": 3.45782828331, "var": 0.606095790863, "median": 6.21947860718}, "melbands": {"dmean": [7.15827582098e-06, 2.75733673334e-05, 8.04521987448e-05, 0.000119562959298, 0.000114775131806, 0.000177829235326, 0.00016724676243, 0.000120562137454, 0.000110504108306, 8.54663740029e-05, 7.57979141781e-05, 7.20270036254e-05, 4.72096908197e-05, 6.68672364554e-05, 4.15063186665e-05, 2.48203614319e-05, 2.33361297433e-05, 1.76903504325e-05, 7.96623135102e-06, 5.43461464986e-06, 4.95108179166e-06, 1.29710247165e-06, 8.88657439191e-07, 7.33642878004e-07, 2.34333953131e-07, 2.02375375125e-07, 9.74508225227e-08, 6.36372732288e-08, 6.81394212165e-08, 5.17742755335e-08, 5.28354533458e-08, 4.53806130452e-08, 2.7511987355e-08, 1.39944820177e-08, 7.82658649001e-09, 3.22868154434e-09, 1.33842759098e-09, 8.21477719182e-10, 5.61091673124e-10, 4.28234975258e-10], "dmean2": [1.02909507405e-05, 4.09358217439e-05, 0.000123482823255, 0.000186397810467, 0.000166119862115, 0.0002229049569, 0.000243420974584, 0.000159146948135, 0.000145657235407, 0.000122773009934, 0.000104800834379, 9.72500274656e-05, 6.64947001496e-05, 9.13462499739e-05, 6.3434454205e-05, 3.93129193981e-05, 3.53451869159e-05, 2.49385902862e-05, 1.13703199531e-05, 7.80136269896e-06, 7.59652039051e-06, 1.87014734365e-06, 1.28284023049e-06, 1.15109207854e-06, 3.55504738536e-07, 3.09187697667e-07, 1.32236692707e-07, 7.79208306767e-08, 9.65879678461e-08, 7.80945867973e-08, 7.6703415175e-08, 6.55867111732e-08, 3.98233623855e-08, 2.10888089214e-08, 1.2045097364e-08, 4.88246909569e-09, 1.9763630732e-09, 1.29049182451e-09, 8.33780267051e-10, 6.36901087425e-10], "max": [0.000384985352866, 0.0026918866206, 0.00557391904294, 0.00795523449779, 0.014465034008, 0.0279553830624, 0.0168053805828, 0.0308369938284, 0.0270719174296, 0.00655436562374, 0.00921813119203, 0.0375733077526, 0.0099656842649, 0.0114364717156, 0.00409378297627, 0.00162644463126, 0.00270366529003, 0.0043686167337, 0.00573974475265, 0.00326582160778, 0.00170308398083, 0.00183684669901, 0.00127217802219, 0.000787877186667, 0.000128171785036, 0.000392243760871, 0.000221034002607, 0.000164856115589, 6.78418946336e-05, 7.74281397753e-06, 4.6663167268e-06, 1.31108226924e-05, 2.05477499549e-06, 1.89048978427e-06, 2.10002599488e-06, 1.79116227628e-06, 1.05510878257e-06, 2.25690754974e-07, 5.02245214307e-08, 1.08951468292e-07], "dvar": [3.37290251284e-10, 6.85077683471e-09, 4.1710435994e-08, 8.55865565086e-08, 1.40716920782e-07, 3.15694364872e-07, 1.73275637394e-07, 1.4454661823e-07, 1.20570803119e-07, 5.09768653956e-08, 4.17367651551e-08, 2.47676950949e-07, 3.52626088329e-08, 6.98146820355e-08, 2.47456632962e-08, 4.98348251554e-09, 6.88219081724e-09, 5.76038905464e-09, 3.81299880559e-09, 1.17587528603e-09, 7.4702710684e-10, 2.6410115761e-10, 1.44593143014e-10, 7.21544490823e-11, 4.96130350344e-12, 1.77573216548e-11, 3.47069465181e-12, 1.7009966569e-12, 3.80071408373e-13, 2.71042225258e-14, 2.39948594441e-14, 4.03779962211e-14, 6.78288356403e-15, 2.0398793772e-15, 1.14279144145e-15, 3.90525255016e-16, 9.70033447026e-17, 1.15494563632e-17, 3.36712346941e-18, 3.33334451512e-18], "mean": [2.35159732256e-05, 8.95042758202e-05, 0.000248289958108, 0.000312965072226, 0.000339975435054, 0.000711440632585, 0.000518699060194, 0.000430977495853, 0.000381853984436, 0.000223354276386, 0.00021254834428, 0.000190138467588, 0.000111222252599, 0.000154402965563, 8.21291469038e-05, 4.42734199169e-05, 4.24867466791e-05, 3.66422864317e-05, 1.42972257891e-05, 1.28449701151e-05, 9.32940201892e-06, 2.93933089779e-06, 2.06627873922e-06, 2.45760543294e-06, 5.80721234655e-07, 5.44093779808e-07, 2.40817030317e-07, 1.48648609866e-07, 1.59968706726e-07, 1.25622619862e-07, 1.2907639757e-07, 9.28804340106e-08, 5.53127748049e-08, 2.77231197998e-08, 1.43156597687e-08, 5.79957326607e-09, 2.62722821276e-09, 1.72921799102e-09, 1.21729304414e-09, 7.92962806528e-10], "dvar2": [7.89278420399e-10, 1.66399871659e-08, 1.00311218887e-07, 2.16067633119e-07, 3.42536878861e-07, 4.5433307605e-07, 3.76641054345e-07, 2.33772055935e-07, 2.10103493714e-07, 1.02646147582e-07, 8.43029184239e-08, 4.26609261694e-07, 6.54784386711e-08, 1.32926913921e-07, 5.99103628929e-08, 1.23939667418e-08, 1.59330806326e-08, 9.27911614212e-09, 5.69470293144e-09, 1.76012404651e-09, 1.71836633811e-09, 3.10042963525e-10, 1.8058884943e-10, 1.25344193358e-10, 1.1823754649e-11, 2.83564300513e-11, 3.49935098259e-12, 1.59262783083e-12, 4.2167877805e-13, 5.78578119659e-14, 5.22101994613e-14, 1.03492484493e-13, 1.41294192736e-14, 4.45664437022e-15, 2.30336718665e-15, 5.41172791072e-16, 1.31082120531e-16, 2.30053536361e-17, 6.97102656198e-18, 7.69787099341e-18], "min": [1.09923181889e-24, 9.13421253295e-25, 9.91876428547e-25, 7.73052970845e-25, 9.00520715089e-25, 1.24154350948e-24, 1.27929208152e-24, 1.6247716442e-24, 1.50262550632e-24, 1.62622906472e-24, 2.01314088404e-24, 2.37850693989e-24, 2.59391290424e-24, 2.13846465226e-24, 2.38004423258e-24, 2.59806132653e-24, 1.85730673703e-24, 2.94831911832e-24, 3.33658659511e-24, 2.97477416042e-24, 2.6815746779e-24, 3.05003346293e-24, 3.32319725896e-24, 3.64764943839e-24, 2.85901730283e-24, 4.46269815908e-24, 3.76874313722e-24, 4.12955076033e-24, 3.67882837681e-24, 4.35554047701e-24, 4.76537501652e-24, 4.65597973049e-24, 4.8753615538e-24, 5.01274444145e-24, 4.73462324628e-24, 6.48094672027e-24, 5.91450475285e-24, 5.30980894798e-24, 4.33134769077e-24, 5.91376835119e-24], "var": [1.5789919372e-09, 3.40352102057e-08, 2.58621184912e-07, 2.76751023875e-07, 5.59550585422e-07, 3.88826265407e-06, 1.05468473066e-06, 9.10615256089e-07, 7.13730059942e-07, 1.86155872939e-07, 1.32138879394e-07, 9.35721459427e-07, 1.33721115958e-07, 3.1322596783e-07, 4.33962874524e-08, 9.15868980655e-09, 1.25942145601e-08, 1.76785839301e-08, 1.04355022401e-08, 3.47719941729e-09, 1.49468892818e-09, 1.0406658868e-09, 5.64307267581e-10, 2.45438447344e-10, 9.49681912971e-12, 3.73215555682e-11, 1.34980108688e-11, 5.70843546044e-12, 1.16982790642e-12, 1.19933888667e-13, 1.07936087097e-13, 6.90534733344e-14, 2.16810466471e-14, 5.53106585326e-15, 2.46938606783e-15, 1.08004387599e-15, 2.53502085097e-16, 2.61246682696e-17, 9.43551110823e-18, 4.75144207097e-18], "median": [3.7240652091e-06, 1.01520563476e-05, 5.77133978368e-05, 0.000113463072921, 8.31552024465e-05, 0.000118338604807, 0.000138328949106, 9.40263707889e-05, 7.43700802559e-05, 5.51380289835e-05, 8.19447814138e-05, 4.5529945055e-05, 1.89627135114e-05, 2.80388594547e-05, 1.59549799719e-05, 1.02499843706e-05, 7.44169938116e-06, 5.47570334675e-06, 1.68494443642e-06, 1.76475714397e-06, 1.03696913811e-06, 2.3261958404e-07, 2.0009298396e-07, 1.26108261611e-07, 3.19658184367e-08, 1.46833745163e-08, 3.18005688449e-09, 2.80035861167e-09, 1.0710254017e-08, 1.25078969404e-08, 1.04094093345e-08, 7.88827669851e-09, 4.14393142023e-09, 2.14618101069e-09, 1.15148690583e-09, 4.98764363144e-10, 2.97463331744e-10, 2.63225607977e-10, 2.07128036944e-10, 1.66596847428e-10]}, "silence_rate_60dB": {"dmean": 0.0366545729339, "dmean2": 0.0733159631491, "max": 1, "dvar": 0.0353104323149, "mean": 0.266232550144, "dvar2": 0.0748231709003, "min": 0, "var": 0.195363342762, "median": 0}, "spectral_energyband_middle_high": {"dmean": 0.00160622305702, "dmean2": 0.00220442516729, "max": 0.247825756669, "dvar": 2.29401230172e-05, "mean": 0.00478584272787, "dvar2": 4.16946568293e-05, "min": 1.07260011217e-21, "var": 9.69765242189e-05, "median": 0.00203071045689}, "erbbands_skewness": {"dmean": 0.338091462851, "dmean2": 0.506274282932, "max": 9.01871871948, "dvar": 0.170035332441, "mean": 0.432405382395, "dvar2": 0.386062979698, "min": -4.59381151199, "var": 1.16891956329, "median": 0.282340735197}, "dynamic_complexity": 6.47374868393, "dissonance": {"dmean": 0.0383252464235, "dmean2": 0.0648189559579, "max": 0.500000178814, "dvar": 0.00156160467304, "mean": 0.403956770897, "dvar2": 0.00423708138987, "min": 0.122235931456, "var": 0.00456659263, "median": 0.415793657303}, "spectral_skewness": {"dmean": 0.986119151115, "dmean2": 1.6951713562, "max": 11.8636274338, "dvar": 0.869858562946, "mean": 4.40016078949, "dvar2": 2.25247454643, "min": -0.108599603176, "var": 3.94806838036, "median": 4.03450393677}, "spectral_kurtosis": {"dmean": 16.8086414337, "dmean2": 28.7025985718, "max": 202.826599121, "dvar": 312.253082275, "mean": 42.8008766174, "dvar2": 784.160400391, "min": -1.27448952198, "var": 1159.24682617, "median": 32.9541244507}, "gfcc": {"cov": [[33851.3320312, 5299.51757812, -4625.53515625, -448.438323975, -1463.31274414, -999.760253906, -974.892944336, -1723.71496582, 46.4474143982, -439.805236816, -172.01121521, -170.163345337, -210.53213501], [5299.51757812, 2402.4140625, 161.021057129, -442.516845703, -159.62991333, -242.172271729, -211.367660522, -484.258728027, -18.4061737061, -76.0985336304, -26.2195491791, -155.748977661, -71.5200653076], [-4625.53515625, 161.021057129, 1472.5300293, 11.7128105164, 231.000717163, 70.2944488525, 130.634002686, 107.398406982, -34.0219802856, 54.9564437866, 44.748134613, -94.5569458008, -20.6383056641], [-448.438323975, -442.516845703, 11.7128105164, 658.029296875, 141.809524536, 122.22039032, 109.613380432, 120.046966553, -28.3067207336, -19.3773117065, -37.1163902283, -30.5898246765, -12.797287941], [-1463.31274414, -159.62991333, 231.000717163, 141.809524536, 284.795623779, 132.468307495, 94.548576355, 115.043273926, 5.57627868652, 4.71093654633, -20.3828659058, -5.84323263168, -0.496449530125], [-999.760253906, -242.172271729, 70.2944488525, 122.22039032, 132.468307495, 295.877532959, 130.63949585, 133.224716187, 18.4505062103, 6.82196807861, -74.3844528198, 1.57900881767, 10.7015361786], [-974.892944336, -211.367660522, 130.634002686, 109.613380432, 94.548576355, 130.63949585, 301.244903564, 250.72479248, 26.2898349762, -5.84423351288, -24.5595817566, -60.3695793152, 16.5734786987], [-1723.71496582, -484.258728027, 107.398406982, 120.046966553, 115.043273926, 133.224716187, 250.72479248, 449.557922363, 38.2521247864, 12.6866016388, -26.0413780212, -27.3822154999, 16.0194416046], [46.4474143982, -18.4061737061, -34.0219802856, -28.3067207336, 5.57627868652, 18.4505062103, 26.2898349762, 38.2521247864, 139.860534668, 31.6637020111, -29.4948692322, -3.19533801079, -5.08384752274], [-439.805236816, -76.0985336304, 54.9564437866, -19.3773117065, 4.71093654633, 6.82196807861, -5.84423351288, 12.6866016388, 31.6637020111, 106.394630432, 53.1011428833, 3.03792715073, -5.73165178299], [-172.01121521, -26.2195491791, 44.748134613, -37.1163902283, -20.3828659058, -74.3844528198, -24.5595817566, -26.0413780212, -29.4948692322, 53.1011428833, 138.064804077, 35.2144241333, -6.89375448227], [-170.163345337, -155.748977661, -94.5569458008, -30.5898246765, -5.84323263168, 1.57900881767, -60.3695793152, -27.3822154999, -3.19533801079, 3.03792715073, 35.2144241333, 124.246582031, 39.4045448303], [-210.53213501, -71.5200653076, -20.6383056641, -12.797287941, -0.496449530125, 10.7015361786, 16.5734786987, 16.0194416046, -5.08384752274, -5.73165178299, -6.89375448227, 39.4045448303, 93.2133789062]], "mean": [-201.024230957, 172.377761841, -147.657684326, -37.8138275146, -56.6824760437, -4.50347805023, -29.0391197205, -20.0420589447, -7.39233732224, -9.22296142578, -16.8798618317, -3.33011341095, -3.52426552773], "icov": [[0.000295094330795, -0.000709520827513, 0.000923543062527, -0.000431985972682, 0.000509172619786, 4.28566272603e-05, -7.3105788033e-05, 0.000156787093147, -0.000225498355576, 0.000312313757604, -0.000261988898274, 0.0001371880644, 0.000180659189937], [-0.000709520827513, 0.00245979288593, -0.00230828742497, 0.0014590137871, -0.00129387446214, 1.27515722852e-05, 0.000174469940248, 0.00039089814527, 0.000342227111105, -0.000107901047159, 0.000527656287886, 0.000822094152682, -0.000428992003435], [0.000923543062527, -0.00230828742497, 0.0037939012982, -0.00121227931231, 0.000801044225227, 0.000121370379929, -0.000347672088537, 0.000422704673838, -0.000374970462872, 0.000577370868996, -0.00120365922339, 0.00110215425957, 0.000428020895924], [-0.000431985972682, 0.0014590137871, -0.00121227931231, 0.002736259019, -0.00158045149874, -0.000288551644189, -0.000165104327607, 5.46868905076e-05, 0.000844121095724, -5.29768985871e-05, 0.000482065806864, 0.000712852342986, 7.27806254872e-05], [0.000509172619786, -0.00129387446214, 0.000801044225227, -0.00158045149874, 0.00646594725549, -0.00172060972545, -0.000176334331627, -0.000321418279782, -0.000725057907403, 0.000945922452956, -0.000697244831827, -0.000585132744163, 0.00065061886562], [4.28566272603e-05, 1.27515722852e-05, 0.000121370379929, -0.000288551644189, -0.00172060972545, 0.00697279209271, -0.00311277224682, 0.000366320862668, 0.00157845276408, -0.00362089648843, 0.00564425159246, -0.00345690757968, 0.00151687627658], [-7.3105788033e-05, 0.000174469940248, -0.000347672088537, -0.000165104327607, -0.000176334331627, -0.00311277224682, 0.0092309564352, -0.00385719072074, -0.00197295541875, 0.00344716268592, -0.00410734862089, 0.00555567024276, -0.00330083910376], [0.000156787093147, 0.00039089814527, 0.000422704673838, 5.46868905076e-05, -0.000321418279782, 0.000366320862668, -0.00385719072074, 0.00531980395317, -0.000415816582972, -0.000326698616846, 0.000686852843501, -4.00727367378e-05, 0.000507911201566], [-0.000225498355576, 0.000342227111105, -0.000374970462872, 0.000844121095724, -0.000725057907403, 0.00157845276408, -0.00197295541875, -0.000415816582972, 0.0103333471343, -0.00631293235347, 0.00591773027554, -0.00291103147902, 0.00186696497258], [0.000312313757604, -0.000107901047159, 0.000577370868996, -5.29768985871e-05, 0.000945922452956, -0.00362089648843, 0.00344716268592, -0.000326698616846, -0.00631293235347, 0.017701908946, -0.0107126934454, 0.00539998849854, -0.00172372011002], [-0.000261988898274, 0.000527656287886, -0.00120365922339, 0.000482065806864, -0.000697244831827, 0.00564425159246, -0.00410734862089, 0.000686852843501, 0.00591773027554, -0.0107126934454, 0.0175747927278, -0.00829271320254, 0.0040427739732], [0.0001371880644, 0.000822094152682, 0.00110215425957, 0.000712852342986, -0.000585132744163, -0.00345690757968, 0.00555567024276, -4.00727367378e-05, -0.00291103147902, 0.00539998849854, -0.00829271320254, 0.0173809546977, -0.00709220254794], [0.000180659189937, -0.000428992003435, 0.000428020895924, 7.27806254872e-05, 0.00065061886562, 0.00151687627658, -0.00330083910376, 0.000507911201566, 0.00186696497258, -0.00172372011002, 0.0040427739732, -0.00709220254794, 0.0145335849375]]}, "spectral_complexity": {"dmean": 1.5050702095, "dmean2": 2.30014896393, "max": 33, "dvar": 3.99387145042, "mean": 9.8717212677, "dvar2": 7.41829299927, "min": 0, "var": 40.9005393982, "median": 10}, "spectral_flux": {"dmean": 0.0145035404712, "dmean2": 0.0226290244609, "max": 0.399061739445, "dvar": 0.000542595807929, "mean": 0.0355618745089, "dvar2": 0.00128952215891, "min": 6.27598598091e-11, "var": 0.00112934003118, "median": 0.0263194032013}, "spectral_energyband_low": {"dmean": 0.000147247177665, "dmean2": 0.000221383757889, "max": 0.0197990834713, "dvar": 2.26853742902e-07, "mean": 0.000515322433785, "dvar2": 5.00202020248e-07, "min": 1.26656193726e-23, "var": 1.68138149093e-06, "median": 6.26694381936e-05}, "spectral_decrease": {"dmean": 9.05202413026e-10, "dmean2": 1.2139097505e-09, "max": 1.88443578374e-28, "dvar": 3.84470239992e-18, "mean": -4.18949497316e-09, "dvar2": 6.87501239956e-18, "min": -8.33893523122e-08, "var": 2.76303156555e-17, "median": -2.64793809102e-09}, "barkbands_spread": {"dmean": 1.72865486145, "dmean2": 2.69046378136, "max": 124.185806274, "dvar": 14.5075864792, "mean": 8.25832748413, "dvar2": 44.2406692505, "min": 0.126177936792, "var": 43.5673866272, "median": 6.95941257477}, "spectral_rms": {"dmean": 0.000400855147745, "dmean2": 0.000532739330083, "max": 0.0181227903813, "dvar": 4.06234789807e-07, "mean": 0.00333845382556, "dvar2": 7.19433330687e-07, "min": 3.08440903027e-12, "var": 5.26443454874e-06, "median": 0.00322807440534}, "spectral_centroid": {"dmean": 74.5496826172, "dmean2": 111.747001648, "max": 11959.1328125, "dvar": 21861.0117188, "mean": 945.358947754, "dvar2": 44218.7226562, "min": 237.996795654, "var": 2127456, "median": 670.939453125}, "barkbands_skewness": {"dmean": 0.380687922239, "dmean2": 0.583379685879, "max": 14.0502243042, "dvar": 0.326569229364, "mean": 0.598770678043, "dvar2": 0.875732779503, "min": -8.20491886139, "var": 1.24952316284, "median": 0.553837656975}, "spectral_rolloff": {"dmean": 138.985519409, "dmean2": 241.028137207, "max": 19595.2148438, "dvar": 217239.359375, "mean": 1352.32946777, "dvar2": 619624.5, "min": 21.533203125, "var": 6314238, "median": 925.927734375}, "erbbands_spread": {"dmean": 2.04609918594, "dmean2": 3.10001683235, "max": 72.8694915771, "dvar": 5.47260189056, "mean": 12.5478382111, "dvar2": 12.7298746109, "min": 0.249693796039, "var": 56.9357910156, "median": 11.5528202057}, "barkbands": {"dmean": [3.81310064768e-06, 3.98065603804e-05, 7.20342213754e-05, 0.000170385406818, 0.000577210274059, 0.000806421274319, 0.000731003005058, 0.000717364193406, 0.000656847900245, 0.000447239173809, 0.000336719007464, 0.000617872457951, 0.000270491174888, 0.000256435159827, 0.000113311078167, 8.3528473624e-05, 1.946935663e-05, 1.52465427163e-05, 4.6197028496e-06, 1.99736700779e-06, 2.34302933677e-06, 1.73391902081e-06, 4.69690348837e-07, 8.94419827091e-08, 3.36818253288e-08, 6.29903240679e-09, 1.21124965613e-09], "dmean2": [6.70586859997e-06, 5.58604115213e-05, 0.000111123532406, 0.000264774513198, 0.000876857549883, 0.00103519356344, 0.00108670035843, 0.000911068113055, 0.000931098533329, 0.000602434447501, 0.000475297565572, 0.000864408328198, 0.000429258623626, 0.000373058661353, 0.000171000545379, 0.00012539504678, 3.03643992083e-05, 2.25406583922e-05, 7.1389877121e-06, 2.97249607684e-06, 3.43514648193e-06, 2.48957803706e-06, 7.12327107522e-07, 1.3186181036e-07, 4.97455125981e-08, 9.84878312238e-09, 2.09246087124e-09], "max": [0.000163965683896, 0.0023622806184, 0.0110992453992, 0.0142147708684, 0.0425291024148, 0.114967875183, 0.118420928717, 0.229615598917, 0.0635812804103, 0.086662299931, 0.159910365939, 0.0878269970417, 0.0228771138936, 0.0296724028885, 0.0664252638817, 0.0336392372847, 0.031089277938, 0.0209901947528, 0.00695496518165, 0.00392014766112, 0.00074330647476, 0.000356727541657, 6.86656567268e-05, 3.86586580134e-05, 4.42180271421e-06, 9.08174627057e-07, 1.55739300567e-07], "dvar": [1.02828086324e-10, 1.07855804288e-08, 5.95412714688e-08, 2.24751488531e-07, 1.76143987574e-06, 6.81157871441e-06, 3.83845235774e-06, 6.25757957096e-06, 3.18086040352e-06, 2.35596121456e-06, 5.94293715039e-06, 4.80077869724e-06, 6.13553652329e-07, 8.13172164271e-07, 6.93671665886e-07, 1.90076988815e-07, 9.61626867024e-08, 3.21822106741e-08, 5.70005598277e-09, 1.14184250943e-09, 1.01198258107e-10, 3.95318465463e-11, 2.95906073082e-12, 2.07753830957e-13, 1.42043918538e-14, 3.7075987354e-16, 7.7662564962e-18], "mean": [6.39109293843e-06, 0.00013436228619, 0.000197714936803, 0.000504796160385, 0.00172795064282, 0.00311207911, 0.00199773954228, 0.00254340725951, 0.00175747415051, 0.00119312212337, 0.000732370885089, 0.00141940091271, 0.000474843749544, 0.000504099472892, 0.000212797458516, 0.000183504729648, 4.58550093754e-05, 4.27849081461e-05, 1.27198891278e-05, 5.31731393494e-06, 6.22295965513e-06, 3.67916914001e-06, 9.32955117605e-07, 1.87819523489e-07, 7.17686248208e-08, 2.15632560696e-08, 2.50174103655e-09], "dvar2": [2.95738045164e-10, 2.47908822359e-08, 1.352053971e-07, 5.65080654269e-07, 4.12374402003e-06, 1.22234096125e-05, 7.86487908044e-06, 9.55938321567e-06, 6.18856347501e-06, 4.35057427239e-06, 1.03843121906e-05, 9.64225455391e-06, 1.54836982347e-06, 1.61680839028e-06, 1.43136867337e-06, 4.02535903277e-07, 1.99983048788e-07, 5.18793861204e-08, 1.05483719537e-08, 1.58691748631e-09, 2.18079276859e-10, 9.43231395767e-11, 5.98439657204e-12, 3.14660867891e-13, 3.14103906459e-14, 8.61736803944e-16, 1.99418108281e-17], "min": [8.55841728829e-26, 1.68863013169e-24, 3.85887976475e-25, 1.93387414348e-25, 7.65517091086e-24, 6.11885364832e-24, 7.93009998038e-24, 5.73139435953e-24, 9.05955789232e-24, 1.35128102309e-23, 1.21663516723e-23, 2.02134484024e-23, 2.53331667213e-23, 1.84562134044e-23, 4.30367200474e-23, 5.21876611647e-23, 6.41551859679e-23, 8.09989881924e-23, 1.15017472459e-22, 1.31004439212e-22, 2.17334309588e-22, 3.005287671e-22, 3.57314610129e-22, 5.82818868123e-22, 8.32532244934e-22, 1.25041930617e-21, 1.83081989279e-21], "var": [9.90659082545e-11, 5.56267387708e-08, 3.4805998439e-07, 1.22199810448e-06, 8.12404869066e-06, 7.09265368641e-05, 2.2305184757e-05, 4.0637813072e-05, 1.20329095807e-05, 7.86286636867e-06, 2.30099685723e-05, 1.95356951735e-05, 9.47300407006e-07, 2.11541032513e-06, 1.70649832398e-06, 4.64622587515e-07, 2.73186117283e-07, 1.02443515004e-07, 1.27400445749e-08, 5.12748510317e-09, 2.96129815114e-10, 8.59439117096e-11, 7.88781453348e-12, 6.65951018289e-13, 2.88533845254e-14, 9.07522322875e-16, 1.31855269706e-17], "median": [4.34086086898e-06, 1.7203787138e-05, 1.86930592463e-05, 7.17234506737e-05, 0.000648249231745, 0.000507500080857, 0.000349820911651, 0.000402765988838, 0.000429391307989, 0.000330662354827, 3.72414397134e-05, 0.000322667765431, 0.000135769805638, 8.33102531033e-05, 2.56149469351e-05, 2.57759074884e-05, 3.8044959183e-06, 2.62500043391e-06, 4.19844411681e-07, 1.00936276226e-07, 5.77489572606e-07, 3.08429889628e-07, 7.8955281424e-08, 2.38768649297e-08, 1.75252008461e-08, 1.25176793375e-08, 1.68043945425e-09]}, "melbands_kurtosis": {"dmean": 2.10948228836, "dmean2": 3.24218201637, "max": 199.9949646, "dvar": 33.7674179077, "mean": 3.50941634178, "dvar2": 73.2479324341, "min": -1.76935851574, "var": 95.4336853027, "median": 1.05384302139}, "erbbands_crest": {"dmean": 2.1515917778, "dmean2": 3.28352046013, "max": 33.7930831909, "dvar": 5.33610534668, "mean": 12.4586000443, "dvar2": 12.9245729446, "min": 2.03000497818, "var": 31.8987216949, "median": 11.2334680557}, "melbands_skewness": {"dmean": 0.382138609886, "dmean2": 0.585551202297, "max": 9.80673885345, "dvar": 0.283237606287, "mean": 0.895238161087, "dvar2": 0.711695790291, "min": -5.80727863312, "var": 1.18366992474, "median": 0.80800640583}, "spectral_energyband_middle_low": {"dmean": 0.00251735863276, "dmean2": 0.00342622678727, "max": 0.263345718384, "dvar": 2.80806216324e-05, "mean": 0.0117364823818, "dvar2": 5.10796671733e-05, "min": 1.20115205225e-22, "var": 0.000233891667449, "median": 0.00687691383064}, "spectral_contrast_coeffs": {"dmean": [0.0371469147503, 0.0399820916355, 0.0388421863317, 0.0323178358376, 0.021047655493, 0.0198532212526], "dmean2": [0.0604074113071, 0.0638928487897, 0.0616597793996, 0.0513090454042, 0.0319684557617, 0.0291899219155], "max": [-0.289319902658, -0.275468885899, -0.37939491868, -0.475196391344, -0.394139736891, -0.581240415573], "dvar": [0.00114600977395, 0.00138096616138, 0.00141353893559, 0.00103573151864, 0.00044959152001, 0.000555376231205], "mean": [-0.600157320499, -0.670478582382, -0.692309737206, -0.72752982378, -0.768520236015, -0.769159913063], "dvar2": [0.00281468126923, 0.0033548544161, 0.00337972817943, 0.00242693396285, 0.000901930325199, 0.0010058375774], "min": [-0.981548845768, -0.980315566063, -0.975913405418, -0.973666548729, -0.968784093857, -0.966447114944], "var": [0.0160161480308, 0.015680057928, 0.00961575005203, 0.00760828051716, 0.00670272763819, 0.00492236157879], "median": [-0.583284974098, -0.669164061546, -0.687795221806, -0.730989336967, -0.774769186974, -0.77479416132]}, "spectral_contrast_valleys": {"dmean": [0.376829773188, 0.372599303722, 0.391898453236, 0.384490847588, 0.284098595381, 0.216128706932], "dmean2": [0.606069386005, 0.584834754467, 0.625476896763, 0.602056622505, 0.442545771599, 0.34924826026], "max": [-6.27113056183, -4.46762037277, -5.09704065323, -5.61500883102, -7.31037521362, -10.7537889481], "dvar": [0.152023345232, 0.169541239738, 0.212359160185, 0.232693493366, 0.154379606247, 0.0829881131649], "mean": [-9.66352081299, -7.98344182968, -8.4722328186, -9.33455371857, -10.9294786453, -13.7470436096], "dvar2": [0.31984859705, 0.341201245785, 0.446414262056, 0.490343689919, 0.317842453718, 0.170933380723], "min": [-28.3292045593, -27.9543819427, -27.7826747894, -27.8512897491, -27.5568256378, -27.4678115845], "var": [8.27407169342, 9.83812522888, 8.70197486877, 8.01743412018, 6.47589921951, 4.17748785019], "median": [-9.22178649902, -7.38796043396, -8.03038024902, -8.92538642883, -10.6971321106, -13.4324522018]}, "silence_rate_20dB": {"dmean": 0, "dmean2": 0, "max": 1, "dvar": 0, "mean": 1, "dvar2": 0, "min": 1, "var": 0, "median": 1}, "silence_rate_30dB": {"dmean": 0.00465159537271, "dmean2": 0.00930405687541, "max": 1, "dvar": 0.00462998682633, "mean": 0.990790724754, "dvar2": 0.0103338910267, "min": 0, "var": 0.00912405271083, "median": 1}, "spectral_strongpeak": {"dmean": 0.393874853849, "dmean2": 0.627793252468, "max": 17.9672451019, "dvar": 0.486089229584, "mean": 1.36035871506, "dvar2": 1.03569495678, "min": 0, "var": 2.07523083687, "median": 0.973169147968}, "spectral_spread": {"dmean": 274779.15625, "dmean2": 466137.9375, "max": 43452768, "dvar": 322467135488, "mean": 2319191.75, "dvar2": 676410032128, "min": 411421.09375, "var": 29866850254800.0, "median": 1419796.5}, "barkbands_flatness_db": {"dmean": 0.019146123901, "dmean2": 0.0277786590159, "max": 0.566336095333, "dvar": 0.000553078600205, "mean": 0.269952088594, "dvar2": 0.00111788220238, "min": 0.0267907436937, "var": 0.00518302153796, "median": 0.262442022562}, "pitch_salience": {"dmean": 0.0550847016275, "dmean2": 0.0846408233047, "max": 0.948018908501, "dvar": 0.00354915251955, "mean": 0.572541952133, "dvar2": 0.00865548849106, "min": 0.0306819863617, "var": 0.0197846926749, "median": 0.584568977356}, "erbbands_kurtosis": {"dmean": 1.52717363834, "dmean2": 2.37247943878, "max": 168.503295898, "dvar": 19.5425510406, "mean": 2.09377503395, "dvar2": 43.5201187134, "min": -1.71340894699, "var": 57.3593559265, "median": 0.299856066704}, "average_loudness": 0.120246060193, "barkbands_crest": {"dmean": 1.98357915878, "dmean2": 3.07480072975, "max": 26.8550071716, "dvar": 4.79371261597, "mean": 11.8360929489, "dvar2": 12.1987581253, "min": 3.24374437332, "var": 26.115732193, "median": 10.6718578339}, "hfc": {"dmean": 2.76019144058, "dmean2": 3.73636770248, "max": 241.623947144, "dvar": 44.0052108765, "mean": 11.1104955673, "dvar2": 80.5377807617, "min": 1.06769369887e-16, "var": 236.453323364, "median": 6.76858234406}, "barkbands_kurtosis": {"dmean": 2.05845093727, "dmean2": 3.19333648682, "max": 287.739654541, "dvar": 68.1364822388, "mean": 2.91427755356, "dvar2": 151.111480713, "min": -1.77950763702, "var": 109.055671692, "median": 0.762442231178}, "erbbands": {"dmean": [0.000413740810473, 0.0115772541612, 0.0657731369138, 0.314233481884, 1.35455560684, 1.92243313789, 3.59020066261, 8.54022884369, 11.3541946411, 8.98581600189, 14.7739543915, 12.1869058609, 14.5822572708, 17.20063591, 15.6388759613, 17.7201881409, 12.4035825729, 12.2533321381, 9.25328636169, 4.44681978226, 4.50797128677, 1.22507810593, 0.936185359955, 0.317219108343, 0.189695045352, 0.0873027965426, 0.0868321582675, 0.085926502943, 0.0703296512365, 0.0299699418247, 0.0115156471729, 0.00283054378815, 0.00104691938031, 0.000532561156433, 0.000159430070198, 3.90746390622e-05, 1.2218426491e-05, 2.54836641034e-06, 1.89405886886e-06, 4.23915071224e-06], "dmean2": [0.000630826340057, 0.0163403395563, 0.10042360425, 0.488211780787, 2.06574225426, 3.01850533485, 5.12755393982, 10.5365581512, 16.578994751, 12.5420093536, 19.1783504486, 17.5372924805, 20.2012004852, 23.3500804901, 21.7260837555, 25.2083187103, 19.1090908051, 18.729593277, 12.9019298553, 6.10893392563, 6.81476068497, 1.69352531433, 1.29475319386, 0.477551281452, 0.264440178871, 0.107922963798, 0.121837697923, 0.124765865505, 0.100277364254, 0.0439019650221, 0.0175208840519, 0.00413354765624, 0.00157784274779, 0.00078470131848, 0.000238134307438, 6.09356211498e-05, 1.88162557606e-05, 4.03066451327e-06, 2.54253859566e-06, 5.68571203985e-06], "max": [0.0296310484409, 0.737837314606, 6.78098297119, 38.1537132263, 83.4725418091, 112.1378479, 528.796081543, 1416.43286133, 798.546691895, 1687.75817871, 4142.73339844, 964.402893066, 1871.64819336, 9833.05761719, 1862.07116699, 1900.54736328, 1151.34692383, 1173.66772461, 3043.60766602, 4193.74121094, 926.866088867, 1529.3170166, 1422.30090332, 201.663787842, 373.587554932, 200.874969482, 58.9831123352, 6.8724770546, 15.313038826, 3.03892564774, 2.89076423645, 1.42193329334, 0.198392003775, 0.0860822424293, 0.0278832074255, 0.00761841004714, 0.00139309081715, 0.000488418038003, 0.000180725735845, 0.000390216358937], "dvar": [1.30284661282e-06, 0.000950576039031, 0.0424582995474, 0.953452408314, 10.4023113251, 21.4733886719, 167.649078369, 782.299072266, 793.111999512, 763.782592773, 2418.98046875, 1067.35534668, 1545.15014648, 17001.6640625, 2870.61645508, 3453.73852539, 1402.16601562, 1613.92297363, 1553.58410645, 1538.3807373, 403.999725342, 137.73425293, 127.292655945, 6.69927310944, 10.6037054062, 1.98952531815, 0.260601431131, 0.0556187033653, 0.0688119456172, 0.00844590459019, 0.00232063326985, 0.000220652917051, 1.17136933113e-05, 3.75362833438e-06, 3.94745683252e-07, 2.07477555136e-08, 1.18058063325e-09, 5.32697184974e-11, 1.74866631591e-11, 8.6149899714e-11], "mean": [0.00118821021169, 0.0399210862815, 0.20107267797, 0.984362721443, 3.64039635658, 5.04529666901, 10.5633888245, 34.4596061707, 35.0330619812, 31.5323944092, 51.9653968811, 33.3288536072, 41.2848320007, 45.4712486267, 37.7708511353, 40.8292884827, 24.3479309082, 22.8541984558, 19.5889320374, 9.20039367676, 9.51187419891, 3.04103589058, 2.56827664375, 1.02940928936, 0.553789973259, 0.261467605829, 0.229739323258, 0.223724991083, 0.153065934777, 0.0625780597329, 0.022201674059, 0.00599431293085, 0.00238990341313, 0.00109278969467, 0.000339311052812, 0.000111363289761, 4.50983643532e-05, 9.82559686236e-06, 8.7253683887e-06, 1.93680061784e-05], "dvar2": [3.10140603688e-06, 0.00223262654617, 0.104944087565, 2.19430351257, 26.1688213348, 54.0154457092, 414.545776367, 1029.63049316, 1817.7689209, 1393.66955566, 4060.98168945, 2161.96264648, 3096.7331543, 29352.4726562, 5587.81933594, 7404.58935547, 3412.48901367, 3846.71166992, 2465.63037109, 2827.02075195, 862.703857422, 141.505020142, 232.381378174, 13.7156429291, 12.0649471283, 1.59369909763, 0.270257264376, 0.120589308441, 0.16521319747, 0.0178230889142, 0.00433813687414, 0.000295307283523, 2.31403355428e-05, 8.33660396893e-06, 9.13382336876e-07, 4.91130442981e-08, 2.6556081778e-09, 1.23962562437e-10, 3.11558175092e-11, 1.54221566073e-10], "min": [6.84492714194e-23, 4.9573725748e-22, 1.37263928064e-21, 3.71147701358e-21, 9.00923279486e-21, 1.44174979673e-20, 2.79920601163e-20, 5.49472751841e-20, 8.38232197901e-20, 1.14920926285e-19, 2.35307991305e-19, 2.57924763613e-19, 4.35622572085e-19, 6.04477121874e-19, 7.89722772489e-19, 1.06180139771e-18, 1.35517568441e-18, 1.27165225943e-18, 2.05191994393e-18, 2.7326070768e-18, 3.05971316849e-18, 3.71609235828e-18, 4.78246465266e-18, 4.77881347744e-18, 6.35600206012e-18, 7.61071758971e-18, 8.23235705494e-18, 9.2449882521e-18, 9.89725656105e-18, 1.06596449434e-17, 9.46349214681e-18, 1.03767384206e-17, 8.09514019902e-18, 7.691915293e-18, 5.59040918007e-18, 3.91887899417e-18, 2.2504236454e-18, 9.02221093555e-19, 2.50775208934e-19, 2.72535913932e-20], "var": [4.27339637099e-06, 0.00488451542333, 0.196836739779, 6.63874769211, 42.849571228, 77.0743560791, 593.048156738, 9735.32519531, 4563.96777344, 4565.92675781, 14656.7363281, 3791.98217773, 4857.15185547, 64192.5195312, 11315.6630859, 11665.7314453, 2328.51489258, 3174.42895508, 4957.65527344, 3438.14916992, 1162.84106445, 711.867370605, 401.496429443, 22.0887260437, 40.3890419006, 11.3076524734, 1.26845896244, 0.27537471056, 0.155273243785, 0.024579167366, 0.00567833101377, 0.000890980591066, 3.90529457945e-05, 7.11288612365e-06, 6.23734308647e-07, 3.59020830842e-08, 3.36376282384e-09, 1.49281920159e-10, 1.18438509e-10, 5.94724547387e-10], "median": [0.000226137548452, 0.00510452780873, 0.0237142257392, 0.164389461279, 1.1078119278, 1.50053310394, 2.55000686646, 5.67374992371, 9.27165985107, 8.34287452698, 10.0703220367, 10.9179973602, 16.5887451172, 10.9694795609, 7.78889560699, 10.9936571121, 8.12819004059, 4.57175302505, 3.63456773758, 1.65874314308, 1.38733744621, 0.397089064121, 0.215651810169, 0.0662935525179, 0.0156175028533, 0.00669291382656, 0.0215790532529, 0.0204388424754, 0.0129372924566, 0.00513141043484, 0.00194645032752, 0.000653904862702, 0.000379733915906, 0.000223236638703, 0.000121718287119, 5.9067751863e-05, 2.71880944638e-05, 6.51550726616e-06, 5.68840141568e-06, 1.23876570797e-05]}, "spectral_energy": {"dmean": 0.00365583063103, "dmean2": 0.00490352232009, "max": 0.336646407843, "dvar": 6.33349263808e-