{"tonal": {"chords_key": "F", "hpcp_entropy": {"dmean": 0.661398887634, "dmean2": 1.10063946247, "max": 4.69220066071, "dvar": 0.304051369429, "mean": 2.00750303268, "dvar2": 0.812350988388, "min": 0, "var": 0.650499165058, "median": 2.00736045837}, "key_key": "F", "chords_strength": {"dmean": 0.0115114441141, "dmean2": 0.0124526079744, "max": 0.746999263763, "dvar": 0.000378228374757, "mean": 0.479609727859, "dvar2": 0.000690577202477, "min": -1, "var": 0.0200118124485, "median": 0.490126997232}, "key_scale": "minor", "chords_number_rate": 0.00204379553907, "thpcp": [1, 0.677700042725, 0.383785754442, 0.330883622169, 0.28909766674, 0.355682492256, 0.427187800407, 0.404422134161, 0.541434824467, 0.606106936932, 0.377767950296, 0.215605035424, 0.193633496761, 0.358695745468, 0.793684184551, 0.845516681671, 0.446690112352, 0.300430387259, 0.33542701602, 0.335864126682, 0.604777276516, 0.847876667976, 0.642242729664, 0.520483016968, 0.61326366663, 0.555267632008, 0.472557812929, 0.433571964502, 0.379041880369, 0.573841452599, 0.805276274681, 0.605285227299, 0.384831905365, 0.396254330873, 0.442326813936, 0.769542872906], "key_strength": 0.63137704134, "tuning_nontempered_energy_ratio": 0.958297789097, "tuning_frequency": 434.193115234, "chords_changes_rate": 0.0799999982119, "tuning_diatonic_strength": 0.503754496574, "chords_scale": "minor", "chords_histogram": [24.5255470276, 8.58394145966, 21.7664241791, 10.189781189, 2.32116794586, 3.73722624779, 1.92700731754, 7.25547456741, 0.335766434669, 3.32846713066, 0.350364953279, 0.0437956191599, 0.291970789433, 0, 0.0875912383199, 0.686131358147, 0, 0, 2.32116794586, 0.890510976315, 2.93430662155, 3.06569337845, 4, 1.35766422749], "tuning_equal_tempered_deviation": 0.290174245834, "hpcp": {"dmean": [0.14819560945, 0.132701143622, 0.125682130456, 0.142028182745, 0.16062900424, 0.151463508606, 0.124574691057, 0.123618900776, 0.142048716545, 0.180023357272, 0.188292518258, 0.161509782076, 0.115725293756, 0.100927323103, 0.0950010716915, 0.101038224995, 0.110685952008, 0.117112547159, 0.13136087358, 0.133924305439, 0.103548929095, 0.0756020545959, 0.0712308511138, 0.121217101812, 0.192976772785, 0.165149644017, 0.111633472145, 0.0926525369287, 0.0957213193178, 0.105363771319, 0.153436079621, 0.186889618635, 0.175704479218, 0.154922410846, 0.152559623122, 0.156360462308], "dmean2": [0.270145267248, 0.241633355618, 0.229338943958, 0.249351561069, 0.28049954772, 0.267208397388, 0.226653382182, 0.224342986941, 0.257142603397, 0.313227474689, 0.324521064758, 0.281796246767, 0.205056861043, 0.180042102933, 0.170853868127, 0.177545964718, 0.192155867815, 0.206734493375, 0.227443173528, 0.229689761996, 0.181387752295, 0.136690676212, 0.130890399218, 0.222480624914, 0.34294167161, 0.285745233297, 0.19451969862, 0.163339406252, 0.170220449567, 0.186009556055, 0.271080851555, 0.324766933918, 0.309762150049, 0.276365220547, 0.268501251936, 0.276641190052], "max": [1, 1, 1, 1, 1, 1, 1, 1, 1, 1, 1, 1, 1, 1, 1, 1, 1, 1, 1, 1, 1, 1, 1, 1, 1, 1, 1, 1, 1, 1, 1, 1, 1, 1, 1, 1], "dvar": [0.0574964210391, 0.0511570870876, 0.0459654703736, 0.0446259193122, 0.0542001873255, 0.0501195453107, 0.0464518591762, 0.0481186918914, 0.0490275546908, 0.0537598468363, 0.0582728050649, 0.0473287142813, 0.0376964397728, 0.0341751761734, 0.0313506126404, 0.0322810150683, 0.0340571589768, 0.0382223166525, 0.0399661362171, 0.0430935770273, 0.033750846982, 0.0248611681163, 0.0250639859587, 0.0358772352338, 0.0700398609042, 0.0479006282985, 0.0321743264794, 0.0296092815697, 0.0348981320858, 0.0296451896429, 0.0461348667741, 0.0603552684188, 0.0546116940677, 0.0513431318104, 0.0551304668188, 0.0572932213545], "mean": [0.136462807655, 0.12520468235, 0.109457761049, 0.165710985661, 0.23254352808, 0.174791142344, 0.111129775643, 0.114428281784, 0.127732858062, 0.222224622965, 0.288774847984, 0.195702731609, 0.110827669501, 0.0955508649349, 0.0834841355681, 0.102712154388, 0.123361095786, 0.116786941886, 0.156352758408, 0.175028443336, 0.109089881182, 0.0622613094747, 0.0559164844453, 0.103582307696, 0.229196026921, 0.244163945317, 0.12899287045, 0.0867567360401, 0.0968628898263, 0.0969891101122, 0.174644470215, 0.244845449924, 0.185463547707, 0.150302410126, 0.177095130086, 0.16034732759], "dvar2": [0.159025758505, 0.141087725759, 0.129165098071, 0.121469445527, 0.140397131443, 0.13501855731, 0.128214910626, 0.131811007857, 0.133195057511, 0.139512389898, 0.141491264105, 0.12537330389, 0.10008648783, 0.092012539506, 0.0862246528268, 0.0858025699854, 0.0897767171264, 0.103498466313, 0.102446012199, 0.107085905969, 0.0905946567655, 0.0698611885309, 0.070876583457, 0.103481054306, 0.191687434912, 0.117703840137, 0.0843718871474, 0.0788087695837, 0.087660074234, 0.0784630477428, 0.125786334276, 0.153347104788, 0.149564728141, 0.140577122569, 0.140735000372, 0.151642099023], "min": [0, 0, 0, 0, 0, 0, 0, 0, 0, 0, 0, 0, 0, 0, 0, 0, 0, 0, 0, 0, 0, 0, 0, 0, 0, 0, 0, 0, 0, 0, 0, 0, 0, 0, 0, 0], "var": [0.0548041537404, 0.0512464493513, 0.0387754999101, 0.0519216544926, 0.0961112752557, 0.0664077997208, 0.0406757071614, 0.0475998520851, 0.0456688292325, 0.0729838460684, 0.10847337544, 0.0626444965601, 0.0354610458016, 0.0337321087718, 0.0261104460806, 0.0321326777339, 0.0402064695954, 0.0373034216464, 0.052927300334, 0.0692595019937, 0.0358786545694, 0.018619382754, 0.0172637682408, 0.0299964472651, 0.0884576067328, 0.0928058028221, 0.0382952541113, 0.0296776611358, 0.0421588197351, 0.0300753563643, 0.0546312369406, 0.0918427556753, 0.0605094693601, 0.0526750013232, 0.0788093656301, 0.066521205008], "median": [0.0330447405577, 0.0280401539057, 0.0304177962244, 0.0698314607143, 0.0807610154152, 0.0518984161317, 0.0287621319294, 0.0237689688802, 0.0376745164394, 0.103864103556, 0.139485806227, 0.0843885689974, 0.0348103195429, 0.0244544502348, 0.0222264416516, 0.0333688780665, 0.0420538745821, 0.0389443598688, 0.054805457592, 0.0536158457398, 0.0284600891173, 0.0142442453653, 0.0119116567075, 0.0277881249785, 0.0852937549353, 0.0968205630779, 0.0433046631515, 0.0173804163933, 0.0144680095837, 0.0249850414693, 0.0736021399498, 0.106717392802, 0.0750157684088, 0.0481704473495, 0.0410734601319, 0.0369306914508]}}, "lowlevel": {"melbands_flatness_db": {"dmean": 0.0333600006998, "dmean2": 0.0494232997298, "max": 0.51230442524, "dvar": 0.00135648134165, "mean": 0.175427541137, "dvar2": 0.00276694190688, "min": 0.00430865446106, "var": 0.00618367036805, "median": 0.1638905406}, "melbands_crest": {"dmean": 3.75840854645, "dmean2": 6.0992193222, "max": 33.656124115, "dvar": 11.9671020508, "mean": 14.465382576, "dvar2": 29.0269775391, "min": 2.02987933159, "var": 39.3934783936, "median": 13.3179626465}, "spectral_entropy": {"dmean": 0.213095664978, "dmean2": 0.301272690296, "max": 9.81084442139, "dvar": 0.0598363801837, "mean": 7.68944406509, "dvar2": 0.110514432192, "min": 5.4205288887, "var": 0.212473735213, "median": 7.70271635056}, "melbands": {"dmean": [0.00128719978966, 0.00147416687105, 0.000572760298382, 0.000292094919132, 0.000154383873451, 9.49118912104e-05, 7.39418028388e-05, 7.89679324953e-05, 5.31796977157e-05, 8.23687951197e-05, 6.54028262943e-05, 6.75562623655e-05, 5.74487130507e-05, 3.34724500135e-05, 2.76695809589e-05, 2.72132383543e-05, 2.35162624449e-05, 1.65504043252e-05, 1.60835916176e-05, 3.47191999026e-05, 2.30759469559e-05, 1.53799974214e-05, 9.22619710764e-06, 8.82923268364e-06, 1.16143046398e-05, 1.05034223452e-05, 1.0934844795e-05, 1.00024744825e-05, 9.73706755758e-06, 8.49737079989e-06, 8.18215085019e-06, 6.35998367216e-06, 4.54112660009e-06, 5.68739005757e-06, 5.52359415451e-06, 3.51619269168e-06, 2.13724479181e-06, 1.67391419836e-06, 1.11159499738e-06, 8.39099357108e-07], "dmean2": [0.00189756148029, 0.00231361784972, 0.00100384117104, 0.000513473001774, 0.000258959829807, 0.000154535402544, 0.000124870755826, 0.000130081985844, 8.48219715408e-05, 0.000124686819618, 9.96311864583e-05, 0.000101631318103, 8.39388376335e-05, 5.18813903909e-05, 4.45256991952e-05, 4.29775027442e-05, 3.77823525923e-05, 2.65979670075e-05, 2.57781539403e-05, 5.69972544326e-05, 3.67545471818e-05, 2.44563016167e-05, 1.45939502545e-05, 1.40836527862e-05, 1.83670126717e-05, 1.69104368979e-05, 1.78200552909e-05, 1.58063648996e-05, 1.53897763084e-05, 1.36240478241e-05, 1.362029343e-05, 1.04770906546e-05, 7.17004286344e-06, 9.2316104201e-06, 8.82955555426e-06, 5.48549132873e-06, 3.29404656441e-06, 2.59765420196e-06, 1.7134468635e-06, 1.29601960452e-06], "max": [0.0345148481429, 0.0429463759065, 0.0227097030729, 0.016272071749, 0.00474752904847, 0.00361821171828, 0.00321099581197, 0.00337989605032, 0.00422591343522, 0.0098322359845, 0.0059464094229, 0.00655226456001, 0.005264648702, 0.00203273864463, 0.0020597835537, 0.00149993191008, 0.00100593082607, 0.00100776646286, 0.00084207294276, 0.00176805234514, 0.00202947622165, 0.00146319554187, 0.000347815162968, 0.000442006596131, 0.000419228745159, 0.000334771524649, 0.000341551785823, 0.00025995192118, 0.000216998494579, 0.000239336586674, 0.000229825076531, 0.000224324743613, 0.000106864201371, 0.000161703312187, 0.00014418218052, 7.7792625234e-05, 5.88315815548e-05, 4.25824000558e-05, 3.24280736095e-05, 1.74463257281e-05], "dvar": [7.85638258094e-06, 1.14429603855e-05, 2.31580975196e-06, 4.40716519279e-07, 8.7791143244e-08, 3.38585870452e-08, 2.94072393103e-08, 3.94636252565e-08, 2.13514486092e-08, 8.3416566099e-08, 4.20636432352e-08, 4.8391090246e-08, 2.51106531124e-08, 6.86087764379e-09, 4.38717728812e-09, 3.85975429396e-09, 3.23968296634e-09, 1.77226799902e-09, 1.50410051081e-09, 8.91316087603e-09, 5.56789636619e-09, 1.77329473328e-09, 3.11868253444e-10, 3.73456626734e-10, 4.14382583802e-10, 3.554213035e-10, 3.97123056661e-10, 2.89525625696e-10, 2.74949146783e-10, 2.09463418832e-10, 3.49976464475e-10, 1.90859300586e-10, 9.55102247291e-11, 1.93172547402e-10, 1.59671373345e-10, 5.50539232258e-11, 2.38566527644e-11, 1.35935091308e-11, 5.81045931855e-12, 3.01516906061e-12], "mean": [0.00183424574789, 0.00177819211967, 0.000575482787099, 0.000359782832675, 0.000243635615334, 0.000167844045791, 0.000116082155728, 0.000122974597616, 8.46869297675e-05, 0.000157415590365, 0.000112357207399, 0.000149813073222, 0.000124574056827, 5.44944778085e-05, 4.40120857093e-05, 4.37038142991e-05, 3.57435492333e-05, 2.53559519479e-05, 2.8398439099e-05, 5.0625858421e-05, 3.47111235897e-05, 2.55117429333e-05, 1.6113403035e-05, 1.61797506735e-05, 2.12526429095e-05, 1.86803627003e-05, 1.89711809071e-05, 1.95240390894e-05, 1.89966140169e-05, 1.50157402459e-05, 1.03457941805e-05, 7.30164128981e-06, 5.01631120642e-06, 5.54312100576e-06, 5.35139588465e-06, 3.58083093488e-06, 2.23943789024e-06, 1.69581301179e-06, 1.19449748581e-06, 9.21730418213e-07], "dvar2": [1.54689423653e-05, 2.58820036834e-05, 6.44402325634e-06, 1.23868312585e-06, 2.3581768005e-07, 8.50802024388e-08, 7.98069308416e-08, 1.02947836922e-07, 5.52271046672e-08, 1.8420909953e-07, 8.68537526344e-08, 1.02586490414e-07, 5.17512113163e-08, 1.5490794425e-08, 1.09313642582e-08, 9.33631838507e-09, 8.35706348568e-09, 4.46114301056e-09, 3.62430330192e-09, 2.30098944343e-08, 1.26914674325e-08, 4.23404422634e-09, 7.63600738196e-10, 8.8454171765e-10, 9.67540381147e-10, 8.76371641922e-10, 1.00461072794e-09, 7.02408797792e-10, 6.61683707825e-10, 5.12729969593e-10, 9.50529766008e-10, 4.89109031054e-10, 2.10313447213e-10, 4.59809856856e-10, 3.69032443492e-10, 1.24883561825e-10, 5.25074879409e-11, 3.03277923608e-11, 1.35447998303e-11, 7.08379839162e-12], "min": [3.17928733617e-24, 5.61379965325e-24, 3.39479743016e-24, 2.25050005852e-24, 5.77864239459e-24, 1.0838335104e-23, 6.99149907585e-24, 4.40437491135e-24, 7.16981082829e-24, 9.98465034271e-24, 8.67668740741e-24, 6.71466806269e-24, 6.66462746003e-24, 6.35387503351e-24, 4.91727452255e-24, 1.26359069267e-23, 1.06797961501e-23, 8.11583885824e-24, 4.19642920458e-24, 5.99021173392e-24, 7.11839918537e-24, 6.01007722367e-24, 8.91805044542e-24, 1.09721274912e-23, 6.41002496945e-24, 5.05467989275e-24, 8.87496286278e-24, 5.67937529372e-24, 7.95245314299e-24, 9.17202815816e-24, 6.24476413183e-24, 6.55472493643e-24, 6.65456553918e-24, 7.64643822064e-24, 9.02876391802e-24, 1.03854887124e-23, 9.14819272591e-24, 8.07175888858e-24, 8.98965534979e-24, 8.95583767164e-24], "var": [1.27129715111e-05, 1.29452009787e-05, 1.75086233867e-06, 3.74871234499e-07, 1.19813634569e-07, 6.84211372004e-08, 4.23631760782e-08, 6.16102155959e-08, 3.1303144965e-08, 1.77812381708e-07, 9.33065038566e-08, 2.24236273993e-07, 1.14420288355e-07, 1.63222484417e-08, 8.17192802316e-09, 7.68152830233e-09, 5.06549158175e-09, 3.165419038e-09, 4.58841320494e-09, 1.45696859022e-08, 8.4015940871e-09, 4.00542798928e-09, 6.37612462828e-10, 7.78661357614e-10, 9.83025327805e-10, 7.63636764933e-10, 7.58125562328e-10, 7.31219085282e-10, 6.92529367186e-10, 4.60768451171e-10, 3.33650440609e-10, 1.8792875589e-10, 1.10207051818e-10, 1.84465415165e-10, 1.60424118434e-10, 5.95739499398e-11, 2.64689398871e-11, 1.46491881126e-11, 6.29029424035e-12, 3.28192529576e-12], "median": [0.000512613041792, 0.00059440289624, 0.00018339381495, 0.000179886963451, 0.000126760118292, 7.83686045907e-05, 4.68135622214e-05, 3.64412953786e-05, 3.12702068186e-05, 3.54049589077e-05, 2.33928603848e-05, 1.54055960593e-05, 1.97004901565e-05, 1.44836913023e-05, 1.17399704322e-05, 1.00680754258e-05, 9.30216992856e-06, 5.98260066909e-06, 6.10396864431e-06, 8.97392601473e-06, 7.12454584573e-06, 6.23124014965e-06, 6.89577746016e-06, 6.94994378136e-06, 7.22681443222e-06, 6.02716318099e-06, 7.20912566976e-06, 6.55341409583e-06, 6.517980637e-06, 4.76376953884e-06, 2.85947226075e-06, 2.23424990509e-06, 1.40111296787e-06, 1.09735560727e-06, 9.51075890043e-07, 6.60058049107e-07, 4.06892723959e-07, 2.89875401904e-07, 2.34915972896e-07, 2.10101561038e-07]}, "silence_rate_60dB": {"dmean": 0.0308074168861, "dmean2": 0.0616193339229, "max": 1, "dvar": 0.0298554748297, "mean": 0.125337615609, "dvar2": 0.0637989416718, "min": 0, "var": 0.109619319439, "median": 0}, "spectral_energyband_middle_high": {"dmean": 0.00195292802528, "dmean2": 0.00293769966811, "max": 0.0791023522615, "dvar": 1.24482612591e-05, "mean": 0.00552225718275, "dvar2": 2.73681562248e-05, "min": 1.32310588399e-21, "var": 4.61909330625e-05, "median": 0.00269891275093}, "erbbands_skewness": {"dmean": 0.378201931715, "dmean2": 0.592006981373, "max": 5.97357225418, "dvar": 0.192616298795, "mean": 0.0206684861332, "dvar2": 0.443311393261, "min": -4.69330453873, "var": 0.645443379879, "median": -0.0824701115489}, "dynamic_complexity": 4.69103288651, "dissonance": {"dmean": 0.0150115545839, "dmean2": 0.0252449326217, "max": 0.500000119209, "dvar": 0.000247224583291, "mean": 0.472410708666, "dvar2": 0.000655208947137, "min": 0.256646662951, "var": 0.000552336452529, "median": 0.478615343571}, "spectral_skewness": {"dmean": 0.209805414081, "dmean2": 0.325439780951, "max": 5.78769254684, "dvar": 0.0643357932568, "mean": 1.20525658131, "dvar2": 0.129501000047, "min": 0.0201116185635, "var": 0.215681836009, "median": 1.12845468521}, "spectral_kurtosis": {"dmean": 1.24657285213, "dmean2": 1.97794401646, "max": 54.5257225037, "dvar": 3.475274086, "mean": 3.17749905586, "dvar2": 7.64526176453, "min": -1.21746861935, "var": 7.6644411087, "median": 2.74557733536}, "gfcc": {"cov": [[24776.7402344, 394.146057129, -1453.37927246, 712.67791748, -659.396179199, -4.4184179306, -259.611816406, -145.890472412, -262.612182617, 29.5033378601, -179.788589478, -89.1156768799, -167.897247314], [394.146057129, 1503.36572266, -34.4549713135, -23.1464557648, 65.7250671387, -145.816543579, 105.141548157, -30.708940506, 64.9983139038, -62.1866607666, 91.9745254517, -58.8092193604, 69.3721542358], [-1453.37927246, -34.4549713135, 1119.8659668, -17.3637447357, 50.4235076904, 127.920204163, -58.8539276123, -5.49999380112, 15.9494724274, -58.7383613586, -44.7680778503, 19.0881481171, -97.1133041382], [712.67791748, -23.1464557648, -17.3637447357, 315.953521729, 52.4236717224, 67.886428833, 48.1007156372, -1.33669781685, 2.04238533974, 5.93186330795, -0.329692572355, -17.0512256622, -13.6707658768], [-659.396179199, 65.7250671387, 50.4235076904, 52.4236717224, 267.323577881, 46.6366386414, 92.4099578857, 36.8822135925, 24.7928256989, 28.8306503296, -7.82593584061, 8.85845088959, 20.2592926025], [-4.4184179306, -145.816543579, 127.920204163, 67.886428833, 46.6366386414, 173.872055054, 48.4127006531, 25.6233215332, 10.2882499695, -8.49002170563, -19.8834190369, 23.009513855, 9.45940685272], [-259.611816406, 105.141548157, -58.8539276123, 48.1007156372, 92.4099578857, 48.4127006531, 172.539520264, 49.4657402039, 37.2991294861, 6.64043045044, 2.24395799637, 14.1292705536, 48.1573486328], [-145.890472412, -30.708940506, -5.49999380112, -1.33669781685, 36.8822135925, 25.6233215332, 49.4657402039, 95.3858718872, 33.8435897827, 24.1778812408, 1.66799664497, -2.7010602951, 9.9268951416], [-262.612182617, 64.9983139038, 15.9494724274, 2.04238533974, 24.7928256989, 10.2882499695, 37.2991294861, 33.8435897827, 98.4473266602, 34.0414352417, 15.9133195877, -4.75453853607, 2.40579795837], [29.5033378601, -62.1866607666, -58.7383613586, 5.93186330795, 28.8306503296, -8.49002170563, 6.64043045044, 24.1778812408, 34.0414352417, 94.7445602417, 31.8900814056, -4.98888587952, -4.7105255127], [-179.788589478, 91.9745254517, -44.7680778503, -0.329692572355, -7.82593584061, -19.8834190369, 2.24395799637, 1.66799664497, 15.9133195877, 31.8900814056, 104.149482727, 16.1023788452, 6.52907943726], [-89.1156768799, -58.8092193604, 19.0881481171, -17.0512256622, 8.85845088959, 23.009513855, 14.1292705536, -2.7010602951, -4.75453853607, -4.98888587952, 16.1023788452, 91.9953765869, 36.9032211304], [-167.897247314, 69.3721542358, -97.1133041382, -13.6707658768, 20.2592926025, 9.45940685272, 48.1573486328, 9.9268951416, 2.40579795837, -4.7105255127, 6.52907943726, 36.9032211304, 106.613754272]], "mean": [-26.1835460663, 67.7638168335, -111.734390259, 44.0612411499, -54.8891296387, 15.4794788361, -25.7800731659, 11.6954431534, -24.4790897369, 7.8861322403, -16.3499069214, 4.81081867218, -8.21093654633], "icov": [[6.46277258056e-05, -0.000105092200101, 0.000111462722998, -0.000163596239872, 0.00019824723131, -0.000156254958711, 0.000123059435282, -6.85746636009e-05, 0.000191901141079, -0.000244518072577, 0.000298388855299, -0.000200199705432, 0.000213592429645], [-0.000105092200101, 0.00130655919202, -0.000359789963113, 0.000280295411358, -0.000692756962962, 0.00139725406189, -0.000965601124335, 0.000793203362264, -0.00123086071108, 0.00193534954451, -0.00184189924039, 0.00162337406073, -0.00127330527175], [0.000111462722998, -0.000359789963113, 0.00147402763832, -1.37792803798e-05, -7.36440124456e-05, -0.00143740675412, 0.00100076722447, -0.000218901084736, -0.000187964760698, 0.000346535147401, 0.000822579837404, -0.00108264910523, 0.00180434342474], [-0.000163596239872, 0.000280295411358, -1.37792803798e-05, 0.0042977691628, -0.000957092270255, -0.00133720634039, -0.0013098315103, 0.00126721418928, -0.000168820886756, 0.000473569903988, -0.00122646929231, 0.00154056283645, 0.000439288443886], [0.00019824723131, -0.000692756962962, -7.36440124456e-05, -0.000957092270255, 0.00582585483789, -0.000926982786041, -0.00195946986787, -0.00070225255331, 0.00134463410359, -0.00329237896949, 0.00218315375969, -0.00119474588428, 0.00060287269298], [-0.000156254958711, 0.00139725406189, -0.00143740675412, -0.00133720634039, -0.000926982786041, 0.00982083473355, -0.00248650903814, -0.000791642058175, -0.00131299486384, 0.00225421017967, -0.000578632287215, -0.00031397989369, -0.00186103710439], [0.000123059435282, -0.000965601124335, 0.00100076722447, -0.0013098315103, -0.00195946986787, -0.00248650903814, 0.0111416187137, -0.00383633375168, -0.00175039772876, 0.000689970504027, 0.00108914938755, -0.0013901918428, -0.00203227368183], [-6.85746636009e-05, 0.000793203362264, -0.000218901084736, 0.00126721418928, -0.00070225255331, -0.000791642058175, -0.00383633375168, 0.0148540986702, -0.00332318549044, -0.0015966319479, -0.000557077059057, 0.0021816692315, -0.000824147311505], [0.000191901141079, -0.00123086071108, -0.000187964760698, -0.000168820886756, 0.00134463410359, -0.00131299486384, -0.00175039772876, -0.00332318549044, 0.015064727515, -0.00618894677609, 0.000859811727423, -0.000480838847579, 0.00137170322705], [-0.000244518072577, 0.00193534954451, 0.000346535147401, 0.000473569903988, -0.00329237896949, 0.00225421017967, 0.000689970504027, -0.0015966319479, -0.00618894677609, 0.0182837303728, -0.00682328548282, 0.00271514360793, -0.000579833751544], [0.000298388855299, -0.00184189924039, 0.000822579837404, -0.00122646929231, 0.00218315375969, -0.000578632287215, 0.00108914938755, -0.000557077059057, 0.000859811727423, -0.00682328548282, 0.0147761171684, -0.00527218962088, 0.00205594743602], [-0.000200199705432, 0.00162337406073, -0.00108264910523, 0.00154056283645, -0.00119474588428, -0.00031397989369, -0.0013901918428, 0.0021816692315, -0.000480838847579, 0.00271514360793, -0.00527218962088, 0.0164343006909, -0.00671538989991], [0.000213592429645, -0.00127330527175, 0.00180434342474, 0.000439288443886, 0.00060287269298, -0.00186103710439, -0.00203227368183, -0.000824147311505, 0.00137170322705, -0.000579833751544, 0.00205594743602, -0.00671538989991, 0.0154316863045]]}, "spectral_complexity": {"dmean": 4.05343866348, "dmean2": 6.15769863129, "max": 63, "dvar": 29.2686138153, "mean": 17.3605365753, "dvar2": 54.8608207703, "min": 0, "var": 143.132659912, "median": 15}, "spectral_flux": {"dmean": 0.0287171956152, "dmean2": 0.0415959991515, "max": 0.380366206169, "dvar": 0.0011284481734, "mean": 0.0815365165472, "dvar2": 0.00208543497138, "min": 6.69820796051e-11, "var": 0.00326095917262, "median": 0.0706872791052}, "spectral_energyband_low": {"dmean": 0.00661136535928, "dmean2": 0.00964004453272, "max": 0.176444649696, "dvar": 0.000179024471436, "mean": 0.00999498274177, "dvar2": 0.000356395292329, "min": 4.12489719096e-23, "var": 0.000296970945783, "median": 0.00359662156552}, "spectral_decrease": {"dmean": 2.37278929838e-09, "dmean2": 3.41238459711e-09, "max": 9.82643170264e-18, "dvar": 1.43640029175e-17, "mean": -5.38607780598e-09, "dvar2": 2.85765027428e-17, "min": -4.99342434068e-08, "var": 3.05281692236e-17, "median": -3.95594712543e-09}, "barkbands_spread": {"dmean": 9.27717685699, "dmean2": 14.6253442764, "max": 150.035964966, "dvar": 144.536956787, "mean": 31.7760734558, "dvar2": 332.170135498, "min": 0.686383128166, "var": 322.982421875, "median": 30.8915538788}, "spectral_rms": {"dmean": 0.000891023606528, "dmean2": 0.00123226584401, "max": 0.0136673226953, "dvar": 1.14143858809e-06, "mean": 0.0041395323351, "dvar2": 2.09930476558e-06, "min": 3.16406124391e-12, "var": 4.89697094963e-06, "median": 0.00408120173961}, "spectral_centroid": {"dmean": 353.380096436, "dmean2": 563.679504395, "max": 10770.5283203, "dvar": 205808.71875, "mean": 1970.46105957, "dvar2": 489131.09375, "min": 236.506286621, "var": 725733.0625, "median": 2060.83300781}, "barkbands_skewness": {"dmean": 0.689666628838, "dmean2": 1.02768492699, "max": 20.9296398163, "dvar": 0.820193231106, "mean": 1.30845415592, "dvar2": 1.63717937469, "min": -2.42942070961, "var": 2.86499667168, "median": 0.929359674454}, "spectral_rolloff": {"dmean": 970.302185059, "dmean2": 1637.85058594, "max": 18583.1542969, "dvar": 2466714, "mean": 2432.1496582, "dvar2": 5718704.5, "min": 64.599609375, "var": 5713022.5, "median": 1894.921875}, "erbbands_spread": {"dmean": 10.6490926743, "dmean2": 16.2706336975, "max": 179.325027466, "dvar": 179.117858887, "mean": 44.1725654602, "dvar2": 398.282165527, "min": 2.17354369164, "var": 459.046417236, "median": 40.6457824707}, "barkbands": {"dmean": [0.000115560353152, 0.00521513214335, 0.00248542730696, 0.00110899563879, 0.00123448728118, 0.000505278701894, 0.000379282573704, 0.000348022411345, 0.000528648030013, 0.00039206224028, 0.000545258808415, 0.0002863703412, 0.00026043120306, 0.000235563347815, 0.000197445202502, 0.000466220109956, 0.000226286516408, 0.000182038813364, 0.000274374440778, 0.000309816387016, 0.000336347933626, 0.000276752281934, 0.000311987474561, 0.000146748410771, 9.13838448469e-05, 7.35366702429e-05, 1.10329565359e-05], "dmean2": [0.000169090708368, 0.00774294789881, 0.00430763186887, 0.00199845409952, 0.00214736163616, 0.000827771786135, 0.000643105129711, 0.000570429489017, 0.000801353889983, 0.000601427862421, 0.000787115015555, 0.000450702151284, 0.000414364039898, 0.000381967140129, 0.000317163445288, 0.000753063533921, 0.000360416859621, 0.000288668350549, 0.000441712705651, 0.000488296558615, 0.000538002874237, 0.000445246580057, 0.00049901753664, 0.00022452090343, 0.000140481279232, 0.000120402495668, 1.78983318619e-05], "max": [0.0035565989092, 0.141144528985, 0.109089426696, 0.0527036041021, 0.0633875355124, 0.0147222671658, 0.0207266267389, 0.0208675377071, 0.0716792717576, 0.0291661862284, 0.0611249059439, 0.0201103184372, 0.0109229078516, 0.0109359985217, 0.00922489445657, 0.0248344335705, 0.0165791045874, 0.00637409463525, 0.00755633972585, 0.00768555607647, 0.00819688290358, 0.00678908312693, 0.00780587177724, 0.00398396654055, 0.0025918527972, 0.00399926211685, 0.000665123283397], "dvar": [4.61074058933e-08, 0.000138852075906, 4.48424834758e-05, 9.81158700597e-06, 7.23356606613e-06, 8.82081735654e-07, 8.19370654881e-07, 9.51214303768e-07, 3.15707961818e-06, 1.49871834765e-06, 2.48054357144e-06, 5.04847605498e-07, 3.11937043307e-07, 3.32037643602e-07, 2.09424499076e-07, 1.63335243997e-06, 2.93426978715e-07, 1.31705917283e-07, 2.08196624385e-07, 2.61750841446e-07, 3.58097395292e-07, 3.29845647684e-07, 5.11080145316e-07, 1.02866813734e-07, 4.18369232591e-08, 6.07584880186e-08, 1.55776991306e-09], "mean": [0.000174710556166, 0.0068680299446, 0.00239846482873, 0.000978873926215, 0.00164683442563, 0.000889869465027, 0.000560878543183, 0.000522483547684, 0.000988610321656, 0.000637618126348, 0.00121926795691, 0.000440467701992, 0.000414639245719, 0.000350614165654, 0.000343445251929, 0.000698902294971, 0.000389837397961, 0.000331554270815, 0.00053673912771, 0.000632379378658, 0.000604644708801, 0.000317054742482, 0.000308436137857, 0.00015717066708, 9.90491462289e-05, 6.37077100691e-05, 9.2818036137e-06], "dvar2": [9.6575114128e-08, 0.000297295802739, 0.000124354701256, 2.76752143691e-05, 2.01604343602e-05, 2.25757776207e-06, 2.16854573409e-06, 2.50880816566e-06, 7.05032152837e-06, 3.16199793815e-06, 4.55935105492e-06, 1.16987814636e-06, 7.54732354835e-07, 8.50047626955e-07, 5.15146894031e-07, 4.00407088819e-06, 7.05481738805e-07, 3.19571341834e-07, 5.06805292844e-07, 6.36892536932e-07, 8.88385727649e-07, 7.92038122199e-07, 1.1790065173e-06, 2.22329717303e-07, 1.01508220496e-07, 1.62052259611e-07, 4.18184820106e-09], "min": [1.57877671469e-24, 4.50425101284e-24, 2.37196669134e-24, 8.46211960778e-24, 2.12765284023e-23, 4.33556691332e-23, 2.69147918156e-23, 2.85502897987e-23, 7.06433523432e-23, 4.88321340193e-23, 4.52700073582e-23, 5.19344305033e-23, 9.87021628653e-23, 1.26111406385e-22, 5.73117103301e-23, 1.09825379308e-22, 1.17750503154e-22, 2.18786722422e-22, 1.91984939664e-22, 2.3162013882e-22, 3.46020949243e-22, 3.96918381066e-22, 5.36005009486e-22, 8.26394730387e-22, 1.18010451124e-21, 1.71561520155e-21, 2.54334693126e-21], "var": [8.8884547722e-08, 0.000193095271243, 3.21892985085e-05, 6.94234267939e-06, 6.70764620736e-06, 1.69511474724e-06, 1.239901394e-06, 1.27340706513e-06, 6.1727555476e-06, 3.59483192369e-06, 1.42070175571e-05, 9.53107075929e-07, 5.88988598338e-07, 5.21670074249e-07, 5.71688531181e-07, 2.74164767688e-06, 6.85010945745e-07, 2.70330588137e-07, 5.15802526024e-07, 6.83173936977e-07, 7.05904994902e-07, 3.51344425553e-07, 5.16760167102e-07, 1.17897506868e-07, 4.17958396781e-08, 4.34898659307e-08, 1.11031783767e-09], "median": [6.52291491861e-05, 0.00191753625404, 0.000687908381224, 0.000237048152485, 0.000866977847181, 0.000429390871432, 0.00019655644428, 0.000158283481142, 0.000242419380811, 0.000121015968034, 0.00015750611783, 0.000122773592011, 0.000108920794446, 8.00695925136e-05, 7.72880375735e-05, 0.000115017595817, 0.00010167430446, 0.000142728211358, 0.000189065744053, 0.000250772573054, 0.000210585349123, 0.000102274862002, 5.8101137256e-05, 3.05466091959e-05, 2.33698610828e-05, 9.27812925511e-06, 1.02483227238e-06]}, "melbands_kurtosis": {"dmean": 12.3747806549, "dmean2": 18.8354244232, "max": 834.990783691, "dvar": 1076.55310059, "mean": 18.1425266266, "dvar2": 2317.69580078, "min": -1.89503538609, "var": 2030.09387207, "median": 5.07357978821}, "erbbands_crest": {"dmean": 2.27248167992, "dmean2": 3.6094584465, "max": 31.2818584442, "dvar": 5.5094294548, "mean": 8.35021400452, "dvar2": 12.2715368271, "min": 2.22776675224, "var": 24.181224823, "median": 6.66201543808}, "melbands_skewness": {"dmean": 0.980715990067, "dmean2": 1.46010458469, "max": 22.1268424988, "dvar": 1.77894699574, "mean": 2.74772429466, "dvar2": 3.68034887314, "min": -1.54475021362, "var": 5.90199947357, "median": 2.07634663582}, "spectral_energyband_middle_low": {"dmean": 0.0031355204992, "dmean2": 0.00525151705369, "max": 0.121862202883, "dvar": 4.04631209676e-05, "mean": 0.00585601292551, "dvar2": 0.00010911434947, "min": 2.71143711002e-22, "var": 4.69252991024e-05, "median": 0.00396260339767}, "spectral_contrast_coeffs": {"dmean": [0.0540602356195, 0.0433386899531, 0.0404117703438, 0.0354389548302, 0.0283883903176, 0.0260127820075], "dmean2": [0.0875242426991, 0.0708318427205, 0.0637717619538, 0.0565580539405, 0.0437938086689, 0.039699818939], "max": [-0.320586621761, -0.474603682756, -0.389224737883, -0.427236050367, -0.455853223801, -0.468599319458], "dvar": [0.00223178858869, 0.00129117676988, 0.00118081690744, 0.00101483927574, 0.000720106239896, 0.000643041625153], "mean": [-0.70240098238, -0.751405835152, -0.742887973785, -0.752997815609, -0.766623139381, -0.734641194344], "dvar2": [0.00561729865149, 0.00334779755212, 0.00280937645584, 0.00232704821974, 0.00154315819964, 0.00146831339225], "min": [-0.961027443409, -0.964726984501, -0.974782407284, -0.959459245205, -0.962231755257, -0.960441052914], "var": [0.00622732704505, 0.00525064300746, 0.00760400202125, 0.00554449204355, 0.00451479060575, 0.00341016799212], "median": [-0.706294476986, -0.754906177521, -0.755026936531, -0.758350908756, -0.776597678661, -0.733990371227]}, "spectral_contrast_valleys": {"dmean": [0.388936936855, 0.376471608877, 0.342096894979, 0.35348495841, 0.359434008598, 0.556492567062], "dmean2": [0.620050430298, 0.602377355099, 0.537352919579, 0.541998207569, 0.512464344501, 0.657558381557], "max": [-5.05323266983, -4.71727561951, -5.28366327286, -5.61311483383, -5.32708787918, -7.53996229172], "dvar": [0.13123215735, 0.135913103819, 0.114496335387, 0.149908170104, 0.176788270473, 0.366926014423], "mean": [-7.4606757164, -7.32961750031, -7.93904876709, -8.34094047546, -7.86591959, -10.3244314194], "dvar2": [0.292146861553, 0.320743113756, 0.249117851257, 0.300775080919, 0.349624305964, 0.608588457108], "min": [-27.0364933014, -27.5750789642, -27.2275009155, -27.4169769287, -27.1668319702, -27.243221283], "var": [2.61892700195, 2.3837685585, 2.25416684151, 2.29638719559, 2.45066165924, 2.51113200188], "median": [-7.08994579315, -7.00752782822, -7.62517595291, -8.03604221344, -7.52995920181, -10.1257152557]}, "silence_rate_20dB": {"dmean": 0, "dmean2": 0, "max": 1, "dvar": 0, "mean": 1, "dvar2": 0, "min": 1, "var": 0, "median": 1}, "silence_rate_30dB": {"dmean": 0.00905241630971, "dmean2": 0.0181061550975, "max": 1, "dvar": 0.00897107366472, "mean": 0.994306147099, "dvar2": 0.0247866455466, "min": 0, "var": 0.00566024985164, "median": 1}, "spectral_strongpeak": {"dmean": 0.557441711426, "dmean2": 0.944564759731, "max": 10.7050132751, "dvar": 1.1003484726, "mean": 0.924392819405, "dvar2": 2.8063378334, "min": 0, "var": 2.02725529671, "median": 0.301466822624}, "spectral_spread": {"dmean": 817400.1875, "dmean2": 1119671.5, "max": 41475748, "dvar": 1069385252860.0, "mean": 5068240, "dvar2": 2024552529920.0, "min": 1114841.625, "var": 3420372860930.0, "median": 4497990.5}, "barkbands_flatness_db": {"dmean": 0.0248762816191, "dmean2": 0.0367068275809, "max": 0.395241826773, "dvar": 0.000686126528308, "mean": 0.114143319428, "dvar2": 0.00140749954153, "min": 0.0161128863692, "var": 0.0028778470587, "median": 0.102396503091}, "pitch_salience": {"dmean": 0.0897870138288, "dmean2": 0.142598584294, "max": 0.935423135757, "dvar": 0.00796680804342, "mean": 0.529209256172, "dvar2": 0.0185234583914, "min": 0.0500777438283, "var": 0.0209760144353, "median": 0.544941544533}, "erbbands_kurtosis": {"dmean": 0.843486428261, "dmean2": 1.35555136204, "max": 45.9796257019, "dvar": 2.38784718513, "mean": 0.182072475553, "dvar2": 5.47664165497, "min": -1.86112535, "var": 5.12751865387, "median": -0.415992349386}, "average_loudness": 0.749778926373, "barkbands_crest": {"dmean": 2.9850320816, "dmean2": 4.61972236633, "max": 26.0354309082, "dvar": 8.37457942963, "mean": 10.0696229935, "dvar2": 17.1292171478, "min": 1.96112895012, "var": 27.5213317871, "median": 8.78422355652}, "hfc": {"dmean": 11.9716463089, "dmean2": 17.9956474304, "max": 218.5128479, "dvar": 416.210968018, "mean": 24.8635444641, "dvar2": 930.588500977, "min": 1.15289800035e-16, "var": 764.769775391, "median": 16.3454647064}, "barkbands_kurtosis": {"dmean": 3.97823667526, "dmean2": 6.09449338913, "max": 480.207489014, "dvar": 138.834243774, "mean": 4.55850505829, "dvar2": 277.427703857, "min": -1.95052957535, "var": 252.248596191, "median": 0.271586447954}, "erbbands": {"dmean": [0.125181943178, 1.3160097599, 2.81215405464, 3.35283184052, 3.61540341377, 4.74375772476, 4.10872268677, 4.28014707565, 4.74022960663, 7.10190629959, 6.55089235306, 11.930100441, 13.0417966843, 17.2840614319, 15.7786493301, 10.8480186462, 11.1335964203, 11.7051076889, 9.72947597504, 15.1782522202, 21.5756149292, 12.629488945, 9.93902301788, 12.723777771, 13.9045963287, 13.5351600647, 13.9569702148, 13.0540723801, 10.1370944977, 9.45102119446, 8.7680606842, 3.90706253052, 2.1596095562, 1.06962919235, 0.631659567356, 0.362099319696, 0.125961720943, 0.0280419029295, 0.00152477424126, 3.79797675123e-05], "dmean2": [0.182782933116, 1.99786102772, 4.64963579178, 5.92846107483, 6.45927381516, 8.23320674896, 6.86567306519, 6.95897293091, 8.04257106781, 11.767449379, 10.559592247, 17.9878978729, 19.8146095276, 25.8697986603, 23.6222801208, 17.120174408, 17.7158908844, 18.7615470886, 15.5765762329, 24.8688831329, 34.4544029236, 20.0277137756, 15.6548871994, 20.0695915222, 22.4473133087, 21.3311309814, 21.9984149933, 21.2576885223, 16.4618492126, 15.1198835373, 13.9326496124, 6.012362957, 3.33213710785, 1.631077528, 0.994524300098, 0.585878312588, 0.20893765986, 0.0459395684302, 0.00243238406256, 5.68896793993e-05], "max": [3.36998033524, 37.8665008545, 106.745361328, 147.545913696, 228.214889526, 179.833496094, 129.902801514, 188.533737183, 167.256072998, 317.4480896, 535.08416748, 1258.52294922, 1156.42468262, 1770.66674805, 1247.62658691, 972.725952148, 536.16583252, 540.274780273, 499.75402832, 662.422912598, 1673.3157959, 1157.76269531, 359.236328125, 426.863861084, 389.536895752, 367.232086182, 354.89440918, 313.139190674, 284.314208984, 254.682022095, 208.960342407, 77.9831237793, 57.3385353088, 22.5564651489, 23.1271038055, 14.0731210709, 8.37099742889, 1.66384327412, 0.0802540928125, 0.00150406057946], "dvar": [0.065429829061, 9.64243793488, 48.869354248, 89.5831756592, 76.3613204956, 105.432929993, 64.471534729, 73.7576446533, 121.238426208, 303.59286499, 339.627716064, 1640.57397461, 1612.60656738, 3143.72167969, 1888.21276855, 796.086669922, 553.006103516, 705.28326416, 520.793457031, 1336.45349121, 4323.82763672, 1047.61206055, 377.61151123, 471.585449219, 619.398132324, 519.509338379, 544.999694824, 715.168273926, 442.6434021, 494.516235352, 384.527435303, 70.5583267212, 21.8219223022, 4.91759443283, 2.51326298714, 1.01490354538, 0.234036445618, 0.0123315509409, 2.52797453868e-05, 9.52690371037e-09], "mean": [0.193494275212, 1.53361046314, 2.99136638641, 3.15217661858, 3.99269366264, 5.98283195496, 6.54309892654, 7.45912504196, 7.47496128082, 11.1013479233, 10.691529274, 23.2037601471, 23.5873413086, 39.6372261047, 31.535905838, 17.8952484131, 19.2089748383, 19.5630340576, 16.9176425934, 25.1191329956, 34.2941246033, 23.0525035858, 19.1027050018, 25.2821540833, 26.6173629761, 28.5924606323, 28.7379608154, 19.7360572815, 12.0994949341, 9.73933696747, 8.66096782684, 4.20595550537, 2.25559425354, 1.18590903282, 0.656152069569, 0.32945510745, 0.104166179895, 0.0235601235181, 0.00131005316507, 5.41574663657e-05], "dvar2": [0.118193723261, 21.3895988464, 125.977676392, 251.320861816, 215.502304077, 293.601104736, 173.449279785, 183.471511841, 334.909454346, 794.275878906, 901.110473633, 3587.39550781, 3295.97265625, 6553.26855469, 4279.27246094, 1919.94763184, 1327.1126709, 1807.32983398, 1305.41210938, 3480.56689453, 10191.0585938, 2511.49243164, 907.613464355, 1099.89941406, 1568.97253418, 1246.70043945, 1288.4630127, 1866.17944336, 1081.51013184, 1145.47900391, 876.135803223, 151.028030396, 48.5846939087, 11.3576288223, 6.40229558945, 2.66217899323, 0.630470752716, 0.0332092791796, 6.64358085487e-05, 2.42939783845e-08], "min": [3.28875429811e-22, 9.29150313018e-22, 5.04355768604e-21, 2.2316541289e-20, 2.07627616721e-20, 5.91769986229e-20, 1.73793373808e-19, 5.35311019088e-19, 5.03973281582e-19, 3.51392476368e-19, 8.02838910173e-19, 1.59614621815e-18, 1.75883248211e-18, 1.731633336e-18, 2.24731220553e-18, 1.97147414782e-18, 4.52835766362e-18, 5.86184270782e-18, 4.38313039065e-18, 3.48280054217e-18, 6.34538023387e-18, 6.30778859734e-18, 1.17356133601e-17, 1.02989966779e-17, 9.14202577254e-18, 1.00729439329e-17, 1.42552667173e-17, 1.19464294382e-17, 1.344820231e-17, 1.28185152046e-17, 1.6613381627e-17, 1.6084086951e-17, 1.33640780417e-17, 1.10839670909e-17, 8.18132001114e-18, 5.88904619662e-18, 2.95854505046e-18, 1.43154151555e-18, 3.38762979378e-19, 3.63064918927e-20], "var": [0.128176987171, 11.4732294083, 41.9221076965, 64.5602111816, 61.0443916321, 99.8073883057, 92.939704895, 151.49307251, 164.565231323, 476.667114258, 433.488800049, 3616.48681641, 3635.4855957, 15458.5878906, 6032.65234375, 1280.69995117, 1081.49328613, 1174.58776855, 1095.66455078, 2233.01000977, 6750.95166016, 2495.89086914, 807.650695801, 1210.4609375, 1322.93383789, 1408.3885498, 1478.14355469, 900.006591797, 474.566802979, 501.340179443, 396.894805908, 82.1854248047, 23.9862194061, 5.48886680603, 2.18684482574, 0.77631521225, 0.161082819104, 0.00860297493637, 1.89625861822e-05, 8.7808302851e-09], "median": [0.054003123194, 0.406553030014, 0.964183807373, 0.8537940979, 1.71370315552, 2.80406212807, 3.32311868668, 3.34385418892, 3.12226128578, 3.61469388008, 4.44063282013, 5.87330055237, 5.8665895462, 5.18307590485, 6.56089878082, 6.41736650467, 6.40992212296, 6.42383337021, 5.24538755417, 7.0434794426, 8.07563018799, 7.10535001755, 9.41535282135, 9.83204555511, 10.3856582642, 11.0920419693, 10.6912250519, 6.64863395691, 4.09438467026, 2.37160229683, 1.62243688107, 0.833393931389, 0.423624187708, 0.265872329473, 0.156675323844, 0.0596011430025, 0.011151609011, 0.00294166104868, 0.000150343155838, 2.92950790026e-05]}, "spectral_energy": {"dmean": 0.00971198175102, "dmean2": 0.0138053148985, "max": 0.191465601325, "dvar": 0.000218347355258, "mean": 0.0225835442543, "dvar2": 0.000432822387666, "min": 1.0261565663e-20, "var": 0.000494360632729, "median": 0.0170726105571}, "zerocrossingrate": {"dmean": 0.0170730184764, "dmean2": 0.0204820390791, "max": 0.56982421875, "dvar": 0.00038545721327, "mean": 0.0819141641259, "dvar2": 0.000493275525514, "min": 0.0029296875, "var": 0.00348708243109, "median": 0.07421875}, "spectral_energyband_high": {"dmean": 0.00126966659445, "dmean2": 0.00197445880622, "max": 0.0204102993011, "dvar": 5.15007104696e-06, 